data/oxygen options/OCNMS/OCNMS1/raw_data/2020/CAST_MB015_200910faed.cnv
* Sea-Bird SBE 19 Data File:
* FileName = C:\2020 Mooring Data\Casts\CAST_MB015_200910.hex
* Software Version SeatermAF 2.1.2
* Temperature SN = 2997
* Conductivity SN = 2997
* System UpLoad Time = Sep 10 2020 21:24:26 (localtime) = Sep 10 2020 21:24:26 (UTC)
** CAST_MB015_200910
* ds
# nquan = 9                                 
# nvalues = 790                         
# units = specified
# name 0 = timeJ: Julian Days
# name 1 = prSM: Pressure, Strain Gauge [db]
# name 2 = c0mS/cm: Conductivity [mS/cm]
# name 3 = t090C: Temperature [ITS-90, deg C]
# name 4 = sbeox0ML/L: Oxygen, SBE 43 [ml/l]
# name 5 = depSM: Depth [salt water, m], lat = 47.5
# name 6 = sal00: Salinity, Practical [PSU]
# name 7 = sigma-é00: Density [sigma-theta, kg/m^3]
# name 8 = flag: flag
# span 0 = 254.859676, 254.864242       
# span 1 =     -4.854,     16.326       
# span 2 =   0.436311,  39.204940       
# span 3 =     8.5270,    21.5129       
# span 4 =    -1.6944,    14.6995       
# span 5 =     -4.814,     16.189       
# span 6 =     0.2299,    35.0168       
# span 7 =    -1.8742,    26.8204       
# span 8 = 0.0000e+00, 0.0000e+00       
# interval = seconds: 0.5
# start_time = Sep 10 2020 20:37:56 [Instrument's time stamp, header]
# bad_flag = -9.990e-29
*END*
[from data line 481]
 254.862459      1.126  36.716125    10.7492     6.4722      1.117    32.9107    25.1930 -9.990e-29
 254.862465      1.129  36.708666    10.7378     6.4492      1.120    32.9136    25.1972 -9.990e-29
 254.862471      1.125  36.710738    10.7431     6.4570      1.116    32.9109    25.1942 -9.990e-29
 254.862477      1.114  36.711652    10.7597     6.4593      1.105    32.8968    25.1803 -9.990e-29
 254.862483      1.103  36.708138    10.7732     6.4658      1.094    32.8812    25.1658 -9.990e-29
 254.862488      1.096  36.703355    10.7726     6.4654      1.087    32.8770    25.1626 -9.990e-29
 254.862494      1.093  36.697634    10.7582     6.4663      1.084    32.8842    25.1708 -9.990e-29
 254.862500      1.093  36.693961    10.7445     6.4622      1.084    32.8929    25.1799 -9.990e-29
 254.862506      1.097  36.698610    10.7488     6.4440      1.088    32.8936    25.1798 -9.990e-29
 254.862512      1.104  36.719984    10.7727     6.4225      1.095    32.8934    25.1754 -9.990e-29
 254.862517      1.111  36.751239    10.7916     6.3845      1.102    32.9076    25.1831 -9.990e-29
 254.862523      1.114  36.758920    10.7877     6.3750      1.105    32.9187    25.1925 -9.990e-29
 254.862529      1.117  36.735309    10.7718     6.3764      1.108    32.9095    25.1881 -9.990e-29
 254.862535      1.125  36.713344    10.7598     6.3721      1.116    32.8984    25.1816 -9.990e-29
 254.862541      1.135  36.705732    10.7537     6.3922      1.126    32.8963    25.1810 -9.990e-29
 254.862546      1.141  36.688838    10.7436     6.4164      1.131    32.8886    25.1767 -9.990e-29
 254.862552      1.146  36.656912    10.7256     6.4518      1.136    32.8729    25.1677 -9.990e-29
 254.862558      1.145  36.639081    10.7088     6.4668      1.135    32.8702    25.1685 -9.990e-29
 254.862564      1.137  36.651326    10.7067     6.4472      1.128    32.8844    25.1799 -9.990e-29
 254.862569      1.131  36.670146    10.7146     6.4245      1.122    32.8960    25.1876 -9.990e-29
 254.862575      1.131  36.663440    10.7120     6.4050      1.122    32.8917    25.1846 -9.990e-29
 254.862581      1.136  36.638484    10.7028     6.3941      1.127    32.8750    25.1733 -9.990e-29
 254.862587      1.148  36.632584    10.7033     6.4080      1.138    32.8687    25.1683 -9.990e-29
 254.862593      1.163  36.663614    10.7120     6.3937      1.153    32.8918    25.1848 -9.990e-29
 254.862598      1.172  36.700060    10.7144     6.4466      1.162    32.9260    25.2110 -9.990e-29
 254.862604      1.177  36.697459    10.6967     6.4915      1.167    32.9394    25.2245 -9.990e-29
 254.862610      1.182  36.650631    10.6708     6.5576      1.172    32.9160    25.2108 -9.990e-29
 254.862616      1.187  36.602460    10.6635     6.6069      1.177    32.8744    25.1797 -9.990e-29
 254.862622      1.193  36.608605    10.6896     6.5660      1.183    32.8571    25.1616 -9.990e-29
 254.862627      1.200  36.662090    10.7394     6.6127      1.190    32.8656    25.1596 -9.990e-29
 254.862633      1.209  36.711463    10.7793     6.6029      1.199    32.8790    25.1630 -9.990e-29
 254.862639      1.216  36.754160    10.8034     6.5961      1.206    32.8998    25.1750 -9.990e-29
 254.862645      1.217  36.795530    10.8329     6.5933      1.207    32.9145    25.1813 -9.990e-29
 254.862650      1.216  36.815612    10.8565     6.5766      1.206    32.9132    25.1762 -9.990e-29
 254.862656      1.218  36.824896    10.8601     6.5893      1.208    32.9192    25.1802 -9.990e-29
 254.862662      1.222  36.836855    10.8579     6.5657      1.212    32.9331    25.1914 -9.990e-29
 254.862668      1.230  36.852836    10.8640     6.5535      1.220    32.9435    25.1984 -9.990e-29
 254.862674      1.236  36.862730    10.8758     6.5411      1.226    32.9427    25.1957 -9.990e-29
 254.862679      1.243  36.851670    10.8830     6.5390      1.233    32.9253    25.1809 -9.990e-29
 254.862685      1.254  36.841867    10.8874     6.5582      1.244    32.9116    25.1694 -9.990e-29
 254.862691      1.265  36.850482    10.8931     6.5611      1.254    32.9150    25.1711 -9.990e-29
 254.862697      1.273  36.859826    10.8897     6.5338      1.262    32.9273    25.1813 -9.990e-29
 254.862703      1.279  36.844215    10.8719     6.5139      1.268    32.9278    25.1848 -9.990e-29
 254.862708      1.283  36.795693    10.8541     6.5048      1.272    32.8956    25.1628 -9.990e-29
 254.862714      1.286  36.761614    10.8535     6.4900      1.275    32.8622    25.1370 -9.990e-29
 254.862720      1.287  36.785048    10.8686     6.5087      1.276    32.8720    25.1419 -9.990e-29
 254.862726      1.287  36.835557    10.8849     6.5549      1.276    32.9075    25.1667 -9.990e-29
 254.862731      1.285  36.862762    10.8884     6.5651      1.274    32.9314    25.1847 -9.990e-29
 254.862737      1.281  36.844626    10.8715     6.6032      1.270    32.9286    25.1855 -9.990e-29
 254.862743      1.276  36.782156    10.8475     6.6522      1.265    32.8880    25.1581 -9.990e-29
 254.862749      1.268  36.727088    10.8461     6.6673      1.257    32.8345    25.1167 -9.990e-29
 254.862755      1.262  36.746623    10.8770     6.6818      1.251    32.8262    25.1048 -9.990e-29
 254.862760      1.262  36.812969    10.9150     6.6649      1.251    32.8581    25.1229 -9.990e-29
 254.862766      1.262  36.864359    10.9347     6.6146      1.251    32.8914    25.1454 -9.990e-29
 254.862772      1.260  36.914927    10.9347     6.5452      1.249    32.9416    25.1845 -9.990e-29
 254.862778      1.259  36.941281    10.9361     6.4627      1.248    32.9665    25.2037 -9.990e-29
 254.862784      1.263  36.912957    10.9573     6.4252      1.252    32.9194    25.1632 -9.990e-29
 254.862789      1.269  36.899759    10.9802     6.4008      1.258    32.8857    25.1330 -9.990e-29
 254.862795      1.271  36.908153    10.9819     6.4060      1.260    32.8925    25.1380 -9.990e-29
 254.862801      1.272  36.888778    10.9594     6.4166      1.261    32.8935    25.1427 -9.990e-29
 254.862807      1.270  36.830906    10.9040     6.3698      1.259    32.8858    25.1464 -9.990e-29
 254.862812      1.269  36.732436    10.8157     6.4219      1.258    32.8671    25.1474 -9.990e-29
 254.862818      1.275  36.631846    10.7315     6.4463      1.264    32.8426    25.1430 -9.990e-29
 254.862824      1.283  36.592240    10.7006     6.4466      1.272    32.8308    25.1392 -9.990e-29
 254.862830      1.289  36.630809    10.7229     6.4465      1.278    32.8492    25.1497 -9.990e-29
 254.862836      1.293  36.693569    10.7432     6.3787      1.282    32.8936    25.1807 -9.990e-29
 254.862841      1.297  36.706686    10.7315     6.4101      1.286    32.9172    25.2011 -9.990e-29
 254.862847      1.300  36.685945    10.7076     6.4329      1.289    32.9180    25.2059 -9.990e-29
 254.862853      1.302  36.673718    10.6925     6.4479      1.291    32.9194    25.2097 -9.990e-29
 254.862859      1.304  36.668234    10.6917     6.4565      1.293    32.9147    25.2061 -9.990e-29
 254.862865      1.305  36.672228    10.6975     6.4650      1.294    32.9134    25.2041 -9.990e-29
 254.862870      1.306  36.664090    10.6917     6.5111      1.295    32.9105    25.2029 -9.990e-29
 254.862876      1.306  36.635177    10.6706     6.5564      1.295    32.9007    25.1989 -9.990e-29
 254.862882      1.306  36.623686    10.6491     6.5909      1.295    32.9086    25.2087 -9.990e-29
 254.862888      1.306  36.646765    10.6414     6.6045      1.295    32.9386    25.2335 -9.990e-29
 254.862894      1.306  36.678548    10.6489     6.6197      1.295    32.9636    25.2516 -9.990e-29
 254.862899      1.306  36.703650    10.6677     6.6175      1.295    32.9717    25.2547 -9.990e-29
 254.862905      1.305  36.731407    10.7067     6.6062      1.294    32.9642    25.2421 -9.990e-29
 254.862911      1.304  36.766853    10.7606     6.6318      1.293    32.9510    25.2224 -9.990e-29
 254.862917      1.303  36.795010    10.7974     6.6450      1.292    32.9459    25.2120 -9.990e-29
 254.862922      1.301  36.805198    10.8068     6.6500      1.290    32.9476    25.2116 -9.990e-29
 254.862928      1.299  36.812100    10.8074     6.6745      1.288    32.9539    25.2164 -9.990e-29
 254.862934      1.296  36.826015    10.8241     6.6629      1.285    32.9527    25.2126 -9.990e-29
 254.862940      1.292  36.863778    10.8692     6.6720      1.281    32.9497    25.2023 -9.990e-29
 254.862946      1.287  36.902287    10.9219     6.6905      1.276    32.9406    25.1859 -9.990e-29
 254.862951      1.281  36.881888    10.9522     6.7139      1.270    32.8931    25.1437 -9.990e-29
 254.862957      1.276  36.853817    10.9548     6.7328      1.265    32.8629    25.1197 -9.990e-29
 254.862963      1.279  36.883186    10.9480     6.7525      1.268    32.8982    25.1483 -9.990e-29
 254.862969      1.283  36.928986    10.9550     6.7986      1.272    32.9373    25.1776 -9.990e-29
 254.862975      1.286  36.959773    10.9754     6.8074      1.275    32.9496    25.1835 -9.990e-29
 254.862980      1.288  36.965560    10.9985     6.8199      1.277    32.9346    25.1677 -9.990e-29
 254.862986      1.288  36.954589    11.0227     6.8188      1.277    32.9020    25.1381 -9.990e-29
 254.862992      1.286  36.966007    11.0422     6.7736      1.275    32.8958    25.1298 -9.990e-29
 254.862998      1.283  37.008284    11.0506     6.8096      1.272    32.9302    25.1551 -9.990e-29
 254.863003      1.279  37.057053    11.0474     6.7962      1.268    32.9813    25.1954 -9.990e-29
 254.863009      1.276  37.088198    11.0376     6.7839      1.265    33.0210    25.2280 -9.990e-29
 254.863015      1.280  37.101739    11.0355     6.7901      1.269    33.0363    25.2403 -9.990e-29
 254.863021      1.287  37.106729    11.0525     6.6974      1.276    33.0259    25.2293 -9.990e-29
 254.863027      1.292  37.067751    11.0789     6.6892      1.281    32.9636    25.1761 -9.990e-29
 254.863032      1.296  37.018545    11.0952     6.6589      1.285    32.9003    25.1239 -9.990e-29
 254.863038      1.299  37.045356    11.1115     6.6331      1.288    32.9123    25.1303 -9.990e-29
 254.863044      1.302  37.095354    11.1499     6.6357      1.291    32.9273    25.1351 -9.990e-29
 254.863050      1.304  37.070396    11.1958     6.6148      1.293    32.8616    25.0759 -9.990e-29
 254.863056      1.305  36.987611    11.2214     6.6094      1.294    32.7572    24.9900 -9.990e-29
 254.863061      1.306  36.955173    11.2188     6.6086      1.295    32.7275    24.9675 -9.990e-29
 254.863067      1.307  36.981372    11.1910     6.6016      1.296    32.7781    25.0117 -9.990e-29
 254.863073      1.308  36.971085    11.1461     6.6015      1.297    32.8080    25.0430 -9.990e-29
 254.863079      1.308  36.919529    11.1047     6.6022      1.297    32.7940    25.0395 -9.990e-29
 254.863084      1.309  36.901960    11.0860     6.5836      1.298    32.7933    25.0423 -9.990e-29
 254.863090      1.309  36.923493    11.0845     6.5791      1.298    32.8159    25.0601 -9.990e-29
 254.863096      1.309  36.933773    11.0720     6.5469      1.298    32.8372    25.0790 -9.990e-29
 254.863102      1.310  36.924052    11.0366     6.5129      1.299    32.8593    25.1024 -9.990e-29
 254.863108      1.310  36.914407    11.0026     6.4998      1.299    32.8802    25.1247 -9.990e-29
 254.863113      1.310  36.898107    10.9854     6.4945      1.299    32.8794    25.1271 -9.990e-29
 254.863119      1.310  36.864584    10.9707     6.4888      1.299    32.8594    25.1141 -9.990e-29
 254.863125      1.311  36.847564    10.9515     6.4853      1.300    32.8597    25.1178 -9.990e-29
 254.863131      1.311  36.848979    10.9343     6.4736      1.300    32.8765    25.1339 -9.990e-29
 254.863137      1.311  36.837615    10.9160     6.4754      1.300    32.8816    25.1411 -9.990e-29
 254.863142      1.312  36.801646    10.8951     6.4890      1.301    32.8647    25.1316 -9.990e-29
 254.863148      1.312  36.749681    10.8841     6.4989      1.301    32.8229    25.1010 -9.990e-29
 254.863154      1.313  36.725047    10.8869     6.4784      1.302    32.7959    25.0795 -9.990e-29
 254.863160      1.313  36.743057    10.8898     6.4555      1.302    32.8112    25.0909 -9.990e-29
 254.863166      1.314  36.761555    10.8822     6.4326      1.303    32.8364    25.1118 -9.990e-29
 254.863171      1.316  36.759220    10.8675     6.4300      1.305    32.8472    25.1229 -9.990e-29
 254.863177      1.317  36.746737    10.8539     6.4167      1.306    32.8470    25.1251 -9.990e-29
 254.863183      1.319  36.732658    10.8503     6.4142      1.308    32.8363    25.1173 -9.990e-29
 254.863189      1.322  36.724309    10.8559     6.3959      1.311    32.8229    25.1060 -9.990e-29
 254.863194      1.325  36.713838    10.8457     6.3866      1.314    32.8217    25.1068 -9.990e-29
 254.863200      1.330  36.676377    10.8071     6.3945      1.319    32.8190    25.1115 -9.990e-29
 254.863206      1.335  36.626371    10.7673     6.3407      1.324    32.8049    25.1075 -9.990e-29
 254.863212      1.343  36.618139    10.7500     6.3794      1.332    32.8122    25.1162 -9.990e-29
 254.863218      1.352  36.645676    10.7389     6.3743      1.341    32.8497    25.1472 -9.990e-29
 254.863223      1.364  36.648111    10.7062     6.3929      1.353    32.8815    25.1777 -9.990e-29
 254.863229      1.380  36.606212    10.6544     6.4125      1.368    32.8863    25.1905 -9.990e-29
 254.863235      1.399  36.549240    10.6077     6.3742      1.387    32.8714    25.1870 -9.990e-29
 254.863241      1.425  36.518295    10.5800     6.3657      1.413    32.8654    25.1871 -9.990e-29
 254.863247      1.458  36.525846    10.5684     6.3184      1.446    32.8834    25.2031 -9.990e-29
 254.863252      1.500  36.546583    10.5645     6.2653      1.487    32.9077    25.2227 -9.990e-29
 254.863258      1.554  36.554850    10.5565     6.1961      1.541    32.9232    25.2361 -9.990e-29
 254.863264      1.624  36.543115    10.5326     6.0992      1.610    32.9330    25.2479 -9.990e-29
 254.863270      1.714  36.514724    10.4936     6.0132      1.700    32.9397    25.2599 -9.990e-29
 254.863275      1.829  36.485564    10.4547     5.9067      1.814    32.9456    25.2712 -9.990e-29
 254.863281      1.978  36.473292    10.4297     5.8236      1.961    32.9559    25.2835 0.0000e+00
 254.863287      2.156  36.473246    10.4183     5.7548      2.138    32.9661    25.2934 0.0000e+00
 254.863293      2.349  36.476887    10.4153     5.7156      2.329    32.9724    25.2988 0.0000e+00
 254.863299      2.553  36.485640    10.4174     5.7018      2.532    32.9792    25.3037 0.0000e+00
 254.863304      2.771  36.497662    10.4217     5.6985      2.748    32.9873    25.3093 0.0000e+00
 254.863310      3.010  36.508744    10.4260     5.6938      2.985    32.9944    25.3142 0.0000e+00
 254.863316      3.267  36.516789    10.4288     5.6598      3.240    32.9999    25.3179 0.0000e+00
 254.863322      3.532  36.520691    10.4294     5.6069      3.502    33.0031    25.3204 0.0000e+00
 254.863328      3.802  36.521667    10.4283     5.5599      3.770    33.0050    25.3220 0.0000e+00
 254.863333      4.076  36.521517    10.4264     5.5124      4.042    33.0064    25.3235 0.0000e+00
 254.863339      4.355  36.520540    10.4234     5.4879      4.319    33.0081    25.3252 0.0000e+00
 254.863345      4.639  36.517932    10.4169     5.4747      4.600    33.0112    25.3288 0.0000e+00
 254.863351      4.929  36.511272    10.4030     5.4592      4.888    33.0170    25.3357 0.0000e+00
 254.863356      5.222  36.496660    10.3802     5.4523      5.178    33.0229    25.3442 0.0000e+00
 254.863362      5.516  36.474726    10.3547     5.4300      5.470    33.0239    25.3493 0.0000e+00
 254.863368      5.812  36.454830    10.3347     5.4397      5.763    33.0219    25.3512 0.0000e+00
 254.863374      6.106  36.442322    10.3209     5.4406      6.055    33.0217    25.3534 0.0000e+00
