data/oxygen options/OCNMS/OCNMS1/raw_data/2020/CAST_CA042_200930faedb.cnv
* Sea-Bird SBE 19 Data File:
* FileName = C:\2020 Mooring Data\Casts\CAST_CA042_200930.hex
* Software Version SeatermAF 2.1.2
* Temperature SN = 2997
* Conductivity SN = 2997
* System UpLoad Time = Oct 01 2020 19:55:10 (localtime) = Oct 01 2020 19:55:10 (UTC)
** CAST_CA042_200930
* ds
# nquan = 9
# nvalues = 42                          
# units = specified
# name 0 = timeJ: Julian Days
# name 1 = prSM: Pressure, Strain Gauge [db]
# name 2 = c0mS/cm: Conductivity [mS/cm]
# name 3 = t090C: Temperature [ITS-90, deg C]
# name 4 = sbeox0ML/L: Oxygen, SBE 43 [ml/l]
# name 5 = depSM: Depth [salt water, m], lat = 47.5
# name 6 = sal00: Salinity, Practical [PSU]
# name 7 = sigma-é00: Density [sigma-theta, kg/m^3]
# name 8 = flag: flag
# span 0 = 274.806258, 274.807047       
# span 1 =      2.000,     43.000       
# span 2 =  34.648945,  37.930445       
# span 3 =     8.1058,    15.5901       
# span 4 =     2.9619,     6.8791       
# span 5 =      1.983,     42.637       
# span 6 =    30.0396,    33.2040       
# span 7 =    22.0254,    25.8486       
# span 8 = 0.0000e+00, 0.0000e+00       
# interval = decibars: 1                
# start_time = Sep 30 2020 19:12:30 [Instrument's time stamp, header]
# bad_flag = -9.990e-29
*END*
 274.806258      2.000  37.930445    15.5901     6.8791      1.983    30.0396    22.0254 0.0000e+00
 274.806281      3.000  37.805250    15.2082     6.7166      2.975    30.2213    22.2469 0.0000e+00
 274.806300      4.000  37.679229    14.8006     6.5927      3.966    30.4243    22.4893 0.0000e+00
 274.806317      5.000  37.642661    14.5904     6.4511      4.958    30.5555    22.6343 0.0000e+00
 274.806333      6.000  37.698736    14.4870     6.1880      5.950    30.6873    22.7573 0.0000e+00
 274.806349      7.000  37.734021    14.4103     5.8980      6.941    30.7797    22.8444 0.0000e+00
 274.806364      8.000  37.772830    14.3102     5.5837      7.933    30.8944    22.9535 0.0000e+00
 274.806380      9.000  37.795799    14.1453     5.4310      8.925    31.0472    23.1051 0.0000e+00
 274.806395     10.000  37.852372    13.9359     5.3578      9.917    31.2679    23.3181 0.0000e+00
 274.806412     11.000  37.894016    13.8145     5.0767     10.908    31.4050    23.4485 0.0000e+00
 274.806427     12.000  37.917618    13.6277     4.5683     11.900    31.5800    23.6212 0.0000e+00
 274.806444     13.000  37.826922    13.2683     4.3409     12.891    31.7937    23.8578 0.0000e+00
 274.806460     14.000  37.369673    12.4061     4.3899     13.883    32.0891    24.2535 0.0000e+00
 274.806477     15.000  37.159601    12.2392     4.3014     14.874    32.0309    24.2397 0.0000e+00
 274.806496     16.000  37.148787    12.0439     4.2146     15.866    32.1880    24.3980 0.0000e+00
 274.806513     17.000  36.852274    11.5162     4.2832     16.857    32.3581    24.6268 0.0000e+00
 274.806531     18.000  36.529259    11.0237     4.2366     17.849    32.4731    24.8044 0.0000e+00
 274.806549     19.000  36.310230    10.7042     4.2230     18.841    32.5388    24.9115 0.0000e+00
 274.806567     20.000  35.999401    10.2746     4.1941     19.832    32.6112    25.0414 0.0000e+00
 274.806586     21.000  35.836869    10.1476     4.0655     20.824    32.5611    25.0238 0.0000e+00
 274.806605     22.000  35.711223     9.8560     3.9293     21.815    32.6966    25.1780 0.0000e+00
 274.806623     23.000  35.486432     9.4982     3.8486     22.807    32.7923    25.3110 0.0000e+00
 274.806643     24.000  35.271182     9.3413     3.8119     23.798    32.7140    25.2751 0.0000e+00
 274.806662     25.000  35.062257     8.9606     3.7339     24.790    32.8472    25.4392 0.0000e+00
 274.806679     26.000  34.914429     8.7535     3.5776     25.781    32.8845    25.5004 0.0000e+00
 274.806696     27.000  34.908416     8.7134     3.5386     26.773    32.9150    25.5305 0.0000e+00
 274.806714     28.000  34.930941     8.7013     3.4383     27.764    32.9495    25.5594 0.0000e+00
 274.806733     29.000  34.909181     8.6288     3.4282     28.756    32.9938    25.6052 0.0000e+00
 274.806752     30.000  34.878383     8.5685     3.4050     29.747    33.0172    25.6327 0.0000e+00
 274.806772     31.000  34.839482     8.5062     3.3448     30.739    33.0341    25.6555 0.0000e+00
 274.806790     32.000  34.788963     8.3862     3.2621     31.730    33.0930    25.7197 0.0000e+00
 274.806808     33.000  34.681299     8.2432     3.2320     32.722    33.1132    25.7569 0.0000e+00
 274.806826     34.000  34.670486     8.2259     3.2205     33.713    33.1176    25.7629 0.0000e+00
 274.806847     35.000  34.674522     8.2216     3.1681     34.705    33.1255    25.7697 0.0000e+00
 274.806869     36.000  34.671423     8.2008     3.0988     35.697    33.1413    25.7852 0.0000e+00
 274.806891     37.000  34.669491     8.1843     3.0074     36.688    33.1544    25.7980 0.0000e+00
 274.806909     38.000  34.660964     8.1499     3.0063     37.679    33.1773    25.8211 0.0000e+00
 274.806926     39.000  34.654605     8.1292     2.9768     38.671    33.1898    25.8340 0.0000e+00
 274.806946     40.000  34.654030     8.1236     2.9917     39.662    33.1940    25.8381 0.0000e+00
 274.806967     41.000  34.651767     8.1181     2.9855     40.654    33.1963    25.8407 0.0000e+00
 274.806991     42.000  34.650051     8.1140     2.9673     41.645    33.1980    25.8426 0.0000e+00
 274.807047     43.000  34.648945     8.1058     2.9619     42.637    33.2040    25.8486 0.0000e+00
