data/oxygen options/OCNMS/OCNMS1/raw_data/2020/CAST_KL015_200911faed.cnv
* Sea-Bird SBE 19 Data File:
* FileName = C:\2020 Mooring Data\Casts\CAST_KL015_200911.hex
* Software Version SeatermAF 2.1.2
* Temperature SN = 2997
* Conductivity SN = 2997
* System UpLoad Time = Sep 11 2020 21:44:59 (localtime) = Sep 11 2020 21:44:59 (UTC)
** CAST_KL015_200911
* ds
# nquan = 9                                 
# nvalues = 792                         
# units = specified
# name 0 = timeJ: Julian Days
# name 1 = prSM: Pressure, Strain Gauge [db]
# name 2 = c0mS/cm: Conductivity [mS/cm]
# name 3 = t090C: Temperature [ITS-90, deg C]
# name 4 = sbeox0ML/L: Oxygen, SBE 43 [ml/l]
# name 5 = depSM: Depth [salt water, m], lat = 47.5
# name 6 = sal00: Salinity, Practical [PSU]
# name 7 = sigma-é00: Density [sigma-theta, kg/m^3]
# name 8 = flag: flag
# span 0 = 255.886563, 255.891140       
# span 1 =     -4.889,     16.409       
# span 2 =   0.287069,  39.296938       
# span 3 =    10.3002,    15.3087       
# span 4 =    -1.8898,    17.1255       
# span 5 =     -4.848,     16.271       
# span 6 =     0.1705,    33.1061       
# span 7 =    -0.8139,    25.4092       
# span 8 = 0.0000e+00, 0.0000e+00       
# interval = seconds: 0.5
# start_time = Sep 11 2020 21:16:39 [Instrument's time stamp, header]
# bad_flag = -9.990e-29
*END*
[from data line 161]
 255.887494     -1.482   0.292453    14.7074    -1.8770     -1.470     0.1758    -0.7188 -9.990e-29
 255.887500     -1.477   0.292092    14.7058    -1.8767     -1.465     0.1756    -0.7187 -9.990e-29
 255.887506     -1.473   0.291541    14.7031    -1.8766     -1.461     0.1753    -0.7186 -9.990e-29
 255.887512     -1.466   0.291172    14.7007    -1.8764     -1.454     0.1751    -0.7184 -9.990e-29
 255.887517     -1.456   0.291049    14.7002    -1.8762     -1.444     0.1750    -0.7184 -9.990e-29
 255.887523     -1.442   0.291008    14.7021    -1.8761     -1.430     0.1750    -0.7187 -9.990e-29
 255.887529     -1.427   0.290994    14.7063    -1.8758     -1.415     0.1749    -0.7193 -9.990e-29
 255.887535     -1.414   0.290988    14.7114    -1.8756     -1.402     0.1749    -0.7201 -9.990e-29
 255.887541     -1.404   0.290981    14.7159    -1.8755     -1.392     0.1749    -0.7208 -9.990e-29
 255.887546     -1.395   0.290967    14.7199    -1.8753     -1.383     0.1749    -0.7214 -9.990e-29
 255.887552     -1.386   0.290926    14.7242    -1.8751     -1.374     0.1748    -0.7221 -9.990e-29
 255.887558     -1.377   0.290804    14.7285    -1.8748     -1.366     0.1747    -0.7228 -9.990e-29
 255.887564     -1.368   0.290437    14.7327    -1.8747     -1.357     0.1745    -0.7236 -9.990e-29
 255.887569     -1.358   0.289891    14.7372    -1.8745     -1.347     0.1741    -0.7245 -9.990e-29
 255.887575     -1.347   0.289549    14.7420    -1.8742     -1.336     0.1739    -0.7254 -9.990e-29
 255.887581     -1.332   0.289508    14.7470    -1.8739     -1.321     0.1739    -0.7262 -9.990e-29
 255.887587     -1.319   0.289713    14.7518    -1.8736     -1.308     0.1740    -0.7268 -9.990e-29
 255.887593     -1.310   0.289884    14.7566    -1.8733     -1.299     0.1741    -0.7275 -9.990e-29
 255.887598     -1.301   0.289695    14.7618    -1.8730     -1.290     0.1739    -0.7283 -9.990e-29
 255.887604     -1.290   0.289447    14.7671    -1.8725     -1.279     0.1738    -0.7292 -9.990e-29
 255.887610     -1.287   0.289364    14.7721    -1.8719     -1.276     0.1737    -0.7300 -9.990e-29
 255.887616     -1.290   0.289336    14.7767    -1.8714     -1.279     0.1736    -0.7308 -9.990e-29
 255.887622     -1.291   0.289326    14.7821    -1.8712     -1.280     0.1736    -0.7316 -9.990e-29
 255.887627     -1.286   0.289323    14.7889    -1.8710     -1.275     0.1736    -0.7326 -9.990e-29
 255.887633     -1.275   0.289322    14.7964    -1.8708     -1.264     0.1736    -0.7338 -9.990e-29
 255.887639     -1.261   0.289321    14.8040    -1.8705     -1.250     0.1735    -0.7349 -9.990e-29
 255.887645     -1.248   0.289321    14.8121    -1.8702     -1.238     0.1735    -0.7361 -9.990e-29
 255.887650     -1.231   0.289321    14.8216    -1.8699     -1.221     0.1735    -0.7376 -9.990e-29
 255.887656     -1.208   0.289320    14.8332    -1.8695     -1.198     0.1734    -0.7394 -9.990e-29
 255.887662     -1.187   0.289320    14.8453    -1.8690     -1.177     0.1734    -0.7412 -9.990e-29
 255.887668     -1.170   0.289320    14.8556    -1.8692     -1.160     0.1733    -0.7428 -9.990e-29
 255.887674     -1.157   0.289320    14.8632    -1.8692     -1.147     0.1733    -0.7439 -9.990e-29
 255.887679     -1.146   0.289319    14.8694    -1.8690     -1.136     0.1733    -0.7449 -9.990e-29
 255.887685     -1.138   0.289319    14.8756    -1.8689     -1.129     0.1732    -0.7458 -9.990e-29
 255.887691     -1.130   0.289318    14.8823    -1.8686     -1.121     0.1732    -0.7469 -9.990e-29
 255.887697     -1.124   0.289316    14.8896    -1.8683     -1.115     0.1732    -0.7480 -9.990e-29
 255.887703     -1.119   0.289311    14.8975    -1.8680     -1.110     0.1731    -0.7492 -9.990e-29
 255.887708     -1.113   0.289297    14.9057    -1.8677     -1.104     0.1731    -0.7505 -9.990e-29
 255.887714     -1.108   0.289256    14.9122    -1.8675     -1.099     0.1730    -0.7515 -9.990e-29
 255.887720     -1.102   0.289133    14.9153    -1.8670     -1.093     0.1730    -0.7520 -9.990e-29
 255.887726     -1.095   0.288763    14.9173    -1.8669     -1.086     0.1727    -0.7525 -9.990e-29
 255.887731     -1.087   0.288209    14.9205    -1.8668     -1.078     0.1724    -0.7532 -9.990e-29
 255.887737     -1.077   0.287839    14.9250    -1.8664     -1.068     0.1721    -0.7541 -9.990e-29
 255.887743     -1.065   0.287716    14.9310    -1.8660     -1.056     0.1720    -0.7551 -9.990e-29
 255.887749     -1.049   0.287675    14.9381    -1.8657     -1.040     0.1720    -0.7562 -9.990e-29
 255.887755     -1.030   0.287661    14.9455    -1.8651     -1.021     0.1719    -0.7573 -9.990e-29
 255.887760     -1.009   0.287656    14.9529    -1.8645     -1.001     0.1719    -0.7585 -9.990e-29
 255.887766     -0.990   0.287654    14.9602    -1.8641     -0.982     0.1719    -0.7596 -9.990e-29
 255.887772     -0.972   0.287653    14.9674    -1.8639     -0.964     0.1719    -0.7607 -9.990e-29
 255.887778     -0.953   0.287653    14.9736    -1.8637     -0.945     0.1718    -0.7617 -9.990e-29
 255.887784     -0.932   0.287653    14.9796    -1.8636     -0.924     0.1718    -0.7626 -9.990e-29
 255.887789     -0.912   0.287652    14.9874    -1.8636     -0.904     0.1718    -0.7638 -9.990e-29
 255.887795     -0.897   0.287652    14.9968    -1.8638     -0.890     0.1717    -0.7652 -9.990e-29
 255.887801     -0.885   0.287652    15.0074    -1.8639     -0.878     0.1717    -0.7669 -9.990e-29
 255.887807     -0.875   0.287652    15.0193    -1.8639     -0.868     0.1716    -0.7687 -9.990e-29
 255.887813     -0.867   0.287651    15.0310    -1.8637     -0.860     0.1716    -0.7705 -9.990e-29
 255.887818     -0.860   0.287651    15.0406    -1.8636     -0.853     0.1716    -0.7720 -9.990e-29
 255.887824     -0.855   0.287651    15.0475    -1.8633     -0.848     0.1715    -0.7731 -9.990e-29
 255.887830     -0.850   0.287651    15.0523    -1.8630     -0.843     0.1715    -0.7738 -9.990e-29
 255.887836     -0.845   0.287650    15.0550    -1.8626     -0.838     0.1715    -0.7742 -9.990e-29
 255.887841     -0.840   0.287650    15.0553    -1.8622     -0.833     0.1715    -0.7743 -9.990e-29
 255.887847     -0.835   0.287650    15.0540    -1.8618     -0.828     0.1715    -0.7741 -9.990e-29
 255.887853     -0.829   0.287650    15.0531    -1.8616     -0.822     0.1715    -0.7739 -9.990e-29
 255.887859     -0.822   0.287649    15.0537    -1.8611     -0.815     0.1715    -0.7740 -9.990e-29
 255.887865     -0.818   0.287649    15.0560    -1.8609     -0.811     0.1715    -0.7744 -9.990e-29
 255.887870     -0.820   0.287649    15.0602    -1.8608     -0.813     0.1715    -0.7750 -9.990e-29
 255.887876     -0.825   0.287649    15.0665    -1.8608     -0.818     0.1715    -0.7760 -9.990e-29
 255.887882     -0.829   0.287648    15.0742    -1.8605     -0.822     0.1714    -0.7772 -9.990e-29
 255.887888     -0.832   0.287648    15.0829    -1.8604     -0.825     0.1714    -0.7786 -9.990e-29
 255.887894     -0.833   0.287648    15.0923    -1.8605     -0.826     0.1713    -0.7800 -9.990e-29
 255.887899     -0.834   0.287648    15.1013    -1.8606     -0.827     0.1713    -0.7814 -9.990e-29
 255.887905     -0.835   0.287647    15.1097    -1.8605     -0.828     0.1713    -0.7827 -9.990e-29
 255.887911     -0.834   0.287647    15.1176    -1.8604     -0.827     0.1712    -0.7840 -9.990e-29
 255.887917     -0.833   0.287647    15.1238    -1.8600     -0.826     0.1712    -0.7849 -9.990e-29
 255.887922     -0.831   0.287647    15.1280    -1.8596     -0.824     0.1712    -0.7856 -9.990e-29
 255.887928     -0.828   0.287646    15.1311    -1.8593     -0.821     0.1712    -0.7861 -9.990e-29
 255.887934     -0.823   0.287646    15.1341    -1.8590     -0.816     0.1712    -0.7865 -9.990e-29
 255.887940     -0.818   0.287646    15.1361    -1.8587     -0.811     0.1712    -0.7868 -9.990e-29
 255.887946     -0.810   0.287646    15.1365    -1.8585     -0.803     0.1712    -0.7869 -9.990e-29
 255.887951     -0.800   0.287645    15.1368    -1.8582     -0.793     0.1712    -0.7870 -9.990e-29
 255.887957     -0.787   0.287645    15.1390    -1.8579     -0.780     0.1712    -0.7873 -9.990e-29
 255.887963     -0.771   0.287645    15.1436    -1.8576     -0.765     0.1711    -0.7880 -9.990e-29
 255.887969     -0.754   0.287645    15.1502    -1.8572     -0.748     0.1711    -0.7890 -9.990e-29
 255.887975     -0.744   0.287644    15.1579    -1.8568     -0.738     0.1711    -0.7902 -9.990e-29
 255.887980     -0.740   0.287644    15.1660    -1.8563     -0.734     0.1711    -0.7915 -9.990e-29
 255.887986     -0.734   0.287644    15.1741    -1.8560     -0.728     0.1710    -0.7928 -9.990e-29
 255.887992     -0.721   0.287644    15.1818    -1.8557     -0.715     0.1710    -0.7940 -9.990e-29
 255.887998     -0.704   0.287643    15.1889    -1.8555     -0.698     0.1710    -0.7951 -9.990e-29
 255.888003     -0.692   0.287643    15.1959    -1.8552     -0.686     0.1709    -0.7962 -9.990e-29
 255.888009     -0.686   0.287643    15.2035    -1.8549     -0.680     0.1709    -0.7974 -9.990e-29
 255.888015     -0.683   0.287643    15.2121    -1.8547     -0.677     0.1709    -0.7987 -9.990e-29
 255.888021     -0.674   0.287642    15.2218    -1.8545     -0.668     0.1708    -0.8002 -9.990e-29
 255.888027     -0.659   0.287642    15.2322    -1.8543     -0.654     0.1708    -0.8019 -9.990e-29
 255.888032     -0.644   0.287642    15.2422    -1.8542     -0.639     0.1707    -0.8034 -9.990e-29
 255.888038     -0.634   0.287642    15.2512    -1.8542     -0.629     0.1707    -0.8049 -9.990e-29
 255.888044     -0.627   0.287641    15.2587    -1.8543     -0.622     0.1707    -0.8060 -9.990e-29
 255.888050     -0.624   0.287641    15.2652    -1.8543     -0.619     0.1707    -0.8071 -9.990e-29
 255.888056     -0.624   0.287641    15.2717    -1.8543     -0.619     0.1706    -0.8081 -9.990e-29
 255.888061     -0.622   0.287641    15.2784    -1.8542     -0.617     0.1706    -0.8091 -9.990e-29
 255.888067     -0.615   0.287640    15.2843    -1.8541     -0.610     0.1706    -0.8101 -9.990e-29
 255.888073     -0.606   0.287640    15.2894    -1.8539     -0.601     0.1706    -0.8109 -9.990e-29
 255.888079     -0.599   0.287640    15.2937    -1.8539     -0.594     0.1705    -0.8116 -9.990e-29
 255.888084     -0.593   0.287640    15.2963    -1.8539     -0.588     0.1705    -0.8120 -9.990e-29
 255.888090     -0.588   0.287639    15.2970    -1.8538     -0.583     0.1705    -0.8121 -9.990e-29
 255.888096     -0.585   0.287639    15.2967    -1.8538     -0.580     0.1705    -0.8120 -9.990e-29
 255.888102     -0.581   0.287639    15.2966    -1.8536     -0.576     0.1705    -0.8120 -9.990e-29
 255.888108     -0.578   0.287639    15.2974    -1.8539     -0.573     0.1705    -0.8121 -9.990e-29
 255.888113     -0.575   0.287638    15.2993    -1.8545     -0.570     0.1705    -0.8124 -9.990e-29
 255.888119     -0.572   0.287638    15.3016    -1.8547     -0.567     0.1705    -0.8128 -9.990e-29
 255.888125     -0.569   0.287638    15.3035    -1.8548     -0.564     0.1705    -0.8131 -9.990e-29
 255.888131     -0.566   0.287638    15.3049    -1.8547     -0.561     0.1705    -0.8133 -9.990e-29
 255.888137     -0.561   0.287637    15.3061    -1.8547     -0.556     0.1705    -0.8135 -9.990e-29
 255.888142     -0.556   0.287637    15.3074    -1.8545     -0.551     0.1705    -0.8137 -9.990e-29
 255.888148     -0.550   0.287637    15.3087    -1.8543     -0.545     0.1705    -0.8139 -9.990e-29
 255.888154     -0.542   0.287637    15.3080    -1.8544     -0.537     0.1705    -0.8138 -9.990e-29
 255.888160     -0.536   0.287636    15.3025    -1.8547     -0.532     0.1705    -0.8129 -9.990e-29
 255.888166     -0.536   0.287636    15.2944    -1.8549     -0.532     0.1705    -0.8117 -9.990e-29
 255.888171     -0.537   0.287636    15.2883    -1.8551     -0.533     0.1706    -0.8107 -9.990e-29
 255.888177     -0.537   0.287636    15.2855    -1.8553     -0.533     0.1706    -0.8103 -9.990e-29
 255.888183     -0.533   0.287635    15.2853    -1.8552     -0.529     0.1706    -0.8102 -9.990e-29
 255.888189     -0.527   0.287635    15.2869    -1.8554     -0.523     0.1706    -0.8105 -9.990e-29
 255.888194     -0.518   0.287635    15.2895    -1.8558     -0.514     0.1706    -0.8109 -9.990e-29
 255.888200     -0.505   0.287635    15.2912    -1.8566     -0.501     0.1705    -0.8112 -9.990e-29
 255.888206     -0.488   0.287634    15.2902    -1.8573     -0.484     0.1706    -0.8110 -9.990e-29
 255.888212     -0.465   0.287634    15.2867    -1.8577     -0.461     0.1706    -0.8105 -9.990e-29
 255.888218     -0.439   0.287634    15.2820    -1.8580     -0.435     0.1706    -0.8097 -9.990e-29
 255.888223     -0.418   0.287634    15.2774    -1.8583     -0.415     0.1706    -0.8090 -9.990e-29
 255.888229     -0.403   0.287633    15.2736    -1.8584     -0.400     0.1706    -0.8084 -9.990e-29
 255.888235     -0.395   0.287633    15.2698    -1.8587     -0.392     0.1706    -0.8078 -9.990e-29
 255.888241     -0.387   0.287633    15.2637    -1.8589     -0.384     0.1707    -0.8068 -9.990e-29
 255.888247     -0.377   0.287633    15.2531    -1.8590     -0.374     0.1707    -0.8052 -9.990e-29
 255.888252     -0.366   0.287633    15.2389    -1.8590     -0.363     0.1708    -0.8029 -9.990e-29
 255.888258     -0.360   0.287632    15.2248    -1.8591     -0.357     0.1708    -0.8007 -9.990e-29
 255.888264     -0.356   0.287632    15.2133    -1.8598     -0.353     0.1709    -0.7989 -9.990e-29
 255.888270     -0.356   0.287632    15.2042    -1.8605     -0.353     0.1709    -0.7975 -9.990e-29
 255.888275     -0.359   0.287632    15.1969    -1.8608     -0.356     0.1709    -0.7963 -9.990e-29
 255.888281     -0.365   0.287631    15.1910    -1.8613     -0.362     0.1709    -0.7954 -9.990e-29
 255.888287     -0.371   0.287631    15.1858    -1.8618     -0.368     0.1710    -0.7946 -9.990e-29
 255.888293     -0.373   0.287631    15.1811    -1.8619     -0.370     0.1710    -0.7939 -9.990e-29
 255.888299     -0.374   0.287631    15.1776    -1.8619     -0.371     0.1710    -0.7933 -9.990e-29
 255.888304     -0.375   0.287630    15.1743    -1.8618     -0.372     0.1710    -0.7928 -9.990e-29
 255.888310     -0.372   0.287630    15.1673    -1.8615     -0.369     0.1710    -0.7917 -9.990e-29
 255.888316     -0.369   0.287630    15.1553    -1.8613     -0.366     0.1711    -0.7898 -9.990e-29
 255.888322     -0.365   0.287630    15.1421    -1.8609     -0.362     0.1711    -0.7878 -9.990e-29
 255.888328     -0.357   0.287629    15.1304    -1.8605     -0.354     0.1712    -0.7860 -9.990e-29
 255.888333     -0.347   0.287629    15.1198    -1.8601     -0.344     0.1712    -0.7843 -9.990e-29
 255.888339     -0.340   0.287629    15.1116    -1.8597     -0.337     0.1713    -0.7830 -9.990e-29
 255.888345     -0.335   0.287629    15.1075    -1.8593     -0.332     0.1713    -0.7824 -9.990e-29
 255.888351     -0.332   0.287628    15.1071    -1.8594     -0.329     0.1713    -0.7823 -9.990e-29
 255.888356     -0.330   0.287628    15.1096    -1.8594     -0.327     0.1713    -0.7827 -9.990e-29
 255.888362     -0.330   0.287628    15.1143    -1.8591     -0.327     0.1712    -0.7834 -9.990e-29
 255.888368     -0.331   0.287628    15.1206    -1.8587     -0.328     0.1712    -0.7844 -9.990e-29
 255.888374     -0.333   0.287627    15.1289    -1.8583     -0.330     0.1712    -0.7857 -9.990e-29
 255.888380     -0.333   0.287627    15.1387    -1.8580     -0.330     0.1711    -0.7872 -9.990e-29
 255.888385     -0.327   0.287627    15.1488    -1.8578     -0.324     0.1711    -0.7888 -9.990e-29
 255.888391     -0.317   0.287627    15.1581    -1.8576     -0.314     0.1711    -0.7903 -9.990e-29
 255.888397     -0.308   0.287626    15.1649    -1.8576     -0.305     0.1710    -0.7913 -9.990e-29
 255.888403     -0.298   0.287626    15.1686    -1.8575     -0.296     0.1710    -0.7919 -9.990e-29
 255.888409     -0.289   0.287626    15.1719    -1.8575     -0.287     0.1710    -0.7924 -9.990e-29
