data/oxygen options/OCNMS/OCNMS1/raw_data/2020/CAST_MB015_201001faed.cnv
* Sea-Bird SBE 19 Data File:
* FileName = C:\2020 Mooring Data\Casts\CAST_MB015_201001.hex
* Software Version SeatermAF 2.1.2
* Temperature SN = 2997
* Conductivity SN = 2997
* System UpLoad Time = Oct 01 2020 19:52:04 (localtime) = Oct 01 2020 19:52:04 (UTC)
** CAST_MB015_201001
* ds
# nquan = 9                                 
# nvalues = 701                         
# units = specified
# name 0 = timeJ: Julian Days
# name 1 = prSM: Pressure, Strain Gauge [db]
# name 2 = c0mS/cm: Conductivity [mS/cm]
# name 3 = t090C: Temperature [ITS-90, deg C]
# name 4 = sbeox0ML/L: Oxygen, SBE 43 [ml/l]
# name 5 = depSM: Depth [salt water, m], lat = 47.5
# name 6 = sal00: Salinity, Practical [PSU]
# name 7 = sigma-é00: Density [sigma-theta, kg/m^3]
# name 8 = flag: flag
# span 0 = 275.808403, 275.812454       
# span 1 =     -4.854,     12.510       
# span 2 =   0.386396,  37.976548       
# span 3 =    14.3167,    15.2000       
# span 4 =    -1.8758,    12.9915       
# span 5 =     -4.814,     12.405       
# span 6 =     0.2329,    31.0504       
# span 7 =    -0.7317,    23.0725       
# span 8 = 0.0000e+00, 0.0000e+00       
# interval = seconds: 0.5
# start_time = Oct 01 2020 19:24:06 [Instrument's time stamp, header]
# bad_flag = -9.990e-29
*END*
 275.808403     -4.854 -9.990e-29    15.1913    -1.8586     -4.814 -9.990e-29 -9.990e-29 -9.990e-29
 275.808409     -4.845   0.426125    15.1962    -1.8589     -4.805     0.2553    -0.7310 -9.990e-29
 275.808414     -4.833   0.426086    15.1997    -1.8592     -4.793     0.2552    -0.7316 -9.990e-29
 275.808420     -4.817   0.425967    15.2000    -1.8592     -4.777     0.2552    -0.7317 -9.990e-29
 275.808426     -4.797   0.425611    15.1972    -1.8593     -4.757     0.2549    -0.7314 -9.990e-29
 275.808432     -4.772   0.424913    15.1907    -1.8593     -4.732     0.2546    -0.7307 -9.990e-29
 275.808438     -4.743   0.424050    15.1795    -1.8592     -4.703     0.2541    -0.7293 -9.990e-29
 275.808443     -4.714   0.423350    15.1658    -1.8593     -4.675     0.2538    -0.7275 -9.990e-29
 275.808449     -4.682   0.422987    15.1528    -1.8592     -4.643     0.2536    -0.7256 -9.990e-29
 275.808455     -4.650   0.422849    15.1415    -1.8591     -4.611     0.2536    -0.7239 -9.990e-29
 275.808461     -4.620   0.422754    15.1328    -1.8592     -4.581     0.2536    -0.7226 -9.990e-29
 275.808466     -4.590   0.422576    15.1274    -1.8595     -4.552     0.2535    -0.7218 -9.990e-29
 275.808472     -4.559   0.422077    15.1244    -1.8598     -4.521     0.2532    -0.7216 -9.990e-29
 275.808478     -4.528   0.421147    15.1230    -1.8602     -4.490     0.2527    -0.7218 -9.990e-29
 275.808484     -4.500   0.420209    15.1230    -1.8605     -4.462     0.2521    -0.7222 -9.990e-29
 275.808490     -4.474   0.419674    15.1237    -1.8608     -4.437     0.2517    -0.7226 -9.990e-29
 275.808495     -4.446   0.419386    15.1244    -1.8611     -4.409     0.2516    -0.7228 -9.990e-29
 275.808501     -4.417   0.418961    15.1250    -1.8617     -4.380     0.2513    -0.7231 -9.990e-29
 275.808507     -4.387   0.418387    15.1245    -1.8623     -4.350     0.2509    -0.7233 -9.990e-29
 275.808513     -4.361   0.418009    15.1219    -1.8628     -4.325     0.2507    -0.7231 -9.990e-29
 275.808519     -4.334   0.417879    15.1165    -1.8630     -4.298     0.2507    -0.7223 -9.990e-29
 275.808524     -4.307   0.417824    15.1092    -1.8630     -4.271     0.2507    -0.7212 -9.990e-29
 275.808530     -4.278   0.417770    15.1013    -1.8632     -4.242     0.2507    -0.7200 -9.990e-29
 275.808536     -4.248   0.417646    15.0930    -1.8635     -4.213     0.2507    -0.7187 -9.990e-29
 275.808542     -4.225   0.417288    15.0842    -1.8639     -4.190     0.2505    -0.7175 -9.990e-29
 275.808547     -4.207   0.416773    15.0742    -1.8640     -4.172     0.2503    -0.7162 -9.990e-29
 275.808553     -4.184   0.416524    15.0623    -1.8642     -4.149     0.2502    -0.7144 -9.990e-29
 275.808559     -4.154   0.416764    15.0499    -1.8643     -4.119     0.2504    -0.7124 -9.990e-29
 275.808565     -4.126   0.417258    15.0396    -1.8642     -4.092     0.2508    -0.7105 -9.990e-29
 275.808571     -4.100   0.417560    15.0331    -1.8643     -4.066     0.2510    -0.7094 -9.990e-29
 275.808576     -4.075   0.417517    15.0290    -1.8645     -4.041     0.2510    -0.7087 -9.990e-29
 275.808582     -4.051   0.417072    15.0247    -1.8646     -4.017     0.2507    -0.7083 -9.990e-29
 275.808588     -4.024   0.416189    15.0189    -1.8648     -3.990     0.2502    -0.7078 -9.990e-29
 275.808594     -3.994   0.415351    15.0128    -1.8649     -3.961     0.2497    -0.7072 -9.990e-29
 275.808600     -3.963   0.415105    15.0078    -1.8653     -3.930     0.2496    -0.7066 -9.990e-29
 275.808605     -3.933   0.415125    15.0043    -1.8655     -3.900     0.2497    -0.7060 -9.990e-29
 275.808611     -3.903   0.414883    15.0022    -1.8658     -3.870     0.2495    -0.7058 -9.990e-29
 275.808617     -3.874   0.414612    15.0009    -1.8662     -3.842     0.2494    -0.7057 -9.990e-29
 275.808623     -3.849   0.414505    14.9987    -1.8665     -3.817     0.2493    -0.7055 -9.990e-29
 275.808628     -3.827   0.414422    14.9954    -1.8666     -3.795     0.2493    -0.7050 -9.990e-29
 275.808634     -3.806   0.414253    14.9918    -1.8667     -3.774     0.2492    -0.7045 -9.990e-29
 275.808640     -3.785   0.413772    14.9880    -1.8666     -3.753     0.2489    -0.7041 -9.990e-29
 275.808646     -3.762   0.412892    14.9833    -1.8667     -3.731     0.2484    -0.7038 -9.990e-29
 275.808652     -3.736   0.412104    14.9771    -1.8667     -3.705     0.2480    -0.7032 -9.990e-29
 275.808657     -3.710   0.412021    14.9700    -1.8667     -3.679     0.2480    -0.7022 -9.990e-29
 275.808663     -3.686   0.412532    14.9623    -1.8667     -3.655     0.2483    -0.7007 -9.990e-29
 275.808669     -3.663   0.413210    14.9549    -1.8670     -3.632     0.2488    -0.6992 -9.990e-29
 275.808675     -3.639   0.413854    14.9491    -1.8672     -3.609     0.2492    -0.6980 -9.990e-29
 275.808681     -3.613   0.414213    14.9455    -1.8673     -3.583     0.2495    -0.6973 -9.990e-29
 275.808686     -3.587   0.414215    14.9437    -1.8676     -3.557     0.2495    -0.6970 -9.990e-29
 275.808692     -3.564   0.413863    14.9427    -1.8679     -3.534     0.2493    -0.6970 -9.990e-29
 275.808698     -3.543   0.413240    14.9417    -1.8681     -3.513     0.2489    -0.6972 -9.990e-29
 275.808704     -3.522   0.412627    14.9407    -1.8682     -3.493     0.2485    -0.6973 -9.990e-29
 275.808709     -3.500   0.412316    14.9397    -1.8684     -3.471     0.2483    -0.6973 -9.990e-29
 275.808715     -3.475   0.412446    14.9379    -1.8687     -3.446     0.2484    -0.6970 -9.990e-29
 275.808721     -3.446   0.412637    14.9345    -1.8690     -3.417     0.2485    -0.6963 -9.990e-29
 275.808727     -3.415   0.412591    14.9302    -1.8691     -3.387     0.2485    -0.6957 -9.990e-29
 275.808733     -3.389   0.412247    14.9255    -1.8693     -3.361     0.2484    -0.6951 -9.990e-29
 275.808738     -3.367   0.411701    14.9201    -1.8694     -3.339     0.2481    -0.6946 -9.990e-29
 275.808744     -3.342   0.411335    14.9144    -1.8695     -3.314     0.2479    -0.6938 -9.990e-29
 275.808750     -3.318   0.411217    14.9091    -1.8693     -3.290     0.2478    -0.6931 -9.990e-29
 275.808756     -3.296   0.411189    14.9042    -1.8691     -3.269     0.2478    -0.6923 -9.990e-29
 275.808762     -3.276   0.411215    14.8989    -1.8689     -3.249     0.2479    -0.6915 -9.990e-29
 275.808767     -3.256   0.411328    14.8930    -1.8688     -3.229     0.2480    -0.6905 -9.990e-29
 275.808773     -3.236   0.411682    14.8875    -1.8686     -3.209     0.2482    -0.6895 -9.990e-29
 275.808779     -3.213   0.412194    14.8830    -1.8681     -3.186     0.2486    -0.6886 -9.990e-29
 275.808785     -3.187   0.412439    14.8795    -1.8678     -3.160     0.2487    -0.6879 -9.990e-29
 275.808791     -3.156   0.412190    14.8776    -1.8675     -3.130     0.2486    -0.6877 -9.990e-29
 275.808796     -3.121   0.411670    14.8778    -1.8675     -3.095     0.2483    -0.6880 -9.990e-29
 275.808802     -3.090   0.411295    14.8802    -1.8676     -3.064     0.2480    -0.6886 -9.990e-29
 275.808808     -3.065   0.411122    14.8842    -1.8675     -3.039     0.2479    -0.6893 -9.990e-29
 275.808814     -3.043   0.410919    14.8889    -1.8674     -3.018     0.2478    -0.6901 -9.990e-29
 275.808819     -3.024   0.410417    14.8941    -1.8673     -2.999     0.2474    -0.6911 -9.990e-29
 275.808825     -3.007   0.409502    14.9006    -1.8672     -2.982     0.2468    -0.6926 -9.990e-29
 275.808831     -2.990   0.408617    14.9085    -1.8671     -2.965     0.2462    -0.6942 -9.990e-29
 275.808837     -2.973   0.408243    14.9158    -1.8671     -2.948     0.2459    -0.6955 -9.990e-29
 275.808843     -2.954   0.408438    14.9209    -1.8672     -2.929     0.2460    -0.6962 -9.990e-29
 275.808848     -2.931   0.408909    14.9236    -1.8671     -2.907     0.2463    -0.6964 -9.990e-29
 275.808854     -2.905   0.409177    14.9251    -1.8673     -2.881     0.2465    -0.6965 -9.990e-29
 275.808860     -2.876   0.409046    14.9268    -1.8673     -2.852     0.2464    -0.6969 -9.990e-29
 275.808866     -2.852   0.408895    14.9290    -1.8673     -2.828     0.2463    -0.6973 -9.990e-29
 275.808872     -2.832   0.409078    14.9313    -1.8673     -2.808     0.2464    -0.6975 -9.990e-29
 275.808877     -2.810   0.409287    14.9332    -1.8673     -2.787     0.2465    -0.6977 -9.990e-29
 275.808883     -2.788   0.409246    14.9346    -1.8672     -2.765     0.2464    -0.6980 -9.990e-29
 275.808889     -2.770   0.408904    14.9352    -1.8673     -2.747     0.2462    -0.6982 -9.990e-29
 275.808895     -2.754   0.408357    14.9350    -1.8674     -2.731     0.2459    -0.6985 -9.990e-29
 275.808900     -2.739   0.407986    14.9343    -1.8675     -2.716     0.2457    -0.6985 -9.990e-29
 275.808906     -2.725   0.407851    14.9333    -1.8677     -2.702     0.2456    -0.6984 -9.990e-29
 275.808912     -2.711   0.407773    14.9325    -1.8678     -2.688     0.2455    -0.6984 -9.990e-29
 275.808918     -2.695   0.407650    14.9323    -1.8678     -2.673     0.2455    -0.6984 -9.990e-29
 275.808924     -2.676   0.407317    14.9324    -1.8677     -2.654     0.2453    -0.6986 -9.990e-29
 275.808929     -2.655   0.406884    14.9327    -1.8674     -2.633     0.2450    -0.6988 -9.990e-29
 275.808935     -2.632   0.406883    14.9327    -1.8670     -2.610     0.2450    -0.6988 -9.990e-29
 275.808941     -2.612   0.407314    14.9317    -1.8666     -2.590     0.2453    -0.6984 -9.990e-29
 275.808947     -2.593   0.407644    14.9296    -1.8663     -2.571     0.2455    -0.6980 -9.990e-29
 275.808953     -2.578   0.407760    14.9267    -1.8659     -2.557     0.2456    -0.6975 -9.990e-29
 275.808958     -2.566   0.407817    14.9237    -1.8658     -2.545     0.2456    -0.6970 -9.990e-29
 275.808964     -2.547   0.407893    14.9222    -1.8659     -2.526     0.2457    -0.6967 -9.990e-29
 275.808970     -2.522   0.408088    14.9231    -1.8661     -2.501     0.2458    -0.6967 -9.990e-29
 275.808976     -2.495   0.408110    14.9268    -1.8661     -2.474     0.2458    -0.6973 -9.990e-29
 275.808981     -2.471   0.407436    14.9333    -1.8662     -2.450     0.2453    -0.6986 -9.990e-29
 275.808987     -2.447   0.406275    14.9418    -1.8663     -2.427     0.2446    -0.7005 -9.990e-29
 275.808993     -2.423   0.405296    14.9507    -1.8663     -2.403     0.2439    -0.7024 -9.990e-29
 275.808999     -2.400   0.404858    14.9587    -1.8665     -2.380     0.2436    -0.7038 -9.990e-29
 275.809005     -2.382   0.404930    14.9652    -1.8667     -2.362     0.2436    -0.7048 -9.990e-29
 275.809010     -2.363   0.405056    14.9689    -1.8668     -2.343     0.2437    -0.7053 -9.990e-29
 275.809016     -2.338   0.404851    14.9692    -1.8669     -2.319     0.2435    -0.7054 -9.990e-29
 275.809022     -2.309   0.404596    14.9672    -1.8670     -2.290     0.2434    -0.7053 -9.990e-29
 275.809028     -2.283   0.404507    14.9648    -1.8671     -2.264     0.2433    -0.7049 -9.990e-29
 275.809034     -2.263   0.404465    14.9626    -1.8672     -2.244     0.2433    -0.7046 -9.990e-29
 275.809039     -2.247   0.404415    14.9608    -1.8673     -2.228     0.2433    -0.7043 -9.990e-29
 275.809045     -2.235   0.404292    14.9588    -1.8676     -2.216     0.2432    -0.7041 -9.990e-29
 275.809051     -2.226   0.403934    14.9558    -1.8679     -2.207     0.2430    -0.7038 -9.990e-29
 275.809057     -2.218   0.403418    14.9521    -1.8680     -2.200     0.2427    -0.7035 -9.990e-29
 275.809062     -2.212   0.403165    14.9485    -1.8681     -2.194     0.2426    -0.7030 -9.990e-29
 275.809068     -2.208   0.403392    14.9455    -1.8682     -2.190     0.2428    -0.7025 -9.990e-29
 275.809074     -2.204   0.403847    14.9428    -1.8682     -2.186     0.2431    -0.7018 -9.990e-29
 275.809080     -2.201   0.404031    14.9402    -1.8685     -2.183     0.2432    -0.7013 -9.990e-29
 275.809086     -2.199   0.403634    14.9370    -1.8687     -2.181     0.2430    -0.7010 -9.990e-29
 275.809091     -2.197   0.402684    14.9329    -1.8688     -2.179     0.2424    -0.7008 -9.990e-29
 275.809097     -2.191   0.401577    14.9279    -1.8691     -2.173     0.2417    -0.7006 -9.990e-29
 275.809103     -2.176   0.401055    14.9229    -1.8692     -2.158     0.2415    -0.7001 -9.990e-29
 275.809109     -2.156   0.401530    14.9190    -1.8693     -2.138     0.2418    -0.6992 -9.990e-29
 275.809115     -2.134   0.402528    14.9162    -1.8691     -2.116     0.2424    -0.6983 -9.990e-29
 275.809120     -2.108   0.403164    14.9138    -1.8691     -2.090     0.2428    -0.6976 -9.990e-29
 275.809126     -2.080   0.402992    14.9111    -1.8691     -2.063     0.2427    -0.6973 -9.990e-29
 275.809132     -2.054   0.402337    14.9075    -1.8690     -2.037     0.2423    -0.6971 -9.990e-29
 275.809138     -2.028   0.401806    14.9034    -1.8688     -2.011     0.2420    -0.6967 -9.990e-29
 275.809144     -2.004   0.401797    14.8991    -1.8688     -1.987     0.2421    -0.6960 -9.990e-29
 275.809149     -1.986   0.402112    14.8952    -1.8688     -1.969     0.2423    -0.6953 -9.990e-29
 275.809155     -1.971   0.402062    14.8925    -1.8689     -1.955     0.2423    -0.6949 -9.990e-29
 275.809161     -1.959   0.401578    14.8916    -1.8691     -1.943     0.2420    -0.6950 -9.990e-29
 275.809167     -1.950   0.401123    14.8923    -1.8692     -1.934     0.2417    -0.6953 -9.990e-29
 275.809172     -1.943   0.400643    14.8932    -1.8692     -1.927     0.2414    -0.6957 -9.990e-29
 275.809178     -1.936   0.400053    14.8944    -1.8692     -1.920     0.2410    -0.6961 -9.990e-29
 275.809184     -1.931   0.399672    14.8965    -1.8692     -1.915     0.2408    -0.6966 -9.990e-29
 275.809190     -1.926   0.399545    14.8986    -1.8693     -1.910     0.2407    -0.6970 -9.990e-29
 275.809196     -1.917   0.399504    14.8997    -1.8694     -1.901     0.2406    -0.6972 -9.990e-29
 275.809201     -1.899   0.399490    14.8995    -1.8696     -1.883     0.2406    -0.6972 -9.990e-29
 275.809207     -1.876   0.399486    14.8980    -1.8696     -1.860     0.2406    -0.6970 -9.990e-29
 275.809213     -1.849   0.399485    14.8957    -1.8698     -1.834     0.2406    -0.6966 -9.990e-29
 275.809219     -1.822   0.399485    14.8935    -1.8700     -1.807     0.2407    -0.6963 -9.990e-29
 275.809225     -1.802   0.399485    14.8920    -1.8702     -1.787     0.2407    -0.6960 -9.990e-29
 275.809230     -1.790   0.399485    14.8910    -1.8702     -1.775     0.2407    -0.6959 -9.990e-29
 275.809236     -1.783   0.399481    14.8900    -1.8704     -1.768     0.2407    -0.6957 -9.990e-29
 275.809242     -1.772   0.399468    14.8883    -1.8705     -1.757     0.2407    -0.6955 -9.990e-29
 275.809248     -1.755   0.399428    14.8858    -1.8705     -1.740     0.2407    -0.6951 -9.990e-29
 275.809253     -1.741   0.399307    14.8827    -1.8706     -1.726     0.2406    -0.6947 -9.990e-29
 275.809259     -1.731   0.398941    14.8793    -1.8705     -1.717     0.2404    -0.6943 -9.990e-29
 275.809265     -1.723   0.398396    14.8759    -1.8704     -1.709     0.2401    -0.6941 -9.990e-29
 275.809271     -1.710   0.398055    14.8723    -1.8703     -1.696     0.2399    -0.6937 -9.990e-29
 275.809277     -1.697   0.398014    14.8689    -1.8701     -1.683     0.2399    -0.6932 -9.990e-29
 275.809282     -1.686   0.398219    14.8657    -1.8700     -1.672     0.2400    -0.6926 -9.990e-29
 275.809288     -1.678   0.398386    14.8628    -1.8700     -1.664     0.2402    -0.6920 -9.990e-29
 275.809294     -1.670   0.398183    14.8607    -1.8700     -1.656     0.2400    -0.6918 -9.990e-29
 275.809300     -1.664   0.397895    14.8597    -1.8700     -1.650     0.2399    -0.6918 -9.990e-29
 275.809306     -1.659   0.397690    14.8600    -1.8699     -1.645     0.2397    -0.6919 -9.990e-29
 275.809311     -1.654   0.397293    14.8614    -1.8700     -1.640     0.2395    -0.6924 -9.990e-29
 275.809317     -1.648   0.396729    14.8635    -1.8699     -1.634     0.2391    -0.6929 -9.990e-29
 275.809323     -1.643   0.396353    14.8659    -1.8700     -1.629     0.2389    -0.6935 -9.990e-29
