data/oxygen options/OCNMS/OCNMS1/raw_data/2020/CAST_MB015_200910faed.cnv
* Sea-Bird SBE 19 Data File:
* FileName = C:\2020 Mooring Data\Casts\CAST_MB015_200910.hex
* Software Version SeatermAF 2.1.2
* Temperature SN = 2997
* Conductivity SN = 2997
* System UpLoad Time = Sep 10 2020 21:24:26 (localtime) = Sep 10 2020 21:24:26 (UTC)
** CAST_MB015_200910
* ds
# nquan = 9                                 
# nvalues = 790                         
# units = specified
# name 0 = timeJ: Julian Days
# name 1 = prSM: Pressure, Strain Gauge [db]
# name 2 = c0mS/cm: Conductivity [mS/cm]
# name 3 = t090C: Temperature [ITS-90, deg C]
# name 4 = sbeox0ML/L: Oxygen, SBE 43 [ml/l]
# name 5 = depSM: Depth [salt water, m], lat = 47.5
# name 6 = sal00: Salinity, Practical [PSU]
# name 7 = sigma-é00: Density [sigma-theta, kg/m^3]
# name 8 = flag: flag
# span 0 = 254.859676, 254.864242       
# span 1 =     -4.854,     16.326       
# span 2 =   0.436311,  39.204940       
# span 3 =     8.5270,    21.5129       
# span 4 =    -1.6944,    14.6995       
# span 5 =     -4.814,     16.189       
# span 6 =     0.2299,    35.0168       
# span 7 =    -1.8742,    26.8204       
# span 8 = 0.0000e+00, 0.0000e+00       
# interval = seconds: 0.5
# start_time = Sep 10 2020 20:37:56 [Instrument's time stamp, header]
# bad_flag = -9.990e-29
*END*
 254.859676     -4.854 -9.990e-29    19.6292    -1.6944     -4.814 -9.990e-29 -9.990e-29 -9.990e-29
 254.859682     -4.845   0.643196    19.6341    -1.6935     -4.805     0.3514    -1.4509 -9.990e-29
 254.859688     -4.833   0.642681    19.6427    -1.6927     -4.793     0.3511    -1.4529 -9.990e-29
 254.859693     -4.818   0.641692    19.6556    -1.6922     -4.778     0.3504    -1.4560 -9.990e-29
 254.859699     -4.798   0.640572    19.6709    -1.6917     -4.758     0.3497    -1.4597 -9.990e-29
 254.859705     -4.772   0.639672    19.6885    -1.6909     -4.732     0.3490    -1.4638 -9.990e-29
 254.859711     -4.744   0.638901    19.7083    -1.6902     -4.704     0.3484    -1.4683 -9.990e-29
 254.859716     -4.719   0.637971    19.7290    -1.6894     -4.680     0.3478    -1.4730 -9.990e-29
 254.859722     -4.697   0.636749    19.7496    -1.6882     -4.658     0.3469    -1.4779 -9.990e-29
 254.859728     -4.671   0.635452    19.7711    -1.6874     -4.632     0.3460    -1.4830 -9.990e-29
 254.859734     -4.644   0.634570    19.7945    -1.6865     -4.605     0.3453    -1.4883 -9.990e-29
 254.859740     -4.619   0.634033    19.8173    -1.6854     -4.581     0.3449    -1.4933 -9.990e-29
 254.859745     -4.594   0.633125    19.8379    -1.6842     -4.556     0.3442    -1.4980 -9.990e-29
 254.859751     -4.568   0.631744    19.8585    -1.6829     -4.530     0.3432    -1.5030 -9.990e-29
 254.859757     -4.538   0.630264    19.8810    -1.6816     -4.500     0.3422    -1.5084 -9.990e-29
 254.859763     -4.508   0.628929    19.9052    -1.6804     -4.470     0.3413    -1.5141 -9.990e-29
 254.859769     -4.480   0.628175    19.9327    -1.6791     -4.443     0.3407    -1.5202 -9.990e-29
 254.859774     -4.451   0.628103    19.9634    -1.6776     -4.414     0.3404    -1.5268 -9.990e-29
 254.859780     -4.420   0.628065    19.9951    -1.6763     -4.383     0.3401    -1.5335 -9.990e-29
 254.859786     -4.386   0.627456    20.0278    -1.6750     -4.349     0.3395    -1.5408 -9.990e-29
 254.859792     -4.349   0.626018    20.0633    -1.6734     -4.313     0.3385    -1.5489 -9.990e-29
 254.859797     -4.313   0.624049    20.1020    -1.6718     -4.277     0.3371    -1.5580 -9.990e-29
 254.859803     -4.279   0.622248    20.1427    -1.6699     -4.243     0.3358    -1.5675 -9.990e-29
 254.859809     -4.248   0.620985    20.1838    -1.6678     -4.213     0.3348    -1.5769 -9.990e-29
 254.859815     -4.220   0.620238    20.2252    -1.6657     -4.185     0.3340    -1.5861 -9.990e-29
 254.859821     -4.193   0.619563    20.2686    -1.6637     -4.158     0.3333    -1.5957 -9.990e-29
 254.859826     -4.164   0.618615    20.3140    -1.6616     -4.129     0.3325    -1.6059 -9.990e-29
 254.859832     -4.136   0.617793    20.3596    -1.6599     -4.102     0.3317    -1.6161 -9.990e-29
 254.859838     -4.112   0.617661    20.4065    -1.6581     -4.078     0.3313    -1.6263 -9.990e-29
 254.859844     -4.090   0.618044    20.4573    -1.6563     -4.056     0.3311    -1.6372 -9.990e-29
 254.859850     -4.068   0.618348    20.5132    -1.6548     -4.034     0.3309    -1.6492 -9.990e-29
 254.859855     -4.046   0.618423    20.5744    -1.6535     -4.012     0.3304    -1.6626 -9.990e-29
 254.859861     -4.022   0.618368    20.6401    -1.6521     -3.988     0.3299    -1.6770 -9.990e-29
 254.859867     -3.994   0.618111    20.7081    -1.6507     -3.961     0.3293    -1.6920 -9.990e-29
 254.859873     -3.961   0.617864    20.7763    -1.6495     -3.928     0.3287    -1.7071 -9.990e-29
 254.859878     -3.925   0.617850    20.8423    -1.6483     -3.892     0.3282    -1.7217 -9.990e-29
 254.859884     -3.892   0.617499    20.9045    -1.6473     -3.860     0.3275    -1.7357 -9.990e-29
 254.859890     -3.864   0.616341    20.9638    -1.6461     -3.832     0.3265    -1.7493 -9.990e-29
 254.859896     -3.839   0.615049    21.0200    -1.6451     -3.807     0.3254    -1.7624 -9.990e-29
 254.859902     -3.816   0.614671    21.0716    -1.6441     -3.784     0.3248    -1.7740 -9.990e-29
 254.859907     -3.794   0.615255    21.1201    -1.6434     -3.762     0.3247    -1.7847 -9.990e-29
 254.859913     -3.771   0.615920    21.1675    -1.6433     -3.740     0.3248    -1.7950 -9.990e-29
 254.859919     -3.745   0.615892    21.2133    -1.6427     -3.714     0.3244    -1.8053 -9.990e-29
 254.859925     -3.716   0.615132    21.2563    -1.6421     -3.685     0.3237    -1.8153 -9.990e-29
 254.859931     -3.685   0.614291    21.2963    -1.6420     -3.654     0.3230    -1.8247 -9.990e-29
 254.859936     -3.654   0.613908    21.3347    -1.6421     -3.624     0.3225    -1.8335 -9.990e-29
 254.859942     -3.622   0.614026    21.3723    -1.6421     -3.592     0.3223    -1.8420 -9.990e-29
 254.859948     -3.592   0.614249    21.4074    -1.6423     -3.562     0.3222    -1.8499 -9.990e-29
 254.859954     -3.564   0.613769    21.4374    -1.6427     -3.534     0.3217    -1.8569 -9.990e-29
 254.859959     -3.538   0.612499    21.4598    -1.6430     -3.509     0.3208    -1.8625 -9.990e-29
 254.859965     -3.512   0.611515    21.4763    -1.6434     -3.483     0.3202    -1.8666 -9.990e-29
 254.859971     -3.488   0.611721    21.4917    -1.6438     -3.459     0.3202    -1.8700 -9.990e-29
 254.859977     -3.469   0.612837    21.5048    -1.6442     -3.440     0.3207    -1.8726 -9.990e-29
 254.859983     -3.451   0.613582    21.5117    -1.6447     -3.422     0.3211    -1.8738 -9.990e-29
 254.859988     -3.427   0.613287    21.5129    -1.6452     -3.398     0.3209    -1.8742 -9.990e-29
 254.859994     -3.399   0.612669    21.5102    -1.6458     -3.371     0.3206    -1.8739 -9.990e-29
 254.860000     -3.376   0.612563    21.5038    -1.6463     -3.348     0.3206    -1.8725 -9.990e-29
 254.860006     -3.355   0.612829    21.4949    -1.6467     -3.327     0.3208    -1.8703 -9.990e-29
 254.860012     -3.331   0.612714    21.4840    -1.6472     -3.303     0.3208    -1.8679 -9.990e-29
 254.860017     -3.307   0.612065    21.4710    -1.6480     -3.279     0.3205    -1.8652 -9.990e-29
 254.860023     -3.284   0.611678    21.4566    -1.6487     -3.257     0.3204    -1.8621 -9.990e-29
 254.860029     -3.263   0.612146    21.4418    -1.6499     -3.236     0.3208    -1.8585 -9.990e-29
 254.860035     -3.242   0.612983    21.4260    -1.6504     -3.215     0.3213    -1.8546 -9.990e-29
 254.860041     -3.218   0.613090    21.4090    -1.6508     -3.191     0.3215    -1.8507 -9.990e-29
 254.860046     -3.191   0.612056    21.3916    -1.6512     -3.164     0.3211    -1.8472 -9.990e-29
 254.860052     -3.160   0.610719    21.3748    -1.6521     -3.134     0.3205    -1.8439 -9.990e-29
 254.860058     -3.125   0.610065    21.3575    -1.6531     -3.099     0.3202    -1.8402 -9.990e-29
 254.860064     -3.094   0.610333    21.3375    -1.6539     -3.068     0.3205    -1.8356 -9.990e-29
 254.860069     -3.069   0.610770    21.3138    -1.6544     -3.043     0.3209    -1.8301 -9.990e-29
 254.860075     -3.049   0.610296    21.2867    -1.6553     -3.024     0.3209    -1.8241 -9.990e-29
 254.860081     -3.031   0.608835    21.2594    -1.6568     -3.006     0.3203    -1.8186 -9.990e-29
 254.860087     -3.015   0.607209    21.2369    -1.6578     -2.990     0.3196    -1.8142 -9.990e-29
 254.860093     -3.001   0.606017    21.2186    -1.6583     -2.976     0.3190    -1.8106 -9.990e-29
 254.860098     -2.986   0.605334    21.1986    -1.6585     -2.961     0.3188    -1.8063 -9.990e-29
 254.860104     -2.970   0.604803    21.1734    -1.6585     -2.945     0.3187    -1.8009 -9.990e-29
 254.860110     -2.953   0.604269    21.1450    -1.6588     -2.928     0.3186    -1.7948 -9.990e-29
 254.860116     -2.932   0.604130    21.1183    -1.6592     -2.908     0.3187    -1.7888 -9.990e-29
 254.860122     -2.907   0.604200    21.0925    -1.6595     -2.883     0.3189    -1.7830 -9.990e-29
 254.860127     -2.880   0.603463    21.0619    -1.6602     -2.856     0.3188    -1.7765 -9.990e-29
 254.860133     -2.854   0.601491    21.0273    -1.6607     -2.830     0.3179    -1.7696 -9.990e-29
 254.860139     -2.827   0.599533    20.9969    -1.6611     -2.803     0.3171    -1.7636 -9.990e-29
 254.860145     -2.802   0.599409    20.9764    -1.6611     -2.779     0.3172    -1.7591 -9.990e-29
 254.860150     -2.782   0.600953    20.9651    -1.6614     -2.759     0.3181    -1.7560 -9.990e-29
 254.860156     -2.765   0.601795    20.9577    -1.6615     -2.742     0.3186    -1.7540 -9.990e-29
 254.860162     -2.749   0.600286    20.9485    -1.6613     -2.726     0.3178    -1.7525 -9.990e-29
 254.860168     -2.735   0.597738    20.9365    -1.6610     -2.712     0.3165    -1.7509 -9.990e-29
 254.860174     -2.722   0.596847    20.9225    -1.6609     -2.699     0.3161    -1.7482 -9.990e-29
 254.860179     -2.707   0.598086    20.9069    -1.6612     -2.684     0.3169    -1.7442 -9.990e-29
 254.860185     -2.691   0.599231    20.8923    -1.6613     -2.669     0.3176    -1.7405 -9.990e-29
 254.860191     -2.673   0.598483    20.8820    -1.6620     -2.651     0.3173    -1.7385 -9.990e-29
 254.860197     -2.650   0.596509    20.8754    -1.6626     -2.628     0.3163    -1.7379 -9.990e-29
 254.860203     -2.623   0.595106    20.8710    -1.6626     -2.601     0.3155    -1.7375 -9.990e-29
 254.860208     -2.592   0.594622    20.8700    -1.6625     -2.570     0.3153    -1.7375 -9.990e-29
 254.860214     -2.566   0.593855    20.8731    -1.6625     -2.545     0.3149    -1.7385 -9.990e-29
 254.860220     -2.546   0.592338    20.8769    -1.6623     -2.525     0.3140    -1.7400 -9.990e-29
 254.860226     -2.532   0.591371    20.8771    -1.6623     -2.511     0.3135    -1.7404 -9.990e-29
 254.860231     -2.522   0.591882    20.8724    -1.6622     -2.501     0.3138    -1.7392 -9.990e-29
 254.860237     -2.516   0.592334    20.8631    -1.6620     -2.495     0.3141    -1.7369 -9.990e-29
 254.860243     -2.509   0.591117    20.8496    -1.6618     -2.488     0.3135    -1.7344 -9.990e-29
 254.860249     -2.497   0.589375    20.8372    -1.6618     -2.476     0.3127    -1.7324 -9.990e-29
 254.860255     -2.483   0.589217    20.8316    -1.6617     -2.462     0.3126    -1.7312 -9.990e-29
 254.860260     -2.470   0.590432    20.8317    -1.6622     -2.449     0.3133    -1.7308 -9.990e-29
 254.860266     -2.457   0.590765    20.8343    -1.6625     -2.437     0.3134    -1.7312 -9.990e-29
 254.860272     -2.444   0.588997    20.8375    -1.6627     -2.424     0.3124    -1.7326 -9.990e-29
 254.860278     -2.430   0.586094    20.8408    -1.6629     -2.410     0.3108    -1.7346 -9.990e-29
 254.860284     -2.414   0.583726    20.8446    -1.6634     -2.394     0.3095    -1.7364 -9.990e-29
 254.860289     -2.395   0.582612    20.8491    -1.6642     -2.375     0.3089    -1.7378 -9.990e-29
 254.860295     -2.372   0.582375    20.8531    -1.6649     -2.352     0.3087    -1.7388 -9.990e-29
 254.860301     -2.343   0.582145    20.8548    -1.6654     -2.323     0.3086    -1.7393 -9.990e-29
 254.860307     -2.311   0.581063    20.8522    -1.6659     -2.292     0.3080    -1.7392 -9.990e-29
 254.860312     -2.282   0.579345    20.8449    -1.6664     -2.263     0.3071    -1.7383 -9.990e-29
 254.860318     -2.258   0.578025    20.8358    -1.6666     -2.239     0.3065    -1.7368 -9.990e-29
 254.860324     -2.239   0.577560    20.8266    -1.6668     -2.220     0.3063    -1.7350 -9.990e-29
 254.860330     -2.223   0.577329    20.8157    -1.6669     -2.204     0.3062    -1.7327 -9.990e-29
 254.860336     -2.208   0.576472    20.8000    -1.6670     -2.190     0.3059    -1.7296 -9.990e-29
 254.860341     -2.195   0.574951    20.7797    -1.6670     -2.177     0.3052    -1.7257 -9.990e-29
 254.860347     -2.181   0.573510    20.7591    -1.6672     -2.163     0.3045    -1.7218 -9.990e-29
 254.860353     -2.167   0.572996    20.7410    -1.6673     -2.149     0.3044    -1.7180 -9.990e-29
 254.860359     -2.151   0.573280    20.7251    -1.6674     -2.133     0.3046    -1.7144 -9.990e-29
 254.860365     -2.136   0.573076    20.7119    -1.6673     -2.118     0.3046    -1.7116 -9.990e-29
 254.860370     -2.127   0.571559    20.7023    -1.6671     -2.109     0.3039    -1.7101 -9.990e-29
 254.860376     -2.118   0.569477    20.6959    -1.6670     -2.100     0.3028    -1.7096 -9.990e-29
 254.860382     -2.104   0.567929    20.6917    -1.6670     -2.086     0.3019    -1.7093 -9.990e-29
 254.860388     -2.084   0.567067    20.6886    -1.6671     -2.067     0.3015    -1.7090 -9.990e-29
 254.860394     -2.062   0.566298    20.6858    -1.6673     -2.045     0.3011    -1.7087 -9.990e-29
 254.860399     -2.040   0.565150    20.6833    -1.6672     -2.023     0.3005    -1.7086 -9.990e-29
 254.860405     -2.016   0.563753    20.6810    -1.6672     -1.999     0.2997    -1.7087 -9.990e-29
 254.860411     -1.995   0.562459    20.6798    -1.6675     -1.978     0.2990    -1.7090 -9.990e-29
 254.860417     -1.978   0.561759    20.6816    -1.6677     -1.962     0.2986    -1.7096 -9.990e-29
 254.860422     -1.964   0.561827    20.6852    -1.6676     -1.948     0.2987    -1.7104 -9.990e-29
 254.860428     -1.953   0.561647    20.6875    -1.6673     -1.937     0.2985    -1.7110 -9.990e-29
 254.860434     -1.944   0.560424    20.6874    -1.6670     -1.928     0.2979    -1.7115 -9.990e-29
 254.860440     -1.936   0.558743    20.6856    -1.6666     -1.920     0.2970    -1.7118 -9.990e-29
 254.860446     -1.929   0.557131    20.6836    -1.6663     -1.913     0.2961    -1.7120 -9.990e-29
 254.860451     -1.923   0.555656    20.6824    -1.6661     -1.907     0.2953    -1.7124 -9.990e-29
 254.860457     -1.917   0.554566    20.6801    -1.6664     -1.901     0.2947    -1.7123 -9.990e-29
 254.860463     -1.910   0.554071    20.6758    -1.6666     -1.894     0.2945    -1.7116 -9.990e-29
 254.860469     -1.902   0.554064    20.6731    -1.6665     -1.886     0.2945    -1.7110 -9.990e-29
 254.860475     -1.893   0.553982    20.6755    -1.6669     -1.877     0.2944    -1.7115 -9.990e-29
 254.860480     -1.882   0.553160    20.6827    -1.6672     -1.866     0.2940    -1.7135 -9.990e-29
 254.860486     -1.869   0.551612    20.6925    -1.6671     -1.853     0.2930    -1.7163 -9.990e-29
 254.860492     -1.852   0.550043    20.7029    -1.6669     -1.837     0.2921    -1.7192 -9.990e-29
 254.860498     -1.830   0.549129    20.7117    -1.6669     -1.815     0.2916    -1.7215 -9.990e-29
 254.860503     -1.803   0.548759    20.7158    -1.6670     -1.788     0.2913    -1.7225 -9.990e-29
 254.860509     -1.772   0.548441    20.7142    -1.6669     -1.757     0.2912    -1.7223 -9.990e-29
 254.860515     -1.745   0.547751    20.7105    -1.6668     -1.730     0.2908    -1.7218 -9.990e-29
 254.860521     -1.723   0.546322    20.7062    -1.6666     -1.709     0.2901    -1.7214 -9.990e-29
 254.860527     -1.706   0.544466    20.7002    -1.6667     -1.692     0.2891    -1.7209 -9.990e-29
 254.860532     -1.692   0.543031    20.6955    -1.6669     -1.678     0.2884    -1.7205 -9.990e-29
 254.860538     -1.680   0.542318    20.6948    -1.6675     -1.666     0.2880    -1.7206 -9.990e-29
 254.860544     -1.670   0.541933    20.6962    -1.6681     -1.656     0.2877    -1.7211 -9.990e-29
 254.860550     -1.661   0.541362    20.6970    -1.6688     -1.647     0.2874    -1.7215 -9.990e-29
 254.860556     -1.653   0.540396    20.6975    -1.6696     -1.639     0.2869    -1.7220 -9.990e-29
 254.860561     -1.644   0.539408    20.6990    -1.6700     -1.630     0.2864    -1.7227 -9.990e-29
 254.860567     -1.635   0.538744    20.7015    -1.6699     -1.621     0.2860    -1.7236 -9.990e-29
 254.860573     -1.625   0.538071    20.7031    -1.6699     -1.611     0.2856    -1.7242 -9.990e-29
 254.860579     -1.612   0.537046    20.7004    -1.6698     -1.599     0.2851    -1.7240 -9.990e-29
 254.860584     -1.602   0.535966    20.6910    -1.6697     -1.589     0.2845    -1.7224 -9.990e-29
 254.860590     -1.597   0.535051    20.6757    -1.6701     -1.584     0.2841    -1.7194 -9.990e-29
 254.860596     -1.592   0.534189    20.6571    -1.6702     -1.579     0.2838    -1.7157 -9.990e-29
