data/oxygen options/OCNMS/OCNMS1/raw_data/2020/CAST_CA015_200930faed.cnv
* Sea-Bird SBE 19 Data File:
* FileName = C:\2020 Mooring Data\Casts\CAST_CA015_200930.hex
* Software Version SeatermAF 2.1.2
* Temperature SN = 2997
* Conductivity SN = 2997
* System UpLoad Time = Sep 30 2020 21:08:56 (localtime) = Sep 30 2020 21:08:56 (UTC)
** CAST_CA015_200930
* ds
# nquan = 9                                 
# nvalues = 917                         
# units = specified
# name 0 = timeJ: Julian Days
# name 1 = prSM: Pressure, Strain Gauge [db]
# name 2 = c0mS/cm: Conductivity [mS/cm]
# name 3 = t090C: Temperature [ITS-90, deg C]
# name 4 = sbeox0ML/L: Oxygen, SBE 43 [ml/l]
# name 5 = depSM: Depth [salt water, m], lat = 47.5
# name 6 = sal00: Salinity, Practical [PSU]
# name 7 = sigma-é00: Density [sigma-theta, kg/m^3]
# name 8 = flag: flag
# span 0 = 274.846366, 274.851667       
# span 1 =     -5.393,     17.895       
# span 2 =   0.369421,  37.859060       
# span 3 =    13.7480,    16.2887       
# span 4 =    -1.8443,    13.3226       
# span 5 =     -5.348,     17.745       
# span 6 =     0.2174,    31.2496       
# span 7 =    -0.9086,    23.3421       
# span 8 = 0.0000e+00, 0.0000e+00       
# interval = seconds: 0.5
# start_time = Sep 30 2020 20:18:46 [Instrument's time stamp, header]
# bad_flag = -9.990e-29
*END*
 274.846366     -5.393 -9.990e-29    16.2649    -1.8151     -5.348 -9.990e-29 -9.990e-29 -9.990e-29
 274.846372     -5.383   0.445603    16.2637    -1.8152     -5.338     0.2605    -0.8976 -9.990e-29
 274.846377     -5.371   0.445252    16.2631    -1.8154     -5.326     0.2603    -0.8977 -9.990e-29
 274.846383     -5.355   0.444753    16.2624    -1.8155     -5.310     0.2600    -0.8978 -9.990e-29
 274.846389     -5.335   0.444548    16.2616    -1.8156     -5.291     0.2599    -0.8978 -9.990e-29
 274.846395     -5.309   0.444732    16.2616    -1.8156     -5.265     0.2600    -0.8977 -9.990e-29
 274.846400     -5.276   0.444998    16.2625    -1.8155     -5.232     0.2602    -0.8977 -9.990e-29
 274.846406     -5.237   0.444961    16.2637    -1.8155     -5.193     0.2602    -0.8979 -9.990e-29
 274.846412     -5.200   0.444575    16.2648    -1.8155     -5.157     0.2599    -0.8983 -9.990e-29
 274.846418     -5.165   0.444249    16.2650    -1.8155     -5.122     0.2597    -0.8985 -9.990e-29
 274.846424     -5.131   0.444103    16.2634    -1.8153     -5.088     0.2596    -0.8983 -9.990e-29
 274.846429     -5.095   0.443944    16.2610    -1.8153     -5.053     0.2596    -0.8979 -9.990e-29
 274.846435     -5.055   0.443561    16.2591    -1.8153     -5.013     0.2593    -0.8978 -9.990e-29
 274.846441     -5.013   0.443001    16.2581    -1.8155     -4.971     0.2590    -0.8979 -9.990e-29
 274.846447     -4.975   0.442625    16.2582    -1.8155     -4.934     0.2588    -0.8981 -9.990e-29
 274.846453     -4.942   0.442486    16.2589    -1.8155     -4.901     0.2587    -0.8983 -9.990e-29
 274.846458     -4.912   0.442403    16.2593    -1.8155     -4.871     0.2586    -0.8984 -9.990e-29
 274.846464     -4.885   0.442265    16.2600    -1.8152     -4.844     0.2586    -0.8986 -9.990e-29
 274.846470     -4.857   0.441888    16.2616    -1.8151     -4.817     0.2583    -0.8990 -9.990e-29
 274.846476     -4.832   0.441327    16.2636    -1.8151     -4.792     0.2580    -0.8996 -9.990e-29
 274.846481     -4.811   0.440942    16.2647    -1.8148     -4.771     0.2577    -0.9000 -9.990e-29
 274.846487     -4.790   0.440777    16.2645    -1.8147     -4.750     0.2576    -0.9000 -9.990e-29
 274.846493     -4.763   0.440611    16.2634    -1.8146     -4.723     0.2575    -0.8999 -9.990e-29
 274.846499     -4.732   0.440224    16.2626    -1.8145     -4.693     0.2573    -0.8999 -9.990e-29
 274.846505     -4.700   0.439658    16.2631    -1.8146     -4.661     0.2570    -0.9003 -9.990e-29
 274.846510     -4.665   0.439268    16.2654    -1.8148     -4.626     0.2567    -0.9009 -9.990e-29
 274.846516     -4.628   0.439088    16.2691    -1.8150     -4.589     0.2566    -0.9016 -9.990e-29
 274.846522     -4.592   0.438880    16.2726    -1.8150     -4.554     0.2565    -0.9023 -9.990e-29
 274.846528     -4.555   0.438368    16.2761    -1.8150     -4.517     0.2561    -0.9031 -9.990e-29
 274.846534     -4.518   0.437425    16.2801    -1.8150     -4.480     0.2555    -0.9042 -9.990e-29
 274.846539     -4.483   0.436457    16.2840    -1.8150     -4.446     0.2549    -0.9053 -9.990e-29
 274.846545     -4.448   0.435835    16.2871    -1.8150     -4.411     0.2545    -0.9061 -9.990e-29
 274.846551     -4.416   0.435286    16.2882    -1.8148     -4.379     0.2542    -0.9066 -9.990e-29
 274.846557     -4.387   0.434634    16.2866    -1.8145     -4.350     0.2538    -0.9066 -9.990e-29
 274.846563     -4.361   0.434121    16.2830    -1.8146     -4.325     0.2535    -0.9062 -9.990e-29
 274.846568     -4.336   0.433617    16.2798    -1.8147     -4.300     0.2533    -0.9059 -9.990e-29
 274.846574     -4.311   0.433007    16.2785    -1.8149     -4.275     0.2529    -0.9060 -9.990e-29
 274.846580     -4.283   0.432586    16.2786    -1.8146     -4.247     0.2526    -0.9062 -9.990e-29
 274.846586     -4.250   0.432348    16.2796    -1.8147     -4.215     0.2525    -0.9065 -9.990e-29
 274.846591     -4.216   0.431975    16.2809    -1.8148     -4.181     0.2523    -0.9069 -9.990e-29
 274.846597     -4.187   0.431527    16.2826    -1.8151     -4.152     0.2520    -0.9074 -9.990e-29
 274.846603     -4.164   0.431517    16.2852    -1.8156     -4.129     0.2520    -0.9078 -9.990e-29
 274.846609     -4.146   0.431930    16.2879    -1.8159     -4.111     0.2522    -0.9081 -9.990e-29
 274.846615     -4.129   0.432211    16.2887    -1.8161     -4.095     0.2524    -0.9081 -9.990e-29
 274.846620     -4.106   0.432184    16.2877    -1.8162     -4.072     0.2523    -0.9079 -9.990e-29
 274.846626     -4.081   0.431812    16.2874    -1.8165     -4.047     0.2521    -0.9080 -9.990e-29
 274.846632     -4.056   0.431154    16.2880    -1.8168     -4.022     0.2517    -0.9085 -9.990e-29
 274.846638     -4.029   0.430445    16.2871    -1.8173     -3.995     0.2513    -0.9086 -9.990e-29
 274.846644     -4.000   0.429848    16.2832    -1.8172     -3.967     0.2510    -0.9082 -9.990e-29
 274.846649     -3.969   0.429675    16.2763    -1.8173     -3.936     0.2509    -0.9071 -9.990e-29
 274.846655     -3.940   0.429697    16.2677    -1.8173     -3.907     0.2510    -0.9057 -9.990e-29
 274.846661     -3.911   0.429391    16.2597    -1.8173     -3.878     0.2508    -0.9044 -9.990e-29
 274.846667     -3.884   0.428906    16.2535    -1.8175     -3.852     0.2506    -0.9036 -9.990e-29
 274.846672     -3.862   0.428704    16.2479    -1.8176     -3.830     0.2505    -0.9027 -9.990e-29
 274.846678     -3.843   0.429070    16.2412    -1.8179     -3.811     0.2508    -0.9014 -9.990e-29
 274.846684     -3.827   0.429385    16.2335    -1.8182     -3.795     0.2510    -0.9000 -9.990e-29
 274.846690     -3.811   0.428963    16.2268    -1.8185     -3.779     0.2508    -0.8990 -9.990e-29
 274.846696     -3.796   0.428351    16.2229    -1.8187     -3.764     0.2504    -0.8986 -9.990e-29
 274.846701     -3.779   0.428395    16.2210    -1.8189     -3.747     0.2505    -0.8983 -9.990e-29
 274.846707     -3.761   0.429154    16.2198    -1.8189     -3.730     0.2509    -0.8977 -9.990e-29
 274.846713     -3.740   0.429982    16.2184    -1.8189     -3.709     0.2514    -0.8971 -9.990e-29
 274.846719     -3.714   0.430320    16.2157    -1.8189     -3.683     0.2517    -0.8965 -9.990e-29
 274.846725     -3.687   0.430067    16.2112    -1.8188     -3.656     0.2515    -0.8959 -9.990e-29
 274.846730     -3.660   0.429440    16.2052    -1.8187     -3.629     0.2512    -0.8951 -9.990e-29
 274.846736     -3.633   0.428714    16.1983    -1.8186     -3.603     0.2508    -0.8943 -9.990e-29
 274.846742     -3.607   0.428029    16.1914    -1.8188     -3.577     0.2504    -0.8934 -9.990e-29
 274.846748     -3.585   0.427583    16.1859    -1.8189     -3.555     0.2502    -0.8927 -9.990e-29
 274.846753     -3.567   0.427336    16.1824    -1.8188     -3.537     0.2501    -0.8922 -9.990e-29
 274.846759     -3.550   0.426960    16.1805    -1.8186     -3.520     0.2499    -0.8921 -9.990e-29
 274.846765     -3.533   0.426509    16.1798    -1.8185     -3.504     0.2496    -0.8922 -9.990e-29
 274.846771     -3.516   0.426491    16.1804    -1.8185     -3.487     0.2496    -0.8923 -9.990e-29
 274.846777     -3.498   0.426883    16.1820    -1.8187     -3.469     0.2498    -0.8924 -9.990e-29
 274.846782     -3.477   0.427100    16.1837    -1.8188     -3.448     0.2499    -0.8926 -9.990e-29
 274.846788     -3.451   0.426879    16.1845    -1.8186     -3.422     0.2498    -0.8928 -9.990e-29
 274.846794     -3.421   0.426482    16.1841    -1.8184     -3.392     0.2495    -0.8929 -9.990e-29
 274.846800     -3.387   0.426489    16.1839    -1.8184     -3.359     0.2496    -0.8929 -9.990e-29
 274.846806     -3.356   0.426909    16.1852    -1.8185     -3.328     0.2498    -0.8929 -9.990e-29
 274.846811     -3.330   0.427196    16.1876    -1.8186     -3.302     0.2500    -0.8932 -9.990e-29
 274.846817     -3.308   0.427180    16.1894    -1.8187     -3.280     0.2499    -0.8935 -9.990e-29
 274.846823     -3.289   0.426841    16.1894    -1.8189     -3.262     0.2497    -0.8936 -9.990e-29
 274.846829     -3.271   0.426283    16.1883    -1.8188     -3.244     0.2494    -0.8937 -9.990e-29
 274.846834     -3.253   0.425872    16.1881    -1.8186     -3.226     0.2492    -0.8939 -9.990e-29
 274.846840     -3.234   0.425614    16.1900    -1.8183     -3.207     0.2490    -0.8943 -9.990e-29
 274.846846     -3.212   0.425167    16.1928    -1.8184     -3.185     0.2487    -0.8950 -9.990e-29
 274.846852     -3.187   0.424489    16.1940    -1.8185     -3.160     0.2483    -0.8955 -9.990e-29
 274.846858     -3.161   0.423785    16.1925    -1.8185     -3.135     0.2479    -0.8956 -9.990e-29
 274.846863     -3.141   0.423227    16.1896    -1.8183     -3.115     0.2476    -0.8953 -9.990e-29
 274.846869     -3.126   0.423179    16.1872    -1.8184     -3.100     0.2475    -0.8950 -9.990e-29
 274.846875     -3.105   0.423581    16.1862    -1.8183     -3.079     0.2478    -0.8946 -9.990e-29
 274.846881     -3.079   0.423861    16.1877    -1.8184     -3.053     0.2480    -0.8947 -9.990e-29
 274.846887     -3.053   0.423840    16.1916    -1.8187     -3.028     0.2479    -0.8954 -9.990e-29
 274.846892     -3.031   0.423492    16.1951    -1.8189     -3.006     0.2477    -0.8962 -9.990e-29
 274.846898     -3.010   0.422908    16.1961    -1.8192     -2.985     0.2473    -0.8966 -9.990e-29
 274.846904     -2.990   0.422419    16.1959    -1.8194     -2.965     0.2470    -0.8968 -9.990e-29
 274.846910     -2.969   0.421927    16.1963    -1.8194     -2.944     0.2467    -0.8971 -9.990e-29
 274.846916     -2.946   0.421332    16.1972    -1.8194     -2.921     0.2464    -0.8975 -9.990e-29
 274.846921     -2.920   0.420950    16.1977    -1.8194     -2.896     0.2461    -0.8978 -9.990e-29
 274.846927     -2.893   0.420825    16.1974    -1.8198     -2.869     0.2461    -0.8978 -9.990e-29
 274.846933     -2.868   0.420794    16.1954    -1.8203     -2.844     0.2461    -0.8975 -9.990e-29
 274.846939     -2.842   0.420815    16.1909    -1.8206     -2.818     0.2461    -0.8967 -9.990e-29
 274.846944     -2.820   0.420919    16.1850    -1.8205     -2.796     0.2462    -0.8956 -9.990e-29
 274.846950     -2.802   0.421245    16.1793    -1.8204     -2.779     0.2464    -0.8945 -9.990e-29
 274.846956     -2.790   0.421674    16.1752    -1.8202     -2.767     0.2467    -0.8936 -9.990e-29
 274.846962     -2.781   0.421671    16.1729    -1.8201     -2.758     0.2467    -0.8932 -9.990e-29
 274.846968     -2.775   0.421234    16.1708    -1.8198     -2.752     0.2465    -0.8931 -9.990e-29
 274.846973     -2.772   0.420891    16.1667    -1.8198     -2.749     0.2463    -0.8925 -9.990e-29
 274.846979     -2.767   0.420740    16.1595    -1.8200     -2.744     0.2462    -0.8914 -9.990e-29
 274.846985     -2.756   0.420579    16.1512    -1.8204     -2.733     0.2462    -0.8901 -9.990e-29
 274.846991     -2.742   0.420197    16.1458    -1.8208     -2.719     0.2460    -0.8893 -9.990e-29
 274.846997     -2.728   0.419638    16.1449    -1.8210     -2.705     0.2457    -0.8894 -9.990e-29
 274.847002     -2.715   0.419266    16.1470    -1.8212     -2.692     0.2454    -0.8900 -9.990e-29
 274.847008     -2.700   0.419141    16.1506    -1.8212     -2.677     0.2453    -0.8906 -9.990e-29
 274.847014     -2.684   0.419099    16.1548    -1.8211     -2.662     0.2453    -0.8914 -9.990e-29
 274.847020     -2.664   0.419086    16.1582    -1.8212     -2.642     0.2453    -0.8919 -9.990e-29
 274.847025     -2.640   0.419083    16.1583    -1.8212     -2.618     0.2453    -0.8920 -9.990e-29
 274.847031     -2.614   0.419089    16.1540    -1.8212     -2.592     0.2453    -0.8912 -9.990e-29
 274.847037     -2.590   0.419114    16.1468    -1.8212     -2.568     0.2453    -0.8900 -9.990e-29
 274.847043     -2.565   0.419190    16.1390    -1.8211     -2.544     0.2454    -0.8886 -9.990e-29
 274.847049     -2.542   0.419422    16.1329    -1.8211     -2.521     0.2456    -0.8875 -9.990e-29
 274.847054     -2.525   0.419565    16.1293    -1.8213     -2.504     0.2457    -0.8868 -9.990e-29
 274.847060     -2.511   0.419256    16.1278    -1.8216     -2.490     0.2455    -0.8867 -9.990e-29
 274.847066     -2.500   0.418640    16.1273    -1.8217     -2.479     0.2452    -0.8869 -9.990e-29
 274.847072     -2.492   0.418006    16.1268    -1.8217     -2.471     0.2448    -0.8871 -9.990e-29
 274.847078     -2.486   0.417616    16.1263    -1.8215     -2.465     0.2446    -0.8872 -9.990e-29
 274.847083     -2.482   0.417505    16.1260    -1.8216     -2.461     0.2445    -0.8872 -9.990e-29
 274.847089     -2.478   0.417528    16.1260    -1.8214     -2.457     0.2445    -0.8872 -9.990e-29
 274.847095     -2.476   0.417716    16.1262    -1.8216     -2.455     0.2446    -0.8872 -9.990e-29
 274.847101     -2.471   0.418318    16.1251    -1.8215     -2.450     0.2450    -0.8867 -9.990e-29
 274.847106     -2.457   0.419027    16.1220    -1.8216     -2.437     0.2454    -0.8858 -9.990e-29
 274.847112     -2.439   0.419125    16.1182    -1.8220     -2.419     0.2455    -0.8851 -9.990e-29
 274.847118     -2.419   0.418742    16.1160    -1.8224     -2.399     0.2453    -0.8850 -9.990e-29
 274.847124     -2.396   0.418475    16.1160    -1.8226     -2.376     0.2451    -0.8851 -9.990e-29
 274.847130     -2.370   0.418519    16.1173    -1.8227     -2.350     0.2452    -0.8853 -9.990e-29
 274.847135     -2.341   0.418378    16.1183    -1.8228     -2.321     0.2451    -0.8855 -9.990e-29
 274.847141     -2.318   0.417864    16.1185    -1.8227     -2.299     0.2448    -0.8858 -9.990e-29
 274.847147     -2.299   0.417398    16.1180    -1.8227     -2.280     0.2445    -0.8859 -9.990e-29
 274.847153     -2.277   0.416911    16.1165    -1.8226     -2.258     0.2442    -0.8859 -9.990e-29
 274.847159     -2.257   0.416307    16.1126    -1.8228     -2.238     0.2439    -0.8855 -9.990e-29
 274.847164     -2.241   0.415886    16.1058    -1.8228     -2.222     0.2436    -0.8846 -9.990e-29
 274.847170     -2.227   0.415641    16.0985    -1.8231     -2.208     0.2435    -0.8834 -9.990e-29
 274.847176     -2.216   0.415243    16.0932    -1.8236     -2.198     0.2433    -0.8827 -9.990e-29
 274.847182     -2.207   0.414712    16.0899    -1.8240     -2.189     0.2430    -0.8824 -9.990e-29
 274.847188     -2.198   0.414449    16.0880    -1.8243     -2.180     0.2429    -0.8822 -9.990e-29
 274.847193     -2.189   0.414654    16.0876    -1.8241     -2.171     0.2430    -0.8821 -9.990e-29
 274.847199     -2.181   0.415047    16.0879    -1.8242     -2.163     0.2432    -0.8819 -9.990e-29
 274.847205     -2.171   0.415042    16.0875    -1.8242     -2.153     0.2432    -0.8819 -9.990e-29
 274.847211     -2.160   0.414631    16.0854    -1.8241     -2.142     0.2430    -0.8817 -9.990e-29
 274.847216     -2.148   0.414371    16.0814    -1.8240     -2.130     0.2429    -0.8811 -9.990e-29
 274.847222     -2.132   0.414468    16.0749    -1.8239     -2.114     0.2430    -0.8800 -9.990e-29
 274.847228     -2.112   0.414497    16.0663    -1.8242     -2.094     0.2430    -0.8785 -9.990e-29
 274.847234     -2.087   0.413941    16.0581    -1.8246     -2.070     0.2427    -0.8774 -9.990e-29
 274.847240     -2.060   0.413165    16.0533    -1.8245     -2.043     0.2423    -0.8770 -9.990e-29
 274.847245     -2.037   0.412796    16.0520    -1.8246     -2.020     0.2421    -0.8769 -9.990e-29
 274.847251     -2.021   0.412892    16.0515    -1.8246     -2.004     0.2422    -0.8768 -9.990e-29
 274.847257     -2.012   0.413027    16.0512    -1.8244     -1.995     0.2422    -0.8767 -9.990e-29
 274.847263     -2.008   0.412826    16.0519    -1.8242     -1.991     0.2421    -0.8769 -9.990e-29
 274.847269     -2.006   0.412575    16.0530    -1.8241     -1.989     0.2420    -0.8772 -9.990e-29
 274.847274     -2.000   0.412491    16.0522    -1.8239     -1.983     0.2419    -0.8771 -9.990e-29
 274.847280     -1.991   0.412459    16.0483    -1.8239     -1.974     0.2419    -0.8765 -9.990e-29
 274.847286     -1.977   0.412438    16.0440    -1.8237     -1.961     0.2419    -0.8757 -9.990e-29
