data/oxygen options/OCNMS/OCNMS1/raw_data/2020/CAST_KL015_200911faed.cnv
* Sea-Bird SBE 19 Data File:
* FileName = C:\2020 Mooring Data\Casts\CAST_KL015_200911.hex
* Software Version SeatermAF 2.1.2
* Temperature SN = 2997
* Conductivity SN = 2997
* System UpLoad Time = Sep 11 2020 21:44:59 (localtime) = Sep 11 2020 21:44:59 (UTC)
** CAST_KL015_200911
* ds
# nquan = 9                                 
# nvalues = 792                         
# units = specified
# name 0 = timeJ: Julian Days
# name 1 = prSM: Pressure, Strain Gauge [db]
# name 2 = c0mS/cm: Conductivity [mS/cm]
# name 3 = t090C: Temperature [ITS-90, deg C]
# name 4 = sbeox0ML/L: Oxygen, SBE 43 [ml/l]
# name 5 = depSM: Depth [salt water, m], lat = 47.5
# name 6 = sal00: Salinity, Practical [PSU]
# name 7 = sigma-é00: Density [sigma-theta, kg/m^3]
# name 8 = flag: flag
# span 0 = 255.886563, 255.891140       
# span 1 =     -4.889,     16.409       
# span 2 =   0.287069,  39.296938       
# span 3 =    10.3002,    15.3087       
# span 4 =    -1.8898,    17.1255       
# span 5 =     -4.848,     16.271       
# span 6 =     0.1705,    33.1061       
# span 7 =    -0.8139,    25.4092       
# span 8 = 0.0000e+00, 0.0000e+00       
# interval = seconds: 0.5
# start_time = Sep 11 2020 21:16:39 [Instrument's time stamp, header]
# bad_flag = -9.990e-29
*END*
[from data line 481]
 255.889346      1.127  39.210498    13.4674    -1.5735      1.118    32.9236    24.6916 -9.990e-29
 255.889352      1.128  39.225471    13.4687    -1.5737      1.119    32.9365    24.7013 -9.990e-29
 255.889358      1.129  39.240062    13.4715    -1.5738      1.120    32.9478    24.7094 -9.990e-29
 255.889363      1.128  39.237827    13.4746    -1.5741      1.119    32.9430    24.7051 -9.990e-29
 255.889369      1.124  39.223638    13.4772    -1.5742      1.115    32.9275    24.6926 -9.990e-29
 255.889375      1.116  39.207185    13.4777    -1.5746      1.107    32.9116    24.6803 -9.990e-29
 255.889381      1.110  39.197938    13.4765    -1.5745      1.101    32.9040    24.6746 -9.990e-29
 255.889387      1.107  39.203756    13.4769    -1.5744      1.098    32.9091    24.6785 -9.990e-29
 255.889392      1.109  39.220618    13.4800    -1.5744      1.100    32.9222    24.6880 -9.990e-29
 255.889398      1.115  39.235672    13.4838    13.0338      1.106    32.9330    24.6956 -9.990e-29
 255.889404      1.127  39.242068    13.4858    16.8452      1.118    32.9373    24.6985 -9.990e-29
 255.889410      1.139  39.239362    13.4835    17.1255      1.129    32.9367    24.6985 -9.990e-29
 255.889416      1.149  39.230118    13.4784    14.4456      1.139    32.9325    24.6962 -9.990e-29
 255.889421      1.161  39.221079    13.4748     8.6050      1.151    32.9271    24.6928 -9.990e-29
 255.889427      1.177  39.214218    13.4729     9.0011      1.167    32.9223    24.6895 -9.990e-29
 255.889433      1.189  39.203188    13.4700     9.4081      1.179    32.9145    24.6840 -9.990e-29
 255.889439      1.197  39.191232    13.4680     9.5086      1.187    32.9050    24.6771 -9.990e-29
 255.889444      1.207  39.192697    13.4725     9.4776      1.197    32.9025    24.6743 -9.990e-29
 255.889450      1.215  39.200562    13.4820     9.3885      1.205    32.9017    24.6717 -9.990e-29
 255.889456      1.217  39.192221    13.4890     9.2975      1.207    32.8879    24.6596 -9.990e-29
 255.889462      1.212  39.173380    13.4905     9.2093      1.202    32.8689    24.6447 -9.990e-29
 255.889468      1.210  39.162108    13.4896     9.1552      1.200    32.8592    24.6373 -9.990e-29
 255.889473      1.219  39.157400    13.4891     9.1223      1.209    32.8552    24.6343 -9.990e-29
 255.889479      1.230  39.155225    13.4908     9.0973      1.220    32.8517    24.6313 -9.990e-29
 255.889485      1.236  39.156607    13.4947     9.0561      1.226    32.8496    24.6289 -9.990e-29
 255.889491      1.238  39.158902    13.4970     9.0176      1.228    32.8498    24.6286 -9.990e-29
 255.889497      1.235  39.157881    13.4955     9.0098      1.225    32.8501    24.6291 -9.990e-29
 255.889502      1.232  39.154426    13.4923     9.0197      1.222    32.8497    24.6294 -9.990e-29
 255.889508      1.237  39.152345    13.4909     9.0362      1.227    32.8489    24.6291 -9.990e-29
 255.889514      1.249  39.152791    13.4927     8.9961      1.239    32.8478    24.6279 -9.990e-29
 255.889520      1.263  39.154116    13.4964     9.0222      1.252    32.8458    24.6256 -9.990e-29
 255.889525      1.273  39.153599    13.4996     9.0225      1.262    32.8426    24.6225 -9.990e-29
 255.889531      1.281  39.151114    13.5022     9.0358      1.270    32.8380    24.6184 -9.990e-29
 255.889537      1.287  39.150640    13.5044     9.0512      1.276    32.8357    24.6162 -9.990e-29
 255.889543      1.292  39.152666    13.5045     8.9978      1.281    32.8375    24.6175 -9.990e-29
 255.889549      1.295  39.152605    13.5019     9.0230      1.284    32.8397    24.6197 -9.990e-29
 255.889554      1.298  39.147574    13.4989     9.0234      1.287    32.8375    24.6187 -9.990e-29
 255.889560      1.300  39.139838    13.4964     9.0402      1.289    32.8325    24.6153 -9.990e-29
 255.889566      1.301  39.135909    13.4952     9.0546      1.290    32.8298    24.6135 -9.990e-29
 255.889572      1.302  39.141205    13.4980     9.0396      1.291    32.8324    24.6149 -9.990e-29
 255.889578      1.302  39.153813    13.5034     9.0497      1.291    32.8395    24.6193 -9.990e-29
 255.889583      1.302  39.164184    13.5053     9.0386      1.291    32.8476    24.6252 -9.990e-29
 255.889589      1.301  39.163713    13.5007     9.0364      1.290    32.8511    24.6288 -9.990e-29
 255.889595      1.300  39.152336    13.4935     9.0234      1.289    32.8466    24.6268 -9.990e-29
 255.889601      1.298  39.140124    13.4901     9.0173      1.287    32.8382    24.6209 -9.990e-29
 255.889606      1.295  39.138836    13.4919     9.0063      1.284    32.8354    24.6185 -9.990e-29
 255.889612      1.291  39.146191    13.4951     8.9915      1.280    32.8395    24.6210 -9.990e-29
 255.889618      1.286  39.151245    13.4961     9.0059      1.275    32.8434    24.6238 -9.990e-29
 255.889624      1.280  39.152886    13.4949     9.0258      1.269    32.8460    24.6260 -9.990e-29
 255.889630      1.271  39.154987    13.4934     9.0506      1.260    32.8492    24.6288 -9.990e-29
 255.889635      1.260  39.156424    13.4911     9.0630      1.249    32.8526    24.6319 -9.990e-29
 255.889641      1.251  39.154628    13.4855     9.0620      1.241    32.8557    24.6354 -9.990e-29
 255.889647      1.250  39.147202    13.4769     9.0613      1.240    32.8562    24.6375 -9.990e-29
 255.889653      1.258  39.136025    13.4704     9.0508      1.247    32.8513    24.6351 -9.990e-29
 255.889659      1.268  39.129750    13.4704     9.0338      1.257    32.8454    24.6305 -9.990e-29
 255.889664      1.274  39.131787    13.4754     9.0262      1.263    32.8430    24.6277 -9.990e-29
 255.889670      1.279  39.136439    13.4796     9.0289      1.268    32.8438    24.6274 -9.990e-29
 255.889676      1.281  39.139816    13.4801     9.0339      1.270    32.8465    24.6294 -9.990e-29
 255.889682      1.282  39.141374    13.4786     9.0440      1.271    32.8492    24.6318 -9.990e-29
 255.889688      1.281  39.141507    13.4780     9.0622      1.270    32.8499    24.6324 -9.990e-29
 255.889693      1.278  39.142076    13.4785     9.0626      1.267    32.8500    24.6324 -9.990e-29
 255.889699      1.273  39.141599    13.4771     9.0275      1.262    32.8507    24.6333 -9.990e-29
 255.889705      1.270  39.137757    13.4723     9.0194      1.259    32.8513    24.6347 -9.990e-29
 255.889711      1.273  39.132721    13.4674     9.0054      1.262    32.8508    24.6353 -9.990e-29
 255.889716      1.277  39.129311    13.4674     9.0040      1.266    32.8476    24.6328 -9.990e-29
 255.889722      1.280  39.130271    13.4740     9.0086      1.269    32.8428    24.6278 -9.990e-29
 255.889728      1.281  39.137439    13.4839     8.9532      1.270    32.8410    24.6244 -9.990e-29
 255.889734      1.280  39.146914    13.4922     8.9917      1.269    32.8427    24.6240 -9.990e-29
 255.889740      1.277  39.156188    13.4987     8.9986      1.266    32.8458    24.6251 -9.990e-29
 255.889745      1.276  39.168095    13.5061     8.9920      1.265    32.8505    24.6273 -9.990e-29
 255.889751      1.282  39.178883    13.5130     8.9943      1.271    32.8547    24.6291 -9.990e-29
 255.889757      1.291  39.182188    13.5170     8.9618      1.280    32.8543    24.6280 -9.990e-29
 255.889763      1.298  39.181295    13.5193     8.9790      1.287    32.8515    24.6254 -9.990e-29
 255.889769      1.304  39.182307    13.5213     9.0053      1.293    32.8507    24.6244 -9.990e-29
 255.889774      1.310  39.185453    13.5230     9.0070      1.299    32.8522    24.6252 -9.990e-29
 255.889780      1.316  39.188760    13.5250     8.9943      1.305    32.8536    24.6258 -9.990e-29
 255.889786      1.322  39.191588    13.5277     8.9949      1.311    32.8539    24.6255 -9.990e-29
 255.889792      1.329  39.192103    13.5298     9.0137      1.318    32.8526    24.6241 -9.990e-29
 255.889797      1.338  39.190991    13.5308     9.0172      1.327    32.8507    24.6224 -9.990e-29
 255.889803      1.348  39.191257    13.5314     9.0127      1.337    32.8504    24.6221 -9.990e-29
 255.889809      1.361  39.191016    13.5316     8.9959      1.350    32.8500    24.6217 -9.990e-29
 255.889815      1.368  39.188262    13.5307     8.9680      1.357    32.8482    24.6205 -9.990e-29
 255.889821      1.362  39.184935    13.5294     8.9809      1.351    32.8462    24.6192 -9.990e-29
 255.889826      1.350  39.183888    13.5299     8.9877      1.339    32.8448    24.6180 -9.990e-29
 255.889832      1.341  39.186531    13.5324     8.9888      1.330    32.8451    24.6178 -9.990e-29
 255.889838      1.334  39.191342    13.5344     9.0070      1.323    32.8479    24.6195 -9.990e-29
 255.889844      1.329  39.195763    13.5344     9.0125      1.318    32.8520    24.6227 -9.990e-29
 255.889850      1.325  39.198397    13.5334     9.0146      1.314    32.8553    24.6255 -9.990e-29
 255.889855      1.322  39.198834    13.5316     9.0217      1.311    32.8573    24.6274 -9.990e-29
 255.889861      1.319  39.196535    13.5286     9.0026      1.308    32.8577    24.6283 -9.990e-29
 255.889867      1.317  39.191801    13.5258     9.0029      1.306    32.8557    24.6273 -9.990e-29
 255.889873      1.316  39.188414    13.5251     9.0036      1.305    32.8532    24.6255 -9.990e-29
 255.889878      1.315  39.188591    13.5255     9.0048      1.304    32.8530    24.6253 -9.990e-29
 255.889884      1.314  39.188639    13.5242     9.0151      1.303    32.8542    24.6264 -9.990e-29
 255.889890      1.314  39.185821    13.5198     9.0010      1.303    32.8553    24.6282 -9.990e-29
 255.889896      1.313  39.181987    13.5149     9.0047      1.302    32.8559    24.6297 -9.990e-29
 255.889902      1.313  39.179319    13.5123     9.0251      1.302    32.8557    24.6300 -9.990e-29
 255.889907      1.314  39.178746    13.5117     9.0111      1.303    32.8557    24.6301 -9.990e-29
 255.889913      1.314  39.179503    13.5124     8.9718      1.303    32.8558    24.6301 -9.990e-29
 255.889919      1.315  39.179235    13.5131     8.9947      1.304    32.8549    24.6293 -9.990e-29
 255.889925      1.316  39.177587    13.5120     9.0120      1.305    32.8543    24.6290 -9.990e-29
 255.889931      1.318  39.174605    13.5095     9.0464      1.307    32.8537    24.6290 -9.990e-29
 255.889936      1.319  39.170241    13.5071     9.0604      1.308    32.8517    24.6280 -9.990e-29
 255.889942      1.322  39.168209    13.5057     8.9944      1.311    32.8510    24.6277 -9.990e-29
 255.889948      1.325  39.169727    13.5046     8.9950      1.314    32.8533    24.6298 -9.990e-29
 255.889954      1.329  39.169530    13.5021     8.9931      1.318    32.8553    24.6318 -9.990e-29
 255.889959      1.335  39.165671    13.4983     9.0305      1.324    32.8550    24.6323 -9.990e-29
 255.889965      1.338  39.161981    13.4959     9.0455      1.327    32.8536    24.6317 -9.990e-29
 255.889971      1.334  39.161390    13.4957     9.0356      1.323    32.8532    24.6315 -9.990e-29
 255.889977      1.327  39.162549    13.4953     9.0365      1.316    32.8546    24.6326 -9.990e-29
 255.889983      1.322  39.161397    13.4915     9.0406      1.311    32.8568    24.6351 -9.990e-29
 255.889988      1.317  39.155837    13.4851     9.0466      1.306    32.8571    24.6366 -9.990e-29
 255.889994      1.313  39.148552    13.4808     9.0518      1.302    32.8540    24.6351 -9.990e-29
 255.890000      1.309  39.145534    13.4803     9.0422      1.298    32.8516    24.6334 -9.990e-29
 255.890006      1.305  39.146685    13.4802     9.0431      1.294    32.8528    24.6343 -9.990e-29
 255.890012      1.300  39.146248    13.4777     9.0381      1.289    32.8546    24.6361 -9.990e-29
 255.890017      1.295  39.144202    13.4748     9.0281      1.284    32.8551    24.6372 -9.990e-29
 255.890023      1.293  39.143988    13.4739     9.0390      1.282    32.8557    24.6378 -9.990e-29
 255.890029      1.299  39.145882    13.4748     9.0378      1.288    32.8567    24.6384 -9.990e-29
 255.890035      1.308  39.146242    13.4754     9.0561      1.297    32.8565    24.6381 -9.990e-29
 255.890041      1.317  39.143865    13.4745     9.0620      1.306    32.8551    24.6372 -9.990e-29
 255.890046      1.327  39.142312    13.4718     9.0654      1.316    32.8559    24.6384 -9.990e-29
 255.890052      1.334  39.142318    13.4669     9.0578      1.323    32.8602    24.6426 -9.990e-29
 255.890058      1.333  39.141087    13.4610     9.0689      1.322    32.8641    24.6469 -9.990e-29
 255.890064      1.330  39.136978    13.4571     9.0756      1.319    32.8636    24.6473 -9.990e-29
 255.890069      1.328  39.131793    13.4588     9.0810      1.317    32.8573    24.6421 -9.990e-29
 255.890075      1.327  39.129788    13.4660     9.0887      1.316    32.8492    24.6344 -9.990e-29
 255.890081      1.327  39.131574    13.4723     9.0738      1.316    32.8455    24.6302 -9.990e-29
 255.890087      1.328  39.133846    13.4713     9.0673      1.317    32.8485    24.6327 -9.990e-29
 255.890093      1.330  39.133954    13.4637     9.0616      1.319    32.8551    24.6394 -9.990e-29
 255.890098      1.334  39.128609    13.4546     9.0199      1.323    32.8579    24.6434 -9.990e-29
 255.890104      1.339  39.120145    13.4500     9.0466      1.328    32.8540    24.6413 -9.990e-29
 255.890110      1.342  39.117393    13.4528     9.0609      1.331    32.8490    24.6368 -9.990e-29
 255.890116      1.338  39.122218    13.4598     9.0651      1.327    32.8475    24.6343 -9.990e-29
 255.890122      1.332  39.128639    13.4643     9.0735      1.321    32.8496    24.6350 -9.990e-29
 255.890127      1.327  39.133369    13.4643     8.9899      1.316    32.8540    24.6384 -9.990e-29
 255.890133      1.324  39.136477    13.4638     9.0327      1.313    32.8574    24.6411 -9.990e-29
 255.890139      1.321  39.138672    13.4662     9.0417      1.310    32.8574    24.6406 -9.990e-29
 255.890145      1.319  39.141685    13.4706     9.0607      1.308    32.8564    24.6390 -9.990e-29
 255.890150      1.317  39.145536    13.4746     9.0646      1.306    32.8566    24.6383 -9.990e-29
 255.890156      1.316  39.149678    13.4766     9.0439      1.305    32.8587    24.6396 -9.990e-29
 255.890162      1.315  39.152832    13.4765     9.0400      1.304    32.8617    24.6419 -9.990e-29
 255.890168      1.314  39.152962    13.4767     9.0324      1.303    32.8617    24.6418 -9.990e-29
 255.890174      1.314  39.151292    13.4797     9.0223      1.303    32.8575    24.6380 -9.990e-29
 255.890179      1.314  39.149450    13.4836     9.0242      1.303    32.8525    24.6333 -9.990e-29
 255.890185      1.314  39.150516    13.4863     9.0230      1.303    32.8511    24.6317 -9.990e-29
 255.890191      1.314  39.156960    13.4889     9.0277      1.303    32.8549    24.6342 -9.990e-29
 255.890197      1.315  39.163283    13.4917     9.0387      1.304    32.8584    24.6363 -9.990e-29
 255.890203      1.316  39.164941    13.4932     9.0383      1.305    32.8587    24.6362 -9.990e-29
 255.890208      1.317  39.164637    13.4936     9.0149      1.306    32.8581    24.6356 -9.990e-29
 255.890214      1.319  39.165258    13.4936     9.0009      1.308    32.8586    24.6361 -9.990e-29
 255.890220      1.321  39.166437    13.4936     9.0091      1.310    32.8597    24.6369 -9.990e-29
 255.890226      1.324  39.166871    13.4941     9.0176      1.313    32.8597    24.6368 -9.990e-29
 255.890231      1.328  39.165946    13.4950     9.0371      1.317    32.8581    24.6354 -9.990e-29
 255.890237      1.333  39.164599    13.4953     9.0385      1.322    32.8566    24.6341 -9.990e-29
 255.890243      1.340  39.164887    13.4949     9.0394      1.329    32.8572    24.6347 -9.990e-29
 255.890249      1.349  39.166562    13.4946     9.0335      1.338    32.8590    24.6361 -9.990e-29
 255.890255      1.356  39.167859    13.4949     9.0310      1.345    32.8599    24.6368 -9.990e-29
 255.890260      1.361  39.168753    13.4962     9.0321      1.350    32.8596    24.6363 -9.990e-29
