data/oxygen options/OCNMS/OCNMS1/raw_data/2020/CAST_KL015_200803faed.cnv
* Sea-Bird SBE 19 Data File:
* FileName = C:\2020 Mooring Data\Casts\CAST_KL015_200803.hex
* Software Version SeatermAF 2.1.2
* Temperature SN = 2997
* Conductivity SN = 2997
* System UpLoad Time = Aug 03 2020 18:32:37 (localtime) = Aug 03 2020 18:32:37 (UTC)
* ds
* SEACAT PROFILER V3.1c SN 2997   08/03/20  18:31:52.737
# nquan = 9                                 
# nvalues = 838                         
# units = specified
# name 0 = timeJ: Julian Days
# name 1 = prSM: Pressure, Strain Gauge [db]
# name 2 = c0mS/cm: Conductivity [mS/cm]
# name 3 = t090C: Temperature [ITS-90, deg C]
# name 4 = sbeox0ML/L: Oxygen, SBE 43 [ml/l]
# name 5 = depSM: Depth [salt water, m], lat = 47.5
# name 6 = sal00: Salinity, Practical [PSU]
# name 7 = sigma-é00: Density [sigma-theta, kg/m^3]
# name 8 = flag: flag
# span 0 = 216.765845, 216.770689       
# span 1 =     -5.355,     16.124       
# span 2 =   0.011603,  38.369511       
# span 3 =     7.8516,    16.5348       
# span 4 =   -12.5921,    22.4510       
# span 5 =     -5.310,     15.989       
# span 6 =     0.0125,    33.4020       
# span 7 =    -1.1331,    26.0324       
# span 8 = 0.0000e+00, 0.0000e+00       
# interval = seconds: 0.5
# start_time = Aug 03 2020 18:22:49 [Instrument's time stamp, header]
# bad_flag = -9.990e-29
*END*
[from data line 481]
 216.768628      0.804  38.029761    12.2213    -1.6145      0.797    32.8884    24.9078 -9.990e-29
 216.768634      0.797  38.000916    12.2120    -1.6146      0.790    32.8688    24.8943 -9.990e-29
 216.768640      0.792  37.973017    12.1971    -1.6149      0.785    32.8550    24.8865 -9.990e-29
 216.768646      0.788  37.966194    12.1833    17.1012      0.781    32.8605    24.8934 -9.990e-29
 216.768652      0.785  37.986258    12.1787    22.1631      0.778    32.8839    24.9124 -9.990e-29
 216.768657      0.782  38.019167    12.1875    22.4510      0.775    32.9079    24.9293 -9.990e-29
 216.768663      0.781  38.046855    12.2055    18.7932      0.774    32.9187    24.9343 -9.990e-29
 216.768669      0.780  38.060328    12.2322    10.9540      0.773    32.9082    24.9211 -9.990e-29
 216.768675      0.779  38.062059    12.2629    11.3380      0.772    32.8829    24.8957 -9.990e-29
 216.768681      0.779  38.052680    12.2849    11.8213      0.772    32.8546    24.8695 -9.990e-29
 216.768686      0.780  38.029778    12.2957    11.9311      0.773    32.8231    24.8430 -9.990e-29
 216.768692      0.781  38.000362    12.3015    11.8864      0.774    32.7897    24.8161 -9.990e-29
 216.768698      0.783  37.971718    12.3059    11.8134      0.776    32.7584    24.7909 -9.990e-29
 216.768704      0.786  37.941515    12.3092    11.7145      0.779    32.7265    24.7656 -9.990e-29
 216.768709      0.789  37.913183    12.3116    11.6250      0.782    32.6972    24.7424 -9.990e-29
 216.768715      0.794  37.898250    12.3107    11.5590      0.787    32.6836    24.7320 -9.990e-29
 216.768721      0.800  37.896977    12.3042    11.5282      0.793    32.6881    24.7367 -9.990e-29
 216.768727      0.804  37.899265    12.2972    11.4858      0.797    32.6964    24.7445 -9.990e-29
 216.768733      0.801  37.899762    12.2965    11.4446      0.794    32.6974    24.7455 -9.990e-29
 216.768738      0.795  37.899131    12.2998    11.4091      0.788    32.6940    24.7421 -9.990e-29
 216.768744      0.792  37.891488    12.2973    11.4010      0.785    32.6888    24.7386 -9.990e-29
 216.768750      0.789  37.871127    12.2864    11.3990      0.782    32.6788    24.7329 -9.990e-29
 216.768756      0.788  37.850121    12.2779    11.3997      0.781    32.6660    24.7246 -9.990e-29
 216.768762      0.788  37.845283    12.2820    11.3519      0.781    32.6578    24.7174 -9.990e-29
 216.768767      0.789  37.855204    12.2936    11.3909      0.782    32.6572    24.7148 -9.990e-29
 216.768773      0.791  37.863978    12.3011    11.3996      0.784    32.6591    24.7148 -9.990e-29
 216.768779      0.795  37.864818    12.3016    11.4114      0.788    32.6594    24.7150 -9.990e-29
 216.768785      0.799  37.861089    12.2989    11.4304      0.792    32.6582    24.7146 -9.990e-29
 216.768791      0.806  37.858466    12.2936    11.3688      0.799    32.6603    24.7172 -9.990e-29
 216.768796      0.815  37.857375    12.2851    11.4042      0.808    32.6667    24.7238 -9.990e-29
 216.768802      0.827  37.851320    12.2784    11.4231      0.820    32.6667    24.7250 -9.990e-29
 216.768808      0.838  37.841192    12.2744    11.4442      0.831    32.6604    24.7210 -9.990e-29
 216.768814      0.844  37.829175    12.2653    11.4646      0.837    32.6568    24.7199 -9.990e-29
 216.768819      0.851  37.814934    12.2478    11.4363      0.844    32.6584    24.7244 -9.990e-29
 216.768825      0.863  37.801331    12.2277    11.4285      0.856    32.6629    24.7317 -9.990e-29
 216.768831      0.877  37.781996    12.2130    11.4131      0.870    32.6571    24.7300 -9.990e-29
 216.768837      0.885  37.759156    12.2071    11.4189      0.878    32.6403    24.7180 -9.990e-29
 216.768843      0.883  37.749417    12.2035    11.4361      0.876    32.6340    24.7139 -9.990e-29
 216.768848      0.875  37.750436    12.1942    11.4448      0.868    32.6431    24.7227 -9.990e-29
 216.768854      0.869  37.755170    12.1795    11.4470      0.862    32.6605    24.7389 -9.990e-29
 216.768860      0.865  37.758727    12.1636    11.4397      0.858    32.6778    24.7554 -9.990e-29
 216.768866      0.859  37.758008    12.1522    11.4368      0.852    32.6871    24.7647 -9.990e-29
 216.768872      0.854  37.758774    12.1495    11.4337      0.847    32.6902    24.7676 -9.990e-29
 216.768877      0.855  37.762047    12.1529    11.4480      0.848    32.6904    24.7671 -9.990e-29
 216.768883      0.856  37.769947    12.1568    11.4526      0.849    32.6946    24.7697 -9.990e-29
 216.768889      0.854  37.781245    12.1577    11.4439      0.847    32.7047    24.7773 -9.990e-29
 216.768895      0.854  37.785235    12.1568    11.4542      0.847    32.7093    24.7811 -9.990e-29
 216.768900      0.858  37.782760    12.1578    11.4685      0.851    32.7061    24.7784 -9.990e-29
 216.768906      0.868  37.782285    12.1612    11.4813      0.861    32.7026    24.7751 -9.990e-29
 216.768912      0.880  37.783180    12.1643    11.4807      0.873    32.7008    24.7730 -9.990e-29
 216.768918      0.887  37.786078    12.1681    11.4443      0.880    32.7003    24.7719 -9.990e-29
 216.768924      0.888  37.797648    12.1799    11.4065      0.881    32.7011    24.7703 -9.990e-29
 216.768929      0.891  37.817631    12.2041    11.4157      0.884    32.6992    24.7643 -9.990e-29
 216.768935      0.899  37.839057    12.2369    11.4393      0.891    32.6911    24.7518 -9.990e-29
 216.768941      0.905  37.865289    12.2704    11.4597      0.897    32.6871    24.7424 -9.990e-29
 216.768947      0.916  37.894892    12.2944    11.4005      0.908    32.6946    24.7436 -9.990e-29
 216.768953      0.932  37.912999    12.3029    11.4018      0.924    32.7045    24.7497 -9.990e-29
 216.768958      0.946  37.917432    12.3002    11.3906      0.938    32.7111    24.7554 -9.990e-29
 216.768964      0.953  37.920269    12.2965    11.4021      0.945    32.7171    24.7607 -9.990e-29
 216.768970      0.955  37.932016    12.3011    11.4032      0.947    32.7244    24.7655 -9.990e-29
 216.768976      0.956  37.949288    12.3121    11.3451      0.948    32.7313    24.7688 -9.990e-29
 216.768981      0.960  37.963740    12.3156    11.3863      0.952    32.7421    24.7765 -9.990e-29
 216.768987      0.964  37.971676    12.3059    11.4130      0.956    32.7583    24.7908 -9.990e-29
 216.768993      0.962  37.970235    12.2995    11.4301      0.954    32.7625    24.7953 -9.990e-29
 216.768999      0.956  37.964220    12.3158    11.4384      0.948    32.7424    24.7767 -9.990e-29
 216.769005      0.948  37.962417    12.3513    11.3985      0.940    32.7097    24.7446 -9.990e-29
 216.769010      0.943  37.961299    12.3828    11.4031      0.935    32.6812    24.7164 -9.990e-29
 216.769016      0.940  37.954901    12.3974    11.4082      0.932    32.6623    24.6991 -9.990e-29
 216.769022      0.940  37.952069    12.4034    11.3968      0.932    32.6544    24.6918 -9.990e-29
 216.769028      0.942  37.959120    12.4081    11.3857      0.934    32.6571    24.6929 -9.990e-29
 216.769034      0.946  37.966969    12.4109    11.3717      0.938    32.6621    24.6963 -9.990e-29
 216.769039      0.953  37.969278    12.4125    11.3860      0.945    32.6629    24.6967 -9.990e-29
 216.769045      0.963  37.973047    12.4161    11.4097      0.955    32.6634    24.6963 -9.990e-29
 216.769051      0.972  37.981624    12.4223    11.4066      0.964    32.6662    24.6973 -9.990e-29
 216.769057      0.977  37.983474    12.4269    11.3732      0.969    32.6640    24.6947 -9.990e-29
 216.769062      0.977  37.973782    12.4256    11.3367      0.969    32.6559    24.6887 -9.990e-29
 216.769068      0.974  37.963720    12.4160    11.3551      0.966    32.6546    24.6895 -9.990e-29
 216.769074      0.967  37.956124    12.3981    11.3937      0.959    32.6629    24.6993 -9.990e-29
 216.769080      0.955  37.947030    12.3803    11.4370      0.947    32.6697    24.7080 -9.990e-29
 216.769086      0.937  37.941120    12.3706    11.4451      0.929    32.6725    24.7120 -9.990e-29
 216.769091      0.918  37.935555    12.3631    11.4493      0.910    32.6737    24.7144 -9.990e-29
 216.769097      0.903  37.922913    12.3451    11.4458      0.895    32.6772    24.7206 -9.990e-29
 216.769103      0.896  37.900906    12.3171    11.4549      0.889    32.6805    24.7284 -9.990e-29
 216.769109      0.898  37.874929    12.2950    11.4470      0.891    32.6749    24.7282 -9.990e-29
 216.769115      0.908  37.860765    12.2882    11.4520      0.900    32.6672    24.7236 -9.990e-29
 216.769120      0.922  37.861934    12.2929    11.4546      0.914    32.6642    24.7204 -9.990e-29
 216.769126      0.937  37.870467    12.3015    11.4602      0.929    32.6649    24.7193 -9.990e-29
 216.769132      0.954  37.880936    12.3092    11.4495      0.946    32.6682    24.7204 -9.990e-29
 216.769138      0.970  37.893855    12.3163    11.4527      0.962    32.6744    24.7239 -9.990e-29
 216.769144      0.978  37.907964    12.3231    11.4483      0.970    32.6820    24.7285 -9.990e-29
 216.769149      0.977  37.917427    12.3295    11.4437      0.969    32.6855    24.7300 -9.990e-29
 216.769155      0.976  37.924781    12.3360    11.4450      0.968    32.6869    24.7298 -9.990e-29
 216.769161      0.980  37.934231    12.3399    11.3754      0.972    32.6926    24.7335 -9.990e-29
 216.769167      0.988  37.941574    12.3397    11.3808      0.980    32.6998    24.7391 -9.990e-29
 216.769172      0.998  37.939795    12.3391    11.3822      0.990    32.6986    24.7383 -9.990e-29
 216.769178      1.005  37.932126    12.3408    11.4099      0.997    32.6898    24.7311 -9.990e-29
 216.769184      1.009  37.929072    12.3431    11.4243      1.001    32.6848    24.7268 -9.990e-29
 216.769190      1.012  37.930485    12.3451    11.4001      1.004    32.6845    24.7262 -9.990e-29
 216.769196      1.012  37.930966    12.3484    11.4183      1.004    32.6820    24.7237 -9.990e-29
 216.769201      1.011  37.932841    12.3542    11.3907      1.003    32.6788    24.7200 -9.990e-29
 216.769207      1.009  37.938611    12.3616    11.3551      1.001    32.6779    24.7179 -9.990e-29
 216.769213      1.004  37.946446    12.3699    11.3211      0.996    32.6781    24.7166 -9.990e-29
 216.769219      0.997  37.959512    12.3839    11.2915      0.989    32.6785    24.7142 -9.990e-29
 216.769225      0.991  37.990192    12.4130    11.2818      0.983    32.6825    24.7117 -9.990e-29
 216.769230      0.995  38.033455    12.4570    11.2967      0.987    32.6856    24.7058 -9.990e-29
 216.769236      1.009  38.065191    12.4963    11.3263      1.001    32.6818    24.6953 -9.990e-29
 216.769242      1.026  38.077298    12.5096    11.3426      1.017    32.6818    24.6927 -9.990e-29
 216.769248      1.037  38.065759    12.4946    11.3669      1.028    32.6838    24.6971 -9.990e-29
 216.769253      1.035  38.016879    12.4615    11.3920      1.026    32.6658    24.6896 -9.990e-29
 216.769259      1.016  37.965775    12.4238    11.4122      1.008    32.6497    24.6843 -9.990e-29
 216.769265      0.986  37.957475    12.3970    11.4209      0.978    32.6651    24.7013 -9.990e-29
 216.769271      0.962  37.962982    12.3867    11.4097      0.954    32.6794    24.7143 -9.990e-29
 216.769277      0.949  37.962742    12.3887    11.4126      0.941    32.6774    24.7124 -9.990e-29
 216.769282      0.948  37.969878    12.3979    11.4181      0.940    32.6762    24.7097 -9.990e-29
 216.769288      0.959  37.980458    12.4125    11.4044      0.951    32.6737    24.7050 -9.990e-29
 216.769294      0.981  37.992345    12.4306    11.3850      0.973    32.6693    24.6981 -9.990e-29
 216.769300      1.008  38.006264    12.4423    11.3706      1.000    32.6724    24.6983 -9.990e-29
 216.769306      1.024  38.014446    12.4412    11.3811      1.015    32.6812    24.7053 -9.990e-29
 216.769311      1.022  38.013239    12.4306    11.3920      1.013    32.6893    24.7136 -9.990e-29
 216.769317      1.006  38.008879    12.4164    11.4026      0.998    32.6975    24.7227 -9.990e-29
 216.769323      0.988  38.005080    12.4060    11.3840      0.980    32.7029    24.7289 -9.990e-29
 216.769329      0.980  38.001259    12.4033    11.3786      0.972    32.7016    24.7284 -9.990e-29
 216.769334      0.981  37.999603    12.4045    11.3905      0.973    32.6990    24.7261 -9.990e-29
 216.769340      0.986  38.005188    12.4063    11.3753      0.978    32.7027    24.7287 -9.990e-29
 216.769346      1.001  38.017619    12.4100    11.3085      0.993    32.7114    24.7347 -9.990e-29
 216.769352      1.026  38.030462    12.4151    11.3351      1.017    32.7193    24.7398 -9.990e-29
 216.769358      1.050  38.033785    12.4189    11.3414      1.041    32.7191    24.7390 -9.990e-29
 216.769363      1.062  38.027263    12.4225    11.3689      1.053    32.7097    24.7310 -9.990e-29
 216.769369      1.062  38.025462    12.4302    11.4099      1.053    32.7013    24.7230 -9.990e-29
 216.769375      1.059  38.034138    12.4434    11.3885      1.050    32.6981    24.7180 -9.990e-29
 216.769381      1.058  38.043882    12.4570    11.4262      1.049    32.6956    24.7135 -9.990e-29
 216.769387      1.058  38.045587    12.4637    11.4195      1.049    32.6914    24.7089 -9.990e-29
 216.769392      1.059  38.040720    12.4602    11.4204      1.050    32.6898    24.7084 -9.990e-29
 216.769398      1.061  38.034874    12.4498    11.4233      1.052    32.6932    24.7130 -9.990e-29
 216.769404      1.064  38.031214    12.4382    11.3824      1.055    32.6998    24.7204 -9.990e-29
 216.769410      1.069  38.024610    12.4292    11.3708      1.060    32.7014    24.7232 -9.990e-29
 216.769416      1.076  38.016091    12.4256    11.3393      1.067    32.6963    24.7200 -9.990e-29
 216.769421      1.080  38.015337    12.4266    11.3328      1.071    32.6947    24.7186 -9.990e-29
 216.769427      1.070  38.015491    12.4292    11.3269      1.061    32.6926    24.7165 -9.990e-29
 216.769433      1.041  38.014828    12.4346    11.3158      1.032    32.6873    24.7113 -9.990e-29
 216.769439      1.007  38.020619    12.4454    11.3245      0.999    32.6834    24.7063 -9.990e-29
 216.769444      0.989  38.034177    12.4630    11.3161      0.981    32.6811    24.7011 -9.990e-29
 216.769450      0.997  38.052601    12.4865    11.3303      0.989    32.6783    24.6944 -9.990e-29
 216.769456      1.032  38.072195    12.5098    11.3360      1.023    32.6767    24.6887 -9.990e-29
 216.769462      1.084  38.089703    12.5261    11.3225      1.075    32.6793    24.6876 -9.990e-29
 216.769468      1.139  38.096847    12.5345    11.3018      1.129    32.6788    24.6856 -9.990e-29
 216.769473      1.183  38.092261    12.5345    11.2807      1.173    32.6744    24.6822 -9.990e-29
 216.769479      1.206  38.084711    12.5286    11.2602      1.196    32.6723    24.6817 -9.990e-29
 216.769485      1.205  38.082933    12.5271    11.2520      1.195    32.6719    24.6817 -9.990e-29
 216.769491      1.189  38.089911    12.5364    11.2264      1.179    32.6705    24.6788 -9.990e-29
 216.769497      1.174  38.104615    12.5531    11.2360      1.164    32.6700    24.6752 -9.990e-29
 216.769502      1.172  38.124548    12.5695    11.2704      1.162    32.6748    24.6758 -9.990e-29
 216.769508      1.192  38.140740    12.5790    11.3050      1.182    32.6820    24.6795 -9.990e-29
 216.769514      1.237  38.142595    12.5804    11.3685      1.227    32.6825    24.6797 -9.990e-29
 216.769520      1.304  38.136266    12.5791    11.3971      1.293    32.6776    24.6761 -9.990e-29
 216.769525      1.379  38.132675    12.5782    11.3501      1.367    32.6749    24.6742 -9.990e-29
 216.769531      1.459  38.130146    12.5776    11.2325      1.447    32.6730    24.6728 -9.990e-29
 216.769537      1.547  38.128980    12.5771    11.2070      1.534    32.6723    24.6724 -9.990e-29
 216.769543      1.647  38.132419    12.5767    11.2871      1.633    32.6759    24.6752 -9.990e-29
