data/oxygen options/OCNMS/OCNMS1/raw_data/2020/CAST_TH015_200911faed.cnv
* Sea-Bird SBE 19 Data File:
* FileName = C:\2020 Mooring Data\Casts\CAST_TH015_200911.hex
* Software Version SeatermAF 2.1.2
* Temperature SN = 2997
* Conductivity SN = 2997
* System UpLoad Time = Sep 11 2020 01:04:48 (localtime) = Sep 11 2020 01:04:48 (UTC)
** CAST_TH015_200911
* ds
# nquan = 9                                 
# nvalues = 1103                        
# units = specified
# name 0 = timeJ: Julian Days
# name 1 = prSM: Pressure, Strain Gauge [db]
# name 2 = c0mS/cm: Conductivity [mS/cm]
# name 3 = t090C: Temperature [ITS-90, deg C]
# name 4 = sbeox0ML/L: Oxygen, SBE 43 [ml/l]
# name 5 = depSM: Depth [salt water, m], lat = 47.5
# name 6 = sal00: Salinity, Practical [PSU]
# name 7 = sigma-é00: Density [sigma-theta, kg/m^3]
# name 8 = flag: flag
# span 0 = 254.999549, 255.005926       
# span 1 =     -6.185,     16.402       
# span 2 =   0.328178,  40.655304       
# span 3 =     9.4277,    21.0770       
# span 4 =    -1.7029,    18.9861       
# span 5 =     -6.133,     16.264       
# span 6 =     0.1737,    34.4223       
# span 7 =    -1.8862,    25.9283       
# span 8 = 0.0000e+00, 0.0000e+00       
# interval = seconds: 0.5
# start_time = Sep 10 2020 23:59:21 [Instrument's time stamp, header]
# bad_flag = -9.990e-29
*END*
[from data line 161]
 255.000480     -2.723   0.343047    20.8800    -1.6594     -2.700     0.1800    -1.8429 -9.990e-29
 255.000486     -2.711   0.343047    20.8933    -1.6590     -2.688     0.1799    -1.8458 -9.990e-29
 255.000492     -2.698   0.343046    20.9048    -1.6586     -2.676     0.1799    -1.8483 -9.990e-29
 255.000498     -2.683   0.343046    20.9141    -1.6582     -2.661     0.1799    -1.8503 -9.990e-29
 255.000503     -2.665   0.343046    20.9217    -1.6586     -2.643     0.1798    -1.8520 -9.990e-29
 255.000509     -2.647   0.343046    20.9297    -1.6590     -2.625     0.1798    -1.8538 -9.990e-29
 255.000515     -2.632   0.343046    20.9395    -1.6598     -2.610     0.1798    -1.8559 -9.990e-29
 255.000521     -2.615   0.343046    20.9513    -1.6609     -2.593     0.1797    -1.8585 -9.990e-29
 255.000527     -2.599   0.343046    20.9642    -1.6623     -2.577     0.1797    -1.8613 -9.990e-29
 255.000532     -2.591   0.343046    20.9768    -1.6629     -2.569     0.1796    -1.8641 -9.990e-29
 255.000538     -2.588   0.343046    20.9890    -1.6628     -2.566     0.1796    -1.8668 -9.990e-29
 255.000544     -2.584   0.343046    20.9993    -1.6627     -2.562     0.1795    -1.8690 -9.990e-29
 255.000550     -2.579   0.343045    21.0031    -1.6627     -2.557     0.1795    -1.8699 -9.990e-29
 255.000556     -2.573   0.343045    20.9971    -1.6623     -2.552     0.1795    -1.8686 -9.990e-29
 255.000561     -2.562   0.343045    20.9818    -1.6620     -2.541     0.1796    -1.8652 -9.990e-29
 255.000567     -2.543   0.343045    20.9575    -1.6618     -2.522     0.1797    -1.8599 -9.990e-29
 255.000573     -2.526   0.343044    20.9261    -1.6617     -2.505     0.1798    -1.8530 -9.990e-29
 255.000579     -2.513   0.343043    20.8957    -1.6614     -2.492     0.1799    -1.8463 -9.990e-29
 255.000584     -2.503   0.343040    20.8760    -1.6609     -2.482     0.1800    -1.8420 -9.990e-29
 255.000590     -2.495   0.343031    20.8690    -1.6603     -2.474     0.1800    -1.8405 -9.990e-29
 255.000596     -2.489   0.343004    20.8691    -1.6600     -2.468     0.1800    -1.8405 -9.990e-29
 255.000602     -2.486   0.342922    20.8731    -1.6597     -2.465     0.1800    -1.8414 -9.990e-29
 255.000608     -2.483   0.342676    20.8806    -1.6592     -2.462     0.1798    -1.8431 -9.990e-29
 255.000613     -2.482   0.342491    20.8889    -1.6586     -2.461     0.1797    -1.8450 -9.990e-29
 255.000619     -2.483   0.342675    20.8959    -1.6583     -2.462     0.1797    -1.8465 -9.990e-29
 255.000625     -2.480   0.342920    20.9038    -1.6583     -2.459     0.1798    -1.8481 -9.990e-29
 255.000631     -2.470   0.342997    20.9149    -1.6581     -2.449     0.1798    -1.8505 -9.990e-29
 255.000637     -2.457   0.343012    20.9290    -1.6578     -2.437     0.1798    -1.8536 -9.990e-29
 255.000642     -2.443   0.342984    20.9439    -1.6574     -2.423     0.1797    -1.8569 -9.990e-29
 255.000648     -2.427   0.342876    20.9578    -1.6575     -2.407     0.1796    -1.8600 -9.990e-29
 255.000654     -2.410   0.342545    20.9718    -1.6575     -2.390     0.1794    -1.8632 -9.990e-29
 255.000660     -2.389   0.342101    20.9868    -1.6575     -2.369     0.1791    -1.8667 -9.990e-29
 255.000666     -2.368   0.342061    21.0010    -1.6579     -2.348     0.1790    -1.8698 -9.990e-29
 255.000671     -2.350   0.342372    21.0115    -1.6589     -2.330     0.1791    -1.8720 -9.990e-29
 255.000677     -2.333   0.342340    21.0185    -1.6595     -2.314     0.1791    -1.8735 -9.990e-29
 255.000683     -2.320   0.341923    21.0255    -1.6596     -2.301     0.1788    -1.8753 -9.990e-29
 255.000689     -2.312   0.341672    21.0335    -1.6597     -2.293     0.1787    -1.8771 -9.990e-29
 255.000694     -2.302   0.341807    21.0395    -1.6600     -2.283     0.1787    -1.8784 -9.990e-29
 255.000700     -2.291   0.341956    21.0416    -1.6606     -2.272     0.1788    -1.8788 -9.990e-29
 255.000706     -2.277   0.341762    21.0404    -1.6609     -2.258     0.1787    -1.8786 -9.990e-29
 255.000712     -2.265   0.341522    21.0346    -1.6604     -2.246     0.1786    -1.8774 -9.990e-29
 255.000718     -2.257   0.341470    21.0210    -1.6598     -2.238     0.1786    -1.8744 -9.990e-29
 255.000723     -2.253   0.341537    21.0017    -1.6593     -2.234     0.1787    -1.8702 -9.990e-29
 255.000729     -2.248   0.341812    20.9851    -1.6587     -2.229     0.1789    -1.8664 -9.990e-29
 255.000735     -2.239   0.342108    20.9746    -1.6582     -2.220     0.1791    -1.8640 -9.990e-29
 255.000741     -2.228   0.342264    20.9666    -1.6579     -2.209     0.1793    -1.8622 -9.990e-29
 255.000747     -2.220   0.342488    20.9568    -1.6576     -2.201     0.1794    -1.8599 -9.990e-29
 255.000752     -2.213   0.342525    20.9469    -1.6572     -2.195     0.1795    -1.8577 -9.990e-29
 255.000758     -2.208   0.342427    20.9439    -1.6571     -2.190     0.1794    -1.8571 -9.990e-29
 255.000764     -2.203   0.342616    20.9520    -1.6570     -2.185     0.1795    -1.8588 -9.990e-29
 255.000770     -2.199   0.342789    20.9671    -1.6568     -2.181     0.1795    -1.8621 -9.990e-29
 255.000775     -2.196   0.342624    20.9843    -1.6565     -2.178     0.1794    -1.8659 -9.990e-29
 255.000781     -2.192   0.342456    21.0014    -1.6563     -2.174     0.1792    -1.8697 -9.990e-29
 255.000787     -2.189   0.342613    21.0164    -1.6565     -2.171     0.1792    -1.8730 -9.990e-29
 255.000793     -2.185   0.342753    21.0288    -1.6568     -2.167     0.1793    -1.8756 -9.990e-29
 255.000799     -2.180   0.342508    21.0395    -1.6571     -2.162     0.1791    -1.8781 -9.990e-29
 255.000804     -2.175   0.342105    21.0488    -1.6576     -2.157     0.1789    -1.8803 -9.990e-29
 255.000810     -2.169   0.342114    21.0558    -1.6581     -2.151     0.1788    -1.8818 -9.990e-29
 255.000816     -2.161   0.342548    21.0614    -1.6584     -2.143     0.1790    -1.8829 -9.990e-29
 255.000822     -2.151   0.342877    21.0676    -1.6586     -2.133     0.1792    -1.8841 -9.990e-29
 255.000828     -2.138   0.342987    21.0739    -1.6588     -2.120     0.1792    -1.8855 -9.990e-29
 255.000833     -2.122   0.343023    21.0770    -1.6590     -2.104     0.1792    -1.8862 -9.990e-29
 255.000839     -2.102   0.343035    21.0744    -1.6591     -2.084     0.1792    -1.8856 -9.990e-29
 255.000845     -2.080   0.343039    21.0667    -1.6594     -2.063     0.1793    -1.8839 -9.990e-29
 255.000851     -2.064   0.343041    21.0555    -1.6596     -2.047     0.1793    -1.8814 -9.990e-29
 255.000856     -2.052   0.343041    21.0420    -1.6598     -2.035     0.1794    -1.8784 -9.990e-29
 255.000862     -2.040   0.343041    21.0284    -1.6600     -2.023     0.1794    -1.8754 -9.990e-29
 255.000868     -2.031   0.343041    21.0174    -1.6605     -2.014     0.1795    -1.8730 -9.990e-29
 255.000874     -2.024   0.343041    21.0088    -1.6608     -2.007     0.1795    -1.8711 -9.990e-29
 255.000880     -2.015   0.343041    21.0015    -1.6616     -1.998     0.1795    -1.8695 -9.990e-29
 255.000885     -2.004   0.343040    20.9953    -1.6625     -1.987     0.1796    -1.8681 -9.990e-29
 255.000891     -1.989   0.343039    20.9894    -1.6626     -1.972     0.1796    -1.8668 -9.990e-29
 255.000897     -1.974   0.343034    20.9827    -1.6625     -1.958     0.1796    -1.8654 -9.990e-29
 255.000903     -1.963   0.343021    20.9753    -1.6624     -1.947     0.1796    -1.8638 -9.990e-29
 255.000909     -1.954   0.342981    20.9674    -1.6623     -1.938     0.1796    -1.8620 -9.990e-29
 255.000914     -1.947   0.342862    20.9575    -1.6623     -1.931     0.1796    -1.8599 -9.990e-29
 255.000920     -1.941   0.342506    20.9447    -1.6621     -1.925     0.1795    -1.8572 -9.990e-29
 255.000926     -1.937   0.341992    20.9286    -1.6619     -1.921     0.1793    -1.8539 -9.990e-29
 255.000932     -1.933   0.341741    20.9093    -1.6619     -1.917     0.1792    -1.8498 -9.990e-29
 255.000937     -1.930   0.341974    20.8918    -1.6619     -1.914     0.1794    -1.8459 -9.990e-29
 255.000943     -1.928   0.342446    20.8825    -1.6619     -1.912     0.1797    -1.8436 -9.990e-29
 255.000949     -1.926   0.342680    20.8807    -1.6618     -1.910     0.1798    -1.8431 -9.990e-29
 255.000955     -1.924   0.342432    20.8819    -1.6617     -1.908     0.1797    -1.8435 -9.990e-29
 255.000961     -1.922   0.341926    20.8840    -1.6615     -1.906     0.1794    -1.8442 -9.990e-29
 255.000966     -1.920   0.341597    20.8871    -1.6615     -1.904     0.1792    -1.8450 -9.990e-29
 255.000972     -1.918   0.341561    20.8913    -1.6614     -1.902     0.1792    -1.8459 -9.990e-29
 255.000978     -1.916   0.341768    20.8953    -1.6615     -1.900     0.1793    -1.8467 -9.990e-29
 255.000984     -1.913   0.341940    20.8977    -1.6615     -1.897     0.1793    -1.8472 -9.990e-29
 255.000990     -1.910   0.341753    20.8987    -1.6616     -1.894     0.1792    -1.8475 -9.990e-29
 255.000995     -1.906   0.341509    20.8997    -1.6616     -1.890     0.1791    -1.8478 -9.990e-29
 255.001001     -1.900   0.341436    20.9020    -1.6616     -1.884     0.1791    -1.8483 -9.990e-29
 255.001007     -1.894   0.341436    20.9054    -1.6615     -1.878     0.1790    -1.8491 -9.990e-29
 255.001013     -1.885   0.341509    20.9089    -1.6615     -1.869     0.1791    -1.8498 -9.990e-29
 255.001019     -1.874   0.341753    20.9117    -1.6613     -1.858     0.1792    -1.8503 -9.990e-29
 255.001024     -1.859   0.341939    20.9134    -1.6613     -1.843     0.1793    -1.8506 -9.990e-29
 255.001030     -1.841   0.341759    20.9133    -1.6613     -1.826     0.1792    -1.8507 -9.990e-29
 255.001036     -1.822   0.341526    20.9119    -1.6612     -1.807     0.1791    -1.8504 -9.990e-29
 255.001042     -1.805   0.341484    20.9105    -1.6611     -1.790     0.1791    -1.8501 -9.990e-29
 255.001047     -1.789   0.341575    20.9102    -1.6612     -1.774     0.1791    -1.8500 -9.990e-29
 255.001053     -1.773   0.341922    20.9117    -1.6610     -1.758     0.1793    -1.8502 -9.990e-29
 255.001059     -1.756   0.342432    20.9139    -1.6610     -1.741     0.1795    -1.8505 -9.990e-29
 255.001065     -1.746   0.342678    20.9155    -1.6608     -1.731     0.1797    -1.8508 -9.990e-29
 255.001071     -1.750   0.342432    20.9169    -1.6608     -1.735     0.1795    -1.8512 -9.990e-29
 255.001076     -1.760   0.341919    20.9183    -1.6608     -1.745     0.1793    -1.8517 -9.990e-29
 255.001082     -1.764   0.341564    20.9199    -1.6608     -1.749     0.1791    -1.8522 -9.990e-29
 255.001088     -1.758   0.341446    20.9221    -1.6608     -1.743     0.1790    -1.8527 -9.990e-29
 255.001094     -1.745   0.341407    20.9241    -1.6607     -1.730     0.1790    -1.8532 -9.990e-29
 255.001100     -1.735   0.341394    20.9257    -1.6608     -1.721     0.1789    -1.8535 -9.990e-29
 255.001105     -1.729   0.341390    20.9281    -1.6607     -1.715     0.1789    -1.8540 -9.990e-29
 255.001111     -1.724   0.341388    20.9314    -1.6608     -1.710     0.1789    -1.8548 -9.990e-29
 255.001117     -1.715   0.341388    20.9345    -1.6607     -1.701     0.1789    -1.8554 -9.990e-29
 255.001123     -1.705   0.341389    20.9360    -1.6606     -1.691     0.1789    -1.8558 -9.990e-29
 255.001128     -1.699   0.341389    20.9362    -1.6607     -1.685     0.1789    -1.8558 -9.990e-29
 255.001134     -1.695   0.341390    20.9364    -1.6606     -1.681     0.1789    -1.8559 -9.990e-29
 255.001140     -1.694   0.341390    20.9367    -1.6606     -1.680     0.1789    -1.8559 -9.990e-29
 255.001146     -1.696   0.341390    20.9372    -1.6605     -1.682     0.1789    -1.8560 -9.990e-29
 255.001152     -1.696   0.341391    20.9380    -1.6605     -1.682     0.1789    -1.8562 -9.990e-29
 255.001157     -1.690   0.341391    20.9386    -1.6605     -1.676     0.1789    -1.8563 -9.990e-29
 255.001163     -1.682   0.341391    20.9391    -1.6604     -1.668     0.1789    -1.8565 -9.990e-29
 255.001169     -1.676   0.341392    20.9403    -1.6604     -1.662     0.1789    -1.8567 -9.990e-29
 255.001175     -1.671   0.341392    20.9416    -1.6603     -1.657     0.1789    -1.8570 -9.990e-29
 255.001181     -1.667   0.341393    20.9424    -1.6602     -1.653     0.1789    -1.8572 -9.990e-29
 255.001186     -1.664   0.341393    20.9435    -1.6601     -1.650     0.1789    -1.8574 -9.990e-29
 255.001192     -1.662   0.341393    20.9449    -1.6601     -1.648     0.1789    -1.8577 -9.990e-29
 255.001198     -1.660   0.341394    20.9460    -1.6600     -1.646     0.1789    -1.8580 -9.990e-29
 255.001204     -1.659   0.341394    20.9471    -1.6600     -1.645     0.1789    -1.8582 -9.990e-29
 255.001209     -1.658   0.341395    20.9486    -1.6601     -1.644     0.1789    -1.8585 -9.990e-29
 255.001215     -1.657   0.341395    20.9504    -1.6602     -1.643     0.1789    -1.8589 -9.990e-29
 255.001221     -1.656   0.341395    20.9523    -1.6602     -1.642     0.1788    -1.8593 -9.990e-29
 255.001227     -1.655   0.341396    20.9546    -1.6602     -1.641     0.1788    -1.8599 -9.990e-29
 255.001233     -1.654   0.341396    20.9571    -1.6602     -1.640     0.1788    -1.8604 -9.990e-29
 255.001238     -1.654   0.341396    20.9591    -1.6603     -1.640     0.1788    -1.8608 -9.990e-29
 255.001244     -1.653   0.341396    20.9606    -1.6604     -1.639     0.1788    -1.8612 -9.990e-29
 255.001250     -1.652   0.341395    20.9614    -1.6606     -1.638     0.1788    -1.8613 -9.990e-29
 255.001256     -1.652   0.341391    20.9610    -1.6606     -1.638     0.1788    -1.8613 -9.990e-29
 255.001262     -1.651   0.341378    20.9596    -1.6607     -1.637     0.1788    -1.8610 -9.990e-29
 255.001267     -1.650   0.341337    20.9581    -1.6607     -1.636     0.1788    -1.8606 -9.990e-29
 255.001273     -1.648   0.341214    20.9572    -1.6607     -1.634     0.1787    -1.8605 -9.990e-29
 255.001279     -1.647   0.340846    20.9566    -1.6607     -1.633     0.1785    -1.8605 -9.990e-29
 255.001285     -1.645   0.340294    20.9553    -1.6607     -1.631     0.1783    -1.8604 -9.990e-29
 255.001291     -1.642   0.339930    20.9527    -1.6606     -1.628     0.1781    -1.8600 -9.990e-29
 255.001296     -1.638   0.339821    20.9492    -1.6607     -1.624     0.1780    -1.8593 -9.990e-29
 255.001302     -1.634   0.339821    20.9459    -1.6607     -1.620     0.1780    -1.8586 -9.990e-29
 255.001308     -1.628   0.339931    20.9437    -1.6607     -1.614     0.1781    -1.8580 -9.990e-29
 255.001314     -1.621   0.340296    20.9424    -1.6607     -1.607     0.1783    -1.8576 -9.990e-29
 255.001319     -1.611   0.340849    20.9417    -1.6610     -1.598     0.1786    -1.8572 -9.990e-29
 255.001325     -1.599   0.341218    20.9413    -1.6612     -1.586     0.1788    -1.8570 -9.990e-29
 255.001331     -1.587   0.341341    20.9411    -1.6615     -1.574     0.1789    -1.8569 -9.990e-29
 255.001337     -1.580   0.341383    20.9413    -1.6616     -1.567     0.1789    -1.8569 -9.990e-29
 255.001343     -1.573   0.341396    20.9416    -1.6618     -1.560     0.1789    -1.8570 -9.990e-29
 255.001348     -1.560   0.341399    20.9414    -1.6620     -1.547     0.1789    -1.8570 -9.990e-29
 255.001354     -1.545   0.341397    20.9406    -1.6621     -1.532     0.1789    -1.8568 -9.990e-29
 255.001360     -1.533   0.341384    20.9391    -1.6621     -1.520     0.1789    -1.8565 -9.990e-29
 255.001366     -1.521   0.341344    20.9357    -1.6622     -1.508     0.1789    -1.8557 -9.990e-29
 255.001372     -1.509   0.341221    20.9300    -1.6622     -1.496     0.1788    -1.8545 -9.990e-29
 255.001377     -1.496   0.340852    20.9231    -1.6622     -1.484     0.1787    -1.8532 -9.990e-29
 255.001383     -1.482   0.340299    20.9166    -1.6623     -1.470     0.1784    -1.8520 -9.990e-29
 255.001389     -1.466   0.339930    20.9113    -1.6623     -1.454     0.1782    -1.8509 -9.990e-29
 255.001395     -1.450   0.339807    20.9063    -1.6624     -1.438     0.1782    -1.8499 -9.990e-29
