data/oxygen options/OCNMS/OCNMS1/raw_data/2020/CAST_TH042_200804faed.cnv
* Sea-Bird SBE 19 Data File:
* FileName = C:\2020 Mooring Data\Casts\CAST_TH042_200804.hex
* Software Version SeatermAF 2.1.2
* Temperature SN = 2997
* Conductivity SN = 2997
* System UpLoad Time = Aug 04 2020 01:17:45 (localtime) = Aug 04 2020 01:17:45 (UTC)
* ds
* SEACAT PROFILER V3.1c SN 2997   08/04/20  01:16:59.041
# nquan = 9                                 
# nvalues = 1040                        
# units = specified
# name 0 = timeJ: Julian Days
# name 1 = prSM: Pressure, Strain Gauge [db]
# name 2 = c0mS/cm: Conductivity [mS/cm]
# name 3 = t090C: Temperature [ITS-90, deg C]
# name 4 = sbeox0ML/L: Oxygen, SBE 43 [ml/l]
# name 5 = depSM: Depth [salt water, m], lat = 47.5
# name 6 = sal00: Salinity, Practical [PSU]
# name 7 = sigma-é00: Density [sigma-theta, kg/m^3]
# name 8 = flag: flag
# span 0 = 217.045995, 217.052008       
# span 1 =     -6.157,     42.190       
# span 2 =   0.261804,  40.262783       
# span 3 =     7.5273,    19.4284       
# span 4 =    -1.7267,    14.7927       
# span 5 =     -6.106,     41.834       
# span 6 =     0.1416,    33.4223       
# span 7 =    -1.5700,    26.1035       
# span 8 = 0.0000e+00, 0.0000e+00       
# interval = seconds: 0.5
# start_time = Aug 04 2020 01:06:14 [Instrument's time stamp, header]
# bad_flag = -9.990e-29
*END*
[from data line 321]
 217.047853     -1.354   0.899278    18.8846    -1.7204     -1.343     0.5058    -1.1833 -9.990e-29
 217.047859     -1.354   0.896761    18.8896    -1.7206     -1.343     0.5043    -1.1854 -9.990e-29
 217.047865     -1.357   0.894107    18.8997    -1.7205     -1.346     0.5026    -1.1887 -9.990e-29
 217.047870     -1.367   0.891100    18.9123    -1.7203     -1.356     0.5007    -1.1926 -9.990e-29
 217.047876     -1.380   0.887609    18.9234    -1.7202     -1.368     0.4985    -1.1964 -9.990e-29
 217.047882     -1.388   0.883962    18.9313    -1.7197     -1.376     0.4963    -1.1997 -9.990e-29
 217.047888     -1.388   0.880836    18.9350    -1.7194     -1.376     0.4944    -1.2018 -9.990e-29
 217.047894     -1.383   0.879050    18.9347    -1.7192     -1.371     0.4934    -1.2026 -9.990e-29
 217.047899     -1.379   0.878991    18.9325    -1.7193     -1.367     0.4934    -1.2021 -9.990e-29
 217.047905     -1.374   0.880028    18.9299    -1.7201     -1.363     0.4940    -1.2011 -9.990e-29
 217.047911     -1.369   0.881328    18.9282    -1.7200     -1.358     0.4948    -1.2002 -9.990e-29
 217.047917     -1.362   0.882409    18.9295    -1.7199     -1.351     0.4954    -1.2000 -9.990e-29
 217.047922     -1.354   0.883052    18.9341    -1.7199     -1.343     0.4957    -1.2006 -9.990e-29
 217.047928     -1.344   0.883006    18.9414    -1.7196     -1.333     0.4956    -1.2022 -9.990e-29
 217.047934     -1.332   0.881656    18.9509    -1.7194     -1.321     0.4947    -1.2047 -9.990e-29
 217.047940     -1.316   0.878862    18.9597    -1.7194     -1.305     0.4930    -1.2078 -9.990e-29
 217.047946     -1.300   0.875333    18.9630    -1.7193     -1.289     0.4909    -1.2100 -9.990e-29
 217.047951     -1.292   0.872455    18.9585    -1.7189     -1.281     0.4893    -1.2104 -9.990e-29
 217.047957     -1.290   0.871929    18.9507    -1.7181     -1.279     0.4891    -1.2090 -9.990e-29
 217.047963     -1.291   0.874164    18.9467    -1.7172     -1.280     0.4904    -1.2072 -9.990e-29
 217.047969     -1.295   0.877708    18.9472    -1.7163     -1.284     0.4925    -1.2057 -9.990e-29
 217.047975     -1.297   0.880640    18.9500    -1.7157     -1.286     0.4942    -1.2050 -9.990e-29
 217.047980     -1.298   0.881886    18.9544    -1.7157     -1.287     0.4948    -1.2053 -9.990e-29
 217.047986     -1.302   0.882000    18.9581    -1.7162     -1.291     0.4949    -1.2060 -9.990e-29
 217.047992     -1.305   0.882795    18.9606    -1.7168     -1.294     0.4953    -1.2062 -9.990e-29
 217.047998     -1.303   0.886994    18.9642    -1.7173     -1.292     0.4977    -1.2051 -9.990e-29
 217.048003     -1.295   0.897980    18.9702    -1.7178     -1.284     0.5040    -1.2014 -9.990e-29
 217.048009     -1.282   0.919878    18.9786    -1.7180     -1.271     0.5167    -1.1933 -9.990e-29
 217.048015     -1.267   0.962499    18.9902    -1.7182     -1.256     0.5415    -1.1767 -9.990e-29
 217.048021     -1.252   1.026724    19.0035    -1.7186     -1.242     0.5789    -1.1506 -9.990e-29
 217.048027     -1.234   1.089064    19.0126    -1.7191     -1.224     0.6155    -1.1245 -9.990e-29
 217.048032     -1.210   1.131265    19.0116    -1.7201     -1.200     0.6404    -1.1052 -9.990e-29
 217.048038     -1.188   1.156414    19.0001    -1.7211     -1.178     0.6554    -1.0915 -9.990e-29
 217.048044     -1.171   1.172559    18.9834    -1.7213     -1.161     0.6652    -1.0807 -9.990e-29
 217.048050     -1.157   1.188486    18.9673    -1.7216     -1.147     0.6749    -1.0701 -9.990e-29
 217.048056     -1.146   1.205488    18.9543    -1.7218     -1.136     0.6852    -1.0597 -9.990e-29
 217.048061     -1.137   1.215208    18.9437    -1.7235     -1.128     0.6911    -1.0531 -9.990e-29
 217.048067     -1.129   1.217310    18.9322    -1.7252     -1.120     0.6926    -1.0497 -9.990e-29
 217.048073     -1.122   1.220138    18.9169    -1.7261     -1.113     0.6945    -1.0452 -9.990e-29
 217.048079     -1.116   1.228015    18.8968    -1.7267     -1.107     0.6995    -1.0374 -9.990e-29
 217.048084     -1.109   1.238704    18.8724    -1.5157     -1.100     0.7063    -1.0275 -9.990e-29
 217.048090     -1.102   1.248727    18.8494    -1.4896     -1.093     0.7126    -1.0181 -9.990e-29
 217.048096     -1.095   1.258152    18.8323    -1.5244     -1.086     0.7185    -1.0103 -9.990e-29
 217.048102     -1.082   1.269019    18.8167    -1.5325     -1.073     0.7253    -1.0021 -9.990e-29
 217.048108     -1.058   1.285107    18.7922    -1.5326     -1.049     0.7353    -0.9896 -9.990e-29
 217.048113     -1.026   1.320112    18.7516    -1.5339     -1.017     0.7570    -0.9651 -9.990e-29
 217.048119     -0.989   1.415535    18.6959    -1.5342     -0.981     0.8154    -0.9096 -9.990e-29
 217.048125     -0.948   1.692511    18.6126    -1.5342     -0.940     0.9853    -0.7636 -9.990e-29
 217.048131     -0.904   2.510735    18.4344    -1.5343     -0.896     1.4984    -0.3370 -9.990e-29
 217.048137     -0.852   4.951200    17.9519    -1.5344     -0.845     3.1147     0.9889 -9.990e-29
 217.048142     -0.783  12.259546    17.0417    -1.5351     -0.776     8.4246     5.2093 -9.990e-29
 217.048148     -0.693  24.108260    16.0487    -1.5356     -0.687    18.0149    12.7186 -9.990e-29
 217.048154     -0.585  33.513226    15.3989    -1.5362     -0.580    26.3132    19.2046 -9.990e-29
 217.048160     -0.473  37.618587    15.1137    -1.5376     -0.469    30.1289    22.1960 -9.990e-29
 217.048166     -0.367  39.097727    15.0225    -1.5385     -0.364    31.5233    23.2883 -9.990e-29
 217.048171     -0.273  39.631259    15.0056    -1.5364     -0.271    32.0167    23.6718 -9.990e-29
 217.048177     -0.199  39.751739    15.0055    -1.5341     -0.197    32.1252    23.7555 -9.990e-29
 217.048183     -0.140  39.729709    15.0059    -1.5329     -0.139    32.1050    23.7398 -9.990e-29
 217.048189     -0.086  39.699516    15.0032    -1.5343     -0.085    32.0800    23.7212 -9.990e-29
 217.048194     -0.037  39.675309    14.9873    -1.5339     -0.037    32.0713    23.7178 -9.990e-29
 217.048200      0.009  39.647825    14.9505    -1.5325      0.009    32.0767    23.7299 -9.990e-29
 217.048206      0.049  39.635941    14.9038    -1.5326      0.049    32.1044    23.7612 -9.990e-29
 217.048212      0.086  39.665881    14.8681    -1.5359      0.085    32.1608    23.8123 -9.990e-29
 217.048218      0.118  39.710323    14.8623    -1.5383      0.117    32.2058    23.8481 -9.990e-29
 217.048223      0.143  39.729882    14.8910    -1.5347      0.142    32.1997    23.8374 -9.990e-29
 217.048229      0.163  39.742812    14.9330    -1.5350      0.162    32.1767    23.8107 -9.990e-29
 217.048235      0.178  39.777592    14.9694    -1.5378      0.177    32.1781    23.8039 -9.990e-29
 217.048241      0.189  39.820091    14.9966    -1.5363      0.187    32.1940    23.8103 -9.990e-29
 217.048247      0.198  39.816026    15.0097    -1.5350      0.196    32.1795    23.7964 -9.990e-29
 217.048252      0.205  39.766178    15.0023    -1.5362      0.203    32.1407    23.7681 -9.990e-29
 217.048258      0.210  39.755470    14.9716    -1.5379      0.208    32.1563    23.7867 -9.990e-29
 217.048264      0.213  39.798806    14.9272    -1.5390      0.211    32.2321    23.8545 -9.990e-29
 217.048270      0.215  39.815539    14.8897    -1.5395      0.213    32.2782    23.8981 -9.990e-29
 217.048275      0.217  39.779795    14.8737    -1.5398      0.215    32.2591    23.8868 -9.990e-29
 217.048281      0.217  39.787997    14.8767    -1.5394      0.215    32.2640    23.8900 -9.990e-29
 217.048287      0.216  39.853903    14.8922    -1.5376      0.214    32.3108    23.9226 -9.990e-29
 217.048293      0.214  39.839510    14.9148    -1.5350      0.212    32.2791    23.8934 -9.990e-29
 217.048299      0.211  39.745838    14.9254    -1.5340      0.209    32.1857    23.8192 -9.990e-29
 217.048304      0.207  39.692429    14.9130    -1.5344      0.205    32.1477    23.7926 -9.990e-29
 217.048310      0.202  39.681541    14.8896    -1.5335      0.200    32.1572    23.8049 -9.990e-29
 217.048316      0.194  39.652725    14.8675    -1.5334      0.192    32.1494    23.8036 -9.990e-29
 217.048322      0.184  39.598414    14.8493    -1.5350      0.182    32.1153    23.7812 -9.990e-29
 217.048328      0.175  39.551040    14.8364    -1.5374      0.174    32.0831    23.7592 -9.990e-29
 217.048333      0.175  39.537149    14.8341    -1.5403      0.174    32.0725    23.7515 -9.990e-29
 217.048339      0.185  39.565711    14.8419    -1.5429      0.183    32.0919    23.7647 -9.990e-29
 217.048345      0.195  39.642326    14.8516    -1.5443      0.193    32.1531    23.8099 -9.990e-29
 217.048351      0.204  39.772205    14.8616    -1.5420      0.202    32.2623    23.8918 -9.990e-29
 217.048356      0.210  39.921149    14.8780    -1.5381      0.208    32.3834    23.9816 -9.990e-29
 217.048362      0.215  40.014227    14.9012    -1.5374      0.213    32.4482    24.0266 -9.990e-29
 217.048368      0.219  40.026465    14.9225    -1.5372      0.217    32.4416    24.0169 -9.990e-29
 217.048374      0.223  39.985984    14.9292    -1.5368      0.221    32.3994    23.9830 -9.990e-29
 217.048380      0.225  39.885934    14.9055    -1.5366      0.223    32.3287    23.9336 -9.990e-29
 217.048385      0.228  39.720758    14.8502    -1.5375      0.226    32.2252    23.8657 -9.990e-29
 217.048391      0.230  39.553894    14.7909    -1.5410      0.228    32.1232    23.7997 -9.990e-29
 217.048397      0.232  39.444833    14.7607    -1.5416      0.230    32.0493    23.7492 -9.990e-29
 217.048403      0.233  39.396716    14.7674    -1.5402      0.231    32.0003    23.7100 -9.990e-29
 217.048409      0.235  39.417149    14.7884    -1.5377      0.233    32.0015    23.7065 -9.990e-29
 217.048414      0.238  39.526672    14.8037    -1.5379      0.236    32.0880    23.7699 -9.990e-29
 217.048420      0.240  39.679650    14.8156    -1.5407      0.238    32.2166    23.8664 -9.990e-29
 217.048426      0.243  39.786931    14.8267    -1.5399      0.241    32.3045    23.9318 -9.990e-29
 217.048432      0.247  39.825109    14.8353    -1.5403      0.245    32.3319    23.9511 -9.990e-29
 217.048438      0.252  39.821578    14.8419    -1.5408      0.250    32.3232    23.9430 -9.990e-29
 217.048443      0.258  39.771102    14.8449    -1.5422      0.256    32.2751    23.9052 -9.990e-29
 217.048449      0.265  39.639483    14.8482    -1.5417      0.263    32.1533    23.8107 -9.990e-29
 217.048455      0.275  39.478273    14.8587    -1.5409      0.273    31.9990    23.6896 -9.990e-29
 217.048461      0.287  39.404388    14.8713    -1.5394      0.285    31.9220    23.6276 -9.990e-29
 217.048466      0.299  39.439857    14.8801    -1.5394      0.297    31.9468    23.6448 -9.990e-29
 217.048472      0.302  39.496918    14.8837    -1.5397      0.299    31.9953    23.6815 -9.990e-29
 217.048478      0.292  39.470078    14.8816    -1.5400      0.290    31.9728    23.6646 -9.990e-29
 217.048484      0.273  39.384677    14.8753    -1.5399      0.271    31.9009    23.6105 -9.990e-29
 217.048490      0.258  39.334827    14.8635    -1.5401      0.256    31.8656    23.5858 -9.990e-29
 217.048495      0.256  39.309024    14.8508    -1.5403      0.254    31.8527    23.5786 -9.990e-29
 217.048501      0.273  39.279619    14.8494    -1.5406      0.271    31.8272    23.5593 -9.990e-29
 217.048507      0.306  39.266845    14.8590    -1.5407      0.303    31.8079    23.5424 -9.990e-29
 217.048513      0.343  39.285644    14.8708    -1.5413      0.340    31.8152    23.5455 -9.990e-29
 217.048519      0.371  39.333086    14.8805    -1.5408      0.368    31.8501    23.5703 -9.990e-29
 217.048524      0.377  39.379975    14.8880    -1.5397      0.374    31.8862    23.5965 -9.990e-29
 217.048530      0.362  39.389651    14.8949    -1.5397      0.359    31.8893    23.5974 -9.990e-29
 217.048536      0.339  39.362714    14.8999    -1.5407      0.336    31.8610    23.5745 -9.990e-29
 217.048542      0.322  39.326058    14.8987    -1.5411      0.319    31.8289    23.5501 -9.990e-29
 217.048547      0.324  39.298099    14.8896    -1.5393      0.321    31.8111    23.5383 -9.990e-29
 217.048553      0.344  39.285311    14.8727    -1.5398      0.341    31.8133    23.5437 -9.990e-29
 217.048559      0.372  39.289728    14.8531    -1.5403      0.369    31.8333    23.5632 -9.990e-29
 217.048565      0.395  39.313903    14.8450    11.2743      0.392    31.8617    23.5868 -9.990e-29
 217.048571      0.408  39.345255    14.8561    14.6062      0.405    31.8810    23.5993 -9.990e-29
 217.048576      0.402  39.360034    14.8773    14.7927      0.399    31.8770    23.5917 -9.990e-29
 217.048582      0.380  39.356110    14.8903    12.3070      0.377    31.8628    23.5780 -9.990e-29
 217.048588      0.360  39.336693    14.8894     7.0550      0.357    31.8461    23.5653 -9.990e-29
 217.048594      0.348  39.305637    14.8938     6.9914      0.345    31.8145    23.5400 -9.990e-29
 217.048600      0.348  39.282102    14.9080     7.1075      0.345    31.7817    23.5117 -9.990e-29
 217.048605      0.363  39.274527    14.9112     7.1049      0.360    31.7722    23.5038 -9.990e-29
 217.048611      0.387  39.276207    14.9075     7.0530      0.384    31.7767    23.5081 -9.990e-29
 217.048617      0.403  39.285491    14.9232     7.0043      0.400    31.7723    23.5013 -9.990e-29
 217.048623      0.401  39.294049    14.9624     6.9633      0.398    31.7481    23.4743 -9.990e-29
 217.048628      0.379  39.294259    15.0036     6.9526      0.376    31.7149    23.4399 -9.990e-29
 217.048634      0.350  39.298202    15.0292     6.9392      0.347    31.6977    23.4212 -9.990e-29
 217.048640      0.327  39.307813    15.0384     6.9281      0.324    31.6988    23.4201 -9.990e-29
 217.048646      0.324  39.309604    15.0313     6.9255      0.321    31.7062    23.4273 -9.990e-29
 217.048652      0.344  39.295910    15.0101     6.9394      0.341    31.7111    23.4356 -9.990e-29
 217.048657      0.379  39.275405    14.9890     6.9445      0.376    31.7098    23.4391 -9.990e-29
 217.048663      0.415  39.262815    14.9788     6.9416      0.412    31.7067    23.4389 -9.990e-29
 217.048669      0.441  39.261553    14.9781     6.9396      0.437    31.7061    23.4386 -9.990e-29
 217.048675      0.455  39.268840    14.9843     6.9139      0.451    31.7077    23.4385 -9.990e-29
 217.048681      0.457  39.278164    14.9972     6.8680      0.453    31.7056    23.4341 -9.990e-29
 217.048686      0.448  39.286293    15.0171     6.9195      0.444    31.6967    23.4231 -9.990e-29
 217.048692      0.432  39.301293    15.0427     6.9260      0.428    31.6895    23.4120 -9.990e-29
 217.048698      0.411  39.329746    15.0677     6.9299      0.408    31.6948    23.4107 -9.990e-29
 217.048704      0.388  39.361980    15.0857     6.9289      0.385    31.7091    23.4179 -9.990e-29
 217.048709      0.371  39.383278    15.0964     6.8465      0.368    31.7196    23.4236 -9.990e-29
 217.048715      0.363  39.396291    15.1036     6.8833      0.360    31.7254    23.4266 -9.990e-29
 217.048721      0.364  39.407754    15.1108     6.8977      0.361    31.7299    23.4285 -9.990e-29
 217.048727      0.372  39.413923    15.1168     6.9064      0.369    31.7305    23.4277 -9.990e-29
 217.048733      0.385  39.411845    15.1181     6.9112      0.382    31.7276    23.4252 -9.990e-29
 217.048738      0.400  39.400462    15.1107     6.9022      0.397    31.7234    23.4235 -9.990e-29
 217.048744      0.416  39.376396    15.0918     6.9400      0.413    31.7171    23.4227 -9.990e-29
 217.048750      0.432  39.346827    15.0621     6.9450      0.428    31.7146    23.4272 -9.990e-29
 217.048756      0.443  39.322241    15.0260     6.9483      0.439    31.7218    23.4405 -9.990e-29
 217.048762      0.450  39.303511    14.9965     6.9315      0.446    31.7289    23.4523 -9.990e-29
 217.048767      0.454  39.292590    14.9894     6.9036      0.450    31.7249    23.4506 -9.990e-29
