data/oxygen options/OCNMS/OCNMS1/raw_data/2020/CAST_MB015_201001faed.cnv
* Sea-Bird SBE 19 Data File:
* FileName = C:\2020 Mooring Data\Casts\CAST_MB015_201001.hex
* Software Version SeatermAF 2.1.2
* Temperature SN = 2997
* Conductivity SN = 2997
* System UpLoad Time = Oct 01 2020 19:52:04 (localtime) = Oct 01 2020 19:52:04 (UTC)
** CAST_MB015_201001
* ds
# nquan = 9                                 
# nvalues = 701                         
# units = specified
# name 0 = timeJ: Julian Days
# name 1 = prSM: Pressure, Strain Gauge [db]
# name 2 = c0mS/cm: Conductivity [mS/cm]
# name 3 = t090C: Temperature [ITS-90, deg C]
# name 4 = sbeox0ML/L: Oxygen, SBE 43 [ml/l]
# name 5 = depSM: Depth [salt water, m], lat = 47.5
# name 6 = sal00: Salinity, Practical [PSU]
# name 7 = sigma-é00: Density [sigma-theta, kg/m^3]
# name 8 = flag: flag
# span 0 = 275.808403, 275.812454       
# span 1 =     -4.854,     12.510       
# span 2 =   0.386396,  37.976548       
# span 3 =    14.3167,    15.2000       
# span 4 =    -1.8758,    12.9915       
# span 5 =     -4.814,     12.405       
# span 6 =     0.2329,    31.0504       
# span 7 =    -0.7317,    23.0725       
# span 8 = 0.0000e+00, 0.0000e+00       
# interval = seconds: 0.5
# start_time = Oct 01 2020 19:24:06 [Instrument's time stamp, header]
# bad_flag = -9.990e-29
*END*
[from data line 161]
 275.809334     -1.629   0.396140    14.8707    -1.8698     -1.615     0.2387    -0.6943 -9.990e-29
 275.809340     -1.621   0.396018    14.8722    -1.8697     -1.607     0.2386    -0.6946 -9.990e-29
 275.809346     -1.610   0.395686    14.8729    -1.8696     -1.597     0.2384    -0.6949 -9.990e-29
 275.809352     -1.596   0.395254    14.8733    -1.8697     -1.583     0.2382    -0.6952 -9.990e-29
 275.809358     -1.579   0.395254    14.8739    -1.8696     -1.566     0.2382    -0.6953 -9.990e-29
 275.809363     -1.556   0.395684    14.8745    -1.8695     -1.543     0.2384    -0.6951 -9.990e-29
 275.809369     -1.532   0.396008    14.8748    -1.8694     -1.519     0.2386    -0.6950 -9.990e-29
 275.809375     -1.509   0.396105    14.8755    -1.8693     -1.496     0.2387    -0.6951 -9.990e-29
 275.809381     -1.484   0.396101    14.8770    -1.8694     -1.472     0.2387    -0.6953 -9.990e-29
 275.809387     -1.462   0.395991    14.8791    -1.8695     -1.450     0.2386    -0.6957 -9.990e-29
 275.809392     -1.445   0.395627    14.8811    -1.8697     -1.433     0.2383    -0.6962 -9.990e-29
 275.809398     -1.432   0.395078    14.8824    -1.8698     -1.420     0.2380    -0.6966 -9.990e-29
 275.809404     -1.421   0.394718    14.8834    -1.8697     -1.409     0.2378    -0.6970 -9.990e-29
 275.809410     -1.413   0.394622    14.8849    -1.8699     -1.401     0.2377    -0.6973 -9.990e-29
 275.809416     -1.407   0.394658    14.8866    -1.8698     -1.395     0.2377    -0.6975 -9.990e-29
 275.809421     -1.402   0.394875    14.8882    -1.8699     -1.390     0.2378    -0.6976 -9.990e-29
 275.809427     -1.398   0.395007    14.8892    -1.8697     -1.386     0.2379    -0.6977 -9.990e-29
 275.809433     -1.390   0.394675    14.8888    -1.8696     -1.378     0.2377    -0.6978 -9.990e-29
 275.809439     -1.374   0.393991    14.8869    -1.8694     -1.363     0.2373    -0.6979 -9.990e-29
 275.809444     -1.354   0.393149    14.8842    -1.8694     -1.343     0.2368    -0.6978 -9.990e-29
 275.809450     -1.335   0.392687    14.8821    -1.8695     -1.324     0.2365    -0.6977 -9.990e-29
 275.809456     -1.323   0.393098    14.8810    -1.8695     -1.312     0.2368    -0.6974 -9.990e-29
 275.809462     -1.310   0.393818    14.8803    -1.8696     -1.299     0.2372    -0.6969 -9.990e-29
 275.809468     -1.297   0.394145    14.8800    -1.8698     -1.286     0.2374    -0.6967 -9.990e-29
 275.809473     -1.287   0.393962    14.8805    -1.8699     -1.276     0.2373    -0.6969 -9.990e-29
 275.809479     -1.279   0.393575    14.8824    -1.8699     -1.268     0.2371    -0.6974 -9.990e-29
 275.809485     -1.273   0.393578    14.8851    -1.8699     -1.262     0.2371    -0.6978 -9.990e-29
 275.809491     -1.269   0.393972    14.8874    -1.8699     -1.258     0.2373    -0.6979 -9.990e-29
 275.809497     -1.266   0.394176    14.8885    -1.8699     -1.255     0.2374    -0.6980 -9.990e-29
 275.809502     -1.260   0.393905    14.8882    -1.8699     -1.249     0.2372    -0.6981 -9.990e-29
 275.809508     -1.250   0.393352    14.8866    -1.8699     -1.240     0.2369    -0.6981 -9.990e-29
 275.809514     -1.240   0.392886    14.8843    -1.8699     -1.230     0.2366    -0.6980 -9.990e-29
 275.809520     -1.224   0.392439    14.8820    -1.8698     -1.214     0.2364    -0.6978 -9.990e-29
 275.809525     -1.203   0.391968    14.8802    -1.8697     -1.193     0.2361    -0.6978 -9.990e-29
 275.809531     -1.184   0.391951    14.8791    -1.8696     -1.174     0.2361    -0.6976 -9.990e-29
 275.809537     -1.168   0.392364    14.8790    -1.8697     -1.158     0.2363    -0.6974 -9.990e-29
 275.809543     -1.156   0.392650    14.8793    -1.8697     -1.146     0.2365    -0.6973 -9.990e-29
 275.809549     -1.147   0.392636    14.8795    -1.8698     -1.137     0.2365    -0.6974 -9.990e-29
 275.809554     -1.139   0.392303    14.8795    -1.8697     -1.129     0.2363    -0.6975 -9.990e-29
 275.809560     -1.134   0.391758    14.8796    -1.8697     -1.125     0.2360    -0.6978 -9.990e-29
 275.809566     -1.129   0.391381    14.8804    -1.8697     -1.120     0.2357    -0.6981 -9.990e-29
 275.809572     -1.126   0.391223    14.8818    -1.8696     -1.117     0.2356    -0.6984 -9.990e-29
 275.809578     -1.123   0.391075    14.8834    -1.8696     -1.114     0.2355    -0.6987 -9.990e-29
 275.809583     -1.120   0.390737    14.8844    -1.8696     -1.111     0.2353    -0.6990 -9.990e-29
 275.809589     -1.118   0.390311    14.8843    -1.8695     -1.109     0.2350    -0.6992 -9.990e-29
 275.809595     -1.116   0.390338    14.8836    -1.8695     -1.107     0.2351    -0.6991 -9.990e-29
 275.809601     -1.114   0.390851    14.8834    -1.8694     -1.105     0.2354    -0.6988 -9.990e-29
 275.809606     -1.113   0.391426    14.8837    -1.8692     -1.104     0.2357    -0.6986 -9.990e-29
 275.809612     -1.111   0.391721    14.8842    -1.8690     -1.102     0.2359    -0.6985 -9.990e-29
 275.809618     -1.108   0.391573    14.8851    -1.8690     -1.099     0.2358    -0.6987 -9.990e-29
 275.809624     -1.106   0.391338    14.8863    -1.8690     -1.097     0.2357    -0.6990 -9.990e-29
 275.809630     -1.103   0.391256    14.8871    -1.8687     -1.094     0.2356    -0.6992 -9.990e-29
 275.809635     -1.099   0.391218    14.8878    -1.8685     -1.090     0.2356    -0.6993 -9.990e-29
 275.809641     -1.094   0.391170    14.8888    -1.8687     -1.085     0.2356    -0.6995 -9.990e-29
 275.809647     -1.087   0.391049    14.8905    -1.8688     -1.078     0.2355    -0.6998 -9.990e-29
 275.809653     -1.079   0.390693    14.8934    -1.8692     -1.070     0.2352    -0.7004 -9.990e-29
 275.809659     -1.069   0.390180    14.8969    -1.8693     -1.060     0.2349    -0.7012 -9.990e-29
 275.809664     -1.055   0.389931    14.9002    -1.8693     -1.046     0.2347    -0.7019 -9.990e-29
 275.809670     -1.038   0.390168    14.9029    -1.8691     -1.029     0.2349    -0.7022 -9.990e-29
 275.809676     -1.021   0.390654    14.9055    -1.8687     -1.012     0.2351    -0.7023 -9.990e-29
 275.809682     -1.010   0.390928    14.9086    -1.8683     -1.002     0.2353    -0.7027 -9.990e-29
 275.809688     -1.005   0.390801    14.9104    -1.8679     -0.997     0.2352    -0.7030 -9.990e-29
 275.809693     -0.998   0.390654    14.9090    -1.8678     -0.990     0.2351    -0.7029 -9.990e-29
 275.809699     -0.987   0.390847    14.9051    -1.8681     -0.979     0.2353    -0.7022 -9.990e-29
 275.809705     -0.977   0.391082    14.9006    -1.8683     -0.969     0.2354    -0.7014 -9.990e-29
 275.809711     -0.967   0.391116    14.8982    -1.8687     -0.959     0.2355    -0.7010 -9.990e-29
 275.809716     -0.956   0.390995    14.8995    -1.8688     -0.948     0.2354    -0.7012 -9.990e-29
 275.809722     -0.943   0.390554    14.9042    -1.8688     -0.935     0.2351    -0.7022 -9.990e-29
 275.809728     -0.932   0.389758    14.9116    -1.8687     -0.924     0.2346    -0.7037 -9.990e-29
 275.809734     -0.927   0.389207    14.9196    -1.8685     -0.919     0.2342    -0.7052 -9.990e-29
 275.809740     -0.927   0.389276    14.9252    -1.8682     -0.919     0.2342    -0.7060 -9.990e-29
 275.809745     -0.927   0.389500    14.9266    -1.8680     -0.919     0.2343    -0.7061 -9.990e-29
 275.809751     -0.920   0.389623    14.9239    -1.8680     -0.912     0.2344    -0.7057 -9.990e-29
 275.809757     -0.905   0.389809    14.9191    -1.8681     -0.897     0.2345    -0.7048 -9.990e-29
 275.809763     -0.890   0.390304    14.9142    -1.8682     -0.883     0.2349    -0.7038 -9.990e-29
 275.809769     -0.877   0.391213    14.9112    -1.8682     -0.870     0.2354    -0.7029 -9.990e-29
 275.809774     -0.866   0.392085    14.9109    -1.8683     -0.859     0.2360    -0.7025 -9.990e-29
 275.809780     -0.857   0.392420    14.9130    -1.8681     -0.850     0.2362    -0.7026 -9.990e-29
 275.809786     -0.848   0.392110    14.9171    -1.8680     -0.841     0.2360    -0.7034 -9.990e-29
 275.809792     -0.839   0.391294    14.9220    -1.8678     -0.832     0.2354    -0.7046 -9.990e-29
 275.809797     -0.830   0.390547    14.9257    -1.8677     -0.823     0.2350    -0.7055 -9.990e-29
 275.809803     -0.820   0.390534    14.9268    -1.8677     -0.813     0.2349    -0.7057 -9.990e-29
 275.809809     -0.808   0.391237    14.9260    -1.8676     -0.801     0.2354    -0.7052 -9.990e-29
 275.809815     -0.798   0.391930    14.9247    -1.8681     -0.791     0.2358    -0.7047 -9.990e-29
 275.809821     -0.794   0.392056    14.9240    -1.8686     -0.787     0.2359    -0.7045 -9.990e-29
 275.809826     -0.790   0.391785    14.9246    -1.8689     -0.783     0.2357    -0.7047 -9.990e-29
 275.809832     -0.787   0.391491    14.9266    -1.8694     -0.780     0.2355    -0.7052 -9.990e-29
 275.809838     -0.789   0.391336    14.9294    -1.8700     -0.782     0.2354    -0.7057 -9.990e-29
 275.809844     -0.792   0.391300    14.9323    -1.8705     -0.785     0.2354    -0.7062 -9.990e-29
 275.809850     -0.791   0.391333    14.9342    -1.8711     -0.784     0.2354    -0.7064 -9.990e-29
 275.809855     -0.787   0.391478    14.9344    -1.8714     -0.780     0.2355    -0.7064 -9.990e-29
 275.809861     -0.779   0.391929    14.9315    -1.8715     -0.773     0.2358    -0.7057 -9.990e-29
 275.809867     -0.767   0.392732    14.9245    -1.8716     -0.761     0.2363    -0.7043 -9.990e-29
 275.809873     -0.754   0.393295    14.9148    -1.8716     -0.748     0.2367    -0.7025 -9.990e-29
 275.809878     -0.748   0.393261    14.9038    -1.8718     -0.742     0.2368    -0.7008 -9.990e-29
 275.809884     -0.748   0.393138    14.8914    -1.8721     -0.742     0.2367    -0.6990 -9.990e-29
 275.809890     -0.747   0.393314    14.8784    -1.8720     -0.741     0.2369    -0.6969 -9.990e-29
 275.809896     -0.740   0.393470    14.8660    -1.8720     -0.734     0.2371    -0.6949 -9.990e-29
 275.809902     -0.725   0.393260    14.8553    -1.8720     -0.719     0.2370    -0.6933 -9.990e-29
 275.809907     -0.707   0.392956    14.8476    -1.8719     -0.701     0.2369    -0.6923 -9.990e-29
 275.809913     -0.694   0.392709    14.8431    -1.8718     -0.688     0.2368    -0.6917 -9.990e-29
 275.809919     -0.683   0.392187    14.8405    -1.8718     -0.677     0.2365    -0.6916 -9.990e-29
 275.809925     -0.671   0.391250    14.8380    -1.8718     -0.665     0.2359    -0.6916 -9.990e-29
 275.809931     -0.660   0.390310    14.8345    -1.8717     -0.654     0.2353    -0.6915 -9.990e-29
 275.809936     -0.651   0.389776    14.8313    -1.8717     -0.646     0.2350    -0.6913 -9.990e-29
 275.809942     -0.637   0.389489    14.8298    -1.8717     -0.632     0.2348    -0.6912 -9.990e-29
 275.809948     -0.624   0.389063    14.8296    -1.8717     -0.619     0.2346    -0.6914 -9.990e-29
 275.809954     -0.613   0.388486    14.8304    -1.8719     -0.608     0.2342    -0.6918 -9.990e-29
 275.809959     -0.605   0.388097    14.8321    -1.8724     -0.600     0.2340    -0.6922 -9.990e-29
 275.809965     -0.598   0.387932    14.8341    -1.8730     -0.593     0.2339    -0.6926 -9.990e-29
 275.809971     -0.593   0.387768    14.8354    -1.8734     -0.588     0.2338    -0.6929 -9.990e-29
 275.809977     -0.589   0.387387    14.8361    -1.8741     -0.584     0.2335    -0.6932 -9.990e-29
 275.809983     -0.586   0.386833    14.8365    -1.8746     -0.581     0.2332    -0.6935 -9.990e-29
 275.809988     -0.583   0.386476    14.8366    -1.8750     -0.578     0.2329    -0.6937 -9.990e-29
 275.809994     -0.581   0.386396    14.8360    -1.8753     -0.576     0.2329    -0.6936 -9.990e-29
 275.810000     -0.580   0.386485    14.8333    -1.8753     -0.575     0.2330    -0.6932 -9.990e-29
 275.810006     -0.578   0.386861    14.8272    -1.8752     -0.573     0.2332    -0.6921 -9.990e-29
 275.810012     -0.577   0.387469    14.8174    -1.8753     -0.572     0.2337    -0.6903 -9.990e-29
 275.810017     -0.575   0.388014    14.8054    -1.8754     -0.570     0.2341    -0.6882 -9.990e-29
 275.810023     -0.574   0.388667    14.7925    -1.8754     -0.569     0.2345    -0.6859 -9.990e-29
 275.810029     -0.572   0.389743    14.7794    -1.8758     -0.567     0.2353    -0.6834 -9.990e-29
 275.810035     -0.570   0.391014    14.7676    -1.8758     -0.565     0.2361    -0.6809 -9.990e-29
 275.810041     -0.568   0.391957    14.7582    -1.8757     -0.563     0.2368    -0.6790 -9.990e-29
 275.810046     -0.565   0.392169    14.7519    -1.8753     -0.560     0.2369    -0.6780 -9.990e-29
 275.810052     -0.562   0.391930    14.7488    -1.8750     -0.557     0.2368    -0.6776 -9.990e-29
 275.810058     -0.558   0.392031    14.7475    -1.8748     -0.553     0.2369    -0.6774 -9.990e-29
 275.810064     -0.552   0.392605    14.7461    -1.8745     -0.547     0.2372    -0.6769 -9.990e-29
 275.810069     -0.545   0.393310    14.7441    -1.8741     -0.540     0.2377    -0.6762 -9.990e-29
 275.810075     -0.537   0.393977    14.7415    -1.8735     -0.533     0.2381    -0.6755 -9.990e-29
 275.810081     -0.526   0.394387    14.7387    -1.8729     -0.522     0.2384    -0.6749 -9.990e-29
 275.810087     -0.515   0.394532    14.7379    -1.8719     -0.511     0.2385    -0.6747 -9.990e-29
 275.810093     -0.510   0.394604    14.7409    -1.8665     -0.506     0.2385    -0.6751 -9.990e-29
 275.810098     -0.504   0.394697    14.7469    -1.6465     -0.500     0.2385    -0.6760 -9.990e-29
 275.810104     -0.499   0.394938    14.7538    -1.5493     -0.495     0.2386    -0.6769 -9.990e-29
 275.810110     -0.497   0.395647    14.7611    -1.5496     -0.493     0.2390    -0.6777 -9.990e-29
 275.810116     -0.494   0.398322    14.7697    -1.5498     -0.490     0.2407    -0.6777 -9.990e-29
 275.810122     -0.486   0.407638    14.7806    -1.5502     -0.482     0.2464    -0.6749 -9.990e-29
 275.810127     -0.472   0.436570    14.7950    -1.5501     -0.468     0.2642    -0.6632 -9.990e-29
 275.810133     -0.452   0.523138    14.8138    -1.5501     -0.448     0.3182    -0.6243 -9.990e-29
 275.810139     -0.428   0.781659    14.8380    -1.5508     -0.424     0.4819    -0.5011 -9.990e-29
 275.810145     -0.403   1.556826    14.8734    -1.5510     -0.400     0.9886    -0.1148 -9.990e-29
 275.810150     -0.371   3.883304    14.9232    -1.5513     -0.368     2.5918     1.1132 -9.990e-29
 275.810156     -0.327  10.648021    14.9714    -1.5509     -0.324     7.6197     4.9647 -9.990e-29
 275.810162     -0.271  21.846009    14.9996    -1.5505     -0.269    16.6077    11.8434 -9.990e-29
 275.810168     -0.208  31.304663    15.0085    -1.5506     -0.206    24.6469    18.0055 -9.990e-29
 275.810174     -0.143  35.666197    15.0084    -1.5507     -0.142    28.4738    20.9454 -9.990e-29
 275.810179     -0.081  37.103454    15.0051    -1.5508     -0.080    29.7530    21.9297 -9.990e-29
 275.810185     -0.021  37.577634    14.9975    -1.5504     -0.021    30.1817    22.2612 -9.990e-29
 275.810191      0.039  37.736113    14.9860    -1.5499      0.039    30.3322    22.3794 -9.990e-29
 275.810197      0.101  37.790192    14.9774    -1.5501      0.100    30.3872    22.4235 -9.990e-29
 275.810203      0.158  37.808045    14.9772    -1.5506      0.157    30.4033    22.4360 -9.990e-29
 275.810208      0.206  37.810665    14.9839    -1.5507      0.204    30.4004    22.4323 -9.990e-29
 275.810214      0.239  37.806585    14.9912    -1.5503      0.237    30.3911    22.4236 -9.990e-29
 275.810220      0.260  37.803821    14.9945    -1.5501      0.258    30.3860    22.4190 -9.990e-29
 275.810226      0.275  37.803170    14.9949    -1.5502      0.273    30.3851    22.4182 -9.990e-29
 275.810231      0.284  37.801521    14.9970    -1.5505      0.282    30.3820    22.4154 -9.990e-29
 275.810237      0.291  37.799474    15.0030    -1.5506      0.289    30.3755    22.4091 -9.990e-29
 275.810243      0.303  37.799904    15.0084    -1.5507      0.300    30.3717    22.4051 -9.990e-29
 275.810249      0.319  37.803942    15.0069    -1.5507      0.316    30.3765    22.4091 -9.990e-29
