data/oxygen options/OCNMS/OCNMS1/raw_data/2020/CAST_KL015_200803faed.cnv
* Sea-Bird SBE 19 Data File:
* FileName = C:\2020 Mooring Data\Casts\CAST_KL015_200803.hex
* Software Version SeatermAF 2.1.2
* Temperature SN = 2997
* Conductivity SN = 2997
* System UpLoad Time = Aug 03 2020 18:32:37 (localtime) = Aug 03 2020 18:32:37 (UTC)
* ds
* SEACAT PROFILER V3.1c SN 2997   08/03/20  18:31:52.737
# nquan = 9                                 
# nvalues = 838                         
# units = specified
# name 0 = timeJ: Julian Days
# name 1 = prSM: Pressure, Strain Gauge [db]
# name 2 = c0mS/cm: Conductivity [mS/cm]
# name 3 = t090C: Temperature [ITS-90, deg C]
# name 4 = sbeox0ML/L: Oxygen, SBE 43 [ml/l]
# name 5 = depSM: Depth [salt water, m], lat = 47.5
# name 6 = sal00: Salinity, Practical [PSU]
# name 7 = sigma-é00: Density [sigma-theta, kg/m^3]
# name 8 = flag: flag
# span 0 = 216.765845, 216.770689       
# span 1 =     -5.355,     16.124       
# span 2 =   0.011603,  38.369511       
# span 3 =     7.8516,    16.5348       
# span 4 =   -12.5921,    22.4510       
# span 5 =     -5.310,     15.989       
# span 6 =     0.0125,    33.4020       
# span 7 =    -1.1331,    26.0324       
# span 8 = 0.0000e+00, 0.0000e+00       
# interval = seconds: 0.5
# start_time = Aug 03 2020 18:22:49 [Instrument's time stamp, header]
# bad_flag = -9.990e-29
*END*
[from data line 801]
 216.770480      0.347   3.964259    12.4749    -8.9845      0.344     2.8220     1.6373 -9.990e-29
 216.770486      0.340   3.404795    12.4858    -1.9578      0.337     2.4002     1.3091 -9.990e-29
 216.770492      0.326   3.019011    12.4995    -1.9570      0.323     2.1122     1.0840 -9.990e-29
 216.770498      0.314   2.649888    12.5186    -1.9521      0.311     1.8390     0.8696 -9.990e-29
 216.770503      0.307   2.284574    12.5365    -1.9517      0.304     1.5715     0.6598 -9.990e-29
 216.770509      0.305   2.009514    12.5438    -1.9515      0.302     1.3724     0.5043 -9.990e-29
 216.770515      0.308   1.880524    12.5401    -1.9526      0.305     1.2799     0.4329 -9.990e-29
 216.770521      0.315   1.893626    12.5324    -1.9521      0.312     1.2896     0.4413 -9.990e-29
 216.770527      0.328   1.963718    12.5269    -1.9523      0.325     1.3401     0.4813 -9.990e-29
 216.770532      0.343   2.003498    12.5274    -1.9519      0.340     1.3687     0.5034 -9.990e-29
 216.770538      0.351   1.991149    12.5375    -1.9515      0.348     1.3594     0.4950 -9.990e-29
 216.770544      0.355   1.951241    12.5568    -1.9517      0.352     1.3301     0.4698 -9.990e-29
 216.770550      0.358   1.913180    12.5778    -1.9521      0.355     1.3021     0.4454 -9.990e-29
 216.770556      0.360   1.945431    12.5952    -1.9522      0.357     1.3246     0.4607 -9.990e-29
 216.770561      0.362   2.047737    12.6149    -1.9519      0.359     1.3973     0.5147 -9.990e-29
 216.770567      0.360   2.100881    12.6442    -1.9520      0.357     1.4345     0.5399 -9.990e-29
 216.770573      0.352   2.037653    12.6782    -1.9523      0.349     1.3878     0.4994 -9.990e-29
 216.770579      0.348   1.881879    12.7062    -1.9511      0.345     1.2754     0.4085 -9.990e-29
 216.770584      0.352   1.706988    12.7256    -1.9509      0.349     1.1504     0.3090 -9.990e-29
 216.770590      0.363   1.576416    12.7390    -1.9494      0.360     1.0578     0.2354 -9.990e-29
 216.770596      0.378   1.499009    12.7481    -1.9475      0.375     1.0031     0.1917 -9.990e-29
 216.770602      0.390   1.448612    12.7551    -1.9471      0.387     0.9675     0.1632 -9.990e-29
 216.770608      0.394   1.398493    12.7614    -1.9467      0.391     0.9323     0.1351 -9.990e-29
 216.770613      0.392   1.347232    12.7667    -1.9452      0.389     0.8964     0.1065 -9.990e-29
 216.770619      0.387   1.306294    12.7690    -1.9447      0.384     0.8678     0.0840 -9.990e-29
 216.770625      0.383   1.282064    12.7681    -1.9454      0.380     0.8510     0.0710 -9.990e-29
 216.770631      0.377   1.278814    12.7669    -1.9461      0.374     0.8488     0.0694 -9.990e-29
 216.770637      0.366   1.309945    12.7688 -9.990e-29      0.363     0.8704     0.0860 -9.990e-29
 216.770642      0.360   1.375951    12.7788 -9.990e-29      0.357     0.9162     0.1203 -9.990e-29
 216.770648      0.358   1.459533    12.7947 -9.990e-29      0.355     0.9742     0.1634 -9.990e-29
 216.770654      0.355   1.539660    12.8039 -9.990e-29      0.352     1.0301     0.2057 -9.990e-29
 216.770660      0.351   1.595121    12.8023 -9.990e-29      0.348     1.0692     0.2363 -9.990e-29
 216.770666      0.347   1.649975    12.7991 -9.990e-29      0.344     1.1079     0.2668 -9.990e-29
 216.770671      0.345   1.744098    12.7997 -9.990e-29      0.342     1.1744     0.3183 -9.990e-29
 216.770677      0.351   1.843873    12.8007 -9.990e-29      0.348     1.2452     0.3731 -9.990e-29
 216.770683      0.360   1.885511    12.8005 -9.990e-29      0.357     1.2748     0.3962 -9.990e-29
 216.770689      0.364   1.874077 -9.990e-29 -9.990e-29      0.361 -9.990e-29 -9.990e-29 -9.990e-29
