data/oxygen options/OCNMS/OCNMS1/raw_data/2020/CAST_MB042_200720faed.cnv
* Sea-Bird SBE 19 Data File:
* FileName = C:\2020 Mooring Data\Casts\CAST_MB042_200720.hex
* Software Version SeatermAF 2.1.2
* Temperature SN = 2997
* Conductivity SN = 2997
* System UpLoad Time = Aug 02 2020 21:21:01 (localtime) = Aug 02 2020 21:21:01 (UTC)
* ds
* SEACAT PROFILER V3.1c SN 2997   08/02/20  21:20:06.376
# nquan = 9                                 
# nvalues = 1294                        
# units = specified
# name 0 = timeJ: Julian Days
# name 1 = prSM: Pressure, Strain Gauge [db]
# name 2 = c0mS/cm: Conductivity [mS/cm]
# name 3 = t090C: Temperature [ITS-90, deg C]
# name 4 = sbeox0ML/L: Oxygen, SBE 43 [ml/l]
# name 5 = depSM: Depth [salt water, m], lat = 47.5
# name 6 = sal00: Salinity, Practical [PSU]
# name 7 = sigma-é00: Density [sigma-theta, kg/m^3]
# name 8 = flag: flag
# span 0 = 202.843692, 202.851175       
# span 1 =     -5.628,     44.548       
# span 2 =   0.457634,  37.207217       
# span 3 =     6.9173,    16.9507       
# span 4 =   -13.0108,    11.6980       
# span 5 =     -5.581,     44.171       
# span 6 =     0.2665,    33.9385       
# span 7 =    -1.0048,    26.5293       
# span 8 = 0.0000e+00, 0.0000e+00       
# interval = seconds: 0.5
# start_time = Jul 20 2020 20:14:55 [Instrument's time stamp, header]
# bad_flag = -9.990e-29
*END*
[from data line 801]
 202.848328      1.026  36.805201    10.9797     4.5916      1.017    32.7925    25.0605 -9.990e-29
 202.848333      1.029  36.801527    10.9387     4.6288      1.020    32.8256    25.0935 -9.990e-29
 202.848339      1.031  36.738975    10.8873     4.6457      1.022    32.8095    25.0900 -9.990e-29
 202.848345      1.033  36.669743    10.8550     4.6577      1.024    32.7696    25.0646 -9.990e-29
 202.848351      1.034  36.643835    10.8473     4.6654      1.025    32.7508    25.0513 -9.990e-29
 202.848356      1.035  36.659737    10.8577     4.6850      1.026    32.7573    25.0545 -9.990e-29
 202.848362      1.035  36.685952    10.8762     4.6975      1.026    32.7668    25.0587 -9.990e-29
 202.848368      1.035  36.720985    10.8982     4.6916      1.026    32.7819    25.0666 -9.990e-29
 202.848374      1.035  36.810412    10.9418     4.6716      1.026    32.8316    25.0976 -9.990e-29
 202.848380      1.035  36.935030    11.0097     4.6630      1.026    32.8944    25.1345 -9.990e-29
 202.848385      1.034  36.998705    11.0687     4.6746      1.025    32.9046    25.1319 -9.990e-29
 202.848391      1.033  36.991615    11.1051     4.6709      1.024    32.8650    25.0946 -9.990e-29
 202.848397      1.032  36.973233    11.1305     4.6926      1.023    32.8241    25.0583 -9.990e-29
 202.848403      1.030  36.968922    11.1440     4.6970      1.021    32.8078    25.0432 -9.990e-29
 202.848409      1.027  36.965633    11.1432     4.6887      1.018    32.8053    25.0414 -9.990e-29
 202.848414      1.024  36.955041    11.1421     4.7041      1.015    32.7958    25.0342 -9.990e-29
 202.848420      1.019  36.961677    11.1522     4.6474      1.010    32.7934    25.0305 -9.990e-29
 202.848426      1.013  36.984841    11.1723     4.6665      1.005    32.7983    25.0308 -9.990e-29
 202.848432      1.010  37.008884    11.1933     4.6539      1.002    32.8033    25.0309 -9.990e-29
 202.848437      1.013  37.018209    11.2027     4.6111      1.005    32.8041    25.0299 -9.990e-29
 202.848443      1.019  37.008420    11.1961     4.5916      1.010    32.8003    25.0281 -9.990e-29
 202.848449      1.024  37.001758    11.1802     4.5528      1.015    32.8079    25.0369 -9.990e-29
 202.848455      1.027  36.988762    11.1609     4.5289      1.018    32.8123    25.0437 -9.990e-29
 202.848461      1.030  36.953766    11.1229     4.5097      1.021    32.8117    25.0500 -9.990e-29
 202.848466      1.032  36.884269    11.0450     4.5301      1.023    32.8125    25.0645 -9.990e-29
 202.848472      1.034  36.775575    10.9358     4.5714      1.025    32.8024    25.0760 -9.990e-29
 202.848478      1.035  36.672158    10.8214     4.6128      1.026    32.8021    25.0958 -9.990e-29
 202.848484      1.036  36.601417    10.7302     4.6370      1.027    32.8135    25.1206 -9.990e-29
 202.848490      1.037  36.562577    10.6894     4.6491      1.028    32.8114    25.1260 -9.990e-29
 202.848495      1.038  36.571617    10.6916     4.6419      1.029    32.8184    25.1311 -9.990e-29
 202.848501      1.038  36.606929    10.7101     4.6197      1.029    32.8370    25.1424 -9.990e-29
 202.848507      1.039  36.635998    10.7595     4.5991      1.030    32.8216    25.1218 -9.990e-29
 202.848513      1.039  36.711014    10.8506     4.5633      1.030    32.8146    25.1004 -9.990e-29
 202.848519      1.040  36.818779    10.9303     4.5348      1.031    32.8502    25.1141 -9.990e-29
 202.848524      1.040  36.853584    10.9560     4.5320      1.031    32.8617    25.1186 -9.990e-29
 202.848530      1.040  36.816445    10.9337     4.5306      1.031    32.8449    25.1094 -9.990e-29
 202.848536      1.040  36.753673    10.8654     4.5307      1.031    32.8437    25.1205 -9.990e-29
 202.848542      1.041  36.662818    10.7605     4.5312      1.032    32.8475    25.1418 -9.990e-29
 202.848547      1.041  36.564499    10.6653     4.5343      1.032    32.8350    25.1486 -9.990e-29
 202.848553      1.041  36.511402    10.6149     4.5473      1.032    32.8272    25.1513 -9.990e-29
 202.848559      1.042  36.508906    10.6002     4.5663      1.033    32.8380    25.1622 -9.990e-29
 202.848565      1.042  36.516658    10.5952     4.5598      1.033    32.8502    25.1726 -9.990e-29
 202.848571      1.043  36.517508    10.5871     4.5502      1.034    32.8584    25.1804 -9.990e-29
 202.848576      1.044  36.519297    10.5785     4.5494      1.035    32.8679    25.1893 -9.990e-29
 202.848582      1.045  36.523275    10.5779     4.5634      1.036    32.8725    25.1929 -9.990e-29
 202.848588      1.046  36.528004    10.5956     4.5828      1.037    32.8612    25.1811 -9.990e-29
 202.848594      1.048  36.539754    10.6301     4.6199      1.039    32.8419    25.1601 -9.990e-29
 202.848600      1.050  36.554528    10.6661     4.6676      1.041    32.8243    25.1401 -9.990e-29
 202.848605      1.053  36.557800    10.6785     4.6535      1.044    32.8164    25.1318 -9.990e-29
 202.848611      1.057  36.552779    10.6657     4.6981      1.048    32.8229    25.1391 -9.990e-29
 202.848617      1.062  36.563560    10.6833     4.7171      1.053    32.8178    25.1321 -9.990e-29
 202.848623      1.068  36.613448    10.7588     4.7349      1.059    32.7998    25.1049 -9.990e-29
 202.848628      1.077  36.693256    10.8465     4.7432      1.068    32.8006    25.0902 -9.990e-29
 202.848634      1.087  36.783825    10.9211     4.6311      1.078    32.8237    25.0951 -9.990e-29
 202.848640      1.100  36.885402    10.9944     4.5928      1.091    32.8589    25.1095 -9.990e-29
 202.848646      1.122  36.961909    11.0476     4.5520      1.113    32.8870    25.1220 -9.990e-29
 202.848652      1.157  36.967930    11.0580     4.5402      1.147    32.8836    25.1175 -9.990e-29
 202.848657      1.200  36.926040    11.0394     4.5423      1.190    32.8588    25.1015 -9.990e-29
 202.848663      1.244  36.877311    10.9961     4.5127      1.234    32.8493    25.1018 -9.990e-29
 202.848669      1.293  36.820061    10.9144     4.5065      1.282    32.8656    25.1289 -9.990e-29
 202.848675      1.349  36.731714    10.7921     4.4806      1.338    32.8876    25.1675 -9.990e-29
 202.848681      1.417  36.610995    10.6573     4.4728      1.405    32.8885    25.1917 -9.990e-29
 202.848686      1.495  36.495839    10.5634     4.5031      1.483    32.8579    25.1841 -9.990e-29
 202.848692      1.581  36.427662    10.5225     4.5221      1.568    32.8264    25.1666 -9.990e-29
 202.848698      1.672  36.411880    10.4976     4.5317      1.658    32.8330    25.1760 -9.990e-29
 202.848704      1.768  36.417868    10.4603     4.4580      1.753    32.8726    25.2133 -9.990e-29
 202.848709      1.872  36.404253    10.4063     4.3611      1.856    32.9077    25.2499 -9.990e-29
 202.848715      1.986  36.363490    10.3540     4.2371      1.969    32.9140    25.2638 -9.990e-29
 202.848721      2.117  36.318517    10.3281     4.0902      2.099    32.8922    25.2511 0.0000e+00
 202.848727      2.265  36.291695    10.3209     3.9566      2.246    32.8716    25.2363 0.0000e+00
 202.848733      2.427  36.278030    10.2670     3.8528      2.407    32.9066    25.2728 0.0000e+00
 202.848738      2.604  36.209944    10.0934     3.7825      2.582    32.9956    25.3715 0.0000e+00
 202.848744      2.800  36.034728     9.8011     3.7719      2.777    33.0850    25.4899 0.0000e+00
 202.848750      3.017  35.793858     9.4907     3.7766      2.992    33.1242    25.5713 0.0000e+00
 202.848756      3.253  35.577961     9.2801     3.7812      3.226    33.0964    25.5834 0.0000e+00
 202.848762      3.496  35.449837     9.1856     3.7740      3.467    33.0512    25.5632 0.0000e+00
 202.848767      3.742  35.401044     9.1572     3.7291      3.711    33.0269    25.5486 0.0000e+00
 202.848773      3.988  35.395026     9.1515     3.6696      3.955    33.0258    25.5487 0.0000e+00
 202.848779      4.233  35.395135     9.1346     3.6005      4.198    33.0415    25.5636 0.0000e+00
 202.848785      4.476  35.376823     9.1021     3.5387      4.439    33.0525    25.5774 0.0000e+00
 202.848791      4.719  35.341412     9.0515     3.4614      4.680    33.0626    25.5933 0.0000e+00
 202.848796      4.969  35.288708     8.9680     3.4841      4.927    33.0854    25.6242 0.0000e+00
 202.848802      5.228  35.220674     8.8761     3.4759      5.184    33.1000    25.6499 0.0000e+00
 202.848808      5.497  35.159729     8.8049     3.4842      5.451    33.1026    25.6630 0.0000e+00
 202.848814      5.771  35.120926     8.7409     3.5010      5.723    33.1217    25.6879 0.0000e+00
 202.848819      6.046  35.096171     8.6765     3.4433      5.995    33.1560    25.7246 0.0000e+00
 202.848825      6.322  35.077621     8.6292     3.5036      6.269    33.1807    25.7513 0.0000e+00
 202.848831      6.596  35.065148     8.6086     3.5175      6.541    33.1869    25.7592 0.0000e+00
 202.848837      6.859  35.062238     8.6053     3.5332      6.802    33.1868    25.7596 0.0000e+00
 202.848843      7.107  35.067764     8.6058     3.5377      7.048    33.1920    25.7637 0.0000e+00
 202.848848      7.342  35.072805     8.6036     3.4945      7.281    33.1993    25.7697 0.0000e+00
 202.848854      7.570  35.070036     8.5980     3.4824      7.507    33.2015    25.7723 0.0000e+00
 202.848860      7.803  35.061332     8.5898     3.4593      7.738    33.2000    25.7723 0.0000e+00
 202.848866      8.051  35.052976     8.5789     3.4314      7.984    33.2013    25.7751 0.0000e+00
 202.848872      8.316  35.044433     8.5648     3.4194      8.246    33.2054    25.7805 0.0000e+00
 202.848877      8.594  35.034356     8.5490     3.4333      8.522    33.2096    25.7861 0.0000e+00
 202.848883      8.873  35.024397     8.5367     3.4538      8.799    33.2105    25.7887 0.0000e+00
 202.848889      9.135  35.014678     8.5335     3.4710      9.059    33.2032    25.7835 0.0000e+00
 202.848895      9.369  35.010687     8.5380     3.4869      9.291    33.1946    25.7761 0.0000e+00
 202.848900      9.571  35.017705     8.5435     3.4737      9.491    33.1968    25.7769 0.0000e+00
 202.848906      9.751  35.027683     8.5441     3.4089      9.669    33.2066    25.7846 0.0000e+00
 202.848912      9.923  35.028673     8.5380     3.2927      9.840    33.2133    25.7908 0.0000e+00
 202.848918     10.103  35.020279     8.5286     3.1173     10.018    33.2133    25.7921 0.0000e+00
 202.848924     10.294  35.012562     8.5195     2.9166     10.208    33.2136    25.7938 0.0000e+00
 202.848929     10.496  35.009759     8.5045     2.7397     10.408    33.2247    25.8047 0.0000e+00
 202.848935     10.711  35.001371     8.4632     2.6269     10.621    33.2547    25.8345 0.0000e+00
 202.848941     10.947  34.969448     8.3717     2.5918     10.855    33.3073    25.8896 0.0000e+00
 202.848947     11.200  34.898282     8.2389     2.6134     11.106    33.3577    25.9490 0.0000e+00
 202.848953     11.452  34.800511     8.1228     2.6440     11.356    33.3641    25.9712 0.0000e+00
 202.848958     11.681  34.719957     8.0676     2.6769     11.583    33.3307    25.9532 0.0000e+00
 202.848964     11.876  34.685290     8.0585     2.6745     11.777    33.3023    25.9322 0.0000e+00
 202.848970     12.040  34.687200     8.0594     2.6683     11.939    33.3034    25.9330 0.0000e+00
 202.848976     12.185  34.698496     8.0550     2.6688     12.083    33.3195    25.9463 0.0000e+00
 202.848981     12.314  34.706751     8.0521     2.6508     12.211    33.3310    25.9558 -9.990e-29
 202.848987     12.432  34.706129     8.0506     2.6304     12.328    33.3318    25.9565 -9.990e-29
 202.848993     12.547  34.693520     8.0412     2.6152     12.442    33.3272    25.9543 -9.990e-29
 202.848999     12.661  34.677846     8.0217     2.6105     12.555    33.3290    25.9586 -9.990e-29
 202.849005     12.781  34.663382     7.9950     2.5546     12.674    33.3389    25.9703 -9.990e-29
 202.849010     12.920  34.659375     7.9666     2.5997     12.812    33.3617    25.9923 0.0000e+00
 202.849016     13.082  34.662125     7.9302     2.6322     12.972    33.3993    26.0272 0.0000e+00
 202.849022     13.269  34.647242     7.8616     2.6550     13.158    33.4490    26.0762 0.0000e+00
 202.849028     13.483  34.603245     7.7616     2.6740     13.370    33.4976    26.1289 0.0000e+00
 202.849034     13.723  34.546501     7.6757     2.6163     13.608    33.5191    26.1581 0.0000e+00
 202.849039     13.968  34.508306     7.6348     2.6648     13.851    33.5173    26.1625 0.0000e+00
 202.849045     14.200  34.499299     7.6282     2.6829     14.081    33.5138    26.1607 0.0000e+00
 202.849051     14.416  34.505173     7.6325     2.7103     14.295    33.5159    26.1618 0.0000e+00
 202.849057     14.631  34.506265     7.6242     2.7383     14.508    33.5250    26.1701 0.0000e+00
 202.849063     14.857  34.491670     7.5908     2.7025     14.732    33.5413    26.1877 0.0000e+00
 202.849068     15.093  34.467104     7.5462     2.7207     14.966    33.5578    26.2070 0.0000e+00
 202.849074     15.322  34.446273     7.5169     2.7211     15.194    33.5635    26.2156 0.0000e+00
 202.849080     15.527  34.439451     7.5081     2.7107     15.397    33.5645    26.2177 0.0000e+00
 202.849086     15.701  34.444216     7.5077     2.6976     15.569    33.5699    26.2220 0.0000e+00
 202.849091     15.866  34.448390     7.5078     2.6677     15.733    33.5743    26.2254 0.0000e+00
 202.849097     16.044  34.446857     7.5023     2.6472     15.909    33.5779    26.2290 0.0000e+00
 202.849103     16.247  34.439777     7.4901     2.6163     16.111    33.5819    26.2339 0.0000e+00
 202.849109     16.475  34.429440     7.4767     2.5858     16.337    33.5836    26.2372 0.0000e+00
 202.849115     16.725  34.421070     7.4555     2.5726     16.585    33.5949    26.2491 0.0000e+00
 202.849120     16.999  34.407948     7.4146     2.5603     16.856    33.6202    26.2748 0.0000e+00
 202.849126     17.312  34.383184     7.3624     2.5549     17.167    33.6439    26.3007 0.0000e+00
 202.849132     17.662  34.357415     7.3183     2.5631     17.514    33.6586    26.3185 0.0000e+00
 202.849138     18.015  34.339935     7.2904     2.5695     17.864    33.6666    26.3286 0.0000e+00
 202.849144     18.335  34.328675     7.2787     2.5704     18.181    33.6656    26.3295 0.0000e+00
 202.849149     18.601  34.323136     7.2809     2.5812     18.445    33.6573    26.3226 0.0000e+00
 202.849155     18.816  34.327096     7.2893     2.5797     18.658    33.6533    26.3183 0.0000e+00
 202.849161     18.987  34.337390     7.2972     2.5637     18.828    33.6567    26.3199 0.0000e+00
 202.849167     19.134  34.345858     7.3021     2.5533     18.973    33.6611    26.3227 0.0000e+00
 202.849172     19.285  34.348630     7.3010     2.5550     19.123    33.6651    26.3260 0.0000e+00
 202.849178     19.456  34.345446     7.2913     2.5413     19.293    33.6710    26.3320 0.0000e+00
 202.849184     19.650  34.338746     7.2725     2.5083     19.485    33.6819    26.3432 0.0000e+00
 202.849190     19.859  34.330763     7.2503     2.4444     19.692    33.6948    26.3564 0.0000e+00
 202.849196     20.069  34.324258     7.2348     2.3826     19.901    33.7027    26.3648 0.0000e+00
 202.849201     20.277  34.321722     7.2242     2.3240     20.107    33.7102    26.3722 0.0000e+00
 202.849207     20.496  34.318049     7.2036     2.2835     20.324    33.7262    26.3876 0.0000e+00
 202.849213     20.744  34.307181     7.1604     2.2698     20.570    33.7565    26.4174 0.0000e+00
 202.849219     21.025  34.285795     7.0992     2.1995     20.848    33.7929    26.4546 0.0000e+00
 202.849225     21.322  34.257831     7.0426     2.2423     21.143    33.8177    26.4818 0.0000e+00
 202.849230     21.611  34.236934     7.0102     2.2721     21.430    33.8264    26.4932 0.0000e+00
 202.849236     21.872  34.229365     7.0019     2.2995     21.688    33.8262    26.4941 0.0000e+00
 202.849242     22.095  34.232263     7.0068     2.3099     21.909    33.8244    26.4921 0.0000e+00
