data/oxygen options/OCNMS/OCNMS1/raw_data/2020/CAST_TH042_200930faed.cnv
* Sea-Bird SBE 19 Data File:
* FileName = C:\2020 Mooring Data\Casts\CAST_TH042_200930.hex
* Software Version SeatermAF 2.1.2
* Temperature SN = 2997
* Conductivity SN = 2997
* System UpLoad Time = Sep 30 2020 18:20:05 (localtime) = Sep 30 2020 18:20:05 (UTC)
** CAST_TH042_200930
* ds
# nquan = 9                                 
# nvalues = 1474                        
# units = specified
# name 0 = timeJ: Julian Days
# name 1 = prSM: Pressure, Strain Gauge [db]
# name 2 = c0mS/cm: Conductivity [mS/cm]
# name 3 = t090C: Temperature [ITS-90, deg C]
# name 4 = sbeox0ML/L: Oxygen, SBE 43 [ml/l]
# name 5 = depSM: Depth [salt water, m], lat = 47.5
# name 6 = sal00: Salinity, Practical [PSU]
# name 7 = sigma-é00: Density [sigma-theta, kg/m^3]
# name 8 = flag: flag
# span 0 = 274.691968, 274.700492       
# span 1 =     -4.810,     43.232       
# span 2 =   0.013557,  38.149094       
# span 3 =     8.2408,    17.9170       
# span 4 =    -1.7860,    13.7482       
# span 5 =     -4.770,     42.867       
# span 6 =     0.0136,    33.3327       
# span 7 =    -1.3772,    25.9280       
# span 8 = 0.0000e+00, 0.0000e+00       
# interval = seconds: 0.5
# start_time = Sep 30 2020 16:36:26 [Instrument's time stamp, header]
# bad_flag = -9.990e-29
*END*
[from data line 1441]
 274.700307      6.220  37.485323    13.8415     6.0932      6.168    31.0084    23.1367 0.0000e+00
 274.700313      5.955  37.455874    13.9464     6.1980      5.905    30.8969    23.0296 0.0000e+00
 274.700318      5.694  37.430443    14.0591     6.2454      5.646    30.7835    22.9192 0.0000e+00
 274.700324      5.438  37.413326    14.1650     6.2605      5.393    30.6835    22.8206 0.0000e+00
 274.700330      5.187  37.400654    14.2582     6.2755      5.144    30.5982    22.7357 0.0000e+00
 274.700336      4.943  37.390165    14.3285     6.3263      4.902    30.5332    22.6712 0.0000e+00
 274.700341      4.702  37.382865    14.3732     6.3770      4.663    30.4914    22.6298 0.0000e+00
 274.700347      4.460  37.380264    14.4005     6.4960      4.423    30.4676    22.6059 0.0000e+00
 274.700353      4.211  37.381530    14.4217     6.6125      4.176    30.4522    22.5896 0.0000e+00
 274.700359      3.964  37.384994    14.4470     6.7355      3.931    30.4356    22.5716 0.0000e+00
 274.700365      3.722  37.386310    14.4801     6.8257      3.691    30.4109    22.5457 0.0000e+00
 274.700370      3.484  37.375464    14.5227     6.7955      3.455    30.3678    22.5037 0.0000e+00
 274.700376      3.247  37.341362    14.5752     7.7834      3.220    30.2961    22.4376 0.0000e+00
 274.700382      3.013  37.282268    14.6244     7.8196      2.988    30.2047    22.3570 0.0000e+00
 274.700388      2.785  37.200119    14.6616     7.5579      2.762    30.1020    22.2702 0.0000e+00
 274.700394      2.565  37.098632    14.6936     7.1240      2.544    29.9861    22.1743 0.0000e+00
 274.700399      2.357  36.991050    14.7212     6.7668      2.337    29.8684    22.0780 0.0000e+00
 274.700405      2.163  36.855575    14.7381     6.3861      2.145    29.7341    21.9711 0.0000e+00
 274.700411      1.990  36.665168    14.7396     6.1170      1.973    29.5624    21.8386 0.0000e+00
 274.700417      1.842  36.392974    14.7309     5.9950      1.827    29.3254    21.6580 -9.990e-29
 274.700422      1.724  35.751744    14.7209     5.9592      1.710    28.7599    21.2249 -9.990e-29
 274.700428      1.633  33.757025    14.7119     5.9608      1.619    26.9933    19.8679 -9.990e-29
 274.700434      1.562  27.612981    14.7042     5.9813      1.549    21.6317    15.7510 -9.990e-29
 274.700440      1.507  17.885770    14.6973 -9.990e-29      1.494    13.4562     9.4836 -9.990e-29
 274.700446      1.464  10.599019    14.6897 -9.990e-29      1.452     7.6363     5.0240 -9.990e-29
 274.700451      1.431   7.642094    14.6812 -9.990e-29      1.419     5.3725     3.2883 -9.990e-29
 274.700457      1.406   6.145893    14.6726 -9.990e-29      1.394     4.2550     2.4312 -9.990e-29
 274.700463      1.387   4.664532    14.6645 -9.990e-29      1.375     3.1706     1.5986 -9.990e-29
 274.700469      1.373   3.586630    14.6572 -9.990e-29      1.362     2.3981     1.0050 -9.990e-29
 274.700475      1.363   3.133122    14.6505 -9.990e-29      1.352     2.0782     0.7595 -9.990e-29
 274.700480      1.356   2.897462    14.6448 -9.990e-29      1.345     1.9133     0.6333 -9.990e-29
 274.700486      1.352   2.715801    14.6424 -9.990e-29      1.341     1.7868     0.5361 -9.990e-29
 274.700492      1.351   2.588942 -9.990e-29 -9.990e-29      1.340 -9.990e-29 -9.990e-29 -9.990e-29
