data/oxygen options/OCNMS/OCNMS1/raw_data/2020/CAST_TH042_200804faed.cnv
* Sea-Bird SBE 19 Data File:
* FileName = C:\2020 Mooring Data\Casts\CAST_TH042_200804.hex
* Software Version SeatermAF 2.1.2
* Temperature SN = 2997
* Conductivity SN = 2997
* System UpLoad Time = Aug 04 2020 01:17:45 (localtime) = Aug 04 2020 01:17:45 (UTC)
* ds
* SEACAT PROFILER V3.1c SN 2997   08/04/20  01:16:59.041
# nquan = 9                                 
# nvalues = 1040                        
# units = specified
# name 0 = timeJ: Julian Days
# name 1 = prSM: Pressure, Strain Gauge [db]
# name 2 = c0mS/cm: Conductivity [mS/cm]
# name 3 = t090C: Temperature [ITS-90, deg C]
# name 4 = sbeox0ML/L: Oxygen, SBE 43 [ml/l]
# name 5 = depSM: Depth [salt water, m], lat = 47.5
# name 6 = sal00: Salinity, Practical [PSU]
# name 7 = sigma-é00: Density [sigma-theta, kg/m^3]
# name 8 = flag: flag
# span 0 = 217.045995, 217.052008       
# span 1 =     -6.157,     42.190       
# span 2 =   0.261804,  40.262783       
# span 3 =     7.5273,    19.4284       
# span 4 =    -1.7267,    14.7927       
# span 5 =     -6.106,     41.834       
# span 6 =     0.1416,    33.4223       
# span 7 =    -1.5700,    26.1035       
# span 8 = 0.0000e+00, 0.0000e+00       
# interval = seconds: 0.5
# start_time = Aug 04 2020 01:06:14 [Instrument's time stamp, header]
# bad_flag = -9.990e-29
*END*
[from data line 481]
 217.048779      0.453  39.301590    15.0236     6.9155      0.449    31.7052    23.4282 -9.990e-29
 217.048785      0.453  39.329077    15.0445     6.9231      0.449    31.7130    23.4297 -9.990e-29
 217.048791      0.457  39.356531    15.0604     6.9245      0.453    31.7247    23.4353 -9.990e-29
 217.048796      0.464  39.371270    15.0704     6.9179      0.460    31.7298    23.4371 -9.990e-29
 217.048802      0.468  39.374666    15.0778     6.9214      0.464    31.7269    23.4333 -9.990e-29
 217.048808      0.470  39.373498    15.0821     6.8995      0.466    31.7223    23.4288 -9.990e-29
 217.048814      0.470  39.373668    15.0829     6.8872      0.466    31.7219    23.4283 -9.990e-29
 217.048819      0.468  39.376486    15.0846     6.8778      0.464    31.7230    23.4288 -9.990e-29
 217.048825      0.464  39.379688    15.0908     6.8594      0.460    31.7209    23.4258 -9.990e-29
 217.048831      0.462  39.383578    15.0993     6.8634      0.458    31.7175    23.4214 -9.990e-29
 217.048837      0.465  39.389378    15.1059     6.8740      0.461    31.7173    23.4199 -9.990e-29
 217.048843      0.471  39.395255    15.1074     6.9068      0.467    31.7214    23.4227 -9.990e-29
 217.048848      0.475  39.398356    15.1057     6.9144      0.471    31.7255    23.4262 -9.990e-29
 217.048854      0.477  39.399412    15.1061     6.9237      0.473    31.7261    23.4266 -9.990e-29
 217.048860      0.478  39.402591    15.1127     6.9262      0.474    31.7236    23.4233 -9.990e-29
 217.048866      0.478  39.409848    15.1255     6.9051      0.474    31.7198    23.4176 -9.990e-29
 217.048872      0.476  39.418489    15.1415     6.9031      0.472    31.7146    23.4101 -9.990e-29
 217.048877      0.472  39.425980    15.1560     6.8910      0.468    31.7095    23.4031 -9.990e-29
 217.048883      0.466  39.432183    15.1638     6.8842      0.462    31.7088    23.4009 -9.990e-29
 217.048889      0.463  39.436923    15.1640     6.8785      0.459    31.7129    23.4040 -9.990e-29
 217.048895      0.465  39.441438    15.1616     6.8357      0.461    31.7189    23.4091 -9.990e-29
 217.048900      0.469  39.446101    15.1595     6.8724      0.465    31.7247    23.4141 -9.990e-29
 217.048906      0.472  39.445878    15.1562     6.8801      0.468    31.7272    23.4167 -9.990e-29
 217.048912      0.477  39.441550    15.1529     6.9239      0.473    31.7260    23.4164 -9.990e-29
 217.048918      0.488  39.440757    15.1521     6.9398      0.484    31.7259    23.4166 -9.990e-29
 217.048924      0.504  39.442402    15.1513     6.9043      0.500    31.7281    23.4184 -9.990e-29
 217.048929      0.515  39.441348    15.1478     6.9091      0.511    31.7299    23.4206 -9.990e-29
 217.048935      0.514  39.436707    15.1403     6.9072      0.510    31.7319    23.4237 -9.990e-29
 217.048941      0.501  39.428977    15.1294     6.9145      0.497    31.7338    23.4275 -9.990e-29
 217.048947      0.484  39.419020    15.1206     6.8892      0.480    31.7320    23.4280 -9.990e-29
 217.048953      0.466  39.410333    15.1180     6.8938      0.462    31.7263    23.4242 -9.990e-29
 217.048958      0.449  39.408103    15.1194     6.8868      0.445    31.7232    23.4215 -9.990e-29
 217.048964      0.438  39.410995    15.1211     6.8759      0.434    31.7244    23.4220 -9.990e-29
 217.048970      0.436  39.411054    15.1220     6.8987      0.432    31.7237    23.4213 -9.990e-29
 217.048976      0.447  39.406639    15.1221     6.8929      0.443    31.7197    23.4182 -9.990e-29
 217.048981      0.462  39.402471    15.1220     6.9007      0.458    31.7160    23.4154 -9.990e-29
 217.048987      0.476  39.395753    15.1202     6.9117      0.472    31.7114    23.4123 -9.990e-29
 217.048993      0.488  39.375245    15.1130     6.9199      0.484    31.6989    23.4041 -9.990e-29
 217.048999      0.498  39.341026    15.0943     6.9202      0.494    31.6833    23.3962 -9.990e-29
 217.049005      0.509  39.313007    15.0611     6.9137      0.505    31.6850    23.4046 -9.990e-29
 217.049010      0.520  39.304231    15.0303     6.9139      0.516    31.7021    23.4244 -9.990e-29
 217.049016      0.537  39.314164    15.0249     6.9039      0.533    31.7154    23.4358 -9.990e-29
 217.049022      0.560  39.338067    15.0392     6.9094      0.555    31.7253    23.4403 -9.990e-29
 217.049028      0.574  39.357314    15.0522     6.8849      0.569    31.7320    23.4427 -9.990e-29
 217.049034      0.567  39.359411    15.0610     6.8769      0.562    31.7268    23.4368 -9.990e-29
 217.049039      0.543  39.354966    15.0754     6.8994      0.538    31.7111    23.4216 -9.990e-29
 217.049045      0.513  39.357630    15.0931     6.9053      0.509    31.6992    23.4087 -9.990e-29
 217.049051      0.492  39.373158    15.1062     6.9266      0.488    31.7025    23.4084 -9.990e-29
 217.049057      0.488  39.396993    15.1154     6.9237      0.484    31.7164    23.4171 -9.990e-29
 217.049062      0.500  39.413236    15.1192     6.9025      0.496    31.7279    23.4252 -9.990e-29
 217.049068      0.525  39.407633    15.1183     6.8714      0.521    31.7236    23.4220 -9.990e-29
 217.049074      0.551  39.389489    15.1189     6.8920      0.546    31.7068    23.4090 -9.990e-29
 217.049080      0.568  39.384455    15.1234     6.8229      0.563    31.6987    23.4018 -9.990e-29
 217.049086      0.572  39.394181    15.1331     6.8430      0.567    31.6995    23.4003 -9.990e-29
 217.049091      0.567  39.404131    15.1488     6.8622      0.562    31.6958    23.3941 -9.990e-29
 217.049097      0.562  39.414639    15.1653     6.8768      0.557    31.6918    23.3875 -9.990e-29
 217.049103      0.562  39.420620    15.1678     6.8980      0.557    31.6952    23.3895 -9.990e-29
 217.049109      0.565  39.411513    15.1501     6.8437      0.560    31.7013    23.3981 -9.990e-29
 217.049115      0.572  39.398119    15.1300     6.8718      0.567    31.7056    23.4057 -9.990e-29
 217.049120      0.584  39.398413    15.1248     6.8931      0.579    31.7101    23.4102 -9.990e-29
 217.049126      0.600  39.416105    15.1424     6.8644      0.595    31.7117    23.4077 -9.990e-29
 217.049132      0.619  39.446709    15.1929     6.8419      0.614    31.6982    23.3864 -9.990e-29
 217.049138      0.633  39.482223    15.2668     6.8091      0.628    31.6702    23.3490 -9.990e-29
 217.049144      0.638  39.509983    15.3338     6.8222      0.633    31.6410    23.3120 -9.990e-29
 217.049149      0.634  39.532778    15.3760     6.8580      0.629    31.6274    23.2923 -9.990e-29
 217.049155      0.622  39.560799    15.3919     6.8570      0.617    31.6395    23.2982 -9.990e-29
 217.049161      0.604  39.587097    15.3823     6.8558      0.599    31.6707    23.3243 -9.990e-29
 217.049167      0.589  39.597937    15.3411     6.8404      0.584    31.7136    23.3662 -9.990e-29
 217.049172      0.579  39.566814    15.2692     6.8270      0.574    31.7439    23.4052 -9.990e-29
 217.049178      0.574  39.505440    15.2014     6.8425      0.569    31.7439    23.4198 -9.990e-29
 217.049184      0.570  39.473747    15.1768     6.8479      0.565    31.7355    23.4186 -9.990e-29
 217.049190      0.561  39.487156    15.1967     6.8439      0.556    31.7314    23.4111 -9.990e-29
 217.049196      0.552  39.516401    15.2335     6.8428      0.547    31.7277    23.4004 -9.990e-29
 217.049201      0.546  39.532605    15.2602     6.8423      0.541    31.7206    23.3892 -9.990e-29
 217.049207      0.543  39.533239    15.2706     6.8567      0.538    31.7128    23.3809 -9.990e-29
 217.049213      0.543  39.535371    15.2719     6.8556      0.538    31.7137    23.3813 -9.990e-29
 217.049219      0.546  39.537885    15.2676     6.8548      0.541    31.7194    23.3866 -9.990e-29
 217.049225      0.551  39.539046    15.2595     6.8548      0.546    31.7270    23.3942 -9.990e-29
 217.049230      0.559  39.543723    15.2508     6.8512      0.554    31.7382    23.4047 -9.990e-29
 217.049236      0.567  39.545779    15.2481     6.8604      0.562    31.7422    23.4084 -9.990e-29
 217.049242      0.571  39.549033    15.2557     6.8530      0.566    31.7390    23.4042 -9.990e-29
 217.049248      0.574  39.557219    15.2675     6.8377      0.569    31.7367    23.4000 -9.990e-29
 217.049253      0.582  39.568316    15.2768     6.8307      0.577    31.7391    23.3998 -9.990e-29
 217.049259      0.591  39.581947    15.2830     6.8270      0.586    31.7463    23.4040 -9.990e-29
 217.049265      0.598  39.591585    15.2862     6.8069      0.593    31.7523    23.4079 -9.990e-29
 217.049271      0.606  39.591543    15.2878     6.8357      0.601    31.7510    23.4065 -9.990e-29
 217.049277      0.620  39.583407    15.2912     6.8393      0.615    31.7409    23.3981 -9.990e-29
 217.049282      0.638  39.575345    15.2953     6.8412      0.633    31.7304    23.3891 -9.990e-29
 217.049288      0.652  39.572822    15.2973     6.8488      0.647    31.7265    23.3857 -9.990e-29
 217.049294      0.659  39.572994    15.2960     6.8264      0.653    31.7278    23.3869 -9.990e-29
 217.049300      0.658  39.573247    15.2877     6.8759      0.653    31.7347    23.3940 -9.990e-29
 217.049306      0.654  39.572194    15.2710     6.9055      0.649    31.7473    23.4073 -9.990e-29
 217.049311      0.652  39.565027    15.2539     6.9107      0.647    31.7547    23.4167 -9.990e-29
 217.049317      0.650  39.547193    15.2435     6.9070      0.645    31.7472    23.4132 -9.990e-29
 217.049323      0.654  39.518972    15.2343     6.8836      0.649    31.7294    23.4015 -9.990e-29
 217.049329      0.663  39.486411    15.2216     6.8627      0.657    31.7105    23.3897 -9.990e-29
 217.049334      0.674  39.464912    15.2127     6.8657      0.668    31.6985    23.3824 -9.990e-29
 217.049340      0.683  39.467806    15.2133     6.8671      0.677    31.7006    23.3839 -9.990e-29
 217.049346      0.682  39.486574    15.2206     6.8891      0.676    31.7114    23.3907 -9.990e-29
 217.049352      0.676  39.508081    15.2291     6.8949      0.670    31.7238    23.3983 -9.990e-29
 217.049358      0.672  39.522846    15.2341     6.9134      0.666    31.7330    23.4043 -9.990e-29
 217.049363      0.667  39.524170    15.2330     6.8939      0.661    31.7351    23.4061 -9.990e-29
 217.049369      0.658  39.513779    15.2259     6.8631      0.653    31.7315    23.4050 -9.990e-29
 217.049375      0.652  39.500200    15.2183     6.8697      0.647    31.7255    23.4020 -9.990e-29
 217.049381      0.646  39.495557    15.2157     6.8979      0.641    31.7235    23.4010 -9.990e-29
 217.049387      0.645  39.500901    15.2163     6.9373      0.640    31.7278    23.4041 -9.990e-29
 217.049392      0.654  39.506499    15.2148     6.9656      0.649    31.7340    23.4093 -9.990e-29
 217.049398      0.668  39.505760    15.2080     6.9551      0.662    31.7388    23.4144 -9.990e-29
 217.049404      0.679  39.495977    15.1925     6.9340      0.673    31.7426    23.4207 -9.990e-29
 217.049410      0.689  39.470230    15.1673     6.9214      0.683    31.7400    23.4241 -9.990e-29
 217.049416      0.707  39.435627    15.1414     6.9220      0.701    31.7299    23.4219 -9.990e-29
 217.049421      0.733  39.414374    15.1266     6.9402      0.727    31.7229    23.4197 -9.990e-29
 217.049427      0.766  39.413960    15.1261     6.9654      0.760    31.7229    23.4198 -9.990e-29
 217.049433      0.807  39.426499    15.1340     6.9688      0.800    31.7277    23.4218 -9.990e-29
 217.049439      0.855  39.436713    15.1392     6.9765      0.848    31.7326    23.4245 -9.990e-29
 217.049444      0.912  39.432956    15.1341     6.9829      0.904    31.7334    23.4262 -9.990e-29
 217.049450      0.991  39.418588    15.1201     6.9867      0.983    31.7318    23.4280 -9.990e-29
 217.049456      1.097  39.404123    15.1048     6.9874      1.088    31.7312    23.4308 -9.990e-29
 217.049462      1.223  39.392092    15.0940     6.9671      1.213    31.7291    23.4315 0.0000e+00
 217.049468      1.361  39.383785    15.0876     6.9458      1.350    31.7268    23.4311 0.0000e+00
 217.049473      1.507  39.379292    15.0825     6.9283      1.494    31.7268    23.4323 0.0000e+00
 217.049479      1.665  39.372017    15.0773     6.8983      1.651    31.7245    23.4315 0.0000e+00
 217.049485      1.846  39.362307    15.0732     6.9318      1.831    31.7190    23.4282 0.0000e+00
 217.049491      2.052  39.353988    15.0695     6.9528      2.035    31.7145    23.4255 0.0000e+00
 217.049497      2.276  39.347332    15.0628     6.9740      2.257    31.7138    23.4265 0.0000e+00
 217.049502      2.509  39.341830    15.0509     7.0048      2.488    31.7185    23.4326 0.0000e+00
 217.049508      2.742  39.337537    15.0386     6.9931      2.719    31.7245    23.4399 0.0000e+00
 217.049514      2.959  39.337014    15.0322     6.9954      2.934    31.7291    23.4448 0.0000e+00
 217.049520      3.156  39.340191    15.0297     6.9777      3.130    31.7339    23.4491 0.0000e+00
 217.049525      3.338  39.341668    15.0269     6.9505      3.310    31.7375    23.4524 0.0000e+00
 217.049531      3.512  39.339388    15.0222     6.9468      3.483    31.7392    23.4547 0.0000e+00
 217.049537      3.685  39.334690    15.0151     6.9421      3.654    31.7407    23.4574 0.0000e+00
 217.049543      3.863  39.325693    15.0046     6.9602      3.831    31.7410    23.4599 0.0000e+00
 217.049549      4.062  39.310949    14.9841     6.9532      4.028    31.7443    23.4669 0.0000e+00
 217.049554      4.291  39.284147    14.9357     6.9601      4.255    31.7595    23.4889 0.0000e+00
 217.049560      4.538  39.221781    14.8591     6.9690      4.500    31.7655    23.5099 0.0000e+00
 217.049566      4.784  39.131396    14.7932     6.9763      4.744    31.7375    23.5023 0.0000e+00
 217.049572      5.016  39.063891    14.7642     6.9605      4.974    31.7001    23.4796 0.0000e+00
 217.049578      5.226  39.038438    14.7604     6.9298      5.182    31.6801    23.4650 0.0000e+00
 217.049583      5.416  39.044526    14.7633     6.9003      5.371    31.6831    23.4667 0.0000e+00
 217.049589      5.593  39.064383    14.7606     6.9004      5.546    31.7032    23.4828 0.0000e+00
 217.049595      5.768  39.071134    14.7450     6.9161      5.720    31.7220    23.5005 0.0000e+00
 217.049601      5.953  39.056864    14.7180     6.9391      5.903    31.7310    23.5132 0.0000e+00
 217.049606      6.159  39.036638    14.6769     6.9580      6.108    31.7461    23.5335 0.0000e+00
 217.049612      6.386  39.001882    14.6038     6.9660      6.333    31.7743    23.5706 0.0000e+00
 217.049618      6.619  38.923523    14.5072     6.9940      6.564    31.7821    23.5969 0.0000e+00
 217.049624      6.847  38.831498    14.4314     6.9960      6.790    31.7604    23.5960 0.0000e+00
 217.049630      7.063  38.775632    14.4002     6.9621      7.004    31.7350    23.5829 0.0000e+00
 217.049635      7.259  38.759781    14.4054     6.8763      7.198    31.7162    23.5674 0.0000e+00
 217.049641      7.440  38.773342    14.4294     6.8242      7.378    31.7089    23.5567 0.0000e+00
 217.049647      7.617  38.800662    14.4483     6.8323      7.553    31.7182    23.5600 0.0000e+00
 217.049653      7.801  38.815852    14.4420     6.8819      7.736    31.7371    23.5759 0.0000e+00
 217.049659      8.003  38.806003    14.3989     6.9462      7.936    31.7634    23.6051 0.0000e+00
 217.049664      8.228  38.763490    14.3052     6.9206      8.159    31.8015    23.6540 0.0000e+00
 217.049670      8.465  38.670766    14.1534     6.9617      8.394    31.8416    23.7163 0.0000e+00
 217.049676      8.699  38.515631    13.9658     6.9229      8.626    31.8541    23.7644 0.0000e+00
 217.049682      8.923  38.323727    13.8086     6.8773      8.848    31.8072    23.7602 0.0000e+00
 217.049688      9.135  38.181505    13.7358     6.8057      9.059    31.7360    23.7199 0.0000e+00
 217.049693      9.334  38.131795    13.7168     6.6632      9.256    31.7056    23.7003 0.0000e+00
