data/oxygen options/OCNMS/OCNMS1/raw_data/2020/CAST_CA042_200804faed.cnv
* Sea-Bird SBE 19 Data File:
* FileName = C:\2020 Mooring Data\Casts\CAST_CA042_200804.hex
* Software Version SeatermAF 2.1.2
* Temperature SN = 2997
* Conductivity SN = 2997
* System UpLoad Time = Aug 04 2020 18:15:11 (localtime) = Aug 04 2020 18:15:11 (UTC)
* ds
* SEACAT PROFILER V3.1c SN 2997   08/04/20  18:14:25.755
# nquan = 9                                 
# nvalues = 1136                        
# units = specified
# name 0 = timeJ: Julian Days
# name 1 = prSM: Pressure, Strain Gauge [db]
# name 2 = c0mS/cm: Conductivity [mS/cm]
# name 3 = t090C: Temperature [ITS-90, deg C]
# name 4 = sbeox0ML/L: Oxygen, SBE 43 [ml/l]
# name 5 = depSM: Depth [salt water, m], lat = 47.5
# name 6 = sal00: Salinity, Practical [PSU]
# name 7 = sigma-é00: Density [sigma-theta, kg/m^3]
# name 8 = flag: flag
# span 0 = 217.752257, 217.758825       
# span 1 =     -5.317,     42.458       
# span 2 =   0.359120,  38.995776       
# span 3 =     7.5130,    15.6325       
# span 4 =    -1.8706,    13.5915       
# span 5 =     -5.273,     42.099       
# span 6 =     0.2123,    33.2973       
# span 7 =    -0.8316,    26.0073       
# span 8 = 0.0000e+00, 0.0000e+00       
# interval = seconds: 0.5
# start_time = Aug 04 2020 18:03:15 [Instrument's time stamp, header]
# bad_flag = -9.990e-29
*END*
[from data line 481]
 217.755041      0.791  38.794919    14.5446    -1.5526      0.784    31.6369    23.4770 -9.990e-29
 217.755046      0.797  38.800498    14.5334    -1.5527      0.790    31.6511    23.4902 -9.990e-29
 217.755052      0.804  38.825402    14.5321    -1.5533      0.797    31.6748    23.5088 -9.990e-29
 217.755058      0.814  38.844523    14.5322    -1.5535      0.807    31.6921    23.5221 -9.990e-29
 217.755064      0.822  38.849716    14.5327    10.2718      0.815    31.6964    23.5253 -9.990e-29
 217.755069      0.824  38.847343    14.5320    13.2993      0.817    31.6948    23.5242 -9.990e-29
 217.755075      0.826  38.836480    14.5282    13.5915      0.819    31.6880    23.5198 -9.990e-29
 217.755081      0.832  38.813295    14.5223    11.4700      0.825    31.6718    23.5085 -9.990e-29
 217.755087      0.841  38.784999    14.5176     6.7591      0.834    31.6499    23.4926 -9.990e-29
 217.755093      0.855  38.777211    14.5154     6.9403      0.848    31.6446    23.4890 -9.990e-29
 217.755098      0.874  38.803094    14.5161     7.1374      0.867    31.6675    23.5065 -9.990e-29
 217.755104      0.895  38.834374    14.5210     7.1501      0.888    31.6919    23.5243 -9.990e-29
 217.755110      0.902  38.833716    14.5274     7.0964      0.894    31.6861    23.5185 -9.990e-29
 217.755116      0.888  38.794078    14.5277     7.0279      0.881    31.6499    23.4905 -9.990e-29
 217.755122      0.869  38.736050    14.5149     6.9754      0.862    31.6076    23.4606 -9.990e-29
 217.755127      0.856  38.680369    14.4942     6.9432      0.849    31.5739    23.4389 -9.990e-29
 217.755133      0.848  38.638009    14.4806     6.8947      0.841    31.5464    23.4206 -9.990e-29
 217.755139      0.846  38.619758    14.4806     6.8559      0.839    31.5298    23.4078 -9.990e-29
 217.755145      0.843  38.625381    14.4864     6.8338      0.836    31.5302    23.4069 -9.990e-29
 217.755150      0.837  38.638832    14.4909     6.8373      0.830    31.5388    23.4126 -9.990e-29
 217.755156      0.831  38.648340    14.4977     6.8292      0.824    31.5419    23.4136 -9.990e-29
 217.755162      0.829  38.655375    14.5127     6.8182      0.822    31.5361    23.4060 -9.990e-29
 217.755168      0.830  38.667638    14.5301     6.8200      0.823    31.5331    23.4000 -9.990e-29
 217.755174      0.835  38.677937    14.5330     6.8000      0.828    31.5401    23.4048 -9.990e-29
 217.755179      0.844  38.663575    14.5194     6.7587      0.837    31.5381    23.4061 -9.990e-29
 217.755185      0.857  38.635120    14.5072     6.8162      0.850    31.5222    23.3964 -9.990e-29
 217.755191      0.872  38.622465    14.5059     6.8343      0.865    31.5117    23.3886 -9.990e-29
 217.755197      0.885  38.622748    14.5117     6.8360      0.878    31.5073    23.3839 -9.990e-29
 217.755203      0.896  38.625694    14.5163     6.8468      0.889    31.5062    23.3822 -9.990e-29
 217.755208      0.903  38.631308    14.5138     6.7825      0.895    31.5133    23.3882 -9.990e-29
 217.755214      0.905  38.636991    14.5062     6.8057      0.897    31.5247    23.3985 -9.990e-29
 217.755220      0.907  38.641354    14.5034     6.8326      0.899    31.5309    23.4039 -9.990e-29
 217.755226      0.904  38.650779    14.5122     6.8389      0.896    31.5323    23.4031 -9.990e-29
 217.755231      0.893  38.669983    14.5247     6.8521      0.886    31.5396    23.4061 -9.990e-29
 217.755237      0.877  38.688137    14.5327     6.8344      0.870    31.5496    23.4122 -9.990e-29
 217.755243      0.864  38.696938    14.5384     6.8197      0.857    31.5529    23.4136 -9.990e-29
 217.755249      0.856  38.707005    14.5465     6.8160      0.849    31.5555    23.4138 -9.990e-29
 217.755255      0.854  38.718872    14.5590     6.8100      0.847    31.5561    23.4117 -9.990e-29
 217.755260      0.853  38.720334    14.5785     6.7924      0.846    31.5416    23.3964 -9.990e-29
 217.755266      0.849  38.722313    14.6033     6.7956      0.842    31.5232    23.3771 -9.990e-29
 217.755272      0.845  38.734180    14.6217     6.8012      0.838    31.5191    23.3700 -9.990e-29
 217.755278      0.846  38.744296    14.6260     6.8055      0.839    31.5247    23.3735 -9.990e-29
 217.755284      0.852  38.746537    14.6218     6.8030      0.845    31.5302    23.3786 -9.990e-29
 217.755289      0.863  38.745017    14.6183     6.7965      0.856    31.5316    23.3804 -9.990e-29
 217.755295      0.875  38.744440    14.6204     6.8047      0.868    31.5294    23.3783 -9.990e-29
 217.755301      0.881  38.746280    14.6311     6.8070      0.874    31.5224    23.3706 -9.990e-29
 217.755307      0.881  38.752429    14.6508     6.8153      0.874    31.5120    23.3584 -9.990e-29
 217.755313      0.880  38.764924    14.6755     6.8023      0.873    31.5033    23.3465 -9.990e-29
 217.755318      0.877  38.790898    14.7013     6.8073      0.870    31.5059    23.3431 -9.990e-29
 217.755324      0.873  38.824066    14.7210     6.8091      0.866    31.5199    23.3498 -9.990e-29
 217.755330      0.866  38.838585    14.7294     6.8037      0.859    31.5262    23.3529 -9.990e-29
 217.755336      0.861  38.835885    14.7324     6.8072      0.854    31.5214    23.3485 -9.990e-29
 217.755341      0.862  38.837597    14.7381     6.7840      0.855    31.5183    23.3449 -9.990e-29
 217.755347      0.869  38.848250    14.7480     6.7817      0.862    31.5199    23.3441 -9.990e-29
 217.755353      0.878  38.860749    14.7576     6.7774      0.871    31.5234    23.3448 -9.990e-29
 217.755359      0.885  38.868217    14.7624     6.7976      0.878    31.5263    23.3459 -9.990e-29
 217.755365      0.895  38.871086    14.7633     6.7719      0.888    31.5281    23.3472 -9.990e-29
 217.755370      0.909  38.871504    14.7620     6.8101      0.901    31.5296    23.3486 -9.990e-29
 217.755376      0.918  38.866669    14.7576     6.8040      0.910    31.5288    23.3489 -9.990e-29
 217.755382      0.924  38.857985    14.7492     6.8074      0.916    31.5277    23.3498 -9.990e-29
 217.755388      0.931  38.851814    14.7391     6.8147      0.923    31.5303    23.3540 -9.990e-29
 217.755394      0.936  38.848901    14.7313     6.7618      0.928    31.5340    23.3585 -9.990e-29
 217.755399      0.938  38.844800    14.7272     6.7955      0.930    31.5336    23.3590 -9.990e-29
 217.755405      0.942  38.841893    14.7272     6.8024      0.934    31.5310    23.3570 -9.990e-29
 217.755411      0.944  38.845834    14.7300     6.7978      0.936    31.5323    23.3574 -9.990e-29
 217.755417      0.945  38.853471    14.7327     6.7912      0.937    31.5370    23.3605 -9.990e-29
 217.755422      0.952  38.858173    14.7355     6.7764      0.944    31.5390    23.3614 -9.990e-29
 217.755428      0.966  38.857802    14.7400     6.7936      0.958    31.5350    23.3574 -9.990e-29
 217.755434      0.980  38.856352    14.7446     6.8043      0.972    31.5299    23.3525 -9.990e-29
 217.755440      0.990  38.856379    14.7468     6.8211      0.982    31.5282    23.3507 -9.990e-29
 217.755446      0.998  38.856238    14.7464     6.8190      0.990    31.5284    23.3509 -9.990e-29
 217.755451      1.002  38.855184    14.7442     6.8088      0.994    31.5292    23.3520 -9.990e-29
 217.755457      1.004  38.851814    14.7405     6.7935      0.996    31.5292    23.3528 -9.990e-29
 217.755463      1.004  38.845564    14.7361     6.7993      0.996    31.5271    23.3521 -9.990e-29
 217.755469      1.001  38.840996    14.7345     6.8021      0.993    31.5242    23.3503 -9.990e-29
 217.755475      0.996  38.844352    14.7371     6.8187      0.988    31.5252    23.3504 -9.990e-29
 217.755480      0.993  38.852261    14.7393     6.8233      0.985    31.5305    23.3541 -9.990e-29
 217.755486      0.994  38.856771    14.7389     6.8318      0.986    31.5349    23.3576 -9.990e-29
 217.755492      0.998  38.856612    14.7367     6.8268      0.990    31.5366    23.3593 -9.990e-29
 217.755498      0.998  38.854376    14.7324     6.8215      0.990    31.5380    23.3613 -9.990e-29
 217.755503      0.996  38.851010    14.7264     6.8208      0.988    31.5399    23.3640 -9.990e-29
 217.755509      0.992  38.844830    14.7198     6.8138      0.984    31.5396    23.3652 -9.990e-29
 217.755515      0.984  38.835448    14.7145     6.8105      0.976    31.5354    23.3631 -9.990e-29
 217.755521      0.977  38.827171    14.7142     6.7982      0.969    31.5282    23.3576 -9.990e-29
 217.755527      0.978  38.828025    14.7185     6.8015      0.970    31.5255    23.3546 -9.990e-29
 217.755532      0.989  38.836348    14.7207     6.7930      0.981    31.5312    23.3586 -9.990e-29
 217.755538      1.000  38.841378    14.7174     6.8056      0.992    31.5384    23.3648 -9.990e-29
 217.755544      1.009  38.839734    14.7104     6.8100      1.001    31.5426    23.3695 -9.990e-29
 217.755550      1.016  38.832589    14.7019     6.7900      1.008    31.5430    23.3716 -9.990e-29
 217.755556      1.021  38.821072    14.6910     6.8182      1.012    31.5415    23.3727 -9.990e-29
 217.755561      1.025  38.803842    14.6766     6.8184      1.016    31.5376    23.3727 -9.990e-29
 217.755567      1.029  38.782032    14.6628     6.8287      1.020    31.5290    23.3690 -9.990e-29
 217.755573      1.031  38.765244    14.6541     6.8196      1.022    31.5209    23.3646 -9.990e-29
 217.755579      1.033  38.758560    14.6528     6.7726      1.024    31.5159    23.3610 -9.990e-29
 217.755584      1.035  38.764280    14.6600     6.8023      1.026    31.5152    23.3590 -9.990e-29
 217.755590      1.036  38.781625    14.6730     6.8178      1.027    31.5204    23.3602 -9.990e-29
 217.755596      1.037  38.799527    14.6863     6.8249      1.028    31.5258    23.3616 -9.990e-29
 217.755602      1.038  38.814392    14.6983     6.8292      1.029    31.5295    23.3619 -9.990e-29
 217.755608      1.038  38.828666    14.7097     6.8056      1.029    31.5332    23.3624 -9.990e-29
 217.755613      1.039  38.838963    14.7184     6.7968      1.030    31.5354    23.3623 -9.990e-29
 217.755619      1.039  38.843320    14.7216     6.7987      1.030    31.5368    23.3626 -9.990e-29
 217.755625      1.039  38.843068    14.7204     6.8141      1.030    31.5375    23.3635 -9.990e-29
 217.755631      1.040  38.840677    14.7180     6.8021      1.031    31.5373    23.3638 -9.990e-29
 217.755637      1.040  38.838008    14.7159     6.7960      1.031    31.5366    23.3637 -9.990e-29
 217.755642      1.040  38.834866    14.7134     6.7788      1.031    31.5358    23.3636 -9.990e-29
 217.755648      1.041  38.828745    14.7103     6.7865      1.032    31.5328    23.3619 -9.990e-29
 217.755654      1.041  38.822140    14.7081     6.7953      1.032    31.5286    23.3592 -9.990e-29
 217.755660      1.041  38.820259    14.7079     6.7941      1.032    31.5270    23.3580 -9.990e-29
 217.755666      1.042  38.819477    14.7087     6.8289      1.033    31.5257    23.3568 -9.990e-29
 217.755671      1.042  38.814266    14.7079     6.8309      1.033    31.5216    23.3538 -9.990e-29
 217.755677      1.043  38.803289    14.7037     6.8268      1.034    31.5151    23.3497 -9.990e-29
 217.755683      1.044  38.788167    14.6957     6.8183      1.035    31.5079    23.3458 -9.990e-29
 217.755689      1.045  38.775091    14.6831     6.7877      1.036    31.5063    23.3472 -9.990e-29
 217.755694      1.046  38.765125    14.6673     6.7871      1.037    31.5100    23.3535 -9.990e-29
 217.755700      1.048  38.748347    14.6559     6.7994      1.039    31.5041    23.3513 -9.990e-29
 217.755706      1.051  38.732656    14.6549     6.8083      1.042    31.4907    23.3412 -9.990e-29
 217.755712      1.054  38.738053    14.6563     6.8320      1.045    31.4945    23.3438 -9.990e-29
 217.755718      1.057  38.745388    14.6382     6.8363      1.048    31.5158    23.3640 -9.990e-29
 217.755723      1.062  38.714553    14.5931     6.8447      1.053    31.5244    23.3801 -9.990e-29
 217.755729      1.069  38.659937    14.5420     6.8601      1.060    31.5164    23.3846 -9.990e-29
 217.755735      1.077  38.620834    14.4994     6.8341      1.068    31.5154    23.3928 -9.990e-29
 217.755741      1.088  38.597230    14.4686     6.8414      1.079    31.5190    23.4020 -9.990e-29
 217.755747      1.097  38.585116    14.4539     6.8305      1.088    31.5200    23.4058 -9.990e-29
 217.755752      1.097  38.585151    14.4518     6.8222      1.088    31.5217    23.4076 -9.990e-29
 217.755758      1.088  38.592706    14.4589     6.8319      1.079    31.5228    23.4069 -9.990e-29
 217.755764      1.077  38.606079    14.4728     6.7791      1.068    31.5237    23.4047 -9.990e-29
 217.755770      1.069  38.624403    14.4855     6.8071      1.060    31.5300    23.4069 -9.990e-29
 217.755775      1.063  38.633968    14.4872     6.8420      1.054    31.5373    23.4122 -9.990e-29
 217.755781      1.058  38.620416    14.4734     6.8592      1.049    31.5362    23.4142 -9.990e-29
 217.755787      1.055  38.598170    14.4520     6.8621      1.046    31.5334    23.4165 -9.990e-29
 217.755793      1.052  38.577350    14.4329     6.8365      1.043    31.5300    23.4179 -9.990e-29
 217.755799      1.050  38.557641    14.4221     6.8187      1.041    31.5209    23.4131 -9.990e-29
 217.755804      1.049  38.551415    14.4267     6.8175      1.040    31.5114    23.4049 -9.990e-29
 217.755810      1.048  38.563799    14.4543     6.8260      1.039    31.5003    23.3905 -9.990e-29
 217.755816      1.048  38.588860    14.5006     6.8303      1.039    31.4854    23.3694 -9.990e-29
 217.755822      1.048  38.623554    14.5393     6.8345      1.039    31.4855    23.3614 -9.990e-29
 217.755828      1.049  38.653021    14.5475     6.8549      1.040    31.5056    23.3752 -9.990e-29
 217.755833      1.050  38.658801    14.5257     6.8562      1.041    31.5286    23.3974 -9.990e-29
 217.755839      1.052  38.640741    14.4876     6.8519      1.043    31.5431    23.4166 -9.990e-29
 217.755845      1.055  38.610617    14.4526     6.8610      1.046    31.5442    23.4248 -9.990e-29
 217.755851      1.058  38.589901    14.4385     6.8572      1.049    31.5369    23.4220 -9.990e-29
 217.755856      1.063  38.590743    14.4499     6.8581      1.054    31.5283    23.4131 -9.990e-29
 217.755862      1.069  38.603023    14.4790     6.8418      1.060    31.5158    23.3974 -9.990e-29
 217.755868      1.073  38.616184    14.5080     6.8250      1.064    31.5042    23.3824 -9.990e-29
 217.755874      1.070  38.628696    14.5172     6.8071      1.061    31.5081    23.3835 -9.990e-29
 217.755880      1.065  38.638168    14.5084     6.8131      1.056    31.5239    23.3974 -9.990e-29
 217.755885      1.062  38.646563    14.5012     6.8178      1.053    31.5374    23.4093 -9.990e-29
 217.755891      1.060  38.657207    14.5026     6.8204      1.051    31.5459    23.4156 -9.990e-29
 217.755897      1.059  38.661285    14.5048     6.8368      1.050    31.5478    23.4166 -9.990e-29
 217.755903      1.059  38.653559    14.5036     6.8360      1.050    31.5418    23.4122 -9.990e-29
 217.755909      1.061  38.637163    14.4997     6.8336      1.052    31.5300    23.4040 -9.990e-29
 217.755914      1.064  38.618242    14.4908     6.8450      1.055    31.5201    23.3982 -9.990e-29
 217.755920      1.068  38.606303    14.4745     6.8420      1.059    31.5225    23.4034 -9.990e-29
 217.755926      1.074  38.598297    14.4544     6.8492      1.065    31.5316    23.4146 -9.990e-29
 217.755932      1.078  38.585212    14.4365     6.8445      1.069    31.5342    23.4204 -9.990e-29
 217.755937      1.076  38.574800    14.4239     6.8432      1.067    31.5350    23.4236 -9.990e-29
 217.755943      1.072  38.574456    14.4200     6.8390      1.063    31.5379    23.4266 -9.990e-29
 217.755949      1.071  38.578091    14.4256     6.7813      1.062    31.5366    23.4245 -9.990e-29
 217.755955      1.071  38.581559    14.4333     6.8127      1.062    31.5335    23.4205 -9.990e-29
