data/oxygen options/OCNMS/OCNMS1/raw_data/2020/CAST_CE042_200802faedb.cnv
* Sea-Bird SBE 19 Data File:
* FileName = C:\2020 Mooring Data\Casts\CAST_CE042_200802.hex
* Software Version SeatermAF 2.1.2
* Temperature SN = 2997
* Conductivity SN = 2997
* System UpLoad Time = Aug 02 2020 21:10:33 (localtime) = Aug 02 2020 21:10:33 (UTC)
* ds
* SEACAT PROFILER V3.1c SN 2997   08/02/20  21:09:56.656
# nquan = 9
# nvalues = 41                          
# units = specified
# name 0 = timeJ: Julian Days
# name 1 = prSM: Pressure, Strain Gauge [db]
# name 2 = c0mS/cm: Conductivity [mS/cm]
# name 3 = t090C: Temperature [ITS-90, deg C]
# name 4 = sbeox0ML/L: Oxygen, SBE 43 [ml/l]
# name 5 = depSM: Depth [salt water, m], lat = 47.5
# name 6 = sal00: Salinity, Practical [PSU]
# name 7 = sigma-é00: Density [sigma-theta, kg/m^3]
# name 8 = flag: flag
# span 0 = 215.878594, 215.879592       
# span 1 =      2.000,     42.000       
# span 2 =  34.554618,  36.783618       
# span 3 =     7.4811,    11.2855       
# span 4 =     1.6178,     9.9610       
# span 5 =      1.983,     41.645       
# span 6 =    32.4994,    33.7026       
# span 7 =    24.7781,    26.3305       
# span 8 = 0.0000e+00, 0.0000e+00       
# interval = decibars: 1                
# start_time = Aug 02 2020 20:58:41 [Instrument's time stamp, header]
# bad_flag = -9.990e-29
*END*
 215.878594      2.000  36.783618    11.2855     9.5745      1.983    32.4994    24.7781 0.0000e+00
 215.878624      3.000  36.716284    11.1749     9.9610      2.975    32.5304    24.8220 0.0000e+00
 215.878648      4.000  36.630120    11.0349     8.2042      3.966    32.5688    24.8767 0.0000e+00
 215.878673      5.000  36.371222    10.6107     5.5739      4.958    32.6892    25.0444 0.0000e+00
 215.878696      6.000  35.742349     9.9881     4.8402      5.949    32.6158    25.0929 0.0000e+00
 215.878721      7.000  35.542091     9.5255     4.8742      6.941    32.8315    25.3370 0.0000e+00
 215.878745      8.000  35.496393     9.4468     5.5267      7.933    32.8563    25.3691 0.0000e+00
 215.878770      9.000  35.643704     9.4917     6.1931      8.925    32.9661    25.4477 0.0000e+00
 215.878794     10.000  35.852940     9.5969     6.2928      9.916    33.0837    25.5225 0.0000e+00
 215.878818     11.000  35.922439     9.6082     6.2690     10.908    33.1441    25.5679 0.0000e+00
 215.878848     12.000  35.939934     9.5925     6.2285     11.900    33.1761    25.5955 0.0000e+00
 215.878876     13.000  35.933717     9.5120     6.0241     12.891    33.2438    25.6615 0.0000e+00
 215.878910     14.000  35.858668     9.4008     4.5147     13.883    33.2694    25.6995 0.0000e+00
 215.878944     15.000  35.400786     8.8550     3.5423     14.874    33.3033    25.8126 0.0000e+00
 215.878972     16.000  35.214417     8.7185     3.5580     15.866    33.2361    25.7811 0.0000e+00
 215.878999     17.000  35.026586     8.4873     3.4110     16.857    33.2556    25.8316 0.0000e+00
 215.879025     18.000  34.909711     8.3799     3.5147     17.849    33.2331    25.8302 0.0000e+00
 215.879050     19.000  34.834963     8.2205     3.5042     18.840    33.3042    25.9099 0.0000e+00
 215.879072     20.000  34.797293     8.1908     3.4381     19.832    33.2920    25.9047 0.0000e+00
 215.879094     21.000  34.768115     8.1182     3.3049     20.824    33.3294    25.9449 0.0000e+00
 215.879113     22.000  34.655700     7.9699     3.2852     21.815    33.3503    25.9830 0.0000e+00
 215.879130     23.000  34.601288     7.9115     3.2937     22.807    33.3474    25.9893 0.0000e+00
 215.879150     24.000  34.600841     7.9260     3.2844     23.798    33.3326    25.9756 0.0000e+00
 215.879174     25.000  34.608870     7.9066     3.1825     24.790    33.3592    25.9993 0.0000e+00
 215.879193     26.000  34.557672     7.8001     3.1455     25.781    33.4058    26.0513 0.0000e+00
 215.879214     27.000  34.558478     7.7909     3.1452     26.773    33.4150    26.0599 0.0000e+00
 215.879240     28.000  34.562154     7.7736     3.0789     27.765    33.4350    26.0782 0.0000e+00
 215.879266     29.000  34.567894     7.7596     2.3724     28.756    33.4542    26.0952 0.0000e+00
 215.879288     30.000  34.632542     7.7834     2.1739     29.747    33.5003    26.1281 0.0000e+00
 215.879313     31.000  34.672414     7.7950     2.1942     30.739    33.5315    26.1509 0.0000e+00
 215.879339     32.000  34.668798     7.7653     2.0868     31.730    33.5558    26.1743 0.0000e+00
 215.879363     33.000  34.667348     7.7180     2.0642     32.722    33.5993    26.2153 0.0000e+00
 215.879389     34.000  34.652615     7.6883     2.0247     33.713    33.6117    26.2293 0.0000e+00
 215.879416     35.000  34.634050     7.6411     1.8110     34.705    33.6368    26.2558 0.0000e+00
 215.879437     36.000  34.582151     7.5458     1.7099     35.697    33.6726    26.2976 0.0000e+00
 215.879459     37.000  34.567410     7.5147     1.6998     36.688    33.6862    26.3127 0.0000e+00
 215.879486     38.000  34.567483     7.5094     1.7063     37.679    33.6910    26.3173 0.0000e+00
 215.879515     39.000  34.567662     7.5022     1.6399     38.671    33.6977    26.3236 0.0000e+00
 215.879533     40.000  34.556777     7.4863     1.6466     39.663    33.7009    26.3284 0.0000e+00
 215.879561     41.000  34.557766     7.4860     1.6331     40.654    33.7018    26.3291 0.0000e+00
 215.879592     42.000  34.554618     7.4811     1.6178     41.645    33.7026    26.3305 0.0000e+00
