data/oxygen options/OCNMS/OCNMS1/raw_data/2020/CAST_KL027_200803faed.cnv
* Sea-Bird SBE 19 Data File:
* FileName = C:\2020 Mooring Data\Casts\CAST_KL027_200803.hex
* Software Version SeatermAF 2.1.2
* Temperature SN = 2997
* Conductivity SN = 2997
* System UpLoad Time = Aug 03 2020 19:10:46 (localtime) = Aug 03 2020 19:10:46 (UTC)
* ds
* SEACAT PROFILER V3.1c SN 2997   08/03/20  19:10:01.637
# nquan = 9                                 
# nvalues = 902                         
# units = specified
# name 0 = timeJ: Julian Days
# name 1 = prSM: Pressure, Strain Gauge [db]
# name 2 = c0mS/cm: Conductivity [mS/cm]
# name 3 = t090C: Temperature [ITS-90, deg C]
# name 4 = sbeox0ML/L: Oxygen, SBE 43 [ml/l]
# name 5 = depSM: Depth [salt water, m], lat = 47.5
# name 6 = sal00: Salinity, Practical [PSU]
# name 7 = sigma-é00: Density [sigma-theta, kg/m^3]
# name 8 = flag: flag
# span 0 = 216.792662, 216.797876       
# span 1 =     -5.392,     28.190       
# span 2 =   0.665311,  38.403369       
# span 3 =     7.8395,    16.5978       
# span 4 =    -1.8132,    19.3042       
# span 5 =     -5.347,     27.953       
# span 6 =     0.3910,    33.5245       
# span 7 =    -0.8471,    26.1374       
# span 8 = 0.0000e+00, 0.0000e+00       
# interval = seconds: 0.5
# start_time = Aug 03 2020 19:01:26 [Instrument's time stamp, header]
# bad_flag = -9.990e-29
*END*
[from data line 321]
 216.794520     -0.795   0.709620    16.4323    -1.8070     -0.788     0.4192    -0.8034 -9.990e-29
 216.794525     -0.791   0.710036    16.4321    -1.8068     -0.784     0.4195    -0.8031 -9.990e-29
 216.794531     -0.791   0.711036    16.4344    -1.8066     -0.784     0.4201    -0.8031 -9.990e-29
 216.794537     -0.789   0.711739    16.4377    -1.8066     -0.782     0.4205    -0.8033 -9.990e-29
 216.794543     -0.774   0.711422    16.4410    -1.8063     -0.768     0.4202    -0.8040 -9.990e-29
 216.794549     -0.755   0.709661    16.4452    -1.8061     -0.749     0.4191    -0.8056 -9.990e-29
 216.794554     -0.743   0.706879    16.4500    -1.8061     -0.737     0.4174    -0.8078 -9.990e-29
 216.794560     -0.737   0.704355    16.4550    -1.8061     -0.731     0.4158    -0.8098 -9.990e-29
 216.794566     -0.732   0.703154    16.4600    -1.8061     -0.726     0.4150    -0.8113 -9.990e-29
 216.794572     -0.733   0.703892    16.4650    -1.8061     -0.727     0.4154    -0.8118 -9.990e-29
 216.794578     -0.740   0.706447    16.4700    -1.8068     -0.734     0.4169    -0.8115 -9.990e-29
 216.794583     -0.745   0.709240    16.4748    -1.8078     -0.739     0.4186    -0.8110 -9.990e-29
 216.794589     -0.743   0.710457    16.4797    -1.8087     -0.737     0.4193    -0.8113 -9.990e-29
 216.794595     -0.735   0.709505    16.4846    -1.8091     -0.729     0.4186    -0.8126 -9.990e-29
 216.794601     -0.719   0.707333    16.4883    -1.8094     -0.713     0.4173    -0.8143 -9.990e-29
 216.794606     -0.700   0.706030    16.4897    -1.8096     -0.694     0.4165    -0.8152 -9.990e-29
 216.794612     -0.684   0.706629    16.4896    -1.8097     -0.678     0.4168    -0.8149 -9.990e-29
 216.794618     -0.671   0.708270    16.4877    -1.8101     -0.665     0.4178    -0.8138 -9.990e-29
 216.794624     -0.656   0.709816    16.4808    -1.8101     -0.651     0.4189    -0.8118 -9.990e-29
 216.794630     -0.641   0.710561    16.4663    -1.8100     -0.636     0.4195    -0.8089 -9.990e-29
 216.794635     -0.630   0.710389    16.4469    -1.8099     -0.625     0.4196    -0.8056 -9.990e-29
 216.794641     -0.623   0.709627    16.4284    -1.8098     -0.618     0.4193    -0.8027 -9.990e-29
 216.794647     -0.619   0.708922    16.4143    -1.8100     -0.614     0.4190    -0.8005 -9.990e-29
 216.794653     -0.617   0.708995    16.4041    -1.8100     -0.612     0.4191    -0.7987 -9.990e-29
 216.794659     -0.618   0.709944    16.3968    -1.8099     -0.613     0.4198    -0.7970 -9.990e-29
 216.794664     -0.617   0.711375    16.3915    -1.8097     -0.612     0.4207    -0.7953 -9.990e-29
 216.794670     -0.611   0.712427    16.3876    -1.8098     -0.606     0.4214    -0.7942 -9.990e-29
 216.794676     -0.602   0.712287    16.3860    -1.8099     -0.597     0.4213    -0.7940 -9.990e-29
 216.794682     -0.596   0.711321    16.3867    -1.8102     -0.591     0.4207    -0.7945 -9.990e-29
 216.794688     -0.590   0.710458    16.3879    -1.8103     -0.585     0.4202    -0.7951 -9.990e-29
 216.794693     -0.585   0.710211    16.3879    -1.8105     -0.580     0.4200    -0.7953 -9.990e-29
 216.794699     -0.581   0.710804    16.3867    -1.8108     -0.576     0.4204    -0.7948 -9.990e-29
 216.794705     -0.577   0.712477    16.3867    -1.8112     -0.572     0.4214    -0.7940 -9.990e-29
 216.794711     -0.574   0.714691    16.3886    -1.8117     -0.569     0.4228    -0.7933 -9.990e-29
 216.794716     -0.570   0.715967    16.3901    -1.8121     -0.565     0.4235    -0.7929 -9.990e-29
 216.794722     -0.565   0.715792    16.3893    -1.8125     -0.560     0.4234    -0.7929 -9.990e-29
 216.794728     -0.560   0.715041    16.3858    -1.8132     -0.555     0.4230    -0.7926 -9.990e-29
 216.794734     -0.554   0.714928    16.3805    -1.6856     -0.549     0.4230    -0.7917 -9.990e-29
 216.794740     -0.547   0.715859    16.3745    -1.5486     -0.542     0.4236    -0.7902 -9.990e-29
 216.794745     -0.538   0.718521    16.3675    -1.5920     -0.534     0.4253    -0.7878 -9.990e-29
 216.794751     -0.526   0.724248    16.3585    -1.5990     -0.522     0.4289    -0.7835 -9.990e-29
 216.794757     -0.511   0.734032    16.3470    -1.5976     -0.507     0.4351    -0.7768 -9.990e-29
 216.794763     -0.492   0.755377    16.3310    -1.6007     -0.488     0.4484    -0.7639 -9.990e-29
 216.794769     -0.468   0.817853    16.3034    -1.6033     -0.464     0.4872    -0.7293 -9.990e-29
 216.794774     -0.437   1.009746    16.2416    -1.6054     -0.433     0.6076    -0.6262 -9.990e-29
 216.794780     -0.397   1.590792    16.0802    -1.6052     -0.394     0.9813    -0.3117 -9.990e-29
 216.794786     -0.345   3.337936    15.6314    -1.6061     -0.342     2.1683     0.6747 -9.990e-29
 216.794792     -0.279   8.582917    14.7545    -1.6057     -0.277     6.0747     3.8155 -9.990e-29
 216.794797     -0.194  18.751843    13.7641    -1.6068     -0.192    14.5119    10.4539 -9.990e-29
 216.794803     -0.094  29.384181    13.1313    -1.6077     -0.093    24.1286    17.9649 -9.990e-29
 216.794809      0.007  35.299490    12.8775    -1.6055      0.007    29.7514    22.3539 -9.990e-29
 216.794815      0.099  37.345271    12.7740    -1.6047      0.098    31.7599    23.9278 -9.990e-29
 216.794821      0.186  38.008135    12.7038    -1.6054      0.184    32.4482    24.4743 -9.990e-29
 216.794826      0.283  38.141110    12.6385    -1.6055      0.281    32.6311    24.6286 -9.990e-29
 216.794832      0.400  38.128386    12.5753    -1.6070      0.397    32.6737    24.6738 -9.990e-29
 216.794838      0.536  38.147547    12.5228    -1.6049      0.532    32.7376    24.7334 -9.990e-29
 216.794844      0.675  38.229783    12.4938    -1.6054      0.669    32.8415    24.8195 -9.990e-29
 216.794850      0.794  38.322782    12.4969    -1.6046      0.787    32.9278    24.8858 -9.990e-29
 216.794855      0.881  38.365040    12.5273    -1.6046      0.874    32.9415    24.8906 -9.990e-29
 216.794861      0.928  38.321012    12.5652    -1.6049      0.920    32.8662    24.8250 -9.990e-29
 216.794867      0.938  38.239670    12.5902    -1.6056      0.930    32.7668    24.7431 -9.990e-29
 216.794873      0.928  38.195352    12.5967    -1.6070      0.920    32.7188    24.7047 -9.990e-29
 216.794878      0.920  38.175550    12.5878    -1.6079      0.912    32.7077    24.6977 -9.990e-29
 216.794884      0.921  38.156162    12.5691    -1.6071      0.913    32.7054    24.6996 -9.990e-29
 216.794890      0.936  38.150623    12.5484    -1.6069      0.928    32.7181    24.7134 -9.990e-29
 216.794896      0.971  38.190273    12.5349    -1.6056      0.963    32.7678    24.7545 -9.990e-29
 216.794902      1.009  38.278696    12.5357    -1.6053      1.001    32.8516    24.8193 -9.990e-29
 216.794907      1.024  38.353902    12.5463    -1.6042      1.015    32.9142    24.8658 -9.990e-29
 216.794913      1.004  38.376633    12.5546    -1.6053      0.996    32.9286    24.8754 -9.990e-29
 216.794919      0.951  38.350901    12.5579    -1.6078      0.943    32.9012    24.8534 -9.990e-29
 216.794925      0.876  38.293460    12.5624    -1.6072      0.869    32.8424    24.8070 -9.990e-29
 216.794931      0.790  38.213538    12.5676    -1.6071      0.783    32.7616    24.7434 -9.990e-29
 216.794936      0.709  38.116731    12.5686    -1.6067      0.703    32.6683    24.6709 -9.990e-29
 216.794942      0.651  38.052819    12.5654    -1.6054      0.646    32.6101    24.6264 -9.990e-29
 216.794948      0.619  38.057712    12.5614    -1.6050      0.614    32.6183    24.6335 -9.990e-29
 216.794954      0.611  38.113882    12.5604    -1.6046      0.606    32.6728    24.6759 -9.990e-29
 216.794959      0.620  38.190331    12.5632    -1.6051      0.615    32.7433    24.7301 -9.990e-29
 216.794965      0.622  38.252835    12.5672    -1.6064      0.617    32.7995    24.7729 -9.990e-29
 216.794971      0.607  38.261461    12.5706    -1.6064      0.602    32.8048    24.7763 -9.990e-29
 216.794977      0.577  38.189645    12.5739    -1.6064      0.572    32.7334    24.7203 -9.990e-29
 216.794983      0.544  38.091902    12.5773    -1.6064      0.539    32.6371    24.6451 -9.990e-29
 216.794988      0.521  38.046472    12.5795    -1.6063      0.517    32.5919    24.6096 -9.990e-29
 216.794994      0.517  38.052248    12.5812    -1.6057      0.513    32.5959    24.6124 -9.990e-29
 216.795000      0.532  38.092881    12.5853    -1.6036      0.528    32.6311    24.6389 -9.990e-29
 216.795006      0.561  38.153655    12.5912    -1.6038      0.556    32.6840    24.6787 -9.990e-29
 216.795012      0.593  38.196260    12.5949    -1.6036      0.588    32.7214    24.7070 -9.990e-29
 216.795017      0.619  38.198519    12.5972    -1.6031      0.614    32.7215    24.7067 -9.990e-29
 216.795023      0.635  38.160132    12.6019    -1.6031      0.630    32.6808    24.6742 -9.990e-29
 216.795029      0.643  38.103393    12.6076    -1.6053      0.638    32.6218    24.6274 -9.990e-29
 216.795035      0.642  38.059755    12.6129    -1.6068      0.637    32.5756    24.5906 -9.990e-29
 216.795041      0.633  38.036666    12.6191    -1.6078      0.628    32.5482    24.5682 -9.990e-29
 216.795046      0.620  38.029733    12.6261    -1.6090      0.615    32.5356    24.5570 -9.990e-29
 216.795052      0.610  38.044896    12.6321    -1.6083      0.605    32.5448    24.5630 -9.990e-29
 216.795058      0.607  38.097380    12.6354    -1.6082      0.602    32.5920    24.5989 -9.990e-29
 216.795064      0.606  38.166973    12.6365    -1.6076      0.601    32.6573    24.6493 -9.990e-29
 216.795069      0.599  38.211431    12.6373    -1.6066      0.594    32.6990    24.6815 -9.990e-29
 216.795075      0.585  38.232349    12.6372    -1.6060      0.580    32.7190    24.6970 -9.990e-29
 216.795081      0.572  38.233004    12.6308    -1.6065      0.567    32.7252    24.7030 -9.990e-29
 216.795087      0.564  38.181808    12.6127    -1.6078      0.559    32.6921    24.6809 -9.990e-29
 216.795093      0.560  38.083415    12.5839    -1.6080      0.555    32.6233    24.6331 -9.990e-29
 216.795098      0.560  37.998377    12.5538    -1.6073      0.555    32.5683    24.5962 -9.990e-29
 216.795104      0.563  37.964131    12.5356    -1.6071      0.558    32.5513    24.5866 -9.990e-29
 216.795110      0.570  37.978780    12.5322    -1.6067      0.565    32.5682    24.6004 -9.990e-29
 216.795116      0.582  38.019300    12.5376    -1.6071      0.577    32.6023    24.6257 -9.990e-29
 216.795122      0.594  38.058491    12.5479    -1.6066      0.589    32.6307    24.6458 -9.990e-29
 216.795127      0.600  38.097091    12.5607    -1.6072      0.595    32.6565    24.6633 -9.990e-29
 216.795133      0.595  38.127765    12.5708    -1.6084      0.590    32.6770    24.6772 -9.990e-29
 216.795139      0.583  38.120278    12.5765    -1.6081      0.578    32.6649    24.6667 -9.990e-29
 216.795145      0.572  38.068623    12.5824    -1.6079      0.567    32.6105    24.6235 -9.990e-29
 216.795150      0.565  38.005990    12.5883    -1.6066      0.560    32.5457    24.5721 -9.990e-29
 216.795156      0.563  37.971106    12.5881    -1.6064      0.558    32.5126    24.5465 -9.990e-29
 216.795162      0.564  37.971315    12.5815    -1.6065      0.559    32.5185    24.5523 -9.990e-29
 216.795168      0.569  37.995176    12.5751    -1.6063      0.564    32.5468    24.5755 -9.990e-29
 216.795174      0.579  38.026353    12.5678    -1.6050      0.574    32.5828    24.6048 -9.990e-29
 216.795179      0.589  38.047048    12.5544    -1.6047      0.584    32.6142    24.6317 -9.990e-29
 216.795185      0.596  38.058560    12.5441    -1.6053      0.591    32.6341    24.6491 -9.990e-29
 216.795191      0.601  38.060595    12.5493    -1.6056      0.596    32.6315    24.6461 -9.990e-29
 216.795197      0.603  38.047504    12.5683    -1.6054      0.598    32.6026    24.6200 -9.990e-29
 216.795203      0.604  38.028222    12.5860    -1.6051      0.599    32.5688    24.5905 -9.990e-29
 216.795208      0.602  38.014081    12.5896    -1.6056      0.597    32.5522    24.5769 -9.990e-29
 216.795214      0.602  38.021031    12.5885    14.7792      0.597    32.5598    24.5830 -9.990e-29
 216.795220      0.605  38.052224    12.5986    19.0993      0.600    32.5808    24.5973 -9.990e-29
 216.795226      0.601  38.082604    12.6202    19.3042      0.596    32.5911    24.6011 -9.990e-29
 216.795231      0.591  38.096113    12.6415    16.0952      0.586    32.5855    24.5927 -9.990e-29
 216.795237      0.582  38.089515    12.6535     9.1672      0.577    32.5688    24.5775 -9.990e-29
 216.795243      0.578  38.058552    12.6582     9.5398      0.573    32.5353    24.5506 -9.990e-29
 216.795249      0.579  38.018042    12.6596     9.9636      0.574    32.4955    24.5195 -9.990e-29
 216.795255      0.585  37.992490    12.6563    10.0502      0.580    32.4741    24.5035 -9.990e-29
 216.795260      0.596  37.986551    12.6469    10.0878      0.591    32.4765    24.5072 -9.990e-29
 216.795266      0.613  37.982268    12.6334    10.0358      0.608    32.4841    24.5157 -9.990e-29
 216.795272      0.634  37.955482    12.6172     9.6597      0.629    32.4725    24.5099 -9.990e-29
 216.795278      0.650  37.913683    12.5956     8.9389      0.645    32.4513    24.4976 -9.990e-29
 216.795284      0.658  37.888056    12.5839     8.1903      0.653    32.4370    24.4887 -9.990e-29
 216.795289      0.658  37.887636    12.6048     7.7614      0.653    32.4186    24.4705 -9.990e-29
 216.795295      0.652  37.906862    12.6611     7.6664      0.647    32.3884    24.4363 -9.990e-29
 216.795301      0.643  37.956838    12.7790     7.8152      0.638    32.3347    24.3719 -9.990e-29
 216.795307      0.638  38.091363    12.9814     8.0501      0.633    32.2890    24.2971 -9.990e-29
 216.795312      0.641  38.287522    13.1934     8.3416      0.636    32.2932    24.2587 -9.990e-29
 216.795318      0.654  38.403369    13.3060     8.6390      0.649    32.3062    24.2464 -9.990e-29
 216.795324      0.672  38.391684    13.2983     8.8251      0.666    32.3018    24.2446 -9.990e-29
 216.795330      0.689  38.336195    13.2201     8.6875      0.683    32.3162    24.2712 -9.990e-29
 216.795336      0.700  38.301993    13.1180     8.4714      0.694    32.3710    24.3338 -9.990e-29
 216.795341      0.706  38.263696    13.0269     8.3424      0.700    32.4127    24.3840 -9.990e-29
 216.795347      0.709  38.200536    12.9736     8.4732      0.703    32.3987    24.3836 -9.990e-29
 216.795353      0.707  38.156682    12.9688     8.7304      0.701    32.3614    24.3556 -9.990e-29
 216.795359      0.701  38.148798    13.0190     8.8123      0.695    32.3111    24.3069 -9.990e-29
 216.795365      0.696  38.164170    13.1088     8.7933      0.690    32.2491    24.2413 -9.990e-29
 216.795370      0.698  38.189150    13.1854     8.6268      0.692    32.2076    24.1941 -9.990e-29
 216.795376      0.709  38.188168    13.2094     8.4361      0.703    32.1863    24.1729 -9.990e-29
 216.795382      0.719  38.148214    13.2174     8.3653      0.713    32.1421    24.1371 -9.990e-29
 216.795388      0.727  38.119772    13.2650     8.4502      0.721    32.0752    24.0759 -9.990e-29
 216.795394      0.732  38.145676    13.3378     8.6048      0.726    32.0381    24.0328 -9.990e-29
 216.795399      0.734  38.201098    13.3875     8.9171      0.728    32.0481    24.0307 -9.990e-29
 216.795405      0.734  38.240048    13.3878     9.2703      0.728    32.0842    24.0585 -9.990e-29
 216.795411      0.731  38.255676    13.3327     9.5206      0.725    32.1453    24.1167 -9.990e-29
 216.795417      0.730  38.249826    13.2278     9.6429      0.724    32.2286    24.2019 -9.990e-29
 216.795422      0.735  38.206901    13.1033     9.6294      0.729    32.2940    24.2771 -9.990e-29
 216.795428      0.742  38.133042    12.9934     9.5708      0.736    32.3181    24.3173 -9.990e-29
 216.795434      0.747  38.040212    12.8993     9.5396      0.741    32.3107    24.3300 -9.990e-29
