data/oxygen options/OCNMS/OCNMS1/raw_data/2020/CAST_TH015_200911faed.cnv
* Sea-Bird SBE 19 Data File:
* FileName = C:\2020 Mooring Data\Casts\CAST_TH015_200911.hex
* Software Version SeatermAF 2.1.2
* Temperature SN = 2997
* Conductivity SN = 2997
* System UpLoad Time = Sep 11 2020 01:04:48 (localtime) = Sep 11 2020 01:04:48 (UTC)
** CAST_TH015_200911
* ds
# nquan = 9                                 
# nvalues = 1103                        
# units = specified
# name 0 = timeJ: Julian Days
# name 1 = prSM: Pressure, Strain Gauge [db]
# name 2 = c0mS/cm: Conductivity [mS/cm]
# name 3 = t090C: Temperature [ITS-90, deg C]
# name 4 = sbeox0ML/L: Oxygen, SBE 43 [ml/l]
# name 5 = depSM: Depth [salt water, m], lat = 47.5
# name 6 = sal00: Salinity, Practical [PSU]
# name 7 = sigma-é00: Density [sigma-theta, kg/m^3]
# name 8 = flag: flag
# span 0 = 254.999549, 255.005926       
# span 1 =     -6.185,     16.402       
# span 2 =   0.328178,  40.655304       
# span 3 =     9.4277,    21.0770       
# span 4 =    -1.7029,    18.9861       
# span 5 =     -6.133,     16.264       
# span 6 =     0.1737,    34.4223       
# span 7 =    -1.8862,    25.9283       
# span 8 = 0.0000e+00, 0.0000e+00       
# interval = seconds: 0.5
# start_time = Sep 10 2020 23:59:21 [Instrument's time stamp, header]
# bad_flag = -9.990e-29
*END*
[from data line 801]
 255.004184      0.515  39.216009    13.4688     9.9848      0.511    32.9278    24.6945 -9.990e-29
 255.004190      0.518  39.231236    13.5024     9.8969      0.514    32.9131    24.6764 -9.990e-29
 255.004196      0.523  39.242509    13.5406     9.8139      0.519    32.8907    24.6513 -9.990e-29
 255.004201      0.529  39.259282    13.5683     9.7328      0.525    32.8825    24.6394 -9.990e-29
 255.004207      0.532  39.282651    13.5796     9.8270      0.528    32.8946    24.6465 -9.990e-29
 255.004213      0.529  39.290548    13.5729     9.9100      0.525    32.9077    24.6580 -9.990e-29
 255.004219      0.523  39.271112    13.5542     9.9600      0.519    32.9057    24.6602 -9.990e-29
 255.004225      0.518  39.244995    13.5393    10.0092      0.514    32.8941    24.6543 -9.990e-29
 255.004230      0.515  39.239637    13.5438    10.0325      0.511    32.8852    24.6465 -9.990e-29
 255.004236      0.513  39.257450    13.5680    10.0839      0.509    32.8810    24.6383 -9.990e-29
 255.004242      0.511  39.280158    13.5922    10.1020      0.507    32.8814    24.6337 -9.990e-29
 255.004248      0.510  39.292093    13.6021    10.0791      0.506    32.8840    24.6337 -9.990e-29
 255.004253      0.509  39.294066    13.6012    10.0056      0.505    32.8866    24.6360 -9.990e-29
 255.004259      0.510  39.297715    13.5997     9.9553      0.506    32.8913    24.6399 -9.990e-29
 255.004265      0.510  39.309057    13.6029     9.9499      0.506    32.8992    24.6453 -9.990e-29
 255.004271      0.511  39.318012    13.6042     9.9892      0.507    32.9064    24.6506 -9.990e-29
 255.004277      0.513  39.315242    13.5963    10.0380      0.509    32.9106    24.6555 -9.990e-29
 255.004282      0.516  39.306057    13.5842    10.0906      0.512    32.9125    24.6594 -9.990e-29
 255.004288      0.520  39.297864    13.5777    10.1104      0.516    32.9104    24.6591 -9.990e-29
 255.004294      0.524  39.297147    13.5801    10.1020      0.520    32.9077    24.6565 -9.990e-29
 255.004300      0.531  39.303536    13.5873    10.0774      0.527    32.9074    24.6548 -9.990e-29
 255.004306      0.539  39.307077    13.5894    10.0858      0.535    32.9089    24.6556 -9.990e-29
 255.004311      0.549  39.305230    13.5809    10.0907      0.544    32.9145    24.6616 -9.990e-29
 255.004317      0.563  39.302295    13.5690    10.0773      0.558    32.9220    24.6698 -9.990e-29
 255.004323      0.576  39.299434    13.5635    10.0527      0.571    32.9241    24.6725 -9.990e-29
 255.004329      0.585  39.296784    13.5651    10.0218      0.580    32.9202    24.6692 -9.990e-29
 255.004334      0.596  39.295323    13.5692    10.0546      0.591    32.9153    24.6646 -9.990e-29
 255.004340      0.612  39.299861    13.5729    10.1412      0.607    32.9164    24.6647 -9.990e-29
 255.004346      0.631  39.306946    13.5744    10.2671      0.626    32.9217    24.6685 -9.990e-29
 255.004352      0.646  39.304188    13.5740    10.3682      0.641    32.9195    24.6668 -9.990e-29
 255.004358      0.653  39.292986    13.5741    10.4314      0.648    32.9089    24.6587 -9.990e-29
 255.004363      0.652  39.283103    13.5776    10.4257      0.647    32.8967    24.6485 -9.990e-29
 255.004369      0.648  39.288865    13.5858    10.3739      0.643    32.8950    24.6455 -9.990e-29
 255.004375      0.649  39.311253    13.5943    10.3185      0.644    32.9086    24.6543 -9.990e-29
 255.004381      0.655  39.331371    13.5969    10.2615      0.650    32.9251    24.6665 -9.990e-29
 255.004387      0.658  39.340194    13.5929    10.1397      0.653    32.9368    24.6764 -9.990e-29
 255.004392      0.654  39.341104    13.5882    10.1175      0.649    32.9417    24.6811 -9.990e-29
 255.004398      0.642  39.338709    13.5900    10.0786      0.637    32.9379    24.6778 -9.990e-29
 255.004404      0.627  39.332647    13.5973    10.0490      0.622    32.9260    24.6671 -9.990e-29
 255.004410      0.615  39.323834    13.6035    10.0352      0.610    32.9124    24.6554 -9.990e-29
 255.004416      0.606  39.307839    13.6064     9.9665      0.601    32.8950    24.6413 -9.990e-29
 255.004421      0.595  39.288036    13.6046    10.0157      0.590    32.8781    24.6286 -9.990e-29
 255.004427      0.586  39.281220    13.5971    10.0572      0.581    32.8782    24.6302 -9.990e-29
 255.004433      0.583  39.283942    13.5865    10.1010      0.578    32.8898    24.6414 -9.990e-29
 255.004439      0.584  39.283968    13.5760    10.1341      0.579    32.8989    24.6505 -9.990e-29
 255.004444      0.591  39.281328    13.5693    10.1144      0.586    32.9022    24.6544 -9.990e-29
 255.004450      0.599  39.280654    13.5711    10.0962      0.594    32.9000    24.6524 -9.990e-29
 255.004456      0.601  39.284848    13.5827    10.0989      0.596    32.8939    24.6453 -9.990e-29
 255.004462      0.596  39.295263    13.5960    10.1174      0.591    32.8922    24.6413 -9.990e-29
 255.004468      0.593  39.304361    13.6004    10.1722      0.588    32.8969    24.6440 -9.990e-29
 255.004473      0.591  39.300049    13.5975    10.2039      0.586    32.8954    24.6435 -9.990e-29
 255.004479      0.587  39.287676    13.5930    10.1999      0.582    32.8877    24.6384 -9.990e-29
 255.004485      0.584  39.284266    13.5873    10.1555      0.579    32.8894    24.6409 -9.990e-29
 255.004491      0.586  39.294685    13.5808    10.0466      0.581    32.9048    24.6541 -9.990e-29
 255.004497      0.589  39.308596    13.5762     9.9310      0.584    32.9217    24.6681 -9.990e-29
 255.004502      0.589  39.318077    13.5784     9.8039      0.584    32.9287    24.6730 -9.990e-29
 255.004508      0.591  39.322190    13.5880     9.7165      0.586    32.9242    24.6677 -9.990e-29
 255.004514      0.594  39.320694    13.5953     9.6303      0.589    32.9165    24.6603 -9.990e-29
 255.004520      0.594  39.311475    13.5916     9.5522      0.589    32.9111    24.6568 -9.990e-29
 255.004525      0.596  39.292217    13.5815     9.4741      0.591    32.9018    24.6517 -9.990e-29
 255.004531      0.600  39.274131    13.5718     9.3875      0.595    32.8933    24.6471 -9.990e-29
 255.004537      0.602  39.263820    13.5614     9.3666      0.597    32.8926    24.6486 -9.990e-29
 255.004543      0.605  39.242930    13.5469     9.4213      0.600    32.8856    24.6461 -9.990e-29
 255.004549      0.615  39.207036    13.5278     9.5502      0.610    32.8685    24.6368 -9.990e-29
 255.004554      0.628  39.178245    13.5048     9.6481      0.623    32.8614    24.6359 -9.990e-29
 255.004560      0.637  39.164584    13.4761     9.6812      0.632    32.8734    24.6510 -9.990e-29
 255.004566      0.641  39.156127    13.4429     9.7109      0.636    32.8941    24.6737 -9.990e-29
 255.004572      0.645  39.144840    13.4158     9.7447      0.640    32.9069    24.6890 -9.990e-29
 255.004578      0.645  39.131810    13.4119     9.8295      0.640    32.8980    24.6830 -9.990e-29
 255.004583      0.638  39.141030    13.4358     9.8661      0.633    32.8861    24.6689 -9.990e-29
 255.004589      0.626  39.173453    13.4597     9.8855      0.621    32.8958    24.6716 -9.990e-29
 255.004595      0.614  39.177433    13.4512     9.8514      0.609    32.9069    24.6819 -9.990e-29
 255.004601      0.601  39.123406    13.4196     9.7545      0.596    32.8835    24.6702 -9.990e-29
 255.004606      0.589  39.060892    13.4142     9.7168      0.584    32.8296    24.6296 -9.990e-29
 255.004612      0.583  39.069578    13.4605     9.6576      0.578    32.7979    24.5958 -9.990e-29
 255.004618      0.583  39.130079    13.5129     9.6653      0.578    32.8094    24.5941 -9.990e-29
 255.004624      0.583  39.174919    13.5199     9.7966      0.578    32.8453    24.6205 -9.990e-29
 255.004630      0.580  39.194819    13.4912     9.9542      0.575    32.8886    24.6597 -9.990e-29
 255.004635      0.578  39.188173    13.4633    10.0329      0.573    32.9065    24.6792 -9.990e-29
 255.004641      0.580  39.170672    13.4502    10.0197      0.575    32.9014    24.6779 -9.990e-29
 255.004647      0.588  39.149131    13.4321     9.9365      0.583    32.8969    24.6780 -9.990e-29
 255.004653      0.597  39.098629    13.3940     9.8493      0.592    32.8824    24.6745 -9.990e-29
 255.004659      0.603  39.043666    13.3551     9.8283      0.598    32.8645    24.6684 -9.990e-29
 255.004664      0.608  39.014003    13.3271     9.8149      0.603    32.8608    24.6712 -9.990e-29
 255.004670      0.610  39.006408    13.2930     9.7664      0.605    32.8831    24.6952 -9.990e-29
 255.004676      0.615  39.006705    13.2401     9.7326      0.610    32.9292    24.7414 -9.990e-29
 255.004682      0.628  38.983211    13.1891     9.6597      0.623    32.9513    24.7687 -9.990e-29
 255.004687      0.644  38.958304    13.1767     9.5719      0.639    32.9386    24.7613 -9.990e-29
 255.004693      0.656  38.972657    13.2122     9.5046      0.651    32.9213    24.7409 -9.990e-29
 255.004699      0.661  38.991449    13.2637     9.5210      0.655    32.8944    24.7098 -9.990e-29
 255.004705      0.659  38.990274    13.2912     9.5385      0.653    32.8695    24.6851 -9.990e-29
 255.004711      0.655  38.990444    13.2958     9.5265      0.650    32.8657    24.6812 -9.990e-29
 255.004716      0.651  38.996009    13.3052     9.5075      0.646    32.8628    24.6771 -9.990e-29
 255.004722      0.649  39.007547    13.3156     9.5948      0.644    32.8646    24.6764 -9.990e-29
 255.004728      0.647  39.015652    13.3042     9.7908      0.642    32.8821    24.6922 -9.990e-29
 255.004734      0.641  39.005223    13.2858     9.9497      0.636    32.8882    24.7006 -9.990e-29
 255.004740      0.632  38.999806    13.2942    10.0079      0.627    32.8759    24.6894 -9.990e-29
 255.004745      0.627  39.016730    13.3218    10.0264      0.622    32.8679    24.6777 -9.990e-29
 255.004751      0.630  39.018439    13.3275    10.0566      0.625    32.8646    24.6740 -9.990e-29
 255.004757      0.640  38.970091    13.3025    10.1278      0.635    32.8408    24.6606 -9.990e-29
 255.004763      0.656  38.926543    13.2837    10.1685      0.651    32.8161    24.6453 -9.990e-29
 255.004769      0.668  38.955211    13.2856    10.1580      0.662    32.8414    24.6644 -9.990e-29
 255.004774      0.674  38.998311    13.2648    10.1280      0.668    32.8999    24.7138 -9.990e-29
 255.004780      0.674  38.982545    13.2004    10.0853      0.668    32.9408    24.7583 -9.990e-29
 255.004786      0.672  38.936683    13.1430    10.0542      0.666    32.9474    24.7749 -9.990e-29
 255.004792      0.676  38.920007    13.1338    10.1316      0.670    32.9397    24.7707 -9.990e-29
 255.004797      0.692  38.956128    13.1730    10.1570      0.686    32.9397    24.7629 -9.990e-29
 255.004803      0.715  39.011772    13.2421    10.1814      0.709    32.9322    24.7433 -9.990e-29
 255.004809      0.739  39.047187    13.2969    10.2071      0.733    32.9180    24.7215 -9.990e-29
 255.004815      0.762  39.070795    13.3124    10.1330      0.756    32.9268    24.7251 -9.990e-29
 255.004821      0.783  39.113411    13.3137    10.1129      0.776    32.9657    24.7550 -9.990e-29
 255.004826      0.805  39.164461    13.3252    10.1729      0.798    33.0036    24.7820 -9.990e-29
 255.004832      0.834  39.183113    13.3476    10.4535      0.827    33.0017    24.7761 -9.990e-29
 255.004838      0.875  39.181780    13.3723    10.8279      0.868    32.9790    24.7536 -9.990e-29
 255.004844      0.927  39.175950    13.3830    11.0274      0.919    32.9643    24.7400 -9.990e-29
 255.004850      0.990  39.133064    13.3583    10.9966      0.982    32.9454    24.7304 -9.990e-29
 255.004855      1.066  39.030593    13.2563    10.7564      1.057    32.9374    24.7446 -9.990e-29
 255.004861      1.160  38.829927    13.0052    10.4865      1.150    32.9662    24.8166 -9.990e-29
 255.004867      1.280  38.510107    12.6110    10.2564      1.269    33.0066    24.9249 -9.990e-29
 255.004873      1.432  38.168272    12.2075    10.1232      1.420    33.0337    25.0232 0.0000e+00
 255.004878      1.617  37.913637    11.9075    10.0283      1.603    33.0530    25.0945 0.0000e+00
 255.004884      1.826  37.760819    11.7152     9.9327      1.811    33.0753    25.1475 0.0000e+00
 255.004890      2.050  37.671248    11.5834     9.8335      2.033    33.1053    25.1951 0.0000e+00
 255.004896      2.288  37.597089    11.4756     9.6943      2.269    33.1291    25.2333 0.0000e+00
 255.004902      2.536  37.525095    11.3881     9.5273      2.515    33.1367    25.2552 0.0000e+00
 255.004907      2.793  37.474625    11.3307     9.3298      2.770    33.1385    25.2670 0.0000e+00
 255.004913      3.060  37.448891    11.2934     9.1586      3.034    33.1466    25.2800 0.0000e+00
 255.004919      3.335  37.426905    11.2395     9.0526      3.307    33.1733    25.3105 0.0000e+00
 255.004925      3.618  37.370262    11.1384     8.9829      3.588    33.2084    25.3559 0.0000e+00
 255.004931      3.912  37.262181    11.0032     8.9073      3.879    33.2234    25.3918 0.0000e+00
 255.004936      4.212  37.142871    10.8768     8.7686      4.177    33.2193    25.4109 0.0000e+00
 255.004942      4.513  37.053244    10.7844     8.5709      4.475    33.2137    25.4228 0.0000e+00
 255.004948      4.812  37.000345    10.7171     8.3695      4.772    33.2219    25.4410 0.0000e+00
 255.004954      5.111  36.963394    10.6552     8.1953      5.068    33.2412    25.4669 0.0000e+00
 255.004959      5.412  36.914299    10.5897     8.0161      5.367    33.2516    25.4864 0.0000e+00
 255.004965      5.717  36.856986    10.5197     7.8465      5.669    33.2578    25.5034 0.0000e+00
 255.004971      6.024  36.800122    10.4471     7.6397      5.974    33.2669    25.5230 0.0000e+00
 255.004977      6.330  36.741756    10.3779     7.4119      6.277    33.2713    25.5383 0.0000e+00
 255.004983      6.639  36.689144    10.3154     7.1819      6.583    33.2754    25.5522 0.0000e+00
 255.004988      6.949  36.643762    10.2594     6.9217      6.891    33.2808    25.5660 0.0000e+00
 255.004994      7.257  36.602713    10.2042     6.7026      7.196    33.2899    25.5824 0.0000e+00
 255.005000      7.563  36.558226    10.1330     6.4772      7.500    33.3101    25.6103 0.0000e+00
 255.005006      7.859  36.490104    10.0290     6.3967      7.793    33.3367    25.6486 0.0000e+00
 255.005012      8.144  36.382507     9.8999     6.3884      8.076    33.3463    25.6777 0.0000e+00
 255.005017      8.421  36.251601     9.7743     6.4017      8.351    33.3288    25.6848 0.0000e+00
 255.005023      8.698  36.135149     9.6728     6.4446      8.625    33.3035    25.6818 0.0000e+00
 255.005029      8.968  36.053744     9.6021     6.3997      8.893    33.2854    25.6793 0.0000e+00
 255.005035      9.229  36.008568     9.5584     6.4522      9.152    33.2794    25.6818 0.0000e+00
 255.005041      9.479  35.988022     9.5325     6.4982      9.400    33.2822    25.6882 0.0000e+00
 255.005046      9.723  35.978042     9.5175     6.5314      9.642    33.2858    25.6934 0.0000e+00
 255.005052      9.965  35.973055     9.5090     6.5636      9.882    33.2884    25.6969 0.0000e+00
 255.005058     10.210  35.970222     9.5042     6.5422     10.125    33.2899    25.6988 0.0000e+00
 255.005064     10.456  35.967894     9.5020     6.5184     10.368    33.2894    25.6988 0.0000e+00
 255.005069     10.701  35.966221     9.5008     6.4926     10.611    33.2887    25.6984 0.0000e+00
 255.005075     10.943  35.964544     9.5000     6.4539     10.851    33.2876    25.6977 0.0000e+00
 255.005081     11.181  35.962756     9.5002     6.4068     11.087    33.2855    25.6960 0.0000e+00
 255.005087     11.413  35.961726     9.4993     6.3832     11.317    33.2851    25.6959 0.0000e+00
 255.005093     11.641  35.960533     9.4944     6.3478     11.544    33.2884    25.6992 0.0000e+00
 255.005098     11.871  35.958039     9.4861     6.3218     11.772    33.2934    25.7045 0.0000e+00
