data/oxygen options/OCNMS/OCNMS1/raw_data/2020/CAST_MB042_200720faed.cnv
* Sea-Bird SBE 19 Data File:
* FileName = C:\2020 Mooring Data\Casts\CAST_MB042_200720.hex
* Software Version SeatermAF 2.1.2
* Temperature SN = 2997
* Conductivity SN = 2997
* System UpLoad Time = Aug 02 2020 21:21:01 (localtime) = Aug 02 2020 21:21:01 (UTC)
* ds
* SEACAT PROFILER V3.1c SN 2997   08/02/20  21:20:06.376
# nquan = 9                                 
# nvalues = 1294                        
# units = specified
# name 0 = timeJ: Julian Days
# name 1 = prSM: Pressure, Strain Gauge [db]
# name 2 = c0mS/cm: Conductivity [mS/cm]
# name 3 = t090C: Temperature [ITS-90, deg C]
# name 4 = sbeox0ML/L: Oxygen, SBE 43 [ml/l]
# name 5 = depSM: Depth [salt water, m], lat = 47.5
# name 6 = sal00: Salinity, Practical [PSU]
# name 7 = sigma-é00: Density [sigma-theta, kg/m^3]
# name 8 = flag: flag
# span 0 = 202.843692, 202.851175       
# span 1 =     -5.628,     44.548       
# span 2 =   0.457634,  37.207217       
# span 3 =     6.9173,    16.9507       
# span 4 =   -13.0108,    11.6980       
# span 5 =     -5.581,     44.171       
# span 6 =     0.2665,    33.9385       
# span 7 =    -1.0048,    26.5293       
# span 8 = 0.0000e+00, 0.0000e+00       
# interval = seconds: 0.5
# start_time = Jul 20 2020 20:14:55 [Instrument's time stamp, header]
# bad_flag = -9.990e-29
*END*
[from data line 161]
 202.844624     -2.202   0.579888    15.8382    -1.8306     -2.184     0.3451    -0.7626 -9.990e-29
 202.844630     -2.198   0.577971    15.8318    -1.8308     -2.180     0.3440    -0.7624 -9.990e-29
 202.844635     -2.195   0.575053    15.8237    -1.8315     -2.177     0.3423    -0.7625 -9.990e-29
 202.844641     -2.192   0.572228    15.8184    -1.8321     -2.174     0.3406    -0.7629 -9.990e-29
 202.844647     -2.188   0.570714    15.8180    -1.8324     -2.170     0.3397    -0.7636 -9.990e-29
 202.844653     -2.185   0.571260    15.8217    -1.8328     -2.167     0.3400    -0.7639 -9.990e-29
 202.844659     -2.180   0.573487    15.8284    -1.8331     -2.162     0.3413    -0.7640 -9.990e-29
 202.844664     -2.175   0.576486    15.8364    -1.8333     -2.157     0.3431    -0.7639 -9.990e-29
 202.844670     -2.169   0.579273    15.8425    -1.8336     -2.151     0.3447    -0.7636 -9.990e-29
 202.844676     -2.161   0.580576    15.8435    -1.8339     -2.143     0.3455    -0.7632 -9.990e-29
 202.844682     -2.152   0.579919    15.8379    -1.8336     -2.134     0.3452    -0.7625 -9.990e-29
 202.844687     -2.139   0.578084    15.8269    -1.8335     -2.121     0.3441    -0.7616 -9.990e-29
 202.844693     -2.124   0.575949    15.8149    -1.8333     -2.106     0.3429    -0.7606 -9.990e-29
 202.844699     -2.108   0.573989    15.8043    -1.8330     -2.090     0.3418    -0.7597 -9.990e-29
 202.844705     -2.099   0.572914    15.7947    -1.8326     -2.081     0.3412    -0.7586 -9.990e-29
 202.844711     -2.098   0.572950    15.7866    -1.8323     -2.081     0.3413    -0.7573 -9.990e-29
 202.844716     -2.095   0.573039    15.7800    -1.8320     -2.078     0.3414    -0.7561 -9.990e-29
 202.844722     -2.085   0.572190    15.7745    -1.8318     -2.068     0.3409    -0.7556 -9.990e-29
 202.844728     -2.069   0.570933    15.7721    -1.8318     -2.052     0.3402    -0.7558 -9.990e-29
 202.844734     -2.049   0.570361    15.7739    -1.8318     -2.032     0.3398    -0.7564 -9.990e-29
 202.844740     -2.028   0.570264    15.7782    -1.8318     -2.011     0.3397    -0.7571 -9.990e-29
 202.844745     -2.006   0.569958    15.7842    -1.8320     -1.989     0.3395    -0.7583 -9.990e-29
 202.844751     -1.984   0.569590    15.7916    -1.8325     -1.967     0.3392    -0.7597 -9.990e-29
 202.844757     -1.967   0.569223    15.7997    -1.8328     -1.951     0.3389    -0.7612 -9.990e-29
 202.844763     -1.952   0.568365    15.8077    -1.8324     -1.936     0.3383    -0.7630 -9.990e-29
 202.844769     -1.939   0.566982    15.8142    -1.8321     -1.923     0.3374    -0.7647 -9.990e-29
 202.844774     -1.927   0.565998    15.8182    -1.8318     -1.911     0.3368    -0.7658 -9.990e-29
 202.844780     -1.915   0.566318    15.8198    -1.8318     -1.899     0.3370    -0.7660 -9.990e-29
 202.844786     -1.903   0.567813    15.8199    -1.8316     -1.887     0.3379    -0.7653 -9.990e-29
 202.844792     -1.890   0.569153    15.8183    -1.8317     -1.874     0.3387    -0.7644 -9.990e-29
 202.844797     -1.878   0.568800    15.8136    -1.8318     -1.862     0.3385    -0.7637 -9.990e-29
 202.844803     -1.873   0.566837    15.8072    -1.8313     -1.857     0.3374    -0.7636 -9.990e-29
 202.844809     -1.868   0.565077    15.8044    -1.8308     -1.852     0.3363    -0.7640 -9.990e-29
 202.844815     -1.860   0.565052    15.8082    -1.8304     -1.844     0.3363    -0.7646 -9.990e-29
 202.844821     -1.848   0.566173    15.8148    -1.8304     -1.833     0.3369    -0.7652 -9.990e-29
 202.844826     -1.835   0.566612    15.8199    -1.8303     -1.820     0.3371    -0.7658 -9.990e-29
 202.844832     -1.826   0.566399    15.8232    -1.8306     -1.811     0.3370    -0.7665 -9.990e-29
 202.844838     -1.819   0.566910    15.8253    -1.8310     -1.804     0.3373    -0.7666 -9.990e-29
 202.844844     -1.813   0.567718    15.8270    -1.8315     -1.798     0.3378    -0.7665 -9.990e-29
 202.844850     -1.805   0.567134    15.8306    -1.8306     -1.790     0.3374    -0.7674 -9.990e-29
 202.844855     -1.794   0.564930    15.8381    -1.8293     -1.779     0.3360    -0.7697 -9.990e-29
 202.844861     -1.784   0.562600    15.8475    -1.8280     -1.769     0.3345    -0.7724 -9.990e-29
 202.844867     -1.772   0.561465    15.8544    -1.8267     -1.757     0.3337    -0.7740 -9.990e-29
 202.844873     -1.760   0.562227    15.8573    -1.8256     -1.745     0.3341    -0.7742 -9.990e-29
 202.844878     -1.746   0.564794    15.8568    -1.8244     -1.731     0.3357    -0.7729 -9.990e-29
 202.844884     -1.734   0.567605    15.8530    -1.8233     -1.720     0.3375    -0.7709 -9.990e-29
 202.844890     -1.727   0.568868    15.8484    -1.8234     -1.713     0.3383    -0.7695 -9.990e-29
 202.844896     -1.720   0.568051    15.8508    -1.8240     -1.706     0.3378    -0.7703 -9.990e-29
 202.844902     -1.708   0.565728    15.8669    -1.8241     -1.694     0.3362    -0.7741 -9.990e-29
 202.844907     -1.696   0.562676    15.8940    -1.8232     -1.682     0.3341    -0.7801 -9.990e-29
 202.844913     -1.687   0.559810    15.9252    -1.8227     -1.673     0.3321    -0.7867 -9.990e-29
 202.844919     -1.679   0.558295    15.9567    -1.8222     -1.665     0.3309    -0.7928 -9.990e-29
 202.844925     -1.673   0.558325    15.9866    -1.8213     -1.659     0.3307    -0.7978 -9.990e-29
 202.844931     -1.669   0.558833    16.0130    -1.8200     -1.655     0.3308    -0.8020 -9.990e-29
 202.844936     -1.665   0.559388    16.0311    -1.8191     -1.651     0.3310    -0.8048 -9.990e-29
 202.844942     -1.662   0.560728    16.0370    -1.8184     -1.648     0.3318    -0.8052 -9.990e-29
 202.844948     -1.659   0.562978    16.0367    -1.8175     -1.645     0.3332    -0.8041 -9.990e-29
 202.844954     -1.657   0.564709    16.0410    -1.8166     -1.643     0.3342    -0.8040 -9.990e-29
 202.844959     -1.655   0.564349    16.0532    -1.8160     -1.641     0.3339    -0.8063 -9.990e-29
 202.844965     -1.653   0.561973    16.0688    -1.8159     -1.639     0.3323    -0.8100 -9.990e-29
 202.844971     -1.651   0.558844    16.0864    -1.8155     -1.637     0.3302    -0.8145 -9.990e-29
 202.844977     -1.649   0.556326    16.1083    -1.8150     -1.635     0.3285    -0.8194 -9.990e-29
 202.844983     -1.647   0.555494    16.1335    -1.8144     -1.633     0.3278    -0.8241 -9.990e-29
 202.844988     -1.644   0.556899    16.1581    -1.8138     -1.630     0.3285    -0.8276 -9.990e-29
 202.844994     -1.640   0.559644    16.1812    -1.8131     -1.626     0.3300    -0.8303 -9.990e-29
 202.845000     -1.635   0.561297    16.2035    -1.8130     -1.621     0.3308    -0.8334 -9.990e-29
 202.845006     -1.630   0.560740    16.2235    -1.8132     -1.616     0.3303    -0.8371 -9.990e-29
 202.845012     -1.622   0.559444    16.2387    -1.8133     -1.608     0.3294    -0.8403 -9.990e-29
 202.845017     -1.613   0.559006    16.2499    -1.8131     -1.600     0.3291    -0.8424 -9.990e-29
 202.845023     -1.601   0.559394    16.2610    -1.8137     -1.588     0.3292    -0.8441 -9.990e-29
 202.845029     -1.586   0.559463    16.2741    -1.8136     -1.573     0.3291    -0.8464 -9.990e-29
 202.845035     -1.566   0.558752    16.2887    -1.8131     -1.553     0.3286    -0.8492 -9.990e-29
 202.845041     -1.545   0.557973    16.3034    -1.8124     -1.532     0.3280    -0.8521 -9.990e-29
 202.845046     -1.530   0.557194    16.3154    -1.8121     -1.517     0.3274    -0.8546 -9.990e-29
 202.845052     -1.520   0.555931    16.3216    -1.8118     -1.507     0.3266    -0.8562 -9.990e-29
 202.845058     -1.510   0.554161    16.3224    -1.8115     -1.497     0.3255    -0.8572 -9.990e-29
 202.845064     -1.500   0.552293    16.3216    -1.8118     -1.487     0.3244    -0.8579 -9.990e-29
 202.845069     -1.488   0.551157    16.3199    -1.8121     -1.476     0.3237    -0.8582 -9.990e-29
 202.845075     -1.474   0.550901    16.3181    -1.8115     -1.462     0.3236    -0.8580 -9.990e-29
 202.845081     -1.458   0.550630    16.3207    -1.8110     -1.446     0.3234    -0.8585 -9.990e-29
 202.845087     -1.441   0.549983    16.3298    -1.8105     -1.429     0.3230    -0.8604 -9.990e-29
 202.845093     -1.429   0.549204    16.3417    -1.8107     -1.417     0.3224    -0.8628 -9.990e-29
 202.845098     -1.419   0.548361    16.3520    -1.8108     -1.407     0.3218    -0.8650 -9.990e-29
 202.845104     -1.411   0.547438    16.3595    -1.8104     -1.399     0.3212    -0.8667 -9.990e-29
 202.845110     -1.405   0.546309    16.3632    -1.8098     -1.393     0.3205    -0.8679 -9.990e-29
 202.845116     -1.400   0.545131    16.3629    -1.8096     -1.388     0.3198    -0.8684 -9.990e-29
 202.845122     -1.396   0.544550    16.3640    -1.8094     -1.384     0.3194    -0.8689 -9.990e-29
 202.845127     -1.392   0.544898    16.3713    -1.8092     -1.380     0.3196    -0.8700 -9.990e-29
 202.845133     -1.389   0.545529    16.3816    -1.8088     -1.377     0.3199    -0.8715 -9.990e-29
 202.845139     -1.387   0.545623    16.3892    -1.8079     -1.375     0.3199    -0.8727 -9.990e-29
 202.845145     -1.384   0.545303    16.3923    -1.8074     -1.372     0.3197    -0.8734 -9.990e-29
 202.845150     -1.382   0.545251    16.3958    -1.8072     -1.370     0.3196    -0.8740 -9.990e-29
 202.845156     -1.379   0.545397    16.4038    -1.8065     -1.367     0.3196    -0.8754 -9.990e-29
 202.845162     -1.376   0.544828    16.4138    -1.8061     -1.365     0.3192    -0.8774 -9.990e-29
 202.845168     -1.372   0.543338    16.4223    -1.8058     -1.361     0.3182    -0.8795 -9.990e-29
 202.845174     -1.368   0.541708    16.4294    -1.8051     -1.357     0.3172    -0.8815 -9.990e-29
 202.845179     -1.362   0.540534    16.4379    -1.8045     -1.351     0.3164    -0.8836 -9.990e-29
 202.845185     -1.355   0.539911    16.4503    -1.8039     -1.344     0.3160    -0.8860 -9.990e-29
 202.845191     -1.346   0.539561    16.4657    -1.8035     -1.335     0.3156    -0.8889 -9.990e-29
 202.845197     -1.335   0.539017    16.4802    -1.8032     -1.324     0.3152    -0.8916 -9.990e-29
 202.845203     -1.320   0.538107    16.4928    -1.8032     -1.309     0.3146    -0.8943 -9.990e-29
 202.845208     -1.305   0.537280    16.5053    -1.8029     -1.294     0.3140    -0.8968 -9.990e-29
 202.845214     -1.294   0.537094    16.5180    -1.8022     -1.283     0.3138    -0.8991 -9.990e-29
 202.845220     -1.282   0.537300    16.5317    -1.8016     -1.271     0.3138    -0.9014 -9.990e-29
 202.845226     -1.267   0.537063    16.5468    -1.8013     -1.256     0.3135    -0.9042 -9.990e-29
 202.845231     -1.257   0.536068    16.5619    -1.8009     -1.247     0.3128    -0.9073 -9.990e-29
 202.845237     -1.253   0.534648    16.5759    -1.8009     -1.243     0.3119    -0.9104 -9.990e-29
 202.845243     -1.244   0.533124    16.5878    -1.8005     -1.234     0.3108    -0.9132 -9.990e-29
 202.845249     -1.231   0.531681    16.5964    -1.8001     -1.221     0.3099    -0.9154 -9.990e-29
 202.845255     -1.216   0.530607    16.6034    -1.8005     -1.206     0.3092    -0.9171 -9.990e-29
 202.845260     -1.199   0.530133    16.6129    -1.8004     -1.189     0.3089    -0.9190 -9.990e-29
 202.845266     -1.183   0.530181    16.6260    -1.8000     -1.173     0.3088    -0.9213 -9.990e-29
 202.845272     -1.171   0.530259    16.6394    -1.7995     -1.161     0.3088    -0.9236 -9.990e-29
 202.845278     -1.163   0.529918    16.6506    -1.7993     -1.153     0.3085    -0.9257 -9.990e-29
 202.845284     -1.159   0.529254    16.6594    -1.7991     -1.149     0.3080    -0.9276 -9.990e-29
 202.845289     -1.157   0.528491    16.6663    -1.7990     -1.147     0.3075    -0.9291 -9.990e-29
 202.845295     -1.157   0.527718    16.6728    -1.7989     -1.147     0.3070    -0.9306 -9.990e-29
 202.845301     -1.160   0.527010    16.6772    -1.7987     -1.150     0.3065    -0.9317 -9.990e-29
 202.845307     -1.166   0.526531    16.6786    -1.7987     -1.156     0.3062    -0.9322 -9.990e-29
 202.845313     -1.175   0.526194    16.6818    -1.7987     -1.165     0.3060    -0.9329 -9.990e-29
 202.845318     -1.184   0.525550    16.6896    -1.7988     -1.174     0.3056    -0.9346 -9.990e-29
 202.845324     -1.185   0.524294    16.6986    -1.7987     -1.175     0.3047    -0.9368 -9.990e-29
 202.845330     -1.177   0.522967    16.7060    -1.7987     -1.167     0.3039    -0.9387 -9.990e-29
 202.845336     -1.168   0.522566    16.7115    -1.7988     -1.158     0.3036    -0.9399 -9.990e-29
 202.845341     -1.163   0.523110    16.7158    -1.7988     -1.153     0.3039    -0.9404 -9.990e-29
 202.845347     -1.161   0.523663    16.7197    -1.7990     -1.151     0.3042    -0.9408 -9.990e-29
 202.845353     -1.162   0.523300    16.7225    -1.7995     -1.152     0.3040    -0.9415 -9.990e-29
 202.845359     -1.166   0.522090    16.7236    -1.7997     -1.156     0.3033    -0.9422 -9.990e-29
 202.845365     -1.169   0.521187    16.7238    -1.7998     -1.159     0.3027    -0.9427 -9.990e-29
 202.845370     -1.167   0.521603    16.7233    -1.7996     -1.157     0.3030    -0.9424 -9.990e-29
 202.845376     -1.163   0.523339    16.7228    -1.7994     -1.153     0.3040    -0.9415 -9.990e-29
 202.845382     -1.163   0.525386    16.7224    -1.7998     -1.153     0.3052    -0.9405 -9.990e-29
 202.845388     -1.162   0.526596    16.7213    -1.8000     -1.152     0.3060    -0.9397 -9.990e-29
 202.845394     -1.155   0.526365    16.7184    -1.7998     -1.145     0.3058    -0.9393 -9.990e-29
 202.845399     -1.146   0.524938    16.7130    -1.7997     -1.136     0.3050    -0.9390 -9.990e-29
 202.845405     -1.139   0.523182    16.7063    -1.7996     -1.129     0.3040    -0.9386 -9.990e-29
 202.845411     -1.134   0.521524    16.7015    -1.7994     -1.125     0.3031    -0.9386 -9.990e-29
 202.845417     -1.130   0.519967    16.6997    -1.7998     -1.121     0.3022    -0.9390 -9.990e-29
 202.845422     -1.127   0.518649    16.7004    -1.8000     -1.118     0.3014    -0.9397 -9.990e-29
 202.845428     -1.124   0.518027    16.7003    -1.8003     -1.115     0.3010    -0.9400 -9.990e-29
 202.845434     -1.122   0.518379    16.6972    -1.8002     -1.113     0.3012    -0.9393 -9.990e-29
 202.845440     -1.121   0.519066    16.6946    -1.7998     -1.112     0.3017    -0.9385 -9.990e-29
 202.845446     -1.120   0.519343    16.6953    -1.7997     -1.111     0.3018    -0.9385 -9.990e-29
 202.845451     -1.119   0.519024    16.6979    -1.7995     -1.110     0.3016    -0.9391 -9.990e-29
 202.845457     -1.119   0.518237    16.7002    -1.7990     -1.110     0.3011    -0.9398 -9.990e-29
 202.845463     -1.119   0.517038    16.6999    -1.7987     -1.110     0.3004    -0.9403 -9.990e-29
 202.845469     -1.119   0.515491    16.6962    -1.7984     -1.110     0.2995    -0.9404 -9.990e-29
 202.845475     -1.120   0.514300    16.6916    -1.7980     -1.111     0.2988    -0.9401 -9.990e-29
 202.845480     -1.120   0.514092    16.6890    -1.7976     -1.111     0.2987    -0.9398 -9.990e-29
 202.845486     -1.122   0.514590    16.6906    -1.7977     -1.113     0.2990    -0.9398 -9.990e-29
 202.845492     -1.123   0.514796    16.6954    -1.7976     -1.114     0.2991    -0.9406 -9.990e-29
 202.845498     -1.125   0.513877    16.7009    -1.7973     -1.116     0.2985    -0.9420 -9.990e-29
 202.845503     -1.128   0.512267    16.7081    -1.7966     -1.119     0.2975    -0.9440 -9.990e-29
 202.845509     -1.127   0.511142    16.7174    -1.7964     -1.118     0.2968    -0.9462 -9.990e-29
 202.845515     -1.118   0.511216    16.7267    -1.7962     -1.109     0.2967    -0.9478 -9.990e-29
 202.845521     -1.105   0.512035    16.7357    -1.7960     -1.096     0.2972    -0.9490 -9.990e-29
 202.845527     -1.092   0.512473    16.7447    -1.7957     -1.083     0.2974    -0.9504 -9.990e-29
 202.845532     -1.081   0.512008    16.7518    -1.7953     -1.072     0.2970    -0.9518 -9.990e-29
 202.845538     -1.077   0.511125    16.7564    -1.7952     -1.068     0.2965    -0.9531 -9.990e-29
