data/oxygen options/OCNMS/OCNMS1/raw_data/2020/CAST_TH042_200930faed.cnv
* Sea-Bird SBE 19 Data File:
* FileName = C:\2020 Mooring Data\Casts\CAST_TH042_200930.hex
* Software Version SeatermAF 2.1.2
* Temperature SN = 2997
* Conductivity SN = 2997
* System UpLoad Time = Sep 30 2020 18:20:05 (localtime) = Sep 30 2020 18:20:05 (UTC)
** CAST_TH042_200930
* ds
# nquan = 9                                 
# nvalues = 1474                        
# units = specified
# name 0 = timeJ: Julian Days
# name 1 = prSM: Pressure, Strain Gauge [db]
# name 2 = c0mS/cm: Conductivity [mS/cm]
# name 3 = t090C: Temperature [ITS-90, deg C]
# name 4 = sbeox0ML/L: Oxygen, SBE 43 [ml/l]
# name 5 = depSM: Depth [salt water, m], lat = 47.5
# name 6 = sal00: Salinity, Practical [PSU]
# name 7 = sigma-é00: Density [sigma-theta, kg/m^3]
# name 8 = flag: flag
# span 0 = 274.691968, 274.700492       
# span 1 =     -4.810,     43.232       
# span 2 =   0.013557,  38.149094       
# span 3 =     8.2408,    17.9170       
# span 4 =    -1.7860,    13.7482       
# span 5 =     -4.770,     42.867       
# span 6 =     0.0136,    33.3327       
# span 7 =    -1.3772,    25.9280       
# span 8 = 0.0000e+00, 0.0000e+00       
# interval = seconds: 0.5
# start_time = Sep 30 2020 16:36:26 [Instrument's time stamp, header]
# bad_flag = -9.990e-29
*END*
[from data line 801]
 274.696603      0.778   0.013567    17.5570    -1.7730      0.772     0.0137    -1.3118 -9.990e-29
 274.696609      0.777   0.013567    17.5567    -1.7731      0.771     0.0137    -1.3117 -9.990e-29
 274.696615      0.775   0.013567    17.5564    -1.7732      0.769     0.0137    -1.3117 -9.990e-29
 274.696620      0.774   0.013567    17.5561    -1.7733      0.768     0.0137    -1.3116 -9.990e-29
 274.696626      0.774   0.013567    17.5547    -1.7732      0.768     0.0137    -1.3114 -9.990e-29
 274.696632      0.773   0.013567    17.5521    -1.7730      0.767     0.0137    -1.3109 -9.990e-29
 274.696638      0.773   0.013567    17.5490    -1.7727      0.767     0.0137    -1.3103 -9.990e-29
 274.696644      0.772   0.013567    17.5458    -1.7724      0.766     0.0137    -1.3098 -9.990e-29
 274.696649      0.772   0.013567    17.5432    -1.7724      0.766     0.0137    -1.3093 -9.990e-29
 274.696655      0.772   0.013567    17.5412    -1.7721      0.766     0.0137    -1.3089 -9.990e-29
 274.696661      0.772   0.013567    17.5389    -1.7720      0.766     0.0137    -1.3085 -9.990e-29
 274.696667      0.772   0.013567    17.5367    -1.7718      0.766     0.0137    -1.3081 -9.990e-29
 274.696672      0.771   0.013567    17.5362    -1.7717      0.765     0.0137    -1.3080 -9.990e-29
 274.696678      0.771   0.013567    17.5382    -1.7715      0.765     0.0137    -1.3084 -9.990e-29
 274.696684      0.771   0.013567    17.5428    -1.7711      0.765     0.0137    -1.3092 -9.990e-29
 274.696690      0.771   0.013567    17.5490    -1.7707      0.765     0.0137    -1.3103 -9.990e-29
 274.696696      0.771   0.013567    17.5551    -1.7702      0.765     0.0137    -1.3114 -9.990e-29
 274.696701      0.772   0.013567    17.5603    -1.7698      0.766     0.0137    -1.3124 -9.990e-29
 274.696707      0.772   0.013567    17.5650    -1.7694      0.766     0.0137    -1.3132 -9.990e-29
 274.696713      0.772   0.013567    17.5696    -1.7695      0.766     0.0137    -1.3140 -9.990e-29
 274.696719      0.772   0.013567    17.5745    -1.7694      0.766     0.0137    -1.3149 -9.990e-29
 274.696725      0.772   0.013567    17.5802    -1.7691      0.766     0.0137    -1.3160 -9.990e-29
 274.696730      0.773   0.013567    17.5876    -1.7690      0.767     0.0137    -1.3173 -9.990e-29
 274.696736      0.773   0.013567    17.5973    -1.7686      0.767     0.0137    -1.3190 -9.990e-29
 274.696742      0.774   0.013567    17.6086    -1.7688      0.768     0.0137    -1.3211 -9.990e-29
 274.696748      0.775   0.013567    17.6201    -1.7687      0.769     0.0137    -1.3231 -9.990e-29
 274.696753      0.776   0.013567    17.6303    -1.7686      0.770     0.0137    -1.3250 -9.990e-29
 274.696759      0.777   0.013567    17.6372    -1.7685      0.771     0.0137    -1.3262 -9.990e-29
 274.696765      0.779   0.013567    17.6412    -1.7682      0.772     0.0137    -1.3270 -9.990e-29
 274.696771      0.782   0.013567    17.6453    -1.7681      0.775     0.0137    -1.3277 -9.990e-29
 274.696777      0.785   0.013567    17.6508    -1.7684      0.778     0.0137    -1.3287 -9.990e-29
 274.696782      0.789   0.013567    17.6566    -1.7685      0.782     0.0137    -1.3297 -9.990e-29
 274.696788      0.794   0.013567    17.6612    -1.7690      0.787     0.0137    -1.3306 -9.990e-29
 274.696794      0.800   0.013567    17.6637    -1.7692      0.793     0.0137    -1.3310 -9.990e-29
 274.696800      0.804   0.013567    17.6651    -1.7695      0.797     0.0137    -1.3313 -9.990e-29
 274.696806      0.802   0.013567    17.6671    -1.7697      0.795     0.0137    -1.3316 -9.990e-29
 274.696811      0.797   0.013567    17.6704    -1.7699      0.790     0.0137    -1.3322 -9.990e-29
 274.696817      0.795   0.013567    17.6740    -1.7703      0.788     0.0137    -1.3329 -9.990e-29
 274.696823      0.793   0.013567    17.6748    -1.7707      0.786     0.0137    -1.3330 -9.990e-29
 274.696829      0.793   0.013567    17.6715    -1.7709      0.786     0.0137    -1.3324 -9.990e-29
 274.696834      0.795   0.013567    17.6653    -1.7709      0.788     0.0137    -1.3313 -9.990e-29
 274.696840      0.798   0.013567    17.6573    -1.7710      0.791     0.0137    -1.3299 -9.990e-29
 274.696846      0.802   0.013567    17.6492    -1.7710      0.795     0.0137    -1.3284 -9.990e-29
 274.696852      0.809   0.013567    17.6417    -1.7709      0.802     0.0137    -1.3271 -9.990e-29
 274.696858      0.814   0.013567    17.6348    -1.7708      0.807     0.0137    -1.3258 -9.990e-29
 274.696863      0.813   0.013567    17.6276    -1.7708      0.806     0.0137    -1.3245 -9.990e-29
 274.696869      0.810   0.013567    17.6192    -1.7707      0.803     0.0137    -1.3230 -9.990e-29
 274.696875      0.809   0.013567    17.6109    -1.7707      0.802     0.0137    -1.3215 -9.990e-29
 274.696881      0.812   0.013568    17.6051    -1.7706      0.805     0.0137    -1.3204 -9.990e-29
 274.696887      0.812   0.013568    17.6019    -1.7704      0.805     0.0137    -1.3199 -9.990e-29
 274.696892      0.807   0.013568    17.6003    -1.7704      0.800     0.0137    -1.3196 -9.990e-29
 274.696898      0.799   0.013568    17.5999    -1.7704      0.792     0.0137    -1.3195 -9.990e-29
 274.696904      0.794   0.013568    17.6009    -1.7705      0.787     0.0137    -1.3197 -9.990e-29
 274.696910      0.789   0.013568    17.6026    -1.7705      0.782     0.0137    -1.3200 -9.990e-29
 274.696916      0.786   0.013569    17.6043    -1.7705      0.779     0.0137    -1.3203 -9.990e-29
 274.696921      0.784   0.013569    17.6061    -1.7705      0.777     0.0137    -1.3206 -9.990e-29
 274.696927      0.783   0.013569    17.6081    -1.7704      0.776     0.0137    -1.3210 -9.990e-29
 274.696933      0.783   0.013569    17.6105    -1.7703      0.776     0.0137    -1.3214 -9.990e-29
 274.696939      0.783   0.013569    17.6127    -1.7703      0.776     0.0137    -1.3218 -9.990e-29
 274.696944      0.785   0.013570    17.6142    -1.7703      0.778     0.0137    -1.3221 -9.990e-29
 274.696950      0.787   0.013570    17.6145    -1.7706      0.780     0.0137    -1.3221 -9.990e-29
 274.696956      0.790   0.013570    17.6139    -1.7707      0.783     0.0137    -1.3220 -9.990e-29
 274.696962      0.794   0.013570    17.6135    -1.7706      0.787     0.0137    -1.3220 -9.990e-29
 274.696968      0.800   0.013570    17.6139    -1.7706      0.793     0.0137    -1.3220 -9.990e-29
 274.696973      0.803   0.013570    17.6149    -1.7708      0.796     0.0137    -1.3222 -9.990e-29
 274.696979      0.800   0.013571    17.6162    -1.7708      0.793     0.0137    -1.3224 -9.990e-29
 274.696985      0.794   0.013571    17.6171    -1.7708      0.787     0.0137    -1.3226 -9.990e-29
 274.696991      0.790   0.013571    17.6168    -1.7709      0.783     0.0137    -1.3226 -9.990e-29
 274.696997      0.786   0.013571    17.6149    -1.7710      0.779     0.0137    -1.3222 -9.990e-29
 274.697002      0.784   0.013571    17.6120    -1.7711      0.777     0.0137    -1.3217 -9.990e-29
 274.697008      0.783   0.013571    17.6097    -1.7715      0.776     0.0137    -1.3213 -9.990e-29
 274.697014      0.782   0.013572    17.6086    -1.7717      0.775     0.0137    -1.3211 -9.990e-29
 274.697020      0.782   0.013572    17.6071    -1.7720      0.775     0.0137    -1.3208 -9.990e-29
 274.697025      0.783   0.013572    17.6051    -1.7722      0.776     0.0137    -1.3204 -9.990e-29
 274.697031      0.785   0.013572    17.6034    -1.7724      0.778     0.0137    -1.3201 -9.990e-29
 274.697037      0.788   0.013572    17.6020    -1.7727      0.781     0.0137    -1.3199 -9.990e-29
 274.697043      0.791   0.013573    17.6000    -1.7731      0.784     0.0137    -1.3195 -9.990e-29
 274.697049      0.796   0.013573    17.5969    -1.7732      0.789     0.0137    -1.3190 -9.990e-29
 274.697054      0.803   0.013573    17.5919    -1.7733      0.796     0.0137    -1.3181 -9.990e-29
 274.697060      0.812   0.013573    17.5851    -1.7735      0.805     0.0137    -1.3168 -9.990e-29
 274.697066      0.818   0.013573    17.5776    -1.7739      0.811     0.0137    -1.3155 -9.990e-29
 274.697072      0.820   0.013573    17.5702    -1.7741      0.813     0.0137    -1.3141 -9.990e-29
 274.697078      0.820   0.013574    17.5632    -1.7742      0.813     0.0137    -1.3129 -9.990e-29
 274.697083      0.823   0.013574    17.5562    -1.7740      0.816     0.0137    -1.3116 -9.990e-29
 274.697089      0.830   0.013574    17.5489    -1.7740      0.823     0.0137    -1.3103 -9.990e-29
 274.697095      0.840   0.013574    17.5422    -1.7743      0.833     0.0137    -1.3091 -9.990e-29
 274.697101      0.851   0.013574    17.5371    -1.7746      0.844     0.0137    -1.3082 -9.990e-29
 274.697106      0.858   0.013574    17.5324    -1.7747      0.851     0.0137    -1.3074 -9.990e-29
 274.697112      0.862   0.013575    17.5263    -1.7748      0.855     0.0137    -1.3063 -9.990e-29
 274.697118      0.863   0.013575    17.5194    -1.7749      0.856     0.0137    -1.3050 -9.990e-29
 274.697124      0.862   0.013575    17.5135    -1.7749      0.855     0.0137    -1.3040 -9.990e-29
 274.697130      0.858   0.013575    17.5106    -1.7749      0.851     0.0137    -1.3034 -9.990e-29
 274.697135      0.855   0.013575    17.5103    -1.7751      0.848     0.0137    -1.3034 -9.990e-29
 274.697141      0.857   0.013576    17.5093    -1.7754      0.850     0.0137    -1.3032 -9.990e-29
 274.697147      0.865   0.013576    17.5054    -1.7755      0.858     0.0137    -1.3025 -9.990e-29
 274.697153      0.875   0.013576    17.4999    -1.7757      0.868     0.0137    -1.3015 -9.990e-29
 274.697159      0.879   0.013576    17.4952    -1.7758      0.872     0.0137    -1.3007 -9.990e-29
 274.697164      0.876   0.013576    17.4922    -1.7760      0.869     0.0137    -1.3001 -9.990e-29
 274.697170      0.876   0.013576    17.4901    -1.7761      0.869     0.0137    -1.2998 -9.990e-29
 274.697176      0.878   0.013577    17.4883    -1.7760      0.871     0.0137    -1.2994 -9.990e-29
 274.697182      0.878   0.013577    17.4856    -1.7760      0.871     0.0137    -1.2990 -9.990e-29
 274.697187      0.877   0.013577    17.4813    -1.7763      0.870     0.0137    -1.2982 -9.990e-29
 274.697193      0.874   0.013577    17.4757    -1.7762      0.867     0.0137    -1.2972 -9.990e-29
 274.697199      0.869   0.013577    17.4700    -1.7764      0.862     0.0137    -1.2962 -9.990e-29
 274.697205      0.862   0.013577    17.4651    -1.7765      0.855     0.0137    -1.2953 -9.990e-29
 274.697211      0.856   0.013578    17.4611    -1.7766      0.849     0.0137    -1.2946 -9.990e-29
 274.697216      0.855   0.013578    17.4580    -1.7766      0.848     0.0137    -1.2940 -9.990e-29
 274.697222      0.860   0.013578    17.4560    -1.7765      0.853     0.0137    -1.2937 -9.990e-29
 274.697228      0.867   0.013578    17.4549    -1.7764      0.860     0.0137    -1.2935 -9.990e-29
 274.697234      0.870   0.013578    17.4537    -1.7765      0.863     0.0137    -1.2932 -9.990e-29
 274.697240      0.876   0.013579    17.4518    -1.7766      0.869     0.0137    -1.2929 -9.990e-29
 274.697245      0.880   0.013579    17.4489    -1.7766      0.873     0.0137    -1.2924 -9.990e-29
 274.697251      0.874   0.013579    17.4456    -1.7767      0.867     0.0137    -1.2918 -9.990e-29
 274.697257      0.866   0.013579    17.4428    -1.7768      0.859     0.0137    -1.2913 -9.990e-29
 274.697263      0.863   0.013579    17.4412    -1.7768      0.856     0.0137    -1.2910 -9.990e-29
 274.697269      0.867   0.013579    17.4415    -1.7771      0.860     0.0137    -1.2911 -9.990e-29
 274.697274      0.876   0.013580    17.4432    -1.7774      0.869     0.0137    -1.2914 -9.990e-29
 274.697280      0.888   0.013580    17.4440    -1.7775      0.881     0.0137    -1.2915 -9.990e-29
 274.697286      0.895   0.013580    17.4429    -1.7778      0.888     0.0137    -1.2913 -9.990e-29
 274.697292      0.897   0.013580    17.4411    -1.7781      0.890     0.0137    -1.2910 -9.990e-29
 274.697297      0.898   0.013580    17.4393    -1.7783      0.891     0.0137    -1.2907 -9.990e-29
 274.697303      0.895   0.013580    17.4369    -1.7781      0.888     0.0137    -1.2902 -9.990e-29
 274.697309      0.886   0.013581    17.4340    -1.7784      0.879     0.0137    -1.2897 -9.990e-29
 274.697315      0.881   0.013581    17.4302    -1.7790      0.874     0.0137    -1.2890 -9.990e-29
 274.697321      0.882   0.013581    17.4248    -1.7794      0.875     0.0137    -1.2881 -9.990e-29
 274.697326      0.891   0.013581    17.4189    -1.7795      0.884     0.0137    -1.2870 -9.990e-29
 274.697332      0.903   0.013581    17.4128    -1.7795      0.895     0.0137    -1.2859 -9.990e-29
 274.697338      0.915   0.013582    17.4061    -1.7795      0.907     0.0137    -1.2848 -9.990e-29
 274.697344      0.927   0.013582    17.3998    -1.7794      0.919     0.0137    -1.2836 -9.990e-29
 274.697350      0.937   0.013582    17.3954    -1.7795      0.929     0.0137    -1.2828 -9.990e-29
 274.697355      0.940   0.013582    17.3917    -1.7797      0.932     0.0137    -1.2822 -9.990e-29
 274.697361      0.941   0.013582    17.3853    -1.7797      0.933     0.0137    -1.2810 -9.990e-29
 274.697367      0.944   0.013583    17.3758    -1.7796      0.936     0.0137    -1.2794 -9.990e-29
 274.697373      0.945   0.013585    17.3671    -1.7798      0.937     0.0137    -1.2778 -9.990e-29
 274.697378      0.940   0.013591    17.3619    -1.7802      0.932     0.0137    -1.2769 -9.990e-29
 274.697384      0.933   0.013606    17.3597    -1.7801      0.925     0.0137    -1.2765 -9.990e-29
 274.697390      0.928   0.013651    17.3592    -1.7797      0.920     0.0137    -1.2764 -9.990e-29
 274.697396      0.924   0.013788    17.3588    -1.5354      0.916     0.0138    -1.2763 -9.990e-29
 274.697402      0.922   0.014198    17.3570    -1.5563      0.914     0.0140    -1.2758 -9.990e-29
 274.697407      0.920   0.015429    17.3541    -1.5618      0.912     0.0145    -1.2748 -9.990e-29
 274.697413      0.920   0.019120    17.3510    -1.5625      0.912     0.0162    -1.2730 -9.990e-29
 274.697419      0.920   0.030193    17.3450    -1.5620      0.912     0.0216    -1.2678 -9.990e-29
 274.697425      0.926   0.063410    17.3295    -1.5633      0.918     0.0386    -1.2519 -9.990e-29
 274.697431      0.941   0.163063    17.2903    -1.5629      0.933     0.0927    -1.2032 -9.990e-29
 274.697436      0.968   0.462021    17.1828    -1.5629      0.960     0.2646    -1.0518 -9.990e-29
 274.697442      1.002   1.358895    16.8651    -1.5620      0.994     0.8161    -0.5720 -9.990e-29
 274.697448      1.043   4.049514    16.2585    -1.5640      1.034     2.6208     0.9174 -9.990e-29
 274.697454      1.092  12.094238    15.6037    -1.5628      1.083     8.6039     5.6099 -9.990e-29
 274.697459      1.149  24.201966    15.1843    -1.5627      1.139    18.4898    13.2503 -9.990e-29
 274.697465      1.213  32.389740    15.0015    -1.5624      1.203    25.5964    18.7359 -9.990e-29
 274.697471      1.287  35.221369    14.9295    -1.5624      1.276    28.1364    20.7024 -9.990e-29
 274.697477      1.374  36.196652    14.8904    -1.5623      1.363    29.0310    21.3984 -9.990e-29
 274.697483      1.468  36.534222    14.8653    -1.5614      1.456    29.3506    21.6495 -9.990e-29
 274.697488      1.564  36.669133    14.8582    -1.5618      1.551    29.4763    21.7477 -9.990e-29
 274.697494      1.647  36.751095    14.8648    -1.5622      1.633    29.5445    21.7988 -9.990e-29
 274.697500      1.703  36.792522    14.8715    -1.5626      1.689    29.5764    21.8219 -9.990e-29
 274.697506      1.738  36.771957    14.8691    -1.5615      1.723    29.5598    21.8097 -9.990e-29
 274.697512      1.761  36.730460    14.8626    -1.5617      1.746    29.5277    21.7863 -9.990e-29
 274.697517      1.779  36.742832    14.8622    -1.5611      1.764    29.5390    21.7951 -9.990e-29
