data/oxygen options/OCNMS/OCNMS1/raw_data/2020/CAST_CA015_200930faed.cnv
* Sea-Bird SBE 19 Data File:
* FileName = C:\2020 Mooring Data\Casts\CAST_CA015_200930.hex
* Software Version SeatermAF 2.1.2
* Temperature SN = 2997
* Conductivity SN = 2997
* System UpLoad Time = Sep 30 2020 21:08:56 (localtime) = Sep 30 2020 21:08:56 (UTC)
** CAST_CA015_200930
* ds
# nquan = 9                                 
# nvalues = 917                         
# units = specified
# name 0 = timeJ: Julian Days
# name 1 = prSM: Pressure, Strain Gauge [db]
# name 2 = c0mS/cm: Conductivity [mS/cm]
# name 3 = t090C: Temperature [ITS-90, deg C]
# name 4 = sbeox0ML/L: Oxygen, SBE 43 [ml/l]
# name 5 = depSM: Depth [salt water, m], lat = 47.5
# name 6 = sal00: Salinity, Practical [PSU]
# name 7 = sigma-é00: Density [sigma-theta, kg/m^3]
# name 8 = flag: flag
# span 0 = 274.846366, 274.851667       
# span 1 =     -5.393,     17.895       
# span 2 =   0.369421,  37.859060       
# span 3 =    13.7480,    16.2887       
# span 4 =    -1.8443,    13.3226       
# span 5 =     -5.348,     17.745       
# span 6 =     0.2174,    31.2496       
# span 7 =    -0.9086,    23.3421       
# span 8 = 0.0000e+00, 0.0000e+00       
# interval = seconds: 0.5
# start_time = Sep 30 2020 20:18:46 [Instrument's time stamp, header]
# bad_flag = -9.990e-29
*END*
[from data line 801]
 274.851001     17.298  37.679568    13.7844     5.4754     17.153    31.2294    23.3191 0.0000e+00
 274.851007     17.149  37.679810    13.7915     5.4709     17.005    31.2239    23.3135 0.0000e+00
 274.851013     16.988  37.679375    13.8041     5.4768     16.846    31.2133    23.3027 0.0000e+00
 274.851019     16.822  37.679904    13.8199     5.4665     16.681    31.2010    23.2901 0.0000e+00
 274.851024     16.653  37.680960    13.8320     5.4686     16.513    31.1922    23.2808 0.0000e+00
 274.851030     16.479  37.681686    13.8348     5.4678     16.341    31.1906    23.2791 0.0000e+00
 274.851036     16.297  37.681909    13.8296     5.4920     16.160    31.1951    23.2836 0.0000e+00
 274.851042     16.109  37.681346    13.8250     5.5127     15.974    31.1984    23.2871 0.0000e+00
 274.851047     15.920  37.680908    13.8280     5.5293     15.787    31.1957    23.2843 0.0000e+00
 274.851053     15.735  37.681668    13.8355     5.5301     15.603    31.1903    23.2787 0.0000e+00
 274.851059     15.555  37.682931    13.8436     5.5253     15.425    31.1850    23.2729 0.0000e+00
 274.851065     15.373  37.684116    13.8542     5.5274     15.244    31.1775    23.2650 0.0000e+00
 274.851071     15.181  37.685098    13.8672     5.5258     15.054    31.1680    23.2550 0.0000e+00
 274.851076     14.989  37.685484    13.8776     5.5401     14.863    31.1600    23.2467 0.0000e+00
 274.851082     14.815  37.685768    13.8830     5.5478     14.691    31.1559    23.2425 0.0000e+00
 274.851088     14.660  37.686308    13.8852     5.5685     14.537    31.1547    23.2411 0.0000e+00
 274.851094     14.511  37.686684    13.8861     5.5797     14.389    31.1544    23.2407 0.0000e+00
 274.851100     14.357  37.686810    13.8871     5.5965     14.237    31.1537    23.2400 0.0000e+00
 274.851105     14.201  37.686832    13.8897     5.6162     14.082    31.1517    23.2379 0.0000e+00
 274.851111     14.048  37.686759    13.8958     5.6197     13.930    31.1467    23.2328 0.0000e+00
 274.851117     13.900  37.686468    13.9050     5.6306     13.784    31.1391    23.2250 0.0000e+00
 274.851123     13.759  37.686111    13.9158     5.6307     13.644    31.1300    23.2159 0.0000e+00
 274.851128     13.622  37.685749    13.9268     5.6058     13.508    31.1209    23.2066 0.0000e+00
 274.851134     13.480  37.684879    13.9371     5.6452     13.367    31.1118    23.1975 0.0000e+00
 274.851140     13.329  37.683439    13.9459     5.6638     13.217    31.1034    23.1892 0.0000e+00
 274.851146     13.170  37.681732    13.9534     5.6651     13.060    31.0958    23.1818 0.0000e+00
 274.851152     13.012  37.679702    13.9609     5.6785     12.903    31.0880    23.1742 0.0000e+00
 274.851157     12.858  37.677427    13.9685     5.6295     12.750    31.0798    23.1664 0.0000e+00
 274.851163     12.701  37.674656    13.9747     5.6410     12.595    31.0723    23.1594 0.0000e+00
 274.851169     12.540  37.671595    13.9790     5.6483     12.435    31.0661    23.1537 0.0000e+00
 274.851175     12.383  37.669190    13.9827     5.6525     12.279    31.0610    23.1490 0.0000e+00
 274.851181     12.231  37.666455    13.9863     5.6786     12.129    31.0556    23.1441 0.0000e+00
 274.851186     12.085  37.663647    13.9899     5.6690     11.984    31.0502    23.1392 0.0000e+00
 274.851192     11.938  37.662045    13.9937     5.6775     11.838    31.0457    23.1349 0.0000e+00
 274.851198     11.787  37.660613    13.9975     5.6792     11.688    31.0414    23.1308 0.0000e+00
 274.851204     11.629  37.659100    14.0017     5.6781     11.532    31.0367    23.1263 0.0000e+00
 274.851209     11.463  37.657148    14.0069     5.6823     11.367    31.0307    23.1207 0.0000e+00
 274.851215     11.292  37.653815    14.0135     5.6818     11.197    31.0224    23.1130 0.0000e+00
 274.851221     11.123  37.648559    14.0219     5.6895     11.030    31.0109    23.1024 0.0000e+00
 274.851227     10.956  37.641081    14.0308     5.6930     10.864    30.9970    23.0898 0.0000e+00
 274.851233     10.790  37.632602    14.0395     5.7172     10.700    30.9823    23.0767 0.0000e+00
 274.851238     10.627  37.624132    14.0480     5.7179     10.538    30.9677    23.0637 0.0000e+00
 274.851244     10.470  37.617256    14.0558     5.7306     10.382    30.9552    23.0525 0.0000e+00
 274.851250     10.313  37.612876    14.0634     5.7461     10.227    30.9452    23.0432 0.0000e+00
 274.851256     10.150  37.608126    14.0726     5.7388     10.065    30.9335    23.0323 0.0000e+00
 274.851262      9.984  37.601708    14.0848     5.7251      9.900    30.9179    23.0178 0.0000e+00
 274.851267      9.818  37.594781    14.1003     5.7100      9.736    30.8992    23.0002 0.0000e+00
 274.851273      9.648  37.588197    14.1160     5.7137      9.567    30.8807    22.9827 0.0000e+00
 274.851279      9.478  37.582897    14.1251     5.7178      9.399    30.8686    22.9715 0.0000e+00
 274.851285      9.312  37.579670    14.1250     5.7343      9.234    30.8658    22.9694 0.0000e+00
 274.851291      9.155  37.578142    14.1210     5.7419      9.078    30.8677    22.9716 0.0000e+00
 274.851296      8.999  37.576840    14.1174     5.7387      8.924    30.8694    22.9737 0.0000e+00
 274.851302      8.836  37.575708    14.1166     5.7413      8.762    30.8691    22.9736 0.0000e+00
 274.851308      8.659  37.575480    14.1229     5.7326      8.587    30.8639    22.9683 0.0000e+00
 274.851314      8.474  37.575852    14.1362     5.6981      8.403    30.8537    22.9577 0.0000e+00
 274.851319      8.290  37.576199    14.1482     5.7297      8.221    30.8445    22.9482 0.0000e+00
 274.851325      8.109  37.576426    14.1543     5.7490      8.041    30.8399    22.9434 0.0000e+00
 274.851331      7.932  37.576840    14.1540     5.7584      7.866    30.8406    22.9440 0.0000e+00
 274.851337      7.761  37.577435    14.1474     5.7657      7.696    30.8464    22.9498 0.0000e+00
 274.851343      7.589  37.578446    14.1385     5.7146      7.526    30.8545    22.9579 0.0000e+00
 274.851348      7.414  37.580100    14.1348     5.7535      7.352    30.8591    22.9621 0.0000e+00
 274.851354      7.241  37.581235    14.1409     5.7818      7.180    30.8553    22.9580 0.0000e+00
 274.851360      7.073  37.581120    14.1500     5.8050      7.014    30.8480    22.9505 0.0000e+00
 274.851366      6.908  37.581284    14.1511     5.8353      6.850    30.8473    22.9497 0.0000e+00
 274.851372      6.739  37.582510    14.1450     5.8265      6.683    30.8534    22.9556 0.0000e+00
 274.851377      6.563  37.583631    14.1425     5.8154      6.508    30.8565    22.9585 0.0000e+00
 274.851383      6.392  37.584460    14.1530     5.8441      6.339    30.8489    22.9505 0.0000e+00
 274.851389      6.232  37.584981    14.1735     5.8898      6.180    30.8330    22.9341 0.0000e+00
 274.851395      6.076  37.584766    14.1911     5.9802      6.025    30.8188    22.9196 0.0000e+00
 274.851400      5.915  37.584093    14.2051     6.0775      5.866    30.8071    22.9077 0.0000e+00
 274.851406      5.743  37.583192    14.2292     6.1721      5.695    30.7871    22.8874 0.0000e+00
 274.851412      5.561  37.582545    14.2764     6.2418      5.515    30.7491    22.8483 0.0000e+00
 274.851418      5.376  37.582974    14.3470     6.2937      5.331    30.6934    22.7909 0.0000e+00
 274.851424      5.197  37.584493    14.4281     6.3461      5.154    30.6307    22.7259 0.0000e+00
 274.851429      5.033  37.586894    14.5014     6.3800      4.991    30.5751    22.6679 0.0000e+00
 274.851435      4.880  37.590590    14.5571     6.4086      4.839    30.5346    22.6252 0.0000e+00
 274.851441      4.718  37.593235    14.6059     6.4150      4.679    30.4988    22.5874 0.0000e+00
 274.851447      4.537  37.593320    14.6568     6.4163      4.499    30.4590    22.5462 0.0000e+00
 274.851453      4.342  37.594333    14.7004     6.4329      4.306    30.4259    22.5116 0.0000e+00
 274.851458      4.148  37.598753    14.7321     6.4666      4.113    30.4052    22.4890 0.0000e+00
 274.851464      3.964  37.606318    14.7579     6.5222      3.931    30.3919    22.4734 0.0000e+00
 274.851470      3.789  37.613663    14.7777     6.5639      3.757    30.3831    22.4625 0.0000e+00
 274.851476      3.618  37.616568    14.7921     6.6217      3.588    30.3746    22.4529 0.0000e+00
 274.851481      3.443  37.615548    14.8098     6.6390      3.414    30.3599    22.4379 0.0000e+00
 274.851487      3.268  37.614294    14.8310     6.6480      3.241    30.3424    22.4199 0.0000e+00
 274.851493      3.097  37.616182    14.8572     6.6511      3.071    30.3237    22.4001 0.0000e+00
 274.851499      2.932  37.623172    14.8905     6.6194      2.908    30.3042    22.3781 0.0000e+00
 274.851505      2.768  37.631132    14.9158     6.6573      2.745    30.2917    22.3632 0.0000e+00
 274.851510      2.594  37.632173    14.9328     6.6738      2.572    30.2796    22.3502 0.0000e+00
 274.851516      2.408  37.628253    14.9536     6.7240      2.388    30.2600    22.3308 0.0000e+00
 274.851522      2.218  37.627048    14.9713     6.7638      2.199    30.2453    22.3157 0.0000e+00
 274.851528      2.035  37.629197    14.9803     6.6997      2.018    30.2403    22.3100 0.0000e+00
 274.851534      1.864  37.631402    14.9890     6.8150      1.848    30.2356    22.3045 0.0000e+00
 274.851539      1.707  37.632681    15.0031     7.7211      1.693    30.2259    22.2941 0.0000e+00
 274.851545      1.557  37.633619    15.0199     7.5947      1.544    30.2138    22.2812 0.0000e+00
 274.851551      1.407  37.632665    15.0371     7.3099      1.395    30.1998    22.2668 0.0000e+00
 274.851557      1.250  37.628549    15.0527     6.7851      1.240    30.1841    22.2514 0.0000e+00
 274.851563      1.093  37.618030    15.0650     6.4076      1.084    30.1653    22.2343 0.0000e+00
 274.851568      0.952  37.582600    15.0750     6.1122      0.944    30.1261    22.2020 -9.990e-29
 274.851574      0.836  37.471661    15.0823     5.9689      0.829    30.0217    22.1202 -9.990e-29
 274.851580      0.741  37.142905    15.0874     5.8251      0.735    29.7253    21.8911 -9.990e-29
 274.851586      0.666  36.168086    15.0920     5.8062      0.660    28.8568    21.2224 -9.990e-29
 274.851591      0.609  33.259220    15.0961     5.8040      0.604    26.2939    19.2523 -9.990e-29
 274.851597      0.568  25.794618    15.0988     5.8077      0.563    19.8713    14.3251 -9.990e-29
 274.851603      0.540  15.472039    15.1000     5.8165      0.535    11.3778     7.8209 -9.990e-29
 274.851609      0.519   8.515329    15.1005     5.8208      0.515     5.9706     3.6792 -9.990e-29
 274.851615      0.499   6.077005    15.1002 -9.990e-29      0.495     4.1587     2.2894 -9.990e-29
 274.851620      0.478   5.404905    15.0996 -9.990e-29      0.474     3.6693     1.9137 -9.990e-29
 274.851626      0.457   4.951102    15.0993 -9.990e-29      0.453     3.3416     1.6620 -9.990e-29
 274.851632      0.436   4.387424    15.0991 -9.990e-29      0.432     2.9379     1.3518 -9.990e-29
 274.851638      0.420   4.138934    15.0987 -9.990e-29      0.416     2.7612     1.2160 -9.990e-29
 274.851644      0.403   4.193513    15.0981 -9.990e-29      0.400     2.8000     1.2459 -9.990e-29
 274.851649      0.385   4.004666    15.0970 -9.990e-29      0.382     2.6662     1.1432 -9.990e-29
 274.851655      0.372   3.527382    15.0960 -9.990e-29      0.369     2.3301     0.8848 -9.990e-29
 274.851661      0.367   3.054979    15.0956 -9.990e-29      0.364     2.0007     0.6314 -9.990e-29
 274.851667      0.367   2.681487 -9.990e-29 -9.990e-29      0.364 -9.990e-29 -9.990e-29 -9.990e-29
