data/oxygen options/OCNMS/OCNMS1/raw_data/2020/CAST_CA042_200804faed.cnv
* Sea-Bird SBE 19 Data File:
* FileName = C:\2020 Mooring Data\Casts\CAST_CA042_200804.hex
* Software Version SeatermAF 2.1.2
* Temperature SN = 2997
* Conductivity SN = 2997
* System UpLoad Time = Aug 04 2020 18:15:11 (localtime) = Aug 04 2020 18:15:11 (UTC)
* ds
* SEACAT PROFILER V3.1c SN 2997   08/04/20  18:14:25.755
# nquan = 9                                 
# nvalues = 1136                        
# units = specified
# name 0 = timeJ: Julian Days
# name 1 = prSM: Pressure, Strain Gauge [db]
# name 2 = c0mS/cm: Conductivity [mS/cm]
# name 3 = t090C: Temperature [ITS-90, deg C]
# name 4 = sbeox0ML/L: Oxygen, SBE 43 [ml/l]
# name 5 = depSM: Depth [salt water, m], lat = 47.5
# name 6 = sal00: Salinity, Practical [PSU]
# name 7 = sigma-é00: Density [sigma-theta, kg/m^3]
# name 8 = flag: flag
# span 0 = 217.752257, 217.758825       
# span 1 =     -5.317,     42.458       
# span 2 =   0.359120,  38.995776       
# span 3 =     7.5130,    15.6325       
# span 4 =    -1.8706,    13.5915       
# span 5 =     -5.273,     42.099       
# span 6 =     0.2123,    33.2973       
# span 7 =    -0.8316,    26.0073       
# span 8 = 0.0000e+00, 0.0000e+00       
# interval = seconds: 0.5
# start_time = Aug 04 2020 18:03:15 [Instrument's time stamp, header]
# bad_flag = -9.990e-29
*END*
[from data line 961]
 217.757818     33.845  34.160977     7.6722     4.1516     33.560    33.0978    25.8278 0.0000e+00
 217.757824     33.621  34.160531     7.6755     4.1611     33.338    33.0943    25.8246 0.0000e+00
 217.757830     33.395  34.160596     7.6811     4.1475     33.114    33.0892    25.8198 0.0000e+00
 217.757836     33.171  34.161262     7.6877     4.1507     32.892    33.0837    25.8145 0.0000e+00
 217.757841     32.951  34.162673     7.6937     4.1604     32.673    33.0796    25.8105 0.0000e+00
 217.757847     32.739  34.164481     7.6980     4.1409     32.463    33.0776    25.8082 0.0000e+00
 217.757853     32.534  34.166158     7.7007     4.1558     32.260    33.0769    25.8073 0.0000e+00
 217.757859     32.331  34.167217     7.7026     4.1510     32.059    33.0764    25.8066 0.0000e+00
 217.757865     32.127  34.167279     7.7047     4.1374     31.856    33.0745    25.8049 0.0000e+00
 217.757870     31.916  34.167056     7.7083     4.1474     31.647    33.0710    25.8016 0.0000e+00
 217.757876     31.699  34.168003     7.7141     4.1397     31.432    33.0666    25.7973 0.0000e+00
 217.757882     31.478  34.170891     7.7216     4.1404     31.213    33.0627    25.7931 0.0000e+00
 217.757888     31.257  34.175719     7.7300     4.1504     30.994    33.0600    25.7898 0.0000e+00
 217.757894     31.034  34.180594     7.7374     4.1390     30.773    33.0583    25.7874 0.0000e+00
 217.757899     30.804  34.183124     7.7420     4.1451     30.545    33.0568    25.7856 0.0000e+00
 217.757905     30.565  34.183393     7.7444     4.1537     30.308    33.0549    25.7837 0.0000e+00
 217.757911     30.319  34.182951     7.7473     4.1355     30.064    33.0518    25.7809 0.0000e+00
 217.757917     30.068  34.183518     7.7519     4.0804     29.815    33.0481    25.7774 0.0000e+00
 217.757922     29.816  34.186481     7.7587     4.1187     29.565    33.0450    25.7739 0.0000e+00
 217.757928     29.575  34.191941     7.7686     4.1233     29.326    33.0416    25.7698 0.0000e+00
 217.757934     29.344  34.198846     7.7797     4.1570     29.097    33.0386    25.7659 0.0000e+00
 217.757940     29.119  34.205269     7.7891     4.1611     28.874    33.0366    25.7630 0.0000e+00
 217.757946     28.893  34.209763     7.7963     4.0880     28.650    33.0347    25.7605 0.0000e+00
 217.757951     28.661  34.212229     7.8013     4.1279     28.420    33.0328    25.7582 0.0000e+00
 217.757957     28.421  34.212105     7.8066     4.1343     28.182    33.0277    25.7535 0.0000e+00
 217.757963     28.175  34.211535     7.8175     4.1480     27.938    33.0169    25.7434 0.0000e+00
 217.757969     27.923  34.214874     7.8334     4.1490     27.688    33.0055    25.7322 0.0000e+00
 217.757975     27.668  34.222722     7.8497     4.1079     27.435    32.9987    25.7244 0.0000e+00
 217.757980     27.411  34.234411     7.8671     4.1216     27.180    32.9948    25.7189 0.0000e+00
 217.757986     27.156  34.249353     7.8875     4.1341     26.928    32.9917    25.7135 0.0000e+00
 217.757992     26.912  34.264576     7.9081     4.1563     26.686    32.9886    25.7081 0.0000e+00
 217.757998     26.681  34.276921     7.9236     4.2008     26.457    32.9873    25.7048 0.0000e+00
 217.758003     26.458  34.284995     7.9331     4.2295     26.236    32.9870    25.7032 0.0000e+00
 217.758009     26.237  34.288431     7.9433     4.2575     26.016    32.9812    25.6972 0.0000e+00
 217.758015     26.011  34.291324     7.9677     4.3017     25.792    32.9613    25.6781 0.0000e+00
 217.758021     25.781  34.304323     8.0164     4.3395     25.564    32.9294    25.6459 0.0000e+00
 217.758027     25.547  34.340911     8.0892     4.4115     25.332    32.9001    25.6122 0.0000e+00
 217.758032     25.313  34.401202     8.1812     4.4739     25.100    32.8779    25.5814 0.0000e+00
 217.758038     25.080  34.466504     8.2827     4.5767     24.869    32.8522    25.5462 0.0000e+00
 217.758044     24.852  34.521445     8.3748     4.7070     24.643    32.8244    25.5107 0.0000e+00
 217.758050     24.625  34.559249     8.4549     4.8436     24.418    32.7898    25.4715 0.0000e+00
 217.758056     24.395  34.581109     8.5665     5.0029     24.190    32.7093    25.3916 0.0000e+00
 217.758061     24.160  34.612895     8.7353     5.1108     23.957    32.5868    25.2701 0.0000e+00
 217.758067     23.922  34.680260     8.9153     5.1807     23.721    32.4920    25.1682 0.0000e+00
 217.758073     23.682  34.774505     9.0686     5.2209     23.483    32.4499    25.1115 0.0000e+00
 217.758079     23.443  34.881326     9.2044     5.2168     23.246    32.4369    25.0801 0.0000e+00
 217.758084     23.207  34.989181     9.3306     5.2291     23.012    32.4336    25.0575 0.0000e+00
 217.758090     22.976  35.072767     9.4338     5.2262     22.783    32.4261    25.0352 0.0000e+00
 217.758096     22.752  35.118119     9.4990     5.2213     22.561    32.4137    25.0151 0.0000e+00
 217.758102     22.534  35.135375     9.5270     5.1802     22.345    32.4062    25.0048 0.0000e+00
 217.758108     22.316  35.135304     9.5296     5.1904     22.129    32.4039    25.0025 0.0000e+00
 217.758113     22.097  35.125180     9.5244     5.1932     21.911    32.3983    24.9990 0.0000e+00
 217.758119     21.877  35.117351     9.5286     5.1942     21.693    32.3866    24.9892 0.0000e+00
 217.758125     21.651  35.122181     9.5487     5.1963     21.469    32.3735    24.9757 0.0000e+00
 217.758131     21.416  35.142816     9.5796     5.1301     21.236    32.3668    24.9655 0.0000e+00
 217.758137     21.174  35.172102     9.6103     5.1578     20.996    32.3692    24.9624 0.0000e+00
 217.758142     20.928  35.196498     9.6301     5.1728     20.752    32.3764    24.9648 0.0000e+00
 217.758148     20.678  35.209388     9.6376     5.1843     20.504    32.3829    24.9687 0.0000e+00
 217.758154     20.432  35.214591     9.6382     5.1952     20.260    32.3878    24.9724 0.0000e+00
 217.758160     20.193  35.214078     9.6379     5.1912     20.023    32.3877    24.9724 0.0000e+00
 217.758166     19.960  35.207798     9.6414     5.2083     19.792    32.3782    24.9644 0.0000e+00
 217.758171     19.727  35.203698     9.6501     5.2328     19.561    32.3663    24.9537 0.0000e+00
 217.758177     19.487  35.207589     9.6623     5.2337     19.323    32.3594    24.9463 0.0000e+00
 217.758183     19.242  35.218007     9.6772     5.2332     19.081    32.3567    24.9418 0.0000e+00
 217.758189     18.999  35.232667     9.6961     5.2580     18.840    32.3548    24.9372 0.0000e+00
 217.758194     18.754  35.248218     9.7194     5.2784     18.597    32.3498    24.9295 0.0000e+00
 217.758200     18.504  35.263620     9.7471     5.3185     18.349    32.3407    24.9179 0.0000e+00
 217.758206     18.252  35.282675     9.7786     5.3612     18.099    32.3319    24.9059 0.0000e+00
 217.758212     17.997  35.306213     9.8094     5.4159     17.846    32.3283    24.8981 0.0000e+00
 217.758218     17.742  35.325353     9.8458     5.4965     17.593    32.3152    24.8819 0.0000e+00
 217.758223     17.486  35.336560     9.9133     5.5405     17.339    32.2663    24.8326 0.0000e+00
 217.758229     17.231  35.361014    10.0165     5.5757     17.086    32.1990    24.7631 0.0000e+00
 217.758235     16.974  35.414029    10.1215     5.5910     16.832    32.1593    24.7147 0.0000e+00
 217.758241     16.706  35.488491    10.2127     5.5836     16.566    32.1535    24.6950 0.0000e+00
 217.758247     16.424  35.579558    10.3049     5.6021     16.286    32.1635    24.6873 0.0000e+00
 217.758252     16.126  35.670347    10.3946     5.5979     15.991    32.1753    24.6813 0.0000e+00
 217.758258     15.811  35.737994    10.4616     5.6102     15.678    32.1839    24.6767 0.0000e+00
 217.758264     15.476  35.776406    10.4997     5.6057     15.346    32.1888    24.6740 0.0000e+00
 217.758270     15.121  35.787580    10.5189     5.6044     14.994    32.1832    24.6663 0.0000e+00
 217.758275     14.750  35.782579    10.5321     5.6031     14.626    32.1667    24.6512 0.0000e+00
 217.758281     14.363  35.781709    10.5442     5.5954     14.243    32.1553    24.6403 0.0000e+00
 217.758287     13.967  35.796211    10.5600     5.5926     13.850    32.1560    24.6381 0.0000e+00
 217.758293     13.575  35.818043    10.5839     5.6062     13.461    32.1569    24.6347 0.0000e+00
 217.758299     13.205  35.837167    10.6102     5.6198     13.094    32.1529    24.6271 0.0000e+00
 217.758304     12.863  35.851141    10.6297     5.6086     12.755    32.1498    24.6214 0.0000e+00
 217.758310     12.541  35.860187    10.6415     5.6115     12.436    32.1486    24.6184 0.0000e+00
 217.758316     12.230  35.868041    10.6510     5.5912     12.128    32.1482    24.6164 0.0000e+00
 217.758322     11.929  35.877966    10.6584     5.6607     11.829    32.1517    24.6179 0.0000e+00
 217.758328     11.634  35.885340    10.6624     5.7584     11.537    32.1556    24.6202 0.0000e+00
 217.758333     11.345  35.883262    10.6680     5.8599     11.250    32.1487    24.6139 0.0000e+00
 217.758339     11.061  35.879123    10.6866     5.9560     10.968    32.1284    24.5948 0.0000e+00
 217.758345     10.779  35.894934    10.7347     5.9731     10.689    32.1020    24.5660 0.0000e+00
 217.758351     10.501  35.932236    10.8276     5.9476     10.413    32.0576    24.5154 0.0000e+00
 217.758356     10.224  35.986490    10.9675     5.9482     10.138    31.9892    24.4378 0.0000e+00
 217.758362      9.948  36.079683    11.1337     5.9627      9.865    31.9367    24.3677 0.0000e+00
 217.758368      9.674  36.204480    11.3005     6.0404      9.593    31.9148    24.3211 0.0000e+00
 217.758374      9.405  36.329010    11.4452     6.1442      9.326    31.9116    24.2928 0.0000e+00
 217.758380      9.145  36.421050    11.5266     6.2967      9.068    31.9313    24.2935 0.0000e+00
 217.758385      8.887  36.447081    11.5295     6.5028      8.813    31.9543    24.3108 0.0000e+00
 217.758391      8.618  36.427904    11.5323     6.6324      8.546    31.9333    24.2940 0.0000e+00
 217.758397      8.334  36.427137    11.6203     6.7013      8.264    31.8569    24.2187 0.0000e+00
 217.758403      8.051  36.485852    11.7737     6.7339      7.984    31.7825    24.1331 0.0000e+00
 217.758409      7.791  36.629167    11.9508     6.7248      7.726    31.7699    24.0908 0.0000e+00
 217.758414      7.543  36.873982    12.1726     6.7155      7.480    31.8167    24.0859 0.0000e+00
 217.758420      7.299  37.132678    12.4334     6.7341      7.238    31.8427    24.0571 0.0000e+00
 217.758426      7.058  37.307550    12.6603     6.7731      6.999    31.8172    23.9942 0.0000e+00
 217.758432      6.819  37.424511    12.7953     6.8175      6.762    31.8143    23.9659 0.0000e+00
 217.758438      6.574  37.483265    12.8527     6.8568      6.519    31.8216    23.9605 0.0000e+00
 217.758443      6.322  37.454662    12.9124     6.8386      6.269    31.7445    23.8893 0.0000e+00
 217.758449      6.067  37.423405    13.0152     6.8028      6.016    31.6291    23.7801 0.0000e+00
 217.758455      5.820  37.473437    13.1284     6.7774      5.771    31.5819    23.7214 0.0000e+00
 217.758461      5.580  37.574591    13.2411     6.7555      5.533    31.5830    23.7002 0.0000e+00
 217.758466      5.347  37.684170    13.3516     6.7779      5.302    31.5938    23.6867 0.0000e+00
 217.758472      5.118  37.783594    13.4376     6.7992      5.075    31.6152    23.6862 0.0000e+00
 217.758478      4.882  37.853633    13.4927     6.8306      4.841    31.6348    23.6904 0.0000e+00
 217.758484      4.634  37.877912    13.5207     6.8644      4.595    31.6343    23.6844 0.0000e+00
 217.758490      4.375  37.854147    13.5359     6.8840      4.338    31.5998    23.6547 0.0000e+00
 217.758495      4.105  37.822479    13.5663     6.9063      4.071    31.5454    23.6066 0.0000e+00
 217.758501      3.828  37.830445    13.6187     6.8509      3.796    31.5096    23.5685 0.0000e+00
 217.758507      3.558  37.878094    13.6820     6.8523      3.528    31.5018    23.5497 0.0000e+00
 217.758513      3.306  37.952816    13.7511     6.8485      3.278    31.5142    23.5454 0.0000e+00
 217.758519      3.078  38.042788    13.8206     6.8516      3.052    31.5402    23.5514 0.0000e+00
 217.758524      2.873  38.119529    13.8826     6.8130      2.849    31.5601    23.5542 0.0000e+00
 217.758530      2.681  38.168305    13.9353     6.7650      2.659    31.5618    23.5448 0.0000e+00
 217.758536      2.492  38.193133    13.9740     7.8718      2.471    31.5529    23.5301 0.0000e+00
 217.758542      2.295  38.203062    13.9934     7.7950      2.276    31.5462    23.5210 0.0000e+00
 217.758547      2.093  38.202399    14.0073     7.4405      2.076    31.5343    23.5089 0.0000e+00
 217.758553      1.890  38.191967    14.0414     7.0278      1.874    31.4969    23.4731 0.0000e+00
 217.758559      1.689  38.177487    14.0924     6.5934      1.675    31.4420    23.4203 0.0000e+00
 217.758565      1.495  38.149181    14.1266     6.2870      1.483    31.3883    23.3719 0.0000e+00
 217.758571      1.317  38.044649    14.1271     6.0988      1.306    31.2923    23.2977 0.0000e+00
 217.758576      1.165  37.716122    14.1046     5.9953      1.155    31.0099    23.0845 0.0000e+00
 217.758582      1.038  36.783870    14.0716     5.9512      1.029    30.1849    22.4549 -9.990e-29
 217.758588      0.933  34.086722    14.0330     5.9573      0.925    27.7674    20.5993 -9.990e-29
 217.758594      0.850  26.661761    13.9891     5.9760      0.843    21.2010    15.5544 -9.990e-29
 217.758600      0.790  15.864069    13.9411     5.9886      0.783    12.0432     8.5283 -9.990e-29
 217.758605      0.748   8.712811    13.8923     5.9812      0.742     6.3115     4.1324 -9.990e-29
 217.758611      0.722   6.495340    13.8467     6.0038      0.716     4.6110     2.8306 -9.990e-29
 217.758617      0.706   5.750810    13.8083     6.0044      0.700     4.0520     2.4056 -9.990e-29
 217.758623      0.689   5.173936    13.7782     6.0401      0.683     3.6223     2.0788 -9.990e-29
 217.758628      0.672   4.698742    13.7538     6.0568      0.666     3.2708     1.8112 -9.990e-29
 217.758634      0.661   4.490768    13.7319     6.0690      0.655     3.1185     1.6969 -9.990e-29
 217.758640      0.657   4.553680    13.7108     6.0734      0.652     3.1668     1.7372 -9.990e-29
 217.758646      0.649   4.614901    13.6905     6.0836      0.644     3.2139     1.7764 -9.990e-29
 217.758652      0.638   4.481216    13.6724     6.0877      0.633     3.1163     1.7036 -9.990e-29
 217.758657      0.631   4.320280    13.6581     6.0602      0.626     2.9984     1.6147 -9.990e-29
 217.758663      0.632   4.388328    13.6480     6.0564      0.627     3.0494     1.6555 -9.990e-29
 217.758669      0.638   4.577317    13.6412     6.0800      0.633     3.1900     1.7650 -9.990e-29
 217.758675      0.639   4.646207    13.6356     6.0735      0.634     3.2417     1.8056 -9.990e-29
 217.758681      0.637   4.558603    13.6292     6.0830      0.632     3.1771     1.7567 -9.990e-29
 217.758686      0.634   4.315973    13.6215     6.0321      0.629     2.9980     1.6196 -9.990e-29
 217.758692      0.631   3.987897    13.6127     6.0849      0.626     2.7568     1.4346 -9.990e-29
 217.758698      0.628   3.682102    13.6027     6.0944      0.623     2.5334     1.2635 -9.990e-29
 217.758704      0.625   3.419906    13.5917     6.0977      0.620     2.3430     1.1179 -9.990e-29
 217.758709      0.625   3.286208    13.5805     6.1256      0.620     2.2466     1.0450 -9.990e-29
 217.758715      0.633   3.477822    13.5700     6.0549      0.628     2.3865     1.1545 -9.990e-29
 217.758721      0.645   3.948867    13.5614     6.1040      0.640     2.7318     1.4224 -9.990e-29
 217.758727      0.654   4.285653    13.5552     6.1141      0.649     2.9807     1.6155 -9.990e-29
 217.758733      0.655   4.322789    13.5505     6.1352      0.650     3.0086     1.6377 -9.990e-29
