data/oxygen options/OCNMS/OCNMS1/raw_data/2020/CAST_MB042_200910faedb.cnv
* Sea-Bird SBE 19 Data File:
* FileName = C:\2020 Mooring Data\Casts\CAST_MB042_200910.hex
* Software Version SeatermAF 2.1.2
* Temperature SN = 2997
* Conductivity SN = 2997
* System UpLoad Time = Sep 10 2020 20:28:07 (localtime) = Sep 10 2020 20:28:07 (UTC)
** CAST_MB042_200910
* ds
# nquan = 9
# nvalues = 41                          
# units = specified
# name 0 = timeJ: Julian Days
# name 1 = prSM: Pressure, Strain Gauge [db]
# name 2 = c0mS/cm: Conductivity [mS/cm]
# name 3 = t090C: Temperature [ITS-90, deg C]
# name 4 = sbeox0ML/L: Oxygen, SBE 43 [ml/l]
# name 5 = depSM: Depth [salt water, m], lat = 47.5
# name 6 = sal00: Salinity, Practical [PSU]
# name 7 = sigma-é00: Density [sigma-theta, kg/m^3]
# name 8 = flag: flag
# span 0 = 254.782582, 254.783157       
# span 1 =      2.000,     42.000       
# span 2 =  34.538522,  35.733895       
# span 3 =     7.7669,    10.0194       
# span 4 =     3.1672,     5.1544       
# span 5 =      1.983,     41.645       
# span 6 =    32.5804,    33.5129       
# span 7 =    25.0602,    26.1405       
# span 8 = 0.0000e+00, 0.0000e+00       
# interval = decibars: 1                
# start_time = Sep 10 2020 18:34:47 [Instrument's time stamp, header]
# bad_flag = -9.990e-29
*END*
 254.782582      2.000  35.733895    10.0194     4.2325      1.983    32.5804    25.0602 0.0000e+00
 254.782601      3.000  35.375123     9.4336     4.5691      2.975    32.7459    25.2849 0.0000e+00
 254.782614      4.000  35.232063     9.2339     5.0697      3.967    32.7810    25.3442 0.0000e+00
 254.782623      5.000  35.225499     9.2251     5.1544      4.958    32.7819    25.3463 0.0000e+00
 254.782633      6.000  35.304846     9.2861     4.9710      5.950    32.8074    25.3565 0.0000e+00
 254.782642      7.000  35.421798     9.3329     4.6854      6.941    32.8846    25.4095 0.0000e+00
 254.782651      8.000  35.431055     9.2649     4.5727      7.933    32.9565    25.4765 0.0000e+00
 254.782661      9.000  35.350501     9.1411     4.5849      8.925    32.9870    25.5200 0.0000e+00
 254.782671     10.000  35.230079     9.0256     4.6235      9.916    32.9685    25.5238 0.0000e+00
 254.782680     11.000  35.165717     8.9753     4.5241     10.908    32.9478    25.5155 0.0000e+00
 254.782690     12.000  35.149498     8.9539     4.3374     11.899    32.9503    25.5207 0.0000e+00
 254.782701     13.000  35.140649     8.9214     4.0789     12.891    32.9707    25.5418 0.0000e+00
 254.782710     14.000  35.080785     8.8202     3.9014     13.883    33.0019    25.5820 0.0000e+00
 254.782720     15.000  34.951861     8.6558     3.8689     14.874    33.0197    25.6211 0.0000e+00
 254.782729     16.000  34.790763     8.4664     3.9053     15.866    33.0270    25.6557 0.0000e+00
 254.782739     17.000  34.668278     8.2800     3.9341     16.857    33.0722    25.7190 0.0000e+00
 254.782750     18.000  34.556019     8.1435     4.0551     17.849    33.0812    25.7462 0.0000e+00
 254.782761     19.000  34.538522     8.1202     4.1231     18.840    33.0841    25.7520 0.0000e+00
 254.782774     20.000  34.629435     8.1826     4.1182     19.832    33.1213    25.7720 0.0000e+00
 254.782787     21.000  34.730009     8.2250     4.0734     20.824    33.1877    25.8178 0.0000e+00
 254.782803     22.000  34.740706     8.2102     4.0328     21.815    33.2126    25.8396 0.0000e+00
 254.782819     23.000  34.725123     8.1746     3.9829     22.807    33.2293    25.8579 0.0000e+00
 254.782835     24.000  34.711305     8.1514     3.9409     23.798    33.2361    25.8668 0.0000e+00
 254.782852     25.000  34.702099     8.1287     3.8823     24.790    33.2473    25.8789 0.0000e+00
 254.782868     26.000  34.699484     8.1102     3.7943     25.781    33.2616    25.8929 0.0000e+00
 254.782885     27.000  34.700650     8.0900     3.7105     26.773    33.2816    25.9116 0.0000e+00
 254.782902     28.000  34.698727     8.0429     3.6367     27.765    33.3239    25.9517 0.0000e+00
 254.782918     29.000  34.647398     7.9509     3.5885     28.755    33.3563    25.9906 0.0000e+00
 254.782934     30.000  34.606581     7.8883     3.5916     29.748    33.3719    26.0121 0.0000e+00
 254.782952     31.000  34.603596     7.8792     3.5266     30.739    33.3769    26.0173 0.0000e+00
 254.782972     32.000  34.615507     7.8773     3.4550     31.730    33.3910    26.0287 0.0000e+00
 254.782989     33.000  34.636564     7.8732     3.4063     32.722    33.4170    26.0497 0.0000e+00
 254.783005     34.000  34.647473     7.8720     3.3801     33.714    33.4295    26.0596 0.0000e+00
 254.783022     35.000  34.652875     7.8670     3.3199     34.705    33.4395    26.0683 0.0000e+00
 254.783039     36.000  34.654114     7.8514     3.2617     35.697    33.4553    26.0830 0.0000e+00
 254.783057     37.000  34.649041     7.8209     3.1967     36.688    33.4787    26.1058 0.0000e+00
 254.783075     38.000  34.643109     7.7976     3.1787     37.679    33.4942    26.1214 0.0000e+00
 254.783093     39.000  34.636891     7.7774     3.1775     38.671    33.5065    26.1339 0.0000e+00
 254.783113     40.000  34.634377     7.7701     3.1672     39.662    33.5103    26.1381 0.0000e+00
 254.783133     41.000  34.634383     7.7669     3.1795     40.654    33.5129    26.1405 0.0000e+00
 254.783157     42.000  34.634664     7.7670     3.1945     41.645    33.5126    26.1403 0.0000e+00
