data/oxygen options/OCNMS/OCNMS1/raw_data/2018/CAST_KL027_180924faed.cnv
* Sea-Bird SBE 19 Data File:
* FileName = C:\2018 Mooring Data\Casts\CAST_KL027_180924.hex
* Software Version SeatermAF 2.1.2
* Temperature SN = 2997
* Conductivity SN = 2997
* System UpLoad Time = Sep 24 2018 20:23:39 (localtime) = Sep 24 2018 20:23:39 (UTC)
** CAST_KL027_180924
* ds
# nquan = 9                                 
# nvalues = 1004                        
# units = specified
# name 0 = timeJ: Julian Days
# name 1 = prSM: Pressure, Strain Gauge [db]
# name 2 = c0mS/cm: Conductivity [mS/cm]
# name 3 = t090C: Temperature [ITS-90, deg C]
# name 4 = sbeox0ML/L: Oxygen, SBE 43 [ml/l]
# name 5 = depSM: Depth [salt water, m], lat = 47.5
# name 6 = sal00: Salinity, Practical [PSU]
# name 7 = sigma-é00: Density [sigma-theta, kg/m^3]
# name 8 = flag: flag
# span 0 = 267.820185, 267.825990       
# span 1 =     -5.275,     29.304       
# span 2 =   0.579791,  38.773459       
# span 3 =    11.7339,    15.6568       
# span 4 =   -11.7582,    15.5971       
# span 5 =     -5.231,     29.057       
# span 6 =     0.3532,    32.9653       
# span 7 =    -0.6654,    25.0559       
# span 8 = 0.0000e+00, 0.0000e+00       
# interval = seconds: 0.5
# start_time = Sep 24 2018 19:41:04 [Instrument's time stamp, header]
# bad_flag = -9.990e-29
*END*
[from data line 641]
 267.823895      0.788  36.469333    15.5199     4.5461      0.781    28.8084    21.0948 -9.990e-29
 267.823900      0.794  36.470054    15.5225     4.7035      0.787    28.8072    21.0932 -9.990e-29
 267.823906      0.800  36.471503    15.5260     4.9161      0.793    28.8059    21.0915 -9.990e-29
 267.823912      0.799  36.472252    15.5312     5.0939      0.792    28.8027    21.0880 -9.990e-29
 267.823918      0.789  36.472738    15.5357     5.1631      0.782    28.7999    21.0848 -9.990e-29
 267.823924      0.780  36.473048    15.5393     5.1508      0.773    28.7975    21.0823 -9.990e-29
 267.823929      0.774  36.472475    15.5405     5.1931      0.768    28.7962    21.0809 -9.990e-29
 267.823935      0.772  36.472493    15.5376     5.3073      0.766    28.7983    21.0832 -9.990e-29
 267.823941      0.773  36.474807    15.5363     5.4041      0.767    28.8013    21.0858 -9.990e-29
 267.823947      0.778  36.477463    15.5403     5.4095      0.772    28.8007    21.0845 -9.990e-29
 267.823953      0.782  36.478398    15.5443     5.3201      0.775    28.7986    21.0820 -9.990e-29
 267.823958      0.781  36.478856    15.5417     5.1803      0.774    28.8009    21.0843 -9.990e-29
 267.823964      0.780  36.480569    15.5277     5.0446      0.773    28.8126    21.0963 -9.990e-29
 267.823970      0.783  36.483018    15.5088     4.9305      0.776    28.8285    21.1126 -9.990e-29
 267.823976      0.790  36.484429    15.5015     4.8472      0.783    28.8351    21.1192 -9.990e-29
 267.823981      0.797  36.483878    15.5074     4.7948      0.790    28.8303    21.1142 -9.990e-29
 267.823987      0.795  36.481744    15.5147     4.7833      0.788    28.8231    21.1072 -9.990e-29
 267.823993      0.786  36.480778    15.5194     4.7755      0.779    28.8188    21.1029 -9.990e-29
 267.823999      0.777  36.481933    15.5243     4.7616      0.771    28.8163    21.0998 -9.990e-29
 267.824005      0.772  36.482832    15.5289     4.7330      0.766    28.8137    21.0969 -9.990e-29
 267.824010      0.769  36.482992    15.5309     4.6935      0.763    28.8124    21.0955 -9.990e-29
 267.824016      0.770  36.482624    15.5316     4.6636      0.764    28.8115    21.0947 -9.990e-29
 267.824022      0.774  36.481238    15.5341     4.6432      0.768    28.8085    21.0918 -9.990e-29
 267.824028      0.781  36.479786    15.5388     4.6522      0.774    28.8038    21.0872 -9.990e-29
 267.824034      0.792  36.479688    15.5428     4.7094      0.785    28.8008    21.0840 -9.990e-29
 267.824039      0.804  36.480814    15.5447     4.8107      0.797    28.8004    21.0833 -9.990e-29
 267.824045      0.808  36.481865    15.5456     4.9183      0.801    28.8006    21.0833 -9.990e-29
 267.824051      0.804  36.482561    15.5474     5.0072      0.797    28.7999    21.0824 -9.990e-29
 267.824057      0.802  36.483269    15.5493     5.0623      0.795    28.7992    21.0814 -9.990e-29
 267.824063      0.805  36.483250    15.5481     5.0597      0.798    28.8000    21.0823 -9.990e-29
 267.824068      0.809  36.483039    15.5432     5.0133      0.802    28.8034    21.0860 -9.990e-29
 267.824074      0.810  36.484594    15.5382     4.9473      0.803    28.8084    21.0909 -9.990e-29
 267.824080      0.813  36.486627    15.5368     4.8702      0.806    28.8112    21.0933 -9.990e-29
 267.824086      0.817  36.486807    15.5394     4.8196      0.810    28.8095    21.0914 -9.990e-29
 267.824091      0.819  36.485929    15.5432     4.8006      0.812    28.8060    21.0879 -9.990e-29
 267.824097      0.819  36.485623    15.5446     4.8323      0.812    28.8047    21.0866 -9.990e-29
 267.824103      0.816  36.486037    15.5416     4.9435      0.809    28.8072    21.0892 -9.990e-29
 267.824109      0.815  36.486043    15.5344     5.0884      0.808    28.8125    21.0948 -9.990e-29
 267.824115      0.820  36.485649    15.5271     5.1996      0.813    28.8175    21.1002 -9.990e-29
 267.824120      0.831  36.486010    15.5248     5.2363      0.824    28.8195    21.1022 -9.990e-29
 267.824126      0.845  36.486482    15.5285     5.1793      0.838    28.8172    21.0996 -9.990e-29
 267.824132      0.854  36.486012    15.5341     5.0993      0.847    28.8127    21.0950 -9.990e-29
 267.824138      0.859  36.485651    15.5381     5.0375      0.852    28.8094    21.0916 -9.990e-29
 267.824144      0.868  36.487158    15.5405     5.0039      0.861    28.8090    21.0908 -9.990e-29
 267.824149      0.883  36.489183    15.5419     4.9941      0.876    28.8097    21.0911 -9.990e-29
 267.824155      0.895  36.489384    15.5428     4.9866      0.888    28.8093    21.0905 -9.990e-29
 267.824161      0.900  36.489146    15.5434     4.9672      0.892    28.8086    21.0899 -9.990e-29
 267.824167      0.900  36.489831    15.5434     4.9573      0.892    28.8092    21.0903 -9.990e-29
 267.824172      0.895  36.490671    15.5435     4.9303      0.888    28.8099    21.0908 -9.990e-29
 267.824178      0.887  36.490544    15.5446     4.8832      0.880    28.8090    21.0899 -9.990e-29
 267.824184      0.882  36.489840    15.5461     4.8350      0.875    28.8072    21.0883 -9.990e-29
 267.824190      0.878  36.489861    15.5471     4.7920      0.871    28.8065    21.0875 -9.990e-29
 267.824196      0.880  36.490073    15.5472     4.7756      0.873    28.8067    21.0876 -9.990e-29
 267.824201      0.888  36.490198    15.5466     4.7699      0.881    28.8072    21.0881 -9.990e-29
 267.824207      0.894  36.490400    15.5451     4.7496      0.887    28.8085    21.0894 -9.990e-29
 267.824213      0.898  36.490386    15.5430     4.7215      0.891    28.8100    21.0910 -9.990e-29
 267.824219      0.905  36.490696    15.5429     4.6877      0.897    28.8103    21.0913 -9.990e-29
 267.824225      0.911  36.491183    15.5448     4.6563      0.903    28.8094    21.0902 -9.990e-29
 267.824230      0.912  36.490812    15.5452     4.6375      0.904    28.8087    21.0896 -9.990e-29
 267.824236      0.907  36.489649    15.5424     4.6520      0.899    28.8098    21.0910 -9.990e-29
 267.824242      0.902  36.488942    15.5389     4.7377      0.894    28.8117    21.0932 -9.990e-29
 267.824248      0.904  36.489428    15.5377     4.8483      0.896    28.8130    21.0945 -9.990e-29
 267.824253      0.914  36.490072    15.5395     4.9203      0.906    28.8123    21.0935 -9.990e-29
 267.824259      0.922  36.490050    15.5429     4.9189      0.914    28.8098    21.0909 -9.990e-29
 267.824265      0.927  36.490451    15.5462     4.8722      0.919    28.8077    21.0886 -9.990e-29
 267.824271      0.928  36.491248    15.5488     4.8192      0.920    28.8065    21.0871 -9.990e-29
 267.824277      0.924  36.491264    15.5510     4.7806      0.916    28.8049    21.0854 -9.990e-29
 267.824282      0.921  36.491638    15.5523     4.7587      0.913    28.8043    21.0847 -9.990e-29
 267.824288      0.922  36.492869    15.5527     4.7348      0.914    28.8051    21.0852 -9.990e-29
 267.824294      0.927  36.493238    15.5530     4.7712      0.919    28.8052    21.0852 -9.990e-29
 267.824300      0.936  36.492676    15.5533     4.8438      0.928    28.8045    21.0846 -9.990e-29
 267.824306      0.951  36.492113    15.5529     4.9331      0.943    28.8043    21.0845 -9.990e-29
 267.824311      0.972  36.491917    15.5519     5.0346      0.964    28.8048    21.0852 -9.990e-29
 267.824317      1.000  36.492385    15.5505     5.1412      0.992    28.8062    21.0865 -9.990e-29
 267.824323      1.038  36.493017    15.5486     5.2572      1.029    28.8082    21.0884 -9.990e-29
 267.824329      1.083  36.492976    15.5461     5.3963      1.074    28.8099    21.0903 -9.990e-29
 267.824334      1.134  36.492204    15.5424     5.5448      1.125    28.8119    21.0927 -9.990e-29
 267.824340      1.194  36.491350    15.5351     5.6894      1.184    28.8165    21.0977 -9.990e-29
 267.824346      1.267  36.490396    15.5185     5.8052      1.256    28.8278    21.1099 -9.990e-29
 267.824352      1.357  36.488626    15.4823     5.8618      1.346    28.8527    21.1368 -9.990e-29
 267.824358      1.471  36.484800    15.4202     5.8478      1.459    28.8948    21.1823 -9.990e-29
 267.824363      1.611  36.473814    15.3343     5.7925      1.598    28.9482    21.2416 0.0000e+00
 267.824369      1.774  36.451650    15.2313     5.7482      1.759    29.0045    21.3067 0.0000e+00
 267.824375      1.952  36.418425    15.1240     5.7352      1.936    29.0544    21.3676 0.0000e+00
 267.824381      2.144  36.374824    15.0326     5.7493      2.126    29.0835    21.4092 0.0000e+00
 267.824387      2.350  36.327678    14.9740     5.7502      2.330    29.0851    21.4227 0.0000e+00
 267.824392      2.561  36.290994    14.9478     5.7287      2.540    29.0719    21.4180 0.0000e+00
 267.824398      2.773  36.268985    14.9357     5.6784      2.750    29.0613    21.4123 0.0000e+00
 267.824404      2.991  36.255964    14.9176     5.6287      2.966    29.0631    21.4175 0.0000e+00
 267.824410      3.217  36.249662    14.8912     5.5899      3.190    29.0770    21.4337 0.0000e+00
 267.824416      3.447  36.250611    14.8657     5.5792      3.418    29.0968    21.4542 0.0000e+00
 267.824421      3.679  36.258368    14.8492     5.5819      3.648    29.1159    21.4723 0.0000e+00
 267.824427      3.916  36.273165    14.8441     5.5578      3.883    29.1328    21.4864 0.0000e+00
 267.824433      4.158  36.297901    14.8455     5.5286      4.123    29.1537    21.5022 0.0000e+00
 267.824439      4.396  36.328571    14.8495     5.5318      4.359    29.1780    21.5201 0.0000e+00
 267.824444      4.616  36.361241    14.8549     5.5533      4.577    29.2030    21.5382 0.0000e+00
 267.824450      4.817  36.394085    14.8591     5.5688      4.777    29.2291    21.5574 0.0000e+00
 267.824456      5.014  36.423270    14.8586     5.5520      4.972    29.2554    21.5778 0.0000e+00
 267.824462      5.218  36.447365    14.8546     5.4990      5.174    29.2799    21.5974 0.0000e+00
 267.824468      5.438  36.464313    14.8558     5.4463      5.393    29.2940    21.6080 0.0000e+00
 267.824473      5.671  36.477645    14.8664     5.4428      5.624    29.2979    21.6088 0.0000e+00
 267.824479      5.911  36.498391    14.8804     5.4736      5.862    29.3058    21.6120 0.0000e+00
 267.824485      6.151  36.537944    14.8913     5.5053      6.100    29.3328    21.6305 0.0000e+00
 267.824491      6.380  36.593576    14.8986     5.5529      6.327    29.3768    21.6629 0.0000e+00
 267.824497      6.598  36.647035    14.9053     5.6391      6.543    29.4193    21.6942 0.0000e+00
 267.824502      6.807  36.698452    14.9119     5.8294      6.750    29.4601    21.7242 0.0000e+00
 267.824508      7.014  36.760916    14.9143     6.1054      6.955    29.5139    21.7651 0.0000e+00
 267.824514      7.223  36.832561    14.9078     6.3593      7.163    29.5827    21.8194 0.0000e+00
 267.824520      7.434  36.920962    14.8918     6.5336      7.372    29.6737    21.8927 0.0000e+00
 267.824525      7.644  37.057153    14.8675     6.5615      7.580    29.8138    22.0056 0.0000e+00
 267.824531      7.849  37.244035    14.8304     6.4413      7.783    30.0093    22.1639 0.0000e+00
 267.824537      8.048  37.429986    14.7779     6.2069      7.981    30.2165    22.3343 0.0000e+00
 267.824543      8.247  37.569979    14.7280     6.0030      8.178    30.3810    22.4714 0.0000e+00
 267.824549      8.444  37.659078    14.6952     5.9210      8.373    30.4867    22.5596 0.0000e+00
 267.824554      8.641  37.715780    14.6607     5.9594      8.569    30.5648    22.6270 0.0000e+00
 267.824560      8.843  37.768601    14.6193     6.0807      8.769    30.6449    22.6973 0.0000e+00
 267.824566      9.062  37.849289    14.6026     6.1992      8.986    30.7309    22.7670 0.0000e+00
 267.824572      9.296  37.976335    14.6193     6.2804      9.218    30.8323    22.8417 0.0000e+00
 267.824578      9.537  38.121355    14.6435     6.3086      9.457    30.9440    22.9226 0.0000e+00
 267.824583      9.764  38.232884    14.6588     6.2983      9.682    31.0324    22.9876 0.0000e+00
 267.824589      9.971  38.294908    14.6655     6.2902      9.888    31.0830    23.0251 0.0000e+00
 267.824595     10.162  38.321760    14.6668     6.2855     10.077    31.1062    23.0427 0.0000e+00
 267.824601     10.341  38.327372    14.6650     6.2945     10.254    31.1126    23.0481 0.0000e+00
 267.824606     10.515  38.319200    14.6626     6.3073     10.427    31.1071    23.0443 0.0000e+00
 267.824612     10.695  38.304809    14.6626     6.2994     10.605    31.0940    23.0342 0.0000e+00
 267.824618     10.892  38.303077    14.6653     6.2903     10.801    31.0902    23.0308 0.0000e+00
 267.824624     11.111  38.320633    14.6682     6.2739     11.018    31.1037    23.0405 0.0000e+00
 267.824630     11.348  38.337163    14.6700     6.2608     11.253    31.1171    23.0505 0.0000e+00
 267.824635     11.597  38.343869    14.6714     6.2494     11.500    31.1219    23.0539 0.0000e+00
 267.824641     11.844  38.346864    14.6726     6.2511     11.745    31.1236    23.0550 0.0000e+00
 267.824647     12.079  38.348434    14.6734     6.2776     11.978    31.1243    23.0553 0.0000e+00
 267.824653     12.304  38.349522    14.6736     6.3104     12.201    31.1250    23.0559 0.0000e+00
 267.824659     12.524  38.350433    14.6727     6.3431     12.419    31.1265    23.0572 0.0000e+00
 267.824664     12.745  38.352356    14.6705     6.3539     12.638    31.1299    23.0603 0.0000e+00
 267.824670     12.973  38.357268    14.6673     6.3541     12.864    31.1368    23.0663 0.0000e+00
 267.824676     13.205  38.366089    14.6643     6.3751     13.094    31.1471    23.0748 0.0000e+00
 267.824682     13.429  38.379350    14.6626     6.4168     13.316    31.1603    23.0854 0.0000e+00
 267.824687     13.644  38.393975    14.6615     6.4590     13.530    31.1744    23.0965 0.0000e+00
 267.824693     13.858  38.406467    14.6596     6.4811     13.742    31.1871    23.1067 0.0000e+00
 267.824699     14.081  38.422251    14.6561     6.4686     13.963    31.2041    23.1205 0.0000e+00
 267.824705     14.314  38.448342    14.6496     6.4683     14.194    31.2328    23.1440 0.0000e+00
 267.824711     14.550  38.484208    14.6382     6.4736     14.428    31.2743    23.1784 0.0000e+00
 267.824716     14.783  38.525540    14.6216     6.4732     14.659    31.3250    23.2209 0.0000e+00
 267.824722     15.016  38.566355    14.5999     6.4532     14.890    31.3794    23.2674 0.0000e+00
 267.824728     15.250  38.598298    14.5747     6.4136     15.122    31.4286    23.3106 0.0000e+00
 267.824734     15.482  38.618550    14.5516     6.3656     15.352    31.4656    23.3439 0.0000e+00
 267.824740     15.711  38.631112    14.5359     6.3184     15.579    31.4896    23.3657 0.0000e+00
 267.824745     15.934  38.638695    14.5255     6.2800     15.800    31.5049    23.3797 0.0000e+00
 267.824751     16.152  38.643535    14.5128     6.2544     16.017    31.5195    23.3936 0.0000e+00
 267.824757     16.370  38.650377    14.4920     6.2372     16.233    31.5425    23.4157 0.0000e+00
 267.824763     16.594  38.663834    14.4668     6.2380     16.455    31.5752    23.4461 0.0000e+00
 267.824769     16.826  38.683893    14.4457     6.2428     16.685    31.6106    23.4778 0.0000e+00
 267.824774     17.058  38.705332    14.4324     6.2566     16.915    31.6408    23.5039 0.0000e+00
 267.824780     17.279  38.725331    14.4259     6.2543     17.134    31.6643    23.5233 0.0000e+00
 267.824786     17.487  38.744751    14.4245     6.2177     17.340    31.6830    23.5381 0.0000e+00
 267.824792     17.685  38.761444    14.4263     6.1777     17.537    31.6967    23.5483 0.0000e+00
 267.824797     17.875  38.771307    14.4285     6.0994     17.725    31.7038    23.5533 0.0000e+00
 267.824803     18.059  38.773459    14.4288     6.0176     17.907    31.7054    23.5545 0.0000e+00
 267.824809     18.249  38.771862    14.4249     5.9028     18.096    31.7071    23.5566 0.0000e+00
