data/oxygen options/OCNMS/OCNMS1/raw_data/2018/CAST_CE042_180611faed.cnv
* Sea-Bird SBE19 Data File:
* FileName = C:\2018 Mooring Data\Casts\CAST_CE042_180611.hex
* Software Version 1.59
* Temperature SN = 2997
* Conductivity SN = 2997
* System UpLoad Time = Jun 11 2018 17:47:21
** CAST_CE042_180611
* ds
# nquan = 9                                 
# nvalues = 1066                        
# units = specified
# name 0 = timeJ: Julian Days
# name 1 = prSM: Pressure, Strain Gauge [db]
# name 2 = c0mS/cm: Conductivity [mS/cm]
# name 3 = t090C: Temperature [ITS-90, deg C]
# name 4 = sbeox0ML/L: Oxygen, SBE 43 [ml/l]
# name 5 = depSM: Depth [salt water, m], lat = 47.5
# name 6 = sal00: Salinity, Practical [PSU]
# name 7 = sigma-é00: Density [sigma-theta, kg/m^3]
# name 8 = flag: flag
# span 0 = 162.732014, 162.738177       
# span 1 =     -5.025,     47.086       
# span 2 =   0.007230,  38.244930       
# span 3 =     8.5756,    16.9054       
# span 4 =    -1.8924,    15.9384       
# span 5 =     -4.983,     46.688       
# span 6 =     0.0098,    33.4802       
# span 7 =    -1.1992,    25.9948       
# span 8 = 0.0000e+00, 0.0000e+00       
# interval = seconds: 0.5
# start_time = Jun 11 2018 17:34:06 [Instrument's time stamp, header]
# bad_flag = -9.990e-29
*END*
[from data line 641]
 162.735723      1.192  33.104485    14.0828     7.4815      1.182    26.8483    19.8815 -9.990e-29
 162.735729      1.195  33.121444    14.0864     7.4831      1.185    26.8610    19.8906 -9.990e-29
 162.735735      1.199  33.138224    14.0884     7.4910      1.189    26.8747    19.9007 -9.990e-29
 162.735741      1.198  33.137945    14.0924     7.5102      1.188    26.8716    19.8976 -9.990e-29
 162.735747      1.194  33.124606    14.0994     7.4777      1.184    26.8548    19.8833 -9.990e-29
 162.735752      1.190  33.093744    14.1071     7.4452      1.180    26.8218    19.8564 -9.990e-29
 162.735758      1.194  33.093600    14.1126     7.4475      1.184    26.8178    19.8522 -9.990e-29
 162.735764      1.207  33.121082    14.1181     7.4662      1.197    26.8386    19.8672 -9.990e-29
 162.735770      1.221  33.108134    14.1257     7.4924      1.211    26.8217    19.8527 -9.990e-29
 162.735775      1.233  33.074869    14.1353     7.5014      1.223    26.7853    19.8227 -9.990e-29
 162.735781      1.242  33.045070    14.1477     7.4918      1.232    26.7500    19.7931 -9.990e-29
 162.735787      1.251  33.024211    14.1582     7.4713      1.241    26.7241    19.7711 -9.990e-29
 162.735793      1.259  33.063806    14.1617     7.4584      1.248    26.7571    19.7958 -9.990e-29
 162.735799      1.267  33.125929    14.1643     7.4374      1.256    26.8109    19.8368 -9.990e-29
 162.735804      1.276  33.112641    14.1718     7.4085      1.265    26.7938    19.8221 -9.990e-29
 162.735810      1.281  33.052552    14.1821     7.3921      1.270    26.7329    19.7732 -9.990e-29
 162.735816      1.280  33.004157    14.1908     7.3833      1.269    26.6836    19.7335 -9.990e-29
 162.735822      1.275  32.948696    14.1948     7.3786      1.264    26.6312    19.6925 -9.990e-29
 162.735828      1.272  32.890429    14.1971     7.3910      1.261    26.5776    19.6507 -9.990e-29
 162.735833      1.269  32.848890    14.2017     7.3975      1.258    26.5373    19.6188 -9.990e-29
 162.735839      1.267  32.816692    14.2089     7.3943      1.256    26.5036    19.5914 -9.990e-29
 162.735845      1.266  32.795549    14.2180     7.4049      1.255    26.4785    19.5703 -9.990e-29
 162.735851      1.265  32.797441    14.2276     7.4293      1.254    26.4736    19.5647 -9.990e-29
 162.735856      1.264  32.810248    14.2344     7.4414      1.253    26.4804    19.5686 -9.990e-29
 162.735862      1.264  32.821303    14.2389     7.4446      1.253    26.4872    19.5729 -9.990e-29
 162.735868      1.264  32.833499    14.2433     7.4301      1.253    26.4951    19.5781 -9.990e-29
 162.735874      1.264  32.854605    14.2454     7.3930      1.253    26.5125    19.5911 -9.990e-29
 162.735880      1.265  32.899797    14.2443     7.3596      1.254    26.5535    19.6229 -9.990e-29
 162.735885      1.266  32.949802    14.2433     7.3759      1.255    26.5989    19.6580 -9.990e-29
 162.735891      1.268  32.948135    14.2456     7.3524      1.257    26.5958    19.6552 -9.990e-29
 162.735897      1.270  32.893028    14.2507     7.3576      1.259    26.5431    19.6136 -9.990e-29
 162.735903      1.273  32.844028    14.2545     7.4740      1.262    26.4968    19.5772 -9.990e-29
 162.735909      1.276  32.822960    14.2551     7.5875      1.265    26.4776    19.5623 -9.990e-29
 162.735914      1.281  32.817854    14.2541     7.6595      1.270    26.4737    19.5595 -9.990e-29
 162.735920      1.287  32.821241    14.2477     7.6429      1.276    26.4811    19.5665 -9.990e-29
 162.735926      1.295  32.839213    14.2172     7.5502      1.284    26.5180    19.6009 -9.990e-29
 162.735932      1.305  32.926952    14.1482     7.4571      1.294    26.6439    19.7113 -9.990e-29
 162.735938      1.314  33.140932    14.0752     7.4382      1.303    26.8862    19.9123 -9.990e-29
 162.735943      1.314  33.349610    14.0566     7.4818      1.303    27.0867    20.0703 -9.990e-29
 162.735949      1.304  33.358416    14.0993     7.5176      1.293    27.0647    20.0449 -9.990e-29
 162.735955      1.292  33.245547    14.1571     7.5428      1.281    26.9230    19.9245 -9.990e-29
 162.735961      1.283  33.146825    14.1927     7.4964      1.272    26.8099    19.8304 -9.990e-29
 162.735966      1.276  33.083244    14.2015     7.4370      1.265    26.7469    19.7802 -9.990e-29
 162.735972      1.269  33.098598    14.1956     7.4404      1.258    26.7648    19.7951 -9.990e-29
 162.735978      1.263  33.175224    14.1954     7.4801      1.252    26.8335    19.8480 -9.990e-29
 162.735984      1.257  33.209332    14.2114     7.5466      1.247    26.8529    19.8598 -9.990e-29
 162.735990      1.251  33.162382    14.2310     7.5201      1.241    26.7973    19.8132 -9.990e-29
 162.735995      1.245  33.095855    14.2348     7.4827      1.235    26.7352    19.7646 -9.990e-29
 162.736001      1.242  33.068073    14.2153     7.4859      1.232    26.7238    19.7597 -9.990e-29
 162.736007      1.247  33.130279    14.1867     7.5240      1.237    26.7993    19.8234 -9.990e-29
 162.736013      1.254  33.242242    14.1786     7.5647      1.244    26.9051    19.9065 -9.990e-29
 162.736019      1.262  33.261129    14.1934     7.5152      1.251    26.9117    19.9087 -9.990e-29
 162.736024      1.270  33.191874    14.2046     7.4575      1.259    26.8420    19.8528 -9.990e-29
 162.736030      1.278  33.166918    14.2014     7.4510      1.267    26.8219    19.8379 -9.990e-29
 162.736036      1.288  33.239595    14.1965     7.5174      1.277    26.8903    19.8916 -9.990e-29
 162.736042      1.296  33.290212    14.2063     7.5646      1.285    26.9288    19.9193 -9.990e-29
 162.736047      1.297  33.211054    14.2254     7.5771      1.286    26.8447    19.8508 -9.990e-29
 162.736053      1.296  33.095065    14.2253     7.5367      1.285    26.7411    19.7710 -9.990e-29
 162.736059      1.298  33.079508    14.1886     7.4734      1.287    26.7525    19.7870 -9.990e-29
 162.736065      1.302  33.178225    14.1399     7.4152      1.291    26.8747    19.8907 -9.990e-29
 162.736071      1.309  33.263172    14.1234     7.3610      1.298    26.9623    19.9614 -9.990e-29
 162.736076      1.319  33.241075    14.1467     7.3456      1.308    26.9263    19.9290 -9.990e-29
 162.736082      1.329  33.151167    14.1870     7.3425      1.318    26.8177    19.8376 -9.990e-29
 162.736088      1.335  33.047444    14.2260     7.3597      1.324    26.6980    19.7377 -9.990e-29
 162.736094      1.337  32.930249    14.2543     7.4015      1.326    26.5738    19.6366 -9.990e-29
 162.736100      1.335  32.822234    14.2709     7.4545      1.324    26.4661    19.5504 -9.990e-29
 162.736105      1.334  32.776188    14.2817     7.4784      1.323    26.4177    19.5110 -9.990e-29
 162.736111      1.337  32.781523    14.2882     7.4519      1.326    26.4180    19.5100 -9.990e-29
 162.736117      1.342  32.813929    14.2865     7.4302      1.331    26.4480    19.5334 -9.990e-29
 162.736123      1.343  32.881272    14.2765     7.4166      1.332    26.5149    19.5869 -9.990e-29
 162.736128      1.345  32.989890    14.2670     7.4247      1.334    26.6184    19.6683 -9.990e-29
 162.736134      1.352  33.069693    14.2686     7.4211      1.341    26.6885    19.7220 -9.990e-29
 162.736140      1.366  33.034540    14.2780     7.4491      1.355    26.6506    19.6910 -9.990e-29
 162.736146      1.386  32.944303    14.2825     7.4911      1.374    26.5670    19.6258 -9.990e-29
 162.736152      1.415  32.920235    14.2773     7.5398      1.403    26.5491    19.6130 -9.990e-29
 162.736157      1.449  32.956436    14.2658     7.5683      1.437    26.5893    19.6462 -9.990e-29
 162.736163      1.487  32.967373    14.2475     7.5736      1.475    26.6116    19.6670 -9.990e-29
 162.736169      1.535  32.975919    14.2165     7.5982      1.522    26.6406    19.6954 -9.990e-29
 162.736175      1.596  33.052103    14.1711     7.6663      1.583    26.7400    19.7808 -9.990e-29
 162.736181      1.665  33.178801    14.1166     7.7312      1.651    26.8913    19.9080 -9.990e-29
 162.736186      1.744  33.292668    14.0625     7.7600      1.729    27.0312    20.0264 -9.990e-29
 162.736192      1.832  33.370312    14.0026     7.7664      1.817    27.1431    20.1243 -9.990e-29
 162.736198      1.926  33.428987    13.9233     7.7579      1.910    27.2519    20.2236 -9.990e-29
 162.736204      2.028  33.504296    13.8352     7.7682      2.011    27.3824    20.3413 -9.990e-29
 162.736209      2.141  33.653812    13.7681     7.7600      2.123    27.5658    20.4957 -9.990e-29
 162.736215      2.262  33.855912    13.7349     7.7403      2.243    27.7731    20.6620 -9.990e-29
 162.736221      2.392  34.010645    13.7104     7.7339      2.372    27.9315    20.7889 0.0000e+00
 162.736227      2.530  34.100214    13.6719     7.7108      2.509    28.0411    20.8809 0.0000e+00
 162.736233      2.675  34.181441    13.6327     7.6774      2.653    28.1438    20.9677 0.0000e+00
 162.736238      2.829  34.255058    13.6116     7.6309      2.805    28.2265    21.0355 0.0000e+00
 162.736244      2.993  34.303808    13.6021     7.5746      2.968    28.2779    21.0771 0.0000e+00
 162.736250      3.169  34.337148    13.5889     7.5362      3.143    28.3181    21.1106 0.0000e+00
 162.736256      3.360  34.373651    13.5735     7.5231      3.332    28.3628    21.1481 0.0000e+00
 162.736262      3.563  34.431074    13.5666     7.5180      3.533    28.4204    21.1938 0.0000e+00
 162.736267      3.777  34.511975    13.5690     7.5246      3.745    28.4925    21.2491 0.0000e+00
 162.736273      3.996  34.623352    13.5743     7.5285      3.963    28.5904    21.3236 0.0000e+00
 162.736279      4.218  34.743446    13.5787     7.5192      4.183    28.6970    21.4050 0.0000e+00
 162.736285      4.439  34.825742    13.5801     7.4920      4.402    28.7712    21.4620 0.0000e+00
 162.736291      4.662  34.872938    13.5761     7.4646      4.623    28.8174    21.4984 0.0000e+00
 162.736296      4.891  34.927678    13.5655     7.4432      4.850    28.8755    21.5453 0.0000e+00
 162.736302      5.124  35.012441    13.5508     7.4271      5.081    28.9642    21.6166 0.0000e+00
 162.736308      5.354  35.113618    13.5359     7.4325      5.309    29.0683    21.6999 0.0000e+00
 162.736314      5.583  35.206461    13.5218     7.4259      5.536    29.1643    21.7767 0.0000e+00
 162.736319      5.813  35.284773    13.5062     7.4229      5.764    29.2481    21.8444 0.0000e+00
 162.736325      6.042  35.358236    13.4884     7.4324      5.991    29.3292    21.9105 0.0000e+00
 162.736331      6.266  35.429509    13.4726     7.4288      6.214    29.4069    21.9736 0.0000e+00
 162.736337      6.488  35.491610    13.4585     7.4337      6.434    29.4749    22.0288 0.0000e+00
 162.736343      6.712  35.540438    13.4378     7.4231      6.656    29.5358    22.0799 0.0000e+00
 162.736348      6.945  35.586658    13.4090     7.4090      6.887    29.6007    22.1356 0.0000e+00
 162.736354      7.188  35.646418    13.3805     7.4004      7.128    29.6779    22.2008 0.0000e+00
 162.736360      7.431  35.715848    13.3604     7.3698      7.369    29.7577    22.2663 0.0000e+00
 162.736366      7.664  35.774302    13.3498     7.3496      7.600    29.8199    22.3165 0.0000e+00
 162.736372      7.889  35.814487    13.3397     7.3664      7.823    29.8650    22.3532 0.0000e+00
 162.736377      8.111  35.852893    13.3210     7.3553      8.043    29.9151    22.3956 0.0000e+00
 162.736383      8.337  35.893564    13.2979     7.2828      8.267    29.9709    22.4431 0.0000e+00
 162.736389      8.567  35.934044    13.2813     7.2129      8.495    30.0214    22.4854 0.0000e+00
 162.736395      8.799  35.980021    13.2721     7.1659      8.725    30.0712    22.5257 0.0000e+00
 162.736400      9.031  36.031071    13.2606     7.1578      8.955    30.1276    22.5715 0.0000e+00
 162.736406      9.264  36.103051    13.2457     7.1395      9.186    30.2062    22.6351 0.0000e+00
 162.736412      9.506  36.222936    13.2434     7.1228      9.426    30.3194    22.7230 0.0000e+00
 162.736418      9.758  36.437903    13.2598     7.1074      9.676    30.5061    22.8641 0.0000e+00
 162.736424     10.010  36.709152    13.2801     7.1044      9.926    30.7420    23.0425 0.0000e+00
 162.736429     10.254  36.891527    13.3018     7.1080     10.168    30.8941    23.1558 0.0000e+00
 162.736435     10.496  37.024261    13.3455     7.1614     10.408    30.9821    23.2152 0.0000e+00
 162.736441     10.751  37.323941    13.4208     7.1752     10.661    31.1993    23.3682 0.0000e+00
 162.736447     11.028  37.755468    13.4958     7.2138     10.936    31.5386    23.6156 0.0000e+00
 162.736453     11.317  38.051881    13.5323     7.2491     11.222    31.7838    23.7978 0.0000e+00
 162.736458     11.616  38.166999    13.5286     7.2900     11.519    31.8938    23.8836 0.0000e+00
 162.736464     11.932  38.216095    13.4965     7.3207     11.832    31.9662    23.9460 0.0000e+00
 162.736470     12.257  38.240965    13.4446     7.3113     12.154    32.0328    24.0078 0.0000e+00
 162.736476     12.584  38.244930    13.3878     7.3234     12.479    32.0841    24.0588 0.0000e+00
 162.736481     12.908  38.232557    13.3364     7.3420     12.800    32.1158    24.0935 0.0000e+00
 162.736487     13.222  38.207905    13.2903     7.3726     13.111    32.1315    24.1148 0.0000e+00
 162.736493     13.522  38.174904    13.2524     7.4080     13.409    32.1324    24.1230 0.0000e+00
 162.736499     13.805  38.146516    13.2236     7.4508     13.689    32.1300    24.1269 0.0000e+00
 162.736505     14.081  38.111611    13.1816     7.4615     13.963    32.1327    24.1372 0.0000e+00
 162.736510     14.362  38.041970    13.0958     7.4815     14.242    32.1398    24.1596 0.0000e+00
 162.736516     14.659  37.938672    12.9733     7.5198     14.536    32.1462    24.1886 0.0000e+00
 162.736522     14.977  37.829600    12.8465     7.5389     14.851    32.1508    24.2168 0.0000e+00
 162.736528     15.310  37.732685    12.7289     7.5423     15.182    32.1590    24.2459 0.0000e+00
 162.736534     15.646  37.642856    12.6244     7.5220     15.515    32.1628    24.2689 0.0000e+00
 162.736539     15.976  37.566167    12.5348     7.4996     15.842    32.1662    24.2887 0.0000e+00
 162.736545     16.299  37.507716    12.4505     7.4965     16.162    32.1825    24.3174 0.0000e+00
 162.736551     16.615  37.449318    12.3708     7.4496     16.476    32.1949    24.3421 0.0000e+00
 162.736557     16.923  37.389105    12.3064     7.3195     16.781    32.1924    24.3524 0.0000e+00
 162.736562     17.224  37.344626    12.2496     7.1639     17.080    32.1984    24.3678 0.0000e+00
 162.736568     17.522  37.301771    12.1705     6.9442     17.375    32.2253    24.4034 0.0000e+00
 162.736574     17.821  37.225640    12.0517     6.7650     17.672    32.2544    24.4482 0.0000e+00
 162.736580     18.128  37.124328    11.9086     6.6360     17.976    32.2802    24.4948 0.0000e+00
 162.736586     18.441  37.026662    11.7636     6.4451     18.286    32.3113    24.5457 0.0000e+00
 162.736591     18.755  36.941125    11.6135     6.2209     18.598    32.3588    24.6100 0.0000e+00
 162.736597     19.063  36.843646    11.4462     5.8547     18.903    32.4098    24.6800 0.0000e+00
 162.736603     19.359  36.704311    11.3029     5.3489     19.197    32.3989    24.6972 0.0000e+00
 162.736609     19.638  36.591378    11.2380     4.8357     19.473    32.3448    24.6668 0.0000e+00
 162.736615     19.894  36.555105    11.2139     4.3619     19.727    32.3302    24.6597 0.0000e+00
 162.736620     20.136  36.500479    11.1170     4.0536     19.967    32.3614    24.7012 0.0000e+00
 162.736626     20.379  36.374672    10.8627     3.9016     20.208    32.4614    24.8238 0.0000e+00
 162.736632     20.635  36.174981    10.4896     3.8229     20.462    32.5945    24.9919 0.0000e+00
 162.736638     20.902  35.916066    10.1303     3.7605     20.727    32.6567    25.1013 0.0000e+00
