data/oxygen options/OCNMS/OCNMS1/raw_data/2018/CAST_MB015_180928faed.cnv
* Sea-Bird SBE 19 Data File:
* FileName = C:\2018 Mooring Data\Casts\CAST_MB015_180928.hex
* Software Version SeatermAF 2.1.2
* Temperature SN = 2997
* Conductivity SN = 2997
* System UpLoad Time = Sep 28 2018 19:56:06 (localtime) = Sep 28 2018 19:56:06 (UTC)
** CAST_MB015_180928
* ds
# nquan = 9                                 
# nvalues = 760                         
# units = specified
# name 0 = timeJ: Julian Days
# name 1 = prSM: Pressure, Strain Gauge [db]
# name 2 = c0mS/cm: Conductivity [mS/cm]
# name 3 = t090C: Temperature [ITS-90, deg C]
# name 4 = sbeox0ML/L: Oxygen, SBE 43 [ml/l]
# name 5 = depSM: Depth [salt water, m], lat = 47.5
# name 6 = sal00: Salinity, Practical [PSU]
# name 7 = sigma-é00: Density [sigma-theta, kg/m^3]
# name 8 = flag: flag
# span 0 = 271.815370, 271.819763       
# span 1 =     -5.310,      9.348       
# span 2 =   0.620029,  38.398116       
# span 3 =     9.6779,    22.4832       
# span 4 =    -1.6285,    11.2238       
# span 5 =     -5.266,      9.270       
# span 6 =     0.3188,    33.7139       
# span 7 =    -2.0830,    25.6573       
# span 8 = 0.0000e+00, 0.0000e+00       
# interval = seconds: 0.5
# start_time = Sep 28 2018 19:34:08 [Instrument's time stamp, header]
# bad_flag = -9.990e-29
*END*
 271.815370     -5.310 -9.990e-29    22.4414    -1.6083     -5.266 -9.990e-29 -9.990e-29 -9.990e-29
 271.815376     -5.267   0.623505    22.4281    -1.6087     -5.223     0.3200    -2.0830 -9.990e-29
 271.815382     -5.223   0.622066    22.4115    -1.6093     -5.179     0.3193    -2.0796 -9.990e-29
 271.815388     -5.180   0.620888    22.3954    -1.6100     -5.137     0.3188    -2.0763 -9.990e-29
 271.815394     -5.140   0.620616    22.3810    -1.6105     -5.097     0.3188    -2.0730 -9.990e-29
 271.815399     -5.104   0.621074    22.3689    -1.6117     -5.061     0.3191    -2.0699 -9.990e-29
 271.815405     -5.069   0.621765    22.3607    -1.6131     -5.027     0.3195    -2.0677 -9.990e-29
 271.815411     -5.039   0.622133    22.3558    -1.6146     -4.997     0.3197    -2.0664 -9.990e-29
 271.815417     -5.016   0.622119    22.3505    -1.6154     -4.974     0.3198    -2.0651 -9.990e-29
 271.815422     -4.993   0.622444    22.3405    -1.6156     -4.951     0.3200    -2.0627 -9.990e-29
 271.815428     -4.965   0.623542    22.3253    -1.6157     -4.924     0.3207    -2.0586 -9.990e-29
 271.815434     -4.934   0.624662    22.3060    -1.6157     -4.893     0.3214    -2.0536 -9.990e-29
 271.815440     -4.903   0.624529    22.2834    -1.6157     -4.862     0.3215    -2.0483 -9.990e-29
 271.815446     -4.870   0.622967    22.2555    -1.6158     -4.829     0.3209    -2.0424 -9.990e-29
 271.815451     -4.833   0.621221    22.2197    -1.6160     -4.793     0.3202    -2.0347 -9.990e-29
 271.815457     -4.793   0.620287    22.1786    -1.6161     -4.753     0.3200    -2.0254 -9.990e-29
 271.815463     -4.753   0.620029    22.1404    -1.6159     -4.713     0.3201    -2.0166 -9.990e-29
 271.815469     -4.710   0.620106    22.1131    -1.6157     -4.671     0.3203    -2.0101 -9.990e-29
 271.815475     -4.665   0.620622    22.0983    -1.6155     -4.626     0.3207    -2.0065 -9.990e-29
 271.815480     -4.619   0.621712    22.0917    -1.6156     -4.581     0.3213    -2.0045 -9.990e-29
 271.815486     -4.575   0.623168    22.0883    -1.6156     -4.537     0.3221    -2.0031 -9.990e-29
 271.815492     -4.538   0.624716    22.0857    -1.6154     -4.500     0.3230    -2.0019 -9.990e-29
 271.815498     -4.509   0.626208    22.0821    -1.6148     -4.471     0.3238    -2.0004 -9.990e-29
 271.815503     -4.488   0.627419    22.0785    -1.6146     -4.451     0.3245    -1.9991 -9.990e-29
 271.815509     -4.468   0.628302    22.0782    -1.6141     -4.431     0.3249    -1.9986 -9.990e-29
 271.815515     -4.444   0.628929    22.0816    -1.6136     -4.407     0.3252    -1.9992 -9.990e-29
 271.815521     -4.418   0.629030    22.0864    -1.6130     -4.381     0.3253    -2.0003 -9.990e-29
 271.815527     -4.394   0.628741    22.0902    -1.6128     -4.357     0.3251    -2.0013 -9.990e-29
 271.815532     -4.369   0.628785    22.0922    -1.6127     -4.333     0.3251    -2.0017 -9.990e-29
 271.815538     -4.342   0.629225    22.0957    -1.6126     -4.306     0.3253    -2.0024 -9.990e-29
 271.815544     -4.312   0.630096    22.1041    -1.6127     -4.276     0.3257    -2.0040 -9.990e-29
 271.815550     -4.281   0.632005    22.1163    -1.6129     -4.245     0.3266    -2.0061 -9.990e-29
 271.815556     -4.250   0.634729    22.1297    -1.6129     -4.215     0.3280    -2.0081 -9.990e-29
 271.815561     -4.219   0.637470    22.1446    -1.6131     -4.184     0.3293    -2.0105 -9.990e-29
 271.815567     -4.189   0.639452    22.1605    -1.6134     -4.154     0.3303    -2.0134 -9.990e-29
 271.815573     -4.163   0.640548    22.1745    -1.6135     -4.128     0.3308    -2.0162 -9.990e-29
 271.815579     -4.138   0.641668    22.1839    -1.6136     -4.104     0.3313    -2.0180 -9.990e-29
 271.815584     -4.114   0.643200    22.1888    -1.6137     -4.080     0.3321    -2.0185 -9.990e-29
 271.815590     -4.090   0.644971    22.1906    -1.6135     -4.056     0.3330    -2.0182 -9.990e-29
 271.815596     -4.063   0.646575    22.1898    -1.6133     -4.029     0.3338    -2.0174 -9.990e-29
 271.815602     -4.031   0.647384    22.1873    -1.6128     -3.997     0.3343    -2.0165 -9.990e-29
 271.815608     -3.997   0.647368    22.1833    -1.6127     -3.964     0.3343    -2.0156 -9.990e-29
 271.815613     -3.968   0.647063    22.1775    -1.6127     -3.935     0.3342    -2.0143 -9.990e-29
 271.815619     -3.942   0.647174    22.1710    -1.6129     -3.909     0.3343    -2.0127 -9.990e-29
 271.815625     -3.912   0.647847    22.1659    -1.6129     -3.879     0.3347    -2.0113 -9.990e-29
 271.815631     -3.881   0.648874    22.1629    -1.6132     -3.849     0.3353    -2.0101 -9.990e-29
 271.815637     -3.852   0.650519    22.1628    -1.6134     -3.820     0.3361    -2.0095 -9.990e-29
 271.815642     -3.822   0.652761    22.1666    -1.6135     -3.790     0.3373    -2.0094 -9.990e-29
 271.815648     -3.789   0.655267    22.1743    -1.6133     -3.757     0.3386    -2.0102 -9.990e-29
 271.815654     -3.756   0.658056    22.1824    -1.6131     -3.725     0.3400    -2.0110 -9.990e-29
 271.815660     -3.730   0.660970    22.1867    -1.6130     -3.699     0.3415    -2.0108 -9.990e-29
 271.815666     -3.712   0.663464    22.1868    -1.6131     -3.681     0.3428    -2.0099 -9.990e-29
 271.815671     -3.698   0.664987    22.1845    -1.6134     -3.667     0.3437    -2.0087 -9.990e-29
 271.815677     -3.682   0.665357    22.1804    -1.6138     -3.651     0.3439    -2.0076 -9.990e-29
 271.815683     -3.663   0.665068    22.1747    -1.6139     -3.632     0.3438    -2.0064 -9.990e-29
 271.815689     -3.640   0.665398    22.1695    -1.6137     -3.610     0.3440    -2.0050 -9.990e-29
 271.815694     -3.616   0.667344    22.1679    -1.6136     -3.586     0.3450    -2.0038 -9.990e-29
 271.815700     -3.594   0.670179    22.1705    -1.6135     -3.564     0.3465    -2.0033 -9.990e-29
 271.815706     -3.572   0.672143    22.1744    -1.6137     -3.542     0.3476    -2.0034 -9.990e-29
 271.815712     -3.552   0.672533    22.1756    -1.6140     -3.522     0.3478    -2.0036 -9.990e-29
 271.815718     -3.539   0.672425    22.1722    -1.6145     -3.509     0.3477    -2.0028 -9.990e-29
 271.815723     -3.527   0.672784    22.1649    -1.6148     -3.498     0.3480    -2.0009 -9.990e-29
 271.815729     -3.511   0.673535    22.1576    -1.6150     -3.482     0.3484    -1.9989 -9.990e-29
 271.815735     -3.490   0.674575    22.1547    -1.6151     -3.461     0.3490    -1.9978 -9.990e-29
 271.815741     -3.463   0.675630    22.1559    -1.6149     -3.434     0.3495    -1.9977 -9.990e-29
 271.815747     -3.431   0.676447    22.1580    -1.6148     -3.402     0.3500    -1.9978 -9.990e-29
 271.815752     -3.403   0.677009    22.1578    -1.6145     -3.375     0.3503    -1.9976 -9.990e-29
 271.815758     -3.380   0.676959    22.1528    -1.6145     -3.352     0.3503    -1.9964 -9.990e-29
 271.815764     -3.360   0.676231    22.1430    -1.6145     -3.332     0.3500    -1.9944 -9.990e-29
 271.815770     -3.343   0.675520    22.1312    -1.6143     -3.315     0.3497    -1.9919 -9.990e-29
 271.815775     -3.327   0.675541    22.1210    -1.6140     -3.299     0.3498    -1.9895 -9.990e-29
 271.815781     -3.312   0.676322    22.1146    -1.6130     -3.284     0.3502    -1.9877 -9.990e-29
 271.815787     -3.296   0.677244    22.1128    -1.6120     -3.269     0.3507    -1.9869 -9.990e-29
 271.815793     -3.278   0.677877    22.1150    -1.6102     -3.251     0.3511    -1.9871 -9.990e-29
 271.815799     -3.258   0.678514    22.1195    -1.6072     -3.231     0.3514    -1.9879 -9.990e-29
 271.815804     -3.234   0.679453    22.1243    -1.6063     -3.207     0.3518    -1.9887 -9.990e-29
 271.815810     -3.204   0.680838    22.1275    -1.6063     -3.177     0.3525    -1.9889 -9.990e-29
 271.815816     -3.171   0.683409    22.1299    -1.6058     -3.145     0.3539    -1.9884 -9.990e-29
 271.815822     -3.141   0.689487    22.1340    -1.6057     -3.115     0.3571    -1.9869 -9.990e-29
 271.815828     -3.117   0.705516    22.1413    -1.6061     -3.091     0.3656    -1.9821 -9.990e-29
 271.815833     -3.097   0.739021    22.1517    -1.6066     -3.071     0.3834    -1.9709 -9.990e-29
 271.815839     -3.080   0.802546    22.1635    -1.6069     -3.054     0.4174    -1.9478 -9.990e-29
 271.815845     -3.065   0.913754    22.1732    -1.6071     -3.039     0.4774    -1.9045 -9.990e-29
 271.815851     -3.050   1.089065    22.1781    -1.6072     -3.025     0.5728    -1.8331 -9.990e-29
 271.815856     -3.036   1.353338    22.1809    -1.6074     -3.011     0.7183    -1.7233 -9.990e-29
 271.815862     -3.020   1.654380    22.1842    -1.6074     -2.995     0.8863    -1.5966 -9.990e-29
 271.815868     -3.002   1.860940    22.1871    -1.6075     -2.977     1.0026    -1.5091 -9.990e-29
 271.815874     -2.981   1.952988    22.1887    -1.6075     -2.956     1.0547    -1.4699 -9.990e-29
 271.815880     -2.960   1.997264    22.1895    -1.6075     -2.935     1.0799    -1.4511 -9.990e-29
 271.815885     -2.942   2.004574    22.1900    -1.6073     -2.917     1.0840    -1.4480 -9.990e-29
 271.815891     -2.926   1.965815    22.1904    -1.6072     -2.902     1.0620    -1.4648 -9.990e-29
 271.815897     -2.909   1.903050    22.1915    -1.6072     -2.885     1.0264    -1.4921 -9.990e-29
 271.815903     -2.893   1.844584    22.1939    -1.6074     -2.869     0.9932    -1.5177 -9.990e-29
 271.815909     -2.875   1.798393    22.1975    -1.6073     -2.851     0.9671    -1.5384 -9.990e-29
 271.815914     -2.854   1.756110    22.2022    -1.6073     -2.830     0.9431    -1.5576 -9.990e-29
 271.815920     -2.833   1.713469    22.2080    -1.6071     -2.809     0.9190    -1.5773 -9.990e-29
 271.815926     -2.816   1.671822    22.2148    -1.6073     -2.793     0.8955    -1.5967 -9.990e-29
 271.815932     -2.801   1.630518    22.2224    -1.6079     -2.778     0.8721    -1.6161 -9.990e-29
 271.815938     -2.787   1.591581    22.2301    -1.6085     -2.764     0.8502    -1.6346 -9.990e-29
 271.815943     -2.774   1.559082    22.2365    -1.6088     -2.751     0.8319    -1.6499 -9.990e-29
 271.815949     -2.759   1.533478    22.2411    -1.6090     -2.736     0.8175    -1.6619 -9.990e-29
 271.815955     -2.744   1.511119    22.2444    -1.6095     -2.721     0.8050    -1.6721 -9.990e-29
 271.815961     -2.726   1.488246    22.2472    -1.6097     -2.703     0.7922    -1.6825 -9.990e-29
 271.815966     -2.704   1.465403    22.2494    -1.6098     -2.681     0.7794    -1.6927 -9.990e-29
 271.815972     -2.682   1.448162    22.2496    -1.6096     -2.660     0.7699    -1.7000 -9.990e-29
 271.815978     -2.662   1.439030    22.2459    -1.6094     -2.640     0.7648    -1.7029 -9.990e-29
 271.815984     -2.639   1.429715    22.2373    -1.6093     -2.617     0.7598    -1.7048 -9.990e-29
 271.815990     -2.610   1.411125    22.2259    -1.6091     -2.588     0.7497    -1.7098 -9.990e-29
 271.815995     -2.584   1.387849    22.2145    -1.6088     -2.562     0.7369    -1.7169 -9.990e-29
 271.816001     -2.562   1.370977    22.2041    -1.6087     -2.541     0.7278    -1.7214 -9.990e-29
 271.816007     -2.544   1.364062    22.1954    -1.6086     -2.523     0.7241    -1.7222 -9.990e-29
 271.816013     -2.527   1.359548    22.1904    -1.6088     -2.506     0.7216    -1.7229 -9.990e-29
 271.816019     -2.511   1.348647    22.1902    -1.6092     -2.490     0.7156    -1.7275 -9.990e-29
 271.816024     -2.495   1.334008    22.1948    -1.6094     -2.474     0.7074    -1.7347 -9.990e-29
 271.816030     -2.478   1.322715    22.2033    -1.6096     -2.457     0.7010    -1.7415 -9.990e-29
 271.816036     -2.459   1.312462    22.2139    -1.6098     -2.438     0.6952    -1.7484 -9.990e-29
 271.816042     -2.436   1.294568    22.2249    -1.6100     -2.416     0.6851    -1.7586 -9.990e-29
 271.816047     -2.413   1.269006    22.2341    -1.6097     -2.393     0.6709    -1.7715 -9.990e-29
 271.816053     -2.392   1.244920    22.2403    -1.6094     -2.372     0.6575    -1.7831 -9.990e-29
 271.816059     -2.372   1.227882    22.2428    -1.6091     -2.352     0.6481    -1.7908 -9.990e-29
 271.816065     -2.351   1.216788    22.2409    -1.6088     -2.331     0.6420    -1.7950 -9.990e-29
 271.816071     -2.329   1.206823    22.2355    -1.6085     -2.310     0.6366    -1.7978 -9.990e-29
 271.816076     -2.308   1.193569    22.2290    -1.6083     -2.289     0.6294    -1.8018 -9.990e-29
 271.816082     -2.291   1.179862    22.2226    -1.6082     -2.272     0.6220    -1.8060 -9.990e-29
 271.816088     -2.276   1.171809    22.2175    -1.6083     -2.257     0.6176    -1.8081 -9.990e-29
 271.816094     -2.264   1.169205    22.2168    -1.6083     -2.245     0.6162    -1.8090 -9.990e-29
 271.816100     -2.253   1.168023    22.2227    -1.6084     -2.234     0.6155    -1.8109 -9.990e-29
 271.816105     -2.243   1.164473    22.2330    -1.6084     -2.224     0.6134    -1.8149 -9.990e-29
 271.816111     -2.233   1.156590    22.2446    -1.6084     -2.214     0.6089    -1.8210 -9.990e-29
 271.816117     -2.222   1.146610    22.2558    -1.6085     -2.203     0.6033    -1.8278 -9.990e-29
 271.816123     -2.209   1.137851    22.2656    -1.6087     -2.191     0.5984    -1.8338 -9.990e-29
 271.816128     -2.194   1.131379    22.2733    -1.6090     -2.176     0.5947    -1.8384 -9.990e-29
 271.816134     -2.176   1.125769    22.2784    -1.6092     -2.158     0.5916    -1.8419 -9.990e-29
 271.816140     -2.154   1.117973    22.2814    -1.6095     -2.136     0.5873    -1.8459 -9.990e-29
 271.816146     -2.131   1.105909    22.2832    -1.6097     -2.113     0.5807    -1.8513 -9.990e-29
 271.816152     -2.108   1.090669    22.2849    -1.6099     -2.090     0.5723    -1.8580 -9.990e-29
 271.816157     -2.086   1.075207    22.2863    -1.6101     -2.069     0.5638    -1.8648 -9.990e-29
 271.816163     -2.067   1.061069    22.2861    -1.6104     -2.050     0.5561    -1.8706 -9.990e-29
 271.816169     -2.053   1.048245    22.2830    -1.6107     -2.036     0.5492    -1.8752 -9.990e-29
 271.816175     -2.044   1.037368    22.2770    -1.6108     -2.027     0.5433    -1.8782 -9.990e-29
 271.816181     -2.036   1.030004    22.2694    -1.6109     -2.019     0.5394    -1.8794 -9.990e-29
 271.816186     -2.023   1.026862    22.2609    -1.6111     -2.006     0.5378    -1.8787 -9.990e-29
 271.816192     -2.009   1.026523    22.2522    -1.6112     -1.992     0.5377    -1.8768 -9.990e-29
 271.816198     -1.997   1.026874    22.2446    -1.6112     -1.980     0.5380    -1.8748 -9.990e-29
 271.816204     -1.987   1.026722    22.2381    -1.6111     -1.970     0.5380    -1.8733 -9.990e-29
 271.816209     -1.977   1.024755    22.2315    -1.6110     -1.961     0.5370    -1.8725 -9.990e-29
 271.816215     -1.968   1.020012    22.2243    -1.6106     -1.952     0.5345    -1.8728 -9.990e-29
 271.816221     -1.958   1.013372    22.2179    -1.6101     -1.942     0.5310    -1.8740 -9.990e-29
 271.816227     -1.947   1.005957    22.2133    -1.6099     -1.931     0.5270    -1.8760 -9.990e-29
 271.816233     -1.935   0.997852    22.2097    -1.6095     -1.919     0.5226    -1.8784 -9.990e-29
 271.816238     -1.920   0.989886    22.2068    -1.6093     -1.904     0.5183    -1.8810 -9.990e-29
 271.816244     -1.906   0.983627    22.2056    -1.6090     -1.890     0.5149    -1.8833 -9.990e-29
 271.816250     -1.896   0.978487    22.2070    -1.6088     -1.880     0.5121    -1.8858 -9.990e-29
 271.816256     -1.890   0.972601    22.2109    -1.6088     -1.874     0.5089    -1.8892 -9.990e-29
 271.816262     -1.887   0.965876    22.2178    -1.6088     -1.871     0.5052    -1.8936 -9.990e-29
 271.816267     -1.882   0.959874    22.2283    -1.6089     -1.866     0.5018    -1.8986 -9.990e-29
 271.816273     -1.872   0.956010    22.2408    -1.6088     -1.856     0.4995    -1.9031 -9.990e-29
 271.816279     -1.855   0.954119    22.2529    -1.6086     -1.840     0.4984    -1.9068 -9.990e-29
 271.816285     -1.835   0.952790    22.2640    -1.6084     -1.820     0.4975    -1.9100 -9.990e-29
 271.816291     -1.815   0.950805    22.2742    -1.6082     -1.800     0.4964    -1.9132 -9.990e-29
