data/oxygen options/OCNMS/OCNMS1/raw_data/2018/CAST_CA042_180825faed.cnv
* Sea-Bird SBE19 Data File:
* FileName = C:\2018 Mooring Data\Casts\CAST_CA042_180825.hex
* Software Version 1.59
* Temperature SN = 2997
* Conductivity SN = 2997
* System UpLoad Time = Aug 25 2018 21:37:45
** CAST_CA042_180825
* ds
# nquan = 9                                 
# nvalues = 962                         
# units = specified
# name 0 = timeJ: Julian Days
# name 1 = prSM: Pressure, Strain Gauge [db]
# name 2 = c0mS/cm: Conductivity [mS/cm]
# name 3 = t090C: Temperature [ITS-90, deg C]
# name 4 = sbeox0ML/L: Oxygen, SBE 43 [ml/l]
# name 5 = depSM: Depth [salt water, m], lat = 47.5
# name 6 = sal00: Salinity, Practical [PSU]
# name 7 = sigma-é00: Density [sigma-theta, kg/m^3]
# name 8 = flag: flag
# span 0 = 237.840729, 237.846291       
# span 1 =     -5.142,     44.424       
# span 2 =   0.717455,  37.584081       
# span 3 =     8.4148,    12.1731       
# span 4 =    -1.9774,    14.6718       
# span 5 =     -5.099,     44.048       
# span 6 =     0.4719,    33.4642       
# span 7 =    -0.1504,    26.0005       
# span 8 = 0.0000e+00, 0.0000e+00       
# interval = seconds: 0.5
# start_time = Aug 25 2018 20:10:39 [Instrument's time stamp, header]
# bad_flag = -9.990e-29
*END*
 237.840729     -5.142 -9.990e-29    12.1731    -1.9651     -5.099 -9.990e-29 -9.990e-29 -9.990e-29
 237.840735     -5.127   0.718971    12.1671    -1.9651     -5.084     0.4728    -0.1504 -9.990e-29
 237.840741     -5.117   0.718130    12.1602    -1.9651     -5.074     0.4723    -0.1500 -9.990e-29
 237.840747     -5.104   0.717455    12.1539    -1.9653     -5.061     0.4719    -0.1496 -9.990e-29
 237.840752     -5.085   0.717709    12.1486    -1.9652     -5.043     0.4721    -0.1488 -9.990e-29
 237.840758     -5.059   0.719047    12.1453    -1.9652     -5.017     0.4731    -0.1476 -9.990e-29
 237.840764     -5.027   0.721036    12.1447    -1.9651     -4.985     0.4745    -0.1465 -9.990e-29
 237.840770     -4.996   0.723372    12.1454    -1.9649     -4.954     0.4761    -0.1453 -9.990e-29
 237.840775     -4.970   0.725845    12.1454    -1.9649     -4.929     0.4778    -0.1440 -9.990e-29
 237.840781     -4.945   0.727688    12.1443    -1.9650     -4.904     0.4790    -0.1429 -9.990e-29
 237.840787     -4.921   0.728035    12.1430    -1.9652     -4.880     0.4793    -0.1426 -9.990e-29
 237.840793     -4.896   0.727348    12.1415    -1.9650     -4.855     0.4788    -0.1427 -9.990e-29
 237.840799     -4.867   0.727485    12.1401    -1.9649     -4.826     0.4789    -0.1425 -9.990e-29
 237.840804     -4.839   0.729737    12.1399    -1.9649     -4.799     0.4805    -0.1412 -9.990e-29
 237.840810     -4.813   0.733229    12.1407    -1.9648     -4.773     0.4829    -0.1395 -9.990e-29
 237.840816     -4.788   0.735966    12.1423    -1.9648     -4.748     0.4847    -0.1382 -9.990e-29
 237.840822     -4.762   0.737165    12.1437    -1.9647     -4.722     0.4855    -0.1378 -9.990e-29
 237.840828     -4.733   0.737869    12.1436    -1.9648     -4.694     0.4860    -0.1374 -9.990e-29
 237.840833     -4.704   0.739572    12.1424    -1.9651     -4.665     0.4872    -0.1363 -9.990e-29
 237.840839     -4.677   0.742330    12.1417    -1.9652     -4.638     0.4891    -0.1347 -9.990e-29
 237.840845     -4.651   0.744831    12.1426    -1.9654     -4.612     0.4908    -0.1335 -9.990e-29
 237.840851     -4.624   0.746531    12.1437    -1.9655     -4.585     0.4919    -0.1328 -9.990e-29
 237.840856     -4.594   0.748590    12.1442    -1.9654     -4.556     0.4933    -0.1317 -9.990e-29
 237.840862     -4.559   0.752646    12.1443    -1.9651     -4.521     0.4961    -0.1296 -9.990e-29
 237.840868     -4.522   0.759120    12.1440    -1.9649     -4.484     0.5006    -0.1261 -9.990e-29
 237.840874     -4.488   0.766113    12.1429    -1.9648     -4.451     0.5054    -0.1222 -9.990e-29
 237.840880     -4.460   0.771307    12.1404    -1.9645     -4.423     0.5090    -0.1191 -9.990e-29
 237.840885     -4.435   0.774978    12.1365    -1.9644     -4.398     0.5115    -0.1166 -9.990e-29
 237.840891     -4.413   0.778696    12.1320    -1.9643     -4.376     0.5142    -0.1140 -9.990e-29
 237.840897     -4.392   0.783539    12.1279    -1.9643     -4.355     0.5175    -0.1109 -9.990e-29
 237.840903     -4.371   0.789868    12.1255    -1.9644     -4.335     0.5219    -0.1072 -9.990e-29
 237.840909     -4.348   0.796699    12.1258    -1.9645     -4.312     0.5266    -0.1036 -9.990e-29
 237.840914     -4.321   0.803164    12.1281    -1.9646     -4.285     0.5310    -0.1004 -9.990e-29
 237.840920     -4.290   0.810123    12.1307    -1.9647     -4.254     0.5358    -0.0970 -9.990e-29
 237.840926     -4.255   0.819095    12.1332    -1.9647     -4.220     0.5419    -0.0925 -9.990e-29
 237.840932     -4.225   0.829850    12.1354    -1.9651     -4.190     0.5493    -0.0870 -9.990e-29
 237.840938     -4.201   0.840100    12.1366    -1.9655     -4.166     0.5564    -0.0817 -9.990e-29
 237.840943     -4.181   0.848544    12.1364    -1.9655     -4.146     0.5622    -0.0771 -9.990e-29
 237.840949     -4.160   0.856464    12.1349    -1.9656     -4.125     0.5677    -0.0726 -9.990e-29
 237.840955     -4.132   0.865553    12.1325    -1.9655     -4.098     0.5740    -0.0674 -9.990e-29
 237.840961     -4.100   0.875178    12.1298    -1.9653     -4.066     0.5807    -0.0619 -9.990e-29
 237.840966     -4.067   0.883210    12.1273    -1.9650     -4.033     0.5863    -0.0572 -9.990e-29
 237.840972     -4.029   0.888716    12.1250    -1.9650     -3.995     0.5901    -0.0540 -9.990e-29
 237.840978     -3.989   0.891833    12.1219    -1.9648     -3.956     0.5923    -0.0519 -9.990e-29
 237.840984     -3.953   0.892837    12.1169    -1.9649     -3.920     0.5931    -0.0507 -9.990e-29
 237.840990     -3.924   0.892514    12.1116    -1.9649     -3.891     0.5930    -0.0502 -9.990e-29
 237.840995     -3.898   0.892099    12.1080    -1.9649     -3.866     0.5927    -0.0499 -9.990e-29
 237.841001     -3.874   0.893256    12.1061    -1.9649     -3.842     0.5936    -0.0491 -9.990e-29
 237.841007     -3.851   0.897528    12.1059    -1.9649     -3.819     0.5965    -0.0467 -9.990e-29
 237.841013     -3.828   0.905069    12.1074    -1.9648     -3.796     0.6017    -0.0429 -9.990e-29
 237.841019     -3.803   0.914295    12.1100    -1.9648     -3.771     0.6081    -0.0382 -9.990e-29
 237.841024     -3.775   0.922539    12.1128    -1.9648     -3.744     0.6138    -0.0341 -9.990e-29
 237.841030     -3.745   0.927491    12.1152    -1.9646     -3.714     0.6172    -0.0317 -9.990e-29
 237.841036     -3.716   0.928547    12.1163    -1.9644     -3.685     0.6179    -0.0313 -9.990e-29
 237.841042     -3.687   0.927118    12.1157    -1.9643     -3.656     0.6169    -0.0320 -9.990e-29
 237.841047     -3.660   0.926287    12.1142    -1.9645     -3.629     0.6163    -0.0323 -9.990e-29
 237.841053     -3.636   0.929384    12.1131    -1.9649     -3.606     0.6185    -0.0304 -9.990e-29
 237.841059     -3.616   0.936105    12.1134    -1.9653     -3.586     0.6232    -0.0268 -9.990e-29
 237.841065     -3.598   0.942108    12.1150    -1.9657     -3.568     0.6273    -0.0238 -9.990e-29
 237.841071     -3.579   0.943755    12.1170    -1.9660     -3.549     0.6284    -0.0232 -9.990e-29
 237.841076     -3.560   0.941027    12.1191    -1.9664     -3.530     0.6265    -0.0249 -9.990e-29
 237.841082     -3.540   0.936939    12.1217    -1.9665     -3.510     0.6236    -0.0275 -9.990e-29
 237.841088     -3.515   0.934913    12.1240    -1.9664     -3.486     0.6222    -0.0289 -9.990e-29
 237.841094     -3.491   0.935576    12.1240    -1.9663     -3.462     0.6226    -0.0285 -9.990e-29
 237.841100     -3.473   0.937040    12.1208    -1.9666     -3.444     0.6237    -0.0273 -9.990e-29
 237.841105     -3.460   0.937377    12.1150    -1.9669     -3.431     0.6240    -0.0264 -9.990e-29
 237.841111     -3.443   0.935375    12.1077    -1.9672     -3.414     0.6227    -0.0265 -9.990e-29
 237.841117     -3.421   0.932246    12.0999    -1.9674     -3.392     0.6207    -0.0272 -9.990e-29
 237.841123     -3.402   0.930472    12.0927    -1.9674     -3.374     0.6196    -0.0272 -9.990e-29
 237.841128     -3.387   0.929907    12.0871    -1.9675     -3.359     0.6193    -0.0268 -9.990e-29
 237.841134     -3.377   0.929244    12.0842    -1.9674     -3.349     0.6189    -0.0268 -9.990e-29
 237.841140     -3.366   0.927600    12.0836    -1.9674     -3.338     0.6177    -0.0276 -9.990e-29
 237.841146     -3.349   0.924449    12.0824    -1.9675     -3.321     0.6156    -0.0291 -9.990e-29
 237.841152     -3.329   0.921688    12.0783    -1.9673     -3.301     0.6137    -0.0301 -9.990e-29
 237.841157     -3.310   0.921735    12.0723    -1.9670     -3.282     0.6138    -0.0293 -9.990e-29
 237.841163     -3.291   0.924652    12.0669    -1.9667     -3.264     0.6160    -0.0270 -9.990e-29
 237.841169     -3.269   0.928234    12.0628    -1.9667     -3.242     0.6185    -0.0245 -9.990e-29
 237.841175     -3.244   0.930051    12.0592    -1.9666     -3.217     0.6198    -0.0231 -9.990e-29
 237.841181     -3.215   0.932526    12.0555    -1.9665     -3.188     0.6216    -0.0213 -9.990e-29
 237.841186     -3.182   0.941179    12.0517    -1.9663     -3.155     0.6277    -0.0161 -9.990e-29
 237.841192     -3.154   0.957569    12.0484    -1.9659     -3.128     0.6392    -0.0068 -9.990e-29
 237.841198     -3.132   0.978053    12.0469    -1.9657     -3.106     0.6535     0.0046 -9.990e-29
 237.841204     -3.116   0.996682    12.0474    -1.9656     -3.090     0.6664     0.0146 -9.990e-29
 237.841209     -3.103   1.010576    12.0483    -1.9655     -3.077     0.6761     0.0221 -9.990e-29
 237.841215     -3.094   1.023849    12.0484    -1.9657     -3.068     0.6854     0.0293 -9.990e-29
 237.841221     -3.083   1.042005    12.0483    -1.9660     -3.057     0.6981     0.0392 -9.990e-29
 237.841227     -3.066   1.063196    12.0492    -1.9660     -3.040     0.7129     0.0507 -9.990e-29
 237.841233     -3.045   1.080196    12.0519    -1.9659     -3.020     0.7248     0.0596 -9.990e-29
 237.841238     -3.024   1.089064    12.0560    -1.9656     -2.999     0.7309     0.0639 -9.990e-29
 237.841244     -3.001   1.092199    12.0608    -1.9658     -2.976     0.7330     0.0650 -9.990e-29
 237.841250     -2.975   1.094892    12.0647    -1.9661     -2.950     0.7349     0.0660 -9.990e-29
 237.841256     -2.944   1.100183    12.0671    -1.9666     -2.919     0.7385     0.0685 -9.990e-29
 237.841262     -2.910   1.106256    12.0675    -1.9670     -2.886     0.7428     0.0718 -9.990e-29
 237.841267     -2.880   1.109569    12.0656    -1.9672     -2.856     0.7451     0.0739 -9.990e-29
 237.841273     -2.857   1.109550    12.0625    -1.9674     -2.833     0.7452     0.0743 -9.990e-29
 237.841279     -2.838   1.108947    12.0601    -1.9677     -2.814     0.7448     0.0743 -9.990e-29
 237.841285     -2.823   1.111392    12.0588    -1.9676     -2.799     0.7466     0.0758 -9.990e-29
 237.841291     -2.810   1.119593    12.0573    -1.9679     -2.787     0.7523     0.0805 -9.990e-29
 237.841296     -2.800   1.132844    12.0541    -1.9682     -2.777     0.7617     0.0881 -9.990e-29
 237.841302     -2.790   1.144421    12.0495    -1.9685     -2.767     0.7700     0.0951 -9.990e-29
 237.841308     -2.781   1.146477    12.0437    -1.9690     -2.758     0.7715     0.0970 -9.990e-29
 237.841314     -2.771   1.138427    12.0373    -1.9697     -2.748     0.7660     0.0934 -9.990e-29
 237.841319     -2.762   1.127280    12.0315    -1.9700     -2.739     0.7583     0.0881 -9.990e-29
 237.841325     -2.750   1.120351    12.0272    -1.9703     -2.727     0.7535     0.0849 -9.990e-29
 237.841331     -2.737   1.118383    12.0246    -1.9703     -2.714     0.7521     0.0841 -9.990e-29
 237.841337     -2.721   1.115981    12.0234    -1.9697     -2.698     0.7505     0.0830 -9.990e-29
 237.841343     -2.701   1.108281    12.0213    -1.9694     -2.678     0.7451     0.0790 -9.990e-29
 237.841348     -2.680   1.096106    12.0170    -1.9692     -2.658     0.7366     0.0729 -9.990e-29
 237.841354     -2.662   1.083180    12.0110    -1.9690     -2.640     0.7277     0.0666 -9.990e-29
 237.841360     -2.639   1.071120    12.0033    -1.9689     -2.617     0.7193     0.0610 -9.990e-29
 237.841366     -2.613   1.059370    11.9950    -1.9689     -2.591     0.7113     0.0557 -9.990e-29
 237.841372     -2.588   1.047785    11.9882    -1.9693     -2.566     0.7033     0.0502 -9.990e-29
 237.841377     -2.568   1.038106    11.9847    -1.9693     -2.547     0.6965     0.0454 -9.990e-29
 237.841383     -2.551   1.031845    11.9861    -1.9696     -2.530     0.6921     0.0418 -9.990e-29
 237.841389     -2.537   1.028970    11.9918    -1.9698     -2.516     0.6900     0.0395 -9.990e-29
 237.841395     -2.524   1.028974    11.9987    -1.9698     -2.503     0.6899     0.0386 -9.990e-29
 237.841400     -2.512   1.029647    12.0048    -1.9699     -2.491     0.6902     0.0382 -9.990e-29
 237.841406     -2.500   1.027453    12.0098    -1.9699     -2.479     0.6886     0.0363 -9.990e-29
 237.841412     -2.487   1.021130    12.0133    -1.9695     -2.466     0.6841     0.0324 -9.990e-29
 237.841418     -2.472   1.012228    12.0143    -1.9695     -2.451     0.6779     0.0274 -9.990e-29
 237.841424     -2.455   1.002738    12.0129    -1.9697     -2.435     0.6713     0.0224 -9.990e-29
 237.841429     -2.439   0.993866    12.0104    -1.9699     -2.419     0.6651     0.0179 -9.990e-29
 237.841435     -2.426   0.985980    12.0077    -1.9702     -2.406     0.6597     0.0140 -9.990e-29
 237.841441     -2.412   0.978547    12.0056    -1.9706     -2.392     0.6545     0.0102 -9.990e-29
 237.841447     -2.396   0.971633    12.0043    -1.9708     -2.376     0.6497     0.0066 -9.990e-29
 237.841453     -2.381   0.966187    12.0043    -1.9711     -2.361     0.6459     0.0036 -9.990e-29
 237.841458     -2.362   0.962155    12.0062    -1.9715     -2.342     0.6431     0.0012 -9.990e-29
 237.841464     -2.337   0.959333    12.0093    -1.9720     -2.318     0.6410    -0.0007 -9.990e-29
 237.841470     -2.314   0.957286    12.0109    -1.9722     -2.295     0.6396    -0.0021 -9.990e-29
 237.841476     -2.296   0.954022    12.0097    -1.9720     -2.277     0.6373    -0.0037 -9.990e-29
 237.841481     -2.281   0.948516    12.0061    -1.9718     -2.262     0.6335    -0.0062 -9.990e-29
 237.841487     -2.268   0.942294    12.0011    -1.9721     -2.249     0.6293    -0.0090 -9.990e-29
 237.841493     -2.257   0.937037    11.9955    -1.9721     -2.238     0.6257    -0.0111 -9.990e-29
 237.841499     -2.247   0.932390    11.9902    -1.9720     -2.228     0.6226    -0.0129 -9.990e-29
 237.841505     -2.237   0.926589    11.9844    -1.9716     -2.218     0.6186    -0.0153 -9.990e-29
 237.841510     -2.226   0.919107    11.9774    -1.9713     -2.207     0.6135    -0.0185 -9.990e-29
 237.841516     -2.214   0.911610    11.9709    -1.9714     -2.196     0.6084    -0.0218 -9.990e-29
 237.841522     -2.200   0.906294    11.9676    -1.9718     -2.182     0.6048    -0.0242 -9.990e-29
 237.841528     -2.184   0.903834    11.9681    -1.9720     -2.166     0.6030    -0.0256 -9.990e-29
 237.841534     -2.163   0.902612    11.9694    -1.9722     -2.145     0.6022    -0.0264 -9.990e-29
 237.841539     -2.138   0.900445    11.9696    -1.9723     -2.120     0.6007    -0.0276 -9.990e-29
 237.841545     -2.110   0.897214    11.9707    -1.9724     -2.092     0.5984    -0.0295 -9.990e-29
 237.841551     -2.087   0.894154    11.9744    -1.9723     -2.070     0.5962    -0.0317 -9.990e-29
 237.841557     -2.070   0.891063    11.9795    -1.9717     -2.053     0.5940    -0.0340 -9.990e-29
 237.841563     -2.060   0.887146    11.9832    -1.9711     -2.043     0.5912    -0.0366 -9.990e-29
 237.841568     -2.051   0.882725    11.9835    -1.9706     -2.034     0.5881    -0.0390 -9.990e-29
 237.841574     -2.038   0.878001    11.9810    -1.9704     -2.021     0.5849    -0.0413 -9.990e-29
 237.841580     -2.025   0.872774    11.9779    -1.9706     -2.008     0.5813    -0.0437 -9.990e-29
 237.841586     -2.015   0.867279    11.9751    -1.9704     -1.998     0.5775    -0.0463 -9.990e-29
 237.841591     -2.008   0.861950    11.9733    -1.9704     -1.991     0.5739    -0.0490 -9.990e-29
 237.841597     -2.003   0.857441    11.9737    -1.9705     -1.986     0.5707    -0.0515 -9.990e-29
 237.841603     -2.000   0.854394    11.9780    -1.9708     -1.983     0.5686    -0.0537 -9.990e-29
 237.841609     -1.999   0.852624    11.9869    -1.9709     -1.982     0.5672    -0.0558 -9.990e-29
 237.841615     -1.995   0.850878    11.9978    -1.9710     -1.978     0.5658    -0.0581 -9.990e-29
 237.841620     -1.983   0.848493    12.0067    -1.9711     -1.966     0.5640    -0.0605 -9.990e-29
 237.841626     -1.968   0.846167    12.0119    -1.9712     -1.952     0.5624    -0.0624 -9.990e-29
 237.841632     -1.953   0.844127    12.0145    -1.9713     -1.937     0.5609    -0.0639 -9.990e-29
 237.841638     -1.936   0.841868    12.0164    -1.9714     -1.920     0.5593    -0.0653 -9.990e-29
 237.841644     -1.916   0.839151    12.0168    -1.9716     -1.900     0.5574    -0.0668 -9.990e-29
 237.841649     -1.893   0.836231    12.0153    -1.9717     -1.877     0.5554    -0.0682 -9.990e-29
