data/oxygen options/OCNMS/OCNMS1/raw_data/2018/CAST_CE015_180611faed.cnv
* Sea-Bird SBE19 Data File:
* FileName = C:\2018 Mooring Data\Casts\CAST_CE015_180611.hex
* Software Version 1.59
* Temperature SN = 2997
* Conductivity SN = 2997
* System UpLoad Time = Jun 11 2018 18:51:36
** CAST_CE015_180611
* ds
# nquan = 9                                 
# nvalues = 816                         
# units = specified
# name 0 = timeJ: Julian Days
# name 1 = prSM: Pressure, Strain Gauge [db]
# name 2 = c0mS/cm: Conductivity [mS/cm]
# name 3 = t090C: Temperature [ITS-90, deg C]
# name 4 = sbeox0ML/L: Oxygen, SBE 43 [ml/l]
# name 5 = depSM: Depth [salt water, m], lat = 47.5
# name 6 = sal00: Salinity, Practical [PSU]
# name 7 = sigma-é00: Density [sigma-theta, kg/m^3]
# name 8 = flag: flag
# span 0 = 162.778380, 162.783096       
# span 1 =     -5.186,     16.418       
# span 2 =   0.388028,  36.425768       
# span 3 =    12.1331,    15.5156       
# span 4 =    -1.8726,    14.8096       
# span 5 =     -5.143,     16.280       
# span 6 =     0.2320,    31.4124       
# span 7 =    -0.7700,    23.7794       
# span 8 = 0.0000e+00, 0.0000e+00       
# interval = seconds: 0.5
# start_time = Jun 11 2018 18:40:52 [Instrument's time stamp, header]
# bad_flag = -9.990e-29
*END*
[from data line 161]
 162.779311     -1.835   0.659976    15.1021    -1.8461     -1.820     0.4017    -0.6032 -9.990e-29
 162.779317     -1.817   0.657150    15.1057    -1.8464     -1.802     0.3999    -0.6052 -9.990e-29
 162.779323     -1.806   0.658066    15.1094    -1.8467     -1.791     0.4004    -0.6053 -9.990e-29
 162.779329     -1.801   0.661177    15.1134    -1.8467     -1.786     0.4023    -0.6044 -9.990e-29
 162.779334     -1.799   0.663427    15.1159    -1.8472     -1.784     0.4037    -0.6037 -9.990e-29
 162.779340     -1.789   0.662830    15.1149    -1.8476     -1.774     0.4033    -0.6039 -9.990e-29
 162.779346     -1.772   0.660250    15.1104    -1.8479     -1.757     0.4018    -0.6044 -9.990e-29
 162.779352     -1.755   0.658899    15.1036    -1.8481     -1.740     0.4010    -0.6040 -9.990e-29
 162.779358     -1.741   0.660852    15.0967    -1.8481     -1.726     0.4023    -0.6019 -9.990e-29
 162.779363     -1.729   0.663728    15.0908    -1.8482     -1.715     0.4042    -0.5996 -9.990e-29
 162.779369     -1.723   0.662496    15.0856    -1.8482     -1.709     0.4034    -0.5993 -9.990e-29
 162.779375     -1.723   0.654958    15.0811    -1.8482     -1.709     0.3987    -0.6023 -9.990e-29
 162.779381     -1.720   0.643808    15.0757    -1.8481     -1.706     0.3917    -0.6069 -9.990e-29
 162.779387     -1.713   0.633571    15.0677    -1.8479     -1.699     0.3854    -0.6106 -9.990e-29
 162.779392     -1.707   0.627223    15.0589    -1.8477     -1.693     0.3815    -0.6122 -9.990e-29
 162.779398     -1.700   0.625165    15.0514    -1.8473     -1.686     0.3802    -0.6120 -9.990e-29
 162.779404     -1.694   0.625760    15.0460    -1.8470     -1.680     0.3807    -0.6109 -9.990e-29
 162.779410     -1.687   0.627585    15.0432    -1.8470     -1.673     0.3818    -0.6096 -9.990e-29
 162.779416     -1.678   0.630304    15.0426    -1.8472     -1.664     0.3836    -0.6081 -9.990e-29
 162.779421     -1.668   0.632000    15.0436    -1.8471     -1.654     0.3846    -0.6075 -9.990e-29
 162.779427     -1.656   0.629394    15.0461    -1.8470     -1.642     0.3830    -0.6091 -9.990e-29
 162.779433     -1.641   0.622336    15.0500    -1.8468     -1.627     0.3785    -0.6132 -9.990e-29
 162.779439     -1.625   0.614713    15.0548    -1.8469     -1.611     0.3736    -0.6177 -9.990e-29
 162.779444     -1.613   0.610212    15.0606    -1.8474     -1.600     0.3708    -0.6208 -9.990e-29
 162.779450     -1.604   0.609481    15.0672    -1.8477     -1.591     0.3702    -0.6222 -9.990e-29
 162.779456     -1.602   0.610439    15.0726    -1.8475     -1.589     0.3708    -0.6226 -9.990e-29
 162.779462     -1.605   0.609931    15.0752    -1.8474     -1.592     0.3704    -0.6233 -9.990e-29
 162.779468     -1.607   0.606171    15.0764    -1.8471     -1.594     0.3681    -0.6253 -9.990e-29
 162.779473     -1.603   0.600241    15.0785    -1.8468     -1.590     0.3643    -0.6285 -9.990e-29
 162.779479     -1.592   0.594761    15.0811    -1.8465     -1.579     0.3609    -0.6316 -9.990e-29
 162.779485     -1.578   0.590735    15.0823    -1.8461     -1.565     0.3583    -0.6337 -9.990e-29
 162.779491     -1.564   0.587229    15.0797    -1.8459     -1.551     0.3562    -0.6350 -9.990e-29
 162.779497     -1.551   0.584000    15.0739    -1.8456     -1.538     0.3542    -0.6356 -9.990e-29
 162.779502     -1.540   0.582284    15.0697    -1.8458     -1.527     0.3531    -0.6358 -9.990e-29
 162.779508     -1.536   0.582562    15.0704    -1.8459     -1.523     0.3533    -0.6358 -9.990e-29
 162.779514     -1.534   0.582989    15.0753    -1.8462     -1.521     0.3535    -0.6364 -9.990e-29
 162.779520     -1.526   0.581366    15.0827    -1.8464     -1.513     0.3525    -0.6383 -9.990e-29
 162.779525     -1.510   0.577742    15.0908    -1.8464     -1.497     0.3501    -0.6414 -9.990e-29
 162.779531     -1.495   0.573936    15.0985    -1.8465     -1.483     0.3477    -0.6444 -9.990e-29
 162.779537     -1.484   0.571520    15.1056    -1.8467     -1.472     0.3461    -0.6467 -9.990e-29
 162.779543     -1.475   0.571152    15.1113    -1.8472     -1.463     0.3458    -0.6478 -9.990e-29
 162.779549     -1.470   0.572342    15.1148    -1.8479     -1.458     0.3465    -0.6478 -9.990e-29
 162.779554     -1.462   0.573352    15.1154    -1.8480     -1.450     0.3472    -0.6474 -9.990e-29
 162.779560     -1.447   0.572204    15.1130    -1.8478     -1.435     0.3465    -0.6476 -9.990e-29
 162.779566     -1.433   0.568478    15.1086    -1.8473     -1.421     0.3442    -0.6487 -9.990e-29
 162.779572     -1.428   0.563853    15.1046    -1.8467     -1.416     0.3413    -0.6503 -9.990e-29
 162.779578     -1.426   0.559918    15.1017    -1.8460     -1.414     0.3389    -0.6517 -9.990e-29
 162.779583     -1.424   0.556967    15.0981    -1.8457     -1.412     0.3371    -0.6526 -9.990e-29
 162.779589     -1.421   0.554944    15.0917    -1.8453     -1.409     0.3359    -0.6525 -9.990e-29
 162.779595     -1.418   0.553922    15.0822    -1.8451     -1.406     0.3353    -0.6515 -9.990e-29
 162.779601     -1.413   0.553647    15.0734    -1.8446     -1.401     0.3352    -0.6503 -9.990e-29
 162.779606     -1.407   0.552644    15.0707    -1.8443     -1.395     0.3346    -0.6503 -9.990e-29
 162.779612     -1.398   0.549577    15.0751    -1.8442     -1.386     0.3326    -0.6525 -9.990e-29
 162.779618     -1.388   0.545895    15.0846    -1.8446     -1.376     0.3303    -0.6558 -9.990e-29
 162.779624     -1.375   0.545001    15.0969    -1.8453     -1.364     0.3296    -0.6582 -9.990e-29
 162.779630     -1.357   0.548474    15.1102    -1.8462     -1.346     0.3317    -0.6586 -9.990e-29
 162.779635     -1.335   0.553742    15.1227    -1.8466     -1.324     0.3348    -0.6581 -9.990e-29
 162.779641     -1.311   0.555637    15.1333    -1.8469     -1.300     0.3359    -0.6588 -9.990e-29
 162.779647     -1.292   0.551701    15.1427    -1.8483     -1.281     0.3334    -0.6622 -9.990e-29
 162.779653     -1.280   0.544997    15.1516    -1.8497     -1.269     0.3292    -0.6669 -9.990e-29
 162.779659     -1.272   0.539331    15.1580    -1.8505     -1.261     0.3256    -0.6706 -9.990e-29
 162.779664     -1.262   0.535458    15.1587    -1.8514     -1.251     0.3232    -0.6726 -9.990e-29
 162.779670     -1.249   0.532092    15.1519    -1.8522     -1.239     0.3211    -0.6732 -9.990e-29
 162.779676     -1.234   0.527514    15.1384    -1.8527     -1.224     0.3184    -0.6732 -9.990e-29
 162.779682     -1.218   0.521716    15.1223    -1.8530     -1.208     0.3149    -0.6734 -9.990e-29
 162.779687     -1.206   0.516386    15.1068    -1.8533     -1.196     0.3117    -0.6735 -9.990e-29
 162.779693     -1.196   0.512727    15.0884    -1.8537     -1.186     0.3096    -0.6724 -9.990e-29
 162.779699     -1.187   0.510295    15.0631    -1.8541     -1.177     0.3082    -0.6696 -9.990e-29
 162.779705     -1.181   0.508062    15.0350    -1.8545     -1.171     0.3071    -0.6662 -9.990e-29
 162.779711     -1.175   0.505821    15.0094    -1.8553     -1.165     0.3058    -0.6632 -9.990e-29
 162.779716     -1.169   0.504462    14.9872    -1.8570     -1.159     0.3052    -0.6604 -9.990e-29
 162.779722     -1.164   0.504944    14.9684    -1.8588     -1.154     0.3056    -0.6572 -9.990e-29
 162.779728     -1.159   0.505691    14.9537    -1.8602     -1.149     0.3062    -0.6546 -9.990e-29
 162.779734     -1.154   0.504932    14.9417    -1.8621     -1.144     0.3058    -0.6530 -9.990e-29
 162.779740     -1.147   0.504979    14.9305    -1.8639     -1.137     0.3059    -0.6513 -9.990e-29
 162.779745     -1.140   0.509219    14.9193    -1.8656     -1.130     0.3086    -0.6475 -9.990e-29
 162.779751     -1.130   0.516655    14.9075    -1.8671     -1.121     0.3134    -0.6420 -9.990e-29
 162.779757     -1.119   0.521691    14.8924    -1.8684     -1.110     0.3166    -0.6372 -9.990e-29
 162.779763     -1.109   0.520513    14.8680    -1.8696     -1.100     0.3161    -0.6340 -9.990e-29
 162.779769     -1.103   0.515430    14.8322    -1.8706     -1.094     0.3132    -0.6309 -9.990e-29
 162.779774     -1.098   0.511297    14.7903    -1.8715     -1.089     0.3109    -0.6264 -9.990e-29
 162.779780     -1.089   0.512023    14.7477    -1.8725     -1.080     0.3117    -0.6194 -9.990e-29
 162.779786     -1.075   0.517469    14.7044    -1.8725     -1.066     0.3155    -0.6101 -9.990e-29
 162.779792     -1.060   0.522152    14.6606    -1.8725     -1.051     0.3187    -0.6011 -9.990e-29
 162.779797     -1.050   0.522344    14.6185    -1.8726     -1.041     0.3192    -0.5945 -9.990e-29
 162.779803     -1.046   0.519965    14.5799    -1.6197     -1.037     0.3180    -0.5898 -9.990e-29
 162.779809     -1.039   0.518491    14.5455    -1.6114     -1.030     0.3173    -0.5853 -9.990e-29
 162.779815     -1.024   0.519832    14.5149    -1.6085     -1.015     0.3184    -0.5799 -9.990e-29
 162.779821     -1.004   0.524670    14.4880    -1.6078     -0.996     0.3217    -0.5735 -9.990e-29
 162.779826     -0.986   0.536130    14.4652    -1.6074     -0.978     0.3291    -0.5644 -9.990e-29
 162.779832     -0.970   0.565613    14.4498    -1.6067     -0.962     0.3480    -0.5476 -9.990e-29
 162.779838     -0.950   0.647999    14.4462    -1.6064     -0.942     0.4006    -0.5063 -9.990e-29
 162.779844     -0.925   0.889811    14.4587    -1.6073     -0.917     0.5566    -0.3872 -9.990e-29
 162.779850     -0.888   1.611803    14.5042    -1.6078     -0.881     1.0348    -0.0239 -9.990e-29
 162.779855     -0.839   3.775522    14.6215    -1.6080     -0.832     2.5348     1.1157 -9.990e-29
 162.779861     -0.777  10.268145    14.7946    -1.6082     -0.771     7.3601     4.7949 -9.990e-29
 162.779867     -0.699  19.986341    14.9322    -1.6079     -0.693    15.0964    10.6982 -9.990e-29
 162.779873     -0.609  26.427327    15.0012    -1.6076     -0.604    20.4581    14.7936 -9.990e-29
 162.779878     -0.517  28.554947    15.0358    -1.6069     -0.513    22.2562    16.1657 -9.990e-29
 162.779884     -0.436  29.272658    15.0560    -1.6069     -0.432    22.8611    16.6257 -9.990e-29
 162.779890     -0.372  29.516225    15.0625    -1.6071     -0.369    23.0669    16.7823 -9.990e-29
 162.779896     -0.323  29.595368    15.0578    -1.6072     -0.320    23.1378    16.8376 -9.990e-29
 162.779902     -0.279  29.615113    15.0506    -1.6073     -0.277    23.1591    16.8553 -9.990e-29
 162.779907     -0.244  29.607442    15.0450    -1.6072     -0.242    23.1558    16.8539 -9.990e-29
 162.779913     -0.218  29.590706    15.0428    -1.6070     -0.216    23.1426    16.8442 -9.990e-29
 162.779919     -0.201  29.581240    15.0458    -1.6073     -0.199    23.1327    16.8360 -9.990e-29
 162.779925     -0.191  29.581579    15.0531    -1.6073     -0.189    23.1287    16.8315 -9.990e-29
 162.779931     -0.187  29.588323    15.0611    -1.6073     -0.185    23.1298    16.8308 -9.990e-29
 162.779936     -0.186  29.598782    15.0646    -1.6072     -0.184    23.1367    16.8354 -9.990e-29
 162.779942     -0.181  29.607948    15.0626    -1.6072     -0.179    23.1458    16.8428 -9.990e-29
 162.779948     -0.175  29.613006    15.0596    -1.6073     -0.174    23.1519    16.8480 -9.990e-29
 162.779954     -0.165  29.616288    15.0602    -1.6076     -0.164    23.1544    16.8498 -9.990e-29
 162.779959     -0.156  29.617757    15.0645    -1.6075     -0.155    23.1531    16.8480 -9.990e-29
 162.779965     -0.151  29.612720    15.0672    -1.6075     -0.150    23.1472    16.8429 -9.990e-29
 162.779971     -0.146  29.602912    15.0651    -1.6074     -0.145    23.1400    16.8378 -9.990e-29
 162.779977     -0.135  29.596567    15.0623    -1.6072     -0.134    23.1362    16.8354 -9.990e-29
 162.779983     -0.124  29.597032    15.0626    -1.6072     -0.123    23.1364    16.8355 -9.990e-29
 162.779988     -0.115  29.599393    15.0647    -1.6073     -0.114    23.1372    16.8357 -9.990e-29
 162.779994     -0.108  29.597352    15.0651    -1.6076     -0.107    23.1352    16.8341 -9.990e-29
 162.780000     -0.102  29.592164    15.0625    -1.6074     -0.101    23.1322    16.8324 -9.990e-29
 162.780006     -0.097  29.588715    15.0591    -1.6073     -0.096    23.1313    16.8323 -9.990e-29
 162.780012     -0.092  29.587502    15.0576    -1.6072     -0.091    23.1311    16.8325 -9.990e-29
 162.780017     -0.088  29.587526    15.0588    -1.6074     -0.087    23.1304    16.8317 -9.990e-29
 162.780023     -0.083  29.588879    15.0623    -1.6076     -0.082    23.1295    16.8303 -9.990e-29
 162.780029     -0.078  29.588952    15.0656    -1.6077     -0.077    23.1276    16.8282 -9.990e-29
 162.780035     -0.073  29.586228    15.0653    -1.6076     -0.072    23.1255    16.8266 -9.990e-29
 162.780041     -0.067  29.584406    15.0614    -1.6076     -0.066    23.1262    16.8280 -9.990e-29
 162.780046     -0.059  29.586708    15.0578    -1.6080     -0.059    23.1303    16.8318 -9.990e-29
 162.780052     -0.054  29.592353    15.0578    -1.6079     -0.054    23.1352    16.8355 -9.990e-29
 162.780058     -0.055  29.597181    15.0601    -1.6079     -0.055    23.1380    16.8372 -9.990e-29
 162.780064     -0.059  29.597625    15.0606    -1.6078     -0.059    23.1381    16.8372 -9.990e-29
 162.780069     -0.060  29.595456    15.0574    -1.6077     -0.059    23.1381    16.8379 -9.990e-29
 162.780075     -0.060  29.594554    15.0528    -1.6078     -0.059    23.1400    16.8403 -9.990e-29
 162.780081     -0.058  29.595455    15.0502    -1.6079     -0.058    23.1423    16.8425 -9.990e-29
 162.780087     -0.054  29.595509    15.0500    -1.6078     -0.054    23.1425    16.8427 -9.990e-29
 162.780093     -0.048  29.593170    15.0495    -1.6078     -0.048    23.1408    16.8415 -9.990e-29
 162.780098     -0.039  29.588733    15.0466    -1.6078     -0.039    23.1386    16.8404 -9.990e-29
 162.780104     -0.027  29.582497    15.0436    -1.6078     -0.027    23.1350    16.8383 -9.990e-29
 162.780110     -0.012  29.579628    15.0435    -1.6080     -0.012    23.1326    16.8364 -9.990e-29
 162.780116      0.004  29.583630    15.0465    -1.6081      0.004    23.1343    16.8371 -9.990e-29
 162.780122      0.013  29.587037    15.0496    -1.6081      0.013    23.1354    16.8374 -9.990e-29
 162.780127      0.016  29.583268    15.0498    -1.6080      0.016    23.1320    16.8347 -9.990e-29
 162.780133      0.022  29.575749    15.0478    -1.6077      0.022    23.1267    16.8311 -9.990e-29
 162.780139      0.034  29.572409    15.0461    -1.6074      0.034    23.1249    16.8300 -9.990e-29
 162.780145      0.049  29.577244    15.0462    -1.6078      0.049    23.1290    16.8331 -9.990e-29
 162.780150      0.061  29.584458    15.0469    -1.6078      0.060    23.1348    16.8374 -9.990e-29
 162.780156      0.065  29.585278    15.0454    -1.6074      0.064    23.1363    16.8389 -9.990e-29
 162.780162      0.066  29.580856    15.0418    -1.6072      0.065    23.1347    16.8383 -9.990e-29
 162.780168      0.072  29.578220    15.0384    -1.6074      0.071    23.1344    16.8388 -9.990e-29
 162.780174      0.085  29.580068    15.0366    -1.6077      0.084    23.1370    16.8412 -9.990e-29
 162.780179      0.095  29.586127    15.0367    -1.6077      0.094    23.1422    16.8451 -9.990e-29
 162.780185      0.100  29.595589    15.0385    -1.6076      0.099    23.1493    16.8502 -9.990e-29
 162.780191      0.100  29.608271    15.0417    -1.6074      0.099    23.1583    16.8565 -9.990e-29
 162.780197      0.099  29.621009    15.0454    -1.6072      0.098    23.1671    16.8625 -9.990e-29
 162.780203      0.102  29.621771    15.0488    -1.6074      0.101    23.1658    16.8608 -9.990e-29
 162.780208      0.108  29.608841    15.0518    -1.6075      0.107    23.1529    16.8503 -9.990e-29
 162.780214      0.117  29.603063    15.0544    -1.6076      0.116    23.1463    16.8448 -9.990e-29
 162.780220      0.127  29.611894    15.0564    -1.6071      0.126    23.1528    16.8493 -9.990e-29
 162.780226      0.134  29.614737    15.0578    -1.6070      0.133    23.1544    16.8503 -9.990e-29
