data/oxygen options/OCNMS/OCNMS1/raw_data/2018/CAST_KL027_180924faed.cnv
* Sea-Bird SBE 19 Data File:
* FileName = C:\2018 Mooring Data\Casts\CAST_KL027_180924.hex
* Software Version SeatermAF 2.1.2
* Temperature SN = 2997
* Conductivity SN = 2997
* System UpLoad Time = Sep 24 2018 20:23:39 (localtime) = Sep 24 2018 20:23:39 (UTC)
** CAST_KL027_180924
* ds
# nquan = 9                                 
# nvalues = 1004                        
# units = specified
# name 0 = timeJ: Julian Days
# name 1 = prSM: Pressure, Strain Gauge [db]
# name 2 = c0mS/cm: Conductivity [mS/cm]
# name 3 = t090C: Temperature [ITS-90, deg C]
# name 4 = sbeox0ML/L: Oxygen, SBE 43 [ml/l]
# name 5 = depSM: Depth [salt water, m], lat = 47.5
# name 6 = sal00: Salinity, Practical [PSU]
# name 7 = sigma-é00: Density [sigma-theta, kg/m^3]
# name 8 = flag: flag
# span 0 = 267.820185, 267.825990       
# span 1 =     -5.275,     29.304       
# span 2 =   0.579791,  38.773459       
# span 3 =    11.7339,    15.6568       
# span 4 =   -11.7582,    15.5971       
# span 5 =     -5.231,     29.057       
# span 6 =     0.3532,    32.9653       
# span 7 =    -0.6654,    25.0559       
# span 8 = 0.0000e+00, 0.0000e+00       
# interval = seconds: 0.5
# start_time = Sep 24 2018 19:41:04 [Instrument's time stamp, header]
# bad_flag = -9.990e-29
*END*
[from data line 161]
 267.821117     -1.993   0.590101    14.8439    -1.8576     -1.976     0.3600    -0.5963 -9.990e-29
 267.821123     -1.986   0.589657    14.8322    -1.8574     -1.969     0.3599    -0.5947 -9.990e-29
 267.821128     -1.980   0.589641    14.8193    -1.8575     -1.963     0.3600    -0.5927 -9.990e-29
 267.821134     -1.974   0.590032    14.8067    -1.8574     -1.958     0.3603    -0.5906 -9.990e-29
 267.821140     -1.969   0.590798    14.7960    -1.8576     -1.953     0.3609    -0.5885 -9.990e-29
 267.821146     -1.963   0.591299    14.7881    -1.8576     -1.947     0.3613    -0.5870 -9.990e-29
 267.821152     -1.956   0.591094    14.7853    -1.8574     -1.940     0.3612    -0.5867 -9.990e-29
 267.821157     -1.948   0.590464    14.7884    -1.8573     -1.932     0.3608    -0.5875 -9.990e-29
 267.821163     -1.938   0.589678    14.7945    -1.8572     -1.922     0.3602    -0.5888 -9.990e-29
 267.821169     -1.926   0.588794    14.8005    -1.8571     -1.910     0.3596    -0.5902 -9.990e-29
 267.821175     -1.911   0.587745    14.8046    -1.8569     -1.895     0.3589    -0.5913 -9.990e-29
 267.821181     -1.892   0.586794    14.8064    -1.8566     -1.876     0.3583    -0.5921 -9.990e-29
 267.821186     -1.872   0.586333    14.8063    -1.8562     -1.856     0.3580    -0.5923 -9.990e-29
 267.821192     -1.859   0.586304    14.8052    -1.8557     -1.843     0.3580    -0.5921 -9.990e-29
 267.821198     -1.851   0.586668    14.8053    -1.8551     -1.836     0.3582    -0.5920 -9.990e-29
 267.821204     -1.843   0.587355    14.8074    -1.8548     -1.828     0.3586    -0.5920 -9.990e-29
 267.821209     -1.836   0.587618    14.8107    -1.8546     -1.821     0.3588    -0.5924 -9.990e-29
 267.821215     -1.825   0.586701    14.8144    -1.8545     -1.810     0.3582    -0.5934 -9.990e-29
 267.821221     -1.808   0.585043    14.8186    -1.8544     -1.793     0.3571    -0.5949 -9.990e-29
 267.821227     -1.793   0.583759    14.8239    -1.8544     -1.778     0.3562    -0.5963 -9.990e-29
 267.821233     -1.784   0.583351    14.8314    -1.8543     -1.769     0.3559    -0.5977 -9.990e-29
 267.821238     -1.776   0.583830    14.8415    -1.8544     -1.761     0.3561    -0.5990 -9.990e-29
 267.821244     -1.764   0.584729    14.8532    -1.8547     -1.749     0.3566    -0.6004 -9.990e-29
 267.821250     -1.751   0.585029    14.8645    -1.8548     -1.736     0.3567    -0.6020 -9.990e-29
 267.821256     -1.741   0.584575    14.8733    -1.8546     -1.726     0.3563    -0.6037 -9.990e-29
 267.821262     -1.734   0.583870    14.8793    -1.8545     -1.720     0.3558    -0.6049 -9.990e-29
 267.821267     -1.728   0.583083    14.8832    -1.8545     -1.714     0.3553    -0.6059 -9.990e-29
 267.821273     -1.724   0.582273    14.8859    -1.8545     -1.710     0.3547    -0.6068 -9.990e-29
 267.821279     -1.721   0.581467    14.8876    -1.8543     -1.707     0.3542    -0.6074 -9.990e-29
 267.821285     -1.719   0.580700    14.8877    -1.8541     -1.705     0.3537    -0.6078 -9.990e-29
 267.821291     -1.717   0.580057    14.8855    -1.8538     -1.703     0.3533    -0.6078 -9.990e-29
 267.821296     -1.713   0.579791    14.8825    -1.8524     -1.699     0.3532    -0.6074 -9.990e-29
 267.821302     -1.700   0.580101    14.8814    -1.8495     -1.686     0.3534    -0.6071 -9.990e-29
 267.821308     -1.682   0.580846    14.8828    -1.8485     -1.668     0.3539    -0.6070 -9.990e-29
 267.821314     -1.663   0.581355    14.8852    -1.8474     -1.649     0.3542    -0.6071 -9.990e-29
 267.821319     -1.642   0.581199    14.8874    -1.8463     -1.628     0.3540    -0.6075 -9.990e-29
 267.821325     -1.617   0.580725    14.8901    -1.8454     -1.604     0.3537    -0.6082 -9.990e-29
 267.821331     -1.590   0.580410    14.8941    -1.8455     -1.577     0.3535    -0.6089 -9.990e-29
 267.821337     -1.568   0.581495    14.8996    -1.8454     -1.555     0.3541    -0.6093 -9.990e-29
 267.821343     -1.556   0.587644    14.9060    -1.8449     -1.543     0.3579    -0.6073 -9.990e-29
 267.821348     -1.550   0.608718    14.9131    -1.8443     -1.537     0.3712    -0.5981 -9.990e-29
 267.821354     -1.548   0.672816    14.9201    -1.8437     -1.535     0.4116    -0.5679 -9.990e-29
 267.821360     -1.541   0.812203    14.9237    -1.8433     -1.528     0.5004    -0.4997 -9.990e-29
 267.821366     -1.527   0.999369    14.9223    -1.8427     -1.514     0.6210    -0.4062 -9.990e-29
 267.821372     -1.514   1.177938    14.9195    -1.8421     -1.501     0.7373    -0.3159 -9.990e-29
 267.821377     -1.507   1.341565    14.9182    -1.8418     -1.494     0.8448    -0.2326 -9.990e-29
 267.821383     -1.500   1.485568    14.9186    -1.8418     -1.487     0.9401    -0.1591 -9.990e-29
 267.821389     -1.489   1.582407    14.9218    -1.8423     -1.477     1.0044    -0.1099 -9.990e-29
 267.821395     -1.476   1.630909    14.9297    -1.8424     -1.464     1.0365    -0.0863 -9.990e-29
 267.821400     -1.467   1.656932    14.9425    -1.8426     -1.455     1.0536    -0.0751 -9.990e-29
 267.821406     -1.459   1.675211    14.9588    -1.8426     -1.447     1.0654    -0.0685 -9.990e-29
 267.821412     -1.453   1.679622    14.9770    -1.8422     -1.441     1.0678    -0.0694 -9.990e-29
 267.821418     -1.448   1.666622    14.9964    -1.8418     -1.436     1.0586    -0.0795 -9.990e-29
 267.821424     -1.444   1.643274    15.0152    -1.8413     -1.432     1.0426    -0.0947 -9.990e-29
 267.821429     -1.440   1.613935    15.0295    -1.8408     -1.428     1.0227    -0.1123 -9.990e-29
 267.821435     -1.437   1.577744    15.0362    -1.8403     -1.425     0.9984    -0.1320 -9.990e-29
 267.821441     -1.434   1.538565    15.0371    -1.8398     -1.422     0.9724    -0.1522 -9.990e-29
 267.821447     -1.430   1.504596    15.0367    -1.8394     -1.418     0.9499    -0.1695 -9.990e-29
 267.821453     -1.427   1.479887    15.0384    -1.8393     -1.415     0.9335    -0.1825 -9.990e-29
 267.821458     -1.423   1.460878    15.0445    -1.8390     -1.411     0.9208    -0.1932 -9.990e-29
 267.821464     -1.418   1.441629    15.0553    -1.8386     -1.406     0.9079    -0.2049 -9.990e-29
 267.821470     -1.412   1.420868    15.0687    -1.8382     -1.400     0.8939    -0.2177 -9.990e-29
 267.821476     -1.405   1.401961    15.0834    -1.8374     -1.393     0.8811    -0.2299 -9.990e-29
 267.821481     -1.395   1.386311    15.0985    -1.8367     -1.383     0.8704    -0.2404 -9.990e-29
 267.821487     -1.388   1.371901    15.1133    -1.8364     -1.376     0.8606    -0.2502 -9.990e-29
 267.821493     -1.386   1.357812    15.1275    -1.8361     -1.374     0.8511    -0.2598 -9.990e-29
 267.821499     -1.385   1.344662    15.1400    -1.8358     -1.373     0.8422    -0.2686 -9.990e-29
 267.821505     -1.381   1.331549    15.1509    -1.8354     -1.369     0.8334    -0.2771 -9.990e-29
 267.821510     -1.373   1.316511    15.1625    -1.8350     -1.362     0.8233    -0.2867 -9.990e-29
 267.821516     -1.361   1.299454    15.1760    -1.8345     -1.350     0.8119    -0.2976 -9.990e-29
 267.821522     -1.345   1.282584    15.1916    -1.8334     -1.334     0.8005    -0.3088 -9.990e-29
 267.821528     -1.328   1.268355    15.2092    -1.8329     -1.317     0.7909    -0.3189 -9.990e-29
 267.821534     -1.312   1.257195    15.2269    -1.8332     -1.301     0.7833    -0.3275 -9.990e-29
 267.821539     -1.292   1.246422    15.2426    -1.8333     -1.281     0.7759    -0.3356 -9.990e-29
 267.821545     -1.268   1.232204    15.2560    -1.8334     -1.257     0.7664    -0.3451 -9.990e-29
 267.821551     -1.245   1.213876    15.2681    -1.8336     -1.235     0.7543    -0.3563 -9.990e-29
 267.821557     -1.228   1.195273    15.2798    -1.8333     -1.218     0.7420    -0.3676 -9.990e-29
 267.821563     -1.215   1.181523    15.2926    -1.8329     -1.205     0.7328    -0.3767 -9.990e-29
 267.821568     -1.205   1.174249    15.3086    -1.8326     -1.195     0.7278    -0.3831 -9.990e-29
 267.821574     -1.198   1.170404    15.3261    -1.8323     -1.188     0.7250    -0.3880 -9.990e-29
 267.821580     -1.192   1.166524    15.3378    -1.8322     -1.182     0.7223    -0.3919 -9.990e-29
 267.821586     -1.188   1.161317    15.3415    -1.8321     -1.178     0.7189    -0.3951 -9.990e-29
 267.821591     -1.185   1.154491    15.3416    -1.8323     -1.175     0.7144    -0.3985 -9.990e-29
 267.821597     -1.184   1.146371    15.3416    -1.8323     -1.174     0.7092    -0.4026 -9.990e-29
 267.821603     -1.184   1.137773    15.3439    -1.8322     -1.174     0.7036    -0.4073 -9.990e-29
 267.821609     -1.185   1.128875    15.3502    -1.8326     -1.175     0.6977    -0.4128 -9.990e-29
 267.821615     -1.187   1.118901    15.3593    -1.8329     -1.177     0.6912    -0.4193 -9.990e-29
 267.821620     -1.190   1.107850    15.3683    -1.8327     -1.180     0.6839    -0.4263 -9.990e-29
 267.821626     -1.195   1.098167    15.3757    -1.8326     -1.185     0.6775    -0.4324 -9.990e-29
 267.821632     -1.198   1.091354    15.3810    -1.8328     -1.188     0.6730    -0.4367 -9.990e-29
 267.821638     -1.194   1.084975    15.3834    -1.8331     -1.184     0.6689    -0.4403 -9.990e-29
 267.821644     -1.188   1.077176    15.3830    -1.8333     -1.178     0.6639    -0.4441 -9.990e-29
 267.821649     -1.183   1.070863    15.3818    -1.8335     -1.173     0.6598    -0.4470 -9.990e-29
 267.821655     -1.179   1.069810    15.3802    -1.8336     -1.169     0.6592    -0.4472 -9.990e-29
 267.821661     -1.175   1.071504    15.3776    -1.8338     -1.165     0.6603    -0.4460 -9.990e-29
 267.821667     -1.173   1.068779    15.3760    -1.8338     -1.163     0.6586    -0.4470 -9.990e-29
 267.821672     -1.170   1.059111    15.3767    -1.8341     -1.160     0.6524    -0.4520 -9.990e-29
 267.821678     -1.168   1.046789    15.3766    -1.8352     -1.158     0.6445    -0.4581 -9.990e-29
 267.821684     -1.166   1.037003    15.3732    -1.8361     -1.156     0.6382    -0.4623 -9.990e-29
 267.821690     -1.165   1.032777    15.3682    -1.8365     -1.155     0.6356    -0.4636 -9.990e-29
 267.821696     -1.163   1.033464    15.3642    -1.8367     -1.153     0.6361    -0.4626 -9.990e-29
 267.821701     -1.160   1.033327    15.3617    -1.8371     -1.150     0.6360    -0.4622 -9.990e-29
 267.821707     -1.158   1.027195    15.3596    -1.8377     -1.148     0.6321    -0.4649 -9.990e-29
 267.821713     -1.155   1.015758    15.3568    -1.8383     -1.145     0.6248    -0.4701 -9.990e-29
 267.821719     -1.151   1.003168    15.3511    -1.8386     -1.141     0.6169    -0.4754 -9.990e-29
 267.821725     -1.146   0.993698    15.3390    -1.8386     -1.136     0.6110    -0.4780 -9.990e-29
 267.821730     -1.140   0.990238    15.3211    -1.8386     -1.130     0.6090    -0.4767 -9.990e-29
 267.821736     -1.133   0.990948    15.3041    -1.8387     -1.124     0.6097    -0.4735 -9.990e-29
 267.821742     -1.123   0.989565    15.2923    -1.8389     -1.114     0.6090    -0.4723 -9.990e-29
 267.821748     -1.111   0.983138    15.2830    -1.8389     -1.102     0.6050    -0.4739 -9.990e-29
 267.821753     -1.099   0.974734    15.2719    -1.8389     -1.090     0.5998    -0.4762 -9.990e-29
 267.821759     -1.092   0.968669    15.2590    -1.8388     -1.083     0.5961    -0.4770 -9.990e-29
 267.821765     -1.084   0.966830    15.2479    -1.8384     -1.075     0.5951    -0.4761 -9.990e-29
 267.821771     -1.071   0.966763    15.2416    -1.8380     -1.062     0.5952    -0.4751 -9.990e-29
 267.821777     -1.052   0.963944    15.2391    -1.8374     -1.043     0.5934    -0.4761 -9.990e-29
 267.821782     -1.030   0.957941    15.2374    -1.8370     -1.021     0.5896    -0.4788 -9.990e-29
 267.821788     -1.012   0.952387    15.2351    -1.8368     -1.004     0.5860    -0.4811 -9.990e-29
 267.821794     -1.001   0.949851    15.2333    -1.8366     -0.993     0.5844    -0.4821 -9.990e-29
 267.821800     -0.998   0.949168    15.2336    -1.8364     -0.990     0.5840    -0.4825 -9.990e-29
 267.821806     -0.996   0.946656    15.2365    -1.8356     -0.988     0.5823    -0.4842 -9.990e-29
 267.821811     -0.992   0.940629    15.2424    -1.8350     -0.984     0.5784    -0.4882 -9.990e-29
 267.821817     -0.990   0.933025    15.2511    -1.8346     -0.982     0.5734    -0.4934 -9.990e-29
 267.821823     -0.990   0.926452    15.2619    -1.8343     -0.982     0.5690    -0.4984 -9.990e-29
 267.821829     -0.987   0.922675    15.2735    -1.8340     -0.979     0.5665    -0.5022 -9.990e-29
 267.821834     -0.981   0.921645    15.2841    -1.8337     -0.973     0.5657    -0.5045 -9.990e-29
 267.821840     -0.972   0.920882    15.2928    -1.8334     -0.964     0.5650    -0.5063 -9.990e-29
 267.821846     -0.964   0.918259    15.3009    -1.8329     -0.956     0.5633    -0.5089 -9.990e-29
 267.821852     -0.960   0.914157    15.3112    -1.8326     -0.952     0.5605    -0.5127 -9.990e-29
 267.821858     -0.960   0.910309    15.3252    -1.8325     -0.952     0.5578    -0.5169 -9.990e-29
 267.821863     -0.959   0.907680    15.3401    -1.8322     -0.951     0.5560    -0.5207 -9.990e-29
 267.821869     -0.955   0.905538    15.3528    -1.8317     -0.947     0.5544    -0.5239 -9.990e-29
 267.821875     -0.949   0.902133    15.3633    -1.8313     -0.941     0.5521    -0.5273 -9.990e-29
 267.821881     -0.947   0.896804    15.3723    -1.8309     -0.939     0.5486    -0.5314 -9.990e-29
 267.821887     -0.949   0.891311    15.3801    -1.8305     -0.941     0.5450    -0.5354 -9.990e-29
 267.821892     -0.953   0.888306    15.3882    -1.8305     -0.945     0.5430    -0.5382 -9.990e-29
 267.821898     -0.957   0.889324    15.3978    -1.8302     -0.949     0.5435    -0.5393 -9.990e-29
 267.821904     -0.952   0.892395    15.4074    -1.8301     -0.944     0.5453    -0.5394 -9.990e-29
 267.821910     -0.937   0.892745    15.4160    -1.8302     -0.929     0.5454    -0.5407 -9.990e-29
 267.821916     -0.921   0.888626    15.4251    -1.8303     -0.913     0.5427    -0.5443 -9.990e-29
 267.821921     -0.907   0.882857    15.4355    -1.8300     -0.899     0.5389    -0.5488 -9.990e-29
 267.821927     -0.893   0.878828    15.4462    -1.8299     -0.886     0.5362    -0.5526 -9.990e-29
 267.821933     -0.880   0.877817    15.4566    -1.8296     -0.873     0.5354    -0.5548 -9.990e-29
 267.821939     -0.865   0.877923    15.4655    -1.8290     -0.858     0.5353    -0.5563 -9.990e-29
 267.821944     -0.848   0.875959    15.4721    -1.8286     -0.841     0.5340    -0.5583 -9.990e-29
 267.821950     -0.832   0.871523    15.4771    -1.8283     -0.825     0.5311    -0.5613 -9.990e-29
 267.821956     -0.821   0.866458    15.4803    -1.8281     -0.814     0.5279    -0.5644 -9.990e-29
 267.821962     -0.814   0.862323    15.4817    -1.8282     -0.807     0.5252    -0.5666 -9.990e-29
 267.821968     -0.810   0.859700    15.4834    -1.8279     -0.803     0.5236    -0.5682 -9.990e-29
 267.821973     -0.808   0.857863    15.4873    -1.8279     -0.801     0.5223    -0.5697 -9.990e-29
 267.821979     -0.810   0.855471    15.4937    -1.8281     -0.803     0.5208    -0.5720 -9.990e-29
 267.821985     -0.811   0.852103    15.5028    -1.8282     -0.804     0.5185    -0.5752 -9.990e-29
 267.821991     -0.806   0.848256    15.5140    -1.8281     -0.799     0.5159    -0.5789 -9.990e-29
 267.821997     -0.796   0.844342    15.5246    -1.8288     -0.789     0.5133    -0.5826 -9.990e-29
 267.822002     -0.783   0.840684    15.5325    -1.8291     -0.776     0.5109    -0.5857 -9.990e-29
 267.822008     -0.772   0.837390    15.5375    -1.8292     -0.766     0.5088    -0.5882 -9.990e-29
 267.822014     -0.757   0.835056    15.5408    -1.8291     -0.751     0.5072    -0.5899 -9.990e-29
 267.822020     -0.738   0.834449    15.5436    -1.8291     -0.732     0.5068    -0.5906 -9.990e-29
 267.822025     -0.721   0.834758    15.5449    -1.8289     -0.715     0.5070    -0.5907 -9.990e-29
 267.822031     -0.711   0.834177    15.5438    -1.8286     -0.705     0.5067    -0.5908 -9.990e-29
