data/oxygen options/OCNMS/OCNMS1/raw_data/2018/CAST_CE015_180611faed.cnv
* Sea-Bird SBE19 Data File:
* FileName = C:\2018 Mooring Data\Casts\CAST_CE015_180611.hex
* Software Version 1.59
* Temperature SN = 2997
* Conductivity SN = 2997
* System UpLoad Time = Jun 11 2018 18:51:36
** CAST_CE015_180611
* ds
# nquan = 9                                 
# nvalues = 816                         
# units = specified
# name 0 = timeJ: Julian Days
# name 1 = prSM: Pressure, Strain Gauge [db]
# name 2 = c0mS/cm: Conductivity [mS/cm]
# name 3 = t090C: Temperature [ITS-90, deg C]
# name 4 = sbeox0ML/L: Oxygen, SBE 43 [ml/l]
# name 5 = depSM: Depth [salt water, m], lat = 47.5
# name 6 = sal00: Salinity, Practical [PSU]
# name 7 = sigma-é00: Density [sigma-theta, kg/m^3]
# name 8 = flag: flag
# span 0 = 162.778380, 162.783096       
# span 1 =     -5.186,     16.418       
# span 2 =   0.388028,  36.425768       
# span 3 =    12.1331,    15.5156       
# span 4 =    -1.8726,    14.8096       
# span 5 =     -5.143,     16.280       
# span 6 =     0.2320,    31.4124       
# span 7 =    -0.7700,    23.7794       
# span 8 = 0.0000e+00, 0.0000e+00       
# interval = seconds: 0.5
# start_time = Jun 11 2018 18:40:52 [Instrument's time stamp, header]
# bad_flag = -9.990e-29
*END*
[from data line 641]
 162.782089      6.917  31.943382    14.0610     7.3649      6.859    25.8218    19.0956 0.0000e+00
 162.782095      7.134  32.002474    14.0584     7.3116      7.074    25.8763    19.1380 0.0000e+00
 162.782101      7.347  32.045681    14.0479     7.2845      7.286    25.9218    19.1752 0.0000e+00
 162.782106      7.553  32.099789    14.0244     7.2794      7.490    25.9860    19.2291 0.0000e+00
 162.782112      7.753  32.175904    13.9936     7.1951      7.688    26.0748    19.3035 0.0000e+00
 162.782118      7.950  32.252365    13.9701     6.9858      7.883    26.1592    19.3730 0.0000e+00
 162.782124      8.144  32.305733    13.9613     6.6011      8.076    26.2130    19.4161 0.0000e+00
 162.782130      8.335  32.326535    13.9610     6.0882      8.265    26.2318    19.4306 0.0000e+00
 162.782135      8.522  32.323988    13.9572     5.5381      8.451    26.2320    19.4316 0.0000e+00
 162.782141      8.704  32.327657    13.9383     5.1633      8.631    26.2481    19.4476 0.0000e+00
 162.782147      8.893  32.373159    13.8871     5.0428      8.819    26.3238    19.5158 0.0000e+00
 162.782153      9.100  32.497051    13.7931     5.0610      9.024    26.4998    19.6695 0.0000e+00
 162.782159      9.321  32.719548    13.6796     5.1299      9.243    26.7795    19.9068 0.0000e+00
 162.782164      9.550  32.999829    13.5819     5.1423      9.470    27.1023    20.1744 0.0000e+00
 162.782170      9.788  33.281203    13.5065     5.1312      9.706    27.4119    20.4276 0.0000e+00
 162.782176     10.033  33.536948    13.4429     5.1223      9.949    27.6912    20.6552 0.0000e+00
 162.782182     10.278  33.737490    13.3877     5.1566     10.192    27.9148    20.8383 0.0000e+00
 162.782187     10.523  33.882069    13.3417     5.1674     10.435    28.0810    20.9754 0.0000e+00
 162.782193     10.762  33.995481    13.3040     5.1840     10.672    28.2130    21.0844 0.0000e+00
 162.782199     10.989  34.095106    13.2741     5.1964     10.897    28.3267    21.1780 0.0000e+00
 162.782205     11.200  34.183858    13.2545     5.2131     11.106    28.4230    21.2560 0.0000e+00
 162.782211     11.397  34.252390    13.2497     5.2112     11.302    28.4896    21.3084 0.0000e+00
 162.782216     11.584  34.283987    13.2569     5.2261     11.487    28.5133    21.3253 0.0000e+00
 162.782222     11.767  34.293854    13.2566     5.2051     11.668    28.5225    21.3325 0.0000e+00
 162.782228     11.958  34.333714    13.2189     5.0846     11.858    28.5875    21.3899 0.0000e+00
 162.782234     12.166  34.460025    13.1371     4.9036     12.064    28.7658    21.5432 0.0000e+00
 162.782240     12.396  34.696166    13.0308     4.7319     12.292    29.0655    21.7949 0.0000e+00
 162.782245     12.643  35.012662    12.9217     4.6339     12.537    29.4442    22.1083 0.0000e+00
 162.782251     12.900  35.366227    12.8283     4.6078     12.792    29.8478    22.4381 0.0000e+00
 162.782257     13.155  35.650988    12.7485     4.6279     13.045    30.1782    22.7088 0.0000e+00
 162.782263     13.401  35.808721    12.6759     4.6898     13.289    30.3848    22.8824 0.0000e+00
 162.782269     13.635  35.897371    12.6220     4.7404     13.521    30.5118    22.9909 0.0000e+00
 162.782274     13.863  35.961718    12.5930     4.7517     13.747    30.5960    23.0615 0.0000e+00
 162.782280     14.083  36.022534    12.5809     4.6716     13.965    30.6632    23.1158 0.0000e+00
 162.782286     14.288  36.081891    12.5797     4.4953     14.168    30.7203    23.1602 0.0000e+00
 162.782292     14.477  36.105758    12.5914     4.2994     14.356    30.7332    23.1681 0.0000e+00
 162.782297     14.655  36.077743    12.6037     4.1556     14.532    30.6966    23.1374 0.0000e+00
 162.782303     14.832  36.043870    12.5869     4.1169     14.708    30.6782    23.1263 0.0000e+00
 162.782309     15.024  36.049633    12.5237     4.1173     14.898    30.7352    23.1823 0.0000e+00
 162.782315     15.231  36.127305    12.4330     4.0842     15.103    30.8831    23.3139 0.0000e+00
 162.782321     15.435  36.258319    12.3578     3.9388     15.306    31.0696    23.4725 0.0000e+00
 162.782326     15.620  36.355782    12.3218     3.7140     15.489    31.1923    23.5742 0.0000e+00
 162.782332     15.780  36.397817    12.3085     3.5243     15.648    31.2434    23.6163 0.0000e+00
 162.782338     15.917  36.411277    12.2942     3.4121     15.784    31.2681    23.6381 -9.990e-29
 162.782344     16.031  36.405649    12.2683     3.3852     15.897    31.2843    23.6555 -9.990e-29
 162.782350     16.124  36.395771    12.2219     3.4277     15.989    31.3136    23.6869 -9.990e-29
 162.782355     16.204  36.396415    12.1678     3.4954     16.068    31.3594    23.7325 -9.990e-29
 162.782361     16.270  36.407257    12.1377     3.6090     16.134    31.3951    23.7657 -9.990e-29
 162.782367     16.323  36.417489    12.1331     3.8034     16.186    31.4087    23.7771 -9.990e-29
 162.782373     16.365  36.423326    12.1356     4.0660     16.228    31.4122    23.7794 -9.990e-29
 162.782378     16.396  36.425768    12.1381     4.3416     16.259    31.4124    23.7791 -9.990e-29
 162.782384     16.413  36.425215    12.1438     4.5570     16.275    31.4071    23.7739 -9.990e-29
 162.782390     16.418  36.419752    12.1630     4.6569     16.280    31.3857    23.7538 -9.990e-29
 162.782396     16.409  36.404840    12.2087     4.5941     16.271    31.3332    23.7045 -9.990e-29
 162.782402     16.383  36.371739    12.2709     4.3647     16.246    31.2496    23.6282 -9.990e-29
 162.782407     16.338  36.318258    12.3199     4.0393     16.201    31.1578    23.5479 -9.990e-29
 162.782413     16.289  36.266000    12.3483     3.7376     16.152    31.0844    23.4858 -9.990e-29
 162.782419     16.244  36.228684    12.3650     3.5761     16.108    31.0351    23.4444 -9.990e-29
 162.782425     16.196  36.220907    12.3657     3.5978     16.060    31.0271    23.4381 -9.990e-29
 162.782431     16.144  36.262484    12.3381     3.7380     16.009    31.0896    23.4917 -9.990e-29
 162.782436     16.091  36.327041    12.2852     3.9104     15.956    31.1951    23.5833 -9.990e-29
 162.782442     16.035  36.378521    12.2269     4.0402     15.901    31.2929    23.6700 -9.990e-29
 162.782448     15.968  36.405424    12.1848     4.0924     15.834    31.3539    23.7251 -9.990e-29
 162.782454     15.890  36.410512    12.1728     4.0901     15.757    31.3689    23.7389 -9.990e-29
 162.782459     15.799  36.402183    12.1849     4.0666     15.667    31.3508    23.7226 -9.990e-29
 162.782465     15.691  36.392785    12.2001     4.0556     15.559    31.3291    23.7030 -9.990e-29
 162.782471     15.567  36.393249    12.2043     4.0867     15.436    31.3261    23.6999 -9.990e-29
 162.782477     15.440  36.395184    12.1958     4.1849     15.311    31.3351    23.7084 -9.990e-29
 162.782483     15.320  36.391598    12.1828     4.3215     15.192    31.3426    23.7167 -9.990e-29
 162.782488     15.203  36.386055    12.1757     4.5121     15.076    31.3433    23.7185 -9.990e-29
 162.782494     15.082  36.382304    12.1807     4.6845     14.956    31.3356    23.7116 -9.990e-29
 162.782500     14.949  36.381446    12.2012     4.8263     14.824    31.3176    23.6939 0.0000e+00
 162.782506     14.800  36.377796    12.2419     4.8952     14.676    31.2802    23.6573 0.0000e+00
 162.782512     14.639  36.359712    12.2981     4.8982     14.516    31.2161    23.5971 0.0000e+00
 162.782517     14.476  36.319268    12.3583     4.8819     14.355    31.1276    23.5173 0.0000e+00
 162.782523     14.326  36.251213    12.4150     4.8684     14.206    31.0160    23.4202 0.0000e+00
 162.782529     14.194  36.175082    12.4556     4.8896     14.075    30.9102    23.3307 -9.990e-29
 162.782535     14.071  36.134919    12.4758     4.9425     13.953    30.8556    23.2845 -9.990e-29
 162.782541     13.948  36.125849    12.4880     5.0055     13.831    30.8370    23.2679 -9.990e-29
 162.782546     13.818  36.111088    12.4999     5.0452     13.702    30.8133    23.2473 0.0000e+00
 162.782552     13.682  36.084899    12.5104     5.0889     13.567    30.7800    23.2195 0.0000e+00
 162.782558     13.548  36.046469    12.5198     5.1066     13.434    30.7359    23.1836 0.0000e+00
 162.782564     13.420  36.000504    12.5288     5.1133     13.308    30.6851    23.1425 0.0000e+00
 162.782569     13.294  35.973580    12.5374     5.1738     13.183    30.6527    23.1158 0.0000e+00
 162.782575     13.163  35.968576    12.5452     5.2209     13.053    30.6416    23.1058 0.0000e+00
 162.782581     13.022  35.968157    12.5551     5.2722     12.913    30.6332    23.0974 0.0000e+00
 162.782587     12.870  35.961294    12.5767     5.2968     12.762    30.6092    23.0748 0.0000e+00
 162.782593     12.708  35.937701    12.6180     5.3018     12.602    30.5535    23.0238 0.0000e+00
 162.782598     12.541  35.887945    12.6731     5.3172     12.436    30.4620    22.9426 0.0000e+00
 162.782604     12.385  35.798323    12.7296     5.3382     12.281    30.3322    22.8315 0.0000e+00
 162.782610     12.251  35.635025    12.7860     5.3837     12.148    30.1336    22.6672 -9.990e-29
 162.782616     12.139  35.416625    12.8297     5.4264     12.037    29.8942    22.4737 -9.990e-29
 162.782622     12.038  35.312749    12.8433     5.4499     11.937    29.7862    22.3876 -9.990e-29
 162.782627     11.937  35.353995    12.8445     5.4591     11.837    29.8239    22.4165 -9.990e-29
 162.782633     11.830  35.343968    12.8601     5.4460     11.731    29.8023    22.3968 -9.990e-29
 162.782639     11.709  35.255308    12.8904     5.4641     11.611    29.6956    22.3086 -9.990e-29
 162.782645     11.573  35.161850    12.9224     5.5247     11.476    29.5833    22.2157 0.0000e+00
 162.782650     11.424  35.068322    12.9488     5.6510     11.328    29.4755    22.1274 0.0000e+00
 162.782656     11.270  34.976561    12.9721     5.7715     11.176    29.3720    22.0429 0.0000e+00
 162.782662     11.119  34.849888    13.0039     5.8350     11.026    29.2296    21.9268 0.0000e+00
 162.782668     10.978  34.646499    13.0564     5.8180     10.886    29.0004    21.7397 0.0000e+00
 162.782674     10.851  34.380733    13.1239     5.7332     10.760    28.7029    21.4970 -9.990e-29
 162.782679     10.735  34.135460    13.1871     5.6304     10.645    28.4288    21.2733 -9.990e-29
 162.782685     10.621  33.990071    13.2311     5.5258     10.532    28.2620    21.1362 -9.990e-29
 162.782691     10.503  33.943291    13.2554     5.4892     10.415    28.2010    21.0845 -9.990e-29
 162.782697     10.378  33.941713    13.2685     5.5151     10.291    28.1899    21.0734 0.0000e+00
 162.782703     10.245  33.930062    13.2767     5.6196     10.159    28.1732    21.0589 0.0000e+00
 162.782708     10.106  33.905682    13.2844     5.7352     10.021    28.1451    21.0358 0.0000e+00
 162.782714      9.964  33.879171    13.2961     5.8599      9.881    28.1122    21.0081 0.0000e+00
 162.782720      9.823  33.825258    13.3141     6.0256      9.741    28.0494    20.9562 0.0000e+00
 162.782726      9.678  33.722437    13.3381     6.2371      9.597    27.9375    20.8653 0.0000e+00
 162.782731      9.525  33.599298    13.3693     6.4815      9.445    27.8018    20.7546 0.0000e+00
 162.782737      9.362  33.498204    13.4082     6.6972      9.284    27.6811    20.6540 0.0000e+00
 162.782743      9.187  33.411424    13.4460     6.8399      9.110    27.5745    20.5646 0.0000e+00
 162.782749      9.007  33.313927    13.4777     6.9862      8.932    27.4627    20.4723 0.0000e+00
 162.782755      8.831  33.196063    13.5117     7.1397      8.757    27.3310    20.3641 0.0000e+00
 162.782760      8.662  33.050682    13.5564     7.3028      8.590    27.1669    20.2290 0.0000e+00
 162.782766      8.500  32.890467    13.6025     7.4448      8.429    26.9887    20.0829 0.0000e+00
 162.782772      8.345  32.770441    13.6330     7.5181      8.275    26.8585    19.9766 0.0000e+00
 162.782778      8.190  32.706306    13.6497     7.5507      8.121    26.7887    19.9197 0.0000e+00
 162.782784      8.040  32.637740    13.6749     7.5386      7.973    26.7091    19.8535 0.0000e+00
 162.782789      7.896  32.528172    13.7268     7.5182      7.830    26.5741    19.7394 0.0000e+00
 162.782795      7.759  32.412826    13.7962     7.4802      7.694    26.4222    19.6091 0.0000e+00
 162.782801      7.629  32.324260    13.8559     7.4676      7.565    26.3016    19.5047 -9.990e-29
 162.782807      7.505  32.249039    13.8935     7.4684      7.442    26.2084    19.4256 -9.990e-29
 162.782813      7.380  32.187606    13.9132     7.4723      7.318    26.1399    19.3691 0.0000e+00
 162.782818      7.242  32.164941    13.9223     7.4736      7.181    26.1134    19.3469 0.0000e+00
 162.782824      7.090  32.167054    13.9316     7.4551      7.031    26.1091    19.3418 0.0000e+00
 162.782830      6.928  32.158155    13.9482     7.4664      6.870    26.0899    19.3238 0.0000e+00
 162.782836      6.758  32.126940    13.9704     7.4555      6.701    26.0469    19.2865 0.0000e+00
 162.782841      6.587  32.072638    13.9920     7.4423      6.532    25.9838    19.2337 0.0000e+00
 162.782847      6.416  32.007345    14.0062     7.4052      6.362    25.9159    19.1786 0.0000e+00
 162.782853      6.243  31.956481    14.0125     7.3881      6.191    25.8662    19.1391 0.0000e+00
 162.782859      6.070  31.922734    14.0171     7.4213      6.019    25.8330    19.1127 0.0000e+00
 162.782865      5.903  31.882374    14.0236     7.4557      5.854    25.7926    19.0803 0.0000e+00
 162.782870      5.744  31.818521    14.0305     7.4533      5.696    25.7310    19.0316 0.0000e+00
 162.782876      5.592  31.733884    14.0365     7.4787      5.545    25.6514    18.9692 0.0000e+00
 162.782882      5.442  31.662211    14.0436     7.4745      5.397    25.5828    18.9149 0.0000e+00
 162.782888      5.284  31.603060    14.0561     7.4653      5.240    25.5218    18.8656 0.0000e+00
 162.782894      5.116  31.521204    14.0783     7.4493      5.073    25.4342    18.7939 0.0000e+00
 162.782899      4.949  31.418844    14.1157     7.4199      4.908    25.3186    18.6977 0.0000e+00
 162.782905      4.785  31.285953    14.1633     7.3940      4.745    25.1694    18.5737 0.0000e+00
 162.782911      4.614  31.126057    14.2199     7.3523      4.575    24.9909    18.4254 0.0000e+00
 162.782917      4.434  30.941364    14.3000     7.3229      4.397    24.7761    18.2446 0.0000e+00
 162.782922      4.250  30.718352    14.3920     7.2808      4.214    24.5209    18.0306 0.0000e+00
 162.782928      4.064  30.517708    14.4671     7.2764      4.030    24.2974    17.8441 0.0000e+00
 162.782934      3.876  30.333725    14.5226     7.2750      3.844    24.1015    17.6828 0.0000e+00
 162.782940      3.692  30.114649    14.5660     7.2568      3.661    23.8830    17.5065 0.0000e+00
 162.782946      3.517  29.934766    14.5982     7.2481      3.488    23.7062    17.3644 0.0000e+00
 162.782951      3.352  29.841744    14.6194     7.2339      3.324    23.6123    17.2881 0.0000e+00
 162.782957      3.192  29.799932    14.6346     7.2424      3.165    23.5667    17.2501 0.0000e+00
 162.782963      3.035  29.774278    14.6535     7.2451      3.010    23.5329    17.2205 0.0000e+00
 162.782969      2.884  29.742884    14.6777     7.2397      2.860    23.4911    17.1836 0.0000e+00
 162.782975      2.734  29.703046    14.6958     7.2325      2.711    23.4455    17.1451 0.0000e+00
 162.782980      2.579  29.668206    14.7029     7.1923      2.557    23.4110    17.1172 0.0000e+00
 162.782986      2.417  29.654556    14.7104     7.1698      2.397    23.3947    17.1032 0.0000e+00
 162.782992      2.248  29.648373    14.7283     7.1591      2.229    23.3787    17.0874 0.0000e+00
 162.782998      2.073  29.629110    14.7577     7.1167      2.056    23.3444    17.0553 0.0000e+00
 162.783003      1.899  29.600166    14.7953     7.0446      1.883    23.2969    17.0115 0.0000e+00
