data/oxygen options/OCNMS/OCNMS1/raw_data/2018/CAST_TH042_180914faed.cnv
* Sea-Bird SBE 19 Data File:
* FileName = C:\2018 Mooring Data\Casts\CAST_TH042_180914.hex
* Software Version SeatermAF 2.1.2
* Temperature SN = 2997
* Conductivity SN = 2997
* System UpLoad Time = Sep 14 2018 22:02:15 (localtime) = Sep 14 2018 22:02:15 (UTC)
** CAST_TH042_180914
* ds
# nquan = 9                                 
# nvalues = 1263                        
# units = specified
# name 0 = timeJ: Julian Days
# name 1 = prSM: Pressure, Strain Gauge [db]
# name 2 = c0mS/cm: Conductivity [mS/cm]
# name 3 = t090C: Temperature [ITS-90, deg C]
# name 4 = sbeox0ML/L: Oxygen, SBE 43 [ml/l]
# name 5 = depSM: Depth [salt water, m], lat = 47.5
# name 6 = sal00: Salinity, Practical [PSU]
# name 7 = sigma-é00: Density [sigma-theta, kg/m^3]
# name 8 = flag: flag
# span 0 = 257.849850, 257.857153       
# span 1 =     -4.374,     43.714       
# span 2 =   0.461407,  39.625596       
# span 3 =     8.8140,    15.6199       
# span 4 =   -12.7379,    15.3766       
# span 5 =     -4.338,     43.345       
# span 6 =     0.2745,    33.6258       
# span 7 =    -0.7746,    26.0696       
# span 8 = 0.0000e+00, 0.0000e+00       
# interval = seconds: 0.5
# start_time = Sep 14 2018 20:23:47 [Instrument's time stamp, header]
# bad_flag = -9.990e-29
*END*
[from data line 481]
 257.852633     -0.011   8.822105    13.9633    -1.5561     -0.011     6.3850     4.1781 -9.990e-29
 257.852639      0.010  14.874472    13.7647    -1.5558      0.010    11.2817     7.9721 -9.990e-29
 257.852645      0.038  21.829627    13.6785    -1.5539      0.038    17.1674    12.5091 -9.990e-29
 257.852650      0.077  30.486351    13.6413    -1.5540      0.076    24.7954    18.3850 -9.990e-29
 257.852656      0.132  36.498794    13.6267    -1.5550      0.131    30.2740    22.6126 -9.990e-29
 257.852662      0.191  38.477139    13.6198    -1.5564      0.189    32.1103    24.0322 -9.990e-29
 257.852668      0.252  39.100267    13.6060    -1.5562      0.250    32.7019    24.4922 -9.990e-29
 257.852674      0.317  39.290342    13.5931    -1.5543      0.314    32.8902    24.6403 -9.990e-29
 257.852679      0.386  39.399603    13.5936    -1.5533      0.383    32.9917    24.7187 -9.990e-29
 257.852685      0.455  39.498098    13.6047    -1.5553      0.451    33.0741    24.7801 -9.990e-29
 257.852691      0.520  39.533383    13.6141    -1.5564      0.516    33.0988    24.7974 -9.990e-29
 257.852697      0.577  39.513854    13.6107    -1.5562      0.572    33.0835    24.7862 -9.990e-29
 257.852703      0.625  39.526666    13.6026    -1.5544      0.620    33.1025    24.8025 -9.990e-29
 257.852708      0.667  39.593956    13.6053    -1.5545      0.661    33.1630    24.8487 -9.990e-29
 257.852714      0.701  39.625596    13.6169    -1.5548      0.695    33.1824    24.8614 -9.990e-29
 257.852720      0.726  39.569085    13.6248    -1.5570      0.720    33.1228    24.8137 -9.990e-29
 257.852726      0.746  39.488602    13.6221    -1.5577      0.740    33.0500    24.7580 -9.990e-29
 257.852731      0.768  39.483043    13.6163    -1.5568      0.762    33.0499    24.7591 -9.990e-29
 257.852737      0.794  39.556773    13.6160    -1.5562      0.787    33.1189    24.8125 -9.990e-29
 257.852743      0.819  39.596874    13.6171    -1.5554      0.812    33.1554    24.8405 -9.990e-29
 257.852749      0.838  39.544202    13.6127    -1.5576      0.831    33.1100    24.8063 -9.990e-29
 257.852755      0.852  39.483179    13.6041    -1.5582      0.845    33.0605    24.7698 -9.990e-29
 257.852760      0.870  39.502225    13.5969    -1.5576      0.863    33.0845    24.7898 -9.990e-29
 257.852766      0.894  39.572396    13.5948    -1.5568      0.887    33.1519    24.8423 -9.990e-29
 257.852772      0.915  39.603482    13.5970    -1.5564      0.907    33.1790    24.8628 -9.990e-29
 257.852778      0.932  39.552894    13.5968    -1.5574      0.924    33.1319    24.8264 -9.990e-29
 257.852784      0.945  39.455166    13.5904    -1.5576      0.937    33.0462    24.7615 -9.990e-29
 257.852789      0.955  39.401882    13.5842    -1.5580      0.947    33.0018    24.7284 -9.990e-29
 257.852795      0.963  39.430707    13.5836    -1.5581      0.955    33.0292    24.7497 -9.990e-29
 257.852801      0.969  39.478669    13.5854    -1.5567      0.961    33.0724    24.7828 -9.990e-29
 257.852807      0.973  39.469653    13.5852    -1.5566      0.965    33.0642    24.7764 -9.990e-29
 257.852813      0.977  39.401173    13.5819    -1.5564      0.969    33.0031    24.7299 -9.990e-29
 257.852818      0.980  39.355063    13.5781    -1.5565      0.972    32.9633    24.6999 -9.990e-29
 257.852824      0.982  39.375187    13.5780    -1.5578      0.974    32.9822    24.7145 -9.990e-29
 257.852830      0.984  39.419472    13.5820    -1.5565      0.976    33.0201    24.7430 -9.990e-29
 257.852836      0.985  39.428752    13.5873    -1.5564      0.977    33.0242    24.7451 -9.990e-29
 257.852841      0.986  39.391318    13.5909    -1.5565      0.978    32.9861    24.7149 -9.990e-29
 257.852847      0.987  39.344114    13.5906    -1.5570      0.979    32.9423    24.6811 -9.990e-29
 257.852853      0.988  39.317782    13.5857    -1.5580      0.980    32.9219    24.6664 -9.990e-29
 257.852859      0.988  39.336612    13.5793    -1.5586      0.980    32.9450    24.6855 -9.990e-29
 257.852865      0.989  39.396584    13.5767    -1.5566      0.981    33.0033    24.7311 -9.990e-29
 257.852870      0.989  39.451047    13.5798    -1.5567      0.981    33.0515    24.7677 -9.990e-29
 257.852876      0.989  39.470095    13.5848    -1.5579      0.981    33.0649    24.7771 -9.990e-29
 257.852882      0.989  39.447757    13.5855    -1.5587      0.981    33.0435    24.7604 -9.990e-29
 257.852888      0.990  39.420376    13.5794    -1.5588      0.982    33.0232    24.7459 -9.990e-29
 257.852894      0.990  39.434936    13.5724    -1.5585      0.982    33.0428    24.7625 -9.990e-29
 257.852899      0.990  39.466039    13.5711    -1.5579      0.982    33.0730    24.7861 -9.990e-29
 257.852905      0.990  39.468319    13.5741    -1.5568      0.982    33.0725    24.7852 -9.990e-29
 257.852911      0.990  39.428576    13.5750    -1.5589      0.982    33.0346    24.7557 -9.990e-29
 257.852917      0.990  39.372830    13.5717    -1.5592      0.982    32.9854    24.7183 -9.990e-29
 257.852922      0.990  39.365155    13.5685    -1.5589      0.982    32.9810    24.7155 -9.990e-29
 257.852928      0.990  39.408215    13.5699    -1.5577      0.982    33.0200    24.7454 -9.990e-29
 257.852934      0.990  39.417681    13.5740    -1.5569      0.982    33.0253    24.7487 -9.990e-29
 257.852940      0.990  39.362481    13.5754    -1.5578      0.982    32.9725    24.7076 -9.990e-29
 257.852946      0.990  39.299012    13.5722    -1.5591      0.982    32.9160    24.6646 -9.990e-29
 257.852951      0.990  39.277687    13.5675    -1.5582      0.982    32.9002    24.6533 -9.990e-29
 257.852957      0.990  39.303698    13.5653    -1.5573      0.982    32.9264    24.6739 -9.990e-29
 257.852963      0.990  39.350107    13.5649    -1.5568      0.982    32.9700    24.7078 -9.990e-29
 257.852969      0.990  39.358340    13.5635    -1.5594      0.982    32.9789    24.7150 -9.990e-29
 257.852975      0.990  39.311372    13.5613    -1.5597      0.982    32.9370    24.6830 -9.990e-29
 257.852980      0.990  39.280495    13.5598    -1.5596      0.982    32.9094    24.6620 -9.990e-29
 257.852986      0.991  39.308589    13.5601    -1.5573      0.983    32.9354    24.6820 -9.990e-29
 257.852992      0.991  39.366451    13.5627    -1.5550      0.983    32.9872    24.7215 -9.990e-29
 257.852998      0.991  39.395655    13.5658    -1.5569      0.983    33.0118    24.7399 -9.990e-29
 257.853003      0.991  39.363991    13.5676    -1.5594      0.983    32.9807    24.7155 -9.990e-29
 257.853009      0.991  39.324499    13.5680    -1.5592      0.983    32.9435    24.6866 -9.990e-29
 257.853015      0.992  39.336031    13.5670    -1.5578      0.984    32.9551    24.6958 -9.990e-29
 257.853021      0.992  39.369713    13.5649    -1.5559      0.984    32.9884    24.7220 -9.990e-29
 257.853027      0.993  39.353364    13.5624    -1.5581      0.985    32.9752    24.7123 -9.990e-29
 257.853032      0.994  39.284805    13.5595    -1.5574      0.986    32.9137    24.6653 -9.990e-29
 257.853038      0.995  39.248558    13.5576    -1.5583      0.987    32.8815    24.6408 -9.990e-29
 257.853044      0.996  39.302198    13.5583    -1.5594      0.988    32.9310    24.6789 -9.990e-29
 257.853050      0.998  39.419764    13.5609    -1.5579      0.990    33.0386    24.7616 -9.990e-29
 257.853056      1.000  39.490768    13.5639    -1.5581      0.992    33.1023    24.8103 -9.990e-29
 257.853061      1.003  39.433959    13.5654    11.7419      0.995    33.0479    24.7679 -9.990e-29
 257.853067      1.007  39.333286    13.5648    15.2570      0.999    32.9544    24.6957 -9.990e-29
 257.853073      1.012  39.312820    13.5634    15.3766      1.004    32.9365    24.6822 -9.990e-29
 257.853079      1.019  39.377220    13.5625    12.5541      1.010    32.9974    24.7295 -9.990e-29
 257.853084      1.027  39.427472    13.5623     6.6551      1.018    33.0446    24.7659 -9.990e-29
 257.853090      1.033  39.414047    13.5624     6.7000      1.024    33.0319    24.7561 -9.990e-29
 257.853096      1.033  39.379568    13.5623     6.8786      1.024    32.9998    24.7313 -9.990e-29
 257.853102      1.032  39.334100    13.5614     6.9298      1.023    32.9581    24.6993 -9.990e-29
 257.853108      1.034  39.301072    13.5598     6.9323      1.025    32.9286    24.6768 -9.990e-29
 257.853113      1.038  39.302567    13.5588     6.9065      1.029    32.9309    24.6788 -9.990e-29
 257.853119      1.041  39.275600    13.5590     6.8610      1.032    32.9055    24.6591 -9.990e-29
 257.853125      1.039  39.209435    13.5594     6.8492      1.030    32.8434    24.6110 -9.990e-29
 257.853131      1.036  39.164332    13.5592     6.8575      1.027    32.8015    24.5786 -9.990e-29
 257.853137      1.036  39.149080    13.5590     6.8624      1.027    32.7874    24.5678 -9.990e-29
 257.853142      1.038  39.142230    13.5589     6.8182      1.029    32.7811    24.5629 -9.990e-29
 257.853148      1.044  39.138022    13.5591     6.7573      1.035    32.7770    24.5597 -9.990e-29
 257.853154      1.053  39.135897    13.5600     6.7153      1.044    32.7742    24.5574 -9.990e-29
 257.853160      1.062  39.135832    13.5608     6.6920      1.053    32.7735    24.5567 -9.990e-29
 257.853166      1.063  39.136069    13.5603     6.7082      1.054    32.7741    24.5573 -9.990e-29
 257.853171      1.055  39.134693    13.5587     6.7349      1.046    32.7742    24.5577 -9.990e-29
 257.853177      1.047  39.132120    13.5577     6.7483      1.038    32.7727    24.5567 -9.990e-29
 257.853183      1.043  39.130534    13.5579     6.7498      1.034    32.7710    24.5554 -9.990e-29
 257.853189      1.042  39.130632    13.5586     6.7460      1.033    32.7705    24.5548 -9.990e-29
 257.853194      1.044  39.131431    13.5593     6.7437      1.035    32.7707    24.5548 -9.990e-29
 257.853200      1.050  39.131767    13.5594     6.7418      1.041    32.7709    24.5550 -9.990e-29
 257.853206      1.055  39.131539    13.5585     6.7406      1.046    32.7715    24.5556 -9.990e-29
 257.853212      1.056  39.131012    13.5575     6.7427      1.047    32.7718    24.5561 -9.990e-29
 257.853218      1.057  39.130054    13.5571     6.7342      1.048    32.7713    24.5557 -9.990e-29
 257.853223      1.062  39.129638    13.5567     6.7390      1.053    32.7712    24.5558 -9.990e-29
 257.853229      1.072  39.129781    13.5558     6.7596      1.063    32.7721    24.5566 -9.990e-29
 257.853235      1.082  39.129003    13.5547     6.7764      1.073    32.7723    24.5570 -9.990e-29
 257.853241      1.090  39.127398    13.5537     6.7741      1.081    32.7717    24.5567 -9.990e-29
 257.853247      1.100  39.125634    13.5530     6.7644      1.091    32.7706    24.5561 -9.990e-29
 257.853252      1.113  39.124171    13.5527     6.7590      1.104    32.7695    24.5553 -9.990e-29
 257.853258      1.125  39.123871    13.5527     6.7762      1.116    32.7692    24.5550 -9.990e-29
 257.853264      1.137  39.124342    13.5530     6.8041      1.128    32.7694    24.5551 -9.990e-29
 257.853270      1.146  39.124542    13.5537     6.7933      1.136    32.7690    24.5546 -9.990e-29
 257.853275      1.147  39.124748    13.5544     6.7761      1.137    32.7686    24.5542 -9.990e-29
 257.853281      1.146  39.125242    13.5546     6.7744      1.136    32.7689    24.5544 -9.990e-29
 257.853287      1.146  39.125575    13.5546     6.8051      1.136    32.7692    24.5546 -9.990e-29
 257.853293      1.143  39.125641    13.5552     6.8409      1.133    32.7687    24.5541 -9.990e-29
 257.853299      1.132  39.125537    13.5558     6.8457      1.123    32.7681    24.5536 -9.990e-29
 257.853304      1.118  39.125135    13.5561     6.8318      1.109    32.7675    24.5530 -9.990e-29
 257.853310      1.108  39.124470    13.5565     6.7984      1.099    32.7666    24.5522 -9.990e-29
 257.853316      1.101  39.124347    13.5569     6.7861      1.092    32.7661    24.5518 -9.990e-29
 257.853322      1.088  39.125170    13.5566     6.7929      1.079    32.7671    24.5526 -9.990e-29
 257.853328      1.072  39.125805    13.5557     6.7905      1.063    32.7685    24.5538 -9.990e-29
 257.853333      1.067  39.125429    13.5546     6.7954      1.058    32.7691    24.5545 -9.990e-29
 257.853339      1.070  39.124671    13.5540     6.7935      1.061    32.7689    24.5545 -9.990e-29
 257.853345      1.079  39.124212    13.5539     6.7987      1.070    32.7686    24.5543 -9.990e-29
 257.853351      1.093  39.124010    13.5535     6.8030      1.084    32.7687    24.5545 -9.990e-29
 257.853356      1.109  39.123798    13.5527     6.7829      1.100    32.7692    24.5550 -9.990e-29
 257.853362      1.125  39.123291    13.5518     6.7765      1.116    32.7695    24.5554 -9.990e-29
 257.853368      1.140  39.122363    13.5512     6.7874      1.130    32.7691    24.5552 -9.990e-29
 257.853374      1.152  39.121448    13.5510     6.8290      1.142    32.7684    24.5547 -9.990e-29
 257.853380      1.158  39.120997    13.5511     6.8593      1.148    32.7679    24.5543 -9.990e-29
 257.853385      1.161  39.120961    13.5518     6.8591      1.151    32.7673    24.5537 -9.990e-29
 257.853391      1.166  39.121284    13.5530     6.8384      1.156    32.7666    24.5529 -9.990e-29
 257.853397      1.170  39.121829    13.5541     6.7976      1.160    32.7661    24.5523 -9.990e-29
 257.853403      1.169  39.122190    13.5548     6.7802      1.159    32.7659    24.5520 -9.990e-29
 257.853409      1.165  39.122279    13.5550     6.7804      1.155    32.7658    24.5519 -9.990e-29
 257.853414      1.165  39.122207    13.5548     6.7812      1.155    32.7659    24.5520 -9.990e-29
 257.853420      1.167  39.121870    13.5544     6.8039      1.157    32.7659    24.5521 -9.990e-29
 257.853426      1.171  39.121368    13.5545     6.8169      1.161    32.7653    24.5517 -9.990e-29
 257.853432      1.174  39.121144    13.5552     6.8265      1.164    32.7645    24.5509 -9.990e-29
 257.853437      1.172  39.121449    13.5559     6.8212      1.162    32.7642    24.5505 -9.990e-29
 257.853443      1.169  39.122121    13.5566     6.8048      1.159    32.7643    24.5504 -9.990e-29
 257.853449      1.169  39.122927    13.5571     6.8055      1.159    32.7646    24.5505 -9.990e-29
 257.853455      1.171  39.123811    13.5574     6.8190      1.161    32.7651    24.5509 -9.990e-29
 257.853461      1.176  39.124263    13.5573     6.8067      1.166    32.7656    24.5513 -9.990e-29
 257.853466      1.180  39.123757    13.5572     6.7966      1.170    32.7653    24.5510 -9.990e-29
 257.853472      1.180  39.123290    13.5576     6.7754      1.170    32.7645    24.5504 -9.990e-29
 257.853478      1.179  39.123911    13.5588     6.7641      1.169    32.7640    24.5498 -9.990e-29
 257.853484      1.181  39.124756    13.5600     6.7868      1.171    32.7638    24.5493 -9.990e-29
 257.853490      1.182  39.125265    13.5609     6.8164      1.172    32.7635    24.5489 -9.990e-29
 257.853495      1.178  39.126107    13.5617     6.8418      1.168    32.7636    24.5488 -9.990e-29
 257.853501      1.174  39.127273    13.5624     6.8449      1.164    32.7641    24.5491 -9.990e-29
 257.853507      1.173  39.128069    13.5627     6.8345      1.163    32.7646    24.5494 -9.990e-29
 257.853513      1.170  39.127867    13.5622     6.8157      1.160    32.7648    24.5497 -9.990e-29
 257.853519      1.162  39.126950    13.5616     6.8284      1.152    32.7645    24.5495 -9.990e-29
 257.853524      1.152  39.126324    13.5613     6.8332      1.142    32.7641    24.5494 -9.990e-29
 257.853530      1.148  39.126267    13.5613     6.8415      1.138    32.7641    24.5493 -9.990e-29
 257.853536      1.150  39.126696    13.5617     6.8351      1.140    32.7642    24.5493 -9.990e-29
 257.853542      1.149  39.127611    13.5625     6.8320      1.139    32.7643    24.5492 -9.990e-29
 257.853547      1.141  39.128543    13.5635     6.8528      1.131    32.7643    24.5491 -9.990e-29
