data/oxygen options/OCNMS/OCNMS1/raw_data/2018/CAST_TH042_180914faedb.cnv
* Sea-Bird SBE 19 Data File:
* FileName = C:\2018 Mooring Data\Casts\CAST_TH042_180914.hex
* Software Version SeatermAF 2.1.2
* Temperature SN = 2997
* Conductivity SN = 2997
* System UpLoad Time = Sep 14 2018 22:02:15 (localtime) = Sep 14 2018 22:02:15 (UTC)
** CAST_TH042_180914
* ds
# nquan = 9
# nvalues = 41                          
# units = specified
# name 0 = timeJ: Julian Days
# name 1 = prSM: Pressure, Strain Gauge [db]
# name 2 = c0mS/cm: Conductivity [mS/cm]
# name 3 = t090C: Temperature [ITS-90, deg C]
# name 4 = sbeox0ML/L: Oxygen, SBE 43 [ml/l]
# name 5 = depSM: Depth [salt water, m], lat = 47.5
# name 6 = sal00: Salinity, Practical [PSU]
# name 7 = sigma-é00: Density [sigma-theta, kg/m^3]
# name 8 = flag: flag
# span 0 = 257.796705, 257.855550       
# span 1 =      2.000,     43.000       
# span 2 =  35.691407,  39.133454       
# span 3 =     8.8302,    13.5642       
# span 4 =     0.9893,     6.9529       
# span 5 =      1.983,     42.637       
# span 6 =    32.7679,    33.6181       
# span 7 =    24.5517,    26.0634       
# span 8 = 0.0000e+00, 0.0000e+00       
# interval = decibars: 1                
# start_time = Sep 14 2018 20:23:47 [Instrument's time stamp, header]
# bad_flag = -9.990e-29
*END*
 257.854121      2.000  39.133454    13.5642     6.9529      1.983    32.7679    24.5517 0.0000e+00
 257.854158      3.000  39.056294    13.4599     6.9264      2.975    32.7850    24.5860 0.0000e+00
 257.854192      4.000  38.919775    13.2778     6.9001      3.967    32.8135    24.6445 0.0000e+00
 257.854221      5.000  38.764045    13.0718     6.4500      4.958    32.8446    24.7095 0.0000e+00
 257.854247      6.000  38.309847    12.4462     6.0347      5.950    32.9577    24.9187 0.0000e+00
 257.854273      7.000  38.065197    12.1282     5.5399      6.941    33.0019    25.0136 0.0000e+00
 257.854299      8.000  37.909483    11.9058     4.8282      7.933    33.0478    25.0909 0.0000e+00
 257.854325      9.000  37.697973    11.6192     4.1360      8.925    33.0966    25.1819 0.0000e+00
 257.854352     10.000  37.524367    11.3587     4.0051      9.916    33.1592    25.2781 0.0000e+00
 257.854378     11.000  37.466151    11.2322     4.0041     10.908    33.2153    25.3446 0.0000e+00
 257.854407     12.000  37.415847    11.1651     4.0013     11.900    33.2257    25.3648 0.0000e+00
 257.854434     13.000  37.400773    11.1356     3.9894     12.891    33.2370    25.3789 0.0000e+00
 257.854463     14.000  37.392105    11.1240     3.9849     13.883    33.2385    25.3822 0.0000e+00
 257.854494     15.000  37.379852    11.1093     3.9716     14.874    33.2393    25.3854 0.0000e+00
 257.854527     16.000  37.381237    11.1078     3.9778     15.866    33.2416    25.3875 0.0000e+00
 257.854555     17.000  37.383649    11.1111     3.9598     16.858    33.2405    25.3861 0.0000e+00
 257.854588     18.000  37.375751    11.0999     3.9422     17.849    33.2424    25.3896 0.0000e+00
 257.854622     19.000  37.367963    11.0896     3.9202     18.841    33.2436    25.3924 0.0000e+00
 257.854654     20.000  37.362978    11.0824     3.9272     19.832    33.2447    25.3946 0.0000e+00
 257.854687     21.000  37.359010    11.0780     3.9219     20.824    33.2443    25.3951 0.0000e+00
 257.854719     22.000  37.358335    11.0774     3.9235     21.815    33.2438    25.3948 0.0000e+00
 257.854752     23.000  37.356870    11.0747     3.9053     22.807    33.2444    25.3958 0.0000e+00
 257.854786     24.000  37.348533    11.0637     3.8839     23.798    33.2457    25.3987 0.0000e+00
 257.854818     25.000  37.337480    11.0482     3.8810     24.790    33.2483    25.4036 0.0000e+00
 257.854851     26.000  37.334186    11.0428     3.8660     25.781    33.2495    25.4055 0.0000e+00
 257.854880     27.000  37.326004    11.0326     3.8503     26.773    33.2501    25.4078 0.0000e+00
 257.854909     28.000  37.317923    11.0234     3.8367     27.764    33.2500    25.4094 0.0000e+00
 257.854945     29.000  37.307162    11.0079     3.7729     28.756    33.2530    25.4145 0.0000e+00
 257.854980     30.000  37.267414    10.9476     3.4079     29.747    33.2677    25.4367 0.0000e+00
 257.855013     31.000  37.056884    10.6797     2.8309     30.739    33.3011    25.5097 0.0000e+00
 257.855046     32.000  36.736736    10.2413     2.5297     31.730    33.3803    25.6471 0.0000e+00
 257.855082     33.000  36.556317    10.0031     2.5529     32.722    33.4167    25.7159 0.0000e+00
 257.855124     34.000  36.497028     9.9316     2.3228     33.714    33.4221    25.7320 0.0000e+00
 257.855156     35.000  36.383463     9.8079     2.0824     34.705    33.4205    25.7514 0.0000e+00
 257.855192     36.000  36.234144     9.5952     1.6567     35.696    33.4649    25.8211 0.0000e+00
 257.855226     37.000  36.060992     9.3386     1.4130     36.688    33.5260    25.9106 0.0000e+00
 257.855264     38.000  35.901283     9.1438     1.2563     37.679    33.5430    25.9551 0.0000e+00
 257.855302     39.000  35.837026     9.0143     1.1249     38.671    33.5978    26.0185 0.0000e+00
 257.796705     41.000  35.715095     8.8719     1.0081     40.654    33.6032    26.0450 0.0000e+00
 257.855428     42.000  35.693616     8.8388     0.9893     41.645    33.6127    26.0578 0.0000e+00
 257.855550     43.000  35.691407     8.8302     0.9914     42.637    33.6181    26.0634 0.0000e+00
