data/oxygen options/OCNMS/OCNMS1/raw_data/2018/CAST_CE042_180913faed.cnv
* Sea-Bird SBE 19 Data File:
* FileName = C:\2018 Mooring Data\Casts\CAST_CE042_180913.hex
* Software Version SeatermAF 2.1.2
* Temperature SN = 2997
* Conductivity SN = 2997
* System UpLoad Time = Sep 13 2018 19:34:19 (localtime) = Sep 13 2018 19:34:19 (UTC)
** CAST_CE042_180913
* ds
# nquan = 9                                 
# nvalues = 1693                        
# units = specified
# name 0 = timeJ: Julian Days
# name 1 = prSM: Pressure, Strain Gauge [db]
# name 2 = c0mS/cm: Conductivity [mS/cm]
# name 3 = t090C: Temperature [ITS-90, deg C]
# name 4 = sbeox0ML/L: Oxygen, SBE 43 [ml/l]
# name 5 = depSM: Depth [salt water, m], lat = 47.5
# name 6 = sal00: Salinity, Practical [PSU]
# name 7 = sigma-é00: Density [sigma-theta, kg/m^3]
# name 8 = flag: flag
# span 0 = 256.754120, 256.763912       
# span 1 =     -3.777,     43.645       
# span 2 =   0.047709,  39.243431       
# span 3 =     8.0390,    15.1545       
# span 4 =    -1.8688,    15.6101       
# span 5 =     -3.746,     43.276       
# span 6 =     0.0311,    33.7942       
# span 7 =    -0.8982,    26.3162       
# span 8 = 0.0000e+00, 0.0000e+00       
# interval = seconds: 0.5
# start_time = Sep 13 2018 18:05:56 [Instrument's time stamp, header]
# bad_flag = -9.990e-29
*END*
 256.754120     -3.777 -9.990e-29    14.5718    -1.8688     -3.746 -9.990e-29 -9.990e-29 -9.990e-29
 256.754126     -3.754   0.049386    14.5733    -1.8688     -3.723     0.0322    -0.8107 -9.990e-29
 256.754132     -3.728   0.049386    14.5757    -1.8687     -3.697     0.0322    -0.8111 -9.990e-29
 256.754138     -3.706   0.049386    14.5800    -1.8684     -3.675     0.0322    -0.8117 -9.990e-29
 256.754144     -3.692   0.049386    14.5855    -1.8681     -3.661     0.0321    -0.8125 -9.990e-29
 256.754149     -3.680   0.049386    14.5906    -1.8679     -3.649     0.0321    -0.8132 -9.990e-29
 256.754155     -3.660   0.049386    14.5947    -1.8677     -3.629     0.0321    -0.8138 -9.990e-29
 256.754161     -3.632   0.049386    14.5975    -1.8675     -3.602     0.0321    -0.8143 -9.990e-29
 256.754167     -3.603   0.049387    14.5993    -1.8674     -3.573     0.0321    -0.8145 -9.990e-29
 256.754172     -3.574   0.049387    14.6006    -1.8674     -3.544     0.0321    -0.8147 -9.990e-29
 256.754178     -3.544   0.049387    14.6026    -1.8673     -3.514     0.0321    -0.8150 -9.990e-29
 256.754184     -3.516   0.049387    14.6062    -1.8673     -3.487     0.0321    -0.8155 -9.990e-29
 256.754190     -3.492   0.049388    14.6118    -1.8676     -3.463     0.0321    -0.8163 -9.990e-29
 256.754196     -3.465   0.049388    14.6186    -1.8678     -3.436     0.0321    -0.8173 -9.990e-29
 256.754201     -3.435   0.049388    14.6248    -1.8680     -3.406     0.0321    -0.8183 -9.990e-29
 256.754207     -3.408   0.049388    14.6300    -1.8675     -3.380     0.0321    -0.8190 -9.990e-29
 256.754213     -3.386   0.049389    14.6342    -1.8676     -3.358     0.0321    -0.8196 -9.990e-29
 256.754219     -3.368   0.049389    14.6370    -1.8675     -3.340     0.0321    -0.8200 -9.990e-29
 256.754225     -3.353   0.049389    14.6385    -1.8674     -3.325     0.0321    -0.8203 -9.990e-29
 256.754230     -3.341   0.049389    14.6389    -1.8673     -3.313     0.0321    -0.8203 -9.990e-29
 256.754236     -3.329   0.049390    14.6372    -1.8672     -3.301     0.0321    -0.8201 -9.990e-29
 256.754242     -3.318   0.049390    14.6330    -1.8671     -3.290     0.0321    -0.8195 -9.990e-29
 256.754248     -3.307   0.049390    14.6292    -1.8670     -3.279     0.0321    -0.8189 -9.990e-29
 256.754253     -3.286   0.049391    14.6289    -1.8670     -3.259     0.0321    -0.8189 -9.990e-29
 256.754259     -3.251   0.049391    14.6316    -1.8670     -3.224     0.0321    -0.8192 -9.990e-29
 256.754265     -3.211   0.049391    14.6342    -1.8670     -3.184     0.0321    -0.8196 -9.990e-29
 256.754271     -3.172   0.049391    14.6367    -1.8671     -3.146     0.0321    -0.8200 -9.990e-29
 256.754277     -3.137   0.049392    14.6397    -1.8672     -3.111     0.0321    -0.8204 -9.990e-29
 256.754282     -3.107   0.049392    14.6423    -1.8670     -3.081     0.0321    -0.8208 -9.990e-29
 256.754288     -3.080   0.049392    14.6445    -1.8666     -3.054     0.0321    -0.8211 -9.990e-29
 256.754294     -3.056   0.049392    14.6467    -1.8661     -3.031     0.0321    -0.8215 -9.990e-29
 256.754300     -3.031   0.049393    14.6487    -1.8660     -3.006     0.0321    -0.8218 -9.990e-29
 256.754306     -3.006   0.049393    14.6500    -1.8659     -2.981     0.0321    -0.8219 -9.990e-29
 256.754311     -2.981   0.049393    14.6504    -1.8664     -2.956     0.0321    -0.8220 -9.990e-29
 256.754317     -2.961   0.049394    14.6501    -1.8666     -2.936     0.0321    -0.8220 -9.990e-29
 256.754323     -2.939   0.049394    14.6496    -1.8666     -2.914     0.0321    -0.8219 -9.990e-29
 256.754329     -2.915   0.049394    14.6505    -1.8664     -2.891     0.0321    -0.8220 -9.990e-29
 256.754334     -2.894   0.049394    14.6547    -1.8663     -2.870     0.0321    -0.8226 -9.990e-29
 256.754340     -2.876   0.049395    14.6620    -1.8660     -2.852     0.0321    -0.8237 -9.990e-29
 256.754346     -2.856   0.049395    14.6694    -1.8659     -2.832     0.0321    -0.8248 -9.990e-29
 256.754352     -2.836   0.049395    14.6735    -1.8658     -2.812     0.0321    -0.8254 -9.990e-29
 256.754358     -2.819   0.049395    14.6729    -1.8656     -2.795     0.0321    -0.8253 -9.990e-29
 256.754363     -2.805   0.049396    14.6687    -1.8654     -2.782     0.0321    -0.8247 -9.990e-29
 256.754369     -2.793   0.049396    14.6651    -1.8653     -2.770     0.0321    -0.8242 -9.990e-29
 256.754375     -2.781   0.049396    14.6647    -1.8652     -2.758     0.0321    -0.8241 -9.990e-29
 256.754381     -2.769   0.049397    14.6670    -1.8650     -2.746     0.0321    -0.8244 -9.990e-29
 256.754387     -2.756   0.049397    14.6708    -1.8644     -2.733     0.0321    -0.8250 -9.990e-29
 256.754392     -2.741   0.049397    14.6752    -1.8636     -2.718     0.0321    -0.8256 -9.990e-29
 256.754398     -2.724   0.049397    14.6797    -1.8628     -2.701     0.0321    -0.8263 -9.990e-29
 256.754404     -2.703   0.049398    14.6841    -1.8620     -2.680     0.0321    -0.8270 -9.990e-29
 256.754410     -2.681   0.049398    14.6882    -1.8620     -2.659     0.0321    -0.8276 -9.990e-29
 256.754416     -2.662   0.049398    14.6922    -1.8620     -2.640     0.0321    -0.8282 -9.990e-29
 256.754421     -2.639   0.049398    14.6964    -1.8620     -2.617     0.0321    -0.8288 -9.990e-29
 256.754427     -2.611   0.049399    14.7018    -1.8620     -2.589     0.0321    -0.8296 -9.990e-29
 256.754433     -2.585   0.049399    14.7104    -1.8621     -2.563     0.0321    -0.8308 -9.990e-29
 256.754439     -2.563   0.049399    14.7238    -1.8620     -2.542     0.0321    -0.8328 -9.990e-29
 256.754444     -2.545   0.049399    14.7408    -1.8619     -2.524     0.0321    -0.8353 -9.990e-29
 256.754450     -2.529   0.049400    14.7582    -1.8618     -2.508     0.0321    -0.8379 -9.990e-29
 256.754456     -2.514   0.049400    14.7716    -1.8619     -2.493     0.0321    -0.8399 -9.990e-29
 256.754462     -2.499   0.049400    14.7785    -1.8615     -2.478     0.0321    -0.8409 -9.990e-29
 256.754468     -2.483   0.049401    14.7807    -1.8610     -2.462     0.0321    -0.8413 -9.990e-29
 256.754473     -2.466   0.049401    14.7813    -1.8607     -2.445     0.0321    -0.8413 -9.990e-29
 256.754479     -2.445   0.049401    14.7815    -1.8608     -2.425     0.0321    -0.8414 -9.990e-29
 256.754485     -2.420   0.049401    14.7821    -1.8608     -2.400     0.0321    -0.8415 -9.990e-29
 256.754491     -2.393   0.049402    14.7834    -1.8609     -2.373     0.0321    -0.8417 -9.990e-29
 256.754497     -2.372   0.049402    14.7851    -1.8607     -2.352     0.0321    -0.8419 -9.990e-29
 256.754502     -2.358   0.049402    14.7872    -1.8603     -2.338     0.0321    -0.8422 -9.990e-29
 256.754508     -2.348   0.049402    14.7907    -1.8600     -2.328     0.0321    -0.8427 -9.990e-29
 256.754514     -2.336   0.049403    14.7969    -1.8599     -2.317     0.0321    -0.8437 -9.990e-29
 256.754520     -2.325   0.049403    14.8045    -1.8599     -2.306     0.0321    -0.8448 -9.990e-29
 256.754525     -2.319   0.049403    14.8102    -1.8602     -2.300     0.0321    -0.8456 -9.990e-29
 256.754531     -2.314   0.049404    14.8131    -1.8603     -2.295     0.0321    -0.8461 -9.990e-29
 256.754537     -2.305   0.049404    14.8142    -1.8603     -2.286     0.0321    -0.8462 -9.990e-29
 256.754543     -2.295   0.049404    14.8157    -1.8604     -2.276     0.0321    -0.8465 -9.990e-29
 256.754549     -2.289   0.049404    14.8196    -1.8603     -2.270     0.0321    -0.8470 -9.990e-29
 256.754554     -2.285   0.049405    14.8255    -1.8605     -2.266     0.0321    -0.8479 -9.990e-29
 256.754560     -2.280   0.049405    14.8308    -1.8605     -2.261     0.0321    -0.8487 -9.990e-29
 256.754566     -2.269   0.049405    14.8336    -1.8607     -2.250     0.0321    -0.8491 -9.990e-29
 256.754572     -2.255   0.049405    14.8334    -1.8607     -2.236     0.0321    -0.8491 -9.990e-29
 256.754578     -2.241   0.049406    14.8308    -1.8607     -2.222     0.0321    -0.8487 -9.990e-29
 256.754583     -2.228   0.049406    14.8281    -1.8604     -2.209     0.0321    -0.8483 -9.990e-29
 256.754589     -2.213   0.049406    14.8267    -1.8602     -2.195     0.0321    -0.8481 -9.990e-29
 256.754595     -2.197   0.049406    14.8258    -1.8602     -2.179     0.0321    -0.8480 -9.990e-29
 256.754601     -2.177   0.049407    14.8249    -1.8603     -2.159     0.0321    -0.8478 -9.990e-29
 256.754606     -2.154   0.049407    14.8235    -1.8602     -2.136     0.0321    -0.8476 -9.990e-29
 256.754612     -2.129   0.049407    14.8217    -1.8603     -2.111     0.0321    -0.8473 -9.990e-29
 256.754618     -2.105   0.049408    14.8203    -1.8603     -2.087     0.0321    -0.8471 -9.990e-29
 256.754624     -2.081   0.049408    14.8199    -1.8602     -2.064     0.0321    -0.8471 -9.990e-29
 256.754630     -2.059   0.049408    14.8217    -1.8603     -2.042     0.0321    -0.8473 -9.990e-29
 256.754635     -2.043   0.049408    14.8252    -1.8603     -2.026     0.0321    -0.8479 -9.990e-29
 256.754641     -2.031   0.049409    14.8282    -1.8603     -2.014     0.0321    -0.8483 -9.990e-29
 256.754647     -2.023   0.049409    14.8293    -1.8602     -2.006     0.0321    -0.8485 -9.990e-29
 256.754653     -2.018   0.049409    14.8294    -1.8599     -2.001     0.0321    -0.8485 -9.990e-29
 256.754659     -2.016   0.049409    14.8294    -1.8597     -1.999     0.0321    -0.8485 -9.990e-29
 256.754664     -2.012   0.049410    14.8294    -1.8596     -1.995     0.0321    -0.8485 -9.990e-29
 256.754670     -2.002   0.049410    14.8295    -1.8593     -1.985     0.0321    -0.8485 -9.990e-29
 256.754676     -1.989   0.049410    14.8296    -1.8592     -1.972     0.0321    -0.8485 -9.990e-29
 256.754682     -1.977   0.049411    14.8295    -1.8592     -1.961     0.0321    -0.8485 -9.990e-29
 256.754687     -1.966   0.049411    14.8294    -1.8596     -1.950     0.0321    -0.8485 -9.990e-29
 256.754693     -1.954   0.049411    14.8306    -1.8598     -1.938     0.0321    -0.8487 -9.990e-29
 256.754699     -1.941   0.049411    14.8337    -1.8598     -1.925     0.0321    -0.8491 -9.990e-29
 256.754705     -1.925   0.049412    14.8386    -1.8598     -1.909     0.0321    -0.8499 -9.990e-29
 256.754711     -1.907   0.049412    14.8438    -1.8598     -1.891     0.0321    -0.8506 -9.990e-29
 256.754716     -1.889   0.049412    14.8484    -1.8596     -1.873     0.0321    -0.8513 -9.990e-29
 256.754722     -1.878   0.049412    14.8521    -1.8595     -1.862     0.0321    -0.8519 -9.990e-29
 256.754728     -1.873   0.049413    14.8539    -1.8594     -1.857     0.0321    -0.8521 -9.990e-29
 256.754734     -1.867   0.049413    14.8524    -1.8597     -1.851     0.0321    -0.8519 -9.990e-29
 256.754740     -1.853   0.049413    14.8484    -1.8600     -1.838     0.0321    -0.8513 -9.990e-29
 256.754745     -1.832   0.049414    14.8450    -1.8603     -1.817     0.0321    -0.8508 -9.990e-29
 256.754751     -1.807   0.049414    14.8434    -1.8604     -1.792     0.0321    -0.8506 -9.990e-29
 256.754757     -1.783   0.049414    14.8434    -1.8604     -1.768     0.0321    -0.8506 -9.990e-29
 256.754763     -1.764   0.049414    14.8447    -1.8605     -1.749     0.0321    -0.8508 -9.990e-29
 256.754769     -1.750   0.049415    14.8467    -1.8605     -1.735     0.0321    -0.8511 -9.990e-29
 256.754774     -1.738   0.049415    14.8483    -1.8605     -1.724     0.0321    -0.8513 -9.990e-29
 256.754780     -1.728   0.049415    14.8476    -1.8605     -1.714     0.0321    -0.8512 -9.990e-29
 256.754786     -1.719   0.049415    14.8437    -1.8605     -1.705     0.0321    -0.8506 -9.990e-29
 256.754792     -1.712   0.049416    14.8382    -1.8605     -1.698     0.0321    -0.8498 -9.990e-29
 256.754797     -1.705   0.049416    14.8332    -1.8603     -1.691     0.0321    -0.8491 -9.990e-29
 256.754803     -1.697   0.049416    14.8298    -1.8601     -1.683     0.0321    -0.8485 -9.990e-29
 256.754809     -1.690   0.049416    14.8279    -1.8599     -1.676     0.0321    -0.8483 -9.990e-29
 256.754815     -1.681   0.049417    14.8268    -1.8597     -1.667     0.0321    -0.8481 -9.990e-29
 256.754821     -1.671   0.049417    14.8261    -1.8596     -1.657     0.0321    -0.8480 -9.990e-29
 256.754826     -1.658   0.049417    14.8259    -1.8595     -1.644     0.0321    -0.8480 -9.990e-29
 256.754832     -1.643   0.049418    14.8261    -1.8593     -1.629     0.0321    -0.8480 -9.990e-29
 256.754838     -1.624   0.049418    14.8269    -1.8592     -1.610     0.0321    -0.8481 -9.990e-29
 256.754844     -1.603   0.049418    14.8285    -1.8594     -1.590     0.0321    -0.8484 -9.990e-29
 256.754850     -1.589   0.049418    14.8316    -1.8598     -1.576     0.0321    -0.8488 -9.990e-29
 256.754855     -1.581   0.049417    14.8362    -1.8599     -1.568     0.0321    -0.8495 -9.990e-29
 256.754861     -1.569   0.049417    14.8411    -1.8600     -1.556     0.0321    -0.8502 -9.990e-29
 256.754867     -1.553   0.049416    14.8453    -1.8599     -1.540     0.0321    -0.8509 -9.990e-29
 256.754873     -1.536   0.049416    14.8490    -1.8598     -1.523     0.0321    -0.8514 -9.990e-29
 256.754878     -1.517   0.049416    14.8525    -1.8599     -1.504     0.0321    -0.8519 -9.990e-29
 256.754884     -1.498   0.049415    14.8554    -1.8602     -1.486     0.0321    -0.8524 -9.990e-29
 256.754890     -1.484   0.049415    14.8557    -1.8605     -1.472     0.0321    -0.8524 -9.990e-29
 256.754896     -1.472   0.049414    14.8525    -1.8604     -1.460     0.0321    -0.8519 -9.990e-29
 256.754902     -1.463   0.049414    14.8478    -1.8599     -1.451     0.0321    -0.8512 -9.990e-29
 256.754907     -1.456   0.049414    14.8442    -1.8596     -1.444     0.0321    -0.8507 -9.990e-29
 256.754913     -1.450   0.049413    14.8424    -1.8595     -1.438     0.0321    -0.8504 -9.990e-29
 256.754919     -1.445   0.049413    14.8421    -1.8594     -1.433     0.0321    -0.8504 -9.990e-29
 256.754925     -1.441   0.049412    14.8417    -1.8593     -1.429     0.0321    -0.8503 -9.990e-29
 256.754931     -1.437   0.049412    14.8392    -1.8594     -1.425     0.0321    -0.8499 -9.990e-29
 256.754936     -1.433   0.049412    14.8351    -1.8593     -1.421     0.0321    -0.8493 -9.990e-29
 256.754942     -1.429   0.049411    14.8326    -1.8592     -1.417     0.0321    -0.8490 -9.990e-29
 256.754948     -1.425   0.049411    14.8345    -1.8593     -1.413     0.0321    -0.8492 -9.990e-29
 256.754954     -1.420   0.049410    14.8404    -1.8592     -1.408     0.0321    -0.8501 -9.990e-29
 256.754959     -1.415   0.049410    14.8468    -1.8592     -1.403     0.0321    -0.8511 -9.990e-29
 256.754965     -1.408   0.049410    14.8513    -1.8593     -1.396     0.0321    -0.8518 -9.990e-29
 256.754971     -1.399   0.049409    14.8540    -1.8594     -1.387     0.0321    -0.8522 -9.990e-29
 256.754977     -1.388   0.049409    14.8557    -1.8589     -1.376     0.0321    -0.8524 -9.990e-29
 256.754983     -1.374   0.049408    14.8570    -1.8587     -1.363     0.0321    -0.8526 -9.990e-29
 256.754988     -1.356   0.049408    14.8584    -1.8585     -1.345     0.0321    -0.8528 -9.990e-29
 256.754994     -1.333   0.049407    14.8593    -1.8581     -1.322     0.0321    -0.8530 -9.990e-29
 256.755000     -1.308   0.049407    14.8595    -1.8578     -1.297     0.0321    -0.8530 -9.990e-29
 256.755006     -1.287   0.049407    14.8598    -1.8575     -1.276     0.0321    -0.8530 -9.990e-29
 256.755012     -1.275   0.049406    14.8601    -1.8574     -1.264     0.0321    -0.8531 -9.990e-29
 256.755017     -1.265   0.049406    14.8603    -1.8572     -1.254     0.0321    -0.8531 -9.990e-29
 256.755023     -1.252   0.049405    14.8626    -1.8571     -1.242     0.0321    -0.8534 -9.990e-29
 256.755029     -1.241   0.049405    14.8678    -1.8570     -1.231     0.0321    -0.8542 -9.990e-29
 256.755035     -1.235   0.049405    14.8742    -1.8568     -1.225     0.0321    -0.8552 -9.990e-29
 256.755041     -1.228   0.049404    14.8815    -1.8567     -1.218     0.0321    -0.8563 -9.990e-29
