data/oxygen options/OCNMS/OCNMS1/raw_data/2018/CAST_CA042_180710faed.cnv
* Sea-Bird SBE19 Data File:
* FileName = C:\2018 Mooring Data\Casts\CAST_CA042_180710.hex
* Software Version 1.59
* Temperature SN = 2997
* Conductivity SN = 2997
* System UpLoad Time = Jul 10 2018 20:00:16
** CAST_CA042_180710
* ds
# nquan = 9                                 
# nvalues = 939                         
# units = specified
# name 0 = timeJ: Julian Days
# name 1 = prSM: Pressure, Strain Gauge [db]
# name 2 = c0mS/cm: Conductivity [mS/cm]
# name 3 = t090C: Temperature [ITS-90, deg C]
# name 4 = sbeox0ML/L: Oxygen, SBE 43 [ml/l]
# name 5 = depSM: Depth [salt water, m], lat = 47.5
# name 6 = sal00: Salinity, Practical [PSU]
# name 7 = sigma-é00: Density [sigma-theta, kg/m^3]
# name 8 = flag: flag
# span 0 = 191.797222, 191.802650       
# span 1 =     -5.444,     43.034       
# span 2 =   0.457934,  39.578124       
# span 3 =     8.1220,    17.7817       
# span 4 =    -1.7733,    15.6661       
# span 5 =     -5.399,     42.670       
# span 6 =     0.2587,    33.6618       
# span 7 =    -1.1637,    26.2041       
# span 8 = 0.0000e+00, 0.0000e+00       
# interval = seconds: 0.5
# start_time = Jul 10 2018 19:08:00 [Instrument's time stamp, header]
# bad_flag = -9.990e-29
*END*
[from data line 641]
 191.800932      0.817  38.943025    14.8532     8.1552      0.810    31.5203    23.3222 -9.990e-29
 191.800938      0.825  38.942307    14.8559     8.1605      0.818    31.5175    23.3194 -9.990e-29
 191.800943      0.827  38.959867    14.8730     8.1630      0.820    31.5195    23.3173 -9.990e-29
 191.800949      0.827  38.981525    14.8872     8.1628      0.820    31.5275    23.3205 -9.990e-29
 191.800955      0.825  38.987921    14.8840     8.1815      0.818    31.5359    23.3276 -9.990e-29
 191.800961      0.825  38.978007    14.8701     8.1779      0.818    31.5382    23.3323 -9.990e-29
 191.800966      0.828  38.966521    14.8598     8.1679      0.821    31.5362    23.3330 -9.990e-29
 191.800972      0.829  38.963860    14.8594     8.1646      0.822    31.5341    23.3314 -9.990e-29
 191.800978      0.829  38.972014    14.8708     8.1532      0.822    31.5322    23.3276 -9.990e-29
 191.800984      0.822  38.986108    14.8872     8.1671      0.815    31.5317    23.3237 -9.990e-29
 191.800990      0.810  38.997425    14.8934     8.1776      0.803    31.5369    23.3263 -9.990e-29
 191.800995      0.798  39.001391    14.8863     8.1706      0.791    31.5462    23.3350 -9.990e-29
 191.801001      0.792  38.997079    14.8764     8.1690      0.785    31.5503    23.3403 -9.990e-29
 191.801007      0.790  38.988767    14.8731     8.1677      0.783    31.5455    23.3373 -9.990e-29
 191.801013      0.788  38.988283    14.8788     8.1534      0.781    31.5404    23.3322 -9.990e-29
 191.801019      0.782  38.997160    14.8906     8.1468      0.775    31.5389    23.3285 -9.990e-29
 191.801024      0.776  39.006447    14.9020     8.1436      0.770    31.5380    23.3254 -9.990e-29
 191.801030      0.773  39.016144    14.9100     8.1304      0.767    31.5403    23.3255 -9.990e-29
 191.801036      0.774  39.027923    14.9170     8.1344      0.768    31.5453    23.3278 -9.990e-29
 191.801042      0.778  39.035582    14.9225     8.1357      0.772    31.5477    23.3285 -9.990e-29
 191.801047      0.781  39.038634    14.9259     8.1452      0.774    31.5477    23.3278 -9.990e-29
 191.801053      0.780  39.041089    14.9296     8.1589      0.773    31.5469    23.3264 -9.990e-29
 191.801059      0.779  39.043361    14.9358     8.1549      0.772    31.5440    23.3228 -9.990e-29
 191.801065      0.781  39.043942    14.9428     8.1397      0.774    31.5388    23.3173 -9.990e-29
 191.801071      0.787  39.041866    14.9476     8.1314      0.780    31.5331    23.3119 -9.990e-29
 191.801076      0.797  39.039351    14.9494     8.1343      0.790    31.5294    23.3087 -9.990e-29
 191.801082      0.807  39.039711    14.9501     8.1200      0.800    31.5291    23.3083 -9.990e-29
 191.801088      0.815  39.045048    14.9522     8.1019      0.808    31.5322    23.3103 -9.990e-29
 191.801094      0.820  39.052896    14.9557     8.1040      0.813    31.5364    23.3128 -9.990e-29
 191.801100      0.823  39.059094    14.9578     8.1080      0.816    31.5403    23.3153 -9.990e-29
 191.801105      0.829  39.061204    14.9568     8.1292      0.822    31.5430    23.3176 -9.990e-29
 191.801111      0.841  39.059742    14.9538     8.1497      0.834    31.5441    23.3191 -9.990e-29
 191.801117      0.856  39.059423    14.9527     8.1279      0.849    31.5447    23.3198 -9.990e-29
 191.801123      0.868  39.062005    14.9566     8.1186      0.861    31.5439    23.3183 -9.990e-29
 191.801128      0.876  39.066387    14.9651     8.1346      0.869    31.5410    23.3142 -9.990e-29
 191.801134      0.889  39.072752    14.9745     8.1421      0.882    31.5391    23.3108 -9.990e-29
 191.801140      0.913  39.079444    14.9806     8.1513      0.905    31.5402    23.3103 -9.990e-29
 191.801146      0.945  39.081323    14.9803     8.1133      0.937    31.5421    23.3119 -9.990e-29
 191.801152      0.979  39.074118    14.9734     8.0908      0.971    31.5412    23.3126 -9.990e-29
 191.801157      1.012  39.063290    14.9646     8.1349      1.004    31.5385    23.3125 -9.990e-29
 191.801163      1.046  39.058995    14.9614     8.2025      1.037    31.5372    23.3122 -9.990e-29
 191.801169      1.092  39.061607    14.9618     8.2515      1.083    31.5393    23.3136 -9.990e-29
 191.801175      1.167  39.059981    14.9492     8.2733      1.157    31.5479    23.3230 -9.990e-29
 191.801181      1.269  39.033405    14.9050     8.2507      1.258    31.5597    23.3415 -9.990e-29
 191.801186      1.394  38.965996    14.8252     8.2147      1.382    31.5635    23.3613 0.0000e+00
 191.801192      1.540  38.866981    14.7393     8.2396      1.527    31.5436    23.3642 0.0000e+00
 191.801198      1.703  38.772343    14.6833     8.3064      1.689    31.5034    23.3450 0.0000e+00
 191.801204      1.882  38.715488    14.6362     8.3325      1.866    31.4900    23.3446 0.0000e+00
 191.801209      2.084  38.677674    14.5541     8.2120      2.067    31.5222    23.3867 0.0000e+00
 191.801215      2.312  38.615139    14.4341     7.9348      2.293    31.5629    23.4431 0.0000e+00
 191.801221      2.565  38.521754    14.2864     7.5642      2.544    31.5982    23.5009 0.0000e+00
 191.801227      2.840  38.402899    14.1196     7.1406      2.816    31.6260    23.5567 0.0000e+00
 191.801233      3.131  38.266961    13.9619     6.7487      3.105    31.6305    23.5925 0.0000e+00
 191.801238      3.425  38.143232    13.8053     6.4503      3.396    31.6454    23.6357 0.0000e+00
 191.801244      3.719  38.022380    13.5718     6.2395      3.688    31.7265    23.7454 0.0000e+00
 191.801250      4.016  37.833930    13.2054     6.0886      3.982    31.8562    23.9184 0.0000e+00
 191.801256      4.317  37.521474    12.7609     5.9485      4.281    31.9361    24.0668 0.0000e+00
 191.801262      4.623  37.152256    12.3663     5.7752      4.584    31.9195    24.1292 0.0000e+00
 191.801267      4.934  36.872927    12.0936     5.6214      4.893    31.8840    24.1528 0.0000e+00
 191.801273      5.247  36.720313    11.9128     5.4869      5.203    31.8914    24.1920 0.0000e+00
 191.801279      5.565  36.621850    11.7626     5.3707      5.518    31.9248    24.2455 0.0000e+00
 191.801285      5.887  36.526243    11.6079     5.2845      5.838    31.9650    24.3049 0.0000e+00
 191.801291      6.208  36.429141    11.4446     5.2511      6.156    32.0113    24.3703 0.0000e+00
 191.801296      6.527  36.328123    11.2852     5.2133      6.472    32.0505    24.4293 0.0000e+00
 191.801302      6.847  36.227298    11.1477     5.2018      6.790    32.0710    24.4697 0.0000e+00
 191.801308      7.166  36.142230    11.0384     5.1802      7.106    32.0824    24.4978 0.0000e+00
 191.801314      7.480  36.069728    10.9469     5.1372      7.417    32.0907    24.5202 0.0000e+00
 191.801319      7.783  36.008800    10.8499     5.0822      7.718    32.1152    24.5562 0.0000e+00
 191.801325      8.081  35.967174    10.7302     5.0526      8.013    32.1789    24.6266 0.0000e+00
 191.801331      8.388  35.940799    10.5946     5.0482      8.318    32.2721    24.7226 0.0000e+00
 191.801337      8.708  35.913479    10.4573     5.0689      8.635    32.3665    24.8195 0.0000e+00
 191.801343      9.034  35.871674    10.3285     5.0913      8.958    32.4392    24.8981 0.0000e+00
 191.801348      9.367  35.813880    10.2048     5.1201      9.289    32.4916    24.9598 0.0000e+00
 191.801354      9.705  35.727356    10.0714     5.1571      9.624    32.5238    25.0072 0.0000e+00
 191.801360     10.041  35.607531     9.9225     5.2215      9.957    32.5363    25.0417 0.0000e+00
 191.801366     10.370  35.479346     9.7655     5.3138     10.283    32.5475    25.0762 0.0000e+00
 191.801372     10.696  35.357708     9.6156     5.3619     10.606    32.5589    25.1095 0.0000e+00
 191.801377     11.022  35.250010     9.4816     5.3960     10.930    32.5700    25.1398 0.0000e+00
 191.801383     11.352  35.158151     9.3474     5.3862     11.257    32.5976    25.1829 0.0000e+00
 191.801389     11.690  35.064276     9.1978     5.3341     11.592    32.6372    25.2376 0.0000e+00
 191.801395     12.041  34.959040     9.0476     5.2854     11.940    32.6657    25.2834 0.0000e+00
 191.801400     12.404  34.853786     8.9223     5.2374     12.300    32.6713    25.3073 0.0000e+00
 191.801406     12.779  34.767098     8.8298     5.2049     12.672    32.6660    25.3174 0.0000e+00
 191.801412     13.161  34.710401     8.7583     5.1855     13.051    32.6725    25.3335 0.0000e+00
 191.801418     13.551  34.679509     8.6981     5.1824     13.437    32.6956    25.3608 0.0000e+00
 191.801424     13.948  34.661742     8.6469     5.1836     13.831    32.7242    25.3910 0.0000e+00
 191.801429     14.350  34.648298     8.6046     5.1674     14.230    32.7491    25.4169 0.0000e+00
 191.801435     14.758  34.637439     8.5753     5.1600     14.634    32.7647    25.4336 0.0000e+00
 191.801441     15.168  34.630699     8.5593     5.1400     15.041    32.7723    25.4419 0.0000e+00
 191.801447     15.576  34.627457     8.5504     5.1133     15.445    32.7769    25.4470 0.0000e+00
 191.801453     15.986  34.625602     8.5433     5.0976     15.852    32.7814    25.4515 0.0000e+00
 191.801458     16.403  34.624876     8.5361     5.0934     16.265    32.7871    25.4571 0.0000e+00
 191.801464     16.823  34.624288     8.5296     5.0755     16.682    32.7923    25.4622 0.0000e+00
 191.801470     17.244  34.623590     8.5256     5.0450     17.099    32.7951    25.4650 0.0000e+00
 191.801476     17.666  34.624627     8.5243     4.9966     17.518    32.7972    25.4668 0.0000e+00
 191.801481     18.086  34.627079     8.5236     4.9133     17.934    32.8003    25.4693 0.0000e+00
 191.801487     18.502  34.629153     8.5209     4.8113     18.347    32.8048    25.4733 0.0000e+00
 191.801493     18.917  34.630793     8.5153     4.7138     18.758    32.8115    25.4794 0.0000e+00
 191.801499     19.338  34.633603     8.5084     4.6298     19.176    32.8207    25.4877 0.0000e+00
 191.801505     19.759  34.640748     8.5022     4.6127     19.593    32.8338    25.4989 0.0000e+00
 191.801510     20.180  34.652213     8.4961     4.6603     20.011    32.8514    25.5136 0.0000e+00
 191.801516     20.600  34.664785     8.4863     4.7411     20.427    32.8735    25.5324 0.0000e+00
 191.801522     21.021  34.677846     8.4693     4.8008     20.844    32.9030    25.5581 0.0000e+00
 191.801528     21.443  34.690316     8.4418     4.8140     21.263    32.9416    25.5925 0.0000e+00
 191.801534     21.868  34.695841     8.4001     4.7957     21.684    32.9863    25.6338 0.0000e+00
 191.801539     22.297  34.683848     8.3507     4.7414     22.110    33.0197    25.6674 0.0000e+00
 191.801545     22.728  34.661276     8.3118     4.6836     22.537    33.0322    25.6830 0.0000e+00
 191.801551     23.157  34.650062     8.2904     4.6383     22.962    33.0402    25.6925 0.0000e+00
 191.801557     23.587  34.652579     8.2797     4.5922     23.389    33.0528    25.7039 0.0000e+00
 191.801562     24.019  34.660958     8.2733     4.5415     23.817    33.0675    25.7164 0.0000e+00
 191.801568     24.455  34.674029     8.2674     4.4888     24.249    33.0867    25.7323 0.0000e+00
 191.801574     24.893  34.688480     8.2602     4.4164     24.684    33.1086    25.7506 0.0000e+00
 191.801580     25.330  34.699481     8.2528     4.3315     25.117    33.1270    25.7662 0.0000e+00
 191.801586     25.768  34.706561     8.2464     4.2597     25.551    33.1403    25.7776 0.0000e+00
 191.801591     26.210  34.712416     8.2395     4.1862     25.990    33.1529    25.7884 0.0000e+00
 191.801597     26.659  34.721473     8.2287     4.1414     26.435    33.1725    25.8054 0.0000e+00
 191.801603     27.112  34.737944     8.2157     4.1160     26.884    33.2020    25.8306 0.0000e+00
 191.801609     27.564  34.758014     8.2056     4.0908     27.332    33.2327    25.8561 0.0000e+00
 191.801615     28.010  34.774267     8.1995     4.0741     27.774    33.2555    25.8749 0.0000e+00
 191.801620     28.444  34.788191     8.1955     4.0571     28.205    33.2739    25.8900 0.0000e+00
 191.801626     28.863  34.803211     8.1928     4.0637     28.620    33.2922    25.9048 0.0000e+00
 191.801632     29.273  34.818055     8.1912     4.0749     29.027    33.3093    25.9184 0.0000e+00
 191.801638     29.678  34.831216     8.1902     4.0789     29.428    33.3241    25.9301 0.0000e+00
 191.801644     30.079  34.840624     8.1890     4.0885     29.826    33.3350    25.9389 0.0000e+00
 191.801649     30.479  34.845362     8.1882     4.0887     30.222    33.3406    25.9434 0.0000e+00
 191.801655     30.882  34.847247     8.1882     4.0715     30.622    33.3425    25.9449 0.0000e+00
 191.801661     31.289  34.848210     8.1886     4.0711     31.026    33.3429    25.9452 0.0000e+00
 191.801667     31.699  34.849511     8.1887     4.0513     31.432    33.3440    25.9460 0.0000e+00
 191.801672     32.109  34.851742     8.1884     4.0058     31.839    33.3465    25.9480 0.0000e+00
 191.801678     32.515  34.854497     8.1874     3.9576     32.241    33.3502    25.9511 0.0000e+00
 191.801684     32.916  34.857505     8.1856     3.8835     32.639    33.3549    25.9550 0.0000e+00
 191.801690     33.314  34.862516     8.1839     3.7865     33.033    33.3616    25.9606 0.0000e+00
 191.801696     33.706  34.873389     8.1835     3.6932     33.422    33.3734    25.9699 0.0000e+00
 191.801701     34.093  34.892841     8.1857     3.5957     33.806    33.3918    25.9840 0.0000e+00
 191.801707     34.478  34.919350     8.1905     3.4703     34.187    33.4152    26.0017 0.0000e+00
 191.801713     34.868  34.949044     8.1969     3.3518     34.574    33.4405    26.0206 0.0000e+00
 191.801719     35.266  34.979503     8.2029     3.2612     34.969    33.4670    26.0405 0.0000e+00
 191.801725     35.673  35.008205     8.2036     3.1847     35.372    33.4967    26.0637 0.0000e+00
 191.801730     36.087  35.033087     8.1954     3.1369     35.783    33.5308    26.0916 0.0000e+00
 191.801736     36.507  35.053708     8.1804     3.1193     36.199    33.5668    26.1222 0.0000e+00
 191.801742     36.923  35.068426     8.1634     3.1168     36.612    33.5986    26.1496 0.0000e+00
 191.801748     37.328  35.077245     8.1484     3.1209     37.013    33.6222    26.1704 0.0000e+00
 191.801753     37.723  35.082377     8.1373     3.1376     37.405    33.6381    26.1845 0.0000e+00
 191.801759     38.114  35.085600     8.1301     3.1555     37.792    33.6483    26.1936 0.0000e+00
 191.801765     38.507  35.087827     8.1260     3.1604     38.182    33.6544    26.1990 0.0000e+00
 191.801771     38.900  35.089205     8.1240     3.1908     38.572    33.6576    26.2018 0.0000e+00
 191.801777     39.287  35.089867     8.1230     3.2035     38.955    33.6591    26.2031 0.0000e+00
 191.801782     39.660  35.090112     8.1225     3.1985     39.325    33.6596    26.2037 0.0000e+00
 191.801788     40.016  35.090242     8.1221     3.2210     39.678    33.6600    26.2040 0.0000e+00
 191.801794     40.365  35.090408     8.1220     3.2110     40.024    33.6601    26.2041 0.0000e+00
 191.801800     40.713  35.090807     8.1224     3.2008     40.369    33.6600    26.2040 0.0000e+00
 191.801806     41.055  35.091392     8.1230     3.2032     40.708    33.6599    26.2038 0.0000e+00
 191.801811     41.387  35.091799     8.1235     3.1989     41.037    33.6597    26.2036 0.0000e+00
 191.801817     41.706  35.091987     8.1238     3.2083     41.354    33.6594    26.2033 0.0000e+00
 191.801823     42.010  35.092185     8.1240     3.2131     41.655    33.6593    26.2032 0.0000e+00
 191.801829     42.297  35.092634     8.1245     3.2260     41.940    33.6592    26.2030 0.0000e+00
 191.801834     42.555  35.093349     8.1254     3.2090     42.195    33.6589    26.2027 0.0000e+00
 191.801840     42.766  35.094143     8.1265     3.2089     42.405    33.6586    26.2023 0.0000e+00
 191.801846     42.919  35.095488     8.1278     3.2199     42.556    33.6587    26.2022 -9.990e-29
