data/oxygen options/OCNMS/OCNMS1/raw_data/2018/CAST_MB042_180607faed.cnv
* Sea-Bird SBE19 Data File:
* FileName = C:\2018 Mooring Data\Casts\CAST_MB042_180607.hex
* Software Version 1.59
* Temperature SN = 2997
* Conductivity SN = 2997
* System UpLoad Time = Jun 07 2018 21:02:21
** CAST_MB042_180607
* ds
# nquan = 9                                 
# nvalues = 946                         
# units = specified
# name 0 = timeJ: Julian Days
# name 1 = prSM: Pressure, Strain Gauge [db]
# name 2 = c0mS/cm: Conductivity [mS/cm]
# name 3 = t090C: Temperature [ITS-90, deg C]
# name 4 = sbeox0ML/L: Oxygen, SBE 43 [ml/l]
# name 5 = depSM: Depth [salt water, m], lat = 47.5
# name 6 = sal00: Salinity, Practical [PSU]
# name 7 = sigma-é00: Density [sigma-theta, kg/m^3]
# name 8 = flag: flag
# span 0 = 158.868032, 158.873501       
# span 1 =     -5.119,     41.418       
# span 2 =   0.330805,  37.092986       
# span 3 =     7.8897,    15.0507       
# span 4 =    -1.8839,    18.0642       
# span 5 =     -5.076,     41.068       
# span 6 =     0.2014,    33.8035       
# span 7 =    -0.6623,    26.3506       
# span 8 = 0.0000e+00, 0.0000e+00       
# interval = seconds: 0.5
# start_time = Jun 07 2018 20:49:58 [Instrument's time stamp, header]
# bad_flag = -9.990e-29
*END*
[from data line 481]
 158.870816      0.756  36.658334    12.0343     7.5940      0.750    31.7298    24.0441 -9.990e-29
 158.870822      0.762  36.659681    12.0369     7.5859      0.756    31.7289    24.0429 -9.990e-29
 158.870828      0.762  36.662481    12.0375     7.5630      0.756    31.7311    24.0445 -9.990e-29
 158.870833      0.760  36.663196    12.0361     7.5582      0.754    31.7329    24.0462 -9.990e-29
 158.870839      0.761  36.662412    12.0347     7.5660      0.755    31.7334    24.0468 -9.990e-29
 158.870845      0.760  36.661322    12.0347     7.5820      0.754    31.7323    24.0460 -9.990e-29
 158.870851      0.753  36.661438    12.0373     7.5888      0.747    31.7302    24.0439 -9.990e-29
 158.870856      0.744  36.663444    12.0421     7.5768      0.738    31.7281    24.0413 -9.990e-29
 158.870862      0.737  36.666808    12.0483     7.5695      0.731    31.7260    24.0386 -9.990e-29
 158.870868      0.730  36.669825    12.0548     7.5662      0.724    31.7234    24.0354 -9.990e-29
 158.870874      0.725  36.671447    12.0594     7.5755      0.719    31.7211    24.0327 -9.990e-29
 158.870880      0.719  36.673246    12.0606     7.5805      0.713    31.7218    24.0330 -9.990e-29
 158.870885      0.714  36.674791    12.0593     7.5656      0.708    31.7244    24.0353 -9.990e-29
 158.870891      0.712  36.675311    12.0575     7.5532      0.706    31.7264    24.0372 -9.990e-29
 158.870897      0.718  36.676030    12.0563     7.5408      0.712    31.7281    24.0387 -9.990e-29
 158.870903      0.729  36.676754    12.0559     7.5566      0.723    31.7292    24.0396 -9.990e-29
 158.870909      0.740  36.677295    12.0559     7.5690      0.734    31.7297    24.0400 -9.990e-29
 158.870914      0.748  36.677224    12.0557     7.5889      0.742    31.7298    24.0401 -9.990e-29
 158.870920      0.749  36.676412    12.0551     7.5996      0.743    31.7295    24.0400 -9.990e-29
 158.870926      0.748  36.675985    12.0547     7.5874      0.742    31.7294    24.0400 -9.990e-29
 158.870932      0.749  36.675902    12.0554     7.5750      0.743    31.7288    24.0394 -9.990e-29
 158.870938      0.751  36.675460    12.0565     7.5645      0.745    31.7274    24.0381 -9.990e-29
 158.870943      0.756  36.675157    12.0573     7.5628      0.750    31.7264    24.0372 -9.990e-29
 158.870949      0.762  36.675680    12.0580     7.5749      0.756    31.7263    24.0370 -9.990e-29
 158.870955      0.768  36.676575    12.0581     7.5732      0.762    31.7271    24.0376 -9.990e-29
 158.870961      0.767  36.677322    12.0573     7.5635      0.761    31.7285    24.0388 -9.990e-29
 158.870966      0.765  36.677766    12.0562     7.5673      0.759    31.7299    24.0401 -9.990e-29
 158.870972      0.766  36.677909    12.0556     7.5596      0.760    31.7305    24.0407 -9.990e-29
 158.870978      0.770  36.677911    12.0550     7.5702      0.764    31.7310    24.0412 -9.990e-29
 158.870984      0.773  36.677741    12.0542     7.5805      0.767    31.7315    24.0418 -9.990e-29
 158.870990      0.771  36.677701    12.0540     7.5806      0.765    31.7317    24.0419 -9.990e-29
 158.870995      0.768  36.678264    12.0547     7.5748      0.762    31.7316    24.0417 -9.990e-29
 158.871001      0.768  36.679029    12.0558     7.5609      0.762    31.7314    24.0414 -9.990e-29
 158.871007      0.771  36.679307    12.0568     7.5555      0.765    31.7308    24.0407 -9.990e-29
 158.871013      0.772  36.679435    12.0577     7.5643      0.766    31.7302    24.0401 -9.990e-29
 158.871019      0.769  36.680112    12.0586     7.5645      0.763    31.7301    24.0398 -9.990e-29
 158.871024      0.764  36.681649    12.0599     7.5746      0.758    31.7305    24.0399 -9.990e-29
 158.871030      0.763  36.683824    12.0615     7.5817      0.757    31.7312    24.0401 -9.990e-29
 158.871036      0.763  36.685588    12.0630     7.5740      0.757    31.7316    24.0402 -9.990e-29
 158.871042      0.767  36.686459    12.0641     7.5669      0.761    31.7315    24.0399 -9.990e-29
 158.871047      0.774  36.687009    12.0651     7.5459      0.768    31.7312    24.0395 -9.990e-29
 158.871053      0.784  36.687380    12.0655     7.5482      0.777    31.7312    24.0394 -9.990e-29
 158.871059      0.793  36.687474    12.0654     7.5620      0.786    31.7314    24.0396 -9.990e-29
 158.871065      0.799  36.687385    12.0650     7.5638      0.792    31.7316    24.0398 -9.990e-29
 158.871071      0.806  36.686961    12.0635     7.5742      0.799    31.7325    24.0408 -9.990e-29
 158.871076      0.818  36.685047    12.0609     7.5785      0.811    31.7328    24.0415 -9.990e-29
 158.871082      0.832  36.681858    12.0597     7.5854      0.825    31.7308    24.0402 -9.990e-29
 158.871088      0.845  36.680391    12.0604     7.5893      0.838    31.7288    24.0385 -9.990e-29
 158.871094      0.857  36.680896    12.0604     7.5777      0.850    31.7293    24.0389 -9.990e-29
 158.871100      0.865  36.680654    12.0591     7.5708      0.858    31.7301    24.0398 -9.990e-29
 158.871105      0.864  36.679313    12.0578     7.5598      0.857    31.7299    24.0399 -9.990e-29
 158.871111      0.856  36.678412    12.0569     7.5379      0.849    31.7299    24.0400 -9.990e-29
 158.871117      0.844  36.678395    12.0560     7.5360      0.837    31.7306    24.0407 -9.990e-29
 158.871123      0.831  36.679210    12.0552     7.5447      0.824    31.7321    24.0420 -9.990e-29
 158.871128      0.816  36.680230    12.0545     7.5696      0.809    31.7337    24.0434 -9.990e-29
 158.871134      0.803  36.679987    12.0539     7.5902      0.796    31.7339    24.0437 -9.990e-29
 158.871140      0.796  36.678683    12.0526     7.5831      0.789    31.7338    24.0438 -9.990e-29
 158.871146      0.793  36.676786    12.0507     7.5683      0.786    31.7336    24.0440 -9.990e-29
 158.871152      0.795  36.673975    12.0496     7.5582      0.788    31.7318    24.0428 -9.990e-29
 158.871157      0.797  36.672070    12.0495     7.5705      0.790    31.7301    24.0415 -9.990e-29
 158.871163      0.796  36.672418    12.0497     7.5861      0.789    31.7302    24.0416 -9.990e-29
 158.871169      0.795  36.673771    12.0501     7.5909      0.788    31.7312    24.0423 -9.990e-29
 158.871175      0.799  36.675664    12.0508     7.5873      0.792    31.7324    24.0431 -9.990e-29
 158.871181      0.808  36.678351    12.0520     7.5868      0.801    31.7340    24.0441 -9.990e-29
 158.871186      0.818  36.680901    12.0530     7.5709      0.811    31.7356    24.0451 -9.990e-29
 158.871192      0.826  36.681645    12.0522     7.5528      0.819    31.7370    24.0463 -9.990e-29
 158.871198      0.836  36.680420    12.0500     7.5324      0.829    31.7377    24.0473 -9.990e-29
 158.871204      0.850  36.678924    12.0489     7.5221      0.843    31.7371    24.0471 -9.990e-29
 158.871209      0.859  36.677929    12.0497     7.5394      0.852    31.7355    24.0457 -9.990e-29
 158.871215      0.859  36.677194    12.0504     7.5593      0.852    31.7342    24.0445 -9.990e-29
 158.871221      0.856  36.676829    12.0507     7.5697      0.849    31.7336    24.0440 -9.990e-29
 158.871227      0.857  36.677995    12.0507     7.5713      0.850    31.7347    24.0449 -9.990e-29
 158.871233      0.866  36.679977    12.0498     7.5658      0.859    31.7374    24.0471 -9.990e-29
 158.871238      0.881  36.679784    12.0490     7.5694      0.874    31.7379    24.0476 -9.990e-29
 158.871244      0.893  36.677689    12.0494     7.5782      0.886    31.7355    24.0457 -9.990e-29
 158.871250      0.899  36.675904    12.0499     7.5871      0.891    31.7334    24.0440 -9.990e-29
 158.871256      0.899  36.674818    12.0475     7.5795      0.891    31.7344    24.0452 -9.990e-29
 158.871262      0.898  36.672950    12.0425     7.5723      0.891    31.7368    24.0480 -9.990e-29
 158.871267      0.899  36.670578    12.0385     7.5740      0.891    31.7379    24.0496 -9.990e-29
 158.871273      0.903  36.669548    12.0372     7.5742      0.895    31.7381    24.0500 -9.990e-29
 158.871279      0.910  36.669575    12.0377     7.5848      0.902    31.7376    24.0496 -9.990e-29
 158.871285      0.917  36.670101    12.0390     7.5991      0.909    31.7370    24.0489 -9.990e-29
 158.871291      0.918  36.670677    12.0400     7.6068      0.910    31.7368    24.0484 -9.990e-29
 158.871296      0.915  36.670917    12.0404     7.6071      0.907    31.7366    24.0483 -9.990e-29
 158.871302      0.912  36.671671    12.0413     7.6000      0.904    31.7366    24.0481 -9.990e-29
 158.871308      0.917  36.673352    12.0433     7.5910      0.909    31.7365    24.0477 -9.990e-29
 158.871314      0.929  36.675371    12.0457     7.5733      0.921    31.7364    24.0471 -9.990e-29
 158.871319      0.943  36.677028    12.0474     7.5765      0.935    31.7366    24.0469 -9.990e-29
 158.871325      0.953  36.677702    12.0480     7.5781      0.945    31.7367    24.0469 -9.990e-29
 158.871331      0.961  36.677701    12.0486     7.5595      0.953    31.7362    24.0464 -9.990e-29
 158.871337      0.967  36.677549    12.0489     7.5527      0.959    31.7358    24.0460 -9.990e-29
 158.871343      0.972  36.677014    12.0483     7.5402      0.964    31.7358    24.0461 -9.990e-29
 158.871348      0.975  36.675909    12.0474     7.5504      0.967    31.7355    24.0461 -9.990e-29
 158.871354      0.977  36.674410    12.0469     7.5713      0.969    31.7345    24.0454 -9.990e-29
 158.871360      0.979  36.674408    12.0473     7.5778      0.971    31.7341    24.0450 -9.990e-29
 158.871366      0.980  36.676986    12.0483     7.5584      0.972    31.7357    24.0461 -9.990e-29
 158.871372      0.976  36.679390    12.0498     7.5485      0.968    31.7368    24.0466 -9.990e-29
 158.871377      0.967  36.679753    12.0512     7.5529      0.959    31.7359    24.0457 -9.990e-29
 158.871383      0.961  36.679090    12.0513     7.5596      0.953    31.7352    24.0452 -9.990e-29
 158.871389      0.958  36.679285    12.0508     7.5698      0.950    31.7358    24.0457 -9.990e-29
 158.871395      0.956  36.680568    12.0515     7.5682      0.948    31.7365    24.0461 -9.990e-29
 158.871400      0.961  36.681258    12.0531     7.5655      0.953    31.7358    24.0453 -9.990e-29
 158.871406      0.969  36.681683    12.0544     7.5748      0.961    31.7351    24.0445 -9.990e-29
 158.871412      0.975  36.682375    12.0547     7.5838      0.967    31.7355    24.0447 -9.990e-29
 158.871418      0.984  36.682548    12.0540     7.5860      0.976    31.7362    24.0455 -9.990e-29
 158.871424      1.002  36.681839    12.0525     7.5844      0.994    31.7368    24.0462 -9.990e-29
 158.871429      1.025  36.679272    12.0506     7.5786      1.016    31.7360    24.0459 -9.990e-29
 158.871435      1.050  36.675873    12.0493     7.5747      1.041    31.7338    24.0444 -9.990e-29
 158.871441      1.079  36.674918    12.0491     7.5621      1.070    31.7330    24.0439 -9.990e-29
 158.871447      1.113  36.675660    12.0479     7.5694      1.104    31.7347    24.0454 -9.990e-29
 158.871453      1.156  36.674017    12.0433     7.5820      1.146    31.7371    24.0481 -9.990e-29
 158.871458      1.209  36.670006    12.0369     7.5820      1.199    31.7386    24.0505 -9.990e-29
 158.871464      1.275  36.666089    12.0321     7.5766      1.264    31.7389    24.0516 -9.990e-29
 158.871470      1.356  36.664287    12.0299     7.5689      1.345    31.7390    24.0521 -9.990e-29
 158.871476      1.447  36.665526    12.0301     7.5590      1.435    31.7400    24.0528 -9.990e-29
 158.871481      1.545  36.666385    12.0310     7.5688      1.532    31.7400    24.0527 -9.990e-29
 158.871487      1.649  36.665738    12.0303     7.5750      1.635    31.7400    24.0527 -9.990e-29
 158.871493      1.761  36.664369    12.0243     7.5804      1.746    31.7437    24.0568 -9.990e-29
 158.871499      1.883  36.656502    12.0098     7.5768      1.867    31.7484    24.0631 -9.990e-29
 158.871505      2.015  36.640015    11.9918     7.5717      1.998    31.7478    24.0659 0.0000e+00
 158.871510      2.156  36.627050    11.9804     7.5723      2.138    31.7449    24.0658 0.0000e+00
 158.871516      2.298  36.624921    11.9788     7.5742      2.279    31.7442    24.0656 0.0000e+00
 158.871522      2.434  36.628515    11.9831     7.5809      2.414    31.7440    24.0646 0.0000e+00
 158.871528      2.568  36.633629    11.9893     7.5749      2.547    31.7435    24.0631 0.0000e+00
 158.871534      2.703  36.636229    11.9940     7.5687      2.680    31.7420    24.0611 0.0000e+00
 158.871539      2.844  36.634156    11.9912     7.5673      2.820    31.7423    24.0618 0.0000e+00
 158.871545      2.997  36.626086    11.9797     7.5643      2.972    31.7443    24.0655 0.0000e+00
 158.871551      3.152  36.616299    11.9686     7.5603      3.126    31.7442    24.0675 0.0000e+00
 158.871557      3.296  36.612201    11.9628     7.5534      3.268    31.7452    24.0693 -9.990e-29
 158.871563      3.419  36.609937    11.9596     7.5422      3.390    31.7457    24.0703 -9.990e-29
 158.871568      3.525  36.605299    11.9552     7.5448      3.496    31.7449    24.0705 -9.990e-29
 158.871574      3.616  36.598198    11.9459     7.5477      3.586    31.7459    24.0730 -9.990e-29
 158.871580      3.691  36.586377    11.9322     7.5500      3.660    31.7462    24.0757 -9.990e-29
 158.871586      3.749  36.574727    11.9199     7.5583      3.718    31.7454    24.0774 -9.990e-29
 158.871591      3.794  36.569486    11.9127     7.5673      3.762    31.7464    24.0795 -9.990e-29
 158.871597      3.825  36.564716    11.9079     7.5692      3.793    31.7459    24.0800 -9.990e-29
 158.871603      3.834  36.554551    11.9050     7.5597      3.802    31.7386    24.0748 -9.990e-29
 158.871609      3.815  36.548328    11.9095     7.5519      3.783    31.7287    24.0664 -9.990e-29
 158.871615      3.761  36.556720    11.9203     7.5555      3.730    31.7277    24.0635 -9.990e-29
 158.871620      3.674  36.571251    11.9297     7.5669      3.643    31.7337    24.0665 -9.990e-29
 158.871626      3.560  36.583233    11.9391     7.5859      3.530    31.7373    24.0676 -9.990e-29
 158.871632      3.439  36.596822    11.9522     7.5944      3.410    31.7393    24.0667 -9.990e-29
 158.871638      3.332  36.611594    11.9649     7.5905      3.304    31.7428    24.0670 -9.990e-29
 158.871644      3.250  36.621425    11.9728     7.5828      3.223    31.7456    24.0677 -9.990e-29
 158.871649      3.187  36.625362    11.9770     7.5878      3.160    31.7458    24.0672 -9.990e-29
 158.871655      3.131  36.625789    11.9801     7.5941      3.105    31.7436    24.0649 -9.990e-29
 158.871661      3.070  36.626010    11.9831     7.5932      3.044    31.7413    24.0625 -9.990e-29
 158.871667      2.995  36.627934    11.9853     7.5873      2.970    31.7413    24.0621 -9.990e-29
 158.871672      2.907  36.629020    11.9864     7.5705      2.883    31.7414    24.0620 -9.990e-29
 158.871678      2.804  36.627293    11.9868     7.5719      2.781    31.7395    24.0604 -9.990e-29
 158.871684      2.679  36.626544    11.9872     7.5659      2.657    31.7385    24.0596 -9.990e-29
 158.871690      2.528  36.630749    11.9880     7.5440      2.507    31.7419    24.0621 -9.990e-29
 158.871696      2.356  36.636488    11.9901     7.5186      2.336    31.7457    24.0646 -9.990e-29
 158.871701      2.172  36.640709    11.9945     7.5116      2.154    31.7461    24.0641 -9.990e-29
 158.871707      1.990  36.644497    12.0019     7.5136      1.973    31.7435    24.0608 -9.990e-29
 158.871713      1.816  36.648919    12.0113     7.5275      1.801    31.7399    24.0562 -9.990e-29
 158.871719      1.652  36.654767    12.0206     7.5456      1.638    31.7376    24.0527 -9.990e-29
 158.871725      1.509  36.663614    12.0286     7.5643      1.496    31.7394    24.0526 -9.990e-29
 158.871730      1.398  36.672073    12.0345     7.5787      1.386    31.7426    24.0540 -9.990e-29
