data/oxygen options/OCNMS/OCNMS1/raw_data/2018/CAST_TH015_180612faed.cnv
* Sea-Bird SBE19 Data File:
* FileName = C:\2018 Mooring Data\Casts\CAST_TH015_180612.hex
* Software Version 1.59
* Temperature SN = 2997
* Conductivity SN = 2997
* System UpLoad Time = Jun 12 2018 21:33:14
** CAST_TH015_180612
* ds
# nquan = 9                                 
# nvalues = 864                         
# units = specified
# name 0 = timeJ: Julian Days
# name 1 = prSM: Pressure, Strain Gauge [db]
# name 2 = c0mS/cm: Conductivity [mS/cm]
# name 3 = t090C: Temperature [ITS-90, deg C]
# name 4 = sbeox0ML/L: Oxygen, SBE 43 [ml/l]
# name 5 = depSM: Depth [salt water, m], lat = 47.5
# name 6 = sal00: Salinity, Practical [PSU]
# name 7 = sigma-é00: Density [sigma-theta, kg/m^3]
# name 8 = flag: flag
# span 0 = 163.890856, 163.895851       
# span 1 =     -5.136,     18.012       
# span 2 =   0.234650,  36.660733       
# span 3 =    11.3293,    16.9308       
# span 4 =    -1.8312,    13.4269       
# span 5 =     -5.093,     17.861       
# span 6 =     0.1355,    32.2063       
# span 7 =    -1.0179,    24.5428       
# span 8 = 0.0000e+00, 0.0000e+00       
# interval = seconds: 0.5
# start_time = Jun 12 2018 21:22:50 [Instrument's time stamp, header]
# bad_flag = -9.990e-29
*END*
[from data line 641]
 163.894566      1.209  31.048768    14.9146     6.6584      1.199    24.4828    17.8983 -9.990e-29
 163.894572      1.217  31.049264    14.9156     6.6585      1.207    24.4826    17.8980 -9.990e-29
 163.894578      1.222  31.050209    14.9172     6.6603      1.212    24.4824    17.8975 -9.990e-29
 163.894583      1.225  31.051155    14.9185     6.6770      1.215    24.4824    17.8972 -9.990e-29
 163.894589      1.226  31.051656    14.9190     6.6812      1.216    24.4825    17.8972 -9.990e-29
 163.894595      1.225  31.051787    14.9191     6.6813      1.215    24.4826    17.8973 -9.990e-29
 163.894601      1.221  31.051694    14.9192     6.6802      1.211    24.4824    17.8971 -9.990e-29
 163.894606      1.215  31.051219    14.9190     6.6778      1.205    24.4822    17.8969 -9.990e-29
 163.894612      1.207  31.050819    14.9185     6.6983      1.197    24.4821    17.8970 -9.990e-29
 163.894618      1.199  31.051047    14.9178     6.7025      1.189    24.4828    17.8977 -9.990e-29
 163.894624      1.196  31.051057    14.9169     6.6883      1.186    24.4833    17.8983 -9.990e-29
 163.894630      1.194  31.050273    14.9164     6.6940      1.184    24.4830    17.8981 -9.990e-29
 163.894635      1.187  31.049295    14.9166     6.6889      1.177    24.4820    17.8973 -9.990e-29
 163.894641      1.180  31.049027    14.9171     6.6658      1.170    24.4814    17.8968 -9.990e-29
 163.894647      1.181  31.049637    14.9170     6.6910      1.171    24.4820    17.8973 -9.990e-29
 163.894653      1.193  31.049673    14.9155     6.6981      1.183    24.4830    17.8983 -9.990e-29
 163.894659      1.215  31.048591    14.9132     6.7050      1.205    24.4835    17.8991 -9.990e-29
 163.894664      1.238  31.047714    14.9117     6.7108      1.228    24.4837    17.8996 -9.990e-29
 163.894670      1.259  31.047519    14.9119     6.6991      1.248    24.4834    17.8993 -9.990e-29
 163.894676      1.281  31.048275    14.9134     6.6914      1.270    24.4831    17.8988 -9.990e-29
 163.894682      1.308  31.049838    14.9139     6.6867      1.297    24.4841    17.8995 -9.990e-29
 163.894688      1.352  31.050348    14.9115     6.6919      1.341    24.4860    17.9014 -9.990e-29
 163.894693      1.414  31.048775    14.9064     6.6990      1.402    24.4878    17.9038 -9.990e-29
 163.894699      1.490  31.045787    14.9008     6.7299      1.478    24.4887    17.9056 -9.990e-29
 163.894705      1.576  31.042963    14.8972     6.7342      1.563    24.4885    17.9062 -9.990e-29
 163.894711      1.670  31.042100    14.8953     6.7220      1.656    24.4889    17.9069 -9.990e-29
 163.894716      1.773  31.043132    14.8892     6.7155      1.758    24.4936    17.9117 -9.990e-29
 163.894722      1.891  31.045167    14.8726     6.7039      1.875    24.5057    17.9243 -9.990e-29
 163.894728      2.028  31.051447    14.8468     6.7007      2.011    24.5273    17.9460 0.0000e+00
 163.894734      2.179  31.070313    14.8228     6.7072      2.161    24.5588    17.9750 0.0000e+00
 163.894740      2.334  31.101154    14.8076     6.6762      2.315    24.5952    18.0060 0.0000e+00
 163.894745      2.484  31.129113    14.7902     6.6556      2.463    24.6305    18.0366 0.0000e+00
 163.894751      2.634  31.153391    14.7597     6.6468      2.612    24.6709    18.0737 0.0000e+00
 163.894757      2.791  31.183391    14.7241     6.6402      2.768    24.7197    18.1181 0.0000e+00
 163.894763      2.955  31.213769    14.6938     6.6356      2.930    24.7654    18.1593 0.0000e+00
 163.894769      3.128  31.244714    14.6679     6.6175      3.102    24.8089    18.1978 0.0000e+00
 163.894774      3.314  31.284444    14.6403     6.5931      3.286    24.8613    18.2435 0.0000e+00
 163.894780      3.505  31.347855    14.6053     6.5823      3.476    24.9393    18.3104 0.0000e+00
 163.894786      3.694  31.443936    14.5650     6.5570      3.663    25.0495    18.4031 0.0000e+00
 163.894792      3.880  31.539639    14.5306     6.5284      3.848    25.1559    18.4916 0.0000e+00
 163.894797      4.065  31.605329    14.5049     6.5277      4.031    25.2304    18.5539 0.0000e+00
 163.894803      4.252  31.647431    14.4803     6.5330      4.216    25.2834    18.5995 0.0000e+00
 163.894809      4.442  31.672812    14.4579     6.5820      4.405    25.3203    18.6323 0.0000e+00
 163.894815      4.632  31.689540    14.4404     6.6601      4.593    25.3465    18.6559 0.0000e+00
 163.894821      4.828  31.721564    14.4200     6.7537      4.788    25.3880    18.6918 0.0000e+00
 163.894826      5.027  31.810427    14.3785     6.8072      4.985    25.4938    18.7813 0.0000e+00
 163.894832      5.231  32.037652    14.3003     6.8048      5.187    25.7468    18.9913 0.0000e+00
 163.894838      5.438  32.434250    14.1962     6.7546      5.393    26.1695    19.3369 0.0000e+00
 163.894844      5.642  32.923570    14.0952     6.6725      5.595    26.6760    19.7465 0.0000e+00
 163.894850      5.833  33.426625    14.0254     6.5575      5.784    27.1764    20.1456 0.0000e+00
 163.894855      6.011  33.805413    13.9934     6.4459      5.961    27.5403    20.4322 0.0000e+00
 163.894861      6.183  33.968314    13.9673     6.3310      6.131    27.7060    20.5650 0.0000e+00
 163.894867      6.351  34.054690    13.9150     6.2100      6.298    27.8218    20.6645 0.0000e+00
 163.894873      6.508  34.182472    13.8407     6.1170      6.454    27.9914    20.8097 0.0000e+00
 163.894878      6.656  34.310978    13.7664     6.0502      6.600    28.1623    20.9561 0.0000e+00
 163.894884      6.805  34.399363    13.7039     6.0159      6.748    28.2887    21.0657 0.0000e+00
 163.894890      6.964  34.459070    13.6476     6.0223      6.906    28.3847    21.1507 0.0000e+00
 163.894896      7.139  34.519283    13.5858     6.0366      7.079    28.4855    21.2405 0.0000e+00
 163.894902      7.328  34.604266    13.5217     6.0743      7.267    28.6111    21.3498 0.0000e+00
 163.894907      7.522  34.703571    13.4734     6.0693      7.459    28.7383    21.4573 0.0000e+00
 163.894913      7.711  34.786100    13.4516     6.0714      7.647    28.8305    21.5327 0.0000e+00
 163.894919      7.895  34.840365    13.4466     6.0670      7.829    28.8840    21.5750 0.0000e+00
 163.894925      8.073  34.872058    13.4403     6.0580      8.005    28.9179    21.6024 0.0000e+00
 163.894931      8.242  34.895406    13.4291     6.0291      8.173    28.9478    21.6276 0.0000e+00
 163.894936      8.411  34.928069    13.4225     5.9731      8.341    28.9828    21.6559 0.0000e+00
 163.894942      8.580  34.976616    13.4222     5.8927      8.508    29.0276    21.6906 0.0000e+00
 163.894948      8.744  35.022321    13.4188     5.8091      8.671    29.0722    21.7257 0.0000e+00
 163.894954      8.904  35.061708    13.4067     5.7593      8.829    29.1177    21.7631 0.0000e+00
 163.894959      9.070  35.110867    13.3872     5.7400      8.994    29.1778    21.8133 0.0000e+00
 163.894965      9.245  35.161969    13.3627     5.7523      9.168    29.2436    21.8689 0.0000e+00
 163.894971      9.422  35.201934    13.3356     5.7621      9.343    29.3012    21.9186 0.0000e+00
 163.894977      9.600  35.225223    13.3096     5.7564      9.520    29.3427    21.9557 0.0000e+00
 163.894983      9.777  35.238216    13.2902     5.7375      9.695    29.3696    21.9802 0.0000e+00
 163.894988      9.947  35.252596    13.2794     5.7236      9.864    29.3911    21.9989 0.0000e+00
 163.894994     10.109  35.267341    13.2709     5.7270     10.024    29.4113    22.0161 0.0000e+00
 163.895000     10.269  35.280796    13.2571     5.7253     10.183    29.4343    22.0366 0.0000e+00
 163.895006     10.436  35.299108    13.2374     5.7268     10.349    29.4665    22.0652 0.0000e+00
 163.895012     10.612  35.330982    13.2127     5.7240     10.523    29.5151    22.1075 0.0000e+00
 163.895017     10.792  35.389203    13.1803     5.7048     10.702    29.5942    22.1749 0.0000e+00
 163.895023     10.975  35.478575    13.1387     5.7015     10.883    29.7095    22.2720 0.0000e+00
 163.895029     11.158  35.579930    13.0889     5.7551     11.065    29.8428    22.3845 0.0000e+00
 163.895035     11.337  35.680556    13.0307     5.8285     11.242    29.9823    22.5036 0.0000e+00
 163.895041     11.511  35.803715    12.9628     5.9210     11.415    30.1511    22.6471 0.0000e+00
 163.895046     11.680  35.952317    12.8893     5.9993     11.582    30.3489    22.8141 0.0000e+00
 163.895052     11.849  36.087089    12.8172     6.0412     11.750    30.5333    22.9705 0.0000e+00
 163.895058     12.018  36.196288    12.7587     6.0526     11.917    30.6834    23.0977 0.0000e+00
 163.895064     12.191  36.288874    12.7260     6.0460     12.089    30.7972    23.1920 0.0000e+00
 163.895069     12.369  36.357178    12.7157     6.0258     12.265    30.8700    23.2503 0.0000e+00
 163.895075     12.551  36.403764    12.7173     5.9967     12.446    30.9125    23.2830 0.0000e+00
 163.895081     12.732  36.440929    12.7222     5.9611     12.625    30.9435    23.3060 0.0000e+00
 163.895087     12.909  36.466169    12.7225     5.9187     12.801    30.9670    23.3242 0.0000e+00
 163.895093     13.087  36.488523    12.7138     5.8839     12.977    30.9952    23.3476 0.0000e+00
 163.895098     13.263  36.519902    12.6979     5.8395     13.152    31.0378    23.3837 0.0000e+00
 163.895104     13.432  36.546168    12.6802     5.7628     13.319    31.0771    23.4175 0.0000e+00
 163.895110     13.595  36.558687    12.6629     5.6382     13.481    31.1032    23.4409 0.0000e+00
 163.895116     13.762  36.566331    12.6442     5.4687     13.647    31.1258    23.4620 0.0000e+00
 163.895122     13.937  36.574273    12.6223     5.2790     13.820    31.1513    23.4859 0.0000e+00
 163.895127     14.117  36.578005    12.5950     5.1091     13.999    31.1774    23.5113 0.0000e+00
 163.895133     14.305  36.574685    12.5536     4.9839     14.185    31.2084    23.5432 0.0000e+00
 163.895139     14.500  36.569985    12.4884     4.9214     14.378    31.2580    23.5939 0.0000e+00
 163.895145     14.698  36.572780    12.4018     4.9258     14.575    31.3328    23.6681 0.0000e+00
 163.895150     14.894  36.587934    12.3078     4.9473     14.769    31.4257    23.7578 0.0000e+00
 163.895156     15.087  36.609905    12.2222     4.9631     14.961    31.5186    23.8457 0.0000e+00
 163.895162     15.282  36.625997    12.1546     4.9782     15.154    31.5909    23.9144 0.0000e+00
 163.895168     15.477  36.632473    12.1077     4.9709     15.347    31.6367    23.9586 0.0000e+00
 163.895174     15.668  36.637417    12.0792     4.9687     15.537    31.6655    23.9863 0.0000e+00
 163.895179     15.851  36.643512    12.0608     4.9426     15.718    31.6869    24.0063 0.0000e+00
 163.895185     16.023  36.646022    12.0452     4.8469     15.889    31.7025    24.0213 0.0000e+00
 163.895191     16.188  36.645514    12.0279     4.7119     16.052    31.7167    24.0354 0.0000e+00
 163.895197     16.347  36.647493    12.0014     4.5654     16.210    31.7410    24.0593 0.0000e+00
 163.895203     16.506  36.654618    11.9584     4.4334     16.368    31.7844    24.1009 0.0000e+00
 163.895208     16.671  36.660733    11.8957     4.3458     16.531    31.8438    24.1585 0.0000e+00
 163.895214     16.839  36.658331    11.8137     4.2987     16.698    31.9117    24.2262 0.0000e+00
 163.895220     17.008  36.644227    11.7222     4.2435     16.865    31.9766    24.2933 0.0000e+00
 163.895226     17.177  36.618669    11.6418     4.1986     17.033    32.0210    24.3424 0.0000e+00
 163.895231     17.334  36.594071    11.5903     4.1369     17.189    32.0415    24.3677 0.0000e+00
 163.895237     17.472  36.583001    11.5625     4.0945     17.325    32.0547    24.3830 0.0000e+00
 163.895243     17.597  36.581348    11.5251     4.0818     17.449    32.0854    24.4136 -9.990e-29
 163.895249     17.711  36.574605    11.4588     4.0785     17.562    32.1363    24.4651 -9.990e-29
 163.895255     17.813  36.555486    11.3885     4.1092     17.664    32.1787    24.5108 -9.990e-29
 163.895260     17.901  36.537158    11.3440     4.1379     17.751    32.1995    24.5349 -9.990e-29
 163.895266     17.968  36.531034    11.3293     4.2113     17.817    32.2063    24.5428 -9.990e-29
 163.895272     18.006  36.530638    11.3296     4.3134     17.855    32.2057    24.5422 -9.990e-29
 163.895278     18.012  36.531541    11.3313     4.4344     17.861    32.2051    24.5415 -9.990e-29
 163.895284     17.987  36.536088    11.3419     4.5251     17.836    32.2003    24.5359 -9.990e-29
 163.895289     17.929  36.541969    11.3778     4.5474     17.779    32.1748    24.5096 -9.990e-29
 163.895295     17.835  36.546409    11.4496     4.5468     17.685    32.1167    24.4516 -9.990e-29
 163.895301     17.703  36.557034    11.5406     4.5332     17.554    32.0482    24.3820 0.0000e+00
 163.895307     17.538  36.576279    11.5963     4.5291     17.391    32.0189    24.3491 0.0000e+00
 163.895312     17.345  36.589525    11.5878     4.5730     17.200    32.0392    24.3664 0.0000e+00
 163.895318     17.130  36.586478    11.5463     4.6672     16.986    32.0722    24.3996 0.0000e+00
 163.895324     16.901  36.575435    11.5129     4.7890     16.759    32.0905    24.4198 0.0000e+00
 163.895330     16.664  36.571373    11.5056     4.9095     16.524    32.0930    24.4230 0.0000e+00
 163.895336     16.413  36.577290    11.5292     5.0182     16.275    32.0784    24.4074 0.0000e+00
 163.895341     16.145  36.588216    11.5867     5.1162     16.010    32.0394    24.3667 0.0000e+00
 163.895347     15.864  36.600822    11.6675     5.2265     15.731    31.9820    24.3075 0.0000e+00
 163.895353     15.569  36.612344    11.7486     5.3283     15.438    31.9235    24.2473 0.0000e+00
 163.895359     15.272  36.620263    11.8111     5.4469     15.144    31.8777    24.2003 0.0000e+00
 163.895365     14.988  36.623419    11.8554     5.5394     14.862    31.8429    24.1652 0.0000e+00
 163.895370     14.721  36.623263    11.9019     5.5987     14.598    31.8031    24.1257 0.0000e+00
 163.895376     14.469  36.619064    11.9704     5.6302     14.348    31.7408    24.0647 0.0000e+00
 163.895382     14.232  36.608054    12.0571     5.6282     14.113    31.6566    23.9834 0.0000e+00
 163.895388     14.001  36.591821    12.1283     5.6400     13.884    31.5809    23.9115 0.0000e+00
 163.895394     13.771  36.578439    12.1582     5.6690     13.656    31.5429    23.8765 0.0000e+00
 163.895399     13.539  36.575309    12.1707     5.7228     13.426    31.5294    23.8637 0.0000e+00
 163.895405     13.309  36.576618    12.1999     5.7770     13.197    31.5062    23.8402 0.0000e+00
 163.895411     13.079  36.574059    12.2420     5.8387     12.969    31.4684    23.8031 0.0000e+00
 163.895417     12.847  36.570962    12.2797     5.8644     12.739    31.4339    23.7693 0.0000e+00
 163.895422     12.614  36.568269    12.3103     5.9169     12.508    31.4058    23.7418 0.0000e+00
 163.895428     12.384  36.560183    12.3453     5.9350     12.280    31.3689    23.7066 0.0000e+00
 163.895434     12.155  36.542676    12.3973     5.9344     12.053    31.3088    23.6504 0.0000e+00
 163.895440     11.921  36.518195    12.4640     5.9164     11.821    31.2301    23.5768 0.0000e+00
 163.895446     11.679  36.486045    12.5300     5.8601     11.581    31.1449    23.4984 0.0000e+00
 163.895451     11.432  36.450432    12.5825     5.8108     11.336    31.0679    23.4288 0.0000e+00
 163.895457     11.180  36.423267    12.6219     5.7770     11.086    31.0098    23.3764 0.0000e+00
 163.895463     10.930  36.385729    12.6609     5.7783     10.838    30.9424    23.3167 0.0000e+00
 163.895469     10.686  36.290599    12.7138     5.7862     10.597    30.8094    23.2037 0.0000e+00
 163.895475     10.451  36.148816    12.7881     5.8335     10.364    30.6155    23.0395 0.0000e+00
 163.895480     10.226  36.010465    12.8638     5.8467     10.140    30.4245    22.8773 0.0000e+00
