data/oxygen options/OCNMS/OCNMS1/raw_data/2018/CAST_MB015_180607faed.cnv
* Sea-Bird SBE19 Data File:
* FileName = C:\2018 Mooring Data\Casts\CAST_MB015_180607.hex
* Software Version 1.59
* Temperature SN = 2997
* Conductivity SN = 2997
* System UpLoad Time = Jun 07 2018 19:40:15
** CAST_MB015_180607
* ds
# nquan = 9                                 
# nvalues = 816                         
# units = specified
# name 0 = timeJ: Julian Days
# name 1 = prSM: Pressure, Strain Gauge [db]
# name 2 = c0mS/cm: Conductivity [mS/cm]
# name 3 = t090C: Temperature [ITS-90, deg C]
# name 4 = sbeox0ML/L: Oxygen, SBE 43 [ml/l]
# name 5 = depSM: Depth [salt water, m], lat = 47.5
# name 6 = sal00: Salinity, Practical [PSU]
# name 7 = sigma-é00: Density [sigma-theta, kg/m^3]
# name 8 = flag: flag
# span 0 = 158.809340, 158.814057       
# span 1 =     -5.166,     11.053       
# span 2 =   0.022819,  36.912573       
# span 3 =    11.1970,    13.8848       
# span 4 =    -1.9071,    16.2980       
# span 5 =     -5.123,     10.960       
# span 6 =     0.0176,    32.4688       
# span 7 =    -0.7243,    24.7276       
# span 8 = 0.0000e+00, 0.0000e+00       
# interval = seconds: 0.5
# start_time = Jun 07 2018 19:25:27 [Instrument's time stamp, header]
# bad_flag = -9.990e-29
*END*
 158.809340     -5.166 -9.990e-29    13.7006    -1.9035     -5.123 -9.990e-29 -9.990e-29 -9.990e-29
 158.809346     -5.155   0.022820    13.7009    -1.9034     -5.112     0.0176    -0.6993 -9.990e-29
 158.809352     -5.140   0.022820    13.7030    -1.9033     -5.097     0.0176    -0.6996 -9.990e-29
 158.809358     -5.121   0.022820    13.7066    -1.9032     -5.078     0.0176    -0.7001 -9.990e-29
 158.809363     -5.096   0.022820    13.7110    -1.9031     -5.054     0.0176    -0.7007 -9.990e-29
 158.809369     -5.069   0.022820    13.7156    -1.9031     -5.027     0.0176    -0.7013 -9.990e-29
 158.809375     -5.041   0.022819    13.7200    -1.9030     -4.999     0.0176    -0.7019 -9.990e-29
 158.809381     -5.011   0.022819    13.7237    -1.9031     -4.969     0.0176    -0.7024 -9.990e-29
 158.809387     -4.982   0.022819    13.7265    -1.9033     -4.940     0.0176    -0.7028 -9.990e-29
 158.809392     -4.955   0.022820    13.7288    -1.9037     -4.914     0.0176    -0.7031 -9.990e-29
 158.809398     -4.930   0.022824    13.7312    -1.9039     -4.889     0.0177    -0.7034 -9.990e-29
 158.809404     -4.904   0.022837    13.7335    -1.9040     -4.863     0.0177    -0.7037 -9.990e-29
 158.809410     -4.876   0.022877    13.7356    -1.9039     -4.835     0.0177    -0.7040 -9.990e-29
 158.809416     -4.844   0.023000    13.7377    -1.9039     -4.804     0.0177    -0.7042 -9.990e-29
 158.809421     -4.806   0.023369    13.7393    -1.9038     -4.766     0.0179    -0.7043 -9.990e-29
 158.809427     -4.764   0.023922    13.7396    -1.9037     -4.724     0.0182    -0.7041 -9.990e-29
 158.809433     -4.724   0.024291    13.7377    -1.9037     -4.685     0.0184    -0.7037 -9.990e-29
 158.809439     -4.688   0.024414    13.7331    -1.9036     -4.649     0.0185    -0.7030 -9.990e-29
 158.809444     -4.652   0.024454    13.7273    -1.9035     -4.613     0.0185    -0.7022 -9.990e-29
 158.809450     -4.616   0.024468    13.7232    -1.9033     -4.578     0.0185    -0.7016 -9.990e-29
 158.809456     -4.576   0.024472    13.7219    -1.9032     -4.538     0.0185    -0.7015 -9.990e-29
 158.809462     -4.535   0.024473    13.7222    -1.9033     -4.497     0.0185    -0.7015 -9.990e-29
 158.809468     -4.498   0.024473    13.7230    -1.9031     -4.461     0.0185    -0.7016 -9.990e-29
 158.809473     -4.468   0.024473    13.7242    -1.9029     -4.431     0.0185    -0.7018 -9.990e-29
 158.809479     -4.441   0.024473    13.7255    -1.9028     -4.404     0.0185    -0.7020 -9.990e-29
 158.809485     -4.418   0.024474    13.7271    -1.9025     -4.381     0.0185    -0.7022 -9.990e-29
 158.809491     -4.396   0.024478    13.7292    -1.9024     -4.359     0.0185    -0.7025 -9.990e-29
 158.809497     -4.373   0.024491    13.7317    -1.9024     -4.337     0.0186    -0.7028 -9.990e-29
 158.809502     -4.349   0.024531    13.7346    -1.9023     -4.313     0.0186    -0.7032 -9.990e-29
 158.809508     -4.322   0.024654    13.7370    -1.9021     -4.286     0.0186    -0.7034 -9.990e-29
 158.809514     -4.290   0.025022    13.7392    -1.9020     -4.254     0.0188    -0.7036 -9.990e-29
 158.809520     -4.255   0.025575    13.7425    -1.9020     -4.220     0.0191    -0.7038 -9.990e-29
 158.809525     -4.224   0.025944    13.7466    -1.9020     -4.189     0.0193    -0.7042 -9.990e-29
 158.809531     -4.198   0.026067    13.7508    -1.9019     -4.163     0.0194    -0.7047 -9.990e-29
 158.809537     -4.178   0.026108    13.7549    -1.9017     -4.143     0.0194    -0.7053 -9.990e-29
 158.809543     -4.155   0.026121    13.7583    -1.9016     -4.120     0.0194    -0.7057 -9.990e-29
 158.809549     -4.131   0.026125    13.7606    -1.9016     -4.097     0.0194    -0.7060 -9.990e-29
 158.809554     -4.110   0.026126    13.7627    -1.9016     -4.076     0.0194    -0.7063 -9.990e-29
 158.809560     -4.093   0.026126    13.7653    -1.9016     -4.059     0.0194    -0.7067 -9.990e-29
 158.809566     -4.073   0.026126    13.7677    -1.9016     -4.039     0.0194    -0.7070 -9.990e-29
 158.809572     -4.050   0.026125    13.7696    -1.9016     -4.016     0.0194    -0.7072 -9.990e-29
 158.809578     -4.022   0.026125    13.7715    -1.9015     -3.988     0.0194    -0.7075 -9.990e-29
 158.809583     -3.991   0.026125    13.7741    -1.9017     -3.958     0.0194    -0.7079 -9.990e-29
 158.809589     -3.964   0.026125    13.7769    -1.9020     -3.931     0.0194    -0.7082 -9.990e-29
 158.809595     -3.943   0.026126    13.7789    -1.9022     -3.910     0.0194    -0.7085 -9.990e-29
 158.809601     -3.928   0.026130    13.7800    -1.9024     -3.895     0.0194    -0.7087 -9.990e-29
 158.809606     -3.913   0.026143    13.7806    -1.9024     -3.880     0.0194    -0.7087 -9.990e-29
 158.809612     -3.893   0.026183    13.7809    -1.9022     -3.861     0.0195    -0.7088 -9.990e-29
 158.809618     -3.870   0.026305    13.7809    -1.9020     -3.838     0.0195    -0.7087 -9.990e-29
 158.809624     -3.848   0.026674    13.7806    -1.9019     -3.816     0.0197    -0.7085 -9.990e-29
 158.809630     -3.825   0.027227    13.7794    -1.9019     -3.793     0.0200    -0.7081 -9.990e-29
 158.809635     -3.800   0.027595    13.7764    -1.9018     -3.768     0.0202    -0.7075 -9.990e-29
 158.809641     -3.772   0.027714    13.7721    -1.9017     -3.741     0.0203    -0.7069 -9.990e-29
 158.809647     -3.742   0.027745    13.7679    -1.9014     -3.711     0.0203    -0.7063 -9.990e-29
 158.809653     -3.713   0.027727    13.7656    -1.9013     -3.682     0.0203    -0.7060 -9.990e-29
 158.809659     -3.683   0.027640    13.7660    -1.9013     -3.652     0.0203    -0.7061 -9.990e-29
 158.809664     -3.654   0.027366    13.7686    -1.9017     -3.624     0.0201    -0.7066 -9.990e-29
 158.809670     -3.630   0.027095    13.7717    -1.9018     -3.600     0.0200    -0.7071 -9.990e-29
 158.809676     -3.608   0.027023    13.7740    -1.9019     -3.578     0.0199    -0.7075 -9.990e-29
 158.809682     -3.587   0.027052    13.7760    -1.9021     -3.557     0.0199    -0.7077 -9.990e-29
 158.809688     -3.566   0.027223    13.7784    -1.9020     -3.536     0.0200    -0.7080 -9.990e-29
 158.809693     -3.544   0.027210    13.7814    -1.9019     -3.514     0.0200    -0.7084 -9.990e-29
 158.809699     -3.522   0.026996    13.7846    -1.9019     -3.493     0.0199    -0.7089 -9.990e-29
 158.809705     -3.505   0.026851    13.7865    -1.9019     -3.476     0.0198    -0.7092 -9.990e-29
 158.809711     -3.487   0.026580    13.7857    -1.9019     -3.458     0.0197    -0.7092 -9.990e-29
 158.809716     -3.462   0.026377    13.7826    -1.9020     -3.433     0.0196    -0.7089 -9.990e-29
 158.809722     -3.433   0.026528    13.7791    -1.9019     -3.404     0.0197    -0.7084 -9.990e-29
 158.809728     -3.407   0.026681    13.7765    -1.9019     -3.379     0.0197    -0.7079 -9.990e-29
 158.809734     -3.386   0.026485    13.7750    -1.9019     -3.358     0.0196    -0.7078 -9.990e-29
 158.809740     -3.370   0.026235    13.7749    -1.9020     -3.342     0.0195    -0.7079 -9.990e-29
 158.809745     -3.357   0.026151    13.7753    -1.9020     -3.329     0.0195    -0.7080 -9.990e-29
 158.809751     -3.346   0.026123    13.7755    -1.9020     -3.318     0.0194    -0.7080 -9.990e-29
 158.809757     -3.332   0.026113    13.7756    -1.9021     -3.304     0.0194    -0.7081 -9.990e-29
 158.809763     -3.310   0.026109    13.7756    -1.9019     -3.282     0.0194    -0.7081 -9.990e-29
 158.809769     -3.284   0.026108    13.7760    -1.9018     -3.257     0.0194    -0.7081 -9.990e-29
 158.809774     -3.255   0.026107    13.7769    -1.9018     -3.228     0.0194    -0.7082 -9.990e-29
 158.809780     -3.222   0.026106    13.7775    -1.9018     -3.195     0.0194    -0.7083 -9.990e-29
 158.809786     -3.186   0.026106    13.7772    -1.9016     -3.159     0.0194    -0.7083 -9.990e-29
 158.809792     -3.155   0.026105    13.7764    -1.9018     -3.129     0.0194    -0.7082 -9.990e-29
 158.809797     -3.131   0.026105    13.7757    -1.9021     -3.105     0.0194    -0.7081 -9.990e-29
 158.809803     -3.112   0.026104    13.7753    -1.9021     -3.086     0.0194    -0.7080 -9.990e-29
 158.809809     -3.096   0.026104    13.7759    -1.9022     -3.070     0.0194    -0.7081 -9.990e-29
 158.809815     -3.084   0.026103    13.7775    -1.9022     -3.058     0.0194    -0.7083 -9.990e-29
 158.809821     -3.073   0.026102    13.7792    -1.9021     -3.047     0.0194    -0.7086 -9.990e-29
 158.809826     -3.060   0.026102    13.7804    -1.9023     -3.034     0.0194    -0.7087 -9.990e-29
 158.809832     -3.038   0.026101    13.7816    -1.9024     -3.013     0.0194    -0.7089 -9.990e-29
 158.809838     -3.011   0.026101    13.7819    -1.9025     -2.986     0.0194    -0.7089 -9.990e-29
 158.809844     -2.981   0.026100    13.7801    -1.9025     -2.956     0.0194    -0.7087 -9.990e-29
 158.809850     -2.952   0.026100    13.7771    -1.9024     -2.927     0.0194    -0.7083 -9.990e-29
 158.809855     -2.929   0.026099    13.7748    -1.9023     -2.905     0.0194    -0.7080 -9.990e-29
 158.809861     -2.911   0.026099    13.7734    -1.9025     -2.887     0.0194    -0.7078 -9.990e-29
 158.809867     -2.892   0.026098    13.7723    -1.9025     -2.868     0.0194    -0.7076 -9.990e-29
 158.809873     -2.876   0.026098    13.7711    -1.9023     -2.852     0.0194    -0.7074 -9.990e-29
 158.809878     -2.862   0.026097    13.7693    -1.9021     -2.838     0.0194    -0.7072 -9.990e-29
 158.809884     -2.845   0.026097    13.7675    -1.9022     -2.821     0.0194    -0.7070 -9.990e-29
 158.809890     -2.827   0.026096    13.7667    -1.9024     -2.803     0.0194    -0.7068 -9.990e-29
 158.809896     -2.811   0.026096    13.7669    -1.9023     -2.788     0.0194    -0.7069 -9.990e-29
 158.809902     -2.798   0.026095    13.7675    -1.9022     -2.775     0.0194    -0.7070 -9.990e-29
 158.809907     -2.786   0.026095    13.7676    -1.9022     -2.763     0.0194    -0.7070 -9.990e-29
 158.809913     -2.774   0.026094    13.7672    -1.9019     -2.751     0.0194    -0.7069 -9.990e-29
 158.809919     -2.762   0.026094    13.7679    -1.9016     -2.739     0.0194    -0.7070 -9.990e-29
 158.809925     -2.748   0.026093    13.7701    -1.9013     -2.725     0.0194    -0.7073 -9.990e-29
 158.809931     -2.732   0.026092    13.7720    -1.9011     -2.709     0.0194    -0.7076 -9.990e-29
 158.809936     -2.713   0.026092    13.7723    -1.9011     -2.690     0.0194    -0.7076 -9.990e-29
 158.809942     -2.690   0.026091    13.7718    -1.9011     -2.668     0.0194    -0.7075 -9.990e-29
 158.809948     -2.665   0.026091    13.7723    -1.9010     -2.643     0.0194    -0.7076 -9.990e-29
 158.809954     -2.641   0.026090    13.7743    -1.9009     -2.619     0.0194    -0.7079 -9.990e-29
 158.809959     -2.616   0.026090    13.7776    -1.9010     -2.594     0.0194    -0.7083 -9.990e-29
 158.809965     -2.594   0.026089    13.7825    -1.9008     -2.572     0.0194    -0.7090 -9.990e-29
 158.809971     -2.577   0.026089    13.7882    -1.9006     -2.556     0.0194    -0.7098 -9.990e-29
 158.809977     -2.564   0.026088    13.7934    -1.9004     -2.543     0.0194    -0.7105 -9.990e-29
 158.809983     -2.555   0.026088    13.7973    -1.9003     -2.534     0.0194    -0.7110 -9.990e-29
 158.809988     -2.544   0.026087    13.8000    -1.9006     -2.523     0.0194    -0.7114 -9.990e-29
 158.809994     -2.526   0.026087    13.8021    -1.9009     -2.505     0.0194    -0.7117 -9.990e-29
 158.810000     -2.504   0.026086    13.8038    -1.9010     -2.483     0.0194    -0.7119 -9.990e-29
 158.810006     -2.483   0.026086    13.8052    -1.9011     -2.462     0.0194    -0.7121 -9.990e-29
 158.810012     -2.459   0.026085    13.8067    -1.9012     -2.438     0.0194    -0.7123 -9.990e-29
 158.810017     -2.436   0.026085    13.8096    -1.9010     -2.416     0.0194    -0.7127 -9.990e-29
 158.810023     -2.417   0.026084    13.8133    -1.9009     -2.397     0.0194    -0.7132 -9.990e-29
 158.810029     -2.400   0.026083    13.8159    -1.9007     -2.380     0.0194    -0.7136 -9.990e-29
 158.810035     -2.384   0.026083    13.8162    -1.9006     -2.364     0.0194    -0.7136 -9.990e-29
 158.810041     -2.365   0.026082    13.8135    -1.9005     -2.345     0.0194    -0.7132 -9.990e-29
 158.810046     -2.340   0.026082    13.8092    -1.9006     -2.320     0.0194    -0.7126 -9.990e-29
 158.810052     -2.318   0.026081    13.8060    -1.9008     -2.299     0.0194    -0.7122 -9.990e-29
 158.810058     -2.300   0.026081    13.8042    -1.9007     -2.281     0.0194    -0.7120 -9.990e-29
 158.810064     -2.285   0.026081    13.8039    -1.9007     -2.266     0.0194    -0.7119 -9.990e-29
 158.810069     -2.273   0.026081    13.8055    -1.9007     -2.254     0.0194    -0.7121 -9.990e-29
 158.810075     -2.263   0.026082    13.8084    -1.9005     -2.244     0.0194    -0.7125 -9.990e-29
 158.810081     -2.255   0.026083    13.8115    -1.9004     -2.236     0.0194    -0.7130 -9.990e-29
 158.810087     -2.247   0.026084    13.8138    -1.9003     -2.228     0.0194    -0.7133 -9.990e-29
 158.810093     -2.239   0.026085    13.8146    -1.9003     -2.220     0.0194    -0.7134 -9.990e-29
 158.810098     -2.230   0.026085    13.8138    -1.9003     -2.211     0.0194    -0.7133 -9.990e-29
 158.810104     -2.221   0.026085    13.8130    -1.9002     -2.202     0.0194    -0.7132 -9.990e-29
 158.810110     -2.211   0.026083    13.8131    -1.9001     -2.193     0.0194    -0.7132 -9.990e-29
 158.810116     -2.198   0.026075    13.8139    -1.9003     -2.180     0.0194    -0.7133 -9.990e-29
 158.810122     -2.182   0.026048    13.8154    -1.9003     -2.164     0.0194    -0.7135 -9.990e-29
 158.810127     -2.167   0.025967    13.8177    -1.9004     -2.149     0.0194    -0.7139 -9.990e-29
 158.810133     -2.156   0.025721    13.8199    -1.9005     -2.138     0.0192    -0.7143 -9.990e-29
 158.810139     -2.143   0.025536    13.8216    -1.9005     -2.125     0.0191    -0.7146 -9.990e-29
 158.810145     -2.123   0.025717    13.8229    -1.9005     -2.105     0.0192    -0.7147 -9.990e-29
 158.810150     -2.101   0.025952    13.8241    -1.9006     -2.083     0.0193    -0.7147 -9.990e-29
 158.810156     -2.082   0.025997    13.8252    -1.9006     -2.065     0.0194    -0.7149 -9.990e-29
 158.810162     -2.070   0.025911    13.8255    -1.9005     -2.053     0.0193    -0.7149 -9.990e-29
 158.810168     -2.060   0.025579    13.8247    -1.9006     -2.043     0.0191    -0.7150 -9.990e-29
 158.810174     -2.047   0.025111    13.8233    -1.9007     -2.030     0.0189    -0.7150 -9.990e-29
 158.810179     -2.034   0.024990    13.8218    -1.9008     -2.017     0.0188    -0.7148 -9.990e-29
 158.810185     -2.025   0.025053    13.8205    -1.9009     -2.008     0.0189    -0.7146 -9.990e-29
 158.810191     -2.019   0.024830    13.8195    -1.9011     -2.002     0.0187    -0.7146 -9.990e-29
 158.810197     -2.016   0.024574    13.8186    -1.9012     -1.999     0.0186    -0.7146 -9.990e-29
 158.810203     -2.011   0.024497    13.8180    -1.9011     -1.994     0.0186    -0.7145 -9.990e-29
 158.810208     -2.000   0.024497    13.8177    -1.9012     -1.983     0.0186    -0.7145 -9.990e-29
 158.810214     -1.986   0.024570    13.8172    -1.9013     -1.969     0.0186    -0.7144 -9.990e-29
 158.810220     -1.973   0.024814    13.8158    -1.9014     -1.957     0.0187    -0.7141 -9.990e-29
 158.810226     -1.960   0.024998    13.8137    -1.9017     -1.944     0.0188    -0.7137 -9.990e-29
 158.810231     -1.947   0.024814    13.8112    -1.9017     -1.931     0.0187    -0.7134 -9.990e-29
 158.810237     -1.931   0.024569    13.8085    -1.9018     -1.915     0.0186    -0.7132 -9.990e-29
 158.810243     -1.913   0.024488    13.8061    -1.9017     -1.897     0.0186    -0.7129 -9.990e-29
 158.810249     -1.895   0.024461    13.8044    -1.9016     -1.879     0.0185    -0.7127 -9.990e-29
 158.810255     -1.881   0.024452    13.8033    -1.9015     -1.865     0.0185    -0.7125 -9.990e-29
 158.810260     -1.865   0.024450    13.8020    -1.9015     -1.849     0.0185    -0.7123 -9.990e-29
