data/oxygen options/OCNMS/OCNMS1/raw_data/2018/CAST_KL027_180914faed.cnv
* Sea-Bird SBE 19 Data File:
* FileName = C:\2018 Mooring Data\Casts\CAST_KL027_180914.hex
* Software Version SeatermAF 2.1.2
* Temperature SN = 2997
* Conductivity SN = 2997
* System UpLoad Time = Sep 14 2018 18:23:42 (localtime) = Sep 14 2018 18:23:42 (UTC)
** CAST_KL027_180914
* ds
# nquan = 9                                 
# nvalues = 1212                        
# units = specified
# name 0 = timeJ: Julian Days
# name 1 = prSM: Pressure, Strain Gauge [db]
# name 2 = c0mS/cm: Conductivity [mS/cm]
# name 3 = t090C: Temperature [ITS-90, deg C]
# name 4 = sbeox0ML/L: Oxygen, SBE 43 [ml/l]
# name 5 = depSM: Depth [salt water, m], lat = 47.5
# name 6 = sal00: Salinity, Practical [PSU]
# name 7 = sigma-é00: Density [sigma-theta, kg/m^3]
# name 8 = flag: flag
# span 0 = 257.701551, 257.708559       
# span 1 =     -4.406,     28.372       
# span 2 =   0.029855,  38.913156       
# span 3 =    10.5163,    14.0722       
# span 4 =   -12.4679,    14.1547       
# span 5 =     -4.369,     28.133       
# span 6 =     0.0215,    33.4621       
# span 7 =    -0.6384,    25.6603       
# span 8 = 0.0000e+00, 0.0000e+00       
# interval = seconds: 0.5
# start_time = Sep 14 2018 16:50:14 [Instrument's time stamp, header]
# bad_flag = -9.990e-29
*END*
 257.701551     -4.406 -9.990e-29    13.1986    -1.9253     -4.369 -9.990e-29 -9.990e-29 -9.990e-29
 257.701557     -4.404   0.031337    13.1999    -1.9253     -4.367     0.0223    -0.6294 -9.990e-29
 257.701563     -4.394   0.031337    13.2008    -1.9253     -4.357     0.0223    -0.6295 -9.990e-29
 257.701568     -4.379   0.031337    13.2011    -1.9253     -4.342     0.0223    -0.6295 -9.990e-29
 257.701574     -4.363   0.031337    13.2010    -1.9254     -4.327     0.0223    -0.6295 -9.990e-29
 257.701580     -4.345   0.031337    13.2011    -1.9255     -4.309     0.0223    -0.6295 -9.990e-29
 257.701586     -4.323   0.031336    13.2013    -1.9254     -4.287     0.0223    -0.6296 -9.990e-29
 257.701591     -4.296   0.031335    13.2015    -1.9255     -4.260     0.0223    -0.6296 -9.990e-29
 257.701597     -4.267   0.031335    13.2018    -1.9254     -4.231     0.0223    -0.6296 -9.990e-29
 257.701603     -4.239   0.031334    13.2026    -1.9255     -4.204     0.0223    -0.6297 -9.990e-29
 257.701609     -4.208   0.031333    13.2032    -1.9255     -4.173     0.0223    -0.6298 -9.990e-29
 257.701615     -4.179   0.031333    13.2033    -1.9255     -4.144     0.0223    -0.6298 -9.990e-29
 257.701620     -4.152   0.031332    13.2030    -1.9255     -4.117     0.0223    -0.6298 -9.990e-29
 257.701626     -4.127   0.031332    13.2022    -1.9254     -4.093     0.0223    -0.6297 -9.990e-29
 257.701632     -4.101   0.031331    13.2016    -1.9254     -4.067     0.0223    -0.6296 -9.990e-29
 257.701638     -4.074   0.031330    13.2014    -1.9253     -4.040     0.0223    -0.6296 -9.990e-29
 257.701644     -4.044   0.031330    13.2015    -1.9253     -4.010     0.0223    -0.6296 -9.990e-29
 257.701649     -4.012   0.031329    13.2019    -1.9254     -3.979     0.0223    -0.6296 -9.990e-29
 257.701655     -3.981   0.031328    13.2021    -1.9253     -3.948     0.0223    -0.6297 -9.990e-29
 257.701661     -3.949   0.031328    13.2021    -1.9254     -3.916     0.0223    -0.6297 -9.990e-29
 257.701667     -3.919   0.031327    13.2024    -1.9254     -3.886     0.0223    -0.6297 -9.990e-29
 257.701672     -3.893   0.031326    13.2028    -1.9255     -3.861     0.0223    -0.6297 -9.990e-29
 257.701678     -3.868   0.031326    13.2034    -1.9256     -3.836     0.0223    -0.6298 -9.990e-29
 257.701684     -3.844   0.031325    13.2042    -1.9255     -3.812     0.0223    -0.6299 -9.990e-29
 257.701690     -3.819   0.031325    13.2050    -1.9255     -3.787     0.0223    -0.6300 -9.990e-29
 257.701696     -3.792   0.031324    13.2056    -1.9255     -3.760     0.0223    -0.6301 -9.990e-29
 257.701701     -3.760   0.031323    13.2061    -1.9254     -3.729     0.0223    -0.6302 -9.990e-29
 257.701707     -3.726   0.031323    13.2062    -1.9255     -3.695     0.0223    -0.6302 -9.990e-29
 257.701713     -3.696   0.031322    13.2055    -1.9255     -3.665     0.0223    -0.6301 -9.990e-29
 257.701719     -3.673   0.031321    13.2042    -1.9254     -3.642     0.0223    -0.6299 -9.990e-29
 257.701725     -3.651   0.031321    13.2029    -1.9255     -3.621     0.0223    -0.6298 -9.990e-29
 257.701730     -3.624   0.031320    13.2023    -1.9255     -3.594     0.0223    -0.6297 -9.990e-29
 257.701736     -3.595   0.031320    13.2026    -1.9255     -3.565     0.0223    -0.6297 -9.990e-29
 257.701742     -3.567   0.031319    13.2031    -1.9256     -3.537     0.0223    -0.6298 -9.990e-29
 257.701748     -3.536   0.031318    13.2034    -1.9257     -3.507     0.0223    -0.6298 -9.990e-29
 257.701753     -3.507   0.031318    13.2037    -1.9255     -3.478     0.0223    -0.6299 -9.990e-29
 257.701759     -3.481   0.031317    13.2040    -1.9256     -3.452     0.0223    -0.6299 -9.990e-29
 257.701765     -3.452   0.031316    13.2046    -1.9256     -3.423     0.0223    -0.6300 -9.990e-29
 257.701771     -3.419   0.031316    13.2049    -1.9255     -3.390     0.0223    -0.6300 -9.990e-29
 257.701777     -3.387   0.031315    13.2047    -1.9254     -3.359     0.0223    -0.6300 -9.990e-29
 257.701782     -3.360   0.031315    13.2042    -1.9255     -3.332     0.0223    -0.6299 -9.990e-29
 257.701788     -3.335   0.031314    13.2038    -1.9254     -3.307     0.0223    -0.6299 -9.990e-29
 257.701794     -3.311   0.031313    13.2033    -1.9255     -3.283     0.0223    -0.6298 -9.990e-29
 257.701800     -3.287   0.031313    13.2032    -1.9255     -3.260     0.0223    -0.6298 -9.990e-29
 257.701806     -3.264   0.031312    13.2034    -1.9254     -3.237     0.0223    -0.6298 -9.990e-29
 257.701811     -3.247   0.031311    13.2037    -1.9255     -3.220     0.0223    -0.6299 -9.990e-29
 257.701817     -3.229   0.031311    13.2041    -1.9254     -3.202     0.0223    -0.6299 -9.990e-29
 257.701823     -3.209   0.031310    13.2048    -1.9255     -3.182     0.0223    -0.6300 -9.990e-29
 257.701829     -3.191   0.031310    13.2055    -1.9256     -3.164     0.0223    -0.6301 -9.990e-29
 257.701834     -3.169   0.031309    13.2062    -1.9257     -3.143     0.0223    -0.6302 -9.990e-29
 257.701840     -3.142   0.031308    13.2067    -1.9258     -3.116     0.0223    -0.6303 -9.990e-29
 257.701846     -3.116   0.031308    13.2069    -1.9257     -3.090     0.0223    -0.6303 -9.990e-29
 257.701852     -3.094   0.031307    13.2069    -1.9256     -3.068     0.0223    -0.6303 -9.990e-29
 257.701858     -3.075   0.031306    13.2068    -1.9257     -3.049     0.0223    -0.6303 -9.990e-29
 257.701863     -3.057   0.031306    13.2065    -1.9257     -3.032     0.0223    -0.6302 -9.990e-29
 257.701869     -3.040   0.031305    13.2060    -1.9258     -3.015     0.0223    -0.6302 -9.990e-29
 257.701875     -3.021   0.031304    13.2050    -1.9258     -2.996     0.0223    -0.6300 -9.990e-29
 257.701881     -3.001   0.031304    13.2036    -1.9258     -2.976     0.0223    -0.6299 -9.990e-29
 257.701887     -2.978   0.031303    13.2025    -1.9259     -2.953     0.0223    -0.6297 -9.990e-29
 257.701892     -2.950   0.031303    13.2022    -1.9259     -2.925     0.0223    -0.6297 -9.990e-29
 257.701898     -2.920   0.031302    13.2028    -1.9259     -2.896     0.0223    -0.6297 -9.990e-29
 257.701904     -2.894   0.031301    13.2031    -1.9259     -2.870     0.0223    -0.6298 -9.990e-29
 257.701910     -2.876   0.031301    13.2024    -1.9260     -2.852     0.0223    -0.6297 -9.990e-29
 257.701916     -2.863   0.031300    13.2012    -1.9260     -2.839     0.0223    -0.6295 -9.990e-29
 257.701921     -2.851   0.031299    13.2005    -1.9260     -2.827     0.0223    -0.6295 -9.990e-29
 257.701927     -2.835   0.031299    13.2001    -1.9259     -2.811     0.0223    -0.6294 -9.990e-29
 257.701933     -2.818   0.031298    13.1995    -1.9257     -2.795     0.0223    -0.6293 -9.990e-29
 257.701939     -2.804   0.031298    13.1987    -1.9255     -2.781     0.0223    -0.6292 -9.990e-29
 257.701944     -2.791   0.031297    13.1979    -1.9255     -2.768     0.0223    -0.6291 -9.990e-29
 257.701950     -2.778   0.031296    13.1975    -1.9255     -2.755     0.0223    -0.6291 -9.990e-29
 257.701956     -2.766   0.031294    13.1972    -1.9253     -2.743     0.0223    -0.6290 -9.990e-29
 257.701962     -2.752   0.031291    13.1969    -1.9253     -2.729     0.0223    -0.6290 -9.990e-29
 257.701968     -2.736   0.031281    13.1970    -1.9253     -2.713     0.0223    -0.6290 -9.990e-29
 257.701973     -2.717   0.031253    13.1978    -1.9251     -2.694     0.0223    -0.6291 -9.990e-29
 257.701979     -2.699   0.031170    13.1998    -1.9251     -2.676     0.0222    -0.6294 -9.990e-29
 257.701985     -2.684   0.030923    13.2029    -1.9251     -2.662     0.0221    -0.6299 -9.990e-29
 257.701991     -2.666   0.030738    13.2061    -1.9251     -2.644     0.0220    -0.6304 -9.990e-29
 257.701997     -2.642   0.030922    13.2086    -1.9251     -2.620     0.0221    -0.6307 -9.990e-29
 257.702002     -2.612   0.031168    13.2107    -1.9250     -2.590     0.0222    -0.6308 -9.990e-29
 257.702008     -2.585   0.031249    13.2127    -1.9249     -2.563     0.0223    -0.6310 -9.990e-29
 257.702014     -2.563   0.031274    13.2142    -1.9248     -2.542     0.0223    -0.6312 -9.990e-29
 257.702020     -2.544   0.031278    13.2154    -1.9248     -2.523     0.0223    -0.6314 -9.990e-29
 257.702025     -2.526   0.031267    13.2168    -1.9247     -2.505     0.0223    -0.6316 -9.990e-29
 257.702031     -2.510   0.031227    13.2180    -1.9246     -2.489     0.0223    -0.6317 -9.990e-29
 257.702037     -2.493   0.031107    13.2188    -1.9245     -2.472     0.0222    -0.6319 -9.990e-29
 257.702043     -2.475   0.030748    13.2194    -1.9246     -2.454     0.0220    -0.6321 -9.990e-29
 257.702049     -2.454   0.030225    13.2203    -1.9246     -2.434     0.0217    -0.6325 -9.990e-29
 257.702054     -2.430   0.029951    13.2219    -1.9246     -2.410     0.0215    -0.6328 -9.990e-29
 257.702060     -2.401   0.030115    13.2241    -1.9247     -2.381     0.0216    -0.6330 -9.990e-29
 257.702066     -2.368   0.030381    13.2262    -1.9247     -2.348     0.0218    -0.6332 -9.990e-29
 257.702072     -2.340   0.030551    13.2280    -1.9247     -2.320     0.0219    -0.6333 -9.990e-29
 257.702078     -2.317   0.030854    13.2298    -1.9247     -2.298     0.0221    -0.6334 -9.990e-29
 257.702083     -2.299   0.031139    13.2315    -1.9247     -2.280     0.0222    -0.6335 -9.990e-29
 257.702089     -2.285   0.031232    13.2325    -1.9246     -2.266     0.0223    -0.6336 -9.990e-29
 257.702095     -2.273   0.031260    13.2326    -1.9243     -2.254     0.0223    -0.6336 -9.990e-29
 257.702101     -2.263   0.031261    13.2322    -1.9243     -2.244     0.0223    -0.6336 -9.990e-29
 257.702106     -2.254   0.031236    13.2315    -1.9244     -2.235     0.0223    -0.6335 -9.990e-29
 257.702112     -2.245   0.031155    13.2307    -1.9245     -2.226     0.0222    -0.6334 -9.990e-29
 257.702118     -2.237   0.030908    13.2302    -1.9244     -2.218     0.0221    -0.6335 -9.990e-29
 257.702124     -2.228   0.030723    13.2300    -1.9242     -2.209     0.0220    -0.6335 -9.990e-29
 257.702130     -2.219   0.030907    13.2300    -1.9241     -2.200     0.0221    -0.6334 -9.990e-29
 257.702135     -2.207   0.031152    13.2308    -1.9240     -2.189     0.0222    -0.6334 -9.990e-29
 257.702141     -2.194   0.031232    13.2331    -1.9239     -2.176     0.0223    -0.6337 -9.990e-29
 257.702147     -2.177   0.031254    13.2360    -1.9240     -2.159     0.0223    -0.6341 -9.990e-29
 257.702153     -2.156   0.031249    13.2378    -1.9241     -2.138     0.0223    -0.6343 -9.990e-29
 257.702159     -2.129   0.031211    13.2384    -1.9243     -2.111     0.0222    -0.6344 -9.990e-29
 257.702164     -2.100   0.031090    13.2386    -1.9246     -2.082     0.0222    -0.6345 -9.990e-29
 257.702170     -2.074   0.030725    13.2399    -1.9247     -2.057     0.0220    -0.6348 -9.990e-29
 257.702176     -2.054   0.030184    13.2424    -1.9246     -2.037     0.0217    -0.6354 -9.990e-29
 257.702182     -2.040   0.029855    13.2449    -1.9240     -2.023     0.0215    -0.6358 -9.990e-29
 257.702187     -2.030   0.029855    13.2466    -1.9237     -2.013     0.0215    -0.6360 -9.990e-29
 257.702193     -2.023   0.030183    13.2472    -1.9233     -2.006     0.0217    -0.6360 -9.990e-29
 257.702199     -2.015   0.030722    13.2462    -1.9233     -1.998     0.0220    -0.6356 -9.990e-29
 257.702205     -2.001   0.031086    13.2435    -1.9234     -1.984     0.0222    -0.6351 -9.990e-29
 257.702211     -1.985   0.031207    13.2398    -1.9234     -1.968     0.0222    -0.6346 -9.990e-29
 257.702216     -1.969   0.031247    13.2366    -1.9236     -1.953     0.0223    -0.6341 -9.990e-29
 257.702222     -1.953   0.031260    13.2360    -1.9236     -1.937     0.0223    -0.6341 -9.990e-29
 257.702228     -1.936   0.031264    13.2398    -1.9236     -1.920     0.0223    -0.6345 -9.990e-29
 257.702234     -1.920   0.031265    13.2470    -1.9236     -1.904     0.0223    -0.6355 -9.990e-29
 257.702240     -1.910   0.031265    13.2546    -1.9235     -1.894     0.0223    -0.6365 -9.990e-29
 257.702245     -1.899   0.031264    13.2602    -1.9234     -1.883     0.0223    -0.6372 -9.990e-29
 257.702251     -1.884   0.031264    13.2625    -1.9234     -1.868     0.0223    -0.6375 -9.990e-29
 257.702257     -1.868   0.031263    13.2623    -1.9232     -1.852     0.0223    -0.6375 -9.990e-29
 257.702263     -1.853   0.031263    13.2613    -1.9230     -1.838     0.0223    -0.6373 -9.990e-29
 257.702269     -1.835   0.031263    13.2604    -1.9228     -1.820     0.0223    -0.6372 -9.990e-29
 257.702274     -1.812   0.031264    13.2599    -1.9227     -1.797     0.0223    -0.6372 -9.990e-29
 257.702280     -1.792   0.031268    13.2599    -1.9226     -1.777     0.0223    -0.6372 -9.990e-29
 257.702286     -1.777   0.031283    13.2603    -1.9227     -1.762     0.0223    -0.6372 -9.990e-29
 257.702292     -1.767   0.031326    13.2612    -1.9229     -1.752     0.0223    -0.6373 -9.990e-29
 257.702297     -1.761   0.031454    13.2626    -1.9230     -1.746     0.0224    -0.6374 -9.990e-29
 257.702303     -1.754   0.031838    13.2651    -1.9233     -1.739     0.0226    -0.6376 -9.990e-29
 257.702309     -1.742   0.032435    13.2687    -1.9235     -1.727     0.0229    -0.6378 -9.990e-29
 257.702315     -1.728   0.032932    13.2729    -1.9235     -1.714     0.0232    -0.6381 -9.990e-29
 257.702321     -1.715   0.033439    13.2766    -1.9237     -1.701     0.0235    -0.6384 -9.990e-29
 257.702326     -1.703   0.034077    13.2790    -1.9237     -1.689     0.0239    -0.6384 -9.990e-29
 257.702332     -1.691   0.034589    13.2795    -1.9237     -1.677     0.0241    -0.6382 -9.990e-29
 257.702338     -1.677   0.035101    13.2779    -1.9236     -1.663     0.0244    -0.6378 -9.990e-29
 257.702344     -1.662   0.035744    13.2750    -1.9234     -1.648     0.0248    -0.6372 -9.990e-29
 257.702350     -1.645   0.036267    13.2715    -1.9232     -1.631     0.0251    -0.6365 -9.990e-29
 257.702355     -1.623   0.036810    13.2675    -1.9232     -1.609     0.0254    -0.6357 -9.990e-29
 257.702361     -1.601   0.037545    13.2637    -1.9233     -1.588     0.0258    -0.6349 -9.990e-29
 257.702367     -1.584   0.038344    13.2607    -1.9234     -1.571     0.0263    -0.6341 -9.990e-29
 257.702373     -1.573   0.039163    13.2584    -1.9234     -1.560     0.0267    -0.6335 -9.990e-29
 257.702378     -1.563   0.039986    13.2571    -1.9235     -1.550     0.0272    -0.6329 -9.990e-29
 257.702384     -1.551   0.040800    13.2575    -1.9236     -1.538     0.0277    -0.6326 -9.990e-29
 257.702390     -1.539   0.041585    13.2598    -1.9235     -1.526     0.0281    -0.6326 -9.990e-29
 257.702396     -1.525   0.042277    13.2634    -1.9236     -1.512     0.0285    -0.6327 -9.990e-29
 257.702402     -1.507   0.042693    13.2663    -1.9236     -1.494     0.0288    -0.6329 -9.990e-29
 257.702407     -1.490   0.042832    13.2671    -1.9237     -1.478     0.0288    -0.6330 -9.990e-29
 257.702413     -1.477   0.042878    13.2662    -1.9237     -1.465     0.0289    -0.6328 -9.990e-29
 257.702419     -1.466   0.042894    13.2645    -1.9237     -1.454     0.0289    -0.6326 -9.990e-29
 257.702425     -1.457   0.042900    13.2628    -1.9239     -1.445     0.0289    -0.6324 -9.990e-29
 257.702431     -1.450   0.042902    13.2614    -1.9241     -1.438     0.0289    -0.6322 -9.990e-29
 257.702436     -1.444   0.042903    13.2606    -1.9243     -1.432     0.0289    -0.6321 -9.990e-29
 257.702442     -1.438   0.042903    13.2602    -1.9244     -1.426     0.0289    -0.6320 -9.990e-29
 257.702448     -1.432   0.042904    13.2597    -1.9245     -1.420     0.0289    -0.6320 -9.990e-29
 257.702454     -1.426   0.042904    13.2589    -1.9247     -1.414     0.0289    -0.6319 -9.990e-29
 257.702459     -1.419   0.042904    13.2576    -1.9247     -1.407     0.0289    -0.6317 -9.990e-29
 257.702465     -1.412   0.042904    13.2562    -1.9248     -1.400     0.0289    -0.6315 -9.990e-29
 257.702471     -1.403   0.042905    13.2541    -1.9250     -1.391     0.0289    -0.6312 -9.990e-29
