data/oxygen options/OCNMS/OCNMS1/raw_data/2018/CAST_TH015_180924faed.cnv
* Sea-Bird SBE 19 Data File:
* FileName = C:\2018 Mooring Data\Casts\CAST_TH015_180924.hex
* Software Version SeatermAF 2.1.2
* Temperature SN = 2997
* Conductivity SN = 2997
* System UpLoad Time = Sep 24 2018 23:21:20 (localtime) = Sep 24 2018 23:21:20 (UTC)
** CAST_TH015_180924
* ds
# nquan = 9                                 
# nvalues = 911                         
# units = specified
# name 0 = timeJ: Julian Days
# name 1 = prSM: Pressure, Strain Gauge [db]
# name 2 = c0mS/cm: Conductivity [mS/cm]
# name 3 = t090C: Temperature [ITS-90, deg C]
# name 4 = sbeox0ML/L: Oxygen, SBE 43 [ml/l]
# name 5 = depSM: Depth [salt water, m], lat = 47.5
# name 6 = sal00: Salinity, Practical [PSU]
# name 7 = sigma-é00: Density [sigma-theta, kg/m^3]
# name 8 = flag: flag
# span 0 = 267.957222, 267.962488       
# span 1 =     -5.374,     16.519       
# span 2 =   0.419055,  37.788948       
# span 3 =    13.2727,    16.3618       
# span 4 =    -1.8437,    15.3436       
# span 5 =     -5.329,     16.380       
# span 6 =     0.2457,    31.7457       
# span 7 =    -0.8775,    23.8189       
# span 8 = 0.0000e+00, 0.0000e+00       
# interval = seconds: 0.5
# start_time = Sep 24 2018 22:58:24 [Instrument's time stamp, header]
# bad_flag = -9.990e-29
*END*
[from data line 641]
 267.960932      0.844  36.371376    15.4356     6.9831      0.837    28.7840    21.0940 -9.990e-29
 267.960938      0.851  36.371912    15.4359     6.9677      0.844    28.7843    21.0941 -9.990e-29
 267.960943      0.865  36.372110    15.4366     6.9656      0.858    28.7839    21.0937 -9.990e-29
 267.960949      0.884  36.372232    15.4375     6.9591      0.877    28.7834    21.0931 -9.990e-29
 267.960955      0.901  36.372436    15.4386     6.9608      0.893    28.7827    21.0923 -9.990e-29
 267.960961      0.913  36.372992    15.4399     6.9789      0.905    28.7823    21.0917 -9.990e-29
 267.960966      0.919  36.373518    15.4408     6.9892      0.911    28.7821    21.0914 -9.990e-29
 267.960972      0.921  36.373594    15.4413     6.9868      0.913    28.7818    21.0910 -9.990e-29
 267.960978      0.918  36.373878    15.4415     6.9831      0.910    28.7819    21.0911 -9.990e-29
 267.960984      0.916  36.374186    15.4411     6.9698      0.908    28.7824    21.0916 -9.990e-29
 267.960990      0.917  36.373807    15.4394     6.9674      0.909    28.7833    21.0927 -9.990e-29
 267.960995      0.922  36.372792    15.4373     6.9639      0.914    28.7840    21.0936 -9.990e-29
 267.961001      0.931  36.371465    15.4357     6.9570      0.923    28.7840    21.0939 -9.990e-29
 267.961007      0.941  36.370855    15.4353     6.9579      0.933    28.7837    21.0938 -9.990e-29
 267.961013      0.947  36.371265    15.4364     6.9655      0.939    28.7833    21.0933 -9.990e-29
 267.961019      0.951  36.371557    15.4379     6.9778      0.943    28.7825    21.0923 -9.990e-29
 267.961024      0.953  36.371560    15.4383     6.9955      0.945    28.7822    21.0920 -9.990e-29
 267.961030      0.952  36.371835    15.4372     6.9909      0.944    28.7832    21.0930 -9.990e-29
 267.961036      0.948  36.371067    15.4353     6.9914      0.940    28.7839    21.0940 -9.990e-29
 267.961042      0.946  36.368788    15.4338     6.9932      0.938    28.7830    21.0936 -9.990e-29
 267.961047      0.950  36.367557    15.4336     6.9963      0.942    28.7821    21.0929 -9.990e-29
 267.961053      0.952  36.368530    15.4345     6.9925      0.944    28.7823    21.0929 -9.990e-29
 267.961059      0.943  36.370201    15.4359     6.9741      0.935    28.7827    21.0929 -9.990e-29
 267.961065      0.930  36.371433    15.4369     6.9605      0.922    28.7831    21.0930 -9.990e-29
 267.961071      0.927  36.372188    15.4366     6.9513      0.919    28.7840    21.0937 -9.990e-29
 267.961076      0.933  36.371791    15.4346     6.9425      0.925    28.7851    21.0950 -9.990e-29
 267.961082      0.939  36.370272    15.4330     6.9468      0.931    28.7849    21.0952 -9.990e-29
 267.961088      0.942  36.369521    15.4335     6.9577      0.934    28.7839    21.0943 -9.990e-29
 267.961094      0.941  36.370213    15.4355     6.9650      0.933    28.7830    21.0932 -9.990e-29
 267.961100      0.938  36.371587    15.4373     6.9709      0.930    28.7829    21.0928 -9.990e-29
 267.961105      0.932  36.373233    15.4384     6.9758      0.924    28.7836    21.0930 -9.990e-29
 267.961111      0.926  36.375103    15.4395     6.9809      0.918    28.7844    21.0934 -9.990e-29
 267.961117      0.924  36.376889    15.4406     6.9820      0.916    28.7852    21.0938 -9.990e-29
 267.961123      0.923  36.377611    15.4412     6.9866      0.915    28.7854    21.0938 -9.990e-29
 267.961128      0.918  36.377108    15.4410     6.9837      0.910    28.7851    21.0936 -9.990e-29
 267.961134      0.908  36.376386    15.4399     6.9873      0.900    28.7853    21.0940 -9.990e-29
 267.961140      0.896  36.375599    15.4383     6.9745      0.889    28.7857    21.0947 -9.990e-29
 267.961146      0.892  36.374256    15.4370     6.9624      0.885    28.7855    21.0948 -9.990e-29
 267.961152      0.899  36.372806    15.4364     6.9531      0.891    28.7847    21.0943 -9.990e-29
 267.961157      0.913  36.372111    15.4363     6.9578      0.905    28.7841    21.0939 -9.990e-29
 267.961163      0.926  36.372361    15.4367     6.9661      0.918    28.7840    21.0938 -9.990e-29
 267.961169      0.935  36.373325    15.4381     6.9576      0.927    28.7839    21.0933 -9.990e-29
 267.961175      0.941  36.374608    15.4400     6.9560      0.933    28.7836    21.0927 -9.990e-29
 267.961181      0.944  36.375676    15.4410     6.9728      0.936    28.7838    21.0927 -9.990e-29
 267.961186      0.944  36.376270    15.4410     6.9799      0.936    28.7843    21.0931 -9.990e-29
 267.961192      0.945  36.376620    15.4411     6.9924      0.937    28.7846    21.0932 -9.990e-29
 267.961198      0.952  36.377192    15.4416     6.9832      0.944    28.7847    21.0932 -9.990e-29
 267.961204      0.960  36.378186    15.4426     6.9603      0.952    28.7848    21.0931 -9.990e-29
 267.961209      0.967  36.379245    15.4438     6.9561      0.959    28.7849    21.0929 -9.990e-29
 267.961215      0.972  36.380098    15.4446     6.9671      0.964    28.7851    21.0929 -9.990e-29
 267.961221      0.976  36.380758    15.4449     6.9886      0.968    28.7854    21.0931 -9.990e-29
 267.961227      0.980  36.380984    15.4449     6.9969      0.972    28.7856    21.0932 -9.990e-29
 267.961233      0.982  36.380515    15.4442     6.9939      0.974    28.7857    21.0934 -9.990e-29
 267.961238      0.984  36.379285    15.4427     6.9918      0.976    28.7857    21.0938 -9.990e-29
 267.961244      0.986  36.377889    15.4409     6.9936      0.978    28.7858    21.0942 -9.990e-29
 267.961250      0.988  36.377264    15.4400     6.9882      0.980    28.7859    21.0945 -9.990e-29
 267.961256      0.989  36.377694    15.4402     6.9728      0.981    28.7862    21.0946 -9.990e-29
 267.961262      0.990  36.378627    15.4408     6.9595      0.982    28.7865    21.0948 -9.990e-29
 267.961267      0.991  36.379627    15.4416     6.9571      0.983    28.7868    21.0949 -9.990e-29
 267.961273      0.993  36.380904    15.4423     6.9690      0.985    28.7874    21.0952 -9.990e-29
 267.961279      0.994  36.381918    15.4428     6.9776      0.986    28.7880    21.0955 -9.990e-29
 267.961285      0.996  36.382337    15.4436     6.9740      0.988    28.7877    21.0951 -9.990e-29
 267.961291      0.998  36.383278    15.4451     6.9712      0.990    28.7875    21.0946 -9.990e-29
 267.961296      1.001  36.384873    15.4475     6.9620      0.993    28.7871    21.0938 -9.990e-29
 267.961302      1.004  36.385886    15.4494     6.9682      0.996    28.7866    21.0930 -9.990e-29
 267.961308      1.008  36.385987    15.4497     6.9729      1.000    28.7865    21.0929 -9.990e-29
 267.961314      1.014  36.385306    15.4490     6.9873      1.006    28.7864    21.0930 -9.990e-29
 267.961319      1.021  36.384055    15.4481     6.9922      1.012    28.7860    21.0928 -9.990e-29
 267.961325      1.026  36.382802    15.4472     6.9956      1.017    28.7855    21.0927 -9.990e-29
 267.961331      1.024  36.381553    15.4464     6.9871      1.015    28.7850    21.0924 -9.990e-29
 267.961337      1.020  36.380320    15.4457     6.9798      1.011    28.7844    21.0921 -9.990e-29
 267.961343      1.018  36.379695    15.4454     6.9782      1.010    28.7841    21.0920 -9.990e-29
 267.961348      1.018  36.379965    15.4454     6.9769      1.010    28.7843    21.0921 -9.990e-29
 267.961354      1.020  36.380365    15.4453     6.9928      1.011    28.7848    21.0925 -9.990e-29
 267.961360      1.024  36.380306    15.4443     6.9891      1.015    28.7854    21.0932 -9.990e-29
 267.961366      1.026  36.379708    15.4422     6.9877      1.017    28.7864    21.0944 -9.990e-29
 267.961372      1.021  36.378329    15.4403     6.9850      1.012    28.7866    21.0950 -9.990e-29
 267.961377      1.014  36.376568    15.4403     6.9806      1.006    28.7851    21.0938 -9.990e-29
 267.961383      1.009  36.375995    15.4420     6.9837      1.001    28.7833    21.0921 -9.990e-29
 267.961389      1.005  36.377521    15.4438     6.9837      0.997    28.7834    21.0917 -9.990e-29
 267.961395      1.002  36.379821    15.4448     6.9773      0.994    28.7847    21.0925 -9.990e-29
 267.961400      0.999  36.381479    15.4452     6.9752      0.991    28.7858    21.0933 -9.990e-29
 267.961406      1.001  36.381343    15.4451     6.9753      0.993    28.7858    21.0933 -9.990e-29
 267.961412      1.013  36.379787    15.4450     6.9833      1.005    28.7845    21.0923 -9.990e-29
 267.961418      1.030  36.379216    15.4449     6.9881      1.021    28.7840    21.0920 -9.990e-29
 267.961424      1.050  36.379983    15.4449     6.9953      1.041    28.7847    21.0925 -9.990e-29
 267.961429      1.070  36.380853    15.4445     6.9894      1.061    28.7858    21.0934 -9.990e-29
 267.961435      1.086  36.381279    15.4436     6.9785      1.077    28.7868    21.0944 -9.990e-29
 267.961441      1.104  36.381242    15.4430     6.9760      1.095    28.7872    21.0948 -9.990e-29
 267.961447      1.129  36.381230    15.4438     6.9818      1.120    28.7866    21.0942 -9.990e-29
 267.961453      1.163  36.381762    15.4455     6.9878      1.153    28.7858    21.0932 -9.990e-29
 267.961458      1.207  36.382406    15.4464     6.9970      1.197    28.7857    21.0930 -9.990e-29
 267.961464      1.266  36.382315    15.4455     7.0042      1.255    28.7862    21.0936 -9.990e-29
 267.961470      1.342  36.380785    15.4431     7.0056      1.331    28.7866    21.0944 -9.990e-29
 267.961476      1.440  36.377993    15.4403     7.0071      1.428    28.7862    21.0947 -9.990e-29
 267.961481      1.563  36.375232    15.4385     7.0026      1.550    28.7850    21.0942 -9.990e-29
 267.961487      1.705  36.373276    15.4375     6.9797      1.691    28.7840    21.0936 0.0000e+00
 267.961493      1.863  36.372292    15.4361     6.9621      1.847    28.7841    21.0940 0.0000e+00
 267.961499      2.037  36.372061    15.4337     6.9661      2.020    28.7856    21.0956 0.0000e+00
 267.961505      2.227  36.371692    15.4310     6.9774      2.208    28.7872    21.0974 0.0000e+00
 267.961510      2.427  36.370669    15.4271     6.9748      2.407    28.7891    21.0997 0.0000e+00
 267.961516      2.637  36.368722    15.4175     6.9612      2.615    28.7943    21.1058 0.0000e+00
 267.961522      2.862  36.362667    15.3939     6.9496      2.838    28.8062    21.1199 0.0000e+00
 267.961528      3.098  36.347207    15.3532     6.9476      3.072    28.8223    21.1409 0.0000e+00
 267.961534      3.336  36.318505    15.3106     6.9315      3.308    28.8281    21.1544 0.0000e+00
 267.961539      3.569  36.287540    15.2841     6.9074      3.539    28.8202    21.1539 0.0000e+00
 267.961545      3.795  36.270669    15.2613     6.8835      3.763    28.8220    21.1601 0.0000e+00
 267.961551      4.015  36.258241    15.2154     6.8830      3.981    28.8446    21.1872 0.0000e+00
 267.961557      4.235  36.230860    15.1515     6.8789      4.200    28.8673    21.2181 0.0000e+00
 267.961563      4.464  36.192312    15.0968     6.8549      4.427    28.8734    21.2343 0.0000e+00
 267.961568      4.709  36.161724    15.0624     6.7801      4.670    28.8716    21.2401 0.0000e+00
 267.961574      4.958  36.146430    15.0439     6.6374      4.917    28.8716    21.2439 0.0000e+00
 267.961580      5.203  36.142244    15.0349     6.4292      5.160    28.8744    21.2480 0.0000e+00
 267.961586      5.442  36.147472    15.0305     6.1932      5.397    28.8822    21.2549 0.0000e+00
 267.961591      5.677  36.168498    15.0278     5.9852      5.630    28.9028    21.2713 0.0000e+00
 267.961597      5.914  36.211491    15.0191     5.8182      5.865    28.9473    21.3073 0.0000e+00
 267.961603      6.152  36.264314    14.9921     5.7330      6.101    29.0141    21.3644 0.0000e+00
 267.961609      6.384  36.326257    14.9352     5.7042      6.331    29.1113    21.4510 0.0000e+00
 267.961615      6.613  36.423330    14.8520     5.7244      6.558    29.2599    21.5826 0.0000e+00
 267.961620      6.839  36.545497    14.7651     5.7718      6.782    29.4343    21.7349 0.0000e+00
 267.961626      7.064  36.654573    14.6918     5.8221      7.005    29.5874    21.8679 0.0000e+00
 267.961632      7.294  36.759868    14.6356     5.8423      7.233    29.7246    21.9852 0.0000e+00
 267.961638      7.527  36.869009    14.6007     5.8488      7.464    29.8494    22.0885 0.0000e+00
 267.961644      7.752  36.945471    14.5879     5.8651      7.687    29.9280    22.1516 0.0000e+00
 267.961649      7.961  36.975798    14.5911     5.8835      7.894    29.9527    22.1700 0.0000e+00
 267.961655      8.156  36.977992    14.5983     5.9036      8.088    29.9491    22.1657 0.0000e+00
 267.961661      8.343  36.976234    14.5926     5.9019      8.273    29.9518    22.1690 0.0000e+00
 267.961667      8.535  36.998400    14.5728     5.8786      8.464    29.9870    22.2002 0.0000e+00
 267.961672      8.741  37.057220    14.5558     5.8554      8.668    30.0530    22.2546 0.0000e+00
 267.961678      8.955  37.134206    14.5485     5.8309      8.880    30.1280    22.3138 0.0000e+00
 267.961684      9.171  37.198122    14.5438     5.8218      9.094    30.1892    22.3620 0.0000e+00
 267.961690      9.388  37.238386    14.5341     5.8254      9.309    30.2330    22.3977 0.0000e+00
 267.961696      9.608  37.275614    14.5149     5.8362      9.528    30.2815    22.4390 0.0000e+00
 267.961701      9.829  37.328615    14.4886     5.8407      9.747    30.3498    22.4971 0.0000e+00
 267.961707     10.046  37.388497    14.4676     5.8184      9.962    30.4204    22.5558 0.0000e+00
 267.961713     10.252  37.431454    14.4623     5.7718     10.166    30.4633    22.5900 0.0000e+00
 267.961719     10.438  37.445279    14.4687     5.7248     10.351    30.4707    22.5944 0.0000e+00
 267.961725     10.609  37.439413    14.4741     5.6767     10.520    30.4611    22.5859 0.0000e+00
 267.961730     10.779  37.425052    14.4675     5.6185     10.689    30.4532    22.5812 0.0000e+00
 267.961736     10.964  37.421113    14.4462     5.5456     10.872    30.4663    22.5956 0.0000e+00
 267.961742     11.165  37.441366    14.4173     5.4834     11.072    30.5073    22.6332 0.0000e+00
 267.961748     11.380  37.465743    14.3883     5.4458     11.285    30.5522    22.6737 0.0000e+00
 267.961753     11.605  37.477425    14.3608     5.4242     11.508    30.5844    22.7042 0.0000e+00
 267.961759     11.837  37.481317    14.3338     5.4567     11.738    30.6092    22.7289 0.0000e+00
 267.961765     12.072  37.485937    14.3033     5.5064     11.971    30.6374    22.7569 0.0000e+00
 267.961771     12.311  37.500776    14.2686     5.5274     12.208    30.6784    22.7956 0.0000e+00
 267.961777     12.545  37.525985    14.2401     5.4741     12.440    30.7239    22.8365 0.0000e+00
 267.961782     12.765  37.550337    14.2285     5.3104     12.658    30.7552    22.8630 0.0000e+00
 267.961788     12.962  37.564258    14.2355     5.0743     12.853    30.7622    22.8670 0.0000e+00
 267.961794     13.141  37.564434    14.2496     4.8253     13.031    30.7511    22.8556 0.0000e+00
 267.961800     13.322  37.554992    14.2487     4.6308     13.210    30.7431    22.8496 0.0000e+00
 267.961806     13.524  37.549647    14.2096     4.5317     13.411    30.7693    22.8778 0.0000e+00
 267.961811     13.753  37.565338    14.1077     4.4944     13.638    30.8649    22.9724 0.0000e+00
 267.961817     14.001  37.605041    13.9503     4.4816     13.884    31.0276    23.1299 0.0000e+00
 267.961823     14.254  37.653888    13.7982     4.4523     14.135    31.1956    23.2902 0.0000e+00
 267.961829     14.498  37.692387    13.6954     4.4018     14.376    31.3148    23.4030 0.0000e+00
 267.961834     14.728  37.712995    13.6287     4.3362     14.605    31.3884    23.4732 0.0000e+00
 267.961840     14.940  37.725209    13.5840     4.2898     14.815    31.4364    23.5191 0.0000e+00
 267.961846     15.135  37.737432    13.5635     4.2694     15.008    31.4645    23.5450 0.0000e+00
