data/oxygen options/OCNMS/OCNMS1/raw_data/2018/CAST_KL027_180709faed.cnv
* Sea-Bird SBE19 Data File:
* FileName = C:\2018 Mooring Data\Casts\CAST_KL027_180709.hex
* Software Version 1.59
* Temperature SN = 2997
* Conductivity SN = 2997
* System UpLoad Time = Jul 09 2018 20:37:25
** CAST_KL027_180709
* ds
# nquan = 9                                 
# nvalues = 960                         
# units = specified
# name 0 = timeJ: Julian Days
# name 1 = prSM: Pressure, Strain Gauge [db]
# name 2 = c0mS/cm: Conductivity [mS/cm]
# name 3 = t090C: Temperature [ITS-90, deg C]
# name 4 = sbeox0ML/L: Oxygen, SBE 43 [ml/l]
# name 5 = depSM: Depth [salt water, m], lat = 47.5
# name 6 = sal00: Salinity, Practical [PSU]
# name 7 = sigma-é00: Density [sigma-theta, kg/m^3]
# name 8 = flag: flag
# span 0 = 190.830833, 190.836383       
# span 1 =     -5.689,     27.081       
# span 2 =   0.352077,  40.089445       
# span 3 =     8.6513,    15.9780       
# span 4 =    -1.8425,    14.7742       
# span 5 =     -5.642,     26.853       
# span 6 =     0.2081,    33.4703       
# span 7 =    -0.8266,    25.9709       
# span 8 = 0.0000e+00, 0.0000e+00       
# interval = seconds: 0.5
# start_time = Jul 09 2018 19:56:24 [Instrument's time stamp, header]
# bad_flag = -9.990e-29
*END*
[from data line 641]
 190.834543      0.451  39.974876    14.9686     7.5965      0.447    32.3566    23.9416 -9.990e-29
 190.834549      0.451  39.975463    14.9688     7.6080      0.447    32.3570    23.9418 -9.990e-29
 190.834554      0.451  39.976283    14.9692     7.6058      0.447    32.3574    23.9421 -9.990e-29
 190.834560      0.452  39.977297    14.9697     7.5888      0.448    32.3579    23.9423 -9.990e-29
 190.834566      0.452  39.978161    14.9703     7.5699      0.448    32.3582    23.9424 -9.990e-29
 190.834572      0.452  39.977771    14.9708     7.5626      0.448    32.3574    23.9417 -9.990e-29
 190.834578      0.452  39.976714    14.9715     7.5752      0.448    32.3559    23.9404 -9.990e-29
 190.834583      0.453  39.976931    14.9727     7.5855      0.449    32.3551    23.9395 -9.990e-29
 190.834589      0.453  39.978135    14.9739     7.6037      0.449    32.3552    23.9393 -9.990e-29
 190.834595      0.454  39.979118    14.9744     7.5863      0.450    32.3556    23.9396 -9.990e-29
 190.834601      0.455  39.979494    14.9744     7.5723      0.451    32.3560    23.9399 -9.990e-29
 190.834606      0.456  39.979190    14.9743     7.5683      0.452    32.3558    23.9397 -9.990e-29
 190.834612      0.457  39.978908    14.9747     7.5674      0.453    32.3552    23.9392 -9.990e-29
 190.834618      0.459  39.979379    14.9758     7.5780      0.455    32.3547    23.9386 -9.990e-29
 190.834624      0.461  39.980098    14.9762     7.5870      0.457    32.3550    23.9387 -9.990e-29
 190.834630      0.463  39.980330    14.9750     7.5881      0.459    32.3562    23.9399 -9.990e-29
 190.834635      0.467  39.979809    14.9736     7.5750      0.463    32.3569    23.9408 -9.990e-29
 190.834641      0.472  39.978948    14.9731     7.5771      0.468    32.3566    23.9406 -9.990e-29
 190.834647      0.478  39.978828    14.9731     7.5691      0.474    32.3565    23.9405 -9.990e-29
 190.834653      0.481  39.979273    14.9728     7.5896      0.477    32.3571    23.9411 -9.990e-29
 190.834659      0.478  39.979181    14.9719     7.6045      0.474    32.3578    23.9418 -9.990e-29
 190.834664      0.472  39.978417    14.9701     7.6236      0.468    32.3586    23.9428 -9.990e-29
 190.834670      0.467  39.975947    14.9680     7.6200      0.463    32.3581    23.9429 -9.990e-29
 190.834676      0.464  39.972388    14.9672     7.6020      0.460    32.3555    23.9411 -9.990e-29
 190.834682      0.461  39.971385    14.9679     7.5808      0.457    32.3541    23.9398 -9.990e-29
 190.834688      0.459  39.973268    14.9690     7.5720      0.455    32.3548    23.9401 -9.990e-29
 190.834693      0.457  39.975491    14.9698     7.5835      0.453    32.3562    23.9410 -9.990e-29
 190.834699      0.456  39.977081    14.9705     7.5915      0.452    32.3570    23.9415 -9.990e-29
 190.834705      0.455  39.978464    14.9713     7.5967      0.451    32.3576    23.9418 -9.990e-29
 190.834711      0.455  39.979790    14.9720     7.5823      0.451    32.3582    23.9421 -9.990e-29
 190.834716      0.455  39.980572    14.9726     7.5697      0.451    32.3585    23.9422 -9.990e-29
 190.834722      0.455  39.980718    14.9730     7.5748      0.451    32.3583    23.9419 -9.990e-29
 190.834728      0.455  39.980970    14.9733     7.5857      0.451    32.3582    23.9418 -9.990e-29
 190.834734      0.455  39.981090    14.9724     7.5946      0.451    32.3591    23.9427 -9.990e-29
 190.834740      0.456  39.979542    14.9695     7.6020      0.452    32.3601    23.9441 -9.990e-29
 190.834745      0.457  39.974810    14.9650     7.5801      0.453    32.3596    23.9446 -9.990e-29
 190.834751      0.458  39.967855    14.9609     7.5605      0.454    32.3567    23.9433 -9.990e-29
 190.834757      0.460  39.962839    14.9591     7.5683      0.456    32.3536    23.9413 -9.990e-29
 190.834763      0.462  39.962584    14.9596     7.5661      0.458    32.3530    23.9407 -9.990e-29
 190.834769      0.465  39.965615    14.9609     7.5828      0.461    32.3546    23.9417 -9.990e-29
 190.834774      0.469  39.968113    14.9612     7.6006      0.465    32.3567    23.9432 -9.990e-29
 190.834780      0.474  39.968354    14.9602     7.5737      0.470    32.3577    23.9442 -9.990e-29
 190.834786      0.480  39.967767    14.9592     7.5816      0.476    32.3580    23.9447 -9.990e-29
 190.834792      0.488  39.967797    14.9590     7.5593      0.484    32.3582    23.9449 -9.990e-29
 190.834797      0.499  39.968469    14.9592     7.5741      0.495    32.3586    23.9452 -9.990e-29
 190.834803      0.513  39.969543    14.9596     7.5933      0.509    32.3593    23.9456 -9.990e-29
 190.834809      0.522  39.970758    14.9603     7.5930      0.518    32.3598    23.9458 -9.990e-29
 190.834815      0.518  39.972040    14.9607     7.5972      0.514    32.3606    23.9464 -9.990e-29
 190.834821      0.510  39.972280    14.9598     7.5873      0.506    32.3616    23.9473 -9.990e-29
 190.834826      0.506  39.970104    14.9579     7.5779      0.502    32.3612    23.9474 -9.990e-29
 190.834832      0.506  39.967081    14.9569     7.5765      0.502    32.3593    23.9462 -9.990e-29
 190.834838      0.504  39.965891    14.9577     7.5769      0.500    32.3575    23.9446 -9.990e-29
 190.834844      0.498  39.967173    14.9590     7.5524      0.494    32.3576    23.9444 -9.990e-29
 190.834850      0.490  39.969260    14.9599     7.5690      0.486    32.3588    23.9451 -9.990e-29
 190.834855      0.485  39.971001    14.9607     7.5668      0.481    32.3597    23.9456 -9.990e-29
 190.834861      0.482  39.972463    14.9617     7.5902      0.478    32.3602    23.9458 -9.990e-29
 190.834867      0.480  39.973340    14.9624     7.6013      0.476    32.3604    23.9458 -9.990e-29
 190.834873      0.481  39.973667    14.9628     7.5880      0.477    32.3603    23.9457 -9.990e-29
 190.834878      0.483  39.973865    14.9632     7.5661      0.479    32.3602    23.9455 -9.990e-29
 190.834884      0.488  39.974187    14.9634     7.5469      0.484    32.3603    23.9456 -9.990e-29
 190.834890      0.495  39.974487    14.9635     7.5667      0.491    32.3605    23.9457 -9.990e-29
 190.834896      0.500  39.974031    14.9634     7.5649      0.496    32.3602    23.9454 -9.990e-29
 190.834902      0.500  39.972758    14.9629     7.5909      0.496    32.3594    23.9450 -9.990e-29
 190.834907      0.499  39.971758    14.9624     7.5679      0.495    32.3589    23.9447 -9.990e-29
 190.834913      0.501  39.971925    14.9626     7.5888      0.497    32.3589    23.9447 -9.990e-29
 190.834919      0.506  39.972908    14.9634     7.5846      0.502    32.3591    23.9447 -9.990e-29
 190.834925      0.514  39.973763    14.9640     7.5724      0.510    32.3594    23.9447 -9.990e-29
 190.834931      0.523  39.973936    14.9637     7.5622      0.519    32.3598    23.9451 -9.990e-29
 190.834936      0.523  39.973083    14.9626     7.5545      0.519    32.3600    23.9455 -9.990e-29
 190.834942      0.515  39.971171    14.9612     7.5759      0.511    32.3594    23.9453 -9.990e-29
 190.834948      0.506  39.969001    14.9606     7.5908      0.502    32.3579    23.9443 -9.990e-29
 190.834954      0.501  39.968709    14.9613     7.5904      0.497    32.3571    23.9435 -9.990e-29
 190.834959      0.500  39.971013    14.9622     7.5706      0.496    32.3584    23.9444 -9.990e-29
 190.834965      0.501  39.973367    14.9625     7.5541      0.497    32.3603    23.9457 -9.990e-29
 190.834971      0.502  39.974413    14.9626     7.5510      0.498    32.3612    23.9464 -9.990e-29
 190.834977      0.497  39.974413    14.9630     7.5632      0.493    32.3608    23.9460 -9.990e-29
 190.834983      0.491  39.973350    14.9633     7.5654      0.487    32.3596    23.9451 -9.990e-29
 190.834988      0.487  39.972596    14.9634     7.5859      0.483    32.3589    23.9444 -9.990e-29
 190.834994      0.486  39.972816    14.9634     7.5696      0.482    32.3591    23.9446 -9.990e-29
 190.835000      0.487  39.972608    14.9629     7.5895      0.483    32.3593    23.9449 -9.990e-29
 190.835006      0.490  39.971680    14.9619     7.5746      0.486    32.3593    23.9451 -9.990e-29
 190.835012      0.495  39.971020    14.9613     7.5596      0.491    32.3592    23.9451 -9.990e-29
 190.835017      0.504  39.970856    14.9618     7.5671      0.500    32.3586    23.9446 -9.990e-29
 190.835023      0.515  39.970957    14.9627     7.5813      0.511    32.3580    23.9439 -9.990e-29
 190.835029      0.531  39.971258    14.9631     7.6022      0.527    32.3579    23.9438 -9.990e-29
 190.835035      0.548  39.971579    14.9629     7.6051      0.543    32.3583    23.9441 -9.990e-29
 190.835041      0.562  39.971537    14.9624     7.5984      0.557    32.3587    23.9445 -9.990e-29
 190.835046      0.579  39.971537    14.9620     7.5821      0.574    32.3590    23.9449 -9.990e-29
 190.835052      0.604  39.972415    14.9620     7.5794      0.599    32.3598    23.9455 -9.990e-29
 190.835058      0.639  39.973575    14.9622     7.5894      0.634    32.3607    23.9461 -9.990e-29
 190.835064      0.682  39.974232    14.9622     7.6025      0.676    32.3613    23.9466 -9.990e-29
 190.835069      0.730  39.974613    14.9621     7.6282      0.724    32.3617    23.9469 -9.990e-29
 190.835075      0.792  39.975138    14.9614     7.6251      0.785    32.3627    23.9478 -9.990e-29
 190.835081      0.872  39.974735    14.9600     7.6195      0.865    32.3635    23.9487 -9.990e-29
 190.835087      0.965  39.972781    14.9585     7.5959      0.957    32.3629    23.9486 -9.990e-29
 190.835093      1.074  39.971064    14.9568     7.5826      1.065    32.3627    23.9489 -9.990e-29
 190.835098      1.201  39.969446    14.9534     7.5964      1.191    32.3640    23.9506 0.0000e+00
 190.835104      1.346  39.966240    14.9451     7.5871      1.335    32.3680    23.9554 0.0000e+00
 190.835110      1.509  39.958205    14.9294     7.5830      1.496    32.3737    23.9632 0.0000e+00
 190.835116      1.688  39.943502    14.9104     7.5593      1.674    32.3761    23.9691 0.0000e+00
 190.835122      1.877  39.927653    14.8956     7.5453      1.861    32.3740    23.9707 0.0000e+00
 190.835127      2.072  39.916889    14.8875     7.5328      2.055    32.3709    23.9700 0.0000e+00
 190.835133      2.266  39.910775    14.8802     7.5152      2.247    32.3714    23.9719 0.0000e+00
 190.835139      2.456  39.903306    14.8641     7.4992      2.435    32.3779    23.9804 0.0000e+00
 190.835145      2.641  39.888357    14.8364     7.4685      2.619    32.3873    23.9936 0.0000e+00
 190.835150      2.828  39.867758    14.8039     7.4623      2.804    32.3956    24.0069 0.0000e+00
 190.835156      3.025  39.846456    14.7743     7.4571      3.000    32.4009    24.0173 0.0000e+00
 190.835162      3.231  39.825092    14.7501     7.4460      3.204    32.4016    24.0230 0.0000e+00
 190.835168      3.443  39.804224    14.7273     7.4368      3.414    32.4015    24.0278 0.0000e+00
 190.835174      3.656  39.781709    14.7018     7.4064      3.625    32.4023    24.0338 0.0000e+00
 190.835179      3.872  39.759373    14.6769     7.3970      3.840    32.4026    24.0394 0.0000e+00
 190.835185      4.092  39.742642    14.6576     7.3744      4.058    32.4034    24.0441 0.0000e+00
 190.835191      4.307  39.727607    14.6414     7.3615      4.271    32.4032    24.0474 0.0000e+00
 190.835197      4.516  39.710379    14.6208     7.3449      4.478    32.4046    24.0528 0.0000e+00
 190.835203      4.721  39.691427    14.5892     7.3107      4.682    32.4137    24.0665 0.0000e+00
 190.835208      4.928  39.667807    14.5482     7.2866      4.887    32.4264    24.0849 0.0000e+00
 190.835214      5.141  39.638753    14.5097     7.2393      5.098    32.4320    24.0974 0.0000e+00
 190.835220      5.361  39.608579    14.4830     7.2179      5.316    32.4267    24.0989 0.0000e+00
 190.835226      5.590  39.582344    14.4598     7.1925      5.543    32.4221    24.1002 0.0000e+00
 190.835231      5.832  39.560274    14.4237     7.1720      5.783    32.4321    24.1155 0.0000e+00
 190.835237      6.095  39.533020    14.3712     7.1682      6.044    32.4510    24.1412 0.0000e+00
 190.835243      6.383  39.495533    14.3124     7.1546      6.330    32.4660    24.1650 0.0000e+00
 190.835249      6.693  39.456011    14.2598     7.1645      6.637    32.4738    24.1820 0.0000e+00
 190.835255      7.019  39.422737    14.2162     7.1732      6.960    32.4798    24.1957 0.0000e+00
 190.835260      7.355  39.393268    14.1767     7.1789      7.293    32.4859    24.2086 0.0000e+00
 190.835266      7.698  39.362953    14.1416     7.1884      7.634    32.4874    24.2171 0.0000e+00
 190.835272      8.043  39.334984    14.1147     7.1675      7.976    32.4842    24.2202 0.0000e+00
 190.835278      8.387  39.312875    14.0954     7.1515      8.317    32.4800    24.2209 0.0000e+00
 190.835284      8.726  39.296189    14.0804     7.0933      8.653    32.4772    24.2219 0.0000e+00
 190.835289      9.060  39.282757    14.0652     6.9986      8.984    32.4775    24.2252 0.0000e+00
 190.835295      9.397  39.270266    14.0448     6.8844      9.318    32.4831    24.2338 0.0000e+00
 190.835301      9.747  39.255418    14.0184     6.7120      9.665    32.4915    24.2457 0.0000e+00
 190.835307     10.105  39.235698    13.9887     6.5215     10.020    32.4983    24.2571 0.0000e+00
 190.835312     10.461  39.211055    13.9546     6.2746     10.373    32.5042    24.2687 0.0000e+00
 190.835318     10.806  39.175433    13.9082     5.9768     10.716    32.5104    24.2830 0.0000e+00
 190.835324     11.142  39.129990    13.8431     5.6609     11.049    32.5233    24.3063 0.0000e+00
 190.835330     11.472  39.082960    13.7546     5.3010     11.376    32.5547    24.3486 0.0000e+00
 190.835336     11.800  39.020289    13.6429     4.9362     11.701    32.5913    24.3996 0.0000e+00
 190.835341     12.131  38.930037    13.5182     4.5985     12.029    32.6135    24.4419 0.0000e+00
 190.835347     12.463  38.823436    13.3820     4.3233     12.359    32.6302    24.4821 0.0000e+00
 190.835353     12.793  38.703922    13.2033     4.1425     12.686    32.6712    24.5495 0.0000e+00
 190.835359     13.119  38.542580    12.9418     4.0158     13.009    32.7444    24.6578 0.0000e+00
 190.835365     13.445  38.319716    12.6204     3.8993     13.332    32.8117    24.7724 0.0000e+00
 190.835370     13.776  38.072539    12.3160     3.7751     13.661    32.8410    24.8534 0.0000e+00
 190.835376     14.114  37.845585    12.0727     3.6062     13.996    32.8359    24.8954 0.0000e+00
 190.835382     14.460  37.660465    11.8856     3.3968     14.339    32.8213    24.9190 0.0000e+00
 190.835388     14.811  37.521176    11.7354     3.1239     14.687    32.8184    24.9445 0.0000e+00
 190.835394     15.162  37.411051    11.5976     2.8250     15.035    32.8328    24.9810 0.0000e+00
 190.835399     15.511  37.311421    11.4497     2.5520     15.381    32.8664    25.0341 0.0000e+00
 190.835405     15.858  37.210334    11.2754     2.3247     15.725    32.9223    25.1090 0.0000e+00
 190.835411     16.208  37.085496    11.0646     2.1746     16.072    32.9876    25.1976 0.0000e+00
 190.835417     16.563  36.918226    10.8309     2.0618     16.424    33.0318    25.2733 0.0000e+00
 190.835422     16.914  36.736883    10.6117     1.9967     16.772    33.0488    25.3248 0.0000e+00
 190.835428     17.253  36.581295    10.4402     1.9879     17.108    33.0482    25.3539 0.0000e+00
 190.835434     17.582  36.459523    10.3121     2.0236     17.435    33.0420    25.3710 0.0000e+00
 190.835440     17.904  36.363103    10.1908     2.1219     17.754    33.0551    25.4018 0.0000e+00
 190.835446     18.222  36.280424    10.0594     2.2095     18.069    33.0913    25.4521 0.0000e+00
 190.835451     18.540  36.201961     9.9225     2.2278     18.384    33.1369    25.5106 0.0000e+00
 190.835457     18.860  36.108687     9.7753     2.1668     18.702    33.1771    25.5664 0.0000e+00
