data/oxygen options/OCNMS/OCNMS1/raw_data/2018/CAST_MB042_180607faed.cnv
* Sea-Bird SBE19 Data File:
* FileName = C:\2018 Mooring Data\Casts\CAST_MB042_180607.hex
* Software Version 1.59
* Temperature SN = 2997
* Conductivity SN = 2997
* System UpLoad Time = Jun 07 2018 21:02:21
** CAST_MB042_180607
* ds
# nquan = 9                                 
# nvalues = 946                         
# units = specified
# name 0 = timeJ: Julian Days
# name 1 = prSM: Pressure, Strain Gauge [db]
# name 2 = c0mS/cm: Conductivity [mS/cm]
# name 3 = t090C: Temperature [ITS-90, deg C]
# name 4 = sbeox0ML/L: Oxygen, SBE 43 [ml/l]
# name 5 = depSM: Depth [salt water, m], lat = 47.5
# name 6 = sal00: Salinity, Practical [PSU]
# name 7 = sigma-é00: Density [sigma-theta, kg/m^3]
# name 8 = flag: flag
# span 0 = 158.868032, 158.873501       
# span 1 =     -5.119,     41.418       
# span 2 =   0.330805,  37.092986       
# span 3 =     7.8897,    15.0507       
# span 4 =    -1.8839,    18.0642       
# span 5 =     -5.076,     41.068       
# span 6 =     0.2014,    33.8035       
# span 7 =    -0.6623,    26.3506       
# span 8 = 0.0000e+00, 0.0000e+00       
# interval = seconds: 0.5
# start_time = Jun 07 2018 20:49:58 [Instrument's time stamp, header]
# bad_flag = -9.990e-29
*END*
 158.868032     -5.119 -9.990e-29    14.9075    -1.8530     -5.076 -9.990e-29 -9.990e-29 -9.990e-29
 158.868038     -5.098   0.553131    14.9027    -1.8528     -5.056     0.3363    -0.6236 -9.990e-29
 158.868044     -5.079   0.549389    14.8993    -1.8527     -5.037     0.3340    -0.6249 -9.990e-29
 158.868050     -5.056   0.545554    14.8986    -1.8527     -5.014     0.3316    -0.6267 -9.990e-29
 158.868056     -5.028   0.543715    14.8994    -1.8527     -4.986     0.3304    -0.6277 -9.990e-29
 158.868061     -5.001   0.544004    14.9008    -1.8526     -4.959     0.3306    -0.6278 -9.990e-29
 158.868067     -4.978   0.545148    14.9030    -1.8523     -4.937     0.3313    -0.6275 -9.990e-29
 158.868073     -4.958   0.545715    14.9062    -1.8520     -4.917     0.3316    -0.6278 -9.990e-29
 158.868079     -4.939   0.545355    14.9099    -1.8525     -4.898     0.3313    -0.6285 -9.990e-29
 158.868084     -4.919   0.545066    14.9132    -1.8525     -4.878     0.3311    -0.6292 -9.990e-29
 158.868090     -4.899   0.545019    14.9161    -1.8521     -4.858     0.3311    -0.6297 -9.990e-29
 158.868096     -4.876   0.544597    14.9184    -1.8520     -4.835     0.3308    -0.6302 -9.990e-29
 158.868102     -4.850   0.544346    14.9203    -1.8523     -4.810     0.3306    -0.6306 -9.990e-29
 158.868108     -4.817   0.544487    14.9229    -1.8521     -4.777     0.3307    -0.6310 -9.990e-29
 158.868113     -4.777   0.543547    14.9275    -1.8515     -4.737     0.3301    -0.6322 -9.990e-29
 158.868119     -4.731   0.540272    14.9328    -1.8514     -4.692     0.3280    -0.6346 -9.990e-29
 158.868125     -4.685   0.535285    14.9353    -1.8510     -4.646     0.3248    -0.6374 -9.990e-29
 158.868131     -4.640   0.530803    14.9347    -1.8508     -4.601     0.3220    -0.6395 -9.990e-29
 158.868137     -4.593   0.528610    14.9356    -1.8509     -4.555     0.3207    -0.6407 -9.990e-29
 158.868142     -4.545   0.528554    14.9392    -1.8508     -4.507     0.3206    -0.6413 -9.990e-29
 158.868148     -4.503   0.528345    14.9420    -1.8505     -4.465     0.3204    -0.6418 -9.990e-29
 158.868154     -4.467   0.525487    14.9436    -1.8506     -4.430     0.3186    -0.6434 -9.990e-29
 158.868160     -4.436   0.521158    14.9476    -1.8506     -4.399     0.3159    -0.6462 -9.990e-29
 158.868166     -4.407   0.519007    14.9544    -1.8503     -4.370     0.3145    -0.6483 -9.990e-29
 158.868171     -4.378   0.520599    14.9616    -1.8499     -4.342     0.3154    -0.6486 -9.990e-29
 158.868177     -4.348   0.524181    14.9687    -1.8498     -4.312     0.3176    -0.6480 -9.990e-29
 158.868183     -4.315   0.526218    14.9745    -1.8495     -4.279     0.3189    -0.6479 -9.990e-29
 158.868189     -4.281   0.524439    14.9782    -1.8493     -4.245     0.3177    -0.6494 -9.990e-29
 158.868194     -4.252   0.519799    14.9816    -1.8493     -4.217     0.3148    -0.6522 -9.990e-29
 158.868200     -4.226   0.514976    14.9849    -1.8495     -4.191     0.3118    -0.6550 -9.990e-29
 158.868206     -4.198   0.511852    14.9870    -1.8491     -4.163     0.3098    -0.6568 -9.990e-29
 158.868212     -4.171   0.510697    14.9899    -1.8486     -4.136     0.3090    -0.6579 -9.990e-29
 158.868218     -4.145   0.510526    14.9953    -1.8482     -4.110     0.3089    -0.6588 -9.990e-29
 158.868223     -4.121   0.510002    15.0017    -1.8479     -4.087     0.3085    -0.6601 -9.990e-29
 158.868229     -4.096   0.508984    15.0074    -1.8477     -4.062     0.3078    -0.6614 -9.990e-29
 158.868235     -4.069   0.508885    15.0127    -1.8475     -4.035     0.3077    -0.6623 -9.990e-29
 158.868241     -4.038   0.510682    15.0168    -1.8478     -4.004     0.3088    -0.6621 -9.990e-29
 158.868247     -4.006   0.512895    15.0186    -1.8459     -3.973     0.3102    -0.6613 -9.990e-29
 158.868252     -3.979   0.513488    15.0187    -1.8462     -3.946     0.3106    -0.6610 -9.990e-29
 158.868258     -3.955   0.514913    15.0186    -1.8466     -3.922     0.3115    -0.6603 -9.990e-29
 158.868264     -3.928   0.528492    15.0199    -1.8468     -3.895     0.3199    -0.6540 -9.990e-29
 158.868270     -3.901   0.564019    15.0237    -1.8468     -3.868     0.3421    -0.6374 -9.990e-29
 158.868275     -3.877   0.609021    15.0294    -1.8468     -3.845     0.3703    -0.6164 -9.990e-29
 158.868281     -3.854   0.640936    15.0348    -1.8465     -3.822     0.3903    -0.6017 -9.990e-29
 158.868287     -3.831   0.654664    15.0370    -1.8468     -3.799     0.3990    -0.5954 -9.990e-29
 158.868293     -3.806   0.660752    15.0358    -1.8478     -3.774     0.4028    -0.5922 -9.990e-29
 158.868299     -3.777   0.677295    15.0348    -1.8490     -3.746     0.4133    -0.5840 -9.990e-29
 158.868304     -3.748   0.732999    15.0359    -1.8499     -3.717     0.4486    -0.5568 -9.990e-29
 158.868310     -3.720   0.806818    15.0386    -1.8500     -3.689     0.4955    -0.5209 -9.990e-29
 158.868316     -3.691   0.830368    15.0423    -1.8506     -3.660     0.5105    -0.5099 -9.990e-29
 158.868322     -3.664   0.802909    15.0464    -1.8517     -3.633     0.4930    -0.5241 -9.990e-29
 158.868328     -3.643   0.766529    15.0501    -1.8525     -3.613     0.4697    -0.5426 -9.990e-29
 158.868333     -3.624   0.737563    15.0507    -1.8533     -3.594     0.4513    -0.5570 -9.990e-29
 158.868339     -3.608   0.717847    15.0435    -1.8540     -3.578     0.4389    -0.5655 -9.990e-29
 158.868345     -3.592   0.703259    15.0271    -1.8540     -3.562     0.4298    -0.5700 -9.990e-29
 158.868351     -3.577   0.689314    15.0069    -1.8539     -3.547     0.4212    -0.5736 -9.990e-29
 158.868356     -3.561   0.675153    14.9899    -1.8547     -3.531     0.4124    -0.5778 -9.990e-29
 158.868362     -3.543   0.661843    14.9768    -1.8550     -3.513     0.4041    -0.5823 -9.990e-29
 158.868368     -3.521   0.649373    14.9621    -1.8549     -3.492     0.3964    -0.5860 -9.990e-29
 158.868374     -3.496   0.637186    14.9436    -1.8544     -3.467     0.3888    -0.5891 -9.990e-29
 158.868380     -3.468   0.625104    14.9248    -1.8538     -3.439     0.3814    -0.5920 -9.990e-29
 158.868385     -3.442   0.613645    14.9086    -1.8539     -3.413     0.3743    -0.5950 -9.990e-29
 158.868391     -3.414   0.603046    14.8972    -1.8541     -3.386     0.3677    -0.5984 -9.990e-29
 158.868397     -3.388   0.593027    14.8914    -1.8538     -3.360     0.3615    -0.6024 -9.990e-29
 158.868403     -3.366   0.583532    14.8867    -1.8535     -3.338     0.3555    -0.6063 -9.990e-29
 158.868409     -3.348   0.574645    14.8798    -1.8537     -3.320     0.3500    -0.6095 -9.990e-29
 158.868414     -3.331   0.566153    14.8752    -1.8540     -3.303     0.3447    -0.6129 -9.990e-29
 158.868420     -3.314   0.558372    14.8777    -1.8547     -3.286     0.3398    -0.6171 -9.990e-29
 158.868426     -3.297   0.552011    14.8857    -1.8555     -3.270     0.3357    -0.6215 -9.990e-29
 158.868432     -3.278   0.546900    14.8938    -1.8565     -3.251     0.3324    -0.6252 -9.990e-29
 158.868438     -3.257   0.542321    14.8978    -1.8573     -3.230     0.3295    -0.6281 -9.990e-29
 158.868443     -3.232   0.537710    14.9003    -1.8584     -3.205     0.3266    -0.6307 -9.990e-29
 158.868449     -3.200   0.533017    14.9043    -1.8591     -3.173     0.3237    -0.6336 -9.990e-29
 158.868455     -3.166   0.528633    14.9068    -1.8598     -3.140     0.3209    -0.6361 -9.990e-29
 158.868461     -3.135   0.524810    14.9041    -1.8605     -3.109     0.3185    -0.6376 -9.990e-29
 158.868466     -3.108   0.521436    14.8955    -1.8615     -3.082     0.3165    -0.6378 -9.990e-29
 158.868472     -3.086   0.518448    14.8810    -1.8625     -3.060     0.3147    -0.6370 -9.990e-29
 158.868478     -3.065   0.515742    14.8620    -1.8633     -3.039     0.3132    -0.6354 -9.990e-29
 158.868484     -3.045   0.513035    14.8407    -1.8638     -3.020     0.3116    -0.6334 -9.990e-29
 158.868490     -3.029   0.510044    14.8180    -1.8642     -3.004     0.3099    -0.6313 -9.990e-29
 158.868495     -3.021   0.506661    14.7953    -1.8646     -2.996     0.3080    -0.6294 -9.990e-29
 158.868501     -3.014   0.503361    14.7743    -1.8651     -2.989     0.3061    -0.6278 -9.990e-29
 158.868507     -3.005   0.500732    14.7546    -1.8653     -2.980     0.3046    -0.6260 -9.990e-29
 158.868513     -2.994   0.499150    14.7341    -1.8654     -2.969     0.3037    -0.6236 -9.990e-29
 158.868519     -2.978   0.498168    14.7124    -1.8656     -2.953     0.3033    -0.6207 -9.990e-29
 158.868524     -2.958   0.496477    14.6910    -1.8655     -2.933     0.3024    -0.6183 -9.990e-29
 158.868530     -2.936   0.494038    14.6724    -1.8658     -2.912     0.3010    -0.6166 -9.990e-29
 158.868536     -2.916   0.492035    14.6574    -1.8664     -2.892     0.2998    -0.6153 -9.990e-29
 158.868542     -2.895   0.491121    14.6453    -1.8673     -2.871     0.2994    -0.6139 -9.990e-29
 158.868547     -2.878   0.491188    14.6347    -1.8681     -2.854     0.2995    -0.6122 -9.990e-29
 158.868553     -2.866   0.491218    14.6255    -1.8690     -2.842     0.2996    -0.6108 -9.990e-29
 158.868559     -2.855   0.490142    14.6189    -1.8698     -2.831     0.2989    -0.6103 -9.990e-29
 158.868565     -2.841   0.488189    14.6143    -1.8703     -2.817     0.2977    -0.6106 -9.990e-29
 158.868571     -2.826   0.486636    14.6103    -1.8710     -2.802     0.2968    -0.6107 -9.990e-29
 158.868576     -2.814   0.486735    14.6058    -1.8717     -2.791     0.2969    -0.6100 -9.990e-29
 158.868582     -2.799   0.488068    14.5978    -1.8723     -2.776     0.2978    -0.6081 -9.990e-29
 158.868588     -2.777   0.488534    14.5842    -1.8729     -2.754     0.2982    -0.6058 -9.990e-29
 158.868594     -2.751   0.487093    14.5662    -1.8736     -2.728     0.2974    -0.6038 -9.990e-29
 158.868600     -2.722   0.485148    14.5459    -1.8742     -2.699     0.2963    -0.6016 -9.990e-29
 158.868605     -2.694   0.484541    14.5251    -1.8747     -2.672     0.2961    -0.5988 -9.990e-29
 158.868611     -2.673   0.485570    14.5055    -1.8752     -2.651     0.2969    -0.5953 -9.990e-29
 158.868617     -2.663   0.487392    14.4874    -1.8758     -2.641     0.2982    -0.5917 -9.990e-29
 158.868623     -2.658   0.489112    14.4702    -1.8764     -2.636     0.2994    -0.5882 -9.990e-29
 158.868628     -2.649   0.490254    14.4538    -1.8768     -2.627     0.3002    -0.5852 -9.990e-29
 158.868634     -2.631   0.490680    14.4383    -1.8770     -2.609     0.3006    -0.5827 -9.990e-29
 158.868640     -2.608   0.490407    14.4229    -1.8771     -2.586     0.3005    -0.5805 -9.990e-29
 158.868646     -2.587   0.489625    14.4069    -1.8773     -2.565     0.3002    -0.5784 -9.990e-29
 158.868652     -2.571   0.488952    14.3912    -1.8773     -2.550     0.2999    -0.5764 -9.990e-29
 158.868657     -2.558   0.489156    14.3768    -1.8769     -2.537     0.3001    -0.5742 -9.990e-29
 158.868663     -2.544   0.490509    14.3632    -1.8772     -2.523     0.3010    -0.5715 -9.990e-29
 158.868669     -2.524   0.492600    14.3499    -1.8780     -2.503     0.3025    -0.5684 -9.990e-29
 158.868675     -2.499   0.494340    14.3379    -1.8785     -2.478     0.3037    -0.5658 -9.990e-29
 158.868681     -2.474   0.494725    14.3289    -1.8791     -2.453     0.3040    -0.5643 -9.990e-29
 158.868686     -2.447   0.493716    14.3229    -1.8796     -2.427     0.3034    -0.5639 -9.990e-29
 158.868692     -2.420   0.492183    14.3187    -1.8800     -2.400     0.3024    -0.5640 -9.990e-29
 158.868698     -2.399   0.491409    14.3160    -1.8805     -2.379     0.3020    -0.5640 -9.990e-29
 158.868704     -2.389   0.491469    14.3156    -1.8810     -2.369     0.3020    -0.5639 -9.990e-29
 158.868709     -2.383   0.490783    14.3155    -1.8811     -2.363     0.3016    -0.5642 -9.990e-29
 158.868715     -2.373   0.488437    14.3101    -1.8812     -2.353     0.3001    -0.5645 -9.990e-29
 158.868721     -2.355   0.485184    14.2987    -1.8808     -2.335     0.2981    -0.5644 -9.990e-29
 158.868727     -2.331   0.482228    14.2854    -1.8808     -2.312     0.2964    -0.5639 -9.990e-29
 158.868733     -2.308   0.480059    14.2723    -1.8809     -2.289     0.2951    -0.5630 -9.990e-29
 158.868738     -2.289   0.478559    14.2598    -1.8813     -2.270     0.2942    -0.5619 -9.990e-29
 158.868744     -2.272   0.477390    14.2481    -1.8817     -2.253     0.2936    -0.5607 -9.990e-29
 158.868750     -2.258   0.476102    14.2375    -1.8819     -2.239     0.2928    -0.5598 -9.990e-29
 158.868756     -2.244   0.474641    14.2294    -1.8817     -2.225     0.2920    -0.5593 -9.990e-29
 158.868762     -2.231   0.473276    14.2251    -1.8815     -2.212     0.2911    -0.5594 -9.990e-29
 158.868767     -2.216   0.472402    14.2246    -1.8815     -2.198     0.2906    -0.5597 -9.990e-29
 158.868773     -2.205   0.471961    14.2261    -1.8814     -2.187     0.2903    -0.5602 -9.990e-29
 158.868779     -2.199   0.471366    14.2262    -1.8814     -2.181     0.2899    -0.5605 -9.990e-29
 158.868785     -2.195   0.470377    14.2230    -1.8816     -2.177     0.2893    -0.5605 -9.990e-29
 158.868791     -2.187   0.468784    14.2172    -1.8818     -2.169     0.2883    -0.5604 -9.990e-29
 158.868796     -2.176   0.466679    14.2118    -1.8819     -2.158     0.2871    -0.5606 -9.990e-29
 158.868802     -2.157   0.464580    14.2099    -1.8817     -2.139     0.2857    -0.5614 -9.990e-29
 158.868808     -2.127   0.462456    14.2113    -1.8815     -2.109     0.2844    -0.5626 -9.990e-29
 158.868814     -2.099   0.460246    14.2135    -1.8813     -2.081     0.2830    -0.5641 -9.990e-29
 158.868819     -2.079   0.458326    14.2152    -1.8808     -2.062     0.2817    -0.5652 -9.990e-29
 158.868825     -2.065   0.456907    14.2160    -1.8801     -2.048     0.2808    -0.5661 -9.990e-29
 158.868831     -2.057   0.455757    14.2156    -1.8800     -2.040     0.2801    -0.5666 -9.990e-29
 158.868837     -2.050   0.454452    14.2138    -1.8802     -2.033     0.2793    -0.5669 -9.990e-29
 158.868843     -2.039   0.452914    14.2116    -1.8805     -2.022     0.2783    -0.5674 -9.990e-29
 158.868848     -2.024   0.451306    14.2115    -1.8808     -2.007     0.2773    -0.5681 -9.990e-29
 158.868854     -2.004   0.449703    14.2145    -1.8810     -1.987     0.2763    -0.5694 -9.990e-29
 158.868860     -1.981   0.448182    14.2196    -1.8811     -1.964     0.2753    -0.5709 -9.990e-29
 158.868866     -1.962   0.446930    14.2269    -1.8813     -1.946     0.2745    -0.5726 -9.990e-29
 158.868872     -1.952   0.445942    14.2368    -1.8815     -1.936     0.2738    -0.5745 -9.990e-29
 158.868877     -1.944   0.445006    14.2461    -1.8818     -1.928     0.2731    -0.5763 -9.990e-29
 158.868883     -1.935   0.443982    14.2504    -1.8820     -1.919     0.2724    -0.5775 -9.990e-29
 158.868889     -1.923   0.442613    14.2493    -1.8820     -1.907     0.2716    -0.5780 -9.990e-29
 158.868895     -1.912   0.440736    14.2445    -1.8818     -1.896     0.2704    -0.5782 -9.990e-29
 158.868900     -1.905   0.438617    14.2387    -1.8817     -1.889     0.2691    -0.5784 -9.990e-29
 158.868906     -1.899   0.436754    14.2337    -1.8816     -1.883     0.2680    -0.5786 -9.990e-29
 158.868912     -1.887   0.435434    14.2297    -1.8817     -1.871     0.2672    -0.5786 -9.990e-29
 158.868918     -1.870   0.434559    14.2256    -1.8819     -1.854     0.2667    -0.5784 -9.990e-29
 158.868924     -1.851   0.433515    14.2210    -1.8820     -1.836     0.2660    -0.5783 -9.990e-29
 158.868929     -1.832   0.432017    14.2163    -1.8820     -1.817     0.2651    -0.5783 -9.990e-29
 158.868935     -1.814   0.430838    14.2129    -1.8822     -1.799     0.2644    -0.5784 -9.990e-29
 158.868941     -1.797   0.430623    14.2121    -1.8824     -1.782     0.2643    -0.5784 -9.990e-29
 158.868947     -1.787   0.431083    14.2137    -1.8825     -1.772     0.2645    -0.5784 -9.990e-29
 158.868953     -1.777   0.431171    14.2163    -1.8824     -1.762     0.2646    -0.5787 -9.990e-29
