data/oxygen options/OCNMS/OCNMS1/raw_data/2018/CAST_CA042_180612faed.cnv
* Sea-Bird SBE19 Data File:
* FileName = C:\2018 Mooring Data\Casts\CAST_CA042_180612.hex
* Software Version 1.59
* Temperature SN = 2997
* Conductivity SN = 2997
* System UpLoad Time = Jun 12 2018 17:35:41
** CAST_CA042_180612
* ds
# nquan = 9                                 
# nvalues = 946                         
# units = specified
# name 0 = timeJ: Julian Days
# name 1 = prSM: Pressure, Strain Gauge [db]
# name 2 = c0mS/cm: Conductivity [mS/cm]
# name 3 = t090C: Temperature [ITS-90, deg C]
# name 4 = sbeox0ML/L: Oxygen, SBE 43 [ml/l]
# name 5 = depSM: Depth [salt water, m], lat = 47.5
# name 6 = sal00: Salinity, Practical [PSU]
# name 7 = sigma-é00: Density [sigma-theta, kg/m^3]
# name 8 = flag: flag
# span 0 = 163.725174, 163.730642       
# span 1 =     -4.667,     44.084       
# span 2 =   0.011112,  37.023813       
# span 3 =     8.4800,    14.6866       
# span 4 =    -1.9028,    15.1441       
# span 5 =     -4.628,     43.711       
# span 6 =     0.0116,    33.4823       
# span 7 =    -0.7731,    26.0099       
# span 8 = 0.0000e+00, 0.0000e+00       
# interval = seconds: 0.5
# start_time = Jun 12 2018 17:24:15 [Instrument's time stamp, header]
# bad_flag = -9.990e-29
*END*
 163.725174     -4.667 -9.990e-29    14.0732    -1.8886     -4.628 -9.990e-29 -9.990e-29 -9.990e-29
 163.725179     -4.663   0.012775    14.0746    -1.8885     -4.624     0.0125    -0.7548 -9.990e-29
 163.725185     -4.650   0.012775    14.0769    -1.8884     -4.611     0.0125    -0.7551 -9.990e-29
 163.725191     -4.631   0.012775    14.0809    -1.8885     -4.592     0.0125    -0.7557 -9.990e-29
 163.725197     -4.610   0.012775    14.0858    -1.8886     -4.572     0.0125    -0.7564 -9.990e-29
 163.725203     -4.585   0.012775    14.0898    -1.8886     -4.547     0.0125    -0.7569 -9.990e-29
 163.725208     -4.560   0.012775    14.0920    -1.8884     -4.522     0.0125    -0.7572 -9.990e-29
 163.725214     -4.535   0.012775    14.0935    -1.8883     -4.497     0.0125    -0.7574 -9.990e-29
 163.725220     -4.511   0.012774    14.0961    -1.8886     -4.473     0.0125    -0.7578 -9.990e-29
 163.725226     -4.486   0.012773    14.0997    -1.8886     -4.449     0.0125    -0.7583 -9.990e-29
 163.725231     -4.457   0.012770    14.1027    -1.8887     -4.420     0.0125    -0.7587 -9.990e-29
 163.725237     -4.428   0.012760    14.1041    -1.8887     -4.391     0.0125    -0.7589 -9.990e-29
 163.725243     -4.401   0.012729    14.1039    -1.8886     -4.364     0.0125    -0.7589 -9.990e-29
 163.725249     -4.374   0.012638    14.1033    -1.8886     -4.338     0.0124    -0.7589 -9.990e-29
 163.725255     -4.346   0.012364    14.1040    -1.8886     -4.310     0.0123    -0.7591 -9.990e-29
 163.725260     -4.314   0.012097    14.1058    -1.8887     -4.278     0.0121    -0.7594 -9.990e-29
 163.725266     -4.280   0.012035    14.1062    -1.8886     -4.244     0.0121    -0.7595 -9.990e-29
 163.725272     -4.248   0.012097    14.1046    -1.8885     -4.213     0.0121    -0.7592 -9.990e-29
 163.725278     -4.215   0.012363    14.1030    -1.8883     -4.180     0.0123    -0.7589 -9.990e-29
 163.725284     -4.183   0.012637    14.1020    -1.8883     -4.148     0.0124    -0.7587 -9.990e-29
 163.725289     -4.154   0.012729    14.1017    -1.8883     -4.119     0.0125    -0.7586 -9.990e-29
 163.725295     -4.127   0.012759    14.1023    -1.8884     -4.093     0.0125    -0.7587 -9.990e-29
 163.725301     -4.100   0.012769    14.1030    -1.8883     -4.066     0.0125    -0.7588 -9.990e-29
 163.725307     -4.071   0.012773    14.1035    -1.8884     -4.037     0.0125    -0.7588 -9.990e-29
 163.725313     -4.038   0.012774    14.1042    -1.8883     -4.004     0.0125    -0.7589 -9.990e-29
 163.725318     -4.004   0.012774    14.1056    -1.8884     -3.971     0.0125    -0.7591 -9.990e-29
 163.725324     -3.974   0.012774    14.1078    -1.8883     -3.941     0.0125    -0.7594 -9.990e-29
 163.725330     -3.952   0.012774    14.1099    -1.8879     -3.919     0.0125    -0.7597 -9.990e-29
 163.725336     -3.931   0.012774    14.1110    -1.8871     -3.898     0.0125    -0.7599 -9.990e-29
 163.725341     -3.906   0.012774    14.1113    -1.8864     -3.873     0.0125    -0.7599 -9.990e-29
 163.725347     -3.880   0.012773    14.1110    -1.8864     -3.848     0.0125    -0.7599 -9.990e-29
 163.725353     -3.855   0.012772    14.1108    -1.8866     -3.823     0.0125    -0.7598 -9.990e-29
 163.725359     -3.825   0.012769    14.1116    -1.8864     -3.793     0.0125    -0.7600 -9.990e-29
 163.725365     -3.785   0.012760    14.1128    -1.8864     -3.753     0.0125    -0.7601 -9.990e-29
 163.725370     -3.740   0.012732    14.1146    -1.8868     -3.709     0.0125    -0.7604 -9.990e-29
 163.725376     -3.700   0.012649    14.1195    -1.8869     -3.669     0.0124    -0.7611 -9.990e-29
 163.725382     -3.667   0.012400    14.1292    -1.8868     -3.636     0.0123    -0.7626 -9.990e-29
 163.725388     -3.639   0.012206    14.1420    -1.8868     -3.609     0.0122    -0.7644 -9.990e-29
 163.725394     -3.614   0.012363    14.1527    -1.8868     -3.584     0.0123    -0.7659 -9.990e-29
 163.725399     -3.590   0.012527    14.1573    -1.8867     -3.560     0.0124    -0.7665 -9.990e-29
 163.725405     -3.566   0.012362    14.1583    -1.8868     -3.536     0.0123    -0.7667 -9.990e-29
 163.725411     -3.541   0.012200    14.1589    -1.8868     -3.511     0.0122    -0.7668 -9.990e-29
 163.725417     -3.513   0.012381    14.1579    -1.8866     -3.484     0.0123    -0.7666 -9.990e-29
 163.725422     -3.479   0.012593    14.1549    -1.8863     -3.450     0.0124    -0.7661 -9.990e-29
 163.725428     -3.443   0.012564    14.1528    -1.8861     -3.414     0.0124    -0.7658 -9.990e-29
 163.725434     -3.410   0.012254    14.1527    -1.8860     -3.382     0.0122    -0.7659 -9.990e-29
 163.725440     -3.383   0.011805    14.1533    -1.8860     -3.355     0.0120    -0.7662 -9.990e-29
 163.725446     -3.360   0.011726    14.1538    -1.8861     -3.332     0.0120    -0.7663 -9.990e-29
 163.725451     -3.339   0.011912    14.1539    -1.8862     -3.311     0.0121    -0.7662 -9.990e-29
 163.725457     -3.320   0.012056    14.1538    -1.8865     -3.292     0.0121    -0.7662 -9.990e-29
 163.725463     -3.300   0.012350    14.1553    -1.8869     -3.272     0.0123    -0.7662 -9.990e-29
 163.725469     -3.279   0.012633    14.1593    -1.8872     -3.252     0.0124    -0.7667 -9.990e-29
 163.725475     -3.260   0.012727    14.1643    -1.8873     -3.233     0.0125    -0.7674 -9.990e-29
 163.725480     -3.245   0.012759    14.1688    -1.8873     -3.218     0.0125    -0.7680 -9.990e-29
 163.725486     -3.234   0.012769    14.1713    -1.8873     -3.207     0.0125    -0.7683 -9.990e-29
 163.725492     -3.226   0.012773    14.1713    -1.8871     -3.199     0.0125    -0.7683 -9.990e-29
 163.725498     -3.216   0.012774    14.1693    -1.8869     -3.189     0.0125    -0.7681 -9.990e-29
 163.725503     -3.200   0.012774    14.1656    -1.8867     -3.173     0.0125    -0.7675 -9.990e-29
 163.725509     -3.175   0.012774    14.1600    -1.8867     -3.149     0.0125    -0.7667 -9.990e-29
 163.725515     -3.146   0.012774    14.1531    -1.8867     -3.120     0.0125    -0.7658 -9.990e-29
 163.725521     -3.119   0.012774    14.1476    -1.8866     -3.093     0.0125    -0.7650 -9.990e-29
 163.725527     -3.096   0.012773    14.1446    -1.8865     -3.070     0.0125    -0.7646 -9.990e-29
 163.725532     -3.075   0.012772    14.1438    -1.8863     -3.049     0.0125    -0.7645 -9.990e-29
 163.725538     -3.057   0.012768    14.1451    -1.8856     -3.032     0.0125    -0.7646 -9.990e-29
 163.725544     -3.038   0.012755    14.1481    -1.8854     -3.013     0.0125    -0.7651 -9.990e-29
 163.725550     -3.019   0.012718    14.1516    -1.8856     -2.994     0.0125    -0.7656 -9.990e-29
 163.725556     -2.997   0.012605    14.1549    -1.8857     -2.972     0.0124    -0.7661 -9.990e-29
 163.725561     -2.972   0.012268    14.1576    -1.8861     -2.947     0.0122    -0.7666 -9.990e-29
 163.725567     -2.942   0.011809    14.1600    -1.8865     -2.917     0.0120    -0.7671 -9.990e-29
 163.725573     -2.909   0.011727    14.1625    -1.8867     -2.885     0.0120    -0.7675 -9.990e-29
 163.725579     -2.880   0.011911    14.1660    -1.8866     -2.856     0.0121    -0.7679 -9.990e-29
 163.725584     -2.857   0.012051    14.1724    -1.8867     -2.833     0.0121    -0.7688 -9.990e-29
 163.725590     -2.838   0.012336    14.1805    -1.8868     -2.814     0.0123    -0.7698 -9.990e-29
 163.725596     -2.824   0.012591    14.1851    -1.8860     -2.800     0.0124    -0.7703 -9.990e-29
 163.725602     -2.812   0.012603    14.1843    -1.8855     -2.789     0.0124    -0.7702 -9.990e-29
 163.725608     -2.802   0.012385    14.1797    -1.8853     -2.779     0.0123    -0.7697 -9.990e-29
 163.725613     -2.789   0.012201    14.1731    -1.8851     -2.766     0.0122    -0.7688 -9.990e-29
 163.725619     -2.768   0.012361    14.1667    -1.8853     -2.745     0.0123    -0.7678 -9.990e-29
 163.725625     -2.742   0.012523    14.1628    -1.8853     -2.719     0.0124    -0.7672 -9.990e-29
 163.725631     -2.717   0.012350    14.1613    -1.8853     -2.694     0.0123    -0.7671 -9.990e-29
 163.725637     -2.697   0.012164    14.1616    -1.8853     -2.675     0.0122    -0.7672 -9.990e-29
 163.725642     -2.676   0.012272    14.1658    -1.8853     -2.654     0.0122    -0.7677 -9.990e-29
 163.725648     -2.652   0.012264    14.1750    -1.8854     -2.630     0.0122    -0.7690 -9.990e-29
 163.725654     -2.629   0.012131    14.1853    -1.8855     -2.607     0.0122    -0.7705 -9.990e-29
 163.725660     -2.604   0.012248    14.1927    -1.8853     -2.582     0.0122    -0.7715 -9.990e-29
 163.725666     -2.581   0.012218    14.1962    -1.8846     -2.559     0.0122    -0.7721 -9.990e-29
 163.725671     -2.562   0.011999    14.1963    -1.8848     -2.541     0.0121    -0.7722 -9.990e-29
 163.725677     -2.547   0.011855    14.1954    -1.8854     -2.526     0.0120    -0.7721 -9.990e-29
 163.725683     -2.533   0.011593    14.1950    -1.8858     -2.512     0.0119    -0.7721 -9.990e-29
 163.725689     -2.521   0.011420    14.1948    -1.8863     -2.500     0.0118    -0.7722 -9.990e-29
 163.725694     -2.509   0.011658    14.1944    -1.8868     -2.488     0.0119    -0.7720 -9.990e-29
 163.725700     -2.497   0.012069    14.1938    -1.8871     -2.476     0.0121    -0.7718 -9.990e-29
 163.725706     -2.484   0.012095    14.1944    -1.8872     -2.463     0.0122    -0.7718 -9.990e-29
 163.725712     -2.469   0.011771    14.1981    -1.8872     -2.448     0.0120    -0.7725 -9.990e-29
 163.725718     -2.452   0.011771    14.2025    -1.8874     -2.432     0.0120    -0.7731 -9.990e-29
 163.725723     -2.430   0.012095    14.2013    -1.8874     -2.410     0.0122    -0.7728 -9.990e-29
 163.725729     -2.403   0.012069    14.1937    -1.8874     -2.383     0.0121    -0.7718 -9.990e-29
 163.725735     -2.374   0.011657    14.1834    -1.8873     -2.354     0.0119    -0.7705 -9.990e-29
 163.725741     -2.349   0.011417    14.1724    -1.8873     -2.329     0.0118    -0.7690 -9.990e-29
 163.725747     -2.330   0.011583    14.1621    -1.8870     -2.311     0.0119    -0.7675 -9.990e-29
 163.725752     -2.312   0.011823    14.1546    -1.8864     -2.293     0.0120    -0.7663 -9.990e-29
 163.725758     -2.290   0.011904    14.1506    -1.8860     -2.271     0.0121    -0.7657 -9.990e-29
 163.725764     -2.267   0.011932    14.1485    -1.8858     -2.248     0.0121    -0.7654 -9.990e-29
 163.725770     -2.246   0.011947    14.1468    -1.8858     -2.227     0.0121    -0.7652 -9.990e-29
 163.725775     -2.229   0.011967    14.1455    -1.8859     -2.210     0.0121    -0.7650 -9.990e-29
 163.725781     -2.219   0.012019    14.1457    -1.8864     -2.200     0.0121    -0.7650 -9.990e-29
 163.725787     -2.212   0.012173    14.1476    -1.8870     -2.194     0.0122    -0.7652 -9.990e-29
 163.725793     -2.204   0.012081    14.1516    -1.8876     -2.186     0.0121    -0.7658 -9.990e-29
 163.725799     -2.192   0.011620    14.1586    -1.8882     -2.174     0.0119    -0.7670 -9.990e-29
 163.725804     -2.182   0.011282    14.1677    -1.8887     -2.164     0.0118    -0.7684 -9.990e-29
 163.725810     -2.176   0.011171    14.1756    -1.8893     -2.158     0.0117    -0.7695 -9.990e-29
 163.725816     -2.170   0.011138    14.1801    -1.8894     -2.152     0.0117    -0.7702 -9.990e-29
 163.725822     -2.160   0.011138    14.1808    -1.8895     -2.142     0.0117    -0.7703 -9.990e-29
 163.725828     -2.144   0.011173    14.1770    -1.8896     -2.126     0.0117    -0.7697 -9.990e-29
 163.725833     -2.126   0.011290    14.1676    -1.8895     -2.108     0.0118    -0.7684 -9.990e-29
 163.725839     -2.113   0.011645    14.1545    -1.8895     -2.095     0.0119    -0.7664 -9.990e-29
 163.725845     -2.106   0.012158    14.1404    -1.8895     -2.088     0.0122    -0.7642 -9.990e-29
 163.725851     -2.093   0.012404    14.1268    -1.8896     -2.076     0.0123    -0.7622 -9.990e-29
 163.725856     -2.075   0.012158    14.1142    -1.8898     -2.058     0.0122    -0.7605 -9.990e-29
 163.725862     -2.056   0.011645    14.1043    -1.8898     -2.039     0.0119    -0.7593 -9.990e-29
 163.725868     -2.033   0.011289    14.0982    -1.8898     -2.016     0.0117    -0.7586 -9.990e-29
 163.725874     -2.009   0.011171    14.0950    -1.8902     -1.992     0.0117    -0.7582 -9.990e-29
 163.725880     -1.988   0.011131    14.0934    -1.8902     -1.971     0.0117    -0.7580 -9.990e-29
 163.725885     -1.967   0.011118    14.0929    -1.8902     -1.951     0.0117    -0.7580 -9.990e-29
 163.725891     -1.946   0.011114    14.0927    -1.8900     -1.930     0.0116    -0.7579 -9.990e-29
 163.725897     -1.923   0.011112    14.0920    -1.8898     -1.907     0.0116    -0.7578 -9.990e-29
 163.725903     -1.897   0.011112    14.0902    -1.8897     -1.881     0.0116    -0.7576 -9.990e-29
 163.725909     -1.867   0.011112    14.0881    -1.8897     -1.851     0.0116    -0.7573 -9.990e-29
 163.725914     -1.833   0.011113    14.0864    -1.8896     -1.818     0.0116    -0.7570 -9.990e-29
 163.725920     -1.804   0.011114    14.0841    -1.8894     -1.789     0.0116    -0.7567 -9.990e-29
 163.725926     -1.781   0.011115    14.0811    -1.8892     -1.766     0.0116    -0.7563 -9.990e-29
 163.725932     -1.762   0.011118    14.0794    -1.8890     -1.747     0.0116    -0.7561 -9.990e-29
 163.725937     -1.748   0.011128    14.0802    -1.8889     -1.733     0.0117    -0.7562 -9.990e-29
 163.725943     -1.736   0.011156    14.0828    -1.8888     -1.722     0.0117    -0.7565 -9.990e-29
 163.725949     -1.725   0.011238    14.0860    -1.8886     -1.711     0.0117    -0.7569 -9.990e-29
 163.725955     -1.716   0.011485    14.0888    -1.8885     -1.702     0.0118    -0.7572 -9.990e-29
 163.725961     -1.708   0.011670    14.0913    -1.8884     -1.694     0.0119    -0.7575 -9.990e-29
 163.725966     -1.700   0.011487    14.0945    -1.8884     -1.686     0.0118    -0.7580 -9.990e-29
 163.725972     -1.692   0.011244    14.0986    -1.8880     -1.678     0.0117    -0.7587 -9.990e-29
 163.725978     -1.683   0.011172    14.1029    -1.8878     -1.669     0.0117    -0.7593 -9.990e-29
 163.725984     -1.673   0.011173    14.1069    -1.8875     -1.659     0.0117    -0.7599 -9.990e-29
 163.725990     -1.661   0.011246    14.1104    -1.8875     -1.647     0.0117    -0.7603 -9.990e-29
 163.725995     -1.650   0.011489    14.1136    -1.8878     -1.636     0.0118    -0.7607 -9.990e-29
 163.726001     -1.644   0.011673    14.1167    -1.8882     -1.630     0.0119    -0.7611 -9.990e-29
 163.726007     -1.638   0.011489    14.1196    -1.8885     -1.624     0.0118    -0.7615 -9.990e-29
 163.726013     -1.628   0.011243    14.1226    -1.8884     -1.614     0.0117    -0.7621 -9.990e-29
 163.726019     -1.614   0.011161    14.1268    -1.8885     -1.601     0.0117    -0.7627 -9.990e-29
 163.726024     -1.593   0.011134    14.1327    -1.8885     -1.580     0.0117    -0.7635 -9.990e-29
 163.726030     -1.570   0.011125    14.1386    -1.8887     -1.557     0.0117    -0.7643 -9.990e-29
 163.726036     -1.551   0.011123    14.1422    -1.8889     -1.538     0.0117    -0.7649 -9.990e-29
 163.726042     -1.539   0.011122    14.1415    -1.8892     -1.526     0.0117    -0.7648 -9.990e-29
 163.726047     -1.534   0.011122    14.1365    -1.8890     -1.521     0.0117    -0.7641 -9.990e-29
 163.726053     -1.531   0.011122    14.1302    -1.8889     -1.518     0.0117    -0.7632 -9.990e-29
 163.726059     -1.521   0.011123    14.1257    -1.8888     -1.508     0.0117    -0.7625 -9.990e-29
 163.726065     -1.504   0.011123    14.1235    -1.8886     -1.491     0.0117    -0.7622 -9.990e-29
 163.726071     -1.487   0.011124    14.1221    -1.8888     -1.475     0.0117    -0.7620 -9.990e-29
 163.726076     -1.473   0.011124    14.1200    -1.8890     -1.461     0.0117    -0.7617 -9.990e-29
 163.726082     -1.461   0.011124    14.1167    -1.8891     -1.449     0.0117    -0.7613 -9.990e-29
 163.726088     -1.452   0.011125    14.1127    -1.8892     -1.440     0.0117    -0.7607 -9.990e-29
 163.726094     -1.443   0.011125    14.1099    -1.8893     -1.431     0.0117    -0.7603 -9.990e-29
