data/oxygen options/OCNMS/OCNMS1/raw_data/2018/CAST_CA042_180710faed.cnv
* Sea-Bird SBE19 Data File:
* FileName = C:\2018 Mooring Data\Casts\CAST_CA042_180710.hex
* Software Version 1.59
* Temperature SN = 2997
* Conductivity SN = 2997
* System UpLoad Time = Jul 10 2018 20:00:16
** CAST_CA042_180710
* ds
# nquan = 9                                 
# nvalues = 939                         
# units = specified
# name 0 = timeJ: Julian Days
# name 1 = prSM: Pressure, Strain Gauge [db]
# name 2 = c0mS/cm: Conductivity [mS/cm]
# name 3 = t090C: Temperature [ITS-90, deg C]
# name 4 = sbeox0ML/L: Oxygen, SBE 43 [ml/l]
# name 5 = depSM: Depth [salt water, m], lat = 47.5
# name 6 = sal00: Salinity, Practical [PSU]
# name 7 = sigma-é00: Density [sigma-theta, kg/m^3]
# name 8 = flag: flag
# span 0 = 191.797222, 191.802650       
# span 1 =     -5.444,     43.034       
# span 2 =   0.457934,  39.578124       
# span 3 =     8.1220,    17.7817       
# span 4 =    -1.7733,    15.6661       
# span 5 =     -5.399,     42.670       
# span 6 =     0.2587,    33.6618       
# span 7 =    -1.1637,    26.2041       
# span 8 = 0.0000e+00, 0.0000e+00       
# interval = seconds: 0.5
# start_time = Jul 10 2018 19:08:00 [Instrument's time stamp, header]
# bad_flag = -9.990e-29
*END*
[from data line 161]
 191.798154     -2.098   0.769312    17.5592    -1.7580     -2.081     0.4437    -0.9813 -9.990e-29
 191.798160     -2.080   0.766179    17.5574    -1.7580     -2.063     0.4419    -0.9824 -9.990e-29
 191.798166     -2.065   0.763436    17.5533    -1.7581     -2.048     0.4403    -0.9829 -9.990e-29
 191.798171     -2.051   0.760195    17.5461    -1.7581     -2.034     0.4384    -0.9831 -9.990e-29
 191.798177     -2.033   0.757124    17.5388    -1.7580     -2.016     0.4367    -0.9831 -9.990e-29
 191.798183     -2.015   0.755667    17.5337    -1.7579     -1.998     0.4358    -0.9828 -9.990e-29
 191.798189     -1.999   0.756099    17.5301    -1.7579     -1.982     0.4361    -0.9819 -9.990e-29
 191.798194     -1.985   0.756779    17.5273    -1.7580     -1.968     0.4366    -0.9811 -9.990e-29
 191.798200     -1.971   0.755290    17.5244    -1.7580     -1.955     0.4357    -0.9812 -9.990e-29
 191.798206     -1.958   0.751306    17.5217    -1.7579     -1.942     0.4334    -0.9825 -9.990e-29
 191.798212     -1.943   0.746720    17.5202    -1.7579     -1.927     0.4306    -0.9844 -9.990e-29
 191.798218     -1.927   0.743174    17.5194    -1.7579     -1.911     0.4285    -0.9858 -9.990e-29
 191.798223     -1.911   0.740926    17.5193    -1.7580     -1.895     0.4272    -0.9868 -9.990e-29
 191.798229     -1.900   0.739752    17.5202    -1.7581     -1.884     0.4265    -0.9876 -9.990e-29
 191.798235     -1.894   0.739747    17.5215    -1.7581     -1.878     0.4265    -0.9878 -9.990e-29
 191.798241     -1.890   0.740350    17.5226    -1.7581     -1.874     0.4268    -0.9877 -9.990e-29
 191.798247     -1.886   0.739594    17.5234    -1.7583     -1.870     0.4263    -0.9882 -9.990e-29
 191.798252     -1.876   0.735920    17.5241    -1.7583     -1.860     0.4241    -0.9900 -9.990e-29
 191.798258     -1.864   0.730523    17.5250    -1.7585     -1.848     0.4209    -0.9927 -9.990e-29
 191.798264     -1.853   0.726179    17.5256    -1.7588     -1.838     0.4183    -0.9948 -9.990e-29
 191.798270     -1.844   0.724299    17.5254    -1.7587     -1.829     0.4172    -0.9956 -9.990e-29
 191.798275     -1.834   0.724039    17.5241    -1.7586     -1.819     0.4171    -0.9955 -9.990e-29
 191.798281     -1.825   0.723390    17.5227    -1.7586     -1.810     0.4167    -0.9955 -9.990e-29
 191.798287     -1.814   0.721485    17.5219    -1.7587     -1.799     0.4156    -0.9963 -9.990e-29
 191.798293     -1.802   0.719110    17.5206    -1.7591     -1.787     0.4142    -0.9971 -9.990e-29
 191.798299     -1.787   0.716977    17.5183    -1.7593     -1.772     0.4129    -0.9976 -9.990e-29
 191.798304     -1.769   0.715014    17.5159    -1.7598     -1.754     0.4118    -0.9981 -9.990e-29
 191.798310     -1.750   0.712819    17.5129    -1.7602     -1.735     0.4105    -0.9985 -9.990e-29
 191.798316     -1.735   0.710235    17.5100    -1.7607     -1.721     0.4090    -0.9992 -9.990e-29
 191.798322     -1.721   0.707697    17.5091    -1.7609     -1.707     0.4075    -1.0002 -9.990e-29
 191.798328     -1.709   0.705699    17.5092    -1.7606     -1.695     0.4063    -1.0011 -9.990e-29
 191.798333     -1.696   0.704347    17.5082    -1.7603     -1.682     0.4055    -1.0015 -9.990e-29
 191.798339     -1.684   0.703499    17.5048    -1.7603     -1.670     0.4050    -1.0013 -9.990e-29
 191.798345     -1.669   0.702578    17.4983    -1.7602     -1.655     0.4045    -1.0005 -9.990e-29
 191.798351     -1.657   0.700911    17.4893    -1.7601     -1.643     0.4036    -0.9996 -9.990e-29
 191.798356     -1.651   0.698492    17.4786    -1.7598     -1.637     0.4023    -0.9987 -9.990e-29
 191.798362     -1.649   0.695972    17.4673    -1.7597     -1.635     0.4009    -0.9977 -9.990e-29
 191.798368     -1.653   0.693871    17.4580    -1.7596     -1.639     0.3997    -0.9969 -9.990e-29
 191.798374     -1.657   0.692159    17.4541    -1.7596     -1.643     0.3987    -0.9970 -9.990e-29
 191.798380     -1.659   0.690768    17.4564    -1.7598     -1.645     0.3979    -0.9980 -9.990e-29
 191.798385     -1.657   0.689506    17.4613    -1.7600     -1.643     0.3971    -0.9995 -9.990e-29
 191.798391     -1.653   0.687799    17.4655    -1.7599     -1.639     0.3960    -1.0011 -9.990e-29
 191.798397     -1.645   0.685587    17.4691    -1.7598     -1.631     0.3947    -1.0028 -9.990e-29
 191.798403     -1.633   0.683800    17.4730    -1.7596     -1.619     0.3936    -1.0043 -9.990e-29
 191.798409     -1.621   0.683378    17.4773    -1.7596     -1.607     0.3933    -1.0053 -9.990e-29
 191.798414     -1.613   0.683759    17.4815    -1.7596     -1.600     0.3935    -1.0059 -9.990e-29
 191.798420     -1.602   0.683234    17.4843    -1.7595     -1.589     0.3931    -1.0067 -9.990e-29
 191.798426     -1.590   0.681105    17.4840    -1.7593     -1.577     0.3919    -1.0076 -9.990e-29
 191.798432     -1.583   0.678409    17.4812    -1.7592     -1.570     0.3903    -1.0083 -9.990e-29
 191.798438     -1.581   0.676541    17.4793    -1.7592     -1.568     0.3892    -1.0088 -9.990e-29
 191.798443     -1.575   0.675779    17.4801    -1.7591     -1.562     0.3887    -1.0093 -9.990e-29
 191.798449     -1.561   0.675662    17.4830    -1.7592     -1.548     0.3886    -1.0099 -9.990e-29
 191.798455     -1.543   0.675478    17.4867    -1.7594     -1.530     0.3885    -1.0107 -9.990e-29
 191.798461     -1.527   0.674430    17.4894    -1.7594     -1.514     0.3878    -1.0117 -9.990e-29
 191.798466     -1.517   0.672227    17.4916    -1.7593     -1.504     0.3865    -1.0131 -9.990e-29
 191.798472     -1.507   0.669257    17.4950    -1.7592     -1.494     0.3847    -1.0151 -9.990e-29
 191.798478     -1.494   0.666547    17.4987    -1.7592     -1.482     0.3831    -1.0170 -9.990e-29
 191.798484     -1.480   0.664915    17.5014    -1.7592     -1.468     0.3821    -1.0183 -9.990e-29
 191.798490     -1.469   0.664403    17.5031    -1.7592     -1.457     0.3818    -1.0188 -9.990e-29
 191.798495     -1.460   0.664327    17.5038    -1.7590     -1.448     0.3817    -1.0190 -9.990e-29
 191.798501     -1.453   0.663479    17.5028    -1.7588     -1.441     0.3812    -1.0192 -9.990e-29
 191.798507     -1.447   0.661281    17.5010    -1.7588     -1.435     0.3799    -1.0199 -9.990e-29
 191.798513     -1.442   0.658681    17.5003    -1.7589     -1.430     0.3784    -1.0209 -9.990e-29
 191.798519     -1.437   0.657198    17.5011    -1.7590     -1.425     0.3775    -1.0217 -9.990e-29
 191.798524     -1.432   0.657071    17.5024    -1.7591     -1.420     0.3774    -1.0220 -9.990e-29
 191.798530     -1.427   0.657024    17.5036    -1.7592     -1.415     0.3774    -1.0223 -9.990e-29
 191.798536     -1.421   0.655884    17.5049    -1.7593     -1.409     0.3767    -1.0231 -9.990e-29
 191.798542     -1.415   0.653795    17.5071    -1.7594     -1.403     0.3754    -1.0244 -9.990e-29
 191.798547     -1.407   0.651849    17.5104    -1.7596     -1.395     0.3742    -1.0259 -9.990e-29
 191.798553     -1.398   0.650777    17.5134    -1.7596     -1.386     0.3736    -1.0270 -9.990e-29
 191.798559     -1.386   0.650256    17.5144    -1.7597     -1.374     0.3733    -1.0274 -9.990e-29
 191.798565     -1.371   0.649593    17.5137    -1.7596     -1.360     0.3729    -1.0276 -9.990e-29
 191.798571     -1.352   0.648457    17.5123    -1.7597     -1.341     0.3722    -1.0278 -9.990e-29
 191.798576     -1.328   0.646995    17.5104    -1.7598     -1.317     0.3714    -1.0281 -9.990e-29
 191.798582     -1.301   0.645475    17.5078    -1.7599     -1.290     0.3705    -1.0283 -9.990e-29
 191.798588     -1.278   0.644085    17.5047    -1.7602     -1.267     0.3697    -1.0284 -9.990e-29
 191.798594     -1.263   0.642634    17.5017    -1.7608     -1.252     0.3689    -1.0285 -9.990e-29
 191.798600     -1.254   0.640848    17.4990    -1.7611     -1.244     0.3678    -1.0288 -9.990e-29
 191.798605     -1.250   0.639118    17.4969    -1.7610     -1.240     0.3668    -1.0292 -9.990e-29
 191.798611     -1.247   0.637905    17.4959    -1.7611     -1.237     0.3661    -1.0296 -9.990e-29
 191.798617     -1.241   0.637257    17.4952    -1.7616     -1.231     0.3657    -1.0297 -9.990e-29
 191.798623     -1.236   0.636862    17.4935    -1.7623     -1.226     0.3655    -1.0296 -9.990e-29
 191.798628     -1.235   0.636194    17.4900    -1.7626     -1.225     0.3651    -1.0292 -9.990e-29
 191.798634     -1.238   0.634918    17.4848    -1.7628     -1.228     0.3644    -1.0289 -9.990e-29
 191.798640     -1.242   0.633179    17.4771    -1.7629     -1.232     0.3635    -1.0282 -9.990e-29
 191.798646     -1.242   0.631429    17.4675    -1.7629     -1.232     0.3625    -1.0272 -9.990e-29
 191.798652     -1.242   0.630288    17.4600    -1.7627     -1.232     0.3619    -1.0263 -9.990e-29
 191.798657     -1.248   0.629898    17.4553    -1.7628     -1.238     0.3617    -1.0256 -9.990e-29
 191.798663     -1.254   0.629368    17.4488    -1.7630     -1.244     0.3614    -1.0247 -9.990e-29
 191.798669     -1.257   0.627992    17.4376    -1.7629     -1.247     0.3607    -1.0232 -9.990e-29
 191.798675     -1.258   0.626151    17.4247    -1.7630     -1.248     0.3597    -1.0217 -9.990e-29
 191.798681     -1.255   0.624716    17.4144    -1.7629     -1.245     0.3590    -1.0204 -9.990e-29
 191.798686     -1.254   0.623989    17.4076    -1.7628     -1.244     0.3586    -1.0195 -9.990e-29
 191.798692     -1.259   0.623555    17.4043    -1.7630     -1.248     0.3584    -1.0191 -9.990e-29
 191.798698     -1.261   0.622835    17.4047    -1.7630     -1.250     0.3579    -1.0195 -9.990e-29
 191.798704     -1.252   0.621421    17.4062    -1.7629     -1.242     0.3571    -1.0204 -9.990e-29
 191.798709     -1.240   0.619643    17.4055    -1.7633     -1.230     0.3560    -1.0211 -9.990e-29
 191.798715     -1.233   0.618456    17.4036    -1.7634     -1.223     0.3553    -1.0213 -9.990e-29
 191.798721     -1.226   0.617940    17.4028    -1.7633     -1.216     0.3551    -1.0213 -9.990e-29
 191.798727     -1.213   0.617404    17.4031    -1.7633     -1.203     0.3547    -1.0216 -9.990e-29
 191.798733     -1.200   0.616690    17.4039    -1.7632     -1.190     0.3543    -1.0221 -9.990e-29
 191.798738     -1.189   0.615953    17.4043    -1.7630     -1.179     0.3539    -1.0225 -9.990e-29
 191.798744     -1.179   0.615318    17.4037    -1.7630     -1.169     0.3535    -1.0227 -9.990e-29
 191.798750     -1.170   0.614491    17.4031    -1.7630     -1.160     0.3530    -1.0230 -9.990e-29
 191.798756     -1.162   0.612924    17.4014    -1.7628     -1.152     0.3521    -1.0234 -9.990e-29
 191.798762     -1.153   0.610745    17.3977    -1.7628     -1.143     0.3508    -1.0237 -9.990e-29
 191.798767     -1.143   0.608926    17.3948    -1.7628     -1.133     0.3498    -1.0240 -9.990e-29
 191.798773     -1.137   0.608364    17.3944    -1.7629     -1.128     0.3494    -1.0241 -9.990e-29
 191.798779     -1.137   0.608866    17.3956    -1.7629     -1.128     0.3497    -1.0241 -9.990e-29
 191.798785     -1.139   0.609437    17.3979    -1.7629     -1.129     0.3500    -1.0243 -9.990e-29
 191.798791     -1.139   0.609177    17.4009    -1.7629     -1.129     0.3499    -1.0250 -9.990e-29
 191.798796     -1.138   0.607739    17.4036    -1.7633     -1.129     0.3490    -1.0261 -9.990e-29
 191.798802     -1.136   0.605422    17.4060    -1.7635     -1.127     0.3476    -1.0276 -9.990e-29
 191.798808     -1.131   0.603016    17.4081    -1.7635     -1.122     0.3462    -1.0291 -9.990e-29
 191.798814     -1.124   0.601190    17.4092    -1.7637     -1.115     0.3451    -1.0302 -9.990e-29
 191.798819     -1.114   0.600280    17.4094    -1.7640     -1.105     0.3445    -1.0306 -9.990e-29
 191.798825     -1.105   0.600181    17.4090    -1.7641     -1.096     0.3445    -1.0306 -9.990e-29
 191.798831     -1.101   0.600206    17.4081    -1.7639     -1.092     0.3445    -1.0304 -9.990e-29
 191.798837     -1.097   0.599835    17.4068    -1.7640     -1.088     0.3443    -1.0303 -9.990e-29
 191.798843     -1.089   0.599129    17.4041    -1.7640     -1.080     0.3439    -1.0302 -9.990e-29
 191.798848     -1.076   0.598254    17.3995    -1.7641     -1.067     0.3434    -1.0297 -9.990e-29
 191.798854     -1.062   0.597151    17.3947    -1.7640     -1.053     0.3428    -1.0293 -9.990e-29
 191.798860     -1.049   0.596009    17.3909    -1.7640     -1.040     0.3422    -1.0291 -9.990e-29
 191.798866     -1.033   0.594969    17.3869    -1.7639     -1.024     0.3416    -1.0289 -9.990e-29
 191.798872     -1.013   0.593752    17.3827    -1.7640     -1.005     0.3409    -1.0286 -9.990e-29
 191.798877     -0.997   0.592396    17.3802    -1.7642     -0.989     0.3401    -1.0288 -9.990e-29
 191.798883     -0.986   0.591311    17.3796    -1.7645     -0.978     0.3395    -1.0292 -9.990e-29
 191.798889     -0.977   0.590711    17.3793    -1.7645     -0.969     0.3391    -1.0294 -9.990e-29
 191.798895     -0.965   0.590348    17.3789    -1.7646     -0.957     0.3389    -1.0295 -9.990e-29
 191.798900     -0.952   0.589740    17.3787    -1.7647     -0.944     0.3385    -1.0297 -9.990e-29
 191.798906     -0.944   0.588629    17.3793    -1.7648     -0.936     0.3379    -1.0303 -9.990e-29
 191.798912     -0.938   0.587198    17.3802    -1.7651     -0.930     0.3370    -1.0312 -9.990e-29
 191.798918     -0.935   0.585753    17.3801    -1.7650     -0.927     0.3362    -1.0318 -9.990e-29
 191.798924     -0.934   0.584584    17.3775    -1.7650     -0.926     0.3355    -1.0318 -9.990e-29
 191.798929     -0.936   0.583796    17.3727    -1.7651     -0.928     0.3351    -1.0313 -9.990e-29
 191.798935     -0.936   0.583445    17.3683    -1.7653     -0.928     0.3349    -1.0307 -9.990e-29
 191.798941     -0.930   0.583617    17.3654    -1.7655     -0.922     0.3350    -1.0301 -9.990e-29
 191.798947     -0.922   0.583988    17.3629    -1.7656     -0.914     0.3353    -1.0294 -9.990e-29
 191.798953     -0.916   0.583942    17.3598    -1.7655     -0.908     0.3353    -1.0289 -9.990e-29
 191.798958     -0.911   0.582866    17.3563    -1.7654     -0.903     0.3346    -1.0287 -9.990e-29
 191.798964     -0.907   0.580986    17.3535    -1.7654     -0.899     0.3336    -1.0291 -9.990e-29
 191.798970     -0.904   0.579117    17.3522    -1.7657     -0.896     0.3325    -1.0297 -9.990e-29
 191.798976     -0.901   0.577539    17.3509    -1.7660     -0.893     0.3315    -1.0301 -9.990e-29
 191.798981     -0.898   0.576365    17.3479    -1.7658     -0.891     0.3309    -1.0301 -9.990e-29
 191.798987     -0.896   0.575691    17.3439    -1.7658     -0.889     0.3305    -1.0297 -9.990e-29
 191.798993     -0.893   0.575171    17.3404    -1.7657     -0.886     0.3302    -1.0293 -9.990e-29
 191.798999     -0.891   0.574666    17.3389    -1.7657     -0.884     0.3299    -1.0292 -9.990e-29
 191.799005     -0.888   0.574611    17.3392    -1.7658     -0.881     0.3299    -1.0293 -9.990e-29
 191.799010     -0.885   0.574933    17.3395    -1.7659     -0.878     0.3301    -1.0292 -9.990e-29
 191.799016     -0.880   0.574954    17.3375    -1.7657     -0.873     0.3301    -1.0288 -9.990e-29
 191.799022     -0.875   0.574145    17.3335    -1.7657     -0.868     0.3297    -1.0285 -9.990e-29
 191.799028     -0.869   0.572536    17.3307    -1.7657     -0.862     0.3287    -1.0287 -9.990e-29
 191.799034     -0.865   0.570751    17.3306    -1.7659     -0.858     0.3277    -1.0295 -9.990e-29
 191.799039     -0.867   0.569179    17.3320    -1.7659     -0.860     0.3267    -1.0305 -9.990e-29
 191.799045     -0.872   0.567941    17.3331    -1.7660     -0.865     0.3260    -1.0312 -9.990e-29
 191.799051     -0.876   0.567050    17.3329    -1.7658     -0.869     0.3255    -1.0316 -9.990e-29
 191.799057     -0.879   0.566426    17.3317    -1.7659     -0.872     0.3251    -1.0317 -9.990e-29
 191.799062     -0.880   0.566343    17.3313    -1.7660     -0.873     0.3251    -1.0316 -9.990e-29
 191.799068     -0.880   0.566691    17.3324    -1.7661     -0.873     0.3253    -1.0317 -9.990e-29
