data/oxygen options/OCNMS/OCNMS1/raw_data/2018/CAST_KL027_180709faed.cnv
* Sea-Bird SBE19 Data File:
* FileName = C:\2018 Mooring Data\Casts\CAST_KL027_180709.hex
* Software Version 1.59
* Temperature SN = 2997
* Conductivity SN = 2997
* System UpLoad Time = Jul 09 2018 20:37:25
** CAST_KL027_180709
* ds
# nquan = 9                                 
# nvalues = 960                         
# units = specified
# name 0 = timeJ: Julian Days
# name 1 = prSM: Pressure, Strain Gauge [db]
# name 2 = c0mS/cm: Conductivity [mS/cm]
# name 3 = t090C: Temperature [ITS-90, deg C]
# name 4 = sbeox0ML/L: Oxygen, SBE 43 [ml/l]
# name 5 = depSM: Depth [salt water, m], lat = 47.5
# name 6 = sal00: Salinity, Practical [PSU]
# name 7 = sigma-é00: Density [sigma-theta, kg/m^3]
# name 8 = flag: flag
# span 0 = 190.830833, 190.836383       
# span 1 =     -5.689,     27.081       
# span 2 =   0.352077,  40.089445       
# span 3 =     8.6513,    15.9780       
# span 4 =    -1.8425,    14.7742       
# span 5 =     -5.642,     26.853       
# span 6 =     0.2081,    33.4703       
# span 7 =    -0.8266,    25.9709       
# span 8 = 0.0000e+00, 0.0000e+00       
# interval = seconds: 0.5
# start_time = Jul 09 2018 19:56:24 [Instrument's time stamp, header]
# bad_flag = -9.990e-29
*END*
[from data line 161]
 190.831765     -2.287   0.577176    15.2690    -1.8386     -2.268     0.3482    -0.6702 -9.990e-29
 190.831771     -2.276   0.576101    15.2740    -1.8385     -2.257     0.3475    -0.6715 -9.990e-29
 190.831777     -2.264   0.574179    15.2788    -1.8385     -2.245     0.3463    -0.6732 -9.990e-29
 190.831782     -2.252   0.572173    15.2833    -1.8385     -2.233     0.3450    -0.6749 -9.990e-29
 190.831788     -2.241   0.571287    15.2874    -1.8387     -2.222     0.3444    -0.6760 -9.990e-29
 190.831794     -2.229   0.572001    15.2905    -1.8390     -2.210     0.3448    -0.6762 -9.990e-29
 190.831800     -2.217   0.573604    15.2930    -1.8390     -2.199     0.3458    -0.6758 -9.990e-29
 190.831806     -2.203   0.574353    15.2956    -1.8390     -2.185     0.3463    -0.6759 -9.990e-29
 190.831811     -2.190   0.573031    15.2983    -1.8391     -2.172     0.3454    -0.6769 -9.990e-29
 190.831817     -2.183   0.570645    15.3008    -1.8391     -2.165     0.3439    -0.6785 -9.990e-29
 190.831823     -2.176   0.569000    15.3030    -1.8391     -2.158     0.3429    -0.6796 -9.990e-29
 190.831829     -2.165   0.568671    15.3040    -1.8391     -2.147     0.3427    -0.6800 -9.990e-29
 190.831834     -2.154   0.569220    15.3030    -1.8395     -2.136     0.3430    -0.6795 -9.990e-29
 190.831840     -2.145   0.569716    15.2999    -1.8396     -2.127     0.3433    -0.6788 -9.990e-29
 190.831846     -2.134   0.569157    15.2964    -1.8397     -2.116     0.3430    -0.6785 -9.990e-29
 190.831852     -2.120   0.567351    15.2937    -1.8398     -2.102     0.3419    -0.6789 -9.990e-29
 190.831858     -2.107   0.565215    15.2923    -1.8400     -2.089     0.3406    -0.6797 -9.990e-29
 190.831863     -2.090   0.563779    15.2917    -1.8402     -2.073     0.3397    -0.6803 -9.990e-29
 190.831869     -2.067   0.563344    15.2915    -1.8405     -2.050     0.3394    -0.6805 -9.990e-29
 190.831875     -2.046   0.563329    15.2910    -1.8406     -2.029     0.3394    -0.6804 -9.990e-29
 190.831881     -2.029   0.562607    15.2887    -1.8406     -2.012     0.3390    -0.6804 -9.990e-29
 190.831887     -2.016   0.560768    15.2843    -1.8406     -1.999     0.3379    -0.6806 -9.990e-29
 190.831892     -2.005   0.558685    15.2799    -1.8405     -1.988     0.3366    -0.6809 -9.990e-29
 190.831898     -1.996   0.557458    15.2763    -1.8405     -1.979     0.3359    -0.6809 -9.990e-29
 190.831904     -1.989   0.557113    15.2726    -1.8405     -1.972     0.3357    -0.6805 -9.990e-29
 190.831910     -1.982   0.556634    15.2682    -1.8403     -1.965     0.3355    -0.6800 -9.990e-29
 190.831916     -1.977   0.555382    15.2632    -1.8404     -1.961     0.3347    -0.6798 -9.990e-29
 190.831921     -1.971   0.553902    15.2586    -1.8406     -1.955     0.3338    -0.6798 -9.990e-29
 190.831927     -1.965   0.552990    15.2560    -1.8406     -1.949     0.3333    -0.6798 -9.990e-29
 190.831933     -1.959   0.552540    15.2555    -1.8410     -1.943     0.3330    -0.6799 -9.990e-29
 190.831939     -1.951   0.551951    15.2561    -1.8410     -1.935     0.3327    -0.6803 -9.990e-29
 190.831944     -1.943   0.550989    15.2570    -1.8409     -1.927     0.3320    -0.6809 -9.990e-29
 190.831950     -1.932   0.550035    15.2579    -1.8410     -1.916     0.3314    -0.6815 -9.990e-29
 190.831956     -1.918   0.549478    15.2590    -1.8409     -1.902     0.3311    -0.6819 -9.990e-29
 190.831962     -1.906   0.549131    15.2598    -1.8408     -1.890     0.3309    -0.6822 -9.990e-29
 190.831968     -1.898   0.548529    15.2591    -1.8408     -1.882     0.3305    -0.6824 -9.990e-29
 190.831973     -1.889   0.547423    15.2568    -1.8408     -1.873     0.3298    -0.6826 -9.990e-29
 190.831979     -1.878   0.545999    15.2534    -1.8407     -1.862     0.3290    -0.6827 -9.990e-29
 190.831985     -1.870   0.544575    15.2499    -1.8404     -1.854     0.3281    -0.6828 -9.990e-29
 190.831991     -1.865   0.543470    15.2480    -1.8402     -1.849     0.3274    -0.6831 -9.990e-29
 190.831997     -1.861   0.542871    15.2480    -1.8399     -1.845     0.3271    -0.6834 -9.990e-29
 190.832002     -1.854   0.542533    15.2486    -1.8397     -1.839     0.3269    -0.6836 -9.990e-29
 190.832008     -1.843   0.542004    15.2494    -1.8393     -1.828     0.3265    -0.6840 -9.990e-29
 190.832014     -1.833   0.541132    15.2508    -1.8390     -1.818     0.3260    -0.6846 -9.990e-29
 190.832020     -1.818   0.539863    15.2528    -1.8386     -1.803     0.3252    -0.6856 -9.990e-29
 190.832025     -1.798   0.538167    15.2554    -1.8382     -1.783     0.3241    -0.6868 -9.990e-29
 190.832031     -1.779   0.536550    15.2590    -1.8380     -1.764     0.3231    -0.6882 -9.990e-29
 190.832037     -1.765   0.535628    15.2642    -1.8377     -1.750     0.3224    -0.6894 -9.990e-29
 190.832043     -1.754   0.535279    15.2706    -1.8374     -1.739     0.3222    -0.6906 -9.990e-29
 190.832049     -1.747   0.534482    15.2778    -1.8371     -1.732     0.3216    -0.6922 -9.990e-29
 190.832054     -1.742   0.532728    15.2854    -1.8368     -1.727     0.3205    -0.6942 -9.990e-29
 190.832060     -1.740   0.531003    15.2935    -1.8366     -1.725     0.3193    -0.6964 -9.990e-29
 190.832066     -1.740   0.530331    15.3021    -1.8362     -1.725     0.3189    -0.6981 -9.990e-29
 190.832072     -1.742   0.530922    15.3110    -1.8358     -1.727     0.3192    -0.6992 -9.990e-29
 190.832078     -1.742   0.532458    15.3200    -1.8354     -1.727     0.3200    -0.6999 -9.990e-29
 190.832083     -1.736   0.533661    15.3284    -1.8351     -1.722     0.3207    -0.7007 -9.990e-29
 190.832089     -1.728   0.533364    15.3362    -1.8348     -1.714     0.3205    -0.7021 -9.990e-29
 190.832095     -1.721   0.532278    15.3438    -1.8346     -1.707     0.3197    -0.7039 -9.990e-29
 190.832101     -1.716   0.531726    15.3516    -1.8343     -1.702     0.3193    -0.7054 -9.990e-29
 190.832106     -1.710   0.531525    15.3595    -1.8340     -1.696     0.3192    -0.7068 -9.990e-29
 190.832112     -1.706   0.530852    15.3677    -1.8338     -1.692     0.3187    -0.7084 -9.990e-29
 190.832118     -1.701   0.529915    15.3764    -1.8335     -1.687     0.3180    -0.7103 -9.990e-29
 190.832124     -1.696   0.529683    15.3858    -1.8333     -1.682     0.3178    -0.7119 -9.990e-29
 190.832130     -1.691   0.530952    15.3953    -1.8329     -1.677     0.3185    -0.7128 -9.990e-29
 190.832135     -1.684   0.533198    15.4043    -1.8326     -1.670     0.3198    -0.7132 -9.990e-29
 190.832141     -1.677   0.534430    15.4124    -1.8322     -1.663     0.3205    -0.7140 -9.990e-29
 190.832147     -1.667   0.533519    15.4196    -1.8320     -1.653     0.3199    -0.7156 -9.990e-29
 190.832153     -1.655   0.531466    15.4270    -1.8316     -1.641     0.3186    -0.7177 -9.990e-29
 190.832159     -1.640   0.529966    15.4344    -1.8311     -1.626     0.3176    -0.7197 -9.990e-29
 190.832164     -1.621   0.529788    15.4416    -1.8307     -1.607     0.3174    -0.7209 -9.990e-29
 190.832170     -1.597   0.530139    15.4490    -1.8304     -1.584     0.3176    -0.7220 -9.990e-29
 190.832176     -1.569   0.529826    15.4569    -1.8302     -1.556     0.3174    -0.7234 -9.990e-29
 190.832182     -1.547   0.528984    15.4655    -1.8299     -1.534     0.3168    -0.7252 -9.990e-29
 190.832188     -1.531   0.528708    15.4744    -1.8296     -1.518     0.3165    -0.7268 -9.990e-29
 190.832193     -1.521   0.529182    15.4832    -1.8293     -1.508     0.3168    -0.7280 -9.990e-29
 190.832199     -1.513   0.529376    15.4925    -1.8291     -1.500     0.3168    -0.7294 -9.990e-29
 190.832205     -1.501   0.528441    15.5030    -1.8287     -1.488     0.3161    -0.7316 -9.990e-29
 190.832211     -1.488   0.526789    15.5140    -1.8280     -1.476     0.3150    -0.7341 -9.990e-29
 190.832216     -1.480   0.525543    15.5241    -1.8275     -1.468     0.3142    -0.7364 -9.990e-29
 190.832222     -1.474   0.525258    15.5327    -1.8274     -1.462     0.3140    -0.7379 -9.990e-29
 190.832228     -1.470   0.525552    15.5403    -1.8271     -1.458     0.3141    -0.7390 -9.990e-29
 190.832234     -1.469   0.525709    15.5477    -1.8269     -1.457     0.3141    -0.7402 -9.990e-29
 190.832240     -1.469   0.525385    15.5552    -1.8267     -1.457     0.3139    -0.7416 -9.990e-29
 190.832245     -1.472   0.524700    15.5629    -1.8265     -1.460     0.3134    -0.7431 -9.990e-29
 190.832251     -1.473   0.524033    15.5718    -1.8263     -1.461     0.3129    -0.7449 -9.990e-29
 190.832257     -1.468   0.523604    15.5828    -1.8260     -1.456     0.3126    -0.7469 -9.990e-29
 190.832263     -1.461   0.523579    15.5953    -1.8258     -1.449     0.3125    -0.7490 -9.990e-29
 190.832269     -1.455   0.523924    15.6062    -1.8257     -1.443     0.3126    -0.7506 -9.990e-29
 190.832274     -1.451   0.524175    15.6144    -1.8256     -1.439     0.3127    -0.7519 -9.990e-29
 190.832280     -1.448   0.524112    15.6215    -1.8256     -1.436     0.3126    -0.7531 -9.990e-29
 190.832286     -1.445   0.523649    15.6283    -1.8253     -1.433     0.3122    -0.7544 -9.990e-29
 190.832292     -1.443   0.522722    15.6344    -1.8250     -1.431     0.3116    -0.7558 -9.990e-29
 190.832297     -1.442   0.521757    15.6402    -1.8246     -1.430     0.3110    -0.7573 -9.990e-29
 190.832303     -1.441   0.521130    15.6463    -1.8243     -1.429     0.3106    -0.7586 -9.990e-29
 190.832309     -1.440   0.520558    15.6523    -1.8243     -1.428     0.3102    -0.7598 -9.990e-29
 190.832315     -1.440   0.519831    15.6572    -1.8241     -1.428     0.3097    -0.7610 -9.990e-29
 190.832321     -1.440   0.519087    15.6608    -1.8241     -1.428     0.3092    -0.7619 -9.990e-29
 190.832326     -1.440   0.518444    15.6638    -1.8239     -1.428     0.3088    -0.7627 -9.990e-29
 190.832332     -1.440   0.518150    15.6671    -1.8239     -1.428     0.3086    -0.7634 -9.990e-29
 190.832338     -1.441   0.518368    15.6724    -1.8239     -1.429     0.3087    -0.7642 -9.990e-29
 190.832344     -1.438   0.518834    15.6803    -1.8237     -1.426     0.3089    -0.7653 -9.990e-29
 190.832350     -1.426   0.519061    15.6888    -1.8236     -1.414     0.3090    -0.7666 -9.990e-29
 190.832355     -1.410   0.518795    15.6954    -1.8238     -1.398     0.3088    -0.7678 -9.990e-29
 190.832361     -1.392   0.518235    15.6997    -1.8239     -1.380     0.3084    -0.7687 -9.990e-29
 190.832367     -1.376   0.517742    15.7031    -1.8241     -1.365     0.3081    -0.7695 -9.990e-29
 190.832373     -1.364   0.517213    15.7063    -1.8242     -1.353     0.3077    -0.7703 -9.990e-29
 190.832378     -1.353   0.516497    15.7092    -1.8242     -1.342     0.3073    -0.7711 -9.990e-29
 190.832384     -1.336   0.515745    15.7113    -1.8241     -1.325     0.3068    -0.7718 -9.990e-29
 190.832390     -1.317   0.515063    15.7128    -1.8241     -1.306     0.3063    -0.7724 -9.990e-29
 190.832396     -1.303   0.514650    15.7143    -1.8241     -1.292     0.3061    -0.7729 -9.990e-29
 190.832402     -1.294   0.514507    15.7150    -1.8242     -1.283     0.3060    -0.7730 -9.990e-29
 190.832407     -1.280   0.514443    15.7141    -1.8244     -1.269     0.3060    -0.7729 -9.990e-29
 190.832413     -1.260   0.514373    15.7118    -1.8244     -1.249     0.3059    -0.7726 -9.990e-29
 190.832419     -1.243   0.514204    15.7090    -1.8244     -1.233     0.3058    -0.7722 -9.990e-29
 190.832425     -1.230   0.513710    15.7069    -1.8244     -1.220     0.3056    -0.7721 -9.990e-29
 190.832431     -1.221   0.512786    15.7062    -1.8244     -1.211     0.3050    -0.7724 -9.990e-29
 190.832436     -1.215   0.511861    15.7062    -1.8246     -1.205     0.3044    -0.7728 -9.990e-29
 190.832442     -1.213   0.511364    15.7061    -1.8246     -1.203     0.3041    -0.7731 -9.990e-29
 190.832448     -1.214   0.511185    15.7054    -1.8247     -1.204     0.3040    -0.7730 -9.990e-29
 190.832454     -1.217   0.511086    15.7037    -1.8246     -1.207     0.3040    -0.7728 -9.990e-29
 190.832459     -1.224   0.510935    15.7015    -1.8246     -1.214     0.3039    -0.7725 -9.990e-29
 190.832465     -1.235   0.510528    15.6999    -1.8247     -1.225     0.3037    -0.7724 -9.990e-29
 190.832471     -1.246   0.509875    15.6993    -1.8245     -1.236     0.3033    -0.7726 -9.990e-29
 190.832477     -1.249   0.509216    15.6990    -1.8245     -1.239     0.3029    -0.7729 -9.990e-29
 190.832483     -1.244   0.508778    15.6980    -1.8247     -1.234     0.3026    -0.7729 -9.990e-29
 190.832488     -1.236   0.508529    15.6964    -1.8246     -1.226     0.3025    -0.7728 -9.990e-29
 190.832494     -1.224   0.508137    15.6949    -1.8246     -1.214     0.3022    -0.7727 -9.990e-29
 190.832500     -1.211   0.507634    15.6939    -1.8244     -1.201     0.3019    -0.7728 -9.990e-29
 190.832506     -1.200   0.507457    15.6936    -1.8245     -1.190     0.3018    -0.7728 -9.990e-29
 190.832512     -1.193   0.507925    15.6938    -1.8244     -1.183     0.3021    -0.7727 -9.990e-29
 190.832517     -1.187   0.508550    15.6945    -1.8243     -1.177     0.3025    -0.7725 -9.990e-29
 190.832523     -1.182   0.508504    15.6956    -1.8244     -1.172     0.3025    -0.7727 -9.990e-29
 190.832529     -1.178   0.507726    15.6957    -1.8242     -1.168     0.3020    -0.7731 -9.990e-29
 190.832535     -1.174   0.506840    15.6950    -1.8242     -1.164     0.3014    -0.7734 -9.990e-29
 190.832541     -1.172   0.506325    15.6951    -1.8240     -1.162     0.3011    -0.7736 -9.990e-29
 190.832546     -1.170   0.506049    15.6964    -1.8239     -1.160     0.3009    -0.7740 -9.990e-29
 190.832552     -1.168   0.505645    15.6981    -1.8237     -1.158     0.3007    -0.7744 -9.990e-29
 190.832558     -1.166   0.505127    15.6995    -1.8234     -1.156     0.3004    -0.7749 -9.990e-29
 190.832564     -1.164   0.504910    15.7006    -1.8235     -1.154     0.3002    -0.7752 -9.990e-29
 190.832569     -1.162   0.505259    15.7016    -1.8236     -1.152     0.3004    -0.7752 -9.990e-29
 190.832575     -1.160   0.506087    15.7029    -1.8238     -1.150     0.3009    -0.7750 -9.990e-29
 190.832581     -1.158   0.506833    15.7051    -1.8239     -1.148     0.3014    -0.7750 -9.990e-29
 190.832587     -1.154   0.506828    15.7081    -1.8241     -1.144     0.3013    -0.7755 -9.990e-29
 190.832593     -1.150   0.506066    15.7116    -1.8241     -1.140     0.3008    -0.7765 -9.990e-29
 190.832598     -1.146   0.505193    15.7155    -1.8240     -1.136     0.3003    -0.7775 -9.990e-29
 190.832604     -1.140   0.504708    15.7197    -1.8239     -1.130     0.3000    -0.7785 -9.990e-29
 190.832610     -1.132   0.504515    15.7230    -1.8238     -1.123     0.2998    -0.7791 -9.990e-29
 190.832616     -1.122   0.504357    15.7235    -1.8236     -1.113     0.2997    -0.7792 -9.990e-29
 190.832622     -1.113   0.504023    15.7212    -1.8235     -1.104     0.2995    -0.7790 -9.990e-29
 190.832627     -1.110   0.503622    15.7176    -1.8234     -1.101     0.2993    -0.7786 -9.990e-29
 190.832633     -1.107   0.503725    15.7139    -1.8234     -1.098     0.2994    -0.7780 -9.990e-29
 190.832639     -1.101   0.504471    15.7113    -1.8232     -1.092     0.2999    -0.7772 -9.990e-29
 190.832645     -1.090   0.505189    15.7110    -1.8230     -1.081     0.3003    -0.7768 -9.990e-29
 190.832650     -1.075   0.505175    15.7131    -1.8228     -1.066     0.3003    -0.7771 -9.990e-29
 190.832656     -1.058   0.504410    15.7163    -1.8228     -1.049     0.2998    -0.7780 -9.990e-29
 190.832662     -1.047   0.503536    15.7196    -1.8227     -1.038     0.2992    -0.7790 -9.990e-29
 190.832668     -1.046   0.503048    15.7227    -1.8226     -1.037     0.2989    -0.7797 -9.990e-29
 190.832674     -1.050   0.502849    15.7253    -1.8224     -1.041     0.2988    -0.7803 -9.990e-29
 190.832679     -1.050   0.502673    15.7278    -1.8224     -1.041     0.2987    -0.7808 -9.990e-29
