data/oxygen options/OCNMS/OCNMS1/raw_data/2018/CAST_KL015_180611faed.cnv
* Sea-Bird SBE19 Data File:
* FileName = C:\2018 Mooring Data\Casts\CAST_KL015_180611.hex
* Software Version 1.59
* Temperature SN = 2997
* Conductivity SN = 2997
* System UpLoad Time = Jun 11 2018 21:17:56
** CAST_KL015_180611
* ds
# nquan = 9                                 
# nvalues = 787                         
# units = specified
# name 0 = timeJ: Julian Days
# name 1 = prSM: Pressure, Strain Gauge [db]
# name 2 = c0mS/cm: Conductivity [mS/cm]
# name 3 = t090C: Temperature [ITS-90, deg C]
# name 4 = sbeox0ML/L: Oxygen, SBE 43 [ml/l]
# name 5 = depSM: Depth [salt water, m], lat = 47.5
# name 6 = sal00: Salinity, Practical [PSU]
# name 7 = sigma-é00: Density [sigma-theta, kg/m^3]
# name 8 = flag: flag
# span 0 = 162.880440, 162.884988       
# span 1 =     -5.181,     15.191       
# span 2 =   0.319198,  36.853435       
# span 3 =    12.2914,    15.9225       
# span 4 =    -1.8670,    14.7511       
# span 5 =     -5.138,     15.064       
# span 6 =     0.1893,    31.6875       
# span 7 =    -0.8144,    23.9638       
# span 8 = 0.0000e+00, 0.0000e+00       
# interval = seconds: 0.5
# start_time = Jun 11 2018 21:07:50 [Instrument's time stamp, header]
# bad_flag = -9.990e-29
*END*
 162.880440     -5.181 -9.990e-29    15.4417    -1.8288     -5.138 -9.990e-29 -9.990e-29 -9.990e-29
 162.880446     -5.173   0.839984    15.4457    -1.8284     -5.130     0.5116    -0.5716 -9.990e-29
 162.880451     -5.163   0.835273    15.4495    -1.8280     -5.120     0.5086    -0.5745 -9.990e-29
 162.880457     -5.151   0.829270    15.4531    -1.8276     -5.108     0.5047    -0.5781 -9.990e-29
 162.880463     -5.135   0.822283    15.4569    -1.8270     -5.092     0.5002    -0.5821 -9.990e-29
 162.880469     -5.114   0.814237    15.4619    -1.8268     -5.071     0.4951    -0.5869 -9.990e-29
 162.880475     -5.088   0.806050    15.4686    -1.8267     -5.046     0.4898    -0.5920 -9.990e-29
 162.880480     -5.054   0.799366    15.4781    -1.8267     -5.012     0.4855    -0.5968 -9.990e-29
 162.880486     -5.015   0.794693    15.4911    -1.8267     -4.973     0.4824    -0.6013 -9.990e-29
 162.880492     -4.976   0.790047    15.5057    -1.8266     -4.935     0.4793    -0.6060 -9.990e-29
 162.880498     -4.939   0.784221    15.5190    -1.8265     -4.898     0.4755    -0.6110 -9.990e-29
 162.880503     -4.903   0.778872    15.5309    -1.8264     -4.862     0.4720    -0.6156 -9.990e-29
 162.880509     -4.864   0.775737    15.5424    -1.8268     -4.823     0.4699    -0.6190 -9.990e-29
 162.880515     -4.820   0.774516    15.5531    -1.8270     -4.780     0.4690    -0.6214 -9.990e-29
 162.880521     -4.774   0.774689    15.5615    -1.8273     -4.734     0.4690    -0.6227 -9.990e-29
 162.880527     -4.730   0.774272    15.5674    -1.8275     -4.691     0.4687    -0.6239 -9.990e-29
 162.880532     -4.689   0.769383    15.5721    -1.8275     -4.650     0.4655    -0.6271 -9.990e-29
 162.880538     -4.650   0.759049    15.5761    -1.8275     -4.611     0.4590    -0.6328 -9.990e-29
 162.880544     -4.615   0.745007    15.5790    -1.8273     -4.577     0.4502    -0.6401 -9.990e-29
 162.880550     -4.584   0.731259    15.5802    -1.8272     -4.546     0.4415    -0.6469 -9.990e-29
 162.880556     -4.553   0.723861    15.5788    -1.8275     -4.515     0.4369    -0.6503 -9.990e-29
 162.880561     -4.518   0.724587    15.5747    -1.8279     -4.480     0.4374    -0.6492 -9.990e-29
 162.880567     -4.487   0.727755    15.5696    -1.8281     -4.450     0.4395    -0.6468 -9.990e-29
 162.880573     -4.461   0.727062    15.5651    -1.8284     -4.424     0.4391    -0.6464 -9.990e-29
 162.880579     -4.439   0.721586    15.5620    -1.8291     -4.402     0.4357    -0.6486 -9.990e-29
 162.880584     -4.420   0.714554    15.5609    -1.8298     -4.383     0.4313    -0.6518 -9.990e-29
 162.880590     -4.402   0.709340    15.5614    -1.8307     -4.365     0.4280    -0.6544 -9.990e-29
 162.880596     -4.384   0.706195    15.5625    -1.8319     -4.347     0.4260    -0.6561 -9.990e-29
 162.880602     -4.365   0.704806    15.5618    -1.8321     -4.329     0.4252    -0.6566 -9.990e-29
 162.880608     -4.344   0.705538    15.5577    -1.8327     -4.308     0.4257    -0.6556 -9.990e-29
 162.880613     -4.320   0.705491    15.5514    -1.8334     -4.284     0.4257    -0.6546 -9.990e-29
 162.880619     -4.290   0.701832    15.5440    -1.8338     -4.254     0.4235    -0.6551 -9.990e-29
 162.880625     -4.258   0.696886    15.5340    -1.8348     -4.223     0.4205    -0.6558 -9.990e-29
 162.880631     -4.230   0.692925    15.5203    -1.8352     -4.195     0.4182    -0.6555 -9.990e-29
 162.880637     -4.208   0.687994    15.5032    -1.8355     -4.173     0.4153    -0.6550 -9.990e-29
 162.880642     -4.191   0.679955    15.4834    -1.8358     -4.156     0.4104    -0.6556 -9.990e-29
 162.880648     -4.178   0.669173    15.4638    -1.8365     -4.143     0.4039    -0.6576 -9.990e-29
 162.880654     -4.168   0.657342    15.4471    -1.8374     -4.133     0.3967    -0.6606 -9.990e-29
 162.880660     -4.157   0.648087    15.4315    -1.8382     -4.122     0.3910    -0.6625 -9.990e-29
 162.880666     -4.138   0.645138    15.4154    -1.8390     -4.104     0.3893    -0.6613 -9.990e-29
 162.880671     -4.116   0.646778    15.3987    -1.8396     -4.082     0.3905    -0.6577 -9.990e-29
 162.880677     -4.093   0.648547    15.3823    -1.8403     -4.059     0.3918    -0.6542 -9.990e-29
 162.880683     -4.067   0.648925    15.3693    -1.8408     -4.033     0.3922    -0.6519 -9.990e-29
 162.880689     -4.037   0.647309    15.3590    -1.8413     -4.003     0.3912    -0.6510 -9.990e-29
 162.880694     -4.006   0.643763    15.3472    -1.8414     -3.973     0.3891    -0.6508 -9.990e-29
 162.880700     -3.975   0.640210    15.3314    -1.8413     -3.942     0.3871    -0.6499 -9.990e-29
 162.880706     -3.943   0.638007    15.3126    -1.8407     -3.910     0.3859    -0.6479 -9.990e-29
 162.880712     -3.912   0.635882    15.2930    -1.8405     -3.879     0.3847    -0.6458 -9.990e-29
 162.880718     -3.885   0.631556    15.2744    -1.8398     -3.853     0.3822    -0.6448 -9.990e-29
 162.880723     -3.859   0.625358    15.2576    -1.8394     -3.827     0.3785    -0.6451 -9.990e-29
 162.880729     -3.833   0.618999    15.2423    -1.8390     -3.801     0.3746    -0.6457 -9.990e-29
 162.880735     -3.805   0.613976    15.2298    -1.8387     -3.773     0.3716    -0.6461 -9.990e-29
 162.880741     -3.774   0.611348    15.2217    -1.8383     -3.743     0.3700    -0.6461 -9.990e-29
 162.880747     -3.742   0.609829    15.2189    -1.8383     -3.711     0.3691    -0.6464 -9.990e-29
 162.880752     -3.715   0.607397    15.2221    -1.8381     -3.684     0.3675    -0.6481 -9.990e-29
 162.880758     -3.692   0.604687    15.2300    -1.8378     -3.661     0.3658    -0.6507 -9.990e-29
 162.880764     -3.666   0.603629    15.2405    -1.8374     -3.635     0.3650    -0.6529 -9.990e-29
 162.880770     -3.641   0.604475    15.2529    -1.8374     -3.611     0.3654    -0.6545 -9.990e-29
 162.880775     -3.619   0.605030    15.2653    -1.8371     -3.589     0.3657    -0.6562 -9.990e-29
 162.880781     -3.599   0.603262    15.2760    -1.8366     -3.569     0.3645    -0.6588 -9.990e-29
 162.880787     -3.579   0.600141    15.2854    -1.8362     -3.549     0.3624    -0.6618 -9.990e-29
 162.880793     -3.559   0.597048    15.2937    -1.8360     -3.529     0.3604    -0.6646 -9.990e-29
 162.880799     -3.537   0.593738    15.3006    -1.8358     -3.508     0.3583    -0.6674 -9.990e-29
 162.880804     -3.511   0.589677    15.3074    -1.8360     -3.482     0.3557    -0.6704 -9.990e-29
 162.880810     -3.479   0.584993    15.3150    -1.8366     -3.450     0.3527    -0.6739 -9.990e-29
 162.880816     -3.445   0.581201    15.3219    -1.8373     -3.416     0.3503    -0.6769 -9.990e-29
 162.880822     -3.415   0.579892    15.3284    -1.8375     -3.387     0.3494    -0.6785 -9.990e-29
 162.880828     -3.391   0.579323    15.3365    -1.8374     -3.363     0.3490    -0.6801 -9.990e-29
 162.880833     -3.371   0.576522    15.3459    -1.8373     -3.343     0.3472    -0.6830 -9.990e-29
 162.880839     -3.355   0.573294    15.3541    -1.8375     -3.327     0.3451    -0.6859 -9.990e-29
 162.880845     -3.340   0.573647    15.3597    -1.8377     -3.312     0.3453    -0.6866 -9.990e-29
 162.880851     -3.327   0.576392    15.3616    -1.8377     -3.299     0.3470    -0.6856 -9.990e-29
 162.880856     -3.314   0.576324    15.3578    -1.8374     -3.286     0.3470    -0.6850 -9.990e-29
 162.880862     -3.301   0.571691    15.3484    -1.8375     -3.273     0.3442    -0.6857 -9.990e-29
 162.880868     -3.286   0.565736    15.3379    -1.8377     -3.259     0.3406    -0.6869 -9.990e-29
 162.880874     -3.269   0.562157    15.3315    -1.8381     -3.242     0.3384    -0.6876 -9.990e-29
 162.880880     -3.249   0.561723    15.3301    -1.8385     -3.222     0.3381    -0.6875 -9.990e-29
 162.880885     -3.224   0.561640    15.3302    -1.8389     -3.197     0.3381    -0.6876 -9.990e-29
 162.880891     -3.194   0.559027    15.3291    -1.8389     -3.167     0.3365    -0.6887 -9.990e-29
 162.880897     -3.159   0.554835    15.3277    -1.8387     -3.133     0.3339    -0.6905 -9.990e-29
 162.880903     -3.127   0.551233    15.3280    -1.8388     -3.101     0.3316    -0.6922 -9.990e-29
 162.880909     -3.099   0.548406    15.3293    -1.8387     -3.073     0.3299    -0.6938 -9.990e-29
 162.880914     -3.075   0.545909    15.3284    -1.8385     -3.049     0.3283    -0.6949 -9.990e-29
 162.880920     -3.052   0.543183    15.3237    -1.8382     -3.027     0.3267    -0.6954 -9.990e-29
 162.880926     -3.029   0.539919    15.3163    -1.8380     -3.004     0.3247    -0.6958 -9.990e-29
 162.880932     -3.005   0.536754    15.3084    -1.8378     -2.980     0.3228    -0.6960 -9.990e-29
 162.880937     -2.978   0.534456    15.3024    -1.8380     -2.953     0.3214    -0.6962 -9.990e-29
 162.880943     -2.950   0.533839    15.3001    -1.8381     -2.925     0.3211    -0.6961 -9.990e-29
 162.880949     -2.929   0.534636    15.3010    -1.8381     -2.905     0.3215    -0.6958 -9.990e-29
 162.880955     -2.913   0.534585    15.3031    -1.8377     -2.889     0.3215    -0.6962 -9.990e-29
 162.880961     -2.897   0.532512    15.3062    -1.8372     -2.873     0.3202    -0.6977 -9.990e-29
 162.880966     -2.883   0.529531    15.3101    -1.8369     -2.859     0.3183    -0.6998 -9.990e-29
 162.880972     -2.876   0.527211    15.3146    -1.8365     -2.852     0.3168    -0.7016 -9.990e-29
 162.880978     -2.871   0.526892    15.3190    -1.8365     -2.847     0.3166    -0.7025 -9.990e-29
 162.880984     -2.862   0.528149    15.3221    -1.8366     -2.838     0.3174    -0.7024 -9.990e-29
 162.880990     -2.851   0.528227    15.3233    -1.8365     -2.827     0.3174    -0.7025 -9.990e-29
 162.880995     -2.835   0.525568    15.3242    -1.8367     -2.811     0.3157    -0.7039 -9.990e-29
 162.881001     -2.818   0.521614    15.3273    -1.8370     -2.795     0.3133    -0.7063 -9.990e-29
 162.881007     -2.803   0.518299    15.3343    -1.8377     -2.780     0.3112    -0.7090 -9.990e-29
 162.881013     -2.790   0.516742    15.3434    -1.8386     -2.767     0.3101    -0.7113 -9.990e-29
 162.881019     -2.777   0.517084    15.3520    -1.8392     -2.754     0.3103    -0.7125 -9.990e-29
 162.881024     -2.764   0.518121    15.3578    -1.8398     -2.741     0.3109    -0.7129 -9.990e-29
 162.881030     -2.749   0.519018    15.3601    -1.8403     -2.726     0.3114    -0.7129 -9.990e-29
 162.881036     -2.733   0.520419    15.3607    -1.8408     -2.710     0.3123    -0.7123 -9.990e-29
 162.881042     -2.713   0.521979    15.3597    -1.8411     -2.690     0.3133    -0.7114 -9.990e-29
 162.881047     -2.694   0.521899    15.3547    -1.8412     -2.672     0.3132    -0.7106 -9.990e-29
 162.881053     -2.677   0.520071    15.3444    -1.8413     -2.655     0.3122    -0.7098 -9.990e-29
 162.881059     -2.658   0.518492    15.3292    -1.8417     -2.636     0.3113    -0.7081 -9.990e-29
 162.881065     -2.635   0.518382    15.3114    -1.8422     -2.613     0.3114    -0.7053 -9.990e-29
 162.881071     -2.616   0.519596    15.2941    -1.8427     -2.594     0.3123    -0.7019 -9.990e-29
 162.881076     -2.603   0.521538    15.2785    -1.8431     -2.581     0.3136    -0.6985 -9.990e-29
 162.881082     -2.596   0.522919    15.2644    -1.8432     -2.574     0.3146    -0.6956 -9.990e-29
 162.881088     -2.590   0.523365    15.2529    -1.8436     -2.568     0.3149    -0.6935 -9.990e-29
 162.881094     -2.576   0.524026    15.2453    -1.8445     -2.555     0.3154    -0.6920 -9.990e-29
 162.881100     -2.554   0.525227    15.2403    -1.8448     -2.533     0.3162    -0.6906 -9.990e-29
 162.881105     -2.529   0.525246    15.2349    -1.8451     -2.508     0.3162    -0.6897 -9.990e-29
 162.881111     -2.506   0.522448    15.2269    -1.8455     -2.485     0.3146    -0.6898 -9.990e-29
 162.881117     -2.482   0.518089    15.2167    -1.8456     -2.461     0.3119    -0.6903 -9.990e-29
 162.881123     -2.456   0.514117    15.2065    -1.8465     -2.436     0.3095    -0.6905 -9.990e-29
 162.881128     -2.431   0.510220    15.1976    -1.8475     -2.411     0.3072    -0.6910 -9.990e-29
 162.881134     -2.413   0.505636    15.1889    -1.8480     -2.393     0.3044    -0.6918 -9.990e-29
 162.881140     -2.402   0.500905    15.1779    -1.8482     -2.382     0.3016    -0.6923 -9.990e-29
 162.881146     -2.389   0.496921    15.1649    -1.8485     -2.369     0.2992    -0.6921 -9.990e-29
 162.881152     -2.371   0.493913    15.1529    -1.8486     -2.351     0.2974    -0.6917 -9.990e-29
 162.881157     -2.357   0.492305    15.1425    -1.8487     -2.337     0.2965    -0.6908 -9.990e-29
 162.881163     -2.347   0.492540    15.1325    -1.8487     -2.327     0.2967    -0.6891 -9.990e-29
 162.881169     -2.334   0.493823    15.1207    -1.8483     -2.315     0.2976    -0.6866 -9.990e-29
 162.881175     -2.318   0.494910    15.1051    -1.8481     -2.299     0.2984    -0.6836 -9.990e-29
 162.881181     -2.299   0.494481    15.0883    -1.8482     -2.280     0.2982    -0.6812 -9.990e-29
 162.881186     -2.279   0.491779    15.0751    -1.8485     -2.260     0.2966    -0.6804 -9.990e-29
 162.881192     -2.261   0.488186    15.0663    -1.8490     -2.242     0.2945    -0.6807 -9.990e-29
 162.881198     -2.244   0.485563    15.0606    -1.8494     -2.225     0.2929    -0.6811 -9.990e-29
 162.881204     -2.227   0.483736    15.0574    -1.8497     -2.208     0.2918    -0.6815 -9.990e-29
 162.881209     -2.209   0.481375    15.0566    -1.8502     -2.191     0.2903    -0.6825 -9.990e-29
 162.881215     -2.189   0.478105    15.0584    -1.8507     -2.171     0.2883    -0.6843 -9.990e-29
 162.881221     -2.169   0.474550    15.0623    -1.8513     -2.151     0.2860    -0.6866 -9.990e-29
 162.881227     -2.154   0.471513    15.0650    -1.8525     -2.136     0.2841    -0.6885 -9.990e-29
 162.881233     -2.141   0.469929    15.0632    -1.8535     -2.123     0.2832    -0.6890 -9.990e-29
 162.881238     -2.130   0.469903    15.0567    -1.8539     -2.112     0.2832    -0.6880 -9.990e-29
 162.881244     -2.117   0.470290    15.0473    -1.8541     -2.099     0.2835    -0.6863 -9.990e-29
 162.881250     -2.099   0.469945    15.0373    -1.8544     -2.081     0.2834    -0.6849 -9.990e-29
 162.881256     -2.085   0.468408    15.0269    -1.8547     -2.068     0.2825    -0.6840 -9.990e-29
 162.881262     -2.074   0.466400    15.0149    -1.8549     -2.057     0.2813    -0.6831 -9.990e-29
 162.881267     -2.061   0.465677    15.0004    -1.8553     -2.044     0.2810    -0.6812 -9.990e-29
 162.881273     -2.049   0.466937    14.9818    -1.8563     -2.032     0.2819    -0.6776 -9.990e-29
 162.881279     -2.042   0.468533    14.9599    -1.8571     -2.025     0.2830    -0.6735 -9.990e-29
 162.881285     -2.039   0.468162    14.9400    -1.8574     -2.022     0.2829    -0.6705 -9.990e-29
 162.881291     -2.041   0.465328    14.9259    -1.8582     -2.024     0.2812    -0.6697 -9.990e-29
 162.881296     -2.042   0.461794    14.9162    -1.8587     -2.025     0.2791    -0.6699 -9.990e-29
 162.881302     -2.035   0.459497    14.9081    -1.8590     -2.018     0.2777    -0.6697 -9.990e-29
 162.881308     -2.019   0.458698    14.9004    -1.8588     -2.002     0.2773    -0.6689 -9.990e-29
 162.881314     -2.001   0.458331    14.8918    -1.8591     -1.984     0.2771    -0.6678 -9.990e-29
 162.881319     -1.985   0.457355    14.8792    -1.8598     -1.968     0.2766    -0.6663 -9.990e-29
 162.881325     -1.970   0.455575    14.8623    -1.8604     -1.954     0.2756    -0.6645 -9.990e-29
 162.881331     -1.954   0.453389    14.8453    -1.8611     -1.938     0.2744    -0.6629 -9.990e-29
 162.881337     -1.938   0.451207    14.8304    -1.8620     -1.922     0.2731    -0.6617 -9.990e-29
 162.881343     -1.918   0.449444    14.8163    -1.8625     -1.902     0.2721    -0.6603 -9.990e-29
 162.881348     -1.900   0.448519    14.8045    -1.8627     -1.884     0.2716    -0.6590 -9.990e-29
 162.881354     -1.885   0.448306    14.7974    -1.8626     -1.869     0.2715    -0.6580 -9.990e-29
 162.881360     -1.874   0.447966    14.7926    -1.8627     -1.858     0.2713    -0.6574 -9.990e-29
