data/oxygen options/OCNMS/OCNMS1/raw_data/2018/CAST_CA042_180825faedb.cnv
* Sea-Bird SBE19 Data File:
* FileName = C:\2018 Mooring Data\Casts\CAST_CA042_180825.hex
* Software Version 1.59
* Temperature SN = 2997
* Conductivity SN = 2997
* System UpLoad Time = Aug 25 2018 21:37:45
** CAST_CA042_180825
* ds
# nquan = 9
# nvalues = 43                          
# units = specified
# name 0 = timeJ: Julian Days
# name 1 = prSM: Pressure, Strain Gauge [db]
# name 2 = c0mS/cm: Conductivity [mS/cm]
# name 3 = t090C: Temperature [ITS-90, deg C]
# name 4 = sbeox0ML/L: Oxygen, SBE 43 [ml/l]
# name 5 = depSM: Depth [salt water, m], lat = 47.5
# name 6 = sal00: Salinity, Practical [PSU]
# name 7 = sigma-é00: Density [sigma-theta, kg/m^3]
# name 8 = flag: flag
# span 0 = 237.844417, 237.845090       
# span 1 =      2.000,     44.000       
# span 2 =  35.010797,  37.449300       
# span 3 =     8.4147,    11.9781       
# span 4 =     3.3489,     6.3130       
# span 5 =      1.983,     43.628       
# span 6 =    32.4718,    33.4647       
# span 7 =    24.6837,    26.0000       
# span 8 = 0.0000e+00, 0.0000e+00       
# interval = decibars: 1                
# start_time = Aug 25 2018 20:10:39 [Instrument's time stamp, header]
# bad_flag = -9.990e-29
*END*
 237.844417      2.000  37.449300    11.9781     6.3130      1.983    32.5407    24.6837 0.0000e+00
 237.844438      3.000  37.252735    11.7155     6.2891      2.975    32.5795    24.7623 0.0000e+00
 237.844455      4.000  36.845576    11.3849     6.1268      3.967    32.4718    24.7387 0.0000e+00
 237.844470      5.000  36.628547    11.0288     6.0694      4.958    32.5723    24.8805 0.0000e+00
 237.844484      6.000  36.330902    10.6227     6.2152      5.950    32.6377    25.0025 0.0000e+00
 237.844497      7.000  35.877932    10.0384     6.2050      6.941    32.7072    25.1555 0.0000e+00
 237.844509      8.000  35.418826     9.5484     6.1909      7.933    32.6835    25.2174 0.0000e+00
 237.844522      9.000  35.169992     9.4074     6.1780      8.925    32.5562    25.1409 0.0000e+00
 237.844537     10.000  35.125298     9.2935     6.1634      9.916    32.6135    25.2038 0.0000e+00
 237.844552     11.000  35.041506     9.2029     6.0978     10.908    32.6094    25.2149 0.0000e+00
 237.844568     12.000  35.029472     9.1845     5.9056     11.900    32.6133    25.2210 0.0000e+00
 237.844583     13.000  35.019320     9.1438     5.7495     12.891    32.6395    25.2478 0.0000e+00
 237.844599     14.000  35.010797     9.1222     5.4333     13.883    32.6501    25.2595 0.0000e+00
 237.844615     15.000  35.020212     9.1184     5.2155     14.874    32.6629    25.2702 0.0000e+00
 237.844632     16.000  35.084183     9.1438     4.9165     15.866    32.7054    25.2995 0.0000e+00
 237.844649     17.000  35.129056     9.1709     4.3921     16.857    32.7266    25.3118 0.0000e+00
 237.844665     18.000  35.223222     9.2267     4.2405     17.849    32.7722    25.3387 0.0000e+00
 237.844680     19.000  35.315051     9.2716     4.0808     18.841    32.8254    25.3732 0.0000e+00
 237.844697     20.000  35.383404     9.3226     4.0288     19.832    32.8487    25.3833 0.0000e+00
 237.844713     21.000  35.441260     9.3492     4.0809     20.824    32.8834    25.4062 0.0000e+00
 237.844729     22.000  35.457038     9.3432     4.2238     21.815    32.9047    25.4238 0.0000e+00
 237.844744     23.000  35.465396     9.3281     4.3710     22.807    32.9268    25.4436 0.0000e+00
 237.844759     24.000  35.572094     9.3603     4.3332     23.798    33.0068    25.5009 0.0000e+00
 237.844774     25.000  35.762662     9.3889     4.2247     24.790    33.1764    25.6289 0.0000e+00
 237.844789     26.000  35.804056     9.3704     4.1590     25.782    33.2358    25.6784 0.0000e+00
 237.844803     27.000  35.842971     9.3724     4.1230     26.773    33.2736    25.7077 0.0000e+00
 237.844818     28.000  35.861052     9.3693     3.9229     27.764    33.2948    25.7247 0.0000e+00
 237.844834     29.000  35.859161     9.3433     3.5665     28.756    33.3166    25.7460 0.0000e+00
 237.844850     30.000  35.787954     9.1716     3.3489     29.748    33.4029    25.8409 0.0000e+00
 237.844866     31.000  35.510426     8.8187     3.3535     30.739    33.4449    25.9293 0.0000e+00
 237.844881     32.000  35.330209     8.6139     3.3988     31.731    33.4490    25.9642 0.0000e+00
 237.844899     33.000  35.294621     8.5745     3.4200     32.722    33.4483    25.9698 0.0000e+00
 237.844915     34.000  35.260682     8.5327     3.4372     33.713    33.4517    25.9787 0.0000e+00
 237.844931     35.000  35.235376     8.5057     3.4337     34.705    33.4502    25.9817 0.0000e+00
 237.844947     36.000  35.228504     8.4954     3.4304     35.697    33.4522    25.9849 0.0000e+00
 237.844963     37.000  35.209467     8.4606     3.4251     36.688    33.4647    26.0000 0.0000e+00
 237.844979     38.000  35.175449     8.4353     3.4383     37.679    33.4523    25.9940 0.0000e+00
 237.844995     39.000  35.171184     8.4274     3.4277     38.671    33.4548    25.9972 0.0000e+00
 237.845011     40.000  35.168700     8.4232     3.4237     39.662    33.4557    25.9986 0.0000e+00
 237.845028     41.000  35.165448     8.4224     3.4279     40.654    33.4525    25.9963 0.0000e+00
 237.845046     42.000  35.160546     8.4172     3.4199     41.645    33.4518    25.9965 0.0000e+00
 237.845066     43.000  35.158996     8.4178     3.4037     42.637    33.4492    25.9944 0.0000e+00
 237.845090     44.000  35.159056     8.4147     3.3980     43.628    33.4517    25.9968 0.0000e+00
