data/oxygen options/OCNMS/OCNMS1/raw_data/2018/CAST_CE015_180913faed.cnv
* Sea-Bird SBE 19 Data File:
* FileName = C:\2018 Mooring Data\Casts\CAST_CE015_180913.hex
* Software Version SeatermAF 2.1.2
* Temperature SN = 2997
* Conductivity SN = 2997
* System UpLoad Time = Sep 13 2018 20:53:00 (localtime) = Sep 13 2018 20:53:00 (UTC)
** CAST_CE015_180913
* ds
# nquan = 9                                 
# nvalues = 989                         
# units = specified
# name 0 = timeJ: Julian Days
# name 1 = prSM: Pressure, Strain Gauge [db]
# name 2 = c0mS/cm: Conductivity [mS/cm]
# name 3 = t090C: Temperature [ITS-90, deg C]
# name 4 = sbeox0ML/L: Oxygen, SBE 43 [ml/l]
# name 5 = depSM: Depth [salt water, m], lat = 47.5
# name 6 = sal00: Salinity, Practical [PSU]
# name 7 = sigma-é00: Density [sigma-theta, kg/m^3]
# name 8 = flag: flag
# span 0 = 256.832477, 256.838194       
# span 1 =     -4.388,     16.286       
# span 2 =   0.535514,  38.097586       
# span 3 =    13.9585,    16.2312       
# span 4 =    -1.8278,    13.7500       
# span 5 =     -4.351,     16.149       
# span 6 =     0.3153,    31.3200       
# span 7 =    -0.8473,    23.3158       
# span 8 = 0.0000e+00, 0.0000e+00       
# interval = seconds: 0.5
# start_time = Sep 13 2018 19:58:46 [Instrument's time stamp, header]
# bad_flag = -9.990e-29
*END*
[from data line 321]
 256.834334     -0.522   0.750293    16.0361    -1.8089     -0.518     0.4484    -0.7150 -9.990e-29
 256.834340     -0.519   0.757846    16.0387    -1.8089     -0.515     0.4531    -0.7119 -9.990e-29
 256.834346     -0.513   0.764640    16.0420    -1.8088     -0.509     0.4573    -0.7092 -9.990e-29
 256.834352     -0.505   0.769204    16.0464    -1.8089     -0.501     0.4601    -0.7078 -9.990e-29
 256.834358     -0.502   0.771526    16.0516    -1.8086     -0.498     0.4614    -0.7075 -9.990e-29
 256.834363     -0.503   0.773591    16.0569    -1.8084     -0.499     0.4627    -0.7075 -9.990e-29
 256.834369     -0.501   0.777599    16.0622    -1.8082     -0.497     0.4651    -0.7065 -9.990e-29
 256.834375     -0.495   0.782241    16.0674    -1.8079     -0.491     0.4679    -0.7051 -9.990e-29
 256.834381     -0.489   0.783734    16.0721    -1.8077     -0.485     0.4688    -0.7052 -9.990e-29
 256.834387     -0.479   0.781848    16.0756    -1.8075     -0.475     0.4676    -0.7067 -9.990e-29
 256.834392     -0.464   0.779610    16.0782    -1.8076     -0.460     0.4662    -0.7083 -9.990e-29
 256.834398     -0.451   0.777360    16.0806    -1.8078     -0.447     0.4647    -0.7098 -9.990e-29
 256.834404     -0.439   0.773205    16.0835    -1.8079     -0.435     0.4621    -0.7123 -9.990e-29
 256.834410     -0.424   0.768254    16.0873    -1.8077     -0.420     0.4590    -0.7153 -9.990e-29
 256.834416     -0.410   0.766433    16.0924    -1.8076     -0.407     0.4578    -0.7170 -9.990e-29
 256.834421     -0.398   0.769190    16.0984    -1.8076     -0.395     0.4595    -0.7168 -9.990e-29
 256.834427     -0.389   0.772998    16.1050    -1.8076     -0.386     0.4617    -0.7161 -9.990e-29
 256.834433     -0.382   0.772955    16.1110    -1.8077     -0.379     0.4617    -0.7171 -9.990e-29
 256.834439     -0.377   0.768450    16.1147    -1.8077     -0.374     0.4588    -0.7199 -9.990e-29
 256.834444     -0.373   0.762896    16.1148    -1.8077     -0.370     0.4554    -0.7226 -9.990e-29
 256.834450     -0.369   0.758861    16.1131    -1.8076     -0.366     0.4529    -0.7242 -9.990e-29
 256.834456     -0.367   0.756504    16.1127    -1.8076     -0.364     0.4514    -0.7253 -9.990e-29
 256.834462     -0.365   0.754900    16.1147    -1.8077     -0.362     0.4504    -0.7264 -9.990e-29
 256.834468     -0.363   0.753017    16.1173    -1.8076     -0.360     0.4492    -0.7277 -9.990e-29
 256.834473     -0.362   0.750559    16.1190    -1.8076     -0.359     0.4477    -0.7292 -9.990e-29
 256.834479     -0.361   0.747572    16.1196    -1.8075     -0.358     0.4458    -0.7307 -9.990e-29
 256.834485     -0.360   0.743950    16.1192    -1.8075     -0.357     0.4436    -0.7324 -9.990e-29
 256.834491     -0.360   0.740406    16.1185    -1.8074     -0.357     0.4414    -0.7340 -9.990e-29
 256.834497     -0.359   0.738306    16.1184    -1.8073     -0.356     0.4401    -0.7350 -9.990e-29
 256.834502     -0.359   0.738175    16.1188    -1.8075     -0.356     0.4400    -0.7351 -9.990e-29
 256.834508     -0.358   0.738731    16.1190    -1.8079     -0.355     0.4404    -0.7349 -9.990e-29
 256.834514     -0.358   0.738496    16.1191    -1.8082     -0.355     0.4402    -0.7350 -9.990e-29
 256.834520     -0.358   0.737708    16.1200    -1.8084     -0.355     0.4397    -0.7355 -9.990e-29
 256.834525     -0.358   0.736979    16.1216    -1.8085     -0.355     0.4393    -0.7361 -9.990e-29
 256.834531     -0.357   0.735892    16.1235    -1.8085     -0.354     0.4386    -0.7370 -9.990e-29
 256.834537     -0.357   0.734102    16.1253    -1.8086     -0.354     0.4375    -0.7382 -9.990e-29
 256.834543     -0.356   0.731993    16.1267    -1.8084     -0.353     0.4361    -0.7394 -9.990e-29
 256.834549     -0.356   0.729523    16.1263    -1.8086     -0.353     0.4346    -0.7405 -9.990e-29
 256.834554     -0.355   0.726168    16.1222    -1.8089     -0.352     0.4326    -0.7414 -9.990e-29
 256.834560     -0.354   0.722439    16.1150    -1.8095     -0.351     0.4304    -0.7419 -9.990e-29
 256.834566     -0.353   0.720565    16.1074    -1.8097     -0.350     0.4293    -0.7415 -9.990e-29
 256.834572     -0.352   0.722481    16.1021    -1.8097     -0.349     0.4305    -0.7397 -9.990e-29
 256.834578     -0.350   0.726308    16.0997    -1.8096     -0.347     0.4329    -0.7374 -9.990e-29
 256.834583     -0.348   0.727727    16.0990    -1.8097     -0.345     0.4338    -0.7366 -9.990e-29
 256.834589     -0.345   0.725490    16.0990    -1.8097     -0.342     0.4324    -0.7377 -9.990e-29
 256.834595     -0.342   0.721603    16.0983    -1.8098     -0.339     0.4300    -0.7394 -9.990e-29
 256.834601     -0.337   0.718271    16.0945    -1.8097     -0.334     0.4280    -0.7404 -9.990e-29
 256.834606     -0.335   0.716036    16.0871    -1.8098     -0.332     0.4267    -0.7402 -9.990e-29
 256.834612     -0.340   0.713206    16.0789    -1.8096     -0.337     0.4250    -0.7401 -9.990e-29
 256.834618     -0.349   0.708781    16.0732    -1.8095     -0.346     0.4224    -0.7412 -9.990e-29
 256.834624     -0.357   0.704062    16.0713    -1.8097     -0.354     0.4195    -0.7431 -9.990e-29
 256.834630     -0.364   0.700514    16.0716    -1.8097     -0.361     0.4173    -0.7449 -9.990e-29
 256.834635     -0.368   0.697840    16.0720    -1.8098     -0.365     0.4156    -0.7462 -9.990e-29
 256.834641     -0.364   0.694689    16.0717    -1.8099     -0.361     0.4137    -0.7477 -9.990e-29
 256.834647     -0.357   0.691293    16.0708    -1.8099     -0.354     0.4116    -0.7491 -9.990e-29
 256.834653     -0.349   0.689773    16.0702    -1.8099     -0.346     0.4107    -0.7498 -9.990e-29
 256.834659     -0.340   0.691426    16.0708    -1.8100     -0.337     0.4117    -0.7491 -9.990e-29
 256.834664     -0.330   0.694023    16.0729    -1.8100     -0.327     0.4133    -0.7482 -9.990e-29
 256.834670     -0.319   0.693822    16.0748    -1.8101     -0.316     0.4131    -0.7486 -9.990e-29
 256.834676     -0.305   0.690557    16.0749    -1.8103     -0.302     0.4111    -0.7502 -9.990e-29
 256.834682     -0.292   0.686521    16.0739    -1.8107     -0.290     0.4086    -0.7519 -9.990e-29
 256.834687     -0.283   0.682984    16.0727    -1.8109     -0.281     0.4064    -0.7534 -9.990e-29
 256.834693     -0.274   0.679660    16.0720    -1.8112     -0.272     0.4044    -0.7549 -9.990e-29
 256.834699     -0.264   0.675998    16.0717    -1.8113     -0.262     0.4022    -0.7566 -9.990e-29
 256.834705     -0.261   0.672100    16.0708    -1.8114     -0.259     0.3998    -0.7583 -9.990e-29
 256.834711     -0.264   0.668309    16.0693    -1.8115     -0.262     0.3974    -0.7598 -9.990e-29
 256.834716     -0.270   0.665109    16.0674    -1.8117     -0.268     0.3955    -0.7610 -9.990e-29
 256.834722     -0.279   0.662666    16.0642    -1.8120     -0.277     0.3940    -0.7616 -9.990e-29
 256.834728     -0.287   0.660494    16.0591    -1.8124     -0.285     0.3927    -0.7618 -9.990e-29
 256.834734     -0.290   0.657912    16.0526    -1.8128     -0.288     0.3912    -0.7619 -9.990e-29
 256.834740     -0.289   0.654803    16.0458    -1.8132     -0.287     0.3894    -0.7622 -9.990e-29
 256.834745     -0.284   0.652008    16.0399    -1.8136     -0.282     0.3877    -0.7625 -9.990e-29
 256.834751     -0.274   0.650233    16.0357    -1.8137     -0.272     0.3866    -0.7626 -9.990e-29
 256.834757     -0.259   0.649326    16.0327    -1.8138     -0.257     0.3861    -0.7626 -9.990e-29
 256.834763     -0.242   0.648632    16.0290    -1.8140     -0.240     0.3857    -0.7622 -9.990e-29
 256.834769     -0.230   0.647780    16.0235    -1.8141     -0.228     0.3852    -0.7617 -9.990e-29
 256.834774     -0.228   0.646741    16.0158    -1.8141     -0.226     0.3847    -0.7609 -9.990e-29
 256.834780     -0.234   0.645236    16.0061    -1.8142     -0.232     0.3838    -0.7600 -9.990e-29
 256.834786     -0.245   0.643475    15.9958    -1.8142     -0.243     0.3829    -0.7590 -9.990e-29
 256.834792     -0.254   0.642435    15.9860    -1.8144     -0.252     0.3823    -0.7579 -9.990e-29
 256.834797     -0.256   0.642391    15.9781    -1.8145     -0.254     0.3823    -0.7565 -9.990e-29
 256.834803     -0.251   0.642176    15.9726    -1.8147     -0.249     0.3823    -0.7557 -9.990e-29
 256.834809     -0.244   0.640948    15.9682    -1.8147     -0.242     0.3816    -0.7555 -9.990e-29
 256.834815     -0.238   0.639839    15.9644    -1.8146     -0.236     0.3809    -0.7554 -9.990e-29
 256.834821     -0.229   0.640693    15.9615    -1.8148     -0.227     0.3815    -0.7545 -9.990e-29
 256.834826     -0.215   0.643541    15.9592    -1.8151     -0.213     0.3832    -0.7528 -9.990e-29
 256.834832     -0.206   0.646639    15.9567    -1.8153     -0.204     0.3852    -0.7509 -9.990e-29
 256.834838     -0.204   0.649131    15.9537    -1.8153     -0.202     0.3867    -0.7492 -9.990e-29
 256.834844     -0.206   0.652123    15.9503    -1.8155     -0.204     0.3886    -0.7472 -9.990e-29
 256.834850     -0.206   0.655725    15.9464    -1.8156     -0.204     0.3909    -0.7448 -9.990e-29
 256.834855     -0.205   0.658643    15.9426    -1.8155     -0.203     0.3927    -0.7428 -9.990e-29
 256.834861     -0.203   0.661444    15.9399    -1.8155     -0.201     0.3945    -0.7410 -9.990e-29
 256.834867     -0.200   0.664535    15.9379    -1.8160     -0.198     0.3964    -0.7392 -9.990e-29
 256.834873     -0.190   0.666496    15.9344    -1.8166     -0.188     0.3976    -0.7376 -9.990e-29
 256.834878     -0.175   0.667172    15.9294    -1.8171     -0.174     0.3981    -0.7365 -9.990e-29
 256.834884     -0.161   0.668571    15.9251    -1.8178     -0.160     0.3990    -0.7351 -9.990e-29
 256.834890     -0.151   0.671450    15.9220    -1.8183     -0.150     0.4008    -0.7332 -9.990e-29
 256.834896     -0.145   0.674105    15.9192    -1.8185     -0.144     0.4025    -0.7314 -9.990e-29
 256.834902     -0.143   0.675088    15.9172    -1.8187     -0.142     0.4031    -0.7306 -9.990e-29
 256.834907     -0.145   0.674049    15.9154    -1.8194     -0.144     0.4025    -0.7308 -9.990e-29
 256.834913     -0.150   0.671816    15.9109    -1.8202     -0.149     0.4011    -0.7311 -9.990e-29
 256.834919     -0.155   0.669845    15.9014    -1.8207     -0.154     0.4000    -0.7304 -9.990e-29
 256.834925     -0.156   0.668833    15.8878    -1.8211     -0.155     0.3995    -0.7286 -9.990e-29
 256.834931     -0.156   0.668539    15.8727    -1.8217     -0.155     0.3995    -0.7262 -9.990e-29
 256.834936     -0.157   0.668016    15.8577    -1.8226     -0.156     0.3993    -0.7239 -9.990e-29
 256.834942     -0.153   0.667119    15.8443    -1.8234     -0.152     0.3989    -0.7221 -9.990e-29
 256.834948     -0.149   0.667975    15.8328    -1.8237     -0.148     0.3995    -0.7197 -9.990e-29
 256.834954     -0.145   0.672834    15.8208    -1.8238     -0.144     0.4026    -0.7154 -9.990e-29
 256.834959     -0.135   0.680416    15.8059    -1.8241     -0.134     0.4075    -0.7092 -9.990e-29
 256.834965     -0.125   0.686422    15.7894    -1.8246     -0.124     0.4114    -0.7036 -9.990e-29
 256.834971     -0.117   0.688886    15.7734    -1.8248     -0.116     0.4131    -0.6997 -9.990e-29
 256.834977     -0.110   0.690540    15.7572    -1.8248     -0.109     0.4143    -0.6961 -9.990e-29
 256.834983     -0.105   0.694694    15.7391    -1.8249     -0.104     0.4170    -0.6911 -9.990e-29
 256.834988     -0.101   0.700794    15.7198    -1.8252     -0.100     0.4210    -0.6849 -9.990e-29
 256.834994     -0.098   0.705335    15.7024    -1.8255     -0.097     0.4240    -0.6798 -9.990e-29
 256.835000     -0.096   0.708275    15.6895    -1.8256     -0.095     0.4260    -0.6762 -9.990e-29
 256.835006     -0.094   0.712978    15.6799    -1.8257     -0.093     0.4290    -0.6724 -9.990e-29
 256.835012     -0.092   0.720173    15.6701    -1.8257     -0.091     0.4336    -0.6673 -9.990e-29
 256.835017     -0.091   0.728370    15.6593    -1.8262     -0.090     0.4389    -0.6615 -9.990e-29
 256.835023     -0.090   0.737970    15.6498    -1.8268     -0.089     0.4450    -0.6553 -9.990e-29
 256.835029     -0.089   0.751245    15.6427    -1.8269     -0.088     0.4533    -0.6477 -9.990e-29
 256.835035     -0.088   0.768161    15.6353    -1.8271     -0.087     0.4640    -0.6382 -9.990e-29
 256.835041     -0.086   0.786333    15.6262    -1.8273     -0.085     0.4755    -0.6279 -9.990e-29
 256.835046     -0.085   0.804498    15.6168    -1.8276     -0.084     0.4871    -0.6175 -9.990e-29
 256.835052     -0.084   0.823047    15.6088    -1.8278     -0.083     0.4988    -0.6071 -9.990e-29
 256.835058     -0.082   0.841772    15.6022    -1.8275     -0.081     0.5107    -0.5969 -9.990e-29
 256.835064     -0.080   0.858486    15.5950    -1.8264     -0.079     0.5214    -0.5875 -9.990e-29
 256.835069     -0.078   0.871643    15.5853    -1.5445     -0.077     0.5298    -0.5795 -9.990e-29
 256.835075     -0.075   0.881603    15.5752    -1.5466     -0.074     0.5362    -0.5729 -9.990e-29
 256.835081     -0.071   0.888902    15.5673    -1.5434     -0.070     0.5410    -0.5680 -9.990e-29
 256.835087     -0.066   0.897173    15.5609    -1.5539     -0.065     0.5463    -0.5629 -9.990e-29
 256.835093     -0.059   0.913010    15.5542    -1.5580     -0.059     0.5564    -0.5540 -9.990e-29
 256.835098     -0.051   0.948661    15.5468    -1.5531     -0.051     0.5792    -0.5353 -9.990e-29
 256.835104     -0.040   1.046674    15.5383    -1.5509     -0.040     0.6418    -0.4856 -9.990e-29
 256.835110     -0.027   1.340500    15.5230    -1.5497     -0.027     0.8315    -0.3368 -9.990e-29
 256.835116     -0.009   2.223016    15.4767    -1.5512     -0.009     1.4163     0.1212 -9.990e-29
 256.835122      0.013   4.859270    15.3667    -1.5541      0.013     3.2536     1.5514 -9.990e-29
 256.835127      0.042  12.713278    15.1963    -1.5558      0.042     9.1749     6.1178 -9.990e-29
 256.835133      0.075  24.531464    14.9977    -1.5544      0.074    18.8553    13.5657 -9.990e-29
 256.835139      0.110  32.604995    14.8158    -1.5523      0.109    25.9074    19.0123 -9.990e-29
 256.835145      0.157  35.486607    14.7163    -1.5502      0.156    28.5273    21.0468 -9.990e-29
 256.835150      0.220  36.429793    14.7069    -1.5495      0.218    29.3770    21.7026 -9.990e-29
 256.835156      0.281  36.721772    14.7228    -1.5497      0.279    29.6265    21.8914 -9.990e-29
 256.835162      0.332  36.905268    14.7189    -1.5518      0.329    29.7939    22.0211 -9.990e-29
 256.835168      0.375  37.051864    14.6835    -1.5532      0.372    29.9527    22.1506 -9.990e-29
 256.835174      0.413  37.129617    14.6320    -1.5515      0.410    30.0623    22.2457 -9.990e-29
 256.835179      0.444  37.143041    14.6035    -1.5513      0.440    30.0964    22.2779 -9.990e-29
 256.835185      0.466  37.125126    14.6149    -1.5502      0.462    30.0715    22.2563 -9.990e-29
 256.835191      0.485  37.113559    14.6509    -1.5516      0.481    30.0332    22.2194 -9.990e-29
 256.835197      0.507  37.139377    14.6870    -1.5532      0.503    30.0286    22.2083 -9.990e-29
 256.835203      0.531  37.194417    14.6993    -1.5518      0.527    30.0685    22.2365 -9.990e-29
 256.835208      0.557  37.248435    14.6760    -1.5507      0.552    30.1351    22.2926 -9.990e-29
 256.835214      0.576  37.292786    14.6311    -1.5496      0.571    30.2098    22.3595 -9.990e-29
 256.835220      0.591  37.330015    14.5987    -1.5497      0.586    30.2685    22.4114 -9.990e-29
 256.835226      0.606  37.357081    14.5943    -1.5498      0.601    30.2964    22.4338 -9.990e-29
 256.835231      0.622  37.384274    14.6032    -1.5499      0.617    30.3139    22.4455 -9.990e-29
 256.835237      0.641  37.417576    14.6047    -1.5515      0.636    30.3428    22.4674 -9.990e-29
 256.835243      0.658  37.443114    14.5886    -1.5517      0.653    30.3784    22.4981 -9.990e-29
 256.835249      0.672  37.453473    14.5702    -1.5504      0.666    30.4021    22.5202 -9.990e-29
