data/oxygen options/OCNMS/OCNMS1/raw_data/2018/CAST_TH015_180612faed.cnv
* Sea-Bird SBE19 Data File:
* FileName = C:\2018 Mooring Data\Casts\CAST_TH015_180612.hex
* Software Version 1.59
* Temperature SN = 2997
* Conductivity SN = 2997
* System UpLoad Time = Jun 12 2018 21:33:14
** CAST_TH015_180612
* ds
# nquan = 9                                 
# nvalues = 864                         
# units = specified
# name 0 = timeJ: Julian Days
# name 1 = prSM: Pressure, Strain Gauge [db]
# name 2 = c0mS/cm: Conductivity [mS/cm]
# name 3 = t090C: Temperature [ITS-90, deg C]
# name 4 = sbeox0ML/L: Oxygen, SBE 43 [ml/l]
# name 5 = depSM: Depth [salt water, m], lat = 47.5
# name 6 = sal00: Salinity, Practical [PSU]
# name 7 = sigma-é00: Density [sigma-theta, kg/m^3]
# name 8 = flag: flag
# span 0 = 163.890856, 163.895851       
# span 1 =     -5.136,     18.012       
# span 2 =   0.234650,  36.660733       
# span 3 =    11.3293,    16.9308       
# span 4 =    -1.8312,    13.4269       
# span 5 =     -5.093,     17.861       
# span 6 =     0.1355,    32.2063       
# span 7 =    -1.0179,    24.5428       
# span 8 = 0.0000e+00, 0.0000e+00       
# interval = seconds: 0.5
# start_time = Jun 12 2018 21:22:50 [Instrument's time stamp, header]
# bad_flag = -9.990e-29
*END*
[from data line 161]
 163.891788     -1.776   0.436259    16.8757    -1.7836     -1.761     0.2513    -1.0085 -9.990e-29
 163.891794     -1.758   0.435404    16.8793    -1.7838     -1.743     0.2508    -1.0095 -9.990e-29
 163.891800     -1.743   0.435452    16.8844    -1.7839     -1.728     0.2508    -1.0104 -9.990e-29
 163.891806     -1.730   0.435359    16.8889    -1.7841     -1.716     0.2507    -1.0112 -9.990e-29
 163.891811     -1.719   0.434998    16.8900    -1.7839     -1.705     0.2505    -1.0116 -9.990e-29
 163.891817     -1.709   0.434994    16.8853    -1.7838     -1.695     0.2505    -1.0107 -9.990e-29
 163.891823     -1.699   0.435343    16.8761    -1.7837     -1.685     0.2507    -1.0089 -9.990e-29
 163.891829     -1.689   0.435398    16.8656    -1.7833     -1.675     0.2508    -1.0070 -9.990e-29
 163.891834     -1.678   0.434680    16.8546    -1.7830     -1.664     0.2505    -1.0054 -9.990e-29
 163.891840     -1.665   0.433337    16.8444    -1.7826     -1.651     0.2497    -1.0042 -9.990e-29
 163.891846     -1.650   0.432349    16.8371    -1.7824     -1.636     0.2492    -1.0034 -9.990e-29
 163.891852     -1.631   0.432058    16.8330    -1.7824     -1.617     0.2491    -1.0028 -9.990e-29
 163.891858     -1.607   0.431523    16.8321    -1.7826     -1.594     0.2487    -1.0029 -9.990e-29
 163.891863     -1.581   0.430026    16.8342    -1.7823     -1.568     0.2479    -1.0039 -9.990e-29
 163.891869     -1.561   0.427787    16.8378    -1.7822     -1.548     0.2465    -1.0056 -9.990e-29
 163.891875     -1.548   0.425696    16.8432    -1.7817     -1.535     0.2452    -1.0075 -9.990e-29
 163.891881     -1.542   0.424288    16.8510    -1.7813     -1.529     0.2444    -1.0095 -9.990e-29
 163.891887     -1.539   0.423349    16.8600    -1.7809     -1.526     0.2438    -1.0115 -9.990e-29
 163.891892     -1.534   0.422732    16.8674    -1.7803     -1.521     0.2434    -1.0131 -9.990e-29
 163.891898     -1.532   0.423276    16.8712    -1.7803     -1.519     0.2437    -1.0135 -9.990e-29
 163.891904     -1.531   0.426814    16.8721    -1.7806     -1.518     0.2457    -1.0121 -9.990e-29
 163.891910     -1.523   0.432523    16.8733    -1.7808     -1.510     0.2491    -1.0097 -9.990e-29
 163.891916     -1.508   0.436931    16.8768    -1.7806     -1.495     0.2517    -1.0083 -9.990e-29
 163.891921     -1.493   0.439268    16.8830    -1.7802     -1.481     0.2530    -1.0084 -9.990e-29
 163.891927     -1.481   0.442093    16.8921    -1.7803     -1.469     0.2546    -1.0087 -9.990e-29
 163.891933     -1.473   0.446402    16.9034    -1.7805     -1.461     0.2571    -1.0088 -9.990e-29
 163.891939     -1.463   0.449632    16.9151    -1.7806     -1.451     0.2589    -1.0094 -9.990e-29
 163.891944     -1.451   0.449993    16.9245    -1.7809     -1.439     0.2591    -1.0109 -9.990e-29
 163.891950     -1.443   0.447965    16.9282    -1.7807     -1.431     0.2579    -1.0125 -9.990e-29
 163.891956     -1.441   0.444720    16.9270    -1.7805     -1.429     0.2560    -1.0137 -9.990e-29
 163.891962     -1.439   0.441471    16.9259    -1.7808     -1.427     0.2541    -1.0150 -9.990e-29
 163.891968     -1.437   0.438869    16.9280    -1.7811     -1.425     0.2525    -1.0166 -9.990e-29
 163.891973     -1.435   0.437324    16.9308    -1.7813     -1.423     0.2516    -1.0178 -9.990e-29
 163.891979     -1.433   0.436989    16.9305    -1.7816     -1.421     0.2514    -1.0179 -9.990e-29
 163.891985     -1.431   0.437418    16.9277    -1.7823     -1.419     0.2517    -1.0172 -9.990e-29
 163.891991     -1.429   0.438073    16.9242    -1.7834     -1.417     0.2521    -1.0162 -9.990e-29
 163.891997     -1.426   0.439272    16.9217    -1.7843     -1.414     0.2528    -1.0153 -9.990e-29
 163.892002     -1.423   0.441503    16.9214    -1.7855     -1.411     0.2541    -1.0142 -9.990e-29
 163.892008     -1.418   0.443864    16.9204    -1.7864     -1.406     0.2555    -1.0129 -9.990e-29
 163.892014     -1.413   0.445067    16.9157    -1.7870     -1.401     0.2562    -1.0115 -9.990e-29
 163.892020     -1.407   0.445609    16.9084    -1.7877     -1.395     0.2566    -1.0100 -9.990e-29
 163.892025     -1.398   0.446765    16.8994    -1.7888     -1.386     0.2573    -1.0079 -9.990e-29
 163.892031     -1.388   0.448966    16.8865    -1.7898     -1.376     0.2587    -1.0046 -9.990e-29
 163.892037     -1.374   0.451822    16.8670    -1.7911     -1.363     0.2605    -0.9998 -9.990e-29
 163.892043     -1.357   0.454709    16.8416    -1.7919     -1.346     0.2624    -0.9940 -9.990e-29
 163.892049     -1.339   0.457598    16.8133    -1.7922     -1.328     0.2643    -0.9877 -9.990e-29
 163.892054     -1.323   0.460460    16.7851    -1.7929     -1.312     0.2661    -0.9814 -9.990e-29
 163.892060     -1.304   0.463232    16.7596    -1.7936     -1.293     0.2680    -0.9756 -9.990e-29
 163.892066     -1.282   0.466840    16.7368    -1.7944     -1.271     0.2702    -0.9699 -9.990e-29
 163.892072     -1.262   0.471661    16.7134    -1.7947     -1.251     0.2733    -0.9636 -9.990e-29
 163.892078     -1.249   0.475812    16.6871    -1.7948     -1.239     0.2759    -0.9571 -9.990e-29
 163.892083     -1.241   0.477070    16.6585    -1.7953     -1.231     0.2768    -0.9514 -9.990e-29
 163.892089     -1.233   0.476003    16.6305    -1.7962     -1.223     0.2764    -0.9470 -9.990e-29
 163.892095     -1.221   0.475620    16.6070    -1.7972     -1.211     0.2763    -0.9431 -9.990e-29
 163.892101     -1.209   0.477623    16.5878    -1.7980     -1.199     0.2776    -0.9388 -9.990e-29
 163.892106     -1.199   0.481358    16.5695    -1.7989     -1.189     0.2800    -0.9339 -9.990e-29
 163.892112     -1.191   0.485156    16.5509    -1.8000     -1.181     0.2824    -0.9289 -9.990e-29
 163.892118     -1.185   0.487432    16.5344    -1.8009     -1.175     0.2838    -0.9250 -9.990e-29
 163.892124     -1.180   0.487894    16.5217    -1.8018     -1.170     0.2842    -0.9225 -9.990e-29
 163.892130     -1.175   0.487712    16.5101    -1.8030     -1.165     0.2842    -0.9206 -9.990e-29
 163.892135     -1.172   0.488859    16.4944    -1.8039     -1.162     0.2850    -0.9173 -9.990e-29
 163.892141     -1.169   0.491753    16.4733    -1.8048     -1.159     0.2868    -0.9123 -9.990e-29
 163.892147     -1.166   0.494158    16.4496    -1.8055     -1.156     0.2884    -0.9071 -9.990e-29
 163.892153     -1.162   0.494293    16.4250    -1.8064     -1.152     0.2887    -0.9028 -9.990e-29
 163.892159     -1.159   0.493445    16.3987    -1.8074     -1.149     0.2884    -0.8986 -9.990e-29
 163.892164     -1.155   0.494360    16.3713    -1.8081     -1.145     0.2891    -0.8935 -9.990e-29
 163.892170     -1.151   0.497702    16.3441    -1.8087     -1.141     0.2913    -0.8872 -9.990e-29
 163.892176     -1.146   0.501278    16.3165    -1.8094     -1.136     0.2936    -0.8808 -9.990e-29
 163.892182     -1.139   0.503207    16.2887    -1.8100     -1.129     0.2950    -0.8751 -9.990e-29
 163.892188     -1.131   0.503844    16.2623    -1.8107     -1.122     0.2956    -0.8703 -9.990e-29
 163.892193     -1.120   0.504592    16.2379    -1.8111     -1.111     0.2962    -0.8658 -9.990e-29
 163.892199     -1.111   0.506447    16.2146    -1.8116     -1.102     0.2975    -0.8609 -9.990e-29
 163.892205     -1.107   0.508556    16.1914    -1.8124     -1.098     0.2989    -0.8560 -9.990e-29
 163.892211     -1.104   0.508744    16.1686    -1.8129     -1.095     0.2992    -0.8520 -9.990e-29
 163.892216     -1.096   0.506707    16.1477    -1.8136     -1.087     0.2981    -0.8494 -9.990e-29
 163.892222     -1.085   0.504714    16.1287    -1.8142     -1.076     0.2970    -0.8471 -9.990e-29
 163.892228     -1.068   0.504540    16.1106    -1.8146     -1.059     0.2971    -0.8441 -9.990e-29
 163.892234     -1.049   0.505951    16.0933    -1.8150     -1.040     0.2980    -0.8405 -9.990e-29
 163.892240     -1.035   0.507502    16.0768    -1.8152     -1.026     0.2991    -0.8370 -9.990e-29
 163.892245     -1.030   0.507937    16.0610    -1.8155     -1.021     0.2995    -0.8341 -9.990e-29
 163.892251     -1.030   0.507834    16.0451    -1.8159     -1.021     0.2995    -0.8314 -9.990e-29
 163.892257     -1.025   0.508716    16.0284    -1.8162     -1.016     0.3002    -0.8282 -9.990e-29
 163.892263     -1.015   0.510651    16.0117    -1.8165     -1.007     0.3015    -0.8245 -9.990e-29
 163.892269     -1.005   0.512339    15.9957    -1.8166     -0.997     0.3026    -0.8210 -9.990e-29
 163.892274     -0.992   0.512891    15.9811    -1.8170     -0.984     0.3031    -0.8182 -9.990e-29
 163.892280     -0.982   0.512487    15.9688    -1.8172     -0.974     0.3029    -0.8164 -9.990e-29
 163.892286     -0.977   0.511328    15.9585    -1.8174     -0.969     0.3023    -0.8152 -9.990e-29
 163.892292     -0.978   0.509529    15.9500    -1.8176     -0.970     0.3012    -0.8146 -9.990e-29
 163.892297     -0.979   0.507648    15.9420    -1.8180     -0.971     0.3002    -0.8141 -9.990e-29
 163.892303     -0.977   0.505947    15.9336    -1.8184     -0.969     0.2992    -0.8135 -9.990e-29
 163.892309     -0.975   0.504374    15.9254    -1.8187     -0.967     0.2983    -0.8129 -9.990e-29
 163.892315     -0.975   0.503051    15.9182    -1.8193     -0.967     0.2975    -0.8123 -9.990e-29
 163.892321     -0.971   0.501875    15.9118    -1.8201     -0.963     0.2969    -0.8118 -9.990e-29
 163.892326     -0.963   0.500386    15.9056    -1.8206     -0.955     0.2960    -0.8114 -9.990e-29
 163.892332     -0.950   0.498816    15.8993    -1.8215     -0.942     0.2951    -0.8111 -9.990e-29
 163.892338     -0.937   0.497843    15.8930    -1.8224     -0.929     0.2945    -0.8105 -9.990e-29
 163.892344     -0.927   0.497278    15.8859    -1.8227     -0.919     0.2942    -0.8096 -9.990e-29
 163.892350     -0.918   0.496366    15.8770    -1.8230     -0.910     0.2937    -0.8085 -9.990e-29
 163.892355     -0.911   0.495002    15.8666    -1.8230     -0.903     0.2930    -0.8074 -9.990e-29
 163.892361     -0.905   0.494137    15.8543    -1.8229     -0.897     0.2925    -0.8058 -9.990e-29
 163.892367     -0.899   0.494280    15.8389    -1.8231     -0.891     0.2927    -0.8032 -9.990e-29
 163.892373     -0.894   0.494514    15.8214    -1.8229     -0.887     0.2930    -0.8001 -9.990e-29
 163.892378     -0.888   0.494042    15.8031    -1.8228     -0.881     0.2928    -0.7973 -9.990e-29
 163.892384     -0.882   0.493345    15.7841    -1.8229     -0.875     0.2926    -0.7945 -9.990e-29
 163.892390     -0.875   0.493157    15.7668    -1.8227     -0.868     0.2926    -0.7917 -9.990e-29
 163.892396     -0.867   0.493227    15.7550    -1.8227     -0.860     0.2927    -0.7897 -9.990e-29
 163.892402     -0.857   0.492541    15.7487    -1.8226     -0.850     0.2923    -0.7890 -9.990e-29
 163.892407     -0.845   0.490737    15.7461    -1.8226     -0.838     0.2912    -0.7894 -9.990e-29
 163.892413     -0.833   0.488737    15.7451    -1.8228     -0.826     0.2900    -0.7902 -9.990e-29
 163.892419     -0.826   0.487198    15.7452    -1.8228     -0.819     0.2891    -0.7909 -9.990e-29
 163.892425     -0.824   0.485731    15.7468    -1.8229     -0.817     0.2882    -0.7919 -9.990e-29
 163.892431     -0.825   0.484041    15.7487    -1.8230     -0.818     0.2871    -0.7930 -9.990e-29
 163.892436     -0.826   0.482093    15.7502    -1.8230     -0.819     0.2859    -0.7942 -9.990e-29
 163.892442     -0.822   0.480060    15.7521    -1.8230     -0.815     0.2847    -0.7954 -9.990e-29
 163.892448     -0.814   0.478555    15.7541    -1.8231     -0.807     0.2837    -0.7965 -9.990e-29
 163.892454     -0.805   0.477789    15.7550    -1.8235     -0.798     0.2833    -0.7970 -9.990e-29
 163.892459     -0.803   0.477294    15.7542    -1.8239     -0.796     0.2830    -0.7971 -9.990e-29
 163.892465     -0.808   0.476410    15.7522    -1.8242     -0.801     0.2824    -0.7972 -9.990e-29
 163.892471     -0.812   0.475067    15.7501    -1.8245     -0.805     0.2816    -0.7975 -9.990e-29
 163.892477     -0.810   0.474246    15.7483    -1.8251     -0.803     0.2812    -0.7976 -9.990e-29
 163.892483     -0.803   0.474514    15.7471    -1.8257     -0.796     0.2813    -0.7972 -9.990e-29
 163.892488     -0.790   0.475121    15.7464    -1.8259     -0.783     0.2817    -0.7968 -9.990e-29
 163.892494     -0.774   0.475217    15.7448    -1.8264     -0.768     0.2818    -0.7965 -9.990e-29
 163.892500     -0.764   0.474374    15.7404    -1.8265     -0.758     0.2813    -0.7962 -9.990e-29
 163.892506     -0.762   0.472578    15.7327    -1.8267     -0.756     0.2802    -0.7958 -9.990e-29
 163.892512     -0.765   0.470759    15.7235    -1.8268     -0.759     0.2792    -0.7951 -9.990e-29
 163.892517     -0.764   0.469814    15.7142    -1.8270     -0.758     0.2787    -0.7940 -9.990e-29
 163.892523     -0.754   0.469039    15.7042    -1.8269     -0.748     0.2783    -0.7927 -9.990e-29
 163.892529     -0.739   0.467400    15.6924    -1.8267     -0.733     0.2774    -0.7916 -9.990e-29
 163.892535     -0.728   0.465484    15.6803    -1.8264     -0.722     0.2763    -0.7905 -9.990e-29
 163.892541     -0.722   0.464061    15.6698    -1.8264     -0.716     0.2755    -0.7894 -9.990e-29
 163.892546     -0.719   0.462896    15.6614    -1.8264     -0.713     0.2748    -0.7886 -9.990e-29
 163.892552     -0.713   0.462098    15.6552    -1.8266     -0.707     0.2744    -0.7879 -9.990e-29
 163.892558     -0.704   0.462264    15.6507    -1.8270     -0.698     0.2745    -0.7871 -9.990e-29
 163.892564     -0.691   0.463064    15.6472    -1.8273     -0.685     0.2750    -0.7862 -9.990e-29
 163.892569     -0.678   0.463347    15.6455    -1.8274     -0.672     0.2752    -0.7858 -9.990e-29
 163.892575     -0.668   0.462937    15.6470    -1.8276     -0.662     0.2749    -0.7862 -9.990e-29
 163.892581     -0.661   0.462397    15.6512    -1.8280     -0.655     0.2746    -0.7871 -9.990e-29
 163.892587     -0.656   0.461561    15.6554    -1.8286     -0.651     0.2740    -0.7882 -9.990e-29
 163.892593     -0.653   0.459868    15.6574    -1.8292     -0.648     0.2730    -0.7894 -9.990e-29
 163.892598     -0.651   0.457280    15.6561    -1.8298     -0.646     0.2714    -0.7904 -9.990e-29
 163.892604     -0.651   0.454777    15.6514    -1.8304     -0.646     0.2699    -0.7908 -9.990e-29
 163.892610     -0.653   0.453455    15.6445    -1.8309     -0.648     0.2692    -0.7903 -9.990e-29
 163.892616     -0.656   0.453211    15.6378    -1.8312     -0.651     0.2691    -0.7893 -9.990e-29
 163.892622     -0.660   0.453169    15.6315    -1.8312     -0.654     0.2691    -0.7883 -9.990e-29
 163.892627     -0.667   0.452718    15.6236    -1.8310     -0.661     0.2689    -0.7872 -9.990e-29
 163.892633     -0.677   0.452365    15.6124    -1.8305     -0.671     0.2687    -0.7855 -9.990e-29
 163.892639     -0.685   0.452751    15.5986    -1.8301     -0.679     0.2690    -0.7831 -9.990e-29
 163.892645     -0.685   0.453281    15.5840    -1.8299     -0.679     0.2695    -0.7804 -9.990e-29
 163.892650     -0.675   0.452999    15.5693    -1.8295     -0.669     0.2694    -0.7782 -9.990e-29
 163.892656     -0.664   0.451530    15.5553    -1.8290     -0.658     0.2686    -0.7766 -9.990e-29
 163.892662     -0.655   0.449687    15.5440    -1.8286     -0.650     0.2675    -0.7756 -9.990e-29
 163.892668     -0.648   0.448890    15.5375    -1.8284     -0.643     0.2671    -0.7749 -9.990e-29
 163.892674     -0.643   0.449187    15.5368    -1.8283     -0.638     0.2673    -0.7747 -9.990e-29
 163.892679     -0.638   0.449311    15.5419    -1.8283     -0.633     0.2673    -0.7755 -9.990e-29
 163.892685     -0.634   0.448320    15.5505    -1.8280     -0.629     0.2666    -0.7773 -9.990e-29
 163.892691     -0.630   0.446554    15.5600    -1.8278     -0.625     0.2655    -0.7797 -9.990e-29
 163.892697     -0.627   0.444985    15.5694    -1.8280     -0.622     0.2645    -0.7820 -9.990e-29
 163.892703     -0.624   0.443736    15.5795    -1.8280     -0.619     0.2637    -0.7842 -9.990e-29
