data/oxygen options/OCNMS/OCNMS1/raw_data/2018/CAST_KL027_180709faedb.cnv
* Sea-Bird SBE19 Data File:
* FileName = C:\2018 Mooring Data\Casts\CAST_KL027_180709.hex
* Software Version 1.59
* Temperature SN = 2997
* Conductivity SN = 2997
* System UpLoad Time = Jul 09 2018 20:37:25
** CAST_KL027_180709
* ds
# nquan = 9
# nvalues = 27                          
# units = specified
# name 0 = timeJ: Julian Days
# name 1 = prSM: Pressure, Strain Gauge [db]
# name 2 = c0mS/cm: Conductivity [mS/cm]
# name 3 = t090C: Temperature [ITS-90, deg C]
# name 4 = sbeox0ML/L: Oxygen, SBE 43 [ml/l]
# name 5 = depSM: Depth [salt water, m], lat = 47.5
# name 6 = sal00: Salinity, Practical [PSU]
# name 7 = sigma-é00: Density [sigma-theta, kg/m^3]
# name 8 = flag: flag
# span 0 = 190.835092, 190.835664       
# span 1 =      1.000,     27.000       
# span 2 =  35.379875,  39.983807       
# span 3 =     8.6685,    14.9705       
# span 4 =     1.6403,     7.6122       
# span 5 =      0.992,     26.773       
# span 6 =    32.3629,    33.4602       
# span 7 =    23.9461,    25.9646       
# span 8 = 0.0000e+00, 0.0000e+00       
# interval = decibars: 1                
# start_time = Jul 09 2018 19:56:24 [Instrument's time stamp, header]
# bad_flag = -9.990e-29
*END*
 190.835092      1.000  39.983807    14.9705     7.6122      0.992    32.3629    23.9461 0.0000e+00
 190.835125      2.000  39.925438    14.8928     7.5375      1.983    32.3742    23.9714 0.0000e+00
 190.835155      3.000  39.848935    14.7821     7.4568      2.975    32.3966    24.0124 0.0000e+00
 190.835183      4.000  39.751032    14.6673     7.3835      3.967    32.4030    24.0417 0.0000e+00
 190.835210      5.000  39.657129    14.5418     7.2725      4.958    32.4219    24.0828 0.0000e+00
 190.835235      6.000  39.539898    14.3880     7.1692      5.950    32.4433    24.1317 0.0000e+00
 190.835254      7.000  39.426538    14.2213     7.1722      6.941    32.4790    24.1940 0.0000e+00
 190.835271      8.000  39.340578    14.1214     7.1693      7.933    32.4837    24.2184 0.0000e+00
 190.835288      9.000  39.286297    14.0667     7.0027      8.925    32.4795    24.2265 0.0000e+00
 190.835305     10.000  39.238958    13.9949     6.5516      9.916    32.4961    24.2541 0.0000e+00
 190.835322     11.000  39.143600    13.8558     5.7620     10.908    32.5252    24.3051 0.0000e+00
 190.835339     12.000  38.951729    13.5569     4.7554     11.899    32.6008    24.4242 0.0000e+00
 190.835357     13.000  38.570570    12.9932     4.0915     12.891    32.7267    24.6335 0.0000e+00
 190.835374     14.000  37.937007    12.1885     3.6426     13.883    32.8222    24.8624 0.0000e+00
 190.835391     15.000  37.460008    11.6599     2.9649     14.874    32.8255    24.9639 0.0000e+00
 190.835407     16.000  37.159802    11.1981     2.2496     15.866    32.9416    25.1379 0.0000e+00
 190.835424     17.000  36.706338    10.5732     1.9868     16.857    33.0530    25.3348 0.0000e+00
 190.835442     18.000  36.330641    10.1443     2.1284     17.849    33.0647    25.4172 0.0000e+00
 190.835459     19.000  36.058577     9.7135     2.1429     18.840    33.1827    25.5810 0.0000e+00
 190.835477     20.000  35.680596     9.2785     1.7636     19.832    33.1965    25.6624 0.0000e+00
 190.835494     21.000  35.556234     9.0481     1.7444     20.824    33.2818    25.7656 0.0000e+00
 190.835512     22.000  35.545538     8.9766     1.7917     21.815    33.3373    25.8203 0.0000e+00
 190.835533     23.000  35.483277     8.8845     1.7359     22.807    33.3583    25.8511 0.0000e+00
 190.835555     24.000  35.436802     8.7808     1.6716     23.798    33.4069    25.9053 0.0000e+00
 190.835577     25.000  35.399520     8.6996     1.6432     24.790    33.4439    25.9470 0.0000e+00
 190.835602     26.000  35.379875     8.6822     1.6403     25.781    33.4393    25.9460 0.0000e+00
 190.835664     27.000  35.387900     8.6685     1.6514     26.773    33.4602    25.9646 0.0000e+00
