data/oxygen options/OCNMS/OCNMS1/raw_data/2018/CAST_TH042_180914faed.cnv
* Sea-Bird SBE 19 Data File:
* FileName = C:\2018 Mooring Data\Casts\CAST_TH042_180914.hex
* Software Version SeatermAF 2.1.2
* Temperature SN = 2997
* Conductivity SN = 2997
* System UpLoad Time = Sep 14 2018 22:02:15 (localtime) = Sep 14 2018 22:02:15 (UTC)
** CAST_TH042_180914
* ds
# nquan = 9                                 
# nvalues = 1263                        
# units = specified
# name 0 = timeJ: Julian Days
# name 1 = prSM: Pressure, Strain Gauge [db]
# name 2 = c0mS/cm: Conductivity [mS/cm]
# name 3 = t090C: Temperature [ITS-90, deg C]
# name 4 = sbeox0ML/L: Oxygen, SBE 43 [ml/l]
# name 5 = depSM: Depth [salt water, m], lat = 47.5
# name 6 = sal00: Salinity, Practical [PSU]
# name 7 = sigma-é00: Density [sigma-theta, kg/m^3]
# name 8 = flag: flag
# span 0 = 257.849850, 257.857153       
# span 1 =     -4.374,     43.714       
# span 2 =   0.461407,  39.625596       
# span 3 =     8.8140,    15.6199       
# span 4 =   -12.7379,    15.3766       
# span 5 =     -4.338,     43.345       
# span 6 =     0.2745,    33.6258       
# span 7 =    -0.7746,    26.0696       
# span 8 = 0.0000e+00, 0.0000e+00       
# interval = seconds: 0.5
# start_time = Sep 14 2018 20:23:47 [Instrument's time stamp, header]
# bad_flag = -9.990e-29
*END*
[from data line 161]
 257.850781     -1.516   0.533809    15.4867    -1.8323     -1.503     0.3196    -0.7263 -9.990e-29
 257.850787     -1.500   0.535157    15.4859    -1.8326     -1.487     0.3204    -0.7256 -9.990e-29
 257.850793     -1.484   0.536059    15.4851    -1.8324     -1.472     0.3210    -0.7250 -9.990e-29
 257.850799     -1.471   0.537163    15.4859    -1.8321     -1.459     0.3217    -0.7246 -9.990e-29
 257.850804     -1.461   0.538833    15.4896    -1.8320     -1.449     0.3227    -0.7244 -9.990e-29
 257.850810     -1.452   0.540525    15.4944    -1.8319     -1.440     0.3237    -0.7244 -9.990e-29
 257.850816     -1.444   0.541723    15.4968    -1.8316     -1.432     0.3244    -0.7242 -9.990e-29
 257.850822     -1.437   0.542360    15.4955    -1.8314     -1.425     0.3248    -0.7237 -9.990e-29
 257.850828     -1.429   0.542732    15.4904    -1.8311     -1.417     0.3251    -0.7227 -9.990e-29
 257.850833     -1.422   0.543334    15.4832    -1.8312     -1.410     0.3255    -0.7212 -9.990e-29
 257.850839     -1.414   0.544412    15.4789    -1.8311     -1.402     0.3262    -0.7200 -9.990e-29
 257.850845     -1.404   0.545740    15.4797    -1.8310     -1.392     0.3270    -0.7195 -9.990e-29
 257.850851     -1.396   0.546873    15.4831    -1.8310     -1.384     0.3277    -0.7195 -9.990e-29
 257.850856     -1.395   0.547657    15.4867    -1.8310     -1.383     0.3281    -0.7197 -9.990e-29
 257.850862     -1.395   0.548581    15.4906    -1.8312     -1.383     0.3287    -0.7199 -9.990e-29
 257.850868     -1.393   0.550325    15.4954    -1.8312     -1.381     0.3297    -0.7199 -9.990e-29
 257.850874     -1.388   0.552995    15.5009    -1.8310     -1.376     0.3313    -0.7195 -9.990e-29
 257.850880     -1.380   0.556274    15.5052    -1.8312     -1.368     0.3333    -0.7186 -9.990e-29
 257.850885     -1.373   0.559545    15.5070    -1.8315     -1.362     0.3353    -0.7174 -9.990e-29
 257.850891     -1.371   0.562183    15.5080    -1.8312     -1.360     0.3369    -0.7163 -9.990e-29
 257.850897     -1.368   0.564379    15.5087    -1.8311     -1.357     0.3383    -0.7153 -9.990e-29
 257.850903     -1.366   0.566842    15.5081    -1.8310     -1.355     0.3398    -0.7141 -9.990e-29
 257.850909     -1.368   0.570086    15.5060    -1.8308     -1.357     0.3419    -0.7122 -9.990e-29
 257.850914     -1.370   0.574005    15.5036    -1.8309     -1.359     0.3443    -0.7099 -9.990e-29
 257.850920     -1.368   0.577726    15.5024    -1.8309     -1.357     0.3466    -0.7079 -9.990e-29
 257.850926     -1.361   0.580671    15.5019    -1.8309     -1.350     0.3484    -0.7064 -9.990e-29
 257.850932     -1.350   0.583440    15.4999    -1.8308     -1.339     0.3502    -0.7048 -9.990e-29
 257.850937     -1.334   0.586953    15.4982    -1.8305     -1.323     0.3524    -0.7028 -9.990e-29
 257.850943     -1.315   0.591460    15.4991    -1.8304     -1.304     0.3552    -0.7008 -9.990e-29
 257.850949     -1.301   0.596323    15.5012    -1.8300     -1.290     0.3582    -0.6988 -9.990e-29
 257.850955     -1.292   0.600822    15.5034    -1.8297     -1.281     0.3609    -0.6970 -9.990e-29
 257.850961     -1.283   0.604860    15.5053    -1.8294     -1.272     0.3634    -0.6954 -9.990e-29
 257.850966     -1.272   0.608278    15.5063    -1.8296     -1.261     0.3655    -0.6939 -9.990e-29
 257.850972     -1.259   0.610645    15.5067    -1.8294     -1.248     0.3670    -0.6928 -9.990e-29
 257.850978     -1.248   0.611792    15.5079    -1.8294     -1.238     0.3677    -0.6925 -9.990e-29
 257.850984     -1.238   0.612141    15.5108    -1.8296     -1.228     0.3679    -0.6928 -9.990e-29
 257.850990     -1.225   0.612709    15.5148    -1.8298     -1.215     0.3682    -0.6932 -9.990e-29
 257.850995     -1.210   0.614804    15.5193    -1.8301     -1.200     0.3695    -0.6929 -9.990e-29
 257.851001     -1.198   0.619557    15.5251    -1.8303     -1.188     0.3724    -0.6916 -9.990e-29
 257.851007     -1.189   0.626656    15.5318    -1.8301     -1.179     0.3767    -0.6893 -9.990e-29
 257.851013     -1.181   0.632824    15.5369    -1.8298     -1.171     0.3805    -0.6872 -9.990e-29
 257.851019     -1.173   0.634645    15.5395    -1.8298     -1.163     0.3816    -0.6867 -9.990e-29
 257.851024     -1.167   0.632884    15.5405    -1.8301     -1.157     0.3805    -0.6877 -9.990e-29
 257.851030     -1.160   0.630735    15.5394    -1.8304     -1.150     0.3792    -0.6886 -9.990e-29
 257.851036     -1.153   0.630318    15.5358    -1.8303     -1.143     0.3790    -0.6882 -9.990e-29
 257.851042     -1.145   0.632184    15.5308    -1.8300     -1.135     0.3802    -0.6865 -9.990e-29
 257.851047     -1.136   0.634939    15.5260    -1.8299     -1.127     0.3819    -0.6843 -9.990e-29
 257.851053     -1.124   0.636163    15.5241    -1.8301     -1.115     0.3827    -0.6834 -9.990e-29
 257.851059     -1.111   0.635272    15.5255    -1.8301     -1.102     0.3821    -0.6841 -9.990e-29
 257.851065     -1.097   0.633845    15.5272    -1.8304     -1.088     0.3812    -0.6851 -9.990e-29
 257.851071     -1.089   0.633857    15.5262    -1.8309     -1.080     0.3813    -0.6849 -9.990e-29
 257.851076     -1.079   0.636433    15.5228    -1.8308     -1.070     0.3829    -0.6831 -9.990e-29
 257.851082     -1.064   0.640572    15.5204    -1.8306     -1.055     0.3855    -0.6807 -9.990e-29
 257.851088     -1.047   0.643480    15.5213    -1.8310     -1.038     0.3873    -0.6794 -9.990e-29
 257.851094     -1.035   0.643492    15.5238    -1.8308     -1.026     0.3873    -0.6799 -9.990e-29
 257.851100     -1.028   0.641732    15.5250    -1.8306     -1.019     0.3862    -0.6809 -9.990e-29
 257.851105     -1.020   0.640287    15.5236    -1.8300     -1.011     0.3853    -0.6814 -9.990e-29
 257.851111     -1.017   0.639997    15.5198    -1.8297     -1.009     0.3851    -0.6809 -9.990e-29
 257.851117     -1.020   0.640477    15.5139    -1.8297     -1.011     0.3855    -0.6797 -9.990e-29
 257.851123     -1.028   0.640702    15.5081    -1.8296     -1.019     0.3857    -0.6786 -9.990e-29
 257.851128     -1.035   0.640416    15.5052    -1.8296     -1.026     0.3855    -0.6783 -9.990e-29
 257.851134     -1.042   0.640901    15.5040    -1.8298     -1.033     0.3858    -0.6778 -9.990e-29
 257.851140     -1.046   0.642801    15.5034    -1.8301     -1.037     0.3870    -0.6768 -9.990e-29
 257.851146     -1.042   0.644770    15.5058    -1.8302     -1.033     0.3882    -0.6763 -9.990e-29
 257.851152     -1.030   0.645556    15.5122    -1.8302     -1.021     0.3887    -0.6769 -9.990e-29
 257.851157     -1.014   0.646205    15.5205    -1.8302     -1.006     0.3890    -0.6780 -9.990e-29
 257.851163     -0.997   0.648135    15.5276    -1.8300     -0.989     0.3901    -0.6782 -9.990e-29
 257.851169     -0.978   0.650593    15.5318    -1.8295     -0.970     0.3916    -0.6778 -9.990e-29
 257.851175     -0.959   0.651871    15.5335    -1.8292     -0.951     0.3924    -0.6774 -9.990e-29
 257.851181     -0.945   0.651453    15.5327    -1.8290     -0.937     0.3921    -0.6775 -9.990e-29
 257.851186     -0.934   0.650443    15.5292    -1.8288     -0.926     0.3916    -0.6774 -9.990e-29
 257.851192     -0.925   0.650264    15.5246    -1.8285     -0.917     0.3915    -0.6767 -9.990e-29
 257.851198     -0.918   0.651232    15.5215    -1.8284     -0.910     0.3921    -0.6757 -9.990e-29
 257.851204     -0.913   0.652420    15.5207    -1.8283     -0.905     0.3929    -0.6750 -9.990e-29
 257.851209     -0.908   0.652640    15.5223    -1.8283     -0.900     0.3930    -0.6752 -9.990e-29
 257.851215     -0.904   0.652187    15.5268    -1.8282     -0.896     0.3927    -0.6762 -9.990e-29
 257.851221     -0.901   0.653225    15.5338    -1.8283     -0.893     0.3932    -0.6768 -9.990e-29
 257.851227     -0.898   0.657136    15.5412    -1.8282     -0.891     0.3956    -0.6762 -9.990e-29
 257.851233     -0.896   0.661932    15.5480    -1.8280     -0.889     0.3985    -0.6750 -9.990e-29
 257.851238     -0.893   0.664586    15.5545    -1.8280     -0.886     0.4001    -0.6748 -9.990e-29
 257.851244     -0.891   0.664757    15.5601    -1.8281     -0.884     0.4002    -0.6756 -9.990e-29
 257.851250     -0.887   0.663780    15.5639    -1.8283     -0.880     0.3995    -0.6767 -9.990e-29
 257.851256     -0.884   0.662569    15.5663    -1.8280     -0.877     0.3988    -0.6777 -9.990e-29
 257.851262     -0.879   0.661722    15.5681    -1.8279     -0.872     0.3982    -0.6784 -9.990e-29
 257.851267     -0.874   0.661590    15.5692    -1.8277     -0.867     0.3981    -0.6787 -9.990e-29
 257.851273     -0.867   0.661996    15.5702    -1.8276     -0.860     0.3984    -0.6786 -9.990e-29
 257.851279     -0.858   0.662742    15.5720    -1.8277     -0.851     0.3988    -0.6786 -9.990e-29
 257.851285     -0.851   0.663714    15.5739    -1.8278     -0.844     0.3994    -0.6784 -9.990e-29
 257.851291     -0.850   0.664360    15.5744    -1.8277     -0.843     0.3998    -0.6782 -9.990e-29
 257.851296     -0.854   0.664432    15.5732    -1.8275     -0.847     0.3998    -0.6780 -9.990e-29
 257.851302     -0.864   0.664580    15.5723    -1.8277     -0.857     0.3999    -0.6777 -9.990e-29
 257.851308     -0.877   0.665556    15.5737    -1.8281     -0.870     0.4005    -0.6775 -9.990e-29
 257.851314     -0.883   0.667553    15.5770    -1.8287     -0.876     0.4018    -0.6771 -9.990e-29
 257.851319     -0.881   0.669908    15.5806    -1.8286     -0.874     0.4032    -0.6765 -9.990e-29
 257.851325     -0.873   0.671328    15.5830    -1.8284     -0.866     0.4040    -0.6763 -9.990e-29
 257.851331     -0.864   0.670934    15.5833    -1.8283     -0.857     0.4038    -0.6765 -9.990e-29
 257.851337     -0.857   0.669311    15.5825    -1.8282     -0.850     0.4028    -0.6771 -9.990e-29
 257.851343     -0.857   0.668173    15.5824    -1.8282     -0.850     0.4021    -0.6777 -9.990e-29
 257.851348     -0.858   0.668771    15.5819    -1.8280     -0.851     0.4025    -0.6773 -9.990e-29
 257.851354     -0.857   0.670795    15.5782    -1.8279     -0.850     0.4038    -0.6757 -9.990e-29
 257.851360     -0.853   0.672512    15.5711    -1.8278     -0.846     0.4049    -0.6737 -9.990e-29
 257.851366     -0.846   0.672331    15.5645    -1.8275     -0.839     0.4049    -0.6727 -9.990e-29
 257.851372     -0.836   0.670566    15.5626    -1.8272     -0.829     0.4038    -0.6732 -9.990e-29
 257.851377     -0.823   0.668741    15.5648    -1.8271     -0.816     0.4026    -0.6745 -9.990e-29
 257.851383     -0.805   0.667747    15.5673    -1.8274     -0.798     0.4020    -0.6754 -9.990e-29
 257.851389     -0.785   0.667922    15.5690    -1.8273     -0.778     0.4021    -0.6756 -9.990e-29
 257.851395     -0.767   0.669499    15.5712    -1.8273     -0.761     0.4030    -0.6752 -9.990e-29
 257.851400     -0.749   0.671810    15.5746    -1.8272     -0.743     0.4044    -0.6746 -9.990e-29
 257.851406     -0.734   0.673503    15.5787    -1.8274     -0.728     0.4054    -0.6745 -9.990e-29
 257.851412     -0.727   0.673510    15.5831    -1.8278     -0.721     0.4054    -0.6752 -9.990e-29
 257.851418     -0.721   0.671839    15.5884    -1.8281     -0.715     0.4043    -0.6769 -9.990e-29
 257.851424     -0.713   0.669589    15.5934    -1.8280     -0.707     0.4029    -0.6788 -9.990e-29
 257.851429     -0.702   0.667638    15.5958    -1.8278     -0.696     0.4016    -0.6802 -9.990e-29
 257.851435     -0.688   0.666152    15.5957    -1.8274     -0.682     0.4007    -0.6809 -9.990e-29
 257.851441     -0.672   0.665368    15.5953    -1.8275     -0.666     0.4002    -0.6812 -9.990e-29
 257.851447     -0.660   0.665346    15.5952    -1.8274     -0.654     0.4002    -0.6812 -9.990e-29
 257.851453     -0.649   0.665505    15.5939    -1.8275     -0.644     0.4003    -0.6809 -9.990e-29
 257.851458     -0.641   0.665504    15.5899    -1.8276     -0.636     0.4003    -0.6802 -9.990e-29
 257.851464     -0.633   0.665341    15.5842    -1.8275     -0.628     0.4003    -0.6793 -9.990e-29
 257.851470     -0.625   0.664798    15.5804    -1.8275     -0.620     0.4000    -0.6790 -9.990e-29
 257.851476     -0.617   0.663702    15.5807    -1.8274     -0.612     0.3993    -0.6795 -9.990e-29
 257.851481     -0.609   0.662809    15.5839    -1.8272     -0.604     0.3987    -0.6805 -9.990e-29
 257.851487     -0.604   0.663700    15.5876    -1.8270     -0.599     0.3992    -0.6807 -9.990e-29
 257.851493     -0.606   0.666453    15.5900    -1.8270     -0.601     0.4009    -0.6798 -9.990e-29
 257.851499     -0.610   0.668645    15.5913    -1.8269     -0.605     0.4023    -0.6789 -9.990e-29
 257.851505     -0.614   0.668210    15.5914    -1.8267     -0.609     0.4020    -0.6792 -9.990e-29
 257.851510     -0.617   0.665676    15.5908    -1.8263     -0.612     0.4004    -0.6803 -9.990e-29
 257.851516     -0.619   0.663207    15.5908    -1.8263     -0.614     0.3989    -0.6815 -9.990e-29
 257.851522     -0.621   0.662497    15.5917    -1.8264     -0.616     0.3985    -0.6820 -9.990e-29
 257.851528     -0.622   0.663706    15.5941    -1.8265     -0.617     0.3992    -0.6818 -9.990e-29
 257.851534     -0.623   0.665675    15.5981    -1.8269     -0.618     0.4004    -0.6815 -9.990e-29
 257.851539     -0.624   0.666598    15.6023    -1.8271     -0.619     0.4009    -0.6817 -9.990e-29
 257.851545     -0.624   0.665488    15.6056    -1.8271     -0.619     0.4002    -0.6828 -9.990e-29
 257.851551     -0.624   0.663083    15.6091    -1.8272     -0.619     0.3987    -0.6846 -9.990e-29
 257.851557     -0.625   0.661161    15.6137    -1.8275     -0.620     0.3974    -0.6863 -9.990e-29
 257.851563     -0.625   0.661040    15.6180    -1.8277     -0.620     0.3973    -0.6870 -9.990e-29
 257.851568     -0.625   0.662558    15.6199    -1.8281     -0.620     0.3982    -0.6866 -9.990e-29
 257.851574     -0.624   0.664412    15.6188    -1.8282     -0.619     0.3994    -0.6855 -9.990e-29
 257.851580     -0.624   0.665196    15.6151    -1.8282     -0.619     0.3999    -0.6845 -9.990e-29
 257.851586     -0.623   0.664295    15.6098    -1.8282     -0.618     0.3994    -0.6841 -9.990e-29
 257.851591     -0.622   0.662169    15.6053    -1.8279     -0.617     0.3981    -0.6844 -9.990e-29
 257.851597     -0.621   0.659860    15.6023    -1.8280     -0.616     0.3967    -0.6850 -9.990e-29
 257.851603     -0.620   0.658168    15.5985    -1.8280     -0.615     0.3957    -0.6852 -9.990e-29
 257.851609     -0.617   0.657054    15.5929    -1.8278     -0.612     0.3951    -0.6848 -9.990e-29
 257.851615     -0.615   0.656139    15.5863    -1.8275     -0.610     0.3946    -0.6841 -9.990e-29
 257.851620     -0.611   0.655313    15.5801    -1.8274     -0.606     0.3941    -0.6835 -9.990e-29
 257.851626     -0.607   0.654582    15.5764    -1.8278     -0.602     0.3937    -0.6832 -9.990e-29
 257.851632     -0.601   0.654077    15.5758    -1.8278     -0.596     0.3934    -0.6834 -9.990e-29
 257.851638     -0.594   0.653679    15.5777    -1.8277     -0.589     0.3931    -0.6839 -9.990e-29
 257.851644     -0.588   0.652857    15.5798    -1.8279     -0.583     0.3926    -0.6846 -9.990e-29
 257.851649     -0.589   0.651624    15.5805    -1.8280     -0.584     0.3918    -0.6853 -9.990e-29
 257.851655     -0.592   0.651105    15.5819    -1.8277     -0.587     0.3915    -0.6858 -9.990e-29
 257.851661     -0.592   0.651717    15.5858    -1.8275     -0.587     0.3918    -0.6862 -9.990e-29
 257.851667     -0.590   0.652059    15.5902    -1.8275     -0.585     0.3920    -0.6867 -9.990e-29
 257.851672     -0.586   0.650925    15.5916    -1.8278     -0.581     0.3913    -0.6875 -9.990e-29
 257.851678     -0.579   0.648464    15.5898    -1.8282     -0.574     0.3897    -0.6884 -9.990e-29
 257.851684     -0.569   0.645829    15.5879    -1.8290     -0.564     0.3881    -0.6893 -9.990e-29
 257.851690     -0.556   0.644492    15.5867    -1.8292     -0.551     0.3873    -0.6898 -9.990e-29
 257.851696     -0.538   0.644886    15.5857    -1.8290     -0.534     0.3876    -0.6894 -9.990e-29
