data/oxygen options/OCNMS/OCNMS1/raw_data/2018/CAST_MB015_180710faed.cnv
* Sea-Bird SBE19 Data File:
* FileName = C:\2018 Mooring Data\Casts\CAST_MB015_180710.hex
* Software Version 1.59
* Temperature SN = 2997
* Conductivity SN = 2997
* System UpLoad Time = Jul 10 2018 18:21:27
** CAST_MB015_180710
* ds
# nquan = 9                                 
# nvalues = 787                         
# units = specified
# name 0 = timeJ: Julian Days
# name 1 = prSM: Pressure, Strain Gauge [db]
# name 2 = c0mS/cm: Conductivity [mS/cm]
# name 3 = t090C: Temperature [ITS-90, deg C]
# name 4 = sbeox0ML/L: Oxygen, SBE 43 [ml/l]
# name 5 = depSM: Depth [salt water, m], lat = 47.5
# name 6 = sal00: Salinity, Practical [PSU]
# name 7 = sigma-é00: Density [sigma-theta, kg/m^3]
# name 8 = flag: flag
# span 0 = 191.744618, 191.749167       
# span 1 =     -4.615,     12.189       
# span 2 =   0.361841,  39.653377       
# span 3 =    10.9445,    18.5700       
# span 4 =    -1.7911,    14.8000       
# span 5 =     -4.577,     12.087       
# span 6 =     0.2083,    32.9751       
# span 7 =    -1.3230,    25.0797       
# span 8 = 0.0000e+00, 0.0000e+00       
# interval = seconds: 0.5
# start_time = Jul 10 2018 17:52:15 [Instrument's time stamp, header]
# bad_flag = -9.990e-29
*END*
[from data line 161]
 191.745550     -1.232   0.637896    18.1854    -1.7358     -1.222     0.3602    -1.1609 -9.990e-29
 191.745556     -1.225   0.636996    18.1851    -1.7358     -1.215     0.3597    -1.1612 -9.990e-29
 191.745561     -1.222   0.635928    18.1848    -1.7357     -1.212     0.3591    -1.1616 -9.990e-29
 191.745567     -1.218   0.633267    18.1852    -1.7355     -1.208     0.3575    -1.1629 -9.990e-29
 191.745573     -1.209   0.629343    18.1870    -1.7351     -1.199     0.3552    -1.1650 -9.990e-29
 191.745579     -1.198   0.626122    18.1908    -1.7348     -1.188     0.3533    -1.1672 -9.990e-29
 191.745584     -1.190   0.624849    18.1963    -1.7346     -1.180     0.3525    -1.1688 -9.990e-29
 191.745590     -1.182   0.624935    18.2014    -1.7345     -1.172     0.3526    -1.1698 -9.990e-29
 191.745596     -1.176   0.624832    18.2046    -1.7343     -1.166     0.3525    -1.1704 -9.990e-29
 191.745602     -1.171   0.623292    18.2068    -1.7340     -1.161     0.3516    -1.1715 -9.990e-29
 191.745608     -1.166   0.620478    18.2095    -1.7336     -1.156     0.3499    -1.1733 -9.990e-29
 191.745613     -1.160   0.617623    18.2140    -1.7333     -1.150     0.3482    -1.1755 -9.990e-29
 191.745619     -1.155   0.615351    18.2209    -1.7334     -1.145     0.3468    -1.1778 -9.990e-29
 191.745625     -1.149   0.613401    18.2295    -1.7331     -1.139     0.3456    -1.1804 -9.990e-29
 191.745631     -1.141   0.611390    18.2377    -1.7328     -1.131     0.3444    -1.1829 -9.990e-29
 191.745637     -1.132   0.609405    18.2443    -1.7325     -1.123     0.3432    -1.1850 -9.990e-29
 191.745642     -1.121   0.608121    18.2504    -1.7322     -1.112     0.3424    -1.1868 -9.990e-29
 191.745648     -1.108   0.608041    18.2573    -1.7323     -1.099     0.3423    -1.1882 -9.990e-29
 191.745654     -1.094   0.608505    18.2655    -1.7325     -1.085     0.3425    -1.1895 -9.990e-29
 191.745660     -1.085   0.607913    18.2746    -1.7327     -1.076     0.3421    -1.1916 -9.990e-29
 191.745666     -1.075   0.605477    18.2824    -1.7326     -1.066     0.3406    -1.1942 -9.990e-29
 191.745671     -1.059   0.601824    18.2886    -1.7323     -1.050     0.3384    -1.1970 -9.990e-29
 191.745677     -1.040   0.598177    18.2948    -1.7321     -1.031     0.3363    -1.1998 -9.990e-29
 191.745683     -1.027   0.595766    18.3019    -1.7321     -1.018     0.3348    -1.2023 -9.990e-29
 191.745689     -1.017   0.595253    18.3093    -1.7319     -1.009     0.3345    -1.2040 -9.990e-29
 191.745694     -1.002   0.595954    18.3147    -1.7317     -0.994     0.3348    -1.2047 -9.990e-29
 191.745700     -0.981   0.596034    18.3159    -1.7316     -0.973     0.3349    -1.2049 -9.990e-29
 191.745706     -0.961   0.594488    18.3142    -1.7316     -0.953     0.3340    -1.2053 -9.990e-29
 191.745712     -0.946   0.592024    18.3130    -1.7319     -0.938     0.3326    -1.2061 -9.990e-29
 191.745718     -0.933   0.589790    18.3150    -1.7318     -0.925     0.3313    -1.2075 -9.990e-29
 191.745723     -0.923   0.588130    18.3200    -1.7318     -0.915     0.3303    -1.2092 -9.990e-29
 191.745729     -0.914   0.586491    18.3251    -1.7316     -0.906     0.3293    -1.2109 -9.990e-29
 191.745735     -0.907   0.584347    18.3296    -1.7315     -0.899     0.3280    -1.2128 -9.990e-29
 191.745741     -0.900   0.582162    18.3342    -1.7318     -0.892     0.3267    -1.2146 -9.990e-29
 191.745747     -0.894   0.580900    18.3382    -1.7321     -0.887     0.3259    -1.2160 -9.990e-29
 191.745752     -0.888   0.580540    18.3405    -1.7320     -0.881     0.3257    -1.2166 -9.990e-29
 191.745758     -0.881   0.580046    18.3404    -1.7317     -0.874     0.3254    -1.2168 -9.990e-29
 191.745764     -0.873   0.578759    18.3389    -1.7315     -0.866     0.3247    -1.2171 -9.990e-29
 191.745770     -0.863   0.577180    18.3387    -1.7312     -0.856     0.3238    -1.2177 -9.990e-29
 191.745775     -0.852   0.575972    18.3404    -1.7311     -0.845     0.3231    -1.2186 -9.990e-29
 191.745781     -0.838   0.575185    18.3424    -1.7309     -0.831     0.3226    -1.2193 -9.990e-29
 191.745787     -0.824   0.574323    18.3421    -1.7306     -0.817     0.3221    -1.2196 -9.990e-29
 191.745793     -0.814   0.572790    18.3390    -1.7303     -0.807     0.3212    -1.2197 -9.990e-29
 191.745799     -0.803   0.570757    18.3366    -1.7302     -0.796     0.3201    -1.2201 -9.990e-29
 191.745804     -0.791   0.568836    18.3381    -1.7302     -0.784     0.3190    -1.2213 -9.990e-29
 191.745810     -0.781   0.567233    18.3435    -1.7299     -0.774     0.3180    -1.2231 -9.990e-29
 191.745816     -0.767   0.566027    18.3505    -1.7294     -0.761     0.3173    -1.2250 -9.990e-29
 191.745822     -0.750   0.565271    18.3575    -1.7294     -0.744     0.3168    -1.2267 -9.990e-29
 191.745828     -0.732   0.564508    18.3642    -1.7294     -0.726     0.3163    -1.2283 -9.990e-29
 191.745833     -0.712   0.563275    18.3710    -1.7294     -0.706     0.3155    -1.2302 -9.990e-29
 191.745839     -0.693   0.561588    18.3780    -1.7293     -0.687     0.3145    -1.2323 -9.990e-29
 191.745845     -0.678   0.559969    18.3846    -1.7291     -0.672     0.3135    -1.2343 -9.990e-29
 191.745851     -0.667   0.559027    18.3900    -1.7290     -0.661     0.3129    -1.2358 -9.990e-29
 191.745856     -0.658   0.558614    18.3954    -1.7291     -0.653     0.3127    -1.2370 -9.990e-29
 191.745862     -0.651   0.558175    18.4025    -1.7292     -0.646     0.3124    -1.2386 -9.990e-29
 191.745868     -0.646   0.557127    18.4098    -1.7291     -0.641     0.3117    -1.2405 -9.990e-29
 191.745874     -0.641   0.555180    18.4141    -1.7290     -0.636     0.3106    -1.2422 -9.990e-29
 191.745880     -0.638   0.553060    18.4161    -1.7289     -0.633     0.3093    -1.2435 -9.990e-29
 191.745885     -0.635   0.551817    18.4182    -1.7286     -0.630     0.3086    -1.2444 -9.990e-29
 191.745891     -0.633   0.551454    18.4211    -1.7284     -0.628     0.3084    -1.2452 -9.990e-29
 191.745897     -0.631   0.550933    18.4242    -1.7285     -0.626     0.3080    -1.2460 -9.990e-29
 191.745903     -0.630   0.549558    18.4263    -1.7286     -0.625     0.3072    -1.2470 -9.990e-29
 191.745909     -0.629   0.547709    18.4266    -1.7287     -0.624     0.3062    -1.2479 -9.990e-29
 191.745914     -0.627   0.546244    18.4264    -1.7289     -0.622     0.3053    -1.2485 -9.990e-29
 191.745920     -0.626   0.545425    18.4277    -1.7291     -0.621     0.3048    -1.2491 -9.990e-29
 191.745926     -0.625   0.544713    18.4306    -1.7293     -0.620     0.3044    -1.2500 -9.990e-29
 191.745932     -0.624   0.543711    18.4348    -1.7295     -0.619     0.3038    -1.2513 -9.990e-29
 191.745938     -0.622   0.542745    18.4397    -1.7295     -0.617     0.3032    -1.2527 -9.990e-29
 191.745943     -0.621   0.542188    18.4431    -1.7292     -0.616     0.3029    -1.2536 -9.990e-29
 191.745949     -0.619   0.541850    18.4433    -1.7287     -0.614     0.3027    -1.2538 -9.990e-29
 191.745955     -0.616   0.541280    18.4410    -1.7281     -0.611     0.3024    -1.2536 -9.990e-29
 191.745961     -0.613   0.540271    18.4375    -1.7279     -0.608     0.3018    -1.2533 -9.990e-29
 191.745966     -0.608   0.539138    18.4332    -1.7275     -0.603     0.3012    -1.2530 -9.990e-29
 191.745972     -0.603   0.538031    18.4287    -1.7276     -0.598     0.3006    -1.2526 -9.990e-29
 191.745978     -0.596   0.536581    18.4243    -1.7277     -0.591     0.2998    -1.2524 -9.990e-29
 191.745984     -0.587   0.535070    18.4214    -1.7277     -0.582     0.2989    -1.2525 -9.990e-29
 191.745990     -0.575   0.534254    18.4230    -1.7277     -0.570     0.2985    -1.2531 -9.990e-29
 191.745995     -0.565   0.534149    18.4303    -1.7274     -0.560     0.2984    -1.2546 -9.990e-29
 191.746001     -0.559   0.534061    18.4419    -1.7272     -0.554     0.2982    -1.2569 -9.990e-29
 191.746007     -0.552   0.533318    18.4543    -1.7269     -0.547     0.2977    -1.2597 -9.990e-29
 191.746013     -0.541   0.532036    18.4644    -1.7270     -0.536     0.2969    -1.2622 -9.990e-29
 191.746019     -0.529   0.530722    18.4709    -1.7270     -0.525     0.2961    -1.2640 -9.990e-29
 191.746024     -0.520   0.529838    18.4737    -1.7267     -0.516     0.2956    -1.2650 -9.990e-29
 191.746030     -0.508   0.529310    18.4742    -1.7264     -0.504     0.2953    -1.2653 -9.990e-29
 191.746036     -0.492   0.528434    18.4746    -1.7267     -0.488     0.2948    -1.2658 -9.990e-29
 191.746042     -0.481   0.527151    18.4770    -1.7272     -0.477     0.2940    -1.2668 -9.990e-29
 191.746047     -0.473   0.525966    18.4822    -1.7275     -0.469     0.2933    -1.2684 -9.990e-29
 191.746053     -0.460   0.524961    18.4887    -1.7276     -0.456     0.2927    -1.2701 -9.990e-29
 191.746059     -0.441   0.523905    18.4941    -1.7272     -0.437     0.2920    -1.2716 -9.990e-29
 191.746065     -0.422   0.523050    18.4970    -1.7267     -0.418     0.2915    -1.2725 -9.990e-29
 191.746071     -0.408   0.522916    18.4997    -1.7266     -0.405     0.2914    -1.2731 -9.990e-29
 191.746076     -0.396   0.523327    18.5040    -1.7264     -0.393     0.2916    -1.2738 -9.990e-29
 191.746082     -0.388   0.523167    18.5061    -1.7268     -0.385     0.2915    -1.2743 -9.990e-29
 191.746088     -0.381   0.521670    18.5021    -1.7274     -0.378     0.2907    -1.2741 -9.990e-29
 191.746094     -0.375   0.519611    18.4943    -1.7275     -0.372     0.2896    -1.2735 -9.990e-29
 191.746100     -0.370   0.518120    18.4881    -1.7278     -0.367     0.2888    -1.2730 -9.990e-29
 191.746105     -0.367   0.517426    18.4877    -1.7278     -0.364     0.2884    -1.2732 -9.990e-29
 191.746111     -0.364   0.517158    18.4937    -1.7279     -0.361     0.2882    -1.2745 -9.990e-29
 191.746117     -0.361   0.516957    18.5016    -1.7277     -0.358     0.2880    -1.2761 -9.990e-29
 191.746123     -0.359   0.516555    18.5066    -1.7274     -0.356     0.2878    -1.2773 -9.990e-29
 191.746128     -0.356   0.515973    18.5067    -1.7273     -0.353     0.2874    -1.2775 -9.990e-29
 191.746134     -0.354   0.515542    18.5007    -1.7276     -0.351     0.2872    -1.2766 -9.990e-29
 191.746140     -0.351   0.515239    18.4914    -1.7278     -0.348     0.2871    -1.2749 -9.990e-29
 191.746146     -0.348   0.514662    18.4837    -1.7281     -0.345     0.2868    -1.2736 -9.990e-29
 191.746152     -0.344   0.513596    18.4784    -1.7285     -0.341     0.2862    -1.2730 -9.990e-29
 191.746157     -0.339   0.512281    18.4752    -1.7292     -0.336     0.2855    -1.2730 -9.990e-29
 191.746163     -0.333   0.511180    18.4750    -1.7299     -0.330     0.2849    -1.2734 -9.990e-29
 191.746169     -0.325   0.510485    18.4783    -1.7308     -0.322     0.2845    -1.2744 -9.990e-29
 191.746175     -0.316   0.509826    18.4827    -1.7312     -0.313     0.2841    -1.2755 -9.990e-29
 191.746181     -0.308   0.508876    18.4836    -1.7313     -0.305     0.2835    -1.2761 -9.990e-29
 191.746186     -0.305   0.508033    18.4797    -1.7312     -0.302     0.2831    -1.2757 -9.990e-29
 191.746192     -0.303   0.507832    18.4724    -1.7310     -0.300     0.2830    -1.2744 -9.990e-29
 191.746198     -0.303   0.508005    18.4624    -1.7307     -0.300     0.2832    -1.2724 -9.990e-29
 191.746204     -0.307   0.507675    18.4489    -1.7308     -0.304     0.2831    -1.2699 -9.990e-29
 191.746209     -0.312   0.506403    18.4314    -1.7312     -0.309     0.2824    -1.2670 -9.990e-29
 191.746215     -0.314   0.504708    18.4116    -1.7313     -0.311     0.2816    -1.2639 -9.990e-29
 191.746221     -0.314   0.503653    18.3932    -1.7316     -0.311     0.2811    -1.2608 -9.990e-29
 191.746227     -0.310   0.503495    18.3808    -1.7317     -0.307     0.2811    -1.2584 -9.990e-29
 191.746233     -0.304   0.503467    18.3759    -1.7318     -0.301     0.2811    -1.2575 -9.990e-29
 191.746238     -0.294   0.502979    18.3768    -1.7319     -0.292     0.2808    -1.2579 -9.990e-29
 191.746244     -0.280   0.501936    18.3807    -1.7318     -0.278     0.2802    -1.2591 -9.990e-29
 191.746250     -0.266   0.500608    18.3837    -1.7315     -0.264     0.2794    -1.2603 -9.990e-29
 191.746256     -0.254   0.499439    18.3820    -1.7311     -0.252     0.2788    -1.2604 -9.990e-29
 191.746262     -0.244   0.498532    18.3764    -1.7308     -0.242     0.2783    -1.2598 -9.990e-29
 191.746267     -0.236   0.497787    18.3705    -1.7308     -0.234     0.2779    -1.2589 -9.990e-29
 191.746273     -0.224   0.497317    18.3654    -1.7308     -0.222     0.2777    -1.2581 -9.990e-29
 191.746279     -0.207   0.497049    18.3613    -1.7305     -0.205     0.2775    -1.2575 -9.990e-29
 191.746285     -0.190   0.496625    18.3586    -1.7303     -0.188     0.2773    -1.2571 -9.990e-29
 191.746291     -0.171   0.496036    18.3579    -1.7298     -0.170     0.2770    -1.2573 -9.990e-29
 191.746296     -0.152   0.495602    18.3611    -1.7291     -0.151     0.2767    -1.2581 -9.990e-29
 191.746302     -0.138   0.495299    18.3682    -1.7287     -0.137     0.2765    -1.2596 -9.990e-29
 191.746308     -0.127   0.494723    18.3770    -1.7292     -0.126     0.2761    -1.2615 -9.990e-29
 191.746314     -0.118   0.493661    18.3842    -1.7293     -0.117     0.2754    -1.2634 -9.990e-29
 191.746319     -0.112   0.492359    18.3889    -1.7294     -0.111     0.2747    -1.2649 -9.990e-29
 191.746325     -0.106   0.491297    18.3933    -1.7293     -0.105     0.2740    -1.2662 -9.990e-29
 191.746331     -0.102   0.490722    18.3997    -1.7293     -0.101     0.2737    -1.2677 -9.990e-29
 191.746337     -0.099   0.490419    18.4089    -1.7299     -0.098     0.2734    -1.2696 -9.990e-29
 191.746343     -0.097   0.489987    18.4212    -1.7305     -0.096     0.2731    -1.2722 -9.990e-29
 191.746348     -0.095   0.489403    18.4337    -1.7307     -0.094     0.2727    -1.2749 -9.990e-29
 191.746354     -0.094   0.488995    18.4401    -1.7303     -0.093     0.2724    -1.2763 -9.990e-29
 191.746360     -0.094   0.488775    18.4389    -1.7302     -0.093     0.2723    -1.2762 -9.990e-29
 191.746366     -0.093   0.488447    18.4354    -1.7305     -0.092     0.2721    -1.2757 -9.990e-29
 191.746372     -0.093   0.487575    18.4334    -1.7306     -0.092     0.2717    -1.2757 -9.990e-29
 191.746377     -0.093   0.486105    18.4318    -1.7309     -0.092     0.2708    -1.2760 -9.990e-29
 191.746383     -0.094   0.484846    18.4268    -1.7319     -0.093     0.2701    -1.2756 -9.990e-29
 191.746389     -0.095   0.484334    18.4167    -1.7330     -0.094     0.2699    -1.2738 -9.990e-29
 191.746395     -0.096   0.484442    18.4060    -1.7335     -0.095     0.2700    -1.2717 -9.990e-29
 191.746400     -0.098   0.484758    18.4009    -1.7335     -0.097     0.2703    -1.2706 -9.990e-29
 191.746406     -0.100   0.484597    18.4013    -1.7331     -0.099     0.2702    -1.2707 -9.990e-29
 191.746412     -0.104   0.483744    18.4011    -1.7327     -0.103     0.2697    -1.2710 -9.990e-29
 191.746418     -0.108   0.482722    18.3970    -1.7325     -0.107     0.2691    -1.2707 -9.990e-29
 191.746424     -0.109   0.481832    18.3896    -1.7321     -0.108     0.2687    -1.2696 -9.990e-29
 191.746429     -0.103   0.480994    18.3763    -1.7316     -0.102     0.2683    -1.2674 -9.990e-29
 191.746435     -0.093   0.480199    18.3557    -1.7313     -0.092     0.2679    -1.2638 -9.990e-29
 191.746441     -0.084   0.479495    18.3343    -1.7314     -0.083     0.2677    -1.2599 -9.990e-29
 191.746447     -0.074   0.479051    18.3212    -1.7314     -0.073     0.2675    -1.2576 -9.990e-29
 191.746453     -0.064   0.478831    18.3192    -1.7313     -0.063     0.2674    -1.2573 -9.990e-29
 191.746458     -0.056   0.478541    18.3245    -1.7314     -0.056     0.2672    -1.2585 -9.990e-29
 191.746464     -0.055   0.477795    18.3326    -1.7316     -0.055     0.2667    -1.2604 -9.990e-29
