data/oxygen options/OCNMS/OCNMS1/raw_data/2018/CAST_TH042_180612faed.cnv
* Sea-Bird SBE19 Data File:
* FileName = C:\2018 Mooring Data\Casts\CAST_TH042_180612.hex
* Software Version 1.59
* Temperature SN = 2997
* Conductivity SN = 2997
* System UpLoad Time = Jun 12 2018 20:38:38
** CAST_TH042_180612
* ds
# nquan = 9                                 
# nvalues = 1040                        
# units = specified
# name 0 = timeJ: Julian Days
# name 1 = prSM: Pressure, Strain Gauge [db]
# name 2 = c0mS/cm: Conductivity [mS/cm]
# name 3 = t090C: Temperature [ITS-90, deg C]
# name 4 = sbeox0ML/L: Oxygen, SBE 43 [ml/l]
# name 5 = depSM: Depth [salt water, m], lat = 47.5
# name 6 = sal00: Salinity, Practical [PSU]
# name 7 = sigma-é00: Density [sigma-theta, kg/m^3]
# name 8 = flag: flag
# span 0 = 163.851412, 163.857425       
# span 1 =     -4.993,     44.401       
# span 2 =   0.321685,  37.670216       
# span 3 =     8.5159,    16.3341       
# span 4 =    -1.8386,    14.9926       
# span 5 =     -4.951,     44.026       
# span 6 =     0.1904,    33.4622       
# span 7 =    -0.9164,    25.9889       
# span 8 = 0.0000e+00, 0.0000e+00       
# interval = seconds: 0.5
# start_time = Jun 12 2018 20:26:02 [Instrument's time stamp, header]
# bad_flag = -9.990e-29
*END*
[from data line 161]
 163.852344     -1.790   0.431953    16.3334    -1.8048     -1.775     0.2519    -0.9158 -9.990e-29
 163.852350     -1.780   0.430958    16.3341    -1.8049     -1.765     0.2513    -0.9164 -9.990e-29
 163.852355     -1.769   0.430879    16.3324    -1.8048     -1.754     0.2513    -0.9161 -9.990e-29
 163.852361     -1.759   0.431054    16.3250    -1.8047     -1.744     0.2514    -0.9148 -9.990e-29
 163.852367     -1.744   0.431164    16.3102    -1.8047     -1.729     0.2516    -0.9122 -9.990e-29
 163.852373     -1.726   0.431351    16.2918    -1.8046     -1.712     0.2518    -0.9090 -9.990e-29
 163.852378     -1.711   0.431866    16.2759    -1.8046     -1.697     0.2522    -0.9060 -9.990e-29
 163.852384     -1.695   0.432284    16.2649    -1.8049     -1.681     0.2525    -0.9039 -9.990e-29
 163.852390     -1.679   0.431500    16.2574    -1.8050     -1.665     0.2521    -0.9030 -9.990e-29
 163.852396     -1.661   0.429576    16.2522    -1.8050     -1.647     0.2510    -0.9030 -9.990e-29
 163.852402     -1.645   0.427269    16.2496    -1.8049     -1.631     0.2496    -0.9037 -9.990e-29
 163.852407     -1.633   0.424826    16.2496    -1.8049     -1.619     0.2482    -0.9048 -9.990e-29
 163.852413     -1.621   0.422866    16.2508    -1.8051     -1.607     0.2470    -0.9059 -9.990e-29
 163.852419     -1.609   0.422098    16.2518    -1.8053     -1.596     0.2465    -0.9064 -9.990e-29
 163.852425     -1.598   0.422051    16.2524    -1.8053     -1.585     0.2465    -0.9065 -9.990e-29
 163.852431     -1.590   0.421555    16.2510    -1.8053     -1.577     0.2462    -0.9065 -9.990e-29
 163.852436     -1.587   0.420499    16.2474    -1.8052     -1.574     0.2456    -0.9064 -9.990e-29
 163.852442     -1.589   0.420245    16.2445    -1.8056     -1.576     0.2455    -0.9060 -9.990e-29
 163.852448     -1.588   0.421560    16.2437    -1.8056     -1.575     0.2462    -0.9053 -9.990e-29
 163.852454     -1.579   0.423427    16.2441    -1.8056     -1.566     0.2474    -0.9045 -9.990e-29
 163.852459     -1.567   0.424457    16.2436    -1.8059     -1.554     0.2480    -0.9039 -9.990e-29
 163.852465     -1.555   0.423804    16.2413    -1.8061     -1.542     0.2476    -0.9038 -9.990e-29
 163.852471     -1.542   0.421705    16.2385    -1.8068     -1.529     0.2464    -0.9043 -9.990e-29
 163.852477     -1.527   0.419791    16.2368    -1.8076     -1.514     0.2452    -0.9049 -9.990e-29
 163.852483     -1.510   0.419389    16.2358    -1.8085     -1.497     0.2450    -0.9049 -9.990e-29
 163.852488     -1.493   0.419962    16.2338    -1.8091     -1.481     0.2453    -0.9043 -9.990e-29
 163.852494     -1.479   0.420055    16.2304    -1.8095     -1.467     0.2454    -0.9037 -9.990e-29
 163.852500     -1.469   0.419239    16.2272    -1.8096     -1.457     0.2449    -0.9035 -9.990e-29
 163.852506     -1.460   0.418086    16.2236    -1.8097     -1.448     0.2443    -0.9035 -9.990e-29
 163.852512     -1.454   0.417273    16.2175    -1.8097     -1.442     0.2438    -0.9028 -9.990e-29
 163.852517     -1.448   0.416821    16.2074    -1.8096     -1.436     0.2436    -0.9013 -9.990e-29
 163.852523     -1.443   0.416129    16.1922    -1.8094     -1.431     0.2433    -0.8990 -9.990e-29
 163.852529     -1.439   0.415378    16.1731    -1.8093     -1.427     0.2429    -0.8962 -9.990e-29
 163.852535     -1.435   0.415229    16.1539    -1.8093     -1.423     0.2430    -0.8930 -9.990e-29
 163.852541     -1.431   0.415482    16.1380    -1.8093     -1.419     0.2432    -0.8902 -9.990e-29
 163.852546     -1.426   0.415366    16.1270    -1.8094     -1.414     0.2432    -0.8884 -9.990e-29
 163.852552     -1.421   0.414725    16.1207    -1.8093     -1.409     0.2429    -0.8876 -9.990e-29
 163.852558     -1.416   0.413809    16.1182    -1.8094     -1.404     0.2423    -0.8876 -9.990e-29
 163.852564     -1.409   0.412504    16.1184    -1.8100     -1.397     0.2415    -0.8882 -9.990e-29
 163.852569     -1.400   0.410731    16.1206    -1.8104     -1.388     0.2405    -0.8894 -9.990e-29
 163.852575     -1.389   0.408896    16.1238    -1.8108     -1.377     0.2393    -0.8908 -9.990e-29
 163.852581     -1.376   0.407876    16.1266    -1.8110     -1.365     0.2387    -0.8918 -9.990e-29
 163.852587     -1.358   0.407970    16.1277    -1.8115     -1.347     0.2388    -0.8919 -9.990e-29
 163.852593     -1.340   0.408194    16.1275    -1.8122     -1.329     0.2389    -0.8918 -9.990e-29
 163.852598     -1.324   0.407738    16.1267    -1.8128     -1.313     0.2386    -0.8918 -9.990e-29
 163.852604     -1.310   0.407102    16.1246    -1.8133     -1.299     0.2383    -0.8918 -9.990e-29
 163.852610     -1.301   0.407098    16.1189    -1.8134     -1.290     0.2383    -0.8908 -9.990e-29
 163.852616     -1.296   0.407719    16.1095    -1.8132     -1.285     0.2387    -0.8889 -9.990e-29
 163.852622     -1.290   0.408128    16.0989    -1.8129     -1.279     0.2390    -0.8870 -9.990e-29
 163.852627     -1.284   0.407762    16.0886    -1.8129     -1.273     0.2389    -0.8854 -9.990e-29
 163.852633     -1.277   0.407242    16.0779    -1.8133     -1.266     0.2386    -0.8838 -9.990e-29
 163.852639     -1.269   0.407533    16.0653    -1.8139     -1.258     0.2389    -0.8816 -9.990e-29
 163.852645     -1.259   0.408469    16.0510    -1.8150     -1.248     0.2395    -0.8788 -9.990e-29
 163.852650     -1.250   0.408528    16.0375    -1.8159     -1.240     0.2396    -0.8765 -9.990e-29
 163.852656     -1.242   0.406678    16.0278    -1.8166     -1.232     0.2386    -0.8757 -9.990e-29
 163.852662     -1.231   0.403776    16.0237    -1.8175     -1.221     0.2368    -0.8763 -9.990e-29
 163.852668     -1.219   0.401491    16.0245    -1.8180     -1.209     0.2355    -0.8775 -9.990e-29
 163.852674     -1.211   0.400653    16.0264    -1.8185     -1.201     0.2349    -0.8782 -9.990e-29
 163.852679     -1.205   0.400697    16.0241    -1.8186     -1.195     0.2350    -0.8778 -9.990e-29
 163.852685     -1.202   0.400573    16.0145    -1.8187     -1.192     0.2350    -0.8763 -9.990e-29
 163.852691     -1.201   0.400113    15.9971    -1.8187     -1.191     0.2348    -0.8736 -9.990e-29
 163.852697     -1.203   0.399811    15.9747    -1.8188     -1.193     0.2347    -0.8700 -9.990e-29
 163.852703     -1.203   0.399818    15.9518    -1.8190     -1.193     0.2349    -0.8662 -9.990e-29
 163.852708     -1.196   0.400142    15.9306    -1.8191     -1.186     0.2352    -0.8625 -9.990e-29
 163.852714     -1.187   0.400659    15.9116    -1.8193     -1.177     0.2356    -0.8591 -9.990e-29
 163.852720     -1.180   0.400947    15.8964    -1.8193     -1.170     0.2358    -0.8564 -9.990e-29
 163.852726     -1.173   0.400837    15.8858    -1.8194     -1.163     0.2358    -0.8547 -9.990e-29
 163.852731     -1.167   0.400182    15.8795    -1.8195     -1.157     0.2355    -0.8540 -9.990e-29
 163.852737     -1.161   0.398659    15.8762    -1.8197     -1.151     0.2346    -0.8541 -9.990e-29
 163.852743     -1.154   0.396455    15.8740    -1.8200     -1.144     0.2333    -0.8548 -9.990e-29
 163.852749     -1.147   0.394507    15.8711    -1.8208     -1.137     0.2321    -0.8552 -9.990e-29
 163.852755     -1.138   0.393542    15.8674    -1.8216     -1.129     0.2316    -0.8551 -9.990e-29
 163.852760     -1.128   0.393377    15.8639    -1.8226     -1.119     0.2315    -0.8545 -9.990e-29
 163.852766     -1.115   0.393237    15.8611    -1.8234     -1.106     0.2314    -0.8542 -9.990e-29
 163.852772     -1.103   0.392381    15.8587    -1.8242     -1.094     0.2309    -0.8542 -9.990e-29
 163.852778     -1.096   0.390774    15.8559    -1.8251     -1.087     0.2299    -0.8544 -9.990e-29
 163.852784     -1.089   0.389042    15.8520    -1.8259     -1.080     0.2289    -0.8546 -9.990e-29
 163.852789     -1.077   0.388198    15.8453    -1.8266     -1.068     0.2285    -0.8539 -9.990e-29
 163.852795     -1.064   0.388778    15.8339    -1.8273     -1.055     0.2289    -0.8517 -9.990e-29
 163.852801     -1.053   0.389893    15.8171    -1.8276     -1.044     0.2296    -0.8484 -9.990e-29
 163.852807     -1.043   0.390258    15.7962    -1.8274     -1.034     0.2300    -0.8448 -9.990e-29
 163.852813     -1.034   0.389803    15.7734    -1.8272     -1.025     0.2298    -0.8413 -9.990e-29
 163.852818     -1.025   0.389030    15.7504    -1.8274     -1.016     0.2295    -0.8378 -9.990e-29
 163.852824     -1.020   0.388015    15.7278    -1.8276     -1.011     0.2290    -0.8346 -9.990e-29
 163.852830     -1.019   0.386880    15.7060    -1.8276     -1.010     0.2284    -0.8316 -9.990e-29
 163.852836     -1.017   0.385774    15.6855    -1.8275     -1.009     0.2279    -0.8287 -9.990e-29
 163.852841     -1.014   0.384698    15.6671    -1.8280     -1.006     0.2273    -0.8262 -9.990e-29
 163.852847     -1.010   0.383878    15.6526    -1.8286     -1.002     0.2269    -0.8242 -9.990e-29
 163.852853     -1.004   0.383699    15.6449    -1.8288     -0.996     0.2268    -0.8231 -9.990e-29
 163.852859     -0.993   0.383923    15.6439    -1.8288     -0.985     0.2270    -0.8228 -9.990e-29
 163.852865     -0.974   0.383740    15.6445    -1.8287     -0.966     0.2268    -0.8230 -9.990e-29
 163.852870     -0.957   0.382904    15.6430    -1.8287     -0.949     0.2263    -0.8231 -9.990e-29
 163.852876     -0.943   0.381963    15.6402    -1.8285     -0.935     0.2258    -0.8231 -9.990e-29
 163.852882     -0.933   0.381325    15.6382    -1.8283     -0.925     0.2254    -0.8231 -9.990e-29
 163.852888     -0.924   0.380692    15.6346    -1.8282     -0.916     0.2251    -0.8228 -9.990e-29
 163.852894     -0.918   0.379773    15.6263    -1.8283     -0.910     0.2245    -0.8219 -9.990e-29
 163.852899     -0.912   0.379004    15.6165    -1.8284     -0.904     0.2241    -0.8206 -9.990e-29
 163.852905     -0.908   0.379023    15.6106    -1.8280     -0.900     0.2242    -0.8197 -9.990e-29
 163.852911     -0.905   0.379300    15.6091    -1.8277     -0.897     0.2244    -0.8193 -9.990e-29
 163.852917     -0.902   0.378543    15.6100    -1.8277     -0.894     0.2239    -0.8198 -9.990e-29
 163.852922     -0.900   0.376849    15.6122    -1.8275     -0.892     0.2229    -0.8209 -9.990e-29
 163.852928     -0.897   0.375285    15.6157    -1.8276     -0.890     0.2219    -0.8222 -9.990e-29
 163.852934     -0.895   0.374535    15.6190    -1.8277     -0.888     0.2214    -0.8231 -9.990e-29
 163.852940     -0.893   0.374707    15.6208    -1.8275     -0.886     0.2215    -0.8233 -9.990e-29
 163.852946     -0.891   0.374921    15.6214    -1.8275     -0.884     0.2216    -0.8233 -9.990e-29
 163.852951     -0.888   0.374356    15.6233    -1.8278     -0.881     0.2213    -0.8239 -9.990e-29
 163.852957     -0.885   0.373364    15.6280    -1.8283     -0.878     0.2207    -0.8251 -9.990e-29
 163.852963     -0.881   0.372840    15.6333    -1.8289     -0.874     0.2203    -0.8263 -9.990e-29
 163.852969     -0.876   0.373190    15.6373    -1.8293     -0.869     0.2205    -0.8267 -9.990e-29
 163.852975     -0.869   0.373776    15.6397    -1.8295     -0.862     0.2209    -0.8269 -9.990e-29
 163.852980     -0.861   0.373717    15.6402    -1.8299     -0.854     0.2208    -0.8270 -9.990e-29
 163.852986     -0.851   0.372933    15.6402    -1.8307     -0.844     0.2203    -0.8273 -9.990e-29
 163.852992     -0.838   0.372040    15.6406    -1.8314     -0.831     0.2198    -0.8278 -9.990e-29
 163.852998     -0.821   0.371511    15.6383    -1.8314     -0.814     0.2195    -0.8277 -9.990e-29
 163.853003     -0.804   0.371192    15.6313    -1.8313     -0.797     0.2193    -0.8267 -9.990e-29
 163.853009     -0.790   0.370658    15.6208    -1.8312     -0.783     0.2191    -0.8252 -9.990e-29
 163.853015     -0.773   0.369752    15.6092    -1.8311     -0.767     0.2186    -0.8238 -9.990e-29
 163.853021     -0.753   0.368926    15.5983    -1.8307     -0.747     0.2181    -0.8224 -9.990e-29
 163.853027     -0.736   0.368742    15.5882    -1.8305     -0.730     0.2181    -0.8208 -9.990e-29
 163.853032     -0.727   0.368953    15.5761    -1.8304     -0.721     0.2183    -0.8188 -9.990e-29
 163.853038     -0.724   0.368733    15.5619    -1.8309     -0.718     0.2182    -0.8166 -9.990e-29
 163.853044     -0.722   0.367789    15.5502    -1.8313     -0.716     0.2177    -0.8151 -9.990e-29
 163.853050     -0.718   0.366524    15.5450    -1.8312     -0.712     0.2170    -0.8149 -9.990e-29
 163.853056     -0.712   0.365466    15.5450    -1.8310     -0.706     0.2163    -0.8154 -9.990e-29
 163.853061     -0.702   0.364866    15.5477    -1.8308     -0.696     0.2159    -0.8161 -9.990e-29
 163.853067     -0.693   0.364477    15.5524    -1.8308     -0.687     0.2157    -0.8170 -9.990e-29
 163.853073     -0.688   0.363781    15.5578    -1.8307     -0.682     0.2152    -0.8182 -9.990e-29
 163.853079     -0.686   0.362405    15.5612    -1.8308     -0.680     0.2144    -0.8194 -9.990e-29
 163.853084     -0.689   0.360728    15.5601    -1.8315     -0.683     0.2134    -0.8200 -9.990e-29
 163.853090     -0.691   0.359839    15.5550    -1.8321     -0.685     0.2129    -0.8196 -9.990e-29
 163.853096     -0.689   0.360215    15.5502    -1.8325     -0.683     0.2131    -0.8187 -9.990e-29
 163.853102     -0.686   0.361249    15.5493    -1.8322     -0.680     0.2138    -0.8180 -9.990e-29
 163.853108     -0.687   0.362102    15.5518    -1.8320     -0.681     0.2143    -0.8180 -9.990e-29
 163.853113     -0.688   0.362249    15.5548    -1.8320     -0.682     0.2143    -0.8185 -9.990e-29
 163.853119     -0.684   0.361888    15.5564    -1.8319     -0.678     0.2141    -0.8189 -9.990e-29
 163.853125     -0.680   0.361644    15.5555    -1.8320     -0.674     0.2140    -0.8189 -9.990e-29
 163.853131     -0.678   0.361744    15.5497    -1.8320     -0.672     0.2140    -0.8179 -9.990e-29
 163.853137     -0.676   0.361768    15.5393    -1.8320     -0.670     0.2141    -0.8162 -9.990e-29
 163.853142     -0.668   0.361194    15.5285    -1.8326     -0.662     0.2138    -0.8147 -9.990e-29
 163.853148     -0.659   0.360366    15.5224    -1.8332     -0.654     0.2134    -0.8141 -9.990e-29
 163.853154     -0.652   0.359841    15.5223    -1.8332     -0.647     0.2130    -0.8143 -9.990e-29
 163.853160     -0.646   0.359471    15.5248    -1.8330     -0.641     0.2128    -0.8149 -9.990e-29
 163.853166     -0.641   0.358765    15.5268    -1.8328     -0.636     0.2124    -0.8156 -9.990e-29
 163.853171     -0.638   0.357334    15.5275    -1.8325     -0.633     0.2115    -0.8163 -9.990e-29
 163.853177     -0.635   0.355487    15.5267    -1.8323     -0.630     0.2104    -0.8171 -9.990e-29
 163.853183     -0.632   0.354083    15.5245    -1.8324     -0.627     0.2095    -0.8174 -9.990e-29
 163.853189     -0.630   0.353468    15.5196    -1.8328     -0.625     0.2092    -0.8169 -9.990e-29
 163.853194     -0.628   0.353375    15.5111    -1.8329     -0.623     0.2092    -0.8156 -9.990e-29
 163.853200     -0.627   0.353680    15.5028    -1.8328     -0.622     0.2094    -0.8141 -9.990e-29
 163.853206     -0.625   0.354233    15.4996    -1.8324     -0.620     0.2098    -0.8133 -9.990e-29
 163.853212     -0.623   0.354665    15.5016    -1.8323     -0.618     0.2100    -0.8134 -9.990e-29
 163.853218     -0.620   0.354996    15.5064    -1.8324     -0.615     0.2102    -0.8140 -9.990e-29
 163.853223     -0.618   0.355114    15.5116    -1.8323     -0.613     0.2102    -0.8148 -9.990e-29
 163.853229     -0.615   0.354624    15.5145    -1.8323     -0.610     0.2099    -0.8155 -9.990e-29
 163.853235     -0.611   0.353979    15.5131    -1.8327     -0.606     0.2095    -0.8156 -9.990e-29
 163.853241     -0.606   0.353980    15.5091    -1.8332     -0.601     0.2096    -0.8149 -9.990e-29
 163.853247     -0.600   0.354628    15.5073    -1.8336     -0.595     0.2100    -0.8144 -9.990e-29
 163.853252     -0.592   0.355126    15.5099    -1.8342     -0.587     0.2102    -0.8145 -9.990e-29
 163.853258     -0.585   0.354475    15.5142    -1.8343     -0.580     0.2098    -0.8155 -9.990e-29
