data/oxygen options/OCNMS/OCNMS1/raw_data/2018/CAST_TH015_180924faed.cnv
* Sea-Bird SBE 19 Data File:
* FileName = C:\2018 Mooring Data\Casts\CAST_TH015_180924.hex
* Software Version SeatermAF 2.1.2
* Temperature SN = 2997
* Conductivity SN = 2997
* System UpLoad Time = Sep 24 2018 23:21:20 (localtime) = Sep 24 2018 23:21:20 (UTC)
** CAST_TH015_180924
* ds
# nquan = 9                                 
# nvalues = 911                         
# units = specified
# name 0 = timeJ: Julian Days
# name 1 = prSM: Pressure, Strain Gauge [db]
# name 2 = c0mS/cm: Conductivity [mS/cm]
# name 3 = t090C: Temperature [ITS-90, deg C]
# name 4 = sbeox0ML/L: Oxygen, SBE 43 [ml/l]
# name 5 = depSM: Depth [salt water, m], lat = 47.5
# name 6 = sal00: Salinity, Practical [PSU]
# name 7 = sigma-é00: Density [sigma-theta, kg/m^3]
# name 8 = flag: flag
# span 0 = 267.957222, 267.962488       
# span 1 =     -5.374,     16.519       
# span 2 =   0.419055,  37.788948       
# span 3 =    13.2727,    16.3618       
# span 4 =    -1.8437,    15.3436       
# span 5 =     -5.329,     16.380       
# span 6 =     0.2457,    31.7457       
# span 7 =    -0.8775,    23.8189       
# span 8 = 0.0000e+00, 0.0000e+00       
# interval = seconds: 0.5
# start_time = Sep 24 2018 22:58:24 [Instrument's time stamp, header]
# bad_flag = -9.990e-29
*END*
 267.957222     -5.374 -9.990e-29    15.5883    -1.8256     -5.329 -9.990e-29 -9.990e-29 -9.990e-29
 267.957228     -5.344   0.459469    15.5901    -1.8257     -5.299     0.2732    -0.7786 -9.990e-29
 267.957234     -5.311   0.459431    15.5942    -1.8255     -5.267     0.2732    -0.7793 -9.990e-29
 267.957240     -5.279   0.459317    15.6008    -1.8252     -5.235     0.2730    -0.7804 -9.990e-29
 267.957245     -5.253   0.458974    15.6087    -1.8253     -5.209     0.2728    -0.7819 -9.990e-29
 267.957251     -5.229   0.458315    15.6174    -1.8250     -5.185     0.2723    -0.7836 -9.990e-29
 267.957257     -5.206   0.457570    15.6272    -1.8249     -5.163     0.2718    -0.7855 -9.990e-29
 267.957263     -5.184   0.457223    15.6378    -1.8248     -5.141     0.2715    -0.7875 -9.990e-29
 267.957269     -5.160   0.457368    15.6465    -1.8246     -5.117     0.2716    -0.7888 -9.990e-29
 267.957274     -5.133   0.457459    15.6512    -1.8247     -5.090     0.2716    -0.7895 -9.990e-29
 267.957280     -5.101   0.457064    15.6541    -1.8248     -5.058     0.2713    -0.7902 -9.990e-29
 267.957286     -5.063   0.456213    15.6581    -1.8250     -5.021     0.2708    -0.7913 -9.990e-29
 267.957292     -5.019   0.455433    15.6621    -1.8254     -4.977     0.2703    -0.7923 -9.990e-29
 267.957297     -4.977   0.455348    15.6652    -1.8260     -4.936     0.2702    -0.7928 -9.990e-29
 267.957303     -4.937   0.455846    15.6686    -1.8265     -4.896     0.2705    -0.7931 -9.990e-29
 267.957309     -4.897   0.456484    15.6725    -1.8269     -4.856     0.2708    -0.7935 -9.990e-29
 267.957315     -4.854   0.457006    15.6760    -1.8274     -4.814     0.2711    -0.7938 -9.990e-29
 267.957321     -4.810   0.456999    15.6779    -1.8277     -4.770     0.2711    -0.7941 -9.990e-29
 267.957326     -4.771   0.456456    15.6771    -1.8278     -4.731     0.2708    -0.7943 -9.990e-29
 267.957332     -4.739   0.455760    15.6739    -1.8280     -4.700     0.2704    -0.7941 -9.990e-29
 267.957338     -4.711   0.455092    15.6678    -1.8286     -4.672     0.2700    -0.7934 -9.990e-29
 267.957344     -4.685   0.454673    15.6578    -1.8292     -4.646     0.2698    -0.7919 -9.990e-29
 267.957350     -4.661   0.454499    15.6453    -1.8298     -4.622     0.2698    -0.7900 -9.990e-29
 267.957355     -4.637   0.454339    15.6329    -1.8302     -4.598     0.2698    -0.7880 -9.990e-29
 267.957361     -4.610   0.453980    15.6214    -1.8305     -4.572     0.2697    -0.7863 -9.990e-29
 267.957367     -4.580   0.453497    15.6110    -1.8305     -4.542     0.2694    -0.7848 -9.990e-29
 267.957373     -4.548   0.453357    15.6027    -1.8307     -4.510     0.2694    -0.7835 -9.990e-29
 267.957378     -4.518   0.453926    15.5959    -1.8312     -4.480     0.2698    -0.7821 -9.990e-29
 267.957384     -4.486   0.454856    15.5873    -1.8319     -4.449     0.2704    -0.7803 -9.990e-29
 267.957390     -4.455   0.455171    15.5752    -1.8320     -4.418     0.2707    -0.7782 -9.990e-29
 267.957396     -4.429   0.454739    15.5614    -1.8319     -4.392     0.2705    -0.7761 -9.990e-29
 267.957402     -4.404   0.454093    15.5483    -1.8317     -4.367     0.2702    -0.7743 -9.990e-29
 267.957407     -4.379   0.453481    15.5373    -1.8318     -4.342     0.2699    -0.7728 -9.990e-29
 267.957413     -4.353   0.453197    15.5296    -1.8322     -4.317     0.2698    -0.7717 -9.990e-29
 267.957419     -4.324   0.453415    15.5241    -1.8329     -4.288     0.2699    -0.7707 -9.990e-29
 267.957425     -4.291   0.453874    15.5173    -1.8333     -4.255     0.2703    -0.7694 -9.990e-29
 267.957431     -4.254   0.454077    15.5076    -1.8339     -4.219     0.2704    -0.7677 -9.990e-29
 267.957436     -4.222   0.453742    15.4983    -1.8343     -4.187     0.2703    -0.7663 -9.990e-29
 267.957442     -4.195   0.452979    15.4933    -1.8344     -4.160     0.2699    -0.7659 -9.990e-29
 267.957448     -4.173   0.452433    15.4925    -1.8347     -4.138     0.2695    -0.7660 -9.990e-29
 267.957454     -4.153   0.452485    15.4921    -1.8348     -4.118     0.2696    -0.7659 -9.990e-29
 267.957459     -4.134   0.452650    15.4881    -1.8350     -4.100     0.2697    -0.7652 -9.990e-29
 267.957465     -4.116   0.452597    15.4788    -1.8355     -4.082     0.2697    -0.7637 -9.990e-29
 267.957471     -4.097   0.452254    15.4663    -1.8360     -4.063     0.2696    -0.7618 -9.990e-29
 267.957477     -4.076   0.451719    15.4532    -1.8363     -4.042     0.2694    -0.7600 -9.990e-29
 267.957483     -4.052   0.451388    15.4411    -1.8365     -4.018     0.2692    -0.7582 -9.990e-29
 267.957488     -4.023   0.451374    15.4315    -1.8368     -3.989     0.2693    -0.7566 -9.990e-29
 267.957494     -3.991   0.451661    15.4246    -1.8370     -3.958     0.2695    -0.7554 -9.990e-29
 267.957500     -3.963   0.452078    15.4185    -1.8374     -3.930     0.2698    -0.7542 -9.990e-29
 267.957506     -3.941   0.452072    15.4122    -1.8375     -3.908     0.2698    -0.7532 -9.990e-29
 267.957512     -3.921   0.451639    15.4049    -1.8381     -3.888     0.2696    -0.7522 -9.990e-29
 267.957517     -3.896   0.451308    15.3956    -1.8385     -3.864     0.2695    -0.7509 -9.990e-29
 267.957523     -3.868   0.451193    15.3857    -1.8384     -3.836     0.2695    -0.7493 -9.990e-29
 267.957529     -3.841   0.451143    15.3773    -1.8383     -3.809     0.2695    -0.7480 -9.990e-29
 267.957535     -3.814   0.451091    15.3701    -1.8385     -3.782     0.2695    -0.7469 -9.990e-29
 267.957541     -3.783   0.450968    15.3629    -1.8386     -3.751     0.2695    -0.7458 -9.990e-29
 267.957546     -3.751   0.450613    15.3556    -1.8388     -3.720     0.2693    -0.7448 -9.990e-29
 267.957552     -3.722   0.450108    15.3484    -1.8391     -3.691     0.2690    -0.7438 -9.990e-29
 267.957558     -3.692   0.449887    15.3404    -1.8391     -3.661     0.2690    -0.7427 -9.990e-29
 267.957564     -3.664   0.450210    15.3313    -1.8392     -3.633     0.2692    -0.7411 -9.990e-29
 267.957569     -3.640   0.450956    15.3243    -1.8395     -3.610     0.2697    -0.7396 -9.990e-29
 267.957575     -3.620   0.451456    15.3218    -1.8399     -3.590     0.2700    -0.7389 -9.990e-29
 267.957581     -3.601   0.451270    15.3208    -1.8403     -3.571     0.2699    -0.7389 -9.990e-29
 267.957587     -3.584   0.450705    15.3184    -1.8406     -3.554     0.2696    -0.7387 -9.990e-29
 267.957593     -3.565   0.450117    15.3146    -1.8408     -3.535     0.2693    -0.7384 -9.990e-29
 267.957598     -3.546   0.449831    15.3100    -1.8411     -3.516     0.2691    -0.7378 -9.990e-29
 267.957604     -3.527   0.450022    15.3051    -1.8414     -3.498     0.2693    -0.7369 -9.990e-29
 267.957610     -3.513   0.450944    15.3008    -1.8415     -3.484     0.2699    -0.7358 -9.990e-29
 267.957616     -3.499   0.452719    15.2959    -1.8413     -3.470     0.2710    -0.7342 -9.990e-29
 267.957622     -3.478   0.454391    15.2895    -1.8412     -3.449     0.2721    -0.7324 -9.990e-29
 267.957627     -3.450   0.454868    15.2817    -1.8412     -3.421     0.2724    -0.7309 -9.990e-29
 267.957633     -3.418   0.454230    15.2733    -1.8412     -3.390     0.2721    -0.7299 -9.990e-29
 267.957639     -3.388   0.453292    15.2657    -1.8408     -3.360     0.2715    -0.7291 -9.990e-29
 267.957645     -3.361   0.452465    15.2593    -1.8404     -3.333     0.2711    -0.7285 -9.990e-29
 267.957650     -3.338   0.451753    15.2530    -1.8405     -3.310     0.2707    -0.7278 -9.990e-29
 267.957656     -3.315   0.451319    15.2476    -1.8408     -3.287     0.2704    -0.7271 -9.990e-29
 267.957662     -3.296   0.451138    15.2451    -1.8408     -3.269     0.2703    -0.7268 -9.990e-29
 267.957668     -3.284   0.450968    15.2457    -1.8409     -3.257     0.2702    -0.7270 -9.990e-29
 267.957674     -3.274   0.450585    15.2476    -1.8410     -3.247     0.2700    -0.7275 -9.990e-29
 267.957679     -3.261   0.450033    15.2499    -1.8412     -3.234     0.2696    -0.7281 -9.990e-29
 267.957685     -3.245   0.449683    15.2536    -1.8419     -3.218     0.2694    -0.7289 -9.990e-29
 267.957691     -3.223   0.449625    15.2594    -1.8424     -3.196     0.2693    -0.7298 -9.990e-29
 267.957697     -3.200   0.449782    15.2640    -1.8430     -3.173     0.2694    -0.7305 -9.990e-29
 267.957703     -3.177   0.450364    15.2644    -1.8435     -3.151     0.2697    -0.7303 -9.990e-29
 267.957708     -3.154   0.451595    15.2620    -1.8437     -3.128     0.2705    -0.7293 -9.990e-29
 267.957714     -3.133   0.452901    15.2595    -1.8437     -3.107     0.2713    -0.7283 -9.990e-29
 267.957720     -3.118   0.453254    15.2567    -1.8435     -3.092     0.2716    -0.7277 -9.990e-29
 267.957726     -3.106   0.452572    15.2518    -1.8433     -3.080     0.2712    -0.7272 -9.990e-29
 267.957731     -3.098   0.451607    15.2435    -1.8430     -3.072     0.2706    -0.7263 -9.990e-29
 267.957737     -3.089   0.450737    15.2316    -1.8424     -3.063     0.2702    -0.7249 -9.990e-29
 267.957743     -3.073   0.449912    15.2181    -1.8419     -3.047     0.2698    -0.7231 -9.990e-29
 267.957749     -3.054   0.449140    15.2052    -1.8419     -3.029     0.2694    -0.7214 -9.990e-29
 267.957755     -3.036   0.448500    15.1949    -1.8423     -3.011     0.2690    -0.7201 -9.990e-29
 267.957760     -3.016   0.448247    15.1894    -1.8425     -2.991     0.2689    -0.7193 -9.990e-29
 267.957766     -2.995   0.448598    15.1888    -1.8424     -2.970     0.2691    -0.7191 -9.990e-29
 267.957772     -2.969   0.449470    15.1921    -1.8422     -2.944     0.2697    -0.7192 -9.990e-29
 267.957778     -2.939   0.450363    15.1985    -1.8423     -2.914     0.2702    -0.7198 -9.990e-29
 267.957784     -2.905   0.450807    15.2075    -1.8424     -2.881     0.2704    -0.7210 -9.990e-29
 267.957789     -2.875   0.450841    15.2177    -1.8426     -2.851     0.2703    -0.7226 -9.990e-29
 267.957795     -2.851   0.450512    15.2252    -1.8424     -2.827     0.2701    -0.7239 -9.990e-29
 267.957801     -2.831   0.449934    15.2269    -1.8423     -2.807     0.2697    -0.7245 -9.990e-29
 267.957807     -2.814   0.449446    15.2243    -1.8424     -2.791     0.2694    -0.7243 -9.990e-29
 267.957812     -2.799   0.448953    15.2217    -1.8425     -2.776     0.2691    -0.7241 -9.990e-29
 267.957818     -2.786   0.448354    15.2217    -1.8425     -2.763     0.2688    -0.7244 -9.990e-29
 267.957824     -2.772   0.447957    15.2227    -1.8427     -2.749     0.2685    -0.7248 -9.990e-29
 267.957830     -2.758   0.447789    15.2223    -1.8429     -2.735     0.2684    -0.7248 -9.990e-29
 267.957836     -2.743   0.447627    15.2209    -1.8431     -2.720     0.2683    -0.7246 -9.990e-29
 267.957841     -2.725   0.447257    15.2203    -1.8432     -2.702     0.2681    -0.7247 -9.990e-29
 267.957847     -2.707   0.446739    15.2211    -1.8432     -2.684     0.2678    -0.7251 -9.990e-29
 267.957853     -2.698   0.446490    15.2214    -1.8431     -2.676     0.2676    -0.7253 -9.990e-29
 267.957859     -2.696   0.446734    15.2201    -1.8430     -2.674     0.2678    -0.7249 -9.990e-29
 267.957865     -2.693   0.447244    15.2181    -1.8429     -2.671     0.2681    -0.7244 -9.990e-29
 267.957870     -2.685   0.447593    15.2159    -1.8428     -2.663     0.2683    -0.7239 -9.990e-29
 267.957876     -2.670   0.447693    15.2126    -1.8429     -2.648     0.2684    -0.7233 -9.990e-29
 267.957882     -2.652   0.447678    15.2081    -1.8426     -2.630     0.2685    -0.7226 -9.990e-29
 267.957888     -2.639   0.447528    15.2039    -1.8422     -2.617     0.2684    -0.7220 -9.990e-29
 267.957894     -2.630   0.447043    15.2018    -1.8420     -2.608     0.2681    -0.7219 -9.990e-29
 267.957899     -2.615   0.446132    15.2022    -1.8416     -2.593     0.2675    -0.7224 -9.990e-29
 267.957905     -2.594   0.445245    15.2041    -1.8416     -2.572     0.2670    -0.7231 -9.990e-29
 267.957911     -2.573   0.444861    15.2064    -1.8415     -2.552     0.2667    -0.7236 -9.990e-29
 267.957917     -2.557   0.445025    15.2089    -1.8415     -2.536     0.2668    -0.7240 -9.990e-29
 267.957922     -2.539   0.445400    15.2114    -1.8415     -2.518     0.2670    -0.7242 -9.990e-29
 267.957928     -2.514   0.445381    15.2146    -1.8413     -2.493     0.2670    -0.7247 -9.990e-29
 267.957934     -2.485   0.444942    15.2200    -1.8412     -2.464     0.2667    -0.7258 -9.990e-29
 267.957940     -2.455   0.444606    15.2271    -1.8410     -2.435     0.2664    -0.7271 -9.990e-29
 267.957946     -2.420   0.444482    15.2345    -1.8408     -2.400     0.2663    -0.7283 -9.990e-29
 267.957951     -2.384   0.444404    15.2407    -1.8406     -2.364     0.2662    -0.7293 -9.990e-29
 267.957957     -2.353   0.444270    15.2446    -1.8403     -2.333     0.2661    -0.7300 -9.990e-29
 267.957963     -2.328   0.443899    15.2469    -1.8399     -2.309     0.2659    -0.7305 -9.990e-29
 267.957969     -2.309   0.443353    15.2486    -1.8400     -2.290     0.2655    -0.7311 -9.990e-29
 267.957975     -2.294   0.443010    15.2509    -1.8402     -2.275     0.2653    -0.7316 -9.990e-29
 267.957980     -2.283   0.442968    15.2543    -1.8403     -2.264     0.2653    -0.7322 -9.990e-29
 267.957986     -2.273   0.443173    15.2583    -1.8404     -2.254     0.2654    -0.7327 -9.990e-29
 267.957992     -2.266   0.443343    15.2629    -1.8403     -2.247     0.2654    -0.7334 -9.990e-29
 267.957998     -2.260   0.443152    15.2682    -1.8404     -2.241     0.2653    -0.7343 -9.990e-29
 267.958003     -2.255   0.442899    15.2739    -1.8405     -2.236     0.2651    -0.7353 -9.990e-29
 267.958009     -2.251   0.442802    15.2799    -1.8403     -2.232     0.2650    -0.7363 -9.990e-29
 267.958015     -2.247   0.442733    15.2841    -1.8399     -2.228     0.2649    -0.7370 -9.990e-29
 267.958021     -2.243   0.442600    15.2846    -1.8396     -2.224     0.2648    -0.7372 -9.990e-29
 267.958027     -2.239   0.442226    15.2825    -1.8396     -2.220     0.2646    -0.7370 -9.990e-29
 267.958032     -2.234   0.441666    15.2802    -1.8397     -2.215     0.2643    -0.7369 -9.990e-29
 267.958038     -2.230   0.441284    15.2790    -1.8396     -2.211     0.2641    -0.7369 -9.990e-29
 267.958044     -2.224   0.441124    15.2785    -1.8393     -2.205     0.2640    -0.7369 -9.990e-29
 267.958050     -2.217   0.440973    15.2783    -1.8390     -2.199     0.2639    -0.7369 -9.990e-29
 267.958056     -2.208   0.440630    15.2794    -1.8387     -2.190     0.2637    -0.7373 -9.990e-29
 267.958061     -2.198   0.440193    15.2836    -1.8383     -2.180     0.2634    -0.7382 -9.990e-29
 267.958067     -2.184   0.440187    15.2899    -1.8379     -2.166     0.2633    -0.7392 -9.990e-29
 267.958073     -2.166   0.440603    15.2954    -1.8375     -2.148     0.2635    -0.7398 -9.990e-29
 267.958079     -2.144   0.440889    15.2985    -1.8370     -2.126     0.2637    -0.7402 -9.990e-29
 267.958084     -2.119   0.440874    15.3002    -1.8366     -2.101     0.2637    -0.7405 -9.990e-29
 267.958090     -2.099   0.440539    15.3034    -1.8363     -2.081     0.2634    -0.7412 -9.990e-29
 267.958096     -2.083   0.439991    15.3095    -1.8361     -2.066     0.2631    -0.7424 -9.990e-29
 267.958102     -2.065   0.439609    15.3173    -1.8359     -2.048     0.2628    -0.7438 -9.990e-29
 267.958108     -2.049   0.439437    15.3259    -1.8355     -2.032     0.2626    -0.7453 -9.990e-29
 267.958113     -2.037   0.439246    15.3356    -1.8353     -2.020     0.2625    -0.7469 -9.990e-29
 267.958119     -2.030   0.438780    15.3461    -1.8351     -2.013     0.2621    -0.7488 -9.990e-29
 267.958125     -2.021   0.437975    15.3569    -1.8347     -2.004     0.2615    -0.7509 -9.990e-29
 267.958131     -2.007   0.437419    15.3679    -1.8342     -1.990     0.2611    -0.7530 -9.990e-29
 267.958137     -1.991   0.437480    15.3780    -1.8338     -1.974     0.2611    -0.7546 -9.990e-29
 267.958142     -1.977   0.437685    15.3867    -1.8336     -1.961     0.2612    -0.7559 -9.990e-29
