data/oxygen options/OCNMS/OCNMS1/raw_data/2018/CAST_CA042_180612faed.cnv
* Sea-Bird SBE19 Data File:
* FileName = C:\2018 Mooring Data\Casts\CAST_CA042_180612.hex
* Software Version 1.59
* Temperature SN = 2997
* Conductivity SN = 2997
* System UpLoad Time = Jun 12 2018 17:35:41
** CAST_CA042_180612
* ds
# nquan = 9                                 
# nvalues = 946                         
# units = specified
# name 0 = timeJ: Julian Days
# name 1 = prSM: Pressure, Strain Gauge [db]
# name 2 = c0mS/cm: Conductivity [mS/cm]
# name 3 = t090C: Temperature [ITS-90, deg C]
# name 4 = sbeox0ML/L: Oxygen, SBE 43 [ml/l]
# name 5 = depSM: Depth [salt water, m], lat = 47.5
# name 6 = sal00: Salinity, Practical [PSU]
# name 7 = sigma-é00: Density [sigma-theta, kg/m^3]
# name 8 = flag: flag
# span 0 = 163.725174, 163.730642       
# span 1 =     -4.667,     44.084       
# span 2 =   0.011112,  37.023813       
# span 3 =     8.4800,    14.6866       
# span 4 =    -1.9028,    15.1441       
# span 5 =     -4.628,     43.711       
# span 6 =     0.0116,    33.4823       
# span 7 =    -0.7731,    26.0099       
# span 8 = 0.0000e+00, 0.0000e+00       
# interval = seconds: 0.5
# start_time = Jun 12 2018 17:24:15 [Instrument's time stamp, header]
# bad_flag = -9.990e-29
*END*
[from data line 481]
 163.727957      0.984  33.994330    14.6353     6.7561      0.976    27.2572    20.0863 -9.990e-29
 163.727963      0.987  33.988498    14.6355     6.7651      0.979    27.2519    20.0822 -9.990e-29
 163.727969      0.990  33.990610    14.6394     6.7805      0.982    27.2510    20.0807 -9.990e-29
 163.727975      0.992  33.988962    14.6456     6.7837      0.984    27.2452    20.0750 -9.990e-29
 163.727980      0.995  33.976539    14.6526     6.7748      0.987    27.2293    20.0614 -9.990e-29
 163.727986      0.999  33.959193    14.6590     6.7673      0.991    27.2094    20.0448 -9.990e-29
 163.727992      1.003  33.945912    14.6631     6.7614      0.995    27.1948    20.0327 -9.990e-29
 163.727998      1.008  33.940278    14.6648     6.7567      1.000    27.1886    20.0276 -9.990e-29
 163.728003      1.013  33.938902    14.6651     6.7726      1.005    27.1872    20.0264 -9.990e-29
 163.728009      1.021  33.939408    14.6655     6.7757      1.012    27.1873    20.0265 -9.990e-29
 163.728015      1.026  33.940247    14.6668     6.7701      1.017    27.1872    20.0261 -9.990e-29
 163.728021      1.025  33.939194    14.6689     6.7615      1.016    27.1848    20.0238 -9.990e-29
 163.728027      1.022  33.934862    14.6712     6.7477      1.013    27.1793    20.0192 -9.990e-29
 163.728032      1.021  33.927090    14.6731     6.7608      1.012    27.1711    20.0125 -9.990e-29
 163.728038      1.021  33.920644    14.6740     6.7753      1.012    27.1648    20.0074 -9.990e-29
 163.728044      1.024  33.918701    14.6739     6.7818      1.015    27.1631    20.0062 -9.990e-29
 163.728050      1.029  33.917566    14.6737     6.7883      1.020    27.1622    20.0055 -9.990e-29
 163.728056      1.037  33.913504    14.6749     6.7822      1.028    27.1578    20.0019 -9.990e-29
 163.728061      1.047  33.903913    14.6778     6.7725      1.038    27.1473    19.9932 -9.990e-29
 163.728067      1.061  33.889453    14.6807     6.7695      1.052    27.1324    19.9812 -9.990e-29
 163.728073      1.075  33.877730    14.6822     6.7665      1.066    27.1210    19.9721 -9.990e-29
 163.728079      1.082  33.873838    14.6823     6.7679      1.073    27.1175    19.9694 -9.990e-29
 163.728084      1.078  33.873723    14.6820     6.7780      1.069    27.1176    19.9695 -9.990e-29
 163.728090      1.067  33.872769    14.6815     6.7864      1.058    27.1171    19.9692 -9.990e-29
 163.728096      1.056  33.870280    14.6813     6.7885      1.047    27.1150    19.9677 -9.990e-29
 163.728102      1.049  33.865754    14.6817     6.7926      1.040    27.1107    19.9643 -9.990e-29
 163.728108      1.046  33.861007    14.6827     6.7903      1.037    27.1058    19.9603 -9.990e-29
 163.728113      1.047  33.858683    14.6841     6.7814      1.038    27.1028    19.9577 -9.990e-29
 163.728119      1.051  33.857377    14.6856     6.7782      1.042    27.1006    19.9557 -9.990e-29
 163.728125      1.059  33.855363    14.6866     6.7694      1.050    27.0981    19.9536 -9.990e-29
 163.728131      1.068  33.853332    14.6865     6.7619      1.059    27.0964    19.9523 -9.990e-29
 163.728137      1.068  33.851950    14.6856     6.7645      1.059    27.0958    19.9520 -9.990e-29
 163.728142      1.061  33.849947    14.6849     6.7663      1.052    27.0945    19.9512 -9.990e-29
 163.728148      1.053  33.845790    14.6846     6.7768      1.044    27.0910    19.9486 -9.990e-29
 163.728154      1.050  33.840108    14.6840     6.7873      1.041    27.0864    19.9451 -9.990e-29
 163.728160      1.051  33.837656    14.6830     6.7812      1.042    27.0849    19.9442 -9.990e-29
 163.728166      1.055  33.839100    14.6822     6.7636      1.046    27.0868    19.9458 -9.990e-29
 163.728171      1.064  33.836305    14.6815     6.7431      1.055    27.0848    19.9444 -9.990e-29
 163.728177      1.077  33.829478    14.6799     6.7259      1.068    27.0798    19.9409 -9.990e-29
 163.728183      1.092  33.824647    14.6769     6.7425      1.083    27.0776    19.9398 -9.990e-29
 163.728189      1.105  33.824340    14.6737     6.7615      1.096    27.0796    19.9420 -9.990e-29
 163.728194      1.116  33.828164    14.6724     6.7789      1.107    27.0838    19.9455 -9.990e-29
 163.728200      1.123  33.831156    14.6739     6.7710      1.114    27.0855    19.9465 -9.990e-29
 163.728206      1.121  33.832843    14.6762     6.7469      1.112    27.0854    19.9459 -9.990e-29
 163.728212      1.114  33.836611    14.6782     6.7519      1.105    27.0873    19.9470 -9.990e-29
 163.728218      1.111  33.844702    14.6798     6.7610      1.102    27.0934    19.9514 -9.990e-29
 163.728223      1.115  33.856724    14.6801     6.7722      1.106    27.1038    19.9593 -9.990e-29
 163.728229      1.128  33.866335    14.6791     6.7651      1.119    27.1130    19.9666 -9.990e-29
 163.728235      1.145  33.868454    14.6777     6.7523      1.135    27.1159    19.9691 -9.990e-29
 163.728241      1.159  33.865923    14.6765     6.7475      1.149    27.1145    19.9682 -9.990e-29
 163.728247      1.167  33.862100    14.6757     6.7557      1.157    27.1116    19.9662 -9.990e-29
 163.728252      1.169  33.856939    14.6759     6.7663      1.159    27.1069    19.9626 -9.990e-29
 163.728258      1.165  33.849174    14.6769     6.7847      1.155    27.0993    19.9565 -9.990e-29
 163.728264      1.156  33.840779    14.6778     6.7809      1.146    27.0913    19.9501 -9.990e-29
 163.728270      1.144  33.839048    14.6778     6.7812      1.134    27.0897    19.9490 -9.990e-29
 163.728275      1.137  33.846165    14.6772     6.7705      1.128    27.0965    19.9543 -9.990e-29
 163.728281      1.136  33.857086    14.6768     6.7708      1.127    27.1064    19.9620 -9.990e-29
 163.728287      1.135  33.872954    14.6768     6.7738      1.126    27.1205    19.9728 -9.990e-29
 163.728293      1.135  33.885838    14.6769     6.7631      1.126    27.1318    19.9815 -9.990e-29
 163.728299      1.131  33.883266    14.6767     6.7552      1.122    27.1297    19.9799 -9.990e-29
 163.728304      1.124  33.878616    14.6756     6.7520      1.115    27.1263    19.9776 -9.990e-29
 163.728310      1.121  33.886414    14.6738     6.7553      1.112    27.1345    19.9842 -9.990e-29
 163.728316      1.126  33.900840    14.6732     6.7726      1.117    27.1477    19.9945 -9.990e-29
 163.728322      1.135  33.905884    14.6743     6.7792      1.126    27.1514    19.9971 -9.990e-29
 163.728328      1.141  33.899330    14.6759     6.7730      1.131    27.1445    19.9915 -9.990e-29
 163.728333      1.144  33.890926    14.6768     6.7583      1.134    27.1364    19.9851 -9.990e-29
 163.728339      1.152  33.885717    14.6773     6.7546      1.142    27.1314    19.9811 -9.990e-29
 163.728345      1.166  33.889647    14.6780     6.7673      1.156    27.1344    19.9833 -9.990e-29
 163.728351      1.179  33.907412    14.6789     6.7745      1.169    27.1496    19.9947 -9.990e-29
 163.728356      1.186  33.933047    14.6793     6.7733      1.176    27.1720    20.0119 -9.990e-29
 163.728362      1.189  33.945896    14.6794     6.7781      1.179    27.1833    20.0206 -9.990e-29
 163.728368      1.187  33.935681    14.6802     6.7707      1.177    27.1737    20.0131 -9.990e-29
 163.728374      1.181  33.917902    14.6814     6.7591      1.171    27.1571    20.0001 -9.990e-29
 163.728380      1.174  33.905815    14.6825     6.7660      1.164    27.1456    19.9910 -9.990e-29
 163.728385      1.171  33.900671    14.6840     6.7538      1.161    27.1400    19.9864 -9.990e-29
 163.728391      1.170  33.914098    14.6858     6.7601      1.160    27.1507    19.9942 -9.990e-29
 163.728397      1.172  33.949460    14.6863     6.7625      1.162    27.1817    20.0180 -9.990e-29
 163.728403      1.173  33.973884    14.6849     6.7685      1.163    27.2043    20.0356 -9.990e-29
 163.728409      1.168  33.971254    14.6824     6.7868      1.158    27.2037    20.0357 -9.990e-29
 163.728414      1.158  33.978381    14.6791     6.7828      1.148    27.2123    20.0430 -9.990e-29
 163.728420      1.150  34.022694    14.6747     6.7807      1.140    27.2547    20.0765 -9.990e-29
 163.728426      1.151  34.083251    14.6673     6.7678      1.141    27.3136    20.1233 -9.990e-29
 163.728432      1.155  34.129985    14.6561     6.7678      1.145    27.3630    20.1635 -9.990e-29
 163.728438      1.152  34.128945    14.6463     6.7797      1.142    27.3689    20.1701 -9.990e-29
 163.728443      1.146  34.082676    14.6446     6.7822      1.136    27.3291    20.1397 -9.990e-29
 163.728449      1.142  34.040891    14.6512     6.7769      1.132    27.2873    20.1063 -9.990e-29
 163.728455      1.140  34.008903    14.6592     6.7572      1.130    27.2533    20.0785 -9.990e-29
 163.728461      1.138  33.983256    14.6626     6.7512      1.128    27.2282    20.0585 -9.990e-29
 163.728466      1.137  33.973432    14.6618     6.7591      1.128    27.2201    20.0524 -9.990e-29
 163.728472      1.141  33.971387    14.6606     6.7669      1.131    27.2191    20.0519 -9.990e-29
 163.728478      1.154  33.972734    14.6622     6.7663      1.144    27.2191    20.0516 -9.990e-29
 163.728484      1.174  33.973685    14.6656     6.7492      1.164    27.2176    20.0498 -9.990e-29
 163.728490      1.192  33.971605    14.6687     6.7229      1.182    27.2136    20.0461 -9.990e-29
 163.728495      1.207  33.966537    14.6727     6.7122      1.197    27.2063    20.0396 -9.990e-29
 163.728501      1.218  33.959576    14.6773     6.7236      1.208    27.1969    20.0315 -9.990e-29
 163.728507      1.226  33.951532    14.6804     6.7346      1.216    27.1876    20.0237 -9.990e-29
 163.728513      1.232  33.944011    14.6819     6.7436      1.222    27.1799    20.0175 -9.990e-29
 163.728519      1.237  33.940435    14.6829     6.7408      1.227    27.1760    20.0143 -9.990e-29
 163.728524      1.240  33.939970    14.6837     6.7525      1.230    27.1751    20.0134 -9.990e-29
 163.728530      1.242  33.938651    14.6843     6.7558      1.232    27.1735    20.0120 -9.990e-29
 163.728536      1.243  33.936416    14.6846     6.7648      1.233    27.1713    20.0103 -9.990e-29
 163.728542      1.243  33.938140    14.6846     6.7668      1.233    27.1728    20.0115 -9.990e-29
 163.728547      1.242  33.946136    14.6841     6.7657      1.232    27.1802    20.0173 -9.990e-29
 163.728553      1.240  33.958769    14.6830     6.7712      1.230    27.1922    20.0267 -9.990e-29
 163.728559      1.236  33.972747    14.6795     6.7708      1.226    27.2070    20.0388 -9.990e-29
 163.728565      1.231  33.987134    14.6728     6.7628      1.221    27.2245    20.0536 -9.990e-29
 163.728571      1.229  34.007134    14.6648     6.7625      1.219    27.2478    20.0732 -9.990e-29
 163.728576      1.233  34.023609    14.6590     6.7547      1.223    27.2665    20.0887 -9.990e-29
 163.728582      1.240  34.017680    14.6572     6.7411      1.230    27.2625    20.0860 -9.990e-29
 163.728588      1.246  33.995448    14.6592     6.7467      1.236    27.2414    20.0693 -9.990e-29
 163.728594      1.251  33.973185    14.6643     6.7532      1.241    27.2180    20.0504 -9.990e-29
 163.728600      1.255  33.953124    14.6704     6.7533      1.245    27.1960    20.0322 -9.990e-29
 163.728605      1.259  33.939319    14.6741     6.7563      1.248    27.1812    20.0200 -9.990e-29
 163.728611      1.263  33.938008    14.6749     6.7519      1.252    27.1794    20.0185 -9.990e-29
 163.728617      1.267  33.941303    14.6750     6.7371      1.256    27.1823    20.0207 -9.990e-29
 163.728623      1.268  33.941302    14.6755     6.7439      1.257    27.1819    20.0203 -9.990e-29
 163.728628      1.265  33.941377    14.6753     6.7449      1.254    27.1822    20.0205 -9.990e-29
 163.728634      1.267  33.943323    14.6747     6.7475      1.256    27.1843    20.0223 -9.990e-29
 163.728640      1.273  33.946393    14.6751     6.7388      1.262    27.1867    20.0241 -9.990e-29
 163.728646      1.281  33.948539    14.6764     6.7329      1.270    27.1877    20.0246 -9.990e-29
 163.728652      1.289  33.947601    14.6781     6.7202      1.278    27.1857    20.0227 -9.990e-29
 163.728657      1.300  33.947381    14.6797     6.7204      1.289    27.1844    20.0214 -9.990e-29
 163.728663      1.313  33.948723    14.6805     6.7263      1.302    27.1850    20.0217 -9.990e-29
 163.728669      1.330  33.947834    14.6807     6.7264      1.319    27.1841    20.0209 -9.990e-29
 163.728675      1.352  33.945966    14.6815     6.7190      1.341    27.1819    20.0191 -9.990e-29
 163.728681      1.379  33.945101    14.6830     6.7238      1.367    27.1800    20.0174 -9.990e-29
 163.728686      1.414  33.944778    14.6840     6.7055      1.402    27.1791    20.0164 -9.990e-29
 163.728692      1.463  33.945035    14.6838     6.6770      1.451    27.1794    20.0167 -9.990e-29
 163.728698      1.533  33.945750    14.6820     6.6584      1.520    27.1813    20.0185 -9.990e-29
 163.728704      1.625  33.946669    14.6785     6.6534      1.611    27.1845    20.0217 -9.990e-29
 163.728709      1.740  33.948930    14.6735     6.6863      1.725    27.1899    20.0269 -9.990e-29
 163.728715      1.886  33.956576    14.6629     6.7308      1.870    27.2041    20.0399 0.0000e+00
 163.728721      2.072  33.981394    14.6337     6.7850      2.055    27.2465    20.0784 0.0000e+00
 163.728727      2.305  34.058626    14.5562     6.8211      2.286    27.3694    20.1886 0.0000e+00
 163.728733      2.587  34.260375    14.4107     6.8690      2.565    27.6523    20.4356 0.0000e+00
 163.728738      2.916  34.587984    14.2261     6.8476      2.892    28.0788    20.8009 0.0000e+00
 163.728744      3.277  34.938541    14.0532     6.7960      3.250    28.5217    21.1765 0.0000e+00
 163.728750      3.646  35.241922    13.9265     6.7853      3.616    28.8912    21.4865 0.0000e+00
 163.728756      4.004  35.461345    13.8518     6.8427      3.971    29.1472    21.6987 0.0000e+00
 163.728762      4.348  35.582439    13.8079     6.9064      4.312    29.2910    21.8183 0.0000e+00
 163.728767      4.683  35.642249    13.7670     6.9566      4.644    29.3768    21.8926 0.0000e+00
 163.728773      5.013  35.695225    13.7024     6.9590      4.971    29.4747    21.9809 0.0000e+00
 163.728779      5.342  35.798467    13.5841     6.9297      5.297    29.6607    22.1477 0.0000e+00
 163.728785      5.669  35.998827    13.4331     6.9115      5.622    29.9631    22.4107 0.0000e+00
 163.728791      5.986  36.241939    13.3288     6.9286      5.936    30.2704    22.6685 0.0000e+00
 163.728796      6.282  36.391546    13.2966     6.9675      6.229    30.4348    22.8018 0.0000e+00
 163.728802      6.559  36.412926    13.2857     7.0402      6.504    30.4633    22.8260 0.0000e+00
 163.728808      6.830  36.385431    13.2590     7.1035      6.773    30.4590    22.8278 0.0000e+00
 163.728814      7.108  36.381506    13.2133     7.1486      7.049    30.4918    22.8621 0.0000e+00
 163.728819      7.399  36.439508    13.1440     7.1850      7.337    30.6015    22.9603 0.0000e+00
 163.728825      7.703  36.553230    13.0578     7.1936      7.639    30.7773    23.1129 0.0000e+00
 163.728831      8.028  36.660838    12.9792     7.1734      7.961    30.9420    23.2555 0.0000e+00
 163.728837      8.375  36.729298    12.9254     7.1388      8.305    31.0501    23.3495 0.0000e+00
 163.728843      8.734  36.767451    12.8979     7.1178      8.661    31.1084    23.3999 0.0000e+00
 163.728848      9.093  36.785734    12.8856     7.1078      9.017    31.1356    23.4233 0.0000e+00
 163.728854      9.449  36.799455    12.8735     7.1091      9.370    31.1583    23.4433 0.0000e+00
 163.728860      9.803  36.820649    12.8586     7.0864      9.721    31.1904    23.4710 0.0000e+00
 163.728866     10.161  36.856197    12.8466     7.0472     10.076    31.2337    23.5068 0.0000e+00
 163.728872     10.524  36.906355    12.8342     6.9966     10.436    31.2911    23.5536 0.0000e+00
