data/oxygen options/OCNMS/OCNMS1/raw_data/2018/CAST_CE015_180913faed.cnv
* Sea-Bird SBE 19 Data File:
* FileName = C:\2018 Mooring Data\Casts\CAST_CE015_180913.hex
* Software Version SeatermAF 2.1.2
* Temperature SN = 2997
* Conductivity SN = 2997
* System UpLoad Time = Sep 13 2018 20:53:00 (localtime) = Sep 13 2018 20:53:00 (UTC)
** CAST_CE015_180913
* ds
# nquan = 9                                 
# nvalues = 989                         
# units = specified
# name 0 = timeJ: Julian Days
# name 1 = prSM: Pressure, Strain Gauge [db]
# name 2 = c0mS/cm: Conductivity [mS/cm]
# name 3 = t090C: Temperature [ITS-90, deg C]
# name 4 = sbeox0ML/L: Oxygen, SBE 43 [ml/l]
# name 5 = depSM: Depth [salt water, m], lat = 47.5
# name 6 = sal00: Salinity, Practical [PSU]
# name 7 = sigma-é00: Density [sigma-theta, kg/m^3]
# name 8 = flag: flag
# span 0 = 256.832477, 256.838194       
# span 1 =     -4.388,     16.286       
# span 2 =   0.535514,  38.097586       
# span 3 =    13.9585,    16.2312       
# span 4 =    -1.8278,    13.7500       
# span 5 =     -4.351,     16.149       
# span 6 =     0.3153,    31.3200       
# span 7 =    -0.8473,    23.3158       
# span 8 = 0.0000e+00, 0.0000e+00       
# interval = seconds: 0.5
# start_time = Sep 13 2018 19:58:46 [Instrument's time stamp, header]
# bad_flag = -9.990e-29
*END*
 256.832477     -4.388 -9.990e-29    15.6030    -1.8247     -4.351 -9.990e-29 -9.990e-29 -9.990e-29
 256.832483     -4.385   0.667281    15.6102    -1.8244     -4.348     0.4013    -0.6828 -9.990e-29
 256.832488     -4.381   0.666352    15.6178    -1.8241     -4.344     0.4006    -0.6845 -9.990e-29
 256.832494     -4.376   0.663935    15.6249    -1.8240     -4.340     0.3991    -0.6868 -9.990e-29
 256.832500     -4.370   0.661241    15.6314    -1.8236     -4.334     0.3973    -0.6892 -9.990e-29
 256.832506     -4.361   0.659665    15.6370    -1.8235     -4.325     0.3963    -0.6909 -9.990e-29
 256.832512     -4.350   0.658769    15.6414    -1.8233     -4.314     0.3957    -0.6921 -9.990e-29
 256.832517     -4.336   0.657358    15.6443    -1.8231     -4.300     0.3948    -0.6932 -9.990e-29
 256.832523     -4.319   0.655217    15.6463    -1.8230     -4.283     0.3934    -0.6946 -9.990e-29
 256.832529     -4.296   0.653371    15.6496    -1.8228     -4.260     0.3922    -0.6960 -9.990e-29
 256.832535     -4.266   0.652130    15.6552    -1.8228     -4.230     0.3914    -0.6976 -9.990e-29
 256.832541     -4.232   0.650949    15.6616    -1.8227     -4.197     0.3906    -0.6992 -9.990e-29
 256.832546     -4.201   0.649918    15.6682    -1.8227     -4.166     0.3899    -0.7008 -9.990e-29
 256.832552     -4.174   0.649329    15.6748    -1.8227     -4.139     0.3895    -0.7022 -9.990e-29
 256.832558     -4.149   0.648950    15.6809    -1.8226     -4.114     0.3892    -0.7034 -9.990e-29
 256.832564     -4.126   0.648279    15.6866    -1.8225     -4.092     0.3887    -0.7046 -9.990e-29
 256.832569     -4.103   0.646976    15.6918    -1.8225     -4.069     0.3879    -0.7061 -9.990e-29
 256.832575     -4.078   0.644967    15.6963    -1.8227     -4.044     0.3866    -0.7078 -9.990e-29
 256.832581     -4.049   0.642345    15.7002    -1.8227     -4.015     0.3849    -0.7097 -9.990e-29
 256.832587     -4.016   0.639497    15.7034    -1.8227     -3.983     0.3831    -0.7116 -9.990e-29
 256.832593     -3.979   0.637059    15.7054    -1.8225     -3.946     0.3816    -0.7131 -9.990e-29
 256.832598     -3.946   0.635661    15.7063    -1.8223     -3.913     0.3807    -0.7140 -9.990e-29
 256.832604     -3.919   0.635658    15.7071    -1.8222     -3.886     0.3807    -0.7141 -9.990e-29
 256.832610     -3.895   0.636493    15.7084    -1.8220     -3.863     0.3812    -0.7139 -9.990e-29
 256.832616     -3.873   0.636510    15.7097    -1.8219     -3.841     0.3812    -0.7141 -9.990e-29
 256.832622     -3.852   0.634624    15.7098    -1.8221     -3.820     0.3800    -0.7150 -9.990e-29
 256.832627     -3.830   0.631646    15.7088    -1.8225     -3.798     0.3782    -0.7163 -9.990e-29
 256.832633     -3.807   0.629150    15.7085    -1.8226     -3.775     0.3767    -0.7174 -9.990e-29
 256.832639     -3.780   0.627686    15.7104    -1.8224     -3.748     0.3757    -0.7185 -9.990e-29
 256.832645     -3.748   0.626412    15.7147    -1.8227     -3.717     0.3749    -0.7198 -9.990e-29
 256.832650     -3.713   0.624739    15.7196    -1.8227     -3.682     0.3738    -0.7214 -9.990e-29
 256.832656     -3.682   0.623208    15.7234    -1.8224     -3.651     0.3729    -0.7228 -9.990e-29
 256.832662     -3.656   0.622551    15.7260    -1.8222     -3.626     0.3724    -0.7235 -9.990e-29
 256.832668     -3.635   0.623003    15.7263    -1.8220     -3.605     0.3727    -0.7234 -9.990e-29
 256.832674     -3.616   0.624060    15.7232    -1.8220     -3.586     0.3734    -0.7223 -9.990e-29
 256.832679     -3.599   0.624914    15.7183    -1.8218     -3.569     0.3740    -0.7211 -9.990e-29
 256.832685     -3.582   0.625043    15.7154    -1.8217     -3.552     0.3741    -0.7206 -9.990e-29
 256.832691     -3.565   0.624068    15.7146    -1.8220     -3.535     0.3735    -0.7209 -9.990e-29
 256.832697     -3.546   0.621796    15.7141    -1.8222     -3.516     0.3721    -0.7219 -9.990e-29
 256.832703     -3.525   0.619081    15.7153    -1.8222     -3.496     0.3704    -0.7234 -9.990e-29
 256.832708     -3.499   0.617290    15.7192    -1.8221     -3.470     0.3692    -0.7249 -9.990e-29
 256.832714     -3.472   0.616809    15.7243    -1.8220     -3.443     0.3689    -0.7260 -9.990e-29
 256.832720     -3.446   0.616995    15.7291    -1.8222     -3.417     0.3690    -0.7267 -9.990e-29
 256.832726     -3.419   0.616991    15.7328    -1.8224     -3.390     0.3689    -0.7273 -9.990e-29
 256.832731     -3.394   0.616238    15.7351    -1.8224     -3.366     0.3684    -0.7281 -9.990e-29
 256.832737     -3.374   0.614842    15.7350    -1.8224     -3.346     0.3676    -0.7287 -9.990e-29
 256.832743     -3.357   0.613714    15.7321    -1.8222     -3.329     0.3669    -0.7288 -9.990e-29
 256.832749     -3.342   0.613567    15.7290    -1.8220     -3.314     0.3668    -0.7283 -9.990e-29
 256.832755     -3.329   0.614208    15.7281    -1.8218     -3.301     0.3672    -0.7279 -9.990e-29
 256.832760     -3.316   0.614831    15.7289    -1.8216     -3.288     0.3676    -0.7277 -9.990e-29
 256.832766     -3.303   0.614605    15.7290    -1.8213     -3.275     0.3675    -0.7278 -9.990e-29
 256.832772     -3.289   0.613231    15.7271    -1.8210     -3.262     0.3667    -0.7282 -9.990e-29
 256.832778     -3.272   0.611094    15.7246    -1.8208     -3.245     0.3654    -0.7288 -9.990e-29
 256.832784     -3.253   0.609226    15.7236    -1.8206     -3.226     0.3642    -0.7295 -9.990e-29
 256.832789     -3.229   0.608462    15.7253    -1.8205     -3.202     0.3637    -0.7301 -9.990e-29
 256.832795     -3.199   0.608339    15.7299    -1.8206     -3.172     0.3636    -0.7310 -9.990e-29
 256.832801     -3.166   0.607585    15.7359    -1.8209     -3.140     0.3631    -0.7323 -9.990e-29
 256.832807     -3.136   0.605752    15.7417    -1.8211     -3.110     0.3619    -0.7342 -9.990e-29
 256.832812     -3.112   0.603721    15.7475    -1.8213     -3.086     0.3606    -0.7361 -9.990e-29
 256.832818     -3.091   0.602665    15.7539    -1.8217     -3.065     0.3599    -0.7377 -9.990e-29
 256.832824     -3.073   0.603392    15.7605    -1.8217     -3.047     0.3603    -0.7384 -9.990e-29
 256.832830     -3.056   0.605766    15.7663    -1.8218     -3.031     0.3617    -0.7383 -9.990e-29
 256.832836     -3.039   0.607966    15.7703    -1.8216     -3.014     0.3630    -0.7379 -9.990e-29
 256.832841     -3.021   0.608495    15.7715    -1.8216     -2.996     0.3633    -0.7378 -9.990e-29
 256.832847     -3.001   0.608059    15.7695    -1.8215     -2.976     0.3631    -0.7377 -9.990e-29
 256.832853     -2.978   0.607740    15.7653    -1.8214     -2.953     0.3629    -0.7372 -9.990e-29
 256.832859     -2.955   0.607115    15.7600    -1.8211     -2.930     0.3626    -0.7366 -9.990e-29
 256.832865     -2.934   0.605352    15.7546    -1.8209     -2.910     0.3615    -0.7365 -9.990e-29
 256.832870     -2.910   0.602871    15.7502    -1.8206     -2.886     0.3600    -0.7369 -9.990e-29
 256.832876     -2.881   0.600798    15.7478    -1.8206     -2.857     0.3588    -0.7375 -9.990e-29
 256.832882     -2.855   0.599697    15.7474    -1.8205     -2.831     0.3581    -0.7380 -9.990e-29
 256.832888     -2.832   0.599210    15.7486    -1.8204     -2.808     0.3578    -0.7384 -9.990e-29
 256.832894     -2.813   0.598689    15.7504    -1.8202     -2.790     0.3575    -0.7390 -9.990e-29
 256.832899     -2.797   0.597994    15.7527    -1.8199     -2.774     0.3570    -0.7397 -9.990e-29
 256.832905     -2.781   0.597862    15.7566    -1.8198     -2.758     0.3569    -0.7404 -9.990e-29
 256.832911     -2.765   0.598672    15.7621    -1.8196     -2.742     0.3574    -0.7409 -9.990e-29
 256.832917     -2.747   0.599290    15.7679    -1.8194     -2.724     0.3577    -0.7416 -9.990e-29
 256.832922     -2.728   0.598878    15.7731    -1.8193     -2.705     0.3574    -0.7427 -9.990e-29
 256.832928     -2.705   0.597998    15.7772    -1.8191     -2.682     0.3568    -0.7438 -9.990e-29
 256.832934     -2.682   0.597139    15.7808    -1.8191     -2.660     0.3562    -0.7448 -9.990e-29
 256.832940     -2.660   0.596266    15.7851    -1.8193     -2.638     0.3557    -0.7459 -9.990e-29
 256.832946     -2.636   0.595324    15.7906    -1.8196     -2.614     0.3550    -0.7473 -9.990e-29
 256.832951     -2.606   0.594167    15.7961    -1.8196     -2.584     0.3543    -0.7488 -9.990e-29
 256.832957     -2.578   0.592915    15.8009    -1.8195     -2.557     0.3535    -0.7502 -9.990e-29
 256.832963     -2.554   0.592119    15.8056    -1.8195     -2.533     0.3529    -0.7513 -9.990e-29
 256.832969     -2.533   0.592378    15.8103    -1.8194     -2.512     0.3531    -0.7520 -9.990e-29
 256.832975     -2.513   0.593486    15.8143    -1.8193     -2.492     0.3537    -0.7521 -9.990e-29
 256.832980     -2.497   0.594151    15.8168    -1.8192     -2.476     0.3541    -0.7522 -9.990e-29
 256.832986     -2.489   0.593598    15.8170    -1.8189     -2.468     0.3538    -0.7525 -9.990e-29
 256.832992     -2.483   0.592202    15.8146    -1.8190     -2.462     0.3529    -0.7528 -9.990e-29
 256.832998     -2.476   0.590318    15.8114    -1.8189     -2.455     0.3518    -0.7532 -9.990e-29
 256.833003     -2.466   0.588206    15.8098    -1.8188     -2.445     0.3505    -0.7539 -9.990e-29
 256.833009     -2.453   0.586376    15.8101    -1.8187     -2.433     0.3494    -0.7548 -9.990e-29
 256.833015     -2.436   0.585161    15.8117    -1.8186     -2.416     0.3486    -0.7557 -9.990e-29
 256.833021     -2.419   0.584603    15.8143    -1.8185     -2.399     0.3482    -0.7564 -9.990e-29
 256.833027     -2.404   0.584513    15.8174    -1.8183     -2.384     0.3482    -0.7569 -9.990e-29
 256.833032     -2.391   0.584774    15.8205    -1.8181     -2.371     0.3483    -0.7573 -9.990e-29
 256.833038     -2.383   0.585735    15.8228    -1.8179     -2.363     0.3489    -0.7572 -9.990e-29
 256.833044     -2.380   0.587569    15.8243    -1.8177     -2.360     0.3500    -0.7566 -9.990e-29
 256.833050     -2.372   0.589399    15.8265    -1.8176     -2.352     0.3511    -0.7561 -9.990e-29
 256.833056     -2.356   0.589789    15.8300    -1.8174     -2.336     0.3513    -0.7565 -9.990e-29
 256.833061     -2.334   0.588151    15.8334    -1.8171     -2.315     0.3503    -0.7579 -9.990e-29
 256.833067     -2.313   0.585626    15.8368    -1.8170     -2.294     0.3487    -0.7596 -9.990e-29
 256.833073     -2.297   0.583837    15.8407    -1.8170     -2.278     0.3475    -0.7612 -9.990e-29
 256.833079     -2.284   0.583170    15.8455    -1.8172     -2.265     0.3471    -0.7623 -9.990e-29
 256.833084     -2.273   0.582740    15.8506    -1.8173     -2.254     0.3468    -0.7633 -9.990e-29
 256.833090     -2.264   0.581973    15.8553    -1.8174     -2.245     0.3463    -0.7645 -9.990e-29
 256.833096     -2.257   0.581509    15.8597    -1.8176     -2.238     0.3460    -0.7654 -9.990e-29
 256.833102     -2.250   0.581841    15.8645    -1.8183     -2.231     0.3461    -0.7661 -9.990e-29
 256.833108     -2.244   0.582302    15.8699    -1.8188     -2.225     0.3464    -0.7668 -9.990e-29
 256.833113     -2.238   0.581849    15.8746    -1.8188     -2.219     0.3460    -0.7678 -9.990e-29
 256.833119     -2.232   0.580987    15.8769    -1.8187     -2.213     0.3455    -0.7686 -9.990e-29
 256.833125     -2.225   0.581336    15.8767    -1.8185     -2.206     0.3457    -0.7684 -9.990e-29
 256.833131     -2.216   0.582811    15.8749    -1.8183     -2.198     0.3466    -0.7674 -9.990e-29
 256.833137     -2.206   0.583500    15.8718    -1.8184     -2.188     0.3471    -0.7665 -9.990e-29
 256.833142     -2.193   0.582662    15.8669    -1.8185     -2.175     0.3466    -0.7661 -9.990e-29
 256.833148     -2.177   0.581397    15.8588    -1.8185     -2.159     0.3459    -0.7653 -9.990e-29
 256.833154     -2.157   0.580236    15.8486    -1.8183     -2.139     0.3453    -0.7642 -9.990e-29
 256.833160     -2.132   0.578738    15.8406    -1.8181     -2.114     0.3444    -0.7636 -9.990e-29
 256.833166     -2.103   0.577127    15.8375    -1.8184     -2.085     0.3435    -0.7638 -9.990e-29
 256.833171     -2.079   0.576026    15.8385    -1.8186     -2.062     0.3428    -0.7645 -9.990e-29
 256.833177     -2.061   0.575630    15.8415    -1.8185     -2.044     0.3425    -0.7652 -9.990e-29
 256.833183     -2.049   0.575965    15.8437    -1.8184     -2.032     0.3427    -0.7654 -9.990e-29
 256.833189     -2.037   0.576373    15.8440    -1.8182     -2.020     0.3429    -0.7652 -9.990e-29
 256.833194     -2.021   0.576291    15.8436    -1.8183     -2.004     0.3429    -0.7652 -9.990e-29
 256.833200     -2.003   0.576165    15.8440    -1.8183     -1.986     0.3428    -0.7653 -9.990e-29
 256.833206     -1.988   0.576383    15.8459    -1.8182     -1.971     0.3429    -0.7656 -9.990e-29
 256.833212     -1.973   0.577234    15.8471    -1.8183     -1.957     0.3434    -0.7654 -9.990e-29
 256.833218     -1.958   0.578190    15.8461    -1.8185     -1.942     0.3440    -0.7647 -9.990e-29
 256.833223     -1.942   0.577756    15.8446    -1.8184     -1.926     0.3438    -0.7647 -9.990e-29
 256.833229     -1.928   0.575908    15.8447    -1.8182     -1.912     0.3426    -0.7656 -9.990e-29
 256.833235     -1.920   0.574059    15.8467    -1.8183     -1.904     0.3415    -0.7668 -9.990e-29
 256.833241     -1.913   0.573069    15.8486    -1.8184     -1.897     0.3409    -0.7676 -9.990e-29
 256.833247     -1.902   0.572727    15.8494    -1.8185     -1.886     0.3406    -0.7679 -9.990e-29
 256.833252     -1.886   0.572579    15.8499    -1.8189     -1.870     0.3406    -0.7680 -9.990e-29
 256.833258     -1.869   0.572426    15.8502    -1.8193     -1.853     0.3405    -0.7682 -9.990e-29
 256.833264     -1.858   0.572063    15.8490    -1.8193     -1.843     0.3402    -0.7681 -9.990e-29
 256.833270     -1.853   0.571560    15.8474    -1.8192     -1.838     0.3399    -0.7681 -9.990e-29
 256.833275     -1.849   0.571356    15.8471    -1.8191     -1.834     0.3398    -0.7681 -9.990e-29
 256.833281     -1.845   0.571732    15.8475    -1.8191     -1.830     0.3401    -0.7680 -9.990e-29
 256.833287     -1.837   0.572636    15.8473    -1.8190     -1.822     0.3406    -0.7676 -9.990e-29
 256.833293     -1.820   0.573056    15.8459    -1.8187     -1.805     0.3409    -0.7671 -9.990e-29
 256.833299     -1.798   0.571891    15.8418    -1.8184     -1.783     0.3402    -0.7670 -9.990e-29
 256.833304     -1.778   0.569804    15.8348    -1.8184     -1.763     0.3390    -0.7668 -9.990e-29
 256.833310     -1.762   0.568444    15.8283    -1.8180     -1.747     0.3382    -0.7664 -9.990e-29
 256.833316     -1.750   0.568769    15.8258    -1.8179     -1.735     0.3384    -0.7658 -9.990e-29
 256.833322     -1.741   0.570104    15.8264    -1.8178     -1.726     0.3392    -0.7653 -9.990e-29
 256.833328     -1.734   0.570904    15.8279    -1.8178     -1.720     0.3397    -0.7651 -9.990e-29
 256.833333     -1.725   0.570575    15.8301    -1.8178     -1.711     0.3395    -0.7657 -9.990e-29
 256.833339     -1.708   0.569787    15.8341    -1.8178     -1.694     0.3390    -0.7667 -9.990e-29
 256.833345     -1.688   0.569703    15.8398    -1.8175     -1.674     0.3389    -0.7677 -9.990e-29
 256.833351     -1.666   0.570766    15.8456    -1.8174     -1.652     0.3395    -0.7682 -9.990e-29
 256.833356     -1.642   0.572178    15.8509    -1.8173     -1.628     0.3403    -0.7684 -9.990e-29
 256.833362     -1.623   0.573052    15.8557    -1.8172     -1.609     0.3408    -0.7688 -9.990e-29
 256.833368     -1.615   0.572890    15.8598    -1.8172     -1.602     0.3407    -0.7695 -9.990e-29
 256.833374     -1.610   0.571478    15.8631    -1.8172     -1.597     0.3398    -0.7708 -9.990e-29
 256.833380     -1.599   0.569147    15.8654    -1.8172     -1.586     0.3383    -0.7723 -9.990e-29
 256.833385     -1.586   0.566671    15.8669    -1.8173     -1.573     0.3368    -0.7737 -9.990e-29
 256.833391     -1.574   0.564625    15.8692    -1.8170     -1.561     0.3355    -0.7750 -9.990e-29
 256.833397     -1.561   0.563052    15.8731    -1.8169     -1.548     0.3345    -0.7764 -9.990e-29
