data/oxygen options/OCNMS/OCNMS1/raw_data/2018/CAST_TH042_180925faedb.cnv
* Sea-Bird SBE 19 Data File:
* FileName = C:\2018 Mooring Data\Casts\CAST_TH042_180925.hex
* Software Version SeatermAF 2.1.2
* Temperature SN = 2997
* Conductivity SN = 2997
* System UpLoad Time = Sep 25 2018 16:35:04 (localtime) = Sep 25 2018 16:35:04 (UTC)
** CAST_TH042_180925
* ds
# nquan = 9
# nvalues = 42                          
# units = specified
# name 0 = timeJ: Julian Days
# name 1 = prSM: Pressure, Strain Gauge [db]
# name 2 = c0mS/cm: Conductivity [mS/cm]
# name 3 = t090C: Temperature [ITS-90, deg C]
# name 4 = sbeox0ML/L: Oxygen, SBE 43 [ml/l]
# name 5 = depSM: Depth [salt water, m], lat = 47.5
# name 6 = sal00: Salinity, Practical [PSU]
# name 7 = sigma-é00: Density [sigma-theta, kg/m^3]
# name 8 = flag: flag
# span 0 = 268.642534, 268.643565       
# span 1 =      2.000,     43.000       
# span 2 =  35.061910,  38.536031       
# span 3 =     8.0284,    14.8219       
# span 4 =     0.5286,     6.7167       
# span 5 =      1.983,     42.637       
# span 6 =    28.7820,    33.8037       
# span 7 =    21.2824,    26.3231       
# span 8 = 0.0000e+00, 0.0000e+00       
# interval = decibars: 1                
# start_time = Sep 25 2018 15:18:34 [Instrument's time stamp, header]
# bad_flag = -9.990e-29
*END*
 268.642534      2.000  35.612852    14.5241     6.7167      1.983    28.7820    21.2824 0.0000e+00
 268.642564      3.000  36.324778    14.7622     6.5726      2.975    29.2404    21.5862 0.0000e+00
 268.642588      4.000  36.921298    14.8219     6.4437      3.967    29.7284    21.9493 0.0000e+00
 268.642612      5.000  37.011368    14.7991     6.2908      4.958    29.8261    22.0292 0.0000e+00
 268.642636      6.000  37.415270    14.7352     6.1449      5.950    30.2372    22.3591 0.0000e+00
 268.642659      7.000  37.559503    14.6874     6.1842      6.941    30.4037    22.4973 0.0000e+00
 268.642685      8.000  37.617580    14.6562     6.0988      7.933    30.4801    22.5626 0.0000e+00
 268.642709      9.000  37.764833    14.5914     5.6791      8.925    30.6636    22.7175 0.0000e+00
 268.642730     10.000  37.957837    14.3793     5.7808      9.916    31.0067    23.0258 0.0000e+00
 268.642754     11.000  37.986264    14.3720     5.6799     10.908    31.0379    23.0515 0.0000e+00
 268.642775     12.000  38.094299    14.2265     5.7030     11.899    31.2533    23.2475 0.0000e+00
 268.642796     13.000  38.234761    14.1290     5.7328     12.891    31.4604    23.4274 0.0000e+00
 268.642817     14.000  38.255583    14.1050     5.7427     13.883    31.4987    23.4619 0.0000e+00
 268.642836     15.000  38.364559    14.0583     5.7235     14.874    31.6365    23.5777 0.0000e+00
 268.642856     16.000  38.430466    14.0232     5.5851     15.866    31.7255    23.6536 0.0000e+00
 268.642878     17.000  38.449906    13.8957     5.5012     16.857    31.8486    23.7747 0.0000e+00
 268.642899     18.000  38.536031    13.7342     5.2822     17.849    32.0621    23.9724 0.0000e+00
 268.642920     19.000  38.432997    13.2416     5.2986     18.841    32.3825    24.3184 0.0000e+00
 268.642942     20.000  38.183061    12.8083     5.3224     19.832    32.5164    24.5074 0.0000e+00
 268.642969     21.000  38.136897    12.5932     3.9795     20.824    32.6585    24.6589 0.0000e+00
 268.642987     22.000  37.689321    11.6888     3.6773     21.816    33.0203    25.1102 0.0000e+00
 268.643008     23.000  37.323715    11.4009     3.1911     22.807    32.9188    25.0838 0.0000e+00
 268.643035     24.000  37.104411    10.8891     2.1278     23.798    33.1618    25.3639 0.0000e+00
 268.643056     25.000  36.547410    10.0717     2.1468     24.790    33.3478    25.6505 0.0000e+00
 268.643078     26.000  36.463244    10.0068     1.3675     25.782    33.3219    25.6411 0.0000e+00
 268.643097     27.000  36.270687     9.5939     1.0777     26.773    33.5078    25.8546 0.0000e+00
 268.643115     28.000  35.909339     9.2076     1.2248     27.764    33.4959    25.9079 0.0000e+00
 268.643143     29.000  35.884640     9.1226     1.1058     28.756    33.5499    25.9637 0.0000e+00
 268.643163     30.000  35.729472     8.8804     0.9875     29.747    33.6164    26.0540 0.0000e+00
 268.643182     31.000  35.517199     8.6474     0.9889     30.739    33.6143    26.0886 0.0000e+00
 268.643206     32.000  35.515299     8.6240     0.8684     31.730    33.6342    26.1078 0.0000e+00
 268.643227     33.000  35.410259     8.4499     0.8491     32.722    33.6890    26.1774 0.0000e+00
 268.643248     34.000  35.383770     8.4189     0.8570     33.714    33.6901    26.1830 0.0000e+00
 268.643275     35.000  35.380100     8.4086     0.8208     34.705    33.6957    26.1889 0.0000e+00
 268.643296     36.000  35.360211     8.3859     0.7363     35.697    33.6958    26.1925 0.0000e+00
 268.643317     37.000  35.339158     8.3380     0.6176     36.688    33.7189    26.2179 0.0000e+00
 268.643340     38.000  35.285364     8.2583     0.5872     37.679    33.7378    26.2447 0.0000e+00
 268.643367     39.000  35.265907     8.2157     0.5348     38.670    33.7577    26.2667 0.0000e+00
 268.643392     40.000  35.221636     8.1435     0.5327     39.662    33.7795    26.2946 0.0000e+00
 268.643416     41.000  35.187226     8.0799     0.5423     40.654    33.8037    26.3231 0.0000e+00
 268.643464     42.000  35.176915     8.0734     0.5286     41.645    33.7984    26.3199 0.0000e+00
 268.643565     43.000  35.061910     8.0284     0.5287     42.637    33.7185    26.2638 0.0000e+00
