data/oxygen options/OCNMS/OCNMS1/raw_data/2018/CAST_CE042_180611faed.cnv
* Sea-Bird SBE19 Data File:
* FileName = C:\2018 Mooring Data\Casts\CAST_CE042_180611.hex
* Software Version 1.59
* Temperature SN = 2997
* Conductivity SN = 2997
* System UpLoad Time = Jun 11 2018 17:47:21
** CAST_CE042_180611
* ds
# nquan = 9                                 
# nvalues = 1066                        
# units = specified
# name 0 = timeJ: Julian Days
# name 1 = prSM: Pressure, Strain Gauge [db]
# name 2 = c0mS/cm: Conductivity [mS/cm]
# name 3 = t090C: Temperature [ITS-90, deg C]
# name 4 = sbeox0ML/L: Oxygen, SBE 43 [ml/l]
# name 5 = depSM: Depth [salt water, m], lat = 47.5
# name 6 = sal00: Salinity, Practical [PSU]
# name 7 = sigma-é00: Density [sigma-theta, kg/m^3]
# name 8 = flag: flag
# span 0 = 162.732014, 162.738177       
# span 1 =     -5.025,     47.086       
# span 2 =   0.007230,  38.244930       
# span 3 =     8.5756,    16.9054       
# span 4 =    -1.8924,    15.9384       
# span 5 =     -4.983,     46.688       
# span 6 =     0.0098,    33.4802       
# span 7 =    -1.1992,    25.9948       
# span 8 = 0.0000e+00, 0.0000e+00       
# interval = seconds: 0.5
# start_time = Jun 11 2018 17:34:06 [Instrument's time stamp, header]
# bad_flag = -9.990e-29
*END*
[from data line 161]
 162.732946     -1.648   0.007287    15.8808    -1.8288     -1.634     0.0104    -1.0283 -9.990e-29
 162.732951     -1.644   0.007286    15.8583    -1.8300     -1.630     0.0104    -1.0247 -9.990e-29
 162.732957     -1.635   0.007286    15.8405    -1.8302     -1.621     0.0104    -1.0218 -9.990e-29
 162.732963     -1.622   0.007286    15.8275    -1.8302     -1.608     0.0104    -1.0197 -9.990e-29
 162.732969     -1.604   0.007286    15.8167    -1.8304     -1.591     0.0104    -1.0180 -9.990e-29
 162.732975     -1.583   0.007286    15.8044    -1.8303     -1.570     0.0104    -1.0160 -9.990e-29
 162.732980     -1.568   0.007286    15.7847    -1.8302     -1.555     0.0104    -1.0129 -9.990e-29
 162.732986     -1.561   0.007286    15.7525    -1.8308     -1.548     0.0104    -1.0078 -9.990e-29
 162.732992     -1.557   0.007286    15.7130    -1.8327     -1.544     0.0104    -1.0015 -9.990e-29
 162.732998     -1.549   0.007286    15.6768    -1.8353     -1.536     0.0104    -0.9957 -9.990e-29
 162.733003     -1.534   0.007286    15.6507    -1.8370     -1.521     0.0104    -0.9916 -9.990e-29
 162.733009     -1.522   0.007285    15.6363    -1.8387     -1.509     0.0104    -0.9893 -9.990e-29
 162.733015     -1.512   0.007285    15.6297    -1.8402     -1.499     0.0104    -0.9883 -9.990e-29
 162.733021     -1.497   0.007285    15.6262    -1.8409     -1.485     0.0104    -0.9877 -9.990e-29
 162.733027     -1.482   0.007285    15.6232    -1.8421     -1.470     0.0104    -0.9872 -9.990e-29
 162.733032     -1.470   0.007285    15.6147    -1.8434     -1.458     0.0104    -0.9859 -9.990e-29
 162.733038     -1.461   0.007285    15.5918    -1.8446     -1.449     0.0103    -0.9823 -9.990e-29
 162.733044     -1.453   0.007285    15.5511    -1.8453     -1.441     0.0103    -0.9759 -9.990e-29
 162.733050     -1.446   0.007285    15.5009    -1.8459     -1.434     0.0103    -0.9680 -9.990e-29
 162.733056     -1.440   0.007285    15.4522    -1.8469     -1.428     0.0103    -0.9604 -9.990e-29
 162.733061     -1.434   0.007285    15.4089    -1.8478     -1.422     0.0103    -0.9537 -9.990e-29
 162.733067     -1.428   0.007284    15.3725    -1.8484     -1.416     0.0103    -0.9480 -9.990e-29
 162.733073     -1.422   0.007284    15.3417    -1.8497     -1.410     0.0103    -0.9433 -9.990e-29
 162.733079     -1.415   0.007284    15.3116    -1.8512     -1.403     0.0102    -0.9386 -9.990e-29
 162.733084     -1.406   0.007284    15.2814    -1.8521     -1.394     0.0102    -0.9340 -9.990e-29
 162.733090     -1.396   0.007284    15.2543    -1.8519     -1.384     0.0102    -0.9298 -9.990e-29
 162.733096     -1.384   0.007284    15.2315    -1.8521     -1.372     0.0102    -0.9263 -9.990e-29
 162.733102     -1.372   0.007284    15.2102    -1.8526     -1.361     0.0102    -0.9230 -9.990e-29
 162.733108     -1.365   0.007284    15.1880    -1.8532     -1.354     0.0102    -0.9196 -9.990e-29
 162.733113     -1.357   0.007284    15.1653    -1.8538     -1.346     0.0102    -0.9162 -9.990e-29
 162.733119     -1.349   0.007284    15.1410    -1.8549     -1.338     0.0102    -0.9125 -9.990e-29
 162.733125     -1.344   0.007283    15.1130    -1.8562     -1.333     0.0102    -0.9082 -9.990e-29
 162.733131     -1.338   0.007283    15.0854    -1.8576     -1.327     0.0102    -0.9040 -9.990e-29
 162.733137     -1.325   0.007283    15.0661    -1.8589     -1.314     0.0102    -0.9011 -9.990e-29
 162.733142     -1.310   0.007283    15.0561    -1.8596     -1.299     0.0102    -0.8996 -9.990e-29
 162.733148     -1.295   0.007283    15.0476    -1.8600     -1.284     0.0102    -0.8983 -9.990e-29
 162.733154     -1.280   0.007283    15.0356    -1.8608     -1.269     0.0101    -0.8965 -9.990e-29
 162.733160     -1.264   0.007283    15.0206    -1.8612     -1.253     0.0101    -0.8942 -9.990e-29
 162.733166     -1.245   0.007283    15.0010    -1.8624     -1.235     0.0101    -0.8913 -9.990e-29
 162.733171     -1.227   0.007283    14.9752    -1.8641     -1.217     0.0101    -0.8874 -9.990e-29
 162.733177     -1.213   0.007282    14.9448    -1.8658     -1.203     0.0101    -0.8828 -9.990e-29
 162.733183     -1.202   0.007282    14.9131    -1.8668     -1.192     0.0101    -0.8781 -9.990e-29
 162.733189     -1.194   0.007282    14.8846    -1.8669     -1.184     0.0101    -0.8738 -9.990e-29
 162.733194     -1.187   0.007282    14.8627    -1.8669     -1.177     0.0101    -0.8705 -9.990e-29
 162.733200     -1.181   0.007282    14.8449    -1.8674     -1.171     0.0101    -0.8679 -9.990e-29
 162.733206     -1.177   0.007282    14.8273    -1.8675     -1.167     0.0101    -0.8653 -9.990e-29
 162.733212     -1.173   0.007282    14.8066    -1.8677     -1.163     0.0101    -0.8622 -9.990e-29
 162.733218     -1.170   0.007282    14.7784    -1.8677     -1.160     0.0101    -0.8580 -9.990e-29
 162.733223     -1.167   0.007282    14.7435    -1.8679     -1.157     0.0100    -0.8529 -9.990e-29
 162.733229     -1.164   0.007282    14.7102    -1.8687     -1.154     0.0100    -0.8480 -9.990e-29
 162.733235     -1.160   0.007281    14.6867    -1.8696     -1.150     0.0100    -0.8445 -9.990e-29
 162.733241     -1.157   0.007281    14.6746    -1.8705     -1.147     0.0100    -0.8427 -9.990e-29
 162.733247     -1.153   0.007281    14.6677    -1.8711     -1.143     0.0100    -0.8417 -9.990e-29
 162.733252     -1.147   0.007281    14.6611    -1.8709     -1.137     0.0100    -0.8407 -9.990e-29
 162.733258     -1.141   0.007281    14.6553    -1.8708     -1.131     0.0100    -0.8399 -9.990e-29
 162.733264     -1.133   0.007281    14.6509    -1.8706     -1.124     0.0100    -0.8393 -9.990e-29
 162.733270     -1.123   0.007281    14.6459    -1.8707     -1.114     0.0100    -0.8385 -9.990e-29
 162.733275     -1.115   0.007281    14.6367    -1.8711     -1.106     0.0100    -0.8372 -9.990e-29
 162.733281     -1.112   0.007281    14.6213    -1.8720     -1.103     0.0100    -0.8349 -9.990e-29
 162.733287     -1.110   0.007281    14.6023    -1.8722     -1.101     0.0100    -0.8321 -9.990e-29
 162.733293     -1.104   0.007280    14.5848    -1.8727     -1.095     0.0100    -0.8296 -9.990e-29
 162.733299     -1.095   0.007280    14.5737    -1.8731     -1.086     0.0100    -0.8280 -9.990e-29
 162.733304     -1.081   0.007280    14.5703    -1.8741     -1.072     0.0100    -0.8275 -9.990e-29
 162.733310     -1.061   0.007280    14.5709    -1.8745     -1.052     0.0100    -0.8276 -9.990e-29
 162.733316     -1.039   0.007280    14.5711    -1.8746     -1.030     0.0100    -0.8276 -9.990e-29
 162.733322     -1.018   0.007280    14.5678    -1.8747     -1.010     0.0100    -0.8271 -9.990e-29
 162.733328     -0.996   0.007280    14.5591    -1.8749     -0.988     0.0100    -0.8259 -9.990e-29
 162.733333     -0.976   0.007280    14.5466    -1.8750     -0.968     0.0100    -0.8240 -9.990e-29
 162.733339     -0.965   0.007280    14.5339    -1.8755     -0.957     0.0100    -0.8222 -9.990e-29
 162.733345     -0.963   0.007280    14.5216    -1.8761     -0.955     0.0100    -0.8204 -9.990e-29
 162.733351     -0.960   0.007279    14.5081    -1.8764     -0.952     0.0100    -0.8185 -9.990e-29
 162.733356     -0.954   0.007279    14.4940    -1.8766     -0.946     0.0100    -0.8164 -9.990e-29
 162.733362     -0.942   0.007279    14.4831    -1.8773     -0.934     0.0100    -0.8148 -9.990e-29
 162.733368     -0.929   0.007279    14.4767    -1.8775     -0.921     0.0099    -0.8139 -9.990e-29
 162.733374     -0.918   0.007279    14.4722    -1.8777     -0.910     0.0099    -0.8133 -9.990e-29
 162.733380     -0.908   0.007279    14.4673    -1.8780     -0.900     0.0099    -0.8126 -9.990e-29
 162.733385     -0.900   0.007279    14.4607    -1.8776     -0.892     0.0099    -0.8116 -9.990e-29
 162.733391     -0.891   0.007279    14.4513    -1.8769     -0.884     0.0099    -0.8102 -9.990e-29
 162.733397     -0.882   0.007279    14.4405    -1.8764     -0.875     0.0099    -0.8087 -9.990e-29
 162.733403     -0.873   0.007279    14.4308    -1.8767     -0.866     0.0099    -0.8073 -9.990e-29
 162.733409     -0.861   0.007278    14.4216    -1.8767     -0.854     0.0099    -0.8060 -9.990e-29
 162.733414     -0.848   0.007278    14.4123    -1.8764     -0.841     0.0099    -0.8046 -9.990e-29
 162.733420     -0.836   0.007278    14.4045    -1.8761     -0.829     0.0099    -0.8035 -9.990e-29
 162.733426     -0.829   0.007278    14.3992    -1.8769     -0.822     0.0099    -0.8028 -9.990e-29
 162.733432     -0.821   0.007278    14.3986    -1.8781     -0.814     0.0099    -0.8027 -9.990e-29
 162.733438     -0.809   0.007278    14.4050    -1.8785     -0.802     0.0099    -0.8036 -9.990e-29
 162.733443     -0.796   0.007277    14.4150    -1.8786     -0.789     0.0099    -0.8050 -9.990e-29
 162.733449     -0.789   0.007277    14.4221    -1.8788     -0.782     0.0099    -0.8060 -9.990e-29
 162.733455     -0.788   0.007277    14.4243    -1.8795     -0.781     0.0099    -0.8064 -9.990e-29
 162.733461     -0.788   0.007276    14.4252    -1.8799     -0.781     0.0099    -0.8065 -9.990e-29
 162.733466     -0.791   0.007276    14.4268    -1.8801     -0.784     0.0099    -0.8067 -9.990e-29
 162.733472     -0.791   0.007276    14.4240    -1.8800     -0.784     0.0099    -0.8063 -9.990e-29
 162.733478     -0.784   0.007276    14.4120    -1.8797     -0.777     0.0099    -0.8046 -9.990e-29
 162.733484     -0.775   0.007275    14.3955    -1.8796     -0.769     0.0099    -0.8022 -9.990e-29
 162.733490     -0.766   0.007275    14.3827    -1.8795     -0.760     0.0099    -0.8004 -9.990e-29
 162.733495     -0.753   0.007275    14.3744    -1.8796     -0.747     0.0099    -0.7992 -9.990e-29
 162.733501     -0.736   0.007274    14.3659    -1.8797     -0.730     0.0099    -0.7980 -9.990e-29
 162.733507     -0.721   0.007274    14.3555    -1.8798     -0.715     0.0099    -0.7965 -9.990e-29
 162.733513     -0.712   0.007274    14.3468    -1.8803     -0.706     0.0099    -0.7953 -9.990e-29
 162.733519     -0.704   0.007273    14.3426    -1.8815     -0.698     0.0099    -0.7947 -9.990e-29
 162.733524     -0.693   0.007273    14.3430    -1.8825     -0.687     0.0099    -0.7947 -9.990e-29
 162.733530     -0.681   0.007273    14.3459    -1.8829     -0.675     0.0099    -0.7951 -9.990e-29
 162.733536     -0.673   0.007273    14.3486    -1.8831     -0.667     0.0099    -0.7955 -9.990e-29
 162.733542     -0.668   0.007272    14.3498    -1.8838     -0.662     0.0099    -0.7957 -9.990e-29
 162.733547     -0.665   0.007272    14.3489    -1.8847     -0.659     0.0099    -0.7956 -9.990e-29
 162.733553     -0.665   0.007272    14.3454    -1.8851     -0.659     0.0099    -0.7951 -9.990e-29
 162.733559     -0.667   0.007271    14.3378    -1.8848     -0.661     0.0099    -0.7940 -9.990e-29
 162.733565     -0.672   0.007271    14.3237    -1.8843     -0.666     0.0099    -0.7920 -9.990e-29
 162.733571     -0.675   0.007271    14.3042    -1.8843     -0.669     0.0099    -0.7892 -9.990e-29
 162.733576     -0.672   0.007270    14.2850    -1.8843     -0.666     0.0099    -0.7864 -9.990e-29
 162.733582     -0.669   0.007270    14.2701    -1.8843     -0.663     0.0099    -0.7843 -9.990e-29
 162.733588     -0.668   0.007270    14.2571    -1.8842     -0.662     0.0099    -0.7825 -9.990e-29
 162.733594     -0.669   0.007270    14.2425    -1.8845     -0.663     0.0099    -0.7804 -9.990e-29
 162.733600     -0.669   0.007269    14.2291    -1.8847     -0.663     0.0099    -0.7785 -9.990e-29
 162.733605     -0.663   0.007269    14.2222    -1.8849     -0.657     0.0099    -0.7775 -9.990e-29
 162.733611     -0.655   0.007269    14.2232    -1.8860     -0.650     0.0099    -0.7777 -9.990e-29
 162.733617     -0.648   0.007268    14.2276    -1.8874     -0.643     0.0099    -0.7783 -9.990e-29
 162.733623     -0.644   0.007268    14.2307    -1.8889     -0.639     0.0099    -0.7788 -9.990e-29
 162.733628     -0.640   0.007268    14.2317    -1.8901     -0.635     0.0099    -0.7789 -9.990e-29
 162.733634     -0.637   0.007267    14.2316    -1.8901     -0.632     0.0099    -0.7789 -9.990e-29
 162.733640     -0.635   0.007267    14.2297    -1.8900     -0.630     0.0099    -0.7786 -9.990e-29
 162.733646     -0.633   0.007267    14.2252    -1.8904     -0.628     0.0099    -0.7780 -9.990e-29
 162.733652     -0.631   0.007266    14.2180    -1.8909     -0.626     0.0099    -0.7770 -9.990e-29
 162.733657     -0.630   0.007266    14.2052    -1.8912     -0.625     0.0098    -0.7751 -9.990e-29
 162.733663     -0.629   0.007266    14.1834    -1.8912     -0.624     0.0098    -0.7721 -9.990e-29
 162.733669     -0.628   0.007266    14.1545    -1.8913     -0.623     0.0098    -0.7680 -9.990e-29
 162.733675     -0.627   0.007265    14.1251    -1.8908     -0.622     0.0098    -0.7639 -9.990e-29
 162.733681     -0.626   0.007265    14.1031    -1.8904     -0.621     0.0098    -0.7608 -9.990e-29
 162.733686     -0.625   0.007265    14.0919    -1.8899     -0.620     0.0098    -0.7592 -9.990e-29
 162.733692     -0.624   0.007264    14.0857    -1.8891     -0.619     0.0098    -0.7584 -9.990e-29
 162.733698     -0.622   0.007264    14.0782    -1.8890     -0.617     0.0098    -0.7573 -9.990e-29
 162.733704     -0.620   0.007264    14.0701    -1.8896     -0.615     0.0098    -0.7562 -9.990e-29
 162.733709     -0.618   0.007263    14.0642    -1.8900     -0.613     0.0098    -0.7554 -9.990e-29
 162.733715     -0.615   0.007263    14.0620    -1.8903     -0.610     0.0098    -0.7551 -9.990e-29
 162.733721     -0.612   0.007263    14.0643    -1.8902     -0.607     0.0098    -0.7554 -9.990e-29
 162.733727     -0.608   0.007263    14.0711    -1.8903     -0.603     0.0098    -0.7563 -9.990e-29
 162.733733     -0.602   0.007262    14.0810    -1.8899     -0.597     0.0098    -0.7577 -9.990e-29
 162.733738     -0.595   0.007262    14.0928    -1.8896     -0.590     0.0098    -0.7594 -9.990e-29
 162.733744     -0.586   0.007262    14.1027    -1.8893     -0.581     0.0098    -0.7607 -9.990e-29
 162.733750     -0.578   0.007261    14.1048    -1.8894     -0.573     0.0098    -0.7610 -9.990e-29
 162.733756     -0.576   0.007261    14.0996    -1.8891     -0.571     0.0098    -0.7603 -9.990e-29
 162.733762     -0.575   0.007261    14.0925    -1.8883     -0.570     0.0098    -0.7593 -9.990e-29
 162.733767     -0.571   0.007260    14.0875    -1.8875     -0.566     0.0098    -0.7586 -9.990e-29
 162.733773     -0.563   0.007260    14.0857    -1.8868     -0.558     0.0098    -0.7584 -9.990e-29
 162.733779     -0.552   0.007260    14.0876    -1.8862     -0.547     0.0098    -0.7586 -9.990e-29
 162.733785     -0.535   0.007260    14.0932    -1.8858     -0.531     0.0098    -0.7594 -9.990e-29
 162.733791     -0.512   0.007259    14.1001    -1.8859     -0.508     0.0098    -0.7604 -9.990e-29
 162.733796     -0.487   0.007259    14.1056    -1.8866     -0.483     0.0098    -0.7611 -9.990e-29
 162.733802     -0.465   0.007259    14.1108    -1.8866     -0.461     0.0098    -0.7619 -9.990e-29
 162.733808     -0.450   0.007258    14.1199    -1.8862     -0.446     0.0098    -0.7632 -9.990e-29
 162.733814     -0.442   0.007258    14.1346    -1.8857     -0.438     0.0098    -0.7652 -9.990e-29
 162.733819     -0.434   0.007258    14.1516    -1.8855     -0.430     0.0098    -0.7676 -9.990e-29
 162.733825     -0.422   0.007258    14.1674    -1.8853     -0.418     0.0098    -0.7698 -9.990e-29
 162.733831     -0.410   0.007258    14.1799    -1.8851     -0.407     0.0098    -0.7716 -9.990e-29
 162.733837     -0.402   0.007259    14.1871    -1.8847     -0.399     0.0098    -0.7726 -9.990e-29
 162.733843     -0.396   0.007263    14.1872    -1.8843     -0.393     0.0098    -0.7726 -9.990e-29
 162.733848     -0.393   0.007276    14.1836    -1.8839     -0.390     0.0098    -0.7721 -9.990e-29
 162.733854     -0.392   0.007317    14.1833    -1.8838     -0.389     0.0099    -0.7720 -9.990e-29
 162.733860     -0.393   0.007440    14.1886    -1.8841     -0.390     0.0099    -0.7727 -9.990e-29
