data/oxygen options/OCNMS/OCNMS1/raw_data/2018/CAST_MB015_180928faed.cnv
* Sea-Bird SBE 19 Data File:
* FileName = C:\2018 Mooring Data\Casts\CAST_MB015_180928.hex
* Software Version SeatermAF 2.1.2
* Temperature SN = 2997
* Conductivity SN = 2997
* System UpLoad Time = Sep 28 2018 19:56:06 (localtime) = Sep 28 2018 19:56:06 (UTC)
** CAST_MB015_180928
* ds
# nquan = 9                                 
# nvalues = 760                         
# units = specified
# name 0 = timeJ: Julian Days
# name 1 = prSM: Pressure, Strain Gauge [db]
# name 2 = c0mS/cm: Conductivity [mS/cm]
# name 3 = t090C: Temperature [ITS-90, deg C]
# name 4 = sbeox0ML/L: Oxygen, SBE 43 [ml/l]
# name 5 = depSM: Depth [salt water, m], lat = 47.5
# name 6 = sal00: Salinity, Practical [PSU]
# name 7 = sigma-é00: Density [sigma-theta, kg/m^3]
# name 8 = flag: flag
# span 0 = 271.815370, 271.819763       
# span 1 =     -5.310,      9.348       
# span 2 =   0.620029,  38.398116       
# span 3 =     9.6779,    22.4832       
# span 4 =    -1.6285,    11.2238       
# span 5 =     -5.266,      9.270       
# span 6 =     0.3188,    33.7139       
# span 7 =    -2.0830,    25.6573       
# span 8 = 0.0000e+00, 0.0000e+00       
# interval = seconds: 0.5
# start_time = Sep 28 2018 19:34:08 [Instrument's time stamp, header]
# bad_flag = -9.990e-29
*END*
[from data line 641]
 271.819080      1.080  36.744123    11.4724     4.5030      1.071    32.2971    24.5872 -9.990e-29
 271.819086      1.101  36.744263    11.4728     4.5123      1.092    32.2968    24.5870 -9.990e-29
 271.819091      1.115  36.744448    11.4733     4.5126      1.106    32.2966    24.5867 -9.990e-29
 271.819097      1.121  36.745462    11.4741     4.5233      1.112    32.2969    24.5868 -9.990e-29
 271.819103      1.122  36.747513    11.4754     4.5160      1.113    32.2977    24.5872 -9.990e-29
 271.819109      1.127  36.749952    11.4769     4.5033      1.118    32.2988    24.5878 -9.990e-29
 271.819115      1.141  36.751529    11.4785     4.4997      1.131    32.2990    24.5876 -9.990e-29
 271.819120      1.160  36.752085    11.4801     4.4989      1.150    32.2981    24.5866 -9.990e-29
 271.819126      1.178  36.752895    11.4817     4.5124      1.168    32.2975    24.5859 -9.990e-29
 271.819132      1.190  36.753897    11.4831     4.5117      1.180    32.2972    24.5854 -9.990e-29
 271.819138      1.197  36.753602    11.4831     4.5166      1.187    32.2969    24.5852 -9.990e-29
 271.819144      1.201  36.751595    11.4821     4.4858      1.191    32.2958    24.5845 -9.990e-29
 271.819149      1.205  36.749654    11.4818     4.4624      1.195    32.2942    24.5833 -9.990e-29
 271.819155      1.214  36.749647    11.4815     4.4477      1.204    32.2945    24.5836 -9.990e-29
 271.819161      1.225  36.750420    11.4805     4.4427      1.215    32.2961    24.5850 -9.990e-29
 271.819167      1.234  36.750182    11.4786     4.4616      1.224    32.2975    24.5865 -9.990e-29
 271.819172      1.241  36.748031    11.4737     4.4511      1.231    32.2997    24.5890 -9.990e-29
 271.819178      1.247  36.741074    11.4636     4.4404      1.237    32.3017    24.5924 -9.990e-29
 271.819184      1.252  36.732334    11.4536     4.3960      1.242    32.3019    24.5944 -9.990e-29
 271.819190      1.260  36.731970    11.4521     4.3755      1.249    32.3028    24.5954 -9.990e-29
 271.819196      1.282  36.738351    11.4542     4.3641      1.271    32.3072    24.5984 -9.990e-29
 271.819201      1.322  36.741481    11.4496     4.3413      1.311    32.3143    24.6047 -9.990e-29
 271.819207      1.384  36.739350    11.4348     4.3533      1.372    32.3251    24.6158 -9.990e-29
 271.819213      1.466  36.731335    11.4110     4.3369      1.454    32.3381    24.6302 -9.990e-29
 271.819219      1.565  36.718484    11.3858     4.3359      1.552    32.3475    24.6421 -9.990e-29
 271.819225      1.684  36.708834    11.3679     4.3160      1.670    32.3537    24.6501 -9.990e-29
 271.819230      1.826  36.705168    11.3579     4.2678      1.811    32.3588    24.6558 0.0000e+00
 271.819236      1.987  36.704249    11.3528     4.2221      1.970    32.3623    24.6595 0.0000e+00
 271.819242      2.159  36.704263    11.3493     4.1671      2.141    32.3653    24.6625 0.0000e+00
 271.819248      2.342  36.704084    11.3410     4.1337      2.322    32.3723    24.6694 0.0000e+00
 271.819253      2.538  36.702328    11.3211     4.0763      2.517    32.3880    24.6852 0.0000e+00
 271.819259      2.746  36.697188    11.2913     4.0309      2.723    32.4090    24.7069 0.0000e+00
 271.819265      2.968  36.690187    11.2622     3.9686      2.943    32.4277    24.7265 0.0000e+00
 271.819271      3.204  36.684841    11.2388     3.9017      3.177    32.4429    24.7426 0.0000e+00
 271.819277      3.448  36.681269    11.2165     3.8594      3.419    32.4589    24.7590 0.0000e+00
 271.819282      3.694  36.678040    11.1922     3.7915      3.663    32.4771    24.7775 0.0000e+00
 271.819288      3.941  36.674739    11.1685     3.7025      3.908    32.4946    24.7953 0.0000e+00
 271.819294      4.188  36.671416    11.1442     3.5581      4.153    32.5127    24.8137 0.0000e+00
 271.819300      4.431  36.666969    11.1192     3.3384      4.394    32.5303    24.8319 0.0000e+00
 271.819306      4.676  36.661043    11.0932     3.1288      4.637    32.5474    24.8498 0.0000e+00
 271.819311      4.927  36.655786    11.0565     2.9365      4.886    32.5746    24.8775 0.0000e+00
 271.819317      5.190  36.649759    10.9955     2.8287      5.147    32.6227    24.9256 0.0000e+00
 271.819323      5.462  36.632100    10.8859     2.7779      5.416    32.7027    25.0072 0.0000e+00
 271.819329      5.740  36.583153    10.7177     2.7694      5.692    32.8045    25.1158 0.0000e+00
 271.819334      6.016  36.499780    10.5315     2.8024      5.966    32.8886    25.2136 0.0000e+00
 271.819340      6.287  36.415802    10.3800     2.7936      6.234    32.9412    25.2806 0.0000e+00
 271.819346      6.556  36.360860    10.2809     2.8153      6.501    32.9757    25.3244 0.0000e+00
 271.819352      6.827  36.330510    10.2215     2.7964      6.770    32.9990    25.3526 0.0000e+00
 271.819358      7.097  36.311671    10.1789     2.7895      7.038    33.0187    25.3752 0.0000e+00
 271.819363      7.362  36.290383    10.1295     2.7876      7.300    33.0421    25.4018 0.0000e+00
 271.819369      7.620  36.255031    10.0614     2.7635      7.556    33.0684    25.4337 0.0000e+00
 271.819375      7.872  36.211083     9.9814     2.7683      7.806    33.0969    25.4694 0.0000e+00
 271.819381      8.116  36.167100     9.9004     2.7551      8.048    33.1263    25.5059 0.0000e+00
 271.819387      8.351  36.121514     9.8249     2.7629      8.281    33.1492    25.5362 0.0000e+00
 271.819392      8.574  36.076776     9.7640     2.7634      8.502    33.1595    25.5543 0.0000e+00
 271.819398      8.778  36.043747     9.7257     2.7600      8.705    33.1609    25.5618 0.0000e+00
 271.819404      8.955  36.024823     9.7054     2.7805      8.880    33.1602    25.5646 0.0000e+00
 271.819410      9.103  36.013773     9.6950     2.7806      9.027    33.1584    25.5649 -9.990e-29
 271.819416      9.219  36.008711     9.6940     2.7945      9.142    33.1541    25.5617 -9.990e-29
 271.819421      9.297  36.010140     9.6969     2.8024      9.219    33.1529    25.5602 -9.990e-29
 271.819427      9.337  36.012102     9.6956     2.7868      9.259    33.1561    25.5629 -9.990e-29
 271.819433      9.348  36.009350     9.6927     2.7949      9.270    33.1559    25.5633 -9.990e-29
 271.819439      9.333  36.006033     9.6917     2.7851      9.255    33.1534    25.5615 -9.990e-29
 271.819444      9.288  36.005542     9.6887     2.7905      9.210    33.1557    25.5638 -9.990e-29
 271.819450      9.210  36.006079     9.6833     2.7932      9.133    33.1613    25.5690 -9.990e-29
 271.819456      9.106  36.006098     9.6792     2.7840      9.030    33.1651    25.5727 -9.990e-29
 271.819462      8.983  36.005042     9.6779     2.7857      8.908    33.1653    25.5731 -9.990e-29
 271.819468      8.841  36.003719     9.6786     2.7780      8.767    33.1634    25.5714 0.0000e+00
 271.819473      8.684  36.003139     9.6791     2.8039      8.611    33.1624    25.5706 0.0000e+00
 271.819479      8.520  36.002507     9.6784     2.8169      8.449    33.1625    25.5707 0.0000e+00
 271.819485      8.355  36.000401     9.6782     2.8322      8.285    33.1606    25.5693 0.0000e+00
 271.819491      8.192  35.997909     9.6817     2.8634      8.123    33.1549    25.5642 0.0000e+00
 271.819497      8.024  35.998404     9.6937     2.8787      7.957    33.1444    25.5541 0.0000e+00
 271.819502      7.841  36.004762     9.7202     2.9116      7.775    33.1265    25.5358 0.0000e+00
 271.819508      7.635  36.019839     9.7618     2.9405      7.571    33.1037    25.5111 0.0000e+00
 271.819514      7.411  36.044117     9.8086     2.9555      7.349    33.0856    25.4893 0.0000e+00
 271.819520      7.184  36.078595     9.8538     2.9852      7.124    33.0794    25.4769 0.0000e+00
 271.819525      6.961  36.120515     9.9058     3.0156      6.903    33.0745    25.4644 0.0000e+00
 271.819531      6.733  36.155768     9.9702     3.1030      6.677    33.0514    25.4357 0.0000e+00
 271.819537      6.492  36.182630    10.0348     3.2056      6.438    33.0197    25.4002 0.0000e+00
 271.819543      6.242  36.209466    10.0863     3.3262      6.190    33.0000    25.3762 0.0000e+00
 271.819549      5.987  36.235650    10.1346     3.4907      5.937    32.9826    25.3545 0.0000e+00
 271.819554      5.738  36.268645    10.1966     3.6611      5.690    32.9596    25.3261 0.0000e+00
 271.819560      5.499  36.311555    10.2750     3.8605      5.453    32.9318    25.2911 0.0000e+00
 271.819566      5.269  36.353459    10.3770     4.0041      5.225    32.8817    25.2347 0.0000e+00
 271.819572      5.040  36.393124    10.5021     4.0953      4.998    32.8087    25.1563 0.0000e+00
 271.819578      4.813  36.439393    10.6290     4.1122      4.773    32.7410    25.0817 0.0000e+00
 271.819583      4.588  36.499645    10.7508     4.0885      4.550    32.6920    25.0225 0.0000e+00
 271.819589      4.370  36.560347    10.8608     4.0864      4.333    32.6543    24.9739 0.0000e+00
 271.819595      4.157  36.597184    10.9320     4.0669      4.122    32.6275    24.9406 0.0000e+00
 271.819601      3.943  36.610014    10.9584     4.0738      3.910    32.6168    24.9276 0.0000e+00
 271.819606      3.730  36.610926    10.9691     4.0934      3.699    32.6083    24.9191 0.0000e+00
 271.819612      3.519  36.611789    10.9871     4.0989      3.490    32.5933    24.9042 0.0000e+00
 271.819618      3.314  36.619915    11.0083     4.1290      3.286    32.5826    24.8921 0.0000e+00
 271.819624      3.117  36.624860    11.0304     4.1386      3.091    32.5679    24.8768 0.0000e+00
 271.819630      2.921  36.620341    11.0610     4.1641      2.897    32.5364    24.8469 0.0000e+00
 271.819635      2.729  36.620498    11.0968     4.1885      2.706    32.5050    24.8161 0.0000e+00
 271.819641      2.540  36.632824    11.1277     4.1848      2.519    32.4899    24.7989 0.0000e+00
 271.819647      2.351  36.646878    11.1497     4.1540      2.331    32.4844    24.7907 0.0000e+00
 271.819653      2.162  36.654529    11.1651     4.0953      2.144    32.4785    24.7833 0.0000e+00
 271.819659      1.980  36.656466    11.1796     4.0499      1.963    32.4677    24.7724 0.0000e+00
 271.819664      1.806  36.658635    11.1989     4.7624      1.791    32.4529    24.7574 0.0000e+00
 271.819670      1.636  36.664491    11.2237     4.9910      1.622    32.4368    24.7405 0.0000e+00
 271.819676      1.473  36.668966    11.2494     5.3534      1.461    32.4187    24.7218 0.0000e+00
 271.819682      1.323  36.663470    11.2817     5.7348      1.312    32.3850    24.6898 0.0000e+00
 271.819687      1.190  36.645720    11.3361     6.0802      1.180    32.3199    24.6295 -9.990e-29
 271.819693      1.075  36.612215    11.4127     6.2873      1.066    32.2201    24.5382 -9.990e-29
 271.819699      0.977  36.526684    11.5007     6.4090      0.969    32.0601    24.3980 -9.990e-29
 271.819705      0.896  36.277895    11.5948     6.4559      0.889    31.7367    24.1298 -9.990e-29
 271.819711      0.826  35.542541    11.6916 -9.990e-29      0.819    30.9420    23.4954 -9.990e-29
 271.819716      0.763  33.348567    11.7875 -9.990e-29      0.757    28.7570    21.7834 -9.990e-29
 271.819722      0.707  26.776848    11.8819 -9.990e-29      0.701    22.5166    16.9355 -9.990e-29
 271.819728      0.663  16.627328    11.9766 -9.990e-29      0.657    13.3452     9.8352 -9.990e-29
 271.819734      0.632   9.194192    12.0733 -9.990e-29      0.627     7.0140     4.9322 -9.990e-29
 271.819740      0.609   6.049098    12.1740 -9.990e-29      0.604     4.4640     2.9470 -9.990e-29
 271.819745      0.587   4.743426    12.2761 -9.990e-29      0.582     3.4340     2.1365 -9.990e-29
 271.819751      0.569   4.184853    12.3650 -9.990e-29      0.564     2.9980     1.7876 -9.990e-29
 271.819757      0.559   3.859535    12.4035 -9.990e-29      0.554     2.7480     1.5890 -9.990e-29
 271.819763      0.556   3.617332 -9.990e-29 -9.990e-29      0.551 -9.990e-29 -9.990e-29 -9.990e-29
