data/oxygen options/OCNMS/OCNMS1/raw_data/2018/CAST_TH042_180612faed.cnv
* Sea-Bird SBE19 Data File:
* FileName = C:\2018 Mooring Data\Casts\CAST_TH042_180612.hex
* Software Version 1.59
* Temperature SN = 2997
* Conductivity SN = 2997
* System UpLoad Time = Jun 12 2018 20:38:38
** CAST_TH042_180612
* ds
# nquan = 9                                 
# nvalues = 1040                        
# units = specified
# name 0 = timeJ: Julian Days
# name 1 = prSM: Pressure, Strain Gauge [db]
# name 2 = c0mS/cm: Conductivity [mS/cm]
# name 3 = t090C: Temperature [ITS-90, deg C]
# name 4 = sbeox0ML/L: Oxygen, SBE 43 [ml/l]
# name 5 = depSM: Depth [salt water, m], lat = 47.5
# name 6 = sal00: Salinity, Practical [PSU]
# name 7 = sigma-é00: Density [sigma-theta, kg/m^3]
# name 8 = flag: flag
# span 0 = 163.851412, 163.857425       
# span 1 =     -4.993,     44.401       
# span 2 =   0.321685,  37.670216       
# span 3 =     8.5159,    16.3341       
# span 4 =    -1.8386,    14.9926       
# span 5 =     -4.951,     44.026       
# span 6 =     0.1904,    33.4622       
# span 7 =    -0.9164,    25.9889       
# span 8 = 0.0000e+00, 0.0000e+00       
# interval = seconds: 0.5
# start_time = Jun 12 2018 20:26:02 [Instrument's time stamp, header]
# bad_flag = -9.990e-29
*END*
[from data line 641]
 163.855122      1.015  34.006628    14.5268     6.8778      1.007    27.3442    20.1752 -9.990e-29
 163.855127      1.012  34.044817    14.5258     6.8997      1.004    27.3789    20.2021 -9.990e-29
 163.855133      1.011  33.935431    14.5345     6.9166      1.003    27.2754    20.1207 -9.990e-29
 163.855139      1.011  33.786133    14.5461     6.9060      1.003    27.1345    20.0099 -9.990e-29
 163.855145      1.012  33.744836    14.5499     6.8992      1.004    27.0952    19.9789 -9.990e-29
 163.855150      1.015  33.872297    14.5436     6.8892      1.007    27.2129    20.0707 -9.990e-29
 163.855156      1.019  34.054109    14.5362     6.8512      1.010    27.3799    20.2007 -9.990e-29
 163.855162      1.025  34.115683    14.5333     6.8455      1.016    27.4368    20.2450 -9.990e-29
 163.855168      1.033  34.060725    14.5339     6.8574      1.024    27.3874    20.2069 -9.990e-29
 163.855174      1.044  33.976001    14.5365     6.8469      1.035    27.3101    20.1470 -9.990e-29
 163.855179      1.059  33.892917    14.5391     6.8590      1.050    27.2344    20.0882 -9.990e-29
 163.855185      1.074  33.829390    14.5405     6.8607      1.065    27.1769    20.0437 -9.990e-29
 163.855191      1.085  33.794155    14.5414     6.8740      1.076    27.1449    20.0189 -9.990e-29
 163.855197      1.094  33.758666    14.5435     6.8881      1.085    27.1119    19.9931 -9.990e-29
 163.855203      1.101  33.706914    14.5461     6.8611      1.092    27.0641    19.9557 -9.990e-29
 163.855208      1.111  33.690192    14.5455     6.8395      1.102    27.0496    19.9448 -9.990e-29
 163.855214      1.124  33.812658    14.5391     6.8437      1.115    27.1630    20.0332 -9.990e-29
 163.855220      1.138  34.029916    14.5315     6.8623      1.128    27.3616    20.1876 -9.990e-29
 163.855226      1.156  34.121721    14.5300     6.8876      1.146    27.4444    20.2516 -9.990e-29
 163.855231      1.185  34.055968    14.5322     6.9192      1.175    27.3843    20.2049 -9.990e-29
 163.855237      1.226  34.010820    14.5283     6.9525      1.216    27.3468    20.1769 -9.990e-29
 163.855243      1.282  34.107393    14.5140     6.9686      1.271    27.4429    20.2537 -9.990e-29
 163.855249      1.352  34.314336    14.4930     6.9843      1.341    27.6423    20.4113 -9.990e-29
 163.855255      1.433  34.514610    14.4700     6.9941      1.421    27.8376    20.5662 -9.990e-29
 163.855260      1.525  34.720528    14.4469     7.0129      1.512    28.0383    20.7254 -9.990e-29
 163.855266      1.629  35.031396    14.4263     7.0336      1.615    28.3318    20.9554 -9.990e-29
 163.855272      1.744  35.400381    14.4064     7.0230      1.729    28.6775    21.2257 -9.990e-29
 163.855278      1.872  35.718160    14.3730     7.0013      1.856    28.9882    21.4717 0.0000e+00
 163.855284      2.014  35.974500    14.3126     6.9842      1.997    29.2647    21.6969 0.0000e+00
 163.855289      2.161  36.173526    14.2372     6.9732      2.143    29.5019    21.8949 0.0000e+00
 163.855295      2.315  36.290520    14.1746     6.9475      2.296    29.6558    22.0262 0.0000e+00
 163.855301      2.475  36.338641    14.1342     6.9021      2.454    29.7305    22.0919 0.0000e+00
 163.855307      2.635  36.354001    14.1040     6.8498      2.613    29.7677    22.1267 0.0000e+00
 163.855313      2.794  36.360391    14.0732     6.7961      2.771    29.7972    22.1557 0.0000e+00
 163.855318      2.951  36.371331    14.0422     6.7671      2.926    29.8311    22.1881 0.0000e+00
 163.855324      3.113  36.401925    14.0098     6.7519      3.087    29.8840    22.2354 0.0000e+00
 163.855330      3.285  36.485645    13.9681     6.7468      3.258    29.9928    22.3276 0.0000e+00
 163.855336      3.467  36.649519    13.9172     6.7443      3.438    30.1823    22.4840 0.0000e+00
 163.855341      3.656  36.857212    13.8664     6.7448      3.625    30.4125    22.6718 0.0000e+00
 163.855347      3.856  37.054083    13.8223     6.7476      3.824    30.6282    22.8471 0.0000e+00
 163.855353      4.067  37.216409    13.7879     6.7632      4.033    30.8049    22.9904 0.0000e+00
 163.855359      4.285  37.330403    13.7623     6.7740      4.249    30.9304    23.0924 0.0000e+00
 163.855365      4.503  37.408558    13.7421     6.7646      4.465    31.0186    23.1646 0.0000e+00
 163.855370      4.714  37.473267    13.7274     6.7532      4.675    31.0902    23.2228 0.0000e+00
 163.855376      4.917  37.523394    13.7179     6.7389      4.876    31.1441    23.2663 0.0000e+00
 163.855382      5.116  37.554604    13.7113     6.7374      5.073    31.1782    23.2940 0.0000e+00
 163.855388      5.317  37.573184    13.7059     6.7418      5.273    31.1996    23.3116 0.0000e+00
 163.855394      5.524  37.587624    13.7010     6.7298      5.478    31.2169    23.3260 0.0000e+00
 163.855399      5.736  37.601455    13.6967     6.7269      5.688    31.2331    23.3393 0.0000e+00
 163.855405      5.950  37.616279    13.6928     6.7304      5.900    31.2499    23.3531 0.0000e+00
 163.855411      6.167  37.632217    13.6888     6.7455      6.115    31.2678    23.3677 0.0000e+00
 163.855417      6.387  37.645836    13.6847     6.7587      6.334    31.2837    23.3808 0.0000e+00
 163.855422      6.608  37.655652    13.6802     6.7583      6.553    31.2963    23.3915 0.0000e+00
 163.855428      6.827  37.662391    13.6753     6.7608      6.770    31.3065    23.4003 0.0000e+00
 163.855434      7.040  37.666038    13.6707     6.7453      6.981    31.3135    23.4067 0.0000e+00
 163.855440      7.243  37.667495    13.6663     6.7241      7.182    31.3184    23.4113 0.0000e+00
 163.855446      7.437  37.668105    13.6612     6.7314      7.375    31.3231    23.4160 0.0000e+00
 163.855451      7.626  37.668642    13.6554     6.7631      7.562    31.3282    23.4211 0.0000e+00
 163.855457      7.809  37.669785    13.6498     6.7987      7.744    31.3338    23.4265 0.0000e+00
 163.855463      7.988  37.670216    13.6429     6.8301      7.921    31.3398    23.4326 0.0000e+00
 163.855469      8.175  37.667111    13.6303     6.8418      8.107    31.3472    23.4408 0.0000e+00
 163.855475      8.379  37.658531    13.6010     6.8495      8.309    31.3631    23.4590 0.0000e+00
 163.855480      8.597  37.635798    13.5460     6.8745      8.525    31.3871    23.4885 0.0000e+00
 163.855486      8.820  37.592087    13.4844     6.9045      8.746    31.3971    23.5084 0.0000e+00
 163.855492      9.036  37.549728    13.4448     6.9094      8.960    31.3902    23.5110 0.0000e+00
 163.855498      9.245  37.527245    13.4158     6.9061      9.168    31.3930    23.5189 0.0000e+00
 163.855503      9.452  37.500767    13.3671     6.8977      9.373    31.4084    23.5405 0.0000e+00
 163.855509      9.662  37.457351    13.2982     6.8975      9.581    31.4247    23.5666 0.0000e+00
 163.855515      9.874  37.415803    13.2276     6.8967      9.791    31.4441    23.5955 0.0000e+00
 163.855521     10.087  37.390128    13.1728     6.8910     10.003    31.4653    23.6227 0.0000e+00
 163.855527     10.300  37.381886    13.1413     6.8939     10.214    31.4836    23.6430 0.0000e+00
 163.855532     10.514  37.380597    13.1122     6.9007     10.426    31.5065    23.6664 0.0000e+00
 163.855538     10.725  37.371052    13.0667     6.8971     10.635    31.5352    23.6975 0.0000e+00
 163.855544     10.934  37.351688    13.0211     6.8944     10.842    31.5549    23.7216 0.0000e+00
 163.855550     11.142  37.335288    12.9924     6.8833     11.049    31.5633    23.7337 0.0000e+00
 163.855556     11.344  37.326262    12.9774     6.8805     11.249    31.5672    23.7396 0.0000e+00
 163.855561     11.541  37.320369    12.9704     6.8914     11.444    31.5675    23.7412 0.0000e+00
 163.855567     11.737  37.318110    12.9694     6.9025     11.639    31.5661    23.7403 0.0000e+00
 163.855573     11.930  37.320914    12.9709     6.9067     11.830    31.5674    23.7410 0.0000e+00
 163.855579     12.121  37.324639    12.9693     6.9039     12.019    31.5722    23.7450 0.0000e+00
 163.855584     12.318  37.322452    12.9633     6.8991     12.215    31.5750    23.7484 0.0000e+00
 163.855590     12.528  37.315881    12.9566     6.9033     12.423    31.5743    23.7492 0.0000e+00
 163.855596     12.752  37.309570    12.9517     6.9135     12.645    31.5724    23.7487 0.0000e+00
 163.855602     12.987  37.304026    12.9482     6.9233     12.878    31.5700    23.7475 0.0000e+00
 163.855608     13.227  37.300410    12.9453     6.9304     13.116    31.5689    23.7472 0.0000e+00
 163.855613     13.462  37.298910    12.9426     6.9202     13.349    31.5697    23.7483 0.0000e+00
 163.855619     13.685  37.298214    12.9415     6.8996     13.570    31.5698    23.7487 0.0000e+00
 163.855625     13.892  37.298431    12.9437     6.8999     13.776    31.5681    23.7469 0.0000e+00
 163.855631     14.081  37.300520    12.9476     6.9012     13.963    31.5668    23.7451 0.0000e+00
 163.855637     14.253  37.303277    12.9495     6.9102     14.134    31.5677    23.7455 0.0000e+00
 163.855642     14.422  37.303592    12.9476     6.9088     14.301    31.5695    23.7473 0.0000e+00
 163.855648     14.591  37.300699    12.9424     6.8961     14.469    31.5711    23.7495 0.0000e+00
 163.855654     14.765  37.296277    12.9370     6.8882     14.641    31.5714    23.7507 0.0000e+00
 163.855660     14.942  37.292762    12.9337     6.8970     14.817    31.5707    23.7509 0.0000e+00
 163.855666     15.114  37.292119    12.9320     6.9054     14.987    31.5715    23.7518 0.0000e+00
 163.855671     15.281  37.292862    12.9296     6.9132     15.153    31.5741    23.7543 0.0000e+00
 163.855677     15.449  37.291434    12.9242     6.8968     15.319    31.5772    23.7578 0.0000e+00
 163.855683     15.624  37.286423    12.9150     6.8861     15.493    31.5801    23.7618 0.0000e+00
 163.855689     15.804  37.279483    12.9045     6.8818     15.672    31.5822    23.7655 0.0000e+00
 163.855694     15.984  37.274176    12.8978     6.8850     15.850    31.5828    23.7672 0.0000e+00
 163.855700     16.163  37.271758    12.8950     6.8818     16.027    31.5827    23.7677 0.0000e+00
 163.855706     16.346  37.270056    12.8904     6.8791     16.209    31.5849    23.7703 0.0000e+00
 163.855712     16.543  37.266734    12.8813     6.8707     16.404    31.5893    23.7754 0.0000e+00
 163.855718     16.752  37.261215    12.8687     6.8722     16.612    31.5945    23.7819 0.0000e+00
 163.855723     16.970  37.252794    12.8524     6.8965     16.828    31.6001    23.7894 0.0000e+00
 163.855729     17.193  37.239134    12.8316     6.9225     17.049    31.6045    23.7968 0.0000e+00
 163.855735     17.418  37.219315    12.8058     6.9724     17.272    31.6073    23.8040 0.0000e+00
 163.855741     17.643  37.192608    12.7726     7.0057     17.495    31.6098    23.8123 0.0000e+00
 163.855747     17.864  37.158057    12.7294     7.0222     17.714    31.6132    23.8232 0.0000e+00
 163.855752     18.080  37.116569    12.6739     7.0227     17.928    31.6203    23.8394 0.0000e+00
 163.855758     18.285  37.065962    12.6049     7.0255     18.132    31.6302    23.8601 0.0000e+00
 163.855764     18.481  37.007577    12.5323     7.0393     18.326    31.6356    23.8782 0.0000e+00
 163.855770     18.672  36.956462    12.4721     7.0681     18.515    31.6376    23.8911 0.0000e+00
 163.855775     18.856  36.928957    12.4331     7.0909     18.698    31.6442    23.9036 0.0000e+00
 163.855781     19.033  36.919669    12.4046     7.1162     18.873    31.6593    23.9207 0.0000e+00
 163.855787     19.209  36.906056    12.3520     7.1315     19.048    31.6906    23.9549 0.0000e+00
 163.855793     19.392  36.876619    12.2631     7.1336     19.229    31.7376    24.0080 0.0000e+00
 163.855799     19.579  36.841329    12.1733     7.1240     19.415    31.7799    24.0576 0.0000e+00
 163.855804     19.771  36.815784    12.1134     7.1102     19.605    31.8062    24.0891 0.0000e+00
 163.855810     19.971  36.801684    12.0817     7.0972     19.803    31.8196    24.1054 0.0000e+00
 163.855816     20.179  36.794146    12.0650     7.0763     20.010    31.8265    24.1138 0.0000e+00
 163.855822     20.394  36.790322    12.0545     7.0598     20.223    31.8316    24.1198 0.0000e+00
 163.855828     20.623  36.787286    12.0469     7.0523     20.450    31.8351    24.1239 0.0000e+00
 163.855833     20.867  36.784283    12.0410     7.0376     20.692    31.8372    24.1266 0.0000e+00
 163.855839     21.120  36.780600    12.0356     7.0399     20.943    31.8381    24.1284 0.0000e+00
 163.855845     21.376  36.774621    12.0281     7.0559     21.196    31.8387    24.1302 0.0000e+00
 163.855851     21.635  36.762226    12.0121     7.0568     21.453    31.8403    24.1344 0.0000e+00
 163.855856     21.892  36.735220    11.9835     7.0512     21.708    31.8385    24.1383 0.0000e+00
 163.855862     22.142  36.696734    11.9489     7.0391     21.956    31.8309    24.1388 0.0000e+00
 163.855868     22.383  36.660910    11.9190     7.0202     22.195    31.8218    24.1372 0.0000e+00
 163.855874     22.614  36.638156    11.8962     7.0078     22.424    31.8192    24.1394 0.0000e+00
 163.855880     22.837  36.634463    11.8768     6.9890     22.645    31.8321    24.1530 0.0000e+00
 163.855885     23.057  36.647636    11.8588     6.9601     22.863    31.8601    24.1781 0.0000e+00
 163.855891     23.284  36.682849    11.8353     6.9314     23.088    31.9142    24.2244 0.0000e+00
 163.855897     23.529  36.722578    11.7945     6.8902     23.331    31.9876    24.2888 0.0000e+00
 163.855903     23.788  36.725637    11.7442     6.8563     23.588    32.0338    24.3339 0.0000e+00
 163.855909     24.054  36.707238    11.7024     6.8223     23.852    32.0519    24.3556 0.0000e+00
 163.855914     24.318  36.699900    11.6709     6.8039     24.114    32.0719    24.3768 0.0000e+00
 163.855920     24.579  36.698243    11.6406     6.7965     24.372    32.0964    24.4014 0.0000e+00
 163.855926     24.840  36.693264    11.6054     6.7750     24.631    32.1219    24.4276 0.0000e+00
 163.855932     25.098  36.687215    11.5692     6.7630     24.887    32.1473    24.4539 0.0000e+00
 163.855938     25.347  36.684843    11.5407     6.7581     25.134    32.1696    24.4764 0.0000e+00
 163.855943     25.589  36.685711    11.5213     6.7342     25.374    32.1872    24.4936 0.0000e+00
 163.855949     25.833  36.687542    11.5066     6.6834     25.616    32.2017    24.5075 0.0000e+00
 163.855955     26.080  36.689349    11.4926     6.5820     25.861    32.2155    24.5208 0.0000e+00
 163.855961     26.334  36.693472    11.4783     6.4569     26.113    32.2319    24.5361 0.0000e+00
 163.855966     26.597  36.703100    11.4628     6.3541     26.373    32.2547    24.5566 0.0000e+00
 163.855972     26.870  36.713078    11.4423     6.2584     26.644    32.2822    24.5817 0.0000e+00
 163.855978     27.152  36.722641    11.4160     6.1967     26.924    32.3145    24.6115 0.0000e+00
 163.855984     27.445  36.748392    11.3831     6.1316     27.214    32.3684    24.6593 0.0000e+00
 163.855990     27.749  36.788750    11.3412     6.0654     27.516    32.4446    24.7261 0.0000e+00
 163.855995     28.059  36.812325    11.2947     6.0218     27.823    32.5085    24.7841 0.0000e+00
 163.856001     28.364  36.807912    11.2509     5.9552     28.125    32.5427    24.8185 0.0000e+00
 163.856007     28.662  36.790275    11.2136     5.8589     28.421    32.5581    24.8372 0.0000e+00
 163.856013     28.951  36.770547    11.1784     5.7177     28.707    32.5697    24.8525 0.0000e+00
 163.856019     29.224  36.749792    11.1372     5.5503     28.978    32.5856    24.8722 0.0000e+00
 163.856024     29.480  36.724908    11.0878     5.3461     29.232    32.6047    24.8959 0.0000e+00
 163.856030     29.727  36.695131    11.0274     5.1313     29.477    32.6288    24.9253 0.0000e+00
 163.856036     29.972  36.659330    10.9489     4.9225     29.720    32.6631    24.9658 0.0000e+00
