data/oxygen options/OCNMS/OCNMS1/raw_data/2018/CAST_KL015_180611faed.cnv
* Sea-Bird SBE19 Data File:
* FileName = C:\2018 Mooring Data\Casts\CAST_KL015_180611.hex
* Software Version 1.59
* Temperature SN = 2997
* Conductivity SN = 2997
* System UpLoad Time = Jun 11 2018 21:17:56
** CAST_KL015_180611
* ds
# nquan = 9                                 
# nvalues = 787                         
# units = specified
# name 0 = timeJ: Julian Days
# name 1 = prSM: Pressure, Strain Gauge [db]
# name 2 = c0mS/cm: Conductivity [mS/cm]
# name 3 = t090C: Temperature [ITS-90, deg C]
# name 4 = sbeox0ML/L: Oxygen, SBE 43 [ml/l]
# name 5 = depSM: Depth [salt water, m], lat = 47.5
# name 6 = sal00: Salinity, Practical [PSU]
# name 7 = sigma-é00: Density [sigma-theta, kg/m^3]
# name 8 = flag: flag
# span 0 = 162.880440, 162.884988       
# span 1 =     -5.181,     15.191       
# span 2 =   0.319198,  36.853435       
# span 3 =    12.2914,    15.9225       
# span 4 =    -1.8670,    14.7511       
# span 5 =     -5.138,     15.064       
# span 6 =     0.1893,    31.6875       
# span 7 =    -0.8144,    23.9638       
# span 8 = 0.0000e+00, 0.0000e+00       
# interval = seconds: 0.5
# start_time = Jun 11 2018 21:07:50 [Instrument's time stamp, header]
# bad_flag = -9.990e-29
*END*
[from data line 161]
 162.881372     -1.857   0.444137    14.7720    -1.8631     -1.842     0.2691    -0.6561 -9.990e-29
 162.881377     -1.850   0.442192    14.7562    -1.8634     -1.835     0.2680    -0.6546 -9.990e-29
 162.881383     -1.844   0.440833    14.7391    -1.8634     -1.829     0.2672    -0.6526 -9.990e-29
 162.881389     -1.834   0.439357    14.7228    -1.8634     -1.819     0.2664    -0.6508 -9.990e-29
 162.881395     -1.815   0.438011    14.7105    -1.8638     -1.800     0.2657    -0.6496 -9.990e-29
 162.881400     -1.795   0.437770    14.7038    -1.8642     -1.780     0.2656    -0.6487 -9.990e-29
 162.881406     -1.780   0.438867    14.7005    -1.8645     -1.765     0.2663    -0.6476 -9.990e-29
 162.881412     -1.770   0.440547    14.6971    -1.8647     -1.755     0.2673    -0.6463 -9.990e-29
 162.881418     -1.765   0.441728    14.6929    -1.8650     -1.750     0.2681    -0.6451 -9.990e-29
 162.881424     -1.758   0.441770    14.6884    -1.8652     -1.743     0.2682    -0.6444 -9.990e-29
 162.881429     -1.747   0.440727    14.6845    -1.8651     -1.732     0.2675    -0.6443 -9.990e-29
 162.881435     -1.734   0.438869    14.6816    -1.8647     -1.720     0.2664    -0.6448 -9.990e-29
 162.881441     -1.723   0.436489    14.6781    -1.8648     -1.709     0.2649    -0.6454 -9.990e-29
 162.881447     -1.713   0.433738    14.6718    -1.8653     -1.699     0.2633    -0.6457 -9.990e-29
 162.881453     -1.704   0.430826    14.6640    -1.8654     -1.690     0.2615    -0.6460 -9.990e-29
 162.881458     -1.694   0.428302    14.6570    -1.8655     -1.680     0.2600    -0.6461 -9.990e-29
 162.881464     -1.684   0.426126    14.6514    -1.8655     -1.670     0.2586    -0.6463 -9.990e-29
 162.881470     -1.668   0.423614    14.6469    -1.8655     -1.654     0.2571    -0.6468 -9.990e-29
 162.881476     -1.645   0.420739    14.6439    -1.8660     -1.631     0.2553    -0.6478 -9.990e-29
 162.881481     -1.628   0.418657    14.6438    -1.8661     -1.614     0.2540    -0.6488 -9.990e-29
 162.881487     -1.618   0.418467    14.6453    -1.8666     -1.605     0.2539    -0.6491 -9.990e-29
 162.881493     -1.607   0.419916    14.6440    -1.8666     -1.594     0.2548    -0.6482 -9.990e-29
 162.881499     -1.595   0.421614    14.6394    -1.8666     -1.582     0.2559    -0.6467 -9.990e-29
 162.881505     -1.588   0.422498    14.6349    -1.8664     -1.575     0.2565    -0.6456 -9.990e-29
 162.881510     -1.586   0.422641    14.6324    -1.8664     -1.573     0.2566    -0.6451 -9.990e-29
 162.881516     -1.581   0.422231    14.6306    -1.8664     -1.568     0.2563    -0.6450 -9.990e-29
 162.881522     -1.573   0.421276    14.6272    -1.8665     -1.560     0.2558    -0.6450 -9.990e-29
 162.881528     -1.564   0.420166    14.6216    -1.8667     -1.551     0.2551    -0.6447 -9.990e-29
 162.881534     -1.556   0.419082    14.6151    -1.8669     -1.543     0.2545    -0.6442 -9.990e-29
 162.881539     -1.546   0.417687    14.6096    -1.8670     -1.533     0.2536    -0.6440 -9.990e-29
 162.881545     -1.535   0.415781    14.6069    -1.8668     -1.522     0.2525    -0.6445 -9.990e-29
 162.881551     -1.522   0.413595    14.6073    -1.8668     -1.509     0.2511    -0.6457 -9.990e-29
 162.881557     -1.505   0.411538    14.6091    -1.8667     -1.492     0.2498    -0.6469 -9.990e-29
 162.881563     -1.489   0.409639    14.6103    -1.8668     -1.477     0.2486    -0.6480 -9.990e-29
 162.881568     -1.476   0.407581    14.6100    -1.8670     -1.464     0.2473    -0.6490 -9.990e-29
 162.881574     -1.466   0.405391    14.6081    -1.8669     -1.454     0.2460    -0.6497 -9.990e-29
 162.881580     -1.458   0.403472    14.6050    -1.8667     -1.446     0.2448    -0.6502 -9.990e-29
 162.881586     -1.452   0.402036    14.6021    -1.8666     -1.440     0.2439    -0.6505 -9.990e-29
 162.881591     -1.446   0.401382    14.6008    -1.8662     -1.434     0.2435    -0.6506 -9.990e-29
 162.881597     -1.441   0.401749    14.6013    -1.8660     -1.429     0.2438    -0.6505 -9.990e-29
 162.881603     -1.437   0.402516    14.6023    -1.8659     -1.425     0.2442    -0.6503 -9.990e-29
 162.881609     -1.432   0.403045    14.6022    -1.8658     -1.420     0.2446    -0.6500 -9.990e-29
 162.881615     -1.428   0.403487    14.6009    -1.8657     -1.416     0.2449    -0.6496 -9.990e-29
 162.881620     -1.423   0.403877    14.6003    -1.8657     -1.411     0.2451    -0.6493 -9.990e-29
 162.881626     -1.417   0.403627    14.6022    -1.8656     -1.405     0.2449    -0.6497 -9.990e-29
 162.881632     -1.410   0.402401    14.6062    -1.8654     -1.398     0.2441    -0.6509 -9.990e-29
 162.881638     -1.402   0.400228    14.6116    -1.8655     -1.390     0.2428    -0.6528 -9.990e-29
 162.881644     -1.391   0.397536    14.6179    -1.8657     -1.379     0.2411    -0.6550 -9.990e-29
 162.881649     -1.378   0.395167    14.6234    -1.8656     -1.367     0.2395    -0.6570 -9.990e-29
 162.881655     -1.361   0.393288    14.6273    -1.8656     -1.350     0.2384    -0.6585 -9.990e-29
 162.881661     -1.344   0.391610    14.6301    -1.8655     -1.333     0.2373    -0.6597 -9.990e-29
 162.881667     -1.329   0.390111    14.6324    -1.8652     -1.318     0.2364    -0.6608 -9.990e-29
 162.881672     -1.316   0.389007    14.6344    -1.8649     -1.305     0.2357    -0.6616 -9.990e-29
 162.881678     -1.304   0.388490    14.6364    -1.8647     -1.293     0.2353    -0.6622 -9.990e-29
 162.881684     -1.293   0.388424    14.6378    -1.8646     -1.282     0.2353    -0.6624 -9.990e-29
 162.881690     -1.280   0.388721    14.6378    -1.8643     -1.269     0.2355    -0.6623 -9.990e-29
 162.881696     -1.267   0.389221    14.6372    -1.8641     -1.256     0.2358    -0.6619 -9.990e-29
 162.881701     -1.256   0.389483    14.6375    -1.8639     -1.246     0.2359    -0.6619 -9.990e-29
 162.881707     -1.250   0.389302    14.6392    -1.8637     -1.240     0.2358    -0.6622 -9.990e-29
 162.881713     -1.250   0.388438    14.6425    -1.8633     -1.240     0.2353    -0.6631 -9.990e-29
 162.881719     -1.255   0.386845    14.6476    -1.8632     -1.245     0.2342    -0.6647 -9.990e-29
 162.881725     -1.261   0.385169    14.6538    -1.8632     -1.250     0.2332    -0.6664 -9.990e-29
 162.881730     -1.261   0.383946    14.6598    -1.8632     -1.250     0.2324    -0.6679 -9.990e-29
 162.881736     -1.249   0.383209    14.6658    -1.8633     -1.239     0.2319    -0.6692 -9.990e-29
 162.881742     -1.230   0.382529    14.6718    -1.8632     -1.220     0.2314    -0.6704 -9.990e-29
 162.881748     -1.211   0.381551    14.6774    -1.8633     -1.201     0.2308    -0.6717 -9.990e-29
 162.881753     -1.194   0.380633    14.6828    -1.8633     -1.184     0.2302    -0.6730 -9.990e-29
 162.881759     -1.180   0.380214    14.6889    -1.8634     -1.170     0.2299    -0.6741 -9.990e-29
 162.881765     -1.166   0.379736    14.6948    -1.8634     -1.156     0.2296    -0.6752 -9.990e-29
 162.881771     -1.152   0.378562    14.6987    -1.8635     -1.142     0.2288    -0.6764 -9.990e-29
 162.881777     -1.137   0.377343    14.7004    -1.8637     -1.128     0.2281    -0.6772 -9.990e-29
 162.881782     -1.125   0.376668    14.7006    -1.8640     -1.116     0.2276    -0.6776 -9.990e-29
 162.881788     -1.119   0.376191    14.7005    -1.8643     -1.110     0.2273    -0.6778 -9.990e-29
 162.881794     -1.115   0.375277    14.7009    -1.8643     -1.106     0.2268    -0.6783 -9.990e-29
 162.881800     -1.106   0.373813    14.7007    -1.8644     -1.097     0.2259    -0.6790 -9.990e-29
 162.881806     -1.099   0.372620    14.6995    -1.8644     -1.090     0.2251    -0.6794 -9.990e-29
 162.881811     -1.096   0.372321    14.6979    -1.8641     -1.087     0.2250    -0.6793 -9.990e-29
 162.881817     -1.096   0.372520    14.6960    -1.8639     -1.087     0.2251    -0.6789 -9.990e-29
 162.881823     -1.101   0.372372    14.6926    -1.8635     -1.092     0.2250    -0.6784 -9.990e-29
 162.881829     -1.106   0.371681    14.6876    -1.8627     -1.097     0.2246    -0.6780 -9.990e-29
 162.881834     -1.108   0.371187    14.6820    -1.8620     -1.099     0.2244    -0.6774 -9.990e-29
 162.881840     -1.105   0.371339    14.6773    -1.8614     -1.096     0.2245    -0.6766 -9.990e-29
 162.881846     -1.099   0.371787    14.6750    -1.8607     -1.090     0.2248    -0.6761 -9.990e-29
 162.881852     -1.089   0.372021    14.6748    -1.8601     -1.080     0.2249    -0.6759 -9.990e-29
 162.881858     -1.078   0.371614    14.6767    -1.8595     -1.069     0.2246    -0.6764 -9.990e-29
 162.881863     -1.074   0.370576    14.6817    -1.8590     -1.065     0.2240    -0.6776 -9.990e-29
 162.881869     -1.077   0.369001    14.6898    -1.8587     -1.068     0.2230    -0.6796 -9.990e-29
 162.881875     -1.079   0.367005    14.7016    -1.8583     -1.070     0.2217    -0.6824 -9.990e-29
 162.881881     -1.075   0.365065    14.7170    -1.8578     -1.066     0.2204    -0.6857 -9.990e-29
 162.881887     -1.065   0.363364    14.7342    -1.8575     -1.056     0.2192    -0.6891 -9.990e-29
 162.881892     -1.049   0.361850    14.7513    -1.8568     -1.040     0.2182    -0.6924 -9.990e-29
 162.881898     -1.030   0.360719    14.7680    -1.8562     -1.021     0.2174    -0.6955 -9.990e-29
 162.881904     -1.011   0.360126    14.7840    -1.8558     -1.003     0.2170    -0.6982 -9.990e-29
 162.881910     -0.991   0.359833    14.7990    -1.8554     -0.983     0.2167    -0.7007 -9.990e-29
 162.881916     -0.972   0.359452    14.8120    -1.8551     -0.964     0.2164    -0.7028 -9.990e-29
 162.881921     -0.958   0.359027    14.8229    -1.8551     -0.950     0.2161    -0.7047 -9.990e-29
 162.881927     -0.948   0.359101    14.8333    -1.8551     -0.940     0.2161    -0.7063 -9.990e-29
 162.881933     -0.941   0.359773    14.8443    -1.8550     -0.933     0.2165    -0.7076 -9.990e-29
 162.881939     -0.937   0.360275    14.8563    -1.8549     -0.929     0.2167    -0.7092 -9.990e-29
 162.881944     -0.936   0.360169    14.8696    -1.8541     -0.928     0.2166    -0.7113 -9.990e-29
 162.881950     -0.937   0.359868    14.8831    -1.8534     -0.929     0.2163    -0.7136 -9.990e-29
 162.881956     -0.937   0.359524    14.8951    -1.8528     -0.929     0.2160    -0.7156 -9.990e-29
 162.881962     -0.931   0.358678    14.9046    -1.8523     -0.923     0.2155    -0.7174 -9.990e-29
 162.881968     -0.923   0.357309    14.9111    -1.8518     -0.915     0.2146    -0.7191 -9.990e-29
 162.881973     -0.916   0.356361    14.9149    -1.8514     -0.908     0.2140    -0.7201 -9.990e-29
 162.881979     -0.910   0.356233    14.9179    -1.8510     -0.902     0.2139    -0.7206 -9.990e-29
 162.881985     -0.906   0.356201    14.9222    -1.8504     -0.898     0.2139    -0.7213 -9.990e-29
 162.881991     -0.902   0.355667    14.9304    -1.8495     -0.894     0.2135    -0.7228 -9.990e-29
 162.881997     -0.898   0.354475    14.9435    -1.8488     -0.891     0.2127    -0.7254 -9.990e-29
 162.882002     -0.895   0.353249    14.9590    -1.8485     -0.888     0.2119    -0.7284 -9.990e-29
 162.882008     -0.892   0.353126    14.9743    -1.8486     -0.885     0.2117    -0.7308 -9.990e-29
 162.882014     -0.888   0.353941    14.9886    -1.8486     -0.881     0.2121    -0.7327 -9.990e-29
 162.882020     -0.884   0.354565    15.0017    -1.8485     -0.877     0.2125    -0.7344 -9.990e-29
 162.882025     -0.878   0.354723    15.0138    -1.8481     -0.871     0.2125    -0.7362 -9.990e-29
 162.882031     -0.872   0.354625    15.0266    -1.8479     -0.865     0.2124    -0.7383 -9.990e-29
 162.882037     -0.864   0.354139    15.0423    -1.8475     -0.857     0.2120    -0.7409 -9.990e-29
 162.882043     -0.855   0.353172    15.0597    -1.8473     -0.848     0.2113    -0.7441 -9.990e-29
 162.882049     -0.847   0.352094    15.0743    -1.8468     -0.840     0.2106    -0.7469 -9.990e-29
 162.882054     -0.844   0.351130    15.0828    -1.8465     -0.837     0.2099    -0.7487 -9.990e-29
 162.882060     -0.842   0.350105    15.0861    -1.8461     -0.835     0.2093    -0.7497 -9.990e-29
 162.882066     -0.837   0.349313    15.0883    -1.8457     -0.830     0.2088    -0.7504 -9.990e-29
 162.882072     -0.828   0.349360    15.0927    -1.8454     -0.821     0.2088    -0.7510 -9.990e-29
 162.882078     -0.814   0.350308    15.0998    -1.8459     -0.807     0.2094    -0.7517 -9.990e-29
 162.882083     -0.800   0.351207    15.1080    -1.8463     -0.793     0.2099    -0.7526 -9.990e-29
 162.882089     -0.793   0.351038    15.1160    -1.8464     -0.786     0.2097    -0.7539 -9.990e-29
 162.882095     -0.792   0.350129    15.1243    -1.8467     -0.785     0.2091    -0.7556 -9.990e-29
 162.882101     -0.788   0.349483    15.1336    -1.8467     -0.781     0.2087    -0.7574 -9.990e-29
 162.882106     -0.777   0.349349    15.1434    -1.8469     -0.771     0.2086    -0.7590 -9.990e-29
 162.882112     -0.764   0.348993    15.1528    -1.8469     -0.758     0.2083    -0.7606 -9.990e-29
 162.882118     -0.754   0.347940    15.1599    -1.8462     -0.748     0.2076    -0.7622 -9.990e-29
 162.882124     -0.753   0.347003    15.1616    -1.8456     -0.747     0.2070    -0.7630 -9.990e-29
 162.882130     -0.756   0.347149    15.1573    -1.8451     -0.750     0.2072    -0.7622 -9.990e-29
 162.882135     -0.758   0.348019    15.1509    -1.8448     -0.752     0.2077    -0.7608 -9.990e-29
 162.882141     -0.760   0.348555    15.1454    -1.8444     -0.754     0.2081    -0.7597 -9.990e-29
 162.882147     -0.758   0.348366    15.1410    -1.8441     -0.752     0.2080    -0.7591 -9.990e-29
 162.882153     -0.751   0.347752    15.1380    -1.8438     -0.745     0.2076    -0.7589 -9.990e-29
 162.882159     -0.743   0.347002    15.1376    -1.8436     -0.737     0.2072    -0.7592 -9.990e-29
 162.882164     -0.730   0.346222    15.1423    -1.8434     -0.724     0.2067    -0.7603 -9.990e-29
 162.882170     -0.711   0.345481    15.1530    -1.8430     -0.705     0.2062    -0.7623 -9.990e-29
 162.882176     -0.693   0.344899    15.1663    -1.8426     -0.687     0.2057    -0.7647 -9.990e-29
 162.882182     -0.679   0.344255    15.1785    -1.8428     -0.673     0.2053    -0.7669 -9.990e-29
 162.882187     -0.669   0.343243    15.1890    -1.8426     -0.663     0.2046    -0.7690 -9.990e-29
 162.882193     -0.661   0.342175    15.1988    -1.8424     -0.655     0.2039    -0.7711 -9.990e-29
 162.882199     -0.655   0.341290    15.2078    -1.8421     -0.650     0.2033    -0.7729 -9.990e-29
 162.882205     -0.651   0.340517    15.2154    -1.8418     -0.646     0.2028    -0.7745 -9.990e-29
 162.882211     -0.648   0.339932    15.2219    -1.8413     -0.643     0.2025    -0.7758 -9.990e-29
 162.882216     -0.647   0.339310    15.2286    -1.8411     -0.642     0.2020    -0.7771 -9.990e-29
 162.882222     -0.647   0.338375    15.2361    -1.8410     -0.642     0.2014    -0.7787 -9.990e-29
 162.882228     -0.648   0.337542    15.2422    -1.8405     -0.643     0.2009    -0.7801 -9.990e-29
 162.882234     -0.651   0.337360    15.2456    -1.8399     -0.646     0.2008    -0.7807 -9.990e-29
 162.882240     -0.655   0.337588    15.2493    -1.8391     -0.650     0.2009    -0.7812 -9.990e-29
 162.882245     -0.657   0.337423    15.2552    -1.8387     -0.652     0.2008    -0.7822 -9.990e-29
 162.882251     -0.652   0.336643    15.2628    -1.8384     -0.647     0.2003    -0.7838 -9.990e-29
 162.882257     -0.644   0.335872    15.2715    -1.8384     -0.639     0.1998    -0.7855 -9.990e-29
 162.882263     -0.638   0.335744    15.2802    -1.8384     -0.633     0.1996    -0.7869 -9.990e-29
 162.882269     -0.632   0.336085    15.2877    -1.8384     -0.627     0.1998    -0.7880 -9.990e-29
 162.882274     -0.627   0.336242    15.2957    -1.8384     -0.622     0.1999    -0.7892 -9.990e-29
 162.882280     -0.621   0.335871    15.3073    -1.8384     -0.616     0.1996    -0.7912 -9.990e-29
 162.882286     -0.616   0.335031    15.3221    -1.8384     -0.611     0.1990    -0.7939 -9.990e-29
