data/oxygen options/OCNMS/OCNMS1/raw_data/2018/CAST_MB015_180710faed.cnv
* Sea-Bird SBE19 Data File:
* FileName = C:\2018 Mooring Data\Casts\CAST_MB015_180710.hex
* Software Version 1.59
* Temperature SN = 2997
* Conductivity SN = 2997
* System UpLoad Time = Jul 10 2018 18:21:27
** CAST_MB015_180710
* ds
# nquan = 9                                 
# nvalues = 787                         
# units = specified
# name 0 = timeJ: Julian Days
# name 1 = prSM: Pressure, Strain Gauge [db]
# name 2 = c0mS/cm: Conductivity [mS/cm]
# name 3 = t090C: Temperature [ITS-90, deg C]
# name 4 = sbeox0ML/L: Oxygen, SBE 43 [ml/l]
# name 5 = depSM: Depth [salt water, m], lat = 47.5
# name 6 = sal00: Salinity, Practical [PSU]
# name 7 = sigma-é00: Density [sigma-theta, kg/m^3]
# name 8 = flag: flag
# span 0 = 191.744618, 191.749167       
# span 1 =     -4.615,     12.189       
# span 2 =   0.361841,  39.653377       
# span 3 =    10.9445,    18.5700       
# span 4 =    -1.7911,    14.8000       
# span 5 =     -4.577,     12.087       
# span 6 =     0.2083,    32.9751       
# span 7 =    -1.3230,    25.0797       
# span 8 = 0.0000e+00, 0.0000e+00       
# interval = seconds: 0.5
# start_time = Jul 10 2018 17:52:15 [Instrument's time stamp, header]
# bad_flag = -9.990e-29
*END*
[from data line 321]
 191.746476     -0.055   0.476032    18.3521    -1.7317     -0.055     0.2656    -1.2649 -9.990e-29
 191.746481     -0.052   0.475989    18.3625    -1.7314     -0.052     0.2655    -1.2669 -9.990e-29
 191.746487     -0.046   0.475963    18.3700    -1.7309     -0.046     0.2654    -1.2684 -9.990e-29
 191.746493     -0.038   0.475367    18.3733    -1.7306     -0.038     0.2651    -1.2693 -9.990e-29
 191.746499     -0.031   0.474515    18.3742    -1.7300     -0.031     0.2646    -1.2699 -9.990e-29
 191.746505     -0.029   0.473931    18.3740    -1.7295     -0.029     0.2642    -1.2701 -9.990e-29
 191.746510     -0.027   0.473393    18.3724    -1.7295     -0.027     0.2639    -1.2700 -9.990e-29
 191.746516     -0.022   0.472734    18.3700    -1.7293     -0.022     0.2636    -1.2698 -9.990e-29
 191.746522     -0.012   0.472184    18.3690    -1.7293     -0.012     0.2633    -1.2699 -9.990e-29
 191.746528     -0.002   0.471562    18.3716    -1.7288     -0.002     0.2629    -1.2706 -9.990e-29
 191.746534      0.001   0.470594    18.3786    -1.7286      0.001     0.2623    -1.2724 -9.990e-29
 191.746539     -0.003   0.469652    18.3889    -1.7288     -0.003     0.2617    -1.2748 -9.990e-29
 191.746545     -0.007   0.469141    18.4013    -1.7297     -0.007     0.2613    -1.2775 -9.990e-29
 191.746551     -0.005   0.468933    18.4150    -1.7305     -0.005     0.2611    -1.2802 -9.990e-29
 191.746557      0.002   0.468753    18.4263    -1.7312      0.002     0.2610    -1.2825 -9.990e-29
 191.746563      0.011   0.468361    18.4330    -1.7313      0.011     0.2607    -1.2840 -9.990e-29
 191.746568      0.013   0.467786    18.4375    -1.7307      0.013     0.2603    -1.2851 -9.990e-29
 191.746574      0.009   0.467372    18.4427    -1.7303      0.009     0.2601    -1.2863 -9.990e-29
 191.746580      0.007   0.467119    18.4482    -1.7297      0.007     0.2599    -1.2875 -9.990e-29
 191.746586      0.010   0.466690    18.4495    -1.7290      0.010     0.2597    -1.2879 -9.990e-29
 191.746591      0.020   0.466068    18.4420    -1.7284      0.020     0.2593    -1.2867 -9.990e-29
 191.746597      0.037   0.465530    18.4265    -1.7282      0.037     0.2591    -1.2840 -9.990e-29
 191.746603      0.057   0.464913    18.4085    -1.7289      0.057     0.2589    -1.2807 -9.990e-29
 191.746609      0.074   0.463948    18.3951    -1.7287      0.073     0.2584    -1.2785 -9.990e-29
 191.746615      0.084   0.463011    18.3923    -1.7285      0.083     0.2579    -1.2784 -9.990e-29
 191.746620      0.088   0.462512    18.4001    -1.7287      0.087     0.2576    -1.2801 -9.990e-29
 191.746626      0.090   0.462341    18.4137    -1.7287      0.089     0.2574    -1.2829 -9.990e-29
 191.746632      0.095   0.462270    18.4296    -1.7291      0.094     0.2573    -1.2860 -9.990e-29
 191.746638      0.099   0.462206    18.4457    -1.7297      0.098     0.2571    -1.2891 -9.990e-29
 191.746644      0.098   0.462063    18.4578    -1.7302      0.097     0.2570    -1.2916 -9.990e-29
 191.746649      0.096   0.461650    18.4619    -1.7309      0.095     0.2567    -1.2925 -9.990e-29
 191.746655      0.101   0.460972    18.4605    -1.7315      0.100     0.2563    -1.2926 -9.990e-29
 191.746661      0.113   0.460232    18.4599    -1.7319      0.112     0.2559    -1.2928 -9.990e-29
 191.746667      0.126   0.459550    18.4602    -1.7323      0.125     0.2555    -1.2931 -9.990e-29
 191.746672      0.135   0.459124    18.4584    -1.7327      0.134     0.2553    -1.2930 -9.990e-29
 191.746678      0.142   0.458942    18.4532    -1.7330      0.141     0.2552    -1.2920 -9.990e-29
 191.746684      0.145   0.458760    18.4429    -1.7329      0.144     0.2552    -1.2901 -9.990e-29
 191.746690      0.147   0.458334    18.4283    -1.7330      0.146     0.2550    -1.2875 -9.990e-29
 191.746696      0.146   0.457651    18.4118    -1.7333      0.145     0.2547    -1.2845 -9.990e-29
 191.746701      0.144   0.456909    18.3943    -1.7335      0.143     0.2544    -1.2815 -9.990e-29
 191.746707      0.143   0.456225    18.3779    -1.7335      0.142     0.2541    -1.2786 -9.990e-29
 191.746713      0.148   0.455795    18.3640    -1.7336      0.147     0.2539    -1.2761 -9.990e-29
 191.746719      0.155   0.455601    18.3523    -1.7337      0.154     0.2539    -1.2739 -9.990e-29
 191.746725      0.161   0.455384    18.3425    -1.7335      0.160     0.2538    -1.2721 -9.990e-29
 191.746730      0.165   0.455038    18.3356    -1.7330      0.164     0.2537    -1.2709 -9.990e-29
 191.746736      0.169   0.454658    18.3319    -1.7328      0.168     0.2535    -1.2704 -9.990e-29
 191.746742      0.172   0.454474    18.3282    -1.7325      0.171     0.2534    -1.2697 -9.990e-29
 191.746748      0.174   0.454239    18.3231    -1.7319      0.173     0.2533    -1.2688 -9.990e-29
 191.746753      0.175   0.453271    18.3183    -1.7314      0.174     0.2528    -1.2683 -9.990e-29
 191.746759      0.177   0.451937    18.3152    -1.7311      0.176     0.2520    -1.2683 -9.990e-29
 191.746765      0.178   0.451228    18.3134    -1.7305      0.177     0.2516    -1.2683 -9.990e-29
 191.746771      0.178   0.451305    18.3142    -1.7302      0.177     0.2517    -1.2684 -9.990e-29
 191.746777      0.179   0.451713    18.3198    -1.7300      0.178     0.2519    -1.2693 -9.990e-29
 191.746782      0.179   0.451888    18.3289    -1.7300      0.178     0.2519    -1.2710 -9.990e-29
 191.746788      0.180   0.451509    18.3391    -1.7301      0.178     0.2516    -1.2731 -9.990e-29
 191.746794      0.180   0.450623    18.3505    -1.7296      0.178     0.2511    -1.2757 -9.990e-29
 191.746800      0.180   0.449708    18.3637    -1.7291      0.178     0.2505    -1.2787 -9.990e-29
 191.746806      0.180   0.449205    18.3771    -1.7289      0.178     0.2501    -1.2815 -9.990e-29
 191.746811      0.181   0.448998    18.3900    -1.7287      0.179     0.2499    -1.2841 -9.990e-29
 191.746817      0.181   0.448808    18.4023    -1.7289      0.179     0.2497    -1.2866 -9.990e-29
 191.746823      0.181   0.448380    18.4123    -1.7288      0.179     0.2494    -1.2887 -9.990e-29
 191.746829      0.181   0.447698    18.4185    -1.7285      0.179     0.2490    -1.2902 -9.990e-29
 191.746834      0.181   0.446958    18.4221    -1.7282      0.179     0.2486    -1.2912 -9.990e-29
 191.746840      0.181   0.446281    18.4267    -1.7279      0.179     0.2482    -1.2924 -9.990e-29
 191.746846      0.181   0.445870    18.4351    -1.7278      0.179     0.2479    -1.2942 -9.990e-29
 191.746852      0.181   0.445728    18.4448    -1.7274      0.179     0.2478    -1.2962 -9.990e-29
 191.746858      0.181   0.445665    18.4523    -1.7271      0.179     0.2477    -1.2977 -9.990e-29
 191.746863      0.181   0.445596    18.4567    -1.7269      0.179     0.2476    -1.2985 -9.990e-29
 191.746869      0.181   0.445428    18.4593    -1.7264      0.179     0.2475    -1.2991 -9.990e-29
 191.746875      0.181   0.444936    18.4630    -1.7261      0.179     0.2472    -1.3001 -9.990e-29
 191.746881      0.181   0.444016    18.4694    -1.7258      0.179     0.2466    -1.3017 -9.990e-29
 191.746887      0.181   0.443101    18.4776    -1.7253      0.179     0.2461    -1.3037 -9.990e-29
 191.746892      0.181   0.442632    18.4857    -1.7247      0.179     0.2458    -1.3055 -9.990e-29
 191.746898      0.181   0.442538    18.4934    -1.7250      0.179     0.2457    -1.3070 -9.990e-29
 191.746904      0.181   0.442689    18.5019    -1.7259      0.179     0.2457    -1.3086 -9.990e-29
 191.746910      0.181   0.442732    18.5110    -1.7264      0.179     0.2457    -1.3104 -9.990e-29
 191.746916      0.182   0.442172    18.5205    -1.7265      0.180     0.2453    -1.3125 -9.990e-29
 191.746921      0.182   0.441368    18.5310    -1.7267      0.180     0.2448    -1.3149 -9.990e-29
 191.746927      0.182   0.440908    18.5418    -1.7268      0.180     0.2445    -1.3172 -9.990e-29
 191.746933      0.182   0.440729    18.5526    -1.7265      0.180     0.2443    -1.3194 -9.990e-29
 191.746939      0.182   0.440592    18.5635    -1.7266      0.180     0.2442    -1.3216 -9.990e-29
 191.746944      0.183   0.440315    18.5700    -1.7267      0.181     0.2440    -1.3230 -9.990e-29
 191.746950      0.183   0.439524    18.5653    -1.7265      0.181     0.2436    -1.3224 -9.990e-29
 191.746956      0.184   0.438272    18.5522    -1.7264      0.182     0.2429    -1.3204 -9.990e-29
 191.746962      0.185   0.437105    18.5400    -1.7265      0.183     0.2423    -1.3185 -9.990e-29
 191.746968      0.186   0.436127    18.5324    -1.7269      0.184     0.2418    -1.3174 -9.990e-29
 191.746973      0.188   0.435142    18.5281    -1.7274      0.186     0.2413    -1.3170 -9.990e-29
 191.746979      0.190   0.433941    18.5270    -1.7280      0.188     0.2406    -1.3173 -9.990e-29
 191.746985      0.192   0.432584    18.5277    -1.7289      0.190     0.2398    -1.3180 -9.990e-29
 191.746991      0.195   0.431476    18.5279    -1.7295      0.193     0.2392    -1.3186 -9.990e-29
 191.746997      0.199   0.430801    18.5284    -1.7297      0.197     0.2388    -1.3190 -9.990e-29
 191.747002      0.205   0.430211    18.5303    -1.7307      0.203     0.2385    -1.3196 -9.990e-29
 191.747008      0.211   0.429471    18.5308    -1.7319      0.209     0.2381    -1.3200 -9.990e-29
 191.747014      0.220   0.428701    18.5263    -1.7329      0.218     0.2376    -1.3195 -9.990e-29
 191.747020      0.231   0.427980    18.5159    -1.5944      0.229     0.2373    -1.3177 -9.990e-29
 191.747025      0.246   0.427454    18.5010    -1.4996      0.244     0.2371    -1.3151 -9.990e-29
 191.747031      0.264   0.427527    18.4826    -1.5326      0.262     0.2372    -1.3114 -9.990e-29
 191.747037      0.288   0.429405    18.4620    -1.5443      0.286     0.2384    -1.3066 -9.990e-29
 191.747043      0.314   0.436699    18.4410    -1.5470      0.311     0.2426    -1.2994 -9.990e-29
 191.747049      0.340   0.460239    18.4149    -1.5485      0.337     0.2562    -1.2840 -9.990e-29
 191.747054      0.372   0.531966    18.3692    -1.5472      0.369     0.2975    -1.2436 -9.990e-29
 191.747060      0.412   0.748066    18.2757    -1.5467      0.409     0.4238    -1.1290 -9.990e-29
 191.747066      0.454   1.398333    18.0532    -1.5470      0.450     0.8173    -0.7856 -9.990e-29
 191.747072      0.496   3.351452    17.4517    -1.5495      0.492     2.0823     0.2938 -9.990e-29
 191.747078      0.546   9.212134    16.3885    -1.5528      0.541     6.2911     3.7026 -9.990e-29
 191.747083      0.609  20.083265    15.3061    -1.5537      0.604    15.0326    10.5808 -9.990e-29
 191.747089      0.687  30.776697    14.5886    -1.5528      0.681    24.4495    17.9372 -9.990e-29
 191.747095      0.776  36.395106    14.2061    -1.5510      0.770    29.7270    22.0747 -9.990e-29
 191.747101      0.869  38.322205    14.0342    -1.5506      0.862    31.6228    23.5717 -9.990e-29
 191.747106      0.953  39.078618    13.9993    -1.5512      0.945    32.3480    24.1386 -9.990e-29
 191.747112      1.023  39.396140    14.0365    -1.5523      1.014    32.6094    24.3328 -9.990e-29
 191.747118      1.077  39.465094    14.0611    -1.5532      1.068    32.6522    24.3607 -9.990e-29
 191.747124      1.120  39.362870    14.0246    -1.5542      1.111    32.5888    24.3193 -9.990e-29
 191.747130      1.155  39.214236    13.9545    -1.5526      1.145    32.5109    24.2736 -9.990e-29
 191.747135      1.182  39.122966    13.9082    -1.5519      1.172    32.4656    24.2481 -9.990e-29
 191.747141      1.205  39.100685    13.9084    -1.5517      1.195    32.4449    24.2321 -9.990e-29
 191.747147      1.224  39.116558    13.9324    -1.5496      1.214    32.4393    24.2228 -9.990e-29
 191.747153      1.241  39.137980    13.9473    -1.5524      1.231    32.4465    24.2253 -9.990e-29
 191.747159      1.257  39.150396    13.9373    -1.5522      1.247    32.4664    24.2427 -9.990e-29
 191.747164      1.273  39.149097    13.9073    -1.5503      1.262    32.4905    24.2676 -9.990e-29
 191.747170      1.285  39.143012    13.8765    -1.5492      1.274    32.5110    24.2896 -9.990e-29
 191.747176      1.291  39.144763    13.8671    -1.5480      1.280    32.5205    24.2990 -9.990e-29
 191.747182      1.294  39.147166    13.8813    -1.5524      1.283    32.5107    24.2885 -9.990e-29
 191.747188      1.300  39.146149    13.8923    -1.5532      1.289    32.5005    24.2783 -9.990e-29
 191.747193      1.308  39.157733    13.8828    -1.5526      1.297    32.5192    24.2947 -9.990e-29
 191.747199      1.314  39.202424    13.8721    -1.5526      1.303    32.5697    24.3359 -9.990e-29
 191.747205      1.316  39.293895    13.8903    -1.5532      1.305    32.6389    24.3856 -9.990e-29
 191.747211      1.313  39.351337    13.9362    -1.5545      1.302    32.6531    24.3871 -9.990e-29
 191.747216      1.305  39.281056    13.9699    -1.5531      1.294    32.5595    24.3080 -9.990e-29
 191.747222      1.296  39.175893    13.9623    -1.5506      1.285    32.4688    24.2395 -9.990e-29
 191.747228      1.289  39.172373    13.9276    -1.5496      1.278    32.4949    24.2667 -9.990e-29
 191.747234      1.283  39.266948    13.8987    -1.5499      1.272    32.6068    24.3591 -9.990e-29
 191.747240      1.280  39.326936    13.8913    -1.5517      1.269    32.6687    24.4084 -9.990e-29
 191.747245      1.277  39.264278    13.8902    -1.5513      1.266    32.6116    24.3646 -9.990e-29
 191.747251      1.276  39.170767    13.8776    -1.5496      1.265    32.5357    24.3085 -9.990e-29
 191.747257      1.276  39.137393    13.8567    -1.5499      1.265    32.5225    24.3026 -9.990e-29
 191.747263      1.277  39.147120    13.8412    -1.5496      1.266    32.5447    24.3229 -9.990e-29
 191.747269      1.279  39.163635    13.8388    -1.5495      1.268    32.5620    24.3368 -9.990e-29
 191.747274      1.282  39.196082    13.8520    -1.5510      1.271    32.5809    24.3487 -9.990e-29
 191.747280      1.287  39.284934    13.8838    -1.5519      1.276    32.6362    24.3848 -9.990e-29
 191.747286      1.293  39.386787    13.9147    -1.5497      1.282    32.7041    24.4310 -9.990e-29
 191.747292      1.302  39.395473    13.9197    -1.5494      1.291    32.7079    24.4329 -9.990e-29
 191.747297      1.309  39.318672    13.9057    -1.5479      1.298    32.6488    24.3901 -9.990e-29
 191.747303      1.310  39.271907    13.8882    -1.5478      1.299    32.6203    24.3717 -9.990e-29
 191.747309      1.311  39.321111    13.8728    -1.5494      1.300    32.6790    24.4202 -9.990e-29
 191.747315      1.311  39.418749    13.8626    -1.5499      1.300    32.7782    24.4989 -9.990e-29
 191.747321      1.305  39.490555    13.8559    -1.5489      1.294    32.8505    24.5561 -9.990e-29
 191.747326      1.298  39.520809    13.8494    -1.5488      1.287    32.8841    24.5834 -9.990e-29
 191.747332      1.294  39.511208    13.8443    -1.5484      1.283    32.8796    24.5810 -9.990e-29
 191.747338      1.291  39.475293    13.8435    -1.5495      1.280    32.8470    24.5559 -9.990e-29
 191.747344      1.291  39.480582    13.8539    -1.5495      1.280    32.8430    24.5507 -9.990e-29
 191.747350      1.293  39.549826    13.8796    -1.5485      1.282    32.8851    24.5780 -9.990e-29
 191.747355      1.297  39.611789    13.9055    -1.5486      1.286    32.9204    24.5999 -9.990e-29
 191.747361      1.303  39.614103    13.9157    -1.5488      1.292    32.9138    24.5927 -9.990e-29
 191.747367      1.308  39.557630    13.9117    -1.5488      1.297    32.8649    24.5558 -9.990e-29
 191.747373      1.308  39.486971    13.9020    -1.5490      1.297    32.8077    24.5136 -9.990e-29
 191.747378      1.306  39.470380    13.8939    -1.5479      1.295    32.7993    24.5088 -9.990e-29
 191.747384      1.308  39.510952    13.8880    -1.5480      1.297    32.8419    24.5429 -9.990e-29
 191.747390      1.312  39.553562    13.8814    -1.5494      1.301    32.8871    24.5791 -9.990e-29
