data/oxygen options/OCNMS/OCNMS1/raw_data/2018/CAST_KL015_180709faed.cnv
* Sea-Bird SBE19 Data File:
* FileName = C:\2018 Mooring Data\Casts\CAST_KL015_180709.hex
* Software Version 1.59
* Temperature SN = 2997
* Conductivity SN = 2997
* System UpLoad Time = Jul 09 2018 21:33:35
** CAST_KL015_180709
* ds
# nquan = 9                                 
# nvalues = 787                         
# units = specified
# name 0 = timeJ: Julian Days
# name 1 = prSM: Pressure, Strain Gauge [db]
# name 2 = c0mS/cm: Conductivity [mS/cm]
# name 3 = t090C: Temperature [ITS-90, deg C]
# name 4 = sbeox0ML/L: Oxygen, SBE 43 [ml/l]
# name 5 = depSM: Depth [salt water, m], lat = 47.5
# name 6 = sal00: Salinity, Practical [PSU]
# name 7 = sigma-é00: Density [sigma-theta, kg/m^3]
# name 8 = flag: flag
# span 0 = 190.883669, 190.888218       
# span 1 =     -5.216,     15.401       
# span 2 =   0.569931,  40.587895       
# span 3 =    11.2146,    15.7494       
# span 4 =    -1.8467,    14.9680       
# span 5 =     -5.173,     15.272       
# span 6 =     0.3431,    32.9035       
# span 7 =    -0.6873,    25.1039       
# span 8 = 0.0000e+00, 0.0000e+00       
# interval = seconds: 0.5
# start_time = Jul 09 2018 21:12:29 [Instrument's time stamp, header]
# bad_flag = -9.990e-29
*END*
[from data line 481]
 190.886453      0.656  40.559005    15.7019     8.3935      0.651    32.2758    23.7195 -9.990e-29
 190.886458      0.661  40.556969    15.7024     8.3420      0.655    32.2735    23.7177 -9.990e-29
 190.886464      0.662  40.556343    15.7031     8.3091      0.656    32.2724    23.7167 -9.990e-29
 190.886470      0.660  40.556294    15.7037     8.2844      0.654    32.2719    23.7161 -9.990e-29
 190.886476      0.654  40.556573    15.7044     8.2792      0.649    32.2716    23.7157 -9.990e-29
 190.886481      0.648  40.556990    15.7050     8.2681      0.643    32.2714    23.7155 -9.990e-29
 190.886487      0.646  40.557359    15.7053     8.2828      0.641    32.2715    23.7155 -9.990e-29
 190.886493      0.643  40.557054    15.7051     8.3075      0.638    32.2714    23.7155 -9.990e-29
 190.886499      0.640  40.555483    15.7047     8.3328      0.635    32.2704    23.7147 -9.990e-29
 190.886505      0.640  40.553354    15.7042     8.3363      0.635    32.2689    23.7137 -9.990e-29
 190.886510      0.639  40.551195    15.7031     8.3173      0.634    32.2679    23.7132 -9.990e-29
 190.886516      0.638  40.547247    15.6999     8.2968      0.633    32.2670    23.7132 -9.990e-29
 190.886522      0.640  40.540172    15.6938     8.2819      0.635    32.2657    23.7135 -9.990e-29
 190.886528      0.640  40.532869    15.6866     8.2918      0.635    32.2651    23.7147 -9.990e-29
 190.886534      0.641  40.529612    15.6816     8.3007      0.636    32.2663    23.7167 -9.990e-29
 190.886539      0.644  40.531661    15.6798     8.3020      0.639    32.2696    23.7196 -9.990e-29
 190.886545      0.652  40.536147    15.6804     8.2996      0.647    32.2730    23.7222 -9.990e-29
 190.886551      0.663  40.538402    15.6816     8.2929      0.657    32.2741    23.7227 -9.990e-29
 190.886557      0.676  40.538075    15.6823     8.2774      0.670    32.2732    23.7219 -9.990e-29
 190.886563      0.685  40.538094    15.6828     8.2559      0.679    32.2728    23.7215 -9.990e-29
 190.886568      0.693  40.539045    15.6834     8.2581      0.687    32.2732    23.7216 -9.990e-29
 190.886574      0.698  40.539957    15.6836     8.2747      0.692    32.2738    23.7221 -9.990e-29
 190.886580      0.702  40.540367    15.6835     8.2868      0.696    32.2742    23.7224 -9.990e-29
 190.886586      0.705  40.540264    15.6833     8.2994      0.699    32.2743    23.7225 -9.990e-29
 190.886591      0.708  40.540075    15.6828     8.2769      0.702    32.2746    23.7228 -9.990e-29
 190.886597      0.709  40.540110    15.6820     8.2741      0.703    32.2752    23.7235 -9.990e-29
 190.886603      0.709  40.540416    15.6820     8.2801      0.703    32.2755    23.7237 -9.990e-29
 190.886609      0.709  40.540844    15.6827     8.2816      0.703    32.2753    23.7234 -9.990e-29
 190.886615      0.709  40.540847    15.6829     8.2881      0.703    32.2752    23.7233 -9.990e-29
 190.886620      0.707  40.540990    15.6826     8.2791      0.701    32.2755    23.7236 -9.990e-29
 190.886626      0.705  40.542026    15.6826     8.2819      0.699    32.2764    23.7243 -9.990e-29
 190.886632      0.701  40.543098    15.6833     8.2830      0.695    32.2768    23.7244 -9.990e-29
 190.886638      0.697  40.543395    15.6840     8.2837      0.691    32.2765    23.7241 -9.990e-29
 190.886644      0.691  40.543316    15.6841     8.2902      0.685    32.2764    23.7239 -9.990e-29
 190.886649      0.688  40.542197    15.6843     8.2950      0.682    32.2752    23.7230 -9.990e-29
 190.886655      0.691  40.540228    15.6862     8.2842      0.685    32.2719    23.7200 -9.990e-29
 190.886661      0.696  40.539832    15.6891     8.2612      0.690    32.2692    23.7173 -9.990e-29
 190.886667      0.700  40.541041    15.6899     8.2410      0.694    32.2696    23.7174 -9.990e-29
 190.886672      0.702  40.542110    15.6873     8.2319      0.696    32.2727    23.7204 -9.990e-29
 190.886678      0.704  40.541103    15.6842     8.2460      0.698    32.2743    23.7223 -9.990e-29
 190.886684      0.705  40.539483    15.6838     8.2662      0.699    32.2732    23.7216 -9.990e-29
 190.886690      0.704  40.540694    15.6867     8.2943      0.698    32.2719    23.7199 -9.990e-29
 190.886696      0.702  40.543549    15.6905     8.3067      0.696    32.2713    23.7186 -9.990e-29
 190.886701      0.700  40.545695    15.6926     8.3040      0.694    32.2715    23.7183 -9.990e-29
 190.886707      0.696  40.546633    15.6930     8.3158      0.690    32.2720    23.7186 -9.990e-29
 190.886713      0.690  40.546497    15.6932     8.3289      0.684    32.2718    23.7184 -9.990e-29
 190.886719      0.687  40.545668    15.6939     8.3429      0.681    32.2704    23.7172 -9.990e-29
 190.886725      0.690  40.543601    15.6942     8.3290      0.684    32.2684    23.7155 -9.990e-29
 190.886730      0.696  40.540347    15.6919     8.3071      0.690    32.2674    23.7153 -9.990e-29
 190.886736      0.700  40.537733    15.6859     8.2830      0.694    32.2699    23.7186 -9.990e-29
 190.886742      0.702  40.534516    15.6779     8.2906      0.696    32.2736    23.7232 -9.990e-29
 190.886748      0.704  40.530332    15.6718     8.3061      0.698    32.2749    23.7255 -9.990e-29
 190.886753      0.705  40.529129    15.6691     8.3064      0.699    32.2760    23.7270 -9.990e-29
 190.886759      0.704  40.530426    15.6687     8.3005      0.698    32.2775    23.7282 -9.990e-29
 190.886765      0.703  40.531467    15.6691     8.3110      0.697    32.2781    23.7286 -9.990e-29
 190.886771      0.700  40.531963    15.6692     8.3202      0.694    32.2785    23.7288 -9.990e-29
 190.886777      0.696  40.532016    15.6698     8.3318      0.690    32.2780    23.7284 -9.990e-29
 190.886782      0.691  40.532260    15.6708     8.3318      0.685    32.2774    23.7277 -9.990e-29
 190.886788      0.688  40.532461    15.6704     8.3168      0.682    32.2779    23.7282 -9.990e-29
 190.886794      0.692  40.531770    15.6691     8.3173      0.686    32.2784    23.7288 -9.990e-29
 190.886800      0.698  40.530950    15.6686     8.3288      0.692    32.2781    23.7286 -9.990e-29
 190.886806      0.703  40.531710    15.6699     8.3327      0.697    32.2777    23.7281 -9.990e-29
 190.886811      0.707  40.534504    15.6728     8.3404      0.701    32.2778    23.7275 -9.990e-29
 190.886817      0.710  40.538016    15.6758     8.3173      0.704    32.2784    23.7274 -9.990e-29
 190.886823      0.712  40.539085    15.6771     8.3205      0.706    32.2783    23.7270 -9.990e-29
 190.886829      0.714  40.536338    15.6770     8.3217      0.708    32.2760    23.7252 -9.990e-29
 190.886834      0.715  40.533402    15.6759     8.3165      0.709    32.2743    23.7241 -9.990e-29
 190.886840      0.716  40.532526    15.6739     8.3267      0.710    32.2751    23.7252 -9.990e-29
 190.886846      0.717  40.532547    15.6722     8.3156      0.711    32.2765    23.7267 -9.990e-29
 190.886852      0.718  40.533494    15.6716     8.3090      0.712    32.2779    23.7278 -9.990e-29
 190.886858      0.718  40.534950    15.6718     8.2964      0.712    32.2790    23.7287 -9.990e-29
 190.886863      0.719  40.534936    15.6718     8.2798      0.713    32.2790    23.7286 -9.990e-29
 190.886869      0.719  40.533996    15.6712     8.2807      0.713    32.2786    23.7285 -9.990e-29
 190.886875      0.719  40.534799    15.6712     8.2797      0.713    32.2793    23.7291 -9.990e-29
 190.886881      0.719  40.537299    15.6722     8.2865      0.713    32.2807    23.7299 -9.990e-29
 190.886887      0.720  40.538667    15.6735     8.2794      0.714    32.2809    23.7297 -9.990e-29
 190.886892      0.720  40.539047    15.6753     8.2785      0.714    32.2798    23.7285 -9.990e-29
 190.886898      0.720  40.540630    15.6778     8.2874      0.714    32.2791    23.7274 -9.990e-29
 190.886904      0.720  40.543286    15.6801     8.2851      0.714    32.2796    23.7273 -9.990e-29
 190.886910      0.720  40.546079    15.6818     8.3021      0.714    32.2807    23.7278 -9.990e-29
 190.886916      0.720  40.548250    15.6837     8.3039      0.714    32.2811    23.7276 -9.990e-29
 190.886921      0.720  40.549336    15.6862     8.3155      0.714    32.2800    23.7262 -9.990e-29
 190.886927      0.720  40.549103    15.6879     8.2993      0.714    32.2784    23.7246 -9.990e-29
 190.886933      0.720  40.547806    15.6881     8.2955      0.714    32.2771    23.7236 -9.990e-29
 190.886939      0.720  40.547080    15.6873     8.2997      0.714    32.2771    23.7238 -9.990e-29
 190.886944      0.720  40.547640    15.6863     8.3122      0.714    32.2784    23.7250 -9.990e-29
 190.886950      0.721  40.547992    15.6858     8.3353      0.715    32.2791    23.7257 -9.990e-29
 190.886956      0.721  40.547489    15.6857     8.3341      0.715    32.2788    23.7254 -9.990e-29
 190.886962      0.721  40.546581    15.6854     8.3216      0.715    32.2782    23.7250 -9.990e-29
 190.886968      0.721  40.544060    15.6841     8.2986      0.715    32.2770    23.7244 -9.990e-29
 190.886973      0.722  40.539370    15.6821     8.2782      0.716    32.2745    23.7229 -9.990e-29
 190.886979      0.722  40.535785    15.6813     8.2781      0.716    32.2720    23.7212 -9.990e-29
 190.886985      0.723  40.536373    15.6829     8.2903      0.717    32.2712    23.7202 -9.990e-29
 190.886991      0.723  40.539676    15.6843     8.3000      0.717    32.2730    23.7213 -9.990e-29
 190.886997      0.724  40.542255    15.6825     8.3166      0.718    32.2767    23.7245 -9.990e-29
 190.887002      0.726  40.544751    15.6796     8.3177      0.720    32.2813    23.7287 -9.990e-29
 190.887008      0.727  40.548252    15.6796     8.3338      0.721    32.2844    23.7311 -9.990e-29
 190.887014      0.729  40.549582    15.6825     8.3296      0.723    32.2832    23.7295 -9.990e-29
 190.887020      0.732  40.548836    15.6860     8.3162      0.726    32.2797    23.7261 -9.990e-29
 190.887025      0.735  40.548943    15.6868     8.3042      0.729    32.2791    23.7255 -9.990e-29
 190.887031      0.740  40.547808    15.6837     8.3016      0.734    32.2807    23.7273 -9.990e-29
 190.887037      0.745  40.543921    15.6802     8.3019      0.739    32.2801    23.7276 -9.990e-29
 190.887043      0.752  40.541627    15.6798     8.3116      0.746    32.2784    23.7264 -9.990e-29
 190.887049      0.757  40.542912    15.6824     8.3085      0.751    32.2774    23.7251 -9.990e-29
 190.887054      0.756  40.545009    15.6850     8.3171      0.750    32.2771    23.7243 -9.990e-29
 190.887060      0.753  40.545111    15.6852     8.3199      0.747    32.2770    23.7242 -9.990e-29
 190.887066      0.752  40.543355    15.6842     8.3179      0.746    32.2763    23.7238 -9.990e-29
 190.887072      0.753  40.542449    15.6845     8.3168      0.747    32.2753    23.7230 -9.990e-29
 190.887078      0.756  40.543428    15.6865     8.3242      0.750    32.2745    23.7219 -9.990e-29
 190.887083      0.761  40.544796    15.6878     8.3209      0.755    32.2746    23.7218 -9.990e-29
 190.887089      0.769  40.544456    15.6860     8.3067      0.763    32.2758    23.7231 -9.990e-29
 190.887095      0.780  40.541959    15.6825     8.2891      0.773    32.2764    23.7243 -9.990e-29
 190.887101      0.791  40.540143    15.6811     8.2832      0.784    32.2760    23.7243 -9.990e-29
 190.887106      0.793  40.541631    15.6832     8.2825      0.786    32.2756    23.7235 -9.990e-29
 190.887112      0.787  40.545606    15.6880     8.2707      0.780    32.2752    23.7221 -9.990e-29
 190.887118      0.781  40.551205    15.6937     8.2846      0.774    32.2755    23.7211 -9.990e-29
 190.887124      0.779  40.556370    15.6986     8.2880      0.772    32.2761    23.7205 -9.990e-29
 190.887130      0.780  40.558465    15.7013     8.3006      0.773    32.2757    23.7196 -9.990e-29
 190.887135      0.786  40.558045    15.7023     8.2948      0.779    32.2745    23.7185 -9.990e-29
 190.887141      0.791  40.556234    15.7021     8.2864      0.784    32.2731    23.7174 -9.990e-29
 190.887147      0.792  40.554541    15.7003     8.2725      0.785    32.2731    23.7178 -9.990e-29
 190.887153      0.790  40.554074    15.6973     8.2751      0.783    32.2751    23.7200 -9.990e-29
 190.887159      0.783  40.553652    15.6945     8.2694      0.776    32.2770    23.7221 -9.990e-29
 190.887164      0.775  40.552713    15.6928     8.2639      0.769    32.2776    23.7229 -9.990e-29
 190.887170      0.771  40.552996    15.6927     8.2729      0.765    32.2779    23.7232 -9.990e-29
 190.887176      0.771  40.554865    15.6947     8.2739      0.765    32.2779    23.7228 -9.990e-29
 190.887182      0.774  40.557024    15.6975     8.2806      0.768    32.2776    23.7219 -9.990e-29
 190.887188      0.775  40.558907    15.6997     8.2825      0.769    32.2774    23.7213 -9.990e-29
 190.887193      0.772  40.559762    15.7016     8.2932      0.766    32.2766    23.7203 -9.990e-29
 190.887199      0.768  40.559533    15.7038     8.2897      0.762    32.2746    23.7182 -9.990e-29
 190.887205      0.767  40.559519    15.7062     8.2944      0.761    32.2727    23.7162 -9.990e-29
 190.887211      0.769  40.560181    15.7073     8.2997      0.763    32.2723    23.7157 -9.990e-29
 190.887216      0.774  40.560645    15.7072     8.3102      0.768    32.2728    23.7161 -9.990e-29
 190.887222      0.782  40.559209    15.7071     8.3081      0.775    32.2716    23.7152 -9.990e-29
 190.887228      0.790  40.556684    15.7072     8.2968      0.783    32.2693    23.7134 -9.990e-29
 190.887234      0.794  40.555789    15.7070     8.2955      0.787    32.2687    23.7129 -9.990e-29
 190.887240      0.798  40.555251    15.7057     8.2989      0.791    32.2693    23.7137 -9.990e-29
 190.887245      0.807  40.552594    15.7033     8.3223      0.800    32.2689    23.7139 -9.990e-29
 190.887251      0.818  40.548681    15.7009     8.3152      0.811    32.2674    23.7133 -9.990e-29
 190.887257      0.821  40.546620    15.6986     8.3083      0.814    32.2674    23.7138 -9.990e-29
 190.887263      0.819  40.546946    15.6956     8.2949      0.812    32.2701    23.7166 -9.990e-29
 190.887269      0.818  40.547215    15.6924     8.2821      0.811    32.2730    23.7195 -9.990e-29
 190.887274      0.824  40.547146    15.6904     8.2856      0.817    32.2746    23.7211 -9.990e-29
 190.887280      0.836  40.547689    15.6902     8.2807      0.829    32.2752    23.7217 -9.990e-29
 190.887286      0.851  40.548927    15.6914     8.2899      0.844    32.2753    23.7215 -9.990e-29
 190.887292      0.861  40.551312    15.6933     8.2751      0.854    32.2759    23.7215 -9.990e-29
 190.887297      0.864  40.554585    15.6959     8.2597      0.857    32.2767    23.7215 -9.990e-29
 190.887303      0.862  40.556865    15.6986     8.2522      0.855    32.2765    23.7208 -9.990e-29
 190.887309      0.861  40.557192    15.7003     8.2520      0.854    32.2754    23.7196 -9.990e-29
 190.887315      0.857  40.556485    15.7007     8.2815      0.850    32.2744    23.7188 -9.990e-29
 190.887321      0.848  40.556528    15.7008     8.2871      0.841    32.2744    23.7187 -9.990e-29
 190.887326      0.843  40.557860    15.7013     8.2828      0.836    32.2752    23.7192 -9.990e-29
 190.887332      0.846  40.559936    15.7024     8.2766      0.839    32.2761    23.7197 -9.990e-29
 190.887338      0.856  40.562084    15.7039     8.2567      0.849    32.2768    23.7199 -9.990e-29
 190.887344      0.871  40.562046    15.7048     8.2756      0.864    32.2760    23.7191 -9.990e-29
 190.887350      0.883  40.560254    15.7052     8.2944      0.876    32.2741    23.7175 -9.990e-29
 190.887355      0.893  40.559842    15.7055     8.3006      0.886    32.2735    23.7170 -9.990e-29
 190.887361      0.904  40.560744    15.7054     8.3025      0.896    32.2743    23.7177 -9.990e-29
 190.887367      0.915  40.561842    15.7047     8.2728      0.907    32.2759    23.7190 -9.990e-29
