data/oxygen options/OCNMS/OCNMS1/raw_data/2018/CAST_CA042_180825faed.cnv
* Sea-Bird SBE19 Data File:
* FileName = C:\2018 Mooring Data\Casts\CAST_CA042_180825.hex
* Software Version 1.59
* Temperature SN = 2997
* Conductivity SN = 2997
* System UpLoad Time = Aug 25 2018 21:37:45
** CAST_CA042_180825
* ds
# nquan = 9                                 
# nvalues = 962                         
# units = specified
# name 0 = timeJ: Julian Days
# name 1 = prSM: Pressure, Strain Gauge [db]
# name 2 = c0mS/cm: Conductivity [mS/cm]
# name 3 = t090C: Temperature [ITS-90, deg C]
# name 4 = sbeox0ML/L: Oxygen, SBE 43 [ml/l]
# name 5 = depSM: Depth [salt water, m], lat = 47.5
# name 6 = sal00: Salinity, Practical [PSU]
# name 7 = sigma-é00: Density [sigma-theta, kg/m^3]
# name 8 = flag: flag
# span 0 = 237.840729, 237.846291       
# span 1 =     -5.142,     44.424       
# span 2 =   0.717455,  37.584081       
# span 3 =     8.4148,    12.1731       
# span 4 =    -1.9774,    14.6718       
# span 5 =     -5.099,     44.048       
# span 6 =     0.4719,    33.4642       
# span 7 =    -0.1504,    26.0005       
# span 8 = 0.0000e+00, 0.0000e+00       
# interval = seconds: 0.5
# start_time = Aug 25 2018 20:10:39 [Instrument's time stamp, header]
# bad_flag = -9.990e-29
*END*
[from data line 481]
 237.843513      0.603  37.563646    12.1303     6.3489      0.598    32.5190    24.6384 -9.990e-29
 237.843519      0.605  37.564649    12.1321     6.3490      0.600    32.5184    24.6376 -9.990e-29
 237.843524      0.603  37.565655    12.1333     6.3511      0.598    32.5184    24.6373 -9.990e-29
 237.843530      0.607  37.566338    12.1340     6.3545      0.602    32.5184    24.6372 -9.990e-29
 237.843536      0.617  37.566871    12.1346     6.3550      0.612    32.5184    24.6371 -9.990e-29
 237.843542      0.624  37.567409    12.1351     6.3624      0.619    32.5185    24.6371 -9.990e-29
 237.843547      0.625  37.567919    12.1357     6.3641      0.620    32.5184    24.6370 -9.990e-29
 237.843553      0.625  37.568518    12.1362     6.3636      0.620    32.5186    24.6370 -9.990e-29
 237.843559      0.627  37.569249    12.1363     6.3622      0.622    32.5192    24.6374 -9.990e-29
 237.843565      0.631  37.569402    12.1359     6.3586      0.626    32.5197    24.6379 -9.990e-29
 237.843571      0.638  37.568615    12.1347     6.3442      0.633    32.5200    24.6383 -9.990e-29
 237.843576      0.645  37.567511    12.1332     6.3407      0.640    32.5202    24.6388 -9.990e-29
 237.843582      0.646  37.566293    12.1316     6.3476      0.641    32.5204    24.6393 -9.990e-29
 237.843588      0.648  37.564448    12.1297     6.3454      0.643    32.5203    24.6395 -9.990e-29
 237.843594      0.653  37.562311    12.1282     6.3508      0.648    32.5196    24.6392 -9.990e-29
 237.843600      0.658  37.561509    12.1279     6.3346      0.653    32.5190    24.6389 -9.990e-29
 237.843605      0.660  37.562086    12.1285     6.3218      0.654    32.5191    24.6388 -9.990e-29
 237.843611      0.661  37.562561    12.1290     6.3238      0.655    32.5191    24.6387 -9.990e-29
 237.843617      0.668  37.562442    12.1293     6.3417      0.662    32.5187    24.6384 -9.990e-29
 237.843623      0.675  37.562685    12.1300     6.3539      0.669    32.5183    24.6379 -9.990e-29
 237.843628      0.680  37.563608    12.1311     6.3664      0.674    32.5183    24.6377 -9.990e-29
 237.843634      0.682  37.564194    12.1324     6.3744      0.676    32.5177    24.6370 -9.990e-29
 237.843640      0.682  37.564657    12.1329     6.3672      0.676    32.5177    24.6369 -9.990e-29
 237.843646      0.679  37.565047    12.1326     6.3741      0.673    32.5184    24.6375 -9.990e-29
 237.843652      0.674  37.565317    12.1329     6.3796      0.668    32.5184    24.6374 -9.990e-29
 237.843657      0.665  37.565823    12.1334     6.3700      0.659    32.5184    24.6374 -9.990e-29
 237.843663      0.658  37.566111    12.1330     6.3676      0.653    32.5190    24.6379 -9.990e-29
 237.843669      0.655  37.565998    12.1313     6.3614      0.650    32.5204    24.6393 -9.990e-29
 237.843675      0.652  37.564767    12.1282     6.3579      0.647    32.5219    24.6411 -9.990e-29
 237.843681      0.649  37.560770    12.1214     6.3601      0.644    32.5240    24.6439 -9.990e-29
 237.843686      0.655  37.550352    12.1130     6.3389      0.650    32.5213    24.6434 -9.990e-29
 237.843692      0.669  37.538103    12.1079     6.3201      0.663    32.5139    24.6386 -9.990e-29
 237.843698      0.684  37.535695    12.1028     6.3164      0.678    32.5160    24.6412 -9.990e-29
 237.843704      0.697  37.538229    12.0972     6.3210      0.691    32.5233    24.6480 -9.990e-29
 237.843709      0.708  37.536751    12.0948     6.3487      0.702    32.5240    24.6489 -9.990e-29
 237.843715      0.719  37.533206    12.0947     6.3658      0.713    32.5206    24.6464 -9.990e-29
 237.843721      0.729  37.530702    12.0987     6.3675      0.723    32.5147    24.6410 -9.990e-29
 237.843727      0.736  37.533174    12.1065     6.3506      0.730    32.5103    24.6361 -9.990e-29
 237.843733      0.736  37.539430    12.1124     6.3241      0.730    32.5112    24.6357 -9.990e-29
 237.843738      0.732  37.544918    12.1139     6.3177      0.726    32.5152    24.6385 -9.990e-29
 237.843744      0.728  37.547990    12.1133     6.3145      0.722    32.5187    24.6414 -9.990e-29
 237.843750      0.726  37.547694    12.1136     6.3304      0.720    32.5181    24.6409 -9.990e-29
 237.843756      0.723  37.546989    12.1156     6.3460      0.717    32.5157    24.6386 -9.990e-29
 237.843762      0.721  37.548850    12.1180     6.3420      0.715    32.5154    24.6379 -9.990e-29
 237.843767      0.719  37.551829    12.1198     6.3561      0.713    32.5167    24.6386 -9.990e-29
 237.843773      0.717  37.554292    12.1200     6.3539      0.711    32.5189    24.6403 -9.990e-29
 237.843779      0.715  37.554474    12.1181     6.3739      0.709    32.5208    24.6421 -9.990e-29
 237.843785      0.712  37.551489    12.1153     6.3725      0.706    32.5203    24.6423 -9.990e-29
 237.843791      0.709  37.548636    12.1123     6.3641      0.703    32.5202    24.6427 -9.990e-29
 237.843796      0.705  37.547705    12.1093     6.3588      0.699    32.5219    24.6446 -9.990e-29
 237.843802      0.701  37.546889    12.1076     6.3578      0.695    32.5226    24.6455 -9.990e-29
 237.843808      0.695  37.546211    12.1076     6.3631      0.689    32.5220    24.6450 -9.990e-29
 237.843814      0.687  37.546443    12.1087     6.3635      0.681    32.5212    24.6442 -9.990e-29
 237.843819      0.678  37.547325    12.1105     6.3619      0.672    32.5205    24.6433 -9.990e-29
 237.843825      0.670  37.548347    12.1121     6.3587      0.664    32.5201    24.6427 -9.990e-29
 237.843831      0.667  37.549185    12.1121     6.3521      0.661    32.5209    24.6433 -9.990e-29
 237.843837      0.670  37.549269    12.1105     6.3430      0.664    32.5224    24.6447 -9.990e-29
 237.843843      0.678  37.548144    12.1088     6.3567      0.672    32.5228    24.6454 -9.990e-29
 237.843848      0.687  37.547106    12.1078     6.3553      0.681    32.5226    24.6455 -9.990e-29
 237.843854      0.694  37.547005    12.1066     6.3740      0.688    32.5236    24.6464 -9.990e-29
 237.843860      0.700  37.546578    12.1049     6.3704      0.694    32.5247    24.6476 -9.990e-29
 237.843866      0.704  37.545248    12.1032     6.3562      0.698    32.5249    24.6480 -9.990e-29
 237.843872      0.708  37.543478    12.1017     6.3398      0.702    32.5245    24.6480 -9.990e-29
 237.843877      0.711  37.541142    12.1000     6.3311      0.705    32.5237    24.6477 -9.990e-29
 237.843883      0.713  37.538479    12.0976     6.3430      0.707    32.5232    24.6478 -9.990e-29
 237.843889      0.714  37.535294    12.0942     6.3514      0.708    32.5231    24.6483 -9.990e-29
 237.843895      0.716  37.532374    12.0895     6.3657      0.710    32.5244    24.6502 -9.990e-29
 237.843900      0.717  37.530302    12.0843     6.3730      0.711    32.5269    24.6532 -9.990e-29
 237.843906      0.717  37.527428    12.0801     6.3640      0.711    32.5278    24.6546 -9.990e-29
 237.843912      0.718  37.523834    12.0776     6.3601      0.712    32.5265    24.6541 -9.990e-29
 237.843918      0.718  37.520883    12.0770     6.3620      0.712    32.5242    24.6524 -9.990e-29
 237.843924      0.719  37.520237    12.0779     6.3547      0.713    32.5228    24.6511 -9.990e-29
 237.843929      0.719  37.521586    12.0796     6.3637      0.713    32.5226    24.6507 -9.990e-29
 237.843935      0.719  37.522802    12.0815     6.3494      0.713    32.5221    24.6500 -9.990e-29
 237.843941      0.720  37.523819    12.0828     6.3514      0.714    32.5220    24.6496 -9.990e-29
 237.843947      0.720  37.524864    12.0829     6.3549      0.714    32.5229    24.6503 -9.990e-29
 237.843953      0.720  37.525085    12.0828     6.3621      0.714    32.5232    24.6505 -9.990e-29
 237.843958      0.720  37.524770    12.0836     6.3697      0.714    32.5222    24.6496 -9.990e-29
 237.843964      0.720  37.525174    12.0852     6.3805      0.714    32.5212    24.6485 -9.990e-29
 237.843970      0.720  37.526269    12.0867     6.3748      0.714    32.5209    24.6481 -9.990e-29
 237.843976      0.720  37.527267    12.0874     6.3696      0.714    32.5213    24.6482 -9.990e-29
 237.843981      0.721  37.527809    12.0872     6.3738      0.715    32.5220    24.6488 -9.990e-29
 237.843987      0.721  37.528053    12.0866     6.3698      0.715    32.5227    24.6495 -9.990e-29
 237.843993      0.721  37.528317    12.0860     6.3517      0.715    32.5235    24.6502 -9.990e-29
 237.843999      0.721  37.528948    12.0856     6.3373      0.715    32.5245    24.6510 -9.990e-29
 237.844005      0.721  37.529661    12.0845     6.3320      0.715    32.5261    24.6525 -9.990e-29
 237.844010      0.722  37.529156    12.0827     6.3581      0.716    32.5272    24.6537 -9.990e-29
 237.844016      0.722  37.527874    12.0821     6.3680      0.716    32.5265    24.6532 -9.990e-29
 237.844022      0.723  37.527461    12.0828     6.3772      0.717    32.5255    24.6523 -9.990e-29
 237.844028      0.724  37.527359    12.0829     6.3666      0.718    32.5253    24.6522 -9.990e-29
 237.844034      0.725  37.526866    12.0827     6.3568      0.719    32.5250    24.6520 -9.990e-29
 237.844039      0.727  37.527000    12.0835     6.3689      0.721    32.5244    24.6514 -9.990e-29
 237.844045      0.728  37.527932    12.0848     6.3701      0.722    32.5242    24.6509 -9.990e-29
 237.844051      0.731  37.528657    12.0864     6.3798      0.725    32.5235    24.6501 -9.990e-29
 237.844057      0.734  37.529575    12.0885     6.3577      0.728    32.5225    24.6490 -9.990e-29
 237.844063      0.738  37.531343    12.0906     6.3416      0.732    32.5224    24.6485 -9.990e-29
 237.844068      0.743  37.533513    12.0918     6.3457      0.737    32.5235    24.6491 -9.990e-29
 237.844074      0.750  37.535049    12.0916     6.3501      0.744    32.5251    24.6504 -9.990e-29
 237.844080      0.754  37.534629    12.0899     6.3692      0.748    32.5262    24.6515 -9.990e-29
 237.844086      0.752  37.531688    12.0863     6.3731      0.746    32.5265    24.6525 -9.990e-29
 237.844091      0.748  37.524537    12.0790     6.3629      0.742    32.5259    24.6534 -9.990e-29
 237.844097      0.745  37.508117    12.0699     6.3593      0.739    32.5180    24.6490 -9.990e-29
 237.844103      0.744  37.491343    12.0651     6.3566      0.738    32.5060    24.6406 -9.990e-29
 237.844109      0.745  37.491059    12.0648     6.3356      0.739    32.5060    24.6406 -9.990e-29
 237.844115      0.747  37.500714    12.0655     6.3487      0.741    32.5147    24.6472 -9.990e-29
 237.844120      0.750  37.506845    12.0649     6.3509      0.744    32.5212    24.6523 -9.990e-29
 237.844126      0.756  37.506973    12.0624     6.3698      0.750    32.5235    24.6546 -9.990e-29
 237.844132      0.760  37.503506    12.0592     6.3889      0.754    32.5229    24.6547 -9.990e-29
 237.844138      0.758  37.500777    12.0559     6.3851      0.752    32.5231    24.6556 -9.990e-29
 237.844144      0.753  37.500182    12.0531     6.3893      0.747    32.5250    24.6575 -9.990e-29
 237.844149      0.751  37.499799    12.0513     6.3894      0.745    32.5262    24.6588 -9.990e-29
 237.844155      0.751  37.499673    12.0514     6.3596      0.745    32.5260    24.6586 -9.990e-29
 237.844161      0.752  37.499628    12.0531     6.3440      0.746    32.5245    24.6571 -9.990e-29
 237.844167      0.756  37.499035    12.0557     6.3223      0.750    32.5216    24.6544 -9.990e-29
 237.844172      0.758  37.500460    12.0591     6.3147      0.752    32.5200    24.6526 -9.990e-29
 237.844178      0.754  37.502994    12.0607     6.3209      0.748    32.5211    24.6531 -9.990e-29
 237.844184      0.747  37.503849    12.0571     6.3337      0.741    32.5251    24.6568 -9.990e-29
 237.844190      0.743  37.500235    12.0504     6.3439      0.737    32.5274    24.6599 -9.990e-29
 237.844196      0.739  37.493491    12.0453     6.3558      0.733    32.5254    24.6592 -9.990e-29
 237.844201      0.737  37.489746    12.0422     6.3668      0.731    32.5244    24.6591 -9.990e-29
 237.844207      0.736  37.489039    12.0397     6.3656      0.730    32.5259    24.6607 -9.990e-29
 237.844213      0.736  37.488181    12.0385     6.3780      0.730    32.5262    24.6611 -9.990e-29
 237.844219      0.737  37.486579    12.0394     6.3762      0.731    32.5238    24.6592 -9.990e-29
 237.844225      0.740  37.485453    12.0411     6.3724      0.734    32.5213    24.6569 -9.990e-29
 237.844230      0.743  37.485909    12.0420     6.3762      0.737    32.5209    24.6564 -9.990e-29
 237.844236      0.748  37.487423    12.0417     6.3702      0.742    32.5226    24.6578 -9.990e-29
 237.844242      0.754  37.488992    12.0416     6.3626      0.748    32.5242    24.6591 -9.990e-29
 237.844248      0.763  37.490410    12.0424     6.3451      0.757    32.5249    24.6594 -9.990e-29
 237.844253      0.775  37.492208    12.0426     6.3308      0.769    32.5265    24.6606 -9.990e-29
 237.844259      0.786  37.493370    12.0417     6.3303      0.779    32.5284    24.6623 -9.990e-29
 237.844265      0.788  37.492595    12.0413     6.3441      0.781    32.5280    24.6620 -9.990e-29
 237.844271      0.781  37.491601    12.0420     6.3621      0.774    32.5264    24.6607 -9.990e-29
 237.844277      0.774  37.491812    12.0432     6.3534      0.768    32.5255    24.6598 -9.990e-29
 237.844282      0.771  37.492902    12.0452     6.3482      0.765    32.5249    24.6589 -9.990e-29
 237.844288      0.771  37.494595    12.0481     6.3571      0.765    32.5240    24.6576 -9.990e-29
 237.844294      0.774  37.496859    12.0514     6.3669      0.768    32.5233    24.6565 -9.990e-29
 237.844300      0.780  37.499299    12.0541     6.3680      0.773    32.5233    24.6560 -9.990e-29
 237.844306      0.791  37.498397    12.0556     6.3838      0.784    32.5211    24.6540 -9.990e-29
 237.844311      0.801  37.495142    12.0566     6.3801      0.794    32.5171    24.6507 -9.990e-29
 237.844317      0.808  37.495789    12.0573     6.3782      0.801    32.5171    24.6506 -9.990e-29
 237.844323      0.816  37.498352    12.0563     6.3766      0.809    32.5204    24.6534 -9.990e-29
 237.844329      0.831  37.498353    12.0542     6.3734      0.824    32.5223    24.6552 -9.990e-29
 237.844334      0.848  37.497425    12.0534     6.3747      0.841    32.5220    24.6552 -9.990e-29
 237.844340      0.865  37.498203    12.0553     6.3674      0.858    32.5211    24.6541 -9.990e-29
 237.844346      0.882  37.501114    12.0588     6.3722      0.875    32.5209    24.6533 -9.990e-29
 237.844352      0.902  37.504945    12.0622     6.3582      0.894    32.5216    24.6532 -9.990e-29
 237.844358      0.924  37.508593    12.0650     6.3599      0.916    32.5227    24.6535 -9.990e-29
 237.844363      0.950  37.512393    12.0671     6.3673      0.942    32.5245    24.6545 -9.990e-29
 237.844369      0.983  37.516320    12.0684     6.3792      0.975    32.5272    24.6563 -9.990e-29
 237.844375      1.023  37.518837    12.0693     6.3746      1.014    32.5288    24.6574 -9.990e-29
 237.844381      1.079  37.519328    12.0707     6.3835      1.070    32.5280    24.6566 -9.990e-29
 237.844387      1.157  37.518957    12.0725     6.4210      1.147    32.5261    24.6547 -9.990e-29
 237.844392      1.259  37.518304    12.0721     6.4380      1.248    32.5257    24.6545 -9.990e-29
 237.844398      1.382  37.515886    12.0668     6.3656      1.370    32.5280    24.6573 -9.990e-29
 237.844404      1.530  37.508429    12.0550     6.3102      1.517    32.5310    24.6618 0.0000e+00
 237.844410      1.709  37.492665    12.0333     6.2905      1.695    32.5346    24.6687 0.0000e+00
 237.844416      1.915  37.466572    11.9999     6.3048      1.899    32.5385    24.6779 0.0000e+00
 237.844421      2.147  37.433965    11.9614     6.3307      2.129    32.5404    24.6866 0.0000e+00
 237.844427      2.404  37.402858    11.9186     6.3360      2.384    32.5476    24.7002 0.0000e+00
