data/oxygen options/OCNMS/OCNMS2/raw_data/2014/CAST_HH042_140906faed.cnv
* Sea-Bird SBE19 Data File:
* FileName = C:\2014 Mooring Data\Casts\CAST_HH042_140906.hex
* Software Version 1.59
* Temperature SN = 2997
* Conductivity SN = 2997
* System UpLoad Time = Sep 06 2014 01:23:16
** CAST_HH042_140906
* ds
# nquan = 9                                 
# nvalues = 1332                        
# units = specified
# name 0 = timeJ: Julian Days
# name 1 = prSM: Pressure, Strain Gauge [db]
# name 2 = c0mS/cm: Conductivity [mS/cm]
# name 3 = t090C: Temperature [ITS-90, deg C]
# name 4 = sbeox0ML/L: Oxygen, SBE 43 [ml/l]
# name 5 = depSM: Depth [salt water, m], lat = 47.5
# name 6 = sal00: Salinity, Practical [PSU]
# name 7 = sigma-é00: Density [sigma-theta, kg/m^3]
# name 8 = flag: flag
# span 0 = 249.047616, 249.055318       
# span 1 =     -5.637,     41.086       
# span 2 =   0.454257,  39.351771       
# span 3 =     7.4389,    16.0116       
# span 4 =    -1.7782,    18.6122       
# span 5 =     -5.590,     40.739       
# span 6 =     0.2674,    33.6040       
# span 7 =    -0.8479,    26.2419       
# span 8 = 0.0000e+00, 0.0000e+00       
# interval = seconds: 0.5
# start_time = Sep 06 2014 01:08:34 [Instrument's time stamp, header]
# bad_flag = -9.990e-29
*END*
[from data line 1121]
 249.054103     33.882  34.488938     7.5588     2.1133     33.596    33.5602    26.2073 0.0000e+00
 249.054109     33.713  34.488346     7.5585     2.1118     33.429    33.5599    26.2072 0.0000e+00
 249.054115     33.564  34.487710     7.5584     2.1345     33.281    33.5594    26.2068 0.0000e+00
 249.054120     33.437  34.486771     7.5588     2.1808     33.155    33.5580    26.2057 -9.990e-29
 249.054126     33.329  34.485421     7.5591     2.2513     33.048    33.5563    26.2043 -9.990e-29
 249.054132     33.234  34.483569     7.5591     2.3121     32.954    33.5544    26.2027 -9.990e-29
 249.054138     33.140  34.481575     7.5592     2.3730     32.861    33.5522    26.2010 -9.990e-29
 249.054144     33.033  34.477927     7.5605     2.4233     32.755    33.5470    26.1968 -9.990e-29
 249.054149     32.903  34.468345     7.5625     2.4565     32.626    33.5348    26.1869 0.0000e+00
 249.054155     32.744  34.454106     7.5643     2.4865     32.468    33.5178    26.1732 0.0000e+00
 249.054161     32.561  34.441505     7.5658     2.5064     32.287    33.5028    26.1612 0.0000e+00
 249.054167     32.363  34.431162     7.5670     2.5193     32.090    33.4905    26.1514 0.0000e+00
 249.054172     32.162  34.421099     7.5683     2.5165     31.891    33.4785    26.1418 0.0000e+00
 249.054178     31.967  34.411954     7.5697     2.5267     31.698    33.4674    26.1328 0.0000e+00
 249.054184     31.779  34.404464     7.5709     2.5543     31.511    33.4582    26.1255 0.0000e+00
 249.054190     31.595  34.398771     7.5714     2.5580     31.329    33.4517    26.1202 0.0000e+00
 249.054196     31.416  34.395166     7.5715     2.5562     31.151    33.4478    26.1172 0.0000e+00
 249.054201     31.247  34.392233     7.5721     2.5505     30.984    33.4441    26.1142 0.0000e+00
 249.054207     31.094  34.387772     7.5732     2.5529     30.832    33.4383    26.1095 0.0000e+00
 249.054213     30.961  34.383152     7.5741     2.5485     30.700    33.4325    26.1048 -9.990e-29
 249.054219     30.840  34.380656     7.5747     2.5429     30.580    33.4293    26.1022 -9.990e-29
 249.054225     30.718  34.379787     7.5759     2.5345     30.459    33.4273    26.1004 -9.990e-29
 249.054230     30.592  34.379409     7.5776     2.5251     30.334    33.4253    26.0986 0.0000e+00
 249.054236     30.458  34.379041     7.5796     2.5351     30.202    33.4230    26.0965 0.0000e+00
 249.054242     30.312  34.378776     7.5825     2.5430     30.057    33.4200    26.0938 0.0000e+00
 249.054248     30.153  34.378847     7.5861     2.5631     29.899    33.4167    26.0906 0.0000e+00
 249.054253     29.980  34.378810     7.5894     2.5974     29.728    33.4136    26.0877 0.0000e+00
 249.054259     29.795  34.378080     7.5924     2.6294     29.544    33.4100    26.0845 0.0000e+00
 249.054265     29.603  34.376831     7.5959     2.6682     29.354    33.4054    26.0803 0.0000e+00
 249.054271     29.408  34.375668     7.6007     2.6926     29.160    33.3996    26.0751 0.0000e+00
 249.054277     29.216  34.374187     7.6062     2.7094     28.970    33.3928    26.0690 0.0000e+00
 249.054282     29.032  34.371561     7.6113     2.7320     28.788    33.3852    26.0622 0.0000e+00
 249.054288     28.856  34.368240     7.6154     2.7642     28.613    33.3777    26.0558 0.0000e+00
 249.054294     28.686  34.365434     7.6173     2.8135     28.445    33.3730    26.0518 0.0000e+00
 249.054300     28.524  34.362794     7.6172     2.8534     28.284    33.3703    26.0497 0.0000e+00
 249.054306     28.372  34.358509     7.6162     2.9013     28.133    33.3667    26.0470 0.0000e+00
 249.054311     28.226  34.353065     7.6133     2.9558     27.989    33.3637    26.0451 0.0000e+00
 249.054317     28.076  34.347083     7.6071     3.0104     27.840    33.3632    26.0456 0.0000e+00
 249.054323     27.916  34.339344     7.5983     3.0557     27.681    33.3634    26.0470 0.0000e+00
 249.054329     27.750  34.330777     7.5905     3.0846     27.517    33.3617    26.0468 0.0000e+00
 249.054334     27.584  34.320645     7.5853     3.1083     27.352    33.3559    26.0429 0.0000e+00
 249.054340     27.424  34.306687     7.5805     3.1168     27.193    33.3455    26.0354 0.0000e+00
 249.054346     27.269  34.292762     7.5755     3.1249     27.040    33.3353    26.0282 0.0000e+00
 249.054352     27.109  34.283897     7.5711     3.1328     26.881    33.3301    26.0246 0.0000e+00
 249.054358     26.938  34.278957     7.5667     3.1459     26.711    33.3290    26.0244 0.0000e+00
 249.054363     26.754  34.274747     7.5620     3.1609     26.529    33.3291    26.0251 0.0000e+00
 249.054369     26.558  34.270166     7.5577     3.1743     26.335    33.3284    26.0252 0.0000e+00
 249.054375     26.359  34.264742     7.5547     3.1880     26.137    33.3255    26.0233 0.0000e+00
 249.054381     26.165  34.258560     7.5523     3.1935     25.945    33.3212    26.0203 0.0000e+00
 249.054387     25.978  34.252383     7.5488     3.2022     25.760    33.3180    26.0183 0.0000e+00
 249.054392     25.802  34.246977     7.5445     3.2294     25.585    33.3164    26.0176 0.0000e+00
 249.054398     25.648  34.241333     7.5401     3.3024     25.432    33.3146    26.0168 0.0000e+00
 249.054404     25.514  34.234120     7.5361     3.3913     25.299    33.3107    26.0143 -9.990e-29
 249.054410     25.392  34.229215     7.5327     3.4847     25.179    33.3087    26.0132 -9.990e-29
 249.054416     25.270  34.226833     7.5255     3.5582     25.058    33.3131    26.0177 -9.990e-29
 249.054421     25.131  34.219331     7.5133     3.6200     24.920    33.3168    26.0223 0.0000e+00
 249.054427     24.972  34.204023     7.5019     3.6998     24.762    33.3112    26.0196 0.0000e+00
 249.054433     24.803  34.181286     7.4925     3.7798     24.595    33.2957    26.0087 0.0000e+00
 249.054439     24.630  34.154497     7.4822     3.8751     24.423    33.2767    25.9952 0.0000e+00
 249.054444     24.447  34.135102     7.4716     3.9750     24.242    33.2660    25.9883 0.0000e+00
 249.054450     24.247  34.123638     7.4613     4.0577     24.043    33.2636    25.9878 0.0000e+00
 249.054456     24.030  34.109331     7.4525     4.1035     23.828    33.2566    25.9836 0.0000e+00
 249.054462     23.807  34.088838     7.4468     4.1189     23.607    33.2400    25.9713 0.0000e+00
 249.054468     23.599  34.062356     7.4433     4.1096     23.401    33.2148    25.9520 0.0000e+00
 249.054473     23.418  34.033883     7.4405     4.1083     23.221    33.1868    25.9303 0.0000e+00
 249.054479     23.262  34.012618     7.4389     4.1264     23.067    33.1654    25.9137 0.0000e+00
 249.054485     23.115  34.002215     7.4393     4.1463     22.921    33.1538    25.9045 0.0000e+00
 249.054491     22.965  33.997245     7.4409     4.1642     22.772    33.1469    25.8989 0.0000e+00
 249.054497     22.806  33.991665     7.4427     4.1893     22.614    33.1393    25.8926 0.0000e+00
 249.054502     22.640  33.984232     7.4446     4.2194     22.450    33.1295    25.8847 0.0000e+00
 249.054508     22.471  33.974597     7.4474     4.2579     22.282    33.1165    25.8740 0.0000e+00
 249.054514     22.296  33.965089     7.4516     4.2800     22.109    33.1022    25.8623 0.0000e+00
 249.054520     22.112  33.957644     7.4566     4.2829     21.926    33.0895    25.8515 0.0000e+00
 249.054525     21.917  33.950777     7.4610     4.2917     21.733    33.0780    25.8419 0.0000e+00
 249.054531     21.715  33.944898     7.4639     4.2899     21.533    33.0689    25.8344 0.0000e+00
 249.054537     21.518  33.939485     7.4657     4.2961     21.337    33.0615    25.8282 0.0000e+00
 249.054543     21.332  33.932958     7.4671     4.2870     21.153    33.0532    25.8215 0.0000e+00
 249.054549     21.153  33.927303     7.4681     4.2999     20.975    33.0462    25.8159 0.0000e+00
 249.054554     20.979  33.923979     7.4686     4.3042     20.803    33.0422    25.8127 0.0000e+00
 249.054560     20.806  33.921385     7.4687     4.3052     20.631    33.0394    25.8104 0.0000e+00
 249.054566     20.638  33.918893     7.4688     4.2990     20.465    33.0367    25.8083 0.0000e+00
 249.054572     20.479  33.916571     7.4691     4.3005     20.307    33.0340    25.8061 0.0000e+00
 249.054578     20.333  33.913029     7.4699     4.3144     20.162    33.0294    25.8024 0.0000e+00
 249.054583     20.195  33.908618     7.4711     4.3536     20.025    33.0236    25.7977 0.0000e+00
 249.054589     20.056  33.906083     7.4715     4.4036     19.888    33.0205    25.7952 0.0000e+00
 249.054595     19.908  33.905439     7.4710     4.4622     19.741    33.0204    25.7952 0.0000e+00
 249.054601     19.740  33.904413     7.4709     4.5147     19.574    33.0194    25.7944 0.0000e+00
 249.054606     19.552  33.901200     7.4724     4.5503     19.388    33.0146    25.7904 0.0000e+00
 249.054612     19.347  33.894629     7.4763     4.5708     19.185    33.0039    25.7815 0.0000e+00
 249.054618     19.130  33.885588     7.4827     4.5627     18.969    32.9882    25.7682 0.0000e+00
 249.054624     18.909  33.877846     7.4913     4.5450     18.750    32.9717    25.7540 0.0000e+00
 249.054630     18.695  33.874659     7.5038     4.5179     18.538    32.9565    25.7403 0.0000e+00
 249.054635     18.500  33.876376     7.5198     4.4985     18.345    32.9433    25.7277 0.0000e+00
 249.054641     18.329  33.883155     7.5354     4.4924     18.175    32.9359    25.7197 0.0000e+00
 249.054647     18.176  33.894049     7.5508     4.4851     18.024    32.9331    25.7153 0.0000e+00
 249.054653     18.035  33.905739     7.5645     4.4717     17.884    32.9327    25.7131 0.0000e+00
 249.054659     17.906  33.915407     7.5730     4.4650     17.756    32.9352    25.7138 0.0000e+00
 249.054664     17.780  33.921466     7.5776     4.4447     17.631    32.9374    25.7149 0.0000e+00
 249.054670     17.645  33.924250     7.5805     4.4457     17.497    32.9377    25.7148 0.0000e+00
 249.054676     17.497  33.925900     7.5831     4.4453     17.350    32.9371    25.7139 0.0000e+00
 249.054682     17.331  33.927603     7.5859     4.4335     17.186    32.9363    25.7129 0.0000e+00
 249.054688     17.140  33.929496     7.5891     4.4338     16.996    32.9354    25.7118 0.0000e+00
 249.054693     16.930  33.931969     7.5926     4.4283     16.788    32.9349    25.7108 0.0000e+00
 249.054699     16.713  33.935062     7.5955     4.4301     16.573    32.9356    25.7110 0.0000e+00
 249.054705     16.500  33.937962     7.5971     4.4345     16.362    32.9373    25.7121 0.0000e+00
 249.054711     16.300  33.940159     7.5979     4.4435     16.163    32.9390    25.7133 0.0000e+00
 249.054716     16.112  33.941886     7.5996     4.4552     15.977    32.9393    25.7133 0.0000e+00
 249.054722     15.938  33.943314     7.6019     4.4580     15.804    32.9388    25.7126 0.0000e+00
 249.054728     15.779  33.944211     7.6039     4.4462     15.647    32.9379    25.7116 0.0000e+00
 249.054734     15.635  33.944762     7.6049     4.4264     15.504    32.9376    25.7112 0.0000e+00
 249.054740     15.499  33.945252     7.6054     4.4282     15.369    32.9377    25.7113 0.0000e+00
 249.054745     15.359  33.945323     7.6074     4.4425     15.230    32.9360    25.7096 0.0000e+00
 249.054751     15.202  33.945738     7.6114     4.4619     15.075    32.9327    25.7065 0.0000e+00
 249.054757     15.022  33.947722     7.6153     4.4663     14.896    32.9312    25.7047 0.0000e+00
 249.054763     14.825  33.950666     7.6179     4.4767     14.701    32.9320    25.7050 0.0000e+00
 249.054769     14.624  33.952994     7.6191     4.4918     14.501    32.9335    25.7060 0.0000e+00
 249.054774     14.427  33.953432     7.6194     4.5207     14.306    32.9338    25.7062 0.0000e+00
 249.054780     14.236  33.951556     7.6191     4.5427     14.117    32.9321    25.7049 0.0000e+00
 249.054786     14.045  33.947779     7.6184     4.5607     13.927    32.9288    25.7024 0.0000e+00
 249.054792     13.857  33.942789     7.6178     4.5693     13.741    32.9241    25.6988 0.0000e+00
 249.054797     13.672  33.937334     7.6184     4.5725     13.557    32.9178    25.6937 0.0000e+00
 249.054803     13.486  33.933230     7.6215     4.5970     13.373    32.9105    25.6875 0.0000e+00
 249.054809     13.302  33.932409     7.6261     4.6325     13.191    32.9053    25.6828 0.0000e+00
 249.054815     13.123  33.933327     7.6303     4.7041     13.013    32.9024    25.6800 0.0000e+00
 249.054821     12.952  33.933392     7.6328     4.7686     12.844    32.9002    25.6779 0.0000e+00
 249.054826     12.786  33.931118     7.6321     4.7929     12.679    32.8985    25.6766 0.0000e+00
 249.054832     12.624  33.923022     7.6281     4.7897     12.518    32.8937    25.6734 0.0000e+00
 249.054838     12.459  33.908518     7.6220     4.7724     12.355    32.8839    25.6666 0.0000e+00
 249.054844     12.285  33.893067     7.6148     4.7625     12.182    32.8742    25.6599 0.0000e+00
 249.054850     12.105  33.881424     7.6088     4.7778     12.004    32.8674    25.6554 0.0000e+00
 249.054855     11.922  33.874446     7.6061     4.8318     11.822    32.8625    25.6520 0.0000e+00
 249.054861     11.740  33.869112     7.6079     4.8884     11.642    32.8552    25.6460 0.0000e+00
 249.054867     11.550  33.864029     7.6163     4.9058     11.453    32.8418    25.6343 0.0000e+00
 249.054873     11.349  33.860945     7.6419     4.8938     11.254    32.8144    25.6092 0.0000e+00
 249.054878     11.146  33.863714     7.7045     4.8882     11.053    32.7585    25.5564 0.0000e+00
 249.054884     10.944  33.883995     7.8089     4.8967     10.852    32.6823    25.4816 0.0000e+00
 249.054890     10.744  33.929864     7.9378     4.9770     10.654    32.6109    25.4070 0.0000e+00
 249.054896     10.555  34.005930     8.0754     5.1249     10.467    32.5637    25.3501 0.0000e+00
 249.054902     10.382  34.121726     8.2059     5.2958     10.295    32.5655    25.3324 0.0000e+00
 249.054907     10.217  34.272988     8.3168     5.4733     10.131    32.6227    25.3609 0.0000e+00
 249.054913     10.051  34.416888     8.4354     5.6070      9.967    32.6646    25.3761 0.0000e+00
 249.054919      9.876  34.530517     8.6022     5.7760      9.793    32.6297    25.3237 0.0000e+00
 249.054925      9.696  34.649351     8.8071     5.9356      9.615    32.5654    25.2421 0.0000e+00
 249.054931      9.515  34.775400     9.0142     6.1305      9.435    32.5069    25.1643 0.0000e+00
 249.054936      9.336  34.887760     9.1982     6.3181      9.258    32.4555    25.0953 0.0000e+00
 249.054942      9.154  34.986561     9.3283     6.4665      9.077    32.4392    25.0621 0.0000e+00
 249.054948      8.972  35.083031     9.4276     6.5913      8.897    32.4485    25.0535 0.0000e+00
 249.054954      8.794  35.220642     9.5755     6.6791      8.720    32.4557    25.0354 0.0000e+00
 249.054959      8.619  35.389390     9.7918     6.7668      8.547    32.4329    24.9824 0.0000e+00
 249.054965      8.435  35.541083    10.0215     6.8399      8.364    32.3806    24.9038 0.0000e+00
 249.054971      8.243  35.684488    10.1931     6.8834      8.174    32.3721    24.8685 0.0000e+00
 249.054977      8.052  35.805548    10.2911     6.9027      7.985    32.4065    24.8789 0.0000e+00
 249.054983      7.863  35.907002    10.3637     6.8688      7.797    32.4438    24.8956 0.0000e+00
 249.054988      7.678  36.026045    10.4487     6.8341      7.614    32.4874    24.9152 0.0000e+00
 249.054994      7.500  36.137985    10.5391     6.8892      7.437    32.5189    24.9243 0.0000e+00
 249.055000      7.333  36.214832    10.6138     7.0398      7.272    32.5291    24.9194 0.0000e+00
 249.055006      7.169  36.281159    10.6770     7.2718      7.109    32.5391    24.9162 0.0000e+00
 249.055012      7.002  36.359302    10.7506     7.6782      6.943    32.5514    24.9131 0.0000e+00
 249.055017      6.835  36.428404    10.8497     8.1259      6.778    32.5321    24.8807 0.0000e+00
