data/oxygen options/OCNMS/OCNMS2/raw_data/2014/CAST_RR020_140905faed.cnv
* Sea-Bird SBE19 Data File:
* FileName = C:\2014 Mooring Data\Casts\CAST_RR020_140905.hex
* Software Version 1.59
* Temperature SN = 2997
* Conductivity SN = 2997
* System UpLoad Time = Sep 05 2014 18:28:22
** CAST_RR020_140905
* ds
# nquan = 9                                 
# nvalues = 1107                        
# units = specified
# name 0 = timeJ: Julian Days
# name 1 = prSM: Pressure, Strain Gauge [db]
# name 2 = c0mS/cm: Conductivity [mS/cm]
# name 3 = t090C: Temperature [ITS-90, deg C]
# name 4 = sbeox0ML/L: Oxygen, SBE 43 [ml/l]
# name 5 = depSM: Depth [salt water, m], lat = 47.5
# name 6 = sal00: Salinity, Practical [PSU]
# name 7 = sigma-é00: Density [sigma-theta, kg/m^3]
# name 8 = flag: flag
# span 0 = 248.761921, 248.768322       
# span 1 =     -5.076,     24.027       
# span 2 =   0.379223,  40.328628       
# span 3 =     8.1734,    17.9583       
# span 4 =    -1.7417,    16.9659       
# span 5 =     -5.034,     23.825       
# span 6 =     0.2203,    33.4932       
# span 7 =    -1.0858,    26.0615       
# span 8 = 0.0000e+00, 0.0000e+00       
# interval = seconds: 0.5
# start_time = Sep 05 2014 18:17:10 [Instrument's time stamp, header]
# bad_flag = -9.990e-29
*END*
[from data line 161]
 248.762853     -1.853   0.400314    16.3898     6.2288     -1.838     0.2328    -0.9400 -9.990e-29
 248.762859     -1.851   0.399737    16.3950     6.2215     -1.836     0.2324    -0.9412 -9.990e-29
 248.762865     -1.847   0.399356    16.4036     6.2273     -1.832     0.2321    -0.9429 -9.990e-29
 248.762870     -1.842   0.399216    16.4114     6.2297     -1.827     0.2320    -0.9443 -9.990e-29
 248.762876     -1.833   0.399131    16.4162     6.2321     -1.818     0.2319    -0.9451 -9.990e-29
 248.762882     -1.826   0.398989    16.4183     6.2337     -1.811     0.2318    -0.9456 -9.990e-29
 248.762888     -1.824   0.398601    16.4195     6.2302     -1.809     0.2316    -0.9459 -9.990e-29
 248.762894     -1.823   0.398003    16.4227     6.2308     -1.808     0.2312    -0.9468 -9.990e-29
 248.762899     -1.818   0.397512    16.4279     6.2309     -1.803     0.2309    -0.9479 -9.990e-29
 248.762905     -1.809   0.397030    16.4320     6.2309     -1.794     0.2306    -0.9488 -9.990e-29
 248.762911     -1.795   0.396469    16.4331     6.2306     -1.780     0.2302    -0.9492 -9.990e-29
 248.762917     -1.776   0.396195    16.4322     6.2229     -1.761     0.2301    -0.9492 -9.990e-29
 248.762922     -1.751   0.396396    16.4302     6.2210     -1.736     0.2302    -0.9488 -9.990e-29
 248.762928     -1.721   0.396785    16.4280     6.2210     -1.707     0.2304    -0.9482 -9.990e-29
 248.762934     -1.694   0.396770    16.4267     6.2232     -1.680     0.2304    -0.9480 -9.990e-29
 248.762940     -1.673   0.396331    16.4253     6.2349     -1.659     0.2302    -0.9480 -9.990e-29
 248.762946     -1.655   0.395995    16.4235     6.2371     -1.641     0.2300    -0.9478 -9.990e-29
 248.762951     -1.640   0.395869    16.4224     6.2312     -1.626     0.2299    -0.9477 -9.990e-29
 248.762957     -1.627   0.395786    16.4226     6.2286     -1.613     0.2299    -0.9478 -9.990e-29
 248.762963     -1.615   0.395635    16.4236     6.2254     -1.602     0.2298    -0.9480 -9.990e-29
 248.762969     -1.603   0.395214    16.4246     6.2348     -1.590     0.2295    -0.9484 -9.990e-29
 248.762975     -1.590   0.394520    16.4252     6.2399     -1.577     0.2291    -0.9488 -9.990e-29
 248.762980     -1.577   0.393737    16.4245     6.2391     -1.564     0.2287    -0.9490 -9.990e-29
 248.762986     -1.561   0.392933    16.4222     6.2377     -1.548     0.2282    -0.9490 -9.990e-29
 248.762992     -1.542   0.392150    16.4183     6.2270     -1.529     0.2277    -0.9487 -9.990e-29
 248.762998     -1.523   0.391456    16.4123     6.2323     -1.510     0.2274    -0.9480 -9.990e-29
 248.763003     -1.506   0.391038    16.4049     6.2410     -1.493     0.2272    -0.9469 -9.990e-29
 248.763009     -1.488   0.390895    16.3990     6.2368     -1.476     0.2271    -0.9459 -9.990e-29
 248.763015     -1.466   0.390836    16.3957     6.2283     -1.454     0.2271    -0.9454 -9.990e-29
 248.763021     -1.447   0.390784    16.3949     6.2128     -1.435     0.2271    -0.9453 -9.990e-29
 248.763027     -1.436   0.390669    16.3959     6.2095     -1.424     0.2270    -0.9455 -9.990e-29
 248.763032     -1.430   0.390337    16.3972     6.2150     -1.418     0.2268    -0.9459 -9.990e-29
 248.763038     -1.425   0.389899    16.3973     6.2199     -1.413     0.2265    -0.9461 -9.990e-29
 248.763044     -1.417   0.389885    16.3973     6.2228     -1.405     0.2265    -0.9461 -9.990e-29
 248.763050     -1.410   0.390276    16.3993     6.2248     -1.398     0.2267    -0.9463 -9.990e-29
 248.763056     -1.402   0.390481    16.4030     6.2329     -1.390     0.2268    -0.9468 -9.990e-29
 248.763061     -1.390   0.390218    16.4072     6.2350     -1.378     0.2267    -0.9477 -9.990e-29
 248.763067     -1.377   0.389694    16.4119     6.2349     -1.366     0.2263    -0.9487 -9.990e-29
 248.763073     -1.366   0.389322    16.4157     6.2323     -1.355     0.2261    -0.9495 -9.990e-29
 248.763079     -1.357   0.389161    16.4171     6.2211     -1.346     0.2260    -0.9498 -9.990e-29
 248.763084     -1.348   0.388997    16.4176     6.2193     -1.337     0.2259    -0.9500 -9.990e-29
 248.763090     -1.340   0.388611    16.4185     6.2273     -1.329     0.2256    -0.9503 -9.990e-29
 248.763096     -1.332   0.388047    16.4174     6.2381     -1.321     0.2253    -0.9504 -9.990e-29
 248.763102     -1.323   0.387662    16.4127     6.2362     -1.312     0.2251    -0.9498 -9.990e-29
 248.763108     -1.317   0.387500    16.4079     6.2252     -1.306     0.2250    -0.9490 -9.990e-29
 248.763113     -1.318   0.387344    16.4057     6.2181     -1.307     0.2250    -0.9487 -9.990e-29
 248.763119     -1.322   0.386986    16.4062     6.2086     -1.311     0.2247    -0.9490 -9.990e-29
 248.763125     -1.324   0.386506    16.4082     6.2209     -1.313     0.2245    -0.9495 -9.990e-29
 248.763131     -1.326   0.386376    16.4096     6.2262     -1.315     0.2244    -0.9498 -9.990e-29
 248.763137     -1.326   0.386423    16.4096     6.2354     -1.315     0.2244    -0.9498 -9.990e-29
 248.763142     -1.325   0.386153    16.4090     6.2315     -1.314     0.2242    -0.9498 -9.990e-29
 248.763148     -1.324   0.385764    16.4085     6.2259     -1.313     0.2240    -0.9499 -9.990e-29
 248.763154     -1.321   0.385293    16.4078     6.2313     -1.310     0.2237    -0.9500 -9.990e-29
 248.763160     -1.317   0.384667    16.4069     6.2237     -1.306     0.2234    -0.9501 -9.990e-29
 248.763166     -1.311   0.384163    16.4063     6.2330     -1.300     0.2231    -0.9503 -9.990e-29
 248.763171     -1.303   0.383665    16.4047     6.2257     -1.292     0.2228    -0.9502 -9.990e-29
 248.763177     -1.293   0.383067    16.4023     6.2220     -1.282     0.2224    -0.9501 -9.990e-29
 248.763183     -1.279   0.382682    16.4009     6.2218     -1.268     0.2222    -0.9500 -9.990e-29
 248.763189     -1.266   0.382552    16.4007     6.2210     -1.255     0.2221    -0.9500 -9.990e-29
 248.763194     -1.257   0.382504    16.4013     6.2334     -1.247     0.2221    -0.9502 -9.990e-29
 248.763200     -1.247   0.382476    16.4027     6.2358     -1.237     0.2221    -0.9504 -9.990e-29
 248.763206     -1.234   0.382430    16.4044     6.2299     -1.224     0.2221    -0.9507 -9.990e-29
 248.763212     -1.224   0.382303    16.4056     6.2280     -1.214     0.2220    -0.9510 -9.990e-29
 248.763218     -1.214   0.381927    16.4060     6.2249     -1.204     0.2217    -0.9512 -9.990e-29
 248.763223     -1.209   0.381357    16.4062     6.2339     -1.199     0.2214    -0.9515 -9.990e-29
 248.763229     -1.209   0.380945    16.4086     6.2384     -1.199     0.2212    -0.9521 -9.990e-29
 248.763235     -1.205   0.380698    16.4115     6.2370     -1.195     0.2210    -0.9527 -9.990e-29
 248.763241     -1.192   0.380286    16.4099     6.2258     -1.182     0.2208    -0.9527 -9.990e-29
 248.763247     -1.173   0.379718    16.4039     6.2179     -1.163     0.2205    -0.9519 -9.990e-29
 248.763252     -1.157   0.379346    16.3959     6.2165     -1.147     0.2203    -0.9507 -9.990e-29
 248.763258     -1.146   0.379232    16.3862     6.2173     -1.136     0.2203    -0.9491 -9.990e-29
 248.763264     -1.140   0.379223    16.3777     6.2194     -1.130     0.2203    -0.9476 -9.990e-29
 248.763270     -1.134   0.379307    16.3740     6.2108     -1.125     0.2204    -0.9470 -9.990e-29
 248.763275     -1.124   0.379595    16.3756     6.2162     -1.115     0.2205    -0.9471 -9.990e-29
 248.763281     -1.112   0.380471    16.3815     6.2252     -1.103     0.2210    -0.9477 -9.990e-29
 248.763287     -1.103   0.382550    16.3916     6.2209     -1.094     0.2222    -0.9485 -9.990e-29
 248.763293     -1.096   0.385268    16.4050     6.2267     -1.087     0.2237    -0.9495 -9.990e-29
 248.763299     -1.090   0.387245    16.4194     6.2146     -1.081     0.2248    -0.9511 -9.990e-29
 248.763304     -1.085   0.388336    16.4318     6.2114     -1.076     0.2254    -0.9527 -9.990e-29
 248.763310     -1.082   0.388885    16.4421     6.2213     -1.073     0.2257    -0.9543 -9.990e-29
 248.763316     -1.079   0.389068    16.4514     6.2133     -1.070     0.2257    -0.9558 -9.990e-29
 248.763322     -1.076   0.389129    16.4588     6.2222     -1.067     0.2257    -0.9570 -9.990e-29
 248.763328     -1.074   0.389151    16.4640     6.2147     -1.065     0.2257    -0.9579 -9.990e-29
 248.763333     -1.071   0.389162    16.4682     6.2023     -1.062     0.2257    -0.9586 -9.990e-29
 248.763339     -1.069   0.389178    16.4738     6.2091     -1.060     0.2257    -0.9596 -9.990e-29
 248.763345     -1.066   0.389220    16.4809     6.2074     -1.057     0.2257    -0.9608 -9.990e-29
 248.763351     -1.064   0.389343    16.4862     6.2103     -1.055     0.2257    -0.9616 -9.990e-29
 248.763356     -1.060   0.389714    16.4876     6.2096     -1.051     0.2259    -0.9617 -9.990e-29
 248.763362     -1.056   0.390271    16.4877     6.1952     -1.047     0.2263    -0.9615 -9.990e-29
 248.763368     -1.051   0.390646    16.4892     6.1824     -1.042     0.2265    -0.9616 -9.990e-29
 248.763374     -1.045   0.390783    16.4920     6.1921     -1.036     0.2265    -0.9620 -9.990e-29
 248.763380     -1.036   0.390864    16.4962     6.1947     -1.027     0.2266    -0.9627 -9.990e-29
 248.763385     -1.030   0.390999    16.5027     6.1975     -1.021     0.2266    -0.9637 -9.990e-29
 248.763391     -1.030   0.391371    16.5122     6.1872     -1.021     0.2268    -0.9652 -9.990e-29
 248.763397     -1.031   0.391919    16.5256     6.1760     -1.022     0.2270    -0.9673 -9.990e-29
 248.763403     -1.030   0.392262    16.5432     6.1668     -1.021     0.2272    -0.9702 -9.990e-29
 248.763409     -1.026   0.392302    16.5643     6.1719     -1.017     0.2271    -0.9738 -9.990e-29
 248.763414     -1.019   0.392094    16.5887     6.1827     -1.010     0.2268    -0.9781 -9.990e-29
 248.763420     -1.009   0.391918    16.6149     6.1767     -1.001     0.2266    -0.9828 -9.990e-29
 248.763426     -0.994   0.392094    16.6407     6.1745     -0.986     0.2265    -0.9872 -9.990e-29
 248.763432     -0.975   0.392302    16.6646     6.1597     -0.967     0.2265    -0.9913 -9.990e-29
 248.763438     -0.954   0.392265    16.6865     6.1614     -0.946     0.2264    -0.9951 -9.990e-29
 248.763443     -0.938   0.391934    16.7072     6.1721     -0.930     0.2261    -0.9989 -9.990e-29
 248.763449     -0.931   0.391427    16.7262     6.1736     -0.923     0.2257    -1.0024 -9.990e-29
 248.763455     -0.928   0.391178    16.7436     6.1667     -0.920     0.2255    -1.0056 -9.990e-29
 248.763461     -0.924   0.391412    16.7604     6.1506     -0.916     0.2255    -1.0084 -9.990e-29
 248.763466     -0.919   0.391885    16.7772     6.1517     -0.911     0.2257    -1.0112 -9.990e-29
 248.763472     -0.909   0.392117    16.7945     6.1535     -0.901     0.2257    -1.0141 -9.990e-29
 248.763478     -0.892   0.391865    16.8121     6.1572     -0.885     0.2255    -1.0173 -9.990e-29
 248.763484     -0.877   0.391348    16.8297     6.1575     -0.870     0.2251    -1.0207 -9.990e-29
 248.763490     -0.867   0.390990    16.8468     6.1528     -0.860     0.2248    -1.0238 -9.990e-29
 248.763495     -0.861   0.390869    16.8626     6.1508     -0.854     0.2247    -1.0267 -9.990e-29
 248.763501     -0.859   0.390824    16.8767     6.1483     -0.852     0.2246    -1.0292 -9.990e-29
 248.763507     -0.855   0.390798    16.8898     6.1534     -0.848     0.2245    -1.0315 -9.990e-29
 248.763513     -0.847   0.390756    16.9024     6.1455     -0.840     0.2244    -1.0338 -9.990e-29
 248.763519     -0.837   0.390644    16.9145     6.1422     -0.830     0.2243    -1.0360 -9.990e-29
 248.763524     -0.830   0.390312    16.9266     6.1388     -0.823     0.2240    -1.0383 -9.990e-29
 248.763530     -0.824   0.389874    16.9388     6.1355     -0.817     0.2237    -1.0406 -9.990e-29
 248.763536     -0.819   0.389860    16.9510     6.1371     -0.812     0.2236    -1.0428 -9.990e-29
 248.763542     -0.815   0.390251    16.9643     6.1435     -0.808     0.2238    -1.0450 -9.990e-29
 248.763547     -0.813   0.390458    16.9799     6.1380     -0.806     0.2238    -1.0477 -9.990e-29
 248.763553     -0.810   0.390201    16.9975     6.1357     -0.803     0.2236    -1.0509 -9.990e-29
 248.763559     -0.809   0.389694    17.0152     6.1261     -0.802     0.2232    -1.0543 -9.990e-29
 248.763565     -0.807   0.389375    17.0317     6.1224     -0.800     0.2229    -1.0574 -9.990e-29
 248.763571     -0.806   0.389375    17.0466     6.1324     -0.799     0.2228    -1.0601 -9.990e-29
 248.763576     -0.805   0.389693    17.0605     6.1357     -0.798     0.2229    -1.0624 -9.990e-29
 248.763582     -0.804   0.390198    17.0736     6.1383     -0.797     0.2232    -1.0645 -9.990e-29
 248.763588     -0.804   0.390454    17.0849     6.1355     -0.797     0.2233    -1.0664 -9.990e-29
 248.763594     -0.803   0.390246    17.0924     6.1242     -0.796     0.2231    -1.0679 -9.990e-29
 248.763600     -0.802   0.389854    17.0968     6.1215     -0.795     0.2228    -1.0689 -9.990e-29
 248.763605     -0.802   0.389867    17.1006     6.1204     -0.795     0.2228    -1.0695 -9.990e-29
 248.763611     -0.801   0.390303    17.1045     6.1206     -0.794     0.2231    -1.0700 -9.990e-29
 248.763617     -0.800   0.390633    17.1085     6.1294     -0.793     0.2232    -1.0706 -9.990e-29
 248.763623     -0.799   0.390742    17.1125     6.1363     -0.792     0.2233    -1.0713 -9.990e-29
 248.763628     -0.797   0.390777    17.1169     6.1362     -0.790     0.2233    -1.0720 -9.990e-29
 248.763634     -0.795   0.390786    17.1226     6.1240     -0.788     0.2233    -1.0731 -9.990e-29
 248.763640     -0.793   0.390780    17.1294     6.1207     -0.786     0.2232    -1.0743 -9.990e-29
 248.763646     -0.790   0.390753    17.1367     6.1079     -0.783     0.2232    -1.0756 -9.990e-29
 248.763652     -0.787   0.390668    17.1449     6.1107     -0.780     0.2231    -1.0771 -9.990e-29
 248.763657     -0.782   0.390414    17.1548     6.1017     -0.775     0.2229    -1.0790 -9.990e-29
 248.763663     -0.776   0.390207    17.1668     6.0959     -0.770     0.2227    -1.0813 -9.990e-29
 248.763669     -0.768   0.390886    17.1809     6.1029     -0.762     0.2230    -1.0835 -9.990e-29
 248.763675     -0.758   0.393356    17.1962     6.0929     -0.752     0.2244    -1.0852 -9.990e-29
 248.763681     -0.745   0.398688    17.2129     6.0905     -0.739     0.2274    -1.0858 -9.990e-29
 248.763686     -0.729   0.408989    17.2325     6.0857     -0.723     0.2333    -1.0847 -9.990e-29
 248.763692     -0.712   0.427428    17.2541     6.0820     -0.706     0.2439    -1.0803 -9.990e-29
 248.763698     -0.698   0.456909    17.2754     6.0828     -0.692     0.2610    -1.0709 -9.990e-29
 248.763704     -0.686   0.500604    17.2953     6.0755     -0.680     0.2866    -1.0548 -9.990e-29
 248.763709     -0.679   0.562286    17.3131     6.0747     -0.673     0.3228    -1.0301 -9.990e-29
 248.763715     -0.677   0.640796    17.3298     6.0745     -0.671     0.3693    -0.9974 -9.990e-29
 248.763721     -0.671   0.719048    17.3482     6.0832     -0.665     0.4158    -0.9649 -9.990e-29
 248.763727     -0.657   0.771820    17.3701     6.0872     -0.652     0.4472    -0.9446 -9.990e-29
 248.763733     -0.638   0.797188    17.3944     6.0865     -0.633     0.4622    -0.9374 -9.990e-29
 248.763738     -0.622   0.812851    17.4179     6.0777     -0.617     0.4714    -0.9346 -9.990e-29
 248.763744     -0.610   0.824122    17.4375     6.0795     -0.605     0.4779    -0.9331 -9.990e-29
 248.763750     -0.604   0.827125    17.4510     6.0809     -0.599     0.4796    -0.9342 -9.990e-29
 248.763756     -0.598   0.825307    17.4566     6.0813     -0.593     0.4784    -0.9361 -9.990e-29
 248.763762     -0.587   0.824587    17.4569     6.0744     -0.582     0.4780    -0.9365 -9.990e-29
 248.763767     -0.576   0.826785    17.4570     6.0682     -0.571     0.4793    -0.9355 -9.990e-29
