data/oxygen options/OCNMS/OCNMS2/raw_data/2014/CAST_RR042_140905faed.cnv
* Sea-Bird SBE19 Data File:
* FileName = C:\2014 Mooring Data\Casts\CAST_RR042_140905.hex
* Software Version 1.59
* Temperature SN = 2997
* Conductivity SN = 2997
* System UpLoad Time = Sep 05 2014 23:55:12
** CAST_RR042_140905
* ds
# nquan = 9                                 
# nvalues = 1277                        
# units = specified
# name 0 = timeJ: Julian Days
# name 1 = prSM: Pressure, Strain Gauge [db]
# name 2 = c0mS/cm: Conductivity [mS/cm]
# name 3 = t090C: Temperature [ITS-90, deg C]
# name 4 = sbeox0ML/L: Oxygen, SBE 43 [ml/l]
# name 5 = depSM: Depth [salt water, m], lat = 47.5
# name 6 = sal00: Salinity, Practical [PSU]
# name 7 = sigma-é00: Density [sigma-theta, kg/m^3]
# name 8 = flag: flag
# span 0 = 248.987824, 248.995208       
# span 1 =     -4.222,     42.417       
# span 2 =   0.335847,  40.127270       
# span 3 =     7.5406,    16.9225       
# span 4 =    -1.7288,    13.9710       
# span 5 =     -4.187,     42.059       
# span 6 =     0.1931,    33.6256       
# span 7 =    -1.0445,    26.2597       
# span 8 = 0.0000e+00, 0.0000e+00       
# interval = seconds: 0.5
# start_time = Sep 05 2014 23:42:28 [Instrument's time stamp, header]
# bad_flag = -9.990e-29
*END*
[from data line 481]
 248.990608     -0.092   0.435906    16.8010     5.1969     -0.091     0.2515    -0.9954 -9.990e-29
 248.990613     -0.099   0.439958    16.7973     5.2025     -0.098     0.2539    -0.9929 -9.990e-29
 248.990619     -0.104   0.447777    16.7922     5.2063     -0.103     0.2586    -0.9884 -9.990e-29
 248.990625     -0.111   0.464229    16.7862     5.2063     -0.110     0.2684    -0.9798 -9.990e-29
 248.990631     -0.122   0.491472    16.7804     5.2062     -0.121     0.2846    -0.9663 -9.990e-29
 248.990637     -0.133   0.524788    16.7748     5.2139     -0.132     0.3045    -0.9500 -9.990e-29
 248.990642     -0.143   0.558189    16.7699     5.2157     -0.142     0.3245    -0.9338 -9.990e-29
 248.990648     -0.155   0.589403    16.7674     5.2097     -0.154     0.3433    -0.9189 -9.990e-29
 248.990654     -0.168   0.617370    16.7669     5.2006     -0.167     0.3601    -0.9058 -9.990e-29
 248.990660     -0.180   0.637123    16.7661     5.2025     -0.178     0.3720    -0.8965 -9.990e-29
 248.990666     -0.186   0.644416    16.7645     5.2052     -0.184     0.3764    -0.8928 -9.990e-29
 248.990671     -0.187   0.642860    16.7631     5.2108     -0.185     0.3755    -0.8933 -9.990e-29
 248.990677     -0.183   0.639275    16.7623     5.2144     -0.181     0.3733    -0.8948 -9.990e-29
 248.990683     -0.178   0.637221    16.7615     5.2036     -0.177     0.3721    -0.8957 -9.990e-29
 248.990689     -0.176   0.636184    16.7600     5.2015     -0.175     0.3715    -0.8959 -9.990e-29
 248.990694     -0.173   0.633671    16.7561     5.2011     -0.172     0.3700    -0.8963 -9.990e-29
 248.990700     -0.165   0.629109    16.7485     5.2031     -0.164     0.3673    -0.8971 -9.990e-29
 248.990706     -0.150   0.624200    16.7410     5.1987     -0.149     0.3644    -0.8980 -9.990e-29
 248.990712     -0.132   0.620740    16.7380     5.1959     -0.131     0.3624    -0.8991 -9.990e-29
 248.990718     -0.119   0.619674    16.7372     5.1955     -0.118     0.3617    -0.8995 -9.990e-29
 248.990723     -0.109   0.620138    16.7335     5.1975     -0.108     0.3620    -0.8986 -9.990e-29
 248.990729     -0.098   0.620524    16.7270     5.2011     -0.097     0.3623    -0.8973 -9.990e-29
 248.990735     -0.089   0.620794    16.7227     5.1937     -0.088     0.3625    -0.8964 -9.990e-29
 248.990741     -0.086   0.622419    16.7222     5.1994     -0.085     0.3635    -0.8955 -9.990e-29
 248.990747     -0.084   0.625897    16.7232     5.2013     -0.083     0.3656    -0.8941 -9.990e-29
 248.990752     -0.080   0.629750    16.7243     5.2096     -0.079     0.3679    -0.8925 -9.990e-29
 248.990758     -0.077   0.633555    16.7266     5.2126     -0.076     0.3702    -0.8911 -9.990e-29
 248.990764     -0.079   0.638495    16.7299     5.2084     -0.078     0.3732    -0.8894 -9.990e-29
 248.990770     -0.082   0.645039    16.7320     5.2145     -0.081     0.3771    -0.8867 -9.990e-29
 248.990775     -0.078   0.652460    16.7321     5.2059     -0.077     0.3816    -0.8833 -9.990e-29
 248.990781     -0.066   0.658975    16.7314     5.2125     -0.065     0.3855    -0.8801 -9.990e-29
 248.990787     -0.055   0.663263    16.7305     5.2129     -0.055     0.3881    -0.8780 -9.990e-29
 248.990793     -0.047   0.666039    16.7294     5.2112     -0.047     0.3898    -0.8765 -9.990e-29
 248.990799     -0.043   0.669889    16.7292     5.2125     -0.043     0.3921    -0.8747 -9.990e-29
 248.990804     -0.041   0.677168    16.7312     5.2018     -0.041     0.3965    -0.8716 -9.990e-29
 248.990810     -0.043   0.687574    16.7344     5.1998     -0.043     0.4028    -0.8673 -9.990e-29
 248.990816     -0.047   0.697743    16.7365     5.1996     -0.047     0.4090    -0.8630 -9.990e-29
 248.990822     -0.051   0.703441    16.7358     5.2011     -0.051     0.4124    -0.8602 -9.990e-29
 248.990828     -0.050   0.703926    16.7323     5.1972     -0.050     0.4128    -0.8593 -9.990e-29
 248.990833     -0.048   0.702066    16.7278     5.1945     -0.048     0.4117    -0.8594 -9.990e-29
 248.990839     -0.049   0.699831    16.7249     5.2687     -0.049     0.4103    -0.8599 -9.990e-29
 248.990845     -0.050   0.697022    16.7245     5.3619     -0.050     0.4086    -0.8612 -9.990e-29
 248.990851     -0.045   0.693230    16.7250     5.3771     -0.045     0.4063    -0.8630 -9.990e-29
 248.990856     -0.039   0.690072    16.7245     4.4095     -0.039     0.4044    -0.8644 -9.990e-29
 248.990862     -0.036   0.689454    16.7224     4.4490     -0.036     0.4041    -0.8643 -9.990e-29
 248.990868     -0.031   0.691662    16.7158     4.4543     -0.031     0.4055    -0.8621 -9.990e-29
 248.990874     -0.021   0.697418    16.6927     4.4640     -0.021     0.4092    -0.8553 -9.990e-29
 248.990880     -0.007   0.711059    16.6197     4.4670     -0.007     0.4182    -0.8359 -9.990e-29
 248.990885      0.006   0.749663    16.3988     4.4646      0.006     0.4441    -0.7785 -9.990e-29
 248.990891      0.019   0.864701    15.9681     4.4867      0.019     0.5205    -0.6483 -9.990e-29
 248.990897      0.033   1.192874    15.4975     4.5018      0.033     0.7364    -0.4061 -9.990e-29
 248.990903      0.052   2.155622    15.1835     4.4390      0.052     1.3812     0.1404 -9.990e-29
 248.990909      0.084   5.058847    14.9610     4.4232      0.083     3.4312     1.7527 -9.990e-29
 248.990914      0.120  13.805210    14.7355     5.0424      0.119    10.1489     6.9425 -9.990e-29
 248.990920      0.155  26.932103    14.5690     5.9850      0.154    21.1195    15.3836 -9.990e-29
 248.990926      0.195  35.683285    14.4956     6.8633      0.193    28.8660    21.3526 -9.990e-29
 248.990932      0.243  38.606021    14.4739     7.3931      0.241    31.5230    23.4040 -9.990e-29
 248.990938      0.293  39.596149    14.4686     7.4418      0.291    32.4294    24.1039 -9.990e-29
 248.990943      0.344  39.950813    14.4624     7.3805      0.341    32.7586    24.3591 -9.990e-29
 248.990949      0.400  40.067647    14.4502     7.3237      0.397    32.8758    24.4520 -9.990e-29
 248.990955      0.460  40.062564    14.4317     7.2258      0.456    32.8868    24.4645 -9.990e-29
 248.990961      0.518  40.024277    14.4182     7.0606      0.514    32.8632    24.4491 -9.990e-29
 248.990966      0.575  40.009022    14.4218     6.8145      0.570    32.8462    24.4352 -9.990e-29
 248.990972      0.629  40.013311    14.4389     6.4839      0.624    32.8356    24.4234 -9.990e-29
 248.990978      0.676  40.023774    14.4570     6.3277      0.670    32.8298    24.4151 -9.990e-29
 248.990984      0.714  40.042577    14.4683     6.5179      0.708    32.8374    24.4186 -9.990e-29
 248.990990      0.746  40.066164    14.4755     6.7039      0.740    32.8528    24.4290 -9.990e-29
 248.990995      0.774  40.091174    14.4814     6.8666      0.768    32.8707    24.4415 -9.990e-29
 248.991001      0.795  40.115021    14.4805     6.7898      0.788    32.8933    24.4591 -9.990e-29
 248.991007      0.806  40.119525    14.4629     6.5553      0.799    32.9123    24.4776 -9.990e-29
 248.991013      0.813  40.100031    14.4143     6.2899      0.806    32.9358    24.5059 -9.990e-29
 248.991019      0.819  40.069873    14.3245     6.1088      0.812    32.9847    24.5625 -9.990e-29
 248.991024      0.826  40.032100    14.2285     6.0454      0.819    33.0320    24.6191 -9.990e-29
 248.991030      0.834  39.999253    14.1843     6.0256      0.827    33.0396    24.6342 -9.990e-29
 248.991036      0.838  39.936515    14.1932     6.0051      0.831    32.9742    24.5819 -9.990e-29
 248.991042      0.836  39.677658    14.2148     5.9580      0.829    32.7176    24.3794 -9.990e-29
 248.991047      0.831  39.440214    14.2197     5.8507      0.824    32.4953    24.2068 -9.990e-29
 248.991053      0.827  39.574189    14.1992     5.7362      0.820    32.6357    24.3194 -9.990e-29
 248.991059      0.824  39.802833    14.1744     5.6437      0.817    32.8672    24.5032 -9.990e-29
 248.991065      0.821  39.904850    14.1691     5.5678      0.814    32.9657    24.5803 -9.990e-29
 248.991071      0.820  39.966843    14.1720     5.5885      0.813    33.0203    24.6219 -9.990e-29
 248.991076      0.818  40.012502    14.1802     5.6696      0.811    33.0553    24.6472 -9.990e-29
 248.991082      0.817  40.046550    14.2079     5.7902      0.810    33.0630    24.6473 -9.990e-29
 248.991088      0.816  40.076204    14.2497     5.9486      0.809    33.0544    24.6320 -9.990e-29
 248.991094      0.816  40.110122    14.2843     6.0856      0.809    33.0560    24.6260 -9.990e-29
 248.991100      0.815  40.127270    14.3028     6.1434      0.808    33.0559    24.6220 -9.990e-29
 248.991105      0.815  40.117394    14.3128     6.1364      0.808    33.0383    24.6063 -9.990e-29
 248.991111      0.815  40.093178    14.3095     6.0969      0.808    33.0189    24.5920 -9.990e-29
 248.991117      0.815  40.053237    14.2822     6.0277      0.808    33.0055    24.5874 -9.990e-29
 248.991123      0.815  40.022963    14.2461     5.9326      0.808    33.0085    24.5973 -9.990e-29
 248.991128      0.815  40.030520    14.2361     5.8032      0.808    33.0240    24.6114 -9.990e-29
 248.991134      0.815  40.054537    14.2618     5.6705      0.808    33.0242    24.6061 -9.990e-29
 248.991140      0.815  40.078172    14.2951     5.5825      0.808    33.0174    24.5939 -9.990e-29
 248.991146      0.816  40.096439    14.3057     5.5402      0.809    33.0251    24.5976 -9.990e-29
 248.991152      0.817  40.096645    14.2895     5.5786      0.810    33.0392    24.6119 -9.990e-29
 248.991157      0.818  40.087510    14.2641     5.6598      0.811    33.0525    24.6275 -9.990e-29
 248.991163      0.819  40.098426    14.2516     5.7792      0.812    33.0733    24.6461 -9.990e-29
 248.991169      0.821  40.112502    14.2588     5.9099      0.814    33.0800    24.6498 -9.990e-29
 248.991175      0.823  40.097398    14.2761     6.0170      0.816    33.0513    24.6241 -9.990e-29
 248.991181      0.826  40.059944    14.2909     6.1078      0.819    33.0042    24.5846 -9.990e-29
 248.991186      0.830  40.017051    14.2948     6.1932      0.823    32.9615    24.5508 -9.990e-29
 248.991192      0.835  39.999720    14.2931     6.2645      0.828    32.9470    24.5400 -9.990e-29
 248.991198      0.842  40.005638    14.2973     6.2797      0.835    32.9489    24.5406 -9.990e-29
 248.991204      0.850  40.003390    14.3090     6.2345      0.843    32.9368    24.5288 -9.990e-29
 248.991209      0.860  39.992233    14.3236     6.1450      0.853    32.9141    24.5083 -9.990e-29
 248.991215      0.874  39.974714    14.3366     6.0570      0.867    32.8870    24.4846 -9.990e-29
 248.991221      0.887  39.966240    14.3469     6.0082      0.880    32.8705    24.4697 -9.990e-29
 248.991227      0.896  39.969566    14.3584     6.0162      0.889    32.8637    24.4621 -9.990e-29
 248.991233      0.902  39.961060    14.3731     6.0378      0.894    32.8434    24.4433 -9.990e-29
 248.991238      0.905  39.950173    14.3869     6.0662      0.897    32.8218    24.4237 -9.990e-29
 248.991244      0.905  39.948236    14.3940     6.1192      0.897    32.8140    24.4162 -9.990e-29
 248.991250      0.903  39.942569    14.3947     6.1563      0.895    32.8082    24.4116 -9.990e-29
 248.991256      0.902  39.937425    14.3956     6.1786      0.894    32.8027    24.4072 -9.990e-29
 248.991262      0.902  39.938872    14.3997     6.1967      0.894    32.8005    24.4046 -9.990e-29
 248.991267      0.899  39.937619    14.4042     6.2162      0.891    32.7956    24.3999 -9.990e-29
 248.991273      0.893  39.935372    14.4049     6.2496      0.886    32.7929    24.3977 -9.990e-29
 248.991279      0.884  39.936449    14.4022     6.2966      0.877    32.7962    24.4008 -9.990e-29
 248.991285      0.875  39.937245    14.4017     6.4172      0.868    32.7974    24.4018 -9.990e-29
 248.991291      0.870  39.937708    14.4060     6.5688      0.863    32.7942    24.3984 -9.990e-29
 248.991296      0.868  39.936219    14.4104     6.6917      0.861    32.7891    24.3935 -9.990e-29
 248.991302      0.870  39.929679    14.4090     6.7734      0.863    32.7843    24.3901 -9.990e-29
 248.991308      0.876  39.922295    14.3967     6.8366      0.869    32.7879    24.3955 -9.990e-29
 248.991314      0.885  39.916030    14.3719     6.8882      0.878    32.8032    24.4125 -9.990e-29
 248.991319      0.895  39.907594    14.3418     6.9353      0.888    32.8210    24.4326 -9.990e-29
 248.991325      0.902  39.895108    14.3187     6.9126      0.894    32.8292    24.4437 -9.990e-29
 248.991331      0.905  39.879339    14.3059     6.8501      0.897    32.8256    24.4436 -9.990e-29
 248.991337      0.906  39.860981    14.2944     6.8244      0.898    32.8185    24.4406 -9.990e-29
 248.991343      0.904  39.844205    14.2789     6.8251      0.896    32.8162    24.4421 -9.990e-29
 248.991348      0.899  39.833985    14.2611     6.7759      0.891    32.8220    24.4502 -9.990e-29
 248.991354      0.896  39.824567    14.2476     6.6782      0.889    32.8248    24.4552 -9.990e-29
 248.991360      0.898  39.808456    14.2438     6.6222      0.891    32.8132    24.4471 -9.990e-29
 248.991366      0.901  39.788328    14.2479     6.6890      0.893    32.7913    24.4293 -9.990e-29
 248.991372      0.901  39.772732    14.2552     6.7957      0.893    32.7707    24.4119 -9.990e-29
 248.991377      0.902  39.766720    14.2643     6.8915      0.894    32.7575    24.3998 -9.990e-29
 248.991383      0.909  39.768465    14.2742     6.9707      0.901    32.7507    24.3925 -9.990e-29
 248.991389      0.922  39.774127    14.2819     7.0687      0.914    32.7493    24.3898 -9.990e-29
 248.991395      0.937  39.781160    14.2865     7.1469      0.929    32.7519    24.3908 -9.990e-29
 248.991400      0.948  39.786597    14.2909     7.1552      0.940    32.7532    24.3909 -9.990e-29
 248.991406      0.950  39.789274    14.2974     7.0563      0.942    32.7501    24.3872 -9.990e-29
 248.991412      0.944  39.793333    14.3043     6.9786      0.936    32.7480    24.3841 -9.990e-29
 248.991418      0.933  39.801387    14.3086     7.0188      0.925    32.7517    24.3861 -9.990e-29
 248.991424      0.925  39.808463    14.3134     7.1186      0.917    32.7542    24.3869 -9.990e-29
 248.991429      0.920  39.811091    14.3220     7.2152      0.912    32.7493    24.3814 -9.990e-29
 248.991435      0.913  39.812221    14.3299     7.2916      0.905    32.7436    24.3754 -9.990e-29
 248.991441      0.909  39.815056    14.3343     7.3621      0.901    32.7425    24.3736 -9.990e-29
 248.991447      0.906  39.818336    14.3362     7.4248      0.898    32.7439    24.3743 -9.990e-29
 248.991453      0.900  39.817458    14.3329     7.4067      0.892    32.7459    24.3765 -9.990e-29
 248.991458      0.896  39.810704    14.3240     7.2978      0.889    32.7472    24.3794 -9.990e-29
 248.991464      0.897  39.800310    14.3148     7.2253      0.890    32.7455    24.3800 -9.990e-29
 248.991470      0.904  39.788153    14.3100     7.2804      0.896    32.7384    24.3755 -9.990e-29
 248.991476      0.912  39.777688    14.3085     7.3779      0.904    32.7301    24.3694 -9.990e-29
 248.991481      0.913  39.774624    14.3038     7.4245      0.905    32.7312    24.3713 -9.990e-29
 248.991487      0.908  39.775448    14.2915     7.3886      0.900    32.7424    24.3825 -9.990e-29
 248.991493      0.904  39.772284    14.2776     7.3396      0.896    32.7513    24.3922 -9.990e-29
 248.991499      0.906  39.764856    14.2738     7.3684      0.898    32.7477    24.3902 -9.990e-29
 248.991505      0.914  39.757868    14.2792     7.4328      0.906    32.7367    24.3806 -9.990e-29
 248.991510      0.925  39.757172    14.2827     7.4851      0.917    32.7331    24.3771 -9.990e-29
 248.991516      0.933  39.761288    14.2801     7.4754      0.925    32.7391    24.3823 -9.990e-29
 248.991522      0.945  39.763923    14.2753     7.4412      0.937    32.7456    24.3883 -9.990e-29
