data/oxygen options/OCNMS/OCNMS2/raw_data/2014/CAST_RR042_140905faedb.cnv
* Sea-Bird SBE19 Data File:
* FileName = C:\2014 Mooring Data\Casts\CAST_RR042_140905.hex
* Software Version 1.59
* Temperature SN = 2997
* Conductivity SN = 2997
* System UpLoad Time = Sep 05 2014 23:55:12
** CAST_RR042_140905
* ds
# nquan = 9
# nvalues = 41                          
# units = specified
# name 0 = timeJ: Julian Days
# name 1 = prSM: Pressure, Strain Gauge [db]
# name 2 = c0mS/cm: Conductivity [mS/cm]
# name 3 = t090C: Temperature [ITS-90, deg C]
# name 4 = sbeox0ML/L: Oxygen, SBE 43 [ml/l]
# name 5 = depSM: Depth [salt water, m], lat = 47.5
# name 6 = sal00: Salinity, Practical [PSU]
# name 7 = sigma-é00: Density [sigma-theta, kg/m^3]
# name 8 = flag: flag
# span 0 = 248.992800, 248.993559       
# span 1 =      2.000,     42.000       
# span 2 =  34.528631,  39.425823       
# span 3 =     7.5413,    13.9227       
# span 4 =     0.2382,     8.1318       
# span 5 =      1.983,     41.645       
# span 6 =    32.7332,    33.6183       
# span 7 =    24.4519,    26.2554       
# span 8 = 0.0000e+00, 0.0000e+00       
# interval = decibars: 1                
# start_time = Sep 05 2014 23:42:28 [Instrument's time stamp, header]
# bad_flag = -9.990e-29
*END*
 248.992800      2.000  39.425823    13.9227     8.1318      1.983    32.7332    24.4519 0.0000e+00
 248.992826      3.000  39.164296    13.6103     7.8368      2.975    32.7568    24.5338 0.0000e+00
 248.992846      4.000  39.016431    13.4340     7.5225      3.967    32.7696    24.5793 0.0000e+00
 248.992864      5.000  38.860993    13.2474     7.3859      4.958    32.7840    24.6278 0.0000e+00
 248.992881      6.000  38.722942    13.0549     7.1151      5.950    32.8199    24.6938 0.0000e+00
 248.992898      7.000  38.612391    12.8778     6.8484      6.942    32.8686    24.7662 0.0000e+00
 248.992915      8.000  38.342159    12.5700     6.4486      7.933    32.8793    24.8342 0.0000e+00
 248.992932      9.000  37.970902    12.1294     6.0282      8.925    32.9090    24.9412 0.0000e+00
 248.992949     10.000  37.613065    11.7144     5.1744      9.916    32.9285    25.0337 0.0000e+00
 248.992966     11.000  37.432113    11.4717     3.8843     10.908    32.9670    25.1082 0.0000e+00
 248.992983     12.000  37.251940    11.1788     3.5521     11.900    33.0514    25.2268 0.0000e+00
 248.993000     13.000  37.015841    10.8701     3.2806     12.891    33.0951    25.3156 0.0000e+00
 248.993017     14.000  36.889407    10.6684     1.9872     13.883    33.1513    25.3947 0.0000e+00
 248.993034     15.000  36.649367    10.3053     1.2757     14.874    33.2409    25.5272 0.0000e+00
 248.993051     16.000  36.185816     9.7429     1.1217     15.866    33.2871    25.6577 0.0000e+00
 248.993068     17.000  36.012677     9.5257     0.6133     16.857    33.3105    25.7116 0.0000e+00
 248.993086     18.000  35.748165     9.1521     0.5651     17.849    33.3852    25.8300 0.0000e+00
 248.993104     19.000  35.507307     8.9121     0.5616     18.841    33.3593    25.8476 0.0000e+00
 248.993122     20.000  35.394990     8.7851     0.4971     19.832    33.3608    25.8685 0.0000e+00
 248.993142     21.000  35.324010     8.6818     0.2512     20.824    33.3833    25.9021 0.0000e+00
 248.993161     22.000  35.118552     8.4056     0.2540     21.815    33.4278    25.9792 0.0000e+00
 248.993178     23.000  35.031787     8.3232     0.2604     22.806    33.4137    25.9805 0.0000e+00
 248.993196     24.000  34.997389     8.2921     0.2382     23.798    33.4064    25.9794 0.0000e+00
 248.993215     25.000  34.960367     8.2424     0.4907     24.790    33.4139    25.9928 0.0000e+00
 248.993235     26.000  34.921819     8.1632     0.7002     25.781    33.4479    26.0312 0.0000e+00
 248.993253     27.000  34.842094     8.0606     0.6375     26.773    33.4604    26.0562 0.0000e+00
 248.993271     28.000  34.796009     8.0298     0.7816     27.765    33.4402    26.0449 0.0000e+00
 248.993291     29.000  34.776483     7.9908     0.9458     28.756    33.4561    26.0632 0.0000e+00
 248.993309     30.000  34.734866     7.9409     0.9586     29.748    33.4589    26.0727 0.0000e+00
 248.993329     31.000  34.714879     7.9200     0.9191     30.739    33.4571    26.0743 0.0000e+00
 248.993351     32.000  34.712977     7.9123     0.9077     31.730    33.4619    26.0792 0.0000e+00
 248.993370     33.000  34.690095     7.8821     0.9473     32.722    33.4658    26.0868 0.0000e+00
 248.993388     34.000  34.652182     7.8189     1.0067     33.713    33.4854    26.1113 0.0000e+00
 248.993408     35.000  34.600089     7.7493     1.0882     34.705    33.4958    26.1295 0.0000e+00
 248.993431     36.000  34.559097     7.6388     1.0942     35.697    33.5576    26.1940 0.0000e+00
 248.993450     37.000  34.536878     7.5964     1.0793     36.688    33.5741    26.2129 0.0000e+00
 248.993467     38.000  34.533445     7.5886     1.0488     37.679    33.5775    26.2168 0.0000e+00
 248.993488     39.000  34.535425     7.5915     0.9774     38.671    33.5764    26.2155 0.0000e+00
 248.993512     40.000  34.533487     7.5616     0.8730     39.662    33.6026    26.2405 0.0000e+00
 248.993535     41.000  34.528631     7.5413     0.8584     40.654    33.6166    26.2543 0.0000e+00
 248.993559     42.000  34.531954     7.5428     0.8954     41.645    33.6183    26.2554 0.0000e+00
