data/oxygen options/OCNMS/OCNMS2/raw_data/2014/CAST_RR020_140905faed.cnv
* Sea-Bird SBE19 Data File:
* FileName = C:\2014 Mooring Data\Casts\CAST_RR020_140905.hex
* Software Version 1.59
* Temperature SN = 2997
* Conductivity SN = 2997
* System UpLoad Time = Sep 05 2014 18:28:22
** CAST_RR020_140905
* ds
# nquan = 9                                 
# nvalues = 1107                        
# units = specified
# name 0 = timeJ: Julian Days
# name 1 = prSM: Pressure, Strain Gauge [db]
# name 2 = c0mS/cm: Conductivity [mS/cm]
# name 3 = t090C: Temperature [ITS-90, deg C]
# name 4 = sbeox0ML/L: Oxygen, SBE 43 [ml/l]
# name 5 = depSM: Depth [salt water, m], lat = 47.5
# name 6 = sal00: Salinity, Practical [PSU]
# name 7 = sigma-é00: Density [sigma-theta, kg/m^3]
# name 8 = flag: flag
# span 0 = 248.761921, 248.768322       
# span 1 =     -5.076,     24.027       
# span 2 =   0.379223,  40.328628       
# span 3 =     8.1734,    17.9583       
# span 4 =    -1.7417,    16.9659       
# span 5 =     -5.034,     23.825       
# span 6 =     0.2203,    33.4932       
# span 7 =    -1.0858,    26.0615       
# span 8 = 0.0000e+00, 0.0000e+00       
# interval = seconds: 0.5
# start_time = Sep 05 2014 18:17:10 [Instrument's time stamp, header]
# bad_flag = -9.990e-29
*END*
[from data line 321]
 248.763779     -0.561   0.835365    17.4632     6.0669     -0.556     0.4844    -0.9327 -9.990e-29
 248.763785     -0.556   0.839287    17.4668     6.0704     -0.551     0.4867    -0.9316 -9.990e-29
 248.763791     -0.552   0.842932    17.4692     6.0715     -0.547     0.4889    -0.9304 -9.990e-29
 248.763796     -0.550   0.846711    17.4716     6.0727     -0.545     0.4912    -0.9291 -9.990e-29
 248.763802     -0.549   0.851216    17.4754     6.0694     -0.544     0.4938    -0.9277 -9.990e-29
 248.763808     -0.548   0.856892    17.4814     6.0676     -0.543     0.4972    -0.9262 -9.990e-29
 248.763814     -0.549   0.864082    17.4888     6.0661     -0.544     0.5014    -0.9243 -9.990e-29
 248.763819     -0.550   0.873473    17.4961     6.0651     -0.545     0.5070    -0.9213 -9.990e-29
 248.763825     -0.552   0.884798    17.5021     6.0660     -0.547     0.5138    -0.9172 -9.990e-29
 248.763831     -0.556   0.896474    17.5070     6.0674     -0.551     0.5207    -0.9127 -9.990e-29
 248.763837     -0.560   0.907389    17.5122     6.0754     -0.555     0.5273    -0.9086 -9.990e-29
 248.763843     -0.563   0.917080    17.5175     6.0715     -0.558     0.5331    -0.9052 -9.990e-29
 248.763848     -0.558   0.924568    17.5219     6.0793     -0.553     0.5375    -0.9025 -9.990e-29
 248.763854     -0.551   0.929829    17.5273     6.0818     -0.546     0.5406    -0.9011 -9.990e-29
 248.763860     -0.545   0.934318    17.5353     6.0817     -0.540     0.5433    -0.9005 -9.990e-29
 248.763866     -0.539   0.938458    17.5432     6.0855     -0.535     0.5457    -0.9001 -9.990e-29
 248.763872     -0.534   0.942208    17.5464     6.0830     -0.530     0.5479    -0.8990 -9.990e-29
 248.763877     -0.529   0.946121    17.5431     6.0750     -0.525     0.5503    -0.8965 -9.990e-29
 248.763883     -0.524   0.949296    17.5357     6.0649     -0.520     0.5523    -0.8937 -9.990e-29
 248.763889     -0.518   0.949851    17.5262     6.0692     -0.514     0.5528    -0.8916 -9.990e-29
 248.763895     -0.510   0.947972    17.5137     6.0643     -0.506     0.5518    -0.8901 -9.990e-29
 248.763900     -0.506   0.945601    17.4980     6.0752     -0.502     0.5506    -0.8882 -9.990e-29
 248.763906     -0.509   0.943472    17.4819     6.0872     -0.505     0.5495    -0.8861 -9.990e-29
 248.763912     -0.514   0.940414    17.4678     6.0805     -0.510     0.5478    -0.8848 -9.990e-29
 248.763918     -0.518   0.935687    17.4568     6.0816     -0.514     0.5451    -0.8850 -9.990e-29
 248.763924     -0.521   0.930219    17.4513     6.0712     -0.517     0.5419    -0.8865 -9.990e-29
 248.763929     -0.523   0.926175    17.4527     6.0746     -0.519     0.5394    -0.8886 -9.990e-29
 248.763935     -0.524   0.925948    17.4590     6.0864     -0.520     0.5392    -0.8899 -9.990e-29
 248.763941     -0.524   0.928679    17.4668     6.0830     -0.520     0.5407    -0.8901 -9.990e-29
 248.763947     -0.524   0.929668    17.4721     6.0909     -0.520     0.5413    -0.8907 -9.990e-29
 248.763953     -0.524   0.925787    17.4715     6.0803     -0.520     0.5389    -0.8924 -9.990e-29
 248.763958     -0.523   0.919090    17.4656     6.0686     -0.519     0.5349    -0.8944 -9.990e-29
 248.763964     -0.521   0.914554    17.4574     6.0741     -0.517     0.5323    -0.8949 -9.990e-29
 248.763970     -0.518   0.915585    17.4487     6.0737     -0.514     0.5330    -0.8928 -9.990e-29
 248.763976     -0.514   0.920775    17.4426     6.0781     -0.510     0.5363    -0.8892 -9.990e-29
 248.763981     -0.509   0.924257    17.4421     6.0792     -0.505     0.5384    -0.8875 -9.990e-29
 248.763987     -0.502   0.921220    17.4439     6.0688     -0.498     0.5365    -0.8892 -9.990e-29
 248.763993     -0.498   0.912062    17.4438     6.0744     -0.494     0.5310    -0.8935 -9.990e-29
 248.763999     -0.500   0.900703    17.4431     6.0769     -0.496     0.5241    -0.8986 -9.990e-29
 248.764005     -0.504   0.891460    17.4452     6.0789     -0.500     0.5185    -0.9033 -9.990e-29
 248.764010     -0.506   0.887023    17.4514     6.0818     -0.502     0.5157    -0.9066 -9.990e-29
 248.764016     -0.510   0.887038    17.4592     6.0707     -0.506     0.5156    -0.9080 -9.990e-29
 248.764022     -0.518   0.888192    17.4658     6.0759     -0.514     0.5163    -0.9087 -9.990e-29
 248.764028     -0.520   0.887573    17.4710     6.0781     -0.516     0.5158    -0.9100 -9.990e-29
 248.764034     -0.517   0.885099    17.4744     6.0795     -0.513     0.5143    -0.9118 -9.990e-29
 248.764039     -0.513   0.881921    17.4755     6.0809     -0.509     0.5123    -0.9135 -9.990e-29
 248.764045     -0.507   0.878993    17.4745     6.0843     -0.503     0.5106    -0.9147 -9.990e-29
 248.764051     -0.500   0.876301    17.4720     6.0792     -0.496     0.5090    -0.9154 -9.990e-29
 248.764057     -0.491   0.872666    17.4689     6.0780     -0.487     0.5068    -0.9165 -9.990e-29
 248.764062     -0.478   0.867689    17.4663     6.0770     -0.474     0.5039    -0.9183 -9.990e-29
 248.764068     -0.467   0.862519    17.4657     6.0760     -0.463     0.5008    -0.9206 -9.990e-29
 248.764074     -0.460   0.858603    17.4662     6.0731     -0.456     0.4984    -0.9225 -9.990e-29
 248.764080     -0.453   0.856835    17.4664     6.0702     -0.449     0.4973    -0.9234 -9.990e-29
 248.764086     -0.444   0.857084    17.4670     6.0691     -0.440     0.4975    -0.9234 -9.990e-29
 248.764091     -0.443   0.858012    17.4684     6.0770     -0.439     0.4980    -0.9232 -9.990e-29
 248.764097     -0.450   0.857520    17.4700     6.0822     -0.446     0.4977    -0.9238 -9.990e-29
 248.764103     -0.450   0.853838    17.4707     6.0793     -0.446     0.4955    -0.9256 -9.990e-29
 248.764109     -0.437   0.846504    17.4699     6.0816     -0.433     0.4911    -0.9288 -9.990e-29
 248.764115     -0.418   0.836306    17.4674     6.0794     -0.415     0.4849    -0.9331 -9.990e-29
 248.764120     -0.404   0.825214    17.4642     6.0801     -0.401     0.4783    -0.9376 -9.990e-29
 248.764126     -0.395   0.815678    17.4636     6.0775     -0.392     0.4726    -0.9419 -9.990e-29
 248.764132     -0.386   0.808885    17.4681     6.0670     -0.383     0.4684    -0.9459 -9.990e-29
 248.764138     -0.375   0.804674    17.4760     6.0592     -0.372     0.4658    -0.9493 -9.990e-29
 248.764144     -0.364   0.801877    17.4841     6.0579     -0.361     0.4641    -0.9521 -9.990e-29
 248.764149     -0.354   0.798988    17.4941     6.0590     -0.351     0.4622    -0.9554 -9.990e-29
 248.764155     -0.350   0.796049    17.5092     6.0683     -0.347     0.4603    -0.9596 -9.990e-29
 248.764161     -0.351   0.793589    17.5249     6.0695     -0.348     0.4586    -0.9637 -9.990e-29
 248.764167     -0.354   0.791107    17.5342     6.0642     -0.351     0.4570    -0.9666 -9.990e-29
 248.764172     -0.354   0.788075    17.5383     6.0508     -0.351     0.4552    -0.9687 -9.990e-29
 248.764178     -0.351   0.784343    17.5410     6.0399     -0.348     0.4529    -0.9710 -9.990e-29
 248.764184     -0.345   0.780493    17.5415     6.0334     -0.342     0.4506    -0.9728 -9.990e-29
 248.764190     -0.339   0.777508    17.5398     6.0292     -0.336     0.4488    -0.9739 -9.990e-29
 248.764196     -0.339   0.775857    17.5410     6.0334     -0.336     0.4478    -0.9749 -9.990e-29
 248.764201     -0.339   0.775561    17.5510     6.0306     -0.336     0.4476    -0.9769 -9.990e-29
 248.764207     -0.335   0.775667    17.5725     6.0299     -0.332     0.4474    -0.9809 -9.990e-29
 248.764213     -0.332   0.774095    17.6039     6.0197     -0.329     0.4461    -0.9876 -9.990e-29
 248.764219     -0.332   0.769860    17.6419     6.0060     -0.329     0.4432    -0.9967 -9.990e-29
 248.764225     -0.333   0.765097    17.6845     6.0105     -0.330     0.4399    -1.0070 -9.990e-29
 248.764230     -0.330   0.763465    17.7316     6.0220     -0.327     0.4384    -1.0167 -9.990e-29
 248.764236     -0.327   0.766124    17.7814     6.0215     -0.324     0.4395    -1.0250 -9.990e-29
 248.764242     -0.327   0.769947    17.8304     6.0218     -0.324     0.4413    -1.0327 -9.990e-29
 248.764248     -0.332   0.770578    17.8746     6.0190     -0.329     0.4412    -1.0409 -9.990e-29
 248.764253     -0.336   0.766633    17.9081     6.0185     -0.333     0.4385    -1.0491 -9.990e-29
 248.764259     -0.333   0.760081    17.9292     6.0226     -0.330     0.4344    -1.0562 -9.990e-29
 248.764265     -0.321   0.754418    17.9432     6.0230     -0.318     0.4309    -1.0614 -9.990e-29
 248.764271     -0.308   0.752657    17.9535     6.0242     -0.305     0.4298    -1.0642 -9.990e-29
 248.764277     -0.298   0.755231    17.9583     6.0276     -0.296     0.4312    -1.0640 -9.990e-29
 248.764282     -0.290   0.759454    17.9575     6.0283     -0.288     0.4337    -1.0619 -9.990e-29
 248.764288     -0.283   0.761504    17.9537     6.0285     -0.281     0.4350    -1.0603 -9.990e-29
 248.764294     -0.278   0.760776    17.9461     6.0297     -0.276     0.4346    -1.0591 -9.990e-29
 248.764300     -0.274   0.761306    17.9335     6.0314     -0.272     0.4351    -1.0564 -9.990e-29
 248.764306     -0.271   0.768246    17.9191     6.0328     -0.269     0.4393    -1.0505 -9.990e-29
 248.764311     -0.267   0.784733    17.9052     6.0323     -0.265     0.4493    -1.0403 -9.990e-29
 248.764317     -0.265   0.809950    17.8903     6.0242     -0.263     0.4644    -1.0260 -9.990e-29
 248.764323     -0.262   0.840265    17.8712     6.0274     -0.260     0.4827    -1.0084 -9.990e-29
 248.764329     -0.259   0.874393    17.8502     6.0264     -0.257     0.5033    -0.9887 -9.990e-29
 248.764334     -0.255   0.912239    17.8344     5.5380     -0.253     0.5262    -0.9683 -9.990e-29
 248.764340     -0.252   0.948657    17.8244     5.1665     -0.250     0.5482    -0.9495 -9.990e-29
 248.764346     -0.247   0.975483    17.8158     5.2493     -0.245     0.5644    -0.9355 -9.990e-29
 248.764352     -0.241   0.989004    17.8071     5.2635     -0.239     0.5727    -0.9275 -9.990e-29
 248.764358     -0.234   0.995012    17.8004     5.2835     -0.232     0.5764    -0.9235 -9.990e-29
 248.764363     -0.225   1.010973    17.7959     5.3166     -0.223     0.5861    -0.9152 -9.990e-29
 248.764369     -0.214   1.075961    17.7860     5.3826     -0.212     0.6255    -0.8831 -9.990e-29
 248.764375     -0.199   1.289972    17.7447     5.4800     -0.197     0.7567    -0.7749 -9.990e-29
 248.764381     -0.180   1.940022    17.5935     5.4600     -0.178     1.1651    -0.4342 -9.990e-29
 248.764387     -0.156   3.888951    17.1039     5.5208     -0.155     2.4590     0.6451 -9.990e-29
 248.764392     -0.125   9.733665    16.2172     5.8622     -0.124     6.7038     4.0486 -9.990e-29
 248.764398     -0.085  20.654945    15.3574     6.2859     -0.084    15.4801    10.9137 -9.990e-29
 248.764404     -0.034  31.516049    14.8503     6.6858     -0.034    24.9312    18.2554 -9.990e-29
 248.764410      0.028  37.267221    14.6145     6.9698      0.028    30.1999    22.3553 -9.990e-29
 248.764416      0.095  39.178872    14.5129     7.0511      0.094    32.0122    23.7729 -9.990e-29
 248.764421      0.164  39.846449    14.4821     6.9805      0.163    32.6467    24.2686 -9.990e-29
 248.764427      0.229  40.088176    14.4826     6.7636      0.227    32.8671    24.4385 -9.990e-29
 248.764433      0.292  40.147752    14.4785     6.5586      0.290    32.9251    24.4841 -9.990e-29
 248.764439      0.356  40.145651    14.4579     6.4781      0.353    32.9407    24.5004 -9.990e-29
 248.764444      0.426  40.131347    14.4372     6.4500      0.422    32.9451    24.5083 -9.990e-29
 248.764450      0.500  40.107152    14.4297     6.3590      0.496    32.9293    24.4977 -9.990e-29
 248.764456      0.577  40.087453    14.4353     6.2632      0.572    32.9065    24.4789 -9.990e-29
 248.764462      0.650  40.081401    14.4489     6.3307      0.645    32.8894    24.4628 -9.990e-29
 248.764468      0.718  40.085457    14.4620     6.4709      0.712    32.8819    24.4543 -9.990e-29
 248.764473      0.780  40.097766    14.4707     6.5954      0.773    32.8858    24.4554 -9.990e-29
 248.764479      0.840  40.124670    14.4801     6.6221      0.833    32.9024    24.4663 -9.990e-29
 248.764485      0.897  40.164453    14.4929     6.4988      0.890    32.9279    24.4832 -9.990e-29
 248.764491      0.947  40.188198    14.5032     6.3220      0.939    32.9408    24.4910 -9.990e-29
 248.764497      0.988  40.177056    14.5044     6.1430      0.980    32.9296    24.4821 -9.990e-29
 248.764502      1.023  40.149349    14.4999     5.9986      1.014    32.9081    24.4665 -9.990e-29
 248.764508      1.054  40.143436    14.4993     5.9419      1.045    32.9032    24.4628 -9.990e-29
 248.764514      1.079  40.166635    14.5038     5.8740      1.070    32.9205    24.4753 -9.990e-29
 248.764520      1.095  40.190943    14.5079     5.8112      1.086    32.9393    24.4889 -9.990e-29
 248.764525      1.103  40.202190    14.5094     5.7619      1.094    32.9483    24.4955 -9.990e-29
 248.764531      1.104  40.195193    14.5061     5.7102      1.095    32.9447    24.4934 -9.990e-29
 248.764537      1.102  40.187057    14.5008     5.7072      1.093    32.9418    24.4923 -9.990e-29
 248.764543      1.101  40.204045    14.5019     5.7135      1.092    32.9564    24.5033 -9.990e-29
 248.764549      1.101  40.230089    14.5097     5.7271      1.092    32.9735    24.5149 -9.990e-29
 248.764554      1.099  40.239856    14.5157     5.7373      1.090    32.9774    24.5166 -9.990e-29
 248.764560      1.089  40.229556    14.5143     5.6710      1.080    32.9691    24.5105 -9.990e-29
 248.764566      1.079  40.205154    14.5077     5.5869      1.070    32.9524    24.4991 -9.990e-29
 248.764572      1.081  40.197059    14.5029     5.5134      1.072    32.9491    24.4975 -9.990e-29
 248.764578      1.097  40.217544    14.5050     5.4593      1.088    32.9661    24.5101 -9.990e-29
 248.764583      1.113  40.238356    14.5134     5.4692      1.104    32.9779    24.5175 -9.990e-29
 248.764589      1.119  40.246843    14.5235     5.4965      1.110    32.9771    24.5147 -9.990e-29
 248.764595      1.114  40.252674    14.5305     5.6165      1.105    32.9765    24.5128 -9.990e-29
 248.764601      1.107  40.264224    14.5359     5.7903      1.098    32.9824    24.5162 -9.990e-29
 248.764606      1.101  40.280648    14.5443     5.8891      1.092    32.9903    24.5205 -9.990e-29
 248.764612      1.097  40.294679    14.5591     5.9062      1.088    32.9905    24.5175 -9.990e-29
 248.764618      1.093  40.300913    14.5927     5.8355      1.084    32.9677    24.4928 -9.990e-29
 248.764624      1.090  40.302082    14.6604     5.7561      1.081    32.9113    24.4349 -9.990e-29
 248.764630      1.087  40.299786    14.7480     5.6938      1.078    32.8351    24.3575 -9.990e-29
 248.764635      1.085  40.299991    14.8186     5.6969      1.076    32.7758    24.2967 -9.990e-29
 248.764641      1.082  40.304709    14.8534     5.7659      1.073    32.7508    24.2700 -9.990e-29
 248.764647      1.080  40.311302    14.8559     5.8405      1.071    32.7547    24.2725 -9.990e-29
 248.764653      1.077  40.320752    14.8425     6.0401      1.068    32.7745    24.2906 -9.990e-29
 248.764659      1.074  40.326043    14.8351     6.4346      1.065    32.7856    24.3007 -9.990e-29
 248.764664      1.075  40.325282    14.8369     6.8403      1.066    32.7834    24.2986 -9.990e-29
 248.764670      1.084  40.325349    14.8374     7.1602      1.075    32.7830    24.2982 -9.990e-29
 248.764676      1.093  40.328056    14.8351     7.2900      1.084    32.7874    24.3021 -9.990e-29
 248.764682      1.095  40.328628    14.8310     7.3136      1.086    32.7914    24.3061 -9.990e-29
 248.764688      1.092  40.323933    14.8214     7.2853      1.083    32.7952    24.3111 -9.990e-29
 248.764693      1.091  40.315053    14.8085     7.2068      1.082    32.7980    24.3160 -9.990e-29
