data/oxygen options/OCNMS/OCNMS2/raw_data/2014/CAST_MC042_140905faedb.cnv
* Sea-Bird SBE19 Data File:
* FileName = C:\2014 Mooring Data\Casts\CAST_MC042_140905.hex
* Software Version 1.59
* Temperature SN = 2997
* Conductivity SN = 2997
* System UpLoad Time = Sep 05 2014 21:07:46
** CAST_MC042_140905
* ds
# nquan = 9
# nvalues = 40                          
# units = specified
# name 0 = timeJ: Julian Days
# name 1 = prSM: Pressure, Strain Gauge [db]
# name 2 = c0mS/cm: Conductivity [mS/cm]
# name 3 = t090C: Temperature [ITS-90, deg C]
# name 4 = sbeox0ML/L: Oxygen, SBE 43 [ml/l]
# name 5 = depSM: Depth [salt water, m], lat = 47.5
# name 6 = sal00: Salinity, Practical [PSU]
# name 7 = sigma-é00: Density [sigma-theta, kg/m^3]
# name 8 = flag: flag
# span 0 = 248.876168, 248.877050       
# span 1 =      2.000,     41.000       
# span 2 =  34.385131,  39.916238       
# span 3 =     7.4977,    15.2935       
# span 4 =     0.3509,     7.7014       
# span 5 =      1.983,     40.654       
# span 6 =    31.9362,    33.7315       
# span 7 =    23.5479,    26.3508       
# span 8 = 0.0000e+00, 0.0000e+00       
# interval = decibars: 1                
# start_time = Sep 05 2014 20:55:07 [Instrument's time stamp, header]
# bad_flag = -9.990e-29
*END*
 248.876168      2.000  39.804554    15.2935     7.6005      1.983    31.9362    23.5479 0.0000e+00
 248.876203      3.000  39.792200    15.2239     7.7014      2.975    31.9815    23.5979 0.0000e+00
 248.876233      4.000  39.838801    15.0259     7.5925      3.967    32.1853    23.7975 0.0000e+00
 248.876259      5.000  39.916238    14.8920     6.3613      4.958    32.3656    23.9650 0.0000e+00
 248.876281      6.000  39.145554    13.6505     5.5496      5.950    32.7038    24.4832 0.0000e+00
 248.876302      7.000  38.333317    12.6382     5.2767      6.941    32.8118    24.7688 0.0000e+00
 248.876324      8.000  38.071355    12.2093     4.9624      7.933    32.9359    24.9471 0.0000e+00
 248.876343      9.000  37.667764    11.7051     4.5186      8.925    32.9905    25.0837 0.0000e+00
 248.876363     10.000  37.273867    11.1979     4.2328      9.916    33.0570    25.2273 0.0000e+00
 248.876382     11.000  36.654074    10.4909     3.7107     10.908    33.0778    25.3679 0.0000e+00
 248.876400     12.000  36.385525    10.1672     2.7651     11.900    33.1019    25.4422 0.0000e+00
 248.876419     13.000  36.141451     9.8349     2.4558     12.891    33.1582    25.5417 0.0000e+00
 248.876441     14.000  35.902321     9.5065     1.8369     13.883    33.2162    25.6408 0.0000e+00
 248.876462     15.000  35.676842     9.1267     1.2607     14.874    33.3366    25.7958 0.0000e+00
 248.876481     16.000  35.345873     8.7195     1.0758     15.866    33.3730    25.8880 0.0000e+00
 248.876502     17.000  35.112062     8.4186     1.1267     16.857    33.4109    25.9638 0.0000e+00
 248.876524     18.000  34.871626     8.1196     1.5885     17.849    33.4397    26.0312 0.0000e+00
 248.876544     19.000  34.698691     7.9156     1.9785     18.841    33.4496    26.0689 0.0000e+00
 248.876564     20.000  34.583335     7.8080     2.0798     19.832    33.4286    26.0680 0.0000e+00
 248.876585     21.000  34.528518     7.7260     2.3629     20.824    33.4479    26.0951 0.0000e+00
 248.876607     22.000  34.427504     7.6260     2.5064     21.815    33.4347    26.0990 0.0000e+00
 248.876629     23.000  34.385131     7.5609     2.3124     22.807    33.4511    26.1212 0.0000e+00
 248.876649     24.000  34.388836     7.5475     2.1136     23.798    33.4676    26.1361 0.0000e+00
 248.876671     25.000  34.400371     7.5332     1.9337     24.790    33.4934    26.1583 0.0000e+00
 248.876694     26.000  34.415150     7.5299     1.7940     25.782    33.5121    26.1736 0.0000e+00
 248.876716     27.000  34.436687     7.5349     1.8872     26.773    33.5301    26.1869 0.0000e+00
 248.876737     28.000  34.459024     7.5351     1.8507     27.764    33.5536    26.2054 0.0000e+00
 248.876760     29.000  34.480477     7.5352     1.7181     28.756    33.5762    26.2232 0.0000e+00
 248.876782     30.000  34.499933     7.5341     1.4953     29.747    33.5978    26.2404 0.0000e+00
 248.876807     31.000  34.519570     7.5325     1.1255     30.739    33.6201    26.2582 0.0000e+00
 248.876829     32.000  34.545359     7.5266     0.9069     31.730    33.6532    26.2850 0.0000e+00
 248.876851     33.000  34.566097     7.5221     0.7370     32.722    33.6796    26.3064 0.0000e+00
 248.876873     34.000  34.572800     7.5162     0.3509     33.714    33.6920    26.3171 0.0000e+00
 248.876896     35.000  34.582899     7.5080     0.3638     34.705    33.7105    26.3328 0.0000e+00
 248.876920     36.000  34.587462     7.5041     0.3764     35.697    33.7187    26.3398 0.0000e+00
 248.876942     37.000  34.588258     7.5012     0.3744     36.688    33.7219    26.3428 0.0000e+00
 248.876968     38.000  34.589116     7.5000     0.3539     37.679    33.7236    26.3443 0.0000e+00
 248.876991     39.000  34.589939     7.4981     0.3653     38.671    33.7258    26.3463 0.0000e+00
 248.877016     40.000  34.591764     7.4990     0.3734     39.662    33.7264    26.3467 0.0000e+00
 248.877050     41.000  34.595701     7.4977     0.3714     40.654    33.7315    26.3508 0.0000e+00
