data/oxygen options/OCNMS/OCNMS2/raw_data/2014/CAST_HH042_140906faed.cnv
* Sea-Bird SBE19 Data File:
* FileName = C:\2014 Mooring Data\Casts\CAST_HH042_140906.hex
* Software Version 1.59
* Temperature SN = 2997
* Conductivity SN = 2997
* System UpLoad Time = Sep 06 2014 01:23:16
** CAST_HH042_140906
* ds
# nquan = 9                                 
# nvalues = 1332                        
# units = specified
# name 0 = timeJ: Julian Days
# name 1 = prSM: Pressure, Strain Gauge [db]
# name 2 = c0mS/cm: Conductivity [mS/cm]
# name 3 = t090C: Temperature [ITS-90, deg C]
# name 4 = sbeox0ML/L: Oxygen, SBE 43 [ml/l]
# name 5 = depSM: Depth [salt water, m], lat = 47.5
# name 6 = sal00: Salinity, Practical [PSU]
# name 7 = sigma-é00: Density [sigma-theta, kg/m^3]
# name 8 = flag: flag
# span 0 = 249.047616, 249.055318       
# span 1 =     -5.637,     41.086       
# span 2 =   0.454257,  39.351771       
# span 3 =     7.4389,    16.0116       
# span 4 =    -1.7782,    18.6122       
# span 5 =     -5.590,     40.739       
# span 6 =     0.2674,    33.6040       
# span 7 =    -0.8479,    26.2419       
# span 8 = 0.0000e+00, 0.0000e+00       
# interval = seconds: 0.5
# start_time = Sep 06 2014 01:08:34 [Instrument's time stamp, header]
# bad_flag = -9.990e-29
*END*
[from data line 321]
 249.049473     -1.076   0.486604    15.8121     6.6832     -1.067     0.2883    -0.8023 -9.990e-29
 249.049479     -1.073   0.485427    15.8171     6.6843     -1.064     0.2875    -0.8037 -9.990e-29
 249.049485     -1.069   0.483750    15.8222     6.6723     -1.060     0.2864    -0.8053 -9.990e-29
 249.049491     -1.066   0.482118    15.8270     6.6456     -1.057     0.2854    -0.8069 -9.990e-29
 249.049497     -1.062   0.481692    15.8318     6.6515     -1.053     0.2851    -0.8079 -9.990e-29
 249.049502     -1.058   0.483016    15.8360     6.6643     -1.049     0.2859    -0.8080 -9.990e-29
 249.049508     -1.053   0.485074    15.8404     6.6749     -1.044     0.2871    -0.8078 -9.990e-29
 249.049514     -1.046   0.486720    15.8456     6.6822     -1.037     0.2881    -0.8078 -9.990e-29
 249.049520     -1.038   0.487367    15.8498     6.6817     -1.029     0.2885    -0.8082 -9.990e-29
 249.049525     -1.028   0.486767    15.8511     6.6711     -1.019     0.2881    -0.8087 -9.990e-29
 249.049531     -1.015   0.485232    15.8505     6.6695     -1.007     0.2872    -0.8094 -9.990e-29
 249.049537     -0.999   0.483497    15.8508     6.6667     -0.991     0.2861    -0.8102 -9.990e-29
 249.049543     -0.978   0.482585    15.8520     6.6634     -0.970     0.2855    -0.8109 -9.990e-29
 249.049549     -0.959   0.482949    15.8533     6.6654     -0.951     0.2857    -0.8109 -9.990e-29
 249.049554     -0.955   0.483960    15.8551     6.6728     -0.947     0.2863    -0.8107 -9.990e-29
 249.049560     -0.960   0.484743    15.8568     6.6748     -0.952     0.2868    -0.8106 -9.990e-29
 249.049566     -0.962   0.484673    15.8573     6.6753     -0.954     0.2868    -0.8108 -9.990e-29
 249.049572     -0.957   0.483660    15.8578     6.6732     -0.949     0.2861    -0.8113 -9.990e-29
 249.049578     -0.945   0.482020    15.8601     6.6620     -0.937     0.2851    -0.8125 -9.990e-29
 249.049583     -0.930   0.480348    15.8638     6.6597     -0.922     0.2841    -0.8139 -9.990e-29
 249.049589     -0.918   0.479194    15.8696     6.6590     -0.910     0.2833    -0.8154 -9.990e-29
 249.049595     -0.913   0.478688    15.8773     6.6760     -0.905     0.2830    -0.8169 -9.990e-29
 249.049601     -0.915   0.478711    15.8844     6.6838     -0.907     0.2830    -0.8181 -9.990e-29
 249.049606     -0.920   0.478737    15.8885     6.6758     -0.912     0.2829    -0.8187 -9.990e-29
 249.049612     -0.925   0.478245    15.8895     6.6726     -0.917     0.2826    -0.8191 -9.990e-29
 249.049618     -0.928   0.477137    15.8893     6.6574     -0.920     0.2820    -0.8196 -9.990e-29
 249.049624     -0.931   0.475602    15.8893     6.6577     -0.923     0.2810    -0.8204 -9.990e-29
 249.049630     -0.933   0.474374    15.8898     6.6629     -0.925     0.2803    -0.8210 -9.990e-29
 249.049635     -0.935   0.474598    15.8914     6.6655     -0.927     0.2804    -0.8212 -9.990e-29
 249.049641     -0.941   0.476570    15.8933     6.6763     -0.933     0.2816    -0.8206 -9.990e-29
 249.049647     -0.951   0.479030    15.8943     6.6854     -0.943     0.2831    -0.8196 -9.990e-29
 249.049653     -0.958   0.480252    15.8935     6.6864     -0.950     0.2838    -0.8189 -9.990e-29
 249.049659     -0.958   0.479643    15.8903     6.6827     -0.950     0.2835    -0.8186 -9.990e-29
 249.049664     -0.951   0.478059    15.8850     6.6761     -0.943     0.2826    -0.8185 -9.990e-29
 249.049670     -0.940   0.476726    15.8802     6.6636     -0.932     0.2818    -0.8183 -9.990e-29
 249.049676     -0.929   0.476091    15.8757     6.6684     -0.921     0.2814    -0.8179 -9.990e-29
 249.049682     -0.914   0.475861    15.8709     6.6702     -0.906     0.2813    -0.8172 -9.990e-29
 249.049688     -0.892   0.475731    15.8684     6.6715     -0.885     0.2813    -0.8168 -9.990e-29
 249.049693     -0.872   0.475527    15.8698     6.6742     -0.865     0.2811    -0.8171 -9.990e-29
 249.049699     -0.857   0.474980    15.8742     6.6714     -0.850     0.2808    -0.8181 -9.990e-29
 249.049705     -0.845   0.473914    15.8812     6.6798     -0.838     0.2801    -0.8198 -9.990e-29
 249.049711     -0.836   0.472577    15.8902     6.6796     -0.829     0.2792    -0.8219 -9.990e-29
 249.049716     -0.829   0.471409    15.8990     6.6718     -0.822     0.2784    -0.8239 -9.990e-29
 249.049722     -0.823   0.470521    15.9065     6.6676     -0.816     0.2778    -0.8256 -9.990e-29
 249.049728     -0.818   0.469656    15.9121     6.6644     -0.811     0.2773    -0.8270 -9.990e-29
 249.049734     -0.815   0.468773    15.9151     6.6755     -0.808     0.2767    -0.8279 -9.990e-29
 249.049740     -0.812   0.468177    15.9154     6.6823     -0.805     0.2764    -0.8282 -9.990e-29
 249.049745     -0.810   0.468185    15.9131     6.6743     -0.803     0.2764    -0.8278 -9.990e-29
 249.049751     -0.809   0.468622    15.9100     6.6620     -0.802     0.2767    -0.8271 -9.990e-29
 249.049757     -0.807   0.468957    15.9099     6.6562     -0.800     0.2769    -0.8269 -9.990e-29
 249.049763     -0.806   0.469079    15.9134     6.6590     -0.799     0.2769    -0.8274 -9.990e-29
 249.049769     -0.806   0.469148    15.9167     6.6731     -0.799     0.2769    -0.8280 -9.990e-29
 249.049774     -0.805   0.469257    15.9172     6.6808     -0.798     0.2770    -0.8280 -9.990e-29
 249.049780     -0.805   0.469549    15.9142     6.6808     -0.798     0.2772    -0.8274 -9.990e-29
 249.049786     -0.804   0.469856    15.9084     6.6863     -0.797     0.2774    -0.8262 -9.990e-29
 249.049792     -0.804   0.469472    15.9036     6.6841     -0.797     0.2772    -0.8256 -9.990e-29
 249.049797     -0.804   0.468442    15.9026     6.6753     -0.797     0.2766    -0.8259 -9.990e-29
 249.049803     -0.804   0.467617    15.9039     6.6702     -0.797     0.2761    -0.8265 -9.990e-29
 249.049809     -0.803   0.467007    15.9035     6.6657     -0.796     0.2757    -0.8268 -9.990e-29
 249.049815     -0.803   0.466352    15.8996     6.6681     -0.796     0.2754    -0.8264 -9.990e-29
 249.049821     -0.803   0.465889    15.8930     6.6798     -0.796     0.2751    -0.8255 -9.990e-29
 249.049826     -0.803   0.465557    15.8866     6.6814     -0.796     0.2750    -0.8246 -9.990e-29
 249.049832     -0.803   0.464912    15.8840     6.6897     -0.796     0.2746    -0.8245 -9.990e-29
 249.049838     -0.803   0.463648    15.8854     6.6811     -0.796     0.2738    -0.8253 -9.990e-29
 249.049844     -0.803   0.461745    15.8893     6.6757     -0.796     0.2726    -0.8268 -9.990e-29
 249.049850     -0.802   0.459445    15.8953     6.6795     -0.795     0.2712    -0.8289 -9.990e-29
 249.049855     -0.802   0.457573    15.9017     6.6755     -0.795     0.2700    -0.8309 -9.990e-29
 249.049861     -0.802   0.456966    15.9056     6.6769     -0.795     0.2696    -0.8318 -9.990e-29
 249.049867     -0.802   0.457370    15.9063     6.6741     -0.795     0.2699    -0.8317 -9.990e-29
 249.049873     -0.802   0.457655    15.9059     6.6704     -0.795     0.2700    -0.8315 -9.990e-29
 249.049878     -0.801   0.457088    15.9058     6.6721     -0.794     0.2697    -0.8318 -9.990e-29
 249.049884     -0.801   0.456023    15.9065     6.6667     -0.794     0.2690    -0.8324 -9.990e-29
 249.049890     -0.800   0.455262    15.9095     6.6748     -0.793     0.2686    -0.8333 -9.990e-29
 249.049896     -0.799   0.455458    15.9164     6.6790     -0.792     0.2686    -0.8343 -9.990e-29
 249.049902     -0.798   0.456315    15.9296     6.6808     -0.791     0.2691    -0.8361 -9.990e-29
 249.049907     -0.797   0.456751    15.9469     6.6811     -0.790     0.2692    -0.8388 -9.990e-29
 249.049913     -0.795   0.456791    15.9611     6.6770     -0.788     0.2692    -0.8412 -9.990e-29
 249.049919     -0.792   0.457044    15.9683     6.6767     -0.785     0.2693    -0.8423 -9.990e-29
 249.049925     -0.789   0.457288    15.9675     6.6756     -0.782     0.2694    -0.8420 -9.990e-29
 249.049931     -0.785   0.457293    15.9590     6.6676     -0.778     0.2695    -0.8406 -9.990e-29
 249.049936     -0.780   0.457620    15.9459     6.6730     -0.773     0.2698    -0.8382 -9.990e-29
 249.049942     -0.774   0.458702    15.9323     6.6742     -0.768     0.2705    -0.8355 -9.990e-29
 249.049948     -0.765   0.459757    15.9225     6.6759     -0.759     0.2712    -0.8333 -9.990e-29
 249.049954     -0.755   0.459966    15.9200     6.6779     -0.749     0.2713    -0.8328 -9.990e-29
 249.049959     -0.741   0.459607    15.9232     6.6661     -0.735     0.2711    -0.8335 -9.990e-29
 249.049965     -0.723   0.459314    15.9277     6.6721     -0.717     0.2709    -0.8344 -9.990e-29
 249.049971     -0.700   0.459250    15.9324     6.6740     -0.694     0.2708    -0.8352 -9.990e-29
 249.049977     -0.675   0.459326    15.9371     6.6759     -0.669     0.2708    -0.8360 -9.990e-29
 249.049983     -0.654   0.459645    15.9411     6.6767     -0.649     0.2710    -0.8365 -9.990e-29
 249.049988     -0.641   0.460074    15.9446     6.6714     -0.636     0.2713    -0.8369 -9.990e-29
 249.049994     -0.635   0.460072    15.9474     6.6781     -0.630     0.2712    -0.8373 -9.990e-29
 249.050000     -0.635   0.459636    15.9489     6.6794     -0.630     0.2710    -0.8378 -9.990e-29
 249.050006     -0.638   0.459294    15.9500     6.6795     -0.633     0.2707    -0.8381 -9.990e-29
 249.050012     -0.638   0.459145    15.9511     6.6698     -0.633     0.2706    -0.8384 -9.990e-29
 249.050017     -0.641   0.458988    15.9516     6.6704     -0.636     0.2706    -0.8386 -9.990e-29
 249.050023     -0.651   0.458613    15.9519     6.6644     -0.646     0.2703    -0.8388 -9.990e-29
 249.050029     -0.664   0.458075    15.9543     6.6715     -0.658     0.2700    -0.8394 -9.990e-29
 249.050035     -0.672   0.457768    15.9601     6.6671     -0.666     0.2698    -0.8405 -9.990e-29
 249.050041     -0.676   0.457836    15.9677     6.6706     -0.670     0.2697    -0.8418 -9.990e-29
 249.050046     -0.681   0.457815    15.9744     6.6744     -0.675     0.2697    -0.8429 -9.990e-29
 249.050052     -0.682   0.457119    15.9791     6.6810     -0.676     0.2692    -0.8440 -9.990e-29
 249.050058     -0.676   0.455930    15.9823     6.6850     -0.670     0.2685    -0.8451 -9.990e-29
 249.050064     -0.666   0.454884    15.9857     6.6740     -0.660     0.2678    -0.8462 -9.990e-29
 249.050069     -0.660   0.454257    15.9902     6.6703     -0.654     0.2674    -0.8472 -9.990e-29
 249.050075     -0.653   0.454322    15.9945     6.6664     -0.648     0.2675    -0.8479 -9.990e-29
 249.050081     -0.637   0.455719    15.9979     6.6668     -0.632     0.2683    -0.8478 -9.990e-29
 249.050087     -0.618   0.458088    16.0006     6.6701     -0.613     0.2697    -0.8472 -9.990e-29
 249.050093     -0.606   0.460138    16.0019     6.6705     -0.601     0.2709    -0.8465 -9.990e-29
 249.050098     -0.597   0.461821    16.0012     6.6774     -0.592     0.2719    -0.8455 -9.990e-29
 249.050104     -0.593   0.463711    15.9990     6.6785     -0.588     0.2731    -0.8443 -9.990e-29
 249.050110     -0.592   0.464992    15.9966     6.6774     -0.587     0.2739    -0.8433 -9.990e-29
 249.050116     -0.596   0.465146    15.9949     6.6764     -0.591     0.2740    -0.8429 -9.990e-29
 249.050122     -0.603   0.465488    15.9945     6.6751     -0.598     0.2742    -0.8427 -9.990e-29
 249.050127     -0.614   0.467031    15.9964     6.6767     -0.609     0.2751    -0.8423 -9.990e-29
 249.050133     -0.627   0.469607    16.0000     6.6783     -0.622     0.2767    -0.8417 -9.990e-29
 249.050139     -0.632   0.472757    16.0031     6.6695     -0.627     0.2785    -0.8408 -9.990e-29
 249.050145     -0.627   0.475676    16.0053     6.6658     -0.622     0.2803    -0.8398 -9.990e-29
 249.050150     -0.615   0.477805    16.0081     6.6645     -0.610     0.2816    -0.8392 -9.990e-29
 249.050156     -0.603   0.480316    16.0111     6.6650     -0.598     0.2831    -0.8386 -9.990e-29
 249.050162     -0.596   0.484329    16.0116     6.6764     -0.591     0.2855    -0.8368 -9.990e-29
 249.050168     -0.593   0.488524    16.0065     6.6859     -0.588     0.2881    -0.8340 -9.990e-29
 249.050174     -0.589   0.491264    15.9969     6.6901     -0.584     0.2898    -0.8311 -9.990e-29
 249.050179     -0.580   0.492865    15.9874     6.6833     -0.575     0.2908    -0.8287 -9.990e-29
 249.050185     -0.570   0.494348    15.9824     6.6773     -0.565     0.2918    -0.8272 -9.990e-29
 249.050191     -0.562   0.496021    15.9845     6.6735     -0.557     0.2928    -0.8267 -9.990e-29
 249.050197     -0.556   0.498447    15.9914     6.6752     -0.551     0.2942    -0.8268 -9.990e-29
 249.050203     -0.551   0.502635    15.9990     6.6808     -0.546     0.2967    -0.8261 -9.990e-29
 249.050208     -0.547   0.508051    16.0045     6.6824     -0.542     0.2999    -0.8245 -9.990e-29
 249.050214     -0.544   0.512465    16.0056     6.6913     -0.539     0.3026    -0.8226 -9.990e-29
 249.050220     -0.542   0.514532    16.0008     6.7029     -0.537     0.3039    -0.8208 -9.990e-29
 249.050226     -0.540   0.515339    15.9897     6.7053     -0.535     0.3045    -0.8185 -9.990e-29
 249.050231     -0.539   0.516517    15.9766     6.6969     -0.535     0.3053    -0.8158 -9.990e-29
 249.050237     -0.538   0.518524    15.9668     6.6901     -0.534     0.3066    -0.8132 -9.990e-29
 249.050243     -0.537   0.521255    15.9611     6.6777     -0.533     0.3083    -0.8109 -9.990e-29
 249.050249     -0.536   0.524456    15.9552     6.6773     -0.532     0.3103    -0.8084 -9.990e-29
 249.050255     -0.536   0.527947    15.9459     6.6805     -0.532     0.3125    -0.8052 -9.990e-29
 249.050260     -0.535   0.531932    15.9349     6.6821     -0.531     0.3150    -0.8015 -9.990e-29
 249.050266     -0.535   0.536166    15.9241     6.6856     -0.531     0.3177    -0.7977 -9.990e-29
 249.050272     -0.535   0.539619    15.9141     6.6945     -0.531     0.3199    -0.7944 -9.990e-29
 249.050278     -0.535   0.541892    15.9063     6.6881     -0.531     0.3213    -0.7920 -9.990e-29
 249.050284     -0.535   0.543233    15.9007     6.6861     -0.531     0.3222    -0.7904 -9.990e-29
 249.050289     -0.534   0.543759    15.8983     6.6826     -0.530     0.3225    -0.7898 -9.990e-29
 249.050295     -0.534   0.544172    15.8995     6.6808     -0.530     0.3227    -0.7898 -9.990e-29
 249.050301     -0.534   0.545578    15.9019     6.6916     -0.530     0.3236    -0.7895 -9.990e-29
 249.050307     -0.534   0.548182    15.9041     6.6934     -0.530     0.3252    -0.7887 -9.990e-29
 249.050312     -0.534   0.551006    15.9056     6.6933     -0.530     0.3269    -0.7876 -9.990e-29
 249.050318     -0.534   0.552810    15.9053     6.6920     -0.530     0.3280    -0.7867 -9.990e-29
 249.050324     -0.534   0.553217    15.9041     6.6889     -0.530     0.3282    -0.7863 -9.990e-29
 249.050330     -0.535   0.552771    15.9047     6.6953     -0.531     0.3280    -0.7866 -9.990e-29
 249.050336     -0.535   0.552545    15.9080     6.6885     -0.531     0.3278    -0.7873 -9.990e-29
 249.050341     -0.535   0.553346    15.9127     6.6870     -0.531     0.3283    -0.7877 -9.990e-29
 249.050347     -0.535   0.554574    15.9165     6.6847     -0.531     0.3290    -0.7877 -9.990e-29
 249.050353     -0.536   0.555084    15.9188     6.6821     -0.532     0.3293    -0.7879 -9.990e-29
 249.050359     -0.536   0.555000    15.9198     6.6927     -0.532     0.3292    -0.7881 -9.990e-29
 249.050365     -0.537   0.555321    15.9193     6.6865     -0.533     0.3294    -0.7878 -9.990e-29
 249.050370     -0.538   0.556473    15.9181     6.6918     -0.534     0.3301    -0.7871 -9.990e-29
 249.050376     -0.539   0.557766    15.9186     6.6923     -0.535     0.3309    -0.7866 -9.990e-29
 249.050382     -0.540   0.558143    15.9222     6.6899     -0.535     0.3311    -0.7870 -9.990e-29
 249.050388     -0.542   0.557550    15.9262     6.6914     -0.537     0.3307    -0.7880 -9.990e-29
