data/oxygen options/OCNMS/OCNMS1/raw_data/2007/CTD_CA015_052907faed.cnv
* Sea-Bird SBE19 Data File:
* FileName = C:\2007_mooring_data\CTD_CA015_052907.hex
* Software Version 1.1.6
* Temperature SN = 2997
* Conductivity SN = 2997
* System UpLoad Time = May 29 2007 17:36:08
* SEACAT PROFILER V3.1c SN 2997   05/29/07  17:35:37.458
* strain gauge pressure sensor: S/N = 184829,  range = 3000 psia,  tc = 40
# nquan = 9                                 
# nvalues = 1306                        
# units = specified
# name 0 = timeJ: Julian Days
# name 1 = prSM: Pressure, Strain Gauge [db]
# name 2 = c0mS/cm: Conductivity [mS/cm]
# name 3 = t090C: Temperature [ITS-90, deg C]
# name 4 = oxML/L: Oxygen, Beckman/YSI [ml/l]
# name 5 = depSM: Depth [salt water, m], lat = 47.5
# name 6 = sal00: Salinity, Practical [PSU]
# name 7 = sigma-é00: Density [sigma-theta, kg/m^3]
# name 8 = flag: flag
# span 0 = 149.711921, 149.719473       
# span 1 =     -5.467,     17.510       
# span 2 =   0.176887,  36.907526       
# span 3 =     7.7208,    15.3580       
# span 4 =   -0.06804,   33.29692       
# span 5 =     -5.421,     17.363       
# span 6 =     0.1047,    33.2936       
# span 7 =    -0.8708,    25.9720       
# span 8 = 0.0000e+00, 0.0000e+00       
# interval = seconds: 0.5
# start_time = May 29 2007 17:05:10 [Instrument's time stamp, header]
# bad_flag = -9.990e-29
*END*
[from data line 161]
 149.712853     -1.175  36.426298    10.9988   15.91393     -1.165    32.4013    24.7527 -9.990e-29
 149.712859     -1.164  36.389269    11.0014   15.02609     -1.154    32.3624    24.7220 -9.990e-29
 149.712865     -1.156  36.372570    11.0051   10.22955     -1.146    32.3426    24.7059 -9.990e-29
 149.712870     -1.148  36.371894    11.0076    6.83065     -1.138    32.3398    24.7032 -9.990e-29
 149.712876     -1.142  36.373463    11.0057    5.16082     -1.132    32.3430    24.7061 -9.990e-29
 149.712882     -1.136  36.369860    11.0002    5.44379     -1.127    32.3443    24.7081 -9.990e-29
 149.712888     -1.131  36.362467    10.9957    7.28424     -1.122    32.3409    24.7062 -9.990e-29
 149.712894     -1.125  36.359385    10.9963    8.15454     -1.116    32.3373    24.7034 -9.990e-29
 149.712899     -1.119  36.363809    10.9999    8.61466     -1.110    32.3385    24.7037 -9.990e-29
 149.712905     -1.107  36.368199    11.0001    8.90248     -1.098    32.3427    24.7069 -9.990e-29
 149.712911     -1.086  36.366096    10.9961    9.08204     -1.077    32.3441    24.7087 -9.990e-29
 149.712917     -1.061  36.359199    10.9939    9.18978     -1.052    32.3393    24.7053 -9.990e-29
 149.712922     -1.041  36.354589    10.9970    9.27176     -1.032    32.3320    24.6990 -9.990e-29
 149.712928     -1.023  36.357347    11.0017    9.33579     -1.014    32.3305    24.6971 -9.990e-29
 149.712934     -1.006  36.363321    11.0054    9.37075     -0.998    32.3332    24.6985 -9.990e-29
 149.712940     -0.991  36.368161    11.0093    9.39323     -0.983    32.3345    24.6989 -9.990e-29
 149.712946     -0.979  36.372172    11.0123    9.40678     -0.971    32.3358    24.6994 -9.990e-29
 149.712951     -0.970  36.374556    11.0129    9.40604     -0.962    32.3377    24.7007 -9.990e-29
 149.712957     -0.959  36.375705    11.0133    9.41889     -0.951    32.3384    24.7012 -9.990e-29
 149.712963     -0.950  36.377171    11.0157    9.40579     -0.942    32.3378    24.7003 -9.990e-29
 149.712969     -0.947  36.379805    11.0188    9.37665     -0.939    32.3376    24.6996 -9.990e-29
 149.712975     -0.949  36.383213    11.0195    9.36407     -0.941    32.3404    24.7016 -9.990e-29
 149.712980     -0.956  36.384668    11.0178    9.34432     -0.948    32.3433    24.7042 -9.990e-29
 149.712986     -0.966  36.383888    11.0164    9.33354     -0.958    32.3438    24.7048 -9.990e-29
 149.712992     -0.968  36.383216    11.0150    9.30403     -0.960    32.3444    24.7055 -9.990e-29
 149.712998     -0.961  36.379530    11.0092    9.29488     -0.953    32.3458    24.7077 -9.990e-29
 149.713003     -0.947  36.367937    10.9977    9.30180     -0.939    32.3445    24.7087 -9.990e-29
 149.713009     -0.933  36.351497    10.9860    9.31358     -0.925    32.3385    24.7061 -9.990e-29
 149.713015     -0.924  36.340823    10.9818    9.34947     -0.916    32.3317    24.7015 -9.990e-29
 149.713021     -0.920  36.344124    10.9859    9.34971     -0.912    32.3313    24.7005 -9.990e-29
 149.713027     -0.918  36.355725    10.9925    9.33794     -0.910    32.3370    24.7037 -9.990e-29
 149.713032     -0.916  36.365324    10.9976    9.32344     -0.908    32.3420    24.7067 -9.990e-29
 149.713038     -0.908  36.371163    10.9995    9.31400     -0.900    32.3461    24.7096 -9.990e-29
 149.713044     -0.900  36.368154    10.9980    9.30790     -0.892    32.3444    24.7086 -9.990e-29
 149.713050     -0.893  36.356787    10.9971    9.30550     -0.886    32.3340    24.7006 -9.990e-29
 149.713056     -0.888  36.353321    10.9971    9.30008     -0.881    32.3305    24.6979 -9.990e-29
 149.713061     -0.881  36.358197    10.9933    9.29160     -0.874    32.3387    24.7049 -9.990e-29
 149.713067     -0.867  36.358315    10.9850    9.29826     -0.860    32.3461    24.7122 -9.990e-29
 149.713073     -0.848  36.351045    10.9772    9.30370     -0.841    32.3458    24.7133 -9.990e-29
 149.713079     -0.829  36.342971    10.9748    9.31257     -0.822    32.3399    24.7091 -9.990e-29
 149.713084     -0.811  36.341283    10.9770    9.31843     -0.804    32.3363    24.7059 -9.990e-29
 149.713090     -0.799  36.345430    10.9814    9.33008     -0.792    32.3365    24.7053 -9.990e-29
 149.713096     -0.787  36.350866    10.9864    9.33457     -0.780    32.3375    24.7052 -9.990e-29
 149.713102     -0.774  36.355889    10.9898    9.33311     -0.768    32.3395    24.7062 -9.990e-29
 149.713108     -0.764  36.359926    10.9897    9.33192     -0.758    32.3435    24.7093 -9.990e-29
 149.713113     -0.752  36.359970    10.9861    9.32133     -0.746    32.3468    24.7125 -9.990e-29
 149.713119     -0.738  36.354980    10.9827    9.32979     -0.732    32.3448    24.7116 -9.990e-29
 149.713125     -0.728  36.349533    10.9832    9.32632     -0.722    32.3390    24.7069 -9.990e-29
 149.713131     -0.726  36.348156    10.9864    9.31956     -0.720    32.3348    24.7031 -9.990e-29
 149.713137     -0.729  36.350710    10.9877    9.31246     -0.723    32.3362    24.7040 -9.990e-29
 149.713142     -0.728  36.352773    10.9846    9.30047     -0.722    32.3410    24.7082 -9.990e-29
 149.713148     -0.722  36.350388    10.9801    9.30376     -0.716    32.3426    24.7103 -9.990e-29
 149.713154     -0.720  36.345438    10.9787    9.30979     -0.714    32.3389    24.7077 -9.990e-29
 149.713160     -0.722  36.344234    10.9802    9.30787     -0.716    32.3364    24.7054 -9.990e-29
 149.713166     -0.720  36.347432    10.9803    9.31163     -0.714    32.3395    24.7078 -9.990e-29
 149.713171     -0.708  36.348662    10.9772    9.31162     -0.702    32.3434    24.7114 -9.990e-29
 149.713177     -0.691  36.344538    10.9740    9.32699     -0.685    32.3421    24.7110 -9.990e-29
 149.713183     -0.675  36.338550    10.9746    9.34982     -0.669    32.3357    24.7059 -9.990e-29
 149.713189     -0.665  36.337866    10.9786    9.36820     -0.659    32.3315    24.7019 -9.990e-29
 149.713194     -0.659  36.343272    10.9822    9.36790     -0.654    32.3336    24.7030 -9.990e-29
 149.713200     -0.657  36.348542    10.9829    9.35517     -0.652    32.3382    24.7064 -9.990e-29
 149.713206     -0.656  36.350631    10.9818    9.34775     -0.651    32.3413    24.7090 -9.990e-29
 149.713212     -0.649  36.350101    10.9808    9.34834     -0.644    32.3416    24.7094 -9.990e-29
 149.713218     -0.637  36.347385    10.9804    9.35858     -0.632    32.3393    24.7077 -9.990e-29
 149.713223     -0.620  36.344486    10.9806    9.37283     -0.615    32.3362    24.7053 -9.990e-29
 149.713229     -0.600  36.344283    10.9813    9.38276     -0.595    32.3354    24.7045 -9.990e-29
 149.713235     -0.581  36.345965    10.9816    9.38155     -0.576    32.3368    24.7055 -9.990e-29
 149.713241     -0.560  36.347307    10.9814    9.37991     -0.555    32.3383    24.7067 -9.990e-29
 149.713247     -0.542  36.348435    10.9818    9.37400     -0.537    32.3390    24.7072 -9.990e-29
 149.713252     -0.533  36.350309    10.9831    9.37277     -0.529    32.3398    24.7076 -9.990e-29
 149.713258     -0.534  36.352083    10.9842    9.38690     -0.530    32.3405    24.7080 -9.990e-29
 149.713264     -0.534  36.352215    10.9849    9.38745     -0.530    32.3401    24.7075 -9.990e-29
 149.713270     -0.531  36.352023    10.9857    9.38679     -0.527    32.3392    24.7066 -9.990e-29
 149.713275     -0.524  36.352952    10.9857    9.37554     -0.520    32.3401    24.7073 -9.990e-29
 149.713281     -0.513  36.352893    10.9851    9.36026     -0.509    32.3405    24.7078 -9.990e-29
 149.713287     -0.496  36.351228    10.9863    9.34588     -0.492    32.3378    24.7055 -9.990e-29
 149.713293     -0.477  36.350799    10.9889    9.33295     -0.473    32.3351    24.7029 -9.990e-29
 149.713299     -0.464  36.352172    10.9891    9.33716     -0.460    32.3363    24.7038 -9.990e-29
 149.713304     -0.456  36.351590    10.9859    9.33503     -0.452    32.3385    24.7061 -9.990e-29
 149.713310     -0.447  36.347175    10.9818    9.34165     -0.443    32.3378    24.7062 -9.990e-29
 149.713316     -0.438  36.342591    10.9794    9.35680     -0.434    32.3353    24.7048 -9.990e-29
 149.713322     -0.427  36.341273    10.9793    9.35889     -0.423    32.3341    24.7038 -9.990e-29
 149.713328     -0.418  36.343163    10.9804    9.35553     -0.415    32.3350    24.7043 -9.990e-29
 149.713333     -0.411  36.345753    10.9812    9.34546     -0.408    32.3369    24.7056 -9.990e-29
 149.713339     -0.401  36.346907    10.9798    9.32983     -0.398    32.3392    24.7077 -9.990e-29
 149.713345     -0.392  36.346491    10.9760    9.32223     -0.389    32.3422    24.7107 -9.990e-29
 149.713351     -0.387  36.343959    10.9730    9.31796     -0.384    32.3423    24.7113 -9.990e-29
 149.713356     -0.386  36.340985    10.9725    9.30947     -0.383    32.3398    24.7095 -9.990e-29
 149.713362     -0.389  36.341457    10.9731    9.31274     -0.386    32.3397    24.7093 -9.990e-29
 149.713368     -0.396  36.343202    10.9745    9.31869     -0.393    32.3402    24.7095 -9.990e-29
 149.713374     -0.404  36.342382    10.9756    9.32743     -0.401    32.3385    24.7079 -9.990e-29
 149.713380     -0.408  36.341271    10.9748    9.32729     -0.405    32.3381    24.7077 -9.990e-29
 149.713385     -0.409  36.341192    10.9727    9.31115     -0.406    32.3398    24.7095 -9.990e-29
 149.713391     -0.402  36.340363    10.9703    9.30171     -0.399    32.3411    24.7109 -9.990e-29
 149.713397     -0.387  36.337680    10.9677    9.30866     -0.384    32.3408    24.7111 -9.990e-29
 149.713403     -0.372  36.333490    10.9664    9.30763     -0.369    32.3378    24.7089 -9.990e-29
 149.713409     -0.360  36.332858    10.9683    9.30986     -0.357    32.3355    24.7068 -9.990e-29
 149.713414     -0.351  36.337187    10.9711    9.31726     -0.348    32.3373    24.7077 -9.990e-29
 149.713420     -0.343  36.339356    10.9711    9.31948     -0.340    32.3394    24.7094 -9.990e-29
 149.713426     -0.336  36.337216    10.9692    9.33058     -0.333    32.3390    24.7094 -9.990e-29
 149.713432     -0.330  36.335765    10.9677    9.34959     -0.327    32.3389    24.7096 -9.990e-29
 149.713438     -0.324  36.336434    10.9669    9.36282     -0.321    32.3402    24.7108 -9.990e-29
 149.713443     -0.319  36.336192    10.9674    9.36614     -0.316    32.3395    24.7101 -9.990e-29
 149.713449     -0.313  36.335838    10.9708    9.36597     -0.310    32.3362    24.7069 -9.990e-29
 149.713455     -0.306  36.338266    10.9747    9.36489     -0.303    32.3351    24.7055 -9.990e-29
 149.713461     -0.298  36.341110    10.9749    9.35960     -0.296    32.3378    24.7075 -9.990e-29
 149.713466     -0.289  36.339755    10.9719    9.36541     -0.287    32.3391    24.7090 -9.990e-29
 149.713472     -0.277  36.335202    10.9696    9.36277     -0.275    32.3366    24.7075 -9.990e-29
 149.713478     -0.266  36.333715    10.9697    9.35118     -0.264    32.3350    24.7062 -9.990e-29
 149.713484     -0.261  36.336676    10.9702    9.34921     -0.259    32.3375    24.7081 -9.990e-29
 149.713490     -0.256  36.339064    10.9694    9.35026     -0.254    32.3406    24.7106 -9.990e-29
 149.713495     -0.246  36.338461    10.9681    9.37036     -0.244    32.3411    24.7113 -9.990e-29
 149.713501     -0.235  36.335747    10.9678    9.38209     -0.233    32.3387    24.7094 -9.990e-29
 149.713507     -0.232  36.334033    10.9684    9.39844     -0.230    32.3365    24.7076 -9.990e-29
 149.713513     -0.236  36.334960    10.9690    9.41737     -0.234    32.3369    24.7078 -9.990e-29
 149.713519     -0.239  36.335839    10.9692    9.41939     -0.237    32.3376    24.7083 -9.990e-29
 149.713524     -0.236  36.336165    10.9697    9.43153     -0.234    32.3374    24.7081 -9.990e-29
 149.713530     -0.231  36.336937    10.9713    9.43082     -0.229    32.3368    24.7073 -9.990e-29
 149.713536     -0.230  36.338625    10.9735    9.42831     -0.228    32.3365    24.7067 -9.990e-29
 149.713542     -0.227  36.341239    10.9757    9.43574     -0.225    32.3372    24.7069 -9.990e-29
 149.713547     -0.217  36.344341    10.9772    9.43758     -0.215    32.3389    24.7079 -9.990e-29
 149.713553     -0.205  36.345905    10.9773    9.44382     -0.203    32.3404    24.7091 -9.990e-29
 149.713559     -0.198  36.344656    10.9762    9.44605     -0.196    32.3401    24.7090 -9.990e-29
 149.713565     -0.196  36.343974    10.9750    9.43468     -0.194    32.3405    24.7096 -9.990e-29
 149.713571     -0.191  36.344636    10.9745    9.42041     -0.189    32.3416    24.7105 -9.990e-29
 149.713576     -0.176  36.344723    10.9746    9.40617     -0.175    32.3416    24.7105 -9.990e-29
 149.713582     -0.157  36.343792    10.9748    9.40241     -0.156    32.3405    24.7096 -9.990e-29
 149.713588     -0.140  36.342287    10.9749    9.40990     -0.139    32.3389    24.7083 -9.990e-29
 149.713594     -0.128  36.341564    10.9753    9.40767     -0.127    32.3378    24.7074 -9.990e-29
 149.713600     -0.121  36.342343    10.9764    9.40433     -0.120    32.3376    24.7071 -9.990e-29
 149.713605     -0.118  36.343425    10.9773    9.39512     -0.117    32.3379    24.7071 -9.990e-29
 149.713611     -0.119  36.342328    10.9766    9.38770     -0.118    32.3374    24.7069 -9.990e-29
 149.713617     -0.124  36.338715    10.9741    9.39785     -0.123    32.3360    24.7063 -9.990e-29
 149.713623     -0.134  36.334497    10.9722    9.39630     -0.133    32.3335    24.7046 -9.990e-29
 149.713628     -0.144  36.332463    10.9723    9.40638     -0.143    32.3315    24.7030 -9.990e-29
 149.713634     -0.147  36.334386    10.9732    9.40631     -0.146    32.3326    24.7037 -9.990e-29
 149.713640     -0.139  36.337227    10.9735    9.40232     -0.138    32.3351    24.7056 -9.990e-29
 149.713646     -0.123  36.338051    10.9732    9.39435     -0.122    32.3362    24.7065 -9.990e-29
 149.713652     -0.108  36.337958    10.9732    9.39221     -0.107    32.3361    24.7064 -9.990e-29
 149.713657     -0.096  36.337945    10.9738    9.39010     -0.095    32.3355    24.7059 -9.990e-29
 149.713663     -0.086  36.337999    10.9747    9.38434     -0.085    32.3348    24.7052 -9.990e-29
 149.713669     -0.078  36.338192    10.9755    9.37775     -0.077    32.3343    24.7046 -9.990e-29
 149.713675     -0.072  36.338784    10.9755    9.35484     -0.071    32.3349    24.7051 -9.990e-29
 149.713681     -0.067  36.338885    10.9730    9.34789     -0.066    32.3372    24.7073 -9.990e-29
 149.713686     -0.062  36.336391    10.9700    9.35385     -0.061    32.3373    24.7080 -9.990e-29
 149.713692     -0.058  36.333022    10.9705    9.34647     -0.058    32.3336    24.7050 -9.990e-29
 149.713698     -0.055  36.333260    10.9743    9.34719     -0.055    32.3304    24.7019 -9.990e-29
 149.713704     -0.051  36.336302    10.9767    9.34944     -0.051    32.3313    24.7021 -9.990e-29
 149.713709     -0.047  36.337796    10.9752    9.35350     -0.047    32.3341    24.7046 -9.990e-29
 149.713715     -0.042  36.335814    10.9727    9.36860     -0.042    32.3344    24.7052 -9.990e-29
 149.713721     -0.037  36.332761    10.9727    9.38704     -0.037    32.3313    24.7029 -9.990e-29
 149.713727     -0.030  36.332976    10.9743    9.39664     -0.030    32.3301    24.7016 -9.990e-29
 149.713733     -0.022  36.335627    10.9752    9.41189     -0.022    32.3320    24.7029 -9.990e-29
 149.713738     -0.012  36.336964    10.9754    9.42379     -0.012    32.3331    24.7038 -9.990e-29
 149.713744     -0.004  36.337090    10.9758    9.43097     -0.004    32.3329    24.7035 -9.990e-29
 149.713750     -0.000  36.337295    10.9756    9.43259     -0.000    32.3333    24.7038 -9.990e-29
 149.713756      0.002  36.337295    10.9742    9.43214      0.002    32.3345    24.7050 -9.990e-29
 149.713762      0.008  36.337091    10.9730    9.43877      0.008    32.3353    24.7059 -9.990e-29
 149.713767      0.019  36.336976    10.9735    9.44412      0.019    32.3348    24.7054 -9.990e-29
