data/oxygen options/OCNMS/OCNMS1/raw_data/2007/CTD_MB042_071007faedb.cnv
* Sea-Bird SBE19 Data File:
* FileName = C:\2007_mooring_data\CTD_MB042_071007.hex
* Software Version 1.1.6
* Temperature SN = 2997
* Conductivity SN = 2997
* System UpLoad Time = Jul 10 2007 11:40:20
* SEACAT PROFILER V3.1c SN 2997   07/10/07  11:40:00.722
* strain gauge pressure sensor: S/N = 184829,  range = 3000 psia,  tc = 40
# nquan = 9
# nvalues = 39                          
# units = specified
# name 0 = timeJ: Julian Days
# name 1 = prSM: Pressure, Strain Gauge [db]
# name 2 = c0mS/cm: Conductivity [mS/cm]
# name 3 = t090C: Temperature [ITS-90, deg C]
# name 4 = oxML/L: Oxygen, Beckman/YSI [ml/l]
# name 5 = depSM: Depth [salt water, m], lat = 47.5
# name 6 = sal00: Salinity, Practical [PSU]
# name 7 = sigma-é00: Density [sigma-theta, kg/m^3]
# name 8 = flag: flag
# span 0 = 191.445565, 191.446026       
# span 1 =      2.000,     40.000       
# span 2 =  33.859011,  36.284925       
# span 3 =     6.5574,    10.5215       
# span 4 =    1.97129,    4.42054       
# span 5 =      1.983,     39.663       
# span 6 =    32.6840,    33.8540       
# span 7 =    25.0565,    26.5755       
# span 8 = 0.0000e+00, 0.0000e+00       
# interval = decibars: 1                
# start_time = Jul 10 2007 10:38:00 [Instrument's time stamp, header]
# bad_flag = -9.990e-29
*END*
 191.445565      2.000  36.284925    10.5215    4.42054      1.983    32.6840    25.0565 0.0000e+00
 191.445585      3.000  35.300412     8.9536    3.27770      2.975    33.1115    25.6463 0.0000e+00
 191.445600      4.000  34.642038     8.0506    2.96242      3.967    33.2675    25.9062 0.0000e+00
 191.445612      5.000  34.458574     7.6638    2.85678      4.958    33.4398    26.0975 0.0000e+00
 191.445624      6.000  34.347253     7.4859    2.82923      5.950    33.4906    26.1627 0.0000e+00
 191.445636      7.000  34.313336     7.4329    2.82239      6.942    33.5046    26.1812 0.0000e+00
 191.445646      8.000  34.291566     7.3894    2.77887      7.933    33.5228    26.2015 0.0000e+00
 191.445658      9.000  34.259182     7.3285    2.74626      8.924    33.5460    26.2283 0.0000e+00
 191.445669     10.000  34.226027     7.2712    2.67269      9.916    33.5652    26.2514 0.0000e+00
 191.445679     11.000  34.196604     7.2148    2.61731     10.908    33.5874    26.2767 0.0000e+00
 191.445690     12.000  34.176068     7.1769    2.55515     11.900    33.6014    26.2930 0.0000e+00
 191.445701     13.000  34.156826     7.1191    2.49872     12.891    33.6363    26.3284 0.0000e+00
 191.445711     14.000  34.116948     7.0494    2.45930     13.883    33.6602    26.3568 0.0000e+00
 191.445721     15.000  34.088188     7.0006    2.43320     14.874    33.6758    26.3759 0.0000e+00
 191.445730     16.000  34.072263     6.9755    2.41047     15.866    33.6825    26.3846 0.0000e+00
 191.445740     17.000  34.061990     6.9582    2.37167     16.858    33.6877    26.3910 0.0000e+00
 191.445750     18.000  34.050279     6.9344    2.31972     17.849    33.6977    26.4021 0.0000e+00
 191.445760     19.000  34.028483     6.8938    2.26963     18.841    33.7131    26.4197 0.0000e+00
 191.445770     20.000  34.006313     6.8477    2.20649     19.832    33.7334    26.4420 0.0000e+00
 191.445779     21.000  33.979953     6.7842    2.12932     20.824    33.7664    26.4765 0.0000e+00
 191.445788     22.000  33.944703     6.7056    2.09375     21.815    33.8045    26.5170 0.0000e+00
 191.445798     23.000  33.909551     6.6423    2.06916     22.807    33.8277    26.5437 0.0000e+00
 191.445807     24.000  33.891645     6.6184    2.05284     23.798    33.8310    26.5494 0.0000e+00
 191.445818     25.000  33.885346     6.6028    2.04788     24.790    33.8390    26.5579 0.0000e+00
 191.445829     26.000  33.874026     6.5843    2.02975     25.781    33.8442    26.5645 0.0000e+00
 191.445839     27.000  33.865935     6.5727    2.02194     26.773    33.8462    26.5676 0.0000e+00
 191.445851     28.000  33.865538     6.5716    2.02585     27.764    33.8463    26.5678 0.0000e+00
 191.445862     29.000  33.864354     6.5703    2.02294     28.756    33.8459    26.5676 0.0000e+00
 191.445874     30.000  33.859985     6.5646    2.00964     29.747    33.8462    26.5687 0.0000e+00
 191.445884     31.000  33.859011     6.5623    2.01587     30.739    33.8469    26.5695 0.0000e+00
 191.445895     32.000  33.859777     6.5630    2.01492     31.731    33.8465    26.5691 0.0000e+00
 191.445906     33.000  33.859811     6.5622    2.00086     32.722    33.8468    26.5695 0.0000e+00
 191.445917     34.000  33.861074     6.5604    1.99906     33.714    33.8495    26.5719 0.0000e+00
 191.445928     35.000  33.861478     6.5598    1.99636     34.705    33.8501    26.5724 0.0000e+00
 191.445939     36.000  33.862106     6.5603    1.99304     35.697    33.8498    26.5721 0.0000e+00
 191.445951     37.000  33.862093     6.5596    1.97351     36.688    33.8500    26.5724 0.0000e+00
 191.445964     38.000  33.862412     6.5582    1.98903     37.679    33.8512    26.5735 0.0000e+00
 191.445978     39.000  33.863140     6.5574    1.99904     38.671    33.8524    26.5745 0.0000e+00
 191.446026     40.000  33.867842     6.5604    1.97129     39.663    33.8540    26.5755 0.0000e+00
