data/oxygen options/OCNMS/OCNMS1/raw_data/2007/CTD_MB042_091007faed.cnv
* Sea-Bird SBE19 Data File:
* FileName = C:\2007_mooring_data\CTD_MB042_091007.hex
* Software Version 1.20
* Temperature SN = 2997
* Conductivity SN = 2997
* System UpLoad Time = Sep 10 2007 12:50:30
* SEACAT PROFILER V3.1c SN 2997   09/10/07  12:50:03.094
* strain gauge pressure sensor: S/N = 184829,  range = 3000 psia,  tc = 40
# nquan = 9                                 
# nvalues = 1917                        
# units = specified
# name 0 = timeJ: Julian Days
# name 1 = prSM: Pressure, Strain Gauge [db]
# name 2 = c0mS/cm: Conductivity [mS/cm]
# name 3 = t090C: Temperature [ITS-90, deg C]
# name 4 = oxML/L: Oxygen, Beckman/YSI [ml/l]
# name 5 = depSM: Depth [salt water, m], lat = 47.5
# name 6 = sal00: Salinity, Practical [PSU]
# name 7 = sigma-é00: Density [sigma-theta, kg/m^3]
# name 8 = flag: flag
# span 0 = 253.510278, 253.521366       
# span 1 =     -5.666,     44.434       
# span 2 =   0.035509,  37.829035       
# span 3 =     7.2897,    20.9472       
# span 4 =   -1.43993,   31.40090       
# span 5 =     -5.619,     44.058       
# span 6 =     0.0240,    33.7748       
# span 7 =    -1.9754,    26.3726       
# span 8 = 0.0000e+00, 0.0000e+00       
# interval = seconds: 0.5
# start_time = Sep 10 2007 12:14:48 [Instrument's time stamp, header]
# bad_flag = -9.990e-29
*END*
[from data line 321]
 253.512135      0.398  36.426443    11.0436    5.71682      0.395    32.3613    24.7137 -9.990e-29
 253.512141      0.407  36.419931    11.0427    5.73064      0.404    32.3557    24.7095 -9.990e-29
 253.512147      0.416  36.412093    11.0470    5.75275      0.413    32.3441    24.6997 -9.990e-29
 253.512153      0.420  36.415431    11.0467    5.75155      0.416    32.3477    24.7026 -9.990e-29
 253.512159      0.420  36.415884    11.0306    5.73930      0.416    32.3623    24.7168 -9.990e-29
 253.512164      0.420  36.391063    11.0095    5.72084      0.416    32.3564    24.7159 -9.990e-29
 253.512170      0.424  36.354366    11.0084    5.72361      0.420    32.3211    24.6886 -9.990e-29
 253.512176      0.433  36.349864    11.0263    5.73694      0.429    32.3009    24.6697 -9.990e-29
 253.512182      0.448  36.376010    11.0419    5.74604      0.444    32.3130    24.6764 -9.990e-29
 253.512188      0.464  36.400961    11.0448    5.75058      0.460    32.3351    24.6931 -9.990e-29
 253.512193      0.479  36.414259    11.0337    5.73569      0.475    32.3580    24.7128 -9.990e-29
 253.512199      0.493  36.406160    11.0145    5.73760      0.489    32.3669    24.7232 -9.990e-29
 253.512205      0.509  36.378172    11.0063    5.73548      0.505    32.3464    24.7087 -9.990e-29
 253.512211      0.521  36.363005    11.0171    5.73914      0.517    32.3219    24.6877 -9.990e-29
 253.512216      0.527  36.376275    11.0309    5.75232      0.523    32.3229    24.6860 -9.990e-29
 253.512222      0.527  36.394746    11.0349    5.73556      0.523    32.3376    24.6968 -9.990e-29
 253.512228      0.521  36.403240    11.0326    5.73483      0.517    32.3480    24.7053 -9.990e-29
 253.512234      0.513  36.404101    11.0308    5.72477      0.509    32.3505    24.7075 -9.990e-29
 253.512240      0.507  36.403501    11.0293    5.71583      0.503    32.3512    24.7083 -9.990e-29
 253.512245      0.503  36.403421    11.0250    5.72080      0.499    32.3549    24.7120 -9.990e-29
 253.512251      0.500  36.400374    11.0165    5.72874      0.496    32.3594    24.7170 -9.990e-29
 253.512257      0.497  36.392517    11.0041    5.73418      0.493    32.3625    24.7216 -9.990e-29
 253.512263      0.496  36.380000    10.9934    5.73204      0.492    32.3596    24.7212 -9.990e-29
 253.512269      0.495  36.370211    10.9918    5.72691      0.491    32.3513    24.7151 -9.990e-29
 253.512274      0.494  36.369128    10.9978    5.70328      0.490    32.3450    24.7091 -9.990e-29
 253.512280      0.495  36.371920    11.0046    5.70065      0.491    32.3417    24.7053 -9.990e-29
 253.512286      0.495  36.375566    11.0105    5.70837      0.491    32.3402    24.7031 -9.990e-29
 253.512292      0.497  36.383228    11.0167    5.71410      0.493    32.3423    24.7036 -9.990e-29
 253.512297      0.499  36.393895    11.0216    5.72680      0.495    32.3485    24.7076 -9.990e-29
 253.512303      0.503  36.400478    11.0237    5.73454      0.499    32.3531    24.7109 -9.990e-29
 253.512309      0.507  36.397164    11.0246    5.74599      0.503    32.3491    24.7075 -9.990e-29
 253.512315      0.513  36.376153    11.0276    5.74516      0.509    32.3257    24.6888 -9.990e-29
 253.512321      0.520  36.357604    11.0345    5.72107      0.516    32.3013    24.6686 -9.990e-29
 253.512326      0.525  36.371120    11.0426    5.71927      0.521    32.3075    24.6720 -9.990e-29
 253.512332      0.525  36.395476    11.0485    5.72307      0.521    32.3264    24.6856 -9.990e-29
 253.512338      0.523  36.408212    11.0504    5.73062      0.519    32.3373    24.6938 -9.990e-29
 253.512344      0.527  36.413402    11.0480    5.73861      0.523    32.3445    24.6998 -9.990e-29
 253.512350      0.542  36.412902    11.0410    5.71893      0.537    32.3502    24.7055 -9.990e-29
 253.512355      0.562  36.399862    11.0306    5.69214      0.557    32.3464    24.7044 -9.990e-29
 253.512361      0.577  36.376489    11.0244    5.69515      0.572    32.3288    24.6918 -9.990e-29
 253.512367      0.590  36.367076    11.0258    5.70864      0.585    32.3182    24.6833 -9.990e-29
 253.512373      0.601  36.379221    11.0296    5.69097      0.596    32.3269    24.6894 -9.990e-29
 253.512378      0.611  36.393792    11.0318    5.68017      0.606    32.3394    24.6987 -9.990e-29
 253.512384      0.620  36.394334    11.0323    5.66000      0.615    32.3394    24.6987 -9.990e-29
 253.512390      0.630  36.378756    11.0313    5.66234      0.625    32.3249    24.6876 -9.990e-29
 253.512396      0.635  36.357664    11.0281    5.68662      0.630    32.3069    24.6741 -9.990e-29
 253.512402      0.633  36.347736    11.0205    5.69393      0.628    32.3038    24.6730 -9.990e-29
 253.512407      0.623  36.354172    11.0051    5.72128      0.618    32.3237    24.6912 -9.990e-29
 253.512413      0.610  36.360853    10.9859    5.73438      0.605    32.3472    24.7129 -9.990e-29
 253.512419      0.600  36.357598    10.9770    5.73402      0.595    32.3519    24.7181 -9.990e-29
 253.512425      0.597  36.352915    10.9882    5.73229      0.592    32.3374    24.7048 -9.990e-29
 253.512431      0.597  36.360135    11.0125    5.73273      0.592    32.3231    24.6894 -9.990e-29
 253.512436      0.591  36.380439    11.0308    5.71799      0.586    32.3270    24.6893 -9.990e-29
 253.512442      0.580  36.398277    11.0345    5.73703      0.575    32.3414    24.6998 -9.990e-29
 253.512448      0.574  36.408261    11.0322    5.73427      0.569    32.3533    24.7095 -9.990e-29
 253.512454      0.583  36.415828    11.0317    5.72853      0.578    32.3612    24.7157 -9.990e-29
 253.512459      0.602  36.420385    11.0303    5.70129      0.597    32.3670    24.7204 -9.990e-29
 253.512465      0.624  36.419002    11.0239    5.66429      0.619    32.3712    24.7249 -9.990e-29
 253.512471      0.642  36.406997    11.0176    5.66816      0.637    32.3649    24.7211 -9.990e-29
 253.512477      0.653  36.389621    11.0189    5.67852      0.648    32.3466    24.7066 -9.990e-29
 253.512483      0.658  36.386261    11.0245    5.68453      0.653    32.3383    24.6992 -9.990e-29
 253.512488      0.656  36.395759    11.0226    5.69435      0.651    32.3494    24.7081 -9.990e-29
 253.512494      0.649  36.390395    11.0108    5.69297      0.644    32.3545    24.7142 -9.990e-29
 253.512500      0.639  36.352337    10.9991    5.70455      0.634    32.3272    24.6950 -9.990e-29
 253.512506      0.634  36.308699    10.9958    5.72090      0.629    32.2869    24.6642 -9.990e-29
 253.512512      0.635  36.307734    11.0019    5.72401      0.630    32.2806    24.6583 -9.990e-29
 253.512517      0.632  36.340272    11.0109    5.70911      0.627    32.3049    24.6755 -9.990e-29
 253.512523      0.626  36.368964    11.0158    5.68380      0.621    32.3289    24.6934 -9.990e-29
 253.512529      0.625  36.390563    11.0168    5.68125      0.620    32.3494    24.7091 -9.990e-29
 253.512535      0.632  36.405254    11.0189    5.67258      0.627    32.3620    24.7186 -9.990e-29
 253.512541      0.645  36.410172    11.0243    5.68128      0.640    32.3621    24.7177 -9.990e-29
 253.512546      0.659  36.411278    11.0283    5.69334      0.653    32.3597    24.7151 -9.990e-29
 253.512552      0.676  36.403848    11.0246    5.70022      0.670    32.3556    24.7126 -9.990e-29
 253.512558      0.691  36.381863    11.0158    5.71281      0.685    32.3416    24.7033 -9.990e-29
 253.512564      0.703  36.359684    11.0105    5.72724      0.697    32.3244    24.6908 -9.990e-29
 253.512569      0.712  36.353656    11.0126    5.73797      0.706    32.3166    24.6843 -9.990e-29
 253.512575      0.718  36.361310    11.0213    5.74832      0.712    32.3165    24.6827 -9.990e-29
 253.512581      0.722  36.377682    11.0347    5.73771      0.716    32.3208    24.6838 -9.990e-29
 253.512587      0.723  36.401587    11.0478    5.73374      0.717    32.3329    24.6909 -9.990e-29
 253.512593      0.727  36.422274    11.0557    5.72876      0.721    32.3464    24.7000 -9.990e-29
 253.512598      0.738  36.434231    11.0586    5.73155      0.732    32.3556    24.7066 -9.990e-29
 253.512604      0.752  36.440477    11.0588    5.73457      0.746    32.3616    24.7113 -9.990e-29
 253.512610      0.765  36.443142    11.0574    5.73536      0.759    32.3655    24.7145 -9.990e-29
 253.512616      0.780  36.441818    11.0552    5.70852      0.773    32.3661    24.7154 -9.990e-29
 253.512622      0.792  36.431902    11.0544    5.63616      0.785    32.3570    24.7085 -9.990e-29
 253.512627      0.793  36.420873    11.0551    5.60160      0.786    32.3455    24.6994 -9.990e-29
 253.512633      0.785  36.419206    11.0534    5.61127      0.778    32.3454    24.6996 -9.990e-29
 253.512639      0.773  36.419036    11.0440    5.61545      0.767    32.3535    24.7075 -9.990e-29
 253.512645      0.768  36.409456    11.0263    5.61669      0.762    32.3596    24.7154 -9.990e-29
 253.512650      0.771  36.389986    11.0005    5.59601      0.765    32.3631    24.7227 -9.990e-29
 253.512656      0.780  36.346958    10.9614    5.57329      0.773    32.3550    24.7233 -9.990e-29
 253.512662      0.791  36.279563    10.9210    5.61074      0.784    32.3239    24.7061 -9.990e-29
 253.512668      0.804  36.246408    10.9097    5.66829      0.797    32.3010    24.6903 -9.990e-29
 253.512674      0.820  36.270489    10.9272    5.77078      0.813    32.3094    24.6938 -9.990e-29
 253.512679      0.841  36.303174    10.9370    5.84669      0.834    32.3332    24.7105 -9.990e-29
 253.512685      0.867  36.312911    10.9251    5.77656      0.860    32.3533    24.7283 -9.990e-29
 253.512691      0.900  36.303686    10.9134    5.57089      0.892    32.3545    24.7313 -9.990e-29
 253.512697      0.943  36.298473    10.9214    5.33463      0.935    32.3422    24.7203 -9.990e-29
 253.512703      0.997  36.312138    10.9396    5.12521      0.989    32.3397    24.7152 -9.990e-29
 253.512708      1.072  36.331477    10.9323    4.84801      1.063    32.3652    24.7363 -9.990e-29
 253.512714      1.175  36.331807    10.8541    4.56038      1.165    32.4347    24.8040 -9.990e-29
 253.512720      1.309  36.273748    10.6412    4.23877      1.298    32.5661    24.9434 0.0000e+00
 253.512726      1.478  36.106758    10.2628    3.97377      1.466    32.7381    25.1421 0.0000e+00
 253.512731      1.688  35.817168     9.8309    3.81215      1.674    32.8363    25.2908 0.0000e+00
 253.512737      1.937  35.494541     9.4608    3.68974      1.921    32.8443    25.3574 0.0000e+00
 253.512743      2.214  35.249892     9.1319    3.60700      2.196    32.8943    25.4488 0.0000e+00
 253.512749      2.515  35.072928     8.8308    3.55292      2.494    32.9891    25.5701 0.0000e+00
 253.512755      2.838  34.918104     8.5721    3.53044      2.814    33.0682    25.6717 0.0000e+00
 253.512760      3.182  34.780040     8.3636    3.55637      3.155    33.1182    25.7424 0.0000e+00
 253.512766      3.551  34.675701     8.2287    3.59005      3.521    33.1347    25.7754 0.0000e+00
 253.512772      3.949  34.625565     8.1635    3.62374      3.916    33.1428    25.7915 0.0000e+00
 253.512778      4.374  34.615938     8.1391    3.64693      4.337    33.1555    25.8050 0.0000e+00
 253.512784      4.824  34.619924     8.1300    3.65886      4.784    33.1681    25.8163 0.0000e+00
 253.512789      5.292  34.622065     8.1203    3.66603      5.248    33.1793    25.8265 0.0000e+00
 253.512795      5.779  34.617333     8.1056    3.68009      5.731    33.1880    25.8355 0.0000e+00
 253.512801      6.286  34.607786     8.0875    3.67985      6.233    33.1947    25.8435 0.0000e+00
 253.512807      6.806  34.597465     8.0657    3.67564      6.749    33.2042    25.8541 0.0000e+00
 253.512813      7.334  34.587137     8.0370    3.66355      7.273    33.2201    25.8708 0.0000e+00
 253.512818      7.873  34.574755     8.0004    3.65920      7.807    33.2414    25.8929 0.0000e+00
 253.512824      8.432  34.560019     7.9581    3.65964      8.361    33.2657    25.9181 0.0000e+00
 253.512830      9.012  34.542847     7.9112    3.64161      8.937    33.2917    25.9454 0.0000e+00
 253.512836      9.607  34.520470     7.8621    3.63282      9.527    33.3143    25.9703 0.0000e+00
 253.512841     10.216  34.494383     7.8209    3.62613     10.130    33.3254    25.9850 0.0000e+00
 253.512847     10.841  34.475137     7.7960    3.61852     10.750    33.3283    25.9908 0.0000e+00
 253.512853     11.476  34.469521     7.7860    3.63672     11.380    33.3315    25.9948 0.0000e+00
 253.512859     12.117  34.473362     7.7850    3.62507     12.016    33.3363    25.9987 0.0000e+00
 253.512865     12.756  34.479975     7.7865    3.60551     12.649    33.3416    26.0027 0.0000e+00
 253.512870     13.400  34.484136     7.7860    3.58375     13.288    33.3463    26.0065 0.0000e+00
 253.512876     14.055  34.485193     7.7789    3.54646     13.937    33.3539    26.0135 0.0000e+00
 253.512882     14.721  34.485078     7.7616    3.51944     14.598    33.3700    26.0286 0.0000e+00
 253.512888     15.396  34.483601     7.7380    3.49989     15.267    33.3907    26.0483 0.0000e+00
 253.512894     16.078  34.480436     7.7137    3.48633     15.943    33.4103    26.0672 0.0000e+00
 253.512899     16.760  34.475244     7.6911    3.48527     16.619    33.4261    26.0829 0.0000e+00
 253.512905     17.441  34.468906     7.6738    3.48442     17.295    33.4356    26.0928 0.0000e+00
 253.512911     18.117  34.464135     7.6639    3.49614     17.965    33.4396    26.0974 0.0000e+00
 253.512917     18.791  34.461810     7.6594    3.50025     18.633    33.4411    26.0992 0.0000e+00
 253.512922     19.468  34.461033     7.6573    3.50986     19.305    33.4420    26.1002 0.0000e+00
 253.512928     20.148  34.460729     7.6561    3.51901     19.979    33.4425    26.1008 0.0000e+00
 253.512934     20.831  34.459896     7.6545    3.52118     20.656    33.4428    26.1013 0.0000e+00
 253.512940     21.518  34.457946     7.6493    3.51586     21.337    33.4454    26.1041 0.0000e+00
 253.512946     22.211  34.453361     7.6370    3.50417     22.024    33.4519    26.1110 0.0000e+00
 253.512951     22.910  34.445594     7.6179    3.47370     22.718    33.4616    26.1213 0.0000e+00
 253.512957     23.612  34.436576     7.5977    3.42536     23.414    33.4710    26.1316 0.0000e+00
 253.512963     24.311  34.427691     7.5798    3.37557     24.107    33.4783    26.1399 0.0000e+00
 253.512969     25.004  34.418257     7.5584    3.31090     24.794    33.4884    26.1509 0.0000e+00
 253.512975     25.692  34.407417     7.5267    3.26464     25.476    33.5070    26.1700 0.0000e+00
 253.512980     26.377  34.398047     7.4894    3.23664     26.155    33.5325    26.1954 0.0000e+00
 253.512986     27.058  34.393300     7.4571    3.20560     26.830    33.5583    26.2202 0.0000e+00
 253.512992     27.737  34.391846     7.4336    3.20453     27.504    33.5792    26.2399 0.0000e+00
 253.512998     28.414  34.391704     7.4168    3.20405     28.175    33.5950    26.2547 0.0000e+00
 253.513003     29.088  34.392081     7.4053    3.21019     28.843    33.6062    26.2652 0.0000e+00
 253.513009     29.769  34.392880     7.3983    3.22417     29.518    33.6135    26.2719 0.0000e+00
 253.513015     30.465  34.394005     7.3935    3.21059     30.209    33.6191    26.2770 0.0000e+00
 253.513021     31.169  34.394679     7.3874    3.17306     30.907    33.6254    26.2828 0.0000e+00
 253.513027     31.871  34.394640     7.3775    3.11713     31.603    33.6346    26.2915 0.0000e+00
 253.513032     32.568  34.393800     7.3647    3.08539     32.294    33.6458    26.3021 0.0000e+00
 253.513038     33.261  34.392680     7.3509    3.06201     32.981    33.6577    26.3134 0.0000e+00
 253.513044     33.948  34.393111     7.3356    3.05558     33.662    33.6727    26.3273 0.0000e+00
 253.513050     34.624  34.395068     7.3200    3.05739     34.332    33.6897    26.3429 0.0000e+00
