data/oxygen options/OCNMS/OCNMS1/raw_data/2007/CTD_KL027_101207faed.cnv
* Sea-Bird SBE19 Data File:
* FileName = C:\2007_mooring_data\retrieval_101207\CTD_KL027_101207.hex
* Software Version 1.20
* Temperature SN = 2997
* Conductivity SN = 2997
* System UpLoad Time = Oct 12 2007 15:49:55
* SEACAT PROFILER V3.1c SN 2997   10/12/07  15:49:31.989
* strain gauge pressure sensor: S/N = 184829,  range = 3000 psia,  tc = 40
# nquan = 9                                 
# nvalues = 751                         
# units = specified
# name 0 = timeJ: Julian Days
# name 1 = prSM: Pressure, Strain Gauge [db]
# name 2 = c0mS/cm: Conductivity [mS/cm]
# name 3 = t090C: Temperature [ITS-90, deg C]
# name 4 = oxML/L: Oxygen, Beckman/YSI [ml/l]
# name 5 = depSM: Depth [salt water, m], lat = 47.5
# name 6 = sal00: Salinity, Practical [PSU]
# name 7 = sigma-é00: Density [sigma-theta, kg/m^3]
# name 8 = flag: flag
# span 0 = 285.602014, 285.606354       
# span 1 =     -5.317,     28.590       
# span 2 =   1.087713,  36.872509       
# span 3 =    12.4883,    15.1341       
# span 4 =   -0.06098,   31.30418       
# span 5 =     -5.273,     28.349       
# span 6 =     0.6753,    31.4032       
# span 7 =    -0.3926,    23.6756       
# span 8 = 0.0000e+00, 0.0000e+00       
# interval = seconds: 0.5
# start_time = Oct 12 2007 14:26:54 [Instrument's time stamp, header]
# bad_flag = -9.990e-29
*END*
[from data line 641]
 285.605723      0.377  34.308575    13.1253    9.62121      0.374    28.6388    21.4470 -9.990e-29
 285.605729      0.374  34.296446    13.1076    9.64816      0.371    28.6409    21.4520 -9.990e-29
 285.605735      0.377  34.276543    13.0930    9.66249      0.374    28.6335    21.4490 -9.990e-29
 285.605741      0.386  34.271603    13.0967    9.68946      0.383    28.6261    21.4427 -9.990e-29
 285.605747      0.393  34.287334    13.1047    9.73411      0.390    28.6347    21.4477 -9.990e-29
 285.605752      0.394  34.296498    13.0996    9.86425      0.391    28.6470    21.4582 -9.990e-29
 285.605758      0.393  34.286075    13.0889   10.02764      0.390    28.6454    21.4590 -9.990e-29
 285.605764      0.396  34.278002    13.0919   10.13108      0.393    28.6357    21.4509 -9.990e-29
 285.605770      0.397  34.288378    13.1104   10.18095      0.394    28.6313    21.4441 -9.990e-29
 285.605775      0.392  34.309159    13.1312   10.17646      0.389    28.6349    21.4429 -9.990e-29
 285.605781      0.386  34.327124    13.1469   10.17627      0.383    28.6397    21.4436 -9.990e-29
 285.605787      0.386  34.335391    13.1559   10.17934      0.383    28.6406    21.4426 -9.990e-29
 285.605793      0.392  34.335997    13.1605   10.19389      0.389    28.6377    21.4394 -9.990e-29
 285.605799      0.397  34.337008    13.1639   10.18294      0.394    28.6360    21.4375 -9.990e-29
 285.605804      0.397  34.339743    13.1664   10.14704      0.394    28.6367    21.4376 -9.990e-29
 285.605810      0.391  34.339418    13.1671   10.13566      0.388    28.6359    21.4368 -9.990e-29
 285.605816      0.383  34.336696    13.1679   10.08957      0.380    28.6327    21.4342 -9.990e-29
 285.605822      0.382  34.338006    13.1710   10.00289      0.379    28.6316    21.4328 -9.990e-29
 285.605828      0.387  34.343385    13.1739    9.92108      0.384    28.6344    21.4344 -9.990e-29
 285.605833      0.394  34.346534    13.1722    9.85972      0.391    28.6386    21.4379 -9.990e-29
 285.605839      0.405  34.340978    13.1609    9.86187      0.402    28.6420    21.4427 -9.990e-29
 285.605845      0.414  34.324326    13.1487    9.84465      0.411    28.6357    21.4402 -9.990e-29
 285.605851      0.419  34.310764    13.1509    9.78197      0.416    28.6215    21.4288 -9.990e-29
 285.605856      0.419  34.314118    13.1569    9.71483      0.416    28.6201    21.4266 -9.990e-29
 285.605862      0.416  34.322019    13.1489    9.64565      0.413    28.6335    21.4384 -9.990e-29
 285.605868      0.408  34.314723    13.1266    9.60187      0.405    28.6435    21.4504 -9.990e-29
 285.605874      0.395  34.295923    13.1023    9.56792      0.392    28.6444    21.4557 -9.990e-29
 285.605880      0.381  34.284788    13.0891    9.50389      0.378    28.6441    21.4580 -9.990e-29
 285.605885      0.368  34.284926    13.0870    9.42786      0.365    28.6458    21.4597 -9.990e-29
 285.605891      0.357  34.286965    13.0841    9.38278      0.354    28.6499    21.4634 -9.990e-29
 285.605897      0.351  34.284070    13.0723    9.39692      0.348    28.6561    21.4704 -9.990e-29
 285.605903      0.353  34.272356    13.0559    9.47999      0.350    28.6576    21.4747 -9.990e-29
 285.605909      0.360  34.256907    13.0450    9.56308      0.357    28.6515    21.4720 -9.990e-29
 285.605914      0.367  34.250152    13.0463    9.61753      0.364    28.6443    21.4662 -9.990e-29
 285.605920      0.375  34.256500    13.0550    9.65433      0.372    28.6436    21.4640 -9.990e-29
 285.605926      0.381  34.267575    13.0589    9.68466      0.378    28.6509    21.4689 -9.990e-29
 285.605932      0.384  34.273467    13.0551    9.72732      0.381    28.6592    21.4761 -9.990e-29
 285.605937      0.389  34.271922    13.0515    9.75878      0.386    28.6605    21.4778 -9.990e-29
 285.605943      0.397  34.270941    13.0529    9.78051      0.394    28.6586    21.4760 -9.990e-29
 285.605949      0.408  34.277030    13.0579    9.77388      0.405    28.6604    21.4765 -9.990e-29
 285.605955      0.419  34.284274    13.0626    9.77224      0.416    28.6636    21.4780 -9.990e-29
 285.605961      0.425  34.287176    13.0649    9.78973      0.421    28.6645    21.4783 -9.990e-29
 285.605966      0.428  34.286778    13.0654    9.80309      0.424    28.6638    21.4777 -9.990e-29
 285.605972      0.427  34.285884    13.0667    9.82355      0.423    28.6620    21.4760 -9.990e-29
 285.605978      0.426  34.286638    13.0707    9.82261      0.422    28.6597    21.4735 -9.990e-29
 285.605984      0.430  34.288338    13.0752    9.85824      0.426    28.6578    21.4712 -9.990e-29
 285.605990      0.435  34.288182    13.0768    9.87495      0.431    28.6565    21.4699 -9.990e-29
 285.605995      0.437  34.287056    13.0797    9.84745      0.433    28.6532    21.4668 -9.990e-29
 285.606001      0.435  34.290714    13.0894    9.83377      0.431    28.6493    21.4619 -9.990e-29
 285.606007      0.431  34.298964    13.0997    9.82285      0.427    28.6492    21.4599 -9.990e-29
 285.606013      0.423  34.303171    13.0996    9.83818      0.419    28.6532    21.4630 -9.990e-29
 285.606019      0.415  34.294350    13.0908    9.87814      0.412    28.6516    21.4635 -9.990e-29
 285.606024      0.412  34.283129    13.0861    9.91600      0.409    28.6448    21.4591 -9.990e-29
 285.606030      0.408  34.286454    13.0888    9.93091      0.405    28.6458    21.4594 -9.990e-29
 285.606036      0.404  34.294723    13.0942    9.94798      0.401    28.6494    21.4611 -9.990e-29
 285.606042      0.403  34.298761    13.0995    9.99940      0.400    28.6492    21.4599 -9.990e-29
 285.606047      0.405  34.301684    13.1023   10.06286      0.402    28.6498    21.4598 -9.990e-29
 285.606053      0.411  34.300081    13.1046   10.14850      0.408    28.6465    21.4569 -9.990e-29
 285.606059      0.417  34.295151    13.1135   10.21059      0.414    28.6353    21.4465 -9.990e-29
 285.606065      0.418  34.298223    13.1315   10.20622      0.415    28.6246    21.4348 -9.990e-29
 285.606071      0.414  34.310563    13.1501   10.18781      0.411    28.6220    21.4293 -9.990e-29
 285.606076      0.411  34.323945    13.1586   10.16323      0.408    28.6279    21.4323 -9.990e-29
 285.606082      0.411  34.331539    13.1578   10.16459      0.408    28.6356    21.4383 -9.990e-29
 285.606088      0.416  34.324957    13.1553   10.17953      0.413    28.6314    21.4356 -9.990e-29
 285.606094      0.424  34.315007    13.1573   10.16926      0.420    28.6207    21.4269 -9.990e-29
 285.606100      0.433  34.319208    13.1630   10.14658      0.429    28.6202    21.4255 -9.990e-29
 285.606105      0.439  34.328568    13.1650   10.13661      0.435    28.6274    21.4307 -9.990e-29
 285.606111      0.447  34.330325    13.1564   10.13321      0.443    28.6355    21.4385 -9.990e-29
 285.606117      0.460  34.322877    13.1431   10.16024      0.456    28.6386    21.4435 -9.990e-29
 285.606123      0.476  34.313073    13.1405   10.18644      0.472    28.6315    21.4385 -9.990e-29
 285.606128      0.487  34.312467    13.1509   10.16003      0.483    28.6231    21.4300 -9.990e-29
 285.606134      0.490  34.320780    13.1643   10.13775      0.486    28.6207    21.4256 -9.990e-29
 285.606140      0.488  34.331138    13.1723   10.12407      0.484    28.6243    21.4268 -9.990e-29
 285.606146      0.487  34.334355    13.1698   10.15404      0.483    28.6291    21.4311 -9.990e-29
 285.606152      0.486  34.321250    13.1654   10.19173      0.482    28.6203    21.4251 -9.990e-29
 285.606157      0.485  34.306821    13.1725   10.17633      0.481    28.6016    21.4093 -9.990e-29
 285.606163      0.485  34.311583    13.1853   10.16576      0.481    28.5964    21.4029 -9.990e-29
 285.606169      0.484  34.326166    13.1901   10.15875      0.480    28.6063    21.4096 -9.990e-29
 285.606175      0.483  34.330769    13.1842   10.13237      0.479    28.6150    21.4174 -9.990e-29
 285.606181      0.482  34.324782    13.1771   10.07974      0.478    28.6148    21.4186 -9.990e-29
 285.606186      0.481  34.322049    13.1780   10.01015      0.477    28.6116    21.4160 -9.990e-29
 285.606192      0.479  34.327300    13.1812    9.91028      0.475    28.6140    21.4172 -9.990e-29
 285.606198      0.482  34.331818    13.1768    9.81467      0.478    28.6215    21.4239 -9.990e-29
 285.606204      0.492  34.325356    13.1648    9.77383      0.488    28.6246    21.4285 -9.990e-29
 285.606209      0.508  34.306377    13.1471    9.78508      0.504    28.6203    21.4286 -9.990e-29
 285.606215      0.520  34.282625    13.1273    9.83322      0.516    28.6133    21.4269 -9.990e-29
 285.606221      0.527  34.264254    13.1172    9.88873      0.523    28.6039    21.4216 -9.990e-29
 285.606227      0.527  34.262051    13.1248    9.85871      0.523    28.5961    21.4141 -9.990e-29
 285.606233      0.522  34.278481    13.1408    9.78072      0.518    28.5993    21.4135 -9.990e-29
 285.606238      0.515  34.299593    13.1460    9.73617      0.511    28.6149    21.4246 -9.990e-29
 285.606244      0.509  34.306474    13.1278    9.72625      0.505    28.6349    21.4436 -9.990e-29
 285.606250      0.506  34.292055    13.0994    9.75821      0.502    28.6430    21.4552 -9.990e-29
 285.606256      0.503  34.271849    13.0919    9.75842      0.499    28.6299    21.4465 -9.990e-29
 285.606262      0.497  34.269897    13.1142    9.68005      0.493    28.6113    21.4279 -9.990e-29
 285.606267      0.484  34.286391    13.1433    9.64420      0.480    28.6047    21.4173 -9.990e-29
 285.606273      0.466  34.306901    13.1581    9.61367      0.462    28.6125    21.4205 -9.990e-29
 285.606279      0.447  34.321242    13.1577    9.61880      0.443    28.6261    21.4311 -9.990e-29
 285.606285      0.425  34.317726    13.1534   11.01363      0.421    28.6261    21.4319 -9.990e-29
 285.606291      0.400  34.301192    13.1578    9.89862      0.397    28.6075    21.4167 -9.990e-29
 285.606296      0.370  34.297778    13.1735    8.60728      0.367    28.5926    21.4021 -9.990e-29
 285.606302      0.332  34.312454    13.1878 -9.990e-29      0.329    28.5954    21.4016 -9.990e-29
 285.606308      0.284  34.317165    13.1878 -9.990e-29      0.282    28.5998    21.4050 -9.990e-29
 285.606314      0.228  34.288503    13.1740 -9.990e-29      0.226    28.5837    21.3952 -9.990e-29
 285.606319      0.172  34.205624    13.1534 -9.990e-29      0.171    28.5226    21.3519 -9.990e-29
 285.606325      0.127  33.979873    13.1273 -9.990e-29      0.126    28.3335    21.2108 -9.990e-29
 285.606331      0.094  33.291758    13.0947 -9.990e-29      0.093    27.7226    20.7452 -9.990e-29
 285.606337      0.070  31.169439    13.0611 -9.990e-29      0.069    25.7982    19.2657 -9.990e-29
 285.606343      0.053  24.745054    13.0333 -9.990e-29      0.053    20.0273    14.8209 -9.990e-29
 285.606348      0.044  15.276944    13.0213 -9.990e-29      0.044    11.8406     8.5190 -9.990e-29
 285.606354      0.041   9.227917 -9.990e-29 -9.990e-29      0.041 -9.990e-29 -9.990e-29 -9.990e-29
