data/oxygen options/OCNMS/OCNMS1/raw_data/2007/CTD_MB042_091007faedb.cnv
* Sea-Bird SBE19 Data File:
* FileName = C:\2007_mooring_data\CTD_MB042_091007.hex
* Software Version 1.20
* Temperature SN = 2997
* Conductivity SN = 2997
* System UpLoad Time = Sep 10 2007 12:50:30
* SEACAT PROFILER V3.1c SN 2997   09/10/07  12:50:03.094
* strain gauge pressure sensor: S/N = 184829,  range = 3000 psia,  tc = 40
# nquan = 9
# nvalues = 44                          
# units = specified
# name 0 = timeJ: Julian Days
# name 1 = prSM: Pressure, Strain Gauge [db]
# name 2 = c0mS/cm: Conductivity [mS/cm]
# name 3 = t090C: Temperature [ITS-90, deg C]
# name 4 = oxML/L: Oxygen, Beckman/YSI [ml/l]
# name 5 = depSM: Depth [salt water, m], lat = 47.5
# name 6 = sal00: Salinity, Practical [PSU]
# name 7 = sigma-é00: Density [sigma-theta, kg/m^3]
# name 8 = flag: flag
# span 0 = 253.512713, 253.513184       
# span 1 =      1.000,     44.000       
# span 2 =  34.391888,  36.666951       
# span 3 =     7.2900,    11.1477       
# span 4 =    3.01978,    4.39334       
# span 5 =      0.992,     43.628       
# span 6 =    32.5053,    33.7217       
# span 7 =    24.8129,    26.3724       
# span 8 = 0.0000e+00, 0.0000e+00       
# interval = decibars: 1                
# start_time = Sep 10 2007 12:14:48 [Instrument's time stamp, header]
# bad_flag = -9.990e-29
*END*
 253.512713      1.000  36.666951    11.1477    4.39334      0.992    32.5053    24.8129 0.0000e+00
 253.512738      2.000  35.455520     9.3796    3.66381      1.984    32.8783    25.3970 0.0000e+00
 253.512758      3.000  34.820749     8.4361    3.51960      2.975    33.0930    25.7124 0.0000e+00
 253.512773      4.000  34.628328     8.1616    3.62302      3.966    33.1476    25.7955 0.0000e+00
 253.512786      5.000  34.621947     8.1279    3.66022      4.958    33.1722    25.8198 0.0000e+00
 253.512798      6.000  34.612841     8.0975    3.67939      5.950    33.1908    25.8389 0.0000e+00
 253.512809      7.000  34.593668     8.0544    3.67030      6.942    33.2107    25.8609 0.0000e+00
 253.512819      8.000  34.570897     7.9894    3.66085      7.933    33.2477    25.8994 0.0000e+00
 253.512830      9.000  34.543190     7.9122    3.64186      8.925    33.2912    25.9448 0.0000e+00
 253.512839     10.000  34.503942     7.8346    3.62828      9.916    33.3226    25.9808 0.0000e+00
 253.512849     11.000  34.476790     7.7974    3.62786     10.908    33.3286    25.9909 0.0000e+00
 253.512858     12.000  34.473236     7.7857    3.62538     11.900    33.3355    25.9980 0.0000e+00
 253.512867     13.000  34.481350     7.7861    3.59710     12.891    33.3433    26.0041 0.0000e+00
 253.512876     14.000  34.485016     7.7793    3.54917     13.882    33.3533    26.0130 0.0000e+00
 253.512884     15.000  34.484389     7.7515    3.51181     14.874    33.3788    26.0370 0.0000e+00
 253.512893     16.000  34.480735     7.7165    3.48812     15.866    33.4080    26.0650 0.0000e+00
 253.512901     17.000  34.472897     7.6855    3.48499     16.857    33.4288    26.0858 0.0000e+00
 253.512910     18.000  34.465049     7.6660    3.49484     17.849    33.4386    26.0963 0.0000e+00
 253.512918     19.000  34.461769     7.6591    3.50391     18.841    33.4413    26.0994 0.0000e+00
 253.512927     20.000  34.460830     7.6564    3.51698     19.832    33.4424    26.1006 0.0000e+00
 253.512935     21.000  34.459690     7.6541    3.52172     20.824    33.4429    26.1014 0.0000e+00
 253.512944     22.000  34.455097     7.6417    3.50855     21.815    33.4494    26.1084 0.0000e+00
 253.512952     23.000  34.444728     7.6157    3.47057     22.807    33.4627    26.1225 0.0000e+00
 253.512960     24.000  34.431641     7.5877    3.39778     23.799    33.4751    26.1363 0.0000e+00
 253.512969     25.000  34.418310     7.5585    3.31124     24.790    33.4883    26.1508 0.0000e+00
 253.512977     26.000  34.403252     7.5097    3.25266     25.781    33.5187    26.1816 0.0000e+00
 253.512986     27.000  34.393834     7.4600    3.20815     26.773    33.5561    26.2181 0.0000e+00
 253.512994     28.000  34.391888     7.4276    3.20439     27.765    33.5850    26.2453 0.0000e+00
 253.513002     29.000  34.392054     7.4070    3.20968     28.756    33.6045    26.2636 0.0000e+00
 253.513011     30.000  34.393288     7.3970    3.21656     29.747    33.6152    26.2734 0.0000e+00
 253.513020     31.000  34.394480     7.3888    3.18018     30.739    33.6239    26.2815 0.0000e+00
 253.513028     32.000  34.394633     7.3757    3.10685     31.731    33.6363    26.2931 0.0000e+00
 253.513036     33.000  34.393125     7.3562    3.07014     32.722    33.6532    26.3091 0.0000e+00
 253.513044     34.000  34.393105     7.3345    3.05467     33.714    33.6738    26.3283 0.0000e+00
 253.513053     35.000  34.395968     7.3130    3.05898     34.705    33.6973    26.3499 0.0000e+00
 253.513061     36.000  34.397137     7.2992    3.05753     35.697    33.7116    26.3630 0.0000e+00
 253.513071     37.000  34.396955     7.2937    3.05442     36.688    33.7162    26.3675 0.0000e+00
 253.513080     38.000  34.397604     7.2929    3.05968     37.680    33.7173    26.3684 0.0000e+00
 253.513090     39.000  34.398002     7.2919    3.06242     38.671    33.7182    26.3693 0.0000e+00
 253.513101     40.000  34.398213     7.2916    3.04341     39.662    33.7182    26.3694 0.0000e+00
 253.513113     41.000  34.399194     7.2909    3.04050     40.654    33.7194    26.3704 0.0000e+00
 253.513126     42.000  34.400401     7.2906    3.02396     41.645    33.7206    26.3714 0.0000e+00
 253.513141     43.000  34.401279     7.2900    3.01978     42.637    33.7217    26.3724 0.0000e+00
 253.513184     44.000  34.403329     7.2927    3.03678     43.628    33.7208    26.3713 0.0000e+00
