data/oxygen options/OCNMS/OCNMS1/raw_data/2007/CTD_CE065_060607faed.cnv
* Sea-Bird SBE19 Data File:
* FileName = C:\2007_mooring_data\CTD_CE065_060607.hex
* Software Version 1.1.6
* Temperature SN = 2997
* Conductivity SN = 2997
* System UpLoad Time = Jun 06 2007 11:39:35
* SEACAT PROFILER V3.1c SN 2997   06/06/07  11:39:10.743
* strain gauge pressure sensor: S/N = 184829,  range = 3000 psia,  tc = 40
# nquan = 9                                 
# nvalues = 2036                        
# units = specified
# name 0 = timeJ: Julian Days
# name 1 = prSM: Pressure, Strain Gauge [db]
# name 2 = c0mS/cm: Conductivity [mS/cm]
# name 3 = t090C: Temperature [ITS-90, deg C]
# name 4 = oxML/L: Oxygen, Beckman/YSI [ml/l]
# name 5 = depSM: Depth [salt water, m], lat = 47.5
# name 6 = sal00: Salinity, Practical [PSU]
# name 7 = sigma-é00: Density [sigma-theta, kg/m^3]
# name 8 = flag: flag
# span 0 = 157.453461, 157.465237       
# span 1 =     -5.418,     62.188       
# span 2 =   0.737011,  36.587544       
# span 3 =     7.2916,    12.1794       
# span 4 =   -0.07407,   34.00852       
# span 5 =     -5.373,     61.660       
# span 6 =     0.4888,    33.7792       
# span 7 =    -0.1045,    26.4168       
# span 8 = 0.0000e+00, 0.0000e+00       
# interval = seconds: 0.5
# start_time = Jun 06 2007 10:52:59 [Instrument's time stamp, header]
# bad_flag = -9.990e-29
*END*
[from data line 961]
 157.459022     31.943  33.940674     7.3567    3.74085     31.674    33.1620    25.9226 -9.990e-29
 157.459028     31.975  33.931278     7.3534    3.73930     31.706    33.1549    25.9175 -9.990e-29
 157.459034     32.004  33.922578     7.3541    3.73375     31.734    33.1448    25.9094 -9.990e-29
 157.459039     32.019  33.923158     7.3588    3.71996     31.749    33.1409    25.9057 -9.990e-29
 157.459045     32.022  33.929690     7.3650    3.72381     31.752    33.1421    25.9058 -9.990e-29
 157.459051     32.020  33.936877     7.3719    3.71875     31.750    33.1433    25.9058 -9.990e-29
 157.459057     32.015  33.942339     7.3782    3.71283     31.745    33.1432    25.9048 -9.990e-29
 157.459062     32.005  33.946056     7.3819    3.72056     31.735    33.1436    25.9047 -9.990e-29
 157.459068     31.998  33.948856     7.3835    3.72060     31.728    33.1451    25.9056 -9.990e-29
 157.459074     31.999  33.949414     7.3855    3.73956     31.729    33.1438    25.9043 -9.990e-29
 157.459080     32.011  33.948457     7.3876    3.74241     31.741    33.1408    25.9016 -9.990e-29
 157.459086     32.036  33.948055     7.3871    3.75360     31.766    33.1408    25.9017 -9.990e-29
 157.459091     32.065  33.945971     7.3821    3.76174     31.795    33.1433    25.9044 -9.990e-29
 157.459097     32.094  33.937730     7.3754    3.77247     31.824    33.1408    25.9033 -9.990e-29
 157.459103     32.115  33.926896     7.3730    3.78921     31.844    33.1313    25.8962 -9.990e-29
 157.459109     32.124  33.921983     7.3748    3.79194     31.853    33.1243    25.8904 -9.990e-29
 157.459115     32.123  33.922586     7.3732    3.79480     31.852    33.1265    25.8924 -9.990e-29
 157.459120     32.117  33.920522     7.3650    3.79460     31.846    33.1321    25.8979 -9.990e-29
 157.459126     32.107  33.914145     7.3566    3.78657     31.837    33.1332    25.9000 -9.990e-29
 157.459132     32.091  33.910629     7.3554    3.77360     31.821    33.1306    25.8981 -9.990e-29
 157.459138     32.058  33.914230     7.3625    3.76014     31.788    33.1277    25.8948 -9.990e-29
 157.459144     32.006  33.923005     7.3734    3.74719     31.736    33.1268    25.8926 -9.990e-29
 157.459149     31.949  33.932385     7.3834    3.73926     31.680    33.1274    25.8917 -9.990e-29
 157.459155     31.905  33.939730     7.3912    3.73468     31.636    33.1279    25.8910 -9.990e-29
 157.459161     31.883  33.946412     7.3962    3.73739     31.614    33.1304    25.8923 -9.990e-29
 157.459167     31.887  33.950115     7.3963    3.73171     31.618    33.1343    25.8953 -9.990e-29
 157.459172     31.917  33.948475     7.3914    3.72478     31.648    33.1372    25.8983 -9.990e-29
 157.459178     31.970  33.945454     7.3807    3.69088     31.701    33.1442    25.9052 -9.990e-29
 157.459184     32.042  33.940369     7.3612    3.65741     31.772    33.1573    25.9183 -9.990e-29
 157.459190     32.124  33.931465     7.3345    3.64027     31.853    33.1732    25.9345 -9.990e-29
 157.459196     32.195  33.928146     7.3104    3.64081     31.924    33.1926    25.9531 -9.990e-29
 157.459201     32.226  33.937736     7.2986    3.67913     31.955    33.2144    25.9719 -9.990e-29
 157.459207     32.194  33.948336     7.3018    3.71619     31.923    33.2228    25.9781 -9.990e-29
 157.459213     32.095  33.946032     7.3179    3.74061     31.825    33.2049    25.9618 -9.990e-29
 157.459219     31.951  33.935582     7.3402    3.75294     31.682    33.1723    25.9330 0.0000e+00
 157.459225     31.789  33.929937     7.3596    3.74405     31.521    33.1476    25.9109 0.0000e+00
 157.459230     31.646  33.933888     7.3726    3.74445     31.379    33.1395    25.9027 -9.990e-29
 157.459236     31.557  33.943165     7.3812    3.74859     31.291    33.1414    25.9030 -9.990e-29
 157.459242     31.538  33.950511     7.3842    3.75480     31.272    33.1465    25.9066 -9.990e-29
 157.459248     31.581  33.950574     7.3798    3.76357     31.315    33.1508    25.9105 -9.990e-29
 157.459253     31.666  33.944542     7.3721    3.75980     31.399    33.1515    25.9122 -9.990e-29
 157.459259     31.767  33.936124     7.3638    3.74412     31.499    33.1503    25.9124 -9.990e-29
 157.459265     31.873  33.926964     7.3523    3.72777     31.605    33.1513    25.9148 -9.990e-29
 157.459271     31.978  33.918840     7.3373    3.72152     31.709    33.1569    25.9213 -9.990e-29
 157.459277     32.068  33.914912     7.3241    3.72888     31.798    33.1652    25.9296 -9.990e-29
 157.459282     32.127  33.916645     7.3182    3.74467     31.856    33.1727    25.9364 -9.990e-29
 157.459288     32.145  33.918483     7.3187    3.75013     31.874    33.1742    25.9375 -9.990e-29
 157.459294     32.125  33.916693     7.3225    3.76997     31.854    33.1686    25.9326 -9.990e-29
 157.459300     32.078  33.914472     7.3300    3.79681     31.808    33.1591    25.9240 -9.990e-29
 157.459306     32.012  33.913887     7.3394    3.79047     31.742    33.1495    25.9151 -9.990e-29
 157.459311     31.934  33.915261     7.3475    3.78342     31.665    33.1432    25.9091 -9.990e-29
 157.459317     31.850  33.918169     7.3549    3.76914     31.582    33.1393    25.9050 -9.990e-29
 157.459323     31.773  33.921989     7.3651    3.75036     31.505    33.1337    25.8992 -9.990e-29
 157.459329     31.714  33.927317     7.3776    3.75303     31.447    33.1276    25.8926 -9.990e-29
 157.459334     31.687  33.936758     7.3877    3.75989     31.420    33.1282    25.8917 -9.990e-29
 157.459340     31.703  33.946633     7.3873    3.76354     31.436    33.1392    25.9005 -9.990e-29
 157.459346     31.764  33.945435     7.3721    3.77506     31.496    33.1525    25.9130 -9.990e-29
 157.459352     31.855  33.932671     7.3518    3.79331     31.587    33.1580    25.9202 -9.990e-29
 157.459358     31.953  33.919889     7.3382    3.80267     31.684    33.1571    25.9214 -9.990e-29
 157.459363     32.035  33.913559     7.3333    3.80283     31.765    33.1549    25.9203 -9.990e-29
 157.459369     32.087  33.911944     7.3332    3.78656     31.817    33.1532    25.9190 -9.990e-29
 157.459375     32.114  33.912310     7.3348    3.78249     31.844    33.1521    25.9179 -9.990e-29
 157.459381     32.125  33.913444     7.3400    3.77977     31.854    33.1483    25.9142 -9.990e-29
 157.459387     32.122  33.917402     7.3492    3.78150     31.851    33.1438    25.9094 -9.990e-29
 157.459392     32.095  33.923838     7.3585    3.78358     31.825    33.1419    25.9066 -9.990e-29
 157.459398     32.043  33.928987     7.3644    3.78885     31.773    33.1419    25.9057 -9.990e-29
 157.459404     31.976  33.932413     7.3638    3.80075     31.707    33.1462    25.9092 -9.990e-29
 157.459410     31.911  33.932503     7.3603    3.81124     31.642    33.1497    25.9124 -9.990e-29
 157.459416     31.864  33.929925     7.3585    3.80966     31.596    33.1486    25.9118 -9.990e-29
 157.459421     31.842  33.926268     7.3572    3.79566     31.574    33.1459    25.9099 -9.990e-29
 157.459427     31.838  33.921683     7.3569    3.77791     31.570    33.1412    25.9062 -9.990e-29
 157.459433     31.849  33.920685     7.3589    3.76264     31.581    33.1382    25.9036 -9.990e-29
 157.459439     31.879  33.925848     7.3629    3.75383     31.610    33.1400    25.9044 -9.990e-29
 157.459444     31.930  33.932272     7.3668    3.75855     31.661    33.1432    25.9064 -9.990e-29
 157.459450     31.988  33.932812     7.3660    3.75575     31.719    33.1445    25.9076 -9.990e-29
 157.459456     32.032  33.929852     7.3614    3.76987     31.762    33.1457    25.9091 -9.990e-29
 157.459462     32.046  33.930635     7.3599    3.76821     31.776    33.1480    25.9111 -9.990e-29
 157.459468     32.028  33.933382     7.3618    3.76677     31.758    33.1491    25.9118 -9.990e-29
 157.459473     31.985  33.933891     7.3642    3.76768     31.716    33.1474    25.9101 -9.990e-29
 157.459479     31.936  33.933385     7.3676    3.77591     31.667    33.1436    25.9066 -9.990e-29
 157.459485     31.898  33.934535     7.3711    3.79218     31.629    33.1415    25.9045 -9.990e-29
 157.459491     31.879  33.936616     7.3719    3.79657     31.610    33.1430    25.9056 -9.990e-29
 157.459497     31.872  33.935661     7.3695    3.80610     31.604    33.1443    25.9069 -9.990e-29
 157.459502     31.873  33.930382     7.3645    3.79311     31.605    33.1434    25.9069 -9.990e-29
 157.459508     31.882  33.923809     7.3571    3.79438     31.613    33.1433    25.9079 -9.990e-29
 157.459514     31.899  33.918368     7.3506    3.79368     31.630    33.1436    25.9090 -9.990e-29
 157.459520     31.922  33.914635     7.3491    3.78296     31.653    33.1410    25.9072 -9.990e-29
 157.459525     31.947  33.914338     7.3502    3.75516     31.678    33.1396    25.9059 -9.990e-29
 157.459531     31.980  33.917059     7.3468    3.72775     31.711    33.1458    25.9113 -9.990e-29
 157.459537     32.028  33.917442     7.3347    3.69884     31.758    33.1578    25.9224 -9.990e-29
 157.459543     32.085  33.915983     7.3171    3.69266     31.815    33.1731    25.9368 -9.990e-29
 157.459549     32.134  33.921366     7.3038    3.70720     31.863    33.1916    25.9533 -9.990e-29
 157.459554     32.156  33.930661     7.3025    3.72985     31.885    33.2030    25.9624 -9.990e-29
 157.459560     32.143  33.932139     7.3115    3.75617     31.872    33.1960    25.9556 -9.990e-29
 157.459566     32.109  33.927190     7.3238    3.78029     31.839    33.1788    25.9404 -9.990e-29
 157.459572     32.071  33.923770     7.3350    3.79124     31.801    33.1644    25.9275 -9.990e-29
 157.459578     32.033  33.922908     7.3434    3.79511     31.763    33.1554    25.9193 -9.990e-29
 157.459583     31.988  33.922318     7.3487    3.79796     31.719    33.1497    25.9140 -9.990e-29
 157.459589     31.940  33.922320     7.3516    3.79845     31.671    33.1469    25.9115 -9.990e-29
 157.459595     31.900  33.922898     7.3534    3.81148     31.631    33.1459    25.9104 -9.990e-29
 157.459601     31.879  33.923128     7.3541    3.80988     31.610    33.1455    25.9100 -9.990e-29
 157.459606     31.887  33.922177     7.3515    3.81327     31.618    33.1469    25.9115 -9.990e-29
 157.459612     31.921  33.917641     7.3457    3.80845     31.652    33.1475    25.9128 -9.990e-29
 157.459618     31.962  33.911300     7.3407    3.81863     31.693    33.1454    25.9118 -9.990e-29
 157.459624     31.990  33.908132     7.3386    3.82061     31.721    33.1440    25.9109 -9.990e-29
 157.459630     32.000  33.908375     7.3387    3.82300     31.730    33.1441    25.9111 -9.990e-29
 157.459635     31.995  33.909531     7.3405    3.80591     31.726    33.1437    25.9104 -9.990e-29
 157.459641     31.985  33.910882     7.3437    3.80075     31.716    33.1421    25.9087 -9.990e-29
 157.459647     31.972  33.913093     7.3472    3.80023     31.703    33.1411    25.9075 -9.990e-29
 157.459653     31.961  33.916853     7.3497    3.80006     31.692    33.1428    25.9085 -9.990e-29
 157.459659     31.960  33.920995     7.3490    3.80809     31.691    33.1480    25.9127 -9.990e-29
 157.459664     31.967  33.920377     7.3441    3.80443     31.698    33.1520    25.9165 -9.990e-29
 157.459670     31.975  33.913597     7.3384    3.81322     31.706    33.1501    25.9158 -9.990e-29
 157.459676     31.977  33.907287     7.3359    3.81462     31.708    33.1457    25.9126 -9.990e-29
 157.459682     31.962  33.905346     7.3366    3.81504     31.693    33.1429    25.9104 -9.990e-29
 157.459688     31.940  33.906848     7.3393    3.82241     31.671    33.1419    25.9092 -9.990e-29
 157.459693     31.926  33.910413     7.3437    3.81259     31.657    33.1416    25.9084 -9.990e-29
 157.459699     31.923  33.915736     7.3484    3.80215     31.654    33.1429    25.9087 -9.990e-29
 157.459705     31.936  33.921492     7.3501    3.79843     31.667    33.1475    25.9121 -9.990e-29
 157.459711     31.964  33.922448     7.3476    3.78733     31.695    33.1509    25.9151 -9.990e-29
 157.459716     32.002  33.918182     7.3444    3.79062     31.732    33.1493    25.9143 -9.990e-29
 157.459722     32.043  33.914196     7.3416    3.76686     31.773    33.1477    25.9134 -9.990e-29
 157.459728     32.086  33.913004     7.3380    3.74551     31.816    33.1498    25.9156 -9.990e-29
 157.459734     32.133  33.914678     7.3332    3.71853     31.862    33.1562    25.9213 -9.990e-29
 157.459740     32.184  33.918258     7.3270    3.70813     31.913    33.1660    25.9299 -9.990e-29
 157.459745     32.227  33.922343     7.3204    3.72164     31.956    33.1767    25.9392 -9.990e-29
 157.459751     32.250  33.926390     7.3167    3.73508     31.978    33.1847    25.9460 -9.990e-29
 157.459757     32.240  33.928493     7.3182    3.76710     31.968    33.1855    25.9465 -9.990e-29
 157.459763     32.198  33.926024     7.3251    3.78580     31.927    33.1762    25.9382 -9.990e-29
 157.459769     32.132  33.921287     7.3346    3.79767     31.861    33.1620    25.9257 -9.990e-29
 157.459774     32.057  33.919169     7.3427    3.80438     31.787    33.1520    25.9167 -9.990e-29
 157.459780     31.984  33.920202     7.3484    3.78966     31.715    33.1477    25.9125 -9.990e-29
 157.459786     31.922  33.922398     7.3529    3.78840     31.653    33.1458    25.9104 -9.990e-29
 157.459792     31.871  33.924194     7.3573    3.78448     31.603    33.1436    25.9080 -9.990e-29
 157.459797     31.831  33.925735     7.3605    3.78977     31.563    33.1422    25.9065 -9.990e-29
 157.459803     31.815  33.928509     7.3599    3.80225     31.547    33.1458    25.9094 -9.990e-29
 157.459809     31.832  33.929483     7.3538    3.80016     31.564    33.1527    25.9157 -9.990e-29
 157.459815     31.885  33.923784     7.3439    3.79856     31.616    33.1559    25.9196 -9.990e-29
 157.459821     31.959  33.915016     7.3344    3.79162     31.690    33.1555    25.9206 -9.990e-29
 157.459826     32.033  33.910532     7.3286    3.79660     31.763    33.1561    25.9219 -9.990e-29
 157.459832     32.091  33.910506     7.3271    3.80747     31.821    33.1575    25.9232 -9.990e-29
 157.459838     32.120  33.910409     7.3297    3.80883     31.849    33.1549    25.9208 -9.990e-29
 157.459844     32.117  33.909544     7.3362    3.81676     31.846    33.1478    25.9142 -9.990e-29
 157.459850     32.094  33.910670     7.3441    3.81272     31.824    33.1414    25.9082 -9.990e-29
 157.459855     32.063  33.914162     7.3494    3.80949     31.793    33.1401    25.9064 -9.990e-29
 157.459861     32.035  33.917943     7.3525    3.79871     31.765    33.1413    25.9069 -9.990e-29
 157.459867     32.021  33.922006     7.3559    3.79288     31.751    33.1425    25.9073 -9.990e-29
 157.459873     32.020  33.926156     7.3586    3.78362     31.750    33.1444    25.9085 -9.990e-29
 157.459878     32.023  33.927514     7.3594    3.79189     31.753    33.1451    25.9089 -9.990e-29
 157.459884     32.027  33.926761     7.3590    3.78984     31.757    33.1446    25.9086 -9.990e-29
 157.459890     32.031  33.926247     7.3577    3.79030     31.761    33.1453    25.9094 -9.990e-29
 157.459896     32.041  33.924720     7.3552    3.79169     31.771    33.1461    25.9103 -9.990e-29
 157.459902     32.060  33.922377     7.3513    3.78810     31.790    33.1472    25.9118 -9.990e-29
 157.459907     32.082  33.920008     7.3467    3.79088     31.812    33.1491    25.9138 -9.990e-29
 157.459913     32.096  33.917249     7.3437    3.79044     31.826    33.1489    25.9141 -9.990e-29
 157.459919     32.097  33.916016     7.3431    3.79157     31.827    33.1482    25.9136 -9.990e-29
 157.459925     32.086  33.916338     7.3446    3.80230     31.816    33.1471    25.9126 -9.990e-29
 157.459931     32.062  33.916954     7.3464    3.80448     31.792    33.1460    25.9115 -9.990e-29
 157.459936     32.028  33.918118     7.3468    3.80479     31.758    33.1469    25.9121 -9.990e-29
