data/oxygen options/OCNMS/OCNMS1/raw_data/2007/CTD_CA015_101307faed.cnv
* Sea-Bird SBE19 Data File:
* FileName = C:\2007_mooring_data\retrieval_101207\CTD_CA015_101307.hex
* Software Version 1.20
* Temperature SN = 2997
* Conductivity SN = 2997
* System UpLoad Time = Oct 13 2007 11:29:16
* SEACAT PROFILER V3.1c SN 2997   10/13/07  11:28:38.869
* strain gauge pressure sensor: S/N = 184829,  range = 3000 psia,  tc = 40
# nquan = 9                                 
# nvalues = 591                         
# units = specified
# name 0 = timeJ: Julian Days
# name 1 = prSM: Pressure, Strain Gauge [db]
# name 2 = c0mS/cm: Conductivity [mS/cm]
# name 3 = t090C: Temperature [ITS-90, deg C]
# name 4 = oxML/L: Oxygen, Beckman/YSI [ml/l]
# name 5 = depSM: Depth [salt water, m], lat = 47.5
# name 6 = sal00: Salinity, Practical [PSU]
# name 7 = sigma-é00: Density [sigma-theta, kg/m^3]
# name 8 = flag: flag
# span 0 = 286.369583, 286.372998       
# span 1 =     -2.261,     17.104       
# span 2 =   0.021193,  35.506458       
# span 3 =     9.4669,    12.2053       
# span 4 =   -0.07953,   35.83443       
# span 5 =     -2.242,     16.961       
# span 6 =     0.0163,    30.5785       
# span 7 =    -0.2403,    23.1429       
# span 8 = 0.0000e+00, 0.0000e+00       
# interval = seconds: 0.5
# start_time = Oct 13 2007 08:52:12 [Instrument's time stamp, header]
# bad_flag = -9.990e-29
*END*
[from data line 481]
 286.372367      2.845  34.551954    12.1411    7.17913      2.821    29.6263    22.3939 -9.990e-29
 286.372373      2.919  34.561981    12.1437    7.19051      2.895    29.6338    22.3992 -9.990e-29
 286.372378      3.010  34.573985    12.1488    7.18286      2.985    29.6411    22.4040 -9.990e-29
 286.372384      3.125  34.587726    12.1554    7.15924      3.099    29.6489    22.4088 -9.990e-29
 286.372390      3.266  34.607153    12.1624    7.08825      3.239    29.6618    22.4175 0.0000e+00
 286.372396      3.430  34.631836    12.1697    6.98158      3.401    29.6794    22.4298 0.0000e+00
 286.372402      3.613  34.661807    12.1786    6.88593      3.583    29.7007    22.4447 0.0000e+00
 286.372407      3.825  34.703395    12.1896    6.81441      3.793    29.7315    22.4665 0.0000e+00
 286.372413      4.069  34.766835    12.1995    6.78513      4.035    29.7838    22.5053 0.0000e+00
 286.372419      4.339  34.841427    12.2045    6.76435      4.303    29.8506    22.5561 0.0000e+00
 286.372425      4.623  34.897145    12.2053    6.77146      4.584    29.9028    22.5964 0.0000e+00
 286.372431      4.908  34.925882    12.2046    6.74950      4.867    29.9306    22.6181 0.0000e+00
 286.372436      5.197  34.938486    12.2038    6.70590      5.154    29.9431    22.6279 0.0000e+00
 286.372442      5.494  34.943914    12.2029    6.63692      5.448    29.9488    22.6325 0.0000e+00
 286.372448      5.801  34.948841    12.2012    6.52414      5.753    29.9548    22.6375 0.0000e+00
 286.372454      6.124  34.958716    12.1972    6.42447      6.073    29.9672    22.6479 0.0000e+00
 286.372459      6.472  34.979976    12.1910    6.33878      6.418    29.9923    22.6684 0.0000e+00
 286.372465      6.841  35.016866    12.1842    6.29197      6.784    30.0327    22.7010 0.0000e+00
 286.372471      7.220  35.068118    12.1767    6.25800      7.160    30.0874    22.7447 0.0000e+00
 286.372477      7.599  35.126391    12.1680    6.25813      7.535    30.1497    22.7946 0.0000e+00
 286.372483      7.967  35.175766    12.1592    6.26993      7.900    30.2037    22.8381 0.0000e+00
 286.372488      8.318  35.204155    12.1520    6.27225      8.248    30.2364    22.8648 0.0000e+00
 286.372494      8.653  35.217456    12.1465    6.28762      8.581    30.2534    22.8790 0.0000e+00
 286.372500      8.976  35.226114    12.1426    6.29766      8.901    30.2647    22.8884 0.0000e+00
 286.372506      9.287  35.233260    12.1402    6.31143      9.209    30.2733    22.8956 0.0000e+00
 286.372512      9.570  35.238892    12.1393    6.31732      9.490    30.2793    22.9004 0.0000e+00
 286.372517      9.810  35.241545    12.1393    6.32718      9.728    30.2818    22.9023 0.0000e+00
 286.372523     10.009  35.240271    12.1395    6.33378      9.925    30.2803    22.9011 0.0000e+00
 286.372529     10.184  35.236733    12.1399    6.34173     10.099    30.2766    22.8981 0.0000e+00
 286.372535     10.354  35.232380    12.1409    6.34568     10.267    30.2715    22.8941 0.0000e+00
 286.372541     10.531  35.227014    12.1420    6.35110     10.443    30.2655    22.8891 0.0000e+00
 286.372546     10.713  35.221327    12.1428    6.36276     10.623    30.2593    22.8842 0.0000e+00
 286.372552     10.898  35.217826    12.1433    6.35148     10.807    30.2555    22.8812 0.0000e+00
 286.372558     11.093  35.216889    12.1438    6.35063     11.000    30.2541    22.8801 0.0000e+00
 286.372564     11.304  35.217828    12.1440    6.32618     11.209    30.2548    22.8805 0.0000e+00
 286.372569     11.521  35.220212    12.1435    6.32341     11.425    30.2574    22.8826 0.0000e+00
 286.372575     11.746  35.225535    12.1422    6.30900     11.648    30.2634    22.8876 0.0000e+00
 286.372581     11.993  35.238090    12.1391    6.28158     11.893    30.2778    22.8993 0.0000e+00
 286.372587     12.264  35.259482    12.1344    6.25247     12.161    30.3019    22.9188 0.0000e+00
 286.372593     12.548  35.284600    12.1297    6.22442     12.443    30.3296    22.9411 0.0000e+00
 286.372598     12.840  35.306011    12.1249    6.21773     12.732    30.3538    22.9608 0.0000e+00
 286.372604     13.151  35.330398    12.1190    6.20345     13.041    30.3817    22.9835 0.0000e+00
 286.372610     13.484  35.365608    12.1126    6.19721     13.371    30.4204    23.0147 0.0000e+00
 286.372616     13.833  35.401968    12.1067    6.17494     13.717    30.4598    23.0463 0.0000e+00
 286.372622     14.187  35.430214    12.1016    6.17298     14.068    30.4908    23.0713 0.0000e+00
 286.372627     14.529  35.451006    12.0971    6.17910     14.407    30.5142    23.0903 0.0000e+00
 286.372633     14.857  35.467399    12.0926    6.18092     14.732    30.5334    23.1060 0.0000e+00
 286.372639     15.172  35.481626    12.0885    6.18779     15.045    30.5502    23.1198 0.0000e+00
 286.372645     15.475  35.493032    12.0854    6.17831     15.345    30.5636    23.1307 0.0000e+00
 286.372650     15.759  35.498324    12.0835    6.18521     15.627    30.5701    23.1361 0.0000e+00
 286.372656     16.024  35.500630    12.0826    6.17163     15.890    30.5729    23.1385 0.0000e+00
 286.372662     16.275  35.504707    12.0823    6.18560     16.139    30.5769    23.1416 0.0000e+00
 286.372668     16.505  35.506458    12.0823    6.17585     16.367    30.5785    23.1429 0.0000e+00
 286.372674     16.705  35.504854    12.0820    6.17453     16.565    30.5772    23.1419 0.0000e+00
 286.372679     16.865  35.503920    12.0819    6.23011     16.724    30.5763    23.1412 -9.990e-29
 286.372685     16.987  35.503532    12.0823    6.25861     16.845    30.5755    23.1406 -9.990e-29
 286.372691     17.071  35.502609    12.0832    6.28027     16.928    30.5739    23.1391 -9.990e-29
 286.372697     17.104  35.501043    12.0844    6.28316     16.961    30.5714    23.1370 -9.990e-29
 286.372703     17.079  35.498426    12.0860    6.25284     16.936    30.5676    23.1337 -9.990e-29
 286.372708     16.996  35.492949    12.0884    6.24147     16.853    30.5604    23.1277 -9.990e-29
 286.372714     16.858  35.483478    12.0899    6.24091     16.717    30.5502    23.1195 0.0000e+00
 286.372720     16.681  35.475322    12.0894    6.23695     16.541    30.5429    23.1140 0.0000e+00
 286.372726     16.480  35.473869    12.0886    6.24519     16.342    30.5422    23.1136 0.0000e+00
 286.372731     16.255  35.475501    12.0887    6.23972     16.119    30.5438    23.1148 0.0000e+00
 286.372737     16.004  35.475667    12.0890    6.24179     15.870    30.5438    23.1147 0.0000e+00
 286.372743     15.730  35.474591    12.0892    6.24034     15.598    30.5427    23.1138 0.0000e+00
 286.372749     15.431  35.473640    12.0894    6.24050     15.302    30.5418    23.1131 0.0000e+00
 286.372755     15.109  35.473229    12.0898    6.24797     14.982    30.5412    23.1125 0.0000e+00
 286.372760     14.771  35.472251    12.0906    6.25228     14.647    30.5397    23.1112 0.0000e+00
 286.372766     14.420  35.469965    12.0919    6.26195     14.299    30.5366    23.1086 0.0000e+00
 286.372772     14.059  35.465567    12.0939    6.27408     13.941    30.5309    23.1038 0.0000e+00
 286.372778     13.692  35.459924    12.0966    6.28410     13.577    30.5235    23.0975 0.0000e+00
 286.372784     13.321  35.453921    12.0998    6.28388     13.209    30.5153    23.0906 0.0000e+00
 286.372789     12.944  35.444601    12.1037    6.29757     12.836    30.5033    23.0806 0.0000e+00
 286.372795     12.553  35.430193    12.1082    6.30666     12.448    30.4860    23.0663 0.0000e+00
 286.372801     12.145  35.410548    12.1133    6.32249     12.043    30.4633    23.0478 0.0000e+00
 286.372807     11.725  35.385262    12.1190    6.32916     11.627    30.4346    23.0245 0.0000e+00
 286.372813     11.304  35.357061    12.1242    6.33865     11.209    30.4037    22.9995 0.0000e+00
 286.372818     10.894  35.329268    12.1278    6.33124     10.803    30.3744    22.9762 0.0000e+00
 286.372824     10.495  35.305191    12.1300    6.33285     10.407    30.3498    22.9567 0.0000e+00
 286.372830     10.099  35.290289    12.1309    6.34911     10.014    30.3350    22.9450 0.0000e+00
 286.372836      9.705  35.287118    12.1305    6.35825      9.624    30.3324    22.9431 0.0000e+00
 286.372841      9.319  35.287529    12.1302    6.37976      9.241    30.3332    22.9438 0.0000e+00
 286.372847      8.934  35.280859    12.1318    6.39146      8.859    30.3257    22.9377 0.0000e+00
 286.372853      8.542  35.268307    12.1360    6.41193      8.471    30.3105    22.9251 0.0000e+00
 286.372859      8.148  35.252757    12.1420    6.43408      8.080    30.2909    22.9088 0.0000e+00
 286.372865      7.757  35.233098    12.1485    6.48250      7.692    30.2671    22.8891 0.0000e+00
 286.372870      7.370  35.211149    12.1548    6.53460      7.308    30.2412    22.8679 0.0000e+00
 286.372876      6.988  35.191843    12.1610    6.61253      6.930    30.2179    22.8488 0.0000e+00
 286.372882      6.609  35.174107    12.1673    6.68622      6.554    30.1961    22.8307 0.0000e+00
 286.372888      6.228  35.148310    12.1739    6.76009      6.176    30.1664    22.8064 0.0000e+00
 286.372894      5.849  35.109207    12.1804    6.85101      5.800    30.1240    22.7724 0.0000e+00
 286.372899      5.473  35.061839    12.1865    6.93555      5.427    30.0742    22.7327 0.0000e+00
 286.372905      5.101  35.021531    12.1935    7.28848      5.058    30.0303    22.6974 0.0000e+00
 286.372911      4.731  34.992840    12.2010    7.02708      4.691    29.9972    22.6703 0.0000e+00
 286.372917      4.362  34.958813    12.2048    7.00492      4.326    29.9619    22.6423 0.0000e+00
 286.372922      3.999  34.908276    12.2023    7.09737      3.966    29.9160    22.6072 0.0000e+00
 286.372928      3.649  34.850644    12.1949    7.15032      3.619    29.8673    22.5708 0.0000e+00
 286.372934      3.312  34.794839    12.1836    6.81876      3.284    29.8233    22.5388 0.0000e+00
 286.372940      2.984  34.726432    12.1691    7.60135      2.959    29.7700    22.5001 0.0000e+00
 286.372946      2.664  34.625398    12.1521 -9.990e-29      2.642    29.6875    22.4393 0.0000e+00
 286.372951      2.363  34.456236    12.1341 -9.990e-29      2.343    29.5410    22.3291 0.0000e+00
 286.372957      2.092  34.087003    12.1166 -9.990e-29      2.075    29.2041    22.0712 0.0000e+00
 286.372963      1.850  33.089843    12.0956 -9.990e-29      1.835    28.2752    21.3555 0.0000e+00
 286.372969      1.635  32.341624    12.0665 -9.990e-29      1.621    27.5901    20.8301 0.0000e+00
 286.372975      1.450  33.030397    12.0298 -9.990e-29      1.438    28.2688    21.3623 0.0000e+00
 286.372980      1.301  33.887168    11.9887 -9.990e-29      1.290    29.1142    22.0245 -9.990e-29
 286.372986      1.194  33.846197    11.9483 -9.990e-29      1.184    29.1067    22.0260 -9.990e-29
 286.372992      1.133  32.813054    11.9290 -9.990e-29      1.124    28.1390    21.2795 -9.990e-29
 286.372998      1.113  29.369292 -9.990e-29 -9.990e-29      1.104 -9.990e-29 -9.990e-29 -9.990e-29
