data/oxygen options/OCNMS/OCNMS1/raw_data/2007/CTD_MB042_052907faed.cnv
* Sea-Bird SBE19 Data File:
* FileName = C:\2007_mooring_data\CTD_MB042_052907.hex
* Software Version 1.1.6
* Temperature SN = 2997
* Conductivity SN = 2997
* System UpLoad Time = May 29 2007 12:05:54
* SEACAT PROFILER V3.1c SN 2997   05/29/07  12:05:27.273
* strain gauge pressure sensor: S/N = 184829,  range = 3000 psia,  tc = 40
# nquan = 9                                 
# nvalues = 1982                        
# units = specified
# name 0 = timeJ: Julian Days
# name 1 = prSM: Pressure, Strain Gauge [db]
# name 2 = c0mS/cm: Conductivity [mS/cm]
# name 3 = t090C: Temperature [ITS-90, deg C]
# name 4 = oxML/L: Oxygen, Beckman/YSI [ml/l]
# name 5 = depSM: Depth [salt water, m], lat = 47.5
# name 6 = sal00: Salinity, Practical [PSU]
# name 7 = sigma-é00: Density [sigma-theta, kg/m^3]
# name 8 = flag: flag
# span 0 = 149.484838, 149.496302       
# span 1 =     -4.885,     45.216       
# span 2 =   0.046352,  36.194658       
# span 3 =     6.7358,    16.1660       
# span 4 =   -4.96124,   35.57396       
# span 5 =     -4.844,     44.834       
# span 6 =     0.0301,    34.0463       
# span 7 =    -1.0579,    26.5414       
# span 8 = 0.0000e+00, 0.0000e+00       
# interval = seconds: 0.5
# start_time = May 29 2007 11:38:10 [Instrument's time stamp, header]
# bad_flag = -9.990e-29
*END*
[from data line 1601]
 149.494103      4.462  34.762888     8.3602    4.31081      4.425    33.1027    25.7307 -9.990e-29
 149.494109      4.469  34.764022     8.3618    4.31747      4.432    33.1024    25.7303 -9.990e-29
 149.494115      4.477  34.765974     8.3634    4.30899      4.440    33.1029    25.7305 -9.990e-29
 149.494120      4.477  34.767417     8.3638    4.32099      4.440    33.1041    25.7313 -9.990e-29
 149.494126      4.466  34.767471     8.3636    4.31819      4.429    33.1043    25.7315 -9.990e-29
 149.494132      4.450  34.766762     8.3639    4.32285      4.413    33.1033    25.7307 -9.990e-29
 149.494138      4.443  34.766586     8.3648    4.32458      4.406    33.1023    25.7297 -9.990e-29
 149.494144      4.442  34.767264     8.3657    4.32742      4.405    33.1021    25.7295 -9.990e-29
 149.494149      4.441  34.768016     8.3663    4.32253      4.404    33.1024    25.7296 -9.990e-29
 149.494155      4.439  34.768160     8.3665    4.32441      4.402    33.1023    25.7295 -9.990e-29
 149.494161      4.444  34.767884     8.3668    4.31630      4.407    33.1017    25.7290 -9.990e-29
 149.494167      4.456  34.767941     8.3674    4.32096      4.419    33.1012    25.7285 -9.990e-29
 149.494172      4.468  34.768401     8.3680    4.31708      4.431    33.1012    25.7284 -9.990e-29
 149.494178      4.477  34.768752     8.3684    4.32051      4.440    33.1011    25.7283 -9.990e-29
 149.494184      4.482  34.768898     8.3688    4.31681      4.445    33.1009    25.7281 -9.990e-29
 149.494190      4.484  34.769031     8.3693    4.32069      4.447    33.1006    25.7278 -9.990e-29
 149.494196      4.484  34.769323     8.3699    4.32529      4.447    33.1003    25.7275 -9.990e-29
 149.494201      4.481  34.769599     8.3704    4.32255      4.444    33.1002    25.7272 -9.990e-29
 149.494207      4.475  34.769665     8.3702    4.32533      4.438    33.1004    25.7275 -9.990e-29
 149.494213      4.465  34.769606     8.3694    4.32907      4.428    33.1011    25.7281 -9.990e-29
 149.494219      4.452  34.769339     8.3690    4.32282      4.415    33.1012    25.7283 -9.990e-29
 149.494225      4.434  34.769065     8.3694    4.32926      4.397    33.1006    25.7277 -9.990e-29
 149.494230      4.414  34.768976     8.3702    4.32037      4.377    33.0997    25.7269 -9.990e-29
 149.494236      4.399  34.768949     8.3705    4.32512      4.362    33.0994    25.7266 -9.990e-29
 149.494242      4.394  34.768944     8.3703    4.32898      4.357    33.0996    25.7268 -9.990e-29
 149.494248      4.398  34.768952     8.3704    4.32730      4.361    33.0995    25.7267 -9.990e-29
 149.494253      4.410  34.768982     8.3708    4.32073      4.373    33.0992    25.7264 -9.990e-29
 149.494259      4.427  34.769069     8.3710    4.32348      4.390    33.0991    25.7263 -9.990e-29
 149.494265      4.443  34.769326     8.3708    4.32530      4.406    33.0995    25.7267 -9.990e-29
 149.494271      4.453  34.769531     8.3704    4.32639      4.416    33.1001    25.7272 -9.990e-29
 149.494277      4.454  34.769390     8.3702    4.32087      4.417    33.1001    25.7273 -9.990e-29
 149.494282      4.442  34.769274     8.3704    4.31519      4.405    33.0998    25.7270 -9.990e-29
 149.494288      4.429  34.769584     8.3708    4.31492      4.392    33.0998    25.7269 -9.990e-29
 149.494294      4.431  34.770170     8.3709    4.32489      4.394    33.1003    25.7273 -9.990e-29
 149.494300      4.444  34.770692     8.3707    4.31477      4.407    33.1010    25.7279 -9.990e-29
 149.494306      4.456  34.770719     8.3707    4.32703      4.419    33.1011    25.7279 -9.990e-29
 149.494311      4.463  34.770283     8.3709    4.32087      4.426    33.1004    25.7274 -9.990e-29
 149.494317      4.467  34.769919     8.3708    4.31892      4.430    33.1001    25.7272 -9.990e-29
 149.494323      4.466  34.769699     8.3704    4.32260      4.429    33.1003    25.7273 -9.990e-29
 149.494329      4.462  34.769329     8.3702    4.32503      4.425    33.1001    25.7272 -9.990e-29
 149.494334      4.454  34.768871     8.3706    4.32224      4.417    33.0992    25.7265 -9.990e-29
 149.494340      4.440  34.768832     8.3715    4.32041      4.403    33.0983    25.7256 -9.990e-29
 149.494346      4.426  34.769155     8.3723    4.31878      4.389    33.0979    25.7252 -9.990e-29
 149.494352      4.418  34.769709     8.3725    4.31660      4.381    33.0983    25.7255 -9.990e-29
 149.494358      4.421  34.770107     8.3719    4.32014      4.384    33.0993    25.7264 -9.990e-29
 149.494363      4.429  34.769756     8.3709    4.32861      4.392    33.0999    25.7270 -9.990e-29
 149.494369      4.435  34.769305     8.3705    4.33048      4.398    33.0998    25.7269 -9.990e-29
 149.494375      4.436  34.769271     8.3709    4.32204      4.399    33.0994    25.7265 -9.990e-29
 149.494381      4.430  34.769603     8.3716    4.32550      4.393    33.0991    25.7262 -9.990e-29
 149.494387      4.423  34.770181     8.3722    4.32457      4.386    33.0991    25.7262 -9.990e-29
 149.494392      4.422  34.770650     8.3723    4.32592      4.385    33.0995    25.7265 -9.990e-29
 149.494398      4.428  34.771072     8.3723    4.33580      4.391    33.1000    25.7268 -9.990e-29
 149.494404      4.431  34.771447     8.3727    4.33367      4.394    33.1000    25.7268 -9.990e-29
 149.494410      4.432  34.771710     8.3735    4.32514      4.395    33.0995    25.7263 -9.990e-29
 149.494416      4.440  34.772209     8.3743    4.33007      4.403    33.0993    25.7260 -9.990e-29
 149.494421      4.456  34.773045     8.3750    4.31969      4.419    33.0995    25.7260 -9.990e-29
 149.494427      4.471  34.773646     8.3758    4.32798      4.434    33.0994    25.7258 -9.990e-29
 149.494433      4.483  34.773691     8.3768    4.32333      4.446    33.0985    25.7250 -9.990e-29
 149.494439      4.491  34.773796     8.3774    4.32821      4.453    33.0980    25.7245 -9.990e-29
 149.494444      4.498  34.773537     8.3773    4.33199      4.460    33.0978    25.7244 -9.990e-29
 149.494450      4.498  34.772563     8.3774    4.33819      4.460    33.0967    25.7235 -9.990e-29
 149.494456      4.489  34.772377     8.3780    4.33431      4.451    33.0959    25.7228 -9.990e-29
 149.494462      4.476  34.773286     8.3785    4.33596      4.439    33.0964    25.7231 -9.990e-29
 149.494468      4.474  34.774258     8.3790    4.32817      4.437    33.0970    25.7235 -9.990e-29
 149.494473      4.480  34.774904     8.3797    4.33283      4.443    33.0970    25.7234 -9.990e-29
 149.494479      4.488  34.774961     8.3803    4.32831      4.450    33.0965    25.7229 -9.990e-29
 149.494485      4.494  34.774499     8.3803    4.32522      4.456    33.0960    25.7225 -9.990e-29
 149.494491      4.497  34.774020     8.3794    4.31852      4.459    33.0964    25.7229 -9.990e-29
 149.494497      4.495  34.773444     8.3773    4.32295      4.457    33.0977    25.7243 -9.990e-29
 149.494502      4.481  34.772560     8.3746    4.32827      4.444    33.0993    25.7260 -9.990e-29
 149.494508      4.461  34.771864     8.3733    4.33013      4.424    33.0998    25.7266 -9.990e-29
 149.494514      4.441  34.772107     8.3741    4.33253      4.404    33.0993    25.7261 -9.990e-29
 149.494520      4.427  34.773049     8.3755    4.32139      4.390    33.0990    25.7256 -9.990e-29
 149.494525      4.425  34.773703     8.3763    4.31815      4.388    33.0990    25.7254 -9.990e-29
 149.494531      4.434  34.773816     8.3759    4.31792      4.397    33.0995    25.7259 -9.990e-29
 149.494537      4.449  34.773536     8.3747    4.32698      4.412    33.1003    25.7267 -9.990e-29
 149.494543      4.459  34.773046     8.3739    4.33353      4.422    33.1005    25.7270 -9.990e-29
 149.494549      4.456  34.772809     8.3742    4.33262      4.419    33.1000    25.7265 -9.990e-29
 149.494554      4.449  34.773064     8.3749    4.32329      4.412    33.0996    25.7261 -9.990e-29
 149.494560      4.450  34.773588     8.3751    4.32617      4.413    33.1000    25.7264 -9.990e-29
 149.494566      4.463  34.773957     8.3749    4.32794      4.426    33.1005    25.7269 -9.990e-29
 149.494572      4.480  34.774100     8.3753    4.33732      4.443    33.1003    25.7266 -9.990e-29
 149.494578      4.485  34.774202     8.3765    4.33375      4.448    33.0993    25.7256 -9.990e-29
 149.494583      4.476  34.774395     8.3781    4.33563      4.439    33.0980    25.7244 -9.990e-29
 149.494589      4.458  34.774745     8.3791    4.32835      4.421    33.0974    25.7238 -9.990e-29
 149.494595      4.437  34.775157     8.3792    4.33181      4.400    33.0978    25.7241 -9.990e-29
 149.494601      4.413  34.775431     8.3789    4.32825      4.376    33.0984    25.7246 -9.990e-29
 149.494606      4.396  34.775365     8.3787    4.33167      4.359    33.0985    25.7247 -9.990e-29
 149.494612      4.387  34.775244     8.3785    4.33554      4.350    33.0985    25.7248 -9.990e-29
 149.494618      4.386  34.775462     8.3784    4.32530      4.349    33.0989    25.7250 -9.990e-29
 149.494624      4.394  34.775746     8.3782    4.33350      4.357    33.0994    25.7254 -9.990e-29
 149.494630      4.410  34.775909     8.3780    4.32307      4.373    33.0997    25.7258 -9.990e-29
 149.494635      4.431  34.776166     8.3778    4.33145      4.394    33.1002    25.7261 -9.990e-29
 149.494641      4.451  34.776295     8.3779    4.32670      4.414    33.1002    25.7262 -9.990e-29
 149.494647      4.466  34.775902     8.3784    4.33131      4.429    33.0993    25.7254 -9.990e-29
 149.494653      4.477  34.775582     8.3789    4.32702      4.440    33.0985    25.7247 -9.990e-29
 149.494659      4.481  34.776022     8.3792    4.33177      4.444    33.0987    25.7248 -9.990e-29
 149.494664      4.473  34.776685     8.3791    4.32678      4.436    33.0995    25.7254 -9.990e-29
 149.494670      4.457  34.776770     8.3791    4.33167      4.420    33.0996    25.7255 -9.990e-29
 149.494676      4.437  34.776387     8.3795    4.33535      4.400    33.0988    25.7248 -9.990e-29
 149.494682      4.415  34.776145     8.3800    4.34155      4.378    33.0981    25.7242 -9.990e-29
 149.494688      4.399  34.776275     8.3804    4.33693      4.362    33.0978    25.7239 -9.990e-29
 149.494693      4.392  34.776949     8.3807    4.33116      4.355    33.0983    25.7242 -9.990e-29
 149.494699      4.394  34.777940     8.3807    4.32892      4.357    33.0993    25.7250 -9.990e-29
 149.494705      4.404  34.778324     8.3803    4.32689      4.367    33.1001    25.7257 -9.990e-29
 149.494711      4.419  34.778049     8.3802    4.33826      4.382    33.0999    25.7256 -9.990e-29
 149.494716      4.432  34.777864     8.3804    4.34127      4.395    33.0995    25.7252 -9.990e-29
 149.494722      4.439  34.778079     8.3804    4.34826      4.402    33.0997    25.7254 -9.990e-29
 149.494728      4.440  34.778418     8.3805    4.34802      4.403    33.1000    25.7256 -9.990e-29
 149.494734      4.435  34.778769     8.3812    4.34425      4.398    33.0997    25.7253 -9.990e-29
 149.494740      4.429  34.779595     8.3824    4.33411      4.392    33.0995    25.7249 -9.990e-29
 149.494745      4.426  34.780874     8.3840    4.33672      4.389    33.0993    25.7245 -9.990e-29
 149.494751      4.420  34.782065     8.3856    4.33863      4.383    33.0991    25.7241 -9.990e-29
 149.494757      4.407  34.783070     8.3863    4.34854      4.370    33.0995    25.7243 -9.990e-29
 149.494763      4.391  34.783543     8.3860    4.34407      4.354    33.1003    25.7250 -9.990e-29
 149.494769      4.379  34.782990     8.3860    4.34571      4.342    33.0997    25.7245 -9.990e-29
 149.494774      4.375  34.782354     8.3874    4.34562      4.338    33.0977    25.7228 -9.990e-29
 149.494780      4.378  34.783027     8.3893    4.35227      4.341    33.0966    25.7216 -9.990e-29
 149.494786      4.385  34.784781     8.3904    4.34724      4.348    33.0974    25.7221 -9.990e-29
 149.494792      4.387  34.786024     8.3907    4.34271      4.350    33.0985    25.7229 -9.990e-29
 149.494797      4.379  34.786167     8.3909    4.34817      4.342    33.0984    25.7228 -9.990e-29
 149.494803      4.367  34.785958     8.3916    4.34817      4.331    33.0976    25.7220 -9.990e-29
 149.494809      4.358  34.785676     8.3926    4.35171      4.322    33.0963    25.7209 -9.990e-29
 149.494815      4.355  34.785504     8.3933    4.34985      4.319    33.0955    25.7201 -9.990e-29
 149.494821      4.353  34.785767     8.3935    4.35432      4.317    33.0956    25.7202 -9.990e-29
 149.494826      4.350  34.786252     8.3936    4.35613      4.314    33.0960    25.7205 -9.990e-29
 149.494832      4.347  34.787043     8.3940    4.35534      4.311    33.0965    25.7208 -9.990e-29
 149.494838      4.351  34.788070     8.3951    4.34598      4.315    33.0965    25.7207 -9.990e-29
 149.494844      4.360  34.789016     8.3962    4.34031      4.324    33.0965    25.7205 -9.990e-29
 149.494850      4.371  34.790019     8.3970    4.34050      4.334    33.0968    25.7206 -9.990e-29
 149.494855      4.377  34.790730     8.3974    4.35055      4.340    33.0971    25.7208 -9.990e-29
 149.494861      4.373  34.790973     8.3977    4.35612      4.336    33.0971    25.7208 -9.990e-29
 149.494867      4.364  34.791068     8.3981    4.34766      4.328    33.0969    25.7205 -9.990e-29
 149.494873      4.357  34.791138     8.3988    4.35134      4.321    33.0963    25.7199 -9.990e-29
 149.494878      4.357  34.791272     8.3993    4.35045      4.321    33.0959    25.7196 -9.990e-29
 149.494884      4.363  34.791646     8.3995    4.35970      4.327    33.0961    25.7197 -9.990e-29
 149.494890      4.371  34.792194     8.3996    4.35565      4.334    33.0966    25.7201 -9.990e-29
 149.494896      4.373  34.792522     8.3994    4.35665      4.336    33.0972    25.7205 -9.990e-29
 149.494902      4.370  34.792502     8.3993    4.34929      4.333    33.0972    25.7206 -9.990e-29
 149.494907      4.370  34.792104     8.3997    4.35357      4.333    33.0964    25.7199 -9.990e-29
 149.494913      4.377  34.791916     8.4005    4.35702      4.340    33.0955    25.7191 -9.990e-29
 149.494919      4.387  34.792805     8.4010    4.36343      4.350    33.0959    25.7194 -9.990e-29
 149.494925      4.392  34.793708     8.4011    4.35868      4.355    33.0968    25.7200 -9.990e-29
 149.494931      4.393  34.793583     8.4013    4.36129      4.356    33.0965    25.7197 -9.990e-29
 149.494936      4.399  34.793383     8.4023    4.35186      4.362    33.0953    25.7187 -9.990e-29
 149.494942      4.409  34.793958     8.4036    4.36488      4.372    33.0947    25.7180 -9.990e-29
 149.494948      4.416  34.794951     8.4042    4.36194      4.379    33.0952    25.7183 -9.990e-29
 149.494954      4.416  34.795439     8.4047    4.35817      4.379    33.0952    25.7182 -9.990e-29
 149.494959      4.409  34.795508     8.4061    4.35813      4.372    33.0940    25.7171 -9.990e-29
 149.494965      4.398  34.795807     8.4081    4.35251      4.361    33.0924    25.7155 -9.990e-29
 149.494971      4.392  34.796170     8.4099    4.36450      4.355    33.0911    25.7142 -9.990e-29
 149.494977      4.391  34.796518     8.4109    4.36626      4.354    33.0906    25.7136 -9.990e-29
 149.494983      4.385  34.797311     8.4114    4.37448      4.348    33.0909    25.7139 -9.990e-29
 149.494988      4.374  34.798481     8.4119    4.36635      4.337    33.0917    25.7144 -9.990e-29
 149.494994      4.366  34.799342     8.4123    4.36803      4.330    33.0922    25.7147 -9.990e-29
 149.495000      4.365  34.799919     8.4131    4.36873      4.329    33.0921    25.7145 -9.990e-29
 149.495006      4.371  34.800976     8.4143    4.36589      4.334    33.0921    25.7143 -9.990e-29
 149.495012      4.380  34.802239     8.4149    4.37597      4.343    33.0929    25.7148 -9.990e-29
 149.495017      4.383  34.802585     8.4150    4.37430      4.346    33.0931    25.7150 -9.990e-29
