data/oxygen options/OCNMS/OCNMS1/raw_data/2007/CTD_CE065_101207faed.cnv
* Sea-Bird SBE19 Data File:
* FileName = C:\2007_mooring_data\retrieval_101207\CTD_CE065_101207.hex
* Software Version 1.20
* Temperature SN = 2997
* Conductivity SN = 2997
* System UpLoad Time = Oct 12 2007 13:30:46
* SEACAT PROFILER V3.1c SN 2997   10/12/07  13:30:19.904
* strain gauge pressure sensor: S/N = 184829,  range = 3000 psia,  tc = 40
# nquan = 9                                 
# nvalues = 4213                        
# units = specified
# name 0 = timeJ: Julian Days
# name 1 = prSM: Pressure, Strain Gauge [db]
# name 2 = c0mS/cm: Conductivity [mS/cm]
# name 3 = t090C: Temperature [ITS-90, deg C]
# name 4 = oxML/L: Oxygen, Beckman/YSI [ml/l]
# name 5 = depSM: Depth [salt water, m], lat = 47.5
# name 6 = sal00: Salinity, Practical [PSU]
# name 7 = sigma-é00: Density [sigma-theta, kg/m^3]
# name 8 = flag: flag
# span 0 = 285.529097, 285.553472       
# span 1 =     -5.419,     67.225       
# span 2 =   0.163652,  37.466295       
# span 3 =     7.7053,    13.1420       
# span 4 =  -13.92350,   31.42471       
# span 5 =     -5.374,     66.653       
# span 6 =     0.1024,    33.5584       
# span 7 =    -0.5390,    26.1818       
# span 8 = 0.0000e+00, 0.0000e+00       
# interval = seconds: 0.5
# start_time = Oct 12 2007 12:41:54 [Instrument's time stamp, header]
# bad_flag = -9.990e-29
*END*
[from data line 2081]
 285.541140      0.217   0.501002    12.2630   -0.07327      0.215     0.3243    -0.2776 -9.990e-29
 285.541146      0.218   0.494819    12.2675   -0.07325      0.216     0.3202    -0.2814 -9.990e-29
 285.541152      0.218   0.486690    12.2754   -0.07324      0.216     0.3147    -0.2866 -9.990e-29
 285.541157      0.219   0.478530    12.2844   -0.07323      0.217     0.3091    -0.2920 -9.990e-29
 285.541163      0.219   0.472211    12.2918   -0.07322      0.217     0.3049    -0.2962 -9.990e-29
 285.541169      0.221   0.468733    12.2984   -0.07320      0.219     0.3025    -0.2988 -9.990e-29
 285.541175      0.222   0.469561    12.3060   -0.07318      0.220     0.3030    -0.2993 -9.990e-29
 285.541181      0.224   0.476908    12.3123   -0.07319      0.222     0.3078    -0.2963 -9.990e-29
 285.541186      0.227   0.492254    12.3125   -0.07317      0.225     0.3181    -0.2883 -9.990e-29
 285.541192      0.230   0.521645    12.3071   -0.07317      0.228     0.3378    -0.2723 -9.990e-29
 285.541198      0.235   0.576550    12.3024   -0.07317      0.233     0.3747    -0.2430 -9.990e-29
 285.541204      0.240   0.654773    12.3023   -0.07316      0.238     0.4275    -0.2017 -9.990e-29
 285.541209      0.248   0.729204    12.3046   -0.07317      0.246     0.4780    -0.1626 -9.990e-29
 285.541215      0.257   0.773218    12.3078   -0.07315      0.255     0.5080    -0.1396 -9.990e-29
 285.541221      0.269   0.795595    12.3123   -0.07311      0.267     0.5233    -0.1282 -9.990e-29
 285.541227      0.280   0.818408    12.3177   -0.07309      0.278     0.5388    -0.1167 -9.990e-29
 285.541233      0.287   0.837139    12.3233   -0.07307      0.285     0.5516    -0.1075 -9.990e-29
 285.541238      0.289   0.840166    12.3293   -0.07305      0.287     0.5536    -0.1066 -9.990e-29
 285.541244      0.288   0.831524    12.3358   -0.07302      0.286     0.5476    -0.1121 -9.990e-29
 285.541250      0.283   0.815221    12.3429   -0.07302      0.281     0.5363    -0.1217 -9.990e-29
 285.541256      0.274   0.787820    12.3489   -0.07300      0.272     0.5175    -0.1371 -9.990e-29
 285.541262      0.264   0.753268    12.3536   -0.07298      0.262     0.4938    -0.1561 -9.990e-29
 285.541267      0.257   0.727049    12.3609   -0.07297      0.255     0.4759    -0.1710 -9.990e-29
 285.541273      0.252   0.718566    12.3724   -0.07298      0.250     0.4700    -0.1770 -9.990e-29
 285.541279      0.250   0.720392    12.3848   -0.07300      0.248     0.4711    -0.1776 -9.990e-29
 285.541285      0.251   0.720545    12.3964   -0.07304      0.249     0.4710    -0.1790 -9.990e-29
 285.541291      0.254   0.716459    12.4070   -0.07306      0.252     0.4681    -0.1826 -9.990e-29
 285.541296      0.254   0.713776    12.4159   -0.07307      0.252     0.4662    -0.1852 -9.990e-29
 285.541302      0.249   0.715019    12.4236   -0.07309      0.247     0.4669    -0.1855 -9.990e-29
 285.541308      0.242   0.715745    12.4318   -0.07311      0.240     0.4673    -0.1862 -9.990e-29
 285.541314      0.236   0.711380    12.4399   -0.07314      0.234     0.4643    -0.1896 -9.990e-29
 285.541319      0.232   0.701096    12.4448   -0.07318      0.230     0.4572    -0.1956 -9.990e-29
 285.541325      0.229   0.686707    12.4437   -0.07321      0.227     0.4475    -0.2031 -9.990e-29
 285.541331      0.227   0.671209    12.4359   -0.07323      0.225     0.4371    -0.2102 -9.990e-29
 285.541337      0.225   0.658336    12.4246   -0.07325      0.223     0.4285    -0.2156 -9.990e-29
 285.541343      0.224   0.651440    12.4141   -0.07325      0.222     0.4240    -0.2178 -9.990e-29
 285.541348      0.224   0.650199    12.4047   -0.07329      0.222     0.4233    -0.2173 -9.990e-29
 285.541354      0.224   0.651297    12.3950   -0.07331      0.222     0.4241    -0.2155 -9.990e-29
 285.541360      0.224   0.652871    12.3844   -0.07333      0.222     0.4253    -0.2133 -9.990e-29
 285.541366      0.226   0.653142    12.3721   -0.07333      0.224     0.4256    -0.2115 -9.990e-29
 285.541372      0.228   0.648590    12.3587   -0.07334      0.226     0.4227    -0.2122 -9.990e-29
 285.541377      0.231   0.638693    12.3462   -0.07336      0.229     0.4161    -0.2158 -9.990e-29
 285.541383      0.235   0.626887    12.3356   -0.07338      0.233     0.4083    -0.2207 -9.990e-29
 285.541389      0.240   0.616841    12.3266   -0.07340      0.238     0.4016    -0.2248 -9.990e-29
 285.541395      0.246   0.611241    12.3181   -0.07340      0.244     0.3979    -0.2267 -9.990e-29
 285.541400      0.255   0.608720    12.3085   -0.07339      0.253     0.3963    -0.2268 -9.990e-29
 285.541406      0.262   0.604809    12.2989   -0.07338      0.260     0.3937    -0.2277 -9.990e-29
 285.541412      0.263   0.598730    12.2918   -0.07338      0.261     0.3897    -0.2300 -9.990e-29
 285.541418      0.263   0.592912    12.2869   -0.07338      0.261     0.3858    -0.2324 -9.990e-29
 285.541424      0.267   0.588470    12.2819   -0.07337      0.265     0.3829    -0.2341 -9.990e-29
 285.541429      0.273   0.584475    12.2754   -0.07336      0.271     0.3803    -0.2354 -9.990e-29
 285.541435      0.279   0.578926    12.2690   -0.07335      0.277     0.3766    -0.2375 -9.990e-29
 285.541441      0.280   0.570523    12.2644   -0.07334      0.278     0.3710    -0.2413 -9.990e-29
 285.541447      0.277   0.560816    12.2625   -0.07332      0.275     0.3645    -0.2462 -9.990e-29
 285.541453      0.269   0.553499    12.2635   -0.07329      0.267     0.3595    -0.2502 -9.990e-29
 285.541458      0.261   0.550459    12.2658   -0.07328      0.259     0.3575    -0.2520 -9.990e-29
 285.541464      0.255   0.549307    12.2679   -0.07325      0.253     0.3567    -0.2529 -9.990e-29
 285.541470      0.252   0.547397    12.2708   -0.07322      0.250     0.3554    -0.2543 -9.990e-29
 285.541476      0.251   0.544958    12.2759   -0.07322      0.249     0.3537    -0.2562 -9.990e-29
 285.541481      0.253   0.541509    12.2822   -0.07322      0.251     0.3513    -0.2588 -9.990e-29
 285.541487      0.257   0.535780    12.2886   -0.07324      0.255     0.3474    -0.2626 -9.990e-29
 285.541493      0.263   0.528452    12.2960   -0.07324      0.261     0.3424    -0.2674 -9.990e-29
 285.541499      0.269   0.521953    12.3049   -0.07322      0.267     0.3380    -0.2719 -9.990e-29
 285.541505      0.269   0.519262    12.3145   -0.07321      0.267     0.3361    -0.2745 -9.990e-29
 285.541510      0.269   0.521227    12.3240   -0.07319      0.267     0.3373    -0.2747 -9.990e-29
 285.541516      0.267   0.525477    12.3337   -0.07319      0.265     0.3401    -0.2737 -9.990e-29
 285.541522      0.260   0.529366    12.3424   -0.07317      0.258     0.3426    -0.2727 -9.990e-29
 285.541528      0.252   0.531427    12.3479   -0.07316      0.250     0.3440    -0.2723 -9.990e-29
 285.541534      0.247   0.529418    12.3493   -0.07316      0.245     0.3426    -0.2736 -9.990e-29
 285.541539      0.243   0.521769    12.3492   -0.07314      0.241     0.3375    -0.2776 -9.990e-29
 285.541545      0.241   0.511590    12.3510   -0.07312      0.239     0.3307    -0.2831 -9.990e-29
 285.541551      0.241   0.503051    12.3559   -0.07311      0.239     0.3249    -0.2882 -9.990e-29
 285.541557      0.242   0.496413    12.3628   -0.07310      0.240     0.3204    -0.2925 -9.990e-29
 285.541563      0.245   0.490585    12.3701   -0.07308      0.243     0.3165    -0.2964 -9.990e-29
 285.541568      0.250   0.485561    12.3762   -0.07307      0.248     0.3131    -0.2998 -9.990e-29
 285.541574      0.253   0.481297    12.3816   -0.07305      0.251     0.3102    -0.3027 -9.990e-29
 285.541580      0.250   0.477652    12.3869   -0.07305      0.248     0.3077    -0.3053 -9.990e-29
 285.541586      0.245   0.475312    12.3923   -0.07305      0.243     0.3062    -0.3072 -9.990e-29
 285.541591      0.241   0.474484    12.3990   -0.07304      0.239     0.3055    -0.3084 -9.990e-29
 285.541597      0.240   0.473512    12.4073   -0.07302      0.238     0.3048    -0.3100 -9.990e-29
 285.541603      0.240   0.470546    12.4154   -0.07300      0.238     0.3028    -0.3125 -9.990e-29
 285.541609      0.241   0.465512    12.4228   -0.07296      0.239     0.2994    -0.3161 -9.990e-29
 285.541615      0.244   0.459462    12.4305   -0.07293      0.242     0.2953    -0.3202 -9.990e-29
 285.541620      0.249   0.453201    12.4384   -0.07292      0.247     0.2911    -0.3244 -9.990e-29
 285.541626      0.252   0.447069    12.4447   -0.07292      0.250     0.2870    -0.3284 -9.990e-29
 285.541632      0.249   0.441210    12.4485   -0.07294      0.247     0.2831    -0.3319 -9.990e-29
 285.541638      0.244   0.435942    12.4519   -0.07297      0.242     0.2796    -0.3350 -9.990e-29
 285.541644      0.240   0.432001    12.4572   -0.07296      0.238     0.2770    -0.3377 -9.990e-29
 285.541649      0.238   0.430043    12.4653   -0.07294      0.236     0.2756    -0.3398 -9.990e-29
 285.541655      0.237   0.430229    12.4763   -0.07292      0.235     0.2757    -0.3411 -9.990e-29
 285.541661      0.238   0.432254    12.4891   -0.07291      0.236     0.2769    -0.3416 -9.990e-29
 285.541667      0.241   0.435492    12.5001   -0.07293      0.239     0.2790    -0.3414 -9.990e-29
 285.541672      0.245   0.438713    12.5063   -0.07294      0.243     0.2811    -0.3405 -9.990e-29
 285.541678      0.250   0.440115    12.5066   -0.07293      0.248     0.2820    -0.3398 -9.990e-29
 285.541684      0.259   0.438796    12.5028   -0.07291      0.257     0.2811    -0.3400 -9.990e-29
 285.541690      0.269   0.435214    12.4998   -0.07290      0.267     0.2788    -0.3415 -9.990e-29
 285.541696      0.284   0.430690    12.5018   -0.07286      0.282     0.2758    -0.3441 -9.990e-29
 285.541701      0.298   0.426399    12.5075   -0.07285      0.296     0.2729    -0.3470 -9.990e-29
 285.541707      0.305   0.422719    12.5129   -0.07284      0.302     0.2705    -0.3496 -9.990e-29
 285.541713      0.304   0.419732    12.5155   -0.07283      0.301     0.2685    -0.3514 -9.990e-29
 285.541719      0.305   0.416779    12.5153   -0.07283      0.302     0.2665    -0.3529 -9.990e-29
 285.541725      0.307   0.413250    12.5151   -0.07282      0.304     0.2642    -0.3547 -9.990e-29
 285.541730      0.303   0.409432    12.5181   -0.07284      0.300     0.2617    -0.3570 -9.990e-29
 285.541736      0.291   0.405777    12.5244   -0.07282      0.289     0.2592    -0.3597 -9.990e-29
 285.541742      0.280   0.403507    12.5328   -0.07280      0.278     0.2577    -0.3619 -9.990e-29
 285.541748      0.272   0.404032    12.5421   -0.07280      0.270     0.2580    -0.3629 -9.990e-29
 285.541753      0.269   0.406943    12.5504   -0.07278      0.267     0.2598    -0.3624 -9.990e-29
 285.541759      0.269   0.410022    12.5564   -0.07278      0.267     0.2618    -0.3616 -9.990e-29
 285.541765      0.268   0.411277    12.5604   -0.07277      0.266     0.2626    -0.3615 -9.990e-29
 285.541771      0.261   0.410716    12.5629   -0.07276      0.259     0.2622    -0.3621 -9.990e-29
 285.541777      0.254   0.409255    12.5640   -0.07275      0.252     0.2613    -0.3630 -9.990e-29
 285.541782      0.248   0.407163    12.5651   -0.07276      0.246     0.2599    -0.3642 -9.990e-29
 285.541788      0.245   0.404977    12.5690   -0.07276      0.243     0.2584    -0.3658 -9.990e-29
 285.541794      0.244   0.403662    12.5751   -0.07275      0.242     0.2575    -0.3672 -9.990e-29
 285.541800      0.245   0.402575    12.5808   -0.07274      0.243     0.2568    -0.3685 -9.990e-29
 285.541806      0.248   0.400819    12.5857   -0.07272      0.246     0.2556    -0.3700 -9.990e-29
 285.541811      0.252   0.399935    12.5902   -0.07272      0.250     0.2550    -0.3711 -9.990e-29
 285.541817      0.259   0.400962    12.5946   -0.07274      0.257     0.2556    -0.3711 -9.990e-29
 285.541823      0.269   0.401942    12.5983   -0.07276      0.267     0.2562    -0.3711 -9.990e-29
 285.541829      0.278   0.401410    12.6005   -0.07276      0.276     0.2559    -0.3716 -9.990e-29
 285.541834      0.282   0.400317    12.6017   -0.07276      0.280     0.2552    -0.3723 -9.990e-29
 285.541840      0.282   0.398872    12.6032   -0.07276      0.280     0.2542    -0.3733 -9.990e-29
 285.541846      0.278   0.396255    12.6061   -0.07279      0.276     0.2525    -0.3750 -9.990e-29
 285.541852      0.273   0.393411    12.6104   -0.07281      0.271     0.2506    -0.3770 -9.990e-29
 285.541858      0.273   0.392092    12.6140   -0.07282      0.271     0.2497    -0.3781 -9.990e-29
 285.541863      0.275   0.392202    12.6141   -0.07282      0.273     0.2498    -0.3781 -9.990e-29
 285.541869      0.278   0.392223    12.6098   -0.07283      0.276     0.2498    -0.3775 -9.990e-29
 285.541875      0.275   0.392184    12.6039   -0.07285      0.273     0.2498    -0.3768 -9.990e-29
 285.541881      0.273   0.393696    12.5997   -0.07287      0.271     0.2508    -0.3755 -9.990e-29
 285.541887      0.269   0.396558    12.5969   -0.07288      0.267     0.2527    -0.3736 -9.990e-29
 285.541892      0.261   0.398486    12.5922   -0.07289      0.259     0.2540    -0.3721 -9.990e-29
 285.541898      0.251   0.398172    12.5850   -0.07292      0.249     0.2539    -0.3713 -9.990e-29
 285.541904      0.244   0.396304    12.5781   -0.07294      0.242     0.2527    -0.3714 -9.990e-29
 285.541910      0.238   0.393719    12.5730   -0.07296      0.236     0.2510    -0.3721 -9.990e-29
 285.541916      0.234   0.390848    12.5685   -0.07296      0.232     0.2492    -0.3730 -9.990e-29
 285.541921      0.231   0.388299    12.5627   -0.07300      0.229     0.2475    -0.3735 -9.990e-29
 285.541927      0.229   0.385998    12.5553   -0.07302      0.227     0.2461    -0.3738 -9.990e-29
 285.541933      0.227   0.383649    12.5479   -0.07303      0.225     0.2446    -0.3740 -9.990e-29
 285.541939      0.227   0.382002    12.5404   -0.07302      0.225     0.2435    -0.3739 -9.990e-29
 285.541944      0.227   0.382188    12.5314   -0.07300      0.225     0.2437    -0.3727 -9.990e-29
 285.541950      0.228   0.384453    12.5209   -0.07300      0.226     0.2453    -0.3702 -9.990e-29
 285.541956      0.230   0.388491    12.5104   -0.07299      0.228     0.2480    -0.3668 -9.990e-29
 285.541962      0.233   0.394141    12.5012   -0.07297      0.231     0.2517    -0.3628 -9.990e-29
 285.541968      0.238   0.400067    12.4924   -0.07297      0.236     0.2557    -0.3586 -9.990e-29
 285.541973      0.243   0.403084    12.4832   -0.07298      0.241     0.2577    -0.3559 -9.990e-29
 285.541979      0.250   0.401116    12.4759   -0.07298      0.248     0.2565    -0.3560 -9.990e-29
 285.541985      0.260   0.395419    12.4731   -0.07299      0.258     0.2528    -0.3586 -9.990e-29
 285.541991      0.272   0.388930    12.4752   -0.07300      0.270     0.2485    -0.3622 -9.990e-29
 285.541997      0.284   0.384083    12.4801   -0.07300      0.282     0.2453    -0.3653 -9.990e-29
 285.542002      0.292   0.381068    12.4850   -0.07299      0.290     0.2433    -0.3674 -9.990e-29
 285.542008      0.296   0.378636    12.4895   -0.07298      0.294     0.2416    -0.3692 -9.990e-29
 285.542014      0.292   0.376871    12.4932   -0.07297      0.290     0.2405    -0.3706 -9.990e-29
 285.542020      0.281   0.376744    12.4940   -0.07297      0.279     0.2404    -0.3708 -9.990e-29
 285.542025      0.269   0.378086    12.4921   -0.07296      0.267     0.2413    -0.3698 -9.990e-29
 285.542031      0.260   0.379360    12.4895   -0.07294      0.258     0.2421    -0.3689 -9.990e-29
 285.542037      0.255   0.379495    12.4869   -0.07292      0.253     0.2422    -0.3685 -9.990e-29
 285.542043      0.252   0.378668    12.4853   -0.07291      0.250     0.2417    -0.3687 -9.990e-29
 285.542049      0.251   0.376885    12.4864   -0.07290      0.249     0.2405    -0.3697 -9.990e-29
 285.542054      0.253   0.374540    12.4895   -0.07291      0.251     0.2390    -0.3713 -9.990e-29
