data/oxygen options/OCNMS/OCNMS1/raw_data/2007/CTD_CE042_060607faed.cnv
* Sea-Bird SBE19 Data File:
* FileName = C:\2007_mooring_data\CTD_CE042_060607.hex
* Software Version 1.1.6
* Temperature SN = 2997
* Conductivity SN = 2997
* System UpLoad Time = Jun 06 2007 12:47:23
* SEACAT PROFILER V3.1c SN 2997   06/06/07  12:46:49.773
* strain gauge pressure sensor: S/N = 184829,  range = 3000 psia,  tc = 40
# nquan = 9                                 
# nvalues = 1762                        
# units = specified
# name 0 = timeJ: Julian Days
# name 1 = prSM: Pressure, Strain Gauge [db]
# name 2 = c0mS/cm: Conductivity [mS/cm]
# name 3 = t090C: Temperature [ITS-90, deg C]
# name 4 = oxML/L: Oxygen, Beckman/YSI [ml/l]
# name 5 = depSM: Depth [salt water, m], lat = 47.5
# name 6 = sal00: Salinity, Practical [PSU]
# name 7 = sigma-é00: Density [sigma-theta, kg/m^3]
# name 8 = flag: flag
# span 0 = 157.511840, 157.522031       
# span 1 =     -5.422,     41.161       
# span 2 =   0.985495,  37.091119       
# span 3 =     7.5614,    12.1323       
# span 4 =  -12.20553,   34.56433       
# span 5 =     -5.377,     40.813       
# span 6 =     0.6572,    33.6657       
# span 7 =    -0.0024,    26.2582       
# span 8 = 0.0000e+00, 0.0000e+00       
# interval = seconds: 0.5
# start_time = Jun 06 2007 12:17:03 [Instrument's time stamp, header]
# bad_flag = -9.990e-29
*END*
[from data line 1121]
 157.518328     21.222  34.886986     8.0006    2.11193     21.044    33.5686    26.1499 -9.990e-29
 157.518333     21.293  34.888800     8.0005    2.10771     21.114    33.5706    26.1515 -9.990e-29
 157.518339     21.334  34.889269     8.0004    2.10798     21.155    33.5711    26.1520 -9.990e-29
 157.518345     21.337  34.888459     8.0006    2.10815     21.158    33.5701    26.1511 -9.990e-29
 157.518351     21.308  34.886975     8.0013    2.10019     21.129    33.5678    26.1492 -9.990e-29
 157.518356     21.254  34.885646     8.0028    2.10632     21.076    33.5650    26.1468 -9.990e-29
 157.518362     21.184  34.884947     8.0040    2.10810     21.006    33.5631    26.1451 -9.990e-29
 157.518368     21.115  34.884509     8.0036    2.10145     20.938    33.5631    26.1452 -9.990e-29
 157.518374     21.063  34.883757     8.0021    2.08453     20.886    33.5637    26.1459 -9.990e-29
 157.518380     21.035  34.882813     8.0007    2.07629     20.858    33.5641    26.1464 -9.990e-29
 157.518385     21.028  34.882106     7.9992    2.06092     20.851    33.5648    26.1471 -9.990e-29
 157.518391     21.042  34.881258     7.9975    2.05544     20.865    33.5655    26.1480 -9.990e-29
 157.518397     21.073  34.879700     7.9957    2.06959     20.896    33.5655    26.1483 -9.990e-29
 157.518403     21.111  34.878162     7.9945    2.07569     20.934    33.5650    26.1480 -9.990e-29
 157.518409     21.142  34.877961     7.9942    2.08513     20.964    33.5651    26.1481 -9.990e-29
 157.518414     21.157  34.878831     7.9951    2.08714     20.979    33.5651    26.1480 -9.990e-29
 157.518420     21.163  34.880252     7.9974    2.10032     20.985    33.5645    26.1472 -9.990e-29
 157.518426     21.164  34.881322     8.0009    2.11214     20.986    33.5622    26.1449 -9.990e-29
 157.518432     21.161  34.881788     8.0060    2.12250     20.983    33.5578    26.1407 -9.990e-29
 157.518438     21.152  34.883960     8.0138    2.13697     20.974    33.5527    26.1355 -9.990e-29
 157.518443     21.143  34.887933     8.0217    2.13962     20.965    33.5494    26.1317 -9.990e-29
 157.518449     21.140  34.891164     8.0252    2.14441     20.962    33.5495    26.1313 -9.990e-29
 157.518455     21.149  34.892362     8.0233    2.14710     20.971    33.5526    26.1340 -9.990e-29
 157.518461     21.164  34.891447     8.0193    2.14794     20.986    33.5554    26.1368 -9.990e-29
 157.518466     21.179  34.890006     8.0168    2.14388     21.001    33.5563    26.1379 -9.990e-29
 157.518472     21.191  34.890043     8.0168    2.14690     21.013    33.5563    26.1379 -9.990e-29
 157.518478     21.199  34.891052     8.0180    2.15060     21.021    33.5562    26.1377 -9.990e-29
 157.518484     21.205  34.892137     8.0202    2.15729     21.027    33.5553    26.1366 -9.990e-29
 157.518490     21.209  34.893629     8.0234    2.16595     21.031    33.5538    26.1350 -9.990e-29
 157.518495     21.211  34.895282     8.0264    2.17897     21.033    33.5527    26.1336 -9.990e-29
 157.518501     21.212  34.895938     8.0283    2.19388     21.034    33.5516    26.1325 -9.990e-29
 157.518507     21.210  34.895917     8.0299    2.20811     21.032    33.5500    26.1310 -9.990e-29
 157.518513     21.207  34.896876     8.0322    2.22951     21.029    33.5488    26.1298 -9.990e-29
 157.518519     21.207  34.898979     8.0363    2.24054     21.029    33.5471    26.1278 -9.990e-29
 157.518524     21.217  34.902231     8.0427    2.24913     21.039    33.5445    26.1248 -9.990e-29
 157.518530     21.234  34.906488     8.0489    2.26461     21.056    33.5431    26.1228 -9.990e-29
 157.518536     21.243  34.909581     8.0516    2.26350     21.065    33.5438    26.1229 -9.990e-29
 157.518542     21.234  34.910034     8.0507    2.27938     21.056    33.5451    26.1241 -9.990e-29
 157.518547     21.209  34.909016     8.0494    2.27929     21.031    33.5453    26.1245 -9.990e-29
 157.518553     21.173  34.908537     8.0511    2.30117     20.995    33.5432    26.1225 -9.990e-29
 157.518559     21.146  34.909646     8.0563    2.33278     20.968    33.5394    26.1188 -9.990e-29
 157.518565     21.138  34.913264     8.0627    2.36180     20.961    33.5371    26.1161 -9.990e-29
 157.518571     21.146  34.918617     8.0690    2.39863     20.968    33.5368    26.1149 -9.990e-29
 157.518576     21.165  34.923876     8.0751    2.41731     20.987    33.5365    26.1138 -9.990e-29
 157.518582     21.192  34.928770     8.0801    2.43536     21.014    33.5370    26.1134 -9.990e-29
 157.518588     21.220  34.931982     8.0849    2.45176     21.042    33.5358    26.1118 -9.990e-29
 157.518594     21.248  34.934438     8.0930    2.45861     21.070    33.5306    26.1065 -9.990e-29
 157.518600     21.272  34.938295     8.1039    2.46824     21.093    33.5243    26.0999 -9.990e-29
 157.518605     21.280  34.941412     8.1120    2.48549     21.101    33.5199    26.0953 -9.990e-29
 157.518611     21.262  34.941782     8.1148    2.49704     21.083    33.5176    26.0931 -9.990e-29
 157.518617     21.215  34.940466     8.1179    2.51918     21.037    33.5132    26.0892 -9.990e-29
 157.518623     21.150  34.940198     8.1281    2.53276     20.972    33.5032    26.0798 -9.990e-29
 157.518628     21.083  34.943427     8.1425    2.53392     20.906    33.4929    26.0696 -9.990e-29
 157.518634     21.036  34.951102     8.1534    2.51765     20.859    33.4907    26.0662 -9.990e-29
 157.518640     21.024  34.960010     8.1564    2.51157     20.847    33.4974    26.0710 -9.990e-29
 157.518646     21.045  34.964099     8.1501    2.50710     20.868    33.5077    26.0801 -9.990e-29
 157.518652     21.088  34.961542     8.1392    2.50958     20.911    33.5154    26.0877 -9.990e-29
 157.518657     21.139  34.955659     8.1323    2.52500     20.962    33.5157    26.0890 -9.990e-29
 157.518663     21.187  34.952059     8.1326    2.55258     21.009    33.5116    26.0857 -9.990e-29
 157.518669     21.229  34.953792     8.1385    2.57935     21.051    33.5077    26.0818 -9.990e-29
 157.518675     21.256  34.958684     8.1470    2.61933     21.078    33.5048    26.0783 -9.990e-29
 157.518681     21.264  34.962613     8.1572    2.67171     21.085    33.4992    26.0724 -9.990e-29
 157.518686     21.248  34.965215     8.1730    2.70700     21.070    33.4869    26.0604 -9.990e-29
 157.518692     21.215  34.969964     8.1926    2.73833     21.037    33.4733    26.0467 -9.990e-29
 157.518698     21.181  34.978155     8.2081    2.75816     21.003    33.4672    26.0397 -9.990e-29
 157.518704     21.160  34.988382     8.2170    2.75787     20.982    33.4696    26.0402 -9.990e-29
 157.518709     21.160  34.996914     8.2210    2.75174     20.982    33.4749    26.0438 -9.990e-29
 157.518715     21.172  34.998880     8.2220    2.73602     20.994    33.4760    26.0445 -9.990e-29
 157.518721     21.184  34.996904     8.2220    2.71206     21.006    33.4739    26.0428 -9.990e-29
 157.518727     21.193  34.996764     8.2216    2.68011     21.015    33.4741    26.0431 -9.990e-29
 157.518733     21.199  34.996595     8.2198    2.64854     21.021    33.4757    26.0445 -9.990e-29
 157.518738     21.207  34.993934     8.2146    2.62147     21.029    33.4778    26.0470 -9.990e-29
 157.518744     21.222  34.990282     8.2066    2.61126     21.044    33.4815    26.0511 -9.990e-29
 157.518750     21.240  34.986380     8.1982    2.62904     21.062    33.4854    26.0554 -9.990e-29
 157.518756     21.253  34.982634     8.1916    2.65009     21.075    33.4877    26.0582 -9.990e-29
 157.518762     21.255  34.980215     8.1889    2.67771     21.077    33.4877    26.0586 -9.990e-29
 157.518767     21.241  34.980386     8.1917    2.72523     21.063    33.4852    26.0562 -9.990e-29
 157.518773     21.209  34.983378     8.1991    2.78730     21.031    33.4814    26.0521 -9.990e-29
 157.518779     21.164  34.988138     8.2111    2.86867     20.986    33.4750    26.0453 -9.990e-29
 157.518785     21.109  34.994851     8.2299    2.95625     20.932    33.4642    26.0341 -9.990e-29
 157.518791     21.050  35.004627     8.2532    3.01238     20.873    33.4524    26.0213 -9.990e-29
 157.518796     20.997  35.017611     8.2726    3.04271     20.821    33.4478    26.0148 -9.990e-29
 157.518802     20.962  35.030945     8.2835    3.03424     20.786    33.4516    26.0161 -9.990e-29
 157.518808     20.957  35.038874     8.2882    3.01987     20.781    33.4555    26.0185 -9.990e-29
 157.518814     20.981  35.039458     8.2883    2.98259     20.805    33.4560    26.0189 -9.990e-29
 157.518819     21.023  35.037389     8.2865    2.92957     20.846    33.4555    26.0188 -9.990e-29
 157.518825     21.073  35.040316     8.2857    2.85073     20.896    33.4593    26.0219 -9.990e-29
 157.518831     21.129  35.044758     8.2768    2.76634     20.952    33.4725    26.0336 -9.990e-29
 157.518837     21.192  35.033374     8.2549    2.69856     21.014    33.4813    26.0437 -9.990e-29
 157.518843     21.251  35.008275     8.2364    2.62872     21.073    33.4722    26.0394 -9.990e-29
 157.518848     21.294  34.990283     8.2377    2.58019     21.115    33.4518    26.0232 -9.990e-29
 157.518854     21.311  34.983901     8.2585    2.54611     21.132    33.4253    25.9992 -9.990e-29
 157.518860     21.303  34.982212     8.2867    2.50994     21.124    33.3966    25.9726 -9.990e-29
 157.518866     21.277  34.982315     8.3137    2.47917     21.098    33.3711    25.9485 -9.990e-29
 157.518872     21.237  34.983145     8.3375    2.44137     21.059    33.3494    25.9279 -9.990e-29
 157.518877     21.184  34.983484     8.3524    2.40059     21.006    33.3357    25.9149 -9.990e-29
 157.518883     21.123  34.983142     8.3523    2.37129     20.946    33.3355    25.9147 -9.990e-29
 157.518889     21.059  34.982702     8.3430    2.35233     20.882    33.3438    25.9227 -9.990e-29
 157.518895     21.001  34.982054     8.3331    2.32679     20.825    33.3526    25.9310 -9.990e-29
 157.518900     20.962  34.980247     8.3217    2.30523     20.786    33.3615    25.9397 -9.990e-29
 157.518906     20.952  34.977585     8.3036    2.28700     20.776    33.3758    25.9537 -9.990e-29
 157.518912     20.972  34.976038     8.2766    2.26175     20.796    33.3999    25.9766 -9.990e-29
 157.518918     21.013  34.976258     8.2452    2.23850     20.837    33.4299    26.0049 -9.990e-29
 157.518924     21.070  34.976766     8.2202    2.22620     20.893    33.4543    26.0277 -9.990e-29
 157.518929     21.133  34.976466     8.2074    2.21670     20.956    33.4661    26.0389 -9.990e-29
 157.518935     21.190  34.976548     8.2045    2.20186     21.012    33.4690    26.0416 -9.990e-29
 157.518941     21.230  34.978148     8.2076    2.18867     21.052    33.4677    26.0401 -9.990e-29
 157.518947     21.249  34.980506     8.2164    2.16993     21.071    33.4618    26.0342 -9.990e-29
 157.518953     21.243  34.982195     8.2334    2.17831     21.065    33.4474    26.0203 -9.990e-29
 157.518958     21.216  34.982578     8.2534    2.19404     21.038    33.4287    26.0027 -9.990e-29
 157.518964     21.174  34.982078     8.2620    2.21460     20.996    33.4201    25.9946 -9.990e-29
 157.518970     21.129  34.981069     8.2529    2.23136     20.952    33.4277    26.0019 -9.990e-29
 157.518976     21.094  34.979245     8.2332    2.22897     20.917    33.4445    26.0181 -9.990e-29
 157.518981     21.079  34.975772     8.2118    2.22208     20.902    33.4612    26.0344 -9.990e-29
 157.518987     21.085  34.969854     8.1962    2.20326     20.908    33.4698    26.0435 -9.990e-29
 157.518993     21.097  34.963039     8.1889    2.19284     20.920    33.4695    26.0443 -9.990e-29
 157.518999     21.106  34.958483     8.1868    2.17978     20.929    33.4667    26.0424 -9.990e-29
 157.519005     21.105  34.956746     8.1870    2.15944     20.928    33.4646    26.0408 -9.990e-29
 157.519010     21.097  34.956547     8.1886    2.15560     20.920    33.4629    26.0392 -9.990e-29
 157.519016     21.083  34.956972     8.1906    2.13609     20.906    33.4614    26.0377 -9.990e-29
 157.519022     21.073  34.957382     8.1926    2.11715     20.896    33.4600    26.0363 -9.990e-29
 157.519028     21.070  34.957677     8.1934    2.11561     20.893    33.4595    26.0358 -9.990e-29
 157.519034     21.069  34.958162     8.1927    2.10646     20.892    33.4607    26.0369 -9.990e-29
 157.519039     21.061  34.958838     8.1914    2.11218     20.884    33.4627    26.0386 -9.990e-29
 157.519045     21.046  34.959396     8.1892    2.11623     20.869    33.4654    26.0410 -9.990e-29
 157.519051     21.032  34.959934     8.1829    2.12147     20.855    33.4720    26.0471 -9.990e-29
 157.519057     21.022  34.961080     8.1709    2.12098     20.845    33.4846    26.0589 -9.990e-29
 157.519062     21.011  34.963157     8.1582    2.12447     20.835    33.4990    26.0720 -9.990e-29
 157.519068     20.990  34.965480     8.1546    2.14515     20.814    33.5049    26.0772 -9.990e-29
 157.519074     20.953  34.967134     8.1606    2.16731     20.777    33.5010    26.0732 -9.990e-29
 157.519080     20.898  34.967993     8.1657    2.20000     20.723    33.4970    26.0694 -9.990e-29
 157.519086     20.821  34.968553     8.1620    2.23633     20.646    33.5012    26.0732 -9.990e-29
 157.519091     20.718  34.968915     8.1505    2.25770     20.544    33.5126    26.0838 -9.990e-29
 157.519097     20.578  34.968917     8.1405    2.27174     20.405    33.5222    26.0929 0.0000e+00
 157.519103     20.383  34.969032     8.1414    2.26310     20.212    33.5216    26.0922 0.0000e+00
 157.519109     20.120  34.969323     8.1496    2.25235     19.951    33.5142    26.0852 0.0000e+00
 157.519115     19.792  34.968968     8.1547    2.24682     19.626    33.5091    26.0804 0.0000e+00
 157.519120     19.409  34.967970     8.1559    2.22476     19.246    33.5071    26.0787 0.0000e+00
 157.519126     18.997  34.967159     8.1570    2.20555     18.838    33.5053    26.0772 0.0000e+00
 157.519132     18.574  34.966492     8.1608    2.18591     18.418    33.5012    26.0733 0.0000e+00
 157.519138     18.149  34.965556     8.1777    2.15731     17.997    33.4843    26.0575 0.0000e+00
 157.519144     17.717  34.964701     8.2352    2.13023     17.568    33.4287    26.0054 0.0000e+00
 157.519149     17.266  34.964381     8.3817    2.10194     17.121    33.2896    25.8743 0.0000e+00
 157.519155     16.790  34.964643     8.6158    2.06978     16.649    33.0698    25.6665 0.0000e+00
 157.519161     16.288  34.965196     8.8570    2.05876     16.151    32.8460    25.4542 0.0000e+00
 157.519167     15.767  34.965593     9.0559    2.03250     15.635    32.6632    25.2803 0.0000e+00
 157.519172     15.237  34.965763     9.2102    2.01299     15.109    32.5225    25.1459 0.0000e+00
 157.519178     14.703  34.965889     9.3150    1.98356     14.580    32.4275    25.0551 0.0000e+00
 157.519184     14.164  34.966086     9.3882    1.96318     14.045    32.3617    24.9920 0.0000e+00
 157.519190     13.620  34.966557     9.4733    1.96671     13.506    32.2856    24.9189 0.0000e+00
 157.519196     13.072  34.967300     9.5931    1.97504     12.962    32.1789    24.8164 0.0000e+00
 157.519201     12.524  34.968105     9.7170    1.97485     12.419    32.0692    24.7107 0.0000e+00
 157.519207     11.987  34.969411     9.7928    1.97238     11.887    32.0033    24.6470 0.0000e+00
 157.519213     11.466  34.972896     9.8241    1.97398     11.370    31.9793    24.6231 0.0000e+00
 157.519219     10.953  34.983708     9.8648    1.96678     10.861    31.9544    24.5970 0.0000e+00
 157.519225     10.446  35.001053     9.9568    1.96822     10.359    31.8908    24.5323 0.0000e+00
 157.519230      9.943  35.014332    10.1065    1.99242      9.860    31.7726    24.4155 0.0000e+00
 157.519236      9.441  35.021548    10.2618    2.01549      9.362    31.6442    24.2896 0.0000e+00
 157.519242      8.948  35.031687    10.3519    2.02134      8.873    31.5761    24.2215 0.0000e+00
