data/oxygen options/OCNMS/OCNMS1/raw_data/2007/CTD_KL027_101207faed.cnv
* Sea-Bird SBE19 Data File:
* FileName = C:\2007_mooring_data\retrieval_101207\CTD_KL027_101207.hex
* Software Version 1.20
* Temperature SN = 2997
* Conductivity SN = 2997
* System UpLoad Time = Oct 12 2007 15:49:55
* SEACAT PROFILER V3.1c SN 2997   10/12/07  15:49:31.989
* strain gauge pressure sensor: S/N = 184829,  range = 3000 psia,  tc = 40
# nquan = 9                                 
# nvalues = 751                         
# units = specified
# name 0 = timeJ: Julian Days
# name 1 = prSM: Pressure, Strain Gauge [db]
# name 2 = c0mS/cm: Conductivity [mS/cm]
# name 3 = t090C: Temperature [ITS-90, deg C]
# name 4 = oxML/L: Oxygen, Beckman/YSI [ml/l]
# name 5 = depSM: Depth [salt water, m], lat = 47.5
# name 6 = sal00: Salinity, Practical [PSU]
# name 7 = sigma-é00: Density [sigma-theta, kg/m^3]
# name 8 = flag: flag
# span 0 = 285.602014, 285.606354       
# span 1 =     -5.317,     28.590       
# span 2 =   1.087713,  36.872509       
# span 3 =    12.4883,    15.1341       
# span 4 =   -0.06098,   31.30418       
# span 5 =     -5.273,     28.349       
# span 6 =     0.6753,    31.4032       
# span 7 =    -0.3926,    23.6756       
# span 8 = 0.0000e+00, 0.0000e+00       
# interval = seconds: 0.5
# start_time = Oct 12 2007 14:26:54 [Instrument's time stamp, header]
# bad_flag = -9.990e-29
*END*
 285.602014     -5.317 -9.990e-29    15.1341   -0.06036     -5.273 -9.990e-29 -9.990e-29 -9.990e-29
 285.602020     -5.280   1.087713    15.1077   -0.06066     -5.236     0.6753    -0.3926 -9.990e-29
 285.602025     -5.229   1.116887    15.0749   -0.06080     -5.185     0.6948    -0.3725 -9.990e-29
 285.602031     -5.163   1.209216    15.0287   -0.06089     -5.120     0.7558    -0.3183 -9.990e-29
 285.602037     -5.093   1.542711    14.9460   -0.06088     -5.051     0.9774    -0.1345 -9.990e-29
 285.602043     -5.009   2.530917    14.7559   -0.06085     -4.967     1.6539     0.4163 -9.990e-29
 285.602049     -4.898   5.197904    14.3814   -0.06087     -4.857     3.5846     1.9603 -9.990e-29
 285.602054     -4.751  12.658060    13.8937   -0.06086     -4.711     9.4419     6.5381 -9.990e-29
 285.602060     -4.561  23.616363    13.4424   -0.06082     -4.523    18.8270    13.8261 -9.990e-29
 285.602066     -4.323  30.812382    13.0821   -0.06078     -4.287    25.4595    19.0004 -9.990e-29
 285.602072     -4.044  33.117076    12.8252   -0.06075     -4.010    27.7596    20.8239 -9.990e-29
 285.602078     -3.731  33.839770    12.6672   -0.06084     -3.700    28.5502    21.4643 -9.990e-29
 285.602083     -3.395  34.084659    12.5792   -0.06087     -3.367    28.8463    21.7096 -9.990e-29
 285.602089     -3.049  34.197289    12.5417   -0.06085     -3.024    28.9807    21.8205 -9.990e-29
 285.602095     -2.709  34.275159    12.5367   -0.06081     -2.686    29.0575    21.8809 -9.990e-29
 285.602101     -2.396  34.334128    12.5446   -0.06084     -2.376    29.1067    21.9175 -9.990e-29
 285.602106     -2.125  34.350852    12.5507   -0.06084     -2.107    29.1176    21.9248 -9.990e-29
 285.602112     -1.896  34.335879    12.5529   -0.06086     -1.880    29.1018    21.9121 -9.990e-29
 285.602118     -1.702  34.353314    12.5564   -0.06089     -1.688    29.1154    21.9220 -9.990e-29
 285.602124     -1.540  34.416897    12.5602   -0.06088     -1.527    29.1721    21.9652 -9.990e-29
 285.602130     -1.409  34.469657    12.5573   -0.06084     -1.397    29.2239    22.0058 -9.990e-29
 285.602135     -1.307  34.457564    12.5501   -0.06084     -1.296    29.2181    22.0027 -9.990e-29
 285.602141     -1.230  34.400933    12.5434   -0.06085     -1.220    29.1700    21.9667 -9.990e-29
 285.602147     -1.162  34.369398    12.5333   -0.06088     -1.152    29.1482    21.9517 -9.990e-29
 285.602153     -1.097  34.395455    12.5226   -0.06090     -1.088    29.1809    21.9790 -9.990e-29
 285.602159     -1.034  34.451664    12.5208   -0.06086     -1.025    29.2352    22.0213 -9.990e-29
 285.602164     -0.978  34.485230    12.5254   -0.06086     -0.970    29.2632    22.0421 -9.990e-29
 285.602170     -0.928  34.468080    12.5258   -0.06091     -0.920    29.2467    22.0293 -9.990e-29
 285.602176     -0.883  34.417147    12.5202   -0.06092     -0.876    29.2031    21.9966 -9.990e-29
 285.602182     -0.840  34.386691    12.5126   -0.06090     -0.833    29.1804    21.9804 -9.990e-29
 285.602188     -0.795  34.413447    12.5074   -0.06084     -0.788    29.2095    22.0040 -9.990e-29
 285.602193     -0.749  34.470910    12.5085   -0.06082     -0.743    29.2628    22.0449 -9.990e-29
 285.602199     -0.710  34.501794    12.5131   -0.06087     -0.704    29.2882    22.0638 -9.990e-29
 285.602205     -0.677  34.476688    12.5141   -0.06086     -0.671    29.2638    22.0447 -9.990e-29
 285.602211     -0.650  34.426014    12.5108   -0.06081     -0.645    29.2187    22.0104 -9.990e-29
 285.602216     -0.627  34.409421    12.5069   -0.06083     -0.622    29.2061    22.0014 -9.990e-29
 285.602222     -0.605  34.430578    12.5055   -0.06083     -0.600    29.2271    22.0179 -9.990e-29
 285.602228     -0.585  34.432541    12.5075   -0.06086     -0.580    29.2274    22.0177 -9.990e-29
 285.602234     -0.564  34.401133    12.5109   -0.06086     -0.559    29.1952    21.9922 -9.990e-29
 285.602240     -0.540  34.384145    12.5142   -0.06083     -0.535    29.1766    21.9772 -9.990e-29
 285.602245     -0.518  34.413859    12.5201   -0.06082     -0.514    29.2000    21.9942 -9.990e-29
 285.602251     -0.500  34.464911    12.5306   -0.06083     -0.496    29.2398    22.0231 -9.990e-29
 285.602257     -0.480  34.474270    12.5395   -0.06086     -0.476    29.2417    22.0229 -9.990e-29
 285.602263     -0.457  34.433139    12.5387   -0.06088     -0.453    29.2037    21.9936 -9.990e-29
 285.602269     -0.434  34.416135    12.5327   -0.06089     -0.430    29.1923    21.9860 -9.990e-29
 285.602274     -0.409  34.451594    12.5328   -0.06086     -0.406    29.2256    22.0117 -9.990e-29
 285.602280     -0.386  34.480349    12.5386   -0.06086     -0.383    29.2481    22.0280 -9.990e-29
 285.602286     -0.366  34.461747    12.5416   -0.06087     -0.363    29.2283    22.0121 -9.990e-29
 285.602292     -0.349  34.419193    12.5381   -0.06092     -0.346    29.1910    21.9839 -9.990e-29
 285.602297     -0.333  34.409152    12.5329   -0.06094     -0.330    29.1856    21.9807 -9.990e-29
 285.602303     -0.318  34.443469    12.5298   -0.06088     -0.315    29.2202    22.0081 -9.990e-29
 285.602309     -0.303  34.470979    12.5271   -0.06088     -0.300    29.2482    22.0302 -9.990e-29
 285.602315     -0.286  34.460578    12.5221   -0.06091     -0.284    29.2423    22.0266 -9.990e-29
 285.602321     -0.267  34.427551    12.5151   -0.06091     -0.265    29.2166    22.0080 -9.990e-29
 285.602326     -0.244  34.406328    12.5107   -0.06087     -0.242    29.2001    21.9960 -9.990e-29
 285.602332     -0.217  34.422977    12.5129   -0.06086     -0.215    29.2140    22.0064 -9.990e-29
 285.602338     -0.186  34.455448    12.5187   -0.06086     -0.184    29.2401    22.0255 -9.990e-29
 285.602344     -0.160  34.450675    12.5206   -0.06090     -0.159    29.2341    22.0205 -9.990e-29
 285.602350     -0.141  34.395586    12.5189   -0.06091     -0.140    29.1836    21.9818 -9.990e-29
 285.602355     -0.123  34.334416    12.5194   -0.06090     -0.122    29.1257    21.9368 -9.990e-29
 285.602361     -0.100  34.322901    12.5236   -0.06089     -0.099    29.1116    21.9252 -9.990e-29
 285.602367     -0.076  34.349066    12.5299   -0.06088     -0.075    29.1313    21.9393 -9.990e-29
 285.602373     -0.053  34.347520    12.5349   -0.06090     -0.053    29.1260    21.9342 -9.990e-29
 285.602378     -0.030  34.312856    12.5377   -0.06092     -0.030    29.0912    21.9068 -9.990e-29
 285.602384     -0.010  34.303092    12.5437   -0.06092     -0.010    29.0774    21.8950 -9.990e-29
 285.602390      0.004  34.329322    12.5518   -0.06088      0.004    29.0958    21.9077 -9.990e-29
 285.602396      0.018  34.335203    12.5555   -0.06086      0.018    29.0984    21.9091 -9.990e-29
 285.602402      0.032  34.296658    12.5531   -0.06085      0.032    29.0641    21.8830 -9.990e-29
 285.602407      0.043  34.248600    12.5485   -0.06087      0.043    29.0225    21.8516 -9.990e-29
 285.602413      0.056  34.231188    12.5462   -0.06088      0.056    29.0079    21.8408 -9.990e-29
 285.602419      0.076  34.246996    12.5460   -0.06089      0.075    29.0229    21.8524 -9.990e-29
 285.602425      0.105  34.268370    12.5461   -0.06090      0.104    29.0429    21.8679 -9.990e-29
 285.602431      0.139  34.273961    12.5474   -0.06089      0.138    29.0471    21.8709 -9.990e-29
 285.602436      0.173  34.257231    12.5505   -0.06089      0.172    29.0290    21.8563 -9.990e-29
 285.602442      0.204  34.232869    12.5546   -0.06090      0.202    29.0030    21.8354 -9.990e-29
 285.602448      0.234  34.231725    12.5590   -0.06091      0.232    28.9985    21.8311 -9.990e-29
 285.602454      0.262  34.261256    12.5629   -0.06091      0.260    29.0232    21.8495 -9.990e-29
 285.602459      0.283  34.290817    12.5658   -0.06090      0.281    29.0487    21.8687 -9.990e-29
 285.602465      0.301  34.292601    12.5673   -0.06088      0.298    29.0492    21.8689 -9.990e-29
 285.602471      0.311  34.267886    12.5669   -0.06090      0.308    29.0263    21.8512 -9.990e-29
 285.602477      0.314  34.235283    12.5649   -0.06091      0.311    28.9972    21.8291 -9.990e-29
 285.602483      0.319  34.212971    12.5632   -0.06094      0.316    28.9776    21.8142 -9.990e-29
 285.602488      0.327  34.208760    12.5631   -0.06096      0.324    28.9737    21.8112 -9.990e-29
 285.602494      0.333  34.212007    12.5625   -0.06096      0.330    28.9772    21.8140 -9.990e-29
 285.602500      0.342  34.206328    12.5580   -0.06096      0.339    28.9754    21.8134 -9.990e-29
 285.602506      0.355  34.196495    12.5514   -0.06096      0.352    28.9712    21.8114 -9.990e-29
 285.602512      0.368  34.201912    12.5478   -0.06096      0.365    28.9791    21.8182 -9.990e-29
 285.602517      0.383  34.228698    12.5485   -0.06096      0.380    29.0037    21.8371 -9.990e-29
 285.602523      0.395  34.257113    12.5492   -0.06098      0.392    29.0298    21.8572 -9.990e-29
 285.602529      0.401  34.258944    12.5442   15.88800      0.398    29.0354    21.8624 -9.990e-29
 285.602535      0.407  34.232167    12.5322   29.08291      0.404    29.0195    21.8523 -9.990e-29
 285.602541      0.420  34.205530    12.5190   31.30418      0.416    29.0046    21.8433 -9.990e-29
 285.602546      0.446  34.199006    12.5102   28.04625      0.442    29.0052    21.8454 -9.990e-29
 285.602552      0.483  34.211196    12.5060   18.87425      0.479    29.0199    21.8575 -9.990e-29
 285.602558      0.520  34.230912    12.5048   14.61193      0.516    29.0394    21.8728 -9.990e-29
 285.602564      0.550  34.243555    12.5052   14.73688      0.545    29.0509    21.8817 -9.990e-29
 285.602569      0.576  34.245826    12.5055   14.79564      0.571    29.0528    21.8831 -9.990e-29
 285.602575      0.599  34.239090    12.5042   10.48252      0.594    29.0475    21.8792 -9.990e-29
 285.602581      0.625  34.221668    12.5018    4.99132      0.620    29.0330    21.8684 -9.990e-29
 285.602587      0.656  34.200044    12.5010    2.42129      0.651    29.0132    21.8533 -9.990e-29
 285.602593      0.685  34.185183    12.5027    2.02420      0.679    28.9979    21.8411 -9.990e-29
 285.602598      0.709  34.179139    12.5052    4.15358      0.703    28.9903    21.8347 -9.990e-29
 285.602604      0.731  34.176672    12.5064    5.98103      0.725    28.9871    21.8320 -9.990e-29
 285.602610      0.751  34.173947    12.5057    6.51858      0.745    28.9850    21.8306 -9.990e-29
 285.602616      0.771  34.170712    12.5044    6.84886      0.765    28.9830    21.8292 -9.990e-29
 285.602622      0.788  34.169954    12.5042    7.04036      0.781    28.9824    21.8288 -9.990e-29
 285.602627      0.798  34.171797    12.5066    7.15365      0.791    28.9823    21.8283 -9.990e-29
 285.602633      0.802  34.171993    12.5107    7.22845      0.795    28.9793    21.8252 -9.990e-29
 285.602639      0.801  34.169699    12.5140    7.26134      0.794    28.9746    21.8210 -9.990e-29
 285.602645      0.799  34.165236    12.5145    7.30550      0.792    28.9701    21.8174 -9.990e-29
 285.602650      0.799  34.161636    12.5123    7.35174      0.792    28.9684    21.8165 -9.990e-29
 285.602656      0.807  34.163082    12.5103    7.40910      0.800    28.9713    21.8191 -9.990e-29
 285.602662      0.827  34.165915    12.5100    7.48363      0.820    28.9742    21.8214 -9.990e-29
 285.602668      0.855  34.166648    12.5112    7.55897      0.848    28.9739    21.8209 -9.990e-29
 285.602674      0.886  34.166274    12.5149    7.62916      0.879    28.9707    21.8178 -9.990e-29
 285.602679      0.916  34.163188    12.5243    7.65315      0.908    28.9606    21.8082 -9.990e-29
 285.602685      0.949  34.154415    12.5402    7.66307      0.941    28.9401    21.7894 -9.990e-29
 285.602691      0.980  34.142841    12.5548    7.64619      0.972    28.9180    21.7696 -9.990e-29
 285.602697      1.009  34.135464    12.5613    7.61714      1.001    28.9061    21.7592 -9.990e-29
 285.602703      1.037  34.134234    12.5635    7.58941      1.028    28.9032    21.7566 -9.990e-29
 285.602708      1.062  34.135291    12.5659    7.54647      1.053    28.9024    21.7555 -9.990e-29
 285.602714      1.080  34.136139    12.5671    7.51394      1.071    28.9022    21.7552 -9.990e-29
 285.602720      1.094  34.137363    12.5654    7.48194      1.085    28.9047    21.7574 -9.990e-29
 285.602726      1.103  34.139493    12.5620    7.45989      1.094    28.9093    21.7616 -9.990e-29
 285.602731      1.114  34.142023    12.5583    7.43959      1.105    28.9145    21.7663 -9.990e-29
 285.602737      1.129  34.144047    12.5553    7.42725      1.120    28.9187    21.7701 -9.990e-29
 285.602743      1.148  34.145469    12.5534    7.41529      1.138    28.9215    21.7726 -9.990e-29
 285.602749      1.161  34.146696    12.5518    7.40985      1.151    28.9238    21.7747 -9.990e-29
 285.602755      1.166  34.147687    12.5496    7.40045      1.156    28.9265    21.7772 -9.990e-29
 285.602760      1.167  34.148270    12.5474    7.40124      1.157    28.9287    21.7793 -9.990e-29
 285.602766      1.174  34.148659    12.5456    7.39207      1.164    28.9304    21.7810 -9.990e-29
 285.602772      1.189  34.149934    12.5440    7.38120      1.179    28.9329    21.7831 -9.990e-29
 285.602778      1.211  34.153795    12.5425    7.36839      1.201    28.9376    21.7871 -9.990e-29
 285.602784      1.232  34.158665    12.5402    7.34541      1.222    28.9440    21.7924 -9.990e-29
 285.602789      1.249  34.162631    12.5379    7.30503      1.239    28.9495    21.7971 -9.990e-29
 285.602795      1.263  34.167059    12.5366    7.26801      1.252    28.9546    21.8013 -9.990e-29
 285.602801      1.275  34.170007    12.5347    7.23208      1.264    28.9588    21.8050 -9.990e-29
 285.602807      1.287  34.172045    12.5299    7.21198      1.276    28.9644    21.8102 -9.990e-29
 285.602813      1.297  34.180370    12.5221    7.20585      1.286    28.9783    21.8223 -9.990e-29
 285.602818      1.313  34.194878    12.5140    7.20814      1.302    28.9981    21.8392 -9.990e-29
 285.602824      1.334  34.208017    12.5094    7.21336      1.323    29.0140    21.8523 -9.990e-29
 285.602830      1.353  34.214894    12.5085    7.21735      1.342    29.0212    21.8580 -9.990e-29
 285.602836      1.367  34.214588    12.5087    7.20824      1.356    29.0207    21.8576 -9.990e-29
 285.602841      1.377  34.210614    12.5085    7.20166      1.366    29.0171    21.8549 -9.990e-29
 285.602847      1.389  34.207757    12.5074    7.20608      1.377    29.0153    21.8537 -9.990e-29
 285.602853      1.406  34.206689    12.5060    7.21125      1.394    29.0153    21.8540 -9.990e-29
 285.602859      1.427  34.205427    12.5048    7.21837      1.415    29.0151    21.8540 -9.990e-29
 285.602865      1.447  34.203408    12.5043    7.21937      1.435    29.0136    21.8529 -9.990e-29
 285.602870      1.469  34.201299    12.5048    7.21694      1.457    29.0112    21.8510 -9.990e-29
 285.602876      1.489  34.199651    12.5060    7.21186      1.477    29.0087    21.8488 -9.990e-29
 285.602882      1.500  34.199066    12.5075    7.21114      1.487    29.0070    21.8472 -9.990e-29
 285.602888      1.499  34.199324    12.5093    7.20027      1.486    29.0058    21.8460 -9.990e-29
 285.602894      1.489  34.198526    12.5105    7.19634      1.477    29.0042    21.8445 -9.990e-29
 285.602899      1.478  34.195050    12.5094    7.19778      1.466    29.0018    21.8428 -9.990e-29
 285.602905      1.476  34.189303    12.5065    7.18309      1.464    28.9986    21.8409 -9.990e-29
 285.602911      1.484  34.183147    12.5041    7.18812      1.472    28.9947    21.8383 -9.990e-29
 285.602917      1.501  34.179581    12.5036    7.18305      1.488    28.9917    21.8361 -9.990e-29
 285.602922      1.518  34.178890    12.5040    7.18656      1.505    28.9907    21.8353 -9.990e-29
 285.602928      1.532  34.176789    12.5031    7.20844      1.519    28.9894    21.8345 -9.990e-29
 285.602934      1.544  34.172159    12.5012    7.21940      1.531    28.9865    21.8326 -9.990e-29
