data/oxygen options/OCNMS/OCNMS1/raw_data/2007/CTD_MB042_071007faed.cnv
* Sea-Bird SBE19 Data File:
* FileName = C:\2007_mooring_data\CTD_MB042_071007.hex
* Software Version 1.1.6
* Temperature SN = 2997
* Conductivity SN = 2997
* System UpLoad Time = Jul 10 2007 11:40:20
* SEACAT PROFILER V3.1c SN 2997   07/10/07  11:40:00.722
* strain gauge pressure sensor: S/N = 184829,  range = 3000 psia,  tc = 40
# nquan = 9                                 
# nvalues = 1748                        
# units = specified
# name 0 = timeJ: Julian Days
# name 1 = prSM: Pressure, Strain Gauge [db]
# name 2 = c0mS/cm: Conductivity [mS/cm]
# name 3 = t090C: Temperature [ITS-90, deg C]
# name 4 = oxML/L: Oxygen, Beckman/YSI [ml/l]
# name 5 = depSM: Depth [salt water, m], lat = 47.5
# name 6 = sal00: Salinity, Practical [PSU]
# name 7 = sigma-é00: Density [sigma-theta, kg/m^3]
# name 8 = flag: flag
# span 0 = 191.443056, 191.453166       
# span 1 =     -5.358,     39.933       
# span 2 =   0.000868,  38.358635       
# span 3 =     6.5571,    22.1887       
# span 4 =   -1.08370,   31.16691       
# span 5 =     -5.313,     39.596       
# span 6 =     0.0108,    34.9685       
# span 7 =    -2.2622,    26.8724       
# span 8 = 0.0000e+00, 0.0000e+00       
# interval = seconds: 0.5
# start_time = Jul 10 2007 10:38:00 [Instrument's time stamp, header]
# bad_flag = -9.990e-29
*END*
 191.443056     -5.358 -9.990e-29    22.1887   -0.05892     -5.313 -9.990e-29 -9.990e-29 -9.990e-29
 191.443061     -5.334   0.000868    22.1848   -0.06122     -5.290     0.0108    -2.2622 -9.990e-29
 191.443067     -5.302   0.004627    22.1608   -0.06210     -5.258     0.0116    -2.2561 -9.990e-29
 191.443073     -5.261   0.015904    22.1075   -0.06232     -5.217     0.0157    -2.2409 -9.990e-29
 191.443079     -5.208   0.049737    22.0149   -0.06227     -5.165     0.0304    -2.2086 -9.990e-29
 191.443084     -5.145   0.151236    21.8384   -0.06218     -5.102     0.0791    -2.1314 -9.990e-29
 191.443090     -5.071   0.455733    21.4273   -0.06208     -5.029     0.2372    -1.9190 -9.990e-29
 191.443096     -4.978   1.369223    20.3305   -0.06191     -4.937     0.7582    -1.2847 -9.990e-29
 191.443102     -4.859   4.109689    17.9859   -0.06201     -4.819     2.5525     0.5535 -9.990e-29
 191.443108     -4.712  12.331082    14.9567   -0.06226     -4.673     8.9318     5.9724 -9.990e-29
 191.443113     -4.531  24.643646    12.6648   -0.06227     -4.493    20.1331    14.9647 -9.990e-29
 191.443119     -4.326  32.811632    11.4711   -0.06228     -4.290    28.4884    21.6303 -9.990e-29
 191.443125     -4.114  35.493366    10.9003   -0.06169     -4.080    31.5663    24.1202 -9.990e-29
 191.443131     -3.912  36.463479    10.6765   -0.06179     -3.879    32.7262    25.0618 -9.990e-29
 191.443137     -3.737  37.015203    10.6364   -0.06219     -3.706    33.3141    25.5268 -9.990e-29
 191.443142     -3.590  37.352700    10.6231   -0.06258     -3.560    33.6646    25.8022 -9.990e-29
 191.443148     -3.467  37.498221    10.5718   -0.06275     -3.438    33.8582    25.9621 -9.990e-29
 191.443154     -3.368  37.695022    10.5219   -0.06266     -3.340    34.1029    26.1615 -9.990e-29
 191.443160     -3.290  37.963812    10.5256   -0.06254     -3.263    34.3704    26.3695 -9.990e-29
 191.443166     -3.230  38.023295    10.5641   -0.06248     -3.203    34.3940    26.3811 -9.990e-29
 191.443171     -3.184  37.805797    10.5862   -0.06239     -3.157    34.1541    26.1902 -9.990e-29
 191.443177     -3.148  37.614254    10.5634   -0.06251     -3.122    33.9827    26.0606 -9.990e-29
 191.443183     -3.116  37.760422    10.4791   -0.06260     -3.090    34.2089    26.2517 -9.990e-29
 191.443189     -3.081  38.150968    10.3763   -0.06222     -3.055    34.7015    26.6538 -9.990e-29
 191.443194     -3.047  38.358635    10.3178   -0.06213     -3.022    34.9685    26.8724 -9.990e-29
 191.443200     -3.014  38.168017    10.3102   -0.06213     -2.989    34.7821    26.7282 -9.990e-29
 191.443206     -2.981  37.758141    10.3411   -0.06225     -2.956    34.3368    26.3754 -9.990e-29
 191.443212     -2.949  37.431614    10.4061   -0.06244     -2.924    33.9453    26.0588 -9.990e-29
 191.443218     -2.926  37.294981    10.4830   -0.06267     -2.902    33.7359    25.8822 -9.990e-29
 191.443223     -2.910  37.211363    10.5215   -0.06269     -2.886    33.6161    25.7821 -9.990e-29
 191.443229     -2.891  37.100560    10.4933   -0.06250     -2.867    33.5307    25.7204 -9.990e-29
 191.443235     -2.864  37.042854    10.4297   -0.06225     -2.840    33.5312    25.7318 -9.990e-29
 191.443241     -2.827  37.129347    10.3782   -0.06235     -2.803    33.6660    25.8458 -9.990e-29
 191.443247     -2.782  37.448345    10.3556   -0.06244     -2.759    34.0094    26.1175 -9.990e-29
 191.443252     -2.739  37.913308    10.3629   -0.06236     -2.716    34.4732    26.4781 -9.990e-29
 191.443258     -2.709  38.218078    10.3938   -0.06257     -2.686    34.7526    26.6907 -9.990e-29
 191.443264     -2.693  38.192090    10.4246   -0.06260     -2.671    34.6968    26.6418 -9.990e-29
 191.443270     -2.686  37.880747    10.4411   -0.06238     -2.664    34.3661    26.3809 -9.990e-29
 191.443275     -2.679  37.449566    10.4462   -0.06227     -2.657    33.9259    26.0367 -9.990e-29
 191.443281     -2.664  37.116129    10.4324   -0.06229     -2.642    33.6024    25.7869 -9.990e-29
 191.443287     -2.635  37.057331    10.3964   -0.06242     -2.613    33.5764    25.7729 -9.990e-29
 191.443293     -2.594  37.310685    10.3605   -0.06258     -2.572    33.8655    26.0045 -9.990e-29
 191.443299     -2.547  37.653392    10.3490   -0.06281     -2.526    34.2230    26.2853 -9.990e-29
 191.443304     -2.505  37.812493    10.3744   -0.06288     -2.484    34.3601    26.3878 -9.990e-29
 191.443310     -2.477  37.786448    10.4253   -0.06252     -2.456    34.2856    26.3209 -9.990e-29
 191.443316     -2.466  37.611605    10.4604   -0.06254     -2.445    34.0760    26.1513 -9.990e-29
 191.443322     -2.463  37.323222    10.4564   -0.06265     -2.442    33.7888    25.9281 -9.990e-29
 191.443328     -2.454  37.208747    10.4301   -0.06282     -2.434    33.6978    25.8617 -9.990e-29
 191.443333     -2.439  37.397389    10.4081   -0.06273     -2.419    33.9086    26.0299 -9.990e-29
 191.443339     -2.422  37.633860    10.4035   -0.06229     -2.402    34.1519    26.2204 -9.990e-29
 191.443345     -2.401  37.672260    10.4024   -0.06234     -2.381    34.1917    26.2516 -9.990e-29
 191.443351     -2.375  37.471747    10.3813   -0.06252     -2.355    34.0088    26.1126 -9.990e-29
 191.443356     -2.343  37.154432    10.3457   -0.06269     -2.323    33.7213    25.8946 -9.990e-29
 191.443362     -2.306  36.941147    10.3223   -0.06280     -2.287    33.5275    25.7474 -9.990e-29
 191.443368     -2.271  37.021570    10.3316   -0.06276     -2.252    33.6001    25.8025 -9.990e-29
 191.443374     -2.239  37.268521    10.3707   -0.06275     -2.220    33.8133    25.9620 -9.990e-29
 191.443380     -2.214  37.315573    10.4165   -0.06261     -2.196    33.8181    25.9579 -9.990e-29
 191.443385     -2.197  37.093089    10.4587   -0.06257     -2.179    33.5547    25.7452 -9.990e-29
 191.443391     -2.184  36.881081    10.4964   -0.06267     -2.166    33.3068    25.5454 -9.990e-29
 191.443397     -2.170  36.929798    10.5207   -0.06274     -2.152    33.3335    25.5620 -9.990e-29
 191.443403     -2.152  37.114647    10.5248   -0.06277     -2.134    33.5155    25.7032 -9.990e-29
 191.443409     -2.131  37.104687    10.5032   -0.06289     -2.113    33.5254    25.7146 -9.990e-29
 191.443414     -2.105  36.883180    10.4529   -0.06279     -2.087    33.3487    25.5856 -9.990e-29
 191.443420     -2.077  36.680422    10.3952   -0.06279     -2.060    33.1974    25.4776 -9.990e-29
 191.443426     -2.053  36.667049    10.3714   -0.06277     -2.036    33.2057    25.4881 -9.990e-29
 191.443432     -2.036  36.818946    10.3979   -0.06276     -2.019    33.3345    25.5840 -9.990e-29
 191.443437     -2.025  36.966370    10.4478   -0.06282     -2.008    33.4371    25.6554 -9.990e-29
 191.443443     -2.019  36.992467    10.4838   -0.06282     -2.002    33.4303    25.6438 -9.990e-29
 191.443449     -2.013  36.867475    10.4940   -0.06282     -1.996    33.2953    25.5368 -9.990e-29
 191.443455     -2.000  36.664532    10.4773   -0.06274     -1.983    33.1066    25.3926 -9.990e-29
 191.443461     -1.973  36.503603    10.4372   -0.06273     -1.957    32.9813    25.3019 -9.990e-29
 191.443466     -1.935  36.438474    10.3998   -0.06270     -1.919    32.9497    25.2837 -9.990e-29
 191.443472     -1.897  36.495405    10.3936   -0.06276     -1.881    33.0126    25.3337 -9.990e-29
 191.443478     -1.869  36.628570    10.4194   -0.06289     -1.853    33.1231    25.4155 -9.990e-29
 191.443484     -1.854  36.690895    10.4439   -0.06293     -1.839    33.1634    25.4427 -9.990e-29
 191.443490     -1.846  36.625257    10.4462   -0.06289     -1.831    33.0953    25.3892 -9.990e-29
 191.443495     -1.836  36.527878    10.4426   -0.06288     -1.821    33.0007    25.3161 -9.990e-29
 191.443501     -1.823  36.481798    10.4424   -0.06281     -1.808    32.9546    25.2802 -9.990e-29
 191.443507     -1.812  36.479833    10.4357   -0.06282     -1.797    32.9587    25.2845 -9.990e-29
 191.443513     -1.797  36.518135    10.4246   -0.06279     -1.782    33.0072    25.3243 -9.990e-29
 191.443519     -1.772  36.611797    10.4209   -0.06280     -1.757    33.1048    25.4010 -9.990e-29
 191.443524     -1.742  36.702880    10.4158   -0.06281     -1.727    33.2011    25.4769 -9.990e-29
 191.443530     -1.711  36.703661    10.3887   -0.06280     -1.697    33.2266    25.5015 -9.990e-29
 191.443536     -1.683  36.614513    10.3446   -0.06264     -1.669    33.1771    25.4704 -9.990e-29
 191.443542     -1.655  36.554670    10.3161   -0.06264     -1.641    33.1428    25.4485 -9.990e-29
 191.443547     -1.631  36.616856    10.3305   -0.06271     -1.617    33.1923    25.4847 -9.990e-29
 191.443553     -1.617  36.719088    10.3817   -0.06266     -1.604    33.2485    25.5197 -9.990e-29
 191.443559     -1.612  36.725724    10.4344   -0.06271     -1.599    33.2070    25.4783 -9.990e-29
 191.443565     -1.608  36.617483    10.4550   -0.06280     -1.595    33.0794    25.3753 -9.990e-29
 191.443571     -1.600  36.490402    10.4363   -0.06288     -1.587    32.9687    25.2922 -9.990e-29
 191.443576     -1.587  36.455746    10.4079   -0.06282     -1.574    32.9596    25.2900 -9.990e-29
 191.443582     -1.573  36.538945    10.4129   -0.06278     -1.560    33.0387    25.3508 -9.990e-29
 191.443588     -1.566  36.660818    10.4547   10.12643     -1.553    33.1232    25.4095 -9.990e-29
 191.443594     -1.569  36.730405    10.5010   27.67687     -1.556    33.1510    25.4232 -9.990e-29
 191.443600     -1.575  36.713148    10.5323   31.16691     -1.562    33.1052    25.3821 -9.990e-29
 191.443605     -1.569  36.608923    10.5380   29.46460     -1.556    32.9955    25.2956 -9.990e-29
 191.443611     -1.553  36.485489    10.5039   21.71004     -1.540    32.9025    25.2291 -9.990e-29
 191.443617     -1.530  36.432069    10.4469   14.90122     -1.517    32.9004    25.2372 -9.990e-29
 191.443623     -1.502  36.465329    10.4159   15.14872     -1.489    32.9619    25.2904 -9.990e-29
 191.443628     -1.476  36.534219    10.4385   15.26640     -1.464    33.0107    25.3246 -9.990e-29
 191.443634     -1.454  36.560084    10.4920   15.42523     -1.442    32.9881    25.2978 -9.990e-29
 191.443640     -1.436  36.498828    10.5324   15.57613     -1.424    32.8901    25.2145 -9.990e-29
 191.443646     -1.420  36.377969    10.5426   15.75731     -1.408    32.7598    25.1112 -9.990e-29
 191.443652     -1.406  36.262706    10.5304   10.24299     -1.394    32.6553    25.0319 -9.990e-29
 191.443657     -1.391  36.171886    10.5129    2.44414     -1.379    32.5801    24.9762 -9.990e-29
 191.443663     -1.376  36.111535    10.5108   -0.82269     -1.365    32.5215    24.9310 -9.990e-29
 191.443669     -1.359  36.109243    10.5258   -1.08370     -1.348    32.5058    24.9162 -9.990e-29
 191.443675     -1.340  36.161284    10.5442    1.99957     -1.329    32.5414    24.9408 -9.990e-29
 191.443681     -1.316  36.232696    10.5637    4.76537     -1.305    32.5954    24.9795 -9.990e-29
 191.443686     -1.292  36.284081    10.5871    5.40266     -1.281    32.6259    24.9992 -9.990e-29
 191.443692     -1.269  36.293614    10.5900    5.75765     -1.258    32.6328    25.0041 -9.990e-29
 191.443698     -1.241  36.248680    10.5461    5.93571     -1.231    32.6272    25.0072 -9.990e-29
 191.443704     -1.208  36.157086    10.4793    6.03119     -1.198    32.5952    24.9938 -9.990e-29
 191.443709     -1.176  36.077638    10.4368    6.10086     -1.166    32.5536    24.9686 -9.990e-29
 191.443715     -1.150  36.060096    10.4339    6.13404     -1.140    32.5386    24.9574 -9.990e-29
 191.443721     -1.134  36.087117    10.4501    6.15894     -1.125    32.5512    24.9645 -9.990e-29
 191.443727     -1.122  36.122874    10.4656    6.15835     -1.113    32.5732    24.9790 -9.990e-29
 191.443733     -1.110  36.160577    10.4787    6.12585     -1.101    32.5992    24.9970 -9.990e-29
 191.443738     -1.096  36.192667    10.4927    6.12403     -1.087    32.6188    25.0099 -9.990e-29
 191.443744     -1.080  36.206340    10.5091    6.15448     -1.071    32.6178    25.0063 -9.990e-29
 191.443750     -1.060  36.215242    10.5270    6.18709     -1.051    32.6107    24.9977 -9.990e-29
 191.443756     -1.036  36.226092    10.5400    6.20227     -1.027    32.6099    24.9949 -9.990e-29
 191.443762     -1.006  36.223551    10.5418    6.19769     -0.998    32.6058    24.9913 -9.990e-29
 191.443767     -0.972  36.192357    10.5338    6.21657     -0.964    32.5817    24.9739 -9.990e-29
 191.443773     -0.941  36.149666    10.5240    6.25089     -0.933    32.5477    24.9491 -9.990e-29
 191.443779     -0.919  36.140113    10.5250    6.26856     -0.911    32.5372    24.9408 -9.990e-29
 191.443785     -0.913  36.163817    10.5399    6.22333     -0.905    32.5476    24.9464 -9.990e-29
 191.443791     -0.923  36.190336    10.5541    6.09451     -0.915    32.5615    24.9547 -9.990e-29
 191.443796     -0.937  36.205128    10.5602    6.05817     -0.929    32.5708    24.9609 -9.990e-29
 191.443802     -0.942  36.216907    10.5670    6.11361     -0.934    32.5765    24.9642 -9.990e-29
 191.443808     -0.940  36.239164    10.5780    6.19162     -0.932    32.5890    24.9720 -9.990e-29
 191.443814     -0.934  36.259003    10.5829    6.24875     -0.926    32.6044    24.9832 -9.990e-29
 191.443819     -0.920  36.256380    10.5539    6.25800     -0.912    32.6277    25.0064 -9.990e-29
 191.443825     -0.896  36.198680    10.4853    6.25505     -0.889    32.6314    25.0210 -9.990e-29
 191.443831     -0.871  36.102038    10.4349    6.26546     -0.864    32.5796    24.9893 -9.990e-29
 191.443837     -0.850  36.072459    10.4548    6.26334     -0.843    32.5322    24.9489 -9.990e-29
 191.443843     -0.841  36.127678    10.5200    6.17402     -0.834    32.5292    24.9354 -9.990e-29
 191.443848     -0.844  36.184399    10.5749    6.07850     -0.837    32.5369    24.9320 -9.990e-29
 191.443854     -0.849  36.218519    10.5988    6.08188     -0.842    32.5497    24.9379 -9.990e-29
 191.443860     -0.854  36.248108    10.6053    6.12379     -0.847    32.5735    24.9552 -9.990e-29
 191.443866     -0.854  36.275101    10.6110    6.20115     -0.847    32.5954    24.9713 -9.990e-29
 191.443872     -0.840  36.299644    10.6106    6.27136     -0.833    32.6202    24.9908 -9.990e-29
 191.443877     -0.812  36.305164    10.5820    6.28487     -0.805    32.6513    25.0199 -9.990e-29
 191.443883     -0.777  36.245239    10.5377    6.24170     -0.771    32.6310    25.0117 -9.990e-29
 191.443889     -0.740  36.158255    10.5304    6.18070     -0.734    32.5505    24.9502 -9.990e-29
 191.443895     -0.713  36.149082    10.5743    6.13358     -0.707    32.5021    24.9050 -9.990e-29
 191.443900     -0.702  36.205502    10.6275    6.07936     -0.696    32.5110    24.9028 -9.990e-29
 191.443906     -0.698  36.261523    10.6577    6.07151     -0.692    32.5400    24.9202 -9.990e-29
 191.443912     -0.691  36.300520    10.6635    6.09920     -0.685    32.5738    24.9454 -9.990e-29
 191.443918     -0.683  36.306146    10.6411    6.12122     -0.677    32.5994    24.9693 -9.990e-29
 191.443924     -0.671  36.262950    10.5860    6.14848     -0.665    32.6055    24.9835 -9.990e-29
 191.443929     -0.656  36.196318    10.5179    6.12811     -0.651    32.5997    24.9907 -9.990e-29
 191.443935     -0.636  36.144657    10.4606    6.07903     -0.631    32.5993    25.0002 -9.990e-29
 191.443941     -0.615  36.110842    10.4242    6.08337     -0.610    32.5980    25.0054 -9.990e-29
 191.443947     -0.599  36.094074    10.4208    6.09601     -0.594    32.5842    24.9952 -9.990e-29
 191.443953     -0.592  36.101713    10.4430    6.12587     -0.587    32.5719    24.9819 -9.990e-29
 191.443958     -0.589  36.119304    10.4560    6.16411     -0.584    32.5779    24.9843 -9.990e-29
 191.443964     -0.581  36.117080    10.4424    6.17585     -0.576    32.5879    24.9944 -9.990e-29
 191.443970     -0.564  36.088184    10.4178    6.20002     -0.559    32.5809    24.9932 -9.990e-29
 191.443976     -0.546  36.068099    10.4107    6.16688     -0.541    32.5671    24.9836 -9.990e-29
