data/oxygen options/OCNMS/OCNMS1/raw_data/2007/CTD_TH042_101307faed.cnv
* Sea-Bird SBE19 Data File:
* FileName = C:\2007_mooring_data\retrieval_101207\CTD_TH042_101307.hex
* Software Version 1.20
* Temperature SN = 2997
* Conductivity SN = 2997
* System UpLoad Time = Oct 13 2007 16:06:02
* SEACAT PROFILER V3.1c SN 2997   10/13/07  16:05:27.519
* strain gauge pressure sensor: S/N = 184829,  range = 3000 psia,  tc = 40
# nquan = 9                                 
# nvalues = 2111                        
# units = specified
# name 0 = timeJ: Julian Days
# name 1 = prSM: Pressure, Strain Gauge [db]
# name 2 = c0mS/cm: Conductivity [mS/cm]
# name 3 = t090C: Temperature [ITS-90, deg C]
# name 4 = oxML/L: Oxygen, Beckman/YSI [ml/l]
# name 5 = depSM: Depth [salt water, m], lat = 47.5
# name 6 = sal00: Salinity, Practical [PSU]
# name 7 = sigma-é00: Density [sigma-theta, kg/m^3]
# name 8 = flag: flag
# span 0 = 286.562986, 286.575197       
# span 1 =     -5.196,     43.777       
# span 2 =   0.147338,  37.009159       
# span 3 =     8.1846,    17.0696       
# span 4 =   -0.06635,   30.36291       
# span 5 =     -5.153,     43.407       
# span 6 =     0.0844,    33.3152       
# span 7 =    -1.1703,    25.9195       
# span 8 = 0.0000e+00, 0.0000e+00       
# interval = seconds: 0.5
# start_time = Oct 13 2007 13:30:42 [Instrument's time stamp, header]
# bad_flag = -9.990e-29
*END*
[from data line 1281]
 286.570399     21.897  36.940055    12.3926    6.40432     21.713    31.6877    23.9450 -9.990e-29
 286.570405     21.900  36.935082    12.3926    6.39632     21.716    31.6829    23.9413 -9.990e-29
 286.570411     21.907  36.932079    12.3923    6.38993     21.723    31.6803    23.9394 -9.990e-29
 286.570417     21.917  36.930392    12.3920    6.39783     21.733    31.6790    23.9384 -9.990e-29
 286.570422     21.920  36.929441    12.3919    6.38398     21.736    31.6781    23.9378 -9.990e-29
 286.570428     21.906  36.927944    12.3921    6.38567     21.722    31.6765    23.9365 -9.990e-29
 286.570434     21.882  36.925571    12.3923    6.38841     21.698    31.6741    23.9346 -9.990e-29
 286.570440     21.862  36.922510    12.3920    6.38660     21.678    31.6715    23.9326 -9.990e-29
 286.570446     21.846  36.919713    12.3917    6.38644     21.663    31.6691    23.9308 -9.990e-29
 286.570451     21.836  36.918481    12.3916    6.38531     21.653    31.6680    23.9299 -9.990e-29
 286.570457     21.828  36.917719    12.3914    6.38480     21.645    31.6674    23.9295 -9.990e-29
 286.570463     21.825  36.916399    12.3913    6.38785     21.642    31.6662    23.9286 -9.990e-29
 286.570469     21.819  36.914988    12.3916    6.39574     21.636    31.6646    23.9274 -9.990e-29
 286.570475     21.808  36.913836    12.3917    6.39204     21.625    31.6635    23.9264 -9.990e-29
 286.570480     21.799  36.913635    12.3916    6.39730     21.616    31.6634    23.9264 -9.990e-29
 286.570486     21.800  36.915224    12.3916    6.38943     21.617    31.6649    23.9275 -9.990e-29
 286.570492     21.807  36.918468    12.3918    6.39299     21.624    31.6678    23.9298 -9.990e-29
 286.570498     21.815  36.922073    12.3918    6.38918     21.632    31.6712    23.9324 -9.990e-29
 286.570503     21.822  36.923545    12.3918    6.38636     21.639    31.6726    23.9335 -9.990e-29
 286.570509     21.819  36.921471    12.3919    6.38607     21.636    31.6706    23.9319 -9.990e-29
 286.570515     21.805  36.918677    12.3921    6.37930     21.622    31.6677    23.9297 -9.990e-29
 286.570521     21.790  36.917592    12.3921    6.39276     21.607    31.6667    23.9289 -9.990e-29
 286.570527     21.779  36.917877    12.3922    6.38958     21.596    31.6669    23.9290 -9.990e-29
 286.570532     21.777  36.919338    12.3922    6.39698     21.594    31.6683    23.9301 -9.990e-29
 286.570538     21.779  36.920548    12.3920    6.39861     21.596    31.6696    23.9311 -9.990e-29
 286.570544     21.782  36.920303    12.3921    6.40743     21.599    31.6693    23.9309 -9.990e-29
 286.570550     21.784  36.919946    12.3922    6.41325     21.601    31.6689    23.9305 -9.990e-29
 286.570556     21.788  36.920668    12.3921    6.41107     21.605    31.6696    23.9311 -9.990e-29
 286.570561     21.792  36.923420    12.3921    6.41289     21.609    31.6723    23.9332 -9.990e-29
 286.570567     21.801  36.931857    12.3918    6.40851     21.618    31.6806    23.9397 -9.990e-29
 286.570573     21.820  36.945446    12.3912    6.40889     21.637    31.6940    23.9502 -9.990e-29
 286.570579     21.846  36.956507    12.3907    6.40732     21.663    31.7050    23.9588 -9.990e-29
 286.570584     21.872  36.960715    12.3905    6.40432     21.688    31.7092    23.9621 -9.990e-29
 286.570590     21.892  36.958061    12.3905    6.40428     21.708    31.7066    23.9601 -9.990e-29
 286.570596     21.902  36.951718    12.3909    6.40398     21.718    31.7002    23.9551 -9.990e-29
 286.570602     21.902  36.947232    12.3914    6.39718     21.718    31.6955    23.9513 -9.990e-29
 286.570608     21.894  36.944771    12.3918    6.38930     21.710    31.6929    23.9492 -9.990e-29
 286.570613     21.876  36.939921    12.3921    6.38091     21.692    31.6880    23.9453 -9.990e-29
 286.570619     21.851  36.932929    12.3922    6.37384     21.667    31.6812    23.9401 -9.990e-29
 286.570625     21.827  36.927914    12.3922    6.38875     21.644    31.6765    23.9364 -9.990e-29
 286.570631     21.806  36.924342    12.3922    6.38377     21.623    31.6731    23.9338 -9.990e-29
 286.570637     21.787  36.920800    12.3925    6.38604     21.604    31.6694    23.9309 -9.990e-29
 286.570642     21.769  36.918717    12.3931    6.37949     21.586    31.6670    23.9289 -9.990e-29
 286.570648     21.750  36.917546    12.3938    6.37503     21.567    31.6653    23.9274 -9.990e-29
 286.570654     21.734  36.915901    12.3942    6.38080     21.551    31.6634    23.9259 -9.990e-29
 286.570660     21.727  36.913827    12.3942    6.38937     21.545    31.6614    23.9243 -9.990e-29
 286.570666     21.735  36.911543    12.3942    6.40585     21.552    31.6592    23.9226 -9.990e-29
 286.570671     21.757  36.910486    12.3942    6.40332     21.574    31.6582    23.9219 -9.990e-29
 286.570677     21.791  36.913357    12.3938    6.40584     21.608    31.6612    23.9243 -9.990e-29
 286.570683     21.830  36.920061    12.3932    6.40243     21.647    31.6681    23.9298 -9.990e-29
 286.570689     21.873  36.927766    12.3927    6.39754     21.689    31.6759    23.9359 -9.990e-29
 286.570694     21.917  36.932731    12.3924    6.39918     21.733    31.6808    23.9398 -9.990e-29
 286.570700     21.953  36.933169    12.3923    6.38929     21.769    31.6813    23.9402 -9.990e-29
 286.570706     21.970  36.932466    12.3925    6.38818     21.785    31.6805    23.9395 -9.990e-29
 286.570712     21.965  36.932488    12.3928    6.38643     21.781    31.6803    23.9392 -9.990e-29
 286.570718     21.942  36.930462    12.3933    6.38762     21.758    31.6779    23.9373 -9.990e-29
 286.570723     21.909  36.925930    12.3935    6.37943     21.725    31.6734    23.9338 -9.990e-29
 286.570729     21.871  36.921819    12.3936    6.38175     21.687    31.6694    23.9307 -9.990e-29
 286.570735     21.834  36.919374    12.3939    6.37643     21.651    31.6669    23.9287 -9.990e-29
 286.570741     21.806  36.918141    12.3944    6.38598     21.623    31.6653    23.9273 -9.990e-29
 286.570747     21.792  36.918718    12.3949    6.39720     21.609    31.6654    23.9273 -9.990e-29
 286.570752     21.797  36.920194    12.3950    6.38517     21.614    31.6667    23.9283 -9.990e-29
 286.570758     21.815  36.921737    12.3949    6.38894     21.632    31.6683    23.9296 -9.990e-29
 286.570764     21.836  36.924282    12.3947    6.37853     21.653    31.6709    23.9316 -9.990e-29
 286.570770     21.852  36.926738    12.3945    6.39055     21.668    31.6734    23.9336 -9.990e-29
 286.570775     21.865  36.929579    12.3944    6.39150     21.681    31.6762    23.9358 -9.990e-29
 286.570781     21.870  36.930426    12.3943    6.39023     21.686    31.6771    23.9365 -9.990e-29
 286.570787     21.864  36.926486    12.3942    6.39077     21.680    31.6734    23.9337 -9.990e-29
 286.570793     21.846  36.923156    12.3943    6.38510     21.663    31.6701    23.9311 -9.990e-29
 286.570799     21.820  36.922161    12.3946    6.40032     21.637    31.6689    23.9301 -9.990e-29
 286.570804     21.793  36.921057    12.3947    6.39670     21.610    31.6678    23.9292 -9.990e-29
 286.570810     21.766  36.920055    12.3947    6.40209     21.583    31.6669    23.9285 -9.990e-29
 286.570816     21.743  36.919501    12.3947    6.40051     21.560    31.6664    23.9281 -9.990e-29
 286.570822     21.731  36.921458    12.3949    6.39582     21.548    31.6681    23.9294 -9.990e-29
 286.570828     21.733  36.925736    12.3950    6.39725     21.550    31.6721    23.9325 -9.990e-29
 286.570833     21.749  36.927389    12.3949    6.39586     21.566    31.6737    23.9338 -9.990e-29
 286.570839     21.781  36.926941    12.3950    6.39438     21.598    31.6732    23.9333 -9.990e-29
 286.570845     21.821  36.931080    12.3952    6.39560     21.638    31.6770    23.9362 -9.990e-29
 286.570851     21.860  36.938038    12.3952    6.40100     21.676    31.6836    23.9413 -9.990e-29
 286.570856     21.896  36.940837    12.3952    6.39580     21.712    31.6862    23.9434 -9.990e-29
 286.570862     21.926  36.940966    12.3953    6.40118     21.742    31.6863    23.9434 -9.990e-29
 286.570868     21.945  36.940841    12.3953    6.40118     21.761    31.6861    23.9433 -9.990e-29
 286.570874     21.948  36.940296    12.3952    6.39423     21.764    31.6857    23.9430 -9.990e-29
 286.570880     21.942  36.940286    12.3949    6.39969     21.758    31.6859    23.9432 -9.990e-29
 286.570885     21.928  36.941359    12.3946    6.39711     21.744    31.6872    23.9443 -9.990e-29
 286.570891     21.907  36.942703    12.3947    6.40600     21.723    31.6884    23.9452 -9.990e-29
 286.570897     21.877  36.942750    12.3948    6.39645     21.693    31.6884    23.9452 -9.990e-29
 286.570903     21.841  36.941564    12.3946    6.39683     21.658    31.6874    23.9445 -9.990e-29
 286.570909     21.804  36.939805    12.3944    6.38975     21.621    31.6860    23.9433 -9.990e-29
 286.570914     21.774  36.937370    12.3943    6.38869     21.591    31.6837    23.9416 -9.990e-29
 286.570920     21.756  36.934380    12.3946    6.39313     21.573    31.6806    23.9392 -9.990e-29
 286.570926     21.754  36.931894    12.3951    6.38631     21.571    31.6778    23.9369 -9.990e-29
 286.570932     21.767  36.930522    12.3954    6.39127     21.584    31.6763    23.9357 -9.990e-29
 286.570938     21.797  36.930677    12.3951    6.38780     21.614    31.6767    23.9360 -9.990e-29
 286.570943     21.841  36.935931    12.3945    6.40026     21.658    31.6822    23.9404 -9.990e-29
 286.570949     21.890  36.944881    12.3942    6.39936     21.706    31.6909    23.9472 -9.990e-29
 286.570955     21.928  36.948158    12.3944    6.39610     21.744    31.6939    23.9495 -9.990e-29
 286.570961     21.946  36.945647    12.3945    6.39624     21.762    31.6914    23.9475 -9.990e-29
 286.570966     21.945  36.944088    12.3945    6.39311     21.761    31.6899    23.9464 -9.990e-29
 286.570972     21.929  36.943645    12.3947    6.40108     21.745    31.6893    23.9459 -9.990e-29
 286.570978     21.897  36.942049    12.3952    6.39087     21.713    31.6874    23.9443 -9.990e-29
 286.570984     21.847  36.939413    12.3953    6.38639     21.664    31.6848    23.9423 -9.990e-29
 286.570990     21.780  36.936147    12.3948    6.37901     21.597    31.6821    23.9403 -9.990e-29
 286.570995     21.709  36.931262    12.3943    6.37688     21.527    31.6779    23.9371 -9.990e-29
 286.571001     21.651  36.923852    12.3942    6.37646     21.469    31.6710    23.9318 -9.990e-29
 286.571007     21.619  36.915810    12.3944    6.37632     21.437    31.6631    23.9257 -9.990e-29
 286.571013     21.624  36.911550    12.3947    6.37797     21.442    31.6588    23.9223 -9.990e-29
 286.571019     21.666  36.912120    12.3952    6.38096     21.484    31.6589    23.9222 -9.990e-29
 286.571024     21.736  36.915478    12.3955    6.39045     21.553    31.6618    23.9245 -9.990e-29
 286.571030     21.820  36.921057    12.3954    6.38494     21.637    31.6672    23.9286 -9.990e-29
 286.571036     21.907  36.927327    12.3950    6.38838     21.723    31.6735    23.9336 -9.990e-29
 286.571042     21.985  36.931997    12.3946    6.38329     21.800    31.6783    23.9374 -9.990e-29
 286.571047     22.042  36.934004    12.3948    6.38042     21.857    31.6800    23.9387 -9.990e-29
 286.571053     22.073  36.933782    12.3952    6.38076     21.888    31.6794    23.9381 -9.990e-29
 286.571059     22.080  36.932717    12.3953    6.38073     21.895    31.6783    23.9373 -9.990e-29
 286.571065     22.064  36.931072    12.3955    6.38837     21.879    31.6766    23.9359 -9.990e-29
 286.571071     22.027  36.928897    12.3955    6.38485     21.842    31.6745    23.9343 -9.990e-29
 286.571076     21.972  36.926656    12.3955    6.38967     21.787    31.6724    23.9326 -9.990e-29
 286.571082     21.900  36.925287    12.3958    6.37494     21.716    31.6709    23.9314 -9.990e-29
 286.571088     21.818  36.924647    12.3960    6.37027     21.635    31.6701    23.9308 -9.990e-29
 286.571094     21.739  36.923323    12.3959    6.37837     21.556    31.6690    23.9299 -9.990e-29
 286.571100     21.674  36.920672    12.3955    6.37435     21.492    31.6668    23.9283 -9.990e-29
 286.571105     21.629  36.917647    12.3951    6.38457     21.447    31.6643    23.9264 -9.990e-29
 286.571111     21.596  36.915822    12.3950    6.38019     21.415    31.6627    23.9252 -9.990e-29
 286.571117     21.568  36.915004    12.3952    6.39020     21.387    31.6617    23.9244 -9.990e-29
 286.571123     21.553  36.914664    12.3956    6.39471     21.372    31.6611    23.9238 -9.990e-29
 286.571128     21.566  36.914911    12.3959    6.39989     21.385    31.6610    23.9237 -9.990e-29
 286.571134     21.613  36.918317    12.3962    6.39964     21.431    31.6640    23.9260 -9.990e-29
 286.571140     21.688  36.929425    12.3960    6.38792     21.506    31.6748    23.9344 -9.990e-29
 286.571146     21.784  36.945110    12.3952    6.39868     21.601    31.6903    23.9466 -9.990e-29
 286.571152     21.884  36.954893    12.3942    6.39874     21.700    31.7005    23.9546 -9.990e-29
 286.571157     21.973  36.957801    12.3933    6.39869     21.788    31.7040    23.9575 -9.990e-29
 286.571163     22.041  36.959954    12.3930    6.39901     21.856    31.7063    23.9594 -9.990e-29
 286.571169     22.074  36.959740    12.3934    6.39982     21.889    31.7057    23.9588 -9.990e-29
 286.571175     22.067  36.955749    12.3940    6.38937     21.882    31.7014    23.9554 -9.990e-29
 286.571181     22.022  36.951630    12.3946    6.38579     21.837    31.6970    23.9519 -9.990e-29
 286.571186     21.945  36.948059    12.3953    6.37715     21.761    31.6930    23.9486 -9.990e-29
 286.571192     21.850  36.943079    12.3959    6.37407     21.666    31.6878    23.9445 -9.990e-29
 286.571198     21.754  36.937339    12.3963    6.37383     21.571    31.6820    23.9399 -9.990e-29
 286.571204     21.675  36.931596    12.3965    6.37437     21.493    31.6764    23.9355 -9.990e-29
 286.571209     21.619  36.925482    12.3964    6.37101     21.437    31.6707    23.9311 -9.990e-29
 286.571215     21.587  36.921499    12.3962    6.36946     21.406    31.6671    23.9284 -9.990e-29
 286.571221     21.577  36.919941    12.3961    6.37408     21.396    31.6657    23.9273 -9.990e-29
 286.571227     21.589  36.918733    12.3962    6.39430     21.408    31.6644    23.9263 -9.990e-29
 286.571233     21.618  36.919067    12.3961    6.39700     21.436    31.6648    23.9266 -9.990e-29
 286.571238     21.659  36.924190    12.3963    6.40688     21.477    31.6695    23.9302 -9.990e-29
 286.571244     21.710  36.935327    12.3962    6.40193     21.528    31.6802    23.9385 -9.990e-29
 286.571250     21.769  36.951633    12.3947    6.40526     21.586    31.6970    23.9518 -9.990e-29
 286.571256     21.828  36.969064    12.3925    6.40858     21.645    31.7155    23.9666 -9.990e-29
 286.571262     21.877  36.980591    12.3915    6.41082     21.693    31.7273    23.9759 -9.990e-29
 286.571267     21.912  36.984768    12.3917    6.41902     21.728    31.7311    23.9788 -9.990e-29
 286.571273     21.929  36.983800    12.3926    6.40819     21.745    31.7294    23.9774 -9.990e-29
 286.571279     21.934  36.979199    12.3938    6.41046     21.750    31.7240    23.9729 -9.990e-29
 286.571285     21.933  36.973240    12.3952    6.39542     21.749    31.7171    23.9674 -9.990e-29
 286.571291     21.920  36.966946    12.3963    6.39097     21.736    31.7102    23.9618 -9.990e-29
 286.571296     21.894  36.960334    12.3968    6.39084     21.710    31.7035    23.9565 -9.990e-29
 286.571302     21.864  36.954120    12.3969    6.37727     21.680    31.6975    23.9518 -9.990e-29
 286.571308     21.830  36.947308    12.3965    6.37531     21.647    31.6913    23.9471 -9.990e-29
 286.571314     21.795  36.939224    12.3960    6.36673     21.612    31.6841    23.9416 -9.990e-29
