data/oxygen options/OCNMS/OCNMS1/raw_data/2007/CTD_MB042_052907faed.cnv
* Sea-Bird SBE19 Data File:
* FileName = C:\2007_mooring_data\CTD_MB042_052907.hex
* Software Version 1.1.6
* Temperature SN = 2997
* Conductivity SN = 2997
* System UpLoad Time = May 29 2007 12:05:54
* SEACAT PROFILER V3.1c SN 2997   05/29/07  12:05:27.273
* strain gauge pressure sensor: S/N = 184829,  range = 3000 psia,  tc = 40
# nquan = 9                                 
# nvalues = 1982                        
# units = specified
# name 0 = timeJ: Julian Days
# name 1 = prSM: Pressure, Strain Gauge [db]
# name 2 = c0mS/cm: Conductivity [mS/cm]
# name 3 = t090C: Temperature [ITS-90, deg C]
# name 4 = oxML/L: Oxygen, Beckman/YSI [ml/l]
# name 5 = depSM: Depth [salt water, m], lat = 47.5
# name 6 = sal00: Salinity, Practical [PSU]
# name 7 = sigma-é00: Density [sigma-theta, kg/m^3]
# name 8 = flag: flag
# span 0 = 149.484838, 149.496302       
# span 1 =     -4.885,     45.216       
# span 2 =   0.046352,  36.194658       
# span 3 =     6.7358,    16.1660       
# span 4 =   -4.96124,   35.57396       
# span 5 =     -4.844,     44.834       
# span 6 =     0.0301,    34.0463       
# span 7 =    -1.0579,    26.5414       
# span 8 = 0.0000e+00, 0.0000e+00       
# interval = seconds: 0.5
# start_time = May 29 2007 11:38:10 [Instrument's time stamp, header]
# bad_flag = -9.990e-29
*END*
[from data line 1761]
 149.495029      4.384  34.802859     8.4162    4.37220      4.347    33.0923    25.7142 -9.990e-29
 149.495035      4.395  34.803707     8.4172    4.37574      4.358    33.0922    25.7140 -9.990e-29
 149.495041      4.410  34.804458     8.4178    4.37866      4.373    33.0925    25.7141 -9.990e-29
 149.495046      4.421  34.804431     8.4183    4.37866      4.384    33.0920    25.7136 -9.990e-29
 149.495052      4.426  34.804146     8.4192    4.37695      4.389    33.0908    25.7126 -9.990e-29
 149.495058      4.429  34.804340     8.4199    4.37217      4.392    33.0903    25.7121 -9.990e-29
 149.495064      4.434  34.804706     8.4202    4.37305      4.397    33.0904    25.7122 -9.990e-29
 149.495069      4.442  34.805170     8.4205    4.37318      4.405    33.0907    25.7123 -9.990e-29
 149.495075      4.453  34.805787     8.4211    4.37304      4.416    33.0907    25.7122 -9.990e-29
 149.495081      4.463  34.806254     8.4220    4.36366      4.426    33.0904    25.7118 -9.990e-29
 149.495087      4.469  34.806629     8.4227    4.37755      4.432    33.0901    25.7115 -9.990e-29
 149.495093      4.472  34.806848     8.4228    4.36654      4.435    33.0903    25.7116 -9.990e-29
 149.495098      4.471  34.806639     8.4225    4.37189      4.434    33.0903    25.7117 -9.990e-29
 149.495104      4.467  34.806278     8.4220    4.37370      4.430    33.0904    25.7118 -9.990e-29
 149.495110      4.459  34.805843     8.4217    4.37867      4.422    33.0902    25.7118 -9.990e-29
 149.495116      4.451  34.805309     8.4219    4.37889      4.414    33.0895    25.7111 -9.990e-29
 149.495122      4.450  34.805083     8.4223    4.37230      4.413    33.0889    25.7106 -9.990e-29
 149.495127      4.458  34.805419     8.4229    4.37871      4.421    33.0887    25.7103 -9.990e-29
 149.495133      4.466  34.806201     8.4234    4.37844      4.429    33.0890    25.7105 -9.990e-29
 149.495139      4.469  34.806786     8.4235    4.38211      4.432    33.0895    25.7109 -9.990e-29
 149.495145      4.469  34.806828     8.4233    4.38140      4.432    33.0898    25.7111 -9.990e-29
 149.495150      4.466  34.806941     8.4232    4.37671      4.429    33.0900    25.7113 -9.990e-29
 149.495156      4.462  34.807273     8.4233    4.37653      4.425    33.0902    25.7115 -9.990e-29
 149.495162      4.468  34.807142     8.4232    4.38396      4.431    33.0902    25.7115 -9.990e-29
 149.495168      4.482  34.806368     8.4230    4.38573      4.445    33.0896    25.7110 -9.990e-29
 149.495174      4.494  34.805599     8.4228    4.38693      4.456    33.0889    25.7106 -9.990e-29
 149.495179      4.491  34.805486     8.4227    4.37653      4.453    33.0889    25.7106 -9.990e-29
 149.495185      4.472  34.805873     8.4229    4.37114      4.435    33.0891    25.7107 -9.990e-29
 149.495191      4.450  34.806153     8.4232    4.37935      4.413    33.0892    25.7107 -9.990e-29
 149.495197      4.436  34.806133     8.4231    4.38034      4.399    33.0892    25.7108 -9.990e-29
 149.495203      4.429  34.806346     8.4230    4.38544      4.392    33.0896    25.7110 -9.990e-29
 149.495208      4.421  34.807071     8.4230    4.37634      4.384    33.0903    25.7116 -9.990e-29
 149.495214      4.409  34.807591     8.4232    4.37876      4.372    33.0907    25.7119 -9.990e-29
 149.495220      4.403  34.807472     8.4234    4.38062      4.366    33.0904    25.7116 -9.990e-29
 149.495226      4.406  34.807114     8.4236    4.38168      4.369    33.0898    25.7111 -9.990e-29
 149.495231      4.414  34.807156     8.4239    4.38354      4.377    33.0896    25.7109 -9.990e-29
 149.495237      4.420  34.807652     8.4241    4.38126      4.383    33.0899    25.7111 -9.990e-29
 149.495243      4.418  34.808138     8.4250    4.38019      4.381    33.0896    25.7107 -9.990e-29
 149.495249      4.410  34.808695     8.4264    4.37988      4.373    33.0888    25.7100 -9.990e-29
 149.495255      4.403  34.809503     8.4272    4.38828      4.366    33.0890    25.7099 -9.990e-29
 149.495260      4.405  34.809953     8.4276    4.37467      4.368    33.0890    25.7099 -9.990e-29
 149.495266      4.408  34.809524     8.4281    4.38679      4.371    33.0881    25.7091 -9.990e-29
 149.495272      4.408  34.808759     8.4284    4.37281      4.371    33.0870    25.7082 -9.990e-29
 149.495278      4.413  34.808318     8.4282    4.37750      4.376    33.0868    25.7081 -9.990e-29
 149.495284      4.423  34.808168     8.4273    4.38178      4.386    33.0874    25.7087 -9.990e-29
 149.495289      4.431  34.808108     8.4260    4.37068      4.394    33.0886    25.7098 -9.990e-29
 149.495295      4.434  34.808057     8.4256    4.38257      4.397    33.0889    25.7101 -9.990e-29
 149.495301      4.430  34.807945     8.4258    4.38053      4.393    33.0886    25.7099 -9.990e-29
 149.495307      4.424  34.807621     8.4258    4.38254      4.387    33.0883    25.7096 -9.990e-29
 149.495313      4.424  34.807215     8.4255    4.37699      4.387    33.0881    25.7095 -9.990e-29
 149.495318      4.431  34.806746     8.4251    4.37885      4.394    33.0880    25.7095 -9.990e-29
 149.495324      4.436  34.806148     8.4248    4.37365      4.399    33.0876    25.7093 -9.990e-29
 149.495330      4.435  34.806307     8.4249    4.38184      4.398    33.0877    25.7093 -9.990e-29
 149.495336      4.428  34.807433     8.4254    4.37786      4.391    33.0884    25.7098 -9.990e-29
 149.495341      4.420  34.808225     8.4258    4.37544      4.383    33.0889    25.7101 -9.990e-29
 149.495347      4.417  34.808057     8.4256    4.37823      4.380    33.0889    25.7101 -9.990e-29
 149.495353      4.425  34.807265     8.4244    4.36781      4.388    33.0892    25.7106 -9.990e-29
 149.495359      4.439  34.805357     8.4228    4.36192      4.402    33.0887    25.7104 -9.990e-29
 149.495365      4.451  34.802591     8.4214    4.35125      4.414    33.0871    25.7093 -9.990e-29
 149.495370      4.459  34.801443     8.4200    4.35283      4.422    33.0872    25.7096 -9.990e-29
 149.495376      4.463  34.802062     8.4184    4.35191      4.426    33.0893    25.7116 -9.990e-29
 149.495382      4.462  34.801912     8.4164    4.34734      4.425    33.0911    25.7132 -9.990e-29
 149.495388      4.461  34.800231     8.4129    4.33168      4.424    33.0926    25.7149 -9.990e-29
 149.495394      4.465  34.796459     8.4069    4.32233      4.428    33.0942    25.7171 -9.990e-29
 149.495399      4.469  34.789491     8.4006    4.32687      4.432    33.0928    25.7169 -9.990e-29
 149.495405      4.469  34.784049     8.3981    4.31870      4.432    33.0894    25.7146 -9.990e-29
 149.495411      4.466  34.784648     8.3988    4.32281      4.429    33.0894    25.7145 -9.990e-29
 149.495417      4.459  34.785918     8.3976    4.31858      4.422    33.0918    25.7166 -9.990e-29
 149.495422      4.452  34.783387     8.3920    4.32850      4.415    33.0944    25.7195 -9.990e-29
 149.495428      4.448  34.779287     8.3853    4.32975      4.411    33.0964    25.7221 -9.990e-29
 149.495434      4.444  34.777119     8.3824    4.32178      4.407    33.0968    25.7228 -9.990e-29
 149.495440      4.439  34.778476     8.3836    4.32155      4.402    33.0971    25.7229 -9.990e-29
 149.495446      4.441  34.780681     8.3845    4.31918      4.404    33.0986    25.7239 -9.990e-29
 149.495451      4.450  34.780508     8.3831    4.32457      4.413    33.0998    25.7250 -9.990e-29
 149.495457      4.459  34.778847     8.3821    4.32926      4.422    33.0989    25.7245 -9.990e-29
 149.495463      4.459  34.778529     8.3831    4.33657      4.422    33.0977    25.7234 -9.990e-29
 149.495469      4.446  34.780249     8.3852    4.32979      4.409    33.0975    25.7230 -9.990e-29
 149.495475      4.428  34.782374     8.3867    4.33560      4.391    33.0984    25.7234 -9.990e-29
 149.495480      4.417  34.783255     8.3865    4.33538      4.380    33.0995    25.7243 -9.990e-29
 149.495486      4.416  34.782947     8.3860    4.33402      4.379    33.0996    25.7245 -9.990e-29
 149.495492      4.420  34.782721     8.3868    4.33615      4.383    33.0986    25.7236 -9.990e-29
 149.495498      4.422  34.783396     8.3887    4.34035      4.385    33.0976    25.7225 -9.990e-29
 149.495503      4.422  34.784752     8.3907    4.34883      4.385    33.0971    25.7218 -9.990e-29
 149.495509      4.423  34.786354     8.3922    4.35160      4.386    33.0974    25.7218 -9.990e-29
 149.495515      4.422  34.787536     8.3934    4.35604      4.385    33.0975    25.7217 -9.990e-29
 149.495521      4.414  34.788191     8.3954    4.35329      4.377    33.0963    25.7205 -9.990e-29
 149.495527      4.404  34.789194     8.3982    4.34952      4.367    33.0948    25.7188 -9.990e-29
 149.495532      4.398  34.790760     8.4002    4.35483      4.361    33.0945    25.7184 -9.990e-29
 149.495538      4.401  34.792177     8.4005    4.35250      4.364    33.0957    25.7193 -9.990e-29
 149.495544      4.405  34.792531     8.4002    4.36096      4.368    33.0964    25.7198 -9.990e-29
 149.495550      4.393  34.792294     8.4011    4.35282      4.356    33.0953    25.7188 -9.990e-29
 149.495556      4.363  34.792830     8.4034    4.35431      4.327    33.0937    25.7173 -9.990e-29
 149.495561      4.336  34.794292     8.4057    4.35459      4.300    33.0931    25.7164 -9.990e-29
 149.495567      4.323  34.795828     8.4073    4.36817      4.287    33.0932    25.7163 -9.990e-29
 149.495573      4.318  34.796686     8.4083    4.36744      4.282    33.0932    25.7161 -9.990e-29
 149.495579      4.317  34.796889     8.4093    4.36232      4.281    33.0925    25.7154 -9.990e-29
 149.495584      4.319  34.797267     8.4110    4.36640      4.283    33.0913    25.7142 -9.990e-29
 149.495590      4.326  34.798326     8.4131    4.36162      4.290    33.0904    25.7132 -9.990e-29
 149.495596      4.336  34.799793     8.4145    4.37222      4.300    33.0907    25.7132 -9.990e-29
 149.495602      4.348  34.800823     8.4153    4.36487      4.312    33.0910    25.7133 -9.990e-29
 149.495608      4.352  34.801108     8.4169    4.36786      4.316    33.0898    25.7121 -9.990e-29
 149.495613      4.345  34.801588     8.4189    4.36052      4.309    33.0884    25.7108 -9.990e-29
 149.495619      4.330  34.802342     8.4191    4.35697      4.294    33.0890    25.7112 -9.990e-29
 149.495625      4.321  34.802134     8.4162    4.36707      4.285    33.0915    25.7136 -9.990e-29
 149.495631      4.320  34.799567     8.4123    4.35980      4.284    33.0925    25.7149 -9.990e-29
 149.495637      4.309  34.795704     8.4114    4.36202      4.273    33.0893    25.7126 -9.990e-29
 149.495642      4.277  34.794360     8.4135    4.35194      4.241    33.0859    25.7096 -9.990e-29
 149.495648      4.232  34.796545     8.4156    4.35460      4.197    33.0862    25.7095 -9.990e-29
 149.495654      4.199  34.799567     8.4164    4.35120      4.164    33.0887    25.7114 -9.990e-29
 149.495660      4.188  34.801292     8.4153    4.34233      4.153    33.0916    25.7138 -9.990e-29
 149.495666      4.194  34.800656     8.4125    4.35107      4.159    33.0935    25.7157 -9.990e-29
 149.495671      4.209  34.797374     8.4098    4.33563      4.174    33.0926    25.7154 -9.990e-29
 149.495677      4.225  34.794353     8.4078    4.35275      4.190    33.0913    25.7147 -9.990e-29
 149.495683      4.239  34.793169     8.4049    4.35074      4.204    33.0927    25.7162 -9.990e-29
 149.495689      4.247  34.790563     8.4026    4.36483      4.212    33.0921    25.7161 -9.990e-29
 149.495694      4.242  34.789226     8.4045    4.37334      4.207    33.0889    25.7133 -9.990e-29
 149.495700      4.223  34.792980     8.4092    4.36872      4.188    33.0885    25.7123 -9.990e-29
 149.495706      4.202  34.797298     8.4138    4.36803      4.167    33.0887    25.7118 -9.990e-29
 149.495712      4.191  34.800652     8.4172    4.36734      4.156    33.0891    25.7115 -9.990e-29
 149.495718      4.192  34.803593     8.4187    4.37743      4.157    33.0908    25.7126 -9.990e-29
 149.495723      4.202  34.803875     8.4189    4.36454      4.167    33.0909    25.7127 -9.990e-29
 149.495729      4.208  34.802435     8.4193    4.36782      4.173    33.0890    25.7112 -9.990e-29
 149.495735      4.207  34.801839     8.4196    4.35701      4.172    33.0881    25.7104 -9.990e-29
 149.495741      4.211  34.801849     8.4183    4.35418      4.176    33.0893    25.7116 -9.990e-29
 149.495747      4.225  34.800798     8.4144    4.35093      4.190    33.0919    25.7141 -9.990e-29
 149.495752      4.236  34.797847     8.4103    4.34862      4.201    33.0926    25.7153 -9.990e-29
 149.495758      4.234  34.795226     8.4094    4.35300      4.199    33.0907    25.7140 -9.990e-29
 149.495764      4.217  34.795604     8.4102    4.34041      4.182    33.0903    25.7136 -9.990e-29
 149.495770      4.198  34.797244     8.4097    4.33952      4.163    33.0925    25.7154 -9.990e-29
 149.495775      4.192  34.797286     8.4059    4.33037      4.157    33.0962    25.7188 -9.990e-29
 149.495781      4.203  34.793546     8.3996    4.33251      4.168    33.0981    25.7213 -9.990e-29
 149.495787      4.220  34.788325     8.3962    4.33987      4.185    33.0958    25.7200 -9.990e-29
 149.495793      4.234  34.787552     8.3975    4.32615      4.199    33.0938    25.7182 -9.990e-29
 149.495799      4.246  34.790197     8.3990    4.31732      4.211    33.0951    25.7190 -9.990e-29
 149.495804      4.258  34.791376     8.3963    4.30759      4.222    33.0989    25.7224 -9.990e-29
 149.495810      4.269  34.788736     8.3893    4.32491      4.233    33.1027    25.7264 -9.990e-29
 149.495816      4.281  34.783243     8.3833    4.32223      4.245    33.1025    25.7272 -9.990e-29
 149.495822      4.291  34.779345     8.3823    4.32280      4.255    33.0994    25.7248 -9.990e-29
 149.495828      4.294  34.779689     8.3840    4.33114      4.258    33.0981    25.7236 -9.990e-29
 149.495833      4.300  34.782491     8.3851    4.32928      4.264    33.1000    25.7249 -9.990e-29
 149.495839      4.316  34.784762     8.3856    4.34592      4.280    33.1020    25.7264 -9.990e-29
 149.495845      4.337  34.786726     8.3866    4.33726      4.301    33.1031    25.7271 -9.990e-29
 149.495851      4.349  34.788759     8.3888    4.33816      4.313    33.1032    25.7268 -9.990e-29
 149.495856      4.355  34.789086     8.3917    4.33780      4.319    33.1008    25.7245 -9.990e-29
 149.495862      4.362  34.788706     8.3940    4.33701      4.326    33.0982    25.7222 -9.990e-29
 149.495868      4.376  34.789354     8.3955    4.34719      4.339    33.0975    25.7214 -9.990e-29
 149.495874      4.394  34.791332     8.3968    4.34607      4.357    33.0983    25.7219 -9.990e-29
 149.495880      4.407  34.793916     8.3974    4.35360      4.370    33.1005    25.7235 -9.990e-29
 149.495885      4.413  34.794944     8.3964    4.34509      4.376    33.1025    25.7252 -9.990e-29
 149.495891      4.415  34.794105     8.3952    4.34057      4.378    33.1028    25.7256 -9.990e-29
 149.495897      4.419  34.793084     8.3964    4.34700      4.382    33.1006    25.7237 -9.990e-29
 149.495903      4.421  34.793323     8.3998    4.34579      4.384    33.0976    25.7208 -9.990e-29
 149.495909      4.416  34.795140     8.4023    4.35722      4.379    33.0972    25.7201 -9.990e-29
 149.495914      4.404  34.796472     8.4014    4.34873      4.367    33.0994    25.7220 -9.990e-29
 149.495920      4.388  34.795732     8.3989    4.34303      4.351    33.1010    25.7236 -9.990e-29
 149.495926      4.376  34.794178     8.3978    4.34105      4.339    33.1004    25.7233 -9.990e-29
 149.495932      4.371  34.793102     8.3979    4.35582      4.334    33.0992    25.7224 -9.990e-29
 149.495938      4.370  34.792748     8.3981    4.35361      4.333    33.0986    25.7219 -9.990e-29
 149.495943      4.362  34.793207     8.3982    4.34449      4.326    33.0990    25.7222 -9.990e-29
