data/oxygen options/OCNMS/OCNMS1/raw_data/2007/CTD_CA015_101307faed.cnv
* Sea-Bird SBE19 Data File:
* FileName = C:\2007_mooring_data\retrieval_101207\CTD_CA015_101307.hex
* Software Version 1.20
* Temperature SN = 2997
* Conductivity SN = 2997
* System UpLoad Time = Oct 13 2007 11:29:16
* SEACAT PROFILER V3.1c SN 2997   10/13/07  11:28:38.869
* strain gauge pressure sensor: S/N = 184829,  range = 3000 psia,  tc = 40
# nquan = 9                                 
# nvalues = 591                         
# units = specified
# name 0 = timeJ: Julian Days
# name 1 = prSM: Pressure, Strain Gauge [db]
# name 2 = c0mS/cm: Conductivity [mS/cm]
# name 3 = t090C: Temperature [ITS-90, deg C]
# name 4 = oxML/L: Oxygen, Beckman/YSI [ml/l]
# name 5 = depSM: Depth [salt water, m], lat = 47.5
# name 6 = sal00: Salinity, Practical [PSU]
# name 7 = sigma-é00: Density [sigma-theta, kg/m^3]
# name 8 = flag: flag
# span 0 = 286.369583, 286.372998       
# span 1 =     -2.261,     17.104       
# span 2 =   0.021193,  35.506458       
# span 3 =     9.4669,    12.2053       
# span 4 =   -0.07953,   35.83443       
# span 5 =     -2.242,     16.961       
# span 6 =     0.0163,    30.5785       
# span 7 =    -0.2403,    23.1429       
# span 8 = 0.0000e+00, 0.0000e+00       
# interval = seconds: 0.5
# start_time = Oct 13 2007 08:52:12 [Instrument's time stamp, header]
# bad_flag = -9.990e-29
*END*
 286.369583     -2.244 -9.990e-29     9.4684   -0.07952     -2.225 -9.990e-29 -9.990e-29 -9.990e-29
 286.369589     -2.253   0.021193     9.4670   -0.07953     -2.234     0.0163    -0.2402 -9.990e-29
 286.369595     -2.261   0.021208     9.4669   -0.06686     -2.242     0.0163    -0.2402 -9.990e-29
 286.369601     -2.259   0.021251     9.4690   -0.06330     -2.240     0.0163    -0.2403 -9.990e-29
 286.369606     -2.248   0.021935     9.4728   -0.06184     -2.229     0.0167    -0.2403 -9.990e-29
 286.369612     -2.234   0.025095     9.4772   -0.06155     -2.215     0.0187    -0.2391 -9.990e-29
 286.369618     -2.218   0.034946     9.4820   -0.06148     -2.200     0.0249    -0.2346 -9.990e-29
 286.369624     -2.190   0.063883     9.4883   -0.06148     -2.172     0.0436    -0.2204 -9.990e-29
 286.369630     -2.147   0.149937     9.5018   -0.06158     -2.129     0.1013    -0.1759 -9.990e-29
 286.369635     -2.096   0.407664     9.5420   -0.06161     -2.079     0.2814    -0.0371 -9.990e-29
 286.369641     -2.038   1.180700     9.6663   -0.06149     -2.021     0.8480     0.3981 -9.990e-29
 286.369647     -1.968   3.499762    10.0413   -0.06161     -1.952     2.6392     1.7666 -9.990e-29
 286.369653     -1.884  10.456936    10.7242   -0.06159     -1.868     8.3554     6.1399 -9.990e-29
 286.369659     -1.778  21.352656    11.4063   -0.06147     -1.763    17.7971    13.3595 -9.990e-29
 286.369664     -1.645  29.411101    11.8105   -0.06142     -1.631    25.0151    18.8807 -9.990e-29
 286.369670     -1.481  32.618373    11.9853   -0.06142     -1.469    27.9131    21.0946 -9.990e-29
 286.369676     -1.287  33.724192    12.0573   -0.06148     -1.276    28.9069    21.8516 -9.990e-29
 286.369682     -1.073  34.074123    12.0815   -0.06147     -1.064    29.2204    22.0901 -9.990e-29
 286.369688     -0.855  34.117933    12.0846   -0.06147     -0.848    29.2596    22.1199 -9.990e-29
 286.369693     -0.649  34.067049    12.0893   -0.06144     -0.644    29.2075    22.0787 -9.990e-29
 286.369699     -0.464  34.069409    12.0993   -0.06145     -0.460    29.2018    22.0725 -9.990e-29
 286.369705     -0.305  34.086118    12.1088   -0.06152     -0.302    29.2102    22.0773 -9.990e-29
 286.369711     -0.174  34.048092    12.1165   -0.06159     -0.173    29.1681    22.0432 -9.990e-29
 286.369716     -0.069  34.061003    12.1228   -0.06152     -0.068    29.1754    22.0478 -9.990e-29
 286.369722      0.019  34.163364    12.1269   -0.06148      0.019    29.2693    22.1198 -9.990e-29
 286.369728      0.094  34.248407    12.1294   -0.06146      0.093    29.3481    22.1804 -9.990e-29
 286.369734      0.162  34.259133    12.1326   -0.06152      0.161    29.3558    22.1858 -9.990e-29
 286.369740      0.221  34.223294    12.1332   -0.06151      0.219    29.3212    22.1589 -9.990e-29
 286.369745      0.273  34.192872    12.1249   -0.06152      0.271    29.2988    22.1430 -9.990e-29
 286.369751      0.320  34.196803    12.1089   -0.06150      0.317    29.3151    22.1585 -9.990e-29
 286.369757      0.361  34.229118    12.0953   -0.06145      0.358    29.3564    22.1930 -9.990e-29
 286.369763      0.394  34.243221    12.0910   -0.06143      0.391    29.3732    22.2068 -9.990e-29
 286.369769      0.421  34.202982    12.0913   -0.06147      0.417    29.3347    22.1769 -9.990e-29
 286.369774      0.444  34.165160    12.0927   -0.06151      0.440    29.2976    22.1480 -9.990e-29
 286.369780      0.464  34.198147    12.0999   -0.06149      0.460    29.3233    22.1666 -9.990e-29
 286.369786      0.483  34.254566    12.1133   -0.06145      0.479    29.3664    22.1975 -9.990e-29
 286.369792      0.501  34.241492    12.1225   -0.06144      0.497    29.3468    22.1806 -9.990e-29
 286.369797      0.521  34.165593    12.1181   -0.06148      0.517    29.2781    22.1282 -9.990e-29
 286.369803      0.539  34.116237    12.1058   -0.06150      0.535    29.2409    22.1016 -9.990e-29
 286.369809      0.547  34.144759    12.0997   -0.06151      0.542    29.2727    22.1274 -9.990e-29
 286.369815      0.543  34.232017    12.1032   -0.06149      0.538    29.3529    22.1889 -9.990e-29
 286.369821      0.529  34.310506    12.1090   -0.06144      0.525    29.4230    22.2421 -9.990e-29
 286.369826      0.518  34.316165    12.1094   -0.06147      0.514    29.4280    22.2460 -9.990e-29
 286.369832      0.517  34.262705    12.1040   -0.06146      0.513    29.3815    22.2109 -9.990e-29
 286.369838      0.523  34.228502    12.0985   -0.06148      0.519    29.3533    22.1900 -9.990e-29
 286.369844      0.532  34.260432    12.0983   -0.06141      0.528    29.3838    22.2137 -9.990e-29
 286.369850      0.543  34.317549    12.1029   -0.06141      0.538    29.4345    22.2521 -9.990e-29
 286.369855      0.558  34.325231    12.1063   -0.06146      0.553    29.4391    22.2551 -9.990e-29
 286.369861      0.578  34.275222    12.1057   -0.06147      0.573    29.3920    22.2187 -9.990e-29
 286.369867      0.603  34.227517    12.1069   -0.06143      0.598    29.3457    22.1826 -9.990e-29
 286.369873      0.632  34.224443    12.1155   -0.06146      0.627    29.3360    22.1736 -9.990e-29
 286.369878      0.658  34.252931    12.1279   -0.06149      0.653    29.3534    22.1848 -9.990e-29
 286.369884      0.677  34.259040    12.1363   -0.06147      0.671    29.3526    22.1826 -9.990e-29
 286.369890      0.691  34.225690    12.1400   -0.06150      0.685    29.3180    22.1552 -9.990e-29
 286.369896      0.702  34.199217    12.1441   -0.06150      0.696    29.2896    22.1325 -9.990e-29
 286.369902      0.709  34.209342    12.1480   -0.06152      0.703    29.2962    22.1368 -9.990e-29
 286.369907      0.713  34.234252    12.1478   -0.06153      0.707    29.3200    22.1553 -9.990e-29
 286.369913      0.714  34.227566    12.1443   -0.06151      0.708    29.3164    22.1532 -9.990e-29
 286.369919      0.713  34.195503    12.1401   -0.06151      0.707    29.2892    22.1329 -9.990e-29
 286.369925      0.714  34.189474    12.1359   -0.06150      0.708    29.2868    22.1318 -9.990e-29
 286.369931      0.720  34.201437    12.1323   -0.06147      0.714    29.3010    22.1434 -9.990e-29
 286.369936      0.729  34.192972    12.1305   -0.06151      0.723    29.2943    22.1386 -9.990e-29
 286.369942      0.736  34.176333    12.1291   -0.06151      0.730    29.2796    22.1274 -9.990e-29
 286.369948      0.742  34.162961    12.1253   -0.06151      0.736    29.2699    22.1206 -9.990e-29
 286.369954      0.747  34.141749    12.1203   -0.06146      0.741    29.2537    22.1089 -9.990e-29
 286.369959      0.752  34.124209    12.1175   -0.06142      0.746    29.2392    22.0982 -9.990e-29
 286.369965      0.757  34.116657    12.1163   -0.06144      0.751    29.2330    22.0936 -9.990e-29
 286.369971      0.762  34.118548    12.1148   -0.06149      0.756    29.2359    22.0962 -9.990e-29
 286.369977      0.767  34.133524    12.1140   -0.06149      0.761    29.2508    22.1078 -9.990e-29
 286.369983      0.774  34.155766    12.1154   -0.06148      0.768    29.2708    22.1231 -9.990e-29
 286.369988      0.782  34.180178    12.1195   -0.06145      0.775    29.2908    22.1378 -9.990e-29
 286.369994      0.791  34.183259    12.1241   -0.06141      0.784    29.2901    22.1365 -9.990e-29
 286.370000      0.803  34.153981    12.1259   -0.06145      0.796    29.2609    22.1135 -9.990e-29
 286.370006      0.818  34.133457    12.1251   -0.06147      0.811    29.2420    22.0990 -9.990e-29
 286.370012      0.837  34.158776    12.1242   -0.06147      0.830    29.2668    22.1183 -9.990e-29
 286.370017      0.857  34.222779    12.1256   -0.06143      0.850    29.3264    22.1643 -9.990e-29
 286.370023      0.875  34.272918    12.1301   -0.06142      0.868    29.3705    22.1977 -9.990e-29
 286.370029      0.896  34.259461    12.1358   -0.06148      0.889    29.3533    22.1833 -9.990e-29
 286.370035      0.922  34.206501    12.1396   -0.06148      0.914    29.3000    22.1413 -9.990e-29
 286.370041      0.946  34.172336    12.1405   -0.06141      0.938    29.2668    22.1155 -9.990e-29
 286.370046      0.965  34.180353    12.1412   -0.06141      0.957    29.2739    22.1208 -9.990e-29
 286.370052      0.980  34.219941    12.1430   -0.06146      0.972    29.3101    22.1485 -9.990e-29
 286.370058      0.992  34.243554    12.1440   -0.06146      0.984    29.3317    22.1651 -9.990e-29
 286.370064      1.002  34.220460    12.1428   -0.06142      0.994    29.3107    22.1490 -9.990e-29
 286.370069      1.011  34.191048    12.1392   -0.06137      1.003    29.2856    22.1302 -9.990e-29
 286.370075      1.019  34.199052    12.1347   -0.06137      1.010    29.2967    22.1397 -9.990e-29
 286.370081      1.026  34.235528    12.1318   -0.06141      1.017    29.3336    22.1688 -9.990e-29
 286.370087      1.034  34.252700    12.1316   -0.06142      1.025    29.3501    22.1816 -9.990e-29
 286.370093      1.043  34.239834    12.1330   -0.06144      1.034    29.3368    22.1710 -9.990e-29
 286.370098      1.052  34.249832    12.1352   -0.06140      1.043    29.3445    22.1766 -9.990e-29
 286.370104      1.064  34.287056    12.1376   -0.06135      1.055    29.3780    22.2021 -9.990e-29
 286.370110      1.078  34.289596    12.1382   -0.06134      1.069    29.3799    22.2035 -9.990e-29
 286.370116      1.095  34.259156    12.1361   -0.06141      1.086    29.3527    22.1828 -9.990e-29
 286.370122      1.112  34.265566    12.1332   -0.06140      1.103    29.3610    22.1898 -9.990e-29
 286.370127      1.127  34.329703    12.1327   -0.06136      1.118    29.4224    22.2374 -9.990e-29
 286.370133      1.144  34.399755    12.1350   16.78109      1.134    29.4871    22.2871 -9.990e-29
 286.370139      1.165  34.415544    12.1372   33.20969      1.155    29.5004    22.2970 -9.990e-29
 286.370145      1.181  34.377380    12.1388   35.83443      1.171    29.4628    22.2676 -9.990e-29
 286.370150      1.191  34.335830    12.1411   32.12314      1.181    29.4215    22.2352 -9.990e-29
 286.370156      1.193  34.330217    12.1432   21.83022      1.183    29.4146    22.2294 -9.990e-29
 286.370162      1.190  34.369870    12.1439   16.17981      1.180    29.4517    22.2580 -9.990e-29
 286.370168      1.184  34.420220    12.1440   16.15033      1.174    29.4994    22.2950 -9.990e-29
 286.370174      1.184  34.425645    12.1440   16.03585      1.174    29.5046    22.2990 -9.990e-29
 286.370179      1.195  34.396180    12.1432   12.55921      1.185    29.4772    22.2780 -9.990e-29
 286.370185      1.212  34.402959    12.1420    4.86398      1.202    29.4846    22.2839 -9.990e-29
 286.370191      1.228  34.461184    12.1416    1.59715      1.218    29.5403    22.3271 -9.990e-29
 286.370197      1.239  34.520687    12.1416    1.03964      1.229    29.5968    22.3709 -9.990e-29
 286.370203      1.248  34.551501    12.1413    3.26492      1.238    29.6263    22.3938 -9.990e-29
 286.370208      1.254  34.561638    12.1403    6.15804      1.244    29.6368    22.4021 -9.990e-29
 286.370214      1.257  34.564613    12.1395    6.74069      1.247    29.6402    22.4049 -9.990e-29
 286.370220      1.258  34.566072    12.1396    6.98729      1.247    29.6415    22.4059 -9.990e-29
 286.370226      1.256  34.567398    12.1399    7.11381      1.246    29.6426    22.4067 -9.990e-29
 286.370231      1.257  34.567552    12.1401    7.18843      1.247    29.6426    22.4066 -9.990e-29
 286.370237      1.263  34.567300    12.1401    7.22210      1.252    29.6423    22.4064 -9.990e-29
 286.370243      1.273  34.567987    12.1402    7.22844      1.262    29.6429    22.4069 -9.990e-29
 286.370249      1.281  34.569406    12.1403    7.21116      1.270    29.6442    22.4078 -9.990e-29
 286.370255      1.288  34.570081    12.1398    7.18556      1.277    29.6452    22.4087 -9.990e-29
 286.370260      1.294  34.569230    12.1393    7.19528      1.283    29.6448    22.4085 -9.990e-29
 286.370266      1.301  34.568518    12.1399    7.20197      1.290    29.6436    22.4075 -9.990e-29
 286.370272      1.309  34.568676    12.1414    7.21075      1.298    29.6426    22.4064 -9.990e-29
 286.370278      1.317  34.568792    12.1421    7.22003      1.306    29.6421    22.4059 -9.990e-29
 286.370284      1.327  34.567897    12.1414    7.21928      1.316    29.6418    22.4058 -9.990e-29
 286.370289      1.339  34.565919    12.1409    7.22125      1.328    29.6403    22.4048 -9.990e-29
 286.370295      1.354  34.564701    12.1419    7.21542      1.343    29.6384    22.4031 -9.990e-29
 286.370301      1.373  34.564860    12.1437    7.21198      1.362    29.6371    22.4017 -9.990e-29
 286.370307      1.392  34.565109    12.1443    7.20441      1.380    29.6369    22.4014 -9.990e-29
 286.370313      1.409  34.565219    12.1433    7.20220      1.397    29.6377    22.4023 -9.990e-29
 286.370318      1.425  34.566079    12.1430    7.19876      1.413    29.6388    22.4032 -9.990e-29
 286.370324      1.437  34.567703    12.1437    7.19786      1.425    29.6398    22.4038 -9.990e-29
 286.370330      1.441  34.568510    12.1437    7.19581      1.429    29.6405    22.4044 -9.990e-29
 286.370336      1.441  34.567323    12.1433    7.19330      1.429    29.6397    22.4038 -9.990e-29
 286.370341      1.441  34.564793    12.1437    7.20520      1.429    29.6370    22.4017 -9.990e-29
 286.370347      1.439  34.562023    12.1443    7.20459      1.427    29.6339    22.3992 -9.990e-29
 286.370353      1.429  34.558115    12.1436    7.21042      1.417    29.6307    22.3968 -9.990e-29
 286.370359      1.414  34.552894    12.1410    7.20530      1.402    29.6278    22.3951 -9.990e-29
 286.370365      1.403  34.550599    12.1388    7.19512      1.391    29.6274    22.3951 -9.990e-29
 286.370370      1.399  34.556011    12.1388    7.20961      1.387    29.6326    22.3991 -9.990e-29
 286.370376      1.402  34.566246    12.1404    7.21635      1.390    29.6410    22.4054 -9.990e-29
 286.370382      1.411  34.572521    12.1424    7.22442      1.399    29.6454    22.4084 -9.990e-29
 286.370388      1.428  34.573665    12.1443    7.22771      1.416    29.6450    22.4077 -9.990e-29
 286.370394      1.450  34.575679    12.1461    7.21444      1.438    29.6455    22.4078 -9.990e-29
 286.370399      1.472  34.580680    12.1475    7.20477      1.460    29.6491    22.4103 -9.990e-29
 286.370405      1.498  34.585797    12.1485    7.19187      1.485    29.6532    22.4133 -9.990e-29
 286.370411      1.523  34.588316    12.1489    7.18513      1.510    29.6552    22.4148 -9.990e-29
 286.370417      1.547  34.588222    12.1486    7.18098      1.534    29.6554    22.4150 -9.990e-29
 286.370422      1.569  34.587064    12.1476    7.17733      1.556    29.6550    22.4149 -9.990e-29
 286.370428      1.587  34.586092    12.1467    7.16710      1.574    29.6548    22.4149 -9.990e-29
 286.370434      1.594  34.584560    12.1461    7.17558      1.581    29.6538    22.4143 -9.990e-29
 286.370440      1.590  34.582097    12.1456    7.17525      1.577    29.6519    22.4129 -9.990e-29
 286.370446      1.583  34.580455    12.1453    7.17787      1.570    29.6506    22.4119 -9.990e-29
 286.370451      1.578  34.580240    12.1449    7.16755      1.565    29.6507    22.4121 -9.990e-29
 286.370457      1.569  34.580034    12.1442    7.16112      1.556    29.6511    22.4125 -9.990e-29
 286.370463      1.552  34.577874    12.1433    7.16427      1.539    29.6497    22.4116 -9.990e-29
 286.370469      1.530  34.574234    12.1423    7.16273      1.517    29.6471    22.4097 -9.990e-29
 286.370475      1.511  34.572098    12.1414    7.16647      1.498    29.6458    22.4089 -9.990e-29
 286.370480      1.501  34.571974    12.1407    7.15924      1.488    29.6462    22.4093 -9.990e-29
 286.370486      1.500  34.571446    12.1403    7.15988      1.487    29.6460    22.4093 -9.990e-29
 286.370492      1.503  34.569801    12.1408    7.15688      1.490    29.6440    22.4076 -9.990e-29
 286.370498      1.512  34.569880    12.1431    7.14936      1.499    29.6423    22.4059 -9.990e-29
 286.370503      1.525  34.576264    12.1467    7.14917      1.512    29.6455    22.4077 -9.990e-29
