data/oxygen options/OCNMS/OCNMS1/raw_data/2007/CTD_CE065_050107faed.cnv
* Sea-Bird SBE19 Data File:
* FileName = C:\2007_mooring_data\CTD_CE065_050107.hex
* Software Version 1.1.6
* Temperature SN = 2997
* Conductivity SN = 2997
* System UpLoad Time = May 14 2007 13:04:42
* SEACAT PROFILER V3.1c SN 2997   05/14/07  13:03:51.870
* strain gauge pressure sensor: S/N = 184829,  range = 3000 psia,  tc = 40
# nquan = 9                                 
# nvalues = 1944                        
# units = specified
# name 0 = timeJ: Julian Days
# name 1 = prSM: Pressure, Strain Gauge [db]
# name 2 = c0mS/cm: Conductivity [mS/cm]
# name 3 = t090C: Temperature [ITS-90, deg C]
# name 4 = oxML/L: Oxygen, Beckman/YSI [ml/l]
# name 5 = depSM: Depth [salt water, m], lat = 47.5
# name 6 = sal00: Salinity, Practical [PSU]
# name 7 = sigma-é00: Density [sigma-theta, kg/m^3]
# name 8 = flag: flag
# span 0 = 134.511782, 134.523027       
# span 1 =     -2.262,     67.597       
# span 2 =   0.102856,  34.847704       
# span 3 =     6.9660,    11.9394       
# span 4 =   -1.80288,   37.91737       
# span 5 =     -2.243,     67.022       
# span 6 =     0.0660,    33.9515       
# span 7 =    -0.4409,    26.5959       
# span 8 = 0.0000e+00, 0.0000e+00       
# interval = seconds: 0.5
# start_time = May 14 2007 12:16:58 [Instrument's time stamp, header]
# bad_flag = -9.990e-29
*END*
[from data line 801]
 134.516418     67.498  34.329015     6.9687    1.68033     66.924    33.9459    26.5935 -9.990e-29
 134.516424     67.509  34.329075     6.9690    1.68027     66.935    33.9456    26.5933 -9.990e-29
 134.516429     67.524  34.328907     6.9690    1.66951     66.949    33.9454    26.5931 -9.990e-29
 134.516435     67.539  34.328282     6.9689    1.66957     66.964    33.9448    26.5927 -9.990e-29
 134.516441     67.550  34.328041     6.9689    1.67426     66.975    33.9446    26.5925 -9.990e-29
 134.516447     67.558  34.328416     6.9689    1.66958     66.983    33.9450    26.5928 -9.990e-29
 134.516453     67.564  34.328779     6.9690    1.67120     66.989    33.9453    26.5930 -9.990e-29
 134.516458     67.568  34.329045     6.9690    1.66920     66.993    33.9456    26.5932 -9.990e-29
 134.516464     67.570  34.329003     6.9688    1.65834     66.995    33.9457    26.5934 -9.990e-29
 134.516470     67.570  34.328590     6.9688    1.67816     66.995    33.9453    26.5930 -9.990e-29
 134.516476     67.569  34.328369     6.9690    1.67351     66.994    33.9448    26.5926 -9.990e-29
 134.516481     67.566  34.328597     6.9690    1.66447     66.991    33.9451    26.5928 -9.990e-29
 134.516487     67.562  34.329013     6.9687    1.68022     66.987    33.9458    26.5935 -9.990e-29
 134.516493     67.555  34.329044     6.9684    1.66962     66.980    33.9462    26.5938 -9.990e-29
 134.516499     67.546  34.328723     6.9682    1.67361     66.971    33.9460    26.5937 -9.990e-29
 134.516505     67.534  34.328736     6.9683    1.67315     66.959    33.9459    26.5936 -9.990e-29
 134.516510     67.518  34.329093     6.9685    1.66715     66.944    33.9461    26.5937 -9.990e-29
 134.516516     67.496  34.329144     6.9686    1.66242     66.922    33.9461    26.5937 -9.990e-29
 134.516522     67.473  34.328949     6.9688    1.67864     66.899    33.9457    26.5934 -9.990e-29
 134.516528     67.460  34.328802     6.9691    1.66447     66.886    33.9453    26.5930 -9.990e-29
 134.516534     67.463  34.328500     6.9692    1.67146     66.889    33.9448    26.5926 -9.990e-29
 134.516539     67.475  34.328196     6.9690    1.67311     66.901    33.9447    26.5925 -9.990e-29
 134.516545     67.488  34.328036     6.9687    1.66946     66.914    33.9448    26.5927 -9.990e-29
 134.516551     67.503  34.327800     6.9689    1.66686     66.929    33.9443    26.5923 -9.990e-29
 134.516557     67.516  34.327729     6.9693    1.67826     66.942    33.9439    26.5918 -9.990e-29
 134.516562     67.524  34.328279     6.9693    1.67359     66.949    33.9445    26.5923 -9.990e-29
 134.516568     67.528  34.329055     6.9693    1.67359     66.953    33.9453    26.5930 -9.990e-29
 134.516574     67.528  34.329404     6.9695    1.67355     66.953    33.9455    26.5931 -9.990e-29
 134.516580     67.523  34.329224     6.9695    1.66750     66.949    33.9453    26.5929 -9.990e-29
 134.516586     67.513  34.328831     6.9696    1.66238     66.939    33.9448    26.5925 -9.990e-29
 134.516591     67.503  34.328813     6.9696    1.66919     66.929    33.9448    26.5925 -9.990e-29
 134.516597     67.500  34.329139     6.9696    1.67156     66.926    33.9451    26.5928 -9.990e-29
 134.516603     67.508  34.329118     6.9695    1.66441     66.934    33.9452    26.5929 -9.990e-29
 134.516609     67.523  34.328715     6.9693    1.67358     66.949    33.9449    26.5927 -9.990e-29
 134.516615     67.538  34.328505     6.9690    1.67162     66.963    33.9450    26.5928 -9.990e-29
 134.516620     67.550  34.328761     6.9690    1.68268     66.975    33.9453    26.5930 -9.990e-29
 134.516626     67.559  34.329259     6.9693    1.68671     66.984    33.9455    26.5931 -9.990e-29
 134.516632     67.565  34.329533     6.9696    1.67357     66.990    33.9455    26.5931 -9.990e-29
 134.516638     67.569  34.329381     6.9696    1.66956     66.994    33.9453    26.5930 -9.990e-29
 134.516644     67.572  34.329154     6.9692    1.66555     66.997    33.9455    26.5931 -9.990e-29
 134.516649     67.573  34.329104     6.9688    1.66791     66.998    33.9458    26.5935 -9.990e-29
 134.516655     67.573  34.329157     6.9688    1.67156     66.998    33.9459    26.5935 -9.990e-29
 134.516661     67.576  34.329376     6.9690    1.68063     67.001    33.9459    26.5935 -9.990e-29
 134.516667     67.587  34.329487     6.9692    1.66481     67.012    33.9458    26.5934 -9.990e-29
 134.516672     67.596  34.329259     6.9694    1.66956     67.021    33.9454    26.5930 -9.990e-29
 134.516678     67.597  34.328942     6.9694    1.66954     67.022    33.9450    26.5928 -9.990e-29
 134.516684     67.595  34.328855     6.9692    1.66939     67.020    33.9451    26.5929 -9.990e-29
 134.516690     67.592  34.328875     6.9688    1.66685     67.017    33.9456    26.5932 -9.990e-29
 134.516696     67.589  34.328647     6.9685    1.66987     67.014    33.9456    26.5933 -9.990e-29
 134.516701     67.585  34.328423     6.9686    1.67185     67.010    33.9453    26.5930 -9.990e-29
 134.516707     67.581  34.328459     6.9690    1.67396     67.006    33.9449    26.5927 -9.990e-29
 134.516713     67.576  34.328797     6.9693    1.68474     67.001    33.9450    26.5927 -9.990e-29
 134.516719     67.570  34.329323     6.9693    1.66483     66.995    33.9456    26.5932 -9.990e-29
 134.516725     67.562  34.329611     6.9692    1.66945     66.987    33.9460    26.5935 -9.990e-29
 134.516730     67.553  34.329479     6.9693    1.67854     66.978    33.9458    26.5933 -9.990e-29
 134.516736     67.540  34.329306     6.9697    1.67183     66.965    33.9452    26.5928 -9.990e-29
 134.516742     67.529  34.329417     6.9698    1.66682     66.954    33.9452    26.5928 -9.990e-29
 134.516748     67.522  34.329393     6.9696    1.66780     66.948    33.9454    26.5930 -9.990e-29
 134.516753     67.514  34.329199     6.9694    1.65875     66.940    33.9454    26.5930 -9.990e-29
 134.516759     67.506  34.329128     6.9691    1.67158     66.932    33.9456    26.5932 -9.990e-29
 134.516765     67.500  34.329083     6.9691    1.67563     66.926    33.9455    26.5932 -9.990e-29
 134.516771     67.493  34.328997     6.9694    1.66486     66.919    33.9452    26.5928 -9.990e-29
 134.516777     67.479  34.328749     6.9696    1.67353     66.905    33.9447    26.5925 -9.990e-29
 134.516782     67.462  34.328564     6.9697    1.68062     66.888    33.9444    26.5922 -9.990e-29
 134.516788     67.450  34.328751     6.9697    1.67589     66.876    33.9446    26.5924 -9.990e-29
 134.516794     67.445  34.328994     6.9697    1.67600     66.871    33.9449    26.5926 -9.990e-29
 134.516800     67.448  34.328489     6.9697    1.66955     66.874    33.9443    26.5921 -9.990e-29
 134.516806     67.459  34.327680     6.9695    1.66790     66.885    33.9436    26.5916 -9.990e-29
 134.516811     67.474  34.327725     6.9691    1.67195     66.900    33.9441    26.5920 -9.990e-29
 134.516817     67.486  34.328116     6.9689    1.67195     66.912    33.9447    26.5925 -9.990e-29
 134.516823     67.491  34.328250     6.9689    1.66241     66.917    33.9448    26.5927 -9.990e-29
 134.516829     67.489  34.328297     6.9689    1.66951     66.915    33.9449    26.5927 -9.990e-29
 134.516834     67.485  34.328315     6.9690    1.67195     66.911    33.9448    26.5926 -9.990e-29
 134.516840     67.486  34.328324     6.9691    1.67404     66.912    33.9447    26.5925 -9.990e-29
 134.516846     67.498  34.328330     6.9690    1.67560     66.924    33.9448    26.5926 -9.990e-29
 134.516852     67.516  34.328336     6.9688    1.67157     66.942    33.9450    26.5928 -9.990e-29
 134.516858     67.534  34.328343     6.9688    1.66287     66.959    33.9450    26.5928 -9.990e-29
 134.516863     67.548  34.328357     6.9689    1.66948     66.973    33.9449    26.5927 -9.990e-29
 134.516869     67.559  34.328390     6.9691    1.67150     66.984    33.9448    26.5926 -9.990e-29
 134.516875     67.567  34.328478     6.9694    1.67390     66.992    33.9446    26.5924 -9.990e-29
 134.516881     67.574  34.328734     6.9694    1.67596     66.999    33.9448    26.5926 -9.990e-29
 134.516887     67.579  34.328934     6.9691    1.67196     67.004    33.9453    26.5930 -9.990e-29
 134.516892     67.584  34.328779     6.9689    1.67191     67.009    33.9454    26.5931 -9.990e-29
 134.516898     67.583  34.328617     6.9688    1.67196     67.008    33.9453    26.5930 -9.990e-29
 134.516904     67.573  34.328788     6.9687    1.68064     66.998    33.9456    26.5933 -9.990e-29
 134.516910     67.558  34.328951     6.9686    1.66478     66.983    33.9459    26.5935 -9.990e-29
 134.516916     67.540  34.328758     6.9687    1.66992     66.965    33.9456    26.5933 -9.990e-29
 134.516921     67.523  34.328507     6.9689    1.66992     66.949    33.9451    26.5929 -9.990e-29
 134.516927     67.514  34.328418     6.9691    1.66081     66.940    33.9448    26.5926 -9.990e-29
 134.516933     67.518  34.328369     6.9693    1.67388     66.944    33.9446    26.5924 -9.990e-29
 134.516939     67.529  34.328290     6.9693    1.67184     66.954    33.9445    26.5923 -9.990e-29
 134.516944     67.540  34.328070     6.9692    1.67397     66.965    33.9443    26.5922 -9.990e-29
 134.516950     67.548  34.327969     6.9692    1.67603     66.973    33.9442    26.5921 -9.990e-29
 134.516956     67.553  34.328409     6.9695    1.67194     66.978    33.9444    26.5922 -9.990e-29
 134.516962     67.555  34.328848     6.9697    1.67198     66.980    33.9447    26.5924 -9.990e-29
 134.516968     67.555  34.328745     6.9694    1.67198     66.980    33.9449    26.5926 -9.990e-29
 134.516973     67.553  34.328519     6.9692    1.67198     66.978    33.9448    26.5926 -9.990e-29
 134.516979     67.547  34.328422     6.9693    1.66289     66.972    33.9446    26.5924 -9.990e-29
 134.516985     67.538  34.328318     6.9695    1.66992     66.963    33.9443    26.5921 -9.990e-29
 134.516991     67.530  34.328065     6.9694    1.67198     66.955    33.9441    26.5920 -9.990e-29
 134.516997     67.531  34.327879     6.9690    1.66489     66.956    33.9443    26.5922 -9.990e-29
 134.517002     67.541  34.328069     6.9686    1.66489     66.966    33.9449    26.5928 -9.990e-29
 134.517008     67.551  34.328321     6.9685    1.66985     66.976    33.9453    26.5931 -9.990e-29
 134.517014     67.559  34.328405     6.9683    1.66485     66.984    33.9456    26.5933 -9.990e-29
 134.517020     67.565  34.328428     6.9681    1.67598     66.990    33.9458    26.5935 -9.990e-29
 134.517025     67.568  34.328414     6.9681    1.67602     66.993    33.9458    26.5935 -9.990e-29
 134.517031     67.570  34.328338     6.9682    1.66540     66.995    33.9456    26.5933 -9.990e-29
 134.517037     67.571  34.328094     6.9683    1.66489     66.996    33.9452    26.5930 -9.990e-29
 134.517043     67.569  34.327911     6.9682    1.67910     66.994    33.9451    26.5930 -9.990e-29
 134.517049     67.567  34.328101     6.9681    1.67602     66.992    33.9454    26.5932 -9.990e-29
 134.517054     67.562  34.328351     6.9683    1.67804     66.987    33.9455    26.5933 -9.990e-29
 134.517060     67.555  34.328429     6.9685    1.67400     66.980    33.9454    26.5932 -9.990e-29
 134.517066     67.550  34.328433     6.9685    1.65927     66.975    33.9454    26.5932 -9.990e-29
 134.517072     67.551  34.328363     6.9681    1.66137     66.976    33.9457    26.5935 -9.990e-29
 134.517078     67.558  34.328121     6.9676    1.67045     66.983    33.9459    26.5937 -9.990e-29
 134.517083     67.570  34.327938     6.9673    1.66536     66.995    33.9460    26.5938 -9.990e-29
 134.517089     67.582  34.328126     6.9673    1.66732     67.007    33.9462    26.5940 -9.990e-29
 134.517095     67.584  34.328369     6.9675    1.67402     67.009    33.9463    26.5940 -9.990e-29
 134.517101     67.580  34.328424     6.9675    1.67428     67.005    33.9464    26.5941 -9.990e-29
 134.517106     67.576  34.328359     6.9674    1.66936     67.001    33.9464    26.5941 -9.990e-29
 134.517112     67.575  34.328083     6.9672    1.67432     67.000    33.9463    26.5940 -9.990e-29
 134.517118     67.581  34.327783     6.9668    1.66331     67.006    33.9463    26.5941 -9.990e-29
 134.517124     67.591  34.327614     6.9666    1.66376     67.016    33.9464    26.5942 -9.990e-29
 134.517130     67.596  34.327344     6.9668    1.67409     67.021    33.9459    26.5938 -9.990e-29
 134.517135     67.588  34.327169     6.9670    1.66538     67.013    33.9455    26.5934 -9.990e-29
 134.517141     67.563  34.327408     6.9670    1.66735     66.988    33.9457    26.5936 -9.990e-29
 134.517147     67.523  34.327815     6.9672    1.67430     66.949    33.9460    26.5938 -9.990e-29
 134.517153     67.479  34.327805     6.9676    1.66517     66.905    33.9456    26.5935 -9.990e-29
 134.517159     67.440  34.327360     6.9676    1.66709     66.866    33.9452    26.5931 -9.990e-29
 134.517164     67.403  34.327004     6.9674    1.66503     66.830    33.9450    26.5930 -9.990e-29
 134.517170     67.364  34.326815     6.9670    1.66289     66.791    33.9452    26.5932 -9.990e-29
 134.517176     67.318  34.326537     6.9665    1.66677     66.745    33.9454    26.5934 -9.990e-29
 134.517182     67.254  34.326354     6.9661    1.66663     66.682    33.9456    26.5937 -9.990e-29
 134.517188     67.161  34.326578     6.9660    1.66652     66.590    33.9460    26.5940 -9.990e-29
 134.517193     67.036  34.326940     6.9665    1.66643     66.466    33.9460    26.5939 0.0000e+00
 134.517199     66.875  34.327357     6.9671    1.67502     66.306    33.9459    26.5938 0.0000e+00
 134.517205     66.673  34.327820     6.9674    1.66831     66.106    33.9462    26.5940 0.0000e+00
 134.517211     66.429  34.327818     6.9675    1.66615     65.864    33.9463    26.5940 0.0000e+00
 134.517216     66.145  34.327346     6.9673    1.66402     65.582    33.9461    26.5938 0.0000e+00
 134.517222     65.821  34.326890     6.9669    1.67093     65.261    33.9461    26.5939 0.0000e+00
 134.517228     65.457  34.326400     6.9665    1.65857     64.900    33.9462    26.5940 0.0000e+00
 134.517234     65.064  34.325778     6.9663    1.66336     64.511    33.9459    26.5938 0.0000e+00
 134.517240     64.660  34.325311     6.9662    1.67232     64.110    33.9457    26.5936 0.0000e+00
 134.517245     64.258  34.324936     6.9662    1.66523     63.712    33.9454    26.5935 0.0000e+00
 134.517251     63.862  34.324710     6.9663    1.67758     63.319    33.9453    26.5933 0.0000e+00
 134.517257     63.473  34.324890     6.9664    1.67279     62.934    33.9456    26.5935 0.0000e+00
 134.517263     63.088  34.325151     6.9668    1.66961     62.552    33.9457    26.5935 0.0000e+00
 134.517269     62.699  34.325274     6.9677    1.68011     62.166    33.9451    26.5930 0.0000e+00
 134.517274     62.303  34.325420     6.9692    1.68570     61.774    33.9440    26.5919 0.0000e+00
 134.517280     61.900  34.325781     6.9715    1.69625     61.374    33.9423    26.5902 0.0000e+00
 134.517286     61.491  34.326835     6.9741    1.71061     60.969    33.9411    26.5889 0.0000e+00
 134.517292     61.075  34.328861     6.9773    1.74422     60.556    33.9404    26.5879 0.0000e+00
 134.517297     60.651  34.331755     6.9821    1.77247     60.136    33.9390    26.5862 0.0000e+00
 134.517303     60.219  34.336011     6.9894    1.81298     59.708    33.9367    26.5834 0.0000e+00
 134.517309     59.780  34.342816     7.0014    1.84937     59.272    33.9326    26.5784 0.0000e+00
 134.517315     59.342  34.353952     7.0187    1.87121     58.838    33.9279    26.5724 0.0000e+00
 134.517321     58.906  34.368011     7.0390    1.91791     58.406    33.9236    26.5662 0.0000e+00
 134.517326     58.465  34.377953     7.0600    1.97292     57.969    33.9140    26.5558 0.0000e+00
 134.517332     58.019  34.381341     7.0841    2.03032     57.527    33.8942    26.5369 0.0000e+00
