data/oxygen options/OCNMS/OCNMS1/raw_data/2007/CTD_CA042_101307faed.cnv
* Sea-Bird SBE19 Data File:
* FileName = C:\2007_mooring_data\retrieval_101207\CTD_CA042_101307.hex
* Software Version 1.20
* Temperature SN = 2997
* Conductivity SN = 2997
* System UpLoad Time = Oct 13 2007 11:30:37
* SEACAT PROFILER V3.1c SN 2997   10/13/07  11:30:05.488
* strain gauge pressure sensor: S/N = 184829,  range = 3000 psia,  tc = 40
# nquan = 9                                 
# nvalues = 632                         
# units = specified
# name 0 = timeJ: Julian Days
# name 1 = prSM: Pressure, Strain Gauge [db]
# name 2 = c0mS/cm: Conductivity [mS/cm]
# name 3 = t090C: Temperature [ITS-90, deg C]
# name 4 = oxML/L: Oxygen, Beckman/YSI [ml/l]
# name 5 = depSM: Depth [salt water, m], lat = 47.5
# name 6 = sal00: Salinity, Practical [PSU]
# name 7 = sigma-é00: Density [sigma-theta, kg/m^3]
# name 8 = flag: flag
# span 0 = 286.388056, 286.391707       
# span 1 =     -4.372,     41.989       
# span 2 =   0.815817,  36.642449       
# span 3 =    10.3480,    12.3863       
# span 4 =   -0.07666,   34.10596       
# span 5 =     -4.336,     41.634       
# span 6 =     0.5607,    32.4069       
# span 7 =     0.0769,    24.8701       
# span 8 = 0.0000e+00, 0.0000e+00       
# interval = seconds: 0.5
# start_time = Oct 13 2007 09:18:48 [Instrument's time stamp, header]
# bad_flag = -9.990e-29
*END*
[from data line 161]
 286.388987     -0.242  34.183343    12.2289    7.98308     -0.240    29.2087    22.0544 -9.990e-29
 286.388993     -0.219  34.183180    12.2288    7.98591     -0.217    29.2086    22.0543 -9.990e-29
 286.388999     -0.192  34.183214    12.2287    7.98022     -0.190    29.2087    22.0544 -9.990e-29
 286.389005     -0.170  34.183489    12.2284    7.97978     -0.169    29.2092    22.0548 -9.990e-29
 286.389010     -0.156  34.183813    12.2282    7.96411     -0.155    29.2097    22.0552 -9.990e-29
 286.389016     -0.147  34.184058    12.2280    7.94236     -0.146    29.2101    22.0556 -9.990e-29
 286.389022     -0.145  34.184552    12.2277    7.93538     -0.144    29.2108    22.0562 -9.990e-29
 286.389028     -0.144  34.184834    12.2267    7.94215     -0.143    29.2118    22.0572 -9.990e-29
 286.389034     -0.136  34.183601    12.2252    7.95746     -0.135    29.2118    22.0574 -9.990e-29
 286.389039     -0.121  34.181452    12.2246    7.96990     -0.120    29.2102    22.0563 -9.990e-29
 286.389045     -0.105  34.180566    12.2249    7.97986     -0.104    29.2091    22.0554 -9.990e-29
 286.389051     -0.093  34.180885    12.2252    7.97311     -0.092    29.2092    22.0554 -9.990e-29
 286.389057     -0.083  34.181153    12.2253    7.96395     -0.082    29.2094    22.0555 -9.990e-29
 286.389063     -0.074  34.181168    12.2251    7.96739     -0.073    29.2096    22.0557 -9.990e-29
 286.389068     -0.063  34.180951    12.2248    7.96538     -0.062    29.2096    22.0558 -9.990e-29
 286.389074     -0.043  34.180774    12.2247    7.96965     -0.043    29.2095    22.0557 -9.990e-29
 286.389080     -0.018  34.180966    12.2249    7.95899     -0.018    29.2095    22.0557 -9.990e-29
 286.389086      0.004  34.181221    12.2252    7.94652      0.004    29.2095    22.0557 -9.990e-29
 286.389091      0.022  34.181321    12.2254    7.93808      0.022    29.2094    22.0556 -9.990e-29
 286.389097      0.036  34.181399    12.2251    7.93777      0.036    29.2097    22.0559 -9.990e-29
 286.389103      0.047  34.181000    12.2245    7.94480      0.047    29.2098    22.0560 -9.990e-29
 286.389109      0.061  34.180154    12.2241    7.94483      0.060    29.2093    22.0557 -9.990e-29
 286.389115      0.078  34.179976    12.2244    7.93913      0.077    29.2089    22.0553 -9.990e-29
 286.389120      0.090  34.180792    12.2250    7.93639      0.089    29.2092    22.0555 -9.990e-29
 286.389126      0.094  34.182007    12.2255    7.93769      0.093    29.2100    22.0560 -9.990e-29
 286.389132      0.095  34.183000    12.2257    7.94398      0.094    29.2108    22.0565 -9.990e-29
 286.389138      0.102  34.183417    12.2256    7.95234      0.101    29.2112    22.0569 -9.990e-29
 286.389144      0.113  34.183256    12.2256    7.95549      0.112    29.2111    22.0568 -9.990e-29
 286.389149      0.123  34.182864    12.2259    7.94658      0.122    29.2105    22.0563 -9.990e-29
 286.389155      0.127  34.182839    12.2263    7.93622      0.126    29.2101    22.0559 -9.990e-29
 286.389161      0.129  34.183148    12.2263    7.92671      0.128    29.2104    22.0562 -9.990e-29
 286.389167      0.135  34.183085    12.2261    7.92679      0.134    29.2105    22.0563 -9.990e-29
 286.389172      0.144  34.182566    12.2260    7.92955      0.143    29.2101    22.0560 -9.990e-29
 286.389178      0.157  34.182022    12.2261    7.93576      0.156    29.2095    22.0555 -9.990e-29
 286.389184      0.171  34.181849    12.2261    7.94589      0.170    29.2093    22.0554 -9.990e-29
 286.389190      0.182  34.182380    12.2262    7.93362      0.180    29.2097    22.0557 -9.990e-29
 286.389196      0.191  34.183201    12.2267    7.93055      0.189    29.2101    22.0559 -9.990e-29
 286.389201      0.198  34.183728    12.2277    7.92909      0.196    29.2098    22.0555 -9.990e-29
 286.389207      0.204  34.184103    12.2286    7.92925      0.202    29.2095    22.0550 -9.990e-29
 286.389213      0.210  34.184270    12.2288    7.93587      0.208    29.2095    22.0550 -9.990e-29
 286.389219      0.215  34.183891    12.2286    7.94077      0.213    29.2093    22.0549 -9.990e-29
 286.389225      0.220  34.183584    12.2285    7.94327      0.218    29.2091    22.0547 -9.990e-29
 286.389230      0.225  34.184061    12.2285    7.93668      0.223    29.2095    22.0551 -9.990e-29
 286.389236      0.231  34.184838    12.2284    7.93153      0.229    29.2103    22.0557 -9.990e-29
 286.389242      0.239  34.185271    12.2282    7.93072      0.237    29.2109    22.0562 -9.990e-29
 286.389248      0.247  34.185379    12.2281    7.93225      0.245    29.2111    22.0564 -9.990e-29
 286.389253      0.258  34.185308    12.2279    7.92842      0.256    29.2112    22.0565 -9.990e-29
 286.389259      0.272  34.184964    12.2275    7.92688      0.270    29.2111    22.0565 -9.990e-29
 286.389265      0.289  34.184450    12.2273    7.91965      0.287    29.2108    22.0563 -9.990e-29
 286.389271      0.306  34.184202    12.2279    7.92704      0.303    29.2101    22.0556 -9.990e-29
 286.389277      0.317  34.184451    12.2286    7.92947      0.314    29.2098    22.0553 -9.990e-29
 286.389282      0.321  34.184969    12.2290    7.92450      0.318    29.2100    22.0553 -9.990e-29
 286.389288      0.327  34.185327    12.2292    7.91976      0.324    29.2101    22.0554 -9.990e-29
 286.389294      0.341  34.185445    12.2292    7.91291      0.338    29.2103    22.0555 -9.990e-29
 286.389300      0.358  34.185481    12.2291    7.90234      0.355    29.2104    22.0556 -9.990e-29
 286.389306      0.371  34.185484    12.2291    7.88847      0.368    29.2104    22.0556 -9.990e-29
 286.389311      0.377  34.185457    12.2291    7.88141      0.374    29.2103    22.0556 -9.990e-29
 286.389317      0.377  34.185367    12.2291    7.87772      0.374    29.2102    22.0555 -9.990e-29
 286.389323      0.373  34.185094    12.2291    7.88379      0.370    29.2100    22.0553 -9.990e-29
 286.389329      0.371  34.184278    12.2287    7.88471      0.368    29.2095    22.0550 -9.990e-29
 286.389334      0.371  34.182953    12.2279    7.88985      0.368    29.2089    22.0547 -9.990e-29
 286.389340      0.376  34.182156    12.2274    7.89292      0.373    29.2085    22.0545 -9.990e-29
 286.389346      0.387  34.182507    12.2277    7.88739      0.384    29.2086    22.0545 -9.990e-29
 286.389352      0.401  34.183352    12.2283    7.89391      0.398    29.2089    22.0547 -9.990e-29
 286.389358      0.417  34.184140    12.2287    7.89069      0.414    29.2094    22.0549 -9.990e-29
 286.389363      0.434  34.184799    12.2290    7.88426      0.430    29.2098    22.0552 -9.990e-29
 286.389369      0.448  34.185088    12.2291    7.87807      0.444    29.2100    22.0553 -9.990e-29
 286.389375      0.459  34.184835    12.2288    7.87959      0.455    29.2099    22.0554 -9.990e-29
 286.389381      0.468  34.184264    12.2282    7.88734      0.464    29.2099    22.0554 -9.990e-29
 286.389387      0.477  34.183735    12.2275    7.88487      0.473    29.2099    22.0556 -9.990e-29
 286.389392      0.484  34.183106    12.2271    7.88003      0.480    29.2096    22.0554 -9.990e-29
 286.389398      0.492  34.182658    12.2272    7.86002      0.488    29.2091    22.0550 -9.990e-29
 286.389404      0.500  34.182917    12.2271    7.85849      0.496    29.2094    22.0553 -9.990e-29
 286.389410      0.509  34.183110    12.2261    7.86291      0.505    29.2104    22.0562 -9.990e-29
 286.389416      0.520  34.182375    12.2244    7.86886      0.516    29.2110    22.0570 -9.990e-29
 286.389421      0.533  34.181412    12.2233    7.86133      0.529    29.2110    22.0571 -9.990e-29
 286.389427      0.544  34.181181    12.2234    7.85159      0.539    29.2107    22.0569 -9.990e-29
 286.389433      0.551  34.181373    12.2240    7.84983      0.546    29.2104    22.0566 -9.990e-29
 286.389439      0.554  34.181686    12.2238    7.85242      0.549    29.2108    22.0569 -9.990e-29
 286.389444      0.552  34.181979    12.2230    7.85525      0.547    29.2117    22.0578 -9.990e-29
 286.389450      0.550  34.182081    12.2224    7.85456      0.545    29.2123    22.0583 -9.990e-29
 286.389456      0.552  34.182131    12.2224    7.85646      0.547    29.2123    22.0584 -9.990e-29
 286.389462      0.559  34.182198    12.2228    7.86332      0.554    29.2121    22.0581 -9.990e-29
 286.389468      0.570  34.182371    12.2234    7.86967      0.565    29.2118    22.0578 -9.990e-29
 286.389473      0.587  34.182696    12.2239    7.86967      0.582    29.2117    22.0576 -9.990e-29
 286.389479      0.606  34.183046    12.2242    7.86639      0.601    29.2118    22.0576 -9.990e-29
 286.389485      0.620  34.183146    12.2246    7.87197      0.615    29.2116    22.0574 -9.990e-29
 286.389491      0.625  34.183135    12.2252    7.86636      0.620    29.2111    22.0569 -9.990e-29
 286.389497      0.626  34.183377    12.2256    7.86490      0.621    29.2110    22.0568 -9.990e-29
 286.389502      0.628  34.183642    12.2259    7.86193      0.623    29.2110    22.0567 -9.990e-29
 286.389508      0.631  34.183727    12.2260    7.86071      0.626    29.2110    22.0567 -9.990e-29
 286.389514      0.638  34.183751    12.2261    7.86546      0.633    29.2110    22.0566 -9.990e-29
 286.389520      0.651  34.183755    12.2263    7.85839      0.646    29.2108    22.0565 -9.990e-29
 286.389525      0.662  34.183748    12.2264    7.86209      0.656    29.2107    22.0564 -9.990e-29
 286.389531      0.666  34.183727    12.2264    7.86378      0.660    29.2107    22.0564 -9.990e-29
 286.389537      0.665  34.183669    12.2263    7.85333      0.659    29.2107    22.0564 -9.990e-29
 286.389543      0.659  34.183500    12.2262    7.85870      0.653    29.2106    22.0564 -9.990e-29
 286.389549      0.651  34.183001    12.2258    7.87438      0.646    29.2105    22.0563 -9.990e-29
 286.389554      0.649  34.182075    12.2252    7.87674      0.644    29.2101    22.0561 -9.990e-29
 286.389560      0.657  34.181174    12.2249    7.87258      0.652    29.2094    22.0557 -9.990e-29
 286.389566      0.672  34.180784    12.2249    7.86322      0.666    29.2091    22.0554 -9.990e-29
 286.389572      0.686  34.180951    12.2251    7.85539      0.680    29.2091    22.0554 -9.990e-29
 286.389578      0.696  34.181341    12.2250    7.86222      0.690    29.2095    22.0557 -9.990e-29
 286.389583      0.702  34.181360    12.2246    7.86545      0.696    29.2098    22.0560 -9.990e-29
 286.389589      0.704  34.181038    12.2242    7.87029      0.698    29.2098    22.0561 -9.990e-29
 286.389595      0.704  34.181074    12.2240    7.85953      0.698    29.2100    22.0563 -9.990e-29
 286.389601      0.700  34.181519    12.2241    7.84987      0.694    29.2104    22.0565 -9.990e-29
 286.389606      0.693  34.181851    12.2244    7.84474      0.687    29.2105    22.0566 -9.990e-29
 286.389612      0.682  34.181959    12.2249    7.85339      0.676    29.2102    22.0562 -9.990e-29
 286.389618      0.671  34.181992    12.2255    7.85569      0.665    29.2097    22.0558 -9.990e-29
 286.389624      0.668  34.182001    12.2258    7.85715      0.662    29.2095    22.0556 -9.990e-29
 286.389630      0.676  34.182006    12.2257    7.85585      0.670    29.2096    22.0557 -9.990e-29
 286.389635      0.692  34.182017    12.2257    7.85256      0.686    29.2096    22.0557 -9.990e-29
 286.389641      0.708  34.182055    12.2262    7.85778      0.702    29.2092    22.0553 -9.990e-29
 286.389647      0.721  34.182175    12.2266    7.86436      0.715    29.2090    22.0551 -9.990e-29
 286.389653      0.732  34.182542    12.2267    7.86415      0.726    29.2093    22.0552 -9.990e-29
 286.389659      0.742  34.183093    12.2270    7.86407      0.736    29.2096    22.0554 -9.990e-29
 286.389664      0.751  34.183447    12.2273    7.86253      0.745    29.2097    22.0554 -9.990e-29
 286.389670      0.760  34.183520    12.2276    7.86161      0.754    29.2095    22.0553 -9.990e-29
 286.389676      0.769  34.183414    12.2277    7.86138      0.763    29.2093    22.0551 -9.990e-29
 286.389682      0.779  34.182995    12.2274    7.87343      0.772    29.2092    22.0550 -9.990e-29
 286.389687      0.790  34.182270    12.2269    7.86484      0.783    29.2089    22.0549 -9.990e-29
 286.389693      0.804  34.181960    12.2266    7.86153      0.797    29.2088    22.0549 -9.990e-29
 286.389699      0.817  34.182218    12.2265    7.86331      0.810    29.2091    22.0551 -9.990e-29
 286.389705      0.826  34.182272    12.2265    7.85018      0.819    29.2092    22.0552 -9.990e-29
 286.389711      0.834  34.182201    12.2265    7.84642      0.827    29.2091    22.0551 -9.990e-29
 286.389716      0.848  34.182476    12.2266    7.85018      0.841    29.2093    22.0552 -9.990e-29
 286.389722      0.868  34.182907    12.2268    7.83775      0.861    29.2095    22.0554 -9.990e-29
 286.389728      0.890  34.182956    12.2268    7.84204      0.883    29.2096    22.0554 -9.990e-29
 286.389734      0.908  34.182692    12.2266    7.84357      0.900    29.2095    22.0554 -9.990e-29
 286.389740      0.924  34.182329    12.2265    7.82770      0.916    29.2092    22.0552 -9.990e-29
 286.389745      0.941  34.181950    12.2268    7.82593      0.933    29.2086    22.0547 -9.990e-29
 286.389751      0.958  34.182174    12.2270    7.83122      0.950    29.2086    22.0547 -9.990e-29
 286.389757      0.970  34.182745    12.2265    7.82892      0.962    29.2096    22.0555 -9.990e-29
 286.389763      0.979  34.182751    12.2259    7.84029      0.971    29.2100    22.0560 -9.990e-29
 286.389769      0.985  34.182764    12.2261    7.84503      0.977    29.2099    22.0558 -9.990e-29
 286.389774      0.988  34.183368    12.2269    7.84357      0.980    29.2098    22.0556 -9.990e-29
 286.389780      0.990  34.183692    12.2277    7.85042      0.982    29.2095    22.0552 -9.990e-29
 286.389786      0.989  34.183614    12.2282    7.84427      0.981    29.2091    22.0548 -9.990e-29
 286.389792      0.985  34.183596    12.2284    7.84161      0.977    29.2089    22.0546 -9.990e-29
 286.389797      0.984  34.183620    12.2285    7.83992      0.976    29.2088    22.0546 -9.990e-29
 286.389803      0.988  34.183724    12.2285    7.83268      0.980    29.2089    22.0546 -9.990e-29
 286.389809      0.995  34.184054    12.2285    7.83215      0.987    29.2092    22.0549 -9.990e-29
 286.389815      0.999  34.184495    12.2285    7.83429      0.991    29.2097    22.0552 -9.990e-29
 286.389821      1.003  34.184517    12.2284    7.82217      0.995    29.2097    22.0553 -9.990e-29
 286.389826      1.004  34.184158    12.2283    7.82931      0.996    29.2095    22.0551 -9.990e-29
 286.389832      1.005  34.183504    12.2277    7.83045      0.997    29.2093    22.0551 -9.990e-29
 286.389838      1.004  34.181689    12.2260    7.83375      0.996    29.2089    22.0551 -9.990e-29
 286.389844      1.002  34.179100    12.2242    7.84304      0.994    29.2079    22.0546 -9.990e-29
 286.389850      0.999  34.177897    12.2238    7.83636      0.991    29.2071    22.0540 -9.990e-29
 286.389855      0.994  34.178721    12.2246    7.83498      0.986    29.2072    22.0540 -9.990e-29
 286.389861      0.987  34.179874    12.2252    7.83797      0.979    29.2079    22.0544 -9.990e-29
 286.389867      0.982  34.180098    12.2252    7.83329      0.974    29.2081    22.0546 -9.990e-29
 286.389873      0.983  34.179696    12.2247    7.83975      0.975    29.2081    22.0547 -9.990e-29
 286.389878      0.986  34.179260    12.2243    7.84832      0.978    29.2080    22.0547 -9.990e-29
 286.389884      0.986  34.179333    12.2243    7.84165      0.978    29.2080    22.0547 -9.990e-29
 286.389890      0.984  34.180020    12.2246    7.83999      0.976    29.2085    22.0550 -9.990e-29
 286.389896      0.979  34.180559    12.2251    7.82998      0.971    29.2086    22.0550 -9.990e-29
 286.389902      0.976  34.180554    12.2256    7.83382      0.968    29.2082    22.0546 -9.990e-29
