data/oxygen options/OCNMS/OCNMS1/raw_data/2007/CTD_CA015_071007faed.cnv
* Sea-Bird SBE19 Data File:
* FileName = C:\2007_mooring_data\CTD_CA015_071007.hex
* Software Version 1.1.6
* Temperature SN = 2997
* Conductivity SN = 2997
* System UpLoad Time = Jul 10 2007 16:45:50
* SEACAT PROFILER V3.1c SN 2997   07/10/07  16:45:19.314
* strain gauge pressure sensor: S/N = 184829,  range = 3000 psia,  tc = 40
# nquan = 9                                 
# nvalues = 1279                        
# units = specified
# name 0 = timeJ: Julian Days
# name 1 = prSM: Pressure, Strain Gauge [db]
# name 2 = c0mS/cm: Conductivity [mS/cm]
# name 3 = t090C: Temperature [ITS-90, deg C]
# name 4 = oxML/L: Oxygen, Beckman/YSI [ml/l]
# name 5 = depSM: Depth [salt water, m], lat = 47.5
# name 6 = sal00: Salinity, Practical [PSU]
# name 7 = sigma-é00: Density [sigma-theta, kg/m^3]
# name 8 = flag: flag
# span 0 = 191.687882, 191.695278       
# span 1 =     -5.441,     23.195       
# span 2 =   0.739872,  38.985260       
# span 3 =     7.3184,    18.9579       
# span 4 =   -0.06213,   34.37804       
# span 5 =     -5.396,     23.000       
# span 6 =     0.4133,    33.6525       
# span 7 =    -1.2525,    26.2307       
# span 8 = 0.0000e+00, 0.0000e+00       
# interval = seconds: 0.5
# start_time = Jul 10 2007 16:30:33 [Instrument's time stamp, header]
# bad_flag = -9.990e-29
*END*
 191.687882     -5.441 -9.990e-29    18.9573   -0.06176     -5.396 -9.990e-29 -9.990e-29 -9.990e-29
 191.687888     -5.440   0.859216    18.9579   -0.06183     -5.395     0.4816    -1.2162 -9.990e-29
 191.687894     -5.434   0.844420    18.9549   -0.06190     -5.389     0.4731    -1.2222 -9.990e-29
 191.687899     -5.419   0.817590    18.9441   -0.04598     -5.374     0.4576    -1.2319 -9.990e-29
 191.687905     -5.393   0.785097    18.9272   -0.05501     -5.348     0.4389    -1.2429 -9.990e-29
 191.687911     -5.360   0.757428    18.9055   -0.05991     -5.315     0.4231    -1.2508 -9.990e-29
 191.687917     -5.327   0.739872    18.8759   -0.06108     -5.283     0.4133    -1.2525 -9.990e-29
 191.687922     -5.290   0.742291    18.8367   -0.06132     -5.246     0.4150    -1.2435 -9.990e-29
 191.687928     -5.243   0.784500    18.7876   -0.06129     -5.199     0.4400    -1.2148 -9.990e-29
 191.687934     -5.183   0.918323    18.7184   -0.06110     -5.140     0.5190    -1.1409 -9.990e-29
 191.687940     -5.110   1.336051    18.5926   -0.06100     -5.067     0.7694    -0.9249 -9.990e-29
 191.687946     -5.030   2.648435    18.2994   -0.06117     -4.988     1.5905    -0.2409 -9.990e-29
 191.687951     -4.936   6.661321    17.4982   -0.06120     -4.895     4.3234     1.9966 -9.990e-29
 191.687957     -4.814  18.756824    15.8312   -0.06114     -4.774    13.7712     9.5180 -9.990e-29
 191.687963     -4.652  33.910015    13.8012   -0.06141     -4.613    27.7767    20.6517 -9.990e-29
 191.687969     -4.452  38.985260    12.3991   -0.06123     -4.415    33.6525    25.4664 -9.990e-29
 191.687975     -4.232  37.629624    11.7819   -0.06133     -4.197    32.8908    24.9918 -9.990e-29
 191.687980     -4.008  37.166560    11.5638   -0.06151     -3.975    32.6319    24.8307 -9.990e-29
 191.687986     -3.795  37.064740    11.5100   -0.06163     -3.763    32.5796    24.7999 -9.990e-29
 191.687992     -3.610  37.136231    11.5014   -0.06170     -3.580    32.6571    24.8616 -9.990e-29
 191.687998     -3.459  37.262216    11.4886   -0.06163     -3.430    32.7917    24.9685 -9.990e-29
 191.688003     -3.335  37.306289    11.4545   -0.06156     -3.307    32.8651    25.0318 -9.990e-29
 191.688009     -3.231  37.249306    11.3870   -0.06185     -3.204    32.8692    25.0472 -9.990e-29
 191.688015     -3.141  37.250193    11.3237   -0.06185     -3.115    32.9265    25.1032 -9.990e-29
 191.688021     -3.063  37.352186    11.3159   -0.06173     -3.037    33.0338    25.1880 -9.990e-29
 191.688027     -3.001  37.422745    11.3246   -0.06156     -2.976    33.0954    25.2344 -9.990e-29
 191.688032     -2.954  37.357490    11.2975   -0.06165     -2.929    33.0554    25.2082 -9.990e-29
 191.688038     -2.916  37.163047    11.2385   -0.06179     -2.892    32.9166    25.1109 -9.990e-29
 191.688044     -2.876  36.971476    11.1684   -0.06178     -2.852    32.7902    25.0251 -9.990e-29
 191.688050     -2.831  36.916960    11.1206   -0.06170     -2.807    32.7790    25.0249 -9.990e-29
 191.688056     -2.791  37.024347    11.1053   -0.06160     -2.768    32.8988    25.1208 -9.990e-29
 191.688061     -2.767  37.161575    11.1002   -0.06166     -2.744    33.0391    25.2309 -9.990e-29
 191.688067     -2.756  37.129864    11.0968   -0.06179     -2.733    33.0108    25.2095 -9.990e-29
 191.688073     -2.750  36.971586    11.1024   -0.06184     -2.727    32.8492    25.0828 -9.990e-29
 191.688079     -2.744  36.925857    11.1183   -0.06183     -2.721    32.7898    25.0337 -9.990e-29
 191.688084     -2.738  37.033188    11.1374   -0.06170     -2.715    32.8788    25.0996 -9.990e-29
 191.688090     -2.731  37.102601    11.1516   -0.06172     -2.708    32.9347    25.1405 -9.990e-29
 191.688096     -2.719  37.001307    11.1586   -0.06189     -2.696    32.8284    25.0565 -9.990e-29
 191.688102     -2.692  36.842038    11.1602   -0.06189     -2.670    32.6697    24.9329 -9.990e-29
 191.688108     -2.652  36.802603    11.1604   -0.06191     -2.630    32.6307    24.9024 -9.990e-29
 191.688113     -2.615  36.885932    11.1610   -0.06190     -2.593    32.7123    24.9658 -9.990e-29
 191.688119     -2.587  36.950329    11.1539   -0.06182     -2.565    32.7822    25.0215 -9.990e-29
 191.688125     -2.561  36.884352    11.1340   -0.06186     -2.540    32.7347    24.9881 -9.990e-29
 191.688131     -2.527  36.763726    11.1118   -0.06195     -2.506    32.6354    24.9147 -9.990e-29
 191.688137     -2.488  36.737054    11.0996   -0.06195     -2.467    32.6198    24.9048 -9.990e-29
 191.688142     -2.462  36.829320    11.0968   -0.06190     -2.441    32.7135    24.9782 -9.990e-29
 191.688148     -2.456  36.925877    11.0985   -0.06197     -2.436    32.8074    25.0509 -9.990e-29
 191.688154     -2.453  36.885851    11.0986   -0.06199     -2.433    32.7677    25.0201 -9.990e-29
 191.688160     -2.436  36.738286    11.0901   -0.06205     -2.416    32.6295    24.9140 -9.990e-29
 191.688166     -2.403  36.639591    11.0753   -0.06202     -2.383    32.5451    24.8510 -9.990e-29
 191.688171     -2.365  36.643727    11.0640   -0.06200     -2.345    32.5591    24.8639 -9.990e-29
 191.688177     -2.332  36.716420    11.0605   -0.06206     -2.313    32.6341    24.9229 -9.990e-29
 191.688183     -2.303  36.779714    11.0596   -0.06203     -2.284    32.6975    24.9723 -9.990e-29
 191.688189     -2.272  36.749288    11.0525   -0.06192     -2.253    32.6737    24.9551 -9.990e-29
 191.688194     -2.235  36.669788    11.0329   -0.06193     -2.216    32.6124    24.9109 -9.990e-29
 191.688200     -2.192  36.654398    11.0045   -0.06202     -2.174    32.6224    24.9237 -9.990e-29
 191.688206     -2.147  36.703911    10.9751   -0.06207     -2.129    32.6976    24.9874 -9.990e-29
 191.688212     -2.111  36.744777    10.9504   -0.06199     -2.093    32.7602    25.0404 -9.990e-29
 191.688218     -2.086  36.765349    10.9408   -0.06200     -2.069    32.7891    25.0647 -9.990e-29
 191.688223     -2.071  36.791940    10.9527   -0.06199     -2.054    32.8049    25.0748 -9.990e-29
 191.688229     -2.063  36.810685    10.9759   -0.06191     -2.046    32.8027    25.0690 -9.990e-29
 191.688235     -2.059  36.768110    10.9953   -0.06196     -2.042    32.7432    25.0193 -9.990e-29
 191.688241     -2.050  36.687619    11.0046   -0.06195     -2.033    32.6552    24.9492 -9.990e-29
 191.688247     -2.030  36.672111    11.0037   -0.06193     -2.013    32.6406    24.9380 -9.990e-29
 191.688252     -1.999  36.716620    10.9949   -0.06196     -1.982    32.6925    24.9799 -9.990e-29
 191.688258     -1.959  36.722433    10.9828   -0.06198     -1.943    32.7090    24.9949 -9.990e-29
 191.688264     -1.916  36.681620    10.9700   -0.06195     -1.900    32.6800    24.9746 -9.990e-29
 191.688270     -1.879  36.684390    10.9620   -0.06196     -1.863    32.6898    24.9837 -9.990e-29
 191.688275     -1.860  36.754623    10.9705   -0.06197     -1.844    32.7519    25.0304 -9.990e-29
 191.688281     -1.857  36.818370    10.9980   -0.06194     -1.842    32.7905    25.0556 -9.990e-29
 191.688287     -1.866  36.837319    11.0344   -0.06201     -1.850    32.7767    25.0385 -9.990e-29
 191.688293     -1.879  36.793585    11.0668   -0.06208     -1.863    32.7046    24.9766 -9.990e-29
 191.688299     -1.879  36.679884    11.0821   -0.06207     -1.863    32.5786    24.8759 -9.990e-29
 191.688304     -1.857  36.568850    11.0741   -0.06209     -1.842    32.4760    24.7975 -9.990e-29
 191.688310     -1.822  36.519853    11.0570   -0.06208     -1.807    32.4427    24.7746 -9.990e-29
 191.688316     -1.793  36.532037    11.0523   -0.06206     -1.778    32.4589    24.7880 -9.990e-29
 191.688322     -1.779  36.577375    11.0619   -0.06212     -1.764    32.4952    24.8146 -9.990e-29
 191.688328     -1.777  36.598053    11.0758   -0.06210     -1.762    32.5033    24.8184 -9.990e-29
 191.688333     -1.777  36.562239    11.0797   -0.06210     -1.762    32.4645    24.7875 -9.990e-29
 191.688339     -1.766  36.498985    11.0596   -0.06207     -1.751    32.4198    24.7563 -9.990e-29
 191.688345     -1.740  36.449528    11.0283   -0.06204     -1.725    32.3985    24.7453 -9.990e-29
 191.688351     -1.710  36.434816    11.0112   -0.06210     -1.696    32.3990    24.7487 -9.990e-29
 191.688356     -1.687  36.448694    11.0082   -0.06210     -1.673    32.4154    24.7620 -9.990e-29
 191.688362     -1.673  36.454178    11.0071   -0.06208     -1.659    32.4218    24.7671 -9.990e-29
 191.688368     -1.664  36.441773    10.9999   -0.06207     -1.650    32.4159    24.7638 -9.990e-29
 191.688374     -1.654  36.439794    10.9888   -0.06209     -1.640    32.4237    24.7719 -9.990e-29
 191.688380     -1.643  36.452340    10.9882   -0.06211     -1.629    32.4367    24.7820 -9.990e-29
 191.688385     -1.630  36.465882    10.9996   -0.06213     -1.616    32.4400    24.7826 -9.990e-29
 191.688391     -1.614  36.464295    11.0121   -0.06208     -1.601    32.4274    24.7706 -9.990e-29
 191.688397     -1.595  36.446032    11.0147   -0.06207     -1.582    32.4070    24.7543 -9.990e-29
 191.688403     -1.567  36.433282    11.0044   -0.06209     -1.554    32.4035    24.7534 -9.990e-29
 191.688409     -1.527  36.436524    10.9982   -0.06209     -1.514    32.4121    24.7612 -9.990e-29
 191.688414     -1.487  36.450566    11.0041   -0.06211     -1.475    32.4208    24.7669 -9.990e-29
 191.688420     -1.453  36.457703    11.0077   -0.06213     -1.441    32.4247    24.7693 -9.990e-29
 191.688426     -1.421  36.448966    10.9984   -0.06210     -1.409    32.4242    24.7706 -9.990e-29
 191.688432     -1.391  36.440742    10.9831   -0.06209     -1.379    32.4296    24.7774 -9.990e-29
 191.688437     -1.361  36.450667    10.9782   -0.06211     -1.350    32.4437    24.7893 -9.990e-29
 191.688443     -1.332  36.475170    10.9889   17.28825     -1.321    32.4585    24.7989 -9.990e-29
 191.688449     -1.307  36.490877    11.0027   31.97738     -1.296    32.4618    24.7991 -9.990e-29
 191.688455     -1.280  36.481747    11.0078   34.37804     -1.269    32.4483    24.7876 -9.990e-29
 191.688461     -1.245  36.452436    11.0017   30.72567     -1.235    32.4247    24.7703 -9.990e-29
 191.688466     -1.205  36.426657    10.9889   20.65850     -1.195    32.4105    24.7615 -9.990e-29
 191.688472     -1.165  36.426102    10.9832   15.88510     -1.155    32.4149    24.7660 -9.990e-29
 191.688478     -1.132  36.444996    10.9918   15.97274     -1.123    32.4260    24.7731 -9.990e-29
 191.688484     -1.115  36.456411    11.0011   15.63646     -1.106    32.4291    24.7739 -9.990e-29
 191.688490     -1.115  36.438584    10.9952    9.67853     -1.106    32.4166    24.7652 -9.990e-29
 191.688495     -1.109  36.396345    10.9721    4.48041     -1.100    32.3953    24.7527 -9.990e-29
 191.688501     -1.093  36.350741    10.9449    1.69956     -1.084    32.3741    24.7410 -9.990e-29
 191.688507     -1.079  36.318325    10.9289    1.38203     -1.070    32.3561    24.7298 -9.990e-29
 191.688513     -1.070  36.306328    10.9253    3.73032     -1.061    32.3474    24.7236 -9.990e-29
 191.688519     -1.069  36.307725    10.9274    5.11956     -1.060    32.3469    24.7229 -9.990e-29
 191.688524     -1.078  36.311496    10.9319    5.78483     -1.069    32.3467    24.7219 -9.990e-29
 191.688530     -1.087  36.315395    10.9377    6.20281     -1.078    32.3455    24.7200 -9.990e-29
 191.688536     -1.089  36.321831    10.9474    6.44282     -1.080    32.3433    24.7166 -9.990e-29
 191.688542     -1.076  36.334357    10.9624    6.61090     -1.067    32.3424    24.7133 -9.990e-29
 191.688547     -1.046  36.347267    10.9746    6.70610     -1.037    32.3445    24.7127 -9.990e-29
 191.688553     -1.006  36.347519    10.9756    6.77852     -0.998    32.3438    24.7120 -9.990e-29
 191.688559     -0.963  36.337145    10.9727    6.81628     -0.955    32.3361    24.7065 -9.990e-29
 191.688565     -0.926  36.333156    10.9762    6.84899     -0.918    32.3290    24.7004 -9.990e-29
 191.688571     -0.902  36.340892    10.9840    6.86042     -0.894    32.3298    24.6996 -9.990e-29
 191.688576     -0.884  36.349377    10.9916    6.87478     -0.877    32.3315    24.6996 -9.990e-29
 191.688582     -0.867  36.354807    11.0004    6.88771     -0.860    32.3291    24.6962 -9.990e-29
 191.688588     -0.851  36.360512    11.0089    6.90745     -0.844    32.3272    24.6933 -9.990e-29
 191.688594     -0.830  36.365142    11.0125    6.92743     -0.823    32.3286    24.6937 -9.990e-29
 191.688600     -0.798  36.366478    11.0120    6.93295     -0.791    32.3304    24.6952 -9.990e-29
 191.688605     -0.762  36.364444    11.0105    6.92226     -0.756    32.3297    24.6949 -9.990e-29
 191.688611     -0.737  36.361378    11.0110    6.89418     -0.731    32.3262    24.6921 -9.990e-29
 191.688617     -0.734  36.361416    11.0176    6.88781     -0.728    32.3204    24.6865 -9.990e-29
 191.688623     -0.748  36.367413    11.0295    6.88340     -0.742    32.3159    24.6808 -9.990e-29
 191.688628     -0.763  36.375967    11.0390    6.87596     -0.757    32.3160    24.6792 -9.990e-29
 191.688634     -0.767  36.379990    11.0389    6.90173     -0.761    32.3201    24.6824 -9.990e-29
 191.688640     -0.757  36.374200    11.0270    6.91712     -0.751    32.3248    24.6882 -9.990e-29
 191.688646     -0.736  36.358166    11.0075    6.92390     -0.730    32.3261    24.6926 -9.990e-29
 191.688652     -0.712  36.343018    10.9950    6.93636     -0.706    32.3221    24.6918 -9.990e-29
 191.688657     -0.690  36.342746    11.0033    6.93360     -0.684    32.3145    24.6844 -9.990e-29
 191.688663     -0.675  36.356420    11.0269    6.92142     -0.669    32.3073    24.6746 -9.990e-29
 191.688669     -0.660  36.375366    11.0524    6.88909     -0.654    32.3036    24.6672 -9.990e-29
 191.688675     -0.637  36.396822    11.0722    6.90435     -0.632    32.3073    24.6666 -9.990e-29
 191.688681     -0.604  36.411287    11.0832    6.92454     -0.599    32.3119    24.6683 -9.990e-29
 191.688686     -0.571  36.408349    11.0880    6.92954     -0.566    32.3048    24.6619 -9.990e-29
 191.688692     -0.550  36.403149    11.0899    6.91576     -0.545    32.2980    24.6562 -9.990e-29
 191.688698     -0.539  36.406690    11.0867    6.85089     -0.535    32.3043    24.6617 -9.990e-29
 191.688704     -0.529  36.401834    11.0787    6.81253     -0.525    32.3065    24.6649 -9.990e-29
 191.688709     -0.519  36.387153    11.0758    6.81995     -0.515    32.2946    24.6561 -9.990e-29
 191.688715     -0.517  36.387349    11.0833    6.82553     -0.513    32.2882    24.6498 -9.990e-29
 191.688721     -0.523  36.403240    11.0875    6.81862     -0.519    32.3002    24.6584 -9.990e-29
 191.688727     -0.525  36.408932    11.0688    6.79938     -0.521    32.3222    24.6788 -9.990e-29
 191.688733     -0.513  36.389038    11.0262    6.75584     -0.509    32.3401    24.7002 -9.990e-29
 191.688738     -0.492  36.349546    10.9856    6.73147     -0.488    32.3368    24.7048 -9.990e-29
 191.688744     -0.469  36.322430    10.9716    6.72299     -0.465    32.3223    24.6960 -9.990e-29
 191.688750     -0.451  36.328134    10.9795    6.70984     -0.447    32.3210    24.6936 -9.990e-29
 191.688756     -0.441  36.341746    10.9868    6.71244     -0.437    32.3280    24.6977 -9.990e-29
 191.688762     -0.434  36.339937    10.9776    6.72408     -0.430    32.3343    24.7043 -9.990e-29
 191.688767     -0.422  36.324781    10.9492    6.72753     -0.418    32.3443    24.7171 -9.990e-29
 191.688773     -0.398  36.301297    10.9109    6.75072     -0.395    32.3549    24.7320 -9.990e-29
 191.688779     -0.366  36.277406    10.8814    6.79083     -0.363    32.3572    24.7390 -9.990e-29
 191.688785     -0.333  36.266648    10.8719    6.81402     -0.330    32.3549    24.7388 -9.990e-29
 191.688791     -0.305  36.272605    10.8808    6.83582     -0.302    32.3529    24.7357 -9.990e-29
 191.688796     -0.288  36.287517    10.9033    6.83308     -0.286    32.3479    24.7279 -9.990e-29
 191.688802     -0.281  36.306604    10.9327    6.84556     -0.279    32.3408    24.7172 -9.990e-29
