data/oxygen options/OCNMS/OCNMS1/raw_data/2007/CTD_MB042_091007faed.cnv
* Sea-Bird SBE19 Data File:
* FileName = C:\2007_mooring_data\CTD_MB042_091007.hex
* Software Version 1.20
* Temperature SN = 2997
* Conductivity SN = 2997
* System UpLoad Time = Sep 10 2007 12:50:30
* SEACAT PROFILER V3.1c SN 2997   09/10/07  12:50:03.094
* strain gauge pressure sensor: S/N = 184829,  range = 3000 psia,  tc = 40
# nquan = 9                                 
# nvalues = 1917                        
# units = specified
# name 0 = timeJ: Julian Days
# name 1 = prSM: Pressure, Strain Gauge [db]
# name 2 = c0mS/cm: Conductivity [mS/cm]
# name 3 = t090C: Temperature [ITS-90, deg C]
# name 4 = oxML/L: Oxygen, Beckman/YSI [ml/l]
# name 5 = depSM: Depth [salt water, m], lat = 47.5
# name 6 = sal00: Salinity, Practical [PSU]
# name 7 = sigma-é00: Density [sigma-theta, kg/m^3]
# name 8 = flag: flag
# span 0 = 253.510278, 253.521366       
# span 1 =     -5.666,     44.434       
# span 2 =   0.035509,  37.829035       
# span 3 =     7.2897,    20.9472       
# span 4 =   -1.43993,   31.40090       
# span 5 =     -5.619,     44.058       
# span 6 =     0.0240,    33.7748       
# span 7 =    -1.9754,    26.3726       
# span 8 = 0.0000e+00, 0.0000e+00       
# interval = seconds: 0.5
# start_time = Sep 10 2007 12:14:48 [Instrument's time stamp, header]
# bad_flag = -9.990e-29
*END*
[from data line 801]
 253.514913     31.873  34.370270     7.3069    3.07592     31.605    33.6768    26.3345 -9.990e-29
 253.514919     31.893  34.370004     7.3067    3.08049     31.624    33.6767    26.3345 -9.990e-29
 253.514925     31.892  34.369855     7.3069    3.09972     31.623    33.6764    26.3342 -9.990e-29
 253.514931     31.870  34.370168     7.3073    3.10226     31.602    33.6763    26.3341 -9.990e-29
 253.514936     31.839  34.370785     7.3076    3.09726     31.571    33.6767    26.3344 -9.990e-29
 253.514942     31.810  34.371396     7.3079    3.11774     31.542    33.6771    26.3346 -9.990e-29
 253.514948     31.789  34.371683     7.3081    3.10693     31.521    33.6772    26.3347 -9.990e-29
 253.514954     31.783  34.371454     7.3081    3.09880     31.515    33.6770    26.3345 -9.990e-29
 253.514959     31.796  34.370949     7.3080    3.10311     31.528    33.6765    26.3342 -9.990e-29
 253.514965     31.825  34.370601     7.3078    3.08621     31.557    33.6763    26.3340 -9.990e-29
 253.514971     31.859  34.370494     7.3077    3.09896     31.591    33.6763    26.3340 -9.990e-29
 253.514977     31.888  34.370469     7.3076    3.10285     31.619    33.6763    26.3341 -9.990e-29
 253.514983     31.903  34.370476     7.3077    3.08325     31.634    33.6762    26.3340 -9.990e-29
 253.514988     31.903  34.370510     7.3082    3.09002     31.634    33.6758    26.3336 -9.990e-29
 253.514994     31.891  34.370602     7.3088    3.07937     31.622    33.6753    26.3331 -9.990e-29
 253.515000     31.876  34.370861     7.3093    3.08127     31.608    33.6751    26.3329 -9.990e-29
 253.515006     31.864  34.371058     7.3095    3.09637     31.596    33.6751    26.3329 -9.990e-29
 253.515012     31.855  34.370882     7.3095    3.09640     31.587    33.6750    26.3327 -9.990e-29
 253.515017     31.841  34.370644     7.3096    3.09202     31.573    33.6746    26.3324 -9.990e-29
 253.515023     31.819  34.370572     7.3097    3.09619     31.551    33.6744    26.3323 -9.990e-29
 253.515029     31.797  34.370554     7.3095    3.07718     31.529    33.6746    26.3325 -9.990e-29
 253.515035     31.783  34.370553     7.3093    3.06629     31.515    33.6748    26.3326 -9.990e-29
 253.515041     31.779  34.370556     7.3091    3.06610     31.511    33.6750    26.3328 -9.990e-29
 253.515046     31.786  34.370550     7.3088    3.07498     31.518    33.6753    26.3331 -9.990e-29
 253.515052     31.804  34.370515     7.3085    3.06037     31.536    33.6756    26.3333 -9.990e-29
 253.515058     31.830  34.370389     7.3080    3.05817     31.562    33.6759    26.3337 -9.990e-29
 253.515064     31.857  34.369988     7.3079    3.06505     31.589    33.6755    26.3334 -9.990e-29
 253.515069     31.877  34.369323     7.3083    3.06880     31.609    33.6744    26.3325 -9.990e-29
 253.515075     31.889  34.369175     7.3087    3.08064     31.620    33.6739    26.3320 -9.990e-29
 253.515081     31.892  34.369892     7.3090    3.07896     31.623    33.6743    26.3323 -9.990e-29
 253.515087     31.888  34.370734     7.3094    3.06616     31.619    33.6749    26.3327 -9.990e-29
 253.515093     31.875  34.371128     7.3098    3.07384     31.607    33.6749    26.3327 -9.990e-29
 253.515098     31.858  34.371026     7.3100    3.08500     31.590    33.6746    26.3324 -9.990e-29
 253.515104     31.843  34.370836     7.3101    3.07920     31.575    33.6743    26.3321 -9.990e-29
 253.515110     31.829  34.370853     7.3105    3.07985     31.561    33.6740    26.3318 -9.990e-29
 253.515116     31.813  34.371084     7.3112    3.07319     31.545    33.6735    26.3314 -9.990e-29
 253.515122     31.796  34.371265     7.3116    3.07116     31.528    33.6734    26.3312 -9.990e-29
 253.515127     31.786  34.371061     7.3113    3.07576     31.518    33.6734    26.3313 -9.990e-29
 253.515133     31.791  34.370748     7.3105    3.06535     31.523    33.6739    26.3317 -9.990e-29
 253.515139     31.812  34.370454     7.3097    3.06493     31.544    33.6743    26.3322 -9.990e-29
 253.515145     31.842  34.370334     7.3090    3.07316     31.574    33.6749    26.3327 -9.990e-29
 253.515150     31.873  34.370771     7.3084    3.07728     31.605    33.6759    26.3336 -9.990e-29
 253.515156     31.894  34.371213     7.3084    3.08203     31.625    33.6764    26.3340 -9.990e-29
 253.515162     31.900  34.371115     7.3087    3.08901     31.631    33.6760    26.3336 -9.990e-29
 253.515168     31.893  34.370893     7.3089    3.07828     31.624    33.6755    26.3333 -9.990e-29
 253.515174     31.879  34.370802     7.3089    3.07634     31.610    33.6754    26.3332 -9.990e-29
 253.515179     31.860  34.370708     7.3090    3.07417     31.592    33.6753    26.3330 -9.990e-29
 253.515185     31.843  34.370470     7.3088    3.06295     31.575    33.6752    26.3330 -9.990e-29
 253.515191     31.837  34.370317     7.3082    3.07362     31.569    33.6756    26.3334 -9.990e-29
 253.515197     31.846  34.370595     7.3073    3.06674     31.578    33.6768    26.3345 -9.990e-29
 253.515203     31.864  34.371103     7.3065    3.07565     31.596    33.6781    26.3356 -9.990e-29
 253.515208     31.890  34.371386     7.3060    3.07091     31.621    33.6789    26.3363 -9.990e-29
 253.515214     31.916  34.371248     7.3053    3.06690     31.647    33.6794    26.3368 -9.990e-29
 253.515220     31.932  34.371055     7.3047    3.07795     31.663    33.6798    26.3372 -9.990e-29
 253.515226     31.933  34.371094     7.3047    3.08670     31.664    33.6798    26.3372 -9.990e-29
 253.515231     31.916  34.371405     7.3057    3.10151     31.647    33.6792    26.3366 -9.990e-29
 253.515237     31.880  34.371832     7.3074    3.09259     31.611    33.6780    26.3354 -9.990e-29
 253.515243     31.836  34.371809     7.3086    3.08466     31.568    33.6769    26.3343 -9.990e-29
 253.515249     31.796  34.371297     7.3088    3.07891     31.528    33.6761    26.3337 -9.990e-29
 253.515255     31.773  34.370724     7.3085    3.07719     31.505    33.6758    26.3335 -9.990e-29
 253.515260     31.768  34.370435     7.3081    3.08123     31.500    33.6759    26.3336 -9.990e-29
 253.515266     31.778  34.370593     7.3080    3.08123     31.510    33.6761    26.3339 -9.990e-29
 253.515272     31.793  34.370835     7.3078    3.08104     31.525    33.6766    26.3342 -9.990e-29
 253.515278     31.807  34.370912     7.3077    3.08104     31.539    33.6768    26.3344 -9.990e-29
 253.515284     31.816  34.370916     7.3078    3.08992     31.548    33.6767    26.3343 -9.990e-29
 253.515289     31.826  34.370838     7.3079    3.08281     31.558    33.6765    26.3341 -9.990e-29
 253.515295     31.840  34.370564     7.3075    3.07189     31.572    33.6766    26.3343 -9.990e-29
 253.515301     31.859  34.370276     7.3065    3.06775     31.591    33.6772    26.3349 -9.990e-29
 253.515307     31.886  34.370140     7.3055    3.06577     31.617    33.6780    26.3357 -9.990e-29
 253.515312     31.917  34.369963     7.3050    3.07180     31.648    33.6783    26.3360 -9.990e-29
 253.515318     31.942  34.370055     7.3050    3.06718     31.673    33.6784    26.3361 -9.990e-29
 253.515324     31.949  34.370528     7.3053    3.07424     31.680    33.6786    26.3362 -9.990e-29
 253.515330     31.939  34.370878     7.3056    3.07618     31.670    33.6787    26.3362 -9.990e-29
 253.515336     31.919  34.371000     7.3060    3.07895     31.650    33.6785    26.3360 -9.990e-29
 253.515341     31.894  34.371045     7.3067    3.07204     31.625    33.6778    26.3354 -9.990e-29
 253.515347     31.864  34.371063     7.3074    3.07399     31.596    33.6772    26.3348 -9.990e-29
 253.515353     31.838  34.371067     7.3080    3.06695     31.570    33.6766    26.3342 -9.990e-29
 253.515359     31.822  34.371049     7.3080    3.07577     31.554    33.6766    26.3342 -9.990e-29
 253.515365     31.823  34.370975     7.3074    3.06980     31.555    33.6771    26.3347 -9.990e-29
 253.515370     31.846  34.370735     7.3064    3.05781     31.578    33.6778    26.3354 -9.990e-29
 253.515376     31.883  34.370557     7.3055    3.04965     31.614    33.6785    26.3361 -9.990e-29
 253.515382     31.917  34.371314     7.3051    3.05412     31.648    33.6797    26.3371 -9.990e-29
 253.515388     31.931  34.372879     7.3051    3.06286     31.662    33.6814    26.3384 -9.990e-29
 253.515394     31.922  34.373406     7.3057    3.07717     31.653    33.6814    26.3383 -9.990e-29
 253.515399     31.891  34.372464     7.3066    3.08138     31.622    33.6795    26.3367 -9.990e-29
 253.515405     31.838  34.371586     7.3072    3.07736     31.570    33.6780    26.3354 -9.990e-29
 253.515411     31.774  34.371271     7.3074    3.07614     31.506    33.6775    26.3350 -9.990e-29
 253.515417     31.711  34.371091     7.3077    3.08039     31.444    33.6770    26.3346 -9.990e-29
 253.515422     31.668  34.370795     7.3076    3.08282     31.401    33.6768    26.3344 -9.990e-29
 253.515428     31.658  34.370536     7.3069    3.07390     31.391    33.6772    26.3349 -9.990e-29
 253.515434     31.680  34.370521     7.3059    3.06100     31.413    33.6782    26.3357 -9.990e-29
 253.515440     31.728  34.370716     7.3047    3.06384     31.461    33.6795    26.3370 -9.990e-29
 253.515446     31.792  34.371369     7.3036    3.05881     31.524    33.6813    26.3385 -9.990e-29
 253.515451     31.859  34.372217     7.3028    3.05394     31.591    33.6829    26.3399 -9.990e-29
 253.515457     31.915  34.372695     7.3024    3.06273     31.646    33.6838    26.3407 -9.990e-29
 253.515463     31.953  34.372869     7.3023    3.04518     31.684    33.6841    26.3409 -9.990e-29
 253.515469     31.969  34.372957     7.3024    3.04728     31.700    33.6841    26.3409 -9.990e-29
 253.515475     31.964  34.373064     7.3029    3.06696     31.695    33.6837    26.3405 -9.990e-29
 253.515480     31.944  34.373323     7.3037    3.06209     31.675    33.6832    26.3400 -9.990e-29
 253.515486     31.914  34.373505     7.3043    3.05981     31.645    33.6828    26.3397 -9.990e-29
 253.515492     31.878  34.373283     7.3046    3.07160     31.610    33.6823    26.3392 -9.990e-29
 253.515498     31.837  34.372909     7.3046    3.06067     31.569    33.6819    26.3389 -9.990e-29
 253.515503     31.801  34.372433     7.3046    3.06455     31.533    33.6814    26.3385 -9.990e-29
 253.515509     31.782  34.371770     7.3046    3.06461     31.514    33.6807    26.3379 -9.990e-29
 253.515515     31.782  34.371147     7.3042    3.07642     31.514    33.6804    26.3378 -9.990e-29
 253.515521     31.798  34.370842     7.3037    3.07563     31.530    33.6806    26.3380 -9.990e-29
 253.515527     31.816  34.370995     7.3035    3.07372     31.548    33.6809    26.3383 -9.990e-29
 253.515532     31.829  34.371239     7.3036    3.06883     31.561    33.6811    26.3384 -9.990e-29
 253.515538     31.840  34.371327     7.3036    3.06288     31.572    33.6812    26.3385 -9.990e-29
 253.515544     31.843  34.371364     7.3036    3.07662     31.575    33.6812    26.3385 -9.990e-29
 253.515550     31.840  34.371386     7.3039    3.06811     31.572    33.6810    26.3382 -9.990e-29
 253.515556     31.838  34.371411     7.3043    3.06714     31.570    33.6806    26.3379 -9.990e-29
 253.515561     31.842  34.371461     7.3044    3.06572     31.574    33.6806    26.3378 -9.990e-29
 253.515567     31.851  34.371593     7.3043    3.06345     31.583    33.6808    26.3380 -9.990e-29
 253.515573     31.863  34.371970     7.3036    3.06731     31.595    33.6819    26.3390 -9.990e-29
 253.515579     31.869  34.372523     7.3033    3.06735     31.601    33.6828    26.3397 -9.990e-29
 253.515584     31.866  34.372855     7.3037    3.07610     31.598    33.6827    26.3397 -9.990e-29
 253.515590     31.857  34.372836     7.3041    3.06934     31.589    33.6823    26.3393 -9.990e-29
 253.515596     31.851  34.372431     7.3043    3.07645     31.583    33.6817    26.3388 -9.990e-29
 253.515602     31.847  34.371646     7.3044    3.07648     31.579    33.6808    26.3380 -9.990e-29
 253.515608     31.841  34.371107     7.3044    3.06581     31.573    33.6802    26.3375 -9.990e-29
 253.515613     31.828  34.371204     7.3047    3.06571     31.560    33.6800    26.3374 -9.990e-29
 253.515619     31.799  34.371492     7.3053    3.06238     31.531    33.6797    26.3371 -9.990e-29
 253.515625     31.755  34.371781     7.3059    3.06342     31.488    33.6795    26.3368 -9.990e-29
 253.515631     31.712  34.371887     7.3064    3.07591     31.445    33.6791    26.3364 -9.990e-29
 253.515637     31.680  34.371380     7.3068    3.06880     31.413    33.6782    26.3357 -9.990e-29
 253.515642     31.660  34.370694     7.3067    3.06742     31.393    33.6776    26.3352 -9.990e-29
 253.515648     31.647  34.370584     7.3062    3.06438     31.380    33.6779    26.3355 -9.990e-29
 253.515654     31.628  34.370891     7.3058    3.06214     31.362    33.6787    26.3362 -9.990e-29
 253.515660     31.589  34.370889     7.3056    3.07504     31.323    33.6789    26.3364 -9.990e-29
 253.515666     31.518  34.370565     7.3055    3.06794     31.253    33.6787    26.3362 -9.990e-29
 253.515671     31.402  34.370595     7.3055    3.07489     31.138    33.6788    26.3363 -9.990e-29
 253.515677     31.235  34.371005     7.3059    3.07395     30.972    33.6789    26.3363 0.0000e+00
 253.515683     31.022  34.371211     7.3068    3.08220     30.761    33.6783    26.3358 0.0000e+00
 253.515689     30.780  34.370915     7.3077    3.08549     30.521    33.6773    26.3348 0.0000e+00
 253.515694     30.523  34.370274     7.3086    3.09019     30.266    33.6758    26.3335 0.0000e+00
 253.515700     30.257  34.369546     7.3096    3.09801     30.002    33.6742    26.3321 0.0000e+00
 253.515706     29.987  34.368868     7.3102    3.09548     29.735    33.6730    26.3311 0.0000e+00
 253.515712     29.720  34.368447     7.3100    3.10019     29.470    33.6729    26.3310 0.0000e+00
 253.515718     29.461  34.368273     7.3099    3.10364     29.213    33.6729    26.3310 0.0000e+00
 253.515723     29.210  34.368103     7.3101    3.10942     28.964    33.6726    26.3308 0.0000e+00
 253.515729     28.966  34.367700     7.3105    3.12648     28.722    33.6719    26.3302 0.0000e+00
 253.515735     28.724  34.367076     7.3112    3.12485     28.482    33.6707    26.3291 0.0000e+00
 253.515741     28.487  34.366507     7.3128    3.14359     28.247    33.6686    26.3272 0.0000e+00
 253.515747     28.249  34.366345     7.3176    3.16694     28.011    33.6639    26.3228 0.0000e+00
 253.515752     27.997  34.366926     7.3276    3.19046     27.761    33.6549    26.3144 0.0000e+00
 253.515758     27.734  34.367891     7.3419    3.21540     27.501    33.6422    26.3023 0.0000e+00
 253.515764     27.465  34.368837     7.3576    3.21083     27.234    33.6281    26.2890 0.0000e+00
 253.515770     27.189  34.369896     7.3709    3.21213     26.960    33.6164    26.2780 0.0000e+00
 253.515775     26.909  34.370790     7.3787    3.22418     26.683    33.6100    26.2718 0.0000e+00
 253.515781     26.631  34.371022     7.3824    3.23261     26.407    33.6068    26.2688 0.0000e+00
 253.515787     26.353  34.370894     7.3860    3.25514     26.131    33.6033    26.2655 0.0000e+00
 253.515793     26.074  34.370785     7.3914    3.26329     25.855    33.5980    26.2607 0.0000e+00
 253.515799     25.799  34.370541     7.3992    3.26583     25.582    33.5903    26.2535 0.0000e+00
 253.515804     25.531  34.370385     7.4089    3.28868     25.316    33.5809    26.2447 0.0000e+00
 253.515810     25.266  34.370661     7.4184    3.29511     25.054    33.5721    26.2365 0.0000e+00
 253.515816     25.000  34.371167     7.4250    3.30262     24.790    33.5664    26.2310 0.0000e+00
 253.515822     24.733  34.371447     7.4273    3.29788     24.525    33.5646    26.2293 0.0000e+00
 253.515828     24.466  34.371307     7.4269    3.28723     24.260    33.5650    26.2296 0.0000e+00
