data/oxygen options/OCNMS/OCNMS1/raw_data/2007/CTD_KL027_071107faedb.cnv
* Sea-Bird SBE19 Data File:
* FileName = C:\2007_mooring_data\CTD_KL027_071107.hex
* Software Version 1.1.6
* Temperature SN = 2997
* Conductivity SN = 2997
* System UpLoad Time = Jul 11 2007 18:18:00
* SEACAT PROFILER V3.1c SN 2997   07/11/07  18:17:25.691
* strain gauge pressure sensor: S/N = 184829,  range = 3000 psia,  tc = 40
# nquan = 9
# nvalues = 26                          
# units = specified
# name 0 = timeJ: Julian Days
# name 1 = prSM: Pressure, Strain Gauge [db]
# name 2 = c0mS/cm: Conductivity [mS/cm]
# name 3 = t090C: Temperature [ITS-90, deg C]
# name 4 = oxML/L: Oxygen, Beckman/YSI [ml/l]
# name 5 = depSM: Depth [salt water, m], lat = 47.5
# name 6 = sal00: Salinity, Practical [PSU]
# name 7 = sigma-é00: Density [sigma-theta, kg/m^3]
# name 8 = flag: flag
# span 0 = 192.744429, 192.744744       
# span 1 =      1.000,     26.000       
# span 2 =  34.027020,  37.863691       
# span 3 =     7.0939,    12.0829       
# span 4 =    3.41843,    9.20913       
# span 5 =      0.992,     25.781       
# span 6 =    32.8490,    33.5199       
# span 7 =    24.9046,    26.2398       
# span 8 = 0.0000e+00, 0.0000e+00       
# interval = decibars: 1                
# start_time = Jul 11 2007 17:48:38 [Instrument's time stamp, header]
# bad_flag = -9.990e-29
*END*
 192.744429      1.000  37.863691    12.0829    9.15654      0.992    32.8490    24.9046 0.0000e+00
 192.744453      2.000  37.325251    11.1803    9.20913      1.983    33.1267    25.2841 0.0000e+00
 192.744470      3.000  36.400138    10.2688    8.92381      2.975    33.0275    25.3664 0.0000e+00
 192.744484      4.000  35.931598     9.8112    8.46022      3.966    32.9701    25.3986 0.0000e+00
 192.744497      5.000  35.810130     9.6938    7.90309      4.958    32.9530    25.4045 0.0000e+00
 192.744510      6.000  35.714023     9.5450    7.36739      5.950    32.9907    25.4582 0.0000e+00
 192.744521      7.000  35.580916     9.3927    6.98926      6.941    32.9935    25.4850 0.0000e+00
 192.744533      8.000  35.469696     9.2933    6.78149      7.933    32.9701    25.4827 0.0000e+00
 192.744545      9.000  35.386071     9.1892    6.69265      8.925    32.9794    25.5065 0.0000e+00
 192.744556     10.000  35.296619     9.0980    6.62947      9.916    32.9705    25.5140 0.0000e+00
 192.744568     11.000  35.249385     9.0520    6.43585     10.908    32.9637    25.5159 0.0000e+00
 192.744579     12.000  35.211933     8.9950    6.02292     11.900    32.9771    25.5353 0.0000e+00
 192.744590     13.000  35.115398     8.8520    5.38680     12.891    33.0090    25.5825 0.0000e+00
 192.744601     14.000  34.942646     8.6150    4.70198     13.883    33.0487    25.6501 0.0000e+00
 192.744611     15.000  34.704830     8.2924    4.20790     14.874    33.1001    25.7391 0.0000e+00
 192.744622     16.000  34.485709     7.9758    3.87897     15.866    33.1659    25.8374 0.0000e+00
 192.744632     17.000  34.305851     7.6436    3.67136     16.857    33.2892    25.9820 0.0000e+00
 192.744641     18.000  34.140115     7.3636    3.54198     17.849    33.3784    26.0916 0.0000e+00
 192.744651     19.000  34.049935     7.2064    3.48218     18.841    33.4317    26.1555 0.0000e+00
 192.744661     20.000  34.029639     7.1416    3.47141     19.832    33.4719    26.1960 0.0000e+00
 192.744671     21.000  34.027020     7.1080    3.46414     20.823    33.5013    26.2238 0.0000e+00
 192.744681     22.000  34.027326     7.0977    3.47000     21.815    33.5111    26.2329 0.0000e+00
 192.744692     23.000  34.028379     7.0973    3.47761     22.807    33.5122    26.2338 0.0000e+00
 192.744705     24.000  34.028985     7.0972    3.46328     23.798    33.5124    26.2340 0.0000e+00
 192.744721     25.000  34.032535     7.0939    3.45516     24.790    33.5190    26.2398 0.0000e+00
 192.744744     26.000  34.040166     7.1010    3.41843     25.781    33.5199    26.2395 0.0000e+00
