data/oxygen options/OCNMS/OCNMS1/raw_data/2007/CTD_CE042_060607faed.cnv
* Sea-Bird SBE19 Data File:
* FileName = C:\2007_mooring_data\CTD_CE042_060607.hex
* Software Version 1.1.6
* Temperature SN = 2997
* Conductivity SN = 2997
* System UpLoad Time = Jun 06 2007 12:47:23
* SEACAT PROFILER V3.1c SN 2997   06/06/07  12:46:49.773
* strain gauge pressure sensor: S/N = 184829,  range = 3000 psia,  tc = 40
# nquan = 9                                 
# nvalues = 1762                        
# units = specified
# name 0 = timeJ: Julian Days
# name 1 = prSM: Pressure, Strain Gauge [db]
# name 2 = c0mS/cm: Conductivity [mS/cm]
# name 3 = t090C: Temperature [ITS-90, deg C]
# name 4 = oxML/L: Oxygen, Beckman/YSI [ml/l]
# name 5 = depSM: Depth [salt water, m], lat = 47.5
# name 6 = sal00: Salinity, Practical [PSU]
# name 7 = sigma-é00: Density [sigma-theta, kg/m^3]
# name 8 = flag: flag
# span 0 = 157.511840, 157.522031       
# span 1 =     -5.422,     41.161       
# span 2 =   0.985495,  37.091119       
# span 3 =     7.5614,    12.1323       
# span 4 =  -12.20553,   34.56433       
# span 5 =     -5.377,     40.813       
# span 6 =     0.6572,    33.6657       
# span 7 =    -0.0024,    26.2582       
# span 8 = 0.0000e+00, 0.0000e+00       
# interval = seconds: 0.5
# start_time = Jun 06 2007 12:17:03 [Instrument's time stamp, header]
# bad_flag = -9.990e-29
*END*
[from data line 481]
 157.514624     35.158  34.541462     7.5632    2.40512     34.862    33.6121    26.2475 0.0000e+00
 157.514630     34.663  34.540365     7.5661    2.40657     34.371    33.6083    26.2442 0.0000e+00
 157.514635     34.195  34.540724     7.5708    2.40613     33.907    33.6044    26.2404 0.0000e+00
 157.514641     33.746  34.542985     7.5768    2.40685     33.462    33.6012    26.2371 0.0000e+00
 157.514647     33.307  34.547709     7.5837    2.40994     33.026    33.5999    26.2350 0.0000e+00
 157.514653     32.882  34.553896     7.5917    2.40897     32.605    33.5990    26.2332 0.0000e+00
 157.514659     32.482  34.560087     7.6005    2.40868     32.208    33.5974    26.2307 0.0000e+00
 157.514664     32.124  34.565587     7.6078    2.40829     31.853    33.5964    26.2289 0.0000e+00
 157.514670     31.820  34.570283     7.6104    2.39075     31.552    33.5991    26.2306 0.0000e+00
 157.514676     31.571  34.573179     7.6096    2.37758     31.305    33.6032    26.2339 0.0000e+00
 157.514682     31.372  34.574802     7.6106    2.36693     31.108    33.6040    26.2344 0.0000e+00
 157.514688     31.208  34.579583     7.6153    2.36836     30.945    33.6047    26.2343 0.0000e+00
 157.514693     31.074  34.587753     7.6216    2.36861     30.812    33.6075    26.2356 -9.990e-29
 157.514699     30.970  34.595094     7.6281    2.36384     30.709    33.6092    26.2360 -9.990e-29
 157.514705     30.898  34.600211     7.6341    2.36571     30.638    33.6090    26.2349 -9.990e-29
 157.514711     30.853  34.603784     7.6397    2.35864     30.593    33.6074    26.2329 -9.990e-29
 157.514716     30.829  34.607242     7.6450    2.35439     30.569    33.6061    26.2311 -9.990e-29
 157.514722     30.823  34.610174     7.6486    2.34859     30.563    33.6057    26.2303 -9.990e-29
 157.514728     30.826  34.611470     7.6499    2.34014     30.566    33.6059    26.2303 -9.990e-29
 157.514734     30.831  34.612322     7.6506    2.33589     30.571    33.6061    26.2303 -9.990e-29
 157.514740     30.841  34.613328     7.6518    2.33864     30.581    33.6060    26.2301 -9.990e-29
 157.514745     30.859  34.613612     7.6531    2.34344     30.599    33.6051    26.2292 -9.990e-29
 157.514751     30.879  34.613019     7.6537    2.35781     30.619    33.6039    26.2281 -9.990e-29
 157.514757     30.905  34.611903     7.6532    2.36362     30.645    33.6031    26.2276 -9.990e-29
 157.514763     30.936  34.609920     7.6510    2.36352     30.676    33.6031    26.2279 -9.990e-29
 157.514769     30.976  34.606134     7.6460    2.36234     30.715    33.6038    26.2292 -9.990e-29
 157.514774     31.023  34.598883     7.6389    2.35799     30.762    33.6028    26.2294 -9.990e-29
 157.514780     31.062  34.590294     7.6333    2.36700     30.800    33.5990    26.2272 -9.990e-29
 157.514786     31.070  34.586875     7.6322    2.36090     30.808    33.5963    26.2253 -9.990e-29
 157.514792     31.035  34.589132     7.6359    2.35040     30.774    33.5952    26.2239 -9.990e-29
 157.514797     30.963  34.593371     7.6426    2.34649     30.702    33.5934    26.2214 -9.990e-29
 157.514803     30.880  34.599104     7.6489    2.34371     30.620    33.5935    26.2207 -9.990e-29
 157.514809     30.818  34.605593     7.6529    2.34959     30.559    33.5967    26.2226 -9.990e-29
 157.514815     30.792  34.610308     7.6547    2.33628     30.533    33.6000    26.2249 -9.990e-29
 157.514821     30.794  34.611715     7.6547    2.34035     30.535    33.6015    26.2261 -9.990e-29
 157.514826     30.818  34.610594     7.6533    2.34280     30.559    33.6017    26.2264 -9.990e-29
 157.514832     30.855  34.608276     7.6505    2.33804     30.595    33.6018    26.2270 -9.990e-29
 157.514838     30.903  34.605056     7.6470    2.35030     30.643    33.6017    26.2274 -9.990e-29
 157.514844     30.954  34.601150     7.6443    2.34868     30.693    33.6001    26.2265 -9.990e-29
 157.514850     30.983  34.598659     7.6439    2.35150     30.722    33.5978    26.2248 -9.990e-29
 157.514855     30.982  34.599328     7.6459    2.34482     30.721    33.5966    26.2235 -9.990e-29
 157.514861     30.953  34.601832     7.6491    2.33955     30.692    33.5962    26.2228 -9.990e-29
 157.514867     30.912  34.604488     7.6523    2.33045     30.652    33.5960    26.2221 -9.990e-29
 157.514873     30.878  34.606940     7.6544    2.32998     30.618    33.5966    26.2223 -9.990e-29
 157.514878     30.861  34.609121     7.6553    2.33366     30.601    33.5981    26.2234 -9.990e-29
 157.514884     30.869  34.610601     7.6553    2.33596     30.609    33.5997    26.2246 -9.990e-29
 157.514890     30.903  34.610576     7.6540    2.33931     30.643    33.6009    26.2258 -9.990e-29
 157.514896     30.951  34.608476     7.6509    2.34793     30.690    33.6016    26.2268 -9.990e-29
 157.514902     31.004  34.603767     7.6465    2.35007     30.743    33.6008    26.2267 -9.990e-29
 157.514907     31.053  34.596360     7.6428    2.35039     30.792    33.5963    26.2238 -9.990e-29
 157.514913     31.084  34.590974     7.6420    2.34080     30.822    33.5913    26.2199 -9.990e-29
 157.514919     31.085  34.592222     7.6439    2.33530     30.823    33.5908    26.2193 -9.990e-29
 157.514925     31.053  34.596744     7.6468    2.33549     30.792    33.5929    26.2205 -9.990e-29
 157.514931     30.997  34.600506     7.6492    2.32904     30.736    33.5947    26.2215 -9.990e-29
 157.514936     30.941  34.602942     7.6507    2.33135     30.680    33.5959    26.2223 -9.990e-29
 157.514942     30.898  34.604523     7.6513    2.34034     30.638    33.5970    26.2231 -9.990e-29
 157.514948     30.869  34.605703     7.6510    2.33575     30.609    33.5986    26.2244 -9.990e-29
 157.514954     30.858  34.605837     7.6498    2.33759     30.598    33.5999    26.2256 -9.990e-29
 157.514959     30.866  34.604008     7.6470    2.34472     30.606    33.6006    26.2265 -9.990e-29
 157.514965     30.891  34.598925     7.6423    2.34432     30.631    33.5997    26.2265 -9.990e-29
 157.514971     30.927  34.591679     7.6371    2.33921     30.667    33.5969    26.2250 -9.990e-29
 157.514977     30.965  34.586646     7.6325    2.34357     30.704    33.5959    26.2249 -9.990e-29
 157.514983     31.005  34.584425     7.6281    2.35008     30.744    33.5977    26.2269 -9.990e-29
 157.514988     31.050  34.582080     7.6242    2.35391     30.789    33.5989    26.2284 -9.990e-29
 157.514994     31.097  34.579869     7.6221    2.35596     30.835    33.5985    26.2285 -9.990e-29
 157.515000     31.136  34.579351     7.6223    2.35020     30.874    33.5978    26.2278 -9.990e-29
 157.515006     31.159  34.580979     7.6239    2.34695     30.897    33.5980    26.2277 -9.990e-29
 157.515012     31.161  34.584144     7.6269    2.33857     30.899    33.5985    26.2277 -9.990e-29
 157.515017     31.147  34.586923     7.6315    2.33604     30.885    33.5970    26.2259 -9.990e-29
 157.515023     31.124  34.589125     7.6368    2.32818     30.862    33.5943    26.2230 -9.990e-29
 157.515029     31.092  34.591467     7.6411    2.32777     30.830    33.5927    26.2211 -9.990e-29
 157.515035     31.044  34.594296     7.6436    2.33187     30.783    33.5933    26.2213 -9.990e-29
 157.515041     30.985  34.597486     7.6439    2.34250     30.724    33.5965    26.2238 -9.990e-29
 157.515046     30.930  34.599150     7.6428    2.33944     30.670    33.5994    26.2262 -9.990e-29
 157.515052     30.890  34.598728     7.6416    2.32859     30.630    33.6001    26.2269 -9.990e-29
 157.515058     30.878  34.597367     7.6401    2.32495     30.618    33.6001    26.2271 -9.990e-29
 157.515064     30.895  34.595517     7.6383    2.32306     30.635    33.5999    26.2272 -9.990e-29
 157.515069     30.936  34.594098     7.6369    2.32897     30.676    33.5997    26.2272 -9.990e-29
 157.515075     30.989  34.593485     7.6358    2.33280     30.728    33.6000    26.2277 -9.990e-29
 157.515081     31.050  34.592322     7.6347    2.34160     30.789    33.5998    26.2277 -9.990e-29
 157.515087     31.104  34.590203     7.6334    2.34349     30.842    33.5988    26.2270 -9.990e-29
 157.515093     31.139  34.588250     7.6329    2.34302     30.877    33.5971    26.2258 -9.990e-29
 157.515098     31.153  34.587805     7.6336    2.34160     30.891    33.5960    26.2248 -9.990e-29
 157.515104     31.146  34.588859     7.6347    2.32892     30.884    33.5960    26.2247 -9.990e-29
 157.515110     31.126  34.590040     7.6360    2.31826     30.864    33.5961    26.2245 -9.990e-29
 157.515116     31.114  34.591265     7.6370    2.32532     30.852    33.5964    26.2247 -9.990e-29
 157.515122     31.121  34.592512     7.6376    2.32850     30.859    33.5972    26.2252 -9.990e-29
 157.515127     31.140  34.593227     7.6380    2.33426     30.878    33.5976    26.2254 -9.990e-29
 157.515133     31.159  34.593826     7.6383    2.33623     30.897    33.5979    26.2256 -9.990e-29
 157.515139     31.170  34.594010     7.6382    2.34113     30.908    33.5982    26.2259 -9.990e-29
 157.515145     31.170  34.593489     7.6380    2.33455     30.908    33.5978    26.2256 -9.990e-29
 157.515150     31.163  34.592714     7.6380    2.33291     30.901    33.5970    26.2250 -9.990e-29
 157.515156     31.153  34.592355     7.6384    2.32276     30.891    33.5962    26.2243 -9.990e-29
 157.515162     31.140  34.593082     7.6394    2.31900     30.878    33.5960    26.2240 -9.990e-29
 157.515168     31.122  34.594205     7.6410    2.32295     30.860    33.5957    26.2235 -9.990e-29
 157.515174     31.103  34.595002     7.6427    2.32476     30.841    33.5949    26.2227 -9.990e-29
 157.515179     31.090  34.596002     7.6438    2.33681     30.828    33.5950    26.2225 -9.990e-29
 157.515185     31.086  34.596881     7.6441    2.33808     30.824    33.5956    26.2230 -9.990e-29
 157.515191     31.092  34.596595     7.6438    2.32965     30.830    33.5956    26.2231 -9.990e-29
 157.515197     31.107  34.594786     7.6420    2.32577     30.845    33.5954    26.2231 -9.990e-29
 157.515203     31.129  34.591308     7.6384    2.33051     30.867    33.5951    26.2234 -9.990e-29
 157.515208     31.149  34.587713     7.6345    2.33466     30.887    33.5950    26.2239 -9.990e-29
 157.515214     31.162  34.584838     7.6317    2.33026     30.900    33.5946    26.2240 -9.990e-29
 157.515220     31.159  34.582236     7.6307    2.32640     30.897    33.5927    26.2227 -9.990e-29
 157.515226     31.135  34.581502     7.6321    2.32245     30.873    33.5906    26.2208 -9.990e-29
 157.515231     31.090  34.583363     7.6360    2.32390     30.828    33.5889    26.2189 -9.990e-29
 157.515237     31.028  34.586963     7.6409    2.32839     30.767    33.5881    26.2175 -9.990e-29
 157.515243     30.972  34.590962     7.6444    2.32788     30.711    33.5890    26.2178 -9.990e-29
 157.515249     30.944  34.593990     7.6460    2.31907     30.683    33.5907    26.2189 -9.990e-29
 157.515255     30.950  34.596190     7.6466    2.31768     30.689    33.5925    26.2202 -9.990e-29
 157.515260     30.991  34.597719     7.6460    2.31711     30.730    33.5947    26.2221 -9.990e-29
 157.515266     31.060  34.597836     7.6445    2.31040     30.798    33.5963    26.2235 -9.990e-29
 157.515272     31.138  34.597283     7.6438    2.32074     30.876    33.5963    26.2236 -9.990e-29
 157.515278     31.198  34.597586     7.6436    2.32193     30.935    33.5968    26.2240 -9.990e-29
 157.515284     31.227  34.598051     7.6428    2.32393     30.964    33.5981    26.2251 -9.990e-29
 157.515289     31.228  34.597638     7.6416    2.32583     30.965    33.5988    26.2259 -9.990e-29
 157.515295     31.208  34.596942     7.6409    2.32219     30.945    33.5987    26.2259 -9.990e-29
 157.515301     31.176  34.596741     7.6413    2.32273     30.913    33.5981    26.2254 -9.990e-29
 157.515307     31.132  34.597353     7.6424    2.31405     30.870    33.5978    26.2249 -9.990e-29
 157.515312     31.071  34.597937     7.6438    2.31166     30.809    33.5971    26.2242 -9.990e-29
 157.515318     30.984  34.597614     7.6458    2.31223     30.723    33.5948    26.2222 -9.990e-29
 157.515324     30.879  34.597658     7.6481    2.31451     30.619    33.5927    26.2201 -9.990e-29
 157.515330     30.778  34.598714     7.6499    2.31830     30.519    33.5922    26.2195 -9.990e-29
 157.515336     30.705  34.599413     7.6509    2.31874     30.446    33.5920    26.2192 -9.990e-29
 157.515341     30.673  34.599030     7.6509    2.31869     30.415    33.5916    26.2189 -9.990e-29
 157.515347     30.679  34.598188     7.6499    2.30980     30.421    33.5916    26.2190 -9.990e-29
 157.515353     30.716  34.598014     7.6490    2.30763     30.457    33.5923    26.2197 -9.990e-29
 157.515359     30.778  34.598843     7.6485    2.30759     30.519    33.5936    26.2208 -9.990e-29
 157.515365     30.859  34.599537     7.6475    2.31817     30.599    33.5953    26.2223 -9.990e-29
 157.515370     30.956  34.598779     7.6455    2.32409     30.695    33.5964    26.2234 -9.990e-29
 157.515376     31.058  34.596119     7.6433    2.32424     30.796    33.5956    26.2231 -9.990e-29
 157.515382     31.143  34.593054     7.6424    2.32268     30.881    33.5931    26.2213 -9.990e-29
 157.515388     31.193  34.592218     7.6426    2.31045     30.930    33.5920    26.2204 -9.990e-29
 157.515394     31.207  34.593618     7.6434    2.31731     30.944    33.5927    26.2208 -9.990e-29
 157.515399     31.188  34.595194     7.6444    2.31034     30.925    33.5935    26.2213 -9.990e-29
 157.515405     31.137  34.596246     7.6452    2.31085     30.875    33.5939    26.2215 -9.990e-29
 157.515411     31.064  34.597054     7.6452    2.31288     30.802    33.5948    26.2222 -9.990e-29
 157.515417     30.982  34.597016     7.6443    2.31111     30.721    33.5956    26.2230 -9.990e-29
 157.515422     30.907  34.595523     7.6426    2.32429     30.647    33.5957    26.2233 -9.990e-29
 157.515428     30.855  34.593387     7.6402    2.33427     30.595    33.5957    26.2237 -9.990e-29
 157.515434     30.833  34.591125     7.6369    2.33653     30.573    33.5965    26.2247 -9.990e-29
 157.515440     30.833  34.587963     7.6333    2.32566     30.573    33.5966    26.2253 -9.990e-29
 157.515446     30.848  34.584727     7.6314    2.31758     30.588    33.5949    26.2243 -9.990e-29
 157.515451     30.874  34.583268     7.6316    2.31362     30.614    33.5931    26.2228 -9.990e-29
 157.515457     30.913  34.583880     7.6327    2.31543     30.653    33.5927    26.2224 -9.990e-29
 157.515463     30.964  34.585137     7.6331    2.31925     30.703    33.5936    26.2230 -9.990e-29
 157.515469     31.015  34.584791     7.6322    2.31928     30.754    33.5941    26.2235 -9.990e-29
 157.515475     31.055  34.584623     7.6318    2.32739     30.793    33.5943    26.2237 -9.990e-29
 157.515480     31.071  34.586647     7.6328    2.32911     30.809    33.5955    26.2246 -9.990e-29
 157.515486     31.066  34.588519     7.6350    2.32033     30.804    33.5954    26.2242 -9.990e-29
 157.515492     31.048  34.589931     7.6376    2.31655     30.787    33.5944    26.2230 -9.990e-29
 157.515498     31.020  34.591643     7.6399    2.30400     30.759    33.5941    26.2224 -9.990e-29
 157.515503     30.987  34.593137     7.6419    2.30377     30.726    33.5938    26.2219 -9.990e-29
 157.515509     30.967  34.594724     7.6440    2.30751     30.706    33.5935    26.2213 -9.990e-29
 157.515515     30.961  34.596839     7.6459    2.30069     30.700    33.5939    26.2214 -9.990e-29
 157.515521     30.956  34.598941     7.6470    2.30266     30.695    33.5951    26.2222 -9.990e-29
 157.515527     30.939  34.599908     7.6478    2.30270     30.678    33.5954    26.2223 -9.990e-29
 157.515532     30.910  34.599906     7.6488    2.31334     30.650    33.5944    26.2214 -9.990e-29
 157.515538     30.878  34.600055     7.6496    2.31927     30.618    33.5938    26.2208 -9.990e-29
