data/oxygen options/OCNMS/OCNMS1/raw_data/2007/CTD_CE065_101207faed.cnv
* Sea-Bird SBE19 Data File:
* FileName = C:\2007_mooring_data\retrieval_101207\CTD_CE065_101207.hex
* Software Version 1.20
* Temperature SN = 2997
* Conductivity SN = 2997
* System UpLoad Time = Oct 12 2007 13:30:46
* SEACAT PROFILER V3.1c SN 2997   10/12/07  13:30:19.904
* strain gauge pressure sensor: S/N = 184829,  range = 3000 psia,  tc = 40
# nquan = 9                                 
# nvalues = 4213                        
# units = specified
# name 0 = timeJ: Julian Days
# name 1 = prSM: Pressure, Strain Gauge [db]
# name 2 = c0mS/cm: Conductivity [mS/cm]
# name 3 = t090C: Temperature [ITS-90, deg C]
# name 4 = oxML/L: Oxygen, Beckman/YSI [ml/l]
# name 5 = depSM: Depth [salt water, m], lat = 47.5
# name 6 = sal00: Salinity, Practical [PSU]
# name 7 = sigma-é00: Density [sigma-theta, kg/m^3]
# name 8 = flag: flag
# span 0 = 285.529097, 285.553472       
# span 1 =     -5.419,     67.225       
# span 2 =   0.163652,  37.466295       
# span 3 =     7.7053,    13.1420       
# span 4 =  -13.92350,   31.42471       
# span 5 =     -5.374,     66.653       
# span 6 =     0.1024,    33.5584       
# span 7 =    -0.5390,    26.1818       
# span 8 = 0.0000e+00, 0.0000e+00       
# interval = seconds: 0.5
# start_time = Oct 12 2007 12:41:54 [Instrument's time stamp, header]
# bad_flag = -9.990e-29
*END*
[from data line 4001]
 285.552251      0.670   0.401600    12.9652   -0.07212      0.664     0.2537    -0.4188 -9.990e-29
 285.552257      0.664   0.412345    12.9632   -0.07213      0.658     0.2607    -0.4131 -9.990e-29
 285.552263      0.661   0.426356    12.9593   -0.07214      0.655     0.2698    -0.4055 -9.990e-29
 285.552269      0.661   0.441249    12.9530   -0.07217      0.655     0.2796    -0.3971 -9.990e-29
 285.552274      0.663   0.450273    12.9452   -0.07218      0.657     0.2855    -0.3915 -9.990e-29
 285.552280      0.668   0.452711    12.9366   -0.07219      0.662     0.2872    -0.3891 -9.990e-29
 285.552286      0.671   0.453476    12.9284   -0.07221      0.665     0.2877    -0.3876 -9.990e-29
 285.552292      0.670   0.456362    12.9218   -0.07222      0.664     0.2897    -0.3853 -9.990e-29
 285.552297      0.667   0.460783    12.9163   -0.07223      0.661     0.2926    -0.3823 -9.990e-29
 285.552303      0.667   0.464318    12.9116   -0.07225      0.661     0.2949    -0.3799 -9.990e-29
 285.552309      0.667   0.466691    12.9067   -0.07226      0.661     0.2965    -0.3780 -9.990e-29
 285.552315      0.660   0.468851    12.9001   -0.07228      0.654     0.2980    -0.3760 -9.990e-29
 285.552321      0.652   0.470350    12.8916   -0.07228      0.647     0.2990    -0.3741 -9.990e-29
 285.552326      0.646   0.470970    12.8829   -0.07229      0.641     0.2995    -0.3727 -9.990e-29
 285.552332      0.642   0.472649    12.8750   -0.07231      0.637     0.3007    -0.3708 -9.990e-29
 285.552338      0.643   0.475407    12.8683   -0.07232      0.638     0.3025    -0.3685 -9.990e-29
 285.552344      0.650   0.476269    12.8621   -0.07233      0.645     0.3032    -0.3672 -9.990e-29
 285.552350      0.655   0.474168    12.8559   -0.07234      0.650     0.3018    -0.3675 -9.990e-29
 285.552355      0.658   0.470186    12.8496   -0.07236      0.653     0.2993    -0.3687 -9.990e-29
 285.552361      0.663   0.465666    12.8429   -0.07238      0.657     0.2963    -0.3701 -9.990e-29
 285.552367      0.667   0.461786    12.8366   -0.07240      0.661     0.2938    -0.3713 -9.990e-29
 285.552373      0.665   0.459473    12.8315   -0.07243      0.659     0.2924    -0.3718 -9.990e-29
 285.552378      0.658   0.458970    12.8266   -0.07245      0.653     0.2921    -0.3714 -9.990e-29
 285.552384      0.649   0.457944    12.8212   -0.07247      0.644     0.2914    -0.3712 -9.990e-29
 285.552390      0.641   0.454472    12.8157   -0.07249      0.636     0.2892    -0.3723 -9.990e-29
 285.552396      0.631   0.449467    12.8101   -0.07250      0.626     0.2860    -0.3741 -9.990e-29
 285.552402      0.617   0.444018    12.8032   -0.07252      0.612     0.2824    -0.3760 -9.990e-29
 285.552407      0.607   0.440285    12.7939   -0.07254      0.602     0.2801    -0.3767 -9.990e-29
 285.552413      0.601   0.441605    12.7829   -0.07256      0.596     0.2810    -0.3746 -9.990e-29
 285.552419      0.594   0.448077    12.7718   -0.07257      0.589     0.2853    -0.3698 -9.990e-29
 285.552425      0.589   0.454472    12.7610   -0.07259      0.584     0.2896    -0.3651 -9.990e-29
 285.552431      0.591   0.455459    12.7506   -0.07260      0.586     0.2903    -0.3633 -9.990e-29
 285.552436      0.600   0.451799    12.7409   -0.07261      0.595     0.2880    -0.3639 -9.990e-29
 285.552442      0.615   0.448037    12.7322   -0.07262      0.610     0.2856    -0.3647 -9.990e-29
 285.552448      0.635   0.446363    12.7242   -0.07261      0.630     0.2845    -0.3645 -9.990e-29
 285.552454      0.652   0.445101    12.7157   -0.07261      0.647     0.2838    -0.3641 -9.990e-29
 285.552459      0.662   0.442013    12.7067   -0.07261      0.656     0.2818    -0.3645 -9.990e-29
 285.552465      0.671   0.436863    12.6986   -0.07261      0.665     0.2785    -0.3661 -9.990e-29
 285.552471      0.683   0.431101    12.6912   -0.07262      0.677     0.2747    -0.3681 -9.990e-29
 285.552477      0.694   0.427022    12.6844   -0.07262      0.688     0.2721    -0.3693 -9.990e-29
 285.552483      0.702   0.425288    12.6794   -0.07262      0.696     0.2710    -0.3695 -9.990e-29
 285.552488      0.706   0.423586    12.6762   -0.07264      0.700     0.2699    -0.3700 -9.990e-29
 285.552494      0.708   0.420757    12.6745   -0.07265      0.702     0.2681    -0.3712 -9.990e-29
 285.552500      0.706   0.418018    12.6744   -0.07264      0.700     0.2663    -0.3726 -9.990e-29
 285.552506      0.702   0.415597    12.6743   -0.07263      0.696     0.2647    -0.3738 -9.990e-29
 285.552512      0.698   0.413040    12.6735   -0.07262      0.692     0.2630    -0.3750 -9.990e-29
 285.552517      0.700   0.410818    12.6720   -0.07264      0.694     0.2616    -0.3760 -9.990e-29
 285.552523      0.702   0.409295    12.6700   -0.07265      0.696     0.2606    -0.3765 -9.990e-29
 285.552529      0.701   0.408658    12.6682   -0.07266      0.695     0.2602    -0.3766 -9.990e-29
 285.552535      0.697   0.409166    12.6662   -0.07266      0.691     0.2605    -0.3761 -9.990e-29
 285.552541      0.693   0.409281    12.6627   -0.07267      0.687     0.2606    -0.3755 -9.990e-29
 285.552546      0.694   0.408049    12.6599   -0.07268      0.688     0.2598    -0.3758 -9.990e-29
 285.552552      0.695   0.407707    12.6604   -0.07267      0.689     0.2596    -0.3761 -9.990e-29
 285.552558      0.693   0.409462    12.6623   -0.07268      0.687     0.2608    -0.3754 -9.990e-29
 285.552564      0.687   0.412328    12.6620   -0.07267      0.681     0.2626    -0.3739 -9.990e-29
 285.552569      0.681   0.415140    12.6593   -0.07265      0.675     0.2645    -0.3721 -9.990e-29
 285.552575      0.678   0.416103    12.6558   -0.07266      0.672     0.2651    -0.3712 -9.990e-29
 285.552581      0.676   0.414285    12.6527   -0.07265      0.670     0.2640    -0.3717 -9.990e-29
 285.552587      0.668   0.410586    12.6498   -0.07265      0.662     0.2616    -0.3732 -9.990e-29
 285.552593      0.655   0.406728    12.6467   -0.07265      0.650     0.2591    -0.3748 -9.990e-29
 285.552598      0.635   0.404773    12.6442   -0.07264      0.630     0.2578    -0.3755 -9.990e-29
 285.552604      0.612   0.404888    12.6435   -0.07264      0.607     0.2579    -0.3753 -9.990e-29
 285.552610      0.597   0.404454    12.6446   -0.07263      0.592     0.2576    -0.3757 -9.990e-29
 285.552616      0.594   0.402341    12.6471   -0.07263      0.589     0.2562    -0.3771 -9.990e-29
 285.552622      0.594   0.400720    12.6501   -0.07263      0.589     0.2551    -0.3783 -9.990e-29
 285.552627      0.596   0.400756    12.6526   -0.07263      0.591     0.2551    -0.3786 -9.990e-29
 285.552633      0.605   0.400834    12.6551   -0.07263      0.600     0.2551    -0.3789 -9.990e-29
 285.552639      0.617   0.398842    12.6577   -0.07264      0.612     0.2538    -0.3802 -9.990e-29
 285.552645      0.625   0.394343    12.6599   -0.07265      0.620     0.2509    -0.3828 -9.990e-29
 285.552650      0.629   0.389652    12.6618   -0.07265      0.624     0.2478    -0.3855 -9.990e-29
 285.552656      0.633   0.387939    12.6631   -0.07265      0.628     0.2467    -0.3865 -9.990e-29
 285.552662      0.634   0.390246    12.6638   -0.07266      0.629     0.2482    -0.3854 -9.990e-29
 285.552668      0.632   0.394661    12.6645   -0.07266      0.627     0.2510    -0.3832 -9.990e-29
 285.552674      0.635   0.398201    12.6655   -0.07267      0.630     0.2534    -0.3816 -9.990e-29
 285.552679      0.643   0.399489    12.6662   -0.07267      0.638     0.2542    -0.3810 -9.990e-29
 285.552685      0.648   0.398580    12.6652   -0.07267      0.643     0.2536    -0.3813 -9.990e-29
 285.552691      0.650   0.395927    12.6627   -0.07267      0.645     0.2519    -0.3824 -9.990e-29
 285.552697      0.655   0.392981    12.6603   -0.07268      0.650     0.2500    -0.3836 -9.990e-29
 285.552703      0.658   0.391357    12.6587   -0.07268      0.653     0.2489    -0.3842 -9.990e-29
 285.552708      0.659   0.390554    12.6573   -0.07267      0.653     0.2484    -0.3844 -9.990e-29
 285.552714      0.666   0.388946    12.6556   -0.07267      0.660     0.2474    -0.3850 -9.990e-29
 285.552720      0.681   0.386609    12.6537   -0.07266      0.675     0.2459    -0.3860 -9.990e-29
 285.552726      0.696   0.384309    12.6519   -0.07266      0.690     0.2444    -0.3869 -9.990e-29
 285.552731      0.707   0.382305    12.6505   -0.07265      0.701     0.2431    -0.3878 -9.990e-29
 285.552737      0.714   0.380880    12.6494   -0.07264      0.708     0.2421    -0.3883 -9.990e-29
 285.552743      0.720   0.379799    12.6484   -0.07264      0.714     0.2414    -0.3888 -9.990e-29
 285.552749      0.723   0.378359    12.6473   -0.07264      0.717     0.2405    -0.3894 -9.990e-29
 285.552755      0.724   0.376303    12.6474   -0.07265      0.718     0.2392    -0.3904 -9.990e-29
 285.552760      0.723   0.374399    12.6488   -0.07265      0.717     0.2379    -0.3916 -9.990e-29
 285.552766      0.721   0.373991    12.6502   -0.07265      0.715     0.2376    -0.3919 -9.990e-29
 285.552772      0.716   0.376197    12.6516   -0.07264      0.710     0.2391    -0.3910 -9.990e-29
 285.552778      0.709   0.381186    12.6541   -0.07264      0.703     0.2423    -0.3888 -9.990e-29
 285.552784      0.703   0.386742    12.6576   -0.07263      0.697     0.2459    -0.3864 -9.990e-29
 285.552789      0.703   0.389741    12.6608   -0.07262      0.697     0.2479    -0.3853 -9.990e-29
 285.552795      0.703   0.389747    12.6621   -0.07260      0.697     0.2479    -0.3854 -9.990e-29
 285.552801      0.701   0.387876    12.6618   -0.07258      0.695     0.2466    -0.3864 -9.990e-29
 285.552807      0.699   0.384962    12.6614   -0.07255      0.693     0.2447    -0.3878 -9.990e-29
 285.552813      0.702   0.382107    12.6618   -0.07254      0.696     0.2429    -0.3893 -9.990e-29
 285.552818      0.707   0.379384    12.6631   -0.07253      0.701     0.2411    -0.3909 -9.990e-29
 285.552824      0.708   0.375936    12.6648   -0.07252      0.702     0.2388    -0.3928 -9.990e-29
 285.552830      0.706   0.372152    12.6676   -0.07253      0.700     0.2363    -0.3951 -9.990e-29
 285.552836      0.701   0.369086    12.6727   -0.07255      0.695     0.2343    -0.3973 -9.990e-29
 285.552841      0.697   0.367084    12.6800   -0.07256      0.691     0.2330    -0.3993 -9.990e-29
 285.552847      0.698   0.365694    12.6889   -0.07256      0.692     0.2320    -0.4011 -9.990e-29
 285.552853      0.700   0.364172    12.6989   -0.07255      0.694     0.2310    -0.4032 -9.990e-29
 285.552859      0.699   0.362705    12.7085   -0.07255      0.693     0.2299    -0.4051 -9.990e-29
 285.552865      0.694   0.362110    12.7156   -0.07253      0.688     0.2295    -0.4064 -9.990e-29
 285.552870      0.685   0.362149    12.7198   -0.07252      0.679     0.2295    -0.4069 -9.990e-29
 285.552876      0.676   0.362318    12.7208   -0.07251      0.670     0.2296    -0.4069 -9.990e-29
 285.552882      0.675   0.362841    12.7189   -0.07250      0.669     0.2300    -0.4064 -9.990e-29
 285.552888      0.685   0.363309    12.7157   -0.07250      0.679     0.2303    -0.4058 -9.990e-29
 285.552894      0.700   0.362682    12.7125   -0.07249      0.694     0.2299    -0.4057 -9.990e-29
 285.552899      0.707   0.360680    12.7114   -0.07249      0.701     0.2286    -0.4065 -9.990e-29
 285.552905      0.707   0.357959    12.7133   -0.07248      0.701     0.2268    -0.4082 -9.990e-29
 285.552911      0.705   0.355324    12.7174   -0.07245      0.699     0.2251    -0.4100 -9.990e-29
 285.552917      0.699   0.353143    12.7228   -0.07243      0.693     0.2236    -0.4118 -9.990e-29
 285.552922      0.693   0.351278    12.7284   -0.07241      0.687     0.2224    -0.4135 -9.990e-29
 285.552928      0.693   0.349463    12.7333   -0.07240      0.687     0.2212    -0.4150 -9.990e-29
 285.552934      0.693   0.347493    12.7378   -0.07238      0.687     0.2199    -0.4166 -9.990e-29
 285.552940      0.693   0.344958    12.7420   -0.07235      0.687     0.2182    -0.4184 -9.990e-29
 285.552946      0.698   0.341806    12.7459   -0.07232      0.692     0.2162    -0.4205 -9.990e-29
 285.552951      0.703   0.338822    12.7504   -0.07232      0.697     0.2142    -0.4226 -9.990e-29
 285.552957      0.705   0.336462    12.7569   -0.07231      0.699     0.2126    -0.4246 -9.990e-29
 285.552963      0.705   0.334351    12.7659   -0.07230      0.699     0.2112    -0.4269 -9.990e-29
 285.552969      0.701   0.332445    12.7758   -0.07229      0.695     0.2100    -0.4291 -9.990e-29
 285.552975      0.693   0.331529    12.7850   -0.07227      0.687     0.2093    -0.4307 -9.990e-29
 285.552980      0.682   0.332044    12.7937   -0.07224      0.676     0.2096    -0.4316 -9.990e-29
 285.552986      0.671   0.333570    12.8039   -0.07221      0.665     0.2105    -0.4321 -9.990e-29
 285.552992      0.667   0.335368    12.8157   -0.07216      0.661     0.2116    -0.4328 -9.990e-29
 285.552998      0.670   0.336511    12.8259   -0.07212      0.664     0.2123    -0.4335 -9.990e-29
 285.553003      0.672   0.336859    12.8325   -0.07208      0.666     0.2125    -0.4342 -9.990e-29
 285.553009      0.674   0.337431    12.8377   -0.07205      0.668     0.2128    -0.4346 -9.990e-29
 285.553015      0.678   0.338991    12.8434   -0.07204      0.672     0.2138    -0.4345 -9.990e-29
 285.553021      0.682   0.340845    12.8503   -0.07205      0.676     0.2150    -0.4345 -9.990e-29
 285.553027      0.682   0.341585    12.8600   -0.07204      0.676     0.2154    -0.4353 -9.990e-29
 285.553032      0.677   0.341091    12.8738   -0.07202      0.671     0.2150    -0.4374 -9.990e-29
 285.553038      0.672   0.340367    12.8913   -0.07198      0.666     0.2145    -0.4400 -9.990e-29
 285.553044      0.670   0.340111    12.9110   -0.07193      0.664     0.2142    -0.4427 -9.990e-29
 285.553050      0.667   0.339982    12.9310   -0.07189      0.661     0.2140    -0.4454 -9.990e-29
 285.553056      0.662   0.339252    12.9492   -0.07183      0.656     0.2134    -0.4481 -9.990e-29
 285.553061      0.660   0.338055    12.9626   -0.07180      0.654     0.2126    -0.4505 -9.990e-29
 285.553067      0.657   0.337014    12.9697   -0.07178      0.652     0.2119    -0.4519 -9.990e-29
 285.553073      0.647   0.336404    12.9736   -0.07177      0.642     0.2115    -0.4528 -9.990e-29
 285.553079      0.635   0.335967    12.9796   -0.07176      0.630     0.2112    -0.4538 -9.990e-29
 285.553084      0.624   0.335673    12.9906   -0.07175      0.619     0.2109    -0.4554 -9.990e-29
 285.553090      0.614   0.336240    13.0069   -0.07174      0.609     0.2112    -0.4572 -9.990e-29
 285.553096      0.607   0.338422    13.0269   -0.07174      0.602     0.2125    -0.4587 -9.990e-29
 285.553102      0.608   0.342359    13.0492   -0.07174      0.603     0.2149    -0.4597 -9.990e-29
 285.553108      0.616   0.347202    13.0714   -0.07173      0.611     0.2179    -0.4602 -9.990e-29
 285.553113      0.633   0.351096    13.0888   -0.07173      0.628     0.2203    -0.4606 -9.990e-29
 285.553119      0.655   0.352578    13.0999   -0.07173      0.650     0.2212    -0.4613 -9.990e-29
 285.553125      0.675   0.352516    13.1071   -0.07172      0.669     0.2211    -0.4623 -9.990e-29
 285.553131      0.690   0.353045    13.1127   -0.07173      0.684     0.2214    -0.4628 -9.990e-29
 285.553137      0.702   0.354870    13.1177   -0.07173      0.696     0.2226    -0.4625 -9.990e-29
 285.553142      0.709   0.357100    13.1216   -0.07174      0.703     0.2240    -0.4619 -9.990e-29
 285.553148      0.714   0.358827    13.1239   -0.07174      0.708     0.2251    -0.4614 -9.990e-29
 285.553154      0.717   0.359582    13.1254   -0.07174      0.711     0.2256    -0.4612 -9.990e-29
 285.553160      0.717   0.359265    13.1271   -0.07174      0.711     0.2254    -0.4616 -9.990e-29
 285.553166      0.715   0.358561    13.1288   -0.07174      0.709     0.2249    -0.4622 -9.990e-29
