data/oxygen options/OCNMS/OCNMS1/raw_data/2007/CTD_CE015_071107faed.cnv
* Sea-Bird SBE19 Data File:
* FileName = C:\2007_mooring_data\CTD_CE015_071107.hex
* Software Version 1.1.6
* Temperature SN = 2997
* Conductivity SN = 2997
* System UpLoad Time = Jul 11 2007 15:19:18
* SEACAT PROFILER V3.1c SN 2997   07/11/07  15:18:47.341
* strain gauge pressure sensor: S/N = 184829,  range = 3000 psia,  tc = 40
# nquan = 9                                 
# nvalues = 1279                        
# units = specified
# name 0 = timeJ: Julian Days
# name 1 = prSM: Pressure, Strain Gauge [db]
# name 2 = c0mS/cm: Conductivity [mS/cm]
# name 3 = t090C: Temperature [ITS-90, deg C]
# name 4 = oxML/L: Oxygen, Beckman/YSI [ml/l]
# name 5 = depSM: Depth [salt water, m], lat = 47.5
# name 6 = sal00: Salinity, Practical [PSU]
# name 7 = sigma-é00: Density [sigma-theta, kg/m^3]
# name 8 = flag: flag
# span 0 = 192.621296, 192.628692       
# span 1 =     -5.283,     15.428       
# span 2 =   1.932488,  36.532609       
# span 3 =     8.1465,    13.6100       
# span 4 =   -2.08169,   34.84104       
# span 5 =     -5.239,     15.299       
# span 6 =     1.2840,    33.3203       
# span 7 =     0.3075,    25.9334       
# span 8 = 0.0000e+00, 0.0000e+00       
# interval = seconds: 0.5
# start_time = Jul 11 2007 14:54:40 [Instrument's time stamp, header]
# bad_flag = -9.990e-29
*END*
[from data line 801]
 192.625932     10.065  34.822704     8.2912    2.74734      9.981    33.2285    25.8398 -9.990e-29
 192.625937      9.966  34.820651     8.2846    2.77646      9.883    33.2326    25.8440 -9.990e-29
 192.625943      9.832  34.819709     8.2844    2.79463      9.750    33.2319    25.8435 0.0000e+00
 192.625949      9.645  34.820861     8.2926    2.81979      9.564    33.2254    25.8372 0.0000e+00
 192.625955      9.398  34.823396     8.3086    2.84826      9.319    33.2131    25.8251 0.0000e+00
 192.625961      9.105  34.827892     8.3339    2.90573      9.029    33.1941    25.8064 0.0000e+00
 192.625966      8.790  34.835865     8.3639    2.94283      8.716    33.1744    25.7865 0.0000e+00
 192.625972      8.472  34.849544     8.3913    2.98056      8.401    33.1631    25.7736 0.0000e+00
 192.625978      8.161  34.871482     8.4163    3.02185      8.093    33.1629    25.7696 0.0000e+00
 192.625984      7.858  34.895070     8.4403    3.06037      7.792    33.1654    25.7679 0.0000e+00
 192.625990      7.557  34.908609     8.4675    3.11510      7.494    33.1542    25.7550 0.0000e+00
 192.625995      7.251  34.913343     8.5071    3.16663      7.190    33.1221    25.7239 0.0000e+00
 192.626001      6.943  34.921190     8.5546    3.21041      6.885    33.0859    25.6883 0.0000e+00
 192.626007      6.634  34.938134     8.5966    3.25537      6.579    33.0645    25.6652 0.0000e+00
 192.626013      6.327  34.959874     8.6334    3.29967      6.274    33.0531    25.6506 0.0000e+00
 192.626019      6.026  34.981779     8.6713    3.32516      5.976    33.0408    25.6352 0.0000e+00
 192.626024      5.740  35.002801     8.7083    3.34247      5.692    33.0284    25.6198 0.0000e+00
 192.626030      5.479  35.022393     8.7391    3.37423      5.433    33.0203    25.6087 0.0000e+00
 192.626036      5.257  35.044267     8.7636    3.39445      5.213    33.0205    25.6051 0.0000e+00
 192.626042      5.077  35.068452     8.7882    3.42172      5.035    33.0229    25.6032 0.0000e+00
 192.626047      4.932  35.090211     8.8156    3.43207      4.891    33.0202    25.5968 -9.990e-29
 192.626053      4.813  35.108294     8.8316    3.43457      4.773    33.0242    25.5975 -9.990e-29
 192.626059      4.712  35.114867     8.8311    3.45295      4.673    33.0316    25.6034 -9.990e-29
 192.626065      4.627  35.110855     8.8327    3.45963      4.588    33.0260    25.5987 -9.990e-29
 192.626071      4.566  35.111089     8.8494    3.46849      4.528    33.0107    25.5842 -9.990e-29
 192.626076      4.533  35.120921     8.8735    3.47004      4.495    32.9986    25.5709 -9.990e-29
 192.626082      4.517  35.134405     8.8913    3.47858      4.479    32.9961    25.5662 -9.990e-29
 192.626088      4.505  35.142622     8.8975    3.47198      4.467    32.9989    25.5674 -9.990e-29
 192.626094      4.491  35.141398     8.8964    3.47677      4.453    32.9986    25.5674 -9.990e-29
 192.626100      4.471  35.135830     8.8935    3.48703      4.434    32.9955    25.5654 -9.990e-29
 192.626105      4.443  35.133066     8.8919    3.49252      4.406    32.9942    25.5646 -9.990e-29
 192.626111      4.418  35.133904     8.8948    3.49508      4.381    32.9923    25.5627 -9.990e-29
 192.626117      4.403  35.138902     8.9060    3.49597      4.366    32.9872    25.5569 -9.990e-29
 192.626123      4.398  35.149118     8.9211    3.50063      4.361    32.9838    25.5519 -9.990e-29
 192.626128      4.401  35.158556     8.9308    3.49602      4.364    32.9846    25.5511 -9.990e-29
 192.626134      4.409  35.161307     8.9329    3.50259      4.372    32.9855    25.5515 -9.990e-29
 192.626140      4.418  35.159361     8.9315    3.50383      4.381    32.9848    25.5511 -9.990e-29
 192.626146      4.429  35.156849     8.9296    3.48870      4.392    32.9839    25.5507 -9.990e-29
 192.626152      4.442  35.155467     8.9283    3.49189      4.405    32.9837    25.5507 -9.990e-29
 192.626157      4.462  35.156173     8.9285    3.49991      4.425    32.9842    25.5511 -9.990e-29
 192.626163      4.492  35.158788     8.9300    3.50098      4.454    32.9855    25.5519 -9.990e-29
 192.626169      4.519  35.161193     8.9317    3.51127      4.481    32.9865    25.5524 -9.990e-29
 192.626175      4.532  35.162108     8.9327    3.52228      4.494    32.9865    25.5523 -9.990e-29
 192.626181      4.529  35.161634     8.9335    3.52638      4.491    32.9852    25.5512 -9.990e-29
 192.626186      4.509  35.160633     8.9350    3.53297      4.471    32.9828    25.5490 -9.990e-29
 192.626192      4.475  35.160010     8.9384    3.52856      4.438    32.9790    25.5455 -9.990e-29
 192.626198      4.437  35.160422     8.9429    3.53410      4.400    32.9753    25.5419 -9.990e-29
 192.626204      4.407  35.162406     8.9464    3.54045      4.370    32.9741    25.5404 -9.990e-29
 192.626209      4.386  35.165610     8.9483    3.53868      4.349    32.9757    25.5414 -9.990e-29
 192.626215      4.373  35.168692     8.9483    3.53406      4.336    32.9789    25.5439 -9.990e-29
 192.626221      4.368  35.170146     8.9471    3.53354      4.331    32.9816    25.5462 -9.990e-29
 192.626227      4.369  35.170222     8.9471    3.53199      4.332    32.9816    25.5462 -9.990e-29
 192.626233      4.378  35.170131     8.9500    3.54728      4.341    32.9788    25.5436 -9.990e-29
 192.626238      4.394  35.170860     8.9540    3.55652      4.357    32.9759    25.5406 -9.990e-29
 192.626244      4.414  35.172812     8.9565    3.55442      4.377    32.9756    25.5400 -9.990e-29
 192.626250      4.427  35.174656     8.9574    3.55909      4.390    32.9767    25.5407 -9.990e-29
 192.626256      4.426  35.174915     8.9587    3.55990      4.389    32.9757    25.5398 -9.990e-29
 192.626262      4.418  35.174487     8.9612    3.55838      4.381    32.9730    25.5372 -9.990e-29
 192.626267      4.415  35.175593     8.9633    3.56383      4.378    32.9722    25.5363 -9.990e-29
 192.626273      4.423  35.178017     8.9637    3.56720      4.386    32.9743    25.5379 -9.990e-29
 192.626279      4.437  35.178814     8.9635    3.57250      4.400    32.9753    25.5387 -9.990e-29
 192.626285      4.445  35.177917     8.9645    3.57363      4.408    32.9735    25.5371 -9.990e-29
 192.626291      4.440  35.178040     8.9669    3.56068      4.403    32.9714    25.5351 -9.990e-29
 192.626296      4.429  35.179338     8.9691    3.56893      4.392    32.9707    25.5342 -9.990e-29
 192.626302      4.424  35.180729     8.9690    3.57703      4.387    32.9722    25.5354 -9.990e-29
 192.626308      4.426  35.180696     8.9668    3.58033      4.389    32.9742    25.5373 -9.990e-29
 192.626314      4.426  35.179184     8.9661    3.59500      4.389    32.9733    25.5367 -9.990e-29
 192.626319      4.415  35.179212     8.9691    3.58917      4.378    32.9705    25.5341 -9.990e-29
 192.626325      4.392  35.181926     8.9740    3.58612      4.355    32.9688    25.5320 -9.990e-29
 192.626331      4.374  35.186449     8.9775    3.59028      4.337    32.9703    25.5326 -9.990e-29
 192.626337      4.376  35.189838     8.9783    3.60104      4.339    32.9731    25.5347 -9.990e-29
 192.626343      4.398  35.189316     8.9774    3.60434      4.361    32.9734    25.5350 -9.990e-29
 192.626348      4.425  35.186980     8.9763    3.61710      4.388    32.9719    25.5341 -9.990e-29
 192.626354      4.437  35.185868     8.9759    3.62944      4.400    32.9712    25.5335 -9.990e-29
 192.626360      4.431  35.186728     8.9775    3.63298      4.394    32.9706    25.5328 -9.990e-29
 192.626366      4.418  35.189013     8.9815    3.63934      4.381    32.9692    25.5312 -9.990e-29
 192.626372      4.411  35.192958     8.9861    3.63799      4.374    32.9691    25.5303 -9.990e-29
 192.626377      4.410  35.196528     8.9879    3.64686      4.373    32.9711    25.5316 -9.990e-29
 192.626383      4.409  35.196625     8.9869    3.64405      4.372    32.9722    25.5326 -9.990e-29
 192.626389      4.415  35.196732     8.9873    3.64632      4.378    32.9719    25.5323 -9.990e-29
 192.626395      4.430  35.199784     8.9913    3.64726      4.393    32.9714    25.5313 -9.990e-29
 192.626400      4.451  35.203114     8.9973    3.65543      4.414    32.9692    25.5287 -9.990e-29
 192.626406      4.472  35.204986     9.0022    3.66623      4.435    32.9666    25.5259 -9.990e-29
 192.626412      4.486  35.205085     9.0046    3.67857      4.449    32.9645    25.5238 -9.990e-29
 192.626418      4.488  35.204091     9.0062    3.70667      4.450    32.9620    25.5216 -9.990e-29
 192.626424      4.483  35.204032     9.0084    3.72018      4.446    32.9599    25.5196 -9.990e-29
 192.626429      4.476  35.205382     9.0108    3.74996      4.439    32.9591    25.5186 -9.990e-29
 192.626435      4.465  35.207688     9.0143    3.78375      4.428    32.9582    25.5174 -9.990e-29
 192.626441      4.451  35.211213     9.0216    3.79262      4.414    32.9551    25.5138 -9.990e-29
 192.626447      4.431  35.215602     9.0331    3.79009      4.394    32.9491    25.5073 -9.990e-29
 192.626453      4.410  35.219971     9.0437    3.77614      4.373    32.9438    25.5015 -9.990e-29
 192.626458      4.399  35.223971     9.0483    3.76481      4.362    32.9437    25.5007 -9.990e-29
 192.626464      4.405  35.227322     9.0483    3.72658      4.368    32.9472    25.5034 -9.990e-29
 192.626470      4.420  35.228319     9.0465    3.68925      4.383    32.9499    25.5058 -9.990e-29
 192.626476      4.433  35.226041     9.0432    3.66095      4.396    32.9505    25.5069 -9.990e-29
 192.626481      4.444  35.221923     9.0361    3.63526      4.407    32.9528    25.5098 -9.990e-29
 192.626487      4.459  35.214945     9.0242    3.62579      4.422    32.9566    25.5146 -9.990e-29
 192.626493      4.473  35.206442     9.0124    3.63437      4.436    32.9587    25.5181 -9.990e-29
 192.626499      4.484  35.202442     9.0065    3.63928      4.447    32.9600    25.5200 -9.990e-29
 192.626505      4.492  35.202641     9.0050    3.65446      4.454    32.9616    25.5215 -9.990e-29
 192.626510      4.498  35.202807     9.0038    3.67381      4.460    32.9629    25.5227 -9.990e-29
 192.626516      4.502  35.202592     9.0035    3.70002      4.464    32.9629    25.5228 -9.990e-29
 192.626522      4.500  35.203379     9.0074    3.71779      4.462    32.9601    25.5200 -9.990e-29
 192.626528      4.489  35.206206     9.0164    3.73447      4.451    32.9547    25.5143 -9.990e-29
 192.626534      4.470  35.210910     9.0262    3.73639      4.433    32.9506    25.5095 -9.990e-29
 192.626539      4.452  35.215344     9.0329    3.71802      4.415    32.9490    25.5072 -9.990e-29
 192.626545      4.442  35.218687     9.0362    3.70072      4.405    32.9494    25.5071 -9.990e-29
 192.626551      4.444  35.220345     9.0355    3.69813      4.407    32.9518    25.5090 -9.990e-29
 192.626557      4.453  35.218596     9.0313    3.68454      4.416    32.9538    25.5113 -9.990e-29
 192.626563      4.462  35.215021     9.0271    3.67845      4.425    32.9540    25.5121 -9.990e-29
 192.626568      4.466  35.212690     9.0251    3.66941      4.429    32.9534    25.5120 -9.990e-29
 192.626574      4.467  35.211844     9.0239    3.65989      4.430    32.9537    25.5123 -9.990e-29
 192.626580      4.464  35.210783     9.0219    3.66117      4.427    32.9544    25.5132 -9.990e-29
 192.626586      4.457  35.209203     9.0202    3.65036      4.420    32.9543    25.5134 -9.990e-29
 192.626591      4.446  35.208909     9.0198    3.64269      4.409    32.9544    25.5136 -9.990e-29
 192.626597      4.433  35.210059     9.0184    3.62119      4.396    32.9569    25.5157 -9.990e-29
 192.626603      4.428  35.209692     9.0127    3.60717      4.391    32.9618    25.5205 -9.990e-29
 192.626609      4.433  35.205069     9.0040    3.61278      4.396    32.9651    25.5244 -9.990e-29
 192.626615      4.445  35.198982     8.9991    3.59839      4.408    32.9633    25.5237 -9.990e-29
 192.626620      4.456  35.197878     8.9989    3.59832      4.419    32.9623    25.5230 -9.990e-29
 192.626626      4.463  35.199710     8.9969    3.59545      4.426    32.9661    25.5263 -9.990e-29
 192.626632      4.466  35.197382     8.9904    3.60046      4.429    32.9697    25.5301 -9.990e-29
 192.626638      4.464  35.190581     8.9843    3.60649      4.427    32.9683    25.5299 -9.990e-29
 192.626644      4.459  35.185923     8.9846    3.60924      4.422    32.9631    25.5259 -9.990e-29
 192.626649      4.449  35.188955     8.9897    3.62033      4.412    32.9616    25.5239 -9.990e-29
 192.626655      4.439  35.195302     8.9929    3.62442      4.402    32.9652    25.5262 -9.990e-29
 192.626661      4.432  35.197162     8.9929    3.63060      4.395    32.9671    25.5277 -9.990e-29
 192.626667      4.427  35.195324     8.9939    3.62059      4.390    32.9643    25.5253 -9.990e-29
 192.626672      4.424  35.195736     8.9973    3.59929      4.387    32.9616    25.5227 -9.990e-29
 192.626678      4.423  35.197816     8.9989    3.59429      4.386    32.9623    25.5230 -9.990e-29
 192.626684      4.429  35.196479     8.9947    3.59660      4.392    32.9648    25.5256 -9.990e-29
 192.626690      4.441  35.192174     8.9872    3.58691      4.404    32.9672    25.5287 -9.990e-29
 192.626696      4.452  35.189242     8.9827    3.57442      4.415    32.9684    25.5303 -9.990e-29
 192.626701      4.463  35.189366     8.9819    3.56213      4.426    32.9692    25.5311 -9.990e-29
 192.626707      4.482  35.189895     8.9783    3.56264      4.445    32.9731    25.5347 -9.990e-29
 192.626713      4.511  35.186480     8.9702    3.57468      4.473    32.9771    25.5390 -9.990e-29
 192.626719      4.539  35.180723     8.9643    3.57700      4.501    32.9765    25.5395 -9.990e-29
 192.626725      4.555  35.178949     8.9656    3.59471      4.517    32.9735    25.5369 -9.990e-29
 192.626730      4.556  35.181582     8.9713    3.61329      4.518    32.9709    25.5341 -9.990e-29
 192.626736      4.546  35.185395     8.9763    3.62594      4.508    32.9702    25.5327 -9.990e-29
 192.626742      4.533  35.188736     8.9802    3.64386      4.495    32.9701    25.5320 -9.990e-29
 192.626748      4.520  35.191005     8.9859    3.64426      4.482    32.9672    25.5289 -9.990e-29
 192.626753      4.506  35.194100     8.9930    3.62866      4.468    32.9638    25.5251 -9.990e-29
 192.626759      4.496  35.198772     8.9977    3.61924      4.458    32.9643    25.5248 -9.990e-29
 192.626765      4.496  35.202275     8.9971    3.61697      4.458    32.9685    25.5282 -9.990e-29
 192.626771      4.507  35.200865     8.9918    3.61754      4.469    32.9720    25.5317 -9.990e-29
 192.626777      4.517  35.194894     8.9869    3.62913      4.479    32.9703    25.5311 -9.990e-29
 192.626782      4.514  35.191521     8.9865    3.65190      4.476    32.9672    25.5288 -9.990e-29
 192.626788      4.497  35.193523     8.9893    3.66994      4.459    32.9667    25.5279 -9.990e-29
 192.626794      4.478  35.197393     8.9926    3.68760      4.441    32.9676    25.5282 -9.990e-29
 192.626800      4.464  35.201557     8.9962    3.69725      4.427    32.9686    25.5284 -9.990e-29
 192.626806      4.455  35.205390     9.0002    3.70416      4.418    32.9689    25.5280 -9.990e-29
 192.626811      4.450  35.208949     9.0046    3.69742      4.413    32.9685    25.5270 -9.990e-29
 192.626817      4.445  35.212487     9.0089    3.70153      4.408    32.9682    25.5261 -9.990e-29
 192.626823      4.438  35.215103     9.0124    3.69405      4.401    32.9677    25.5251 -9.990e-29
 192.626829      4.434  35.216353     9.0143    3.69382      4.397    32.9673    25.5245 -9.990e-29
 192.626834      4.429  35.216214     9.0147    3.69441      4.392    32.9667    25.5240 -9.990e-29
 192.626840      4.422  35.214490     9.0149    3.68045      4.385    32.9648    25.5224 -9.990e-29
 192.626846      4.421  35.212797     9.0162    3.67030      4.384    32.9618    25.5199 -9.990e-29
