data/oxygen options/OCNMS/OCNMS1/raw_data/2007/CTD_TH065_091107faed.cnv
* Sea-Bird SBE19 Data File:
* FileName = C:\2007_mooring_data\CTD_TH065_091107.hex
* Software Version 1.20
* Temperature SN = 2997
* Conductivity SN = 2997
* System UpLoad Time = Sep 11 2007 11:08:31
* SEACAT PROFILER V3.1c SN 2997   09/11/07  11:07:55.179
* strain gauge pressure sensor: S/N = 184829,  range = 3000 psia,  tc = 40
# nquan = 9                                 
# nvalues = 1893                        
# units = specified
# name 0 = timeJ: Julian Days
# name 1 = prSM: Pressure, Strain Gauge [db]
# name 2 = c0mS/cm: Conductivity [mS/cm]
# name 3 = t090C: Temperature [ITS-90, deg C]
# name 4 = oxML/L: Oxygen, Beckman/YSI [ml/l]
# name 5 = depSM: Depth [salt water, m], lat = 47.5
# name 6 = sal00: Salinity, Practical [PSU]
# name 7 = sigma-é00: Density [sigma-theta, kg/m^3]
# name 8 = flag: flag
# span 0 = 254.449838, 254.460787       
# span 1 =     -4.940,     56.299       
# span 2 =   0.283062,  36.769820       
# span 3 =     7.2888,    12.2363       
# span 4 =   -0.07370,   33.80285       
# span 5 =     -4.899,     55.822       
# span 6 =     0.1808,    33.5728       
# span 7 =    -0.3818,    26.2549       
# span 8 = 0.0000e+00, 0.0000e+00       
# interval = seconds: 0.5
# start_time = Sep 11 2007 10:47:46 [Instrument's time stamp, header]
# bad_flag = -9.990e-29
*END*
[from data line 1121]
 254.456325     32.159  34.111622     7.4162    4.08584     31.888    33.2901    26.0151 -9.990e-29
 254.456331     32.168  34.111817     7.4160    4.08975     31.897    33.2905    26.0154 -9.990e-29
 254.456337     32.170  34.112015     7.4160    4.08548     31.899    33.2907    26.0156 -9.990e-29
 254.456343     32.169  34.111910     7.4160    4.08020     31.898    33.2906    26.0155 -9.990e-29
 254.456348     32.173  34.111914     7.4161    4.08495     31.902    33.2905    26.0154 -9.990e-29
 254.456354     32.187  34.112024     7.4162    4.08028     31.916    33.2905    26.0154 -9.990e-29
 254.456360     32.207  34.111819     7.4163    4.08263     31.936    33.2902    26.0151 -9.990e-29
 254.456366     32.226  34.111577     7.4163    4.08070     31.955    33.2899    26.0149 -9.990e-29
 254.456372     32.238  34.111525     7.4164    4.08752     31.966    33.2898    26.0148 -9.990e-29
 254.456377     32.233  34.111586     7.4166    4.09361     31.961    33.2896    26.0146 -9.990e-29
 254.456383     32.207  34.111832     7.4168    4.08460     31.936    33.2897    26.0147 -9.990e-29
 254.456389     32.164  34.112021     7.4173    4.08853     31.893    33.2895    26.0144 -9.990e-29
 254.456395     32.113  34.111836     7.4181    4.07015     31.843    33.2885    26.0136 -9.990e-29
 254.456400     32.072  34.111583     7.4188    4.06793     31.802    33.2876    26.0127 -9.990e-29
 254.456406     32.060  34.111479     7.4189    4.07068     31.790    33.2874    26.0126 -9.990e-29
 254.456412     32.081  34.111376     7.4187    4.06142     31.811    33.2875    26.0126 -9.990e-29
 254.456418     32.119  34.111129     7.4185    4.07504     31.848    33.2874    26.0126 -9.990e-29
 254.456424     32.154  34.110961     7.4183    4.07735     31.883    33.2874    26.0126 -9.990e-29
 254.456429     32.181  34.111195     7.4180    4.07942     31.910    33.2879    26.0131 -9.990e-29
 254.456435     32.202  34.111574     7.4180    4.08165     31.931    33.2883    26.0134 -9.990e-29
 254.456441     32.216  34.112034     7.4182    4.07753     31.945    33.2886    26.0136 -9.990e-29
 254.456447     32.226  34.112619     7.4181    4.07793     31.955    33.2893    26.0142 -9.990e-29
 254.456453     32.224  34.112980     7.4181    4.07836     31.953    33.2897    26.0145 -9.990e-29
 254.456458     32.201  34.113028     7.4185    4.07084     31.930    33.2894    26.0142 -9.990e-29
 254.456464     32.163  34.112819     7.4191    4.06878     31.892    33.2886    26.0135 -9.990e-29
 254.456470     32.126  34.112624     7.4195    4.05881     31.855    33.2880    26.0130 -9.990e-29
 254.456476     32.109  34.112737     7.4197    4.05820     31.839    33.2880    26.0129 -9.990e-29
 254.456481     32.118  34.112740     7.4195    4.06271     31.847    33.2881    26.0131 -9.990e-29
 254.456487     32.143  34.112070     7.4189    4.06459     31.872    33.2880    26.0130 -9.990e-29
 254.456493     32.171  34.110943     7.4179    4.07650     31.900    33.2877    26.0130 -9.990e-29
 254.456499     32.201  34.110091     7.4162    4.07865     31.930    33.2884    26.0137 -9.990e-29
 254.456505     32.234  34.109488     7.4138    4.07104     31.962    33.2900    26.0154 -9.990e-29
 254.456510     32.263  34.108880     7.4118    4.05843     31.991    33.2913    26.0166 -9.990e-29
 254.456516     32.278  34.108569     7.4114    4.05226     32.006    33.2913    26.0167 -9.990e-29
 254.456522     32.275  34.108690     7.4127    4.06285     32.003    33.2902    26.0157 -9.990e-29
 254.456528     32.254  34.109397     7.4150    4.07057     31.982    33.2888    26.0142 -9.990e-29
 254.456534     32.218  34.110500     7.4170    4.06590     31.947    33.2881    26.0134 -9.990e-29
 254.456539     32.177  34.111222     7.4180    4.06109     31.906    33.2879    26.0131 -9.990e-29
 254.456545     32.143  34.111397     7.4179    4.06655     31.872    33.2882    26.0134 -9.990e-29
 254.456551     32.116  34.111251     7.4168    4.05465     31.845    33.2891    26.0142 -9.990e-29
 254.456557     32.096  34.110579     7.4152    4.04638     31.826    33.2899    26.0151 -9.990e-29
 254.456562     32.080  34.109598     7.4142    4.04234     31.810    33.2899    26.0152 -9.990e-29
 254.456568     32.065  34.109232     7.4142    4.04221     31.795    33.2895    26.0148 -9.990e-29
 254.456574     32.043  34.109543     7.4145    4.05174     31.773    33.2895    26.0149 -9.990e-29
 254.456580     32.024  34.109816     7.4144    4.04741     31.754    33.2899    26.0152 -9.990e-29
 254.456586     32.021  34.109846     7.4137    4.04517     31.751    33.2906    26.0158 -9.990e-29
 254.456591     32.045  34.109666     7.4122    4.05288     31.775    33.2919    26.0170 -9.990e-29
 254.456597     32.092  34.109027     7.4092    4.05687     31.822    33.2940    26.0191 -9.990e-29
 254.456603     32.156  34.107629     7.4052    4.04328     31.885    33.2963    26.0215 -9.990e-29
 254.456609     32.225  34.105841     7.4019    4.03826     31.954    33.2975    26.0229 -9.990e-29
 254.456615     32.277  34.104630     7.4007    4.04221     32.005    33.2974    26.0229 -9.990e-29
 254.456620     32.298  34.104610     7.4009    4.04006     32.026    33.2971    26.0227 -9.990e-29
 254.456626     32.285  34.105183     7.4017    4.04602     32.013    33.2970    26.0225 -9.990e-29
 254.456632     32.247  34.105423     7.4030    4.04409     31.975    33.2960    26.0216 -9.990e-29
 254.456638     32.202  34.105644     7.4048    4.04194     31.931    33.2945    26.0202 -9.990e-29
 254.456644     32.165  34.106133     7.4064    4.04597     31.894    33.2936    26.0192 -9.990e-29
 254.456649     32.137  34.106414     7.4067    4.04580     31.866    33.2936    26.0191 -9.990e-29
 254.456655     32.116  34.106291     7.4061    4.04584     31.845    33.2940    26.0196 -9.990e-29
 254.456661     32.102  34.106154     7.4058    4.05367     31.832    33.2942    26.0197 -9.990e-29
 254.456667     32.093  34.106370     7.4061    4.04776     31.823    33.2941    26.0197 -9.990e-29
 254.456672     32.088  34.106658     7.4064    4.04561     31.818    33.2942    26.0196 -9.990e-29
 254.456678     32.088  34.106832     7.4065    4.04375     31.818    33.2943    26.0197 -9.990e-29
 254.456684     32.093  34.107118     7.4069    4.04157     31.823    33.2942    26.0196 -9.990e-29
 254.456690     32.102  34.107327     7.4078    4.04545     31.832    33.2935    26.0189 -9.990e-29
 254.456696     32.117  34.107169     7.4085    4.03548     31.846    33.2927    26.0182 -9.990e-29
 254.456701     32.133  34.106983     7.4089    4.03352     31.862    33.2921    26.0177 -9.990e-29
 254.456707     32.148  34.107074     7.4093    4.03322     31.877    33.2918    26.0174 -9.990e-29
 254.456713     32.168  34.107555     7.4101    4.04315     31.897    33.2915    26.0171 -9.990e-29
 254.456719     32.192  34.108497     7.4109    4.03980     31.921    33.2918    26.0171 -9.990e-29
 254.456725     32.215  34.109466     7.4118    4.04660     31.944    33.2920    26.0171 -9.990e-29
 254.456730     32.233  34.110063     7.4130    4.04715     31.961    33.2914    26.0166 -9.990e-29
 254.456736     32.243  34.110515     7.4145    4.04578     31.971    33.2905    26.0156 -9.990e-29
 254.456742     32.238  34.110856     7.4156    4.04759     31.966    33.2898    26.0149 -9.990e-29
 254.456748     32.208  34.110969     7.4157    4.03439     31.937    33.2898    26.0149 -9.990e-29
 254.456753     32.151  34.110997     7.4158    4.03130     31.880    33.2898    26.0149 -9.990e-29
 254.456759     32.082  34.110969     7.4172    4.04883     31.812    33.2885    26.0136 -9.990e-29
 254.456765     32.017  34.111400     7.4202    4.04592     31.747    33.2861    26.0113 -9.990e-29
 254.456771     31.973  34.112857     7.4236    4.03895     31.704    33.2844    26.0096 -9.990e-29
 254.456777     31.968  34.114473     7.4257    4.04166     31.699    33.2841    26.0091 -9.990e-29
 254.456782     32.008  34.115033     7.4259    4.03742     31.738    33.2845    26.0093 -9.990e-29
 254.456788     32.073  34.114718     7.4251    4.03424     31.803    33.2849    26.0098 -9.990e-29
 254.456794     32.132  34.114216     7.4254    4.04230     31.861    33.2841    26.0090 -9.990e-29
 254.456800     32.174  34.113969     7.4275    4.04067     31.903    33.2818    26.0069 -9.990e-29
 254.456806     32.203  34.114197     7.4304    4.04286     31.932    33.2792    26.0045 -9.990e-29
 254.456811     32.224  34.114825     7.4326    4.03695     31.953    33.2778    26.0031 -9.990e-29
 254.456817     32.222  34.115564     7.4332    4.03895     31.951    33.2780    26.0032 -9.990e-29
 254.456823     32.187  34.115903     7.4326    4.04109     31.916    33.2790    26.0040 -9.990e-29
 254.456829     32.120  34.115728     7.4321    4.04306     31.849    33.2793    26.0043 -9.990e-29
 254.456834     32.042  34.115555     7.4326    4.03590     31.772    33.2787    26.0038 -9.990e-29
 254.456840     31.978  34.115714     7.4333    4.03123     31.709    33.2782    26.0033 -9.990e-29
 254.456846     31.942  34.115860     7.4332    4.03008     31.673    33.2785    26.0035 -9.990e-29
 254.456852     31.935  34.115626     7.4324    4.04044     31.666    33.2790    26.0040 -9.990e-29
 254.456858     31.953  34.115263     7.4318    4.03714     31.684    33.2791    26.0043 -9.990e-29
 254.456863     31.983  34.114848     7.4313    4.04412     31.714    33.2792    26.0044 -9.990e-29
 254.456869     32.016  34.114385     7.4311    4.05290     31.746    33.2788    26.0041 -9.990e-29
 254.456875     32.049  34.114377     7.4312    4.05195     31.779    33.2787    26.0040 -9.990e-29
 254.456881     32.079  34.114812     7.4318    4.04612     31.809    33.2786    26.0038 -9.990e-29
 254.456887     32.101  34.115148     7.4325    4.04689     31.831    33.2783    26.0035 -9.990e-29
 254.456892     32.110  34.115273     7.4330    4.05270     31.840    33.2779    26.0031 -9.990e-29
 254.456898     32.104  34.115352     7.4339    4.04831     31.834    33.2772    26.0024 -9.990e-29
 254.456904     32.078  34.115490     7.4355    4.04705     31.808    33.2758    26.0011 -9.990e-29
 254.456910     32.038  34.115873     7.4367    4.03269     31.768    33.2751    26.0004 -9.990e-29
 254.456916     32.000  34.116451     7.4372    4.03633     31.730    33.2752    26.0004 -9.990e-29
 254.456921     31.973  34.116875     7.4376    4.04259     31.704    33.2753    26.0004 -9.990e-29
 254.456927     31.961  34.117150     7.4379    4.03584     31.692    33.2753    26.0004 -9.990e-29
 254.456933     31.962  34.117644     7.4383    4.04397     31.693    33.2755    26.0005 -9.990e-29
 254.456939     31.973  34.118454     7.4391    4.03318     31.704    33.2756    26.0004 -9.990e-29
 254.456944     31.989  34.119540     7.4411    4.03283     31.720    33.2748    25.9996 -9.990e-29
 254.456950     32.016  34.121230     7.4449    4.02684     31.746    33.2730    25.9976 -9.990e-29
 254.456956     32.056  34.123534     7.4497    4.02163     31.786    33.2709    25.9953 -9.990e-29
 254.456962     32.098  34.125601     7.4541    4.03442     31.828    33.2689    25.9931 -9.990e-29
 254.456968     32.128  34.126825     7.4562    4.03822     31.857    33.2682    25.9922 -9.990e-29
 254.456973     32.139  34.127156     7.4556    4.04103     31.868    33.2691    25.9930 -9.990e-29
 254.456979     32.136  34.126476     7.4538    4.03085     31.865    33.2701    25.9941 -9.990e-29
 254.456985     32.129  34.125559     7.4527    4.02419     31.858    33.2701    25.9943 -9.990e-29
 254.456991     32.124  34.125426     7.4532    4.03158     31.853    33.2695    25.9937 -9.990e-29
 254.456997     32.121  34.125897     7.4546    4.02763     31.850    33.2687    25.9929 -9.990e-29
 254.457002     32.113  34.126480     7.4557    4.02930     31.843    33.2683    25.9924 -9.990e-29
 254.457008     32.093  34.126831     7.4563    4.02761     31.823    33.2681    25.9921 -9.990e-29
 254.457014     32.069  34.126858     7.4570    4.02476     31.799    33.2675    25.9915 -9.990e-29
 254.457020     32.057  34.127157     7.4584    4.02831     31.787    33.2664    25.9906 -9.990e-29
 254.457025     32.064  34.128130     7.4609    4.02822     31.794    33.2651    25.9891 -9.990e-29
 254.457031     32.092  34.129953     7.4653    4.03571     31.822    33.2628    25.9867 -9.990e-29
 254.457037     32.132  34.133377     7.4709    4.02851     31.861    33.2611    25.9846 -9.990e-29
 254.457043     32.167  34.137362     7.4750    4.01859     31.896    33.2615    25.9843 -9.990e-29
 254.457049     32.182  34.139373     7.4756    4.01457     31.911    33.2631    25.9855 -9.990e-29
 254.457054     32.177  34.138730     7.4735    4.02061     31.906    33.2644    25.9868 -9.990e-29
 254.457060     32.157  34.136817     7.4709    4.01989     31.886    33.2649    25.9876 -9.990e-29
 254.457066     32.119  34.135009     7.4693    4.01357     31.848    33.2645    25.9875 -9.990e-29
 254.457072     32.071  34.133696     7.4692    4.01856     31.801    33.2631    25.9864 -9.990e-29
 254.457078     32.031  34.133368     7.4708    4.01792     31.761    33.2613    25.9848 -9.990e-29
 254.457083     32.017  34.134149     7.4739    4.01476     31.747    33.2592    25.9826 -9.990e-29
 254.457089     32.032  34.135960     7.4774    4.02360     31.762    33.2578    25.9811 -9.990e-29
 254.457095     32.066  34.138416     7.4799    4.02100     31.796    33.2580    25.9809 -9.990e-29
 254.457101     32.103  34.139748     7.4806    4.02305     31.833    33.2587    25.9814 -9.990e-29
 254.457106     32.132  34.139490     7.4801    4.01699     31.861    33.2589    25.9816 -9.990e-29
 254.457112     32.156  34.138978     7.4789    4.01968     31.885    33.2595    25.9822 -9.990e-29
 254.457118     32.180  34.138091     7.4773    4.02024     31.909    33.2601    25.9829 -9.990e-29
 254.457124     32.197  34.136766     7.4769    4.01313     31.926    33.2590    25.9821 -9.990e-29
 254.457130     32.196  34.136599     7.4781    4.01406     31.925    33.2577    25.9809 -9.990e-29
 254.457135     32.176  34.137364     7.4791    4.00136     31.905    33.2576    25.9807 -9.990e-29
 254.457141     32.148  34.137840     7.4793    4.00149     31.877    33.2579    25.9809 -9.990e-29
 254.457147     32.125  34.138101     7.4790    4.00499     31.854    33.2585    25.9814 -9.990e-29
 254.457153     32.104  34.137935     7.4783    3.99905     31.834    33.2590    25.9819 -9.990e-29
 254.457159     32.076  34.137683     7.4781    4.00093     31.806    33.2589    25.9819 -9.990e-29
 254.457164     32.039  34.138130     7.4791    3.99974     31.769    33.2585    25.9814 -9.990e-29
 254.457170     32.003  34.138750     7.4809    3.99269     31.733    33.2574    25.9803 -9.990e-29
 254.457176     31.983  34.139248     7.4826    3.98556     31.714    33.2563    25.9792 -9.990e-29
 254.457182     31.991  34.140289     7.4840    3.98435     31.722    33.2561    25.9788 -9.990e-29
 254.457188     32.028  34.141584     7.4849    3.99427     31.758    33.2566    25.9791 -9.990e-29
 254.457193     32.082  34.142056     7.4848    4.00155     31.812    33.2572    25.9796 -9.990e-29
 254.457199     32.140  34.141773     7.4840    3.99799     31.869    33.2577    25.9801 -9.990e-29
 254.457205     32.189  34.141477     7.4836    4.00269     31.918    33.2577    25.9801 -9.990e-29
 254.457211     32.218  34.141334     7.4841    4.00039     31.947    33.2571    25.9796 -9.990e-29
 254.457216     32.226  34.141151     7.4851    3.99326     31.955    33.2559    25.9785 -9.990e-29
 254.457222     32.218  34.141244     7.4863    3.98450     31.947    33.2548    25.9775 -9.990e-29
 254.457228     32.200  34.141737     7.4873    3.98766     31.929    33.2544    25.9770 -9.990e-29
 254.457234     32.182  34.142167     7.4879    3.99208     31.911    33.2543    25.9769 -9.990e-29
 254.457240     32.169  34.142548     7.4880    3.99862     31.898    33.2546    25.9771 -9.990e-29
