data/oxygen options/OCNMS/OCNMS1/raw_data/2007/CTD_CA065_091007faed.cnv
* Sea-Bird SBE19 Data File:
* FileName = C:\2007_mooring_data\CTD_CA065_091007.hex
* Software Version 1.20
* Temperature SN = 2997
* Conductivity SN = 2997
* System UpLoad Time = Sep 10 2007 15:16:55
* SEACAT PROFILER V3.1c SN 2997   09/10/07  15:16:42.932
* strain gauge pressure sensor: S/N = 184829,  range = 3000 psia,  tc = 40
# nquan = 9                                 
# nvalues = 2087                        
# units = specified
# name 0 = timeJ: Julian Days
# name 1 = prSM: Pressure, Strain Gauge [db]
# name 2 = c0mS/cm: Conductivity [mS/cm]
# name 3 = t090C: Temperature [ITS-90, deg C]
# name 4 = oxML/L: Oxygen, Beckman/YSI [ml/l]
# name 5 = depSM: Depth [salt water, m], lat = 47.5
# name 6 = sal00: Salinity, Practical [PSU]
# name 7 = sigma-é00: Density [sigma-theta, kg/m^3]
# name 8 = flag: flag
# span 0 = 253.603600, 253.615671       
# span 1 =     -5.554,     64.395       
# span 2 =   0.664773,  39.088734       
# span 3 =     7.1471,    17.9309       
# span 4 =   -0.06316,   30.06822       
# span 5 =     -5.508,     63.848       
# span 6 =     0.3789,    33.9180       
# span 7 =    -1.0848,    26.5451       
# span 8 = 0.0000e+00, 0.0000e+00       
# interval = seconds: 0.5
# start_time = Sep 10 2007 14:29:11 [Instrument's time stamp, header]
# bad_flag = -9.990e-29
*END*
[from data line 481]
 253.606383     46.951  34.211972     7.2967    3.17962     46.554    33.5072    26.2027 0.0000e+00
 253.606389     47.605  34.213485     7.2579    3.16634     47.202    33.5462    26.2388 0.0000e+00
 253.606395     48.257  34.218930     7.2238    3.12093     47.849    33.5849    26.2740 0.0000e+00
 253.606400     48.912  34.228803     7.1941    3.05228     48.498    33.6243    26.3091 0.0000e+00
 253.606406     49.575  34.243536     7.1701    2.99729     49.155    33.6634    26.3432 0.0000e+00
 253.606412     50.236  34.262023     7.1556    2.96355     49.811    33.6974    26.3720 0.0000e+00
 253.606418     50.882  34.284993     7.1513    2.92568     50.451    33.7264    26.3954 0.0000e+00
 253.606424     51.510  34.311123     7.1538    2.87603     51.074    33.7522    26.4154 0.0000e+00
 253.606429     52.127  34.335091     7.1602    2.78358     51.685    33.7718    26.4300 0.0000e+00
 253.606435     52.737  34.357480     7.1688    2.70381     52.290    33.7876    26.4412 0.0000e+00
 253.606441     53.349  34.382373     7.1767    2.63117     52.897    33.8067    26.4552 0.0000e+00
 253.606447     53.972  34.408783     7.1789    2.58992     53.515    33.8331    26.4756 0.0000e+00
 253.606453     54.602  34.432707     7.1751    2.56497     54.139    33.8627    26.4994 0.0000e+00
 253.606458     55.230  34.450745     7.1707    2.54295     54.762    33.8864    26.5187 0.0000e+00
 253.606464     55.842  34.461736     7.1685    2.53128     55.368    33.9003    26.5300 0.0000e+00
 253.606470     56.431  34.466884     7.1674    2.53221     55.952    33.9067    26.5352 0.0000e+00
 253.606476     57.000  34.468571     7.1658    2.54385     56.516    33.9098    26.5379 0.0000e+00
 253.606481     57.563  34.469046     7.1636    2.55099     57.075    33.9122    26.5401 0.0000e+00
 253.606487     58.136  34.469503     7.1616    2.55023     57.643    33.9144    26.5421 0.0000e+00
 253.606493     58.720  34.469992     7.1604    2.53095     58.222    33.9158    26.5434 0.0000e+00
 253.606499     59.313  34.470606     7.1600    2.52310     58.810    33.9166    26.5441 0.0000e+00
 253.606505     59.916  34.471602     7.1601    2.53719     59.407    33.9173    26.5446 0.0000e+00
 253.606510     60.515  34.472630     7.1604    2.53999     60.001    33.9179    26.5450 0.0000e+00
 253.606516     61.096  34.473378     7.1608    2.54652     60.577    33.9180    26.5451 0.0000e+00
 253.606522     61.654  34.473722     7.1610    2.53481     61.130    33.9179    26.5450 0.0000e+00
 253.606528     62.176  34.473560     7.1611    2.53470     61.648    33.9174    26.5445 0.0000e+00
 253.606534     62.650  34.473236     7.1611    2.53608     62.118    33.9168    26.5441 0.0000e+00
 253.606539     63.071  34.472879     7.1612    2.54206     62.535    33.9161    26.5435 0.0000e+00
 253.606545     63.436  34.472574     7.1615    2.54025     62.897    33.9153    26.5429 0.0000e+00
 253.606551     63.738  34.472475     7.1623    2.53090     63.196    33.9142    26.5419 0.0000e+00
 253.606557     63.974  34.471329     7.1634    2.52460     63.430    33.9118    26.5399 0.0000e+00
 253.606563     64.148  34.464808     7.1640    2.52453     63.603    33.9040    26.5336 -9.990e-29
 253.606568     64.270  34.449824     7.1641    2.53108     63.724    33.8875    26.5206 -9.990e-29
 253.606574     64.351  34.437217     7.1640    2.52740     63.804    33.8737    26.5098 -9.990e-29
 253.606580     64.393  34.439875     7.1638    2.52915     63.846    33.8768    26.5123 -9.990e-29
 253.606586     64.395  34.451260     7.1641    2.52902     63.848    33.8890    26.5218 -9.990e-29
 253.606591     64.361  34.460781     7.1649    2.52210     63.814    33.8986    26.5293 -9.990e-29
 253.606597     64.288  34.467130     7.1659    2.52400     63.742    33.9046    26.5338 -9.990e-29
 253.606603     64.167  34.471490     7.1665    2.51533     63.622    33.9088    26.5371 -9.990e-29
 253.606609     64.004  34.474636     7.1662    2.51457     63.460    33.9126    26.5401 0.0000e+00
 253.606615     63.815  34.476285     7.1656    2.51008     63.273    33.9151    26.5422 0.0000e+00
 253.606620     63.608  34.476399     7.1652    2.51002     63.067    33.9157    26.5427 0.0000e+00
 253.606626     63.383  34.476254     7.1650    2.50508     62.844    33.9159    26.5429 0.0000e+00
 253.606632     63.134  34.476783     7.1652    2.52307     62.598    33.9164    26.5432 0.0000e+00
 253.606638     62.863  34.477573     7.1653    2.51364     62.329    33.9173    26.5439 0.0000e+00
 253.606644     62.578  34.477440     7.1648    2.51200     62.046    33.9178    26.5444 0.0000e+00
 253.606649     62.283  34.476211     7.1643    2.51173     61.754    33.9171    26.5439 0.0000e+00
 253.606655     61.976  34.475614     7.1646    2.49922     61.450    33.9163    26.5432 0.0000e+00
 253.606661     61.659  34.475977     7.1649    2.50463     61.135    33.9165    26.5433 0.0000e+00
 253.606667     61.341  34.475546     7.1647    2.49612     60.820    33.9164    26.5433 0.0000e+00
 253.606672     61.032  34.474313     7.1641    2.51328     60.514    33.9158    26.5429 0.0000e+00
 253.606678     60.739  34.472879     7.1635    2.51264     60.223    33.9150    26.5423 0.0000e+00
 253.606684     60.465  34.471019     7.1629    2.52138     59.952    33.9137    26.5414 0.0000e+00
 253.606690     60.199  34.469620     7.1629    2.51426     59.688    33.9123    26.5402 0.0000e+00
 253.606696     59.927  34.469620     7.1635    2.49669     59.418    33.9118    26.5398 0.0000e+00
 253.606701     59.633  34.470464     7.1640    2.49715     59.127    33.9124    26.5402 0.0000e+00
 253.606707     59.318  34.471038     7.1639    2.48615     58.814    33.9133    26.5409 0.0000e+00
 253.606713     58.990  34.470991     7.1637    2.49018     58.489    33.9136    26.5411 0.0000e+00
 253.606719     58.659  34.470266     7.1639    2.49415     58.161    33.9127    26.5405 0.0000e+00
 253.606725     58.326  34.469021     7.1641    2.49653     57.831    33.9113    26.5393 0.0000e+00
 253.606730     57.986  34.468402     7.1643    2.49143     57.494    33.9106    26.5387 0.0000e+00
 253.606736     57.639  34.468709     7.1646    2.49816     57.150    33.9108    26.5389 0.0000e+00
 253.606742     57.293  34.468674     7.1647    2.49994     56.807    33.9109    26.5389 0.0000e+00
 253.606748     56.956  34.468256     7.1646    2.51087     56.473    33.9107    26.5387 0.0000e+00
 253.606753     56.633  34.468024     7.1646    2.51450     56.153    33.9106    26.5386 0.0000e+00
 253.606759     56.328  34.467113     7.1646    2.50160     55.850    33.9097    26.5380 0.0000e+00
 253.606765     56.043  34.465434     7.1644    2.50710     55.568    33.9082    26.5368 0.0000e+00
 253.606771     55.773  34.464114     7.1644    2.51279     55.300    33.9069    26.5358 0.0000e+00
 253.606777     55.506  34.463637     7.1647    2.52643     55.035    33.9062    26.5352 0.0000e+00
 253.606782     55.229  34.463931     7.1654    2.54067     54.761    33.9060    26.5349 0.0000e+00
 253.606788     54.936  34.464269     7.1664    2.56345     54.470    33.9055    26.5344 0.0000e+00
 253.606794     54.631  34.463426     7.1680    2.58048     54.168    33.9032    26.5323 0.0000e+00
 253.606800     54.325  34.460841     7.1700    2.60498     53.865    33.8986    26.5284 0.0000e+00
 253.606806     54.027  34.455876     7.1721    2.62854     53.569    33.8912    26.5223 0.0000e+00
 253.606811     53.745  34.449760     7.1746    2.68103     53.290    33.8822    26.5149 0.0000e+00
 253.606817     53.477  34.444987     7.1778    2.73478     53.024    33.8740    26.5080 0.0000e+00
 253.606823     53.216  34.438562     7.1803    2.77379     52.765    33.8646    26.5003 0.0000e+00
 253.606829     52.970  34.428645     7.1797    2.78435     52.521    33.8545    26.4924 0.0000e+00
 253.606834     52.763  34.417147     7.1763    2.77110     52.316    33.8454    26.4857 0.0000e+00
 253.606840     52.607  34.399949     7.1732    2.77560     52.161    33.8297    26.4737 -9.990e-29
 253.606846     52.504  34.380456     7.1728    2.76819     52.059    33.8089    26.4574 -9.990e-29
 253.606852     52.448  34.376384     7.1746    2.77170     52.004    33.8027    26.4523 -9.990e-29
 253.606858     52.419  34.389029     7.1764    2.76954     51.975    33.8148    26.4615 -9.990e-29
 253.606863     52.394  34.399396     7.1771    2.77155     51.950    33.8254    26.4698 -9.990e-29
 253.606869     52.365  34.400578     7.1771    2.78547     51.921    33.8267    26.4708 -9.990e-29
 253.606875     52.341  34.398077     7.1766    2.80613     51.898    33.8245    26.4691 -9.990e-29
 253.606881     52.324  34.392483     7.1752    2.83098     51.881    33.8198    26.4656 -9.990e-29
 253.606887     52.317  34.381942     7.1724    2.85192     51.874    33.8110    26.4591 -9.990e-29
 253.606892     52.319  34.368091     7.1687    2.86240     51.876    33.7995    26.4506 -9.990e-29
 253.606898     52.323  34.354878     7.1651    2.86657     51.880    33.7886    26.4425 -9.990e-29
 253.606904     52.328  34.345417     7.1622    2.86216     51.885    33.7811    26.4370 -9.990e-29
 253.606910     52.339  34.340540     7.1603    2.86536     51.896    33.7776    26.4345 -9.990e-29
 253.606916     52.358  34.338793     7.1597    2.86639     51.914    33.7763    26.4335 -9.990e-29
 253.606921     52.380  34.338408     7.1601    2.86800     51.936    33.7754    26.4328 -9.990e-29
 253.606927     52.398  34.338874     7.1612    2.86135     51.954    33.7749    26.4322 -9.990e-29
 253.606933     52.414  34.339133     7.1618    2.85230     51.970    33.7746    26.4319 -9.990e-29
 253.606939     52.433  34.338973     7.1615    2.86417     51.989    33.7747    26.4320 -9.990e-29
 253.606944     52.451  34.340427     7.1613    2.85537     52.007    33.7764    26.4334 -9.990e-29
 253.606950     52.467  34.343194     7.1615    2.86209     52.022    33.7793    26.4356 -9.990e-29
 253.606956     52.476  34.344804     7.1617    2.85181     52.031    33.7808    26.4368 -9.990e-29
 253.606962     52.471  34.345163     7.1620    2.84394     52.026    33.7809    26.4369 -9.990e-29
 253.606968     52.451  34.345315     7.1619    2.84593     52.007    33.7812    26.4371 -9.990e-29
 253.606973     52.423  34.344903     7.1614    2.84389     51.979    33.7812    26.4372 -9.990e-29
 253.606979     52.395  34.343943     7.1606    2.84796     51.951    33.7810    26.4371 -9.990e-29
 253.606985     52.373  34.343399     7.1600    2.85680     51.929    33.7810    26.4372 -9.990e-29
 253.606991     52.359  34.342548     7.1598    2.86696     51.915    33.7803    26.4367 -9.990e-29
 253.606997     52.354  34.340821     7.1599    2.87036     51.910    33.7783    26.4351 -9.990e-29
 253.607002     52.352  34.339840     7.1601    2.88497     51.908    33.7770    26.4341 -9.990e-29
 253.607008     52.350  34.339978     7.1602    2.86574     51.907    33.7771    26.4341 -9.990e-29
 253.607014     52.351  34.340303     7.1600    2.86657     51.907    33.7776    26.4346 -9.990e-29
 253.607020     52.359  34.340129     7.1601    2.84713     51.915    33.7773    26.4343 -9.990e-29
 253.607025     52.375  34.339787     7.1604    2.85638     51.931    33.7767    26.4337 -9.990e-29
 253.607031     52.396  34.340506     7.1609    2.85795     51.952    33.7769    26.4339 -9.990e-29
 253.607037     52.410  34.342125     7.1614    2.85551     51.966    33.7782    26.4348 -9.990e-29
 253.607043     52.410  34.342884     7.1616    2.85956     51.966    33.7788    26.4353 -9.990e-29
 253.607049     52.404  34.342119     7.1615    2.86261     51.960    33.7781    26.4347 -9.990e-29
 253.607054     52.405  34.341052     7.1615    2.86871     51.961    33.7769    26.4338 -9.990e-29
 253.607060     52.417  34.340507     7.1621    2.86797     51.973    33.7758    26.4328 -9.990e-29
 253.607066     52.441  34.340880     7.1633    2.86653     51.997    33.7750    26.4320 -9.990e-29
 253.607072     52.469  34.343233     7.1645    2.86339     52.024    33.7764    26.4329 -9.990e-29
 253.607078     52.491  34.346782     7.1655    2.86269     52.046    33.7792    26.4351 -9.990e-29
 253.607083     52.507  34.348978     7.1662    2.86357     52.062    33.7810    26.4363 -9.990e-29
 253.607089     52.525  34.349390     7.1664    2.86350     52.080    33.7812    26.4365 -9.990e-29
 253.607095     52.539  34.348572     7.1662    2.86336     52.094    33.7805    26.4360 -9.990e-29
 253.607101     52.543  34.346555     7.1654    2.86320     52.098    33.7791    26.4349 -9.990e-29
 253.607106     52.532  34.344011     7.1642    2.85475     52.087    33.7775    26.4339 -9.990e-29
 253.607112     52.511  34.342024     7.1634    2.85273     52.066    33.7761    26.4329 -9.990e-29
 253.607118     52.486  34.341294     7.1629    2.85270     52.041    33.7758    26.4327 -9.990e-29
 253.607124     52.464  34.341396     7.1624    2.85402     52.020    33.7764    26.4333 -9.990e-29
 253.607130     52.452  34.340772     7.1620    2.85878     52.008    33.7761    26.4331 -9.990e-29
 253.607135     52.455  34.339141     7.1615    2.86694     52.011    33.7748    26.4321 -9.990e-29
 253.607141     52.467  34.338237     7.1613    2.86893     52.022    33.7740    26.4315 -9.990e-29
 253.607147     52.482  34.339083     7.1618    2.87783     52.037    33.7745    26.4318 -9.990e-29
 253.607153     52.495  34.341675     7.1629    2.86062     52.050    33.7762    26.4330 -9.990e-29
 253.607159     52.507  34.344975     7.1642    2.86138     52.062    33.7785    26.4347 -9.990e-29
 253.607164     52.520  34.347207     7.1652    2.85201     52.075    33.7800    26.4357 -9.990e-29
 253.607170     52.534  34.347974     7.1656    2.85004     52.089    33.7804    26.4360 -9.990e-29
 253.607176     52.551  34.348289     7.1656    2.84778     52.106    33.7808    26.4363 -9.990e-29
 253.607182     52.570  34.349120     7.1658    2.84388     52.125    33.7815    26.4368 -9.990e-29
 253.607188     52.589  34.350443     7.1664    2.83942     52.143    33.7823    26.4374 -9.990e-29
 253.607193     52.601  34.351766     7.1671    2.84775     52.155    33.7831    26.4379 -9.990e-29
 253.607199     52.603  34.352603     7.1677    2.84546     52.157    33.7834    26.4380 -9.990e-29
 253.607205     52.593  34.352377     7.1677    2.85457     52.147    33.7832    26.4378 -9.990e-29
 253.607211     52.573  34.351335     7.1673    2.85776     52.128    33.7824    26.4373 -9.990e-29
 253.607216     52.548  34.350316     7.1668    2.86467     52.103    33.7818    26.4369 -9.990e-29
 253.607222     52.535  34.349071     7.1665    2.86938     52.090    33.7807    26.4361 -9.990e-29
 253.607228     52.537  34.347611     7.1662    2.86554     52.092    33.7794    26.4351 -9.990e-29
 253.607234     52.545  34.346778     7.1660    2.86342     52.100    33.7787    26.4346 -9.990e-29
 253.607240     52.552  34.346570     7.1659    2.85907     52.107    33.7786    26.4345 -9.990e-29
 253.607245     52.553  34.346698     7.1658    2.85972     52.108    33.7788    26.4347 -9.990e-29
 253.607251     52.553  34.346758     7.1656    2.85976     52.108    33.7791    26.4349 -9.990e-29
 253.607257     52.557  34.346259     7.1653    2.86866     52.112    33.7788    26.4348 -9.990e-29
 253.607263     52.559  34.345644     7.1652    2.86151     52.114    33.7783    26.4343 -9.990e-29
 253.607269     52.557  34.345762     7.1651    2.85961     52.112    33.7785    26.4345 -9.990e-29
 253.607274     52.554  34.346197     7.1646    2.85768     52.109    33.7795    26.4354 -9.990e-29
 253.607280     52.555  34.345837     7.1640    2.84742     52.110    33.7797    26.4356 -9.990e-29
 253.607286     52.562  34.344193     7.1638    2.86670     52.117    33.7780    26.4344 -9.990e-29
 253.607292     52.587  34.342421     7.1637    2.86154     52.141    33.7762    26.4329 -9.990e-29
 253.607297     52.626  34.342070     7.1635    2.86212     52.180    33.7760    26.4328 -9.990e-29
