data/oxygen options/OCNMS/OCNMS1/raw_data/2007/CTD_CA042_101307faed.cnv
* Sea-Bird SBE19 Data File:
* FileName = C:\2007_mooring_data\retrieval_101207\CTD_CA042_101307.hex
* Software Version 1.20
* Temperature SN = 2997
* Conductivity SN = 2997
* System UpLoad Time = Oct 13 2007 11:30:37
* SEACAT PROFILER V3.1c SN 2997   10/13/07  11:30:05.488
* strain gauge pressure sensor: S/N = 184829,  range = 3000 psia,  tc = 40
# nquan = 9                                 
# nvalues = 632                         
# units = specified
# name 0 = timeJ: Julian Days
# name 1 = prSM: Pressure, Strain Gauge [db]
# name 2 = c0mS/cm: Conductivity [mS/cm]
# name 3 = t090C: Temperature [ITS-90, deg C]
# name 4 = oxML/L: Oxygen, Beckman/YSI [ml/l]
# name 5 = depSM: Depth [salt water, m], lat = 47.5
# name 6 = sal00: Salinity, Practical [PSU]
# name 7 = sigma-é00: Density [sigma-theta, kg/m^3]
# name 8 = flag: flag
# span 0 = 286.388056, 286.391707       
# span 1 =     -4.372,     41.989       
# span 2 =   0.815817,  36.642449       
# span 3 =    10.3480,    12.3863       
# span 4 =   -0.07666,   34.10596       
# span 5 =     -4.336,     41.634       
# span 6 =     0.5607,    32.4069       
# span 7 =     0.0769,    24.8701       
# span 8 = 0.0000e+00, 0.0000e+00       
# interval = seconds: 0.5
# start_time = Oct 13 2007 09:18:48 [Instrument's time stamp, header]
# bad_flag = -9.990e-29
*END*
 286.388056     -4.370 -9.990e-29    10.6314   -0.07641     -4.334 -9.990e-29 -9.990e-29 -9.990e-29
 286.388061     -4.371   1.412927    10.6374   -0.07639     -4.335     0.9970     0.4250 -9.990e-29
 286.388067     -4.372   1.367976    10.6446   -0.07638     -4.336     0.9635     0.3981 -9.990e-29
 286.388073     -4.369   1.308216    10.6530   -0.07635     -4.333     0.9192     0.3626 -9.990e-29
 286.388079     -4.353   1.249956    10.6619   -0.07634     -4.317     0.8762     0.3280 -9.990e-29
 286.388084     -4.324   1.203766    10.6708   -0.07632     -4.288     0.8421     0.3004 -9.990e-29
 286.388090     -4.292   1.166934    10.6800   -0.07631     -4.256     0.8149     0.2783 -9.990e-29
 286.388096     -4.268   1.132515    10.6907   -0.07628     -4.232     0.7896     0.2573 -9.990e-29
 286.388102     -4.251   1.097273    10.7036   -0.07626     -4.216     0.7636     0.2357 -9.990e-29
 286.388108     -4.235   1.061345    10.7177   -0.07625     -4.200     0.7372     0.2137 -9.990e-29
 286.388113     -4.223   1.028973    10.7305   -0.07625     -4.188     0.7135     0.1938 -9.990e-29
 286.388119     -4.219   1.003596    10.7416   -0.07627     -4.184     0.6949     0.1782 -9.990e-29
 286.388125     -4.219   0.984107    10.7529   -0.07632     -4.184     0.6806     0.1658 -9.990e-29
 286.388131     -4.214   0.966711    10.7646   -0.07638     -4.179     0.6678     0.1547 -9.990e-29
 286.388137     -4.199   0.948184    10.7759   -0.07644     -4.164     0.6543     0.1429 -9.990e-29
 286.388142     -4.177   0.928788    10.7869   -0.07651     -4.142     0.6401     0.1307 -9.990e-29
 286.388148     -4.157   0.909841    10.7977   -0.07657     -4.122     0.6263     0.1188 -9.990e-29
 286.388154     -4.136   0.892153    10.8069   -0.07660     -4.102     0.6135     0.1079 -9.990e-29
 286.388160     -4.109   0.878212    10.8122   -0.07662     -4.075     0.6034     0.0994 -9.990e-29
 286.388166     -4.078   0.867179    10.8118   -0.07663     -4.044     0.5955     0.0933 -9.990e-29
 286.388171     -4.046   0.855438    10.8034   -0.07663     -4.012     0.5872     0.0876 -9.990e-29
 286.388177     -4.015   0.843422    10.7859   -0.07666     -3.982     0.5789     0.0829 -9.990e-29
 286.388183     -3.988   0.832857    10.7625   -0.06319     -3.955     0.5717     0.0796 -9.990e-29
 286.388189     -3.958   0.824078    10.7367   -0.06176     -3.925     0.5658     0.0775 -9.990e-29
 286.388194     -3.919   0.817586    10.7100   -0.06137     -3.886     0.5616     0.0769 -9.990e-29
 286.388200     -3.872   0.815817    10.6865   -0.06132     -3.840     0.5607     0.0785 -9.990e-29
 286.388206     -3.825   0.824733    10.6713   -0.06135     -3.793     0.5673     0.0851 -9.990e-29
 286.388212     -3.777   0.856776    10.6661   -0.06135     -3.746     0.5904     0.1037 -9.990e-29
 286.388218     -3.726   0.949678    10.6736   -0.06135     -3.695     0.6572     0.1553 -9.990e-29
 286.388223     -3.669   1.223982    10.7103   -0.06135     -3.638     0.8560     0.3074 -9.990e-29
 286.388229     -3.606   2.052082    10.8372   -0.06138     -3.576     1.4682     0.7731 -9.990e-29
 286.388235     -3.541   4.533118    11.1610   -0.06138     -3.511     3.3710     2.2204 -9.990e-29
 286.388241     -3.471  11.935758    11.6239   -0.06137     -3.442     9.4066     6.8411 -9.990e-29
 286.388247     -3.383  23.029957    11.9797   -0.06134     -3.355    19.0366    14.2299 -9.990e-29
 286.388252     -3.271  30.436047    12.1416   -0.06135     -3.244    25.7497    19.3925 -9.990e-29
 286.388258     -3.141  32.903658    12.1974   -0.06134     -3.115    28.0247    21.1432 -9.990e-29
 286.388264     -3.002  33.710696    12.2135   -0.06132     -2.977    28.7744    21.7207 -9.990e-29
 286.388270     -2.865  33.970798    12.2189   -0.06132     -2.841    29.0162    21.9071 -9.990e-29
 286.388275     -2.745  34.059374    12.2227   -0.06134     -2.722    29.0971    21.9690 -9.990e-29
 286.388281     -2.641  34.085021    12.2252   -0.06135     -2.619    29.1194    21.9858 -9.990e-29
 286.388287     -2.548  34.073553    12.2267   -0.06137     -2.527    29.1073    21.9762 -9.990e-29
 286.388293     -2.463  34.050054    12.2297   -0.06135     -2.442    29.0827    21.9566 -9.990e-29
 286.388299     -2.390  34.043181    12.2356   -0.06133     -2.370    29.0716    21.9469 -9.990e-29
 286.388304     -2.328  34.057246    12.2417   -0.06134     -2.309    29.0802    21.9524 -9.990e-29
 286.388310     -2.273  34.068997    12.2441   -0.06132     -2.254    29.0894    21.9592 -9.990e-29
 286.388316     -2.223  34.067791    12.2420   -0.06133     -2.204    29.0899    21.9599 -9.990e-29
 286.388322     -2.177  34.076703    12.2376   -0.06133     -2.159    29.1017    21.9699 -9.990e-29
 286.388328     -2.143  34.102039    12.2327   -0.06133     -2.125    29.1295    21.9923 -9.990e-29
 286.388333     -2.116  34.116522    12.2285   -0.06134     -2.098    29.1464    22.0062 -9.990e-29
 286.388339     -2.088  34.110905    12.2264   -0.06134     -2.071    29.1427    22.0037 -9.990e-29
 286.388345     -2.057  34.100701    12.2278   -0.06133     -2.040    29.1320    21.9951 -9.990e-29
 286.388351     -2.028  34.101473    12.2330   -0.06135     -2.011    29.1287    21.9916 -9.990e-29
 286.388356     -2.006  34.113714    12.2412   -0.06135     -1.989    29.1339    21.9941 -9.990e-29
 286.388362     -1.987  34.116784    12.2478   -0.06135     -1.970    29.1316    21.9912 -9.990e-29
 286.388368     -1.971  34.104715    12.2478   -0.06133     -1.955    29.1202    21.9824 -9.990e-29
 286.388374     -1.957  34.094507    12.2425   -0.06133     -1.941    29.1147    21.9790 -9.990e-29
 286.388380     -1.944  34.095552    12.2370   -0.06134     -1.928    29.1199    21.9841 -9.990e-29
 286.388385     -1.932  34.107590    12.2340   -0.06135     -1.916    29.1336    21.9953 -9.990e-29
 286.388391     -1.918  34.120355    12.2335   -0.06136     -1.902    29.1461    22.0050 -9.990e-29
 286.388397     -1.904  34.124554    12.2346   -0.06135     -1.888    29.1492    22.0072 -9.990e-29
 286.388403     -1.887  34.121326    12.2352   -0.06134     -1.871    29.1457    22.0044 -9.990e-29
 286.388409     -1.866  34.109196    12.2336   -0.06134     -1.850    29.1355    21.9967 -9.990e-29
 286.388414     -1.845  34.093872    12.2317   -0.06136     -1.830    29.1224    21.9870 -9.990e-29
 286.388420     -1.826  34.091374    12.2314   -0.06137     -1.811    29.1203    21.9854 -9.990e-29
 286.388426     -1.809  34.105683    12.2315   -0.06137     -1.794    29.1337    21.9958 -9.990e-29
 286.388432     -1.792  34.125080    12.2308   -0.06137     -1.777    29.1526    22.0106 -9.990e-29
 286.388438     -1.770  34.132301    12.2294   -0.06137     -1.755    29.1606    22.0169 -9.990e-29
 286.388443     -1.741  34.125234    12.2282   -0.06135     -1.726    29.1548    22.0127 -9.990e-29
 286.388449     -1.712  34.116336    12.2280   -0.06135     -1.698    29.1465    22.0063 -9.990e-29
 286.388455     -1.686  34.112823    12.2279   -0.06136     -1.672    29.1432    22.0038 -9.990e-29
 286.388461     -1.661  34.117323    12.2268   -0.06137     -1.647    29.1484    22.0080 -9.990e-29
 286.388466     -1.635  34.122970    12.2246   -0.06137     -1.621    29.1554    22.0138 -9.990e-29
 286.388472     -1.611  34.117707    12.2225   -0.06137     -1.598    29.1520    22.0116 -9.990e-29
 286.388478     -1.591  34.105190    12.2214   -0.06135     -1.578    29.1410    22.0033 -9.990e-29
 286.388484     -1.571  34.096774    12.2212   -0.06136     -1.558    29.1332    21.9973 -9.990e-29
 286.388490     -1.545  34.091910    12.2215   -0.06137     -1.532    29.1284    21.9935 -9.990e-29
 286.388495     -1.514  34.090303    12.2222   -0.06137     -1.501    29.1263    21.9917 -9.990e-29
 286.388501     -1.486  34.098240    12.2229   -0.06136     -1.474    29.1333    21.9970 -9.990e-29
 286.388507     -1.464  34.109519    12.2233   -0.06137     -1.452    29.1436    22.0049 -9.990e-29
 286.388513     -1.446  34.109504    12.2232   -0.06137     -1.434    29.1437    22.0050 -9.990e-29
 286.388519     -1.431  34.098199    12.2230   -0.06137     -1.419    29.1331    21.9969 -9.990e-29
 286.388524     -1.417  34.088579    12.2233   -0.06138     -1.405    29.1238    21.9896 -9.990e-29
 286.388530     -1.404  34.088015    12.2238   -0.06138     -1.392    29.1228    21.9888 -9.990e-29
 286.388536     -1.391  34.095221    12.2240   -0.06138     -1.379    29.1295    21.9939 -9.990e-29
 286.388542     -1.378  34.101338    12.2239   -0.06138     -1.367    29.1354    21.9985 -9.990e-29
 286.388547     -1.364  34.098297    12.2237   -0.06138     -1.353    29.1326    21.9964 -9.990e-29
 286.388553     -1.347  34.092716    12.2236   -0.06138     -1.336    29.1274    21.9924 -9.990e-29
 286.388559     -1.326  34.092869    12.2235   -0.06138     -1.315    29.1276    21.9925 -9.990e-29
 286.388565     -1.300  34.093944    12.2231   -0.06136     -1.289    29.1290    21.9936 -9.990e-29
 286.388571     -1.273  34.089554    12.2219   -0.06135     -1.262    29.1257    21.9913 -9.990e-29
 286.388576     -1.245  34.084519    12.2206   -0.06137     -1.235    29.1220    21.9887 -9.990e-29
 286.388582     -1.216  34.082798    12.2196   -0.06137     -1.206    29.1211    21.9882 -9.990e-29
 286.388588     -1.189  34.079320    12.2189   -0.06137     -1.179    29.1183    21.9862 -9.990e-29
 286.388594     -1.165  34.074518    12.2188   -0.06136     -1.155    29.1139    21.9827 -9.990e-29
 286.388600     -1.142  34.073781    12.2193   -0.06136     -1.132    29.1128    21.9818 -9.990e-29
 286.388605     -1.121  34.076151    12.2201   -0.06137     -1.112    29.1144    21.9829 -9.990e-29
 286.388611     -1.103  34.077530    12.2205   -0.06137     -1.094    29.1154    21.9836 -9.990e-29
 286.388617     -1.091  34.079221    12.2206   -0.06137     -1.082    29.1169    21.9847 -9.990e-29
 286.388623     -1.081  34.088550    12.2204   -0.06137     -1.072    29.1259    21.9917 -9.990e-29
 286.388628     -1.068  34.105653    12.2199   -0.06136     -1.059    29.1425    22.0047 -9.990e-29
 286.388634     -1.050  34.115253    12.2194   -0.06136     -1.041    29.1519    22.0121 -9.990e-29
 286.388640     -1.028  34.111684    12.2192   -0.06136     -1.019    29.1487    22.0096 -9.990e-29
 286.388646     -1.003  34.110387    12.2191   -0.06137     -0.995    29.1475    22.0088 -9.990e-29
 286.388652     -0.982  34.119743    12.2187   -0.06137     -0.974    29.1567    22.0159 -9.990e-29
 286.388657     -0.969  34.131519    12.2182   -0.06137     -0.961    29.1682    22.0249 -9.990e-29
 286.388663     -0.959  34.133981    12.2180   -0.06137     -0.951    29.1707    22.0269 -9.990e-29
 286.388669     -0.946  34.125956    12.2177   -0.06136     -0.938    29.1633    22.0213 -9.990e-29
 286.388675     -0.930  34.117504    12.2175   -0.06136     -0.922    29.1555    22.0152 -9.990e-29
 286.388681     -0.909  34.115875    12.2175   -0.06135     -0.901    29.1539    22.0140 -9.990e-29
 286.388686     -0.887  34.121725    12.2176   -0.06135     -0.880    29.1594    22.0182 -9.990e-29
 286.388692     -0.867  34.131110    12.2179   -0.06136     -0.860    29.1680    22.0249 -9.990e-29
 286.388698     -0.847  34.135275    12.2182   -0.06136     -0.840    29.1717    22.0277 -9.990e-29
 286.388704     -0.825  34.130273    12.2181   -0.06135     -0.818    29.1671    22.0241 -9.990e-29
 286.388709     -0.806  34.122348    12.2180   -0.06134     -0.799    29.1596    22.0183 -9.990e-29
 286.388715     -0.792  34.117210    12.2183   -0.06134     -0.785    29.1545    22.0143 -9.990e-29
 286.388721     -0.781  34.115879    12.2194    6.64124     -0.774    29.1524    22.0125 -9.990e-29
 286.388727     -0.774  34.119410    12.2214   28.61843     -0.768    29.1542    22.0135 -9.990e-29
 286.388733     -0.766  34.127492    12.2244   34.10596     -0.760    29.1595    22.0171 -9.990e-29
 286.388738     -0.751  34.134678    12.2271   32.91504     -0.745    29.1642    22.0202 -9.990e-29
 286.388744     -0.729  34.134324    12.2279   25.52948     -0.723    29.1633    22.0193 -9.990e-29
 286.388750     -0.703  34.127665    12.2270   15.94318     -0.697    29.1576    22.0151 -9.990e-29
 286.388756     -0.680  34.123219    12.2261   15.61226     -0.674    29.1541    22.0126 -9.990e-29
 286.388762     -0.662  34.127413    12.2257   15.62768     -0.656    29.1584    22.0160 -9.990e-29
 286.388767     -0.649  34.140262    12.2252   14.54002     -0.644    29.1709    22.0258 -9.990e-29
 286.388773     -0.635  34.154826    12.2244    8.23243     -0.630    29.1854    22.0371 -9.990e-29
 286.388779     -0.615  34.164578    12.2237    4.31461     -0.610    29.1951    22.0448 -9.990e-29
 286.388785     -0.591  34.170206    12.2235    2.77338     -0.586    29.2006    22.0491 -9.990e-29
 286.388791     -0.572  34.173995    12.2245    3.53819     -0.567    29.2034    22.0511 -9.990e-29
 286.388796     -0.561  34.176519    12.2258    6.12212     -0.556    29.2048    22.0519 -9.990e-29
 286.388802     -0.551  34.178159    12.2259    7.08283     -0.546    29.2063    22.0530 -9.990e-29
 286.388808     -0.539  34.178861    12.2245    7.46414     -0.535    29.2080    22.0546 -9.990e-29
 286.388814     -0.523  34.178441    12.2228    7.70217     -0.519    29.2089    22.0556 -9.990e-29
 286.388819     -0.507  34.177463    12.2221    7.82988     -0.503    29.2085    22.0555 -9.990e-29
 286.388825     -0.494  34.176863    12.2222    7.90468     -0.490    29.2079    22.0549 -9.990e-29
 286.388831     -0.484  34.176965    12.2226    7.94652     -0.480    29.2077    22.0547 -9.990e-29
 286.388837     -0.475  34.177345    12.2232    7.97148     -0.471    29.2076    22.0545 -9.990e-29
 286.388843     -0.467  34.177953    12.2244    7.99371     -0.463    29.2072    22.0540 -9.990e-29
 286.388848     -0.459  34.179038    12.2261    8.00766     -0.455    29.2069    22.0535 -9.990e-29
 286.388854     -0.452  34.180369    12.2281    8.01965     -0.448    29.2066    22.0529 -9.990e-29
 286.388860     -0.444  34.182040    12.2301    8.01590     -0.440    29.2066    22.0525 -9.990e-29
 286.388866     -0.435  34.183478    12.2311    8.01673     -0.431    29.2072    22.0528 -9.990e-29
 286.388872     -0.424  34.183240    12.2307    8.01757     -0.420    29.2073    22.0529 -9.990e-29
 286.388877     -0.411  34.182692    12.2300    8.01504     -0.408    29.2073    22.0531 -9.990e-29
 286.388883     -0.400  34.183346    12.2300    8.01146     -0.397    29.2079    22.0535 -9.990e-29
 286.388889     -0.393  34.184393    12.2306    8.01165     -0.390    29.2084    22.0538 -9.990e-29
 286.388895     -0.386  34.184988    12.2309    8.01036     -0.383    29.2088    22.0540 -9.990e-29
 286.388900     -0.375  34.184805    12.2307    8.00892     -0.372    29.2087    22.0541 -9.990e-29
 286.388906     -0.363  34.184724    12.2301    8.00247     -0.360    29.2091    22.0545 -9.990e-29
 286.388912     -0.353  34.184636    12.2294    8.00561     -0.350    29.2096    22.0550 -9.990e-29
 286.388918     -0.345  34.183865    12.2287    8.01473     -0.342    29.2094    22.0549 -9.990e-29
 286.388924     -0.338  34.183066    12.2284    8.01727     -0.335    29.2089    22.0546 -9.990e-29
 286.388929     -0.332  34.182856    12.2287    8.00831     -0.329    29.2084    22.0542 -9.990e-29
 286.388935     -0.327  34.182957    12.2292    7.99858     -0.324    29.2081    22.0539 -9.990e-29
 286.388941     -0.322  34.182942    12.2294    7.99177     -0.319    29.2080    22.0537 -9.990e-29
 286.388947     -0.317  34.183355    12.2295    7.98947     -0.314    29.2083    22.0539 -9.990e-29
 286.388953     -0.311  34.184186    12.2299    7.99065     -0.308    29.2088    22.0542 -9.990e-29
 286.388958     -0.305  34.184865    12.2306    7.99371     -0.302    29.2089    22.0542 -9.990e-29
 286.388964     -0.297  34.185176    12.2310    7.99815     -0.295    29.2088    22.0541 -9.990e-29
 286.388970     -0.288  34.184975    12.2310    7.99382     -0.286    29.2086    22.0539 -9.990e-29
 286.388976     -0.276  34.184555    12.2304    7.99568     -0.274    29.2087    22.0541 -9.990e-29
