data/oxygen options/OCNMS/OCNMS1/raw_data/2007/CTD_KL027_060607faed.cnv
* Sea-Bird SBE19 Data File:
* FileName = C:\2007_mooring_data\CTD_KL027_060607.hex
* Software Version 1.1.6
* Temperature SN = 2997
* Conductivity SN = 2997
* System UpLoad Time = Jun 06 2007 16:15:53
* SEACAT PROFILER V3.1c SN 2997   06/06/07  16:15:16.037
* strain gauge pressure sensor: S/N = 184829,  range = 3000 psia,  tc = 40
# nquan = 9                                 
# nvalues = 1817                        
# units = specified
# name 0 = timeJ: Julian Days
# name 1 = prSM: Pressure, Strain Gauge [db]
# name 2 = c0mS/cm: Conductivity [mS/cm]
# name 3 = t090C: Temperature [ITS-90, deg C]
# name 4 = oxML/L: Oxygen, Beckman/YSI [ml/l]
# name 5 = depSM: Depth [salt water, m], lat = 47.5
# name 6 = sal00: Salinity, Practical [PSU]
# name 7 = sigma-é00: Density [sigma-theta, kg/m^3]
# name 8 = flag: flag
# span 0 = 157.665961, 157.676470       
# span 1 =     -5.599,     26.437       
# span 2 =   0.193469,  36.419900       
# span 3 =     7.3872,    11.1617       
# span 4 =  -13.93032,   36.00971       
# span 5 =     -5.552,     26.215       
# span 6 =     0.1274,    33.5552       
# span 7 =    -0.2592,    26.2248       
# span 8 = 0.0000e+00, 0.0000e+00       
# interval = seconds: 0.5
# start_time = Jun 06 2007 15:58:59 [Instrument's time stamp, header]
# bad_flag = -9.990e-29
*END*
[from data line 1121]
 157.672448     14.393  35.097245     8.5362    5.73162     14.272    33.2852    25.8474 -9.990e-29
 157.672454     14.406  35.101058     8.5390    5.71122     14.285    33.2866    25.8481 -9.990e-29
 157.672459     14.429  35.103112     8.5396    5.68573     14.308    33.2882    25.8492 -9.990e-29
 157.672465     14.465  35.101655     8.5368    5.67185     14.344    33.2893    25.8505 -9.990e-29
 157.672471     14.508  35.093620     8.5287    5.66993     14.386    33.2884    25.8511 -9.990e-29
 157.672477     14.543  35.079501     8.5185    5.68515     14.421    33.2831    25.8485 -9.990e-29
 157.672483     14.563  35.067373     8.5141    5.69978     14.441    33.2745    25.8424 -9.990e-29
 157.672488     14.566  35.065725     8.5181    5.70981     14.444    33.2690    25.8375 -9.990e-29
 157.672494     14.551  35.074032     8.5253    5.72184     14.429    33.2710    25.8379 -9.990e-29
 157.672500     14.532  35.084305     8.5283    5.72508     14.410    33.2790    25.8437 -9.990e-29
 157.672506     14.518  35.088377     8.5248    5.71917     14.396    33.2866    25.8502 -9.990e-29
 157.672512     14.519  35.087192     8.5203    5.70866     14.397    33.2896    25.8533 -9.990e-29
 157.672517     14.534  35.088133     8.5192    5.70045     14.412    33.2916    25.8550 -9.990e-29
 157.672523     14.555  35.090769     8.5185    5.69247     14.433    33.2950    25.8578 -9.990e-29
 157.672529     14.575  35.089638     8.5165    5.68205     14.453    33.2957    25.8586 -9.990e-29
 157.672535     14.588  35.086029     8.5141    5.65701     14.466    33.2942    25.8578 -9.990e-29
 157.672541     14.593  35.083533     8.5113    5.64656     14.471    33.2942    25.8582 -9.990e-29
 157.672546     14.599  35.081622     8.5080    5.64575     14.477    33.2953    25.8596 -9.990e-29
 157.672552     14.612  35.078864     8.5026    5.64959     14.490    33.2974    25.8621 -9.990e-29
 157.672558     14.628  35.073256     8.4955    5.64379     14.505    33.2982    25.8638 -9.990e-29
 157.672564     14.639  35.065725     8.4916    5.63915     14.516    33.2940    25.8611 -9.990e-29
 157.672569     14.638  35.063041     8.4933    5.64089     14.515    33.2895    25.8573 -9.990e-29
 157.672575     14.624  35.066661     8.4974    5.64116     14.501    33.2895    25.8567 -9.990e-29
 157.672581     14.613  35.070758     8.5001    5.63159     14.491    33.2913    25.8577 -9.990e-29
 157.672587     14.619  35.071821     8.4991    5.60800     14.496    33.2933    25.8594 -9.990e-29
 157.672593     14.636  35.069582     8.4935    5.58679     14.513    33.2962    25.8626 -9.990e-29
 157.672598     14.662  35.064415     8.4856    5.59021     14.539    33.2982    25.8653 -9.990e-29
 157.672604     14.694  35.058397     8.4794    5.59538     14.571    33.2977    25.8659 -9.990e-29
 157.672610     14.721  35.054707     8.4760    5.60889     14.598    33.2970    25.8658 -9.990e-29
 157.672616     14.737  35.054024     8.4747    5.60145     14.613    33.2975    25.8664 -9.990e-29
 157.672622     14.741  35.054872     8.4750    5.59961     14.617    33.2981    25.8669 -9.990e-29
 157.672627     14.736  35.056131     8.4760    5.60207     14.612    33.2985    25.8670 -9.990e-29
 157.672633     14.724  35.057234     8.4769    5.60596     14.601    33.2988    25.8671 -9.990e-29
 157.672639     14.709  35.057967     8.4780    5.61515     14.586    33.2986    25.8668 -9.990e-29
 157.672645     14.691  35.058740     8.4796    5.61537     14.568    33.2979    25.8660 -9.990e-29
 157.672650     14.672  35.059460     8.4803    5.60231     14.549    33.2980    25.8660 -9.990e-29
 157.672656     14.659  35.059400     8.4789    5.59560     14.536    33.2993    25.8672 -9.990e-29
 157.672662     14.657  35.058475     8.4763    5.58764     14.534    33.3008    25.8687 -9.990e-29
 157.672668     14.664  35.057131     8.4741    5.56388     14.541    33.3014    25.8696 -9.990e-29
 157.672674     14.678  35.055811     8.4727    5.55744     14.555    33.3013    25.8697 -9.990e-29
 157.672679     14.694  35.054433     8.4720    5.54794     14.571    33.3005    25.8692 -9.990e-29
 157.672685     14.719  35.052836     8.4710    5.54725     14.596    33.2998    25.8688 -9.990e-29
 157.672691     14.753  35.051128     8.4686    5.55168     14.629    33.3002    25.8695 -9.990e-29
 157.672697     14.786  35.048709     8.4647    5.54752     14.662    33.3013    25.8709 -9.990e-29
 157.672703     14.808  35.044027     8.4612    5.55193     14.684    33.2997    25.8702 -9.990e-29
 157.672708     14.810  35.038124     8.4604    5.56554     14.686    33.2942    25.8660 -9.990e-29
 157.672714     14.789  35.036574     8.4633    5.58541     14.665    33.2899    25.8621 -9.990e-29
 157.672720     14.749  35.041789     8.4691    5.58983     14.625    33.2899    25.8613 -9.990e-29
 157.672726     14.698  35.048946     8.4743    5.59395     14.575    33.2926    25.8626 -9.990e-29
 157.672731     14.651  35.053571     8.4762    5.57966     14.528    33.2957    25.8647 -9.990e-29
 157.672737     14.614  35.055102     8.4750    5.57378     14.492    33.2984    25.8671 -9.990e-29
 157.672743     14.589  35.054455     8.4724    5.56288     14.467    33.3002    25.8689 -9.990e-29
 157.672749     14.582  35.053005     8.4692    5.53620     14.460    33.3017    25.8706 -9.990e-29
 157.672755     14.597  35.051057     8.4653    5.52535     14.475    33.3033    25.8724 -9.990e-29
 157.672760     14.632  35.048249     8.4601    5.52505     14.509    33.3053    25.8747 -9.990e-29
 157.672766     14.670  35.043636     8.4543    5.54901     14.547    33.3059    25.8761 -9.990e-29
 157.672772     14.689  35.033303     8.4527    5.57462     14.566    33.2965    25.8689 -9.990e-29
 157.672778     14.674  35.025327     8.4582    5.58735     14.551    33.2829    25.8574 -9.990e-29
 157.672784     14.626  35.032051     8.4673    5.60212     14.503    33.2814    25.8549 -9.990e-29
 157.672789     14.570  35.043935     8.4754    5.60496     14.448    33.2863    25.8575 -9.990e-29
 157.672795     14.527  35.051598     8.4800    5.62497     14.405    33.2901    25.8598 -9.990e-29
 157.672801     14.502  35.056285     8.4805    5.62368     14.380    33.2945    25.8632 -9.990e-29
 157.672807     14.491  35.057516     8.4796    5.62423     14.370    33.2967    25.8650 -9.990e-29
 157.672812     14.483  35.056928     8.4802    5.62580     14.362    33.2955    25.8640 -9.990e-29
 157.672818     14.474  35.057094     8.4823    5.63171     14.353    33.2937    25.8623 -9.990e-29
 157.672824     14.468  35.058793     8.4850    5.63344     14.347    33.2930    25.8613 -9.990e-29
 157.672830     14.473  35.061483     8.4872    5.63496     14.352    33.2937    25.8615 -9.990e-29
 157.672836     14.489  35.063139     8.4883    5.61452     14.368    33.2944    25.8619 -9.990e-29
 157.672841     14.508  35.062602     8.4884    5.60353     14.386    33.2937    25.8614 -9.990e-29
 157.672847     14.528  35.061394     8.4877    5.61033     14.406    33.2931    25.8610 -9.990e-29
 157.672853     14.550  35.060142     8.4853    5.60427     14.428    33.2941    25.8621 -9.990e-29
 157.672859     14.574  35.057171     8.4815    5.60279     14.452    33.2945    25.8630 -9.990e-29
 157.672865     14.600  35.053001     8.4793    5.60724     14.478    33.2922    25.8615 -9.990e-29
 157.672870     14.614  35.051034     8.4795    5.60714     14.492    33.2899    25.8597 -9.990e-29
 157.672876     14.610  35.053125     8.4795    5.61284     14.488    33.2921    25.8615 -9.990e-29
 157.672882     14.597  35.057574     8.4787    5.61483     14.475    33.2976    25.8658 -9.990e-29
 157.672888     14.585  35.060777     8.4775    5.58786     14.463    33.3021    25.8696 -9.990e-29
 157.672894     14.578  35.060834     8.4763    5.57223     14.456    33.3033    25.8707 -9.990e-29
 157.672899     14.576  35.058378     8.4748    5.56292     14.454    33.3021    25.8700 -9.990e-29
 157.672905     14.580  35.054614     8.4718    5.56515     14.458    33.3010    25.8696 -9.990e-29
 157.672911     14.588  35.050124     8.4680    5.56268     14.466    33.2998    25.8692 -9.990e-29
 157.672917     14.602  35.046203     8.4658    5.56454     14.480    33.2977    25.8679 -9.990e-29
 157.672922     14.622  35.044906     8.4655    5.55948     14.499    33.2967    25.8671 -9.990e-29
 157.672928     14.650  35.045620     8.4657    5.56916     14.527    33.2972    25.8675 -9.990e-29
 157.672934     14.683  35.046117     8.4655    5.57015     14.560    33.2979    25.8681 -9.990e-29
 157.672940     14.711  35.045934     8.4649    5.57074     14.588    33.2983    25.8685 -9.990e-29
 157.672946     14.722  35.045578     8.4652    5.57259     14.599    33.2976    25.8679 -9.990e-29
 157.672951     14.718  35.045698     8.4664    5.58637     14.595    33.2966    25.8670 -9.990e-29
 157.672957     14.706  35.046646     8.4673    5.59497     14.583    33.2968    25.8669 -9.990e-29
 157.672963     14.690  35.048009     8.4676    5.59514     14.567    33.2979    25.8678 -9.990e-29
 157.672969     14.668  35.049367     8.4679    5.59094     14.545    33.2991    25.8687 -9.990e-29
 157.672975     14.645  35.050295     8.4691    5.58227     14.522    33.2989    25.8684 -9.990e-29
 157.672980     14.627  35.050914     8.4708    5.58114     14.504    33.2980    25.8674 -9.990e-29
 157.672986     14.621  35.051494     8.4719    5.58117     14.498    33.2976    25.8669 -9.990e-29
 157.672992     14.632  35.051135     8.4719    5.58129     14.509    33.2972    25.8666 -9.990e-29
 157.672998     14.650  35.049363     8.4714    5.58271     14.527    33.2958    25.8655 -9.990e-29
 157.673003     14.666  35.047742     8.4711    5.59080     14.543    33.2943    25.8645 -9.990e-29
 157.673009     14.675  35.046920     8.4709    5.60816     14.552    33.2937    25.8640 -9.990e-29
 157.673015     14.677  35.046364     8.4713    5.62014     14.554    33.2927    25.8631 -9.990e-29
 157.673021     14.674  35.047021     8.4734    5.62836     14.551    33.2914    25.8618 -9.990e-29
 157.673027     14.665  35.049770     8.4775    5.62233     14.542    33.2904    25.8604 -9.990e-29
 157.673032     14.654  35.054358     8.4820    5.62851     14.531    33.2910    25.8602 -9.990e-29
 157.673038     14.648  35.059061     8.4847    5.62677     14.525    33.2934    25.8617 -9.990e-29
 157.673044     14.652  35.060627     8.4844    5.60818     14.529    33.2954    25.8633 -9.990e-29
 157.673050     14.665  35.058347     8.4821    5.60945     14.542    33.2951    25.8634 -9.990e-29
 157.673056     14.681  35.055351     8.4801    5.60352     14.558    33.2939    25.8627 -9.990e-29
 157.673061     14.686  35.054378     8.4793    5.61331     14.563    33.2936    25.8626 -9.990e-29
 157.673067     14.682  35.055257     8.4792    5.61815     14.559    33.2946    25.8635 -9.990e-29
 157.673073     14.672  35.056361     8.4797    5.61344     14.549    33.2953    25.8639 -9.990e-29
 157.673079     14.656  35.057485     8.4806    5.61497     14.533    33.2956    25.8641 -9.990e-29
 157.673084     14.637  35.058450     8.4813    5.62185     14.514    33.2960    25.8642 -9.990e-29
 157.673090     14.622  35.057745     8.4811    5.62523     14.499    33.2955    25.8638 -9.990e-29
 157.673096     14.616  35.055559     8.4802    5.62432     14.494    33.2940    25.8628 -9.990e-29
 157.673102     14.612  35.053467     8.4797    5.62808     14.490    33.2923    25.8616 -9.990e-29
 157.673108     14.603  35.052607     8.4811    5.63060     14.481    33.2901    25.8596 -9.990e-29
 157.673113     14.583  35.054079     8.4852    5.63239     14.461    33.2877    25.8572 -9.990e-29
 157.673119     14.560  35.058169     8.4918    5.62866     14.438    33.2858    25.8547 -9.990e-29
 157.673125     14.554  35.065293     8.4964    5.60423     14.432    33.2890    25.8565 -9.990e-29
 157.673131     14.576  35.070381     8.4930    5.60315     14.454    33.2976    25.8637 -9.990e-29
 157.673137     14.617  35.065088     8.4830    5.62251     14.494    33.3014    25.8682 -9.990e-29
 157.673142     14.647  35.054135     8.4754    5.66370     14.524    33.2970    25.8659 -9.990e-29
 157.673148     14.645  35.048148     8.4763    5.69354     14.522    33.2899    25.8602 -9.990e-29
 157.673154     14.604  35.049796     8.4843    5.71356     14.482    33.2841    25.8544 -9.990e-29
 157.673160     14.541  35.056794     8.4943    5.73568     14.419    33.2820    25.8513 -9.990e-29
 157.673166     14.475  35.068388     8.5051    5.74182     14.354    33.2841    25.8513 -9.990e-29
 157.673171     14.425  35.082667     8.5175    5.75696     14.304    33.2875    25.8520 -9.990e-29
 157.673177     14.401  35.092891     8.5302    5.74579     14.280    33.2863    25.8492 -9.990e-29
 157.673183     14.400  35.099248     8.5398    5.72767     14.279    33.2839    25.8459 -9.990e-29
 157.673189     14.413  35.102372     8.5419    5.72081     14.292    33.2852    25.8466 -9.990e-29
 157.673194     14.435  35.094662     8.5381    5.72588     14.314    33.2807    25.8436 -9.990e-29
 157.673200     14.456  35.080420     8.5346    5.72909     14.335    33.2690    25.8349 -9.990e-29
 157.673206     14.471  35.074295     8.5337    5.72753     14.350    33.2633    25.8307 -9.990e-29
 157.673212     14.475  35.079897     8.5338    5.73242     14.354    33.2692    25.8352 -9.990e-29
 157.673218     14.477  35.088444     8.5326    5.73618     14.356    33.2793    25.8433 -9.990e-29
 157.673223     14.486  35.092279     8.5297    5.74470     14.365    33.2861    25.8491 -9.990e-29
 157.673229     14.499  35.090914     8.5270    5.74097     14.377    33.2872    25.8504 -9.990e-29
 157.673235     14.508  35.087018     8.5272    5.74918     14.386    33.2829    25.8470 -9.990e-29
 157.673241     14.504  35.086052     8.5311    5.75459     14.382    33.2782    25.8427 -9.990e-29
 157.673247     14.488  35.090655     8.5366    5.75385     14.367    33.2778    25.8416 -9.990e-29
 157.673252     14.475  35.097439     8.5407    5.73732     14.354    33.2811    25.8435 -9.990e-29
 157.673258     14.482  35.102005     8.5395    5.72542     14.361    33.2871    25.8484 -9.990e-29
 157.673264     14.505  35.099234     8.5318    5.72933     14.383    33.2914    25.8530 -9.990e-29
 157.673270     14.528  35.087682     8.5247    5.75695     14.406    33.2859    25.8497 -9.990e-29
 157.673275     14.536  35.076613     8.5264    5.78382     14.414    33.2726    25.8391 -9.990e-29
 157.673281     14.516  35.078180     8.5361    5.79366     14.394    33.2652    25.8317 -9.990e-29
 157.673287     14.476  35.091112     8.5471    5.78584     14.355    33.2684    25.8326 -9.990e-29
 157.673293     14.443  35.105189     8.5538    5.77877     14.322    33.2770    25.8383 -9.990e-29
 157.673299     14.441  35.112841     8.5535    5.77796     14.320    33.2853    25.8449 -9.990e-29
 157.673304     14.473  35.111388     8.5478    5.76906     14.352    33.2891    25.8487 -9.990e-29
 157.673310     14.521  35.103944     8.5421    5.78635     14.399    33.2866    25.8477 -9.990e-29
 157.673316     14.558  35.095722     8.5415    5.80764     14.436    33.2785    25.8414 -9.990e-29
 157.673322     14.568  35.092580     8.5466    5.81777     14.446    33.2704    25.8342 -9.990e-29
 157.673328     14.552  35.097057     8.5539    5.82695     14.430    33.2682    25.8314 -9.990e-29
 157.673333     14.527  35.105035     8.5593    5.82318     14.405    33.2716    25.8332 -9.990e-29
 157.673339     14.508  35.112026     8.5625    5.82018     14.386    33.2759    25.8361 -9.990e-29
 157.673345     14.498  35.116706     8.5650    5.81574     14.376    33.2785    25.8378 -9.990e-29
 157.673351     14.501  35.119156     8.5661    5.80238     14.379    33.2800    25.8388 -9.990e-29
 157.673356     14.521  35.118724     8.5633    5.79622     14.399    33.2822    25.8410 -9.990e-29
 157.673362     14.555  35.111477     8.5565    5.80754     14.433    33.2810    25.8410 -9.990e-29
