data/oxygen options/OCNMS/OCNMS1/raw_data/2007/CTD_CA065_050107faed.cnv
* Sea-Bird SBE19 Data File:
* FileName = C:\2007_mooring_data\CTD_CA065_050107.hex
* Software Version 1.1.6
* Temperature SN = 2997
* Conductivity SN = 2997
* System UpLoad Time = May 01 2007 13:48:02
* SEACAT PROFILER V3.1c SN 2997   05/01/07  13:47:33.731
* strain gauge pressure sensor: S/N = 184829,  range = 3000 psia,  tc = 40
# nquan = 9                                 
# nvalues = 2066                        
# units = specified
# name 0 = timeJ: Julian Days
# name 1 = prSM: Pressure, Strain Gauge [db]
# name 2 = c0mS/cm: Conductivity [mS/cm]
# name 3 = t090C: Temperature [ITS-90, deg C]
# name 4 = oxML/L: Oxygen, Beckman/YSI [ml/l]
# name 5 = depSM: Depth [salt water, m], lat = 47.5
# name 6 = sal00: Salinity, Practical [PSU]
# name 7 = sigma-é00: Density [sigma-theta, kg/m^3]
# name 8 = flag: flag
# span 0 = 121.553472, 121.565422       
# span 1 =     -4.043,     63.482       
# span 2 =   0.046168,  34.718415       
# span 3 =     7.4952,    10.5615       
# span 4 =  -13.62857,   37.42461       
# span 5 =     -4.009,     62.942       
# span 6 =     0.0322,    33.8244       
# span 7 =    -0.2061,    26.4242       
# span 8 = 0.0000e+00, 0.0000e+00       
# interval = seconds: 0.5
# start_time = May 01 2007 13:17:00 [Instrument's time stamp, header]
# bad_flag = -9.990e-29
*END*
[from data line 1281]
 121.560885     29.722  34.106683     8.2892    4.36168     29.472    32.4636    25.2405 -9.990e-29
 121.560891     29.772  34.106516     8.2888    4.36002     29.521    32.4638    25.2407 -9.990e-29
 121.560897     29.833  34.106043     8.2881    4.36174     29.582    32.4639    25.2409 -9.990e-29
 121.560903     29.893  34.105195     8.2874    4.35785     29.641    32.4636    25.2408 -9.990e-29
 121.560909     29.941  34.103963     8.2867    4.34649     29.689    32.4629    25.2404 -9.990e-29
 121.560914     29.978  34.102387     8.2860    4.33951     29.726    32.4619    25.2397 -9.990e-29
 121.560920     30.004  34.100608     8.2853    4.33174     29.751    32.4606    25.2388 -9.990e-29
 121.560926     30.023  34.097935     8.2844    4.33414     29.770    32.4586    25.2374 -9.990e-29
 121.560932     30.031  34.093047     8.2832    4.33130     29.778    32.4546    25.2344 -9.990e-29
 121.560937     30.023  34.088397     8.2819    4.33521     29.770    32.4509    25.2317 -9.990e-29
 121.560943     30.009  34.087876     8.2813    4.33977     29.756    32.4509    25.2318 -9.990e-29
 121.560949     29.999  34.089108     8.2815    4.34924     29.746    32.4520    25.2326 -9.990e-29
 121.560955     29.994  34.090377     8.2821    4.35494     29.742    32.4528    25.2331 -9.990e-29
 121.560961     29.985  34.092813     8.2827    4.36315     29.733    32.4548    25.2346 -9.990e-29
 121.560966     29.966  34.095181     8.2836    4.36279     29.714    32.4565    25.2358 -9.990e-29
 121.560972     29.941  34.097277     8.2848    4.36777     29.689    32.4576    25.2365 -9.990e-29
 121.560978     29.916  34.099655     8.2859    4.37670     29.664    32.4591    25.2375 -9.990e-29
 121.560984     29.900  34.102126     8.2866    4.37496     29.648    32.4611    25.2390 -9.990e-29
 121.560990     29.898  34.104062     8.2872    4.37299     29.646    32.4626    25.2401 -9.990e-29
 121.560995     29.912  34.105243     8.2879    4.37467     29.660    32.4632    25.2404 -9.990e-29
 121.561001     29.933  34.106125     8.2883    4.38976     29.681    32.4637    25.2408 -9.990e-29
 121.561007     29.958  34.106765     8.2887    4.39368     29.706    32.4640    25.2410 -9.990e-29
 121.561013     29.990  34.108017     8.2902    4.40023     29.738    32.4639    25.2407 -9.990e-29
 121.561019     30.021  34.112112     8.2922    4.38599     29.768    32.4664    25.2423 -9.990e-29
 121.561024     30.032  34.116662     8.2921    4.37587     29.779    32.4713    25.2462 -9.990e-29
 121.561030     30.012  34.115963     8.2900    4.36636     29.759    32.4725    25.2474 -9.990e-29
 121.561036     29.966  34.111328     8.2878    4.36160     29.714    32.4697    25.2455 -9.990e-29
 121.561042     29.910  34.107228     8.2864    4.35912     29.658    32.4667    25.2434 -9.990e-29
 121.561047     29.857  34.104924     8.2858    4.36712     29.606    32.4648    25.2420 -9.990e-29
 121.561053     29.821  34.104150     8.2858    4.38095     29.570    32.4640    25.2414 -9.990e-29
 121.561059     29.812  34.104438     8.2862    4.38391     29.561    32.4639    25.2413 -9.990e-29
 121.561065     29.830  34.105050     8.2870    4.39410     29.579    32.4638    25.2411 -9.990e-29
 121.561071     29.868  34.106243     8.2888    4.39140     29.617    32.4634    25.2405 -9.990e-29
 121.561076     29.914  34.110171     8.2919    4.39507     29.662    32.4647    25.2410 -9.990e-29
 121.561082     29.951  34.116464     8.2943    4.38686     29.699    32.4691    25.2441 -9.990e-29
 121.561088     29.955  34.120624     8.2932    4.38166     29.703    32.4745    25.2485 -9.990e-29
 121.561094     29.913  34.118668     8.2888    4.36393     29.661    32.4765    25.2508 -9.990e-29
 121.561100     29.840  34.110791     8.2848    4.35839     29.589    32.4719    25.2477 -9.990e-29
 121.561105     29.762  34.102187     8.2840    4.36101     29.511    32.4636    25.2413 -9.990e-29
 121.561111     29.694  34.098762     8.2858    4.35605     29.444    32.4584    25.2370 -9.990e-29
 121.561117     29.646  34.100996     8.2879    4.36295     29.396    32.4588    25.2370 -9.990e-29
 121.561123     29.613  34.104585     8.2883    4.35470     29.364    32.4623    25.2396 -9.990e-29
 121.561128     29.587  34.105907     8.2872    4.35448     29.338    32.4647    25.2417 -9.990e-29
 121.561134     29.568  34.105045     8.2857    4.35128     29.319    32.4652    25.2423 -9.990e-29
 121.561140     29.574  34.103094     8.2843    4.34980     29.325    32.4644    25.2419 -9.990e-29
 121.561146     29.608  34.100819     8.2835    4.34516     29.359    32.4627    25.2407 -9.990e-29
 121.561152     29.661  34.099678     8.2834    4.34473     29.411    32.4616    25.2398 -9.990e-29
 121.561157     29.718  34.100402     8.2839    4.34828     29.468    32.4618    25.2400 -9.990e-29
 121.561163     29.769  34.102285     8.2846    4.35030     29.518    32.4632    25.2409 -9.990e-29
 121.561169     29.815  34.104486     8.2849    4.34556     29.564    32.4652    25.2424 -9.990e-29
 121.561175     29.850  34.105463     8.2840    4.33517     29.599    32.4670    25.2440 -9.990e-29
 121.561181     29.858  34.103167     8.2817    4.33334     29.607    32.4667    25.2441 -9.990e-29
 121.561186     29.836  34.096788     8.2792    4.32835     29.585    32.4623    25.2410 -9.990e-29
 121.561192     29.791  34.089602     8.2789    4.34765     29.540    32.4550    25.2353 -9.990e-29
 121.561198     29.733  34.087172     8.2807    4.34770     29.483    32.4508    25.2318 -9.990e-29
 121.561204     29.679  34.089632     8.2825    4.36464     29.429    32.4518    25.2323 -9.990e-29
 121.561209     29.644  34.094107     8.2835    4.36845     29.394    32.4556    25.2351 -9.990e-29
 121.561215     29.633  34.098731     8.2841    4.36346     29.384    32.4599    25.2384 -9.990e-29
 121.561221     29.651  34.101831     8.2847    4.36247     29.401    32.4626    25.2405 -9.990e-29
 121.561227     29.689  34.104189     8.2855    4.35546     29.439    32.4644    25.2417 -9.990e-29
 121.561233     29.734  34.106157     8.2856    4.34732     29.484    32.4663    25.2432 -9.990e-29
 121.561238     29.774  34.105322     8.2845    4.34521     29.523    32.4665    25.2435 -9.990e-29
 121.561244     29.805  34.101141     8.2827    4.35228     29.554    32.4637    25.2416 -9.990e-29
 121.561250     29.824  34.094776     8.2805    4.34847     29.573    32.4590    25.2382 -9.990e-29
 121.561256     29.836  34.090081     8.2789    4.34973     29.585    32.4555    25.2357 -9.990e-29
 121.561262     29.846  34.091459     8.2788    4.33902     29.595    32.4570    25.2370 -9.990e-29
 121.561267     29.855  34.096272     8.2801    4.33528     29.604    32.4609    25.2398 -9.990e-29
 121.561273     29.855  34.099737     8.2808    4.33071     29.604    32.4639    25.2421 -9.990e-29
 121.561279     29.833  34.099198     8.2793    4.33921     29.582    32.4648    25.2429 -9.990e-29
 121.561285     29.793  34.093945     8.2772    4.33665     29.542    32.4612    25.2404 -9.990e-29
 121.561291     29.743  34.088756     8.2766    4.34510     29.493    32.4563    25.2367 -9.990e-29
 121.561296     29.691  34.087373     8.2773    4.34874     29.441    32.4542    25.2349 -9.990e-29
 121.561302     29.645  34.087964     8.2784    4.34772     29.395    32.4538    25.2345 -9.990e-29
 121.561308     29.614  34.090207     8.2803    4.34966     29.365    32.4544    25.2347 -9.990e-29
 121.561314     29.603  34.094862     8.2827    4.33803     29.354    32.4572    25.2365 -9.990e-29
 121.561319     29.609  34.099737     8.2841    4.35281     29.360    32.4610    25.2393 -9.990e-29
 121.561325     29.624  34.102376     8.2843    4.34750     29.375    32.4636    25.2413 -9.990e-29
 121.561331     29.638  34.102943     8.2841    4.34676     29.389    32.4644    25.2419 -9.990e-29
 121.561337     29.650  34.102205     8.2839    4.33812     29.400    32.4638    25.2415 -9.990e-29
 121.561343     29.661  34.100869     8.2837    4.33097     29.411    32.4626    25.2405 -9.990e-29
 121.561348     29.663  34.099967     8.2829    4.32892     29.413    32.4623    25.2405 -9.990e-29
 121.561354     29.653  34.098867     8.2809    4.33148     29.403    32.4630    25.2413 -9.990e-29
 121.561360     29.630  34.095553     8.2782    4.34486     29.381    32.4620    25.2409 -9.990e-29
 121.561366     29.596  34.090660     8.2761    4.33917     29.347    32.4588    25.2387 -9.990e-29
 121.561372     29.555  34.087766     8.2756    4.34073     29.306    32.4562    25.2368 -9.990e-29
 121.561377     29.502  34.088627     8.2774    4.33544     29.254    32.4555    25.2359 -9.990e-29
 121.561383     29.439  34.093278     8.2803    4.32539     29.191    32.4578    25.2373 -9.990e-29
 121.561389     29.366  34.098965     8.2815    4.29482     29.119    32.4627    25.2410 -9.990e-29
 121.561395     29.275  34.100389     8.2781    4.25578     29.029    32.4674    25.2452 -9.990e-29
 121.561400     29.154  34.094414     8.2688    4.21324     28.909    32.4697    25.2484 -9.990e-29
 121.561406     29.011  34.078690     8.2560    4.19251     28.767    32.4650    25.2465 0.0000e+00
 121.561412     28.864  34.054684     8.2449    4.15195     28.621    32.4499    25.2363 -9.990e-29
 121.561418     28.740  34.029632     8.2394    4.10462     28.498    32.4286    25.2204 -9.990e-29
 121.561424     28.655  34.015546     8.2379    4.06523     28.414    32.4151    25.2101 -9.990e-29
 121.561429     28.605  34.009348     8.2318    4.02077     28.364    32.4142    25.2102 -9.990e-29
 121.561435     28.570  33.982604     8.2198    4.00478     28.330    32.3970    25.1985 -9.990e-29
 121.561441     28.533  33.941144     8.2090    3.97541     28.293    32.3631    25.1735 -9.990e-29
 121.561447     28.485  33.917133     8.2003    3.94699     28.245    32.3457    25.1612 -9.990e-29
 121.561453     28.422  33.906591     8.1918    3.91298     28.183    32.3424    25.1598 -9.990e-29
 121.561458     28.349  33.895471     8.1836    3.89723     28.110    32.3383    25.1577 -9.990e-29
 121.561464     28.270  33.878483     8.1760    3.88577     28.032    32.3273    25.1503 -9.990e-29
 121.561470     28.184  33.857089     8.1700    3.87804     27.947    32.3102    25.1377 -9.990e-29
 121.561476     28.085  33.843127     8.1661    3.87085     27.849    32.2991    25.1296 -9.990e-29
 121.561481     27.976  33.836487     8.1637    3.86138     27.741    32.2943    25.1262 -9.990e-29
 121.561487     27.867  33.828885     8.1621    3.86490     27.633    32.2878    25.1213 -9.990e-29
 121.561493     27.769  33.820287     8.1609    3.85923     27.535    32.2798    25.1152 -9.990e-29
 121.561499     27.687  33.813250     8.1602    3.86621     27.454    32.2731    25.1100 -9.990e-29
 121.561505     27.621  33.809054     8.1606    3.86147     27.389    32.2683    25.1062 -9.990e-29
 121.561510     27.562  33.807158     8.1624    3.87090     27.330    32.2646    25.1031 -9.990e-29
 121.561516     27.503  33.806163     8.1647    3.87488     27.272    32.2615    25.1003 -9.990e-29
 121.561522     27.439  33.805315     8.1673    3.88758     27.208    32.2582    25.0973 -9.990e-29
 121.561528     27.363  33.804614     8.1711    3.88921     27.133    32.2540    25.0935 -9.990e-29
 121.561534     27.269  33.804257     8.1754    3.88935     27.040    32.2498    25.0895 -9.990e-29
 121.561539     27.164  33.803779     8.1779    3.89842     26.936    32.2470    25.0870 -9.990e-29
 121.561545     27.060  33.803115     8.1785    3.90770     26.832    32.2458    25.0859 -9.990e-29
 121.561551     26.961  33.802514     8.1793    3.93682     26.734    32.2445    25.0848 -9.990e-29
 121.561557     26.862  33.801746     8.1825    3.94801     26.636    32.2408    25.0814 -9.990e-29
 121.561562     26.748  33.799237     8.1897    3.97669     26.523    32.2315    25.0731 -9.990e-29
 121.561568     26.612  33.792210     8.1995    3.98335     26.388    32.2152    25.0589 0.0000e+00
 121.561574     26.462  33.780836     8.2072    3.99721     26.239    32.1962    25.0428 0.0000e+00
 121.561580     26.314  33.770140     8.2110    4.01435     26.093    32.1814    25.0307 0.0000e+00
 121.561586     26.172  33.763809     8.2137    4.02582     25.952    32.1723    25.0232 0.0000e+00
 121.561591     26.022  33.757899     8.2182    4.04731     25.803    32.1620    25.0144 0.0000e+00
 121.561597     25.847  33.749024     8.2257    4.04777     25.630    32.1459    25.0007 0.0000e+00
 121.561603     25.631  33.739932     8.2359    4.06231     25.416    32.1270    24.9844 0.0000e+00
 121.561609     25.372  33.730282     8.2457    4.08322     25.159    32.1080    24.9680 0.0000e+00
 121.561615     25.085  33.720109     8.2526    4.12353     24.874    32.0911    24.9538 0.0000e+00
 121.561620     24.782  33.712679     8.2576    4.16047     24.574    32.0788    24.9434 0.0000e+00
 121.561626     24.464  33.707066     8.2662    4.21884     24.258    32.0652    24.9315 0.0000e+00
 121.561632     24.128  33.698041     8.2827    4.26682     23.925    32.0408    24.9099 0.0000e+00
 121.561638     23.775  33.682550     8.3042    4.32963     23.575    32.0050    24.8787 0.0000e+00
 121.561644     23.408  33.662930     8.3315    4.37499     23.211    31.9597    24.8392 0.0000e+00
 121.561649     23.028  33.642742     8.3684    4.40961     22.835    31.9051    24.7910 0.0000e+00
 121.561655     22.643  33.624788     8.4063    4.45202     22.453    31.8521    24.7438 0.0000e+00
 121.561661     22.261  33.611485     8.4348    4.47992     22.074    31.8126    24.7086 0.0000e+00
 121.561667     21.893  33.603611     8.4538    4.52783     21.709    31.7873    24.6861 0.0000e+00
 121.561672     21.545  33.599655     8.4686    4.57011     21.364    31.7700    24.6703 0.0000e+00
 121.561678     21.212  33.596601     8.4837    4.62464     21.034    31.7533    24.6550 0.0000e+00
 121.561684     20.882  33.589830     8.5016    4.69156     20.707    31.7303    24.6343 0.0000e+00
 121.561690     20.547  33.577612     8.5277    4.77002     20.375    31.6942    24.6021 0.0000e+00
 121.561696     20.201  33.561602     8.5664    4.86554     20.031    31.6429    24.5562 0.0000e+00
 121.561701     19.846  33.540644     8.6114    4.96832     19.679    31.5809    24.5009 0.0000e+00
 121.561707     19.488  33.518195     8.6508    5.08436     19.324    31.5224    24.4493 0.0000e+00
 121.561713     19.129  33.501330     8.6828    5.19058     18.968    31.4765    24.4086 0.0000e+00
 121.561719     18.762  33.488880     8.7178    5.27950     18.605    31.4326    24.3690 0.0000e+00
 121.561725     18.378  33.476031     8.7611    5.36071     18.224    31.3810    24.3221 0.0000e+00
 121.561730     17.983  33.461920     8.8030    5.42502     17.832    31.3295    24.2754 0.0000e+00
 121.561736     17.587  33.448483     8.8359    5.45822     17.439    31.2867    24.2370 0.0000e+00
 121.561742     17.200  33.434640     8.8615    5.49403     17.056    31.2499    24.2043 0.0000e+00
 121.561748     16.825  33.417644     8.8807    5.50236     16.684    31.2156    24.1746 0.0000e+00
 121.561753     16.465  33.400632     8.8938    5.49758     16.327    31.1866    24.1499 0.0000e+00
 121.561759     16.123  33.388397     8.9024    5.49435     15.988    31.1666    24.1329 0.0000e+00
 121.561765     15.794  33.378091     8.9082    5.48089     15.662    31.1510    24.1198 0.0000e+00
 121.561771     15.462  33.365512     8.9120    5.47640     15.332    31.1348    24.1066 0.0000e+00
 121.561777     15.115  33.352957     8.9140    5.47388     14.988    31.1202    24.0949 0.0000e+00
 121.561782     14.754  33.343312     8.9152    5.48039     14.630    31.1093    24.0862 0.0000e+00
 121.561788     14.389  33.336617     8.9170    5.46625     14.268    31.1010    24.0794 0.0000e+00
 121.561794     14.017  33.332365     8.9198    5.47663     13.900    31.0943    24.0737 0.0000e+00
 121.561800     13.640  33.329382     8.9242    5.48407     13.526    31.0875    24.0677 0.0000e+00
