data/oxygen options/OCNMS/OCNMS1/raw_data/2007/CTD_KL027_060607faed.cnv
* Sea-Bird SBE19 Data File:
* FileName = C:\2007_mooring_data\CTD_KL027_060607.hex
* Software Version 1.1.6
* Temperature SN = 2997
* Conductivity SN = 2997
* System UpLoad Time = Jun 06 2007 16:15:53
* SEACAT PROFILER V3.1c SN 2997   06/06/07  16:15:16.037
* strain gauge pressure sensor: S/N = 184829,  range = 3000 psia,  tc = 40
# nquan = 9                                 
# nvalues = 1817                        
# units = specified
# name 0 = timeJ: Julian Days
# name 1 = prSM: Pressure, Strain Gauge [db]
# name 2 = c0mS/cm: Conductivity [mS/cm]
# name 3 = t090C: Temperature [ITS-90, deg C]
# name 4 = oxML/L: Oxygen, Beckman/YSI [ml/l]
# name 5 = depSM: Depth [salt water, m], lat = 47.5
# name 6 = sal00: Salinity, Practical [PSU]
# name 7 = sigma-é00: Density [sigma-theta, kg/m^3]
# name 8 = flag: flag
# span 0 = 157.665961, 157.676470       
# span 1 =     -5.599,     26.437       
# span 2 =   0.193469,  36.419900       
# span 3 =     7.3872,    11.1617       
# span 4 =  -13.93032,   36.00971       
# span 5 =     -5.552,     26.215       
# span 6 =     0.1274,    33.5552       
# span 7 =    -0.2592,    26.2248       
# span 8 = 0.0000e+00, 0.0000e+00       
# interval = seconds: 0.5
# start_time = Jun 06 2007 15:58:59 [Instrument's time stamp, header]
# bad_flag = -9.990e-29
*END*
 157.665961     -5.528 -9.990e-29    10.6619   -0.07680     -5.482 -9.990e-29 -9.990e-29 -9.990e-29
 157.665966     -5.548   0.193580    10.6633   -0.07680     -5.502     0.1275    -0.2592 -9.990e-29
 157.665972     -5.565   0.194975    10.6636   -0.07681     -5.519     0.1284    -0.2585 -9.990e-29
 157.665978     -5.582   0.196758    10.6641   -0.07682     -5.535     0.1296    -0.2576 -9.990e-29
 157.665984     -5.594   0.197978    10.6652   -0.07682     -5.547     0.1304    -0.2571 -9.990e-29
 157.665990     -5.599   0.198229    10.6664   -0.07683     -5.552     0.1306    -0.2571 -9.990e-29
 157.665995     -5.597   0.197845    10.6668   -0.07683     -5.550     0.1303    -0.2573 -9.990e-29
 157.666001     -5.587   0.197054    10.6649   -0.07681     -5.540     0.1298    -0.2575 -9.990e-29
 157.666007     -5.574   0.196463    10.6614   -0.07679     -5.528     0.1294    -0.2575 -9.990e-29
 157.666013     -5.560   0.197133    10.6582   -0.07679     -5.514     0.1299    -0.2568 -9.990e-29
 157.666019     -5.544   0.198851    10.6556   -0.07678     -5.498     0.1310    -0.2557 -9.990e-29
 157.666024     -5.527   0.200024    10.6530   -0.07677     -5.481     0.1318    -0.2548 -9.990e-29
 157.666030     -5.502   0.199445    10.6507   -0.07677     -5.456     0.1315    -0.2549 -9.990e-29
 157.666036     -5.468   0.197449    10.6489   -0.07653     -5.422     0.1301    -0.2557 -9.990e-29
 157.666042     -5.431   0.195257    10.6484   -0.07633     -5.386     0.1287    -0.2568 -9.990e-29
 157.666047     -5.393   0.193827    10.6507   -0.07620     -5.348     0.1277    -0.2578 -9.990e-29
 157.666053     -5.356   0.193469    10.6554   -0.07629     -5.311     0.1274    -0.2585 -9.990e-29
 157.666059     -5.326   0.194263    10.6599   -0.07640     -5.282     0.1280    -0.2585 -9.990e-29
 157.666065     -5.302   0.197267    10.6623   -0.07646     -5.258     0.1300    -0.2572 -9.990e-29
 157.666071     -5.277   0.205376    10.6624   -0.07649     -5.233     0.1354    -0.2529 -9.990e-29
 157.666076     -5.254   0.225522    10.6609   -0.07651     -5.210     0.1489    -0.2421 -9.990e-29
 157.666082     -5.236   0.270151    10.6590   -0.07652     -5.192     0.1791    -0.2183 -9.990e-29
 157.666088     -5.218   0.363838    10.6580   -0.07653     -5.175     0.2431    -0.1679 -9.990e-29
 157.666094     -5.194   0.589362    10.6587   -0.07654     -5.151     0.4001    -0.0447 -9.990e-29
 157.666100     -5.163   0.977898    10.6612   -0.07653     -5.120     0.6778     0.1727 -9.990e-29
 157.666105     -5.126   1.372489    10.6639   -0.07653     -5.083     0.9664     0.3984 -9.990e-29
 157.666111     -5.091   1.572522    10.6644   -0.07654     -5.049     1.1147     0.5144 -9.990e-29
 157.666117     -5.059   1.527331    10.6630   -0.07645     -5.017     1.0811     0.4883 -9.990e-29
 157.666123     -5.028   1.365343    10.6610   -0.07614     -4.986     0.9612     0.3946 -9.990e-29
 157.666128     -4.996   1.222934    10.6583   -0.07634     -4.954     0.8564     0.3129 -9.990e-29
 157.666134     -4.966   1.133269    10.6550   -0.07642     -4.925     0.7909     0.2619 -9.990e-29
 157.666140     -4.939   1.086646    10.6520   -0.07645     -4.898     0.7570     0.2356 -9.990e-29
 157.666146     -4.915   1.068059    10.6503   -0.07648     -4.874     0.7435     0.2252 -9.990e-29
 157.666152     -4.891   1.061610    10.6505   -0.07651     -4.850     0.7388     0.2215 -9.990e-29
 157.666157     -4.866   1.059260    10.6510   -0.07655     -4.825     0.7370     0.2201 -9.990e-29
 157.666163     -4.839   1.066202    10.6499   -0.07657     -4.799     0.7421     0.2242 -9.990e-29
 157.666169     -4.807   1.097800    10.6478   -0.07658     -4.767     0.7652     0.2425 -9.990e-29
 157.666175     -4.774   1.202294    10.6466   -0.07658     -4.734     0.8416     0.3024 -9.990e-29
 157.666181     -4.745   1.438024    10.6469   -0.07658     -4.705     1.0153     0.4384 -9.990e-29
 157.666186     -4.722   1.645460    10.6482   -0.07658     -4.683     1.1696     0.5589 -9.990e-29
 157.666192     -4.705   1.611248    10.6504   -0.07657     -4.666     1.1440     0.5387 -9.990e-29
 157.666198     -4.693   1.449624    10.6523   -0.07656     -4.654     1.0238     0.4444 -9.990e-29
 157.666204     -4.680   1.312999    10.6528   -0.07652     -4.641     0.9228     0.3654 -9.990e-29
 157.666209     -4.657   1.198970    10.6526   -0.07649     -4.618     0.8390     0.2998 -9.990e-29
 157.666215     -4.622   1.100847    10.6531   -0.07648     -4.583     0.7673     0.2436 -9.990e-29
 157.666221     -4.587   1.022600    10.6556   -0.07649     -4.549     0.7103     0.1987 -9.990e-29
 157.666227     -4.556   0.965849    10.6607   -0.07651     -4.518     0.6691     0.1660 -9.990e-29
 157.666233     -4.530   0.922045    10.6678   -0.07651     -4.492     0.6373     0.1404 -9.990e-29
 157.666238     -4.505   0.879929    10.6757   -0.07651     -4.467     0.6069     0.1157 -9.990e-29
 157.666244     -4.480   0.836592    10.6841   -0.07652     -4.443     0.5756     0.0904 -9.990e-29
 157.666250     -4.454   0.796926    10.6936   -0.07653     -4.417     0.5470     0.0671 -9.990e-29
 157.666256     -4.425   0.769605    10.7038   -0.07655     -4.388     0.5274     0.0507 -9.990e-29
 157.666262     -4.396   0.762570    10.7135   -0.07655     -4.359     0.5222     0.0457 -9.990e-29
 157.666267     -4.368   0.769219    10.7211   -0.07651     -4.332     0.5269     0.0485 -9.990e-29
 157.666273     -4.340   0.767919    10.7251   -0.07649     -4.304     0.5259     0.0474 -9.990e-29
 157.666279     -4.311   0.745851    10.7259   -0.07650     -4.275     0.5101     0.0350 -9.990e-29
 157.666285     -4.282   0.712413    10.7243   -0.07651     -4.246     0.4864     0.0165 -9.990e-29
 157.666291     -4.260   0.686794    10.7215   -0.07653     -4.224     0.4683     0.0026 -9.990e-29
 157.666296     -4.245   0.678646    10.7189   -0.07652     -4.210     0.4625    -0.0017 -9.990e-29
 157.666302     -4.226   0.680433    10.7174   -0.07655     -4.191     0.4638    -0.0005 -9.990e-29
 157.666308     -4.198   0.677354    10.7174   -0.07655     -4.163     0.4616    -0.0022 -9.990e-29
 157.666314     -4.164   0.661426    10.7200   -0.06258     -4.129     0.4503    -0.0114 -9.990e-29
 157.666319     -4.126   0.642465    10.7257   -0.06198     -4.092     0.4368    -0.0225 -9.990e-29
 157.666325     -4.077   0.638444    10.7319   -0.06191     -4.043     0.4339    -0.0254 -9.990e-29
 157.666331     -4.013   0.648440    10.7352   -0.06191     -3.980     0.4409    -0.0202 -9.990e-29
 157.666337     -3.944   0.659722    10.7351   -0.06193     -3.911     0.4489    -0.0139 -9.990e-29
 157.666343     -3.874   0.679022    10.7325   -0.06195     -3.842     0.4626    -0.0029 -9.990e-29
 157.666348     -3.794   0.759242    10.7303   -0.06194     -3.762     0.5196     0.0420 -9.990e-29
 157.666354     -3.699   1.050040    10.7354   -0.06192     -3.668     0.7287     0.2052 -9.990e-29
 157.666360     -3.588   1.939148    10.7641   -0.06194     -3.558     1.3859     0.7163 -9.990e-29
 157.666366     -3.448   4.575455    10.8554   -0.06193     -3.419     3.4328     2.3021 -9.990e-29
 157.666372     -3.272  12.466831    10.9971   -0.06202     -3.245    10.0279     7.4029 -9.990e-29
 157.666377     -3.064  24.335399    11.1018   -0.06241     -3.038    20.7050    15.6565 -9.990e-29
 157.666383     -2.842  32.298578    11.1416   -0.06193     -2.818    28.2462    21.4985 -9.990e-29
 157.666389     -2.626  34.982869    11.1512   -0.06193     -2.604    30.8506    23.5200 -9.990e-29
 157.666395     -2.433  35.874027    11.1526   -0.06194     -2.413    31.7233    24.1982 -9.990e-29
 157.666400     -2.274  36.163905    11.1547   -0.06195     -2.255    32.0064    24.4180 -9.990e-29
 157.666406     -2.154  36.253855    11.1576   -0.06196     -2.136    32.0923    24.4843 -9.990e-29
 157.666412     -2.056  36.281463    11.1602   -0.06200     -2.039    32.1171    24.5031 -9.990e-29
 157.666418     -1.970  36.283263    11.1617   -0.06194     -1.954    32.1176    24.5032 -9.990e-29
 157.666424     -1.902  36.252407    11.1605   -0.06193     -1.886    32.0882    24.4806 -9.990e-29
 157.666429     -1.858  36.155880    11.1574   -0.06196     -1.843    31.9959    24.4094 -9.990e-29
 157.666435     -1.825  35.950446    11.1545   -0.06200     -1.810    31.7965    24.2548 -9.990e-29
 157.666441     -1.789  35.845521    11.1524   -0.06200     -1.774    31.6951    24.1764 -9.990e-29
 157.666447     -1.744  36.024810    11.1504   -0.06198     -1.729    31.8731    24.3151 -9.990e-29
 157.666453     -1.695  36.223864    11.1480   -0.06197     -1.681    32.0710    24.4694 -9.990e-29
 157.666458     -1.656  36.285285    11.1460   -0.06198     -1.642    32.1331    24.5181 -9.990e-29
 157.666464     -1.633  36.294607    11.1447   -0.06197     -1.619    32.1434    24.5263 -9.990e-29
 157.666470     -1.620  36.280232    11.1429   -0.06197     -1.606    32.1309    24.5169 -9.990e-29
 157.666476     -1.608  36.275392    11.1383   -0.06196     -1.595    32.1301    24.5171 -9.990e-29
 157.666481     -1.588  36.303054    11.1288   -0.06195     -1.575    32.1656    24.5464 -9.990e-29
 157.666487     -1.559  36.328651    11.1185   -0.06195     -1.546    32.1999    24.5748 -9.990e-29
 157.666493     -1.531  36.330549    11.1148   -0.06197     -1.518    32.2050    24.5795 -9.990e-29
 157.666499     -1.511  36.324447    11.1175   -0.06200     -1.498    32.1966    24.5725 -9.990e-29
 157.666505     -1.498  36.322102    11.1216   -0.06200     -1.486    32.1907    24.5671 -9.990e-29
 157.666510     -1.487  36.324589    11.1249   -0.06197     -1.475    32.1902    24.5662 -9.990e-29
 157.666516     -1.473  36.324860    11.1278   -0.06195     -1.461    32.1879    24.5639 -9.990e-29
 157.666522     -1.458  36.321315    11.1299   -0.06195     -1.446    32.1826    24.5594 -9.990e-29
 157.666528     -1.448  36.319035    11.1308   -0.06194     -1.436    32.1796    24.5569 -9.990e-29
 157.666534     -1.440  36.321984    11.1308   -0.06196     -1.428    32.1825    24.5592 -9.990e-29
 157.666539     -1.426  36.330455    11.1289   -0.06197     -1.414    32.1925    24.5673 -9.990e-29
 157.666545     -1.392  36.339212    11.1232   -0.06197     -1.380    32.2061    24.5789 -9.990e-29
 157.666551     -1.345  36.341720    11.1169   -0.06196     -1.334    32.2141    24.5862 -9.990e-29
 157.666557     -1.307  36.337680    11.1166   -0.06197     -1.296    32.2103    24.5833 -9.990e-29
 157.666563     -1.293  36.332630    11.1220   -0.06198     -1.282    32.2006    24.5748 -9.990e-29
 157.666568     -1.298  36.333561    11.1285   -0.06197     -1.287    32.1958    24.5700 -9.990e-29
 157.666574     -1.300  36.340875    11.1330   -0.06196     -1.289    32.1991    24.5717 -9.990e-29
 157.666580     -1.288  36.348359    11.1341   -0.06195     -1.277    32.2055    24.5765 -9.990e-29
 157.666586     -1.263  36.351703    11.1317   -0.06195     -1.252    32.2109    24.5811 -9.990e-29
 157.666591     -1.235  36.350044    11.1289   -0.06196     -1.225    32.2117    24.5822 -9.990e-29
 157.666597     -1.208  36.345372    11.1284   -0.06196     -1.198    32.2075    24.5791 -9.990e-29
 157.666603     -1.187  36.342384    11.1286   -0.06196     -1.177    32.2044    24.5766 -9.990e-29
 157.666609     -1.168  36.343539    11.1276   -0.06194     -1.158    32.2064    24.5783 -9.990e-29
 157.666615     -1.152  36.344495    11.1267   -0.06194     -1.142    32.2081    24.5798 -9.990e-29
 157.666620     -1.142  36.342324    11.1273   -0.06195     -1.132    32.2055    24.5776 -9.990e-29
 157.666626     -1.140  36.341136    11.1288   -0.06197     -1.130    32.2030    24.5755 -9.990e-29
 157.666632     -1.140  36.344670    11.1303   -0.06199     -1.130    32.2051    24.5769 -9.990e-29
 157.666638     -1.126  36.351755    11.1317   -0.06196     -1.117    32.2109    24.5811 -9.990e-29
 157.666644     -1.100  36.357552    11.1325   -0.06194     -1.091    32.2159    24.5848 -9.990e-29
 157.666649     -1.071  36.358303    11.1330   -0.06192     -1.062    32.2162    24.5850 -9.990e-29
 157.666655     -1.052  36.355291    11.1344   -0.06191     -1.043    32.2120    24.5815 -9.990e-29
 157.666661     -1.040  36.353186    11.1357   -0.06191     -1.031    32.2088    24.5787 -9.990e-29
 157.666667     -1.026  36.355623    11.1341   -0.06194     -1.017    32.2126    24.5820 -9.990e-29
 157.666672     -1.005  36.361653    11.1288   -0.06197     -0.997    32.2231    24.5911 -9.990e-29
 157.666678     -0.977  36.366149    11.1229   -0.06198     -0.969    32.2327    24.5996 -9.990e-29
 157.666684     -0.947  36.366185    11.1222   -0.06196     -0.939    32.2333    24.6003 -9.990e-29
 157.666690     -0.931  36.363605    11.1294   -0.06197     -0.923    32.2245    24.5921 -9.990e-29
 157.666696     -0.936  36.360936    11.1403   -0.06193     -0.928    32.2123    24.5807 -9.990e-29
 157.666701     -0.955  36.360688    11.1498   -0.06191     -0.947    32.2038    24.5724 -9.990e-29
 157.666707     -0.971  36.364444    11.1546   -0.06191     -0.963    32.2033    24.5711 -9.990e-29
 157.666713     -0.972  36.369781    11.1517   -0.06191     -0.964    32.2111    24.5777 -9.990e-29
 157.666719     -0.954  36.372460    11.1412   -0.06192     -0.946    32.2229    24.5888 -9.990e-29
 157.666725     -0.925  36.371419    11.1298   -0.06196     -0.917    32.2318    24.5977 -9.990e-29
 157.666730     -0.896  36.369041    11.1252   -0.06194     -0.889    32.2335    24.5998 -9.990e-29
 157.666736     -0.873  36.367044    11.1267   -0.06192     -0.866    32.2302    24.5970 -9.990e-29
 157.666742     -0.864  36.365411    11.1323   -0.06193     -0.857    32.2237    24.5910 -9.990e-29
 157.666748     -0.868  36.364611    11.1427   -0.06193     -0.861    32.2138    24.5814 -9.990e-29
 157.666753     -0.872  36.365108    11.1526   -0.06194     -0.865    32.2056    24.5733 -9.990e-29
 157.666759     -0.863  36.366857    11.1571   -0.06195     -0.856    32.2034    24.5708 -9.990e-29
 157.666765     -0.838  36.370358    11.1566   -0.06197     -0.831    32.2073    24.5739 -9.990e-29
 157.666771     -0.798  36.374529    11.1510   -0.06199     -0.791    32.2163    24.5819 -9.990e-29
 157.666777     -0.754  36.376374    11.1449   -0.06197     -0.748    32.2234    24.5885 -9.990e-29
 157.666782     -0.720  36.374838    11.1456   -0.06197     -0.714    32.2213    24.5867 -9.990e-29
 157.666788     -0.703  36.372201    11.1494   -0.06199     -0.697    32.2153    24.5814 -9.990e-29
 157.666794     -0.696  36.370955    11.1497   -0.06206     -0.690    32.2139    24.5802 -9.990e-29
 157.666800     -0.697  36.370968    11.1463   -0.06220     -0.691    32.2168    24.5832 -9.990e-29
 157.666806     -0.699  36.370988    11.1411   -0.06221     -0.693    32.2214    24.5876 -9.990e-29
 157.666811     -0.695  36.370891    11.1334   -0.06219     -0.689    32.2281    24.5942 -9.990e-29
 157.666817     -0.685  36.370956    11.1230   -0.06216     -0.679    32.2372    24.6031 -9.990e-29
 157.666823     -0.677  36.370557    11.1146   -0.06212     -0.671    32.2442    24.6100 -9.990e-29
 157.666829     -0.673  36.369569    11.1108   -0.06211     -0.667    32.2466    24.6126 -9.990e-29
 157.666834     -0.671  36.368202    11.1037   -0.06209     -0.665    32.2514    24.6176 -9.990e-29
 157.666840     -0.660  36.365040    11.0819   -0.06212     -0.654    32.2675    24.6339 -9.990e-29
 157.666846     -0.637  36.359077    11.0402   -0.06215     -0.632    32.2982    24.6652 -9.990e-29
 157.666852     -0.604  36.352860    10.9940   -0.06218     -0.599    32.3327    24.7002 -9.990e-29
 157.666858     -0.571  36.350832    10.9694   -0.06216     -0.566    32.3524    24.7198 -9.990e-29
 157.666863     -0.549  36.353490    10.9700   18.48338     -0.544    32.3545    24.7213 -9.990e-29
 157.666869     -0.542  36.356371    10.9847   33.68481     -0.537    32.3443    24.7108 -9.990e-29
 157.666875     -0.545  36.354753    11.0032   36.00971     -0.540    32.3264    24.6937 -9.990e-29
 157.666881     -0.544  36.346331    11.0162   32.01895     -0.539    32.3067    24.6760 -9.990e-29
