data/oxygen options/OCNMS/OCNMS1/raw_data/2007/CTD_TH065_101307faed.cnv
* Sea-Bird SBE19 Data File:
* FileName = C:\2007_mooring_data\retrieval_101207\CTD_TH065_101307.hex
* Software Version 1.20
* Temperature SN = 2997
* Conductivity SN = 2997
* System UpLoad Time = Oct 13 2007 16:04:47
* SEACAT PROFILER V3.1c SN 2997   10/13/07  16:04:11.667
* strain gauge pressure sensor: S/N = 184829,  range = 3000 psia,  tc = 40
# nquan = 9                                 
# nvalues = 694                         
# units = specified
# name 0 = timeJ: Julian Days
# name 1 = prSM: Pressure, Strain Gauge [db]
# name 2 = c0mS/cm: Conductivity [mS/cm]
# name 3 = t090C: Temperature [ITS-90, deg C]
# name 4 = oxML/L: Oxygen, Beckman/YSI [ml/l]
# name 5 = depSM: Depth [salt water, m], lat = 47.5
# name 6 = sal00: Salinity, Practical [PSU]
# name 7 = sigma-é00: Density [sigma-theta, kg/m^3]
# name 8 = flag: flag
# span 0 = 286.515995, 286.520006       
# span 1 =     -5.185,     66.877       
# span 2 =   0.260747,  36.978189       
# span 3 =     7.6071,    12.9534       
# span 4 =   -0.07334,   32.16391       
# span 5 =     -5.142,     66.308       
# span 6 =     0.1656,    33.5862       
# span 7 =    -0.4246,    26.2213       
# span 8 = 0.0000e+00, 0.0000e+00       
# interval = seconds: 0.5
# start_time = Oct 13 2007 12:23:02 [Instrument's time stamp, header]
# bad_flag = -9.990e-29
*END*
 286.515995     -5.180 -9.990e-29    12.4728   -0.07302     -5.137 -9.990e-29 -9.990e-29 -9.990e-29
 286.516001     -5.181   0.270303    12.4857   -0.07306     -5.138     0.1712    -0.4238 -9.990e-29
 286.516007     -5.183   0.271207    12.4954   -0.07313     -5.140     0.1717    -0.4246 -9.990e-29
 286.516013     -5.185   0.272811    12.5012   -0.07322     -5.142     0.1727    -0.4245 -9.990e-29
 286.516019     -5.184   0.273927    12.5037   -0.07331     -5.141     0.1735    -0.4242 -9.990e-29
 286.516024     -5.174   0.273456    12.5016   -0.07333     -5.131     0.1732    -0.4242 -9.990e-29
 286.516030     -5.161   0.271878    12.4940   -0.07334     -5.118     0.1722    -0.4241 -9.990e-29
 286.516036     -5.146   0.270048    12.4831   -0.07331     -5.103     0.1710    -0.4236 -9.990e-29
 286.516042     -5.130   0.268299    12.4698   -0.07321     -5.087     0.1700    -0.4229 -9.990e-29
 286.516047     -5.111   0.266703    12.4528   -0.07311     -5.068     0.1690    -0.4216 -9.990e-29
 286.516053     -5.088   0.265350    12.4306   -0.07304     -5.046     0.1682    -0.4195 -9.990e-29
 286.516059     -5.063   0.264101    12.4011   -0.07305     -5.021     0.1675    -0.4165 -9.990e-29
 286.516065     -5.040   0.262399    12.3667   -0.07313     -4.998     0.1666    -0.4132 -9.990e-29
 286.516071     -5.012   0.260747    12.3360   -0.07318     -4.970     0.1656    -0.4102 -9.990e-29
 286.516076     -4.983   0.261934    12.3154   -0.06037     -4.941     0.1665    -0.4071 -9.990e-29
 286.516082     -4.959   0.270869    12.3037   -0.05974     -4.918     0.1723    -0.4012 -9.990e-29
 286.516088     -4.929   0.298357    12.2974   -0.05956     -4.888     0.1902    -0.3864 -9.990e-29
 286.516094     -4.889   0.372735    12.2936   -0.05955     -4.848     0.2390    -0.3479 -9.990e-29
 286.516100     -4.842   0.538284    12.2898   -0.05953     -4.802     0.3491    -0.2615 -9.990e-29
 286.516105     -4.792   0.808912    12.2850   -0.05951     -4.752     0.5328    -0.1176 -9.990e-29
 286.516111     -4.735   1.156156    12.2800   -0.05951     -4.696     0.7736     0.0706 -9.990e-29
 286.516117     -4.671   1.627032    12.2823   -0.05954     -4.632     1.1067     0.3297 -9.990e-29
 286.516123     -4.605   2.573679    12.3191   -0.05958     -4.567     1.7926     0.8583 -9.990e-29
 286.516128     -4.537   5.188396    12.4492   -0.05962     -4.499     3.7616     2.3681 -9.990e-29
 286.516134     -4.463  13.024605    12.6578   -0.05958     -4.426    10.0575     7.1999 -9.990e-29
 286.516140     -4.377  24.796838    12.8238   -0.05963     -4.341    20.1854    14.9783 -9.990e-29
 286.516146     -4.280  32.644732    12.9028   -0.05972     -4.244    27.2660    20.4281 -9.990e-29
 286.516152     -4.177  35.259789    12.9383   -0.05974     -4.142    29.6681    22.2779 -9.990e-29
 286.516157     -4.075  36.129378    12.9534   -0.05972     -4.041    30.4693    22.8946 -9.990e-29
 286.516163     -3.971  36.417483    12.9534   -0.05970     -3.938    30.7393    23.1034 -9.990e-29
 286.516169     -3.864  36.515010    12.9397   -0.05970     -3.832    30.8419    23.1854 -9.990e-29
 286.516175     -3.755  36.544187    12.9173   -0.05972     -3.724    30.8875    23.2250 -9.990e-29
 286.516181     -3.649  36.551803    12.8999   -0.05970     -3.619    30.9089    23.2448 -9.990e-29
 286.516186     -3.554  36.560941    12.8879   -0.05971     -3.524    30.9272    23.2613 -9.990e-29
 286.516192     -3.467  36.566436    12.8637   -0.05972     -3.438    30.9521    23.2853 -9.990e-29
 286.516198     -3.391  36.564438    12.8307   -0.05970     -3.363    30.9773    23.3110 -9.990e-29
 286.516204     -3.331  36.561852    12.8107   -0.05972     -3.303    30.9912    23.3256 -9.990e-29
 286.516209     -3.277  36.561429    12.8087   -0.05975     -3.250    30.9924    23.3270 -9.990e-29
 286.516215     -3.223  36.563197    12.8135   -0.05977     -3.196    30.9901    23.3243 -9.990e-29
 286.516221     -3.169  36.566746    12.8151   -0.05976     -3.143    30.9921    23.3255 -9.990e-29
 286.516227     -3.119  36.568996    12.8125   -0.05977     -3.093    30.9964    23.3293 -9.990e-29
 286.516233     -3.077  36.568502    12.8079   -0.05977     -3.051    30.9997    23.3327 -9.990e-29
 286.516238     -3.038  36.575298    12.8030   -0.05977     -3.013    31.0101    23.3417 -9.990e-29
 286.516244     -3.000  36.593436    12.8027   -0.05978     -2.975    31.0274    23.3552 -9.990e-29
 286.516250     -2.961  36.604530    12.8052   -0.05978     -2.936    31.0358    23.3612 -9.990e-29
 286.516256     -2.922  36.596500    12.8007   -0.05977     -2.898    31.0319    23.3591 -9.990e-29
 286.516262     -2.891  36.578860    12.7878   -0.05977     -2.867    31.0258    23.3569 -9.990e-29
 286.516267     -2.864  36.565127    12.7730   -0.05977     -2.840    31.0250    23.3591 -9.990e-29
 286.516273     -2.835  36.563940    12.7618   -0.05978     -2.811    31.0331    23.3674 -9.990e-29
 286.516279     -2.804  36.579356    12.7569   -0.05973     -2.781    31.0517    23.3827 -9.990e-29
 286.516285     -2.767  36.601131    12.7565   -0.05971     -2.744    31.0725    23.3990 -9.990e-29
 286.516291     -2.732  36.610122    12.7564   -0.05971     -2.709    31.0811    23.4056 -9.990e-29
 286.516296     -2.703  36.607703    12.7538   -0.05972     -2.680    31.0809    23.4060 -9.990e-29
 286.516302     -2.681  36.605823    12.7497   -0.05974     -2.659    31.0825    23.4080 -9.990e-29
 286.516308     -2.663  36.609300    12.7489   -0.05974     -2.641    31.0865    23.4112 -9.990e-29
 286.516314     -2.643  36.620568    12.7534   -0.05976     -2.621    31.0934    23.4157 -9.990e-29
 286.516319     -2.617  36.630581    12.7620   -0.05977     -2.595    31.0957    23.4159 -9.990e-29
 286.516325     -2.586  36.624135    12.7748   -0.05976     -2.564    31.0791    23.4006 -9.990e-29
 286.516331     -2.558  36.601083    12.7892   -0.05975     -2.537    31.0455    23.3718 -9.990e-29
 286.516337     -2.535  36.582306    12.7992   -0.05976     -2.514    31.0196    23.3498 -9.990e-29
 286.516343     -2.515  36.585974    12.8038   -0.05977     -2.494    31.0193    23.3487 -9.990e-29
 286.516348     -2.498  36.596279    12.8038   -0.05977     -2.477    31.0290    23.3562 -9.990e-29
 286.516354     -2.481  36.588876    12.7978   -0.05977     -2.460    31.0269    23.3558 -9.990e-29
 286.516360     -2.465  36.572433    12.7876   -0.05977     -2.444    31.0198    23.3522 -9.990e-29
 286.516366     -2.448  36.569914    12.7788   -0.05977     -2.428    31.0246    23.3576 -9.990e-29
 286.516372     -2.429  36.579680    12.7757   -0.05976     -2.409    31.0364    23.3673 -9.990e-29
 286.516377     -2.406  36.582272    12.7767   -0.05975     -2.386    31.0380    23.3684 -9.990e-29
 286.516383     -2.379  36.576698    12.7779   -0.05975     -2.359    31.0317    23.3633 -9.990e-29
 286.516389     -2.345  36.574626    12.7767   -0.05974     -2.325    31.0308    23.3628 -9.990e-29
 286.516395     -2.307  36.575013    12.7717   -0.05973     -2.288    31.0352    23.3672 -9.990e-29
 286.516400     -2.271  36.575049    12.7661   -0.05973     -2.252    31.0398    23.3718 -9.990e-29
 286.516406     -2.239  36.581549    12.7654   -0.05974     -2.220    31.0465    23.3772 -9.990e-29
 286.516412     -2.208  36.592002    12.7695   -0.05974     -2.190    31.0530    23.3814 -9.990e-29
 286.516418     -2.178  36.592913    12.7739   -0.05973     -2.160    31.0502    23.3784 -9.990e-29
 286.516424     -2.145  36.585534    12.7773   -0.05973     -2.127    31.0405    23.3702 -9.990e-29
 286.516429     -2.112  36.582490    12.7805   -0.05973     -2.094    31.0350    23.3653 -9.990e-29
 286.516435     -2.086  36.586487    12.7849   -0.05974     -2.069    31.0351    23.3646 -9.990e-29
 286.516441     -2.069  36.590001    12.7896   -0.05976     -2.052    31.0345    23.3633 -9.990e-29
 286.516447     -2.065  36.589905    12.7920   -0.05978     -2.048    31.0325    23.3612 -9.990e-29
 286.516453     -2.073  36.592277    12.7925   -0.05978     -2.056    31.0343    23.3625 -9.990e-29
 286.516458     -2.080  36.596956    12.7928   -0.05978     -2.063    31.0385    23.3657 -9.990e-29
 286.516464     -2.079  36.595642    12.7931   -0.05978     -2.062    31.0370    23.3645 -9.990e-29
 286.516470     -2.070  36.589986    12.7918   -0.05979     -2.053    31.0327    23.3614 -9.990e-29
 286.516476     -2.056  36.591545    12.7897   -0.05979     -2.039    31.0359    23.3643 -9.990e-29
 286.516481     -2.041  36.602999    12.7899   -0.05981     -2.024    31.0465    23.3725 -9.990e-29
 286.516487     -2.024  36.609943    12.7893   -0.05980     -2.007    31.0536    23.3780 -9.990e-29
 286.516493     -2.007  36.599249    12.7813   -0.05979     -1.990    31.0501    23.3769 -9.990e-29
 286.516499     -1.995  36.580244    12.7687   -0.05979     -1.978    31.0425    23.3734 -9.990e-29
 286.516505     -1.986  36.574714    12.7602   -0.05978     -1.969    31.0443    23.3764 -9.990e-29
 286.516510     -1.976  36.585415    12.7575   -0.05978     -1.960    31.0566    23.3864 -9.990e-29
 286.516516     -1.960  36.595257    12.7565   -0.05979     -1.944    31.0667    23.3945 -9.990e-29
 286.516522     -1.940  36.594976    12.7550   -0.05979     -1.924    31.0676    23.3955 -9.990e-29
 286.516528     -1.921  36.588159    12.7523   -0.05978     -1.905    31.0634    23.3927 -9.990e-29
 286.516534     -1.900  36.580891    12.7491   -0.05977     -1.884    31.0592    23.3901 -9.990e-29
 286.516539     -1.877  36.576411    12.7478   -0.05978     -1.861    31.0560    23.3879 -9.990e-29
 286.516545     -1.853  36.577753    12.7492   -0.05979     -1.838    31.0561    23.3877 -9.990e-29
 286.516551     -1.833  36.587306    12.7524   -0.05979     -1.818    31.0625    23.3920 -9.990e-29
 286.516557     -1.814  36.598223    12.7551   -0.05979     -1.799    31.0706    23.3977 -9.990e-29
 286.516563     -1.796  36.601554    12.7541   -0.05977     -1.781    31.0745    23.4010 -9.990e-29
 286.516568     -1.777  36.599536    12.7509   -0.05976     -1.762    31.0753    23.4022 -9.990e-29
 286.516574     -1.757  36.600728    12.7509   -0.05977     -1.742    31.0764    23.4030 -9.990e-29
 286.516580     -1.733  36.606759    12.7564   -0.05980     -1.719    31.0775    23.4029 -9.990e-29
 286.516586     -1.709  36.608890    12.7630   -0.05979     -1.695    31.0741    23.3990 -9.990e-29
 286.516591     -1.687  36.599909    12.7645   -0.05979     -1.673    31.0644    23.3912 -9.990e-29
 286.516597     -1.666  36.584697    12.7607   -0.05978     -1.652    31.0531    23.3832 -9.990e-29
 286.516603     -1.645  36.576089    12.7569   -0.05977     -1.631    31.0481    23.3800 -9.990e-29
 286.516609     -1.622  36.581143    12.7570   -0.05979     -1.608    31.0528    23.3836 -9.990e-29
 286.516615     -1.595  36.593740    12.7615   17.35139     -1.582    31.0610    23.3891 -9.990e-29
 286.516620     -1.564  36.604367    12.7671   30.20416     -1.551    31.0664    23.3922 -9.990e-29
 286.516626     -1.530  36.608170    12.7689   32.16391     -1.517    31.0685    23.3935 -9.990e-29
 286.516632     -1.501  36.599609    12.7662   28.42804     -1.488    31.0626    23.3895 -9.990e-29
 286.516638     -1.477  36.579642    12.7629   18.72356     -1.465    31.0465    23.3776 -9.990e-29
 286.516644     -1.458  36.565409    12.7620   14.76449     -1.446    31.0338    23.3680 -9.990e-29
 286.516649     -1.443  36.567682    12.7642   14.82389     -1.431    31.0341    23.3678 -9.990e-29
 286.516655     -1.431  36.576633    12.7686    9.77828     -1.419    31.0389    23.3707 -9.990e-29
 286.516661     -1.420  36.580691    12.7738    4.41980     -1.408    31.0385    23.3694 -9.990e-29
 286.516667     -1.410  36.572972    12.7797    1.96659     -1.398    31.0264    23.3588 -9.990e-29
 286.516672     -1.401  36.555558    12.7857    1.69474     -1.389    31.0050    23.3412 -9.990e-29
 286.516678     -1.392  36.542265    12.7898    3.97810     -1.380    30.9891    23.3281 -9.990e-29
 286.516684     -1.382  36.537272    12.7921    5.60355     -1.370    30.9825    23.3225 -9.990e-29
 286.516690     -1.371  36.535644    12.7928    6.09349     -1.360    30.9804    23.3208 -9.990e-29
 286.516696     -1.358  36.536370    12.7908    6.42921     -1.347    30.9827    23.3230 -9.990e-29
 286.516701     -1.342  36.541017    12.7873    6.63746     -1.331    30.9900    23.3292 -9.990e-29
 286.516707     -1.322  36.551335    12.7843    6.77674     -1.311    31.0022    23.3392 -9.990e-29
 286.516713     -1.297  36.560937    12.7822    6.86101     -1.286    31.0129    23.3480 -9.990e-29
 286.516719     -1.270  36.560796    12.7815    6.91069     -1.259    31.0134    23.3484 -9.990e-29
 286.516725     -1.247  36.553546    12.7848    6.94829     -1.237    31.0038    23.3404 -9.990e-29
 286.516730     -1.231  36.547472    12.7939    6.97889     -1.221    30.9906    23.3285 -9.990e-29
 286.516736     -1.221  36.546261    12.8044    7.00638     -1.211    30.9808    23.3189 -9.990e-29
 286.516742     -1.217  36.547183    12.8095    7.00657     -1.207    30.9775    23.3154 -9.990e-29
 286.516748     -1.215  36.546427    12.8071    7.00701     -1.205    30.9788    23.3168 -9.990e-29
 286.516753     -1.209  36.543550    12.8029    7.02026     -1.199    30.9795    23.3182 -9.990e-29
 286.516759     -1.199  36.539769    12.8040    7.04287     -1.189    30.9751    23.3145 -9.990e-29
 286.516765     -1.185  36.536769    12.8085    7.05809     -1.175    30.9685    23.3086 -9.990e-29
 286.516771     -1.169  36.535038    12.8122    7.06429     -1.159    30.9639    23.3043 -9.990e-29
 286.516777     -1.156  36.534512    12.8152    7.05590     -1.146    30.9609    23.3014 -9.990e-29
 286.516782     -1.145  36.535056    12.8190    7.05857     -1.135    30.9583    23.2987 -9.990e-29
 286.516788     -1.134  36.535717    12.8243    7.05719     -1.125    30.9546    23.2948 -9.990e-29
 286.516794     -1.124  36.536261    12.8317    7.04594     -1.115    30.9490    23.2891 -9.990e-29
 286.516800     -1.113  36.536855    12.8405    7.04611     -1.104    30.9424    23.2822 -9.990e-29
 286.516806     -1.100  36.537173    12.8463    7.02306     -1.091    30.9379    23.2777 -9.990e-29
 286.516811     -1.086  36.537644    12.8450    6.99948     -1.077    30.9394    23.2791 -9.990e-29
 286.516817     -1.068  36.538904    12.8373    6.97916     -1.059    30.9469    23.2863 -9.990e-29
 286.516823     -1.051  36.540395    12.8288    6.96755     -1.042    30.9553    23.2944 -9.990e-29
 286.516829     -1.037  36.542424    12.8236    6.96602     -1.028    30.9614    23.3002 -9.990e-29
 286.516834     -1.025  36.547698    12.8201    6.97967     -1.016    30.9693    23.3069 -9.990e-29
 286.516840     -1.015  36.557645    12.8165    6.99813     -1.007    30.9816    23.3171 -9.990e-29
 286.516846     -1.002  36.567031    12.8140    7.02035     -0.994    30.9925    23.3261 -9.990e-29
 286.516852     -0.985  36.568755    12.8156    7.04170     -0.977    30.9928    23.3260 -9.990e-29
 286.516858     -0.971  36.563996    12.8212    7.05733     -0.963    30.9837    23.3179 -9.990e-29
 286.516863     -0.960  36.557062    12.8266    7.06433     -0.952    30.9727    23.3084 -9.990e-29
 286.516869     -0.946  36.549362    12.8300    7.07223     -0.938    30.9627    23.3000 -9.990e-29
 286.516875     -0.929  36.543529    12.8322    7.07970     -0.921    30.9554    23.2939 -9.990e-29
 286.516881     -0.908  36.540198    12.8333    7.08670     -0.900    30.9513    23.2905 -9.990e-29
 286.516887     -0.885  36.537172    12.8340    7.08825     -0.878    30.9479    23.2878 -9.990e-29
 286.516892     -0.864  36.534344    12.8363    7.06734     -0.857    30.9434    23.2838 -9.990e-29
 286.516898     -0.843  36.530749    12.8396    7.04911     -0.836    30.9373    23.2784 -9.990e-29
 286.516904     -0.820  36.526643    12.8415    7.02298     -0.813    30.9318    23.2739 -9.990e-29
 286.516910     -0.795  36.526086    12.8412    7.02621     -0.788    30.9315    23.2737 -9.990e-29
 286.516916     -0.770  36.528900    12.8387    7.03452     -0.764    30.9362    23.2778 -9.990e-29
