data/oxygen options/OCNMS/OCNMS1/raw_data/2007/CTD_CE042_091807faed.cnv
* Sea-Bird SBE19 Data File:
* FileName = C:\2007_mooring_data\Service_091807\CTD_CE042_091807.hex
* Software Version 1.20
* Temperature SN = 2997
* Conductivity SN = 2997
* System UpLoad Time = Sep 18 2007 13:49:44
* SEACAT PROFILER V3.1c SN 2997   09/18/07  13:49:15.072
* strain gauge pressure sensor: S/N = 184829,  range = 3000 psia,  tc = 40
# nquan = 9                                 
# nvalues = 2069                        
# units = specified
# name 0 = timeJ: Julian Days
# name 1 = prSM: Pressure, Strain Gauge [db]
# name 2 = c0mS/cm: Conductivity [mS/cm]
# name 3 = t090C: Temperature [ITS-90, deg C]
# name 4 = oxML/L: Oxygen, Beckman/YSI [ml/l]
# name 5 = depSM: Depth [salt water, m], lat = 47.5
# name 6 = sal00: Salinity, Practical [PSU]
# name 7 = sigma-é00: Density [sigma-theta, kg/m^3]
# name 8 = flag: flag
# span 0 = 261.555602, 261.567569       
# span 1 =     -5.233,     40.331       
# span 2 =   1.139030,  38.896415       
# span 3 =     7.3791,    15.6904       
# span 4 =   -0.06712,   30.42234       
# span 5 =     -5.189,     39.990       
# span 6 =     0.6992,    33.7265       
# span 7 =    -0.4587,    26.3630       
# span 8 = 0.0000e+00, 0.0000e+00       
# interval = seconds: 0.5
# start_time = Sep 18 2007 13:20:04 [Instrument's time stamp, header]
# bad_flag = -9.990e-29
*END*
[from data line 321]
 261.557459      0.763  38.636974    13.6569    8.99866      0.757    32.2274    24.1152 -9.990e-29
 261.557465      0.772  38.638196    13.6578    9.00707      0.766    32.2278    24.1153 -9.990e-29
 261.557471      0.778  38.639446    13.6585    9.01206      0.772    32.2283    24.1156 -9.990e-29
 261.557477      0.777  38.640150    13.6587    9.00911      0.771    32.2288    24.1160 -9.990e-29
 261.557483      0.769  38.640124    13.6586    9.01168      0.763    32.2289    24.1160 -9.990e-29
 261.557488      0.753  38.639894    13.6588    9.00914      0.747    32.2285    24.1157 -9.990e-29
 261.557494      0.733  38.639714    13.6594    8.99714      0.727    32.2279    24.1151 -9.990e-29
 261.557500      0.720  38.639907    13.6606    8.99343      0.714    32.2270    24.1142 -9.990e-29
 261.557506      0.726  38.641291    13.6623    8.98499      0.720    32.2269    24.1137 -9.990e-29
 261.557512      0.751  38.642349    13.6633    8.99541      0.745    32.2270    24.1136 -9.990e-29
 261.557517      0.790  38.641126    13.6631    9.01453      0.783    32.2260    24.1129 -9.990e-29
 261.557523      0.831  38.639916    13.6630    9.01027      0.824    32.2250    24.1121 -9.990e-29
 261.557529      0.859  38.640470    13.6632    9.00450      0.852    32.2253    24.1123 -9.990e-29
 261.557535      0.864  38.641283    13.6634    8.98336      0.857    32.2259    24.1127 -9.990e-29
 261.557541      0.846  38.641754    13.6635    8.97536      0.839    32.2262    24.1130 -9.990e-29
 261.557546      0.821  38.641952    13.6630    8.97923      0.814    32.2269    24.1136 -9.990e-29
 261.557552      0.808  38.641582    13.6619    8.97902      0.801    32.2275    24.1143 -9.990e-29
 261.557558      0.812  38.640710    13.6605    8.97857      0.805    32.2278    24.1148 -9.990e-29
 261.557564      0.824  38.639297    13.6592    8.97600      0.817    32.2276    24.1149 -9.990e-29
 261.557569      0.836  38.638261    13.6588    8.97525      0.829    32.2270    24.1145 -9.990e-29
 261.557575      0.841  38.638464    13.6583    8.97714      0.834    32.2276    24.1151 -9.990e-29
 261.557581      0.834  38.638492    13.6568    8.98121      0.827    32.2289    24.1164 -9.990e-29
 261.557587      0.819  38.636702    13.6542    8.97219      0.812    32.2294    24.1173 -9.990e-29
 261.557593      0.808  38.632948    13.6508    8.97249      0.801    32.2288    24.1175 -9.990e-29
 261.557598      0.809  38.628956    13.6472    8.97844      0.802    32.2281    24.1177 -9.990e-29
 261.557604      0.818  38.626131    13.6443    8.98358      0.811    32.2279    24.1182 -9.990e-29
 261.557610      0.831  38.624632    13.6429    8.99312      0.824    32.2277    24.1183 -9.990e-29
 261.557616      0.849  38.624699    13.6431    8.98649      0.842    32.2276    24.1182 -9.990e-29
 261.557622      0.868  38.625301    13.6441    8.98149      0.861    32.2273    24.1177 -9.990e-29
 261.557627      0.882  38.625559    13.6445    8.97199      0.875    32.2272    24.1176 -9.990e-29
 261.557633      0.891  38.625815    13.6440    8.98573      0.884    32.2278    24.1182 -9.990e-29
 261.557639      0.905  38.626412    13.6427    8.98734      0.897    32.2295    24.1197 -9.990e-29
 261.557645      0.924  38.627023    13.6415    8.97285      0.916    32.2311    24.1212 -9.990e-29
 261.557650      0.941  38.626783    13.6419    8.96616      0.933    32.2305    24.1206 -9.990e-29
 261.557656      0.948  38.626490    13.6432    8.95882      0.940    32.2291    24.1193 -9.990e-29
 261.557662      0.942  38.626875    13.6439    8.96502      0.934    32.2289    24.1190 -9.990e-29
 261.557668      0.930  38.626768    13.6436    8.97306      0.922    32.2291    24.1192 -9.990e-29
 261.557674      0.930  38.625469    13.6421    8.96867      0.922    32.2291    24.1195 -9.990e-29
 261.557679      0.945  38.622368    13.6394    8.96483      0.937    32.2285    24.1196 -9.990e-29
 261.557685      0.960  38.618377    13.6376    8.97148      0.952    32.2263    24.1183 -9.990e-29
 261.557691      0.966  38.617145    13.6383    8.96829      0.958    32.2246    24.1168 -9.990e-29
 261.557697      0.973  38.619269    13.6405    8.96289      0.965    32.2247    24.1164 -9.990e-29
 261.557703      0.982  38.621976    13.6432    8.95986      0.974    32.2249    24.1161 -9.990e-29
 261.557708      0.991  38.624389    13.6461    8.96855      0.983    32.2247    24.1153 -9.990e-29
 261.557714      1.008  38.627295    13.6489    8.97541      1.000    32.2250    24.1150 -9.990e-29
 261.557720      1.027  38.630643    13.6515    8.99124      1.018    32.2260    24.1152 -9.990e-29
 261.557726      1.043  38.633661    13.6534    8.99324      1.034    32.2272    24.1157 -9.990e-29
 261.557731      1.042  38.635318    13.6537    8.98012      1.033    32.2284    24.1167 -9.990e-29
 261.557737      1.017  38.635386    13.6524    8.97300      1.009    32.2296    24.1178 -9.990e-29
 261.557743      0.975  38.634507    13.6510    8.97378      0.967    32.2300    24.1184 -9.990e-29
 261.557749      0.929  38.633187    13.6507    8.97832      0.921    32.2290    24.1177 -9.990e-29
 261.557755      0.894  38.632461    13.6513    8.98600      0.887    32.2279    24.1167 -9.990e-29
 261.557760      0.881  38.633038    13.6526    8.98951      0.874    32.2273    24.1160 -9.990e-29
 261.557766      0.894  38.635121    13.6544    8.97094      0.887    32.2277    24.1160 -9.990e-29
 261.557772      0.924  38.637557    13.6557    8.95896      0.916    32.2289    24.1166 -9.990e-29
 261.557778      0.951  38.638538    13.6569    8.95107      0.943    32.2288    24.1163 -9.990e-29
 261.557784      0.961  38.638803    13.6588    8.95275      0.953    32.2274    24.1149 -9.990e-29
 261.557789      0.955  38.639818    13.6607    8.96935      0.947    32.2268    24.1140 -9.990e-29
 261.557795      0.944  38.641248    13.6619    8.96934      0.936    32.2271    24.1140 -9.990e-29
 261.557801      0.941  38.641070    13.6627    8.95825      0.933    32.2262    24.1132 -9.990e-29
 261.557807      0.945  38.636798    13.6635    8.95181      0.937    32.2216    24.1094 -9.990e-29
 261.557813      0.945  38.633381    13.6642    8.94564      0.937    32.2178    24.1064 -9.990e-29
 261.557818      0.935  38.636908    13.6651    8.94633      0.927    32.2204    24.1081 -9.990e-29
 261.557824      0.928  38.641982    13.6660    8.95458      0.920    32.2243    24.1110 -9.990e-29
 261.557830      0.932  38.644708    13.6668    8.94114      0.924    32.2262    24.1123 -9.990e-29
 261.557836      0.947  38.646473    13.6671    8.92633      0.939    32.2276    24.1133 -9.990e-29
 261.557841      0.970  38.646818    13.6666    8.91051      0.962    32.2283    24.1140 -9.990e-29
 261.557847      0.990  38.645635    13.6647    8.91117      0.982    32.2288    24.1147 -9.990e-29
 261.557853      0.995  38.643022    13.6602    8.91782      0.987    32.2301    24.1167 -9.990e-29
 261.557859      0.990  38.637728    13.6525    8.92020      0.982    32.2317    24.1195 -9.990e-29
 261.557865      0.991  38.629417    13.6437    8.93412      0.983    32.2314    24.1210 -9.990e-29
 261.557870      1.002  38.621579    13.6377    8.93013      0.994    32.2292    24.1205 -9.990e-29
 261.557876      1.013  38.617772    13.6376    8.93638      1.005    32.2257    24.1178 -9.990e-29
 261.557882      1.014  38.617958    13.6425    8.94123      1.006    32.2218    24.1138 -9.990e-29
 261.557888      1.005  38.619572    13.6474    8.94577      0.997    32.2191    24.1108 -9.990e-29
 261.557894      0.992  38.617469    13.6493    8.94709      0.984    32.2156    24.1076 -9.990e-29
 261.557899      0.985  38.616129    13.6501    8.94365      0.977    32.2137    24.1060 -9.990e-29
 261.557905      0.992  38.624415    13.6520    8.94372      0.984    32.2198    24.1103 -9.990e-29
 261.557911      1.011  38.633743    13.6543    8.95386      1.003    32.2265    24.1150 -9.990e-29
 261.557917      1.028  38.636918    13.6560    8.96556      1.019    32.2280    24.1159 -9.990e-29
 261.557922      1.038  38.637603    13.6568    8.96477      1.029    32.2280    24.1157 -9.990e-29
 261.557928      1.043  38.636706    13.6571    8.95729      1.034    32.2269    24.1148 -9.990e-29
 261.557934      1.046  38.633584    13.6580    8.95299      1.037    32.2232    24.1118 -9.990e-29
 261.557940      1.042  38.631917    13.6596    8.95422      1.033    32.2203    24.1092 -9.990e-29
 261.557946      1.039  38.635645    13.6615    8.97437      1.030    32.2222    24.1103 -9.990e-29
 261.557951      1.046  38.641321    13.6640    8.97175      1.037    32.2253    24.1122 -9.990e-29
 261.557957      1.058  38.645291    13.6663    8.96879      1.049    32.2271    24.1131 -9.990e-29
 261.557963      1.068  38.647235    13.6671    8.96158      1.059    32.2282    24.1138 -9.990e-29
 261.557969      1.067  38.647496    13.6673    8.95628      1.058    32.2283    24.1138 -9.990e-29
 261.557975      1.057  38.646974    13.6676    8.96019      1.048    32.2276    24.1132 -9.990e-29
 261.557980      1.049  38.646648    13.6678    8.95844      1.040    32.2271    24.1128 -9.990e-29
 261.557986      1.055  38.647197    13.6681    8.94780      1.046    32.2273    24.1129 -9.990e-29
 261.557992      1.072  38.648226    13.6687    8.93207      1.063    32.2278    24.1131 -9.990e-29
 261.557998      1.084  38.648859    13.6693    8.92688      1.075    32.2279    24.1131 -9.990e-29
 261.558003      1.082  38.648808    13.6698    8.92132      1.073    32.2274    24.1126 -9.990e-29
 261.558009      1.072  38.648559    13.6700    8.93079      1.063    32.2270    24.1123 -9.990e-29
 261.558015      1.059  38.648336    13.6694    8.93984      1.050    32.2273    24.1126 -9.990e-29
 261.558021      1.054  38.646712    13.6669    8.94679      1.045    32.2279    24.1136 -9.990e-29
 261.558027      1.059  38.642077    13.6632    8.95844      1.050    32.2267    24.1134 -9.990e-29
 261.558032      1.070  38.637775    13.6612    8.95859      1.061    32.2244    24.1120 -9.990e-29
 261.558038      1.085  38.637593    13.6613    8.95740      1.076    32.2241    24.1118 -9.990e-29
 261.558044      1.099  38.639038    13.6623    8.95282      1.090    32.2246    24.1120 -9.990e-29
 261.558050      1.109  38.639544    13.6633    8.95459      1.100    32.2243    24.1115 -9.990e-29
 261.558056      1.121  38.639776    13.6640    8.95034      1.112    32.2239    24.1111 -9.990e-29
 261.558061      1.134  38.640600    13.6647    8.96970      1.125    32.2241    24.1111 -9.990e-29
 261.558067      1.146  38.641425    13.6654    8.97232      1.136    32.2242    24.1111 -9.990e-29
 261.558073      1.157  38.641660    13.6659    8.95609      1.147    32.2240    24.1108 -9.990e-29
 261.558079      1.163  38.642173    13.6663    8.94763      1.153    32.2242    24.1108 -9.990e-29
 261.558084      1.161  38.643078    13.6666    8.93653      1.151    32.2247    24.1112 -9.990e-29
 261.558090      1.155  38.643894    13.6666    8.95355      1.145    32.2255    24.1118 -9.990e-29
 261.558096      1.149  38.644580    13.6663    8.96125      1.139    32.2264    24.1126 -9.990e-29
 261.558102      1.147  38.644925    13.6659    8.95811      1.137    32.2271    24.1131 -9.990e-29
 261.558108      1.157  38.644820    13.6655    8.95768      1.147    32.2273    24.1134 -9.990e-29
 261.558113      1.175  38.644678    13.6654    8.95362      1.165    32.2272    24.1134 -9.990e-29
 261.558119      1.190  38.644863    13.6659    8.95524      1.180    32.2270    24.1131 -9.990e-29
 261.558125      1.198  38.645053    13.6663    8.94990      1.188    32.2268    24.1129 -9.990e-29
 261.558131      1.200  38.644935    13.6661    8.93015      1.190    32.2269    24.1130 -9.990e-29
 261.558137      1.201  38.644342    13.6655    8.92304      1.191    32.2268    24.1131 -9.990e-29
 261.558142      1.204  38.643598    13.6649    8.91099      1.194    32.2266    24.1130 -9.990e-29
 261.558148      1.206  38.643388    13.6640    8.91142      1.196    32.2272    24.1136 -9.990e-29
 261.558154      1.207  38.642861    13.6624    8.91823      1.197    32.2281    24.1146 -9.990e-29
 261.558160      1.215  38.640749    13.6596    8.92098      1.205    32.2285    24.1155 -9.990e-29
 261.558166      1.231  38.635911    13.6562    8.92830      1.221    32.2268    24.1149 -9.990e-29
 261.558171      1.243  38.630858    13.6551    8.93516      1.233    32.2230    24.1122 -9.990e-29
 261.558177      1.239  38.631182    13.6579    8.93658      1.229    32.2210    24.1101 -9.990e-29
 261.558183      1.219  38.635621    13.6622    8.93597      1.209    32.2215    24.1096 -9.990e-29
 261.558189      1.189  38.639994    13.6658    8.92833      1.179    32.2225    24.1097 -9.990e-29
 261.558194      1.157  38.643398    13.6679    8.93074      1.147    32.2239    24.1103 -9.990e-29
 261.558200      1.134  38.645322    13.6684    8.93796      1.125    32.2253    24.1113 -9.990e-29
 261.558206      1.127  38.646080    13.6685    8.94621      1.118    32.2259    24.1118 -9.990e-29
 261.558212      1.134  38.647240    13.6694    8.94866      1.125    32.2263    24.1118 -9.990e-29
 261.558218      1.157  38.648096    13.6703    8.95128      1.147    32.2263    24.1117 -9.990e-29
 261.558223      1.189  38.646980    13.6708    8.95277      1.179    32.2248    24.1104 -9.990e-29
 261.558229      1.218  38.646320    13.6715    8.95899      1.208    32.2236    24.1094 -9.990e-29
 261.558235      1.238  38.648033    13.6722    8.94769      1.228    32.2246    24.1100 -9.990e-29
 261.558241      1.246  38.649910    13.6725    8.93599      1.236    32.2261    24.1111 -9.990e-29
 261.558247      1.247  38.650520    13.6726    8.92543      1.237    32.2266    24.1114 -9.990e-29
 261.558252      1.245  38.650671    13.6734    8.92591      1.235    32.2260    24.1108 -9.990e-29
 261.558258      1.240  38.651117    13.6747    8.93421      1.230    32.2254    24.1101 -9.990e-29
 261.558264      1.235  38.651885    13.6758    8.91955      1.225    32.2251    24.1097 -9.990e-29
 261.558270      1.240  38.652309    13.6762    8.90907      1.230    32.2252    24.1096 -9.990e-29
 261.558275      1.254  38.651266    13.6753    8.90716      1.244    32.2250    24.1097 -9.990e-29
 261.558281      1.270  38.647919    13.6718    8.91372      1.259    32.2248    24.1102 -9.990e-29
 261.558287      1.285  38.642285    13.6661    8.91618      1.274    32.2244    24.1110 -9.990e-29
 261.558293      1.299  38.638060    13.6613    8.92763      1.288    32.2245    24.1121 -9.990e-29
 261.558299      1.314  38.636891    13.6583    8.92333      1.303    32.2259    24.1138 -9.990e-29
 261.558304      1.325  38.632724    13.6547    8.93479      1.314    32.2251    24.1139 -9.990e-29
 261.558310      1.326  38.627284    13.6510    8.90689      1.315    32.2231    24.1131 -9.990e-29
 261.558316      1.315  38.628449    13.6512    8.86803      1.304    32.2241    24.1138 -9.990e-29
 261.558322      1.298  38.633841    13.6548    8.86234      1.287    32.2260    24.1146 -9.990e-29
 261.558328      1.273  38.637184    13.6559    8.84848      1.262    32.2282    24.1161 -9.990e-29
 261.558333      1.246  38.635639    13.6503    8.86156      1.236    32.2315    24.1198 -9.990e-29
 261.558339      1.229  38.628820    13.6357    8.88468      1.219    32.2375    24.1273 -9.990e-29
 261.558345      1.225  38.612678    13.6156    8.89737      1.215    32.2394    24.1329 -9.990e-29
 261.558351      1.225  38.585869    13.6055    8.91132      1.215    32.2230    24.1222 -9.990e-29
 261.558356      1.212  38.571511    13.6143    8.91832      1.202    32.2023    24.1044 -9.990e-29
 261.558362      1.177  38.585210    13.6284    8.92059      1.167    32.2031    24.1022 -9.990e-29
 261.558368      1.131  38.605412    13.6341    8.92804      1.122    32.2171    24.1119 -9.990e-29
 261.558374      1.095  38.613631    13.6321    8.93351      1.086    32.2265    24.1195 -9.990e-29
