data/oxygen options/OCNMS/OCNMS1/raw_data/2007/CTD_CE065_060607faed.cnv
* Sea-Bird SBE19 Data File:
* FileName = C:\2007_mooring_data\CTD_CE065_060607.hex
* Software Version 1.1.6
* Temperature SN = 2997
* Conductivity SN = 2997
* System UpLoad Time = Jun 06 2007 11:39:35
* SEACAT PROFILER V3.1c SN 2997   06/06/07  11:39:10.743
* strain gauge pressure sensor: S/N = 184829,  range = 3000 psia,  tc = 40
# nquan = 9                                 
# nvalues = 2036                        
# units = specified
# name 0 = timeJ: Julian Days
# name 1 = prSM: Pressure, Strain Gauge [db]
# name 2 = c0mS/cm: Conductivity [mS/cm]
# name 3 = t090C: Temperature [ITS-90, deg C]
# name 4 = oxML/L: Oxygen, Beckman/YSI [ml/l]
# name 5 = depSM: Depth [salt water, m], lat = 47.5
# name 6 = sal00: Salinity, Practical [PSU]
# name 7 = sigma-é00: Density [sigma-theta, kg/m^3]
# name 8 = flag: flag
# span 0 = 157.453461, 157.465237       
# span 1 =     -5.418,     62.188       
# span 2 =   0.737011,  36.587544       
# span 3 =     7.2916,    12.1794       
# span 4 =   -0.07407,   34.00852       
# span 5 =     -5.373,     61.660       
# span 6 =     0.4888,    33.7792       
# span 7 =    -0.1045,    26.4168       
# span 8 = 0.0000e+00, 0.0000e+00       
# interval = seconds: 0.5
# start_time = Jun 06 2007 10:52:59 [Instrument's time stamp, header]
# bad_flag = -9.990e-29
*END*
[from data line 1921]
 157.464578     10.928  34.793572     9.2198    4.91079     10.837    32.3379    25.0000 -9.990e-29
 157.464583     10.907  34.810654     9.2292    4.88433     10.816    32.3470    25.0057 -9.990e-29
 157.464589     10.897  34.802612     9.2247    4.86374     10.806    32.3428    25.0031 -9.990e-29
 157.464595     10.898  34.792920     9.2180    4.81107     10.807    32.3389    25.0010 -9.990e-29
 157.464601     10.910  34.786406     9.2052    4.75648     10.819    32.3437    25.0069 -9.990e-29
 157.464606     10.933  34.779426     9.1829    4.71415     10.841    32.3567    25.0205 -9.990e-29
 157.464612     10.966  34.766410     9.1583    4.70108     10.874    32.3656    25.0313 -9.990e-29
 157.464618     11.001  34.746818     9.1441    4.70896     10.909    32.3582    25.0278 -9.990e-29
 157.464624     11.032  34.733572     9.1401    4.69329     10.940    32.3482    25.0205 -9.990e-29
 157.464630     11.056  34.733110     9.1312    4.67145     10.963    32.3557    25.0279 -9.990e-29
 157.464635     11.076  34.731358     9.1108    4.65929     10.983    32.3725    25.0441 -9.990e-29
 157.464641     11.092  34.718697     9.0944    4.67100     10.999    32.3743    25.0481 -9.990e-29
 157.464647     11.106  34.705711     9.0981    4.70186     11.013    32.3574    25.0344 -9.990e-29
 157.464653     11.110  34.706470     9.1160    4.72914     11.017    32.3420    25.0195 -9.990e-29
 157.464659     11.100  34.719177     9.1285    4.77119     11.007    32.3438    25.0189 -9.990e-29
 157.464664     11.084  34.726585     9.1251    4.82319     10.991    32.3545    25.0279 -9.990e-29
 157.464670     11.064  34.719519     9.1161    4.88828     10.971    32.3554    25.0299 -9.990e-29
 157.464676     11.041  34.709299     9.1259    4.96216     10.949    32.3359    25.0132 -9.990e-29
 157.464682     11.007  34.717610     9.1645    5.01241     10.915    32.3095    24.9865 -9.990e-29
 157.464688     10.961  34.750487     9.2109    5.05615     10.869    32.3015    24.9729 -9.990e-29
 157.464693     10.917  34.787864     9.2465    5.06940     10.826    32.3078    24.9723 -9.990e-29
 157.464699     10.894  34.816804     9.2674    5.01885     10.803    32.3188    24.9775 -9.990e-29
 157.464705     10.899  34.834424     9.2742    4.95305     10.808    32.3308    24.9859 -9.990e-29
 157.464711     10.923  34.838998     9.2748    4.88114     10.832    32.3349    24.9890 -9.990e-29
 157.464716     10.952  34.838872     9.2711    4.81259     10.860    32.3381    24.9921 -9.990e-29
 157.464722     10.977  34.837798     9.2593    4.74055     10.885    32.3477    25.0014 -9.990e-29
 157.464728     11.001  34.831541     9.2371    4.66641     10.909    32.3614    25.0156 -9.990e-29
 157.464734     11.026  34.812321     9.1968    4.62596     10.934    32.3781    25.0350 -9.990e-29
 157.464740     11.048  34.766280     9.1416    4.64999     10.956    32.3806    25.0457 -9.990e-29
 157.464745     11.061  34.704897     9.1001    4.70366     10.968    32.3548    25.0320 -9.990e-29
 157.464751     11.061  34.666838     9.0914    4.79173     10.968    32.3233    25.0087 -9.990e-29
 157.464757     11.048  34.671414     9.1045    4.86849     10.956    32.3162    25.0011 -9.990e-29
 157.464763     11.021  34.702855     9.1272    4.92293     10.929    32.3281    25.0069 -9.990e-29
 157.464769     10.984  34.734137     9.1549    4.91112     10.892    32.3353    25.0082 -9.990e-29
 157.464774     10.945  34.763253     9.1826    4.88597     10.853    32.3403    25.0077 -9.990e-29
 157.464780     10.916  34.795395     9.2058    4.83803     10.825    32.3525    25.0136 -9.990e-29
 157.464786     10.903  34.817930     9.2179    4.76221     10.812    32.3648    25.0213 -9.990e-29
 157.464792     10.914  34.823354     9.2088    4.70769     10.823    32.3786    25.0336 -9.990e-29
 157.464797     10.950  34.809375     9.1701    4.68084     10.858    32.3993    25.0558 -9.990e-29
 157.464803     11.000  34.774733     9.1091    4.69346     10.908    32.4189    25.0807 -9.990e-29
 157.464809     11.050  34.725369     9.0577    4.72515     10.957    32.4146    25.0854 -9.990e-29
 157.464815     11.087  34.684021     9.0474    4.79305     10.994    32.3811    25.0607 -9.990e-29
 157.464821     11.100  34.676263     9.0771    4.86927     11.007    32.3460    25.0287 -9.990e-29
 157.464826     11.089  34.693980     9.1236    4.91642     10.996    32.3222    25.0028 -9.990e-29
 157.464832     11.071  34.724360     9.1714    4.91497     10.978    32.3102    24.9860 -9.990e-29
 157.464838     11.063  34.766437     9.2112    4.90026     10.970    32.3176    24.9855 -9.990e-29
 157.464844     11.063  34.801773     9.2331    4.87096     10.970    32.3342    24.9951 -9.990e-29
 157.464850     11.063  34.808541     9.2391    4.83154     10.970    32.3358    24.9953 -9.990e-29
 157.464855     11.054  34.799138     9.2376    4.80460     10.961    32.3275    24.9890 -9.990e-29
 157.464861     11.036  34.795781     9.2275    4.77856     10.944    32.3331    24.9951 -9.990e-29
 157.464867     11.017  34.792874     9.2051    4.76443     10.925    32.3505    25.0121 -9.990e-29
 157.464873     10.999  34.779813     9.1777    4.76163     10.907    32.3618    25.0253 -9.990e-29
 157.464878     10.985  34.761044     9.1574    4.76927     10.893    32.3609    25.0278 -9.990e-29
 157.464884     10.979  34.744611     9.1470    4.77746     10.887    32.3533    25.0235 -9.990e-29
 157.464890     10.973  34.733261     9.1428    4.78417     10.881    32.3454    25.0180 -9.990e-29
 157.464896     10.956  34.733160     9.1452    4.80529     10.864    32.3431    25.0158 -9.990e-29
 157.464902     10.936  34.744732     9.1550    4.82861     10.844    32.3462    25.0167 -9.990e-29
 157.464907     10.926  34.757621     9.1658    4.83391     10.835    32.3497    25.0177 -9.990e-29
 157.464913     10.928  34.767713     9.1724    4.84178     10.837    32.3542    25.0202 -9.990e-29
 157.464919     10.939  34.777255     9.1738    4.85383     10.847    32.3628    25.0267 -9.990e-29
 157.464925     10.951  34.778230     9.1698    4.85649     10.859    32.3674    25.0309 -9.990e-29
 157.464931     10.955  34.766894     9.1685    4.85441     10.863    32.3569    25.0229 -9.990e-29
 157.464936     10.948  34.761206     9.1793    4.81970     10.856    32.3412    25.0089 -9.990e-29
 157.464942     10.938  34.769274     9.1961    4.77292     10.846    32.3343    25.0009 -9.990e-29
 157.464948     10.933  34.779994     9.2037    4.73134     10.841    32.3385    25.0030 -9.990e-29
 157.464954     10.933  34.785800     9.1957    4.69580     10.841    32.3517    25.0146 -9.990e-29
 157.464959     10.942  34.782106     9.1772    4.66356     10.850    32.3647    25.0276 -9.990e-29
 157.464965     10.960  34.769035     9.1529    4.64604     10.868    32.3732    25.0381 -9.990e-29
 157.464971     10.980  34.748214     9.1231    4.65521     10.888    32.3788    25.0471 -9.990e-29
 157.464977     10.994  34.712058     9.0938    4.71082     10.902    32.3680    25.0433 -9.990e-29
 157.464983     10.996  34.674575     9.0801    4.77144     10.904    32.3416    25.0248 -9.990e-29
 157.464988     10.980  34.667057     9.0883    4.82999     10.888    32.3264    25.0116 -9.990e-29
 157.464994     10.951  34.689004     9.1104    4.90658     10.859    32.3290    25.0102 -9.990e-29
 157.465000     10.915  34.716988     9.1361    4.97166     10.824    32.3347    25.0106 -9.990e-29
 157.465006     10.877  34.742359     9.1608    5.00302     10.786    32.3385    25.0098 -9.990e-29
 157.465012     10.850  34.770922     9.1891    4.96240     10.759    32.3424    25.0083 -9.990e-29
 157.465017     10.838  34.805454     9.2177    4.89381     10.747    32.3521    25.0114 -9.990e-29
 157.465023     10.838  34.829779     9.2303    4.82604     10.747    32.3658    25.0202 -9.990e-29
 157.465029     10.841  34.827569     9.2273    4.74415     10.750    32.3662    25.0210 -9.990e-29
 157.465035     10.839  34.814938     9.2199    4.67705     10.748    32.3599    25.0172 -9.990e-29
 157.465041     10.826  34.804757     9.2008    4.63809     10.735    32.3667    25.0255 -9.990e-29
 157.465046     10.803  34.782888     9.1518    4.63068     10.713    32.3886    25.0503 -9.990e-29
 157.465052     10.763  34.737550     9.0868    4.64798     10.673    32.4008    25.0701 -9.990e-29
 157.465058     10.687  34.686766     9.0545    4.74781     10.598    32.3776    25.0569 -9.990e-29
 157.465064     10.552  34.668194     9.0769    4.95060     10.464    32.3381    25.0225 0.0000e+00
 157.465069     10.360  34.689567     9.1355    5.23400     10.273    32.3071    24.9891 0.0000e+00
 157.465075     10.119  34.728369     9.2129    5.53881     10.034    32.2772    24.9536 0.0000e+00
 157.465081      9.830  34.775244     9.3007    5.93904      9.748    32.2463    24.9156 0.0000e+00
 157.465087      9.498  34.833845     9.3972    6.34090      9.419    32.2197    24.8796 0.0000e+00
 157.465093      9.126  34.899923     9.5277    6.68198      9.050    32.1704    24.8202 0.0000e+00
 157.465098      8.721  34.965180     9.7501    7.01197      8.648    32.0384    24.6812 0.0000e+00
 157.465104      8.291  35.054978    10.0565    7.37024      8.222    31.8582    24.4905 0.0000e+00
 157.465110      7.848  35.186479    10.3252    7.77907      7.782    31.7549    24.3653 0.0000e+00
 157.465116      7.406  35.311943    10.4835    8.09993      7.344    31.7424    24.3288 0.0000e+00
 157.465122      6.972  35.404756    10.5700    8.41277      6.914    31.7598    24.3277 0.0000e+00
 157.465127      6.539  35.475480    10.6417    8.62685      6.484    31.7680    24.3218 0.0000e+00
 157.465133      6.096  35.528177    10.7502    8.76893      6.045    31.7262    24.2707 0.0000e+00
 157.465139      5.638  35.577055    10.9790    8.88967      5.591    31.5771    24.1151 0.0000e+00
 157.465145      5.164  35.680565    11.3227   10.52390      5.121    31.3849    23.9053 0.0000e+00
 157.465150      4.684  35.871328    11.6180   10.71977      4.645    31.3206    23.8026 0.0000e+00
 157.465156      4.209  36.066226    11.7747    9.85612      4.174    31.3772    23.8182 0.0000e+00
 157.465162      3.753  36.196092    11.8408    9.05353      3.722    31.4470    23.8604 0.0000e+00
 157.465168      3.321  36.261452    11.8683    8.91881      3.293    31.4870    23.8864 0.0000e+00
 157.465174      2.906  36.263688    11.8837    8.78572      2.882    31.4764    23.8752 0.0000e+00
 157.465179      2.507  36.198500    11.9068    8.65411      2.486    31.3942    23.8072 0.0000e+00
 157.465185      2.134  35.993552    11.9433 -9.990e-29      2.116    31.1663    23.6238 0.0000e+00
 157.465191      1.794  35.357078    11.9828 -9.990e-29      1.779    30.5227    23.1174 0.0000e+00
 157.465197      1.489  33.378774    12.0065 -9.990e-29      1.477    28.6170    21.6361 0.0000e+00
 157.465203      1.232  27.348580    11.9990 -9.990e-29      1.222    22.9735    17.2695 0.0000e+00
 157.465208      1.030  18.787558    11.9685 -9.990e-29      1.021    15.2455    11.3037 0.0000e+00
 157.465214      0.880  16.221916    11.9340 -9.990e-29      0.873    13.0067     9.5800 -9.990e-29
 157.465220      0.772  22.037431    11.9017 -9.990e-29      0.766    18.1778    13.5786 -9.990e-29
 157.465226      0.699  29.523334    11.8743 -9.990e-29      0.693    25.0766    18.9176 -9.990e-29
 157.465231      0.658  33.775599    11.8627 -9.990e-29      0.653    29.1064    22.0410 -9.990e-29
 157.465237      0.644  35.221598 -9.990e-29 -9.990e-29      0.639 -9.990e-29 -9.990e-29 -9.990e-29
