data/oxygen options/OCNMS/OCNMS1/raw_data/2007/CTD_CA065_071007faed.cnv
* Sea-Bird SBE19 Data File:
* FileName = C:\2007_mooring_data\CTD_CA065_071007.hex
* Software Version 1.1.6
* Temperature SN = 2997
* Conductivity SN = 2997
* System UpLoad Time = Jul 10 2007 16:03:44
* SEACAT PROFILER V3.1c SN 2997   07/10/07  16:02:43.478
* strain gauge pressure sensor: S/N = 184829,  range = 3000 psia,  tc = 40
# nquan = 9                                 
# nvalues = 1978                        
# units = specified
# name 0 = timeJ: Julian Days
# name 1 = prSM: Pressure, Strain Gauge [db]
# name 2 = c0mS/cm: Conductivity [mS/cm]
# name 3 = t090C: Temperature [ITS-90, deg C]
# name 4 = oxML/L: Oxygen, Beckman/YSI [ml/l]
# name 5 = depSM: Depth [salt water, m], lat = 47.5
# name 6 = sal00: Salinity, Practical [PSU]
# name 7 = sigma-é00: Density [sigma-theta, kg/m^3]
# name 8 = flag: flag
# span 0 = 191.586169, 191.597610       
# span 1 =     -6.153,     65.433       
# span 2 =   0.490414,  39.480402       
# span 3 =     6.5664,    17.4825       
# span 4 =  -13.63867,   27.77175       
# span 5 =     -6.102,     64.877       
# span 6 =     0.2795,    33.9396       
# span 7 =    -1.0892,    26.6410       
# span 8 = 0.0000e+00, 0.0000e+00       
# interval = seconds: 0.5
# start_time = Jul 10 2007 14:04:05 [Instrument's time stamp, header]
# bad_flag = -9.990e-29
*END*
[from data line 1281]
 191.593582     31.108  34.066089     7.6383    3.16097     30.846    33.0292    25.7787 -9.990e-29
 191.593588     31.110  34.066281     7.6392    3.16461     30.848    33.0286    25.7781 -9.990e-29
 191.593594     31.076  34.066100     7.6400    3.16353     30.814    33.0277    25.7772 -9.990e-29
 191.593600     31.016  34.065857     7.6409    3.15896     30.755    33.0266    25.7762 -9.990e-29
 191.593605     30.944  34.065787     7.6421    3.14623     30.683    33.0254    25.7751 -9.990e-29
 191.593611     30.877  34.065790     7.6435    3.14048     30.617    33.0241    25.7739 -9.990e-29
 191.593617     30.831  34.065867     7.6447    3.14283     30.571    33.0231    25.7729 -9.990e-29
 191.593623     30.817  34.066117     7.6453    3.14901     30.558    33.0228    25.7726 -9.990e-29
 191.593628     30.837  34.066311     7.6451    3.16155     30.577    33.0232    25.7730 -9.990e-29
 191.593634     30.882  34.066142     7.6443    3.16248     30.622    33.0237    25.7735 -9.990e-29
 191.593640     30.922  34.065937     7.6441    3.16319     30.662    33.0237    25.7735 -9.990e-29
 191.593646     30.940  34.065979     7.6454    3.15234     30.679    33.0225    25.7724 -9.990e-29
 191.593652     30.941  34.066316     7.6474    3.14629     30.680    33.0209    25.7709 -9.990e-29
 191.593657     30.942  34.066829     7.6487    3.15479     30.681    33.0202    25.7702 -9.990e-29
 191.593663     30.955  34.067080     7.6488    3.15005     30.694    33.0204    25.7703 -9.990e-29
 191.593669     30.983  34.066839     7.6474    3.15230     30.722    33.0215    25.7713 -9.990e-29
 191.593675     31.009  34.066338     7.6453    3.15069     30.748    33.0229    25.7728 -9.990e-29
 191.593681     31.014  34.066024     7.6444    3.14888     30.753    33.0234    25.7733 -9.990e-29
 191.593686     30.997  34.066033     7.6451    3.15194     30.736    33.0228    25.7727 -9.990e-29
 191.593692     30.976  34.066370     7.6463    3.16046     30.715    33.0220    25.7719 -9.990e-29
 191.593698     30.957  34.066919     7.6476    3.16234     30.696    33.0214    25.7712 -9.990e-29
 191.593704     30.939  34.067288     7.6491    3.15448     30.678    33.0204    25.7702 -9.990e-29
 191.593709     30.926  34.067401     7.6501    3.15058     30.666    33.0195    25.7694 -9.990e-29
 191.593715     30.924  34.067404     7.6498    3.16332     30.664    33.0198    25.7697 -9.990e-29
 191.593721     30.938  34.067298     7.6483    3.16026     30.677    33.0211    25.7709 -9.990e-29
 191.593727     30.965  34.066937     7.6466    3.15401     30.704    33.0223    25.7721 -9.990e-29
 191.593733     30.994  34.066395     7.6456    3.14738     30.733    33.0227    25.7725 -9.990e-29
 191.593738     31.013  34.066062     7.6458    3.14246     30.752    33.0221    25.7721 -9.990e-29
 191.593744     31.020  34.066048     7.6466    3.14827     30.759    33.0214    25.7713 -9.990e-29
 191.593750     31.019  34.066328     7.6473    3.15263     30.758    33.0210    25.7710 -9.990e-29
 191.593756     31.019  34.066712     7.6478    3.15310     30.758    33.0209    25.7708 -9.990e-29
 191.593762     31.019  34.066586     7.6480    3.16184     30.758    33.0206    25.7706 -9.990e-29
 191.593767     31.008  34.066336     7.6481    3.15414     30.747    33.0203    25.7703 -9.990e-29
 191.593773     30.979  34.066744     7.6484    3.16122     30.718    33.0204    25.7704 -9.990e-29
 191.593779     30.949  34.067227     7.6489    3.16021     30.688    33.0205    25.7703 -9.990e-29
 191.593785     30.931  34.067304     7.6490    3.16684     30.671    33.0205    25.7703 -9.990e-29
 191.593791     30.935  34.067075     7.6487    3.16294     30.675    33.0205    25.7704 -9.990e-29
 191.593796     30.964  34.066790     7.6482    3.15740     30.703    33.0207    25.7706 -9.990e-29
 191.593802     31.012  34.066623     7.6463    3.14673     30.751    33.0223    25.7721 -9.990e-29
 191.593808     31.060  34.066347     7.6438    3.14303     30.798    33.0243    25.7741 -9.990e-29
 191.593814     31.090  34.066145     7.6431    3.14666     30.828    33.0248    25.7745 -9.990e-29
 191.593819     31.095  34.066302     7.6443    3.15714     30.833    33.0238    25.7736 -9.990e-29
 191.593825     31.075  34.066462     7.6464    3.16308     30.813    33.0220    25.7719 -9.990e-29
 191.593831     31.039  34.066270     7.6483    3.15455     30.778    33.0200    25.7700 -9.990e-29
 191.593837     31.005  34.066028     7.6492    3.15075     30.744    33.0189    25.7690 -9.990e-29
 191.593843     30.987  34.065974     7.6483    3.15592     30.726    33.0197    25.7698 -9.990e-29
 191.593848     30.986  34.066033     7.6465    3.15895     30.725    33.0215    25.7714 -9.990e-29
 191.593854     30.991  34.066278     7.6453    3.16351     30.730    33.0229    25.7727 -9.990e-29
 191.593860     31.000  34.066472     7.6451    3.16123     30.739    33.0233    25.7730 -9.990e-29
 191.593866     31.008  34.066312     7.6457    3.14829     30.747    33.0225    25.7724 -9.990e-29
 191.593872     31.012  34.066140     7.6464    3.14622     30.751    33.0217    25.7716 -9.990e-29
 191.593877     31.021  34.066283     7.6466    3.14689     30.760    33.0216    25.7715 -9.990e-29
 191.593883     31.043  34.066372     7.6460    3.14904     30.782    33.0223    25.7721 -9.990e-29
 191.593889     31.072  34.065961     7.6447    3.15270     30.810    33.0231    25.7729 -9.990e-29
 191.593895     31.096  34.065621     7.6437    3.15253     30.834    33.0236    25.7735 -9.990e-29
 191.593900     31.108  34.066016     7.6438    3.15330     30.846    33.0239    25.7738 -9.990e-29
 191.593906     31.106  34.066549     7.6449    3.16181     30.844    33.0235    25.7732 -9.990e-29
 191.593912     31.089  34.066806     7.6465    3.16281     30.827    33.0222    25.7721 -9.990e-29
 191.593918     31.059  34.067130     7.6481    3.16354     30.797    33.0211    25.7709 -9.990e-29
 191.593924     31.029  34.067388     7.6487    3.16156     30.768    33.0208    25.7706 -9.990e-29
 191.593929     31.009  34.067365     7.6481    3.15753     30.748    33.0214    25.7711 -9.990e-29
 191.593935     31.010  34.067026     7.6466    3.14860     30.749    33.0224    25.7722 -9.990e-29
 191.593941     31.041  34.066480     7.6440    3.14642     30.780    33.0243    25.7740 -9.990e-29
 191.593947     31.091  34.066116     7.6413    3.14639     30.829    33.0264    25.7761 -9.990e-29
 191.593953     31.138  34.066006     7.6401    3.14950     30.876    33.0274    25.7770 -9.990e-29
 191.593958     31.168  34.066000     7.6408    3.15300     30.906    33.0268    25.7764 -9.990e-29
 191.593964     31.182  34.066084     7.6424    3.15327     30.919    33.0253    25.7750 -9.990e-29
 191.593970     31.190  34.066368     7.6438    3.16190     30.927    33.0243    25.7740 -9.990e-29
 191.593976     31.193  34.066669     7.6446    3.15564     30.930    33.0239    25.7736 -9.990e-29
 191.593981     31.182  34.066825     7.6451    3.16160     30.919    33.0235    25.7733 -9.990e-29
 191.593987     31.156  34.067040     7.6457    3.16127     30.894    33.0232    25.7729 -9.990e-29
 191.593993     31.126  34.067040     7.6462    3.15928     30.864    33.0228    25.7725 -9.990e-29
 191.593999     31.109  34.066822     7.6459    3.16107     30.847    33.0228    25.7726 -9.990e-29
 191.594005     31.115  34.066654     7.6445    3.15783     30.853    33.0240    25.7737 -9.990e-29
 191.594010     31.141  34.066312     7.6424    3.14944     30.879    33.0256    25.7753 -9.990e-29
 191.594016     31.166  34.065899     7.6408    3.14775     30.904    33.0266    25.7763 -9.990e-29
 191.594022     31.176  34.065980     7.6407    3.14782     30.913    33.0268    25.7765 -9.990e-29
 191.594028     31.167  34.066660     7.6417    3.14927     30.905    33.0266    25.7762 -9.990e-29
 191.594034     31.137  34.067160     7.6427    3.16193     30.875    33.0262    25.7757 -9.990e-29
 191.594039     31.091  34.067023     7.6435    3.16402     30.829    33.0253    25.7749 -9.990e-29
 191.594045     31.041  34.066624     7.6441    3.16405     30.780    33.0243    25.7740 -9.990e-29
 191.594051     31.006  34.066551     7.6447    3.16183     30.745    33.0237    25.7735 -9.990e-29
 191.594057     30.996  34.066705     7.6448    3.14966     30.735    33.0238    25.7735 -9.990e-29
 191.594063     31.016  34.066730     7.6438    3.14718     30.755    33.0248    25.7744 -9.990e-29
 191.594068     31.058  34.066657     7.6424    3.14718     30.796    33.0260    25.7756 -9.990e-29
 191.594074     31.107  34.066386     7.6412    3.14903     30.845    33.0268    25.7764 -9.990e-29
 191.594080     31.155  34.066115     7.6403    3.14486     30.893    33.0274    25.7769 -9.990e-29
 191.594086     31.194  34.066039     7.6395    3.15099     30.931    33.0280    25.7776 -9.990e-29
 191.594091     31.219  34.066052     7.6389    3.15327     30.956    33.0286    25.7781 -9.990e-29
 191.594097     31.228  34.066168     7.6393    3.15559     30.965    33.0283    25.7779 -9.990e-29
 191.594103     31.221  34.066538     7.6412    3.16603     30.958    33.0269    25.7765 -9.990e-29
 191.594109     31.198  34.067095     7.6438    3.16499     30.935    33.0251    25.7747 -9.990e-29
 191.594115     31.156  34.067456     7.6460    3.16422     30.894    33.0234    25.7730 -9.990e-29
 191.594120     31.103  34.067540     7.6471    3.16260     30.841    33.0225    25.7721 -9.990e-29
 191.594126     31.052  34.067457     7.6472    3.15854     30.791    33.0223    25.7720 -9.990e-29
 191.594132     31.012  34.067095     7.6466    3.15864     30.751    33.0225    25.7722 -9.990e-29
 191.594138     30.989  34.066532     7.6450    3.15003     30.728    33.0234    25.7732 -9.990e-29
 191.594144     30.991  34.066134     7.6427    3.14809     30.730    33.0252    25.7749 -9.990e-29
 191.594149     31.022  34.065930     7.6400    3.14808     30.761    33.0275    25.7771 -9.990e-29
 191.594155     31.075  34.065646     7.6376    3.15854     30.813    33.0295    25.7790 -9.990e-29
 191.594161     31.132  34.065458     7.6361    3.15592     30.870    33.0306    25.7801 -9.990e-29
 191.594167     31.176  34.065674     7.6362    3.16277     30.913    33.0308    25.7802 -9.990e-29
 191.594172     31.200  34.066016     7.6373    3.16291     30.937    33.0301    25.7795 -9.990e-29
 191.594178     31.211  34.066377     7.6383    3.15201     30.948    33.0295    25.7789 -9.990e-29
 191.594184     31.223  34.066675     7.6387    3.16042     30.960    33.0294    25.7788 -9.990e-29
 191.594190     31.243  34.066747     7.6389    3.15831     30.980    33.0293    25.7787 -9.990e-29
 191.594196     31.266  34.066687     7.6390    3.15139     31.003    33.0292    25.7785 -9.990e-29
 191.594201     31.280  34.066412     7.6393    3.16020     31.017    33.0286    25.7780 -9.990e-29
 191.594207     31.281  34.066111     7.6394    3.15854     31.018    33.0281    25.7777 -9.990e-29
 191.594213     31.273  34.065940     7.6389    3.15229     31.010    33.0284    25.7780 -9.990e-29
 191.594219     31.261  34.065670     7.6381    3.15172     30.998    33.0289    25.7785 -9.990e-29
 191.594225     31.240  34.065499     7.6377    3.14822     30.977    33.0291    25.7787 -9.990e-29
 191.594230     31.203  34.065757     7.6383    3.15097     30.940    33.0288    25.7784 -9.990e-29
 191.594236     31.149  34.066225     7.6393    3.15447     30.887    33.0284    25.7779 -9.990e-29
 191.594242     31.082  34.066404     7.6399    3.16321     30.820    33.0281    25.7776 -9.990e-29
 191.594248     31.021  34.065969     7.6399    3.16498     30.760    33.0276    25.7772 -9.990e-29
 191.594253     30.981  34.065460     7.6396    3.16492     30.720    33.0274    25.7771 -9.990e-29
 191.594259     30.974  34.065318     7.6392    3.16233     30.713    33.0276    25.7773 -9.990e-29
 191.594265     30.995  34.065353     7.6388    3.15803     30.734    33.0280    25.7777 -9.990e-29
 191.594271     31.032  34.065606     7.6382    3.15017     30.771    33.0289    25.7784 -9.990e-29
 191.594277     31.084  34.065851     7.6371    3.15746     30.822    33.0301    25.7796 -9.990e-29
 191.594282     31.140  34.065852     7.6358    3.15068     30.878    33.0314    25.7807 -9.990e-29
 191.594288     31.184  34.065610     7.6348    3.15041     30.921    33.0320    25.7814 -9.990e-29
 191.594294     31.204  34.065357     7.6349    3.15209     30.941    33.0316    25.7811 -9.990e-29
 191.594300     31.195  34.065311     7.6358    3.15001     30.932    33.0307    25.7803 -9.990e-29
 191.594306     31.149  34.065409     7.6376    3.15294     30.887    33.0292    25.7788 -9.990e-29
 191.594311     31.070  34.065780     7.6401    3.15353     30.808    33.0272    25.7769 -9.990e-29
 191.594317     30.966  34.066353     7.6419    3.16131     30.705    33.0262    25.7758 -9.990e-29
 191.594323     30.849  34.066772     7.6416    3.16298     30.589    33.0270    25.7765 -9.990e-29
 191.594329     30.732  34.066472     7.6398    3.16158     30.473    33.0284    25.7778 -9.990e-29
 191.594334     30.601  34.065613     7.6385    3.15694     30.343    33.0288    25.7783 0.0000e+00
 191.594340     30.440  34.065288     7.6387    3.14836     30.184    33.0283    25.7779 0.0000e+00
 191.594346     30.248  34.065621     7.6397    3.14010     29.993    33.0278    25.7774 0.0000e+00
 191.594352     30.028  34.065935     7.6409    3.14280     29.775    33.0271    25.7767 0.0000e+00
 191.594358     29.785  34.066088     7.6428    3.15779     29.534    33.0256    25.7752 0.0000e+00
 191.594363     29.520  34.066282     7.6454    3.17605     29.272    33.0235    25.7731 0.0000e+00
 191.594369     29.224  34.066773     7.6492    3.18599     28.978    33.0205    25.7703 0.0000e+00
 191.594375     28.884  34.067654     7.6575    3.18446     28.641    33.0138    25.7638 0.0000e+00
 191.594381     28.494  34.069538     7.6756    3.18518     28.254    32.9988    25.7495 0.0000e+00
 191.594387     28.057  34.074375     7.7089    3.18976     27.821    32.9726    25.7242 0.0000e+00
 191.594392     27.581  34.084132     7.7621    3.19210     27.349    32.9330    25.6854 0.0000e+00
 191.594398     27.089  34.101173     7.8261    3.20894     26.861    32.8911    25.6433 0.0000e+00
 191.594404     26.596  34.121887     7.8664    3.20859     26.372    32.8755    25.6253 0.0000e+00
 191.594410     26.115  34.137478     7.8672    3.21319     25.895    32.8916    25.6379 0.0000e+00
 191.594416     25.647  34.149696     7.8587    3.21263     25.431    32.9129    25.6558 0.0000e+00
 191.594421     25.190  34.166435     7.8737    3.22199     24.978    32.9169    25.6568 0.0000e+00
 191.594427     24.740  34.185911     7.9231    3.22647     24.532    32.8914    25.6296 0.0000e+00
 191.594433     24.290  34.204388     7.9927    3.23124     24.086    32.8459    25.5838 0.0000e+00
 191.594439     23.833  34.225206     8.0518    3.24267     23.633    32.8128    25.5492 0.0000e+00
 191.594444     23.365  34.246430     8.0878    3.24252     23.169    32.8019    25.5354 0.0000e+00
 191.594450     22.882  34.263871     8.1089    3.26030     22.690    32.8009    25.5315 0.0000e+00
 191.594456     22.384  34.277257     8.1236    3.27610     22.196    32.8016    25.5299 0.0000e+00
 191.594462     21.869  34.285947     8.1362    3.30753     21.685    32.7993    25.5262 0.0000e+00
 191.594468     21.339  34.292562     8.1486    3.33951     21.160    32.7950    25.5210 0.0000e+00
 191.594473     20.806  34.299762     8.1615    3.37771     20.631    32.7908    25.5158 0.0000e+00
 191.594479     20.285  34.308182     8.1785    3.42219     20.115    32.7841    25.5081 0.0000e+00
 191.594485     19.776  34.320645     8.2084    3.49674     19.610    32.7696    25.4923 0.0000e+00
 191.594491     19.272  34.341441     8.2550    3.57739     19.110    32.7484    25.4688 0.0000e+00
 191.594497     18.780  34.371400     8.3059    3.63659     18.622    32.7329    25.4491 0.0000e+00
