data/oxygen options/OCNMS/OCNMS1/raw_data/2007/CTD_CE065_050107faed.cnv
* Sea-Bird SBE19 Data File:
* FileName = C:\2007_mooring_data\CTD_CE065_050107.hex
* Software Version 1.1.6
* Temperature SN = 2997
* Conductivity SN = 2997
* System UpLoad Time = May 14 2007 13:04:42
* SEACAT PROFILER V3.1c SN 2997   05/14/07  13:03:51.870
* strain gauge pressure sensor: S/N = 184829,  range = 3000 psia,  tc = 40
# nquan = 9                                 
# nvalues = 1944                        
# units = specified
# name 0 = timeJ: Julian Days
# name 1 = prSM: Pressure, Strain Gauge [db]
# name 2 = c0mS/cm: Conductivity [mS/cm]
# name 3 = t090C: Temperature [ITS-90, deg C]
# name 4 = oxML/L: Oxygen, Beckman/YSI [ml/l]
# name 5 = depSM: Depth [salt water, m], lat = 47.5
# name 6 = sal00: Salinity, Practical [PSU]
# name 7 = sigma-é00: Density [sigma-theta, kg/m^3]
# name 8 = flag: flag
# span 0 = 134.511782, 134.523027       
# span 1 =     -2.262,     67.597       
# span 2 =   0.102856,  34.847704       
# span 3 =     6.9660,    11.9394       
# span 4 =   -1.80288,   37.91737       
# span 5 =     -2.243,     67.022       
# span 6 =     0.0660,    33.9515       
# span 7 =    -0.4409,    26.5959       
# span 8 = 0.0000e+00, 0.0000e+00       
# interval = seconds: 0.5
# start_time = May 14 2007 12:16:58 [Instrument's time stamp, header]
# bad_flag = -9.990e-29
*END*
[from data line 641]
 134.515492     67.208  34.331005     6.9704    1.68070     66.636    33.9465    26.5938 -9.990e-29
 134.515498     67.223  34.331075     6.9708    1.68477     66.651    33.9462    26.5935 -9.990e-29
 134.515503     67.231  34.331417     6.9709    1.69390     66.659    33.9465    26.5937 -9.990e-29
 134.515509     67.233  34.331928     6.9709    1.68714     66.661    33.9470    26.5941 -9.990e-29
 134.515515     67.234  34.332167     6.9709    1.68518     66.662    33.9473    26.5943 -9.990e-29
 134.515521     67.241  34.331889     6.9705    1.68282     66.669    33.9474    26.5944 -9.990e-29
 134.515527     67.257  34.331286     6.9698    1.68072     66.685    33.9474    26.5945 -9.990e-29
 134.515532     67.272  34.330674     6.9692    1.68512     66.700    33.9473    26.5946 -9.990e-29
 134.515538     67.283  34.330356     6.9691    1.68512     66.711    33.9470    26.5944 -9.990e-29
 134.515544     67.292  34.330466     6.9693    1.68468     66.720    33.9470    26.5943 -9.990e-29
 134.515550     67.299  34.330587     6.9693    1.68471     66.726    33.9471    26.5944 -9.990e-29
 134.515556     67.305  34.330321     6.9692    1.68508     66.732    33.9469    26.5942 -9.990e-29
 134.515561     67.309  34.329873     6.9691    1.67613     66.736    33.9465    26.5939 -9.990e-29
 134.515567     67.312  34.329763     6.9688    1.68272     66.739    33.9467    26.5941 -9.990e-29
 134.515573     67.314  34.329843     6.9688    1.67598     66.741    33.9468    26.5942 -9.990e-29
 134.515579     67.316  34.329658     6.9692    1.68512     66.743    33.9462    26.5937 -9.990e-29
 134.515584     67.317  34.329521     6.9696    1.68914     66.744    33.9456    26.5932 -9.990e-29
 134.515590     67.317  34.329808     6.9698    1.67807     66.744    33.9457    26.5932 -9.990e-29
 134.515596     67.317  34.330340     6.9700    1.67807     66.744    33.9461    26.5935 -9.990e-29
 134.515602     67.321  34.330705     6.9703    1.67366     66.748    33.9462    26.5936 -9.990e-29
 134.515608     67.333  34.330827     6.9702    1.67598     66.760    33.9465    26.5938 -9.990e-29
 134.515613     67.349  34.330870     6.9699    1.68925     66.776    33.9468    26.5941 -9.990e-29
 134.515619     67.363  34.330887     6.9699    1.69122     66.790    33.9468    26.5941 -9.990e-29
 134.515625     67.371  34.330902     6.9701    1.67298     66.798    33.9466    26.5939 -9.990e-29
 134.515631     67.377  34.330932     6.9701    1.68503     66.804    33.9466    26.5939 -9.990e-29
 134.515637     67.387  34.331016     6.9702    1.67591     66.814    33.9466    26.5939 -9.990e-29
 134.515642     67.401  34.331266     6.9705    1.67790     66.828    33.9466    26.5938 -9.990e-29
 134.515648     67.415  34.331451     6.9707    1.69114     66.841    33.9466    26.5938 -9.990e-29
 134.515654     67.422  34.331256     6.9707    1.67806     66.848    33.9464    26.5936 -9.990e-29
 134.515660     67.418  34.330981     6.9705    1.68015     66.844    33.9463    26.5936 -9.990e-29
 134.515666     67.406  34.330819     6.9701    1.68727     66.833    33.9465    26.5938 -9.990e-29
 134.515671     67.392  34.330552     6.9701    1.67858     66.819    33.9462    26.5936 -9.990e-29
 134.515677     67.373  34.330383     6.9704    1.68047     66.800    33.9458    26.5932 -9.990e-29
 134.515683     67.349  34.330646     6.9706    1.67847     66.776    33.9459    26.5932 -9.990e-29
 134.515689     67.322  34.331130     6.9707    1.67641     66.749    33.9463    26.5936 -9.990e-29
 134.515694     67.303  34.331359     6.9707    1.68046     66.730    33.9466    26.5938 -9.990e-29
 134.515700     67.300  34.331076     6.9703    1.68046     66.727    33.9466    26.5939 -9.990e-29
 134.515706     67.313  34.330464     6.9698    1.67137     66.740    33.9465    26.5938 -9.990e-29
 134.515712     67.337  34.329828     6.9694    1.67806     66.764    33.9461    26.5936 -9.990e-29
 134.515718     67.363  34.329438     6.9689    1.68044     66.790    33.9462    26.5937 -9.990e-29
 134.515723     67.378  34.329334     6.9686    1.68250     66.805    33.9464    26.5939 -9.990e-29
 134.515729     67.379  34.329374     6.9687    1.68406     66.806    33.9463    26.5939 -9.990e-29
 134.515735     67.370  34.329611     6.9691    1.68049     66.797    33.9462    26.5937 -9.990e-29
 134.515741     67.360  34.329797     6.9694    1.67144     66.787    33.9461    26.5936 -9.990e-29
 134.515747     67.353  34.329620     6.9696    1.67854     66.780    33.9457    26.5933 -9.990e-29
 134.515752     67.347  34.329403     6.9695    1.67133     66.774    33.9456    26.5932 -9.990e-29
 134.515758     67.343  34.329416     6.9694    1.67133     66.770    33.9457    26.5933 -9.990e-29
 134.515764     67.340  34.329676     6.9695    1.68242     66.767    33.9459    26.5934 -9.990e-29
 134.515770     67.337  34.329966     6.9695    1.68246     66.764    33.9462    26.5936 -9.990e-29
 134.515775     67.336  34.330112     6.9694    1.68654     66.763    33.9465    26.5939 -9.990e-29
 134.515781     67.335  34.330310     6.9693    1.68455     66.762    33.9468    26.5941 -9.990e-29
 134.515787     67.339  34.330260     6.9692    1.68047     66.766    33.9468    26.5942 -9.990e-29
 134.515793     67.353  34.329894     6.9691    1.68045     66.780    33.9465    26.5939 -9.990e-29
 134.515799     67.368  34.329844     6.9693    1.67141     66.795    33.9462    26.5937 -9.990e-29
 134.515804     67.374  34.330043     6.9697    1.66979     66.801    33.9461    26.5935 -9.990e-29
 134.515810     67.369  34.330193     6.9700    1.67841     66.796    33.9459    26.5934 -9.990e-29
 134.515816     67.363  34.330492     6.9701    1.67335     66.790    33.9462    26.5935 -9.990e-29
 134.515822     67.359  34.330777     6.9697    1.68450     66.786    33.9469    26.5942 -9.990e-29
 134.515828     67.358  34.330868     6.9691    1.68454     66.785    33.9476    26.5948 -9.990e-29
 134.515833     67.359  34.330885     6.9687    1.67385     66.786    33.9480    26.5952 -9.990e-29
 134.515839     67.362  34.330851     6.9689    1.67352     66.789    33.9478    26.5950 -9.990e-29
 134.515845     67.367  34.330716     6.9692    1.66943     66.794    33.9473    26.5946 -9.990e-29
 134.515851     67.375  34.330301     6.9692    1.67142     66.802    33.9468    26.5942 -9.990e-29
 134.515856     67.386  34.329613     6.9693    1.67550     66.813    33.9460    26.5935 -9.990e-29
 134.515862     67.396  34.329414     6.9696    1.67544     66.823    33.9455    26.5931 -9.990e-29
 134.515868     67.402  34.329996     6.9697    1.66671     66.829    33.9460    26.5935 -9.990e-29
 134.515874     67.410  34.330454     6.9695    1.68242     66.836    33.9467    26.5940 -9.990e-29
 134.515880     67.422  34.330275     6.9691    1.67736     66.848    33.9469    26.5943 -9.990e-29
 134.515885     67.440  34.329781     6.9688    1.67779     66.866    33.9466    26.5941 -9.990e-29
 134.515891     67.462  34.329431     6.9687    1.68656     66.888    33.9463    26.5939 -9.990e-29
 134.515897     67.480  34.329319     6.9690    1.66468     66.906    33.9459    26.5935 -9.990e-29
 134.515903     67.490  34.329295     6.9693    1.67364     66.916    33.9456    26.5932 -9.990e-29
 134.515909     67.493  34.329324     6.9695    1.67378     66.919    33.9454    26.5930 -9.990e-29
 134.515914     67.490  34.329443     6.9697    1.66472     66.916    33.9454    26.5930 -9.990e-29
 134.515920     67.480  34.329812     6.9701    1.67792     66.906    33.9454    26.5929 -9.990e-29
 134.515926     67.463  34.330359     6.9704    1.67550     66.889    33.9457    26.5931 -9.990e-29
 134.515932     67.442  34.330692     6.9704    1.67788     66.868    33.9461    26.5934 -9.990e-29
 134.515938     67.425  34.330692     6.9699    1.68861     66.851    33.9466    26.5939 -9.990e-29
 134.515943     67.413  34.330361     6.9695    1.67781     66.839    33.9466    26.5940 -9.990e-29
 134.515949     67.408  34.329816     6.9696    1.67568     66.834    33.9459    26.5934 -9.990e-29
 134.515955     67.407  34.329448     6.9698    1.68240     66.834    33.9453    26.5929 -9.990e-29
 134.515961     67.416  34.329327     6.9697    1.67374     66.842    33.9453    26.5929 -9.990e-29
 134.515966     67.439  34.329291     6.9698    1.66680     66.865    33.9451    26.5928 -9.990e-29
 134.515972     67.469  34.329289     6.9701    1.67179     66.895    33.9448    26.5925 -9.990e-29
 134.515978     67.492  34.329318     6.9701    1.66265     66.918    33.9448    26.5925 -9.990e-29
 134.515984     67.495  34.329416     6.9698    1.66670     66.921    33.9452    26.5928 -9.990e-29
 134.515990     67.479  34.329707     6.9696    1.67779     66.905    33.9457    26.5933 -9.990e-29
 134.515995     67.451  34.330010     6.9696    1.66882     66.877    33.9461    26.5936 -9.990e-29
 134.516001     67.419  34.330160     6.9697    1.67085     66.845    33.9462    26.5936 -9.990e-29
 134.516007     67.392  34.330351     6.9697    1.67787     66.819    33.9464    26.5938 -9.990e-29
 134.516013     67.383  34.330273     6.9693    1.66879     66.810    33.9467    26.5941 -9.990e-29
 134.516019     67.390  34.329815     6.9688    1.67992     66.817    33.9467    26.5941 -9.990e-29
 134.516024     67.401  34.329479     6.9686    1.67992     66.828    33.9465    26.5940 -9.990e-29
 134.516030     67.409  34.329371     6.9688    1.66879     66.835    33.9462    26.5937 -9.990e-29
 134.516036     67.417  34.329340     6.9690    1.66882     66.843    33.9460    26.5935 -9.990e-29
 134.516042     67.431  34.329335     6.9690    1.67382     66.857    33.9460    26.5935 -9.990e-29
 134.516047     67.452  34.329345     6.9687    1.66872     66.878    33.9463    26.5938 -9.990e-29
 134.516053     67.477  34.329377     6.9686    1.67981     66.903    33.9464    26.5939 -9.990e-29
 134.516059     67.499  34.329465     6.9688    1.67085     66.925    33.9463    26.5938 -9.990e-29
 134.516065     67.514  34.329720     6.9690    1.66713     66.940    33.9463    26.5938 -9.990e-29
 134.516071     67.525  34.329913     6.9690    1.67789     66.950    33.9465    26.5940 -9.990e-29
 134.516076     67.531  34.329734     6.9690    1.66878     66.956    33.9463    26.5938 -9.990e-29
 134.516082     67.532  34.329499     6.9689    1.66160     66.957    33.9462    26.5937 -9.990e-29
 134.516088     67.530  34.329449     6.9688    1.67578     66.955    33.9462    26.5938 -9.990e-29
 134.516094     67.524  34.329509     6.9690    1.66911     66.949    33.9461    26.5936 -9.990e-29
 134.516100     67.513  34.329754     6.9692    1.68192     66.939    33.9462    26.5937 -9.990e-29
 134.516105     67.501  34.329943     6.9692    1.68402     66.927    33.9464    26.5938 -9.990e-29
 134.516111     67.496  34.329760     6.9690    1.67789     66.922    33.9464    26.5939 -9.990e-29
 134.516117     67.498  34.329514     6.9690    1.67993     66.924    33.9461    26.5937 -9.990e-29
 134.516123     67.498  34.329432     6.9692    1.66682     66.924    33.9458    26.5934 -9.990e-29
 134.516128     67.492  34.329395     6.9694    1.66502     66.918    33.9456    26.5932 -9.990e-29
 134.516134     67.479  34.329350     6.9696    1.66469     66.905    33.9454    26.5930 -9.990e-29
 134.516140     67.463  34.329228     6.9696    1.67579     66.889    33.9452    26.5929 -9.990e-29
 134.516146     67.452  34.328862     6.9691    1.67313     66.878    33.9453    26.5930 -9.990e-29
 134.516152     67.448  34.328315     6.9687    1.68018     66.874    33.9451    26.5929 -9.990e-29
 134.516157     67.453  34.327974     6.9686    1.67111     66.879    33.9448    26.5927 -9.990e-29
 134.516163     67.461  34.327939     6.9688    1.66699     66.887    33.9446    26.5925 -9.990e-29
 134.516169     67.465  34.328153     6.9689    1.66915     66.891    33.9447    26.5926 -9.990e-29
 134.516175     67.461  34.328336     6.9691    1.66715     66.887    33.9447    26.5926 -9.990e-29
 134.516181     67.449  34.328164     6.9693    1.67111     66.875    33.9444    26.5922 -9.990e-29
 134.516186     67.431  34.327959     6.9694    1.67991     66.857    33.9440    26.5920 -9.990e-29
 134.516192     67.416  34.328005     6.9693    1.67313     66.842    33.9442    26.5921 -9.990e-29
 134.516198     67.407  34.328355     6.9694    1.67107     66.834    33.9445    26.5923 -9.990e-29
 134.516204     67.402  34.328911     6.9696    1.67822     66.829    33.9449    26.5926 -9.990e-29
 134.516209     67.403  34.329284     6.9698    1.66952     66.830    33.9451    26.5928 -9.990e-29
 134.516215     67.409  34.329403     6.9699    1.67117     66.835    33.9452    26.5928 -9.990e-29
 134.516221     67.420  34.329422     6.9697    1.66915     66.846    33.9454    26.5930 -9.990e-29
 134.516227     67.432  34.329358     6.9694    1.66709     66.858    33.9456    26.5932 -9.990e-29
 134.516233     67.439  34.329119     6.9693    1.67110     66.865    33.9454    26.5931 -9.990e-29
 134.516238     67.440  34.328939     6.9693    1.67141     66.866    33.9452    26.5929 -9.990e-29
 134.516244     67.440  34.329131     6.9695    1.67103     66.866    33.9452    26.5929 -9.990e-29
 134.516250     67.439  34.329385     6.9698    1.67103     66.865    33.9452    26.5928 -9.990e-29
 134.516256     67.440  34.329473     6.9698    1.68027     66.866    33.9453    26.5929 -9.990e-29
 134.516262     67.445  34.329506     6.9695    1.67315     66.871    33.9456    26.5932 -9.990e-29
 134.516267     67.444  34.329521     6.9693    1.67121     66.870    33.9459    26.5934 -9.990e-29
 134.516273     67.433  34.329529     6.9691    1.67831     66.859    33.9461    26.5936 -9.990e-29
 134.516279     67.413  34.329535     6.9690    1.66920     66.839    33.9462    26.5937 -9.990e-29
 134.516285     67.385  34.329539     6.9691    1.67983     66.812    33.9461    26.5936 -9.990e-29
 134.516291     67.356  34.329540     6.9692    1.68021     66.783    33.9460    26.5935 -9.990e-29
 134.516296     67.334  34.329532     6.9692    1.66952     66.761    33.9460    26.5935 -9.990e-29
 134.516302     67.326  34.329499     6.9691    1.66917     66.753    33.9461    26.5936 -9.990e-29
 134.516308     67.334  34.329389     6.9689    1.66515     66.761    33.9462    26.5937 -9.990e-29
 134.516314     67.356  34.329050     6.9688    1.66742     66.783    33.9459    26.5935 -9.990e-29
 134.516319     67.384  34.328582     6.9686    1.68028     66.811    33.9455    26.5933 -9.990e-29
 134.516325     67.412  34.328476     6.9685    1.67356     66.838    33.9455    26.5932 -9.990e-29
 134.516331     67.433  34.328584     6.9687    1.67149     66.859    33.9454    26.5931 -9.990e-29
 134.516337     67.443  34.328482     6.9690    1.67818     66.869    33.9450    26.5928 -9.990e-29
 134.516343     67.447  34.328585     6.9692    1.66982     66.873    33.9449    26.5927 -9.990e-29
 134.516348     67.455  34.329026     6.9692    1.67151     66.881    33.9454    26.5931 -9.990e-29
 134.516354     67.467  34.329265     6.9691    1.67834     66.893    33.9458    26.5934 -9.990e-29
 134.516360     67.475  34.329052     6.9690    1.66955     66.901    33.9456    26.5933 -9.990e-29
 134.516366     67.476  34.328656     6.9691    1.68024     66.902    33.9451    26.5928 -9.990e-29
 134.516372     67.474  34.328665     6.9693    1.68029     66.900    33.9449    26.5927 -9.990e-29
 134.516377     67.472  34.329082     6.9694    1.66955     66.898    33.9453    26.5929 -9.990e-29
 134.516383     67.467  34.329337     6.9694    1.67829     66.893    33.9455    26.5931 -9.990e-29
 134.516389     67.458  34.329201     6.9693    1.67625     66.884    33.9455    26.5931 -9.990e-29
 134.516395     67.453  34.329046     6.9690    1.66955     66.879    33.9456    26.5933 -9.990e-29
 134.516400     67.456  34.329220     6.9685    1.66914     66.882    33.9463    26.5939 -9.990e-29
 134.516406     67.468  34.329390     6.9682    1.67422     66.894    33.9468    26.5943 -9.990e-29
