data/oxygen options/OCNMS/OCNMS1/raw_data/2007/CTD_CE042_071107faed.cnv
* Sea-Bird SBE19 Data File:
* FileName = C:\2007_mooring_data\CTD_CE042_071107.hex
* Software Version 1.1.6
* Temperature SN = 2997
* Conductivity SN = 2997
* System UpLoad Time = Jul 11 2007 13:53:45
* SEACAT PROFILER V3.1c SN 2997   07/11/07  13:53:15.587
* strain gauge pressure sensor: S/N = 184829,  range = 3000 psia,  tc = 40
# nquan = 9                                 
# nvalues = 1748                        
# units = specified
# name 0 = timeJ: Julian Days
# name 1 = prSM: Pressure, Strain Gauge [db]
# name 2 = c0mS/cm: Conductivity [mS/cm]
# name 3 = t090C: Temperature [ITS-90, deg C]
# name 4 = oxML/L: Oxygen, Beckman/YSI [ml/l]
# name 5 = depSM: Depth [salt water, m], lat = 47.5
# name 6 = sal00: Salinity, Practical [PSU]
# name 7 = sigma-é00: Density [sigma-theta, kg/m^3]
# name 8 = flag: flag
# span 0 = 192.565162, 192.575272       
# span 1 =     -5.730,     41.799       
# span 2 =   0.151474,  37.715557       
# span 3 =     7.0164,    13.8528       
# span 4 =   -0.07047,   32.46271       
# span 5 =     -5.682,     41.446       
# span 6 =     0.0927,    33.5811       
# span 7 =    -0.6590,    26.2962       
# span 8 = 0.0000e+00, 0.0000e+00       
# interval = seconds: 0.5
# start_time = Jul 11 2007 13:33:50 [Instrument's time stamp, header]
# bad_flag = -9.990e-29
*END*
[from data line 801]
 192.569797     31.073  34.000958     7.0181    2.40188     30.811    33.5553    26.2787 -9.990e-29
 192.569803     31.162  33.999831     7.0172    2.42003     30.900    33.5549    26.2785 -9.990e-29
 192.569809     31.252  33.999057     7.0168    2.40667     30.989    33.5544    26.2782 -9.990e-29
 192.569815     31.327  33.998712     7.0168    2.41164     31.063    33.5540    26.2779 -9.990e-29
 192.569821     31.372  33.998885     7.0170    2.40920     31.108    33.5540    26.2778 -9.990e-29
 192.569826     31.371  33.999234     7.0171    2.40560     31.107    33.5543    26.2780 -9.990e-29
 192.569832     31.328  33.999654     7.0172    2.41160     31.064    33.5547    26.2783 -9.990e-29
 192.569838     31.260  34.000133     7.0173    2.41611     30.997    33.5551    26.2787 -9.990e-29
 192.569844     31.181  34.000181     7.0172    2.40073     30.918    33.5553    26.2788 -9.990e-29
 192.569850     31.114  33.999851     7.0171    2.40580     30.852    33.5551    26.2787 -9.990e-29
 192.569855     31.074  33.999816     7.0173    2.41432     30.812    33.5549    26.2785 -9.990e-29
 192.569861     31.069  34.000021     7.0176    2.40788     30.807    33.5548    26.2784 -9.990e-29
 192.569867     31.085  34.000168     7.0176    2.41175     30.823    33.5550    26.2785 -9.990e-29
 192.569873     31.101  34.000443     7.0174    2.41464     30.839    33.5554    26.2789 -9.990e-29
 192.569878     31.110  34.000642     7.0173    2.40557     30.848    33.5558    26.2792 -9.990e-29
 192.569884     31.118  34.000456     7.0174    2.40777     30.856    33.5554    26.2789 -9.990e-29
 192.569890     31.132  34.000188     7.0173    2.40583     30.870    33.5552    26.2788 -9.990e-29
 192.569896     31.159  34.000033     7.0171    2.39483     30.897    33.5553    26.2788 -9.990e-29
 192.569902     31.195  33.999774     7.0169    2.41478     30.932    33.5552    26.2787 -9.990e-29
 192.569907     31.230  33.999615     7.0166    2.41880     30.967    33.5553    26.2789 -9.990e-29
 192.569913     31.254  33.999892     7.0164    2.41159     30.991    33.5557    26.2793 -9.990e-29
 192.569919     31.263  34.000402     7.0167    2.41789     31.000    33.5560    26.2794 -9.990e-29
 192.569925     31.263  34.000694     7.0172    2.39456     31.000    33.5558    26.2792 -9.990e-29
 192.569931     31.267  34.000587     7.0175    2.39250     31.004    33.5554    26.2789 -9.990e-29
 192.569936     31.287  34.000489     7.0176    2.40360     31.024    33.5552    26.2787 -9.990e-29
 192.569942     31.320  34.000820     7.0178    2.38811     31.056    33.5554    26.2788 -9.990e-29
 192.569948     31.348  34.001451     7.0179    2.40068     31.084    33.5559    26.2792 -9.990e-29
 192.569954     31.350  34.002090     7.0178    2.40978     31.086    33.5567    26.2799 -9.990e-29
 192.569959     31.322  34.002459     7.0177    2.40328     31.058    33.5573    26.2803 -9.990e-29
 192.569965     31.276  34.002476     7.0177    2.40676     31.013    33.5573    26.2803 -9.990e-29
 192.569971     31.225  34.002154     7.0178    2.40068     30.962    33.5569    26.2800 -9.990e-29
 192.569977     31.193  34.001615     7.0180    2.39908     30.930    33.5561    26.2793 -9.990e-29
 192.569983     31.190  34.001254     7.0181    2.41135     30.927    33.5556    26.2789 -9.990e-29
 192.569988     31.202  34.001139     7.0181    2.41338     30.939    33.5555    26.2788 -9.990e-29
 192.569994     31.223  34.001106     7.0181    2.40446     30.960    33.5554    26.2788 -9.990e-29
 192.570000     31.248  34.001101     7.0180    2.40970     30.985    33.5555    26.2789 -9.990e-29
 192.570006     31.272  34.001106     7.0179    2.39867     31.009    33.5556    26.2790 -9.990e-29
 192.570012     31.287  34.001117     7.0178    2.39859     31.024    33.5557    26.2791 -9.990e-29
 192.570017     31.289  34.001139     7.0180    2.40065     31.026    33.5555    26.2789 -9.990e-29
 192.570023     31.280  34.001188     7.0184    2.38955     31.017    33.5552    26.2786 -9.990e-29
 192.570029     31.258  34.001320     7.0188    2.40060     30.995    33.5550    26.2783 -9.990e-29
 192.570035     31.226  34.001700     7.0191    2.40264     30.963    33.5551    26.2784 -9.990e-29
 192.570041     31.199  34.002264     7.0192    2.39611     30.936    33.5556    26.2788 -9.990e-29
 192.570046     31.198  34.002634     7.0190    2.39611     30.935    33.5562    26.2793 -9.990e-29
 192.570052     31.226  34.002737     7.0188    2.39146     30.963    33.5565    26.2796 -9.990e-29
 192.570058     31.267  34.002702     7.0189    2.39337     31.004    33.5564    26.2794 -9.990e-29
 192.570064     31.304  34.002473     7.0191    2.40646     31.040    33.5559    26.2790 -9.990e-29
 192.570069     31.329  34.002295     7.0192    2.40008     31.065    33.5556    26.2788 -9.990e-29
 192.570075     31.345  34.002480     7.0194    2.39817     31.081    33.5556    26.2788 -9.990e-29
 192.570081     31.353  34.002708     7.0196    2.39563     31.089    33.5557    26.2788 -9.990e-29
 192.570087     31.352  34.002714     7.0197    2.39395     31.088    33.5556    26.2787 -9.990e-29
 192.570093     31.344  34.002498     7.0197    2.40646     31.080    33.5553    26.2785 -9.990e-29
 192.570098     31.327  34.002323     7.0197    2.39991     31.063    33.5551    26.2784 -9.990e-29
 192.570104     31.300  34.002509     7.0197    2.39802     31.036    33.5554    26.2785 -9.990e-29
 192.570110     31.266  34.002737     7.0196    2.39621     31.003    33.5557    26.2788 -9.990e-29
 192.570116     31.236  34.002742     7.0194    2.39425     30.973    33.5559    26.2790 -9.990e-29
 192.570122     31.221  34.002524     7.0190    2.39827     30.958    33.5561    26.2792 -9.990e-29
 192.570127     31.218  34.002348     7.0188    2.39830     30.955    33.5561    26.2792 -9.990e-29
 192.570133     31.217  34.002532     7.0187    2.39865     30.954    33.5564    26.2795 -9.990e-29
 192.570139     31.203  34.002752     7.0185    2.39797     30.940    33.5568    26.2799 -9.990e-29
 192.570145     31.180  34.002730     7.0185    2.39787     30.917    33.5568    26.2799 -9.990e-29
 192.570150     31.168  34.002430     7.0187    2.38883     30.906    33.5563    26.2794 -9.990e-29
 192.570156     31.183  34.002008     7.0188    2.39586     30.920    33.5558    26.2790 -9.990e-29
 192.570162     31.223  34.002014     7.0186    2.38892     30.960    33.5559    26.2791 -9.990e-29
 192.570168     31.267  34.002449     7.0186    2.39817     31.004    33.5564    26.2795 -9.990e-29
 192.570174     31.298  34.002760     7.0187    2.39314     31.034    33.5566    26.2797 -9.990e-29
 192.570179     31.304  34.002794     7.0189    2.39816     31.040    33.5565    26.2795 -9.990e-29
 192.570185     31.283  34.002588     7.0190    2.41044     31.020    33.5561    26.2792 -9.990e-29
 192.570191     31.236  34.002419     7.0189    2.39348     30.973    33.5561    26.2792 -9.990e-29
 192.570197     31.178  34.002615     7.0187    2.39997     30.915    33.5565    26.2796 -9.990e-29
 192.570203     31.130  34.002870     7.0187    2.39610     30.868    33.5568    26.2798 -9.990e-29
 192.570208     31.108  34.002958     7.0187    2.39613     30.846    33.5569    26.2799 -9.990e-29
 192.570214     31.113  34.002992     7.0187    2.40218     30.851    33.5570    26.2799 -9.990e-29
 192.570220     31.142  34.003007     7.0187    2.39811     30.880    33.5570    26.2799 -9.990e-29
 192.570226     31.180  34.003016     7.0188    2.39804     30.917    33.5569    26.2798 -9.990e-29
 192.570231     31.207  34.003024     7.0190    2.40695     30.944    33.5567    26.2796 -9.990e-29
 192.570237     31.217  34.003032     7.0192    2.39108     30.954    33.5565    26.2795 -9.990e-29
 192.570243     31.219  34.003041     7.0195    2.39605     30.956    33.5562    26.2792 -9.990e-29
 192.570249     31.231  34.003056     7.0198    2.39607     30.968    33.5559    26.2789 -9.990e-29
 192.570255     31.256  34.003090     7.0197    2.38682     30.993    33.5560    26.2790 -9.990e-29
 192.570260     31.284  34.003182     7.0193    2.39984     31.021    33.5565    26.2795 -9.990e-29
 192.570266     31.304  34.003447     7.0193    2.38869     31.040    33.5568    26.2797 -9.990e-29
 192.570272     31.313  34.003668     7.0195    2.39771     31.049    33.5568    26.2797 -9.990e-29
 192.570278     31.312  34.003572     7.0199    2.40193     31.048    33.5563    26.2793 -9.990e-29
 192.570284     31.304  34.003582     7.0203    2.39161     31.040    33.5560    26.2789 -9.990e-29
 192.570289     31.298  34.003705     7.0204    2.40022     31.034    33.5560    26.2789 -9.990e-29
 192.570295     31.293  34.003537     7.0204    2.38913     31.029    33.5558    26.2788 -9.990e-29
 192.570301     31.281  34.003407     7.0206    2.38913     31.018    33.5555    26.2785 -9.990e-29
 192.570307     31.256  34.003696     7.0209    2.40019     30.993    33.5555    26.2785 -9.990e-29
 192.570313     31.221  34.004220     7.0210    2.39170     30.958    33.5560    26.2789 -9.990e-29
 192.570318     31.187  34.004549     7.0210    2.39363     30.924    33.5564    26.2792 -9.990e-29
 192.570324     31.168  34.004552     7.0208    2.39097     30.906    33.5566    26.2793 -9.990e-29
 192.570330     31.177  34.004229     7.0204    2.38934     30.914    33.5566    26.2794 -9.990e-29
 192.570336     31.214  34.003701     7.0200    2.40184     30.951    33.5564    26.2793 -9.990e-29
 192.570341     31.263  34.003379     7.0198    2.39539     31.000    33.5562    26.2792 -9.990e-29
 192.570347     31.304  34.003383     7.0198    2.39279     31.040    33.5562    26.2792 -9.990e-29
 192.570353     31.320  34.003711     7.0198    2.39101     31.056    33.5566    26.2795 -9.990e-29
 192.570359     31.309  34.004230     7.0199    2.38943     31.045    33.5571    26.2798 -9.990e-29
 192.570365     31.270  34.004505     7.0200    2.39338     31.007    33.5573    26.2800 -9.990e-29
 192.570370     31.201  34.004334     7.0201    2.39330     30.938    33.5570    26.2798 -9.990e-29
 192.570376     31.097  34.004042     7.0201    2.40166     30.835    33.5568    26.2796 -9.990e-29
 192.570382     30.960  34.003793     7.0198    2.39509     30.699    33.5568    26.2797 0.0000e+00
 192.570388     30.804  34.003246     7.0192    2.39284     30.545    33.5569    26.2798 0.0000e+00
 192.570394     30.642  34.002228     7.0186    2.39959     30.384    33.5565    26.2795 0.0000e+00
 192.570399     30.488  34.001054     7.0183    2.39924     30.231    33.5555    26.2788 0.0000e+00
 192.570405     30.339  34.000395     7.0181    2.40293     30.084    33.5551    26.2785 0.0000e+00
 192.570411     30.178  34.000486     7.0179    2.40050     29.924    33.5555    26.2788 0.0000e+00
 192.570417     29.981  34.000879     7.0177    2.39611     29.729    33.5562    26.2794 0.0000e+00
 192.570422     29.740  34.000968     7.0176    2.40497     29.490    33.5565    26.2797 0.0000e+00
 192.570428     29.457  34.000865     7.0177    2.39764     29.209    33.5564    26.2796 0.0000e+00
 192.570434     29.131  34.000987     7.0177    2.40490     28.886    33.5567    26.2798 0.0000e+00
 192.570440     28.759  34.000928     7.0178    2.39555     28.517    33.5567    26.2798 0.0000e+00
 192.570446     28.342  34.000605     7.0184    2.39100     28.104    33.5560    26.2792 0.0000e+00
 192.570451     27.894  34.000702     7.0197    2.39211     27.659    33.5550    26.2782 0.0000e+00
 192.570457     27.427  34.001342     7.0216    2.38021     27.196    33.5541    26.2772 0.0000e+00
 192.570463     26.955  34.002253     7.0242    2.39090     26.728    33.5528    26.2759 0.0000e+00
 192.570469     26.486  34.003525     7.0268    2.38365     26.263    33.5519    26.2748 0.0000e+00
 192.570475     26.026  34.004606     7.0286    2.37388     25.807    33.5516    26.2743 0.0000e+00
 192.570480     25.575  34.004693     7.0288    2.37431     25.360    33.5517    26.2743 0.0000e+00
 192.570486     25.130  34.004456     7.0278    2.35422     24.919    33.5526    26.2752 0.0000e+00
 192.570492     24.687  34.005256     7.0287    2.34598     24.479    33.5528    26.2752 0.0000e+00
 192.570498     24.246  34.008152     7.0332    2.32995     24.042    33.5518    26.2738 0.0000e+00
 192.570503     23.808  34.012517     7.0402    2.31238     23.608    33.5500    26.2714 0.0000e+00
 192.570509     23.378  34.017442     7.0470    2.30871     23.182    33.5490    26.2697 0.0000e+00
 192.570515     22.969  34.022762     7.0513    2.30480     22.776    33.5508    26.2705 0.0000e+00
 192.570521     22.594  34.027163     7.0533    2.30553     22.404    33.5539    26.2727 0.0000e+00
 192.570527     22.257  34.030343     7.0546    2.29566     22.070    33.5562    26.2743 0.0000e+00
 192.570532     21.967  34.032615     7.0559    2.30611     21.783    33.5576    26.2752 0.0000e+00
 192.570538     21.733  34.033640     7.0572    2.29658     21.550    33.5576    26.2750 0.0000e+00
 192.570544     21.547  34.034219     7.0586    2.29090     21.366    33.5569    26.2743 0.0000e+00
 192.570550     21.399  34.035119     7.0597    2.29486     21.219    33.5569    26.2742 -9.990e-29
 192.570556     21.277  34.035849     7.0605    2.29493     21.098    33.5570    26.2741 -9.990e-29
 192.570561     21.175  34.036815     7.0619    2.29524     20.997    33.5567    26.2737 -9.990e-29
 192.570567     21.091  34.038739     7.0643    2.28816     20.914    33.5565    26.2732 -9.990e-29
 192.570573     21.031  34.041937     7.0673    2.28603     20.854    33.5572    26.2733 -9.990e-29
 192.570579     21.005  34.045620     7.0695    2.27845     20.829    33.5591    26.2745 -9.990e-29
 192.570584     21.008  34.047409     7.0705    2.27350     20.832    33.5600    26.2751 -9.990e-29
 192.570590     21.021  34.048000     7.0712    2.27514     20.844    33.5600    26.2750 -9.990e-29
 192.570596     21.038  34.049855     7.0726    2.25900     20.861    33.5606    26.2753 -9.990e-29
 192.570602     21.059  34.052636     7.0742    2.26915     20.882    33.5621    26.2763 -9.990e-29
 192.570608     21.082  34.054441     7.0755    2.26590     20.905    33.5628    26.2767 -9.990e-29
 192.570613     21.099  34.054865     7.0770    2.25928     20.922    33.5618    26.2757 -9.990e-29
 192.570619     21.108  34.055026     7.0787    2.26264     20.931    33.5603    26.2743 -9.990e-29
 192.570625     21.108  34.055693     7.0806    2.26046     20.931    33.5592    26.2731 -9.990e-29
 192.570631     21.100  34.056625     7.0823    2.26688     20.923    33.5586    26.2724 -9.990e-29
 192.570637     21.083  34.056817     7.0842    2.27141     20.906    33.5569    26.2708 -9.990e-29
 192.570642     21.056  34.056516     7.0868    2.27153     20.879    33.5541    26.2682 -9.990e-29
 192.570648     21.018  34.056995     7.0897    2.27094     20.842    33.5518    26.2661 -9.990e-29
 192.570654     20.970  34.058324     7.0927    2.27127     20.794    33.5504    26.2645 -9.990e-29
 192.570660     20.922  34.060029     7.0955    2.27962     20.746    33.5495    26.2635 -9.990e-29
 192.570666     20.884  34.062133     7.0974    2.28189     20.709    33.5500    26.2636 -9.990e-29
 192.570671     20.863  34.064073     7.0990    2.28168     20.688    33.5506    26.2638 -9.990e-29
 192.570677     20.864  34.065628     7.0996    2.27902     20.689    33.5517    26.2646 -9.990e-29
 192.570683     20.893  34.066061     7.0975    2.26541     20.718    33.5542    26.2669 -9.990e-29
 192.570689     20.947  34.064261     7.0939    2.27198     20.771    33.5557    26.2685 -9.990e-29
 192.570694     21.013  34.062305     7.0917    2.27355     20.837    33.5557    26.2688 -9.990e-29
 192.570700     21.073  34.062060     7.0921    2.27550     20.896    33.5550    26.2682 -9.990e-29
 192.570706     21.123  34.063187     7.0946    2.26834     20.946    33.5538    26.2669 -9.990e-29
 192.570712     21.161  34.064380     7.0969    2.27125     20.983    33.5528    26.2659 -9.990e-29
