data/oxygen options/OCNMS/OCNMS1/raw_data/2007/CTD_CA065_050107faed.cnv
* Sea-Bird SBE19 Data File:
* FileName = C:\2007_mooring_data\CTD_CA065_050107.hex
* Software Version 1.1.6
* Temperature SN = 2997
* Conductivity SN = 2997
* System UpLoad Time = May 01 2007 13:48:02
* SEACAT PROFILER V3.1c SN 2997   05/01/07  13:47:33.731
* strain gauge pressure sensor: S/N = 184829,  range = 3000 psia,  tc = 40
# nquan = 9                                 
# nvalues = 2066                        
# units = specified
# name 0 = timeJ: Julian Days
# name 1 = prSM: Pressure, Strain Gauge [db]
# name 2 = c0mS/cm: Conductivity [mS/cm]
# name 3 = t090C: Temperature [ITS-90, deg C]
# name 4 = oxML/L: Oxygen, Beckman/YSI [ml/l]
# name 5 = depSM: Depth [salt water, m], lat = 47.5
# name 6 = sal00: Salinity, Practical [PSU]
# name 7 = sigma-é00: Density [sigma-theta, kg/m^3]
# name 8 = flag: flag
# span 0 = 121.553472, 121.565422       
# span 1 =     -4.043,     63.482       
# span 2 =   0.046168,  34.718415       
# span 3 =     7.4952,    10.5615       
# span 4 =  -13.62857,   37.42461       
# span 5 =     -4.009,     62.942       
# span 6 =     0.0322,    33.8244       
# span 7 =    -0.2061,    26.4242       
# span 8 = 0.0000e+00, 0.0000e+00       
# interval = seconds: 0.5
# start_time = May 01 2007 13:17:00 [Instrument's time stamp, header]
# bad_flag = -9.990e-29
*END*
[from data line 321]
 121.555330      0.216  33.041891    10.5468    7.40757      0.214    29.4391    22.5250 -9.990e-29
 121.555336      0.221  33.042852    10.5478    7.40270      0.219    29.4392    22.5249 -9.990e-29
 121.555341      0.230  33.043517    10.5485    7.40251      0.228    29.4393    22.5249 -9.990e-29
 121.555347      0.240  33.043657    10.5488    7.40225      0.238    29.4392    22.5247 -9.990e-29
 121.555353      0.252  33.043465    10.5492    7.39034      0.250    29.4387    22.5243 -9.990e-29
 121.555359      0.266  33.043252    10.5497    7.40110      0.264    29.4381    22.5237 -9.990e-29
 121.555365      0.279  33.043301    10.5501    7.40136      0.277    29.4378    22.5234 -9.990e-29
 121.555370      0.287  33.043122    10.5497    7.40343      0.285    29.4379    22.5236 -9.990e-29
 121.555376      0.296  33.042482    10.5477    7.39807      0.294    29.4389    22.5247 -9.990e-29
 121.555382      0.310  33.041094    10.5444    7.39451      0.307    29.4402    22.5262 -9.990e-29
 121.555388      0.325  33.038792    10.5413    7.40952      0.322    29.4404    22.5269 -9.990e-29
 121.555394      0.331  33.036998    10.5395    7.40646      0.328    29.4401    22.5270 -9.990e-29
 121.555399      0.318  33.036686    10.5394    7.40776      0.315    29.4399    22.5268 -9.990e-29
 121.555405      0.295  33.037442    10.5405    7.40493      0.293    29.4397    22.5265 -9.990e-29
 121.555411      0.276  33.038600    10.5417    7.40033      0.274    29.4399    22.5265 -9.990e-29
 121.555417      0.275  33.039471    10.5423    7.40370      0.273    29.4403    22.5267 -9.990e-29
 121.555422      0.290  33.039540    10.5421    7.40370      0.288    29.4405    22.5269 -9.990e-29
 121.555428      0.310  33.038905    10.5414    7.41205      0.307    29.4405    22.5269 -9.990e-29
 121.555434      0.318  33.038407    10.5407    7.40646      0.315    29.4405    22.5271 -9.990e-29
 121.555440      0.308  33.038508    10.5404    7.40531      0.305    29.4409    22.5274 -9.990e-29
 121.555446      0.286  33.038787    10.5409    7.40386      0.284    29.4408    22.5272 -9.990e-29
 121.555451      0.269  33.039061    10.5416    7.39474      0.267    29.4405    22.5269 -9.990e-29
 121.555457      0.268  33.039141    10.5417    7.41144      0.266    29.4405    22.5269 -9.990e-29
 121.555463      0.283  33.038580    10.5411    7.40083      0.281    29.4404    22.5269 -9.990e-29
 121.555469      0.303  33.037759    10.5401    7.40500      0.300    29.4404    22.5271 -9.990e-29
 121.555475      0.316  33.037269    10.5382    7.40803      0.313    29.4414    22.5282 -9.990e-29
 121.555480      0.322  33.037021    10.5359    7.40301      0.319    29.4430    22.5298 -9.990e-29
 121.555486      0.330  33.036690    10.5340    7.41558      0.327    29.4442    22.5311 -9.990e-29
 121.555492      0.346  33.035839    10.5326    7.40796      0.343    29.4445    22.5315 -9.990e-29
 121.555498      0.366  33.034461    10.5315    7.41385      0.363    29.4440    22.5314 -9.990e-29
 121.555503      0.382  33.033526    10.5310    7.41378      0.379    29.4435    22.5310 -9.990e-29
 121.555509      0.392  33.033473    10.5316    7.41991      0.389    29.4430    22.5305 -9.990e-29
 121.555515      0.396  33.033678    10.5326    7.41554      0.393    29.4424    22.5299 -9.990e-29
 121.555521      0.395  33.033858    10.5333    7.41023      0.392    29.4420    22.5295 -9.990e-29
 121.555527      0.388  33.034259    10.5335    7.40859      0.385    29.4422    22.5296 -9.990e-29
 121.555532      0.378  33.034862    10.5336    7.40634      0.375    29.4427    22.5300 -9.990e-29
 121.555538      0.375  33.035355    10.5338    7.41033      0.372    29.4431    22.5302 -9.990e-29
 121.555544      0.383  33.035840    10.5343    7.40274      0.380    29.4431    22.5302 -9.990e-29
 121.555550      0.400  33.036410    10.5351    7.40059      0.397    29.4430    22.5300 -9.990e-29
 121.555556      0.425  33.036710    10.5355    7.40052      0.421    29.4430    22.5299 -9.990e-29
 121.555561      0.451  33.036587    10.5356    7.41002      0.447    29.4428    22.5297 -9.990e-29
 121.555567      0.475  33.036440    10.5361    7.42259      0.471    29.4422    22.5292 -9.990e-29
 121.555573      0.498  33.036640    10.5372    7.42427      0.494    29.4415    22.5285 -9.990e-29
 121.555579      0.522  33.036900    10.5383    7.41462      0.518    29.4409    22.5278 -9.990e-29
 121.555584      0.543  33.037010    10.5389    7.39990      0.538    29.4405    22.5274 -9.990e-29
 121.555590      0.560  33.037117    10.5387    7.40056      0.555    29.4408    22.5276 -9.990e-29
 121.555596      0.574  33.037362    10.5387    7.40573      0.569    29.4410    22.5278 -9.990e-29
 121.555602      0.580  33.038067    10.5391    7.41822      0.575    29.4414    22.5280 -9.990e-29
 121.555608      0.575  33.039044    10.5391    7.42143      0.570    29.4424    22.5288 -9.990e-29
 121.555613      0.563  33.039345    10.5388    7.40875      0.558    29.4429    22.5293 -9.990e-29
 121.555619      0.551  33.038807    10.5389    7.41281      0.546    29.4423    22.5288 -9.990e-29
 121.555625      0.544  33.038385    10.5395    7.39791      0.539    29.4414    22.5280 -9.990e-29
 121.555631      0.540  33.038633    10.5410    7.40186      0.535    29.4404    22.5270 -9.990e-29
 121.555637      0.540  33.039312    10.5426    7.39914      0.535    29.4398    22.5262 -9.990e-29
 121.555642      0.540  33.040201    10.5434    7.41159      0.535    29.4400    22.5263 -9.990e-29
 121.555648      0.534  33.040795    10.5437    7.40826      0.530    29.4404    22.5265 -9.990e-29
 121.555654      0.527  33.040759    10.5441    7.40094      0.523    29.4400    22.5262 -9.990e-29
 121.555660      0.523  33.040601    10.5445    7.40573      0.519    29.4395    22.5257 -9.990e-29
 121.555666      0.521  33.040661    10.5447    7.39202      0.517    29.4394    22.5256 -9.990e-29
 121.555671      0.521  33.041012    10.5449    7.40251      0.517    29.4396    22.5257 -9.990e-29
 121.555677      0.528  33.041555    10.5453    7.39539      0.524    29.4398    22.5258 -9.990e-29
 121.555683      0.542  33.041887    10.5457    7.40002      0.537    29.4398    22.5257 -9.990e-29
 121.555689      0.556  33.041884    10.5455    7.40106      0.551    29.4400    22.5259 -9.990e-29
 121.555694      0.569  33.041535    10.5440    7.41271      0.564    29.4409    22.5268 -9.990e-29
 121.555700      0.584  33.040367    10.5420    7.41792      0.579    29.4413    22.5275 -9.990e-29
 121.555706      0.588  33.037936    10.5413    7.41777      0.583    29.4395    22.5262 -9.990e-29
 121.555712      0.572  33.036037    10.5423    7.40907      0.567    29.4368    22.5239 -9.990e-29
 121.555718      0.550  33.036613    10.5437    7.39462      0.545    29.4362    22.5233 -9.990e-29
 121.555723      0.536  33.038184    10.5443    7.39195      0.532    29.4373    22.5240 -9.990e-29
 121.555729      0.534  33.039476    10.5442    7.40053      0.530    29.4387    22.5251 -9.990e-29
 121.555735      0.543  33.040526    10.5437    7.40766      0.538    29.4401    22.5263 -9.990e-29
 121.555741      0.556  33.040484    10.5427    7.41064      0.551    29.4409    22.5270 -9.990e-29
 121.555747      0.561  33.039849    10.5415    7.40198      0.556    29.4412    22.5275 -9.990e-29
 121.555752      0.557  33.039446    10.5396    7.39670      0.552    29.4424    22.5287 -9.990e-29
 121.555758      0.555  33.038170    10.5366    7.41202      0.550    29.4435    22.5301 -9.990e-29
 121.555764      0.552  33.035997    10.5340    7.41685      0.547    29.4435    22.5305 -9.990e-29
 121.555770      0.541  33.034504    10.5334    7.41233      0.536    29.4425    22.5298 -9.990e-29
 121.555775      0.516  33.034494    10.5345    7.40719      0.512    29.4416    22.5290 -9.990e-29
 121.555781      0.484  33.035386    10.5359    7.40788      0.480    29.4414    22.5285 -9.990e-29
 121.555787      0.461  33.036121    10.5365    7.41133      0.457    29.4416    22.5286 -9.990e-29
 121.555793      0.454  33.036552    10.5368    7.42206      0.450    29.4418    22.5287 -9.990e-29
 121.555799      0.462  33.037248    10.5371    7.41455      0.458    29.4422    22.5290 -9.990e-29
 121.555804      0.477  33.038009    10.5371    7.40776      0.473    29.4430    22.5296 -9.990e-29
 121.555810      0.487  33.038162    10.5372    7.40014      0.483    29.4430    22.5296 -9.990e-29
 121.555816      0.494  33.037903    10.5378    7.40240      0.490    29.4423    22.5290 -9.990e-29
 121.555822      0.500  33.037999    10.5386    7.40903      0.496    29.4418    22.5284 -9.990e-29
 121.555828      0.508  33.038572    10.5394    7.40914      0.504    29.4417    22.5282 -9.990e-29
 121.555833      0.517  33.039258    10.5400    7.41256      0.513    29.4419    22.5283 -9.990e-29
 121.555839      0.528  33.039844    10.5406    7.40769      0.524    29.4419    22.5282 -9.990e-29
 121.555845      0.542  33.039984    10.5414    7.40252      0.537    29.4414    22.5277 -9.990e-29
 121.555851      0.560  33.039857    10.5422    7.39340      0.555    29.4407    22.5270 -9.990e-29
 121.555856      0.578  33.039848    10.5427    7.39907      0.573    29.4402    22.5265 -9.990e-29
 121.555862      0.589  33.039939    10.5429    7.40313      0.584    29.4402    22.5265 -9.990e-29
 121.555868      0.590  33.040242    10.5429    7.40888      0.585    29.4405    22.5267 -9.990e-29
 121.555874      0.585  33.040595    10.5429    7.40267      0.580    29.4408    22.5270 -9.990e-29
 121.555880      0.582  33.040900    10.5428    7.40497      0.577    29.4412    22.5273 -9.990e-29
 121.555885      0.585  33.040996    10.5423    7.39861      0.580    29.4417    22.5277 -9.990e-29
 121.555891      0.594  33.040445    10.5413    7.40605      0.589    29.4419    22.5281 -9.990e-29
 121.555897      0.610  33.039627    10.5398    7.41003      0.605    29.4423    22.5287 -9.990e-29
 121.555903      0.629  33.039127    10.5386    7.40912      0.624    29.4428    22.5292 -9.990e-29
 121.555909      0.645  33.038830    10.5376    7.40494      0.640    29.4433    22.5298 -9.990e-29
 121.555914      0.659  33.038332    10.5362    7.41279      0.653    29.4440    22.5305 -9.990e-29
 121.555920      0.675  33.037523    10.5348    7.40877      0.669    29.4443    22.5310 -9.990e-29
 121.555926      0.686  33.036999    10.5343    7.41378      0.680    29.4442    22.5310 -9.990e-29
 121.555932      0.684  33.037173    10.5346    7.40968      0.678    29.4441    22.5309 -9.990e-29
 121.555938      0.673  33.037709    10.5351    7.40167      0.667    29.4442    22.5309 -9.990e-29
 121.555943      0.661  33.038195    10.5353    7.41018      0.655    29.4445    22.5311 -9.990e-29
 121.555949      0.657  33.038151    10.5346    7.40432      0.652    29.4451    22.5316 -9.990e-29
 121.555955      0.659  33.036952    10.5331    7.41405      0.653    29.4451    22.5319 -9.990e-29
 121.555961      0.659  33.035234    10.5327    7.41868      0.653    29.4437    22.5309 -9.990e-29
 121.555966      0.653  33.035181    10.5346    7.41087      0.648    29.4421    22.5294 -9.990e-29
 121.555972      0.641  33.037278    10.5381    7.40320      0.636    29.4414    22.5282 -9.990e-29
 121.555978      0.625  33.039830    10.5410    7.38949      0.620    29.4416    22.5279 -9.990e-29
 121.555984      0.619  33.041748    10.5425    7.38627      0.614    29.4423    22.5282 -9.990e-29
 121.555990      0.630  33.043341    10.5437    7.39666      0.625    29.4429    22.5284 -9.990e-29
 121.555995      0.650  33.045048    10.5452    7.40466      0.645    29.4433    22.5285 -9.990e-29
 121.556001      0.668  33.046334    10.5463    7.40811      0.662    29.4437    22.5286 -9.990e-29
 121.556007      0.680  33.046666    10.5470    7.39141      0.674    29.4435    22.5283 -9.990e-29
 121.556013      0.684  33.046480    10.5483    7.39045      0.678    29.4422    22.5272 -9.990e-29
 121.556019      0.683  33.046641    10.5501    7.39229      0.677    29.4409    22.5259 -9.990e-29
 121.556024      0.694  33.047356    10.5514    7.40332      0.688    29.4406    22.5254 -9.990e-29
 121.556030      0.719  33.047893    10.5516    7.40232      0.713    29.4409    22.5256 -9.990e-29
 121.556036      0.741  33.047841    10.5516    7.40577      0.735    29.4409    22.5256 -9.990e-29
 121.556042      0.750  33.047681    10.5520    7.39888      0.744    29.4404    22.5251 -9.990e-29
 121.556047      0.746  33.047753    10.5526    7.39574      0.740    29.4400    22.5247 -9.990e-29
 121.556053      0.741  33.048148    10.5530    7.39704      0.735    29.4401    22.5247 -9.990e-29
 121.556059      0.744  33.048825    10.5534    7.40202      0.738    29.4404    22.5249 -9.990e-29
 121.556065      0.750  33.048998    10.5536    7.39972      0.744    29.4404    22.5249 -9.990e-29
 121.556071      0.756  33.048331    10.5534    7.40562      0.750    29.4399    22.5245 -9.990e-29
 121.556076      0.763  33.047608    10.5530    7.40038      0.757    29.4395    22.5243 -9.990e-29
 121.556082      0.770  33.046980    10.5519    7.40363      0.764    29.4398    22.5247 -9.990e-29
 121.556088      0.778  33.046162    10.5495    7.39965      0.772    29.4409    22.5259 -9.990e-29
 121.556094      0.787  33.045179    10.5471    7.40401      0.780    29.4419    22.5271 -9.990e-29
 121.556100      0.799  33.044392    10.5462    7.40731      0.792    29.4418    22.5272 -9.990e-29
 121.556105      0.809  33.044425    10.5468    7.40532      0.802    29.4414    22.5267 -9.990e-29
 121.556111      0.814  33.044756    10.5480    7.39318      0.807    29.4407    22.5260 -9.990e-29
 121.556117      0.823  33.044697    10.5486    7.40122      0.816    29.4402    22.5255 -9.990e-29
 121.556123      0.844  33.044723    10.5479    7.39785      0.837    29.4407    22.5261 -9.990e-29
 121.556128      0.876  33.044863    10.5459    7.40632      0.869    29.4425    22.5278 -9.990e-29
 121.556134      0.916  33.044176    10.5436    7.40820      0.908    29.4436    22.5291 -9.990e-29
 121.556140      0.965  33.042861    10.5422    7.41372      0.957    29.4435    22.5291 -9.990e-29
 121.556146      1.029  33.041957    10.5418    7.41542      1.020    29.4429    22.5288 -9.990e-29
 121.556152      1.105  33.041373    10.5418    7.42111      1.096    29.4423    22.5283 -9.990e-29
 121.556157      1.195  33.040883    10.5422    7.41340      1.185    29.4414    22.5276 -9.990e-29
 121.556163      1.309  33.040949    10.5426    7.39914      1.298    29.4411    22.5273 -9.990e-29
 121.556169      1.458  33.041652    10.5422    7.38627      1.446    29.4421    22.5281 0.0000e+00
 121.556175      1.656  33.042241    10.5399    7.36095      1.642    29.4444    22.5303 0.0000e+00
 121.556181      1.915  33.041813    10.5338    7.30965      1.899    29.4488    22.5347 0.0000e+00
 121.556186      2.235  33.039231    10.5203    7.28925      2.216    29.4571    22.5434 0.0000e+00
 121.556192      2.611  33.034405    10.4965    7.25714      2.589    29.4714    22.5584 0.0000e+00
 121.556198      3.032  33.029298    10.4610    7.21330      3.007    29.4949    22.5826 0.0000e+00
 121.556204      3.487  33.026056    10.4135    7.16015      3.458    29.5300    22.6177 0.0000e+00
 121.556209      3.965  33.025389    10.3579    7.07502      3.932    29.5743    22.6613 0.0000e+00
 121.556215      4.451  33.025833    10.2967    6.98065      4.414    29.6244    22.7102 0.0000e+00
 121.556221      4.932  33.025721    10.2290    6.87116      4.891    29.6793    22.7640 0.0000e+00
 121.556227      5.408  33.025446    10.1598    6.83957      5.363    29.7355    22.8190 0.0000e+00
 121.556233      5.889  33.026864    10.0870    6.84120      5.840    29.7965    22.8783 0.0000e+00
 121.556238      6.384  33.033531     9.9956    6.79569      6.331    29.8784    22.9567 0.0000e+00
 121.556244      6.894  33.052076     9.8774    6.72998      6.836    29.9947    23.0663 0.0000e+00
