data/oxygen options/OCNMS/OCNMS1/raw_data/2007/CTD_MB042_050107faed.cnv
* Sea-Bird SBE19 Data File:
* FileName = C:\2007_mooring_data\CTD_MB042_050107.hex
* Software Version 1.1.6
* Temperature SN = 2997
* Conductivity SN = 2997
* System UpLoad Time = May 01 2007 11:39:44
* SEACAT PROFILER V3.1c SN 2997   05/01/07  11:39:25.622
* strain gauge pressure sensor: S/N = 184829,  range = 3000 psia,  tc = 40
# nquan = 9                                 
# nvalues = 2500                        
# units = specified
# name 0 = timeJ: Julian Days
# name 1 = prSM: Pressure, Strain Gauge [db]
# name 2 = c0mS/cm: Conductivity [mS/cm]
# name 3 = t090C: Temperature [ITS-90, deg C]
# name 4 = oxML/L: Oxygen, Beckman/YSI [ml/l]
# name 5 = depSM: Depth [salt water, m], lat = 47.5
# name 6 = sal00: Salinity, Practical [PSU]
# name 7 = sigma-é00: Density [sigma-theta, kg/m^3]
# name 8 = flag: flag
# span 0 = 121.466470, 121.480932       
# span 1 =     -1.880,     44.241       
# span 2 =   0.053156,  34.668719       
# span 3 =     7.6130,    11.9337       
# span 4 =   -1.30578,   37.09633       
# span 5 =     -1.864,     43.867       
# span 6 =     0.0354,    33.6727       
# span 7 =    -0.4648,    26.2863       
# span 8 = 0.0000e+00, 0.0000e+00       
# interval = seconds: 0.5
# start_time = May 01 2007 11:11:43 [Instrument's time stamp, header]
# bad_flag = -9.990e-29
*END*
[from data line 2081]
 121.478513      3.968  33.290976     9.5204    5.67933      3.935    30.5377    23.5462 -9.990e-29
 121.478519      3.945  33.278175     9.5343    5.69623      3.912    30.5129    23.5247 -9.990e-29
 121.478524      3.920  33.255893     9.5507    5.72312      3.887    30.4763    23.4936 -9.990e-29
 121.478530      3.904  33.228599     9.5683    5.74481      3.871    30.4337    23.4575 -9.990e-29
 121.478536      3.900  33.204731     9.5841    5.71477      3.867    30.3961    23.4257 -9.990e-29
 121.478542      3.907  33.182160     9.5945    5.67685      3.874    30.3644    23.3993 -9.990e-29
 121.478547      3.921  33.166090     9.5976    5.62697      3.888    30.3455    23.3841 -9.990e-29
 121.478553      3.936  33.162549     9.5974    5.58443      3.903    30.3421    23.3815 -9.990e-29
 121.478559      3.947  33.167370     9.5965    5.55211      3.914    30.3477    23.3860 -9.990e-29
 121.478565      3.956  33.175766     9.5873    5.53586      3.923    30.3640    23.4001 -9.990e-29
 121.478571      3.966  33.186034     9.5605    5.54546      3.933    30.3971    23.4302 -9.990e-29
 121.478576      3.984  33.222504     9.5187    5.58074      3.951    30.4696    23.4933 -9.990e-29
 121.478582      4.002  33.288403     9.4816    5.58427      3.969    30.5681    23.5760 -9.990e-29
 121.478588      4.008  33.332045     9.4716    5.59965      3.975    30.6211    23.6190 -9.990e-29
 121.478594      3.998  33.328664     9.4977    5.62377      3.965    30.5954    23.5948 -9.990e-29
 121.478600      3.975  33.292791     9.5458    5.63283      3.942    30.5179    23.5268 -9.990e-29
 121.478605      3.952  33.247197     9.5853    5.64397      3.919    30.4381    23.4583 -9.990e-29
 121.478611      3.944  33.206181     9.5958    5.65123      3.911    30.3876    23.4173 -9.990e-29
 121.478617      3.954  33.186229     9.5773    5.65184      3.921    30.3831    23.4166 -9.990e-29
 121.478623      3.971  33.208932     9.5519    5.65783      3.938    30.4276    23.4553 -9.990e-29
 121.478628      3.982  33.244033     9.5436    5.65824      3.949    30.4703    23.4900 -9.990e-29
 121.478634      3.985  33.249777     9.5522    5.65270      3.952    30.4688    23.4875 -9.990e-29
 121.478640      3.983  33.233249     9.5667    5.66726      3.950    30.4397    23.4625 -9.990e-29
 121.478646      3.980  33.214433     9.5802    5.67810      3.947    30.4092    23.4366 -9.990e-29
 121.478652      3.977  33.199056     9.5905    5.68638      3.944    30.3849    23.4160 -9.990e-29
 121.478657      3.974  33.190147     9.5966    5.68042      3.941    30.3707    23.4039 -9.990e-29
 121.478663      3.969  33.193756     9.5970    5.67488      3.936    30.3740    23.4065 -9.990e-29
 121.478669      3.963  33.211886     9.5944    5.69628      3.930    30.3946    23.4229 -9.990e-29
 121.478675      3.956  33.230598     9.5948    5.71019      3.923    30.4133    23.4374 -9.990e-29
 121.478681      3.947  33.226638     9.6003    5.71965      3.914    30.4046    23.4298 -9.990e-29
 121.478686      3.939  33.201442     9.6060    5.72767      3.906    30.3742    23.4052 -9.990e-29
 121.478692      3.937  33.174087     9.6045    5.71776      3.904    30.3478    23.3848 -9.990e-29
 121.478698      3.940  33.161890     9.5967    5.70943      3.907    30.3420    23.3815 -9.990e-29
 121.478704      3.948  33.170437     9.5909    5.71706      3.915    30.3555    23.3930 -9.990e-29
 121.478709      3.958  33.178614     9.5901    5.70506      3.925    30.3645    23.4001 -9.990e-29
 121.478715      3.966  33.177142     9.5907    5.71041      3.933    30.3625    23.3985 -9.990e-29
 121.478721      3.973  33.178056     9.5915    5.71019      3.940    30.3628    23.3985 -9.990e-29
 121.478727      3.979  33.179208     9.5940    5.70619      3.946    30.3618    23.3974 -9.990e-29
 121.478733      3.985  33.178764     9.5964    5.70725      3.952    30.3593    23.3951 -9.990e-29
 121.478738      3.990  33.182848     9.5962    5.70438      3.957    30.3636    23.3985 -9.990e-29
 121.478744      3.991  33.185692     9.5936    5.69630      3.958    30.3687    23.4028 -9.990e-29
 121.478750      3.984  33.183795     9.5917    5.69381      3.951    30.3684    23.4029 -9.990e-29
 121.478756      3.972  33.181904     9.5916    5.67378      3.939    30.3666    23.4015 -9.990e-29
 121.478762      3.963  33.179731     9.5904    5.67252      3.930    30.3654    23.4008 -9.990e-29
 121.478767      3.961  33.182218     9.5851    5.68721      3.928    30.3724    23.4071 -9.990e-29
 121.478773      3.962  33.194354     9.5771    5.68822      3.929    30.3915    23.4232 -9.990e-29
 121.478779      3.961  33.207095     9.5710    5.69038      3.928    30.4096    23.4383 -9.990e-29
 121.478785      3.959  33.212761     9.5702    5.67735      3.926    30.4160    23.4434 -9.990e-29
 121.478791      3.954  33.211614     9.5754    5.67353      3.921    30.4104    23.4383 -9.990e-29
 121.478796      3.948  33.204916     9.5843    5.69383      3.915    30.3961    23.4257 -9.990e-29
 121.478802      3.939  33.194938     9.5935    5.68126      3.906    30.3782    23.4103 -9.990e-29
 121.478808      3.931  33.181820     9.5979    5.68898      3.898    30.3612    23.3963 -9.990e-29
 121.478814      3.932  33.176083     9.5928    5.70274      3.899    30.3597    23.3959 -9.990e-29
 121.478819      3.943  33.194732     9.5833    5.71208      3.910    30.3866    23.4184 -9.990e-29
 121.478825      3.950  33.221718     9.5806    5.73420      3.917    30.4163    23.4420 -9.990e-29
 121.478831      3.943  33.224643     9.5898    5.74512      3.910    30.4114    23.4368 -9.990e-29
 121.478837      3.919  33.204594     9.6054    5.75770      3.886    30.3779    23.4082 -9.990e-29
 121.478843      3.892  33.183584     9.6189    5.76596      3.859    30.3452    23.3806 -9.990e-29
 121.478848      3.871  33.168901     9.6279    5.74728      3.839    30.3228    23.3616 -9.990e-29
 121.478854      3.859  33.156657     9.6332    5.75963      3.827    30.3059    23.3476 -9.990e-29
 121.478860      3.857  33.150695     9.6329    5.76373      3.825    30.3001    23.3432 -9.990e-29
 121.478866      3.864  33.153706     9.6282    5.74508      3.832    30.3071    23.3494 -9.990e-29
 121.478872      3.879  33.157370     9.6224    5.74757      3.847    30.3157    23.3570 -9.990e-29
 121.478877      3.901  33.158156     9.6176    5.72942      3.868    30.3206    23.3615 -9.990e-29
 121.478883      3.921  33.160468     9.6162    5.73767      3.888    30.3241    23.3645 -9.990e-29
 121.478889      3.937  33.165138     9.6208    5.75946      3.904    30.3249    23.3644 -9.990e-29
 121.478895      3.949  33.162691     9.6301    5.76080      3.916    30.3146    23.3549 -9.990e-29
 121.478900      3.960  33.151538     9.6359    5.76938      3.927    30.2984    23.3413 -9.990e-29
 121.478906      3.968  33.150424     9.6341    5.78178      3.935    30.2988    23.3419 -9.990e-29
 121.478912      3.975  33.161221     9.6320    5.78916      3.942    30.3115    23.3522 -9.990e-29
 121.478918      3.977  33.166937     9.6383    5.80506      3.944    30.3120    23.3515 -9.990e-29
 121.478924      3.966  33.158933     9.6552    5.81674      3.933    30.2896    23.3315 -9.990e-29
 121.478929      3.940  33.135496     9.6755    5.81379      3.907    30.2488    23.2964 -9.990e-29
 121.478935      3.911  33.112442     9.6862    5.82181      3.878    30.2166    23.2696 -9.990e-29
 121.478941      3.890  33.103298     9.6832    5.82388      3.857    30.2098    23.2648 -9.990e-29
 121.478947      3.880  33.103717     9.6720    5.83130      3.848    30.2197    23.2742 -9.990e-29
 121.478953      3.876  33.116492     9.6601    5.83383      3.844    30.2426    23.2940 -9.990e-29
 121.478958      3.869  33.129510     9.6573    5.83492      3.837    30.2581    23.3065 -9.990e-29
 121.478964      3.855  33.124811     9.6662    5.82486      3.823    30.2459    23.2956 -9.990e-29
 121.478970      3.836  33.112371     9.6786    5.77108      3.804    30.2229    23.2757 -9.990e-29
 121.478976      3.825  33.100254     9.6877    5.73960      3.793    30.2030    23.2587 -9.990e-29
 121.478981      3.829  33.091352     9.6884    5.71688      3.797    30.1934    23.2512 -9.990e-29
 121.478987      3.845  33.097888     9.6769    5.70728      3.813    30.2097    23.2657 -9.990e-29
 121.478993      3.868  33.122964     9.6559    5.72868      3.836    30.2527    23.3025 -9.990e-29
 121.478999      3.897  33.159860     9.6267    5.75053      3.864    30.3146    23.3554 -9.990e-29
 121.479005      3.920  33.199506     9.5924    5.77328      3.887    30.3838    23.4148 -9.990e-29
 121.479010      3.926  33.228255     9.5738    5.79518      3.893    30.4287    23.4528 -9.990e-29
 121.479016      3.910  33.232289     9.5933    5.80671      3.877    30.4163    23.4400 -9.990e-29
 121.479022      3.877  33.205945     9.6433    5.83592      3.845    30.3473    23.3783 -9.990e-29
 121.479028      3.837  33.159481     9.6951    5.84444      3.805    30.2567    23.2994 -9.990e-29
 121.479034      3.805  33.113887     9.7267    5.84021      3.773    30.1841    23.2378 -9.990e-29
 121.479039      3.790  33.084595     9.7294    5.84193      3.758    30.1522    23.2126 -9.990e-29
 121.479045      3.793  33.079629     9.7104    5.83324      3.761    30.1631    23.2241 -9.990e-29
 121.479051      3.806  33.096857     9.6890    5.83066      3.774    30.1985    23.2550 -9.990e-29
 121.479057      3.819  33.118896     9.6791    5.82476      3.787    30.2291    23.2804 -9.990e-29
 121.479063      3.826  33.124689     9.6834    5.80612      3.794    30.2313    23.2815 -9.990e-29
 121.479068      3.822  33.110746     9.6955    5.79115      3.790    30.2071    23.2607 -9.990e-29
 121.479074      3.812  33.096576     9.7033    5.78213      3.780    30.1862    23.2432 -9.990e-29
 121.479080      3.809  33.091867     9.6991    5.77334      3.777    30.1850    23.2429 -9.990e-29
 121.479086      3.819  33.096506     9.6811    5.77332      3.787    30.2048    23.2612 -9.990e-29
 121.479091      3.845  33.118921     9.6526    5.78680      3.813    30.2514    23.3020 -9.990e-29
 121.479097      3.882  33.149207     9.6259    5.78975      3.850    30.3045    23.3477 -9.990e-29
 121.479103      3.918  33.166657     9.6172    5.80077      3.885    30.3295    23.3686 -9.990e-29
 121.479109      3.936  33.165391     9.6341    5.81744      3.903    30.3140    23.3538 -9.990e-29
 121.479115      3.937  33.145393     9.6661    5.83487      3.904    30.2668    23.3119 -9.990e-29
 121.479120      3.932  33.117541     9.6935    5.84537      3.899    30.2156    23.2676 -9.990e-29
 121.479126      3.927  33.100739     9.7059    5.84847      3.894    30.1882    23.2443 -9.990e-29
 121.479132      3.927  33.097248     9.7035    5.81973      3.894    30.1867    23.2435 -9.990e-29
 121.479138      3.927  33.101854     9.6947    5.79272      3.894    30.1987    23.2543 -9.990e-29
 121.479144      3.923  33.108931     9.6920    5.77321      3.890    30.2081    23.2621 -9.990e-29
 121.479149      3.919  33.105496     9.6988    5.74959      3.886    30.1990    23.2538 -9.990e-29
 121.479155      3.920  33.095368     9.7045    5.74340      3.887    30.1839    23.2412 -9.990e-29
 121.479161      3.924  33.093061     9.6962    5.72859      3.891    30.1886    23.2461 -9.990e-29
 121.479167      3.934  33.110631     9.6684    5.71258      3.901    30.2297    23.2826 -9.990e-29
 121.479172      3.944  33.151889     9.6301    5.70884      3.911    30.3037    23.3464 -9.990e-29
 121.479178      3.947  33.195069     9.6034    5.71196      3.914    30.3700    23.4023 -9.990e-29
 121.479184      3.938  33.218163     9.6024    5.73114      3.905    30.3942    23.4214 -9.990e-29
 121.479190      3.923  33.211603     9.6188    5.73692      3.890    30.3737    23.4028 -9.990e-29
 121.479196      3.907  33.186248     9.6329    5.75261      3.874    30.3361    23.3712 -9.990e-29
 121.479201      3.899  33.166012     9.6331    5.76392      3.866    30.3155    23.3551 -9.990e-29
 121.479207      3.898  33.162585     9.6224    5.74823      3.865    30.3210    23.3611 -9.990e-29
 121.479213      3.891  33.174759     9.6119    5.74768      3.858    30.3422    23.3793 -9.990e-29
 121.479219      3.870  33.182339     9.6134    5.75678      3.838    30.3486    23.3841 -9.990e-29
 121.479225      3.837  33.173570     9.6263    5.74440      3.805    30.3289    23.3666 -9.990e-29
 121.479230      3.802  33.159732     9.6397    5.73751      3.770    30.3036    23.3448 -9.990e-29
 121.479236      3.782  33.148710     9.6454    5.71539      3.750    30.2876    23.3314 -9.990e-29
 121.479242      3.783  33.146548     9.6407    5.70203      3.751    30.2894    23.3335 -9.990e-29
 121.479248      3.801  33.159889     9.6288    5.70892      3.769    30.3129    23.3538 -9.990e-29
 121.479253      3.823  33.176258     9.6164    5.69705      3.791    30.3400    23.3768 -9.990e-29
 121.479259      3.844  33.182173     9.6040    5.71566      3.812    30.3564    23.3916 -9.990e-29
 121.479265      3.869  33.185515     9.5880    5.73110      3.837    30.3733    23.4073 -9.990e-29
 121.479271      3.899  33.194657     9.5730    5.74308      3.866    30.3953    23.4268 -9.990e-29
 121.479277      3.923  33.203295     9.5704    5.77344      3.890    30.4062    23.4358 -9.990e-29
 121.479282      3.931  33.198841     9.5835    5.78886      3.898    30.3906    23.4215 -9.990e-29
 121.479288      3.921  33.182073     9.6045    5.79641      3.888    30.3559    23.3911 -9.990e-29
 121.479294      3.904  33.164258     9.6246    5.78913      3.871    30.3208    23.3606 -9.990e-29
 121.479300      3.880  33.148542     9.6425    5.77413      3.848    30.2898    23.3336 -9.990e-29
 121.479306      3.855  33.131905     9.6596    5.77516      3.823    30.2586    23.3066 -9.990e-29
 121.479311      3.833  33.118504     9.6701    5.75374      3.801    30.2362    23.2875 -9.990e-29
 121.479317      3.819  33.112887     9.6688    5.73564      3.787    30.2317    23.2841 -9.990e-29
 121.479323      3.811  33.114852     9.6571    5.68615      3.779    30.2435    23.2951 -9.990e-29
 121.479329      3.810  33.132623     9.6379    5.65259      3.778    30.2776    23.3248 -9.990e-29
 121.479334      3.813  33.162433     9.6168    5.65633      3.781    30.3256    23.3656 -9.990e-29
 121.479340      3.823  33.183502     9.6008    5.64983      3.791    30.3605    23.3953 -9.990e-29
 121.479346      3.840  33.189730     9.5908    5.65175      3.808    30.3752    23.4084 -9.990e-29
 121.479352      3.864  33.192778     9.5821    5.63672      3.832    30.3857    23.4179 -9.990e-29
 121.479358      3.893  33.205672     9.5703    5.62882      3.860    30.4087    23.4377 -9.990e-29
 121.479363      3.916  33.226548     9.5599    5.65592      3.883    30.4387    23.4628 -9.990e-29
 121.479369      3.926  33.240647     9.5638    5.68454      3.893    30.4497    23.4708 -9.990e-29
 121.479375      3.928  33.235939     9.5814    5.70958      3.895    30.4300    23.4526 -9.990e-29
 121.479381      3.926  33.216791     9.5961    5.71365      3.893    30.3982    23.4254 -9.990e-29
 121.479387      3.920  33.200820     9.6000    5.70486      3.887    30.3787    23.4096 -9.990e-29
 121.479392      3.909  33.195314     9.5997    5.70711      3.876    30.3733    23.4055 -9.990e-29
 121.479398      3.894  33.192372     9.6036    5.70255      3.861    30.3671    23.4000 -9.990e-29
 121.479404      3.877  33.183587     9.6125    5.70728      3.845    30.3507    23.3858 -9.990e-29
 121.479410      3.866  33.170691     9.6187    5.69135      3.834    30.3324    23.3705 -9.990e-29
 121.479416      3.864  33.165630     9.6121    5.67576      3.832    30.3328    23.3719 -9.990e-29
 121.479421      3.871  33.177346     9.5921    5.67176      3.839    30.3616    23.3975 -9.990e-29
 121.479427      3.884  33.197364     9.5703    5.67235      3.852    30.4003    23.4312 -9.990e-29
