data/oxygen options/OCNMS/OCNMS1/raw_data/2007/CTD_TH065_051007faed.cnv
* Sea-Bird SBE19 Data File:
* FileName = C:\2007_mooring_data\CTD_TH065_051007.hex
* Software Version 1.1.6
* Temperature SN = 2997
* Conductivity SN = 2997
* System UpLoad Time = May 10 2007 10:23:44
* SEACAT PROFILER V3.1c SN 2997   05/10/07  10:23:18.737
* strain gauge pressure sensor: S/N = 184829,  range = 3000 psia,  tc = 40
# nquan = 9                                 
# nvalues = 2355                        
# units = specified
# name 0 = timeJ: Julian Days
# name 1 = prSM: Pressure, Strain Gauge [db]
# name 2 = c0mS/cm: Conductivity [mS/cm]
# name 3 = t090C: Temperature [ITS-90, deg C]
# name 4 = oxML/L: Oxygen, Beckman/YSI [ml/l]
# name 5 = depSM: Depth [salt water, m], lat = 47.5
# name 6 = sal00: Salinity, Practical [PSU]
# name 7 = sigma-é00: Density [sigma-theta, kg/m^3]
# name 8 = flag: flag
# span 0 = 130.386458, 130.400081       
# span 1 =     -4.990,     65.039       
# span 2 =  -0.001514,  34.665530       
# span 3 =     7.5441,    11.9896       
# span 4 =  -13.13037,   37.04090       
# span 5 =     -4.948,     64.486       
# span 6 =     0.0000,    33.7458       
# span 7 =    -0.4995,    26.3557       
# span 8 = 0.0000e+00, 0.0000e+00       
# interval = seconds: 0.5
# start_time = May 10 2007 09:16:30 [Instrument's time stamp, header]
# bad_flag = -9.990e-29
*END*
[from data line 1761]
 130.396649     11.344  33.994953     9.3541    5.83886     11.249    31.3967    24.2433 -9.990e-29
 130.396655     11.338  33.994748     9.3541    5.84381     11.243    31.3965    24.2431 -9.990e-29
 130.396661     11.333  33.994473     9.3542    5.83261     11.238    31.3962    24.2428 -9.990e-29
 130.396667     11.332  33.994326     9.3543    5.83314     11.237    31.3959    24.2426 -9.990e-29
 130.396672     11.335  33.994111     9.3543    5.83315     11.240    31.3957    24.2424 -9.990e-29
 130.396678     11.343  33.994102     9.3541    5.83333     11.248    31.3959    24.2426 -9.990e-29
 130.396684     11.351  33.994288     9.3538    5.83844     11.256    31.3963    24.2430 -9.990e-29
 130.396690     11.357  33.994359     9.3539    5.83487     11.262    31.3963    24.2430 -9.990e-29
 130.396696     11.364  33.994409     9.3541    5.83357     11.269    31.3962    24.2428 -9.990e-29
 130.396701     11.373  33.994508     9.3541    5.83522     11.278    31.3963    24.2429 -9.990e-29
 130.396707     11.376  33.994789     9.3541    5.83545     11.281    31.3965    24.2431 -9.990e-29
 130.396713     11.368  33.995065     9.3542    5.82736     11.273    31.3967    24.2433 -9.990e-29
 130.396719     11.350  33.995144     9.3542    5.84147     11.255    31.3968    24.2434 -9.990e-29
 130.396725     11.325  33.995134     9.3540    5.84468     11.230    31.3970    24.2435 -9.990e-29
 130.396730     11.304  33.995023     9.3540    5.84487     11.209    31.3969    24.2434 -9.990e-29
 130.396736     11.293  33.994663     9.3541    5.83826     11.198    31.3965    24.2431 -9.990e-29
 130.396742     11.293  33.994138     9.3541    5.82767     11.198    31.3959    24.2426 -9.990e-29
 130.396748     11.307  33.993868     9.3542    5.82821     11.212    31.3955    24.2423 -9.990e-29
 130.396753     11.341  33.994056     9.3545    5.82945     11.246    31.3955    24.2422 -9.990e-29
 130.396759     11.389  33.994954     9.3550    5.82682     11.294    31.3959    24.2425 -9.990e-29
 130.396765     11.427  33.996638     9.3555    5.82510     11.331    31.3972    24.2434 -9.990e-29
 130.396771     11.433  33.997990     9.3556    5.82350     11.337    31.3985    24.2444 -9.990e-29
 130.396777     11.402  33.998010     9.3555    5.83308     11.307    31.3986    24.2445 -9.990e-29
 130.396782     11.350  33.997288     9.3555    5.83997     11.255    31.3979    24.2440 -9.990e-29
 130.396788     11.300  33.996542     9.3555    5.83248     11.205    31.3971    24.2434 -9.990e-29
 130.396794     11.264  33.995902     9.3556    5.83552     11.170    31.3964    24.2428 -9.990e-29
 130.396800     11.249  33.995640     9.3559    5.83344     11.155    31.3959    24.2423 -9.990e-29
 130.396806     11.255  33.995966     9.3563    5.84301     11.161    31.3959    24.2423 -9.990e-29
 130.396811     11.273  33.996757     9.3566    5.83961     11.179    31.3964    24.2426 -9.990e-29
 130.396817     11.296  33.997386     9.3566    5.84229     11.201    31.3970    24.2431 -9.990e-29
 130.396823     11.313  33.997572     9.3567    5.83426     11.218    31.3971    24.2432 -9.990e-29
 130.396829     11.319  33.997561     9.3568    5.83086     11.224    31.3970    24.2431 -9.990e-29
 130.396834     11.329  33.997340     9.3567    5.83135     11.234    31.3969    24.2430 -9.990e-29
 130.396840     11.352  33.997177     9.3567    5.83775     11.257    31.3967    24.2429 -9.990e-29
 130.396846     11.376  33.997418     9.3570    5.84303     11.281    31.3967    24.2428 -9.990e-29
 130.396852     11.381  33.997825     9.3575    5.84319     11.286    31.3967    24.2427 -9.990e-29
 130.396858     11.363  33.997816     9.3578    5.84158     11.268    31.3964    24.2425 -9.990e-29
 130.396863     11.335  33.997380     9.3579    5.83789     11.240    31.3959    24.2420 -9.990e-29
 130.396869     11.311  33.997059     9.3579    5.83784     11.216    31.3956    24.2418 -9.990e-29
 130.396875     11.303  33.996988     9.3579    5.82945     11.208    31.3955    24.2417 -9.990e-29
 130.396881     11.314  33.997075     9.3580    5.83545     11.219    31.3955    24.2417 -9.990e-29
 130.396887     11.341  33.997437     9.3582    5.83884     11.246    31.3957    24.2418 -9.990e-29
 130.396892     11.377  33.997997     9.3585    5.83914     11.282    31.3960    24.2420 -9.990e-29
 130.396898     11.416  33.998381     9.3589    5.83314     11.320    31.3960    24.2420 -9.990e-29
 130.396904     11.452  33.998542     9.3590    5.82803     11.356    31.3961    24.2420 -9.990e-29
 130.396910     11.479  33.998693     9.3587    5.82773     11.383    31.3965    24.2424 -9.990e-29
 130.396916     11.489  33.999037     9.3585    5.83772     11.393    31.3970    24.2428 -9.990e-29
 130.396921     11.479  33.999473     9.3585    5.84295     11.383    31.3974    24.2432 -9.990e-29
 130.396927     11.452  33.999463     9.3587    5.84314     11.356    31.3973    24.2430 -9.990e-29
 130.396933     11.421  33.998998     9.3589    5.84012     11.325    31.3966    24.2425 -9.990e-29
 130.396939     11.399  33.998580     9.3591    5.82963     11.304    31.3960    24.2420 -9.990e-29
 130.396944     11.394  33.998216     9.3593    5.83570     11.299    31.3955    24.2415 -9.990e-29
 130.396950     11.402  33.997982     9.3592    5.82958     11.307    31.3953    24.2414 -9.990e-29
 130.396956     11.414  33.998129     9.3588    5.83761     11.318    31.3958    24.2418 -9.990e-29
 130.396962     11.423  33.998293     9.3587    5.83302     11.327    31.3961    24.2421 -9.990e-29
 130.396968     11.429  33.998135     9.3589    5.83779     11.333    31.3957    24.2418 -9.990e-29
 130.396973     11.437  33.998005     9.3588    5.83351     11.341    31.3957    24.2417 -9.990e-29
 130.396979     11.443  33.998292     9.3585    5.83006     11.347    31.3962    24.2422 -9.990e-29
 130.396985     11.443  33.998820     9.3583    5.83221     11.347    31.3970    24.2428 -9.990e-29
 130.396991     11.437  33.999173     9.3584    5.83019     11.341    31.3972    24.2430 -9.990e-29
 130.396997     11.425  33.999263     9.3584    5.84025     11.329    31.3973    24.2431 -9.990e-29
 130.397002     11.410  33.999212     9.3582    5.83494     11.314    31.3975    24.2432 -9.990e-29
 130.397008     11.401  33.998953     9.3581    5.83940     11.306    31.3973    24.2431 -9.990e-29
 130.397014     11.399  33.998703     9.3580    5.83315     11.304    31.3971    24.2430 -9.990e-29
 130.397020     11.407  33.998693     9.3576    5.82958     11.311    31.3975    24.2433 -9.990e-29
 130.397025     11.419  33.998910     9.3568    5.82322     11.323    31.3984    24.2442 -9.990e-29
 130.397031     11.428  33.999086     9.3561    5.82922     11.332    31.3992    24.2449 -9.990e-29
 130.397037     11.430  33.998894     9.3555    5.83291     11.334    31.3995    24.2452 -9.990e-29
 130.397043     11.421  33.998643     9.3554    5.83482     11.325    31.3993    24.2451 -9.990e-29
 130.397049     11.397  33.998559     9.3559    5.83709     11.302    31.3988    24.2446 -9.990e-29
 130.397054     11.363  33.998530     9.3569    5.83388     11.268    31.3979    24.2438 -9.990e-29
 130.397060     11.332  33.998519     9.3575    5.82597     11.237    31.3974    24.2433 -9.990e-29
 130.397066     11.313  33.998514     9.3578    5.83186     11.218    31.3971    24.2430 -9.990e-29
 130.397072     11.315  33.998511     9.3581    5.83353     11.220    31.3969    24.2428 -9.990e-29
 130.397078     11.328  33.998509     9.3584    5.82691     11.233    31.3966    24.2425 -9.990e-29
 130.397083     11.346  33.998508     9.3587    5.83507     11.251    31.3963    24.2423 -9.990e-29
 130.397089     11.364  33.998507     9.3587    5.82501     11.269    31.3963    24.2422 -9.990e-29
 130.397095     11.380  33.998506     9.3581    5.83186     11.285    31.3968    24.2427 -9.990e-29
 130.397101     11.399  33.998504     9.3571    5.82233     11.304    31.3977    24.2436 -9.990e-29
 130.397106     11.422  33.998503     9.3562    5.83917     11.326    31.3985    24.2443 -9.990e-29
 130.397112     11.437  33.998502     9.3557    5.83821     11.341    31.3989    24.2447 -9.990e-29
 130.397118     11.434  33.998502     9.3556    5.83649     11.338    31.3990    24.2448 -9.990e-29
 130.397124     11.412  33.998501     9.3560    5.83858     11.316    31.3987    24.2445 -9.990e-29
 130.397130     11.382  33.998499     9.3567    5.82990     11.287    31.3981    24.2439 -9.990e-29
 130.397135     11.355  33.998498     9.3573    5.83384     11.260    31.3975    24.2434 -9.990e-29
 130.397141     11.333  33.998497     9.3576    5.83365     11.238    31.3973    24.2432 -9.990e-29
 130.397147     11.316  33.998498     9.3576    5.83278     11.221    31.3973    24.2432 -9.990e-29
 130.397153     11.302  33.998504     9.3574    5.83242     11.207    31.3975    24.2434 -9.990e-29
 130.397159     11.286  33.998526     9.3575    5.83360     11.192    31.3974    24.2433 -9.990e-29
 130.397164     11.268  33.998594     9.3576    5.83366     11.174    31.3974    24.2433 -9.990e-29
 130.397170     11.258  33.998801     9.3575    5.84163     11.164    31.3977    24.2435 -9.990e-29
 130.397176     11.264  33.998865     9.3570    5.83539     11.170    31.3982    24.2440 -9.990e-29
 130.397182     11.284  33.998313     9.3561    5.83396     11.190    31.3984    24.2443 -9.990e-29
 130.397188     11.309  33.997530     9.3554    5.83206     11.214    31.3982    24.2443 -9.990e-29
 130.397193     11.332  33.997157     9.3548    5.82224     11.237    31.3984    24.2445 -9.990e-29
 130.397199     11.347  33.997256     9.3542    5.83194     11.252    31.3990    24.2450 -9.990e-29
 130.397205     11.350  33.997400     9.3540    5.82557     11.255    31.3993    24.2453 -9.990e-29
 130.397211     11.345  33.997223     9.3542    5.82521     11.250    31.3990    24.2450 -9.990e-29
 130.397216     11.341  33.997049     9.3543    5.82848     11.246    31.3987    24.2448 -9.990e-29
 130.397222     11.342  33.997212     9.3545    5.82557     11.247    31.3987    24.2448 -9.990e-29
 130.397228     11.348  33.997369     9.3545    5.82927     11.253    31.3988    24.2449 -9.990e-29
 130.397234     11.359  33.997171     9.3544    5.82963     11.264    31.3987    24.2448 -9.990e-29
 130.397240     11.371  33.996917     9.3546    5.83117     11.276    31.3983    24.2444 -9.990e-29
 130.397245     11.378  33.996831     9.3549    5.83754     11.283    31.3979    24.2441 -9.990e-29
 130.397251     11.375  33.996799     9.3551    5.83945     11.280    31.3977    24.2439 -9.990e-29
 130.397257     11.361  33.996780     9.3551    5.83921     11.266    31.3977    24.2439 -9.990e-29
 130.397263     11.341  33.996748     9.3551    5.83742     11.246    31.3977    24.2439 -9.990e-29
 130.397269     11.325  33.996662     9.3548    5.82570     11.230    31.3979    24.2441 -9.990e-29
 130.397274     11.326  33.996410     9.3544    5.82379     11.231    31.3980    24.2442 -9.990e-29
 130.397280     11.344  33.996222     9.3538    5.82545     11.249    31.3983    24.2446 -9.990e-29
 130.397286     11.372  33.996408     9.3533    5.83386     11.277    31.3989    24.2451 -9.990e-29
 130.397292     11.401  33.996657     9.3532    5.83105     11.306    31.3992    24.2454 -9.990e-29
 130.397297     11.423  33.996739     9.3532    5.82951     11.327    31.3993    24.2454 -9.990e-29
 130.397303     11.428  33.996765     9.3532    5.82737     11.332    31.3993    24.2455 -9.990e-29
 130.397309     11.423  33.996773     9.3534    5.82558     11.327    31.3992    24.2453 -9.990e-29
 130.397315     11.414  33.996775     9.3539    5.82915     11.318    31.3987    24.2449 -9.990e-29
 130.397321     11.407  33.996774     9.3541    5.82915     11.311    31.3986    24.2447 -9.990e-29
 130.397326     11.400  33.996773     9.3541    5.82952     11.305    31.3986    24.2447 -9.990e-29
 130.397332     11.398  33.996772     9.3539    5.82940     11.303    31.3987    24.2449 -9.990e-29
 130.397338     11.400  33.996771     9.3539    5.82952     11.305    31.3987    24.2449 -9.990e-29
 130.397344     11.401  33.996770     9.3542    5.82940     11.306    31.3985    24.2446 -9.990e-29
 130.397350     11.403  33.996768     9.3544    5.82933     11.308    31.3983    24.2445 -9.990e-29
 130.397355     11.400  33.996767     9.3545    5.82933     11.305    31.3982    24.2444 -9.990e-29
 130.397361     11.393  33.996766     9.3546    5.83724     11.298    31.3981    24.2443 -9.990e-29
 130.397367     11.391  33.996765     9.3546    5.83112     11.296    31.3981    24.2443 -9.990e-29
 130.397373     11.396  33.996764     9.3545    5.82940     11.301    31.3982    24.2444 -9.990e-29
 130.397378     11.409  33.996764     9.3543    5.82738     11.313    31.3984    24.2445 -9.990e-29
 130.397384     11.428  33.996767     9.3542    5.82535     11.332    31.3985    24.2446 -9.990e-29
 130.397390     11.443  33.996779     9.3543    5.82904     11.347    31.3984    24.2445 -9.990e-29
 130.397396     11.453  33.996819     9.3544    5.82248     11.357    31.3983    24.2445 -9.990e-29
 130.397402     11.458  33.996941     9.3546    5.82755     11.362    31.3983    24.2444 -9.990e-29
 130.397407     11.458  33.997309     9.3548    5.82928     11.362    31.3985    24.2445 -9.990e-29
 130.397413     11.453  33.997855     9.3549    5.83756     11.357    31.3990    24.2449 -9.990e-29
 130.397419     11.442  33.998186     9.3548    5.83470     11.346    31.3994    24.2453 -9.990e-29
 130.397425     11.426  33.998186     9.3547    5.83725     11.330    31.3995    24.2453 -9.990e-29
 130.397431     11.404  33.997857     9.3547    5.82922     11.309    31.3991    24.2451 -9.990e-29
 130.397436     11.377  33.997321     9.3549    5.83245     11.282    31.3984    24.2445 -9.990e-29
 130.397442     11.357  33.996988     9.3552    5.82905     11.262    31.3978    24.2440 -9.990e-29
 130.397448     11.351  33.996975     9.3553    5.83308     11.256    31.3977    24.2439 -9.990e-29
 130.397454     11.351  33.997270     9.3552    5.83683     11.256    31.3981    24.2442 -9.990e-29
 130.397459     11.343  33.997705     9.3553    5.83481     11.248    31.3985    24.2445 -9.990e-29
 130.397465     11.323  33.997739     9.3553    5.83659     11.228    31.3985    24.2445 -9.990e-29
 130.397471     11.294  33.997420     9.3552    5.82433     11.199    31.3983    24.2443 -9.990e-29
 130.397477     11.258  33.997447     9.3553    5.82874     11.164    31.3983    24.2443 -9.990e-29
 130.397483     11.209  33.997858     9.3555    5.83103     11.115    31.3985    24.2445 -9.990e-29
 130.397488     11.139  33.998078     9.3556    5.83869     11.046    31.3987    24.2446 -9.990e-29
 130.397494     11.044  33.997843     9.3559    5.83505     10.952    31.3982    24.2442 -9.990e-29
 130.397500     10.922  33.997403     9.3565    5.83589     10.831    31.3973    24.2434 -9.990e-29
 130.397506     10.778  33.997293     9.3570    5.83707     10.688    31.3968    24.2429 0.0000e+00
 130.397512     10.612  33.997368     9.3574    5.83529     10.523    31.3966    24.2427 0.0000e+00
 130.397517     10.413  33.997172     9.3579    5.83460     10.326    31.3961    24.2422 0.0000e+00
 130.397523     10.173  33.997004     9.3588    5.83516     10.088    31.3952    24.2413 0.0000e+00
 130.397529      9.889  33.997204     9.3601    5.84677      9.806    31.3944    24.2405 0.0000e+00
 130.397535      9.569  33.997480     9.3622    5.84872      9.489    31.3930    24.2391 0.0000e+00
 130.397541      9.227  33.997644     9.3644    5.86028      9.150    31.3914    24.2374 0.0000e+00
 130.397546      8.871  33.997920     9.3659    5.87136      8.797    31.3905    24.2365 0.0000e+00
 130.397552      8.503  33.998119     9.3669    5.89719      8.432    31.3900    24.2359 0.0000e+00
 130.397558      8.132  33.997950     9.3682    5.91500      8.064    31.3888    24.2348 0.0000e+00
 130.397564      7.763  33.997752     9.3721    5.94611      7.698    31.3853    24.2315 0.0000e+00
