data/oxygen options/OCNMS/OCNMS1/raw_data/2007/CTD_MB042_071007faed.cnv
* Sea-Bird SBE19 Data File:
* FileName = C:\2007_mooring_data\CTD_MB042_071007.hex
* Software Version 1.1.6
* Temperature SN = 2997
* Conductivity SN = 2997
* System UpLoad Time = Jul 10 2007 11:40:20
* SEACAT PROFILER V3.1c SN 2997   07/10/07  11:40:00.722
* strain gauge pressure sensor: S/N = 184829,  range = 3000 psia,  tc = 40
# nquan = 9                                 
# nvalues = 1748                        
# units = specified
# name 0 = timeJ: Julian Days
# name 1 = prSM: Pressure, Strain Gauge [db]
# name 2 = c0mS/cm: Conductivity [mS/cm]
# name 3 = t090C: Temperature [ITS-90, deg C]
# name 4 = oxML/L: Oxygen, Beckman/YSI [ml/l]
# name 5 = depSM: Depth [salt water, m], lat = 47.5
# name 6 = sal00: Salinity, Practical [PSU]
# name 7 = sigma-é00: Density [sigma-theta, kg/m^3]
# name 8 = flag: flag
# span 0 = 191.443056, 191.453166       
# span 1 =     -5.358,     39.933       
# span 2 =   0.000868,  38.358635       
# span 3 =     6.5571,    22.1887       
# span 4 =   -1.08370,   31.16691       
# span 5 =     -5.313,     39.596       
# span 6 =     0.0108,    34.9685       
# span 7 =    -2.2622,    26.8724       
# span 8 = 0.0000e+00, 0.0000e+00       
# interval = seconds: 0.5
# start_time = Jul 10 2007 10:38:00 [Instrument's time stamp, header]
# bad_flag = -9.990e-29
*END*
[from data line 321]
 191.444913      0.724  36.426956    10.7911    6.09961      0.718    32.5854    24.9323 -9.990e-29
 191.444919      0.748  36.429406    10.7943    6.08499      0.742    32.5850    24.9315 -9.990e-29
 191.444925      0.776  36.435939    10.8030    6.08914      0.770    32.5837    24.9290 -9.990e-29
 191.444931      0.806  36.446296    10.8150    6.09095      0.799    32.5833    24.9266 -9.990e-29
 191.444936      0.834  36.457470    10.8244    6.10946      0.827    32.5860    24.9270 -9.990e-29
 191.444942      0.855  36.464184    10.8303    6.10224      0.848    32.5874    24.9271 -9.990e-29
 191.444948      0.865  36.465864    10.8352    6.10200      0.858    32.5847    24.9242 -9.990e-29
 191.444954      0.865  36.465309    10.8383    6.09914      0.858    32.5814    24.9210 -9.990e-29
 191.444959      0.855  36.463463    10.8403    6.09151      0.848    32.5778    24.9179 -9.990e-29
 191.444965      0.834  36.462347    10.8437    6.08804      0.827    32.5737    24.9141 -9.990e-29
 191.444971      0.809  36.464395    10.8472    6.07718      0.802    32.5726    24.9126 -9.990e-29
 191.444977      0.797  36.467293    10.8460    6.06959      0.790    32.5766    24.9159 -9.990e-29
 191.444983      0.804  36.465380    10.8384    6.09163      0.797    32.5814    24.9210 -9.990e-29
 191.444988      0.827  36.457226    10.8294    6.10026      0.820    32.5813    24.9225 -9.990e-29
 191.444994      0.855  36.449333    10.8237    6.09909      0.848    32.5785    24.9213 -9.990e-29
 191.445000      0.877  36.446305    10.8220    6.09599      0.870    32.5770    24.9205 -9.990e-29
 191.445006      0.884  36.446344    10.8237    6.08722      0.877    32.5756    24.9190 -9.990e-29
 191.445012      0.879  36.447819    10.8274    6.08778      0.872    32.5737    24.9170 -9.990e-29
 191.445017      0.873  36.451573    10.8315    6.09753      0.866    32.5738    24.9163 -9.990e-29
 191.445023      0.875  36.457008    10.8338    6.09876      0.868    32.5772    24.9185 -9.990e-29
 191.445029      0.884  36.458480    10.8329    6.08919      0.877    32.5794    24.9204 -9.990e-29
 191.445035      0.897  36.454587    10.8318    6.09873      0.890    32.5765    24.9184 -9.990e-29
 191.445041      0.907  36.452471    10.8330    6.08682      0.899    32.5734    24.9157 -9.990e-29
 191.445046      0.913  36.453791    10.8343    6.09043      0.905    32.5735    24.9156 -9.990e-29
 191.445052      0.921  36.454700    10.8334    6.08665      0.913    32.5752    24.9171 -9.990e-29
 191.445058      0.927  36.454730    10.8313    6.08991      0.919    32.5771    24.9189 -9.990e-29
 191.445064      0.926  36.454479    10.8306    6.10423      0.918    32.5775    24.9193 -9.990e-29
 191.445069      0.920  36.454173    10.8327    6.11092      0.912    32.5753    24.9173 -9.990e-29
 191.445075      0.911  36.453963    10.8372    6.11371      0.903    32.5711    24.9132 -9.990e-29
 191.445081      0.903  36.455249    10.8425    6.10839      0.895    32.5677    24.9096 -9.990e-29
 191.445087      0.896  36.459184    10.8453    6.10367      0.889    32.5691    24.9102 -9.990e-29
 191.445093      0.899  36.463171    10.8457    6.09532      0.891    32.5727    24.9130 -9.990e-29
 191.445098      0.914  36.464679    10.8459    6.10317      0.906    32.5740    24.9139 -9.990e-29
 191.445104      0.936  36.463476    10.8448    6.09686      0.928    32.5738    24.9140 -9.990e-29
 191.445110      0.961  36.460757    10.8423    6.10295      0.953    32.5733    24.9140 -9.990e-29
 191.445116      0.986  36.458503    10.8407    6.09211      0.978    32.5725    24.9136 -9.990e-29
 191.445122      1.004  36.457629    10.8411    6.08596      0.996    32.5712    24.9126 -9.990e-29
 191.445127      1.008  36.458088    10.8422    6.08869      1.000    32.5707    24.9120 -9.990e-29
 191.445133      0.998  36.458810    10.8426    6.08251      0.990    32.5711    24.9122 -9.990e-29
 191.445139      0.987  36.457953    10.8406    6.08019      0.979    32.5720    24.9133 -9.990e-29
 191.445145      0.986  36.454936    10.8355    6.09291      0.978    32.5736    24.9154 -9.990e-29
 191.445150      0.995  36.448539    10.8306    6.10487      0.987    32.5716    24.9147 -9.990e-29
 191.445156      1.007  36.439199    10.8298    6.11101      0.999    32.5630    24.9082 -9.990e-29
 191.445162      1.014  36.433517    10.8324    6.12379      1.006    32.5550    24.9015 -9.990e-29
 191.445168      1.012  36.435498    10.8360    6.11878      1.004    32.5538    24.8999 -9.990e-29
 191.445174      1.004  36.442173    10.8395    6.12155      0.996    32.5573    24.9021 -9.990e-29
 191.445179      1.000  36.450463    10.8429    6.11554      0.992    32.5625    24.9055 -9.990e-29
 191.445185      1.006  36.457376    10.8456    6.11889      0.998    32.5670    24.9085 -9.990e-29
 191.445191      1.025  36.460140    10.8470    6.12744      1.016    32.5685    24.9094 -9.990e-29
 191.445197      1.043  36.461290    10.8477    6.13481      1.034    32.5690    24.9097 -9.990e-29
 191.445203      1.050  36.463448    10.8486    6.13686      1.041    32.5703    24.9106 -9.990e-29
 191.445208      1.046  36.464974    10.8499    6.12302      1.037    32.5707    24.9107 -9.990e-29
 191.445214      1.039  36.465631    10.8515    6.11663      1.030    32.5699    24.9098 -9.990e-29
 191.445220      1.033  36.466262    10.8526    6.10703      1.024    32.5696    24.9093 -9.990e-29
 191.445226      1.028  36.466557    10.8529    6.11412      1.019    32.5696    24.9093 -9.990e-29
 191.445231      1.022  36.466879    10.8533    6.11265      1.013    32.5696    24.9092 -9.990e-29
 191.445237      1.013  36.467627    10.8538    6.11669      1.005    32.5699    24.9093 -9.990e-29
 191.445243      0.994  36.468084    10.8539    6.11231      0.986    32.5702    24.9096 -9.990e-29
 191.445249      0.973  36.467708    10.8529    6.09372      0.965    32.5708    24.9102 -9.990e-29
 191.445255      0.962  36.466525    10.8502    6.06662      0.954    32.5720    24.9116 -9.990e-29
 191.445260      0.963  36.464051    10.8466    6.07364      0.955    32.5727    24.9128 -9.990e-29
 191.445266      0.979  36.460318    10.8445    6.07896      0.971    32.5709    24.9118 -9.990e-29
 191.445272      1.004  36.457041    10.8429    6.09244      0.996    32.5691    24.9106 -9.990e-29
 191.445278      1.032  36.453180    10.8378    6.11555      1.023    32.5697    24.9120 -9.990e-29
 191.445284      1.061  36.442436    10.8280    6.10733      1.052    32.5678    24.9122 -9.990e-29
 191.445289      1.088  36.417175    10.8193    6.11543      1.079    32.5504    24.9002 -9.990e-29
 191.445295      1.106  36.398612    10.8194    6.10654      1.097    32.5318    24.8857 -9.990e-29
 191.445301      1.112  36.409600    10.8272    6.07135      1.103    32.5358    24.8875 -9.990e-29
 191.445307      1.106  36.426646    10.8356    6.07023      1.097    32.5453    24.8934 -9.990e-29
 191.445313      1.093  36.434334    10.8385    6.08585      1.084    32.5504    24.8968 -9.990e-29
 191.445318      1.080  36.437841    10.8333    6.09502      1.071    32.5585    24.9041 -9.990e-29
 191.445324      1.071  36.434529    10.8213    6.11972      1.062    32.5659    24.9119 -9.990e-29
 191.445330      1.069  36.423312    10.8075    6.10278      1.060    32.5670    24.9152 -9.990e-29
 191.445336      1.078  36.402094    10.7967    6.08672      1.069    32.5555    24.9081 -9.990e-29
 191.445341      1.091  36.380103    10.7927    6.08148      1.082    32.5372    24.8946 -9.990e-29
 191.445347      1.095  36.379546    10.7962    6.06252      1.086    32.5335    24.8911 -9.990e-29
 191.445353      1.091  36.394602    10.8011    6.06000      1.082    32.5441    24.8985 -9.990e-29
 191.445359      1.087  36.405520    10.8011    6.05519      1.078    32.5550    24.9070 -9.990e-29
 191.445365      1.087  36.407211    10.7928    6.08432      1.078    32.5641    24.9155 -9.990e-29
 191.445370      1.091  36.392371    10.7732    6.11208      1.082    32.5668    24.9210 -9.990e-29
 191.445376      1.100  36.368084    10.7435    6.11645      1.091    32.5690    24.9279 -9.990e-29
 191.445382      1.113  36.350136    10.7123    6.07025      1.104    32.5790    24.9411 -9.990e-29
 191.445388      1.128  36.336422    10.6940    5.99373      1.119    32.5816    24.9463 -9.990e-29
 191.445394      1.136  36.325992    10.7004    5.98855      1.127    32.5655    24.9326 -9.990e-29
 191.445399      1.139  36.327320    10.7238    6.03646      1.129    32.5460    24.9134 -9.990e-29
 191.445405      1.140  36.342703    10.7421    6.12515      1.130    32.5450    24.9094 -9.990e-29
 191.445411      1.140  36.358433    10.7385    6.19991      1.130    32.5639    24.9247 -9.990e-29
 191.445417      1.144  36.348939    10.7110    6.19201      1.134    32.5789    24.9412 -9.990e-29
 191.445422      1.150  36.298172    10.6745    6.07726      1.140    32.5608    24.9335 -9.990e-29
 191.445428      1.152  36.240415    10.6592    5.96791      1.142    32.5169    24.9019 -9.990e-29
 191.445434      1.145  36.237056    10.6810    5.96869      1.135    32.4941    24.8804 -9.990e-29
 191.445440      1.133  36.283578    10.7157    6.02266      1.124    32.5096    24.8865 -9.990e-29
 191.445446      1.124  36.329880    10.7343    6.11792      1.115    32.5392    24.9063 -9.990e-29
 191.445451      1.125  36.353043    10.7196    6.16897      1.116    32.5753    24.9370 -9.990e-29
 191.445457      1.141  36.329003    10.6589    6.14572      1.131    32.6055    24.9710 -9.990e-29
 191.445463      1.160  36.241374    10.5878    6.11304      1.150    32.5815    24.9646 -9.990e-29
 191.445469      1.162  36.161599    10.5682    6.10294      1.152    32.5193    24.9194 -9.990e-29
 191.445475      1.143  36.162613    10.6028    6.10651      1.133    32.4894    24.8903 -9.990e-29
 191.445480      1.115  36.210410    10.6469    6.13318      1.106    32.4979    24.8892 -9.990e-29
 191.445486      1.092  36.261641    10.6695    6.11822      1.083    32.5289    24.9095 -9.990e-29
 191.445492      1.086  36.296039    10.6696    6.06679      1.077    32.5631    24.9361 -9.990e-29
 191.445498      1.098  36.296117    10.6624    6.01405      1.089    32.5696    24.9424 -9.990e-29
 191.445503      1.118  36.286611    10.6618    6.02339      1.109    32.5606    24.9355 -9.990e-29
 191.445509      1.144  36.292924    10.6694    6.09058      1.134    32.5601    24.9338 -9.990e-29
 191.445515      1.178  36.307184    10.6759    6.16032      1.168    32.5686    24.9393 -9.990e-29
 191.445521      1.221  36.310262    10.6707    6.25602      1.211    32.5763    24.9462 -9.990e-29
 191.445527      1.277  36.288856    10.6507    6.34539      1.266    32.5727    24.9469 -9.990e-29
 191.445532      1.345  36.250829    10.6319    6.34959      1.334    32.5515    24.9336 -9.990e-29
 191.445538      1.420  36.223912    10.6402    6.11292      1.408    32.5172    24.9054 -9.990e-29
 191.445544      1.503  36.238312    10.6763    5.67105      1.490    32.4994    24.8853 -9.990e-29
 191.445550      1.600  36.283488    10.7092    5.34289      1.587    32.5151    24.8919 -9.990e-29
 191.445556      1.716  36.313156    10.7068    5.05355      1.702    32.5467    24.9169 -9.990e-29
 191.445561      1.863  36.305197    10.6410    4.74054      1.847    32.5974    24.9678 0.0000e+00
 191.445567      2.060  36.242253    10.4595    4.35298      2.043    32.6970    25.0766 0.0000e+00
 191.445573      2.314  36.073996    10.0924    3.89726      2.295    32.8589    25.2650 0.0000e+00
 191.445579      2.615  35.745310     9.5436    3.52910      2.593    33.0256    25.4857 0.0000e+00
 191.445584      2.953  35.311634     8.9656    3.29001      2.928    33.1124    25.6457 0.0000e+00
 191.445590      3.324  34.950619     8.5208    3.13741      3.296    33.1503    25.7439 0.0000e+00
 191.445596      3.725  34.741710     8.2188    3.02110      3.694    33.2140    25.8392 0.0000e+00
 191.445602      4.157  34.621391     7.9916    2.94433      4.122    33.3014    25.9412 0.0000e+00
 191.445608      4.616  34.529433     7.7999    2.88485      4.577    33.3858    26.0354 0.0000e+00
 191.445613      5.098  34.447934     7.6469    2.86272      5.055    33.4447    26.1037 0.0000e+00
 191.445619      5.595  34.385269     7.5464    2.83805      5.548    33.4736    26.1407 0.0000e+00
 191.445625      6.096  34.347471     7.4896    2.83246      6.045    33.4873    26.1595 0.0000e+00
 191.445631      6.598  34.326666     7.4562    2.83121      6.543    33.4968    26.1717 0.0000e+00
 191.445637      7.107  34.313557     7.4314    2.81686      7.048    33.5063    26.1827 0.0000e+00
 191.445642      7.627  34.301273     7.4080    2.79648      7.563    33.5154    26.1931 0.0000e+00
 191.445648      8.150  34.287407     7.3813    2.77004      8.082    33.5260    26.2051 0.0000e+00
 191.445654      8.672  34.270804     7.3491    2.76552      8.599    33.5389    26.2198 0.0000e+00
 191.445660      9.197  34.251703     7.3157    2.73136      9.120    33.5502    26.2334 0.0000e+00
 191.445666      9.727  34.233736     7.2857    2.69125      9.646    33.5596    26.2450 0.0000e+00
 191.445671     10.262  34.218681     7.2573    2.65492     10.176    33.5705    26.2575 0.0000e+00
 191.445677     10.802  34.203236     7.2253    2.62824     10.712    33.5845    26.2730 0.0000e+00
 191.445683     11.339  34.185820     7.1964    2.59856     11.244    33.5934    26.2840 0.0000e+00
 191.445689     11.862  34.173993     7.1808    2.56513     11.763    33.5954    26.2877 0.0000e+00
 191.445694     12.385  34.173237     7.1640    2.52969     12.281    33.6107    26.3021 0.0000e+00
 191.445700     12.924  34.165699     7.1288    2.49369     12.816    33.6365    26.3273 0.0000e+00
 191.445706     13.482  34.140176     7.0846    2.48120     13.369    33.6515    26.3451 0.0000e+00
 191.445712     14.062  34.114148     7.0449    2.45711     13.944    33.6615    26.3584 0.0000e+00
 191.445718     14.661  34.096017     7.0136    2.44407     14.538    33.6719    26.3710 0.0000e+00
 191.445723     15.269  34.082296     6.9910    2.42412     15.141    33.6787    26.3794 0.0000e+00
 191.445729     15.876  34.072580     6.9759    2.41358     15.743    33.6825    26.3845 0.0000e+00
 191.445735     16.476  34.066201     6.9659    2.39933     16.338    33.6850    26.3878 0.0000e+00
 191.445741     17.072  34.061343     6.9571    2.36863     16.929    33.6880    26.3914 0.0000e+00
 191.445747     17.666  34.055415     6.9450    2.34230     17.518    33.6931    26.3970 0.0000e+00
 191.445752     18.255  34.046084     6.9257    2.30131     18.102    33.7015    26.4062 0.0000e+00
 191.445758     18.843  34.032640     6.9011    2.28245     18.685    33.7105    26.4167 0.0000e+00
 191.445764     19.433  34.018413     6.8754    2.24296     19.270    33.7198    26.4275 0.0000e+00
 191.445770     20.028  34.005689     6.8464    2.20466     19.860    33.7340    26.4426 0.0000e+00
 191.445775     20.632  33.990913     6.8102    2.15920     20.459    33.7531    26.4625 0.0000e+00
 191.445781     21.244  33.972276     6.7662    2.10906     21.066    33.7755    26.4861 0.0000e+00
 191.445787     21.861  33.950667     6.7160    2.10474     21.677    33.8009    26.5128 0.0000e+00
 191.445793     22.479  33.926928     6.6688    2.06984     22.290    33.8209    26.5349 0.0000e+00
 191.445799     23.091  33.906345     6.6368    2.06717     22.897    33.8295    26.5459 0.0000e+00
 191.445804     23.683  33.893927     6.6224    2.05536     23.484    33.8297    26.5479 0.0000e+00
 191.445810     24.250  33.890446     6.6158    2.05138     24.046    33.8321    26.5507 0.0000e+00
 191.445816     24.804  33.888421     6.6070    2.05148     24.596    33.8383    26.5568 0.0000e+00
 191.445822     25.358  33.881199     6.5960    2.04342     25.145    33.8409    26.5603 0.0000e+00
 191.445828     25.912  33.874244     6.5855    2.03661     25.694    33.8433    26.5636 0.0000e+00
