data/oxygen options/OCNMS/OCNMS1/raw_data/2007/CTD_CA015_052907faed.cnv
* Sea-Bird SBE19 Data File:
* FileName = C:\2007_mooring_data\CTD_CA015_052907.hex
* Software Version 1.1.6
* Temperature SN = 2997
* Conductivity SN = 2997
* System UpLoad Time = May 29 2007 17:36:08
* SEACAT PROFILER V3.1c SN 2997   05/29/07  17:35:37.458
* strain gauge pressure sensor: S/N = 184829,  range = 3000 psia,  tc = 40
# nquan = 9                                 
# nvalues = 1306                        
# units = specified
# name 0 = timeJ: Julian Days
# name 1 = prSM: Pressure, Strain Gauge [db]
# name 2 = c0mS/cm: Conductivity [mS/cm]
# name 3 = t090C: Temperature [ITS-90, deg C]
# name 4 = oxML/L: Oxygen, Beckman/YSI [ml/l]
# name 5 = depSM: Depth [salt water, m], lat = 47.5
# name 6 = sal00: Salinity, Practical [PSU]
# name 7 = sigma-é00: Density [sigma-theta, kg/m^3]
# name 8 = flag: flag
# span 0 = 149.711921, 149.719473       
# span 1 =     -5.467,     17.510       
# span 2 =   0.176887,  36.907526       
# span 3 =     7.7208,    15.3580       
# span 4 =   -0.06804,   33.29692       
# span 5 =     -5.421,     17.363       
# span 6 =     0.1047,    33.2936       
# span 7 =    -0.8708,    25.9720       
# span 8 = 0.0000e+00, 0.0000e+00       
# interval = seconds: 0.5
# start_time = May 29 2007 17:05:10 [Instrument's time stamp, header]
# bad_flag = -9.990e-29
*END*
[from data line 1121]
 149.718409      4.590  35.259647     9.5489    6.57289      4.552    32.5216    25.0911 -9.990e-29
 149.718414      4.580  35.261123     9.5548    6.58400      4.542    32.5178    25.0872 -9.990e-29
 149.718420      4.572  35.262747     9.5601    6.60814      4.534    32.5147    25.0839 -9.990e-29
 149.718426      4.568  35.263877     9.5636    6.61878      4.530    32.5127    25.0817 -9.990e-29
 149.718432      4.566  35.264893     9.5676    6.63586      4.528    32.5101    25.0791 -9.990e-29
 149.718437      4.567  35.265460     9.5765    6.65097      4.529    32.5026    25.0718 -9.990e-29
 149.718443      4.571  35.266888     9.5890    6.64926      4.533    32.4927    25.0621 -9.990e-29
 149.718449      4.577  35.269954     9.5963    6.65369      4.539    32.4893    25.0582 -9.990e-29
 149.718455      4.586  35.272573     9.5972    6.64779      4.548    32.4911    25.0595 -9.990e-29
 149.718461      4.599  35.272067     9.5962    6.62636      4.561    32.4915    25.0599 -9.990e-29
 149.718466      4.613  35.267755     9.5944    6.58869      4.574    32.4887    25.0580 -9.990e-29
 149.718472      4.619  35.265652     9.5929    6.58170      4.580    32.4879    25.0577 -9.990e-29
 149.718478      4.614  35.269671     9.5916    6.57633      4.575    32.4932    25.0620 -9.990e-29
 149.718484      4.601  35.272831     9.5888    6.56633      4.563    32.4990    25.0670 -9.990e-29
 149.718490      4.589  35.271492     9.5842    6.55590      4.551    32.5018    25.0699 -9.990e-29
 149.718495      4.581  35.267223     9.5741    6.53963      4.543    32.5066    25.0753 -9.990e-29
 149.718501      4.576  35.253206     9.5581    6.53669      4.538    32.5067    25.0780 -9.990e-29
 149.718507      4.574  35.230361     9.5486    6.55566      4.536    32.4919    25.0679 -9.990e-29
 149.718513      4.571  35.223152     9.5563    6.56578      4.533    32.4776    25.0555 -9.990e-29
 149.718519      4.562  35.238772     9.5720    6.56183      4.524    32.4793    25.0543 -9.990e-29
 149.718524      4.556  35.253196     9.5775    6.56758      4.518    32.4891    25.0611 -9.990e-29
 149.718530      4.560  35.254259     9.5664    6.59827      4.522    32.5003    25.0716 -9.990e-29
 149.718536      4.570  35.247861     9.5491    6.62993      4.532    32.5094    25.0815 -9.990e-29
 149.718542      4.579  35.244524     9.5446    6.65080      4.541    32.5101    25.0827 -9.990e-29
 149.718547      4.578  35.251560     9.5575    6.66233      4.540    32.5056    25.0772 -9.990e-29
 149.718553      4.571  35.261522     9.5752    6.66252      4.533    32.4997    25.0698 -9.990e-29
 149.718559      4.572  35.267503     9.5882    6.67161      4.534    32.4941    25.0632 -9.990e-29
 149.718565      4.579  35.274113     9.5969    6.69482      4.541    32.4930    25.0610 -9.990e-29
 149.718571      4.591  35.282876     9.6042    6.70412      4.553    32.4953    25.0616 -9.990e-29
 149.718576      4.601  35.288092     9.6090    6.64962      4.563    32.4963    25.0616 -9.990e-29
 149.718582      4.608  35.286622     9.6107    6.54521      4.569    32.4933    25.0590 -9.990e-29
 149.718588      4.612  35.281542     9.6120    6.50009      4.573    32.4869    25.0538 -9.990e-29
 149.718594      4.608  35.276163     9.6155    6.55463      4.569    32.4782    25.0464 -9.990e-29
 149.718600      4.597  35.275077     9.6212    6.57693      4.559    32.4720    25.0406 -9.990e-29
 149.718605      4.585  35.280190     9.6257    6.48737      4.547    32.4731    25.0408 -9.990e-29
 149.718611      4.577  35.278696     9.6184    6.31191      4.539    32.4782    25.0460 -9.990e-29
 149.718617      4.573  35.248979     9.5859    6.23326      4.535    32.4772    25.0504 -9.990e-29
 149.718623      4.571  35.195691     9.5424    6.23127      4.533    32.4620    25.0456 -9.990e-29
 149.718628      4.572  35.170533     9.5329    6.21315      4.534    32.4448    25.0337 -9.990e-29
 149.718634      4.576  35.196561     9.5557    6.21759      4.538    32.4509    25.0347 -9.990e-29
 149.718640      4.583  35.223819     9.5344    6.15135      4.545    32.4981    25.0750 -9.990e-29
 149.718646      4.594  35.198397     9.4267    6.09752      4.556    32.5698    25.1484 -9.990e-29
 149.718652      4.609  35.129004     9.3123    6.18124      4.570    32.6026    25.1922 -9.990e-29
 149.718657      4.620  35.085663     9.2970    6.27103      4.581    32.5719    25.1706 -9.990e-29
 149.718663      4.616  35.099115     9.3719    6.36287      4.577    32.5175    25.1162 -9.990e-29
 149.718669      4.601  35.135690     9.4629    6.48217      4.563    32.4725    25.0665 -9.990e-29
 149.718675      4.586  35.178005     9.5262    6.53737      4.548    32.4585    25.0455 -9.990e-29
 149.718681      4.575  35.202340     9.5528    6.59510      4.537    32.4594    25.0419 -9.990e-29
 149.718686      4.567  35.186221     9.5597    6.67925      4.529    32.4367    25.0230 -9.990e-29
 149.718692      4.561  35.179345     9.5705    6.73467      4.523    32.4199    25.0081 -9.990e-29
 149.718698      4.558  35.211217     9.5912    6.78237      4.520    32.4338    25.0156 -9.990e-29
 149.718704      4.560  35.249774     9.6151    6.81251      4.522    32.4516    25.0257 -9.990e-29
 149.718709      4.570  35.283638     9.6360    6.83573      4.532    32.4673    25.0346 -9.990e-29
 149.718715      4.573  35.304708     9.6450    6.84485      4.535    32.4807    25.0436 -9.990e-29
 149.718721      4.566  35.304639     9.6450    6.85041      4.528    32.4807    25.0436 -9.990e-29
 149.718727      4.558  35.302955     9.6519    6.84700      4.520    32.4727    25.0362 -9.990e-29
 149.718733      4.551  35.313660     9.6680    6.86172      4.513    32.4691    25.0308 -9.990e-29
 149.718738      4.546  35.328035     9.6839    6.82741      4.508    32.4694    25.0285 -9.990e-29
 149.718744      4.543  35.340016     9.6943    6.76566      4.505    32.4723    25.0290 -9.990e-29
 149.718750      4.540  35.347639     9.6969    6.71606      4.502    32.4777    25.0328 -9.990e-29
 149.718756      4.538  35.341444     9.6905    6.69199      4.500    32.4772    25.0334 -9.990e-29
 149.718762      4.537  35.315966     9.6793    6.69899      4.499    32.4613    25.0228 -9.990e-29
 149.718767      4.537  35.289359     9.6697    6.69661      4.499    32.4428    25.0100 -9.990e-29
 149.718773      4.533  35.287237     9.6612    6.70143      4.495    32.4483    25.0156 -9.990e-29
 149.718779      4.521  35.298914     9.6497    6.71725      4.483    32.4706    25.0349 -9.990e-29
 149.718785      4.504  35.296786     9.6365    6.72833      4.466    32.4804    25.0447 -9.990e-29
 149.718791      4.494  35.286419     9.6322    6.72643      4.456    32.4737    25.0402 -9.990e-29
 149.718796      4.499  35.290417     9.6429    6.73955      4.461    32.4681    25.0341 -9.990e-29
 149.718802      4.511  35.304011     9.6563    6.73273      4.473    32.4698    25.0333 -9.990e-29
 149.718808      4.521  35.311123     9.6602    6.70315      4.483    32.4736    25.0356 -9.990e-29
 149.718814      4.532  35.313383     9.6571    6.67235      4.494    32.4787    25.0401 -9.990e-29
 149.718819      4.543  35.314362     9.6522    6.61308      4.505    32.4841    25.0451 -9.990e-29
 149.718825      4.554  35.308073     9.6468    6.58476      4.516    32.4826    25.0448 -9.990e-29
 149.718831      4.564  35.294527     9.6411    6.56876      4.526    32.4739    25.0389 -9.990e-29
 149.718837      4.566  35.287047     9.6363    6.56209      4.528    32.4706    25.0371 -9.990e-29
 149.718843      4.568  35.288543     9.6311    6.56415      4.530    32.4768    25.0428 -9.990e-29
 149.718848      4.571  35.286427     9.6230    6.54344      4.533    32.4820    25.0481 -9.990e-29
 149.718854      4.578  35.276190     9.6134    6.54025      4.540    32.4802    25.0483 -9.990e-29
 149.718860      4.588  35.261551     9.6053    6.56693      4.550    32.4725    25.0436 -9.990e-29
 149.718866      4.597  35.248767     9.6011    6.58502      4.559    32.4632    25.0371 -9.990e-29
 149.718872      4.602  35.247129     9.5995    6.61588      4.564    32.4630    25.0371 -9.990e-29
 149.718877      4.608  35.258368     9.5954    6.65259      4.569    32.4782    25.0497 -9.990e-29
 149.718883      4.619  35.271117     9.5875    6.68598      4.580    32.4984    25.0667 -9.990e-29
 149.718889      4.631  35.276583     9.5804    6.72095      4.592    32.5104    25.0773 -9.990e-29
 149.718895      4.637  35.281487     9.5836    6.75094      4.598    32.5125    25.0784 -9.990e-29
 149.718900      4.633  35.290120     9.6027    6.77646      4.594    32.5041    25.0687 -9.990e-29
 149.718906      4.619  35.298292     9.6289    6.78962      4.580    32.4887    25.0525 -9.990e-29
 149.718912      4.597  35.307368     9.6504    6.76397      4.559    32.4786    25.0411 -9.990e-29
 149.718918      4.576  35.319362     9.6630    6.73988      4.538    32.4794    25.0397 -9.990e-29
 149.718924      4.557  35.327851     9.6636    6.71169      4.519    32.4876    25.0459 -9.990e-29
 149.718929      4.541  35.326780     9.6534    6.70393      4.503    32.4957    25.0540 -9.990e-29
 149.718935      4.529  35.318649     9.6416    6.71318      4.491    32.4981    25.0577 -9.990e-29
 149.718941      4.527  35.311675     9.6370    6.71832      4.489    32.4951    25.0562 -9.990e-29
 149.718947      4.528  35.308888     9.6358    6.71322      4.490    32.4934    25.0550 -9.990e-29
 149.718953      4.530  35.303767     9.6299    6.69329      4.492    32.4935    25.0560 -9.990e-29
 149.718958      4.531  35.300692     9.6220    6.70840      4.493    32.4975    25.0604 -9.990e-29
 149.718964      4.533  35.306216     9.6222    6.71121      4.495    32.5029    25.0646 -9.990e-29
 149.718970      4.536  35.312006     9.6352    6.69682      4.498    32.4971    25.0580 -9.990e-29
 149.718976      4.539  35.316253     9.6510    6.65994      4.501    32.4871    25.0476 -9.990e-29
 149.718981      4.543  35.321816     9.6537    6.63628      4.505    32.4904    25.0497 -9.990e-29
 149.718987      4.548  35.318736     9.6426    6.64043      4.510    32.4973    25.0569 -9.990e-29
 149.718993      4.554  35.301232     9.6304    6.65021      4.516    32.4904    25.0535 -9.990e-29
 149.718999      4.562  35.288567     9.6258    6.67227      4.524    32.4816    25.0474 -9.990e-29
 149.719005      4.572  35.289634     9.6246    6.68203      4.534    32.4838    25.0493 -9.990e-29
 149.719010      4.580  35.289038     9.6188    6.68518      4.542    32.4884    25.0539 -9.990e-29
 149.719016      4.584  35.279816     9.6099    6.70779      4.546    32.4870    25.0542 -9.990e-29
 149.719022      4.587  35.273776     9.6065    6.73141      4.549    32.4839    25.0524 -9.990e-29
 149.719028      4.589  35.283046     9.6119    6.75297      4.551    32.4885    25.0551 -9.990e-29
 149.719034      4.587  35.298122     9.6206    6.74329      4.549    32.4961    25.0596 -9.990e-29
 149.719039      4.584  35.312198     9.6301    6.72336      4.546    32.5019    25.0625 -9.990e-29
 149.719045      4.585  35.322183     9.6408    6.72374      4.547    32.5024    25.0612 -9.990e-29
 149.719051      4.589  35.315047     9.6472    6.71099      4.551    32.4893    25.0500 -9.990e-29
 149.719057      4.594  35.296972     9.6490    6.71801      4.556    32.4692    25.0340 -9.990e-29
 149.719063      4.593  35.293185     9.6516    6.72337      4.555    32.4630    25.0287 -9.990e-29
 149.719068      4.589  35.305925     9.6539    6.71783      4.551    32.4739    25.0369 -9.990e-29
 149.719074      4.580  35.312939     9.6499    6.72965      4.542    32.4847    25.0459 -9.990e-29
 149.719080      4.569  35.311251     9.6418    6.76855      4.531    32.4903    25.0516 -9.990e-29
 149.719086      4.562  35.310381     9.6373    6.78303      4.524    32.4935    25.0548 -9.990e-29
 149.719091      4.557  35.310852     9.6383    6.78107      4.519    32.4931    25.0544 -9.990e-29
 149.719097      4.553  35.314968     9.6456    6.75842      4.515    32.4907    25.0513 -9.990e-29
 149.719103      4.552  35.324293     9.6584    6.74292      4.514    32.4887    25.0476 -9.990e-29
 149.719109      4.551  35.327157     9.6692    6.74958      4.513    32.4818    25.0405 -9.990e-29
 149.719115      4.553  35.320093     9.6753    6.73102      4.515    32.4691    25.0296 -9.990e-29
 149.719120      4.556  35.319473     9.6764    6.71314      4.518    32.4675    25.0282 -9.990e-29
 149.719126      4.561  35.323910     9.6688    6.71094      4.523    32.4789    25.0383 -9.990e-29
 149.719132      4.568  35.320261     9.6550    6.72051      4.530    32.4876    25.0474 -9.990e-29
 149.719138      4.574  35.312070     9.6447    6.75531      4.536    32.4885    25.0498 -9.990e-29
 149.719144      4.569  35.310837     9.6458    6.78057      4.531    32.4863    25.0478 -9.990e-29
 149.719149      4.555  35.317155     9.6550    6.80890      4.517    32.4844    25.0449 -9.990e-29
 149.719155      4.537  35.321509     9.6623    6.83833      4.499    32.4823    25.0420 -9.990e-29
 149.719161      4.521  35.322420     9.6624    6.86818      4.483    32.4831    25.0427 -9.990e-29
 149.719167      4.512  35.323905     9.6589    6.90213      4.474    32.4878    25.0469 -9.990e-29
 149.719172      4.520  35.329068     9.6585    6.92099      4.482    32.4935    25.0514 -9.990e-29
 149.719178      4.536  35.338629     9.6634    6.92103      4.498    32.4988    25.0547 -9.990e-29
 149.719184      4.553  35.347956     9.6716    6.91095      4.515    32.5009    25.0550 -9.990e-29
 149.719190      4.566  35.354349     9.6802    6.89047      4.528    32.4996    25.0527 -9.990e-29
 149.719196      4.574  35.356244     9.6858    6.88627      4.536    32.4965    25.0493 -9.990e-29
 149.719201      4.576  35.353366     9.6880    6.86805      4.538    32.4916    25.0451 -9.990e-29
 149.719207      4.573  35.350286     9.6892    6.85941      4.535    32.4874    25.0416 -9.990e-29
 149.719213      4.569  35.348505     9.6893    6.81609      4.531    32.4854    25.0401 -9.990e-29
 149.719219      4.567  35.346769     9.6864    6.79233      4.529    32.4863    25.0412 -9.990e-29
 149.719225      4.563  35.344448     9.6825    6.80121      4.525    32.4875    25.0428 -9.990e-29
 149.719230      4.553  35.341810     9.6827    6.77913      4.515    32.4846    25.0405 -9.990e-29
 149.719236      4.541  35.341500     9.6868    6.76716      4.503    32.4806    25.0367 -9.990e-29
 149.719242      4.533  35.342545     9.6886    6.75902      4.495    32.4800    25.0360 -9.990e-29
 149.719248      4.535  35.338490     9.6852    6.77397      4.497    32.4789    25.0357 -9.990e-29
 149.719253      4.541  35.321688     9.6803    6.80430      4.503    32.4662    25.0265 -9.990e-29
 149.719259      4.549  35.306735     9.6798    6.83745      4.511    32.4514    25.0150 -9.990e-29
 149.719265      4.557  35.314050     9.6832    6.87148      4.519    32.4558    25.0179 -9.990e-29
 149.719271      4.564  35.328161     9.6857    6.89364      4.526    32.4679    25.0270 -9.990e-29
 149.719277      4.564  35.334250     9.6885    6.91851      4.526    32.4716    25.0294 -9.990e-29
 149.719282      4.562  35.338194     9.6960    6.92337      4.524    32.4689    25.0261 -9.990e-29
 149.719288      4.562  35.344690     9.7070    6.95218      4.524    32.4656    25.0217 -9.990e-29
 149.719294      4.565  35.352311     9.7162    6.97442      4.527    32.4650    25.0198 -9.990e-29
 149.719300      4.569  35.356645     9.7222    6.99675      4.531    32.4640    25.0180 -9.990e-29
 149.719306      4.573  35.357866     9.7266    7.02509      4.535    32.4613    25.0152 -9.990e-29
 149.719311      4.566  35.359286     9.7315    7.03512      4.528    32.4583    25.0121 -9.990e-29
 149.719317      4.549  35.362800     9.7365    7.03971      4.511    32.4574    25.0105 -9.990e-29
 149.719323      4.529  35.369168     9.7402    7.03778      4.491    32.4606    25.0124 -9.990e-29
