data/oxygen options/OCNMS/OCNMS1/raw_data/2007/CTD_TH042_101307faed.cnv
* Sea-Bird SBE19 Data File:
* FileName = C:\2007_mooring_data\retrieval_101207\CTD_TH042_101307.hex
* Software Version 1.20
* Temperature SN = 2997
* Conductivity SN = 2997
* System UpLoad Time = Oct 13 2007 16:06:02
* SEACAT PROFILER V3.1c SN 2997   10/13/07  16:05:27.519
* strain gauge pressure sensor: S/N = 184829,  range = 3000 psia,  tc = 40
# nquan = 9                                 
# nvalues = 2111                        
# units = specified
# name 0 = timeJ: Julian Days
# name 1 = prSM: Pressure, Strain Gauge [db]
# name 2 = c0mS/cm: Conductivity [mS/cm]
# name 3 = t090C: Temperature [ITS-90, deg C]
# name 4 = oxML/L: Oxygen, Beckman/YSI [ml/l]
# name 5 = depSM: Depth [salt water, m], lat = 47.5
# name 6 = sal00: Salinity, Practical [PSU]
# name 7 = sigma-é00: Density [sigma-theta, kg/m^3]
# name 8 = flag: flag
# span 0 = 286.562986, 286.575197       
# span 1 =     -5.196,     43.777       
# span 2 =   0.147338,  37.009159       
# span 3 =     8.1846,    17.0696       
# span 4 =   -0.06635,   30.36291       
# span 5 =     -5.153,     43.407       
# span 6 =     0.0844,    33.3152       
# span 7 =    -1.1703,    25.9195       
# span 8 = 0.0000e+00, 0.0000e+00       
# interval = seconds: 0.5
# start_time = Oct 13 2007 13:30:42 [Instrument's time stamp, header]
# bad_flag = -9.990e-29
*END*
[from data line 961]
 286.568547     32.219  35.983623    10.4654    4.94711     31.948    32.4194    24.8599 -9.990e-29
 286.568553     32.254  35.981885    10.4507    4.93725     31.982    32.4308    24.8712 -9.990e-29
 286.568559     32.305  35.958605    10.4203    4.92971     32.033    32.4345    24.8793 -9.990e-29
 286.568565     32.356  35.939896    10.3915    4.93270     32.083    32.4414    24.8896 -9.990e-29
 286.568571     32.394  35.932364    10.3709    4.93008     32.121    32.4522    24.9015 -9.990e-29
 286.568576     32.409  35.928751    10.3620    4.93264     32.136    32.4565    24.9064 -9.990e-29
 286.568582     32.402  35.927215    10.3591    4.92328     32.129    32.4576    24.9077 -9.990e-29
 286.568588     32.385  35.926812    10.3572    4.92449     32.112    32.4589    24.9090 -9.990e-29
 286.568594     32.370  35.926058    10.3550    4.91072     32.097    32.4601    24.9103 -9.990e-29
 286.568600     32.360  35.923941    10.3507    4.90456     32.087    32.4618    24.9124 -9.990e-29
 286.568605     32.355  35.919874    10.3428    4.90270     32.082    32.4648    24.9161 -9.990e-29
 286.568611     32.354  35.914027    10.3326    4.88451     32.081    32.4680    24.9203 -9.990e-29
 286.568617     32.357  35.908123    10.3249    4.88149     32.084    32.4690    24.9223 -9.990e-29
 286.568623     32.365  35.904931    10.3222    4.86380     32.092    32.4682    24.9222 -9.990e-29
 286.568628     32.377  35.905227    10.3216    4.84527     32.104    32.4690    24.9229 -9.990e-29
 286.568634     32.395  35.905472    10.3161    4.83107     32.122    32.4742    24.9279 -9.990e-29
 286.568640     32.420  35.900942    10.3003    4.81744     32.147    32.4837    24.9380 -9.990e-29
 286.568646     32.453  35.889511    10.2783    4.80695     32.180    32.4919    24.9481 -9.990e-29
 286.568652     32.493  35.875545    10.2609    4.81275     32.219    32.4934    24.9522 -9.990e-29
 286.568657     32.528  35.865070    10.2529    4.83203     32.254    32.4900    24.9509 -9.990e-29
 286.568663     32.544  35.860918    10.2521    4.85587     32.270    32.4865    24.9483 -9.990e-29
 286.568669     32.534  35.863705    10.2572    4.87369     32.260    32.4848    24.9461 -9.990e-29
 286.568675     32.505  35.868171    10.2659    4.90340     32.231    32.4815    24.9421 -9.990e-29
 286.568681     32.469  35.870175    10.2730    4.92918     32.195    32.4772    24.9375 -9.990e-29
 286.568686     32.427  35.869021    10.2802    4.96435     32.154    32.4696    24.9304 -9.990e-29
 286.568692     32.373  35.870449    10.3006    5.01375     32.100    32.4528    24.9138 -9.990e-29
 286.568698     32.298  35.884202    10.3379    5.04363     32.026    32.4334    24.8924 -9.990e-29
 286.568704     32.211  35.906191    10.3768    5.04421     31.940    32.4208    24.8760 -9.990e-29
 286.568709     32.132  35.928182    10.4069    5.02886     31.861    32.4160    24.8672 -9.990e-29
 286.568715     32.078  35.945869    10.4251    5.03726     31.808    32.4176    24.8653 -9.990e-29
 286.568721     32.052  35.953694    10.4287    5.04334     31.782    32.4222    24.8683 -9.990e-29
 286.568727     32.051  35.954243    10.4244    4.99524     31.781    32.4266    24.8724 -9.990e-29
 286.568733     32.068  35.957769    10.4192    4.83964     31.798    32.4348    24.8797 -9.990e-29
 286.568738     32.106  35.963362    10.4032    4.64086     31.836    32.4546    24.8979 -9.990e-29
 286.568744     32.166  35.953809    10.3696    4.49775     31.895    32.4750    24.9195 -9.990e-29
 286.568750     32.249  35.927014    10.3305    4.39416     31.977    32.4830    24.9323 -9.990e-29
 286.568756     32.342  35.899919    10.2860    4.30323     32.070    32.4955    24.9496 -9.990e-29
 286.568762     32.430  35.871129    10.1990    4.23258     32.157    32.5445    25.0024 -9.990e-29
 286.568767     32.510  35.807845    10.0344    4.23873     32.236    32.6287    25.0956 -9.990e-29
 286.568773     32.582  35.690686     9.8381    4.29074     32.308    32.6873    25.1738 -9.990e-29
 286.568779     32.639  35.553404     9.7129    4.41045     32.364    32.6609    25.1738 -9.990e-29
 286.568785     32.672  35.481906     9.7145    4.56003     32.397    32.5864    25.1154 -9.990e-29
 286.568791     32.672  35.512500     9.8221    4.70205     32.397    32.5203    25.0462 -9.990e-29
 286.568796     32.642  35.578913     9.9631    4.81253     32.367    32.4608    24.9765 -9.990e-29
 286.568802     32.596  35.650886    10.0680    4.91109     32.321    32.4395    24.9425 -9.990e-29
 286.568808     32.543  35.738102    10.1272    4.97308     32.269    32.4746    24.9600 -9.990e-29
 286.568814     32.477  35.813405    10.1668    5.00074     32.203    32.5151    24.9850 -9.990e-29
 286.568819     32.398  35.848872    10.2094    5.02027     32.125    32.5127    24.9759 -9.990e-29
 286.568825     32.312  35.860407    10.2634    5.03300     32.040    32.4760    24.9382 -9.990e-29
 286.568831     32.224  35.874594    10.3150    5.02157     31.953    32.4442    24.9047 -9.990e-29
 286.568837     32.144  35.891294    10.3538    4.96442     31.873    32.4264    24.8842 -9.990e-29
 286.568843     32.090  35.910359    10.3841    4.91692     31.820    32.4185    24.8730 -9.990e-29
 286.568848     32.070  35.931431    10.4017    4.87939     31.800    32.4240    24.8742 -9.990e-29
 286.568854     32.083  35.942815    10.3966    4.84562     31.813    32.4399    24.8875 -9.990e-29
 286.568860     32.122  35.938391    10.3755    4.78805     31.851    32.4543    24.9023 -9.990e-29
 286.568866     32.180  35.924583    10.3506    4.72552     31.909    32.4626    24.9130 -9.990e-29
 286.568872     32.249  35.901465    10.3215    4.71379     31.977    32.4654    24.9201 -9.990e-29
 286.568877     32.315  35.867903    10.2942    4.71448     32.043    32.4560    24.9174 -9.990e-29
 286.568883     32.370  35.840782    10.2810    4.71491     32.097    32.4405    24.9075 -9.990e-29
 286.568889     32.413  35.833243    10.2767    4.73212     32.140    32.4367    24.9053 -9.990e-29
 286.568895     32.447  35.832415    10.2609    4.73000     32.174    32.4500    24.9184 -9.990e-29
 286.568900     32.474  35.821494    10.2276    4.71271     32.200    32.4688    24.9386 -9.990e-29
 286.568906     32.496  35.807208    10.1979    4.70299     32.222    32.4810    24.9531 -9.990e-29
 286.568912     32.514  35.810850    10.1872    4.68665     32.240    32.4942    24.9652 -9.990e-29
 286.568918     32.529  35.827173    10.1891    4.69139     32.255    32.5090    24.9764 -9.990e-29
 286.568924     32.537  35.834213    10.1940    4.68425     32.263    32.5117    24.9777 -9.990e-29
 286.568929     32.537  35.832941    10.1902    4.69679     32.263    32.5138    24.9800 -9.990e-29
 286.568935     32.530  35.826139    10.1715    4.71857     32.256    32.5237    24.9909 -9.990e-29
 286.568941     32.522  35.813137    10.1530    4.74691     32.248    32.5272    24.9967 -9.990e-29
 286.568947     32.507  35.800690    10.1556    4.78280     32.233    32.5123    24.9846 -9.990e-29
 286.568953     32.481  35.797407    10.1828    4.80947     32.207    32.4846    24.9585 -9.990e-29
 286.568958     32.446  35.811225    10.2239    4.84052     32.173    32.4618    24.9338 -9.990e-29
 286.568964     32.407  35.833100    10.2629    4.87110     32.134    32.4489    24.9172 -9.990e-29
 286.568970     32.368  35.850727    10.2900    4.89813     32.095    32.4425    24.9076 -9.990e-29
 286.568976     32.326  35.865191    10.3060    4.90273     32.054    32.4427    24.9051 -9.990e-29
 286.568981     32.281  35.876161    10.3128    4.90539     32.009    32.4477    24.9078 -9.990e-29
 286.568987     32.240  35.882007    10.3139    4.84216     31.968    32.4526    24.9114 -9.990e-29
 286.568993     32.214  35.884915    10.3131    4.79970     31.943    32.4563    24.9144 -9.990e-29
 286.568999     32.212  35.888753    10.3121    4.78758     31.941    32.4610    24.9183 -9.990e-29
 286.569005     32.236  35.895270    10.3119    4.77183     31.964    32.4677    24.9236 -9.990e-29
 286.569010     32.278  35.899697    10.3074    4.74349     32.006    32.4762    24.9309 -9.990e-29
 286.569016     32.332  35.895598    10.2931    4.73182     32.060    32.4848    24.9401 -9.990e-29
 286.569022     32.389  35.882542    10.2674    4.73986     32.116    32.4947    24.9521 -9.990e-29
 286.569028     32.440  35.852078    10.2350    4.77268     32.167    32.4930    24.9562 -9.990e-29
 286.569034     32.478  35.815699    10.2193    4.80560     32.204    32.4704    24.9412 -9.990e-29
 286.569039     32.499  35.813992    10.2331    4.82390     32.225    32.4563    24.9279 -9.990e-29
 286.569045     32.500  35.837380    10.2528    4.83485     32.226    32.4622    24.9293 -9.990e-29
 286.569051     32.483  35.852586    10.2615    4.84342     32.209    32.4698    24.9337 -9.990e-29
 286.569057     32.458  35.861387    10.2648    4.84901     32.185    32.4757    24.9377 -9.990e-29
 286.569062     32.430  35.870472    10.2692    4.83695     32.157    32.4809    24.9410 -9.990e-29
 286.569068     32.408  35.877934    10.2746    4.84306     32.135    32.4836    24.9422 -9.990e-29
 286.569074     32.393  35.881947    10.2788    4.82831     32.120    32.4839    24.9417 -9.990e-29
 286.569080     32.388  35.884493    10.2805    4.79098     32.115    32.4849    24.9423 -9.990e-29
 286.569086     32.404  35.885035    10.2786    4.77857     32.131    32.4872    24.9443 -9.990e-29
 286.569091     32.435  35.879245    10.2742    4.76806     32.162    32.4853    24.9436 -9.990e-29
 286.569097     32.466  35.871726    10.2705    4.75427     32.193    32.4810    24.9409 -9.990e-29
 286.569103     32.493  35.869253    10.2675    4.74194     32.219    32.4812    24.9415 -9.990e-29
 286.569109     32.515  35.867401    10.2604    4.73992     32.241    32.4856    24.9462 -9.990e-29
 286.569115     32.534  35.857525    10.2465    4.75423     32.260    32.4881    24.9505 -9.990e-29
 286.569120     32.548  35.836538    10.2320    4.78337     32.274    32.4800    24.9466 -9.990e-29
 286.569126     32.548  35.819600    10.2300    4.80254     32.274    32.4647    24.9350 -9.990e-29
 286.569132     32.530  35.826708    10.2396    4.82327     32.256    32.4633    24.9323 -9.990e-29
 286.569138     32.494  35.847711    10.2447    4.83908     32.220    32.4799    24.9444 -9.990e-29
 286.569144     32.440  35.860168    10.2415    4.85068     32.167    32.4953    24.9570 -9.990e-29
 286.569149     32.379  35.862748    10.2388    4.86181     32.106    32.5004    24.9613 -9.990e-29
 286.569155     32.320  35.863371    10.2411    4.87705     32.048    32.4990    24.9599 -9.990e-29
 286.569161     32.263  35.866221    10.2485    4.87378     31.991    32.4952    24.9557 -9.990e-29
 286.569167     32.208  35.871726    10.2602    4.83946     31.937    32.4903    24.9499 -9.990e-29
 286.569172     32.166  35.877690    10.2743    4.79940     31.895    32.4837    24.9424 -9.990e-29
 286.569178     32.146  35.885336    10.2851    4.76665     31.875    32.4818    24.9390 -9.990e-29
 286.569184     32.155  35.891402    10.2852    4.71919     31.884    32.4878    24.9437 -9.990e-29
 286.569190     32.199  35.888279    10.2720    4.63153     31.928    32.4964    24.9527 -9.990e-29
 286.569196     32.271  35.876841    10.2439    4.58094     31.999    32.5100    24.9680 -9.990e-29
 286.569201     32.359  35.854719    10.1938    4.54425     32.086    32.5326    24.9941 -9.990e-29
 286.569207     32.452  35.811459    10.1329    4.54103     32.179    32.5436    25.0128 -9.990e-29
 286.569213     32.538  35.764466    10.0926    4.53206     32.264    32.5323    25.0108 -9.990e-29
 286.569219     32.605  35.746337    10.0755    4.52928     32.330    32.5293    25.0113 -9.990e-29
 286.569225     32.650  35.744087    10.0472    4.53938     32.375    32.5525    25.0341 -9.990e-29
 286.569230     32.680  35.731162    10.0031    4.59053     32.405    32.5791    25.0622 -9.990e-29
 286.569236     32.695  35.716103     9.9850    4.64895     32.420    32.5802    25.0660 -9.990e-29
 286.569242     32.690  35.720290    10.0041    4.69144     32.415    32.5672    25.0527 -9.990e-29
 286.569248     32.659  35.738636    10.0326    4.73156     32.384    32.5601    25.0424 -9.990e-29
 286.569253     32.604  35.751879    10.0592    4.75044     32.329    32.5496    25.0298 -9.990e-29
 286.569259     32.535  35.766466    10.0866    4.77799     32.261    32.5397    25.0176 -9.990e-29
 286.569265     32.464  35.788772    10.1162    4.79492     32.191    32.5357    25.0095 -9.990e-29
 286.569271     32.401  35.811559    10.1458    4.81747     32.128    32.5322    25.0017 -9.990e-29
 286.569277     32.349  35.828596    10.1669    4.79720     32.077    32.5304    24.9969 -9.990e-29
 286.569282     32.314  35.834579    10.1735    4.67706     32.042    32.5306    24.9959 -9.990e-29
 286.569288     32.297  35.831698    10.1677    4.61034     32.025    32.5329    24.9986 -9.990e-29
 286.569294     32.298  35.826206    10.1578    4.59629     32.026    32.5362    25.0029 -9.990e-29
 286.569300     32.313  35.821990    10.1505    4.51523     32.041    32.5385    25.0059 -9.990e-29
 286.569306     32.333  35.819596    10.1443    4.39315     32.061    32.5417    25.0094 -9.990e-29
 286.569311     32.361  35.813027    10.1244    4.29008     32.088    32.5529    25.0215 -9.990e-29
 286.569317     32.402  35.784559    10.0607    4.18348     32.129    32.5814    25.0544 -9.990e-29
 286.569323     32.450  35.711369     9.9598    4.18570     32.177    32.5982    25.0842 -9.990e-29
 286.569329     32.496  35.629250     9.8788    4.16894     32.222    32.5880    25.0896 -9.990e-29
 286.569334     32.537  35.602992     9.8291    4.14178     32.263    32.6062    25.1120 -9.990e-29
 286.569340     32.573  35.602046     9.7705    4.13920     32.299    32.6583    25.1623 -9.990e-29
 286.569346     32.602  35.570779     9.6963    4.18499     32.327    32.6937    25.2021 -9.990e-29
 286.569352     32.625  35.527463     9.6423    4.25801     32.350    32.6986    25.2147 -9.990e-29
 286.569358     32.635  35.510728     9.6356    4.37231     32.360    32.6876    25.2072 -9.990e-29
 286.569363     32.620  35.522343     9.6716    4.48401     32.345    32.6667    25.1850 -9.990e-29
 286.569369     32.575  35.540797     9.7340    4.58258     32.301    32.6289    25.1454 -9.990e-29
 286.569375     32.505  35.562678     9.8079    4.68639     32.231    32.5843    25.0984 -9.990e-29
 286.569381     32.423  35.599238     9.8917    4.73204     32.150    32.5458    25.0546 -9.990e-29
 286.569387     32.337  35.651043     9.9821    4.70651     32.065    32.5170    25.0172 -9.990e-29
 286.569392     32.259  35.701998    10.0538    4.61197     31.987    32.5041    24.9952 -9.990e-29
 286.569398     32.204  35.743845    10.0882    4.46712     31.933    32.5156    24.9984 -9.990e-29
 286.569404     32.182  35.771875    10.0834    4.30825     31.911    32.5482    25.0247 -9.990e-29
 286.569410     32.197  35.770797    10.0463    4.14244     31.926    32.5805    25.0561 -9.990e-29
 286.569416     32.240  35.740303     9.9857    4.02367     31.968    32.6043    25.0847 -9.990e-29
 286.569421     32.301  35.685127     9.8920    3.94993     32.029    32.6329    25.1225 -9.990e-29
 286.569427     32.376  35.596704     9.7580    3.87651     32.103    32.6643    25.1690 -9.990e-29
 286.569433     32.457  35.489387     9.6099    3.86235     32.184    32.6892    25.2126 -9.990e-29
 286.569439     32.531  35.399963     9.4875    3.94352     32.257    32.7090    25.2479 -9.990e-29
 286.569444     32.587  35.341428     9.4179    4.04647     32.312    32.7124    25.2617 -9.990e-29
 286.569450     32.614  35.315844     9.4094    4.21117     32.339    32.6939    25.2486 -9.990e-29
 286.569456     32.607  35.347919     9.4415    4.38475     32.332    32.6975    25.2463 -9.990e-29
 286.569462     32.555  35.422687     9.4804    4.52439     32.281    32.7389    25.2723 -9.990e-29
