data/oxygen options/OCNMS/OCNMS1/raw_data/2007/CTD_CE015_071107faed.cnv
* Sea-Bird SBE19 Data File:
* FileName = C:\2007_mooring_data\CTD_CE015_071107.hex
* Software Version 1.1.6
* Temperature SN = 2997
* Conductivity SN = 2997
* System UpLoad Time = Jul 11 2007 15:19:18
* SEACAT PROFILER V3.1c SN 2997   07/11/07  15:18:47.341
* strain gauge pressure sensor: S/N = 184829,  range = 3000 psia,  tc = 40
# nquan = 9                                 
# nvalues = 1279                        
# units = specified
# name 0 = timeJ: Julian Days
# name 1 = prSM: Pressure, Strain Gauge [db]
# name 2 = c0mS/cm: Conductivity [mS/cm]
# name 3 = t090C: Temperature [ITS-90, deg C]
# name 4 = oxML/L: Oxygen, Beckman/YSI [ml/l]
# name 5 = depSM: Depth [salt water, m], lat = 47.5
# name 6 = sal00: Salinity, Practical [PSU]
# name 7 = sigma-é00: Density [sigma-theta, kg/m^3]
# name 8 = flag: flag
# span 0 = 192.621296, 192.628692       
# span 1 =     -5.283,     15.428       
# span 2 =   1.932488,  36.532609       
# span 3 =     8.1465,    13.6100       
# span 4 =   -2.08169,   34.84104       
# span 5 =     -5.239,     15.299       
# span 6 =     1.2840,    33.3203       
# span 7 =     0.3075,    25.9334       
# span 8 = 0.0000e+00, 0.0000e+00       
# interval = seconds: 0.5
# start_time = Jul 11 2007 14:54:40 [Instrument's time stamp, header]
# bad_flag = -9.990e-29
*END*
[from data line 641]
 192.625006     10.473  34.836557     8.3282    2.80797     10.385    33.2080    25.8182 -9.990e-29
 192.625012     10.466  34.837412     8.3348    2.82185     10.378    33.2027    25.8131 -9.990e-29
 192.625017     10.443  34.840913     8.3487    2.83612     10.356    33.1933    25.8036 -9.990e-29
 192.625023     10.410  34.847238     8.3614    2.83536     10.323    33.1880    25.7976 -9.990e-29
 192.625029     10.383  34.852486     8.3664    2.82796     10.296    33.1888    25.7975 -9.990e-29
 192.625035     10.369  34.854125     8.3652    2.81658     10.282    33.1917    25.7999 -9.990e-29
 192.625041     10.366  34.853219     8.3615    2.81080     10.279    33.1943    25.8025 -9.990e-29
 192.625046     10.378  34.851917     8.3591    2.81781     10.291    33.1951    25.8035 -9.990e-29
 192.625052     10.407  34.851840     8.3579    2.81092     10.320    33.1962    25.8045 -9.990e-29
 192.625058     10.442  34.851197     8.3543    2.79928     10.355    33.1989    25.8072 -9.990e-29
 192.625064     10.475  34.847442     8.3472    2.79439     10.387    33.2016    25.8104 -9.990e-29
 192.625069     10.506  34.842286     8.3389    2.78375     10.418    33.2040    25.8135 -9.990e-29
 192.625075     10.531  34.838376     8.3327    2.79642     10.443    33.2057    25.8157 -9.990e-29
 192.625081     10.556  34.837218     8.3305    2.80229     10.468    33.2065    25.8167 -9.990e-29
 192.625087     10.583  34.838381     8.3307    2.81163     10.494    33.2075    25.8175 -9.990e-29
 192.625093     10.606  34.839487     8.3315    2.82344     10.517    33.2079    25.8177 -9.990e-29
 192.625098     10.612  34.839201     8.3346    2.82140     10.523    33.2047    25.8147 -9.990e-29
 192.625104     10.594  34.839376     8.3435    2.82726     10.505    33.1965    25.8069 -9.990e-29
 192.625110     10.564  34.843043     8.3573    2.83190     10.476    33.1874    25.7977 -9.990e-29
 192.625116     10.540  34.848920     8.3717    2.83860     10.452    33.1800    25.7898 -9.990e-29
 192.625122     10.534  34.854194     8.3807    2.83970     10.446    33.1771    25.7861 -9.990e-29
 192.625127     10.542  34.856925     8.3812    2.83409     10.454    33.1795    25.7879 -9.990e-29
 192.625133     10.547  34.855149     8.3787    2.83608     10.459    33.1800    25.7887 -9.990e-29
 192.625139     10.540  34.851538     8.3784    2.83309     10.452    33.1765    25.7860 -9.990e-29
 192.625145     10.526  34.850796     8.3802    2.84243     10.438    33.1740    25.7838 -9.990e-29
 192.625150     10.512  34.853610     8.3835    2.83543     10.424    33.1739    25.7832 -9.990e-29
 192.625156     10.497  34.857560     8.3863    2.83152     10.409    33.1754    25.7839 -9.990e-29
 192.625162     10.481  34.859501     8.3854    2.83097     10.393    33.1783    25.7864 -9.990e-29
 192.625168     10.470  34.859214     8.3797    2.82195     10.382    33.1834    25.7912 -9.990e-29
 192.625174     10.464  34.857434     8.3732    2.81721     10.376    33.1876    25.7955 -9.990e-29
 192.625179     10.459  34.853464     8.3715    2.80722     10.371    33.1850    25.7937 -9.990e-29
 192.625185     10.454  34.850968     8.3756    2.79830     10.366    33.1785    25.7880 -9.990e-29
 192.625191     10.448  34.852778     8.3785    2.78657     10.361    33.1777    25.7869 -9.990e-29
 192.625197     10.443  34.855135     8.3730    2.76424     10.356    33.1854    25.7938 -9.990e-29
 192.625203     10.440  34.852771     8.3587    2.73936     10.353    33.1964    25.8046 -9.990e-29
 192.625208     10.445  34.843652     8.3396    2.71467     10.358    33.2048    25.8140 -9.990e-29
 192.625214     10.454  34.833545     8.3205    2.70465     10.366    33.2121    25.8226 -9.990e-29
 192.625220     10.467  34.826340     8.3038    2.70100     10.379    33.2202    25.8315 -9.990e-29
 192.625226     10.488  34.820266     8.2910    2.70544     10.400    33.2259    25.8378 -9.990e-29
 192.625231     10.512  34.816746     8.2847    2.71769     10.424    33.2281    25.8405 -9.990e-29
 192.625237     10.527  34.816679     8.2838    2.72987     10.439    33.2289    25.8412 -9.990e-29
 192.625243     10.533  34.817726     8.2837    2.74036     10.445    33.2301    25.8422 -9.990e-29
 192.625249     10.535  34.818475     8.2838    2.74522     10.447    33.2308    25.8427 -9.990e-29
 192.625255     10.530  34.819920     8.2890    2.76149     10.442    33.2274    25.8393 -9.990e-29
 192.625260     10.516  34.823423     8.3011    2.77362     10.428    33.2197    25.8314 -9.990e-29
 192.625266     10.502  34.828603     8.3148    2.78368     10.414    33.2122    25.8235 -9.990e-29
 192.625272     10.491  34.833395     8.3245    2.78161     10.403    33.2081    25.8189 -9.990e-29
 192.625278     10.482  34.836901     8.3297    2.77210     10.394    33.2070    25.8172 -9.990e-29
 192.625284     10.474  34.838748     8.3309    2.76645     10.386    33.2078    25.8176 -9.990e-29
 192.625289     10.472  34.837471     8.3263    2.75490     10.384    33.2108    25.8207 -9.990e-29
 192.625295     10.480  34.833043     8.3161    2.74469     10.392    33.2157    25.8261 -9.990e-29
 192.625301     10.493  34.827962     8.3057    2.75119     10.405    33.2202    25.8311 -9.990e-29
 192.625307     10.504  34.824975     8.2998    2.75484     10.416    33.2226    25.8339 -9.990e-29
 192.625313     10.505  34.824574     8.2978    2.76046     10.417    33.2240    25.8353 -9.990e-29
 192.625318     10.492  34.825656     8.2980    2.76220     10.404    33.2250    25.8361 -9.990e-29
 192.625324     10.468  34.826855     8.2993    2.75833     10.380    33.2250    25.8359 -9.990e-29
 192.625330     10.445  34.827522     8.3009    2.77460     10.358    33.2242    25.8351 -9.990e-29
 192.625336     10.435  34.827981     8.3026    2.76249     10.348    33.2231    25.8339 -9.990e-29
 192.625341     10.440  34.828279     8.3038    2.75856     10.353    33.2223    25.8331 -9.990e-29
 192.625347     10.457  34.828247     8.3046    2.76266     10.369    33.2215    25.8324 -9.990e-29
 192.625353     10.478  34.828400     8.3052    2.76776     10.390    33.2211    25.8319 -9.990e-29
 192.625359     10.496  34.828934     8.3056    2.77685     10.408    33.2213    25.8320 -9.990e-29
 192.625365     10.508  34.829433     8.3058    2.76623     10.420    33.2216    25.8323 -9.990e-29
 192.625370     10.519  34.829997     8.3068    2.76676     10.431    33.2213    25.8318 -9.990e-29
 192.625376     10.534  34.831373     8.3084    2.78157     10.446    33.2212    25.8315 -9.990e-29
 192.625382     10.549  34.832589     8.3088    2.77915     10.461    33.2221    25.8322 -9.990e-29
 192.625388     10.558  34.831896     8.3085    2.78670     10.470    33.2216    25.8319 -9.990e-29
 192.625394     10.551  34.831167     8.3105    2.79672     10.463    33.2190    25.8295 -9.990e-29
 192.625399     10.525  34.832226     8.3160    2.80414     10.437    33.2149    25.8255 -9.990e-29
 192.625405     10.487  34.834236     8.3239    2.80871     10.399    33.2096    25.8201 -9.990e-29
 192.625411     10.450  34.837071     8.3322    2.81701     10.363    33.2048    25.8151 -9.990e-29
 192.625417     10.425  34.841704     8.3397    2.81079     10.338    33.2026    25.8123 -9.990e-29
 192.625422     10.416  34.845905     8.3434    2.82287     10.329    33.2036    25.8125 -9.990e-29
 192.625428     10.417  34.845742     8.3423    2.82317     10.330    33.2044    25.8133 -9.990e-29
 192.625434     10.424  34.844356     8.3415    2.81477     10.337    33.2037    25.8129 -9.990e-29
 192.625440     10.437  34.846060     8.3453    2.82748     10.350    33.2019    25.8109 -9.990e-29
 192.625446     10.458  34.849195     8.3490    2.81550     10.370    33.2018    25.8102 -9.990e-29
 192.625451     10.487  34.848969     8.3465    2.80514     10.399    33.2039    25.8122 -9.990e-29
 192.625457     10.518  34.843953     8.3416    2.81659     10.430    33.2032    25.8124 -9.990e-29
 192.625463     10.540  34.840907     8.3413    2.83191     10.452    33.2002    25.8102 -9.990e-29
 192.625469     10.550  34.843608     8.3450    2.84270     10.462    33.1996    25.8091 -9.990e-29
 192.625475     10.550  34.848363     8.3495    2.83456     10.462    33.2004    25.8090 -9.990e-29
 192.625480     10.542  34.852538     8.3544    2.82091     10.454    33.2002    25.8081 -9.990e-29
 192.625486     10.536  34.854972     8.3595    2.81028     10.448    33.1979    25.8056 -9.990e-29
 192.625492     10.534  34.854796     8.3632    2.80263     10.446    33.1942    25.8022 -9.990e-29
 192.625498     10.538  34.852897     8.3645    2.80553     10.450    33.1910    25.7995 -9.990e-29
 192.625503     10.546  34.850478     8.3636    2.79693     10.458    33.1893    25.7983 -9.990e-29
 192.625509     10.560  34.848233     8.3593    2.80775     10.472    33.1910    25.8002 -9.990e-29
 192.625515     10.581  34.845226     8.3503    2.81558     10.492    33.1963    25.8057 -9.990e-29
 192.625521     10.605  34.840249     8.3406    2.81020     10.516    33.2001    25.8102 -9.990e-29
 192.625527     10.622  34.836191     8.3390    2.82633     10.533    33.1974    25.8083 -9.990e-29
 192.625532     10.619  34.837728     8.3521    2.82565     10.530    33.1866    25.7979 -9.990e-29
 192.625538     10.597  34.844662     8.3735    2.81889     10.508    33.1738    25.7846 -9.990e-29
 192.625544     10.566  34.851668     8.3883    2.80246     10.478    33.1672    25.7773 -9.990e-29
 192.625550     10.543  34.855760     8.3911    2.78453     10.455    33.1689    25.7782 -9.990e-29
 192.625556     10.533  34.856234     8.3822    2.76025     10.445    33.1778    25.7865 -9.990e-29
 192.625561     10.532  34.849803     8.3619    2.73613     10.444    33.1902    25.7992 -9.990e-29
 192.625567     10.537  34.837981     8.3387    2.72241     10.449    33.1996    25.8100 -9.990e-29
 192.625573     10.542  34.828542     8.3238    2.72775     10.454    33.2036    25.8155 -9.990e-29
 192.625579     10.539  34.825147     8.3201    2.74466     10.451    33.2035    25.8159 -9.990e-29
 192.625584     10.529  34.826067     8.3214    2.72735     10.441    33.2033    25.8156 -9.990e-29
 192.625590     10.520  34.828602     8.3187    2.72806     10.432    33.2085    25.8201 -9.990e-29
 192.625596     10.514  34.828847     8.3075    2.73635     10.426    33.2194    25.8303 -9.990e-29
 192.625602     10.512  34.824330     8.2944    2.72972     10.424    33.2270    25.8382 -9.990e-29
 192.625608     10.513  34.819674     8.2906    2.75770     10.425    33.2256    25.8377 -9.990e-29
 192.625613     10.514  34.820440     8.2981    2.75180     10.426    33.2194    25.8316 -9.990e-29
 192.625619     10.505  34.825401     8.3082    2.75798     10.417    33.2151    25.8268 -9.990e-29
 192.625625     10.487  34.829962     8.3136    2.74643     10.399    33.2148    25.8258 -9.990e-29
 192.625631     10.471  34.831800     8.3130    2.73663     10.383    33.2173    25.8278 -9.990e-29
 192.625637     10.468  34.830569     8.3075    2.74606     10.380    33.2212    25.8317 -9.990e-29
 192.625642     10.479  34.826870     8.2996    2.74031     10.391    33.2248    25.8357 -9.990e-29
 192.625648     10.496  34.823616     8.2931    2.74616     10.408    33.2275    25.8387 -9.990e-29
 192.625654     10.515  34.822631     8.2897    2.73675     10.427    33.2296    25.8409 -9.990e-29
 192.625660     10.534  34.822600     8.2889    2.74977     10.446    33.2303    25.8416 -9.990e-29
 192.625666     10.545  34.822919     8.2898    2.74901     10.457    33.2298    25.8411 -9.990e-29
 192.625671     10.540  34.824012     8.2922    2.74910     10.452    33.2287    25.8399 -9.990e-29
 192.625677     10.514  34.825655     8.2956    2.75744     10.426    33.2272    25.8382 -9.990e-29
 192.625683     10.475  34.827238     8.2990    2.74507     10.387    33.2257    25.8365 -9.990e-29
 192.625689     10.437  34.828069     8.3010    2.74731     10.350    33.2247    25.8354 -9.990e-29
 192.625694     10.415  34.828136     8.3013    2.73707     10.328    33.2245    25.8352 -9.990e-29
 192.625700     10.416  34.827532     8.2999    2.73320     10.329    33.2252    25.8360 -9.990e-29
 192.625706     10.432  34.825452     8.2963    2.74537     10.345    33.2264    25.8374 -9.990e-29
 192.625712     10.450  34.822484     8.2920    2.74120     10.363    33.2273    25.8388 -9.990e-29
 192.625718     10.468  34.820834     8.2892    2.74408     10.380    33.2282    25.8399 -9.990e-29
 192.625723     10.482  34.819982     8.2875    2.74203     10.394    33.2289    25.8407 -9.990e-29
 192.625729     10.485  34.819351     8.2872    2.74005     10.397    33.2285    25.8405 -9.990e-29
 192.625735     10.477  34.820341     8.2886    2.73543     10.389    33.2283    25.8400 -9.990e-29
 192.625741     10.466  34.822028     8.2903    2.72570     10.378    33.2284    25.8399 -9.990e-29
 192.625747     10.455  34.822739     8.2909    2.72291     10.367    33.2286    25.8400 -9.990e-29
 192.625752     10.445  34.822302     8.2891    2.71675     10.358    33.2299    25.8412 -9.990e-29
 192.625758     10.437  34.820695     8.2843    2.71262     10.350    33.2327    25.8442 -9.990e-29
 192.625764     10.438  34.818579     8.2784    2.71383     10.351    33.2361    25.8477 -9.990e-29
 192.625770     10.445  34.817057     8.2747    2.72419     10.358    33.2379    25.8497 -9.990e-29
 192.625775     10.461  34.816337     8.2742    2.72374     10.373    33.2376    25.8495 -9.990e-29
 192.625781     10.481  34.816579     8.2752    2.71721     10.393    33.2369    25.8488 -9.990e-29
 192.625787     10.498  34.817544     8.2761    2.72110     10.410    33.2371    25.8488 -9.990e-29
 192.625793     10.505  34.818277     8.2772    2.73748     10.417    33.2368    25.8485 -9.990e-29
 192.625799     10.498  34.818633     8.2791    2.73040     10.410    33.2354    25.8471 -9.990e-29
 192.625804     10.485  34.819088     8.2816    2.72813     10.397    33.2335    25.8452 -9.990e-29
 192.625810     10.478  34.819688     8.2836    2.73663     10.390    33.2323    25.8439 -9.990e-29
 192.625816     10.477  34.820114     8.2848    2.74419     10.389    33.2316    25.8432 -9.990e-29
 192.625822     10.477  34.820374     8.2856    2.75449     10.389    33.2311    25.8427 -9.990e-29
 192.625828     10.474  34.820812     8.2862    2.75082     10.386    33.2310    25.8426 -9.990e-29
 192.625833     10.459  34.821453     8.2867    2.75807     10.371    33.2312    25.8427 -9.990e-29
 192.625839     10.431  34.822031     8.2882    2.75954     10.344    33.2304    25.8418 -9.990e-29
 192.625845     10.402  34.822756     8.2916    2.76855     10.315    33.2280    25.8394 -9.990e-29
 192.625851     10.387  34.824594     8.2966    2.76638     10.300    33.2252    25.8365 -9.990e-29
 192.625856     10.388  34.827195     8.3016    2.76577     10.301    33.2233    25.8342 -9.990e-29
 192.625862     10.394  34.828985     8.3053    2.75686     10.307    33.2217    25.8324 -9.990e-29
 192.625868     10.395  34.829547     8.3065    2.74347     10.308    33.2211    25.8318 -9.990e-29
 192.625874     10.397  34.829070     8.3054    2.73151     10.310    33.2217    25.8323 -9.990e-29
 192.625880     10.404  34.828041     8.3024    2.71151     10.317    33.2234    25.8342 -9.990e-29
 192.625885     10.412  34.826207     8.2960    2.71452     10.325    33.2275    25.8383 -9.990e-29
 192.625891     10.416  34.822245     8.2864    2.72015     10.329    33.2324    25.8436 -9.990e-29
 192.625897     10.414  34.817035     8.2800    2.72656     10.327    33.2329    25.8450 -9.990e-29
 192.625903     10.397  34.814838     8.2822    2.73308     10.310    33.2285    25.8412 -9.990e-29
 192.625909     10.354  34.817206     8.2901    2.73154     10.267    33.2236    25.8361 -9.990e-29
 192.625914     10.287  34.820567     8.2967    2.72753     10.201    33.2209    25.8331 -9.990e-29
 192.625920     10.214  34.822679     8.2991    2.72533     10.129    33.2209    25.8327 -9.990e-29
