data/oxygen options/OCNMS/OCNMS1/raw_data/2007/CTD_CA065_101307faed.cnv
* Sea-Bird SBE19 Data File:
* FileName = C:\2007_mooring_data\retrieval_101207\CTD_CA065_101307.hex
* Software Version 1.20
* Temperature SN = 2997
* Conductivity SN = 2997
* System UpLoad Time = Oct 13 2007 11:31:41
* SEACAT PROFILER V3.1c SN 2997   10/13/07  11:31:14.748
* strain gauge pressure sensor: S/N = 184829,  range = 3000 psia,  tc = 40
# nquan = 9                                 
# nvalues = 3095                        
# units = specified
# name 0 = timeJ: Julian Days
# name 1 = prSM: Pressure, Strain Gauge [db]
# name 2 = c0mS/cm: Conductivity [mS/cm]
# name 3 = t090C: Temperature [ITS-90, deg C]
# name 4 = oxML/L: Oxygen, Beckman/YSI [ml/l]
# name 5 = depSM: Depth [salt water, m], lat = 47.5
# name 6 = sal00: Salinity, Practical [PSU]
# name 7 = sigma-é00: Density [sigma-theta, kg/m^3]
# name 8 = flag: flag
# span 0 = 286.430880, 286.448785       
# span 1 =     -4.842,     67.574       
# span 2 =   0.334356,  36.711402       
# span 3 =     7.5188,    13.0457       
# span 4 =  -13.62899,   34.00893       
# span 5 =     -4.802,     66.999       
# span 6 =     0.2102,    33.5466       
# span 7 =    -0.4582,    26.1864       
# span 8 = 0.0000e+00, 0.0000e+00       
# interval = seconds: 0.5
# start_time = Oct 13 2007 10:20:28 [Instrument's time stamp, header]
# bad_flag = -9.990e-29
*END*
[from data line 1601]
 286.440145     10.680  36.678584    11.9923    6.38281     10.591    31.7810    24.0918 -9.990e-29
 286.440150     10.692  36.678789    11.9916    6.38710     10.602    31.7818    24.0926 -9.990e-29
 286.440156     10.716  36.679968    11.9904    6.38583     10.626    31.7840    24.0945 -9.990e-29
 286.440162     10.738  36.680889    11.9890    6.39048     10.648    31.7860    24.0963 -9.990e-29
 286.440168     10.748  36.681097    11.9880    6.38070     10.658    31.7871    24.0973 -9.990e-29
 286.440174     10.751  36.680870    11.9879    6.37862     10.661    31.7869    24.0972 -9.990e-29
 286.440179     10.760  36.681586    11.9887    6.37663     10.670    31.7869    24.0971 -9.990e-29
 286.440185     10.776  36.683082    11.9901    6.37485     10.686    31.7872    24.0970 -9.990e-29
 286.440191     10.794  36.684548    11.9923    6.37792     10.704    31.7867    24.0962 -9.990e-29
 286.440197     10.813  36.685696    11.9947    6.37101     10.722    31.7858    24.0951 -9.990e-29
 286.440203     10.824  36.686376    11.9964    6.36850     10.733    31.7850    24.0941 -9.990e-29
 286.440208     10.824  36.686934    11.9974    6.35610     10.733    31.7847    24.0937 -9.990e-29
 286.440214     10.809  36.687551    11.9976    6.35955     10.719    31.7851    24.0940 -9.990e-29
 286.440220     10.778  36.687932    11.9966    6.37242     10.688    31.7863    24.0951 -9.990e-29
 286.440226     10.742  36.687464    11.9949    6.38228     10.652    31.7873    24.0962 -9.990e-29
 286.440231     10.707  36.686082    11.9944    6.37654     10.617    31.7864    24.0956 -9.990e-29
 286.440237     10.674  36.684749    11.9949    6.36898     10.585    31.7847    24.0942 -9.990e-29
 286.440243     10.651  36.683930    11.9950    6.37646     10.562    31.7839    24.0935 -9.990e-29
 286.440249     10.641  36.683656    11.9947    6.37378     10.552    31.7839    24.0936 -9.990e-29
 286.440255     10.642  36.684123    11.9944    6.38407     10.553    31.7846    24.0942 -9.990e-29
 286.440260     10.651  36.684830    11.9946    6.37718     10.562    31.7851    24.0946 -9.990e-29
 286.440266     10.660  36.685040    11.9953    6.36987     10.571    31.7847    24.0941 -9.990e-29
 286.440272     10.668  36.685032    11.9964    6.37283     10.579    31.7837    24.0932 -9.990e-29
 286.440278     10.685  36.685358    11.9973    6.37788     10.596    31.7833    24.0927 -9.990e-29
 286.440284     10.713  36.685892    11.9974    6.38100     10.623    31.7837    24.0930 -9.990e-29
 286.440289     10.740  36.686224    11.9971    6.38100     10.650    31.7843    24.0935 -9.990e-29
 286.440295     10.755  36.686237    11.9972    6.38644     10.665    31.7842    24.0934 -9.990e-29
 286.440301     10.759  36.685945    11.9974    6.37956     10.669    31.7837    24.0930 -9.990e-29
 286.440307     10.765  36.685521    11.9975    6.39035     10.675    31.7832    24.0926 -9.990e-29
 286.440313     10.782  36.685522    11.9974    6.38447     10.692    31.7833    24.0927 -9.990e-29
 286.440318     10.803  36.685950    11.9971    6.38172     10.713    31.7840    24.0932 -9.990e-29
 286.440324     10.816  36.686254    11.9969    6.38179     10.725    31.7844    24.0936 -9.990e-29
 286.440330     10.817  36.686278    11.9971    6.38375     10.726    31.7843    24.0935 -9.990e-29
 286.440336     10.811  36.686053    11.9973    6.39520     10.720    31.7839    24.0931 -9.990e-29
 286.440341     10.807  36.685841    11.9975    6.38997     10.717    31.7835    24.0928 -9.990e-29
 286.440347     10.807  36.685922    11.9978    6.39251     10.717    31.7833    24.0926 -9.990e-29
 286.440353     10.813  36.685843    11.9982    6.37743     10.722    31.7829    24.0922 -9.990e-29
 286.440359     10.820  36.685498    11.9987    6.37277     10.729    31.7822    24.0915 -9.990e-29
 286.440365     10.820  36.685550    11.9991    6.37922     10.729    31.7819    24.0912 -9.990e-29
 286.440370     10.813  36.686069    11.9992    6.37551     10.722    31.7823    24.0915 -9.990e-29
 286.440376     10.803  36.686626    11.9990    6.38548     10.713    31.7830    24.0921 -9.990e-29
 286.440382     10.785  36.686841    11.9987    6.37876     10.695    31.7835    24.0926 -9.990e-29
 286.440388     10.762  36.686441    11.9986    6.38893     10.672    31.7832    24.0923 -9.990e-29
 286.440394     10.750  36.686013    11.9986    6.38669     10.660    31.7828    24.0920 -9.990e-29
 286.440399     10.752  36.686112    11.9983    6.39066     10.662    31.7831    24.0924 -9.990e-29
 286.440405     10.760  36.686307    11.9982    6.39775     10.670    31.7834    24.0926 -9.990e-29
 286.440411     10.766  36.686297    11.9985    6.38964     10.676    31.7831    24.0923 -9.990e-29
 286.440417     10.762  36.686069    11.9989    6.39623     10.672    31.7826    24.0918 -9.990e-29
 286.440422     10.747  36.685880    11.9989    6.38469     10.657    31.7824    24.0917 -9.990e-29
 286.440428     10.729  36.686037    11.9989    6.39009     10.639    31.7826    24.0918 -9.990e-29
 286.440434     10.711  36.686192    11.9991    6.39309     10.621    31.7825    24.0918 -9.990e-29
 286.440440     10.692  36.685990    11.9995    6.39156     10.602    31.7820    24.0913 -9.990e-29
 286.440446     10.676  36.685723    11.9997    6.39142     10.587    31.7816    24.0909 -9.990e-29
 286.440451     10.669  36.685595    11.9996    6.38313     10.580    31.7816    24.0909 -9.990e-29
 286.440457     10.675  36.685439    11.9993    6.38721     10.586    31.7817    24.0910 -9.990e-29
 286.440463     10.691  36.685608    11.9990    6.38887     10.601    31.7821    24.0914 -9.990e-29
 286.440469     10.705  36.686326    11.9988    6.40389     10.615    31.7829    24.0921 -9.990e-29
 286.440475     10.709  36.686868    11.9988    6.40159     10.619    31.7834    24.0925 -9.990e-29
 286.440480     10.712  36.686836    11.9990    6.39150     10.622    31.7832    24.0923 -9.990e-29
 286.440486     10.722  36.686749    11.9993    6.38522     10.632    31.7829    24.0920 -9.990e-29
 286.440492     10.737  36.687052    11.9997    6.37525     10.647    31.7828    24.0919 -9.990e-29
 286.440498     10.752  36.687588    12.0002    6.39053     10.662    31.7829    24.0919 -9.990e-29
 286.440503     10.769  36.687949    12.0004    6.38499     10.679    31.7831    24.0919 -9.990e-29
 286.440509     10.784  36.688057    12.0001    6.38906     10.694    31.7835    24.0923 -9.990e-29
 286.440515     10.791  36.688056    11.9998    6.39059     10.701    31.7837    24.0925 -9.990e-29
 286.440521     10.784  36.687944    11.9998    6.38185     10.694    31.7836    24.0924 -9.990e-29
 286.440527     10.768  36.687574    11.9999    6.39041     10.678    31.7832    24.0921 -9.990e-29
 286.440532     10.750  36.687011    11.9999    6.38177     10.660    31.7826    24.0917 -9.990e-29
 286.440538     10.734  36.686628    11.9998    6.38687     10.644    31.7824    24.0915 -9.990e-29
 286.440544     10.722  36.686476    11.9998    6.39136     10.632    31.7822    24.0914 -9.990e-29
 286.440550     10.723  36.686353    11.9997    6.38970     10.633    31.7822    24.0914 -9.990e-29
 286.440556     10.741  36.686094    11.9993    6.39150     10.651    31.7823    24.0915 -9.990e-29
 286.440561     10.769  36.685915    11.9988    6.38319     10.679    31.7825    24.0918 -9.990e-29
 286.440567     10.790  36.686138    11.9987    6.38706     10.700    31.7828    24.0920 -9.990e-29
 286.440573     10.799  36.686497    11.9989    6.38329     10.709    31.7830    24.0921 -9.990e-29
 286.440579     10.794  36.686912    11.9991    6.39417     10.704    31.7832    24.0923 -9.990e-29
 286.440584     10.778  36.687375    11.9994    6.38664     10.688    31.7834    24.0924 -9.990e-29
 286.440590     10.751  36.687384    11.9998    6.38894     10.661    31.7831    24.0920 -9.990e-29
 286.440596     10.726  36.686951    12.0001    6.39003     10.636    31.7824    24.0915 -9.990e-29
 286.440602     10.715  36.686619    12.0004    6.37999     10.625    31.7818    24.0910 -9.990e-29
 286.440608     10.719  36.686508    12.0003    6.38828     10.629    31.7818    24.0910 -9.990e-29
 286.440613     10.736  36.686471    11.9999    6.38165     10.646    31.7821    24.0913 -9.990e-29
 286.440619     10.757  36.686459    11.9999    6.38165     10.667    31.7821    24.0913 -9.990e-29
 286.440625     10.781  36.686456    12.0001    6.38358     10.691    31.7819    24.0911 -9.990e-29
 286.440631     10.804  36.686456    12.0001    6.38882     10.714    31.7819    24.0911 -9.990e-29
 286.440637     10.819  36.686462    11.9997    6.40014     10.728    31.7822    24.0914 -9.990e-29
 286.440642     10.823  36.686485    11.9996    6.39451     10.732    31.7823    24.0915 -9.990e-29
 286.440648     10.815  36.686563    12.0000    6.39719     10.724    31.7821    24.0912 -9.990e-29
 286.440654     10.801  36.686807    12.0004    6.39398     10.711    31.7820    24.0911 -9.990e-29
 286.440660     10.787  36.686989    12.0004    6.39922     10.697    31.7822    24.0912 -9.990e-29
 286.440666     10.781  36.686798    12.0002    6.39539     10.691    31.7822    24.0913 -9.990e-29
 286.440671     10.787  36.686549    11.9999    6.39110     10.697    31.7822    24.0913 -9.990e-29
 286.440677     10.801  36.686475    11.9997    6.39608     10.711    31.7823    24.0914 -9.990e-29
 286.440683     10.816  36.686484    12.0000    6.39074     10.725    31.7820    24.0912 -9.990e-29
 286.440689     10.824  36.686594    12.0005    6.39750     10.733    31.7817    24.0908 -9.990e-29
 286.440694     10.821  36.686959    12.0007    6.39254     10.730    31.7819    24.0909 -9.990e-29
 286.440700     10.810  36.687511    12.0006    6.38823     10.719    31.7825    24.0914 -9.990e-29
 286.440706     10.797  36.687875    12.0005    6.38926     10.707    31.7829    24.0918 -9.990e-29
 286.440712     10.780  36.687980    12.0005    6.38075     10.690    31.7830    24.0919 -9.990e-29
 286.440718     10.761  36.687975    12.0003    6.38926     10.671    31.7832    24.0921 -9.990e-29
 286.440723     10.745  36.687860    12.0000    6.39060     10.655    31.7834    24.0922 -9.990e-29
 286.440729     10.730  36.687487    12.0001    6.38535     10.640    31.7829    24.0919 -9.990e-29
 286.440735     10.720  36.686927    12.0004    6.37852     10.630    31.7821    24.0912 -9.990e-29
 286.440741     10.718  36.686561    12.0005    6.37567     10.628    31.7817    24.0908 -9.990e-29
 286.440747     10.723  36.686470    12.0003    6.38269     10.633    31.7818    24.0909 -9.990e-29
 286.440752     10.733  36.686538    12.0001    6.39025     10.643    31.7820    24.0912 -9.990e-29
 286.440758     10.735  36.686861    12.0002    6.39885     10.645    31.7822    24.0913 -9.990e-29
 286.440764     10.724  36.687316    12.0003    6.39208     10.634    31.7826    24.0916 -9.990e-29
 286.440770     10.714  36.687395    12.0005    6.39413     10.624    31.7825    24.0915 -9.990e-29
 286.440775     10.711  36.687212    12.0005    6.38723     10.621    31.7823    24.0913 -9.990e-29
 286.440781     10.716  36.687089    12.0005    6.39086     10.626    31.7822    24.0912 -9.990e-29
 286.440787     10.733  36.686871    12.0006    6.39889     10.643    31.7819    24.0910 -9.990e-29
 286.440793     10.763  36.686834    12.0007    6.39392     10.673    31.7818    24.0909 -9.990e-29
 286.440799     10.795  36.686934    12.0007    6.39387     10.705    31.7819    24.0909 -9.990e-29
 286.440804     10.819  36.686752    12.0005    6.37603     10.728    31.7818    24.0910 -9.990e-29
 286.440810     10.831  36.686611    12.0001    6.37750     10.740    31.7820    24.0912 -9.990e-29
 286.440816     10.833  36.686889    12.0000    6.38217     10.742    31.7824    24.0915 -9.990e-29
 286.440822     10.825  36.687402    12.0003    6.39033     10.734    31.7826    24.0916 -9.990e-29
 286.440828     10.806  36.687721    12.0006    6.39815     10.716    31.7827    24.0916 -9.990e-29
 286.440833     10.775  36.687716    12.0006    6.38166     10.685    31.7827    24.0916 -9.990e-29
 286.440839     10.734  36.687387    12.0004    6.37720     10.644    31.7826    24.0915 -9.990e-29
 286.440845     10.698  36.686865    12.0001    6.38116     10.608    31.7823    24.0914 -9.990e-29
 286.440851     10.682  36.686582    12.0000    6.39254     10.593    31.7822    24.0913 -9.990e-29
 286.440856     10.680  36.686731    12.0001    6.40027     10.591    31.7822    24.0913 -9.990e-29
 286.440862     10.674  36.686955    12.0004    6.39216     10.585    31.7822    24.0912 -9.990e-29
 286.440868     10.662  36.686999    12.0009    6.39092     10.573    31.7818    24.0908 -9.990e-29
 286.440874     10.653  36.686928    12.0013    6.39114     10.564    31.7814    24.0905 -9.990e-29
 286.440880     10.662  36.686653    12.0014    6.39099     10.573    31.7810    24.0902 -9.990e-29
 286.440885     10.692  36.686378    12.0013    6.39258     10.602    31.7808    24.0900 -9.990e-29
 286.440891     10.737  36.686303    12.0012    6.38429     10.647    31.7808    24.0900 -9.990e-29
 286.440897     10.783  36.686333    12.0011    6.39502     10.693    31.7809    24.0901 -9.990e-29
 286.440903     10.819  36.686515    12.0009    6.39111     10.728    31.7813    24.0904 -9.990e-29
 286.440909     10.844  36.687098    12.0008    6.40479     10.753    31.7819    24.0910 -9.990e-29
 286.440914     10.860  36.687744    12.0008    6.39379     10.769    31.7825    24.0914 -9.990e-29
 286.440920     10.862  36.687640    12.0008    6.38755     10.771    31.7824    24.0914 -9.990e-29
 286.440926     10.852  36.687212    12.0007    6.39439     10.761    31.7821    24.0911 -9.990e-29
 286.440932     10.837  36.687018    12.0005    6.38601     10.746    31.7821    24.0911 -9.990e-29
 286.440938     10.821  36.686808    12.0002    6.39616     10.730    31.7821    24.0912 -9.990e-29
 286.440943     10.806  36.686867    12.0001    6.38359     10.716    31.7823    24.0914 -9.990e-29
 286.440949     10.792  36.687282    12.0002    6.39150     10.702    31.7826    24.0916 -9.990e-29
 286.440955     10.769  36.687493    12.0003    6.38946     10.679    31.7827    24.0917 -9.990e-29
 286.440961     10.737  36.687225    12.0004    6.38935     10.647    31.7824    24.0914 -9.990e-29
 286.440966     10.700  36.686688    12.0006    6.39107     10.610    31.7817    24.0909 -9.990e-29
 286.440972     10.667  36.686297    12.0008    6.38828     10.578    31.7812    24.0904 -9.990e-29
 286.440978     10.642  36.686098    12.0009    6.38992     10.553    31.7809    24.0902 -9.990e-29
 286.440984     10.629  36.685831    12.0007    6.38263     10.540    31.7809    24.0902 -9.990e-29
 286.440990     10.627  36.685709    12.0006    6.38271     10.538    31.7808    24.0901 -9.990e-29
 286.440995     10.636  36.686137    12.0008    6.38090     10.547    31.7811    24.0903 -9.990e-29
 286.441001     10.656  36.686571    12.0009    6.37714     10.567    31.7814    24.0905 -9.990e-29
 286.441007     10.689  36.686475    12.0008    6.38410     10.600    31.7814    24.0905 -9.990e-29
 286.441013     10.732  36.686290    12.0009    6.38015     10.642    31.7811    24.0903 -9.990e-29
 286.441019     10.780  36.686334    12.0010    6.38015     10.690    31.7810    24.0902 -9.990e-29
 286.441024     10.827  36.686674    12.0010    6.38704     10.736    31.7813    24.0905 -9.990e-29
 286.441030     10.863  36.687207    12.0010    6.38188     10.772    31.7818    24.0909 -9.990e-29
 286.441036     10.878  36.687529    12.0011    6.38884     10.787    31.7821    24.0910 -9.990e-29
 286.441042     10.873  36.687514    12.0011    6.38858     10.782    31.7820    24.0910 -9.990e-29
 286.441047     10.855  36.687148    12.0010    6.39395     10.764    31.7818    24.0908 -9.990e-29
 286.441053     10.833  36.686513    12.0009    6.38985     10.742    31.7813    24.0904 -9.990e-29
 286.441059     10.814  36.685891    12.0008    6.38525     10.723    31.7808    24.0901 -9.990e-29
