data/oxygen options/OCNMS/OCNMS1/raw_data/2007/CTD_TH065_101307faed.cnv
* Sea-Bird SBE19 Data File:
* FileName = C:\2007_mooring_data\retrieval_101207\CTD_TH065_101307.hex
* Software Version 1.20
* Temperature SN = 2997
* Conductivity SN = 2997
* System UpLoad Time = Oct 13 2007 16:04:47
* SEACAT PROFILER V3.1c SN 2997   10/13/07  16:04:11.667
* strain gauge pressure sensor: S/N = 184829,  range = 3000 psia,  tc = 40
# nquan = 9                                 
# nvalues = 694                         
# units = specified
# name 0 = timeJ: Julian Days
# name 1 = prSM: Pressure, Strain Gauge [db]
# name 2 = c0mS/cm: Conductivity [mS/cm]
# name 3 = t090C: Temperature [ITS-90, deg C]
# name 4 = oxML/L: Oxygen, Beckman/YSI [ml/l]
# name 5 = depSM: Depth [salt water, m], lat = 47.5
# name 6 = sal00: Salinity, Practical [PSU]
# name 7 = sigma-é00: Density [sigma-theta, kg/m^3]
# name 8 = flag: flag
# span 0 = 286.515995, 286.520006       
# span 1 =     -5.185,     66.877       
# span 2 =   0.260747,  36.978189       
# span 3 =     7.6071,    12.9534       
# span 4 =   -0.07334,   32.16391       
# span 5 =     -5.142,     66.308       
# span 6 =     0.1656,    33.5862       
# span 7 =    -0.4246,    26.2213       
# span 8 = 0.0000e+00, 0.0000e+00       
# interval = seconds: 0.5
# start_time = Oct 13 2007 12:23:02 [Instrument's time stamp, header]
# bad_flag = -9.990e-29
*END*
[from data line 641]
 286.519705     14.693  36.832273    12.1746    6.28860     14.570    31.7721    24.0511 0.0000e+00
 286.519711     14.266  36.847089    12.1868    6.31033     14.146    31.7761    24.0520 0.0000e+00
 286.519716     13.823  36.858044    12.2036    6.30585     13.707    31.7725    24.0460 0.0000e+00
 286.519722     13.359  36.861804    12.2248    6.31394     13.247    31.7583    24.0311 0.0000e+00
 286.519728     12.873  36.867874    12.2568    6.31709     12.765    31.7372    24.0087 0.0000e+00
 286.519734     12.370  36.879866    12.3095    6.31772     12.266    31.7042    23.9732 0.0000e+00
 286.519740     11.856  36.889670    12.3802    6.32565     11.757    31.6541    23.9211 0.0000e+00
 286.519745     11.337  36.891302    12.4478    6.33123     11.242    31.5989    23.8656 0.0000e+00
 286.519751     10.813  36.885270    12.4949    6.34626     10.722    31.5538    23.8217 0.0000e+00
 286.519757     10.295  36.875878    12.5192    6.35278     10.209    31.5247    23.7945 0.0000e+00
 286.519763      9.797  36.862956    12.5281    6.36448      9.715    31.5052    23.7777 0.0000e+00
 286.519769      9.321  36.845542    12.5302    6.36958      9.243    31.4870    23.7633 0.0000e+00
 286.519774      8.863  36.826212    12.5295    6.38104      8.789    31.4694    23.7497 0.0000e+00
 286.519780      8.419  36.808907    12.5268    6.38360      8.349    31.4554    23.7394 0.0000e+00
 286.519786      7.987  36.795219    12.5231    6.40019      7.920    31.4457    23.7325 0.0000e+00
 286.519792      7.569  36.782596    12.5205    6.40915      7.506    31.4360    23.7255 0.0000e+00
 286.519797      7.169  36.771028    12.5204    6.42699      7.109    31.4253    23.7172 0.0000e+00
 286.519803      6.783  36.762470    12.5221    6.45304      6.726    31.4159    23.7096 0.0000e+00
 286.519809      6.407  36.755044    12.5255    6.46661      6.353    31.4061    23.7014 0.0000e+00
 286.519815      6.052  36.746136    12.5314    6.47524      6.001    31.3929    23.6900 0.0000e+00
 286.519821      5.734  36.735645    12.5385    6.47524      5.686    31.3771    23.6765 0.0000e+00
 286.519826      5.458  36.725844    12.5449    6.48962      5.412    31.3626    23.6640 0.0000e+00
 286.519832      5.225  36.718802    12.5514    6.49340      5.181    31.3506    23.6535 0.0000e+00
 286.519838      5.035  36.714105    12.5605    6.50139      4.993    31.3386    23.6425 0.0000e+00
 286.519844      4.887  36.709974    12.5710    6.48652      4.846    31.3260    23.6307 -9.990e-29
 286.519850      4.765  36.705387    12.5778    6.48007      4.725    31.3161    23.6217 -9.990e-29
 286.519855      4.659  36.700959    12.5783    6.48037      4.620    31.3115    23.6181 -9.990e-29
 286.519861      4.565  36.698635    12.5752    6.50455      4.527    31.3119    23.6190 -9.990e-29
 286.519867      4.482  36.698683    12.5724    6.50231      4.445    31.3143    23.6214 -9.990e-29
 286.519873      4.405  36.698363    12.5717    6.49660      4.368    31.3146    23.6217 -9.990e-29
 286.519878      4.329  36.696125    12.5720    6.48695      4.293    31.3123    23.6199 -9.990e-29
 286.519884      4.248  36.694591    12.5722    6.48151      4.213    31.3107    23.6186 -9.990e-29
 286.519890      4.163  36.695639    12.5747    6.49149      4.128    31.3096    23.6173 -9.990e-29
 286.519896      4.076  36.696183    12.5799    6.51075      4.042    31.3059    23.6134 -9.990e-29
 286.519902      3.990  36.694146    12.5835    6.51843      3.957    31.3010    23.6089 -9.990e-29
 286.519907      3.900  36.690177    12.5834    6.51399      3.867    31.2973    23.6061 -9.990e-29
 286.519913      3.796  36.686272    12.5833    6.53627      3.764    31.2937    23.6034 -9.990e-29
 286.519919      3.680  36.685633    12.5863    6.56418      3.649    31.2907    23.6004 -9.990e-29
 286.519925      3.557  36.688531    12.5936    6.60277      3.527    31.2874    23.5965 -9.990e-29
 286.519931      3.424  36.694906    12.6055    6.58913      3.395    31.2836    23.5913 0.0000e+00
 286.519936      3.276  36.704848    12.6220    6.35792      3.249    31.2794    23.5849 0.0000e+00
 286.519942      3.118  36.712555    12.6428    6.16279      3.092    31.2695    23.5733 0.0000e+00
 286.519948      2.951  36.714293    12.6667    6.22208      2.926    31.2514    23.5547 0.0000e+00
 286.519954      2.774  36.712384    12.6918 -9.990e-29      2.751    31.2289    23.5325 0.0000e+00
 286.519959      2.588  36.703165    12.7150 -9.990e-29      2.566    31.2010    23.5065 0.0000e+00
 286.519965      2.399  36.682194    12.7323 -9.990e-29      2.379    31.1670    23.4768 0.0000e+00
 286.519971      2.211  36.653470    12.7446 -9.990e-29      2.193    31.1298    23.4457 0.0000e+00
 286.519977      2.031  36.622985    12.7557 -9.990e-29      2.014    31.0919    23.4143 0.0000e+00
 286.519983      1.863  36.596625    12.7604 -9.990e-29      1.847    31.0633    23.3912 0.0000e+00
 286.519988      1.715  36.581290    12.7476 -9.990e-29      1.701    31.0594    23.3906 -9.990e-29
 286.519994      1.597  36.580082    12.7189 -9.990e-29      1.584    31.0819    23.4135 -9.990e-29
 286.520000      1.525  36.588591    12.7023 -9.990e-29      1.512    31.1037    23.4335 -9.990e-29
 286.520006      1.501  36.599661 -9.990e-29 -9.990e-29      1.488 -9.990e-29 -9.990e-29 -9.990e-29
