data/oxygen options/OCNMS/OCNMS1/raw_data/2007/CTD_CA065_071007faed.cnv
* Sea-Bird SBE19 Data File:
* FileName = C:\2007_mooring_data\CTD_CA065_071007.hex
* Software Version 1.1.6
* Temperature SN = 2997
* Conductivity SN = 2997
* System UpLoad Time = Jul 10 2007 16:03:44
* SEACAT PROFILER V3.1c SN 2997   07/10/07  16:02:43.478
* strain gauge pressure sensor: S/N = 184829,  range = 3000 psia,  tc = 40
# nquan = 9                                 
# nvalues = 1978                        
# units = specified
# name 0 = timeJ: Julian Days
# name 1 = prSM: Pressure, Strain Gauge [db]
# name 2 = c0mS/cm: Conductivity [mS/cm]
# name 3 = t090C: Temperature [ITS-90, deg C]
# name 4 = oxML/L: Oxygen, Beckman/YSI [ml/l]
# name 5 = depSM: Depth [salt water, m], lat = 47.5
# name 6 = sal00: Salinity, Practical [PSU]
# name 7 = sigma-é00: Density [sigma-theta, kg/m^3]
# name 8 = flag: flag
# span 0 = 191.586169, 191.597610       
# span 1 =     -6.153,     65.433       
# span 2 =   0.490414,  39.480402       
# span 3 =     6.5664,    17.4825       
# span 4 =  -13.63867,   27.77175       
# span 5 =     -6.102,     64.877       
# span 6 =     0.2795,    33.9396       
# span 7 =    -1.0892,    26.6410       
# span 8 = 0.0000e+00, 0.0000e+00       
# interval = seconds: 0.5
# start_time = Jul 10 2007 14:04:05 [Instrument's time stamp, header]
# bad_flag = -9.990e-29
*END*
[from data line 641]
 191.589878     51.384  33.881316     7.0102    2.61390     50.949    33.4221    26.1751 -9.990e-29
 191.589884     51.355  33.881363     7.0112    2.61370     50.920    33.4212    26.1743 -9.990e-29
 191.589890     51.330  33.881375     7.0118    2.61472     50.895    33.4206    26.1738 -9.990e-29
 191.589896     51.320  33.881360     7.0117    2.61461     50.885    33.4207    26.1738 -9.990e-29
 191.589902     51.330  33.881290     7.0111    2.61438     50.895    33.4212    26.1743 -9.990e-29
 191.589907     51.350  33.881063     7.0110    2.60497     50.915    33.4211    26.1742 -9.990e-29
 191.589913     51.371  33.880924     7.0114    2.61178     50.936    33.4205    26.1737 -9.990e-29
 191.589919     51.388  33.881237     7.0115    2.61358     50.953    33.4208    26.1739 -9.990e-29
 191.589925     51.407  33.881288     7.0110    2.62458     50.972    33.4213    26.1744 -9.990e-29
 191.589931     51.433  33.880575     7.0097    2.62958     50.997    33.4218    26.1749 -9.990e-29
 191.589936     51.465  33.879260     7.0071    2.61702     51.029    33.4228    26.1761 -9.990e-29
 191.589942     51.494  33.877259     7.0043    2.62188     51.058    33.4233    26.1769 -9.990e-29
 191.589948     51.511  33.875816     7.0035    2.61048     51.075    33.4225    26.1764 -9.990e-29
 191.589954     51.508  33.876355     7.0051    2.62812     51.072    33.4216    26.1754 -9.990e-29
 191.589959     51.489  33.877903     7.0077    2.61610     51.053    33.4207    26.1744 -9.990e-29
 191.589965     51.461  33.879152     7.0101    2.61922     51.025    33.4198    26.1733 -9.990e-29
 191.589971     51.436  33.880079     7.0119    2.62137     51.000    33.4191    26.1725 -9.990e-29
 191.589977     51.424  33.880791     7.0124    2.61743     50.988    33.4194    26.1727 -9.990e-29
 191.589983     51.429  33.881108     7.0110    2.62369     50.993    33.4211    26.1742 -9.990e-29
 191.589988     51.443  33.880323     7.0089    2.61079     51.007    33.4222    26.1754 -9.990e-29
 191.589994     51.445  33.879057     7.0084    2.61841     51.009    33.4213    26.1748 -9.990e-29
 191.590000     51.424  33.878972     7.0099    2.61125     50.988    33.4198    26.1734 -9.990e-29
 191.590006     51.385  33.879945     7.0117    2.61097     50.950    33.4191    26.1726 -9.990e-29
 191.590012     51.347  33.881024     7.0126    2.62108     50.912    33.4195    26.1727 -9.990e-29
 191.590017     51.331  33.881398     7.0125    2.61251     50.896    33.4200    26.1731 -9.990e-29
 191.590023     51.338  33.880996     7.0118    2.61448     50.903    33.4202    26.1734 -9.990e-29
 191.590029     51.362  33.880394     7.0109    2.61273     50.927    33.4204    26.1737 -9.990e-29
 191.590035     51.394  33.879899     7.0098    2.61106     50.959    33.4209    26.1743 -9.990e-29
 191.590041     51.425  33.879399     7.0086    2.61577     50.989    33.4215    26.1749 -9.990e-29
 191.590046     51.443  33.878778     7.0082    2.61599     51.007    33.4212    26.1747 -9.990e-29
 191.590052     51.445  33.878877     7.0094    2.62472     51.009    33.4202    26.1737 -9.990e-29
 191.590058     51.431  33.879816     7.0117    2.61704     50.995    33.4190    26.1725 -9.990e-29
 191.590064     51.405  33.880598     7.0139    2.61541     50.970    33.4177    26.1712 -9.990e-29
 191.590069     51.378  33.881134     7.0154    2.62231     50.943    33.4169    26.1703 -9.990e-29
 191.590075     51.365  33.881571     7.0158    2.62236     50.930    33.4170    26.1703 -9.990e-29
 191.590081     51.373  33.881361     7.0143    2.63577     50.938    33.4182    26.1715 -9.990e-29
 191.590087     51.396  33.880214     7.0108    2.62768     50.961    33.4203    26.1736 -9.990e-29
 191.590093     51.421  33.878273     7.0066    2.62130     50.985    33.4222    26.1757 -9.990e-29
 191.590098     51.438  33.875740     7.0040    2.62882     51.002    33.4220    26.1759 -9.990e-29
 191.590104     51.429  33.874267     7.0045    2.61042     50.993    33.4199    26.1742 -9.990e-29
 191.590110     51.392  33.875242     7.0071    2.61931     50.957    33.4185    26.1727 -9.990e-29
 191.590116     51.343  33.877151     7.0098    2.61026     50.908    33.4179    26.1719 -9.990e-29
 191.590122     51.311  33.878610     7.0114    2.60808     50.876    33.4180    26.1717 -9.990e-29
 191.590127     51.306  33.879316     7.0115    2.62302     50.871    33.4187    26.1723 -9.990e-29
 191.590133     51.327  33.879081     7.0101    2.61380     50.892    33.4198    26.1733 -9.990e-29
 191.590139     51.368  33.878141     7.0079    2.63321     50.933    33.4209    26.1745 -9.990e-29
 191.590145     51.410  33.876913     7.0062    2.62698     50.975    33.4212    26.1749 -9.990e-29
 191.590150     51.434  33.876549     7.0063    2.62237     50.998    33.4206    26.1745 -9.990e-29
 191.590156     51.433  33.877112     7.0078    2.62237     50.997    33.4198    26.1736 -9.990e-29
 191.590162     51.411  33.877661     7.0091    2.61685     50.976    33.4192    26.1730 -9.990e-29
 191.590168     51.375  33.878359     7.0100    2.62033     50.940    33.4191    26.1728 -9.990e-29
 191.590174     51.332  33.879007     7.0110    2.62115     50.897    33.4188    26.1724 -9.990e-29
 191.590179     51.287  33.879338     7.0123    2.61231     50.853    33.4179    26.1716 -9.990e-29
 191.590185     51.247  33.879784     7.0135    2.60958     50.813    33.4173    26.1709 -9.990e-29
 191.590191     51.216  33.880372     7.0141    2.60993     50.782    33.4174    26.1709 -9.990e-29
 191.590197     51.203  33.880755     7.0141    2.61117     50.769    33.4178    26.1712 -9.990e-29
 191.590203     51.205  33.880873     7.0139    2.61529     50.771    33.4181    26.1715 -9.990e-29
 191.590208     51.215  33.880876     7.0139    2.60688     50.781    33.4181    26.1715 -9.990e-29
 191.590214     51.229  33.880757     7.0143    2.61397     50.795    33.4176    26.1710 -9.990e-29
 191.590220     51.252  33.880346     7.0144    2.61577     50.818    33.4170    26.1706 -9.990e-29
 191.590226     51.285  33.879645     7.0135    2.61767     50.851    33.4171    26.1707 -9.990e-29
 191.590231     51.318  33.878828     7.0124    2.61965     50.883    33.4173    26.1710 -9.990e-29
 191.590237     51.340  33.878476     7.0125    2.61632     50.905    33.4168    26.1706 -9.990e-29
 191.590243     51.349  33.879231     7.0138    2.61596     50.914    33.4163    26.1701 -9.990e-29
 191.590249     51.348  33.880407     7.0150    2.62507     50.913    33.4165    26.1700 -9.990e-29
 191.590255     51.346  33.881322     7.0157    2.61781     50.911    33.4168    26.1702 -9.990e-29
 191.590260     51.348  33.882067     7.0160    2.61579     50.913    33.4173    26.1706 -9.990e-29
 191.590266     51.346  33.882503     7.0160    2.62294     50.911    33.4178    26.1709 -9.990e-29
 191.590272     51.325  33.882641     7.0159    2.61453     50.890    33.4180    26.1712 -9.990e-29
 191.590278     51.290  33.882655     7.0160    2.62495     50.856    33.4180    26.1711 -9.990e-29
 191.590284     51.259  33.882554     7.0162    2.61570     50.825    33.4177    26.1708 -9.990e-29
 191.590289     51.248  33.882195     7.0160    2.61157     50.814    33.4175    26.1707 -9.990e-29
 191.590295     51.255  33.881650     7.0153    2.61365     50.821    33.4176    26.1709 -9.990e-29
 191.590301     51.269  33.881304     7.0149    2.61228     50.835    33.4176    26.1709 -9.990e-29
 191.590307     51.277  33.881243     7.0150    2.60742     50.843    33.4174    26.1708 -9.990e-29
 191.590313     51.281  33.881377     7.0152    2.62299     50.847    33.4174    26.1707 -9.990e-29
 191.590318     51.288  33.881874     7.0154    2.61823     50.854    33.4177    26.1710 -9.990e-29
 191.590324     51.299  33.882265     7.0156    2.62695     50.865    33.4179    26.1711 -9.990e-29
 191.590330     51.307  33.881942     7.0161    2.61980     50.872    33.4171    26.1704 -9.990e-29
 191.590336     51.307  33.881586     7.0170    2.61192     50.872    33.4158    26.1693 -9.990e-29
 191.590341     51.304  33.881829     7.0179    2.62318     50.869    33.4152    26.1687 -9.990e-29
 191.590347     51.306  33.882427     7.0183    2.61501     50.871    33.4155    26.1688 -9.990e-29
 191.590353     51.314  33.883047     7.0181    2.61633     50.879    33.4164    26.1695 -9.990e-29
 191.590359     51.319  33.883387     7.0178    2.62342     50.884    33.4170    26.1701 -9.990e-29
 191.590365     51.313  33.883143     7.0178    2.61500     50.878    33.4168    26.1699 -9.990e-29
 191.590370     51.287  33.882541     7.0185    2.61696     50.853    33.4154    26.1687 -9.990e-29
 191.590376     51.244  33.882261     7.0197    2.61428     50.810    33.4140    26.1674 -9.990e-29
 191.590382     51.206  33.882477     7.0205    2.61283     50.772    33.4135    26.1669 -9.990e-29
 191.590388     51.198  33.882716     7.0204    2.61676     50.764    33.4138    26.1672 -9.990e-29
 191.590394     51.222  33.882728     7.0196    2.61610     50.788    33.4146    26.1679 -9.990e-29
 191.590399     51.268  33.882517     7.0188    2.60741     50.834    33.4151    26.1685 -9.990e-29
 191.590405     51.317  33.882350     7.0185    2.61440     50.882    33.4152    26.1686 -9.990e-29
 191.590411     51.354  33.882553     7.0186    2.61630     50.919    33.4153    26.1686 -9.990e-29
 191.590417     51.379  33.882822     7.0187    2.61851     50.944    33.4155    26.1688 -9.990e-29
 191.590422     51.388  33.882945     7.0190    2.61998     50.953    33.4153    26.1686 -9.990e-29
 191.590428     51.377  33.883074     7.0194    2.61616     50.942    33.4151    26.1684 -9.990e-29
 191.590434     51.347  33.883368     7.0196    2.61696     50.912    33.4152    26.1684 -9.990e-29
 191.590440     51.299  33.883648     7.0199    2.61721     50.865    33.4153    26.1684 -9.990e-29
 191.590446     51.239  33.883718     7.0204    2.61721     50.805    33.4149    26.1681 -9.990e-29
 191.590451     51.171  33.883660     7.0209    2.61685     50.738    33.4144    26.1676 -9.990e-29
 191.590457     51.104  33.883383     7.0210    2.61657     50.671    33.4140    26.1673 -9.990e-29
 191.590463     51.051  33.883068     7.0208    2.61665     50.619    33.4139    26.1672 -9.990e-29
 191.590469     51.026  33.882848     7.0205    2.61712     50.594    33.4140    26.1673 -9.990e-29
 191.590475     51.035  33.882416     7.0202    2.61670     50.603    33.4138    26.1672 -9.990e-29
 191.590480     51.071  33.881745     7.0194    2.62579     50.638    33.4138    26.1673 -9.990e-29
 191.590486     51.119  33.881049     7.0180    2.62796     50.686    33.4144    26.1680 -9.990e-29
 191.590492     51.165  33.880510     7.0167    2.62793     50.732    33.4150    26.1687 -9.990e-29
 191.590498     51.194  33.880514     7.0165    2.61676     50.760    33.4152    26.1688 -9.990e-29
 191.590503     51.196  33.881055     7.0176    2.61053     50.762    33.4147    26.1683 -9.990e-29
 191.590509     51.175  33.881721     7.0192    2.61956     50.742    33.4139    26.1674 -9.990e-29
 191.590515     51.151  33.882270     7.0202    2.62352     50.718    33.4136    26.1670 -9.990e-29
 191.590521     51.135  33.882302     7.0205    2.62756     50.702    33.4133    26.1668 -9.990e-29
 191.590527     51.127  33.881850     7.0203    2.61662     50.694    33.4130    26.1666 -9.990e-29
 191.590532     51.125  33.881421     7.0199    2.61982     50.692    33.4129    26.1666 -9.990e-29
 191.590538     51.126  33.880992     7.0196    2.61309     50.693    33.4127    26.1665 -9.990e-29
 191.590544     51.121  33.880538     7.0194    2.61309     50.688    33.4124    26.1663 -9.990e-29
 191.590550     51.101  33.880563     7.0195    2.63260     50.668    33.4124    26.1662 -9.990e-29
 191.590556     51.065  33.881088     7.0197    2.62636     50.633    33.4128    26.1665 -9.990e-29
 191.590561     51.023  33.881682     7.0199    2.61957     50.591    33.4133    26.1668 -9.990e-29
 191.590567     50.990  33.882006     7.0202    2.62253     50.558    33.4133    26.1669 -9.990e-29
 191.590573     50.977  33.881919     7.0205    2.61776     50.545    33.4130    26.1665 -9.990e-29
 191.590579     50.982  33.881855     7.0205    2.61512     50.550    33.4129    26.1665 -9.990e-29
 191.590584     50.998  33.881718     7.0206    2.63246     50.566    33.4126    26.1663 -9.990e-29
 191.590590     51.012  33.881315     7.0210    2.62415     50.580    33.4118    26.1655 -9.990e-29
 191.590596     51.017  33.881216     7.0212    2.62418     50.585    33.4115    26.1653 -9.990e-29
 191.590602     51.022  33.881278     7.0210    2.62499     50.590    33.4118    26.1655 -9.990e-29
 191.590608     51.035  33.881010     7.0200    2.61850     50.603    33.4124    26.1662 -9.990e-29
 191.590613     51.054  33.880604     7.0190    2.62311     50.622    33.4129    26.1667 -9.990e-29
 191.590619     51.066  33.880628     7.0188    2.62236     50.634    33.4132    26.1669 -9.990e-29
 191.590625     51.061  33.881101     7.0193    2.63124     50.629    33.4132    26.1669 -9.990e-29
 191.590631     51.036  33.881521     7.0199    2.63373     50.604    33.4131    26.1667 -9.990e-29
 191.590637     51.004  33.881876     7.0204    2.62471     50.572    33.4130    26.1666 -9.990e-29
 191.590642     50.983  33.882071     7.0207    2.62921     50.551    33.4129    26.1665 -9.990e-29
 191.590648     50.986  33.881794     7.0205    2.61894     50.554    33.4128    26.1664 -9.990e-29
 191.590654     51.004  33.881226     7.0197    2.62803     50.572    33.4130    26.1666 -9.990e-29
 191.590660     51.025  33.880717     7.0191    2.63214     50.593    33.4130    26.1667 -9.990e-29
 191.590666     51.038  33.880698     7.0191    2.63826     50.606    33.4130    26.1667 -9.990e-29
 191.590671     51.030  33.881130     7.0195    2.63379     50.598    33.4130    26.1667 -9.990e-29
 191.590677     51.002  33.881454     7.0199    2.62778     50.570    33.4130    26.1667 -9.990e-29
 191.590683     50.964  33.881531     7.0201    2.63438     50.532    33.4129    26.1666 -9.990e-29
 191.590689     50.932  33.881454     7.0200    2.62592     50.501    33.4130    26.1666 -9.990e-29
 191.590694     50.915  33.881110     7.0196    2.61903     50.484    33.4130    26.1667 -9.990e-29
 191.590700     50.917  33.880591     7.0191    2.62419     50.486    33.4129    26.1667 -9.990e-29
 191.590706     50.929  33.880314     7.0186    2.62428     50.498    33.4131    26.1669 -9.990e-29
 191.590712     50.936  33.880456     7.0185    2.62103     50.505    33.4133    26.1671 -9.990e-29
 191.590718     50.930  33.880634     7.0189    2.62092     50.499    33.4131    26.1669 -9.990e-29
 191.590723     50.917  33.880515     7.0193    2.63484     50.486    33.4126    26.1664 -9.990e-29
 191.590729     50.915  33.880487     7.0195    2.63177     50.484    33.4124    26.1662 -9.990e-29
 191.590735     50.933  33.880505     7.0196    2.63375     50.502    33.4123    26.1661 -9.990e-29
 191.590741     50.966  33.880021     7.0194    2.63878     50.534    33.4120    26.1659 -9.990e-29
 191.590747     51.004  33.879497     7.0187    2.62648     50.572    33.4120    26.1660 -9.990e-29
 191.590752     51.037  33.879344     7.0179    2.62866     50.605    33.4126    26.1666 -9.990e-29
 191.590758     51.058  33.879344     7.0176    2.62612     50.626    33.4129    26.1669 -9.990e-29
 191.590764     51.061  33.879487     7.0181    2.62486     50.629    33.4126    26.1666 -9.990e-29
 191.590770     51.044  33.879951     7.0191    2.62885     50.612    33.4121    26.1661 -9.990e-29
 191.590775     51.016  33.880782     7.0198    2.62876     50.584    33.4124    26.1662 -9.990e-29
 191.590781     50.984  33.881397     7.0200    2.62860     50.552    33.4129    26.1665 -9.990e-29
 191.590787     50.959  33.881485     7.0201    2.63699     50.527    33.4129    26.1665 -9.990e-29
 191.590793     50.950  33.881151     7.0200    2.63050     50.519    33.4126    26.1663 -9.990e-29
