data/oxygen options/OCNMS/OCNMS1/raw_data/2007/CTD_TH042_080807faedb.cnv
* Sea-Bird SBE19 Data File:
* FileName = C:\2007_mooring_data\CTD_TH042_080807.hex
* Software Version 1.1.6
* Temperature SN = 2997
* Conductivity SN = 2997
* System UpLoad Time = Aug 08 2007 12:01:34
* SEACAT PROFILER V3.1c SN 2997   08/08/07  12:01:17.177
* strain gauge pressure sensor: S/N = 184829,  range = 3000 psia,  tc = 40
# nquan = 9
# nvalues = 41                          
# units = specified
# name 0 = timeJ: Julian Days
# name 1 = prSM: Pressure, Strain Gauge [db]
# name 2 = c0mS/cm: Conductivity [mS/cm]
# name 3 = t090C: Temperature [ITS-90, deg C]
# name 4 = oxML/L: Oxygen, Beckman/YSI [ml/l]
# name 5 = depSM: Depth [salt water, m], lat = 47.5
# name 6 = sal00: Salinity, Practical [PSU]
# name 7 = sigma-é00: Density [sigma-theta, kg/m^3]
# name 8 = flag: flag
# span 0 = 220.476224, 220.478997       
# span 1 =      1.000,     41.000       
# span 2 =  27.252029,  42.990383       
# span 3 =     7.1009,    12.1440       
# span 4 =   -0.06071,    8.40443       
# span 5 =      0.992,     40.654       
# span 6 =    22.7959,    37.8613       
# span 7 =    17.1076,    28.8306       
# span 8 = 0.0000e+00, 0.0000e+00       
# interval = decibars: 1                
# start_time = Aug 08 2007 11:07:41 [Instrument's time stamp, header]
# bad_flag = -9.990e-29
*END*
 220.476224      1.000  27.252029    12.1440   -0.06071      0.992    22.7959    17.1076 0.0000e+00
 220.476257      2.000  42.990383    11.8198   -0.06053      1.984    37.8613    28.8306 0.0000e+00
 220.478313      3.000  36.902451    11.8588    7.96100      2.975    32.1149    24.3754 0.0000e+00
 220.478521      4.000  36.958638    11.7923    8.40443      3.967    32.2264    24.4741 0.0000e+00
 220.478543      5.000  36.881366    11.6562    7.72289      4.958    32.2691    24.5322 0.0000e+00
 220.478562      6.000  36.687891    11.2866    7.33711      5.950    32.4028    24.7028 0.0000e+00
 220.478580      7.000  36.423695    10.9465    6.92932      6.941    32.4415    24.7933 0.0000e+00
 220.478598      8.000  36.307104    10.6720    6.53329      7.933    32.5692    24.9405 0.0000e+00
 220.478613      9.000  36.087750    10.3236    6.21373      8.925    32.6609    25.0717 0.0000e+00
 220.478627     10.000  35.935357    10.0999    5.97545      9.916    32.7084    25.1465 0.0000e+00
 220.478641     11.000  35.783406     9.8550    5.56222     10.908    32.7758    25.2398 0.0000e+00
 220.478656     12.000  35.593581     9.5926    5.06848     11.899    32.8208    25.3179 0.0000e+00
 220.478670     13.000  35.419149     9.2154    4.59853     12.891    32.9876    25.5088 0.0000e+00
 220.478683     14.000  35.098989     8.7776    4.23300     13.883    33.0607    25.6345 0.0000e+00
 220.478696     15.000  34.801451     8.4747    4.05610     14.874    33.0310    25.6576 0.0000e+00
 220.478710     16.000  34.654022     8.1933    3.94092     15.866    33.1393    25.7845 0.0000e+00
 220.478724     17.000  34.485830     7.9509    3.87673     16.858    33.1892    25.8593 0.0000e+00
 220.478737     18.000  34.357992     7.7612    3.86371     17.849    33.2323    25.9205 0.0000e+00
 220.478749     19.000  34.228036     7.5956    3.87604     18.840    33.2502    25.9583 0.0000e+00
 220.478762     20.000  34.100960     7.4479    3.87842     19.832    33.2539    25.9820 0.0000e+00
 220.478774     21.000  34.026979     7.3465    3.86937     20.824    33.2706    26.0093 0.0000e+00
 220.478786     22.000  33.985718     7.2686    3.85657     21.815    33.3003    26.0435 0.0000e+00
 220.478797     23.000  33.974743     7.2188    3.79647     22.807    33.3359    26.0785 0.0000e+00
 220.478807     24.000  33.988722     7.1917    3.66036     23.798    33.3769    26.1143 0.0000e+00
 220.478817     25.000  34.015283     7.1828    3.52844     24.790    33.4139    26.1448 0.0000e+00
 220.478827     26.000  34.064786     7.1851    3.41504     25.782    33.4652    26.1849 0.0000e+00
 220.478838     27.000  34.109057     7.1868    3.32927     26.773    33.5114    26.2210 0.0000e+00
 220.478848     28.000  34.140385     7.1799    3.20799     27.764    33.5518    26.2538 0.0000e+00
 220.478858     29.000  34.158452     7.1628    3.04055     28.756    33.5876    26.2843 0.0000e+00
 220.478868     30.000  34.176893     7.1307    2.92179     29.747    33.6386    26.3289 0.0000e+00
 220.478877     31.000  34.199785     7.1076    2.85958     30.739    33.6857    26.3691 0.0000e+00
 220.478887     32.000  34.211694     7.1022    2.84787     31.730    33.7035    26.3839 0.0000e+00
 220.478897     33.000  34.215256     7.1028    2.84119     32.722    33.7063    26.3861 0.0000e+00
 220.478908     34.000  34.216915     7.1037    2.84120     33.713    33.7068    26.3863 0.0000e+00
 220.478920     35.000  34.217023     7.1023    2.84178     34.705    33.7077    26.3872 0.0000e+00
 220.478931     36.000  34.216106     7.1009    2.82599     35.697    33.7076    26.3874 0.0000e+00
 220.478943     37.000  34.215936     7.1017    2.81468     36.688    33.7062    26.3861 0.0000e+00
 220.478955     38.000  34.216173     7.1027    2.81494     37.679    33.7049    26.3851 0.0000e+00
 220.478967     39.000  34.216403     7.1045    2.80250     38.671    33.7030    26.3833 0.0000e+00
 220.478980     40.000  34.216136     7.1034    2.80626     39.662    33.7033    26.3837 0.0000e+00
 220.478997     41.000  34.216955     7.1026    2.79990     40.654    33.7044    26.3847 0.0000e+00
