data/oxygen options/OCNMS/OCNMS1/raw_data/2007/CTD_CA065_091007faed.cnv
* Sea-Bird SBE19 Data File:
* FileName = C:\2007_mooring_data\CTD_CA065_091007.hex
* Software Version 1.20
* Temperature SN = 2997
* Conductivity SN = 2997
* System UpLoad Time = Sep 10 2007 15:16:55
* SEACAT PROFILER V3.1c SN 2997   09/10/07  15:16:42.932
* strain gauge pressure sensor: S/N = 184829,  range = 3000 psia,  tc = 40
# nquan = 9                                 
# nvalues = 2087                        
# units = specified
# name 0 = timeJ: Julian Days
# name 1 = prSM: Pressure, Strain Gauge [db]
# name 2 = c0mS/cm: Conductivity [mS/cm]
# name 3 = t090C: Temperature [ITS-90, deg C]
# name 4 = oxML/L: Oxygen, Beckman/YSI [ml/l]
# name 5 = depSM: Depth [salt water, m], lat = 47.5
# name 6 = sal00: Salinity, Practical [PSU]
# name 7 = sigma-é00: Density [sigma-theta, kg/m^3]
# name 8 = flag: flag
# span 0 = 253.603600, 253.615671       
# span 1 =     -5.554,     64.395       
# span 2 =   0.664773,  39.088734       
# span 3 =     7.1471,    17.9309       
# span 4 =   -0.06316,   30.06822       
# span 5 =     -5.508,     63.848       
# span 6 =     0.3789,    33.9180       
# span 7 =    -1.0848,    26.5451       
# span 8 = 0.0000e+00, 0.0000e+00       
# interval = seconds: 0.5
# start_time = Sep 10 2007 14:29:11 [Instrument's time stamp, header]
# bad_flag = -9.990e-29
*END*
 253.603600     -5.523 -9.990e-29    17.8431   -0.06305     -5.477 -9.990e-29 -9.990e-29 -9.990e-29
 253.603605     -5.541   0.664773    17.8527   -0.06301     -5.495     0.3789    -1.0848 -9.990e-29
 253.603611     -5.553   0.670974    17.8603   -0.06303     -5.507     0.3825    -1.0835 -9.990e-29
 253.603617     -5.554   0.681076    17.8671   -0.06301     -5.508     0.3883    -1.0802 -9.990e-29
 253.603623     -5.545   0.688586    17.8733   -0.06302     -5.499     0.3927    -1.0780 -9.990e-29
 253.603628     -5.529   0.689105    17.8773   -0.06299     -5.483     0.3930    -1.0785 -9.990e-29
 253.603634     -5.515   0.686657    17.8791   -0.06298     -5.469     0.3915    -1.0800 -9.990e-29
 253.603640     -5.501   0.689067    17.8839   -0.06297     -5.455     0.3929    -1.0798 -9.990e-29
 253.603646     -5.481   0.704533    17.8960   -0.06298     -5.435     0.4019    -1.0751 -9.990e-29
 253.603652     -5.460   0.737038    17.9115   -0.06301     -5.415     0.4210    -1.0633 -9.990e-29
 253.603657     -5.440   0.780576    17.9228   -0.06301     -5.395     0.4466    -1.0457 -9.990e-29
 253.603663     -5.419   0.820558    17.9284   -0.06300     -5.374     0.4703    -1.0286 -9.990e-29
 253.603669     -5.397   0.844861    17.9309   -0.06297     -5.352     0.4848    -1.0180 -9.990e-29
 253.603675     -5.372   0.855390    17.9302   -0.06295     -5.327     0.4911    -1.0130 -9.990e-29
 253.603681     -5.346   0.871731    17.9276   -0.06296     -5.301     0.5008    -1.0050 -9.990e-29
 253.603686     -5.322   0.920660    17.9260   -0.06300     -5.278     0.5301    -0.9823 -9.990e-29
 253.603692     -5.300   0.995327    17.9236   -0.06301     -5.256     0.5749    -0.9474 -9.990e-29
 253.603698     -5.277   1.054429    17.9163   -0.06304     -5.233     0.6106    -0.9187 -9.990e-29
 253.603704     -5.251   1.087483    17.9061   -0.06309     -5.207     0.6308    -0.9014 -9.990e-29
 253.603709     -5.226   1.115267    17.8996   -0.06312     -5.182     0.6477    -0.8872 -9.990e-29
 253.603715     -5.200   1.146542    17.8995   -0.06316     -5.157     0.6666    -0.8726 -9.990e-29
 253.603721     -5.167   1.180858    17.9047   -0.05807     -5.124     0.6874    -0.8577 -9.990e-29
 253.603727     -5.130   1.214608    17.9091   -0.05477     -5.087     0.7079    -0.8428 -9.990e-29
 253.603733     -5.093   1.238439    17.9053   -0.05631     -5.051     0.7224    -0.8309 -9.990e-29
 253.603738     -5.065   1.247519    17.8953   -0.05670     -5.023     0.7281    -0.8247 -9.990e-29
 253.603744     -5.037   1.247854    17.8835   -0.05693     -4.995     0.7286    -0.8222 -9.990e-29
 253.603750     -4.997   1.252649    17.8659   -0.05715     -4.955     0.7318    -0.8165 -9.990e-29
 253.603756     -4.946   1.293811    17.8339   -0.05731     -4.905     0.7575    -0.7908 -9.990e-29
 253.603762     -4.892   1.463385    17.7665   -0.05732     -4.851     0.8631    -0.6974 -9.990e-29
 253.603767     -4.838   2.054024    17.5977   -0.05722     -4.798     1.2372    -0.3798 -9.990e-29
 253.603773     -4.775   3.943094    17.1342   -0.05734     -4.735     2.4937     0.6661 -9.990e-29
 253.603779     -4.696   9.700932    16.2948   -0.05747     -4.657     6.6670     4.0065 -9.990e-29
 253.603785     -4.599  20.390589    15.4279   -0.05756     -4.561    15.2377    10.7149 -9.990e-29
 253.603791     -4.482  30.888825    14.8626   -0.05773     -4.445    24.3777    17.8278 -9.990e-29
 253.603796     -4.347  36.351375    14.5347   -0.05776     -4.311    29.4384    21.7853 -9.990e-29
 253.603802     -4.206  38.103507    14.3096   -0.05789     -4.171    31.2004    23.1892 -9.990e-29
 253.603808     -4.068  38.701745    14.1707   -0.05763     -4.034    31.8605    23.7270 -9.990e-29
 253.603814     -3.933  38.968437    14.1271   -0.05762     -3.900    32.1414    23.9527 -9.990e-29
 253.603819     -3.808  39.088734    14.1304   -0.05762     -3.776    32.2492    24.0352 -9.990e-29
 253.603825     -3.703  39.080078    14.0980   -0.05797     -3.672    32.2683    24.0566 -9.990e-29
 253.603831     -3.612  38.978651    14.0121   -0.05823     -3.582    32.2468    24.0578 -9.990e-29
 253.603837     -3.525  38.897138    13.9092   -0.05822     -3.496    32.2579    24.0874 -9.990e-29
 253.603843     -3.439  38.908597    13.8131   -0.05817     -3.410    32.3494    24.1776 -9.990e-29
 253.603848     -3.364  38.954336    13.7426   -0.05818     -3.336    32.4513    24.2708 -9.990e-29
 253.603854     -3.305  38.998935    13.7455   -0.05840     -3.277    32.4902    24.3002 -9.990e-29
 253.603860     -3.261  39.038541    13.8134   -0.05876     -3.234    32.4694    24.2703 -9.990e-29
 253.603866     -3.223  38.990306    13.8342   -0.05876     -3.196    32.4071    24.2180 -9.990e-29
 253.603872     -3.190  38.875213    13.7409   -0.05873     -3.163    32.3793    24.2154 -9.990e-29
 253.603877     -3.159  38.854464    13.5883   -0.05864     -3.133    32.4893    24.3314 -9.990e-29
 253.603883     -3.133  38.949252    13.4897   -0.05879     -3.107    32.6619    24.4846 -9.990e-29
 253.603889     -3.114  38.989376    13.4814   -0.05879     -3.088    32.7065    24.5208 -9.990e-29
 253.603895     -3.097  38.860700    13.4895   -0.05875     -3.071    32.5793    24.4208 -9.990e-29
 253.603900     -3.076  38.655238    13.4419   -0.05865     -3.050    32.4279    24.3133 -9.990e-29
 253.603906     -3.054  38.520768    13.3202   -0.05880     -3.029    32.4056    24.3204 -9.990e-29
 253.603912     -3.035  38.469832    13.1686   -0.05881     -3.010    32.4872    24.4136 -9.990e-29
 253.603918     -3.017  38.449151    13.0626   -0.05885     -2.992    32.5586    24.4897 -9.990e-29
 253.603924     -2.999  38.493981    13.0454   -0.05884     -2.974    32.6156    24.5373 -9.990e-29
 253.603929     -2.979  38.611977    13.0869   -0.05884     -2.954    32.6912    24.5876 -9.990e-29
 253.603935     -2.961  38.636986    13.1215   -0.05891     -2.936    32.6849    24.5759 -9.990e-29
 253.603941     -2.948  38.474579    13.1328   -0.05894     -2.923    32.5223    24.4478 -9.990e-29
 253.603947     -2.935  38.269373    13.1196   -0.05893     -2.911    32.3404    24.3097 -9.990e-29
 253.603953     -2.916  38.184596    13.0780   -0.05896     -2.892    32.2960    24.2835 -9.990e-29
 253.603958     -2.895  38.278277    13.0457   -0.05906     -2.871    32.4118    24.3795 -9.990e-29
 253.603964     -2.875  38.440463    13.0545   -0.05903     -2.851    32.5573    24.4903 -9.990e-29
 253.603970     -2.854  38.463028    13.0812   -0.05890     -2.830    32.5556    24.4838 -9.990e-29
 253.603976     -2.836  38.320611    13.0811   -0.05893     -2.812    32.4215    24.3800 -9.990e-29
 253.603981     -2.819  38.156989    13.0379   -0.05903     -2.795    32.3041    24.2977 -9.990e-29
 253.603987     -2.793  38.113446    12.9774   -0.05905     -2.770    32.3146    24.3177 -9.990e-29
 253.603993     -2.761  38.208800    12.9398   -0.05898     -2.738    32.4369    24.4196 -9.990e-29
 253.603999     -2.735  38.331967    12.9406   -0.05892     -2.712    32.5526    24.5091 -9.990e-29
 253.604005     -2.716  38.384271    12.9608   -0.05900     -2.693    32.5847    24.5300 -9.990e-29
 253.604010     -2.704  38.322814    12.9730   -0.05905     -2.681    32.5161    24.4745 -9.990e-29
 253.604016     -2.693  38.170560    12.9713   -0.05902     -2.671    32.3737    24.3646 -9.990e-29
 253.604022     -2.678  38.053671    12.9626   -0.05899     -2.656    32.2708    24.2866 -9.990e-29
 253.604028     -2.659  38.088269    12.9556   -0.05900     -2.637    32.3094    24.3179 -9.990e-29
 253.604034     -2.638  38.198888    12.9577   -0.05897     -2.616    32.4121    24.3970 -9.990e-29
 253.604039     -2.619  38.212395    12.9667   -0.05894     -2.597    32.4172    24.3991 -9.990e-29
 253.604045     -2.595  38.122754    12.9688   -0.05893     -2.573    32.3307    24.3318 -9.990e-29
 253.604051     -2.566  38.064476    12.9568   -0.05879     -2.545    32.2859    24.2994 -9.990e-29
 253.604057     -2.538  38.110170    12.9425   -0.05870     -2.517    32.3413    24.3451 -9.990e-29
 253.604063     -2.514  38.181787    12.9352   -0.05867     -2.493    32.4152    24.4037 -9.990e-29
 253.604068     -2.493  38.177535    12.9286   -0.05862     -2.472    32.4168    24.4063 -9.990e-29
 253.604074     -2.472  38.144502    12.9179   -0.05868     -2.451    32.3947    24.3913 -9.990e-29
 253.604080     -2.450  38.174381    12.9175   -0.05887     -2.430    32.4233    24.4135 -9.990e-29
 253.604086     -2.427  38.250447    12.9413   -0.05894     -2.407    32.4748    24.4487 -9.990e-29
 253.604091     -2.400  38.293096    12.9757   -0.05875     -2.380    32.4856    24.4503 -9.990e-29
 253.604097     -2.372  38.274037    13.0166   -0.05886     -2.352    32.4325    24.4012 -9.990e-29
 253.604103     -2.350  38.249217    13.0795   -0.05900     -2.330    32.3554    24.3292 -9.990e-29
 253.604109     -2.333  38.253448    13.1371   -0.05890     -2.314    32.3103    24.2829 -9.990e-29
 253.604115     -2.315  38.248147    13.1592   -0.05899     -2.296    32.2865    24.2602 -9.990e-29
 253.604120     -2.299  38.252114    13.1564   -0.05908     -2.280    32.2926    24.2654 -9.990e-29
 253.604126     -2.289  38.300986    13.1349   -0.05907     -2.270    32.3568    24.3194 -9.990e-29
 253.604132     -2.284  38.329923    13.1100   -0.05895     -2.265    32.4053    24.3618 -9.990e-29
 253.604138     -2.283  38.269367    13.1117   -0.05901     -2.264    32.3469    24.3162 -9.990e-29
 253.604144     -2.283  38.133939    13.1190   -0.05905     -2.264    32.2132    24.2114 -9.990e-29
 253.604149     -2.274  38.021193    13.0824   -0.05898     -2.255    32.1382    24.1606 -9.990e-29
 253.604155     -2.252  37.993904    13.0227   -0.05898     -2.233    32.1631    24.1915 -9.990e-29
 253.604161     -2.220  38.031455    12.9895   -0.05906     -2.201    32.2267    24.2473 -9.990e-29
 253.604167     -2.189  38.107722    12.9852   -0.05910     -2.171    32.3023    24.3066 -9.990e-29
 253.604172     -2.165  38.144483    12.9962   -0.05912     -2.147    32.3276    24.3241 -9.990e-29
 253.604178     -2.146  38.054577    13.0141   -0.05913     -2.128    32.2276    24.2431 -9.990e-29
 253.604184     -2.128  37.909359    13.0214   -0.05911     -2.110    32.0845    24.1310 -9.990e-29
 253.604190     -2.101  37.842104    13.0041   -0.05907     -2.083    32.0358    24.0966 -9.990e-29
 253.604196     -2.066  37.870280    12.9803   -0.05907     -2.049    32.0825    24.1374 -9.990e-29
 253.604201     -2.035  37.936780    12.9655   -0.05911     -2.018    32.1577    24.1986 -9.990e-29
 253.604207     -2.014  38.012043    12.9568   -0.05914     -1.997    32.2362    24.2610 -9.990e-29
 253.604213     -2.007  38.081551    12.9599   -0.05909     -1.990    32.2992    24.3091 -9.990e-29
 253.604219     -2.008  38.082753    12.9720   -0.05912     -1.991    32.2900    24.2996 -9.990e-29
 253.604225     -2.008  37.976949    12.9730   -0.05911     -1.991    32.1893    24.2215 -9.990e-29
 253.604230     -2.000  37.835597    12.9591   -0.05911     -1.983    32.0677    24.1301 -9.990e-29
 253.604236     -1.983  37.768526    12.9482   -0.05915     -1.966    32.0136    24.0904 -9.990e-29
 253.604242     -1.965  37.799611    12.9523   -0.05916     -1.949    32.0395    24.1096 -9.990e-29
 253.604248     -1.947  37.863285    12.9674   -0.05910     -1.931    32.0868    24.1433 -9.990e-29
 253.604253     -1.931  37.883616    12.9796   -0.05914     -1.915    32.0956    24.1477 -9.990e-29
 253.604259     -1.913  37.831156    12.9791   15.52965     -1.897    32.0465    24.1099 -9.990e-29
 253.604265     -1.894  37.752627    12.9676   28.03366     -1.878    31.9822    24.0623 -9.990e-29
 253.604271     -1.872  37.728936    12.9541   30.06822     -1.856    31.9713    24.0565 -9.990e-29
 253.604277     -1.850  37.770602    12.9486   26.91226     -1.835    32.0152    24.0916 -9.990e-29
 253.604282     -1.835  37.816639    12.9528   18.04929     -1.820    32.0551    24.1216 -9.990e-29
 253.604288     -1.826  37.826462    12.9589   14.05579     -1.811    32.0592    24.1236 -9.990e-29
 253.604294     -1.814  37.790245    12.9619   13.93798     -1.799    32.0225    24.0946 -9.990e-29
 253.604300     -1.794  37.736563    12.9626    8.23506     -1.779    31.9713    24.0548 -9.990e-29
 253.604306     -1.768  37.723953    12.9648    3.69776     -1.753    31.9575    24.0437 -9.990e-29
 253.604311     -1.745  37.739588    12.9716    1.76197     -1.730    31.9665    24.0494 -9.990e-29
 253.604317     -1.726  37.716365    12.9773    2.03659     -1.712    31.9398    24.0276 -9.990e-29
 253.604323     -1.711  37.648637    12.9655    4.67069     -1.697    31.8859    23.9882 -9.990e-29
 253.604329     -1.698  37.570650    12.9323    6.00338     -1.684    31.8403    23.9594 -9.990e-29
 253.604334     -1.687  37.508488    12.9028    6.45763     -1.673    31.8065    23.9389 -9.990e-29
 253.604340     -1.677  37.483462    12.8935    6.74326     -1.663    31.7907    23.9285 -9.990e-29
 253.604346     -1.668  37.486824    12.8928    6.89870     -1.654    31.7945    23.9315 -9.990e-29
 253.604352     -1.657  37.488291    12.8870    6.98946     -1.643    31.8007    23.9375 -9.990e-29
 253.604358     -1.646  37.476361    12.8744    7.01345     -1.632    31.8000    23.9394 -9.990e-29
 253.604363     -1.634  37.459229    12.8635    7.02898     -1.620    31.7930    23.9361 -9.990e-29
 253.604369     -1.623  37.449359    12.8661    7.05970     -1.609    31.7815    23.9267 -9.990e-29
 253.604375     -1.622  37.454324    12.8870    7.11619     -1.608    31.7686    23.9127 -9.990e-29
 253.604381     -1.631  37.467841    12.9126    7.14419     -1.617    31.7599    23.9010 -9.990e-29
 253.604387     -1.637  37.477661    12.9245    7.11608     -1.623    31.7592    23.8981 -9.990e-29
 253.604392     -1.632  37.476140    12.9197    7.10304     -1.618    31.7618    23.9010 -9.990e-29
 253.604398     -1.621  37.466297    12.9084    7.08914     -1.607    31.7620    23.9034 -9.990e-29
 253.604404     -1.606  37.465273    12.9055    7.07744     -1.593    31.7634    23.9051 -9.990e-29
 253.604410     -1.587  37.481224    12.9161    7.08102     -1.574    31.7696    23.9078 -9.990e-29
 253.604416     -1.567  37.500657    12.9278    7.12184     -1.554    31.7781    23.9121 -9.990e-29
 253.604421     -1.549  37.506878    12.9228    7.18681     -1.536    31.7881    23.9208 -9.990e-29
 253.604427     -1.532  37.495847    12.9018    7.19524     -1.519    31.7953    23.9305 -9.990e-29
 253.604433     -1.515  37.489853    12.8856    7.14515     -1.502    31.8033    23.9398 -9.990e-29
 253.604439     -1.496  37.499955    12.8882    7.07974     -1.484    31.8106    23.9450 -9.990e-29
 253.604444     -1.479  37.507660    12.9084    7.06960     -1.467    31.8009    23.9335 -9.990e-29
 253.604450     -1.466  37.518749    12.9500    7.09622     -1.454    31.7764    23.9065 -9.990e-29
 253.604456     -1.458  37.557532    13.0123    7.10584     -1.446    31.7607    23.8822 -9.990e-29
 253.604462     -1.449  37.620786    13.0658    7.08980     -1.437    31.7753    23.8831 -9.990e-29
 253.604468     -1.434  37.668408    13.0846    7.05669     -1.422    31.8043    23.9018 -9.990e-29
 253.604473     -1.417  37.675338    13.0900    7.04173     -1.405    31.8063    23.9023 -9.990e-29
 253.604479     -1.401  37.673245    13.1134    7.01886     -1.389    31.7847    23.8810 -9.990e-29
 253.604485     -1.385  37.695770    13.1443    6.96648     -1.373    31.7800    23.8713 -9.990e-29
 253.604491     -1.368  37.726412    13.1589    6.94066     -1.357    31.7965    23.8812 -9.990e-29
 253.604497     -1.349  37.737078    13.1554    6.95845     -1.338    31.8094    23.8919 -9.990e-29
 253.604502     -1.330  37.727420    13.1437    6.99251     -1.319    31.8101    23.8948 -9.990e-29
 253.604508     -1.316  37.706419    13.1304    7.03964     -1.305    31.8016    23.8908 -9.990e-29
 253.604514     -1.304  37.678580    13.1121    7.06010     -1.293    31.7908    23.8860 -9.990e-29
 253.604520     -1.295  37.633686    13.0725    7.05514     -1.284    31.7818    23.8868 -9.990e-29
