data/oxygen options/OCNMS/OCNMS1/raw_data/2007/CTD_TH065_051007faed.cnv
* Sea-Bird SBE19 Data File:
* FileName = C:\2007_mooring_data\CTD_TH065_051007.hex
* Software Version 1.1.6
* Temperature SN = 2997
* Conductivity SN = 2997
* System UpLoad Time = May 10 2007 10:23:44
* SEACAT PROFILER V3.1c SN 2997   05/10/07  10:23:18.737
* strain gauge pressure sensor: S/N = 184829,  range = 3000 psia,  tc = 40
# nquan = 9                                 
# nvalues = 2355                        
# units = specified
# name 0 = timeJ: Julian Days
# name 1 = prSM: Pressure, Strain Gauge [db]
# name 2 = c0mS/cm: Conductivity [mS/cm]
# name 3 = t090C: Temperature [ITS-90, deg C]
# name 4 = oxML/L: Oxygen, Beckman/YSI [ml/l]
# name 5 = depSM: Depth [salt water, m], lat = 47.5
# name 6 = sal00: Salinity, Practical [PSU]
# name 7 = sigma-é00: Density [sigma-theta, kg/m^3]
# name 8 = flag: flag
# span 0 = 130.386458, 130.400081       
# span 1 =     -4.990,     65.039       
# span 2 =  -0.001514,  34.665530       
# span 3 =     7.5441,    11.9896       
# span 4 =  -13.13037,   37.04090       
# span 5 =     -4.948,     64.486       
# span 6 =     0.0000,    33.7458       
# span 7 =    -0.4995,    26.3557       
# span 8 = 0.0000e+00, 0.0000e+00       
# interval = seconds: 0.5
# start_time = May 10 2007 09:16:30 [Instrument's time stamp, header]
# bad_flag = -9.990e-29
*END*
[from data line 641]
 130.390168     63.640  34.660608     7.5609    2.71840     63.099    33.7294    26.3405 -9.990e-29
 130.390174     63.431  34.659364     7.5613    2.71530     62.892    33.7278    26.3392 -9.990e-29
 130.390179     63.223  34.658822     7.5612    2.72102     62.686    33.7274    26.3389 -9.990e-29
 130.390185     63.015  34.658269     7.5609    2.73015     62.480    33.7272    26.3388 -9.990e-29
 130.390191     62.808  34.657537     7.5609    2.73857     62.274    33.7265    26.3382 -9.990e-29
 130.390197     62.604  34.656781     7.5618    2.76009     62.072    33.7249    26.3368 -9.990e-29
 130.390203     62.413  34.655564     7.5638    2.76695     61.883    33.7217    26.3341 -9.990e-29
 130.390208     62.249  34.653392     7.5667    2.78925     61.720    33.7167    26.3296 -9.990e-29
 130.390214     62.121  34.650744     7.5708    2.80463     61.593    33.7099    26.3237 -9.990e-29
 130.390220     62.039  34.646340     7.5763    2.81627     61.512    33.6998    26.3150 -9.990e-29
 130.390226     62.003  34.639926     7.5822    2.82696     61.476    33.6872    26.3043 -9.990e-29
 130.390231     61.996  34.635293     7.5875    2.81637     61.469    33.6770    26.2955 -9.990e-29
 130.390237     62.007  34.634120     7.5908    2.81408     61.480    33.6726    26.2915 -9.990e-29
 130.390243     62.026  34.635411     7.5919    2.81248     61.499    33.6729    26.2916 -9.990e-29
 130.390249     62.047  34.636973     7.5919    2.80671     61.520    33.6746    26.2930 -9.990e-29
 130.390255     62.062  34.636972     7.5915    2.81422     61.535    33.6750    26.2933 -9.990e-29
 130.390260     62.068  34.636536     7.5905    2.79260     61.541    33.6754    26.2939 -9.990e-29
 130.390266     62.069  34.636773     7.5889    2.78479     61.542    33.6773    26.2955 -9.990e-29
 130.390272     62.071  34.637449     7.5876    2.76569     61.544    33.6792    26.2972 -9.990e-29
 130.390278     62.072  34.638352     7.5858    2.75288     61.545    33.6820    26.2996 -9.990e-29
 130.390284     62.082  34.640134     7.5820    2.74994     61.555    33.6876    26.3046 -9.990e-29
 130.390289     62.110  34.642935     7.5776    2.75219     61.582    33.6948    26.3109 -9.990e-29
 130.390295     62.150  34.644896     7.5751    2.75339     61.622    33.6994    26.3149 -9.990e-29
 130.390301     62.194  34.645275     7.5748    2.74883     61.666    33.7001    26.3154 -9.990e-29
 130.390307     62.246  34.645143     7.5756    2.74243     61.717    33.6991    26.3146 -9.990e-29
 130.390312     62.297  34.645452     7.5766    2.74228     61.768    33.6984    26.3139 -9.990e-29
 130.390318     62.328  34.646622     7.5776    2.74826     61.798    33.6987    26.3140 -9.990e-29
 130.390324     62.333  34.647419     7.5781    2.75354     61.803    33.6991    26.3142 -9.990e-29
 130.390330     62.316  34.646672     7.5773    2.74125     61.787    33.6991    26.3143 -9.990e-29
 130.390336     62.288  34.645636     7.5748    2.72779     61.759    33.7004    26.3157 -9.990e-29
 130.390341     62.267  34.646303     7.5715    2.71761     61.738    33.7043    26.3193 -9.990e-29
 130.390347     62.261  34.648448     7.5687    2.71105     61.732    33.7094    26.3236 -9.990e-29
 130.390353     62.273  34.650457     7.5670    2.71013     61.744    33.7132    26.3269 -9.990e-29
 130.390359     62.288  34.651652     7.5668    2.71416     61.759    33.7147    26.3281 -9.990e-29
 130.390365     62.301  34.651953     7.5672    2.71123     61.772    33.7146    26.3279 -9.990e-29
 130.390370     62.315  34.651769     7.5668    2.70694     61.786    33.7148    26.3282 -9.990e-29
 130.390376     62.332  34.651986     7.5658    2.70834     61.802    33.7160    26.3292 -9.990e-29
 130.390382     62.349  34.652899     7.5651    2.70178     61.819    33.7176    26.3306 -9.990e-29
 130.390388     62.366  34.653492     7.5646    2.70592     61.836    33.7187    26.3316 -9.990e-29
 130.390394     62.385  34.653444     7.5637    2.70152     61.855    33.7196    26.3324 -9.990e-29
 130.390399     62.412  34.653819     7.5623    2.70072     61.882    33.7213    26.3339 -9.990e-29
 130.390405     62.447  34.654565     7.5609    2.69615     61.916    33.7235    26.3358 -9.990e-29
 130.390411     62.484  34.655005     7.5598    2.68761     61.953    33.7250    26.3372 -9.990e-29
 130.390417     62.523  34.655172     7.5591    2.68145     61.992    33.7258    26.3379 -9.990e-29
 130.390422     62.564  34.655297     7.5586    2.68133     62.032    33.7264    26.3385 -9.990e-29
 130.390428     62.611  34.655555     7.5578    2.66966     62.079    33.7275    26.3394 -9.990e-29
 130.390434     62.662  34.656296     7.5564    2.68043     62.130    33.7296    26.3413 -9.990e-29
 130.390440     62.709  34.657397     7.5553    2.67741     62.176    33.7318    26.3432 -9.990e-29
 130.390446     62.736  34.658092     7.5551    2.68740     62.203    33.7328    26.3440 -9.990e-29
 130.390451     62.737  34.658193     7.5556    2.68705     62.204    33.7324    26.3436 -9.990e-29
 130.390457     62.721  34.657842     7.5559    2.69211     62.188    33.7317    26.3430 -9.990e-29
 130.390463     62.707  34.657140     7.5556    2.68784     62.174    33.7313    26.3427 -9.990e-29
 130.390469     62.712  34.656283     7.5559    2.69228     62.179    33.7300    26.3417 -9.990e-29
 130.390475     62.737  34.655258     7.5569    2.69687     62.204    33.7280    26.3399 -9.990e-29
 130.390480     62.774  34.654390     7.5578    2.69429     62.241    33.7261    26.3384 -9.990e-29
 130.390486     62.814  34.654209     7.5586    2.69695     62.280    33.7251    26.3375 -9.990e-29
 130.390492     62.844  34.654484     7.5594    2.69230     62.310    33.7246    26.3370 -9.990e-29
 130.390498     62.865  34.654466     7.5597    2.69219     62.331    33.7243    26.3367 -9.990e-29
 130.390503     62.880  34.654140     7.5590    2.68412     62.346    33.7246    26.3370 -9.990e-29
 130.390509     62.899  34.654202     7.5577    2.68217     62.365    33.7260    26.3382 -9.990e-29
 130.390515     62.928  34.654745     7.5567    2.68148     62.393    33.7275    26.3396 -9.990e-29
 130.390521     62.970  34.655378     7.5563    2.68415     62.435    33.7286    26.3405 -9.990e-29
 130.390527     63.021  34.655833     7.5562    2.67945     62.485    33.7291    26.3409 -9.990e-29
 130.390532     63.073  34.656164     7.5562    2.68642     62.537    33.7295    26.3412 -9.990e-29
 130.390538     63.116  34.656819     7.5563    2.67081     62.580    33.7300    26.3417 -9.990e-29
 130.390544     63.143  34.657559     7.5564    2.67772     62.606    33.7307    26.3422 -9.990e-29
 130.390550     63.154  34.657697     7.5560    2.67342     62.617    33.7313    26.3427 -9.990e-29
 130.390556     63.156  34.657424     7.5550    2.67010     62.619    33.7319    26.3433 -9.990e-29
 130.390561     63.164  34.657506     7.5542    2.66776     62.627    33.7328    26.3441 -9.990e-29
 130.390567     63.181  34.658064     7.5536    2.66390     62.644    33.7340    26.3451 -9.990e-29
 130.390573     63.213  34.658728     7.5531    2.66760     62.676    33.7352    26.3461 -9.990e-29
 130.390579     63.266  34.659270     7.5527    2.66969     62.728    33.7361    26.3470 -9.990e-29
 130.390584     63.335  34.659302     7.5526    2.66491     62.797    33.7362    26.3470 -9.990e-29
 130.390590     63.408  34.658873     7.5526    2.67186     62.869    33.7357    26.3467 -9.990e-29
 130.390596     63.471  34.658540     7.5526    2.66581     62.932    33.7353    26.3463 -9.990e-29
 130.390602     63.516  34.658425     7.5526    2.67402     62.976    33.7352    26.3462 -9.990e-29
 130.390608     63.542  34.658384     7.5528    2.66986     63.002    33.7349    26.3460 -9.990e-29
 130.390613     63.555  34.658370     7.5527    2.66518     63.015    33.7350    26.3461 -9.990e-29
 130.390619     63.564  34.658372     7.5524    2.65881     63.024    33.7353    26.3464 -9.990e-29
 130.390625     63.573  34.658403     7.5520    2.65490     63.033    33.7357    26.3467 -9.990e-29
 130.390631     63.592  34.658515     7.5517    2.65865     63.052    33.7361    26.3471 -9.990e-29
 130.390637     63.635  34.658864     7.5515    2.66061     63.094    33.7367    26.3476 -9.990e-29
 130.390642     63.701  34.659363     7.5516    2.65588     63.160    33.7371    26.3479 -9.990e-29
 130.390648     63.776  34.659566     7.5517    2.65397     63.234    33.7372    26.3479 -9.990e-29
 130.390654     63.844  34.659377     7.5513    2.66295     63.301    33.7373    26.3481 -9.990e-29
 130.390660     63.887  34.659106     7.5506    2.65800     63.344    33.7377    26.3485 -9.990e-29
 130.390666     63.901  34.659141     7.5503    2.66010     63.358    33.7380    26.3488 -9.990e-29
 130.390671     63.889  34.659526     7.5502    2.64941     63.346    33.7385    26.3492 -9.990e-29
 130.390677     63.865  34.659842     7.5499    2.64597     63.322    33.7392    26.3498 -9.990e-29
 130.390683     63.839  34.659947     7.5495    2.64981     63.296    33.7397    26.3502 -9.990e-29
 130.390689     63.824  34.659983     7.5491    2.65109     63.282    33.7401    26.3506 -9.990e-29
 130.390694     63.833  34.659996     7.5489    2.65566     63.290    33.7403    26.3508 -9.990e-29
 130.390700     63.874  34.660004     7.5488    2.65517     63.331    33.7404    26.3509 -9.990e-29
 130.390706     63.935  34.660015     7.5488    2.65582     63.392    33.7404    26.3509 -9.990e-29
 130.390712     64.003  34.660044     7.5488    2.64701     63.459    33.7404    26.3509 -9.990e-29
 130.390718     64.070  34.660126     7.5489    2.65327     63.525    33.7403    26.3508 -9.990e-29
 130.390723     64.131  34.660367     7.5491    2.65517     63.586    33.7404    26.3508 -9.990e-29
 130.390729     64.178  34.660528     7.5493    2.65783     63.632    33.7403    26.3508 -9.990e-29
 130.390735     64.204  34.660260     7.5495    2.65920     63.658    33.7398    26.3504 -9.990e-29
 130.390741     64.221  34.659762     7.5496    2.64728     63.675    33.7392    26.3498 -9.990e-29
 130.390747     64.242  34.659492     7.5494    2.65394     63.696    33.7391    26.3498 -9.990e-29
 130.390752     64.272  34.659652     7.5490    2.64712     63.726    33.7396    26.3503 -9.990e-29
 130.390758     64.309  34.659893     7.5487    2.65593     63.762    33.7402    26.3507 -9.990e-29
 130.390764     64.348  34.659975     7.5485    2.65103     63.801    33.7404    26.3510 -9.990e-29
 130.390770     64.385  34.660003     7.5487    2.65523     63.838    33.7403    26.3508 -9.990e-29
 130.390775     64.424  34.660014     7.5489    2.65114     63.876    33.7401    26.3506 -9.990e-29
 130.390781     64.467  34.660021     7.5490    2.64712     63.919    33.7399    26.3505 -9.990e-29
 130.390787     64.513  34.660033     7.5487    2.64023     63.965    33.7402    26.3508 -9.990e-29
 130.390793     64.555  34.660062     7.5483    2.65405     64.006    33.7406    26.3511 -9.990e-29
 130.390799     64.589  34.660146     7.5482    2.65392     64.040    33.7408    26.3513 -9.990e-29
 130.390804     64.611  34.660396     7.5483    2.64437     64.062    33.7410    26.3514 -9.990e-29
 130.390810     64.627  34.660585     7.5483    2.64235     64.078    33.7412    26.3516 -9.990e-29
 130.390816     64.644  34.660400     7.5483    2.63640     64.094    33.7410    26.3514 -9.990e-29
 130.390822     64.661  34.660156     7.5483    2.64300     64.111    33.7407    26.3512 -9.990e-29
 130.390828     64.685  34.660086     7.5483    2.65492     64.135    33.7406    26.3511 -9.990e-29
 130.390833     64.716  34.660098     7.5482    2.64882     64.166    33.7407    26.3512 -9.990e-29
 130.390839     64.749  34.660205     7.5481    2.64633     64.199    33.7409    26.3514 -9.990e-29
 130.390845     64.784  34.660548     7.5478    2.64420     64.233    33.7415    26.3519 -9.990e-29
 130.390851     64.826  34.661023     7.5476    2.64219     64.275    33.7422    26.3525 -9.990e-29
 130.390856     64.862  34.661140     7.5477    2.64614     64.311    33.7422    26.3525 -9.990e-29
 130.390862     64.883  34.661051     7.5480    2.64664     64.331    33.7418    26.3521 -9.990e-29
 130.390868     64.891  34.661197     7.5483    2.64627     64.339    33.7417    26.3520 -9.990e-29
 130.390874     64.893  34.661212     7.5483    2.63810     64.341    33.7417    26.3520 -9.990e-29
 130.390880     64.891  34.661113     7.5481    2.63609     64.339    33.7418    26.3521 -9.990e-29
 130.390885     64.884  34.661328     7.5480    2.63614     64.332    33.7421    26.3524 -9.990e-29
 130.390891     64.881  34.661585     7.5482    2.64697     64.329    33.7422    26.3524 -9.990e-29
 130.390897     64.876  34.661663     7.5485    2.64414     64.324    33.7420    26.3522 -9.990e-29
 130.390903     64.862  34.661665     7.5484    2.64213     64.311    33.7421    26.3523 -9.990e-29
 130.390909     64.844  34.661593     7.5483    2.63188     64.293    33.7421    26.3523 -9.990e-29
 130.390914     64.837  34.661347     7.5481    2.63609     64.286    33.7421    26.3523 -9.990e-29
 130.390920     64.842  34.661162     7.5475    2.63313     64.291    33.7425    26.3527 -9.990e-29
 130.390926     64.856  34.661350     7.5470    2.65065     64.305    33.7431    26.3533 -9.990e-29
 130.390932     64.872  34.661601     7.5468    2.64827     64.320    33.7436    26.3537 -9.990e-29
 130.390938     64.886  34.661685     7.5468    2.64382     64.334    33.7437    26.3538 -9.990e-29
 130.390943     64.899  34.661714     7.5469    2.63575     64.347    33.7436    26.3537 -9.990e-29
 130.390949     64.908  34.661723     7.5469    2.63603     64.356    33.7436    26.3537 -9.990e-29
 130.390955     64.901  34.661723     7.5468    2.63350     64.349    33.7437    26.3538 -9.990e-29
 130.390961     64.867  34.661713     7.5468    2.64150     64.316    33.7437    26.3538 -9.990e-29
 130.390966     64.811  34.661677     7.5468    2.64529     64.260    33.7437    26.3538 -9.990e-29
 130.390972     64.735  34.661567     7.5465    2.64319     64.185    33.7439    26.3540 -9.990e-29
 130.390978     64.650  34.661235     7.5464    2.63644     64.100    33.7437    26.3538 -9.990e-29
 130.390984     64.565  34.660797     7.5465    2.63927     64.016    33.7432    26.3534 -9.990e-29
 130.390990     64.490  34.660793     7.5466    2.64129     63.942    33.7431    26.3533 -9.990e-29
 130.390995     64.418  34.661215     7.5465    2.64324     63.870    33.7437    26.3538 -9.990e-29
 130.391001     64.333  34.661503     7.5465    2.64534     63.786    33.7440    26.3541 -9.990e-29
 130.391007     64.220  34.661481     7.5469    2.64137     63.674    33.7437    26.3537 -9.990e-29
 130.391013     64.086  34.661117     7.5474    2.65022     63.541    33.7429    26.3530 -9.990e-29
 130.391019     63.947  34.660486     7.5478    2.65220     63.403    33.7419    26.3522 -9.990e-29
 130.391024     63.820  34.659866     7.5481    2.64392     63.278    33.7410    26.3514 -9.990e-29
 130.391030     63.719  34.659554     7.5482    2.64817     63.177    33.7406    26.3511 -9.990e-29
 130.391036     63.645  34.659696     7.5484    2.64627     63.104    33.7406    26.3511 -9.990e-29
 130.391042     63.595  34.659917     7.5484    2.64823     63.055    33.7408    26.3513 -9.990e-29
 130.391047     63.564  34.659952     7.5483    2.65013     63.024    33.7410    26.3514 -9.990e-29
 130.391053     63.552  34.659845     7.5485    2.64627     63.012    33.7407    26.3511 -9.990e-29
 130.391059     63.552  34.659454     7.5488    2.65511     63.012    33.7400    26.3505 -9.990e-29
 130.391065     63.556  34.658815     7.5489    2.65763     63.016    33.7392    26.3499 -9.990e-29
 130.391071     63.561  34.658194     7.5489    2.64887     63.021    33.7385    26.3494 -9.990e-29
 130.391076     63.566  34.657884     7.5492    2.65377     63.026    33.7379    26.3488 -9.990e-29
 130.391082     63.573  34.658030     7.5495    2.65176     63.033    33.7377    26.3487 -9.990e-29
