data/oxygen options/OCNMS/OCNMS1/raw_data/2007/CTD_TH065_091107faed.cnv
* Sea-Bird SBE19 Data File:
* FileName = C:\2007_mooring_data\CTD_TH065_091107.hex
* Software Version 1.20
* Temperature SN = 2997
* Conductivity SN = 2997
* System UpLoad Time = Sep 11 2007 11:08:31
* SEACAT PROFILER V3.1c SN 2997   09/11/07  11:07:55.179
* strain gauge pressure sensor: S/N = 184829,  range = 3000 psia,  tc = 40
# nquan = 9                                 
# nvalues = 1893                        
# units = specified
# name 0 = timeJ: Julian Days
# name 1 = prSM: Pressure, Strain Gauge [db]
# name 2 = c0mS/cm: Conductivity [mS/cm]
# name 3 = t090C: Temperature [ITS-90, deg C]
# name 4 = oxML/L: Oxygen, Beckman/YSI [ml/l]
# name 5 = depSM: Depth [salt water, m], lat = 47.5
# name 6 = sal00: Salinity, Practical [PSU]
# name 7 = sigma-é00: Density [sigma-theta, kg/m^3]
# name 8 = flag: flag
# span 0 = 254.449838, 254.460787       
# span 1 =     -4.940,     56.299       
# span 2 =   0.283062,  36.769820       
# span 3 =     7.2888,    12.2363       
# span 4 =   -0.07370,   33.80285       
# span 5 =     -4.899,     55.822       
# span 6 =     0.1808,    33.5728       
# span 7 =    -0.3818,    26.2549       
# span 8 = 0.0000e+00, 0.0000e+00       
# interval = seconds: 0.5
# start_time = Sep 11 2007 10:47:46 [Instrument's time stamp, header]
# bad_flag = -9.990e-29
*END*
[from data line 321]
 254.451696      1.609  36.524080    11.8146    6.40242      1.596    31.7872    24.1291 -9.990e-29
 254.451701      1.599  36.525718    11.8150    6.41621      1.586    31.7884    24.1300 -9.990e-29
 254.451707      1.596  36.526442    11.8149    6.41016      1.583    31.7892    24.1306 -9.990e-29
 254.451713      1.603  36.521054    11.8138    6.41059      1.590    31.7849    24.1275 -9.990e-29
 254.451719      1.612  36.514699    11.8128    6.41078      1.599    31.7796    24.1235 -9.990e-29
 254.451725      1.612  36.516842    11.8127    6.40247      1.599    31.7818    24.1252 -9.990e-29
 254.451730      1.603  36.521372    11.8125    6.40252      1.590    31.7864    24.1288 -9.990e-29
 254.451736      1.591  36.523114    11.8122    6.40120      1.578    31.7883    24.1304 -9.990e-29
 254.451742      1.586  36.525513    11.8128    6.40210      1.573    31.7901    24.1317 -9.990e-29
 254.451748      1.590  36.527846    11.8139    6.40538      1.577    31.7914    24.1325 -9.990e-29
 254.451753      1.601  36.525933    11.8146    6.41194      1.588    31.7890    24.1305 -9.990e-29
 254.451759      1.614  36.519467    11.8147    6.40733      1.601    31.7826    24.1255 -9.990e-29
 254.451765      1.626  36.515521    11.8146    6.40641      1.612    31.7789    24.1226 -9.990e-29
 254.451771      1.633  36.518362    11.8139    6.40404      1.619    31.7822    24.1254 -9.990e-29
 254.451777      1.641  36.522249    11.8128    6.40291      1.627    31.7869    24.1292 -9.990e-29
 254.451782      1.653  36.523955    11.8122    6.41044      1.639    31.7891    24.1310 -9.990e-29
 254.451788      1.672  36.525755    11.8128    6.40570      1.658    31.7903    24.1318 -9.990e-29
 254.451794      1.692  36.526685    11.8135    6.40836      1.678    31.7906    24.1319 -9.990e-29
 254.451800      1.709  36.525743    11.8127    6.41520      1.695    31.7904    24.1319 -9.990e-29
 254.451806      1.717  36.524473    11.8099    6.41377      1.703    31.7915    24.1333 -9.990e-29
 254.451811      1.718  36.521182    11.8059    6.40699      1.704    31.7918    24.1342 -9.990e-29
 254.451817      1.712  36.517087    11.8036    6.39663      1.698    31.7898    24.1331 -9.990e-29
 254.451823      1.699  36.516818    11.8049    6.38752      1.685    31.7884    24.1318 -9.990e-29
 254.451829      1.676  36.518893    11.8078    6.38333      1.662    31.7879    24.1309 -9.990e-29
 254.451834      1.649  36.520473    11.8096    6.38580      1.635    31.7879    24.1306 -9.990e-29
 254.451840      1.627  36.520299    11.8068    6.38177      1.613    31.7902    24.1328 -9.990e-29
 254.451846      1.621  36.514780    11.7979    6.37280      1.607    31.7925    24.1362 -9.990e-29
 254.451852      1.633  36.502164    11.7902    6.38029      1.619    31.7868    24.1333 -9.990e-29
 254.451858      1.648  36.495338    11.7915    6.37818      1.634    31.7791    24.1270 -9.990e-29
 254.451863      1.656  36.502012    11.7976    6.39530      1.642    31.7803    24.1269 -9.990e-29
 254.451869      1.658  36.510341    11.8015    6.40933      1.644    31.7851    24.1298 -9.990e-29
 254.451875      1.661  36.514614    11.8012    6.39639      1.647    31.7895    24.1333 -9.990e-29
 254.451881      1.670  36.512684    11.7988    6.39340      1.656    31.7896    24.1339 -9.990e-29
 254.451887      1.682  36.507584    11.7989    6.39102      1.668    31.7846    24.1299 -9.990e-29
 254.451892      1.689  36.508767    11.8009    6.38737      1.675    31.7840    24.1291 -9.990e-29
 254.451898      1.691  36.513327    11.8013    6.40600      1.677    31.7881    24.1322 -9.990e-29
 254.451904      1.696  36.515569    11.7993    6.40395      1.682    31.7920    24.1356 -9.990e-29
 254.451910      1.711  36.513441    11.7960    6.40140      1.697    31.7927    24.1368 -9.990e-29
 254.451916      1.730  36.508029    11.7950    6.39219      1.716    31.7884    24.1336 -9.990e-29
 254.451921      1.747  36.505007    11.7969    6.37539      1.732    31.7838    24.1297 -9.990e-29
 254.451927      1.759  36.503708    11.7982    6.37065      1.744    31.7814    24.1276 -9.990e-29
 254.451933      1.766  36.501836    11.7980    6.37071      1.751    31.7798    24.1264 -9.990e-29
 254.451939      1.769  36.503065    11.7981    6.36916      1.754    31.7809    24.1272 -9.990e-29
 254.451944      1.772  36.505109    11.7980    6.38057      1.757    31.7829    24.1288 -9.990e-29
 254.451950      1.780  36.502096    11.7947    6.38912      1.765    31.7828    24.1293 -9.990e-29
 254.451956      1.788  36.495053    11.7876    6.38656      1.773    31.7821    24.1301 -9.990e-29
 254.451962      1.794  36.487285    11.7837    6.39221      1.779    31.7779    24.1275 -9.990e-29
 254.451968      1.798  36.486351    11.7894    6.38937      1.783    31.7721    24.1220 -9.990e-29
 254.451973      1.795  36.496405    11.7996    6.39517      1.780    31.7731    24.1209 -9.990e-29
 254.451979      1.786  36.507849    11.8065    6.40037      1.771    31.7783    24.1237 -9.990e-29
 254.451985      1.782  36.514625    11.8089    6.40487      1.767    31.7828    24.1267 -9.990e-29
 254.451991      1.791  36.517907    11.8093    6.40664      1.776    31.7857    24.1289 -9.990e-29
 254.451997      1.812  36.518131    11.8092    6.39786      1.797    31.7860    24.1291 -9.990e-29
 254.452002      1.830  36.517821    11.8092    6.39124      1.815    31.7856    24.1289 -9.990e-29
 254.452008      1.841  36.518789    11.8090    6.37346      1.826    31.7868    24.1298 -9.990e-29
 254.452014      1.847  36.519503    11.8081    6.37022      1.832    31.7882    24.1311 -9.990e-29
 254.452020      1.855  36.519219    11.8062    6.36752      1.840    31.7896    24.1325 -9.990e-29
 254.452025      1.863  36.518101    11.8023    6.36224      1.847    31.7918    24.1349 -9.990e-29
 254.452031      1.874  36.514640    11.7949    6.37424      1.858    31.7948    24.1386 -9.990e-29
 254.452037      1.883  36.507567    11.7855    6.37827      1.867    31.7960    24.1412 -9.990e-29
 254.452043      1.887  36.499207    11.7786    6.39885      1.871    31.7938    24.1408 -9.990e-29
 254.452049      1.886  36.493528    11.7777    6.39752      1.870    31.7890    24.1373 -9.990e-29
 254.452054      1.879  36.492469    11.7833    6.39751      1.863    31.7832    24.1317 -9.990e-29
 254.452060      1.871  36.497401    11.7923    6.39409      1.855    31.7803    24.1278 -9.990e-29
 254.452066      1.866  36.506477    11.7999    6.38869      1.850    31.7826    24.1282 -9.990e-29
 254.452072      1.863  36.514402    11.8037    6.39062      1.847    31.7870    24.1310 -9.990e-29
 254.452078      1.861  36.519398    11.8049    6.38158      1.845    31.7908    24.1337 -9.990e-29
 254.452083      1.862  36.520822    11.8037    6.37951      1.846    31.7932    24.1358 -9.990e-29
 254.452089      1.865  36.516631    11.7994    6.38746      1.849    31.7929    24.1363 -9.990e-29
 254.452095      1.869  36.509069    11.7932    6.38993      1.853    31.7908    24.1358 -9.990e-29
 254.452101      1.876  36.502050    11.7889    6.39339      1.860    31.7877    24.1342 -9.990e-29
 254.452106      1.882  36.498529    11.7899    6.39042      1.866    31.7835    24.1307 -9.990e-29
 254.452112      1.882  36.501080    11.7946    6.38914      1.866    31.7819    24.1286 -9.990e-29
 254.452118      1.881  36.506359    11.7981    6.38680      1.865    31.7840    24.1296 -9.990e-29
 254.452124      1.883  36.510179    11.7985    6.38150      1.867    31.7874    24.1322 -9.990e-29
 254.452130      1.888  36.512011    11.7974    6.37963      1.872    31.7901    24.1345 -9.990e-29
 254.452135      1.893  36.512039    11.7974    6.37959      1.877    31.7901    24.1345 -9.990e-29
 254.452141      1.893  36.512523    11.7991    6.37412      1.877    31.7891    24.1334 -9.990e-29
 254.452147      1.893  36.514093    11.8007    6.37758      1.877    31.7893    24.1332 -9.990e-29
 254.452153      1.896  36.514901    11.8008    6.37716      1.880    31.7900    24.1338 -9.990e-29
 254.452159      1.904  36.514885    11.8002    6.37341      1.888    31.7905    24.1343 -9.990e-29
 254.452164      1.916  36.514568    11.7993    6.37986      1.900    31.7909    24.1348 -9.990e-29
 254.452170      1.933  36.512390    11.7977    6.37648      1.917    31.7902    24.1345 -9.990e-29
 254.452176      1.961  36.507671    11.7961    6.39024      1.945    31.7870    24.1323 -9.990e-29
 254.452182      2.005  36.505313    11.7961    6.41438      1.988    31.7847    24.1305 -9.990e-29
 254.452188      2.065  36.507761    11.7969    6.42910      2.048    31.7863    24.1317 -9.990e-29
 254.452193      2.136  36.509853    11.7967    6.39245      2.118    31.7885    24.1334 -9.990e-29
 254.452199      2.217  36.508194    11.7941    6.29406      2.198    31.7891    24.1343 -9.990e-29
 254.452205      2.314  36.505041    11.7898    6.21671      2.295    31.7897    24.1356 -9.990e-29
 254.452211      2.434  36.502338    11.7846    6.13125      2.414    31.7914    24.1379 -9.990e-29
 254.452216      2.582  36.499268    11.7750    6.07257      2.560    31.7966    24.1437 0.0000e+00
 254.452222      2.770  36.491718    11.7465    6.00237      2.747    31.8136    24.1621 0.0000e+00
 254.452228      3.014  36.465119    11.6725    5.94397      2.989    31.8512    24.2047 0.0000e+00
 254.452234      3.323  36.401369    11.5421    5.91382      3.295    31.9012    24.2671 0.0000e+00
 254.452240      3.694  36.309060    11.3904    5.88216      3.663    31.9418    24.3260 0.0000e+00
 254.452245      4.109  36.231007    11.2699    5.83390      4.075    31.9696    24.3691 0.0000e+00
 254.452251      4.550  36.189776    11.1952    5.74142      4.512    31.9937    24.4011 0.0000e+00
 254.452257      4.996  36.163974    11.1365    5.64286      4.954    32.0192    24.4313 0.0000e+00
 254.452263      5.447  36.135413    11.0615    5.55780      5.401    32.0563    24.4733 0.0000e+00
 254.452269      5.913  36.100177    10.9719    5.47220      5.864    32.0995    24.5228 0.0000e+00
 254.452274      6.407  36.057784    10.8794    5.37913      6.353    32.1384    24.5692 0.0000e+00
 254.452280      6.939  36.007172    10.7722    5.28288      6.881    32.1821    24.6218 0.0000e+00
 254.452286      7.504  35.937438    10.6324    5.18995      7.441    32.2358    24.6877 0.0000e+00
 254.452292      8.088  35.846372    10.4697    5.12110      8.020    32.2885    24.7567 0.0000e+00
 254.452297      8.679  35.760490    10.3149    5.05918      8.606    32.3397    24.8228 0.0000e+00
 254.452303      9.277  35.703122    10.1780    4.97478      9.199    32.4039    24.8959 0.0000e+00
 254.452309      9.881  35.653780    10.0437    4.85505      9.798    32.4742    24.9731 0.0000e+00
 254.452315     10.488  35.580259     9.9033    4.72735     10.400    32.5257    25.0366 0.0000e+00
 254.452321     11.092  35.482576     9.7624    4.59440     10.999    32.5533    25.0813 0.0000e+00
 254.452326     11.690  35.384014     9.6283    4.50172     11.592    32.5738    25.1192 0.0000e+00
 254.452332     12.280  35.294914     9.5022    4.43871     12.177    32.5968    25.1575 0.0000e+00
 254.452338     12.866  35.213008     9.3792    4.39159     12.758    32.6244    25.1988 0.0000e+00
 254.452344     13.455  35.131050     9.2419    4.36544     13.342    32.6651    25.2524 0.0000e+00
 254.452350     14.056  35.033317     9.0809    4.32941     13.938    32.7113    25.3139 0.0000e+00
 254.452355     14.666  34.923964     8.9113    4.32759     14.543    32.7535    25.3734 0.0000e+00
 254.452361     15.287  34.820792     8.7584    4.32389     15.159    32.7869    25.4231 0.0000e+00
 254.452367     15.924  34.737503     8.6417    4.32306     15.790    32.8075    25.4571 0.0000e+00
 254.452373     16.574  34.679560     8.5610    4.32938     16.435    32.8214    25.4802 0.0000e+00
 254.452378     17.223  34.640271     8.5026    4.32420     17.079    32.8341    25.4990 0.0000e+00
 254.452384     17.861  34.610362     8.4572    4.33358     17.711    32.8446    25.5141 0.0000e+00
 254.452390     18.485  34.585228     8.4170    4.34266     18.330    32.8553    25.5285 0.0000e+00
 254.452396     19.089  34.563272     8.3733    4.36188     18.929    32.8726    25.5486 0.0000e+00
 254.452402     19.677  34.542090     8.3271    4.37607     19.512    32.8932    25.5716 0.0000e+00
 254.452407     20.268  34.520875     8.2820    4.37422     20.098    32.9127    25.5936 0.0000e+00
 254.452413     20.870  34.500458     8.2406    4.37277     20.695    32.9296    25.6130 0.0000e+00
 254.452419     21.478  34.483288     8.2072    4.36237     21.298    32.9424    25.6281 0.0000e+00
 254.452425     22.085  34.470541     8.1821    4.34421     21.900    32.9522    25.6394 0.0000e+00
 254.452431     22.682  34.459767     8.1629    4.34771     22.491    32.9585    25.6472 0.0000e+00
 254.452436     23.267  34.449464     8.1463    4.33873     23.072    32.9629    25.6531 0.0000e+00
 254.452442     23.849  34.439880     8.1290    4.34454     23.649    32.9687    25.6602 0.0000e+00
 254.452448     24.439  34.430545     8.1099    4.35942     24.234    32.9764    25.6691 0.0000e+00
 254.452454     25.043  34.420759     8.0863    4.36973     24.832    32.9880    25.6817 0.0000e+00
 254.452459     25.662  34.408099     8.0530    4.39137     25.446    33.0056    25.7004 0.0000e+00
 254.452465     26.289  34.390235     8.0127    4.38974     26.068    33.0243    25.7209 0.0000e+00
 254.452471     26.906  34.371905     7.9785    4.38808     26.680    33.0367    25.7357 0.0000e+00
 254.452477     27.503  34.360022     7.9589    4.39386     27.272    33.0423    25.7429 0.0000e+00
 254.452483     28.078  34.354405     7.9475    4.38756     27.842    33.0468    25.7481 0.0000e+00
 254.452488     28.638  34.350905     7.9354    4.39887     28.397    33.0542    25.7557 0.0000e+00
 254.452494     29.198  34.347634     7.9226    4.39037     28.952    33.0626    25.7641 0.0000e+00
 254.452500     29.762  34.344137     7.9106    4.37846     29.511    33.0699    25.7717 0.0000e+00
 254.452506     30.325  34.339093     7.8984    4.37081     30.070    33.0758    25.7781 0.0000e+00
 254.452512     30.883  34.332479     7.8849    4.36760     30.623    33.0813    25.7843 0.0000e+00
 254.452517     31.441  34.325542     7.8701    4.37148     31.176    33.0876    25.7914 0.0000e+00
 254.452523     32.010  34.318538     7.8544    4.35916     31.740    33.0947    25.7993 0.0000e+00
 254.452529     32.595  34.311077     7.8365    4.35959     32.320    33.1035    25.8087 0.0000e+00
 254.452535     33.199  34.301033     7.8140    4.35296     32.919    33.1138    25.8201 0.0000e+00
 254.452541     33.819  34.287322     7.7907    4.34837     33.534    33.1209    25.8290 0.0000e+00
 254.452546     34.442  34.274617     7.7723    4.33982     34.152    33.1245    25.8345 0.0000e+00
 254.452552     35.056  34.266686     7.7558    4.31268     34.760    33.1313    25.8423 0.0000e+00
 254.452558     35.645  34.259096     7.7349    4.29664     35.344    33.1428    25.8543 0.0000e+00
 254.452564     36.195  34.246747     7.7140    4.28407     35.890    33.1492    25.8622 0.0000e+00
 254.452569     36.706  34.234447     7.6975    4.25048     36.396    33.1514    25.8664 0.0000e+00
 254.452575     37.189  34.226504     7.6783    4.22837     36.875    33.1609    25.8766 0.0000e+00
 254.452581     37.659  34.219593     7.6520    4.19849     37.341    33.1783    25.8940 0.0000e+00
 254.452587     38.132  34.211205     7.6205    4.18816     37.810    33.1991    25.9149 0.0000e+00
 254.452593     38.624  34.200221     7.5868    4.19065     38.298    33.2193    25.9355 0.0000e+00
 254.452598     39.147  34.189348     7.5556    4.17831     38.817    33.2371    25.9539 0.0000e+00
 254.452604     39.704  34.180875     7.5285    4.17419     39.369    33.2537    25.9708 0.0000e+00
 254.452610     40.286  34.172447     7.5037    4.15254     39.946    33.2681    25.9856 0.0000e+00
