data/oxygen options/OCNMS/OCNMS1/raw_data/2007/CTD_CA065_101307faed.cnv
* Sea-Bird SBE19 Data File:
* FileName = C:\2007_mooring_data\retrieval_101207\CTD_CA065_101307.hex
* Software Version 1.20
* Temperature SN = 2997
* Conductivity SN = 2997
* System UpLoad Time = Oct 13 2007 11:31:41
* SEACAT PROFILER V3.1c SN 2997   10/13/07  11:31:14.748
* strain gauge pressure sensor: S/N = 184829,  range = 3000 psia,  tc = 40
# nquan = 9                                 
# nvalues = 3095                        
# units = specified
# name 0 = timeJ: Julian Days
# name 1 = prSM: Pressure, Strain Gauge [db]
# name 2 = c0mS/cm: Conductivity [mS/cm]
# name 3 = t090C: Temperature [ITS-90, deg C]
# name 4 = oxML/L: Oxygen, Beckman/YSI [ml/l]
# name 5 = depSM: Depth [salt water, m], lat = 47.5
# name 6 = sal00: Salinity, Practical [PSU]
# name 7 = sigma-é00: Density [sigma-theta, kg/m^3]
# name 8 = flag: flag
# span 0 = 286.430880, 286.448785       
# span 1 =     -4.842,     67.574       
# span 2 =   0.334356,  36.711402       
# span 3 =     7.5188,    13.0457       
# span 4 =  -13.62899,   34.00893       
# span 5 =     -4.802,     66.999       
# span 6 =     0.2102,    33.5466       
# span 7 =    -0.4582,    26.1864       
# span 8 = 0.0000e+00, 0.0000e+00       
# interval = seconds: 0.5
# start_time = Oct 13 2007 10:20:28 [Instrument's time stamp, header]
# bad_flag = -9.990e-29
*END*
[from data line 1121]
 286.437367     31.891  35.671814    10.4691    6.25940     31.622    32.1042    24.6136 0.0000e+00
 286.437373     31.493  35.681270    10.4877    6.31565     31.228    32.0975    24.6052 0.0000e+00
 286.437378     31.121  35.697770    10.5176    6.31303     30.859    32.0878    24.5926 0.0000e+00
 286.437384     30.779  35.718100    10.5614    6.28756     30.520    32.0697    24.5710 0.0000e+00
 286.437390     30.473  35.744710    10.6030    6.29034     30.216    32.0598    24.5562 0.0000e+00
 286.437396     30.223  35.783381    10.6249    6.28577     29.969    32.0792    24.5675 0.0000e+00
 286.437402     30.034  35.817867    10.6488    6.25335     29.781    32.0926    24.5739 0.0000e+00
 286.437407     29.904  35.856607    10.7077    6.19102     29.652    32.0795    24.5535 -9.990e-29
 286.437413     29.823  35.915945    10.7781    6.18553     29.572    32.0767    24.5392 -9.990e-29
 286.437419     29.773  35.952239    10.8174    6.18833     29.522    32.0783    24.5336 -9.990e-29
 286.437425     29.748  35.953358    10.8264    6.21130     29.498    32.0715    24.5268 -9.990e-29
 286.437431     29.754  35.956691    10.8298    6.22313     29.504    32.0719    24.5265 -9.990e-29
 286.437436     29.788  35.962768    10.8305    6.21789     29.537    32.0773    24.5305 -9.990e-29
 286.437442     29.834  35.941015    10.8151    6.20087     29.583    32.0692    24.5269 -9.990e-29
 286.437448     29.878  35.894945    10.7985    6.20371     29.626    32.0380    24.5055 -9.990e-29
 286.437454     29.911  35.870764    10.7980    6.19591     29.659    32.0144    24.4873 -9.990e-29
 286.437459     29.929  35.883317    10.8012    6.19438     29.677    32.0241    24.4942 -9.990e-29
 286.437465     29.939  35.903373    10.7958    6.20318     29.687    32.0487    24.5143 -9.990e-29
 286.437471     29.949  35.911156    10.7847    6.19951     29.697    32.0661    24.5298 -9.990e-29
 286.437477     29.956  35.906958    10.7734    6.22353     29.704    32.0718    24.5362 -9.990e-29
 286.437483     29.943  35.898640    10.7622    6.22596     29.691    32.0734    24.5394 -9.990e-29
 286.437488     29.906  35.892488    10.7495    6.23958     29.654    32.0785    24.5455 -9.990e-29
 286.437494     29.854  35.887591    10.7423    6.25252     29.603    32.0799    24.5479 -9.990e-29
 286.437500     29.802  35.888634    10.7472    6.25234     29.551    32.0767    24.5445 -9.990e-29
 286.437506     29.759  35.898129    10.7596    6.25623     29.509    32.0753    24.5413 -9.990e-29
 286.437512     29.722  35.908562    10.7787    6.24649     29.472    32.0689    24.5330 -9.990e-29
 286.437517     29.684  35.918154    10.8032    6.24455     29.434    32.0570    24.5195 -9.990e-29
 286.437523     29.653  35.927928    10.8201    6.25109     29.403    32.0519    24.5126 -9.990e-29
 286.437529     29.638  35.938591    10.8241    6.23250     29.389    32.0590    24.5174 -9.990e-29
 286.437535     29.638  35.948677    10.8226    6.20831     29.389    32.0703    24.5265 -9.990e-29
 286.437541     29.646  35.950339    10.8216    6.20695     29.396    32.0728    24.5286 -9.990e-29
 286.437546     29.662  35.944675    10.8202    6.19898     29.412    32.0684    24.5254 -9.990e-29
 286.437552     29.695  35.939834    10.8158    6.20730     29.445    32.0674    24.5254 -9.990e-29
 286.437558     29.747  35.934970    10.8099    6.21312     29.497    32.0677    24.5267 -9.990e-29
 286.437564     29.809  35.928089    10.8035    6.21727     29.558    32.0665    24.5269 -9.990e-29
 286.437569     29.867  35.913943    10.7948    6.21572     29.616    32.0601    24.5234 -9.990e-29
 286.437575     29.913  35.897214    10.7869    6.22772     29.661    32.0504    24.5172 -9.990e-29
 286.437581     29.950  35.893158    10.7812    6.24936     29.698    32.0513    24.5189 -9.990e-29
 286.437587     29.983  35.898610    10.7764    6.25548     29.731    32.0609    24.5272 -9.990e-29
 286.437593     30.008  35.907952    10.7786    6.24200     29.755    32.0683    24.5325 -9.990e-29
 286.437598     30.011  35.917948    10.7895    6.23777     29.758    32.0686    24.5309 -9.990e-29
 286.437604     29.994  35.923429    10.8014    6.25088     29.742    32.0636    24.5250 -9.990e-29
 286.437610     29.964  35.926100    10.8101    6.24847     29.712    32.0587    24.5196 -9.990e-29
 286.437616     29.927  35.932333    10.8157    6.27104     29.675    32.0600    24.5197 -9.990e-29
 286.437622     29.891  35.944841    10.8197    6.27164     29.639    32.0689    24.5259 -9.990e-29
 286.437627     29.852  35.954523    10.8245    6.26476     29.601    32.0743    24.5293 -9.990e-29
 286.437633     29.804  35.954114    10.8339    6.24827     29.553    32.0657    24.5210 -9.990e-29
 286.437639     29.752  35.954283    10.8495    6.24159     29.502    32.0522    24.5078 -9.990e-29
 286.437645     29.705  35.961988    10.8631    6.21836     29.455    32.0480    24.5021 -9.990e-29
 286.437650     29.671  35.967330    10.8635    6.22075     29.421    32.0529    24.5059 -9.990e-29
 286.437656     29.654  35.965668    10.8530    6.22781     29.404    32.0605    24.5136 -9.990e-29
 286.437662     29.658  35.959840    10.8403    6.21793     29.408    32.0658    24.5199 -9.990e-29
 286.437668     29.679  35.952170    10.8261    6.22916     29.429    32.0706    24.5262 -9.990e-29
 286.437674     29.710  35.941961    10.8096    6.21855     29.460    32.0750    24.5324 -9.990e-29
 286.437679     29.744  35.926254    10.7956    6.22774     29.494    32.0716    24.5322 -9.990e-29
 286.437685     29.779  35.907651    10.7871    6.22239     29.528    32.0606    24.5251 -9.990e-29
 286.437691     29.817  35.896662    10.7795    6.21405     29.566    32.0563    24.5231 -9.990e-29
 286.437697     29.857  35.896015    10.7657    6.20868     29.606    32.0678    24.5344 -9.990e-29
 286.437703     29.896  35.894763    10.7487    6.20636     29.644    32.0814    24.5480 -9.990e-29
 286.437708     29.933  35.890679    10.7373    6.21674     29.681    32.0873    24.5545 -9.990e-29
 286.437714     29.966  35.889530    10.7329    6.23430     29.714    32.0901    24.5574 -9.990e-29
 286.437720     29.997  35.889224    10.7304    6.22243     29.744    32.0919    24.5593 -9.990e-29
 286.437726     30.024  35.885433    10.7261    6.23144     29.771    32.0919    24.5600 -9.990e-29
 286.437731     30.044  35.878151    10.7217    6.23341     29.791    32.0885    24.5582 -9.990e-29
 286.437737     30.059  35.870565    10.7207    6.24036     29.806    32.0819    24.5531 -9.990e-29
 286.437743     30.064  35.867698    10.7251    6.24191     29.811    32.0752    24.5472 -9.990e-29
 286.437749     30.052  35.873019    10.7348    6.24005     29.799    32.0719    24.5430 -9.990e-29
 286.437755     30.023  35.882414    10.7456    6.24426     29.770    32.0718    24.5410 -9.990e-29
 286.437760     29.982  35.889356    10.7542    6.24369     29.730    32.0712    24.5390 -9.990e-29
 286.437766     29.932  35.895821    10.7647    6.26184     29.680    32.0684    24.5351 -9.990e-29
 286.437772     29.869  35.909314    10.7790    6.26764     29.618    32.0693    24.5333 -9.990e-29
 286.437778     29.794  35.924849    10.7890    6.27675     29.543    32.0760    24.5368 -9.990e-29
 286.437784     29.714  35.932315    10.7949    6.28219     29.464    32.0783    24.5375 -9.990e-29
 286.437789     29.646  35.937192    10.8058    6.27894     29.396    32.0736    24.5320 -9.990e-29
 286.437795     29.603  35.944309    10.8191    6.26285     29.354    32.0690    24.5261 -9.990e-29
 286.437801     29.586  35.952508    10.8279    6.23992     29.337    32.0694    24.5249 -9.990e-29
 286.437807     29.595  35.963760    10.8345    6.20629     29.346    32.0748    24.5279 -9.990e-29
 286.437813     29.625  35.976817    10.8429    6.21003     29.376    32.0804    24.5308 -9.990e-29
 286.437818     29.675  35.983311    10.8490    6.20805     29.425    32.0815    24.5306 -9.990e-29
 286.437824     29.742  35.979012    10.8443    6.20908     29.492    32.0813    24.5313 -9.990e-29
 286.437830     29.823  35.967161    10.8255    6.19181     29.572    32.0860    24.5382 -9.990e-29
 286.437836     29.915  35.947098    10.8015    6.17749     29.663    32.0871    24.5432 -9.990e-29
 286.437841     30.009  35.918423    10.7814    6.18480     29.756    32.0762    24.5382 -9.990e-29
 286.437847     30.096  35.891110    10.7649    6.20509     29.843    32.0635    24.5312 -9.990e-29
 286.437853     30.164  35.877134    10.7494    6.22152     29.910    32.0632    24.5336 -9.990e-29
 286.437859     30.208  35.873552    10.7314    6.23998     29.954    32.0754    24.5462 -9.990e-29
 286.437865     30.231  35.869606    10.7113    6.25115     29.976    32.0891    24.5604 -9.990e-29
 286.437870     30.227  35.856106    10.6993    6.26039     29.973    32.0862    24.5602 -9.990e-29
 286.437876     30.185  35.842137    10.7003    6.26085     29.931    32.0715    24.5485 -9.990e-29
 286.437882     30.109  35.847184    10.7105    6.23844     29.856    32.0676    24.5438 -9.990e-29
 286.437888     30.005  35.865638    10.7264    6.23141     29.752    32.0720    24.5445 -9.990e-29
 286.437894     29.894  35.882862    10.7387    6.22077     29.642    32.0784    24.5473 -9.990e-29
 286.437899     29.797  35.893235    10.7418    6.22253     29.546    32.0860    24.5527 -9.990e-29
 286.437905     29.726  35.898259    10.7415    6.22046     29.476    32.0913    24.5569 -9.990e-29
 286.437911     29.680  35.900149    10.7399    6.22134     29.430    32.0946    24.5597 -9.990e-29
 286.437917     29.658  35.894693    10.7310    6.22520     29.408    32.0970    24.5631 -9.990e-29
 286.437922     29.656  35.882462    10.7135    6.23429     29.406    32.1002    24.5686 -9.990e-29
 286.437928     29.676  35.870689    10.6967    6.24102     29.426    32.1032    24.5739 -9.990e-29
 286.437934     29.718  35.863289    10.6878    6.24718     29.468    32.1037    24.5758 -9.990e-29
 286.437940     29.777  35.858796    10.6841    6.24122     29.526    32.1024    24.5754 -9.990e-29
 286.437946     29.834  35.853455    10.6834    6.23441     29.583    32.0977    24.5719 -9.990e-29
 286.437951     29.877  35.849666    10.6863    6.23358     29.626    32.0914    24.5664 -9.990e-29
 286.437957     29.899  35.853022    10.6908    6.23578     29.647    32.0907    24.5652 -9.990e-29
 286.437963     29.898  35.859586    10.6943    6.23249     29.646    32.0942    24.5673 -9.990e-29
 286.437969     29.878  35.863533    10.6962    6.24004     29.626    32.0965    24.5687 -9.990e-29
 286.437975     29.850  35.865640    10.6967    6.24010     29.599    32.0981    24.5699 -9.990e-29
 286.437980     29.830  35.867031    10.6964    6.23820     29.579    32.0998    24.5713 -9.990e-29
 286.437986     29.826  35.867319    10.6965    6.23845     29.575    32.1000    24.5714 -9.990e-29
 286.437992     29.831  35.867444    10.6977    6.23301     29.580    32.0991    24.5705 -9.990e-29
 286.437998     29.839  35.867569    10.7000    6.22653     29.588    32.0972    24.5686 -9.990e-29
 286.438003     29.846  35.868417    10.7051    6.23230     29.595    32.0935    24.5649 -9.990e-29
 286.438009     29.851  35.871674    10.7120    6.23565     29.600    32.0907    24.5615 -9.990e-29
 286.438015     29.856  35.874953    10.7159    6.24429     29.605    32.0905    24.5607 -9.990e-29
 286.438021     29.860  35.875898    10.7155    6.24360     29.609    32.0918    24.5618 -9.990e-29
 286.438027     29.860  35.874647    10.7149    6.24095     29.609    32.0911    24.5613 -9.990e-29
 286.438032     29.852  35.872330    10.7168    6.23821     29.601    32.0871    24.5579 -9.990e-29
 286.438038     29.834  35.871458    10.7202    6.22292     29.583    32.0833    24.5543 -9.990e-29
 286.438044     29.805  35.873108    10.7230    6.21596     29.554    32.0825    24.5532 -9.990e-29
 286.438050     29.773  35.875553    10.7229    6.20562     29.522    32.0850    24.5552 -9.990e-29
 286.438056     29.748  35.876446    10.7194    6.20285     29.498    32.0890    24.5589 -9.990e-29
 286.438061     29.733  35.875293    10.7140    6.21078     29.483    32.0926    24.5626 -9.990e-29
 286.438067     29.732  35.872797    10.7073    6.22359     29.482    32.0960    24.5664 -9.990e-29
 286.438073     29.752  35.868989    10.6988    6.23133     29.502    32.0997    24.5708 -9.990e-29
 286.438079     29.794  35.861589    10.6898    6.24209     29.543    32.1002    24.5727 -9.990e-29
 286.438084     29.846  35.849136    10.6838    6.24623     29.595    32.0930    24.5682 -9.990e-29
 286.438090     29.896  35.836881    10.6816    6.24385     29.644    32.0828    24.5606 -9.990e-29
 286.438096     29.944  35.832579    10.6813    6.24094     29.692    32.0787    24.5575 -9.990e-29
 286.438102     29.980  35.833854    10.6811    6.23032     29.728    32.0802    24.5586 -9.990e-29
 286.438108     30.002  35.836797    10.6806    6.22858     29.749    32.0835    24.5613 -9.990e-29
 286.438113     30.012  35.843647    10.6795    6.22985     29.759    32.0913    24.5676 -9.990e-29
 286.438119     30.001  35.849518    10.6769    6.22406     29.748    32.0994    24.5743 -9.990e-29
 286.438125     29.970  35.848782    10.6721    6.23233     29.718    32.1029    24.5779 -9.990e-29
 286.438131     29.923  35.843816    10.6646    6.21993     29.671    32.1046    24.5805 -9.990e-29
 286.438137     29.872  35.838648    10.6553    6.21728     29.621    32.1076    24.5845 -9.990e-29
 286.438142     29.831  35.835351    10.6493    6.22947     29.580    32.1097    24.5870 -9.990e-29
 286.438148     29.804  35.835133    10.6486    6.22363     29.553    32.1101    24.5875 -9.990e-29
 286.438154     29.790  35.837137    10.6494    6.22588     29.539    32.1114    24.5884 -9.990e-29
 286.438160     29.790  35.838425    10.6499    6.22375     29.539    32.1122    24.5889 -9.990e-29
 286.438166     29.801  35.839030    10.6509    6.20345     29.550    32.1119    24.5885 -9.990e-29
 286.438171     29.826  35.840317    10.6529    6.20380     29.575    32.1114    24.5878 -9.990e-29
 286.438177     29.862  35.841755    10.6559    6.20905     29.611    32.1102    24.5864 -9.990e-29
 286.438183     29.901  35.843576    10.6587    6.21534     29.649    32.1095    24.5854 -9.990e-29
 286.438189     29.939  35.844281    10.6586    6.22298     29.687    32.1103    24.5860 -9.990e-29
 286.438194     29.969  35.839761    10.6541    6.22310     29.717    32.1098    24.5863 -9.990e-29
 286.438200     29.989  35.827908    10.6429    6.21613     29.737    32.1078    24.5867 -9.990e-29
 286.438206     30.000  35.812534    10.6273    6.22167     29.747    32.1062    24.5881 -9.990e-29
 286.438212     29.998  35.803966    10.6199    6.22439     29.745    32.1042    24.5878 -9.990e-29
 286.438218     29.979  35.807592    10.6263    6.22703     29.727    32.1022    24.5852 -9.990e-29
 286.438223     29.950  35.815345    10.6351    6.22949     29.698    32.1022    24.5837 -9.990e-29
 286.438229     29.923  35.818500    10.6373    6.21453     29.671    32.1034    24.5842 -9.990e-29
 286.438235     29.903  35.818461    10.6359    6.20945     29.651    32.1046    24.5854 -9.990e-29
 286.438241     29.895  35.816858    10.6347    6.20236     29.643    32.1040    24.5852 -9.990e-29
 286.438247     29.894  35.813790    10.6330    6.19925     29.642    32.1025    24.5843 -9.990e-29
 286.438252     29.894  35.812451    10.6302    6.20612     29.642    32.1036    24.5856 -9.990e-29
 286.438258     29.892  35.813855    10.6267    6.20650     29.640    32.1081    24.5897 -9.990e-29
 286.438264     29.892  35.815385    10.6233    6.20973     29.640    32.1126    24.5938 -9.990e-29
 286.438270     29.910  35.814593    10.6207    6.20917     29.658    32.1141    24.5954 -9.990e-29
 286.438275     29.949  35.809860    10.6168    6.20308     29.697    32.1128    24.5951 -9.990e-29
 286.438281     29.994  35.801037    10.6110    6.20083     29.742    32.1091    24.5932 -9.990e-29
