data/oxygen options/OCNMS/OCNMS1/raw_data/2007/CTD_CE015_101207faed.cnv
* Sea-Bird SBE19 Data File:
* FileName = C:\2007_mooring_data\retrieval_101207\CTD_CE015_101207.hex
* Software Version 1.20
* Temperature SN = 2997
* Conductivity SN = 2997
* System UpLoad Time = Oct 12 2007 13:28:21
* SEACAT PROFILER V3.1c SN 2997   10/12/07  13:27:41.352
* strain gauge pressure sensor: S/N = 184829,  range = 3000 psia,  tc = 40
# nquan = 9                                 
# nvalues = 539                         
# units = specified
# name 0 = timeJ: Julian Days
# name 1 = prSM: Pressure, Strain Gauge [db]
# name 2 = c0mS/cm: Conductivity [mS/cm]
# name 3 = t090C: Temperature [ITS-90, deg C]
# name 4 = oxML/L: Oxygen, Beckman/YSI [ml/l]
# name 5 = depSM: Depth [salt water, m], lat = 47.5
# name 6 = sal00: Salinity, Practical [PSU]
# name 7 = sigma-é00: Density [sigma-theta, kg/m^3]
# name 8 = flag: flag
# span 0 = 285.455972, 285.459086       
# span 1 =     -4.309,     14.293       
# span 2 =   0.118344,  35.522341       
# span 3 =    12.5142,    13.3346       
# span 4 =   -0.07155,   32.31547       
# span 5 =     -4.273,     14.173       
# span 6 =     0.0736,    30.2063       
# span 7 =    -0.6049,    22.7657       
# span 8 = 0.0000e+00, 0.0000e+00       
# interval = seconds: 0.5
# start_time = Oct 12 2007 10:56:36 [Instrument's time stamp, header]
# bad_flag = -9.990e-29
*END*
 285.455972     -4.309 -9.990e-29    13.3346   -0.07151     -4.273 -9.990e-29 -9.990e-29 -9.990e-29
 285.455978     -4.292   0.120839    13.3277   -0.07149     -4.256     0.0750    -0.6049 -9.990e-29
 285.455984     -4.275   0.119916    13.3151   -0.07150     -4.239     0.0745    -0.6036 -9.990e-29
 285.455990     -4.264   0.118994    13.3029   -0.07153     -4.228     0.0740    -0.6025 -9.990e-29
 285.455995     -4.261   0.118506    13.2927   -0.07153     -4.225     0.0737    -0.6013 -9.990e-29
 285.456001     -4.254   0.118356    13.2821   -0.07153     -4.219     0.0736    -0.6000 -9.990e-29
 285.456007     -4.245   0.118344    13.2701   -0.07153     -4.210     0.0736    -0.5985 -9.990e-29
 285.456013     -4.237   0.118453    13.2591   -0.07153     -4.202     0.0737    -0.5970 -9.990e-29
 285.456019     -4.220   0.118828    13.2526   -0.07153     -4.185     0.0739    -0.5959 -9.990e-29
 285.456024     -4.190   0.119414    13.2514   -0.07155     -4.155     0.0743    -0.5955 -9.990e-29
 285.456030     -4.157   0.119884    13.2514   -0.07155     -4.122     0.0746    -0.5953 -9.990e-29
 285.456036     -4.128   0.120311    13.2478   -0.07152     -4.094     0.0748    -0.5946 -9.990e-29
 285.456042     -4.101   0.121263    13.2420   -0.07150     -4.067     0.0754    -0.5934 -9.990e-29
 285.456047     -4.074   0.123453    13.2383   -0.07102     -4.040     0.0768    -0.5919 -9.990e-29
 285.456053     -4.046   0.125920    13.2374   -0.06084     -4.012     0.0783    -0.5906 -9.990e-29
 285.456059     -4.010   0.126964    13.2373   -0.06090     -3.977     0.0789    -0.5901 -9.990e-29
 285.456065     -3.961   0.127977    13.2374   -0.06079     -3.928     0.0795    -0.5896 -9.990e-29
 285.456071     -3.902   0.131972    13.2363   -0.06083     -3.869     0.0820    -0.5875 -9.990e-29
 285.456076     -3.844   0.143722    13.2335   -0.06086     -3.812     0.0892    -0.5816 -9.990e-29
 285.456082     -3.791   0.178338    13.2311   -0.06082     -3.759     0.1105    -0.5646 -9.990e-29
 285.456088     -3.744   0.281421    13.2277   -0.06074     -3.713     0.1752    -0.5137 -9.990e-29
 285.456094     -3.697   0.584868    13.2098   -0.06085     -3.666     0.3716    -0.3585 -9.990e-29
 285.456100     -3.641   1.479419    13.1445   -0.06163     -3.611     0.9793     0.1223 -9.990e-29
 285.456105     -3.573   4.144503    13.0107   -0.06058     -3.543     2.9175     1.6413 -9.990e-29
 285.456111     -3.489  11.584464    12.8548   -0.06055     -3.460     8.8149     6.2135 -9.990e-29
 285.456117     -3.383  22.404369    12.7392   -0.06053     -3.355    18.1028    13.3871 -9.990e-29
 285.456123     -3.257  29.763271    12.6708   -0.06057     -3.230    24.7718    18.5436 -9.990e-29
 285.456128     -3.121  32.493921    12.6341   -0.06056     -3.095    27.3197    20.5189 -9.990e-29
 285.456134     -2.975  33.512148    12.6239   -0.06052     -2.950    28.2764    21.2605 -9.990e-29
 285.456140     -2.817  33.895958    12.6389   -0.06046     -2.794    28.6238    21.5265 -9.990e-29
 285.456146     -2.659  34.043874    12.6665   -0.06046     -2.637    28.7412    21.6121 -9.990e-29
 285.456152     -2.512  33.962005    12.6880   -0.06047     -2.491    28.6482    21.5363 -9.990e-29
 285.456157     -2.380  33.561335    12.6980   -0.06049     -2.360    28.2666    21.2393 -9.990e-29
 285.456163     -2.263  33.369845    12.7007   -0.06049     -2.244    28.0860    21.0991 -9.990e-29
 285.456169     -2.162  33.837472    12.7013   -0.06049     -2.144    28.5217    21.4359 -9.990e-29
 285.456175     -2.075  34.351180    12.7029   -0.06052     -2.058    29.0007    21.8061 -9.990e-29
 285.456181     -1.997  34.530843    12.7073   -0.06051     -1.980    29.1654    21.9327 -9.990e-29
 285.456186     -1.927  34.581236    12.7154   -0.06053     -1.911    29.2063    21.9628 -9.990e-29
 285.456192     -1.868  34.614353    12.7251   -0.06056     -1.852    29.2298    21.9792 -9.990e-29
 285.456198     -1.818  34.668156    12.7311   -0.06056     -1.803    29.2755    22.0134 -9.990e-29
 285.456204     -1.768  34.716286    12.7306   -0.06054     -1.753    29.3210    22.0486 -9.990e-29
 285.456209     -1.721  34.733783    12.7267   -0.06053     -1.707    29.3404    22.0644 -9.990e-29
 285.456215     -1.676  34.729376    12.7257   -0.06056     -1.662    29.3370    22.0620 -9.990e-29
 285.456221     -1.632  34.719019    12.7292   -0.06052     -1.618    29.3246    22.0517 -9.990e-29
 285.456227     -1.589  34.700641    12.7319   -0.06057     -1.576    29.3052    22.0362 -9.990e-29
 285.456233     -1.555  34.665960    12.7299   -0.06058     -1.542    29.2743    22.0127 -9.990e-29
 285.456238     -1.525  34.626989    12.7218   -0.06059     -1.512    29.2441    21.9908 -9.990e-29
 285.456244     -1.495  34.604595    12.7114   -0.06060     -1.483    29.2311    21.9828 -9.990e-29
 285.456250     -1.466  34.598594    12.7051   -0.06057     -1.454    29.2304    21.9834 -9.990e-29
 285.456256     -1.442  34.602072    12.7046   -0.06055     -1.430    29.2340    21.9863 -9.990e-29
 285.456262     -1.420  34.614594    12.7063   -0.06058     -1.408    29.2444    21.9940 -9.990e-29
 285.456267     -1.399  34.627606    12.7075   -0.06059     -1.387    29.2557    22.0025 -9.990e-29
 285.456273     -1.378  34.628168    12.7066   -0.06057     -1.367    29.2569    22.0036 -9.990e-29
 285.456279     -1.355  34.623728    12.7002   -0.06052     -1.344    29.2577    22.0054 -9.990e-29
 285.456285     -1.329  34.618423    12.6906   -0.06053     -1.318    29.2601    22.0091 -9.990e-29
 285.456291     -1.303  34.608515    12.6872   -0.06054     -1.292    29.2535    22.0046 -9.990e-29
 285.456296     -1.284  34.604860    12.6925   -0.06055     -1.273    29.2459    21.9977 -9.990e-29
 285.456302     -1.269  34.594709    12.6992   -0.06055     -1.258    29.2312    21.9851 -9.990e-29
 285.456308     -1.255  34.576266    12.7009   -0.06054     -1.245    29.2126    21.9704 -9.990e-29
 285.456314     -1.241  34.577033    12.6989   -0.06054     -1.231    29.2149    21.9725 -9.990e-29
 285.456319     -1.224  34.587917    12.6981   -0.06054     -1.214    29.2257    21.9810 -9.990e-29
 285.456325     -1.209  34.586414    12.6997   -0.06054     -1.199    29.2231    21.9787 -9.990e-29
 285.456331     -1.199  34.587304    12.6998   -0.06055     -1.189    29.2238    21.9793 -9.990e-29
 285.456337     -1.189  34.615843    12.6963   -0.06055     -1.179    29.2533    22.0027 -9.990e-29
 285.456343     -1.173  34.661300    12.6919   -0.06055     -1.163    29.2993    22.0391 -9.990e-29
 285.456348     -1.157  34.691225    12.6892   -0.06060     -1.147    29.3294    22.0629 -9.990e-29
 285.456354     -1.141  34.698413    12.6886   -0.06062     -1.131    29.3366    22.0686 -9.990e-29
 285.456360     -1.126  34.696341    12.6893   -0.06060     -1.117    29.3341    22.0666 -9.990e-29
 285.456366     -1.111  34.696230    12.6896   -0.06061     -1.102    29.3338    22.0662 -9.990e-29
 285.456372     -1.094  34.702387    12.6887   -0.06060     -1.085    29.3402    22.0714 -9.990e-29
 285.456377     -1.075  34.709542    12.6870   -0.06060     -1.066    29.3483    22.0779 -9.990e-29
 285.456383     -1.052  34.712635    12.6851   -0.06060     -1.043    29.3526    22.0817 -9.990e-29
 285.456389     -1.029  34.709596    12.6824   -0.06060     -1.020    29.3519    22.0816 -9.990e-29
 285.456395     -1.007  34.699707    12.6763   -0.06060     -0.999    29.3473    22.0792 -9.990e-29
 285.456400     -0.986  34.691049    12.6674   -0.06060     -0.978    29.3461    22.0799 -9.990e-29
 285.456406     -0.968  34.678216    12.6618   -0.06059     -0.960    29.3384    22.0750 -9.990e-29
 285.456412     -0.953  34.650793    12.6623   -0.06059     -0.945    29.3123    22.0547 -9.990e-29
 285.456418     -0.930  34.628787    12.6653   -0.06059     -0.922    29.2893    22.0364 -9.990e-29
 285.456424     -0.899  34.620937    12.6674   -0.06059     -0.891    29.2803    22.0290 -9.990e-29
 285.456429     -0.870  34.615627    12.6679   -0.06059     -0.863    29.2750    22.0248 -9.990e-29
 285.456435     -0.851  34.615276    12.6677   -0.06059     -0.844    29.2748    22.0247 -9.990e-29
 285.456441     -0.834  34.620507    12.6681   -0.06061     -0.827    29.2794    22.0282 -9.990e-29
 285.456447     -0.816  34.625377    12.6692   -0.06065     -0.809    29.2831    22.0308 -9.990e-29
 285.456453     -0.795  34.627946    12.6704   -0.06066     -0.788    29.2845    22.0317 -9.990e-29
 285.456458     -0.774  34.628249    12.6708   -0.06064     -0.768    29.2845    22.0316 -9.990e-29
 285.456464     -0.756  34.628901    12.6707   -0.06063     -0.750    29.2852    22.0322 -9.990e-29
 285.456470     -0.740  34.633546    12.6709   -0.06064     -0.734    29.2894    22.0354 -9.990e-29
 285.456476     -0.724  34.640504    12.6712   -0.06063     -0.718    29.2957    22.0402 -9.990e-29
 285.456481     -0.708  34.642770    12.6705   -0.06063     -0.702    29.2983    22.0424 -9.990e-29
 285.456487     -0.695  34.638855    12.6676   -0.06062     -0.689    29.2969    22.0418 -9.990e-29
 285.456493     -0.689  34.634718    12.6630   -0.06063     -0.683    29.2966    22.0424 -9.990e-29
 285.456499     -0.684  34.625374    12.6582   -0.06062     -0.678    29.2916    22.0394 -9.990e-29
 285.456505     -0.672  34.597217    12.6551   -0.06061     -0.666    29.2675    22.0214 -9.990e-29
 285.456510     -0.652  34.563113    12.6550   -0.06061     -0.647    29.2356    21.9968 -9.990e-29
 285.456516     -0.628  34.550415    12.6558   -0.06061     -0.623    29.2231    21.9869 -9.990e-29
 285.456522     -0.597  34.560096    12.6555   -0.06061     -0.592    29.2324    21.9942 -9.990e-29
 285.456528     -0.561  34.574774    12.6552   -0.06062     -0.556    29.2464    22.0051 -9.990e-29
 285.456534     -0.528  34.584851    12.6556   -0.06065     -0.524    29.2555    22.0120 -9.990e-29
 285.456539     -0.504  34.593083    12.6564   -0.06065     -0.500    29.2626    22.0174 -9.990e-29
 285.456545     -0.487  34.599771    12.6576   -0.06065     -0.483    29.2679    22.0213 -9.990e-29
 285.456551     -0.472  34.602594    12.6594   -0.06064     -0.468    29.2692    22.0219 -9.990e-29
 285.456557     -0.462  34.604728    12.6618   -0.06062     -0.458    29.2693    22.0216 -9.990e-29
 285.456563     -0.461  34.609550    12.6638   -0.06061     -0.457    29.2723    22.0235 -9.990e-29
 285.456568     -0.468  34.615055    12.6639   -0.06061     -0.464    29.2774    22.0274 -9.990e-29
 285.456574     -0.480  34.616226    12.6613   -0.06061     -0.476    29.2805    22.0303 -9.990e-29
 285.456580     -0.489  34.613475    12.6567   -0.06060     -0.485    29.2815    22.0319 -9.990e-29
 285.456586     -0.492  34.610390    12.6529   10.51450     -0.488    29.2815    22.0327 -9.990e-29
 285.456591     -0.487  34.599468    12.6521   28.87050     -0.483    29.2719    22.0254 -9.990e-29
 285.456597     -0.472  34.579568    12.6548   32.31547     -0.468    29.2512    22.0088 -9.990e-29
 285.456603     -0.445  34.567839    12.6599   30.20116     -0.441    29.2362    21.9963 -9.990e-29
 285.456609     -0.417  34.567671    12.6655   22.03525     -0.414    29.2317    21.9918 -9.990e-29
 285.456615     -0.395  34.570964    12.6696   14.96271     -0.392    29.2316    21.9909 -9.990e-29
 285.456620     -0.378  34.575917    12.6716   15.06019     -0.375    29.2347    21.9929 -9.990e-29
 285.456626     -0.364  34.582941    12.6726   15.01234     -0.361    29.2405    21.9973 -9.990e-29
 285.456632     -0.352  34.592406    12.6730   14.81409     -0.349    29.2490    22.0038 -9.990e-29
 285.456638     -0.343  34.604576    12.6719    8.56853     -0.340    29.2613    22.0135 -9.990e-29
 285.456644     -0.334  34.619395    12.6683    4.00592     -0.331    29.2780    22.0271 -9.990e-29
 285.456649     -0.326  34.620727    12.6642    2.42680     -0.323    29.2824    22.0313 -9.990e-29
 285.456655     -0.318  34.603033    12.6636    3.10475     -0.315    29.2663    22.0189 -9.990e-29
 285.456661     -0.310  34.590888    12.6646    6.08015     -0.307    29.2541    22.0093 -9.990e-29
 285.456667     -0.301  34.580959    12.6628    7.36124     -0.298    29.2462    22.0035 -9.990e-29
 285.456672     -0.291  34.535882    12.6576    7.67784     -0.289    29.2079    21.9749 -9.990e-29
 285.456678     -0.278  34.459414    12.6509    7.84928     -0.276    29.1414    21.9247 -9.990e-29
 285.456684     -0.263  34.417696    12.6449    7.93976     -0.261    29.1069    21.8991 -9.990e-29
 285.456690     -0.243  34.426810    12.6403    7.98627     -0.241    29.1190    21.9093 -9.990e-29
 285.456696     -0.219  34.435372    12.6371    8.01333     -0.217    29.1295    21.9180 -9.990e-29
 285.456701     -0.192  34.433493    12.6354    8.02811     -0.190    29.1291    21.9180 -9.990e-29
 285.456707     -0.170  34.453776    12.6358    8.03265     -0.169    29.1478    21.9324 -9.990e-29
 285.456713     -0.154  34.519323    12.6393    8.01337     -0.153    29.2065    21.9772 -9.990e-29
 285.456719     -0.141  34.600764    12.6449    7.97319     -0.140    29.2786    22.0319 -9.990e-29
 285.456725     -0.125  34.642477    12.6486    7.97235     -0.124    29.3149    22.0593 -9.990e-29
 285.456730     -0.109  34.630022    12.6481    7.99383     -0.108    29.3036    22.0506 -9.990e-29
 285.456736     -0.096  34.591067    12.6455    8.01643     -0.095    29.2690    22.0244 -9.990e-29
 285.456742     -0.086  34.558853    12.6400    8.03325     -0.085    29.2431    22.0053 -9.990e-29
 285.456748     -0.078  34.527974    12.6314    8.03591     -0.077    29.2207    21.9897 -9.990e-29
 285.456753     -0.072  34.470707    12.6227    8.03248     -0.071    29.1737    21.9549 -9.990e-29
 285.456759     -0.067  34.407082    12.6166    8.05123     -0.066    29.1188    21.9135 -9.990e-29
 285.456765     -0.062  34.382280    12.6146    8.04470     -0.061    29.0970    21.8971 -9.990e-29
 285.456771     -0.058  34.387325    12.6140    8.03540     -0.058    29.1022    21.9012 -9.990e-29
 285.456777     -0.054  34.391952    12.6128    8.03249     -0.054    29.1075    21.9055 -9.990e-29
 285.456782     -0.050  34.383271    12.6115    8.03419     -0.050    29.1004    21.9002 -9.990e-29
 285.456788     -0.042  34.382208    12.6117    8.05348     -0.042    29.0992    21.8993 -9.990e-29
 285.456794     -0.024  34.439461    12.6145    8.04081     -0.024    29.1507    21.9386 -9.990e-29
 285.456800      0.000  34.524325    12.6166    8.01622      0.000    29.2288    21.9986 -9.990e-29
 285.456806      0.028  34.543711    12.6166    7.97544      0.028    29.2469    22.0127 -9.990e-29
 285.456811      0.056  34.506090    12.6185    7.95964      0.056    29.2102    21.9839 -9.990e-29
 285.456817      0.079  34.488516    12.6257    7.95519      0.078    29.1881    21.9655 -9.990e-29
 285.456823      0.097  34.521914    12.6364    7.94712      0.096    29.2111    21.9813 -9.990e-29
 285.456829      0.117  34.586362    12.6428    7.94280      0.116    29.2666    22.0230 -9.990e-29
 285.456834      0.135  34.615351    12.6405    7.94922      0.134    29.2956    22.0459 -9.990e-29
 285.456840      0.147  34.590366    12.6346    7.96324      0.146    29.2767    22.0324 -9.990e-29
 285.456846      0.156  34.549268    12.6301    7.98572      0.155    29.2416    22.0061 -9.990e-29
 285.456852      0.160  34.513476    12.6271    8.00129      0.159    29.2104    21.9824 -9.990e-29
 285.456858      0.161  34.494107    12.6241    7.95883      0.160    29.1945    21.9707 -9.990e-29
 285.456863      0.159  34.471495    12.6198    7.91865      0.158    29.1766    21.9577 -9.990e-29
 285.456869      0.157  34.438466    12.6157    7.89312      0.156    29.1488    21.9369 -9.990e-29
 285.456875      0.161  34.423833    12.6184    7.90760      0.160    29.1330    21.9242 -9.990e-29
 285.456881      0.169  34.475333    12.6278    7.92573      0.168    29.1740    21.9542 -9.990e-29
 285.456887      0.183  34.575318    12.6315    7.95175      0.181    29.2650    22.0239 -9.990e-29
 285.456892      0.199  34.607708    12.6262    7.94522      0.197    29.2995    22.0516 -9.990e-29
