data/oxygen options/OCNMS/OCNMS1/raw_data/2007/CTD_CA015_071007faed.cnv
* Sea-Bird SBE19 Data File:
* FileName = C:\2007_mooring_data\CTD_CA015_071007.hex
* Software Version 1.1.6
* Temperature SN = 2997
* Conductivity SN = 2997
* System UpLoad Time = Jul 10 2007 16:45:50
* SEACAT PROFILER V3.1c SN 2997   07/10/07  16:45:19.314
* strain gauge pressure sensor: S/N = 184829,  range = 3000 psia,  tc = 40
# nquan = 9                                 
# nvalues = 1279                        
# units = specified
# name 0 = timeJ: Julian Days
# name 1 = prSM: Pressure, Strain Gauge [db]
# name 2 = c0mS/cm: Conductivity [mS/cm]
# name 3 = t090C: Temperature [ITS-90, deg C]
# name 4 = oxML/L: Oxygen, Beckman/YSI [ml/l]
# name 5 = depSM: Depth [salt water, m], lat = 47.5
# name 6 = sal00: Salinity, Practical [PSU]
# name 7 = sigma-é00: Density [sigma-theta, kg/m^3]
# name 8 = flag: flag
# span 0 = 191.687882, 191.695278       
# span 1 =     -5.441,     23.195       
# span 2 =   0.739872,  38.985260       
# span 3 =     7.3184,    18.9579       
# span 4 =   -0.06213,   34.37804       
# span 5 =     -5.396,     23.000       
# span 6 =     0.4133,    33.6525       
# span 7 =    -1.2525,    26.2307       
# span 8 = 0.0000e+00, 0.0000e+00       
# interval = seconds: 0.5
# start_time = Jul 10 2007 16:30:33 [Instrument's time stamp, header]
# bad_flag = -9.990e-29
*END*
[from data line 321]
 191.689740      1.071  36.370042    11.0069    6.73853      1.062    32.3376    24.7017 -9.990e-29
 191.689745      1.068  36.358618    10.9945    6.72490      1.059    32.3372    24.7036 -9.990e-29
 191.689751      1.067  36.336481    10.9685    6.68499      1.058    32.3383    24.7090 -9.990e-29
 191.689757      1.070  36.308291    10.9404    6.65710      1.061    32.3351    24.7115 -9.990e-29
 191.689763      1.070  36.290255    10.9245    6.64933      1.061    32.3313    24.7113 -9.990e-29
 191.689769      1.066  36.286893    10.9221    6.66039      1.057    32.3301    24.7108 -9.990e-29
 191.689774      1.059  36.291461    10.9211    6.71536      1.050    32.3355    24.7151 -9.990e-29
 191.689780      1.055  36.292100    10.9069    6.73258      1.046    32.3487    24.7279 -9.990e-29
 191.689786      1.053  36.275637    10.8795    6.72710      1.044    32.3565    24.7388 -9.990e-29
 191.689792      1.049  36.244211    10.8583    6.70254      1.040    32.3441    24.7328 -9.990e-29
 191.689797      1.037  36.228769    10.8621    6.71382      1.028    32.3254    24.7176 -9.990e-29
 191.689803      1.022  36.242331    10.8882    6.72669      1.013    32.3158    24.7056 -9.990e-29
 191.689809      1.011  36.267093    10.9211    6.74942      1.003    32.3114    24.6964 -9.990e-29
 191.689815      1.013  36.298506    10.9431    6.76570      1.005    32.3231    24.7016 -9.990e-29
 191.689821      1.030  36.317354    10.9423    6.77421      1.021    32.3424    24.7168 -9.990e-29
 191.689826      1.061  36.300000    10.9305    6.76851      1.052    32.3357    24.7136 -9.990e-29
 191.689832      1.095  36.274865    10.9284    6.78066      1.086    32.3126    24.6961 -9.990e-29
 191.689838      1.116  36.277360    10.9405    6.78573      1.107    32.3044    24.6876 -9.990e-29
 191.689844      1.116  36.299581    10.9587    6.79854      1.107    32.3104    24.6890 -9.990e-29
 191.689850      1.106  36.322942    10.9754    6.81088      1.097    32.3188    24.6926 -9.990e-29
 191.689855      1.097  36.342149    10.9875    6.79343      1.088    32.3271    24.6970 -9.990e-29
 191.689861      1.092  36.350855    10.9929    6.78468      1.083    32.3310    24.6990 -9.990e-29
 191.689867      1.091  36.350572    10.9947    6.78161      1.082    32.3291    24.6973 -9.990e-29
 191.689873      1.095  36.352680    10.9983    6.77944      1.086    32.3280    24.6958 -9.990e-29
 191.689878      1.104  36.358296    11.0021    6.77866      1.095    32.3302    24.6968 -9.990e-29
 191.689884      1.117  36.364806    11.0016    6.78727      1.108    32.3371    24.7023 -9.990e-29
 191.689890      1.136  36.363504    10.9957    6.79704      1.127    32.3410    24.7063 -9.990e-29
 191.689896      1.158  36.341993    10.9878    6.79754      1.148    32.3267    24.6966 -9.990e-29
 191.689902      1.172  36.320902    10.9834    6.79745      1.162    32.3097    24.6841 -9.990e-29
 191.689907      1.169  36.324223    10.9845    6.79810      1.159    32.3120    24.6857 -9.990e-29
 191.689913      1.159  36.336750    10.9893    6.79412      1.149    32.3202    24.6913 -9.990e-29
 191.689919      1.153  36.343226    10.9959    6.81511      1.143    32.3208    24.6906 -9.990e-29
 191.689925      1.155  36.349471    10.9997    6.82175      1.145    32.3236    24.6921 -9.990e-29
 191.689931      1.165  36.354833    10.9991    6.83089      1.155    32.3294    24.6967 -9.990e-29
 191.689936      1.180  36.351877    10.9998    6.83299      1.170    32.3259    24.6939 -9.990e-29
 191.689942      1.192  36.349542    11.0060    6.84300      1.182    32.3181    24.6867 -9.990e-29
 191.689948      1.197  36.356470    11.0151    6.85219      1.187    32.3169    24.6842 -9.990e-29
 191.689954      1.201  36.366751    11.0247    6.84740      1.191    32.3186    24.6838 -9.990e-29
 191.689959      1.208  36.378949    11.0349    6.84654      1.198    32.3217    24.6844 -9.990e-29
 191.689965      1.217  36.391943    11.0440    6.81060      1.207    32.3265    24.6866 -9.990e-29
 191.689971      1.231  36.398383    11.0496    6.81017      1.221    32.3280    24.6867 -9.990e-29
 191.689977      1.245  36.398440    11.0530    6.83006      1.235    32.3250    24.6838 -9.990e-29
 191.689983      1.255  36.400585    11.0569    6.81232      1.245    32.3237    24.6821 -9.990e-29
 191.689988      1.263  36.404864    11.0616    6.76580      1.252    32.3238    24.6813 -9.990e-29
 191.689994      1.269  36.403145    11.0654    6.73363      1.258    32.3187    24.6768 -9.990e-29
 191.690000      1.274  36.393689    11.0673    6.74080      1.263    32.3077    24.6679 -9.990e-29
 191.690006      1.278  36.375826    11.0673    6.78525      1.267    32.2901    24.6541 -9.990e-29
 191.690012      1.280  36.362702    11.0635    6.80581      1.269    32.2805    24.6473 -9.990e-29
 191.690017      1.282  36.366128    11.0488    6.77191      1.271    32.2968    24.6626 -9.990e-29
 191.690023      1.287  36.360379    11.0169    6.69505      1.276    32.3192    24.6856 -9.990e-29
 191.690029      1.296  36.332162    10.9841    6.67187      1.285    32.3201    24.6922 -9.990e-29
 191.690035      1.302  36.310530    10.9825    6.67390      1.291    32.3002    24.6769 -9.990e-29
 191.690041      1.303  36.320417    11.0095    6.65748      1.292    32.2862    24.6613 -9.990e-29
 191.690046      1.309  36.344144    11.0262    6.65712      1.298    32.2949    24.6651 -9.990e-29
 191.690052      1.325  36.349427    10.9997    6.64943      1.314    32.3235    24.6920 -9.990e-29
 191.690058      1.347  36.316954    10.9381    6.67744      1.336    32.3456    24.7201 -9.990e-29
 191.690064      1.369  36.256656    10.8900    6.69802      1.358    32.3283    24.7150 -9.990e-29
 191.690069      1.382  36.227672    10.8802    6.66460      1.370    32.3082    24.7011 -9.990e-29
 191.690075      1.384  36.241761    10.8880    6.61950      1.372    32.3153    24.7052 -9.990e-29
 191.690081      1.378  36.252658    10.8953    6.63652      1.366    32.3197    24.7073 -9.990e-29
 191.690087      1.374  36.253571    10.9040    6.64301      1.363    32.3129    24.7006 -9.990e-29
 191.690093      1.375  36.258027    10.9187    6.67520      1.364    32.3044    24.6913 -9.990e-29
 191.690098      1.381  36.266902    10.9261    6.69180      1.369    32.3066    24.6918 -9.990e-29
 191.690104      1.397  36.258375    10.9036    6.67729      1.385    32.3180    24.7046 -9.990e-29
 191.690110      1.428  36.221620    10.8657    6.66788      1.416    32.3150    24.7089 -9.990e-29
 191.690116      1.467  36.201215    10.8567    6.69668      1.455    32.3027    24.7009 -9.990e-29
 191.690122      1.505  36.221487    10.8898    6.73708      1.492    32.2936    24.6880 -9.990e-29
 191.690127      1.543  36.251701    10.9349    6.72265      1.530    32.2837    24.6725 -9.990e-29
 191.690133      1.593  36.276624    10.9595    6.68621      1.580    32.2867    24.6705 -9.990e-29
 191.690139      1.662  36.289680    10.9572    6.66522      1.648    32.3017    24.6825 -9.990e-29
 191.690145      1.754  36.276315    10.9390    6.63786      1.739    32.3044    24.6878 -9.990e-29
 191.690150      1.875  36.255685    10.9232    6.50104      1.859    32.2979    24.6855 -9.990e-29
 191.690156      2.034  36.254624    10.9084    6.26043      2.017    32.3098    24.6974 0.0000e+00
 191.690162      2.239  36.253753    10.8668    6.01042      2.220    32.3455    24.7325 0.0000e+00
 191.690168      2.501  36.216573    10.7828    5.74758      2.480    32.3828    24.7761 0.0000e+00
 191.690174      2.821  36.150100    10.6676    5.56131      2.797    32.4186    24.8239 0.0000e+00
 191.690179      3.196  36.085620    10.5332    5.36026      3.169    32.4736    24.8899 0.0000e+00
 191.690185      3.611  36.024554    10.3537    5.09040      3.581    32.5727    24.9977 0.0000e+00
 191.690191      4.053  35.926913    10.0976    4.77419      4.019    32.7046    25.1438 0.0000e+00
 191.690197      4.516  35.768392     9.8006    4.44080      4.478    32.8129    25.2776 0.0000e+00
 191.690203      4.991  35.585305     9.5346    4.13554      4.949    32.8685    25.3644 0.0000e+00
 191.690208      5.466  35.409765     9.3195    3.88112      5.420    32.8852    25.4121 0.0000e+00
 191.690214      5.937  35.260953     9.1162    3.63110      5.887    32.9186    25.4704 0.0000e+00
 191.690220      6.411  35.149417     8.8801    3.40224      6.357    33.0213    25.5877 0.0000e+00
 191.690226      6.902  35.034547     8.6000    3.23351      6.844    33.1626    25.7415 0.0000e+00
 191.690231      7.416  34.886979     8.3073    3.10105      7.354    33.2826    25.8798 0.0000e+00
 191.690237      7.946  34.731245     8.0554    3.03268      7.880    33.3561    25.9749 0.0000e+00
 191.690243      8.488  34.607866     7.8780    2.99136      8.417    33.3933    26.0300 0.0000e+00
 191.690249      9.038  34.534373     7.7685    2.97424      8.962    33.4191    26.0661 0.0000e+00
 191.690255      9.591  34.491718     7.6996    2.95583      9.511    33.4391    26.0918 0.0000e+00
 191.690260     10.150  34.459960     7.6537    2.95414     10.065    33.4487    26.1059 0.0000e+00
 191.690266     10.706  34.437059     7.6240    2.95069     10.616    33.4524    26.1130 0.0000e+00
 191.690272     11.248  34.421582     7.6040    2.96655     11.154    33.4547    26.1177 0.0000e+00
 191.690278     11.772  34.410232     7.5878    2.95624     11.673    33.4578    26.1224 0.0000e+00
 191.690284     12.281  34.400737     7.5724    2.95814     12.178    33.4621    26.1280 0.0000e+00
 191.690289     12.785  34.391616     7.5567    2.95139     12.678    33.4671    26.1342 0.0000e+00
 191.690295     13.297  34.382446     7.5408    2.94674     13.186    33.4723    26.1405 0.0000e+00
 191.690301     13.822  34.373303     7.5271    2.94249     13.706    33.4754    26.1449 0.0000e+00
 191.690307     14.364  34.365416     7.5170    2.92827     14.244    33.4763    26.1471 0.0000e+00
 191.690313     14.914  34.359448     7.5102    2.93107     14.789    33.4762    26.1479 0.0000e+00
 191.690318     15.461  34.355259     7.5046    2.90993     15.331    33.4768    26.1492 0.0000e+00
 191.690324     16.004  34.351160     7.4964    2.89147     15.870    33.4800    26.1529 0.0000e+00
 191.690330     16.558  34.345581     7.4840    2.85929     16.419    33.4857    26.1591 0.0000e+00
 191.690336     17.131  34.338904     7.4673    2.84685     16.987    33.4943    26.1683 0.0000e+00
 191.690341     17.712  34.330046     7.4472    2.82714     17.563    33.5038    26.1786 0.0000e+00
 191.690347     18.284  34.319496     7.4284    2.80989     18.131    33.5103    26.1864 0.0000e+00
 191.690353     18.840  34.311090     7.4125    2.79252     18.682    33.5163    26.1933 0.0000e+00
 191.690359     19.380  34.303116     7.3932    2.77671     19.217    33.5261    26.2037 0.0000e+00
 191.690365     19.909  34.290517     7.3703    2.77830     19.742    33.5343    26.2134 0.0000e+00
 191.690370     20.435  34.277199     7.3520    2.74992     20.263    33.5373    26.2184 0.0000e+00
 191.690376     20.957  34.268912     7.3394    2.73944     20.781    33.5403    26.2224 0.0000e+00
 191.690382     21.461  34.263542     7.3288    2.72129     21.281    33.5445    26.2272 0.0000e+00
 191.690388     21.928  34.258382     7.3210    2.71902     21.744    33.5462    26.2297 0.0000e+00
 191.690394     22.332  34.254932     7.3190    2.71867     22.144    33.5442    26.2284 0.0000e+00
 191.690399     22.652  34.255848     7.3226    2.71419     22.462    33.5416    26.2258 0.0000e+00
 191.690405     22.890  34.259523     7.3270    2.70373     22.698    33.5412    26.2249 0.0000e+00
 191.690411     23.062  34.260746     7.3261    2.70209     22.868    33.5433    26.2267 -9.990e-29
 191.690417     23.170  34.257203     7.3209    2.70721     22.975    33.5444    26.2283 -9.990e-29
 191.690422     23.195  34.253116     7.3184    2.70966     23.000    33.5424    26.2271 -9.990e-29
 191.690428     23.118  34.254217     7.3194    2.72101     22.924    33.5427    26.2271 -9.990e-29
 191.690434     22.942  34.258026     7.3196    2.71827     22.749    33.5467    26.2303 0.0000e+00
 191.690440     22.690  34.258954     7.3201    2.73172     22.499    33.5473    26.2307 0.0000e+00
 191.690446     22.393  34.258219     7.3234    2.72068     22.205    33.5435    26.2272 0.0000e+00
 191.690451     22.081  34.258742     7.3282    2.73587     21.896    33.5395    26.2234 0.0000e+00
 191.690457     21.766  34.260082     7.3328    2.74148     21.583    33.5367    26.2206 0.0000e+00
 191.690463     21.446  34.261765     7.3369    2.75864     21.266    33.5347    26.2184 0.0000e+00
 191.690469     21.117  34.263774     7.3406    2.75677     20.940    33.5335    26.2169 0.0000e+00
 191.690475     20.794  34.265404     7.3440    2.75537     20.619    33.5321    26.2154 0.0000e+00
 191.690480     20.494  34.266010     7.3465    2.74344     20.322    33.5305    26.2137 0.0000e+00
 191.690486     20.233  34.265259     7.3472    2.75164     20.063    33.5291    26.2126 0.0000e+00
 191.690492     20.015  34.263810     7.3473    2.74704     19.847    33.5275    26.2113 0.0000e+00
 191.690498     19.826  34.263072     7.3485    2.75038     19.660    33.5257    26.2097 0.0000e+00
 191.690503     19.641  34.264283     7.3513    2.75934     19.476    33.5244    26.2082 0.0000e+00
 191.690509     19.436  34.267353     7.3555    2.77183     19.273    33.5237    26.2071 0.0000e+00
 191.690515     19.203  34.270746     7.3616    2.78585     19.042    33.5216    26.2046 0.0000e+00
 191.690521     18.939  34.273924     7.3697    2.79073     18.780    33.5173    26.2001 0.0000e+00
 191.690527     18.640  34.277180     7.3794    2.80190     18.484    33.5116    26.1943 0.0000e+00
 191.690532     18.304  34.280913     7.3925    2.80481     18.150    33.5032    26.1858 0.0000e+00
 191.690538     17.927  34.286158     7.4092    2.81592     17.777    33.4929    26.1754 0.0000e+00
 191.690544     17.512  34.292606     7.4271    2.81799     17.365    33.4828    26.1649 0.0000e+00
 191.690550     17.069  34.299308     7.4438    2.82677     16.926    33.4741    26.1557 0.0000e+00
 191.690556     16.614  34.305659     7.4567    2.83059     16.475    33.4688    26.1497 0.0000e+00
 191.690561     16.157  34.310586     7.4644    2.84853     16.022    33.4669    26.1471 0.0000e+00
 191.690567     15.702  34.313357     7.4667    2.84356     15.570    33.4679    26.1476 0.0000e+00
 191.690573     15.255  34.314845     7.4652    2.85528     15.127    33.4712    26.1504 0.0000e+00
 191.690579     14.818  34.315336     7.4638    2.85052     14.694    33.4732    26.1522 0.0000e+00
 191.690584     14.383  34.314901     7.4680    2.87312     14.262    33.4689    26.1482 0.0000e+00
 191.690590     13.941  34.316864     7.4809    2.89253     13.824    33.4588    26.1384 0.0000e+00
 191.690596     13.494  34.322700     7.4979    2.90958     13.381    33.4490    26.1283 0.0000e+00
 191.690602     13.060  34.330082     7.5115    2.93260     12.951    33.4440    26.1225 0.0000e+00
 191.690608     12.650  34.337070     7.5215    2.95294     12.544    33.4421    26.1196 0.0000e+00
 191.690613     12.263  34.342880     7.5343    2.97253     12.160    33.4363    26.1131 0.0000e+00
 191.690619     11.906  34.349077     7.5560    2.98618     11.806    33.4223    26.0990 0.0000e+00
 191.690625     11.590  34.359421     7.5812    2.98855     11.493    33.4093    26.0853 0.0000e+00
 191.690631     11.328  34.373677     7.5987    2.98839     11.233    33.4080    26.0818 0.0000e+00
 191.690637     11.131  34.385062     7.6051    2.99945     11.038    33.4142    26.0857 0.0000e+00
 191.690642     10.993  34.388568     7.6049    2.99005     10.901    33.4183    26.0889 -9.990e-29
 191.690648     10.902  34.387729     7.6038    2.99506     10.811    33.4185    26.0893 -9.990e-29
 191.690654     10.848  34.387567     7.6042    2.99484     10.757    33.4179    26.0888 -9.990e-29
