data/oxygen options/OCNMS/OCNMS1/raw_data/2007/CTD_KL027_071107faed.cnv
* Sea-Bird SBE19 Data File:
* FileName = C:\2007_mooring_data\CTD_KL027_071107.hex
* Software Version 1.1.6
* Temperature SN = 2997
* Conductivity SN = 2997
* System UpLoad Time = Jul 11 2007 18:18:00
* SEACAT PROFILER V3.1c SN 2997   07/11/07  18:17:25.691
* strain gauge pressure sensor: S/N = 184829,  range = 3000 psia,  tc = 40
# nquan = 9                                 
# nvalues = 1664                        
# units = specified
# name 0 = timeJ: Julian Days
# name 1 = prSM: Pressure, Strain Gauge [db]
# name 2 = c0mS/cm: Conductivity [mS/cm]
# name 3 = t090C: Temperature [ITS-90, deg C]
# name 4 = oxML/L: Oxygen, Beckman/YSI [ml/l]
# name 5 = depSM: Depth [salt water, m], lat = 47.5
# name 6 = sal00: Salinity, Practical [PSU]
# name 7 = sigma-é00: Density [sigma-theta, kg/m^3]
# name 8 = flag: flag
# span 0 = 192.742106, 192.751730       
# span 1 =     -5.706,     25.763       
# span 2 =   0.702661,  37.877883       
# span 3 =     7.0858,    14.0199       
# span 4 =   -0.06995,   33.67373       
# span 5 =     -5.658,     25.546       
# span 6 =     0.4408,    33.5302       
# span 7 =    -0.4088,    26.2468       
# span 8 = 0.0000e+00, 0.0000e+00       
# interval = seconds: 0.5
# start_time = Jul 11 2007 17:48:38 [Instrument's time stamp, header]
# bad_flag = -9.990e-29
*END*
[from data line 481]
 192.744890     20.099  33.992836     7.1092    3.39750     19.930    33.4632    26.1936 -9.990e-29
 192.744896     20.120  33.992450     7.1093    3.39570     19.951    33.4626    26.1931 -9.990e-29
 192.744902     20.137  33.991507     7.1098    3.40660     19.968    33.4611    26.1919 -9.990e-29
 192.744907     20.153  33.990404     7.1104    3.41500     19.984    33.4593    26.1904 -9.990e-29
 192.744913     20.169  33.989514     7.1105    3.41920     20.000    33.4582    26.1895 -9.990e-29
 192.744919     20.189  33.988763     7.1095    3.41674     20.020    33.4584    26.1898 -9.990e-29
 192.744925     20.225  33.987897     7.1077    3.40434     20.055    33.4592    26.1906 -9.990e-29
 192.744931     20.281  33.987452     7.1063    3.39421     20.111    33.4600    26.1915 -9.990e-29
 192.744936     20.358  33.988155     7.1061    3.38358     20.187    33.4609    26.1922 -9.990e-29
 192.744942     20.444  33.989838     7.1065    3.38323     20.272    33.4623    26.1933 -9.990e-29
 192.744948     20.521  33.991956     7.1063    3.38109     20.349    33.4648    26.1953 -9.990e-29
 192.744954     20.583  33.993426     7.1049    3.38418     20.410    33.4677    26.1978 -9.990e-29
 192.744959     20.629  33.993980     7.1030    3.38006     20.456    33.4702    26.1999 -9.990e-29
 192.744965     20.663  33.994370     7.1023    3.37194     20.490    33.4713    26.2009 -9.990e-29
 192.744971     20.681  33.994570     7.1033    3.36515     20.507    33.4705    26.2002 -9.990e-29
 192.744977     20.685  33.994302     7.1042    3.34751     20.511    33.4693    26.1991 -9.990e-29
 192.744983     20.684  33.993783     7.1031    3.33147     20.510    33.4698    26.1997 -9.990e-29
 192.744988     20.686  33.993458     7.1003    3.33334     20.512    33.4722    26.2019 -9.990e-29
 192.744994     20.696  33.994032     7.0973    3.33178     20.522    33.4757    26.2051 -9.990e-29
 192.745000     20.711  33.995723     7.0956    3.34250     20.537    33.4792    26.2081 -9.990e-29
 192.745006     20.721  33.997438     7.0948    3.35049     20.547    33.4819    26.2103 -9.990e-29
 192.745012     20.725  33.998116     7.0943    3.33476     20.551    33.4831    26.2113 -9.990e-29
 192.745017     20.730  33.996994     7.0938    3.33496     20.556    33.4824    26.2108 -9.990e-29
 192.745023     20.750  33.994272     7.0927    3.32703     20.576    33.4804    26.2094 -9.990e-29
 192.745029     20.782  33.993062     7.0918    3.32961     20.608    33.4800    26.2092 -9.990e-29
 192.745035     20.807  33.995128     7.0921    3.33642     20.632    33.4819    26.2107 -9.990e-29
 192.745041     20.808  33.997634     7.0937    3.33850     20.633    33.4831    26.2114 -9.990e-29
 192.745046     20.786  33.997769     7.0956    3.34262     20.611    33.4814    26.2098 -9.990e-29
 192.745052     20.757  33.995728     7.0967    3.34276     20.583    33.4781    26.2071 -9.990e-29
 192.745058     20.745  33.992730     7.0967    3.34293     20.571    33.4749    26.2045 -9.990e-29
 192.745064     20.761  33.990397     7.0957    3.32588     20.587    33.4733    26.2034 -9.990e-29
 192.745069     20.798  33.990680     7.0944    3.32109     20.623    33.4748    26.2048 -9.990e-29
 192.745075     20.842  33.992848     7.0938    3.31178     20.667    33.4778    26.2072 -9.990e-29
 192.745081     20.878  33.994763     7.0943    3.31441     20.703    33.4794    26.2084 -9.990e-29
 192.745087     20.894  33.995630     7.0953    3.31339     20.719    33.4793    26.2082 -9.990e-29
 192.745093     20.898  33.995497     7.0959    3.30520     20.723    33.4786    26.2076 -9.990e-29
 192.745098     20.906  33.994202     7.0956    3.30638     20.730    33.4775    26.2067 -9.990e-29
 192.745104     20.923  33.992277     7.0946    3.30861     20.747    33.4763    26.2059 -9.990e-29
 192.745110     20.941  33.991654     7.0936    3.31554     20.765    33.4766    26.2063 -9.990e-29
 192.745116     20.953  33.992637     7.0930    3.31073     20.777    33.4783    26.2077 -9.990e-29
 192.745122     20.947  33.993750     7.0929    3.29977     20.771    33.4796    26.2087 -9.990e-29
 192.745127     20.913  33.994248     7.0933    3.30750     20.737    33.4797    26.2088 -9.990e-29
 192.745133     20.864  33.994251     7.0939    3.30242     20.689    33.4792    26.2083 -9.990e-29
 192.745139     20.816  33.993777     7.0941    3.31430     20.641    33.4785    26.2077 -9.990e-29
 192.745145     20.781  33.992770     7.0939    3.30147     20.607    33.4776    26.2071 -9.990e-29
 192.745150     20.763  33.991587     7.0933    3.28724     20.589    33.4769    26.2066 -9.990e-29
 192.745156     20.766  33.990908     7.0918    3.27827     20.592    33.4776    26.2073 -9.990e-29
 192.745162     20.787  33.991522     7.0900    3.27527     20.612    33.4800    26.2095 -9.990e-29
 192.745168     20.817  33.993143     7.0889    3.28534     20.642    33.4829    26.2119 -9.990e-29
 192.745174     20.851  33.994585     7.0886    3.28250     20.676    33.4847    26.2134 -9.990e-29
 192.745179     20.882  33.995542     7.0889    3.27642     20.707    33.4855    26.2139 -9.990e-29
 192.745185     20.902  33.996184     7.0895    3.26514     20.727    33.4856    26.2139 -9.990e-29
 192.745191     20.910  33.996260     7.0901    3.26501     20.734    33.4851    26.2134 -9.990e-29
 192.745197     20.919  33.995326     7.0905    3.28022     20.743    33.4836    26.2123 -9.990e-29
 192.745203     20.942  33.993833     7.0909    3.28717     20.766    33.4816    26.2106 -9.990e-29
 192.745208     20.967  33.993170     7.0914    3.29133     20.791    33.4804    26.2096 -9.990e-29
 192.745214     20.979  33.993586     7.0918    3.28144     20.803    33.4804    26.2096 -9.990e-29
 192.745220     20.979  33.993968     7.0915    3.27546     20.803    33.4812    26.2102 -9.990e-29
 192.745226     20.975  33.993721     7.0909    3.27598     20.799    33.4815    26.2105 -9.990e-29
 192.745231     20.972  33.993090     7.0909    3.28712     20.796    33.4808    26.2100 -9.990e-29
 192.745237     20.965  33.992372     7.0915    3.29297     20.789    33.4794    26.2088 -9.990e-29
 192.745243     20.950  33.991742     7.0919    3.28413     20.774    33.4783    26.2079 -9.990e-29
 192.745249     20.933  33.990936     7.0918    3.27120     20.757    33.4776    26.2073 -9.990e-29
 192.745255     20.927  33.989458     7.0914    3.26515     20.751    33.4763    26.2064 -9.990e-29
 192.745260     20.935  33.988714     7.0906    3.26694     20.759    33.4763    26.2065 -9.990e-29
 192.745266     20.958  33.989970     7.0898    3.27278     20.782    33.4784    26.2083 -9.990e-29
 192.745272     20.989  33.991553     7.0896    3.27686     20.813    33.4804    26.2098 -9.990e-29
 192.745278     21.012  33.992225     7.0898    3.27675     20.836    33.4809    26.2102 -9.990e-29
 192.745284     21.026  33.992335     7.0900    3.26815     20.849    33.4808    26.2101 -9.990e-29
 192.745289     21.035  33.992044     7.0900    3.26682     20.858    33.4805    26.2098 -9.990e-29
 192.745295     21.039  33.991539     7.0899    3.26610     20.862    33.4800    26.2095 -9.990e-29
 192.745301     21.040  33.991285     7.0899    3.27716     20.863    33.4797    26.2093 -9.990e-29
 192.745307     21.032  33.991518     7.0902    3.27428     20.855    33.4797    26.2092 -9.990e-29
 192.745313     21.010  33.992003     7.0905    3.27293     20.834    33.4800    26.2094 -9.990e-29
 192.745318     20.979  33.992281     7.0903    3.27089     20.803    33.4805    26.2098 -9.990e-29
 192.745324     20.948  33.992176     7.0899    3.26877     20.772    33.4808    26.2101 -9.990e-29
 192.745330     20.933  33.991563     7.0897    3.27210     20.757    33.4803    26.2097 -9.990e-29
 192.745336     20.946  33.990764     7.0896    3.26378     20.770    33.4795    26.2091 -9.990e-29
 192.745341     20.984  33.990410     7.0895    3.25305     20.808    33.4792    26.2089 -9.990e-29
 192.745347     21.030  33.990603     7.0893    3.25105     20.853    33.4796    26.2092 -9.990e-29
 192.745353     21.077  33.992174     7.0890    3.24483     20.900    33.4816    26.2108 -9.990e-29
 192.745359     21.113  33.994991     7.0888    3.24865     20.936    33.4848    26.2134 -9.990e-29
 192.745365     21.129  33.996660     7.0889    3.26060     20.952    33.4866    26.2148 -9.990e-29
 192.745370     21.125  33.996059     7.0890    3.25644     20.948    33.4858    26.2142 -9.990e-29
 192.745376     21.109  33.994642     7.0890    3.25829     20.932    33.4843    26.2130 -9.990e-29
 192.745382     21.089  33.993900     7.0889    3.24739     20.912    33.4836    26.2124 -9.990e-29
 192.745388     21.073  33.993419     7.0884    3.25272     20.896    33.4835    26.2125 -9.990e-29
 192.745394     21.064  33.993134     7.0878    3.25867     20.887    33.4838    26.2128 -9.990e-29
 192.745399     21.056  33.993800     7.0875    3.26066     20.879    33.4848    26.2136 -9.990e-29
 192.745405     21.041  33.994639     7.0878    3.26355     20.864    33.4855    26.2141 -9.990e-29
 192.745411     21.014  33.994540     7.0886    3.25977     20.838    33.4846    26.2133 -9.990e-29
 192.745417     20.976  33.993387     7.0897    3.26892     20.800    33.4823    26.2113 -9.990e-29
 192.745422     20.944  33.991341     7.0906    3.27078     20.768    33.4792    26.2087 -9.990e-29
 192.745428     20.931  33.989051     7.0909    3.26988     20.755    33.4764    26.2065 -9.990e-29
 192.745434     20.937  33.987962     7.0903    3.26841     20.761    33.4758    26.2061 -9.990e-29
 192.745440     20.958  33.988318     7.0892    3.25548     20.782    33.4772    26.2074 -9.990e-29
 192.745446     20.992  33.988927     7.0884    3.25352     20.816    33.4786    26.2086 -9.990e-29
 192.745451     21.031  33.989495     7.0878    3.25352     20.854    33.4798    26.2096 -9.990e-29
 192.745457     21.074  33.990234     7.0871    3.25445     20.897    33.4813    26.2109 -9.990e-29
 192.745463     21.120  33.991024     7.0864    3.25935     20.943    33.4828    26.2122 -9.990e-29
 192.745469     21.158  33.991813     7.0858    3.25029     20.980    33.4843    26.2134 -9.990e-29
 192.745475     21.175  33.992546     7.0858    3.24836     20.997    33.4850    26.2140 -9.990e-29
 192.745480     21.161  33.993091     7.0862    3.25740     20.983    33.4853    26.2141 -9.990e-29
 192.745486     21.126  33.993069     7.0868    3.26143     20.949    33.4847    26.2136 -9.990e-29
 192.745492     21.083  33.992466     7.0871    3.26615     20.906    33.4837    26.2128 -9.990e-29
 192.745498     21.044  33.991615     7.0873    3.26398     20.867    33.4826    26.2119 -9.990e-29
 192.745503     21.009  33.990520     7.0877    3.26817     20.833    33.4811    26.2106 -9.990e-29
 192.745509     20.977  33.989416     7.0883    3.27110     20.801    33.4793    26.2091 -9.990e-29
 192.745515     20.954  33.988529     7.0892    3.27020     20.778    33.4775    26.2076 -9.990e-29
 192.745521     20.952  33.987250     7.0900    3.26810     20.776    33.4753    26.2058 -9.990e-29
 192.745527     20.970  33.985571     7.0907    3.26445     20.794    33.4728    26.2037 -9.990e-29
 192.745532     21.001  33.984632     7.0911    3.26511     20.825    33.4713    26.2025 -9.990e-29
 192.745538     21.033  33.984876     7.0912    3.26432     20.856    33.4715    26.2026 -9.990e-29
 192.745544     21.057  33.985520     7.0913    3.26417     20.880    33.4721    26.2031 -9.990e-29
 192.745550     21.070  33.985756     7.0915    3.27326     20.893    33.4721    26.2031 -9.990e-29
 192.745556     21.077  33.985915     7.0919    3.26699     20.900    33.4719    26.2028 -9.990e-29
 192.745561     21.085  33.986223     7.0921    3.26555     20.908    33.4721    26.2029 -9.990e-29
 192.745567     21.097  33.985987     7.0922    3.26334     20.920    33.4717    26.2026 -9.990e-29
 192.745573     21.109  33.985467     7.0920    3.26131     20.932    33.4713    26.2024 -9.990e-29
 192.745579     21.125  33.985666     7.0916    3.26528     20.948    33.4719    26.2029 -9.990e-29
 192.745584     21.148  33.986303     7.0917    3.25686     20.970    33.4725    26.2033 -9.990e-29
 192.745590     21.168  33.986562     7.0921    3.25404     20.990    33.4724    26.2032 -9.990e-29
 192.745596     21.184  33.986244     7.0921    3.25410     21.006    33.4720    26.2029 -9.990e-29
 192.745602     21.202  33.986058     7.0915    3.25533     21.024    33.4724    26.2033 -9.990e-29
 192.745608     21.225  33.987079     7.0903    3.24325     21.047    33.4747    26.2052 -9.990e-29
 192.745613     21.252  33.988992     7.0891    3.23823     21.074    33.4779    26.2080 -9.990e-29
 192.745619     21.271  33.990614     7.0887    3.24734     21.092    33.4801    26.2097 -9.990e-29
 192.745625     21.271  33.991305     7.0888    3.25240     21.092    33.4807    26.2102 -9.990e-29
 192.745631     21.251  33.991047     7.0889    3.27096     21.073    33.4804    26.2099 -9.990e-29
 192.745637     21.220  33.990050     7.0892    3.26181     21.042    33.4790    26.2088 -9.990e-29
 192.745642     21.187  33.988664     7.0896    3.25561     21.009    33.4771    26.2072 -9.990e-29
 192.745648     21.168  33.987278     7.0900    3.26198     20.990    33.4752    26.2057 -9.990e-29
 192.745654     21.171  33.986281     7.0902    3.26142     20.993    33.4739    26.2047 -9.990e-29
 192.745660     21.190  33.986022     7.0903    3.26628     21.012    33.4735    26.2043 -9.990e-29
 192.745666     21.211  33.986151     7.0904    3.26501     21.033    33.4736    26.2044 -9.990e-29
 192.745671     21.218  33.986275     7.0905    3.26122     21.040    33.4736    26.2044 -9.990e-29
 192.745677     21.210  33.986555     7.0905    3.26137     21.032    33.4739    26.2046 -9.990e-29
 192.745683     21.192  33.986799     7.0903    3.26116     21.014    33.4744    26.2050 -9.990e-29
 192.745689     21.166  33.986766     7.0904    3.26107     20.988    33.4743    26.2049 -9.990e-29
 192.745694     21.141  33.986410     7.0905    3.26086     20.963    33.4738    26.2045 -9.990e-29
 192.745700     21.126  33.985811     7.0902    3.25174     20.949    33.4734    26.2043 -9.990e-29
 192.745706     21.134  33.985288     7.0895    3.24975     20.957    33.4735    26.2044 -9.990e-29
 192.745712     21.166  33.985262     7.0887    3.24165     20.988    33.4743    26.2051 -9.990e-29
 192.745718     21.210  33.986254     7.0877    3.23279     21.032    33.4763    26.2069 -9.990e-29
 192.745723     21.253  33.989021     7.0868    3.23486     21.075    33.4802    26.2101 -9.990e-29
 192.745729     21.279  33.992763     7.0864    3.23614     21.100    33.4846    26.2136 -9.990e-29
 192.745735     21.278  33.994620     7.0865    3.24206     21.099    33.4866    26.2151 -9.990e-29
 192.745741     21.249  33.994260     7.0868    3.23778     21.071    33.4859    26.2146 -9.990e-29
 192.745747     21.204  33.993440     7.0871    3.23514     21.026    33.4847    26.2136 -9.990e-29
 192.745752     21.157  33.992745     7.0873    3.22599     20.979    33.4838    26.2128 -9.990e-29
 192.745758     21.122  33.992365     7.0871    3.22585     20.945    33.4836    26.2127 -9.990e-29
 192.745764     21.110  33.992351     7.0867    3.23077     20.933    33.4840    26.2131 -9.990e-29
 192.745770     21.119  33.992680     7.0863    3.22370     20.942    33.4847    26.2137 -9.990e-29
 192.745775     21.138  33.993228     7.0859    3.22580     20.961    33.4857    26.2145 -9.990e-29
 192.745781     21.154  33.993598     7.0859    3.22580     20.976    33.4861    26.2148 -9.990e-29
 192.745787     21.166  33.993716     7.0862    3.22777     20.988    33.4859    26.2147 -9.990e-29
 192.745793     21.173  33.993738     7.0863    3.23241     20.995    33.4859    26.2146 -9.990e-29
 192.745799     21.175  33.993688     7.0865    3.23183     20.997    33.4856    26.2144 -9.990e-29
 192.745804     21.174  33.993496     7.0872    3.24085     20.996    33.4847    26.2136 -9.990e-29
