data/oxygen options/OCNMS/OCNMS1/raw_data/2007/CTD_CE042_091807faed.cnv
* Sea-Bird SBE19 Data File:
* FileName = C:\2007_mooring_data\Service_091807\CTD_CE042_091807.hex
* Software Version 1.20
* Temperature SN = 2997
* Conductivity SN = 2997
* System UpLoad Time = Sep 18 2007 13:49:44
* SEACAT PROFILER V3.1c SN 2997   09/18/07  13:49:15.072
* strain gauge pressure sensor: S/N = 184829,  range = 3000 psia,  tc = 40
# nquan = 9                                 
# nvalues = 2069                        
# units = specified
# name 0 = timeJ: Julian Days
# name 1 = prSM: Pressure, Strain Gauge [db]
# name 2 = c0mS/cm: Conductivity [mS/cm]
# name 3 = t090C: Temperature [ITS-90, deg C]
# name 4 = oxML/L: Oxygen, Beckman/YSI [ml/l]
# name 5 = depSM: Depth [salt water, m], lat = 47.5
# name 6 = sal00: Salinity, Practical [PSU]
# name 7 = sigma-é00: Density [sigma-theta, kg/m^3]
# name 8 = flag: flag
# span 0 = 261.555602, 261.567569       
# span 1 =     -5.233,     40.331       
# span 2 =   1.139030,  38.896415       
# span 3 =     7.3791,    15.6904       
# span 4 =   -0.06712,   30.42234       
# span 5 =     -5.189,     39.990       
# span 6 =     0.6992,    33.7265       
# span 7 =    -0.4587,    26.3630       
# span 8 = 0.0000e+00, 0.0000e+00       
# interval = seconds: 0.5
# start_time = Sep 18 2007 13:20:04 [Instrument's time stamp, header]
# bad_flag = -9.990e-29
*END*
[from data line 801]
 261.560237     30.615  34.463452     7.4176    1.36323     30.357    33.6710    26.3144 -9.990e-29
 261.560243     30.669  34.463790     7.4178    1.35038     30.411    33.6711    26.3145 -9.990e-29
 261.560249     30.722  34.463832     7.4178    1.35715     30.463    33.6712    26.3145 -9.990e-29
 261.560255     30.766  34.463628     7.4181    1.35911     30.507    33.6706    26.3141 -9.990e-29
 261.560260     30.799  34.463459     7.4188    1.36110     30.540    33.6697    26.3133 -9.990e-29
 261.560266     30.827  34.463655     7.4191    1.36302     30.567    33.6696    26.3132 -9.990e-29
 261.560272     30.861  34.463909     7.4187    1.35906     30.601    33.6703    26.3137 -9.990e-29
 261.560278     30.903  34.463997     7.4180    1.35905     30.643    33.6710    26.3144 -9.990e-29
 261.560284     30.938  34.464030     7.4176    1.35905     30.677    33.6715    26.3148 -9.990e-29
 261.560289     30.947  34.464044     7.4178    1.35030     30.686    33.6713    26.3146 -9.990e-29
 261.560295     30.927  34.464053     7.4186    1.34844     30.667    33.6705    26.3139 -9.990e-29
 261.560301     30.888  34.464061     7.4193    1.35768     30.628    33.6699    26.3133 -9.990e-29
 261.560307     30.847  34.464074     7.4195    1.36121     30.587    33.6697    26.3131 -9.990e-29
 261.560313     30.812  34.464105     7.4195    1.36464     30.553    33.6698    26.3132 -9.990e-29
 261.560318     30.787  34.464191     7.4196    1.35442     30.528    33.6698    26.3132 -9.990e-29
 261.560324     30.769  34.464441     7.4198    1.34891     30.510    33.6698    26.3132 -9.990e-29
 261.560330     30.761  34.464623     7.4198    1.36615     30.502    33.6700    26.3134 -9.990e-29
 261.560336     30.772  34.464413     7.4198    1.36314     30.513    33.6698    26.3132 -9.990e-29
 261.560341     30.806  34.464085     7.4197    1.35650     30.547    33.6695    26.3130 -9.990e-29
 261.560347     30.862  34.463760     7.4194    1.35056     30.602    33.6695    26.3130 -9.990e-29
 261.560353     30.926  34.463557     7.4190    1.34470     30.666    33.6696    26.3131 -9.990e-29
 261.560359     30.975  34.463760     7.4189    1.35905     30.714    33.6699    26.3134 -9.990e-29
 261.560365     31.002  34.464069     7.4189    1.35643     30.741    33.6702    26.3136 -9.990e-29
 261.560370     31.024  34.464330     7.4188    1.35440     30.763    33.6706    26.3139 -9.990e-29
 261.560376     31.055  34.464327     7.4188    1.35255     30.793    33.6706    26.3139 -9.990e-29
 261.560382     31.072  34.464051     7.4192    1.35924     30.810    33.6699    26.3133 -9.990e-29
 261.560388     31.055  34.464245     7.4199    1.35671     30.793    33.6694    26.3129 -9.990e-29
 261.560394     31.011  34.464602     7.4204    1.34601     30.750    33.6693    26.3127 -9.990e-29
 261.560399     30.954  34.464471     7.4205    1.35089     30.693    33.6691    26.3125 -9.990e-29
 261.560405     30.898  34.464234     7.4203    1.35076     30.638    33.6691    26.3125 -9.990e-29
 261.560411     30.852  34.464132     7.4201    1.35652     30.592    33.6692    26.3127 -9.990e-29
 261.560417     30.822  34.464023     7.4200    1.35877     30.562    33.6692    26.3127 -9.990e-29
 261.560422     30.815  34.463756     7.4199    1.34574     30.556    33.6690    26.3125 -9.990e-29
 261.560428     30.838  34.463531     7.4194    1.35259     30.578    33.6692    26.3128 -9.990e-29
 261.560434     30.892  34.463602     7.4187    1.35454     30.632    33.6699    26.3135 -9.990e-29
 261.560440     30.966  34.463498     7.4181    1.35638     30.705    33.6704    26.3139 -9.990e-29
 261.560446     31.036  34.463076     7.4178    1.35859     30.775    33.6702    26.3138 -9.990e-29
 261.560451     31.083  34.462885     7.4181    1.35431     30.821    33.6697    26.3133 -9.990e-29
 261.560457     31.092  34.463222     7.4189    1.35446     30.830    33.6692    26.3129 -9.990e-29
 261.560463     31.063  34.463969     7.4198    1.34578     30.801    33.6692    26.3127 -9.990e-29
 261.560469     31.013  34.464437     7.4203    1.34390     30.752    33.6692    26.3127 -9.990e-29
 261.560475     30.958  34.464125     7.4204    1.35268     30.697    33.6688    26.3123 -9.990e-29
 261.560480     30.904  34.463733     7.4205    1.35638     30.644    33.6683    26.3119 -9.990e-29
 261.560486     30.848  34.463852     7.4207    1.35186     30.588    33.6683    26.3119 -9.990e-29
 261.560492     30.787  34.464078     7.4209    1.35653     30.528    33.6684    26.3119 -9.990e-29
 261.560498     30.724  34.464147     7.4209    1.35468     30.465    33.6685    26.3120 -9.990e-29
 261.560503     30.677  34.464140     7.4207    1.34822     30.419    33.6687    26.3122 -9.990e-29
 261.560509     30.665  34.464037     7.4201    1.35660     30.407    33.6692    26.3126 -9.990e-29
 261.560515     30.691  34.463688     7.4195    1.35475     30.433    33.6694    26.3129 -9.990e-29
 261.560521     30.735  34.463179     7.4192    1.35625     30.476    33.6691    26.3127 -9.990e-29
 261.560527     30.771  34.462936     7.4196    1.34969     30.512    33.6684    26.3121 -9.990e-29
 261.560532     30.783  34.463182     7.4202    1.34387     30.524    33.6681    26.3118 -9.990e-29
 261.560538     30.781  34.463672     7.4203    1.34392     30.522    33.6685    26.3121 -9.990e-29
 261.560544     30.785  34.463928     7.4201    1.35453     30.526    33.6690    26.3125 -9.990e-29
 261.560550     30.798  34.463722     7.4197    1.36045     30.539    33.6691    26.3127 -9.990e-29
 261.560556     30.796  34.463328     7.4194    1.35186     30.537    33.6690    26.3126 -9.990e-29
 261.560561     30.756  34.463328     7.4196    1.35681     30.497    33.6688    26.3125 -9.990e-29
 261.560567     30.666  34.463711     7.4204    1.36336     30.408    33.6685    26.3121 -9.990e-29
 261.560573     30.545  34.463852     7.4212    1.38537     30.288    33.6680    26.3115 -9.990e-29
 261.560579     30.429  34.463370     7.4213    1.41760     30.173    33.6674    26.3111 -9.990e-29
 261.560584     30.340  34.462176     7.4209    1.44448     30.085    33.6665    26.3104 -9.990e-29
 261.560590     30.286  34.459786     7.4207    1.46828     30.031    33.6642    26.3086 -9.990e-29
 261.560596     30.272  34.455807     7.4206    1.45197     30.017    33.6599    26.3053 -9.990e-29
 261.560602     30.297  34.451086     7.4203    1.43228     30.042    33.6551    26.3015 -9.990e-29
 261.560608     30.349  34.448281     7.4201    1.42347     30.093    33.6522    26.2993 -9.990e-29
 261.560613     30.415  34.450365     7.4204    1.40677     30.159    33.6542    26.3008 -9.990e-29
 261.560619     30.482  34.455061     7.4207    1.39113     30.225    33.6589    26.3045 -9.990e-29
 261.560625     30.542  34.457409     7.4209    1.39400     30.285    33.6613    26.3063 -9.990e-29
 261.560631     30.589  34.457166     7.4211    1.39398     30.331    33.6608    26.3059 -9.990e-29
 261.560637     30.617  34.457359     7.4213    1.41077     30.359    33.6608    26.3059 -9.990e-29
 261.560642     30.622  34.458795     7.4216    1.41862     30.364    33.6620    26.3068 -9.990e-29
 261.560648     30.601  34.458893     7.4221    1.43231     30.343    33.6617    26.3065 -9.990e-29
 261.560654     30.564  34.457212     7.4224    1.45188     30.307    33.6596    26.3048 -9.990e-29
 261.560660     30.511  34.455423     7.4221    1.46954     30.254    33.6580    26.3035 -9.990e-29
 261.560666     30.447  34.453370     7.4214    1.47878     30.191    33.6564    26.3024 -9.990e-29
 261.560671     30.387  34.451104     7.4209    1.48632     30.131    33.6545    26.3010 -9.990e-29
 261.560677     30.339  34.449518     7.4207    1.49610     30.084    33.6530    26.2998 -9.990e-29
 261.560683     30.308  34.448727     7.4205    1.48133     30.053    33.6523    26.2993 -9.990e-29
 261.560689     30.301  34.448227     7.4201    1.45414     30.046    33.6522    26.2993 -9.990e-29
 261.560694     30.323  34.447341     7.4201    1.42039     30.068    33.6512    26.2985 -9.990e-29
 261.560700     30.369  34.447115     7.4206    1.40219     30.113    33.6505    26.2979 -9.990e-29
 261.560706     30.430  34.449478     7.4213    1.39008     30.174    33.6523    26.2992 -9.990e-29
 261.560712     30.493  34.453647     7.4217    1.39835     30.236    33.6564    26.3024 -9.990e-29
 261.560718     30.549  34.456764     7.4218    1.41659     30.292    33.6597    26.3049 -9.990e-29
 261.560723     30.592  34.457369     7.4218    1.41766     30.334    33.6603    26.3054 -9.990e-29
 261.560729     30.619  34.456256     7.4217    1.40622     30.361    33.6592    26.3046 -9.990e-29
 261.560735     30.628  34.454731     7.4216    1.39997     30.370    33.6576    26.3034 -9.990e-29
 261.560741     30.636  34.454110     7.4218    1.38913     30.378    33.6568    26.3026 -9.990e-29
 261.560747     30.653  34.455237     7.4220    1.37732     30.395    33.6578    26.3034 -9.990e-29
 261.560752     30.687  34.457921     7.4220    1.35501     30.429    33.6607    26.3057 -9.990e-29
 261.560758     30.730  34.460689     7.4218    1.35067     30.471    33.6639    26.3082 -9.990e-29
 261.560764     30.773  34.462175     7.4218    1.34977     30.514    33.6654    26.3095 -9.990e-29
 261.560770     30.810  34.462668     7.4219    1.35301     30.551    33.6659    26.3098 -9.990e-29
 261.560775     30.834  34.462811     7.4219    1.36281     30.574    33.6660    26.3099 -9.990e-29
 261.560781     30.843  34.462786     7.4219    1.35606     30.583    33.6660    26.3099 -9.990e-29
 261.560787     30.833  34.462548     7.4222    1.36887     30.573    33.6654    26.3094 -9.990e-29
 261.560793     30.799  34.462328     7.4224    1.36598     30.540    33.6650    26.3091 -9.990e-29
 261.560799     30.743  34.462381     7.4225    1.38358     30.484    33.6650    26.3090 -9.990e-29
 261.560804     30.675  34.462205     7.4225    1.39841     30.417    33.6648    26.3089 -9.990e-29
 261.560810     30.606  34.461556     7.4225    1.39844     30.348    33.6642    26.3084 -9.990e-29
 261.560816     30.555  34.460678     7.4224    1.39844     30.298    33.6633    26.3077 -9.990e-29
 261.560822     30.540  34.458952     7.4222    1.38866     30.283    33.6617    26.3064 -9.990e-29
 261.560828     30.568  34.456867     7.4218    1.37596     30.311    33.6598    26.3050 -9.990e-29
 261.560833     30.636  34.457237     7.4216    1.36514     30.378    33.6603    26.3055 -9.990e-29
 261.560839     30.731  34.459982     7.4215    1.35465     30.472    33.6634    26.3079 -9.990e-29
 261.560845     30.835  34.462024     7.4215    1.35420     30.575    33.6655    26.3096 -9.990e-29
 261.560851     30.933  34.462711     7.4214    1.35115     30.673    33.6663    26.3102 -9.990e-29
 261.560856     31.021  34.462946     7.4212    1.34627     30.760    33.6667    26.3106 -9.990e-29
 261.560862     31.102  34.463030     7.4208    1.34854     30.840    33.6672    26.3110 -9.990e-29
 261.560868     31.167  34.463064     7.4204    1.34170     30.905    33.6676    26.3114 -9.990e-29
 261.560874     31.212  34.463081     7.4201    1.34552     30.949    33.6679    26.3116 -9.990e-29
 261.560880     31.241  34.463093     7.4201    1.35799     30.978    33.6679    26.3116 -9.990e-29
 261.560885     31.250  34.463103     7.4204    1.36194     30.987    33.6676    26.3114 -9.990e-29
 261.560891     31.231  34.463112     7.4207    1.36592     30.968    33.6673    26.3111 -9.990e-29
 261.560897     31.180  34.463121     7.4207    1.36401     30.917    33.6673    26.3111 -9.990e-29
 261.560903     31.101  34.463130     7.4205    1.36025     30.839    33.6676    26.3113 -9.990e-29
 261.560909     31.020  34.463141     7.4204    1.35179     30.759    33.6677    26.3115 -9.990e-29
 261.560914     30.960  34.463158     7.4204    1.34111     30.699    33.6678    26.3115 -9.990e-29
 261.560920     30.924  34.463194     7.4203    1.34788     30.664    33.6679    26.3116 -9.990e-29
 261.560926     30.903  34.463285     7.4205    1.34287     30.643    33.6678    26.3116 -9.990e-29
 261.560932     30.901  34.463541     7.4209    1.34673     30.641    33.6677    26.3114 -9.990e-29
 261.560938     30.927  34.463733     7.4211    1.34866     30.667    33.6677    26.3114 -9.990e-29
 261.560943     30.982  34.463546     7.4208    1.34636     30.721    33.6678    26.3115 -9.990e-29
 261.560949     31.057  34.463279     7.4198    1.34192     30.795    33.6684    26.3121 -9.990e-29
 261.560955     31.143  34.463125     7.4187    1.33998     30.881    33.6693    26.3130 -9.990e-29
 261.560961     31.234  34.462866     7.4177    1.34893     30.971    33.6700    26.3136 -9.990e-29
 261.560966     31.313  34.462703     7.4171    1.34399     31.049    33.6703    26.3140 -9.990e-29
 261.560972     31.365  34.462967     7.4174    1.34614     31.101    33.6703    26.3139 -9.990e-29
 261.560978     31.384  34.463436     7.4184    1.34382     31.120    33.6698    26.3134 -9.990e-29
 261.560984     31.380  34.463603     7.4193    1.35066     31.116    33.6691    26.3127 -9.990e-29
 261.560990     31.369  34.463120     7.4196    1.34812     31.105    33.6683    26.3121 -9.990e-29
 261.560995     31.365  34.462453     7.4191    1.34595     31.101    33.6681    26.3119 -9.990e-29
 261.561001     31.374  34.462381     7.4180    1.34394     31.110    33.6691    26.3129 -9.990e-29
 261.561007     31.398  34.462798     7.4169    1.33338     31.134    33.6706    26.3142 -9.990e-29
 261.561013     31.425  34.463130     7.4162    1.34418     31.160    33.6716    26.3151 -9.990e-29
 261.561019     31.445  34.463246     7.4164    1.34578     31.180    33.6715    26.3150 -9.990e-29
 261.561024     31.450  34.463288     7.4171    1.33911     31.185    33.6709    26.3144 -9.990e-29
 261.561030     31.440  34.463299     7.4177    1.34791     31.175    33.6703    26.3139 -9.990e-29
 261.561036     31.427  34.463284     7.4179    1.34605     31.162    33.6701    26.3137 -9.990e-29
 261.561042     31.424  34.463211     7.4174    1.34810     31.159    33.6705    26.3141 -9.990e-29
 261.561047     31.430  34.462971     7.4168    1.35009     31.165    33.6708    26.3144 -9.990e-29
 261.561053     31.434  34.462794     7.4167    1.34614     31.169    33.6708    26.3144 -9.990e-29
 261.561059     31.425  34.462993     7.4172    1.34616     31.160    33.6705    26.3141 -9.990e-29
 261.561065     31.409  34.463260     7.4177    1.34628     31.144    33.6703    26.3139 -9.990e-29
 261.561071     31.389  34.463379     7.4181    1.35523     31.125    33.6700    26.3136 -9.990e-29
 261.561076     31.367  34.463498     7.4185    1.35687     31.103    33.6698    26.3134 -9.990e-29
 261.561082     31.356  34.463764     7.4187    1.34821     31.092    33.6699    26.3134 -9.990e-29
 261.561088     31.370  34.463962     7.4186    1.35300     31.106    33.6702    26.3137 -9.990e-29
 261.561094     31.416  34.463785     7.4184    1.36862     31.151    33.6702    26.3137 -9.990e-29
 261.561100     31.480  34.463546     7.4183    1.35687     31.215    33.6700    26.3136 -9.990e-29
 261.561105     31.544  34.463473     7.4182    1.35491     31.278    33.6700    26.3136 -9.990e-29
 261.561111     31.603  34.463457     7.4178    1.35589     31.337    33.6703    26.3139 -9.990e-29
 261.561117     31.661  34.463466     7.4170    1.34507     31.394    33.6711    26.3146 -9.990e-29
 261.561123     31.714  34.463500     7.4162    1.36001     31.447    33.6719    26.3153 -9.990e-29
 261.561128     31.748  34.463591     7.4165    1.35979     31.481    33.6717    26.3151 -9.990e-29
 261.561134     31.752  34.463849     7.4178    1.35785     31.485    33.6707    26.3142 -9.990e-29
 261.561140     31.725  34.464044     7.4192    1.35993     31.458    33.6695    26.3131 -9.990e-29
 261.561146     31.681  34.463865     7.4199    1.35592     31.414    33.6687    26.3123 -9.990e-29
 261.561152     31.632  34.463624     7.4199    1.35603     31.366    33.6684    26.3121 -9.990e-29
