data/oxygen options/OCNMS/OCNMS1/raw_data/2007/CTD_TH042_080807faed.cnv
* Sea-Bird SBE19 Data File:
* FileName = C:\2007_mooring_data\CTD_TH042_080807.hex
* Software Version 1.1.6
* Temperature SN = 2997
* Conductivity SN = 2997
* System UpLoad Time = Aug 08 2007 12:01:34
* SEACAT PROFILER V3.1c SN 2997   08/08/07  12:01:17.177
* strain gauge pressure sensor: S/N = 184829,  range = 3000 psia,  tc = 40
# nquan = 9                                 
# nvalues = 3897                        
# units = specified
# name 0 = timeJ: Julian Days
# name 1 = prSM: Pressure, Strain Gauge [db]
# name 2 = c0mS/cm: Conductivity [mS/cm]
# name 3 = t090C: Temperature [ITS-90, deg C]
# name 4 = oxML/L: Oxygen, Beckman/YSI [ml/l]
# name 5 = depSM: Depth [salt water, m], lat = 47.5
# name 6 = sal00: Salinity, Practical [PSU]
# name 7 = sigma-é00: Density [sigma-theta, kg/m^3]
# name 8 = flag: flag
# span 0 = 220.463669, 220.486215       
# span 1 =     -5.160,     41.417       
# span 2 =   0.179165,  37.436998       
# span 3 =     7.0948,    20.6263       
# span 4 =  -14.66174,   33.08157       
# span 5 =     -5.117,     41.067       
# span 6 =     0.1107,    33.7083       
# span 7 =    -0.5826,    26.3878       
# span 8 = 0.0000e+00, 0.0000e+00       
# interval = seconds: 0.5
# start_time = Aug 08 2007 11:07:41 [Instrument's time stamp, header]
# bad_flag = -9.990e-29
*END*
[from data line 2881]
 220.480341     32.393  34.192122     7.0970    2.43328     32.120    33.6870    26.3716 -9.990e-29
 220.480347     32.374  34.191566     7.0964    2.41981     32.101    33.6870    26.3717 -9.990e-29
 220.480353     32.373  34.190665     7.0958    2.40637     32.100    33.6866    26.3714 -9.990e-29
 220.480359     32.387  34.189894     7.0954    2.41617     32.114    33.6861    26.3711 -9.990e-29
 220.480365     32.402  34.189714     7.0950    2.41630     32.129    33.6863    26.3713 -9.990e-29
 220.480370     32.417  34.189879     7.0948    2.42659     32.144    33.6867    26.3717 -9.990e-29
 220.480376     32.426  34.189853     7.0949    2.41820     32.153    33.6865    26.3715 -9.990e-29
 220.480382     32.428  34.189589     7.0953    2.41369     32.155    33.6858    26.3710 -9.990e-29
 220.480388     32.425  34.189652     7.0956    2.41620     32.152    33.6856    26.3707 -9.990e-29
 220.480394     32.427  34.190115     7.0956    2.42265     32.154    33.6861    26.3711 -9.990e-29
 220.480399     32.433  34.190462     7.0954    2.41981     32.160    33.6867    26.3716 -9.990e-29
 220.480405     32.436  34.190584     7.0953    2.41778     32.163    33.6869    26.3718 -9.990e-29
 220.480411     32.431  34.190630     7.0955    2.42482     32.158    33.6868    26.3717 -9.990e-29
 220.480417     32.422  34.190649     7.0959    2.41568     32.149    33.6864    26.3713 -9.990e-29
 220.480422     32.413  34.190653     7.0962    2.42651     32.140    33.6861    26.3711 -9.990e-29
 220.480428     32.404  34.190636     7.0962    2.40915     32.131    33.6861    26.3710 -9.990e-29
 220.480434     32.398  34.190562     7.0961    2.42057     32.125    33.6861    26.3711 -9.990e-29
 220.480440     32.399  34.190321     7.0960    2.40866     32.126    33.6860    26.3710 -9.990e-29
 220.480446     32.406  34.190139     7.0959    2.41378     32.133    33.6859    26.3709 -9.990e-29
 220.480451     32.422  34.190321     7.0959    2.41114     32.149    33.6861    26.3710 -9.990e-29
 220.480457     32.441  34.190537     7.0961    2.41350     32.168    33.6861    26.3710 -9.990e-29
 220.480463     32.457  34.190502     7.0965    2.42141     32.184    33.6857    26.3706 -9.990e-29
 220.480469     32.463  34.190716     7.0970    2.41040     32.190    33.6854    26.3704 -9.990e-29
 220.480475     32.454  34.191452     7.0974    2.41940     32.181    33.6858    26.3706 -9.990e-29
 220.480480     32.439  34.191996     7.0974    2.40840     32.166    33.6864    26.3711 -9.990e-29
 220.480486     32.429  34.191941     7.0974    2.40860     32.156    33.6864    26.3711 -9.990e-29
 220.480492     32.428  34.191763     7.0976    2.41055     32.155    33.6860    26.3707 -9.990e-29
 220.480498     32.432  34.191772     7.0977    2.40865     32.159    33.6859    26.3707 -9.990e-29
 220.480503     32.427  34.191968     7.0978    2.40368     32.154    33.6860    26.3707 -9.990e-29
 220.480509     32.406  34.192599     7.0980    2.41052     32.133    33.6865    26.3711 -9.990e-29
 220.480515     32.376  34.193372     7.0981    2.40343     32.103    33.6873    26.3717 -9.990e-29
 220.480521     32.351  34.193626     7.0983    2.40343     32.078    33.6874    26.3717 -9.990e-29
 220.480527     32.342  34.193687     7.0984    2.39636     32.070    33.6873    26.3717 -9.990e-29
 220.480532     32.350  34.194186     7.0984    2.38349     32.077    33.6879    26.3721 -9.990e-29
 220.480538     32.371  34.194653     7.0985    2.38556     32.098    33.6883    26.3724 -9.990e-29
 220.480544     32.401  34.194579     7.0987    2.37890     32.128    33.6880    26.3722 -9.990e-29
 220.480550     32.430  34.194411     7.0988    2.38239     32.157    33.6877    26.3719 -9.990e-29
 220.480556     32.447  34.194473     7.0987    2.38755     32.174    33.6879    26.3721 -9.990e-29
 220.480561     32.443  34.194834     7.0989    2.38848     32.170    33.6881    26.3722 -9.990e-29
 220.480567     32.420  34.195401     7.0991    2.38412     32.147    33.6885    26.3725 -9.990e-29
 220.480573     32.388  34.195799     7.0993    2.39060     32.115    33.6887    26.3727 -9.990e-29
 220.480579     32.358  34.195985     7.0994    2.38394     32.085    33.6889    26.3728 -9.990e-29
 220.480584     32.332  34.196197     7.0990    2.38336     32.060    33.6895    26.3733 -9.990e-29
 220.480590     32.309  34.196144     7.0986    2.38582     32.037    33.6898    26.3737 -9.990e-29
 220.480596     32.287  34.195744     7.0988    2.38339     32.015    33.6892    26.3731 -9.990e-29
 220.480602     32.270  34.195569     7.0991    2.38806     31.998    33.6887    26.3727 -9.990e-29
 220.480608     32.264  34.195375     7.0992    2.38813     31.992    33.6884    26.3725 -9.990e-29
 220.480613     32.270  34.194893     7.0992    2.38803     31.998    33.6879    26.3720 -9.990e-29
 220.480619     32.278  34.194588     7.0991    2.37909     32.006    33.6877    26.3719 -9.990e-29
 220.480625     32.282  34.194600     7.0991    2.38596     32.010    33.6877    26.3719 -9.990e-29
 220.480631     32.273  34.194930     7.0993    2.38801     32.001    33.6879    26.3720 -9.990e-29
 220.480637     32.250  34.195446     7.0993    2.38989     31.978    33.6884    26.3724 -9.990e-29
 220.480642     32.224  34.195704     7.0991    2.38290     31.953    33.6889    26.3728 -9.990e-29
 220.480648     32.212  34.195476     7.0989    2.38592     31.941    33.6889    26.3728 -9.990e-29
 220.480654     32.220  34.195006     7.0987    2.37959     31.949    33.6885    26.3726 -9.990e-29
 220.480660     32.242  34.194775     7.0989    2.38799     31.970    33.6881    26.3722 -9.990e-29
 220.480666     32.260  34.195023     7.0993    2.38320     31.988    33.6880    26.3721 -9.990e-29
 220.480671     32.264  34.195508     7.0995    2.38826     31.992    33.6883    26.3723 -9.990e-29
 220.480677     32.249  34.195740     7.0995    2.38384     31.977    33.6886    26.3725 -9.990e-29
 220.480683     32.219  34.195455     7.0991    2.39722     31.948    33.6886    26.3726 -9.990e-29
 220.480689     32.180  34.194822     7.0985    2.39415     31.909    33.6886    26.3727 -9.990e-29
 220.480694     32.143  34.194107     7.0981    2.40806     31.872    33.6882    26.3724 -9.990e-29
 220.480700     32.123  34.193465     7.0979    2.40340     31.852    33.6877    26.3720 -9.990e-29
 220.480706     32.126  34.193148     7.0978    2.40381     31.855    33.6874    26.3719 -9.990e-29
 220.480712     32.149  34.192721     7.0976    2.39750     31.878    33.6872    26.3717 -9.990e-29
 220.480718     32.184  34.192162     7.0971    2.39847     31.913    33.6870    26.3716 -9.990e-29
 220.480723     32.225  34.192395     7.0969    2.39359     31.954    33.6874    26.3720 -9.990e-29
 220.480729     32.263  34.193156     7.0972    2.39794     31.991    33.6880    26.3724 -9.990e-29
 220.480735     32.282  34.193766     7.0976    2.39348     32.010    33.6882    26.3725 -9.990e-29
 220.480741     32.274  34.193905     7.0980    2.39804     32.002    33.6880    26.3723 -9.990e-29
 220.480747     32.245  34.193744     7.0982    2.39360     31.973    33.6876    26.3720 -9.990e-29
 220.480752     32.200  34.193618     7.0984    2.38955     31.929    33.6873    26.3717 -9.990e-29
 220.480758     32.154  34.193345     7.0985    2.38251     31.883    33.6870    26.3714 -9.990e-29
 220.480764     32.125  34.193110     7.0983    2.38697     31.854    33.6869    26.3714 -9.990e-29
 220.480770     32.115  34.193149     7.0979    2.37552     31.844    33.6874    26.3718 -9.990e-29
 220.480775     32.116  34.193502     7.0976    2.38198     31.845    33.6880    26.3724 -9.990e-29
 220.480781     32.123  34.194066     7.0978    2.37739     31.852    33.6884    26.3727 -9.990e-29
 220.480787     32.137  34.194459     7.0981    2.37532     31.866    33.6886    26.3727 -9.990e-29
 220.480793     32.158  34.194633     7.0982    2.37237     31.887    33.6887    26.3728 -9.990e-29
 220.480799     32.184  34.194808     7.0985    2.37689     31.913    33.6885    26.3726 -9.990e-29
 220.480804     32.207  34.195205     7.0991    2.37445     31.936    33.6884    26.3724 -9.990e-29
 220.480810     32.221  34.195779     7.0993    2.38303     31.950    33.6888    26.3727 -9.990e-29
 220.480816     32.223  34.196160     7.0993    2.37851     31.952    33.6892    26.3731 -9.990e-29
 220.480822     32.216  34.196285     7.0994    2.37437     31.945    33.6893    26.3731 -9.990e-29
 220.480828     32.204  34.196308     7.0997    2.36747     31.933    33.6890    26.3728 -9.990e-29
 220.480833     32.187  34.196247     7.1001    2.37197     31.916    33.6886    26.3724 -9.990e-29
 220.480839     32.168  34.196008     7.1004    2.36970     31.897    33.6880    26.3720 -9.990e-29
 220.480845     32.154  34.195823     7.1002    2.37861     31.883    33.6880    26.3720 -9.990e-29
 220.480851     32.149  34.195992     7.0997    2.36453     31.878    33.6887    26.3726 -9.990e-29
 220.480856     32.152  34.196167     7.0993    2.36750     31.881    33.6893    26.3731 -9.990e-29
 220.480862     32.163  34.196009     7.0992    2.36296     31.892    33.6892    26.3730 -9.990e-29
 220.480868     32.180  34.195856     7.0995    2.36937     31.909    33.6887    26.3726 -9.990e-29
 220.480874     32.193  34.196049     7.0999    2.36833     31.922    33.6885    26.3724 -9.990e-29
 220.480880     32.205  34.196273     7.1001    2.38182     31.934    33.6886    26.3724 -9.990e-29
 220.480885     32.221  34.196255     7.0998    2.37037     31.950    33.6888    26.3727 -9.990e-29
 220.480891     32.236  34.195957     7.0994    2.37284     31.964    33.6889    26.3728 -9.990e-29
 220.480897     32.244  34.195531     7.0994    2.36637     31.972    33.6884    26.3724 -9.990e-29
 220.480903     32.236  34.195516     7.0996    2.37834     31.964    33.6882    26.3722 -9.990e-29
 220.480909     32.212  34.195879     7.0998    2.37105     31.941    33.6884    26.3724 -9.990e-29
 220.480914     32.179  34.195972     7.0999    2.37355     31.908    33.6885    26.3724 -9.990e-29
 220.480920     32.144  34.195905     7.0999    2.35771     31.873    33.6884    26.3723 -9.990e-29
 220.480926     32.112  34.196137     7.1000    2.36780     31.842    33.6886    26.3724 -9.990e-29
 220.480932     32.090  34.196406     7.1001    2.36875     31.820    33.6888    26.3726 -9.990e-29
 220.480938     32.082  34.196496     7.1002    2.37569     31.812    33.6888    26.3726 -9.990e-29
 220.480943     32.081  34.196518     7.1002    2.38158     31.811    33.6888    26.3726 -9.990e-29
 220.480949     32.085  34.196486     7.0999    2.38463     31.815    33.6891    26.3728 -9.990e-29
 220.480955     32.093  34.196347     7.0993    2.37097     31.823    33.6895    26.3733 -9.990e-29
 220.480961     32.111  34.195901     7.0986    2.37157     31.841    33.6897    26.3735 -9.990e-29
 220.480966     32.142  34.195101     7.0981    2.36264     31.871    33.6893    26.3733 -9.990e-29
 220.480972     32.186  34.194550     7.0977    2.36967     31.915    33.6890    26.3731 -9.990e-29
 220.480978     32.232  34.194623     7.0974    2.36920     31.960    33.6894    26.3735 -9.990e-29
 220.480984     32.265  34.194840     7.0975    2.37420     31.993    33.6895    26.3735 -9.990e-29
 220.480990     32.281  34.194918     7.0979    2.37811     32.009    33.6892    26.3732 -9.990e-29
 220.480995     32.278  34.194945     7.0981    2.37612     32.006    33.6890    26.3731 -9.990e-29
 220.481001     32.263  34.194948     7.0982    2.38648     31.991    33.6890    26.3730 -9.990e-29
 220.481007     32.241  34.194919     7.0982    2.37602     31.969    33.6889    26.3730 -9.990e-29
 220.481013     32.221  34.194805     7.0978    2.38261     31.950    33.6892    26.3733 -9.990e-29
 220.481019     32.209  34.194442     7.0974    2.37430     31.938    33.6892    26.3733 -9.990e-29
 220.481024     32.209  34.193894     7.0974    2.37872     31.938    33.6886    26.3728 -9.990e-29
 220.481030     32.218  34.193539     7.0976    2.36538     31.947    33.6880    26.3723 -9.990e-29
 220.481036     32.226  34.193451     7.0979    2.37694     31.955    33.6876    26.3720 -9.990e-29
 220.481042     32.230  34.193502     7.0983    2.37500     31.959    33.6873    26.3717 -9.990e-29
 220.481047     32.230  34.193746     7.0987    2.38131     31.959    33.6872    26.3715 -9.990e-29
 220.481053     32.227  34.193936     7.0989    2.37880     31.956    33.6872    26.3715 -9.990e-29
 220.481059     32.224  34.193568     7.0986    2.37910     31.953    33.6871    26.3715 -9.990e-29
 220.481065     32.230  34.192705     7.0979    2.38376     31.959    33.6868    26.3714 -9.990e-29
 220.481071     32.250  34.191686     7.0973    2.38115     31.978    33.6863    26.3710 -9.990e-29
 220.481076     32.280  34.190825     7.0970    2.39212     32.008    33.6856    26.3705 -9.990e-29
 220.481082     32.313  34.190463     7.0968    2.39017     32.041    33.6854    26.3704 -9.990e-29
 220.481088     32.344  34.190674     7.0967    2.39027     32.072    33.6857    26.3706 -9.990e-29
 220.481094     32.361  34.191177     7.0968    2.38831     32.088    33.6861    26.3710 -9.990e-29
 220.481100     32.353  34.191518     7.0970    2.39344     32.080    33.6863    26.3711 -9.990e-29
 220.481105     32.320  34.191587     7.0971    2.38707     32.048    33.6863    26.3711 -9.990e-29
 220.481111     32.271  34.191472     7.0971    2.40243     31.999    33.6862    26.3710 -9.990e-29
 220.481117     32.221  34.191017     7.0967    2.39594     31.950    33.6861    26.3710 -9.990e-29
 220.481123     32.180  34.190175     7.0962    2.40035     31.909    33.6857    26.3707 -9.990e-29
 220.481128     32.153  34.189501     7.0960    2.39392     31.882    33.6852    26.3703 -9.990e-29
 220.481134     32.148  34.189215     7.0958    2.38575     31.877    33.6851    26.3703 -9.990e-29
 220.481140     32.168  34.188935     7.0956    2.39624     31.897    33.6850    26.3702 -9.990e-29
 220.481146     32.210  34.188842     7.0955    2.39631     31.939    33.6849    26.3702 -9.990e-29
 220.481152     32.264  34.189370     7.0955    2.39193     31.992    33.6855    26.3706 -9.990e-29
 220.481157     32.317  34.190098     7.0955    2.38735     32.045    33.6863    26.3713 -9.990e-29
 220.481163     32.355  34.190311     7.0956    2.39290     32.082    33.6864    26.3713 -9.990e-29
 220.481169     32.371  34.190291     7.0958    2.38793     32.098    33.6862    26.3711 -9.990e-29
 220.481175     32.371  34.190565     7.0962    2.40738     32.098    33.6861    26.3710 -9.990e-29
 220.481181     32.359  34.190937     7.0964    2.40077     32.086    33.6863    26.3711 -9.990e-29
 220.481186     32.335  34.190778     7.0964    2.40585     32.063    33.6861    26.3710 -9.990e-29
 220.481192     32.306  34.189873     7.0964    2.40785     32.034    33.6851    26.3702 -9.990e-29
 220.481198     32.286  34.188694     7.0963    2.41046     32.014    33.6840    26.3693 -9.990e-29
 220.481204     32.278  34.187909     7.0961    2.40597     32.006    33.6833    26.3688 -9.990e-29
 220.481209     32.275  34.187590     7.0960    2.40902     32.003    33.6830    26.3687 -9.990e-29
 220.481215     32.270  34.187307     7.0958    2.40902     31.998    33.6829    26.3686 -9.990e-29
 220.481221     32.265  34.187239     7.0957    2.41592     31.993    33.6830    26.3686 -9.990e-29
 220.481227     32.257  34.187293     7.0959    2.41992     31.985    33.6828    26.3685 -9.990e-29
 220.481233     32.248  34.186979     7.0961    2.41647     31.976    33.6823    26.3680 -9.990e-29
 220.481238     32.241  34.186435     7.0960    2.42284     31.969    33.6818    26.3677 -9.990e-29
 220.481244     32.244  34.185494     7.0955    2.41162     31.972    33.6813    26.3673 -9.990e-29
 220.481250     32.261  34.184579     7.0951    2.40944     31.989    33.6806    26.3669 -9.990e-29
 220.481256     32.289  34.184710     7.0950    2.39860     32.017    33.6809    26.3671 -9.990e-29
