data/oxygen options/OCNMS/OCNMS1/raw_data/2007/CTD_KL027_071107faed.cnv
* Sea-Bird SBE19 Data File:
* FileName = C:\2007_mooring_data\CTD_KL027_071107.hex
* Software Version 1.1.6
* Temperature SN = 2997
* Conductivity SN = 2997
* System UpLoad Time = Jul 11 2007 18:18:00
* SEACAT PROFILER V3.1c SN 2997   07/11/07  18:17:25.691
* strain gauge pressure sensor: S/N = 184829,  range = 3000 psia,  tc = 40
# nquan = 9                                 
# nvalues = 1664                        
# units = specified
# name 0 = timeJ: Julian Days
# name 1 = prSM: Pressure, Strain Gauge [db]
# name 2 = c0mS/cm: Conductivity [mS/cm]
# name 3 = t090C: Temperature [ITS-90, deg C]
# name 4 = oxML/L: Oxygen, Beckman/YSI [ml/l]
# name 5 = depSM: Depth [salt water, m], lat = 47.5
# name 6 = sal00: Salinity, Practical [PSU]
# name 7 = sigma-é00: Density [sigma-theta, kg/m^3]
# name 8 = flag: flag
# span 0 = 192.742106, 192.751730       
# span 1 =     -5.706,     25.763       
# span 2 =   0.702661,  37.877883       
# span 3 =     7.0858,    14.0199       
# span 4 =   -0.06995,   33.67373       
# span 5 =     -5.658,     25.546       
# span 6 =     0.4408,    33.5302       
# span 7 =    -0.4088,    26.2468       
# span 8 = 0.0000e+00, 0.0000e+00       
# interval = seconds: 0.5
# start_time = Jul 11 2007 17:48:38 [Instrument's time stamp, header]
# bad_flag = -9.990e-29
*END*
 192.742106     -5.706 -9.990e-29    14.0109   -0.06983     -5.658 -9.990e-29 -9.990e-29 -9.990e-29
 192.742112     -5.704   2.586465    14.0119   -0.06985     -5.656     1.7246     0.5806 -9.990e-29
 192.742118     -5.701   2.124333    14.0141   -0.06986     -5.653     1.4010     0.3302 -9.990e-29
 192.742124     -5.698   1.686090    14.0167   -0.06987     -5.651     1.0985     0.0958 -9.990e-29
 192.742130     -5.693   1.436697    14.0189   -0.06990     -5.646     0.9286    -0.0361 -9.990e-29
 192.742135     -5.687   1.344586    14.0199   -0.06992     -5.640     0.8663    -0.0845 -9.990e-29
 192.742141     -5.680   1.324176    14.0190   -0.06993     -5.633     0.8525    -0.0950 -9.990e-29
 192.742147     -5.670   1.306829    14.0171   -0.06991     -5.623     0.8409    -0.1037 -9.990e-29
 192.742153     -5.657   1.240507    14.0151   -0.06991     -5.610     0.7963    -0.1380 -9.990e-29
 192.742159     -5.641   1.112937    14.0129   -0.06993     -5.594     0.7109    -0.2038 -9.990e-29
 192.742164     -5.620   0.975921    14.0094   -0.06990     -5.573     0.6199    -0.2739 -9.990e-29
 192.742170     -5.593   0.876418    14.0048   -0.06995     -5.546     0.5542    -0.3242 -9.990e-29
 192.742176     -5.558   0.821532    14.0001   -0.05909     -5.512     0.5182    -0.3514 -9.990e-29
 192.742182     -5.518   0.794096    13.9959   -0.05929     -5.472     0.5003    -0.3648 -9.990e-29
 192.742188     -5.478   0.764741    13.9922   -0.06021     -5.432     0.4811    -0.3791 -9.990e-29
 192.742193     -5.436   0.724828    13.9881   -0.06042     -5.391     0.4551    -0.3987 -9.990e-29
 192.742199     -5.385   0.702661    13.9809   -0.06058     -5.340     0.4408    -0.4088 -9.990e-29
 192.742205     -5.326   0.739115    13.9679   -0.06067     -5.282     0.4647    -0.3885 -9.990e-29
 192.742211     -5.259   0.878358    13.9472   -0.06058     -5.215     0.5563    -0.3145 -9.990e-29
 192.742216     -5.181   1.221751    13.9055   -0.06061     -5.138     0.7859    -0.1307 -9.990e-29
 192.742222     -5.086   2.124553    13.7946   -0.06053     -5.044     1.4090     0.3673 -9.990e-29
 192.742228     -4.968   4.702867    13.4747   -0.06048     -4.927     3.2978     1.8716 -9.990e-29
 192.742234     -4.819  12.363942    12.9111   -0.06048     -4.779     9.4437     6.6897 -9.990e-29
 192.742240     -4.640  24.265114    12.3659   -0.06055     -4.601    19.9517    14.8744 -9.990e-29
 192.742245     -4.439  32.872374    12.0369   -0.06056     -4.402    28.1160    21.2425 -9.990e-29
 192.742251     -4.230  36.129788    11.8646   -0.06052     -4.195    31.3662    23.7931 -9.990e-29
 192.742257     -4.029  37.197715    11.7776   -0.06050     -3.995    32.4746    24.6693 -9.990e-29
 192.742263     -3.854  37.565636    11.7576   -0.06049     -3.822    32.8499    24.9645 -9.990e-29
 192.742269     -3.711  37.727471    11.7681   -0.06056     -3.680    32.9981    25.0776 -9.990e-29
 192.742274     -3.595  37.786300    11.7837   -0.06066     -3.565    33.0414    25.1084 -9.990e-29
 192.742280     -3.497  37.803760    11.8011   -0.06063     -3.468    33.0429    25.1064 -9.990e-29
 192.742286     -3.414  37.840162    11.8113   -0.06057     -3.386    33.0692    25.1249 -9.990e-29
 192.742292     -3.338  37.859394    11.8117   -0.06058     -3.310    33.0876    25.1391 -9.990e-29
 192.742297     -3.269  37.829366    11.8128   -0.06062     -3.242    33.0573    25.1154 -9.990e-29
 192.742303     -3.212  37.782958    11.8187   -0.06064     -3.185    33.0069    25.0751 -9.990e-29
 192.742309     -3.167  37.758122    11.8178   -0.06076     -3.141    32.9835    25.0572 -9.990e-29
 192.742315     -3.132  37.762135    11.7944   -0.06073     -3.106    33.0082    25.0806 -9.990e-29
 192.742321     -3.103  37.790276    11.7536   -0.06079     -3.077    33.0719    25.1377 -9.990e-29
 192.742326     -3.080  37.840276    11.7297   -0.06084     -3.054    33.1419    25.1965 -9.990e-29
 192.742332     -3.061  37.877883    11.7384   -0.06080     -3.035    33.1708    25.2173 -9.990e-29
 192.742338     -3.045  37.860724    11.7551   -0.06075     -3.020    33.1392    25.1897 -9.990e-29
 192.742344     -3.031  37.816403    11.7544   -0.06079     -3.006    33.0966    25.1567 -9.990e-29
 192.742350     -3.017  37.789586    11.7296   -0.06076     -2.992    33.0926    25.1582 -9.990e-29
 192.742355     -3.002  37.782673    11.6841   -0.06077     -2.977    33.1264    25.1929 -9.990e-29
 192.742361     -2.987  37.802168    11.6391   -0.06079     -2.962    33.1857    25.2472 -9.990e-29
 192.742367     -2.970  37.846603    11.6198   -0.06074     -2.945    33.2465    25.2980 -9.990e-29
 192.742373     -2.954  37.875421    11.6197   -0.06068     -2.929    33.2747    25.3200 -9.990e-29
 192.742378     -2.942  37.845748    11.6246   -0.06079     -2.917    33.2413    25.2931 -9.990e-29
 192.742384     -2.930  37.764017    11.6307   -0.06075     -2.906    33.1559    25.2256 -9.990e-29
 192.742390     -2.913  37.694541    11.6277   -0.06076     -2.889    33.0907    25.1755 -9.990e-29
 192.742396     -2.888  37.690499    11.6173   -0.06079     -2.864    33.0960    25.1815 -9.990e-29
 192.742402     -2.859  37.739231    11.6177   -0.06077     -2.835    33.1433    25.2182 -9.990e-29
 192.742407     -2.833  37.787979    11.6323   -0.06079     -2.809    33.1779    25.2424 -9.990e-29
 192.742413     -2.813  37.792414    11.6516   -0.06078     -2.790    33.1649    25.2288 -9.990e-29
 192.742419     -2.792  37.746131    11.6666   -0.06078     -2.769    33.1063    25.1804 -9.990e-29
 192.742425     -2.761  37.695103    11.6652   -0.06077     -2.738    33.0577    25.1430 -9.990e-29
 192.742431     -2.718  37.691313    11.6509   -0.06072     -2.695    33.0667    25.1526 -9.990e-29
 192.742436     -2.673  37.721320    11.6451   -0.06073     -2.651    33.1012    25.1805 -9.990e-29
 192.742442     -2.635  37.744968    11.6498   -0.06073     -2.613    33.1201    25.1943 -9.990e-29
 192.742448     -2.608  37.742215    11.6535   -0.06071     -2.586    33.1141    25.1889 -9.990e-29
 192.742454     -2.589  37.707165    11.6504   -0.06071     -2.567    33.0826    25.1650 -9.990e-29
 192.742459     -2.572  37.672727    11.6419   -0.06069     -2.551    33.0565    25.1463 -9.990e-29
 192.742465     -2.553  37.674873    11.6416   -0.06067     -2.532    33.0589    25.1482 -9.990e-29
 192.742471     -2.533  37.698538    11.6550   -0.06074     -2.512    33.0700    25.1544 -9.990e-29
 192.742477     -2.513  37.700716    11.6733   -0.06077     -2.492    33.0558    25.1400 -9.990e-29
 192.742483     -2.487  37.671993    11.6871   -0.06072     -2.466    33.0155    25.1062 -9.990e-29
 192.742488     -2.457  37.648670    11.6914   -0.06071     -2.437    32.9889    25.0847 -9.990e-29
 192.742494     -2.429  37.651260    11.6943   -0.06069     -2.409    32.9888    25.0841 -9.990e-29
 192.742500     -2.411  37.668659    11.7037   -0.06067     -2.391    32.9974    25.0891 -9.990e-29
 192.742506     -2.402  37.679227    11.7144   -0.06068     -2.382    32.9982    25.0877 -9.990e-29
 192.742512     -2.391  37.667915    11.7190   -0.06069     -2.371    32.9831    25.0751 -9.990e-29
 192.742517     -2.371  37.648822    11.7107   -0.06069     -2.351    32.9719    25.0679 -9.990e-29
 192.742523     -2.336  37.648097    11.6923   -0.06071     -2.317    32.9875    25.0834 -9.990e-29
 192.742529     -2.291  37.665357    11.6828   -0.06072     -2.272    33.0128    25.1048 -9.990e-29
 192.742535     -2.251  37.682140    11.6893   -0.06075     -2.232    33.0233    25.1118 -9.990e-29
 192.742541     -2.222  37.691117    11.7001   -0.06075     -2.203    33.0225    25.1092 -9.990e-29
 192.742546     -2.203  37.695303    11.7091   -0.06074     -2.185    33.0185    25.1045 -9.990e-29
 192.742552     -2.191  37.700862    11.7158   -0.06075     -2.173    33.0180    25.1028 -9.990e-29
 192.742558     -2.183  37.710180    11.7183   -0.06076     -2.165    33.0248    25.1077 -9.990e-29
 192.742564     -2.173  37.712152    11.7161   -0.06076     -2.155    33.0287    25.1111 -9.990e-29
 192.742569     -2.161  37.701019    11.7092   -0.06077     -2.143    33.0240    25.1087 -9.990e-29
 192.742575     -2.145  37.691674    11.6979   -0.06074     -2.127    33.0249    25.1115 -9.990e-29
 192.742581     -2.129  37.694665    11.6835   -0.06072     -2.111    33.0407    25.1264 -9.990e-29
 192.742587     -2.117  37.703904    11.6705   -0.06072     -2.099    33.0613    25.1448 -9.990e-29
 192.742593     -2.108  37.715466    11.6674   -0.06071     -2.090    33.0753    25.1563 -9.990e-29
 192.742598     -2.100  37.724599    11.6742   -0.06074     -2.082    33.0782    25.1572 -9.990e-29
 192.742604     -2.090  37.716020    11.6783   -0.06083     -2.073    33.0661    25.1471 -9.990e-29
 192.742610     -2.072  37.685599    11.6727   -0.06085     -2.055    33.0414    25.1290 -9.990e-29
 192.742616     -2.049  37.661204    11.6652   -0.06105     -2.032    33.0243    25.1170 -9.990e-29
 192.742622     -2.029  37.668643    11.6669   -0.06116     -2.012    33.0300    25.1212 -9.990e-29
 192.742627     -2.015  37.688697    11.6795   -0.06108     -1.998    33.0384    25.1253 -9.990e-29
 192.742633     -2.005  37.693732    11.6937   -0.06116     -1.988    33.0306    25.1167 -9.990e-29
 192.742639     -2.000  37.682070    11.7005   -0.06118     -1.983    33.0132    25.1019 -9.990e-29
 192.742645     -1.994  37.662294    11.6911   -0.06117     -1.977    33.0023    25.0952 -9.990e-29
 192.742650     -1.983  37.647871    11.6591   -0.06118     -1.966    33.0167    25.1122 -9.990e-29
 192.742656     -1.970  37.653232    11.6155   -0.06116     -1.954    33.0608    25.1545 -9.990e-29
 192.742662     -1.958  37.668725    11.5668   -0.06107     -1.942    33.1194    25.2090 -9.990e-29
 192.742668     -1.948  37.662871    11.5091   -0.06110     -1.932    33.1654    25.2553 -9.990e-29
 192.742674     -1.939  37.615542    11.4624   -0.06108     -1.923    33.1608    25.2603 -9.990e-29
 192.742679     -1.929  37.546628    11.4341   -0.06108     -1.913    33.1185    25.2326 -9.990e-29
 192.742685     -1.919  37.510035    11.4088   -0.06107     -1.903    33.1053    25.2268 -9.990e-29
 192.742691     -1.907  37.521462    11.3957   -0.06103     -1.891    33.1282    25.2471 -9.990e-29
 192.742697     -1.888  37.539533    11.4016   -0.06101     -1.872    33.1407    25.2557 -9.990e-29
 192.742703     -1.862  37.530605    11.4154   -0.06101     -1.846    33.1195    25.2367 -9.990e-29
 192.742708     -1.835  37.496808    11.4331   -0.06100     -1.820    33.0705    25.1954 -9.990e-29
 192.742714     -1.806  37.464871    11.4489   15.90773     -1.791    33.0250    25.1571 -9.990e-29
 192.742720     -1.772  37.465122    11.4573   31.15518     -1.757    33.0177    25.1500 -9.990e-29
 192.742726     -1.741  37.489506    11.4674   33.67373     -1.726    33.0326    25.1597 -9.990e-29
 192.742731     -1.714  37.503836    11.4827   30.37918     -1.700    33.0330    25.1572 -9.990e-29
 192.742737     -1.690  37.493597    11.4967   20.72090     -1.676    33.0104    25.1371 -9.990e-29
 192.742743     -1.667  37.472069    11.5077   15.51481     -1.653    32.9795    25.1111 -9.990e-29
 192.742749     -1.643  37.468322    11.5164   15.56997     -1.629    32.9681    25.1006 -9.990e-29
 192.742755     -1.622  37.487475    11.5268   15.54691     -1.608    32.9775    25.1061 -9.990e-29
 192.742760     -1.611  37.505744    11.5442   15.59256     -1.598    32.9799    25.1047 -9.990e-29
 192.742766     -1.608  37.508821    11.5692   15.63358     -1.595    32.9607    25.0852 -9.990e-29
 192.742772     -1.602  37.504193    11.5941   15.66424     -1.589    32.9340    25.0599 -9.990e-29
 192.742778     -1.583  37.500850    11.6047   15.68733     -1.570    32.9213    25.0481 -9.990e-29
 192.742784     -1.553  37.480904    11.5951   15.69956     -1.540    32.9103    25.0413 -9.990e-29
 192.742789     -1.520  37.417223    11.5839   15.71008     -1.507    32.8580    25.0027 -9.990e-29
 192.742795     -1.495  37.367334    11.5916   15.30493     -1.483    32.8024    24.9581 -9.990e-29
 192.742801     -1.485  37.396492    11.6122   10.23219     -1.473    32.8126    24.9623 -9.990e-29
 192.742807     -1.479  37.452758    11.6310    6.84970     -1.467    32.8509    24.9886 -9.990e-29
 192.742813     -1.466  37.488389    11.6400    5.65366     -1.454    32.8777    25.0078 -9.990e-29
 192.742818     -1.439  37.499333    11.6368    6.27427     -1.427    32.8912    25.0189 -9.990e-29
 192.742824     -1.402  37.487312    11.6270    8.55367     -1.390    32.8882    25.0183 -9.990e-29
 192.742830     -1.365  37.475003    11.6199    9.41607     -1.354    32.8824    25.0152 -9.990e-29
 192.742836     -1.338  37.472912    11.6213    9.66397     -1.327    32.8791    25.0123 -9.990e-29
 192.742841     -1.324  37.480493    11.6301    9.79398     -1.313    32.8787    25.0104 -9.990e-29
 192.742847     -1.319  37.496636    11.6394    9.88714     -1.308    32.8862    25.0145 -9.990e-29
 192.742853     -1.312  37.513704    11.6407    9.95879     -1.301    32.9017    25.0263 -9.990e-29
 192.742859     -1.299  37.519690    11.6324    9.97698     -1.288    32.9150    25.0381 -9.990e-29
 192.742865     -1.284  37.505190    11.6240    9.97368     -1.273    32.9082    25.0345 -9.990e-29
 192.742870     -1.275  37.488432    11.6242    9.97278     -1.264    32.8917    25.0216 -9.990e-29
 192.742876     -1.270  37.491358    11.6318    9.97447     -1.259    32.8878    25.0172 -9.990e-29
 192.742882     -1.266  37.506085    11.6438   10.00886     -1.255    32.8915    25.0178 -9.990e-29
 192.742888     -1.261  37.523087    11.6590   10.04306     -1.250    32.8946    25.0175 -9.990e-29
 192.742894     -1.252  37.537558    11.6731   10.03096     -1.242    32.8962    25.0161 -9.990e-29
 192.742899     -1.237  37.544116    11.6824    9.99989     -1.227    32.8944    25.0130 -9.990e-29
 192.742905     -1.225  37.548700    11.6904    9.94158     -1.215    32.8918    25.0095 -9.990e-29
 192.742911     -1.219  37.558539    11.7018    9.94733     -1.209    32.8912    25.0070 -9.990e-29
 192.742917     -1.214  37.574410    11.7200    9.97650     -1.204    32.8906    25.0031 -9.990e-29
 192.742922     -1.205  37.595602    11.7434   10.01092     -1.195    32.8905    24.9987 -9.990e-29
 192.742928     -1.193  37.616725    11.7620   10.03995     -1.183    32.8946    24.9984 -9.990e-29
 192.742934     -1.175  37.626693    11.7673   10.00717     -1.165    32.8996    25.0014 -9.990e-29
 192.742940     -1.156  37.610200    11.7636    9.97978     -1.146    32.8868    24.9921 -9.990e-29
 192.742946     -1.139  37.580016    11.7640    9.95570     -1.129    32.8570    24.9689 -9.990e-29
 192.742951     -1.126  37.574387    11.7710    9.96290     -1.117    32.8454    24.9586 -9.990e-29
 192.742957     -1.122  37.590846    11.7762    9.99940     -1.113    32.8568    24.9665 -9.990e-29
 192.742963     -1.117  37.605915    11.7709    9.97622     -1.108    32.8761    24.9825 -9.990e-29
 192.742969     -1.102  37.613330    11.7517    9.91334     -1.093    32.9004    25.0048 -9.990e-29
 192.742975     -1.081  37.605033    11.7291    9.88373     -1.072    32.9123    25.0183 -9.990e-29
 192.742980     -1.061  37.580605    11.7189    9.90298     -1.052    32.8975    25.0087 -9.990e-29
 192.742986     -1.049  37.564657    11.7218    9.95843     -1.040    32.8794    24.9941 -9.990e-29
 192.742992     -1.045  37.568435    11.7244   10.02400     -1.036    32.8808    24.9947 -9.990e-29
 192.742998     -1.039  37.566128    11.7115   10.06350     -1.030    32.8900    25.0042 -9.990e-29
 192.743003     -1.027  37.545685    11.6775   10.05317     -1.018    32.9002    25.0184 -9.990e-29
 192.743009     -1.013  37.519656    11.6442   10.02615     -1.005    32.9043    25.0277 -9.990e-29
 192.743015     -1.000  37.500425    11.6415    9.99281     -0.992    32.8879    25.0155 -9.990e-29
 192.743021     -0.983  37.504949    11.6601    9.97049     -0.975    32.8758    25.0027 -9.990e-29
 192.743027     -0.961  37.533078    11.6779    9.99135     -0.953    32.8875    25.0085 -9.990e-29
