data/oxygen options/OCNMS/OCNMS1/raw_data/2007/CTD_CE042_071107faed.cnv
* Sea-Bird SBE19 Data File:
* FileName = C:\2007_mooring_data\CTD_CE042_071107.hex
* Software Version 1.1.6
* Temperature SN = 2997
* Conductivity SN = 2997
* System UpLoad Time = Jul 11 2007 13:53:45
* SEACAT PROFILER V3.1c SN 2997   07/11/07  13:53:15.587
* strain gauge pressure sensor: S/N = 184829,  range = 3000 psia,  tc = 40
# nquan = 9                                 
# nvalues = 1748                        
# units = specified
# name 0 = timeJ: Julian Days
# name 1 = prSM: Pressure, Strain Gauge [db]
# name 2 = c0mS/cm: Conductivity [mS/cm]
# name 3 = t090C: Temperature [ITS-90, deg C]
# name 4 = oxML/L: Oxygen, Beckman/YSI [ml/l]
# name 5 = depSM: Depth [salt water, m], lat = 47.5
# name 6 = sal00: Salinity, Practical [PSU]
# name 7 = sigma-é00: Density [sigma-theta, kg/m^3]
# name 8 = flag: flag
# span 0 = 192.565162, 192.575272       
# span 1 =     -5.730,     41.799       
# span 2 =   0.151474,  37.715557       
# span 3 =     7.0164,    13.8528       
# span 4 =   -0.07047,   32.46271       
# span 5 =     -5.682,     41.446       
# span 6 =     0.0927,    33.5811       
# span 7 =    -0.6590,    26.2962       
# span 8 = 0.0000e+00, 0.0000e+00       
# interval = seconds: 0.5
# start_time = Jul 11 2007 13:33:50 [Instrument's time stamp, header]
# bad_flag = -9.990e-29
*END*
[from data line 1601]
 192.574427      4.492  35.795136     9.9328    7.45999      4.454    32.7200    25.1832 -9.990e-29
 192.574433      4.488  35.808633     9.9593    7.33227      4.450    32.7096    25.1708 -9.990e-29
 192.574439      4.491  35.814779     9.9663    7.21617      4.453    32.7095    25.1695 -9.990e-29
 192.574444      4.504  35.813931     9.9224    7.15381      4.466    32.7485    25.2072 -9.990e-29
 192.574450      4.529  35.762365     9.8229    7.16512      4.491    32.7864    25.2533 -9.990e-29
 192.574456      4.554  35.658044     9.7220    7.21531      4.516    32.7719    25.2585 -9.990e-29
 192.574462      4.563  35.567601     9.6747    7.28979      4.525    32.7226    25.2277 -9.990e-29
 192.574468      4.545  35.541404     9.6931    7.38781      4.507    32.6790    25.1907 -9.990e-29
 192.574473      4.502  35.580941     9.7613    7.47566      4.464    32.6575    25.1627 -9.990e-29
 192.574479      4.458  35.650358     9.8345    7.52678      4.421    32.6618    25.1541 -9.990e-29
 192.574485      4.435  35.726184     9.8735    7.52073      4.398    32.7037    25.1803 -9.990e-29
 192.574491      4.440  35.785097     9.8695    7.51198      4.403    32.7672    25.2306 -9.990e-29
 192.574497      4.466  35.780658     9.8350    7.50667      4.429    32.7941    25.2572 -9.990e-29
 192.574502      4.496  35.728824     9.8125    7.53678      4.458    32.7617    25.2357 -9.990e-29
 192.574508      4.520  35.696706     9.8343    7.56653      4.482    32.7092    25.1911 -9.990e-29
 192.574514      4.531  35.710985     9.8757    7.56618      4.493    32.6862    25.1663 -9.990e-29
 192.574520      4.529  35.740808     9.8985    7.56331      4.491    32.6958    25.1701 -9.990e-29
 192.574525      4.527  35.754757     9.8962    7.58587      4.489    32.7121    25.1831 -9.990e-29
 192.574531      4.534  35.751829     9.8814    7.59531      4.496    32.7225    25.1937 -9.990e-29
 192.574537      4.545  35.741023     9.8693    7.55954      4.507    32.7225    25.1957 -9.990e-29
 192.574543      4.553  35.734842     9.8656    7.49176      4.515    32.7196    25.1940 -9.990e-29
 192.574549      4.554  35.739057     9.8654    7.43800      4.516    32.7241    25.1976 -9.990e-29
 192.574554      4.549  35.744157     9.8662    7.39594      4.511    32.7285    25.2009 -9.990e-29
 192.574560      4.536  35.746857     9.8676    7.37549      4.498    32.7300    25.2018 -9.990e-29
 192.574566      4.520  35.748521     9.8633    7.35835      4.482    32.7356    25.2069 -9.990e-29
 192.574572      4.507  35.741841     9.8372    7.32881      4.469    32.7525    25.2244 -9.990e-29
 192.574578      4.502  35.712312     9.7852    7.28975      4.464    32.7697    25.2464 -9.990e-29
 192.574583      4.499  35.664294     9.7407    7.23416      4.461    32.7613    25.2471 -9.990e-29
 192.574589      4.495  35.635789     9.7388    7.18397      4.457    32.7339    25.2260 -9.990e-29
 192.574595      4.488  35.645962     9.7713    7.11747      4.450    32.7147    25.2057 -9.990e-29
 192.574601      4.479  35.674736     9.8041    7.07298      4.442    32.7143    25.2000 -9.990e-29
 192.574606      4.471  35.693776     9.8098    7.00526      4.434    32.7285    25.2102 -9.990e-29
 192.574612      4.473  35.685321     9.7749    6.94295      4.436    32.7516    25.2340 -9.990e-29
 192.574618      4.488  35.640353     9.7100    6.94850      4.450    32.7648    25.2549 -9.990e-29
 192.574624      4.514  35.568994     9.6544    6.97672      4.476    32.7425    25.2465 -9.990e-29
 192.574630      4.538  35.512873     9.6413    7.06696      4.500    32.6970    25.2131 -9.990e-29
 192.574635      4.551  35.506462     9.6686    7.14499      4.513    32.6656    25.1842 -9.990e-29
 192.574641      4.552  35.544566     9.7105    7.19684      4.514    32.6665    25.1780 -9.990e-29
 192.574647      4.550  35.588307     9.7353    7.22525      4.512    32.6886    25.1912 -9.990e-29
 192.574653      4.550  35.607450     9.7329    7.23950      4.512    32.7103    25.2086 -9.990e-29
 192.574659      4.551  35.601189     9.7195    7.26731      4.513    32.7161    25.2153 -9.990e-29
 192.574664      4.550  35.585850     9.7114    7.29225      4.512    32.7078    25.2102 -9.990e-29
 192.574670      4.541  35.590876     9.7162    7.30579      4.503    32.7086    25.2100 -9.990e-29
 192.574676      4.530  35.616242     9.7284    7.29631      4.492    32.7234    25.2195 -9.990e-29
 192.574682      4.518  35.638033     9.7373    7.28667      4.480    32.7375    25.2291 -9.990e-29
 192.574688      4.506  35.655603     9.7419    7.31188      4.468    32.7513    25.2391 -9.990e-29
 192.574693      4.492  35.664920     9.7451    7.34741      4.454    32.7579    25.2438 -9.990e-29
 192.574699      4.480  35.658231     9.7513    7.38035      4.443    32.7454    25.2330 -9.990e-29
 192.574705      4.474  35.652411     9.7600    7.42081      4.437    32.7316    25.2208 -9.990e-29
 192.574711      4.469  35.653718     9.7664    7.36786      4.432    32.7271    25.2162 -9.990e-29
 192.574716      4.460  35.651570     9.7784    7.25087      4.423    32.7140    25.2040 -9.990e-29
 192.574722      4.452  35.654882     9.8017    7.14115      4.415    32.6962    25.1863 -9.990e-29
 192.574728      4.451  35.671437     9.8171    7.00136      4.414    32.6991    25.1860 -9.990e-29
 192.574734      4.462  35.688562     9.8042    6.84311      4.425    32.7283    25.2109 -9.990e-29
 192.574740      4.487  35.689300     9.7633    6.71693      4.450    32.7662    25.2473 -9.990e-29
 192.574745      4.522  35.659512     9.6897    6.63285      4.484    32.8029    25.2879 -9.990e-29
 192.574751      4.560  35.588631     9.5840    6.65120      4.522    32.8269    25.3239 -9.990e-29
 192.574757      4.597  35.487534     9.4933    6.77974      4.559    32.8061    25.3224 -9.990e-29
 192.574763      4.621  35.413129     9.4636    6.93950      4.582    32.7568    25.2886 -9.990e-29
 192.574769      4.621  35.406887     9.4886    7.09522      4.582    32.7276    25.2617 -9.990e-29
 192.574774      4.597  35.446458     9.5468    7.24235      4.559    32.7151    25.2426 -9.990e-29
 192.574780      4.560  35.498843     9.6233    7.33824      4.522    32.6990    25.2176 -9.990e-29
 192.574786      4.525  35.549818     9.6922    7.40100      4.487    32.6885    25.1982 -9.990e-29
 192.574792      4.503  35.602343     9.7356    7.42775      4.465    32.7027    25.2022 -9.990e-29
 192.574797      4.496  35.654722     9.7597    7.40166      4.458    32.7342    25.2229 -9.990e-29
 192.574803      4.501  35.684318     9.7736    7.37777      4.463    32.7518    25.2343 -9.990e-29
 192.574809      4.503  35.685758     9.7813    7.39163      4.465    32.7462    25.2287 -9.990e-29
 192.574815      4.496  35.677787     9.7864    7.38213      4.458    32.7334    25.2179 -9.990e-29
 192.574821      4.482  35.673887     9.7893    7.40279      4.445    32.7268    25.2123 -9.990e-29
 192.574826      4.474  35.677274     9.7899    7.44137      4.437    32.7298    25.2144 -9.990e-29
 192.574832      4.480  35.679017     9.7891    7.41616      4.443    32.7323    25.2165 -9.990e-29
 192.574838      4.487  35.665188     9.7894    7.33951      4.450    32.7179    25.2052 -9.990e-29
 192.574844      4.483  35.656595     9.7964    7.26696      4.446    32.7028    25.1923 -9.990e-29
 192.574850      4.472  35.672613     9.8091    7.23077      4.435    32.7076    25.1939 -9.990e-29
 192.574855      4.462  35.689760     9.8168    7.16846      4.425    32.7180    25.2009 -9.990e-29
 192.574861      4.460  35.699516     9.8096    7.08090      4.423    32.7345    25.2149 -9.990e-29
 192.574867      4.471  35.697519     9.7787    7.00769      4.434    32.7606    25.2403 -9.990e-29
 192.574873      4.496  35.662055     9.7193    6.97876      4.458    32.7785    25.2641 -9.990e-29
 192.574878      4.532  35.591809     9.6540    7.01079      4.494    32.7662    25.2651 -9.990e-29
 192.574884      4.567  35.527095     9.6256    7.05119      4.529    32.7258    25.2382 -9.990e-29
 192.574890      4.593  35.525685     9.6432    7.08908      4.555    32.7084    25.2217 -9.990e-29
 192.574896      4.606  35.573354     9.6717    7.14583      4.568    32.7311    25.2349 -9.990e-29
 192.574902      4.610  35.605296     9.6832    7.19543      4.571    32.7533    25.2503 -9.990e-29
 192.574907      4.612  35.609737     9.6811    7.20101      4.573    32.7598    25.2557 -9.990e-29
 192.574913      4.602  35.606253     9.6767    7.24128      4.564    32.7602    25.2568 -9.990e-29
 192.574919      4.571  35.602534     9.6773    7.25063      4.533    32.7559    25.2533 -9.990e-29
 192.574925      4.525  35.603338     9.6965    7.19427      4.487    32.7392    25.2371 -9.990e-29
 192.574931      4.480  35.615901     9.7414    7.13120      4.443    32.7112    25.2079 -9.990e-29
 192.574936      4.444  35.644830     9.7835    7.09247      4.407    32.7025    25.1942 -9.990e-29
 192.574942      4.424  35.667037     9.7858    7.04525      4.387    32.7231    25.2099 -9.990e-29
 192.574948      4.424  35.649918     9.7498    7.00706      4.387    32.7383    25.2277 -9.990e-29
 192.574954      4.438  35.609901     9.7045    6.96398      4.401    32.7387    25.2354 -9.990e-29
 192.574959      4.459  35.576591     9.6665    6.96256      4.422    32.7393    25.2420 -9.990e-29
 192.574965      4.481  35.540882     9.6434    7.00591      4.444    32.7238    25.2337 -9.990e-29
 192.574971      4.499  35.507283     9.6501    7.04225      4.461    32.6833    25.2010 -9.990e-29
 192.574977      4.516  35.515071     9.6787    7.06214      4.478    32.6652    25.1822 -9.990e-29
 192.574983      4.531  35.558370     9.6981    7.07256      4.493    32.6918    25.1999 -9.990e-29
 192.574988      4.548  35.582242     9.6910    7.08430      4.510    32.7227    25.2251 -9.990e-29
 192.574994      4.565  35.572559     9.6696    7.11824      4.527    32.7323    25.2361 -9.990e-29
 192.575000      4.581  35.559576     9.6589    7.16027      4.543    32.7287    25.2351 -9.990e-29
 192.575006      4.587  35.559614     9.6656    7.20053      4.549    32.7227    25.2292 -9.990e-29
 192.575012      4.584  35.568233     9.6790    7.23227      4.546    32.7193    25.2244 -9.990e-29
 192.575017      4.580  35.581788     9.6902    7.27933      4.542    32.7229    25.2254 -9.990e-29
 192.575023      4.576  35.602100     9.7028    7.32265      4.538    32.7322    25.2306 -9.990e-29
 192.575029      4.562  35.625423     9.7222    7.36674      4.524    32.7384    25.2323 -9.990e-29
 192.575035      4.537  35.641373     9.7425    7.33621      4.499    32.7362    25.2272 -9.990e-29
 192.575041      4.509  35.641509     9.7483    7.29074      4.471    32.7311    25.2223 -9.990e-29
 192.575046      4.479  35.632182     9.7398    7.26527      4.442    32.7293    25.2223 -9.990e-29
 192.575052      4.450  35.631232     9.7363    7.22655      4.413    32.7315    25.2246 -9.990e-29
 192.575058      4.430  35.645803     9.7443    7.20541      4.393    32.7391    25.2292 -9.990e-29
 192.575064      4.425  35.671216     9.7561    7.15659      4.388    32.7543    25.2392 -9.990e-29
 192.575069      4.439  35.687538     9.7532    7.10377      4.402    32.7736    25.2547 -9.990e-29
 192.575075      4.464  35.657116     9.7187    7.09442      4.427    32.7740    25.2606 -9.990e-29
 192.575081      4.490  35.589839     9.6744    7.13166      4.452    32.7456    25.2457 -9.990e-29
 192.575087      4.509  35.547357     9.6533    7.19067      4.471    32.7214    25.2302 -9.990e-29
 192.575093      4.514  35.548136     9.6593    7.23496      4.476    32.7167    25.2256 -9.990e-29
 192.575098      4.505  35.576385     9.6771    7.24777      4.467    32.7294    25.2326 -9.990e-29
 192.575104      4.491  35.609788     9.6881    7.23498      4.453    32.7535    25.2496 -9.990e-29
 192.575110      4.479  35.624494     9.6840    7.23047      4.442    32.7723    25.2650 -9.990e-29
 192.575116      4.472  35.622180     9.6740    7.20175      4.435    32.7790    25.2719 -9.990e-29
 192.575122      4.466  35.618263     9.6700    7.16036      4.429    32.7787    25.2723 -9.990e-29
 192.575127      4.456  35.619291     9.6727    7.14033      4.419    32.7773    25.2707 -9.990e-29
 192.575133      4.437  35.619904     9.6768    7.11865      4.400    32.7742    25.2676 -9.990e-29
 192.575139      4.404  35.618675     9.6767    7.11667      4.367    32.7730    25.2667 -9.990e-29
 192.575145      4.355  35.617330     9.6722    7.14698      4.319    32.7758    25.2696 -9.990e-29
 192.575150      4.286  35.611836     9.6677    7.23044      4.250    32.7743    25.2692 -9.990e-29
 192.575156      4.197  35.601034     9.6661    7.29123      4.162    32.7647    25.2620 -9.990e-29
 192.575162      4.087  35.592941     9.6754    7.35885      4.053    32.7480    25.2474 -9.990e-29
 192.575168      3.950  35.595824     9.7116    7.49815      3.917    32.7181    25.2181 0.0000e+00
 192.575174      3.776  35.617452     9.7730    7.83548      3.744    32.6844    25.1818 0.0000e+00
 192.575179      3.559  35.660315     9.8522    8.20803      3.529    32.6563    25.1468 0.0000e+00
 192.575185      3.301  35.724953     9.9542    8.40301      3.273    32.6298    25.1093 0.0000e+00
 192.575191      3.017  35.801702    10.0635    8.43306      2.992    32.6091    25.0749 0.0000e+00
 192.575197      2.718  35.879112    10.1776    8.29189      2.695    32.5847    25.0368 0.0000e+00
 192.575203      2.407  35.964558    10.3611    8.06848      2.387    32.5063    24.9447 0.0000e+00
 192.575208      2.082  36.075564    10.7048    7.95679      2.065    32.3117    24.7343 0.0000e+00
 192.575214      1.746  36.249710    11.1779    7.84971      1.731    32.0689    24.4626 0.0000e+00
 192.575220      1.422  36.460767    11.6084 -9.990e-29      1.410    31.9027    24.2563 0.0000e+00
 192.575226      1.132  36.639807    11.8876 -9.990e-29      1.123    31.8369    24.1542 0.0000e+00
 192.575231      0.887  36.763265    12.0364 -9.990e-29      0.880    31.8289    24.1206 0.0000e+00
 192.575237      0.694  36.796797    12.1056 -9.990e-29      0.688    31.8023    24.0871 0.0000e+00
 192.575243      0.543  36.741422    12.1371 -9.990e-29      0.538    31.7224    24.0193 -9.990e-29
 192.575249      0.427  36.637143    12.1560 -9.990e-29      0.423    31.6064    23.9258 -9.990e-29
 192.575255      0.345  36.505838    12.1695 -9.990e-29      0.342    31.4692    23.8169 -9.990e-29
 192.575260      0.293  36.379318    12.1781 -9.990e-29      0.291    31.3408    23.7158 -9.990e-29
 192.575266      0.263  36.280631    12.1811 -9.990e-29      0.261    31.2438    23.6400 -9.990e-29
 192.575272      0.253  36.216673 -9.990e-29 -9.990e-29      0.251 -9.990e-29 -9.990e-29 -9.990e-29
