data/oxygen options/ONMS/Olympic_Coast_National_Marine_Sanctuary_Hypoxia_Survey_CTD_Data_2004_2015/raw_data/2007/CTD_CE100_101207faed.cnv
* Sea-Bird SBE19 Data File:
* FileName = C:\2007_mooring_data\retrieval_101207\CTD_CE100_101207.hex
* Software Version 1.20
* Temperature SN = 2997
* Conductivity SN = 2997
* System UpLoad Time = Oct 12 2007 13:34:09
* SEACAT PROFILER V3.1c SN 2997   10/12/07  13:33:30.834
* strain gauge pressure sensor: S/N = 184829,  range = 3000 psia,  tc = 40
# nquan = 9                                 
# nvalues = 779                         
# units = specified
# name 0 = timeJ: Julian Days
# name 1 = prSM: Pressure, Strain Gauge [db]
# name 2 = c0mS/cm: Conductivity [mS/cm]
# name 3 = t090C: Temperature [ITS-90, deg C]
# name 4 = oxML/L: Oxygen, Beckman/YSI [ml/l]
# name 5 = depSM: Depth [salt water, m], lat = 47.5
# name 6 = sal00: Salinity, Practical [PSU]
# name 7 = sigma-é00: Density [sigma-theta, kg/m^3]
# name 8 = flag: flag
# span 0 = 285.553600, 285.558102       
# span 1 =      0.532,     96.569       
# span 2 =   1.097532,  37.506502       
# span 3 =     7.6743,    13.2772       
# span 4 =   -0.07124,   31.31404       
# span 5 =      0.528,     95.741       
# span 6 =     0.7142,    33.8107       
# span 7 =    -0.0982,    26.3885       
# span 8 = 0.0000e+00, 0.0000e+00       
# interval = seconds: 0.5
# start_time = Oct 12 2007 13:17:11 [Instrument's time stamp, header]
# bad_flag = -9.990e-29
*END*
[from data line 161]
 285.554531      1.811  37.455930    12.8219    6.80885      1.796    31.8236    23.9679 -9.990e-29
 285.554537      1.817  37.454646    12.8226    6.80417      1.802    31.8217    23.9663 -9.990e-29
 285.554543      1.821  37.453400    12.8227    6.80201      1.806    31.8205    23.9653 -9.990e-29
 285.554549      1.825  37.453330    12.8227    6.80076      1.810    31.8204    23.9653 -9.990e-29
 285.554554      1.828  37.454899    12.8229    6.80047      1.813    31.8217    23.9663 -9.990e-29
 285.554560      1.831  37.459073    12.8234    6.79251      1.816    31.8253    23.9689 -9.990e-29
 285.554566      1.834  37.465247    12.8251    6.79635      1.819    31.8297    23.9720 -9.990e-29
 285.554572      1.837  37.471559    12.8281    6.79264      1.822    31.8331    23.9741 -9.990e-29
 285.554578      1.841  37.475771    12.8312    6.79345      1.826    31.8345    23.9745 -9.990e-29
 285.554583      1.845  37.475647    12.8331    6.80363      1.830    31.8327    23.9728 -9.990e-29
 285.554589      1.850  37.472698    12.8343    6.79504      1.835    31.8289    23.9696 -9.990e-29
 285.554595      1.856  37.469157    12.8352    6.79487      1.841    31.8248    23.9663 -9.990e-29
 285.554601      1.864  37.464224    12.8356    6.77551      1.848    31.8198    23.9623 -9.990e-29
 285.554606      1.870  37.460285    12.8366    6.74499      1.854    31.8153    23.9586 -9.990e-29
 285.554612      1.869  37.461053    12.8394    6.75803      1.853    31.8136    23.9568 -9.990e-29
 285.554618      1.862  37.464744    12.8426    6.78115      1.846    31.8144    23.9568 -9.990e-29
 285.554624      1.849  37.467869    12.8446    6.80049      1.834    31.8157    23.9574 -9.990e-29
 285.554630      1.832  37.468422    12.8450    6.81053      1.817    31.8159    23.9575 -9.990e-29
 285.554635      1.815  37.462655    12.8424    6.79983      1.800    31.8126    23.9555 -9.990e-29
 285.554641      1.801  37.438388    12.8369    6.79258      1.786    31.7944    23.9424 -9.990e-29
 285.554647      1.794  37.409793    12.8337    6.79182      1.779    31.7700    23.9242 -9.990e-29
 285.554653      1.793  37.414980    12.8361    6.78673      1.778    31.7729    23.9259 -9.990e-29
 285.554659      1.799  37.441799    12.8391    6.79089      1.784    31.7957    23.9430 -9.990e-29
 285.554664      1.806  37.456491    12.8373    6.78580      1.791    31.8111    23.9553 -9.990e-29
 285.554670      1.812  37.458461    12.8325    6.77900      1.797    31.8170    23.9608 -9.990e-29
 285.554676      1.816  37.457620    12.8290    6.77168      1.801    31.8192    23.9631 -9.990e-29
 285.554682      1.820  37.459006    12.8283    6.76374      1.805    31.8211    23.9647 -9.990e-29
 285.554688      1.823  37.462782    12.8303    6.75898      1.808    31.8230    23.9658 -9.990e-29
 285.554693      1.825  37.467812    12.8345    6.75757      1.810    31.8242    23.9659 -9.990e-29
 285.554699      1.826  37.473508    12.8388    6.74903      1.811    31.8259    23.9664 -9.990e-29
 285.554705      1.828  37.476812    12.8407    6.75191      1.813    31.8274    23.9672 -9.990e-29
 285.554711      1.829  37.475958    12.8406    6.75724      1.814    31.8267    23.9667 -9.990e-29
 285.554716      1.829  37.473730    12.8403    6.75147      1.814    31.8249    23.9653 -9.990e-29
 285.554722      1.830  37.472197    12.8403    6.75697      1.815    31.8234    23.9642 -9.990e-29
 285.554728      1.830  37.470995    12.8399    6.76032      1.815    31.8226    23.9637 -9.990e-29
 285.554734      1.831  37.467956    12.8387    6.75059      1.816    31.8208    23.9625 -9.990e-29
 285.554740      1.831  37.462947    12.8367    6.75040      1.816    31.8177    23.9605 -9.990e-29
 285.554745      1.832  37.459378    12.8343    6.74128      1.817    31.8164    23.9599 -9.990e-29
 285.554751      1.832  37.456407    12.8310    6.73521      1.817    31.8163    23.9605 -9.990e-29
 285.554757      1.832  37.451751    12.8259    6.73147      1.817    31.8162    23.9614 -9.990e-29
 285.554763      1.833  37.445927    12.8193    6.73374      1.818    31.8163    23.9627 -9.990e-29
 285.554769      1.833  37.439572    12.8117    6.75157      1.818    31.8167    23.9645 -9.990e-29
 285.554774      1.833  37.431497    12.8036    6.75856      1.818    31.8159    23.9654 -9.990e-29
 285.554780      1.834  37.419338    12.7972    6.76311      1.819    31.8098    23.9619 -9.990e-29
 285.554786      1.834  37.404257    12.7912    6.76163      1.819    31.8005    23.9560 -9.990e-29
 285.554792      1.835  37.391365    12.7812    6.75033      1.820    31.7968    23.9550 -9.990e-29
 285.554797      1.836  37.382530    12.7708    6.74265      1.821    31.7972    23.9573 -9.990e-29
 285.554803      1.837  37.379982    12.7696    6.74468      1.822    31.7958    23.9564 -9.990e-29
 285.554809      1.839  37.389847    12.7788    6.73715      1.824    31.7974    23.9559 -9.990e-29
 285.554815      1.840  37.405093    12.7889    6.73233      1.825    31.8033    23.9585 -9.990e-29
 285.554821      1.843  37.414648    12.7922    6.73108      1.828    31.8095    23.9627 -9.990e-29
 285.554826      1.846  37.418357    12.7911    6.71985      1.831    31.8140    23.9664 -9.990e-29
 285.554832      1.850  37.417802    12.7913    6.70505      1.835    31.8133    23.9658 -9.990e-29
 285.554838      1.855  37.415602    12.7947    6.69689      1.840    31.8083    23.9613 -9.990e-29
 285.554844      1.857  37.411621    12.7977    6.70319      1.841    31.8020    23.9559 -9.990e-29
 285.554850      1.853  37.404469    12.7942    6.72139      1.838    31.7982    23.9536 -9.990e-29
 285.554855      1.845  37.395820    12.7819    6.74244      1.830    31.8004    23.9576 -9.990e-29
 285.554861      1.839  37.385353    12.7658    6.74852      1.824    31.8040    23.9636 -9.990e-29
 285.554867      1.832  37.372561    12.7507    6.75048      1.817    31.8047    23.9670 -9.990e-29
 285.554873      1.826  37.361124    12.7385    6.73988      1.811    31.8041    23.9689 -9.990e-29
 285.554878      1.819  37.357086    12.7331    6.72228      1.804    31.8049    23.9705 -9.990e-29
 285.554884      1.816  37.362345    12.7389    6.72216      1.801    31.8049    23.9694 -9.990e-29
 285.554890      1.821  37.373818    12.7550    6.71475      1.806    31.8022    23.9643 -9.990e-29
 285.554896      1.829  37.387736    12.7725    6.72154      1.814    31.8007    23.9597 -9.990e-29
 285.554902      1.836  37.399667    12.7805    6.71965      1.821    31.8052    23.9616 -9.990e-29
 285.554907      1.844  37.405339    12.7764    6.71717      1.829    31.8140    23.9693 -9.990e-29
 285.554913      1.853  37.402785    12.7662    6.70192      1.838    31.8202    23.9760 -9.990e-29
 285.554919      1.863  37.394203    12.7575    6.69273      1.847    31.8194    23.9771 -9.990e-29
 285.554925      1.876  37.387765    12.7537    6.69440      1.860    31.8165    23.9756 -9.990e-29
 285.554931      1.887  37.387774    12.7553    6.69872      1.871    31.8152    23.9742 -9.990e-29
 285.554936      1.888  37.390312    12.7600    6.70727      1.872    31.8136    23.9721 -9.990e-29
 285.554942      1.880  37.391469    12.7622    6.70485      1.864    31.8129    23.9711 -9.990e-29
 285.554948      1.871  37.390543    12.7598    6.69810      1.855    31.8140    23.9724 -9.990e-29
 285.554954      1.864  37.386297    12.7555    6.68933      1.848    31.8136    23.9730 -9.990e-29
 285.554959      1.860  37.380354    12.7517    6.68229      1.844    31.8112    23.9718 -9.990e-29
 285.554965      1.857  37.379362    12.7488    6.68448      1.841    31.8127    23.9735 -9.990e-29
 285.554971      1.855  37.383114    12.7470    6.68306      1.840    31.8178    23.9778 -9.990e-29
 285.554977      1.855  37.386517    12.7465    6.67949      1.840    31.8214    23.9807 -9.990e-29
 285.554983      1.857  37.387377    12.7472    6.69175      1.841    31.8216    23.9808 -9.990e-29
 285.554988      1.860  37.385715    12.7483    6.68635      1.844    31.8191    23.9786 -9.990e-29
 285.554994      1.865  37.382673    12.7481    6.68674      1.849    31.8164    23.9766 -9.990e-29
 285.555000      1.873  37.379800    12.7471    6.68714      1.857    31.8145    23.9753 -9.990e-29
 285.555006      1.882  37.378304    12.7475    6.68259      1.866    31.8128    23.9739 -9.990e-29
 285.555012      1.895  37.378991    12.7494    6.68119      1.879    31.8118    23.9728 -9.990e-29
 285.555017      1.908  37.383146    12.7519    6.66799      1.892    31.8136    23.9737 -9.990e-29
 285.555023      1.913  37.389580    12.7543    6.66160      1.897    31.8177    23.9764 -9.990e-29
 285.555029      1.910  37.394909    12.7561    6.66426      1.894    31.8212    23.9788 -9.990e-29
 285.555035      1.903  37.397823    12.7573    6.66460      1.887    31.8230    23.9799 -9.990e-29
 285.555041      1.892  37.399772    12.7581    6.65744      1.876    31.8242    23.9806 -9.990e-29
 285.555046      1.881  37.399986    12.7587    6.64998      1.865    31.8239    23.9803 -9.990e-29
 285.555052      1.873  37.394819    12.7586    6.64351      1.857    31.8191    23.9766 -9.990e-29
 285.555058      1.867  37.385788    12.7570    6.65339      1.851    31.8119    23.9713 -9.990e-29
 285.555064      1.864  37.379908    12.7525    6.66883      1.848    31.8101    23.9708 -9.990e-29
 285.555069      1.862  37.380543    12.7449    6.67502      1.846    31.8171    23.9777 -9.990e-29
 285.555075      1.863  37.380689    12.7355    6.67021      1.847    31.8252    23.9858 -9.990e-29
 285.555081      1.865  37.373247    12.7270    6.65606      1.849    31.8253    23.9875 -9.990e-29
 285.555087      1.870  37.364544    12.7238    6.64565      1.854    31.8197    23.9838 -9.990e-29
 285.555093      1.876  37.363712    12.7268    6.64896      1.860    31.8164    23.9807 -9.990e-29
 285.555098      1.886  37.369073    12.7319    6.65436      1.870    31.8172    23.9803 -9.990e-29
 285.555104      1.895  37.374876    12.7367    6.66023      1.879    31.8186    23.9805 -9.990e-29
 285.555110      1.899  37.381005    12.7408    6.65872      1.883    31.8210    23.9815 -9.990e-29
 285.555116      1.903  37.387781    12.7433    6.64961      1.887    31.8253    23.9844 -9.990e-29
 285.555122      1.912  37.391341    12.7441    6.64170      1.896    31.8280    23.9863 -9.990e-29
 285.555127      1.922  37.390821    12.7443    6.63607      1.906    31.8273    23.9857 -9.990e-29
 285.555133      1.924  37.391129    12.7455    6.63401      1.908    31.8266    23.9849 -9.990e-29
 285.555139      1.919  37.397154    12.7491    6.63645      1.903    31.8293    23.9863 -9.990e-29
 285.555145      1.911  37.405151    12.7543    6.64030      1.895    31.8325    23.9878 -9.990e-29
 285.555150      1.900  37.407281    12.7582    6.63906      1.884    31.8312    23.9861 -9.990e-29
 285.555156      1.888  37.405256    12.7598    6.63293      1.872    31.8279    23.9832 -9.990e-29
 285.555162      1.881  37.403660    12.7599    6.63180      1.865    31.8263    23.9820 -9.990e-29
 285.555168      1.876  37.402604    12.7593    6.62596      1.860    31.8258    23.9817 -9.990e-29
 285.555174      1.874  37.401237    12.7587    6.62340      1.858    31.8251    23.9812 -9.990e-29
 285.555179      1.875  37.398851    12.7585    6.62991      1.859    31.8230    23.9796 -9.990e-29
 285.555185      1.879  37.394501    12.7586    6.63302      1.863    31.8188    23.9764 -9.990e-29
 285.555191      1.881  37.391353    12.7590    6.63057      1.865    31.8154    23.9737 -9.990e-29
 285.555197      1.878  37.393612    12.7591    6.63018      1.862    31.8175    23.9753 -9.990e-29
 285.555203      1.878  37.396999    12.7579    6.62128      1.862    31.8217    23.9788 -9.990e-29
 285.555208      1.884  37.397615    12.7562    6.61817      1.868    31.8237    23.9807 -9.990e-29
 285.555214      1.890  37.396838    12.7554    6.60709      1.874    31.8237    23.9808 -9.990e-29
 285.555220      1.891  37.396429    12.7561    6.60325      1.875    31.8227    23.9799 -9.990e-29
 285.555226      1.887  37.397518    12.7574    6.62388      1.871    31.8226    23.9796 -9.990e-29
 285.555231      1.883  37.399308    12.7583    6.63130      1.867    31.8236    23.9801 -9.990e-29
 285.555237      1.881  37.400258    12.7587    6.62865      1.865    31.8241    23.9805 -9.990e-29
 285.555243      1.883  37.400510    12.7596    6.62186      1.867    31.8236    23.9799 -9.990e-29
 285.555249      1.888  37.402075    12.7620    6.60651      1.872    31.8231    23.9790 -9.990e-29
 285.555255      1.896  37.406477    12.7664    6.60499      1.880    31.8235    23.9785 -9.990e-29
 285.555260      1.905  37.413411    12.7733    6.60624      1.889    31.8243    23.9778 -9.990e-29
 285.555266      1.909  37.423149    12.7825    6.61365      1.893    31.8257    23.9771 -9.990e-29
 285.555272      1.914  37.433534    12.7905    6.61153      1.898    31.8288    23.9780 -9.990e-29
 285.555278      1.920  37.438787    12.7946    6.60313      1.904    31.8303    23.9784 -9.990e-29
 285.555284      1.923  37.439182    12.7963    6.60284      1.907    31.8292    23.9772 -9.990e-29
 285.555289      1.927  37.440287    12.7987    6.59704      1.911    31.8283    23.9760 -9.990e-29
 285.555295      1.934  37.444133    12.8025    6.58915      1.918    31.8287    23.9756 -9.990e-29
 285.555301      1.938  37.447434    12.8062    6.58784      1.922    31.8287    23.9749 -9.990e-29
 285.555307      1.940  37.446176    12.8083    6.58263      1.924    31.8257    23.9722 -9.990e-29
 285.555313      1.936  37.440919    12.8077    6.57376      1.920    31.8213    23.9688 -9.990e-29
 285.555318      1.922  37.435864    12.8051    6.57209      1.906    31.8187    23.9673 -9.990e-29
 285.555324      1.900  37.433234    12.8023    6.57349      1.884    31.8186    23.9678 -9.990e-29
 285.555330      1.879  37.430079    12.7986    6.58608      1.863    31.8187    23.9686 -9.990e-29
 285.555336      1.864  37.422186    12.7922    6.59585      1.848    31.8166    23.9682 -9.990e-29
 285.555341      1.860  37.410800    12.7832    6.59258      1.844    31.8135    23.9675 -9.990e-29
 285.555347      1.863  37.400354    12.7744    6.58405      1.847    31.8110    23.9673 -9.990e-29
 285.555353      1.867  37.392610    12.7706    6.57922      1.851    31.8069    23.9648 -9.990e-29
 285.555359      1.873  37.391251    12.7731    6.56727      1.857    31.8035    23.9617 -9.990e-29
 285.555365      1.882  37.396702    12.7770    6.57620      1.866    31.8053    23.9624 -9.990e-29
 285.555370      1.895  37.402768    12.7784    6.57861      1.879    31.8099    23.9657 -9.990e-29
 285.555376      1.907  37.407444    12.7780    6.57508      1.891    31.8146    23.9694 -9.990e-29
 285.555382      1.915  37.409671    12.7759    6.57929      1.899    31.8185    23.9728 -9.990e-29
 285.555388      1.925  37.409051    12.7727    6.57031      1.909    31.8206    23.9751 -9.990e-29
 285.555394      1.935  37.409799    12.7709    6.57900      1.919    31.8228    23.9772 -9.990e-29
 285.555399      1.940  37.412344    12.7713    6.57331      1.924    31.8249    23.9787 -9.990e-29
 285.555405      1.934  37.413906    12.7721    6.57494      1.918    31.8257    23.9791 -9.990e-29
 285.555411      1.922  37.414319    12.7721    6.57678      1.906    31.8261    23.9795 -9.990e-29
 285.555417      1.911  37.414691    12.7717    6.57510      1.895    31.8268    23.9801 -9.990e-29
 285.555422      1.905  37.414392    12.7719    6.57140      1.889    31.8264    23.9797 -9.990e-29
 285.555428      1.904  37.412460    12.7722    6.57095      1.888    31.8243    23.9780 -9.990e-29
 285.555434      1.908  37.410797    12.7717    6.57062      1.892    31.8231    23.9772 -9.990e-29
 285.555440      1.917  37.409423    12.7686    6.57137      1.901    31.8244    23.9788 -9.990e-29
 285.555446      1.930  37.407060    12.7649    6.57868      1.914    31.8253    23.9802 -9.990e-29
