data/oxygen options/ONMS/Olympic_Coast_National_Marine_Sanctuary_Hypoxia_Survey_CTD_Data_2004_2015/raw_data/2007/CTD_TH100_080807faed.cnv
* Sea-Bird SBE19 Data File:
* FileName = C:\2007_mooring_data\CTD_TH100_080807.hex
* Software Version 1.1.6
* Temperature SN = 2997
* Conductivity SN = 2997
* System UpLoad Time = Aug 08 2007 09:17:41
* SEACAT PROFILER V3.1c SN 2997   08/08/07  09:17:20.443
* strain gauge pressure sensor: S/N = 184829,  range = 3000 psia,  tc = 40
# nquan = 9                                 
# nvalues = 966                         
# units = specified
# name 0 = timeJ: Julian Days
# name 1 = prSM: Pressure, Strain Gauge [db]
# name 2 = c0mS/cm: Conductivity [mS/cm]
# name 3 = t090C: Temperature [ITS-90, deg C]
# name 4 = oxML/L: Oxygen, Beckman/YSI [ml/l]
# name 5 = depSM: Depth [salt water, m], lat = 47.5
# name 6 = sal00: Salinity, Practical [PSU]
# name 7 = sigma-é00: Density [sigma-theta, kg/m^3]
# name 8 = flag: flag
# span 0 = 220.378912, 220.384497       
# span 1 =     -5.425,     99.022       
# span 2 =   0.075800,  37.344538       
# span 3 =     6.9515,    13.9870       
# span 4 =   -0.07037,   31.51134       
# span 5 =     -5.380,     98.172       
# span 6 =     0.0476,    33.8906       
# span 7 =    -0.7135,    26.5423       
# span 8 = 0.0000e+00, 0.0000e+00       
# interval = seconds: 0.5
# start_time = Aug 08 2007 09:05:38 [Instrument's time stamp, header]
# bad_flag = -9.990e-29
*END*
[from data line 801]
 220.383547     35.884  34.613604     8.3881    4.36140     35.581    32.9042    25.5714 0.0000e+00
 220.383553     35.453  34.598373     8.4007    4.35463     35.154    32.8766    25.5479 0.0000e+00
 220.383559     35.017  34.570577     8.4131    4.33850     34.722    32.8359    25.5141 0.0000e+00
 220.383565     34.583  34.539110     8.4180    4.31836     34.291    32.7983    25.4839 0.0000e+00
 220.383571     34.157  34.511338     8.4183    4.32199     33.869    32.7690    25.4608 0.0000e+00
 220.383576     33.744  34.493386     8.4193    4.31204     33.460    32.7493    25.4453 0.0000e+00
 220.383582     33.337  34.490465     8.4189    4.30376     33.056    32.7468    25.4434 0.0000e+00
 220.383588     32.924  34.489158     8.4106    4.28828     32.647    32.7533    25.4497 0.0000e+00
 220.383594     32.492  34.473160     8.3908    4.26544     32.218    32.7550    25.4540 0.0000e+00
 220.383600     32.038  34.437954     8.3643    4.26514     31.768    32.7427    25.4483 0.0000e+00
 220.383605     31.573  34.388159     8.3417    4.23429     31.307    32.7114    25.4271 0.0000e+00
 220.383611     31.110  34.343679     8.3292    4.23850     30.848    32.6763    25.4014 0.0000e+00
 220.383617     30.662  34.316935     8.3256    4.23545     30.404    32.6515    25.3826 0.0000e+00
 220.383623     30.239  34.303090     8.3261    4.24932     29.984    32.6367    25.3708 0.0000e+00
 220.383628     29.831  34.296014     8.3270    4.28304     29.580    32.6285    25.3643 0.0000e+00
 220.383634     29.417  34.292443     8.3279    4.27224     29.169    32.6241    25.3607 0.0000e+00
 220.383640     28.987  34.289299     8.3309    4.27701     28.743    32.6182    25.3556 0.0000e+00
 220.383646     28.537  34.282955     8.3406    4.28621     28.297    32.6027    25.3420 0.0000e+00
 220.383652     28.062  34.273923     8.3639    4.29553     27.826    32.5718    25.3143 0.0000e+00
 220.383657     27.575  34.268659     8.4043    4.28129     27.343    32.5292    25.2749 0.0000e+00
 220.383663     27.093  34.273039     8.4525    4.27276     26.865    32.4895    25.2366 0.0000e+00
 220.383669     26.623  34.285065     8.4878    4.30049     26.399    32.4699    25.2159 0.0000e+00
 220.383675     26.169  34.296132     8.4977    4.35513     25.949    32.4726    25.2165 0.0000e+00
 220.383681     25.734  34.303078     8.4969    4.41158     25.518    32.4808    25.2231 0.0000e+00
 220.383686     25.311  34.312378     8.5093    4.44827     25.098    32.4794    25.2201 0.0000e+00
 220.383692     24.885  34.326350     8.5378    4.47052     24.676    32.4680    25.2069 0.0000e+00
 220.383698     24.438  34.338407     8.5894    4.49436     24.233    32.4334    25.1721 0.0000e+00
 220.383704     23.959  34.350063     8.6956    4.53765     23.758    32.3485    25.0895 0.0000e+00
 220.383709     23.452  34.383592     8.8526    4.59707     23.255    32.2406    24.9811 0.0000e+00
 220.383715     22.932  34.448967     9.0055    4.65193     22.739    32.1702    24.9024 0.0000e+00
 220.383721     22.416  34.520747     9.1217    4.69440     22.228    32.1397    24.8606 0.0000e+00
 220.383727     21.915  34.578119     9.2143    4.69779     21.731    32.1157    24.8273 0.0000e+00
 220.383733     21.428  34.620280     9.3043    4.71994     21.248    32.0785    24.7841 0.0000e+00
 220.383738     20.948  34.658076     9.4068    4.75256     20.772    32.0257    24.7266 0.0000e+00
 220.383744     20.471  34.710537     9.5241    4.80226     20.299    31.9748    24.6682 0.0000e+00
 220.383750     19.997  34.778704     9.6380    4.83685     19.829    31.9433    24.6253 0.0000e+00
 220.383756     19.525  34.845331     9.7225    4.85562     19.361    31.9363    24.6062 0.0000e+00
 220.383762     19.047  34.890560     9.7795    4.88836     18.887    31.9319    24.5935 0.0000e+00
 220.383767     18.555  34.913080     9.8430    4.90330     18.399    31.8987    24.5573 0.0000e+00
 220.383773     18.050  34.936208     9.9248    4.93805     17.899    31.8501    24.5060 0.0000e+00
 220.383779     17.544  34.974541    10.0122    4.95211     17.397    31.8121    24.4620 0.0000e+00
 220.383785     17.038  35.026527    10.0921    4.96349     16.895    31.7945    24.4351 0.0000e+00
 220.383791     16.532  35.079680    10.1533    4.94622     16.393    31.7945    24.4250 0.0000e+00
 220.383796     16.030  35.123071    10.1996    4.93159     15.896    31.7977    24.4198 0.0000e+00
 220.383802     15.536  35.160032    10.2381    4.92352     15.406    31.8013    24.4162 0.0000e+00
 220.383808     15.039  35.193354    10.2693    4.94542     14.913    31.8077    24.4159 0.0000e+00
 220.383814     14.533  35.217416    10.2950    4.99904     14.411    31.8095    24.4130 0.0000e+00
 220.383819     14.025  35.231238    10.3182    5.04161     13.907    31.8033    24.4042 0.0000e+00
 220.383825     13.522  35.245230    10.3452    5.08852     13.409    31.7939    24.3924 0.0000e+00
 220.383831     13.024  35.266292    10.3893    5.11174     12.915    31.7766    24.3715 0.0000e+00
 220.383837     12.531  35.293937    10.4720    5.13542     12.426    31.7323    24.3230 0.0000e+00
 220.383843     12.042  35.334216    10.6067    5.17256     11.941    31.6555    24.2404 0.0000e+00
 220.383848     11.559  35.401616    10.7654    5.22463     11.462    31.5853    24.1585 0.0000e+00
 220.383854     11.082  35.494672    10.9015    5.29926     10.989    31.5602    24.1155 0.0000e+00
 220.383860     10.610  35.595138    11.0068    5.35509     10.521    31.5690    24.1040 0.0000e+00
 220.383866     10.149  35.683440    11.1021    5.32177     10.064    31.5742    24.0914 0.0000e+00
 220.383872      9.697  35.743392    11.2027    5.31520      9.616    31.5470    24.0526 0.0000e+00
 220.383877      9.253  35.787699    11.3108    5.43665      9.176    31.4981    23.9955 0.0000e+00
 220.383883      8.814  35.842389    11.4221    5.63091      8.740    31.4569    23.9436 0.0000e+00
 220.383889      8.382  35.923239    11.5349    5.93715      8.312    31.4399    23.9103 0.0000e+00
 220.383895      7.964  36.040548    11.6450    6.35977      7.897    31.4606    23.9065 0.0000e+00
 220.383900      7.562  36.170270    11.7462    6.84878      7.499    31.5006    23.9192 0.0000e+00
 220.383906      7.174  36.247176    11.8803    7.34191      7.114    31.4616    23.8645 0.0000e+00
 220.383912      6.791  36.273499    12.1378    7.71631      6.734    31.2706    23.6690 0.0000e+00
 220.383918      6.415  36.355546    12.4925    7.95434      6.361    31.0542    23.4350 0.0000e+00
 220.383924      6.056  36.549484    12.7904    8.04079      6.005    30.9925    23.3308 0.0000e+00
 220.383929      5.722  36.793311    12.9820    8.02924      5.674    31.0649    23.3499 0.0000e+00
 220.383935      5.407  36.986177    13.1146    7.95252      5.362    31.1370    23.3800 0.0000e+00
 220.383941      5.106  37.086504    13.1909    7.90671      5.063    31.1684    23.3894 0.0000e+00
 220.383947      4.820  37.117654    13.2013    7.89087      4.780    31.1891    23.4034 0.0000e+00
 220.383953      4.553  37.108298    13.1687    7.87789      4.515    31.2072    23.4237 0.0000e+00
 220.383958      4.300  37.089154    13.1415    7.87469      4.264    31.2117    23.4325 0.0000e+00
 220.383964      4.054  37.085159    13.1521    7.84480      4.020    31.1994    23.4209 0.0000e+00
 220.383970      3.816  37.098273    13.1851    7.83052      3.784    31.1846    23.4031 0.0000e+00
 220.383976      3.598  37.118511    13.2203    7.83367      3.568    31.1748    23.3886 0.0000e+00
 220.383981      3.406  37.147084    13.2568    7.81440      3.378    31.1716    23.3790 0.0000e+00
 220.383987      3.237  37.182302    13.2863    7.81412      3.210    31.1804    23.3799 0.0000e+00
 220.383993      3.080  37.201622    13.2986    7.75865      3.054    31.1884    23.3837 0.0000e+00
 220.383999      2.930  37.197740    13.2999    7.69309      2.906    31.1837    23.3799 0.0000e+00
 220.384005      2.785  37.183996    13.2983    7.64360      2.762    31.1723    23.3713 0.0000e+00
 220.384010      2.649  37.174593    13.2929    7.63500      2.627    31.1680    23.3691 -9.990e-29
 220.384016      2.536  37.176064    13.2808    7.67268      2.515    31.1793    23.3802 -9.990e-29
 220.384022      2.450  37.181972    13.2668    7.72009      2.430    31.1963    23.3961 -9.990e-29
 220.384028      2.373  37.183384    13.2614    7.76179      2.353    31.2021    23.4016 -9.990e-29
 220.384034      2.283  37.178823    13.2677    7.76910      2.264    31.1927    23.3931 -9.990e-29
 220.384039      2.171  37.175666    13.2816    7.79504      2.153    31.1784    23.3793 -9.990e-29
 220.384045      2.041  37.182047    13.2990    7.81759      2.024    31.1702    23.3695 0.0000e+00
 220.384051      1.912  37.199757    13.3194    7.85232      1.896    31.1700    23.3654 -9.990e-29
 220.384057      1.793  37.222709    13.3381    7.86106      1.778    31.1762    23.3665 -9.990e-29
 220.384063      1.683  37.241713    13.3483    7.84393      1.669    31.1855    23.3717 -9.990e-29
 220.384068      1.581  37.249606    13.3507    7.83430      1.568    31.1910    23.3754 -9.990e-29
 220.384074      1.485  37.245151    13.3502    7.82532      1.473    31.1873    23.3727 -9.990e-29
 220.384080      1.401  37.240918    13.3516    7.84545      1.389    31.1822    23.3685 -9.990e-29
 220.384086      1.336  37.245849    13.3561    7.84198      1.325    31.1832    23.3683 -9.990e-29
 220.384091      1.287  37.254755    13.3603    7.83299      1.276    31.1880    23.3713 -9.990e-29
 220.384097      1.242  37.261016    13.3608    7.82461      1.232    31.1935    23.3754 -9.990e-29
 220.384103      1.198  37.260656    13.3585    7.82039      1.188    31.1950    23.3770 -9.990e-29
 220.384109      1.161  37.257691    13.3562    7.82537      1.151    31.1942    23.3768 -9.990e-29
 220.384115      1.133  37.258828    13.3561    7.83011      1.124    31.1953    23.3777 -9.990e-29
 220.384120      1.112  37.261108    13.3564    7.83999      1.103    31.1972    23.3791 -9.990e-29
 220.384126      1.096  37.259169    13.3551    7.84602      1.087    31.1965    23.3788 -9.990e-29
 220.384132      1.084  37.253799    13.3533    7.85065      1.075    31.1929    23.3764 -9.990e-29
 220.384138      1.077  37.252421    13.3541    7.83986      1.068    31.1910    23.3748 -9.990e-29
 220.384144      1.073  37.259936    13.3567    7.82279      1.064    31.1959    23.3780 -9.990e-29
 220.384149      1.072  37.269551    13.3584    7.82464      1.063    31.2034    23.3835 -9.990e-29
 220.384155      1.074  37.275034    13.3608    7.83958      1.065    31.2066    23.3855 -9.990e-29
 220.384161      1.079  37.278099    13.3646    7.85281      1.070    31.2063    23.3845 -9.990e-29
 220.384167      1.083  37.280599    13.3659    7.85622      1.074    31.2076    23.3853 -9.990e-29
 220.384172      1.079  37.279147    13.3626    7.84026      1.070    31.2089    23.3869 -9.990e-29
 220.384178      1.064  37.271818    13.3585    7.83400      1.055    31.2055    23.3851 -9.990e-29
 220.384184      1.048  37.264546    13.3587    7.83334      1.039    31.1985    23.3797 -9.990e-29
 220.384190      1.038  37.265022    13.3631    7.83955      1.029    31.1954    23.3764 -9.990e-29
 220.384196      1.042  37.272209    13.3673    7.85373      1.033    31.1986    23.3781 -9.990e-29
 220.384201      1.060  37.278317    13.3681    7.84736      1.051    31.2037    23.3818 -9.990e-29
 220.384207      1.080  37.277486    13.3666    7.85044      1.071    31.2041    23.3824 -9.990e-29
 220.384213      1.091  37.270856    13.3647    7.83712      1.082    31.1995    23.3792 -9.990e-29
 220.384219      1.094  37.266977    13.3639    7.84134      1.085    31.1965    23.3771 -9.990e-29
 220.384225      1.092  37.268531    13.3652    7.84527      1.083    31.1969    23.3771 -9.990e-29
 220.384230      1.086  37.270872    13.3675    7.83087      1.077    31.1972    23.3769 -9.990e-29
 220.384236      1.080  37.272647    13.3696    7.83628      1.071    31.1971    23.3765 -9.990e-29
 220.384242      1.073  37.273988    13.3708    7.83204      1.064    31.1974    23.3764 -9.990e-29
 220.384248      1.060  37.275571    13.3704    7.89107      1.051    31.1992    23.3779 -9.990e-29
 220.384253      1.046  37.278957    13.3689    7.81140      1.037    31.2036    23.3816 -9.990e-29
 220.384259      1.033  37.282501    13.3666    7.71343      1.024    31.2088    23.3861 -9.990e-29
 220.384265      1.016  37.280286    13.3625    7.30372      1.008    31.2101    23.3879 -9.990e-29
 220.384271      0.986  37.271047    13.3589    7.22967      0.978    31.2045    23.3842 -9.990e-29
 220.384277      0.940  37.264337    13.3593    7.23575      0.932    31.1979    23.3791 -9.990e-29
 220.384282      0.881  37.264673    13.3623    7.64386      0.874    31.1958    23.3768 -9.990e-29
 220.384288      0.800  37.261860    13.3655    8.45858      0.793    31.1906    23.3722 -9.990e-29
 220.384294      0.692  37.241504    13.3708    7.89718      0.686    31.1673    23.3532 -9.990e-29
 220.384300      0.567  37.180397    13.3783    7.38233      0.562    31.1044    23.3031 -9.990e-29
 220.384306      0.444  37.000997    13.3840    7.11880      0.440    30.9330    23.1695 -9.990e-29
 220.384311      0.334  36.850347    13.3869    7.01278      0.331    30.7907    23.0590 -9.990e-29
 220.384317      0.245  36.918872    13.3883    7.17026      0.243    30.8533    23.1070 -9.990e-29
 220.384323      0.180  36.919564    13.3884    7.31680      0.178    30.8539    23.1075 -9.990e-29
 220.384329      0.137  36.496836    13.3866    7.40846      0.136    30.4630    22.8058 -9.990e-29
 220.384334      0.107  35.139758    13.3836    7.51058      0.106    29.2104    21.8390 -9.990e-29
 220.384340      0.079  31.071419    13.3801    7.47692      0.078    25.4944    18.9724 -9.990e-29
 220.384346      0.055  22.590423    13.3760    7.49577      0.055    17.9637    13.1734 -9.990e-29
 220.384352      0.038  12.853699    13.3714    7.47126      0.038     9.7303     6.8413 -9.990e-29
 220.384358      0.027   6.997628    13.3669    7.45112      0.027     5.0565     3.2435 -9.990e-29
 220.384363      0.022   4.981490    13.3626    7.46233      0.022     3.5165     2.0561 -9.990e-29
 220.384369      0.021   4.483830    13.3588    7.42307      0.021     3.1436     1.7688 -9.990e-29
 220.384375      0.024   4.540531    13.3557    7.48145      0.024     3.1863     1.8021 -9.990e-29
 220.384381      0.033   4.658232    13.3541    7.51813      0.033     3.2745     1.8704 -9.990e-29
 220.384387      0.044   4.619897    13.3544    7.54602      0.044     3.2457     1.8482 -9.990e-29
 220.384392      0.047   4.411096    13.3552    7.53063      0.047     3.0897     1.7276 -9.990e-29
 220.384398      0.045   4.196282    13.3546    7.47140      0.045     2.9298     1.6042 -9.990e-29
 220.384404      0.044   4.018526    13.3505    7.42318      0.044     2.7983     1.5031 -9.990e-29
 220.384410      0.045   3.706921    13.3425    7.42578      0.045     2.5688     1.3268 -9.990e-29
 220.384416      0.040   3.450905    13.3337    7.45891      0.040     2.3814     1.1832 -9.990e-29
 220.384421      0.028   3.542349    13.3268    7.42077      0.028     2.4489     1.2363 -9.990e-29
 220.384427      0.017   3.911027    13.3220    7.34471      0.017     2.7208     1.4471 -9.990e-29
 220.384433      0.011   4.222475    13.3188    7.33320      0.011     2.9520     1.6263 -9.990e-29
 220.384439      0.009   4.245832    13.3171    7.34614      0.009     2.9695     1.6400 -9.990e-29
 220.384444      0.011   4.057850    13.3170 -9.990e-29      0.011     2.8299     1.5321 -9.990e-29
 220.384450      0.013   3.701816    13.3181 -9.990e-29      0.013     2.5667     1.3285 -9.990e-29
 220.384456      0.011   3.275741    13.3199 -9.990e-29      0.011     2.2542     1.0867 -9.990e-29
 220.384462      0.008   2.915264    13.3225 -9.990e-29      0.008     1.9922     0.8836 -9.990e-29
