data/oxygen options/ONMS/Olympic_Coast_National_Marine_Sanctuary_Hypoxia_Survey_CTD_Data_2004_2015/raw_data/2007/CTD_TH100_071207faedb.cnv
* Sea-Bird SBE19 Data File:
* FileName = C:\2007_mooring_data\CTD_TH100_071207.hex
* Software Version 1.1.6
* Temperature SN = 2997
* Conductivity SN = 2997
* System UpLoad Time = Jul 12 2007 09:13:44
* SEACAT PROFILER V3.1c SN 2997   07/12/07  09:13:13.914
* strain gauge pressure sensor: S/N = 184829,  range = 3000 psia,  tc = 40
# nquan = 9
# nvalues = 100                         
# units = specified
# name 0 = timeJ: Julian Days
# name 1 = prSM: Pressure, Strain Gauge [db]
# name 2 = c0mS/cm: Conductivity [mS/cm]
# name 3 = t090C: Temperature [ITS-90, deg C]
# name 4 = oxML/L: Oxygen, Beckman/YSI [ml/l]
# name 5 = depSM: Depth [salt water, m], lat = 47.5
# name 6 = sal00: Salinity, Practical [PSU]
# name 7 = sigma-é00: Density [sigma-theta, kg/m^3]
# name 8 = flag: flag
# span 0 = 193.381261, 193.382235       
# span 1 =      1.000,    100.000       
# span 2 =  33.784406,  38.862216       
# span 3 =     6.6400,    14.8651       
# span 4 =    1.90660,    6.61527       
# span 5 =      0.992,     99.141       
# span 6 =    31.4379,    33.9006       
# span 7 =    23.2562,    26.6021       
# span 8 = 0.0000e+00, 0.0000e+00       
# interval = decibars: 1                
# start_time = Jul 12 2007 09:05:49 [Instrument's time stamp, header]
# bad_flag = -9.990e-29
*END*
 193.381261      1.000  38.862216    14.8651    6.61527      0.992    31.4379    23.2562 0.0000e+00
 193.381285      2.000  38.860159    14.8615    6.56642      1.984    31.4385    23.2574 0.0000e+00
 193.381301      3.000  38.858166    14.8564    6.53396      2.975    31.4405    23.2600 0.0000e+00
 193.381314      4.000  38.850724    14.8369    6.53822      3.966    31.4491    23.2708 0.0000e+00
 193.381324      5.000  38.813988    14.7713    6.34010      4.958    31.4686    23.2998 0.0000e+00
 193.381334      6.000  38.757572    14.6882    6.12418      5.949    31.4844    23.3295 0.0000e+00
 193.381344      7.000  38.699409    14.5807    5.83341      6.941    31.5185    23.3783 0.0000e+00
 193.381352      8.000  38.587494    14.3731    5.54195      7.933    31.5854    23.4732 0.0000e+00
 193.381361      9.000  38.359763    14.0325    5.35448      8.924    31.6555    23.5976 0.0000e+00
 193.381370     10.000  37.993649    13.5733    5.13813      9.916    31.6961    23.7217 0.0000e+00
 193.381377     11.000  37.609617    13.0558    4.98593     10.908    31.7683    23.8800 0.0000e+00
 193.381386     12.000  37.160786    12.5184    4.95381     11.900    31.7956    24.0044 0.0000e+00
 193.381395     13.000  36.756026    12.0497    5.00152     12.891    31.8057    24.1004 0.0000e+00
 193.381403     14.000  36.464433    11.6697    4.88341     13.883    31.8484    24.2033 0.0000e+00
 193.381412     15.000  36.200388    11.3759    4.71893     14.874    31.8435    24.2523 0.0000e+00
 193.381420     16.000  36.038868    11.2219    4.68089     15.866    31.8177    24.2597 0.0000e+00
 193.381428     17.000  35.952079    11.1266    4.74623     16.858    31.8144    24.2740 0.0000e+00
 193.381437     18.000  35.856162    10.9958    4.63928     17.849    31.8327    24.3113 0.0000e+00
 193.381446     19.000  35.669421    10.7176    4.51827     18.840    31.8893    24.4035 0.0000e+00
 193.381454     20.000  35.467298    10.3769    4.45368     19.832    31.9859    24.5368 0.0000e+00
 193.381463     21.000  35.330532    10.1164    4.39332     20.824    32.0780    24.6522 0.0000e+00
 193.381471     22.000  35.219850     9.8761    4.29851     21.815    32.1791    24.7708 0.0000e+00
 193.381480     23.000  35.016458     9.5488    4.23875     22.807    32.2645    24.8906 0.0000e+00
 193.381488     24.000  34.818911     9.3045    4.17880     23.798    32.2816    24.9428 0.0000e+00
 193.381497     25.000  34.734383     9.1605    4.09803     24.790    32.3243    24.9989 0.0000e+00
 193.381505     26.000  34.651311     9.0136    3.98060     25.782    32.3713    25.0586 0.0000e+00
 193.381513     27.000  34.572849     8.8805    3.81519     26.773    32.4106    25.1099 0.0000e+00
 193.381521     28.000  34.502438     8.7567    3.66194     27.764    32.4500    25.1597 0.0000e+00
 193.381529     29.000  34.432563     8.6385    3.54843     28.756    32.4849    25.2050 0.0000e+00
 193.381536     30.000  34.369736     8.5238    3.43966     29.747    32.5242    25.2531 0.0000e+00
 193.381544     31.000  34.307528     8.3940    3.32784     30.739    32.5781    25.3148 0.0000e+00
 193.381552     32.000  34.237619     8.2550    3.23037     31.730    32.6327    25.3782 0.0000e+00
 193.381560     33.000  34.180898     8.1623    3.17844     32.722    32.6583    25.4120 0.0000e+00
 193.381568     34.000  34.156325     8.1121    3.16620     33.714    32.6785    25.4351 0.0000e+00
 193.381577     35.000  34.148468     8.0807    3.17601     34.705    32.6990    25.4559 0.0000e+00
 193.381586     36.000  34.138004     8.0494    3.22374     35.697    32.7166    25.4742 0.0000e+00
 193.381594     37.000  34.123302     8.0129    3.33002     36.688    32.7347    25.4937 0.0000e+00
 193.381603     38.000  34.106921     7.9697    3.43584     37.679    32.7571    25.5177 0.0000e+00
 193.381612     39.000  34.083893     7.9210    3.48784     38.671    32.7778    25.5409 0.0000e+00
 193.381620     40.000  34.051649     7.8744    3.50812     39.662    32.7866    25.5546 0.0000e+00
 193.381629     41.000  34.029658     7.8480    3.50337     40.654    32.7875    25.5591 0.0000e+00
 193.381638     42.000  34.023194     7.8378    3.50087     41.645    32.7896    25.5622 0.0000e+00
 193.381646     43.000  34.024296     7.8287    3.48099     42.637    32.7990    25.5709 0.0000e+00
 193.381655     44.000  34.026153     7.8161    3.42083     43.628    32.8123    25.5831 0.0000e+00
 193.381664     45.000  34.030283     7.8084    3.29891     44.619    32.8235    25.5930 0.0000e+00
 193.381671     46.000  34.044258     7.8082    3.16238     45.611    32.8382    25.6046 0.0000e+00
 193.381680     47.000  34.074330     7.8181    3.07756     46.602    32.8606    25.6208 0.0000e+00
 193.381689     48.000  34.112975     7.8285    3.04847     47.593    32.8917    25.6437 0.0000e+00
 193.381697     49.000  34.149246     7.8240    3.06016     48.585    32.9343    25.6778 0.0000e+00
 193.381705     50.000  34.163347     7.7986    3.09141     49.576    32.9729    25.7118 0.0000e+00
 193.381713     51.000  34.166276     7.7702    3.07860     50.568    33.0024    25.7392 0.0000e+00
 193.381722     52.000  34.162092     7.7346    3.06360     51.559    33.0313    25.7669 0.0000e+00
 193.381729     53.000  34.160596     7.6941    3.04244     52.551    33.0676    25.8012 0.0000e+00
 193.381738     54.000  34.160161     7.6531    3.01192     53.542    33.1056    25.8369 0.0000e+00
 193.381746     55.000  34.153093     7.5922    2.96211     54.534    33.1555    25.8848 0.0000e+00
 193.381754     56.000  34.129559     7.5064    2.91927     55.525    33.2116    25.9410 0.0000e+00
 193.381763     57.000  34.099031     7.4421    2.89738     56.516    33.2397    25.9722 0.0000e+00
 193.381773     58.000  34.088830     7.4127    2.88419     57.508    33.2564    25.9894 0.0000e+00
 193.381782     59.000  34.085068     7.3950    2.88754     58.499    33.2688    26.0016 0.0000e+00
 193.381791     60.000  34.083132     7.3864    2.87710     59.491    33.2745    26.0073 0.0000e+00
 193.381801     61.000  34.079955     7.3759    2.85709     60.482    33.2806    26.0137 0.0000e+00
 193.381810     62.000  34.072435     7.3576    2.79612     61.473    33.2896    26.0233 0.0000e+00
 193.381820     63.000  34.065970     7.3399    2.73264     62.465    33.2993    26.0333 0.0000e+00
 193.381830     64.000  34.062863     7.3022    2.67532     63.456    33.3317    26.0641 0.0000e+00
 193.381839     65.000  34.054611     7.2432    2.61966     64.447    33.3791    26.1095 0.0000e+00
 193.381848     66.000  34.041734     7.1835    2.58058     65.439    33.4223    26.1518 0.0000e+00
 193.381858     67.000  34.035870     7.1345    2.55774     66.430    33.4629    26.1906 0.0000e+00
 193.381866     68.000  34.049236     7.0942    2.53405     67.421    33.5161    26.2379 0.0000e+00
 193.381877     69.000  34.063311     7.0651    2.51127     68.413    33.5594    26.2760 0.0000e+00
 193.381887     70.000  34.071401     7.0398    2.50262     69.404    33.5924    26.3054 0.0000e+00
 193.381897     71.000  34.074231     7.0126    2.48720     70.396    33.6215    26.3321 0.0000e+00
 193.381909     72.000  34.075729     6.9942    2.45954     71.386    33.6407    26.3497 0.0000e+00
 193.381919     73.000  34.074510     6.9799    2.43578     72.378    33.6529    26.3613 0.0000e+00
 193.381928     74.000  34.068322     6.9578    2.39659     73.369    33.6671    26.3755 0.0000e+00
 193.381938     75.000  34.058199     6.9357    2.35733     74.360    33.6773    26.3865 0.0000e+00
 193.381948     76.000  34.051273     6.9101    2.30343     75.352    33.6942    26.4033 0.0000e+00
 193.381958     77.000  34.045892     6.8775    2.27313     76.343    33.7198    26.4279 0.0000e+00
 193.381967     78.000  34.043524     6.8540    2.25161     77.335    33.7397    26.4467 0.0000e+00
 193.381976     79.000  34.044635     6.8407    2.22375     78.325    33.7536    26.4595 0.0000e+00
 193.381985     80.000  34.045576     6.8314    2.20403     79.317    33.7632    26.4684 0.0000e+00
 193.381994     81.000  34.045939     6.8235    2.17809     80.308    33.7709    26.4754 0.0000e+00
 193.382003     82.000  34.046372     6.8167    2.15733     81.299    33.7776    26.4817 0.0000e+00
 193.382013     83.000  34.047341     6.8102    2.12300     82.291    33.7846    26.4881 0.0000e+00
 193.382022     84.000  34.046212     6.7919    2.07634     83.282    33.8008    26.5033 0.0000e+00
 193.382033     85.000  34.038558     6.7547    2.04436     84.273    33.8286    26.5303 0.0000e+00
 193.382044     86.000  34.025442     6.7083    2.01533     85.264    33.8595    26.5608 0.0000e+00
 193.382053     87.000  34.011805     6.6674    1.99165     86.256    33.8844    26.5858 0.0000e+00
 193.382063     88.000  34.002817     6.6480    1.98173     87.247    33.8931    26.5953 0.0000e+00
 193.382073     89.000  34.000522     6.6423    1.98060     88.238    33.8957    26.5981 0.0000e+00
 193.382082     90.000  34.000586     6.6400    1.97054     89.230    33.8976    26.5999 0.0000e+00
 193.382092     91.000  34.001778     6.6408    1.95626     90.220    33.8976    26.5998 0.0000e+00
 193.382102     92.000  34.003418     6.6416    1.95168     91.212    33.8982    26.6002 0.0000e+00
 193.382111     93.000  34.004666     6.6415    1.94998     92.203    33.8990    26.6009 0.0000e+00
 193.382122     94.000  34.005879     6.6416    1.94602     93.194    33.8998    26.6016 0.0000e+00
 193.382132     95.000  34.007049     6.6418    1.93864     94.185    33.9005    26.6020 0.0000e+00
 193.382142     96.000  34.007948     6.6421    1.93483     95.177    33.9006    26.6021 0.0000e+00
 193.382155     97.000  34.008878     6.6426    1.93241     96.168    33.9006    26.6021 0.0000e+00
 193.382168     98.000  34.009151     6.6436    1.92656     97.159    33.8995    26.6011 0.0000e+00
 193.382186     99.000  34.001332     6.6447    1.92131     98.150    33.8892    26.5928 0.0000e+00
 193.382235    100.000  33.784406     6.6456    1.90660     99.141    33.6479    26.4024 0.0000e+00
