data/oxygen options/ONMS/Olympic_Coast_National_Marine_Sanctuary_Hypoxia_Survey_CTD_Data_2004_2015/raw_data/2007/CTD_TH100_101307faedb.cnv
* Sea-Bird SBE19 Data File:
* FileName = C:\2007_mooring_data\retrieval_101207\CTD_TH100_101307.hex
* Software Version 1.20
* Temperature SN = 2997
* Conductivity SN = 2997
* System UpLoad Time = Oct 13 2007 16:03:25
* SEACAT PROFILER V3.1c SN 2997   10/13/07  16:02:37.526
* strain gauge pressure sensor: S/N = 184829,  range = 3000 psia,  tc = 40
# nquan = 9
# nvalues = 102                         
# units = specified
# name 0 = timeJ: Julian Days
# name 1 = prSM: Pressure, Strain Gauge [db]
# name 2 = c0mS/cm: Conductivity [mS/cm]
# name 3 = t090C: Temperature [ITS-90, deg C]
# name 4 = oxML/L: Oxygen, Beckman/YSI [ml/l]
# name 5 = depSM: Depth [salt water, m], lat = 47.5
# name 6 = sal00: Salinity, Practical [PSU]
# name 7 = sigma-é00: Density [sigma-theta, kg/m^3]
# name 8 = flag: flag
# span 0 = 286.500891, 286.501869       
# span 1 =      1.000,    102.000       
# span 2 =  34.585051,  36.647538       
# span 3 =     7.5604,    12.3388       
# span 4 =    2.07812,    7.12740       
# span 5 =      0.993,    101.124       
# span 6 =    31.4617,    33.7692       
# span 7 =    23.7795,    26.3710       
# span 8 = 0.0000e+00, 0.0000e+00       
# interval = decibars: 1                
# start_time = Oct 13 2007 11:58:16 [Instrument's time stamp, header]
# bad_flag = -9.990e-29
*END*
 286.500891      1.000  36.647538    12.3388    7.12740      0.993    31.4617    23.7795 0.0000e+00
 286.500916      2.000  36.619366    12.1282    6.47084      1.983    31.6123    23.9356 0.0000e+00
 286.500934      3.000  36.601691    11.8621    6.32354      2.975    31.8212    24.1468 0.0000e+00
 286.500946      4.000  36.521602    11.6315    6.31619      3.967    31.9409    24.2818 0.0000e+00
 286.500958      5.000  36.455030    11.5251    6.34865      4.958    31.9675    24.3218 0.0000e+00
 286.500968      6.000  36.421939    11.4760    6.36640      5.950    31.9772    24.3381 0.0000e+00
 286.500979      7.000  36.396362    11.4427    6.35126      6.941    31.9806    24.3467 0.0000e+00
 286.500989      8.000  36.381391    11.4180    6.35435      7.933    31.9869    24.3562 0.0000e+00
 286.500998      9.000  36.372555    11.4074    6.35041      8.924    31.9871    24.3582 0.0000e+00
 286.501008     10.000  36.367010    11.3987    6.34010      9.916    31.9887    24.3611 0.0000e+00
 286.501017     11.000  36.358847    11.3849    6.35340     10.908    31.9923    24.3664 0.0000e+00
 286.501026     12.000  36.348605    11.3685    6.34759     11.899    31.9961    24.3722 0.0000e+00
 286.501035     13.000  36.338884    11.3532    6.30552     12.891    31.9994    24.3776 0.0000e+00
 286.501044     14.000  36.330184    11.3417    6.25457     13.883    32.0004    24.3804 0.0000e+00
 286.501053     15.000  36.322022    11.3307    6.22417     14.875    32.0015    24.3833 0.0000e+00
 286.501063     16.000  36.311157    11.3125    6.21666     15.866    32.0063    24.3903 0.0000e+00
 286.501072     17.000  36.290946    11.2836    6.19248     16.857    32.0110    24.3992 0.0000e+00
 286.501080     18.000  36.259840    11.2500    6.16006     17.849    32.0093    24.4039 0.0000e+00
 286.501090     19.000  36.239588    11.2271    6.11237     18.841    32.0089    24.4076 0.0000e+00
 286.501100     20.000  36.225905    11.2032    6.06130     19.832    32.0159    24.4173 0.0000e+00
 286.501108     21.000  36.203182    11.1660    6.04254     20.824    32.0254    24.4313 0.0000e+00
 286.501117     22.000  36.169416    11.1181    6.06528     21.815    32.0335    24.4460 0.0000e+00
 286.501126     23.000  36.129603    11.0701    6.01923     22.807    32.0357    24.4562 0.0000e+00
 286.501134     24.000  36.093879    11.0292    5.84878     23.799    32.0357    24.4634 0.0000e+00
 286.501143     25.000  36.060842    10.9907    5.64252     24.790    32.0363    24.4707 0.0000e+00
 286.501152     26.000  36.034227    10.9452    5.46824     25.782    32.0493    24.4886 0.0000e+00
 286.501160     27.000  35.986213    10.8161    5.27022     26.773    32.1143    24.5618 0.0000e+00
 286.501169     28.000  35.871091    10.5921    5.05776     27.764    32.1964    24.6644 0.0000e+00
 286.501177     29.000  35.711876    10.3269    4.81172     28.756    32.2715    24.7679 0.0000e+00
 286.501185     30.000  35.575458    10.0806    4.58982     29.748    32.3532    24.8729 0.0000e+00
 286.501194     31.000  35.452797     9.8513    4.40931     30.739    32.4340    24.9739 0.0000e+00
 286.501203     32.000  35.322966     9.6358    4.19085     31.730    32.4957    25.0572 0.0000e+00
 286.501211     33.000  35.185695     9.4496    3.95845     32.722    32.5233    25.1088 0.0000e+00
 286.501220     34.000  35.047813     9.2809    3.75256     33.714    32.5344    25.1443 0.0000e+00
 286.501229     35.000  34.969863     9.1078    3.59701     34.705    32.6116    25.2320 0.0000e+00
 286.501237     36.000  34.938242     8.9092    3.44137     35.696    32.7608    25.3798 0.0000e+00
 286.501245     37.000  34.885545     8.6517    3.27378     36.688    32.9437    25.5627 0.0000e+00
 286.501254     38.000  34.778049     8.3552    3.14523     37.679    33.1079    25.7361 0.0000e+00
 286.501263     39.000  34.692935     8.0776    3.03326     38.670    33.2794    25.9119 0.0000e+00
 286.501270     40.000  34.635232     7.9123    2.95151     39.662    33.3749    26.0110 0.0000e+00
 286.501279     41.000  34.592953     7.7934    2.86571     40.653    33.4430    26.0817 0.0000e+00
 286.501287     42.000  34.585051     7.7019    2.77701     41.646    33.5220    26.1570 0.0000e+00
 286.501295     43.000  34.588185     7.6499    2.66901     42.637    33.5749    26.2061 0.0000e+00
 286.501304     44.000  34.593579     7.6244    2.57614     43.628    33.6049    26.2333 0.0000e+00
 286.501313     45.000  34.597677     7.6061    2.51729     44.619    33.6265    26.2529 0.0000e+00
 286.501321     46.000  34.597584     7.5944    2.52691     45.611    33.6373    26.2630 0.0000e+00
 286.501330     47.000  34.595230     7.5881    2.56923     46.602    33.6404    26.2664 0.0000e+00
 286.501339     48.000  34.595238     7.5875    2.59688     47.594    33.6405    26.2666 0.0000e+00
 286.501347     49.000  34.598186     7.5894    2.58574     48.585    33.6414    26.2671 0.0000e+00
 286.501356     50.000  34.603608     7.5916    2.56278     49.576    33.6446    26.2693 0.0000e+00
 286.501364     51.000  34.607415     7.5930    2.53398     50.568    33.6468    26.2709 0.0000e+00
 286.501373     52.000  34.607125     7.5908    2.49340     51.560    33.6482    26.2723 0.0000e+00
 286.501381     53.000  34.605140     7.5840    2.45250     52.551    33.6521    26.2764 0.0000e+00
 286.501390     54.000  34.603858     7.5787    2.40289     53.542    33.6554    26.2797 0.0000e+00
 286.501398     55.000  34.603943     7.5771    2.41225     54.534    33.6566    26.2809 0.0000e+00
 286.501407     56.000  34.605005     7.5771    2.43337     55.525    33.6573    26.2814 0.0000e+00
 286.501416     57.000  34.607513     7.5794    2.44548     56.517    33.6573    26.2811 0.0000e+00
 286.501425     58.000  34.610658     7.5812    2.44601     57.508    33.6584    26.2818 0.0000e+00
 286.501433     59.000  34.614448     7.5814    2.44216     58.499    33.6619    26.2844 0.0000e+00
 286.501442     60.000  34.617136     7.5817    2.43816     59.491    33.6640    26.2860 0.0000e+00
 286.501451     61.000  34.619580     7.5820    2.43588     60.482    33.6658    26.2875 0.0000e+00
 286.501459     62.000  34.622970     7.5813    2.42827     61.473    33.6697    26.2906 0.0000e+00
 286.501468     63.000  34.628347     7.5809    2.39522     62.465    33.6755    26.2953 0.0000e+00
 286.501477     64.000  34.634652     7.5818    2.31957     63.456    33.6809    26.2994 0.0000e+00
 286.501484     65.000  34.640692     7.5825    2.26710     64.448    33.6863    26.3035 0.0000e+00
 286.501493     66.000  34.646322     7.5831    2.28766     65.439    33.6913    26.3074 0.0000e+00
 286.501502     67.000  34.653645     7.5845    2.31755     66.430    33.6974    26.3120 0.0000e+00
 286.501511     68.000  34.662861     7.5877    2.30665     67.421    33.7038    26.3166 0.0000e+00
 286.501520     69.000  34.670694     7.5907    2.28187     68.413    33.7089    26.3201 0.0000e+00
 286.501530     70.000  34.675839     7.5929    2.28339     69.404    33.7118    26.3222 0.0000e+00
 286.501538     71.000  34.679708     7.5946    2.27842     70.396    33.7137    26.3235 0.0000e+00
 286.501548     72.000  34.681234     7.5940    2.27223     71.387    33.7156    26.3250 0.0000e+00
 286.501558     73.000  34.681087     7.5911    2.24667     72.378    33.7178    26.3272 0.0000e+00
 286.501568     74.000  34.679554     7.5874    2.19243     73.369    33.7191    26.3288 0.0000e+00
 286.501579     75.000  34.673674     7.5805    2.15182     74.361    33.7190    26.3297 0.0000e+00
 286.501589     76.000  34.663643     7.5724    2.10314     75.352    33.7156    26.3282 0.0000e+00
 286.501599     77.000  34.659514     7.5674    2.09852     76.343    33.7156    26.3289 0.0000e+00
 286.501609     78.000  34.657188     7.5627    2.13709     77.335    33.7170    26.3307 0.0000e+00
 286.501619     79.000  34.656169     7.5604    2.14537     78.325    33.7177    26.3316 0.0000e+00
 286.501628     80.000  34.656588     7.5605    2.12415     79.317    33.7176    26.3315 0.0000e+00
 286.501638     81.000  34.658124     7.5612    2.12241     80.308    33.7181    26.3318 0.0000e+00
 286.501647     82.000  34.659536     7.5622    2.13665     81.300    33.7182    26.3317 0.0000e+00
 286.501657     83.000  34.661424     7.5622    2.12846     82.291    33.7197    26.3330 0.0000e+00
 286.501667     84.000  34.663506     7.5624    2.12519     83.282    33.7213    26.3342 0.0000e+00
 286.501679     85.000  34.665149     7.5623    2.12989     84.273    33.7227    26.3354 0.0000e+00
 286.501690     86.000  34.666463     7.5624    2.11970     85.264    33.7236    26.3360 0.0000e+00
 286.501701     87.000  34.668097     7.5633    2.09086     86.256    33.7240    26.3362 0.0000e+00
 286.501712     88.000  34.670712     7.5643    2.07812     87.247    33.7254    26.3372 0.0000e+00
 286.501722     89.000  34.674792     7.5654    2.10955     88.238    33.7282    26.3393 0.0000e+00
 286.501731     90.000  34.678679     7.5656    2.14780     89.229    33.7318    26.3420 0.0000e+00
 286.501741     91.000  34.681808     7.5660    2.16575     90.221    33.7342    26.3439 0.0000e+00
 286.501750     92.000  34.687813     7.5675    2.18598     91.212    33.7388    26.3474 0.0000e+00
 286.501760     93.000  34.695935     7.5695    2.18240     92.203    33.7451    26.3520 0.0000e+00
 286.501770     94.000  34.702061     7.5702    2.17718     93.195    33.7506    26.3563 0.0000e+00
 286.501782     95.000  34.706196     7.5703    2.18735     94.185    33.7545    26.3594 0.0000e+00
 286.501795     96.000  34.709031     7.5699    2.17095     95.176    33.7575    26.3618 0.0000e+00
 286.501808     97.000  34.712723     7.5693    2.15592     96.168    33.7616    26.3651 0.0000e+00
 286.501819     98.000  34.717094     7.5693    2.13781     97.159    33.7659    26.3685 0.0000e+00
 286.501831     99.000  34.720069     7.5697    2.11628     98.150    33.7682    26.3703 0.0000e+00
 286.501842    100.000  34.721471     7.5701    2.13830     99.142    33.7688    26.3707 0.0000e+00
 286.501854    101.000  34.722362     7.5704    2.16078    100.133    33.7690    26.3708 0.0000e+00
 286.501869    102.000  34.722950     7.5703    2.15300    101.124    33.7692    26.3710 0.0000e+00
