data/oxygen options/ONMS/Olympic_Coast_National_Marine_Sanctuary_Hypoxia_Survey_CTD_Data_2004_2015/raw_data/2007/CTD_TH100_080807faed.cnv
* Sea-Bird SBE19 Data File:
* FileName = C:\2007_mooring_data\CTD_TH100_080807.hex
* Software Version 1.1.6
* Temperature SN = 2997
* Conductivity SN = 2997
* System UpLoad Time = Aug 08 2007 09:17:41
* SEACAT PROFILER V3.1c SN 2997   08/08/07  09:17:20.443
* strain gauge pressure sensor: S/N = 184829,  range = 3000 psia,  tc = 40
# nquan = 9                                 
# nvalues = 966                         
# units = specified
# name 0 = timeJ: Julian Days
# name 1 = prSM: Pressure, Strain Gauge [db]
# name 2 = c0mS/cm: Conductivity [mS/cm]
# name 3 = t090C: Temperature [ITS-90, deg C]
# name 4 = oxML/L: Oxygen, Beckman/YSI [ml/l]
# name 5 = depSM: Depth [salt water, m], lat = 47.5
# name 6 = sal00: Salinity, Practical [PSU]
# name 7 = sigma-é00: Density [sigma-theta, kg/m^3]
# name 8 = flag: flag
# span 0 = 220.378912, 220.384497       
# span 1 =     -5.425,     99.022       
# span 2 =   0.075800,  37.344538       
# span 3 =     6.9515,    13.9870       
# span 4 =   -0.07037,   31.51134       
# span 5 =     -5.380,     98.172       
# span 6 =     0.0476,    33.8906       
# span 7 =    -0.7135,    26.5423       
# span 8 = 0.0000e+00, 0.0000e+00       
# interval = seconds: 0.5
# start_time = Aug 08 2007 09:05:38 [Instrument's time stamp, header]
# bad_flag = -9.990e-29
*END*
[from data line 641]
 220.382622     92.721  34.340125     7.0267    3.17137     91.926    33.8885    26.5407 0.0000e+00
 220.382627     92.333  34.339728     7.0268    3.17073     91.542    33.8882    26.5404 0.0000e+00
 220.382633     91.954  34.339525     7.0270    3.17645     91.166    33.8880    26.5402 0.0000e+00
 220.382639     91.595  34.339245     7.0271    3.18129     90.810    33.8877    26.5400 0.0000e+00
 220.382645     91.259  34.338513     7.0273    3.18290     90.477    33.8869    26.5393 0.0000e+00
 220.382650     90.944  34.338033     7.0278    3.16459     90.165    33.8860    26.5386 0.0000e+00
 220.382656     90.649  34.338284     7.0285    3.16712     89.873    33.8858    26.5383 0.0000e+00
 220.382662     90.376  34.339038     7.0290    3.16479     89.602    33.8862    26.5386 0.0000e+00
 220.382668     90.125  34.339618     7.0293    3.16850     89.353    33.8867    26.5389 0.0000e+00
 220.382674     89.883  34.339675     7.0296    3.16595     89.113    33.8866    26.5388 0.0000e+00
 220.382679     89.637  34.339842     7.0299    3.17724     88.870    33.8866    26.5387 0.0000e+00
 220.382685     89.370  34.340338     7.0305    3.18134     88.605    33.8867    26.5387 0.0000e+00
 220.382691     89.075  34.340701     7.0315    3.17496     88.313    33.8862    26.5382 0.0000e+00
 220.382697     88.752  34.340851     7.0327    3.19024     87.992    33.8854    26.5374 0.0000e+00
 220.382703     88.408  34.340987     7.0338    3.17688     87.651    33.8846    26.5366 0.0000e+00
 220.382708     88.047  34.341288     7.0351    3.17675     87.294    33.8838    26.5358 0.0000e+00
 220.382714     87.675  34.341595     7.0362    3.18568     86.925    33.8833    26.5352 0.0000e+00
 220.382720     87.303  34.341754     7.0368    3.17246     86.556    33.8830    26.5350 0.0000e+00
 220.382726     86.942  34.341979     7.0371    3.17414     86.198    33.8832    26.5350 0.0000e+00
 220.382731     86.603  34.342008     7.0371    3.17206     85.862    33.8834    26.5352 0.0000e+00
 220.382737     86.290  34.341878     7.0369    3.17911     85.552    33.8836    26.5353 0.0000e+00
 220.382743     85.996  34.341974     7.0370    3.16676     85.261    33.8837    26.5354 0.0000e+00
 220.382749     85.707  34.341862     7.0372    3.16308     84.974    33.8836    26.5353 0.0000e+00
 220.382755     85.408  34.341390     7.0372    3.16913     84.678    33.8832    26.5350 0.0000e+00
 220.382760     85.098  34.341047     7.0372    3.16282     84.370    33.8830    26.5348 0.0000e+00
 220.382766     84.783  34.340933     7.0373    3.17722     84.058    33.8829    26.5347 0.0000e+00
 220.382772     84.465  34.340896     7.0375    3.17776     83.743    33.8828    26.5346 0.0000e+00
 220.382778     84.139  34.340883     7.0376    3.16655     83.420    33.8829    26.5347 0.0000e+00
 220.382784     83.807  34.340877     7.0375    3.17437     83.091    33.8831    26.5349 0.0000e+00
 220.382789     83.473  34.340866     7.0373    3.18994     82.760    33.8835    26.5352 0.0000e+00
 220.382795     83.133  34.340835     7.0373    3.18726     82.423    33.8836    26.5353 0.0000e+00
 220.382801     82.779  34.340741     7.0373    3.16875     82.072    33.8837    26.5353 0.0000e+00
 220.382807     82.418  34.340456     7.0373    3.17472     81.714    33.8835    26.5352 0.0000e+00
 220.382813     82.070  34.340159     7.0373    3.17244     81.369    33.8834    26.5351 0.0000e+00
 220.382818     81.743  34.340015     7.0374    3.18113     81.045    33.8833    26.5350 0.0000e+00
 220.382824     81.424  34.339830     7.0376    3.19351     80.729    33.8830    26.5348 0.0000e+00
 220.382830     81.097  34.339915     7.0382    3.20538     80.404    33.8827    26.5344 0.0000e+00
 220.382836     80.755  34.340380     7.0392    3.19147     80.065    33.8824    26.5340 0.0000e+00
 220.382841     80.402  34.340723     7.0401    3.19425     79.715    33.8820    26.5336 0.0000e+00
 220.382847     80.057  34.340837     7.0405    3.18735     79.373    33.8819    26.5335 0.0000e+00
 220.382853     79.730  34.340876     7.0407    3.17478     79.049    33.8820    26.5335 0.0000e+00
 220.382859     79.407  34.340890     7.0411    3.19597     78.729    33.8817    26.5332 0.0000e+00
 220.382865     79.086  34.340896     7.0415    3.19580     78.411    33.8815    26.5330 0.0000e+00
 220.382870     78.766  34.340900     7.0416    3.19856     78.094    33.8816    26.5330 0.0000e+00
 220.382876     78.446  34.340905     7.0415    3.20748     77.777    33.8818    26.5332 0.0000e+00
 220.382882     78.118  34.340916     7.0420    3.20131     77.451    33.8815    26.5329 0.0000e+00
 220.382888     77.773  34.340944     7.0430    3.20128     77.109    33.8807    26.5322 0.0000e+00
 220.382894     77.416  34.341024     7.0436    3.19900     76.755    33.8804    26.5318 0.0000e+00
 220.382899     77.058  34.341263     7.0439    3.20302     76.401    33.8805    26.5319 0.0000e+00
 220.382905     76.706  34.341419     7.0441    3.20565     76.052    33.8807    26.5320 0.0000e+00
 220.382911     76.363  34.341137     7.0443    3.20559     75.712    33.8803    26.5317 0.0000e+00
 220.382917     76.034  34.340600     7.0444    3.20340     75.386    33.8798    26.5312 0.0000e+00
 220.382922     75.724  34.340211     7.0444    3.20000     75.078    33.8795    26.5310 0.0000e+00
 220.382928     75.429  34.340010     7.0444    3.19922     74.786    33.8795    26.5309 0.0000e+00
 220.382934     75.139  34.339726     7.0445    3.20824     74.498    33.8792    26.5307 0.0000e+00
 220.382940     74.849  34.339541     7.0446    3.20161     74.211    33.8790    26.5306 0.0000e+00
 220.382946     74.553  34.339764     7.0448    3.20754     73.917    33.8792    26.5307 0.0000e+00
 220.382951     74.246  34.340130     7.0451    3.20758     73.613    33.8795    26.5309 0.0000e+00
 220.382957     73.933  34.340004     7.0451    3.19710     73.303    33.8795    26.5309 0.0000e+00
 220.382963     73.624  34.339219     7.0448    3.20530     72.997    33.8791    26.5306 0.0000e+00
 220.382969     73.322  34.338406     7.0447    3.21221     72.697    33.8784    26.5301 0.0000e+00
 220.382975     73.025  34.338162     7.0448    3.21688     72.403    33.8782    26.5299 0.0000e+00
 220.382980     72.730  34.338160     7.0449    3.22705     72.110    33.8783    26.5299 0.0000e+00
 220.382986     72.431  34.337834     7.0448    3.22301     71.814    33.8782    26.5298 0.0000e+00
 220.382992     72.119  34.337305     7.0446    3.20134     71.505    33.8779    26.5297 0.0000e+00
 220.382998     71.790  34.336989     7.0445    3.21240     71.178    33.8778    26.5296 0.0000e+00
 220.383003     71.458  34.337022     7.0445    3.21250     70.849    33.8780    26.5298 0.0000e+00
 220.383009     71.136  34.336886     7.0445    3.21622     70.530    33.8780    26.5298 0.0000e+00
 220.383015     70.820  34.336400     7.0444    3.22071     70.217    33.8778    26.5295 0.0000e+00
 220.383021     70.505  34.336035     7.0443    3.21370     69.905    33.8776    26.5294 0.0000e+00
 220.383027     70.185  34.335862     7.0441    3.21341     69.587    33.8778    26.5296 0.0000e+00
 220.383032     69.859  34.335648     7.0439    3.21551     69.264    33.8779    26.5297 0.0000e+00
 220.383038     69.523  34.335103     7.0436    3.21839     68.931    33.8778    26.5296 0.0000e+00
 220.383044     69.172  34.334061     7.0430    3.21992     68.583    33.8774    26.5294 0.0000e+00
 220.383050     68.806  34.332809     7.0418    3.22935     68.220    33.8774    26.5296 0.0000e+00
 220.383056     68.435  34.331359     7.0403    3.22396     67.853    33.8774    26.5298 0.0000e+00
 220.383061     68.080  34.328898     7.0389    3.22359     67.501    33.8763    26.5291 0.0000e+00
 220.383067     67.755  34.325505     7.0370    3.24015     67.178    33.8746    26.5280 0.0000e+00
 220.383073     67.462  34.321140     7.0338    3.25253     66.888    33.8731    26.5273 0.0000e+00
 220.383079     67.181  34.315024     7.0283    3.28545     66.609    33.8719    26.5271 0.0000e+00
 220.383084     66.896  34.306842     7.0165    3.30661     66.327    33.8747    26.5309 0.0000e+00
 220.383090     66.600  34.288485     6.9993    3.34643     66.034    33.8717    26.5309 0.0000e+00
 220.383096     66.293  34.257889     6.9842    3.37350     65.729    33.8531    26.5183 0.0000e+00
 220.383102     65.976  34.229729     6.9732    3.40857     65.415    33.8332    26.5041 0.0000e+00
 220.383108     65.650  34.208669     6.9646    3.43578     65.092    33.8186    26.4938 0.0000e+00
 220.383113     65.307  34.189043     6.9590    3.48039     64.752    33.8028    26.4821 0.0000e+00
 220.383119     64.944  34.167844     6.9572    3.51812     64.392    33.7814    26.4655 0.0000e+00
 220.383125     64.566  34.144264     6.9594    3.55164     64.017    33.7536    26.4433 0.0000e+00
 220.383131     64.188  34.121794     6.9645    3.58515     63.642    33.7241    26.4193 0.0000e+00
 220.383137     63.825  34.102980     6.9697    3.58484     63.283    33.6985    26.3985 0.0000e+00
 220.383142     63.479  34.088518     6.9737    3.60259     62.940    33.6789    26.3825 0.0000e+00
 220.383148     63.146  34.080425     6.9785    3.60299     62.609    33.6655    26.3713 0.0000e+00
 220.383154     62.821  34.078001     6.9863    3.60472     62.287    33.6554    26.3622 0.0000e+00
 220.383160     62.502  34.078580     6.9962    3.63110     61.971    33.6465    26.3539 0.0000e+00
 220.383166     62.179  34.080135     7.0058    3.64173     61.651    33.6390    26.3466 0.0000e+00
 220.383171     61.843  34.080825     7.0168    3.65372     61.318    33.6291    26.3374 0.0000e+00
 220.383177     61.487  34.080455     7.0320    3.66567     60.965    33.6141    26.3234 0.0000e+00
 220.383183     61.117  34.079658     7.0482    3.64240     60.598    33.5976    26.3082 0.0000e+00
 220.383189     60.736  34.079060     7.0618    3.64568     60.220    33.5838    26.2956 0.0000e+00
 220.383194     60.362  34.079551     7.0712    3.66359     59.849    33.5754    26.2876 0.0000e+00
 220.383200     60.002  34.081794     7.0772    3.67260     59.493    33.5722    26.2843 0.0000e+00
 220.383206     59.657  34.086548     7.0854    3.71205     59.151    33.5695    26.2811 0.0000e+00
 220.383212     59.317  34.095115     7.0978    3.72740     58.813    33.5670    26.2774 0.0000e+00
 220.383218     58.969  34.103234     7.1149    3.75555     58.468    33.5594    26.2690 0.0000e+00
 220.383223     58.604  34.106043     7.1451    3.79902     58.107    33.5333    26.2443 0.0000e+00
 220.383229     58.220  34.110656     7.1911    3.81891     57.726    33.4938    26.2069 0.0000e+00
 220.383235     57.819  34.121552     7.2391    3.84407     57.328    33.4594    26.1732 0.0000e+00
 220.383241     57.404  34.133656     7.2761    3.85129     56.917    33.4369    26.1504 0.0000e+00
 220.383247     56.992  34.145189     7.2976    3.84858     56.509    33.4289    26.1411 0.0000e+00
 220.383252     56.604  34.156414     7.3059    3.87694     56.124    33.4333    26.1434 0.0000e+00
 220.383258     56.246  34.166062     7.3097    3.86902     55.769    33.4402    26.1483 0.0000e+00
 220.383264     55.908  34.174676     7.3131    3.87379     55.434    33.4465    26.1528 0.0000e+00
 220.383270     55.572  34.180298     7.3154    3.88990     55.101    33.4505    26.1556 0.0000e+00
 220.383275     55.221  34.180342     7.3193    3.89593     54.753    33.4470    26.1523 0.0000e+00
 220.383281     54.850  34.179916     7.3310    3.92427     54.385    33.4354    26.1415 0.0000e+00
 220.383287     54.458  34.185180     7.3553    3.92688     53.996    33.4178    26.1243 0.0000e+00
 220.383293     54.040  34.198112     7.3898    3.92533     53.582    33.3988    26.1045 0.0000e+00
 220.383299     53.599  34.215791     7.4237    3.92460     53.145    33.3855    26.0893 0.0000e+00
 220.383304     53.152  34.232101     7.4462    3.92654     52.702    33.3817    26.0832 0.0000e+00
 220.383310     52.720  34.244706     7.4566    3.92553     52.273    33.3855    26.0847 0.0000e+00
 220.383316     52.315  34.254734     7.4610    3.92920     51.872    33.3923    26.0895 0.0000e+00
 220.383322     51.928  34.261558     7.4635    3.91891     51.488    33.3975    26.0932 0.0000e+00
 220.383328     51.543  34.264197     7.4670    3.92301     51.106    33.3972    26.0924 0.0000e+00
 220.383333     51.153  34.265052     7.4739    3.92009     50.720    33.3917    26.0871 0.0000e+00
 220.383339     50.762  34.267509     7.4820    3.91840     50.332    33.3867    26.0820 0.0000e+00
 220.383345     50.377  34.272608     7.4882    3.93137     49.950    33.3864    26.0810 0.0000e+00
 220.383351     49.993  34.278192     7.4921    3.93233     49.570    33.3889    26.0823 0.0000e+00
 220.383356     49.600  34.281063     7.4962    3.93692     49.180    33.3883    26.0813 0.0000e+00
 220.383362     49.182  34.281693     7.5038    3.93630     48.766    33.3818    26.0751 0.0000e+00
 220.383368     48.727  34.283729     7.5151    3.94409     48.315    33.3734    26.0669 0.0000e+00
 220.383374     48.247  34.288770     7.5271    3.96694     47.839    33.3675    26.0606 0.0000e+00
 220.383380     47.766  34.295140     7.5370    3.97420     47.362    33.3651    26.0573 0.0000e+00
 220.383385     47.306  34.301814     7.5444    3.98303     46.906    33.3654    26.0565 0.0000e+00
 220.383391     46.866  34.308176     7.5528    3.97841     46.470    33.3644    26.0545 0.0000e+00
 220.383397     46.436  34.312627     7.5670    3.98075     46.043    33.3558    26.0457 0.0000e+00
 220.383403     46.015  34.316065     7.5894    3.98628     45.626    33.3382    26.0287 0.0000e+00
 220.383409     45.610  34.321961     7.6163    3.97362     45.224    33.3190    26.0097 0.0000e+00
 220.383414     45.221  34.333698     7.6392    3.99213     44.839    33.3099    25.9993 0.0000e+00
 220.383420     44.840  34.346764     7.6522    4.02002     44.461    33.3117    25.9989 0.0000e+00
 220.383426     44.465  34.352813     7.6565    4.05347     44.089    33.3143    26.0003 0.0000e+00
 220.383432     44.092  34.354875     7.6603    4.08394     43.719    33.3130    25.9988 0.0000e+00
 220.383438     43.716  34.359631     7.6737    4.09971     43.347    33.3055    25.9909 0.0000e+00
 220.383443     43.330  34.367822     7.7016    4.12896     42.964    33.2878    25.9730 0.0000e+00
 220.383449     42.927  34.378045     7.7576    4.13725     42.564    33.2455    25.9318 0.0000e+00
 220.383455     42.501  34.395533     7.8553    4.15754     42.142    33.1714    25.8595 0.0000e+00
 220.383461     42.061  34.427360     7.9661    4.17615     41.706    33.1006    25.7878 0.0000e+00
 220.383466     41.625  34.466664     8.0421    4.18407     41.273    33.0708    25.7534 0.0000e+00
 220.383472     41.209  34.501991     8.0732    4.19177     40.861    33.0793    25.7554 0.0000e+00
 220.383478     40.817  34.526676     8.0788    4.20045     40.472    33.1004    25.7712 0.0000e+00
 220.383484     40.443  34.537227     8.0741    4.20942     40.102    33.1163    25.7844 0.0000e+00
 220.383490     40.074  34.537633     8.0723    4.23257     39.736    33.1186    25.7864 0.0000e+00
 220.383495     39.695  34.534603     8.0866    4.26325     39.360    33.1020    25.7713 0.0000e+00
 220.383501     39.302  34.530824     8.1173    4.29680     38.970    33.0692    25.7411 0.0000e+00
 220.383507     38.897  34.527985     8.1528    4.31153     38.569    33.0329    25.7073 0.0000e+00
 220.383513     38.479  34.527912     8.1883    4.32867     38.154    32.9996    25.6760 0.0000e+00
 220.383519     38.048  34.532761     8.2361    4.34262     37.727    32.9601    25.6379 0.0000e+00
 220.383524     37.606  34.547325     8.2956    4.36724     37.289    32.9199    25.5976 0.0000e+00
 220.383530     37.164  34.573101     8.3432    4.37676     36.851    32.9028    25.5771 0.0000e+00
 220.383536     36.733  34.599641     8.3690    4.37793     36.423    32.9069    25.5764 0.0000e+00
