data/oxygen options/ONMS/Olympic_Coast_National_Marine_Sanctuary_Hypoxia_Survey_CTD_Data_2004_2015/raw_data/2007/CTD_TH100_091107faed.cnv
* Sea-Bird SBE19 Data File:
* FileName = C:\2007_mooring_data\CTD_TH100_091107.hex
* Software Version 1.20
* Temperature SN = 2997
* Conductivity SN = 2997
* System UpLoad Time = Sep 11 2007 09:59:39
* SEACAT PROFILER V3.1c SN 2997   09/11/07  09:58:59.933
* strain gauge pressure sensor: S/N = 184829,  range = 3000 psia,  tc = 40
# nquan = 9                                 
# nvalues = 1027                        
# units = specified
# name 0 = timeJ: Julian Days
# name 1 = prSM: Pressure, Strain Gauge [db]
# name 2 = c0mS/cm: Conductivity [mS/cm]
# name 3 = t090C: Temperature [ITS-90, deg C]
# name 4 = oxML/L: Oxygen, Beckman/YSI [ml/l]
# name 5 = depSM: Depth [salt water, m], lat = 47.5
# name 6 = sal00: Salinity, Practical [PSU]
# name 7 = sigma-é00: Density [sigma-theta, kg/m^3]
# name 8 = flag: flag
# span 0 = 254.409421, 254.415359       
# span 1 =     -1.443,    100.075       
# span 2 =   0.389752,  36.716831       
# span 3 =     7.2468,    12.4929       
# span 4 =   -0.07390,   34.04247       
# span 5 =     -1.431,     99.216       
# span 6 =     0.2507,    33.8634       
# span 7 =    -0.3282,    26.4855       
# span 8 = 0.0000e+00, 0.0000e+00       
# interval = seconds: 0.5
# start_time = Sep 11 2007 09:49:34 [Instrument's time stamp, header]
# bad_flag = -9.990e-29
*END*
[from data line 961]
 254.414983     17.079  35.714016    10.8441    6.62327     16.936    31.8243    24.3311 0.0000e+00
 254.414988     16.569  35.808421    11.1096    6.59991     16.430    31.6880    24.1787 0.0000e+00
 254.414994     16.062  35.959084    11.3371    6.57919     15.927    31.6404    24.1015 0.0000e+00
 254.415000     15.577  36.107407    11.4903    6.57354     15.446    31.6542    24.0849 0.0000e+00
 254.415006     15.122  36.210585    11.5968    6.57958     14.995    31.6638    24.0731 0.0000e+00
 254.415012     14.686  36.279587    11.6542    6.57334     14.563    31.6819    24.0769 0.0000e+00
 254.415017     14.248  36.320487    11.6747    6.56309     14.129    31.7043    24.0905 0.0000e+00
 254.415023     13.794  36.328384    11.6870    6.53949     13.678    31.7016    24.0862 0.0000e+00
 254.415029     13.317  36.322021    11.7140    6.53517     13.205    31.6726    24.0588 0.0000e+00
 254.415035     12.820  36.330474    11.7536    6.54444     12.713    31.6473    24.0319 0.0000e+00
 254.415041     12.316  36.353805    11.7883    6.57195     12.213    31.6405    24.0203 0.0000e+00
 254.415046     11.809  36.378283    11.8115    6.58309     11.710    31.6447    24.0192 0.0000e+00
 254.415052     11.302  36.401803    11.8307    6.58144     11.207    31.6513    24.0209 0.0000e+00
 254.415058     10.799  36.421539    11.8541    6.59516     10.709    31.6506    24.0161 0.0000e+00
 254.415064     10.299  36.435220    11.8836    6.62210     10.213    31.6390    24.0016 0.0000e+00
 254.415069      9.807  36.449883    11.9146    6.64018      9.725    31.6270    23.9866 0.0000e+00
 254.415075      9.325  36.477236    11.9432    6.67908      9.247    31.6293    23.9831 0.0000e+00
 254.415081      8.852  36.513959    11.9699    6.69557      8.778    31.6422    23.9882 0.0000e+00
 254.415087      8.385  36.539510    11.9995    6.69527      8.315    31.6419    23.9825 0.0000e+00
 254.415093      7.918  36.553771    12.0403    6.70542      7.852    31.6212    23.9589 0.0000e+00
 254.415098      7.449  36.571277    12.0913    6.69709      7.387    31.5951    23.9292 0.0000e+00
 254.415104      6.976  36.593512    12.1357    6.70927      6.918    31.5791    23.9085 0.0000e+00
 254.415110      6.506  36.614253    12.1622    6.72414      6.452    31.5768    23.9018 0.0000e+00
 254.415116      6.041  36.628655    12.1742    6.82908      5.990    31.5806    23.9026 0.0000e+00
 254.415122      5.582  36.634067    12.1793    6.65407      5.535    31.5817    23.9024 0.0000e+00
 254.415127      5.127  36.629863    12.1832    6.33552      5.084    31.5745    23.8962 0.0000e+00
 254.415133      4.675  36.622212    12.1861    5.92027      4.636    31.5650    23.8882 0.0000e+00
 254.415139      4.232  36.618855    12.1862    5.87393      4.197    31.5618    23.8857 0.0000e+00
 254.415145      3.805  36.620925    12.1849    5.92096      3.773    31.5651    23.8885 0.0000e+00
 254.415150      3.397  36.621654    12.1853    6.00686      3.369    31.5656    23.8888 0.0000e+00
 254.415156      3.002  36.606322    12.1920    7.11260      2.977    31.5454    23.8719 0.0000e+00
 254.415162      2.617  36.556728    12.2074    7.12510      2.595    31.4851    23.8223 0.0000e+00
 254.415168      2.252  36.420764    12.2222    7.18307      2.233    31.3427    23.7091 0.0000e+00
 254.415174      1.923  36.005936    12.2257    7.42159      1.907    30.9435    23.3991 0.0000e+00
 254.415179      1.637  35.677146    12.2184    7.62661      1.623    30.6360    23.1620 0.0000e+00
 254.415185      1.404  35.945405    12.2054    7.69829      1.392    30.9027    23.3712 0.0000e+00
 254.415191      1.224  36.254318    12.1902    7.74665      1.214    31.2107    23.6127 0.0000e+00
 254.415197      1.087  36.107858    12.1731    7.71715      1.078    31.0849    23.5183 -9.990e-29
 254.415203      0.975  35.371287    12.1529    7.74831      0.967    30.3979    22.9896 -9.990e-29
 254.415208      0.882  33.115761    12.1305    7.80028      0.875    28.2737    21.3481 -9.990e-29
 254.415214      0.810  26.354092    12.1089    7.77643      0.803    21.9924    16.4929 -9.990e-29
 254.415220      0.758  16.057860    12.0901    7.74550      0.752    12.8105     9.4060 -9.990e-29
 254.415226      0.724   8.847685    12.0738    7.71299      0.718     6.7299     4.7125 -9.990e-29
 254.415231      0.701   6.000063    12.0588    7.71921      0.695     4.4389     2.9421 -9.990e-29
 254.415237      0.679   4.654879    12.0455    7.70104      0.673     3.3863     2.1283 -9.990e-29
 254.415243      0.656   4.004319    12.0349    7.61041      0.651     2.8857     1.7414 -9.990e-29
 254.415249      0.639   3.763242    12.0247    7.56570      0.634     2.7021     1.6002 -9.990e-29
 254.415255      0.633   3.578006    12.0114    7.49659      0.628     2.5619     1.4931 -9.990e-29
 254.415260      0.632   3.384399    11.9947    7.73532      0.627     2.4161     1.3819 -9.990e-29
 254.415266      0.631   3.258109    11.9782    7.87303      0.626     2.3216     1.3105 -9.990e-29
 254.415272      0.631   3.316194    11.9643    7.82343      0.626     2.3664     1.3469 -9.990e-29
 254.415278      0.632   3.621084    11.9530    7.79420      0.627     2.5987     1.5287 -9.990e-29
 254.415284      0.634   3.920552    11.9443    7.58242      0.629     2.8283     1.7079 -9.990e-29
 254.415289      0.636   3.933411    11.9386    7.49684      0.631     2.8386     1.7166 -9.990e-29
 254.415295      0.640   3.619038    11.9356    7.51098      0.635     2.5984     1.5305 -9.990e-29
 254.415301      0.641   3.194296    11.9349    7.55167      0.636     2.2760     1.2802 -9.990e-29
 254.415307      0.634   3.005380    11.9376 -9.990e-29      0.629     2.1335     1.1692 -9.990e-29
 254.415313      0.624   3.204690    11.9454 -9.990e-29      0.619     2.2832     1.2846 -9.990e-29
 254.415318      0.619   3.440928    11.9606 -9.990e-29      0.614     2.4612     1.4210 -9.990e-29
 254.415324      0.622   3.342613    11.9812 -9.990e-29      0.617     2.3853     1.3596 -9.990e-29
 254.415330      0.630   3.162500    11.9989 -9.990e-29      0.625     2.2482     1.2510 -9.990e-29
 254.415336      0.638   3.125911    12.0090 -9.990e-29      0.633     2.2200     1.2279 -9.990e-29
 254.415341      0.648   3.107985    12.0138 -9.990e-29      0.643     2.2063     1.2166 -9.990e-29
 254.415347      0.655   3.123142    12.0171 -9.990e-29      0.650     2.2175     1.2250 -9.990e-29
 254.415353      0.656   3.182150    12.0188 -9.990e-29      0.651     2.2618     1.2592 -9.990e-29
 254.415359      0.655   3.163211 -9.990e-29 -9.990e-29      0.650 -9.990e-29 -9.990e-29 -9.990e-29
