data/oxygen options/ONMS/Olympic_Coast_National_Marine_Sanctuary_Hypoxia_Survey_CTD_Data_2004_2015/raw_data/2007/CTD_CA100_091007faedb.cnv
* Sea-Bird SBE19 Data File:
* FileName = C:\2007_mooring_data\CTD_CA100_091007.hex
* Software Version 1.20
* Temperature SN = 2997
* Conductivity SN = 2997
* System UpLoad Time = Sep 10 2007 13:51:17
* SEACAT PROFILER V3.1c SN 2997   09/10/07  13:51:04.590
* strain gauge pressure sensor: S/N = 184829,  range = 3000 psia,  tc = 40
# nquan = 9
# nvalues = 98                          
# units = specified
# name 0 = timeJ: Julian Days
# name 1 = prSM: Pressure, Strain Gauge [db]
# name 2 = c0mS/cm: Conductivity [mS/cm]
# name 3 = t090C: Temperature [ITS-90, deg C]
# name 4 = oxML/L: Oxygen, Beckman/YSI [ml/l]
# name 5 = depSM: Depth [salt water, m], lat = 47.5
# name 6 = sal00: Salinity, Practical [PSU]
# name 7 = sigma-é00: Density [sigma-theta, kg/m^3]
# name 8 = flag: flag
# span 0 = 253.573082, 253.574472       
# span 1 =      1.000,     98.000       
# span 2 =  34.074117,  37.775516       
# span 3 =     6.9489,    13.1034       
# span 4 =    2.29912,    6.30482       
# span 5 =      0.992,     97.159       
# span 6 =    31.5535,    33.9422       
# span 7 =    23.9634,    26.5798       
# span 8 = 0.0000e+00, 0.0000e+00       
# interval = decibars: 1                
# start_time = Sep 10 2007 13:41:19 [Instrument's time stamp, header]
# bad_flag = -9.990e-29
*END*
 253.573082      1.000  37.775516    13.1034    6.30482      0.992    31.8884    23.9634 0.0000e+00
 253.573098      2.000  37.348601    12.6037    6.03519      1.983    31.9060    24.0736 0.0000e+00
 253.573110      3.000  36.971144    12.3297    5.67409      2.975    31.7780    24.0263 0.0000e+00
 253.573119      4.000  36.658278    12.1228    5.51795      3.967    31.6534    23.9685 0.0000e+00
 253.573128      5.000  36.505628    11.9753    5.56737      4.958    31.6312    23.9786 0.0000e+00
 253.573137      6.000  36.465596    11.8391    5.47313      5.950    31.7079    24.0632 0.0000e+00
 253.573144      7.000  36.281568    11.6359    5.41411      6.942    31.7026    24.0960 0.0000e+00
 253.573152      8.000  36.102361    11.5223    5.38524      7.933    31.6250    24.0563 0.0000e+00
 253.573160      9.000  36.003694    11.4931    5.35983      8.925    31.5535    24.0060 0.0000e+00
 253.573168     10.000  35.956370    11.4018    5.26111      9.916    31.5849    24.0467 0.0000e+00
 253.573175     11.000  35.921484    11.2434    5.17594     10.908    31.6862    24.1536 0.0000e+00
 253.573183     12.000  35.908886    11.0378    5.06459     11.900    31.8507    24.3178 0.0000e+00
 253.573191     13.000  35.887142    10.8015    4.94265     12.891    32.0349    24.5022 0.0000e+00
 253.573198     14.000  35.846893    10.6462    4.82839     13.883    32.1307    24.6036 0.0000e+00
 253.573206     15.000  35.782682    10.5649    4.76608     14.874    32.1377    24.6230 0.0000e+00
 253.573214     16.000  35.686171    10.5277    4.66529     15.866    32.0738    24.5797 0.0000e+00
 253.573221     17.000  35.563806    10.4434    4.59131     16.857    32.0251    24.5561 0.0000e+00
 253.573229     18.000  35.440966    10.2955    4.51789     17.849    32.0319    24.5863 0.0000e+00
 253.573236     19.000  35.370527    10.1162    4.41859     18.840    32.1191    24.6844 0.0000e+00
 253.573244     20.000  35.347799     9.9636    4.31826     19.832    32.2317    24.7974 0.0000e+00
 253.573251     21.000  35.350642     9.8514    4.15862     20.824    32.3345    24.8961 0.0000e+00
 253.573259     22.000  35.290130     9.7821    3.98128     21.816    32.3347    24.9075 0.0000e+00
 253.573267     23.000  35.108993     9.6944    3.83505     22.807    32.2283    24.8388 0.0000e+00
 253.573275     24.000  34.923020     9.4048    3.73971     23.798    32.2981    24.9398 0.0000e+00
 253.573283     25.000  34.787887     8.9362    3.67010     24.790    32.5849    25.2375 0.0000e+00
 253.573292     26.000  34.661999     8.5736    3.62401     25.781    32.7871    25.4515 0.0000e+00
 253.573301     27.000  34.571094     8.3999    3.60488     26.773    32.8524    25.5289 0.0000e+00
 253.573310     28.000  34.520783     8.3225    3.61275     27.764    32.8711    25.5551 0.0000e+00
 253.573321     29.000  34.499513     8.2837    3.59164     28.756    32.8844    25.5714 0.0000e+00
 253.573332     30.000  34.486188     8.2517    3.56494     29.747    32.8997    25.5881 0.0000e+00
 253.573344     31.000  34.470389     8.2049    3.53463     30.739    32.9265    25.6160 0.0000e+00
 253.573357     32.000  34.454362     8.1561    3.50423     31.731    32.9548    25.6455 0.0000e+00
 253.573370     33.000  34.448276     8.1317    3.47419     32.722    32.9709    25.6617 0.0000e+00
 253.573383     34.000  34.448157     8.1189    3.46656     33.713    32.9822    25.6725 0.0000e+00
 253.573399     35.000  34.452394     8.1200    3.44397     34.705    32.9852    25.6747 0.0000e+00
 253.573414     36.000  34.453143     8.1054    3.40363     35.696    32.9993    25.6880 0.0000e+00
 253.573428     37.000  34.448741     8.0802    3.38289     36.688    33.0179    25.7062 0.0000e+00
 253.573443     38.000  34.442332     8.0578    3.36802     37.679    33.0317    25.7203 0.0000e+00
 253.573459     39.000  34.433530     8.0279    3.36669     38.671    33.0501    25.7392 0.0000e+00
 253.573474     40.000  34.420061     7.9929    3.34325     39.662    33.0684    25.7586 0.0000e+00
 253.573490     41.000  34.411227     7.9696    3.36108     40.654    33.0805    25.7716 0.0000e+00
 253.573505     42.000  34.402165     7.9489    3.32769     41.645    33.0899    25.7820 0.0000e+00
 253.573521     43.000  34.392238     7.9247    3.35832     42.637    33.1018    25.7948 0.0000e+00
 253.573535     44.000  34.377891     7.8792    3.30212     43.628    33.1292    25.8229 0.0000e+00
 253.573549     45.000  34.352896     7.8231    3.30230     44.620    33.1552    25.8514 0.0000e+00
 253.573566     46.000  34.333396     7.7810    3.27879     45.611    33.1738    25.8721 0.0000e+00
 253.573582     47.000  34.325109     7.7604    3.26021     46.602    33.1841    25.8832 0.0000e+00
 253.573598     48.000  34.317649     7.7332    3.20965     47.594    33.2015    25.9007 0.0000e+00
 253.573613     49.000  34.304628     7.6811    3.13170     48.585    33.2367    25.9359 0.0000e+00
 253.573627     50.000  34.287870     7.6212    3.06545     49.577    33.2755    25.9749 0.0000e+00
 253.573642     51.000  34.269844     7.5513    2.96778     50.568    33.3225    26.0218 0.0000e+00
 253.573656     52.000  34.248172     7.4773    2.96022     51.559    33.3697    26.0693 0.0000e+00
 253.573672     53.000  34.231000     7.4381    2.95551     52.551    33.3884    26.0896 0.0000e+00
 253.573688     54.000  34.234908     7.4370    2.91663     53.542    33.3932    26.0936 0.0000e+00
 253.573702     55.000  34.223056     7.4014    2.90914     54.534    33.4142    26.1150 0.0000e+00
 253.573717     56.000  34.213414     7.3772    2.87133     55.525    33.4266    26.1282 0.0000e+00
 253.573732     57.000  34.198431     7.3188    2.78525     56.516    33.4662    26.1675 0.0000e+00
 253.573749     58.000  34.174859     7.2698    2.75220     57.508    33.4876    26.1912 0.0000e+00
 253.573765     59.000  34.161610     7.2090    2.69133     58.499    33.5317    26.2343 0.0000e+00
 253.573780     60.000  34.128020     7.1147    2.65856     59.491    33.5862    26.2902 0.0000e+00
 253.573795     61.000  34.102239     7.0564    2.64303     60.482    33.6143    26.3203 0.0000e+00
 253.573812     62.000  34.094200     7.0334    2.64498     61.473    33.6275    26.3338 0.0000e+00
 253.573829     63.000  34.083182     6.9956    2.62525     62.465    33.6519    26.3582 0.0000e+00
 253.573845     64.000  34.074117     6.9663    2.63861     63.456    33.6701    26.3766 0.0000e+00
 253.573862     65.000  34.076950     6.9545    2.67642     64.447    33.6843    26.3893 0.0000e+00
 253.573879     66.000  34.081154     6.9489    2.69946     65.439    33.6938    26.3976 0.0000e+00
 253.573895     67.000  34.099882     6.9599    2.70293     66.430    33.7031    26.4035 0.0000e+00
 253.573911     68.000  34.134114     6.9727    2.68990     67.422    33.7277    26.4212 0.0000e+00
 253.573928     69.000  34.140066     6.9709    2.66983     68.413    33.7355    26.4275 0.0000e+00
 253.573946     70.000  34.157931     6.9730    2.66875     69.404    33.7526    26.4406 0.0000e+00
 253.573964     71.000  34.182917     6.9855    2.65751     70.395    33.7673    26.4506 0.0000e+00
 253.573982     72.000  34.204603     6.9954    2.65916     71.387    33.7808    26.4599 0.0000e+00
 253.574000     73.000  34.229942     7.0114    2.65900     72.378    33.7924    26.4669 0.0000e+00
 253.574017     74.000  34.273314     7.0299    2.64946     73.369    33.8213    26.4870 0.0000e+00
 253.574035     75.000  34.293321     7.0351    2.63707     74.360    33.8376    26.4993 0.0000e+00
 253.574054     76.000  34.338092     7.0616    2.57776     75.352    33.8601    26.5134 0.0000e+00
 253.574073     77.000  34.381031     7.0775    2.43822     76.343    33.8911    26.5356 0.0000e+00
 253.574091     78.000  34.392724     7.0606    2.35987     77.334    33.9200    26.5607 0.0000e+00
 253.574109     79.000  34.396164     7.0484    2.33781     78.326    33.9353    26.5744 0.0000e+00
 253.574124     80.000  34.399714     7.0465    2.33025     79.317    33.9406    26.5789 0.0000e+00
 253.574141     81.000  34.400234     7.0455    2.32564     80.308    33.9416    26.5798 0.0000e+00
 253.574157     82.000  34.399575     7.0452    2.31783     81.299    33.9408    26.5792 0.0000e+00
 253.574174     83.000  34.400851     7.0456    2.31974     82.291    33.9413    26.5796 0.0000e+00
 253.574192     84.000  34.402067     7.0464    2.32191     83.282    33.9413    26.5795 0.0000e+00
 253.574208     85.000  34.402073     7.0460    2.32124     84.273    33.9412    26.5795 0.0000e+00
 253.574225     86.000  34.401880     7.0452    2.32684     85.265    33.9413    26.5796 0.0000e+00
 253.574241     87.000  34.400983     7.0449    2.32762     86.256    33.9401    26.5788 0.0000e+00
 253.574259     88.000  34.404051     7.0470    2.30164     87.247    33.9410    26.5792 0.0000e+00
 253.574277     89.000  34.407447     7.0496    2.30623     88.238    33.9416    26.5794 0.0000e+00
 253.574295     90.000  34.409117     7.0504    2.31753     89.230    33.9421    26.5797 0.0000e+00
 253.574311     91.000  34.409361     7.0506    2.32479     90.221    33.9417    26.5793 0.0000e+00
 253.574329     92.000  34.410341     7.0512    2.32411     91.212    33.9418    26.5793 0.0000e+00
 253.574349     93.000  34.410901     7.0512    2.31437     92.203    33.9418    26.5794 0.0000e+00
 253.574368     94.000  34.411613     7.0512    2.31161     93.194    33.9422    26.5796 0.0000e+00
 253.574388     95.000  34.411940     7.0513    2.30338     94.186    33.9420    26.5795 0.0000e+00
 253.574405     96.000  34.412447     7.0521    2.30621     95.177    33.9412    26.5788 0.0000e+00
 253.574425     97.000  34.413870     7.0528    2.29912     96.168    33.9416    26.5790 0.0000e+00
 253.574472     98.000  34.414645     7.0534    2.30039     97.159    33.9414    26.5788 0.0000e+00
