data/oxygen options/ONMS/Olympic_Coast_National_Marine_Sanctuary_Hypoxia_Survey_CTD_Data_2004_2015/raw_data/2007/CTD_CE100_091807faed.cnv
* Sea-Bird SBE19 Data File:
* FileName = C:\2007_mooring_data\Service_091807\CTD_CE100_091807.hex
* Software Version 1.20
* Temperature SN = 2997
* Conductivity SN = 2997
* System UpLoad Time = Sep 18 2007 11:13:04
* SEACAT PROFILER V3.1c SN 2997   09/18/07  11:11:51.750
* strain gauge pressure sensor: S/N = 184829,  range = 3000 psia,  tc = 40
# nquan = 9                                 
# nvalues = 1033                        
# units = specified
# name 0 = timeJ: Julian Days
# name 1 = prSM: Pressure, Strain Gauge [db]
# name 2 = c0mS/cm: Conductivity [mS/cm]
# name 3 = t090C: Temperature [ITS-90, deg C]
# name 4 = oxML/L: Oxygen, Beckman/YSI [ml/l]
# name 5 = depSM: Depth [salt water, m], lat = 47.5
# name 6 = sal00: Salinity, Practical [PSU]
# name 7 = sigma-é00: Density [sigma-theta, kg/m^3]
# name 8 = flag: flag
# span 0 = 261.458889, 261.464861       
# span 1 =     -2.939,    102.196       
# span 2 =   0.004083,  37.666795       
# span 3 =     7.3579,    15.5910       
# span 4 =   -0.07103,   31.40099       
# span 5 =     -2.914,    101.318       
# span 6 =     0.0090,    33.8756       
# span 7 =    -0.9829,    26.4836       
# span 8 = 0.0000e+00, 0.0000e+00       
# interval = seconds: 0.5
# start_time = Sep 18 2007 11:00:48 [Instrument's time stamp, header]
# bad_flag = -9.990e-29
*END*
[from data line 961]
 261.464450      9.700  36.476269    11.8818    6.24226      9.619    31.6804    24.0341 -9.990e-29
 261.464456      9.684  36.507601    11.9154    6.21989      9.603    31.6820    24.0292 -9.990e-29
 261.464462      9.679  36.541325    11.9248    6.15425      9.598    31.7066    24.0465 -9.990e-29
 261.464468      9.680  36.556284    11.9235    6.11494      9.599    31.7221    24.0588 -9.990e-29
 261.464473      9.679  36.554129    11.9229    6.09681      9.598    31.7205    24.0577 -9.990e-29
 261.464479      9.672  36.544885    11.9242    6.09485      9.591    31.7105    24.0497 -9.990e-29
 261.464485      9.666  36.537154    11.9168    6.12055      9.585    31.7094    24.0501 -9.990e-29
 261.464491      9.669  36.532963    11.8949    6.15699      9.588    31.7240    24.0655 -9.990e-29
 261.464497      9.678  36.521306    11.8659    6.20206      9.597    31.7374    24.0812 -9.990e-29
 261.464502      9.690  36.497290    11.8488    6.19068      9.609    31.7288    24.0777 -9.990e-29
 261.464508      9.699  36.481018    11.8682    6.16436      9.618    31.6965    24.0491 -9.990e-29
 261.464514      9.699  36.491143    11.9237    6.15990      9.618    31.6591    24.0099 -9.990e-29
 261.464520      9.685  36.519860    11.9799    6.13786      9.604    31.6391    23.9840 -9.990e-29
 261.464525      9.665  36.546605    12.0061    6.12929      9.584    31.6426    23.9819 -9.990e-29
 261.464531      9.654  36.567254    11.9991    6.13659      9.573    31.6684    24.0032 -9.990e-29
 261.464537      9.656  36.576282    11.9682    6.15582      9.575    31.7034    24.0360 -9.990e-29
 261.464543      9.664  36.550418    11.9320    6.17173      9.583    31.7092    24.0472 -9.990e-29
 261.464549      9.668  36.511228    11.9152    6.16355      9.587    31.6857    24.0321 -9.990e-29
 261.464554      9.660  36.506224    11.9234    6.11851      9.579    31.6739    24.0214 -9.990e-29
 261.464560      9.636  36.527042    11.9375    6.06055      9.555    31.6820    24.0251 -9.990e-29
 261.464566      9.603  36.544263    11.9392    5.98832      9.523    31.6972    24.0366 -9.990e-29
 261.464572      9.575  36.551144    11.9264    5.93865      9.495    31.7147    24.0525 -9.990e-29
 261.464578      9.564  36.547899    11.8977    5.92707      9.484    31.7360    24.0743 -9.990e-29
 261.464583      9.574  36.528520    11.8473    5.94343      9.494    31.7603    24.1024 -9.990e-29
 261.464589      9.600  36.490706    11.7860    5.97676      9.520    31.7761    24.1259 -9.990e-29
 261.464595      9.636  36.450737    11.7336    6.00325      9.555    31.7821    24.1401 -9.990e-29
 261.464601      9.671  36.423135    11.7023    6.03283      9.590    31.7822    24.1458 -9.990e-29
 261.464606      9.686  36.409201    11.7033    6.05123      9.605    31.7678    24.1345 -9.990e-29
 261.464612      9.664  36.412205    11.7374    6.05998      9.583    31.7415    24.1079 -9.990e-29
 261.464618      9.610  36.431100    11.7841    6.04870      9.530    31.7200    24.0827 -9.990e-29
 261.464624      9.536  36.455766    11.8171    6.03847      9.456    31.7157    24.0733 -9.990e-29
 261.464630      9.451  36.474820    11.8211    6.03524      9.372    31.7308    24.0843 -9.990e-29
 261.464635      9.358  36.478367    11.8039    6.02565      9.280    31.7489    24.1015 -9.990e-29
 261.464641      9.259  36.468900    11.7842    5.99362      9.182    31.7566    24.1111 -9.990e-29
 261.464647      9.152  36.459581    11.7713    6.00880      9.075    31.7587    24.1150 -9.990e-29
 261.464653      9.036  36.455917    11.7652    6.08470      8.960    31.7604    24.1175 -9.990e-29
 261.464659      8.914  36.455823    11.7640    6.19099      8.839    31.7614    24.1184 -9.990e-29
 261.464664      8.789  36.460853    11.7711    6.35496      8.715    31.7602    24.1163 0.0000e+00
 261.464670      8.652  36.477153    11.7928    6.48519      8.580    31.7575    24.1102 0.0000e+00
 261.464676      8.499  36.503474    11.8343    6.58045      8.428    31.7476    24.0949 0.0000e+00
 261.464682      8.319  36.526706    11.9218    6.67583      8.249    31.6956    24.0385 0.0000e+00
 261.464688      8.103  36.563255    12.0875    6.73161      8.035    31.5903    23.9262 0.0000e+00
 261.464693      7.857  36.659053    12.2818    6.77750      7.791    31.5183    23.8342 0.0000e+00
 261.464699      7.600  36.806192    12.4251    6.80785      7.536    31.5384    23.8229 0.0000e+00
 261.464705      7.345  36.950329    12.5093    6.82868      7.284    31.6050    23.8585 0.0000e+00
 261.464711      7.094  37.049938    12.5499    6.84666      7.035    31.6656    23.8978 0.0000e+00
 261.464716      6.839  37.101636    12.5702    6.86086      6.782    31.6978    23.9188 0.0000e+00
 261.464722      6.577  37.122793    12.6051    6.87185      6.522    31.6886    23.9051 0.0000e+00
 261.464728      6.304  37.125927    12.6639    6.88850      6.251    31.6423    23.8580 0.0000e+00
 261.464734      6.015  37.144366    12.7230    6.88903      5.965    31.6103    23.8219 0.0000e+00
 261.464740      5.714  37.184203    12.7639    6.88190      5.666    31.6138    23.8168 0.0000e+00
 261.464745      5.402  37.222887    12.7951    6.85386      5.357    31.6244    23.8189 0.0000e+00
 261.464751      5.082  37.255952    12.8234    6.83818      5.040    31.6321    23.8194 0.0000e+00
 261.464757      4.763  37.280403    12.8458    6.83708      4.723    31.6365    23.8185 0.0000e+00
 261.464763      4.455  37.300257    12.8597    6.82636      4.418    31.6437    23.8214 0.0000e+00
 261.464769      4.159  37.318446    12.8665    6.82811      4.124    31.6553    23.8291 0.0000e+00
 261.464774      3.874  37.330639    12.8707    6.63017      3.842    31.6634    23.8345 0.0000e+00
 261.464780      3.594  37.336277    12.8755    6.47624      3.564    31.6648    23.8347 0.0000e+00
 261.464786      3.311  37.335030    12.8836    6.52215      3.283    31.6570    23.8271 0.0000e+00
 261.464792      3.023  37.332525    12.8955    6.63376      2.998    31.6448    23.8153 0.0000e+00
 261.464797      2.743  37.337199    12.9052    6.67784      2.720    31.6412    23.8106 0.0000e+00
 261.464803      2.477  37.346877    12.9092    6.52639      2.456    31.6471    23.8144 0.0000e+00
 261.464809      2.223  37.354844    12.9102 -9.990e-29      2.204    31.6538    23.8195 0.0000e+00
 261.464815      1.980  37.356590    12.9094 -9.990e-29      1.963    31.6563    23.8215 0.0000e+00
 261.464821      1.756  37.354447    12.9062 -9.990e-29      1.741    31.6570    23.8227 0.0000e+00
 261.464826      1.552  37.351725    12.8975 -9.990e-29      1.539    31.6618    23.8280 0.0000e+00
 261.464832      1.378  37.343676    12.8777 -9.990e-29      1.366    31.6709    23.8389 0.0000e+00
 261.464838      1.238  37.326294    12.8400 -9.990e-29      1.228    31.6861    23.8580 -9.990e-29
 261.464844      1.130  37.295466    12.7837 -9.990e-29      1.121    31.7042    23.8828 -9.990e-29
 261.464850      1.050  37.257735    12.7225 -9.990e-29      1.041    31.7200    23.9068 -9.990e-29
 261.464855      1.001  37.233422    12.6934 -9.990e-29      0.993    31.7215    23.9135 -9.990e-29
 261.464861      0.985  37.222616 -9.990e-29 -9.990e-29      0.977 -9.990e-29 -9.990e-29 -9.990e-29
