data/oxygen options/ONMS/Olympic_Coast_National_Marine_Sanctuary_Hypoxia_Survey_CTD_Data_2004_2015/raw_data/2007/CTD_CA100_052907faedb.cnv
* Sea-Bird SBE19 Data File:
* FileName = C:\2007_mooring_data\DO_CA100_052907.hex
* Software Version 1.1.6
* Temperature SN = 2997
* Conductivity SN = 2997
* System UpLoad Time = May 29 2007 13:26:09
* SEACAT PROFILER V3.1c SN 2997   05/29/07  13:25:27.731
* strain gauge pressure sensor: S/N = 184829,  range = 3000 psia,  tc = 40
# nquan = 9
# nvalues = 99                          
# units = specified
# name 0 = timeJ: Julian Days
# name 1 = prSM: Pressure, Strain Gauge [db]
# name 2 = c0mS/cm: Conductivity [mS/cm]
# name 3 = t090C: Temperature [ITS-90, deg C]
# name 4 = oxML/L: Oxygen, Beckman/YSI [ml/l]
# name 5 = depSM: Depth [salt water, m], lat = 47.5
# name 6 = sal00: Salinity, Practical [PSU]
# name 7 = sigma-é00: Density [sigma-theta, kg/m^3]
# name 8 = flag: flag
# span 0 = 149.555500, 149.557030       
# span 1 =      1.000,     99.000       
# span 2 =  33.362199,  36.046805       
# span 3 =     6.6472,    10.9895       
# span 4 =    2.20606,    7.67005       
# span 5 =      0.991,     98.150       
# span 6 =    31.9736,    33.9182       
# span 7 =    24.4687,    26.6145       
# span 8 = 0.0000e+00, 0.0000e+00       
# interval = decibars: 1                
# start_time = May 29 2007 13:15:57 [Instrument's time stamp, header]
# bad_flag = -9.990e-29
*END*
 149.555500      1.000  36.046805    10.9895    7.51272      0.991    32.0339    24.4687 0.0000e+00
 149.555520      2.000  35.477004    10.3737    7.67005      1.984    32.0058    24.5523 0.0000e+00
 149.555534      3.000  35.279929    10.1847    7.35361      2.975    31.9742    24.5595 0.0000e+00
 149.555548      4.000  35.205315    10.0997    6.85871      3.966    31.9736    24.5733 0.0000e+00
 149.555560      5.000  35.117180     9.9743    6.53888      4.958    31.9951    24.6108 0.0000e+00
 149.555573      6.000  34.933301     9.7841    6.47915      5.950    31.9769    24.6276 0.0000e+00
 149.555585      7.000  34.732959     9.5436    6.35621      6.941    31.9862    24.6737 0.0000e+00
 149.555598      8.000  34.513244     9.2813    6.21438      7.933    31.9948    24.7220 0.0000e+00
 149.555609      9.000  34.294330     9.0359    6.14648      8.925    31.9887    24.7554 0.0000e+00
 149.555620     10.000  34.102458     8.8133    6.14711      9.916    31.9896    24.7903 0.0000e+00
 149.555632     11.000  33.970090     8.6533    6.18269     10.908    31.9957    24.8194 0.0000e+00
 149.555643     12.000  33.909349     8.5567    6.24008     11.899    32.0192    24.8523 0.0000e+00
 149.555654     13.000  33.894889     8.4883    6.28207     12.891    32.0657    24.8989 0.0000e+00
 149.555665     14.000  33.895644     8.4499    6.24309     13.883    32.1009    24.9322 0.0000e+00
 149.555675     15.000  33.894014     8.4270    6.18762     14.874    32.1197    24.9503 0.0000e+00
 149.555686     16.000  33.887944     8.3963    6.10567     15.866    32.1409    24.9715 0.0000e+00
 149.555695     17.000  33.860830     8.3276    6.01788     16.857    32.1747    25.0082 0.0000e+00
 149.555705     18.000  33.811996     8.2449    5.95131     17.849    32.1984    25.0389 0.0000e+00
 149.555716     19.000  33.764411     8.1559    5.91994     18.841    32.2293    25.0762 0.0000e+00
 149.555726     20.000  33.721598     8.0616    5.90522     19.832    32.2702    25.1219 0.0000e+00
 149.555737     21.000  33.690541     7.9890    5.91309     20.824    32.3036    25.1587 0.0000e+00
 149.555749     22.000  33.664979     7.9368    5.93831     21.815    32.3243    25.1824 0.0000e+00
 149.555762     23.000  33.641346     7.8850    5.95772     22.807    32.3466    25.2073 0.0000e+00
 149.555775     24.000  33.624945     7.8357    5.88575     23.798    32.3743    25.2361 0.0000e+00
 149.555788     25.000  33.613846     7.8044    5.92067     24.790    32.3911    25.2538 0.0000e+00
 149.555800     26.000  33.591385     7.7274    6.03465     25.781    32.4381    25.3016 0.0000e+00
 149.555812     27.000  33.523317     7.5900    6.11265     26.773    32.4928    25.3639 0.0000e+00
 149.555824     28.000  33.451665     7.5011    6.16489     27.765    32.4984    25.3807 0.0000e+00
 149.555836     29.000  33.416481     7.4588    6.19921     28.756    32.4997    25.3876 0.0000e+00
 149.555850     30.000  33.392289     7.4218    6.18605     29.748    32.5077    25.3990 0.0000e+00
 149.555864     31.000  33.376903     7.3774    6.13726     30.739    32.5323    25.4245 0.0000e+00
 149.555878     32.000  33.367719     7.3384    6.07603     31.731    32.5586    25.4506 0.0000e+00
 149.555891     33.000  33.362589     7.3094    6.01995     32.722    32.5798    25.4713 0.0000e+00
 149.555905     34.000  33.362199     7.2832    5.95484     33.713    32.6036    25.4935 0.0000e+00
 149.555918     35.000  33.374813     7.2620    5.90478     34.705    32.6368    25.5226 0.0000e+00
 149.555932     36.000  33.385407     7.2539    5.86041     35.696    32.6556    25.5384 0.0000e+00
 149.555947     37.000  33.395011     7.2461    5.80780     36.688    32.6728    25.5531 0.0000e+00
 149.555964     38.000  33.409381     7.2412    5.72012     37.679    32.6926    25.5693 0.0000e+00
 149.555982     39.000  33.442367     7.2483    5.57206     38.671    32.7212    25.5909 0.0000e+00
 149.556001     40.000  33.494124     7.2831    5.22203     39.662    32.7440    25.6041 0.0000e+00
 149.556021     41.000  33.610999     7.3718    4.62675     40.654    32.7861    25.6250 0.0000e+00
 149.556040     42.000  33.746845     7.4454    4.33503     41.645    32.8628    25.6751 0.0000e+00
 149.556058     43.000  33.819768     7.4301    4.29995     42.637    32.9558    25.7503 0.0000e+00
 149.556078     44.000  33.831756     7.3992    3.98600     43.628    32.9976    25.7876 0.0000e+00
 149.556097     45.000  33.961088     7.3895    3.67134     44.619    33.1464    25.9060 0.0000e+00
 149.556114     46.000  34.028672     7.3822    3.48900     45.611    33.2262    25.9698 0.0000e+00
 149.556130     47.000  34.061391     7.3795    3.37119     46.602    33.2638    25.9997 0.0000e+00
 149.556146     48.000  34.079028     7.3827    3.26674     47.594    33.2794    26.0115 0.0000e+00
 149.556159     49.000  34.093428     7.3841    3.07440     48.585    33.2932    26.0222 0.0000e+00
 149.556174     50.000  34.115239     7.3832    2.84320     49.577    33.3171    26.0412 0.0000e+00
 149.556188     51.000  34.148655     7.3795    2.63613     50.568    33.3565    26.0726 0.0000e+00
 149.556204     52.000  34.189646     7.3561    2.53440     51.559    33.4231    26.1284 0.0000e+00
 149.556220     53.000  34.229234     7.2970    2.51069     52.551    33.5228    26.2151 0.0000e+00
 149.556236     54.000  34.232195     7.2404    2.52023     53.542    33.5805    26.2683 0.0000e+00
 149.556254     55.000  34.214281     7.1766    2.58519     54.534    33.6225    26.3102 0.0000e+00
 149.556271     56.000  34.184856     7.0951    2.71732     55.525    33.6694    26.3584 0.0000e+00
 149.556289     57.000  34.140317     7.0235    2.82026     56.516    33.6901    26.3845 0.0000e+00
 149.556308     58.000  34.111290     6.9808    2.87407     57.508    33.6997    26.3978 0.0000e+00
 149.556327     59.000  34.098958     6.9502    2.87831     58.499    33.7156    26.4145 0.0000e+00
 149.556345     60.000  34.093861     6.9166    2.82237     59.491    33.7425    26.4402 0.0000e+00
 149.556360     61.000  34.098578     6.9036    2.75602     60.482    33.7599    26.4558 0.0000e+00
 149.556376     62.000  34.104365     6.8875    2.71667     61.473    33.7816    26.4751 0.0000e+00
 149.556390     63.000  34.112839     6.8786    2.68780     62.465    33.7992    26.4901 0.0000e+00
 149.556405     64.000  34.119124     6.8713    2.63438     63.456    33.8128    26.5019 0.0000e+00
 149.556420     65.000  34.122073     6.8491    2.58527     64.447    33.8374    26.5242 0.0000e+00
 149.556435     66.000  34.113868     6.8209    2.53138     65.439    33.8557    26.5425 0.0000e+00
 149.556451     67.000  34.100334     6.8000    2.48378     66.430    33.8609    26.5494 0.0000e+00
 149.556467     68.000  34.089549     6.7761    2.46033     67.422    33.8721    26.5614 0.0000e+00
 149.556482     69.000  34.083057     6.7590    2.44510     68.412    33.8814    26.5711 0.0000e+00
 149.556500     70.000  34.078759     6.7550    2.42943     69.404    33.8800    26.5705 0.0000e+00
 149.556519     71.000  34.072600     6.7429    2.42130     70.395    33.8848    26.5759 0.0000e+00
 149.556539     72.000  34.062236     6.7215    2.37503     71.387    33.8939    26.5860 0.0000e+00
 149.556557     73.000  34.052496     6.7027    2.33520     72.378    33.9014    26.5944 0.0000e+00
 149.556574     74.000  34.043972     6.6882    2.30825     73.369    33.9057    26.5998 0.0000e+00
 149.556590     75.000  34.037935     6.6799    2.30725     74.361    33.9067    26.6017 0.0000e+00
 149.556607     76.000  34.034929     6.6777    2.30485     75.352    33.9051    26.6007 0.0000e+00
 149.556624     77.000  34.033561     6.6742    2.29422     76.343    33.9066    26.6023 0.0000e+00
 149.556642     78.000  34.032081     6.6704    2.27992     77.334    33.9082    26.6041 0.0000e+00
 149.556658     79.000  34.029072     6.6652    2.26864     78.326    33.9095    26.6059 0.0000e+00
 149.556675     80.000  34.026333     6.6605    2.26600     79.317    33.9107    26.6074 0.0000e+00
 149.556693     81.000  34.025871     6.6575    2.26428     80.308    33.9126    26.6093 0.0000e+00
 149.556713     82.000  34.026100     6.6568    2.24126     81.300    33.9131    26.6098 0.0000e+00
 149.556734     83.000  34.025278     6.6539    2.24667     82.291    33.9146    26.6114 0.0000e+00
 149.556756     84.000  34.025578     6.6530    2.23282     83.282    33.9154    26.6121 0.0000e+00
 149.556777     85.000  34.024861     6.6521    2.22475     84.273    33.9150    26.6120 0.0000e+00
 149.556796     86.000  34.024396     6.6503    2.22427     85.264    33.9157    26.6128 0.0000e+00
 149.556814     87.000  34.024373     6.6485    2.22431     86.256    33.9169    26.6140 0.0000e+00
 149.556831     88.000  34.024364     6.6477    2.21231     87.247    33.9172    26.6143 0.0000e+00
 149.556850     89.000  34.024332     6.6474    2.21830     88.238    33.9170    26.6142 0.0000e+00
 149.556867     90.000  34.023853     6.6478    2.21787     89.229    33.9156    26.6131 0.0000e+00
 149.556883     91.000  34.023539     6.6472    2.21473     90.221    33.9153    26.6129 0.0000e+00
 149.556898     92.000  34.025934     6.6475    2.21458     91.212    33.9172    26.6145 0.0000e+00
 149.556915     93.000  34.026475     6.6488    2.21504     92.203    33.9160    26.6133 0.0000e+00
 149.556933     94.000  34.030964     6.6530    2.22043     93.194    33.9163    26.6130 0.0000e+00
 149.556952     95.000  34.034350     6.6548    2.20675     94.186    33.9178    26.6139 0.0000e+00
 149.556969     96.000  34.035651     6.6569    2.21606     95.177    33.9167    26.6128 0.0000e+00
 149.556984     97.000  34.038249     6.6585    2.22747     96.168    33.9175    26.6133 0.0000e+00
 149.557004     98.000  34.039121     6.6582    2.20983     97.159    33.9182    26.6138 0.0000e+00
 149.557030     99.000  34.040826     6.6600    2.20606     98.150    33.9178    26.6133 0.0000e+00
