data/oxygen options/ONMS/Olympic_Coast_National_Marine_Sanctuary_Hypoxia_Survey_CTD_Data_2004_2015/raw_data/2007/CTD_CE100_101207faed.cnv
* Sea-Bird SBE19 Data File:
* FileName = C:\2007_mooring_data\retrieval_101207\CTD_CE100_101207.hex
* Software Version 1.20
* Temperature SN = 2997
* Conductivity SN = 2997
* System UpLoad Time = Oct 12 2007 13:34:09
* SEACAT PROFILER V3.1c SN 2997   10/12/07  13:33:30.834
* strain gauge pressure sensor: S/N = 184829,  range = 3000 psia,  tc = 40
# nquan = 9                                 
# nvalues = 779                         
# units = specified
# name 0 = timeJ: Julian Days
# name 1 = prSM: Pressure, Strain Gauge [db]
# name 2 = c0mS/cm: Conductivity [mS/cm]
# name 3 = t090C: Temperature [ITS-90, deg C]
# name 4 = oxML/L: Oxygen, Beckman/YSI [ml/l]
# name 5 = depSM: Depth [salt water, m], lat = 47.5
# name 6 = sal00: Salinity, Practical [PSU]
# name 7 = sigma-é00: Density [sigma-theta, kg/m^3]
# name 8 = flag: flag
# span 0 = 285.553600, 285.558102       
# span 1 =      0.532,     96.569       
# span 2 =   1.097532,  37.506502       
# span 3 =     7.6743,    13.2772       
# span 4 =   -0.07124,   31.31404       
# span 5 =      0.528,     95.741       
# span 6 =     0.7142,    33.8107       
# span 7 =    -0.0982,    26.3885       
# span 8 = 0.0000e+00, 0.0000e+00       
# interval = seconds: 0.5
# start_time = Oct 12 2007 13:17:11 [Instrument's time stamp, header]
# bad_flag = -9.990e-29
*END*
 285.553600      0.638 -9.990e-29    13.1722   -0.07101      0.633 -9.990e-29 -9.990e-29 -9.990e-29
 285.553605      0.609   1.302035    13.1772   -0.07104      0.604     0.8558     0.0222 -9.990e-29
 285.553611      0.584   1.267258    13.1860   -0.07113      0.579     0.8317     0.0023 -9.990e-29
 285.553617      0.565   1.230041    13.1987   -0.07118      0.560     0.8059    -0.0194 -9.990e-29
 285.553623      0.551   1.197337    13.2131   -0.07118      0.546     0.7832    -0.0389 -9.990e-29
 285.553628      0.541   1.165327    13.2266   -0.07120      0.536     0.7610    -0.0579 -9.990e-29
 285.553634      0.535   1.133557    13.2381   -0.07123      0.531     0.7391    -0.0764 -9.990e-29
 285.553640      0.532   1.105515    13.2482   -0.07124      0.528     0.7198    -0.0927 -9.990e-29
 285.553646      0.532   1.097532    13.2571   -0.07109      0.528     0.7142    -0.0982 -9.990e-29
 285.553652      0.536   1.139227    13.2637   -0.05891      0.532     0.7425    -0.0772 -9.990e-29
 285.553657      0.542   1.292847    13.2677   -0.05922      0.537     0.8475     0.0038 -9.990e-29
 285.553663      0.552   1.503610    13.2700   -0.05936      0.547     0.9928     0.1163 -9.990e-29
 285.553669      0.566   1.565498    13.2716   -0.05943      0.561     1.0357     0.1494 -9.990e-29
 285.553675      0.585   1.472295    13.2742   -0.05941      0.580     0.9710     0.0988 -9.990e-29
 285.553681      0.611   1.388203    13.2772   -0.05936      0.606     0.9129     0.0533 -9.990e-29
 285.553686      0.640   1.396918    13.2767   -0.05943      0.635     0.9189     0.0581 -9.990e-29
 285.553692      0.671   1.612116    13.2666   -0.05939      0.665     1.0682     0.1753 -9.990e-29
 285.553698      0.709   2.455502    13.2308   -0.05942      0.703     1.6655     0.6430 -9.990e-29
 285.553704      0.762   5.184693    13.1457   -0.05943      0.756     3.6904     2.2204 -9.990e-29
 285.553709      0.836  13.338211    13.0259   -0.05942      0.829    10.2197     7.2704 -9.990e-29
 285.553715      0.937  25.446566    12.9274   -0.05940      0.929    20.7083    15.3638 -9.990e-29
 285.553721      1.053  33.465292    12.8800   -0.05942      1.044    28.0405    21.0309 -9.990e-29
 285.553727      1.172  36.112295    12.8686   -0.05944      1.162    30.5196    22.9498 -9.990e-29
 285.553733      1.283  36.970141    12.8656   -0.05946      1.272    31.3288    23.5765 -9.990e-29
 285.553738      1.380  37.254369    12.8554   -0.05945      1.368    31.6053    23.7924 -9.990e-29
 285.553744      1.466  37.358518    12.8379   -0.05944      1.454    31.7182    23.8832 -9.990e-29
 285.553750      1.542  37.405754    12.8235   -0.05943      1.529    31.7749    23.9299 -9.990e-29
 285.553756      1.603  37.464098    12.8211   -0.05946      1.590    31.8320    23.9746 -9.990e-29
 285.553762      1.650  37.506502    12.8256   -0.05949      1.636    31.8683    24.0018 -9.990e-29
 285.553767      1.685  37.503167    12.8268   -0.05947      1.671    31.8641    23.9983 -9.990e-29
 285.553773      1.711  37.490566    12.8191   -0.05943      1.697    31.8587    23.9956 -9.990e-29
 285.553779      1.730  37.485530    12.8058   -0.05939      1.716    31.8651    24.0032 -9.990e-29
 285.553785      1.742  37.487508    12.7983   -0.05940      1.727    31.8733    24.0110 -9.990e-29
 285.553791      1.748  37.495768    12.8016   -0.05942      1.733    31.8784    24.0142 -9.990e-29
 285.553796      1.753  37.497210    12.8075   -0.05946      1.738    31.8748    24.0103 -9.990e-29
 285.553802      1.762  37.487025    12.8044   -0.05946      1.747    31.8677    24.0054 -9.990e-29
 285.553808      1.770  37.478538    12.7923   -0.05947      1.755    31.8699    24.0095 -9.990e-29
 285.553814      1.775  37.482295    12.7858   -0.05944      1.760    31.8789    24.0177 -9.990e-29
 285.553819      1.776  37.493209    12.7969   -0.05941      1.761    31.8799    24.0163 -9.990e-29
 285.553825      1.773  37.496112    12.8186   -0.05943      1.758    31.8643    24.0001 -9.990e-29
 285.553831      1.767  37.485897    12.8337   -0.05942      1.752    31.8420    23.9798 -9.990e-29
 285.553837      1.757  37.473610    12.8329   -0.05943      1.742    31.8310    23.9715 -9.990e-29
 285.553843      1.742  37.470338    12.8189   -0.05945      1.727    31.8397    23.9810 -9.990e-29
 285.553848      1.725  37.475643    12.8019   -0.05945      1.711    31.8591    23.9992 -9.990e-29
 285.553854      1.714  37.484821    12.7933   -0.05944      1.700    31.8750    24.0132 -9.990e-29
 285.553860      1.713  37.492724    12.7980   -0.05944      1.699    31.8785    24.0150 -9.990e-29
 285.553866      1.717  37.491941    12.8120   -0.05945      1.703    31.8660    24.0026 -9.990e-29
 285.553872      1.723  37.481422    12.8224   -0.05943      1.709    31.8473    23.9861 -9.990e-29
 285.553877      1.734  37.470123    12.8229   -0.05942      1.720    31.8362    23.9774 -9.990e-29
 285.553883      1.752  37.468203    12.8197   -0.05942      1.737    31.8370    23.9787 -9.990e-29
 285.553889      1.769  37.476466    12.8165   -0.05943      1.754    31.8475    23.9875 -9.990e-29
 285.553895      1.782  37.484061    12.8136   -0.05944      1.767    31.8572    23.9955 -9.990e-29
 285.553900      1.792  37.480927    12.8117   -0.05944      1.777    31.8558    23.9948 -9.990e-29
 285.553906      1.800  37.471851    12.8107   -0.05944      1.785    31.8481    23.9890 -9.990e-29
 285.553912      1.805  37.469952    12.8113   -0.05945      1.790    31.8457    23.9871 -9.990e-29
 285.553918      1.805  37.476057    12.8152   -0.05946      1.790    31.8482    23.9883 -9.990e-29
 285.553924      1.794  37.478122    12.8219   -0.05949      1.779    31.8445    23.9841 -9.990e-29
 285.553929      1.776  37.472168    12.8258   -0.05949      1.761    31.8356    23.9765 -9.990e-29
 285.553935      1.759  37.465949    12.8236   -0.05948      1.744    31.8316    23.9738 -9.990e-29
 285.553941      1.751  37.465185    12.8175   -0.05947      1.736    31.8360    23.9784 -9.990e-29
 285.553947      1.754  37.470538    12.8110   -0.05949      1.739    31.8466    23.9878 -9.990e-29
 285.553953      1.765  37.479050    12.8074   -0.05952      1.750    31.8577    23.9971 -9.990e-29
 285.553958      1.776  37.485245    12.8064   -0.05952      1.761    31.8644    24.0024 -9.990e-29
 285.553964      1.784  37.483924    12.8033   -0.05951      1.769    31.8657    24.0041 -9.990e-29
 285.553970      1.789  37.473319    12.7949   -0.05951      1.774    31.8628    24.0034 -9.990e-29
 285.553976      1.795  37.461712    12.7845   -0.05950      1.780    31.8606    24.0037 -9.990e-29
 285.553981      1.803  37.460528    12.7796   -0.05948      1.788    31.8636    24.0070 -9.990e-29
 285.553987      1.805  37.468745    12.7821   -0.05949      1.790    31.8692    24.0109 -9.990e-29
 285.553993      1.801  37.473204    12.7835   -0.05950      1.786    31.8723    24.0130 -9.990e-29
 285.553999      1.794  37.465272    12.7760   -0.05950      1.779    31.8711    24.0135 -9.990e-29
 285.554005      1.790  37.450065    12.7640   -0.05950      1.775    31.8668    24.0125 -9.990e-29
 285.554010      1.792  37.439818    12.7563   -0.05949      1.777    31.8636    24.0115 -9.990e-29
 285.554016      1.795  37.443288    12.7549   -0.05950      1.780    31.8681    24.0153 -9.990e-29
 285.554022      1.796  37.457247    12.7590   -0.05951      1.781    31.8779    24.0220 -9.990e-29
 285.554028      1.794  37.469468    12.7675   -0.05950      1.779    31.8823    24.0238 -9.990e-29
 285.554034      1.791  37.471573    12.7753   -0.05952      1.776    31.8777    24.0187 -9.990e-29
 285.554039      1.784  37.463563    12.7755   -0.05953      1.769    31.8699    24.0127 -9.990e-29
 285.554045      1.779  37.451575    12.7696   -0.05952      1.764    31.8635    24.0089 -9.990e-29
 285.554051      1.779  37.448214    12.7659   -0.05951      1.764    31.8635    24.0096 -9.990e-29
 285.554057      1.780  37.457401    12.7683   -0.05950      1.765    31.8702    24.0143 -9.990e-29
 285.554062      1.778  37.465032    12.7727   -0.05949      1.763    31.8737    24.0162 -9.990e-29
 285.554068      1.772  37.459413    12.7735   -0.05951      1.757    31.8677    24.0114 -9.990e-29
 285.554074      1.762  37.444819    12.7703   -0.05949      1.747    31.8566    24.0034 -9.990e-29
 285.554080      1.752  37.433745    12.7639   -0.05949      1.737    31.8515    24.0007 -9.990e-29
 285.554086      1.750  37.434404    12.7558   -0.05948      1.735    31.8590    24.0080 -9.990e-29
 285.554091      1.756  37.444869    12.7509   -0.05946      1.741    31.8730    24.0198 -9.990e-29
 285.554097      1.761  37.456104    12.7525   -0.05945      1.746    31.8823    24.0267 -9.990e-29
 285.554103      1.761  37.461778    12.7587   -0.05944      1.746    31.8824    24.0256 -9.990e-29
 285.554109      1.758  37.462725    12.7658   -0.05945      1.743    31.8773    24.0203 -9.990e-29
 285.554115      1.753  37.460765    12.7701   -0.05944      1.738    31.8718    24.0152 -9.990e-29
 285.554120      1.752  37.456085    12.7715   -0.05943      1.737    31.8662    24.0106 -9.990e-29
 285.554126      1.751  37.450290    12.7733   -0.05945      1.736    31.8592    24.0048 -9.990e-29
 285.554132      1.748  37.449101    12.7779   -0.05944      1.733    31.8542    24.0001 -9.990e-29
 285.554138      1.749  37.455415    12.7863   -0.05944      1.734    31.8531    23.9976 -9.990e-29
 285.554144      1.748  37.461390    12.7967   -0.05945      1.733    31.8500    23.9932 -9.990e-29
 285.554149      1.747  37.459293    12.8053   -0.05945      1.732    31.8407    23.9844 -9.990e-29
 285.554155      1.749  37.453052    12.8104   -0.05946      1.734    31.8305    23.9755 -9.990e-29
 285.554161      1.754  37.450601    12.8129   -0.05946      1.739    31.8261    23.9716 -9.990e-29
 285.554167      1.766  37.452033    12.8140   -0.05945      1.751    31.8265    23.9717 -9.990e-29
 285.554172      1.788  37.454209    12.8125   -0.05945      1.773    31.8299    23.9746 -9.990e-29
 285.554178      1.811  37.458903    12.8094   -0.05945      1.796    31.8369    23.9806 -9.990e-29
 285.554184      1.828  37.466203    12.8078   -0.05945      1.813    31.8451    23.9873 -9.990e-29
 285.554190      1.837  37.471824    12.8059   16.61892      1.822    31.8521    23.9930 -9.990e-29
 285.554196      1.841  37.474844    12.8031   29.32252      1.826    31.8573    23.9976 -9.990e-29
 285.554201      1.846  37.477045    12.8015   31.31404      1.831    31.8607    24.0006 -9.990e-29
 285.554207      1.852  37.477992    12.8014   27.79553      1.837    31.8617    24.0013 -9.990e-29
 285.554213      1.855  37.475581    12.8019   18.43516      1.840    31.8590    23.9991 -9.990e-29
 285.554219      1.851  37.469956    12.8023   14.25989      1.836    31.8533    23.9947 -9.990e-29
 285.554225      1.844  37.466504    12.8027    8.35919      1.829    31.8497    23.9918 -9.990e-29
 285.554230      1.837  37.469028    12.8042    3.64007      1.822    31.8508    23.9924 -9.990e-29
 285.554236      1.831  37.473043    12.8064    1.61599      1.816    31.8528    23.9935 -9.990e-29
 285.554242      1.825  37.471562    12.8093    1.82175      1.810    31.8489    23.9900 -9.990e-29
 285.554248      1.819  37.463730    12.8126    4.44937      1.804    31.8388    23.9814 -9.990e-29
 285.554253      1.811  37.455918    12.8154    5.72334      1.796    31.8290    23.9734 -9.990e-29
 285.554259      1.807  37.451722    12.8173    6.14587      1.792    31.8235    23.9687 -9.990e-29
 285.554265      1.809  37.450026    12.8189    6.41622      1.794    31.8205    23.9661 -9.990e-29
 285.554271      1.814  37.450808    12.8200    6.59177      1.799    31.8203    23.9657 -9.990e-29
 285.554277      1.818  37.451745    12.8196    6.70753      1.803    31.8215    23.9667 -9.990e-29
 285.554282      1.821  37.449034    12.8162    6.76900      1.806    31.8218    23.9676 -9.990e-29
 285.554288      1.828  37.441860    12.8113    6.80848      1.813    31.8192    23.9665 -9.990e-29
 285.554294      1.843  37.434669    12.8090    6.84575      1.828    31.8143    23.9632 -9.990e-29
 285.554300      1.858  37.432445    12.8096    6.86663      1.842    31.8117    23.9611 -9.990e-29
 285.554306      1.867  37.433337    12.8091    6.88102      1.851    31.8130    23.9621 -9.990e-29
 285.554311      1.874  37.434043    12.8062    6.88890      1.858    31.8161    23.9651 -9.990e-29
 285.554317      1.883  37.434380    12.8024    6.88396      1.867    31.8196    23.9686 -9.990e-29
 285.554323      1.891  37.434234    12.7999    6.88198      1.875    31.8215    23.9706 -9.990e-29
 285.554329      1.891  37.433968    12.8009    6.87008      1.875    31.8204    23.9695 -9.990e-29
 285.554334      1.881  37.435462    12.8046    6.86692      1.865    31.8187    23.9675 -9.990e-29
 285.554340      1.869  37.438460    12.8068    6.87569      1.853    31.8197    23.9678 -9.990e-29
 285.554346      1.861  37.439670    12.8050    6.88094      1.845    31.8224    23.9702 -9.990e-29
 285.554352      1.854  37.437337    12.8006    6.88010      1.839    31.8239    23.9722 -9.990e-29
 285.554358      1.848  37.433953    12.7976    6.87672      1.833    31.8232    23.9723 -9.990e-29
 285.554363      1.844  37.432290    12.7982    6.86782      1.829    31.8212    23.9706 -9.990e-29
 285.554369      1.840  37.432367    12.8003    6.86710      1.825    31.8195    23.9689 -9.990e-29
 285.554375      1.836  37.433721    12.8017    6.85566      1.821    31.8196    23.9687 -9.990e-29
 285.554381      1.833  37.436473    12.8026    6.85397      1.818    31.8214    23.9699 -9.990e-29
 285.554387      1.830  37.439803    12.8039    6.85311      1.815    31.8235    23.9713 -9.990e-29
 285.554392      1.827  37.440860    12.8047    6.85879      1.812    31.8238    23.9714 -9.990e-29
 285.554398      1.828  37.439369    12.8035    6.86896      1.813    31.8234    23.9713 -9.990e-29
 285.554404      1.838  37.436140    12.8006    6.86224      1.823    31.8228    23.9714 -9.990e-29
 285.554410      1.852  37.431911    12.7987    6.85682      1.837    31.8204    23.9699 -9.990e-29
 285.554416      1.867  37.430569    12.8000    6.84248      1.851    31.8180    23.9678 -9.990e-29
 285.554421      1.880  37.433122    12.8031    6.83549      1.864    31.8178    23.9670 -9.990e-29
 285.554427      1.883  37.436803    12.8053    6.83422      1.867    31.8194    23.9679 -9.990e-29
 285.554433      1.877  37.439788    12.8061    6.82539      1.861    31.8216    23.9694 -9.990e-29
 285.554439      1.869  37.441008    12.8067    6.82934      1.853    31.8222    23.9698 -9.990e-29
 285.554444      1.863  37.440406    12.8070    6.82809      1.847    31.8214    23.9691 -9.990e-29
 285.554450      1.860  37.439415    12.8067    6.83134      1.844    31.8207    23.9686 -9.990e-29
 285.554456      1.858  37.438394    12.8052    6.84416      1.842    31.8210    23.9691 -9.990e-29
 285.554462      1.858  37.435978    12.8030    6.85386      1.842    31.8206    23.9692 -9.990e-29
 285.554468      1.859  37.431744    12.8019    6.85781      1.843    31.8175    23.9671 -9.990e-29
 285.554473      1.862  37.428451    12.8027    6.84343      1.846    31.8137    23.9640 -9.990e-29
 285.554479      1.863  37.429554    12.8056    6.82964      1.847    31.8123    23.9623 -9.990e-29
 285.554485      1.857  37.434275    12.8097    6.81689      1.841    31.8133    23.9623 -9.990e-29
 285.554491      1.849  37.439376    12.8129    6.80547      1.834    31.8155    23.9633 -9.990e-29
 285.554497      1.841  37.444926    12.8158    6.80472      1.826    31.8183    23.9650 -9.990e-29
 285.554502      1.835  37.451595    12.8185    6.81212      1.820    31.8223    23.9676 -9.990e-29
 285.554508      1.828  37.457062    12.8196    6.81918      1.813    31.8266    23.9706 -9.990e-29
 285.554514      1.821  37.459081    12.8196    6.82611      1.806    31.8285    23.9721 -9.990e-29
 285.554520      1.813  37.458099    12.8200    6.81365      1.798    31.8272    23.9711 -9.990e-29
