data/oxygen options/ONMS/Olympic_Coast_National_Marine_Sanctuary_Hypoxia_Survey_CTD_Data_2004_2015/raw_data/2007/CTD_CE100_071107faedb.cnv
* Sea-Bird SBE19 Data File:
* FileName = C:\2007_mooring_data\CTD_CE100_071107.hex
* Software Version 1.1.6
* Temperature SN = 2997
* Conductivity SN = 2997
* System UpLoad Time = Jul 11 2007 11:20:14
* SEACAT PROFILER V3.1c SN 2997   07/11/07  11:19:25.740
* strain gauge pressure sensor: S/N = 184829,  range = 3000 psia,  tc = 40
# nquan = 9
# nvalues = 101                         
# units = specified
# name 0 = timeJ: Julian Days
# name 1 = prSM: Pressure, Strain Gauge [db]
# name 2 = c0mS/cm: Conductivity [mS/cm]
# name 3 = t090C: Temperature [ITS-90, deg C]
# name 4 = oxML/L: Oxygen, Beckman/YSI [ml/l]
# name 5 = depSM: Depth [salt water, m], lat = 47.5
# name 6 = sal00: Salinity, Practical [PSU]
# name 7 = sigma-é00: Density [sigma-theta, kg/m^3]
# name 8 = flag: flag
# span 0 = 192.467889, 192.468915       
# span 1 =      2.000,    102.000       
# span 2 =  33.653669,  38.194351       
# span 3 =     6.7054,    13.7719       
# span 4 =    1.50312,    6.87367       
# span 5 =      1.983,    101.124       
# span 6 =    31.7208,    33.9839       
# span 7 =    23.7007,    26.6589       
# span 8 = 0.0000e+00, 0.0000e+00       
# interval = decibars: 1                
# start_time = Jul 11 2007 11:10:20 [Instrument's time stamp, header]
# bad_flag = -9.990e-29
*END*
 192.467889      2.000  38.194351    13.7719    6.83905      1.983    31.7208    23.7007 0.0000e+00
 192.467906      3.000  37.979962    13.4821    6.87367      2.975    31.7619    23.7906 0.0000e+00
 192.467918      4.000  37.814813    13.2837    6.76180      3.967    31.7728    23.8385 0.0000e+00
 192.467928      5.000  37.660970    13.1061    6.51301      4.958    31.7768    23.8765 0.0000e+00
 192.467937      6.000  37.531253    12.9854    6.27662      5.950    31.7556    23.8837 0.0000e+00
 192.467947      7.000  37.455262    12.8584    6.14077      6.941    31.7902    23.9351 0.0000e+00
 192.467955      8.000  37.314090    12.6103    6.05798      7.933    31.8653    24.0410 0.0000e+00
 192.467965      9.000  37.113527    12.3222    5.95723      8.925    31.9183    24.1366 0.0000e+00
 192.467973     10.000  36.924683    12.0859    5.89288      9.916    31.9384    24.1964 0.0000e+00
 192.467981     11.000  36.786968    11.9190    5.71425     10.908    31.9481    24.2350 0.0000e+00
 192.467989     12.000  36.693976    11.7649    5.28356     11.900    31.9901    24.2959 0.0000e+00
 192.467998     13.000  36.561646    11.5494    4.85741     12.891    32.0471    24.3793 0.0000e+00
 192.468004     14.000  36.375584    11.2850    4.48360     13.882    32.0941    24.4636 0.0000e+00
 192.468013     15.000  36.146525    10.9695    4.25917     14.874    32.1437    24.5577 0.0000e+00
 192.468022     16.000  35.870159    10.5193    4.06929     15.866    32.2649    24.7301 0.0000e+00
 192.468030     17.000  35.470976    10.0244    4.00590     16.857    32.3033    24.8431 0.0000e+00
 192.468039     18.000  35.140399     9.6896    3.98587     17.849    32.2670    24.8697 0.0000e+00
 192.468048     19.000  34.948063     9.4582    4.01276     18.840    32.2779    24.9154 0.0000e+00
 192.468057     20.000  34.802234     9.2286    3.97821     19.832    32.3349    24.9964 0.0000e+00
 192.468065     21.000  34.683116     8.9957    3.90902     20.824    32.4228    25.1016 0.0000e+00
 192.468074     22.000  34.550202     8.7887    3.86208     21.815    32.4733    25.1730 0.0000e+00
 192.468082     23.000  34.441062     8.6476    3.85875     22.807    32.4882    25.2061 0.0000e+00
 192.468092     24.000  34.382333     8.5792    3.83237     23.799    32.4890    25.2172 0.0000e+00
 192.468101     25.000  34.348367     8.5346    3.77114     24.790    32.4940    25.2278 0.0000e+00
 192.468111     26.000  34.327022     8.5008    3.74560     25.781    32.5023    25.2394 0.0000e+00
 192.468120     27.000  34.304506     8.4506    3.77310     26.772    32.5244    25.2643 0.0000e+00
 192.468129     28.000  34.260393     8.3391    3.81544     27.764    32.5806    25.3249 0.0000e+00
 192.468138     29.000  34.178128     8.1952    3.89499     28.755    32.6266    25.3822 0.0000e+00
 192.468145     30.000  34.090539     8.0798    3.99456     29.748    32.6405    25.4101 0.0000e+00
 192.468154     31.000  34.035585     7.9955    4.08293     30.739    32.6603    25.4378 0.0000e+00
 192.468164     32.000  33.996284     7.9274    4.11838     31.731    32.6815    25.4643 0.0000e+00
 192.468172     33.000  33.958483     7.8833    4.13459     32.722    32.6820    25.4710 0.0000e+00
 192.468182     34.000  33.934237     7.8550    4.20377     33.714    32.6821    25.4751 0.0000e+00
 192.468192     35.000  33.919769     7.8254    4.34811     34.705    32.6939    25.4887 0.0000e+00
 192.468202     36.000  33.891752     7.7638    4.44466     35.697    32.7212    25.5189 0.0000e+00
 192.468212     37.000  33.854646     7.7071    4.50142     36.688    32.7342    25.5372 0.0000e+00
 192.468221     38.000  33.846281     7.6848    4.52791     37.679    32.7457    25.5495 0.0000e+00
 192.468231     39.000  33.842694     7.6622    4.48902     38.671    32.7627    25.5660 0.0000e+00
 192.468241     40.000  33.828047     7.6261    4.40896     39.663    32.7804    25.5851 0.0000e+00
 192.468251     41.000  33.813272     7.5978    4.35931     40.654    32.7909    25.5972 0.0000e+00
 192.468260     42.000  33.813135     7.5704    4.36620     41.645    32.8160    25.6209 0.0000e+00
 192.468270     43.000  33.806674     7.5197    4.41073     42.637    32.8567    25.6599 0.0000e+00
 192.468279     44.000  33.770377     7.4552    4.45636     43.628    32.8780    25.6857 0.0000e+00
 192.468289     45.000  33.737289     7.4034    4.43741     44.619    32.8910    25.7032 0.0000e+00
 192.468299     46.000  33.710705     7.3608    4.43950     45.611    32.9021    25.7178 0.0000e+00
 192.468308     47.000  33.693819     7.3401    4.42699     46.603    32.9031    25.7215 0.0000e+00
 192.468318     48.000  33.691293     7.3188    4.34954     47.593    32.9200    25.7378 0.0000e+00
 192.468328     49.000  33.691599     7.2921    4.20392     48.585    32.9454    25.7613 0.0000e+00
 192.468337     50.000  33.706722     7.2898    3.94652     49.576    32.9635    25.7760 0.0000e+00
 192.468348     51.000  33.753122     7.2899    3.76412     50.568    33.0132    25.8151 0.0000e+00
 192.468357     52.000  33.792678     7.2920    3.74340     51.560    33.0537    25.8467 0.0000e+00
 192.468368     53.000  33.829506     7.2727    3.78767     52.551    33.1117    25.8949 0.0000e+00
 192.468379     54.000  33.803727     7.1969    3.88118     53.542    33.1558    25.9401 0.0000e+00
 192.468389     55.000  33.757281     7.1270    4.05770     54.534    33.1720    25.9624 0.0000e+00
 192.468401     56.000  33.721540     7.0471    4.17904     55.525    33.2094    26.0027 0.0000e+00
 192.468411     57.000  33.670481     6.9702    4.18044     56.517    33.2272    26.0271 0.0000e+00
 192.468422     58.000  33.653669     6.9380    4.13593     57.508    33.2394    26.0411 0.0000e+00
 192.468433     59.000  33.657123     6.9264    4.09080     58.499    33.2539    26.0541 0.0000e+00
 192.468443     60.000  33.662974     6.9144    4.04531     59.491    33.2715    26.0696 0.0000e+00
 192.468454     61.000  33.666534     6.8991    4.00735     60.482    33.2897    26.0860 0.0000e+00
 192.468464     62.000  33.670810     6.8810    3.94295     61.473    33.3115    26.1055 0.0000e+00
 192.468474     63.000  33.679058     6.8535    3.83462     62.465    33.3467    26.1370 0.0000e+00
 192.468484     64.000  33.694497     6.8197    3.69958     63.456    33.3961    26.1804 0.0000e+00
 192.468495     65.000  33.716089     6.7946    3.54576     64.448    33.4439    26.2214 0.0000e+00
 192.468506     66.000  33.741243     6.7874    3.49200     65.438    33.4781    26.2493 0.0000e+00
 192.468519     67.000  33.773349     6.8008    3.38178     66.430    33.4998    26.2647 0.0000e+00
 192.468531     68.000  33.790649     6.8132    3.21554     67.421    33.5063    26.2681 0.0000e+00
 192.468542     69.000  33.852096     6.8300    3.10609     68.413    33.5570    26.3059 0.0000e+00
 192.468553     70.000  33.911131     6.8519    3.00821     69.404    33.6001    26.3369 0.0000e+00
 192.468563     71.000  33.954697     6.8860    2.90730     70.396    33.6141    26.3433 0.0000e+00
 192.468573     72.000  34.029178     6.9390    2.84479     71.386    33.6436    26.3594 0.0000e+00
 192.468582     73.000  34.114231     6.9859    2.79605     72.378    33.6905    26.3901 0.0000e+00
 192.468593     74.000  34.175557     7.0284    2.72451     73.369    33.7156    26.4041 0.0000e+00
 192.468603     75.000  34.224388     7.0785    2.65120     74.360    33.7196    26.4003 0.0000e+00
 192.468612     76.000  34.294913     7.1377    2.60985     75.352    33.7384    26.4070 0.0000e+00
 192.468622     77.000  34.363661     7.1779    2.59123     76.344    33.7736    26.4293 0.0000e+00
 192.468632     78.000  34.395461     7.1920    2.56082     77.335    33.7941    26.4434 0.0000e+00
 192.468643     79.000  34.403247     7.1924    2.51720     78.326    33.8017    26.4494 0.0000e+00
 192.468653     80.000  34.401691     7.1812    2.44718     79.317    33.8104    26.4578 0.0000e+00
 192.468663     81.000  34.394003     7.1608    2.32184     80.308    33.8215    26.4694 0.0000e+00
 192.468673     82.000  34.382809     7.1329    2.17676     81.300    33.8363    26.4848 0.0000e+00
 192.468682     83.000  34.362262     7.0857    1.98333     82.291    33.8595    26.5097 0.0000e+00
 192.468692     84.000  34.327845     7.0170    1.78918     83.282    33.8889    26.5423 0.0000e+00
 192.468701     85.000  34.273399     6.9115    1.66547     84.273    33.9326    26.5910 0.0000e+00
 192.468710     86.000  34.209127     6.8140    1.59629     85.264    33.9577    26.6240 0.0000e+00
 192.468720     87.000  34.173762     6.7683    1.56528     86.256    33.9634    26.6347 0.0000e+00
 192.468730     88.000  34.160765     6.7431    1.55526     87.247    33.9735    26.6460 0.0000e+00
 192.468738     89.000  34.150253     6.7230    1.55059     88.239    33.9813    26.6549 0.0000e+00
 192.468748     90.000  34.143355     6.7123    1.53785     89.229    33.9839    26.6583 0.0000e+00
 192.468759     91.000  34.139396     6.7086    1.54522     90.221    33.9826    26.6578 0.0000e+00
 192.468769     92.000  34.138743     6.7082    1.54873     91.212    33.9818    26.6573 0.0000e+00
 192.468781     93.000  34.138851     6.7068    1.54648     92.203    33.9828    26.6583 0.0000e+00
 192.468791     94.000  34.138955     6.7059    1.54318     93.194    33.9834    26.6589 0.0000e+00
 192.468802     95.000  34.138893     6.7054    1.53471     94.185    33.9833    26.6588 0.0000e+00
 192.468812     96.000  34.139285     6.7055    1.53206     95.177    33.9831    26.6587 0.0000e+00
 192.468822     97.000  34.139487     6.7055    1.53337     96.168    33.9828    26.6585 0.0000e+00
 192.468833     98.000  34.139572     6.7057    1.54233     97.159    33.9822    26.6580 0.0000e+00
 192.468845     99.000  34.139993     6.7064    1.53142     98.150    33.9816    26.6574 0.0000e+00
 192.468859    100.000  34.139454     6.7065    1.52047     99.142    33.9803    26.6565 0.0000e+00
 192.468874    101.000  34.129469     6.7062    1.50312    100.133    33.9691    26.6476 0.0000e+00
 192.468915    102.000  34.062157     6.7089    1.51924    101.124    33.8916    26.5862 0.0000e+00
