data/oxygen options/ONMS/Olympic_Coast_National_Marine_Sanctuary_Hypoxia_Survey_CTD_Data_2004_2015/raw_data/2007/CTD_CE100_060607faed.cnv
* Sea-Bird SBE19 Data File:
* FileName = C:\2007_mooring_data\CTD_CE100_060607.hex
* Software Version 1.1.6
* Temperature SN = 2997
* Conductivity SN = 2997
* System UpLoad Time = Jun 06 2007 10:16:15
* SEACAT PROFILER V3.1c SN 2997   06/06/07  10:15:33.950
* strain gauge pressure sensor: S/N = 184829,  range = 3000 psia,  tc = 40
# nquan = 9                                 
# nvalues = 809                         
# units = specified
# name 0 = timeJ: Julian Days
# name 1 = prSM: Pressure, Strain Gauge [db]
# name 2 = c0mS/cm: Conductivity [mS/cm]
# name 3 = t090C: Temperature [ITS-90, deg C]
# name 4 = oxML/L: Oxygen, Beckman/YSI [ml/l]
# name 5 = depSM: Depth [salt water, m], lat = 47.5
# name 6 = sal00: Salinity, Practical [PSU]
# name 7 = sigma-é00: Density [sigma-theta, kg/m^3]
# name 8 = flag: flag
# span 0 = 157.422049, 157.426725       
# span 1 =     -5.257,    100.262       
# span 2 =   0.108402,  36.552170       
# span 3 =     6.9652,    12.5425       
# span 4 =   -0.07299,   33.46340       
# span 5 =     -5.213,     99.401       
# span 6 =     0.0686,    33.9220       
# span 7 =    -0.5088,    26.5699       
# span 8 = 0.0000e+00, 0.0000e+00       
# interval = seconds: 0.5
# start_time = Jun 06 2007 10:07:45 [Instrument's time stamp, header]
# bad_flag = -9.990e-29
*END*
[from data line 641]
 157.425758     74.511  34.301792     7.2002    2.97692     73.876    33.6855    26.3568 0.0000e+00
 157.425764     74.080  34.309467     7.2126    3.01779     73.449    33.6820    26.3523 0.0000e+00
 157.425770     73.650  34.314413     7.2172    3.05118     73.022    33.6831    26.3525 0.0000e+00
 157.425775     73.228  34.310912     7.2120    3.06752     72.604    33.6846    26.3544 0.0000e+00
 157.425781     72.821  34.294320     7.2016    3.07622     72.200    33.6768    26.3497 0.0000e+00
 157.425787     72.434  34.272242     7.1919    3.10774     71.817    33.6624    26.3397 0.0000e+00
 157.425793     72.059  34.258978     7.1841    3.17478     71.445    33.6557    26.3355 0.0000e+00
 157.425799     71.680  34.251995     7.1733    3.27765     71.069    33.6588    26.3394 0.0000e+00
 157.425804     71.292  34.240316     7.1514    3.38956     70.685    33.6676    26.3494 0.0000e+00
 157.425810     70.899  34.210630     7.1157    3.47782     70.295    33.6702    26.3563 0.0000e+00
 157.425816     70.506  34.158685     7.0749    3.54546     69.906    33.6534    26.3487 0.0000e+00
 157.425822     70.109  34.100995     7.0440    3.59040     69.512    33.6206    26.3271 0.0000e+00
 157.425828     69.706  34.054257     7.0292    3.60254     69.113    33.5841    26.3003 0.0000e+00
 157.425833     69.299  34.023424     7.0252    3.57885     68.709    33.5544    26.2775 0.0000e+00
 157.425839     68.890  34.007193     7.0280    3.53541     68.304    33.5341    26.2611 0.0000e+00
 157.425845     68.468  34.001877     7.0384    3.48258     67.885    33.5184    26.2473 0.0000e+00
 157.425851     68.034  34.000968     7.0554    3.44759     67.455    33.5011    26.2314 0.0000e+00
 157.425856     67.597  34.000469     7.0728    3.43027     67.022    33.4838    26.2154 0.0000e+00
 157.425862     67.173  34.001419     7.0854    3.42076     66.602    33.4728    26.2050 0.0000e+00
 157.425868     66.770  34.003424     7.0929    3.41950     66.202    33.4679    26.2001 0.0000e+00
 157.425874     66.379  34.004699     7.0972    3.42741     65.814    33.4653    26.1975 0.0000e+00
 157.425880     65.983  34.004722     7.1011    3.42941     65.422    33.4618    26.1942 0.0000e+00
 157.425885     65.570  34.003540     7.1093    3.44583     65.012    33.4527    26.1859 0.0000e+00
 157.425891     65.136  34.001278     7.1239    3.45619     64.582    33.4363    26.1710 0.0000e+00
 157.425897     64.682  33.998302     7.1399    3.46377     64.132    33.4178    26.1542 0.0000e+00
 157.425903     64.219  33.995147     7.1537    3.47401     63.673    33.4012    26.1393 0.0000e+00
 157.425909     63.755  33.991551     7.1666    3.48462     63.213    33.3850    26.1247 0.0000e+00
 157.425914     63.296  33.987227     7.1782    3.49286     62.758    33.3693    26.1108 0.0000e+00
 157.425920     62.851  33.982596     7.1857    3.49912     62.317    33.3572    26.1002 0.0000e+00
 157.425926     62.425  33.978232     7.1888    3.51147     61.895    33.3497    26.0939 0.0000e+00
 157.425932     62.017  33.975064     7.1894    3.54962     61.490    33.3459    26.0908 0.0000e+00
 157.425938     61.623  33.973371     7.1886    3.66313     61.100    33.3450    26.0902 0.0000e+00
 157.425943     61.231  33.970916     7.1867    3.84287     60.711    33.3443    26.0899 0.0000e+00
 157.425949     60.829  33.962761     7.1828    4.07690     60.312    33.3394    26.0866 0.0000e+00
 157.425955     60.407  33.938049     7.1746    4.31471     59.894    33.3206    26.0729 0.0000e+00
 157.425961     59.961  33.885707     7.1630    4.51704     59.452    33.2749    26.0385 0.0000e+00
 157.425966     59.497  33.817793     7.1531    4.69336     58.992    33.2107    25.9893 0.0000e+00
 157.425972     59.028  33.757549     7.1479    4.80689     58.527    33.1502    25.9424 0.0000e+00
 157.425978     58.562  33.708175     7.1462    4.92394     58.065    33.0983    25.9018 0.0000e+00
 157.425984     58.096  33.669993     7.1467    5.03060     57.603    33.0564    25.8688 0.0000e+00
 157.425990     57.613  33.650397     7.1498    5.11468     57.124    33.0323    25.8494 0.0000e+00
 157.425995     57.104  33.636726     7.1557    5.18635     56.620    33.0120    25.8326 0.0000e+00
 157.426001     56.580  33.610770     7.1632    5.23644     56.100    32.9768    25.8039 0.0000e+00
 157.426007     56.057  33.582217     7.1698    5.26033     55.582    32.9397    25.7737 0.0000e+00
 157.426013     55.555  33.564577     7.1735    5.27270     55.084    32.9172    25.7555 0.0000e+00
 157.426019     55.088  33.555089     7.1748    5.28448     54.621    32.9059    25.7464 0.0000e+00
 157.426024     54.662  33.548409     7.1751    5.29327     54.199    32.8985    25.7406 0.0000e+00
 157.426030     54.266  33.544058     7.1748    5.31977     53.806    32.8943    25.7373 0.0000e+00
 157.426036     53.879  33.540174     7.1752    5.36508     53.422    32.8899    25.7337 0.0000e+00
 157.426042     53.481  33.533278     7.1782    5.40261     53.028    32.8797    25.7253 0.0000e+00
 157.426047     53.064  33.523159     7.1842    5.44941     52.614    32.8632    25.7115 0.0000e+00
 157.426053     52.631  33.507549     7.1907    5.47928     52.185    32.8402    25.6925 0.0000e+00
 157.426059     52.190  33.489754     7.1958    5.48433     51.748    32.8162    25.6730 0.0000e+00
 157.426065     51.737  33.476890     7.2002    5.50384     51.299    32.7983    25.6582 0.0000e+00
 157.426071     51.257  33.469760     7.2070    5.52150     50.823    32.7843    25.6463 0.0000e+00
 157.426076     50.736  33.466160     7.2199    5.53673     50.306    32.7684    25.6320 0.0000e+00
 157.426082     50.177  33.462427     7.2369    5.56140     49.752    32.7485    25.6141 0.0000e+00
 157.426088     49.593  33.455848     7.2520    5.57444     49.173    32.7273    25.5953 0.0000e+00
 157.426094     49.013  33.447198     7.2613    5.58208     48.598    32.7094    25.5800 0.0000e+00
 157.426100     48.464  33.438980     7.2655    5.58496     48.054    32.6968    25.5694 0.0000e+00
 157.426105     47.963  33.432590     7.2672    5.58836     47.557    32.6885    25.5627 0.0000e+00
 157.426111     47.507  33.428494     7.2676    5.59811     47.105    32.6839    25.5590 0.0000e+00
 157.426117     47.076  33.427978     7.2674    5.62377     46.678    32.6837    25.5589 0.0000e+00
 157.426123     46.642  33.429250     7.2673    5.63662     46.248    32.6854    25.5602 0.0000e+00
 157.426128     46.196  33.427858     7.2675    5.66014     45.805    32.6839    25.5590 0.0000e+00
 157.426134     45.748  33.423084     7.2685    5.68956     45.361    32.6780    25.5542 0.0000e+00
 157.426140     45.307  33.415869     7.2708    5.70928     44.924    32.6682    25.5462 0.0000e+00
 157.426146     44.880  33.408381     7.2734    5.73623     44.501    32.6578    25.5377 0.0000e+00
 157.426152     44.461  33.403544     7.2752    5.74958     44.085    32.6511    25.5321 0.0000e+00
 157.426157     44.028  33.401092     7.2771    5.74677     43.656    32.6468    25.5285 0.0000e+00
 157.426163     43.571  33.400013     7.2819    5.73121     43.203    32.6413    25.5235 0.0000e+00
 157.426169     43.093  33.399449     7.2933    5.73839     42.729    32.6302    25.5132 0.0000e+00
 157.426175     42.596  33.399788     7.3117    5.73206     42.236    32.6135    25.4975 0.0000e+00
 157.426181     42.086  33.404301     7.3320    5.71195     41.730    32.5995    25.4837 0.0000e+00
 157.426186     41.582  33.415105     7.3495    5.62959     41.231    32.5949    25.4777 0.0000e+00
 157.426192     41.095  33.430377     7.3668    5.47650     40.748    32.5954    25.4757 0.0000e+00
 157.426198     40.620  33.445846     7.3954    5.27655     40.277    32.5854    25.4639 0.0000e+00
 157.426204     40.147  33.463664     7.4500    5.05725     39.808    32.5536    25.4313 0.0000e+00
 157.426209     39.677  33.499200     7.5235    4.89966     39.342    32.5232    25.3972 0.0000e+00
 157.426215     39.219  33.556705     7.5856    4.82806     38.888    32.5271    25.3917 0.0000e+00
 157.426221     38.785  33.618169     7.6217    4.83526     38.458    32.5596    25.4121 0.0000e+00
 157.426227     38.384  33.663582     7.6392    4.87056     38.060    32.5922    25.4353 0.0000e+00
 157.426233     38.005  33.686830     7.6467    4.84406     37.684    32.6103    25.4484 0.0000e+00
 157.426238     37.631  33.697077     7.6517    4.75339     37.314    32.6168    25.4528 0.0000e+00
 157.426244     37.241  33.699596     7.6637    4.61945     36.927    32.6085    25.4446 0.0000e+00
 157.426250     36.822  33.699438     7.6982    4.55651     36.511    32.5762    25.4143 0.0000e+00
 157.426256     36.371  33.712093     7.7583    4.63438     36.064    32.5338    25.3725 0.0000e+00
 157.426262     35.893  33.747150     7.8187    4.82711     35.590    32.5152    25.3493 0.0000e+00
 157.426267     35.395  33.787472     7.8523    5.06608     35.097    32.5272    25.3540 0.0000e+00
 157.426273     34.885  33.803888     7.8525    5.26049     34.591    32.5448    25.3677 0.0000e+00
 157.426279     34.377  33.787475     7.8335    5.42469     34.087    32.5452    25.3708 0.0000e+00
 157.426285     33.882  33.754470     7.8155    5.55615     33.596    32.5269    25.3590 0.0000e+00
 157.426291     33.402  33.732043     7.8082    5.68525     33.121    32.5100    25.3467 0.0000e+00
 157.426296     32.938  33.727279     7.8115    5.77694     32.660    32.5020    25.3400 0.0000e+00
 157.426302     32.485  33.723174     7.8243    5.85174     32.211    32.4859    25.3255 0.0000e+00
 157.426308     32.040  33.710893     7.8503    5.89739     31.770    32.4488    25.2927 0.0000e+00
 157.426314     31.597  33.703207     7.8874    5.93877     31.331    32.4063    25.2540 0.0000e+00
 157.426319     31.148  33.709486     7.9244    5.96970     30.886    32.3789    25.2272 0.0000e+00
 157.426325     30.696  33.722415     7.9582    5.97178     30.438    32.3616    25.2088 0.0000e+00
 157.426331     30.241  33.738508     7.9968    5.98942     29.986    32.3433    25.1888 0.0000e+00
 157.426337     29.775  33.760174     8.0423    6.00858     29.524    32.3245    25.1675 0.0000e+00
 157.426343     29.296  33.784923     8.0841    6.02958     29.049    32.3124    25.1519 0.0000e+00
 157.426348     28.810  33.807649     8.1148    6.04881     28.568    32.3084    25.1444 0.0000e+00
 157.426354     28.322  33.826158     8.1373    6.05142     28.084    32.3075    25.1404 0.0000e+00
 157.426360     27.826  33.841598     8.1596    6.03023     27.592    32.3036    25.1340 0.0000e+00
 157.426366     27.320  33.857188     8.1926    6.01581     27.090    32.2899    25.1185 0.0000e+00
 157.426372     26.807  33.877468     8.2416    5.88984     26.582    32.2666    25.0930 0.0000e+00
 157.426377     26.288  33.906501     8.2989    5.68576     26.067    32.2449    25.0676 0.0000e+00
 157.426383     25.765  33.940973     8.3536    5.42503     25.548    32.2313    25.0489 0.0000e+00
 157.426389     25.242  33.971369     8.4021    5.24945     25.030    32.2192    25.0322 0.0000e+00
 157.426395     24.730  33.993394     8.4440    5.14842     24.522    32.2043    25.0143 0.0000e+00
 157.426400     24.230  34.008962     8.4793    5.10334     24.026    32.1886    24.9967 0.0000e+00
 157.426406     23.736  34.026512     8.5165    5.13491     23.537    32.1733    24.9792 0.0000e+00
 157.426412     23.243  34.049274     8.5774    5.24981     23.048    32.1419    24.9455 0.0000e+00
 157.426418     22.744  34.079579     8.7196    5.47747     22.553    32.0448    24.8480 0.0000e+00
 157.426424     22.234  34.157278     8.9811    5.74512     22.047    31.8902    24.6871 0.0000e+00
 157.426429     21.710  34.317596     9.3003    5.99729     21.528    31.7708    24.5442 0.0000e+00
 157.426435     21.182  34.509195     9.5822    6.18782     21.004    31.7173    24.4578 0.0000e+00
 157.426441     20.659  34.666419     9.7784    6.30671     20.486    31.7045    24.4163 0.0000e+00
 157.426447     20.137  34.783723     9.9145    6.38365     19.968    31.7040    24.3937 0.0000e+00
 157.426453     19.614  34.877426    10.0496    6.43354     19.449    31.6803    24.3531 0.0000e+00
 157.426458     19.091  34.976080    10.1940    6.47543     18.931    31.6536    24.3084 0.0000e+00
 157.426464     18.568  35.084555    10.3126    6.51576     18.412    31.6592    24.2930 0.0000e+00
 157.426470     18.051  35.172046    10.3803    6.54698     17.900    31.6880    24.3041 0.0000e+00
 157.426476     17.546  35.228544    10.4026    6.59662     17.399    31.7253    24.3294 0.0000e+00
 157.426481     17.046  35.259890    10.4130    6.65839     16.903    31.7478    24.3452 0.0000e+00
 157.426487     16.541  35.270892    10.4481    6.72667     16.402    31.7284    24.3241 0.0000e+00
 157.426493     16.029  35.280147    10.5140    6.78543     15.895    31.6805    24.2756 0.0000e+00
 157.426499     15.511  35.305038    10.5891    6.82464     15.381    31.6403    24.2316 0.0000e+00
 157.426505     14.984  35.340079    10.6584    6.84240     14.858    31.6153    24.2003 0.0000e+00
 157.426510     14.441  35.375387    10.7316    6.84225     14.320    31.5873    24.1659 0.0000e+00
 157.426516     13.877  35.413765    10.8199    6.85837     13.761    31.5494    24.1212 0.0000e+00
 157.426522     13.300  35.453701    10.9121    6.93024     13.189    31.5098    24.0745 0.0000e+00
 157.426528     12.723  35.490710    10.9892    7.05068     12.616    31.4803    24.0382 0.0000e+00
 157.426534     12.153  35.524262    11.0471    7.18681     12.051    31.4640    24.0154 0.0000e+00
 157.426539     11.597  35.554265    11.0937    7.26413     11.500    31.4538    23.9993 0.0000e+00
 157.426545     11.062  35.583736    11.1431    7.28643     10.969    31.4408    23.9805 0.0000e+00
 157.426551     10.535  35.617222    11.2183    7.27930     10.447    31.4097    23.9431 0.0000e+00
 157.426557     10.001  35.666863    11.3426    7.23989      9.917    31.3527    23.8768 0.0000e+00
 157.426562      9.463  35.747275    11.5073    7.19748      9.384    31.2917    23.8002 0.0000e+00
 157.426568      8.935  35.853558    11.6677    7.16784      8.860    31.2597    23.7465 0.0000e+00
 157.426574      8.417  35.960372    11.7877    7.15789      8.347    31.2623    23.7268 0.0000e+00
 157.426580      7.906  36.044777    11.8619    7.16576      7.840    31.2816    23.7282 0.0000e+00
 157.426586      7.405  36.107211    11.9060    7.18385      7.343    31.3049    23.7382 0.0000e+00
 157.426591      6.911  36.157493    11.9422    7.19759      6.853    31.3231    23.7457 0.0000e+00
 157.426597      6.419  36.189791    11.9796    7.19635      6.365    31.3230    23.7387 0.0000e+00
 157.426603      5.926  36.208487    12.0165    7.16686      5.876    31.3102    23.7220 0.0000e+00
 157.426609      5.437  36.235711    12.0499    7.14467      5.392    31.3085    23.7146 0.0000e+00
 157.426615      4.950  36.274691    12.0844    7.09156      4.909    31.3172    23.7149 0.0000e+00
 157.426620      4.460  36.311808    12.1337    7.07358      4.423    31.3116    23.7015 0.0000e+00
 157.426626      3.971  36.346657    12.1904    7.03694      3.938    31.2978    23.6802 0.0000e+00
 157.426632      3.492  36.384217    12.2292    6.98116      3.463    31.3014    23.6758 0.0000e+00
 157.426638      3.034  36.416267    12.2454    6.88624      3.009    31.3187    23.6862 0.0000e+00
 157.426644      2.601  36.437335    12.2493    6.73950      2.579    31.3358    23.6987 0.0000e+00
 157.426649      2.199  36.440196    12.2466    7.74207      2.181    31.3409    23.7032 0.0000e+00
 157.426655      1.834  36.399510    12.2435    7.62759      1.819    31.3048    23.6757 0.0000e+00
 157.426661      1.507  36.361396    12.2396    7.42288      1.494    31.2717    23.6508 0.0000e+00
 157.426667      1.228  36.384373    12.2254    7.26844      1.218    31.3057    23.6798 0.0000e+00
 157.426672      1.004  36.400957    12.1981 -9.990e-29      0.996    31.3445    23.7149 0.0000e+00
