data/oxygen options/ONMS/Olympic_Coast_National_Marine_Sanctuary_Hypoxia_Survey_CTD_Data_2004_2015/raw_data/2007/CTD_CA100_080707faedb.cnv
* Sea-Bird SBE19 Data File:
* FileName = C:\2007_mooring_data\CTD_CA100_080707.hex
* Software Version 1.1.6
* Temperature SN = 2997
* Conductivity SN = 2997
* System UpLoad Time = Aug 07 2007 12:57:18
* SEACAT PROFILER V3.1c SN 2997   08/07/07  12:57:10.810
* strain gauge pressure sensor: S/N = 184829,  range = 3000 psia,  tc = 40
# nquan = 9
# nvalues = 99                          
# units = specified
# name 0 = timeJ: Julian Days
# name 1 = prSM: Pressure, Strain Gauge [db]
# name 2 = c0mS/cm: Conductivity [mS/cm]
# name 3 = t090C: Temperature [ITS-90, deg C]
# name 4 = oxML/L: Oxygen, Beckman/YSI [ml/l]
# name 5 = depSM: Depth [salt water, m], lat = 47.5
# name 6 = sal00: Salinity, Practical [PSU]
# name 7 = sigma-é00: Density [sigma-theta, kg/m^3]
# name 8 = flag: flag
# span 0 = 219.533821, 219.534870       
# span 1 =      2.000,    100.000       
# span 2 =  33.798092,  37.058840       
# span 3 =     7.0089,    12.9858       
# span 4 =    2.31599,    4.73473       
# span 5 =      1.983,     99.141       
# span 6 =    31.3125,    33.8555       
# span 7 =    23.5407,    26.5006       
# span 8 = 0.0000e+00, 0.0000e+00       
# interval = decibars: 1                
# start_time = Aug 07 2007 12:44:58 [Instrument's time stamp, header]
# bad_flag = -9.990e-29
*END*
 219.533821      2.000  37.058840    12.9858    4.69782      1.983    31.3125    23.5407 0.0000e+00
 219.533842      3.000  36.732843    12.3896    3.94942      2.975    31.5000    23.7997 0.0000e+00
 219.533855      4.000  36.323614    11.8307    3.94275      3.967    31.5786    23.9643 0.0000e+00
 219.533869      5.000  35.976844    11.3382    3.98768      4.958    31.6614    24.1173 0.0000e+00
 219.533881      6.000  35.660350    10.8766    4.01451      5.949    31.7476    24.2656 0.0000e+00
 219.533893      7.000  35.493395    10.6398    4.04008      6.941    31.7872    24.3371 0.0000e+00
 219.533904      8.000  35.423069    10.4668    4.02993      7.933    31.8677    24.4292 0.0000e+00
 219.533916      9.000  35.333637    10.2996    4.01181      8.924    31.9244    24.5017 0.0000e+00
 219.533927     10.000  35.223813    10.1641    4.01756      9.916    31.9329    24.5309 0.0000e+00
 219.533939     11.000  35.138857    10.0589    4.05791     10.908    31.9396    24.5536 0.0000e+00
 219.533952     12.000  35.119055     9.9969    4.06250     11.900    31.9739    24.5907 0.0000e+00
 219.533963     13.000  35.116545     9.9733    3.95867     12.891    31.9919    24.6086 0.0000e+00
 219.533975     14.000  35.117726     9.9399    3.83116     13.883    32.0223    24.6378 0.0000e+00
 219.533985     15.000  35.083329     9.8204    3.74384     14.874    32.0932    24.7127 0.0000e+00
 219.533996     16.000  34.983539     9.6004    3.64580     15.866    32.1877    24.8221 0.0000e+00
 219.534008     17.000  34.808223     9.3496    3.59942     16.857    32.2330    24.8976 0.0000e+00
 219.534020     18.000  34.708357     9.1824    3.55964     17.849    32.2806    24.9612 0.0000e+00
 219.534032     19.000  34.642714     9.0443    3.52072     18.841    32.3375    25.0273 0.0000e+00
 219.534043     20.000  34.560094     8.8831    3.52339     19.832    32.3981    25.0997 0.0000e+00
 219.534055     21.000  34.479907     8.7513    3.50693     20.824    32.4346    25.1484 0.0000e+00
 219.534066     22.000  34.411961     8.6739    3.49182     21.815    32.4340    25.1597 0.0000e+00
 219.534077     23.000  34.379354     8.6292    3.51661     22.807    32.4404    25.1715 0.0000e+00
 219.534088     24.000  34.362802     8.5907    3.53282     23.798    32.4580    25.1911 0.0000e+00
 219.534098     25.000  34.345659     8.5517    3.54513     24.789    32.4754    25.2107 0.0000e+00
 219.534108     26.000  34.331908     8.5244    3.62230     25.781    32.4857    25.2228 0.0000e+00
 219.534116     27.000  34.320893     8.4960    3.70382     26.773    32.4998    25.2382 0.0000e+00
 219.534125     28.000  34.302287     8.4563    3.75790     27.764    32.5163    25.2570 0.0000e+00
 219.534134     29.000  34.274020     8.4243    3.76462     28.756    32.5157    25.2613 0.0000e+00
 219.534143     30.000  34.257572     8.4090    3.77976     29.748    32.5120    25.2608 0.0000e+00
 219.534151     31.000  34.248860     8.3979    3.95948     30.739    32.5126    25.2629 0.0000e+00
 219.534160     32.000  34.230813     8.3656    4.23902     31.731    32.5231    25.2759 0.0000e+00
 219.534168     33.000  34.167596     8.2550    4.46767     32.722    32.5581    25.3198 0.0000e+00
 219.534177     34.000  34.043413     8.0765    4.61115     33.713    32.5917    25.3723 0.0000e+00
 219.534185     35.000  33.902128     7.8709    4.72890     34.705    32.6325    25.4340 0.0000e+00
 219.534194     36.000  33.821279     7.7226    4.73473     35.697    32.6844    25.4959 0.0000e+00
 219.534202     37.000  33.802758     7.6416    4.69919     36.688    32.7400    25.5511 0.0000e+00
 219.534211     38.000  33.807272     7.5978    4.62940     37.679    32.7857    25.5932 0.0000e+00
 219.534220     39.000  33.822907     7.5491    4.49045     38.671    32.8482    25.6491 0.0000e+00
 219.534229     40.000  33.840536     7.4971    4.26227     39.662    32.9159    25.7096 0.0000e+00
 219.534238     41.000  33.852730     7.4243    4.02277     40.654    32.9979    25.7842 0.0000e+00
 219.534247     42.000  33.853307     7.3390    3.85244     41.646    33.0794    25.8602 0.0000e+00
 219.534256     43.000  33.841522     7.2605    3.76983     42.637    33.1412    25.9197 0.0000e+00
 219.534265     44.000  33.826665     7.1981    3.70110     43.628    33.1846    25.9623 0.0000e+00
 219.534275     45.000  33.816009     7.1575    3.66001     44.619    33.2114    25.9891 0.0000e+00
 219.534283     46.000  33.809810     7.1215    3.63487     45.611    33.2388    26.0156 0.0000e+00
 219.534293     47.000  33.804931     7.0950    3.62229     46.603    33.2585    26.0348 0.0000e+00
 219.534303     48.000  33.803022     7.0812    3.61359     47.594    33.2694    26.0452 0.0000e+00
 219.534311     49.000  33.803034     7.0718    3.60900     48.586    33.2780    26.0532 0.0000e+00
 219.534321     50.000  33.802667     7.0670    3.60350     49.577    33.2817    26.0568 0.0000e+00
 219.534330     51.000  33.801929     7.0643    3.58676     50.568    33.2831    26.0583 0.0000e+00
 219.534338     52.000  33.801026     7.0582    3.55754     51.559    33.2875    26.0626 0.0000e+00
 219.534348     53.000  33.798877     7.0494    3.55746     52.551    33.2932    26.0683 0.0000e+00
 219.534358     54.000  33.798092     7.0433    3.55656     53.543    33.2976    26.0727 0.0000e+00
 219.534368     55.000  33.798612     7.0388    3.58063     54.534    33.3022    26.0769 0.0000e+00
 219.534379     56.000  33.800397     7.0329    3.61876     55.525    33.3094    26.0833 0.0000e+00
 219.534390     57.000  33.821366     7.0372    3.64963     56.516    33.3276    26.0971 0.0000e+00
 219.534400     58.000  33.860479     7.0447    3.63875     57.508    33.3626    26.1237 0.0000e+00
 219.534410     59.000  33.883994     7.0463    3.60186     58.499    33.3863    26.1421 0.0000e+00
 219.534420     60.000  33.892201     7.0359    3.54397     59.491    33.4050    26.1582 0.0000e+00
 219.534429     61.000  33.901746     7.0187    3.51908     60.482    33.4316    26.1816 0.0000e+00
 219.534440     62.000  33.915953     7.0089    3.51769     61.474    33.4561    26.2022 0.0000e+00
 219.534449     63.000  33.929880     7.0102    3.51720     62.465    33.4697    26.2127 0.0000e+00
 219.534459     64.000  33.939039     7.0185    3.50030     63.456    33.4712    26.2128 0.0000e+00
 219.534469     65.000  33.961719     7.0306    3.44291     64.447    33.4837    26.2210 0.0000e+00
 219.534480     66.000  33.990372     7.0374    3.40109     65.439    33.5079    26.2392 0.0000e+00
 219.534492     67.000  34.013921     7.0462    3.36988     66.430    33.5246    26.2512 0.0000e+00
 219.534502     68.000  34.037113     7.0561    3.32944     67.421    33.5400    26.2619 0.0000e+00
 219.534512     69.000  34.056226     7.0668    3.28527     68.413    33.5500    26.2684 0.0000e+00
 219.534522     70.000  34.087075     7.0838    3.25322     69.404    33.5667    26.2792 0.0000e+00
 219.534533     71.000  34.125300     7.0996    3.20368     70.395    33.5925    26.2974 0.0000e+00
 219.534545     72.000  34.158577     7.1168    3.11797     71.387    33.6117    26.3101 0.0000e+00
 219.534556     73.000  34.213340     7.1491    3.05946     72.378    33.6395    26.3276 0.0000e+00
 219.534567     74.000  34.274554     7.1792    3.02134     73.370    33.6765    26.3526 0.0000e+00
 219.534577     75.000  34.310129     7.2053    3.01827     74.361    33.6894    26.3592 0.0000e+00
 219.534587     76.000  34.349583     7.2331    2.99641     75.352    33.7048    26.3674 0.0000e+00
 219.534597     77.000  34.377865     7.2580    2.96517     76.343    33.7108    26.3687 0.0000e+00
 219.534607     78.000  34.414287     7.2944    2.89843     77.334    33.7146    26.3666 0.0000e+00
 219.534617     79.000  34.474252     7.3394    2.82792     78.326    33.7354    26.3767 0.0000e+00
 219.534627     80.000  34.534721     7.3853    2.74402     79.317    33.7559    26.3864 0.0000e+00
 219.534636     81.000  34.599641     7.4261    2.67138     80.308    33.7861    26.4044 0.0000e+00
 219.534647     82.000  34.658007     7.4587    2.62153     81.299    33.8172    26.4243 0.0000e+00
 219.534658     83.000  34.702320     7.4827    2.64302     82.291    33.8413    26.4399 0.0000e+00
 219.534668     84.000  34.712953     7.4841    2.68619     83.282    33.8510    26.4473 0.0000e+00
 219.534678     85.000  34.683932     7.4468    2.69356     84.273    33.8555    26.4561 0.0000e+00
 219.534688     86.000  34.636246     7.3993    2.67763     85.264    33.8496    26.4583 0.0000e+00
 219.534698     87.000  34.588811     7.3519    2.62208     86.256    33.8439    26.4605 0.0000e+00
 219.534709     88.000  34.519493     7.2755    2.53504     87.247    33.8427    26.4702 0.0000e+00
 219.534719     89.000  34.442189     7.2070    2.47310     88.238    33.8251    26.4659 0.0000e+00
 219.534731     90.000  34.405137     7.1610    2.43441     89.230    33.8291    26.4754 0.0000e+00
 219.534742     91.000  34.388576     7.1352    2.39754     90.220    33.8358    26.4843 0.0000e+00
 219.534753     92.000  34.380747     7.1224    2.37703     91.212    33.8394    26.4889 0.0000e+00
 219.534764     93.000  34.373362     7.1108    2.35927     92.203    33.8422    26.4926 0.0000e+00
 219.534775     94.000  34.367635     7.1022    2.33617     93.194    33.8439    26.4952 0.0000e+00
 219.534787     95.000  34.364675     7.0966    2.33111     94.185    33.8457    26.4974 0.0000e+00
 219.534799     96.000  34.363735     7.0936    2.32886     95.176    33.8470    26.4989 0.0000e+00
 219.534814     97.000  34.364113     7.0926    2.32785     96.168    33.8480    26.4998 0.0000e+00
 219.534828     98.000  34.364991     7.0921    2.32881     97.159    33.8489    26.5006 0.0000e+00
 219.534846     99.000  34.363584     7.0927    2.32197     98.150    33.8463    26.4985 0.0000e+00
 219.534870    100.000  34.336789     7.0948    2.31599     99.141    33.8145    26.4732 0.0000e+00
