data/oxygen options/ONMS/Olympic_Coast_National_Marine_Sanctuary_Hypoxia_Survey_CTD_Data_2004_2015/raw_data/2007/CTD_TH100_053007faed.cnv
* Sea-Bird SBE19 Data File:
* FileName = C:\2007_mooring_data\CTD_TH100_053007.hex
* Software Version 1.1.6
* Temperature SN = 2997
* Conductivity SN = 2997
* System UpLoad Time = May 30 2007 09:32:31
* SEACAT PROFILER V3.1c SN 2997   05/30/07  09:31:49.661
* strain gauge pressure sensor: S/N = 184829,  range = 3000 psia,  tc = 40
# nquan = 9                                 
# nvalues = 1000                        
# units = specified
# name 0 = timeJ: Julian Days
# name 1 = prSM: Pressure, Strain Gauge [db]
# name 2 = c0mS/cm: Conductivity [mS/cm]
# name 3 = t090C: Temperature [ITS-90, deg C]
# name 4 = oxML/L: Oxygen, Beckman/YSI [ml/l]
# name 5 = depSM: Depth [salt water, m], lat = 47.5
# name 6 = sal00: Salinity, Practical [PSU]
# name 7 = sigma-é00: Density [sigma-theta, kg/m^3]
# name 8 = flag: flag
# span 0 = 150.390382, 150.396163       
# span 1 =     -5.619,    100.488       
# span 2 =   0.012836,  35.423634       
# span 3 =     6.7300,    12.8254       
# span 4 =   -0.07362,   35.12192       
# span 5 =     -5.572,     99.625       
# span 6 =     0.0122,    33.8405       
# span 7 =    -0.5884,    26.5428       
# span 8 = 0.0000e+00, 0.0000e+00       
# interval = seconds: 0.5
# start_time = May 30 2007 09:22:09 [Instrument's time stamp, header]
# bad_flag = -9.990e-29
*END*
[from data line 641]
 150.394091     44.615  33.538781     7.6699    6.35787     44.238    32.4267    25.3010 0.0000e+00
 150.394097     45.131  33.530298     7.6563    6.35049     44.749    32.4300    25.3055 0.0000e+00
 150.394103     45.640  33.524975     7.6450    6.34335     45.254    32.4346    25.3107 0.0000e+00
 150.394109     46.151  33.519625     7.6302    6.33464     45.761    32.4424    25.3189 0.0000e+00
 150.394115     46.677  33.511027     7.6127    6.31916     46.282    32.4492    25.3268 0.0000e+00
 150.394120     47.223  33.502277     7.5983    6.31399     46.824    32.4530    25.3318 0.0000e+00
 150.394126     47.781  33.496829     7.5883    6.29677     47.377    32.4563    25.3357 0.0000e+00
 150.394132     48.342  33.493009     7.5808    6.27702     47.933    32.4589    25.3388 0.0000e+00
 150.394138     48.896  33.488512     7.5741    6.24152     48.482    32.4601    25.3407 0.0000e+00
 150.394144     49.430  33.483496     7.5650    6.22039     49.012    32.4629    25.3442 0.0000e+00
 150.394149     49.945  33.477988     7.5498    6.19956     49.522    32.4710    25.3527 0.0000e+00
 150.394155     50.452  33.469676     7.5282    6.20315     50.025    32.4820    25.3643 0.0000e+00
 150.394161     50.961  33.458117     7.5027    6.20020     50.529    32.4931    25.3767 0.0000e+00
 150.394167     51.475  33.445818     7.4731    6.18693     51.039    32.5074    25.3920 0.0000e+00
 150.394172     51.988  33.431501     7.4415    6.18034     51.548    32.5213    25.4073 0.0000e+00
 150.394178     52.489  33.415675     7.4186    6.15111     52.044    32.5255    25.4137 0.0000e+00
 150.394184     52.977  33.405243     7.4088    6.12358     52.528    32.5232    25.4133 0.0000e+00
 150.394190     53.461  33.402531     7.4025    6.09458     53.008    32.5259    25.4163 0.0000e+00
 150.394196     53.951  33.400549     7.3900    6.06418     53.494    32.5353    25.4254 0.0000e+00
 150.394201     54.451  33.394966     7.3732    6.02712     53.989    32.5448    25.4352 0.0000e+00
 150.394207     54.959  33.392898     7.3592    5.99346     54.493    32.5555    25.4455 0.0000e+00
 150.394213     55.465  33.398302     7.3502    5.96381     54.995    32.5695    25.4579 0.0000e+00
 150.394219     55.966  33.406601     7.3438    5.92647     55.491    32.5843    25.4703 0.0000e+00
 150.394225     56.461  33.415403     7.3375    5.90073     55.982    32.5995    25.4832 0.0000e+00
 150.394230     56.942  33.422983     7.3319    5.89185     56.459    32.6128    25.4944 0.0000e+00
 150.394236     57.410  33.427111     7.3272    5.88033     56.923    32.6215    25.5019 0.0000e+00
 150.394242     57.869  33.428236     7.3213    5.88523     57.378    32.6280    25.5078 0.0000e+00
 150.394248     58.326  33.427850     7.3116    5.87700     57.831    32.6365    25.5159 0.0000e+00
 150.394253     58.793  33.427111     7.2959    5.86125     58.294    32.6503    25.5289 0.0000e+00
 150.394259     59.275  33.427264     7.2762    5.83559     58.772    32.6689    25.5462 0.0000e+00
 150.394265     59.763  33.429626     7.2590    5.80111     59.256    32.6874    25.5631 0.0000e+00
 150.394271     60.246  33.433973     7.2478    5.76284     59.734    32.7025    25.5765 0.0000e+00
 150.394277     60.716  33.438803     7.2408    5.71468     60.200    32.7142    25.5867 0.0000e+00
 150.394282     61.177  33.443820     7.2352    5.65895     60.657    32.7247    25.5957 0.0000e+00
 150.394288     61.637  33.450658     7.2298    5.60229     61.113    32.7370    25.6061 0.0000e+00
 150.394294     62.091  33.461142     7.2248    5.55131     61.564    32.7529    25.6193 0.0000e+00
 150.394300     62.529  33.474109     7.2210    5.50415     61.998    32.7704    25.6336 0.0000e+00
 150.394306     62.950  33.487787     7.2195    5.47014     62.415    32.7865    25.6465 0.0000e+00
 150.394311     63.353  33.502473     7.2206    5.42507     62.815    32.8012    25.6579 0.0000e+00
 150.394317     63.744  33.515883     7.2234    5.38231     63.202    32.8129    25.6668 0.0000e+00
 150.394323     64.135  33.525715     7.2268    5.32092     63.590    32.8202    25.6720 0.0000e+00
 150.394329     64.541  33.536106     7.2311    5.24383     63.992    32.8272    25.6769 0.0000e+00
 150.394334     64.971  33.550256     7.2365    5.13283     64.419    32.8372    25.6841 0.0000e+00
 150.394340     65.423  33.566850     7.2426    5.01716     64.867    32.8492    25.6927 0.0000e+00
 150.394346     65.887  33.587271     7.2501    4.92074     65.327    32.8641    25.7034 0.0000e+00
 150.394352     66.349  33.615764     7.2595    4.85675     65.785    32.8858    25.7192 0.0000e+00
 150.394358     66.801  33.653885     7.2697    4.79538     66.233    32.9173    25.7426 0.0000e+00
 150.394363     67.236  33.691931     7.2779    4.68041     66.664    32.9506    25.7676 0.0000e+00
 150.394369     67.649  33.716178     7.2830    4.50528     67.073    32.9718    25.7837 0.0000e+00
 150.394375     68.039  33.728686     7.2880    4.31519     67.460    32.9805    25.7898 0.0000e+00
 150.394381     68.419  33.747808     7.2988    4.15302     67.837    32.9907    25.7964 0.0000e+00
 150.394387     68.800  33.792307     7.3182    4.03422     68.214    33.0203    25.8170 0.0000e+00
 150.394392     69.189  33.854258     7.3402    3.94472     68.600    33.0663    25.8501 0.0000e+00
 150.394398     69.590  33.904735     7.3582    3.84062     68.998    33.1036    25.8770 0.0000e+00
 150.394404     70.002  33.934260     7.3724    3.72879     69.406    33.1219    25.8893 0.0000e+00
 150.394410     70.425  33.954733     7.3866    3.60528     69.825    33.1303    25.8940 0.0000e+00
 150.394416     70.857  33.977193     7.4033    3.49100     70.254    33.1384    25.8981 0.0000e+00
 150.394421     71.291  34.004682     7.4215    3.43783     70.684    33.1505    25.9051 0.0000e+00
 150.394427     71.716  34.034053     7.4374    3.44000     71.105    33.1669    25.9158 0.0000e+00
 150.394433     72.116  34.061868     7.4478    3.46286     71.502    33.1869    25.9300 0.0000e+00
 150.394439     72.482  34.081492     7.4497    3.44849     71.864    33.2061    25.9449 0.0000e+00
 150.394444     72.820  34.082656     7.4433    3.38626     72.200    33.2133    25.9514 0.0000e+00
 150.394450     73.147  34.072510     7.4373    3.29191     72.524    33.2080    25.9481 0.0000e+00
 150.394456     73.485  34.068905     7.4436    3.18003     72.859    33.1979    25.9392 0.0000e+00
 150.394462     73.851  34.086080     7.4623    3.06881     73.222    33.1984    25.9370 0.0000e+00
 150.394468     74.250  34.121704     7.4804    2.97334     73.617    33.2194    25.9510 0.0000e+00
 150.394473     74.674  34.150411     7.4894    2.92211     74.037    33.2416    25.9672 0.0000e+00
 150.394479     75.106  34.166760     7.4896    2.88781     74.466    33.2588    25.9808 0.0000e+00
 150.394485     75.537  34.184136     7.4790    2.90235     74.893    33.2876    26.0049 0.0000e+00
 150.394491     75.958  34.201600     7.4524    2.95131     75.310    33.3318    26.0434 0.0000e+00
 150.394497     76.367  34.207120     7.4120    3.00848     75.716    33.3765    26.0842 0.0000e+00
 150.394502     76.768  34.197958     7.3678    3.07687     76.113    33.4089    26.1159 0.0000e+00
 150.394508     77.170  34.183181     7.3247    3.14998     76.512    33.4343    26.1419 0.0000e+00
 150.394514     77.581  34.163810     7.2760    3.22316     76.919    33.4601    26.1689 0.0000e+00
 150.394520     78.010  34.136417     7.2196    3.29843     77.344    33.4847    26.1961 0.0000e+00
 150.394525     78.463  34.105940     7.1654    3.38792     77.793    33.5038    26.2186 0.0000e+00
 150.394531     78.938  34.079363     7.1164    3.46817     78.264    33.5222    26.2398 0.0000e+00
 150.394537     79.428  34.054860     7.0671    3.54620     78.750    33.5431    26.2630 0.0000e+00
 150.394543     79.916  34.027763     7.0206    3.58949     79.234    33.5585    26.2815 0.0000e+00
 150.394549     80.391  34.001716     6.9833    3.60435     79.705    33.5661    26.2925 0.0000e+00
 150.394554     80.853  33.982323     6.9540    3.56455     80.162    33.5732    26.3021 0.0000e+00
 150.394560     81.305  33.971734     6.9342    3.51303     80.611    33.5807    26.3107 0.0000e+00
 150.394566     81.751  33.972068     6.9273    3.44640     81.053    33.5876    26.3170 0.0000e+00
 150.394572     82.193  33.985438     6.9294    3.38169     81.491    33.6000    26.3265 0.0000e+00
 150.394578     82.629  34.011172     6.9361    3.32919     81.923    33.6215    26.3426 0.0000e+00
 150.394583     83.053  34.042679     6.9458    3.26252     82.343    33.6464    26.3609 0.0000e+00
 150.394589     83.465  34.070405     6.9555    3.20771     82.752    33.6671    26.3759 0.0000e+00
 150.394595     83.876  34.090394     6.9633    3.16973     83.159    33.6812    26.3859 0.0000e+00
 150.394601     84.294  34.106876     6.9648    3.13248     83.573    33.6976    26.3987 0.0000e+00
 150.394606     84.724  34.119972     6.9556    3.10844     84.000    33.7208    26.4182 0.0000e+00
 150.394612     85.163  34.124170     6.9410    3.08382     84.435    33.7395    26.4349 0.0000e+00
 150.394618     85.606  34.121145     6.9287    3.06776     84.874    33.7480    26.4433 0.0000e+00
 150.394624     86.046  34.116950     6.9204    3.05438     85.310    33.7513    26.4471 0.0000e+00
 150.394630     86.480  34.113833     6.9135    3.04555     85.740    33.7545    26.4505 0.0000e+00
 150.394635     86.912  34.110441     6.9029    3.03705     86.168    33.7610    26.4570 0.0000e+00
 150.394641     87.343  34.103931     6.8820    3.02461     86.596    33.7741    26.4702 0.0000e+00
 150.394647     87.773  34.090669     6.8510    3.01031     87.022    33.7898    26.4867 0.0000e+00
 150.394653     88.202  34.072026     6.8191    2.99158     87.447    33.8005    26.4994 0.0000e+00
 150.394659     88.625  34.056207     6.7946    2.97268     87.866    33.8070    26.5078 0.0000e+00
 150.394664     89.050  34.047332     6.7777    2.97163     88.288    33.8136    26.5154 0.0000e+00
 150.394670     89.480  34.042532     6.7662    2.96536     88.714    33.8194    26.5215 0.0000e+00
 150.394676     89.909  34.039327     6.7592    2.96649     89.139    33.8226    26.5249 0.0000e+00
 150.394682     90.327  34.037366     6.7556    2.96503     89.554    33.8238    26.5264 0.0000e+00
 150.394688     90.733  34.036272     6.7525    2.95757     89.956    33.8254    26.5281 0.0000e+00
 150.394693     91.137  34.035149     6.7483    2.95187     90.356    33.8281    26.5308 0.0000e+00
 150.394699     91.543  34.033621     6.7435    2.94250     90.759    33.8310    26.5337 0.0000e+00
 150.394705     91.950  34.032453     6.7399    2.93279     91.162    33.8330    26.5358 0.0000e+00
 150.394711     92.359  34.031767     6.7375    2.93263     91.568    33.8345    26.5372 0.0000e+00
 150.394716     92.771  34.031210     6.7359    2.93412     91.976    33.8352    26.5380 0.0000e+00
 150.394722     93.185  34.031160     6.7349    2.93527     92.386    33.8359    26.5387 0.0000e+00
 150.394728     93.599  34.031550     6.7344    2.94382     92.797    33.8367    26.5394 0.0000e+00
 150.394734     94.000  34.031782     6.7343    2.93214     93.194    33.8368    26.5395 0.0000e+00
 150.394740     94.378  34.032162     6.7347    2.92525     93.569    33.8367    26.5393 0.0000e+00
 150.394745     94.742  34.033197     6.7353    2.91895     93.930    33.8370    26.5396 0.0000e+00
 150.394751     95.106  34.034027     6.7348    2.91252     94.291    33.8383    26.5406 0.0000e+00
 150.394757     95.483  34.033519     6.7333    2.91163     94.664    33.8390    26.5414 0.0000e+00
 150.394763     95.882  34.032120     6.7320    2.92426     95.060    33.8385    26.5412 0.0000e+00
 150.394769     96.296  34.031327     6.7312    2.93279     95.470    33.8383    26.5411 0.0000e+00
 150.394774     96.715  34.031204     6.7305    2.92989     95.885    33.8386    26.5415 0.0000e+00
 150.394780     97.127  34.031025     6.7301    2.92139     96.294    33.8386    26.5415 0.0000e+00
 150.394786     97.527  34.031111     6.7301    2.90622     96.690    33.8385    26.5414 0.0000e+00
 150.394792     97.915  34.031577     6.7301    2.90650     97.075    33.8388    26.5417 0.0000e+00
 150.394797     98.290  34.031924     6.7300    2.90335     97.446    33.8391    26.5420 0.0000e+00
 150.394803     98.646  34.032058     6.7302    2.90721     97.799    33.8389    26.5418 0.0000e+00
 150.394809     98.976  34.032155     6.7305    2.91119     98.126    33.8385    26.5414 0.0000e+00
 150.394815     99.274  34.032347     6.7306    2.91310     98.422    33.8385    26.5414 0.0000e+00
 150.394821     99.544  34.032329     6.7305    2.91704     98.689    33.8385    26.5414 0.0000e+00
 150.394826     99.793  34.031518     6.7307    2.91703     98.936    33.8372    26.5404 0.0000e+00
 150.394832    100.016  34.029395     6.7309    2.90780     99.157    33.8346    26.5383 0.0000e+00
 150.394838    100.196  34.023690     6.7310    2.89646     99.336    33.8281    26.5332 0.0000e+00
 150.394844    100.329  34.016885     6.7310    2.89414     99.467    33.8205    26.5272 -9.990e-29
 150.394850    100.419  34.013918     6.7311    2.89593     99.557    33.8171    26.5245 -9.990e-29
 150.394855    100.471  34.013077     6.7313    2.90189     99.608    33.8159    26.5235 -9.990e-29
 150.394861    100.488  34.014925     6.7315    2.90599     99.625    33.8178    26.5250 -9.990e-29
 150.394867    100.472  34.020246     6.7318    2.90596     99.609    33.8234    26.5293 -9.990e-29
 150.394873    100.421  34.026050     6.7322    2.90648     99.559    33.8294    26.5340 -9.990e-29
 150.394878    100.337  34.030550     6.7324    2.90633     99.475    33.8342    26.5378 -9.990e-29
 150.394884    100.223  34.033026     6.7324    2.90596     99.362    33.8370    26.5400 -9.990e-29
 150.394890    100.071  34.034537     6.7324    2.89668     99.212    33.8388    26.5414 0.0000e+00
 150.394896     99.868  34.035420     6.7321    2.89531     99.011    33.8401    26.5425 0.0000e+00
 150.394902     99.614  34.035172     6.7316    2.89448     98.759    33.8405    26.5428 0.0000e+00
 150.394907     99.326  34.034589     6.7312    2.89700     98.473    33.8404    26.5428 0.0000e+00
 150.394913     99.030  34.034017     6.7311    2.90081     98.180    33.8400    26.5425 0.0000e+00
 150.394919     98.741  34.032701     6.7311    2.90955     97.893    33.8387    26.5415 0.0000e+00
 150.394925     98.456  34.031130     6.7312    2.91133     97.611    33.8370    26.5401 0.0000e+00
 150.394931     98.168  34.030578     6.7315    2.90264     97.326    33.8362    26.5395 0.0000e+00
 150.394936     97.870  34.030870     6.7319    2.89841     97.030    33.8363    26.5395 0.0000e+00
 150.394942     97.565  34.031277     6.7319    2.88492     96.728    33.8369    26.5399 0.0000e+00
 150.394948     97.259  34.031226     6.7315    2.89466     96.425    33.8374    26.5404 0.0000e+00
 150.394954     96.950  34.030653     6.7311    2.89986     96.118    33.8373    26.5403 0.0000e+00
 150.394959     96.631  34.030480     6.7312    2.91091     95.802    33.8372    26.5402 0.0000e+00
 150.394965     96.303  34.031040     6.7314    2.91465     95.477    33.8377    26.5407 0.0000e+00
 150.394971     95.971  34.031402     6.7313    2.90179     95.148    33.8384    26.5412 0.0000e+00
 150.394977     95.635  34.030931     6.7311    2.89777     94.815    33.8382    26.5411 0.0000e+00
 150.394983     95.291  34.030124     6.7311    2.90208     94.474    33.8375    26.5405 0.0000e+00
 150.394988     94.940  34.029590     6.7311    2.89740     94.126    33.8371    26.5402 0.0000e+00
 150.394994     94.578  34.029181     6.7311    2.89909     93.767    33.8368    26.5400 0.0000e+00
 150.395000     94.202  34.028917     6.7311    2.90608     93.394    33.8367    26.5399 0.0000e+00
 150.395006     93.804  34.029009     6.7310    2.90548     93.000    33.8371    26.5402 0.0000e+00
