data/oxygen options/ONMS/Olympic_Coast_National_Marine_Sanctuary_Hypoxia_Survey_CTD_Data_2004_2015/raw_data/2007/CTD_CA100_091007faed.cnv
* Sea-Bird SBE19 Data File:
* FileName = C:\2007_mooring_data\CTD_CA100_091007.hex
* Software Version 1.20
* Temperature SN = 2997
* Conductivity SN = 2997
* System UpLoad Time = Sep 10 2007 13:51:17
* SEACAT PROFILER V3.1c SN 2997   09/10/07  13:51:04.590
* strain gauge pressure sensor: S/N = 184829,  range = 3000 psia,  tc = 40
# nquan = 9                                 
# nvalues = 1032                        
# units = specified
# name 0 = timeJ: Julian Days
# name 1 = prSM: Pressure, Strain Gauge [db]
# name 2 = c0mS/cm: Conductivity [mS/cm]
# name 3 = t090C: Temperature [ITS-90, deg C]
# name 4 = oxML/L: Oxygen, Beckman/YSI [ml/l]
# name 5 = depSM: Depth [salt water, m], lat = 47.5
# name 6 = sal00: Salinity, Practical [PSU]
# name 7 = sigma-é00: Density [sigma-theta, kg/m^3]
# name 8 = flag: flag
# span 0 = 253.570359, 253.576325       
# span 1 =     -6.111,     98.535       
# span 2 =   0.199397,  38.463124       
# span 3 =     6.9489,    17.4878       
# span 4 =   -0.06445,   30.34096       
# span 5 =     -6.060,     97.689       
# span 6 =     0.1133,    33.9424       
# span 7 =    -1.1723,    26.5799       
# span 8 = 0.0000e+00, 0.0000e+00       
# interval = seconds: 0.5
# start_time = Sep 10 2007 13:41:19 [Instrument's time stamp, header]
# bad_flag = -9.990e-29
*END*
[from data line 481]
 253.573142      6.722  36.349837    11.6840    5.41729      6.666    31.7279    24.1070 0.0000e+00
 253.573148      7.455  36.180726    11.5518    5.40048      7.393    31.6763    24.0908 0.0000e+00
 253.573154      8.199  36.066792    11.5014    5.38008      8.130    31.6082    24.0470 0.0000e+00
 253.573160      8.953  36.007396    11.4936    5.36102      8.878    31.5567    24.0084 0.0000e+00
 253.573166      9.710  35.968513    11.4479    5.28778      9.629    31.5575    24.0172 0.0000e+00
 253.573171     10.462  35.935845    11.3406    5.21802     10.374    31.6170    24.0826 0.0000e+00
 253.573177     11.211  35.914398    11.2086    5.15817     11.117    31.7090    24.1775 0.0000e+00
 253.573183     11.960  35.909165    11.0465    5.06933     11.860    31.8435    24.3107 0.0000e+00
 253.573189     12.715  35.899489    10.8563    4.97891     12.608    31.9992    24.4649 0.0000e+00
 253.573194     13.476  35.870750    10.7018    4.88313     13.363    32.1057    24.5746 0.0000e+00
 253.573200     14.241  35.836708    10.6108    4.80104     14.122    32.1515    24.6259 0.0000e+00
 253.573206     15.007  35.782184    10.5645    4.76576     14.881    32.1376    24.6230 0.0000e+00
 253.573212     15.770  35.708410    10.5362    4.68856     15.638    32.0886    24.5897 0.0000e+00
 253.573218     16.533  35.625714    10.4919    4.61375     16.394    32.0446    24.5630 0.0000e+00
 253.573223     17.297  35.521883    10.4078    4.58232     17.152    32.0144    24.5538 0.0000e+00
 253.573229     18.058  35.433865    10.2873    4.51361     17.907    32.0320    24.5878 0.0000e+00
 253.573235     18.819  35.382697    10.1491    4.43685     18.661    32.1024    24.6658 0.0000e+00
 253.573241     19.580  35.351121    10.0205    4.38182     19.416    32.1845    24.7511 0.0000e+00
 253.573247     20.339  35.346870     9.9194    4.26284     20.168    32.2700    24.8346 0.0000e+00
 253.573252     21.092  35.350788     9.8409    4.14415     20.915    32.3440    24.9052 0.0000e+00
 253.573258     21.840  35.300819     9.7925    4.00998     21.657    32.3363    24.9071 0.0000e+00
 253.573264     22.583  35.188022     9.7538    3.88020     22.393    32.2559    24.8507 0.0000e+00
 253.573270     23.318  35.046335     9.6434    3.80482     23.122    32.2100    24.8328 0.0000e+00
 253.573275     24.044  34.914880     9.3925    3.73540     23.842    32.3008    24.9439 0.0000e+00
 253.573281     24.759  34.817853     9.0411    3.68270     24.551    32.5195    25.1702 0.0000e+00
 253.573287     25.459  34.728963     8.7272    3.64261     25.245    32.7151    25.3718 0.0000e+00
 253.573293     26.140  34.644494     8.5248    3.61794     25.920    32.8138    25.4799 0.0000e+00
 253.573299     26.798  34.581728     8.4128    3.60964     26.573    32.8517    25.5264 0.0000e+00
 253.573304     27.424  34.541512     8.3548    3.59675     27.193    32.8631    25.5440 0.0000e+00
 253.573310     28.016  34.520048     8.3214    3.61292     27.780    32.8713    25.5555 0.0000e+00
 253.573316     28.580  34.507182     8.2983    3.59785     28.340    32.8791    25.5650 0.0000e+00
 253.573322     29.122  34.498063     8.2805    3.59187     28.877    32.8858    25.5729 0.0000e+00
 253.573328     29.639  34.491160     8.2645    3.57039     29.390    32.8932    25.5811 0.0000e+00
 253.573333     30.129  34.484535     8.2466    3.56553     29.875    32.9028    25.5913 0.0000e+00
 253.573339     30.601  34.477185     8.2248    3.54836     30.343    32.9152    25.6042 0.0000e+00
 253.573345     31.065  34.468818     8.2002    3.53087     30.803    32.9292    25.6189 0.0000e+00
 253.573351     31.524  34.460588     8.1754    3.51465     31.259    32.9435    25.6338 0.0000e+00
 253.573356     31.981  34.453832     8.1549    3.50722     31.712    32.9554    25.6461 0.0000e+00
 253.573362     32.436  34.449609     8.1409    3.49262     32.163    32.9638    25.6548 0.0000e+00
 253.573368     32.884  34.447873     8.1322    3.47617     32.607    32.9700    25.6609 0.0000e+00
 253.573374     33.318  34.447412     8.1261    3.46614     33.037    32.9750    25.6658 0.0000e+00
 253.573380     33.736  34.447594     8.1211    3.45439     33.452    32.9797    25.6702 0.0000e+00
 253.573385     34.138  34.448648     8.1182    3.47938     33.850    32.9834    25.6735 0.0000e+00
 253.573391     34.526  34.450285     8.1188    3.46687     34.235    32.9844    25.6742 0.0000e+00
 253.573397     34.902  34.451871     8.1212    3.44734     34.608    32.9836    25.6733 0.0000e+00
 253.573403     35.273  34.453824     8.1200    3.42414     34.976    32.9867    25.6758 0.0000e+00
 253.573409     35.649  34.454816     8.1135    3.40267     35.348    32.9937    25.6823 0.0000e+00
 253.573414     36.042  34.453356     8.1052    3.40001     35.738    32.9997    25.6883 0.0000e+00
 253.573420     36.451  34.451404     8.0956    3.40273     36.144    33.0065    25.6950 0.0000e+00
 253.573426     36.867  34.449704     8.0838    3.38825     36.556    33.0156    25.7039 0.0000e+00
 253.573432     37.279  34.447095     8.0728    3.37463     36.965    33.0230    25.7113 0.0000e+00
 253.573438     37.673  34.444003     8.0648    3.37698     37.355    33.0271    25.7157 0.0000e+00
 253.573443     38.051  34.441892     8.0574    3.35930     37.730    33.0316    25.7203 0.0000e+00
 253.573449     38.418  34.440173     8.0481    3.36573     38.094    33.0384    25.7270 0.0000e+00
 253.573455     38.781  34.436540     8.0359    3.36207     38.454    33.0459    25.7347 0.0000e+00
 253.573461     39.145  34.431179     8.0221    3.37136     38.815    33.0530    25.7423 0.0000e+00
 253.573466     39.512  34.425892     8.0087    3.35647     39.178    33.0599    25.7497 0.0000e+00
 253.573472     39.881  34.421459     7.9965    3.34194     39.544    33.0665    25.7566 0.0000e+00
 253.573478     40.252  34.417556     7.9858    3.33937     39.912    33.0723    25.7627 0.0000e+00
 253.573484     40.629  34.414005     7.9768    3.35783     40.286    33.0768    25.7676 0.0000e+00
 253.573490     41.009  34.411098     7.9693    3.37506     40.663    33.0807    25.7717 0.0000e+00
 253.573495     41.391  34.408308     7.9619    3.35073     41.041    33.0845    25.7758 0.0000e+00
 253.573501     41.769  34.404698     7.9539    3.33812     41.416    33.0880    25.7798 0.0000e+00
 253.573507     42.137  34.400484     7.9458    3.32045     41.781    33.0910    25.7833 0.0000e+00
 253.573513     42.502  34.396754     7.9375    3.34748     42.143    33.0947    25.7874 0.0000e+00
 253.573519     42.874  34.393565     7.9283    3.36339     42.512    33.0999    25.7928 0.0000e+00
 253.573524     43.258  34.390013     7.9170    3.35395     42.892    33.1066    25.7997 0.0000e+00
 253.573530     43.660  34.385268     7.9006    3.32164     43.291    33.1169    25.8102 0.0000e+00
 253.573536     44.068  34.378031     7.8772    3.29292     43.696    33.1311    25.8247 0.0000e+00
 253.573542     44.472  34.367603     7.8511    3.28237     44.096    33.1446    25.8391 0.0000e+00
 253.573547     44.862  34.356310     7.8292    3.29557     44.483    33.1531    25.8489 0.0000e+00
 253.573553     45.234  34.347006     7.8115    3.30937     44.852    33.1598    25.8567 0.0000e+00
 253.573559     45.593  34.339591     7.7950    3.29615     45.207    33.1673    25.8650 0.0000e+00
 253.573565     45.950  34.333690     7.7815    3.28384     45.561    33.1737    25.8720 0.0000e+00
 253.573571     46.305  34.329823     7.7728    3.26015     45.913    33.1776    25.8763 0.0000e+00
 253.573576     46.661  34.327300     7.7665    3.25780     46.266    33.1808    25.8797 0.0000e+00
 253.573582     47.019  34.324981     7.7602    3.25820     46.621    33.1841    25.8832 0.0000e+00
 253.573588     47.375  34.322562     7.7533    3.26358     46.974    33.1879    25.8872 0.0000e+00
 253.573594     47.730  34.320166     7.7448    3.24378     47.326    33.1933    25.8926 0.0000e+00
 253.573600     48.090  34.317385     7.7326    3.20518     47.683    33.2017    25.9010 0.0000e+00
 253.573605     48.462  34.313299     7.7145    3.16557     48.052    33.2144    25.9136 0.0000e+00
 253.573611     48.846  34.307486     7.6912    3.12765     48.433    33.2302    25.9294 0.0000e+00
 253.573617     49.241  34.300587     7.6662    3.12873     48.824    33.2465    25.9457 0.0000e+00
 253.573623     49.648  34.293471     7.6421    3.09463     49.228    33.2617    25.9611 0.0000e+00
 253.573628     50.063  34.286716     7.6183    3.06757     49.639    33.2770    25.9765 0.0000e+00
 253.573634     50.476  34.280263     7.5920    3.02188     50.049    33.2950    25.9944 0.0000e+00
 253.573640     50.885  34.272773     7.5615    2.97169     50.454    33.3160    26.0152 0.0000e+00
 253.573646     51.289  34.263766     7.5289    2.94651     50.855    33.3373    26.0366 0.0000e+00
 253.573652     51.689  34.254664     7.4970    2.95214     51.251    33.3579    26.0573 0.0000e+00
 253.573657     52.085  34.246197     7.4688    2.95698     51.644    33.3757    26.0753 0.0000e+00
 253.573663     52.471  34.238263     7.4480    2.97183     52.026    33.3870    26.0871 0.0000e+00
 253.573669     52.842  34.232029     7.4376    2.97071     52.394    33.3900    26.0909 0.0000e+00
 253.573675     53.201  34.229251     7.4370    2.94009     52.750    33.3874    26.0890 0.0000e+00
 253.573681     53.553  34.231252     7.4413    2.92751     53.099    33.3853    26.0867 0.0000e+00
 253.573686     53.907  34.236203     7.4409    2.91235     53.450    33.3909    26.0912 0.0000e+00
 253.573692     54.278  34.236125     7.4288    2.92042     53.818    33.4023    26.1018 0.0000e+00
 253.573698     54.672  34.228662     7.4112    2.91782     54.209    33.4110    26.1111 0.0000e+00
 253.573704     55.080  34.221220     7.3970    2.91395     54.613    33.4164    26.1174 0.0000e+00
 253.573709     55.489  34.216744     7.3882    2.89323     55.018    33.4198    26.1213 0.0000e+00
 253.573715     55.890  34.213731     7.3814    2.88194     55.416    33.4229    26.1247 0.0000e+00
 253.573721     56.276  34.211509     7.3691    2.85404     55.799    33.4322    26.1337 0.0000e+00
 253.573727     56.649  34.207659     7.3458    2.81924     56.168    33.4504    26.1513 0.0000e+00
 253.573733     57.020  34.199276     7.3162    2.77891     56.536    33.4697    26.1706 0.0000e+00
 253.573738     57.387  34.187493     7.2911    2.75256     56.900    33.4810    26.1830 0.0000e+00
 253.573744     57.744  34.176754     7.2761    2.75098     57.254    33.4837    26.1872 0.0000e+00
 253.573750     58.091  34.171207     7.2669    2.75273     57.598    33.4864    26.1906 0.0000e+00
 253.573756     58.437  34.170163     7.2531    2.74420     57.941    33.4984    26.2020 0.0000e+00
 253.573762     58.797  34.166614     7.2276    2.70618     58.298    33.5191    26.2218 0.0000e+00
 253.573767     59.176  34.156936     7.1920    2.67821     58.674    33.5430    26.2455 0.0000e+00
 253.573773     59.568  34.143896     7.1524    2.65855     59.062    33.5670    26.2699 0.0000e+00
 253.573779     59.964  34.129140     7.1158    2.66317     59.455    33.5864    26.2902 0.0000e+00
 253.573785     60.354  34.114822     7.0867    2.65774     59.842    33.5989    26.3040 0.0000e+00
 253.573791     60.733  34.104804     7.0644    2.65678     60.217    33.6095    26.3154 0.0000e+00
 253.573796     61.101  34.099153     7.0483    2.63815     60.582    33.6188    26.3250 0.0000e+00
 253.573802     61.450  34.095360     7.0397    2.62955     60.928    33.6229    26.3293 0.0000e+00
 253.573808     61.776  34.092831     7.0362    2.62840     61.251    33.6234    26.3302 0.0000e+00
 253.573814     62.093  34.093222     7.0336    2.65120     61.566    33.6262    26.3328 0.0000e+00
 253.573819     62.415  34.094799     7.0251    2.65642     61.885    33.6361    26.3417 0.0000e+00
 253.573825     62.751  34.090689     7.0078    2.63861     62.218    33.6483    26.3537 0.0000e+00
 253.573831     63.104  34.081002     6.9895    2.62125     62.568    33.6554    26.3618 0.0000e+00
 253.573837     63.471  34.074098     6.9765    2.60864     62.932    33.6604    26.3675 0.0000e+00
 253.573843     63.838  34.073078     6.9683    2.62994     63.295    33.6671    26.3739 0.0000e+00
 253.573848     64.193  34.074885     6.9634    2.64783     63.647    33.6737    26.3798 0.0000e+00
 253.573854     64.537  34.076309     6.9597    2.66751     63.988    33.6787    26.3842 0.0000e+00
 253.573860     64.876  34.076622     6.9559    2.66331     64.324    33.6826    26.3878 0.0000e+00
 253.573866     65.213  34.076792     6.9522    2.68417     64.659    33.6862    26.3912 0.0000e+00
 253.573872     65.553  34.077783     6.9499    2.68829     64.996    33.6894    26.3940 0.0000e+00
 253.573877     65.899  34.080346     6.9491    2.70454     65.339    33.6928    26.3968 0.0000e+00
 253.573883     66.258  34.084152     6.9496    2.69839     65.694    33.6964    26.3995 0.0000e+00
 253.573889     66.631  34.089227     6.9527    2.71054     66.064    33.6987    26.4010 0.0000e+00
 253.573895     67.011  34.097847     6.9595    2.70332     66.441    33.7013    26.4021 0.0000e+00
 253.573900     67.388  34.113095     6.9679    2.69509     66.815    33.7096    26.4075 0.0000e+00
 253.573906     67.751  34.130640     6.9733    2.70176     67.175    33.7234    26.4177 0.0000e+00
 253.573912     68.095  34.140253     6.9746    2.69386     67.516    33.7325    26.4247 0.0000e+00
 253.573918     68.424  34.140737     6.9736    2.67050     67.842    33.7339    26.4259 0.0000e+00
 253.573924     68.749  34.138332     6.9719    2.66240     68.164    33.7328    26.4252 0.0000e+00
 253.573929     69.079  34.138790     6.9704    2.66743     68.491    33.7346    26.4268 0.0000e+00
 253.573935     69.414  34.143835     6.9696    2.67463     68.823    33.7407    26.4318 0.0000e+00
 253.573941     69.745  34.150662     6.9702    2.67741     69.151    33.7475    26.4370 0.0000e+00
 253.573947     70.066  34.158841     6.9727    2.66342     69.469    33.7538    26.4417 0.0000e+00
 253.573953     70.386  34.168063     6.9767    2.66554     69.787    33.7599    26.4459 0.0000e+00
 253.573958     70.708  34.176047     6.9814    2.66014     70.106    33.7639    26.4484 0.0000e+00
 253.573964     71.027  34.183347     6.9861    2.66350     70.422    33.7671    26.4504 0.0000e+00
 253.573970     71.341  34.191287     6.9899    2.64798     70.733    33.7719    26.4536 0.0000e+00
 253.573976     71.654  34.198681     6.9926    2.65960     71.044    33.7772    26.4575 0.0000e+00
 253.573981     71.967  34.204175     6.9949    2.65821     71.354    33.7809    26.4600 0.0000e+00
 253.573987     72.285  34.208925     6.9978    2.65949     71.669    33.7831    26.4614 0.0000e+00
 253.573993     72.609  34.215894     7.0026    2.66227     71.990    33.7858    26.4629 0.0000e+00
 253.573999     72.939  34.227085     7.0100    2.65550     72.317    33.7907    26.4657 0.0000e+00
 253.574005     73.271  34.242282     7.0186    2.65926     72.647    33.7987    26.4709 0.0000e+00
 253.574010     73.604  34.258771     7.0255    2.65742     72.977    33.8099    26.4787 0.0000e+00
 253.574016     73.937  34.272197     7.0295    2.64729     73.307    33.8205    26.4865 0.0000e+00
 253.574022     74.267  34.280844     7.0313    2.64541     73.634    33.8281    26.4922 0.0000e+00
 253.574028     74.592  34.286151     7.0319    2.63669     73.956    33.8331    26.4962 0.0000e+00
 253.574034     74.917  34.290705     7.0334    2.63664     74.278    33.8365    26.4986 0.0000e+00
 253.574039     75.241  34.297768     7.0386    2.64092     74.599    33.8390    26.4998 0.0000e+00
 253.574045     75.558  34.311146     7.0478    2.63429     74.914    33.8444    26.5029 0.0000e+00
 253.574051     75.867  34.330741     7.0576    2.60893     75.220    33.8561    26.5108 0.0000e+00
 253.574057     76.171  34.349614     7.0668    2.55858     75.521    33.8676    26.5185 0.0000e+00
