data/oxygen options/ONMS/Olympic_Coast_National_Marine_Sanctuary_Hypoxia_Survey_CTD_Data_2004_2015/raw_data/2007/CTD_TH100_091107faed.cnv
* Sea-Bird SBE19 Data File:
* FileName = C:\2007_mooring_data\CTD_TH100_091107.hex
* Software Version 1.20
* Temperature SN = 2997
* Conductivity SN = 2997
* System UpLoad Time = Sep 11 2007 09:59:39
* SEACAT PROFILER V3.1c SN 2997   09/11/07  09:58:59.933
* strain gauge pressure sensor: S/N = 184829,  range = 3000 psia,  tc = 40
# nquan = 9                                 
# nvalues = 1027                        
# units = specified
# name 0 = timeJ: Julian Days
# name 1 = prSM: Pressure, Strain Gauge [db]
# name 2 = c0mS/cm: Conductivity [mS/cm]
# name 3 = t090C: Temperature [ITS-90, deg C]
# name 4 = oxML/L: Oxygen, Beckman/YSI [ml/l]
# name 5 = depSM: Depth [salt water, m], lat = 47.5
# name 6 = sal00: Salinity, Practical [PSU]
# name 7 = sigma-é00: Density [sigma-theta, kg/m^3]
# name 8 = flag: flag
# span 0 = 254.409421, 254.415359       
# span 1 =     -1.443,    100.075       
# span 2 =   0.389752,  36.716831       
# span 3 =     7.2468,    12.4929       
# span 4 =   -0.07390,   34.04247       
# span 5 =     -1.431,     99.216       
# span 6 =     0.2507,    33.8634       
# span 7 =    -0.3282,    26.4855       
# span 8 = 0.0000e+00, 0.0000e+00       
# interval = seconds: 0.5
# start_time = Sep 11 2007 09:49:34 [Instrument's time stamp, header]
# bad_flag = -9.990e-29
*END*
[from data line 321]
 254.411279      1.921  36.689808    12.2401    6.78486      1.905    31.5852    23.8938 -9.990e-29
 254.411285      1.926  36.688302    12.2384    6.77947      1.910    31.5852    23.8941 -9.990e-29
 254.411291      1.936  36.687632    12.2372    6.78747      1.920    31.5856    23.8946 -9.990e-29
 254.411296      1.954  36.686901    12.2361    6.78072      1.938    31.5858    23.8950 -9.990e-29
 254.411302      1.974  36.685693    12.2347    6.78562      1.958    31.5858    23.8952 -9.990e-29
 254.411308      1.991  36.684635    12.2340    6.77768      1.974    31.5854    23.8950 -9.990e-29
 254.411314      2.001  36.683993    12.2345    6.77837      1.984    31.5844    23.8941 -9.990e-29
 254.411319      2.005  36.684025    12.2355    6.78278      1.988    31.5835    23.8933 -9.990e-29
 254.411325      2.002  36.684770    12.2365    6.78284      1.985    31.5834    23.8930 -9.990e-29
 254.411331      1.993  36.685538    12.2370    6.78684      1.976    31.5837    23.8932 -9.990e-29
 254.411337      1.978  36.685667    12.2370    6.77693      1.961    31.5839    23.8933 -9.990e-29
 254.411343      1.958  36.685886    12.2372    6.78052      1.942    31.5839    23.8933 -9.990e-29
 254.411348      1.943  36.687042    12.2376    6.77714      1.927    31.5847    23.8938 -9.990e-29
 254.411354      1.934  36.687872    12.2375    6.77576      1.918    31.5856    23.8945 -9.990e-29
 254.411360      1.937  36.687236    12.2366    6.77788      1.921    31.5857    23.8948 -9.990e-29
 254.411366      1.950  36.685964    12.2359    6.77623      1.934    31.5851    23.8944 -9.990e-29
 254.411372      1.962  36.685718    12.2358    6.78070      1.946    31.5849    23.8943 -9.990e-29
 254.411377      1.965  36.686726    12.2361    6.78607      1.949    31.5856    23.8948 -9.990e-29
 254.411383      1.959  36.687524    12.2365    6.78036      1.943    31.5861    23.8951 -9.990e-29
 254.411389      1.949  36.688053    12.2370    6.78016      1.933    31.5862    23.8951 -9.990e-29
 254.411395      1.942  36.689012    12.2373    6.77914      1.926    31.5868    23.8955 -9.990e-29
 254.411400      1.942  36.689437    12.2369    6.77684      1.926    31.5876    23.8962 -9.990e-29
 254.411406      1.949  36.688207    12.2359    6.78164      1.933    31.5872    23.8961 -9.990e-29
 254.411412      1.963  36.686482    12.2349    6.77972      1.947    31.5864    23.8957 -9.990e-29
 254.411418      1.981  36.685880    12.2345    6.77409      1.964    31.5862    23.8955 -9.990e-29
 254.411424      1.996  36.686155    12.2347    6.77256      1.979    31.5863    23.8956 -9.990e-29
 254.411429      2.004  36.686549    12.2349    6.77256      1.987    31.5865    23.8957 -9.990e-29
 254.411435      2.006  36.686462    12.2352    6.77243      1.989    31.5861    23.8954 -9.990e-29
 254.411441      2.005  36.686333    12.2355    6.76381      1.988    31.5858    23.8950 -9.990e-29
 254.411447      2.012  36.686547    12.2352    6.77344      1.995    31.5862    23.8954 -9.990e-29
 254.411453      2.026  36.685146    12.2339    6.77129      2.009    31.5860    23.8955 -9.990e-29
 254.411458      2.039  36.681939    12.2327    6.77989      2.022    31.5839    23.8941 -9.990e-29
 254.411464      2.045  36.680492    12.2325    6.77775      2.028    31.5827    23.8932 -9.990e-29
 254.411470      2.038  36.681676    12.2327    6.77770      2.021    31.5836    23.8939 -9.990e-29
 254.411476      2.022  36.683140    12.2325    6.77339      2.005    31.5852    23.8952 -9.990e-29
 254.411481      2.006  36.684028    12.2323    6.77665      1.989    31.5862    23.8960 -9.990e-29
 254.411487      1.997  36.684402    12.2319    6.77947      1.980    31.5869    23.8966 -9.990e-29
 254.411493      1.998  36.684195    12.2309    6.77788      1.981    31.5876    23.8973 -9.990e-29
 254.411499      2.009  36.683125    12.2297    6.77974      1.992    31.5876    23.8975 -9.990e-29
 254.411505      2.027  36.681446    12.2287    6.77645      2.010    31.5868    23.8971 -9.990e-29
 254.411510      2.045  36.680278    12.2282    6.78320      2.028    31.5861    23.8967 -9.990e-29
 254.411516      2.060  36.679739    12.2285    6.77803      2.043    31.5853    23.8960 -9.990e-29
 254.411522      2.067  36.680228    12.2302    6.77521      2.050    31.5844    23.8949 -9.990e-29
 254.411528      2.064  36.682393    12.2325    6.77342      2.047    31.5845    23.8946 -9.990e-29
 254.411534      2.054  36.685006    12.2344    6.76661      2.037    31.5854    23.8949 -9.990e-29
 254.411539      2.041  36.687065    12.2354    6.77289      2.024    31.5865    23.8956 -9.990e-29
 254.411545      2.029  36.688326    12.2358    6.76215      2.012    31.5874    23.8962 -9.990e-29
 254.411551      2.025  36.688789    12.2363    6.77152      2.008    31.5874    23.8962 -9.990e-29
 254.411557      2.029  36.688887    12.2369    6.76423      2.012    31.5870    23.8957 -9.990e-29
 254.411563      2.032  36.688753    12.2371    6.76794      2.015    31.5867    23.8955 -9.990e-29
 254.411568      2.031  36.688769    12.2370    6.77241      2.014    31.5868    23.8956 -9.990e-29
 254.411574      2.026  36.688958    12.2368    6.76952      2.009    31.5872    23.8959 -9.990e-29
 254.411580      2.016  36.688451    12.2369    6.77426      1.999    31.5866    23.8954 -9.990e-29
 254.411586      2.004  36.687696    12.2375    6.76461      1.987    31.5854    23.8944 -9.990e-29
 254.411591      1.995  36.687931    12.2384    6.76997      1.978    31.5848    23.8938 -9.990e-29
 254.411597      1.988  36.688909    12.2390    6.77075      1.971    31.5853    23.8940 -9.990e-29
 254.411603      1.986  36.689695    12.2393    6.77214      1.969    31.5858    23.8943 -9.990e-29
 254.411609      1.994  36.689097    12.2392    6.77438      1.977    31.5853    23.8940 -9.990e-29
 254.411615      2.008  36.687441    12.2390    6.76468      1.991    31.5839    23.8929 -9.990e-29
 254.411620      2.020  36.687003    12.2388    6.76338      2.003    31.5836    23.8927 -9.990e-29
 254.411626      2.027  36.687762    12.2385    6.76944      2.010    31.5846    23.8936 -9.990e-29
 254.411632      2.029  36.687929    12.2377    6.76519      2.012    31.5854    23.8944 -9.990e-29
 254.411638      2.027  36.687165    12.2368    6.77304      2.010    31.5854    23.8945 -9.990e-29
 254.411644      2.019  36.686696    12.2365    6.75917      2.002    31.5853    23.8944 -9.990e-29
 254.411649      2.007  36.687580    12.2373    6.75985      1.990    31.5854    23.8944 -9.990e-29
 254.411655      1.993  36.688755    12.2377    6.76084      1.976    31.5862    23.8950 -9.990e-29
 254.411661      1.985  36.688426    12.2370    6.76337      1.968    31.5865    23.8953 -9.990e-29
 254.411667      1.986  36.686716    12.2364    6.76601      1.969    31.5854    23.8946 -9.990e-29
 254.411672      1.993  36.685832    12.2366    6.76998      1.976    31.5844    23.8937 -9.990e-29
 254.411678      1.993  36.686840    12.2374    6.77136      1.976    31.5846    23.8938 -9.990e-29
 254.411684      1.982  36.688842    12.2389    6.77149      1.965    31.5853    23.8940 -9.990e-29
 254.411690      1.972  36.691705    12.2412    6.76825      1.956    31.5861    23.8942 -9.990e-29
 254.411696      1.971  36.695885    12.2448    6.76701      1.955    31.5871    23.8943 -9.990e-29
 254.411701      1.975  36.700229    12.2490    6.76585      1.959    31.5877    23.8940 -9.990e-29
 254.411707      1.979  36.703244    12.2519    6.76631      1.962    31.5881    23.8938 -9.990e-29
 254.411713      1.988  36.705030    12.2531    6.75963      1.971    31.5888    23.8941 -9.990e-29
 254.411719      2.003  36.704606    12.2536    6.76479      1.986    31.5880    23.8934 -9.990e-29
 254.411725      2.015  36.701968    12.2535    6.76624      1.998    31.5855    23.8915 -9.990e-29
 254.411730      2.023  36.700328    12.2530    6.76251      2.006    31.5844    23.8907 -9.990e-29
 254.411736      2.025  36.700864    12.2524    6.76762      2.008    31.5854    23.8916 -9.990e-29
 254.411742      2.022  36.702051    12.2518    6.75380      2.005    31.5870    23.8930 -9.990e-29
 254.411748      2.019  36.702668    12.2513    6.75018      2.002    31.5881    23.8939 -9.990e-29
 254.411753      2.023  36.701859    12.2504    6.75870      2.006    31.5880    23.8940 -9.990e-29
 254.411759      2.035  36.699667    12.2491    6.76022      2.018    31.5870    23.8935 -9.990e-29
 254.411765      2.047  36.697658    12.2481    6.76587      2.030    31.5859    23.8928 -9.990e-29
 254.411771      2.055  36.697076    12.2478    6.76436      2.038    31.5856    23.8926 -9.990e-29
 254.411777      2.060  36.697709    12.2478    6.76127      2.043    31.5862    23.8931 -9.990e-29
 254.411782      2.063  36.698718    12.2480    6.76093      2.046    31.5870    23.8937 -9.990e-29
 254.411788      2.063  36.699770    12.2487    6.76133      2.046    31.5875    23.8939 -9.990e-29
 254.411794      2.061  36.700587    12.2497    6.75970      2.044    31.5874    23.8936 -9.990e-29
 254.411800      2.056  36.701139    12.2505    6.75290      2.039    31.5873    23.8934 -9.990e-29
 254.411806      2.053  36.702163    12.2511    6.75778      2.036    31.5877    23.8936 -9.990e-29
 254.411811      2.054  36.703905    12.2520    6.76644      2.037    31.5886    23.8942 -9.990e-29
 254.411817      2.058  36.705327    12.2532    6.76423      2.041    31.5890    23.8942 -9.990e-29
 254.411823      2.058  36.705520    12.2539    6.76423      2.041    31.5886    23.8938 -9.990e-29
 254.411829      2.055  36.705305    12.2542    6.75819      2.038    31.5881    23.8934 -9.990e-29
 254.411834      2.050  36.705520    12.2543    6.75771      2.033    31.5882    23.8934 -9.990e-29
 254.411840      2.046  36.705893    12.2542    6.75461      2.029    31.5887    23.8938 -9.990e-29
 254.411846      2.046  36.706360    12.2544    6.75905      2.029    31.5890    23.8940 -9.990e-29
 254.411852      2.047  36.706987    12.2550    6.76049      2.030    31.5891    23.8939 -9.990e-29
 254.411858      2.045  36.706929    12.2553    6.76201      2.028    31.5887    23.8936 -9.990e-29
 254.411863      2.044  36.706110    12.2553    6.75802      2.027    31.5880    23.8930 -9.990e-29
 254.411869      2.047  36.705682    12.2551    6.75231      2.030    31.5877    23.8929 -9.990e-29
 254.411875      2.051  36.705637    12.2551    6.74570      2.034    31.5877    23.8929 -9.990e-29
 254.411881      2.052  36.705356    12.2552    6.74557      2.035    31.5873    23.8926 -9.990e-29
 254.411887      2.050  36.705025    12.2550    6.76160      2.033    31.5872    23.8925 -9.990e-29
 254.411892      2.049  36.704764    12.2540    6.75906      2.032    31.5878    23.8931 -9.990e-29
 254.411898      2.053  36.703668    12.2525    6.75556      2.036    31.5880    23.8936 -9.990e-29
 254.411904      2.059  36.701399    12.2514    6.74454      2.042    31.5867    23.8928 -9.990e-29
 254.411910      2.061  36.699976    12.2511    6.74922      2.044    31.5856    23.8920 -9.990e-29
 254.411916      2.062  36.700307    12.2511    6.76483      2.045    31.5859    23.8923 -9.990e-29
 254.411921      2.059  36.700594    12.2505    6.76375      2.042    31.5867    23.8930 -9.990e-29
 254.411927      2.054  36.700098    12.2498    6.75549      2.037    31.5868    23.8932 -9.990e-29
 254.411933      2.046  36.699841    12.2500    6.74663      2.029    31.5864    23.8928 -9.990e-29
 254.411939      2.034  36.700603    12.2509    6.74531      2.017    31.5864    23.8927 -9.990e-29
 254.411944      2.022  36.701720    12.2518    6.75128      2.005    31.5867    23.8927 -9.990e-29
 254.411950      2.018  36.702442    12.2520    6.76118      2.001    31.5872    23.8931 -9.990e-29
 254.411956      2.022  36.702611    12.2513    6.76291      2.005    31.5880    23.8938 -9.990e-29
 254.411962      2.024  36.701895    12.2509    6.75439      2.007    31.5876    23.8936 -9.990e-29
 254.411968      2.026  36.701022    12.2516    6.75123      2.009    31.5862    23.8924 -9.990e-29
 254.411973      2.032  36.701069    12.2524    6.74936      2.015    31.5856    23.8917 -9.990e-29
 254.411979      2.038  36.701540    12.2525    6.75094      2.021    31.5860    23.8920 -9.990e-29
 254.411985      2.044  36.701383    12.2521    6.75431      2.027    31.5861    23.8922 -9.990e-29
 254.411991      2.054  36.700951    12.2518    6.75437      2.037    31.5860    23.8922 -9.990e-29
 254.411997      2.066  36.700791    12.2516    6.76105      2.049    31.5860    23.8922 -9.990e-29
 254.412002      2.076  36.700692    12.2516    6.76086      2.059    31.5859    23.8921 -9.990e-29
 254.412008      2.084  36.700523    12.2517    6.76073      2.067    31.5856    23.8919 -9.990e-29
 254.412014      2.086  36.700060    12.2516    6.75372      2.069    31.5853    23.8916 -9.990e-29
 254.412020      2.079  36.699809    12.2516    6.74931      2.062    31.5850    23.8915 -9.990e-29
 254.412025      2.067  36.700556    12.2517    6.75482      2.050    31.5857    23.8919 -9.990e-29
 254.412031      2.056  36.701619    12.2515    6.75105      2.039    31.5869    23.8929 -9.990e-29
 254.412037      2.056  36.702172    12.2513    6.75908      2.039    31.5876    23.8935 -9.990e-29
 254.412043      2.065  36.702396    12.2513    6.75406      2.048    31.5878    23.8936 -9.990e-29
 254.412049      2.076  36.702590    12.2517    6.75586      2.059    31.5876    23.8934 -9.990e-29
 254.412054      2.086  36.703016    12.2524    6.75863      2.069    31.5874    23.8932 -9.990e-29
 254.412060      2.094  36.703682    12.2532    6.75140      2.077    31.5874    23.8930 -9.990e-29
 254.412066      2.102  36.704356    12.2538    6.75141      2.084    31.5875    23.8930 -9.990e-29
 254.412072      2.110  36.704817    12.2541    6.74656      2.092    31.5877    23.8931 -9.990e-29
 254.412078      2.119  36.704558    12.2542    6.74841      2.101    31.5874    23.8928 -9.990e-29
 254.412083      2.129  36.703237    12.2543    6.75190      2.111    31.5860    23.8917 -9.990e-29
 254.412089      2.136  36.702458    12.2544    6.75216      2.118    31.5852    23.8911 -9.990e-29
 254.412095      2.137  36.703427    12.2547    6.75837      2.119    31.5859    23.8915 -9.990e-29
 254.412101      2.131  36.704633    12.2555    6.75791      2.113    31.5863    23.8917 -9.990e-29
 254.412106      2.119  36.705445    12.2564    6.75831      2.101    31.5864    23.8916 -9.990e-29
 254.412112      2.103  36.706384    12.2573    6.75685      2.085    31.5865    23.8915 -9.990e-29
 254.412118      2.092  36.707584    12.2583    6.74941      2.075    31.5868    23.8916 -9.990e-29
 254.412124      2.089  36.708964    12.2592    6.76006      2.072    31.5874    23.8919 -9.990e-29
 254.412130      2.094  36.709004    12.2593    6.76485      2.077    31.5873    23.8918 -9.990e-29
 254.412135      2.106  36.707198    12.2584    6.76477      2.088    31.5864    23.8912 -9.990e-29
 254.412141      2.119  36.706186    12.2580    6.76641      2.101    31.5857    23.8908 -9.990e-29
 254.412147      2.120  36.706860    12.2588    6.75383      2.102    31.5857    23.8906 -9.990e-29
 254.412153      2.110  36.707319    12.2595    6.75265      2.092    31.5856    23.8904 -9.990e-29
 254.412159      2.096  36.707053    12.2590    6.74593      2.078    31.5857    23.8906 -9.990e-29
 254.412164      2.081  36.706272    12.2577    6.74556      2.064    31.5861    23.8911 -9.990e-29
 254.412170      2.069  36.704497    12.2562    6.74850      2.052    31.5857    23.8911 -9.990e-29
 254.412176      2.064  36.701606    12.2547    6.74992      2.047    31.5842    23.8902 -9.990e-29
 254.412182      2.061  36.698791    12.2531    6.75302      2.044    31.5828    23.8895 -9.990e-29
 254.412187      2.055  36.697905    12.2518    6.74653      2.038    31.5831    23.8899 -9.990e-29
 254.412193      2.051  36.698327    12.2509    6.74508      2.034    31.5842    23.8910 -9.990e-29
