data/oxygen options/ONMS/Olympic_Coast_National_Marine_Sanctuary_Hypoxia_Survey_CTD_Data_2004_2015/raw_data/2007/CTD_CE100_060607faed.cnv
* Sea-Bird SBE19 Data File:
* FileName = C:\2007_mooring_data\CTD_CE100_060607.hex
* Software Version 1.1.6
* Temperature SN = 2997
* Conductivity SN = 2997
* System UpLoad Time = Jun 06 2007 10:16:15
* SEACAT PROFILER V3.1c SN 2997   06/06/07  10:15:33.950
* strain gauge pressure sensor: S/N = 184829,  range = 3000 psia,  tc = 40
# nquan = 9                                 
# nvalues = 809                         
# units = specified
# name 0 = timeJ: Julian Days
# name 1 = prSM: Pressure, Strain Gauge [db]
# name 2 = c0mS/cm: Conductivity [mS/cm]
# name 3 = t090C: Temperature [ITS-90, deg C]
# name 4 = oxML/L: Oxygen, Beckman/YSI [ml/l]
# name 5 = depSM: Depth [salt water, m], lat = 47.5
# name 6 = sal00: Salinity, Practical [PSU]
# name 7 = sigma-é00: Density [sigma-theta, kg/m^3]
# name 8 = flag: flag
# span 0 = 157.422049, 157.426725       
# span 1 =     -5.257,    100.262       
# span 2 =   0.108402,  36.552170       
# span 3 =     6.9652,    12.5425       
# span 4 =   -0.07299,   33.46340       
# span 5 =     -5.213,     99.401       
# span 6 =     0.0686,    33.9220       
# span 7 =    -0.5088,    26.5699       
# span 8 = 0.0000e+00, 0.0000e+00       
# interval = seconds: 0.5
# start_time = Jun 06 2007 10:07:45 [Instrument's time stamp, header]
# bad_flag = -9.990e-29
*END*
[from data line 321]
 157.423906      0.984  36.543620    12.2840    7.04243      0.976    31.4089    23.7489 -9.990e-29
 157.423912      1.002  36.543684    12.2847    7.03391      0.994    31.4084    23.7483 -9.990e-29
 157.423918      1.010  36.544149    12.2857    7.03585      1.002    31.4080    23.7478 -9.990e-29
 157.423924      1.009  36.545113    12.2871    7.03619      1.001    31.4077    23.7474 -9.990e-29
 157.423929      1.006  36.546215    12.2884    7.03764      0.998    31.4077    23.7471 -9.990e-29
 157.423935      1.011  36.547278    12.2893    7.04752      1.003    31.4079    23.7471 -9.990e-29
 157.423941      1.020  36.548074    12.2897    7.04924      1.011    31.4084    23.7474 -9.990e-29
 157.423947      1.028  36.548021    12.2896    7.04973      1.019    31.4084    23.7474 -9.990e-29
 157.423953      1.032  36.547644    12.2896    7.04300      1.023    31.4080    23.7471 -9.990e-29
 157.423958      1.029  36.547598    12.2896    7.03648      1.020    31.4080    23.7471 -9.990e-29
 157.423964      1.021  36.547299    12.2893    7.03621      1.012    31.4080    23.7471 -9.990e-29
 157.423970      1.017  36.546383    12.2886    7.03770      1.009    31.4077    23.7470 -9.990e-29
 157.423976      1.022  36.545347    12.2877    7.04616      1.013    31.4074    23.7470 -9.990e-29
 157.423981      1.030  36.544530    12.2871    7.04273      1.021    31.4072    23.7469 -9.990e-29
 157.423987      1.039  36.544001    12.2866    7.04315      1.030    31.4071    23.7469 -9.990e-29
 157.423993      1.049  36.543649    12.2859    7.04028      1.040    31.4073    23.7473 -9.990e-29
 157.423999      1.060  36.543042    12.2851    7.04514      1.051    31.4074    23.7475 -9.990e-29
 157.424005      1.070  36.542529    12.2849    7.04967      1.061    31.4071    23.7473 -9.990e-29
 157.424010      1.070  36.542586    12.2853    7.05088      1.061    31.4068    23.7470 -9.990e-29
 157.424016      1.059  36.542762    12.2856    7.04967      1.050    31.4067    23.7469 -9.990e-29
 157.424022      1.047  36.542768    12.2852    7.03992      1.038    31.4071    23.7472 -9.990e-29
 157.424028      1.040  36.542649    12.2845    7.04557      1.031    31.4075    23.7477 -9.990e-29
 157.424034      1.048  36.542284    12.2840    7.04544      1.039    31.4076    23.7478 -9.990e-29
 157.424039      1.070  36.541782    12.2834    7.05332      1.061    31.4076    23.7480 -9.990e-29
 157.424045      1.094  36.541633    12.2831    7.05125      1.085    31.4077    23.7481 -9.990e-29
 157.424051      1.111  36.541675    12.2832    7.04522      1.102    31.4077    23.7480 -9.990e-29
 157.424057      1.120  36.541437    12.2833    7.04536      1.111    31.4073    23.7478 -9.990e-29
 157.424062      1.131  36.541198    12.2835    7.04271      1.122    31.4069    23.7474 -9.990e-29
 157.424068      1.153  36.541240    12.2836    7.04658      1.143    31.4069    23.7474 -9.990e-29
 157.424074      1.192  36.541092    12.2835    7.04844      1.182    31.4068    23.7473 -9.990e-29
 157.424080      1.245  36.540596    12.2834    7.04902      1.235    31.4064    23.7470 -9.990e-29
 157.424086      1.309  36.540248    12.2835    7.05625      1.298    31.4060    23.7467 -9.990e-29
 157.424091      1.378  36.540181    12.2836    7.05861      1.366    31.4058    23.7465 -9.990e-29
 157.424097      1.456  36.540340    12.2834    7.05906      1.444    31.4061    23.7468 -9.990e-29
 157.424103      1.558  36.540414    12.2831    7.07160      1.545    31.4064    23.7471 -9.990e-29
 157.424109      1.693  36.539977    12.2827    7.07175      1.679    31.4062    23.7470 0.0000e+00
 157.424115      1.871  36.539045    12.2820    7.06768      1.855    31.4059    23.7469 0.0000e+00
 157.424120      2.098  36.538092    12.2811    7.07073      2.080    31.4056    23.7469 0.0000e+00
 157.424126      2.373  36.537567    12.2805    7.07942      2.353    31.4055    23.7469 0.0000e+00
 157.424132      2.686  36.537367    12.2800    7.08014      2.664    31.4056    23.7471 0.0000e+00
 157.424138      3.031  36.537259    12.2793    7.07373      3.006    31.4059    23.7475 0.0000e+00
 157.424144      3.406  36.537133    12.2786    7.04913      3.378    31.4063    23.7479 0.0000e+00
 157.424149      3.808  36.536858    12.2781    7.02345      3.776    31.4063    23.7480 0.0000e+00
 157.424155      4.233  36.536099    12.2766    7.04534      4.198    31.4066    23.7485 0.0000e+00
 157.424161      4.673  36.534248    12.2704    7.09013      4.634    31.4099    23.7522 0.0000e+00
 157.424167      5.127  36.529976    12.2530    7.13745      5.084    31.4202    23.7635 0.0000e+00
 157.424172      5.598  36.519103    12.2172    7.14016      5.551    31.4397    23.7853 0.0000e+00
 157.424178      6.085  36.494450    12.1648    7.07074      6.034    31.4599    23.8107 0.0000e+00
 157.424184      6.585  36.455506    12.1112    6.96805      6.530    31.4675    23.8265 0.0000e+00
 157.424190      7.096  36.415407    12.0662    6.88994      7.037    31.4667    23.8343 0.0000e+00
 157.424196      7.617  36.384621    12.0230    6.88525      7.553    31.4733    23.8474 0.0000e+00
 157.424201      8.150  36.356314    11.9661    6.93784      8.082    31.4939    23.8738 0.0000e+00
 157.424207      8.698  36.314625    11.8802    7.00736      8.625    31.5261    23.9146 0.0000e+00
 157.424213      9.259  36.244354    11.7574    7.02824      9.182    31.5621    23.9650 0.0000e+00
 157.424219      9.826  36.134808    11.6072    6.96292      9.744    31.5834    24.0088 0.0000e+00
 157.424225     10.391  35.999182    11.4656    6.87451     10.304    31.5720    24.0253 0.0000e+00
 157.424230     10.947  35.879810    11.3596    6.79015     10.855    31.5458    24.0239 0.0000e+00
 157.424236     11.492  35.802557    11.2783    6.71935     11.396    31.5395    24.0335 0.0000e+00
 157.424242     12.030  35.756927    11.2091    6.68919     11.929    31.5538    24.0568 0.0000e+00
 157.424248     12.560  35.725818    11.1481    6.65808     12.455    31.5753    24.0843 0.0000e+00
 157.424253     13.083  35.698034    11.0845    6.62116     12.973    31.6024    24.1165 0.0000e+00
 157.424259     13.606  35.666811    11.0168    6.58813     13.492    31.6297    24.1496 0.0000e+00
 157.424265     14.128  35.634263    10.9510    6.56365     14.010    31.6541    24.1801 0.0000e+00
 157.424271     14.647  35.604096    10.8851    6.53709     14.524    31.6810    24.2124 0.0000e+00
 157.424277     15.172  35.574780    10.8199    6.50707     15.045    31.7082    24.2449 0.0000e+00
 157.424282     15.704  35.548164    10.7605    6.46334     15.572    31.7331    24.2745 0.0000e+00
 157.424288     16.245  35.525772    10.7038    6.37160     16.109    31.7599    24.3051 0.0000e+00
 157.424294     16.794  35.501863    10.6468    6.29929     16.653    31.7855    24.3348 0.0000e+00
 157.424300     17.348  35.475401    10.5942    6.27751     17.202    31.8047    24.3588 0.0000e+00
 157.424306     17.899  35.450920    10.5480    6.28980     17.749    31.8204    24.3788 0.0000e+00
 157.424311     18.438  35.427182    10.5024    6.21051     18.283    31.8363    24.3990 0.0000e+00
 157.424317     18.958  35.400575    10.4457    6.01906     18.799    31.8591    24.4264 0.0000e+00
 157.424323     19.462  35.366471    10.3657    5.74418     19.299    31.8948    24.4677 0.0000e+00
 157.424329     19.964  35.319776    10.2639    5.48169     19.796    31.9372    24.5179 0.0000e+00
 157.424334     20.471  35.266079    10.1552    5.21621     20.299    31.9788    24.5684 0.0000e+00
 157.424340     20.984  35.215646    10.0363    4.90617     20.808    32.0329    24.6303 0.0000e+00
 157.424346     21.512  35.156174     9.8593    4.59559     21.331    32.1297    24.7349 0.0000e+00
 157.424352     22.052  35.033596     9.5849    4.32496     21.867    32.2501    24.8735 0.0000e+00
 157.424358     22.594  34.815106     9.2659    4.19280     22.404    32.3132    24.9736 0.0000e+00
 157.424363     23.122  34.560323     9.0118    4.25936     22.928    32.2798    24.9872 0.0000e+00
 157.424369     23.634  34.362287     8.8631    4.54509     23.435    32.2089    24.9546 0.0000e+00
 157.424375     24.131  34.257373     8.7673    4.96633     23.928    32.1864    24.9516 0.0000e+00
 157.424381     24.623  34.205448     8.6752    5.39117     24.416    32.2157    24.9886 0.0000e+00
 157.424387     25.121  34.160821     8.5837    5.72470     24.910    32.2522    25.0310 0.0000e+00
 157.424392     25.625  34.126777     8.5013    5.92901     25.410    32.2916    25.0742 0.0000e+00
 157.424398     26.134  34.105014     8.4301    6.02531     25.914    32.3338    25.1178 0.0000e+00
 157.424404     26.642  34.079405     8.3712    6.07341     26.418    32.3607    25.1477 0.0000e+00
 157.424410     27.138  34.046076     8.3269    6.09348     26.910    32.3660    25.1585 0.0000e+00
 157.424416     27.615  34.013283     8.2935    6.10267     27.383    32.3619    25.1602 0.0000e+00
 157.424421     28.073  33.989437     8.2617    6.10407     27.837    32.3658    25.1679 0.0000e+00
 157.424427     28.521  33.971899     8.2307    6.09565     28.281    32.3756    25.1802 0.0000e+00
 157.424433     28.977  33.954674     8.2059    6.04584     28.733    32.3801    25.1873 0.0000e+00
 157.424439     29.458  33.939472     8.1868    5.99511     29.210    32.3814    25.1911 0.0000e+00
 157.424444     29.957  33.927894     8.1688    5.95320     29.705    32.3855    25.1970 0.0000e+00
 157.424450     30.466  33.916845     8.1479    5.95906     30.210    32.3929    25.2058 0.0000e+00
 157.424456     30.991  33.902255     8.1193    6.03531     30.730    32.4036    25.2184 0.0000e+00
 157.424462     31.533  33.881499     8.0761    6.13822     31.267    32.4213    25.2386 0.0000e+00
 157.424468     32.082  33.851017     8.0129    6.15460     31.812    32.4472    25.2680 0.0000e+00
 157.424473     32.631  33.807172     7.9396    5.97509     32.356    32.4683    25.2951 0.0000e+00
 157.424479     33.168  33.757652     7.8795    5.61779     32.889    32.4711    25.3060 0.0000e+00
 157.424485     33.684  33.721068     7.8448    5.15755     33.400    32.4640    25.3054 0.0000e+00
 157.424491     34.181  33.711980     7.8375    4.76900     33.893    32.4609    25.3040 0.0000e+00
 157.424497     34.662  33.744617     7.8581    4.55408     34.370    32.4763    25.3132 0.0000e+00
 157.424502     35.118  33.813742     7.8917    4.49452     34.822    32.5187    25.3416 0.0000e+00
 157.424508     35.539  33.878136     7.9181    4.46228     35.239    32.5626    25.3723 0.0000e+00
 157.424514     35.928  33.910457     7.9314    4.40409     35.625    32.5845    25.3876 0.0000e+00
 157.424520     36.300  33.913465     7.9346    4.34289     35.994    32.5845    25.3872 0.0000e+00
 157.424525     36.678  33.897918     7.9309    4.33788     36.369    32.5712    25.3773 0.0000e+00
 157.424531     37.073  33.887947     7.9207    4.41107     36.760    32.5699    25.3777 0.0000e+00
 157.424537     37.486  33.894936     7.9029    4.50373     37.170    32.5938    25.3990 0.0000e+00
 157.424543     37.917  33.896831     7.8738    4.60819     37.597    32.6228    25.4260 0.0000e+00
 157.424549     38.363  33.875431     7.8319    4.69538     38.039    32.6388    25.4446 0.0000e+00
 157.424554     38.823  33.838649     7.7842    4.80265     38.495    32.6439    25.4554 0.0000e+00
 157.424560     39.304  33.805835     7.7388    4.96088     38.972    32.6511    25.4675 0.0000e+00
 157.424566     39.816  33.779770     7.6939    5.13620     39.480    32.6650    25.4848 0.0000e+00
 157.424572     40.356  33.747567     7.6424    5.34214     40.015    32.6785    25.5027 0.0000e+00
 157.424578     40.916  33.703289     7.5839    5.54302     40.570    32.6856    25.5165 0.0000e+00
 157.424583     41.486  33.650124     7.5217    5.70368     41.136    32.6866    25.5260 0.0000e+00
 157.424589     42.049  33.588934     7.4584    5.82752     41.694    32.6800    25.5296 0.0000e+00
 157.424595     42.594  33.526132     7.4015    5.87782     42.234    32.6655    25.5261 0.0000e+00
 157.424601     43.118  33.478309     7.3580    5.87766     42.754    32.6546    25.5235 0.0000e+00
 157.424606     43.619  33.449524     7.3289    5.87017     43.250    32.6506    25.5244 0.0000e+00
 157.424612     44.091  33.434470     7.3149    5.84808     43.718    32.6473    25.5237 0.0000e+00
 157.424618     44.534  33.431578     7.3144    5.84542     44.158    32.6444    25.5215 0.0000e+00
 157.424624     44.962  33.438686     7.3213    5.83452     44.582    32.6454    25.5214 0.0000e+00
 157.424630     45.396  33.449031     7.3229    5.82768     45.012    32.6549    25.5286 0.0000e+00
 157.424635     45.853  33.448961     7.3110    5.81522     45.465    32.6658    25.5388 0.0000e+00
 157.424641     46.346  33.436161     7.2949    5.77841     45.954    32.6669    25.5419 0.0000e+00
 157.424647     46.876  33.426648     7.2840    5.73742     46.479    32.6667    25.5432 0.0000e+00
 157.424653     47.434  33.426245     7.2778    5.69855     47.033    32.6718    25.5481 0.0000e+00
 157.424659     48.003  33.429381     7.2746    5.66540     47.597    32.6780    25.5534 0.0000e+00
 157.424664     48.578  33.434085     7.2729    5.63435     48.167    32.6844    25.5587 0.0000e+00
 157.424670     49.152  33.440476     7.2720    5.60278     48.736    32.6919    25.5648 0.0000e+00
 157.424676     49.714  33.448684     7.2708    5.56667     49.293    32.7017    25.5726 0.0000e+00
 157.424682     50.262  33.457336     7.2678    5.54306     49.836    32.7137    25.5824 0.0000e+00
 157.424688     50.796  33.464532     7.2625    5.53338     50.366    32.7262    25.5931 0.0000e+00
 157.424693     51.320  33.470911     7.2552    5.53778     50.885    32.7398    25.6047 0.0000e+00
 157.424699     51.833  33.477708     7.2463    5.53812     51.394    32.7554    25.6182 0.0000e+00
 157.424705     52.325  33.483913     7.2361    5.53833     51.882    32.7716    25.6323 0.0000e+00
 157.424711     52.793  33.487725     7.2260    5.54372     52.346    32.7851    25.6443 0.0000e+00
 157.424716     53.242  33.488634     7.2192    5.53101     52.791    32.7923    25.6510 0.0000e+00
 157.424722     53.673  33.488426     7.2166    5.52317     53.218    32.7943    25.6529 0.0000e+00
 157.424728     54.097  33.489640     7.2139    5.48701     53.638    32.7980    25.6562 0.0000e+00
 157.424734     54.532  33.492786     7.2086    5.43429     54.070    32.8062    25.6634 0.0000e+00
 157.424740     54.989  33.499275     7.2021    5.37664     54.523    32.8193    25.6745 0.0000e+00
 157.424745     55.472  33.512170     7.1946    5.30760     55.002    32.8402    25.6920 0.0000e+00
 157.424751     55.985  33.530744     7.1854    5.22467     55.510    32.8689    25.7159 0.0000e+00
 157.424757     56.523  33.550634     7.1756    5.14211     56.044    32.8996    25.7414 0.0000e+00
 157.424763     57.068  33.568108     7.1658    5.05291     56.584    32.9277    25.7648 0.0000e+00
 157.424769     57.607  33.585179     7.1570    4.97134     57.118    32.9544    25.7871 0.0000e+00
 157.424774     58.128  33.605004     7.1506    4.89482     57.635    32.9819    25.8096 0.0000e+00
 157.424780     58.622  33.626004     7.1471    4.80177     58.124    33.0079    25.8305 0.0000e+00
 157.424786     59.089  33.644245     7.1452    4.68328     58.587    33.0293    25.8476 0.0000e+00
 157.424792     59.538  33.657160     7.1437    4.53155     59.033    33.0446    25.8599 0.0000e+00
 157.424797     59.981  33.670214     7.1430    4.33808     59.472    33.0593    25.8715 0.0000e+00
 157.424803     60.423  33.694662     7.1440    4.11155     59.910    33.0848    25.8915 0.0000e+00
 157.424809     60.872  33.730050     7.1488    3.90768     60.355    33.1185    25.9174 0.0000e+00
 157.424815     61.335  33.770891     7.1593    3.73364     60.814    33.1527    25.9429 0.0000e+00
 157.424821     61.807  33.825136     7.1730    3.61080     61.282    33.1984    25.9770 0.0000e+00
