data/oxygen options/ONMS/Olympic_Coast_National_Marine_Sanctuary_Hypoxia_Survey_CTD_Data_2004_2015/raw_data/2007/CTD_CA100_080707faed.cnv
* Sea-Bird SBE19 Data File:
* FileName = C:\2007_mooring_data\CTD_CA100_080707.hex
* Software Version 1.1.6
* Temperature SN = 2997
* Conductivity SN = 2997
* System UpLoad Time = Aug 07 2007 12:57:18
* SEACAT PROFILER V3.1c SN 2997   08/07/07  12:57:10.810
* strain gauge pressure sensor: S/N = 184829,  range = 3000 psia,  tc = 40
# nquan = 9                                 
# nvalues = 888                         
# units = specified
# name 0 = timeJ: Julian Days
# name 1 = prSM: Pressure, Strain Gauge [db]
# name 2 = c0mS/cm: Conductivity [mS/cm]
# name 3 = t090C: Temperature [ITS-90, deg C]
# name 4 = oxML/L: Oxygen, Beckman/YSI [ml/l]
# name 5 = depSM: Depth [salt water, m], lat = 47.5
# name 6 = sal00: Salinity, Practical [PSU]
# name 7 = sigma-é00: Density [sigma-theta, kg/m^3]
# name 8 = flag: flag
# span 0 = 219.531227, 219.536360       
# span 1 =     -5.411,    100.221       
# span 2 =   0.179952,  37.257738       
# span 3 =     7.0070,    13.9491       
# span 4 =   -0.07019,   31.72701       
# span 5 =     -5.366,     99.360       
# span 6 =     0.1097,    33.8560       
# span 7 =    -0.6609,    26.5007       
# span 8 = 0.0000e+00, 0.0000e+00       
# interval = seconds: 0.5
# start_time = Aug 07 2007 12:44:58 [Instrument's time stamp, header]
# bad_flag = -9.990e-29
*END*
[from data line 321]
 219.533084      0.640  37.075061    13.0706    6.43006      0.635    31.2583    23.4823 -9.990e-29
 219.533090      0.637  37.076781    13.0713    6.42589      0.632    31.2593    23.4829 -9.990e-29
 219.533096      0.634  37.077319    13.0707    6.44682      0.629    31.2603    23.4838 -9.990e-29
 219.533102      0.637  37.076278    13.0705    6.45784      0.632    31.2595    23.4832 -9.990e-29
 219.533108      0.645  37.075078    13.0712    6.46513      0.640    31.2578    23.4818 -9.990e-29
 219.533113      0.650  37.076045    13.0726    6.48232      0.645    31.2576    23.4813 -9.990e-29
 219.533119      0.648  37.077669    13.0738    6.47502      0.643    31.2581    23.4815 -9.990e-29
 219.533125      0.645  37.078196    13.0745    6.46903      0.640    31.2580    23.4813 -9.990e-29
 219.533131      0.647  37.078332    13.0748    6.46360      0.642    31.2579    23.4811 -9.990e-29
 219.533137      0.655  37.078823    13.0746    6.42966      0.650    31.2585    23.4817 -9.990e-29
 219.533142      0.665  37.079208    13.0734    6.39193      0.659    31.2599    23.4829 -9.990e-29
 219.533148      0.679  37.079445    13.0715    6.32614      0.673    31.2616    23.4847 -9.990e-29
 219.533154      0.691  37.079851    13.0700    6.25787      0.685    31.2633    23.4862 -9.990e-29
 219.533160      0.700  37.079290    13.0690    6.23909      0.694    31.2635    23.4866 -9.990e-29
 219.533166      0.706  37.077016    13.0673    6.27300      0.700    31.2628    23.4864 -9.990e-29
 219.533171      0.708  37.072246    13.0651    6.32148      0.702    31.2602    23.4848 -9.990e-29
 219.533177      0.707  37.065351    13.0647    6.36111      0.701    31.2540    23.4801 -9.990e-29
 219.533183      0.703  37.062276    13.0675    6.37612      0.697    31.2488    23.4756 -9.990e-29
 219.533189      0.701  37.066775    13.0706    6.38292      0.695    31.2505    23.4762 -9.990e-29
 219.533194      0.703  37.073078    13.0713    6.38942      0.697    31.2558    23.4802 -9.990e-29
 219.533200      0.707  37.075577    13.0704    6.40478      0.701    31.2589    23.4828 -9.990e-29
 219.533206      0.712  37.075367    13.0696    6.43678      0.706    31.2594    23.4833 -9.990e-29
 219.533212      0.723  37.075536    13.0700    6.45740      0.717    31.2592    23.4831 -9.990e-29
 219.533218      0.736  37.076873    13.0716    6.47953      0.730    31.2591    23.4827 -9.990e-29
 219.533223      0.747  37.078362    13.0730    6.47986      0.741    31.2594    23.4826 -9.990e-29
 219.533229      0.759  37.079191    13.0741    6.45817      0.753    31.2592    23.4823 -9.990e-29
 219.533235      0.770  37.079347    13.0754    6.40983      0.764    31.2583    23.4813 -9.990e-29
 219.533241      0.783  37.079603    13.0767    6.36216      0.776    31.2575    23.4804 -9.990e-29
 219.533247      0.798  37.080303    13.0772    6.33304      0.791    31.2577    23.4805 -9.990e-29
 219.533252      0.811  37.080704    13.0758    6.36462      0.804    31.2592    23.4820 -9.990e-29
 219.533258      0.819  37.079663    13.0729    6.40363      0.812    31.2606    23.4836 -9.990e-29
 219.533264      0.827  37.076918    13.0709    6.44054      0.820    31.2597    23.4833 -9.990e-29
 219.533270      0.836  37.074979    13.0725    6.44927      0.829    31.2566    23.4806 -9.990e-29
 219.533275      0.837  37.076310    13.0764    6.44620      0.830    31.2546    23.4783 -9.990e-29
 219.533281      0.830  37.078765    13.0797    6.44699      0.823    31.2542    23.4773 -9.990e-29
 219.533287      0.824  37.080014    13.0812    6.45115      0.817    31.2541    23.4770 -9.990e-29
 219.533293      0.822  37.080608    13.0812    6.44609      0.815    31.2547    23.4774 -9.990e-29
 219.533299      0.824  37.080781    13.0805    6.44072      0.817    31.2554    23.4781 -9.990e-29
 219.533304      0.827  37.080770    13.0798    6.43615      0.820    31.2560    23.4787 -9.990e-29
 219.533310      0.825  37.081123    13.0793    6.42668      0.818    31.2567    23.4794 -9.990e-29
 219.533316      0.824  37.081754    13.0790    6.43351      0.817    31.2576    23.4801 -9.990e-29
 219.533322      0.827  37.082388    13.0792    6.44443      0.820    31.2580    23.4804 -9.990e-29
 219.533328      0.835  37.082754    13.0799    6.44913      0.828    31.2578    23.4801 -9.990e-29
 219.533333      0.848  37.082783    13.0809    6.44532      0.841    31.2570    23.4792 -9.990e-29
 219.533339      0.863  37.082891    13.0818    6.43840      0.856    31.2563    23.4786 -9.990e-29
 219.533345      0.872  37.083220    13.0825    6.43217      0.865    31.2560    23.4782 -9.990e-29
 219.533351      0.871  37.083449    13.0834    6.44657      0.864    31.2555    23.4776 -9.990e-29
 219.533356      0.865  37.083305    13.0842    6.43862      0.858    31.2547    23.4769 -9.990e-29
 219.533362      0.861  37.082951    13.0846    6.43440      0.854    31.2541    23.4763 -9.990e-29
 219.533368      0.864  37.083019    13.0849    6.40792      0.857    31.2539    23.4761 -9.990e-29
 219.533374      0.870  37.083580    13.0848    6.39423      0.863    31.2545    23.4766 -9.990e-29
 219.533380      0.875  37.083684    13.0831    6.39843      0.868    31.2560    23.4781 -9.990e-29
 219.533385      0.883  37.082889    13.0801    6.41005      0.876    31.2577    23.4800 -9.990e-29
 219.533391      0.895  37.081799    13.0780    6.42526      0.888    31.2584    23.4809 -9.990e-29
 219.533397      0.903  37.081184    13.0778    6.40872      0.895    31.2580    23.4806 -9.990e-29
 219.533403      0.908  37.081888    13.0793    6.37760      0.900    31.2574    23.4799 -9.990e-29
 219.533409      0.914  37.083149    13.0806    6.34496      0.906    31.2575    23.4797 -9.990e-29
 219.533414      0.917  37.083266    13.0794    6.32741      0.909    31.2586    23.4808 -9.990e-29
 219.533420      0.918  37.081817    13.0754    6.31946      0.910    31.2606    23.4831 -9.990e-29
 219.533426      0.925  37.079653    13.0712    6.31363      0.917    31.2620    23.4850 -9.990e-29
 219.533432      0.938  37.078356    13.0700    6.30076      0.930    31.2618    23.4851 -9.990e-29
 219.533437      0.951  37.078420    13.0713    6.32283      0.943    31.2607    23.4840 -9.990e-29
 219.533443      0.958  37.078790    13.0714    6.35257      0.950    31.2610    23.4842 -9.990e-29
 219.533449      0.962  37.078258    13.0685    6.39508      0.954    31.2629    23.4862 -9.990e-29
 219.533455      0.966  37.076659    13.0665    6.40957      0.958    31.2630    23.4867 -9.990e-29
 219.533461      0.975  37.076327    13.0688    6.39280      0.967    31.2608    23.4846 -9.990e-29
 219.533466      0.985  37.079043    13.0733    6.36528      0.977    31.2597    23.4828 -9.990e-29
 219.533472      0.992  37.081681    13.0752    6.35052      0.984    31.2606    23.4831 -9.990e-29
 219.533478      0.997  37.081575    13.0733    6.36400      0.989    31.2620    23.4846 -9.990e-29
 219.533484      1.001  37.079128    13.0700    6.37298      0.993    31.2625    23.4856 -9.990e-29
 219.533490      1.003  37.074983    13.0685    6.38563      0.995    31.2598    23.4839 -9.990e-29
 219.533495      1.004  37.073124    13.0699    6.35898      0.996    31.2569    23.4813 -9.990e-29
 219.533501      1.004  37.076099    13.0720    6.35323      0.996    31.2580    23.4817 -9.990e-29
 219.533507      1.002  37.079447    13.0724    6.35489      0.994    31.2608    23.4838 -9.990e-29
 219.533513      0.999  37.079765    13.0709    6.38353      0.991    31.2623    23.4853 -9.990e-29
 219.533519      0.994  37.076899    13.0697    6.41341      0.986    31.2606    23.4842 -9.990e-29
 219.533524      0.988  37.074299    13.0709    6.41776      0.980    31.2572    23.4814 -9.990e-29
 219.533530      0.979  37.076325    13.0742    6.40178      0.971    31.2564    23.4801 -9.990e-29
 219.533536      0.968  37.080056    13.0769    6.35860      0.960    31.2577    23.4806 -9.990e-29
 219.533542      0.957  37.082037    13.0770    6.30595      0.949    31.2594    23.4819 -9.990e-29
 219.533547      0.955  37.082092    13.0746    6.25490      0.947    31.2615    23.4839 -9.990e-29
 219.533553      0.961  37.080274    13.0709    6.20810      0.953    31.2628    23.4857 -9.990e-29
 219.533559      0.967  37.078068    13.0664    6.20816      0.959    31.2644    23.4878 -9.990e-29
 219.533565      0.970  37.075875    13.0599    6.25106      0.962    31.2677    23.4917 -9.990e-29
 219.533571      0.970  37.072436    13.0518    6.32117      0.962    31.2712    23.4959 -9.990e-29
 219.533576      0.966  37.067070    13.0476    6.37345      0.958    31.2696    23.4955 -9.990e-29
 219.533582      0.958  37.064375    13.0528    6.39721      0.950    31.2628    23.4892 -9.990e-29
 219.533588      0.946  37.068588    13.0635    6.37677      0.938    31.2579    23.4834 -9.990e-29
 219.533594      0.933  37.074094    13.0720    6.32926      0.925    31.2561    23.4803 -9.990e-29
 219.533600      0.927  37.077563    13.0754    6.25775      0.919    31.2566    23.4800 -9.990e-29
 219.533605      0.933  37.079683    13.0746    6.20762      0.925    31.2592    23.4822 -9.990e-29
 219.533611      0.950  37.078220    13.0710    6.20420      0.942    31.2608    23.4841 -9.990e-29
 219.533617      0.975  37.072885    13.0636    6.25807      0.967    31.2619    23.4864 -9.990e-29
 219.533623      1.001  37.066075    13.0522    6.32543      0.993    31.2649    23.4909 -9.990e-29
 219.533628      1.025  37.062148    13.0428    6.37410      1.016    31.2689    23.4959 -9.990e-29
 219.533634      1.046  37.063697    13.0435    6.39561      1.037    31.2698    23.4964 -9.990e-29
 219.533640      1.055  37.069403    13.0544    6.36561      1.046    31.2662    23.4915 -9.990e-29
 219.533646      1.053  37.075639    13.0666    6.35425      1.044    31.2620    23.4859 -9.990e-29
 219.533652      1.049  37.078929    13.0722    6.34918      1.040    31.2604    23.4836 -9.990e-29
 219.533657      1.046  37.079158    13.0707    6.36321      1.037    31.2619    23.4850 -9.990e-29
 219.533663      1.045  37.077178    13.0668    6.38103      1.036    31.2632    23.4868 -9.990e-29
 219.533669      1.045  37.074818    13.0665    6.38511      1.036    31.2613    23.4854 -9.990e-29
 219.533675      1.047  37.075079    13.0696    6.39628      1.038    31.2590    23.4830 -9.990e-29
 219.533681      1.049  37.077166    13.0716    6.39793      1.040    31.2593    23.4828 -9.990e-29
 219.533686      1.054  37.078799    13.0709    6.40638      1.045    31.2614    23.4846 -9.990e-29
 219.533692      1.060  37.079895    13.0695    6.41609      1.051    31.2636    23.4866 -9.990e-29
 219.533698      1.069  37.080777    13.0694    6.41950      1.060    31.2645    23.4873 -9.990e-29
 219.533704      1.080  37.081480    13.0715    6.41669      1.071    31.2634    23.4860 -9.990e-29
 219.533709      1.091  37.081802    13.0752    6.38145      1.082    31.2606    23.4832 -9.990e-29
 219.533715      1.093  37.082152    13.0777    6.34786      1.084    31.2589    23.4814 -9.990e-29
 219.533721      1.087  37.082980    13.0774    6.31299      1.078    31.2599    23.4822 -9.990e-29
 219.533727      1.080  37.083128    13.0752    6.31423      1.071    31.2619    23.4842 -9.990e-29
 219.533733      1.081  37.081096    13.0715    6.33514      1.072    31.2630    23.4858 -9.990e-29
 219.533738      1.095  37.076960    13.0665    6.34971      1.086    31.2633    23.4869 -9.990e-29
 219.533744      1.113  37.073598    13.0630    6.36115      1.104    31.2630    23.4874 -9.990e-29
 219.533750      1.124  37.073794    13.0637    6.33479      1.115    31.2626    23.4869 -9.990e-29
 219.533756      1.128  37.076669    13.0674    6.30516      1.119    31.2622    23.4860 -9.990e-29
 219.533762      1.135  37.079869    13.0700    6.28904      1.126    31.2631    23.4861 -9.990e-29
 219.533767      1.149  37.081477    13.0692    6.31363      1.139    31.2653    23.4879 -9.990e-29
 219.533773      1.170  37.080256    13.0653    6.36195      1.160    31.2673    23.4903 -9.990e-29
 219.533779      1.201  37.076802    13.0625    6.42496      1.191    31.2664    23.4901 -9.990e-29
 219.533785      1.243  37.075462    13.0649    6.46718      1.233    31.2631    23.4871 -9.990e-29
 219.533791      1.300  37.078354    13.0697    6.42508      1.289    31.2619    23.4852 -9.990e-29
 219.533796      1.373  37.081466    13.0724    6.27217      1.362    31.2625    23.4852 -9.990e-29
 219.533802      1.469  37.082763    13.0729    5.98046      1.457    31.2633    23.4857 -9.990e-29
 219.533808      1.593  37.083397    13.0703    5.60145      1.580    31.2660    23.4883 -9.990e-29
 219.533814      1.749  37.081391    13.0583    5.14581      1.734    31.2739    23.4968 0.0000e+00
 219.533819      1.938  37.070128    13.0194    4.77075      1.922    31.2954    23.5209 0.0000e+00
 219.533825      2.164  37.034573    12.9283    4.46033      2.146    31.3372    23.5709 0.0000e+00
 219.533831      2.432  36.957012    12.7685    4.20261      2.412    31.3966    23.6476 0.0000e+00
 219.533837      2.747  36.833804    12.5521    4.06022      2.724    31.4602    23.7381 0.0000e+00
 219.533843      3.107  36.679477    12.3142    3.94788      3.081    31.5125    23.8235 0.0000e+00
 219.533848      3.505  36.514142    12.0801    3.92912      3.476    31.5512    23.8972 0.0000e+00
 219.533854      3.929  36.347138    11.8643    3.94663      3.896    31.5729    23.9537 0.0000e+00
 219.533860      4.361  36.192294    11.6627    3.96420      4.325    31.5942    24.0070 0.0000e+00
 219.533866      4.796  36.047701    11.4472    3.98461      4.756    31.6373    24.0792 0.0000e+00
 219.533872      5.239  35.893722    11.2119    3.99209      5.195    31.6884    24.1608 0.0000e+00
 219.533877      5.697  35.743053    10.9910    4.00711      5.649    31.7304    24.2323 0.0000e+00
 219.533883      6.174  35.618397    10.8216    4.01847      6.122    31.7537    24.2798 0.0000e+00
 219.533889      6.666  35.532849    10.7061    4.03465      6.610    31.7689    24.3115 0.0000e+00
 219.533895      7.161  35.484386    10.6169    4.04108      7.101    31.7982    24.3496 0.0000e+00
 219.533900      7.656  35.449818    10.5291    4.03206      7.592    31.8401    24.3972 0.0000e+00
 219.533906      8.157  35.411044    10.4381    4.02916      8.089    31.8808    24.4443 0.0000e+00
 219.533912      8.667  35.365660    10.3516    4.01385      8.594    31.9110    24.4825 0.0000e+00
 219.533918      9.178  35.315334    10.2737    4.01244      9.101    31.9288    24.5094 0.0000e+00
 219.533924      9.681  35.259626    10.2044    4.01206      9.600    31.9336    24.5248 0.0000e+00
 219.533929     10.173  35.203811    10.1440    4.02246     10.088    31.9304    24.5323 0.0000e+00
 219.533935     10.655  35.160309    10.0920    4.05220     10.566    31.9322    24.5424 0.0000e+00
 219.533941     11.129  35.136099    10.0491    4.05544     11.036    31.9454    24.5598 0.0000e+00
 219.533947     11.602  35.125776    10.0176    4.06974     11.505    31.9626    24.5784 0.0000e+00
 219.533953     12.084  35.120594     9.9971    4.05280     11.983    31.9753    24.5917 0.0000e+00
 219.533958     12.576  35.117541     9.9838    4.01191     12.471    31.9838    24.6005 0.0000e+00
 219.533964     13.073  35.117564     9.9732    3.93655     12.963    31.9930    24.6095 0.0000e+00
 219.533970     13.578  35.118990     9.9595    3.87649     13.464    32.0064    24.6221 0.0000e+00
 219.533976     14.093  35.116414     9.9311    3.82587     13.975    32.0287    24.6443 0.0000e+00
 219.533981     14.621  35.101897     9.8749    3.77090     14.498    32.0637    24.6808 0.0000e+00
 219.533987     15.161  35.071195     9.7893    3.73687     15.034    32.1085    24.7297 0.0000e+00
 219.533993     15.700  35.023704     9.6761    3.66759     15.568    32.1610    24.7891 0.0000e+00
 219.533999     16.230  34.949876     9.5393    3.63083     16.094    32.2080    24.8478 0.0000e+00
