data/oxygen options/ONMS/Olympic_Coast_National_Marine_Sanctuary_Hypoxia_Survey_CTD_Data_2004_2015/raw_data/2007/CTD_CA100_080707faed.cnv
* Sea-Bird SBE19 Data File:
* FileName = C:\2007_mooring_data\CTD_CA100_080707.hex
* Software Version 1.1.6
* Temperature SN = 2997
* Conductivity SN = 2997
* System UpLoad Time = Aug 07 2007 12:57:18
* SEACAT PROFILER V3.1c SN 2997   08/07/07  12:57:10.810
* strain gauge pressure sensor: S/N = 184829,  range = 3000 psia,  tc = 40
# nquan = 9                                 
# nvalues = 888                         
# units = specified
# name 0 = timeJ: Julian Days
# name 1 = prSM: Pressure, Strain Gauge [db]
# name 2 = c0mS/cm: Conductivity [mS/cm]
# name 3 = t090C: Temperature [ITS-90, deg C]
# name 4 = oxML/L: Oxygen, Beckman/YSI [ml/l]
# name 5 = depSM: Depth [salt water, m], lat = 47.5
# name 6 = sal00: Salinity, Practical [PSU]
# name 7 = sigma-é00: Density [sigma-theta, kg/m^3]
# name 8 = flag: flag
# span 0 = 219.531227, 219.536360       
# span 1 =     -5.411,    100.221       
# span 2 =   0.179952,  37.257738       
# span 3 =     7.0070,    13.9491       
# span 4 =   -0.07019,   31.72701       
# span 5 =     -5.366,     99.360       
# span 6 =     0.1097,    33.8560       
# span 7 =    -0.6609,    26.5007       
# span 8 = 0.0000e+00, 0.0000e+00       
# interval = seconds: 0.5
# start_time = Aug 07 2007 12:44:58 [Instrument's time stamp, header]
# bad_flag = -9.990e-29
*END*
[from data line 801]
 219.535862     37.467  33.808585     7.4845    4.62068     37.151    32.8946    25.6946 0.0000e+00
 219.535868     37.028  33.801084     7.5016    4.65275     36.716    32.8705    25.6733 0.0000e+00
 219.535874     36.583  33.791439     7.5156    4.65007     36.274    32.8471    25.6529 0.0000e+00
 219.535880     36.136  33.780226     7.5299    4.65188     35.831    32.8216    25.6309 0.0000e+00
 219.535885     35.694  33.769293     7.5457    4.67716     35.393    32.7951    25.6078 0.0000e+00
 219.535891     35.259  33.761979     7.5624    4.68977     34.962    32.7717    25.5871 0.0000e+00
 219.535897     34.829  33.758605     7.5772    4.69893     34.535    32.7543    25.5713 0.0000e+00
 219.535903     34.406  33.756343     7.5896    4.65700     34.116    32.7404    25.5586 0.0000e+00
 219.535909     33.989  33.754967     7.6084    4.59405     33.703    32.7214    25.5411 0.0000e+00
 219.535914     33.568  33.755992     7.6517    4.56412     33.285    32.6820    25.5040 0.0000e+00
 219.535920     33.139  33.763571     7.7263    4.57769     32.860    32.6204    25.4450 0.0000e+00
 219.535926     32.700  33.784994     7.8109    4.60079     32.425    32.5644    25.3890 0.0000e+00
 219.535932     32.257  33.816878     7.8802    4.61164     31.985    32.5340    25.3553 0.0000e+00
 219.535937     31.821  33.847384     7.9288    4.55516     31.553    32.5215    25.3385 0.0000e+00
 219.535943     31.389  33.871802     7.9668    4.42098     31.125    32.5124    25.3259 0.0000e+00
 219.535949     30.956  33.895788     8.0184    4.24957     30.695    32.4902    25.3010 0.0000e+00
 219.535955     30.520  33.928902     8.0998    4.04460     30.263    32.4501    25.2577 0.0000e+00
 219.535961     30.078  33.974381     8.1933    3.88854     29.825    32.4121    25.2142 0.0000e+00
 219.535966     29.628  34.029537     8.2708    3.75767     29.379    32.3991    25.1927 0.0000e+00
 219.535972     29.168  34.086662     8.3240    3.67590     28.923    32.4106    25.1939 0.0000e+00
 219.535978     28.703  34.133389     8.3573    3.64607     28.461    32.4294    25.2037 0.0000e+00
 219.535984     28.241  34.163656     8.3765    3.61951     28.003    32.4438    25.2121 0.0000e+00
 219.535990     27.782  34.181950     8.3880    3.61845     27.548    32.4527    25.2174 0.0000e+00
 219.535995     27.325  34.193601     8.3970    3.58094     27.095    32.4569    25.2193 0.0000e+00
 219.536001     26.864  34.201242     8.4075    3.56101     26.638    32.4555    25.2166 0.0000e+00
 219.536007     26.397  34.208324     8.4235    3.52007     26.175    32.4484    25.2087 0.0000e+00
 219.536013     25.920  34.218109     8.4457    3.49509     25.702    32.4385    25.1976 0.0000e+00
 219.536019     25.436  34.231864     8.4685    3.47802     25.222    32.4322    25.1893 0.0000e+00
 219.536024     24.962  34.246623     8.4850    3.46462     24.752    32.4328    25.1872 0.0000e+00
 219.536030     24.511  34.257961     8.4934    3.47681     24.305    32.4372    25.1894 0.0000e+00
 219.536036     24.079  34.268097     8.4968    3.47124     23.877    32.4449    25.1950 0.0000e+00
 219.536042     23.653  34.278765     8.5001    3.46434     23.454    32.4533    25.2010 0.0000e+00
 219.536047     23.217  34.283441     8.5089    3.44956     23.022    32.4503    25.1973 0.0000e+00
 219.536053     22.765  34.283299     8.5267    3.44634     22.574    32.4340    25.1819 0.0000e+00
 219.536059     22.299  34.287662     8.5495    3.46440     22.112    32.4178    25.1658 0.0000e+00
 219.536065     21.828  34.297292     8.5707    3.48235     21.645    32.4087    25.1554 0.0000e+00
 219.536071     21.361  34.308205     8.5897    3.50213     21.182    32.4029    25.1480 0.0000e+00
 219.536076     20.896  34.318693     8.6098    3.50706     20.721    32.3957    25.1393 0.0000e+00
 219.536082     20.432  34.328717     8.6375    3.52953     20.260    32.3810    25.1237 0.0000e+00
 219.536088     19.963  34.339863     8.6826    3.54220     19.795    32.3516    25.0938 0.0000e+00
 219.536094     19.486  34.357454     8.7457    3.58314     19.322    32.3125    25.0536 0.0000e+00
 219.536100     19.001  34.388123     8.8162    3.59220     18.842    32.2805    25.0178 0.0000e+00
 219.536105     18.511  34.429603     8.8879    3.60514     18.356    32.2586    24.9897 0.0000e+00
 219.536111     18.018  34.472192     8.9621    3.66959     17.867    32.2357    24.9604 0.0000e+00
 219.536117     17.527  34.510664     9.0437    3.72041     17.380    32.2019    24.9213 0.0000e+00
 219.536123     17.039  34.548133     9.1445    3.80405     16.896    32.1498    24.8648 0.0000e+00
 219.536128     16.559  34.592723     9.2678    3.85554     16.420    32.0850    24.7949 0.0000e+00
 219.536134     16.089  34.645046     9.3914    3.89163     15.954    32.0282    24.7309 0.0000e+00
 219.536140     15.631  34.693242     9.4941    3.93348     15.500    31.9860    24.6816 0.0000e+00
 219.536146     15.176  34.742754     9.5921    3.94440     15.049    31.9495    24.6374 0.0000e+00
 219.536152     14.713  34.804139     9.7039    3.96909     14.590    31.9129    24.5909 0.0000e+00
 219.536157     14.233  34.862865     9.8042    3.98235     14.114    31.8840    24.5520 0.0000e+00
 219.536163     13.740  34.915426     9.8675    3.99919     13.625    31.8815    24.5398 0.0000e+00
 219.536169     13.247  34.964675     9.9030    4.01407     13.136    31.9003    24.5486 0.0000e+00
 219.536175     12.755  34.998397     9.9283    4.02953     12.648    31.9123    24.5538 0.0000e+00
 219.536181     12.259  35.016169     9.9570    4.05614     12.156    31.9051    24.5435 0.0000e+00
 219.536186     11.759  35.027681    10.0005    4.05299     11.661    31.8785    24.5157 0.0000e+00
 219.536192     11.250  35.041001    10.0639    4.04635     11.156    31.8364    24.4723 0.0000e+00
 219.536198     10.733  35.066611    10.1394    4.06312     10.643    31.7960    24.4283 0.0000e+00
 219.536204     10.211  35.107838    10.2168    4.08531     10.126    31.7698    24.3951 0.0000e+00
 219.536209      9.696  35.157456    10.3017    4.13186      9.615    31.7456    24.3620 0.0000e+00
 219.536215      9.191  35.212140    10.4000    4.16250      9.114    31.7147    24.3214 0.0000e+00
 219.536221      8.697  35.262990    10.5022    4.20583      8.624    31.6767    24.2745 0.0000e+00
 219.536227      8.210  35.297112    10.6028    4.25875      8.141    31.6236    24.2161 0.0000e+00
 219.536233      7.735  35.329755    10.7087    4.34588      7.670    31.5646    24.1521 0.0000e+00
 219.536238      7.272  35.383722    10.8382    4.42430      7.211    31.5066    24.0847 0.0000e+00
 219.536244      6.815  35.459246    11.0090    4.50369      6.758    31.4348    23.9992 0.0000e+00
 219.536250      6.362  35.556154    11.2189    4.64558      6.309    31.3510    23.8973 0.0000e+00
 219.536256      5.907  35.672520    11.4495    4.79564      5.858    31.2693    23.7930 0.0000e+00
 219.536262      5.440  35.798738    11.6829    5.00919      5.395    31.1953    23.6937 0.0000e+00
 219.536267      4.967  35.936102    11.9024    5.27428      4.925    31.1441    23.6141 0.0000e+00
 219.536273      4.496  36.084512    12.0933    5.61690      4.458    31.1275    23.5662 0.0000e+00
 219.536279      4.032  36.232245    12.2654    5.96409      3.998    31.1259    23.5330 0.0000e+00
 219.536285      3.579  36.379562    12.4503    6.30443      3.549    31.1130    23.4885 0.0000e+00
 219.536291      3.139  36.527837    12.6585    6.46869      3.113    31.0817    23.4249 0.0000e+00
 219.536296      2.714  36.658407    12.8523    6.41982      2.691    31.0456    23.3600 0.0000e+00
 219.536302      2.310  36.771609    12.9839    6.54895      2.291    31.0442    23.3335 0.0000e+00
 219.536308      1.936  36.874342    13.0491 -9.990e-29      1.920    31.0873    23.3542 0.0000e+00
 219.536314      1.600  36.947209    13.0759 -9.990e-29      1.587    31.1337    23.3849 0.0000e+00
 219.536319      1.299  36.979747    13.0836 -9.990e-29      1.288    31.1580    23.4022 0.0000e+00
 219.536325      1.038  36.976105    13.0787 -9.990e-29      1.029    31.1587    23.4037 0.0000e+00
 219.536331      0.824  36.938719    13.0711 -9.990e-29      0.817    31.1300    23.3830 0.0000e+00
 219.536337      0.662  36.869883    13.0664 -9.990e-29      0.656    31.0694    23.3370 -9.990e-29
 219.536343      0.546  36.745650    13.0625 -9.990e-29      0.541    30.9563    23.2503 -9.990e-29
 219.536348      0.468  36.496804    13.0589 -9.990e-29      0.464    30.7264    23.0732 -9.990e-29
 219.536354      0.423  35.933947    13.0574 -9.990e-29      0.419    30.2017    22.6678 -9.990e-29
 219.536360      0.408  34.427134 -9.990e-29 -9.990e-29      0.405 -9.990e-29 -9.990e-29 -9.990e-29
