data/oxygen options/ONMS/Olympic_Coast_National_Marine_Sanctuary_Hypoxia_Survey_CTD_Data_2004_2015/raw_data/2007/CTD_CA100_091007faed.cnv
* Sea-Bird SBE19 Data File:
* FileName = C:\2007_mooring_data\CTD_CA100_091007.hex
* Software Version 1.20
* Temperature SN = 2997
* Conductivity SN = 2997
* System UpLoad Time = Sep 10 2007 13:51:17
* SEACAT PROFILER V3.1c SN 2997   09/10/07  13:51:04.590
* strain gauge pressure sensor: S/N = 184829,  range = 3000 psia,  tc = 40
# nquan = 9                                 
# nvalues = 1032                        
# units = specified
# name 0 = timeJ: Julian Days
# name 1 = prSM: Pressure, Strain Gauge [db]
# name 2 = c0mS/cm: Conductivity [mS/cm]
# name 3 = t090C: Temperature [ITS-90, deg C]
# name 4 = oxML/L: Oxygen, Beckman/YSI [ml/l]
# name 5 = depSM: Depth [salt water, m], lat = 47.5
# name 6 = sal00: Salinity, Practical [PSU]
# name 7 = sigma-é00: Density [sigma-theta, kg/m^3]
# name 8 = flag: flag
# span 0 = 253.570359, 253.576325       
# span 1 =     -6.111,     98.535       
# span 2 =   0.199397,  38.463124       
# span 3 =     6.9489,    17.4878       
# span 4 =   -0.06445,   30.34096       
# span 5 =     -6.060,     97.689       
# span 6 =     0.1133,    33.9424       
# span 7 =    -1.1723,    26.5799       
# span 8 = 0.0000e+00, 0.0000e+00       
# interval = seconds: 0.5
# start_time = Sep 10 2007 13:41:19 [Instrument's time stamp, header]
# bad_flag = -9.990e-29
*END*
[from data line 641]
 253.574068     76.772  34.375915     7.0811    2.46088     76.117    33.8821    26.5280 0.0000e+00
 253.574074     77.073  34.385901     7.0799    2.42796     76.415    33.8940    26.5376 0.0000e+00
 253.574080     77.377  34.390809     7.0749    2.39453     76.717    33.9042    26.5462 0.0000e+00
 253.574086     77.686  34.392131     7.0679    2.37608     77.023    33.9123    26.5536 0.0000e+00
 253.574091     78.002  34.392743     7.0599    2.35356     77.336    33.9207    26.5614 0.0000e+00
 253.574097     78.329  34.393454     7.0536    2.34871     77.661    33.9276    26.5676 0.0000e+00
 253.574103     78.671  34.394641     7.0498    2.33878     78.000    33.9324    26.5720 0.0000e+00
 253.574109     79.026  34.396197     7.0477    2.33887     78.351    33.9360    26.5751 0.0000e+00
 253.574115     79.389  34.397947     7.0467    2.33391     78.711    33.9388    26.5774 0.0000e+00
 253.574120     79.752  34.399414     7.0464    2.32999     79.071    33.9405    26.5788 0.0000e+00
 253.574126     80.117  34.400306     7.0463    2.32859     79.433    33.9414    26.5795 0.0000e+00
 253.574132     80.486  34.400684     7.0461    2.32964     79.799    33.9418    26.5799 0.0000e+00
 253.574138     80.851  34.400484     7.0457    2.32618     80.161    33.9418    26.5799 0.0000e+00
 253.574144     81.207  34.399990     7.0453    2.32485     80.513    33.9415    26.5797 0.0000e+00
 253.574149     81.555  34.399656     7.0451    2.31545     80.858    33.9412    26.5795 0.0000e+00
 253.574155     81.899  34.399588     7.0452    2.31972     81.199    33.9408    26.5792 0.0000e+00
 253.574161     82.241  34.399690     7.0454    2.32074     81.538    33.9406    26.5790 0.0000e+00
 253.574167     82.575  34.400087     7.0454    2.32693     81.869    33.9408    26.5792 0.0000e+00
 253.574172     82.902  34.400742     7.0455    2.31711     82.194    33.9413    26.5796 0.0000e+00
 253.574178     83.226  34.401400     7.0458    2.31487     82.515    33.9416    26.5798 0.0000e+00
 253.574184     83.550  34.401810     7.0462    2.31946     82.836    33.9415    26.5796 0.0000e+00
 253.574190     83.877  34.401951     7.0464    2.32304     83.160    33.9412    26.5794 0.0000e+00
 253.574196     84.211  34.402003     7.0462    2.32247     83.491    33.9413    26.5795 0.0000e+00
 253.574201     84.556  34.402028     7.0460    2.32955     83.833    33.9414    26.5796 0.0000e+00
 253.574207     84.913  34.402053     7.0460    2.31362     84.187    33.9412    26.5795 0.0000e+00
 253.574213     85.275  34.402103     7.0461    2.32065     84.546    33.9410    26.5793 0.0000e+00
 253.574219     85.634  34.402237     7.0459    2.32465     84.902    33.9412    26.5795 0.0000e+00
 253.574225     85.991  34.402063     7.0452    2.32486     85.256    33.9415    26.5798 0.0000e+00
 253.574230     86.349  34.401343     7.0446    2.33088     85.610    33.9411    26.5796 0.0000e+00
 253.574236     86.700  34.400791     7.0445    2.33546     85.958    33.9405    26.5791 0.0000e+00
 253.574242     87.035  34.400782     7.0449    2.32913     86.290    33.9399    26.5786 0.0000e+00
 253.574248     87.357  34.401294     7.0454    2.31834     86.610    33.9398    26.5785 0.0000e+00
 253.574253     87.670  34.402443     7.0460    2.30522     86.920    33.9403    26.5788 0.0000e+00
 253.574259     87.988  34.404072     7.0468    2.30141     87.235    33.9412    26.5794 0.0000e+00
 253.574265     88.313  34.405544     7.0480    2.29906     87.557    33.9414    26.5794 0.0000e+00
 253.574271     88.640  34.406575     7.0491    2.31155     87.881    33.9413    26.5792 0.0000e+00
 253.574277     88.969  34.407411     7.0496    2.30004     88.207    33.9416    26.5793 0.0000e+00
 253.574282     89.298  34.408038     7.0498    2.30670     88.534    33.9419    26.5796 0.0000e+00
 253.574288     89.628  34.408725     7.0502    2.31139     88.861    33.9421    26.5797 0.0000e+00
 253.574294     89.967  34.409257     7.0504    2.32060     89.197    33.9423    26.5798 0.0000e+00
 253.574300     90.318  34.409218     7.0505    2.31964     89.545    33.9420    26.5796 0.0000e+00
 253.574306     90.671  34.409110     7.0506    2.32226     89.895    33.9416    26.5792 0.0000e+00
 253.574311     91.013  34.409339     7.0506    2.32282     90.234    33.9417    26.5793 0.0000e+00
 253.574317     91.344  34.409642     7.0507    2.32950     90.562    33.9418    26.5794 0.0000e+00
 253.574323     91.661  34.409855     7.0508    2.32503     90.876    33.9418    26.5793 0.0000e+00
 253.574329     91.961  34.410253     7.0511    2.32817     91.173    33.9418    26.5793 0.0000e+00
 253.574334     92.260  34.410799     7.0515    2.31922     91.470    33.9418    26.5793 0.0000e+00
 253.574340     92.563  34.411092     7.0514    2.31533     91.770    33.9421    26.5795 0.0000e+00
 253.574346     92.864  34.410957     7.0512    2.31749     92.068    33.9420    26.5795 0.0000e+00
 253.574352     93.162  34.410765     7.0511    2.30661     92.364    33.9417    26.5793 0.0000e+00
 253.574358     93.457  34.410815     7.0511    2.31760     92.656    33.9416    26.5792 0.0000e+00
 253.574363     93.751  34.411165     7.0511    2.31069     92.947    33.9419    26.5794 0.0000e+00
 253.574369     94.046  34.411713     7.0512    2.31079     93.240    33.9422    26.5797 0.0000e+00
 253.574375     94.343  34.412062     7.0513    2.31299     93.534    33.9424    26.5798 0.0000e+00
 253.574381     94.645  34.412109     7.0513    2.30261     93.834    33.9423    26.5797 0.0000e+00
 253.574387     94.953  34.411912     7.0512    2.30408     94.139    33.9420    26.5795 0.0000e+00
 253.574392     95.270  34.411758     7.0513    2.30457     94.453    33.9416    26.5792 0.0000e+00
 253.574398     95.594  34.411997     7.0515    2.30610     94.774    33.9415    26.5791 0.0000e+00
 253.574404     95.920  34.412378     7.0520    2.31073     95.097    33.9413    26.5788 0.0000e+00
 253.574410     96.239  34.412842     7.0526    2.30122     95.414    33.9410    26.5786 0.0000e+00
 253.574416     96.542  34.413437     7.0528    2.29972     95.714    33.9413    26.5788 0.0000e+00
 253.574421     96.831  34.413829     7.0527    2.29976     96.000    33.9417    26.5791 0.0000e+00
 253.574427     97.110  34.413973     7.0527    2.30117     96.277    33.9417    26.5791 0.0000e+00
 253.574433     97.377  34.414053     7.0528    2.29674     96.542    33.9416    26.5790 0.0000e+00
 253.574439     97.618  34.414168     7.0530    2.30375     96.780    33.9414    26.5788 0.0000e+00
 253.574444     97.824  34.414465     7.0532    2.29669     96.985    33.9414    26.5788 0.0000e+00
 253.574450     97.998  34.414769     7.0535    2.30522     97.157    33.9414    26.5788 0.0000e+00
 253.574456     98.151  34.414920     7.0538    2.30082     97.309    33.9412    26.5786 0.0000e+00
 253.574462     98.286  34.415113     7.0540    2.29632     97.443    33.9411    26.5785 -9.990e-29
 253.574468     98.393  34.415035     7.0541    2.28905     97.549    33.9409    26.5783 -9.990e-29
 253.574473     98.470  34.414577     7.0544    2.30324     97.625    33.9401    26.5776 -9.990e-29
 253.574479     98.518  34.414242     7.0545    2.31111     97.672    33.9396    26.5772 -9.990e-29
 253.574485     98.535  34.414136     7.0544    2.32214     97.689    33.9396    26.5772 -9.990e-29
 253.574491     98.524  34.414113     7.0540    2.31504     97.678    33.9399    26.5775 -9.990e-29
 253.574497     98.483  34.414134     7.0537    2.31389     97.638    33.9403    26.5778 -9.990e-29
 253.574502     98.414  34.414222     7.0533    2.30468     97.569    33.9408    26.5783 -9.990e-29
 253.574508     98.317  34.414488     7.0529    2.30966     97.473    33.9415    26.5789 -9.990e-29
 253.574514     98.186  34.414719     7.0530    2.30443     97.343    33.9417    26.5791 0.0000e+00
 253.574520     98.008  34.414657     7.0537    2.29121     97.167    33.9411    26.5785 0.0000e+00
 253.574525     97.771  34.414774     7.0546    2.29124     96.932    33.9404    26.5778 0.0000e+00
 253.574531     97.487  34.415220     7.0549    2.29820     96.651    33.9408    26.5781 0.0000e+00
 253.574537     97.180  34.415462     7.0547    2.30670     96.346    33.9414    26.5786 0.0000e+00
 253.574543     96.868  34.415261     7.0547    2.31059     96.037    33.9413    26.5785 0.0000e+00
 253.574549     96.559  34.414906     7.0549    2.30833     95.731    33.9409    26.5781 0.0000e+00
 253.574554     96.245  34.414855     7.0549    2.31327     95.419    33.9410    26.5782 0.0000e+00
 253.574560     95.920  34.415035     7.0545    2.32441     95.097    33.9417    26.5788 0.0000e+00
 253.574566     95.583  34.414929     7.0542    2.31716     94.763    33.9421    26.5792 0.0000e+00
 253.574572     95.243  34.414383     7.0540    2.31303     94.426    33.9418    26.5790 0.0000e+00
 253.574578     94.909  34.413589     7.0534    2.30675     94.095    33.9417    26.5790 0.0000e+00
 253.574583     94.581  34.412599     7.0529    2.30462     93.770    33.9413    26.5787 0.0000e+00
 253.574589     94.256  34.411763     7.0527    2.30855     93.448    33.9407    26.5783 0.0000e+00
 253.574595     93.929  34.411635     7.0530    2.29934     93.124    33.9404    26.5780 0.0000e+00
 253.574601     93.597  34.412033     7.0534    2.28812     92.795    33.9406    26.5781 0.0000e+00
 253.574606     93.260  34.412357     7.0534    2.29540     92.461    33.9412    26.5785 0.0000e+00
 253.574612     92.923  34.412469     7.0532    2.29895     92.127    33.9417    26.5789 0.0000e+00
 253.574618     92.581  34.412508     7.0531    2.29615     91.788    33.9420    26.5792 0.0000e+00
 253.574624     92.226  34.412515     7.0532    2.30478     91.436    33.9420    26.5792 0.0000e+00
 253.574630     91.856  34.412485     7.0533    2.29426     91.069    33.9421    26.5793 0.0000e+00
 253.574635     91.473  34.412369     7.0533    2.32072     90.689    33.9422    26.5793 0.0000e+00
 253.574641     91.084  34.412002     7.0533    2.32913     90.304    33.9419    26.5791 0.0000e+00
 253.574647     90.693  34.411445     7.0533    2.33541     89.916    33.9415    26.5788 0.0000e+00
 253.574653     90.296  34.411064     7.0531    2.34498     89.523    33.9415    26.5788 0.0000e+00
 253.574659     89.891  34.410902     7.0526    2.32516     89.121    33.9420    26.5793 0.0000e+00
 253.574664     89.486  34.410731     7.0523    2.31252     88.720    33.9423    26.5795 0.0000e+00
 253.574670     89.093  34.410313     7.0522    2.30430     88.330    33.9421    26.5794 0.0000e+00
 253.574676     88.718  34.409640     7.0520    2.31122     87.959    33.9418    26.5792 0.0000e+00
 253.574682     88.357  34.408925     7.0515    2.30155     87.601    33.9417    26.5791 0.0000e+00
 253.574688     87.997  34.408325     7.0513    2.31005     87.244    33.9414    26.5789 0.0000e+00
 253.574693     87.624  34.408150     7.0514    2.30126     86.874    33.9413    26.5788 0.0000e+00
 253.574699     87.239  34.408155     7.0514    2.29925     86.493    33.9415    26.5790 0.0000e+00
 253.574705     86.852  34.407775     7.0511    2.30504     86.109    33.9415    26.5791 0.0000e+00
 253.574711     86.468  34.407051     7.0505    2.30283     85.728    33.9415    26.5791 0.0000e+00
 253.574716     86.089  34.406129     7.0499    2.30688     85.353    33.9413    26.5790 0.0000e+00
 253.574722     85.721  34.405450     7.0499    2.30698     84.988    33.9407    26.5786 0.0000e+00
 253.574728     85.370  34.405219     7.0503    2.31555     84.640    33.9403    26.5781 0.0000e+00
 253.574734     85.035  34.405118     7.0505    2.31765     84.308    33.9401    26.5780 0.0000e+00
 253.574740     84.712  34.405003     7.0505    2.31832     83.988    33.9401    26.5780 0.0000e+00
 253.574745     84.398  34.404707     7.0503    2.29873     83.677    33.9402    26.5781 0.0000e+00
 253.574751     84.094  34.404387     7.0498    2.30840     83.375    33.9405    26.5784 0.0000e+00
 253.574757     83.807  34.404164     7.0494    2.30342     83.091    33.9408    26.5786 0.0000e+00
 253.574763     83.548  34.403730     7.0492    2.31443     82.834    33.9406    26.5785 0.0000e+00
 253.574769     83.339  34.403056     7.0491    2.31133     82.627    33.9401    26.5781 0.0000e+00
 253.574774     83.197  34.402356     7.0489    2.29458     82.486    33.9396    26.5778 -9.990e-29
 253.574780     83.118  34.401805     7.0485    2.30355     82.408    33.9394    26.5777 -9.990e-29
 253.574786     83.088  34.401777     7.0482    2.30343     82.378    33.9397    26.5779 -9.990e-29
 253.574792     83.095  34.402221     7.0481    2.30944     82.385    33.9403    26.5784 -9.990e-29
 253.574797     83.129  34.402596     7.0483    2.30254     82.419    33.9405    26.5785 -9.990e-29
 253.574803     83.173  34.402831     7.0486    2.30497     82.462    33.9404    26.5784 -9.990e-29
 253.574809     83.210  34.403223     7.0486    2.29865     82.499    33.9408    26.5788 -9.990e-29
 253.574815     83.220  34.403722     7.0487    2.28961     82.509    33.9412    26.5791 -9.990e-29
 253.574821     83.200  34.403857     7.0491    2.29872     82.489    33.9410    26.5789 -9.990e-29
 253.574826     83.157  34.403795     7.0493    2.29869     82.446    33.9408    26.5786 -9.990e-29
 253.574832     83.096  34.404004     7.0492    2.30464     82.386    33.9411    26.5789 -9.990e-29
 253.574838     83.031  34.404189     7.0492    2.30660     82.321    33.9414    26.5791 -9.990e-29
 253.574844     82.984  34.404025     7.0492    2.31159     82.275    33.9412    26.5790 -9.990e-29
 253.574850     82.969  34.403844     7.0493    2.30452     82.260    33.9409    26.5788 -9.990e-29
 253.574855     82.984  34.403954     7.0496    2.29369     82.275    33.9407    26.5786 -9.990e-29
 253.574861     83.022  34.403930     7.0497    2.28956     82.313    33.9406    26.5784 -9.990e-29
 253.574867     83.073  34.403727     7.0498    2.27853     82.363    33.9402    26.5782 -9.990e-29
 253.574873     83.123  34.403619     7.0501    2.29164     82.413    33.9398    26.5778 -9.990e-29
 253.574878     83.162  34.403450     7.0504    2.28917     82.451    33.9393    26.5773 -9.990e-29
 253.574884     83.184  34.403541     7.0506    2.28917     82.473    33.9392    26.5772 -9.990e-29
 253.574890     83.190  34.404001     7.0508    2.29082     82.479    33.9395    26.5774 -9.990e-29
 253.574896     83.190  34.404311     7.0508    2.29758     82.479    33.9398    26.5777 -9.990e-29
 253.574902     83.192  34.404311     7.0504    2.30362     82.481    33.9402    26.5781 -9.990e-29
 253.574907     83.205  34.403989     7.0500    2.29451     82.494    33.9403    26.5782 -9.990e-29
 253.574913     83.229  34.403464     7.0499    2.29044     82.518    33.9398    26.5778 -9.990e-29
 253.574919     83.257  34.403146     7.0499    2.28650     82.545    33.9394    26.5775 -9.990e-29
 253.574925     83.287  34.403157     7.0499    2.27950     82.575    33.9394    26.5775 -9.990e-29
 253.574931     83.317  34.403499     7.0497    2.29077     82.605    33.9400    26.5780 -9.990e-29
 253.574936     83.340  34.404055     7.0495    2.29324     82.628    33.9408    26.5786 -9.990e-29
 253.574942     83.353  34.404434     7.0496    2.29465     82.641    33.9411    26.5789 -9.990e-29
 253.574948     83.352  34.404566     7.0501    2.29713     82.640    33.9407    26.5785 -9.990e-29
 253.574954     83.339  34.404616     7.0506    2.29308     82.627    33.9403    26.5781 -9.990e-29
 253.574959     83.323  34.404639     7.0508    2.29310     82.611    33.9401    26.5779 -9.990e-29
 253.574965     83.314  34.404652     7.0507    2.28401     82.602    33.9402    26.5781 -9.990e-29
 253.574971     83.314  34.404663     7.0503    2.30015     82.602    33.9407    26.5784 -9.990e-29
 253.574977     83.329  34.404672     7.0500    2.29510     82.617    33.9410    26.5787 -9.990e-29
 253.574983     83.354  34.404681     7.0500    2.29521     82.642    33.9410    26.5787 -9.990e-29
