data/oxygen options/ONMS/Olympic_Coast_National_Marine_Sanctuary_CTD_Data_2005_2023/raw_data/2008/SBE19plus/CTD_CE015_081808faed.cnv
* Sea-Bird SBE19plus Data File:
* FileName = C:\2008_Mooring_Data\081808_sevice\CTD_CE015_081808.hex
* Software Version 1.59
* Temperature SN =  4671
* Conductivity SN =  4671
* System UpLoad Time = Aug 18 2008 15:09:26
* ds
* SeacatPlus V 1.6b  SERIAL NO. 4671    18 Aug 2008  15:09:10
# nquan = 9                                 
# nvalues = 2377                        
# units = specified
# name 0 = timeJ: Julian Days
# name 1 = prdM: Pressure, Strain Gauge [db]
# name 2 = c0mS/cm: Conductivity [mS/cm]
# name 3 = tv290C: Temperature [ITS-90, deg C]
# name 4 = sbeox0ML/L: Oxygen, SBE 43 [ml/l]
# name 5 = depSM: Depth [salt water, m], lat = 47.5
# name 6 = sal00: Salinity, Practical [PSU]
# name 7 = sigma-é00: Density [sigma-theta, kg/m^3]
# name 8 = flag: flag
# span 0 = 231.619225, 231.626100       
# span 1 =     -0.056,     17.191       
# span 2 =   0.086775,  37.126433       
# span 3 =     8.6652,    15.1612       
# span 4 =     1.9563,     5.7156       
# span 5 =     -0.056,     17.047       
# span 6 =     0.0529,    33.4041       
# span 7 =    -0.8737,    25.9195       
# span 8 = 0.0000e+00, 0.0000e+00       
# interval = seconds: 0.25
# start_time = Aug 18 2008 14:51:41 [Instrument's time stamp, header]
# bad_flag = -9.990e-29
*END*
[from data line 321]
 231.620153      1.404  36.790656    10.9437     4.0263      1.392    32.8102    25.0806 -9.990e-29
 231.620156      1.408  36.836784    11.0158     3.9823      1.396    32.7914    25.0533 -9.990e-29
 231.620159      1.403  36.918209    11.0951     3.9355      1.391    32.8012    25.0468 -9.990e-29
 231.620162      1.391  37.005745    11.1605     3.8869      1.379    32.8293    25.0570 -9.990e-29
 231.620165      1.376  37.065679    11.1976     3.8418      1.365    32.8553    25.0706 -9.990e-29
 231.620168      1.361  37.090365    11.1995     3.8020      1.350    32.8780    25.0879 -9.990e-29
 231.620171      1.350  37.088527    11.1677     3.7713      1.339    32.9046    25.1143 -9.990e-29
 231.620174      1.346  37.062589    11.1161     3.7506      1.335    32.9252    25.1395 -9.990e-29
 231.620177      1.349  37.014404    11.0626     3.7374      1.338    32.9254    25.1492 -9.990e-29
 231.620179      1.356  36.953033    11.0216     3.7271      1.345    32.9014    25.1378 -9.990e-29
 231.620182      1.365  36.896188    11.0038     3.7214      1.354    32.8610    25.1096 -9.990e-29
 231.620185      1.372  36.868557    11.0168     3.7096      1.361    32.8220    25.0769 -9.990e-29
 231.620188      1.374  36.885258    11.0585     3.7020      1.363    32.8013    25.0534 -9.990e-29
 231.620191      1.371  36.938908    11.1121     3.7037      1.360    32.8065    25.0479 -9.990e-29
 231.620194      1.364  37.000762    11.1574     3.7133      1.353    32.8271    25.0559 -9.990e-29
 231.620197      1.355  37.045986    11.1814     3.7281      1.344    32.8504    25.0697 -9.990e-29
 231.620200      1.347  37.071066    11.1776     3.7560      1.336    32.8785    25.0923 -9.990e-29
 231.620203      1.340  37.077581    11.1480     3.7840      1.329    32.9114    25.1231 -9.990e-29
 231.620205      1.336  37.065519    11.1058     3.8156      1.325    32.9373    25.1508 -9.990e-29
 231.620208      1.334  37.042669    11.0659     3.8423      1.323    32.9505    25.1681 -9.990e-29
 231.620211      1.331  37.021098    11.0380     3.8520      1.320    32.9541    25.1760 -9.990e-29
 231.620214      1.328  37.011460    11.0283     3.8488      1.317    32.9533    25.1770 -9.990e-29
 231.620217      1.322  37.025860    11.0384     3.8354      1.311    32.9585    25.1793 -9.990e-29
 231.620220      1.316  37.063500    11.0581     3.8221      1.305    32.9781    25.1910 -9.990e-29
 231.620223      1.311  37.103736    11.0684     3.8187      1.300    33.0087    25.2130 -9.990e-29
 231.620226      1.310  37.126433    11.0557     3.8346      1.299    33.0426    25.2416 -9.990e-29
 231.620229      1.314  37.120372    11.0198     3.8617      1.303    33.0689    25.2685 -9.990e-29
 231.620231      1.325  37.080605    10.9719     3.8892      1.314    33.0726    25.2799 -9.990e-29
 231.620234      1.342  37.012802    10.9278     3.9163      1.331    33.0450    25.2662 -9.990e-29
 231.620237      1.361  36.934661    10.9015     3.9328      1.350    32.9911    25.2288 -9.990e-29
 231.620240      1.379  36.872557    10.9029     3.9396      1.367    32.9281    25.1796 -9.990e-29
 231.620243      1.391  36.850450    10.9365     3.9287      1.379    32.8760    25.1331 -9.990e-29
 231.620246      1.395  36.876567    10.9967     3.8986      1.383    32.8479    25.1006 -9.990e-29
 231.620249      1.391  36.939620    11.0638     3.8559      1.379    32.8503    25.0906 -9.990e-29
 231.620252      1.381  37.008334    11.1147     3.8106      1.369    32.8728    25.0990 -9.990e-29
 231.620255      1.370  37.051610    11.1321     3.7753      1.359    32.9000    25.1171 -9.990e-29
 231.620258      1.362  37.061910    11.1087     3.7486      1.351    32.9311    25.1455 -9.990e-29
 231.620260      1.359  37.043947    11.0537     3.7330      1.348    32.9627    25.1798 -9.990e-29
 231.620263      1.363  37.001653    10.9886     3.7246      1.352    32.9792    25.2042 -9.990e-29
 231.620266      1.372  36.940984    10.9346     3.7226      1.361    32.9676    25.2047 -9.990e-29
 231.620269      1.381  36.877538    10.9052     3.7214      1.369    32.9310    25.1814 -9.990e-29
 231.620272      1.387  36.838186    10.9079     3.7191      1.375    32.8894    25.1486 -9.990e-29
 231.620275      1.387  36.842622    10.9417     3.7192      1.375    32.8635    25.1225 -9.990e-29
 231.620278      1.380  36.887601    10.9937     3.7158      1.368    32.8615    25.1118 -9.990e-29
 231.620281      1.367  36.947198    11.0458     3.7115      1.356    32.8739    25.1122 -9.990e-29
 231.620284      1.351  36.994175    11.0835     3.7039      1.340    32.8867    25.1154 -9.990e-29
 231.620286      1.336  37.021907    11.0966     3.6900      1.325    32.9024    25.1253 -9.990e-29
 231.620289      1.323  37.032901    11.0795     3.6802      1.312    32.9286    25.1487 -9.990e-29
 231.620292      1.315  37.025044    11.0358     3.6831      1.304    32.9600    25.1809 -9.990e-29
 231.620295      1.313  36.996403    10.9785     3.6903      1.302    32.9831    25.2091 -9.990e-29
 231.620298      1.316  36.951027    10.9213     3.6996      1.305    32.9895    25.2242 -9.990e-29
 231.620301      1.322  36.897169    10.8728     3.7128      1.311    32.9797    25.2250 -9.990e-29
 231.620304      1.330  36.847970    10.8372     3.7267      1.319    32.9628    25.2181 -9.990e-29
 231.620307      1.338  36.821295    10.8175     3.7347      1.327    32.9539    25.2147 -9.990e-29
 231.620310      1.346  36.829083    10.8162     3.7372      1.335    32.9629    25.2219 -9.990e-29
 231.620313      1.352  36.870962    10.8317     3.7484      1.341    32.9906    25.2408 -9.990e-29
 231.620315      1.358  36.932465    10.8563     3.7851      1.347    33.0296    25.2668 -9.990e-29
 231.620318      1.364  36.992346    10.8814     3.8287      1.353    33.0665    25.2911 -9.990e-29
 231.620321      1.370  37.036717    10.9006     3.8696      1.359    33.0933    25.3086 -9.990e-29
 231.620324      1.377  37.059570    10.9101     3.9143      1.366    33.1075    25.3179 -9.990e-29
 231.620327      1.386  37.058412    10.9118     3.9479      1.374    33.1048    25.3156 -9.990e-29
 231.620330      1.394  37.036101    10.9158     3.9679      1.382    33.0790    25.2948 -9.990e-29
 231.620333      1.400  37.004805    10.9345     3.9736      1.388    33.0310    25.2541 -9.990e-29
 231.620336      1.401  36.982436    10.9782     3.9569      1.389    32.9695    25.1985 -9.990e-29
 231.620339      1.395  36.983683    11.0472     3.9199      1.383    32.9088    25.1390 -9.990e-29
 231.620341      1.383  37.011204    11.1227     3.8687      1.371    32.8684    25.0942 -9.990e-29
 231.620344      1.366  37.049570    11.1800     3.8185      1.355    32.8552    25.0736 -9.990e-29
 231.620347      1.348  37.078392    11.2038     3.7662      1.337    32.8623    25.0750 -9.990e-29
 231.620350      1.332  37.088637    11.1866     3.7138      1.321    32.8878    25.0979 -9.990e-29
 231.620353      1.322  37.077013    11.1297     3.6687      1.311    32.9272    25.1387 -9.990e-29
 231.620356      1.322  37.039338    11.0496     3.6308      1.311    32.9618    25.1798 -9.990e-29
 231.620359      1.331  36.976406    10.9696     3.6036      1.320    32.9713    25.2014 -9.990e-29
 231.620362      1.348  36.895937    10.9074     3.5931      1.337    32.9473    25.1937 -9.990e-29
 231.620365      1.366  36.816288    10.8712     3.6000      1.355    32.9006    25.1638 -9.990e-29
 231.620367      1.383  36.764096    10.8651     3.6159      1.371    32.8542    25.1287 -9.990e-29
 231.620370      1.393  36.755038    10.8854     3.6324      1.381    32.8270    25.1040 -9.990e-29
 231.620373      1.394  36.786379    10.9185     3.6535      1.382    32.8285    25.0993 -9.990e-29
 231.620376      1.389  36.833195    10.9492     3.6608      1.377    32.8474    25.1086 -9.990e-29
 231.620379      1.379  36.866827    10.9673     3.6588      1.367    32.8646    25.1188 -9.990e-29
 231.620382      1.368  36.884224    10.9659     3.6517      1.357    32.8831    25.1335 -9.990e-29
 231.620385      1.359  36.890004    10.9441     3.6654      1.348    32.9084    25.1570 -9.990e-29
 231.620388      1.352  36.881662    10.9102     3.6700      1.341    32.9306    25.1802 -9.990e-29
 231.620391      1.348  36.862070    10.8754     3.6803      1.337    32.9424    25.1956 -9.990e-29
 231.620394      1.346  36.839394    10.8470     3.6945      1.335    32.9454    25.2029 -9.990e-29
 231.620396      1.345  36.820959    10.8274     3.7023      1.334    32.9447    25.2058 -9.990e-29
 231.620399      1.344  36.816617    10.8177     3.7054      1.333    32.9491    25.2109 -9.990e-29
 231.620402      1.344  36.835442    10.8177     3.7347      1.333    32.9678    25.2255 -9.990e-29
 231.620405      1.345  36.871466    10.8237     3.7774      1.334    32.9983    25.2482 -9.990e-29
 231.620408      1.349  36.906747    10.8296     3.8211      1.338    33.0281    25.2703 -9.990e-29
 231.620411      1.356  36.927665    10.8299     3.8784      1.345    33.0487    25.2863 -9.990e-29
 231.620414      1.364  36.927804    10.8225     3.9334      1.353    33.0555    25.2929 -9.990e-29
 231.620417      1.374  36.907443    10.8116     3.9730      1.363    33.0451    25.2867 -9.990e-29
 231.620420      1.383  36.876033    10.8049     4.0020      1.371    33.0198    25.2682 -9.990e-29
 231.620422      1.389  36.847471    10.8087     4.0049      1.377    32.9879    25.2427 -9.990e-29
 231.620425      1.391  36.833028    10.8294     3.9803      1.379    32.9549    25.2134 -9.990e-29
 231.620428      1.387  36.839947    10.8710     3.9393      1.375    32.9243    25.1823 -9.990e-29
 231.620431      1.377  36.869577    10.9256     3.8871      1.366    32.9047    25.1574 -9.990e-29
 231.620434      1.364  36.910921    10.9758     3.8391      1.353    32.9007    25.1454 -9.990e-29
 231.620437      1.352  36.946224    11.0052     3.7964      1.341    32.9094    25.1469 -9.990e-29
 231.620440      1.343  36.963814    11.0046     3.7646      1.332    32.9273    25.1610 -9.990e-29
 231.620443      1.340  36.955552    10.9756     3.7381      1.329    32.9452    25.1800 -9.990e-29
 231.620446      1.345  36.915665    10.9318     3.7174      1.334    32.9449    25.1876 -9.990e-29
 231.620448      1.357  36.850997    10.8894     3.6954      1.346    32.9188    25.1747 -9.990e-29
 231.620451      1.372  36.779482    10.8608     3.6748      1.361    32.8734    25.1444 -9.990e-29
 231.620454      1.386  36.722880    10.8541     3.6573      1.374    32.8231    25.1064 -9.990e-29
 231.620457      1.396  36.700877    10.8719     3.6336      1.384    32.7853    25.0739 -9.990e-29
 231.620460      1.399  36.721755    10.9056     3.6115      1.387    32.7759    25.0606 -9.990e-29
 231.620463      1.396  36.771123    10.9391     3.5897      1.384    32.7949    25.0695 -9.990e-29
 231.620466      1.389  36.817165    10.9596     3.5669      1.377    32.8222    25.0872 -9.990e-29
 231.620469      1.381  36.841937    10.9617     3.5462      1.369    32.8449    25.1045 -9.990e-29
 231.620472      1.375  36.845758    10.9463     3.5251      1.364    32.8625    25.1209 -9.990e-29
 231.620475      1.372  36.830031    10.9216     3.5092      1.361    32.8691    25.1303 -9.990e-29
 231.620477      1.372  36.802909    10.8977     3.4930      1.361    32.8636    25.1303 -9.990e-29
 231.620480      1.371  36.777887    10.8822     3.4850      1.360    32.8526    25.1244 -9.990e-29
 231.620483      1.369  36.764538    10.8809     3.4865      1.358    32.8405    25.1153 -9.990e-29
 231.620486      1.366  36.772456    10.8968     3.4991      1.355    32.8341    25.1075 -9.990e-29
 231.620489      1.360  36.804356    10.9263     3.5156      1.349    32.8394    25.1064 -9.990e-29
 231.620492      1.353  36.847520    10.9593     3.5403      1.342    32.8526    25.1109 -9.990e-29
 231.620495      1.347  36.885245    10.9853     3.5648      1.336    32.8667    25.1173 -9.990e-29
 231.620498      1.343  36.908162    10.9981     3.5980      1.332    32.8780    25.1238 -9.990e-29
 231.620501      1.341  36.913695    10.9949     3.6391      1.330    32.8864    25.1308 -9.990e-29
 231.620503      1.342  36.902531    10.9765     3.6957      1.331    32.8918    25.1383 -9.990e-29
 231.620506      1.345  36.879716    10.9470     3.7611      1.334    32.8956    25.1465 -9.990e-29
 231.620509      1.350  36.853569    10.9116     3.8196      1.339    32.9014    25.1573 -9.990e-29
 231.620512      1.357  36.829569    10.8753     3.8693      1.346    32.9102    25.1705 -9.990e-29
 231.620515      1.366  36.808981    10.8421     3.9073      1.355    32.9195    25.1836 -9.990e-29
 231.620518      1.376  36.790560    10.8164     3.9312      1.365    32.9243    25.1918 -9.990e-29
 231.620521      1.386  36.771846    10.8017     3.9335      1.374    32.9189    25.1902 -9.990e-29
 231.620524      1.393  36.752557    10.8006     3.9153      1.381    32.9007    25.1762 -9.990e-29
 231.620527      1.397  36.738279    10.8158     3.8846      1.385    32.8728    25.1518 -9.990e-29
 231.620530      1.394  36.739975    10.8486     3.8487      1.382    32.8450    25.1245 -9.990e-29
 231.620532      1.386  36.764174    10.8909     3.8040      1.374    32.8312    25.1062 -9.990e-29
 231.620535      1.373  36.801398    10.9273     3.7604      1.362    32.8355    25.1032 -9.990e-29
 231.620538      1.359  36.833613    10.9456     3.7189      1.348    32.8511    25.1121 -9.990e-29
 231.620541      1.349  36.849863    10.9396     3.6918      1.338    32.8726    25.1299 -9.990e-29
 231.620544      1.346  36.842438    10.9110     3.6712      1.335    32.8909    25.1492 -9.990e-29
 231.620547      1.350  36.804688    10.8696     3.6619      1.339    32.8906    25.1562 -9.990e-29
 231.620550      1.361  36.742909    10.8285     3.6643      1.350    32.8660    25.1443 -9.990e-29
 231.620553      1.377  36.673496    10.7978     3.6690      1.366    32.8245    25.1173 -9.990e-29
 231.620556      1.393  36.615287    10.7840     3.6773      1.381    32.7789    25.0843 -9.990e-29
 231.620558      1.406  36.586672    10.7909     3.6792      1.394    32.7442    25.0561 -9.990e-29
 231.620561      1.412  36.597640    10.8181     3.6823      1.400    32.7308    25.0408 -9.990e-29
 231.620564      1.411  36.642404    10.8563     3.6863      1.399    32.7411    25.0422 -9.990e-29
 231.620567      1.403  36.697185    10.8929     3.6691      1.391    32.7628    25.0527 -9.990e-29
 231.620570      1.390  36.738941    10.9204     3.6485      1.378    32.7797    25.0610 -9.990e-29
 231.620573      1.376  36.764342    10.9345     3.6234      1.365    32.7923    25.0683 -9.990e-29
 231.620576      1.364  36.776581    10.9309     3.5971      1.353    32.8077    25.0809 -9.990e-29
 231.620579      1.356  36.770523    10.9100     3.5697      1.345    32.8204    25.0945 -9.990e-29
 231.620582      1.353  36.741048    10.8788     3.5450      1.342    32.8190    25.0989 -9.990e-29
 231.620584      1.356  36.694012    10.8469     3.4873      1.345    32.8009    25.0904 -9.990e-29
 231.620587      1.361  36.641922    10.8222     3.4383      1.350    32.7712    25.0716 -9.990e-29
 231.620590      1.366  36.597860    10.8103     3.4564      1.355    32.7380    25.0478 -9.990e-29
 231.620593      1.369  36.576604    10.8149     3.5436      1.358    32.7127    25.0274 -9.990e-29
 231.620596      1.368  36.589726    10.8356     3.6828      1.357    32.7073    25.0195 -9.990e-29
 231.620599      1.363  36.633454    10.8639     3.8539      1.352    32.7255    25.0287 -9.990e-29
 231.620602      1.356  36.685830    10.8871     4.0344      1.345    32.7568    25.0490 -9.990e-29
 231.620605      1.350  36.723568    10.8961     4.2051      1.339    32.7862    25.0703 -9.990e-29
 231.620608      1.347  36.735581    10.8878     4.3508      1.336    32.8055    25.0868 -9.990e-29
 231.620611      1.346  36.720726    10.8655     4.4464      1.335    32.8108    25.0948 -9.990e-29
