data/oxygen options/ONMS/Olympic_Coast_National_Marine_Sanctuary_CTD_Data_2005_2023/raw_data/2008/SBE19plus/CTD_TH065_090508faedb.cnv
* Sea-Bird SBE19plus Data File:
* FileName = C:\2008_Mooring_Data\090508_service\CTD_TH065_090508.hex
* Software Version 1.59
* Temperature SN =  4671
* Conductivity SN =  4671
* System UpLoad Time = Sep 05 2008 16:05:50
* ds
* SeacatPlus V 1.6b  SERIAL NO. 4671    05 Sep 2008  16:05:31
# nquan = 9
# nvalues = 69                          
# units = specified
# name 0 = timeJ: Julian Days
# name 1 = prdM: Pressure, Strain Gauge [db]
# name 2 = c0mS/cm: Conductivity [mS/cm]
# name 3 = tv290C: Temperature [ITS-90, deg C]
# name 4 = sbeox0ML/L: Oxygen, SBE 43 [ml/l]
# name 5 = depSM: Depth [salt water, m], lat = 47.5
# name 6 = sal00: Salinity, Practical [PSU]
# name 7 = sigma-é00: Density [sigma-theta, kg/m^3]
# name 8 = flag: flag
# span 0 = 249.643784, 249.647828       
# span 1 =      1.000,     69.000       
# span 2 =  24.410995,  37.860725       
# span 3 =     7.4877,    12.7972       
# span 4 =     2.1738,     5.7310       
# span 5 =      0.991,     68.413       
# span 6 =    20.0645,    33.8184       
# span 7 =    14.8956,    26.4210       
# span 8 = 0.0000e+00, 0.0000e+00       
# interval = decibars: 1                
# start_time = Sep 05 2008 15:26:47 [Instrument's time stamp, header]
# bad_flag = -9.990e-29
*END*
 249.643784      1.000  24.410995    12.7972     5.7310      0.991    20.0645    14.8956 0.0000e+00
 249.643799      2.000  36.885851    12.6998     5.6829      1.983    31.3915    23.6570 0.0000e+00
 249.643812      3.000  37.768180    12.6430     5.4168      2.975    32.2714    24.3492 0.0000e+00
 249.643824      4.000  37.860725    12.5580     5.1710      3.967    32.4320    24.4899 0.0000e+00
 249.645810      5.000  37.262808    11.9232     4.9580      4.958    32.4061    24.5884 0.0000e+00
 249.646747      6.000  36.734618    11.2922     4.8127      5.950    32.4436    24.7336 0.0000e+00
 249.646773      7.000  36.440202    10.8303     4.7207      6.941    32.5609    24.9066 0.0000e+00
 249.646794      8.000  36.193550    10.5921     4.5434      7.933    32.5269    24.9215 0.0000e+00
 249.646810      9.000  36.138154    10.4247     4.2119      8.925    32.6208    25.0232 0.0000e+00
 249.646823     10.000  35.998091    10.2601     3.9944      9.916    32.6273    25.0563 0.0000e+00
 249.646835     11.000  35.900685    10.0934     3.9467     10.908    32.6789    25.1245 0.0000e+00
 249.646850     12.000  35.670823     9.6600     3.7543     11.900    32.8383    25.3204 0.0000e+00
 249.646870     13.000  35.377126     9.3550     3.6480     12.891    32.8156    25.3521 0.0000e+00
 249.646889     14.000  35.149967     9.0170     3.6373     13.883    32.8914    25.4648 0.0000e+00
 249.646904     15.000  35.023551     8.9095     3.6437     14.874    32.8588    25.4561 0.0000e+00
 249.646918     16.000  34.983302     8.8409     3.6202     15.866    32.8799    25.4832 0.0000e+00
 249.646940     17.000  34.941262     8.8258     3.5361     16.858    32.8496    25.4619 0.0000e+00
 249.646963     18.000  34.926502     8.7811     3.2998     17.849    32.8751    25.4888 0.0000e+00
 249.646979     19.000  34.878594     8.7253     3.1927     18.841    32.8763    25.4983 0.0000e+00
 249.646995     20.000  34.828982     8.5710     3.2056     19.832    32.9676    25.5933 0.0000e+00
 249.647012     21.000  34.718560     8.4324     3.1813     20.824    32.9804    25.6243 0.0000e+00
 249.647033     22.000  34.695565     8.3789     3.1771     21.815    33.0058    25.6522 0.0000e+00
 249.647049     23.000  34.662794     8.3277     3.1625     22.807    33.0188    25.6701 0.0000e+00
 249.647061     24.000  34.658367     8.3193     3.1647     23.799    33.0214    25.6734 0.0000e+00
 249.647074     25.000  34.657299     8.3143     3.1692     24.790    33.0246    25.6767 0.0000e+00
 249.647088     26.000  34.653425     8.3024     3.1488     25.781    33.0312    25.6836 0.0000e+00
 249.647105     27.000  34.645712     8.2905     3.1668     26.773    33.0338    25.6875 0.0000e+00
 249.647130     28.000  34.644908     8.2853     3.2291     27.765    33.0374    25.6911 0.0000e+00
 249.647147     29.000  34.635633     8.2656     3.2399     28.756    33.0455    25.7004 0.0000e+00
 249.647164     30.000  34.623765     8.2144     3.2289     29.747    33.0807    25.7356 0.0000e+00
 249.647203     31.000  34.600701     8.1671     3.2560     30.739    33.1004    25.7580 0.0000e+00
 249.647216     32.000  34.586026     8.1397     3.2384     31.731    33.1102    25.7698 0.0000e+00
 249.647229     33.000  34.588342     8.1275     3.2231     32.722    33.1237    25.7822 0.0000e+00
 249.647245     34.000  34.591057     8.1243     3.1943     33.713    33.1291    25.7870 0.0000e+00
 249.647262     35.000  34.599076     8.0996     3.1477     34.705    33.1605    25.8153 0.0000e+00
 249.647274     36.000  34.613191     8.0572     3.1424     35.696    33.2153    25.8645 0.0000e+00
 249.647285     37.000  34.600146     7.9918     3.1452     36.688    33.2631    25.9116 0.0000e+00
 249.647295     38.000  34.562310     7.9186     3.1346     37.680    33.2918    25.9448 0.0000e+00
 249.647308     39.000  34.517690     7.8604     3.1189     38.671    33.2990    25.9590 0.0000e+00
 249.647329     40.000  34.500141     7.8265     3.0781     39.662    33.3121    25.9742 0.0000e+00
 249.647346     41.000  34.462613     7.7466     3.0107     40.654    33.3478    26.0137 0.0000e+00
 249.647360     42.000  34.452439     7.7255     2.9412     41.645    33.3565    26.0236 0.0000e+00
 249.647373     43.000  34.462484     7.7105     2.9056     42.637    33.3812    26.0452 0.0000e+00
 249.647385     44.000  34.473837     7.6768     2.9122     43.628    33.4254    26.0847 0.0000e+00
 249.647398     45.000  34.485580     7.6152     2.7667     44.620    33.4968    26.1497 0.0000e+00
 249.647419     46.000  34.504796     7.5996     2.5168     45.611    33.5321    26.1796 0.0000e+00
 249.647436     47.000  34.537262     7.5396     2.5033     46.602    33.6247    26.2610 0.0000e+00
 249.647448     48.000  34.599455     7.5123     2.5180     47.594    33.7180    26.3382 0.0000e+00
 249.647462     49.000  34.626828     7.5086     2.4977     48.585    33.7507    26.3645 0.0000e+00
 249.647482     50.000  34.633580     7.5093     2.4672     49.577    33.7569    26.3693 0.0000e+00
 249.647495     51.000  34.637553     7.5061     2.4520     50.568    33.7638    26.3752 0.0000e+00
 249.647507     52.000  34.642856     7.5056     2.4479     51.559    33.7695    26.3798 0.0000e+00
 249.647521     53.000  34.646836     7.5062     2.4289     52.551    33.7728    26.3823 0.0000e+00
 249.647541     54.000  34.650274     7.5074     2.3904     53.542    33.7749    26.3838 0.0000e+00
 249.647558     55.000  34.651422     7.5041     2.3528     54.534    33.7789    26.3874 0.0000e+00
 249.647571     56.000  34.654529     7.5015     2.3362     55.525    33.7842    26.3920 0.0000e+00
 249.647585     57.000  34.657964     7.4993     2.3274     56.516    33.7897    26.3966 0.0000e+00
 249.647599     58.000  34.662337     7.4970     2.3075     57.508    33.7961    26.4020 0.0000e+00
 249.647616     59.000  34.665130     7.4960     2.2822     58.499    33.7997    26.4050 0.0000e+00
 249.647630     60.000  34.666235     7.4933     2.2712     59.491    33.8030    26.4080 0.0000e+00
 249.647645     61.000  34.668238     7.4912     2.2574     60.482    33.8067    26.4112 0.0000e+00
 249.647664     62.000  34.672207     7.4895     2.2384     61.473    33.8122    26.4158 0.0000e+00
 249.647683     63.000  34.674338     7.4880     2.2360     62.465    33.8155    26.4186 0.0000e+00
 249.647698     64.000  34.676456     7.4877     2.2264     63.456    33.8176    26.4203 0.0000e+00
 249.647716     65.000  34.677865     7.4881     2.2174     64.447    33.8182    26.4207 0.0000e+00
 249.647731     66.000  34.678077     7.4878     2.2076     65.439    33.8184    26.4209 0.0000e+00
 249.647744     67.000  34.678566     7.4879     2.2023     66.430    33.8183    26.4208 0.0000e+00
 249.647760     68.000  34.679189     7.4879     2.1956     67.421    33.8184    26.4210 0.0000e+00
 249.647828     69.000  34.680564     7.4892     2.1738     68.413    33.8182    26.4206 0.0000e+00
