data/oxygen options/ONMS/Olympic_Coast_National_Marine_Sanctuary_CTD_Data_2005_2023/raw_data/2008/SBE19plus/CTD_TH065_090508faed.cnv
* Sea-Bird SBE19plus Data File:
* FileName = C:\2008_Mooring_Data\090508_service\CTD_TH065_090508.hex
* Software Version 1.59
* Temperature SN =  4671
* Conductivity SN =  4671
* System UpLoad Time = Sep 05 2008 16:05:50
* ds
* SeacatPlus V 1.6b  SERIAL NO. 4671    05 Sep 2008  16:05:31
# nquan = 9                                 
# nvalues = 4248                        
# units = specified
# name 0 = timeJ: Julian Days
# name 1 = prdM: Pressure, Strain Gauge [db]
# name 2 = c0mS/cm: Conductivity [mS/cm]
# name 3 = tv290C: Temperature [ITS-90, deg C]
# name 4 = sbeox0ML/L: Oxygen, SBE 43 [ml/l]
# name 5 = depSM: Depth [salt water, m], lat = 47.5
# name 6 = sal00: Salinity, Practical [PSU]
# name 7 = sigma-é00: Density [sigma-theta, kg/m^3]
# name 8 = flag: flag
# span 0 = 249.643600, 249.655888       
# span 1 =      0.029,     69.018       
# span 2 =   0.256895,  37.941040       
# span 3 =     7.4871,    13.3917       
# span 4 =     2.1566,     6.9725       
# span 5 =      0.029,     68.431       
# span 6 =     0.1590,    33.8194       
# span 7 =    -0.5475,    26.4218       
# span 8 = 0.0000e+00, 0.0000e+00       
# interval = seconds: 0.25
# start_time = Sep 05 2008 15:26:47 [Instrument's time stamp, header]
# bad_flag = -9.990e-29
*END*
[from data line 1121]
 249.646843     11.580  35.830439     9.8853     3.8566     11.483    32.7959    25.2505 0.0000e+00
 249.646846     11.787  35.779102     9.7705     3.8056     11.688    32.8481    25.3101 0.0000e+00
 249.646849     11.986  35.708013     9.6587     3.7547     11.886    32.8775    25.3514 0.0000e+00
 249.646852     12.171  35.622812     9.5622     3.7094     12.069    32.8785    25.3679 0.0000e+00
 249.646855     12.337  35.538134     9.4888     3.6760     12.234    32.8588    25.3644 0.0000e+00
 249.646858     12.481  35.466298     9.4431     3.6561     12.376    32.8268    25.3467 0.0000e+00
 249.646861     12.605  35.412454     9.4242     3.6459     12.499    32.7886    25.3199 0.0000e+00
 249.646863     12.716  35.379160     9.4238     3.6432     12.609    32.7547    25.2935 0.0000e+00
 249.646866     12.821  35.367722     9.4278     3.6456     12.714    32.7392    25.2808 0.0000e+00
 249.646869     12.929  35.373357     9.4188     3.6461     12.821    32.7532    25.2931 0.0000e+00
 249.646872     13.046  35.384241     9.3837     3.6464     12.937    32.7965    25.3326 0.0000e+00
 249.646875     13.177  35.386177     9.3218     3.6508     13.067    32.8553    25.3884 0.0000e+00
 249.646878     13.324  35.365595     9.2442     3.6487     13.212    32.9054    25.4400 0.0000e+00
 249.646881     13.484  35.317980     9.1658     3.6470     13.371    32.9284    25.4704 0.0000e+00
 249.646884     13.655  35.253735     9.0974     3.6418     13.541    32.9250    25.4785 0.0000e+00
 249.646887     13.830  35.188999     9.0433     3.6356     13.714    32.9077    25.4735 0.0000e+00
 249.646889     14.007  35.134988     9.0028     3.6349     13.890    32.8889    25.4651 0.0000e+00
 249.646892     14.185  35.095135     8.9736     3.6347     14.066    32.8744    25.4583 0.0000e+00
 249.646895     14.367  35.067022     8.9528     3.6389     14.247    32.8643    25.4537 0.0000e+00
 249.646898     14.556  35.047256     8.9374     3.6393     14.434    32.8579    25.4510 0.0000e+00
 249.646901     14.755  35.033673     8.9247     3.6429     14.631    32.8554    25.4511 0.0000e+00
 249.646904     14.965  35.024372     8.9127     3.6462     14.840    32.8567    25.4540 0.0000e+00
 249.646907     15.185  35.017470     8.9001     3.6456     15.058    32.8611    25.4593 0.0000e+00
 249.646910     15.411  35.011054     8.8859     3.6439     15.282    32.8674    25.4665 0.0000e+00
 249.646913     15.638  35.003518     8.8696     3.6375     15.507    32.8746    25.4746 0.0000e+00
 249.646916     15.861  34.994391     8.8520     3.6289     15.728    32.8813    25.4826 0.0000e+00
 249.646918     16.071  34.983218     8.8350     3.6204     15.936    32.8853    25.4884 0.0000e+00
 249.646921     16.263  34.969393     8.8203     3.6105     16.127    32.8844    25.4899 0.0000e+00
 249.646924     16.433  34.954717     8.8092     3.5977     16.295    32.8793    25.4876 0.0000e+00
 249.646927     16.579  34.941937     8.8025     3.5861     16.440    32.8721    25.4830 0.0000e+00
 249.646930     16.702  34.932237     8.8007     3.5771     16.562    32.8635    25.4766 0.0000e+00
 249.646933     16.804  34.926050     8.8042     3.5630     16.663    32.8538    25.4685 0.0000e+00
 249.646936     16.889  34.923736     8.8131     3.5592     16.747    32.8431    25.4587 0.0000e+00
 249.646939     16.961  34.925764     8.8260     3.5537     16.819    32.8332    25.4490 0.0000e+00
 249.646942     17.030  34.932428     8.8394     3.5473     16.887    32.8277    25.4426 0.0000e+00
 249.646944     17.106  34.943098     8.8489     3.5325     16.963    32.8300    25.4430 0.0000e+00
 249.646947     17.199  34.955140     8.8506     3.5116     17.055    32.8410    25.4513 0.0000e+00
 249.646950     17.312  34.964194     8.8431     3.4828     17.167    32.8573    25.4653 0.0000e+00
 249.646953     17.447  34.966814     8.8287     3.4448     17.301    32.8734    25.4800 0.0000e+00
 249.646956     17.601  34.960841     8.8120     3.4013     17.453    32.8825    25.4898 0.0000e+00
 249.646959     17.769  34.946940     8.7961     3.3518     17.620    32.8827    25.4924 0.0000e+00
 249.646962     17.945  34.930542     8.7824     3.3058     17.794    32.8782    25.4909 0.0000e+00
 249.646965     18.123  34.916318     8.7711     3.2595     17.971    32.8737    25.4892 0.0000e+00
 249.646968     18.297  34.905038     8.7619     3.2280     18.143    32.8704    25.4880 0.0000e+00
 249.646970     18.464  34.896411     8.7541     3.2053     18.309    32.8685    25.4877 0.0000e+00
 249.646973     18.628  34.889881     8.7471     3.1920     18.472    32.8681    25.4885 0.0000e+00
 249.646976     18.792  34.884595     8.7397     3.1877     18.634    32.8694    25.4906 0.0000e+00
 249.646979     18.962  34.879985     8.7307     3.1937     18.803    32.8728    25.4947 0.0000e+00
 249.646982     19.140  34.875505     8.7182     3.1987     18.979    32.8797    25.5020 0.0000e+00
 249.646985     19.329  34.870310     8.6994     3.2068     19.167    32.8916    25.5142 0.0000e+00
 249.646988     19.529  34.863409     8.6705     3.2110     19.365    32.9112    25.5340 0.0000e+00
 249.646991     19.737  34.853517     8.6290     3.2082     19.571    32.9394    25.5624 0.0000e+00
 249.646994     19.950  34.838628     8.5789     3.2089     19.783    32.9704    25.5943 0.0000e+00
 249.646997     20.161  34.816051     8.5290     3.2023     19.992    32.9931    25.6197 0.0000e+00
 249.646999     20.365  34.786099     8.4868     3.1951     20.194    33.0010    25.6322 0.0000e+00
 249.647002     20.557  34.755521     8.4549     3.1901     20.384    32.9985    25.6351 0.0000e+00
 249.647005     20.730  34.731506     8.4329     3.1851     20.556    32.9937    25.6347 0.0000e+00
 249.647008     20.885  34.715320     8.4194     3.1821     20.710    32.9892    25.6332 0.0000e+00
 249.647011     21.023  34.704908     8.4132     3.1774     20.846    32.9840    25.6300 0.0000e+00
 249.647014     21.148  34.698635     8.4132     3.1776     20.970    32.9773    25.6247 0.0000e+00
 249.647017     21.264  34.695837     8.4170     3.1758     21.085    32.9707    25.6190 0.0000e+00
 249.647020     21.377  34.696321     8.4210     3.1759     21.197    32.9674    25.6159 0.0000e+00
 249.647023     21.490  34.699509     8.4217     3.1760     21.310    32.9701    25.6178 0.0000e+00
 249.647025     21.607  34.703379     8.4168     3.1772     21.426    32.9787    25.6253 0.0000e+00
 249.647028     21.732  34.705282     8.4054     3.1790     21.549    32.9913    25.6369 0.0000e+00
 249.647031     21.867  34.703614     8.3894     3.1779     21.683    33.0045    25.6497 0.0000e+00
 249.647034     22.015  34.697867     8.3721     3.1825     21.830    33.0146    25.6602 0.0000e+00
 249.647037     22.178  34.688799     8.3567     3.1760     21.992    33.0194    25.6662 0.0000e+00
 249.647040     22.357  34.678761     8.3448     3.1706     22.169    33.0199    25.6684 0.0000e+00
 249.647043     22.552  34.670357     8.3362     3.1690     22.363    33.0190    25.6690 0.0000e+00
 249.647046     22.763  34.664648     8.3303     3.1648     22.572    33.0184    25.6694 0.0000e+00
 249.647049     22.988  34.661230     8.3264     3.1617     22.795    33.0183    25.6699 0.0000e+00
 249.647052     23.224  34.659374     8.3238     3.1591     23.029    33.0187    25.6706 0.0000e+00
 249.647054     23.467  34.658556     8.3219     3.1582     23.270    33.0195    25.6715 0.0000e+00
 249.647057     23.714  34.658312     8.3204     3.1584     23.515    33.0205    25.6726 0.0000e+00
 249.647060     23.961  34.658161     8.3192     3.1635     23.760    33.0214    25.6734 0.0000e+00
 249.647063     24.201  34.657923     8.3181     3.1687     23.998    33.0220    25.6741 0.0000e+00
 249.647066     24.432  34.657698     8.3171     3.1689     24.227    33.0226    25.6747 0.0000e+00
 249.647069     24.648  34.657565     8.3163     3.1712     24.441    33.0231    25.6752 0.0000e+00
 249.647072     24.850  34.657496     8.3155     3.1730     24.641    33.0237    25.6758 0.0000e+00
 249.647075     25.039  34.657382     8.3145     3.1702     24.829    33.0245    25.6766 0.0000e+00
 249.647078     25.224  34.657146     8.3131     3.1684     25.012    33.0254    25.6775 0.0000e+00
 249.647080     25.413  34.656767     8.3111     3.1640     25.199    33.0268    25.6789 0.0000e+00
 249.647083     25.611  34.656116     8.3086     3.1559     25.396    33.0284    25.6805 0.0000e+00
 249.647086     25.819  34.655070     8.3055     3.1482     25.602    33.0301    25.6823 0.0000e+00
 249.647089     26.034  34.653598     8.3021     3.1447     25.815    33.0316    25.6840 0.0000e+00
 249.647092     26.251  34.651784     8.2986     3.1441     26.030    33.0329    25.6856 0.0000e+00
 249.647095     26.464  34.649842     8.2950     3.1472     26.241    33.0341    25.6871 0.0000e+00
 249.647098     26.667  34.647947     8.2917     3.1502     26.443    33.0351    25.6883 0.0000e+00
 249.647101     26.851  34.646243     8.2891     3.1584     26.625    33.0357    25.6892 0.0000e+00
 249.647104     27.011  34.644840     8.2876     3.1621     26.784    33.0355    25.6893 0.0000e+00
 249.647106     27.146  34.643862     8.2874     3.1713     26.918    33.0346    25.6886 0.0000e+00
 249.647109     27.259  34.643439     8.2882     3.1790     27.030    33.0334    25.6875 0.0000e+00
 249.647112     27.355  34.643608     8.2896     3.1808     27.125    33.0322    25.6864 0.0000e+00
 249.647115     27.443  34.644295     8.2910     3.1803     27.212    33.0316    25.6857 0.0000e+00
 249.647118     27.530  34.645308     8.2917     3.1840     27.298    33.0319    25.6859 0.0000e+00
 249.647121     27.622  34.646301     8.2916     3.1909     27.390    33.0331    25.6867 0.0000e+00
 249.647124     27.723  34.646786     8.2907     3.2006     27.490    33.0344    25.6879 0.0000e+00
 249.647127     27.837  34.646607     8.2888     3.2166     27.603    33.0359    25.6894 0.0000e+00
 249.647130     27.965  34.645958     8.2859     3.2330     27.730    33.0379    25.6914 0.0000e+00
 249.647133     28.109  34.644777     8.2822     3.2475     27.873    33.0400    25.6936 0.0000e+00
 249.647135     28.268  34.642903     8.2784     3.2607     28.030    33.0416    25.6954 0.0000e+00
 249.647138     28.441  34.640615     8.2750     3.2656     28.202    33.0423    25.6964 0.0000e+00
 249.647141     28.626  34.638425     8.2721     3.2610     28.385    33.0426    25.6971 0.0000e+00
 249.647144     28.820  34.636618     8.2694     3.2507     28.577    33.0431    25.6979 0.0000e+00
 249.647147     29.017  34.635232     8.2663     3.2401     28.773    33.0445    25.6995 0.0000e+00
 249.647150     29.213  34.634141     8.2624     3.2285     28.967    33.0469    25.7020 0.0000e+00
 249.647153     29.403  34.633062     8.2565     3.2205     29.156    33.0512    25.7062 0.0000e+00
 249.647156     29.581  34.631706     8.2475     3.2180     29.332    33.0582    25.7130 0.0000e+00
 249.647159     29.743  34.629816     8.2346     3.2199     29.493    33.0682    25.7228 0.0000e+00
 249.647161     29.888  34.626927     8.2199     3.2283     29.636    33.0789    25.7334 0.0000e+00
 249.647164     30.011  34.622244     8.2067     3.2399     29.758    33.0864    25.7412 0.0000e+00
 249.647167     30.114  34.616035     8.1975     3.2461     29.860    33.0884    25.7441 0.0000e+00
 249.647170     30.194  34.610310     8.1934     3.2528     29.940    33.0861    25.7430 -9.990e-29
 249.647173     30.255  34.606622     8.1945     3.2502     30.000    33.0812    25.7389 -9.990e-29
 249.647176     30.299  34.605230     8.1996     3.2535     30.044    33.0749    25.7332 -9.990e-29
 249.647179     30.332  34.606005     8.2056     3.2549     30.077    33.0700    25.7285 -9.990e-29
 249.647182     30.363  34.608675     8.2090     3.2565     30.107    33.0696    25.7277 -9.990e-29
 249.647185     30.401  34.612084     8.2081     3.2545     30.145    33.0741    25.7313 -9.990e-29
 249.647188     30.451  34.614128     8.2035     3.2561     30.195    33.0805    25.7371 -9.990e-29
 249.647190     30.520  34.613660     8.1965     3.2588     30.263    33.0866    25.7429 0.0000e+00
 249.647193     30.609  34.611140     8.1879     3.2587     30.351    33.0920    25.7484 0.0000e+00
 249.647196     30.721  34.607481     8.1788     3.2584     30.462    33.0967    25.7534 0.0000e+00
 249.647199     30.855  34.603314     8.1701     3.2554     30.595    33.1004    25.7576 0.0000e+00
 249.647202     31.011  34.598872     8.1625     3.2529     30.750    33.1028    25.7606 0.0000e+00
 249.647205     31.190  34.594600     8.1563     3.2462     30.927    33.1040    25.7625 0.0000e+00
 249.647208     31.388  34.591201     8.1514     3.2458     31.124    33.1049    25.7639 0.0000e+00
 249.647211     31.602  34.588787     8.1473     3.2429     31.336    33.1061    25.7655 0.0000e+00
 249.647214     31.828  34.587060     8.1433     3.2393     31.560    33.1079    25.7675 0.0000e+00
 249.647216     32.061  34.585950     8.1392     3.2391     31.791    33.1105    25.7702 0.0000e+00
 249.647219     32.296  34.585571     8.1352     3.2353     32.024    33.1138    25.7733 0.0000e+00
 249.647222     32.529  34.586023     8.1317     3.2274     32.255    33.1175    25.7767 0.0000e+00
 249.647225     32.756  34.587180     8.1290     3.2318     32.480    33.1211    25.7800 0.0000e+00
 249.647228     32.971  34.588518     8.1273     3.2232     32.693    33.1241    25.7826 0.0000e+00
 249.647231     33.172  34.589535     8.1264     3.2228     32.893    33.1259    25.7841 0.0000e+00
 249.647234     33.357  34.590150     8.1260     3.2134     33.076    33.1269    25.7849 0.0000e+00
 249.647237     33.530  34.590419     8.1260     3.2149     33.247    33.1271    25.7851 0.0000e+00
 249.647240     33.694  34.590454     8.1261     3.2078     33.410    33.1269    25.7850 0.0000e+00
 249.647242     33.854  34.590519     8.1260     3.2024     33.569    33.1270    25.7851 0.0000e+00
 249.647245     34.013  34.590746     8.1254     3.1941     33.726    33.1278    25.7857 0.0000e+00
 249.647248     34.174  34.591183     8.1236     3.1821     33.886    33.1298    25.7876 0.0000e+00
 249.647251     34.340  34.591971     8.1203     3.1754     34.051    33.1337    25.7912 0.0000e+00
 249.647254     34.512  34.593233     8.1156     3.1640     34.221    33.1394    25.7963 0.0000e+00
 249.647257     34.695  34.595087     8.1096     3.1579     34.403    33.1470    25.8032 0.0000e+00
 249.647260     34.890  34.597639     8.1026     3.1491     34.596    33.1562    25.8115 0.0000e+00
 249.647263     35.099  34.600902     8.0949     3.1461     34.803    33.1669    25.8210 0.0000e+00
 249.647266     35.321  34.604807     8.0868     3.1434     35.023    33.1786    25.8314 0.0000e+00
 249.647269     35.554  34.608979     8.0779     3.1423     35.254    33.1914    25.8427 0.0000e+00
 249.647271     35.796  34.612406     8.0676     3.1414     35.494    33.2047    25.8546 0.0000e+00
 249.647274     36.047  34.614000     8.0552     3.1436     35.743    33.2180    25.8669 0.0000e+00
 249.647277     36.304  34.613327     8.0404     3.1448     35.998    33.2312    25.8795 0.0000e+00
 249.647280     36.568  34.610389     8.0231     3.1460     36.260    33.2444    25.8924 0.0000e+00
 249.647283     36.837  34.605176     8.0039     3.1472     36.526    33.2570    25.9050 0.0000e+00
 249.647286     37.111  34.597742     7.9835     3.1438     36.798    33.2683    25.9169 0.0000e+00
 249.647289     37.387  34.588362     7.9628     3.1437     37.072    33.2779    25.9274 0.0000e+00
 249.647292     37.664  34.577529     7.9422     3.1374     37.346    33.2858    25.9366 0.0000e+00
 249.647295     37.937  34.565921     7.9224     3.1357     37.617    33.2921    25.9445 0.0000e+00
 249.647297     38.202  34.554027     7.9039     3.1338     37.880    33.2969    25.9509 0.0000e+00
 249.647300     38.453  34.542237     7.8874     3.1287     38.129    33.2999    25.9557 0.0000e+00
