data/oxygen options/ONMS/Olympic_Coast_National_Marine_Sanctuary_CTD_Data_2005_2023/raw_data/2008/SBE19plus/CTD_KL027_081808faedb.cnv
* Sea-Bird SBE19plus Data File:
* FileName = C:\2008_Mooring_Data\081808_sevice\CTD_KL027_081808.hex
* Software Version 1.59
* Temperature SN =  4671
* Conductivity SN =  4671
* System UpLoad Time = Aug 18 2008 16:42:29
* ds
* SeacatPlus V 1.6b  SERIAL NO. 4671    18 Aug 2008  16:42:00
# nquan = 9
# nvalues = 28                          
# units = specified
# name 0 = timeJ: Julian Days
# name 1 = prdM: Pressure, Strain Gauge [db]
# name 2 = c0mS/cm: Conductivity [mS/cm]
# name 3 = tv290C: Temperature [ITS-90, deg C]
# name 4 = sbeox0ML/L: Oxygen, SBE 43 [ml/l]
# name 5 = depSM: Depth [salt water, m], lat = 47.5
# name 6 = sal00: Salinity, Practical [PSU]
# name 7 = sigma-é00: Density [sigma-theta, kg/m^3]
# name 8 = flag: flag
# span 0 = 231.692252, 231.694578       
# span 1 =      1.000,     28.000       
# span 2 =  34.523946,  37.705765       
# span 3 =     7.4774,    12.6265       
# span 4 =     1.7573,     5.1596       
# span 5 =      0.992,     27.765       
# span 6 =    30.3552,    33.7298       
# span 7 =    22.8705,    26.3317       
# span 8 = 0.0000e+00, 0.0000e+00       
# interval = decibars: 1                
# start_time = Aug 18 2008 16:36:18 [Instrument's time stamp, header]
# bad_flag = -9.990e-29
*END*
 231.692252      1.000  35.698843    12.6265     5.1176      0.992    30.3552    22.8705 0.0000e+00
 231.694109      2.000  37.643820    12.1437     5.1596      1.983    32.5908    24.6919 0.0000e+00
 231.694322      3.000  37.705765    11.8217     4.9917      2.975    32.9265    25.0122 0.0000e+00
 231.694334      4.000  37.461994    11.5787     4.8255      3.967    32.9040    25.0397 0.0000e+00
 231.694345      5.000  37.338747    11.4394     4.7045      4.958    32.9069    25.0672 0.0000e+00
 231.694357      6.000  37.233859    11.2807     4.3126      5.950    32.9449    25.1255 0.0000e+00
 231.694367      7.000  37.085932    11.0518     3.8595      6.941    33.0035    25.2120 0.0000e+00
 231.694377      8.000  36.896682    10.7831     3.5646      7.933    33.0572    25.3013 0.0000e+00
 231.694386      9.000  36.683404    10.3612     3.4027      8.925    33.2269    25.5065 0.0000e+00
 231.694395     10.000  36.291210     9.6757     3.2782      9.916    33.4603    25.8037 0.0000e+00
 231.694404     11.000  35.691537     9.0299     3.1166     10.908    33.4441    25.8953 0.0000e+00
 231.694413     12.000  35.253421     8.6539     2.8456     11.900    33.3396    25.8720 0.0000e+00
 231.694422     13.000  35.055185     8.4404     2.4858     12.891    33.3321    25.8987 0.0000e+00
 231.694431     14.000  34.942114     8.2903     2.1946     13.883    33.3541    25.9386 0.0000e+00
 231.694441     15.000  34.869773     8.1821     2.0463     14.874    33.3797    25.9748 0.0000e+00
 231.694450     16.000  34.856439     8.1062     2.0001     15.866    33.4374    26.0313 0.0000e+00
 231.694460     17.000  34.879863     7.9547     2.0001     16.858    33.6071    26.1868 0.0000e+00
 231.694469     18.000  34.790456     7.7275     2.0034     17.849    33.7298    26.3163 0.0000e+00
 231.694477     19.000  34.659033     7.5876     1.9990     18.841    33.7233    26.3313 0.0000e+00
 231.694486     20.000  34.595322     7.5269     1.9884     19.832    33.7128    26.3317 0.0000e+00
 231.694495     21.000  34.566621     7.5011     1.9691     20.824    33.7063    26.3303 0.0000e+00
 231.694503     22.000  34.553406     7.4901     1.9457     21.815    33.7023    26.3287 0.0000e+00
 231.694512     23.000  34.546570     7.4845     1.9186     22.807    33.6997    26.3275 0.0000e+00
 231.694521     24.000  34.542541     7.4825     1.8937     23.798    33.6969    26.3256 0.0000e+00
 231.694530     25.000  34.539422     7.4811     1.8670     24.790    33.6944    26.3238 0.0000e+00
 231.694540     26.000  34.536376     7.4794     1.8394     25.781    33.6923    26.3224 0.0000e+00
 231.694550     27.000  34.533467     7.4774     1.8167     26.773    33.6905    26.3213 0.0000e+00
 231.694578     28.000  34.523946     7.4813     1.7573     27.765    33.6759    26.3093 0.0000e+00
