data/oxygen options/ONMS/Olympic_Coast_National_Marine_Sanctuary_CTD_Data_2005_2023/raw_data/2008/SBE19plus/CTD_KL027_081808faed.cnv
* Sea-Bird SBE19plus Data File:
* FileName = C:\2008_Mooring_Data\081808_sevice\CTD_KL027_081808.hex
* Software Version 1.59
* Temperature SN =  4671
* Conductivity SN =  4671
* System UpLoad Time = Aug 18 2008 16:42:29
* ds
* SeacatPlus V 1.6b  SERIAL NO. 4671    18 Aug 2008  16:42:00
# nquan = 9                                 
# nvalues = 1117                        
# units = specified
# name 0 = timeJ: Julian Days
# name 1 = prdM: Pressure, Strain Gauge [db]
# name 2 = c0mS/cm: Conductivity [mS/cm]
# name 3 = tv290C: Temperature [ITS-90, deg C]
# name 4 = sbeox0ML/L: Oxygen, SBE 43 [ml/l]
# name 5 = depSM: Depth [salt water, m], lat = 47.5
# name 6 = sal00: Salinity, Practical [PSU]
# name 7 = sigma-é00: Density [sigma-theta, kg/m^3]
# name 8 = flag: flag
# span 0 = 231.691875, 231.695104       
# span 1 =     -0.073,     28.604       
# span 2 =   0.088560,  38.377565       
# span 3 =     7.4760,    13.1013       
# span 4 =     1.5539,     5.7117       
# span 5 =     -0.072,     28.363       
# span 6 =     0.0559,    33.7251       
# span 7 =    -0.5841,    26.3313       
# span 8 = 0.0000e+00, 0.0000e+00       
# interval = seconds: 0.25
# start_time = Aug 18 2008 16:36:18 [Instrument's time stamp, header]
# bad_flag = -9.990e-29
*END*
[from data line 481]
 231.693267      1.587  37.862908    12.1463     5.6269      1.574    32.7931    24.8481 -9.990e-29
 231.693270      1.591  37.863025    12.1456     5.6234      1.578    32.7938    24.8488 -9.990e-29
 231.693273      1.597  37.863308    12.1437     5.6231      1.584    32.7958    24.8506 -9.990e-29
 231.693275      1.603  37.863120    12.1410     5.6179      1.590    32.7980    24.8528 -9.990e-29
 231.693278      1.608  37.861863    12.1383     5.6160      1.595    32.7991    24.8542 -9.990e-29
 231.693281      1.610  37.859386    12.1364     5.6135      1.597    32.7984    24.8540 -9.990e-29
 231.693284      1.606  37.856499    12.1359     5.6138      1.593    32.7961    24.8523 -9.990e-29
 231.693287      1.599  37.854451    12.1372     5.6156      1.586    32.7929    24.8497 -9.990e-29
 231.693290      1.588  37.853895    12.1399     5.6194      1.575    32.7900    24.8469 -9.990e-29
 231.693293      1.576  37.854956    12.1435     5.6252      1.563    32.7879    24.8446 -9.990e-29
 231.693296      1.565  37.857482    12.1472     5.6332      1.552    32.7871    24.8432 -9.990e-29
 231.693299      1.556  37.860904    12.1504     5.6391      1.543    32.7876    24.8430 -9.990e-29
 231.693302      1.550  37.864434    12.1530     5.6415      1.537    32.7887    24.8434 -9.990e-29
 231.693304      1.548  37.867431    12.1546     5.6404      1.535    32.7902    24.8443 -9.990e-29
 231.693307      1.549  37.869613    12.1551     5.6377      1.536    32.7919    24.8455 -9.990e-29
 231.693310      1.553  37.870983    12.1546     5.6344      1.540    32.7936    24.8469 -9.990e-29
 231.693313      1.561  37.871471    12.1534     5.6302      1.548    32.7952    24.8483 -9.990e-29
 231.693316      1.570  37.870863    12.1517     5.6293      1.557    32.7961    24.8493 -9.990e-29
 231.693319      1.581  37.869506    12.1494     5.6302      1.568    32.7968    24.8503 -9.990e-29
 231.693322      1.592  37.867911    12.1467     5.6318      1.579    32.7976    24.8515 -9.990e-29
 231.693325      1.601  37.865952    12.1441     5.6325      1.588    32.7980    24.8523 -9.990e-29
 231.693328      1.608  37.863538    12.1420     5.6385      1.595    32.7975    24.8523 -9.990e-29
 231.693330      1.609  37.860966    12.1412     5.6423      1.596    32.7957    24.8511 -9.990e-29
 231.693333      1.605  37.858747    12.1419     5.6443      1.592    32.7930    24.8488 -9.990e-29
 231.693336      1.596  37.857626    12.1440     5.6466      1.583    32.7900    24.8461 -9.990e-29
 231.693339      1.585  37.858177    12.1467     5.6456      1.572    32.7882    24.8442 -9.990e-29
 231.693342      1.574  37.860297    12.1492     5.6409      1.561    32.7881    24.8436 -9.990e-29
 231.693345      1.565  37.863193    12.1507     5.6348      1.552    32.7895    24.8445 -9.990e-29
 231.693348      1.562  37.865884    12.1506     5.6302      1.549    32.7922    24.8466 -9.990e-29
 231.693351      1.566  37.867636    12.1486     5.6272      1.553    32.7957    24.8496 -9.990e-29
 231.693354      1.573  37.867836    12.1452     5.6245      1.560    32.7988    24.8527 -9.990e-29
 231.693356      1.583  37.866078    12.1410     5.6267      1.570    32.8008    24.8551 -9.990e-29
 231.693359      1.592  37.862703    12.1370     5.6271      1.579    32.8011    24.8560 -9.990e-29
 231.693362      1.597  37.858585    12.1342     5.6277      1.584    32.7996    24.8554 -9.990e-29
 231.693365      1.598  37.854696    12.1333     5.6283      1.585    32.7966    24.8532 -9.990e-29
 231.693368      1.594  37.851956    12.1342     5.6284      1.581    32.7932    24.8504 -9.990e-29
 231.693371      1.587  37.850918    12.1365     5.6289      1.574    32.7902    24.8476 -9.990e-29
 231.693374      1.578  37.851786    12.1395     5.6271      1.565    32.7884    24.8457 -9.990e-29
 231.693377      1.570  37.854193    12.1427     5.6260      1.557    32.7879    24.8447 -9.990e-29
 231.693380      1.564  37.857221    12.1456     5.6307      1.551    32.7883    24.8444 -9.990e-29
 231.693383      1.561  37.860204    12.1479     5.6363      1.548    32.7891    24.8447 -9.990e-29
 231.693385      1.560  37.862854    12.1494     5.6414      1.547    32.7904    24.8454 -9.990e-29
 231.693388      1.561  37.864933    12.1502     5.6479      1.548    32.7917    24.8462 -9.990e-29
 231.693391      1.563  37.866280    12.1502     5.6488      1.550    32.7930    24.8472 -9.990e-29
 231.693394      1.565  37.866819    12.1501     5.6488      1.552    32.7936    24.8477 -9.990e-29
 231.693397      1.567  37.866648    12.1501     5.6421      1.554    32.7934    24.8476 -9.990e-29
 231.693400      1.569  37.866183    12.1505     5.6352      1.556    32.7926    24.8469 -9.990e-29
 231.693403      1.572  37.865903    12.1511     5.6297      1.559    32.7918    24.8462 -9.990e-29
 231.693406      1.575  37.866079    12.1518     5.6234      1.562    32.7914    24.8457 -9.990e-29
 231.693409      1.579  37.866734    12.1520     5.6218      1.566    32.7918    24.8460 -9.990e-29
 231.693411      1.585  37.867605    12.1514     5.6243      1.572    32.7932    24.8472 -9.990e-29
 231.693414      1.591  37.868186    12.1500     5.6304      1.578    32.7950    24.8488 -9.990e-29
 231.693417      1.596  37.867917    12.1484     5.6405      1.583    32.7961    24.8500 -9.990e-29
 231.693420      1.598  37.866616    12.1471     5.6481      1.585    32.7960    24.8502 -9.990e-29
 231.693423      1.597  37.864765    12.1467     5.6540      1.584    32.7946    24.8491 -9.990e-29
 231.693426      1.594  37.863249    12.1471     5.6569      1.581    32.7927    24.8476 -9.990e-29
 231.693429      1.590  37.862718    12.1480     5.6582      1.577    32.7914    24.8465 -9.990e-29
 231.693432      1.587  37.863218    12.1486     5.6555      1.574    32.7914    24.8463 -9.990e-29
 231.693435      1.587  37.864308    12.1483     5.6503      1.574    32.7927    24.8474 -9.990e-29
 231.693437      1.589  37.865268    12.1468     5.6453      1.576    32.7950    24.8494 -9.990e-29
 231.693440      1.595  37.865414    12.1439     5.6399      1.582    32.7976    24.8520 -9.990e-29
 231.693443      1.601  37.864255    12.1405     5.6406      1.588    32.7995    24.8541 -9.990e-29
 231.693446      1.605  37.861736    12.1374     5.6346      1.592    32.7998    24.8549 -9.990e-29
 231.693449      1.605  37.858306    12.1357     5.6363      1.592    32.7980    24.8538 -9.990e-29
 231.693452      1.603  37.854977    12.1355     5.6340      1.590    32.7949    24.8515 -9.990e-29
 231.693455      1.598  37.853159    12.1366     5.6366      1.585    32.7922    24.8492 -9.990e-29
 231.693458      1.592  37.853196    12.1385     5.6386      1.579    32.7906    24.8476 -9.990e-29
 231.693461      1.586  37.854364    12.1408     5.6380      1.573    32.7897    24.8465 -9.990e-29
 231.693464      1.581  37.856195    12.1431     5.6430      1.568    32.7895    24.8458 -9.990e-29
 231.693466      1.577  37.858397    12.1452     5.6454      1.564    32.7897    24.8457 -9.990e-29
 231.693469      1.573  37.860543    12.1472     5.6489      1.560    32.7901    24.8455 -9.990e-29
 231.693472      1.569  37.862375    12.1490     5.6544      1.556    32.7902    24.8453 -9.990e-29
 231.693475      1.564  37.864020    12.1506     5.6526      1.551    32.7904    24.8452 -9.990e-29
 231.693478      1.559  37.865644    12.1520     5.6482      1.546    32.7908    24.8452 -9.990e-29
 231.693481      1.554  37.867011    12.1533     5.6426      1.541    32.7909    24.8451 -9.990e-29
 231.693484      1.550  37.868000    12.1546     5.6408      1.537    32.7908    24.8447 -9.990e-29
 231.693487      1.550  37.868989    12.1556     5.6375      1.537    32.7908    24.8446 -9.990e-29
 231.693490      1.553  37.870173    12.1560     5.6357      1.540    32.7916    24.8451 -9.990e-29
 231.693492      1.561  37.871285    12.1552     5.6351      1.548    32.7934    24.8466 -9.990e-29
 231.693495      1.573  37.871838    12.1533     5.6401      1.560    32.7956    24.8487 -9.990e-29
 231.693498      1.586  37.871360    12.1508     5.6411      1.573    32.7973    24.8505 -9.990e-29
 231.693501      1.597  37.869544    12.1486     5.6422      1.584    32.7975    24.8510 -9.990e-29
 231.693504      1.604  37.866828    12.1472     5.6434      1.591    32.7961    24.8502 -9.990e-29
 231.693507      1.604  37.864444    12.1470     5.6432      1.591    32.7940    24.8486 -9.990e-29
 231.693510      1.596  37.863039    12.1483     5.6466      1.583    32.7915    24.8464 -9.990e-29
 231.693513      1.583  37.862676    12.1509     5.6464      1.570    32.7889    24.8439 -9.990e-29
 231.693516      1.567  37.863654    12.1541     5.6480      1.554    32.7870    24.8419 -9.990e-29
 231.693519      1.553  37.866143    12.1566     5.6483      1.540    32.7872    24.8416 -9.990e-29
 231.693521      1.544  37.869589    12.1571     5.6492      1.531    32.7901    24.8437 -9.990e-29
 231.693524      1.543  37.872658    12.1550     5.6515      1.530    32.7949    24.8478 -9.990e-29
 231.693527      1.550  37.873958    12.1505     5.6511      1.537    32.8001    24.8527 -9.990e-29
 231.693530      1.563  37.872590    12.1445     5.6485      1.550    32.8040    24.8569 -9.990e-29
 231.693533      1.578  37.868441    12.1382     5.6477      1.565    32.8056    24.8593 -9.990e-29
 231.693536      1.590  37.862545    12.1329     5.6493      1.577    32.8045    24.8595 -9.990e-29
 231.693539      1.598  37.856438    12.1296     5.6544      1.585    32.8015    24.8578 -9.990e-29
 231.693542      1.599  37.851296    12.1289     5.6470      1.586    32.7972    24.8545 -9.990e-29
 231.693545      1.595  37.847979    12.1306     5.6550      1.582    32.7925    24.8506 -9.990e-29
 231.693547      1.588  37.847094    12.1339     5.6539      1.575    32.7888    24.8470 -9.990e-29
 231.693550      1.579  37.848704    12.1376     5.6546      1.566    32.7871    24.8450 -9.990e-29
 231.693553      1.573  37.852066    12.1410     5.6541      1.560    32.7873    24.8446 -9.990e-29
 231.693556      1.570  37.855889    12.1435     5.6560      1.557    32.7888    24.8453 -9.990e-29
 231.693559      1.570  37.859169    12.1446     5.6492      1.557    32.7910    24.8468 -9.990e-29
 231.693562      1.572  37.861472    12.1442     5.6506      1.559    32.7936    24.8488 -9.990e-29
 231.693565      1.576  37.862497    12.1428     5.6520      1.563    32.7958    24.8508 -9.990e-29
 231.693568      1.580  37.861988    12.1408     5.6496      1.567    32.7971    24.8522 -9.990e-29
 231.693571      1.583  37.860249    12.1388     5.6499      1.570    32.7971    24.8526 -9.990e-29
 231.693573      1.585  37.858127    12.1370     5.6488      1.572    32.7967    24.8526 -9.990e-29
 231.693576      1.587  37.856207    12.1356     5.6458      1.574    32.7961    24.8524 -9.990e-29
 231.693579      1.587  37.854620    12.1352     5.6424      1.574    32.7949    24.8515 -9.990e-29
 231.693582      1.588  37.853423    12.1359     5.6393      1.575    32.7931    24.8500 -9.990e-29
 231.693585      1.587  37.852934    12.1373     5.6321      1.574    32.7914    24.8484 -9.990e-29
 231.693588      1.586  37.853597    12.1390     5.6290      1.573    32.7905    24.8475 -9.990e-29
 231.693591      1.585  37.855202    12.1409     5.6256      1.572    32.7904    24.8470 -9.990e-29
 231.693594      1.584  37.857007    12.1426     5.6265      1.571    32.7907    24.8469 -9.990e-29
 231.693597      1.584  37.858621    12.1441     5.6266      1.571    32.7909    24.8468 -9.990e-29
 231.693600      1.585  37.860077    12.1451     5.6309      1.572    32.7914    24.8470 -9.990e-29
 231.693602      1.586  37.861372    12.1455     5.6351      1.573    32.7923    24.8476 -9.990e-29
 231.693605      1.586  37.862303    12.1454     5.6441      1.573    32.7933    24.8484 -9.990e-29
 231.693608      1.583  37.862635    12.1452     5.6520      1.570    32.7938    24.8488 -9.990e-29
 231.693611      1.578  37.862246    12.1456     5.6547      1.565    32.7931    24.8482 -9.990e-29
 231.693614      1.570  37.861548    12.1468     5.6596      1.557    32.7914    24.8466 -9.990e-29
 231.693617      1.560  37.861450    12.1487     5.6618      1.547    32.7896    24.8449 -9.990e-29
 231.693620      1.550  37.862488    12.1506     5.6645      1.537    32.7890    24.8440 -9.990e-29
 231.693623      1.543  37.864426    12.1522     5.6611      1.530    32.7894    24.8441 -9.990e-29
 231.693626      1.538  37.866492    12.1529     5.6565      1.525    32.7908    24.8450 -9.990e-29
 231.693628      1.538  37.868131    12.1523     5.6523      1.525    32.7929    24.8468 -9.990e-29
 231.693631      1.543  37.869113    12.1501     5.6512      1.530    32.7958    24.8494 -9.990e-29
 231.693634      1.550  37.868895    12.1469     5.6508      1.537    32.7984    24.8520 -9.990e-29
 231.693637      1.558  37.867026    12.1436     5.6545      1.545    32.7995    24.8535 -9.990e-29
 231.693640      1.565  37.863814    12.1411     5.6571      1.552    32.7986    24.8533 -9.990e-29
 231.693643      1.568  37.860265    12.1396     5.6585      1.555    32.7965    24.8519 -9.990e-29
 231.693646      1.569  37.857597    12.1393     5.6587      1.556    32.7942    24.8502 -9.990e-29
 231.693649      1.569  37.856313    12.1398     5.6608      1.556    32.7925    24.8488 -9.990e-29
 231.693652      1.569  37.856188    12.1405     5.6634      1.556    32.7917    24.8481 -9.990e-29
 231.693655      1.571  37.856890    12.1407     5.6628      1.558    32.7922    24.8484 -9.990e-29
 231.693657      1.575  37.857938    12.1400     5.6589      1.562    32.7939    24.8498 -9.990e-29
 231.693660      1.583  37.858622    12.1379     5.6572      1.570    32.7964    24.8522 -9.990e-29
 231.693663      1.591  37.858345    12.1346     5.6520      1.578    32.7990    24.8548 -9.990e-29
 231.693666      1.599  37.856757    12.1309     5.6507      1.586    32.8007    24.8569 -9.990e-29
 231.693669      1.604  37.853755    12.1279     5.6460      1.591    32.8004    24.8572 -9.990e-29
 231.693672      1.604  37.850061    12.1264     5.6444      1.591    32.7982    24.8558 -9.990e-29
 231.693675      1.599  37.846967    12.1266     5.6444      1.586    32.7950    24.8533 -9.990e-29
 231.693678      1.590  37.845298    12.1285     5.6465      1.577    32.7918    24.8504 -9.990e-29
 231.693681      1.578  37.845389    12.1315     5.6492      1.565    32.7892    24.8478 -9.990e-29
 231.693683      1.566  37.847081    12.1355     5.6491      1.553    32.7873    24.8456 -9.990e-29
 231.693686      1.555  37.849816    12.1400     5.6506      1.542    32.7860    24.8438 -9.990e-29
 231.693689      1.546  37.853287    12.1445     5.6432      1.533    32.7854    24.8425 -9.990e-29
 231.693692      1.542  37.857364    12.1484     5.6394      1.529    32.7860    24.8421 -9.990e-29
 231.693695      1.542  37.861576    12.1511     5.6338      1.529    32.7876    24.8429 -9.990e-29
 231.693698      1.548  37.865275    12.1520     5.6302      1.535    32.7904    24.8449 -9.990e-29
 231.693701      1.558  37.867926    12.1506     5.6284      1.545    32.7942    24.8481 -9.990e-29
 231.693704      1.572  37.868900    12.1470     5.6312      1.559    32.7983    24.8520 -9.990e-29
 231.693707      1.588  37.867721    12.1417     5.6348      1.575    32.8018    24.8557 -9.990e-29
 231.693709      1.602  37.864468    12.1360     5.6375      1.589    32.8037    24.8582 -9.990e-29
 231.693712      1.612  37.859560    12.1312     5.6421      1.599    32.8031    24.8587 -9.990e-29
 231.693715      1.616  37.853825    12.1286     5.6470      1.603    32.7999    24.8567 -9.990e-29
 231.693718      1.613  37.848837    12.1289     5.6478      1.600    32.7948    24.8527 -9.990e-29
 231.693721      1.603  37.846139    12.1319     5.6439      1.590    32.7896    24.8480 -9.990e-29
 231.693724      1.588  37.846304    12.1367     5.6464      1.575    32.7855    24.8440 -9.990e-29
