data/oxygen options/ONMS/Olympic_Coast_National_Marine_Sanctuary_CTD_Data_2005_2023/raw_data/2008/SBE19plus/CTD_KL015_071508faed.cnv
* Sea-Bird SBE19plus Data File:
* FileName = C:\2008_Mooring_Data\071408_sevice\CTD_KL015_071508.hex
* Software Version 1.59
* Temperature SN =  4671
* Conductivity SN =  4671
* System UpLoad Time = Jul 15 2008 16:44:17
* ds
* SeacatPlus V 1.6b  SERIAL NO. 4671    15 Jul 2008  16:43:59
# nquan = 9                                 
# nvalues = 1116                        
# units = specified
# name 0 = timeJ: Julian Days
# name 1 = prdM: Pressure, Strain Gauge [db]
# name 2 = c0mS/cm: Conductivity [mS/cm]
# name 3 = tv290C: Temperature [ITS-90, deg C]
# name 4 = sbeox0ML/L: Oxygen, SBE 43 [ml/l]
# name 5 = depSM: Depth [salt water, m], lat = 47.5
# name 6 = sal00: Salinity, Practical [PSU]
# name 7 = sigma-é00: Density [sigma-theta, kg/m^3]
# name 8 = flag: flag
# span 0 = 197.693275, 197.696502       
# span 1 =      0.013,     15.735       
# span 2 =   0.010475,  36.078432       
# span 3 =     7.1412,    11.7790       
# span 4 =     2.1742,     7.9879       
# span 5 =      0.013,     15.603       
# span 6 =     0.0106,    33.8948       
# span 7 =    -0.4673,    26.4094       
# span 8 = 0.0000e+00, 0.0000e+00       
# interval = seconds: 0.25
# start_time = Jul 15 2008 16:38:19 [Instrument's time stamp, header]
# bad_flag = -9.990e-29
*END*
[from data line 801]
 197.695593      2.218  35.608053     8.7065     3.2312      2.199    33.6671    26.1204 -9.990e-29
 197.695596      2.222  35.611453     8.7058     3.2304      2.203    33.6713    26.1238 -9.990e-29
 197.695599      2.231  35.612992     8.7035     3.2292      2.212    33.6751    26.1271 -9.990e-29
 197.695602      2.240  35.612436     8.7004     3.2299      2.221    33.6775    26.1295 -9.990e-29
 197.695605      2.244  35.610066     8.6977     3.2299      2.225    33.6776    26.1300 -9.990e-29
 197.695608      2.242  35.606646     8.6967     3.2306      2.223    33.6749    26.1280 -9.990e-29
 197.695611      2.231  35.603489     8.6983     3.2342      2.212    33.6701    26.1240 -9.990e-29
 197.695613      2.214  35.601955     8.7022     3.2335      2.196    33.6648    26.1192 -9.990e-29
 197.695616      2.194  35.602990     8.7073     3.2332      2.176    33.6610    26.1155 -9.990e-29
 197.695619      2.174  35.606806     8.7119     3.2351      2.156    33.6607    26.1145 -9.990e-29
 197.695622      2.160  35.612310     8.7147     3.2315      2.142    33.6638    26.1165 -9.990e-29
 197.695625      2.156  35.617440     8.7153     3.2315      2.138    33.6686    26.1202 -9.990e-29
 197.695628      2.162  35.620536     8.7141     3.2253      2.144    33.6730    26.1238 -9.990e-29
 197.695631      2.178  35.621045     8.7117     3.2202      2.160    33.6758    26.1264 -9.990e-29
 197.695634      2.201  35.619499     8.7090     3.2151      2.183    33.6768    26.1276 -9.990e-29
 197.695637      2.225  35.616840     8.7064     3.2088      2.206    33.6764    26.1277 -9.990e-29
 197.695639      2.246  35.613909     8.7042     3.2078      2.227    33.6754    26.1273 -9.990e-29
 197.695642      2.259  35.611348     8.7028     3.2079      2.240    33.6741    26.1264 -9.990e-29
 197.695645      2.263  35.609337     8.7023     3.2113      2.244    33.6724    26.1252 -9.990e-29
 197.695648      2.259  35.607956     8.7028     3.2183      2.240    33.6705    26.1236 -9.990e-29
 197.695651      2.249  35.607482     8.7035     3.2242      2.230    33.6693    26.1226 -9.990e-29
 197.695654      2.237  35.608022     8.7039     3.2282      2.218    33.6695    26.1227 -9.990e-29
 197.695657      2.227  35.609151     8.7034     3.2323      2.208    33.6712    26.1241 -9.990e-29
 197.695660      2.220  35.609931     8.7019     3.2319      2.201    33.6735    26.1261 -9.990e-29
 197.695663      2.217  35.609644     8.6994     3.2305      2.198    33.6755    26.1281 -9.990e-29
 197.695666      2.217  35.608293     8.6959     3.2237      2.198    33.6774    26.1301 -9.990e-29
 197.695668      2.219  35.606122     8.6922     3.2161      2.200    33.6787    26.1317 -9.990e-29
 197.695671      2.219  35.603012     8.6893     3.2084      2.200    33.6782    26.1317 -9.990e-29
 197.695674      2.216  35.599212     8.6878     3.1995      2.197    33.6756    26.1299 -9.990e-29
 197.695677      2.210  35.596042     8.6880     3.1961      2.192    33.6721    26.1271 -9.990e-29
 197.695680      2.200  35.594506     8.6894     3.1945      2.182    33.6691    26.1246 -9.990e-29
 197.695683      2.189  35.594646     8.6915     3.1945      2.171    33.6673    26.1229 -9.990e-29
 197.695686      2.179  35.596237     8.6935     3.1954      2.161    33.6671    26.1224 -9.990e-29
 197.695689      2.174  35.598641     8.6947     3.2015      2.156    33.6685    26.1233 -9.990e-29
 197.695692      2.175  35.600791     8.6947     3.2109      2.157    33.6707    26.1250 -9.990e-29
 197.695694      2.184  35.602070     8.6931     3.2155      2.166    33.6736    26.1275 -9.990e-29
 197.695697      2.202  35.602271     8.6897     3.2189      2.184    33.6770    26.1308 -9.990e-29
 197.695700      2.227  35.601045     8.6846     3.2222      2.208    33.6806    26.1343 -9.990e-29
 197.695703      2.255  35.598093     8.6778     3.2218      2.236    33.6839    26.1380 -9.990e-29
 197.695706      2.283  35.593438     8.6700     3.2208      2.264    33.6865    26.1412 -9.990e-29
 197.695709      2.306  35.587325     8.6623     3.2158      2.287    33.6874    26.1431 -9.990e-29
 197.695712      2.322  35.579853     8.6564     3.2146      2.303    33.6851    26.1422 -9.990e-29
 197.695715      2.329  35.572049     8.6533     3.2108      2.310    33.6799    26.1386 -9.990e-29
 197.695718      2.325  35.566116     8.6533     3.2108      2.306    33.6736    26.1337 -9.990e-29
 197.695720      2.310  35.563098     8.6566     3.2108      2.291    33.6673    26.1282 -9.990e-29
 197.695723      2.285  35.562980     8.6625     3.2105      2.266    33.6616    26.1228 -9.990e-29
 197.695726      2.254  35.566051     8.6694     3.2121      2.235    33.6582    26.1192 -9.990e-29
 197.695729      2.221  35.571927     8.6759     3.2132      2.202    33.6582    26.1182 -9.990e-29
 197.695732      2.192  35.579011     8.6808     3.2138      2.174    33.6610    26.1196 -9.990e-29
 197.695735      2.171  35.585578     8.6832     3.2151      2.153    33.6657    26.1229 -9.990e-29
 197.695738      2.160  35.590505     8.6833     3.2189      2.142    33.6708    26.1268 -9.990e-29
 197.695741      2.159  35.592993     8.6817     3.2173      2.141    33.6749    26.1303 -9.990e-29
 197.695744      2.164  35.592671     8.6793     3.2168      2.146    33.6769    26.1322 -9.990e-29
 197.695747      2.174  35.590509     8.6765     3.2167      2.156    33.6772    26.1330 -9.990e-29
 197.695749      2.185  35.587974     8.6738     3.2158      2.167    33.6771    26.1333 -9.990e-29
 197.695752      2.196  35.585309     8.6717     3.2148      2.178    33.6763    26.1330 -9.990e-29
 197.695755      2.206  35.582607     8.6703     3.2125      2.188    33.6748    26.1320 -9.990e-29
 197.695758      2.217  35.580551     8.6698     3.2108      2.198    33.6731    26.1308 -9.990e-29
 197.695761      2.228  35.579343     8.6700     3.2094      2.209    33.6717    26.1296 -9.990e-29
 197.695764      2.240  35.578955     8.6704     3.2061      2.221    33.6709    26.1289 -9.990e-29
 197.695767      2.250  35.579308     8.6710     3.2086      2.231    33.6707    26.1287 -9.990e-29
 197.695770      2.259  35.579961     8.6718     3.2091      2.240    33.6706    26.1285 -9.990e-29
 197.695773      2.267  35.580539     8.6735     3.2127      2.248    33.6696    26.1274 -9.990e-29
 197.695775      2.272  35.580981     8.6759     3.2144      2.253    33.6677    26.1256 -9.990e-29
 197.695778      2.275  35.581883     8.6778     3.2158      2.256    33.6669    26.1246 -9.990e-29
 197.695781      2.276  35.584194     8.6777     3.2179      2.257    33.6694    26.1266 -9.990e-29
 197.695784      2.275  35.587077     8.6749     3.2192      2.256    33.6751    26.1315 -9.990e-29
 197.695787      2.269  35.587979     8.6704     3.2229      2.250    33.6803    26.1363 -9.990e-29
 197.695790      2.260  35.585499     8.6666     3.2167      2.241    33.6814    26.1377 -9.990e-29
 197.695793      2.249  35.580235     8.6653     3.2196      2.230    33.6771    26.1346 -9.990e-29
 197.695796      2.235  35.574942     8.6664     3.2167      2.216    33.6705    26.1292 -9.990e-29
 197.695799      2.221  35.572879     8.6690     3.2082      2.202    33.6658    26.1252 -9.990e-29
 197.695802      2.209  35.574219     8.6722     3.2006      2.191    33.6642    26.1234 -9.990e-29
 197.695804      2.199  35.577306     8.6754     3.1925      2.181    33.6644    26.1231 -9.990e-29
 197.695807      2.191  35.580819     8.6784     3.1864      2.173    33.6652    26.1233 -9.990e-29
 197.695810      2.186  35.583847     8.6811     3.1792      2.168    33.6658    26.1233 -9.990e-29
 197.695813      2.183  35.586464     8.6835     3.1744      2.165    33.6663    26.1233 -9.990e-29
 197.695816      2.182  35.588982     8.6853     3.1674      2.164    33.6673    26.1238 -9.990e-29
 197.695819      2.183  35.591192     8.6863     3.1693      2.165    33.6686    26.1247 -9.990e-29
 197.695822      2.187  35.592946     8.6857     3.1713      2.169    33.6710    26.1267 -9.990e-29
 197.695825      2.193  35.594128     8.6831     3.1734      2.175    33.6748    26.1300 -9.990e-29
 197.695828      2.203  35.594155     8.6785     3.1728      2.185    33.6792    26.1342 -9.990e-29
 197.695830      2.214  35.592178     8.6724     3.1707      2.196    33.6829    26.1380 -9.990e-29
 197.695833      2.228  35.588018     8.6649     3.1736      2.209    33.6857    26.1413 -9.990e-29
 197.695836      2.242  35.582460     8.6559     3.1740      2.223    33.6884    26.1449 -9.990e-29
 197.695839      2.256  35.576047     8.6452     3.1725      2.237    33.6918    26.1492 -9.990e-29
 197.695842      2.269  35.568544     8.6333     3.1762      2.250    33.6953    26.1538 -9.990e-29
 197.695845      2.280  35.559529     8.6217     3.1792      2.261    33.6968    26.1568 -9.990e-29
 197.695848      2.286  35.548760     8.6124     3.1806      2.267    33.6944    26.1563 -9.990e-29
 197.695851      2.288  35.537352     8.6072     3.1847      2.269    33.6873    26.1515 -9.990e-29
 197.695854      2.284  35.527768     8.6067     3.1889      2.265    33.6777    26.1441 -9.990e-29
 197.695856      2.277  35.522113     8.6097     3.1714      2.258    33.6689    26.1367 -9.990e-29
 197.695859      2.270  35.521624     8.6140     3.1594      2.251    33.6642    26.1324 -9.990e-29
 197.695862      2.266  35.525522     8.6174     3.1444      2.247    33.6651    26.1326 -9.990e-29
 197.695865      2.265  35.530883     8.6186     3.1200      2.246    33.6696    26.1359 -9.990e-29
 197.695868      2.270  35.534876     8.6168     3.0936      2.251    33.6755    26.1408 -9.990e-29
 197.695871      2.280  35.536210     8.6124     3.0687      2.261    33.6811    26.1459 -9.990e-29
 197.695874      2.293  35.534575     8.6074     3.0417      2.274    33.6842    26.1491 -9.990e-29
 197.695877      2.308  35.529923     8.6044     3.0232      2.289    33.6821    26.1479 -9.990e-29
 197.695880      2.327  35.523721     8.6044     3.0114      2.308    33.6756    26.1428 -9.990e-29
 197.695883      2.351  35.519384     8.6059     3.0008      2.331    33.6696    26.1378 -9.990e-29
 197.695885      2.384  35.519368     8.6066     2.9895      2.364    33.6689    26.1372 -9.990e-29
 197.695888      2.431  35.522381     8.6040     2.9851      2.411    33.6745    26.1420 -9.990e-29
 197.695891      2.497  35.524873     8.5953     2.9796      2.476    33.6854    26.1519 0.0000e+00
 197.695894      2.585  35.524085     8.5779     2.9713      2.563    33.7011    26.1669 0.0000e+00
 197.695897      2.694  35.517953     8.5502     2.9633      2.671    33.7211    26.1868 0.0000e+00
 197.695900      2.821  35.504040     8.5132     2.9518      2.797    33.7417    26.2086 0.0000e+00
 197.695903      2.961  35.479853     8.4701     2.9433      2.936    33.7574    26.2275 0.0000e+00
 197.695906      3.106  35.445450     8.4250     2.9229      3.080    33.7641    26.2396 0.0000e+00
 197.695909      3.252  35.404628     8.3822     2.9208      3.225    33.7619    26.2444 0.0000e+00
 197.695911      3.396  35.361334     8.3448     2.9183      3.368    33.7518    26.2421 0.0000e+00
 197.695914      3.534  35.319714     8.3141     2.9076      3.504    33.7370    26.2352 0.0000e+00
 197.695917      3.666  35.284463     8.2898     2.9020      3.635    33.7228    26.2277 0.0000e+00
 197.695920      3.792  35.256909     8.2705     2.8989      3.760    33.7120    26.2221 0.0000e+00
 197.695923      3.913  35.235744     8.2537     2.8929      3.880    33.7056    26.2196 0.0000e+00
 197.695926      4.033  35.219693     8.2364     2.8890      3.999    33.7051    26.2218 0.0000e+00
 197.695929      4.156  35.206474     8.2154     2.8821      4.121    33.7111    26.2297 0.0000e+00
 197.695932      4.287  35.192783     8.1881     2.8766      4.251    33.7228    26.2429 0.0000e+00
 197.695935      4.427  35.175836     8.1553     2.8720      4.390    33.7362    26.2583 0.0000e+00
 197.695938      4.574  35.151985     8.1214     2.8682      4.536    33.7433    26.2690 0.0000e+00
 197.695940      4.728  35.119785     8.0895     2.8665      4.688    33.7396    26.2708 0.0000e+00
 197.695943      4.885  35.084924     8.0598     2.8652      4.844    33.7309    26.2684 0.0000e+00
 197.695946      5.044  35.053937     8.0323     2.8613      5.002    33.7242    26.2672 0.0000e+00
 197.695949      5.204  35.027068     8.0074     2.8603      5.161    33.7194    26.2671 0.0000e+00
 197.695952      5.364  35.001933     7.9856     2.8572      5.319    33.7135    26.2657 0.0000e+00
 197.695955      5.525  34.978531     7.9662     2.8568      5.479    33.7071    26.2635 0.0000e+00
 197.695958      5.688  34.958307     7.9475     2.8579      5.640    33.7034    26.2633 0.0000e+00
 197.695961      5.852  34.941444     7.9286     2.8589      5.803    33.7035    26.2662 0.0000e+00
 197.695964      6.018  34.925620     7.9087     2.8586      5.968    33.7056    26.2708 0.0000e+00
 197.695966      6.184  34.908695     7.8881     2.8595      6.132    33.7073    26.2751 0.0000e+00
 197.695969      6.349  34.890472     7.8678     2.8634      6.296    33.7073    26.2781 0.0000e+00
 197.695972      6.512  34.870890     7.8490     2.8651      6.458    33.7043    26.2785 0.0000e+00
 197.695975      6.674  34.850924     7.8326     2.8639      6.618    33.6987    26.2764 0.0000e+00
 197.695978      6.834  34.832490     7.8189     2.8605      6.777    33.6920    26.2732 0.0000e+00
 197.695981      6.994  34.816550     7.8079     2.8531      6.936    33.6854    26.2696 0.0000e+00
 197.695984      7.154  34.803440     7.7994     2.8417      7.094    33.6795    26.2662 0.0000e+00
 197.695987      7.317  34.793305     7.7927     2.8157      7.256    33.6750    26.2636 0.0000e+00
 197.695990      7.482  34.785895     7.7872     2.7819      7.419    33.6722    26.2623 0.0000e+00
 197.695992      7.649  34.780482     7.7819     2.7302      7.585    33.6715    26.2625 0.0000e+00
 197.695995      7.817  34.776090     7.7762     2.6685      7.752    33.6722    26.2638 0.0000e+00
 197.695998      7.984  34.771766     7.7698     2.5999      7.917    33.6736    26.2659 0.0000e+00
 197.696001      8.147  34.766608     7.7627     2.5249      8.079    33.6749    26.2679 0.0000e+00
 197.696004      8.308  34.760190     7.7549     2.4549      8.238    33.6754    26.2695 0.0000e+00
 197.696007      8.466  34.753059     7.7452     2.3948      8.395    33.6770    26.2722 0.0000e+00
 197.696010      8.621  34.745810     7.7328     2.3443      8.549    33.6812    26.2772 0.0000e+00
 197.696013      8.775  34.737557     7.7166     2.3043      8.702    33.6879    26.2848 0.0000e+00
 197.696016      8.926  34.726722     7.6950     2.2783      8.851    33.6970    26.2951 0.0000e+00
 197.696019      9.078  34.712758     7.6661     2.2629      9.002    33.7099    26.3094 0.0000e+00
 197.696021      9.233  34.694826     7.6296     2.2563      9.156    33.7259    26.3272 0.0000e+00
 197.696024      9.394  34.670660     7.5861     2.2506      9.315    33.7419    26.3460 0.0000e+00
 197.696027      9.561  34.639039     7.5370     2.2467      9.481    33.7554    26.3636 0.0000e+00
 197.696030      9.737  34.601030     7.4834     2.2444      9.656    33.7663    26.3798 0.0000e+00
 197.696033      9.921  34.558876     7.4273     2.2459      9.838    33.7751    26.3947 0.0000e+00
 197.696036     10.110  34.514050     7.3728     2.2480     10.025    33.7795    26.4058 0.0000e+00
 197.696039     10.301  34.466722     7.3242     2.2518     10.215    33.7754    26.4094 0.0000e+00
 197.696042     10.490  34.419415     7.2842     2.2502     10.402    33.7629    26.4051 0.0000e+00
 197.696045     10.673  34.377481     7.2531     2.2522     10.584    33.7474    26.3974 0.0000e+00
 197.696047     10.846  34.344269     7.2301     2.2541     10.755    33.7336    26.3897 0.0000e+00
 197.696050     11.010  34.319632     7.2133     2.2564     10.918    33.7231    26.3837 0.0000e+00
