data/oxygen options/ONMS/Olympic_Coast_National_Marine_Sanctuary_CTD_Data_2005_2023/raw_data/2008/SBE19plus/CTD_CE015_081808faed.cnv
* Sea-Bird SBE19plus Data File:
* FileName = C:\2008_Mooring_Data\081808_sevice\CTD_CE015_081808.hex
* Software Version 1.59
* Temperature SN =  4671
* Conductivity SN =  4671
* System UpLoad Time = Aug 18 2008 15:09:26
* ds
* SeacatPlus V 1.6b  SERIAL NO. 4671    18 Aug 2008  15:09:10
# nquan = 9                                 
# nvalues = 2377                        
# units = specified
# name 0 = timeJ: Julian Days
# name 1 = prdM: Pressure, Strain Gauge [db]
# name 2 = c0mS/cm: Conductivity [mS/cm]
# name 3 = tv290C: Temperature [ITS-90, deg C]
# name 4 = sbeox0ML/L: Oxygen, SBE 43 [ml/l]
# name 5 = depSM: Depth [salt water, m], lat = 47.5
# name 6 = sal00: Salinity, Practical [PSU]
# name 7 = sigma-é00: Density [sigma-theta, kg/m^3]
# name 8 = flag: flag
# span 0 = 231.619225, 231.626100       
# span 1 =     -0.056,     17.191       
# span 2 =   0.086775,  37.126433       
# span 3 =     8.6652,    15.1612       
# span 4 =     1.9563,     5.7156       
# span 5 =     -0.056,     17.047       
# span 6 =     0.0529,    33.4041       
# span 7 =    -0.8737,    25.9195       
# span 8 = 0.0000e+00, 0.0000e+00       
# interval = seconds: 0.25
# start_time = Aug 18 2008 14:51:41 [Instrument's time stamp, header]
# bad_flag = -9.990e-29
*END*
 231.619225     -0.055 -9.990e-29    15.0992     5.1970     -0.055 -9.990e-29 -9.990e-29 -9.990e-29
 231.619227     -0.055 -9.990e-29    15.0992     5.1930     -0.055 -9.990e-29 -9.990e-29 -9.990e-29
 231.619230     -0.055   0.097875    15.0993     5.1958     -0.055     0.0592    -0.8680 -9.990e-29
 231.619233     -0.055   0.098117    15.0995     5.1916     -0.055     0.0593    -0.8680 -9.990e-29
 231.619236     -0.055   0.098457    15.0996     5.1916     -0.055     0.0595    -0.8678 -9.990e-29
 231.619239     -0.055   0.098858    15.0997     5.1909     -0.055     0.0598    -0.8677 -9.990e-29
 231.619242     -0.055   0.099244    15.0998     5.1911     -0.055     0.0600    -0.8675 -9.990e-29
 231.619245     -0.055   0.099518    15.0999     5.1897     -0.055     0.0601    -0.8674 -9.990e-29
 231.619248     -0.055   0.099600    15.1000     5.1934     -0.055     0.0602    -0.8674 -9.990e-29
 231.619251     -0.055   0.099460    15.1001     5.1945     -0.055     0.0601    -0.8675 -9.990e-29
 231.619253     -0.055   0.099118    15.1002     5.1908     -0.055     0.0599    -0.8676 -9.990e-29
 231.619256     -0.055   0.098644    15.1002     5.1945     -0.055     0.0596    -0.8678 -9.990e-29
 231.619259     -0.055   0.098124    15.1002     5.1962     -0.055     0.0593    -0.8681 -9.990e-29
 231.619262     -0.055   0.097634    15.1002     5.1933     -0.055     0.0591    -0.8683 -9.990e-29
 231.619265     -0.055   0.097235    15.1003     5.1960     -0.055     0.0588    -0.8685 -9.990e-29
 231.619268     -0.055   0.096968    15.1005     5.1927     -0.055     0.0587    -0.8686 -9.990e-29
 231.619271     -0.055   0.096846    15.1007     5.1946     -0.055     0.0586    -0.8687 -9.990e-29
 231.619274     -0.055   0.096856    15.1008     5.1946     -0.055     0.0586    -0.8687 -9.990e-29
 231.619277     -0.055   0.096964    15.1009     5.1947     -0.055     0.0587    -0.8687 -9.990e-29
 231.619280     -0.055   0.097131    15.1011     5.1910     -0.055     0.0588    -0.8686 -9.990e-29
 231.619282     -0.055   0.097319    15.1012     5.1939     -0.055     0.0589    -0.8686 -9.990e-29
 231.619285     -0.055   0.097484    15.1013     5.1924     -0.055     0.0590    -0.8685 -9.990e-29
 231.619288     -0.055   0.097584    15.1014     5.1955     -0.055     0.0590    -0.8685 -9.990e-29
 231.619291     -0.055   0.097574    15.1014     5.1962     -0.055     0.0590    -0.8685 -9.990e-29
 231.619294     -0.055   0.097420    15.1013     5.1931     -0.055     0.0589    -0.8685 -9.990e-29
 231.619297     -0.055   0.097126    15.1012     5.1931     -0.055     0.0588    -0.8687 -9.990e-29
 231.619300     -0.055   0.096732    15.1012     5.1951     -0.055     0.0586    -0.8688 -9.990e-29
 231.619303     -0.055   0.096310    15.1012     5.1953     -0.055     0.0583    -0.8690 -9.990e-29
 231.619306     -0.055   0.095929    15.1013     5.1921     -0.055     0.0581    -0.8692 -9.990e-29
 231.619308     -0.055   0.095632    15.1014     5.1952     -0.055     0.0579    -0.8693 -9.990e-29
 231.619311     -0.055   0.095436    15.1015     5.1910     -0.055     0.0578    -0.8695 -9.990e-29
 231.619314     -0.055   0.095318    15.1016     5.1921     -0.055     0.0577    -0.8695 -9.990e-29
 231.619317     -0.055   0.095233    15.1017     5.1923     -0.055     0.0577    -0.8696 -9.990e-29
 231.619320     -0.055   0.095128    15.1018     5.1887     -0.055     0.0576    -0.8696 -9.990e-29
 231.619323     -0.055   0.094962    15.1018     5.1945     -0.055     0.0575    -0.8697 -9.990e-29
 231.619326     -0.055   0.094729    15.1018     5.1910     -0.055     0.0574    -0.8698 -9.990e-29
 231.619329     -0.055   0.094461    15.1018     5.1945     -0.055     0.0573    -0.8699 -9.990e-29
 231.619332     -0.055   0.094209    15.1017     5.1906     -0.055     0.0571    -0.8700 -9.990e-29
 231.619334     -0.055   0.094008    15.1017     5.1943     -0.055     0.0570    -0.8701 -9.990e-29
 231.619337     -0.055   0.093855    15.1017     5.1910     -0.055     0.0569    -0.8702 -9.990e-29
 231.619340     -0.055   0.093699    15.1018     5.1913     -0.055     0.0568    -0.8703 -9.990e-29
 231.619343     -0.055   0.093657    15.1018     5.1932     -0.055     0.0568    -0.8703 -9.990e-29
 231.619346     -0.055   0.093864    15.1019     5.1954     -0.055     0.0569    -0.8702 -9.990e-29
 231.619349     -0.055   0.094098    15.1020     5.1936     -0.055     0.0570    -0.8701 -9.990e-29
 231.619352     -0.055   0.094169    15.1021     5.1941     -0.055     0.0571    -0.8701 -9.990e-29
 231.619355     -0.055   0.094115    15.1020     5.1961     -0.055     0.0571    -0.8701 -9.990e-29
 231.619358     -0.055   0.093979    15.1020     5.1949     -0.055     0.0570    -0.8702 -9.990e-29
 231.619361     -0.055   0.093801    15.1020     5.1935     -0.055     0.0569    -0.8703 -9.990e-29
 231.619363     -0.055   0.093596    15.1021     5.1931     -0.055     0.0568    -0.8704 -9.990e-29
 231.619366     -0.055   0.093368    15.1023     5.1953     -0.055     0.0566    -0.8705 -9.990e-29
 231.619369     -0.055   0.093139    15.1025     5.1926     -0.055     0.0565    -0.8706 -9.990e-29
 231.619372     -0.056   0.092940    15.1028     5.1952     -0.056     0.0564    -0.8708 -9.990e-29
 231.619375     -0.056   0.092783    15.1030     5.1937     -0.056     0.0563    -0.8709 -9.990e-29
 231.619378     -0.056   0.092662    15.1031     5.1920     -0.056     0.0562    -0.8709 -9.990e-29
 231.619381     -0.056   0.092562    15.1032     5.1964     -0.056     0.0562    -0.8710 -9.990e-29
 231.619384     -0.056   0.092456    15.1033     5.1938     -0.056     0.0561    -0.8710 -9.990e-29
 231.619387     -0.056   0.092317    15.1034     5.1917     -0.056     0.0560    -0.8711 -9.990e-29
 231.619389     -0.056   0.092130    15.1035     5.1936     -0.056     0.0559    -0.8712 -9.990e-29
 231.619392     -0.056   0.091889    15.1036     5.1915     -0.056     0.0558    -0.8713 -9.990e-29
 231.619395     -0.056   0.091605    15.1036     5.1921     -0.056     0.0556    -0.8715 -9.990e-29
 231.619398     -0.056   0.091316    15.1037     5.1970     -0.056     0.0555    -0.8716 -9.990e-29
 231.619401     -0.056   0.091052    15.1038     5.1932     -0.056     0.0553    -0.8717 -9.990e-29
 231.619404     -0.056   0.090833    15.1039     5.1923     -0.056     0.0552    -0.8719 -9.990e-29
 231.619407     -0.056   0.090676    15.1039     5.1956     -0.056     0.0551    -0.8719 -9.990e-29
 231.619410     -0.056   0.090589    15.1039     5.1940     -0.056     0.0550    -0.8720 -9.990e-29
 231.619413     -0.056   0.090560    15.1039     5.1955     -0.056     0.0550    -0.8720 -9.990e-29
 231.619416     -0.055   0.090554    15.1040     5.1911     -0.055     0.0550    -0.8720 -9.990e-29
 231.619418     -0.055   0.090552    15.1040     5.1895     -0.055     0.0550    -0.8720 -9.990e-29
 231.619421     -0.055   0.090549    15.1040     5.1885     -0.055     0.0550    -0.8720 -9.990e-29
 231.619424     -0.055   0.090540    15.1040     5.1904     -0.055     0.0550    -0.8720 -9.990e-29
 231.619427     -0.055   0.090530    15.1040     5.1933     -0.055     0.0550    -0.8720 -9.990e-29
 231.619430     -0.055   0.090531    15.1040     5.1911     -0.055     0.0550    -0.8720 -9.990e-29
 231.619433     -0.055   0.090558    15.1039     5.1912     -0.055     0.0550    -0.8720 -9.990e-29
 231.619436     -0.056   0.090623    15.1038     5.1925     -0.056     0.0551    -0.8719 -9.990e-29
 231.619439     -0.056   0.090726    15.1037     5.1917     -0.056     0.0551    -0.8719 -9.990e-29
 231.619442     -0.056   0.090748    15.1036     5.1947     -0.056     0.0551    -0.8718 -9.990e-29
 231.619444     -0.056   0.090553    15.1036     5.1963     -0.056     0.0550    -0.8719 -9.990e-29
 231.619447     -0.056   0.090238    15.1035     5.1933     -0.056     0.0548    -0.8721 -9.990e-29
 231.619450     -0.056   0.089908    15.1035     5.1971     -0.056     0.0547    -0.8722 -9.990e-29
 231.619453     -0.056   0.089565    15.1035     5.1958     -0.056     0.0545    -0.8724 -9.990e-29
 231.619456     -0.056   0.089224    15.1036     5.1922     -0.056     0.0543    -0.8725 -9.990e-29
 231.619459     -0.056   0.088904    15.1037     5.1945     -0.056     0.0541    -0.8727 -9.990e-29
 231.619462     -0.056   0.088623    15.1037     5.1955     -0.056     0.0539    -0.8728 -9.990e-29
 231.619465     -0.056   0.088389    15.1037     5.1935     -0.056     0.0538    -0.8729 -9.990e-29
 231.619468     -0.056   0.088208    15.1037     5.1948     -0.056     0.0537    -0.8730 -9.990e-29
 231.619470     -0.056   0.088084    15.1038     5.1931     -0.056     0.0536    -0.8731 -9.990e-29
 231.619473     -0.055   0.088012    15.1038     5.1911     -0.055     0.0536    -0.8731 -9.990e-29
 231.619476     -0.055   0.087978    15.1039     5.1915     -0.055     0.0536    -0.8731 -9.990e-29
 231.619479     -0.055   0.087951    15.1039     5.1924     -0.055     0.0535    -0.8731 -9.990e-29
 231.619482     -0.055   0.087901    15.1039     5.1894     -0.055     0.0535    -0.8731 -9.990e-29
 231.619485     -0.055   0.087810    15.1039     5.1912     -0.055     0.0535    -0.8732 -9.990e-29
 231.619488     -0.055   0.087685    15.1039     5.1958     -0.055     0.0534    -0.8732 -9.990e-29
 231.619491     -0.055   0.087566    15.1038     5.1913     -0.055     0.0533    -0.8733 -9.990e-29
 231.619494     -0.055   0.087499    15.1038     5.1974     -0.055     0.0533    -0.8733 -9.990e-29
 231.619497     -0.055   0.087518    15.1038     5.1925     -0.055     0.0533    -0.8733 -9.990e-29
 231.619499     -0.055   0.087629    15.1038     5.1985     -0.055     0.0534    -0.8733 -9.990e-29
 231.619502     -0.055   0.087804    15.1038     5.1952     -0.055     0.0535    -0.8732 -9.990e-29
 231.619505     -0.055   0.087991    15.1037     5.1921     -0.055     0.0536    -0.8731 -9.990e-29
 231.619508     -0.055   0.088119    15.1037     5.1966     -0.055     0.0536    -0.8730 -9.990e-29
 231.619511     -0.055   0.088125    15.1036     5.1917     -0.055     0.0536    -0.8730 -9.990e-29
 231.619514     -0.055   0.087986    15.1036     5.1964     -0.055     0.0536    -0.8731 -9.990e-29
 231.619517     -0.055   0.087728    15.1035     5.1961     -0.055     0.0534    -0.8732 -9.990e-29
 231.619520     -0.056   0.087418    15.1035     5.2019     -0.056     0.0532    -0.8733 -9.990e-29
 231.619523     -0.056   0.087136    15.1035     5.1938     -0.056     0.0531    -0.8734 -9.990e-29
 231.619525     -0.056   0.086932    15.1036     5.1963     -0.056     0.0530    -0.8735 -9.990e-29
 231.619528     -0.056   0.086814    15.1038     5.1916     -0.056     0.0529    -0.8736 -9.990e-29
 231.619531     -0.056   0.086775    15.1039     5.1899     -0.056     0.0529    -0.8736 -9.990e-29
 231.619534     -0.056   0.086805    15.1041     5.1877     -0.056     0.0529    -0.8737 -9.990e-29
 231.619537     -0.056   0.086878    15.1042     5.1834     -0.056     0.0529    -0.8736 -9.990e-29
 231.619540     -0.056   0.086946    15.1042     5.1771     -0.056     0.0530    -0.8736 -9.990e-29
 231.619543     -0.056   0.086973    15.1042     5.1772     -0.056     0.0530    -0.8736 -9.990e-29
 231.619546     -0.056   0.086939    15.1042     5.1808     -0.056     0.0530    -0.8736 -9.990e-29
 231.619549     -0.056   0.086861    15.1044     5.1824     -0.056     0.0529    -0.8737 -9.990e-29
 231.619552     -0.056   0.086802    15.1045     5.1781     -0.056     0.0529    -0.8737 -9.990e-29
 231.619554     -0.056   0.086860    15.1048     5.1801     -0.056     0.0529    -0.8737 -9.990e-29
 231.619557     -0.056   0.087148    15.1051     5.1807     -0.056     0.0531    -0.8737 -9.990e-29
 231.619560     -0.056   0.087813    15.1054     5.1859     -0.056     0.0535    -0.8734 -9.990e-29
 231.619563     -0.056   0.089091    15.1054     5.1818     -0.056     0.0542    -0.8729 -9.990e-29
 231.619566     -0.056   0.091390    15.1056     5.1846     -0.056     0.0555    -0.8719 -9.990e-29
 231.619569     -0.056   0.095249    15.1061     5.1819     -0.056     0.0577    -0.8702 -9.990e-29
 231.619572     -0.056   0.100785    15.1069     5.1823     -0.056     0.0609    -0.8679 -9.990e-29
 231.619575     -0.056   0.108283    15.1081     5.1867     -0.056     0.0652    -0.8648 -9.990e-29
 231.619578     -0.056   0.119616    15.1094     5.1842     -0.056     0.0717    -0.8599 -9.990e-29
 231.619580     -0.056   0.137800    15.1104     5.1822     -0.056     0.0822    -0.8519 -9.990e-29
 231.619583     -0.055   0.166981    15.1112     5.1773     -0.055     0.0993    -0.8387 -9.990e-29
 231.619586     -0.055   0.213531    15.1116     5.1798     -0.055     0.1268    -0.8175 -9.990e-29
 231.619589     -0.056   0.285199    15.1119     5.1790     -0.056     0.1698    -0.7842 -9.990e-29
 231.619592     -0.056   0.370796    15.1121     5.1825     -0.056     0.2218    -0.7439 -9.990e-29
 231.619595     -0.056   0.443768    15.1122     5.1823     -0.056     0.2667    -0.7092 -9.990e-29
 231.619598     -0.056   0.500398    15.1122     5.1791     -0.056     0.3017    -0.6821 -9.990e-29
 231.619601     -0.056   0.549217    15.1122     5.1807     -0.056     0.3321    -0.6586 -9.990e-29
 231.619604     -0.056   0.586179    15.1120     5.1807     -0.056     0.3552    -0.6406 -9.990e-29
 231.619606     -0.056   0.604574    15.1118     5.1812     -0.056     0.3667    -0.6317 -9.990e-29
 231.619609     -0.056   0.606305    15.1117     5.1822     -0.056     0.3678    -0.6308 -9.990e-29
 231.619612     -0.056   0.598643    15.1115     5.1794     -0.056     0.3630    -0.6345 -9.990e-29
 231.619615     -0.056   0.586951    15.1114     5.1949     -0.056     0.3557    -0.6402 -9.990e-29
 231.619618     -0.056   0.574055    15.1113     5.1805     -0.056     0.3476    -0.6464 -9.990e-29
 231.619621     -0.056   0.561460    15.1113     5.1815     -0.056     0.3398    -0.6525 -9.990e-29
 231.619624     -0.056   0.550019    15.1114     5.1807     -0.056     0.3326    -0.6580 -9.990e-29
 231.619627     -0.056   0.540349    15.1116     5.1801     -0.056     0.3266    -0.6627 -9.990e-29
 231.619630     -0.056   0.533098    15.1118     5.1786     -0.056     0.3221    -0.6663 -9.990e-29
 231.619633     -0.056   0.529181    15.1122     5.1762     -0.056     0.3196    -0.6682 -9.990e-29
 231.619635     -0.056   0.530065    15.1127     5.1792     -0.056     0.3202    -0.6679 -9.990e-29
 231.619638     -0.056   0.537649    15.1132     5.1788     -0.056     0.3249    -0.6643 -9.990e-29
 231.619641     -0.056   0.553171    15.1135     5.1808     -0.056     0.3346    -0.6569 -9.990e-29
 231.619644     -0.056   0.575604    15.1138     5.1811     -0.056     0.3486    -0.6460 -9.990e-29
 231.619647     -0.056   0.600754    15.1140     5.1812     -0.056     0.3643    -0.6339 -9.990e-29
 231.619650     -0.056   0.623079    15.1142     5.1819     -0.056     0.3783    -0.6231 -9.990e-29
 231.619653     -0.056   0.639566    15.1144     5.1856     -0.056     0.3887    -0.6151 -9.990e-29
 231.619656     -0.056   0.651019    15.1144     5.1868     -0.056     0.3959    -0.6095 -9.990e-29
 231.619659     -0.056   0.659625    15.1144     5.1807     -0.056     0.4013    -0.6053 -9.990e-29
 231.619661     -0.056   0.666417    15.1143     5.1793     -0.056     0.4056    -0.6020 -9.990e-29
 231.619664     -0.056   0.670487    15.1141     5.1824     -0.056     0.4082    -0.6000 -9.990e-29
 231.619667     -0.056   0.669309    15.1141     5.1803     -0.056     0.4074    -0.6006 -9.990e-29
 231.619670     -0.056   0.659607    15.1146     5.1844     -0.056     0.4013    -0.6054 -9.990e-29
 231.619673     -0.056   0.637701    15.1153     5.1799     -0.056     0.3875    -0.6161 -9.990e-29
 231.619676     -0.056   0.598221    15.1159     5.1785     -0.056     0.3627    -0.6354 -9.990e-29
 231.619679     -0.056   0.571668    15.1164     5.1811     -0.056     0.3461    -0.6484 -9.990e-29
 231.619682     -0.056   0.591811    15.1169     5.1825     -0.056     0.3587    -0.6387 -9.990e-29
 231.619685     -0.056   0.624532    15.1171     5.1848     -0.056     0.3792    -0.6228 -9.990e-29
