data/oxygen options/ONMS/Olympic_Coast_National_Marine_Sanctuary_CTD_Data_2005_2023/raw_data/2008/SBE19plus/CTD_CA042_090508faed.cnv
* Sea-Bird SBE19plus Data File:
* FileName = C:\2008_Mooring_Data\090508_service\CTD_CA042_090508.hex
* Software Version 1.59
* Temperature SN =  4671
* Conductivity SN =  4671
* System UpLoad Time = Sep 05 2008 12:20:41
* ds
* SeacatPlus V 1.6b  SERIAL NO. 4671    05 Sep 2008  12:20:29
# nquan = 9                                 
# nvalues = 3721                        
# units = specified
# name 0 = timeJ: Julian Days
# name 1 = prdM: Pressure, Strain Gauge [db]
# name 2 = c0mS/cm: Conductivity [mS/cm]
# name 3 = tv290C: Temperature [ITS-90, deg C]
# name 4 = sbeox0ML/L: Oxygen, SBE 43 [ml/l]
# name 5 = depSM: Depth [salt water, m], lat = 47.5
# name 6 = sal00: Salinity, Practical [PSU]
# name 7 = sigma-é00: Density [sigma-theta, kg/m^3]
# name 8 = flag: flag
# span 0 = 249.492859, 249.503623       
# span 1 =      0.031,     39.006       
# span 2 =  -0.072714,  37.023720       
# span 3 =     7.5694,    13.6033       
# span 4 =     2.5926,     6.9013       
# span 5 =      0.031,     38.677       
# span 6 =     0.0000,    33.6729       
# span 7 =    -0.6993,    26.2946       
# span 8 = 0.0000e+00, 0.0000e+00       
# interval = seconds: 0.25
# start_time = Sep 05 2008 11:49:43 [Instrument's time stamp, header]
# bad_flag = -9.990e-29
*END*
[from data line 2401]
 249.499806     20.338  34.553946     7.9660     2.8159     20.167    33.2461    25.9018 -9.990e-29
 249.499809     20.364  34.553377     7.9652     2.8162     20.193    33.2462    25.9020 -9.990e-29
 249.499812     20.400  34.553097     7.9644     2.8180     20.229    33.2466    25.9025 -9.990e-29
 249.499815     20.441  34.553138     7.9638     2.8181     20.269    33.2472    25.9030 -9.990e-29
 249.499818     20.482  34.553638     7.9633     2.8184     20.310    33.2482    25.9039 -9.990e-29
 249.499821     20.520  34.554686     7.9628     2.8194     20.348    33.2498    25.9052 -9.990e-29
 249.499823     20.550  34.555958     7.9624     2.8184     20.377    33.2515    25.9066 -9.990e-29
 249.499826     20.571  34.556796     7.9621     2.8160     20.398    33.2527    25.9075 -9.990e-29
 249.499829     20.581  34.556903     7.9618     2.8138     20.408    33.2531    25.9079 -9.990e-29
 249.499832     20.581  34.556515     7.9617     2.8141     20.408    33.2528    25.9077 -9.990e-29
 249.499835     20.571  34.555954     7.9616     2.8095     20.398    33.2523    25.9073 -9.990e-29
 249.499838     20.553  34.555293     7.9615     2.8091     20.380    33.2517    25.9068 -9.990e-29
 249.499841     20.531  34.554383     7.9615     2.8082     20.359    33.2507    25.9061 -9.990e-29
 249.499844     20.507  34.553178     7.9615     2.8074     20.335    33.2494    25.9051 -9.990e-29
 249.499847     20.485  34.551876     7.9616     2.8064     20.313    33.2480    25.9039 -9.990e-29
 249.499850     20.465  34.550716     7.9618     2.8089     20.293    33.2465    25.9028 -9.990e-29
 249.499852     20.452  34.549835     7.9621     2.8097     20.280    33.2453    25.9017 -9.990e-29
 249.499855     20.446  34.549292     7.9624     2.8093     20.274    33.2445    25.9010 -9.990e-29
 249.499858     20.449  34.549057     7.9625     2.8096     20.277    33.2441    25.9007 -9.990e-29
 249.499861     20.464  34.549056     7.9623     2.8118     20.292    33.2443    25.9009 -9.990e-29
 249.499864     20.488  34.549246     7.9620     2.8110     20.316    33.2448    25.9013 -9.990e-29
 249.499867     20.518  34.549629     7.9615     2.8095     20.346    33.2456    25.9021 -9.990e-29
 249.499870     20.550  34.550282     7.9612     2.8105     20.377    33.2466    25.9029 -9.990e-29
 249.499873     20.579  34.551250     7.9610     2.8086     20.406    33.2478    25.9039 -9.990e-29
 249.499876     20.602  34.552444     7.9609     2.8085     20.429    33.2492    25.9050 -9.990e-29
 249.499878     20.618  34.553600     7.9608     2.8107     20.445    33.2505    25.9060 -9.990e-29
 249.499881     20.629  34.554316     7.9608     2.8077     20.456    33.2513    25.9066 -9.990e-29
 249.499884     20.637  34.554416     7.9608     2.8069     20.464    33.2514    25.9067 -9.990e-29
 249.499887     20.646  34.554100     7.9607     2.8088     20.473    33.2511    25.9065 -9.990e-29
 249.499890     20.654  34.553720     7.9606     2.8094     20.481    33.2508    25.9063 -9.990e-29
 249.499893     20.660  34.553524     7.9605     2.8108     20.487    33.2507    25.9062 -9.990e-29
 249.499896     20.659  34.553591     7.9604     2.8098     20.486    33.2509    25.9063 -9.990e-29
 249.499899     20.645  34.553890     7.9603     2.8087     20.472    33.2513    25.9067 -9.990e-29
 249.499902     20.617  34.554263     7.9602     2.8083     20.444    33.2518    25.9071 -9.990e-29
 249.499905     20.574  34.554400     7.9601     2.8066     20.401    33.2520    25.9073 -9.990e-29
 249.499907     20.521  34.554031     7.9599     2.8053     20.349    33.2519    25.9072 -9.990e-29
 249.499910     20.464  34.553160     7.9595     2.8034     20.292    33.2513    25.9069 -9.990e-29
 249.499913     20.411  34.551989     7.9591     2.8020     20.240    33.2505    25.9062 -9.990e-29
 249.499916     20.370  34.550708     7.9586     2.8029     20.199    33.2496    25.9056 -9.990e-29
 249.499919     20.347  34.549491     7.9583     2.8017     20.176    33.2486    25.9049 -9.990e-29
 249.499922     20.345  34.548621     7.9583     2.8032     20.174    33.2477    25.9042 -9.990e-29
 249.499925     20.363  34.548279     7.9584     2.8070     20.192    33.2472    25.9038 -9.990e-29
 249.499928     20.400  34.548353     7.9587     2.8090     20.229    33.2470    25.9036 -9.990e-29
 249.499931     20.451  34.548606     7.9590     2.8120     20.279    33.2470    25.9035 -9.990e-29
 249.499933     20.512  34.548877     7.9595     2.8178     20.340    33.2467    25.9032 -9.990e-29
 249.499936     20.579  34.549163     7.9600     2.8174     20.406    33.2465    25.9030 -9.990e-29
 249.499939     20.645  34.549659     7.9607     2.8203     20.472    33.2464    25.9028 -9.990e-29
 249.499942     20.707  34.550661     7.9615     2.8198     20.533    33.2467    25.9029 -9.990e-29
 249.499945     20.758  34.552349     7.9623     2.8142     20.584    33.2477    25.9036 -9.990e-29
 249.499948     20.792  34.554759     7.9630     2.8138     20.617    33.2496    25.9050 -9.990e-29
 249.499951     20.803  34.557533     7.9635     2.8140     20.628    33.2521    25.9068 -9.990e-29
 249.499954     20.784  34.559956     7.9636     2.8133     20.610    33.2546    25.9088 -9.990e-29
 249.499957     20.733  34.561435     7.9632     2.8079     20.559    33.2565    25.9104 -9.990e-29
 249.499959     20.652  34.561589     7.9625     2.8075     20.479    33.2574    25.9112 -9.990e-29
 249.499962     20.548  34.560223     7.9619     2.8077     20.375    33.2566    25.9106 -9.990e-29
 249.499965     20.433  34.557603     7.9616     2.8071     20.261    33.2541    25.9087 -9.990e-29
 249.499968     20.323  34.554502     7.9617     2.8055     20.152    33.2508    25.9061 -9.990e-29
 249.499971     20.230  34.551667     7.9619     2.8044     20.060    33.2476    25.9035 -9.990e-29
 249.499974     20.166  34.549522     7.9618     2.8040     19.997    33.2454    25.9019 -9.990e-29
 249.499977     20.133  34.548135     7.9614     2.8057     19.964    33.2443    25.9011 -9.990e-29
 249.499980     20.131  34.547233     7.9608     2.8082     19.962    33.2439    25.9008 -9.990e-29
 249.499983     20.156  34.546581     7.9605     2.8098     19.987    33.2435    25.9006 -9.990e-29
 249.499986     20.202  34.546220     7.9603     2.8130     20.032    33.2433    25.9004 -9.990e-29
 249.499988     20.261  34.546312     7.9600     2.8169     20.091    33.2436    25.9007 -9.990e-29
 249.499991     20.325  34.546842     7.9597     2.8127     20.154    33.2445    25.9014 -9.990e-29
 249.499994     20.382  34.547715     7.9594     2.8160     20.211    33.2457    25.9024 -9.990e-29
 249.499997     20.424  34.548664     7.9593     2.8204     20.253    33.2467    25.9033 -9.990e-29
 249.500000     20.447  34.549222     7.9593     2.8169     20.275    33.2473    25.9037 -9.990e-29
 249.500003     20.454  34.549428     7.9595     2.8146     20.282    33.2474    25.9037 -9.990e-29
 249.500006     20.450  34.549600     7.9597     2.8141     20.278    33.2474    25.9037 -9.990e-29
 249.500009     20.439  34.549678     7.9600     2.8100     20.267    33.2472    25.9035 -9.990e-29
 249.500012     20.423  34.549589     7.9602     2.8085     20.252    33.2469    25.9032 -9.990e-29
 249.500014     20.403  34.549459     7.9605     2.8098     20.232    33.2465    25.9029 -9.990e-29
 249.500017     20.382  34.549367     7.9608     2.8096     20.211    33.2461    25.9025 -9.990e-29
 249.500020     20.364  34.549317     7.9612     2.8138     20.193    33.2457    25.9021 -9.990e-29
 249.500023     20.352  34.549272     7.9617     2.8169     20.181    33.2451    25.9017 -9.990e-29
 249.500026     20.352  34.549196     7.9622     2.8147     20.181    33.2446    25.9012 -9.990e-29
 249.500029     20.368  34.549133     7.9627     2.8188     20.197    33.2440    25.9007 -9.990e-29
 249.500032     20.397  34.549161     7.9628     2.8205     20.226    33.2440    25.9006 -9.990e-29
 249.500035     20.436  34.549300     7.9626     2.8217     20.264    33.2443    25.9009 -9.990e-29
 249.500038     20.477  34.549511     7.9621     2.8222     20.305    33.2450    25.9015 -9.990e-29
 249.500041     20.511  34.549795     7.9615     2.8231     20.339    33.2458    25.9022 -9.990e-29
 249.500043     20.533  34.550334     7.9611     2.8211     20.361    33.2468    25.9030 -9.990e-29
 249.500046     20.538  34.551122     7.9610     2.8222     20.366    33.2477    25.9038 -9.990e-29
 249.500049     20.526  34.551635     7.9612     2.8215     20.354    33.2481    25.9040 -9.990e-29
 249.500052     20.501  34.551478     7.9617     2.8192     20.329    33.2474    25.9035 -9.990e-29
 249.500055     20.467  34.550763     7.9624     2.8184     20.295    33.2460    25.9023 -9.990e-29
 249.500058     20.430  34.549853     7.9633     2.8163     20.258    33.2442    25.9007 -9.990e-29
 249.500061     20.394  34.549147     7.9643     2.8145     20.223    33.2425    25.8992 -9.990e-29
 249.500064     20.363  34.548802     7.9652     2.8142     20.192    33.2413    25.8981 -9.990e-29
 249.500067     20.340  34.548726     7.9659     2.8142     20.169    33.2406    25.8975 -9.990e-29
 249.500069     20.327  34.548792     7.9663     2.8156     20.156    33.2403    25.8972 -9.990e-29
 249.500072     20.325  34.548843     7.9664     2.8171     20.154    33.2402    25.8971 -9.990e-29
 249.500075     20.336  34.548737     7.9661     2.8194     20.165    33.2404    25.8973 -9.990e-29
 249.500078     20.358  34.548406     7.9653     2.8237     20.187    33.2408    25.8977 -9.990e-29
 249.500081     20.388  34.547790     7.9640     2.8250     20.217    33.2414    25.8984 -9.990e-29
 249.500084     20.423  34.546748     7.9622     2.8286     20.252    33.2419    25.8991 -9.990e-29
 249.500087     20.460  34.545173     7.9603     2.8309     20.288    33.2420    25.8994 -9.990e-29
 249.500090     20.494  34.543294     7.9586     2.8351     20.322    33.2416    25.8994 -9.990e-29
 249.500093     20.524  34.541529     7.9571     2.8374     20.352    33.2412    25.8992 -9.990e-29
 249.500095     20.547  34.540133     7.9560     2.8384     20.375    33.2407    25.8990 -9.990e-29
 249.500098     20.562  34.539157     7.9554     2.8379     20.389    33.2402    25.8987 -9.990e-29
 249.500101     20.567  34.538548     7.9553     2.8371     20.394    33.2397    25.8983 -9.990e-29
 249.500104     20.562  34.538271     7.9560     2.8337     20.389    33.2387    25.8975 -9.990e-29
 249.500107     20.545  34.538336     7.9577     2.8336     20.373    33.2372    25.8960 -9.990e-29
 249.500110     20.514  34.538780     7.9607     2.8246     20.342    33.2348    25.8937 -9.990e-29
 249.500113     20.470  34.539761     7.9650     2.8205     20.298    33.2318    25.8907 -9.990e-29
 249.500116     20.415  34.541536     7.9704     2.8152     20.244    33.2286    25.8874 -9.990e-29
 249.500119     20.353  34.544194     7.9763     2.8094     20.182    33.2258    25.8844 -9.990e-29
 249.500122     20.294  34.547560     7.9821     2.8084     20.124    33.2240    25.8821 -9.990e-29
 249.500124     20.244  34.551297     7.9872     2.8091     20.074    33.2231    25.8807 -9.990e-29
 249.500127     20.212  34.555018     7.9907     2.8119     20.042    33.2238    25.8807 -9.990e-29
 249.500130     20.203  34.558331     7.9924     2.8169     20.033    33.2257    25.8819 -9.990e-29
 249.500133     20.221  34.560718     7.9923     2.8225     20.051    33.2283    25.8840 -9.990e-29
 249.500136     20.263  34.561781     7.9909     2.8256     20.093    33.2308    25.8861 -9.990e-29
 249.500139     20.325  34.561625     7.9885     2.8308     20.154    33.2329    25.8881 -9.990e-29
 249.500142     20.402  34.560683     7.9851     2.8302     20.231    33.2351    25.8903 -9.990e-29
 249.500145     20.482  34.559243     7.9809     2.8335     20.310    33.2375    25.8929 -9.990e-29
 249.500148     20.558  34.557353     7.9765     2.8341     20.385    33.2396    25.8952 -9.990e-29
 249.500150     20.618  34.555069     7.9729     2.8347     20.445    33.2406    25.8964 -9.990e-29
 249.500153     20.657  34.552506     7.9711     2.8335     20.484    33.2395    25.8959 -9.990e-29
 249.500156     20.672  34.550137     7.9714     2.8335     20.498    33.2367    25.8936 -9.990e-29
 249.500159     20.666  34.548860     7.9733     2.8359     20.492    33.2335    25.8909 -9.990e-29
 249.500162     20.644  34.549082     7.9757     2.8313     20.471    33.2315    25.8889 -9.990e-29
 249.500165     20.615  34.550364     7.9780     2.8311     20.442    33.2307    25.8879 -9.990e-29
 249.500168     20.582  34.551921     7.9798     2.8272     20.409    33.2307    25.8877 -9.990e-29
 249.500171     20.552  34.553194     7.9813     2.8202     20.379    33.2306    25.8874 -9.990e-29
 249.500174     20.525  34.554082     7.9824     2.8212     20.353    33.2305    25.8872 -9.990e-29
 249.500177     20.502  34.554705     7.9833     2.8215     20.330    33.2303    25.8869 -9.990e-29
 249.500179     20.482  34.555198     7.9839     2.8192     20.310    33.2303    25.8868 -9.990e-29
 249.500182     20.464  34.555614     7.9843     2.8196     20.292    33.2304    25.8868 -9.990e-29
 249.500185     20.447  34.555908     7.9846     2.8206     20.275    33.2304    25.8868 -9.990e-29
 249.500188     20.432  34.556050     7.9847     2.8244     20.260    33.2305    25.8868 -9.990e-29
 249.500191     20.422  34.556119     7.9846     2.8245     20.251    33.2307    25.8870 -9.990e-29
 249.500194     20.419  34.556170     7.9840     2.8321     20.248    33.2313    25.8875 -9.990e-29
 249.500197     20.425  34.556111     7.9829     2.8354     20.254    33.2323    25.8885 -9.990e-29
 249.500200     20.440  34.555828     7.9811     2.8418     20.268    33.2337    25.8898 -9.990e-29
 249.500203     20.462  34.555181     7.9788     2.8442     20.290    33.2351    25.8913 -9.990e-29
 249.500205     20.490  34.553955     7.9762     2.8477     20.318    33.2363    25.8926 -9.990e-29
 249.500208     20.518  34.552256     7.9736     2.8474     20.346    33.2369    25.8935 -9.990e-29
 249.500211     20.542  34.550455     7.9710     2.8484     20.370    33.2375    25.8943 -9.990e-29
 249.500214     20.559  34.548676     7.9688     2.8426     20.386    33.2377    25.8948 -9.990e-29
 249.500217     20.563  34.546898     7.9674     2.8377     20.390    33.2371    25.8945 -9.990e-29
 249.500220     20.551  34.545212     7.9676     2.8311     20.378    33.2351    25.8929 -9.990e-29
 249.500223     20.522  34.544013     7.9696     2.8276     20.350    33.2319    25.8901 -9.990e-29
 249.500226     20.477  34.543844     7.9734     2.8232     20.305    33.2282    25.8866 -9.990e-29
 249.500229     20.421  34.545092     7.9783     2.8191     20.250    33.2249    25.8833 -9.990e-29
 249.500231     20.359  34.547726     7.9838     2.8197     20.188    33.2225    25.8807 -9.990e-29
 249.500234     20.301  34.551214     7.9891     2.8216     20.131    33.2212    25.8789 -9.990e-29
 249.500237     20.256  34.555013     7.9935     2.8229     20.086    33.2211    25.8781 -9.990e-29
 249.500240     20.231  34.558733     7.9966     2.8246     20.061    33.2221    25.8785 -9.990e-29
 249.500243     20.230  34.561893     7.9980     2.8287     20.060    33.2242    25.8799 -9.990e-29
 249.500246     20.255  34.564011     7.9975     2.8310     20.085    33.2269    25.8821 -9.990e-29
 249.500249     20.302  34.564999     7.9949     2.8328     20.132    33.2304    25.8853 -9.990e-29
 249.500252     20.366  34.564841     7.9904     2.8331     20.195    33.2345    25.8891 -9.990e-29
 249.500255     20.440  34.563262     7.9844     2.8310     20.268    33.2385    25.8931 -9.990e-29
 249.500258     20.517  34.560290     7.9777     2.8331     20.345    33.2416    25.8966 -9.990e-29
 249.500260     20.590  34.556299     7.9716     2.8353     20.417    33.2431    25.8986 -9.990e-29
 249.500263     20.652  34.551784     7.9672     2.8351     20.479    33.2425    25.8988 -9.990e-29
