data/oxygen options/ONMS/Olympic_Coast_National_Marine_Sanctuary_CTD_Data_2005_2023/raw_data/2008/SBE19plus/CTD_CA042_090508faedb.cnv
* Sea-Bird SBE19plus Data File:
* FileName = C:\2008_Mooring_Data\090508_service\CTD_CA042_090508.hex
* Software Version 1.59
* Temperature SN =  4671
* Conductivity SN =  4671
* System UpLoad Time = Sep 05 2008 12:20:41
* ds
* SeacatPlus V 1.6b  SERIAL NO. 4671    05 Sep 2008  12:20:29
# nquan = 9
# nvalues = 39                          
# units = specified
# name 0 = timeJ: Julian Days
# name 1 = prdM: Pressure, Strain Gauge [db]
# name 2 = c0mS/cm: Conductivity [mS/cm]
# name 3 = tv290C: Temperature [ITS-90, deg C]
# name 4 = sbeox0ML/L: Oxygen, SBE 43 [ml/l]
# name 5 = depSM: Depth [salt water, m], lat = 47.5
# name 6 = sal00: Salinity, Practical [PSU]
# name 7 = sigma-é00: Density [sigma-theta, kg/m^3]
# name 8 = flag: flag
# span 0 = 249.493072, 249.496008       
# span 1 =      1.000,     39.000       
# span 2 =  28.974902,  36.396604       
# span 3 =     7.5701,    11.8812       
# span 4 =     2.6209,     5.5525       
# span 5 =      0.992,     38.671       
# span 6 =    24.7492,    33.6723       
# span 7 =    18.6718,    26.2939       
# span 8 = 0.0000e+00, 0.0000e+00       
# interval = decibars: 1                
# start_time = Sep 05 2008 11:49:43 [Instrument's time stamp, header]
# bad_flag = -9.990e-29
*END*
 249.493072      1.000  28.974902    11.8812     5.5525      0.992    24.7492    18.6718 0.0000e+00
 249.495092      2.000  36.396604    11.0822     4.8420      1.983    32.3053    24.6634 0.0000e+00
 249.495512      3.000  36.046327    10.2722     4.5200      2.975    32.6682    25.0857 0.0000e+00
 249.495565      4.000  35.915334    10.1281     4.2179      3.967    32.6655    25.1081 0.0000e+00
 249.495581      5.000  35.753980     9.8644     3.9897      4.958    32.7400    25.2101 0.0000e+00
 249.495596      6.000  35.673571     9.6942     3.7889      5.950    32.8125    25.2947 0.0000e+00
 249.495613      7.000  35.479643     9.3821     3.5653      6.941    32.8989    25.4128 0.0000e+00
 249.495628      8.000  35.375664     9.1407     3.4682      7.933    33.0140    25.5412 0.0000e+00
 249.495639      9.000  35.213413     8.8976     3.3888      8.925    33.0706    25.6236 0.0000e+00
 249.495649     10.000  35.108389     8.7266     3.4126      9.916    33.1200    25.6888 0.0000e+00
 249.495661     11.000  35.026746     8.5943     3.4556     10.908    33.1579    25.7388 0.0000e+00
 249.495672     12.000  34.952764     8.4983     3.3729     11.899    33.1697    25.7626 0.0000e+00
 249.495686     13.000  34.916082     8.4569     3.3968     12.891    33.1695    25.7687 0.0000e+00
 249.495696     14.000  34.895817     8.4275     3.2947     13.883    33.1753    25.7778 0.0000e+00
 249.495708     15.000  34.875123     8.4021     3.3367     14.874    33.1770    25.7828 0.0000e+00
 249.495720     16.000  34.861268     8.3809     3.2645     15.866    33.1818    25.7899 0.0000e+00
 249.495730     17.000  34.842896     8.3234     3.2100     16.858    33.2162    25.8255 0.0000e+00
 249.495741     18.000  34.785505     8.2152     3.1815     17.849    33.2573    25.8738 0.0000e+00
 249.495751     19.000  34.694536     8.1143     3.2058     18.841    33.2558    25.8876 0.0000e+00
 249.495765     20.000  34.641190     8.0363     3.2028     19.832    33.2725    25.9123 0.0000e+00
 249.495779     21.000  34.598454     7.9859     3.0704     20.824    33.2743    25.9211 0.0000e+00
 249.495797     22.000  34.591389     7.9681     3.0703     21.815    33.2833    25.9307 0.0000e+00
 249.495812     23.000  34.584552     7.9388     3.0275     22.807    33.3034    25.9508 0.0000e+00
 249.495824     24.000  34.565886     7.8954     2.9920     23.798    33.3244    25.9736 0.0000e+00
 249.495834     25.000  34.539778     7.8563     2.9937     24.790    33.3333    25.9862 0.0000e+00
 249.495844     26.000  34.522182     7.8378     3.0111     25.781    33.3316    25.9876 0.0000e+00
 249.495855     27.000  34.519686     7.8344     3.0019     26.773    33.3317    25.9882 0.0000e+00
 249.495866     28.000  34.522392     7.8361     2.9582     27.764    33.3325    25.9886 0.0000e+00
 249.495879     29.000  34.524692     7.8366     2.9666     28.756    33.3340    25.9898 0.0000e+00
 249.495889     30.000  34.525583     7.8365     2.9446     29.747    33.3346    25.9902 0.0000e+00
 249.495899     31.000  34.527887     7.8375     2.8281     30.739    33.3356    25.9909 0.0000e+00
 249.495912     32.000  34.532541     7.8345     2.7047     31.731    33.3430    25.9971 0.0000e+00
 249.495924     33.000  34.537380     7.8058     2.6642     32.722    33.3752    26.0266 0.0000e+00
 249.495934     34.000  34.552368     7.7164     2.6474     33.714    33.4766    26.1192 0.0000e+00
 249.495946     35.000  34.582942     7.6345     2.6400     34.705    33.5880    26.2185 0.0000e+00
 249.495959     36.000  34.596529     7.5938     2.6423     35.696    33.6415    26.2663 0.0000e+00
 249.495972     37.000  34.603185     7.5744     2.6372     36.688    33.6671    26.2892 0.0000e+00
 249.495988     38.000  34.604621     7.5701     2.6310     37.679    33.6723    26.2939 0.0000e+00
 249.496008     39.000  34.605468     7.5705     2.6209     38.671    33.6723    26.2939 0.0000e+00
