data/oxygen options/ONMS/Olympic_Coast_National_Marine_Sanctuary_CTD_Data_2005_2023/raw_data/2008/SBE19plus/CTD_CE065_071508faed.cnv
* Sea-Bird SBE19plus Data File:
* FileName = C:\2008_Mooring_Data\071408_sevice\CTD_CE065_071508.hex
* Software Version 1.59
* Temperature SN =  4671
* Conductivity SN =  4671
* System UpLoad Time = Jul 15 2008 12:23:40
* ds
* SeacatPlus V 1.6b  SERIAL NO. 4671    15 Jul 2008  12:22:38
# nquan = 9                                 
# nvalues = 4184                        
# units = specified
# name 0 = timeJ: Julian Days
# name 1 = prdM: Pressure, Strain Gauge [db]
# name 2 = c0mS/cm: Conductivity [mS/cm]
# name 3 = tv290C: Temperature [ITS-90, deg C]
# name 4 = sbeox0ML/L: Oxygen, SBE 43 [ml/l]
# name 5 = depSM: Depth [salt water, m], lat = 47.5
# name 6 = sal00: Salinity, Practical [PSU]
# name 7 = sigma-é00: Density [sigma-theta, kg/m^3]
# name 8 = flag: flag
# span 0 = 197.438507, 197.450611       
# span 1 =     -0.006,     62.852       
# span 2 =  -0.030566,  36.032575       
# span 3 =     6.8141,    11.3877       
# span 4 =     1.1301,     8.0310       
# span 5 =     -0.006,     62.318       
# span 6 =     0.0000,    33.9456       
# span 7 =    -0.4313,    26.6141       
# span 8 = 0.0000e+00, 0.0000e+00       
# interval = seconds: 0.25
# start_time = Jul 15 2008 10:31:27 [Instrument's time stamp, header]
# bad_flag = -9.990e-29
*END*
[from data line 641]
 197.440362      2.244  35.719055     9.5114     5.1016      2.225    33.0285    25.4931 -9.990e-29
 197.440365      2.249  35.719277     9.5114     5.1152      2.230    33.0287    25.4933 -9.990e-29
 197.440367      2.256  35.719377     9.5112     5.1087      2.237    33.0290    25.4936 -9.990e-29
 197.440370      2.261  35.719358     9.5109     5.1027      2.242    33.0292    25.4938 -9.990e-29
 197.440373      2.261  35.719240     9.5107     5.1104      2.242    33.0293    25.4939 -9.990e-29
 197.440376      2.252  35.719078     9.5109     5.1078      2.233    33.0289    25.4936 -9.990e-29
 197.440379      2.236  35.718962     9.5115     5.1190      2.217    33.0283    25.4930 -9.990e-29
 197.440382      2.214  35.719020     9.5125     5.1010      2.196    33.0274    25.4922 -9.990e-29
 197.440385      2.193  35.719355     9.5134     5.1208      2.175    33.0270    25.4916 -9.990e-29
 197.440388      2.177  35.719904     9.5141     5.1200      2.159    33.0269    25.4915 -9.990e-29
 197.440391      2.170  35.720462     9.5143     5.1146      2.152    33.0273    25.4917 -9.990e-29
 197.440394      2.173  35.720843     9.5139     5.1026      2.155    33.0280    25.4924 -9.990e-29
 197.440396      2.185  35.720967     9.5127     5.1009      2.167    33.0293    25.4936 -9.990e-29
 197.440399      2.204  35.720825     9.5109     5.0929      2.186    33.0308    25.4950 -9.990e-29
 197.440402      2.223  35.720421     9.5089     5.0931      2.204    33.0322    25.4965 -9.990e-29
 197.440405      2.238  35.719784     9.5075     5.1116      2.219    33.0328    25.4972 -9.990e-29
 197.440408      2.246  35.719053     9.5069     5.0972      2.227    33.0326    25.4971 -9.990e-29
 197.440411      2.245  35.718559     9.5073     5.1130      2.226    33.0317    25.4964 -9.990e-29
 197.440414      2.235  35.718539     9.5085     5.1233      2.216    33.0306    25.4953 -9.990e-29
 197.440417      2.220  35.718877     9.5100     5.1268      2.201    33.0296    25.4942 -9.990e-29
 197.440420      2.203  35.719434     9.5118     5.1258      2.185    33.0285    25.4931 -9.990e-29
 197.440422      2.189  35.720160     9.5135     5.1241      2.171    33.0277    25.4922 -9.990e-29
 197.440425      2.181  35.720919     9.5151     5.1092      2.163    33.0270    25.4914 -9.990e-29
 197.440428      2.182  35.721627     9.5163     5.0971      2.164    33.0266    25.4909 -9.990e-29
 197.440431      2.191  35.722276     9.5171     5.1114      2.173    33.0265    25.4907 -9.990e-29
 197.440434      2.205  35.722796     9.5176     5.1075      2.187    33.0266    25.4907 -9.990e-29
 197.440437      2.221  35.723153     9.5178     5.1104      2.202    33.0268    25.4908 -9.990e-29
 197.440440      2.237  35.723362     9.5177     5.1025      2.218    33.0271    25.4910 -9.990e-29
 197.440443      2.249  35.723430     9.5176     5.1078      2.230    33.0272    25.4912 -9.990e-29
 197.440446      2.258  35.723408     9.5173     5.1091      2.239    33.0275    25.4914 -9.990e-29
 197.440448      2.264  35.723357     9.5167     5.1155      2.245    33.0280    25.4919 -9.990e-29
 197.440451      2.267  35.723269     9.5156     5.1071      2.248    33.0289    25.4928 -9.990e-29
 197.440454      2.270  35.723076     9.5140     5.1117      2.251    33.0302    25.4941 -9.990e-29
 197.440457      2.274  35.722701     9.5120     5.1172      2.255    33.0316    25.4955 -9.990e-29
 197.440460      2.276  35.722134     9.5102     5.1187      2.257    33.0327    25.4967 -9.990e-29
 197.440463      2.278  35.721376     9.5088     5.1211      2.259    33.0332    25.4973 -9.990e-29
 197.440466      2.276  35.720573     9.5081     5.1247      2.257    33.0331    25.4973 -9.990e-29
 197.440469      2.270  35.719998     9.5082     5.1157      2.251    33.0324    25.4967 -9.990e-29
 197.440472      2.259  35.719724     9.5093     5.1141      2.240    33.0311    25.4955 -9.990e-29
 197.440475      2.245  35.719801     9.5112     5.1169      2.226    33.0294    25.4939 -9.990e-29
 197.440477      2.230  35.720310     9.5134     5.1130      2.211    33.0279    25.4924 -9.990e-29
 197.440480      2.216  35.721195     9.5155     5.1139      2.197    33.0269    25.4913 -9.990e-29
 197.440483      2.208  35.722272     9.5174     5.1142      2.190    33.0263    25.4904 -9.990e-29
 197.440486      2.206  35.723300     9.5187     5.1083      2.188    33.0261    25.4901 -9.990e-29
 197.440489      2.211  35.724094     9.5196     5.1126      2.193    33.0261    25.4900 -9.990e-29
 197.440492      2.222  35.724602     9.5201     5.1141      2.203    33.0262    25.4899 -9.990e-29
 197.440495      2.237  35.724902     9.5203     5.1138      2.218    33.0263    25.4900 -9.990e-29
 197.440498      2.252  35.725051     9.5203     5.1290      2.233    33.0264    25.4901 -9.990e-29
 197.440501      2.263  35.725092     9.5202     5.1217      2.244    33.0266    25.4902 -9.990e-29
 197.440503      2.269  35.725053     9.5204     5.1213      2.250    33.0263    25.4900 -9.990e-29
 197.440506      2.267  35.724990     9.5210     5.1181      2.248    33.0257    25.4894 -9.990e-29
 197.440509      2.260  35.725038     9.5220     5.1335      2.241    33.0248    25.4886 -9.990e-29
 197.440512      2.250  35.725327     9.5232     5.1136      2.231    33.0240    25.4878 -9.990e-29
 197.440515      2.240  35.725891     9.5244     5.1197      2.221    33.0235    25.4872 -9.990e-29
 197.440518      2.236  35.726650     9.5251     5.1079      2.217    33.0237    25.4872 -9.990e-29
 197.440521      2.238  35.727435     9.5249     5.1229      2.219    33.0246    25.4880 -9.990e-29
 197.440524      2.248  35.728016     9.5234     5.1290      2.229    33.0266    25.4898 -9.990e-29
 197.440527      2.266  35.728108     9.5209     5.1239      2.247    33.0290    25.4920 -9.990e-29
 197.440530      2.285  35.727410     9.5180     5.1228      2.266    33.0310    25.4940 -9.990e-29
 197.440532      2.300  35.725817     9.5154     5.1093      2.281    33.0317    25.4950 -9.990e-29
 197.440535      2.306  35.723774     9.5139     5.1278      2.287    33.0310    25.4947 -9.990e-29
 197.440538      2.299  35.722011     9.5138     5.1215      2.280    33.0293    25.4934 -9.990e-29
 197.440541      2.279  35.720871     9.5152     5.1263      2.260    33.0268    25.4912 -9.990e-29
 197.440544      2.250  35.720517     9.5177     5.1180      2.231    33.0242    25.4888 -9.990e-29
 197.440547      2.216  35.721151     9.5205     5.1269      2.197    33.0222    25.4868 -9.990e-29
 197.440550      2.186  35.722577     9.5231     5.1293      2.168    33.0213    25.4857 -9.990e-29
 197.440553      2.165  35.724233     9.5250     5.1290      2.147    33.0213    25.4853 -9.990e-29
 197.440556      2.157  35.725665     9.5262     5.1323      2.139    33.0217    25.4854 -9.990e-29
 197.440558      2.163  35.726684     9.5267     5.1291      2.145    33.0222    25.4858 -9.990e-29
 197.440561      2.180  35.727258     9.5266     5.1282      2.162    33.0229    25.4863 -9.990e-29
 197.440564      2.202  35.727420     9.5262     5.1222      2.184    33.0234    25.4868 -9.990e-29
 197.440567      2.223  35.727166     9.5258     5.1192      2.204    33.0235    25.4870 -9.990e-29
 197.440570      2.239  35.726704     9.5255     5.1141      2.220    33.0233    25.4868 -9.990e-29
 197.440573      2.244  35.726380     9.5254     5.1075      2.225    33.0231    25.4867 -9.990e-29
 197.440576      2.239  35.726212     9.5255     5.0993      2.220    33.0228    25.4865 -9.990e-29
 197.440579      2.225  35.726151     9.5256     5.0957      2.206    33.0227    25.4863 -9.990e-29
 197.440582      2.205  35.726244     9.5260     5.0974      2.187    33.0224    25.4861 -9.990e-29
 197.440584      2.184  35.726409     9.5265     5.1077      2.166    33.0221    25.4857 -9.990e-29
 197.440587      2.166  35.726580     9.5273     5.1216      2.148    33.0216    25.4852 -9.990e-29
 197.440590      2.154  35.726869     9.5282     5.1242      2.136    33.0211    25.4846 -9.990e-29
 197.440593      2.150  35.727371     9.5290     5.1352      2.132    33.0208    25.4843 -9.990e-29
 197.440596      2.155  35.728019     9.5295     5.1403      2.137    33.0210    25.4844 -9.990e-29
 197.440599      2.168  35.728636     9.5295     5.1392      2.150    33.0217    25.4849 -9.990e-29
 197.440602      2.187  35.729059     9.5290     5.1397      2.169    33.0226    25.4857 -9.990e-29
 197.440605      2.209  35.729184     9.5279     5.1353      2.191    33.0237    25.4867 -9.990e-29
 197.440608      2.233  35.729002     9.5263     5.1297      2.214    33.0250    25.4880 -9.990e-29
 197.440611      2.255  35.728552     9.5245     5.1268      2.236    33.0261    25.4892 -9.990e-29
 197.440613      2.273  35.727820     9.5227     5.1221      2.254    33.0270    25.4902 -9.990e-29
 197.440616      2.285  35.726874     9.5213     5.1176      2.266    33.0274    25.4907 -9.990e-29
 197.440619      2.289  35.725918     9.5207     5.1200      2.270    33.0269    25.4904 -9.990e-29
 197.440622      2.284  35.725184     9.5211     5.1201      2.265    33.0258    25.4895 -9.990e-29
 197.440625      2.270  35.724855     9.5225     5.1206      2.251    33.0242    25.4880 -9.990e-29
 197.440628      2.247  35.725086     9.5247     5.1230      2.228    33.0224    25.4863 -9.990e-29
 197.440631      2.218  35.725938     9.5273     5.1219      2.199    33.0209    25.4847 -9.990e-29
 197.440634      2.187  35.727234     9.5302     5.1238      2.169    33.0196    25.4831 -9.990e-29
 197.440637      2.160  35.728729     9.5330     5.1200      2.142    33.0185    25.4819 -9.990e-29
 197.440639      2.141  35.730384     9.5354     5.1152      2.123    33.0180    25.4811 -9.990e-29
 197.440642      2.134  35.732098     9.5372     5.1192      2.116    33.0181    25.4809 -9.990e-29
 197.440645      2.142  35.733562     9.5383     5.1208      2.124    33.0186    25.4811 -9.990e-29
 197.440648      2.162  35.734606     9.5385     5.1118      2.144    33.0195    25.4818 -9.990e-29
 197.440651      2.190  35.735218     9.5378     5.1062      2.172    33.0208    25.4829 -9.990e-29
 197.440654      2.218  35.735408     9.5363     5.1013      2.199    33.0223    25.4843 -9.990e-29
 197.440657      2.241  35.735117     9.5342     5.1060      2.222    33.0240    25.4859 -9.990e-29
 197.440660      2.252  35.734297     9.5323     5.1150      2.233    33.0249    25.4869 -9.990e-29
 197.440663      2.250  35.733079     9.5316     5.1202      2.231    33.0243    25.4866 -9.990e-29
 197.440666      2.234  35.731800     9.5319     5.1206      2.215    33.0227    25.4853 -9.990e-29
 197.440668      2.210  35.731130     9.5327     5.1287      2.192    33.0213    25.4841 -9.990e-29
 197.440671      2.183  35.731468     9.5339     5.1299      2.165    33.0205    25.4833 -9.990e-29
 197.440674      2.160  35.732287     9.5351     5.1241      2.142    33.0203    25.4829 -9.990e-29
 197.440677      2.147  35.733111     9.5358     5.1149      2.129    33.0205    25.4829 -9.990e-29
 197.440680      2.147  35.733959     9.5358     5.1100      2.129    33.0213    25.4836 -9.990e-29
 197.440683      2.158  35.734641     9.5344     5.1075      2.140    33.0233    25.4854 -9.990e-29
 197.440686      2.179  35.734884     9.5316     5.1048      2.161    33.0261    25.4881 -9.990e-29
 197.440689      2.204  35.734405     9.5278     5.1064      2.186    33.0291    25.4910 -9.990e-29
 197.440692      2.228  35.732865     9.5237     5.0948      2.209    33.0313    25.4934 -9.990e-29
 197.440694      2.246  35.730597     9.5199     5.1020      2.227    33.0325    25.4949 -9.990e-29
 197.440697      2.255  35.728228     9.5172     5.1006      2.236    33.0325    25.4954 -9.990e-29
 197.440700      2.255  35.725991     9.5160     5.0998      2.236    33.0314    25.4947 -9.990e-29
 197.440703      2.245  35.724315     9.5159     5.0935      2.226    33.0297    25.4934 -9.990e-29
 197.440706      2.228  35.723594     9.5165     5.0925      2.209    33.0284    25.4923 -9.990e-29
 197.440709      2.209  35.723689     9.5172     5.0940      2.191    33.0279    25.4918 -9.990e-29
 197.440712      2.192  35.724161     9.5177     5.0953      2.174    33.0279    25.4917 -9.990e-29
 197.440715      2.180  35.724608     9.5174     5.0990      2.162    33.0287    25.4923 -9.990e-29
 197.440718      2.176  35.724866     9.5160     5.1008      2.158    33.0302    25.4938 -9.990e-29
 197.440720      2.180  35.724849     9.5132     5.1020      2.162    33.0328    25.4962 -9.990e-29
 197.440723      2.189  35.724374     9.5092     5.1027      2.171    33.0360    25.4994 -9.990e-29
 197.440726      2.202  35.723294     9.5044     5.0965      2.184    33.0393    25.5027 -9.990e-29
 197.440729      2.215  35.721603     9.4997     5.0923      2.197    33.0419    25.5055 -9.990e-29
 197.440732      2.227  35.719468     9.4958     5.0898      2.208    33.0433    25.5072 -9.990e-29
 197.440735      2.236  35.717263     9.4930     5.0901      2.217    33.0436    25.5079 -9.990e-29
 197.440738      2.242  35.715458     9.4912     5.0862      2.223    33.0434    25.5081 -9.990e-29
 197.440741      2.245  35.714263     9.4901     5.0882      2.226    33.0432    25.5081 -9.990e-29
 197.440744      2.245  35.713548     9.4893     5.0891      2.226    33.0432    25.5082 -9.990e-29
 197.440747      2.243  35.713186     9.4886     5.0951      2.224    33.0435    25.5085 -9.990e-29
 197.440749      2.240  35.712976     9.4881     5.1014      2.221    33.0437    25.5088 -9.990e-29
 197.440752      2.237  35.712713     9.4878     5.1041      2.218    33.0437    25.5089 -9.990e-29
 197.440755      2.235  35.712433     9.4874     5.1051      2.216    33.0438    25.5090 -9.990e-29
 197.440758      2.235  35.712208     9.4870     5.1034      2.216    33.0439    25.5092 -9.990e-29
 197.440761      2.237  35.712047     9.4862     5.1025      2.218    33.0445    25.5098 -9.990e-29
 197.440764      2.239  35.711933     9.4852     5.1022      2.220    33.0453    25.5105 -9.990e-29
 197.440767      2.241  35.711725     9.4844     5.0993      2.222    33.0458    25.5111 -9.990e-29
 197.440770      2.240  35.711373     9.4841     5.0965      2.221    33.0457    25.5111 -9.990e-29
 197.440773      2.237  35.711091     9.4843     5.0944      2.218    33.0453    25.5107 -9.990e-29
 197.440775      2.231  35.710996     9.4852     5.0977      2.212    33.0443    25.5098 -9.990e-29
 197.440778      2.223  35.711097     9.4865     5.1022      2.204    33.0433    25.5087 -9.990e-29
 197.440781      2.217  35.711427     9.4878     5.1030      2.198    33.0424    25.5078 -9.990e-29
 197.440784      2.215  35.711898     9.4887     5.1068      2.197    33.0421    25.5074 -9.990e-29
 197.440787      2.219  35.712352     9.4890     5.1060      2.200    33.0422    25.5075 -9.990e-29
 197.440790      2.229  35.712643     9.4887     5.1081      2.210    33.0428    25.5080 -9.990e-29
 197.440793      2.243  35.712688     9.4877     5.1080      2.224    33.0438    25.5089 -9.990e-29
 197.440796      2.260  35.712498     9.4860     5.1069      2.241    33.0451    25.5103 -9.990e-29
 197.440799      2.274  35.712139     9.4844     5.1060      2.255    33.0462    25.5114 -9.990e-29
 197.440802      2.282  35.711605     9.4832     5.1063      2.263    33.0468    25.5120 -9.990e-29
 197.440804      2.281  35.710975     9.4830     5.1105      2.262    33.0463    25.5117 -9.990e-29
 197.440807      2.271  35.710541     9.4839     5.1133      2.252    33.0451    25.5106 -9.990e-29
 197.440810      2.253  35.710492     9.4856     5.1195      2.234    33.0434    25.5090 -9.990e-29
 197.440813      2.232  35.710820     9.4879     5.1137      2.213    33.0417    25.5073 -9.990e-29
 197.440816      2.213  35.711475     9.4901     5.1262      2.195    33.0403    25.5059 -9.990e-29
 197.440819      2.202  35.712325     9.4918     5.1123      2.184    33.0396    25.5050 -9.990e-29
