data/oxygen options/ONMS/Olympic_Coast_National_Marine_Sanctuary_CTD_Data_2005_2023/raw_data/2008/SBE19plus/CTD_TH042_072108faed.cnv
* Sea-Bird SBE19plus Data File:
* FileName = C:\2008_Mooring_Data\072108_service\CTD_TH042_072108.hex
* Software Version 1.59
* Temperature SN =  4671
* Conductivity SN =  4671
* System UpLoad Time = Jul 21 2008 11:35:10
* ds
* SeacatPlus V 1.6b  SERIAL NO. 4671    21 Jul 2008  11:34:52
# nquan = 9                                 
# nvalues = 3511                        
# units = specified
# name 0 = timeJ: Julian Days
# name 1 = prdM: Pressure, Strain Gauge [db]
# name 2 = c0mS/cm: Conductivity [mS/cm]
# name 3 = tv290C: Temperature [ITS-90, deg C]
# name 4 = sbeox0ML/L: Oxygen, SBE 43 [ml/l]
# name 5 = depSM: Depth [salt water, m], lat = 47.5
# name 6 = sal00: Salinity, Practical [PSU]
# name 7 = sigma-é00: Density [sigma-theta, kg/m^3]
# name 8 = flag: flag
# span 0 = 203.458970, 203.469126       
# span 1 =     -0.003,     39.879       
# span 2 =   0.006449,  36.304614       
# span 3 =     7.0633,    13.9201       
# span 4 =     2.7216,     7.5317       
# span 5 =     -0.003,     39.542       
# span 6 =     0.0092,    33.6537       
# span 7 =    -0.7045,    26.3501       
# span 8 = 0.0000e+00, 0.0000e+00       
# interval = seconds: 0.25
# start_time = Jul 21 2008 11:00:55 [Instrument's time stamp, header]
# bad_flag = -9.990e-29
*END*
[from data line 3361]
 203.468695     10.031  35.730333    10.1292     5.0320      9.947    32.4747    24.9593 -9.990e-29
 203.468698     10.042  35.725603    10.1204     5.0413      9.958    32.4779    24.9632 -9.990e-29
 203.468701     10.043  35.721213    10.1165     5.0506      9.959    32.4769    24.9631 -9.990e-29
 203.468704     10.033  35.718082    10.1162     5.0549      9.949    32.4740    24.9609 -9.990e-29
 203.468707     10.017  35.716853    10.1175     5.0531      9.933    32.4716    24.9588 -9.990e-29
 203.468709     10.000  35.717129    10.1185     5.0504      9.916    32.4710    24.9582 -9.990e-29
 203.468712      9.985  35.717814    10.1184     5.0478      9.901    32.4718    24.9588 -9.990e-29
 203.468715      9.977  35.718245    10.1176     5.0429      9.893    32.4730    24.9599 -9.990e-29
 203.468718      9.974  35.718157    10.1182     5.0345      9.891    32.4723    24.9593 -9.990e-29
 203.468721      9.979  35.717503    10.1222     5.0300      9.895    32.4681    24.9553 -9.990e-29
 203.468724      9.989  35.716858    10.1301     5.0166      9.905    32.4603    24.9479 -9.990e-29
 203.468727     10.005  35.717337    10.1404     5.0022      9.921    32.4516    24.9394 -9.990e-29
 203.468730     10.024  35.719591    10.1514     4.9911      9.940    32.4440    24.9316 -9.990e-29
 203.468733     10.046  35.722948    10.1621     4.9825      9.962    32.4378    24.9250 -9.990e-29
 203.468736     10.067  35.726383    10.1712     4.9741      9.983    32.4331    24.9198 -9.990e-29
 203.468738     10.087  35.729640    10.1778     4.9745     10.003    32.4305    24.9167 -9.990e-29
 203.468741     10.103  35.732630    10.1819     4.9760     10.018    32.4298    24.9155 -9.990e-29
 203.468744     10.114  35.734787    10.1840     4.9786     10.029    32.4301    24.9153 -9.990e-29
 203.468747     10.119  35.735966    10.1839     4.9872     10.034    32.4314    24.9163 -9.990e-29
 203.468750     10.121  35.736573    10.1813     4.9924     10.036    32.4343    24.9191 -9.990e-29
 203.468753     10.121  35.736692    10.1758     5.0016     10.036    32.4394    24.9239 -9.990e-29
 203.468756     10.123  35.736133    10.1679     5.0046     10.038    32.4459    24.9303 -9.990e-29
 203.468759     10.131  35.734731    10.1586     5.0090     10.046    32.4528    24.9373 -9.990e-29
 203.468762     10.146  35.732439    10.1492     5.0091     10.061    32.4589    24.9436 -9.990e-29
 203.468764     10.166  35.729557    10.1398     5.0062     10.081    32.4644    24.9495 -9.990e-29
 203.468767     10.187  35.726636    10.1303     5.0050     10.102    32.4700    24.9554 -9.990e-29
 203.468770     10.206  35.723855    10.1212     5.0070     10.121    32.4753    24.9611 -9.990e-29
 203.468773     10.215  35.720972    10.1142     5.0067     10.129    32.4787    24.9649 -9.990e-29
 203.468776     10.214  35.717867    10.1105     5.0049     10.129    32.4788    24.9656 -9.990e-29
 203.468779     10.201  35.715123    10.1096     5.0078     10.116    32.4769    24.9643 -9.990e-29
 203.468782     10.178  35.713664    10.1109     5.0106     10.093    32.4743    24.9620 -9.990e-29
 203.468785     10.148  35.713477    10.1134     5.0148     10.063    32.4718    24.9597 -9.990e-29
 203.468788     10.116  35.713853    10.1168     5.0146     10.031    32.4692    24.9571 -9.990e-29
 203.468791     10.086  35.714507    10.1208     5.0160     10.002    32.4663    24.9541 -9.990e-29
 203.468793     10.062  35.715439    10.1252     5.0114      9.978    32.4633    24.9510 -9.990e-29
 203.468796     10.048  35.716587    10.1296     5.0119      9.964    32.4605    24.9481 -9.990e-29
 203.468799     10.045  35.717911    10.1331     5.0095      9.961    32.4587    24.9461 -9.990e-29
 203.468802     10.050  35.719374    10.1355     5.0053      9.966    32.4580    24.9452 -9.990e-29
 203.468805     10.062  35.720643    10.1374     5.0030      9.978    32.4576    24.9446 -9.990e-29
 203.468808     10.074  35.721325    10.1392     4.9990      9.990    32.4567    24.9435 -9.990e-29
 203.468811     10.085  35.721632    10.1406     4.9986     10.001    32.4557    24.9426 -9.990e-29
 203.468814     10.092  35.722027    10.1411     4.9953     10.008    32.4557    24.9424 -9.990e-29
 203.468817     10.096  35.722473    10.1409     4.9958     10.011    32.4563    24.9430 -9.990e-29
 203.468819     10.099  35.722580    10.1406     4.9966     10.014    32.4567    24.9433 -9.990e-29
 203.468822     10.104  35.722258    10.1401     5.0028     10.019    32.4568    24.9435 -9.990e-29
 203.468825     10.113  35.721831    10.1390     5.0032     10.028    32.4573    24.9441 -9.990e-29
 203.468828     10.127  35.721467    10.1371     5.0062     10.042    32.4587    24.9455 -9.990e-29
 203.468831     10.144  35.721010    10.1346     5.0086     10.059    32.4604    24.9473 -9.990e-29
 203.468834     10.162  35.720332    10.1316     5.0114     10.077    32.4624    24.9493 -9.990e-29
 203.468837     10.177  35.719500    10.1274     5.0144     10.092    32.4654    24.9523 -9.990e-29
 203.468840     10.186  35.718647    10.1220     5.0153     10.101    32.4693    24.9563 -9.990e-29
 203.468843     10.187  35.717604    10.1170     5.0130     10.102    32.4728    24.9598 -9.990e-29
 203.468845     10.180  35.715981    10.1141     5.0098     10.095    32.4737    24.9611 -9.990e-29
 203.468848     10.167  35.714135    10.1139     5.0184     10.082    32.4720    24.9598 -9.990e-29
 203.468851     10.152  35.712997    10.1159     5.0215     10.067    32.4691    24.9571 -9.990e-29
 203.468854     10.137  35.712864    10.1196     5.0309     10.052    32.4657    24.9538 -9.990e-29
 203.468857     10.126  35.713486    10.1246     5.0407     10.041    32.4618    24.9500 -9.990e-29
 203.468860     10.118  35.714590    10.1305     5.0541     10.033    32.4576    24.9458 -9.990e-29
 203.468863     10.111  35.716032    10.1358     5.0652     10.026    32.4543    24.9423 -9.990e-29
 203.468866     10.101  35.717839    10.1393     5.0802     10.016    32.4530    24.9407 -9.990e-29
 203.468869     10.081  35.719738    10.1406     5.0939      9.997    32.4538    24.9411 -9.990e-29
 203.468872     10.047  35.721052    10.1404     5.0915      9.963    32.4553    24.9423 -9.990e-29
 203.468874      9.994  35.721484    10.1399     5.1027      9.910    32.4562    24.9431 -9.990e-29
 203.468877      9.918  35.721255    10.1405     5.1167      9.835    32.4555    24.9424 -9.990e-29
 203.468880      9.815  35.720826    10.1429     5.1125      9.733    32.4530    24.9400 0.0000e+00
 203.468883      9.683  35.720720    10.1478     5.1253      9.602    32.4485    24.9357 0.0000e+00
 203.468886      9.523  35.721180    10.1555     5.1384      9.443    32.4421    24.9295 0.0000e+00
 203.468889      9.340  35.722283    10.1659     5.1537      9.262    32.4340    24.9214 0.0000e+00
 203.468892      9.140  35.724106    10.1781     5.1739      9.064    32.4250    24.9123 0.0000e+00
 203.468895      8.928  35.726604    10.1914     5.1952      8.853    32.4157    24.9029 0.0000e+00
 203.468898      8.709  35.729583    10.2049     5.2232      8.636    32.4068    24.8936 0.0000e+00
 203.468900      8.491  35.732795    10.2178     5.2438      8.420    32.3986    24.8850 0.0000e+00
 203.468903      8.279  35.736056    10.2292     5.2678      8.210    32.3918    24.8778 0.0000e+00
 203.468906      8.076  35.739185    10.2391     5.2804      8.008    32.3862    24.8718 0.0000e+00
 203.468909      7.884  35.741851    10.2484     5.2886      7.818    32.3806    24.8659 0.0000e+00
 203.468912      7.699  35.743745    10.2577     5.2890      7.635    32.3743    24.8594 0.0000e+00
 203.468915      7.519  35.744849    10.2671     5.2855      7.456    32.3671    24.8522 0.0000e+00
 203.468918      7.339  35.745152    10.2782     5.2824      7.278    32.3576    24.8429 0.0000e+00
 203.468921      7.153  35.743912    10.2939     5.2797      7.093    32.3424    24.8284 0.0000e+00
 203.468924      6.956  35.740003    10.3159     5.2825      6.898    32.3190    24.8065 0.0000e+00
 203.468927      6.746  35.732719    10.3430     5.2839      6.690    32.2877    24.7775 0.0000e+00
 203.468929      6.521  35.721586    10.3726     5.2934      6.466    32.2503    24.7433 0.0000e+00
 203.468932      6.282  35.718230    10.4012     5.3031      6.229    32.2217    24.7162 0.0000e+00
 203.468935      6.033  35.733180    10.4262     5.3182      5.983    32.2146    24.7064 0.0000e+00
 203.468938      5.781  35.752629    10.4459     5.3322      5.733    32.2168    24.7047 0.0000e+00
 203.468941      5.531  35.765385    10.4604     5.3432      5.485    32.2168    24.7023 0.0000e+00
 203.468944      5.291  35.773524    10.4702     5.3549      5.247    32.2164    24.7003 0.0000e+00
 203.468947      5.064  35.778321    10.4764     5.3634      5.022    32.2158    24.6988 0.0000e+00
 203.468950      4.850  35.780485    10.4801     5.3727      4.809    32.2148    24.6974 0.0000e+00
 203.468953      4.647  35.781824    10.4827     5.3782      4.608    32.2139    24.6962 0.0000e+00
 203.468955      4.447  35.784050    10.4854     5.3965      4.410    32.2138    24.6957 0.0000e+00
 203.468958      4.244  35.786049    10.4893     5.4077      4.209    32.2125    24.6940 0.0000e+00
 203.468961      4.032  35.786685    10.4957     5.4245      3.998    32.2075    24.6890 0.0000e+00
 203.468964      3.810  35.786537    10.5063     5.4345      3.778    32.1981    24.6799 0.0000e+00
 203.468967      3.579  35.786151    10.5209     5.4273      3.549    32.1849    24.6671 0.0000e+00
 203.468970      3.344  35.785169    10.5372     5.4122      3.316    32.1696    24.6524 0.0000e+00
 203.468973      3.113  35.783078    10.5524     5.3831      3.087    32.1542    24.6378 0.0000e+00
 203.468976      2.891  35.780299    10.5648     5.3466      2.867    32.1406    24.6251 0.0000e+00
 203.468979      2.679  35.777899    10.5747     5.3115      2.657    32.1296    24.6148 0.0000e+00
 203.468981      2.476  35.776614    10.5834     5.2781      2.455    32.1207    24.6064 0.0000e+00
 203.468984      2.277  35.776372    10.5924     5.2494      2.258    32.1126    24.5986 0.0000e+00
 203.468987      2.078  35.776630    10.6022     5.2341      2.061    32.1043    24.5904 0.0000e+00
 203.468990      1.874  35.776942    10.6134     5.8763      1.858    32.0949    24.5812 0.0000e+00
 203.468993      1.667  35.777149    10.6276     6.0855      1.653    32.0827    24.5692 0.0000e+00
 203.468996      1.458  35.777301    10.6454     6.1774      1.446    32.0673    24.5542 0.0000e+00
 203.468999      1.254  35.777618    10.6641     6.2509      1.244    32.0513    24.5385 0.0000e+00
 203.469002      1.061  35.778038    10.6804     6.3261      1.052    32.0375    24.5249 0.0000e+00
 203.469005      0.882  35.777493    10.6920     6.3398      0.875    32.0268    24.5146 0.0000e+00
 203.469008      0.722  35.773771    10.6975     6.2982      0.716    32.0184    24.5071 0.0000e+00
 203.469010      0.580  35.765639    10.6974     6.3048      0.575    32.0104    24.5009 0.0000e+00
 203.469013      0.459  35.754243    10.6940     6.3454      0.455    32.0021    24.4951 0.0000e+00
 203.469016      0.359  35.736859    10.6896     6.3717      0.356    31.9887    24.4854 0.0000e+00
 203.469019      0.279  35.714670    10.6852     6.3940      0.277    31.9706    24.4720 -9.990e-29
 203.469022      0.217  35.692509    10.6804     6.4092      0.215    31.9527    24.4589 -9.990e-29
 203.469025      0.168  35.658640    10.6745     6.4152      0.167    31.9242    24.4378 -9.990e-29
 203.469028      0.131  35.594506    10.6677     6.3817      0.130    31.8664    24.3939 -9.990e-29
 203.469031      0.101  35.482164    10.6601     6.3790      0.100    31.7613    24.3134 -9.990e-29
 203.469034      0.078  35.295310    10.6520     6.3402      0.077    31.5826    24.1756 -9.990e-29
 203.469036      0.061  34.990926    10.6438     6.3582      0.060    31.2874    23.9472 -9.990e-29
 203.469039      0.047  34.488420    10.6365     6.3761      0.047    30.7953    23.5654 -9.990e-29
 203.469042      0.036  33.649884    10.6306     6.3846      0.036    29.9710    22.9249 -9.990e-29
 203.469045      0.028  32.251025    10.6264     6.4072      0.028    28.5978    21.8574 -9.990e-29
 203.469048      0.021  29.918877    10.6235     6.4083      0.021    26.3240    20.0904 -9.990e-29
 203.469051      0.016  26.031535    10.6214     6.3962      0.016    22.5861    17.1879 -9.990e-29
 203.469054      0.012  20.838187    10.6198     6.3974      0.012    17.7025    13.3996 -9.990e-29
 203.469057      0.009  15.925235    10.6185     6.3910      0.009    13.2097     9.9167 -9.990e-29
 203.469060      0.006  12.226379    10.6173     6.3938      0.006     9.9205     7.3666 -9.990e-29
 203.469063      0.004   9.580603    10.6159     6.4020      0.004     7.6256     5.5863 -9.990e-29
 203.469065      0.003   7.785218    10.6142     6.4105      0.003     6.1007     4.4026 -9.990e-29
 203.469068      0.001   6.717999    10.6120     6.4130      0.001     5.2087     3.7097 -9.990e-29
 203.469071      0.000   6.110510    10.6093 -9.990e-29      0.000     4.7064     3.3195 -9.990e-29
 203.469074     -0.000   5.593980    10.6066 -9.990e-29     -0.000     4.2826     2.9901 -9.990e-29
 203.469077     -0.001   5.006428    10.6043 -9.990e-29     -0.001     3.8043     2.6182 -9.990e-29
 203.469080     -0.001   4.408375    10.6025 -9.990e-29     -0.001     3.3220     2.2428 -9.990e-29
 203.469083     -0.002   3.892860    10.6010 -9.990e-29     -0.002     2.9103     1.9223 -9.990e-29
 203.469086     -0.002   3.529832    10.5997 -9.990e-29     -0.002     2.6229     1.6984 -9.990e-29
 203.469089     -0.002   3.379797    10.5985 -9.990e-29     -0.002     2.5048     1.6064 -9.990e-29
 203.469091     -0.002   3.419538    10.5972 -9.990e-29     -0.002     2.5361     1.6310 -9.990e-29
 203.469094     -0.002   3.542985    10.5957 -9.990e-29     -0.002     2.6335     1.7071 -9.990e-29
 203.469097     -0.002   3.624454    10.5941 -9.990e-29     -0.002     2.6980     1.7576 -9.990e-29
 203.469100     -0.003   3.562245    10.5923 -9.990e-29     -0.003     2.6490     1.7195 -9.990e-29
 203.469103     -0.003   3.381431    10.5903 -9.990e-29     -0.003     2.5066     1.6087 -9.990e-29
 203.469106     -0.003   3.155795    10.5882 -9.990e-29     -0.003     2.3297     1.4709 -9.990e-29
 203.469109     -0.003   2.933485    10.5861 -9.990e-29     -0.003     2.1563     1.3359 -9.990e-29
 203.469112     -0.003   2.783533    10.5841 -9.990e-29     -0.003     2.0399     1.2452 -9.990e-29
 203.469115     -0.003   2.716440    10.5824 -9.990e-29     -0.003     1.9880     1.2049 -9.990e-29
 203.469117     -0.003   2.682205    10.5812 -9.990e-29     -0.003     1.9615     1.1844 -9.990e-29
 203.469120     -0.003   2.644452    10.5808 -9.990e-29     -0.003     1.9323     1.1616 -9.990e-29
 203.469123     -0.003   2.575003 -9.990e-29 -9.990e-29     -0.003 -9.990e-29 -9.990e-29 -9.990e-29
 203.469126     -0.003   2.479559 -9.990e-29 -9.990e-29     -0.003 -9.990e-29 -9.990e-29 -9.990e-29
