data/oxygen options/ONMS/Olympic_Coast_National_Marine_Sanctuary_CTD_Data_2005_2023/raw_data/2008/SBE19plus/CTD_TH042_071608faed.cnv
* Sea-Bird SBE19plus Data File:
* FileName = C:\2008_Mooring_Data\071408_sevice\CTD_TH042_071608.hex
* Software Version 1.59
* Temperature SN =  4671
* Conductivity SN =  4671
* System UpLoad Time = Jul 16 2008 12:57:35
* ds
* SeacatPlus V 1.6b  SERIAL NO. 4671    16 Jul 2008  12:57:17
# nquan = 9                                 
# nvalues = 1436                        
# units = specified
# name 0 = timeJ: Julian Days
# name 1 = prdM: Pressure, Strain Gauge [db]
# name 2 = c0mS/cm: Conductivity [mS/cm]
# name 3 = tv290C: Temperature [ITS-90, deg C]
# name 4 = sbeox0ML/L: Oxygen, SBE 43 [ml/l]
# name 5 = depSM: Depth [salt water, m], lat = 47.5
# name 6 = sal00: Salinity, Practical [PSU]
# name 7 = sigma-é00: Density [sigma-theta, kg/m^3]
# name 8 = flag: flag
# span 0 = 198.527477, 198.531629       
# span 1 =      0.051,     40.860       
# span 2 =  -0.617685,  35.969669       
# span 3 =     6.7840,    10.8895       
# span 4 =     1.7528,     7.8861       
# span 5 =      0.051,     40.515       
# span 6 =     0.0000,    33.8695       
# span 7 =    -0.3807,    26.5580       
# span 8 = 0.0000e+00, 0.0000e+00       
# interval = seconds: 0.25
# start_time = Jul 16 2008 12:39:34 [Instrument's time stamp, header]
# bad_flag = -9.990e-29
*END*
[from data line 801]
 198.529795      1.880  35.593616     9.2725     4.2304      1.864    33.1202    25.6033 -9.990e-29
 198.529797      1.868  35.593670     9.2741     4.2226      1.852    33.1188    25.6019 -9.990e-29
 198.529800      1.850  35.593842     9.2771     4.2202      1.835    33.1162    25.5994 -9.990e-29
 198.529803      1.826  35.594445     9.2812     4.2163      1.811    33.1130    25.5963 -9.990e-29
 198.529806      1.802  35.595703     9.2861     4.2130      1.787    33.1098    25.5930 -9.990e-29
 198.529809      1.780  35.597661     9.2911     4.2145      1.765    33.1072    25.5901 -9.990e-29
 198.529812      1.766  35.600130     9.2956     4.2172      1.751    33.1056    25.5881 -9.990e-29
 198.529815      1.762  35.602693     9.2990     4.2212      1.747    33.1051    25.5872 -9.990e-29
 198.529818      1.769  35.604955     9.3010     4.2242      1.754    33.1056    25.5873 -9.990e-29
 198.529821      1.786  35.606758     9.3014     4.2250      1.771    33.1070    25.5884 -9.990e-29
 198.529823      1.812  35.607886     9.2999     4.2247      1.797    33.1096    25.5906 -9.990e-29
 198.529826      1.841  35.608133     9.2966     4.2248      1.826    33.1129    25.5937 -9.990e-29
 198.529829      1.872  35.607533     9.2922     4.2248      1.856    33.1163    25.5971 -9.990e-29
 198.529832      1.900  35.605954     9.2879     4.2289      1.884    33.1187    25.5996 -9.990e-29
 198.529835      1.924  35.603519     9.2845     4.2313      1.908    33.1193    25.6007 -9.990e-29
 198.529838      1.940  35.601104     9.2822     4.2374      1.924    33.1189    25.6007 -9.990e-29
 198.529841      1.949  35.599429     9.2810     4.2427      1.933    33.1183    25.6004 -9.990e-29
 198.529844      1.951  35.598455     9.2809     4.2465      1.935    33.1174    25.5997 -9.990e-29
 198.529847      1.945  35.597987     9.2818     4.2467      1.929    33.1161    25.5986 -9.990e-29
 198.529850      1.932  35.598023     9.2836     4.2434      1.916    33.1145    25.5970 -9.990e-29
 198.529852      1.912  35.598509     9.2857     4.2381      1.896    33.1130    25.5955 -9.990e-29
 198.529855      1.887  35.599442     9.2877     4.2325      1.871    33.1121    25.5945 -9.990e-29
 198.529858      1.857  35.600671     9.2896     4.2265      1.841    33.1117    25.5939 -9.990e-29
 198.529861      1.826  35.601676     9.2919     4.2283      1.811    33.1106    25.5926 -9.990e-29
 198.529864      1.793  35.602386     9.2949     4.2288      1.778    33.1086    25.5906 -9.990e-29
 198.529867      1.764  35.603296     9.2984     4.2339      1.749    33.1063    25.5882 -9.990e-29
 198.529870      1.741  35.604638     9.3022     4.2371      1.726    33.1041    25.5860 -9.990e-29
 198.529873      1.728  35.606311     9.3059     4.2402      1.714    33.1024    25.5840 -9.990e-29
 198.529876      1.729  35.608143     9.3087     4.2408      1.715    33.1017    25.5830 -9.990e-29
 198.529878      1.745  35.609928     9.3101     4.2405      1.730    33.1023    25.5832 -9.990e-29
 198.529881      1.775  35.611450     9.3090     4.2403      1.760    33.1049    25.5854 -9.990e-29
 198.529884      1.817  35.612420     9.3049     4.2340      1.802    33.1096    25.5898 -9.990e-29
 198.529887      1.864  35.612419     9.2981     4.2284      1.848    33.1159    25.5958 -9.990e-29
 198.529890      1.908  35.610877     9.2906     4.2212      1.892    33.1213    25.6012 -9.990e-29
 198.529893      1.941  35.607549     9.2851     4.2176      1.925    33.1229    25.6034 -9.990e-29
 198.529896      1.957  35.603391     9.2838     4.2160      1.941    33.1198    25.6012 -9.990e-29
 198.529899      1.954  35.600117     9.2875     4.2178      1.938    33.1130    25.5952 -9.990e-29
 198.529902      1.935  35.599011     9.2948     4.2199      1.919    33.1051    25.5879 -9.990e-29
 198.529905      1.907  35.600753     9.3030     4.2244      1.891    33.0993    25.5820 -9.990e-29
 198.529907      1.876  35.604908     9.3100     4.2296      1.860    33.0971    25.5792 -9.990e-29
 198.529910      1.850  35.609694     9.3146     4.2352      1.835    33.0978    25.5790 -9.990e-29
 198.529913      1.834  35.613612     9.3158     4.2349      1.819    33.1008    25.5811 -9.990e-29
 198.529916      1.828  35.616187     9.3133     4.2322      1.813    33.1057    25.5854 -9.990e-29
 198.529919      1.832  35.617121     9.3072     4.2274      1.817    33.1124    25.5916 -9.990e-29
 198.529922      1.839  35.616155     9.2992     4.2186      1.824    33.1188    25.5979 -9.990e-29
 198.529925      1.846  35.613211     9.2914     4.2112      1.831    33.1230    25.6024 -9.990e-29
 198.529928      1.846  35.608838     9.2858     4.2066      1.831    33.1236    25.6038 -9.990e-29
 198.529931      1.836  35.604459     9.2836     4.2064      1.821    33.1212    25.6022 -9.990e-29
 198.529933      1.818  35.601325     9.2846     4.2065      1.803    33.1170    25.5988 -9.990e-29
 198.529936      1.795  35.600009     9.2880     4.2123      1.780    33.1125    25.5948 -9.990e-29
 198.529939      1.774  35.600583     9.2925     4.2188      1.759    33.1089    25.5912 -9.990e-29
 198.529942      1.760  35.602438     9.2969     4.2267      1.745    33.1068    25.5889 -9.990e-29
 198.529945      1.758  35.604745     9.2999     4.2333      1.743    33.1064    25.5881 -9.990e-29
 198.529948      1.770  35.607016     9.3002     4.2351      1.755    33.1084    25.5896 -9.990e-29
 198.529951      1.795  35.608806     9.2969     4.2339      1.780    33.1133    25.5940 -9.990e-29
 198.529954      1.827  35.609360     9.2909     4.2353      1.812    33.1195    25.5997 -9.990e-29
 198.529957      1.861  35.607884     9.2842     4.2326      1.845    33.1241    25.6045 -9.990e-29
 198.529959      1.891  35.604569     9.2786     4.2293      1.875    33.1259    25.6067 -9.990e-29
 198.529962      1.910  35.600728     9.2752     4.2295      1.894    33.1251    25.6066 -9.990e-29
 198.529965      1.915  35.597540     9.2749     4.2317      1.899    33.1220    25.6043 -9.990e-29
 198.529968      1.907  35.595567     9.2776     4.2285      1.891    33.1175    25.6003 -9.990e-29
 198.529971      1.891  35.595181     9.2824     4.2286      1.875    33.1127    25.5958 -9.990e-29
 198.529974      1.870  35.596552     9.2883     4.2294      1.854    33.1086    25.5917 -9.990e-29
 198.529977      1.851  35.599145     9.2940     4.2278      1.836    33.1060    25.5887 -9.990e-29
 198.529980      1.836  35.602128     9.2983     4.2257      1.821    33.1051    25.5873 -9.990e-29
 198.529983      1.826  35.605073     9.3007     4.2239      1.811    33.1059    25.5876 -9.990e-29
 198.529986      1.821  35.607393     9.3015     4.2187      1.806    33.1076    25.5888 -9.990e-29
 198.529988      1.818  35.608514     9.3014     4.2170      1.803    33.1088    25.5898 -9.990e-29
 198.529991      1.817  35.608599     9.3011     4.2176      1.802    33.1092    25.5901 -9.990e-29
 198.529994      1.817  35.608143     9.3010     4.2172      1.802    33.1088    25.5898 -9.990e-29
 198.529997      1.817  35.607655     9.3011     4.2202      1.802    33.1082    25.5893 -9.990e-29
 198.530000      1.820  35.607492     9.3012     4.2227      1.805    33.1080    25.5891 -9.990e-29
 198.530003      1.825  35.607608     9.3009     4.2230      1.810    33.1084    25.5895 -9.990e-29
 198.530006      1.834  35.607752     9.2999     4.2256      1.819    33.1094    25.5905 -9.990e-29
 198.530009      1.846  35.607768     9.2976     4.2241      1.831    33.1116    25.5925 -9.990e-29
 198.530012      1.860  35.607476     9.2941     4.2211      1.844    33.1145    25.5954 -9.990e-29
 198.530014      1.874  35.606579     9.2899     4.2168      1.858    33.1175    25.5984 -9.990e-29
 198.530017      1.886  35.604965     9.2860     4.2154      1.870    33.1194    25.6005 -9.990e-29
 198.530020      1.892  35.602850     9.2830     4.2152      1.876    33.1200    25.6014 -9.990e-29
 198.530023      1.892  35.600791     9.2816     4.2145      1.876    33.1192    25.6010 -9.990e-29
 198.530026      1.886  35.599280     9.2823     4.2207      1.870    33.1170    25.5992 -9.990e-29
 198.530029      1.874  35.598490     9.2850     4.2252      1.858    33.1137    25.5962 -9.990e-29
 198.530032      1.860  35.598729     9.2884     4.2328      1.844    33.1108    25.5933 -9.990e-29
 198.530035      1.848  35.600123     9.2915     4.2383      1.833    33.1093    25.5917 -9.990e-29
 198.530038      1.841  35.602091     9.2934     4.2420      1.826    33.1096    25.5916 -9.990e-29
 198.530041      1.841  35.603839     9.2935     4.2436      1.826    33.1113    25.5930 -9.990e-29
 198.530043      1.845  35.604838     9.2922     4.2427      1.830    33.1136    25.5949 -9.990e-29
 198.530046      1.852  35.604917     9.2899     4.2476      1.837    33.1158    25.5970 -9.990e-29
 198.530049      1.856  35.604175     9.2877     4.2462      1.841    33.1171    25.5984 -9.990e-29
 198.530052      1.856  35.602904     9.2867     4.2500      1.841    33.1167    25.5982 -9.990e-29
 198.530055      1.849  35.601638     9.2874     4.2495      1.834    33.1147    25.5966 -9.990e-29
 198.530058      1.838  35.600978     9.2900     4.2500      1.823    33.1116    25.5938 -9.990e-29
 198.530061      1.826  35.601237     9.2940     4.2504      1.811    33.1082    25.5904 -9.990e-29
 198.530064      1.818  35.602462     9.2981     4.2483      1.803    33.1057    25.5878 -9.990e-29
 198.530067      1.817  35.604508     9.3013     4.2370      1.802    33.1048    25.5866 -9.990e-29
 198.530069      1.826  35.606788     9.3032     4.2262      1.811    33.1054    25.5868 -9.990e-29
 198.530072      1.841  35.608441     9.3036     4.2188      1.826    33.1067    25.5878 -9.990e-29
 198.530075      1.858  35.609225     9.3030     4.2127      1.842    33.1081    25.5889 -9.990e-29
 198.530078      1.871  35.609384     9.3025     4.2095      1.855    33.1087    25.5895 -9.990e-29
 198.530081      1.876  35.608961     9.3031     4.2121      1.860    33.1077    25.5886 -9.990e-29
 198.530084      1.871  35.608309     9.3053     4.2148      1.855    33.1050    25.5861 -9.990e-29
 198.530087      1.859  35.608219     9.3084     4.2233      1.843    33.1020    25.5833 -9.990e-29
 198.530090      1.844  35.609116     9.3115     4.2332      1.829    33.1001    25.5813 -9.990e-29
 198.530093      1.832  35.610720     9.3138     4.2364      1.817    33.0996    25.5806 -9.990e-29
 198.530095      1.826  35.612399     9.3146     4.2422      1.811    33.1006    25.5812 -9.990e-29
 198.530098      1.828  35.613655     9.3135     4.2391      1.813    33.1029    25.5832 -9.990e-29
 198.530101      1.835  35.614188     9.3101     4.2382      1.820    33.1066    25.5866 -9.990e-29
 198.530104      1.846  35.613806     9.3048     4.2337      1.831    33.1112    25.5910 -9.990e-29
 198.530107      1.856  35.612370     9.2986     4.2274      1.841    33.1154    25.5953 -9.990e-29
 198.530110      1.863  35.609912     9.2932     4.2179      1.847    33.1179    25.5981 -9.990e-29
 198.530113      1.864  35.606861     9.2899     4.2100      1.848    33.1178    25.5986 -9.990e-29
 198.530116      1.858  35.604013     9.2897     4.2082      1.842    33.1150    25.5965 -9.990e-29
 198.530119      1.846  35.602230     9.2920     4.2068      1.831    33.1111    25.5930 -9.990e-29
 198.530122      1.832  35.602015     9.2956     4.2097      1.817    33.1075    25.5896 -9.990e-29
 198.530124      1.819  35.603303     9.2991     4.2087      1.804    33.1056    25.5876 -9.990e-29
 198.530127      1.810  35.605374     9.3019     4.2144      1.795    33.1051    25.5868 -9.990e-29
 198.530130      1.807  35.607258     9.3035     4.2230      1.792    33.1056    25.5869 -9.990e-29
 198.530133      1.811  35.608528     9.3037     4.2289      1.796    33.1067    25.5877 -9.990e-29
 198.530136      1.819  35.609217     9.3028     4.2343      1.804    33.1083    25.5891 -9.990e-29
 198.530139      1.828  35.609268     9.3015     4.2339      1.813    33.1095    25.5903 -9.990e-29
 198.530142      1.835  35.608702     9.3003     4.2309      1.820    33.1101    25.5909 -9.990e-29
 198.530145      1.840  35.607906     9.2997     4.2285      1.825    33.1098    25.5908 -9.990e-29
 198.530148      1.843  35.607278     9.2995     4.2218      1.828    33.1093    25.5904 -9.990e-29
 198.530150      1.846  35.606965     9.2995     4.2190      1.831    33.1090    25.5902 -9.990e-29
 198.530153      1.850  35.606970     9.2990     4.2134      1.835    33.1095    25.5906 -9.990e-29
 198.530156      1.857  35.607162     9.2977     4.2125      1.841    33.1109    25.5919 -9.990e-29
 198.530159      1.865  35.607189     9.2957     4.2148      1.849    33.1127    25.5937 -9.990e-29
 198.530162      1.871  35.606686     9.2938     4.2178      1.855    33.1140    25.5950 -9.990e-29
 198.530165      1.875  35.605638     9.2929     4.2239      1.859    33.1137    25.5949 -9.990e-29
 198.530168      1.874  35.604506     9.2930     4.2314      1.858    33.1125    25.5939 -9.990e-29
 198.530171      1.873  35.603887     9.2938     4.2382      1.857    33.1111    25.5927 -9.990e-29
 198.530174      1.871  35.603965     9.2946     4.2445      1.855    33.1104    25.5921 -9.990e-29
 198.530177      1.873  35.604520     9.2948     4.2474      1.857    33.1108    25.5924 -9.990e-29
 198.530179      1.878  35.605132     9.2939     4.2487      1.862    33.1123    25.5937 -9.990e-29
 198.530182      1.884  35.605348     9.2920     4.2460      1.868    33.1143    25.5955 -9.990e-29
 198.530185      1.889  35.605038     9.2896     4.2409      1.873    33.1162    25.5974 -9.990e-29
 198.530188      1.889  35.604186     9.2879     4.2362      1.873    33.1169    25.5982 -9.990e-29
 198.530191      1.883  35.602899     9.2877     4.2310      1.867    33.1157    25.5973 -9.990e-29
 198.530194      1.870  35.601813     9.2895     4.2293      1.854    33.1129    25.5949 -9.990e-29
 198.530197      1.853  35.601547     9.2929     4.2263      1.838    33.1095    25.5916 -9.990e-29
 198.530200      1.833  35.602273     9.2969     4.2267      1.818    33.1066    25.5887 -9.990e-29
 198.530203      1.813  35.603862     9.3008     4.2250      1.798    33.1046    25.5865 -9.990e-29
 198.530205      1.798  35.605835     9.3043     4.2238      1.783    33.1034    25.5850 -9.990e-29
 198.530208      1.789  35.607612     9.3075     4.2203      1.774    33.1023    25.5837 -9.990e-29
 198.530211      1.788  35.609039     9.3104     4.2151      1.773    33.1011    25.5822 -9.990e-29
 198.530214      1.794  35.610303     9.3122     4.2104      1.779    33.1007    25.5817 -9.990e-29
 198.530217      1.806  35.611543     9.3123     4.2072      1.791    33.1019    25.5826 -9.990e-29
 198.530220      1.823  35.612560     9.3107     4.2076      1.808    33.1044    25.5848 -9.990e-29
 198.530223      1.843  35.612794     9.3079     4.2136      1.828    33.1072    25.5875 -9.990e-29
 198.530226      1.863  35.612015     9.3045     4.2207      1.847    33.1096    25.5898 -9.990e-29
 198.530229      1.883  35.610628     9.3009     4.2309      1.867    33.1115    25.5919 -9.990e-29
 198.530231      1.899  35.609111     9.2974     4.2397      1.883    33.1131    25.5938 -9.990e-29
 198.530234      1.912  35.607612     9.2941     4.2462      1.896    33.1146    25.5955 -9.990e-29
 198.530237      1.920  35.606145     9.2914     4.2494      1.904    33.1156    25.5967 -9.990e-29
 198.530240      1.926  35.604754     9.2897     4.2501      1.910    33.1158    25.5970 -9.990e-29
 198.530243      1.930  35.603519     9.2890     4.2455      1.914    33.1151    25.5967 -9.990e-29
 198.530246      1.932  35.602718     9.2888     4.2364      1.916    33.1145    25.5962 -9.990e-29
 198.530249      1.933  35.602517     9.2885     4.2297      1.917    33.1146    25.5963 -9.990e-29
 198.530252      1.928  35.602647     9.2880     4.2246      1.912    33.1152    25.5968 -9.990e-29
