data/oxygen options/ONMS/Olympic_Coast_National_Marine_Sanctuary_CTD_Data_2005_2023/raw_data/2008/SBE19plus/CTD_KL015_071508faed.cnv
* Sea-Bird SBE19plus Data File:
* FileName = C:\2008_Mooring_Data\071408_sevice\CTD_KL015_071508.hex
* Software Version 1.59
* Temperature SN =  4671
* Conductivity SN =  4671
* System UpLoad Time = Jul 15 2008 16:44:17
* ds
* SeacatPlus V 1.6b  SERIAL NO. 4671    15 Jul 2008  16:43:59
# nquan = 9                                 
# nvalues = 1116                        
# units = specified
# name 0 = timeJ: Julian Days
# name 1 = prdM: Pressure, Strain Gauge [db]
# name 2 = c0mS/cm: Conductivity [mS/cm]
# name 3 = tv290C: Temperature [ITS-90, deg C]
# name 4 = sbeox0ML/L: Oxygen, SBE 43 [ml/l]
# name 5 = depSM: Depth [salt water, m], lat = 47.5
# name 6 = sal00: Salinity, Practical [PSU]
# name 7 = sigma-é00: Density [sigma-theta, kg/m^3]
# name 8 = flag: flag
# span 0 = 197.693275, 197.696502       
# span 1 =      0.013,     15.735       
# span 2 =   0.010475,  36.078432       
# span 3 =     7.1412,    11.7790       
# span 4 =     2.1742,     7.9879       
# span 5 =      0.013,     15.603       
# span 6 =     0.0106,    33.8948       
# span 7 =    -0.4673,    26.4094       
# span 8 = 0.0000e+00, 0.0000e+00       
# interval = seconds: 0.25
# start_time = Jul 15 2008 16:38:19 [Instrument's time stamp, header]
# bad_flag = -9.990e-29
*END*
[from data line 961]
 197.696056     11.316  34.289621     7.1910     2.2542     11.221    33.7119    26.3780 0.0000e+00
 197.696059     11.467  34.280366     7.1829     2.2542     11.371    33.7097    26.3774 0.0000e+00
 197.696062     11.618  34.272952     7.1759     2.2546     11.521    33.7084    26.3773 0.0000e+00
 197.696065     11.770  34.266518     7.1700     2.2565     11.671    33.7070    26.3771 0.0000e+00
 197.696068     11.922  34.260652     7.1652     2.2551     11.822    33.7052    26.3763 0.0000e+00
 197.696071     12.070  34.255416     7.1617     2.2509     11.969    33.7028    26.3749 0.0000e+00
 197.696073     12.213  34.251214     7.1592     2.2464     12.111    33.7006    26.3735 0.0000e+00
 197.696076     12.349  34.248194     7.1575     2.2425     12.246    33.6989    26.3724 0.0000e+00
 197.696079     12.479  34.246111     7.1563     2.2357     12.374    33.6978    26.3717 0.0000e+00
 197.696082     12.605  34.244643     7.1555     2.2288     12.499    33.6969    26.3711 0.0000e+00
 197.696085     12.732  34.243504     7.1549     2.2247     12.625    33.6962    26.3706 0.0000e+00
 197.696088     12.864  34.242648     7.1543     2.2182     12.756    33.6957    26.3704 0.0000e+00
 197.696091     13.005  34.242126     7.1538     2.2145     12.896    33.6956    26.3703 0.0000e+00
 197.696094     13.156  34.241734     7.1531     2.2112     13.046    33.6958    26.3706 0.0000e+00
 197.696097     13.318  34.241241     7.1524     2.2099     13.206    33.6958    26.3707 0.0000e+00
 197.696100     13.490  34.240622     7.1516     2.2107     13.377    33.6959    26.3709 0.0000e+00
 197.696102     13.669  34.239931     7.1505     2.2068     13.554    33.6961    26.3712 0.0000e+00
 197.696105     13.848  34.239133     7.1490     2.2071     13.732    33.6966    26.3718 0.0000e+00
 197.696108     14.023  34.238070     7.1473     2.2047     13.905    33.6970    26.3724 0.0000e+00
 197.696111     14.189  34.236650     7.1456     2.2043     14.070    33.6970    26.3726 0.0000e+00
 197.696114     14.341  34.234990     7.1443     2.2032     14.221    33.6964    26.3723 0.0000e+00
 197.696117     14.480  34.233371     7.1433     2.1989     14.359    33.6956    26.3718 0.0000e+00
 197.696120     14.607  34.232069     7.1425     2.1970     14.485    33.6949    26.3713 0.0000e+00
 197.696123     14.726  34.231143     7.1419     2.1944     14.603    33.6944    26.3710 0.0000e+00
 197.696126     14.842  34.230498     7.1415     2.1905     14.718    33.6940    26.3708 0.0000e+00
 197.696128     14.958  34.230048     7.1413     2.1885     14.833    33.6937    26.3706 0.0000e+00
 197.696131     15.076  34.229782     7.1412     2.1835     14.950    33.6934    26.3704 0.0000e+00
 197.696134     15.195  34.229691     7.1414     2.1840     15.068    33.6930    26.3701 0.0000e+00
 197.696137     15.310  34.229751     7.1417     2.1796     15.182    33.6928    26.3698 0.0000e+00
 197.696140     15.418  34.229934     7.1424     2.1820     15.289    33.6922    26.3693 0.0000e+00
 197.696143     15.513  34.230245     7.1435     2.1822     15.383    33.6914    26.3685 0.0000e+00
 197.696146     15.593  34.230842     7.1447     2.1876     15.462    33.6909    26.3679 -9.990e-29
 197.696149     15.654  34.231872     7.1459     2.1884     15.523    33.6908    26.3677 -9.990e-29
 197.696152     15.697  34.233171     7.1470     2.1946     15.565    33.6911    26.3678 -9.990e-29
 197.696155     15.723  34.234369     7.1479     2.2030     15.591    33.6916    26.3680 -9.990e-29
 197.696157     15.735  34.235276     7.1488     2.2066     15.603    33.6917    26.3680 -9.990e-29
 197.696160     15.731  34.235938     7.1495     2.2104     15.599    33.6917    26.3679 -9.990e-29
 197.696163     15.714  34.236425     7.1503     2.2113     15.582    33.6915    26.3676 -9.990e-29
 197.696166     15.681  34.236717     7.1510     2.2099     15.550    33.6911    26.3672 -9.990e-29
 197.696169     15.630  34.236804     7.1518     2.2006     15.499    33.6904    26.3666 -9.990e-29
 197.696172     15.558  34.236774     7.1527     2.1983     15.428    33.6896    26.3658 0.0000e+00
 197.696175     15.460  34.236700     7.1538     2.1906     15.330    33.6885    26.3648 0.0000e+00
 197.696178     15.333  34.236691     7.1552     2.1855     15.204    33.6871    26.3635 0.0000e+00
 197.696181     15.177  34.237153     7.1568     2.1792     15.050    33.6862    26.3625 0.0000e+00
 197.696183     14.996  34.238402     7.1587     2.1797     14.870    33.6858    26.3619 0.0000e+00
 197.696186     14.796  34.240110     7.1610     2.1742     14.672    33.6855    26.3614 0.0000e+00
 197.696189     14.582  34.241793     7.1638     2.1746     14.460    33.6847    26.3604 0.0000e+00
 197.696192     14.361  34.243436     7.1668     2.1756     14.241    33.6837    26.3592 0.0000e+00
 197.696195     14.139  34.245485     7.1690     2.1746     14.021    33.6839    26.3590 0.0000e+00
 197.696198     13.923  34.248138     7.1698     2.1746     13.806    33.6861    26.3606 0.0000e+00
 197.696201     13.718  34.250527     7.1692     2.1750     13.603    33.6894    26.3633 0.0000e+00
 197.696204     13.525  34.251424     7.1674     2.1759     13.412    33.6922    26.3658 0.0000e+00
 197.696207     13.340  34.250701     7.1645     2.1788     13.228    33.6943    26.3679 0.0000e+00
 197.696209     13.157  34.248961     7.1612     2.1829     13.047    33.6958    26.3694 0.0000e+00
 197.696212     12.970  34.246254     7.1587     2.1839     12.861    33.6953    26.3694 0.0000e+00
 197.696215     12.773  34.242846     7.1573     2.1908     12.666    33.6931    26.3679 0.0000e+00
 197.696218     12.564  34.239951     7.1571     2.1998     12.459    33.6902    26.3656 0.0000e+00
 197.696221     12.341  34.238509     7.1572     2.2081     12.238    33.6886    26.3644 0.0000e+00
 197.696224     12.107  34.238391     7.1573     2.2236     12.006    33.6885    26.3643 0.0000e+00
 197.696227     11.866  34.238707     7.1573     2.2368     11.767    33.6890    26.3646 0.0000e+00
 197.696230     11.623  34.238670     7.1576     2.2562     11.526    33.6888    26.3644 0.0000e+00
 197.696233     11.382  34.238315     7.1583     2.2742     11.287    33.6878    26.3636 0.0000e+00
 197.696236     11.147  34.238153     7.1597     2.2940     11.054    33.6864    26.3623 0.0000e+00
 197.696238     10.920  34.238538     7.1617     2.3153     10.829    33.6850    26.3609 0.0000e+00
 197.696241     10.701  34.239604     7.1644     2.3472     10.611    33.6836    26.3594 0.0000e+00
 197.696244     10.489  34.241280     7.1677     2.3843     10.401    33.6823    26.3579 0.0000e+00
 197.696247     10.284  34.243370     7.1722     2.4251     10.198    33.6803    26.3557 0.0000e+00
 197.696250     10.086  34.245899     7.1786     2.4713     10.002    33.6769    26.3522 0.0000e+00
 197.696253      9.899  34.249203     7.1872     2.5151      9.816    33.6722    26.3473 0.0000e+00
 197.696256      9.725  34.253923     7.1974     2.5616      9.644    33.6675    26.3422 0.0000e+00
 197.696259      9.570  34.260847     7.2080     2.6024      9.490    33.6648    26.3386 0.0000e+00
 197.696262      9.435  34.269850     7.2199     2.6378      9.356    33.6631    26.3356 0.0000e+00
 197.696264      9.318  34.279041     7.2349     2.6666      9.240    33.6585    26.3299 0.0000e+00
 197.696267      9.212  34.287608     7.2524     2.6861      9.135    33.6509    26.3214 0.0000e+00
 197.696270      9.112  34.298609     7.2708     2.7040      9.036    33.6450    26.3142 0.0000e+00
 197.696273      9.012  34.313905     7.2910     2.7091      8.937    33.6420    26.3091 0.0000e+00
 197.696276      8.907  34.330139     7.3170     2.7132      8.832    33.6344    26.2995 0.0000e+00
 197.696279      8.794  34.345191     7.3516     2.7144      8.720    33.6172    26.2811 0.0000e+00
 197.696282      8.675  34.363255     7.3930     2.7090      8.602    33.5967    26.2592 0.0000e+00
 197.696285      8.551  34.390314     7.4359     2.7074      8.479    33.5845    26.2436 0.0000e+00
 197.696288      8.427  34.426787     7.4766     2.6976      8.356    33.5847    26.2379 0.0000e+00
 197.696291      8.307  34.465872     7.5146     2.6918      8.238    33.5903    26.2369 0.0000e+00
 197.696293      8.196  34.501186     7.5505     2.6831      8.127    33.5938    26.2346 0.0000e+00
 197.696296      8.095  34.532424     7.5839     2.6801      8.027    33.5953    26.2310 0.0000e+00
 197.696299      8.003  34.562161     7.6149     2.6779      7.936    33.5975    26.2283 0.0000e+00
 197.696302      7.918  34.590537     7.6420     2.6755      7.852    33.6019    26.2280 0.0000e+00
 197.696305      7.837  34.616801     7.6634     2.6781      7.771    33.6096    26.2309 0.0000e+00
 197.696308      7.756  34.640962     7.6781     2.6801      7.691    33.6215    26.2382 0.0000e+00
 197.696311      7.673  34.660113     7.6863     2.6826      7.609    33.6343    26.2470 0.0000e+00
 197.696314      7.588  34.672260     7.6892     2.6873      7.525    33.6446    26.2547 0.0000e+00
 197.696317      7.501  34.678461     7.6889     2.6911      7.438    33.6516    26.2603 0.0000e+00
 197.696319      7.416  34.679820     7.6883     2.6929      7.354    33.6537    26.2620 0.0000e+00
 197.696322      7.332  34.678213     7.6893     2.6969      7.271    33.6510    26.2598 0.0000e+00
 197.696325      7.251  34.676306     7.6926     2.6990      7.190    33.6458    26.2552 0.0000e+00
 197.696328      7.171  34.676544     7.6974     2.7009      7.111    33.6415    26.2511 0.0000e+00
 197.696331      7.088  34.679836     7.7028     2.7080      7.029    33.6398    26.2490 0.0000e+00
 197.696334      7.000  34.685023     7.7081     2.7097      6.941    33.6403    26.2487 0.0000e+00
 197.696337      6.905  34.690490     7.7131     2.7131      6.847    33.6415    26.2488 0.0000e+00
 197.696340      6.803  34.695448     7.7176     2.7181      6.746    33.6425    26.2490 0.0000e+00
 197.696343      6.694  34.699977     7.7219     2.7234      6.638    33.6433    26.2490 0.0000e+00
 197.696345      6.583  34.703976     7.7266     2.7279      6.528    33.6431    26.2481 0.0000e+00
 197.696348      6.470  34.707432     7.7319     2.7310      6.416    33.6417    26.2463 0.0000e+00
 197.696351      6.359  34.711234     7.7383     2.7400      6.306    33.6397    26.2438 0.0000e+00
 197.696354      6.251  34.715867     7.7458     2.7494      6.199    33.6375    26.2410 0.0000e+00
 197.696357      6.146  34.721319     7.7537     2.7606      6.095    33.6358    26.2385 0.0000e+00
 197.696360      6.044  34.727912     7.7613     2.7714      5.993    33.6356    26.2372 0.0000e+00
 197.696363      5.941  34.735416     7.7683     2.7858      5.891    33.6369    26.2373 0.0000e+00
 197.696366      5.830  34.742777     7.7744     2.7977      5.781    33.6390    26.2380 0.0000e+00
 197.696369      5.710  34.749335     7.7800     2.8124      5.662    33.6407    26.2386 0.0000e+00
 197.696372      5.578  34.754999     7.7861     2.8286      5.531    33.6410    26.2379 0.0000e+00
 197.696374      5.435  34.759760     7.7940     2.8388      5.390    33.6386    26.2348 0.0000e+00
 197.696377      5.282  34.764403     7.8047     2.8589      5.238    33.6333    26.2291 0.0000e+00
 197.696380      5.122  34.770675     7.8187     2.8725      5.079    33.6266    26.2218 0.0000e+00
 197.696383      4.954  34.779924     7.8362     2.8828      4.913    33.6197    26.2139 0.0000e+00
 197.696386      4.781  34.792672     7.8569     2.8904      4.741    33.6136    26.2060 0.0000e+00
 197.696389      4.602  34.808953     7.8804     2.8970      4.564    33.6085    26.1986 0.0000e+00
 197.696392      4.418  34.828373     7.9063     2.8975      4.381    33.6044    26.1917 0.0000e+00
 197.696395      4.229  34.850673     7.9344     2.8929      4.194    33.6014    26.1852 0.0000e+00
 197.696398      4.037  34.875195     7.9654     2.9025      4.003    33.5979    26.1779 0.0000e+00
 197.696400      3.843  34.901220     7.9992     2.9081      3.811    33.5934    26.1693 0.0000e+00
 197.696403      3.647  34.929410     8.0348     2.9295      3.617    33.5894    26.1610 0.0000e+00
 197.696406      3.451  34.960590     8.0701     2.9534      3.422    33.5889    26.1554 0.0000e+00
 197.696409      3.256  34.994266     8.1033     2.9882      3.229    33.5931    26.1538 0.0000e+00
 197.696412      3.062  35.028380     8.1343     3.0282      3.036    33.5998    26.1544 0.0000e+00
 197.696415      2.873  35.059680     8.1635     3.0663      2.849    33.6053    26.1544 0.0000e+00
 197.696418      2.689  35.087439     8.1905     3.1007      2.667    33.6090    26.1533 0.0000e+00
 197.696421      2.513  35.113654     8.2139     3.1205      2.492    33.6146    26.1542 0.0000e+00
 197.696424      2.344  35.138418     8.2321     3.1268      2.324    33.6236    26.1585 0.0000e+00
 197.696427      2.183  35.160719     8.2454     3.1218      2.165    33.6346    26.1652 0.0000e+00
 197.696429      2.027  35.178119     8.2561     3.0992      2.010    33.6429    26.1701 0.0000e+00
 197.696432      1.873  35.189382     8.2676     3.0776      1.857    33.6440    26.1691 0.0000e+00
 197.696435      1.718  35.197134     8.2840     3.0448      1.704    33.6366    26.1609 0.0000e+00
 197.696438      1.559  35.204546     8.3100     3.0232      1.546    33.6196    26.1437 0.0000e+00
 197.696441      1.397  35.215614     8.3503     3.1292      1.385    33.5929    26.1166 0.0000e+00
 197.696444      1.234  35.235268     8.4095     4.0489      1.224    33.5573    26.0798 0.0000e+00
 197.696447      1.074  35.267733     8.4868 -9.990e-29      1.065    33.5181    26.0373 0.0000e+00
 197.696450      0.922  35.317226     8.5730 -9.990e-29      0.914    33.4885    26.0009 0.0000e+00
 197.696453      0.782  35.387101     8.6553 -9.990e-29      0.775    33.4841    25.9848 0.0000e+00
 197.696455      0.656  35.470174     8.7247 -9.990e-29      0.651    33.5057    25.9911 0.0000e+00
 197.696458      0.544  35.548484     8.7767 -9.990e-29      0.539    33.5387    26.0088 0.0000e+00
 197.696461      0.446  35.608993     8.8102 -9.990e-29      0.442    33.5704    26.0285 0.0000e+00
 197.696464      0.362  35.647348     8.8265 -9.990e-29      0.359    33.5952    26.0454 0.0000e+00
 197.696467      0.290  35.665604     8.8276 -9.990e-29      0.288    33.6133    26.0594 -9.990e-29
 197.696470      0.233  35.671888     8.8152 -9.990e-29      0.231    33.6317    26.0757 -9.990e-29
 197.696473      0.188  35.667728     8.7910 -9.990e-29      0.186    33.6503    26.0941 -9.990e-29
 197.696476      0.154  35.647214     8.7577 -9.990e-29      0.153    33.6605    26.1072 -9.990e-29
 197.696479      0.127  35.606255     8.7193 -9.990e-29      0.126    33.6540    26.1081 -9.990e-29
 197.696481      0.106  35.543504     8.6801 -9.990e-29      0.105    33.6253    26.0917 -9.990e-29
 197.696484      0.090  35.459204     8.6431 -9.990e-29      0.089    33.5718    26.0555 -9.990e-29
 197.696487      0.078  35.346076     8.6105 -9.990e-29      0.077    33.4837    25.9914 -9.990e-29
 197.696490      0.069  35.185579     8.5848 -9.990e-29      0.068    33.3390    25.8820 -9.990e-29
 197.696493      0.063  34.946445     8.5682 -9.990e-29      0.062    33.1029    25.6995 -9.990e-29
 197.696496      0.058  34.572877     8.5624 -9.990e-29      0.058    32.7155    25.3968 -9.990e-29
 197.696499      0.056  33.970654 -9.990e-29 -9.990e-29      0.056 -9.990e-29 -9.990e-29 -9.990e-29
 197.696502      0.055  32.981741 -9.990e-29 -9.990e-29      0.055 -9.990e-29 -9.990e-29 -9.990e-29
