data/oxygen options/ONMS/Olympic_Coast_National_Marine_Sanctuary_CTD_Data_2005_2023/raw_data/2008/SBE19plus/CTD_CA042_090508faed.cnv
* Sea-Bird SBE19plus Data File:
* FileName = C:\2008_Mooring_Data\090508_service\CTD_CA042_090508.hex
* Software Version 1.59
* Temperature SN =  4671
* Conductivity SN =  4671
* System UpLoad Time = Sep 05 2008 12:20:41
* ds
* SeacatPlus V 1.6b  SERIAL NO. 4671    05 Sep 2008  12:20:29
# nquan = 9                                 
# nvalues = 3721                        
# units = specified
# name 0 = timeJ: Julian Days
# name 1 = prdM: Pressure, Strain Gauge [db]
# name 2 = c0mS/cm: Conductivity [mS/cm]
# name 3 = tv290C: Temperature [ITS-90, deg C]
# name 4 = sbeox0ML/L: Oxygen, SBE 43 [ml/l]
# name 5 = depSM: Depth [salt water, m], lat = 47.5
# name 6 = sal00: Salinity, Practical [PSU]
# name 7 = sigma-é00: Density [sigma-theta, kg/m^3]
# name 8 = flag: flag
# span 0 = 249.492859, 249.503623       
# span 1 =      0.031,     39.006       
# span 2 =  -0.072714,  37.023720       
# span 3 =     7.5694,    13.6033       
# span 4 =     2.5926,     6.9013       
# span 5 =      0.031,     38.677       
# span 6 =     0.0000,    33.6729       
# span 7 =    -0.6993,    26.2946       
# span 8 = 0.0000e+00, 0.0000e+00       
# interval = seconds: 0.25
# start_time = Sep 05 2008 11:49:43 [Instrument's time stamp, header]
# bad_flag = -9.990e-29
*END*
[from data line 3361]
 249.502584      9.971  35.163213     8.9169     3.3707      9.888    32.9998    25.5653 -9.990e-29
 249.502587     10.045  35.155177     8.9043     3.3658      9.961    33.0031    25.5698 -9.990e-29
 249.502590     10.108  35.146020     8.8947     3.3561     10.023    33.0025    25.5708 -9.990e-29
 249.502593     10.150  35.137918     8.8897     3.3486     10.065    32.9987    25.5686 -9.990e-29
 249.502595     10.164  35.131543     8.8905     3.3414     10.079    32.9913    25.5626 -9.990e-29
 249.502598     10.150  35.127812     8.8972     3.3373     10.065    32.9811    25.5537 -9.990e-29
 249.502601     10.114  35.127781     8.9087     3.3352     10.029    32.9704    25.5435 -9.990e-29
 249.502604     10.063  35.131866     8.9233     3.3405      9.979    32.9612    25.5340 -9.990e-29
 249.502607     10.008  35.139210     8.9391     3.3451      9.924    32.9542    25.5261 -9.990e-29
 249.502610      9.960  35.148255     8.9535     3.3500      9.877    32.9503    25.5208 -9.990e-29
 249.502613      9.925  35.158092     8.9640     3.3528      9.842    32.9508    25.5195 -9.990e-29
 249.502616      9.910  35.167582     8.9687     3.3539      9.827    32.9563    25.5231 -9.990e-29
 249.502619      9.913  35.174644     8.9664     3.3516      9.830    32.9658    25.5309 -9.990e-29
 249.502622      9.931  35.177969     8.9578     3.3477      9.848    32.9772    25.5412 -9.990e-29
 249.502624      9.955  35.177098     8.9456     3.3409      9.872    32.9876    25.5512 -9.990e-29
 249.502627      9.975  35.171746     8.9338     3.3349      9.892    32.9930    25.5573 -9.990e-29
 249.502630      9.981  35.163344     8.9258     3.3326      9.897    32.9917    25.5575 -9.990e-29
 249.502633      9.968  35.154900     8.9234     3.3340      9.885    32.9851    25.5527 -9.990e-29
 249.502636      9.937  35.148927     8.9262     3.3350      9.854    32.9763    25.5454 -9.990e-29
 249.502639      9.892  35.147092     8.9322     3.3413      9.809    32.9688    25.5386 -9.990e-29
 249.502642      9.843  35.149365     8.9392     3.3483      9.761    32.9647    25.5343 -9.990e-29
 249.502645      9.799  35.153787     8.9454     3.3551      9.717    32.9636    25.5325 -9.990e-29
 249.502648      9.767  35.158587     8.9496     3.3622      9.685    32.9647    25.5327 -9.990e-29
 249.502650      9.754  35.162721     8.9513     3.3658      9.672    32.9675    25.5346 -9.990e-29
 249.502653      9.758  35.165448     8.9501     3.3664      9.676    32.9714    25.5378 -9.990e-29
 249.502656      9.775  35.166530     8.9460     3.3660      9.693    32.9763    25.5423 -9.990e-29
 249.502659      9.798  35.165915     8.9396     3.3649      9.716    32.9816    25.5475 -9.990e-29
 249.502662      9.817  35.163557     8.9335     3.3613      9.735    32.9848    25.5509 -9.990e-29
 249.502665      9.826  35.159478     8.9305     3.3528      9.744    32.9834    25.5502 -9.990e-29
 249.502668      9.823  35.154615     8.9319     3.3403      9.741    32.9770    25.5450 -9.990e-29
 249.502671      9.811  35.151634     8.9366     3.3268      9.729    32.9695    25.5385 -9.990e-29
 249.502674      9.794  35.152530     8.9427     3.3146      9.712    32.9648    25.5338 -9.990e-29
 249.502677      9.778  35.156258     8.9494     3.3040      9.696    32.9625    25.5310 -9.990e-29
 249.502679      9.769  35.160572     8.9560     3.3015      9.687    32.9609    25.5287 -9.990e-29
 249.502682      9.770  35.164585     8.9623     3.3026      9.688    32.9592    25.5264 -9.990e-29
 249.502685      9.781  35.168535     8.9677     3.3136      9.699    32.9583    25.5248 -9.990e-29
 249.502688      9.801  35.172392     8.9713     3.3299      9.719    32.9590    25.5248 -9.990e-29
 249.502691      9.828  35.175698     8.9720     3.3516      9.746    32.9617    25.5268 -9.990e-29
 249.502694      9.859  35.178082     8.9685     3.3718      9.776    32.9675    25.5319 -9.990e-29
 249.502697      9.895  35.179032     8.9611     3.3930      9.812    32.9753    25.5392 -9.990e-29
 249.502700      9.935  35.177524     8.9512     3.4099      9.852    32.9829    25.5467 -9.990e-29
 249.502703      9.980  35.172963     8.9400     3.4201      9.896    32.9885    25.5528 -9.990e-29
 249.502705     10.029  35.166562     8.9281     3.4214      9.945    32.9929    25.5581 -9.990e-29
 249.502708     10.079  35.159808     8.9168     3.4259      9.995    32.9963    25.5625 -9.990e-29
 249.502711     10.121  35.152766     8.9075     3.4215     10.036    32.9976    25.5650 -9.990e-29
 249.502714     10.149  35.145643     8.9019     3.4102     10.064    32.9954    25.5641 -9.990e-29
 249.502717     10.152  35.139519     8.9021     3.4021     10.067    32.9888    25.5589 -9.990e-29
 249.502720     10.126  35.135527     8.9094     3.3950     10.041    32.9779    25.5492 -9.990e-29
 249.502723     10.071  35.134799     8.9245     3.3874      9.987    32.9631    25.5353 -9.990e-29
 249.502726      9.995  35.138452     8.9462     3.3747      9.911    32.9468    25.5192 -9.990e-29
 249.502729      9.908  35.147040     8.9713     3.3697      9.825    32.9325    25.5041 -9.990e-29
 249.502731      9.823  35.160073     8.9948     3.3654      9.741    32.9243    25.4940 -9.990e-29
 249.502734      9.751  35.175951     9.0128     3.3620      9.669    32.9242    25.4911 -9.990e-29
 249.502737      9.701  35.191524     9.0235     3.3643      9.620    32.9305    25.4944 -9.990e-29
 249.502740      9.678  35.203243     9.0275     3.3549      9.597    32.9390    25.5004 -9.990e-29
 249.502743      9.680  35.209611     9.0269     3.3532      9.599    32.9462    25.5061 -9.990e-29
 249.502746      9.704  35.211322     9.0238     3.3467      9.623    32.9508    25.5102 -9.990e-29
 249.502749      9.745  35.210035     9.0191     3.3447      9.663    32.9538    25.5133 -9.990e-29
 249.502752      9.793  35.207637     9.0120     3.3386      9.711    32.9579    25.5176 -9.990e-29
 249.502755      9.842  35.205120     9.0027     3.3371      9.760    32.9639    25.5237 -9.990e-29
 249.502758      9.884  35.201780     8.9936     3.3401      9.801    32.9688    25.5290 -9.990e-29
 249.502760      9.918  35.196381     8.9872     3.3395      9.835    32.9691    25.5303 -9.990e-29
 249.502763      9.943  35.189837     8.9838     3.3486      9.860    32.9655    25.5279 -9.990e-29
 249.502766      9.961  35.185232     8.9820     3.3531      9.878    32.9623    25.5257 -9.990e-29
 249.502769      9.974  35.183613     8.9801     3.3574      9.891    32.9624    25.5261 -9.990e-29
 249.502772      9.983  35.183428     8.9768     3.3597      9.899    32.9653    25.5289 -9.990e-29
 249.502775      9.989  35.183138     8.9721     3.3585      9.905    32.9693    25.5328 -9.990e-29
 249.502778      9.992  35.181726     8.9672     3.3533      9.908    32.9724    25.5359 -9.990e-29
 249.502781      9.993  35.178890     8.9632     3.3473      9.909    32.9731    25.5372 -9.990e-29
 249.502784      9.990  35.175415     8.9600     3.3368      9.906    32.9725    25.5371 -9.990e-29
 249.502786      9.984  35.172805     8.9565     3.3259      9.900    32.9730    25.5381 -9.990e-29
 249.502789      9.975  35.171358     8.9526     3.3160      9.892    32.9752    25.5404 -9.990e-29
 249.502792      9.962  35.169847     8.9496     3.3122      9.879    32.9764    25.5418 -9.990e-29
 249.502795      9.944  35.167644     8.9496     3.3070      9.861    32.9741    25.5400 -9.990e-29
 249.502798      9.923  35.165327     8.9531     3.3096      9.840    32.9684    25.5350 -9.990e-29
 249.502801      9.903  35.164491     8.9587     3.3122      9.820    32.9624    25.5294 -9.990e-29
 249.502804      9.887  35.166503     8.9634     3.3179      9.804    32.9601    25.5269 -9.990e-29
 249.502807      9.879  35.170613     8.9648     3.3234      9.796    32.9631    25.5290 -9.990e-29
 249.502810      9.883  35.174564     8.9612     3.3314      9.800    32.9706    25.5354 -9.990e-29
 249.502813      9.901  35.176295     8.9534     3.3364      9.818    32.9796    25.5437 -9.990e-29
 249.502815      9.931  35.174609     8.9430     3.3405      9.848    32.9875    25.5515 -9.990e-29
 249.502818      9.971  35.169570     8.9314     3.3418      9.888    32.9930    25.5576 -9.990e-29
 249.502821     10.017  35.162656     8.9200     3.3395      9.933    32.9963    25.5620 -9.990e-29
 249.502824     10.062  35.155412     8.9101     3.3350      9.978    32.9980    25.5649 -9.990e-29
 249.502827     10.099  35.148368     8.9030     3.3337     10.014    32.9972    25.5654 -9.990e-29
 249.502830     10.123  35.142040     8.8992     3.3250     10.038    32.9941    25.5636 -9.990e-29
 249.502833     10.130  35.137428     8.8988     3.3189     10.045    32.9897    25.5601 -9.990e-29
 249.502836     10.123  35.135108     8.9013     3.3179     10.038    32.9850    25.5560 -9.990e-29
 249.502839     10.106  35.135002     8.9056     3.3119     10.021    32.9809    25.5522 -9.990e-29
 249.502841     10.083  35.136824     8.9106     3.3116      9.999    32.9781    25.5492 -9.990e-29
 249.502844     10.060  35.139915     8.9155     3.3136      9.976    32.9768    25.5474 -9.990e-29
 249.502847     10.041  35.143289     8.9200     3.3156      9.957    32.9761    25.5462 -9.990e-29
 249.502850     10.027  35.146364     8.9243     3.3169      9.943    32.9754    25.5450 -9.990e-29
 249.502853     10.020  35.148986     8.9282     3.3236      9.936    32.9745    25.5437 -9.990e-29
 249.502856     10.021  35.151346     8.9310     3.3263      9.937    32.9743    25.5431 -9.990e-29
 249.502859     10.031  35.153678     8.9311     3.3308      9.947    32.9767    25.5449 -9.990e-29
 249.502862     10.048  35.155636     8.9275     3.3321      9.964    32.9820    25.5497 -9.990e-29
 249.502865     10.070  35.156290     8.9210     3.3330      9.986    32.9888    25.5560 -9.990e-29
 249.502867     10.093  35.154479     8.9136     3.3323     10.009    32.9937    25.5610 -9.990e-29
 249.502870     10.113  35.149973     8.9074     3.3293     10.028    32.9948    25.5628 -9.990e-29
 249.502873     10.128  35.144460     8.9033     3.3275     10.043    32.9928    25.5619 -9.990e-29
 249.502876     10.137  35.140122     8.9015     3.3241     10.052    32.9900    25.5599 -9.990e-29
 249.502879     10.139  35.137711     8.9015     3.3184     10.054    32.9875    25.5580 -9.990e-29
 249.502882     10.135  35.136877     8.9032     3.3167     10.050    32.9850    25.5558 -9.990e-29
 249.502885     10.127  35.137168     8.9063     3.3162     10.042    32.9825    25.5533 -9.990e-29
 249.502888     10.115  35.138318     8.9104     3.3159     10.030    32.9798    25.5506 -9.990e-29
 249.502891     10.104  35.140316     8.9146     3.3183     10.019    32.9780    25.5486 -9.990e-29
 249.502894     10.098  35.142983     8.9184     3.3193     10.013    32.9773    25.5474 -9.990e-29
 249.502896     10.099  35.145750     8.9211     3.3252     10.014    32.9777    25.5473 -9.990e-29
 249.502899     10.108  35.148161     8.9223     3.3240     10.023    32.9791    25.5482 -9.990e-29
 249.502902     10.125  35.149954     8.9219     3.3239     10.040    32.9813    25.5500 -9.990e-29
 249.502905     10.148  35.150770     8.9201     3.3213     10.063    32.9838    25.5522 -9.990e-29
 249.502908     10.172  35.150453     8.9170     3.3195     10.087    32.9863    25.5547 -9.990e-29
 249.502911     10.192  35.149276     8.9132     3.3146     10.107    32.9886    25.5571 -9.990e-29
 249.502914     10.204  35.147391     8.9102     3.3132     10.119    32.9895    25.5582 -9.990e-29
 249.502917     10.205  35.144822     8.9089     3.3112     10.120    32.9880    25.5572 -9.990e-29
 249.502920     10.195  35.142360     8.9091     3.3099     10.110    32.9852    25.5550 -9.990e-29
 249.502922     10.177  35.141285     8.9100     3.3107     10.092    32.9833    25.5534 -9.990e-29
 249.502925     10.152  35.141845     8.9109     3.3097     10.067    32.9830    25.5530 -9.990e-29
 249.502928     10.126  35.142930     8.9116     3.3143     10.041    32.9835    25.5533 -9.990e-29
 249.502931     10.101  35.143636     8.9121     3.3158     10.016    32.9838    25.5535 -9.990e-29
 249.502934     10.082  35.144019     8.9124     3.3155      9.998    32.9840    25.5535 -9.990e-29
 249.502937     10.071  35.144290     8.9122     3.3173      9.987    32.9844    25.5539 -9.990e-29
 249.502940     10.068  35.144460     8.9109     3.3178      9.984    32.9858    25.5552 -9.990e-29
 249.502943     10.070  35.144452     8.9083     3.3150      9.986    32.9882    25.5575 -9.990e-29
 249.502946     10.074  35.143903     8.9049     3.3107      9.990    32.9908    25.5601 -9.990e-29
 249.502948     10.077  35.142316     8.9021     3.3055      9.993    32.9917    25.5612 -9.990e-29
 249.502951     10.074  35.139859     8.9010     3.3014      9.990    32.9902    25.5602 -9.990e-29
 249.502954     10.064  35.137567     8.9019     3.2988      9.980    32.9870    25.5575 -9.990e-29
 249.502957     10.047  35.136491     8.9045     3.2989      9.963    32.9835    25.5544 -9.990e-29
 249.502960     10.027  35.137029     8.9077     3.2999      9.943    32.9811    25.5520 -9.990e-29
 249.502963     10.010  35.138910     8.9102     3.3055      9.926    32.9807    25.5513 -9.990e-29
 249.502966     10.003  35.141291     8.9113     3.3099      9.919    32.9822    25.5523 -9.990e-29
 249.502969     10.008  35.143205     8.9107     3.3186      9.924    32.9847    25.5544 -9.990e-29
 249.502972     10.028  35.144112     8.9084     3.3256      9.944    32.9878    25.5572 -9.990e-29
 249.502975     10.061  35.143753     8.9051     3.3360      9.977    32.9905    25.5598 -9.990e-29
 249.502977     10.104  35.142223     8.9010     3.3426     10.019    32.9927    25.5621 -9.990e-29
 249.502980     10.153  35.140065     8.8964     3.3500     10.068    32.9947    25.5644 -9.990e-29
 249.502983     10.201  35.137543     8.8917     3.3535     10.116    32.9964    25.5665 -9.990e-29
 249.502986     10.245  35.134663     8.8874     3.3551     10.159    32.9974    25.5679 -9.990e-29
 249.502989     10.277  35.131616     8.8843     3.3537     10.191    32.9970    25.5681 -9.990e-29
 249.502992     10.296  35.128658     8.8831     3.3464     10.210    32.9951    25.5668 -9.990e-29
 249.502995     10.297  35.126293     8.8842     3.3350     10.211    32.9916    25.5639 -9.990e-29
 249.502998     10.283  35.125169     8.8882     3.3251     10.197    32.9867    25.5594 -9.990e-29
 249.503001     10.254  35.125678     8.8948     3.3177     10.168    32.9811    25.5540 -9.990e-29
 249.503003     10.214  35.127952     8.9038     3.3102     10.129    32.9751    25.5480 -9.990e-29
 249.503006     10.169  35.131973     8.9146     3.3067     10.084    32.9693    25.5417 -9.990e-29
 249.503009     10.126  35.137434     8.9259     3.3050     10.041    32.9645    25.5362 -9.990e-29
 249.503012     10.092  35.143974     8.9356     3.3061     10.008    32.9624    25.5330 -9.990e-29
 249.503015     10.074  35.151138     8.9424     3.3113      9.990    32.9635    25.5329 -9.990e-29
 249.503018     10.073  35.157611     8.9460     3.3131      9.989    32.9669    25.5350 -9.990e-29
 249.503021     10.091  35.161908     8.9465     3.3230     10.007    32.9709    25.5380 -9.990e-29
 249.503024     10.124  35.163943     8.9441     3.3279     10.039    32.9753    25.5418 -9.990e-29
 249.503027     10.167  35.164273     8.9390     3.3392     10.082    32.9803    25.5465 -9.990e-29
 249.503030     10.216  35.162925     8.9316     3.3520     10.130    32.9858    25.5520 -9.990e-29
 249.503032     10.262  35.159977     8.9226     3.3632     10.176    32.9910    25.5575 -9.990e-29
 249.503035     10.301  35.155584     8.9133     3.3704     10.215    32.9951    25.5621 -9.990e-29
 249.503038     10.328  35.149998     8.9057     3.3783     10.242    32.9963    25.5642 -9.990e-29
 249.503041     10.342  35.143972     8.9012     3.3801     10.255    32.9942    25.5633 -9.990e-29
