data/oxygen options/ONMS/Olympic_Coast_National_Marine_Sanctuary_CTD_Data_2005_2023/raw_data/2008/SBE19plus/CTD_TH065_071608faed.cnv
* Sea-Bird SBE19plus Data File:
* FileName = C:\2008_Mooring_Data\071408_sevice\CTD_TH065_071608.hex
* Software Version 1.59
* Temperature SN =  4671
* Conductivity SN =  4671
* System UpLoad Time = Jul 16 2008 11:04:38
* ds
* SeacatPlus V 1.6b  SERIAL NO. 4671    16 Jul 2008  11:04:17
# nquan = 9                                 
# nvalues = 3874                        
# units = specified
# name 0 = timeJ: Julian Days
# name 1 = prdM: Pressure, Strain Gauge [db]
# name 2 = c0mS/cm: Conductivity [mS/cm]
# name 3 = tv290C: Temperature [ITS-90, deg C]
# name 4 = sbeox0ML/L: Oxygen, SBE 43 [ml/l]
# name 5 = depSM: Depth [salt water, m], lat = 47.5
# name 6 = sal00: Salinity, Practical [PSU]
# name 7 = sigma-é00: Density [sigma-theta, kg/m^3]
# name 8 = flag: flag
# span 0 = 198.441493, 198.452700       
# span 1 =      0.032,     66.163       
# span 2 =   0.145496,  36.908890       
# span 3 =     6.6807,    12.2482       
# span 4 =     1.5811,     7.6190       
# span 5 =      0.032,     65.600       
# span 6 =     0.0922,    33.9434       
# span 7 =    -0.4566,    26.6298       
# span 8 = 0.0000e+00, 0.0000e+00       
# interval = seconds: 0.25
# start_time = Jul 16 2008 10:35:45 [Instrument's time stamp, header]
# bad_flag = -9.990e-29
*END*
[from data line 1761]
 198.446589     31.124  34.091370     7.0054     2.0133     30.862    33.6668    26.3682 -9.990e-29
 198.446591     31.038  34.093201     7.0082     2.0061     30.777    33.6661    26.3673 -9.990e-29
 198.446594     30.941  34.094723     7.0096     1.9977     30.680    33.6665    26.3674 -9.990e-29
 198.446597     30.839  34.095469     7.0105     1.9890     30.579    33.6665    26.3673 -9.990e-29
 198.446600     30.738  34.095572     7.0116     1.9888     30.479    33.6655    26.3664 -9.990e-29
 198.446603     30.648  34.095597     7.0131     1.9836     30.390    33.6642    26.3651 -9.990e-29
 198.446606     30.574  34.095870     7.0148     1.9929     30.317    33.6628    26.3638 -9.990e-29
 198.446609     30.524  34.096358     7.0165     1.9898     30.267    33.6617    26.3627 -9.990e-29
 198.446612     30.502  34.096909     7.0177     1.9974     30.245    33.6612    26.3621 -9.990e-29
 198.446615     30.508  34.097391     7.0182     2.0022     30.251    33.6612    26.3621 -9.990e-29
 198.446617     30.543  34.097760     7.0180     2.0066     30.286    33.6618    26.3626 -9.990e-29
 198.446620     30.600  34.097926     7.0171     2.0086     30.342    33.6628    26.3635 -9.990e-29
 198.446623     30.675  34.097831     7.0154     2.0075     30.417    33.6643    26.3649 -9.990e-29
 198.446626     30.760  34.097598     7.0125     2.0094     30.501    33.6669    26.3673 -9.990e-29
 198.446629     30.844  34.097249     7.0087     2.0062     30.584    33.6702    26.3704 -9.990e-29
 198.446632     30.919  34.096584     7.0049     2.0087     30.659    33.6731    26.3733 -9.990e-29
 198.446635     30.975  34.095465     7.0027     2.0080     30.714    33.6740    26.3743 -9.990e-29
 198.446638     31.008  34.094125     7.0030     2.0089     30.747    33.6722    26.3728 -9.990e-29
 198.446641     31.021  34.093170     7.0053     2.0083     30.760    33.6689    26.3699 -9.990e-29
 198.446644     31.020  34.093162     7.0086     2.0048     30.759    33.6657    26.3669 -9.990e-29
 198.446646     31.013  34.094100     7.0119     2.0055     30.752    33.6635    26.3648 -9.990e-29
 198.446649     31.007  34.095400     7.0145     2.0052     30.746    33.6624    26.3635 -9.990e-29
 198.446652     31.004  34.096535     7.0161     2.0034     30.743    33.6621    26.3630 -9.990e-29
 198.446655     31.002  34.097337     7.0164     2.0035     30.741    33.6627    26.3635 -9.990e-29
 198.446658     30.998  34.097783     7.0158     2.0024     30.737    33.6637    26.3644 -9.990e-29
 198.446661     30.991  34.097817     7.0153     2.0034     30.730    33.6643    26.3649 -9.990e-29
 198.446664     30.978  34.097468     7.0153     2.0051     30.717    33.6639    26.3646 -9.990e-29
 198.446667     30.961  34.097115     7.0157     2.0100     30.700    33.6631    26.3639 -9.990e-29
 198.446670     30.944  34.097133     7.0160     2.0118     30.683    33.6629    26.3637 -9.990e-29
 198.446672     30.929  34.097403     7.0160     2.0167     30.669    33.6632    26.3639 -9.990e-29
 198.446675     30.916  34.097634     7.0158     2.0190     30.656    33.6636    26.3643 -9.990e-29
 198.446678     30.905  34.097738     7.0155     2.0200     30.645    33.6640    26.3647 -9.990e-29
 198.446681     30.894  34.097720     7.0152     2.0190     30.634    33.6643    26.3649 -9.990e-29
 198.446684     30.880  34.097638     7.0151     2.0186     30.620    33.6643    26.3650 -9.990e-29
 198.446687     30.862  34.097552     7.0152     2.0114     30.602    33.6641    26.3648 -9.990e-29
 198.446690     30.838  34.097485     7.0156     2.0035     30.578    33.6637    26.3644 -9.990e-29
 198.446693     30.808  34.097505     7.0165     1.9954     30.549    33.6628    26.3636 -9.990e-29
 198.446696     30.774  34.097680     7.0176     1.9890     30.515    33.6620    26.3628 -9.990e-29
 198.446698     30.738  34.097993     7.0189     1.9874     30.479    33.6611    26.3619 -9.990e-29
 198.446701     30.705  34.098359     7.0203     1.9876     30.446    33.6601    26.3609 -9.990e-29
 198.446704     30.680  34.098725     7.0215     1.9902     30.422    33.6593    26.3602 -9.990e-29
 198.446707     30.669  34.099125     7.0222     1.9958     30.411    33.6591    26.3599 -9.990e-29
 198.446710     30.678  34.099518     7.0223     2.0020     30.420    33.6594    26.3601 -9.990e-29
 198.446713     30.708  34.099777     7.0216     2.0023     30.449    33.6604    26.3610 -9.990e-29
 198.446716     30.757  34.099820     7.0201     2.0040     30.498    33.6619    26.3624 -9.990e-29
 198.446719     30.819  34.099635     7.0176     1.9945     30.560    33.6641    26.3644 -9.990e-29
 198.446722     30.888  34.099236     7.0142     1.9892     30.628    33.6669    26.3671 -9.990e-29
 198.446725     30.956  34.098603     7.0101     1.9719     30.695    33.6702    26.3703 -9.990e-29
 198.446727     31.014  34.097674     7.0065     1.9550     30.753    33.6727    26.3727 -9.990e-29
 198.446730     31.057  34.096372     7.0047     1.9375     30.795    33.6730    26.3732 -9.990e-29
 198.446733     31.083  34.094932     7.0052     1.9308     30.821    33.6709    26.3715 -9.990e-29
 198.446736     31.095  34.094018     7.0075     1.9259     30.833    33.6677    26.3686 -9.990e-29
 198.446739     31.099  34.094146     7.0103     1.9303     30.837    33.6651    26.3662 -9.990e-29
 198.446742     31.101  34.095133     7.0127     1.9391     30.839    33.6638    26.3649 -9.990e-29
 198.446745     31.109  34.096283     7.0138     1.9569     30.847    33.6640    26.3649 -9.990e-29
 198.446748     31.128  34.097136     7.0133     1.9756     30.866    33.6654    26.3661 -9.990e-29
 198.446751     31.160  34.097599     7.0103     1.9936     30.898    33.6688    26.3692 -9.990e-29
 198.446753     31.203  34.097600     7.0046     2.0089     30.940    33.6744    26.3743 -9.990e-29
 198.446756     31.251  34.096971     6.9969     2.0241     30.988    33.6812    26.3807 -9.990e-29
 198.446759     31.297  34.095440     6.9887     2.0174     31.033    33.6875    26.3868 -9.990e-29
 198.446762     31.331  34.093070     6.9816     2.0286     31.067    33.6919    26.3912 -9.990e-29
 198.446765     31.342  34.090553     6.9768     2.0206     31.078    33.6938    26.3934 -9.990e-29
 198.446768     31.324  34.088558     6.9756     2.0230     31.060    33.6928    26.3928 -9.990e-29
 198.446771     31.271  34.087340     6.9783     2.0204     31.008    33.6889    26.3893 -9.990e-29
 198.446774     31.186  34.087021     6.9843     2.0170     30.923    33.6827    26.3836 -9.990e-29
 198.446777     31.071  34.087686     6.9923     2.0066     30.809    33.6756    26.3770 -9.990e-29
 198.446780     30.936  34.089212     7.0005     2.0064     30.676    33.6693    26.3709 -9.990e-29
 198.446782     30.792  34.091213     7.0078     1.9986     30.533    33.6645    26.3661 -9.990e-29
 198.446785     30.652  34.093309     7.0135     1.9898     30.394    33.6613    26.3628 -9.990e-29
 198.446788     30.528  34.095190     7.0176     1.9794     30.271    33.6594    26.3607 0.0000e+00
 198.446791     30.433  34.096607     7.0199     1.9638     30.177    33.6587    26.3599 -9.990e-29
 198.446794     30.371  34.097557     7.0204     1.9525     30.115    33.6593    26.3603 -9.990e-29
 198.446797     30.345  34.098127     7.0195     1.9472     30.090    33.6608    26.3616 -9.990e-29
 198.446800     30.353  34.098279     7.0182     1.9411     30.097    33.6622    26.3629 -9.990e-29
 198.446803     30.391  34.098010     7.0170     1.9415     30.135    33.6631    26.3637 -9.990e-29
 198.446806     30.455  34.097547     7.0159     1.9451     30.199    33.6636    26.3643 -9.990e-29
 198.446808     30.539  34.097188     7.0143     1.9528     30.282    33.6648    26.3654 -9.990e-29
 198.446811     30.636  34.097003     7.0116     1.9641     30.378    33.6672    26.3677 -9.990e-29
 198.446814     30.740  34.096750     7.0081     1.9760     30.481    33.6703    26.3706 -9.990e-29
 198.446817     30.844  34.096191     7.0038     1.9873     30.584    33.6738    26.3740 -9.990e-29
 198.446820     30.944  34.095283     6.9990     1.9939     30.683    33.6775    26.3775 -9.990e-29
 198.446823     31.035  34.094064     6.9939     2.0021     30.774    33.6811    26.3810 -9.990e-29
 198.446826     31.114  34.092662     6.9889     2.0047     30.852    33.6844    26.3843 -9.990e-29
 198.446829     31.176  34.091188     6.9846     2.0078     30.913    33.6870    26.3869 -9.990e-29
 198.446832     31.216  34.089697     6.9817     2.0113     30.953    33.6881    26.3883 -9.990e-29
 198.446834     31.231  34.088373     6.9812     2.0065     30.968    33.6872    26.3876 -9.990e-29
 198.446837     31.218  34.087504     6.9838     2.0108     30.955    33.6837    26.3845 -9.990e-29
 198.446840     31.178  34.087345     6.9890     2.0023     30.915    33.6784    26.3796 -9.990e-29
 198.446843     31.112  34.088063     6.9950     1.9975     30.850    33.6734    26.3748 -9.990e-29
 198.446846     31.029  34.089635     7.0000     1.9897     30.768    33.6702    26.3717 -9.990e-29
 198.446849     30.934  34.091586     7.0033     1.9836     30.674    33.6692    26.3704 -9.990e-29
 198.446852     30.838  34.093158     7.0053     1.9786     30.578    33.6690    26.3700 -9.990e-29
 198.446855     30.750  34.094006     7.0067     1.9756     30.491    33.6686    26.3695 -9.990e-29
 198.446858     30.677  34.094358     7.0079     1.9755     30.419    33.6679    26.3687 -9.990e-29
 198.446861     30.626  34.094624     7.0089     1.9760     30.368    33.6672    26.3681 -9.990e-29
 198.446863     30.600  34.094982     7.0096     1.9806     30.342    33.6669    26.3678 -9.990e-29
 198.446866     30.600  34.095357     7.0103     1.9838     30.342    33.6667    26.3674 -9.990e-29
 198.446869     30.622  34.095637     7.0108     1.9889     30.364    33.6665    26.3672 -9.990e-29
 198.446872     30.663  34.095788     7.0107     1.9888     30.405    33.6667    26.3674 -9.990e-29
 198.446875     30.716  34.095938     7.0093     1.9886     30.457    33.6682    26.3688 -9.990e-29
 198.446878     30.774  34.096064     7.0067     1.9882     30.515    33.6709    26.3713 -9.990e-29
 198.446881     30.831  34.095854     7.0033     1.9860     30.571    33.6739    26.3741 -9.990e-29
 198.446884     30.880  34.095059     7.0005     1.9828     30.620    33.6758    26.3760 -9.990e-29
 198.446887     30.917  34.093830     6.9992     1.9764     30.657    33.6757    26.3761 -9.990e-29
 198.446889     30.944  34.092676     6.9996     1.9726     30.683    33.6740    26.3747 -9.990e-29
 198.446892     30.960  34.092080     7.0014     1.9688     30.699    33.6716    26.3725 -9.990e-29
 198.446895     30.971  34.092268     7.0037     1.9659     30.710    33.6695    26.3706 -9.990e-29
 198.446898     30.978  34.093051     7.0060     1.9676     30.717    33.6681    26.3692 -9.990e-29
 198.446901     30.983  34.094016     7.0078     1.9666     30.722    33.6674    26.3684 -9.990e-29
 198.446904     30.988  34.094867     7.0087     1.9719     30.727    33.6675    26.3683 -9.990e-29
 198.446907     30.992  34.095470     7.0084     1.9745     30.731    33.6684    26.3691 -9.990e-29
 198.446910     30.997  34.095773     7.0067     1.9753     30.736    33.6704    26.3709 -9.990e-29
 198.446913     31.001  34.095703     7.0039     1.9765     30.740    33.6731    26.3734 -9.990e-29
 198.446916     31.004  34.095196     7.0007     1.9728     30.743    33.6757    26.3759 -9.990e-29
 198.446918     31.006  34.094230     6.9979     1.9683     30.745    33.6774    26.3776 -9.990e-29
 198.446921     31.006  34.093017     6.9958     1.9564     30.745    33.6781    26.3784 -9.990e-29
 198.446924     31.005  34.091982     6.9946     1.9470     30.744    33.6781    26.3786 -9.990e-29
 198.446927     31.004  34.091296     6.9941     1.9385     30.743    33.6779    26.3785 -9.990e-29
 198.446930     31.002  34.090923     6.9942     1.9301     30.741    33.6773    26.3781 -9.990e-29
 198.446933     31.000  34.090786     6.9949     1.9247     30.739    33.6765    26.3773 -9.990e-29
 198.446936     30.999  34.090810     6.9961     1.9292     30.738    33.6754    26.3762 -9.990e-29
 198.446939     30.998  34.091041     6.9975     1.9337     30.737    33.6742    26.3752 -9.990e-29
 198.446942     31.002  34.091452     6.9986     1.9446     30.741    33.6736    26.3745 -9.990e-29
 198.446944     31.012  34.091921     6.9989     1.9541     30.751    33.6738    26.3747 -9.990e-29
 198.446947     31.032  34.092358     6.9978     1.9637     30.771    33.6754    26.3760 -9.990e-29
 198.446950     31.061  34.092583     6.9951     1.9730     30.799    33.6783    26.3787 -9.990e-29
 198.446953     31.097  34.092359     6.9908     1.9784     30.835    33.6822    26.3824 -9.990e-29
 198.446956     31.137  34.091564     6.9854     1.9802     30.875    33.6866    26.3866 -9.990e-29
 198.446959     31.173  34.090282     6.9801     1.9789     30.910    33.6904    26.3902 -9.990e-29
 198.446962     31.197  34.088766     6.9760     1.9795     30.934    33.6927    26.3926 -9.990e-29
 198.446965     31.204  34.087292     6.9739     1.9801     30.941    33.6931    26.3933 -9.990e-29
 198.446968     31.192  34.086146     6.9745     1.9754     30.929    33.6913    26.3917 -9.990e-29
 198.446970     31.162  34.085578     6.9775     1.9760     30.900    33.6878    26.3885 -9.990e-29
 198.446973     31.119  34.085713     6.9821     1.9707     30.857    33.6834    26.3845 -9.990e-29
 198.446976     31.070  34.086523     6.9872     1.9701     30.808    33.6793    26.3806 -9.990e-29
 198.446979     31.021  34.087777     6.9917     1.9710     30.760    33.6763    26.3776 -9.990e-29
 198.446982     30.978  34.089192     6.9949     1.9670     30.717    33.6748    26.3759 -9.990e-29
 198.446985     30.945  34.090508     6.9964     1.9617     30.684    33.6748    26.3757 -9.990e-29
 198.446988     30.922  34.091435     6.9967     1.9569     30.662    33.6755    26.3763 -9.990e-29
 198.446991     30.909  34.091813     6.9966     1.9562     30.649    33.6760    26.3767 -9.990e-29
 198.446994     30.905  34.091723     6.9965     1.9504     30.645    33.6760    26.3767 -9.990e-29
 198.446997     30.909  34.091467     6.9964     1.9481     30.649    33.6758    26.3766 -9.990e-29
 198.446999     30.920  34.091295     6.9964     1.9450     30.660    33.6756    26.3764 -9.990e-29
 198.447002     30.938  34.091202     6.9963     1.9417     30.677    33.6756    26.3764 -9.990e-29
 198.447005     30.963  34.091100     6.9959     1.9374     30.702    33.6759    26.3767 -9.990e-29
 198.447008     30.994  34.090962     6.9949     1.9309     30.733    33.6767    26.3775 -9.990e-29
 198.447011     31.029  34.090791     6.9933     1.9193     30.768    33.6781    26.3788 -9.990e-29
 198.447014     31.068  34.090516     6.9913     1.9108     30.806    33.6797    26.3803 -9.990e-29
 198.447017     31.108  34.090046     6.9893     1.9019     30.846    33.6811    26.3817 -9.990e-29
 198.447020     31.148  34.089471     6.9872     1.8964     30.886    33.6825    26.3831 -9.990e-29
 198.447023     31.187  34.088940     6.9851     1.8978     30.924    33.6840    26.3845 -9.990e-29
 198.447025     31.222  34.088418     6.9832     1.9036     30.959    33.6853    26.3858 -9.990e-29
 198.447028     31.254  34.087829     6.9816     1.9198     30.991    33.6862    26.3867 -9.990e-29
 198.447031     31.282  34.087248     6.9804     1.9346     31.019    33.6867    26.3873 -9.990e-29
 198.447034     31.311  34.086839     6.9793     1.9502     31.047    33.6873    26.3879 -9.990e-29
 198.447037     31.341  34.086637     6.9781     1.9615     31.077    33.6882    26.3888 -9.990e-29
 198.447040     31.376  34.086551     6.9761     1.9745     31.112    33.6901    26.3906 -9.990e-29
 198.447043     31.414  34.086472     6.9728     1.9819     31.149    33.6932    26.3935 -9.990e-29
 198.447046     31.449  34.086294     6.9688     1.9824     31.184    33.6969    26.3969 -9.990e-29
