data/oxygen options/ONMS/Olympic_Coast_National_Marine_Sanctuary_CTD_Data_2005_2023/raw_data/2008/SBE19plus/CTD_CA065_090508faed.cnv
* Sea-Bird SBE19plus Data File:
* FileName = C:\2008_Mooring_Data\090508_service\CTD_CA065_090508.hex
* Software Version 1.59
* Temperature SN =  4671
* Conductivity SN =  4671
* System UpLoad Time = Sep 05 2008 10:45:59
* ds
* SeacatPlus V 1.6b  SERIAL NO. 4671    05 Sep 2008  10:45:43
# nquan = 9                                 
# nvalues = 4668                        
# units = specified
# name 0 = timeJ: Julian Days
# name 1 = prdM: Pressure, Strain Gauge [db]
# name 2 = c0mS/cm: Conductivity [mS/cm]
# name 3 = tv290C: Temperature [ITS-90, deg C]
# name 4 = sbeox0ML/L: Oxygen, SBE 43 [ml/l]
# name 5 = depSM: Depth [salt water, m], lat = 47.5
# name 6 = sal00: Salinity, Practical [PSU]
# name 7 = sigma-é00: Density [sigma-theta, kg/m^3]
# name 8 = flag: flag
# span 0 = 249.428056, 249.441560       
# span 1 =      0.011,     57.205       
# span 2 =   0.135345,  38.398035       
# span 3 =     7.3577,    14.2313       
# span 4 =     1.8247,     6.9704       
# span 5 =      0.011,     56.720       
# span 6 =     0.0824,    33.8705       
# span 7 =    -0.7133,    26.4783       
# span 8 = 0.0000e+00, 0.0000e+00       
# interval = seconds: 0.25
# start_time = Sep 05 2008 10:16:24 [Instrument's time stamp, header]
# bad_flag = -9.990e-29
*END*
[from data line 2081]
 249.434077     54.603  34.598247     7.3581     1.8533     54.140    33.8638    26.4748 -9.990e-29
 249.434080     54.598  34.598137     7.3580     1.8537     54.135    33.8638    26.4748 -9.990e-29
 249.434083     54.593  34.597993     7.3580     1.8563     54.130    33.8636    26.4747 -9.990e-29
 249.434086     54.588  34.597881     7.3580     1.8573     54.125    33.8635    26.4746 -9.990e-29
 249.434089     54.584  34.597853     7.3581     1.8586     54.121    33.8634    26.4745 -9.990e-29
 249.434091     54.583  34.597928     7.3582     1.8600     54.120    33.8634    26.4745 -9.990e-29
 249.434094     54.586  34.598041     7.3582     1.8613     54.123    33.8635    26.4746 -9.990e-29
 249.434097     54.595  34.598139     7.3583     1.8585     54.132    33.8635    26.4745 -9.990e-29
 249.434100     54.609  34.598183     7.3583     1.8573     54.146    33.8636    26.4746 -9.990e-29
 249.434103     54.628  34.598163     7.3585     1.8579     54.165    33.8633    26.4744 -9.990e-29
 249.434106     54.653  34.598151     7.3587     1.8542     54.190    33.8631    26.4742 -9.990e-29
 249.434109     54.687  34.598206     7.3590     1.8537     54.223    33.8629    26.4739 -9.990e-29
 249.434112     54.733  34.598301     7.3593     1.8484     54.269    33.8626    26.4737 -9.990e-29
 249.434115     54.790  34.598378     7.3596     1.8498     54.326    33.8624    26.4735 -9.990e-29
 249.434117     54.855  34.598414     7.3598     1.8486     54.390    33.8622    26.4733 -9.990e-29
 249.434120     54.923  34.598419     7.3600     1.8492     54.457    33.8620    26.4731 -9.990e-29
 249.434123     54.986  34.598414     7.3601     1.8502     54.520    33.8619    26.4730 -9.990e-29
 249.434126     55.039  34.598441     7.3603     1.8499     54.572    33.8617    26.4728 -9.990e-29
 249.434129     55.075  34.598511     7.3604     1.8526     54.608    33.8616    26.4728 -9.990e-29
 249.434132     55.090  34.598599     7.3606     1.8553     54.623    33.8615    26.4727 -9.990e-29
 249.434135     55.086  34.598684     7.3607     1.8532     54.619    33.8615    26.4726 -9.990e-29
 249.434138     55.065  34.598769     7.3607     1.8538     54.598    33.8616    26.4727 -9.990e-29
 249.434141     55.036  34.598878     7.3608     1.8563     54.569    33.8617    26.4727 -9.990e-29
 249.434144     55.004  34.598974     7.3608     1.8554     54.538    33.8618    26.4728 -9.990e-29
 249.434146     54.978  34.599001     7.3608     1.8569     54.512    33.8618    26.4729 -9.990e-29
 249.434149     54.962  34.598969     7.3607     1.8578     54.496    33.8619    26.4729 -9.990e-29
 249.434152     54.959  34.598915     7.3605     1.8564     54.493    33.8620    26.4731 -9.990e-29
 249.434155     54.965  34.598842     7.3603     1.8582     54.499    33.8621    26.4732 -9.990e-29
 249.434158     54.976  34.598733     7.3601     1.8580     54.510    33.8622    26.4733 -9.990e-29
 249.434161     54.985  34.598622     7.3601     1.8578     54.519    33.8621    26.4732 -9.990e-29
 249.434164     54.985  34.598563     7.3601     1.8569     54.519    33.8620    26.4731 -9.990e-29
 249.434167     54.970  34.598559     7.3602     1.8557     54.504    33.8619    26.4730 -9.990e-29
 249.434170     54.939  34.598609     7.3603     1.8550     54.473    33.8619    26.4730 -9.990e-29
 249.434172     54.893  34.598684     7.3604     1.8566     54.428    33.8619    26.4730 -9.990e-29
 249.434175     54.838  34.598739     7.3605     1.8561     54.373    33.8619    26.4730 -9.990e-29
 249.434178     54.784  34.598769     7.3606     1.8556     54.320    33.8619    26.4729 -9.990e-29
 249.434181     54.739  34.598782     7.3606     1.8553     54.275    33.8619    26.4729 -9.990e-29
 249.434184     54.711  34.598762     7.3606     1.8575     54.247    33.8619    26.4729 -9.990e-29
 249.434187     54.703  34.598704     7.3606     1.8578     54.239    33.8618    26.4729 -9.990e-29
 249.434190     54.716  34.598652     7.3607     1.8597     54.252    33.8617    26.4727 -9.990e-29
 249.434193     54.748  34.598612     7.3607     1.8601     54.284    33.8616    26.4727 -9.990e-29
 249.434196     54.793  34.598554     7.3608     1.8579     54.328    33.8614    26.4725 -9.990e-29
 249.434198     54.846  34.598506     7.3609     1.8604     54.381    33.8612    26.4724 -9.990e-29
 249.434201     54.902  34.598523     7.3610     1.8569     54.437    33.8611    26.4723 -9.990e-29
 249.434204     54.956  34.598609     7.3612     1.8580     54.490    33.8610    26.4722 -9.990e-29
 249.434207     55.002  34.598719     7.3613     1.8556     54.536    33.8610    26.4722 -9.990e-29
 249.434210     55.037  34.598819     7.3614     1.8535     54.570    33.8610    26.4721 -9.990e-29
 249.434213     55.056  34.598917     7.3616     1.8552     54.589    33.8609    26.4720 -9.990e-29
 249.434216     55.059  34.599037     7.3617     1.8525     54.592    33.8609    26.4720 -9.990e-29
 249.434219     55.049  34.599191     7.3618     1.8549     54.582    33.8610    26.4721 -9.990e-29
 249.434222     55.030  34.599337     7.3618     1.8546     54.563    33.8612    26.4722 -9.990e-29
 249.434225     55.005  34.599408     7.3617     1.8576     54.539    33.8614    26.4724 -9.990e-29
 249.434227     54.980  34.599397     7.3616     1.8561     54.514    33.8615    26.4725 -9.990e-29
 249.434230     54.955  34.599341     7.3615     1.8556     54.489    33.8615    26.4725 -9.990e-29
 249.434233     54.932  34.599270     7.3614     1.8587     54.466    33.8615    26.4726 -9.990e-29
 249.434236     54.909  34.599188     7.3613     1.8560     54.443    33.8616    26.4726 -9.990e-29
 249.434239     54.885  34.599074     7.3613     1.8574     54.420    33.8615    26.4725 -9.990e-29
 249.434242     54.863  34.598960     7.3614     1.8532     54.398    33.8612    26.4723 -9.990e-29
 249.434245     54.844  34.598901     7.3614     1.8538     54.379    33.8612    26.4723 -9.990e-29
 249.434248     54.831  34.598881     7.3615     1.8511     54.366    33.8611    26.4722 -9.990e-29
 249.434251     54.824  34.598873     7.3616     1.8484     54.359    33.8610    26.4721 -9.990e-29
 249.434253     54.825  34.598897     7.3617     1.8466     54.360    33.8609    26.4720 -9.990e-29
 249.434256     54.832  34.598979     7.3617     1.8438     54.367    33.8610    26.4721 -9.990e-29
 249.434259     54.846  34.599076     7.3617     1.8442     54.381    33.8611    26.4722 -9.990e-29
 249.434262     54.868  34.599131     7.3616     1.8415     54.403    33.8612    26.4723 -9.990e-29
 249.434265     54.898  34.599163     7.3613     1.8445     54.433    33.8615    26.4726 -9.990e-29
 249.434268     54.938  34.599180     7.3609     1.8426     54.472    33.8619    26.4729 -9.990e-29
 249.434271     54.988  34.599120     7.3604     1.8448     54.522    33.8623    26.4733 -9.990e-29
 249.434274     55.045  34.598921     7.3600     1.8427     54.578    33.8625    26.4735 -9.990e-29
 249.434277     55.107  34.598638     7.3596     1.8458     54.640    33.8625    26.4736 -9.990e-29
 249.434280     55.168  34.598392     7.3594     1.8488     54.700    33.8624    26.4735 -9.990e-29
 249.434282     55.222  34.598223     7.3593     1.8513     54.754    33.8623    26.4735 -9.990e-29
 249.434285     55.265  34.598127     7.3593     1.8504     54.796    33.8622    26.4734 -9.990e-29
 249.434288     55.296  34.598118     7.3593     1.8522     54.827    33.8622    26.4734 -9.990e-29
 249.434291     55.315  34.598213     7.3595     1.8520     54.846    33.8621    26.4732 -9.990e-29
 249.434294     55.325  34.598373     7.3596     1.8528     54.856    33.8621    26.4733 -9.990e-29
 249.434297     55.331  34.598534     7.3597     1.8519     54.862    33.8622    26.4733 -9.990e-29
 249.434300     55.336  34.598675     7.3597     1.8502     54.867    33.8624    26.4735 -9.990e-29
 249.434303     55.341  34.598773     7.3596     1.8487     54.872    33.8626    26.4736 -9.990e-29
 249.434306     55.345  34.598772     7.3595     1.8488     54.876    33.8627    26.4737 -9.990e-29
 249.434308     55.342  34.598647     7.3595     1.8493     54.873    33.8625    26.4736 -9.990e-29
 249.434311     55.329  34.598473     7.3595     1.8479     54.860    33.8623    26.4735 -9.990e-29
 249.434314     55.303  34.598354     7.3596     1.8481     54.834    33.8621    26.4733 -9.990e-29
 249.434317     55.267  34.598322     7.3597     1.8457     54.798    33.8620    26.4732 -9.990e-29
 249.434320     55.223  34.598348     7.3598     1.8467     54.755    33.8620    26.4731 -9.990e-29
 249.434323     55.178  34.598396     7.3599     1.8458     54.710    33.8619    26.4731 -9.990e-29
 249.434326     55.136  34.598432     7.3599     1.8425     54.669    33.8620    26.4731 -9.990e-29
 249.434329     55.102  34.598440     7.3599     1.8440     54.635    33.8620    26.4732 -9.990e-29
 249.434332     55.077  34.598423     7.3598     1.8432     54.610    33.8621    26.4732 -9.990e-29
 249.434334     55.063  34.598376     7.3597     1.8437     54.596    33.8622    26.4733 -9.990e-29
 249.434337     55.057  34.598288     7.3596     1.8454     54.590    33.8622    26.4733 -9.990e-29
 249.434340     55.059  34.598158     7.3596     1.8460     54.592    33.8620    26.4732 -9.990e-29
 249.434343     55.070  34.598041     7.3596     1.8447     54.603    33.8619    26.4731 -9.990e-29
 249.434346     55.091  34.597987     7.3596     1.8446     54.624    33.8618    26.4730 -9.990e-29
 249.434349     55.125  34.598007     7.3595     1.8472     54.658    33.8619    26.4731 -9.990e-29
 249.434352     55.172  34.598089     7.3594     1.8454     54.704    33.8621    26.4733 -9.990e-29
 249.434355     55.231  34.598168     7.3592     1.8441     54.763    33.8624    26.4735 -9.990e-29
 249.434358     55.295  34.598174     7.3591     1.8444     54.826    33.8624    26.4736 -9.990e-29
 249.434361     55.357  34.598124     7.3590     1.8440     54.888    33.8624    26.4736 -9.990e-29
 249.434363     55.409  34.598089     7.3589     1.8455     54.939    33.8625    26.4737 -9.990e-29
 249.434366     55.443  34.598106     7.3589     1.8459     54.973    33.8625    26.4737 -9.990e-29
 249.434369     55.454  34.598164     7.3590     1.8457     54.984    33.8624    26.4736 -9.990e-29
 249.434372     55.442  34.598258     7.3591     1.8445     54.972    33.8624    26.4736 -9.990e-29
 249.434375     55.409  34.598389     7.3591     1.8462     54.939    33.8626    26.4737 -9.990e-29
 249.434378     55.365  34.598506     7.3592     1.8476     54.896    33.8627    26.4738 -9.990e-29
 249.434381     55.317  34.598555     7.3592     1.8467     54.848    33.8627    26.4738 -9.990e-29
 249.434384     55.273  34.598529     7.3592     1.8466     54.804    33.8627    26.4738 -9.990e-29
 249.434387     55.240  34.598443     7.3591     1.8473     54.772    33.8627    26.4738 -9.990e-29
 249.434389     55.216  34.598336     7.3589     1.8444     54.748    33.8628    26.4739 -9.990e-29
 249.434392     55.199  34.598225     7.3587     1.8464     54.731    33.8629    26.4740 -9.990e-29
 249.434395     55.181  34.598079     7.3586     1.8477     54.713    33.8629    26.4740 -9.990e-29
 249.434398     55.156  34.597924     7.3586     1.8459     54.688    33.8627    26.4739 -9.990e-29
 249.434401     55.120  34.597826     7.3586     1.8454     54.653    33.8626    26.4738 -9.990e-29
 249.434404     55.075  34.597805     7.3587     1.8453     54.608    33.8625    26.4737 -9.990e-29
 249.434407     55.026  34.597837     7.3587     1.8446     54.559    33.8626    26.4738 -9.990e-29
 249.434410     54.984  34.597881     7.3588     1.8461     54.518    33.8626    26.4737 -9.990e-29
 249.434413     54.958  34.597907     7.3588     1.8483     54.492    33.8626    26.4738 -9.990e-29
 249.434416     54.956  34.597898     7.3588     1.8459     54.490    33.8626    26.4737 -9.990e-29
 249.434418     54.978  34.597847     7.3589     1.8437     54.512    33.8624    26.4736 -9.990e-29
 249.434421     55.023  34.597745     7.3589     1.8467     54.557    33.8623    26.4735 -9.990e-29
 249.434424     55.085  34.597632     7.3589     1.8446     54.618    33.8621    26.4734 -9.990e-29
 249.434427     55.154  34.597585     7.3589     1.8426     54.686    33.8621    26.4733 -9.990e-29
 249.434430     55.222  34.597616     7.3590     1.8431     54.754    33.8620    26.4732 -9.990e-29
 249.434433     55.281  34.597669     7.3591     1.8395     54.812    33.8619    26.4732 -9.990e-29
 249.434436     55.323  34.597711     7.3592     1.8405     54.854    33.8618    26.4731 -9.990e-29
 249.434439     55.347  34.597772     7.3594     1.8407     54.878    33.8617    26.4729 -9.990e-29
 249.434442     55.356  34.597896     7.3596     1.8441     54.887    33.8616    26.4729 -9.990e-29
 249.434444     55.357  34.598077     7.3597     1.8437     54.888    33.8617    26.4729 -9.990e-29
 249.434447     55.355  34.598252     7.3599     1.8477     54.886    33.8617    26.4729 -9.990e-29
 249.434450     55.355  34.598374     7.3600     1.8494     54.886    33.8617    26.4729 -9.990e-29
 249.434453     55.357  34.598455     7.3600     1.8518     54.888    33.8618    26.4730 -9.990e-29
 249.434456     55.359  34.598494     7.3598     1.8515     54.890    33.8621    26.4732 -9.990e-29
 249.434459     55.356  34.598462     7.3596     1.8514     54.887    33.8622    26.4734 -9.990e-29
 249.434462     55.342  34.598352     7.3595     1.8455     54.873    33.8622    26.4734 -9.990e-29
 249.434465     55.312  34.598217     7.3595     1.8405     54.843    33.8621    26.4732 -9.990e-29
 249.434468     55.262  34.598128     7.3596     1.8375     54.793    33.8619    26.4731 -9.990e-29
 249.434470     55.193  34.598126     7.3598     1.8363     54.725    33.8617    26.4729 -9.990e-29
 249.434473     55.110  34.598209     7.3599     1.8358     54.643    33.8618    26.4730 -9.990e-29
 249.434476     55.022  34.598317     7.3600     1.8346     54.556    33.8618    26.4730 -9.990e-29
 249.434479     54.940  34.598371     7.3600     1.8371     54.474    33.8619    26.4731 -9.990e-29
 249.434482     54.874  34.598342     7.3600     1.8388     54.409    33.8619    26.4731 -9.990e-29
 249.434485     54.836  34.598266     7.3600     1.8397     54.371    33.8619    26.4730 -9.990e-29
 249.434488     54.828  34.598191     7.3599     1.8432     54.363    33.8619    26.4730 -9.990e-29
 249.434491     54.852  34.598116     7.3598     1.8438     54.387    33.8619    26.4731 -9.990e-29
 249.434494     54.905  34.598037     7.3597     1.8407     54.440    33.8619    26.4731 -9.990e-29
 249.434497     54.979  34.597979     7.3596     1.8420     54.513    33.8619    26.4731 -9.990e-29
 249.434499     55.068  34.597949     7.3595     1.8420     54.601    33.8619    26.4731 -9.990e-29
 249.434502     55.165  34.597938     7.3594     1.8431     54.697    33.8619    26.4732 -9.990e-29
 249.434505     55.261  34.597944     7.3592     1.8424     54.792    33.8621    26.4733 -9.990e-29
 249.434508     55.349  34.597965     7.3591     1.8404     54.880    33.8622    26.4734 -9.990e-29
 249.434511     55.417  34.598001     7.3590     1.8379     54.947    33.8623    26.4735 -9.990e-29
 249.434514     55.457  34.598065     7.3590     1.8371     54.987    33.8623    26.4735 -9.990e-29
 249.434517     55.463  34.598160     7.3591     1.8366     54.993    33.8623    26.4735 -9.990e-29
 249.434520     55.436  34.598271     7.3591     1.8394     54.966    33.8625    26.4736 -9.990e-29
 249.434523     55.381  34.598381     7.3592     1.8362     54.911    33.8625    26.4736 -9.990e-29
 249.434525     55.304  34.598434     7.3592     1.8384     54.835    33.8626    26.4737 -9.990e-29
 249.434528     55.213  34.598401     7.3593     1.8390     54.745    33.8625    26.4736 -9.990e-29
 249.434531     55.118  34.598331     7.3593     1.8395     54.651    33.8625    26.4736 -9.990e-29
 249.434534     55.029  34.598251     7.3592     1.8385     54.562    33.8625    26.4737 -9.990e-29
