data/oxygen options/ONMS/Olympic_Coast_National_Marine_Sanctuary_CTD_Data_2005_2023/raw_data/2008/SBE19plus/CTD_CA065_090508faed.cnv
* Sea-Bird SBE19plus Data File:
* FileName = C:\2008_Mooring_Data\090508_service\CTD_CA065_090508.hex
* Software Version 1.59
* Temperature SN =  4671
* Conductivity SN =  4671
* System UpLoad Time = Sep 05 2008 10:45:59
* ds
* SeacatPlus V 1.6b  SERIAL NO. 4671    05 Sep 2008  10:45:43
# nquan = 9                                 
# nvalues = 4668                        
# units = specified
# name 0 = timeJ: Julian Days
# name 1 = prdM: Pressure, Strain Gauge [db]
# name 2 = c0mS/cm: Conductivity [mS/cm]
# name 3 = tv290C: Temperature [ITS-90, deg C]
# name 4 = sbeox0ML/L: Oxygen, SBE 43 [ml/l]
# name 5 = depSM: Depth [salt water, m], lat = 47.5
# name 6 = sal00: Salinity, Practical [PSU]
# name 7 = sigma-é00: Density [sigma-theta, kg/m^3]
# name 8 = flag: flag
# span 0 = 249.428056, 249.441560       
# span 1 =      0.011,     57.205       
# span 2 =   0.135345,  38.398035       
# span 3 =     7.3577,    14.2313       
# span 4 =     1.8247,     6.9704       
# span 5 =      0.011,     56.720       
# span 6 =     0.0824,    33.8705       
# span 7 =    -0.7133,    26.4783       
# span 8 = 0.0000e+00, 0.0000e+00       
# interval = seconds: 0.25
# start_time = Sep 05 2008 10:16:24 [Instrument's time stamp, header]
# bad_flag = -9.990e-29
*END*
[from data line 2241]
 249.434540     54.898  34.598081     7.3591     1.8377     54.433    33.8625    26.4737 -9.990e-29
 249.434543     54.865  34.597990     7.3590     1.8361     54.400    33.8625    26.4737 -9.990e-29
 249.434546     54.852  34.597905     7.3589     1.8406     54.387    33.8625    26.4737 -9.990e-29
 249.434549     54.858  34.597802     7.3587     1.8414     54.393    33.8626    26.4738 -9.990e-29
 249.434552     54.880  34.597659     7.3586     1.8413     54.415    33.8626    26.4738 -9.990e-29
 249.434554     54.915  34.597530     7.3585     1.8436     54.449    33.8625    26.4737 -9.990e-29
 249.434557     54.963  34.597445     7.3584     1.8436     54.497    33.8625    26.4737 -9.990e-29
 249.434560     55.022  34.597380     7.3583     1.8419     54.556    33.8625    26.4737 -9.990e-29
 249.434563     55.088  34.597334     7.3582     1.8383     54.621    33.8625    26.4738 -9.990e-29
 249.434566     55.158  34.597312     7.3581     1.8373     54.690    33.8625    26.4738 -9.990e-29
 249.434569     55.227  34.597310     7.3581     1.8352     54.759    33.8625    26.4738 -9.990e-29
 249.434572     55.288  34.597332     7.3581     1.8324     54.819    33.8625    26.4738 -9.990e-29
 249.434575     55.336  34.597365     7.3582     1.8355     54.867    33.8624    26.4737 -9.990e-29
 249.434578     55.365  34.597397     7.3582     1.8361     54.896    33.8624    26.4737 -9.990e-29
 249.434580     55.371  34.597455     7.3583     1.8376     54.902    33.8624    26.4737 -9.990e-29
 249.434583     55.352  34.597552     7.3584     1.8416     54.883    33.8624    26.4737 -9.990e-29
 249.434586     55.310  34.597646     7.3584     1.8437     54.841    33.8625    26.4738 -9.990e-29
 249.434589     55.254  34.597697     7.3585     1.8430     54.786    33.8625    26.4737 -9.990e-29
 249.434592     55.193  34.597700     7.3585     1.8425     54.725    33.8625    26.4738 -9.990e-29
 249.434595     55.139  34.597655     7.3585     1.8424     54.672    33.8625    26.4737 -9.990e-29
 249.434598     55.097  34.597575     7.3585     1.8382     54.630    33.8625    26.4737 -9.990e-29
 249.434601     55.071  34.597502     7.3584     1.8368     54.604    33.8625    26.4737 -9.990e-29
 249.434604     55.058  34.597456     7.3583     1.8383     54.591    33.8625    26.4738 -9.990e-29
 249.434606     55.054  34.597410     7.3582     1.8384     54.587    33.8626    26.4738 -9.990e-29
 249.434609     55.053  34.597356     7.3582     1.8363     54.586    33.8625    26.4738 -9.990e-29
 249.434612     55.054  34.597318     7.3582     1.8375     54.587    33.8625    26.4738 -9.990e-29
 249.434615     55.058  34.597330     7.3583     1.8379     54.591    33.8624    26.4737 -9.990e-29
 249.434618     55.067  34.597416     7.3583     1.8358     54.600    33.8625    26.4737 -9.990e-29
 249.434621     55.086  34.597506     7.3583     1.8390     54.619    33.8626    26.4738 -9.990e-29
 249.434624     55.116  34.597521     7.3583     1.8337     54.649    33.8626    26.4738 -9.990e-29
 249.434627     55.155  34.597469     7.3582     1.8346     54.687    33.8626    26.4739 -9.990e-29
 249.434630     55.198  34.597376     7.3582     1.8364     54.730    33.8625    26.4738 -9.990e-29
 249.434633     55.236  34.597305     7.3582     1.8336     54.768    33.8624    26.4737 -9.990e-29
 249.434635     55.264  34.597305     7.3583     1.8381     54.795    33.8623    26.4736 -9.990e-29
 249.434638     55.275  34.597348     7.3584     1.8350     54.806    33.8622    26.4735 -9.990e-29
 249.434641     55.267  34.597397     7.3585     1.8351     54.798    33.8622    26.4735 -9.990e-29
 249.434644     55.243  34.597449     7.3587     1.8336     54.775    33.8621    26.4733 -9.990e-29
 249.434647     55.207  34.597522     7.3588     1.8382     54.739    33.8621    26.4733 -9.990e-29
 249.434650     55.166  34.597615     7.3589     1.8381     54.698    33.8621    26.4733 -9.990e-29
 249.434653     55.125  34.597710     7.3590     1.8359     54.658    33.8621    26.4733 -9.990e-29
 249.434656     55.090  34.597780     7.3591     1.8363     54.623    33.8621    26.4733 -9.990e-29
 249.434659     55.067  34.597817     7.3591     1.8380     54.600    33.8622    26.4734 -9.990e-29
 249.434661     55.061  34.597813     7.3590     1.8406     54.594    33.8622    26.4735 -9.990e-29
 249.434664     55.074  34.597777     7.3588     1.8357     54.607    33.8624    26.4736 -9.990e-29
 249.434667     55.107  34.597723     7.3587     1.8407     54.640    33.8624    26.4736 -9.990e-29
 249.434670     55.155  34.597637     7.3585     1.8356     54.687    33.8625    26.4737 -9.990e-29
 249.434673     55.211  34.597534     7.3584     1.8334     54.743    33.8625    26.4737 -9.990e-29
 249.434676     55.269  34.597448     7.3584     1.8311     54.800    33.8623    26.4736 -9.990e-29
 249.434679     55.320  34.597399     7.3584     1.8317     54.851    33.8623    26.4735 -9.990e-29
 249.434682     55.359  34.597397     7.3584     1.8324     54.890    33.8622    26.4735 -9.990e-29
 249.434685     55.384  34.597443     7.3585     1.8318     54.914    33.8622    26.4735 -9.990e-29
 249.434688     55.397  34.597528     7.3586     1.8346     54.927    33.8622    26.4734 -9.990e-29
 249.434690     55.400  34.597611     7.3587     1.8344     54.930    33.8622    26.4734 -9.990e-29
 249.434693     55.399  34.597667     7.3588     1.8396     54.929    33.8621    26.4734 -9.990e-29
 249.434696     55.395  34.597707     7.3588     1.8384     54.925    33.8622    26.4734 -9.990e-29
 249.434699     55.389  34.597745     7.3587     1.8423     54.919    33.8623    26.4735 -9.990e-29
 249.434702     55.376  34.597775     7.3587     1.8382     54.906    33.8623    26.4736 -9.990e-29
 249.434705     55.354  34.597762     7.3587     1.8362     54.885    33.8623    26.4736 -9.990e-29
 249.434708     55.316  34.597722     7.3587     1.8346     54.847    33.8623    26.4736 -9.990e-29
 249.434711     55.262  34.597708     7.3587     1.8306     54.793    33.8623    26.4736 -9.990e-29
 249.434714     55.191  34.597736     7.3588     1.8290     54.723    33.8623    26.4735 -9.990e-29
 249.434716     55.109  34.597774     7.3588     1.8263     54.642    33.8624    26.4736 -9.990e-29
 249.434719     55.019  34.597768     7.3589     1.8263     54.553    33.8623    26.4735 -9.990e-29
 249.434722     54.928  34.597713     7.3589     1.8252     54.462    33.8623    26.4735 -9.990e-29
 249.434725     54.844  34.597639     7.3589     1.8294     54.379    33.8623    26.4735 -9.990e-29
 249.434728     54.773  34.597593     7.3589     1.8307     54.309    33.8622    26.4735 -9.990e-29
 249.434731     54.722  34.597578     7.3589     1.8325     54.258    33.8623    26.4735 -9.990e-29
 249.434734     54.697  34.597544     7.3588     1.8345     54.233    33.8623    26.4735 -9.990e-29
 249.434737     54.702  34.597490     7.3587     1.8334     54.238    33.8624    26.4736 -9.990e-29
 249.434740     54.738  34.597429     7.3585     1.8362     54.274    33.8625    26.4737 -9.990e-29
 249.434742     54.801  34.597346     7.3584     1.8371     54.336    33.8625    26.4737 -9.990e-29
 249.434745     54.887  34.597260     7.3583     1.8378     54.422    33.8624    26.4737 -9.990e-29
 249.434748     54.987  34.597231     7.3582     1.8395     54.521    33.8624    26.4737 -9.990e-29
 249.434751     55.094  34.597260     7.3581     1.8362     54.627    33.8625    26.4738 -9.990e-29
 249.434754     55.199  34.597317     7.3580     1.8356     54.731    33.8626    26.4739 -9.990e-29
 249.434757     55.294  34.597400     7.3579     1.8343     54.825    33.8628    26.4740 -9.990e-29
 249.434760     55.367  34.597512     7.3579     1.8344     54.898    33.8628    26.4741 -9.990e-29
 249.434763     55.410  34.597617     7.3580     1.8331     54.940    33.8628    26.4741 -9.990e-29
 249.434766     55.414  34.597697     7.3581     1.8326     54.944    33.8628    26.4740 -9.990e-29
 249.434769     55.381  34.597767     7.3582     1.8337     54.911    33.8628    26.4740 -9.990e-29
 249.434771     55.314  34.597828     7.3584     1.8308     54.845    33.8627    26.4739 -9.990e-29
 249.434774     55.221  34.597875     7.3585     1.8333     54.753    33.8627    26.4739 -9.990e-29
 249.434777     55.111  34.597900     7.3585     1.8345     54.644    33.8628    26.4740 -9.990e-29
 249.434780     54.996  34.597872     7.3585     1.8334     54.530    33.8628    26.4740 -9.990e-29
 249.434783     54.886  34.597783     7.3585     1.8316     54.421    33.8628    26.4739 -9.990e-29
 249.434786     54.793  34.597668     7.3585     1.8306     54.328    33.8627    26.4739 -9.990e-29
 249.434789     54.724  34.597582     7.3584     1.8287     54.260    33.8627    26.4739 -9.990e-29
 249.434792     54.682  34.597549     7.3583     1.8294     54.218    33.8628    26.4740 -9.990e-29
 249.434795     54.669  34.597520     7.3582     1.8292     54.206    33.8629    26.4741 -9.990e-29
 249.434797     54.680  34.597422     7.3580     1.8289     54.216    33.8630    26.4742 -9.990e-29
 249.434800     54.710  34.597246     7.3579     1.8310     54.246    33.8629    26.4741 -9.990e-29
 249.434803     54.754  34.597070     7.3578     1.8328     54.290    33.8628    26.4740 -9.990e-29
 249.434806     54.808  34.596971     7.3578     1.8338     54.343    33.8626    26.4739 -9.990e-29
 249.434809     54.869  34.596953     7.3577     1.8320     54.404    33.8627    26.4740 -9.990e-29
 249.434812     54.933  34.596979     7.3577     1.8325     54.467    33.8627    26.4740 -9.990e-29
 249.434815     54.997  34.597013     7.3577     1.8324     54.531    33.8627    26.4740 -9.990e-29
 249.434818     55.056  34.597040     7.3577     1.8312     54.589    33.8627    26.4740 -9.990e-29
 249.434821     55.104  34.597084     7.3577     1.8283     54.637    33.8627    26.4740 -9.990e-29
 249.434823     55.137  34.597170     7.3578     1.8283     54.670    33.8627    26.4740 -9.990e-29
 249.434826     55.153  34.597287     7.3579     1.8275     54.685    33.8627    26.4740 -9.990e-29
 249.434829     55.151  34.597405     7.3580     1.8283     54.683    33.8627    26.4740 -9.990e-29
 249.434832     55.136  34.597533     7.3581     1.8299     54.669    33.8628    26.4740 -9.990e-29
 249.434835     55.110  34.597660     7.3582     1.8306     54.643    33.8628    26.4740 -9.990e-29
 249.434838     55.079  34.597753     7.3583     1.8290     54.612    33.8629    26.4740 -9.990e-29
 249.434841     55.047  34.597789     7.3583     1.8306     54.580    33.8629    26.4741 -9.990e-29
 249.434844     55.017  34.597754     7.3582     1.8305     54.551    33.8630    26.4741 -9.990e-29
 249.434847     54.991  34.597687     7.3582     1.8300     54.525    33.8629    26.4741 -9.990e-29
 249.434850     54.971  34.597640     7.3581     1.8327     54.505    33.8630    26.4742 -9.990e-29
 249.434852     54.955  34.597603     7.3580     1.8319     54.489    33.8630    26.4742 -9.990e-29
 249.434855     54.945  34.597540     7.3580     1.8307     54.479    33.8630    26.4742 -9.990e-29
 249.434858     54.938  34.597475     7.3580     1.8322     54.472    33.8629    26.4741 -9.990e-29
 249.434861     54.937  34.597430     7.3581     1.8345     54.471    33.8628    26.4740 -9.990e-29
 249.434864     54.942  34.597421     7.3583     1.8337     54.476    33.8626    26.4738 -9.990e-29
 249.434867     54.958  34.597474     7.3584     1.8356     54.492    33.8625    26.4737 -9.990e-29
 249.434870     54.984  34.597560     7.3585     1.8365     54.518    33.8625    26.4737 -9.990e-29
 249.434873     55.020  34.597633     7.3586     1.8343     54.554    33.8625    26.4737 -9.990e-29
 249.434876     55.061  34.597662     7.3585     1.8308     54.594    33.8626    26.4738 -9.990e-29
 249.434878     55.099  34.597625     7.3585     1.8322     54.632    33.8625    26.4737 -9.990e-29
 249.434881     55.129  34.597542     7.3585     1.8309     54.662    33.8624    26.4737 -9.990e-29
 249.434884     55.146  34.597460     7.3585     1.8294     54.678    33.8623    26.4736 -9.990e-29
 249.434887     55.144  34.597423     7.3586     1.8293     54.676    33.8622    26.4735 -9.990e-29
 249.434890     55.123  34.597441     7.3587     1.8280     54.656    33.8621    26.4734 -9.990e-29
 249.434893     55.086  34.597517     7.3588     1.8305     54.619    33.8621    26.4734 -9.990e-29
 249.434896     55.036  34.597624     7.3588     1.8305     54.569    33.8622    26.4735 -9.990e-29
 249.434899     54.981  34.597679     7.3588     1.8333     54.515    33.8623    26.4735 -9.990e-29
 249.434902     54.929  34.597638     7.3588     1.8348     54.463    33.8623    26.4735 -9.990e-29
 249.434905     54.887  34.597537     7.3588     1.8342     54.422    33.8622    26.4735 -9.990e-29
 249.434907     54.864  34.597418     7.3588     1.8381     54.399    33.8621    26.4734 -9.990e-29
 249.434910     54.862  34.597316     7.3587     1.8353     54.397    33.8621    26.4734 -9.990e-29
 249.434913     54.882  34.597264     7.3587     1.8360     54.417    33.8620    26.4733 -9.990e-29
 249.434916     54.915  34.597241     7.3586     1.8357     54.449    33.8621    26.4734 -9.990e-29
 249.434919     54.956  34.597221     7.3586     1.8341     54.490    33.8620    26.4733 -9.990e-29
 249.434922     54.994  34.597224     7.3586     1.8346     54.528    33.8620    26.4733 -9.990e-29
 249.434925     55.021  34.597258     7.3586     1.8369     54.555    33.8621    26.4734 -9.990e-29
 249.434928     55.032  34.597285     7.3586     1.8350     54.565    33.8621    26.4734 -9.990e-29
 249.434931     55.030  34.597310     7.3587     1.8339     54.563    33.8620    26.4733 -9.990e-29
 249.434933     55.023  34.597354     7.3587     1.8348     54.557    33.8621    26.4733 -9.990e-29
 249.434936     55.019  34.597407     7.3588     1.8327     54.553    33.8620    26.4733 -9.990e-29
 249.434939     55.027  34.597447     7.3588     1.8335     54.560    33.8621    26.4733 -9.990e-29
 249.434942     55.048  34.597487     7.3587     1.8323     54.581    33.8622    26.4735 -9.990e-29
 249.434945     55.081  34.597515     7.3586     1.8322     54.614    33.8623    26.4736 -9.990e-29
 249.434948     55.119  34.597474     7.3585     1.8320     54.652    33.8623    26.4736 -9.990e-29
 249.434951     55.152  34.597394     7.3584     1.8312     54.684    33.8623    26.4736 -9.990e-29
 249.434954     55.170  34.597333     7.3584     1.8313     54.702    33.8623    26.4735 -9.990e-29
 249.434957     55.162  34.597298     7.3584     1.8297     54.694    33.8622    26.4735 -9.990e-29
 249.434959     55.119  34.597284     7.3585     1.8287     54.652    33.8621    26.4734 -9.990e-29
 249.434962     55.042  34.597287     7.3586     1.8310     54.575    33.8621    26.4734 -9.990e-29
 249.434965     54.935  34.597307     7.3588     1.8299     54.469    33.8620    26.4732 -9.990e-29
 249.434968     54.809  34.597346     7.3589     1.8299     54.344    33.8620    26.4732 -9.990e-29
 249.434971     54.679  34.597390     7.3589     1.8296     54.215    33.8621    26.4733 -9.990e-29
 249.434974     54.558  34.597391     7.3590     1.8310     54.096    33.8620    26.4733 -9.990e-29
 249.434977     54.458  34.597331     7.3590     1.8323     53.996    33.8620    26.4733 -9.990e-29
 249.434980     54.386  34.597257     7.3590     1.8316     53.925    33.8620    26.4732 -9.990e-29
 249.434983     54.345  34.597194     7.3589     1.8310     53.884    33.8620    26.4733 -9.990e-29
 249.434986     54.331  34.597125     7.3588     1.8303     53.870    33.8620    26.4733 -9.990e-29
 249.434988     54.341  34.597048     7.3587     1.8318     53.880    33.8621    26.4733 -9.990e-29
 249.434991     54.366  34.596982     7.3587     1.8305     53.905    33.8620    26.4733 -9.990e-29
 249.434994     54.401  34.596942     7.3587     1.8300     53.940    33.8619    26.4732 -9.990e-29
 249.434997     54.438  34.596923     7.3587     1.8293     53.977    33.8619    26.4732 -9.990e-29
