data/oxygen options/ONMS/Olympic_Coast_National_Marine_Sanctuary_CTD_Data_2005_2023/raw_data/2008/SBE19plus/CTD_MB042_071408faedb.cnv
* Sea-Bird SBE19plus Data File:
* FileName = C:\2008_Mooring_Data\071408_sevice\CTD_MB042_071408.hex
* Software Version 1.59
* Temperature SN =  4671
* Conductivity SN =  4671
* System UpLoad Time = Jul 14 2008 13:10:36
**
**
# nquan = 9
# nvalues = 31                          
# units = specified
# name 0 = timeJ: Julian Days
# name 1 = prdM: Pressure, Strain Gauge [db]
# name 2 = c0mS/cm: Conductivity [mS/cm]
# name 3 = tv290C: Temperature [ITS-90, deg C]
# name 4 = sbeox0ML/L: Oxygen, SBE 43 [ml/l]
# name 5 = depSM: Depth [salt water, m], lat = 47.5
# name 6 = sal00: Salinity, Practical [PSU]
# name 7 = sigma-é00: Density [sigma-theta, kg/m^3]
# name 8 = flag: flag
# span 0 = 226.519874, 226.523353       
# span 1 =      1.000,     31.000       
# span 2 =  28.535477,  34.971578       
# span 3 =     6.6787,     9.6225       
# span 4 =     1.6668,     3.9969       
# span 5 =      0.992,     30.739       
# span 6 =    25.9085,    33.8792       
# span 7 =    19.9321,    26.5796       
# span 8 = 0.0000e+00, 0.0000e+00       
# interval = decibars: 1                
# start_time = Aug 13 2008 12:27:32 [Instrument's time stamp, header]
# bad_flag = -9.990e-29
*END*
 226.519874      1.000  28.535477     9.6225     3.9969      0.992    25.9085    19.9321 0.0000e+00
 226.522372      2.000  33.962794     8.7077     3.1673      1.983    32.0275    24.8407 0.0000e+00
 226.522895      3.000  34.971578     8.3610     2.7840      2.975    33.3234    25.9037 0.0000e+00
 226.522909      4.000  34.851765     8.1236     2.6191      3.966    33.4214    26.0160 0.0000e+00
 226.522922      5.000  34.680278     7.8621     2.4182      4.958    33.4878    26.1065 0.0000e+00
 226.522937      6.000  34.560806     7.6612     2.2548      5.950    33.5523    26.1861 0.0000e+00
 226.522953      7.000  34.402701     7.3746     2.2053      6.941    33.6582    26.3101 0.0000e+00
 226.522970      8.000  34.252040     7.1333     2.1831      7.933    33.7289    26.3993 0.0000e+00
 226.522989      9.000  34.164088     7.0301     2.1426      8.925    33.7331    26.4168 0.0000e+00
 226.523005     10.000  34.141902     6.9818     2.0987      9.916    33.7558    26.4412 0.0000e+00
 226.523019     11.000  34.127629     6.9520     2.0751     10.908    33.7688    26.4556 0.0000e+00
 226.523035     12.000  34.115738     6.9259     2.0160     11.900    33.7809    26.4687 0.0000e+00
 226.523055     13.000  34.106176     6.9063     1.8679     12.891    33.7892    26.4778 0.0000e+00
 226.523073     14.000  34.084233     6.8149     1.8531     13.883    33.8547    26.5418 0.0000e+00
 226.523085     15.000  34.033371     6.7358     1.8485     14.874    33.8761    26.5694 0.0000e+00
 226.523099     16.000  34.015791     6.7182     1.8368     15.866    33.8736    26.5698 0.0000e+00
 226.523118     17.000  34.011384     6.7139     1.8153     16.858    33.8725    26.5695 0.0000e+00
 226.523142     18.000  34.009403     6.7127     1.7774     17.849    33.8710    26.5684 0.0000e+00
 226.523159     19.000  34.004915     6.7043     1.7578     18.841    33.8739    26.5719 0.0000e+00
 226.523174     20.000  34.001983     6.6986     1.7660     19.832    33.8757    26.5740 0.0000e+00
 226.523191     21.000  33.997641     6.6920     1.7483     20.824    33.8770    26.5759 0.0000e+00
 226.523209     22.000  33.996753     6.6915     1.7107     21.815    33.8760    26.5753 0.0000e+00
 226.523223     23.000  33.996651     6.6919     1.7244     22.807    33.8749    26.5744 0.0000e+00
 226.523239     24.000  33.996521     6.6909     1.7283     23.798    33.8753    26.5748 0.0000e+00
 226.523253     25.000  33.995748     6.6883     1.6991     24.790    33.8766    26.5761 0.0000e+00
 226.523269     26.000  33.993898     6.6839     1.6879     25.782    33.8784    26.5782 0.0000e+00
 226.523283     27.000  33.992522     6.6818     1.6842     26.773    33.8785    26.5785 0.0000e+00
 226.523297     28.000  33.992837     6.6821     1.6668     27.764    33.8779    26.5781 0.0000e+00
 226.523311     29.000  33.992754     6.6805     1.6928     28.756    33.8790    26.5792 0.0000e+00
 226.523329     30.000  33.991832     6.6787     1.6713     29.747    33.8792    26.5796 0.0000e+00
 226.523353     31.000  33.992672     6.6808     1.6678     30.739    33.8776    26.5780 0.0000e+00
