data/oxygen options/ONMS/Olympic_Coast_National_Marine_Sanctuary_CTD_Data_2005_2023/raw_data/2008/SBE19plus/CTD_TH042_071608faed.cnv
* Sea-Bird SBE19plus Data File:
* FileName = C:\2008_Mooring_Data\071408_sevice\CTD_TH042_071608.hex
* Software Version 1.59
* Temperature SN =  4671
* Conductivity SN =  4671
* System UpLoad Time = Jul 16 2008 12:57:35
* ds
* SeacatPlus V 1.6b  SERIAL NO. 4671    16 Jul 2008  12:57:17
# nquan = 9                                 
# nvalues = 1436                        
# units = specified
# name 0 = timeJ: Julian Days
# name 1 = prdM: Pressure, Strain Gauge [db]
# name 2 = c0mS/cm: Conductivity [mS/cm]
# name 3 = tv290C: Temperature [ITS-90, deg C]
# name 4 = sbeox0ML/L: Oxygen, SBE 43 [ml/l]
# name 5 = depSM: Depth [salt water, m], lat = 47.5
# name 6 = sal00: Salinity, Practical [PSU]
# name 7 = sigma-é00: Density [sigma-theta, kg/m^3]
# name 8 = flag: flag
# span 0 = 198.527477, 198.531629       
# span 1 =      0.051,     40.860       
# span 2 =  -0.617685,  35.969669       
# span 3 =     6.7840,    10.8895       
# span 4 =     1.7528,     7.8861       
# span 5 =      0.051,     40.515       
# span 6 =     0.0000,    33.8695       
# span 7 =    -0.3807,    26.5580       
# span 8 = 0.0000e+00, 0.0000e+00       
# interval = seconds: 0.25
# start_time = Jul 16 2008 12:39:34 [Instrument's time stamp, header]
# bad_flag = -9.990e-29
*END*
[from data line 1281]
 198.531183     16.025  34.098329     6.8823     1.8796     15.891    33.8027    26.4918 0.0000e+00
 198.531186     15.671  34.098457     6.8834     1.8825     15.540    33.8019    26.4910 0.0000e+00
 198.531189     15.316  34.098703     6.8848     1.8847     15.188    33.8010    26.4901 0.0000e+00
 198.531192     14.953  34.099049     6.8865     1.8860     14.828    33.7999    26.4890 0.0000e+00
 198.531195     14.584  34.099440     6.8886     1.8880     14.462    33.7984    26.4876 0.0000e+00
 198.531198     14.217  34.099920     6.8911     1.8942     14.098    33.7967    26.4858 0.0000e+00
 198.531201     13.861  34.100595     6.8936     1.8975     13.745    33.7951    26.4843 0.0000e+00
 198.531204     13.526  34.101495     6.8959     1.9014     13.413    33.7940    26.4831 0.0000e+00
 198.531207     13.217  34.102562     6.8978     1.9062     13.106    33.7935    26.4824 0.0000e+00
 198.531209     12.933  34.103675     6.8995     1.9129     12.825    33.7932    26.4819 0.0000e+00
 198.531212     12.664  34.104577     6.9013     1.9150     12.558    33.7925    26.4812 0.0000e+00
 198.531215     12.401  34.105208     6.9034     1.9134     12.297    33.7913    26.4799 0.0000e+00
 198.531218     12.135  34.105907     6.9062     1.9203     12.033    33.7894    26.4781 0.0000e+00
 198.531221     11.864  34.106866     6.9097     1.9130     11.765    33.7872    26.4758 0.0000e+00
 198.531224     11.590  34.108085     6.9143     1.9151     11.493    33.7841    26.4728 0.0000e+00
 198.531227     11.322  34.109716     6.9205     1.9128     11.227    33.7799    26.4687 0.0000e+00
 198.531230     11.070  34.111997     6.9285     1.9100     10.977    33.7747    26.4634 0.0000e+00
 198.531233     10.847  34.115236     6.9374     1.9039     10.756    33.7696    26.4582 0.0000e+00
 198.531236     10.662  34.119709     6.9454     1.9037     10.573    33.7668    26.4549 0.0000e+00
 198.531238     10.517  34.125363     6.9511     1.9013     10.429    33.7675    26.4547 0.0000e+00
 198.531241     10.412  34.131006     6.9543     1.9017     10.325    33.7706    26.4567 0.0000e+00
 198.531244     10.340  34.134926     6.9551     1.8976     10.253    33.7741    26.4594 -9.990e-29
 198.531247     10.295  34.136954     6.9541     1.8947     10.209    33.7774    26.4620 -9.990e-29
 198.531250     10.267  34.137463     6.9519     1.8957     10.181    33.7801    26.4645 -9.990e-29
 198.531253     10.248  34.136591     6.9494     1.8974     10.162    33.7816    26.4660 -9.990e-29
 198.531256     10.230  34.135194     6.9479     1.9009     10.144    33.7816    26.4662 -9.990e-29
 198.531259     10.210  34.133521     6.9484     1.9058     10.125    33.7792    26.4643 -9.990e-29
 198.531262     10.194  34.131958     6.9499     1.9188     10.109    33.7761    26.4616 -9.990e-29
 198.531264     10.187  34.132051     6.9508     1.9348     10.102    33.7753    26.4608 -9.990e-29
 198.531267     10.191  34.133636     6.9504     1.9542     10.106    33.7774    26.4626 -9.990e-29
 198.531270     10.208  34.134894     6.9485     1.9714     10.123    33.7806    26.4654 -9.990e-29
 198.531273     10.237  34.134876     6.9458     1.9877     10.151    33.7833    26.4678 -9.990e-29
 198.531276     10.272  34.133705     6.9428     2.0035     10.186    33.7849    26.4695 -9.990e-29
 198.531279     10.306  34.131861     6.9404     2.0167     10.220    33.7852    26.4701 -9.990e-29
 198.531282     10.331  34.129815     6.9394     2.0215     10.245    33.7840    26.4692 -9.990e-29
 198.531285     10.338  34.128046     6.9405     2.0230     10.251    33.7809    26.4667 -9.990e-29
 198.531288     10.322  34.127045     6.9443     2.0253     10.236    33.7761    26.4624 -9.990e-29
 198.531291     10.281  34.127333     6.9514     2.0275     10.195    33.7695    26.4562 -9.990e-29
 198.531293     10.217  34.129346     6.9629     2.0251     10.131    33.7604    26.4475 0.0000e+00
 198.531296     10.134  34.133345     6.9799     2.0250     10.049    33.7481    26.4355 0.0000e+00
 198.531299     10.043  34.139818     7.0021     2.0211      9.959    33.7335    26.4210 0.0000e+00
 198.531302      9.952  34.149678     7.0259     2.0206      9.869    33.7210    26.4079 0.0000e+00
 198.531305      9.870  34.163615     7.0472     2.0191      9.787    33.7155    26.4006 0.0000e+00
 198.531308      9.806  34.180088     7.0635     2.0038      9.724    33.7176    26.4000 -9.990e-29
 198.531311      9.760  34.195058     7.0752     2.0040      9.678    33.7226    26.4023 -9.990e-29
 198.531314      9.731  34.205539     7.0839     1.9994      9.650    33.7255    26.4035 -9.990e-29
 198.531317      9.711  34.212043     7.0906     2.0017      9.630    33.7261    26.4030 -9.990e-29
 198.531319      9.693  34.216801     7.0953     1.9930      9.612    33.7267    26.4029 -9.990e-29
 198.531322      9.670  34.220996     7.0979     1.9969      9.589    33.7288    26.4041 -9.990e-29
 198.531325      9.637  34.224461     7.0989     1.9955      9.556    33.7316    26.4062 -9.990e-29
 198.531328      9.591  34.226511     7.0990     1.9943      9.511    33.7338    26.4079 -9.990e-29
 198.531331      9.533  34.226920     7.0985     1.9952      9.453    33.7347    26.4087 -9.990e-29
 198.531334      9.466  34.226485     7.0975     1.9976      9.387    33.7353    26.4093 0.0000e+00
 198.531337      9.394  34.225870     7.0958     2.0035      9.315    33.7363    26.4103 0.0000e+00
 198.531340      9.321  34.225016     7.0929     2.0159      9.243    33.7383    26.4123 0.0000e+00
 198.531343      9.247  34.223780     7.0891     2.0363      9.170    33.7407    26.4147 0.0000e+00
 198.531345      9.176  34.221962     7.0850     2.0612      9.099    33.7427    26.4169 0.0000e+00
 198.531348      9.108  34.219423     7.0817     2.0934      9.032    33.7432    26.4177 0.0000e+00
 198.531351      9.044  34.216513     7.0801     2.1257      8.968    33.7416    26.4167 -9.990e-29
 198.531354      8.983  34.213975     7.0804     2.1560      8.908    33.7386    26.4142 -9.990e-29
 198.531357      8.924  34.212566     7.0815     2.1777      8.849    33.7360    26.4120 -9.990e-29
 198.531360      8.864  34.212703     7.0824     2.1944      8.790    33.7353    26.4114 -9.990e-29
 198.531363      8.799  34.213864     7.0835     2.2069      8.725    33.7355    26.4114 0.0000e+00
 198.531366      8.723  34.214665     7.0865     2.2049      8.650    33.7335    26.4094 0.0000e+00
 198.531369      8.632  34.214592     7.0931     2.1978      8.560    33.7270    26.4033 0.0000e+00
 198.531372      8.525  34.214952     7.1035     2.1833      8.454    33.7172    26.3943 0.0000e+00
 198.531374      8.401  34.217495     7.1175     2.1725      8.331    33.7064    26.3838 0.0000e+00
 198.531377      8.266  34.222879     7.1366     2.1633      8.197    33.6937    26.3711 0.0000e+00
 198.531380      8.125  34.230376     7.1631     2.1593      8.057    33.6760    26.3536 0.0000e+00
 198.531383      7.988  34.239713     7.1960     2.1624      7.921    33.6542    26.3319 0.0000e+00
 198.531386      7.864  34.253292     7.2298     2.1719      7.798    33.6361    26.3130 0.0000e+00
 198.531389      7.760  34.272722     7.2583     2.1886      7.695    33.6296    26.3039 0.0000e+00
 198.531392      7.682  34.294351     7.2779     2.2099      7.618    33.6341    26.3047 -9.990e-29
 198.531395      7.629  34.312654     7.2891     2.2298      7.565    33.6432    26.3103 -9.990e-29
 198.531398      7.598  34.324692     7.2945     2.2534      7.534    33.6511    26.3157 -9.990e-29
 198.531400      7.584  34.330469     7.2954     2.2700      7.521    33.6565    26.3198 -9.990e-29
 198.531403      7.579  34.332531     7.2902     2.2856      7.516    33.6638    26.3263 -9.990e-29
 198.531406      7.572  34.333240     7.2787     2.2996      7.509    33.6758    26.3373 -9.990e-29
 198.531409      7.553  34.331716     7.2666     2.3099      7.490    33.6859    26.3470 -9.990e-29
 198.531412      7.512  34.325191     7.2624     2.3193      7.449    33.6829    26.3452 -9.990e-29
 198.531415      7.447  34.315039     7.2694     2.3254      7.385    33.6651    26.3302 0.0000e+00
 198.531418      7.356  34.309168     7.2848     2.3286      7.294    33.6437    26.3113 0.0000e+00
 198.531421      7.245  34.313034     7.3048     2.3369      7.184    33.6285    26.2965 0.0000e+00
 198.531424      7.118  34.323823     7.3268     2.3429      7.058    33.6189    26.2859 0.0000e+00
 198.531427      6.984  34.336743     7.3489     2.3513      6.926    33.6116    26.2770 0.0000e+00
 198.531429      6.850  34.350281     7.3696     2.3592      6.793    33.6062    26.2699 0.0000e+00
 198.531432      6.726  34.364076     7.3886     2.3704      6.670    33.6028    26.2646 0.0000e+00
 198.531435      6.618  34.376912     7.4055     2.3786      6.563    33.6004    26.2603 0.0000e+00
 198.531438      6.526  34.388459     7.4193     2.3889      6.471    33.5996    26.2577 0.0000e+00
 198.531441      6.449  34.399138     7.4300     2.3961      6.395    33.6008    26.2572 0.0000e+00
 198.531444      6.382  34.408172     7.4386     2.3994      6.329    33.6023    26.2571 0.0000e+00
 198.531447      6.319  34.414804     7.4461     2.4069      6.266    33.6023    26.2560 0.0000e+00
 198.531450      6.253  34.419728     7.4535     2.4219      6.201    33.6005    26.2536 0.0000e+00
 198.531453      6.181  34.424061     7.4612     2.4384      6.129    33.5977    26.2503 0.0000e+00
 198.531455      6.099  34.428487     7.4695     2.4685      6.048    33.5945    26.2466 0.0000e+00
 198.531458      6.007  34.433284     7.4788     2.5034      5.957    33.5908    26.2424 0.0000e+00
 198.531461      5.906  34.438503     7.4893     2.5424      5.857    33.5863    26.2374 0.0000e+00
 198.531464      5.800  34.444149     7.5009     2.5817      5.752    33.5812    26.2317 0.0000e+00
 198.531467      5.690  34.450647     7.5131     2.6183      5.642    33.5765    26.2263 0.0000e+00
 198.531470      5.580  34.458029     7.5254     2.6563      5.533    33.5726    26.2215 0.0000e+00
 198.531473      5.470  34.465739     7.5369     2.6954      5.424    33.5699    26.2177 0.0000e+00
 198.531476      5.361  34.473611     7.5474     2.7360      5.316    33.5683    26.2150 0.0000e+00
 198.531479      5.252  34.481109     7.5575     2.7861      5.208    33.5667    26.2123 0.0000e+00
 198.531481      5.142  34.487637     7.5683     2.8499      5.099    33.5634    26.2081 0.0000e+00
 198.531484      5.028  34.493539     7.5821     2.9197      4.986    33.5565    26.2007 0.0000e+00
 198.531487      4.910  34.499257     7.6028     3.0064      4.869    33.5427    26.1870 0.0000e+00
 198.531490      4.790  34.505766     7.6334     3.1023      4.750    33.5203    26.1650 0.0000e+00
 198.531493      4.668  34.515937     7.6735     3.2065      4.629    33.4926    26.1375 0.0000e+00
 198.531496      4.545  34.532935     7.7201     3.3152      4.507    33.4662    26.1100 0.0000e+00
 198.531499      4.425  34.557881     7.7692     3.4152      4.388    33.4459    26.0870 0.0000e+00
 198.531502      4.308  34.588491     7.8154     3.5061      4.272    33.4345    26.0714 0.0000e+00
 198.531505      4.196  34.621733     7.8561     3.5796      4.161    33.4312    26.0629 0.0000e+00
 198.531508      4.088  34.654800     7.8968     3.6400      4.054    33.4277    26.0542 0.0000e+00
 198.531510      3.981  34.682015     7.9476     3.6784      3.948    33.4083    26.0316 0.0000e+00
 198.531513      3.872  34.704611     8.0155     3.7007      3.840    33.3676    25.9897 0.0000e+00
 198.531516      3.757  34.734033     8.1002     3.7062      3.726    33.3184    25.9386 0.0000e+00
 198.531519      3.631  34.777650     8.1939     3.7018      3.601    33.2758    25.8914 0.0000e+00
 198.531522      3.495  34.835647     8.2882     3.6965      3.466    33.2481    25.8556 0.0000e+00
 198.531525      3.348  34.902653     8.3815     3.6830      3.320    33.2309    25.8281 0.0000e+00
 198.531528      3.193  34.969007     8.4777     3.6683      3.166    33.2103    25.7975 0.0000e+00
 198.531531      3.033  35.030346     8.5785     3.6674      3.008    33.1802    25.7585 0.0000e+00
 198.531534      2.872  35.090846     8.6792     3.6796      2.848    33.1493    25.7189 0.0000e+00
 198.531536      2.712  35.155797     8.7716     3.7021      2.689    33.1309    25.6903 0.0000e+00
 198.531539      2.559  35.223788     8.8484     3.7262      2.538    33.1303    25.6779 0.0000e+00
 198.531542      2.416  35.287070     8.9061     3.7631      2.396    33.1426    25.6786 0.0000e+00
 198.531545      2.284  35.338514     8.9456     3.8036      2.265    33.1594    25.6856 0.0000e+00
 198.531548      2.165  35.375238     8.9716     3.8392      2.147    33.1735    25.6925 0.0000e+00
 198.531551      2.059  35.398729     8.9900     3.8646      2.042    33.1808    25.6954 0.0000e+00
 198.531554      1.964  35.412923     9.0048     3.8741      1.948    33.1818    25.6938 0.0000e+00
 198.531557      1.878  35.422615     9.0183     3.8734      1.862    33.1793    25.6898 0.0000e+00
 198.531560      1.794  35.431193     9.0314     3.8634      1.779    33.1761    25.6852 0.0000e+00
 198.531563      1.704  35.439460     9.0451     3.8490      1.690    33.1719    25.6798 0.0000e+00
 198.531565      1.600  35.447670     9.0604     3.8295      1.587    33.1663    25.6729 0.0000e+00
 198.531568      1.479  35.456341     9.0792     3.8084      1.467    33.1578    25.6633 0.0000e+00
 198.531571      1.341  35.465638     9.1038     3.7860      1.330    33.1446    25.6491 0.0000e+00
 198.531574      1.195  35.475359     9.1355 -9.990e-29      1.185    33.1253    25.6290 0.0000e+00
 198.531577      1.047  35.487450     9.1789 -9.990e-29      1.038    33.0976    25.6004 0.0000e+00
 198.531580      0.906  35.503395     9.2378 -9.990e-29      0.898    33.0595    25.5613 0.0000e+00
 198.531583      0.776  35.524077     9.3049 -9.990e-29      0.770    33.0188    25.5188 0.0000e+00
 198.531586      0.662  35.555574     9.3653 -9.990e-29      0.656    32.9956    25.4910 0.0000e+00
 198.531589      0.564  35.598857     9.4102 -9.990e-29      0.559    32.9988    25.4863 0.0000e+00
 198.531591      0.481  35.639950     9.4413 -9.990e-29      0.477    33.0125    25.4920 0.0000e+00
 198.531594      0.410  35.666001     9.4622 -9.990e-29      0.407    33.0201    25.4945 -9.990e-29
 198.531597      0.348  35.678291     9.4730 -9.990e-29      0.345    33.0228    25.4949 -9.990e-29
 198.531600      0.293  35.683419     9.4718 -9.990e-29      0.291    33.0292    25.5001 -9.990e-29
 198.531603      0.246  35.682541     9.4578 -9.990e-29      0.244    33.0412    25.5118 -9.990e-29
 198.531606      0.208  35.673127     9.4329 -9.990e-29      0.206    33.0546    25.5262 -9.990e-29
 198.531609      0.179  35.655741     9.4011 -9.990e-29      0.178    33.0660    25.5403 -9.990e-29
 198.531612      0.157  35.633968     9.3666 -9.990e-29      0.156    33.0755    25.5532 -9.990e-29
 198.531615      0.140  35.609766     9.3339 -9.990e-29      0.139    33.0808    25.5626 -9.990e-29
 198.531617      0.127  35.584232     9.3066 -9.990e-29      0.126    33.0797    25.5661 -9.990e-29
 198.531620      0.118  35.560163     9.2875 -9.990e-29      0.117    33.0725    25.5636 -9.990e-29
 198.531623      0.112  35.539125     9.2803 -9.990e-29      0.111    33.0574    25.5529 -9.990e-29
 198.531626      0.108  35.521144 -9.990e-29 -9.990e-29      0.107 -9.990e-29 -9.990e-29 -9.990e-29
 198.531629      0.107  35.506564 -9.990e-29 -9.990e-29      0.106 -9.990e-29 -9.990e-29 -9.990e-29
