data/oxygen options/ONMS/Olympic_Coast_National_Marine_Sanctuary_CTD_Data_2005_2023/raw_data/2008/SBE19plus/CTD_KL027_071508faedb.cnv
* Sea-Bird SBE19plus Data File:
* FileName = C:\2008_Mooring_Data\071408_sevice\CTD_KL027_071508.hex
* Software Version 1.59
* Temperature SN =  4671
* Conductivity SN =  4671
* System UpLoad Time = Jul 15 2008 15:58:06
* ds
* SeacatPlus V 1.6b  SERIAL NO. 4671    15 Jul 2008  15:57:45
# nquan = 9
# nvalues = 26                          
# units = specified
# name 0 = timeJ: Julian Days
# name 1 = prdM: Pressure, Strain Gauge [db]
# name 2 = c0mS/cm: Conductivity [mS/cm]
# name 3 = tv290C: Temperature [ITS-90, deg C]
# name 4 = sbeox0ML/L: Oxygen, SBE 43 [ml/l]
# name 5 = depSM: Depth [salt water, m], lat = 47.5
# name 6 = sal00: Salinity, Practical [PSU]
# name 7 = sigma-é00: Density [sigma-theta, kg/m^3]
# name 8 = flag: flag
# span 0 = 197.648040, 197.650154       
# span 1 =      1.000,     26.000       
# span 2 =  34.033315,  36.318444       
# span 3 =     6.8633,     9.9478       
# span 4 =     2.0568,     5.1979       
# span 5 =      0.992,     25.782       
# span 6 =    31.4794,    33.7952       
# span 7 =    24.2138,    26.4884       
# span 8 = 0.0000e+00, 0.0000e+00       
# interval = decibars: 1                
# start_time = Jul 15 2008 15:31:39 [Instrument's time stamp, header]
# bad_flag = -9.990e-29
*END*
 197.648040      1.000  34.567696     9.9478     5.1979      0.992    31.4794    24.2138 0.0000e+00
 197.649845      2.000  36.318444     9.7541     4.2769      1.983    33.4183    25.7580 0.0000e+00
 197.649833      3.000  36.156193     9.4887     4.1270      2.975    33.4992    25.8647 0.0000e+00
 197.649845      4.000  35.956512     9.2293     4.1026      3.966    33.5355    25.9350 0.0000e+00
 197.649856      5.000  35.778947     9.0189     4.1090      4.958    33.5485    25.9787 0.0000e+00
 197.649868      6.000  35.630849     8.8557     4.1098      5.950    33.5477    26.0037 0.0000e+00
 197.649881      7.000  35.516542     8.7543     4.0760      6.941    33.5233    26.0004 0.0000e+00
 197.649893      8.000  35.456110     8.6876     4.0286      7.933    33.5226    26.0102 0.0000e+00
 197.649905      9.000  35.392396     8.6074     3.9628      8.925    33.5312    26.0293 0.0000e+00
 197.649917     10.000  35.317321     8.5313     3.8198      9.917    33.5240    26.0353 0.0000e+00
 197.649930     11.000  35.250478     8.4496     3.6320     10.908    33.5306    26.0529 0.0000e+00
 197.649944     12.000  35.165721     8.3221     3.5246     11.899    33.5620    26.0968 0.0000e+00
 197.649957     13.000  35.013622     8.1206     3.3759     12.891    33.5925    26.1509 0.0000e+00
 197.649971     14.000  34.813276     7.9372     3.1178     13.883    33.5539    26.1476 0.0000e+00
 197.649986     15.000  34.677042     7.8059     3.0467     14.874    33.5336    26.1508 0.0000e+00
 197.649999     16.000  34.482175     7.5219     3.1022     15.866    33.5970    26.2413 0.0000e+00
 197.650013     17.000  34.183156     7.3065     3.0446     16.857    33.4808    26.1801 0.0000e+00
 197.650030     18.000  34.075402     7.2072     2.6825     17.849    33.4593    26.1770 0.0000e+00
 197.650044     19.000  34.038963     7.1061     2.2809     18.841    33.5172    26.2365 0.0000e+00
 197.650057     20.000  34.033315     7.0163     2.2015     19.832    33.5980    26.3124 0.0000e+00
 197.650070     21.000  34.051792     6.9368     2.1877     20.824    33.6955    26.4001 0.0000e+00
 197.650084     22.000  34.075672     6.8936     2.1550     21.815    33.7637    26.4597 0.0000e+00
 197.650100     23.000  34.080676     6.8817     2.1218     22.807    33.7804    26.4744 0.0000e+00
 197.650114     24.000  34.078925     6.8691     2.0953     23.798    33.7904    26.4840 0.0000e+00
 197.650128     25.000  34.079583     6.8645     2.0893     24.790    33.7952    26.4884 0.0000e+00
 197.650154     26.000  34.077391     6.8633     2.0568     25.782    33.7935    26.4872 0.0000e+00
