data/oxygen options/ONMS/Olympic_Coast_National_Marine_Sanctuary_CTD_Data_2005_2023/raw_data/2008/SBE19plus/CTD_CA015_090508faed.cnv
* Sea-Bird SBE19plus Data File:
* FileName = C:\2008_Mooring_Data\090508_service\CTD_CA015_090508.hex
* Software Version 1.59
* Temperature SN =  4671
* Conductivity SN =  4671
* System UpLoad Time = Sep 05 2008 13:22:49
* ds
* SeacatPlus V 1.6b  SERIAL NO. 4671    05 Sep 2008  13:22:34
# nquan = 9                                 
# nvalues = 2450                        
# units = specified
# name 0 = timeJ: Julian Days
# name 1 = prdM: Pressure, Strain Gauge [db]
# name 2 = c0mS/cm: Conductivity [mS/cm]
# name 3 = tv290C: Temperature [ITS-90, deg C]
# name 4 = sbeox0ML/L: Oxygen, SBE 43 [ml/l]
# name 5 = depSM: Depth [salt water, m], lat = 47.5
# name 6 = sal00: Salinity, Practical [PSU]
# name 7 = sigma-é00: Density [sigma-theta, kg/m^3]
# name 8 = flag: flag
# span 0 = 249.542824, 249.549910       
# span 1 =      0.054,     26.580       
# span 2 =   0.154037,  37.189361       
# span 3 =     7.9274,    14.3026       
# span 4 =     2.4324,     6.6803       
# span 5 =      0.054,     26.356       
# span 6 =     0.0934,    33.3934       
# span 7 =    -0.7160,    26.0228       
# span 8 = 0.0000e+00, 0.0000e+00       
# interval = seconds: 0.25
# start_time = Sep 05 2008 13:01:40 [Instrument's time stamp, header]
# bad_flag = -9.990e-29
*END*
[from data line 1601]
 249.547457     10.234  34.705126     8.1011     2.5860     10.148    33.2837    25.9113 -9.990e-29
 249.547459     10.220  34.705348     8.1014     2.5892     10.134    33.2836    25.9113 -9.990e-29
 249.547462     10.209  34.705569     8.1016     2.5887     10.124    33.2837    25.9113 -9.990e-29
 249.547465     10.201  34.705777     8.1017     2.5907     10.116    33.2838    25.9114 -9.990e-29
 249.547468     10.199  34.705949     8.1015     2.5924     10.114    33.2842    25.9117 -9.990e-29
 249.547471     10.198  34.706022     8.1012     2.5935     10.113    33.2846    25.9120 -9.990e-29
 249.547474     10.196  34.705899     8.1009     2.5916     10.111    33.2847    25.9122 -9.990e-29
 249.547477     10.187  34.705627     8.1007     2.5903     10.102    33.2846    25.9121 -9.990e-29
 249.547480     10.167  34.705357     8.1007     2.5873     10.082    33.2843    25.9119 -9.990e-29
 249.547483     10.136  34.705175     8.1009     2.5880     10.051    33.2840    25.9116 -9.990e-29
 249.547486     10.093  34.705121     8.1012     2.5884     10.009    33.2836    25.9113 -9.990e-29
 249.547488     10.044  34.705236     8.1016     2.5849      9.960    33.2834    25.9110 -9.990e-29
 249.547491      9.993  34.705476     8.1019     2.5877      9.909    33.2834    25.9110 -9.990e-29
 249.547494      9.950  34.705718     8.1021     2.5867      9.867    33.2835    25.9110 -9.990e-29
 249.547497      9.922  34.705881     8.1021     2.5886      9.839    33.2837    25.9112 -9.990e-29
 249.547500      9.916  34.705946     8.1020     2.5948      9.833    33.2838    25.9113 -9.990e-29
 249.547503      9.933  34.705935     8.1017     2.5954      9.850    33.2841    25.9116 -9.990e-29
 249.547506      9.972  34.705880     8.1011     2.5955      9.889    33.2846    25.9121 -9.990e-29
 249.547509     10.026  34.705713     8.1004     2.5988      9.942    33.2851    25.9125 -9.990e-29
 249.547512     10.088  34.705370     8.0998     2.5992     10.004    33.2852    25.9127 -9.990e-29
 249.547514     10.145  34.704946     8.0992     2.5963     10.060    33.2853    25.9129 -9.990e-29
 249.547517     10.188  34.704564     8.0989     2.5944     10.103    33.2852    25.9128 -9.990e-29
 249.547520     10.204  34.704304     8.0989     2.5946     10.119    33.2849    25.9126 -9.990e-29
 249.547523     10.190  34.704167     8.0993     2.5942     10.105    33.2844    25.9122 -9.990e-29
 249.547526     10.150  34.704151     8.0999     2.5924     10.065    33.2838    25.9116 -9.990e-29
 249.547529     10.093  34.704313     8.1006     2.5906     10.009    33.2834    25.9111 -9.990e-29
 249.547532     10.028  34.704656     8.1015     2.5904      9.944    33.2829    25.9107 -9.990e-29
 249.547535      9.966  34.705100     8.1023     2.5863      9.883    33.2826    25.9103 -9.990e-29
 249.547538      9.914  34.705561     8.1032     2.5895      9.831    33.2823    25.9099 -9.990e-29
 249.547541      9.877  34.705998     8.1039     2.5875      9.794    33.2821    25.9097 -9.990e-29
 249.547543      9.857  34.706404     8.1044     2.5891      9.775    33.2821    25.9096 -9.990e-29
 249.547546      9.853  34.706788     8.1046     2.5860      9.771    33.2823    25.9097 -9.990e-29
 249.547549      9.862  34.707097     8.1045     2.5866      9.779    33.2827    25.9101 -9.990e-29
 249.547552      9.880  34.707214     8.1040     2.5889      9.797    33.2833    25.9106 -9.990e-29
 249.547555      9.902  34.707126     8.1034     2.5889      9.819    33.2838    25.9111 -9.990e-29
 249.547558      9.926  34.706898     8.1026     2.5885      9.843    33.2843    25.9116 -9.990e-29
 249.547561      9.949  34.706556     8.1017     2.5900      9.866    33.2848    25.9121 -9.990e-29
 249.547564      9.969  34.706121     8.1011     2.5915      9.886    33.2849    25.9123 -9.990e-29
 249.547567      9.989  34.705632     8.1008     2.5913      9.905    33.2846    25.9121 -9.990e-29
 249.547569     10.010  34.705207     8.1007     2.5931      9.926    33.2842    25.9118 -9.990e-29
 249.547572     10.034  34.705022     8.1007     2.5927      9.950    33.2840    25.9117 -9.990e-29
 249.547575     10.065  34.705108     8.1006     2.5937      9.981    33.2842    25.9118 -9.990e-29
 249.547578     10.101  34.705261     8.1002     2.5904     10.016    33.2847    25.9123 -9.990e-29
 249.547581     10.142  34.705258     8.0994     2.5898     10.057    33.2855    25.9130 -9.990e-29
 249.547584     10.180  34.705003     8.0984     2.5899     10.095    33.2861    25.9137 -9.990e-29
 249.547587     10.208  34.704488     8.0977     2.5908     10.123    33.2862    25.9138 -9.990e-29
 249.547590     10.219  34.703847     8.0973     2.5915     10.133    33.2859    25.9137 -9.990e-29
 249.547593     10.208  34.703306     8.0973     2.5948     10.123    33.2854    25.9132 -9.990e-29
 249.547595     10.174  34.703028     8.0979     2.5953     10.089    33.2845    25.9125 -9.990e-29
 249.547598     10.121  34.703070     8.0988     2.5969     10.036    33.2837    25.9117 -9.990e-29
 249.547601     10.054  34.703421     8.0999     2.6005      9.970    33.2831    25.9110 -9.990e-29
 249.547604      9.979  34.703998     8.1011     2.6003      9.895    33.2826    25.9105 -9.990e-29
 249.547607      9.903  34.704712     8.1022     2.5965      9.820    33.2823    25.9101 -9.990e-29
 249.547610      9.827  34.705490     8.1030     2.5973      9.745    33.2824    25.9101 0.0000e+00
 249.547613      9.754  34.706173     8.1036     2.5997      9.672    33.2826    25.9101 0.0000e+00
 249.547616      9.679  34.706617     8.1041     2.6004      9.598    33.2827    25.9101 0.0000e+00
 249.547619      9.599  34.706829     8.1047     2.6058      9.519    33.2824    25.9098 0.0000e+00
 249.547622      9.510  34.706957     8.1053     2.6072      9.430    33.2820    25.9094 0.0000e+00
 249.547624      9.407  34.707170     8.1061     2.6111      9.328    33.2815    25.9089 0.0000e+00
 249.547627      9.291  34.707502     8.1072     2.6131      9.213    33.2809    25.9082 0.0000e+00
 249.547630      9.159  34.707905     8.1085     2.6116      9.082    33.2801    25.9074 0.0000e+00
 249.547633      9.015  34.708420     8.1102     2.6094      8.940    33.2791    25.9064 0.0000e+00
 249.547636      8.862  34.709120     8.1120     2.6016      8.788    33.2782    25.9054 0.0000e+00
 249.547639      8.702  34.709976     8.1138     2.5931      8.629    33.2775    25.9046 0.0000e+00
 249.547642      8.540  34.710914     8.1157     2.5814      8.469    33.2768    25.9037 0.0000e+00
 249.547645      8.376  34.711881     8.1179     2.5707      8.306    33.2758    25.9026 0.0000e+00
 249.547648      8.213  34.712844     8.1206     2.5661      8.144    33.2743    25.9011 0.0000e+00
 249.547650      8.050  34.713858     8.1242     2.5570      7.983    33.2721    25.8988 0.0000e+00
 249.547653      7.889  34.715072     8.1292     2.5530      7.823    33.2687    25.8954 0.0000e+00
 249.547656      7.730  34.716712     8.1361     2.5496      7.665    33.2639    25.8906 0.0000e+00
 249.547659      7.575  34.719084     8.1451     2.5490      7.512    33.2580    25.8847 0.0000e+00
 249.547662      7.424  34.722536     8.1558     2.5458      7.362    33.2516    25.8780 0.0000e+00
 249.547665      7.281  34.727400     8.1674     2.5456      7.220    33.2458    25.8718 0.0000e+00
 249.547668      7.147  34.733597     8.1791     2.5438      7.087    33.2414    25.8666 0.0000e+00
 249.547671      7.023  34.740408     8.1906     2.5465      6.964    33.2378    25.8621 0.0000e+00
 249.547674      6.907  34.746994     8.2022     2.5497      6.849    33.2339    25.8572 0.0000e+00
 249.547677      6.800  34.753008     8.2144     2.5493      6.743    33.2287    25.8514 0.0000e+00
 249.547679      6.700  34.758824     8.2272     2.5485      6.644    33.2228    25.8449 0.0000e+00
 249.547682      6.607  34.764995     8.2399     2.5490      6.552    33.2174    25.8387 0.0000e+00
 249.547685      6.519  34.771652     8.2512     2.5481      6.464    33.2138    25.8342 0.0000e+00
 249.547688      6.436  34.778631     8.2609     2.5453      6.382    33.2121    25.8314 0.0000e+00
 249.547691      6.359  34.785140     8.2710     2.5409      6.306    33.2095    25.8279 0.0000e+00
 249.547694      6.288  34.790154     8.2830     2.5337      6.235    33.2035    25.8214 0.0000e+00
 249.547697      6.222  34.794721     8.2960     2.5324      6.170    33.1961    25.8136 0.0000e+00
 249.547700      6.159  34.801051     8.3070     2.5296      6.108    33.1924    25.8091 0.0000e+00
 249.547703      6.092  34.809084     8.3145     2.5290      6.041    33.1939    25.8091 0.0000e+00
 249.547705      6.023  34.816423     8.3201     2.5297      5.973    33.1964    25.8103 0.0000e+00
 249.547708      5.954  34.820895     8.3260     2.5287      5.904    33.1956    25.8088 -9.990e-29
 249.547711      5.892  34.823085     8.3328     2.5330      5.843    33.1915    25.8046 -9.990e-29
 249.547714      5.841  34.825741     8.3408     2.5339      5.792    33.1868    25.7997 -9.990e-29
 249.547717      5.803  34.829830     8.3504     2.5360      5.754    33.1821    25.7945 -9.990e-29
 249.547720      5.778  34.834519     8.3608     2.5369      5.730    33.1773    25.7892 -9.990e-29
 249.547723      5.764  34.840276     8.3711     2.5395      5.716    33.1736    25.7848 -9.990e-29
 249.547726      5.758  34.846972     8.3813     2.5420      5.710    33.1711    25.7813 -9.990e-29
 249.547729      5.753  34.853017     8.3909     2.5486      5.705    33.1685    25.7777 -9.990e-29
 249.547731      5.745  34.858556     8.3986     2.5536      5.697    33.1671    25.7755 -9.990e-29
 249.547734      5.731  34.864338     8.4037     2.5623      5.683    33.1684    25.7758 -9.990e-29
 249.547737      5.707  34.869262     8.4060     2.5724      5.659    33.1714    25.7778 -9.990e-29
 249.547740      5.670  34.872262     8.4059     2.5802      5.623    33.1747    25.7804 -9.990e-29
 249.547743      5.620  34.873459     8.4041     2.5887      5.573    33.1777    25.7830 -9.990e-29
 249.547746      5.562  34.873144     8.4016     2.5959      5.516    33.1797    25.7850 -9.990e-29
 249.547749      5.500  34.871708     8.3997     2.6011      5.454    33.1800    25.7855 -9.990e-29
 249.547752      5.436  34.869955     8.3988     2.6046      5.391    33.1791    25.7849 0.0000e+00
 249.547755      5.373  34.868693     8.3996     2.6093      5.328    33.1770    25.7831 -9.990e-29
 249.547758      5.314  34.868194     8.4024     2.6097      5.270    33.1739    25.7802 -9.990e-29
 249.547760      5.260  34.868522     8.4073     2.6106      5.216    33.1696    25.7762 -9.990e-29
 249.547763      5.214  34.869944     8.4142     2.6089      5.170    33.1646    25.7712 -9.990e-29
 249.547766      5.176  34.872823     8.4230     2.6073      5.133    33.1594    25.7658 -9.990e-29
 249.547769      5.151  34.877016     8.4335     2.6044      5.108    33.1540    25.7600 -9.990e-29
 249.547772      5.137  34.882093     8.4450     2.5996      5.094    33.1485    25.7539 -9.990e-29
 249.547775      5.136  34.888431     8.4562     2.5934      5.093    33.1447    25.7492 -9.990e-29
 249.547778      5.144  34.895853     8.4662     2.5915      5.101    33.1431    25.7465 -9.990e-29
 249.547781      5.155  34.903098     8.4738     2.5892      5.112    33.1436    25.7457 -9.990e-29
 249.547784      5.165  34.909457     8.4791     2.5883      5.122    33.1453    25.7463 -9.990e-29
 249.547786      5.171  34.914246     8.4828     2.5875      5.128    33.1469    25.7469 -9.990e-29
 249.547789      5.171  34.917130     8.4853     2.5857      5.128    33.1476    25.7471 -9.990e-29
 249.547792      5.165  34.918828     8.4871     2.5842      5.122    33.1477    25.7469 -9.990e-29
 249.547795      5.155  34.920076     8.4883     2.5798      5.112    33.1478    25.7469 -9.990e-29
 249.547798      5.143  34.921096     8.4894     2.5773      5.100    33.1479    25.7468 -9.990e-29
 249.547801      5.132  34.921831     8.4906     2.5720      5.089    33.1475    25.7463 -9.990e-29
 249.547804      5.124  34.922393     8.4925     2.5707      5.081    33.1464    25.7451 -9.990e-29
 249.547807      5.122  34.923110     8.4949     2.5651      5.079    33.1449    25.7435 -9.990e-29
 249.547810      5.125  34.924323     8.4976     2.5592      5.082    33.1436    25.7421 -9.990e-29
 249.547812      5.133  34.926185     8.4995     2.5621      5.090    33.1438    25.7420 -9.990e-29
 249.547815      5.143  34.928447     8.4994     2.5600      5.100    33.1462    25.7439 -9.990e-29
 249.547818      5.150  34.930544     8.4974     2.5644      5.107    33.1503    25.7475 -9.990e-29
 249.547821      5.153  34.931207     8.4952     2.5638      5.110    33.1531    25.7500 -9.990e-29
 249.547824      5.147  34.929634     8.4943     2.5648      5.104    33.1523    25.7495 -9.990e-29
 249.547827      5.134  34.927321     8.4948     2.5672      5.091    33.1494    25.7471 -9.990e-29
 249.547830      5.114  34.926248     8.4959     2.5717      5.071    33.1472    25.7452 -9.990e-29
 249.547833      5.091  34.926840     8.4969     2.5743      5.048    33.1469    25.7449 -9.990e-29
 249.547836      5.069  34.928128     8.4979     2.5746      5.027    33.1473    25.7450 -9.990e-29
 249.547839      5.052  34.929065     8.4994     2.5785      5.010    33.1469    25.7445 -9.990e-29
 249.547841      5.045  34.929741     8.5016     2.5762      5.003    33.1456    25.7431 -9.990e-29
 249.547844      5.051  34.930661     8.5039     2.5772      5.009    33.1444    25.7418 -9.990e-29
 249.547847      5.072  34.932048     8.5051     2.5771      5.030    33.1447    25.7419 -9.990e-29
 249.547850      5.105  34.933991     8.5037     2.5769      5.062    33.1481    25.7447 -9.990e-29
 249.547853      5.143  34.935603     8.4989     2.5780      5.100    33.1543    25.7503 -9.990e-29
 249.547856      5.179  34.935476     8.4922     2.5795      5.136    33.1604    25.7561 -9.990e-29
 249.547859      5.203  34.932790     8.4870     2.5830      5.160    33.1625    25.7585 -9.990e-29
 249.547862      5.210  34.927702     8.4863     2.5865      5.166    33.1577    25.7549 -9.990e-29
 249.547865      5.198  34.922714     8.4907     2.5891      5.155    33.1483    25.7469 -9.990e-29
 249.547867      5.173  34.921202     8.4982     2.5948      5.130    33.1397    25.7390 -9.990e-29
 249.547870      5.141  34.924160     8.5066     2.5992      5.098    33.1350    25.7340 -9.990e-29
 249.547873      5.109  34.929864     8.5141     2.5948      5.066    33.1339    25.7321 -9.990e-29
 249.547876      5.085  34.935963     8.5197     2.5918      5.042    33.1351    25.7321 -9.990e-29
 249.547879      5.071  34.941181     8.5229     2.5892      5.029    33.1376    25.7336 -9.990e-29
 249.547882      5.070  34.944948     8.5234     2.5848      5.028    33.1411    25.7363 -9.990e-29
 249.547885      5.079  34.947091     8.5205     2.5799      5.037    33.1461    25.7406 -9.990e-29
 249.547888      5.095  34.947660     8.5147     2.5740      5.052    33.1521    25.7462 -9.990e-29
 249.547891      5.112  34.946114     8.5076     2.5702      5.069    33.1572    25.7513 -9.990e-29
 249.547894      5.127  34.942071     8.5012     2.5667      5.084    33.1589    25.7536 -9.990e-29
 249.547896      5.137  34.936708     8.4966     2.5686      5.094    33.1576    25.7533 -9.990e-29
 249.547899      5.141  34.931920     8.4944     2.5671      5.098    33.1546    25.7513 -9.990e-29
 249.547902      5.138  34.928667     8.4946     2.5674      5.095    33.1510    25.7484 -9.990e-29
 249.547905      5.130  34.927181     8.4968     2.5616      5.087    33.1474    25.7452 -9.990e-29
 249.547908      5.119  34.927482     8.5009     2.5589      5.076    33.1438    25.7418 -9.990e-29
 249.547911      5.105  34.929162     8.5064     2.5529      5.062    33.1404    25.7383 -9.990e-29
 249.547914      5.090  34.931833     8.5126     2.5472      5.047    33.1374    25.7350 -9.990e-29
