data/oxygen options/ONMS/Olympic_Coast_National_Marine_Sanctuary_CTD_Data_2005_2023/raw_data/2008/SBE19plus/CTD_KL027_081808faed.cnv
* Sea-Bird SBE19plus Data File:
* FileName = C:\2008_Mooring_Data\081808_sevice\CTD_KL027_081808.hex
* Software Version 1.59
* Temperature SN =  4671
* Conductivity SN =  4671
* System UpLoad Time = Aug 18 2008 16:42:29
* ds
* SeacatPlus V 1.6b  SERIAL NO. 4671    18 Aug 2008  16:42:00
# nquan = 9                                 
# nvalues = 1117                        
# units = specified
# name 0 = timeJ: Julian Days
# name 1 = prdM: Pressure, Strain Gauge [db]
# name 2 = c0mS/cm: Conductivity [mS/cm]
# name 3 = tv290C: Temperature [ITS-90, deg C]
# name 4 = sbeox0ML/L: Oxygen, SBE 43 [ml/l]
# name 5 = depSM: Depth [salt water, m], lat = 47.5
# name 6 = sal00: Salinity, Practical [PSU]
# name 7 = sigma-é00: Density [sigma-theta, kg/m^3]
# name 8 = flag: flag
# span 0 = 231.691875, 231.695104       
# span 1 =     -0.073,     28.604       
# span 2 =   0.088560,  38.377565       
# span 3 =     7.4760,    13.1013       
# span 4 =     1.5539,     5.7117       
# span 5 =     -0.072,     28.363       
# span 6 =     0.0559,    33.7251       
# span 7 =    -0.5841,    26.3313       
# span 8 = 0.0000e+00, 0.0000e+00       
# interval = seconds: 0.25
# start_time = Aug 18 2008 16:36:18 [Instrument's time stamp, header]
# bad_flag = -9.990e-29
*END*
[from data line 801]
 231.694193      1.571  37.870443    12.1611     5.6542      1.558    32.7874    24.8409 -9.990e-29
 231.694196      1.557  37.872212    12.1644     5.6486      1.544    32.7862    24.8393 -9.990e-29
 231.694198      1.546  37.875056    12.1674     5.6434      1.533    32.7863    24.8388 -9.990e-29
 231.694201      1.540  37.878374    12.1695     5.6410      1.527    32.7877    24.8395 -9.990e-29
 231.694204      1.539  37.881378    12.1701     5.6383      1.526    32.7901    24.8412 -9.990e-29
 231.694207      1.544  37.883515    12.1690     5.6391      1.531    32.7931    24.8438 -9.990e-29
 231.694210      1.554  37.884298    12.1663     5.6420      1.541    32.7962    24.8467 -9.990e-29
 231.694213      1.565  37.883384    12.1629     5.6498      1.552    32.7983    24.8490 -9.990e-29
 231.694216      1.575  37.880800    12.1597     5.6548      1.562    32.7986    24.8498 -9.990e-29
 231.694219      1.583  37.877166    12.1572     5.6614      1.570    32.7973    24.8493 -9.990e-29
 231.694222      1.586  37.873676    12.1560     5.6655      1.573    32.7950    24.8477 -9.990e-29
 231.694225      1.584  37.871263    12.1560     5.6665      1.571    32.7927    24.8459 -9.990e-29
 231.694227      1.577  37.870159    12.1570     5.6668      1.564    32.7907    24.8442 -9.990e-29
 231.694230      1.569  37.870250    12.1587     5.6648      1.556    32.7893    24.8428 -9.990e-29
 231.694233      1.562  37.871354    12.1606     5.6622      1.549    32.7887    24.8420 -9.990e-29
 231.694236      1.557  37.873171    12.1619     5.6556      1.544    32.7893    24.8422 -9.990e-29
 231.694239      1.557  37.875221    12.1617     5.6515      1.544    32.7915    24.8439 -9.990e-29
 231.694242      1.561  37.876875    12.1596     5.6499      1.548    32.7949    24.8470 -9.990e-29
 231.694245      1.569  37.877236    12.1562     5.6482      1.556    32.7983    24.8502 -9.990e-29
 231.694248      1.579  37.875390    12.1528     5.6546      1.566    32.7995    24.8518 -9.990e-29
 231.694251      1.586  37.871745    12.1501     5.6601      1.573    32.7983    24.8514 -9.990e-29
 231.694253      1.591  37.867973    12.1486     5.6657      1.578    32.7960    24.8499 -9.990e-29
 231.694256      1.591  37.865135    12.1486     5.6694      1.578    32.7932    24.8477 -9.990e-29
 231.694259      1.588  37.863614    12.1498     5.6768      1.575    32.7907    24.8456 -9.990e-29
 231.694262      1.584  37.863618    12.1519     5.6783      1.571    32.7889    24.8437 -9.990e-29
 231.694265      1.579  37.864839    12.1547     5.6824      1.566    32.7876    24.8422 -9.990e-29
 231.694268      1.576  37.866851    12.1578     5.6799      1.563    32.7868    24.8410 -9.990e-29
 231.694271      1.576  37.869478    12.1605     5.6660      1.563    32.7870    24.8407 -9.990e-29
 231.694274      1.581  37.872454    12.1624     5.6499      1.568    32.7882    24.8412 -9.990e-29
 231.694277      1.593  37.875281    12.1630     5.6306      1.580    32.7904    24.8428 -9.990e-29
 231.694280      1.612  37.877356    12.1621     5.6025      1.599    32.7932    24.8451 -9.990e-29
 231.694282      1.638  37.878155    12.1597     5.5622      1.624    32.7960    24.8478 -9.990e-29
 231.694285      1.670  37.877430    12.1561     5.5113      1.656    32.7985    24.8504 -9.990e-29
 231.694288      1.706  37.875190    12.1522     5.4544      1.692    32.7997    24.8521 -9.990e-29
 231.694291      1.745  37.871732    12.1485     5.3946      1.730    32.7996    24.8527 -9.990e-29
 231.694294      1.788  37.867839    12.1448     5.3344      1.773    32.7991    24.8530 -9.990e-29
 231.694297      1.839  37.864407    12.1402     5.2787      1.824    32.7998    24.8544 -9.990e-29
 231.694300      1.903  37.861578    12.1329     5.2281      1.887    32.8035    24.8586 0.0000e+00
 231.694303      1.985  37.858571    12.1207     5.1867      1.968    32.8113    24.8670 0.0000e+00
 231.694306      2.087  37.853921    12.1016     5.1564      2.070    32.8235    24.8801 0.0000e+00
 231.694308      2.208  37.845332    12.0734     5.1372      2.190    32.8400    24.8981 0.0000e+00
 231.694311      2.347  37.830534    12.0340     5.1120      2.327    32.8603    24.9213 0.0000e+00
 231.694314      2.506  37.808245    11.9826     5.0889      2.485    32.8840    24.9493 0.0000e+00
 231.694317      2.683  37.776615    11.9215     5.0564      2.661    32.9072    24.9787 0.0000e+00
 231.694320      2.876  37.733203    11.8551     5.0169      2.852    32.9237    25.0039 0.0000e+00
 231.694323      3.084  37.679301    11.7887     4.9725      3.058    32.9300    25.0211 0.0000e+00
 231.694326      3.302  37.620027    11.7271     4.9295      3.274    32.9268    25.0300 0.0000e+00
 231.694329      3.530  37.560595    11.6726     4.8876      3.501    32.9171    25.0326 0.0000e+00
 231.694332      3.766  37.506151    11.6249     4.8563      3.735    32.9062    25.0329 0.0000e+00
 231.694334      4.010  37.460355    11.5822     4.8256      3.976    32.8993    25.0353 0.0000e+00
 231.694337      4.260  37.423132    11.5432     4.8058      4.224    32.8975    25.0410 0.0000e+00
 231.694340      4.517  37.391615    11.5067     4.7877      4.479    32.8990    25.0488 0.0000e+00
 231.694343      4.780  37.362896    11.4712     4.7553      4.740    32.9023    25.0579 0.0000e+00
 231.694346      5.048  37.335939    11.4346     4.6998      5.006    32.9083    25.0692 0.0000e+00
 231.694349      5.317  37.309914    11.3957     4.6175      5.273    32.9173    25.0833 0.0000e+00
 231.694352      5.586  37.282834    11.3543     4.5114      5.539    32.9275    25.0987 0.0000e+00
 231.694355      5.853  37.253043    11.3099     4.3844      5.804    32.9377    25.1147 0.0000e+00
 231.694358      6.119  37.220389    11.2614     4.2542      6.068    32.9488    25.1320 0.0000e+00
 231.694361      6.384  37.185387    11.2063     4.1219      6.331    32.9635    25.1533 0.0000e+00
 231.694363      6.650  37.147685    11.1434     3.9973      6.594    32.9825    25.1794 0.0000e+00
 231.694366      6.920  37.105352    11.0742     3.8763      6.862    33.0027    25.2074 0.0000e+00
 231.694369      7.197  37.055671    11.0025     3.7738      7.137    33.0178    25.2319 0.0000e+00
 231.694372      7.482  36.998332    10.9303     3.6782      7.419    33.0257    25.2509 0.0000e+00
 231.694375      7.776  36.938180    10.8543     3.6017      7.711    33.0343    25.2710 0.0000e+00
 231.694378      8.078  36.880752    10.7676     3.5379      8.010    33.0553    25.3025 0.0000e+00
 231.694381      8.387  36.824834    10.6619     3.4855      8.317    33.0950    25.3519 0.0000e+00
 231.694384      8.702  36.762838    10.5292     3.4382      8.629    33.1533    25.4204 0.0000e+00
 231.694387      9.021  36.686095    10.3637     3.3984      8.946    33.2271    25.5063 0.0000e+00
 231.694389      9.344  36.586864    10.1615     3.3614      9.266    33.3122    25.6071 0.0000e+00
 231.694392      9.669  36.460007     9.9264     3.3225      9.588    33.4001    25.7153 0.0000e+00
 231.694395      9.996  36.303417     9.6755     3.2804      9.912    33.4729    25.8138 0.0000e+00
 231.694398     10.324  36.114565     9.4328     3.2332     10.238    33.5052    25.8786 0.0000e+00
 231.694401     10.652  35.902251     9.2156     3.1839     10.563    33.4890    25.9010 0.0000e+00
 231.694404     10.980  35.694014     9.0316     3.1235     10.888    33.4453    25.8960 0.0000e+00
 231.694407     11.308  35.514282     8.8814     3.0520     11.213    33.3990    25.8833 0.0000e+00
 231.694410     11.634  35.371432     8.7612     2.9638     11.537    33.3625    25.8734 0.0000e+00
 231.694413     11.958  35.263268     8.6647     2.8597     11.858    33.3398    25.8705 0.0000e+00
 231.694416     12.279  35.182486     8.5851     2.7479     12.176    33.3298    25.8749 0.0000e+00
 231.694418     12.599  35.120751     8.5170     2.6308     12.493    33.3290    25.8846 0.0000e+00
 231.694421     12.917  35.070462     8.4569     2.5135     12.809    33.3326    25.8966 0.0000e+00
 231.694424     13.233  35.026613     8.4025     2.4026     13.122    33.3376    25.9087 0.0000e+00
 231.694427     13.547  34.987611     8.3525     2.2988     13.433    33.3435    25.9209 0.0000e+00
 231.694430     13.860  34.953232     8.3065     2.2189     13.744    33.3506    25.9334 0.0000e+00
 231.694433     14.171  34.923146     8.2649     2.1479     14.052    33.3580    25.9454 0.0000e+00
 231.694436     14.480  34.897481     8.2282     2.0958     14.359    33.3655    25.9568 0.0000e+00
 231.694439     14.786  34.876777     8.1968     2.0582     14.662    33.3732    25.9675 0.0000e+00
 231.694442     15.090  34.861447     8.1709     2.0287     14.964    33.3814    25.9778 0.0000e+00
 231.694444     15.391  34.851970     8.1498     2.0131     15.262    33.3913    25.9887 0.0000e+00
 231.694447     15.691  34.849333     8.1311     2.0044     15.559    33.4062    26.0031 0.0000e+00
 231.694450     15.992  34.854386     8.1098     2.0006     15.858    33.4317    26.0263 0.0000e+00
 231.694453     16.294  34.865775     8.0793     1.9962     16.157    33.4728    26.0631 0.0000e+00
 231.694456     16.600  34.878038     8.0337     1.9984     16.461    33.5294    26.1143 0.0000e+00
 231.694459     16.911  34.882742     7.9717     2.0004     16.769    33.5938    26.1739 0.0000e+00
 231.694462     17.226  34.872712     7.8983     2.0015     17.082    33.6536    26.2316 0.0000e+00
 231.694465     17.546  34.844894     7.8225     2.0025     17.399    33.6967    26.2766 0.0000e+00
 231.694468     17.870  34.802596     7.7526     2.0045     17.720    33.7187    26.3040 0.0000e+00
 231.694470     18.198  34.754886     7.6928     2.0021     18.045    33.7251    26.3176 0.0000e+00
 231.694473     18.529  34.710480     7.6438     2.0016     18.374    33.7245    26.3242 0.0000e+00
 231.694476     18.864  34.673561     7.6049     1.9996     18.706    33.7222    26.3280 0.0000e+00
 231.694479     19.200  34.644177     7.5747     1.9972     19.039    33.7196    26.3303 0.0000e+00
 231.694482     19.539  34.620810     7.5517     1.9925     19.375    33.7165    26.3311 0.0000e+00
 231.694485     19.878  34.602525     7.5342     1.9909     19.711    33.7136    26.3313 0.0000e+00
 231.694488     20.218  34.588584     7.5209     1.9853     20.048    33.7113    26.3313 0.0000e+00
 231.694491     20.557  34.577893     7.5110     1.9758     20.384    33.7091    26.3311 0.0000e+00
 231.694494     20.895  34.569505     7.5037     1.9724     20.720    33.7070    26.3304 0.0000e+00
 231.694497     21.231  34.563022     7.4983     1.9650     21.053    33.7050    26.3297 0.0000e+00
 231.694499     21.565  34.558239     7.4943     1.9566     21.384    33.7036    26.3291 0.0000e+00
 231.694502     21.897  34.554733     7.4912     1.9480     21.713    33.7026    26.3288 0.0000e+00
 231.694505     22.226  34.551968     7.4887     1.9397     22.039    33.7019    26.3286 0.0000e+00
 231.694508     22.553  34.549546     7.4867     1.9317     22.364    33.7011    26.3282 0.0000e+00
 231.694511     22.878  34.547385     7.4852     1.9214     22.686    33.7000    26.3276 0.0000e+00
 231.694514     23.201  34.545582     7.4840     1.9124     23.006    33.6991    26.3271 0.0000e+00
 231.694517     23.523  34.544129     7.4832     1.9061     23.325    33.6981    26.3264 0.0000e+00
 231.694520     23.845  34.542957     7.4826     1.8974     23.645    33.6973    26.3259 0.0000e+00
 231.694523     24.165  34.541966     7.4822     1.8923     23.962    33.6965    26.3253 0.0000e+00
 231.694525     24.485  34.541033     7.4818     1.8787     24.279    33.6957    26.3247 0.0000e+00
 231.694528     24.803  34.540062     7.4814     1.8715     24.595    33.6949    26.3241 0.0000e+00
 231.694531     25.119  34.539050     7.4809     1.8651     24.908    33.6941    26.3236 0.0000e+00
 231.694534     25.432  34.538053     7.4804     1.8549     25.218    33.6934    26.3231 0.0000e+00
 231.694537     25.742  34.537090     7.4799     1.8476     25.526    33.6927    26.3226 0.0000e+00
 231.694540     26.048  34.536205     7.4793     1.8351     25.829    33.6921    26.3223 0.0000e+00
 231.694543     26.348  34.535414     7.4787     1.8318     26.126    33.6917    26.3220 0.0000e+00
 231.694546     26.641  34.534662     7.4781     1.8251     26.417    33.6913    26.3218 0.0000e+00
 231.694549     26.925  34.533855     7.4775     1.8181     26.699    33.6909    26.3216 0.0000e+00
 231.694552     27.197  34.532905     7.4770     1.8112     26.968    33.6902    26.3211 0.0000e+00
 231.694554     27.453  34.531821     7.4765     1.8076     27.222    33.6894    26.3206 0.0000e+00
 231.694557     27.689  34.530576     7.4762     1.8003     27.456    33.6882    26.3197 0.0000e+00
 231.694560     27.901  34.528950     7.4760     1.7962     27.666    33.6866    26.3184 0.0000e+00
 231.694563     28.080  34.526552     7.4761     1.7882     27.844    33.6838    26.3162 0.0000e+00
 231.694566     28.224  34.522827     7.4766     1.7815     27.987    33.6792    26.3125 0.0000e+00
 231.694569     28.334  34.516843     7.4776     1.7753     28.096    33.6717    26.3065 0.0000e+00
 231.694572     28.415  34.506895     7.4790     1.7708     28.176    33.6595    26.2967 -9.990e-29
 231.694575     28.475  34.490109     7.4811     1.7629     28.235    33.6393    26.2805 -9.990e-29
 231.694578     28.517  34.465817     7.4838     1.7549     28.277    33.6103    26.2573 -9.990e-29
 231.694580     28.546  34.438974     7.4868     1.7497     28.306    33.5783    26.2318 -9.990e-29
 231.694583     28.567  34.413045     7.4897     1.7454     28.327    33.5474    26.2071 -9.990e-29
 231.694586     28.581  34.392805     7.4919     1.7383     28.341    33.5234    26.1878 -9.990e-29
 231.694589     28.590  34.387521     7.4931     1.7325     28.349    33.5165    26.1822 -9.990e-29
 231.694592     28.596  34.394591     7.4934     1.7290     28.355    33.5239    26.1880 -9.990e-29
 231.694595     28.600  34.407704     7.4933     1.7238     28.359    33.5381    26.1992 -9.990e-29
 231.694598     28.603  34.426393     7.4929     1.7101     28.362    33.5588    26.2155 -9.990e-29
 231.694601     28.604  34.444280     7.4925     1.7087     28.363    33.5785    26.2311 -9.990e-29
 231.694604     28.603  34.457748     7.4921     1.7031     28.362    33.5935    26.2429 -9.990e-29
 231.694606     28.601  34.470107     7.4919     1.6978     28.360    33.6071    26.2536 -9.990e-29
 231.694609     28.596  34.481649     7.4919     1.6931     28.355    33.6196    26.2635 -9.990e-29
 231.694612     28.587  34.490916     7.4922     1.6857     28.346    33.6293    26.2711 -9.990e-29
 231.694615     28.572  34.497638     7.4928     1.6793     28.332    33.6360    26.2763 -9.990e-29
 231.694618     28.549  34.502422     7.4935     1.6737     28.309    33.6405    26.2797 -9.990e-29
 231.694621     28.516  34.506283     7.4943     1.6680     28.276    33.6440    26.2823 -9.990e-29
 231.694624     28.468  34.510030     7.4950     1.6602     28.228    33.6474    26.2849 -9.990e-29
 231.694627     28.402  34.514059     7.4954     1.6547     28.163    33.6514    26.2880 0.0000e+00
 231.694630     28.314  34.518469     7.4955     1.6468     28.076    33.6561    26.2917 0.0000e+00
 231.694633     28.202  34.522832     7.4950     1.6416     27.965    33.6614    26.2959 0.0000e+00
 231.694635     28.067  34.526388     7.4939     1.6361     27.831    33.6663    26.3000 0.0000e+00
 231.694638     27.913  34.528957     7.4922     1.6325     27.678    33.6708    26.3037 0.0000e+00
 231.694641     27.744  34.530705     7.4903     1.6286     27.511    33.6747    26.3070 0.0000e+00
 231.694644     27.561  34.531668     7.4885     1.6246     27.329    33.6775    26.3095 0.0000e+00
 231.694647     27.368  34.531911     7.4867     1.6206     27.138    33.6796    26.3114 0.0000e+00
 231.694650     27.165  34.531691     7.4851     1.6181     26.937    33.6811    26.3128 0.0000e+00
