data/oxygen options/ONMS/Olympic_Coast_National_Marine_Sanctuary_CTD_Data_2005_2023/raw_data/2008/SBE19plus/CTD_TH065_071608faed.cnv
* Sea-Bird SBE19plus Data File:
* FileName = C:\2008_Mooring_Data\071408_sevice\CTD_TH065_071608.hex
* Software Version 1.59
* Temperature SN =  4671
* Conductivity SN =  4671
* System UpLoad Time = Jul 16 2008 11:04:38
* ds
* SeacatPlus V 1.6b  SERIAL NO. 4671    16 Jul 2008  11:04:17
# nquan = 9                                 
# nvalues = 3874                        
# units = specified
# name 0 = timeJ: Julian Days
# name 1 = prdM: Pressure, Strain Gauge [db]
# name 2 = c0mS/cm: Conductivity [mS/cm]
# name 3 = tv290C: Temperature [ITS-90, deg C]
# name 4 = sbeox0ML/L: Oxygen, SBE 43 [ml/l]
# name 5 = depSM: Depth [salt water, m], lat = 47.5
# name 6 = sal00: Salinity, Practical [PSU]
# name 7 = sigma-é00: Density [sigma-theta, kg/m^3]
# name 8 = flag: flag
# span 0 = 198.441493, 198.452700       
# span 1 =      0.032,     66.163       
# span 2 =   0.145496,  36.908890       
# span 3 =     6.6807,    12.2482       
# span 4 =     1.5811,     7.6190       
# span 5 =      0.032,     65.600       
# span 6 =     0.0922,    33.9434       
# span 7 =    -0.4566,    26.6298       
# span 8 = 0.0000e+00, 0.0000e+00       
# interval = seconds: 0.25
# start_time = Jul 16 2008 10:35:45 [Instrument's time stamp, header]
# bad_flag = -9.990e-29
*END*
[from data line 3521]
 198.451681     11.246  35.422987     9.4161     4.4401     11.152    32.8075    25.3360 -9.990e-29
 198.451684     11.242  35.415314     9.4109     4.4440     11.148    32.8044    25.3344 -9.990e-29
 198.451687     11.229  35.407511     9.4097     4.4320     11.135    32.7975    25.3291 -9.990e-29
 198.451690     11.204  35.402288     9.4116     4.4022     11.110    32.7904    25.3233 -9.990e-29
 198.451693     11.165  35.401853     9.4158     4.3592     11.072    32.7861    25.3193 -9.990e-29
 198.451696     11.115  35.404485     9.4219     4.3105     11.022    32.7832    25.3160 -9.990e-29
 198.451698     11.057  35.408434     9.4308     4.2632     10.964    32.7792    25.3114 -9.990e-29
 198.451701     10.996  35.412990     9.4433     4.2200     10.904    32.7724    25.3042 -9.990e-29
 198.451704     10.936  35.418716     9.4595     4.1906     10.844    32.7635    25.2946 -9.990e-29
 198.451707     10.881  35.427587     9.4784     4.1742     10.790    32.7554    25.2852 -9.990e-29
 198.451710     10.836  35.439613     9.4984     4.1721     10.745    32.7495    25.2774 -9.990e-29
 198.451713     10.802  35.453577     9.5169     4.1823     10.712    32.7469    25.2724 -9.990e-29
 198.451716     10.784  35.468769     9.5314     4.1992     10.694    32.7493    25.2719 -9.990e-29
 198.451719     10.782  35.483405     9.5375     4.2204     10.692    32.7587    25.2783 -9.990e-29
 198.451722     10.797  35.494876     9.5300     4.2415     10.707    32.7773    25.2940 -9.990e-29
 198.451725     10.828  35.501354     9.5068     4.2627     10.737    32.8052    25.3195 -9.990e-29
 198.451727     10.873  35.498437     9.4704     4.2776     10.782    32.8355    25.3491 -9.990e-29
 198.451730     10.927  35.481517     9.4262     4.2916     10.836    32.8586    25.3743 -9.990e-29
 198.451733     10.985  35.452824     9.3800     4.2950     10.893    32.8715    25.3918 -9.990e-29
 198.451736     11.039  35.417720     9.3367     4.2890     10.947    32.8751    25.4015 -9.990e-29
 198.451739     11.085  35.380960     9.3016     4.2790     10.992    32.8694    25.4027 -9.990e-29
 198.451742     11.117  35.346618     9.2801     4.2648     11.024    32.8537    25.3938 -9.990e-29
 198.451745     11.133  35.317879     9.2755     4.2495     11.040    32.8283    25.3747 -9.990e-29
 198.451748     11.136  35.299086     9.2850     4.2298     11.043    32.8001    25.3511 -9.990e-29
 198.451751     11.129  35.295208     9.3020     4.2211     11.036    32.7805    25.3331 -9.990e-29
 198.451753     11.117  35.305720     9.3211     4.2144     11.024    32.7739    25.3248 -9.990e-29
 198.451756     11.103  35.322859     9.3391     4.2161     11.010    32.7750    25.3229 -9.990e-29
 198.451759     11.090  35.339533     9.3536     4.2292     10.997    32.7789    25.3236 -9.990e-29
 198.451762     11.079  35.353815     9.3633     4.2517     10.986    32.7848    25.3266 -9.990e-29
 198.451765     11.070  35.365270     9.3685     4.2853     10.977    32.7918    25.3313 -9.990e-29
 198.451768     11.063  35.372488     9.3698     4.3217     10.970    32.7980    25.3360 -9.990e-29
 198.451771     11.059  35.375751     9.3673     4.3628     10.966    32.8037    25.3408 -9.990e-29
 198.451774     11.057  35.376546     9.3608     4.4013     10.964    32.8105    25.3471 -9.990e-29
 198.451777     11.059  35.375044     9.3505     4.4339     10.966    32.8184    25.3550 -9.990e-29
 198.451780     11.062  35.370813     9.3373     4.4591     10.969    32.8262    25.3631 -9.990e-29
 198.451782     11.065  35.363451     9.3231     4.4675     10.972    32.8316    25.3697 -9.990e-29
 198.451785     11.064  35.353342     9.3114     4.4604     10.971    32.8319    25.3718 -9.990e-29
 198.451788     11.057  35.341631     9.3062     4.4424     10.964    32.8246    25.3669 -9.990e-29
 198.451791     11.041  35.330536     9.3109     4.4149     10.949    32.8089    25.3538 -9.990e-29
 198.451794     11.018  35.324099     9.3261     4.3785     10.926    32.7883    25.3353 -9.990e-29
 198.451797     10.992  35.326084     9.3501     4.3381     10.900    32.7683    25.3159 -9.990e-29
 198.451800     10.967  35.337598     9.3799     4.2998     10.875    32.7529    25.2991 -9.990e-29
 198.451803     10.947  35.356782     9.4126     4.2640     10.855    32.7427    25.2859 -9.990e-29
 198.451806     10.934  35.380423     9.4472     4.2413     10.842    32.7354    25.2746 -9.990e-29
 198.451808     10.929  35.405810     9.4844     4.2258     10.838    32.7275    25.2624 -9.990e-29
 198.451811     10.930  35.430972     9.5213     4.2156     10.838    32.7196    25.2504 -9.990e-29
 198.451814     10.936  35.457057     9.5500     4.2123     10.844    32.7202    25.2462 -9.990e-29
 198.451817     10.946  35.485955     9.5638     4.2096     10.854    32.7372    25.2572 -9.990e-29
 198.451820     10.959  35.511247     9.5607     4.2051     10.867    32.7660    25.2802 -9.990e-29
 198.451823     10.972  35.523345     9.5427     4.1984     10.880    32.7948    25.3057 -9.990e-29
 198.451826     10.985  35.520137     9.5155     4.1881     10.893    32.8164    25.3269 -9.990e-29
 198.451829     11.000  35.504575     9.4844     4.1765     10.908    32.8289    25.3417 -9.990e-29
 198.451832     11.016  35.481577     9.4516     4.1674     10.924    32.8353    25.3520 -9.990e-29
 198.451834     11.035  35.457400     9.4195     4.1609     10.943    32.8399    25.3607 -9.990e-29
 198.451837     11.055  35.433944     9.3912     4.1551     10.962    32.8417    25.3667 -9.990e-29
 198.451840     11.074  35.409969     9.3679     4.1544     10.981    32.8384    25.3678 -9.990e-29
 198.451843     11.091  35.388261     9.3501     4.1601     10.998    32.8324    25.3660 -9.990e-29
 198.451846     11.103  35.371536     9.3381     4.1708     11.010    32.8261    25.3630 -9.990e-29
 198.451849     11.110  35.358781     9.3319     4.1843     11.017    32.8187    25.3582 -9.990e-29
 198.451852     11.113  35.349822     9.3298     4.1965     11.020    32.8114    25.3528 -9.990e-29
 198.451855     11.116  35.345539     9.3284     4.2083     11.023    32.8082    25.3506 -9.990e-29
 198.451858     11.119  35.345326     9.3231     4.2156     11.026    32.8129    25.3550 -9.990e-29
 198.451861     11.123  35.346708     9.3111     4.2211     11.030    32.8253    25.3667 -9.990e-29
 198.451863     11.128  35.345237     9.2926     4.2328     11.035    32.8408    25.3817 -9.990e-29
 198.451866     11.131  35.337123     9.2719     4.2419     11.038    32.8515    25.3934 -9.990e-29
 198.451869     11.132  35.322033     9.2547     4.2532     11.039    32.8517    25.3963 -9.990e-29
 198.451872     11.130  35.303079     9.2453     4.2742     11.037    32.8408    25.3892 -9.990e-29
 198.451875     11.125  35.286278     9.2441     4.3015     11.032    32.8245    25.3767 -9.990e-29
 198.451878     11.117  35.277343     9.2499     4.3319     11.024    32.8099    25.3644 -9.990e-29
 198.451881     11.109  35.277249     9.2602     4.3636     11.016    32.8004    25.3553 -9.990e-29
 198.451884     11.101  35.283144     9.2718     4.3873     11.008    32.7958    25.3499 -9.990e-29
 198.451887     11.094  35.292471     9.2829     4.4006     11.001    32.7953    25.3477 -9.990e-29
 198.451889     11.087  35.302838     9.2931     4.4068     10.994    32.7966    25.3471 -9.990e-29
 198.451892     11.079  35.311851     9.3029     4.3981     10.986    32.7969    25.3458 -9.990e-29
 198.451895     11.071  35.319127     9.3130     4.3816     10.978    32.7951    25.3428 -9.990e-29
 198.451898     11.061  35.325696     9.3231     4.3580     10.968    32.7927    25.3392 -9.990e-29
 198.451901     11.051  35.332593     9.3333     4.3353     10.958    32.7904    25.3358 -9.990e-29
 198.451904     11.039  35.339845     9.3453     4.3194     10.947    32.7869    25.3312 -9.990e-29
 198.451907     11.024  35.346698     9.3625     4.3071     10.932    32.7782    25.3216 -9.990e-29
 198.451910     11.005  35.353791     9.3870     4.3028     10.913    32.7630    25.3059 -9.990e-29
 198.451913     10.983  35.364400     9.4170     4.3006     10.891    32.7465    25.2881 -9.990e-29
 198.451916     10.961  35.381655     9.4477     4.3032     10.869    32.7362    25.2751 -9.990e-29
 198.451918     10.942  35.405003     9.4739     4.3067     10.850    32.7362    25.2710 -9.990e-29
 198.451921     10.932  35.430087     9.4923     4.3142     10.840    32.7452    25.2750 -9.990e-29
 198.451924     10.934  35.451520     9.5013     4.3177     10.842    32.7590    25.2843 -9.990e-29
 198.451927     10.949  35.466078     9.4997     4.3128     10.857    32.7754    25.2974 -9.990e-29
 198.451930     10.974  35.472852     9.4870     4.3022     10.882    32.7940    25.3140 -9.990e-29
 198.451933     11.005  35.472161     9.4661     4.2869     10.913    32.8124    25.3317 -9.990e-29
 198.451936     11.035  35.463452     9.4443     4.2683     10.943    32.8234    25.3438 -9.990e-29
 198.451939     11.059  35.446235     9.4289     4.2460     10.966    32.8198    25.3435 -9.990e-29
 198.451942     11.074  35.425935     9.4231     4.2263     10.981    32.8042    25.3323 -9.990e-29
 198.451944     11.081  35.411348     9.4249     4.2120     10.988    32.7875    25.3189 -9.990e-29
 198.451947     11.079  35.406877     9.4300     4.2083     10.986    32.7783    25.3109 -9.990e-29
 198.451950     11.073  35.410680     9.4345     4.2098     10.980    32.7781    25.3100 -9.990e-29
 198.451953     11.066  35.417428     9.4366     4.2189     10.973    32.7831    25.3136 -9.990e-29
 198.451956     11.059  35.422752     9.4359     4.2356     10.966    32.7892    25.3185 -9.990e-29
 198.451959     11.055  35.425023     9.4329     4.2549     10.962    32.7943    25.3229 -9.990e-29
 198.451962     11.056  35.424454     9.4279     4.2694     10.963    32.7983    25.3269 -9.990e-29
 198.451965     11.060  35.422055     9.4207     4.2832     10.967    32.8024    25.3312 -9.990e-29
 198.451968     11.070  35.418556     9.4096     4.2874     10.977    32.8090    25.3382 -9.990e-29
 198.451970     11.084  35.413643     9.3929     4.2820     10.991    32.8192    25.3489 -9.990e-29
 198.451973     11.099  35.406343     9.3705     4.2767     11.006    32.8323    25.3626 -9.990e-29
 198.451976     11.112  35.394907     9.3457     4.2626     11.019    32.8433    25.3752 -9.990e-29
 198.451979     11.119  35.377909     9.3248     4.2486     11.026    32.8449    25.3798 -9.990e-29
 198.451982     11.119  35.356940     9.3148     4.2336     11.026    32.8325    25.3717 -9.990e-29
 198.451985     11.110  35.337358     9.3184     4.2248     11.017    32.8090    25.3527 -9.990e-29
 198.451988     11.094  35.326344     9.3315     4.2178     11.001    32.7856    25.3324 -9.990e-29
 198.451991     11.072  35.328825     9.3480     4.2126     10.979    32.7730    25.3199 -9.990e-29
 198.451994     11.051  35.342504     9.3631     4.2083     10.958    32.7733    25.3177 -9.990e-29
 198.451997     11.032  35.358872     9.3745     4.1983     10.940    32.7797    25.3209 -9.990e-29
 198.451999     11.019  35.372253     9.3803     4.1935     10.927    32.7882    25.3266 -9.990e-29
 198.452002     11.013  35.381751     9.3800     4.1895     10.921    32.7983    25.3345 -9.990e-29
 198.452005     11.013  35.386705     9.3745     4.1860     10.921    32.8084    25.3433 -9.990e-29
 198.452008     11.018  35.386663     9.3646     4.1844     10.926    32.8174    25.3520 -9.990e-29
 198.452011     11.028  35.382371     9.3522     4.1921     10.936    32.8244    25.3594 -9.990e-29
 198.452014     11.039  35.374874     9.3393     4.1981     10.947    32.8285    25.3647 -9.990e-29
 198.452017     11.050  35.364498     9.3269     4.2059     10.957    32.8292    25.3672 -9.990e-29
 198.452020     11.058  35.353087     9.3161     4.2144     10.965    32.8273    25.3675 -9.990e-29
 198.452023     11.062  35.343086     9.3081     4.2173     10.969    32.8244    25.3664 -9.990e-29
 198.452025     11.064  35.334149     9.3031     4.2213     10.971    32.8197    25.3636 -9.990e-29
 198.452028     11.066  35.327196     9.2997     4.2151     10.973    32.8157    25.3610 -9.990e-29
 198.452031     11.071  35.323785     9.2959     4.2055     10.978    32.8157    25.3615 -9.990e-29
 198.452034     11.079  35.322468     9.2904     4.1883     10.986    32.8193    25.3653 -9.990e-29
 198.452037     11.091  35.320886     9.2826     4.1731     10.998    32.8249    25.3709 -9.990e-29
 198.452040     11.104  35.317373     9.2735     4.1530     11.011    32.8296    25.3760 -9.990e-29
 198.452043     11.114  35.311523     9.2659     4.1340     11.021    32.8305    25.3780 -9.990e-29
 198.452046     11.117  35.303911     9.2632     4.1271     11.024    32.8252    25.3742 -9.990e-29
 198.452049     11.112  35.296312     9.2672     4.1291     11.019    32.8136    25.3645 -9.990e-29
 198.452052     11.102  35.292307     9.2770     4.1481     11.009    32.8005    25.3527 -9.990e-29
 198.452054     11.088  35.294758     9.2900     4.1774     10.995    32.7911    25.3433 -9.990e-29
 198.452057     11.077  35.303194     9.3021     4.2224     10.984    32.7887    25.3395 -9.990e-29
 198.452060     11.074  35.315018     9.3089     4.2761     10.981    32.7947    25.3431 -9.990e-29
 198.452063     11.080  35.326723     9.3069     4.3313     10.987    32.8086    25.3543 -9.990e-29
 198.452066     11.094  35.334404     9.2956     4.3805     11.001    32.8269    25.3704 -9.990e-29
 198.452069     11.114  35.334382     9.2783     4.4193     11.021    32.8428    25.3855 -9.990e-29
 198.452072     11.134  35.325149     9.2590     4.4341     11.041    32.8510    25.3950 -9.990e-29
 198.452075     11.151  35.309577     9.2399     4.4287     11.058    32.8524    25.3992 -9.990e-29
 198.452078     11.160  35.292808     9.2226     4.4027     11.067    32.8510    25.4008 -9.990e-29
 198.452080     11.160  35.277735     9.2115     4.3631     11.067    32.8457    25.3984 -9.990e-29
 198.452083     11.147  35.263964     9.2128     4.3154     11.054    32.8302    25.3861 -9.990e-29
 198.452086     11.120  35.252374     9.2293     4.2720     11.027    32.8031    25.3623 -9.990e-29
 198.452089     11.080  35.249203     9.2592     4.2326     10.987    32.7723    25.3335 -9.990e-29
 198.452092     11.028  35.260678     9.3003     4.2127     10.936    32.7465    25.3068 -9.990e-29
 198.452095     10.971  35.284820     9.3497     4.2041     10.879    32.7262    25.2830 -9.990e-29
 198.452098     10.915  35.316176     9.4013     4.2091     10.824    32.7113    25.2631 -9.990e-29
 198.452101     10.868  35.353764     9.4469     4.2217     10.777    32.7083    25.2535 -9.990e-29
 198.452104     10.838  35.395209     9.4807     4.2427     10.747    32.7200    25.2572 -9.990e-29
 198.452106     10.831  35.432581     9.4996     4.2622     10.740    32.7411    25.2707 -9.990e-29
 198.452109     10.847  35.459596     9.5015     4.2762     10.756    32.7671    25.2907 -9.990e-29
 198.452112     10.884  35.474386     9.4851     4.2849     10.793    32.7973    25.3169 -9.990e-29
 198.452115     10.937  35.476710     9.4521     4.2880     10.845    32.8299    25.3477 -9.990e-29
 198.452118     10.998  35.465459     9.4082     4.2853     10.906    32.8586    25.3772 -9.990e-29
 198.452121     11.057  35.440144     9.3637     4.2764     10.964    32.8734    25.3958 -9.990e-29
 198.452124     11.108  35.404235     9.3303     4.2643     11.015    32.8670    25.3962 -9.990e-29
 198.452127     11.144  35.365150     9.3156     4.2509     11.051    32.8402    25.3776 -9.990e-29
 198.452130     11.162  35.333815     9.3191     4.2421     11.069    32.8047    25.3492 -9.990e-29
 198.452133     11.163  35.319810     9.3333     4.2395     11.070    32.7772    25.3255 -9.990e-29
 198.452135     11.149  35.324874     9.3515     4.2331     11.056    32.7657    25.3136 -9.990e-29
 198.452138     11.125  35.341122     9.3698     4.2325     11.032    32.7657    25.3107 -9.990e-29
