data/oxygen options/ONMS/Olympic_Coast_National_Marine_Sanctuary_CTD_Data_2005_2023/raw_data/2008/SBE19plus/CTD_CE042_071508faedb.cnv
* Sea-Bird SBE19plus Data File:
* FileName = C:\2008_Mooring_Data\071408_sevice\CTD_CE042_071508.hex
* Software Version 1.59
* Temperature SN =  4671
* Conductivity SN =  4671
* System UpLoad Time = Jul 15 2008 12:27:01
* ds
* SeacatPlus V 1.6b  SERIAL NO. 4671    15 Jul 2008  12:26:10
# nquan = 9
# nvalues = 43                          
# units = specified
# name 0 = timeJ: Julian Days
# name 1 = prdM: Pressure, Strain Gauge [db]
# name 2 = c0mS/cm: Conductivity [mS/cm]
# name 3 = tv290C: Temperature [ITS-90, deg C]
# name 4 = sbeox0ML/L: Oxygen, SBE 43 [ml/l]
# name 5 = depSM: Depth [salt water, m], lat = 47.5
# name 6 = sal00: Salinity, Practical [PSU]
# name 7 = sigma-é00: Density [sigma-theta, kg/m^3]
# name 8 = flag: flag
# span 0 = 197.496960, 197.497619       
# span 1 =      1.000,     43.000       
# span 2 =  34.278836,  36.086144       
# span 3 =     7.0276,     9.3745       
# span 4 =     1.7749,     4.6004       
# span 5 =      0.992,     42.637       
# span 6 =    33.4157,    33.8586       
# span 7 =    25.8180,    26.5109       
# span 8 = 0.0000e+00, 0.0000e+00       
# interval = decibars: 1                
# start_time = Jul 15 2008 11:51:43 [Instrument's time stamp, header]
# bad_flag = -9.990e-29
*END*
 197.496960      1.000  35.971003     9.3745     4.6004      0.992    33.4157    25.8180 0.0000e+00
 197.496977      2.000  36.086144     9.3214     4.5751      1.983    33.5841    25.9583 0.0000e+00
 197.496996      3.000  36.048597     9.2565     4.5447      2.975    33.6058    25.9857 0.0000e+00
 197.497015      4.000  35.957575     9.1599     4.4989      3.967    33.6019    25.9981 0.0000e+00
 197.497034      5.000  35.893883     9.0797     4.4972      4.958    33.6109    26.0179 0.0000e+00
 197.497054      6.000  35.818167     9.0257     4.4833      5.950    33.5826    26.0043 0.0000e+00
 197.497071      7.000  35.794795     8.9978     4.4766      6.941    33.5841    26.0099 0.0000e+00
 197.497085      8.000  35.774056     8.9809     4.4561      7.933    33.5780    26.0078 0.0000e+00
 197.497100      9.000  35.764641     8.9732     4.4358      8.925    33.5750    26.0067 0.0000e+00
 197.497116     10.000  35.762823     8.9709     4.3997      9.916    33.5748    26.0070 0.0000e+00
 197.497133     11.000  35.766041     8.9719     4.3376     10.908    33.5768    26.0083 0.0000e+00
 197.497149     12.000  35.773405     8.9683     4.2314     11.900    33.5874    26.0172 0.0000e+00
 197.497165     13.000  35.765558     8.9470     4.1882     12.891    33.5989    26.0296 0.0000e+00
 197.497181     14.000  35.736633     8.9016     4.1773     13.883    33.6112    26.0464 0.0000e+00
 197.497198     15.000  35.693031     8.8685     4.0982     14.875    33.5964    26.0400 0.0000e+00
 197.497218     16.000  35.675711     8.8347     3.8614     15.866    33.6099    26.0558 0.0000e+00
 197.497234     17.000  35.628040     8.7787     3.6231     16.857    33.6126    26.0667 0.0000e+00
 197.497247     18.000  35.574175     8.6831     3.5378     17.849    33.6464    26.1080 0.0000e+00
 197.497262     19.000  35.442051     8.5242     3.4173     18.841    33.6581    26.1416 0.0000e+00
 197.497278     20.000  35.325176     8.4119     3.0562     19.832    33.6414    26.1456 0.0000e+00
 197.497294     21.000  35.245342     8.2902     2.7158     20.824    33.6727    26.1886 0.0000e+00
 197.497308     22.000  35.126499     8.0699     2.5509     21.815    33.7575    26.2880 0.0000e+00
 197.497321     23.000  34.929705     7.8178     2.4064     22.807    33.7898    26.3504 0.0000e+00
 197.497334     24.000  34.765842     7.6420     2.3145     23.798    33.7834    26.3708 0.0000e+00
 197.497348     25.000  34.652176     7.4747     2.2287     24.790    33.8228    26.4257 0.0000e+00
 197.497362     26.000  34.527968     7.3359     2.1241     25.781    33.8229    26.4454 0.0000e+00
 197.497376     27.000  34.470155     7.2560     2.0699     26.773    33.8377    26.4681 0.0000e+00
 197.497389     28.000  34.400544     7.1566     2.0434     27.765    33.8586    26.4985 0.0000e+00
 197.497404     29.000  34.340650     7.0903     2.0163     28.756    33.8578    26.5070 0.0000e+00
 197.497418     30.000  34.311999     7.0601     1.9922     29.748    33.8556    26.5094 0.0000e+00
 197.497431     31.000  34.299426     7.0461     1.9767     30.739    33.8550    26.5109 0.0000e+00
 197.497445     32.000  34.290988     7.0385     1.9528     31.731    33.8528    26.5102 0.0000e+00
 197.497461     33.000  34.287450     7.0366     1.9237     32.722    33.8503    26.5085 0.0000e+00
 197.497480     34.000  34.288121     7.0379     1.9017     33.714    33.8493    26.5075 0.0000e+00
 197.497494     35.000  34.284827     7.0332     1.8811     34.705    33.8498    26.5086 0.0000e+00
 197.497509     36.000  34.282675     7.0329     1.8661     35.697    33.8472    26.5066 0.0000e+00
 197.497525     37.000  34.282150     7.0320     1.8464     36.688    33.8470    26.5066 0.0000e+00
 197.497540     38.000  34.280949     7.0305     1.8292     37.679    33.8467    26.5066 0.0000e+00
 197.497554     39.000  34.280147     7.0290     1.8189     38.671    33.8468    26.5069 0.0000e+00
 197.497568     40.000  34.279301     7.0278     1.8094     39.662    33.8465    26.5069 0.0000e+00
 197.497581     41.000  34.278836     7.0276     1.7990     40.654    33.8458    26.5063 0.0000e+00
 197.497595     42.000  34.278928     7.0276     1.7907     41.645    33.8454    26.5060 0.0000e+00
 197.497619     43.000  34.279637     7.0288     1.7749     42.637    33.8445    26.5052 0.0000e+00
