data/oxygen options/ONMS/Olympic_Coast_National_Marine_Sanctuary_CTD_Data_2005_2023/raw_data/2008/SBE19plus/CTD_CA065_071408faedb.cnv
* Sea-Bird SBE19plus Data File:
* FileName = C:\2008_Mooring_Data\071408_sevice\CTD_CA065_071408.hex
* Software Version 1.59
* Temperature SN =  4671
* Conductivity SN =  4671
* System UpLoad Time = Jul 14 2008 15:15:32
* ds
* SeacatPlus V 1.6b  SERIAL NO. 4671    14 Jul 2008  15:14:52
# nquan = 9
# nvalues = 58                          
# units = specified
# name 0 = timeJ: Julian Days
# name 1 = prdM: Pressure, Strain Gauge [db]
# name 2 = c0mS/cm: Conductivity [mS/cm]
# name 3 = tv290C: Temperature [ITS-90, deg C]
# name 4 = sbeox0ML/L: Oxygen, SBE 43 [ml/l]
# name 5 = depSM: Depth [salt water, m], lat = 47.5
# name 6 = sal00: Salinity, Practical [PSU]
# name 7 = sigma-é00: Density [sigma-theta, kg/m^3]
# name 8 = flag: flag
# span 0 = 196.614251, 196.617775       
# span 1 =      1.000,     58.000       
# span 2 =  34.042412,  37.996765       
# span 3 =     6.8222,    12.4191       
# span 4 =     2.1020,     6.5967       
# span 5 =      0.992,     57.508       
# span 6 =    31.5509,    33.9397       
# span 7 =    23.8351,    26.6069       
# span 8 = 0.0000e+00, 0.0000e+00       
# interval = decibars: 1                
# start_time = Jul 14 2008 14:43:01 [Instrument's time stamp, header]
# bad_flag = -9.990e-29
*END*
 196.614251      1.000  36.802416    12.4119     5.2730      0.992    31.5509    23.8351 0.0000e+00
 196.614276      2.000  37.996765    12.4191     5.0860      1.983    32.6816    24.7098 0.0000e+00
 196.616946      3.000  37.474823    12.1412     6.5893      2.975    32.4230    24.5619 0.0000e+00
 196.617172      4.000  37.213181    11.8283     6.5967      3.967    32.4420    24.6348 0.0000e+00
 196.617190      5.000  36.992480    11.6409     6.5364      4.958    32.3906    24.6294 0.0000e+00
 196.617205      6.000  36.922117    11.5866     6.5027      5.950    32.3690    24.6225 0.0000e+00
 196.617218      7.000  36.934074    11.5840     6.3652      6.942    32.3826    24.6336 0.0000e+00
 196.617232      8.000  36.956958    11.5628     6.1297      7.933    32.4230    24.6689 0.0000e+00
 196.617247      9.000  36.978594    11.5380     5.9826      8.925    32.4655    24.7063 0.0000e+00
 196.617260     10.000  36.999216    11.4377     5.9810      9.916    32.5734    24.8084 0.0000e+00
 196.617272     11.000  36.905976    11.2671     5.9180     10.908    32.6322    24.8848 0.0000e+00
 196.617288     12.000  36.764274    11.1511     5.7390     11.900    32.5949    24.8766 0.0000e+00
 196.617304     13.000  36.713337    11.0780     5.6449     12.891    32.6090    24.9005 0.0000e+00
 196.617316     14.000  36.638870    10.9499     5.4877     13.883    32.6487    24.9541 0.0000e+00
 196.617326     15.000  36.536054    10.8413     5.2181     14.874    32.6430    24.9688 0.0000e+00
 196.617336     16.000  36.473863    10.7610     5.0003     15.866    32.6524    24.9901 0.0000e+00
 196.617346     17.000  36.404254    10.6258     4.8660     16.857    32.7035    25.0533 0.0000e+00
 196.617355     18.000  36.278871    10.3904     4.7218     17.849    32.7891    25.1605 0.0000e+00
 196.617365     19.000  36.061502    10.0678     4.4962     18.841    32.8613    25.2713 0.0000e+00
 196.617374     20.000  35.822532     9.8189     4.2187     19.832    32.8445    25.2995 0.0000e+00
 196.617383     21.000  35.679109     9.6315     3.9933     20.824    32.8689    25.3492 0.0000e+00
 196.617392     22.000  35.544817     9.4001     3.8459     21.815    32.9429    25.4445 0.0000e+00
 196.617402     23.000  35.366748     9.1021     3.7440     22.807    33.0337    25.5630 0.0000e+00
 196.617410     24.000  35.145877     8.7893     3.6931     23.798    33.0942    25.6591 0.0000e+00
 196.617419     25.000  34.951651     8.5297     3.6905     24.790    33.1330    25.7293 0.0000e+00
 196.617428     26.000  34.795182     8.3071     3.7312     25.781    33.1768    25.7972 0.0000e+00
 196.617436     27.000  34.666689     8.1289     3.6568     26.773    33.2086    25.8485 0.0000e+00
 196.617445     28.000  34.565474     7.9845     3.5686     27.764    33.2372    25.8922 0.0000e+00
 196.617454     29.000  34.478520     7.8693     3.5946     28.756    33.2533    25.9216 0.0000e+00
 196.617463     30.000  34.405948     7.7797     3.6724     29.748    33.2605    25.9401 0.0000e+00
 196.617475     31.000  34.348917     7.7160     3.6114     30.739    33.2596    25.9487 0.0000e+00
 196.617501     32.000  34.388697     7.8072     3.2923     31.730    33.2148    25.9004 0.0000e+00
 196.617519     33.000  34.358282     7.6881     3.2464     32.722    33.2953    25.9807 0.0000e+00
 196.617531     34.000  34.257959     7.5808     3.3079     33.713    33.2895    25.9914 0.0000e+00
 196.617541     35.000  34.208027     7.5299     3.2740     34.705    33.2839    25.9943 0.0000e+00
 196.617550     36.000  34.194506     7.5259     3.1837     35.697    33.2727    25.9860 0.0000e+00
 196.617561     37.000  34.214621     7.5324     3.0361     36.688    33.2876    25.9969 0.0000e+00
 196.617570     38.000  34.229184     7.5168     2.9399     37.680    33.3180    26.0229 0.0000e+00
 196.617581     39.000  34.221008     7.4726     2.8650     38.671    33.3511    26.0552 0.0000e+00
 196.617592     40.000  34.197940     7.4096     2.7144     39.662    33.3863    26.0917 0.0000e+00
 196.617602     41.000  34.182783     7.3431     2.5424     40.654    33.4335    26.1382 0.0000e+00
 196.617612     42.000  34.167578     7.2883     2.4260     41.645    33.4695    26.1741 0.0000e+00
 196.617622     43.000  34.151917     7.2201     2.3812     42.637    33.5180    26.2219 0.0000e+00
 196.617632     44.000  34.119422     7.1185     2.3630     43.628    33.5809    26.2853 0.0000e+00
 196.617645     45.000  34.076156     7.0346     2.3376     44.619    33.6148    26.3235 0.0000e+00
 196.617655     46.000  34.054299     7.0003     2.2773     45.611    33.6239    26.3353 0.0000e+00
 196.617666     47.000  34.045216     6.9837     2.3100     46.603    33.6297    26.3421 0.0000e+00
 196.617676     48.000  34.042434     6.9751     2.4408     47.594    33.6346    26.3472 0.0000e+00
 196.617685     49.000  34.042412     6.9599     2.5016     48.585    33.6488    26.3605 0.0000e+00
 196.617694     50.000  34.042961     6.9405     2.4822     49.577    33.6680    26.3783 0.0000e+00
 196.617703     51.000  34.059452     6.9441     2.3867     50.568    33.6821    26.3888 0.0000e+00
 196.617711     52.000  34.107821     6.9527     2.2635     51.560    33.7263    26.4225 0.0000e+00
 196.617721     53.000  34.138242     6.9421     2.2102     52.551    33.7696    26.4581 0.0000e+00
 196.617730     54.000  34.160928     6.9080     2.2006     53.542    33.8276    26.5084 0.0000e+00
 196.617740     55.000  34.163470     6.8533     2.1617     54.534    33.8838    26.5601 0.0000e+00
 196.617751     56.000  34.144520     6.8222     2.1049     55.525    33.8931    26.5716 0.0000e+00
 196.617761     57.000  34.166728     6.8376     2.1020     56.517    33.9019    26.5765 0.0000e+00
 196.617775     58.000  34.197727     6.8334     2.1482     57.508    33.9397    26.6069 0.0000e+00
