data/oxygen options/ONMS/Olympic_Coast_National_Marine_Sanctuary_CTD_Data_2005_2023/raw_data/2008/SBE19plus/CTD_CE042_101808faed.cnv
* Sea-Bird SBE19plus Data File:
* FileName = C:\2008_Mooring_Data\101508_retreive\DO_CE042_101808.hex
* Software Version 1.59
* Temperature SN =  4671
* Conductivity SN =  4671
* System UpLoad Time = Oct 18 2008 12:13:55
* ds
* SeacatPlus V 1.6b  SERIAL NO. 4671    18 Oct 2008  12:13:46
# nquan = 9                                 
# nvalues = 4227                        
# units = specified
# name 0 = timeJ: Julian Days
# name 1 = prdM: Pressure, Strain Gauge [db]
# name 2 = c0mS/cm: Conductivity [mS/cm]
# name 3 = tv290C: Temperature [ITS-90, deg C]
# name 4 = sbeox0ML/L: Oxygen, SBE 43 [ml/l]
# name 5 = depSM: Depth [salt water, m], lat = 47.5
# name 6 = sal00: Salinity, Practical [PSU]
# name 7 = sigma-é00: Density [sigma-theta, kg/m^3]
# name 8 = flag: flag
# span 0 = 292.494502, 292.506730       
# span 1 =      0.048,     42.448       
# span 2 =   0.016385,  36.952306       
# span 3 =     8.5120,    14.3848       
# span 4 =     3.6138,     7.4615       
# span 5 =      0.048,     42.089       
# span 6 =     0.0143,    33.2045       
# span 7 =    -0.7483,    25.7796       
# span 8 = 0.0000e+00, 0.0000e+00       
# interval = seconds: 0.25
# start_time = Oct 18 2008 11:52:05 [Instrument's time stamp, header]
# bad_flag = -9.990e-29
*END*
[from data line 1761]
 292.499598     31.478  35.948795    10.1735     4.6785     31.213    32.6462    25.0860 -9.990e-29
 292.499601     31.505  35.937138    10.1728     4.6855     31.240    32.6351    25.0775 -9.990e-29
 292.499604     31.504  35.928749    10.1801     4.6889     31.239    32.6200    25.0645 -9.990e-29
 292.499606     31.478  35.926806    10.1934     4.6899     31.213    32.6061    25.0514 -9.990e-29
 292.499609     31.428  35.932547    10.2096     4.6874     31.163    32.5973    25.0419 -9.990e-29
 292.499612     31.357  35.943986    10.2261     4.6806     31.093    32.5941    25.0365 -9.990e-29
 292.499615     31.265  35.957354    10.2407     4.6702     31.002    32.5945    25.0344 -9.990e-29
 292.499618     31.156  35.970000    10.2527     4.6610     30.894    32.5965    25.0339 -9.990e-29
 292.499621     31.033  35.980655    10.2625     4.6504     30.772    32.5985    25.0338 -9.990e-29
 292.499624     30.899  35.988652    10.2716     4.6417     30.639    32.5984    25.0322 -9.990e-29
 292.499627     30.762  35.994435    10.2806     4.6363     30.503    32.5962    25.0290 0.0000e+00
 292.499630     30.630  35.999517    10.2898     4.6299     30.372    32.5931    25.0250 0.0000e+00
 292.499633     30.511  36.004968    10.2999     4.6259     30.254    32.5896    25.0205 0.0000e+00
 292.499635     30.414  36.010610    10.3113     4.6235     30.158    32.5851    25.0151 0.0000e+00
 292.499638     30.344  36.016471    10.3231     4.6215     30.089    32.5804    25.0095 -9.990e-29
 292.499641     30.304  36.023380    10.3328     4.6233     30.049    32.5787    25.0065 -9.990e-29
 292.499644     30.295  36.031404    10.3390     4.6256     30.040    32.5812    25.0074 -9.990e-29
 292.499647     30.315  36.038546    10.3405     4.6265     30.060    32.5870    25.0117 -9.990e-29
 292.499650     30.361  36.042685    10.3356     4.6271     30.105    32.5955    25.0191 -9.990e-29
 292.499653     30.427  36.044059    10.3251     4.6268     30.171    32.6063    25.0293 -9.990e-29
 292.499656     30.509  36.042054    10.3123     4.6272     30.252    32.6158    25.0389 -9.990e-29
 292.499659     30.599  36.035021    10.2998     4.6278     30.341    32.6199    25.0442 -9.990e-29
 292.499661     30.691  36.025549    10.2883     4.6258     30.433    32.6206    25.0467 -9.990e-29
 292.499664     30.778  36.017244    10.2783     4.6202     30.519    32.6212    25.0489 -9.990e-29
 292.499667     30.854  36.010260    10.2708     4.6129     30.594    32.6209    25.0499 -9.990e-29
 292.499670     30.916  36.003942    10.2668     4.6076     30.656    32.6181    25.0484 -9.990e-29
 292.499673     30.965  35.998768    10.2661     4.6078     30.704    32.6135    25.0449 -9.990e-29
 292.499676     31.004  35.995952    10.2677     4.6068     30.743    32.6092    25.0413 -9.990e-29
 292.499679     31.036  35.995966    10.2708     4.6061     30.775    32.6064    25.0386 -9.990e-29
 292.499682     31.065  35.997659    10.2750     4.6108     30.803    32.6043    25.0363 -9.990e-29
 292.499685     31.091  35.999782    10.2796     4.6186     30.829    32.6023    25.0339 -9.990e-29
 292.499687     31.116  36.002315    10.2829     4.6256     30.854    32.6019    25.0330 -9.990e-29
 292.499690     31.138  36.005522    10.2826     4.6365     30.876    32.6054    25.0358 -9.990e-29
 292.499693     31.160  36.008527    10.2774     4.6516     30.898    32.6131    25.0427 -9.990e-29
 292.499696     31.179  36.009272    10.2678     4.6644     30.916    32.6225    25.0516 -9.990e-29
 292.499699     31.197  36.006220    10.2558     4.6798     30.934    32.6302    25.0597 -9.990e-29
 292.499702     31.212  35.999703    10.2436     4.6906     30.949    32.6346    25.0651 -9.990e-29
 292.499705     31.224  35.991275    10.2332     4.6928     30.961    32.6354    25.0676 -9.990e-29
 292.499708     31.230  35.982846    10.2254     4.6934     30.967    32.6339    25.0677 -9.990e-29
 292.499711     31.229  35.975973    10.2207     4.6884     30.966    32.6312    25.0664 -9.990e-29
 292.499714     31.216  35.970990    10.2201     4.6769     30.953    32.6268    25.0630 -9.990e-29
 292.499716     31.188  35.967759    10.2249     4.6651     30.925    32.6192    25.0563 -9.990e-29
 292.499719     31.144  35.966703    10.2358     4.6552     30.882    32.6083    25.0460 -9.990e-29
 292.499722     31.083  35.968742    10.2517     4.6467     30.821    32.5961    25.0338 -9.990e-29
 292.499725     31.004  35.975005    10.2693     4.6408     30.743    32.5867    25.0235 -9.990e-29
 292.499728     30.913  35.985586    10.2850     4.6382     30.653    32.5833    25.0182 -9.990e-29
 292.499731     30.815  35.998236    10.2978     4.6368     30.556    32.5846    25.0170 -9.990e-29
 292.499734     30.720  36.009302    10.3094     4.6374     30.461    32.5853    25.0156 -9.990e-29
 292.499737     30.636  36.016905    10.3210     4.6413     30.378    32.5826    25.0115 -9.990e-29
 292.499740     30.571  36.022759    10.3315     4.6438     30.314    32.5791    25.0070 -9.990e-29
 292.499742     30.529  36.029451    10.3384     4.6484     30.272    32.5796    25.0063 -9.990e-29
 292.499745     30.513  36.036660    10.3398     4.6451     30.256    32.5856    25.0107 -9.990e-29
 292.499748     30.520  36.042024    10.3354     4.6438     30.263    32.5950    25.0188 -9.990e-29
 292.499751     30.547  36.043731    10.3269     4.6396     30.290    32.6043    25.0275 -9.990e-29
 292.499754     30.590  36.041132    10.3167     4.6340     30.332    32.6108    25.0343 -9.990e-29
 292.499757     30.644  36.035232    10.3070     4.6310     30.386    32.6136    25.0381 -9.990e-29
 292.499760     30.704  36.028019    10.2989     4.6273     30.445    32.6136    25.0394 -9.990e-29
 292.499763     30.764  36.021368    10.2926     4.6306     30.505    32.6125    25.0397 -9.990e-29
 292.499766     30.820  36.016301    10.2879     4.6340     30.560    32.6116    25.0398 -9.990e-29
 292.499769     30.868  36.012564    10.2850     4.6442     30.608    32.6104    25.0393 -9.990e-29
 292.499771     30.907  36.009834    10.2838     4.6539     30.647    32.6088    25.0382 -9.990e-29
 292.499774     30.938  36.008161    10.2846     4.6684     30.677    32.6063    25.0362 -9.990e-29
 292.499777     30.961  36.007521    10.2873     4.6839     30.700    32.6033    25.0334 -9.990e-29
 292.499780     30.978  36.008034    10.2916     4.7025     30.717    32.5999    25.0300 -9.990e-29
 292.499783     30.991  36.009827    10.2971     4.7096     30.730    32.5968    25.0266 -9.990e-29
 292.499786     31.001  36.012681    10.3027     4.7060     30.740    32.5946    25.0240 -9.990e-29
 292.499789     31.008  36.016247    10.3063     4.6990     30.747    32.5950    25.0237 -9.990e-29
 292.499792     31.011  36.020125    10.3066     4.6810     30.750    32.5986    25.0265 -9.990e-29
 292.499795     31.010  36.023211    10.3041     4.6617     30.749    32.6039    25.0311 -9.990e-29
 292.499797     31.002  36.023759    10.3020     4.6431     30.741    32.6064    25.0333 -9.990e-29
 292.499800     30.986  36.021352    10.3036     4.6314     30.725    32.6025    25.0300 -9.990e-29
 292.499803     30.961  36.018201    10.3116     4.6252     30.700    32.5922    25.0206 -9.990e-29
 292.499806     30.929  36.017405    10.3265     4.6282     30.669    32.5780    25.0071 -9.990e-29
 292.499809     30.891  36.020875    10.3459     4.6391     30.631    32.5641    24.9929 -9.990e-29
 292.499812     30.853  36.029403    10.3659     4.6510     30.593    32.5548    24.9823 -9.990e-29
 292.499815     30.822  36.041906    10.3827     4.6611     30.562    32.5523    24.9775 -9.990e-29
 292.499818     30.805  36.055231    10.3930     4.6704     30.546    32.5565    24.9790 -9.990e-29
 292.499821     30.808  36.066465    10.3955     4.6809     30.549    32.5655    24.9856 -9.990e-29
 292.499823     30.834  36.073654    10.3905     4.6856     30.574    32.5772    24.9956 -9.990e-29
 292.499826     30.881  36.075657    10.3787     4.6949     30.621    32.5898    25.0074 -9.990e-29
 292.499829     30.944  36.072683    10.3606     4.6924     30.683    32.6030    25.0207 -9.990e-29
 292.499832     31.016  36.065849    10.3374     4.6884     30.755    32.6169    25.0355 -9.990e-29
 292.499835     31.086  36.055495    10.3120     4.7005     30.824    32.6293    25.0495 -9.990e-29
 292.499838     31.145  36.041460    10.2893     4.6833     30.883    32.6355    25.0582 -9.990e-29
 292.499841     31.180  36.024901    10.2750     4.6824     30.917    32.6317    25.0576 -9.990e-29
 292.499844     31.182  36.008574    10.2735     4.6895     30.919    32.6166    25.0461 -9.990e-29
 292.499847     31.152  35.996722    10.2846     4.6955     30.890    32.5947    25.0272 -9.990e-29
 292.499850     31.098  35.993910    10.3046     4.6989     30.836    32.5740    25.0076 -9.990e-29
 292.499852     31.032  36.001522    10.3278     4.7045     30.771    32.5609    24.9934 -9.990e-29
 292.499855     30.968  36.016184    10.3497     4.7114     30.707    32.5560    24.9859 -9.990e-29
 292.499858     30.917  36.032851    10.3680     4.7138     30.657    32.5564    24.9831 -9.990e-29
 292.499861     30.883  36.047699    10.3822     4.7211     30.623    32.5586    24.9824 -9.990e-29
 292.499864     30.866  36.059052    10.3922     4.7221     30.606    32.5610    24.9827 -9.990e-29
 292.499867     30.857  36.067282    10.3983     4.7219     30.597    32.5638    24.9838 -9.990e-29
 292.499870     30.850  36.073119    10.4011     4.7204     30.590    32.5672    24.9859 -9.990e-29
 292.499873     30.835  36.076609    10.4023     4.7211     30.575    32.5696    24.9876 -9.990e-29
 292.499876     30.808  36.077924    10.4045     4.7215     30.549    32.5690    24.9868 -9.990e-29
 292.499878     30.769  36.077826    10.4089     4.7208     30.510    32.5650    24.9829 -9.990e-29
 292.499881     30.724  36.077978    10.4151     4.7196     30.465    32.5596    24.9776 -9.990e-29
 292.499884     30.681  36.080258    10.4215     4.7210     30.423    32.5562    24.9739 -9.990e-29
 292.499887     30.647  36.084447    10.4268     4.7211     30.389    32.5556    24.9726 -9.990e-29
 292.499890     30.628  36.088927    10.4303     4.7218     30.370    32.5570    24.9730 -9.990e-29
 292.499893     30.628  36.092564    10.4321     4.7179     30.370    32.5590    24.9743 -9.990e-29
 292.499896     30.646  36.094808    10.4330     4.7087     30.388    32.5605    24.9753 -9.990e-29
 292.499899     30.678  36.095715    10.4337     4.6965     30.420    32.5607    24.9754 -9.990e-29
 292.499902     30.721  36.095963    10.4350     4.6880     30.462    32.5598    24.9744 -9.990e-29
 292.499905     30.769  36.096190    10.4375     4.6789     30.510    32.5578    24.9724 -9.990e-29
 292.499907     30.817  36.096756    10.4410     4.6725     30.558    32.5552    24.9698 -9.990e-29
 292.499910     30.862  36.098260    10.4447     4.6731     30.602    32.5534    24.9677 -9.990e-29
 292.499913     30.900  36.100821    10.4478     4.6753     30.640    32.5532    24.9670 -9.990e-29
 292.499916     30.929  36.103640    10.4499     4.6854     30.669    32.5541    24.9674 -9.990e-29
 292.499919     30.951  36.105893    10.4510     4.6947     30.690    32.5554    24.9682 -9.990e-29
 292.499922     30.966  36.107261    10.4513     4.7020     30.705    32.5565    24.9690 -9.990e-29
 292.499925     30.977  36.107852    10.4508     4.7103     30.716    32.5575    24.9699 -9.990e-29
 292.499928     30.986  36.107867    10.4495     4.7157     30.725    32.5587    24.9711 -9.990e-29
 292.499931     30.996  36.107444    10.4468     4.7210     30.735    32.5606    24.9731 -9.990e-29
 292.499933     31.009  36.106644    10.4414     4.7244     30.748    32.5647    24.9771 -9.990e-29
 292.499936     31.025  36.105295    10.4317     4.7268     30.764    32.5720    24.9845 -9.990e-29
 292.499939     31.039  36.102798    10.4169     4.7226     30.778    32.5827    24.9954 -9.990e-29
 292.499942     31.046  36.098045    10.3990     4.7190     30.785    32.5940    25.0072 -9.990e-29
 292.499945     31.039  36.089862    10.3838     4.7181     30.778    32.5994    25.0140 -9.990e-29
 292.499948     31.014  36.078214    10.3776     4.7130     30.753    32.5933    25.0103 -9.990e-29
 292.499951     30.967  36.066262    10.3832     4.7063     30.706    32.5763    24.9961 -9.990e-29
 292.499954     30.901  36.059845    10.3977     4.6986     30.641    32.5569    24.9785 -9.990e-29
 292.499957     30.820  36.062538    10.4156     4.6906     30.560    32.5436    24.9651 -9.990e-29
 292.499959     30.735  36.072723    10.4323     4.6881     30.476    32.5389    24.9586 -9.990e-29
 292.499962     30.657  36.085249    10.4459     4.6892     30.399    32.5393    24.9566 -9.990e-29
 292.499965     30.597  36.095765    10.4560     4.6923     30.339    32.5409    24.9561 -9.990e-29
 292.499968     30.563  36.103431    10.4625     4.6975     30.306    32.5428    24.9564 -9.990e-29
 292.499971     30.559  36.108823    10.4659     4.7032     30.302    32.5451    24.9577 -9.990e-29
 292.499974     30.585  36.112187    10.4667     4.7063     30.327    32.5478    24.9596 -9.990e-29
 292.499977     30.635  36.113877    10.4649     4.7152     30.377    32.5511    24.9625 -9.990e-29
 292.499980     30.705  36.114323    10.4603     4.7232     30.446    32.5556    24.9668 -9.990e-29
 292.499983     30.785  36.113600    10.4524     4.7293     30.526    32.5619    24.9731 -9.990e-29
 292.499986     30.866  36.111447    10.4410     4.7350     30.606    32.5699    24.9813 -9.990e-29
 292.499988     30.937  36.107556    10.4284     4.7427     30.677    32.5773    24.9891 -9.990e-29
 292.499991     30.992  36.101376    10.4194     4.7476     30.731    32.5791    24.9921 -9.990e-29
 292.499994     31.026  36.093116    10.4175     4.7520     30.765    32.5725    24.9873 -9.990e-29
 292.499997     31.041  36.085784    10.4220     4.7531     30.780    32.5611    24.9776 -9.990e-29
 292.500000     31.040  36.083653    10.4298     4.7497     30.779    32.5520    24.9692 -9.990e-29
 292.500003     31.025  36.087356    10.4384     4.7462     30.764    32.5480    24.9646 -9.990e-29
 292.500006     31.000  36.093371    10.4468     4.7404     30.739    32.5465    24.9621 -9.990e-29
 292.500009     30.966  36.098947    10.4545     4.7329     30.705    32.5453    24.9597 -9.990e-29
 292.500012     30.926  36.103741    10.4614     4.7287     30.666    32.5439    24.9575 -9.990e-29
 292.500014     30.880  36.107859    10.4675     4.7260     30.620    32.5426    24.9555 -9.990e-29
 292.500017     30.830  36.111337    10.4726     4.7240     30.570    32.5416    24.9538 -9.990e-29
 292.500020     30.780  36.114363    10.4769     4.7260     30.521    32.5408    24.9524 -9.990e-29
 292.500023     30.733  36.117047    10.4802     4.7270     30.474    32.5405    24.9517 -9.990e-29
 292.500026     30.692  36.119296    10.4826     4.7291     30.434    32.5406    24.9514 -9.990e-29
 292.500029     30.661  36.121050    10.4842     4.7311     30.403    32.5410    24.9513 -9.990e-29
 292.500032     30.643  36.122380    10.4850     4.7303     30.385    32.5416    24.9517 -9.990e-29
 292.500035     30.639  36.123328    10.4851     4.7306     30.381    32.5425    24.9523 -9.990e-29
 292.500038     30.648  36.123857    10.4844     4.7319     30.390    32.5436    24.9534 -9.990e-29
 292.500041     30.665  36.123969    10.4832     4.7324     30.407    32.5448    24.9545 -9.990e-29
 292.500043     30.686  36.123784    10.4815     4.7252     30.428    32.5461    24.9558 -9.990e-29
 292.500046     30.707  36.123277    10.4797     4.7177     30.448    32.5472    24.9570 -9.990e-29
 292.500049     30.723  36.122435    10.4784     4.7073     30.464    32.5475    24.9574 -9.990e-29
 292.500052     30.732  36.121525    10.4778     4.7004     30.473    32.5472    24.9572 -9.990e-29
 292.500055     30.732  36.120796    10.4780     4.6932     30.473    32.5462    24.9565 -9.990e-29
