data/oxygen options/ONMS/Olympic_Coast_National_Marine_Sanctuary_CTD_Data_2005_2023/raw_data/2008/SBE19plus/CTD_TH042_072108faed.cnv
* Sea-Bird SBE19plus Data File:
* FileName = C:\2008_Mooring_Data\072108_service\CTD_TH042_072108.hex
* Software Version 1.59
* Temperature SN =  4671
* Conductivity SN =  4671
* System UpLoad Time = Jul 21 2008 11:35:10
* ds
* SeacatPlus V 1.6b  SERIAL NO. 4671    21 Jul 2008  11:34:52
# nquan = 9                                 
# nvalues = 3511                        
# units = specified
# name 0 = timeJ: Julian Days
# name 1 = prdM: Pressure, Strain Gauge [db]
# name 2 = c0mS/cm: Conductivity [mS/cm]
# name 3 = tv290C: Temperature [ITS-90, deg C]
# name 4 = sbeox0ML/L: Oxygen, SBE 43 [ml/l]
# name 5 = depSM: Depth [salt water, m], lat = 47.5
# name 6 = sal00: Salinity, Practical [PSU]
# name 7 = sigma-é00: Density [sigma-theta, kg/m^3]
# name 8 = flag: flag
# span 0 = 203.458970, 203.469126       
# span 1 =     -0.003,     39.879       
# span 2 =   0.006449,  36.304614       
# span 3 =     7.0633,    13.9201       
# span 4 =     2.7216,     7.5317       
# span 5 =     -0.003,     39.542       
# span 6 =     0.0092,    33.6537       
# span 7 =    -0.7045,    26.3501       
# span 8 = 0.0000e+00, 0.0000e+00       
# interval = seconds: 0.25
# start_time = Jul 21 2008 11:00:55 [Instrument's time stamp, header]
# bad_flag = -9.990e-29
*END*
[from data line 481]
 203.460362      2.388  35.847715    10.6478     5.3886      2.368    32.1349    24.6064 -9.990e-29
 203.460365      2.390  35.850535    10.6467     5.3906      2.370    32.1387    24.6096 -9.990e-29
 203.460367      2.396  35.853249    10.6455     5.3890      2.376    32.1425    24.6127 -9.990e-29
 203.460370      2.404  35.856521    10.6444     5.3901      2.384    32.1467    24.6162 -9.990e-29
 203.460373      2.413  35.860194    10.6437     5.3924      2.393    32.1510    24.6196 -9.990e-29
 203.460376      2.420  35.863352    10.6433     5.3953      2.400    32.1545    24.6224 -9.990e-29
 203.460379      2.425  35.865438    10.6433     5.3920      2.405    32.1565    24.6240 -9.990e-29
 203.460382      2.429  35.866644    10.6435     5.3905      2.409    32.1576    24.6248 -9.990e-29
 203.460385      2.432  35.867154    10.6438     5.3918      2.412    32.1578    24.6249 -9.990e-29
 203.460388      2.437  35.867012    10.6440     5.3944      2.417    32.1575    24.6247 -9.990e-29
 203.460391      2.442  35.866449    10.6443     5.3963      2.422    32.1567    24.6240 -9.990e-29
 203.460394      2.447  35.865756    10.6445     5.4032      2.427    32.1558    24.6233 -9.990e-29
 203.460396      2.450  35.865326    10.6447     5.4030      2.430    32.1552    24.6227 -9.990e-29
 203.460399      2.450  35.865431    10.6449     5.4040      2.430    32.1551    24.6227 -9.990e-29
 203.460402      2.446  35.865760    10.6450     5.4073      2.426    32.1553    24.6228 -9.990e-29
 203.460405      2.440  35.865913    10.6452     5.4091      2.420    32.1553    24.6228 -9.990e-29
 203.460408      2.432  35.865757    10.6454     5.4119      2.412    32.1550    24.6225 -9.990e-29
 203.460411      2.425  35.865269    10.6457     5.4152      2.405    32.1543    24.6219 -9.990e-29
 203.460414      2.420  35.864543    10.6459     5.4198      2.400    32.1534    24.6211 -9.990e-29
 203.460417      2.417  35.863626    10.6461     5.4249      2.397    32.1523    24.6202 -9.990e-29
 203.460420      2.418  35.862538    10.6463     5.4235      2.398    32.1510    24.6192 -9.990e-29
 203.460422      2.421  35.861388    10.6465     5.4253      2.401    32.1497    24.6182 -9.990e-29
 203.460425      2.425  35.860223    10.6467     5.4261      2.405    32.1483    24.6171 -9.990e-29
 203.460428      2.428  35.859114    10.6468     5.4284      2.408    32.1471    24.6161 -9.990e-29
 203.460431      2.427  35.858293    10.6470     5.4330      2.407    32.1462    24.6153 -9.990e-29
 203.460434      2.422  35.857864    10.6473     5.4377      2.402    32.1455    24.6147 -9.990e-29
 203.460437      2.412  35.857673    10.6475     5.4445      2.392    32.1451    24.6144 -9.990e-29
 203.460440      2.400  35.857515    10.6477     5.4485      2.380    32.1448    24.6141 -9.990e-29
 203.460443      2.389  35.857320    10.6479     5.4536      2.369    32.1444    24.6138 -9.990e-29
 203.460446      2.381  35.857146    10.6479     5.4560      2.361    32.1442    24.6137 -9.990e-29
 203.460448      2.379  35.857057    10.6479     5.4579      2.359    32.1442    24.6136 -9.990e-29
 203.460451      2.382  35.857053    10.6479     5.4560      2.362    32.1441    24.6136 -9.990e-29
 203.460454      2.390  35.857061    10.6479     5.4531      2.370    32.1442    24.6136 -9.990e-29
 203.460457      2.401  35.857042    10.6480     5.4473      2.381    32.1440    24.6135 -9.990e-29
 203.460460      2.413  35.856859    10.6484     5.4440      2.393    32.1435    24.6130 -9.990e-29
 203.460463      2.424  35.856154    10.6494     5.4435      2.404    32.1419    24.6116 -9.990e-29
 203.460466      2.430  35.854471    10.6507     5.4440      2.410    32.1391    24.6092 -9.990e-29
 203.460469      2.433  35.851415    10.6521     5.4466      2.413    32.1348    24.6056 -9.990e-29
 203.460472      2.433  35.847123    10.6535     5.4501      2.413    32.1293    24.6011 -9.990e-29
 203.460475      2.429  35.842570    10.6547     5.4560      2.409    32.1237    24.5965 -9.990e-29
 203.460477      2.423  35.838751    10.6556     5.4614      2.403    32.1191    24.5928 -9.990e-29
 203.460480      2.415  35.835898    10.6562     5.4660      2.395    32.1158    24.5901 -9.990e-29
 203.460483      2.405  35.833825    10.6566     5.4693      2.385    32.1133    24.5881 -9.990e-29
 203.460486      2.394  35.832443    10.6569     5.4696      2.374    32.1117    24.5868 -9.990e-29
 203.460489      2.383  35.831690    10.6573     5.4679      2.363    32.1106    24.5859 -9.990e-29
 203.460492      2.374  35.831410    10.6577     5.4687      2.354    32.1100    24.5853 -9.990e-29
 203.460495      2.368  35.831435    10.6581     5.4658      2.348    32.1097    24.5850 -9.990e-29
 203.460498      2.369  35.831600    10.6583     5.4637      2.349    32.1096    24.5850 -9.990e-29
 203.460501      2.376  35.831728    10.6584     5.4610      2.356    32.1097    24.5850 -9.990e-29
 203.460503      2.389  35.831460    10.6585     5.4568      2.369    32.1093    24.5847 -9.990e-29
 203.460506      2.405  35.830397    10.6586     5.4503      2.385    32.1082    24.5837 -9.990e-29
 203.460509      2.421  35.828751    10.6588     5.4474      2.401    32.1063    24.5823 -9.990e-29
 203.460512      2.433  35.827210    10.6590     5.4466      2.413    32.1046    24.5809 -9.990e-29
 203.460515      2.439  35.826207    10.6591     5.4499      2.419    32.1035    24.5801 -9.990e-29
 203.460518      2.439  35.825712    10.6591     5.4488      2.419    32.1031    24.5797 -9.990e-29
 203.460521      2.433  35.825534    10.6592     5.4524      2.413    32.1028    24.5795 -9.990e-29
 203.460524      2.425  35.825579    10.6592     5.4536      2.405    32.1028    24.5795 -9.990e-29
 203.460527      2.415  35.825787    10.6592     5.4541      2.395    32.1030    24.5797 -9.990e-29
 203.460530      2.409  35.826041    10.6592     5.4547      2.389    32.1033    24.5799 -9.990e-29
 203.460532      2.407  35.826189    10.6593     5.4557      2.387    32.1034    24.5799 -9.990e-29
 203.460535      2.410  35.826179    10.6594     5.4562      2.390    32.1033    24.5798 -9.990e-29
 203.460538      2.419  35.826121    10.6596     5.4548      2.399    32.1030    24.5796 -9.990e-29
 203.460541      2.430  35.826073    10.6598     5.4551      2.410    32.1028    24.5794 -9.990e-29
 203.460544      2.439  35.825932    10.6601     5.4517      2.419    32.1024    24.5790 -9.990e-29
 203.460547      2.445  35.825722    10.6604     5.4514      2.425    32.1019    24.5786 -9.990e-29
 203.460550      2.448  35.825603    10.6608     5.4445      2.428    32.1014    24.5781 -9.990e-29
 203.460553      2.447  35.825570    10.6613     5.4427      2.427    32.1010    24.5777 -9.990e-29
 203.460556      2.447  35.825548    10.6619     5.4420      2.427    32.1004    24.5772 -9.990e-29
 203.460558      2.447  35.825508    10.6625     5.4397      2.427    32.0999    24.5766 -9.990e-29
 203.460561      2.448  35.825414    10.6630     5.4436      2.428    32.0993    24.5761 -9.990e-29
 203.460564      2.448  35.825311    10.6634     5.4423      2.428    32.0989    24.5757 -9.990e-29
 203.460567      2.444  35.825259    10.6640     5.4459      2.424    32.0983    24.5751 -9.990e-29
 203.460570      2.436  35.825264    10.6646     5.4537      2.416    32.0978    24.5746 -9.990e-29
 203.460573      2.424  35.825353    10.6653     5.4555      2.404    32.0972    24.5741 -9.990e-29
 203.460576      2.411  35.825574    10.6659     5.4607      2.391    32.0969    24.5738 -9.990e-29
 203.460579      2.401  35.825896    10.6664     5.4695      2.381    32.0968    24.5736 -9.990e-29
 203.460582      2.395  35.826223    10.6666     5.4665      2.375    32.0970    24.5737 -9.990e-29
 203.460584      2.396  35.826486    10.6666     5.4704      2.376    32.0972    24.5739 -9.990e-29
 203.460587      2.403  35.826578    10.6663     5.4678      2.383    32.0976    24.5742 -9.990e-29
 203.460590      2.411  35.826369    10.6661     5.4641      2.391    32.0976    24.5742 -9.990e-29
 203.460593      2.417  35.825968    10.6659     5.4591      2.397    32.0973    24.5741 -9.990e-29
 203.460596      2.417  35.825670    10.6658     5.4550      2.397    32.0971    24.5739 -9.990e-29
 203.460599      2.411  35.825608    10.6659     5.4514      2.391    32.0970    24.5738 -9.990e-29
 203.460602      2.398  35.825761    10.6662     5.4525      2.378    32.0969    24.5736 -9.990e-29
 203.460605      2.381  35.826126    10.6668     5.4580      2.361    32.0967    24.5734 -9.990e-29
 203.460608      2.366  35.826740    10.6675     5.4595      2.346    32.0967    24.5733 -9.990e-29
 203.460611      2.357  35.827593    10.6683     5.4552      2.337    32.0969    24.5733 -9.990e-29
 203.460613      2.357  35.828554    10.6691     5.4590      2.337    32.0971    24.5733 -9.990e-29
 203.460616      2.366  35.829417    10.6698     5.4694      2.346    32.0974    24.5734 -9.990e-29
 203.460619      2.382  35.830023    10.6703     5.4689      2.362    32.0975    24.5734 -9.990e-29
 203.460622      2.400  35.830351    10.6706     5.4754      2.380    32.0976    24.5734 -9.990e-29
 203.460625      2.419  35.830464    10.6706     5.4579      2.399    32.0977    24.5735 -9.990e-29
 203.460628      2.434  35.830352    10.6704     5.4569      2.414    32.0977    24.5736 -9.990e-29
 203.460631      2.446  35.830034    10.6700     5.4678      2.426    32.0978    24.5737 -9.990e-29
 203.460634      2.452  35.829618    10.6696     5.4718      2.432    32.0977    24.5737 -9.990e-29
 203.460637      2.453  35.829143    10.6693     5.4646      2.433    32.0975    24.5736 -9.990e-29
 203.460639      2.450  35.828656    10.6692     5.4541      2.430    32.0971    24.5733 -9.990e-29
 203.460642      2.442  35.828313    10.6691     5.4503      2.422    32.0968    24.5731 -9.990e-29
 203.460645      2.431  35.828246    10.6692     5.4484      2.411    32.0967    24.5730 -9.990e-29
 203.460648      2.418  35.828411    10.6694     5.4484      2.398    32.0967    24.5730 -9.990e-29
 203.460651      2.406  35.828723    10.6697     5.4463      2.386    32.0967    24.5729 -9.990e-29
 203.460654      2.399  35.829227    10.6698     5.4414      2.379    32.0972    24.5733 -9.990e-29
 203.460657      2.397  35.829934    10.6697     5.4399      2.377    32.0980    24.5739 -9.990e-29
 203.460660      2.402  35.830706    10.6692     5.4430      2.382    32.0992    24.5749 -9.990e-29
 203.460663      2.411  35.831363    10.6687     5.4454      2.391    32.1002    24.5758 -9.990e-29
 203.460666      2.420  35.831873    10.6681     5.4449      2.400    32.1013    24.5768 -9.990e-29
 203.460668      2.427  35.832329    10.6676     5.4453      2.407    32.1022    24.5775 -9.990e-29
 203.460671      2.427  35.832766    10.6672     5.4510      2.407    32.1030    24.5782 -9.990e-29
 203.460674      2.420  35.833305    10.6670     5.4525      2.400    32.1037    24.5788 -9.990e-29
 203.460677      2.406  35.834073    10.6668     5.4528      2.386    32.1046    24.5796 -9.990e-29
 203.460680      2.388  35.834966    10.6665     5.4511      2.368    32.1058    24.5805 -9.990e-29
 203.460683      2.370  35.835994    10.6659     5.4472      2.350    32.1073    24.5818 -9.990e-29
 203.460686      2.357  35.837384    10.6651     5.4451      2.337    32.1094    24.5836 -9.990e-29
 203.460689      2.352  35.839045    10.6640     5.4392      2.332    32.1121    24.5858 -9.990e-29
 203.460692      2.357  35.840512    10.6626     5.4377      2.337    32.1147    24.5882 -9.990e-29
 203.460694      2.372  35.841359    10.6613     5.4362      2.352    32.1167    24.5899 -9.990e-29
 203.460697      2.394  35.841192    10.6601     5.4395      2.374    32.1176    24.5908 -9.990e-29
 203.460700      2.418  35.839930    10.6592     5.4408      2.398    32.1171    24.5906 -9.990e-29
 203.460703      2.441  35.838312    10.6586     5.4392      2.421    32.1160    24.5899 -9.990e-29
 203.460706      2.457  35.837099    10.6583     5.4374      2.436    32.1151    24.5892 -9.990e-29
 203.460709      2.464  35.836357    10.6581     5.4310      2.443    32.1145    24.5888 -9.990e-29
 203.460712      2.462  35.835964    10.6581     5.4271      2.441    32.1141    24.5885 -9.990e-29
 203.460715      2.451  35.835903    10.6581     5.4237      2.431    32.1141    24.5884 -9.990e-29
 203.460718      2.435  35.836110    10.6580     5.4233      2.415    32.1144    24.5887 -9.990e-29
 203.460720      2.415  35.836528    10.6577     5.4257      2.395    32.1151    24.5893 -9.990e-29
 203.460723      2.394  35.837179    10.6571     5.4287      2.374    32.1162    24.5903 -9.990e-29
 203.460726      2.374  35.838107    10.6564     5.4352      2.354    32.1178    24.5916 -9.990e-29
 203.460729      2.358  35.839387    10.6557     5.4391      2.338    32.1197    24.5932 -9.990e-29
 203.460732      2.346  35.840754    10.6548     5.4448      2.326    32.1219    24.5951 -9.990e-29
 203.460735      2.342  35.841899    10.6537     5.4491      2.322    32.1240    24.5969 -9.990e-29
 203.460738      2.344  35.843421    10.6526     5.4491      2.324    32.1264    24.5990 -9.990e-29
 203.460741      2.355  35.846337    10.6518     5.4477      2.335    32.1301    24.6020 -9.990e-29
 203.460744      2.372  35.850394    10.6512     5.4476      2.352    32.1346    24.6056 -9.990e-29
 203.460747      2.394  35.853880    10.6508     5.4484      2.374    32.1384    24.6087 -9.990e-29
 203.460749      2.418  35.855924    10.6506     5.4522      2.398    32.1406    24.6104 -9.990e-29
 203.460752      2.439  35.857264    10.6506     5.4545      2.419    32.1420    24.6114 -9.990e-29
 203.460755      2.456  35.858602    10.6507     5.4556      2.435    32.1432    24.6124 -9.990e-29
 203.460758      2.467  35.859748    10.6510     5.4559      2.446    32.1441    24.6130 -9.990e-29
 203.460761      2.473  35.860056    10.6514     5.4565      2.452    32.1440    24.6129 -9.990e-29
 203.460764      2.473  35.859430    10.6519     5.4588      2.452    32.1430    24.6120 -9.990e-29
 203.460767      2.468  35.858482    10.6524     5.4605      2.447    32.1416    24.6108 -9.990e-29
 203.460770      2.458  35.857565    10.6529     5.4604      2.437    32.1402    24.6097 -9.990e-29
 203.460773      2.443  35.856584    10.6533     5.4604      2.423    32.1389    24.6086 -9.990e-29
 203.460775      2.425  35.855541    10.6538     5.4700      2.405    32.1374    24.6074 -9.990e-29
 203.460778      2.407  35.854596    10.6543     5.4805      2.387    32.1361    24.6062 -9.990e-29
 203.460781      2.392  35.853769    10.6549     5.4647      2.372    32.1347    24.6051 -9.990e-29
 203.460784      2.382  35.852882    10.6557     5.4610      2.362    32.1331    24.6037 -9.990e-29
 203.460787      2.381  35.851786    10.6567     5.4592      2.361    32.1312    24.6020 -9.990e-29
 203.460790      2.388  35.850428    10.6580     5.4669      2.368    32.1287    24.5998 -9.990e-29
 203.460793      2.402  35.848736    10.6596     5.4551      2.382    32.1256    24.5971 -9.990e-29
 203.460796      2.420  35.846543    10.6612     5.4545      2.400    32.1220    24.5940 -9.990e-29
 203.460799      2.440  35.843919    10.6630     5.4500      2.420    32.1178    24.5905 -9.990e-29
 203.460802      2.457  35.841408    10.6649     5.4478      2.436    32.1136    24.5869 -9.990e-29
 203.460804      2.469  35.839217    10.6666     5.4503      2.448    32.1099    24.5837 -9.990e-29
 203.460807      2.475  35.836978    10.6678     5.4474      2.454    32.1066    24.5809 -9.990e-29
 203.460810      2.473  35.834834    10.6684     5.4431      2.452    32.1039    24.5788 -9.990e-29
 203.460813      2.464  35.833316    10.6684     5.4390      2.443    32.1024    24.5776 -9.990e-29
 203.460816      2.449  35.832619    10.6679     5.4406      2.429    32.1022    24.5775 -9.990e-29
 203.460819      2.432  35.832618    10.6670     5.4386      2.412    32.1030    24.5783 -9.990e-29
