data/oxygen options/ONMS/Olympic_Coast_National_Marine_Sanctuary_CTD_Data_2005_2023/raw_data/2008/SBE19plus/CTD_CA065_071408faed.cnv
* Sea-Bird SBE19plus Data File:
* FileName = C:\2008_Mooring_Data\071408_sevice\CTD_CA065_071408.hex
* Software Version 1.59
* Temperature SN =  4671
* Conductivity SN =  4671
* System UpLoad Time = Jul 14 2008 15:15:32
* ds
* SeacatPlus V 1.6b  SERIAL NO. 4671    14 Jul 2008  15:14:52
# nquan = 9                                 
# nvalues = 4645                        
# units = specified
# name 0 = timeJ: Julian Days
# name 1 = prdM: Pressure, Strain Gauge [db]
# name 2 = c0mS/cm: Conductivity [mS/cm]
# name 3 = tv290C: Temperature [ITS-90, deg C]
# name 4 = sbeox0ML/L: Oxygen, SBE 43 [ml/l]
# name 5 = depSM: Depth [salt water, m], lat = 47.5
# name 6 = sal00: Salinity, Practical [PSU]
# name 7 = sigma-é00: Density [sigma-theta, kg/m^3]
# name 8 = flag: flag
# span 0 = 196.613206, 196.626644       
# span 1 =     -0.007,     58.411       
# span 2 =  -0.070479,  37.757111       
# span 3 =     6.7948,    12.8885       
# span 4 =     1.9581,     7.5364       
# span 5 =     -0.007,     57.915       
# span 6 =     0.0000,    33.9462       
# span 7 =    -0.5638,    26.6127       
# span 8 = 0.0000e+00, 0.0000e+00       
# interval = seconds: 0.25
# start_time = Jul 14 2008 14:43:01 [Instrument's time stamp, header]
# bad_flag = -9.990e-29
*END*
[from data line 1761]
 196.618302     30.451  34.318929     7.7476     3.1525     30.195    33.1974    25.8953 -9.990e-29
 196.618304     30.473  34.319241     7.7463     3.1544     30.216    33.1990    25.8967 -9.990e-29
 196.618307     30.496  34.318943     7.7445     3.1555     30.239    33.2004    25.8980 -9.990e-29
 196.618310     30.513  34.318126     7.7426     3.1603     30.256    33.2013    25.8990 -9.990e-29
 196.618313     30.525  34.316935     7.7410     3.1588     30.268    33.2015    25.8995 -9.990e-29
 196.618316     30.531  34.315631     7.7398     3.1581     30.274    33.2013    25.8994 -9.990e-29
 196.618319     30.532  34.314595     7.7390     3.1557     30.275    33.2009    25.8993 -9.990e-29
 196.618322     30.530  34.313982     7.7385     3.1535     30.273    33.2007    25.8992 -9.990e-29
 196.618325     30.526  34.313626     7.7382     3.1461     30.269    33.2007    25.8992 -9.990e-29
 196.618328     30.519  34.313414     7.7380     3.1416     30.262    33.2006    25.8992 -9.990e-29
 196.618330     30.506  34.313331     7.7381     3.1341     30.249    33.2004    25.8990 -9.990e-29
 196.618333     30.488  34.313314     7.7385     3.1286     30.231    33.2001    25.8986 -9.990e-29
 196.618336     30.463  34.313332     7.7394     3.1223     30.207    33.1992    25.8979 -9.990e-29
 196.618339     30.437  34.313514     7.7407     3.1219     30.181    33.1982    25.8969 -9.990e-29
 196.618342     30.415  34.314055     7.7420     3.1204     30.159    33.1975    25.8962 -9.990e-29
 196.618345     30.404  34.314953     7.7431     3.1235     30.148    33.1975    25.8960 -9.990e-29
 196.618348     30.411  34.315976     7.7435     3.1304     30.155    33.1982    25.8965 -9.990e-29
 196.618351     30.439  34.316879     7.7428     3.1348     30.183    33.1998    25.8978 -9.990e-29
 196.618354     30.488  34.317391     7.7406     3.1441     30.231    33.2024    25.9002 -9.990e-29
 196.618356     30.553  34.317202     7.7364     3.1533     30.296    33.2062    25.9038 -9.990e-29
 196.618359     30.626  34.316071     7.7304     3.1606     30.368    33.2107    25.9082 -9.990e-29
 196.618362     30.697  34.313782     7.7235     3.1673     30.439    33.2148    25.9124 -9.990e-29
 196.618365     30.756  34.310217     7.7169     3.1738     30.497    33.2172    25.9152 -9.990e-29
 196.618368     30.795  34.305712     7.7118     3.1783     30.536    33.2172    25.9159 -9.990e-29
 196.618371     30.810  34.301276     7.7086     3.1873     30.551    33.2155    25.9150 -9.990e-29
 196.618374     30.801  34.297832     7.7077     3.1883     30.542    33.2126    25.9129 -9.990e-29
 196.618377     30.773  34.295668     7.7092     3.1882     30.514    33.2089    25.9098 -9.990e-29
 196.618380     30.731  34.295064     7.7124     3.1888     30.472    33.2052    25.9064 -9.990e-29
 196.618383     30.678  34.296113     7.7167     3.1892     30.420    33.2023    25.9035 -9.990e-29
 196.618385     30.620  34.298364     7.7213     3.1901     30.362    33.2003    25.9013 -9.990e-29
 196.618388     30.560  34.301282     7.7258     3.1885     30.303    33.1992    25.8998 -9.990e-29
 196.618391     30.502  34.304336     7.7298     3.1856     30.245    33.1987    25.8988 -9.990e-29
 196.618394     30.448  34.307095     7.7334     3.1821     30.192    33.1983    25.8980 -9.990e-29
 196.618397     30.402  34.309413     7.7365     3.1800     30.146    33.1978    25.8972 -9.990e-29
 196.618400     30.364  34.311370     7.7392     3.1744     30.108    33.1974    25.8964 -9.990e-29
 196.618403     30.338  34.313122     7.7415     3.1698     30.083    33.1971    25.8959 -9.990e-29
 196.618406     30.324  34.314729     7.7432     3.1628     30.069    33.1972    25.8957 -9.990e-29
 196.618409     30.325  34.316114     7.7445     3.1574     30.070    33.1974    25.8957 -9.990e-29
 196.618411     30.338  34.317211     7.7454     3.1556     30.083    33.1977    25.8958 -9.990e-29
 196.618414     30.363  34.318041     7.7457     3.1509     30.107    33.1983    25.8963 -9.990e-29
 196.618417     30.398  34.318621     7.7456     3.1491     30.142    33.1990    25.8968 -9.990e-29
 196.618420     30.442  34.318911     7.7450     3.1511     30.186    33.1999    25.8976 -9.990e-29
 196.618423     30.494  34.318900     7.7439     3.1561     30.237    33.2009    25.8985 -9.990e-29
 196.618426     30.551  34.318629     7.7420     3.1588     30.294    33.2024    25.9000 -9.990e-29
 196.618429     30.611  34.318090     7.7393     3.1635     30.353    33.2044    25.9019 -9.990e-29
 196.618432     30.669  34.317158     7.7356     3.1664     30.411    33.2069    25.9044 -9.990e-29
 196.618435     30.721  34.315672     7.7310     3.1685     30.462    33.2096    25.9072 -9.990e-29
 196.618438     30.761  34.313581     7.7259     3.1720     30.502    33.2122    25.9100 -9.990e-29
 196.618440     30.786  34.310907     7.7209     3.1770     30.527    33.2141    25.9122 -9.990e-29
 196.618443     30.796  34.307738     7.7169     3.1777     30.537    33.2145    25.9131 -9.990e-29
 196.618446     30.791  34.304463     7.7145     3.1816     30.532    33.2133    25.9125 -9.990e-29
 196.618449     30.774  34.301792     7.7138     3.1843     30.515    33.2111    25.9109 -9.990e-29
 196.618452     30.749  34.300291     7.7143     3.1897     30.490    33.2090    25.9091 -9.990e-29
 196.618455     30.720  34.299988     7.7155     3.1920     30.461    33.2076    25.9078 -9.990e-29
 196.618458     30.688  34.300568     7.7171     3.1934     30.430    33.2067    25.9069 -9.990e-29
 196.618461     30.653  34.301562     7.7186     3.1930     30.395    33.2063    25.9064 -9.990e-29
 196.618464     30.614  34.302548     7.7203     3.1861     30.356    33.2058    25.9057 -9.990e-29
 196.618466     30.568  34.303430     7.7224     3.1807     30.311    33.2047    25.9046 -9.990e-29
 196.618469     30.515  34.304295     7.7251     3.1718     30.258    33.2031    25.9030 -9.990e-29
 196.618472     30.458  34.305330     7.7282     3.1639     30.202    33.2013    25.9011 -9.990e-29
 196.618475     30.403  34.306787     7.7314     3.1574     30.147    33.1998    25.8995 -9.990e-29
 196.618478     30.356  34.308675     7.7344     3.1478     30.100    33.1990    25.8984 -9.990e-29
 196.618481     30.325  34.310687     7.7370     3.1380     30.070    33.1987    25.8978 -9.990e-29
 196.618484     30.316  34.312558     7.7388     3.1352     30.061    33.1990    25.8978 -9.990e-29
 196.618487     30.330  34.314157     7.7399     3.1257     30.075    33.1997    25.8982 -9.990e-29
 196.618490     30.367  34.315350     7.7398     3.1146     30.111    33.2011    25.8992 -9.990e-29
 196.618492     30.421  34.316046     7.7382     3.1075     30.165    33.2033    25.9012 -9.990e-29
 196.618495     30.487  34.316155     7.7349     3.1068     30.230    33.2065    25.9043 -9.990e-29
 196.618498     30.556  34.315406     7.7302     3.1126     30.299    33.2102    25.9078 -9.990e-29
 196.618501     30.620  34.313494     7.7246     3.1198     30.362    33.2134    25.9112 -9.990e-29
 196.618504     30.673  34.310488     7.7188     3.1338     30.415    33.2157    25.9138 -9.990e-29
 196.618507     30.714  34.306895     7.7135     3.1490     30.455    33.2169    25.9155 -9.990e-29
 196.618510     30.744  34.303214     7.7090     3.1688     30.485    33.2172    25.9163 -9.990e-29
 196.618513     30.765  34.299824     7.7052     3.1862     30.506    33.2172    25.9169 -9.990e-29
 196.618516     30.779  34.297099     7.7016     3.2015     30.520    33.2177    25.9178 -9.990e-29
 196.618519     30.788  34.294986     7.6977     3.2103     30.529    33.2191    25.9195 -9.990e-29
 196.618521     30.788  34.292998     7.6932     3.2172     30.529    33.2213    25.9218 -9.990e-29
 196.618524     30.775  34.290671     7.6884     3.2229     30.516    33.2234    25.9241 -9.990e-29
 196.618527     30.743  34.287710     7.6846     3.2263     30.484    33.2238    25.9250 -9.990e-29
 196.618530     30.688  34.284035     7.6835     3.2217     30.430    33.2209    25.9229 -9.990e-29
 196.618533     30.609  34.280318     7.6863     3.2192     30.351    33.2143    25.9173 0.0000e+00
 196.618536     30.512  34.278400     7.6925     3.2100     30.255    33.2064    25.9102 0.0000e+00
 196.618539     30.402  34.279958     7.7008     3.1999     30.146    33.2002    25.9041 0.0000e+00
 196.618542     30.290  34.284674     7.7101     3.1879     30.035    33.1964    25.8999 0.0000e+00
 196.618545     30.185  34.290842     7.7194     3.1734     29.931    33.1943    25.8968 0.0000e+00
 196.618547     30.097  34.297171     7.7282     3.1605     29.844    33.1927    25.8943 -9.990e-29
 196.618550     30.035  34.303136     7.7358     3.1483     29.782    33.1919    25.8926 -9.990e-29
 196.618553     30.004  34.308581     7.7416     3.1486     29.751    33.1922    25.8921 -9.990e-29
 196.618556     30.004  34.313376     7.7453     3.1451     29.751    33.1939    25.8928 -9.990e-29
 196.618559     30.034  34.317064     7.7473     3.1492     29.781    33.1959    25.8941 -9.990e-29
 196.618562     30.089  34.319273     7.7475     3.1573     29.836    33.1981    25.8958 -9.990e-29
 196.618565     30.162  34.320309     7.7462     3.1683     29.908    33.2004    25.8978 -9.990e-29
 196.618568     30.244  34.320538     7.7434     3.1759     29.989    33.2033    25.9005 -9.990e-29
 196.618571     30.327  34.319848     7.7390     3.1872     30.072    33.2067    25.9038 -9.990e-29
 196.618573     30.404  34.318207     7.7331     3.1951     30.148    33.2105    25.9076 -9.990e-29
 196.618576     30.468  34.315712     7.7260     3.1972     30.211    33.2146    25.9118 -9.990e-29
 196.618579     30.516  34.312277     7.7186     3.2022     30.259    33.2179    25.9155 -9.990e-29
 196.618582     30.545  34.307892     7.7120     3.2014     30.288    33.2195    25.9177 -9.990e-29
 196.618585     30.557  34.303027     7.7074     3.1981     30.300    33.2186    25.9177 -9.990e-29
 196.618588     30.550  34.298577     7.7054     3.1959     30.293    33.2157    25.9157 -9.990e-29
 196.618591     30.526  34.295456     7.7061     3.1961     30.269    33.2117    25.9125 -9.990e-29
 196.618594     30.488  34.294200     7.7089     3.1933     30.231    33.2077    25.9089 -9.990e-29
 196.618597     30.442  34.294794     7.7131     3.2008     30.186    33.2044    25.9057 -9.990e-29
 196.618600     30.392  34.296818     7.7180     3.2017     30.136    33.2019    25.9030 -9.990e-29
 196.618602     30.345  34.299697     7.7228     3.2054     30.090    33.2005    25.9012 -9.990e-29
 196.618605     30.307  34.302892     7.7270     3.2079     30.052    33.1999    25.9002 -9.990e-29
 196.618608     30.278  34.305904     7.7303     3.2090     30.023    33.2000    25.8998 -9.990e-29
 196.618611     30.260  34.308392     7.7327     3.2111     30.005    33.2004    25.8997 -9.990e-29
 196.618614     30.251  34.310270     7.7344     3.2103     29.996    33.2008    25.8998 -9.990e-29
 196.618617     30.249  34.311571     7.7356     3.2120     29.994    33.2011    25.8998 -9.990e-29
 196.618620     30.248  34.312467     7.7364     3.2114     29.993    33.2013    25.8999 -9.990e-29
 196.618623     30.248  34.313126     7.7370     3.2096     29.993    33.2014    25.8999 -9.990e-29
 196.618626     30.243  34.313572     7.7376     3.2065     29.988    33.2013    25.8998 -9.990e-29
 196.618628     30.232  34.313842     7.7382     3.2034     29.977    33.2010    25.8995 -9.990e-29
 196.618631     30.216  34.314070     7.7391     3.1967     29.962    33.2004    25.8988 -9.990e-29
 196.618634     30.194  34.314406     7.7401     3.1897     29.940    33.1998    25.8982 -9.990e-29
 196.618637     30.171  34.314898     7.7413     3.1847     29.917    33.1992    25.8976 -9.990e-29
 196.618640     30.149  34.315507     7.7426     3.1747     29.895    33.1987    25.8970 -9.990e-29
 196.618643     30.134  34.316202     7.7440     3.1693     29.880    33.1981    25.8963 -9.990e-29
 196.618646     30.129  34.316993     7.7453     3.1660     29.875    33.1977    25.8958 -9.990e-29
 196.618649     30.137  34.317877     7.7462     3.1625     29.883    33.1978    25.8958 -9.990e-29
 196.618652     30.160  34.318768     7.7465     3.1628     29.906    33.1984    25.8962 -9.990e-29
 196.618655     30.195  34.319475     7.7461     3.1682     29.941    33.1996    25.8972 -9.990e-29
 196.618657     30.239  34.319801     7.7448     3.1733     29.984    33.2011    25.8986 -9.990e-29
 196.618660     30.288  34.319637     7.7426     3.1854     30.033    33.2030    25.9004 -9.990e-29
 196.618663     30.337  34.318956     7.7394     3.1945     30.082    33.2053    25.9027 -9.990e-29
 196.618666     30.382  34.317753     7.7353     3.1996     30.126    33.2079    25.9053 -9.990e-29
 196.618669     30.420  34.315984     7.7304     3.2031     30.164    33.2107    25.9082 -9.990e-29
 196.618672     30.448  34.313630     7.7250     3.2061     30.192    33.2133    25.9110 -9.990e-29
 196.618675     30.460  34.310731     7.7198     3.2041     30.204    33.2151    25.9132 -9.990e-29
 196.618678     30.455  34.307412     7.7160     3.2039     30.199    33.2152    25.9138 -9.990e-29
 196.618681     30.431  34.303997     7.7143     3.1999     30.175    33.2131    25.9124 -9.990e-29
 196.618683     30.391  34.301229     7.7151     3.1954     30.135    33.2094    25.9094 -9.990e-29
 196.618686     30.340  34.299977     7.7180     3.1941     30.085    33.2053    25.9057 -9.990e-29
 196.618689     30.286  34.300450     7.7224     3.1857     30.031    33.2017    25.9022 -9.990e-29
 196.618692     30.237  34.302309     7.7275     3.1793     29.982    33.1988    25.8993 -9.990e-29
 196.618695     30.201  34.305163     7.7321     3.1736     29.947    33.1975    25.8976 -9.990e-29
 196.618698     30.181  34.308454     7.7358     3.1671     29.927    33.1975    25.8971 -9.990e-29
 196.618701     30.176  34.311454     7.7384     3.1602     29.922    33.1983    25.8973 -9.990e-29
 196.618704     30.184  34.313695     7.7399     3.1585     29.930    33.1993    25.8978 -9.990e-29
 196.618707     30.200  34.315174     7.7402     3.1626     29.946    33.2006    25.8988 -9.990e-29
 196.618709     30.224  34.316007     7.7396     3.1664     29.970    33.2020    25.9000 -9.990e-29
 196.618712     30.252  34.316201     7.7384     3.1743     29.997    33.2034    25.9013 -9.990e-29
 196.618715     30.286  34.315804     7.7365     3.1797     30.031    33.2047    25.9026 -9.990e-29
 196.618718     30.322  34.315033     7.7339     3.1863     30.067    33.2064    25.9043 -9.990e-29
 196.618721     30.358  34.314006     7.7302     3.1930     30.102    33.2088    25.9067 -9.990e-29
 196.618724     30.389  34.312625     7.7253     3.1995     30.133    33.2119    25.9099 -9.990e-29
 196.618727     30.409  34.310653     7.7200     3.2009     30.153    33.2149    25.9129 -9.990e-29
 196.618730     30.413  34.307796     7.7156     3.2022     30.157    33.2160    25.9144 -9.990e-29
 196.618733     30.400  34.304215     7.7133     3.2064     30.144    33.2143    25.9135 -9.990e-29
 196.618736     30.374  34.300887     7.7133     3.2100     30.118    33.2108    25.9107 -9.990e-29
 196.618738     30.338  34.299114     7.7148     3.2130     30.083    33.2075    25.9079 -9.990e-29
 196.618741     30.298  34.299285     7.7172     3.2143     30.043    33.2054    25.9059 -9.990e-29
 196.618744     30.259  34.300652     7.7199     3.2115     30.004    33.2043    25.9046 -9.990e-29
 196.618747     30.225  34.302395     7.7225     3.2083     29.971    33.2037    25.9038 -9.990e-29
 196.618750     30.194  34.304101     7.7251     3.2034     29.940    33.2031    25.9029 -9.990e-29
 196.618753     30.165  34.305599     7.7280     3.1914     29.911    33.2019    25.9016 -9.990e-29
 196.618756     30.138  34.306990     7.7313     3.1798     29.884    33.2003    25.8999 -9.990e-29
 196.618759     30.110  34.308535     7.7348     3.1711     29.857    33.1986    25.8980 -9.990e-29
