data/oxygen options/ONMS/Olympic_Coast_National_Marine_Sanctuary_CTD_Data_2005_2023/raw_data/2008/SBE19plus/CTD_CA015_090508faed.cnv
* Sea-Bird SBE19plus Data File:
* FileName = C:\2008_Mooring_Data\090508_service\CTD_CA015_090508.hex
* Software Version 1.59
* Temperature SN =  4671
* Conductivity SN =  4671
* System UpLoad Time = Sep 05 2008 13:22:49
* ds
* SeacatPlus V 1.6b  SERIAL NO. 4671    05 Sep 2008  13:22:34
# nquan = 9                                 
# nvalues = 2450                        
# units = specified
# name 0 = timeJ: Julian Days
# name 1 = prdM: Pressure, Strain Gauge [db]
# name 2 = c0mS/cm: Conductivity [mS/cm]
# name 3 = tv290C: Temperature [ITS-90, deg C]
# name 4 = sbeox0ML/L: Oxygen, SBE 43 [ml/l]
# name 5 = depSM: Depth [salt water, m], lat = 47.5
# name 6 = sal00: Salinity, Practical [PSU]
# name 7 = sigma-é00: Density [sigma-theta, kg/m^3]
# name 8 = flag: flag
# span 0 = 249.542824, 249.549910       
# span 1 =      0.054,     26.580       
# span 2 =   0.154037,  37.189361       
# span 3 =     7.9274,    14.3026       
# span 4 =     2.4324,     6.6803       
# span 5 =      0.054,     26.356       
# span 6 =     0.0934,    33.3934       
# span 7 =    -0.7160,    26.0228       
# span 8 = 0.0000e+00, 0.0000e+00       
# interval = seconds: 0.25
# start_time = Sep 05 2008 13:01:40 [Instrument's time stamp, header]
# bad_flag = -9.990e-29
*END*
[from data line 321]
 249.543753      1.789  37.015619    11.7209     5.1170      1.774    32.3447    24.5790 -9.990e-29
 249.543756      1.767  37.014485    11.6958     5.1839      1.752    32.3655    24.5998 -9.990e-29
 249.543759      1.752  36.994608    11.6620     5.2719      1.737    32.3756    24.6138 -9.990e-29
 249.543762      1.749  36.957012    11.6285     5.3516      1.734    32.3682    24.6142 -9.990e-29
 249.543764      1.757  36.909675    11.6020     5.4144      1.742    32.3452    24.6012 -9.990e-29
 249.543767      1.775  36.865074    11.5862     5.4475      1.760    32.3155    24.5810 -9.990e-29
 249.543770      1.796  36.834984    11.5833     5.4310      1.781    32.2887    24.5607 -9.990e-29
 249.543773      1.814  36.823850    11.5942     5.3670      1.799    32.2684    24.5429 -9.990e-29
 249.543776      1.822  36.832165    11.6155     5.3077      1.807    32.2579    24.5309 -9.990e-29
 249.543779      1.815  36.856616    11.6382     5.2869      1.800    32.2620    24.5299 -9.990e-29
 249.543782      1.792  36.884205    11.6524     5.3226      1.777    32.2765    24.5386 -9.990e-29
 249.543785      1.756  36.902063    11.6516     5.3994      1.741    32.2946    24.5528 -9.990e-29
 249.543788      1.715  36.906026    11.6351     5.4990      1.701    32.3128    24.5700 -9.990e-29
 249.543791      1.675  36.894965    11.6080     5.6132      1.661    32.3257    24.5849 -9.990e-29
 249.543793      1.645  36.870572    11.5776     5.7257      1.631    32.3285    24.5926 -9.990e-29
 249.543796      1.632  36.837663    11.5500     5.8082      1.618    32.3204    24.5914 -9.990e-29
 249.543799      1.636  36.801786    11.5287     5.8455      1.622    32.3040    24.5825 -9.990e-29
 249.543802      1.658  36.770567    11.5147     5.8487      1.644    32.2857    24.5708 -9.990e-29
 249.543805      1.691  36.749427    11.5071     5.8373      1.677    32.2717    24.5613 -9.990e-29
 249.543808      1.727  36.738572    11.5056     5.8202      1.713    32.2624    24.5543 -9.990e-29
 249.543811      1.760  36.736725    11.5092     5.8061      1.745    32.2574    24.5498 -9.990e-29
 249.543814      1.780  36.743640    11.5147     5.7953      1.765    32.2594    24.5503 -9.990e-29
 249.543817      1.785  36.757253    11.5177     5.7944      1.770    32.2701    24.5581 -9.990e-29
 249.543819      1.775  36.770881    11.5149     5.7971      1.760    32.2858    24.5708 -9.990e-29
 249.543822      1.758  36.776961    11.5058     5.8017      1.743    32.2997    24.5833 -9.990e-29
 249.543825      1.741  36.771468    11.4927     5.8002      1.726    32.3058    24.5904 -9.990e-29
 249.543828      1.731  36.754480    11.4786     5.7981      1.717    32.3015    24.5896 -9.990e-29
 249.543831      1.731  36.729171    11.4660     5.7934      1.717    32.2878    24.5812 -9.990e-29
 249.543834      1.737  36.702264    11.4555     5.7912      1.722    32.2706    24.5697 -9.990e-29
 249.543837      1.744  36.680696    11.4475     5.7897      1.729    32.2565    24.5602 -9.990e-29
 249.543840      1.747  36.665855    11.4418     5.7901      1.732    32.2470    24.5538 -9.990e-29
 249.543843      1.742  36.655722    11.4382     5.7908      1.727    32.2402    24.5492 -9.990e-29
 249.543845      1.729  36.648942    11.4360     5.7929      1.715    32.2355    24.5460 -9.990e-29
 249.543848      1.711  36.644799    11.4346     5.7946      1.697    32.2327    24.5440 -9.990e-29
 249.543851      1.694  36.642603    11.4336     5.7969      1.680    32.2314    24.5432 -9.990e-29
 249.543854      1.684  36.641495    11.4329     5.7945      1.670    32.2309    24.5430 -9.990e-29
 249.543857      1.684  36.640802    11.4323     5.7905      1.670    32.2308    24.5430 -9.990e-29
 249.543860      1.695  36.640359    11.4316     5.7871      1.681    32.2309    24.5432 -9.990e-29
 249.543863      1.712  36.640023    11.4311     5.7820      1.698    32.2310    24.5434 -9.990e-29
 249.543866      1.733  36.639506    11.4308     5.7820      1.719    32.2308    24.5432 -9.990e-29
 249.543869      1.752  36.638917    11.4308     5.7872      1.737    32.2302    24.5428 -9.990e-29
 249.543872      1.765  36.638552    11.4311     5.7963      1.750    32.2296    24.5423 -9.990e-29
 249.543874      1.772  36.638386    11.4316     5.8035      1.757    32.2290    24.5417 -9.990e-29
 249.543877      1.776  36.638351    11.4320     5.8109      1.761    32.2286    24.5413 -9.990e-29
 249.543880      1.777  36.638506    11.4324     5.8178      1.762    32.2284    24.5411 -9.990e-29
 249.543883      1.779  36.638833    11.4330     5.8225      1.764    32.2282    24.5408 -9.990e-29
 249.543886      1.780  36.639230    11.4339     5.8231      1.765    32.2278    24.5404 -9.990e-29
 249.543889      1.780  36.639686    11.4352     5.8246      1.765    32.2271    24.5396 -9.990e-29
 249.543892      1.776  36.640346    11.4366     5.8240      1.761    32.2265    24.5389 -9.990e-29
 249.543895      1.765  36.641362    11.4379     5.8227      1.750    32.2264    24.5386 -9.990e-29
 249.543898      1.751  36.642582    11.4388     5.8254      1.736    32.2268    24.5387 -9.990e-29
 249.543900      1.736  36.643606    11.4393     5.8274      1.722    32.2274    24.5391 -9.990e-29
 249.543903      1.724  36.644206    11.4397     5.8290      1.710    32.2276    24.5392 -9.990e-29
 249.543906      1.720  36.644452    11.4399     5.8338      1.706    32.2277    24.5392 -9.990e-29
 249.543909      1.724  36.644548    11.4399     5.8421      1.710    32.2278    24.5393 -9.990e-29
 249.543912      1.734  36.644640    11.4397     5.8502      1.720    32.2281    24.5395 -9.990e-29
 249.543915      1.746  36.644739    11.4393     5.8546      1.731    32.2285    24.5399 -9.990e-29
 249.543918      1.757  36.644659    11.4389     5.8568      1.742    32.2288    24.5402 -9.990e-29
 249.543921      1.765  36.644245    11.4386     5.8538      1.750    32.2286    24.5401 -9.990e-29
 249.543924      1.770  36.643744    11.4384     5.8512      1.755    32.2283    24.5399 -9.990e-29
 249.543927      1.774  36.643439    11.4380     5.8481      1.759    32.2283    24.5400 -9.990e-29
 249.543929      1.779  36.643306    11.4374     5.8470      1.764    32.2287    24.5405 -9.990e-29
 249.543932      1.788  36.643096    11.4369     5.8447      1.773    32.2290    24.5407 -9.990e-29
 249.543935      1.801  36.642619    11.4369     5.8454      1.786    32.2285    24.5404 -9.990e-29
 249.543938      1.815  36.642046    11.4378     5.8510      1.800    32.2271    24.5391 -9.990e-29
 249.543941      1.827  36.641786    11.4395     5.8588      1.812    32.2254    24.5375 -9.990e-29
 249.543944      1.833  36.642363    11.4412     5.8651      1.818    32.2245    24.5365 -9.990e-29
 249.543947      1.834  36.644009    11.4424     5.8719      1.819    32.2250    24.5367 -9.990e-29
 249.543950      1.828  36.646048    11.4431     5.8810      1.813    32.2264    24.5376 -9.990e-29
 249.543953      1.819  36.647401    11.4434     5.8869      1.804    32.2275    24.5384 -9.990e-29
 249.543955      1.810  36.647751    11.4434     5.8909      1.795    32.2278    24.5387 -9.990e-29
 249.543958      1.804  36.647625    11.4432     5.8939      1.789    32.2279    24.5388 -9.990e-29
 249.543961      1.801  36.647422    11.4428     5.8892      1.786    32.2280    24.5390 -9.990e-29
 249.543964      1.803  36.647044    11.4424     5.8843      1.788    32.2280    24.5390 -9.990e-29
 249.543967      1.806  36.646484    11.4419     5.8770      1.791    32.2279    24.5390 -9.990e-29
 249.543970      1.806  36.645905    11.4416     5.8716      1.791    32.2276    24.5388 -9.990e-29
 249.543973      1.798  36.645242    11.4415     5.8705      1.783    32.2270    24.5384 -9.990e-29
 249.543976      1.778  36.644515    11.4417     5.8790      1.763    32.2262    24.5377 -9.990e-29
 249.543979      1.746  36.644051    11.4423     5.8875      1.731    32.2252    24.5368 -9.990e-29
 249.543981      1.706  36.644027    11.4430     5.9084      1.692    32.2246    24.5362 -9.990e-29
 249.543984      1.664  36.644420    11.4437     5.9143      1.650    32.2244    24.5359 -9.990e-29
 249.543987      1.629  36.645087    11.4442     5.9224      1.615    32.2246    24.5360 -9.990e-29
 249.543990      1.606  36.645795    11.4442     5.9230      1.593    32.2253    24.5366 -9.990e-29
 249.543993      1.597  36.646325    11.4436     5.9238      1.584    32.2264    24.5375 -9.990e-29
 249.543996      1.602  36.646477    11.4425     5.9260      1.589    32.2275    24.5386 -9.990e-29
 249.543999      1.616  36.646137    11.4408     5.9225      1.603    32.2286    24.5397 -9.990e-29
 249.544002      1.632  36.645238    11.4389     5.9180      1.618    32.2294    24.5407 -9.990e-29
 249.544005      1.646  36.643765    11.4371     5.9158      1.632    32.2295    24.5411 -9.990e-29
 249.544008      1.654  36.641883    11.4358     5.9187      1.640    32.2288    24.5408 -9.990e-29
 249.544010      1.654  36.639973    11.4350     5.9197      1.640    32.2276    24.5400 -9.990e-29
 249.544013      1.652  36.638467    11.4347     5.9250      1.638    32.2264    24.5391 -9.990e-29
 249.544016      1.652  36.637597    11.4344     5.9280      1.638    32.2258    24.5387 -9.990e-29
 249.544019      1.659  36.637296    11.4339     5.9328      1.645    32.2260    24.5389 -9.990e-29
 249.544022      1.672  36.637255    11.4330     5.9330      1.658    32.2267    24.5397 -9.990e-29
 249.544025      1.689  36.637002    11.4322     5.9357      1.675    32.2271    24.5402 -9.990e-29
 249.544028      1.704  36.636264    11.4316     5.9363      1.690    32.2269    24.5401 -9.990e-29
 249.544031      1.710  36.635302    11.4317     5.9384      1.696    32.2259    24.5393 -9.990e-29
 249.544034      1.706  36.634569    11.4323     5.9410      1.692    32.2247    24.5382 -9.990e-29
 249.544036      1.690  36.634313    11.4335     5.9448      1.676    32.2234    24.5370 -9.990e-29
 249.544039      1.666  36.634600    11.4350     5.9453      1.652    32.2224    24.5359 -9.990e-29
 249.544042      1.642  36.635372    11.4364     5.9460      1.628    32.2219    24.5353 -9.990e-29
 249.544045      1.626  36.636501    11.4372     5.9468      1.612    32.2223    24.5355 -9.990e-29
 249.544048      1.620  36.637714    11.4370     5.9429      1.606    32.2237    24.5366 -9.990e-29
 249.544051      1.626  36.638484    11.4360     5.9395      1.612    32.2253    24.5380 -9.990e-29
 249.544054      1.641  36.638385    11.4344     5.9342      1.627    32.2266    24.5393 -9.990e-29
 249.544057      1.661  36.637489    11.4329     5.9311      1.647    32.2270    24.5399 -9.990e-29
 249.544060      1.680  36.636175    11.4317     5.9242      1.666    32.2268    24.5400 -9.990e-29
 249.544063      1.694  36.634858    11.4312     5.9196      1.680    32.2259    24.5394 -9.990e-29
 249.544065      1.704  36.633905    11.4313     5.9165      1.690    32.2249    24.5386 -9.990e-29
 249.544068      1.710  36.633492    11.4317     5.9175      1.696    32.2241    24.5379 -9.990e-29
 249.544071      1.717  36.633578    11.4324     5.9206      1.703    32.2236    24.5374 -9.990e-29
 249.544074      1.730  36.634007    11.4333     5.9210      1.716    32.2232    24.5369 -9.990e-29
 249.544077      1.749  36.634600    11.4342     5.9205      1.734    32.2230    24.5366 -9.990e-29
 249.544080      1.773  36.635267    11.4350     5.9164      1.758    32.2230    24.5364 -9.990e-29
 249.544083      1.797  36.636036    11.4358     5.9159      1.782    32.2230    24.5363 -9.990e-29
 249.544086      1.812  36.636858    11.4364     5.9184      1.797    32.2233    24.5364 -9.990e-29
 249.544089      1.813  36.637542    11.4369     5.9202      1.798    32.2235    24.5365 -9.990e-29
 249.544091      1.797  36.637998    11.4373     5.9204      1.782    32.2236    24.5365 -9.990e-29
 249.544094      1.767  36.638298    11.4377     5.9192      1.752    32.2236    24.5364 -9.990e-29
 249.544097      1.729  36.638526    11.4382     5.9175      1.715    32.2234    24.5362 -9.990e-29
 249.544100      1.693  36.638738    11.4386     5.9148      1.679    32.2233    24.5360 -9.990e-29
 249.544103      1.666  36.638971    11.4390     5.9100      1.652    32.2231    24.5358 -9.990e-29
 249.544106      1.654  36.639272    11.4394     5.9095      1.640    32.2231    24.5357 -9.990e-29
 249.544109      1.655  36.639647    11.4396     5.9097      1.641    32.2233    24.5358 -9.990e-29
 249.544112      1.665  36.640033    11.4397     5.9135      1.651    32.2236    24.5360 -9.990e-29
 249.544115      1.680  36.640358    11.4398     5.9199      1.666    32.2238    24.5362 -9.990e-29
 249.544117      1.694  36.640558    11.4400     5.9278      1.680    32.2238    24.5362 -9.990e-29
 249.544120      1.704  36.640642    11.4404     5.9333      1.690    32.2235    24.5359 -9.990e-29
 249.544123      1.710  36.640738    11.4410     5.9363      1.696    32.2231    24.5354 -9.990e-29
 249.544126      1.714  36.641023    11.4419     5.9415      1.700    32.2226    24.5349 -9.990e-29
 249.544129      1.718  36.641591    11.4428     5.9406      1.704    32.2224    24.5345 -9.990e-29
 249.544132      1.725  36.642356    11.4440     5.9382      1.711    32.2221    24.5341 -9.990e-29
 249.544135      1.734  36.643150    11.4453     5.9334      1.720    32.2217    24.5336 -9.990e-29
 249.544138      1.742  36.643977    11.4466     5.9231      1.727    32.2214    24.5331 -9.990e-29
 249.544141      1.748  36.644960    11.4477     5.9105      1.733    32.2214    24.5329 -9.990e-29
 249.544144      1.749  36.646015    11.4483     5.9015      1.734    32.2219    24.5332 -9.990e-29
 249.544146      1.745  36.646873    11.4486     5.8973      1.730    32.2225    24.5336 -9.990e-29
 249.544149      1.738  36.647408    11.4488     5.8988      1.723    32.2228    24.5338 -9.990e-29
 249.544152      1.730  36.647659    11.4490     5.9023      1.716    32.2229    24.5338 -9.990e-29
 249.544155      1.724  36.647756    11.4490     5.9103      1.710    32.2230    24.5339 -9.990e-29
 249.544158      1.724  36.647857    11.4489     5.9192      1.710    32.2232    24.5341 -9.990e-29
 249.544161      1.729  36.647947    11.4483     5.9236      1.715    32.2238    24.5347 -9.990e-29
 249.544164      1.739  36.647917    11.4473     5.9255      1.724    32.2246    24.5355 -9.990e-29
 249.544167      1.752  36.647619    11.4462     5.9220      1.737    32.2253    24.5362 -9.990e-29
 249.544170      1.763  36.646888    11.4452     5.9198      1.748    32.2254    24.5365 -9.990e-29
 249.544172      1.768  36.645803    11.4447     5.9202      1.753    32.2248    24.5361 -9.990e-29
 249.544175      1.762  36.644762    11.4448     5.9253      1.747    32.2237    24.5352 -9.990e-29
 249.544178      1.744  36.644193    11.4453     5.9295      1.729    32.2227    24.5344 -9.990e-29
 249.544181      1.716  36.644142    11.4459     5.9348      1.702    32.2222    24.5338 -9.990e-29
 249.544184      1.686  36.644414    11.4466     5.9390      1.672    32.2218    24.5334 -9.990e-29
 249.544187      1.660  36.644894    11.4472     5.9484      1.646    32.2218    24.5333 -9.990e-29
 249.544190      1.646  36.645407    11.4476     5.9567      1.632    32.2220    24.5334 -9.990e-29
 249.544193      1.647  36.645793    11.4479     5.9598      1.633    32.2221    24.5334 -9.990e-29
 249.544196      1.660  36.646072    11.4481     5.9549      1.646    32.2222    24.5334 -9.990e-29
 249.544198      1.679  36.646291    11.4483     5.9436      1.665    32.2222    24.5334 -9.990e-29
 249.544201      1.693  36.646441    11.4485     5.9278      1.679    32.2222    24.5334 -9.990e-29
 249.544204      1.694  36.646537    11.4488     5.9142      1.680    32.2220    24.5332 -9.990e-29
 249.544207      1.675  36.646645    11.4493     5.9085      1.661    32.2217    24.5328 -9.990e-29
 249.544210      1.636  36.646797    11.4500     5.9067      1.622    32.2212    24.5324 -9.990e-29
