data/oxygen options/ONMS/Olympic_Coast_National_Marine_Sanctuary_CTD_Data_2005_2023/raw_data/2008/SBE19plus/CTD_CE065_071508faed.cnv
* Sea-Bird SBE19plus Data File:
* FileName = C:\2008_Mooring_Data\071408_sevice\CTD_CE065_071508.hex
* Software Version 1.59
* Temperature SN =  4671
* Conductivity SN =  4671
* System UpLoad Time = Jul 15 2008 12:23:40
* ds
* SeacatPlus V 1.6b  SERIAL NO. 4671    15 Jul 2008  12:22:38
# nquan = 9                                 
# nvalues = 4184                        
# units = specified
# name 0 = timeJ: Julian Days
# name 1 = prdM: Pressure, Strain Gauge [db]
# name 2 = c0mS/cm: Conductivity [mS/cm]
# name 3 = tv290C: Temperature [ITS-90, deg C]
# name 4 = sbeox0ML/L: Oxygen, SBE 43 [ml/l]
# name 5 = depSM: Depth [salt water, m], lat = 47.5
# name 6 = sal00: Salinity, Practical [PSU]
# name 7 = sigma-é00: Density [sigma-theta, kg/m^3]
# name 8 = flag: flag
# span 0 = 197.438507, 197.450611       
# span 1 =     -0.006,     62.852       
# span 2 =  -0.030566,  36.032575       
# span 3 =     6.8141,    11.3877       
# span 4 =     1.1301,     8.0310       
# span 5 =     -0.006,     62.318       
# span 6 =     0.0000,    33.9456       
# span 7 =    -0.4313,    26.6141       
# span 8 = 0.0000e+00, 0.0000e+00       
# interval = seconds: 0.25
# start_time = Jul 15 2008 10:31:27 [Instrument's time stamp, header]
# bad_flag = -9.990e-29
*END*
[from data line 3521]
 197.448695     10.207  35.687411     9.2018     4.7213     10.122    33.2794    25.7392 -9.990e-29
 197.448698     10.199  35.687372     9.2019     4.7235     10.114    33.2792    25.7390 -9.990e-29
 197.448701     10.196  35.687362     9.2020     4.7234     10.111    33.2791    25.7390 -9.990e-29
 197.448704     10.197  35.687418     9.2021     4.7187     10.112    33.2791    25.7389 -9.990e-29
 197.448707     10.202  35.687519     9.2022     4.7069     10.117    33.2791    25.7389 -9.990e-29
 197.448709     10.213  35.687582     9.2023     4.6986     10.128    33.2791    25.7389 -9.990e-29
 197.448712     10.232  35.687536     9.2023     4.6891     10.146    33.2790    25.7388 -9.990e-29
 197.448715     10.258  35.687344     9.2024     4.6842     10.172    33.2787    25.7386 -9.990e-29
 197.448718     10.288  35.687023     9.2024     4.6850     10.202    33.2784    25.7383 -9.990e-29
 197.448721     10.317  35.686634     9.2024     4.6889     10.231    33.2779    25.7380 -9.990e-29
 197.448724     10.345  35.686226     9.2023     4.6949     10.258    33.2776    25.7377 -9.990e-29
 197.448727     10.373  35.685903     9.2022     4.7022     10.286    33.2773    25.7375 -9.990e-29
 197.448730     10.404  35.685820     9.2020     4.7127     10.317    33.2774    25.7376 -9.990e-29
 197.448733     10.443  35.686017     9.2017     4.7181     10.356    33.2779    25.7380 -9.990e-29
 197.448736     10.493  35.686417     9.2011     4.7220     10.405    33.2789    25.7389 -9.990e-29
 197.448738     10.554  35.686973     9.2002     4.7234     10.466    33.2802    25.7401 -9.990e-29
 197.448741     10.620  35.687762     9.1991     4.7243     10.531    33.2821    25.7417 -9.990e-29
 197.448744     10.682  35.689017     9.1979     4.7226     10.593    33.2844    25.7438 -9.990e-29
 197.448747     10.730  35.690738     9.1969     4.7177     10.640    33.2871    25.7460 -9.990e-29
 197.448750     10.753  35.692357     9.1964     4.7147     10.663    33.2893    25.7478 -9.990e-29
 197.448753     10.747  35.693305     9.1965     4.7095     10.657    33.2902    25.7485 -9.990e-29
 197.448756     10.713  35.693630     9.1972     4.7069     10.623    33.2899    25.7481 -9.990e-29
 197.448759     10.659  35.693656     9.1982     4.7047     10.570    33.2890    25.7473 -9.990e-29
 197.448762     10.593  35.693354     9.1993     4.7046     10.504    33.2877    25.7461 0.0000e+00
 197.448764     10.526  35.692489     9.2002     4.7042     10.438    33.2860    25.7446 -9.990e-29
 197.448767     10.468  35.691182     9.2008     4.7056     10.380    33.2841    25.7430 -9.990e-29
 197.448770     10.422  35.689916     9.2012     4.7072     10.335    33.2824    25.7417 -9.990e-29
 197.448773     10.392  35.689074     9.2013     4.7015     10.305    33.2815    25.7409 -9.990e-29
 197.448776     10.377  35.688702     9.2012     4.7047     10.290    33.2812    25.7407 -9.990e-29
 197.448779     10.374  35.688721     9.2010     4.7009     10.287    33.2814    25.7409 -9.990e-29
 197.448782     10.382  35.689116     9.2006     4.6995     10.295    33.2822    25.7416 -9.990e-29
 197.448785     10.397  35.689835     9.2002     4.6960     10.310    33.2833    25.7425 -9.990e-29
 197.448788     10.416  35.690808     9.1999     4.6939     10.329    33.2846    25.7435 -9.990e-29
 197.448791     10.438  35.691951     9.1996     4.6909     10.351    33.2860    25.7447 -9.990e-29
 197.448793     10.460  35.693082     9.1994     4.6939     10.372    33.2874    25.7458 -9.990e-29
 197.448796     10.481  35.693994     9.1991     4.6969     10.393    33.2886    25.7468 -9.990e-29
 197.448799     10.501  35.694580     9.1989     4.6997     10.413    33.2894    25.7475 -9.990e-29
 197.448802     10.518  35.694863     9.1987     4.7044     10.430    33.2898    25.7479 -9.990e-29
 197.448805     10.533  35.694898     9.1985     4.7065     10.445    33.2901    25.7481 -9.990e-29
 197.448808     10.545  35.694787     9.1985     4.7052     10.457    33.2899    25.7480 -9.990e-29
 197.448811     10.556  35.694650     9.1984     4.7048     10.468    33.2899    25.7479 -9.990e-29
 197.448814     10.565  35.694507     9.1984     4.7034     10.477    33.2897    25.7478 -9.990e-29
 197.448817     10.574  35.694299     9.1983     4.7035     10.485    33.2896    25.7477 -9.990e-29
 197.448819     10.581  35.694019     9.1983     4.7022     10.492    33.2893    25.7475 -9.990e-29
 197.448822     10.586  35.693725     9.1983     4.7031     10.497    33.2890    25.7473 -9.990e-29
 197.448825     10.590  35.693429     9.1983     4.7026     10.501    33.2887    25.7470 -9.990e-29
 197.448828     10.592  35.693155     9.1983     4.7050     10.503    33.2884    25.7468 -9.990e-29
 197.448831     10.592  35.692920     9.1982     4.7067     10.503    33.2883    25.7467 -9.990e-29
 197.448834     10.590  35.692669     9.1981     4.7066     10.501    33.2881    25.7466 -9.990e-29
 197.448837     10.590  35.692374     9.1978     4.7040     10.501    33.2881    25.7466 -9.990e-29
 197.448840     10.591  35.692022     9.1975     4.7034     10.502    33.2880    25.7466 -9.990e-29
 197.448843     10.596  35.691608     9.1971     4.7023     10.507    33.2879    25.7466 -9.990e-29
 197.448845     10.608  35.691195     9.1966     4.7013     10.519    33.2880    25.7467 -9.990e-29
 197.448848     10.625  35.690781     9.1961     4.7040     10.536    33.2880    25.7468 -9.990e-29
 197.448851     10.648  35.690304     9.1956     4.7050     10.559    33.2879    25.7469 -9.990e-29
 197.448854     10.673  35.689887     9.1952     4.7049     10.584    33.2879    25.7469 -9.990e-29
 197.448857     10.695  35.689657     9.1949     4.7111     10.605    33.2879    25.7470 -9.990e-29
 197.448860     10.707  35.689519     9.1946     4.7143     10.617    33.2880    25.7471 -9.990e-29
 197.448863     10.703  35.689393     9.1944     4.7159     10.613    33.2881    25.7472 -9.990e-29
 197.448866     10.679  35.689314     9.1943     4.7174     10.590    33.2881    25.7472 -9.990e-29
 197.448869     10.634  35.689279     9.1944     4.7154     10.545    33.2880    25.7471 -9.990e-29
 197.448872     10.572  35.689237     9.1947     4.7125     10.483    33.2877    25.7468 -9.990e-29
 197.448874     10.501  35.689183     9.1952     4.7098     10.413    33.2872    25.7464 0.0000e+00
 197.448877     10.430  35.689168     9.1957     4.7071     10.343    33.2868    25.7459 -9.990e-29
 197.448880     10.370  35.689224     9.1962     4.7036     10.283    33.2864    25.7456 -9.990e-29
 197.448883     10.328  35.689346     9.1966     4.7041     10.242    33.2862    25.7453 -9.990e-29
 197.448886     10.310  35.689547     9.1969     4.7043     10.224    33.2861    25.7452 -9.990e-29
 197.448889     10.318  35.689792     9.1970     4.7044     10.232    33.2863    25.7453 -9.990e-29
 197.448892     10.349  35.689968     9.1970     4.7073     10.262    33.2864    25.7455 -9.990e-29
 197.448895     10.397  35.690035     9.1969     4.7087     10.310    33.2866    25.7456 -9.990e-29
 197.448898     10.457  35.690078     9.1968     4.7112     10.369    33.2867    25.7457 -9.990e-29
 197.448900     10.519  35.690207     9.1965     4.7161     10.431    33.2871    25.7460 -9.990e-29
 197.448903     10.577  35.690369     9.1960     4.7126     10.488    33.2877    25.7466 -9.990e-29
 197.448906     10.624  35.690384     9.1956     4.7153     10.535    33.2880    25.7470 -9.990e-29
 197.448909     10.657  35.690182     9.1953     4.7137     10.568    33.2881    25.7470 -9.990e-29
 197.448912     10.672  35.689906     9.1952     4.7136     10.583    33.2879    25.7469 -9.990e-29
 197.448915     10.671  35.689728     9.1953     4.7119     10.582    33.2876    25.7467 -9.990e-29
 197.448918     10.653  35.689710     9.1956     4.7084     10.564    33.2873    25.7464 -9.990e-29
 197.448921     10.622  35.689827     9.1961     4.7073     10.533    33.2870    25.7461 -9.990e-29
 197.448924     10.582  35.690002     9.1967     4.7061     10.493    33.2866    25.7457 -9.990e-29
 197.448927     10.539  35.690168     9.1973     4.7063     10.451    33.2863    25.7453 -9.990e-29
 197.448929     10.497  35.690280     9.1978     4.7020     10.409    33.2859    25.7450 -9.990e-29
 197.448932     10.463  35.690325     9.1982     4.7023     10.375    33.2856    25.7446 -9.990e-29
 197.448935     10.440  35.690295     9.1985     4.7030     10.353    33.2853    25.7444 -9.990e-29
 197.448938     10.430  35.690185     9.1986     4.7026     10.343    33.2851    25.7442 -9.990e-29
 197.448941     10.431  35.690060     9.1986     4.7013     10.344    33.2850    25.7441 -9.990e-29
 197.448944     10.439  35.689925     9.1985     4.7010     10.352    33.2849    25.7441 -9.990e-29
 197.448947     10.447  35.689739     9.1984     4.7067     10.360    33.2848    25.7440 -9.990e-29
 197.448950     10.453  35.689534     9.1984     4.7081     10.365    33.2846    25.7438 -9.990e-29
 197.448953     10.453  35.689344     9.1983     4.7121     10.365    33.2845    25.7438 -9.990e-29
 197.448955     10.450  35.689189     9.1982     4.7144     10.363    33.2845    25.7437 -9.990e-29
 197.448958     10.445  35.689070     9.1981     4.7128     10.358    33.2844    25.7437 -9.990e-29
 197.448961     10.444  35.688941     9.1980     4.7144     10.357    33.2844    25.7437 -9.990e-29
 197.448964     10.448  35.688831     9.1979     4.7154     10.361    33.2844    25.7437 -9.990e-29
 197.448967     10.460  35.688790     9.1979     4.7150     10.372    33.2843    25.7437 -9.990e-29
 197.448970     10.478  35.688765     9.1979     4.7122     10.390    33.2843    25.7436 -9.990e-29
 197.448973     10.498  35.688729     9.1981     4.7140     10.410    33.2840    25.7434 -9.990e-29
 197.448976     10.518  35.688739     9.1985     4.7156     10.430    33.2837    25.7431 -9.990e-29
 197.448979     10.535  35.688820     9.1990     4.7140     10.447    33.2833    25.7427 -9.990e-29
 197.448981     10.548  35.688924     9.1995     4.7178     10.460    33.2829    25.7423 -9.990e-29
 197.448984     10.555  35.689013     9.1999     4.7151     10.467    33.2826    25.7420 -9.990e-29
 197.448987     10.554  35.689056     9.2001     4.7156     10.466    33.2825    25.7419 -9.990e-29
 197.448990     10.545  35.689020     9.2000     4.7158     10.457    33.2826    25.7420 -9.990e-29
 197.448993     10.526  35.688907     9.1997     4.7165     10.438    33.2827    25.7421 -9.990e-29
 197.448996     10.499  35.688771     9.1994     4.7169     10.411    33.2829    25.7423 -9.990e-29
 197.448999     10.468  35.688641     9.1991     4.7159     10.380    33.2830    25.7425 -9.990e-29
 197.449002     10.439  35.688483     9.1987     4.7147     10.352    33.2833    25.7427 -9.990e-29
 197.449005     10.419  35.688298     9.1985     4.7161     10.332    33.2833    25.7427 -9.990e-29
 197.449008     10.415  35.688089     9.1983     4.7149     10.328    33.2832    25.7428 -9.990e-29
 197.449010     10.429  35.687866     9.1981     4.7170     10.342    33.2832    25.7428 -9.990e-29
 197.449013     10.461  35.687694     9.1980     4.7166     10.373    33.2831    25.7427 -9.990e-29
 197.449016     10.507  35.687619     9.1980     4.7167     10.419    33.2830    25.7426 -9.990e-29
 197.449019     10.557  35.687647     9.1980     4.7142     10.469    33.2830    25.7426 -9.990e-29
 197.449022     10.603  35.687784     9.1982     4.7136     10.514    33.2829    25.7425 -9.990e-29
 197.449025     10.636  35.688092     9.1984     4.7091     10.547    33.2830    25.7426 -9.990e-29
 197.449028     10.647  35.688594     9.1985     4.7076     10.558    33.2835    25.7429 -9.990e-29
 197.449031     10.637  35.689115     9.1986     4.7118     10.548    33.2839    25.7432 -9.990e-29
 197.449034     10.608  35.689388     9.1986     4.7135     10.519    33.2842    25.7435 -9.990e-29
 197.449036     10.567  35.689306     9.1987     4.7118     10.479    33.2841    25.7433 -9.990e-29
 197.449039     10.525  35.688981     9.1989     4.7138     10.437    33.2836    25.7429 -9.990e-29
 197.449042     10.490  35.688589     9.1990     4.7178     10.402    33.2831    25.7425 -9.990e-29
 197.449045     10.470  35.688247     9.1991     4.7140     10.382    33.2826    25.7422 -9.990e-29
 197.449048     10.470  35.688021     9.1992     4.7159     10.382    33.2823    25.7419 -9.990e-29
 197.449051     10.487  35.687916     9.1992     4.7147     10.399    33.2822    25.7418 -9.990e-29
 197.449054     10.517  35.687915     9.1992     4.7087     10.429    33.2822    25.7418 -9.990e-29
 197.449057     10.550  35.688062     9.1991     4.7111     10.462    33.2824    25.7420 -9.990e-29
 197.449060     10.578  35.688362     9.1990     4.7125     10.489    33.2828    25.7423 -9.990e-29
 197.449063     10.594  35.688715     9.1990     4.7148     10.505    33.2831    25.7426 -9.990e-29
 197.449065     10.596  35.689062     9.1990     4.7174     10.507    33.2835    25.7429 -9.990e-29
 197.449068     10.583  35.689389     9.1992     4.7183     10.494    33.2837    25.7430 -9.990e-29
 197.449071     10.556  35.689559     9.1994     4.7208     10.468    33.2837    25.7429 -9.990e-29
 197.449074     10.522  35.689465     9.1996     4.7208     10.434    33.2834    25.7427 -9.990e-29
 197.449077     10.485  35.689215     9.1998     4.7189     10.397    33.2830    25.7423 -9.990e-29
 197.449080     10.452  35.688940     9.2000     4.7168     10.365    33.2825    25.7419 -9.990e-29
 197.449083     10.426  35.688681     9.2002     4.7138     10.339    33.2821    25.7415 -9.990e-29
 197.449086     10.411  35.688431     9.2003     4.7156     10.324    33.2817    25.7413 -9.990e-29
 197.449089     10.408  35.688210     9.2005     4.7140     10.321    33.2813    25.7409 -9.990e-29
 197.449091     10.415  35.688047     9.2008     4.7142     10.328    33.2809    25.7405 -9.990e-29
 197.449094     10.429  35.687979     9.2010     4.7141     10.342    33.2806    25.7403 -9.990e-29
 197.449097     10.446  35.688122     9.2012     4.7136     10.359    33.2805    25.7402 -9.990e-29
 197.449100     10.460  35.688496     9.2014     4.7158     10.372    33.2807    25.7403 -9.990e-29
 197.449103     10.469  35.688937     9.2016     4.7130     10.381    33.2810    25.7405 -9.990e-29
 197.449106     10.469  35.689229     9.2018     4.7154     10.381    33.2811    25.7406 -9.990e-29
 197.449109     10.461  35.689296     9.2021     4.7158     10.373    33.2809    25.7403 -9.990e-29
 197.449112     10.447  35.689246     9.2025     4.7170     10.360    33.2805    25.7400 -9.990e-29
 197.449115     10.432  35.689248     9.2030     4.7203     10.345    33.2800    25.7395 -9.990e-29
 197.449117     10.421  35.689436     9.2037     4.7203     10.334    33.2796    25.7390 -9.990e-29
 197.449120     10.420  35.689823     9.2043     4.7248     10.333    33.2794    25.7388 -9.990e-29
 197.449123     10.434  35.690359     9.2047     4.7215     10.347    33.2796    25.7389 -9.990e-29
 197.449126     10.463  35.690979     9.2049     4.7207     10.375    33.2800    25.7392 -9.990e-29
 197.449129     10.503  35.691561     9.2047     4.7198     10.415    33.2808    25.7399 -9.990e-29
 197.449132     10.549  35.692023     9.2042     4.7162     10.461    33.2817    25.7407 -9.990e-29
 197.449135     10.595  35.692315     9.2037     4.7138     10.506    33.2825    25.7413 -9.990e-29
 197.449138     10.632  35.692406     9.2031     4.7121     10.543    33.2831    25.7419 -9.990e-29
 197.449141     10.655  35.692376     9.2027     4.7094     10.566    33.2835    25.7422 -9.990e-29
 197.449144     10.661  35.692325     9.2026     4.7075     10.572    33.2835    25.7423 -9.990e-29
 197.449146     10.646  35.692293     9.2028     4.7061     10.557    33.2833    25.7421 -9.990e-29
 197.449149     10.613  35.692360     9.2032     4.7045     10.524    33.2830    25.7418 -9.990e-29
 197.449152     10.564  35.692514     9.2036     4.7056     10.476    33.2828    25.7416 -9.990e-29
