data/oxygen options/ONMS/Olympic_Coast_National_Marine_Sanctuary_CTD_Data_2005_2023/raw_data/2008/SBE19plus/CTD_CA065_071408faed.cnv
* Sea-Bird SBE19plus Data File:
* FileName = C:\2008_Mooring_Data\071408_sevice\CTD_CA065_071408.hex
* Software Version 1.59
* Temperature SN =  4671
* Conductivity SN =  4671
* System UpLoad Time = Jul 14 2008 15:15:32
* ds
* SeacatPlus V 1.6b  SERIAL NO. 4671    14 Jul 2008  15:14:52
# nquan = 9                                 
# nvalues = 4645                        
# units = specified
# name 0 = timeJ: Julian Days
# name 1 = prdM: Pressure, Strain Gauge [db]
# name 2 = c0mS/cm: Conductivity [mS/cm]
# name 3 = tv290C: Temperature [ITS-90, deg C]
# name 4 = sbeox0ML/L: Oxygen, SBE 43 [ml/l]
# name 5 = depSM: Depth [salt water, m], lat = 47.5
# name 6 = sal00: Salinity, Practical [PSU]
# name 7 = sigma-é00: Density [sigma-theta, kg/m^3]
# name 8 = flag: flag
# span 0 = 196.613206, 196.626644       
# span 1 =     -0.007,     58.411       
# span 2 =  -0.070479,  37.757111       
# span 3 =     6.7948,    12.8885       
# span 4 =     1.9581,     7.5364       
# span 5 =     -0.007,     57.915       
# span 6 =     0.0000,    33.9462       
# span 7 =    -0.5638,    26.6127       
# span 8 = 0.0000e+00, 0.0000e+00       
# interval = seconds: 0.25
# start_time = Jul 14 2008 14:43:01 [Instrument's time stamp, header]
# bad_flag = -9.990e-29
*END*
[from data line 801]
 196.615524      2.263  37.627150    12.3454     6.8140      2.244    32.3928    24.5000 -9.990e-29
 196.615527      2.250  37.625897    12.3441     6.8130      2.231    32.3928    24.5002 -9.990e-29
 196.615530      2.246  37.626423    12.3426     6.8071      2.227    32.3946    24.5019 -9.990e-29
 196.615532      2.256  37.626059    12.3408     6.8069      2.237    32.3958    24.5032 -9.990e-29
 196.615535      2.276  37.624414    12.3386     6.8074      2.257    32.3961    24.5038 -9.990e-29
 196.615538      2.302  37.622580    12.3354     6.8105      2.283    32.3971    24.5052 -9.990e-29
 196.615541      2.328  37.620774    12.3312     6.8126      2.309    32.3990    24.5075 -9.990e-29
 196.615544      2.346  37.618011    12.3264     6.8119      2.326    32.4005    24.5096 -9.990e-29
 196.615547      2.355  37.613753    12.3218     6.8112      2.335    32.4004    24.5103 -9.990e-29
 196.615550      2.354  37.608668    12.3181     6.8112      2.334    32.3987    24.5097 -9.990e-29
 196.615553      2.346  37.603729    12.3156     6.8077      2.326    32.3961    24.5082 -9.990e-29
 196.615556      2.335  37.599812    12.3141     6.8011      2.315    32.3937    24.5066 -9.990e-29
 196.615558      2.326  37.597402    12.3133     6.7947      2.307    32.3920    24.5055 -9.990e-29
 196.615561      2.318  37.596268    12.3131     6.7911      2.299    32.3911    24.5048 -9.990e-29
 196.615564      2.313  37.595831    12.3135     6.7892      2.294    32.3904    24.5042 -9.990e-29
 196.615567      2.308  37.595766    12.3144     6.7923      2.289    32.3895    24.5033 -9.990e-29
 196.615570      2.300  37.596101    12.3160     6.7934      2.281    32.3885    24.5022 -9.990e-29
 196.615573      2.287  37.596858    12.3182     6.7972      2.268    32.3873    24.5009 -9.990e-29
 196.615576      2.271  37.598249    12.3210     6.8022      2.252    32.3862    24.4995 -9.990e-29
 196.615579      2.255  37.600425    12.3246     6.7976      2.236    32.3852    24.4981 -9.990e-29
 196.615582      2.244  37.603095    12.3293     6.7946      2.225    32.3837    24.4960 -9.990e-29
 196.615584      2.242  37.606231    12.3351     6.7909      2.223    32.3817    24.4934 -9.990e-29
 196.615587      2.250  37.610277    12.3416     6.7859      2.231    32.3800    24.4908 -9.990e-29
 196.615590      2.267  37.615676    12.3480     6.7813      2.248    32.3796    24.4893 -9.990e-29
 196.615593      2.290  37.622225    12.3533     6.7808      2.271    32.3813    24.4896 -9.990e-29
 196.615596      2.314  37.628865    12.3566     6.7811      2.295    32.3848    24.4917 -9.990e-29
 196.615599      2.334  37.634423    12.3577     6.7815      2.315    32.3892    24.4949 -9.990e-29
 196.615602      2.347  37.637893    12.3574     6.7857      2.327    32.3927    24.4977 -9.990e-29
 196.615605      2.353  37.638759    12.3569     6.7901      2.333    32.3940    24.4988 -9.990e-29
 196.615608      2.350  37.637617    12.3571     6.7938      2.330    32.3927    24.4977 -9.990e-29
 196.615611      2.344  37.636173    12.3574     6.7975      2.324    32.3911    24.4964 -9.990e-29
 196.615613      2.337  37.636095    12.3563     6.8012      2.317    32.3920    24.4973 -9.990e-29
 196.615616      2.334  37.637136    12.3517     6.7999      2.315    32.3969    24.5020 -9.990e-29
 196.615619      2.336  37.637339    12.3424     6.8001      2.316    32.4052    24.5102 -9.990e-29
 196.615622      2.341  37.634403    12.3285     6.7991      2.321    32.4144    24.5199 -9.990e-29
 196.615625      2.345  37.626080    12.3120     6.7966      2.325    32.4207    24.5279 -9.990e-29
 196.615628      2.346  37.611979    12.2961     6.7987      2.326    32.4209    24.5311 -9.990e-29
 196.615631      2.338  37.594504    12.2845     6.7981      2.318    32.4142    24.5281 -9.990e-29
 196.615634      2.323  37.576846    12.2793     6.7948      2.304    32.4017    24.5194 -9.990e-29
 196.615637      2.301  37.563298    12.2801     6.7938      2.282    32.3880    24.5087 -9.990e-29
 196.615639      2.277  37.557851    12.2841     6.7957      2.258    32.3794    24.5012 -9.990e-29
 196.615642      2.258  37.560174    12.2884     6.7979      2.239    32.3779    24.4992 -9.990e-29
 196.615645      2.247  37.566548    12.2906     6.8032      2.228    32.3821    24.5021 -9.990e-29
 196.615648      2.248  37.572768    12.2896     6.8024      2.229    32.3889    24.5076 -9.990e-29
 196.615651      2.259  37.576087    12.2851     6.8031      2.240    32.3960    24.5139 -9.990e-29
 196.615654      2.278  37.575384    12.2781     6.8064      2.259    32.4014    24.5194 -9.990e-29
 196.615657      2.300  37.570652    12.2700     6.8125      2.281    32.4038    24.5228 -9.990e-29
 196.615660      2.320  37.562889    12.2628     6.8136      2.301    32.4026    24.5232 -9.990e-29
 196.615663      2.335  37.553532    12.2581     6.8132      2.315    32.3977    24.5203 -9.990e-29
 196.615666      2.341  37.545075    12.2563     6.8157      2.321    32.3911    24.5156 -9.990e-29
 196.615668      2.340  37.539932    12.2572     6.8148      2.320    32.3854    24.5110 -9.990e-29
 196.615671      2.332  37.538463    12.2601     6.8163      2.313    32.3815    24.5074 -9.990e-29
 196.615674      2.322  37.540046    12.2635     6.8165      2.303    32.3801    24.5056 -9.990e-29
 196.615677      2.314  37.543778    12.2661     6.8121      2.295    32.3814    24.5062 -9.990e-29
 196.615680      2.309  37.548151    12.2679     6.8093      2.290    32.3840    24.5079 -9.990e-29
 196.615683      2.310  37.551419    12.2698     6.8046      2.291    32.3855    24.5087 -9.990e-29
 196.615686      2.315  37.552819    12.2724     6.8006      2.296    32.3846    24.5075 -9.990e-29
 196.615689      2.323  37.553657    12.2754     6.7951      2.304    32.3828    24.5055 -9.990e-29
 196.615692      2.332  37.555793    12.2778     6.7914      2.313    32.3828    24.5051 -9.990e-29
 196.615694      2.340  37.559361    12.2787     6.7875      2.320    32.3855    24.5069 -9.990e-29
 196.615697      2.343  37.562578    12.2790     6.7873      2.323    32.3883    24.5091 -9.990e-29
 196.615700      2.339  37.563617    12.2806     6.7887      2.319    32.3879    24.5085 -9.990e-29
 196.615703      2.328  37.562802    12.2843     6.7925      2.309    32.3839    24.5047 -9.990e-29
 196.615706      2.308  37.562925    12.2893     6.8047      2.289    32.3797    24.5005 -9.990e-29
 196.615709      2.282  37.566270    12.2945     6.8142      2.263    32.3784    24.4985 -9.990e-29
 196.615712      2.256  37.572024    12.2984     6.8158      2.237    32.3806    24.4995 -9.990e-29
 196.615715      2.235  37.577982    12.2996     6.8169      2.216    32.3853    24.5029 -9.990e-29
 196.615718      2.224  37.582632    12.2966     6.8133      2.205    32.3924    24.5089 -9.990e-29
 196.615720      2.225  37.584708    12.2891     6.8042      2.206    32.4008    24.5169 -9.990e-29
 196.615723      2.239  37.582622    12.2783     6.7972      2.220    32.4082    24.5246 -9.990e-29
 196.615726      2.261  37.575155    12.2664     6.7893      2.242    32.4113    24.5293 -9.990e-29
 196.615729      2.287  37.563348    12.2554     6.7850      2.268    32.4095    24.5300 -9.990e-29
 196.615732      2.311  37.550292    12.2464     6.7813      2.292    32.4047    24.5280 -9.990e-29
 196.615735      2.327  37.538719    12.2393     6.7825      2.308    32.3997    24.5254 -9.990e-29
 196.615738      2.334  37.529873    12.2336     6.7826      2.315    32.3962    24.5237 -9.990e-29
 196.615741      2.333  37.523559    12.2289     6.7880      2.314    32.3942    24.5231 -9.990e-29
 196.615744      2.328  37.518757    12.2246     6.7897      2.309    32.3933    24.5232 -9.990e-29
 196.615747      2.325  37.514525    12.2197     6.8046      2.306    32.3935    24.5243 -9.990e-29
 196.615749      2.327  37.510779    12.2132     6.8063      2.308    32.3955    24.5271 -9.990e-29
 196.615752      2.336  37.506978    12.2037     6.8029      2.316    32.4001    24.5324 -9.990e-29
 196.615755      2.348  37.501699    12.1896     6.7955      2.328    32.4072    24.5406 -9.990e-29
 196.615758      2.359  37.493626    12.1702     6.7934      2.339    32.4162    24.5512 -9.990e-29
 196.615761      2.362  37.481296    12.1481     6.7966      2.342    32.4235    24.5610 -9.990e-29
 196.615764      2.352  37.463184    12.1296     6.7979      2.332    32.4221    24.5634 -9.990e-29
 196.615767      2.327  37.439228    12.1195     6.8017      2.308    32.4078    24.5542 -9.990e-29
 196.615770      2.291  37.416099    12.1178     6.8043      2.272    32.3871    24.5384 -9.990e-29
 196.615773      2.252  37.403909    12.1222     6.8090      2.233    32.3715    24.5255 -9.990e-29
 196.615775      2.219  37.403874    12.1302     6.8153      2.200    32.3646    24.5187 -9.990e-29
 196.615778      2.201  37.410364    12.1400     6.8224      2.183    32.3623    24.5151 -9.990e-29
 196.615781      2.199  37.419631    12.1502     6.8228      2.181    32.3624    24.5132 -9.990e-29
 196.615784      2.214  37.429979    12.1587     6.8162      2.196    32.3650    24.5137 -9.990e-29
 196.615787      2.240  37.440396    12.1638     6.8142      2.221    32.3706    24.5170 -9.990e-29
 196.615790      2.269  37.450164    12.1660     6.8072      2.250    32.3781    24.5224 -9.990e-29
 196.615793      2.293  37.456233    12.1679     6.8056      2.274    32.3823    24.5253 -9.990e-29
 196.615796      2.303  37.456837    12.1710     6.8054      2.284    32.3802    24.5231 -9.990e-29
 196.615799      2.295  37.456316    12.1755     6.8051      2.276    32.3758    24.5189 -9.990e-29
 196.615802      2.271  37.458463    12.1810     6.8082      2.252    32.3731    24.5157 -9.990e-29
 196.615804      2.238  37.463081    12.1869     6.8097      2.219    32.3724    24.5141 -9.990e-29
 196.615807      2.206  37.468864    12.1929     6.8107      2.188    32.3728    24.5133 -9.990e-29
 196.615810      2.184  37.474806    12.1983     6.8067      2.166    32.3739    24.5131 -9.990e-29
 196.615813      2.177  37.480713    12.2026     6.8046      2.159    32.3758    24.5138 -9.990e-29
 196.615816      2.187  37.486231    12.2055     6.8018      2.169    32.3786    24.5154 -9.990e-29
 196.615819      2.211  37.490537    12.2069     6.8000      2.193    32.3815    24.5174 -9.990e-29
 196.615822      2.243  37.493326    12.2066     6.7983      2.224    32.3845    24.5197 -9.990e-29
 196.615825      2.278  37.494749    12.2046     6.7981      2.259    32.3875    24.5225 -9.990e-29
 196.615828      2.310  37.494706    12.2008     6.8042      2.291    32.3908    24.5257 -9.990e-29
 196.615830      2.335  37.492900    12.1963     6.8123      2.315    32.3929    24.5283 -9.990e-29
 196.615833      2.353  37.489118    12.1923     6.8207      2.333    32.3927    24.5289 -9.990e-29
 196.615836      2.363  37.483934    12.1900     6.8275      2.343    32.3897    24.5270 -9.990e-29
 196.615839      2.366  37.478836    12.1898     6.8324      2.346    32.3850    24.5233 -9.990e-29
 196.615842      2.365  37.475668    12.1916     6.8334      2.345    32.3804    24.5194 -9.990e-29
 196.615845      2.359  37.475378    12.1946     6.8310      2.339    32.3775    24.5166 -9.990e-29
 196.615848      2.348  37.477457    12.1978     6.8240      2.328    32.3768    24.5154 -9.990e-29
 196.615851      2.333  37.481007    12.2009     6.8202      2.314    32.3775    24.5154 -9.990e-29
 196.615854      2.314  37.484848    12.2040     6.8150      2.295    32.3785    24.5156 -9.990e-29
 196.615856      2.293  37.488017    12.2076     6.8091      2.274    32.3785    24.5149 -9.990e-29
 196.615859      2.275  37.490690    12.2119     6.8076      2.256    32.3773    24.5132 -9.990e-29
 196.615862      2.262  37.493751    12.2162     6.8067      2.243    32.3765    24.5118 -9.990e-29
 196.615865      2.257  37.497836    12.2192     6.8108      2.238    32.3779    24.5123 -9.990e-29
 196.615868      2.260  37.502581    12.2202     6.8114      2.241    32.3816    24.5150 -9.990e-29
 196.615871      2.268  37.506405    12.2197     6.8147      2.249    32.3857    24.5182 -9.990e-29
 196.615874      2.280  37.507551    12.2188     6.8165      2.261    32.3876    24.5199 -9.990e-29
 196.615877      2.291  37.506210    12.2179     6.8207      2.272    32.3870    24.5196 -9.990e-29
 196.615880      2.299  37.504384    12.2171     6.8296      2.280    32.3860    24.5189 -9.990e-29
 196.615883      2.304  37.503262    12.2165     6.8345      2.285    32.3854    24.5186 -9.990e-29
 196.615885      2.306  37.502667    12.2158     6.8394      2.287    32.3854    24.5188 -9.990e-29
 196.615888      2.307  37.502179    12.2145     6.8443      2.288    32.3861    24.5195 -9.990e-29
 196.615891      2.310  37.501848    12.2121     6.8441      2.291    32.3879    24.5214 -9.990e-29
 196.615894      2.315  37.501331    12.2090     6.8368      2.296    32.3900    24.5236 -9.990e-29
 196.615897      2.324  37.499281    12.2060     6.8284      2.305    32.3907    24.5247 -9.990e-29
 196.615900      2.335  37.495679    12.2037     6.8211      2.315    32.3892    24.5240 -9.990e-29
 196.615903      2.345  37.492045    12.2030     6.8185      2.325    32.3863    24.5219 -9.990e-29
 196.615906      2.353  37.489483    12.2040     6.8206      2.333    32.3830    24.5191 -9.990e-29
 196.615909      2.354  37.488471    12.2066     6.8230      2.334    32.3797    24.5161 -9.990e-29
 196.615911      2.349  37.489397    12.2101     6.8262      2.329    32.3776    24.5138 -9.990e-29
 196.615914      2.339  37.492274    12.2142     6.8307      2.319    32.3768    24.5124 -9.990e-29
 196.615917      2.328  37.496204    12.2189     6.8353      2.309    32.3765    24.5113 -9.990e-29
 196.615920      2.320  37.500324    12.2237     6.8342      2.301    32.3763    24.5102 -9.990e-29
 196.615923      2.318  37.504755    12.2283     6.8299      2.299    32.3766    24.5096 -9.990e-29
 196.615926      2.324  37.509681    12.2319     6.8200      2.305    32.3782    24.5102 -9.990e-29
 196.615929      2.334  37.514397    12.2340     6.8124      2.315    32.3810    24.5119 -9.990e-29
 196.615932      2.347  37.518113    12.2342     6.8079      2.327    32.3843    24.5145 -9.990e-29
 196.615935      2.358  37.520474    12.2328     6.8041      2.338    32.3878    24.5174 -9.990e-29
 196.615938      2.363  37.520923    12.2306     6.8043      2.343    32.3902    24.5197 -9.990e-29
 196.615940      2.359  37.519266    12.2290     6.8140      2.339    32.3899    24.5198 -9.990e-29
 196.615943      2.344  37.516403    12.2293     6.8209      2.324    32.3869    24.5174 -9.990e-29
 196.615946      2.320  37.513714    12.2325     6.8318      2.301    32.3816    24.5127 -9.990e-29
 196.615949      2.292  37.512914    12.2389     6.8379      2.273    32.3753    24.5066 -9.990e-29
 196.615952      2.264  37.515471    12.2477     6.8448      2.245    32.3702    24.5009 -9.990e-29
 196.615955      2.244  37.521660    12.2568     6.8402      2.225    32.3682    24.4977 -9.990e-29
 196.615958      2.235  37.530941    12.2645     6.8330      2.216    32.3705    24.4980 -9.990e-29
 196.615961      2.238  37.541365    12.2700     6.8187      2.219    32.3757    24.5011 -9.990e-29
 196.615964      2.254  37.549893    12.2735     6.8084      2.235    32.3809    24.5044 -9.990e-29
 196.615966      2.280  37.555097    12.2755     6.8057      2.261    32.3842    24.5065 -9.990e-29
 196.615969      2.310  37.557953    12.2753     6.8053      2.291    32.3871    24.5088 -9.990e-29
 196.615972      2.338  37.559750    12.2729     6.8093      2.318    32.3908    24.5122 -9.990e-29
 196.615975      2.359  37.560007    12.2686     6.8117      2.339    32.3948    24.5161 -9.990e-29
 196.615978      2.368  37.557606    12.2638     6.8176      2.348    32.3966    24.5184 -9.990e-29
 196.615981      2.364  37.552840    12.2599     6.8234      2.344    32.3954    24.5182 -9.990e-29
