data/oxygen options/ONMS/Olympic_Coast_National_Marine_Sanctuary_CTD_Data_2005_2023/raw_data/2008/SBE19plus/CTD_TH065_090508faed.cnv
* Sea-Bird SBE19plus Data File:
* FileName = C:\2008_Mooring_Data\090508_service\CTD_TH065_090508.hex
* Software Version 1.59
* Temperature SN =  4671
* Conductivity SN =  4671
* System UpLoad Time = Sep 05 2008 16:05:50
* ds
* SeacatPlus V 1.6b  SERIAL NO. 4671    05 Sep 2008  16:05:31
# nquan = 9                                 
# nvalues = 4248                        
# units = specified
# name 0 = timeJ: Julian Days
# name 1 = prdM: Pressure, Strain Gauge [db]
# name 2 = c0mS/cm: Conductivity [mS/cm]
# name 3 = tv290C: Temperature [ITS-90, deg C]
# name 4 = sbeox0ML/L: Oxygen, SBE 43 [ml/l]
# name 5 = depSM: Depth [salt water, m], lat = 47.5
# name 6 = sal00: Salinity, Practical [PSU]
# name 7 = sigma-é00: Density [sigma-theta, kg/m^3]
# name 8 = flag: flag
# span 0 = 249.643600, 249.655888       
# span 1 =      0.029,     69.018       
# span 2 =   0.256895,  37.941040       
# span 3 =     7.4871,    13.3917       
# span 4 =     2.1566,     6.9725       
# span 5 =      0.029,     68.431       
# span 6 =     0.1590,    33.8194       
# span 7 =    -0.5475,    26.4218       
# span 8 = 0.0000e+00, 0.0000e+00       
# interval = seconds: 0.25
# start_time = Sep 05 2008 15:26:47 [Instrument's time stamp, header]
# bad_flag = -9.990e-29
*END*
[from data line 2721]
 249.651473     41.012  34.433677     7.7291     2.8673     40.666    33.3334    26.0049 0.0000e+00
 249.651476     40.897  34.432799     7.7303     2.8699     40.552    33.3314    26.0031 0.0000e+00
 249.651479     40.781  34.432041     7.7318     2.8740     40.437    33.3292    26.0012 0.0000e+00
 249.651481     40.654  34.431451     7.7339     2.8788     40.311    33.3266    25.9989 0.0000e+00
 249.651484     40.509  34.431122     7.7369     2.8830     40.167    33.3234    25.9960 0.0000e+00
 249.651487     40.339  34.431149     7.7416     2.8864     39.998    33.3190    25.9918 0.0000e+00
 249.651490     40.143  34.431666     7.7490     2.8892     39.804    33.3126    25.9857 0.0000e+00
 249.651493     39.924  34.432899     7.7601     2.8891     39.587    33.3034    25.9769 0.0000e+00
 249.651496     39.691  34.435201     7.7749     2.8891     39.356    33.2919    25.9657 0.0000e+00
 249.651499     39.452  34.439206     7.7923     2.8922     39.119    33.2797    25.9536 0.0000e+00
 249.651502     39.220  34.445490     7.8106     2.8898     38.889    33.2691    25.9426 0.0000e+00
 249.651505     39.002  34.453661     7.8285     2.8908     38.673    33.2609    25.9336 0.0000e+00
 249.651508     38.804  34.462635     7.8447     2.8922     38.477    33.2551    25.9267 0.0000e+00
 249.651510     38.628  34.471762     7.8590     2.8925     38.302    33.2514    25.9217 0.0000e+00
 249.651513     38.470  34.480411     7.8717     2.9009     38.145    33.2486    25.9177 0.0000e+00
 249.651516     38.326  34.487946     7.8833     2.9101     38.003    33.2457    25.9137 0.0000e+00
 249.651519     38.192  34.494780     7.8942     2.9097     37.870    33.2427    25.9098 0.0000e+00
 249.651522     38.063  34.501379     7.9053     2.9134     37.742    33.2393    25.9055 0.0000e+00
 249.651525     37.934  34.507614     7.9167     2.9203     37.614    33.2351    25.9006 0.0000e+00
 249.651528     37.807  34.514011     7.9277     2.9257     37.488    33.2316    25.8962 0.0000e+00
 249.651531     37.682  34.521113     7.9380     2.9282     37.364    33.2294    25.8930 0.0000e+00
 249.651534     37.561  34.528337     7.9472     2.9349     37.244    33.2285    25.8909 0.0000e+00
 249.651536     37.448  34.534993     7.9556     2.9364     37.132    33.2276    25.8891 0.0000e+00
 249.651539     37.343  34.540908     7.9631     2.9433     37.028    33.2269    25.8874 0.0000e+00
 249.651542     37.242  34.546127     7.9697     2.9504     36.928    33.2262    25.8859 0.0000e+00
 249.651545     37.138  34.550870     7.9755     2.9543     36.825    33.2258    25.8847 0.0000e+00
 249.651548     37.024  34.555168     7.9812     2.9542     36.712    33.2251    25.8833 0.0000e+00
 249.651551     36.893  34.558868     7.9876     2.9583     36.582    33.2230    25.8807 0.0000e+00
 249.651554     36.742  34.562240     7.9951     2.9592     36.432    33.2195    25.8769 0.0000e+00
 249.651557     36.570  34.565837     8.0041     2.9595     36.262    33.2149    25.8720 0.0000e+00
 249.651560     36.381  34.570076     8.0142     2.9610     36.074    33.2099    25.8666 0.0000e+00
 249.651563     36.181  34.575069     8.0249     2.9613     35.876    33.2052    25.8613 0.0000e+00
 249.651565     35.979  34.580468     8.0356     2.9627     35.676    33.2009    25.8564 0.0000e+00
 249.651568     35.782  34.585755     8.0455     2.9612     35.480    33.1973    25.8520 0.0000e+00
 249.651571     35.595  34.590596     8.0541     2.9654     35.295    33.1943    25.8485 0.0000e+00
 249.651574     35.422  34.594687     8.0617     2.9658     35.123    33.1916    25.8452 0.0000e+00
 249.651577     35.263  34.597711     8.0688     2.9681     34.966    33.1882    25.8415 0.0000e+00
 249.651580     35.120  34.599736     8.0754     2.9721     34.824    33.1841    25.8373 0.0000e+00
 249.651583     34.989  34.601244     8.0814     2.9745     34.694    33.1801    25.8333 0.0000e+00
 249.651586     34.866  34.602495     8.0868     2.9777     34.572    33.1764    25.8296 0.0000e+00
 249.651589     34.750  34.603359     8.0915     2.9760     34.457    33.1729    25.8262 0.0000e+00
 249.651591     34.639  34.603757     8.0956     2.9784     34.347    33.1695    25.8229 0.0000e+00
 249.651594     34.535  34.603668     8.0990     2.9783     34.244    33.1662    25.8198 0.0000e+00
 249.651597     34.438  34.603024     8.1018     2.9773     34.148    33.1629    25.8168 0.0000e+00
 249.651600     34.346  34.601914     8.1042     2.9754     34.057    33.1595    25.8138 0.0000e+00
 249.651603     34.257  34.600612     8.1063     2.9764     33.968    33.1562    25.8109 0.0000e+00
 249.651606     34.169  34.599338     8.1080     2.9726     33.881    33.1533    25.8083 0.0000e+00
 249.651609     34.081  34.598161     8.1095     2.9760     33.794    33.1506    25.8060 0.0000e+00
 249.651612     33.992  34.597084     8.1108     2.9776     33.706    33.1483    25.8040 0.0000e+00
 249.651615     33.903  34.596124     8.1121     2.9770     33.617    33.1461    25.8021 0.0000e+00
 249.651617     33.812  34.595302     8.1135     2.9740     33.527    33.1439    25.8002 0.0000e+00
 249.651620     33.719  34.594603     8.1152     2.9741     33.435    33.1416    25.7981 0.0000e+00
 249.651623     33.620  34.593961     8.1169     2.9715     33.337    33.1394    25.7961 0.0000e+00
 249.651626     33.512  34.593303     8.1186     2.9701     33.230    33.1371    25.7941 0.0000e+00
 249.651629     33.394  34.592617     8.1202     2.9688     33.113    33.1350    25.7921 0.0000e+00
 249.651632     33.262  34.591961     8.1218     2.9700     32.982    33.1328    25.7902 0.0000e+00
 249.651635     33.115  34.591401     8.1238     2.9724     32.836    33.1304    25.7880 0.0000e+00
 249.651638     32.955  34.590919     8.1262     2.9721     32.677    33.1277    25.7855 0.0000e+00
 249.651641     32.785  34.590424     8.1289     2.9712     32.509    33.1247    25.7828 0.0000e+00
 249.651644     32.609  34.589843     8.1318     2.9732     32.334    33.1214    25.7798 0.0000e+00
 249.651646     32.434  34.589176     8.1347     2.9723     32.161    33.1180    25.7767 0.0000e+00
 249.651649     32.268  34.588510     8.1377     2.9708     31.996    33.1146    25.7736 0.0000e+00
 249.651652     32.116  34.587885     8.1407     2.9708     31.845    33.1111    25.7704 0.0000e+00
 249.651655     31.986  34.587247     8.1440     2.9680     31.717    33.1074    25.7670 0.0000e+00
 249.651658     31.880  34.586581     8.1476     2.9683     31.611    33.1034    25.7633 0.0000e+00
 249.651661     31.801  34.585973     8.1514     2.9688     31.533    33.0992    25.7594 -9.990e-29
 249.651664     31.746  34.585515     8.1555     2.9666     31.479    33.0948    25.7554 -9.990e-29
 249.651667     31.713  34.585300     8.1595     2.9635     31.446    33.0908    25.7517 -9.990e-29
 249.651670     31.696  34.585451     8.1632     2.9617     31.429    33.0875    25.7486 -9.990e-29
 249.651672     31.687  34.585964     8.1665     2.9609     31.420    33.0850    25.7461 -9.990e-29
 249.651675     31.676  34.586673     8.1695     2.9605     31.409    33.0829    25.7440 -9.990e-29
 249.651678     31.652  34.587426     8.1721     2.9620     31.385    33.0812    25.7423 -9.990e-29
 249.651681     31.608  34.588156     8.1745     2.9601     31.342    33.0798    25.7408 -9.990e-29
 249.651684     31.542  34.588834     8.1769     2.9673     31.276    33.0783    25.7393 0.0000e+00
 249.651687     31.462  34.589427     8.1795     2.9696     31.197    33.0765    25.7375 0.0000e+00
 249.651690     31.377  34.590030     8.1822     2.9702     31.113    33.0746    25.7356 0.0000e+00
 249.651693     31.296  34.590827     8.1849     2.9692     31.032    33.0729    25.7339 0.0000e+00
 249.651696     31.225  34.591772     8.1875     2.9711     30.962    33.0715    25.7324 -9.990e-29
 249.651698     31.165  34.592683     8.1899     2.9692     30.903    33.0703    25.7311 -9.990e-29
 249.651701     31.111  34.593521     8.1919     2.9670     30.849    33.0693    25.7300 -9.990e-29
 249.651704     31.057  34.594291     8.1935     2.9676     30.795    33.0686    25.7293 -9.990e-29
 249.651707     30.993  34.594935     8.1945     2.9649     30.732    33.0684    25.7289 0.0000e+00
 249.651710     30.916  34.595387     8.1952     2.9648     30.656    33.0683    25.7287 0.0000e+00
 249.651713     30.823  34.595630     8.1956     2.9665     30.563    33.0682    25.7286 0.0000e+00
 249.651716     30.715  34.595767     8.1959     2.9665     30.456    33.0681    25.7285 0.0000e+00
 249.651719     30.599  34.595861     8.1965     2.9644     30.341    33.0677    25.7281 0.0000e+00
 249.651722     30.481  34.595922     8.1972     2.9682     30.224    33.0671    25.7275 0.0000e+00
 249.651725     30.371  34.596050     8.1983     2.9682     30.115    33.0663    25.7267 0.0000e+00
 249.651727     30.277  34.596323     8.1995     2.9705     30.022    33.0655    25.7259 0.0000e+00
 249.651730     30.207  34.596730     8.2007     2.9719     29.953    33.0648    25.7252 -9.990e-29
 249.651733     30.162  34.597205     8.2018     2.9735     29.908    33.0643    25.7246 -9.990e-29
 249.651736     30.145  34.597676     8.2027     2.9708     29.891    33.0640    25.7242 -9.990e-29
 249.651739     30.154  34.598140     8.2031     2.9699     29.900    33.0641    25.7243 -9.990e-29
 249.651742     30.185  34.598619     8.2031     2.9690     29.931    33.0646    25.7246 -9.990e-29
 249.651745     30.232  34.599069     8.2026     2.9694     29.977    33.0655    25.7254 -9.990e-29
 249.651748     30.286  34.599371     8.2018     2.9687     30.031    33.0666    25.7264 -9.990e-29
 249.651751     30.342  34.599434     8.2009     2.9661     30.087    33.0675    25.7272 -9.990e-29
 249.651753     30.392  34.599302     8.2001     2.9693     30.136    33.0680    25.7278 -9.990e-29
 249.651756     30.433  34.599093     8.1998     2.9686     30.177    33.0681    25.7279 -9.990e-29
 249.651759     30.464  34.598917     8.1998     2.9733     30.208    33.0679    25.7277 -9.990e-29
 249.651762     30.487  34.598850     8.2001     2.9718     30.230    33.0675    25.7274 -9.990e-29
 249.651765     30.502  34.598915     8.2009     2.9708     30.245    33.0668    25.7267 -9.990e-29
 249.651768     30.513  34.599108     8.2019     2.9692     30.256    33.0661    25.7260 -9.990e-29
 249.651771     30.524  34.599441     8.2027     2.9710     30.267    33.0657    25.7256 -9.990e-29
 249.651774     30.535  34.599919     8.2030     2.9686     30.278    33.0659    25.7257 -9.990e-29
 249.651777     30.550  34.600412     8.2028     2.9686     30.293    33.0666    25.7263 -9.990e-29
 249.651780     30.568  34.600724     8.2023     2.9678     30.311    33.0674    25.7270 -9.990e-29
 249.651782     30.589  34.600786     8.2017     2.9668     30.331    33.0680    25.7276 -9.990e-29
 249.651785     30.610  34.600641     8.2012     2.9689     30.352    33.0683    25.7279 -9.990e-29
 249.651788     30.627  34.600424     8.2010     2.9694     30.369    33.0683    25.7279 -9.990e-29
 249.651791     30.639  34.600296     8.2012     2.9699     30.381    33.0679    25.7276 -9.990e-29
 249.651794     30.643  34.600331     8.2016     2.9729     30.385    33.0676    25.7272 -9.990e-29
 249.651797     30.640  34.600489     8.2021     2.9709     30.382    33.0673    25.7269 -9.990e-29
 249.651800     30.630  34.600678     8.2029     2.9706     30.372    33.0668    25.7264 -9.990e-29
 249.651803     30.617  34.600880     8.2038     2.9721     30.359    33.0661    25.7258 -9.990e-29
 249.651806     30.602  34.601133     8.2050     2.9722     30.344    33.0653    25.7249 -9.990e-29
 249.651808     30.587  34.601446     8.2063     2.9705     30.329    33.0644    25.7240 -9.990e-29
 249.651811     30.574  34.601809     8.2075     2.9686     30.317    33.0636    25.7233 -9.990e-29
 249.651814     30.565  34.602233     8.2084     2.9653     30.308    33.0633    25.7228 -9.990e-29
 249.651817     30.559  34.602703     8.2089     2.9627     30.302    33.0633    25.7228 -9.990e-29
 249.651820     30.558  34.603081     8.2091     2.9613     30.301    33.0635    25.7229 -9.990e-29
 249.651823     30.560  34.603246     8.2093     2.9591     30.303    33.0635    25.7229 -9.990e-29
 249.651826     30.567  34.603281     8.2096     2.9583     30.310    33.0632    25.7226 -9.990e-29
 249.651829     30.578  34.603312     8.2102     2.9587     30.321    33.0627    25.7221 -9.990e-29
 249.651832     30.591  34.603417     8.2109     2.9609     30.333    33.0621    25.7216 -9.990e-29
 249.651834     30.606  34.603670     8.2115     2.9662     30.348    33.0618    25.7213 -9.990e-29
 249.651837     30.621  34.604050     8.2118     2.9712     30.363    33.0620    25.7213 -9.990e-29
 249.651840     30.634  34.604418     8.2118     2.9771     30.376    33.0623    25.7216 -9.990e-29
 249.651843     30.644  34.604654     8.2117     2.9805     30.386    33.0627    25.7219 -9.990e-29
 249.651846     30.653  34.604774     8.2116     2.9808     30.395    33.0629    25.7221 -9.990e-29
 249.651849     30.661  34.604830     8.2114     2.9811     30.403    33.0631    25.7223 -9.990e-29
 249.651852     30.670  34.604855     8.2111     2.9834     30.412    33.0634    25.7226 -9.990e-29
 249.651855     30.685  34.604877     8.2103     2.9813     30.427    33.0642    25.7233 -9.990e-29
 249.651858     30.708  34.604902     8.2088     2.9787     30.449    33.0656    25.7246 -9.990e-29
 249.651861     30.741  34.604892     8.2067     2.9762     30.482    33.0676    25.7265 -9.990e-29
 249.651863     30.784  34.604762     8.2040     2.9739     30.525    33.0700    25.7288 -9.990e-29
 249.651866     30.834  34.604461     8.2010     2.9713     30.574    33.0725    25.7311 -9.990e-29
 249.651869     30.884  34.604060     8.1972     2.9703     30.624    33.0756    25.7342 -9.990e-29
 249.651872     30.929  34.603643     8.1929     2.9687     30.669    33.0792    25.7376 -9.990e-29
 249.651875     30.962  34.603054     8.1891     2.9676     30.701    33.0821    25.7405 -9.990e-29
 249.651878     30.979  34.602109     8.1869     2.9673     30.718    33.0832    25.7417 -9.990e-29
 249.651881     30.982  34.601050     8.1869     2.9649     30.721    33.0821    25.7408 -9.990e-29
 249.651884     30.972  34.600361     8.1891     2.9690     30.711    33.0793    25.7382 -9.990e-29
 249.651887     30.955  34.600297     8.1925     2.9703     30.694    33.0760    25.7352 -9.990e-29
 249.651889     30.939  34.600797     8.1965     2.9743     30.678    33.0728    25.7321 -9.990e-29
 249.651892     30.929  34.601628     8.2005     2.9735     30.669    33.0699    25.7292 -9.990e-29
 249.651895     30.930  34.602578     8.2042     2.9725     30.670    33.0674    25.7267 -9.990e-29
 249.651898     30.942  34.603525     8.2073     2.9726     30.681    33.0655    25.7247 -9.990e-29
 249.651901     30.962  34.604432     8.2096     2.9730     30.701    33.0643    25.7234 -9.990e-29
 249.651904     30.982  34.605307     8.2111     2.9674     30.721    33.0638    25.7228 -9.990e-29
 249.651907     30.996  34.606043     8.2122     2.9654     30.735    33.0635    25.7225 -9.990e-29
 249.651910     30.998  34.606534     8.2129     2.9617     30.737    33.0634    25.7223 -9.990e-29
 249.651913     30.983  34.606845     8.2134     2.9573     30.722    33.0632    25.7221 -9.990e-29
 249.651916     30.953  34.607041     8.2135     2.9550     30.692    33.0634    25.7222 -9.990e-29
 249.651918     30.909  34.607119     8.2133     2.9496     30.649    33.0637    25.7224 -9.990e-29
 249.651921     30.859  34.607097     8.2128     2.9479     30.599    33.0641    25.7229 -9.990e-29
 249.651924     30.808  34.606983     8.2122     2.9482     30.549    33.0646    25.7233 -9.990e-29
 249.651927     30.764  34.606793     8.2116     2.9494     30.505    33.0650    25.7237 -9.990e-29
 249.651930     30.731  34.606582     8.2112     2.9502     30.472    33.0652    25.7239 -9.990e-29
