data/oxygen options/ONMS/Olympic_Coast_National_Marine_Sanctuary_CTD_Data_2005_2023/raw_data/2022/CAST_TH042_220622faedb.cnv
* Sea-Bird SBE 19 Data File:
* FileName = C:\2022 Mooring Data\Casts\CAST_TH042_220622.hex
* Software Version SeatermAF 2.1.2
* Temperature SN = 2997
* Conductivity SN = 2997
* System UpLoad Time = Jun 22 2022 19:21:29 (localtime) = Jun 22 2022 19:21:29 (UTC)
** CAST_TH042_220622
* ds
# nquan = 9
# nvalues = 41                          
# units = specified
# name 0 = timeJ: Julian Days
# name 1 = prSM: Pressure, Strain Gauge [db]
# name 2 = c0mS/cm: Conductivity [mS/cm]
# name 3 = t090C: Temperature [ITS-90, deg C]
# name 4 = sbeox0ML/L: Oxygen, SBE 43 [ml/l]
# name 5 = depSM: Depth [salt water, m], lat = 47.5
# name 6 = sal00: Salinity, Practical [PSU]
# name 7 = sigma-é00: Density [sigma-theta, kg/m^3]
# name 8 = flag: flag
# span 0 = 173.708397, 173.709350       
# span 1 =      1.000,     41.000       
# span 2 =  34.433914,  37.090521       
# span 3 =     7.6650,    13.9017       
# span 4 =     3.2930,     7.5005       
# span 5 =      0.991,     40.654       
# span 6 =    29.0843,    33.4217       
# span 7 =    21.6863,    26.0816       
# span 8 = 0.0000e+00, 0.0000e+00       
# interval = decibars: 1                
# start_time = Jun 22 2022 16:50:32 [Instrument's time stamp, header]
# bad_flag = -9.990e-29
*END*
 173.708397      1.000  35.198326    13.6055     7.5005      0.991    29.0947    21.7065 0.0000e+00
 173.708427      2.000  35.205244    13.5713     7.3146      1.983    29.1267    21.7380 0.0000e+00
 173.708459      3.000  35.239457    13.6681     7.4366      2.975    29.0843    21.6863 0.0000e+00
 173.708485      4.000  35.728048    13.5207     7.0781      3.966    29.6457    22.1485 0.0000e+00
 173.708510      5.000  36.285811    13.7338     6.7694      4.958    29.9918    22.3736 0.0000e+00
 173.708533      6.000  36.850185    13.8885     6.7422      5.950    30.3877    22.6483 0.0000e+00
 173.708557      7.000  37.090521    13.9017     6.6969      6.942    30.5972    22.8073 0.0000e+00
 173.708580      8.000  36.963555    13.3770     6.9028      7.933    30.9018    23.1466 0.0000e+00
 173.708600      9.000  36.338997    12.5086     6.9175      8.925    31.0240    23.4088 0.0000e+00
 173.708623     10.000  36.094541    12.2933     6.6801      9.916    30.9690    23.4064 0.0000e+00
 173.708648     11.000  35.900019    11.8958     6.5521     10.908    31.1126    23.5909 0.0000e+00
 173.708672     12.000  35.781045    11.6796     6.4598     11.899    31.1784    23.6813 0.0000e+00
 173.708692     13.000  35.721473    11.3881     6.4559     12.891    31.3661    23.8793 0.0000e+00
 173.708713     14.000  35.675697    11.3301     6.4625     13.883    31.3703    23.8929 0.0000e+00
 173.708735     15.000  35.670205    11.2956     6.5120     14.874    31.3938    23.9172 0.0000e+00
 173.708758     16.000  35.680456    11.3088     6.4691     15.866    31.3923    23.9137 0.0000e+00
 173.708782     17.000  35.721447    11.3476     6.3415     16.858    31.3988    23.9120 0.0000e+00
 173.708802     18.000  35.592929    11.1937     6.3109     17.849    31.4037    23.9429 0.0000e+00
 173.708823     19.000  35.501540    11.1311     6.3233     18.841    31.3671    23.9255 0.0000e+00
 173.708848     20.000  35.496255    11.1247     6.3470     19.832    31.3669    23.9265 0.0000e+00
 173.708871     21.000  35.495655    11.1185     6.3150     20.824    31.3712    23.9310 0.0000e+00
 173.708891     22.000  35.505840    11.1109     6.1916     21.815    31.3873    23.9449 0.0000e+00
 173.708913     23.000  35.439326    10.9935     6.1393     22.807    31.4218    23.9921 0.0000e+00
 173.708936     24.000  35.370145    10.9138     5.9983     23.799    31.4214    24.0056 0.0000e+00
 173.708959     25.000  35.353147    10.8433     5.6615     24.790    31.4647    24.0516 0.0000e+00
 173.708978     26.000  35.179440    10.6538     5.4580     25.781    31.4552    24.0766 0.0000e+00
 173.708999     27.000  34.985164    10.3215     5.3634     26.773    31.5485    24.2053 0.0000e+00
 173.709022     28.000  34.883501    10.0762     5.1950     27.764    31.6596    24.3327 0.0000e+00
 173.709044     29.000  34.800016     9.8501     5.1622     28.756    31.7734    24.4585 0.0000e+00
 173.709065     30.000  34.766449     9.6964     5.1470     29.748    31.8746    24.5625 0.0000e+00
 173.709090     31.000  34.745288     9.6206     4.9172     30.739    31.9199    24.6100 0.0000e+00
 173.709111     32.000  34.626102     9.2809     4.9177     31.730    32.1010    24.8055 0.0000e+00
 173.709134     33.000  34.577934     9.1946     4.7379     32.722    32.1284    24.8405 0.0000e+00
 173.709157     34.000  34.561829     9.0614     4.1206     33.713    32.2318    24.9420 0.0000e+00
 173.709177     35.000  34.433914     8.6165     4.0908     34.705    32.5042    25.2235 0.0000e+00
 173.709201     36.000  34.451077     8.5946     3.8136     35.696    32.5417    25.2563 0.0000e+00
 173.709223     37.000  34.462234     8.2653     3.3549     36.688    32.8594    25.5544 0.0000e+00
 173.709244     38.000  34.464097     7.8682     3.3354     37.679    33.2349    25.9074 0.0000e+00
 173.709270     39.000  34.472779     7.7762     3.2930     38.670    33.3313    25.9965 0.0000e+00
 173.709295     40.000  34.456001     7.6650     3.2977     39.662    33.4194    26.0816 0.0000e+00
 173.709350     41.000  34.480427     7.6895     3.3871     40.654    33.4217    26.0799 0.0000e+00
