data/oxygen options/ONMS/Olympic_Coast_National_Marine_Sanctuary_CTD_Data_2005_2023/raw_data/2022/CAST_TH015_220823faed.cnv
* Sea-Bird SBE 19 Data File:
* FileName = C:\2022 Mooring Data\Casts\CAST_TH015_220823.hex
* Software Version SeatermAF 2.1.2
* Temperature SN = 2997
* Conductivity SN = 2997
* System UpLoad Time = Aug 23 2022 00:24:37 (localtime) = Aug 23 2022 00:24:37 (UTC)
** CAST_TH015_220823
* ds
# nquan = 9                                 
# nvalues = 960                         
# units = specified
# name 0 = timeJ: Julian Days
# name 1 = prSM: Pressure, Strain Gauge [db]
# name 2 = c0mS/cm: Conductivity [mS/cm]
# name 3 = t090C: Temperature [ITS-90, deg C]
# name 4 = sbeox0ML/L: Oxygen, SBE 43 [ml/l]
# name 5 = depSM: Depth [salt water, m], lat = 47.5
# name 6 = sal00: Salinity, Practical [PSU]
# name 7 = sigma-é00: Density [sigma-theta, kg/m^3]
# name 8 = flag: flag
# span 0 = 234.981458, 234.987008       
# span 1 =     -6.192,     13.738       
# span 2 =   0.581798,  40.655271       
# span 3 =     9.3209,    18.0576       
# span 4 =    -1.8030,    13.3386       
# span 5 =     -6.140,     13.623       
# span 6 =     0.3315,    33.2225       
# span 7 =    -1.1562,    25.6757       
# span 8 = 0.0000e+00, 0.0000e+00       
# interval = seconds: 0.5
# start_time = Aug 22 2022 23:33:18 [Instrument's time stamp, header]
# bad_flag = -9.990e-29
*END*
[from data line 481]
 234.984242     -1.113   0.697485    17.8732    -1.7828     -1.104     0.3980    -1.0738 -9.990e-29
 234.984248     -1.115   0.696106    17.8746    -1.7833     -1.106     0.3971    -1.0747 -9.990e-29
 234.984253     -1.113   0.694924    17.8740    -1.7835     -1.104     0.3964    -1.0752 -9.990e-29
 234.984259     -1.102   0.694026    17.8722    -1.7841     -1.093     0.3959    -1.0752 -9.990e-29
 234.984265     -1.087   0.693135    17.8691    -1.7843     -1.078     0.3954    -1.0750 -9.990e-29
 234.984271     -1.075   0.692173    17.8635    -1.7846     -1.066     0.3949    -1.0744 -9.990e-29
 234.984277     -1.070   0.691331    17.8546    -1.7850     -1.061     0.3945    -1.0731 -9.990e-29
 234.984282     -1.066   0.690595    17.8432    -1.7851     -1.057     0.3942    -1.0712 -9.990e-29
 234.984288     -1.059   0.689906    17.8302    -1.7850     -1.050     0.3939    -1.0691 -9.990e-29
 234.984294     -1.050   0.689454    17.8162    -1.7847     -1.041     0.3937    -1.0666 -9.990e-29
 234.984300     -1.041   0.689188    17.8032    -1.7844     -1.032     0.3937    -1.0642 -9.990e-29
 234.984306     -1.036   0.688755    17.7920    -1.7845     -1.027     0.3935    -1.0623 -9.990e-29
 234.984311     -1.031   0.688131    17.7816    -1.7847     -1.022     0.3933    -1.0606 -9.990e-29
 234.984317     -1.021   0.687591    17.7724    -1.7848     -1.012     0.3930    -1.0591 -9.990e-29
 234.984323     -1.006   0.686969    17.7645    -1.7851     -0.998     0.3927    -1.0579 -9.990e-29
 234.984329     -0.988   0.685990    17.7580    -1.7852     -0.980     0.3922    -1.0571 -9.990e-29
 234.984334     -0.976   0.685011    17.7550    -1.7854     -0.968     0.3917    -1.0569 -9.990e-29
 234.984340     -0.968   0.684386    17.7562    -1.7861     -0.960     0.3913    -1.0575 -9.990e-29
 234.984346     -0.959   0.683836    17.7604    -1.7866     -0.951     0.3909    -1.0585 -9.990e-29
 234.984352     -0.950   0.683181    17.7643    -1.7868     -0.942     0.3905    -1.0595 -9.990e-29
 234.984358     -0.939   0.682656    17.7645    -1.7869     -0.931     0.3902    -1.0598 -9.990e-29
 234.984363     -0.931   0.682116    17.7612    -1.7870     -0.923     0.3899    -1.0594 -9.990e-29
 234.984369     -0.928   0.681393    17.7568    -1.7872     -0.920     0.3895    -1.0589 -9.990e-29
 234.984375     -0.927   0.680632    17.7519    -1.7876     -0.919     0.3891    -1.0583 -9.990e-29
 234.984381     -0.923   0.679925    17.7455    -1.7879     -0.915     0.3888    -1.0575 -9.990e-29
 234.984387     -0.920   0.679438    17.7362    -1.7879     -0.912     0.3886    -1.0559 -9.990e-29
 234.984392     -0.918   0.679076    17.7240    -1.7880     -0.910     0.3885    -1.0538 -9.990e-29
 234.984398     -0.912   0.678909    17.7123    -1.7880     -0.904     0.3885    -1.0516 -9.990e-29
 234.984404     -0.907   0.679822    17.7040    -1.7879     -0.899     0.3891    -1.0496 -9.990e-29
 234.984410     -0.906   0.681927    17.6980    -1.7879     -0.898     0.3904    -1.0475 -9.990e-29
 234.984416     -0.910   0.684154    17.6923    -1.7880     -0.902     0.3917    -1.0454 -9.990e-29
 234.984421     -0.914   0.686151    17.6859    -1.7880     -0.906     0.3930    -1.0433 -9.990e-29
 234.984427     -0.914   0.687812    17.6789    -1.7878     -0.906     0.3940    -1.0412 -9.990e-29
 234.984433     -0.915   0.688585    17.6730    -1.7878     -0.907     0.3946    -1.0398 -9.990e-29
 234.984439     -0.920   0.688393    17.6696    -1.7879     -0.912     0.3945    -1.0392 -9.990e-29
 234.984444     -0.927   0.687536    17.6682    -1.7881     -0.919     0.3940    -1.0393 -9.990e-29
 234.984450     -0.926   0.686530    17.6682    -1.7884     -0.918     0.3934    -1.0398 -9.990e-29
 234.984456     -0.918   0.685696    17.6688    -1.7886     -0.910     0.3929    -1.0403 -9.990e-29
 234.984462     -0.911   0.684476    17.6691    -1.7891     -0.903     0.3922    -1.0409 -9.990e-29
 234.984468     -0.908   0.682351    17.6693    -1.7899     -0.900     0.3909    -1.0419 -9.990e-29
 234.984473     -0.906   0.679809    17.6708    -1.7905     -0.898     0.3894    -1.0433 -9.990e-29
 234.984479     -0.899   0.677334    17.6730    -1.7910     -0.891     0.3879    -1.0449 -9.990e-29
 234.984485     -0.892   0.674951    17.6735    -1.6464     -0.885     0.3865    -1.0461 -9.990e-29
 234.984491     -0.888   0.672804    17.6709    -1.5060     -0.881     0.3852    -1.0466 -9.990e-29
 234.984497     -0.888   0.671352    17.6652    -1.5109     -0.881     0.3844    -1.0461 -9.990e-29
 234.984502     -0.886   0.671979    17.6575    -1.5117     -0.879     0.3849    -1.0444 -9.990e-29
 234.984508     -0.879   0.678290    17.6474    -1.5113     -0.872     0.3887    -1.0396 -9.990e-29
 234.984514     -0.866   0.700915    17.6322    -1.5104     -0.859     0.4022    -1.0264 -9.990e-29
 234.984520     -0.846   0.772237    17.6090    -1.5100     -0.839     0.4450    -0.9894 -9.990e-29
 234.984525     -0.822   0.989567    17.5720    -1.5094     -0.815     0.5762    -0.8819 -9.990e-29
 234.984531     -0.798   1.644337    17.4965    -1.5095     -0.791     0.9816    -0.5572 -9.990e-29
 234.984537     -0.771   3.610129    17.3174    -1.5099     -0.765     2.2605     0.4546 -9.990e-29
 234.984543     -0.739   9.508553    17.0469    -1.5100     -0.733     6.4044     3.6683 -9.990e-29
 234.984549     -0.701  20.572941    16.8262    -1.5102     -0.695    14.8574    10.1535 -9.990e-29
 234.984554     -0.659  31.636270    16.7213    -1.5113     -0.654    23.8834    17.0637 -9.990e-29
 234.984560     -0.618  37.530584    16.6900    -1.5110     -0.613    28.8797    20.8932 -9.990e-29
 234.984566     -0.581  39.501593    16.6909    -1.5110     -0.576    30.5708    22.1887 -9.990e-29
 234.984572     -0.548  40.178433    16.6964    -1.5113     -0.543    31.1505    22.6319 -9.990e-29
 234.984578     -0.523  40.423780    16.6942    -1.5116     -0.519    31.3643    22.7963 -9.990e-29
 234.984583     -0.499  40.529471    16.6843    -1.5112     -0.495    31.4635    22.8746 -9.990e-29
 234.984589     -0.471  40.594405    16.6713    -1.5114     -0.467    31.5299    22.9285 -9.990e-29
 234.984595     -0.436  40.633991    16.6605    -1.5116     -0.432    31.5727    22.9638 -9.990e-29
 234.984601     -0.397  40.652820    16.6581    -1.5118     -0.394    31.5908    22.9783 -9.990e-29
 234.984606     -0.360  40.655271    16.6645    -1.5112     -0.357    31.5879    22.9746 -9.990e-29
 234.984612     -0.331  40.621084    16.6730    -1.5111     -0.328    31.5516    22.9448 -9.990e-29
 234.984618     -0.313  40.560187    16.6761    -1.5119     -0.310    31.4964    22.9017 -9.990e-29
 234.984624     -0.299  40.515282    16.6714    -1.5121     -0.297    31.4612    22.8758 -9.990e-29
 234.984630     -0.286  40.494344    16.6630    -1.5118     -0.284    31.4497    22.8689 -9.990e-29
 234.984635     -0.276  40.487973    16.6580    -1.5120     -0.274    31.4481    22.8688 -9.990e-29
 234.984641     -0.273  40.497222    16.6575    -1.5120     -0.271    31.4565    22.8754 -9.990e-29
 234.984647     -0.273  40.506970    16.6561    -1.5119     -0.271    31.4660    22.8830 -9.990e-29
 234.984653     -0.271  40.500526    16.6521    -1.5121     -0.269    31.4636    22.8821 -9.990e-29
 234.984659     -0.267  40.492858    16.6484    -1.5119     -0.265    31.4599    22.8800 -9.990e-29
 234.984664     -0.261  40.503470    16.6460    -1.5117     -0.259    31.4709    22.8891 -9.990e-29
 234.984670     -0.252  40.524666    16.6447    -1.5115     -0.250    31.4903    22.9042 -9.990e-29
 234.984676     -0.241  40.524747    16.6444    -1.5117     -0.239    31.4906    22.9045 -9.990e-29
 234.984682     -0.225  40.497112    16.6445    -1.5117     -0.223    31.4666    22.8861 -9.990e-29
 234.984688     -0.205  40.476682    16.6452    -1.5118     -0.203    31.4483    22.8719 -9.990e-29
 234.984693     -0.179  40.473228    16.6467    -1.5117     -0.178    31.4442    22.8684 -9.990e-29
 234.984699     -0.150  40.468712    16.6491    -1.5116     -0.149    31.4384    22.8634 -9.990e-29
 234.984705     -0.124  40.463297    16.6529    -1.5115     -0.123    31.4307    22.8566 -9.990e-29
 234.984711     -0.103  40.459307    16.6581    -1.5118     -0.102    31.4231    22.8497 -9.990e-29
 234.984716     -0.088  40.453125    16.6629    -1.5115     -0.087    31.4140    22.8416 -9.990e-29
 234.984722     -0.075  40.449979    16.6649    -1.5113     -0.074    31.4097    22.8378 -9.990e-29
 234.984728     -0.066  40.452419    16.6634    -1.5113     -0.065    31.4130    22.8407 -9.990e-29
 234.984734     -0.059  40.455872    16.6605    -1.5114     -0.059    31.4183    22.8454 -9.990e-29
 234.984740     -0.054  40.458232    16.6584    -1.5115     -0.054    31.4220    22.8487 -9.990e-29
 234.984745     -0.050  40.462104    16.6584    -1.5117     -0.050    31.4253    22.8513 -9.990e-29
 234.984751     -0.047  40.467625    16.6598    -1.5117     -0.047    31.4290    22.8538 -9.990e-29
 234.984757     -0.046  40.472081    16.6606    -1.5117     -0.046    31.4322    22.8561 -9.990e-29
 234.984763     -0.045  40.474708    16.6594    -1.5114     -0.045    31.4354    22.8588 -9.990e-29
 234.984769     -0.045  40.474541    16.6566    -1.5112     -0.045    31.4375    22.8610 -9.990e-29
 234.984774     -0.047  40.478663    16.6540    -1.5112     -0.047    31.4431    22.8659 -9.990e-29
 234.984780     -0.049  40.496512    16.6529    -1.5117     -0.049    31.4594    22.8787 -9.990e-29
 234.984786     -0.052  40.516590    16.6526    -1.5120     -0.052    31.4770    22.8923 -9.990e-29
 234.984792     -0.057  40.523087    16.6523    -1.5115     -0.057    31.4829    22.8968 -9.990e-29
 234.984797     -0.059  40.516276    16.6516    -1.5117     -0.059    31.4776    22.8929 -9.990e-29
 234.984803     -0.054  40.504468    16.6506    -1.5122     -0.054    31.4681    22.8859 -9.990e-29
 234.984809     -0.047  40.496041    16.6496    -1.5125     -0.047    31.4616    22.8811 -9.990e-29
 234.984815     -0.040  40.496595    16.6495    -1.5123     -0.040    31.4622    22.8816 -9.990e-29
 234.984821     -0.034  40.508567    16.6513    -1.5121     -0.034    31.4711    22.8880 -9.990e-29
 234.984826     -0.028  40.524393    16.6536    -1.5120     -0.028    31.4830    22.8966 -9.990e-29
 234.984832     -0.023  40.529882    16.6538    -1.5122     -0.023    31.4876    22.9001 -9.990e-29
 234.984838     -0.016  40.516674    16.6510    -1.5123     -0.016    31.4784    22.8936 -9.990e-29
 234.984844     -0.009  40.492963    16.6476    -1.5120     -0.009    31.4605    22.8807 -9.990e-29
 234.984850     -0.004  40.484888    16.6461    -1.5119     -0.004    31.4547    22.8766 -9.990e-29
 234.984855     -0.007  40.492910    16.6458    -1.5120     -0.007    31.4619    22.8822 -9.990e-29
 234.984861     -0.012  40.484018    16.6442    -1.5122     -0.012    31.4554    22.8776 -9.990e-29
 234.984867     -0.016  40.455906    16.6416    -1.5120     -0.016    31.4331    22.8611 -9.990e-29
 234.984873     -0.019  40.439493    16.6401    -1.5120     -0.019    31.4201    22.8514 -9.990e-29
 234.984878     -0.021  40.446545    16.6409    -1.5119     -0.021    31.4256    22.8555 -9.990e-29
 234.984884     -0.023  40.460696    16.6429    -1.5122     -0.023    31.4362    22.8632 -9.990e-29
 234.984890     -0.024  40.463837    16.6437    -1.5121     -0.024    31.4383    22.8646 -9.990e-29
 234.984896     -0.024  40.456254    16.6431    -1.5123     -0.024    31.4322    22.8601 -9.990e-29
 234.984902     -0.024  40.455318    16.6427    -1.5125     -0.024    31.4317    22.8598 -9.990e-29
 234.984907     -0.024  40.467086    16.6430    -1.5127     -0.024    31.4417    22.8674 -9.990e-29
 234.984913     -0.023  40.474196    16.6424    -1.5125     -0.023    31.4483    22.8726 -9.990e-29
 234.984919     -0.022  40.468771    16.6406    -1.5123     -0.022    31.4450    22.8705 -9.990e-29
 234.984925     -0.021  40.465455    16.6394    -1.5121     -0.021    31.4431    22.8693 -9.990e-29
 234.984931     -0.018  40.472738    16.6397    -1.5123     -0.018    31.4492    22.8738 -9.990e-29
 234.984936     -0.015  40.479609    16.6396    -1.5127     -0.015    31.4552    22.8785 -9.990e-29
 234.984942     -0.011  40.475069    16.6381    -1.5129     -0.011    31.4525    22.8767 -9.990e-29
 234.984948     -0.005  40.466534    16.6366    -1.5130     -0.005    31.4462    22.8723 -9.990e-29
 234.984954      0.002  40.461702    16.6355    -1.5130      0.002    31.4429    22.8700 -9.990e-29
 234.984959      0.011  40.452464    16.6344    -1.5128      0.011    31.4358    22.8648 -9.990e-29
 234.984965      0.019  40.438284    16.6331    -1.5128      0.019    31.4245    22.8564 -9.990e-29
 234.984971      0.021  40.431643    16.6325    -1.5128      0.021    31.4192    22.8525 -9.990e-29
 234.984977      0.018  40.439931    16.6328    10.1289      0.018    31.4262    22.8578 -9.990e-29
 234.984983      0.010  40.454564    16.6330    13.0791      0.010    31.4387    22.8673 -9.990e-29
 234.984988     -0.000  40.458609    16.6325    13.3386     -0.000    31.4426    22.8704 -9.990e-29
 234.984994     -0.008  40.444557    16.6317    11.3101     -0.008    31.4310    22.8618 -9.990e-29
 234.985000     -0.011  40.418884    16.6311     6.8694     -0.011    31.4093    22.8452 -9.990e-29
 234.985006     -0.003  40.396113    16.6308     6.8674     -0.003    31.3898    22.8303 -9.990e-29
 234.985012      0.010  40.385668    16.6307     6.9698      0.010    31.3808    22.8235 -9.990e-29
 234.985017      0.026  40.387063    16.6310     6.9625      0.026    31.3818    22.8241 -9.990e-29
 234.985023      0.041  40.393738    16.6317     6.9234      0.041    31.3870    22.8280 -9.990e-29
 234.985029      0.049  40.396086    16.6322     6.8940      0.049    31.3886    22.8291 -9.990e-29
 234.985035      0.048  40.387694    16.6324     6.8739      0.048    31.3812    22.8234 -9.990e-29
 234.985041      0.048  40.373059    16.6328     6.8499      0.048    31.3682    22.8133 -9.990e-29
 234.985046      0.048  40.363485    16.6333     6.8234      0.048    31.3596    22.8066 -9.990e-29
 234.985052      0.046  40.360767    16.6334     6.8097      0.046    31.3571    22.8047 -9.990e-29
 234.985058      0.043  40.359588    16.6332     6.8051      0.043    31.3563    22.8041 -9.990e-29
 234.985064      0.046  40.358364    16.6331     6.7936      0.046    31.3553    22.8033 -9.990e-29
 234.985069      0.049  40.357695    16.6335     6.7939      0.049    31.3544    22.8026 -9.990e-29
 234.985075      0.044  40.357798    16.6344     6.7894      0.044    31.3538    22.8019 -9.990e-29
 234.985081      0.031  40.358238    16.6350     6.7836      0.031    31.3537    22.8017 -9.990e-29
 234.985087      0.018  40.358469    16.6351     6.7869      0.018    31.3538    22.8018 -9.990e-29
 234.985093      0.008  40.358230    16.6356     6.7594      0.008    31.3532    22.8012 -9.990e-29
 234.985098      0.000  40.357750    16.6364     6.8041      0.000    31.3522    22.8002 -9.990e-29
 234.985104     -0.005  40.357498    16.6371     6.8134     -0.005    31.3514    22.7995 -9.990e-29
 234.985110     -0.009  40.357687    16.6377     6.8154     -0.009    31.3511    22.7991 -9.990e-29
 234.985116     -0.012  40.357998    16.6378     6.8144     -0.012    31.3513    22.7992 -9.990e-29
 234.985122     -0.014  40.357713    16.6371     6.7474     -0.014    31.3516    22.7996 -9.990e-29
 234.985127     -0.014  40.357001    16.6362     6.7612     -0.014    31.3517    22.7999 -9.990e-29
 234.985133     -0.013  40.357142    16.6361     6.7771     -0.013    31.3519    22.8001 -9.990e-29
 234.985139     -0.011  40.358313    16.6365     6.7945     -0.011    31.3526    22.8005 -9.990e-29
 234.985145     -0.008  40.359263    16.6370     6.8093     -0.008    31.3530    22.8007 -9.990e-29
 234.985150     -0.004  40.359564    16.6377     6.7919     -0.004    31.3527    22.8003 -9.990e-29
 234.985156      0.003  40.360166    16.6386     6.7906      0.003    31.3525    22.8000 -9.990e-29
