data/oxygen options/ONMS/Olympic_Coast_National_Marine_Sanctuary_CTD_Data_2005_2023/raw_data/2022/CAST_CA015_220718faed.cnv
* Sea-Bird SBE 19 Data File:
* FileName = C:\2022 Mooring Data\Casts\CAST_CA015_220718.hex
* Software Version SeatermAF 2.1.2
* Temperature SN = 2997
* Conductivity SN = 2997
* System UpLoad Time = Jul 18 2022 22:55:06 (localtime) = Jul 18 2022 22:55:06 (UTC)
** CAST_CA015_220718
* ds
# nquan = 9                                 
# nvalues = 969                         
# units = specified
# name 0 = timeJ: Julian Days
# name 1 = prSM: Pressure, Strain Gauge [db]
# name 2 = c0mS/cm: Conductivity [mS/cm]
# name 3 = t090C: Temperature [ITS-90, deg C]
# name 4 = sbeox0ML/L: Oxygen, SBE 43 [ml/l]
# name 5 = depSM: Depth [salt water, m], lat = 47.5
# name 6 = sal00: Salinity, Practical [PSU]
# name 7 = sigma-é00: Density [sigma-theta, kg/m^3]
# name 8 = flag: flag
# span 0 = 199.921169, 199.926771       
# span 1 =     -5.851,     11.473       
# span 2 =   0.268344,  38.549416       
# span 3 =     9.3841,    16.9118       
# span 4 =    -1.8774,    16.5516       
# span 5 =     -5.802,     11.377       
# span 6 =     0.1539,    32.8842       
# span 7 =    -1.0892,    25.3945       
# span 8 = 0.0000e+00, 0.0000e+00       
# interval = seconds: 0.5
# start_time = Jul 18 2022 22:06:29 [Instrument's time stamp, header]
# bad_flag = -9.990e-29
*END*
[from data line 801]
 199.925804      3.066  37.026655    11.9761     7.5890      3.040    32.1337    24.3683 0.0000e+00
 199.925810      3.307  36.975771    11.9243     7.5251      3.279    32.1291    24.3743 0.0000e+00
 199.925816      3.538  36.971010    11.8841     7.4574      3.508    32.1591    24.4050 0.0000e+00
 199.925822      3.768  36.958313    11.8391     7.4382      3.737    32.1856    24.4339 0.0000e+00
 199.925828      4.005  36.923482    11.7785     7.4061      3.972    32.2042    24.4595 0.0000e+00
 199.925833      4.251  36.879962    11.6999     7.3808      4.215    32.2300    24.4939 0.0000e+00
 199.925839      4.499  36.825127    11.6328     7.3278      4.461    32.2349    24.5099 0.0000e+00
 199.925845      4.740  36.778804    11.6018     7.2242      4.700    32.2166    24.5014 0.0000e+00
 199.925851      4.967  36.765996    11.5945     7.1021      4.925    32.2104    24.4979 0.0000e+00
 199.925856      5.187  36.768982    11.5813     6.9225      5.144    32.2247    24.5114 0.0000e+00
 199.925862      5.409  36.756371    11.5404     6.6884      5.364    32.2479    24.5368 0.0000e+00
 199.925868      5.635  36.728656    11.4611     6.4736      5.588    32.2899    24.5838 0.0000e+00
 199.925874      5.866  36.672348    11.3452     6.2228      5.817    32.3361    24.6405 0.0000e+00
 199.925880      6.103  36.571692    11.2215     6.0861      6.052    32.3456    24.6701 0.0000e+00
 199.925885      6.342  36.471707    11.1254     5.9720      6.289    32.3315    24.6762 0.0000e+00
 199.925891      6.574  36.398680    11.0639     5.8182      6.519    32.3134    24.6730 0.0000e+00
 199.925897      6.803  36.338639    11.0052     5.6580      6.746    32.3056    24.6773 0.0000e+00
 199.925903      7.035  36.289889    10.9143     5.4893      6.976    32.3374    24.7179 0.0000e+00
 199.925909      7.270  36.255154    10.7900     5.5019      7.209    32.4127    24.7983 0.0000e+00
 199.925914      7.512  36.219427    10.6457     5.5549      7.449    32.5052    24.8953 0.0000e+00
 199.925920      7.763  36.157402    10.5036     5.6320      7.698    32.5699    24.9701 0.0000e+00
 199.925926      8.013  36.077619    10.4082     5.6411      7.946    32.5752    24.9905 0.0000e+00
 199.925932      8.248  36.031047    10.3785     5.5314      8.179    32.5550    24.9798 0.0000e+00
 199.925938      8.466  36.039538    10.3873     5.3248      8.395    32.5555    24.9787 0.0000e+00
 199.925943      8.677  36.068387    10.4084     5.1033      8.604    32.5655    24.9829 0.0000e+00
 199.925949      8.893  36.088757    10.4177     4.9101      8.819    32.5775    24.9907 0.0000e+00
 199.925955      9.121  36.077323    10.3647     4.7408      9.045    32.6134    25.0278 0.0000e+00
 199.925961      9.352  36.007571    10.2370     4.6330      9.274    32.6579    25.0841 0.0000e+00
 199.925966      9.582  35.904660    10.1123     4.5224      9.502    32.6664    25.1116 0.0000e+00
 199.925972      9.806  35.821236    10.0322     4.4249      9.724    32.6541    25.1154 0.0000e+00
 199.925978     10.022  35.766991     9.9523     4.3432      9.938    32.6713    25.1421 0.0000e+00
 199.925984     10.227  35.716570     9.8528     4.2508     10.141    32.7101    25.1889 0.0000e+00
 199.925990     10.421  35.660940     9.7630     4.1993     10.334    32.7349    25.2230 0.0000e+00
 199.925995     10.608  35.611569     9.6898     4.1511     10.519    32.7511    25.2476 0.0000e+00
 199.926001     10.786  35.567536     9.6140     4.0937     10.696    32.7751    25.2787 0.0000e+00
 199.926007     10.950  35.528877     9.5392     4.0879     10.858    32.8037    25.3132 0.0000e+00
 199.926013     11.098  35.503357     9.4776     4.1164     11.005    32.8339    25.3467 0.0000e+00
 199.926019     11.231  35.484323     9.4234     4.1929     11.137    32.8640    25.3789 -9.990e-29
 199.926024     11.343  35.460883     9.3841     4.3378     11.248    32.8759    25.3945 -9.990e-29
 199.926030     11.426  35.443729     9.3854     4.4893     11.330    32.8570    25.3795 -9.990e-29
 199.926036     11.471  35.451931     9.4194     4.6719     11.375    32.8342    25.3563 -9.990e-29
 199.926042     11.473  35.475062     9.4698     4.8502     11.377    32.8118    25.3307 -9.990e-29
 199.926047     11.428  35.502441     9.5427     4.9772     11.332    32.7732    25.2888 -9.990e-29
 199.926053     11.341  35.543623     9.6312     5.0833     11.246    32.7347    25.2443 -9.990e-29
 199.926059     11.220  35.595780     9.7163     5.0673     11.126    32.7105    25.2116 -9.990e-29
 199.926065     11.065  35.650592     9.7924     5.1019     10.972    32.6974    25.1889 0.0000e+00
 199.926071     10.876  35.707216     9.8576     5.1006     10.785    32.6959    25.1770 0.0000e+00
 199.926076     10.652  35.757697     9.8940     5.0851     10.563    32.7144    25.1854 0.0000e+00
 199.926082     10.402  35.786473     9.8934     5.0982     10.315    32.7443    25.2088 0.0000e+00
 199.926088     10.135  35.789953     9.8757     5.0636     10.050    32.7640    25.2272 0.0000e+00
 199.926094      9.859  35.780119     9.8663     5.1306      9.776    32.7627    25.2277 0.0000e+00
 199.926100      9.579  35.769680     9.8754     5.1976      9.499    32.7439    25.2115 0.0000e+00
 199.926105      9.298  35.763254     9.8992     5.2234      9.220    32.7159    25.1857 0.0000e+00
 199.926111      9.020  35.764649     9.9286     5.2582      8.945    32.6908    25.1612 0.0000e+00
 199.926117      8.739  35.778019     9.9548     5.3072      8.666    32.6808    25.1491 0.0000e+00
 199.926123      8.455  35.795474     9.9767     5.3941      8.384    32.6788    25.1439 0.0000e+00
 199.926128      8.176  35.807286    10.0029     5.5537      8.108    32.6672    25.1305 0.0000e+00
 199.926134      7.906  35.823660    10.0356     5.7815      7.840    32.6544    25.1150 0.0000e+00
 199.926140      7.635  35.846309    10.0690     6.0476      7.571    32.6472    25.1039 0.0000e+00
 199.926146      7.346  35.864028    10.1170     6.3265      7.285    32.6220    25.0762 0.0000e+00
 199.926152      7.031  35.885930    10.2182     6.5394      6.972    32.5532    25.0055 0.0000e+00
 199.926157      6.689  35.927267    10.3884     6.6673      6.633    32.4426    24.8905 0.0000e+00
 199.926163      6.334  35.996144    10.5706     6.7490      6.281    32.3495    24.7869 0.0000e+00
 199.926169      5.986  36.081373    10.6971     6.7838      5.936    32.3226    24.7442 0.0000e+00
 199.926175      5.656  36.171734    10.7698     6.8421      5.609    32.3484    24.7516 0.0000e+00
 199.926181      5.345  36.255568    10.8147     6.9188      5.300    32.3921    24.7778 0.0000e+00
 199.926186      5.047  36.295126    10.8466     7.0089      5.005    32.4033    24.7810 0.0000e+00
 199.926192      4.747  36.298386    10.8882     7.0453      4.707    32.3698    24.7477 0.0000e+00
 199.926198      4.433  36.316816    10.9513     7.0516      4.396    32.3325    24.7076 0.0000e+00
 199.926204      4.113  36.356553    11.0196     7.0906      4.079    32.3118    24.6795 0.0000e+00
 199.926209      3.799  36.406761    11.0764     7.1572      3.767    32.3116    24.6693 0.0000e+00
 199.926215      3.502  36.460487    11.1125     7.2612      3.473    32.3330    24.6795 0.0000e+00
 199.926221      3.220  36.493616    11.1302     7.3968      3.193    32.3502    24.6898 0.0000e+00
 199.926227      2.944  36.510040    11.1590     7.5122      2.919    32.3411    24.6777 0.0000e+00
 199.926233      2.668  36.535639    11.2367     7.6312      2.646    32.2983    24.6305 0.0000e+00
 199.926238      2.393  36.580501    11.4013     7.7447      2.373    32.1985    24.5235 0.0000e+00
 199.926244      2.122  36.650142    11.6577     7.8001      2.104    32.0441    24.3571 0.0000e+00
 199.926250      1.863  36.755670    11.9372     7.8603      1.847    31.9060    24.1988 0.0000e+00
 199.926256      1.627  36.924117    12.1793     7.8409      1.613    31.8614    24.1193 0.0000e+00
 199.926262      1.423  37.169487    12.3933     7.7715      1.411    31.9143    24.1200 0.0000e+00
 199.926267      1.256  37.432387    12.5816     7.6850      1.246    32.0048    24.1544 0.0000e+00
 199.926273      1.120  37.623532    12.7121     7.5315      1.111    32.0755    24.1841 -9.990e-29
 199.926279      1.005  37.713178    12.7765     7.5195      0.997    32.1058    24.1951 -9.990e-29
 199.926285      0.909  37.722306    12.7898     7.5167      0.901    32.1031    24.1905 -9.990e-29
 199.926291      0.834  37.691182    12.7605     7.5318      0.827    32.0986    24.1926 -9.990e-29
 199.926296      0.780  37.655150    12.7001     7.5040      0.773    32.1158    24.2176 -9.990e-29
 199.926302      0.743  37.612735    12.6349     7.4643      0.737    32.1311    24.2420 -9.990e-29
 199.926308      0.716  37.573000    12.5846     7.4465      0.710    32.1363    24.2556 -9.990e-29
 199.926314      0.690  37.536804    12.5477     7.4142      0.684    32.1334    24.2604 -9.990e-29
 199.926319      0.663  37.489549    12.5142     7.3706      0.657    32.1169    24.2541 -9.990e-29
 199.926325      0.641  37.456257    12.4785     7.3332      0.636    32.1157    24.2599 -9.990e-29
 199.926331      0.628  37.435178    12.4353     7.3170      0.623    32.1325    24.2812 -9.990e-29
 199.926337      0.623  37.404980    12.3633     7.3376      0.618    32.1654    24.3203 -9.990e-29
 199.926343      0.624  37.352346    12.2692     7.3828      0.619    32.1957    24.3616 -9.990e-29
 199.926348      0.629  37.297369    12.1994     7.3996      0.624    32.2030    24.3804 -9.990e-29
 199.926354      0.629  37.279423    12.1650     7.4103      0.624    32.2154    24.3964 -9.990e-29
 199.926360      0.619  37.276292    12.1461     7.4100      0.614    32.2287    24.4102 -9.990e-29
 199.926366      0.600  37.272072    12.1444     7.4187      0.595    32.2261    24.4086 -9.990e-29
 199.926372      0.573  37.285283    12.1718     7.4109      0.568    32.2152    24.3950 -9.990e-29
 199.926377      0.546  37.312294    12.2168     7.3307      0.541    32.2024    24.3766 -9.990e-29
 199.926383      0.522  37.335933    12.2533     7.2528      0.518    32.1937    24.3630 -9.990e-29
 199.926389      0.494  37.352475    12.2695     7.1739      0.490    32.1957    24.3615 -9.990e-29
 199.926395      0.453  37.359379    12.2686     8.4918      0.449    32.2031    24.3674 -9.990e-29
 199.926400      0.395  37.351342    12.2629     8.3165      0.392    32.2003    24.3663 -9.990e-29
 199.926406      0.326  37.339555    12.2627     7.8661      0.323    32.1892    24.3577 -9.990e-29
 199.926412      0.250  37.332452    12.2662     7.3570      0.248    32.1794    24.3495 -9.990e-29
 199.926418      0.170  37.320611    12.2699     6.8809      0.169    32.1649    24.3375 -9.990e-29
 199.926424      0.089  37.288858    12.2773     6.5783      0.088    32.1281    24.3076 -9.990e-29
 199.926429      0.017  37.201073    12.2931     6.3941      0.017    32.0305    24.2290 -9.990e-29
 199.926435     -0.040  36.939703    12.3155     6.3255     -0.040    31.7613    24.0161 -9.990e-29
 199.926441     -0.080  36.152946    12.3384     6.2990     -0.079    30.9914    23.4151 -9.990e-29
 199.926447     -0.111  33.791288    12.3588     6.3199     -0.110    28.7380    21.6663 -9.990e-29
 199.926453     -0.138  26.706467    12.3760     6.3716     -0.137    22.1579    16.5761 -9.990e-29
 199.926458     -0.159  16.073882    12.3890     6.3133     -0.158    12.7231     9.2946 -9.990e-29
 199.926464     -0.170   9.105266    12.3995     6.3924     -0.169     6.8813     4.7860 -9.990e-29
 199.926470     -0.178   7.029204    12.4098     6.4102     -0.177     5.2101     3.4936 -9.990e-29
 199.926476     -0.187   6.431603    12.4192     6.4229     -0.185     4.7359     3.1257 -9.990e-29
 199.926481     -0.193   6.103521    12.4267     6.4613     -0.191     4.4770     2.9245 -9.990e-29
 199.926487     -0.193   5.813065    12.4334     6.3879     -0.191     4.2488     2.7471 -9.990e-29
 199.926493     -0.189   5.612947    12.4409     6.4320     -0.187     4.0918     2.6247 -9.990e-29
 199.926499     -0.187   5.496888    12.4497     6.4508     -0.185     4.0006     2.5530 -9.990e-29
 199.926505     -0.187   5.289592    12.4598     6.4375     -0.185     3.8387     2.4264 -9.990e-29
 199.926510     -0.188   4.852928    12.4703     6.4507     -0.186     3.5006     2.1634 -9.990e-29
 199.926516     -0.186   4.359284    12.4795     6.4443     -0.184     3.1217     1.8689 -9.990e-29
 199.926522     -0.177   3.973838    12.4878     6.4396     -0.176     2.8283     1.6406 -9.990e-29
 199.926528     -0.164   3.668851    12.4966     6.4477     -0.163     2.5976     1.4607 -9.990e-29
 199.926534     -0.156   3.496560    12.5067     6.4187     -0.155     2.4676     1.3587 -9.990e-29
 199.926539     -0.155   3.441980    12.5178     6.4468     -0.154     2.4260     1.3250 -9.990e-29
 199.926545     -0.159   3.438441    12.5292     6.4614     -0.158     2.4227     1.3210 -9.990e-29
 199.926551     -0.157   3.441828    12.5403     6.4386     -0.156     2.4245     1.3210 -9.990e-29
 199.926557     -0.150   3.340710    12.5510     6.4348     -0.149     2.3483     1.2606 -9.990e-29
 199.926562     -0.147   3.265417    12.5606     6.4530     -0.146     2.2917     1.2154 -9.990e-29
 199.926568     -0.147   3.359629    12.5686     6.4395     -0.146     2.3613     1.2684 -9.990e-29
 199.926574     -0.146   3.457193    12.5755     6.4377     -0.145     2.4337     1.3237 -9.990e-29
 199.926580     -0.148   3.536788    12.5823     6.4583     -0.147     2.4928     1.3686 -9.990e-29
 199.926586     -0.153   3.641837    12.5890     6.4614     -0.152     2.5710     1.4283 -9.990e-29
 199.926591     -0.157   3.726544    12.5960     6.4655     -0.156     2.6341     1.4763 -9.990e-29
 199.926597     -0.165   3.727944    12.6043     6.4654     -0.164     2.6346     1.4756 -9.990e-29
 199.926603     -0.177   3.526367    12.6134     6.4184     -0.176     2.4830     1.3570 -9.990e-29
 199.926609     -0.186   3.304115    12.6214     6.3948     -0.184     2.3168     1.2272 -9.990e-29
 199.926615     -0.187   3.245880    12.6282     6.3949     -0.185     2.2731     1.1924 -9.990e-29
 199.926620     -0.186   3.176959    12.6353     6.4386     -0.184     2.2215     1.1516 -9.990e-29
 199.926626     -0.185   3.100854    12.6431     6.4539     -0.183     2.1647     1.1066 -9.990e-29
 199.926632     -0.186   3.132953    12.6513     6.4515     -0.184     2.1880     1.1236 -9.990e-29
 199.926638     -0.193   3.069243    12.6599     6.4357     -0.191     2.1404     1.0856 -9.990e-29
 199.926644     -0.205   2.792055    12.6683     6.3734     -0.203     1.9359     0.9259 -9.990e-29
 199.926649     -0.216   2.503590    12.6760     6.4189     -0.214     1.7247     0.7611 -9.990e-29
 199.926655     -0.221   2.393706    12.6826     6.4388     -0.219     1.6446     0.6981 -9.990e-29
 199.926661     -0.222   2.648519    12.6888     6.4527     -0.220     1.8298     0.8410 -9.990e-29
 199.926667     -0.222   3.274441    12.6955     6.4653     -0.220     2.2902     1.1971 -9.990e-29
 199.926672     -0.225   3.827637    12.7030     6.3589     -0.223     2.7025     1.5155 -9.990e-29
 199.926678     -0.228   3.835213    12.7107     6.4026     -0.226     2.7076     1.5185 -9.990e-29
 199.926684     -0.226   3.348256    12.7178     6.4212     -0.224     2.3437     1.2357 -9.990e-29
 199.926690     -0.220   2.885948    12.7249     6.4371     -0.218     2.0019     0.9698 -9.990e-29
 199.926696     -0.212   2.778823    12.7340     6.4529     -0.210     1.9229     0.9074 -9.990e-29
 199.926701     -0.208   2.854097    12.7478     6.4368     -0.206     1.9773     0.9479 -9.990e-29
 199.926707     -0.206   2.795681    12.7674     6.4369     -0.204     1.9335     0.9114 -9.990e-29
 199.926713     -0.207   2.584487    12.7889     6.4350     -0.205     1.7784     0.7884 -9.990e-29
 199.926719     -0.206   2.410817    12.8069 -9.990e-29     -0.204     1.6516     0.6877 -9.990e-29
