data/oxygen options/ONMS/Olympic_Coast_National_Marine_Sanctuary_CTD_Data_2005_2023/raw_data/2022/CAST_CE042_220720faed.cnv
* Sea-Bird SBE 19 Data File:
* FileName = C:\2022 Mooring Data\Casts\PPS\PPS_CE042_220720.hex
* Software Version SeatermAF 2.1.2
* Temperature SN = 2997
* Conductivity SN = 2997
* System UpLoad Time = Jul 20 2022 17:54:31 (localtime) = Jul 20 2022 17:54:31 (UTC)
** PPS_CE042_220720
* ds
# nquan = 9                                 
# nvalues = 2996                        
# units = specified
# name 0 = timeJ: Julian Days
# name 1 = prSM: Pressure, Strain Gauge [db]
# name 2 = c0mS/cm: Conductivity [mS/cm]
# name 3 = t090C: Temperature [ITS-90, deg C]
# name 4 = sbeox0ML/L: Oxygen, SBE 43 [ml/l]
# name 5 = depSM: Depth [salt water, m], lat = 47.5
# name 6 = sal00: Salinity, Practical [PSU]
# name 7 = sigma-é00: Density [sigma-theta, kg/m^3]
# name 8 = flag: flag
# span 0 = 201.726620, 201.743953       
# span 1 =     -5.086,     41.487       
# span 2 =   0.005939,  38.057342       
# span 3 =     7.4210,    15.1615       
# span 4 =    -1.9289,    17.8493       
# span 5 =     -5.044,     41.137       
# span 6 =     0.0094,    33.7819       
# span 7 =    -0.9160,    26.4013       
# span 8 = 0.0000e+00, 0.0000e+00       
# interval = seconds: 0.5
# start_time = Jul 20 2022 17:26:20 [Instrument's time stamp, header]
# bad_flag = -9.990e-29
*END*
[from data line 2561]
 201.741441     32.350  34.556714     7.4871     1.4921     32.077    33.7037    26.3304 -9.990e-29
 201.741447     32.358  34.556710     7.4871     1.4984     32.085    33.7037    26.3304 -9.990e-29
 201.741453     32.353  34.556714     7.4873     1.4772     32.080    33.7035    26.3302 -9.990e-29
 201.741458     32.337  34.556725     7.4875     1.4771     32.065    33.7034    26.3300 -9.990e-29
 201.741464     32.312  34.556756     7.4877     1.4772     32.040    33.7032    26.3299 -9.990e-29
 201.741470     32.284  34.556843     7.4879     1.4690     32.012    33.7031    26.3298 -9.990e-29
 201.741476     32.258  34.557098     7.4881     1.4754     31.986    33.7032    26.3298 -9.990e-29
 201.741481     32.231  34.557297     7.4884     1.4777     31.960    33.7032    26.3297 -9.990e-29
 201.741487     32.200  34.557142     7.4889     1.4882     31.929    33.7025    26.3292 -9.990e-29
 201.741493     32.165  34.556979     7.4896     1.4840     31.894    33.7017    26.3284 -9.990e-29
 201.741499     32.128  34.557148     7.4902     1.4776     31.857    33.7013    26.3280 -9.990e-29
 201.741505     32.098  34.557310     7.4903     1.4670     31.828    33.7014    26.3281 -9.990e-29
 201.741510     32.091  34.557116     7.4901     1.4628     31.821    33.7014    26.3281 -9.990e-29
 201.741516     32.120  34.556867     7.4890     1.4585     31.849    33.7022    26.3289 -9.990e-29
 201.741522     32.186  34.556787     7.4870     1.4583     31.915    33.7040    26.3306 -9.990e-29
 201.741528     32.277  34.556764     7.4848     1.4624     32.005    33.7061    26.3325 -9.990e-29
 201.741534     32.367  34.556759     7.4834     1.4646     32.094    33.7074    26.3338 -9.990e-29
 201.741539     32.433  34.556761     7.4831     1.4604     32.160    33.7076    26.3340 -9.990e-29
 201.741545     32.467  34.556764     7.4834     1.4583     32.193    33.7073    26.3337 -9.990e-29
 201.741551     32.475  34.556767     7.4839     1.4584     32.201    33.7068    26.3333 -9.990e-29
 201.741557     32.461  34.556770     7.4845     1.4690     32.188    33.7063    26.3327 -9.990e-29
 201.741562     32.425  34.556773     7.4851     1.4754     32.152    33.7057    26.3322 -9.990e-29
 201.741568     32.364  34.556776     7.4864     1.4924     32.091    33.7045    26.3311 -9.990e-29
 201.741574     32.284  34.556778     7.4884     1.4862     32.012    33.7026    26.3293 -9.990e-29
 201.741580     32.200  34.556777     7.4899     1.4292     31.929    33.7011    26.3280 -9.990e-29
 201.741586     32.128  34.556770     7.4906     1.4543     31.857    33.7005    26.3273 -9.990e-29
 201.741591     32.082  34.556744     7.4912     1.4585     31.812    33.6999    26.3268 -9.990e-29
 201.741597     32.066  34.556663     7.4909     1.4670     31.796    33.7001    26.3270 -9.990e-29
 201.741603     32.075  34.556414     7.4895     1.4798     31.805    33.7012    26.3281 -9.990e-29
 201.741609     32.102  34.556222     7.4877     1.4164     31.832    33.7027    26.3295 -9.990e-29
 201.741615     32.139  34.556385     7.4857     1.4502     31.868    33.7048    26.3315 -9.990e-29
 201.741620     32.180  34.556555     7.4838     1.4733     31.909    33.7068    26.3333 -9.990e-29
 201.741626     32.220  34.556392     7.4827     1.4776     31.949    33.7077    26.3341 -9.990e-29
 201.741632     32.247  34.556236     7.4824     1.4861     31.975    33.7078    26.3343 -9.990e-29
 201.741638     32.251  34.556431     7.4828     1.4712     31.979    33.7077    26.3341 -9.990e-29
 201.741644     32.237  34.556674     7.4837     1.4544     31.965    33.7070    26.3335 -9.990e-29
 201.741649     32.217  34.556721     7.4844     1.4714     31.946    33.7064    26.3329 -9.990e-29
 201.741655     32.197  34.556632     7.4846     1.4735     31.926    33.7061    26.3326 -9.990e-29
 201.741661     32.180  34.556284     7.4840     1.4733     31.909    33.7064    26.3329 -9.990e-29
 201.741667     32.167  34.555772     7.4833     1.4693     31.896    33.7065    26.3331 -9.990e-29
 201.741672     32.155  34.555526     7.4835     1.4587     31.884    33.7060    26.3327 -9.990e-29
 201.741678     32.144  34.555776     7.4842     1.4672     31.873    33.7056    26.3323 -9.990e-29
 201.741684     32.137  34.556288     7.4843     1.4630     31.866    33.7061    26.3326 -9.990e-29
 201.741690     32.139  34.556623     7.4838     1.4565     31.868    33.7069    26.3334 -9.990e-29
 201.741696     32.150  34.556662     7.4825     1.4523     31.879    33.7082    26.3346 -9.990e-29
 201.741701     32.165  34.556452     7.4810     1.4418     31.894    33.7095    26.3358 -9.990e-29
 201.741707     32.178  34.556270     7.4806     1.4544     31.907    33.7096    26.3360 -9.990e-29
 201.741713     32.185  34.556428     7.4808     1.4523     31.914    33.7096    26.3359 -9.990e-29
 201.741719     32.190  34.556571     7.4803     1.4523     31.919    33.7103    26.3365 -9.990e-29
 201.741725     32.198  34.556326     7.4792     1.4544     31.927    33.7111    26.3373 -9.990e-29
 201.741730     32.206  34.555922     7.4786     1.4524     31.935    33.7112    26.3375 -9.990e-29
 201.741736     32.209  34.555935     7.4795     1.4566     31.938    33.7103    26.3367 -9.990e-29
 201.741742     32.209  34.556377     7.4813     1.4567     31.938    33.7091    26.3354 -9.990e-29
 201.741748     32.208  34.556712     7.4825     1.4651     31.937    33.7083    26.3346 -9.990e-29
 201.741753     32.212  34.556822     7.4828     1.4672     31.941    33.7081    26.3344 -9.990e-29
 201.741759     32.216  34.556852     7.4832     1.4587     31.945    33.7077    26.3341 -9.990e-29
 201.741765     32.216  34.556836     7.4841     1.4124     31.945    33.7068    26.3333 -9.990e-29
 201.741771     32.217  34.556747     7.4849     1.4396     31.946    33.7060    26.3325 -9.990e-29
 201.741777     32.223  34.556463     7.4847     1.4607     31.952    33.7059    26.3324 -9.990e-29
 201.741782     32.230  34.556160     7.4836     1.4776     31.959    33.7066    26.3331 -9.990e-29
 201.741788     32.234  34.555990     7.4822     1.4968     31.962    33.7078    26.3342 -9.990e-29
 201.741794     32.236  34.555724     7.4810     1.4250     31.964    33.7086    26.3351 -9.990e-29
 201.741800     32.235  34.555562     7.4805     1.4586     31.963    33.7090    26.3354 -9.990e-29
 201.741806     32.232  34.555842     7.4810     1.4693     31.960    33.7088    26.3352 -9.990e-29
 201.741811     32.226  34.556373     7.4818     1.4693     31.955    33.7086    26.3349 -9.990e-29
 201.741817     32.217  34.556737     7.4824     1.4884     31.946    33.7084    26.3347 -9.990e-29
 201.741823     32.204  34.556857     7.4831     1.4650     31.933    33.7078    26.3342 -9.990e-29
 201.741829     32.187  34.556887     7.4838     1.4671     31.916    33.7072    26.3336 -9.990e-29
 201.741834     32.169  34.556862     7.4841     1.4607     31.898    33.7069    26.3333 -9.990e-29
 201.741840     32.161  34.556745     7.4839     1.4628     31.890    33.7070    26.3334 -9.990e-29
 201.741846     32.167  34.556378     7.4833     1.4565     31.896    33.7071    26.3336 -9.990e-29
 201.741852     32.180  34.555827     7.4826     1.4566     31.909    33.7072    26.3338 -9.990e-29
 201.741858     32.195  34.555471     7.4820     1.4588     31.924    33.7074    26.3340 -9.990e-29
 201.741863     32.209  34.555392     7.4815     1.4568     31.938    33.7078    26.3344 -9.990e-29
 201.741869     32.219  34.555478     7.4812     1.4610     31.948    33.7082    26.3347 -9.990e-29
 201.741875     32.226  34.555841     7.4812     1.4525     31.955    33.7086    26.3350 -9.990e-29
 201.741881     32.229  34.556400     7.4816     1.4588     31.958    33.7088    26.3351 -9.990e-29
 201.741887     32.230  34.556774     7.4820     1.4608     31.959    33.7088    26.3351 -9.990e-29
 201.741892     32.232  34.556897     7.4821     1.4629     31.960    33.7088    26.3351 -9.990e-29
 201.741898     32.244  34.556930     7.4819     1.4650     31.972    33.7091    26.3353 -9.990e-29
 201.741904     32.272  34.556912     7.4816     1.4607     32.000    33.7093    26.3356 -9.990e-29
 201.741910     32.312  34.556815     7.4813     1.4523     32.040    33.7095    26.3357 -9.990e-29
 201.741916     32.354  34.556507     7.4809     1.4502     32.081    33.7095    26.3358 -9.990e-29
 201.741921     32.380  34.556131     7.4804     1.4502     32.107    33.7096    26.3359 -9.990e-29
 201.741927     32.375  34.556113     7.4801     1.4524     32.102    33.7099    26.3362 -9.990e-29
 201.741933     32.342  34.556426     7.4802     1.4567     32.070    33.7101    26.3364 -9.990e-29
 201.741939     32.295  34.556738     7.4806     1.4567     32.023    33.7101    26.3363 -9.990e-29
 201.741944     32.246  34.556902     7.4813     1.4483     31.974    33.7096    26.3358 -9.990e-29
 201.741950     32.200  34.556948     7.4821     1.4124     31.929    33.7089    26.3352 -9.990e-29
 201.741956     32.162  34.556936     7.4828     1.4376     31.891    33.7082    26.3345 -9.990e-29
 201.741962     32.138  34.556850     7.4832     1.4566     31.867    33.7078    26.3341 -9.990e-29
 201.741968     32.135  34.556572     7.4832     1.4799     31.864    33.7075    26.3339 -9.990e-29
 201.741973     32.153  34.556292     7.4829     1.4905     31.882    33.7074    26.3339 -9.990e-29
 201.741979     32.185  34.556194     7.4824     1.4209     31.914    33.7078    26.3343 -9.990e-29
 201.741985     32.224  34.556145     7.4818     1.4439     31.953    33.7083    26.3347 -9.990e-29
 201.741991     32.260  34.556075     7.4814     1.4586     31.988    33.7086    26.3350 -9.990e-29
 201.741997     32.282  34.555891     7.4813     1.4734     32.010    33.7085    26.3350 -9.990e-29
 201.742002     32.287  34.555902     7.4813     1.4882     32.015    33.7085    26.3350 -9.990e-29
 201.742008     32.281  34.556121     7.4814     1.4565     32.009    33.7087    26.3351 -9.990e-29
 201.742014     32.271  34.556277     7.4816     1.4670     31.999    33.7086    26.3350 -9.990e-29
 201.742020     32.261  34.556579     7.4817     1.4714     31.989    33.7089    26.3352 -9.990e-29
 201.742025     32.249  34.556867     7.4819     1.4738     31.977    33.7090    26.3353 -9.990e-29
 201.742031     32.236  34.556961     7.4819     1.4654     31.964    33.7091    26.3353 -9.990e-29
 201.742037     32.217  34.556985     7.4819     1.4716     31.946    33.7091    26.3354 -9.990e-29
 201.742043     32.185  34.556969     7.4823     1.4672     31.914    33.7088    26.3350 -9.990e-29
 201.742049     32.147  34.556889     7.4827     1.4671     31.876    33.7083    26.3346 -9.990e-29
 201.742054     32.119  34.556638     7.4829     1.4671     31.848    33.7078    26.3342 -9.990e-29
 201.742060     32.115  34.556440     7.4828     1.4522     31.844    33.7077    26.3341 -9.990e-29
 201.742066     32.144  34.556591     7.4822     1.4376     31.873    33.7085    26.3348 -9.990e-29
 201.742072     32.198  34.556731     7.4805     1.4417     31.927    33.7102    26.3364 -9.990e-29
 201.742078     32.261  34.556482     7.4781     1.4460     31.989    33.7123    26.3384 -9.990e-29
 201.742083     32.306  34.556069     7.4764     1.4546     32.034    33.7135    26.3395 -9.990e-29
 201.742089     32.309  34.556058     7.4764     1.4612     32.037    33.7134    26.3395 -9.990e-29
 201.742095     32.273  34.556431     7.4779     1.4654     32.001    33.7124    26.3385 -9.990e-29
 201.742101     32.215  34.556562     7.4795     1.4590     31.944    33.7110    26.3372 -9.990e-29
 201.742106     32.158  34.556064     7.4808     1.4567     31.887    33.7092    26.3356 -9.990e-29
 201.742112     32.123  34.554834     7.4816     1.4545     31.852    33.7071    26.3338 -9.990e-29
 201.742118     32.125  34.554033     7.4818     1.4523     31.854    33.7061    26.3330 -9.990e-29
 201.742124     32.157  34.554832     7.4816     1.4481     31.886    33.7071    26.3338 -9.990e-29
 201.742130     32.202  34.556055     7.4813     1.4460     31.931    33.7087    26.3351 -9.990e-29
 201.742135     32.260  34.556528     7.4802     1.4207     31.988    33.7103    26.3365 -9.990e-29
 201.742141     32.321  34.556318     7.4783     1.4418     32.049    33.7119    26.3380 -9.990e-29
 201.742147     32.364  34.555702     7.4771     1.4524     32.091    33.7123    26.3386 -9.990e-29
 201.742153     32.370  34.555536     7.4779     1.4588     32.097    33.7114    26.3377 -9.990e-29
 201.742159     32.335  34.556156     7.4797     1.4736     32.063    33.7103    26.3366 -9.990e-29
 201.742164     32.270  34.556703     7.4811     1.4125     31.998    33.7096    26.3358 -9.990e-29
 201.742170     32.192  34.556785     7.4818     1.4505     31.921    33.7090    26.3353 -9.990e-29
 201.742176     32.121  34.556514     7.4821     1.4698     31.850    33.7085    26.3348 -9.990e-29
 201.742182     32.071  34.556087     7.4821     1.4719     31.801    33.7080    26.3345 -9.990e-29
 201.742188     32.042  34.556054     7.4820     1.4825     31.772    33.7081    26.3346 -9.990e-29
 201.742193     32.033  34.556369     7.4820     1.4547     31.763    33.7085    26.3348 -9.990e-29
 201.742199     32.042  34.556329     7.4818     1.4525     31.772    33.7086    26.3350 -9.990e-29
 201.742205     32.071  34.555880     7.4811     1.4483     31.801    33.7088    26.3352 -9.990e-29
 201.742211     32.121  34.555541     7.4801     1.4462     31.850    33.7094    26.3358 -9.990e-29
 201.742216     32.192  34.555421     7.4787     1.4461     31.921    33.7106    26.3370 -9.990e-29
 201.742222     32.274  34.555356     7.4767     1.4483     32.002    33.7124    26.3387 -9.990e-29
 201.742228     32.352  34.555254     7.4746     1.4609     32.079    33.7143    26.3405 -9.990e-29
 201.742234     32.405  34.554976     7.4740     1.4546     32.132    33.7146    26.3408 -9.990e-29
 201.742240     32.419  34.554707     7.4750     1.4609     32.146    33.7133    26.3396 -9.990e-29
 201.742245     32.396  34.554646     7.4763     1.4610     32.123    33.7120    26.3384 -9.990e-29
 201.742251     32.346  34.554709     7.4771     1.4588     32.074    33.7113    26.3377 -9.990e-29
 201.742257     32.284  34.554980     7.4775     1.4610     32.012    33.7112    26.3376 -9.990e-29
 201.742263     32.222  34.555258     7.4779     1.4569     31.951    33.7112    26.3375 -9.990e-29
 201.742269     32.169  34.555352     7.4781     1.4654     31.898    33.7111    26.3374 -9.990e-29
 201.742274     32.132  34.555387     7.4783     1.4675     31.861    33.7110    26.3373 -9.990e-29
 201.742280     32.115  34.555409     7.4788     1.4590     31.844    33.7105    26.3369 -9.990e-29
 201.742286     32.123  34.555444     7.4795     1.4547     31.852    33.7099    26.3363 -9.990e-29
 201.742292     32.150  34.555539     7.4798     1.4503     31.879    33.7096    26.3361 -9.990e-29
 201.742297     32.192  34.555818     7.4797     1.4525     31.921    33.7100    26.3364 -9.990e-29
 201.742303     32.241  34.556090     7.4793     1.4483     31.969    33.7107    26.3370 -9.990e-29
 201.742309     32.292  34.556154     7.4782     1.4546     32.020    33.7118    26.3380 -9.990e-29
 201.742315     32.340  34.556094     7.4768     1.4482     32.068    33.7131    26.3392 -9.990e-29
 201.742321     32.379  34.555826     7.4757     1.4398     32.106    33.7138    26.3399 -9.990e-29
 201.742326     32.404  34.555551     7.4756     1.4566     32.131    33.7136    26.3398 -9.990e-29
 201.742332     32.406  34.555461     7.4766     1.4503     32.133    33.7126    26.3388 -9.990e-29
 201.742338     32.388  34.555432     7.4782     1.4545     32.115    33.7110    26.3373 -9.990e-29
 201.742344     32.355  34.555423     7.4793     1.4545     32.082    33.7099    26.3363 -9.990e-29
 201.742350     32.315  34.555421     7.4797     1.4061     32.043    33.7095    26.3360 -9.990e-29
 201.742355     32.273  34.555422     7.4798     1.4504     32.001    33.7095    26.3359 -9.990e-29
