data/oxygen options/ONMS/Olympic_Coast_National_Marine_Sanctuary_CTD_Data_2005_2023/raw_data/2022/CAST_TH015_220719faed.cnv
* Sea-Bird SBE 19 Data File:
* FileName = C:\2022 Mooring Data\Casts\CAST_TH015_220719.hex
* Software Version SeatermAF 2.1.2
* Temperature SN = 2997
* Conductivity SN = 2997
* System UpLoad Time = Jul 19 2022 23:35:39 (localtime) = Jul 19 2022 23:35:39 (UTC)
** CAST_TH015_220719
* ds
# nquan = 9                                 
# nvalues = 935                         
# units = specified
# name 0 = timeJ: Julian Days
# name 1 = prSM: Pressure, Strain Gauge [db]
# name 2 = c0mS/cm: Conductivity [mS/cm]
# name 3 = t090C: Temperature [ITS-90, deg C]
# name 4 = sbeox0ML/L: Oxygen, SBE 43 [ml/l]
# name 5 = depSM: Depth [salt water, m], lat = 47.5
# name 6 = sal00: Salinity, Practical [PSU]
# name 7 = sigma-é00: Density [sigma-theta, kg/m^3]
# name 8 = flag: flag
# span 0 = 200.938102, 200.943507       
# span 1 =     -5.923,     13.397       
# span 2 =   0.306272,  35.867789       
# span 3 =     8.1891,    13.5624       
# span 4 =    -2.0338,    13.9495       
# span 5 =     -5.874,     13.285       
# span 6 =     0.1897,    33.2412       
# span 7 =    -0.5460,    25.8632       
# span 8 = 0.0000e+00, 0.0000e+00       
# interval = seconds: 0.5
# start_time = Jul 19 2022 22:30:52 [Instrument's time stamp, header]
# bad_flag = -9.990e-29
*END*
[from data line 321]
 200.939959     -1.383   0.457555    13.2287    -1.9592     -1.371     0.2882    -0.4258 -9.990e-29
 200.939965     -1.380   0.456636    13.2324    -1.9594     -1.368     0.2876    -0.4268 -9.990e-29
 200.939971     -1.377   0.456278    13.2373    -1.9599     -1.366     0.2873    -0.4276 -9.990e-29
 200.939977     -1.375   0.456004    13.2428    -1.9599     -1.364     0.2871    -0.4285 -9.990e-29
 200.939983     -1.372   0.454895    13.2474    -1.9599     -1.361     0.2864    -0.4297 -9.990e-29
 200.939988     -1.369   0.453135    13.2509    -1.9600     -1.358     0.2852    -0.4310 -9.990e-29
 200.939994     -1.366   0.451699    13.2545    -1.9600     -1.355     0.2842    -0.4323 -9.990e-29
 200.940000     -1.362   0.450885    13.2598    -1.9599     -1.351     0.2837    -0.4334 -9.990e-29
 200.940006     -1.357   0.450164    13.2660    -1.9600     -1.346     0.2832    -0.4346 -9.990e-29
 200.940012     -1.350   0.449127    13.2697    -1.9600     -1.339     0.2825    -0.4356 -9.990e-29
 200.940017     -1.342   0.448052    13.2685    -1.9601     -1.331     0.2818    -0.4360 -9.990e-29
 200.940023     -1.332   0.447167    13.2647    -1.9600     -1.321     0.2812    -0.4359 -9.990e-29
 200.940029     -1.323   0.446400    13.2617    -1.9600     -1.312     0.2808    -0.4359 -9.990e-29
 200.940035     -1.319   0.445834    13.2601    -1.9600     -1.308     0.2804    -0.4360 -9.990e-29
 200.940041     -1.316   0.445269    13.2593    -1.9600     -1.305     0.2800    -0.4362 -9.990e-29
 200.940046     -1.309   0.444504    13.2592    -1.9601     -1.298     0.2795    -0.4365 -9.990e-29
 200.940052     -1.302   0.443628    13.2594    -1.9602     -1.291     0.2790    -0.4370 -9.990e-29
 200.940058     -1.298   0.442579    13.2591    -1.9603     -1.287     0.2783    -0.4375 -9.990e-29
 200.940064     -1.299   0.441621    13.2583    -1.9605     -1.288     0.2777    -0.4379 -9.990e-29
 200.940069     -1.302   0.441137    13.2576    -1.9607     -1.291     0.2774    -0.4380 -9.990e-29
 200.940075     -1.306   0.441037    13.2577    -1.9610     -1.295     0.2773    -0.4381 -9.990e-29
 200.940081     -1.304   0.441185    13.2583    -1.9614     -1.293     0.2774    -0.4381 -9.990e-29
 200.940087     -1.299   0.441228    13.2587    -1.9614     -1.288     0.2774    -0.4381 -9.990e-29
 200.940093     -1.292   0.440668    13.2578    -1.9616     -1.281     0.2771    -0.4383 -9.990e-29
 200.940098     -1.289   0.439867    13.2559    -1.9615     -1.278     0.2766    -0.4384 -9.990e-29
 200.940104     -1.284   0.439415    13.2536    -1.9614     -1.273     0.2763    -0.4383 -9.990e-29
 200.940110     -1.273   0.439265    13.2508    -1.9612     -1.262     0.2762    -0.4380 -9.990e-29
 200.940116     -1.260   0.439217    13.2469    -1.9612     -1.249     0.2762    -0.4375 -9.990e-29
 200.940122     -1.249   0.439207    13.2419    -1.9612     -1.239     0.2762    -0.4368 -9.990e-29
 200.940127     -1.237   0.439219    13.2362    -1.9612     -1.227     0.2763    -0.4361 -9.990e-29
 200.940133     -1.230   0.439271    13.2311    -1.9609     -1.220     0.2763    -0.4354 -9.990e-29
 200.940139     -1.230   0.439433    13.2274    -1.9608     -1.220     0.2765    -0.4348 -9.990e-29
 200.940145     -1.234   0.439921    13.2252    -1.9607     -1.224     0.2768    -0.4342 -9.990e-29
 200.940150     -1.237   0.440830    13.2250    -1.9606     -1.227     0.2774    -0.4337 -9.990e-29
 200.940156     -1.240   0.441712    13.2266    -1.9604     -1.230     0.2780    -0.4335 -9.990e-29
 200.940162     -1.243   0.442082    13.2288    -1.9604     -1.233     0.2782    -0.4336 -9.990e-29
 200.940168     -1.246   0.441880    13.2305    -1.9601     -1.236     0.2780    -0.4340 -9.990e-29
 200.940174     -1.245   0.441390    13.2316    -1.9599     -1.235     0.2777    -0.4344 -9.990e-29
 200.940179     -1.240   0.441066    13.2333    -1.9597     -1.230     0.2775    -0.4347 -9.990e-29
 200.940185     -1.234   0.441029    13.2366    -1.9596     -1.224     0.2774    -0.4352 -9.990e-29
 200.940191     -1.224   0.441230    13.2404    -1.9597     -1.214     0.2776    -0.4356 -9.990e-29
 200.940197     -1.208   0.441383    13.2436    -1.9599     -1.198     0.2776    -0.4360 -9.990e-29
 200.940203     -1.194   0.441140    13.2465    -1.9600     -1.184     0.2775    -0.4365 -9.990e-29
 200.940208     -1.186   0.440728    13.2494    -1.9603     -1.176     0.2772    -0.4371 -9.990e-29
 200.940214     -1.179   0.440337    13.2529    -1.9605     -1.169     0.2769    -0.4378 -9.990e-29
 200.940220     -1.167   0.440001    13.2572    -1.9606     -1.157     0.2766    -0.4385 -9.990e-29
 200.940226     -1.155   0.440011    13.2615    -1.9604     -1.145     0.2766    -0.4391 -9.990e-29
 200.940231     -1.146   0.440379    13.2648    -1.9602     -1.136     0.2768    -0.4394 -9.990e-29
 200.940237     -1.139   0.440674    13.2661    -1.9600     -1.129     0.2770    -0.4394 -9.990e-29
 200.940243     -1.135   0.440735    13.2648    -1.9600     -1.126     0.2771    -0.4392 -9.990e-29
 200.940249     -1.132   0.440641    13.2621    -1.9600     -1.123     0.2770    -0.4389 -9.990e-29
 200.940255     -1.130   0.440270    13.2585    -1.9598     -1.121     0.2768    -0.4386 -9.990e-29
 200.940260     -1.130   0.439681    13.2544    -1.9599     -1.121     0.2765    -0.4383 -9.990e-29
 200.940266     -1.131   0.439194    13.2514    -1.9599     -1.122     0.2762    -0.4381 -9.990e-29
 200.940272     -1.134   0.438714    13.2506    -1.9597     -1.125     0.2759    -0.4383 -9.990e-29
 200.940278     -1.139   0.438155    13.2522    -1.9597     -1.129     0.2755    -0.4388 -9.990e-29
 200.940284     -1.141   0.437880    13.2552    -1.9591     -1.131     0.2753    -0.4393 -9.990e-29
 200.940289     -1.136   0.438075    13.2581    -1.9586     -1.127     0.2754    -0.4396 -9.990e-29
 200.940295     -1.129   0.438448    13.2600    -1.9583     -1.120     0.2756    -0.4397 -9.990e-29
 200.940301     -1.124   0.438389    13.2616    -1.9577     -1.115     0.2756    -0.4399 -9.990e-29
 200.940307     -1.119   0.437819    13.2631    -1.9574     -1.110     0.2752    -0.4404 -9.990e-29
 200.940313     -1.115   0.437083    13.2640    -1.9571     -1.106     0.2747    -0.4409 -9.990e-29
 200.940318     -1.112   0.436308    13.2656    -1.9570     -1.103     0.2742    -0.4415 -9.990e-29
 200.940324     -1.109   0.435568    13.2687    -1.9568     -1.100     0.2737    -0.4423 -9.990e-29
 200.940330     -1.106   0.434983    13.2739    -1.9563     -1.097     0.2733    -0.4433 -9.990e-29
 200.940336     -1.102   0.434881    13.2823    -1.9559     -1.093     0.2732    -0.4445 -9.990e-29
 200.940341     -1.099   0.435128    13.2924    -1.9555     -1.090     0.2732    -0.4458 -9.990e-29
 200.940347     -1.095   0.434943    13.3026    -1.9557     -1.086     0.2731    -0.4473 -9.990e-29
 200.940353     -1.090   0.434082    13.3123    -1.9557     -1.081     0.2724    -0.4490 -9.990e-29
 200.940359     -1.083   0.433057    13.3211    -1.9557     -1.074     0.2717    -0.4507 -9.990e-29
 200.940365     -1.075   0.432165    13.3283    -1.9557     -1.066     0.2711    -0.4522 -9.990e-29
 200.940370     -1.066   0.431322    13.3346    -1.9559     -1.057     0.2705    -0.4534 -9.990e-29
 200.940376     -1.053   0.430512    13.3413    -1.9564     -1.044     0.2699    -0.4548 -9.990e-29
 200.940382     -1.046   0.429763    13.3489    -1.9567     -1.037     0.2694    -0.4562 -9.990e-29
 200.940388     -1.051   0.429183    13.3562    -1.9565     -1.042     0.2690    -0.4575 -9.990e-29
 200.940394     -1.062   0.428551    13.3611    -1.9564     -1.053     0.2685    -0.4585 -9.990e-29
 200.940399     -1.070   0.427580    13.3625    -1.9562     -1.061     0.2679    -0.4591 -9.990e-29
 200.940405     -1.075   0.426636    13.3622    -1.9562     -1.066     0.2673    -0.4596 -9.990e-29
 200.940411     -1.079   0.426120    13.3616    -1.9561     -1.070     0.2670    -0.4598 -9.990e-29
 200.940417     -1.080   0.425899    13.3599    -1.9561     -1.071     0.2668    -0.4596 -9.990e-29
 200.940422     -1.080   0.425679    13.3558    -1.9562     -1.071     0.2667    -0.4592 -9.990e-29
 200.940428     -1.077   0.425167    13.3503    -1.9561     -1.068     0.2664    -0.4587 -9.990e-29
 200.940434     -1.073   0.424234    13.3465    -1.9556     -1.064     0.2659    -0.4586 -9.990e-29
 200.940440     -1.071   0.423296    13.3462    -1.9555     -1.062     0.2652    -0.4591 -9.990e-29
 200.940446     -1.075   0.422762    13.3481    -1.9555     -1.066     0.2649    -0.4596 -9.990e-29
 200.940451     -1.082   0.422475    13.3503    -1.9555     -1.073     0.2647    -0.4600 -9.990e-29
 200.940457     -1.086   0.422051    13.3519    -1.9559     -1.077     0.2644    -0.4605 -9.990e-29
 200.940463     -1.090   0.421480    13.3532    -1.9562     -1.081     0.2640    -0.4609 -9.990e-29
 200.940469     -1.092   0.421107    13.3540    -1.9563     -1.083     0.2638    -0.4612 -9.990e-29
 200.940475     -1.093   0.420989    13.3551    -1.9562     -1.084     0.2637    -0.4614 -9.990e-29
 200.940480     -1.093   0.420968    13.3584    -1.9563     -1.084     0.2637    -0.4619 -9.990e-29
 200.940486     -1.093   0.421018    13.3630    -1.9566     -1.084     0.2637    -0.4625 -9.990e-29
 200.940492     -1.091   0.421204    13.3661    -1.9566     -1.082     0.2638    -0.4628 -9.990e-29
 200.940498     -1.088   0.421223    13.3670    -1.9567     -1.079     0.2638    -0.4629 -9.990e-29
 200.940503     -1.084   0.420544    13.3652    -1.9566     -1.075     0.2634    -0.4630 -9.990e-29
 200.940509     -1.078   0.419371    13.3608    -1.9563     -1.069     0.2626    -0.4630 -9.990e-29
 200.940515     -1.071   0.418352    13.3562    -1.9563     -1.062     0.2620    -0.4629 -9.990e-29
 200.940521     -1.065   0.417790    13.3533    -1.9562     -1.056     0.2617    -0.4628 -9.990e-29
 200.940527     -1.065   0.417492    13.3516    -1.9562     -1.056     0.2615    -0.4627 -9.990e-29
 200.940532     -1.067   0.417059    13.3495    -1.9560     -1.058     0.2612    -0.4626 -9.990e-29
 200.940538     -1.066   0.416468    13.3470    -1.9561     -1.057     0.2608    -0.4626 -9.990e-29
 200.940544     -1.062   0.416037    13.3455    -1.9563     -1.053     0.2606    -0.4626 -9.990e-29
 200.940550     -1.056   0.415746    13.3456    -1.9567     -1.047     0.2604    -0.4628 -9.990e-29
 200.940556     -1.046   0.415208    13.3477    -1.9568     -1.037     0.2600    -0.4633 -9.990e-29
 200.940561     -1.037   0.414257    13.3507    -1.9572     -1.028     0.2594    -0.4642 -9.990e-29
 200.940567     -1.031   0.413287    13.3530    -1.9575     -1.022     0.2588    -0.4650 -9.990e-29
 200.940573     -1.030   0.412665    13.3543    -1.9577     -1.021     0.2583    -0.4655 -9.990e-29
 200.940579     -1.032   0.412116    13.3553    -1.9579     -1.023     0.2580    -0.4659 -9.990e-29
 200.940584     -1.033   0.411461    13.3561    -1.9580     -1.024     0.2576    -0.4663 -9.990e-29
 200.940590     -1.030   0.410935    13.3549    -1.9582     -1.021     0.2572    -0.4664 -9.990e-29
 200.940596     -1.021   0.410392    13.3510    -1.9584     -1.012     0.2569    -0.4662 -9.990e-29
 200.940602     -1.012   0.409660    13.3456    -1.9588     -1.004     0.2565    -0.4658 -9.990e-29
 200.940608     -1.009   0.408870    13.3394    -1.9589     -1.001     0.2560    -0.4654 -9.990e-29
 200.940613     -1.013   0.408078    13.3327    -1.9594     -1.005     0.2555    -0.4648 -9.990e-29
 200.940619     -1.015   0.407334    13.3263    -1.9597     -1.007     0.2551    -0.4643 -9.990e-29
 200.940625     -1.011   0.406752    13.3211    -1.9597     -1.003     0.2548    -0.4639 -9.990e-29
 200.940631     -1.001   0.406663    13.3171    -1.9598     -0.993     0.2547    -0.4634 -9.990e-29
 200.940637     -0.988   0.406950    13.3134    -1.9597     -0.980     0.2549    -0.4628 -9.990e-29
 200.940642     -0.976   0.406890    13.3090    -1.9595     -0.968     0.2549    -0.4622 -9.990e-29
 200.940648     -0.965   0.406402    13.3035    -1.9596     -0.957     0.2546    -0.4617 -9.990e-29
 200.940654     -0.957   0.405944    13.2971    -1.9598     -0.949     0.2544    -0.4611 -9.990e-29
 200.940660     -0.957   0.405459    13.2902    -1.9601     -0.949     0.2541    -0.4604 -9.990e-29
 200.940666     -0.960   0.404853    13.2832    -1.9604     -0.952     0.2538    -0.4597 -9.990e-29
 200.940671     -0.962   0.404426    13.2779    -1.9606     -0.954     0.2535    -0.4592 -9.990e-29
 200.940677     -0.964   0.404162    13.2753    -1.9605     -0.956     0.2534    -0.4590 -9.990e-29
 200.940683     -0.960   0.403710    13.2747    -1.9606     -0.952     0.2531    -0.4591 -9.990e-29
 200.940689     -0.952   0.403019    13.2756    -1.9611     -0.944     0.2526    -0.4596 -9.990e-29
 200.940694     -0.942   0.402276    13.2767    -1.9614     -0.934     0.2522    -0.4601 -9.990e-29
 200.940700     -0.931   0.401598    13.2756    -1.9617     -0.923     0.2517    -0.4603 -9.990e-29
 200.940706     -0.921   0.401187    13.2717    -1.9618     -0.913     0.2515    -0.4600 -9.990e-29
 200.940712     -0.916   0.401049    13.2665    -1.9620     -0.908     0.2514    -0.4594 -9.990e-29
 200.940718     -0.912   0.400999    13.2616    -1.9621     -0.904     0.2514    -0.4587 -9.990e-29
 200.940723     -0.904   0.400972    13.2580    -1.9623     -0.896     0.2514    -0.4583 -9.990e-29
 200.940729     -0.896   0.400932    13.2552    -1.9624     -0.889     0.2514    -0.4579 -9.990e-29
 200.940735     -0.891   0.400826    13.2508    -1.9628     -0.884     0.2514    -0.4574 -9.990e-29
 200.940741     -0.890   0.400511    13.2438    -1.9633     -0.883     0.2512    -0.4566 -9.990e-29
 200.940747     -0.892   0.400121    13.2363    -1.9632     -0.885     0.2510    -0.4557 -9.990e-29
 200.940752     -0.893   0.400243    13.2304    -1.9635     -0.886     0.2511    -0.4549 -9.990e-29
 200.940758     -0.890   0.401041    13.2260    -1.9640     -0.883     0.2517    -0.4539 -9.990e-29
 200.940764     -0.885   0.401918    13.2222    -1.9640     -0.878     0.2523    -0.4529 -9.990e-29
 200.940770     -0.883   0.402384    13.2184    -1.9639     -0.876     0.2526    -0.4522 -9.990e-29
 200.940775     -0.884   0.402506    13.2143    -1.9637     -0.877     0.2527    -0.4516 -9.990e-29
 200.940781     -0.889   0.402447    13.2087    -1.9636     -0.882     0.2527    -0.4509 -9.990e-29
 200.940787     -0.896   0.402681    13.2017    -1.9634     -0.889     0.2529    -0.4498 -9.990e-29
 200.940793     -0.903   0.403522    13.1952    -1.9633     -0.895     0.2535    -0.4485 -9.990e-29
 200.940799     -0.905   0.404431    13.1898    -1.9638     -0.897     0.2541    -0.4473 -9.990e-29
 200.940804     -0.907   0.405513    13.1842    -1.9642     -0.899     0.2548    -0.4460 -9.990e-29
 200.940810     -0.909   0.407101    13.1792    -1.9647     -0.901     0.2559    -0.4445 -9.990e-29
 200.940816     -0.907   0.408546    13.1772    -1.9650     -0.899     0.2568    -0.4435 -9.990e-29
 200.940822     -0.905   0.409559    13.1777    -1.9650     -0.897     0.2575    -0.4431 -9.990e-29
 200.940828     -0.908   0.410385    13.1796    -1.9651     -0.900     0.2580    -0.4429 -9.990e-29
 200.940833     -0.911   0.411018    13.1823    -1.9651     -0.903     0.2584    -0.4430 -9.990e-29
 200.940839     -0.910   0.411193    13.1845    -1.9657     -0.902     0.2585    -0.4432 -9.990e-29
 200.940845     -0.904   0.410591    13.1834    -1.9294     -0.896     0.2581    -0.4434 -9.990e-29
 200.940851     -0.895   0.409516    13.1777    -1.8767     -0.888     0.2574    -0.4431 -9.990e-29
 200.940856     -0.884   0.408752    13.1692    -1.8082     -0.877     0.2570    -0.4424 -9.990e-29
 200.940862     -0.877   0.408939    13.1605    -2.0338     -0.870     0.2572    -0.4411 -9.990e-29
 200.940868     -0.868   0.410879    13.1539    -1.6929     -0.861     0.2585    -0.4392 -9.990e-29
 200.940874     -0.852   0.417160    13.1494    -1.6994     -0.845     0.2626    -0.4355 -9.990e-29
