data/oxygen options/ONMS/Olympic_Coast_National_Marine_Sanctuary_CTD_Data_2005_2023/raw_data/2022/CAST_KL015_220920faed.cnv
* Sea-Bird SBE 19 Data File:
* FileName = C:\2022 Mooring Data\Casts\CAST_KL015_220920.hex
* Software Version SeatermAF 2.1.2
* Temperature SN = 2997
* Conductivity SN = 2997
* System UpLoad Time = Sep 20 2022 17:24:15 (localtime) = Sep 20 2022 17:24:15 (UTC)
** CAST_KL015_220920
* ds
# nquan = 9                                 
# nvalues = 1089                        
# units = specified
# name 0 = timeJ: Julian Days
# name 1 = prSM: Pressure, Strain Gauge [db]
# name 2 = c0mS/cm: Conductivity [mS/cm]
# name 3 = t090C: Temperature [ITS-90, deg C]
# name 4 = sbeox0ML/L: Oxygen, SBE 43 [ml/l]
# name 5 = depSM: Depth [salt water, m], lat = 47.5
# name 6 = sal00: Salinity, Practical [PSU]
# name 7 = sigma-é00: Density [sigma-theta, kg/m^3]
# name 8 = flag: flag
# span 0 = 263.705081, 263.711377       
# span 1 =     -6.527,     13.792       
# span 2 =   0.012402,  38.645129       
# span 3 =    10.0012,    15.1278       
# span 4 =    -1.9195,    15.7706       
# span 5 =     -6.473,     13.676       
# span 6 =     0.0123,    33.1110       
# span 7 =    -0.9066,    25.4761       
# span 8 = 0.0000e+00, 0.0000e+00       
# interval = seconds: 0.5
# start_time = Sep 20 2022 16:55:19 [Instrument's time stamp, header]
# bad_flag = -9.990e-29
*END*
[from data line 641]
 263.708791     -0.374  38.616048    13.3533    -1.6013     -0.371    32.4656    24.3602 -9.990e-29
 263.708796     -0.374  38.605940    13.3537    -1.6015     -0.371    32.4558    24.3526 -9.990e-29
 263.708802     -0.365  38.599122    13.3536    -1.6014     -0.362    32.4495    24.3477 -9.990e-29
 263.708808     -0.348  38.598490    13.3535    -1.6015     -0.345    32.4490    24.3474 -9.990e-29
 263.708814     -0.330  38.601185    13.3542    -1.6015     -0.327    32.4509    24.3487 -9.990e-29
 263.708819     -0.317  38.603181    13.3552    -1.6016     -0.314    32.4519    24.3493 -9.990e-29
 263.708825     -0.315  38.605121    13.3563    -1.6017     -0.312    32.4528    24.3497 -9.990e-29
 263.708831     -0.317  38.608132    13.3574    -1.6017     -0.314    32.4547    24.3510 -9.990e-29
 263.708837     -0.321  38.610851    13.3578    -1.6017     -0.318    32.4569    24.3526 -9.990e-29
 263.708843     -0.326  38.612645    13.3571    -1.6018     -0.323    32.4591    24.3545 -9.990e-29
 263.708848     -0.328  38.611649    13.3556    -1.6019     -0.325    32.4595    24.3551 -9.990e-29
 263.708854     -0.324  38.607319    13.3539    11.8842     -0.321    32.4569    24.3534 -9.990e-29
 263.708860     -0.316  38.604749    13.3530    15.4833     -0.313    32.4552    24.3523 -9.990e-29
 263.708866     -0.310  38.605778    13.3529    15.7706     -0.307    32.4563    24.3531 -9.990e-29
 263.708872     -0.305  38.605278    13.3521    13.2354     -0.302    32.4565    24.3535 -9.990e-29
 263.708877     -0.300  38.601126    13.3502     7.7266     -0.297    32.4542    24.3521 -9.990e-29
 263.708883     -0.294  38.596974    13.3484     7.8753     -0.292    32.4519    24.3506 -9.990e-29
 263.708889     -0.289  38.595911    13.3474     8.1162     -0.287    32.4517    24.3507 -9.990e-29
 263.708895     -0.282  38.596184    13.3465     8.1530     -0.280    32.4527    24.3517 -9.990e-29
 263.708900     -0.275  38.594457    13.3456     8.1077     -0.273    32.4519    24.3512 -9.990e-29
 263.708906     -0.266  38.589771    13.3445     8.0452     -0.264    32.4484    24.3487 -9.990e-29
 263.708912     -0.255  38.583384    13.3431     7.9798     -0.253    32.4436    24.3453 -9.990e-29
 263.708918     -0.245  38.578767    13.3425     7.9368     -0.243    32.4398    24.3425 -9.990e-29
 263.708924     -0.245  38.577829    13.3427     7.9157     -0.243    32.4388    24.3416 -9.990e-29
 263.708929     -0.258  38.577862    13.3428     7.8938     -0.256    32.4387    24.3416 -9.990e-29
 263.708935     -0.281  38.576330    13.3430     7.8628     -0.279    32.4371    24.3403 -9.990e-29
 263.708941     -0.303  38.573097    13.3435     7.8399     -0.300    32.4337    24.3375 -9.990e-29
 263.708947     -0.316  38.569117    13.3442     7.8335     -0.313    32.4294    24.3341 -9.990e-29
 263.708953     -0.322  38.566590    13.3450     7.8518     -0.319    32.4263    24.3315 -9.990e-29
 263.708958     -0.321  38.565730    13.3458     7.8427     -0.318    32.4248    24.3302 -9.990e-29
 263.708964     -0.317  38.564494    13.3463     7.8331     -0.314    32.4232    24.3289 -9.990e-29
 263.708970     -0.315  38.563137    13.3467     7.7705     -0.312    32.4216    24.3276 -9.990e-29
 263.708976     -0.313  38.562313    13.3470     7.7871     -0.310    32.4206    24.3267 -9.990e-29
 263.708981     -0.312  38.561147    13.3475     7.8097     -0.309    32.4191    24.3254 -9.990e-29
 263.708987     -0.311  38.559988    13.3483     7.8325     -0.308    32.4173    24.3239 -9.990e-29
 263.708993     -0.312  38.559195    13.3489     7.8533     -0.309    32.4161    24.3228 -9.990e-29
 263.708999     -0.313  38.557934    13.3494     7.8022     -0.310    32.4145    24.3215 -9.990e-29
 263.709005     -0.314  38.556427    13.3499     7.8265     -0.311    32.4126    24.3200 -9.990e-29
 263.709010     -0.317  38.555130    13.3507     7.8345     -0.314    32.4107    24.3183 -9.990e-29
 263.709016     -0.321  38.553656    13.3517     7.8340     -0.318    32.4085    24.3164 -9.990e-29
 263.709022     -0.327  38.552502    13.3525     7.8319     -0.324    32.4067    24.3149 -9.990e-29
 263.709028     -0.329  38.552035    13.3536     7.8119     -0.326    32.4054    24.3136 -9.990e-29
 263.709034     -0.325  38.551295    13.3549     7.8099     -0.322    32.4036    24.3120 -9.990e-29
 263.709039     -0.319  38.550640    13.3559     7.8265     -0.316    32.4021    24.3106 -9.990e-29
 263.709045     -0.313  38.550538    13.3563     7.8387     -0.310    32.4017    24.3102 -9.990e-29
 263.709051     -0.308  38.549398    13.3558     7.8465     -0.305    32.4010    24.3098 -9.990e-29
 263.709057     -0.300  38.547042    13.3547     7.8392     -0.297    32.3998    24.3091 -9.990e-29
 263.709063     -0.283  38.544473    13.3536     7.8310     -0.281    32.3983    24.3081 -9.990e-29
 263.709068     -0.260  38.542409    13.3530     7.8267     -0.258    32.3968    24.3072 -9.990e-29
 263.709074     -0.240  38.541684    13.3530     7.8252     -0.238    32.3962    24.3066 -9.990e-29
 263.709080     -0.228  38.541552    13.3537     7.8280     -0.226    32.3954    24.3059 -9.990e-29
 263.709086     -0.229  38.541499    13.3555     7.8275     -0.227    32.3939    24.3043 -9.990e-29
 263.709091     -0.238  38.542236    13.3580     7.8205     -0.236    32.3924    24.3027 -9.990e-29
 263.709097     -0.248  38.543291    13.3597     7.8184     -0.246    32.3920    24.3020 -9.990e-29
 263.709103     -0.254  38.543495    13.3597     7.8188     -0.252    32.3922    24.3022 -9.990e-29
 263.709109     -0.257  38.542783    13.3584     7.8202     -0.255    32.3926    24.3028 -9.990e-29
 263.709115     -0.258  38.541548    13.3570     7.8229     -0.256    32.3926    24.3031 -9.990e-29
 263.709120     -0.256  38.540048    13.3561     7.8226     -0.254    32.3920    24.3028 -9.990e-29
 263.709126     -0.251  38.539307    13.3563     7.8288     -0.249    32.3911    24.3021 -9.990e-29
 263.709132     -0.243  38.540238    13.3579     7.8306     -0.241    32.3906    24.3014 -9.990e-29
 263.709138     -0.235  38.542065    13.3603     7.8307     -0.233    32.3903    24.3006 -9.990e-29
 263.709144     -0.236  38.543528    13.3627     7.8351     -0.234    32.3896    24.2996 -9.990e-29
 263.709149     -0.246  38.544559    13.3644     7.8270     -0.244    32.3892    24.2989 -9.990e-29
 263.709155     -0.257  38.545636    13.3649     7.7859     -0.255    32.3897    24.2993 -9.990e-29
 263.709161     -0.265  38.546737    13.3652     7.8151     -0.263    32.3905    24.2998 -9.990e-29
 263.709167     -0.271  38.547315    13.3663     7.8086     -0.269    32.3901    24.2993 -9.990e-29
 263.709172     -0.275  38.547244    13.3677     7.8104     -0.273    32.3889    24.2981 -9.990e-29
 263.709178     -0.278  38.547214    13.3687     7.8240     -0.276    32.3880    24.2972 -9.990e-29
 263.709184     -0.279  38.547406    13.3689     7.7727     -0.277    32.3880    24.2971 -9.990e-29
 263.709190     -0.279  38.547182    13.3691     7.8104     -0.277    32.3876    24.2968 -9.990e-29
 263.709196     -0.278  38.547024    13.3703     7.8131     -0.276    32.3865    24.2957 -9.990e-29
 263.709201     -0.275  38.548625    13.3721     7.8040     -0.273    32.3864    24.2953 -9.990e-29
 263.709207     -0.270  38.551543    13.3737     7.8030     -0.268    32.3878    24.2960 -9.990e-29
 263.709213     -0.264  38.554292    13.3753     7.7742     -0.262    32.3890    24.2966 -9.990e-29
 263.709219     -0.255  38.557400    13.3776     7.7713     -0.253    32.3900    24.2969 -9.990e-29
 263.709225     -0.243  38.560196    13.3800     7.7776     -0.241    32.3905    24.2969 -9.990e-29
 263.709230     -0.232  38.561028    13.3807     7.7873     -0.230    32.3907    24.2969 -9.990e-29
 263.709236     -0.230  38.560111    13.3798     7.7961     -0.228    32.3906    24.2970 -9.990e-29
 263.709242     -0.240  38.558684    13.3790     7.7994     -0.238    32.3900    24.2966 -9.990e-29
 263.709248     -0.259  38.557867    13.3789     7.8044     -0.257    32.3893    24.2961 -9.990e-29
 263.709253     -0.275  38.558476    13.3793     7.8225     -0.273    32.3895    24.2962 -9.990e-29
 263.709259     -0.277  38.560986    13.3789     7.8146     -0.275    32.3922    24.2984 -9.990e-29
 263.709265     -0.265  38.563366    13.3762     7.8237     -0.263    32.3967    24.3024 -9.990e-29
 263.709271     -0.251  38.563413    13.3726     7.8270     -0.249    32.3998    24.3055 -9.990e-29
 263.709277     -0.246  38.562309    13.3726     7.8283     -0.244    32.3988    24.3047 -9.990e-29
 263.709282     -0.251  38.561460    13.3765     7.8328     -0.249    32.3947    24.3008 -9.990e-29
 263.709288     -0.256  38.561179    13.3792     7.8321     -0.254    32.3921    24.2983 -9.990e-29
 263.709294     -0.259  38.560949    13.3793     7.8358     -0.257    32.3918    24.2980 -9.990e-29
 263.709300     -0.260  38.559539    13.3788     7.8404     -0.258    32.3909    24.2974 -9.990e-29
 263.709306     -0.258  38.557687    13.3774     7.8340     -0.256    32.3904    24.2973 -9.990e-29
 263.709311     -0.253  38.556658    13.3751     7.8289     -0.251    32.3914    24.2985 -9.990e-29
 263.709317     -0.245  38.555457    13.3731     7.8254     -0.243    32.3920    24.2994 -9.990e-29
 263.709323     -0.238  38.553419    13.3716     7.8177     -0.236    32.3913    24.2992 -9.990e-29
 263.709329     -0.240  38.549884    13.3703     7.8248     -0.238    32.3891    24.2977 -9.990e-29
 263.709334     -0.250  38.547234    13.3694     7.8190     -0.248    32.3874    24.2966 -9.990e-29
 263.709340     -0.262  38.549033    13.3689     7.8120     -0.260    32.3895    24.2983 -9.990e-29
 263.709346     -0.272  38.551894    13.3686     7.8315     -0.270    32.3925    24.3006 -9.990e-29
 263.709352     -0.280  38.553849    13.3691     7.8407     -0.278    32.3939    24.3016 -9.990e-29
 263.709358     -0.282  38.555643    13.3698     7.8403     -0.280    32.3950    24.3023 -9.990e-29
 263.709363     -0.274  38.555563    13.3689     7.8372     -0.272    32.3956    24.3030 -9.990e-29
 263.709369     -0.261  38.552759    13.3664     7.7749     -0.259    32.3951    24.3032 -9.990e-29
 263.709375     -0.249  38.550030    13.3649     7.8021     -0.247    32.3939    24.3025 -9.990e-29
 263.709381     -0.247  38.550835    13.3662     7.8203     -0.245    32.3935    24.3019 -9.990e-29
 263.709387     -0.254  38.553820    13.3691     7.8269     -0.252    32.3938    24.3016 -9.990e-29
 263.709392     -0.263  38.556621    13.3716     7.8395     -0.261    32.3943    24.3015 -9.990e-29
 263.709398     -0.269  38.558869    13.3729     7.7949     -0.267    32.3953    24.3020 -9.990e-29
 263.709404     -0.273  38.560580    13.3733     7.8006     -0.271    32.3966    24.3029 -9.990e-29
 263.709410     -0.276  38.561611    13.3731     7.8066     -0.274    32.3977    24.3038 -9.990e-29
 263.709416     -0.277  38.561474    13.3731     7.8258     -0.275    32.3976    24.3037 -9.990e-29
 263.709421     -0.276  38.560921    13.3727     7.8439     -0.274    32.3974    24.3037 -9.990e-29
 263.709427     -0.274  38.560714    13.3711     7.8329     -0.272    32.3986    24.3049 -9.990e-29
 263.709433     -0.270  38.559272    13.3684     7.8352     -0.268    32.3995    24.3062 -9.990e-29
 263.709439     -0.265  38.556729    13.3661     7.8228     -0.263    32.3991    24.3063 -9.990e-29
 263.709444     -0.257  38.556233    13.3654     7.8135     -0.255    32.3992    24.3065 -9.990e-29
 263.709450     -0.251  38.558059    13.3655     7.8201     -0.249    32.4009    24.3078 -9.990e-29
 263.709456     -0.250  38.559415    13.3654     7.8270     -0.248    32.4022    24.3088 -9.990e-29
 263.709462     -0.250  38.559684    13.3645     7.8457     -0.248    32.4032    24.3098 -9.990e-29
 263.709468     -0.247  38.559044    13.3629     7.8432     -0.245    32.4040    24.3107 -9.990e-29
 263.709473     -0.241  38.557018    13.3615     7.8380     -0.239    32.4033    24.3104 -9.990e-29
 263.709479     -0.231  38.555202    13.3611     7.8328     -0.229    32.4019    24.3095 -9.990e-29
 263.709485     -0.216  38.555472    13.3617     7.8424     -0.214    32.4017    24.3091 -9.990e-29
 263.709491     -0.201  38.557442    13.3626     7.8609     -0.199    32.4027    24.3098 -9.990e-29
 263.709497     -0.192  38.559074    13.3628     7.8575     -0.190    32.4041    24.3108 -9.990e-29
 263.709502     -0.193  38.559001    13.3621     7.8599     -0.191    32.4046    24.3113 -9.990e-29
 263.709508     -0.201  38.557502    13.3612     7.8585     -0.199    32.4040    24.3110 -9.990e-29
 263.709514     -0.206  38.555194    13.3604     7.8634     -0.204    32.4025    24.3100 -9.990e-29
 263.709520     -0.210  38.553860    13.3595     7.8726     -0.208    32.4020    24.3099 -9.990e-29
 263.709525     -0.217  38.554338    13.3579     7.8570     -0.215    32.4038    24.3116 -9.990e-29
 263.709531     -0.222  38.553720    13.3550     7.8438     -0.220    32.4057    24.3136 -9.990e-29
 263.709537     -0.223  38.550999    13.3514     7.8390     -0.221    32.4062    24.3147 -9.990e-29
 263.709543     -0.218  38.549085    13.3489     7.8464     -0.216    32.4066    24.3155 -9.990e-29
 263.709549     -0.209  38.550283    13.3484     7.8676     -0.207    32.4081    24.3168 -9.990e-29
 263.709554     -0.198  38.553206    13.3490     7.8276     -0.196    32.4103    24.3184 -9.990e-29
 263.709560     -0.193  38.553724    13.3489     7.8559     -0.191    32.4109    24.3188 -9.990e-29
 263.709566     -0.194  38.551785    13.3472     7.8521     -0.192    32.4105    24.3189 -9.990e-29
 263.709572     -0.193  38.549661    13.3451     7.8613     -0.191    32.4103    24.3192 -9.990e-29
 263.709578     -0.185  38.547698    13.3426     7.8800     -0.183    32.4106    24.3199 -9.990e-29
 263.709583     -0.174  38.547574    13.3391     7.8264     -0.173    32.4135    24.3228 -9.990e-29
 263.709589     -0.168  38.548940    13.3348     7.8718     -0.167    32.4184    24.3275 -9.990e-29
 263.709595     -0.171  38.548954    13.3313     7.8999     -0.170    32.4214    24.3305 -9.990e-29
 263.709601     -0.183  38.547450    13.3297     7.9034     -0.181    32.4214    24.3308 -9.990e-29
 263.709606     -0.199  38.545598    13.3289     7.8942     -0.197    32.4203    24.3301 -9.990e-29
 263.709612     -0.214  38.543546    13.3277     7.8636     -0.212    32.4194    24.3297 -9.990e-29
 263.709618     -0.223  38.541737    13.3272     7.8691     -0.221    32.4182    24.3288 -9.990e-29
 263.709624     -0.228  38.541497    13.3282     7.8973     -0.226    32.4171    24.3277 -9.990e-29
 263.709630     -0.228  38.542321    13.3298     7.9071     -0.226    32.4165    24.3270 -9.990e-29
 263.709635     -0.219  38.542884    13.3312     7.9108     -0.217    32.4158    24.3262 -9.990e-29
 263.709641     -0.197  38.543754    13.3316     7.9091     -0.195    32.4163    24.3265 -9.990e-29
 263.709647     -0.168  38.543666    13.3298     7.8887     -0.167    32.4177    24.3279 -9.990e-29
 263.709653     -0.143  38.539521    13.3272     7.8649     -0.142    32.4161    24.3271 -9.990e-29
 263.709659     -0.125  38.535689    13.3267     7.8631     -0.124    32.4129    24.3248 -9.990e-29
 263.709664     -0.114  38.538640    13.3285     7.8650     -0.113    32.4141    24.3254 -9.990e-29
 263.709670     -0.107  38.544842    13.3305     7.8686     -0.106    32.4182    24.3282 -9.990e-29
 263.709676     -0.106  38.548937    13.3314     7.8670     -0.105    32.4213    24.3304 -9.990e-29
 263.709682     -0.109  38.550602    13.3312     7.8548     -0.108    32.4230    24.3317 -9.990e-29
 263.709687     -0.117  38.551312    13.3307     7.8610     -0.116    32.4241    24.3327 -9.990e-29
 263.709693     -0.126  38.551832    13.3304     7.8589     -0.125    32.4249    24.3333 -9.990e-29
 263.709699     -0.133  38.552112    13.3304     7.8538     -0.132    32.4251    24.3335 -9.990e-29
 263.709705     -0.142  38.552341    13.3298     7.8524     -0.141    32.4258    24.3342 -9.990e-29
