data/oxygen options/ONMS/Olympic_Coast_National_Marine_Sanctuary_CTD_Data_2005_2023/raw_data/2022/CAST_MB015_220718faed.cnv
* Sea-Bird SBE 19 Data File:
* FileName = C:\2022 Mooring Data\Casts\CAST_MB015_220718.hex
* Software Version SeatermAF 2.1.2
* Temperature SN = 2997
* Conductivity SN = 2997
* System UpLoad Time = Jul 18 2022 19:46:03 (localtime) = Jul 18 2022 19:46:03 (UTC)
** CAST_MB015_220718
* ds
# nquan = 9                                 
# nvalues = 981                         
# units = specified
# name 0 = timeJ: Julian Days
# name 1 = prSM: Pressure, Strain Gauge [db]
# name 2 = c0mS/cm: Conductivity [mS/cm]
# name 3 = t090C: Temperature [ITS-90, deg C]
# name 4 = sbeox0ML/L: Oxygen, SBE 43 [ml/l]
# name 5 = depSM: Depth [salt water, m], lat = 47.5
# name 6 = sal00: Salinity, Practical [PSU]
# name 7 = sigma-é00: Density [sigma-theta, kg/m^3]
# name 8 = flag: flag
# span 0 = 199.774537, 199.780208       
# span 1 =     -5.759,      9.541       
# span 2 =   0.010781,  37.628422       
# span 3 =    10.9808,    14.1996       
# span 4 =    -1.9489,    15.5362       
# span 5 =     -5.711,      9.461       
# span 6 =     0.0113,    32.3347       
# span 7 =    -0.7730,    24.7005       
# span 8 = 0.0000e+00, 0.0000e+00       
# interval = seconds: 0.5
# start_time = Jul 18 2022 18:35:20 [Instrument's time stamp, header]
# bad_flag = -9.990e-29
*END*
[from data line 641]
 199.778247      0.278  37.403256    12.8601     7.4718      0.276    31.7423    23.8975 -9.990e-29
 199.778252      0.284  37.403085    12.8602     7.4944      0.282    31.7420    23.8973 -9.990e-29
 199.778258      0.279  37.401523    12.8607     7.4823      0.277    31.7401    23.8958 -9.990e-29
 199.778264      0.273  37.399316    12.8632     7.4873      0.271    31.7360    23.8920 -9.990e-29
 199.778270      0.274  37.398590    12.8668     7.4978      0.272    31.7322    23.8885 -9.990e-29
 199.778275      0.285  37.400087    12.8699     7.4875      0.283    31.7311    23.8870 -9.990e-29
 199.778281      0.303  37.402469    12.8728     7.4863      0.300    31.7309    23.8862 -9.990e-29
 199.778287      0.321  37.404457    12.8746     7.4903      0.318    31.7312    23.8862 -9.990e-29
 199.778293      0.332  37.405367    12.8736     7.4806      0.329    31.7329    23.8877 -9.990e-29
 199.778299      0.335  37.405317    12.8709     7.4757      0.332    31.7351    23.8899 -9.990e-29
 199.778304      0.337  37.404829    12.8693     7.4865      0.334    31.7360    23.8909 -9.990e-29
 199.778310      0.331  37.404401    12.8702     7.4814      0.328    31.7349    23.8898 -9.990e-29
 199.778316      0.319  37.404047    12.8728     7.4845      0.316    31.7323    23.8874 -9.990e-29
 199.778322      0.307  37.403883    12.8754     7.4849      0.304    31.7300    23.8851 -9.990e-29
 199.778328      0.300  37.403716    12.8770     7.4741      0.297    31.7285    23.8836 -9.990e-29
 199.778333      0.297  37.403352    12.8772     7.4758      0.295    31.7280    23.8832 -9.990e-29
 199.778339      0.297  37.403454    12.8763     7.4688      0.295    31.7289    23.8840 -9.990e-29
 199.778345      0.301  37.403623    12.8753     7.4755      0.298    31.7299    23.8850 -9.990e-29
 199.778351      0.309  37.404112    12.8741     7.4865      0.306    31.7313    23.8863 -9.990e-29
 199.778356      0.317  37.405039    12.8722     7.4899      0.314    31.7338    23.8886 -9.990e-29
 199.778362      0.317  37.404865    12.8700     7.4846      0.314    31.7355    23.8904 -9.990e-29
 199.778368      0.309  37.403947    12.8683     7.4921      0.306    31.7360    23.8911 -9.990e-29
 199.778374      0.302  37.402768    12.8667     7.5047      0.299    31.7363    23.8916 -9.990e-29
 199.778380      0.299  37.400903    12.8651     7.5204      0.297    31.7358    23.8916 -9.990e-29
 199.778385      0.299  37.399254    12.8641     7.4624      0.297    31.7351    23.8912 -9.990e-29
 199.778391      0.299  37.399009    12.8637     7.4659      0.297    31.7352    23.8914 -9.990e-29
 199.778397      0.294  37.399869    12.8634     7.4625      0.292    31.7363    23.8923 -9.990e-29
 199.778403      0.288  37.400767    12.8628     7.4763      0.286    31.7377    23.8934 -9.990e-29
 199.778409      0.286  37.401245    12.8619     7.4984      0.284    31.7389    23.8945 -9.990e-29
 199.778414      0.286  37.401407    12.8621     7.4339      0.284    31.7388    23.8945 -9.990e-29
 199.778420      0.289  37.402055    12.8645     7.4621      0.287    31.7374    23.8929 -9.990e-29
 199.778426      0.291  37.403520    12.8702     7.4563      0.289    31.7340    23.8892 -9.990e-29
 199.778432      0.288  37.405543    12.8787     7.4599      0.286    31.7288    23.8835 -9.990e-29
 199.778438      0.284  37.408046    12.8872     7.4796      0.282    31.7241    23.8782 -9.990e-29
 199.778443      0.283  37.411032    12.8946     7.4568      0.281    31.7207    23.8741 -9.990e-29
 199.778449      0.284  37.413466    12.8997     7.4724      0.282    31.7187    23.8716 -9.990e-29
 199.778455      0.288  37.413580    12.9016     7.4671      0.286    31.7172    23.8701 -9.990e-29
 199.778461      0.296  37.412676    12.9004     7.4765      0.294    31.7173    23.8704 -9.990e-29
 199.778466      0.307  37.412378    12.8959     7.4799      0.304    31.7208    23.8740 -9.990e-29
 199.778472      0.322  37.411195    12.8881     7.4624      0.319    31.7263    23.8797 -9.990e-29
 199.778478      0.343  37.408696    12.8794     7.4323      0.340    31.7312    23.8852 -9.990e-29
 199.778484      0.366  37.406618    12.8744     7.3745      0.363    31.7334    23.8879 -9.990e-29
 199.778490      0.385  37.406138    12.8780     7.3474      0.382    31.7299    23.8845 -9.990e-29
 199.778495      0.391  37.407762    12.8909     7.3481      0.388    31.7206    23.8748 -9.990e-29
 199.778501      0.381  37.411997    12.9087     7.3691      0.378    31.7097    23.8629 -9.990e-29
 199.778507      0.363  37.419475    12.9260     7.3947      0.360    31.7023    23.8538 -9.990e-29
 199.778513      0.353  37.427312    12.9373     7.4005      0.350    31.7002    23.8500 -9.990e-29
 199.778519      0.359  37.430299    12.9414     7.3914      0.356    31.6996    23.8487 -9.990e-29
 199.778524      0.377  37.429649    12.9424     7.3812      0.374    31.6981    23.8474 -9.990e-29
 199.778530      0.399  37.429565    12.9424     7.3945      0.396    31.6980    23.8474 -9.990e-29
 199.778536      0.419  37.431082    12.9413     7.4241      0.416    31.7004    23.8494 -9.990e-29
 199.778542      0.433  37.432890    12.9400     7.4342      0.429    31.7032    23.8518 -9.990e-29
 199.778547      0.442  37.432941    12.9387     7.4281      0.438    31.7043    23.8529 -9.990e-29
 199.778553      0.447  37.431330    12.9368     7.4172      0.443    31.7044    23.8533 -9.990e-29
 199.778559      0.448  37.428179    12.9341     7.3960      0.444    31.7037    23.8533 -9.990e-29
 199.778565      0.446  37.423794    12.9348     7.3955      0.442    31.6989    23.8495 -9.990e-29
 199.778571      0.435  37.419639    12.9424     7.3741      0.431    31.6887    23.8401 -9.990e-29
 199.778576      0.411  37.419163    12.9507     7.3739      0.408    31.6813    23.8328 -9.990e-29
 199.778582      0.381  37.423440    12.9512     7.3812      0.378    31.6849    23.8355 -9.990e-29
 199.778588      0.355  37.425875    12.9438     7.4000      0.352    31.6934    23.8435 -9.990e-29
 199.778594      0.337  37.424143    12.9344     7.4266      0.334    31.6996    23.8502 -9.990e-29
 199.778600      0.326  37.422123    12.9269     7.3827      0.323    31.7040    23.8550 -9.990e-29
 199.778605      0.320  37.421071    12.9205     7.4151      0.317    31.7084    23.8596 -9.990e-29
 199.778611      0.318  37.419048    12.9128     7.4348      0.315    31.7129    23.8646 -9.990e-29
 199.778617      0.322  37.415064    12.9020     7.4496      0.319    31.7182    23.8708 -9.990e-29
 199.778623      0.332  37.411115    12.8876     7.4747      0.329    31.7266    23.8801 -9.990e-29
 199.778628      0.347  37.408126    12.8728     7.4453      0.344    31.7362    23.8904 -9.990e-29
 199.778634      0.364  37.405500    12.8630     7.4410      0.361    31.7419    23.8967 -9.990e-29
 199.778640      0.377  37.404802    12.8613     7.4378      0.374    31.7427    23.8976 -9.990e-29
 199.778646      0.381  37.406805    12.8652     7.4406      0.378    31.7413    23.8958 -9.990e-29
 199.778652      0.382  37.409160    12.8715     7.4436      0.379    31.7382    23.8922 -9.990e-29
 199.778657      0.383  37.410551    12.8797     7.4332      0.380    31.7327    23.8863 -9.990e-29
 199.778663      0.381  37.411181    12.8878     7.4170      0.378    31.7265    23.8799 -9.990e-29
 199.778669      0.371  37.411919    12.8925     7.4117      0.368    31.7232    23.8765 -9.990e-29
 199.778675      0.356  37.413777    12.8945     7.4139      0.353    31.7233    23.8762 -9.990e-29
 199.778681      0.344  37.416457    12.8951     7.4137      0.341    31.7253    23.8777 -9.990e-29
 199.778686      0.339  37.418520    12.8927     7.4111      0.336    31.7293    23.8812 -9.990e-29
 199.778692      0.340  37.418263    12.8879     7.4027      0.337    31.7331    23.8850 -9.990e-29
 199.778698      0.347  37.416490    12.8844     7.4027      0.344    31.7343    23.8867 -9.990e-29
 199.778704      0.357  37.415906    12.8836     7.4133      0.354    31.7345    23.8869 -9.990e-29
 199.778709      0.362  37.416317    12.8837     7.4260      0.359    31.7348    23.8872 -9.990e-29
 199.778715      0.362  37.416617    12.8827     7.4506      0.359    31.7359    23.8882 -9.990e-29
 199.778721      0.366  37.417233    12.8804     7.4527      0.363    31.7384    23.8906 -9.990e-29
 199.778727      0.377  37.417333    12.8778     7.4543      0.374    31.7407    23.8929 -9.990e-29
 199.778733      0.393  37.415951    12.8759     7.4411      0.390    31.7410    23.8935 -9.990e-29
 199.778738      0.406  37.414044    12.8755     7.4292      0.403    31.7395    23.8924 -9.990e-29
 199.778744      0.413  37.413501    12.8760     7.4009      0.410    31.7385    23.8916 -9.990e-29
 199.778750      0.413  37.414623    12.8766     7.3741      0.410    31.7391    23.8919 -9.990e-29
 199.778756      0.408  37.416010    12.8774     7.3677      0.405    31.7397    23.8922 -9.990e-29
 199.778762      0.400  37.417179    12.8780     7.3672      0.397    31.7403    23.8926 -9.990e-29
 199.778767      0.394  37.417918    12.8791     7.3883      0.391    31.7401    23.8922 -9.990e-29
 199.778773      0.385  37.418561    12.8823     7.4052      0.382    31.7380    23.8900 -9.990e-29
 199.778779      0.373  37.419874    12.8874     7.4168      0.370    31.7350    23.8866 -9.990e-29
 199.778785      0.364  37.420715    12.8934     7.3935      0.361    31.7308    23.8822 -9.990e-29
 199.778791      0.364  37.421556    12.8998     7.4368      0.361    31.7262    23.8774 -9.990e-29
 199.778796      0.371  37.423429    12.9032     7.4438      0.368    31.7251    23.8759 -9.990e-29
 199.778802      0.387  37.423137    12.9006     7.4468      0.384    31.7270    23.8779 -9.990e-29
 199.778808      0.408  37.420201    12.8932     7.4338      0.405    31.7304    23.8820 -9.990e-29
 199.778814      0.428  37.417901    12.8864     7.3602      0.424    31.7340    23.8860 -9.990e-29
 199.778819      0.437  37.417000    12.8850     7.3625      0.433    31.7343    23.8865 -9.990e-29
 199.778825      0.430  37.417324    12.8882     7.3678      0.426    31.7319    23.8841 -9.990e-29
 199.778831      0.409  37.418652    12.8914     7.3975      0.406    31.7305    23.8824 -9.990e-29
 199.778837      0.390  37.419863    12.8919     7.4262      0.387    31.7312    23.8828 -9.990e-29
 199.778843      0.381  37.420803    12.8920     7.3918      0.378    31.7320    23.8834 -9.990e-29
 199.778848      0.380  37.422073    12.8930     7.3672      0.377    31.7324    23.8835 -9.990e-29
 199.778854      0.385  37.423037    12.8935     7.3411      0.382    31.7329    23.8838 -9.990e-29
 199.778860      0.385  37.423205    12.8935     7.3475      0.382    31.7330    23.8839 -9.990e-29
 199.778866      0.379  37.423271    12.8948     7.3789      0.376    31.7320    23.8829 -9.990e-29
 199.778872      0.368  37.423792    12.8976     7.3971      0.365    31.7301    23.8809 -9.990e-29
 199.778877      0.361  37.424811    12.9010     7.4032      0.358    31.7283    23.8788 -9.990e-29
 199.778883      0.362  37.425358    12.9017     7.4044      0.359    31.7282    23.8786 -9.990e-29
 199.778889      0.370  37.420469    12.8943     7.4117      0.367    31.7298    23.8812 -9.990e-29
 199.778895      0.383  37.410257    12.8840     7.4179      0.380    31.7288    23.8825 -9.990e-29
 199.778900      0.392  37.406232    12.8836     7.4180      0.389    31.7253    23.8799 -9.990e-29
 199.778906      0.394  37.411336    12.8928     7.3989      0.391    31.7224    23.8758 -9.990e-29
 199.778912      0.388  37.417153    12.9026     7.3812      0.385    31.7197    23.8718 -9.990e-29
 199.778918      0.375  37.421262    12.9090     7.3561      0.372    31.7182    23.8694 -9.990e-29
 199.778924      0.357  37.425130    12.9117     7.3532      0.354    31.7196    23.8700 -9.990e-29
 199.778929      0.343  37.427665    12.9116     7.3751      0.340    31.7221    23.8719 -9.990e-29
 199.778935      0.335  37.428795    12.9106     7.3858      0.332    31.7240    23.8736 -9.990e-29
 199.778941      0.334  37.429936    12.9108     7.3944      0.331    31.7249    23.8743 -9.990e-29
 199.778947      0.338  37.431398    12.9121     7.3847      0.335    31.7252    23.8742 -9.990e-29
 199.778953      0.349  37.432797    12.9134     7.3839      0.346    31.7254    23.8742 -9.990e-29
 199.778958      0.363  37.434227    12.9147     7.3851      0.360    31.7257    23.8741 -9.990e-29
 199.778964      0.371  37.435823    12.9173     7.3870      0.368    31.7250    23.8731 -9.990e-29
 199.778970      0.375  37.437940    12.9223     7.3419      0.372    31.7228    23.8704 -9.990e-29
 199.778976      0.383  37.441067    12.9275     7.3759      0.380    31.7214    23.8683 -9.990e-29
 199.778981      0.401  37.442002    12.9286     7.3987      0.398    31.7213    23.8680 -9.990e-29
 199.778987      0.425  37.438539    12.9270     7.4179      0.421    31.7194    23.8669 -9.990e-29
 199.778993      0.443  37.435496    12.9261     7.4353      0.439    31.7173    23.8654 -9.990e-29
 199.778999      0.449  37.435449    12.9263     7.3731      0.445    31.7170    23.8652 -9.990e-29
 199.779005      0.446  37.436001    12.9269     7.3969      0.442    31.7171    23.8651 -9.990e-29
 199.779010      0.440  37.436117    12.9269     7.3951      0.436    31.7172    23.8652 -9.990e-29
 199.779016      0.434  37.435859    12.9260     7.3857      0.430    31.7177    23.8657 -9.990e-29
 199.779022      0.431  37.435355    12.9246     7.3781      0.427    31.7184    23.8666 -9.990e-29
 199.779028      0.428  37.435523    12.9241     7.3520      0.424    31.7190    23.8671 -9.990e-29
 199.779034      0.420  37.436495    12.9258     7.3759      0.416    31.7185    23.8664 -9.990e-29
 199.779039      0.411  37.437795    12.9293     7.3957      0.408    31.7168    23.8644 -9.990e-29
 199.779045      0.408  37.439945    12.9339     7.4109      0.405    31.7149    23.8621 -9.990e-29
 199.779051      0.416  37.443480    12.9391     7.4173      0.413    31.7139    23.8603 -9.990e-29
 199.779057      0.431  37.445739    12.9429     7.4024      0.427    31.7128    23.8587 -9.990e-29
 199.779063      0.445  37.442919    12.9442     7.3960      0.441    31.7091    23.8556 -9.990e-29
 199.779068      0.451  37.437894    12.9441     7.3783      0.447    31.7044    23.8520 -9.990e-29
 199.779074      0.445  37.436200    12.9442     7.3602      0.441    31.7028    23.8507 -9.990e-29
 199.779080      0.430  37.438850    12.9452     7.3528      0.426    31.7044    23.8518 -9.990e-29
 199.779086      0.411  37.443121    12.9461     7.3677      0.408    31.7077    23.8541 -9.990e-29
 199.779091      0.389  37.446213    12.9465     7.3661      0.386    31.7103    23.8560 -9.990e-29
 199.779097      0.373  37.448797    12.9476     7.3704      0.370    31.7118    23.8570 -9.990e-29
 199.779103      0.366  37.451424    12.9495     7.3504      0.363    31.7127    23.8573 -9.990e-29
 199.779109      0.366  37.451904    12.9513     7.3300      0.363    31.7116    23.8562 -9.990e-29
 199.779115      0.370  37.449664    12.9525     7.3128      0.367    31.7085    23.8535 -9.990e-29
 199.779120      0.370  37.447791    12.9532     7.3059      0.367    31.7062    23.8516 -9.990e-29
 199.779126      0.361  37.448740    12.9542     7.3227      0.358    31.7062    23.8514 -9.990e-29
 199.779132      0.347  37.450884    12.9557     7.3472      0.344    31.7070    23.8517 -9.990e-29
 199.779138      0.340  37.453068    12.9571     7.3478      0.337    31.7079    23.8521 -9.990e-29
 199.779144      0.348  37.454754    12.9580     7.3463      0.345    31.7087    23.8526 -9.990e-29
 199.779149      0.367  37.455298    12.9591     7.3401      0.364    31.7083    23.8521 -9.990e-29
 199.779155      0.390  37.455894    12.9598     7.2831      0.387    31.7083    23.8519 -9.990e-29
 199.779161      0.410  37.456125    12.9599     7.3032      0.407    31.7084    23.8520 -9.990e-29
