data/oxygen options/ONMS/Olympic_Coast_National_Marine_Sanctuary_CTD_Data_2005_2023/raw_data/2022/CAST_TH015_220823faed.cnv
* Sea-Bird SBE 19 Data File:
* FileName = C:\2022 Mooring Data\Casts\CAST_TH015_220823.hex
* Software Version SeatermAF 2.1.2
* Temperature SN = 2997
* Conductivity SN = 2997
* System UpLoad Time = Aug 23 2022 00:24:37 (localtime) = Aug 23 2022 00:24:37 (UTC)
** CAST_TH015_220823
* ds
# nquan = 9                                 
# nvalues = 960                         
# units = specified
# name 0 = timeJ: Julian Days
# name 1 = prSM: Pressure, Strain Gauge [db]
# name 2 = c0mS/cm: Conductivity [mS/cm]
# name 3 = t090C: Temperature [ITS-90, deg C]
# name 4 = sbeox0ML/L: Oxygen, SBE 43 [ml/l]
# name 5 = depSM: Depth [salt water, m], lat = 47.5
# name 6 = sal00: Salinity, Practical [PSU]
# name 7 = sigma-é00: Density [sigma-theta, kg/m^3]
# name 8 = flag: flag
# span 0 = 234.981458, 234.987008       
# span 1 =     -6.192,     13.738       
# span 2 =   0.581798,  40.655271       
# span 3 =     9.3209,    18.0576       
# span 4 =    -1.8030,    13.3386       
# span 5 =     -6.140,     13.623       
# span 6 =     0.3315,    33.2225       
# span 7 =    -1.1562,    25.6757       
# span 8 = 0.0000e+00, 0.0000e+00       
# interval = seconds: 0.5
# start_time = Aug 22 2022 23:33:18 [Instrument's time stamp, header]
# bad_flag = -9.990e-29
*END*
[from data line 161]
 234.982390     -2.802   0.594597    18.0219    -1.7760     -2.779     0.3363    -1.1487 -9.990e-29
 234.982396     -2.794   0.594639    18.0234    -1.7763     -2.771     0.3363    -1.1490 -9.990e-29
 234.982402     -2.781   0.594751    18.0271    -1.7762     -2.758     0.3364    -1.1497 -9.990e-29
 234.982407     -2.767   0.595082    18.0292    -1.7757     -2.744     0.3365    -1.1499 -9.990e-29
 234.982413     -2.757   0.595516    18.0271    -1.7761     -2.734     0.3368    -1.1493 -9.990e-29
 234.982419     -2.748   0.595526    18.0229    -1.7764     -2.725     0.3369    -1.1485 -9.990e-29
 234.982425     -2.741   0.595124    18.0209    -1.7762     -2.718     0.3366    -1.1483 -9.990e-29
 234.982431     -2.735   0.594880    18.0218    -1.7758     -2.712     0.3365    -1.1486 -9.990e-29
 234.982436     -2.730   0.595021    18.0218    -1.7756     -2.707     0.3366    -1.1485 -9.990e-29
 234.982442     -2.726   0.595180    18.0186    -1.7758     -2.703     0.3367    -1.1478 -9.990e-29
 234.982448     -2.721   0.595013    18.0155    -1.7759     -2.698     0.3366    -1.1473 -9.990e-29
 234.982454     -2.717   0.594851    18.0162    -1.7753     -2.694     0.3365    -1.1475 -9.990e-29
 234.982459     -2.712   0.595028    18.0181    -1.7753     -2.689     0.3366    -1.1478 -9.990e-29
 234.982465     -2.706   0.595227    18.0165    -1.7751     -2.683     0.3367    -1.1474 -9.990e-29
 234.982471     -2.700   0.595157    18.0144    -1.7761     -2.677     0.3367    -1.1470 -9.990e-29
 234.982477     -2.692   0.595278    18.0169    -1.7784     -2.670     0.3368    -1.1475 -9.990e-29
 234.982483     -2.681   0.595750    18.0221    -1.7803     -2.659     0.3370    -1.1482 -9.990e-29
 234.982488     -2.668   0.596092    18.0254    -1.7819     -2.646     0.3372    -1.1487 -9.990e-29
 234.982494     -2.652   0.596207    18.0262    -1.7827     -2.630     0.3372    -1.1488 -9.990e-29
 234.982500     -2.631   0.596246    18.0284    -1.7832     -2.609     0.3372    -1.1492 -9.990e-29
 234.982506     -2.609   0.596260    18.0327    -1.7835     -2.587     0.3372    -1.1500 -9.990e-29
 234.982512     -2.588   0.596265    18.0336    -1.7835     -2.566     0.3372    -1.1502 -9.990e-29
 234.982517     -2.566   0.596268    18.0238    -1.7842     -2.545     0.3373    -1.1483 -9.990e-29
 234.982523     -2.548   0.596269    17.9955    -1.7849     -2.527     0.3375    -1.1429 -9.990e-29
 234.982529     -2.536   0.596270    17.9509    -1.7854     -2.515     0.3379    -1.1344 -9.990e-29
 234.982535     -2.529   0.596271    17.9031    -1.7851     -2.508     0.3382    -1.1253 -9.990e-29
 234.982541     -2.522   0.596272    17.8632    -1.7855     -2.501     0.3385    -1.1177 -9.990e-29
 234.982546     -2.511   0.596273    17.8353    -1.7865     -2.490     0.3388    -1.1124 -9.990e-29
 234.982552     -2.499   0.596275    17.8175    -1.7875     -2.478     0.3389    -1.1090 -9.990e-29
 234.982558     -2.490   0.596277    17.8060    -1.7880     -2.469     0.3390    -1.1068 -9.990e-29
 234.982564     -2.484   0.596281    17.7955    -1.7884     -2.463     0.3391    -1.1048 -9.990e-29
 234.982569     -2.479   0.596293    17.7816    -1.7886     -2.458     0.3392    -1.1022 -9.990e-29
 234.982575     -2.476   0.596326    17.7666    -1.7885     -2.455     0.3393    -1.0993 -9.990e-29
 234.982581     -2.475   0.596423    17.7557    -1.7888     -2.454     0.3395    -1.0972 -9.990e-29
 234.982587     -2.471   0.596711    17.7480    -1.7886     -2.450     0.3397    -1.0956 -9.990e-29
 234.982593     -2.459   0.597020    17.7357    -1.7886     -2.438     0.3400    -1.0932 -9.990e-29
 234.982598     -2.443   0.597205    17.7163    -1.7887     -2.423     0.3403    -1.0894 -9.990e-29
 234.982604     -2.426   0.597513    17.6953    -1.7891     -2.406     0.3406    -1.0853 -9.990e-29
 234.982610     -2.412   0.597801    17.6783    -1.7889     -2.392     0.3409    -1.0820 -9.990e-29
 234.982616     -2.404   0.597898    17.6668    -1.7892     -2.384     0.3411    -1.0798 -9.990e-29
 234.982622     -2.396   0.597931    17.6602    -1.7897     -2.376     0.3411    -1.0785 -9.990e-29
 234.982627     -2.385   0.597943    17.6568    -1.7906     -2.365     0.3412    -1.0779 -9.990e-29
 234.982633     -2.370   0.597948    17.6548    -1.7912     -2.350     0.3412    -1.0775 -9.990e-29
 234.982639     -2.354   0.597951    17.6540    -1.7912     -2.334     0.3412    -1.0773 -9.990e-29
 234.982645     -2.340   0.597952    17.6531    -1.7918     -2.320     0.3412    -1.0772 -9.990e-29
 234.982650     -2.327   0.597953    17.6502    -1.7926     -2.308     0.3412    -1.0766 -9.990e-29
 234.982656     -2.315   0.597954    17.6461    -1.7932     -2.296     0.3413    -1.0759 -9.990e-29
 234.982662     -2.302   0.597956    17.6414    -1.7930     -2.283     0.3413    -1.0750 -9.990e-29
 234.982668     -2.293   0.597958    17.6332    -1.7935     -2.274     0.3414    -1.0734 -9.990e-29
 234.982674     -2.286   0.597962    17.6192    -1.7937     -2.267     0.3415    -1.0708 -9.990e-29
 234.982679     -2.277   0.597972    17.6022    -1.7941     -2.258     0.3416    -1.0676 -9.990e-29
 234.982685     -2.265   0.598000    17.5878    -1.7943     -2.246     0.3418    -1.0649 -9.990e-29
 234.982691     -2.250   0.598083    17.5764    -1.7944     -2.231     0.3419    -1.0627 -9.990e-29
 234.982697     -2.235   0.598330    17.5627    -1.7945     -2.216     0.3421    -1.0601 -9.990e-29
 234.982703     -2.224   0.598515    17.5471    -1.7946     -2.205     0.3424    -1.0571 -9.990e-29
 234.982708     -2.214   0.598332    17.5351    -1.7946     -2.196     0.3424    -1.0549 -9.990e-29
 234.982714     -2.207   0.598087    17.5273    -1.7944     -2.189     0.3423    -1.0536 -9.990e-29
 234.982720     -2.201   0.598006    17.5197    -1.7941     -2.183     0.3423    -1.0522 -9.990e-29
 234.982726     -2.197   0.597980    17.5112    -1.7939     -2.179     0.3424    -1.0506 -9.990e-29
 234.982731     -2.193   0.597972    17.5032    -1.7938     -2.175     0.3424    -1.0491 -9.990e-29
 234.982737     -2.189   0.597972    17.4968    -1.7940     -2.171     0.3425    -1.0479 -9.990e-29
 234.982743     -2.186   0.597976    17.4928    -1.7940     -2.168     0.3425    -1.0472 -9.990e-29
 234.982749     -2.183   0.597990    17.4904    -1.7937     -2.165     0.3425    -1.0467 -9.990e-29
 234.982755     -2.180   0.598030    17.4892    -1.7940     -2.162     0.3426    -1.0465 -9.990e-29
 234.982760     -2.177   0.598150    17.4900    -1.7941     -2.159     0.3426    -1.0466 -9.990e-29
 234.982766     -2.173   0.598508    17.4935    -1.7943     -2.155     0.3428    -1.0471 -9.990e-29
 234.982772     -2.169   0.599026    17.4985    -1.7945     -2.151     0.3431    -1.0478 -9.990e-29
 234.982778     -2.163   0.599287    17.5030    -1.7948     -2.145     0.3432    -1.0485 -9.990e-29
 234.982784     -2.157   0.599083    17.5051    -1.7949     -2.139     0.3431    -1.0490 -9.990e-29
 234.982789     -2.148   0.598694    17.5052    -1.7952     -2.130     0.3428    -1.0492 -9.990e-29
 234.982795     -2.138   0.598707    17.5058    -1.7957     -2.120     0.3428    -1.0493 -9.990e-29
 234.982801     -2.124   0.599138    17.5063    -1.7964     -2.106     0.3431    -1.0492 -9.990e-29
 234.982807     -2.107   0.599455    17.5044    -1.7968     -2.089     0.3433    -1.0487 -9.990e-29
 234.982812     -2.089   0.599525    17.5005    -1.7969     -2.072     0.3434    -1.0479 -9.990e-29
 234.982818     -2.073   0.599442    17.4954    -1.7969     -2.056     0.3433    -1.0470 -9.990e-29
 234.982824     -2.059   0.599091    17.4889    -1.7970     -2.042     0.3432    -1.0459 -9.990e-29
 234.982830     -2.050   0.598556    17.4817    -1.7971     -2.033     0.3429    -1.0448 -9.990e-29
 234.982836     -2.049   0.598231    17.4741    -1.7972     -2.032     0.3428    -1.0436 -9.990e-29
 234.982841     -2.053   0.598232    17.4646    -1.7971     -2.036     0.3429    -1.0418 -9.990e-29
 234.982847     -2.053   0.598561    17.4525    -1.7971     -2.036     0.3432    -1.0394 -9.990e-29
 234.982853     -2.044   0.599102    17.4397    -1.7970     -2.027     0.3436    -1.0368 -9.990e-29
 234.982859     -2.030   0.599467    17.4300    -1.7969     -2.013     0.3439    -1.0348 -9.990e-29
 234.982865     -2.016   0.599589    17.4247    -1.7965     -1.999     0.3440    -1.0338 -9.990e-29
 234.982870     -1.999   0.599629    17.4219    -1.7958     -1.982     0.3440    -1.0332 -9.990e-29
 234.982876     -1.984   0.599639    17.4196    -1.7950     -1.967     0.3441    -1.0328 -9.990e-29
 234.982882     -1.973   0.599631    17.4173    -1.7946     -1.957     0.3441    -1.0324 -9.990e-29
 234.982888     -1.965   0.599595    17.4161    -1.7942     -1.949     0.3441    -1.0322 -9.990e-29
 234.982894     -1.960   0.599485    17.4166    -1.7938     -1.944     0.3440    -1.0323 -9.990e-29
 234.982899     -1.959   0.599154    17.4182    -1.7935     -1.943     0.3438    -1.0328 -9.990e-29
 234.982905     -1.960   0.598714    17.4213    -1.7934     -1.944     0.3435    -1.0335 -9.990e-29
 234.982911     -1.960   0.598686    17.4278    -1.7934     -1.944     0.3434    -1.0348 -9.990e-29
 234.982917     -1.954   0.599034    17.4394    -1.7931     -1.938     0.3436    -1.0368 -9.990e-29
 234.982922     -1.946   0.599115    17.4551    -1.7928     -1.930     0.3435    -1.0396 -9.990e-29
 234.982928     -1.940   0.599039    17.4715    -1.7929     -1.924     0.3433    -1.0427 -9.990e-29
 234.982934     -1.936   0.599260    17.4858    -1.7927     -1.920     0.3433    -1.0453 -9.990e-29
 234.982940     -1.933   0.599517    17.4976    -1.7925     -1.917     0.3434    -1.0474 -9.990e-29
 234.982946     -1.932   0.599601    17.5077    -1.7923     -1.916     0.3433    -1.0492 -9.990e-29
 234.982951     -1.931   0.599625    17.5154    -1.7923     -1.915     0.3433    -1.0506 -9.990e-29
 234.982957     -1.932   0.599622    17.5203    -1.7923     -1.916     0.3432    -1.0515 -9.990e-29
 234.982963     -1.933   0.599588    17.5243    -1.7922     -1.917     0.3432    -1.0523 -9.990e-29
 234.982969     -1.936   0.599478    17.5295    -1.7920     -1.920     0.3431    -1.0533 -9.990e-29
 234.982975     -1.935   0.599147    17.5345    -1.7914     -1.919     0.3429    -1.0544 -9.990e-29
 234.982980     -1.928   0.598707    17.5381    -1.7905     -1.912     0.3426    -1.0553 -9.990e-29
 234.982986     -1.917   0.598679    17.5421    -1.7898     -1.901     0.3425    -1.0560 -9.990e-29
 234.982992     -1.906   0.599027    17.5469    -1.7891     -1.890     0.3427    -1.0568 -9.990e-29
 234.982998     -1.894   0.599108    17.5509    -1.7887     -1.878     0.3427    -1.0575 -9.990e-29
 234.983003     -1.882   0.599032    17.5536    -1.7884     -1.866     0.3426    -1.0580 -9.990e-29
 234.983009     -1.867   0.599251    17.5559    -1.7878     -1.851     0.3427    -1.0584 -9.990e-29
 234.983015     -1.853   0.599506    17.5600    -1.7871     -1.838     0.3429    -1.0590 -9.990e-29
 234.983021     -1.844   0.599583    17.5689    -1.7865     -1.829     0.3428    -1.0606 -9.990e-29
 234.983027     -1.835   0.599583    17.5845    -1.7862     -1.820     0.3427    -1.0636 -9.990e-29
 234.983032     -1.820   0.599508    17.6045    -1.7863     -1.805     0.3425    -1.0673 -9.990e-29
 234.983038     -1.804   0.599260    17.6239    -1.7863     -1.789     0.3422    -1.0711 -9.990e-29
 234.983044     -1.794   0.599063    17.6405    -1.7858     -1.779     0.3420    -1.0743 -9.990e-29
 234.983050     -1.788   0.599206    17.6550    -1.7854     -1.773     0.3419    -1.0770 -9.990e-29
 234.983056     -1.779   0.599329    17.6695    -1.7850     -1.764     0.3419    -1.0796 -9.990e-29
 234.983061     -1.766   0.599041    17.6853    -1.7847     -1.751     0.3416    -1.0827 -9.990e-29
 234.983067     -1.756   0.598514    17.7013    -1.7845     -1.741     0.3411    -1.0860 -9.990e-29
 234.983073     -1.753   0.598154    17.7144    -1.7843     -1.738     0.3408    -1.0886 -9.990e-29
 234.983079     -1.756   0.598034    17.7223    -1.7842     -1.741     0.3407    -1.0902 -9.990e-29
 234.983084     -1.763   0.597995    17.7266    -1.7840     -1.748     0.3406    -1.0910 -9.990e-29
 234.983090     -1.764   0.597986    17.7322    -1.7839     -1.749     0.3406    -1.0920 -9.990e-29
 234.983096     -1.755   0.597994    17.7415    -1.7841     -1.740     0.3405    -1.0938 -9.990e-29
 234.983102     -1.740   0.598033    17.7522    -1.7841     -1.725     0.3405    -1.0958 -9.990e-29
 234.983108     -1.728   0.598153    17.7618    -1.7843     -1.714     0.3405    -1.0976 -9.990e-29
 234.983113     -1.720   0.598517    17.7701    -1.7843     -1.706     0.3406    -1.0990 -9.990e-29
 234.983119     -1.712   0.599056    17.7770    -1.7844     -1.698     0.3409    -1.1000 -9.990e-29
 234.983125     -1.701   0.599384    17.7826    -1.7845     -1.687     0.3410    -1.1009 -9.990e-29
 234.983131     -1.689   0.599383    17.7875    -1.7843     -1.675     0.3410    -1.1019 -9.990e-29
 234.983137     -1.679   0.599055    17.7914    -1.7841     -1.665     0.3407    -1.1028 -9.990e-29
 234.983142     -1.671   0.598514    17.7928    -1.7838     -1.657     0.3404    -1.1033 -9.990e-29
 234.983148     -1.665   0.598149    17.7916    -1.7836     -1.651     0.3402    -1.1032 -9.990e-29
 234.983154     -1.661   0.598027    17.7892    -1.7835     -1.647     0.3402    -1.1028 -9.990e-29
 234.983160     -1.657   0.597986    17.7865    -1.7833     -1.643     0.3402    -1.1023 -9.990e-29
 234.983166     -1.654   0.597972    17.7841    -1.7833     -1.640     0.3402    -1.1019 -9.990e-29
 234.983171     -1.652   0.597967    17.7825    -1.7837     -1.638     0.3402    -1.1016 -9.990e-29
 234.983177     -1.649   0.597965    17.7826    -1.7840     -1.635     0.3402    -1.1016 -9.990e-29
 234.983183     -1.647   0.597964    17.7857    -1.7842     -1.633     0.3401    -1.1022 -9.990e-29
 234.983189     -1.645   0.597963    17.7913    -1.7845     -1.631     0.3401    -1.1032 -9.990e-29
 234.983194     -1.643   0.597963    17.7977    -1.7846     -1.629     0.3401    -1.1044 -9.990e-29
 234.983200     -1.641   0.597962    17.8031    -1.7848     -1.627     0.3400    -1.1055 -9.990e-29
 234.983206     -1.639   0.597962    17.8070    -1.7852     -1.625     0.3400    -1.1062 -9.990e-29
 234.983212     -1.636   0.597961    17.8090    -1.7857     -1.622     0.3400    -1.1066 -9.990e-29
 234.983218     -1.633   0.597961    17.8072    -1.7861     -1.619     0.3400    -1.1062 -9.990e-29
 234.983223     -1.628   0.597960    17.8015    -1.7862     -1.614     0.3400    -1.1052 -9.990e-29
 234.983229     -1.623   0.597960    17.7946    -1.7868     -1.609     0.3401    -1.1039 -9.990e-29
 234.983235     -1.616   0.597959    17.7880    -1.7869     -1.603     0.3401    -1.1026 -9.990e-29
 234.983241     -1.607   0.597959    17.7817    -1.7873     -1.594     0.3402    -1.1014 -9.990e-29
 234.983247     -1.600   0.597958    17.7752    -1.7876     -1.587     0.3402    -1.1002 -9.990e-29
 234.983252     -1.599   0.597958    17.7673    -1.7876     -1.586     0.3403    -1.0987 -9.990e-29
 234.983258     -1.599   0.597957    17.7573    -1.7877     -1.586     0.3404    -1.0968 -9.990e-29
 234.983264     -1.596   0.597957    17.7465    -1.7878     -1.583     0.3405    -1.0948 -9.990e-29
 234.983270     -1.589   0.597956    17.7363    -1.7880     -1.576     0.3405    -1.0928 -9.990e-29
 234.983275     -1.584   0.597956    17.7265    -1.7879     -1.571     0.3406    -1.0910 -9.990e-29
 234.983281     -1.583   0.597955    17.7168    -1.7879     -1.570     0.3407    -1.0891 -9.990e-29
 234.983287     -1.586   0.597955    17.7079    -1.7880     -1.573     0.3408    -1.0875 -9.990e-29
 234.983293     -1.595   0.597954    17.7000    -1.7878     -1.582     0.3408    -1.0860 -9.990e-29
 234.983299     -1.604   0.597954    17.6939    -1.7875     -1.591     0.3409    -1.0848 -9.990e-29
 234.983304     -1.610   0.597953    17.6900    -1.7876     -1.597     0.3409    -1.0841 -9.990e-29
