data/oxygen options/ONMS/Olympic_Coast_National_Marine_Sanctuary_CTD_Data_2005_2023/raw_data/2022/CAST_TH015_220719faed.cnv
* Sea-Bird SBE 19 Data File:
* FileName = C:\2022 Mooring Data\Casts\CAST_TH015_220719.hex
* Software Version SeatermAF 2.1.2
* Temperature SN = 2997
* Conductivity SN = 2997
* System UpLoad Time = Jul 19 2022 23:35:39 (localtime) = Jul 19 2022 23:35:39 (UTC)
** CAST_TH015_220719
* ds
# nquan = 9                                 
# nvalues = 935                         
# units = specified
# name 0 = timeJ: Julian Days
# name 1 = prSM: Pressure, Strain Gauge [db]
# name 2 = c0mS/cm: Conductivity [mS/cm]
# name 3 = t090C: Temperature [ITS-90, deg C]
# name 4 = sbeox0ML/L: Oxygen, SBE 43 [ml/l]
# name 5 = depSM: Depth [salt water, m], lat = 47.5
# name 6 = sal00: Salinity, Practical [PSU]
# name 7 = sigma-é00: Density [sigma-theta, kg/m^3]
# name 8 = flag: flag
# span 0 = 200.938102, 200.943507       
# span 1 =     -5.923,     13.397       
# span 2 =   0.306272,  35.867789       
# span 3 =     8.1891,    13.5624       
# span 4 =    -2.0338,    13.9495       
# span 5 =     -5.874,     13.285       
# span 6 =     0.1897,    33.2412       
# span 7 =    -0.5460,    25.8632       
# span 8 = 0.0000e+00, 0.0000e+00       
# interval = seconds: 0.5
# start_time = Jul 19 2022 22:30:52 [Instrument's time stamp, header]
# bad_flag = -9.990e-29
*END*
[from data line 641]
 200.941811      0.253  35.418735    10.3622     5.7474      0.251    31.9585    24.5175 -9.990e-29
 200.941817      0.248  35.416949    10.3699     5.7573      0.246    31.9499    24.5096 -9.990e-29
 200.941823      0.244  35.412879    10.3777     5.7722      0.242    31.9390    24.4997 -9.990e-29
 200.941829      0.240  35.408384    10.3835     5.7783      0.238    31.9294    24.4913 -9.990e-29
 200.941834      0.236  35.408681    10.3871     5.7874      0.234    31.9265    24.4884 -9.990e-29
 200.941840      0.232  35.411367    10.3911     5.7926      0.230    31.9257    24.4871 -9.990e-29
 200.941846      0.227  35.411624    10.3959     5.7993      0.225    31.9217    24.4832 -9.990e-29
 200.941852      0.226  35.409235    10.4005     5.7977      0.224    31.9153    24.4774 -9.990e-29
 200.941858      0.232  35.404940    10.4029     5.8025      0.230    31.9089    24.4720 -9.990e-29
 200.941863      0.243  35.400859    10.4016     5.7951      0.241    31.9060    24.4700 -9.990e-29
 200.941869      0.249  35.398838    10.4035     5.7941      0.247    31.9023    24.4668 -9.990e-29
 200.941875      0.243  35.398424    10.4122     5.7983      0.241    31.8942    24.4590 -9.990e-29
 200.941881      0.225  35.397947    10.4219     5.8005      0.223    31.8852    24.4504 -9.990e-29
 200.941887      0.206  35.396773    10.4290     5.8128      0.204    31.8779    24.4434 -9.990e-29
 200.941892      0.197  35.395581    10.4323     5.7730      0.195    31.8738    24.4397 -9.990e-29
 200.941898      0.203  35.395030    10.4303     5.8326      0.201    31.8750    24.4410 -9.990e-29
 200.941904      0.220  35.395509    10.4254     5.8499      0.218    31.8797    24.4455 -9.990e-29
 200.941910      0.235  35.395416    10.4235     5.8679      0.233    31.8813    24.4471 -9.990e-29
 200.941916      0.238  35.393509    10.4282     5.8858      0.236    31.8753    24.4416 -9.990e-29
 200.941921      0.227  35.390606    10.4385     5.8536      0.225    31.8634    24.4305 -9.990e-29
 200.941927      0.212  35.387322    10.4513     5.8841      0.210    31.8489    24.4171 -9.990e-29
 200.941933      0.199  35.383762    10.4660     5.9040      0.197    31.8325    24.4018 -9.990e-29
 200.941939      0.192  35.377985    10.4815     5.9026      0.190    31.8131    24.3842 -9.990e-29
 200.941944      0.187  35.369578    10.4926     5.9085      0.185    31.7951    24.3682 -9.990e-29
 200.941950      0.178  35.364143    10.4977     5.8960      0.177    31.7852    24.3596 -9.990e-29
 200.941956      0.165  35.365642    10.5004     5.8803      0.164    31.7843    24.3585 -9.990e-29
 200.941962      0.152  35.370478    10.5027     5.8899      0.151    31.7872    24.3603 -9.990e-29
 200.941968      0.147  35.373335    10.5048     5.9010      0.146    31.7882    24.3608 -9.990e-29
 200.941973      0.152  35.372984    10.5065     5.9032      0.151    31.7863    24.3590 -9.990e-29
 200.941979      0.169  35.368959    10.5075     5.9105      0.168    31.7814    24.3551 -9.990e-29
 200.941985      0.195  35.361497    10.5077     5.9166      0.193    31.7738    24.3491 -9.990e-29
 200.941991      0.222  35.356899    10.5076     5.9124      0.220    31.7693    24.3456 -9.990e-29
 200.941997      0.244  35.358561    10.5078     5.9103      0.242    31.7708    24.3467 -9.990e-29
 200.942002      0.257  35.361978    10.5079     5.8961      0.255    31.7741    24.3493 -9.990e-29
 200.942008      0.268  35.366666    10.5068     5.8725      0.266    31.7797    24.3538 -9.990e-29
 200.942014      0.275  35.372716    10.5029     5.8617      0.273    31.7892    24.3618 -9.990e-29
 200.942020      0.277  35.375871    10.4975     5.8632      0.275    31.7970    24.3689 -9.990e-29
 200.942025      0.277  35.375858    10.4950     5.8685      0.275    31.7992    24.3710 -9.990e-29
 200.942031      0.279  35.373222    10.4959     5.8920      0.277    31.7958    24.3682 -9.990e-29
 200.942037      0.284  35.367811    10.4978     5.8913      0.282    31.7887    24.3624 -9.990e-29
 200.942043      0.287  35.363057    10.4996     5.8820      0.285    31.7824    24.3571 -9.990e-29
 200.942049      0.285  35.362707    10.5012     5.8848      0.283    31.7807    24.3555 -9.990e-29
 200.942054      0.282  35.365738    10.5023     5.8880      0.280    31.7827    24.3569 -9.990e-29
 200.942060      0.281  35.367790    10.5031     5.9022      0.279    31.7841    24.3578 -9.990e-29
 200.942066      0.282  35.367679    10.5039     5.8984      0.280    31.7833    24.3571 -9.990e-29
 200.942072      0.287  35.365820    10.5049     5.8769      0.285    31.7805    24.3548 -9.990e-29
 200.942078      0.294  35.359735    10.5063     5.8456      0.292    31.7732    24.3489 -9.990e-29
 200.942083      0.301  35.354760    10.5073     5.8823      0.298    31.7674    24.3441 -9.990e-29
 200.942089      0.299  35.358269    10.5083     5.8999      0.297    31.7700    24.3460 -9.990e-29
 200.942095      0.289  35.363179    10.5100     5.9192      0.287    31.7734    24.3484 -9.990e-29
 200.942101      0.277  35.363152    10.5125     5.9353      0.275    31.7712    24.3463 -9.990e-29
 200.942106      0.271  35.358158    10.5154     5.8880      0.269    31.7637    24.3399 -9.990e-29
 200.942112      0.277  35.351064    10.5176     5.9236      0.275    31.7547    24.3325 -9.990e-29
 200.942118      0.289  35.347542    10.5190     5.9348      0.287    31.7500    24.3286 -9.990e-29
 200.942124      0.304  35.346818    10.5207     5.9366      0.301    31.7478    24.3266 -9.990e-29
 200.942130      0.315  35.346250    10.5230     5.9405      0.312    31.7452    24.3242 -9.990e-29
 200.942135      0.317  35.345641    10.5253     5.9181      0.314    31.7426    24.3218 -9.990e-29
 200.942141      0.325  35.345864    10.5269     5.9140      0.322    31.7414    24.3206 -9.990e-29
 200.942147      0.338  35.347219    10.5283     5.9211      0.335    31.7416    24.3205 -9.990e-29
 200.942153      0.345  35.348154    10.5301     5.9153      0.342    31.7409    24.3197 -9.990e-29
 200.942159      0.341  35.349356    10.5317     5.9215      0.338    31.7407    24.3192 -9.990e-29
 200.942164      0.331  35.351310    10.5324     5.9220      0.328    31.7421    24.3202 -9.990e-29
 200.942170      0.323  35.352702    10.5324     5.9278      0.320    31.7435    24.3212 -9.990e-29
 200.942176      0.320  35.352030    10.5317     5.9463      0.317    31.7434    24.3213 -9.990e-29
 200.942182      0.322  35.348963    10.5305     5.9528      0.319    31.7414    24.3199 -9.990e-29
 200.942187      0.325  35.346694    10.5303     5.9450      0.322    31.7393    24.3184 -9.990e-29
 200.942193      0.321  35.347243    10.5316     5.9221      0.318    31.7387    24.3177 -9.990e-29
 200.942199      0.309  35.349102    10.5334     5.9171      0.306    31.7390    24.3176 -9.990e-29
 200.942205      0.297  35.350830    10.5345     5.9248      0.295    31.7398    24.3180 -9.990e-29
 200.942211      0.289  35.350815    10.5342     5.9403      0.287    31.7400    24.3183 -9.990e-29
 200.942216      0.288  35.346796    10.5328     5.9478      0.286    31.7372    24.3163 -9.990e-29
 200.942222      0.299  35.340702    10.5315     5.9278      0.297    31.7323    24.3127 -9.990e-29
 200.942228      0.314  35.337856    10.5314     5.9189      0.311    31.7295    24.3106 -9.990e-29
 200.942234      0.321  35.337823    10.5323     5.9153      0.318    31.7287    24.3098 -9.990e-29
 200.942240      0.320  35.338880    10.5334     5.9260      0.317    31.7288    24.3097 -9.990e-29
 200.942245      0.320  35.342441    10.5341     5.9271      0.317    31.7317    24.3118 -9.990e-29
 200.942251      0.321  35.345412    10.5343     5.9262      0.318    31.7345    24.3140 -9.990e-29
 200.942257      0.318  35.345596    10.5346     5.9314      0.315    31.7345    24.3139 -9.990e-29
 200.942263      0.317  35.344919    10.5349     5.9311      0.314    31.7335    24.3131 -9.990e-29
 200.942269      0.320  35.344162    10.5347     5.9411      0.317    31.7329    24.3127 -9.990e-29
 200.942274      0.324  35.343441    10.5346     5.9261      0.321    31.7323    24.3122 -9.990e-29
 200.942280      0.320  35.342916    10.5352     5.9038      0.317    31.7313    24.3113 -9.990e-29
 200.942286      0.309  35.343010    10.5363     5.9002      0.306    31.7304    24.3104 -9.990e-29
 200.942292      0.298  35.343289    10.5374     5.8702      0.296    31.7297    24.3097 -9.990e-29
 200.942297      0.291  35.343195    10.5371     5.9183      0.289    31.7299    24.3099 -9.990e-29
 200.942303      0.287  35.343158    10.5357     5.9351      0.285    31.7311    24.3110 -9.990e-29
 200.942309      0.282  35.343857    10.5354     5.9271      0.280    31.7320    24.3118 -9.990e-29
 200.942315      0.272  35.345630    10.5367     5.9275      0.270    31.7327    24.3121 -9.990e-29
 200.942321      0.259  35.348192    10.5385     5.8702      0.257    31.7337    24.3126 -9.990e-29
 200.942326      0.251  35.352129    10.5401     5.9089      0.249    31.7362    24.3143 -9.990e-29
 200.942332      0.253  35.357619    10.5401     5.9041      0.251    31.7417    24.3185 -9.990e-29
 200.942338      0.260  35.362986    10.5382     5.8933      0.258    31.7487    24.3243 -9.990e-29
 200.942344      0.264  35.365834    10.5366     5.9113      0.262    31.7529    24.3279 -9.990e-29
 200.942350      0.262  35.365446    10.5360     5.8995      0.260    31.7531    24.3281 -9.990e-29
 200.942355      0.256  35.364074    10.5366     5.9274      0.254    31.7512    24.3265 -9.990e-29
 200.942361      0.256  35.363219    10.5380     5.9125      0.254    31.7491    24.3247 -9.990e-29
 200.942367      0.266  35.362271    10.5387     5.9004      0.264    31.7475    24.3233 -9.990e-29
 200.942373      0.281  35.359937    10.5388     5.9049      0.279    31.7451    24.3214 -9.990e-29
 200.942378      0.295  35.356997    10.5388     5.9049      0.293    31.7422    24.3192 -9.990e-29
 200.942384      0.304  35.355660    10.5384     5.9164      0.301    31.7412    24.3185 -9.990e-29
 200.942390      0.312  35.355236    10.5376     5.9075      0.309    31.7415    24.3188 -9.990e-29
 200.942396      0.321  35.354569    10.5372     5.9172      0.318    31.7411    24.3186 -9.990e-29
 200.942402      0.327  35.353858    10.5375     5.9198      0.324    31.7402    24.3178 -9.990e-29
 200.942407      0.330  35.353244    10.5381     5.9208      0.327    31.7390    24.3168 -9.990e-29
 200.942413      0.330  35.352997    10.5383     5.9212      0.327    31.7386    24.3165 -9.990e-29
 200.942419      0.332  35.352200    10.5379     5.9147      0.329    31.7382    24.3162 -9.990e-29
 200.942425      0.339  35.349759    10.5367     5.9153      0.336    31.7368    24.3153 -9.990e-29
 200.942431      0.353  35.345751    10.5339     5.9157      0.350    31.7352    24.3146 -9.990e-29
 200.942436      0.375  35.341524    10.5304     5.9161      0.372    31.7340    24.3142 -9.990e-29
 200.942442      0.404  35.338135    10.5278     5.9165      0.401    31.7329    24.3138 -9.990e-29
 200.942448      0.441  35.335513    10.5271     5.9145      0.437    31.7309    24.3123 -9.990e-29
 200.942454      0.477  35.335734    10.5286     5.9124      0.473    31.7298    24.3112 -9.990e-29
 200.942459      0.515  35.339060    10.5305     5.8951      0.511    31.7314    24.3122 -9.990e-29
 200.942465      0.567  35.342613    10.5305     5.8765      0.562    31.7349    24.3149 -9.990e-29
 200.942471      0.639  35.344379    10.5284     5.8389      0.634    31.7385    24.3181 -9.990e-29
 200.942477      0.733  35.343879    10.5248     5.8039      0.727    31.7411    24.3207 -9.990e-29
 200.942483      0.845  35.342659    10.5206     5.7967      0.838    31.7435    24.3233 -9.990e-29
 200.942488      0.978  35.342420    10.5143     5.7193      0.970    31.7487    24.3284 0.0000e+00
 200.942494      1.137  35.344495    10.5004     5.5802      1.128    31.7628    24.3418 0.0000e+00
 200.942500      1.319  35.354980    10.4738     5.3311      1.308    31.7964    24.3724 0.0000e+00
 200.942506      1.518  35.389502    10.4389     4.8809      1.505    31.8614    24.4289 0.0000e+00
 200.942512      1.731  35.444756    10.4051     4.4878      1.717    31.9462    24.5008 0.0000e+00
 200.942517      1.952  35.499136    10.3663     4.0854      1.936    32.0347    24.5763 0.0000e+00
 200.942523      2.180  35.542749    10.2866     3.7485      2.162    32.1488    24.6787 0.0000e+00
 200.942529      2.411  35.556956    10.1038     3.5415      2.391    32.3257    24.8471 0.0000e+00
 200.942535      2.648  35.510801     9.8067     3.3722      2.626    32.5457    25.0679 0.0000e+00
 200.942541      2.896  35.412178     9.4917     3.3438      2.872    32.7309    25.2638 0.0000e+00
 200.942546      3.156  35.313859     9.2532     3.3000      3.130    32.8482    25.3937 0.0000e+00
 200.942552      3.417  35.243774     9.1089     3.2110      3.388    32.9086    25.4637 0.0000e+00
 200.942558      3.674  35.206990     9.0400     3.0840      3.643    32.9341    25.4944 0.0000e+00
 200.942564      3.923  35.200889     9.0134     2.9347      3.890    32.9522    25.5129 0.0000e+00
 200.942569      4.163  35.200477     8.9875     2.8126      4.128    32.9757    25.5353 0.0000e+00
 200.942575      4.404  35.179956     8.9338     2.7564      4.367    33.0041    25.5659 0.0000e+00
 200.942581      4.653  35.133225     8.8639     2.7481      4.614    33.0203    25.5894 0.0000e+00
 200.942587      4.909  35.074695     8.7971     2.7729      4.868    33.0212    25.6005 0.0000e+00
 200.942593      5.170  35.010321     8.7093     2.8111      5.127    33.0356    25.6253 0.0000e+00
 200.942598      5.438  34.944982     8.5860     2.8690      5.393    33.0822    25.6806 0.0000e+00
 200.942604      5.710  34.893480     8.4719     2.9194      5.662    33.1350    25.7393 0.0000e+00
 200.942610      5.984  34.861050     8.4044     2.9586      5.934    33.1641    25.7723 0.0000e+00
 200.942616      6.251  34.844733     8.3792     3.0039      6.199    33.1705    25.7811 0.0000e+00
 200.942622      6.507  34.840647     8.3763     3.0066      6.453    33.1688    25.7802 0.0000e+00
 200.942627      6.754  34.841059     8.3773     2.9979      6.698    33.1682    25.7796 0.0000e+00
 200.942633      7.001  34.834722     8.3685     2.9924      6.942    33.1696    25.7821 0.0000e+00
 200.942639      7.255  34.815959     8.3418     2.9891      7.194    33.1749    25.7902 0.0000e+00
 200.942645      7.522  34.793336     8.3075     3.0076      7.459    33.1832    25.8018 0.0000e+00
 200.942650      7.803  34.778114     8.2855     2.9995      7.738    33.1877    25.8086 0.0000e+00
 200.942656      8.085  34.773488     8.2814     3.0000      8.017    33.1865    25.8083 0.0000e+00
 200.942662      8.357  34.778852     8.2885     2.9849      8.287    33.1854    25.8064 0.0000e+00
 200.942668      8.619  34.788437     8.2991     2.9764      8.547    33.1854    25.8048 0.0000e+00
 200.942674      8.879  34.798187     8.3013     2.9588      8.805    33.1935    25.8109 0.0000e+00
 200.942679      9.141  34.798103     8.2900     2.9526      9.065    33.2040    25.8208 0.0000e+00
 200.942685      9.404  34.781324     8.2745     2.9575      9.325    33.2007    25.8205 0.0000e+00
 200.942691      9.668  34.765783     8.2613     2.9063      9.587    33.1966    25.8193 0.0000e+00
 200.942697      9.932  34.759853     8.2511     2.9234      9.849    33.1998    25.8233 0.0000e+00
 200.942703     10.196  34.756153     8.2432     2.9012     10.111    33.2032    25.8272 0.0000e+00
 200.942708     10.460  34.752520     8.2338     2.8650     10.372    33.2082    25.8324 0.0000e+00
 200.942714     10.724  34.746876     8.2199     2.8415     10.634    33.2152    25.8400 0.0000e+00
 200.942720     10.987  34.737266     8.2036     2.7745     10.895    33.2203    25.8464 0.0000e+00
 200.942726     11.248  34.725971     8.1915     2.8048     11.154    33.2196    25.8477 0.0000e+00
