data/oxygen options/ONMS/Olympic_Coast_National_Marine_Sanctuary_CTD_Data_2005_2023/raw_data/2022/CAST_TH042_220822faed.cnv
* Sea-Bird SBE 19 Data File:
* FileName = C:\2022 Mooring Data\Casts\PPS\PPS_TH042_220822.hex
* Software Version SeatermAF 2.1.2
* Temperature SN = 2997
* Conductivity SN = 2997
* System UpLoad Time = Aug 22 2022 18:22:32 (localtime) = Aug 22 2022 18:22:32 (UTC)
** PPS_TH042_220822
* ds
# nquan = 9                                 
# nvalues = 2603                        
# units = specified
# name 0 = timeJ: Julian Days
# name 1 = prSM: Pressure, Strain Gauge [db]
# name 2 = c0mS/cm: Conductivity [mS/cm]
# name 3 = t090C: Temperature [ITS-90, deg C]
# name 4 = sbeox0ML/L: Oxygen, SBE 43 [ml/l]
# name 5 = depSM: Depth [salt water, m], lat = 47.5
# name 6 = sal00: Salinity, Practical [PSU]
# name 7 = sigma-é00: Density [sigma-theta, kg/m^3]
# name 8 = flag: flag
# span 0 = 234.746481, 234.761539       
# span 1 =     -5.686,     40.975       
# span 2 =   0.013401,  40.474265       
# span 3 =     7.6697,    18.1820       
# span 4 =    -1.7985,    12.0375       
# span 5 =     -5.639,     40.629       
# span 6 =     0.0137,    33.5386       
# span 7 =    -1.4245,    26.1746       
# span 8 = 0.0000e+00, 0.0000e+00       
# interval = seconds: 0.5
# start_time = Aug 22 2022 17:54:56 [Instrument's time stamp, header]
# bad_flag = -9.990e-29
*END*
[from data line 1921]
 234.757598     32.312  34.340546     7.7133     3.1438     32.040    33.2525    25.9435 -9.990e-29
 234.757604     32.259  34.334449     7.7134     3.0518     31.987    33.2459    25.9383 -9.990e-29
 234.757610     32.223  34.327771     7.7138     3.0914     31.952    33.2383    25.9323 -9.990e-29
 234.757616     32.200  34.326164     7.7144     3.0957     31.929    33.2360    25.9304 -9.990e-29
 234.757622     32.190  34.329720     7.7144     3.1103     31.919    33.2399    25.9334 -9.990e-29
 234.757627     32.187  34.334772     7.7137     3.1358     31.916    33.2460    25.9383 -9.990e-29
 234.757633     32.183  34.339087     7.7130     3.0897     31.912    33.2513    25.9426 -9.990e-29
 234.757639     32.173  34.341129     7.7129     3.1227     31.902    33.2536    25.9444 -9.990e-29
 234.757645     32.156  34.340814     7.7135     3.1457     31.885    33.2527    25.9436 -9.990e-29
 234.757650     32.133  34.338837     7.7143     3.1754     31.862    33.2498    25.9412 -9.990e-29
 234.757656     32.104  34.336477     7.7151     3.2151     31.834    33.2465    25.9385 -9.990e-29
 234.757662     32.078  34.335065     7.7157     3.2359     31.808    33.2444    25.9368 -9.990e-29
 234.757668     32.056  34.333835     7.7160     3.2463     31.786    33.2428    25.9355 -9.990e-29
 234.757674     32.037  34.331702     7.7163     3.2295     31.767    33.2403    25.9334 -9.990e-29
 234.757679     32.025  34.328618     7.7169     3.2211     31.755    33.2364    25.9303 -9.990e-29
 234.757685     32.026  34.323268     7.7177     3.2047     31.756    33.2299    25.9251 -9.990e-29
 234.757691     32.042  34.317477     7.7183     3.1959     31.772    33.2231    25.9196 -9.990e-29
 234.757697     32.065  34.317524     7.7180     3.1833     31.795    33.2234    25.9199 -9.990e-29
 234.757703     32.092  34.322344     7.7171     3.1812     31.822    33.2294    25.9248 -9.990e-29
 234.757708     32.119  34.324916     7.7165     3.1749     31.848    33.2327    25.9275 -9.990e-29
 234.757714     32.141  34.324743     7.7163     3.1747     31.870    33.2327    25.9275 -9.990e-29
 234.757720     32.155  34.324951     7.7161     3.1777     31.884    33.2331    25.9279 -9.990e-29
 234.757726     32.161  34.325811     7.7160     3.1919     31.890    33.2342    25.9287 -9.990e-29
 234.757731     32.160  34.326784     7.7161     3.2165     31.889    33.2351    25.9294 -9.990e-29
 234.757737     32.151  34.326921     7.7164     3.2294     31.880    33.2350    25.9293 -9.990e-29
 234.757743     32.131  34.325280     7.7172     3.2436     31.860    33.2325    25.9272 -9.990e-29
 234.757749     32.097  34.323030     7.7180     3.2686     31.827    33.2293    25.9246 -9.990e-29
 234.757755     32.061  34.321646     7.7184     3.2918     31.791    33.2274    25.9231 -9.990e-29
 234.757760     32.028  34.320958     7.7192     3.3149     31.758    33.2259    25.9218 -9.990e-29
 234.757766     32.001  34.319486     7.7203     3.3211     31.731    33.2233    25.9196 -9.990e-29
 234.757772     31.987  34.316383     7.7217     3.3189     31.718    33.2187    25.9157 -9.990e-29
 234.757778     31.988  34.309748     7.7236     3.3045     31.719    33.2097    25.9084 -9.990e-29
 234.757784     31.997  34.302492     7.7254     3.2878     31.727    33.2002    25.9007 -9.990e-29
 234.757789     32.001  34.302300     7.7265     3.2081     31.731    33.1989    25.8995 -9.990e-29
 234.757795     32.001  34.304990     7.7267     3.2167     31.731    33.2016    25.9016 -9.990e-29
 234.757801     32.004  34.305183     7.7258     3.2083     31.734    33.2027    25.9026 -9.990e-29
 234.757807     32.021  34.307053     7.7240     3.2040     31.751    33.2064    25.9057 -9.990e-29
 234.757813     32.052  34.311410     7.7222     3.1998     31.782    33.2128    25.9110 -9.990e-29
 234.757818     32.085  34.315655     7.7206     3.1142     31.815    33.2189    25.9160 -9.990e-29
 234.757824     32.111  34.319842     7.7194     3.1601     31.841    33.2245    25.9206 -9.990e-29
 234.757830     32.126  34.324505     7.7188     3.1960     31.855    33.2301    25.9251 -9.990e-29
 234.757836     32.132  34.326893     7.7188     3.2434     31.861    33.2327    25.9271 -9.990e-29
 234.757841     32.129  34.325704     7.7194     3.2855     31.858    33.2308    25.9256 -9.990e-29
 234.757847     32.117  34.324389     7.7204     3.2873     31.846    33.2284    25.9236 -9.990e-29
 234.757853     32.094  34.322870     7.7218     3.3189     31.824    33.2255    25.9210 -9.990e-29
 234.757859     32.060  34.318556     7.7234     3.3313     31.790    33.2193    25.9160 -9.990e-29
 234.757865     32.017  34.313533     7.7247     3.3376     31.747    33.2127    25.9106 -9.990e-29
 234.757870     31.975  34.309502     7.7254     3.3376     31.706    33.2077    25.9066 -9.990e-29
 234.757876     31.944  34.305565     7.7257     3.3126     31.675    33.2032    25.9030 -9.990e-29
 234.757882     31.926  34.302071     7.7261     3.2898     31.657    33.1991    25.8997 -9.990e-29
 234.757888     31.920  34.299397     7.7265     3.2586     31.651    33.1959    25.8971 -9.990e-29
 234.757894     31.926  34.300137     7.7266     3.2227     31.657    33.1966    25.8976 -9.990e-29
 234.757899     31.940  34.305272     7.7260     3.1976     31.671    33.2026    25.9025 -9.990e-29
 234.757905     31.958  34.309879     7.7246     3.1746     31.689    33.2089    25.9076 -9.990e-29
 234.757911     31.982  34.312817     7.7228     3.1579     31.713    33.2138    25.9117 -9.990e-29
 234.757917     32.009  34.316315     7.7213     3.1707     31.739    33.2190    25.9160 -9.990e-29
 234.757922     32.036  34.320552     7.7201     3.1895     31.766    33.2246    25.9206 -9.990e-29
 234.757928     32.060  34.324451     7.7189     3.2165     31.790    33.2300    25.9250 -9.990e-29
 234.757934     32.076  34.327042     7.7181     3.2309     31.806    33.2335    25.9279 -9.990e-29
 234.757940     32.078  34.327294     7.7184     3.2479     31.808    33.2335    25.9278 -9.990e-29
 234.757946     32.068  34.324416     7.7200     3.2582     31.798    33.2289    25.9240 -9.990e-29
 234.757951     32.050  34.320727     7.7217     3.2729     31.780    33.2233    25.9193 -9.990e-29
 234.757957     32.030  34.318027     7.7224     3.2896     31.760    33.2197    25.9164 -9.990e-29
 234.757963     32.012  34.316071     7.7226     3.3000     31.742    33.2175    25.9146 -9.990e-29
 234.757969     31.994  34.315049     7.7229     3.3042     31.725    33.2161    25.9135 -9.990e-29
 234.757975     31.975  34.313592     7.7238     3.2941     31.706    33.2137    25.9115 -9.990e-29
 234.757980     31.955  34.310873     7.7250     3.2901     31.686    33.2096    25.9081 -9.990e-29
 234.757986     31.935  34.308305     7.7257     3.2647     31.666    33.2062    25.9053 -9.990e-29
 234.757992     31.928  34.306940     7.7255     3.2312     31.659    33.2049    25.9043 -9.990e-29
 234.757998     31.942  34.306635     7.7246     3.1977     31.673    33.2054    25.9049 -9.990e-29
 234.758003     31.974  34.308099     7.7233     3.1161     31.705    33.2082    25.9073 -9.990e-29
 234.758009     32.016  34.312158     7.7220     3.1622     31.746    33.2138    25.9118 -9.990e-29
 234.758015     32.059  34.317499     7.7208     3.1936     31.789    33.2207    25.9174 -9.990e-29
 234.758021     32.093  34.322835     7.7198     3.2332     31.823    33.2274    25.9228 -9.990e-29
 234.758027     32.115  34.326310     7.7190     3.2604     31.844    33.2318    25.9264 -9.990e-29
 234.758032     32.127  34.325831     7.7190     3.2102     31.856    33.2313    25.9260 -9.990e-29
 234.758038     32.129  34.322435     7.7199     3.2267     31.858    33.2268    25.9224 -9.990e-29
 234.758044     32.123  34.319433     7.7209     3.2290     31.852    33.2226    25.9189 -9.990e-29
 234.758050     32.111  34.317857     7.7212     3.2439     31.841    33.2207    25.9173 -9.990e-29
 234.758056     32.097  34.317283     7.7211     3.2522     31.827    33.2201    25.9169 -9.990e-29
 234.758061     32.081  34.318059     7.7213     3.2228     31.811    33.2208    25.9174 -9.990e-29
 234.758067     32.065  34.318415     7.7219     3.1999     31.795    33.2206    25.9172 -9.990e-29
 234.758073     32.053  34.317142     7.7224     3.1747     31.783    33.2188    25.9157 -9.990e-29
 234.758079     32.045  34.316458     7.7222     3.1663     31.775    33.2182    25.9153 -9.990e-29
 234.758084     32.038  34.317686     7.7213     3.1766     31.768    33.2204    25.9171 -9.990e-29
 234.758090     32.034  34.320220     7.7202     3.1977     31.764    33.2242    25.9203 -9.990e-29
 234.758096     32.032  34.324072     7.7193     3.2186     31.762    33.2292    25.9243 -9.990e-29
 234.758102     32.027  34.327652     7.7191     3.2248     31.757    33.2332    25.9275 -9.990e-29
 234.758108     32.015  34.327325     7.7198     3.2396     31.745    33.2322    25.9266 -9.990e-29
 234.758113     31.999  34.323770     7.7207     3.2460     31.729    33.2275    25.9228 -9.990e-29
 234.758119     31.983  34.320643     7.7213     3.2355     31.714    33.2236    25.9196 -9.990e-29
 234.758125     31.965  34.318813     7.7219     3.2126     31.696    33.2211    25.9176 -9.990e-29
 234.758131     31.949  34.317516     7.7223     3.1810     31.680    33.2193    25.9161 -9.990e-29
 234.758137     31.943  34.316139     7.7219     3.1500     31.674    33.2182    25.9153 -9.990e-29
 234.758142     31.949  34.316204     7.7208     3.1437     31.680    33.2193    25.9164 -9.990e-29
 234.758148     31.970  34.318911     7.7196     3.1373     31.701    33.2234    25.9197 -9.990e-29
 234.758154     32.001  34.322825     7.7182     3.1227     31.731    33.2289    25.9243 -9.990e-29
 234.758160     32.036  34.326996     7.7169     3.1141     31.766    33.2346    25.9289 -9.990e-29
 234.758166     32.072  34.330260     7.7161     3.1100     31.802    33.2389    25.9324 -9.990e-29
 234.758171     32.109  34.331921     7.7157     3.1228     31.839    33.2410    25.9341 -9.990e-29
 234.758177     32.140  34.333067     7.7155     3.1559     31.869    33.2424    25.9353 -9.990e-29
 234.758183     32.158  34.334662     7.7157     3.1874     31.887    33.2440    25.9364 -9.990e-29
 234.758189     32.160  34.336026     7.7161     3.1541     31.889    33.2450    25.9372 -9.990e-29
 234.758194     32.146  34.335050     7.7167     3.2230     31.875    33.2434    25.9359 -9.990e-29
 234.758200     32.116  34.331548     7.7179     3.2565     31.845    33.2385    25.9318 -9.990e-29
 234.758206     32.075  34.327569     7.7195     3.2731     31.805    33.2327    25.9271 -9.990e-29
 234.758212     32.035  34.323965     7.7208     3.2837     31.765    33.2276    25.9229 -9.990e-29
 234.758218     32.001  34.320968     7.7216     3.1793     31.731    33.2237    25.9196 -9.990e-29
 234.758223     31.979  34.318499     7.7220     3.2084     31.710    33.2207    25.9172 -9.990e-29
 234.758229     31.973  34.315503     7.7218     3.2085     31.704    33.2176    25.9149 -9.990e-29
 234.758235     31.982  34.314144     7.7208     3.2086     31.713    33.2171    25.9146 -9.990e-29
 234.758241     32.003  34.316524     7.7195     3.2128     31.733    33.2209    25.9178 -9.990e-29
 234.758247     32.027  34.320212     7.7190     3.1915     31.757    33.2253    25.9213 -9.990e-29
 234.758252     32.053  34.322837     7.7188     3.1916     31.783    33.2283    25.9237 -9.990e-29
 234.758258     32.078  34.323971     7.7186     3.2042     31.808    33.2297    25.9248 -9.990e-29
 234.758264     32.099  34.325123     7.7185     3.2167     31.829    33.2311    25.9259 -9.990e-29
 234.758270     32.117  34.326142     7.7186     3.2250     31.846    33.2320    25.9267 -9.990e-29
 234.758275     32.130  34.325021     7.7185     3.2460     31.859    33.2309    25.9258 -9.990e-29
 234.758281     32.133  34.323062     7.7183     3.2691     31.862    33.2290    25.9243 -9.990e-29
 234.758287     32.127  34.322128     7.7186     3.2938     31.856    33.2277    25.9233 -9.990e-29
 234.758293     32.113  34.320969     7.7198     3.3085     31.843    33.2253    25.9212 -9.990e-29
 234.758299     32.092  34.318035     7.7215     3.3060     31.822    33.2206    25.9172 -9.990e-29
 234.758304     32.072  34.315010     7.7229     3.2980     31.802    33.2160    25.9134 -9.990e-29
 234.758310     32.057  34.313461     7.7237     3.2921     31.787    33.2136    25.9114 -9.990e-29
 234.758316     32.045  34.311877     7.7241     3.2920     31.775    33.2115    25.9097 -9.990e-29
 234.758322     32.035  34.309826     7.7242     3.3042     31.765    33.2092    25.9079 -9.990e-29
 234.758328     32.028  34.309049     7.7246     3.3024     31.758    33.2080    25.9069 -9.990e-29
 234.758333     32.021  34.309063     7.7255     3.2961     31.751    33.2072    25.9061 -9.990e-29
 234.758339     32.012  34.307641     7.7264     3.2876     31.742    33.2048    25.9041 -9.990e-29
 234.758345     31.999  34.305682     7.7267     3.2541     31.729    33.2024    25.9022 -9.990e-29
 234.758351     31.993  34.304493     7.7257     3.2312     31.724    33.2021    25.9021 -9.990e-29
 234.758356     32.005  34.305846     7.7237     3.2101     31.735    33.2054    25.9050 -9.990e-29
 234.758362     32.029  34.310422     7.7219     3.2207     31.759    33.2120    25.9105 -9.990e-29
 234.758368     32.055  34.313672     7.7209     3.2395     31.785    33.2165    25.9141 -9.990e-29
 234.758374     32.071  34.314884     7.7207     3.2355     31.801    33.2180    25.9153 -9.990e-29
 234.758380     32.078  34.316788     7.7210     3.2629     31.808    33.2197    25.9166 -9.990e-29
 234.758385     32.082  34.317998     7.7219     3.2731     31.812    33.2202    25.9168 -9.990e-29
 234.758391     32.078  34.316761     7.7232     3.2879     31.808    33.2176    25.9146 -9.990e-29
 234.758397     32.065  34.314225     7.7240     3.3086     31.795    33.2141    25.9118 -9.990e-29
 234.758403     32.052  34.312045     7.7244     3.2561     31.782    33.2114    25.9096 -9.990e-29
 234.758409     32.043  34.310671     7.7247     3.3147     31.773    33.2096    25.9082 -9.990e-29
 234.758414     32.035  34.309948     7.7247     3.3334     31.765    33.2089    25.9076 -9.990e-29
 234.758420     32.029  34.309469     7.7244     3.3459     31.759    33.2086    25.9074 -9.990e-29
 234.758426     32.025  34.308590     7.7241     3.3668     31.755    33.2080    25.9070 -9.990e-29
 234.758432     32.023  34.306697     7.7242     3.3145     31.753    33.2058    25.9053 -9.990e-29
 234.758438     32.021  34.303500     7.7247     3.3210     31.751    33.2019    25.9021 -9.990e-29
 234.758443     32.020  34.300894     7.7252     3.3168     31.750    33.1987    25.8995 -9.990e-29
 234.758449     32.017  34.300442     7.7257     3.2877     31.747    33.1977    25.8986 -9.990e-29
 234.758455     32.005  34.300977     7.7261     3.2522     31.735    33.1979    25.8987 -9.990e-29
 234.758461     31.993  34.302085     7.7260     3.2020     31.724    33.1992    25.8998 -9.990e-29
 234.758466     31.993  34.303561     7.7253     3.1579     31.724    33.2014    25.9016 -9.990e-29
 234.758472     32.006  34.306250     7.7239     3.1349     31.736    33.2057    25.9052 -9.990e-29
 234.758478     32.023  34.311490     7.7220     3.1350     31.753    33.2131    25.9113 -9.990e-29
 234.758484     32.041  34.317863     7.7199     3.1413     31.771    33.2219    25.9185 -9.990e-29
 234.758490     32.061  34.323778     7.7182     3.1666     31.791    33.2299    25.9250 -9.990e-29
 234.758495     32.080  34.328152     7.7174     3.1874     31.810    33.2354    25.9294 -9.990e-29
 234.758501     32.092  34.330091     7.7172     3.1999     31.822    33.2376    25.9312 -9.990e-29
 234.758507     32.092  34.329375     7.7173     3.2168     31.822    33.2368    25.9306 -9.990e-29
 234.758513     32.080  34.326723     7.7181     3.2354     31.810    33.2332    25.9276 -9.990e-29
