data/oxygen options/ONMS/Olympic_Coast_National_Marine_Sanctuary_CTD_Data_2005_2023/raw_data/2022/CAST_TH015_220920faed.cnv
* Sea-Bird SBE 19 Data File:
* FileName = C:\2022 Mooring Data\Casts\CAST_TW015_220920.hex
* Software Version SeatermAF 2.1.2
* Temperature SN = 2997
* Conductivity SN = 2997
* System UpLoad Time = Sep 20 2022 22:10:50 (localtime) = Sep 20 2022 22:10:50 (UTC)
** CAST_TW015_220920
* ds
# nquan = 9                                 
# nvalues = 887                         
# units = specified
# name 0 = timeJ: Julian Days
# name 1 = prSM: Pressure, Strain Gauge [db]
# name 2 = c0mS/cm: Conductivity [mS/cm]
# name 3 = t090C: Temperature [ITS-90, deg C]
# name 4 = sbeox0ML/L: Oxygen, SBE 43 [ml/l]
# name 5 = depSM: Depth [salt water, m], lat = 47.5
# name 6 = sal00: Salinity, Practical [PSU]
# name 7 = sigma-é00: Density [sigma-theta, kg/m^3]
# name 8 = flag: flag
# span 0 = 263.900266, 263.905394       
# span 1 =     -5.974,     13.756       
# span 2 =   0.440203,  37.971038       
# span 3 =    10.3312,    18.5943       
# span 4 =    -1.8076,    11.7177       
# span 5 =     -5.924,     13.641       
# span 6 =     0.2438,    33.8567       
# span 7 =    -1.3278,    25.8744       
# span 8 = 0.0000e+00, 0.0000e+00       
# interval = seconds: 0.5
# start_time = Sep 20 2022 21:36:23 [Instrument's time stamp, header]
# bad_flag = -9.990e-29
*END*
[from data line 801]
 263.904902     13.609  36.275345    10.3312     3.8886     13.495    32.8409    25.2108 -9.990e-29
 263.904907     13.474  36.333295    10.3486     3.9344     13.361    32.8835    25.2411 0.0000e+00
 263.904913     13.307  36.388695    10.3828     4.0424     13.196    32.9084    25.2547 0.0000e+00
 263.904919     13.116  36.453770    10.4372     4.1302     13.006    32.9246    25.2580 0.0000e+00
 263.904925     12.904  36.514435    10.5070     4.2361     12.796    32.9225    25.2443 0.0000e+00
 263.904931     12.672  36.552403    10.5740     4.3622     12.566    32.9001    25.2154 0.0000e+00
 263.904936     12.417  36.576839    10.6248     4.4441     12.313    32.8788    25.1900 0.0000e+00
 263.904942     12.145  36.597356    10.6586     4.5253     12.043    32.8690    25.1765 0.0000e+00
 263.904948     11.860  36.614420    10.6808     4.5814     11.761    32.8662    25.1704 0.0000e+00
 263.904954     11.570  36.631172    10.6959     4.6143     11.473    32.8694    25.1703 0.0000e+00
 263.904959     11.285  36.647534    10.7067     4.6331     11.191    32.8762    25.1737 0.0000e+00
 263.904965     11.001  36.659543    10.7143     4.6469     10.909    32.8814    25.1765 0.0000e+00
 263.904971     10.708  36.665835    10.7185     4.6627     10.618    32.8841    25.1778 0.0000e+00
 263.904977     10.413  36.669749    10.7199     4.6818     10.326    32.8868    25.1797 0.0000e+00
 263.904983     10.123  36.673134    10.7203     4.7033     10.038    32.8900    25.1821 0.0000e+00
 263.904988      9.832  36.675454    10.7217     4.7124      9.750    32.8912    25.1827 0.0000e+00
 263.904994      9.536  36.676990    10.7252     4.7165      9.456    32.8897    25.1810 0.0000e+00
 263.905000      9.231  36.678663    10.7310     4.7091      9.154    32.8863    25.1773 0.0000e+00
 263.905006      8.921  36.681011    10.7395     4.7128      8.846    32.8811    25.1718 0.0000e+00
 263.905012      8.611  36.684355    10.7499     4.6974      8.539    32.8752    25.1654 0.0000e+00
 263.905017      8.302  36.689226    10.7587     4.6886      8.233    32.8723    25.1615 0.0000e+00
 263.905023      7.992  36.694826    10.7630     4.6566      7.925    32.8741    25.1622 0.0000e+00
 263.905029      7.679  36.699650    10.7645     4.6450      7.615    32.8777    25.1648 0.0000e+00
 263.905035      7.365  36.704520    10.7679     4.6354      7.303    32.8796    25.1657 0.0000e+00
 263.905041      7.054  36.711438    10.7746     4.6548      6.995    32.8807    25.1653 0.0000e+00
 263.905046      6.748  36.721777    10.7834     4.6900      6.692    32.8832    25.1657 0.0000e+00
 263.905052      6.446  36.735865    10.7951     4.7479      6.392    32.8868    25.1665 0.0000e+00
 263.905058      6.144  36.750068    10.8088     4.8196      6.093    32.8888    25.1656 0.0000e+00
 263.905064      5.842  36.758100    10.8232     4.8637      5.793    32.8840    25.1593 0.0000e+00
 263.905069      5.532  36.762260    10.8388     4.9200      5.486    32.8742    25.1490 0.0000e+00
 263.905075      5.207  36.769769    10.8528     4.9447      5.163    32.8693    25.1427 0.0000e+00
 263.905081      4.878  36.782787    10.8637     4.9436      4.837    32.8726    25.1433 0.0000e+00
 263.905087      4.561  36.800738    10.8743     4.9388      4.523    32.8810    25.1480 0.0000e+00
 263.905093      4.258  36.817293    10.8840     4.8762      4.222    32.8889    25.1525 0.0000e+00
 263.905098      3.958  36.825385    10.8895     4.9178      3.925    32.8921    25.1540 0.0000e+00
 263.905104      3.655  36.825709    10.8907     4.9495      3.624    32.8915    25.1533 0.0000e+00
 263.905110      3.347  36.822609    10.8914     4.9642      3.319    32.8879    25.1504 0.0000e+00
 263.905116      3.035  36.820348    10.8945     4.9893      3.010    32.8830    25.1460 0.0000e+00
 263.905122      2.729  36.821505    10.8989     4.9665      2.706    32.8804    25.1432 0.0000e+00
 263.905127      2.441  36.825934    10.9034     4.9789      2.421    32.8809    25.1427 0.0000e+00
 263.905133      2.173  36.831130    10.9080     4.9719      2.155    32.8820    25.1428 0.0000e+00
 263.905139      1.922  36.833924    10.9157     4.9842      1.906    32.8780    25.1383 0.0000e+00
 263.905145      1.678  36.835793    10.9294     4.9765      1.664    32.8676    25.1279 0.0000e+00
 263.905150      1.445  36.842582    10.9462     4.9838      1.433    32.8594    25.1185 0.0000e+00
 263.905156      1.233  36.855493    10.9597     4.9821      1.223    32.8602    25.1167 0.0000e+00
 263.905162      1.050  36.869332    10.9642     4.9837      1.041    32.8700    25.1235 0.0000e+00
 263.905168      0.896  36.875658    10.9594     4.9749      0.889    32.8806    25.1327 -9.990e-29
 263.905174      0.772  36.872257    10.9521     4.9840      0.766    32.8839    25.1365 -9.990e-29
 263.905179      0.678  36.868043    10.9483     4.9778      0.672    32.8831    25.1366 -9.990e-29
 263.905185      0.607  36.868039    10.9477     4.9920      0.602    32.8837    25.1371 -9.990e-29
 263.905191      0.551  36.869439    10.9489     4.9960      0.546    32.8840    25.1372 -9.990e-29
 263.905197      0.506  36.871865    10.9529     5.0166      0.502    32.8829    25.1356 -9.990e-29
 263.905203      0.469  36.877994    10.9589     5.0113      0.465    32.8836    25.1350 -9.990e-29
 263.905208      0.439  36.885350    10.9624     4.9922      0.435    32.8878    25.1377 -9.990e-29
 263.905214      0.408  36.888054    10.9623     4.9502      0.405    32.8906    25.1399 -9.990e-29
 263.905220      0.372  36.886911    10.9623     4.8915      0.369    32.8894    25.1390 -9.990e-29
 263.905226      0.326  36.887121    10.9652     4.8507      0.323    32.8871    25.1366 -9.990e-29
 263.905231      0.273  36.890083    10.9706     5.6889      0.271    32.8852    25.1342 -9.990e-29
 263.905237      0.214  36.892462    10.9749     5.8454      0.212    32.8837    25.1323 -9.990e-29
 263.905243      0.145  36.886786    10.9750     5.9825      0.144    32.8780    25.1279 -9.990e-29
 263.905249      0.065  36.861566    10.9743     6.2547      0.064    32.8537    25.1090 -9.990e-29
 263.905255     -0.021  36.791581    10.9782     6.4979     -0.021    32.7808    25.0517 -9.990e-29
 263.905260     -0.107  36.663642    10.9868     6.7129     -0.106    32.6464    24.9455 -9.990e-29
 263.905266     -0.184  36.520636    10.9986     6.7504     -0.182    32.4944    24.8252 -9.990e-29
 263.905272     -0.255  36.328211    11.0134     6.7809     -0.253    32.2911    24.6644 -9.990e-29
 263.905278     -0.318  35.713823    11.0302     6.8362     -0.315    31.6703    24.1785 -9.990e-29
 263.905284     -0.370  33.635853    11.0471     6.8401     -0.367    29.6188    22.5808 -9.990e-29
 263.905289     -0.408  27.220020    11.0620     6.7944     -0.405    23.4392    17.7819 -9.990e-29
 263.905295     -0.437  17.260154    11.0750     6.8198     -0.433    14.2396    10.6539 -9.990e-29
 263.905301     -0.457  10.244341    11.0880     6.8210     -0.453     8.0919     5.8918 -9.990e-29
 263.905307     -0.471   7.724261    11.1022     6.8188     -0.467     5.9699     4.2450 -9.990e-29
 263.905312     -0.477   6.673611    11.1162     6.8014     -0.473     5.1016     3.5697 -9.990e-29
 263.905318     -0.479   5.964433    11.1285     6.7606     -0.475     4.5220     3.1184 -9.990e-29
 263.905324     -0.478   5.605544    11.1396     6.7662     -0.474     4.2305     2.8907 -9.990e-29
 263.905330     -0.481   5.617697    11.1512     6.7978     -0.477     4.2390     2.8960 -9.990e-29
 263.905336     -0.482   5.498939    11.1663     6.7932     -0.478     4.1416     2.8186 -9.990e-29
 263.905341     -0.478   5.019841    11.1869 -9.990e-29     -0.474     3.7554     2.5163 -9.990e-29
 263.905347     -0.472   4.636693    11.2082 -9.990e-29     -0.468     3.4486     2.2755 -9.990e-29
 263.905353     -0.473   4.440016    11.2244 -9.990e-29     -0.469     3.2915     2.1516 -9.990e-29
 263.905359     -0.481   4.143686    11.2359 -9.990e-29     -0.477     3.0572     1.9681 -9.990e-29
 263.905365     -0.487   3.824921    11.2442 -9.990e-29     -0.483     2.8071     1.7727 -9.990e-29
 263.905370     -0.492   3.692484    11.2506 -9.990e-29     -0.488     2.7035     1.6914 -9.990e-29
 263.905376     -0.501   3.808934    11.2566 -9.990e-29     -0.497     2.7937     1.7609 -9.990e-29
 263.905382     -0.510   4.037642    11.2616 -9.990e-29     -0.506     2.9720     1.8990 -9.990e-29
 263.905388     -0.515   4.077024    11.2637 -9.990e-29     -0.511     3.0027     1.9226 -9.990e-29
 263.905394     -0.517   3.955190 -9.990e-29 -9.990e-29     -0.513 -9.990e-29 -9.990e-29 -9.990e-29
