data/oxygen options/ONMS/Olympic_Coast_National_Marine_Sanctuary_CTD_Data_2005_2023/raw_data/2022/CAST_TH042_220822faed.cnv
* Sea-Bird SBE 19 Data File:
* FileName = C:\2022 Mooring Data\Casts\PPS\PPS_TH042_220822.hex
* Software Version SeatermAF 2.1.2
* Temperature SN = 2997
* Conductivity SN = 2997
* System UpLoad Time = Aug 22 2022 18:22:32 (localtime) = Aug 22 2022 18:22:32 (UTC)
** PPS_TH042_220822
* ds
# nquan = 9                                 
# nvalues = 2603                        
# units = specified
# name 0 = timeJ: Julian Days
# name 1 = prSM: Pressure, Strain Gauge [db]
# name 2 = c0mS/cm: Conductivity [mS/cm]
# name 3 = t090C: Temperature [ITS-90, deg C]
# name 4 = sbeox0ML/L: Oxygen, SBE 43 [ml/l]
# name 5 = depSM: Depth [salt water, m], lat = 47.5
# name 6 = sal00: Salinity, Practical [PSU]
# name 7 = sigma-é00: Density [sigma-theta, kg/m^3]
# name 8 = flag: flag
# span 0 = 234.746481, 234.761539       
# span 1 =     -5.686,     40.975       
# span 2 =   0.013401,  40.474265       
# span 3 =     7.6697,    18.1820       
# span 4 =    -1.7985,    12.0375       
# span 5 =     -5.639,     40.629       
# span 6 =     0.0137,    33.5386       
# span 7 =    -1.4245,    26.1746       
# span 8 = 0.0000e+00, 0.0000e+00       
# interval = seconds: 0.5
# start_time = Aug 22 2022 17:54:56 [Instrument's time stamp, header]
# bad_flag = -9.990e-29
*END*
[from data line 321]
 234.748339     -1.170   0.013508    17.5160    -1.7975     -1.160     0.0137    -1.3045 -9.990e-29
 234.748345     -1.164   0.013508    17.5116    -1.7976     -1.154     0.0137    -1.3037 -9.990e-29
 234.748351     -1.157   0.013508    17.5106    -1.7977     -1.147     0.0137    -1.3035 -9.990e-29
 234.748356     -1.144   0.013508    17.5111    -1.7979     -1.134     0.0137    -1.3036 -9.990e-29
 234.748362     -1.130   0.013508    17.5117    -1.7982     -1.121     0.0137    -1.3037 -9.990e-29
 234.748368     -1.117   0.013508    17.5132    -1.7984     -1.108     0.0137    -1.3040 -9.990e-29
 234.748374     -1.104   0.013508    17.5150    -1.7985     -1.095     0.0137    -1.3043 -9.990e-29
 234.748380     -1.096   0.013508    17.5151    -1.7982     -1.087     0.0137    -1.3043 -9.990e-29
 234.748385     -1.095   0.013508    17.5130    -1.7979     -1.086     0.0137    -1.3039 -9.990e-29
 234.748391     -1.098   0.013508    17.5102    -1.7976     -1.089     0.0137    -1.3034 -9.990e-29
 234.748397     -1.100   0.013508    17.5075    -1.7973     -1.091     0.0137    -1.3029 -9.990e-29
 234.748403     -1.101   0.013508    17.5041    -1.7971     -1.092     0.0137    -1.3023 -9.990e-29
 234.748409     -1.102   0.013508    17.4993    -1.7968     -1.093     0.0137    -1.3015 -9.990e-29
 234.748414     -1.103   0.013508    17.4938    -1.7966     -1.094     0.0137    -1.3005 -9.990e-29
 234.748420     -1.103   0.013508    17.4895    -1.7965     -1.094     0.0137    -1.2997 -9.990e-29
 234.748426     -1.104   0.013508    17.4889    -1.7963     -1.095     0.0137    -1.2996 -9.990e-29
 234.748432     -1.103   0.013508    17.4928    -1.7961     -1.094     0.0137    -1.3003 -9.990e-29
 234.748437     -1.103   0.013508    17.4998    -1.7959     -1.094     0.0137    -1.3016 -9.990e-29
 234.748443     -1.102   0.013508    17.5080    -1.7956     -1.093     0.0137    -1.3030 -9.990e-29
 234.748449     -1.101   0.013508    17.5158    -1.7954     -1.092     0.0137    -1.3044 -9.990e-29
 234.748455     -1.099   0.013508    17.5229    -1.7953     -1.090     0.0137    -1.3057 -9.990e-29
 234.748461     -1.097   0.013508    17.5296    -1.7950     -1.088     0.0137    -1.3069 -9.990e-29
 234.748466     -1.094   0.013508    17.5353    -1.7949     -1.085     0.0137    -1.3079 -9.990e-29
 234.748472     -1.091   0.013508    17.5400    -1.7946     -1.082     0.0137    -1.3088 -9.990e-29
 234.748478     -1.086   0.013508    17.5450    -1.7945     -1.077     0.0137    -1.3097 -9.990e-29
 234.748484     -1.079   0.013508    17.5509    -1.7944     -1.070     0.0137    -1.3107 -9.990e-29
 234.748490     -1.071   0.013508    17.5575    -1.7945     -1.062     0.0137    -1.3119 -9.990e-29
 234.748495     -1.061   0.013508    17.5643    -1.7946     -1.052     0.0137    -1.3132 -9.990e-29
 234.748501     -1.047   0.013508    17.5707    -1.7944     -1.038     0.0137    -1.3143 -9.990e-29
 234.748507     -1.034   0.013508    17.5763    -1.7942     -1.025     0.0137    -1.3153 -9.990e-29
 234.748513     -1.029   0.013508    17.5814    -1.7938     -1.020     0.0137    -1.3162 -9.990e-29
 234.748519     -1.032   0.013508    17.5863    -1.7936     -1.023     0.0137    -1.3171 -9.990e-29
 234.748524     -1.035   0.013508    17.5908    -1.7936     -1.026     0.0137    -1.3179 -9.990e-29
 234.748530     -1.033   0.013508    17.5944    -1.7936     -1.024     0.0137    -1.3186 -9.990e-29
 234.748536     -1.026   0.013508    17.5965    -1.7936     -1.017     0.0137    -1.3190 -9.990e-29
 234.748542     -1.018   0.013508    17.5970    -1.7936     -1.010     0.0137    -1.3190 -9.990e-29
 234.748547     -1.013   0.013508    17.5976    -1.7936     -1.005     0.0137    -1.3192 -9.990e-29
 234.748553     -1.011   0.013508    17.6008    -1.7939     -1.003     0.0137    -1.3197 -9.990e-29
 234.748559     -1.011   0.013508    17.6068    -1.7938     -1.003     0.0137    -1.3208 -9.990e-29
 234.748565     -1.009   0.013508    17.6135    -1.7936     -1.001     0.0137    -1.3220 -9.990e-29
 234.748571     -1.005   0.013508    17.6186    -1.7935     -0.997     0.0137    -1.3229 -9.990e-29
 234.748576     -1.004   0.013508    17.6213    -1.7935     -0.996     0.0137    -1.3234 -9.990e-29
 234.748582     -1.004   0.013508    17.6223    -1.7938     -0.996     0.0137    -1.3236 -9.990e-29
 234.748588     -1.006   0.013508    17.6222    -1.7942     -0.998     0.0137    -1.3236 -9.990e-29
 234.748594     -1.006   0.013508    17.6213    -1.7945     -0.998     0.0137    -1.3234 -9.990e-29
 234.748600     -1.004   0.013509    17.6194    -1.7946     -0.996     0.0137    -1.3231 -9.990e-29
 234.748605     -1.004   0.013509    17.6178    -1.7946     -0.996     0.0137    -1.3228 -9.990e-29
 234.748611     -1.001   0.013510    17.6186    -1.7950     -0.993     0.0137    -1.3229 -9.990e-29
 234.748617     -0.992   0.013510    17.6210    -1.7956     -0.984     0.0137    -1.3234 -9.990e-29
 234.748623     -0.979   0.013511    17.6225    -1.7964     -0.971     0.0137    -1.3236 -9.990e-29
 234.748628     -0.972   0.013512    17.6207    -1.7968     -0.964     0.0137    -1.3233 -9.990e-29
 234.748634     -0.972   0.013512    17.6147    -1.7971     -0.964     0.0137    -1.3222 -9.990e-29
 234.748640     -0.977   0.013513    17.6065    -1.7974     -0.969     0.0137    -1.3208 -9.990e-29
 234.748646     -0.978   0.013513    17.5993    -1.7972     -0.970     0.0137    -1.3195 -9.990e-29
 234.748652     -0.971   0.013514    17.5943    -1.7974     -0.963     0.0137    -1.3186 -9.990e-29
 234.748657     -0.959   0.013514    17.5883    -1.7974     -0.951     0.0137    -1.3175 -9.990e-29
 234.748663     -0.951   0.013515    17.5779    -1.7973     -0.943     0.0137    -1.3156 -9.990e-29
 234.748669     -0.945   0.013515    17.5633    -1.7970     -0.937     0.0137    -1.3130 -9.990e-29
 234.748675     -0.934   0.013516    17.5483    -1.7969     -0.926     0.0137    -1.3103 -9.990e-29
 234.748681     -0.916   0.013517    17.5359    -1.7970     -0.908     0.0137    -1.3080 -9.990e-29
 234.748686     -0.898   0.013517    17.5268    -1.7971     -0.891     0.0137    -1.3064 -9.990e-29
 234.748692     -0.884   0.013518    17.5213    -1.7969     -0.877     0.0137    -1.3054 -9.990e-29
 234.748698     -0.873   0.013518    17.5190    -1.7968     -0.866     0.0137    -1.3050 -9.990e-29
 234.748704     -0.865   0.013519    17.5179    -1.7967     -0.858     0.0137    -1.3048 -9.990e-29
 234.748709     -0.858   0.013520    17.5180    -1.7966     -0.851     0.0137    -1.3048 -9.990e-29
 234.748715     -0.852   0.013521    17.5206    -1.7964     -0.845     0.0137    -1.3053 -9.990e-29
 234.748721     -0.847   0.013525    17.5246    -1.7961     -0.840     0.0137    -1.3060 -9.990e-29
 234.748727     -0.843   0.013534    17.5271    -1.7959     -0.836     0.0137    -1.3065 -9.990e-29
 234.748733     -0.839   0.013562    17.5273    -1.7959     -0.832     0.0137    -1.3065 -9.990e-29
 234.748738     -0.835   0.013644    17.5277    -1.6628     -0.828     0.0137    -1.3065 -9.990e-29
 234.748744     -0.831   0.013888    17.5298    -1.6850     -0.824     0.0139    -1.3068 -9.990e-29
 234.748750     -0.827   0.014620    17.5323    -1.5245     -0.820     0.0142    -1.3070 -9.990e-29
 234.748756     -0.822   0.016813    17.5349    -1.5220     -0.815     0.0152    -1.3067 -9.990e-29
 234.748762     -0.816   0.023393    17.5375    -1.5207     -0.809     0.0183    -1.3048 -9.990e-29
 234.748767     -0.808   0.043131    17.5380    -1.5187     -0.801     0.0281    -1.2973 -9.990e-29
 234.748773     -0.798   0.102344    17.5299    -1.5180     -0.791     0.0592    -1.2719 -9.990e-29
 234.748779     -0.786   0.279982    17.4938    -1.5182     -0.779     0.1579    -1.1894 -9.990e-29
 234.748785     -0.771   0.812896    17.3757    -1.5176     -0.765     0.4719    -0.9267 -9.990e-29
 234.748791     -0.751   2.411636    17.1172    -1.5170     -0.745     1.4823    -0.1052 -9.990e-29
 234.748796     -0.726   7.201769    16.7910    -1.5172     -0.720     4.7819     2.4772 -9.990e-29
 234.748802     -0.694  15.099004    16.5533    -1.5174     -0.688    10.6840     7.0248 -9.990e-29
 234.748808     -0.652  23.852395    16.4403    -1.5181     -0.647    17.6324    12.3481 -9.990e-29
 234.748814     -0.603  32.140533    16.4070    -1.5182     -0.598    24.4950    17.5990 -9.990e-29
 234.748819     -0.552  37.349778    16.4143    -1.5177     -0.547    28.9235    20.9883 -9.990e-29
 234.748825     -0.505  39.208689    16.4245    -1.5170     -0.501    30.5209    22.2107 -9.990e-29
 234.748831     -0.466  39.881064    16.4268    -1.5165     -0.462    31.1025    22.6563 -9.990e-29
 234.748837     -0.437  40.135835    16.4314    -1.5160     -0.433    31.3203    22.8224 -9.990e-29
 234.748843     -0.417  40.244532    16.4397    -1.5162     -0.414    31.4084    22.8880 -9.990e-29
 234.748848     -0.396  40.297365    16.4422    -1.5161     -0.393    31.4523    22.9212 -9.990e-29
 234.748854     -0.364  40.316225    16.4332    -1.5157     -0.361    31.4758    22.9413 -9.990e-29
 234.748860     -0.328  40.317499    16.4198    -1.5150     -0.325    31.4875    22.9532 -9.990e-29
 234.748866     -0.297  40.320463    16.4153    -1.5157     -0.295    31.4936    22.9590 -9.990e-29
 234.748872     -0.275  40.328149    16.4225    -1.5146     -0.273    31.4946    22.9581 -9.990e-29
 234.748877     -0.256  40.337555    16.4331    -1.5140     -0.254    31.4944    22.9556 -9.990e-29
 234.748883     -0.234  40.354702    16.4425    -1.5142     -0.232    31.5019    22.9592 -9.990e-29
 234.748889     -0.208  40.383605    16.4525    -1.5145     -0.206    31.5192    22.9702 -9.990e-29
 234.748895     -0.180  40.415373    16.4651    -1.5144     -0.178    31.5369    22.9809 -9.990e-29
 234.748900     -0.157  40.431481    16.4806    -1.5147     -0.156    31.5386    22.9787 -9.990e-29
 234.748906     -0.142  40.422227    16.4966    -1.5145     -0.141    31.5180    22.9592 -9.990e-29
 234.748912     -0.134  40.405184    16.5114    -1.5153     -0.133    31.4915    22.9355 -9.990e-29
 234.748918     -0.129  40.399867    16.5260    -1.5160     -0.128    31.4754    22.9199 -9.990e-29
 234.748924     -0.121  40.394351    16.5387    -1.5163     -0.120    31.4606    22.9056 -9.990e-29
 234.748929     -0.110  40.384851    16.5450    -1.5166     -0.109    31.4474    22.8941 -9.990e-29
 234.748935     -0.096  40.398700    16.5466    -1.5163     -0.095    31.4581    22.9020 -9.990e-29
 234.748941     -0.082  40.427111    16.5485    -1.5157     -0.081    31.4813    22.9193 -9.990e-29
 234.748947     -0.071  40.433635    16.5484    -1.5152     -0.070    31.4870    22.9237 -9.990e-29
 234.748953     -0.062  40.418767    16.5425    -1.5150     -0.061    31.4788    22.9187 -9.990e-29
 234.748958     -0.056  40.405482    16.5290    -1.5155     -0.056    31.4779    22.9211 -9.990e-29
 234.748964     -0.051  40.402610    16.5074    -1.5159     -0.051    31.4924    22.9371 -9.990e-29
 234.748970     -0.047  40.406528    16.4853    -1.5147     -0.047    31.5132    22.9581 -9.990e-29
 234.748976     -0.045  40.409212    16.4707    -1.5144     -0.045    31.5270    22.9721 -9.990e-29
 234.748981     -0.043  40.407155    16.4658    -1.5149     -0.043    31.5291    22.9748 -9.990e-29
 234.748987     -0.042  40.403978    16.4683    -1.5150     -0.042    31.5244    22.9706 -9.990e-29
 234.748993     -0.042  40.404056    16.4755    -1.5154     -0.042    31.5188    22.9646 -9.990e-29
 234.748999     -0.043  40.418905    16.4877    -1.5153     -0.043    31.5221    22.9644 -9.990e-29
 234.749005     -0.044  40.443870    16.5005    -1.5153     -0.044    31.5337    22.9704 -9.990e-29
 234.749010     -0.047  40.450801    16.5072    -1.5155     -0.047    31.5344    22.9694 -9.990e-29
 234.749016     -0.045  40.428973    16.5109    -1.5157     -0.045    31.5125    22.9518 -9.990e-29
 234.749022     -0.037  40.400488    16.5173    -1.5158     -0.037    31.4827    22.9275 -9.990e-29
 234.749028     -0.024  40.399301    16.5232    -1.5158     -0.024    31.4770    22.9218 -9.990e-29
 234.749034     -0.015  40.424595    16.5240    -1.5161     -0.015    31.4984    22.9380 -9.990e-29
 234.749039     -0.014  40.436889    16.5199    -1.5161     -0.014    31.5123    22.9496 -9.990e-29
 234.749045     -0.016  40.424202    16.5109    -1.5158     -0.016    31.5084    22.9486 -9.990e-29
 234.749051     -0.017  40.410172    16.5001    -1.5155     -0.017    31.5047    22.9482 -9.990e-29
 234.749057     -0.017  40.413842    16.4922    -1.5152     -0.017    31.5141    22.9573 -9.990e-29
 234.749063     -0.016  40.432462    16.4872    -1.5153     -0.016    31.5342    22.9738 -9.990e-29
 234.749068     -0.015  40.443990    16.4807    -1.5150     -0.015    31.5494    22.9869 -9.990e-29
 234.749074     -0.012  40.441586    16.4718    -1.5155     -0.012    31.5543    22.9927 -9.990e-29
 234.749080     -0.008  40.441863    16.4647    -1.5156     -0.008    31.5602    22.9988 -9.990e-29
 234.749086     -0.003  40.451000    16.4604    -1.5155     -0.003    31.5715    23.0085 -9.990e-29
 234.749091      0.004  40.457285    16.4591    -1.5152      0.004    31.5780    23.0138 -9.990e-29
 234.749097      0.009  40.460335    16.4643    -1.5146      0.009    31.5765    23.0115 -9.990e-29
 234.749103      0.009  40.468344    16.4758    -1.5145      0.009    31.5744    23.0073 -9.990e-29
 234.749109      0.006  40.474265    16.4887    -1.5148      0.006    31.5694    23.0005 -9.990e-29
 234.749115      0.005  40.471068    16.4997    -1.5145      0.005    31.5579    22.9892 -9.990e-29
 234.749120      0.007  40.458063    16.5038    -1.5144      0.007    31.5434    22.9771 -9.990e-29
 234.749126      0.012  40.438851    16.4983    -1.5144      0.012    31.5310    22.9688 -9.990e-29
 234.749132      0.019  40.426688    16.4926    -1.5144      0.019    31.5249    22.9655 -9.990e-29
 234.749138      0.025  40.429657    16.4960    -1.5149      0.025    31.5248    22.9646 -9.990e-29
 234.749144      0.026  40.439591    16.5077    -1.5148      0.026    31.5242    22.9615 -9.990e-29
 234.749149      0.026  40.444162    16.5228    -1.5147      0.026    31.5163    22.9520 -9.990e-29
 234.749155      0.030  40.443507    16.5359    -1.5148      0.030    31.5054    22.9407 -9.990e-29
 234.749161      0.034  40.437521    16.5427    -1.5146      0.034    31.4949    22.9310 -9.990e-29
 234.749167      0.033  40.421232    16.5438    -1.5144      0.033    31.4799    22.9193 -9.990e-29
 234.749172      0.031  40.409551    16.5435    -1.5144      0.031    31.4700    22.9117 -9.990e-29
 234.749178      0.030  40.415687    16.5435    -1.5146      0.030    31.4753    22.9158 -9.990e-29
 234.749184      0.024  40.424494    16.5417    -1.5144      0.024    31.4843    22.9232 -9.990e-29
 234.749190      0.017  40.424383    16.5376    -1.5141      0.017    31.4875    22.9265 -9.990e-29
 234.749196      0.013  40.418775    16.5339    -1.5139      0.013    31.4855    22.9259 -9.990e-29
 234.749201      0.012  40.413287    16.5311    -1.5138      0.012    31.4830    22.9245 -9.990e-29
 234.749207      0.013  40.415931    16.5300    -1.5140      0.013    31.4861    22.9272 -9.990e-29
 234.749213      0.013  40.425955    16.5327    -1.5142      0.013    31.4927    22.9316 -9.990e-29
 234.749219      0.008  40.433956    16.5383     9.2461      0.008    31.4952    22.9323 -9.990e-29
 234.749225      0.000  40.435677    16.5438    11.7782      0.000    31.4924    22.9289 -9.990e-29
 234.749230     -0.005  40.431378    16.5487    12.0375     -0.005    31.4848    22.9219 -9.990e-29
 234.749236     -0.009  40.422819    16.5546    10.3963     -0.009    31.4728    22.9113 -9.990e-29
 234.749242     -0.011  40.415603    16.5614     6.6156     -0.011    31.4611    22.9009 -9.990e-29
 234.749248     -0.012  40.414882    16.5671     6.9462     -0.012    31.4560    22.8957 -9.990e-29
 234.749253     -0.012  40.418781    16.5695     7.1772     -0.012    31.4575    22.8963 -9.990e-29
