data/oxygen options/ONMS/Olympic_Coast_National_Marine_Sanctuary_CTD_Data_2005_2023/raw_data/2022/CAST_CA015_220629faed.cnv
* Sea-Bird SBE 19 Data File:
* FileName = C:\2022 Mooring Data\Casts\CAST_CA015_220629.hex
* Software Version SeatermAF 2.1.2
* Temperature SN = 2997
* Conductivity SN = 2997
* System UpLoad Time = Jun 29 2022 22:33:17 (localtime) = Jun 29 2022 22:33:17 (UTC)
** CAST_CA015_220629
* ds
# nquan = 9                                 
# nvalues = 1088                        
# units = specified
# name 0 = timeJ: Julian Days
# name 1 = prSM: Pressure, Strain Gauge [db]
# name 2 = c0mS/cm: Conductivity [mS/cm]
# name 3 = t090C: Temperature [ITS-90, deg C]
# name 4 = sbeox0ML/L: Oxygen, SBE 43 [ml/l]
# name 5 = depSM: Depth [salt water, m], lat = 47.5
# name 6 = sal00: Salinity, Practical [PSU]
# name 7 = sigma-é00: Density [sigma-theta, kg/m^3]
# name 8 = flag: flag
# span 0 = 180.906840, 180.913131       
# span 1 =     -5.921,     16.163       
# span 2 =   0.355237,  37.006821       
# span 3 =    11.4772,    14.4725       
# span 4 =   -12.0559,    15.2019       
# span 5 =     -5.872,     16.027       
# span 6 =     0.2176,    31.7971       
# span 7 =    -0.6507,    24.1981       
# span 8 = 0.0000e+00, 0.0000e+00       
# interval = seconds: 0.5
# start_time = Jun 29 2022 21:45:51 [Instrument's time stamp, header]
# bad_flag = -9.990e-29
*END*
[from data line 961]
 180.912402     -0.291   5.474736    12.5880     6.4593     -0.289     3.9689     2.5105 -9.990e-29
 180.912407     -0.295   5.307589    12.6001     6.4791     -0.293     3.8384     2.4080 -9.990e-29
 180.912413     -0.299   5.204978    12.6101     6.4973     -0.297     3.7583     2.3447 -9.990e-29
 180.912419     -0.303   4.980048    12.6192     6.4904     -0.300     3.5844     2.2089 -9.990e-29
 180.912425     -0.307   4.824964    12.6289     6.5004     -0.304     3.4646     2.1150 -9.990e-29
 180.912431     -0.312   4.814842    12.6397     6.5079     -0.309     3.4558     2.1068 -9.990e-29
 180.912436     -0.318   4.734828    12.6501     6.4988     -0.315     3.3937     2.0574 -9.990e-29
 180.912442     -0.324   4.507913    12.6584     6.4892     -0.321     3.2200     1.9219 -9.990e-29
 180.912448     -0.332   4.223809    12.6644     6.4941     -0.329     3.0039     1.7539 -9.990e-29
 180.912454     -0.338   3.936144    12.6691     6.4948     -0.335     2.7865     1.5849 -9.990e-29
 180.912459     -0.338   3.574948    12.6735     6.5054     -0.335     2.5153     1.3743 -9.990e-29
 180.912465     -0.336   3.115827    12.6785     6.5058     -0.333     2.1738     1.1091 -9.990e-29
 180.912471     -0.336   2.733778    12.6853     6.5126     -0.333     1.8923     0.8900 -9.990e-29
 180.912477     -0.339   2.551140    12.6943    -8.6966     -0.336     1.7585     0.7850 -9.990e-29
 180.912483     -0.339   2.425337    12.7043   -12.0559     -0.336     1.6666     0.7124 -9.990e-29
 180.912488     -0.334   2.237417    12.7140   -12.0557     -0.331     1.5302     0.6054 -9.990e-29
 180.912494     -0.326   2.081644    12.7228    -8.6958     -0.323     1.4177     0.5170 -9.990e-29
 180.912500     -0.321   2.086251    12.7305    -1.9752     -0.318     1.4208     0.5184 -9.990e-29
 180.912506     -0.316   2.164803    12.7367    -1.9752     -0.313     1.4770     0.5612 -9.990e-29
 180.912512     -0.312   2.123254    12.7406    -1.9753     -0.309     1.4470     0.5374 -9.990e-29
 180.912517     -0.310   1.960537    12.7423    -1.9717     -0.307     1.3303     0.4466 -9.990e-29
 180.912523     -0.307   1.792838    12.7430    -1.9663     -0.304     1.2108     0.3537 -9.990e-29
 180.912529     -0.306   1.669802    12.7442    -1.9671     -0.303     1.1235     0.2858 -9.990e-29
 180.912535     -0.304   1.581442    12.7457    -1.9694     -0.301     1.0611     0.2371 -9.990e-29
 180.912541     -0.303   1.503040    12.7471    -1.9706     -0.300     1.0059     0.1941 -9.990e-29
 180.912546     -0.303   1.430352    12.7494    -1.9711     -0.300     0.9549     0.1541 -9.990e-29
 180.912552     -0.302   1.374502    12.7539    -1.9581     -0.299     0.9157     0.1231 -9.990e-29
 180.912558     -0.302   1.335266    12.7598    -1.9622     -0.299     0.8882     0.1010 -9.990e-29
 180.912564     -0.301   1.307977    12.7651    -1.9595     -0.298     0.8691     0.0854 -9.990e-29
 180.912569     -0.301   1.311095    12.7688    -1.9643     -0.298     0.8712     0.0866 -9.990e-29
 180.912575     -0.301   1.411376    12.7721    -1.9670     -0.298     0.9411     0.1405 -9.990e-29
 180.912581     -0.301   1.652216    12.7772    -1.9684     -0.298     1.1102     0.2713 -9.990e-29
 180.912587     -0.301   1.892582    12.7848    -1.9694     -0.298     1.2804     0.4025 -9.990e-29
 180.912593     -0.300   1.943668    12.7930    -1.9682     -0.297     1.3165     0.4295 -9.990e-29
 180.912598     -0.300   1.850323    12.7993    -1.9598     -0.297     1.2498     0.3769 -9.990e-29
 180.912604     -0.300   1.802902    12.8027    -1.9653     -0.297     1.2160     0.3503 -9.990e-29
 180.912610     -0.300   2.003634    12.8039    -1.9661     -0.297     1.3589     0.4610 -9.990e-29
 180.912616     -0.300   2.355892    12.8039    -1.9621     -0.297     1.6120     0.6574 -9.990e-29
 180.912622     -0.300   2.534429    12.8036    -1.9638     -0.297     1.7413     0.7577 -9.990e-29
 180.912627     -0.301   2.492424    12.8032    -1.9668     -0.298     1.7109     0.7342 -9.990e-29
 180.912633     -0.301   2.301957    12.8028    -1.9688     -0.298     1.5731     0.6274 -9.990e-29
 180.912639     -0.301   2.070005    12.8031    -1.9634     -0.298     1.4064     0.4980 -9.990e-29
 180.912645     -0.301   1.921931    12.8041    -1.9612     -0.298     1.3006     0.4157 -9.990e-29
 180.912650     -0.302   1.899746    12.8047    -1.9634     -0.299     1.2848     0.4034 -9.990e-29
 180.912656     -0.302   2.058666    12.8045    -1.9651     -0.299     1.3983     0.4915 -9.990e-29
 180.912662     -0.303   2.250799    12.8044    -1.9560     -0.300     1.5362     0.5985 -9.990e-29
 180.912668     -0.304   2.265561    12.8054    -1.9614     -0.301     1.5468     0.6066 -9.990e-29
 180.912674     -0.305   2.247415    12.8078    -1.9654     -0.302     1.5336     0.5961 -9.990e-29
 180.912679     -0.306   2.284722    12.8114    -1.9602     -0.303     1.5604     0.6164 -9.990e-29
 180.912685     -0.308   2.219883    12.8151    -1.9602     -0.305     1.5135     0.5796 -9.990e-29
 180.912691     -0.310   2.073442    12.8174    -1.9639     -0.307     1.4084     0.4977 -9.990e-29
 180.912697     -0.313   2.049814    12.8185    -1.9588     -0.310     1.3914     0.4844 -9.990e-29
 180.912703     -0.316   2.205615    12.8190    -1.9603     -0.313     1.5031     0.5710 -9.990e-29
 180.912708     -0.321   2.343920    12.8194    -1.9540     -0.318     1.6027     0.6482 -9.990e-29
 180.912714     -0.327   2.364765    12.8198    -1.9608     -0.324     1.6178     0.6598 -9.990e-29
 180.912720     -0.334   2.447847    12.8205    -1.9550     -0.331     1.6778     0.7063 -9.990e-29
 180.912726     -0.344   2.581906    12.8223    -1.9599     -0.341     1.7750     0.7814 -9.990e-29
 180.912731     -0.357   2.528152    12.8254    -1.9635     -0.354     1.7358     0.7506 -9.990e-29
 180.912737     -0.369   2.426758    12.8292    -1.9538     -0.366     1.6622     0.6931 -9.990e-29
 180.912743     -0.372   2.466360    12.8325    -1.9576     -0.369     1.6907     0.7147 -9.990e-29
 180.912749     -0.368   2.487972    12.8348    -1.9594     -0.365     1.7062     0.7265 -9.990e-29
 180.912755     -0.363   2.493804    12.8367    -1.9553     -0.360     1.7104     0.7295 -9.990e-29
 180.912760     -0.363   2.594193    12.8391    -1.9595     -0.360     1.7831     0.7856 -9.990e-29
 180.912766     -0.366   2.740574    12.8434    -1.9629     -0.363     1.8895     0.8675 -9.990e-29
 180.912772     -0.370   2.823676    12.8502    -1.9634     -0.367     1.9498     0.9133 -9.990e-29
 180.912778     -0.369   2.806760    12.8589    -1.9582     -0.366     1.9370     0.9023 -9.990e-29
 180.912784     -0.368   2.746027    12.8688    -1.9587     -0.365     1.8922     0.8663 -9.990e-29
 180.912789     -0.372   2.605988    12.8798    -1.9610     -0.369     1.7898     0.7855 -9.990e-29
 180.912795     -0.376   2.542047    12.8919    -1.9584     -0.373     1.7429     0.7475 -9.990e-29
 180.912801     -0.372   2.627509    12.9045    -1.9525     -0.369     1.8043     0.7935 -9.990e-29
 180.912807     -0.360   2.603150    12.9163    -1.9567     -0.357     1.7860     0.7778 -9.990e-29
 180.912813     -0.347   2.507515    12.9258    -1.9525     -0.344     1.7163     0.7226 -9.990e-29
 180.912818     -0.337   2.421045    12.9326    -1.9440     -0.334     1.6536     0.6730 -9.990e-29
 180.912824     -0.330   2.224555    12.9369    -1.9530     -0.327     1.5121     0.5628 -9.990e-29
 180.912830     -0.325   2.011971    12.9391    -1.9572     -0.322     1.3601     0.4446 -9.990e-29
 180.912836     -0.321   1.985446    12.9411    -1.9589     -0.318     1.3411     0.4296 -9.990e-29
 180.912841     -0.318   2.104611    12.9439    -1.9598     -0.315     1.4260     0.4951 -9.990e-29
 180.912847     -0.313   2.169731    12.9475    -1.9598     -0.310     1.4724     0.5306 -9.990e-29
 180.912853     -0.304   2.203905    12.9534    -1.9597     -0.301     1.4966     0.5486 -9.990e-29
 180.912859     -0.299   2.367997    12.9641    -1.9597     -0.297     1.6140     0.6383 -9.990e-29
 180.912865     -0.299   2.556449    12.9800    -1.9599     -0.297     1.7493     0.7410 -9.990e-29
 180.912870     -0.299   2.657374    12.9974    -1.9600     -0.297     1.8215     0.7947 -9.990e-29
 180.912876     -0.298   2.811453    13.0122    -1.9565     -0.296     1.9327     0.8789 -9.990e-29
 180.912882     -0.298   2.869151    13.0239    -1.9536     -0.296     1.9741     0.9095 -9.990e-29
 180.912888     -0.297   2.579032    13.0342    -1.9520     -0.295     1.7631     0.7447 -9.990e-29
 180.912894     -0.296   2.165403    13.0456    -1.9535     -0.294     1.4656     0.5125 -9.990e-29
 180.912899     -0.295   1.869683    13.0587    -1.9549     -0.293     1.2551     0.3476 -9.990e-29
 180.912905     -0.293   1.683370    13.0707    -1.9561     -0.291     1.1236     0.2440 -9.990e-29
 180.912911     -0.292   1.566417    13.0802    -1.9569     -0.290     1.0415     0.1790 -9.990e-29
 180.912917     -0.289   1.493661    13.0880    -1.9511     -0.287     0.9906     0.1385 -9.990e-29
 180.912922     -0.286   1.450100    13.0959    -1.9494     -0.284     0.9601     0.1138 -9.990e-29
 180.912928     -0.282   1.439708    13.1055    -1.9507     -0.280     0.9526     0.1067 -9.990e-29
 180.912934     -0.277   1.509020    13.1158    -1.9529     -0.275     1.0005     0.1426 -9.990e-29
 180.912940     -0.271   1.676754    13.1246    -1.9544     -0.269     1.1174     0.2321 -9.990e-29
 180.912946     -0.262   1.853471    13.1313    -1.9550     -0.260     1.2413     0.3274 -9.990e-29
 180.912951     -0.251   1.925102    13.1364    -1.9494     -0.249     1.2917     0.3658 -9.990e-29
 180.912957     -0.237   1.866883    13.1406    -1.9491     -0.235     1.2505     0.3333 -9.990e-29
 180.912963     -0.220   1.752500    13.1445    -1.9518     -0.218     1.1699     0.2702 -9.990e-29
 180.912969     -0.209   1.678282    13.1488    -1.9535     -0.207     1.1177     0.2292 -9.990e-29
 180.912975     -0.219   1.743662    13.1521    -1.9457     -0.217     1.1635     0.2643 -9.990e-29
 180.912980     -0.237   1.936040    13.1532    -1.9442     -0.235     1.2989     0.3691 -9.990e-29
 180.912986     -0.250   2.065216    13.1528    -1.9488     -0.248     1.3903     0.4401 -9.990e-29
 180.912992     -0.261   2.030740    13.1519    -1.9513     -0.259     1.3659     0.4213 -9.990e-29
 180.912998     -0.268   1.913581    13.1506    -1.9530     -0.266     1.2831     0.3572 -9.990e-29
 180.913003     -0.274   1.832447    13.1493    -1.9481     -0.272     1.2259     0.3131 -9.990e-29
 180.913009     -0.278   1.898631    13.1494    -1.9470     -0.276     1.2726     0.3492 -9.990e-29
 180.913015     -0.280   2.075097    13.1517    -1.9497     -0.278     1.3974     0.4457 -9.990e-29
 180.913021     -0.282   2.157588    13.1557    -1.9517     -0.280     1.4558     0.4905 -9.990e-29
 180.913027     -0.282   2.116982    13.1608    -1.9534     -0.280     1.4268     0.4673 -9.990e-29
 180.913032     -0.281   2.177957    13.1655    -1.9471     -0.279     1.4700     0.5001 -9.990e-29
 180.913038     -0.279   2.385191    13.1687    -1.9474     -0.277     1.6178     0.6143 -9.990e-29
 180.913044     -0.275   2.460044    13.1702    -1.9432     -0.273     1.6714     0.6556 -9.990e-29
 180.913050     -0.270   2.299980    13.1696    -1.9445     -0.268     1.5568     0.5669 -9.990e-29
 180.913056     -0.268   2.109620    13.1673    -1.9479     -0.266     1.4213     0.4622 -9.990e-29
 180.913061     -0.271   2.081975    13.1646    -1.9511     -0.269     1.4018     0.4474 -9.990e-29
 180.913067     -0.278   2.208443    13.1619    -1.9542     -0.276     1.4918     0.5176 -9.990e-29
 180.913073     -0.283   2.280144    13.1595    -1.9499     -0.281     1.5430     0.5576 -9.990e-29
 180.913079     -0.286   2.201993    13.1575 -9.990e-29     -0.284     1.4874     0.5147 -9.990e-29
 180.913084     -0.289   2.097635    13.1557 -9.990e-29     -0.287     1.4132     0.4575 -9.990e-29
 180.913090     -0.291   2.141679    13.1533 -9.990e-29     -0.289     1.4446     0.4821 -9.990e-29
 180.913096     -0.293   2.347920    13.1499 -9.990e-29     -0.291     1.5919     0.5967 -9.990e-29
 180.913102     -0.294   2.571147    13.1459 -9.990e-29     -0.292     1.7523     0.7215 -9.990e-29
 180.913108     -0.295   2.714245    13.1420 -9.990e-29     -0.293     1.8558     0.8022 -9.990e-29
 180.913113     -0.296   2.685191    13.1386 -9.990e-29     -0.294     1.8349     0.7865 -9.990e-29
 180.913119     -0.297   2.482534    13.1359 -9.990e-29     -0.295     1.6890     0.6738 -9.990e-29
 180.913125     -0.297   2.239629    13.1348 -9.990e-29     -0.295     1.5151     0.5392 -9.990e-29
 180.913131     -0.297   2.107916 -9.990e-29 -9.990e-29     -0.295 -9.990e-29 -9.990e-29 -9.990e-29
