data/oxygen options/ONMS/Olympic_Coast_National_Marine_Sanctuary_CTD_Data_2005_2023/raw_data/2022/CAST_MB015_220718faed.cnv
* Sea-Bird SBE 19 Data File:
* FileName = C:\2022 Mooring Data\Casts\CAST_MB015_220718.hex
* Software Version SeatermAF 2.1.2
* Temperature SN = 2997
* Conductivity SN = 2997
* System UpLoad Time = Jul 18 2022 19:46:03 (localtime) = Jul 18 2022 19:46:03 (UTC)
** CAST_MB015_220718
* ds
# nquan = 9                                 
# nvalues = 981                         
# units = specified
# name 0 = timeJ: Julian Days
# name 1 = prSM: Pressure, Strain Gauge [db]
# name 2 = c0mS/cm: Conductivity [mS/cm]
# name 3 = t090C: Temperature [ITS-90, deg C]
# name 4 = sbeox0ML/L: Oxygen, SBE 43 [ml/l]
# name 5 = depSM: Depth [salt water, m], lat = 47.5
# name 6 = sal00: Salinity, Practical [PSU]
# name 7 = sigma-é00: Density [sigma-theta, kg/m^3]
# name 8 = flag: flag
# span 0 = 199.774537, 199.780208       
# span 1 =     -5.759,      9.541       
# span 2 =   0.010781,  37.628422       
# span 3 =    10.9808,    14.1996       
# span 4 =    -1.9489,    15.5362       
# span 5 =     -5.711,      9.461       
# span 6 =     0.0113,    32.3347       
# span 7 =    -0.7730,    24.7005       
# span 8 = 0.0000e+00, 0.0000e+00       
# interval = seconds: 0.5
# start_time = Jul 18 2022 18:35:20 [Instrument's time stamp, header]
# bad_flag = -9.990e-29
*END*
[from data line 801]
 199.779172      0.432  37.455409    12.9604     7.3411      0.428    31.7073    23.8510 -9.990e-29
 199.779178      0.439  37.455568    12.9613     7.3594      0.435    31.7067    23.8504 -9.990e-29
 199.779184      0.456  37.456245    12.9623     7.3057      0.452    31.7065    23.8500 -9.990e-29
 199.779190      0.485  37.457130    12.9625     7.3249      0.481    31.7071    23.8505 -9.990e-29
 199.779196      0.522  37.457631    12.9630     7.3242      0.518    31.7072    23.8504 -9.990e-29
 199.779201      0.556  37.457763    12.9652     7.3317      0.551    31.7054    23.8487 -9.990e-29
 199.779207      0.588  37.458171    12.9693     7.3580      0.583    31.7024    23.8455 -9.990e-29
 199.779213      0.630  37.459871    12.9765     7.3466      0.625    31.6979    23.8407 -9.990e-29
 199.779219      0.692  37.463916    12.9873     7.3623      0.686    31.6927    23.8345 -9.990e-29
 199.779225      0.784  37.468886    12.9956     7.3774      0.777    31.6904    23.8311 -9.990e-29
 199.779230      0.905  37.470112    12.9940     7.4207      0.897    31.6928    23.8333 -9.990e-29
 199.779236      1.052  37.465778    12.9803     7.4905      1.043    31.7001    23.8417 0.0000e+00
 199.779242      1.216  37.457860    12.9553     7.5627      1.206    31.7136    23.8569 0.0000e+00
 199.779248      1.395  37.446354    12.9176     7.6157      1.383    31.7342    23.8802 0.0000e+00
 199.779253      1.592  37.427592    12.8635     7.6065      1.579    31.7619    23.9121 0.0000e+00
 199.779259      1.802  37.402242    12.8017     7.5326      1.787    31.7898    23.9456 0.0000e+00
 199.779265      2.018  37.381234    12.7504     7.4395      2.001    31.8131    23.9735 0.0000e+00
 199.779271      2.240  37.369518    12.7106     7.3878      2.221    31.8354    23.9985 0.0000e+00
 199.779277      2.469  37.359215    12.6689     7.3924      2.448    31.8608    24.0262 0.0000e+00
 199.779282      2.703  37.343212    12.6211     7.4090      2.680    31.8860    24.0548 0.0000e+00
 199.779288      2.940  37.320249    12.5767     7.3961      2.915    31.9017    24.0754 0.0000e+00
 199.779294      3.177  37.297155    12.5433     7.2976      3.150    31.9079    24.0867 0.0000e+00
 199.779300      3.413  37.281701    12.5196     7.1322      3.384    31.9132    24.0953 0.0000e+00
 199.779306      3.650  37.273355    12.4997     6.9726      3.620    31.9221    24.1059 0.0000e+00
 199.779311      3.898  37.266497    12.4724     6.8536      3.865    31.9386    24.1239 0.0000e+00
 199.779317      4.165  37.251326    12.4210     6.7777      4.130    31.9678    24.1563 0.0000e+00
 199.779323      4.446  37.212565    12.3338     6.7275      4.409    32.0050    24.2016 0.0000e+00
 199.779329      4.733  37.144390    12.2233     6.7109      4.693    32.0340    24.2449 0.0000e+00
 199.779334      5.015  37.066755    12.1210     6.7058      4.973    32.0469    24.2741 0.0000e+00
 199.779340      5.280  37.003799    12.0489     6.6635      5.236    32.0481    24.2884 0.0000e+00
 199.779346      5.528  36.959443    12.0090     6.5637      5.482    32.0395    24.2892 0.0000e+00
 199.779352      5.765  36.929910    11.9943     6.4448      5.717    32.0236    24.2795 0.0000e+00
 199.779358      5.999  36.915506    11.9851     6.2724      5.949    32.0175    24.2765 0.0000e+00
 199.779363      6.235  36.907014    11.9528     6.1280      6.183    32.0369    24.2976 0.0000e+00
 199.779369      6.476  36.887420    11.8907     5.9502      6.422    32.0713    24.3358 0.0000e+00
 199.779375      6.715  36.850682    11.8085     5.8706      6.659    32.1066    24.3782 0.0000e+00
 199.779381      6.947  36.797029    11.7129     5.8189      6.889    32.1371    24.4194 0.0000e+00
 199.779387      7.173  36.729910    11.6110     5.7804      7.113    32.1600    24.4558 0.0000e+00
 199.779392      7.395  36.664510    11.5163     5.7740      7.333    32.1784    24.4873 0.0000e+00
 199.779398      7.614  36.616066    11.4366     5.6973      7.550    32.2004    24.5187 0.0000e+00
 199.779404      7.832  36.579832    11.3677     5.7075      7.766    32.2249    24.5501 0.0000e+00
 199.779410      8.053  36.541568    11.3198     5.6500      7.986    32.2291    24.5620 0.0000e+00
 199.779416      8.278  36.500024    11.3092     5.5488      8.209    32.1975    24.5393 0.0000e+00
 199.779421      8.493  36.473108    11.3196     5.4694      8.422    32.1620    24.5098 0.0000e+00
 199.779427      8.694  36.474535    11.3157     5.3843      8.621    32.1667    24.5142 0.0000e+00
 199.779433      8.884  36.486009    11.2627     5.3649      8.810    32.2241    24.5683 0.0000e+00
 199.779439      9.060  36.466037    11.1558     5.3643      8.984    32.2980    24.6448 0.0000e+00
 199.779444      9.214  36.404783    11.0508     5.3747      9.137    32.3299    24.6881 0.0000e+00
 199.779450      9.340  36.351497    10.9971     5.4107      9.262    32.3244    24.6934 -9.990e-29
 199.779456      9.433  36.338223    10.9808     5.4341      9.354    32.3256    24.6972 -9.990e-29
 199.779462      9.495  36.343334    10.9815     5.4533      9.416    32.3300    24.7005 -9.990e-29
 199.779468      9.528  36.349003    10.9949     5.4612      9.448    32.3238    24.6933 -9.990e-29
 199.779473      9.541  36.355523    11.0070     5.4935      9.461    32.3196    24.6879 -9.990e-29
 199.779479      9.541  36.354795    11.0106     5.5564      9.461    32.3157    24.6842 -9.990e-29
 199.779485      9.530  36.346992    11.0143     5.6224      9.450    32.3047    24.6750 -9.990e-29
 199.779491      9.493  36.349745    11.0225     5.6926      9.414    32.3003    24.6701 -9.990e-29
 199.779497      9.420  36.368422    11.0312     5.6968      9.341    32.3111    24.6770 -9.990e-29
 199.779502      9.315  36.393765    11.0414     5.6950      9.237    32.3272    24.6877 -9.990e-29
 199.779508      9.187  36.415320    11.0571     5.7162      9.110    32.3347    24.6908 0.0000e+00
 199.779514      9.043  36.428230    11.0728     5.7348      8.967    32.3337    24.6873 0.0000e+00
 199.779520      8.880  36.435159    11.0879     5.7476      8.806    32.3273    24.6796 0.0000e+00
 199.779525      8.702  36.438085    11.1108     5.7629      8.629    32.3102    24.6622 0.0000e+00
 199.779531      8.515  36.439809    11.1375     5.7958      8.444    32.2885    24.6406 0.0000e+00
 199.779537      8.319  36.440968    11.1579     5.8359      8.249    32.2718    24.6240 0.0000e+00
 199.779543      8.111  36.435848    11.1754     5.8641      8.043    32.2515    24.6052 0.0000e+00
 199.779549      7.885  36.416525    11.1998     5.8935      7.819    32.2113    24.5695 0.0000e+00
 199.779554      7.640  36.408803    11.2317     5.8765      7.576    32.1759    24.5363 0.0000e+00
 199.779560      7.387  36.441068    11.2598     5.9777      7.325    32.1832    24.5370 0.0000e+00
 199.779566      7.139  36.478480    11.2767     6.0717      7.079    32.2052    24.5511 0.0000e+00
 199.779572      6.897  36.495869    11.2861     6.1685      6.839    32.2142    24.5564 0.0000e+00
 199.779578      6.655  36.504677    11.2965     6.2512      6.599    32.2138    24.5543 0.0000e+00
 199.779583      6.411  36.514428    11.3204     6.2528      6.357    32.2026    24.5413 0.0000e+00
 199.779589      6.165  36.534220    11.3713     6.3461      6.113    32.1778    24.5128 0.0000e+00
 199.779595      5.919  36.573091    11.4407     6.4619      5.870    32.1555    24.4830 0.0000e+00
 199.779601      5.680  36.629102    11.5018     6.5867      5.633    32.1572    24.4733 0.0000e+00
 199.779606      5.452  36.669379    11.5431     6.7266      5.406    32.1607    24.4686 0.0000e+00
 199.779612      5.231  36.674815    11.5801     6.8767      5.187    32.1340    24.4411 0.0000e+00
 199.779618      5.002  36.679026    11.6495     7.0434      4.960    32.0780    24.3851 0.0000e+00
 199.779624      4.760  36.712304    11.7627     7.1795      4.720    32.0127    24.3137 0.0000e+00
 199.779630      4.514  36.765808    11.8823     7.2589      4.476    31.9618    24.2522 0.0000e+00
 199.779635      4.274  36.823492    11.9689     7.2835      4.238    31.9433    24.2219 0.0000e+00
 199.779641      4.038  36.892269    12.0145     7.2686      4.004    31.9707    24.2347 0.0000e+00
 199.779647      3.800  36.966945    12.0392     7.2470      3.768    32.0215    24.2696 0.0000e+00
 199.779653      3.562  37.018240    12.0730     7.2150      3.532    32.0420    24.2792 0.0000e+00
 199.779659      3.334  37.047890    12.1268     7.2040      3.306    32.0245    24.2556 0.0000e+00
 199.779664      3.123  37.076397    12.1818     7.2312      3.097    32.0049    24.2301 0.0000e+00
 199.779670      2.933  37.095844    12.2176     7.2804      2.909    31.9930    24.2141 0.0000e+00
 199.779676      2.760  37.094646    12.2367     7.3220      2.737    31.9756    24.1971 0.0000e+00
 199.779682      2.594  37.091408    12.2609     7.3616      2.572    31.9519    24.1741 0.0000e+00
 199.779687      2.427  37.100889    12.3103     7.3989      2.407    31.9189    24.1393 0.0000e+00
 199.779693      2.259  37.125663    12.3733     7.3955      2.240    31.8891    24.1043 0.0000e+00
 199.779699      2.091  37.156755    12.4333     7.4158      2.074    31.8679    24.0765 0.0000e+00
 199.779705      1.929  37.177371    12.4943     7.4295      1.913    31.8359    24.0401 0.0000e+00
 199.779711      1.776  37.192617    12.5439     7.4440      1.761    31.8085    24.0095 0.0000e+00
 199.779716      1.630  37.207159    12.5682     7.4340      1.616    31.8018    23.9997 0.0000e+00
 199.779722      1.488  37.215759    12.5894     7.4232      1.476    31.7922    23.9882 0.0000e+00
 199.779728      1.344  37.220388    12.6314     7.4143      1.333    31.7612    23.9561 0.0000e+00
 199.779734      1.202  37.232279    12.6839     7.4057      1.192    31.7283    23.9206 0.0000e+00
 199.779740      1.065  37.257781    12.7438     7.3612      1.056    31.7021    23.8889 0.0000e+00
 199.779745      0.934  37.294498    12.8119     7.3516      0.926    31.6797    23.8584 -9.990e-29
 199.779751      0.813  37.332014    12.8533     7.3340      0.806    31.6805    23.8511 -9.990e-29
 199.779757      0.711  37.356497    12.8579     7.3337      0.705    31.6998    23.8651 -9.990e-29
 199.779763      0.635  37.379331    12.8641     7.3527      0.630    31.7162    23.8766 -9.990e-29
 199.779769      0.584  37.411935    12.8902     7.2903      0.579    31.7251    23.8784 -9.990e-29
 199.779774      0.555  37.439514    12.9226     7.3193      0.550    31.7239    23.8712 -9.990e-29
 199.779780      0.541  37.455709    12.9479     7.3276      0.536    31.7180    23.8617 -9.990e-29
 199.779786      0.534  37.460281    12.9567     7.3502      0.530    31.7149    23.8577 -9.990e-29
 199.779792      0.529  37.452625    12.9521     7.3418      0.525    31.7116    23.8560 -9.990e-29
 199.779797      0.521  37.444973    12.9495     7.2901      0.517    31.7066    23.8526 -9.990e-29
 199.779803      0.505  37.443394    12.9531     7.2750      0.501    31.7021    23.8484 -9.990e-29
 199.779809      0.485  37.443557    12.9550     7.2801      0.481    31.7006    23.8469 -9.990e-29
 199.779815      0.463  37.442895    12.9518     7.3055      0.459    31.7027    23.8491 -9.990e-29
 199.779821      0.442  37.443346    12.9478     7.3213      0.438    31.7065    23.8528 -9.990e-29
 199.779826      0.430  37.447772    12.9460     7.3372      0.426    31.7122    23.8576 -9.990e-29
 199.779832      0.431  37.454810    12.9472     7.3489      0.427    31.7178    23.8617 -9.990e-29
 199.779838      0.439  37.460970    12.9536     7.3552      0.435    31.7182    23.8608 -9.990e-29
 199.779844      0.447  37.464398    12.9649     7.3474      0.443    31.7120    23.8538 -9.990e-29
 199.779850      0.455  37.465759    12.9751     7.3254      0.451    31.7047    23.8462 -9.990e-29
 199.779855      0.469  37.465205    12.9795     7.3143      0.465    31.7005    23.8421 -9.990e-29
 199.779861      0.485  37.463699    12.9802     7.2969      0.481    31.6985    23.8404 -9.990e-29
 199.779867      0.498  37.463738    12.9792     7.3040      0.494    31.6994    23.8412 -9.990e-29
 199.779873      0.512  37.464833    12.9764     7.3170      0.508    31.7027    23.8444 -9.990e-29
 199.779878      0.521  37.463978    12.9730     7.3289      0.517    31.7048    23.8466 -9.990e-29
 199.779884      0.518  37.459492    12.9709     7.3472      0.514    31.7023    23.8451 -9.990e-29
 199.779890      0.503  37.454376    12.9692     7.3330      0.499    31.6989    23.8428 -9.990e-29
 199.779896      0.484  37.452473    12.9663     7.3391      0.480    31.6996    23.8439 -9.990e-29
 199.779902      0.467  37.452948    12.9634     7.3299      0.463    31.7024    23.8467 -9.990e-29
 199.779907      0.457  37.453649    12.9657     7.3122      0.453    31.7012    23.8453 -9.990e-29
 199.779913      0.451  37.458331    12.9764     7.3056      0.447    31.6966    23.8397 -9.990e-29
 199.779919      0.451  37.469332    12.9897     7.3061      0.447    31.6959    23.8365 -9.990e-29
 199.779925      0.451  37.478924    12.9982     7.3195      0.447    31.6978    23.8363 -9.990e-29
 199.779931      0.448  37.482544    13.0018     7.3207      0.444    31.6982    23.8359 -9.990e-29
 199.779936      0.440  37.481675    13.0038     7.3010      0.436    31.6957    23.8336 -9.990e-29
 199.779942      0.433  37.477981    13.0046     7.2795      0.429    31.6915    23.8303 -9.990e-29
 199.779948      0.430  37.473842    13.0035     7.2619      0.426    31.6886    23.8282 -9.990e-29
 199.779954      0.426  37.471042    13.0016     7.2063      0.422    31.6875    23.8277 -9.990e-29
 199.779959      0.417  37.470351    13.0000     7.2583      0.414    31.6882    23.8286 -9.990e-29
 199.779965      0.406  37.470865    12.9992     7.2983      0.403    31.6894    23.8296 -9.990e-29
 199.779971      0.401  37.472166    13.0002     7.3210      0.398    31.6898    23.8297 -9.990e-29
 199.779977      0.407  37.475446    13.0034     7.3228      0.404    31.6902    23.8294 -9.990e-29
 199.779983      0.419  37.480055    13.0072     7.2658      0.416    31.6913    23.8296 -9.990e-29
 199.779988      0.430  37.483189    13.0090     7.2833      0.426    31.6928    23.8303 -9.990e-29
 199.779994      0.436  37.482882    13.0085     7.2996      0.432    31.6929    23.8305 -9.990e-29
 199.780000      0.437  37.479864    13.0074     7.3126      0.433    31.6910    23.8293 -9.990e-29
 199.780006      0.434  37.477976    13.0067     7.3306      0.430    31.6898    23.8285 -9.990e-29
 199.780012      0.426  37.478639    13.0062     7.3385      0.422    31.6908    23.8294 -9.990e-29
 199.780017      0.413  37.479954    13.0067     7.3276      0.410    31.6917    23.8299 -9.990e-29
 199.780023      0.394  37.482014    13.0081     7.2632      0.391    31.6924    23.8303 -9.990e-29
 199.780029      0.367  37.484221    13.0090     7.1805      0.364    31.6938    23.8311 -9.990e-29
 199.780035      0.332  37.483931    13.0100     7.1284      0.329    31.6927    23.8301 -9.990e-29
 199.780041      0.285  37.481897    13.0120     8.3040      0.283    31.6891    23.8269 -9.990e-29
 199.780046      0.229  37.481589    13.0142     8.2300      0.227    31.6870    23.8249 -9.990e-29
 199.780052      0.168  37.483177    13.0146     7.7913      0.167    31.6882    23.8257 -9.990e-29
 199.780058      0.102  37.481514    13.0109     7.2938      0.101    31.6897    23.8276 -9.990e-29
 199.780064      0.032  37.470477    13.0037     6.8526      0.032    31.6854    23.8257 -9.990e-29
 199.780069     -0.035  37.440973    12.9960     6.5989     -0.035    31.6641    23.8107 -9.990e-29
 199.780075     -0.088  37.358166    12.9896     6.4855     -0.087    31.5916    23.7558 -9.990e-29
 199.780081     -0.129  37.112225    12.9853     6.4898     -0.128    31.3639    23.5805 -9.990e-29
 199.780087     -0.158  36.378609    12.9830     6.5154     -0.157    30.6774    23.0499 -9.990e-29
