data/oxygen options/ONMS/Olympic_Coast_National_Marine_Sanctuary_CTD_Data_2005_2023/raw_data/2022/CAST_CE042_220623faed.cnv
* Sea-Bird SBE 19 Data File:
* FileName = C:\2022 Mooring Data\Casts\PPS\PPS_CE042_220623.hex
* Software Version SeatermAF 2.1.2
* Temperature SN = 2997
* Conductivity SN = 2997
* System UpLoad Time = Jun 23 2022 18:53:58 (localtime) = Jun 23 2022 18:53:58 (UTC)
** PPS_CE042_220623
* ds
# nquan = 9                                 
# nvalues = 3454                        
# units = specified
# name 0 = timeJ: Julian Days
# name 1 = prSM: Pressure, Strain Gauge [db]
# name 2 = c0mS/cm: Conductivity [mS/cm]
# name 3 = t090C: Temperature [ITS-90, deg C]
# name 4 = sbeox0ML/L: Oxygen, SBE 43 [ml/l]
# name 5 = depSM: Depth [salt water, m], lat = 47.5
# name 6 = sal00: Salinity, Practical [PSU]
# name 7 = sigma-é00: Density [sigma-theta, kg/m^3]
# name 8 = flag: flag
# span 0 = 174.764850, 174.784832       
# span 1 =     -6.256,     39.556       
# span 2 =   0.037477,  35.823848       
# span 3 =     7.5697,    19.6308       
# span 4 =   -12.2372,    14.9257       
# span 5 =     -6.204,     39.222       
# span 6 =     0.0252,    33.6132       
# span 7 =    -1.6992,    26.2471       
# span 8 = 0.0000e+00, 0.0000e+00       
# interval = seconds: 0.5
# start_time = Jun 23 2022 18:21:23 [Instrument's time stamp, header]
# bad_flag = -9.990e-29
*END*
[from data line 321]
 174.766707     -1.772   0.040018    17.4320    -1.8028     -1.757     0.0265    -1.2795 -9.990e-29
 174.766713     -1.748   0.040019    17.4423    -1.8042     -1.733     0.0265    -1.2814 -9.990e-29
 174.766719     -1.725   0.040019    17.4505    -1.8049     -1.711     0.0265    -1.2828 -9.990e-29
 174.766725     -1.707   0.040019    17.4541    -1.8053     -1.693     0.0265    -1.2835 -9.990e-29
 174.766730     -1.694   0.040020    17.4523    -1.8052     -1.680     0.0265    -1.2832 -9.990e-29
 174.766736     -1.683   0.040020    17.4448    -1.8045     -1.669     0.0265    -1.2818 -9.990e-29
 174.766742     -1.675   0.040020    17.4322    -1.8035     -1.661     0.0265    -1.2796 -9.990e-29
 174.766748     -1.668   0.040021    17.4140    -1.8028     -1.654     0.0265    -1.2763 -9.990e-29
 174.766753     -1.663   0.040021    17.3881    -1.8021     -1.649     0.0265    -1.2717 -9.990e-29
 174.766759     -1.659   0.040021    17.3563    -1.8017     -1.645     0.0265    -1.2660 -9.990e-29
 174.766765     -1.656   0.040021    17.3265    -1.8010     -1.642     0.0265    -1.2607 -9.990e-29
 174.766771     -1.654   0.040022    17.3058    -1.8007     -1.640     0.0265    -1.2571 -9.990e-29
 174.766777     -1.652   0.040022    17.2964    -1.8009     -1.638     0.0265    -1.2554 -9.990e-29
 174.766782     -1.651   0.040022    17.2992    -1.8015     -1.637     0.0265    -1.2559 -9.990e-29
 174.766788     -1.649   0.040023    17.3133    -1.8027     -1.635     0.0265    -1.2584 -9.990e-29
 174.766794     -1.648   0.040023    17.3330    -1.8032     -1.634     0.0265    -1.2619 -9.990e-29
 174.766800     -1.647   0.040023    17.3524    -1.8038     -1.633     0.0265    -1.2653 -9.990e-29
 174.766806     -1.646   0.040024    17.3696    -1.8037     -1.632     0.0265    -1.2684 -9.990e-29
 174.766811     -1.645   0.040024    17.3844    -1.8034     -1.631     0.0265    -1.2710 -9.990e-29
 174.766817     -1.645   0.040024    17.3963    -1.8034     -1.631     0.0265    -1.2732 -9.990e-29
 174.766823     -1.644   0.040024    17.4020    -1.8035     -1.630     0.0265    -1.2742 -9.990e-29
 174.766829     -1.642   0.040025    17.3977    -1.8035     -1.628     0.0265    -1.2734 -9.990e-29
 174.766834     -1.641   0.040025    17.3833    -1.8034     -1.627     0.0265    -1.2708 -9.990e-29
 174.766840     -1.640   0.040025    17.3640    -1.8033     -1.626     0.0265    -1.2674 -9.990e-29
 174.766846     -1.637   0.040024    17.3471    -1.8028     -1.623     0.0265    -1.2644 -9.990e-29
 174.766852     -1.635   0.040021    17.3365    -1.8025     -1.621     0.0265    -1.2625 -9.990e-29
 174.766858     -1.632   0.040012    17.3334    -1.8030     -1.618     0.0265    -1.2620 -9.990e-29
 174.766863     -1.627   0.039985    17.3349    -1.8031     -1.613     0.0265    -1.2622 -9.990e-29
 174.766869     -1.622   0.039903    17.3360    -1.8028     -1.608     0.0265    -1.2625 -9.990e-29
 174.766875     -1.615   0.039656    17.3359    -1.8030     -1.602     0.0263    -1.2625 -9.990e-29
 174.766881     -1.607   0.039468    17.3365    -1.8039     -1.594     0.0262    -1.2627 -9.990e-29
 174.766887     -1.600   0.039639    17.3390    -1.8047     -1.587     0.0263    -1.2631 -9.990e-29
 174.766892     -1.598   0.039846    17.3442    -1.8053     -1.585     0.0264    -1.2639 -9.990e-29
 174.766898     -1.598   0.039809    17.3510    -1.8056     -1.585     0.0264    -1.2652 -9.990e-29
 174.766904     -1.599   0.039481    17.3541    -1.8060     -1.586     0.0263    -1.2658 -9.990e-29
 174.766910     -1.606   0.038977    17.3516    -1.8064     -1.593     0.0260    -1.2656 -9.990e-29
 174.766916     -1.614   0.038731    17.3486    -1.8078     -1.601     0.0259    -1.2652 -9.990e-29
 174.766921     -1.621   0.038966    17.3459    -1.8091     -1.607     0.0260    -1.2646 -9.990e-29
 174.766927     -1.625   0.039442    17.3377    -1.8093     -1.611     0.0262    -1.2629 -9.990e-29
 174.766933     -1.629   0.039686    17.3221    -1.8097     -1.615     0.0264    -1.2601 -9.990e-29
 174.766939     -1.631   0.039470    17.3040    -1.8104     -1.617     0.0263    -1.2569 -9.990e-29
 174.766944     -1.633   0.039060    17.2881    -1.8105     -1.619     0.0260    -1.2543 -9.990e-29
 174.766950     -1.633   0.039014    17.2746    -1.8102     -1.619     0.0260    -1.2519 -9.990e-29
 174.766956     -1.633   0.039271    17.2608    -1.8096     -1.619     0.0262    -1.2494 -9.990e-29
 174.766962     -1.632   0.039252    17.2419    -1.8090     -1.618     0.0262    -1.2460 -9.990e-29
 174.766968     -1.630   0.038932    17.2163    -1.8095     -1.616     0.0260    -1.2416 -9.990e-29
 174.766973     -1.626   0.038620    17.1916    -1.8099     -1.612     0.0258    -1.2374 -9.990e-29
 174.766979     -1.622   0.038455    17.1741    -1.8103     -1.608     0.0258    -1.2344 -9.990e-29
 174.766985     -1.616   0.038400    17.1609    -1.8106     -1.603     0.0257    -1.2321 -9.990e-29
 174.766991     -1.609   0.038382    17.1509    -1.8104     -1.596     0.0257    -1.2303 -9.990e-29
 174.766997     -1.598   0.038376    17.1478    -1.8097     -1.585     0.0257    -1.2298 -9.990e-29
 174.767002     -1.590   0.038374    17.1524    -1.8086     -1.577     0.0257    -1.2306 -9.990e-29
 174.767008     -1.586   0.038373    17.1613    -1.8076     -1.573     0.0257    -1.2322 -9.990e-29
 174.767014     -1.582   0.038373    17.1667    -1.8070     -1.569     0.0257    -1.2331 -9.990e-29
 174.767020     -1.574   0.038374    17.1640    -1.8068     -1.561     0.0257    -1.2327 -9.990e-29
 174.767025     -1.562   0.038374    17.1564    -1.8062     -1.549     0.0257    -1.2313 -9.990e-29
 174.767031     -1.549   0.038374    17.1493    -1.8058     -1.536     0.0257    -1.2301 -9.990e-29
 174.767037     -1.539   0.038374    17.1474    -1.8048     -1.526     0.0257    -1.2297 -9.990e-29
 174.767043     -1.530   0.038374    17.1540    -1.8046     -1.517     0.0257    -1.2309 -9.990e-29
 174.767049     -1.526   0.038375    17.1695    -1.8047     -1.513     0.0257    -1.2336 -9.990e-29
 174.767054     -1.528   0.038375    17.1911    -1.8042     -1.515     0.0257    -1.2374 -9.990e-29
 174.767060     -1.527   0.038375    17.2134    -1.8035     -1.514     0.0257    -1.2413 -9.990e-29
 174.767066     -1.518   0.038375    17.2315    -1.8029     -1.505     0.0257    -1.2445 -9.990e-29
 174.767072     -1.505   0.038375    17.2460    -1.8022     -1.492     0.0257    -1.2471 -9.990e-29
 174.767078     -1.496   0.038376    17.2602    -1.8020     -1.484     0.0257    -1.2496 -9.990e-29
 174.767083     -1.490   0.038376    17.2754    -1.8021     -1.478     0.0257    -1.2523 -9.990e-29
 174.767089     -1.483   0.038376    17.2901    -1.8023     -1.471     0.0257    -1.2549 -9.990e-29
 174.767095     -1.474   0.038376    17.3010    -1.8025     -1.462     0.0257    -1.2568 -9.990e-29
 174.767101     -1.463   0.038376    17.3096    -1.8028     -1.451     0.0257    -1.2584 -9.990e-29
 174.767106     -1.453   0.038377    17.3209    -1.8035     -1.441     0.0257    -1.2604 -9.990e-29
 174.767112     -1.447   0.038377    17.3357    -1.8041     -1.435     0.0257    -1.2630 -9.990e-29
 174.767118     -1.442   0.038377    17.3517    -1.8044     -1.430     0.0257    -1.2658 -9.990e-29
 174.767124     -1.433   0.038377    17.3649    -1.8037     -1.421     0.0257    -1.2682 -9.990e-29
 174.767130     -1.423   0.038377    17.3717    -1.8028     -1.411     0.0257    -1.2694 -9.990e-29
 174.767135     -1.415   0.038378    17.3717    -1.8033     -1.403     0.0257    -1.2694 -9.990e-29
 174.767141     -1.410   0.038378    17.3674    -1.8036     -1.398     0.0257    -1.2686 -9.990e-29
 174.767147     -1.408   0.038378    17.3604    -1.8038     -1.396     0.0257    -1.2674 -9.990e-29
 174.767153     -1.407   0.038378    17.3504    -1.8032     -1.395     0.0257    -1.2656 -9.990e-29
 174.767159     -1.408   0.038378    17.3379    -1.8026     -1.396     0.0257    -1.2634 -9.990e-29
 174.767164     -1.411   0.038379    17.3271    -1.8024     -1.399     0.0257    -1.2615 -9.990e-29
 174.767170     -1.416   0.038379    17.3245    -1.8022     -1.404     0.0257    -1.2610 -9.990e-29
 174.767176     -1.420   0.038379    17.3320    -1.8021     -1.408     0.0257    -1.2623 -9.990e-29
 174.767182     -1.417   0.038379    17.3401    -1.8026     -1.405     0.0257    -1.2638 -9.990e-29
 174.767188     -1.413   0.038379    17.3402    -1.8026     -1.401     0.0257    -1.2638 -9.990e-29
 174.767193     -1.412   0.038380    17.3370    -1.8026     -1.400     0.0257    -1.2632 -9.990e-29
 174.767199     -1.412   0.038380    17.3384    -1.8030     -1.400     0.0257    -1.2635 -9.990e-29
 174.767205     -1.415   0.038380    17.3463    -1.8026     -1.403     0.0257    -1.2649 -9.990e-29
 174.767211     -1.416   0.038380    17.3568    -1.8016     -1.404     0.0257    -1.2668 -9.990e-29
 174.767216     -1.410   0.038380    17.3648    -1.7998     -1.398     0.0257    -1.2682 -9.990e-29
 174.767222     -1.403   0.038381    17.3690    -1.7987     -1.391     0.0257    -1.2689 -9.990e-29
 174.767228     -1.397   0.038381    17.3689    -1.7982     -1.385     0.0257    -1.2689 -9.990e-29
 174.767234     -1.393   0.038381    17.3656    -1.7981     -1.381     0.0257    -1.2683 -9.990e-29
 174.767240     -1.389   0.038381    17.3628    -1.7987     -1.377     0.0257    -1.2678 -9.990e-29
 174.767245     -1.386   0.038381    17.3615    -1.8001     -1.374     0.0257    -1.2676 -9.990e-29
 174.767251     -1.384   0.038382    17.3638    -1.8009     -1.372     0.0257    -1.2680 -9.990e-29
 174.767257     -1.383   0.038382    17.3760    -1.8015     -1.371     0.0257    -1.2702 -9.990e-29
 174.767263     -1.381   0.038382    17.4007    -1.8024     -1.369     0.0257    -1.2746 -9.990e-29
 174.767269     -1.380   0.038382    17.4319    -1.8030     -1.368     0.0257    -1.2801 -9.990e-29
 174.767274     -1.380   0.038382    17.4583    -1.8030     -1.368     0.0257    -1.2849 -9.990e-29
 174.767280     -1.379   0.038383    17.4729    -1.8028     -1.367     0.0257    -1.2875 -9.990e-29
 174.767286     -1.379   0.038383    17.4733    -1.8028     -1.367     0.0257    -1.2876 -9.990e-29
 174.767292     -1.378   0.038383    17.4591    -1.8034     -1.367     0.0257    -1.2850 -9.990e-29
 174.767297     -1.378   0.038383    17.4359    -1.8038     -1.367     0.0257    -1.2809 -9.990e-29
 174.767303     -1.378   0.038383    17.4127    -1.8040     -1.367     0.0257    -1.2767 -9.990e-29
 174.767309     -1.377   0.038384    17.3921    -1.8043     -1.366     0.0257    -1.2730 -9.990e-29
 174.767315     -1.377   0.038384    17.3737    -1.8051     -1.366     0.0257    -1.2698 -9.990e-29
 174.767321     -1.377   0.038384    17.3606    -1.8053     -1.366     0.0257    -1.2674 -9.990e-29
 174.767326     -1.376   0.038384    17.3548    -1.8047     -1.365     0.0257    -1.2664 -9.990e-29
 174.767332     -1.376   0.038384    17.3528    -1.8044     -1.365     0.0257    -1.2660 -9.990e-29
 174.767338     -1.376   0.038385    17.3486    -1.8039     -1.365     0.0257    -1.2653 -9.990e-29
 174.767344     -1.376   0.038385    17.3399    -1.8034     -1.365     0.0257    -1.2637 -9.990e-29
 174.767350     -1.375   0.038385    17.3298    -1.8035     -1.364     0.0257    -1.2619 -9.990e-29
 174.767355     -1.375   0.038385    17.3205    -1.8038     -1.364     0.0257    -1.2603 -9.990e-29
 174.767361     -1.374   0.038385    17.3101    -1.8043     -1.363     0.0257    -1.2584 -9.990e-29
 174.767367     -1.373   0.038386    17.3003    -1.8046     -1.362     0.0257    -1.2567 -9.990e-29
 174.767373     -1.372   0.038386    17.2976    -1.8052     -1.361     0.0257    -1.2562 -9.990e-29
 174.767378     -1.371   0.038386    17.3034    -1.8055     -1.360     0.0257    -1.2573 -9.990e-29
 174.767384     -1.369   0.038386    17.3132    -1.8061     -1.358     0.0257    -1.2590 -9.990e-29
 174.767390     -1.367   0.038386    17.3235    -1.8061     -1.356     0.0257    -1.2608 -9.990e-29
 174.767396     -1.364   0.038387    17.3304    -1.8051     -1.353     0.0257    -1.2621 -9.990e-29
 174.767402     -1.360   0.038387    17.3306    -1.8040     -1.349     0.0257    -1.2621 -9.990e-29
 174.767407     -1.356   0.038387    17.3248    -1.8031     -1.345     0.0257    -1.2611 -9.990e-29
 174.767413     -1.349   0.038387    17.3154    -1.8023     -1.338     0.0257    -1.2594 -9.990e-29
 174.767419     -1.346   0.038387    17.3038    -1.8016     -1.335     0.0257    -1.2573 -9.990e-29
 174.767425     -1.349   0.038388    17.2916    -1.8012     -1.338     0.0257    -1.2552 -9.990e-29
 174.767431     -1.354   0.038388    17.2808    -1.8014     -1.343     0.0257    -1.2533 -9.990e-29
 174.767436     -1.358   0.038388    17.2747    -1.8019     -1.347     0.0257    -1.2522 -9.990e-29
 174.767442     -1.361   0.038388    17.2794    -1.8023     -1.350     0.0257    -1.2530 -9.990e-29
 174.767448     -1.362   0.038388    17.2970    -1.8031     -1.351     0.0257    -1.2561 -9.990e-29
 174.767454     -1.363   0.038389    17.3210    -1.8030     -1.352     0.0257    -1.2604 -9.990e-29
 174.767459     -1.363   0.038389    17.3446    -1.8034     -1.352     0.0257    -1.2646 -9.990e-29
 174.767465     -1.362   0.038389    17.3652    -1.8042     -1.351     0.0257    -1.2682 -9.990e-29
 174.767471     -1.359   0.038389    17.3812    -1.8055     -1.348     0.0257    -1.2711 -9.990e-29
 174.767477     -1.356   0.038389    17.3893    -1.8056     -1.345     0.0257    -1.2725 -9.990e-29
 174.767483     -1.352   0.038389    17.3876    -1.8051     -1.341     0.0257    -1.2722 -9.990e-29
 174.767488     -1.346   0.038390    17.3789    -1.8049     -1.335     0.0257    -1.2707 -9.990e-29
 174.767494     -1.338   0.038390    17.3673    -1.8045     -1.327     0.0257    -1.2686 -9.990e-29
 174.767500     -1.327   0.038390    17.3558    -1.8041     -1.316     0.0257    -1.2666 -9.990e-29
 174.767506     -1.317   0.038390    17.3454    -1.8039     -1.306     0.0257    -1.2647 -9.990e-29
 174.767512     -1.312   0.038390    17.3322    -1.8046     -1.301     0.0257    -1.2624 -9.990e-29
 174.767517     -1.308   0.038391    17.3137    -1.8048     -1.297     0.0257    -1.2591 -9.990e-29
 174.767523     -1.299   0.038391    17.2964    -1.8046     -1.288     0.0257    -1.2560 -9.990e-29
 174.767529     -1.285   0.038391    17.2894    -1.8050     -1.274     0.0257    -1.2548 -9.990e-29
 174.767535     -1.269   0.038391    17.2927    -1.8056     -1.258     0.0257    -1.2554 -9.990e-29
 174.767541     -1.255   0.038391    17.3001    -1.8063     -1.245     0.0257    -1.2567 -9.990e-29
 174.767546     -1.242   0.038392    17.3081    -1.8059     -1.232     0.0257    -1.2581 -9.990e-29
 174.767552     -1.234   0.038392    17.3143    -1.8050     -1.224     0.0257    -1.2592 -9.990e-29
 174.767558     -1.229   0.038392    17.3153    -1.8043     -1.219     0.0257    -1.2594 -9.990e-29
 174.767564     -1.223   0.038392    17.3105    -1.8039     -1.213     0.0257    -1.2585 -9.990e-29
 174.767569     -1.220   0.038392    17.3050    -1.8038     -1.210     0.0257    -1.2575 -9.990e-29
 174.767575     -1.224   0.038393    17.2998    -1.8036     -1.214     0.0257    -1.2566 -9.990e-29
 174.767581     -1.235   0.038393    17.2912    -1.8033     -1.225     0.0257    -1.2551 -9.990e-29
 174.767587     -1.251   0.038393    17.2801    -1.8041     -1.241     0.0257    -1.2531 -9.990e-29
 174.767593     -1.258   0.038393    17.2744    -1.8047     -1.248     0.0257    -1.2521 -9.990e-29
 174.767598     -1.249   0.038393    17.2804    -1.8053     -1.239     0.0257    -1.2532 -9.990e-29
 174.767604     -1.233   0.038394    17.2949    -1.8059     -1.223     0.0257    -1.2557 -9.990e-29
 174.767610     -1.220   0.038394    17.3097    -1.8064     -1.210     0.0257    -1.2584 -9.990e-29
 174.767616     -1.209   0.038394    17.3208    -1.8072     -1.199     0.0257    -1.2603 -9.990e-29
 174.767622     -1.197   0.038394    17.3280    -1.8080     -1.187     0.0257    -1.2616 -9.990e-29
