data/oxygen options/ONMS/Olympic_Coast_National_Marine_Sanctuary_CTD_Data_2005_2023/raw_data/2022/CAST_KL027_220823faed.cnv
* Sea-Bird SBE 19 Data File:
* FileName = C:\2022 Mooring Data\Casts\CAST_KL027_220823.hex
* Software Version SeatermAF 2.1.2
* Temperature SN = 2997
* Conductivity SN = 2997
* System UpLoad Time = Aug 23 2022 22:29:29 (localtime) = Aug 23 2022 22:29:29 (UTC)
** CAST_KL027_220823
* ds
# nquan = 9                                 
# nvalues = 5150                        
# units = specified
# name 0 = timeJ: Julian Days
# name 1 = prSM: Pressure, Strain Gauge [db]
# name 2 = c0mS/cm: Conductivity [mS/cm]
# name 3 = t090C: Temperature [ITS-90, deg C]
# name 4 = sbeox0ML/L: Oxygen, SBE 43 [ml/l]
# name 5 = depSM: Depth [salt water, m], lat = 47.5
# name 6 = sal00: Salinity, Practical [PSU]
# name 7 = sigma-é00: Density [sigma-theta, kg/m^3]
# name 8 = flag: flag
# span 0 = 235.905000, 235.934797       
# span 1 =     -5.938,     26.598       
# span 2 =   0.442262,  40.276947       
# span 3 =     7.6907,    16.7398       
# span 4 =   -10.1994,    14.2336       
# span 5 =     -5.889,     26.374       
# span 6 =     0.2616,    33.5875       
# span 7 =    -0.9525,    26.2049       
# span 8 = 0.0000e+00, 0.0000e+00       
# interval = seconds: 0.5
# start_time = Aug 23 2022 21:43:12 [Instrument's time stamp, header]
# bad_flag = -9.990e-29
*END*
[from data line 4641]
 235.931858      0.251   0.550027    16.0204    -1.8469      0.249     0.3254    -0.8074 -9.990e-29
 235.931863      0.251   0.548882    16.0284    -1.8468      0.249     0.3246    -0.8093 -9.990e-29
 235.931869      0.251   0.546788    16.0339    -1.8467      0.249     0.3233    -0.8112 -9.990e-29
 235.931875      0.252   0.544831    16.0380    -1.8465      0.250     0.3221    -0.8128 -9.990e-29
 235.931881      0.253   0.543723    16.0421    -1.8463      0.251     0.3214    -0.8141 -9.990e-29
 235.931887      0.256   0.543093    16.0459    -1.8463      0.254     0.3210    -0.8150 -9.990e-29
 235.931892      0.260   0.542099    16.0494    -1.8466      0.258     0.3203    -0.8161 -9.990e-29
 235.931898      0.265   0.540526    16.0544    -1.8467      0.263     0.3193    -0.8176 -9.990e-29
 235.931904      0.272   0.539042    16.0618    -1.8469      0.270     0.3184    -0.8196 -9.990e-29
 235.931910      0.276   0.537883    16.0693    -1.8470      0.274     0.3176    -0.8214 -9.990e-29
 235.931916      0.275   0.536612    16.0747    -1.8468      0.273     0.3168    -0.8229 -9.990e-29
 235.931921      0.271   0.535192    16.0792    -1.8468      0.269     0.3159    -0.8244 -9.990e-29
 235.931927      0.270   0.533945    16.0837    -1.8469      0.268     0.3151    -0.8257 -9.990e-29
 235.931933      0.270   0.532870    16.0870    -1.8470      0.268     0.3144    -0.8268 -9.990e-29
 235.931939      0.273   0.531639    16.0874    -1.8471      0.271     0.3137    -0.8274 -9.990e-29
 235.931944      0.277   0.530273    16.0846    -1.8472      0.275     0.3129    -0.8276 -9.990e-29
 235.931950      0.280   0.529164    16.0804    -1.8470      0.278     0.3122    -0.8274 -9.990e-29
 235.931956      0.277   0.528495    16.0773    -1.8471      0.275     0.3118    -0.8272 -9.990e-29
 235.931962      0.271   0.527927    16.0762    -1.8472      0.269     0.3115    -0.8273 -9.990e-29
 235.931968      0.268   0.527258    16.0766    -1.8473      0.266     0.3111    -0.8276 -9.990e-29
 235.931973      0.267   0.526703    16.0765    -1.8477      0.265     0.3108    -0.8279 -9.990e-29
 235.931979      0.268   0.526075    16.0748    -1.8476      0.266     0.3104    -0.8279 -9.990e-29
 235.931985      0.270   0.525088    16.0724    -1.8474      0.268     0.3098    -0.8279 -9.990e-29
 235.931991      0.274   0.524088    16.0706    -1.8474      0.272     0.3092    -0.8281 -9.990e-29
 235.931997      0.281   0.523402    16.0703    -1.8476      0.279     0.3088    -0.8284 -9.990e-29
 235.932002      0.290   0.522670    16.0709    -1.8473      0.288     0.3083    -0.8288 -9.990e-29
 235.932008      0.299   0.521468    16.0701    -1.8473      0.297     0.3076    -0.8293 -9.990e-29
 235.932014      0.302   0.520408    16.0677    -1.8477      0.299     0.3070    -0.8293 -9.990e-29
 235.932020      0.306   0.520290    16.0643    -1.8478      0.303     0.3069    -0.8288 -9.990e-29
 235.932025      0.309   0.520403    16.0612    -1.8477      0.306     0.3070    -0.8282 -9.990e-29
 235.932031      0.308   0.519792    16.0604    -1.8475      0.305     0.3067    -0.8284 -9.990e-29
 235.932037      0.303   0.518748    16.0614    -1.8474      0.300     0.3060    -0.8291 -9.990e-29
 235.932043      0.294   0.518093    16.0616    -1.8473      0.292     0.3056    -0.8294 -9.990e-29
 235.932049      0.283   0.518062    16.0616    -1.8474      0.281     0.3056    -0.8294 -9.990e-29
 235.932054      0.276   0.518059    16.0624    -1.8475      0.274     0.3056    -0.8295 -9.990e-29
 235.932060      0.271   0.517525    16.0614    -1.8477      0.269     0.3053    -0.8296 -9.990e-29
 235.932066      0.268   0.516304    16.0581    -1.8476      0.266     0.3046    -0.8296 -9.990e-29
 235.932072      0.267   0.514981    16.0562    -1.8474      0.265     0.3038    -0.8299 -9.990e-29
 235.932078      0.267   0.514561    16.0575    -1.8471      0.265     0.3035    -0.8304 -9.990e-29
 235.932083      0.269   0.515035    16.0610    -1.8469      0.267     0.3038    -0.8307 -9.990e-29
 235.932089      0.273   0.515376    16.0640    -1.8466      0.271     0.3040    -0.8311 -9.990e-29
 235.932095      0.275   0.514932    16.0647    -1.8464      0.273     0.3037    -0.8314 -9.990e-29
 235.932101      0.271   0.514219    16.0633    -1.8466      0.269     0.3033    -0.8315 -9.990e-29
 235.932106      0.265   0.513946    16.0612    -1.8465      0.263     0.3031    -0.8313 -9.990e-29
 235.932112      0.260   0.514119    16.0602    -1.8466      0.258     0.3032    -0.8310 -9.990e-29
 235.932118      0.257   0.514414    16.0619    -1.8468      0.255     0.3034    -0.8312 -9.990e-29
 235.932124      0.255   0.514487    16.0663    -1.8469      0.253     0.3034    -0.8319 -9.990e-29
 235.932130      0.254   0.513881    16.0721    -1.8466      0.252     0.3030    -0.8331 -9.990e-29
 235.932135      0.254   0.512711    16.0777    -1.8467      0.252     0.3022    -0.8346 -9.990e-29
 235.932141      0.255   0.512185    16.0822    -1.8466      0.253     0.3019    -0.8357 -9.990e-29
 235.932147      0.256   0.513817    16.0846    -1.8465      0.254     0.3029    -0.8353 -9.990e-29
 235.932153      0.259   0.517568    16.0850    -1.8465      0.257     0.3051    -0.8336 -9.990e-29
 235.932159      0.264   0.520690    16.0847    -1.8465      0.262     0.3070    -0.8321 -9.990e-29
 235.932164      0.269   0.521255    16.0834    -1.8465      0.267     0.3074    -0.8316 -9.990e-29
 235.932170      0.273   0.520573    16.0809    -1.8467      0.271     0.3070    -0.8315 -9.990e-29
 235.932176      0.270   0.520501    16.0802    -1.8467      0.268     0.3070    -0.8314 -9.990e-29
 235.932182      0.264   0.521498    16.0815    -1.8470      0.262     0.3076    -0.8312 -9.990e-29
 235.932188      0.261   0.522679    16.0827    -1.8475      0.259     0.3083    -0.8308 -9.990e-29
 235.932193      0.258   0.523403    16.0837    -1.8473      0.256     0.3087    -0.8307 -9.990e-29
 235.932199      0.257   0.524083    16.0849    -1.8471      0.255     0.3091    -0.8305 -9.990e-29
 235.932205      0.257   0.525072    16.0854    -1.8470      0.255     0.3097    -0.8302 -9.990e-29
 235.932211      0.259   0.526030    16.0849    -1.8467      0.257     0.3103    -0.8296 -9.990e-29
 235.932216      0.261   0.526572    16.0832    -1.8466      0.259     0.3106    -0.8291 -9.990e-29
 235.932222      0.265   0.526869    16.0806    -1.8464      0.263     0.3108    -0.8285 -9.990e-29
 235.932228      0.271   0.527315    16.0769    -1.8462      0.269     0.3111    -0.8277 -9.990e-29
 235.932234      0.279   0.527953    16.0717    -1.8461      0.277     0.3115    -0.8265 -9.990e-29
 235.932240      0.289   0.528527    16.0673    -1.8461      0.287     0.3119    -0.8255 -9.990e-29
 235.932245      0.298   0.529246    16.0666    -1.8468      0.296     0.3124    -0.8250 -9.990e-29
 235.932251      0.302   0.530517    16.0690    -1.8477      0.299     0.3131    -0.8248 -9.990e-29
 235.932257      0.306   0.532375    16.0727    -1.8482      0.303     0.3142    -0.8246 -9.990e-29
 235.932263      0.310   0.534530    16.0769    -1.8486      0.307     0.3155    -0.8243 -9.990e-29
 235.932269      0.310   0.536533    16.0812    -1.8489      0.307     0.3167    -0.8241 -9.990e-29
 235.932274      0.307   0.538286    16.0852    -1.8492      0.304     0.3177    -0.8239 -9.990e-29
 235.932280      0.298   0.539915    16.0882    -1.8493      0.296     0.3187    -0.8237 -9.990e-29
 235.932286      0.290   0.541378    16.0882    -1.8496      0.288     0.3196    -0.8230 -9.990e-29
 235.932292      0.284   0.542964    16.0823    -1.8500      0.282     0.3206    -0.8212 -9.990e-29
 235.932297      0.281   0.545681    16.0687    -1.8501      0.279     0.3224    -0.8176 -9.990e-29
 235.932303      0.281   0.549831    16.0519    -1.8502      0.279     0.3250    -0.8128 -9.990e-29
 235.932309      0.284   0.554303    16.0373    -1.8499      0.282     0.3279    -0.8083 -9.990e-29
 235.932315      0.290   0.557863    16.0259    -1.8495      0.288     0.3301    -0.8046 -9.990e-29
 235.932321      0.299   0.560277    16.0167    -1.8492      0.297     0.3317    -0.8019 -9.990e-29
 235.932326      0.307   0.562551    16.0089    -1.8492      0.304     0.3331    -0.7996 -9.990e-29
 235.932332      0.307   0.565503    16.0013    -1.8492      0.304     0.3350    -0.7969 -9.990e-29
 235.932338      0.298   0.569192    15.9935    -1.8493      0.296     0.3373    -0.7938 -9.990e-29
 235.932344      0.289   0.573557    15.9868    -1.8491      0.287     0.3400    -0.7906 -9.990e-29
 235.932350      0.283   0.577774    15.9828    -1.8491      0.281     0.3426    -0.7879 -9.990e-29
 235.932355      0.280   0.580822    15.9826    -1.8491      0.278     0.3445    -0.7865 -9.990e-29
 235.932361      0.280   0.583445    15.9865    -1.8490      0.278     0.3461    -0.7859 -9.990e-29
 235.932367      0.282   0.586926    15.9924    -1.8493      0.280     0.3482    -0.7852 -9.990e-29
 235.932373      0.282   0.590923    15.9970    -1.8493      0.280     0.3506    -0.7841 -9.990e-29
 235.932378      0.277   0.594125    15.9991    -1.8494      0.275     0.3525    -0.7830 -9.990e-29
 235.932384      0.269   0.595818    15.9998    -1.8495      0.267     0.3535    -0.7823 -9.990e-29
 235.932390      0.264   0.596599    16.0006    -1.8494      0.262     0.3540    -0.7821 -9.990e-29
 235.932396      0.260   0.597510    16.0019    -1.8496      0.258     0.3546    -0.7819 -9.990e-29
 235.932402      0.258   0.599211    16.0027    -1.8496      0.256     0.3556    -0.7812 -9.990e-29
 235.932407      0.257   0.601202    16.0026    -1.8492      0.255     0.3568    -0.7802 -9.990e-29
 235.932413      0.257   0.602263    16.0012    -1.8489      0.255     0.3575    -0.7795 -9.990e-29
 235.932419      0.258   0.602703    15.9984    -1.8489      0.256     0.3578    -0.7788 -9.990e-29
 235.932425      0.260   0.604213    15.9959    -1.8487      0.258     0.3587    -0.7777 -9.990e-29
 235.932431      0.264   0.607146    15.9943    -1.8485      0.262     0.3605    -0.7760 -9.990e-29
 235.932436      0.270   0.609324    15.9932    -1.8483      0.268     0.3619    -0.7748 -9.990e-29
 235.932442      0.273   0.609223    15.9919    -1.8482      0.271     0.3618    -0.7746 -9.990e-29
 235.932448      0.269   0.608924    15.9900    -1.8480      0.267     0.3617    -0.7744 -9.990e-29
 235.932454      0.264   0.611903    15.9906    -1.8482      0.262     0.3635    -0.7731 -9.990e-29
 235.932459      0.260   0.618258    15.9955    -1.8480      0.258     0.3673    -0.7709 -9.990e-29
 235.932465      0.257   0.623729    16.0015    -1.8477      0.255     0.3707    -0.7694 -9.990e-29
 235.932471      0.255   0.625092    16.0057    -1.8475      0.253     0.3715    -0.7694 -9.990e-29
 235.932477      0.254   0.624166    16.0090    -1.8472      0.252     0.3709    -0.7704 -9.990e-29
 235.932483      0.255   0.625252    16.0123    -1.8469      0.253     0.3715    -0.7705 -9.990e-29
 235.932488      0.256   0.630351    16.0157    -1.8472      0.254     0.3746    -0.7686 -9.990e-29
 235.932494      0.258   0.636851    16.0194    -1.8474      0.256     0.3786    -0.7662 -9.990e-29
 235.932500      0.262   0.640686    16.0223    -1.8478      0.260     0.3809    -0.7649 -9.990e-29
 235.932506      0.266   0.641432    16.0240    -1.8480      0.264     0.3813    -0.7648 -9.990e-29
 235.932512      0.273   0.641746    16.0271    -1.8482      0.271     0.3815    -0.7652 -9.990e-29
 235.932517      0.282   0.643154    16.0321    -1.8482      0.280     0.3823    -0.7654 -9.990e-29
 235.932523      0.289   0.644767    16.0377    -1.8486      0.287     0.3833    -0.7656 -9.990e-29
 235.932529      0.291   0.645413    16.0429    -1.8490      0.289     0.3836    -0.7661 -9.990e-29
 235.932535      0.292   0.645399    16.0454    -1.8488      0.290     0.3836    -0.7666 -9.990e-29
 235.932541      0.296   0.645813    16.0432    -1.8483      0.294     0.3838    -0.7660 -9.990e-29
 235.932546      0.303   0.646655    16.0376    -1.8478      0.300     0.3844    -0.7646 -9.990e-29
 235.932552      0.315   0.647387    16.0309    -1.8480      0.312     0.3849    -0.7632 -9.990e-29
 235.932558      0.328   0.648431    16.0249    -1.8478      0.325     0.3856    -0.7616 -9.990e-29
 235.932564      0.337   0.649519    16.0205    -1.8477      0.334     0.3863    -0.7604 -9.990e-29
 235.932569      0.345   0.649333    16.0160    -1.8477      0.342     0.3863    -0.7597 -9.990e-29
 235.932575      0.346   0.647627    16.0101    -1.8472      0.343     0.3853    -0.7595 -9.990e-29
 235.932581      0.341   0.646001    16.0060    -1.8469      0.338     0.3843    -0.7596 -9.990e-29
 235.932587      0.334   0.646715    16.0077    -1.8469      0.331     0.3847    -0.7595 -9.990e-29
 235.932593      0.325   0.650168    16.0142    -1.8467      0.322     0.3868    -0.7590 -9.990e-29
 235.932598      0.316   0.654320    16.0206    -1.8464      0.313     0.3893    -0.7581 -9.990e-29
 235.932604      0.313   0.656958    16.0244    -1.8461      0.310     0.3909    -0.7575 -9.990e-29
 235.932610      0.310   0.657725    16.0269    -1.8462      0.307     0.3913    -0.7576 -9.990e-29
 235.932616      0.303   0.658197    16.0296    -1.8461      0.300     0.3916    -0.7578 -9.990e-29
 235.932622      0.296   0.660110    16.0336    -1.8458      0.294     0.3927    -0.7576 -9.990e-29
 235.932627      0.292   0.663247    16.0399    -1.8457      0.290     0.3946    -0.7572 -9.990e-29
 235.932633      0.292   0.665702    16.0461    -1.8456      0.290     0.3961    -0.7571 -9.990e-29
 235.932639      0.291   0.666873    16.0504    -1.8454      0.289     0.3967    -0.7572 -9.990e-29
 235.932645      0.285   0.668321    16.0543    -1.8454      0.283     0.3976    -0.7572 -9.990e-29
 235.932650      0.277   0.671422    16.0592    -1.8450      0.275     0.3995    -0.7566 -9.990e-29
 235.932656      0.272   0.675882    16.0639    -1.8448      0.270     0.4022    -0.7553 -9.990e-29
 235.932662      0.269   0.679899    16.0672    -1.8452      0.267     0.4046    -0.7539 -9.990e-29
 235.932668      0.267   0.681632    16.0704    -1.8459      0.265     0.4056    -0.7537 -9.990e-29
 235.932674      0.268   0.681175    16.0743    -1.8462      0.266     0.4053    -0.7545 -9.990e-29
 235.932679      0.270   0.680690    16.0777    -1.8461      0.268     0.4050    -0.7554 -9.990e-29
 235.932685      0.275   0.682298    16.0808    -1.8461      0.273     0.4059    -0.7551 -9.990e-29
 235.932691      0.281   0.685927    16.0846    -1.8458      0.279     0.4081    -0.7541 -9.990e-29
 235.932697      0.291   0.689220    16.0891    -1.8461      0.289     0.4101    -0.7533 -9.990e-29
 235.932703      0.299   0.689923    16.0932    -1.8463      0.297     0.4105    -0.7536 -9.990e-29
 235.932708      0.298   0.688419    16.0935    -1.8461      0.296     0.4096    -0.7544 -9.990e-29
 235.932714      0.289   0.686579    16.0875    -1.8460      0.287     0.4085    -0.7542 -9.990e-29
 235.932720      0.278   0.685273    16.0782    -1.8460      0.276     0.4078    -0.7533 -9.990e-29
 235.932726      0.269   0.684419    16.0717    -1.8468      0.267     0.4073    -0.7526 -9.990e-29
 235.932731      0.263   0.683432    16.0693    -1.8473      0.261     0.4068    -0.7526 -9.990e-29
 235.932737      0.258   0.682105    16.0690    -1.8474      0.256     0.4059    -0.7532 -9.990e-29
 235.932743      0.254   0.681991    16.0687    -1.8476      0.252     0.4059    -0.7532 -9.990e-29
 235.932749      0.251   0.684596    16.0671    -1.8478      0.249     0.4075    -0.7517 -9.990e-29
 235.932755      0.249   0.687858    16.0659    -1.8480      0.247     0.4095    -0.7499 -9.990e-29
 235.932760      0.248   0.688378    16.0661    -1.8481      0.246     0.4098    -0.7497 -9.990e-29
 235.932766      0.247   0.686849    16.0653    -1.8480      0.245     0.4089    -0.7503 -9.990e-29
 235.932772      0.246   0.686769    16.0600    -1.8477      0.244     0.4089    -0.7494 -9.990e-29
