data/oxygen options/ONMS/Olympic_Coast_National_Marine_Sanctuary_CTD_Data_2005_2023/raw_data/2022/CAST_TH042_220920faed.cnv
* Sea-Bird SBE 19 Data File:
* FileName = C:\2022 Mooring Data\Casts\PPS\PPS_TH042_220920.hex
* Software Version SeatermAF 2.1.2
* Temperature SN = 2997
* Conductivity SN = 2997
* System UpLoad Time = Sep 20 2022 19:19:21 (localtime) = Sep 20 2022 19:19:21 (UTC)
** PPS_TH042_220920
* ds
# nquan = 9                                 
# nvalues = 2792                        
# units = specified
# name 0 = timeJ: Julian Days
# name 1 = prSM: Pressure, Strain Gauge [db]
# name 2 = c0mS/cm: Conductivity [mS/cm]
# name 3 = t090C: Temperature [ITS-90, deg C]
# name 4 = sbeox0ML/L: Oxygen, SBE 43 [ml/l]
# name 5 = depSM: Depth [salt water, m], lat = 47.5
# name 6 = sal00: Salinity, Practical [PSU]
# name 7 = sigma-é00: Density [sigma-theta, kg/m^3]
# name 8 = flag: flag
# span 0 = 263.780660, 263.796811       
# span 1 =     -5.661,     40.941       
# span 2 =   0.466252,  37.538821       
# span 3 =     7.7181,    15.2046       
# span 4 =    -2.0036,    14.9448       
# span 5 =     -5.614,     40.595       
# span 6 =     0.2806,    33.5968       
# span 7 =    -0.7111,    26.2135       
# span 8 = 0.0000e+00, 0.0000e+00       
# interval = seconds: 0.5
# start_time = Sep 20 2022 18:44:09 [Instrument's time stamp, header]
# bad_flag = -9.990e-29
*END*
[from data line 1761]
 263.790851     33.071  34.759883     8.0528     1.1415     32.792    33.3773    25.9922 -9.990e-29
 263.790856     33.048  34.766495     8.0619     1.1435     32.770    33.3757    25.9896 -9.990e-29
 263.790862     33.011  34.773304     8.0698     1.1355     32.733    33.3754    25.9883 -9.990e-29
 263.790868     32.970  34.778161     8.0755     1.1396     32.692    33.3752    25.9873 -9.990e-29
 263.790874     32.934  34.781918     8.0787     1.1518     32.657    33.3762    25.9875 -9.990e-29
 263.790880     32.906  34.785643     8.0802     1.1435     32.629    33.3787    25.9893 -9.990e-29
 263.790885     32.883  34.788677     8.0814     1.1290     32.606    33.3808    25.9908 -9.990e-29
 263.790891     32.866  34.790560     8.0827     1.1329     32.589    33.3816    25.9912 -9.990e-29
 263.790897     32.855  34.791535     8.0837     1.1328     32.578    33.3817    25.9911 -9.990e-29
 263.790903     32.857  34.791760     8.0849     1.1389     32.580    33.3808    25.9903 -9.990e-29
 263.790909     32.869  34.792630     8.0867     1.1492     32.592    33.3800    25.9894 -9.990e-29
 263.790914     32.890  34.794162     8.0883     1.1472     32.613    33.3801    25.9892 -9.990e-29
 263.790920     32.907  34.793892     8.0894     1.1307     32.630    33.3787    25.9880 -9.990e-29
 263.790926     32.908  34.792555     8.0910     1.1246     32.631    33.3758    25.9854 -9.990e-29
 263.790932     32.890  34.793386     8.0940     1.1204     32.613    33.3738    25.9835 -9.990e-29
 263.790937     32.855  34.796347     8.0981     1.1162     32.578    33.3731    25.9823 -9.990e-29
 263.790943     32.811  34.799761     8.1022     1.1305     32.535    33.3728    25.9815 -9.990e-29
 263.790949     32.766  34.803674     8.1060     1.1326     32.490    33.3734    25.9814 -9.990e-29
 263.790955     32.731  34.807679     8.1089     1.1348     32.455    33.3749    25.9821 -9.990e-29
 263.790961     32.708  34.809249     8.1098     1.1206     32.432    33.3758    25.9826 -9.990e-29
 263.790966     32.691  34.808215     8.1097     1.1125     32.416    33.3748    25.9819 -9.990e-29
 263.790972     32.671  34.807096     8.1101     1.1124     32.396    33.3732    25.9806 -9.990e-29
 263.790978     32.646  34.807176     8.1114     1.1248     32.371    33.3721    25.9795 -9.990e-29
 263.790984     32.624  34.808536     8.1136     1.1351     32.349    33.3714    25.9787 -9.990e-29
 263.790990     32.611  34.810166     8.1156     1.1027     32.336    33.3713    25.9782 -9.990e-29
 263.790995     32.615  34.811415     8.1164     1.1260     32.340    33.3718    25.9786 -9.990e-29
 263.791001     32.641  34.812242     8.1152     1.1219     32.366    33.3738    25.9803 -9.990e-29
 263.791007     32.681  34.810926     8.1116     1.1361     32.406    33.3758    25.9824 -9.990e-29
 263.791013     32.721  34.806810     8.1070     1.1543     32.445    33.3758    25.9831 -9.990e-29
 263.791019     32.756  34.803341     8.1043     1.1005     32.480    33.3747    25.9826 -9.990e-29
 263.791024     32.788  34.803152     8.1025     1.1331     32.512    33.3762    25.9841 -9.990e-29
 263.791030     32.817  34.803726     8.0992     1.1289     32.541    33.3799    25.9875 -9.990e-29
 263.791036     32.847  34.801881     8.0933     1.1247     32.570    33.3836    25.9912 -9.990e-29
 263.791042     32.879  34.796812     8.0834     1.1410     32.602    33.3876    25.9958 -9.990e-29
 263.791047     32.912  34.786778     8.0702     1.1246     32.635    33.3894    25.9992 -9.990e-29
 263.791053     32.933  34.774061     8.0612     1.1388     32.656    33.3845    25.9966 -9.990e-29
 263.791059     32.932  34.769130     8.0617     1.1428     32.655    33.3787    25.9921 -9.990e-29
 263.791065     32.909  34.773785     8.0700     1.1387     32.632    33.3758    25.9885 -9.990e-29
 263.791071     32.871  34.780202     8.0810     1.1286     32.594    33.3722    25.9841 -9.990e-29
 263.791076     32.823  34.786828     8.0899     1.1227     32.546    33.3708    25.9817 -9.990e-29
 263.791082     32.777  34.794075     8.0961     1.1228     32.501    33.3726    25.9822 -9.990e-29
 263.791088     32.740  34.799817     8.1010     1.1249     32.464    33.3741    25.9826 -9.990e-29
 263.791094     32.717  34.802166     8.1045     1.1370     32.441    33.3733    25.9815 -9.990e-29
 263.791100     32.700  34.801989     8.1069     1.1311     32.425    33.3708    25.9792 -9.990e-29
 263.791105     32.685  34.802579     8.1089     1.1298     32.410    33.3695    25.9779 -9.990e-29
 263.791111     32.678  34.804710     8.1105     1.1203     32.403    33.3703    25.9782 -9.990e-29
 263.791117     32.693  34.807479     8.1117     1.1246     32.418    33.3721    25.9795 -9.990e-29
 263.791123     32.735  34.810090     8.1110     1.1388     32.459    33.3755    25.9823 -9.990e-29
 263.791128     32.797  34.810041     8.1075     1.1427     32.521    33.3787    25.9853 -9.990e-29
 263.791134     32.862  34.806706     8.1037     1.1443     32.585    33.3788    25.9859 -9.990e-29
 263.791140     32.918  34.804036     8.1017     1.1218     32.641    33.3778    25.9855 -9.990e-29
 263.791146     32.960  34.803509     8.0992     1.1139     32.682    33.3796    25.9872 -9.990e-29
 263.791152     32.985  34.801616     8.0905     1.1143     32.707    33.3859    25.9934 -9.990e-29
 263.791157     33.003  34.793588     8.0729     1.1185     32.725    33.3941    26.0025 -9.990e-29
 263.791163     33.026  34.778244     8.0530     1.1265     32.748    33.3967    26.0075 -9.990e-29
 263.791169     33.045  34.763692     8.0407     1.1262     32.767    33.3929    26.0063 -9.990e-29
 263.791175     33.048  34.758534     8.0387     1.1260     32.770    33.3893    26.0038 -9.990e-29
 263.791181     33.037  34.760365     8.0433     1.1096     32.759    33.3869    26.0012 -9.990e-29
 263.791186     33.023  34.763779     8.0497     1.1059     32.745    33.3844    25.9983 -9.990e-29
 263.791192     33.017  34.767162     8.0521     1.1143     32.739    33.3857    25.9990 -9.990e-29
 263.791198     33.025  34.767183     8.0470     1.1203     32.747    33.3906    26.0036 -9.990e-29
 263.791204     33.042  34.761625     8.0379     1.0870     32.764    33.3934    26.0071 -9.990e-29
 263.791209     33.061  34.755400     8.0326     1.1239     32.782    33.3918    26.0066 -9.990e-29
 263.791215     33.075  34.754209     8.0351     1.1151     32.796    33.3881    26.0033 -9.990e-29
 263.791221     33.079  34.757581     8.0414     1.1207     32.800    33.3857    26.0005 -9.990e-29
 263.791227     33.079  34.761603     8.0460     1.1288     32.800    33.3856    25.9998 -9.990e-29
 263.791233     33.082  34.763791     8.0456     1.0673     32.803    33.3883    26.0020 -9.990e-29
 263.791238     33.095  34.763141     8.0402     1.1147     32.816    33.3928    26.0062 -9.990e-29
 263.791244     33.109  34.759904     8.0357     1.1352     32.830    33.3936    26.0076 -9.990e-29
 263.791250     33.111  34.758165     8.0381     1.1476     32.832    33.3894    26.0040 -9.990e-29
 263.791256     33.093  34.761762     8.0464     1.1559     32.814    33.3854    25.9995 -9.990e-29
 263.791262     33.051  34.767643     8.0580     1.1214     32.773    33.3806    25.9941 -9.990e-29
 263.791267     32.990  34.773004     8.0719     1.1153     32.712    33.3731    25.9862 -9.990e-29
 263.791273     32.923  34.779389     8.0842     1.1317     32.646    33.3682    25.9805 -9.990e-29
 263.791279     32.867  34.786908     8.0913     1.1462     32.590    33.3695    25.9805 -9.990e-29
 263.791285     32.840  34.793823     8.0939     1.1439     32.563    33.3744    25.9839 -9.990e-29
 263.791291     32.850  34.797590     8.0931     1.1296     32.573    33.3792    25.9878 -9.990e-29
 263.791296     32.891  34.797067     8.0896     1.1177     32.614    33.3819    25.9905 -9.990e-29
 263.791302     32.955  34.794356     8.0857     1.1080     32.677    33.3827    25.9917 -9.990e-29
 263.791308     33.028  34.792559     8.0826     1.1208     32.750    33.3837    25.9929 -9.990e-29
 263.791314     33.098  34.790397     8.0791     1.1434     32.819    33.3847    25.9942 -9.990e-29
 263.791319     33.151  34.785541     8.0752     1.1412     32.872    33.3833    25.9936 -9.990e-29
 263.791325     33.179  34.781596     8.0721     1.1247     32.899    33.3820    25.9931 -9.990e-29
 263.791331     33.183  34.780580     8.0705     1.1203     32.903    33.3824    25.9937 -9.990e-29
 263.791337     33.176  34.780574     8.0702     1.0997     32.896    33.3827    25.9939 -9.990e-29
 263.791343     33.171  34.780449     8.0670     1.1120     32.892    33.3856    25.9967 -9.990e-29
 263.791348     33.176  34.777233     8.0568     1.1200     32.896    33.3919    26.0032 -9.990e-29
 263.791354     33.196  34.768879     8.0419     1.1197     32.916    33.3972    26.0095 -9.990e-29
 263.791360     33.222  34.759372     8.0293     1.1338     32.942    33.3991    26.0128 -9.990e-29
 263.791366     33.241  34.752835     8.0235     1.1317     32.961    33.3976    26.0125 -9.990e-29
 263.791372     33.240  34.750068     8.0228     1.1235     32.960    33.3953    26.0108 -9.990e-29
 263.791377     33.215  34.751298     8.0253     1.1196     32.935    33.3943    26.0096 -9.990e-29
 263.791383     33.168  34.754238     8.0299     1.1238     32.889    33.3931    26.0080 -9.990e-29
 263.791389     33.109  34.756646     8.0336     1.1198     32.830    33.3921    26.0067 -9.990e-29
 263.791395     33.048  34.759487     8.0363     1.1383     32.770    33.3926    26.0067 -9.990e-29
 263.791400     32.989  34.763747     8.0407     1.1403     32.711    33.3930    26.0063 -9.990e-29
 263.791406     32.942  34.769504     8.0484     1.1301     32.664    33.3918    26.0043 -9.990e-29
 263.791412     32.915  34.776586     8.0571     1.1199     32.638    33.3911    26.0024 -9.990e-29
 263.791418     32.912  34.782670     8.0630     1.0686     32.635    33.3919    26.0022 -9.990e-29
 263.791424     32.933  34.784102     8.0648     1.1098     32.656    33.3917    26.0018 -9.990e-29
 263.791429     32.974  34.781671     8.0638     1.1283     32.696    33.3901    26.0007 -9.990e-29
 263.791435     33.025  34.778295     8.0614     1.1509     32.747    33.3887    26.0000 -9.990e-29
 263.791441     33.078  34.774513     8.0584     1.1529     32.799    33.3875    25.9995 -9.990e-29
 263.791447     33.125  34.771440     8.0557     1.0933     32.846    33.3868    25.9993 -9.990e-29
 263.791453     33.158  34.771137     8.0540     1.0996     32.879    33.3881    26.0006 -9.990e-29
 263.791458     33.171  34.772635     8.0526     1.1097     32.892    33.3910    26.0031 -9.990e-29
 263.791464     33.168  34.772885     8.0507     1.1324     32.889    33.3931    26.0050 -9.990e-29
 263.791470     33.153  34.771655     8.0488     1.1387     32.874    33.3936    26.0057 -9.990e-29
 263.791476     33.130  34.770104     8.0470     1.1267     32.851    33.3937    26.0060 -9.990e-29
 263.791481     33.105  34.767844     8.0448     1.1208     32.826    33.3934    26.0061 -9.990e-29
 263.791487     33.082  34.765219     8.0426     1.1105     32.803    33.3927    26.0058 -9.990e-29
 263.791493     33.059  34.764329     8.0415     1.1208     32.780    33.3928    26.0061 -9.990e-29
 263.791499     33.034  34.765102     8.0411     1.1145     32.756    33.3940    26.0071 -9.990e-29
 263.791505     33.011  34.765766     8.0409     1.1225     32.733    33.3949    26.0079 -9.990e-29
 263.791510     32.996  34.766082     8.0412     1.1263     32.718    33.3950    26.0079 -9.990e-29
 263.791516     32.997  34.766471     8.0400     1.1158     32.719    33.3966    26.0093 -9.990e-29
 263.791522     33.018  34.764086     8.0346     1.1155     32.740    33.3992    26.0121 -9.990e-29
 263.791528     33.052  34.756866     8.0268     1.1029     32.774    33.3989    26.0130 -9.990e-29
 263.791534     33.089  34.749745     8.0204     1.1109     32.810    33.3974    26.0128 -9.990e-29
 263.791539     33.122  34.746110     8.0173     1.1254     32.843    33.3964    26.0125 -9.990e-29
 263.791545     33.144  34.745589     8.0174     1.1299     32.865    33.3958    26.0120 -9.990e-29
 263.791551     33.154  34.748043     8.0209     1.1322     32.875    33.3950    26.0109 -9.990e-29
 263.791557     33.147  34.752260     8.0276     1.1344     32.868    33.3931    26.0084 -9.990e-29
 263.791563     33.118  34.757135     8.0362     1.1243     32.839    33.3902    26.0048 -9.990e-29
 263.791568     33.074  34.762444     8.0457     1.1223     32.795    33.3868    26.0007 -9.990e-29
 263.791574     33.026  34.767982     8.0556     1.1288     32.748    33.3833    25.9965 -9.990e-29
 263.791580     32.979  34.772727     8.0641     1.1375     32.701    33.3802    25.9929 -9.990e-29
 263.791586     32.942  34.776283     8.0687     1.1439     32.664    33.3797    25.9918 -9.990e-29
 263.791591     32.926  34.780029     8.0676     1.1335     32.649    33.3847    25.9959 -9.990e-29
 263.791597     32.934  34.780558     8.0609     1.1249     32.657    33.3917    26.0023 -9.990e-29
 263.791603     32.963  34.774651     8.0521     1.0709     32.685    33.3938    26.0053 -9.990e-29
 263.791609     33.001  34.768432     8.0450     1.1097     32.723    33.3939    26.0064 -9.990e-29
 263.791615     33.039  34.765370     8.0405     1.1425     32.761    33.3949    26.0079 -9.990e-29
 263.791620     33.074  34.761935     8.0358     1.1674     32.795    33.3957    26.0092 -9.990e-29
 263.791626     33.109  34.755226     8.0277     1.1818     32.830    33.3962    26.0108 -9.990e-29
 263.791632     33.145  34.746378     8.0173     1.1040     32.866    33.3967    26.0127 -9.990e-29
 263.791638     33.176  34.738155     8.0093     1.1228     32.896    33.3955    26.0130 -9.990e-29
 263.791644     33.188  34.733594     8.0090     1.1206     32.908    33.3909    26.0094 -9.990e-29
 263.791649     33.173  34.737250     8.0180     1.1307     32.893    33.3863    26.0044 -9.990e-29
 263.791655     33.133  34.746711     8.0310     1.1449     32.854    33.3840    26.0007 -9.990e-29
 263.791661     33.080  34.754981     8.0403     1.1346     32.801    33.3840    25.9993 -9.990e-29
 263.791667     33.026  34.760760     8.0422     1.1326     32.748    33.3883    26.0025 -9.990e-29
 263.791672     32.986  34.763354     8.0393     1.1307     32.708    33.3939    26.0073 -9.990e-29
 263.791678     32.970  34.761179     8.0342     1.1206     32.692    33.3965    26.0100 -9.990e-29
 263.791684     32.977  34.756932     8.0282     1.1167     32.699    33.3976    26.0118 -9.990e-29
 263.791690     32.995  34.755033     8.0242     1.1212     32.717    33.3994    26.0138 -9.990e-29
 263.791696     33.006  34.755746     8.0243     1.1237     32.728    33.4001    26.0143 -9.990e-29
 263.791701     33.005  34.757214     8.0281     1.1279     32.727    33.3980    26.0122 -9.990e-29
 263.791707     32.994  34.759151     8.0325     1.1278     32.716    33.3959    26.0098 -9.990e-29
 263.791713     32.982  34.760214     8.0349     1.1192     32.704    33.3947    26.0086 -9.990e-29
 263.791719     32.977  34.759579     8.0338     1.1167     32.699    33.3951    26.0090 -9.990e-29
 263.791725     32.982  34.756956     8.0286     1.1247     32.704    33.3973    26.0115 -9.990e-29
 263.791730     32.998  34.752208     8.0214     1.1452     32.720    33.3991    26.0140 -9.990e-29
 263.791736     33.025  34.747405     8.0136     1.1616     32.747    33.4014    26.0169 -9.990e-29
 263.791742     33.062  34.742860     8.0036     1.1616     32.783    33.4061    26.0221 -9.990e-29
 263.791748     33.098  34.735310     7.9919     1.1533     32.819    33.4092    26.0262 -9.990e-29
 263.791753     33.122  34.725889     7.9845     1.1428     32.843    33.4061    26.0249 -9.990e-29
 263.791759     33.131  34.723317     7.9862     1.1305     32.852    33.4018    26.0212 -9.990e-29
 263.791765     33.126  34.728640     7.9957     1.1285     32.847    33.3984    26.0172 -9.990e-29
