data/oxygen options/ONMS/Olympic_Coast_National_Marine_Sanctuary_CTD_Data_2005_2023/raw_data/2022/CAST_MB015_220824faed.cnv
* Sea-Bird SBE 19 Data File:
* FileName = C:\2022 Mooring Data\Casts\CAST_MB015_220824.hex
* Software Version SeatermAF 2.1.2
* Temperature SN = 2997
* Conductivity SN = 2997
* System UpLoad Time = Aug 24 2022 19:04:47 (localtime) = Aug 24 2022 19:04:47 (UTC)
** CAST_MB015_220824
* ds
# nquan = 9                                 
# nvalues = 949                         
# units = specified
# name 0 = timeJ: Julian Days
# name 1 = prSM: Pressure, Strain Gauge [db]
# name 2 = c0mS/cm: Conductivity [mS/cm]
# name 3 = t090C: Temperature [ITS-90, deg C]
# name 4 = sbeox0ML/L: Oxygen, SBE 43 [ml/l]
# name 5 = depSM: Depth [salt water, m], lat = 47.5
# name 6 = sal00: Salinity, Practical [PSU]
# name 7 = sigma-é00: Density [sigma-theta, kg/m^3]
# name 8 = flag: flag
# span 0 = 236.769606, 236.775093       
# span 1 =     -5.338,     11.963       
# span 2 =   0.597627,  40.202940       
# span 3 =     9.9043,    15.4922       
# span 4 =    -1.9146,    12.1403       
# span 5 =     -5.294,     11.863       
# span 6 =     0.3672,    32.8734       
# span 7 =    -0.5806,    25.2633       
# span 8 = 0.0000e+00, 0.0000e+00       
# interval = seconds: 0.5
# start_time = Aug 24 2022 18:28:14 [Instrument's time stamp, header]
# bad_flag = -9.990e-29
*END*
[from data line 641]
 236.773316      0.320  40.110094    15.3696     6.5183      0.317    32.1479    23.6942 -9.990e-29
 236.773322      0.327  40.098978    15.3671     6.5103      0.324    32.1400    23.6886 -9.990e-29
 236.773328      0.335  40.096784    15.3670     6.5094      0.332    32.1381    23.6872 -9.990e-29
 236.773333      0.336  40.100063    15.3671     6.4724      0.333    32.1410    23.6894 -9.990e-29
 236.773339      0.331  40.102014    15.3663     6.4749      0.328    32.1434    23.6914 -9.990e-29
 236.773345      0.327  40.100793    15.3629     6.4819      0.324    32.1451    23.6934 -9.990e-29
 236.773351      0.329  40.096492    15.3563     6.4904      0.326    32.1466    23.6961 -9.990e-29
 236.773356      0.337  40.093508    15.3484     6.5114      0.334    32.1504    23.7007 -9.990e-29
 236.773362      0.350  40.088459    15.3436     6.5250      0.347    32.1498    23.7013 -9.990e-29
 236.773368      0.367  40.082501    15.3448     6.5210      0.364    32.1435    23.6962 -9.990e-29
 236.773374      0.379  40.085663    15.3471     6.5176      0.376    32.1444    23.6964 -9.990e-29
 236.773380      0.383  40.093229    15.3454     6.5214      0.380    32.1526    23.7030 -9.990e-29
 236.773385      0.383  40.098510    15.3422     6.5242      0.380    32.1599    23.7094 -9.990e-29
 236.773391      0.384  40.102421    15.3399     6.5349      0.381    32.1653    23.7140 -9.990e-29
 236.773397      0.385  40.102369    15.3375     6.5264      0.382    32.1672    23.7160 -9.990e-29
 236.773403      0.388  40.097762    15.3357     6.4889      0.385    32.1646    23.7144 -9.990e-29
 236.773409      0.386  40.092025    15.3366     6.4595      0.383    32.1587    23.7097 -9.990e-29
 236.773414      0.378  40.089879    15.3395     6.4249      0.375    32.1544    23.7057 -9.990e-29
 236.773420      0.365  40.092984    15.3411     6.4056      0.362    32.1559    23.7065 -9.990e-29
 236.773426      0.355  40.093748    15.3360     6.4073      0.352    32.1608    23.7114 -9.990e-29
 236.773432      0.354  40.083139    15.3188     6.4111      0.351    32.1654    23.7187 -9.990e-29
 236.773438      0.359  40.053779    15.2909     6.4250      0.356    32.1620    23.7221 -9.990e-29
 236.773443      0.368  40.015330    15.2695     6.4456      0.365    32.1451    23.7138 -9.990e-29
 236.773449      0.372  40.001206    15.2687     6.4810      0.369    32.1331    23.7047 -9.990e-29
 236.773455      0.367  40.014470    15.2773     6.5191      0.364    32.1379    23.7066 -9.990e-29
 236.773461      0.358  40.026875    15.2804     6.5042      0.355    32.1465    23.7125 -9.990e-29
 236.773466      0.352  40.025851    15.2790     6.5391      0.349    32.1467    23.7130 -9.990e-29
 236.773472      0.349  40.015683    15.2794     6.5405      0.346    32.1373    23.7056 -9.990e-29
 236.773478      0.345  40.020410    15.2870     6.5272      0.342    32.1353    23.7024 -9.990e-29
 236.773484      0.343  40.046931    15.3029     6.4969      0.340    32.1460    23.7072 -9.990e-29
 236.773490      0.348  40.070667    15.3219     6.4264      0.345    32.1517    23.7075 -9.990e-29
 236.773495      0.359  40.079021    15.3342     6.4536      0.356    32.1491    23.7028 -9.990e-29
 236.773501      0.374  40.066356    15.3218     6.4631      0.371    32.1479    23.7046 -9.990e-29
 236.773507      0.385  40.032087    15.2804     6.4776      0.382    32.1511    23.7161 -9.990e-29
 236.773513      0.388  40.001195    15.2373     6.4934      0.385    32.1588    23.7313 -9.990e-29
 236.773519      0.383  39.992505    15.2137     6.4878      0.380    32.1704    23.7453 -9.990e-29
 236.773524      0.370  39.987172    15.2009     6.4917      0.367    32.1761    23.7525 -9.990e-29
 236.773530      0.353  39.973070    15.1931     6.5079      0.350    32.1699    23.7494 -9.990e-29
 236.773536      0.339  39.966185    15.1974     6.5237      0.336    32.1602    23.7410 -9.990e-29
 236.773542      0.331  39.975875    15.2088     6.5275      0.328    32.1595    23.7380 -9.990e-29
 236.773547      0.330  39.990433    15.2205     6.5131      0.327    32.1629    23.7381 -9.990e-29
 236.773553      0.333  40.000162    15.2356     6.4778      0.330    32.1593    23.7321 -9.990e-29
 236.773559      0.343  40.008544    15.2514     6.4433      0.340    32.1538    23.7244 -9.990e-29
 236.773565      0.356  40.016145    15.2603     6.4325      0.353    32.1533    23.7221 -9.990e-29
 236.773571      0.362  40.019129    15.2617     6.4379      0.359    32.1549    23.7230 -9.990e-29
 236.773576      0.360  40.012545    15.2532     6.4593      0.357    32.1559    23.7257 -9.990e-29
 236.773582      0.352  39.993260    15.2292     6.4731      0.349    32.1583    23.7327 -9.990e-29
 236.773588      0.347  39.964189    15.1950     6.4635      0.344    32.1603    23.7417 -9.990e-29
 236.773594      0.350  39.936499    15.1665     6.4659      0.347    32.1589    23.7467 -9.990e-29
 236.773600      0.355  39.923754    15.1525     6.4702      0.352    32.1589    23.7498 -9.990e-29
 236.773605      0.355  39.923564    15.1502     6.4673      0.352    32.1606    23.7516 -9.990e-29
 236.773611      0.349  39.927861    15.1569     6.4566      0.346    32.1590    23.7489 -9.990e-29
 236.773617      0.345  39.933442    15.1716     6.4555      0.342    32.1519    23.7403 -9.990e-29
 236.773623      0.345  39.937699    15.1861     6.4569      0.342    32.1439    23.7309 -9.990e-29
 236.773628      0.342  39.941862    15.1909     6.4680      0.339    32.1437    23.7297 -9.990e-29
 236.773634      0.342  39.945919    15.1881     6.4686      0.339    32.1496    23.7349 -9.990e-29
 236.773640      0.348  39.949155    15.1855     6.4666      0.345    32.1546    23.7393 -9.990e-29
 236.773646      0.361  39.952563    15.1857     6.4779      0.358    32.1575    23.7415 -9.990e-29
 236.773652      0.378  39.956238    15.1881     6.5213      0.375    32.1588    23.7420 -9.990e-29
 236.773657      0.391  39.960635    15.1928     6.5449      0.388    32.1589    23.7411 -9.990e-29
 236.773663      0.396  39.967168    15.2009     6.5528      0.393    32.1581    23.7387 -9.990e-29
 236.773669      0.394  39.976179    15.2135     6.5587      0.391    32.1559    23.7342 -9.990e-29
 236.773675      0.385  39.987391    15.2315     6.5103      0.382    32.1512    23.7267 -9.990e-29
 236.773681      0.373  40.005705    15.2525     6.5251      0.370    32.1504    23.7215 -9.990e-29
 236.773686      0.365  40.028672    15.2742     6.5294      0.362    32.1532    23.7190 -9.990e-29
 236.773692      0.364  40.051647    15.2936     6.5371      0.361    32.1578    23.7183 -9.990e-29
 236.773698      0.372  40.078397    15.3040     6.5379      0.369    32.1732    23.7280 -9.990e-29
 236.773704      0.384  40.093063    15.3082     6.5089      0.381    32.1829    23.7345 -9.990e-29
 236.773709      0.392  40.090017    15.3175     6.5269      0.389    32.1726    23.7245 -9.990e-29
 236.773715      0.397  40.091021    15.3328     6.5308      0.394    32.1609    23.7122 -9.990e-29
 236.773721      0.404  40.099697    15.3459     6.5356      0.401    32.1580    23.7071 -9.990e-29
 236.773727      0.408  40.105229    15.3522     6.5291      0.405    32.1577    23.7055 -9.990e-29
 236.773733      0.406  40.105508    15.3523     6.5295      0.403    32.1579    23.7056 -9.990e-29
 236.773738      0.397  40.102627    15.3477     6.5383      0.394    32.1591    23.7076 -9.990e-29
 236.773744      0.386  40.096148    15.3419     6.5410      0.383    32.1581    23.7080 -9.990e-29
 236.773750      0.380  40.089806    15.3411     6.5471      0.377    32.1531    23.7043 -9.990e-29
 236.773756      0.382  40.090876    15.3461     6.5358      0.379    32.1499    23.7008 -9.990e-29
 236.773762      0.394  40.099142    15.3512     6.5207      0.391    32.1531    23.7022 -9.990e-29
 236.773767      0.411  40.105485    15.3533     6.5165      0.408    32.1571    23.7048 -9.990e-29
 236.773773      0.427  40.105508    15.3541     6.5082      0.423    32.1564    23.7041 -9.990e-29
 236.773779      0.437  40.105448    15.3554     6.5058      0.433    32.1553    23.7030 -9.990e-29
 236.773785      0.443  40.109189    15.3567     6.5281      0.439    32.1576    23.7044 -9.990e-29
 236.773791      0.445  40.113908    15.3568     6.5388      0.441    32.1617    23.7076 -9.990e-29
 236.773796      0.443  40.116409    15.3562     6.5480      0.439    32.1645    23.7098 -9.990e-29
 236.773802      0.436  40.115761    15.3561     6.5599      0.432    32.1640    23.7095 -9.990e-29
 236.773808      0.430  40.113351    15.3568     6.5543      0.426    32.1612    23.7072 -9.990e-29
 236.773814      0.431  40.111162    15.3581     6.5329      0.427    32.1582    23.7046 -9.990e-29
 236.773819      0.440  40.109009    15.3602     6.5316      0.436    32.1546    23.7013 -9.990e-29
 236.773825      0.449  40.107496    15.3632     6.5428      0.445    32.1508    23.6978 -9.990e-29
 236.773831      0.455  40.110140    15.3658     6.5465      0.451    32.1510    23.6974 -9.990e-29
 236.773837      0.457  40.114228    15.3676     6.5487      0.453    32.1532    23.6987 -9.990e-29
 236.773843      0.456  40.114489    15.3715     6.5185      0.452    32.1502    23.6955 -9.990e-29
 236.773848      0.451  40.114003    15.3776     6.4792      0.447    32.1448    23.6900 -9.990e-29
 236.773854      0.443  40.115412    15.3805     6.4441      0.439    32.1437    23.6885 -9.990e-29
 236.773860      0.431  40.115480    15.3777     6.3825      0.427    32.1460    23.6910 -9.990e-29
 236.773866      0.418  40.113104    15.3719     6.4336      0.415    32.1487    23.6942 -9.990e-29
 236.773872      0.412  40.109532    15.3624     6.4679      0.409    32.1532    23.6998 -9.990e-29
 236.773877      0.417  40.101610    15.3473     6.5061      0.414    32.1585    23.7072 -9.990e-29
 236.773883      0.430  40.088231    15.3342     6.5347      0.426    32.1573    23.7091 -9.990e-29
 236.773889      0.441  40.077828    15.3322     6.4855      0.437    32.1496    23.7036 -9.990e-29
 236.773895      0.449  40.079439    15.3370     6.5146      0.445    32.1471    23.7007 -9.990e-29
 236.773900      0.452  40.090651    15.3423     6.5251      0.448    32.1528    23.7039 -9.990e-29
 236.773906      0.452  40.101115    15.3475     6.5279      0.448    32.1579    23.7067 -9.990e-29
 236.773912      0.449  40.108458    15.3528     6.5634      0.445    32.1601    23.7072 -9.990e-29
 236.773918      0.442  40.113991    15.3578     6.5745      0.438    32.1610    23.7068 -9.990e-29
 236.773924      0.430  40.116053    15.3609     6.5918      0.426    32.1603    23.7056 -9.990e-29
 236.773929      0.414  40.117322    15.3623     6.6047      0.411    32.1603    23.7053 -9.990e-29
 236.773935      0.396  40.120538    15.3649     6.5947      0.393    32.1610    23.7053 -9.990e-29
 236.773941      0.384  40.127118    15.3722     6.5957      0.381    32.1609    23.7036 -9.990e-29
 236.773947      0.381  40.136794    15.3870     6.5998      0.378    32.1575    23.6977 -9.990e-29
 236.773953      0.387  40.145578    15.4047     6.5945      0.384    32.1508    23.6888 -9.990e-29
 236.773958      0.398  40.149415    15.4137     6.5945      0.395    32.1469    23.6838 -9.990e-29
 236.773964      0.406  40.147744    15.4123     6.5817      0.403    32.1466    23.6838 -9.990e-29
 236.773970      0.408  40.145557    15.4101     6.5807      0.405    32.1464    23.6842 -9.990e-29
 236.773976      0.404  40.146597    15.4154     6.5686      0.401    32.1430    23.6804 -9.990e-29
 236.773981      0.393  40.151616    15.4273     6.5700      0.390    32.1378    23.6738 -9.990e-29
 236.773987      0.378  40.158261    15.4365     6.5716      0.375    32.1362    23.6705 -9.990e-29
 236.773993      0.369  40.164112    15.4386     6.5657      0.366    32.1397    23.6728 -9.990e-29
 236.773999      0.367  40.168491    15.4379     6.5912      0.364    32.1442    23.6764 -9.990e-29
 236.774005      0.374  40.165959    15.4374     6.5921      0.371    32.1423    23.6751 -9.990e-29
 236.774010      0.385  40.158110    15.4387     6.5990      0.382    32.1342    23.6686 -9.990e-29
 236.774016      0.397  40.156268    15.4423     6.5918      0.394    32.1296    23.6642 -9.990e-29
 236.774022      0.410  40.162389    15.4459     6.5982      0.407    32.1322    23.6654 -9.990e-29
 236.774028      0.422  40.169989    15.4492     6.6129      0.418    32.1362    23.6678 -9.990e-29
 236.774034      0.432  40.176798    15.4547     6.6263      0.428    32.1378    23.6678 -9.990e-29
 236.774039      0.446  40.182853    15.4613     6.6401      0.442    32.1378    23.6664 -9.990e-29
 236.774045      0.460  40.186625    15.4670     6.5855      0.456    32.1365    23.6641 -9.990e-29
 236.774051      0.467  40.188589    15.4736     6.6051      0.463    32.1329    23.6599 -9.990e-29
 236.774057      0.463  40.191290    15.4804     6.5944      0.459    32.1297    23.6560 -9.990e-29
 236.774063      0.451  40.195455    15.4848     6.5931      0.447    32.1299    23.6551 -9.990e-29
 236.774068      0.440  40.199841    15.4879     6.5930      0.436    32.1312    23.6555 -9.990e-29
 236.774074      0.434  40.202940    15.4911     6.5471      0.430    32.1314    23.6549 -9.990e-29
 236.774080      0.431  40.202646    15.4922     6.5697      0.427    32.1302    23.6538 -9.990e-29
 236.774086      0.432  40.198494    15.4899     6.5571      0.428    32.1284    23.6529 -9.990e-29
 236.774091      0.433  40.194967    15.4853     6.5541      0.429    32.1290    23.6544 -9.990e-29
 236.774097      0.428  40.194017    15.4799     6.5537      0.424    32.1326    23.6583 -9.990e-29
 236.774103      0.423  40.190941    15.4727     6.5475      0.419    32.1357    23.6623 -9.990e-29
 236.774109      0.421  40.183248    15.4625     6.5347      0.417    32.1372    23.6656 -9.990e-29
 236.774115      0.422  40.174062    15.4516     6.5355      0.418    32.1379    23.6686 -9.990e-29
 236.774120      0.427  40.166196    15.4448     6.5192      0.423    32.1364    23.6689 -9.990e-29
 236.774126      0.430  40.161421    15.4441     6.5262      0.426    32.1328    23.6662 -9.990e-29
 236.774132      0.428  40.162264    15.4440     6.5258      0.424    32.1336    23.6669 -9.990e-29
 236.774138      0.426  40.165853    15.4362     6.5391      0.422    32.1432    23.6760 -9.990e-29
 236.774144      0.427  40.165688    15.4222     6.5479      0.423    32.1545    23.6877 -9.990e-29
 236.774149      0.427  40.162600    15.4121     6.5594      0.423    32.1600    23.6942 -9.990e-29
 236.774155      0.426  40.161929    15.4106     6.5517      0.422    32.1606    23.6950 -9.990e-29
 236.774161      0.428  40.163827    15.4140     6.5441      0.424    32.1595    23.6934 -9.990e-29
 236.774167      0.430  40.166265    15.4182     6.5427      0.426    32.1583    23.6915 -9.990e-29
 236.774172      0.426  40.169057    15.4217     6.5471      0.422    32.1579    23.6905 -9.990e-29
 236.774178      0.422  40.171371    15.4239     6.5539      0.418    32.1582    23.6902 -9.990e-29
 236.774184      0.425  40.172296    15.4243     6.5590      0.421    32.1586    23.6905 -9.990e-29
 236.774190      0.436  40.171873    15.4241     6.5529      0.432    32.1584    23.6904 -9.990e-29
 236.774196      0.446  40.171149    15.4249     6.5432      0.442    32.1571    23.6892 -9.990e-29
 236.774201      0.453  40.171329    15.4272     6.5233      0.449    32.1554    23.6874 -9.990e-29
 236.774207      0.456  40.172580    15.4298     6.5133      0.452    32.1544    23.6860 -9.990e-29
 236.774213      0.455  40.173694    15.4302     6.5106      0.451    32.1551    23.6864 -9.990e-29
 236.774219      0.456  40.172723    15.4278     6.5157      0.452    32.1562    23.6878 -9.990e-29
 236.774225      0.462  40.168862    15.4248     6.5203      0.458    32.1552    23.6877 -9.990e-29
 236.774230      0.469  40.162496    15.4229     6.4953      0.465    32.1510    23.6849 -9.990e-29
