data/oxygen options/ONMS/Olympic_Coast_National_Marine_Sanctuary_CTD_Data_2005_2023/raw_data/2022/CAST_CE015_220919faed.cnv
* Sea-Bird SBE 19 Data File:
* FileName = C:\2022 Mooring Data\Casts\CAST_CE015_220919.hex
* Software Version SeatermAF 2.1.2
* Temperature SN = 2997
* Conductivity SN = 2997
* System UpLoad Time = Sep 19 2022 20:52:33 (localtime) = Sep 19 2022 20:52:33 (UTC)
** CAST_CE015_220919
* ds
# nquan = 9                                 
# nvalues = 958                         
# units = specified
# name 0 = timeJ: Julian Days
# name 1 = prSM: Pressure, Strain Gauge [db]
# name 2 = c0mS/cm: Conductivity [mS/cm]
# name 3 = t090C: Temperature [ITS-90, deg C]
# name 4 = sbeox0ML/L: Oxygen, SBE 43 [ml/l]
# name 5 = depSM: Depth [salt water, m], lat = 47.5
# name 6 = sal00: Salinity, Practical [PSU]
# name 7 = sigma-é00: Density [sigma-theta, kg/m^3]
# name 8 = flag: flag
# span 0 = 262.845625, 262.851163       
# span 1 =     -5.633,     14.374       
# span 2 =   0.555433,  40.152623       
# span 3 =    10.1846,    15.6992       
# span 4 =    -1.9040,    13.6103       
# span 5 =     -5.586,     14.254       
# span 6 =     0.3329,    33.3112       
# span 7 =    -0.7498,    25.4464       
# span 8 = 0.0000e+00, 0.0000e+00       
# interval = seconds: 0.5
# start_time = Sep 19 2022 20:17:42 [Instrument's time stamp, header]
# bad_flag = -9.990e-29
*END*
[from data line 481]
 262.848409      0.444  39.620108    14.0022    -1.5770      0.440    32.8457    24.5223 -9.990e-29
 262.848414      0.432  39.606969    14.0032    -1.5775      0.428    32.8327    24.5120 -9.990e-29
 262.848420      0.419  39.614050    14.0053    -1.5773      0.416    32.8374    24.5153 -9.990e-29
 262.848426      0.414  39.627253    14.0071    -1.5776      0.411    32.8481    24.5231 -9.990e-29
 262.848432      0.419  39.622339    14.0074    -1.5778      0.416    32.8433    24.5193 -9.990e-29
 262.848437      0.432  39.602299    14.0053    -1.5778      0.428    32.8266    24.5069 -9.990e-29
 262.848443      0.444  39.588249    14.0027    -1.5777      0.440    32.8158    24.4991 -9.990e-29
 262.848449      0.452  39.594526    14.0027    -1.5778      0.448    32.8216    24.5036 -9.990e-29
 262.848455      0.456  39.616803    14.0053    -1.5779      0.452    32.8400    24.5172 -9.990e-29
 262.848461      0.453  39.636593    14.0092    -1.5779      0.449    32.8549    24.5280 -9.990e-29
 262.848466      0.438  39.636018    14.0128    -1.5776      0.434    32.8513    24.5244 -9.990e-29
 262.848472      0.419  39.608159    14.0135    -1.5772      0.416    32.8250    24.5040 -9.990e-29
 262.848478      0.406  39.573612    14.0094    -1.5773      0.403    32.7966    24.4829 -9.990e-29
 262.848484      0.404  39.553588    14.0023    -1.5772      0.401    32.7841    24.4747 -9.990e-29
 262.848490      0.413  39.548303    13.9972    -1.5773      0.410    32.7836    24.4753 -9.990e-29
 262.848495      0.429  39.554644    13.9956    10.4901      0.425    32.7908    24.4812 -9.990e-29
 262.848501      0.443  39.564262    13.9957    13.5031      0.439    32.7996    24.4880 -9.990e-29
 262.848507      0.454  39.567013    13.9969    13.6103      0.450    32.8011    24.4889 -9.990e-29
 262.848513      0.461  39.562092    13.9989    11.2213      0.457    32.7949    24.4837 -9.990e-29
 262.848519      0.465  39.556961    14.0018     6.2352      0.461    32.7876    24.4775 -9.990e-29
 262.848524      0.467  39.560487    14.0045     6.2964      0.463    32.7886    24.4777 -9.990e-29
 262.848530      0.465  39.572898    14.0061     6.4783      0.461    32.7987    24.4852 -9.990e-29
 262.848536      0.462  39.584975    14.0079     6.5121      0.458    32.8083    24.4922 -9.990e-29
 262.848542      0.455  39.589293    14.0102     6.4950      0.451    32.8104    24.4933 -9.990e-29
 262.848547      0.449  39.582092    14.0116     6.4651      0.445    32.8025    24.4870 -9.990e-29
 262.848553      0.447  39.562190    14.0117     6.4344      0.443    32.7840    24.4727 -9.990e-29
 262.848559      0.451  39.540616    14.0114     6.4131      0.447    32.7644    24.4576 -9.990e-29
 262.848565      0.459  39.529533    14.0112     6.3958      0.455    32.7543    24.4498 -9.990e-29
 262.848571      0.464  39.526505    14.0109     6.3769      0.460    32.7518    24.4479 -9.990e-29
 262.848576      0.458  39.525827    14.0107     6.3613      0.454    32.7513    24.4476 -9.990e-29
 262.848582      0.445  39.526045    14.0116     6.3599      0.441    32.7507    24.4470 -9.990e-29
 262.848588      0.432  39.525780    14.0129     6.3525      0.428    32.7494    24.4457 -9.990e-29
 262.848594      0.426  39.524132    14.0137     6.3622      0.422    32.7472    24.4438 -9.990e-29
 262.848600      0.429  39.522839    14.0144     6.3639      0.425    32.7454    24.4423 -9.990e-29
 262.848605      0.434  39.523554    14.0149     6.3624      0.430    32.7456    24.4424 -9.990e-29
 262.848611      0.444  39.524441    14.0151     6.3250      0.440    32.7463    24.4428 -9.990e-29
 262.848617      0.454  39.524452    14.0156     6.3466      0.450    32.7459    24.4424 -9.990e-29
 262.848623      0.460  39.524733    14.0162     6.3442      0.456    32.7456    24.4421 -9.990e-29
 262.848628      0.464  39.525110    14.0166     6.3406      0.460    32.7456    24.4420 -9.990e-29
 262.848634      0.464  39.524418    14.0170     6.3453      0.460    32.7446    24.4412 -9.990e-29
 262.848640      0.462  39.523427    14.0174     6.2940      0.458    32.7434    24.4401 -9.990e-29
 262.848646      0.457  39.523070    14.0165     6.3279      0.453    32.7438    24.4407 -9.990e-29
 262.848652      0.453  39.521204    14.0138     6.3382      0.449    32.7444    24.4417 -9.990e-29
 262.848657      0.455  39.518155    14.0117     6.3524      0.451    32.7434    24.4413 -9.990e-29
 262.848663      0.457  39.517157    14.0114     6.3616      0.453    32.7427    24.4408 -9.990e-29
 262.848669      0.455  39.518010    14.0122     6.3515      0.451    32.7428    24.4408 -9.990e-29
 262.848675      0.451  39.519061    14.0128     6.3516      0.447    32.7433    24.4410 -9.990e-29
 262.848681      0.443  39.518921    14.0115     6.3485      0.439    32.7442    24.4420 -9.990e-29
 262.848686      0.435  39.516295    14.0072     6.3405      0.431    32.7455    24.4439 -9.990e-29
 262.848692      0.435  39.511618    14.0015     6.3490      0.431    32.7460    24.4454 -9.990e-29
 262.848698      0.447  39.506513    13.9983     6.3517      0.443    32.7440    24.4446 -9.990e-29
 262.848704      0.468  39.504833    13.9989     6.3530      0.464    32.7419    24.4428 -9.990e-29
 262.848709      0.492  39.508274    14.0013     6.3407      0.488    32.7431    24.4432 -9.990e-29
 262.848715      0.514  39.511906    14.0039     6.3451      0.510    32.7442    24.4436 -9.990e-29
 262.848721      0.536  39.513297    14.0061     6.3676      0.532    32.7436    24.4426 -9.990e-29
 262.848727      0.557  39.514314    14.0075     6.3748      0.552    32.7433    24.4422 -9.990e-29
 262.848733      0.567  39.515205    14.0085     6.3652      0.562    32.7433    24.4419 -9.990e-29
 262.848738      0.568  39.516049    14.0098     6.3462      0.563    32.7430    24.4414 -9.990e-29
 262.848744      0.569  39.517425    14.0109     6.3360      0.564    32.7433    24.4414 -9.990e-29
 262.848750      0.574  39.518937    14.0115     6.3446      0.569    32.7442    24.4420 -9.990e-29
 262.848756      0.583  39.519812    14.0117     6.3466      0.578    32.7448    24.4424 -9.990e-29
 262.848762      0.597  39.520109    14.0117     6.3482      0.592    32.7451    24.4426 -9.990e-29
 262.848767      0.608  39.519676    14.0108     6.3533      0.603    32.7455    24.4431 -9.990e-29
 262.848773      0.608  39.516826    14.0080     6.3535      0.603    32.7452    24.4435 -9.990e-29
 262.848779      0.606  39.511694    14.0047     6.3431      0.601    32.7433    24.4427 -9.990e-29
 262.848785      0.611  39.508099    14.0036     6.3326      0.606    32.7409    24.4411 -9.990e-29
 262.848791      0.617  39.507985    14.0054     6.3345      0.612    32.7393    24.4394 -9.990e-29
 262.848796      0.618  39.509529    14.0084     6.3322      0.613    32.7381    24.4379 -9.990e-29
 262.848802      0.608  39.511441    14.0101     6.3627      0.603    32.7385    24.4378 -9.990e-29
 262.848808      0.592  39.513478    14.0103     6.3693      0.587    32.7402    24.4391 -9.990e-29
 262.848814      0.578  39.514445    14.0096     6.3679      0.573    32.7417    24.4404 -9.990e-29
 262.848819      0.567  39.513403    14.0084     6.3591      0.562    32.7417    24.4407 -9.990e-29
 262.848825      0.561  39.511780    14.0077     6.3088      0.556    32.7408    24.4402 -9.990e-29
 262.848831      0.557  39.511905    14.0086     6.3449      0.552    32.7402    24.4395 -9.990e-29
 262.848837      0.557  39.513957    14.0104     6.3558      0.552    32.7406    24.4394 -9.990e-29
 262.848843      0.556  39.516201    14.0119     6.3666      0.551    32.7413    24.4397 -9.990e-29
 262.848848      0.549  39.517719    14.0131     6.3670      0.544    32.7417    24.4397 -9.990e-29
 262.848854      0.541  39.518866    14.0142     6.3341      0.536    32.7419    24.4396 -9.990e-29
 262.848860      0.534  39.520063    14.0153     6.3377      0.530    32.7420    24.4395 -9.990e-29
 262.848866      0.529  39.521237    14.0160     6.3478      0.525    32.7425    24.4398 -9.990e-29
 262.848872      0.526  39.521725    14.0163     6.3540      0.522    32.7427    24.4398 -9.990e-29
 262.848877      0.524  39.521069    14.0164     6.3579      0.520    32.7420    24.4393 -9.990e-29
 262.848883      0.522  39.520086    14.0164     6.3477      0.518    32.7411    24.4386 -9.990e-29
 262.848889      0.522  39.520282    14.0163     6.3501      0.518    32.7414    24.4388 -9.990e-29
 262.848895      0.522  39.521368    14.0163     6.3517      0.518    32.7424    24.4396 -9.990e-29
 262.848900      0.524  39.522004    14.0165     6.3528      0.520    32.7428    24.4399 -9.990e-29
 262.848906      0.526  39.521930    14.0165     6.3540      0.522    32.7427    24.4398 -9.990e-29
 262.848912      0.530  39.521058    14.0162     6.3514      0.526    32.7422    24.4395 -9.990e-29
 262.848918      0.535  39.518797    14.0155     6.3519      0.531    32.7407    24.4384 -9.990e-29
 262.848924      0.542  39.513827    14.0144     6.3449      0.537    32.7370    24.4359 -9.990e-29
 262.848929      0.551  39.509623    14.0135     6.3630      0.546    32.7339    24.4336 -9.990e-29
 262.848935      0.562  39.511799    14.0127     6.3547      0.557    32.7366    24.4359 -9.990e-29
 262.848941      0.573  39.516543    14.0118     6.3538      0.568    32.7417    24.4400 -9.990e-29
 262.848947      0.580  39.518423    14.0113     6.3392      0.575    32.7439    24.4418 -9.990e-29
 262.848953      0.582  39.518278    14.0115     6.3311      0.577    32.7436    24.4415 -9.990e-29
 262.848958      0.581  39.518166    14.0121     6.3429      0.576    32.7430    24.4409 -9.990e-29
 262.848964      0.576  39.518512    14.0125     6.3469      0.571    32.7430    24.4408 -9.990e-29
 262.848970      0.566  39.517548    14.0127     6.3654      0.561    32.7419    24.4400 -9.990e-29
 262.848976      0.556  39.513440    14.0123     6.3610      0.551    32.7385    24.4374 -9.990e-29
 262.848981      0.549  39.509690    14.0108     6.3509      0.544    32.7363    24.4360 -9.990e-29
 262.848987      0.544  39.509718    14.0090     6.3531      0.539    32.7378    24.4376 -9.990e-29
 262.848993      0.542  39.510210    14.0082     6.3505      0.537    32.7390    24.4386 -9.990e-29
 262.848999      0.542  39.508474    14.0082     6.3426      0.537    32.7374    24.4374 -9.990e-29
 262.849005      0.545  39.507248    14.0083     6.3421      0.540    32.7361    24.4364 -9.990e-29
 262.849010      0.549  39.508834    14.0080     6.2950      0.544    32.7379    24.4378 -9.990e-29
 262.849016      0.557  39.510315    14.0071     6.3451      0.552    32.7400    24.4396 -9.990e-29
 262.849022      0.567  39.510314    14.0053     6.3626      0.562    32.7415    24.4412 -9.990e-29
 262.849028      0.581  39.509403    14.0030     6.3657      0.576    32.7426    24.4425 -9.990e-29
 262.849034      0.600  39.506941    14.0010     6.3647      0.595    32.7421    24.4425 -9.990e-29
 262.849039      0.620  39.504699    13.9998     6.2959      0.615    32.7410    24.4419 -9.990e-29
 262.849045      0.634  39.504184    13.9981     6.3256      0.629    32.7420    24.4430 -9.990e-29
 262.849051      0.640  39.503040    13.9942     6.3305      0.635    32.7442    24.4456 -9.990e-29
 262.849057      0.637  39.499753    13.9892     6.3348      0.632    32.7454    24.4475 -9.990e-29
 262.849063      0.625  39.496678    13.9859     6.3384      0.620    32.7454    24.4482 -9.990e-29
 262.849068      0.607  39.495891    13.9856     6.3228      0.602    32.7450    24.4479 -9.990e-29
 262.849074      0.592  39.496914    13.9877     6.3336      0.587    32.7441    24.4468 -9.990e-29
 262.849080      0.581  39.496642    13.9896     6.3340      0.576    32.7423    24.4450 -9.990e-29
 262.849086      0.576  39.491921    13.9884     6.3309      0.571    32.7389    24.4427 -9.990e-29
 262.849091      0.575  39.485996    13.9852     6.3332      0.570    32.7362    24.4412 -9.990e-29
 262.849097      0.578  39.483312    13.9840     6.3394      0.573    32.7347    24.4403 -9.990e-29
 262.849103      0.581  39.484223    13.9856     6.3445      0.576    32.7342    24.4396 -9.990e-29
 262.849109      0.581  39.487715    13.9867     6.3521      0.576    32.7365    24.4411 -9.990e-29
 262.849115      0.581  39.490049    13.9854     6.3614      0.576    32.7397    24.4439 -9.990e-29
 262.849120      0.585  39.489305    13.9820     6.3740      0.580    32.7419    24.4463 -9.990e-29
 262.849126      0.590  39.486555    13.9760     6.3693      0.585    32.7445    24.4495 -9.990e-29
 262.849132      0.587  39.482617    13.9672     6.3560      0.582    32.7484    24.4543 -9.990e-29
 262.849138      0.577  39.478200    13.9594     6.3340      0.572    32.7509    24.4579 -9.990e-29
 262.849144      0.567  39.474103    13.9570     6.3270      0.562    32.7492    24.4571 -9.990e-29
 262.849149      0.560  39.474726    13.9590     6.3495      0.555    32.7481    24.4558 -9.990e-29
 262.849155      0.557  39.479741    13.9614     6.3524      0.552    32.7507    24.4573 -9.990e-29
 262.849161      0.557  39.481788    13.9637     6.3567      0.552    32.7506    24.4568 -9.990e-29
 262.849167      0.560  39.482442    13.9676     6.3593      0.555    32.7479    24.4539 -9.990e-29
 262.849172      0.570  39.483662    13.9712     6.3476      0.565    32.7459    24.4516 -9.990e-29
 262.849178      0.594  39.481434    13.9726     6.3428      0.589    32.7427    24.4488 -9.990e-29
 262.849184      0.622  39.478361    13.9730     6.3418      0.617    32.7395    24.4463 -9.990e-29
 262.849190      0.645  39.478155    13.9735     6.3502      0.640    32.7388    24.4457 -9.990e-29
 262.849196      0.660  39.479387    13.9744     6.3189      0.654    32.7392    24.4458 -9.990e-29
 262.849201      0.663  39.481421    13.9756     6.3376      0.657    32.7401    24.4462 -9.990e-29
 262.849207      0.650  39.484691    13.9762     6.3270      0.645    32.7426    24.4480 -9.990e-29
 262.849213      0.629  39.486798    13.9754     6.3358      0.624    32.7452    24.4502 -9.990e-29
 262.849219      0.611  39.486032    13.9735     6.3608      0.606    32.7461    24.4513 -9.990e-29
 262.849225      0.600  39.484139    13.9711     6.3233      0.595    32.7464    24.4520 -9.990e-29
 262.849230      0.595  39.482485    13.9676     6.3595      0.590    32.7479    24.4539 -9.990e-29
 262.849236      0.596  39.478827    13.9592     6.3630      0.591    32.7517    24.4585 -9.990e-29
 262.849242      0.602  39.467132    13.9451     6.3642      0.597    32.7529    24.4624 -9.990e-29
 262.849248      0.614  39.449147    13.9342     6.3696      0.609    32.7455    24.4589 -9.990e-29
 262.849253      0.628  39.439525    13.9343     6.3399      0.623    32.7365    24.4520 -9.990e-29
 262.849259      0.637  39.443895    13.9406     6.3360      0.632    32.7352    24.4496 -9.990e-29
 262.849265      0.638  39.452352    13.9454     6.3361      0.633    32.7389    24.4515 -9.990e-29
 262.849271      0.633  39.457081    13.9480     6.3583      0.628    32.7411    24.4527 -9.990e-29
 262.849277      0.633  39.457629    13.9489     6.3740      0.628    32.7408    24.4523 -9.990e-29
 262.849282      0.640  39.455254    13.9464     6.3690      0.635    32.7408    24.4527 -9.990e-29
 262.849288      0.652  39.452359    13.9426     6.3697      0.647    32.7413    24.4540 -9.990e-29
 262.849294      0.660  39.451775    13.9410     6.3551      0.654    32.7421    24.4549 -9.990e-29
 262.849300      0.660  39.453249    13.9420     6.3588      0.654    32.7426    24.4551 -9.990e-29
 262.849306      0.653  39.455345    13.9448     6.3490      0.648    32.7422    24.4542 -9.990e-29
 262.849311      0.639  39.458020    13.9482     6.3445      0.634    32.7418    24.4532 -9.990e-29
 262.849317      0.619  39.462004    13.9501     6.3463      0.614    32.7439    24.4544 -9.990e-29
 262.849323      0.603  39.464728    13.9499     6.3461      0.598    32.7466    24.4565 -9.990e-29
