data/oxygen options/ONMS/Olympic_Coast_National_Marine_Sanctuary_CTD_Data_2005_2023/raw_data/2022/CAST_KL015_220624faed.cnv
* Sea-Bird SBE 19 Data File:
* FileName = C:\2022 Mooring Data\Casts\CAST_KL015_220624.hex
* Software Version SeatermAF 2.1.2
* Temperature SN = 2997
* Conductivity SN = 2997
* System UpLoad Time = Jun 24 2022 17:46:54 (localtime) = Jun 24 2022 17:46:54 (UTC)
** CAST_KL015_220624
* ds
# nquan = 9                                 
# nvalues = 851                         
# units = specified
# name 0 = timeJ: Julian Days
# name 1 = prSM: Pressure, Strain Gauge [db]
# name 2 = c0mS/cm: Conductivity [mS/cm]
# name 3 = t090C: Temperature [ITS-90, deg C]
# name 4 = sbeox0ML/L: Oxygen, SBE 43 [ml/l]
# name 5 = depSM: Depth [salt water, m], lat = 47.5
# name 6 = sal00: Salinity, Practical [PSU]
# name 7 = sigma-é00: Density [sigma-theta, kg/m^3]
# name 8 = flag: flag
# span 0 = 175.701644, 175.706562       
# span 1 =     -2.437,     13.161       
# span 2 =   0.552177,  35.117553       
# span 3 =     7.7868,    12.9617       
# span 4 =    -2.0515,    14.8384       
# span 5 =     -2.417,     13.051       
# span 6 =     0.3576,    33.3724       
# span 7 =    -0.3002,    26.0268       
# span 8 = 0.0000e+00, 0.0000e+00       
# interval = seconds: 0.5
# start_time = Jun 24 2022 16:50:22 [Instrument's time stamp, header]
# bad_flag = -9.990e-29
*END*
[from data line 481]
 175.704427      0.268  35.081370    11.2460    -1.6889      0.266    30.8663    23.5158 -9.990e-29
 175.704433      0.268  35.094118    11.2533    -1.6888      0.266    30.8727    23.5194 -9.990e-29
 175.704439      0.275  35.113448    11.2661    -1.6886      0.273    30.8808    23.5235 -9.990e-29
 175.704444      0.292  35.117553    11.2820    -1.6881      0.290    30.8715    23.5135 -9.990e-29
 175.704450      0.316  35.104659    11.2966    -1.6882      0.313    30.8467    23.4916 -9.990e-29
 175.704456      0.341  35.086736    11.3068    -1.6881      0.338    30.8207    23.4696 -9.990e-29
 175.704462      0.360  35.073557    11.3120    -1.6881      0.357    30.8035    23.4554 -9.990e-29
 175.704468      0.370  35.073956    11.3137    -1.6881      0.367    30.8025    23.4543 -9.990e-29
 175.704473      0.371  35.088545    11.3136    -1.6881      0.368    30.8168    23.4654 -9.990e-29
 175.704479      0.363  35.100998    11.3145    -1.6885      0.360    30.8282    23.4741 -9.990e-29
 175.704485      0.350  35.094381    11.3179    -1.6887      0.347    30.8189    23.4663 -9.990e-29
 175.704491      0.340  35.076749    11.3217    -1.6888      0.337    30.7985    23.4498 -9.990e-29
 175.704497      0.336  35.067231    11.3235    -1.6886      0.333    30.7877    23.4411 -9.990e-29
 175.704502      0.339  35.072815    11.3248    -1.6882      0.336    30.7921    23.4443 -9.990e-29
 175.704508      0.343  35.087015    11.3291    -1.6881      0.340    30.8023    23.4515 -9.990e-29
 175.704514      0.346  35.095225    11.3347    -1.6886      0.343    30.8057    23.4531 -9.990e-29
 175.704520      0.351  35.089417    11.3375    -1.6892      0.348    30.7977    23.4464 -9.990e-29
 175.704525      0.359  35.076483    11.3349    -1.6891      0.356    30.7872    23.4387 -9.990e-29
 175.704531      0.367  35.067257    11.3264    -1.6885      0.364    30.7853    23.4387 -9.990e-29
 175.704537      0.373  35.065194    11.3173    -1.6886      0.370    30.7909    23.4447 -9.990e-29
 175.704543      0.376  35.071533    11.3155    -1.6887      0.373    30.7986    23.4509 -9.990e-29
 175.704549      0.370  35.081914    11.3219    -1.6896      0.367    30.8034    23.4535 -9.990e-29
 175.704554      0.359  35.083358    11.3293    -1.6900      0.356    30.7986    23.4485 -9.990e-29
 175.704560      0.352  35.074503    11.3293    -1.6896      0.349    30.7900    23.4418 -9.990e-29
 175.704566      0.352  35.066580    11.3205    -1.6896      0.349    30.7896    23.4431 -9.990e-29
 175.704572      0.355  35.065341    11.3114    -1.6895      0.352    30.7960    23.4496 -9.990e-29
 175.704578      0.357  35.068085    11.3112    -1.6893      0.354    30.7988    23.4519 -9.990e-29
 175.704583      0.358  35.070137    11.3160    -1.6887      0.355    30.7968    23.4495 -9.990e-29
 175.704589      0.357  35.068139    11.3161    -1.6888      0.354    30.7948    23.4479 -9.990e-29
 175.704595      0.361  35.063981    11.3077    -1.6888      0.358    30.7977    23.4517 -9.990e-29
 175.704601      0.372  35.061712    11.2934    -1.6887      0.369    30.8075    23.4617 -9.990e-29
 175.704606      0.387  35.062299    11.2833    -1.6885      0.384    30.8165    23.4705 -9.990e-29
 175.704612      0.398  35.066034    11.2832    11.1033      0.395    30.8202    23.4734 -9.990e-29
 175.704618      0.403  35.070123    11.2874    14.6264      0.400    30.8207    23.4730 -9.990e-29
 175.704624      0.401  35.070565    11.2931    14.8384      0.398    30.8163    23.4687 -9.990e-29
 175.704630      0.396  35.067458    11.3016    12.0690      0.393    30.8062    23.4593 -9.990e-29
 175.704635      0.397  35.064014    11.3101     6.2865      0.394    30.7958    23.4497 -9.990e-29
 175.704641      0.404  35.063556    11.3143     6.2644      0.401    30.7918    23.4459 -9.990e-29
 175.704647      0.408  35.065545    11.3163     6.4219      0.405    30.7921    23.4457 -9.990e-29
 175.704653      0.406  35.067103    11.3187     6.4836      0.403    30.7916    23.4449 -9.990e-29
 175.704659      0.398  35.065898    11.3179     6.4724      0.395    30.7911    23.4447 -9.990e-29
 175.704664      0.387  35.060952    11.3090     6.4644      0.384    30.7937    23.4483 -9.990e-29
 175.704670      0.381  35.052467    11.2891     6.4452      0.378    30.8020    23.4583 -9.990e-29
 175.704676      0.384  35.039281    11.2629     6.3989      0.381    30.8110    23.4699 -9.990e-29
 175.704682      0.392  35.024607    11.2431     6.3811      0.389    30.8133    23.4751 -9.990e-29
 175.704688      0.397  35.016392    11.2367     6.3749      0.394    30.8106    23.4741 -9.990e-29
 175.704693      0.394  35.016070    11.2404     6.3612      0.391    30.8072    23.4708 -9.990e-29
 175.704699      0.385  35.019358    11.2497     6.3623      0.382    30.8026    23.4656 -9.990e-29
 175.704705      0.372  35.022310    11.2619     6.3640      0.369    30.7953    23.4578 -9.990e-29
 175.704711      0.368  35.024454    11.2707     6.3633      0.365    30.7901    23.4522 -9.990e-29
 175.704716      0.376  35.023120    11.2693     6.3464      0.373    30.7899    23.4523 -9.990e-29
 175.704722      0.388  35.016042    11.2626     6.3433      0.385    30.7886    23.4525 -9.990e-29
 175.704728      0.402  35.011778    11.2567     6.3002      0.399    30.7894    23.4541 -9.990e-29
 175.704734      0.412  35.014233    11.2500     6.3116      0.409    30.7974    23.4615 -9.990e-29
 175.704740      0.417  35.016667    11.2456     6.3188      0.414    30.8034    23.4670 -9.990e-29
 175.704745      0.416  35.016795    11.2493     6.3193      0.413    30.8004    23.4640 -9.990e-29
 175.704751      0.409  35.018778    11.2611     6.3040      0.406    30.7925    23.4558 -9.990e-29
 175.704757      0.396  35.022529    11.2818     6.2431      0.393    30.7789    23.4416 -9.990e-29
 175.704763      0.380  35.026399    11.3089     6.2693      0.377    30.7601    23.4222 -9.990e-29
 175.704769      0.369  35.032258    11.3299     6.2754      0.366    30.7483    23.4094 -9.990e-29
 175.704774      0.366  35.039595    11.3392     6.3002      0.363    30.7477    23.4073 -9.990e-29
 175.704780      0.372  35.045386    11.3448     6.2987      0.369    30.7487    23.4070 -9.990e-29
 175.704786      0.381  35.049586    11.3516     6.2803      0.378    30.7471    23.4046 -9.990e-29
 175.704792      0.386  35.053383    11.3548     6.2879      0.383    30.7482    23.4049 -9.990e-29
 175.704797      0.384  35.053510    11.3542     6.2901      0.381    30.7488    23.4054 -9.990e-29
 175.704803      0.378  35.050769    11.3541     6.3047      0.375    30.7462    23.4035 -9.990e-29
 175.704809      0.377  35.049418    11.3543     6.2979      0.374    30.7447    23.4023 -9.990e-29
 175.704815      0.380  35.049407    11.3539     6.2858      0.377    30.7450    23.4026 -9.990e-29
 175.704821      0.379  35.049672    11.3542     6.2823      0.376    30.7450    23.4025 -9.990e-29
 175.704826      0.371  35.049516    11.3557     6.2731      0.368    30.7436    23.4012 -9.990e-29
 175.704832      0.358  35.048801    11.3582     6.2837      0.355    30.7409    23.3986 -9.990e-29
 175.704838      0.348  35.048325    11.3617     6.2888      0.345    30.7375    23.3954 -9.990e-29
 175.704844      0.345  35.048644    11.3647     6.2980      0.342    30.7353    23.3931 -9.990e-29
 175.704850      0.348  35.049695    11.3647     6.3095      0.345    30.7363    23.3939 -9.990e-29
 175.704855      0.359  35.050150    11.3622     6.3010      0.356    30.7389    23.3963 -9.990e-29
 175.704861      0.373  35.048449    11.3598     6.2972      0.370    30.7392    23.3970 -9.990e-29
 175.704867      0.383  35.046315    11.3589     6.2778      0.380    30.7379    23.3961 -9.990e-29
 175.704873      0.384  35.046012    11.3593     6.2799      0.381    30.7372    23.3956 -9.990e-29
 175.704878      0.378  35.046645    11.3598     6.2779      0.375    30.7374    23.3956 -9.990e-29
 175.704884      0.368  35.046889    11.3596     6.2801      0.365    30.7378    23.3960 -9.990e-29
 175.704890      0.362  35.046579    11.3584     6.2777      0.359    30.7385    23.3968 -9.990e-29
 175.704896      0.363  35.045376    11.3551     6.2886      0.360    30.7401    23.3986 -9.990e-29
 175.704902      0.368  35.043426    11.3505     6.2883      0.365    30.7420    23.4009 -9.990e-29
 175.704907      0.373  35.042120    11.3482     6.3029      0.370    30.7427    23.4018 -9.990e-29
 175.704913      0.378  35.042028    11.3484     6.3078      0.375    30.7424    23.4015 -9.990e-29
 175.704919      0.379  35.042537    11.3489     6.3027      0.376    30.7425    23.4015 -9.990e-29
 175.704925      0.376  35.043274    11.3490     6.2971      0.373    30.7431    23.4020 -9.990e-29
 175.704931      0.377  35.043612    11.3484     6.2967      0.374    30.7440    23.4027 -9.990e-29
 175.704936      0.387  35.042953    11.3474     6.3052      0.384    30.7442    23.4031 -9.990e-29
 175.704942      0.402  35.041609    11.3468     6.2584      0.399    30.7433    23.4025 -9.990e-29
 175.704948      0.415  35.040659    11.3460     6.2835      0.412    30.7431    23.4025 -9.990e-29
 175.704954      0.422  35.040589    11.3437     6.2881      0.418    30.7449    23.4043 -9.990e-29
 175.704959      0.423  35.040255    11.3392     6.3001      0.419    30.7483    23.4077 -9.990e-29
 175.704965      0.424  35.038722    11.3337     6.3249      0.420    30.7514    23.4111 -9.990e-29
 175.704971      0.427  35.035699    11.3282     6.2591      0.423    30.7531    23.4133 -9.990e-29
 175.704977      0.434  35.031703    11.3234     6.3037      0.430    30.7532    23.4143 -9.990e-29
 175.704983      0.445  35.028197    11.3201     6.3077      0.441    30.7525    23.4143 -9.990e-29
 175.704988      0.452  35.023936    11.3176     6.3282      0.448    30.7504    23.4132 -9.990e-29
 175.704994      0.446  35.020590    11.3157     6.3407      0.442    30.7487    23.4122 -9.990e-29
 175.705000      0.433  35.021607    11.3120     6.3229      0.429    30.7528    23.4160 -9.990e-29
 175.705006      0.419  35.023375    11.3016     6.3246      0.416    30.7632    23.4259 -9.990e-29
 175.705012      0.412  35.022161    11.2842     6.3171      0.409    30.7765    23.4393 -9.990e-29
 175.705017      0.412  35.016979    11.2687     6.3153      0.409    30.7844    23.4482 -9.990e-29
 175.705023      0.410  35.012187    11.2637     6.3041      0.407    30.7839    23.4486 -9.990e-29
 175.705029      0.402  35.013226    11.2665     6.3094      0.399    30.7826    23.4471 -9.990e-29
 175.705035      0.391  35.016507    11.2711     6.3037      0.388    30.7820    23.4458 -9.990e-29
 175.705041      0.386  35.018074    11.2760     6.3031      0.383    30.7794    23.4430 -9.990e-29
 175.705046      0.390  35.018407    11.2807     6.2898      0.387    30.7758    23.4394 -9.990e-29
 175.705052      0.400  35.018585    11.2839     6.2921      0.397    30.7733    23.4369 -9.990e-29
 175.705058      0.407  35.019474    11.2864     6.2976      0.404    30.7721    23.4355 -9.990e-29
 175.705064      0.407  35.021211    11.2898     6.2942      0.404    30.7710    23.4340 -9.990e-29
 175.705069      0.406  35.023383    11.2940     6.2969      0.403    30.7696    23.4322 -9.990e-29
 175.705075      0.406  35.025037    11.2981     6.2933      0.403    30.7678    23.4301 -9.990e-29
 175.705081      0.409  35.025649    11.3016     6.2951      0.406    30.7654    23.4276 -9.990e-29
 175.705087      0.413  35.026106    11.3044     6.2914      0.410    30.7636    23.4257 -9.990e-29
 175.705093      0.416  35.027090    11.3073     6.2827      0.413    30.7621    23.4240 -9.990e-29
 175.705098      0.418  35.028304    11.3096     6.2942      0.415    30.7614    23.4231 -9.990e-29
 175.705104      0.422  35.029758    11.3101     6.2915      0.418    30.7624    23.4237 -9.990e-29
 175.705110      0.429  35.030659    11.3088     6.2966      0.425    30.7643    23.4255 -9.990e-29
 175.705116      0.440  35.030041    11.3079     6.3052      0.436    30.7645    23.4258 -9.990e-29
 175.705122      0.450  35.029391    11.3089     6.2879      0.446    30.7630    23.4245 -9.990e-29
 175.705127      0.457  35.029593    11.3102     6.2876      0.453    30.7621    23.4235 -9.990e-29
 175.705133      0.461  35.029865    11.3103     6.2927      0.457    30.7623    23.4237 -9.990e-29
 175.705139      0.462  35.030081    11.3102     6.2940      0.458    30.7626    23.4239 -9.990e-29
 175.705145      0.460  35.030402    11.3116     6.3075      0.456    30.7617    23.4230 -9.990e-29
 175.705150      0.455  35.030718    11.3145     6.3152      0.451    30.7596    23.4208 -9.990e-29
 175.705156      0.446  35.030674    11.3148     6.2710      0.442    30.7593    23.4206 -9.990e-29
 175.705162      0.438  35.029584    11.3099     6.2985      0.434    30.7623    23.4238 -9.990e-29
 175.705168      0.434  35.025729    11.3029     6.3022      0.430    30.7644    23.4266 -9.990e-29
 175.705174      0.430  35.020048    11.2981     6.2996      0.426    30.7629    23.4263 -9.990e-29
 175.705179      0.421  35.017207    11.2967     6.3151      0.417    30.7613    23.4253 -9.990e-29
 175.705185      0.406  35.018379    11.2977     6.2641      0.403    30.7616    23.4253 -9.990e-29
 175.705191      0.389  35.020563    11.2992     6.2867      0.386    30.7625    23.4258 -9.990e-29
 175.705197      0.377  35.021553    11.2991     6.3025      0.374    30.7635    23.4266 -9.990e-29
 175.705203      0.374  35.021470    11.2961     6.3092      0.371    30.7660    23.4290 -9.990e-29
 175.705208      0.379  35.020686    11.2887     6.3114      0.376    30.7714    23.4345 -9.990e-29
 175.705214      0.389  35.018635    11.2784     6.3086      0.386    30.7780    23.4414 -9.990e-29
 175.705220      0.396  35.016423    11.2745     6.3100      0.393    30.7791    23.4430 -9.990e-29
 175.705226      0.396  35.016619    11.2803     6.3158      0.393    30.7744    23.4383 -9.990e-29
 175.705231      0.388  35.018844    11.2882     6.3261      0.385    30.7700    23.4335 -9.990e-29
 175.705237      0.377  35.020383    11.2922     6.3039      0.374    30.7682    23.4314 -9.990e-29
 175.705243      0.371  35.020408    11.2922     6.2963      0.368    30.7682    23.4314 -9.990e-29
 175.705249      0.373  35.019997    11.2909     6.2866      0.370    30.7689    23.4322 -9.990e-29
 175.705255      0.379  35.020202    11.2901     6.2849      0.376    30.7697    23.4330 -9.990e-29
 175.705260      0.382  35.021219    11.2904     6.2843      0.379    30.7705    23.4335 -9.990e-29
 175.705266      0.380  35.022082    11.2888     6.2767      0.377    30.7726    23.4355 -9.990e-29
 175.705272      0.384  35.021063    11.2785     6.2926      0.381    30.7802    23.4432 -9.990e-29
 175.705278      0.392  35.016722    11.2597     6.3060      0.389    30.7917    23.4554 -9.990e-29
 175.705284      0.397  35.011595    11.2478     6.3146      0.394    30.7966    23.4613 -9.990e-29
 175.705289      0.395  35.011085    11.2551     6.3164      0.392    30.7900    23.4549 -9.990e-29
 175.705295      0.386  35.014988    11.2727     6.3075      0.383    30.7792    23.4434 -9.990e-29
 175.705301      0.374  35.018904    11.2860     6.2955      0.371    30.7719    23.4354 -9.990e-29
 175.705307      0.365  35.020694    11.2921     6.2924      0.362    30.7685    23.4317 -9.990e-29
 175.705312      0.361  35.020431    11.2939     6.2920      0.358    30.7668    23.4300 -9.990e-29
 175.705318      0.356  35.019926    11.2940     6.2942      0.353    30.7662    23.4296 -9.990e-29
 175.705324      0.353  35.020670    11.2912     6.2971      0.350    30.7693    23.4324 -9.990e-29
 175.705330      0.359  35.021335    11.2836     6.2918      0.356    30.7763    23.4392 -9.990e-29
 175.705336      0.371  35.020487    11.2730     6.2907      0.368    30.7843    23.4473 -9.990e-29
 175.705341      0.388  35.018037    11.2649     6.2762      0.385    30.7886    23.4521 -9.990e-29
