data/oxygen options/ONMS/Olympic_Coast_National_Marine_Sanctuary_CTD_Data_2005_2023/raw_data/2022/CAST_TH015_220522faed.cnv
* Sea-Bird SBE 19 Data File:
* FileName = C:\2022 Mooring Data\Casts\CAST_TH015_220522.hex
* Software Version SeatermAF 2.1.2
* Temperature SN = 2997
* Conductivity SN = 2997
* System UpLoad Time = May 22 2022 23:44:32 (localtime) = May 22 2022 23:44:32 (UTC)
** CAST_TH015_220522
* ds
# nquan = 9                                 
# nvalues = 855                         
# units = specified
# name 0 = timeJ: Julian Days
# name 1 = prSM: Pressure, Strain Gauge [db]
# name 2 = c0mS/cm: Conductivity [mS/cm]
# name 3 = t090C: Temperature [ITS-90, deg C]
# name 4 = sbeox0ML/L: Oxygen, SBE 43 [ml/l]
# name 5 = depSM: Depth [salt water, m], lat = 47.5
# name 6 = sal00: Salinity, Practical [PSU]
# name 7 = sigma-é00: Density [sigma-theta, kg/m^3]
# name 8 = flag: flag
# span 0 = 142.978623, 142.983565       
# span 1 =     -5.994,     13.226       
# span 2 =   0.167279,  34.400532       
# span 3 =     9.8900,    13.1402       
# span 4 =    -1.9916,    14.5795       
# span 5 =     -5.944,     13.115       
# span 6 =     0.1047,    31.3380       
# span 7 =    -0.5564,    24.1121       
# span 8 = 0.0000e+00, 0.0000e+00       
# interval = seconds: 0.5
# start_time = May 22 2022 23:29:13 [Instrument's time stamp, header]
# bad_flag = -9.990e-29
*END*
[from data line 481]
 142.981406     -0.364  31.690341    11.7092    -1.7116     -0.361    27.2368    20.6188 -9.990e-29
 142.981412     -0.365  31.641447    11.7109    11.0470     -0.362    27.1892    20.5816 -9.990e-29
 142.981418     -0.370  31.647611    11.7124    14.3986     -0.367    27.1939    20.5850 -9.990e-29
 142.981424     -0.376  31.705849    11.7133    14.5795     -0.373    27.2486    20.6272 -9.990e-29
 142.981429     -0.373  31.747121    11.7146    11.9414     -0.370    27.2868    20.6566 -9.990e-29
 142.981435     -0.363  31.755912    11.7163     6.4176     -0.360    27.2939    20.6618 -9.990e-29
 142.981441     -0.352  31.739466    11.7181     6.5688     -0.349    27.2770    20.6484 -9.990e-29
 142.981447     -0.344  31.705537    11.7202     6.7982     -0.341    27.2432    20.6219 -9.990e-29
 142.981453     -0.339  31.680558    11.7226     6.8756     -0.336    27.2177    20.6017 -9.990e-29
 142.981458     -0.336  31.679380    11.7245     6.8780     -0.333    27.2152    20.5994 -9.990e-29
 142.981464     -0.336  31.696519    11.7250     6.8449     -0.333    27.2311    20.6117 -9.990e-29
 142.981470     -0.338  31.716764    11.7247     6.8166     -0.335    27.2506    20.6268 -9.990e-29
 142.981476     -0.343  31.729042    11.7257     6.7850     -0.340    27.2615    20.6351 -9.990e-29
 142.981481     -0.350  31.727897    11.7291     6.7414     -0.347    27.2579    20.6317 -9.990e-29
 142.981487     -0.360  31.710128    11.7334     6.7226     -0.357    27.2379    20.6155 -9.990e-29
 142.981493     -0.370  31.683964    11.7366     6.7078     -0.367    27.2107    20.5939 -9.990e-29
 142.981499     -0.371  31.648679    11.7389     6.6969     -0.368    27.1756    20.5662 -9.990e-29
 142.981505     -0.365  31.602586    11.7411     6.6927     -0.362    27.1302    20.5307 -9.990e-29
 142.981510     -0.358  31.569893    11.7431     6.6737     -0.355    27.0978    20.5052 -9.990e-29
 142.981516     -0.354  31.562445    11.7454     6.6757     -0.351    27.0890    20.4980 -9.990e-29
 142.981522     -0.350  31.563038    11.7481     6.6706     -0.347    27.0876    20.4965 -9.990e-29
 142.981528     -0.341  31.559594    11.7507     6.6322     -0.338    27.0824    20.4920 -9.990e-29
 142.981534     -0.330  31.545851    11.7527     6.6538     -0.327    27.0680    20.4805 -9.990e-29
 142.981539     -0.320  31.525325    11.7545     6.6525     -0.317    27.0472    20.4640 -9.990e-29
 142.981545     -0.317  31.514323    11.7566     6.6493     -0.314    27.0352    20.4544 -9.990e-29
 142.981551     -0.323  31.511062    11.7592     6.6606     -0.320    27.0302    20.4501 -9.990e-29
 142.981557     -0.334  31.499442    11.7621     6.6098     -0.331    27.0171    20.4395 -9.990e-29
 142.981563     -0.344  31.477414    11.7643     6.6502     -0.341    26.9947    20.4217 -9.990e-29
 142.981568     -0.348  31.458723    11.7648     6.6744     -0.345    26.9766    20.4076 -9.990e-29
 142.981574     -0.346  31.453168    11.7642     6.6821     -0.343    26.9718    20.4039 -9.990e-29
 142.981580     -0.338  31.464546    11.7641     6.6948     -0.335    26.9826    20.4124 -9.990e-29
 142.981586     -0.329  31.485641    11.7646     6.6659     -0.326    27.0022    20.4275 -9.990e-29
 142.981591     -0.322  31.493638    11.7644     6.6648     -0.319    27.0100    20.4335 -9.990e-29
 142.981597     -0.316  31.480732    11.7640     6.6684     -0.313    26.9980    20.4243 -9.990e-29
 142.981603     -0.311  31.458275    11.7649     6.6645     -0.308    26.9761    20.4072 -9.990e-29
 142.981609     -0.306  31.436079    11.7675     6.6624     -0.303    26.9532    20.3890 -9.990e-29
 142.981615     -0.302  31.413669    11.7704     6.6600     -0.299    26.9298    20.3704 -9.990e-29
 142.981620     -0.299  31.382447    11.7727     6.6540     -0.297    26.8986    20.3458 -9.990e-29
 142.981626     -0.295  31.351735    11.7744     6.6585     -0.293    26.8683    20.3220 -9.990e-29
 142.981632     -0.290  31.342176    11.7752     6.6717     -0.288    26.8587    20.3144 -9.990e-29
 142.981638     -0.286  31.349427    11.7754     6.6695     -0.284    26.8654    20.3196 -9.990e-29
 142.981644     -0.280  31.360212    11.7758     6.6512     -0.278    26.8753    20.3272 -9.990e-29
 142.981649     -0.277  31.366523    11.7780     6.6433     -0.275    26.8797    20.3302 -9.990e-29
 142.981655     -0.281  31.354388    11.7824     6.6411     -0.279    26.8650    20.3181 -9.990e-29
 142.981661     -0.289  31.325548    11.7861     6.6458     -0.287    26.8351    20.2943 -9.990e-29
 142.981667     -0.295  31.291942    11.7876     6.6698     -0.293    26.8022    20.2685 -9.990e-29
 142.981672     -0.297  31.256918    11.7872     6.6725     -0.295    26.7693    20.2432 -9.990e-29
 142.981678     -0.291  31.254397    11.7855     6.6622     -0.289    26.7682    20.2425 -9.990e-29
 142.981684     -0.279  31.307339    11.7843     6.6490     -0.277    26.8191    20.2822 -9.990e-29
 142.981690     -0.267  31.364854    11.7852     6.6377     -0.265    26.8729    20.3237 -9.990e-29
 142.981696     -0.252  31.375434    11.7866     6.6437     -0.250    26.8819    20.3305 -9.990e-29
 142.981701     -0.242  31.354874    11.7866     6.6512     -0.240    26.8624    20.3154 -9.990e-29
 142.981707     -0.246  31.340147    11.7856     6.6720     -0.244    26.8492    20.3053 -9.990e-29
 142.981713     -0.256  31.338495    11.7842     6.6856     -0.254    26.8487    20.3051 -9.990e-29
 142.981719     -0.262  31.346045    11.7825     6.6763     -0.260    26.8571    20.3119 -9.990e-29
 142.981725     -0.266  31.348797    11.7825     6.6748     -0.264    26.8597    20.3139 -9.990e-29
 142.981730     -0.268  31.333631    11.7859     6.6811     -0.266    26.8429    20.3003 -9.990e-29
 142.981736     -0.267  31.299927    11.7922     6.6662     -0.265    26.8064    20.2710 -9.990e-29
 142.981742     -0.265  31.248101    11.7991     6.6254     -0.263    26.7524    20.2280 -9.990e-29
 142.981748     -0.260  31.191914    11.8037     6.6606     -0.258    26.6960    20.1835 -9.990e-29
 142.981753     -0.253  31.165623    11.8043     6.6675     -0.251    26.6707    20.1638 -9.990e-29
 142.981759     -0.243  31.218152    11.8035     6.6843     -0.241    26.7209    20.2029 -9.990e-29
 142.981765     -0.234  31.287426    11.8052     6.7054     -0.232    26.7852    20.2524 -9.990e-29
 142.981771     -0.233  31.260920    11.8080     6.6356     -0.231    26.7582    20.2309 -9.990e-29
 142.981777     -0.241  31.196792    11.8080     6.6730     -0.239    26.6975    20.1839 -9.990e-29
 142.981782     -0.249  31.169100    11.8051     6.6612     -0.247    26.6734    20.1658 -9.990e-29
 142.981788     -0.254  31.174517    11.8022     6.6617     -0.252    26.6806    20.1719 -9.990e-29
 142.981794     -0.257  31.214674    11.8007     6.6748     -0.255    26.7197    20.2024 -9.990e-29
 142.981800     -0.256  31.254109    11.7998     6.6606     -0.254    26.7576    20.2319 -9.990e-29
 142.981806     -0.253  31.255275    11.7988     6.6650     -0.251    26.7594    20.2335 -9.990e-29
 142.981811     -0.246  31.216376    11.7993     6.6668     -0.244    26.7223    20.2046 -9.990e-29
 142.981817     -0.237  31.190800    11.8011     6.6597     -0.235    26.6968    20.1846 -9.990e-29
 142.981823     -0.227  31.202113    11.8029     6.6473     -0.225    26.7062    20.1915 -9.990e-29
 142.981829     -0.226  31.184792    11.8049     6.6562     -0.224    26.6884    20.1774 -9.990e-29
 142.981834     -0.232  31.137022    11.8072     6.6735     -0.230    26.6416    20.1408 -9.990e-29
 142.981840     -0.239  31.105401    11.8086     6.6814     -0.237    26.6107    20.1166 -9.990e-29
 142.981846     -0.242  31.088640    11.8090     6.6566     -0.240    26.5946    20.1040 -9.990e-29
 142.981852     -0.241  31.076715    11.8092     6.6632     -0.239    26.5832    20.0952 -9.990e-29
 142.981858     -0.237  31.075567    11.8099     6.6678     -0.235    26.5816    20.0938 -9.990e-29
 142.981863     -0.233  31.078074    11.8109     6.6621     -0.231    26.5833    20.0949 -9.990e-29
 142.981869     -0.233  31.068551    11.8126     6.6683     -0.231    26.5730    20.0867 -9.990e-29
 142.981875     -0.237  31.051102    11.8147     6.6753     -0.235    26.5551    20.0724 -9.990e-29
 142.981881     -0.246  31.038296    11.8157     6.6896     -0.244    26.5423    20.0624 -9.990e-29
 142.981887     -0.255  31.036015    11.8160     6.6819     -0.253    26.5399    20.0605 -9.990e-29
 142.981892     -0.258  31.037308    11.8166     6.6834     -0.256    26.5407    20.0610 -9.990e-29
 142.981898     -0.249  31.032151    11.8166     6.6714     -0.247    26.5358    20.0572 -9.990e-29
 142.981904     -0.237  31.066294    11.8155     6.6600     -0.235    26.5688    20.0830 -9.990e-29
 142.981910     -0.234  31.152238    11.8159     6.6548     -0.232    26.6498    20.1456 -9.990e-29
 142.981916     -0.243  31.166661    11.8192     6.6685     -0.241    26.6610    20.1537 -9.990e-29
 142.981921     -0.262  31.085695    11.8233     6.6816     -0.260    26.5816    20.0915 -9.990e-29
 142.981927     -0.283  31.015241    11.8271     6.6852     -0.281    26.5124    20.0373 -9.990e-29
 142.981933     -0.298  30.971091    11.8292     6.6945     -0.296    26.4692    20.0035 -9.990e-29
 142.981939     -0.300  30.938610    11.8276     6.7007     -0.297    26.4397    19.9809 -9.990e-29
 142.981944     -0.290  30.956789    11.8230     6.6974     -0.288    26.4601    19.9975 -9.990e-29
 142.981950     -0.275  31.007328    11.8206     6.6963     -0.273    26.5095    20.0362 -9.990e-29
 142.981956     -0.262  31.021027    11.8230     6.6390     -0.260    26.5208    20.0445 -9.990e-29
 142.981962     -0.255  30.997127    11.8284     6.6668     -0.253    26.4944    20.0231 -9.990e-29
 142.981968     -0.250  30.946311    11.8351     6.6706     -0.248    26.4416    19.9811 -9.990e-29
 142.981973     -0.242  30.860171    11.8418     6.6985     -0.240    26.3556    19.9133 -9.990e-29
 142.981979     -0.234  30.773322    11.8466     6.7083     -0.232    26.2704    19.8465 -9.990e-29
 142.981985     -0.231  30.731189    11.8498     6.6354     -0.229    26.2284    19.8134 -9.990e-29
 142.981991     -0.227  30.724623    11.8531     6.6721     -0.225    26.2199    19.8063 -9.990e-29
 142.981997     -0.223  30.714090    11.8558     6.6880     -0.221    26.2081    19.7967 -9.990e-29
 142.982002     -0.227  30.695627    11.8571     6.7073     -0.225    26.1898    19.7823 -9.990e-29
 142.982008     -0.240  30.682128    11.8583     6.6971     -0.238    26.1762    19.7716 -9.990e-29
 142.982014     -0.252  30.662877    11.8598     6.6790     -0.250    26.1570    19.7564 -9.990e-29
 142.982020     -0.262  30.657554    11.8607     6.6713     -0.260    26.1514    19.7519 -9.990e-29
 142.982025     -0.269  30.704411    11.8605     6.6625     -0.267    26.1957    19.7862 -9.990e-29
 142.982031     -0.274  30.746701    11.8595     6.6746     -0.272    26.2362    19.8178 -9.990e-29
 142.982037     -0.278  30.727744    11.8581     6.6798     -0.276    26.2193    19.8050 -9.990e-29
 142.982043     -0.280  30.691685    11.8564     6.6723     -0.278    26.1866    19.7799 -9.990e-29
 142.982049     -0.281  30.678334    11.8539     6.6613     -0.279    26.1758    19.7719 -9.990e-29
 142.982054     -0.281  30.699001    11.8488     6.6480     -0.279    26.1988    19.7907 -9.990e-29
 142.982060     -0.279  30.771736    11.8384     6.6488     -0.277    26.2747    19.8512 -9.990e-29
 142.982066     -0.276  30.928592    11.8264     6.6512     -0.274    26.4311    19.9744 -9.990e-29
 142.982072     -0.272  31.093223    11.8205     6.6430     -0.270    26.5907    20.0991 -9.990e-29
 142.982078     -0.266  31.124631    11.8196     6.6403     -0.264    26.6210    20.1227 -9.990e-29
 142.982083     -0.257  31.079821    11.8183     6.6235     -0.255    26.5796    20.0909 -9.990e-29
 142.982089     -0.246  31.060836    11.8162     6.6259     -0.244    26.5632    20.0785 -9.990e-29
 142.982095     -0.232  31.065885    11.8130     6.6385     -0.230    26.5702    20.0845 -9.990e-29
 142.982101     -0.213  31.108422    11.8057     6.6445     -0.211    26.6156    20.1209 -9.990e-29
 142.982106     -0.193  31.213264    11.7950     6.6529     -0.191    26.7224    20.2055 -9.990e-29
 142.982112     -0.179  31.379693    11.7852     6.6616     -0.178    26.8869    20.3346 -9.990e-29
 142.982118     -0.174  31.552505    11.7767     6.6601     -0.173    27.0568    20.4676 -9.990e-29
 142.982124     -0.178  31.667277    11.7662     6.6694     -0.177    27.1732    20.5597 -9.990e-29
 142.982130     -0.188  31.734286    11.7527     6.6769     -0.186    27.2467    20.6189 -9.990e-29
 142.982135     -0.194  31.792099    11.7395     6.6811     -0.192    27.3112    20.6712 -9.990e-29
 142.982141     -0.194  31.852253    11.7307     6.6753     -0.192    27.3748    20.7220 -9.990e-29
 142.982147     -0.192  31.891524    11.7278     6.6807     -0.190    27.4143    20.7531 -9.990e-29
 142.982153     -0.195  31.884417    11.7298     6.6763     -0.193    27.4061    20.7464 -9.990e-29
 142.982159     -0.205  31.846063    11.7351     6.6738     -0.203    27.3657    20.7142 -9.990e-29
 142.982164     -0.212  31.795282    11.7413     6.6668     -0.210    27.3129    20.6722 -9.990e-29
 142.982170     -0.215  31.732646    11.7466     6.5965     -0.213    27.2496    20.6222 -9.990e-29
 142.982176     -0.211  31.669794    11.7503     6.6382     -0.209    27.1872    20.5733 -9.990e-29
 142.982182     -0.202  31.620314    11.7529     6.6448     -0.200    27.1384    20.5350 -9.990e-29
 142.982188     -0.192  31.584831    11.7553     6.6592     -0.190    27.1030    20.5071 -9.990e-29
 142.982193     -0.187  31.564713    11.7584     6.6799     -0.185    27.0816    20.4901 -9.990e-29
 142.982199     -0.188  31.547668    11.7631     6.6329     -0.186    27.0621    20.4741 -9.990e-29
 142.982205     -0.185  31.509263    11.7686     6.6650     -0.183    27.0217    20.4419 -9.990e-29
 142.982211     -0.180  31.462086    11.7715     6.6695     -0.178    26.9749    20.4051 -9.990e-29
 142.982216     -0.180  31.444542    11.7687     6.6806     -0.178    26.9603    20.3943 -9.990e-29
 142.982222     -0.186  31.474080    11.7600     6.6874     -0.184    26.9946    20.4223 -9.990e-29
 142.982228     -0.188  31.574384    11.7486     6.6534     -0.186    27.0980    20.5044 -9.990e-29
 142.982234     -0.183  31.715685    11.7388     6.6361     -0.181    27.2392    20.6155 -9.990e-29
 142.982240     -0.176  31.804182    11.7330     6.6417     -0.175    27.3275    20.6849 -9.990e-29
 142.982245     -0.173  31.827953    11.7323     6.6329     -0.172    27.3506    20.7030 -9.990e-29
 142.982251     -0.174  31.819783    11.7350     6.6402     -0.173    27.3408    20.6949 -9.990e-29
 142.982257     -0.177  31.791145    11.7376     6.6563     -0.176    27.3117    20.6719 -9.990e-29
 142.982263     -0.180  31.764858    11.7382     6.6736     -0.178    27.2863    20.6522 -9.990e-29
 142.982269     -0.184  31.760712    11.7374     6.6806     -0.182    27.2830    20.6497 -9.990e-29
 142.982274     -0.189  31.772035    11.7363     6.6824     -0.187    27.2945    20.6588 -9.990e-29
 142.982280     -0.191  31.780303    11.7352     6.6638     -0.189    27.3032    20.6657 -9.990e-29
 142.982286     -0.186  31.788675    11.7358     6.6539     -0.184    27.3107    20.6715 -9.990e-29
 142.982292     -0.178  31.787569    11.7405     6.6506     -0.177    27.3062    20.6672 -9.990e-29
 142.982297     -0.172  31.729573    11.7486     6.6712     -0.171    27.2452    20.6185 -9.990e-29
 142.982303     -0.161  31.636988    11.7550     6.6558     -0.160    27.1527    20.5457 -9.990e-29
 142.982309     -0.146  31.586778    11.7583     6.6338     -0.145    27.1026    20.5064 -9.990e-29
 142.982315     -0.133  31.569637    11.7606     6.6357     -0.132    27.0847    20.4921 -9.990e-29
 142.982321     -0.128  31.552607    11.7622     6.6387     -0.127    27.0674    20.4784 -9.990e-29
