data/oxygen options/ONMS/Olympic_Coast_National_Marine_Sanctuary_CTD_Data_2005_2023/raw_data/2022/CAST_MB042_220521faedb.cnv
* Sea-Bird SBE 19 Data File:
* FileName = C:\2022 Mooring Data\Casts\CAST_MB042_220521.hex
* Software Version SeatermAF 2.1.2
* Temperature SN = 2997
* Conductivity SN = 2997
* System UpLoad Time = May 21 2022 22:27:58 (localtime) = May 21 2022 22:27:58 (UTC)
** CAST_MB042_220521
* ds
# nquan = 9
# nvalues = 40                          
# units = specified
# name 0 = timeJ: Julian Days
# name 1 = prSM: Pressure, Strain Gauge [db]
# name 2 = c0mS/cm: Conductivity [mS/cm]
# name 3 = t090C: Temperature [ITS-90, deg C]
# name 4 = sbeox0ML/L: Oxygen, SBE 43 [ml/l]
# name 5 = depSM: Depth [salt water, m], lat = 47.5
# name 6 = sal00: Salinity, Practical [PSU]
# name 7 = sigma-é00: Density [sigma-theta, kg/m^3]
# name 8 = flag: flag
# span 0 = 141.916067, 141.917010       
# span 1 =      1.000,     40.000       
# span 2 =  32.280764,  34.373670       
# span 3 =     7.5639,    12.5155       
# span 4 =     2.8642,     7.7509       
# span 5 =      0.992,     39.662       
# span 6 =    27.4401,    33.4277       
# span 7 =    20.6337,    26.1026       
# span 8 = 0.0000e+00, 0.0000e+00       
# interval = decibars: 1                
# start_time = May 21 2022 21:50:48 [Instrument's time stamp, header]
# bad_flag = -9.990e-29
*END*
 141.916067      1.000  32.532453    12.5155     7.6221      0.992    27.4401    20.6337 0.0000e+00
 141.916098      2.000  32.403038    12.1349     7.6649      1.983    27.5977    20.8238 0.0000e+00
 141.916125      3.000  32.289644    11.5964     7.7509      2.975    27.8905    21.1450 0.0000e+00
 141.916149      4.000  32.282700    11.3724     7.7189      3.967    28.0523    21.3091 0.0000e+00
 141.916172      5.000  32.280764    11.3010     7.1671      4.958    28.1044    21.3616 0.0000e+00
 141.916196      6.000  32.296135    11.0978     6.3946      5.950    28.2742    21.5278 0.0000e+00
 141.916219      7.000  32.390512    10.8227     6.1217      6.942    28.5784    21.8102 0.0000e+00
 141.916242      8.000  32.561691    10.6524     6.1212      7.933    28.8791    22.0721 0.0000e+00
 141.916267      9.000  32.614778    10.5360     6.0922      8.925    29.0232    22.2034 0.0000e+00
 141.916291     10.000  32.613182    10.4366     5.8503      9.917    29.1005    22.2797 0.0000e+00
 141.916314     11.000  32.674184    10.2862     5.5949     10.908    29.2814    22.4450 0.0000e+00
 141.916338     12.000  32.803323    10.0971     5.1843     11.899    29.5628    22.6946 0.0000e+00
 141.916361     13.000  33.043695     9.8215     4.5877     12.891    30.0310    23.1036 0.0000e+00
 141.916384     14.000  33.402726     9.4052     4.0118     13.883    30.7471    23.7279 0.0000e+00
 141.916408     15.000  33.649954     8.7940     3.5589     14.874    31.5350    24.4375 0.0000e+00
 141.916433     16.000  33.900941     8.2771     3.2946     15.866    32.2641    25.0856 0.0000e+00
 141.916456     17.000  34.062170     7.9762     3.1625     16.858    32.7132    25.4819 0.0000e+00
 141.916479     18.000  34.183413     7.8065     3.0507     17.849    33.0020    25.7331 0.0000e+00
 141.916504     19.000  34.246013     7.7252     3.0444     18.841    33.1458    25.8578 0.0000e+00
 141.916528     20.000  34.258230     7.6666     3.0298     19.832    33.2144    25.9200 0.0000e+00
 141.916549     21.000  34.270696     7.6505     3.0271     20.824    33.2427    25.9446 0.0000e+00
 141.916573     22.000  34.289369     7.6426     3.0155     21.815    33.2699    25.9671 0.0000e+00
 141.916597     23.000  34.281631     7.6297     2.9814     22.807    33.2734    25.9717 0.0000e+00
 141.916620     24.000  34.303244     7.6106     2.9448     23.798    33.3145    26.0067 0.0000e+00
 141.916642     25.000  34.321331     7.5914     2.9213     24.790    33.3519    26.0389 0.0000e+00
 141.916664     26.000  34.337922     7.5921     2.9239     25.781    33.3687    26.0520 0.0000e+00
 141.916689     27.000  34.344510     7.5855     2.8828     26.773    33.3818    26.0632 0.0000e+00
 141.916710     28.000  34.345114     7.5717     2.8978     27.764    33.3952    26.0758 0.0000e+00
 141.916732     29.000  34.353708     7.5711     2.8869     28.756    33.4046    26.0832 0.0000e+00
 141.916757     30.000  34.361176     7.5702     2.8939     29.748    33.4129    26.0900 0.0000e+00
 141.916782     31.000  34.361911     7.5651     2.8821     30.739    33.4182    26.0948 0.0000e+00
 141.916804     32.000  34.364759     7.5648     2.8841     31.730    33.4211    26.0971 0.0000e+00
 141.916828     33.000  34.365931     7.5674     2.8831     32.722    33.4194    26.0954 0.0000e+00
 141.916854     34.000  34.366644     7.5674     2.8769     33.713    33.4197    26.0957 0.0000e+00
 141.916877     35.000  34.366060     7.5645     2.8860     34.705    33.4213    26.0974 0.0000e+00
 141.916899     36.000  34.366692     7.5662     2.8642     35.696    33.4200    26.0961 0.0000e+00
 141.916924     37.000  34.369392     7.5677     2.8838     36.688    33.4209    26.0966 0.0000e+00
 141.916951     38.000  34.369987     7.5645     2.8695     37.679    33.4242    26.0997 0.0000e+00
 141.916977     39.000  34.371065     7.5648     2.8777     38.671    33.4246    26.1000 0.0000e+00
 141.917010     40.000  34.373670     7.5639     2.8669     39.662    33.4277    26.1026 0.0000e+00
