data/oxygen options/ONMS/Olympic_Coast_National_Marine_Sanctuary_CTD_Data_2005_2023/raw_data/2022/CAST_TH015_220920faed.cnv
* Sea-Bird SBE 19 Data File:
* FileName = C:\2022 Mooring Data\Casts\CAST_TW015_220920.hex
* Software Version SeatermAF 2.1.2
* Temperature SN = 2997
* Conductivity SN = 2997
* System UpLoad Time = Sep 20 2022 22:10:50 (localtime) = Sep 20 2022 22:10:50 (UTC)
** CAST_TW015_220920
* ds
# nquan = 9                                 
# nvalues = 887                         
# units = specified
# name 0 = timeJ: Julian Days
# name 1 = prSM: Pressure, Strain Gauge [db]
# name 2 = c0mS/cm: Conductivity [mS/cm]
# name 3 = t090C: Temperature [ITS-90, deg C]
# name 4 = sbeox0ML/L: Oxygen, SBE 43 [ml/l]
# name 5 = depSM: Depth [salt water, m], lat = 47.5
# name 6 = sal00: Salinity, Practical [PSU]
# name 7 = sigma-é00: Density [sigma-theta, kg/m^3]
# name 8 = flag: flag
# span 0 = 263.900266, 263.905394       
# span 1 =     -5.974,     13.756       
# span 2 =   0.440203,  37.971038       
# span 3 =    10.3312,    18.5943       
# span 4 =    -1.8076,    11.7177       
# span 5 =     -5.924,     13.641       
# span 6 =     0.2438,    33.8567       
# span 7 =    -1.3278,    25.8744       
# span 8 = 0.0000e+00, 0.0000e+00       
# interval = seconds: 0.5
# start_time = Sep 20 2022 21:36:23 [Instrument's time stamp, header]
# bad_flag = -9.990e-29
*END*
[from data line 641]
 263.903976      0.271  36.939558    11.0330     5.0240      0.269    32.8783    25.1178 -9.990e-29
 263.903981      0.268  36.941785    11.0342     5.0119      0.266    32.8794    25.1185 -9.990e-29
 263.903987      0.263  36.947107    11.0403     5.0121      0.261    32.8792    25.1173 -9.990e-29
 263.903993      0.260  36.951399    11.0476     5.0216      0.258    32.8770    25.1142 -9.990e-29
 263.903999      0.258  36.953087    11.0512     5.0147      0.256    32.8754    25.1123 -9.990e-29
 263.904005      0.257  36.952724    11.0485     5.0231      0.255    32.8775    25.1144 -9.990e-29
 263.904010      0.257  36.949813    11.0425     5.0218      0.255    32.8800    25.1174 -9.990e-29
 263.904016      0.258  36.945502    11.0381     5.0194      0.256    32.8796    25.1179 -9.990e-29
 263.904022      0.261  36.944673    11.0377     5.0216      0.259    32.8792    25.1176 -9.990e-29
 263.904028      0.265  36.948443    11.0401     5.0043      0.263    32.8807    25.1185 -9.990e-29
 263.904034      0.271  36.951179    11.0412     5.0162      0.269    32.8825    25.1196 -9.990e-29
 263.904039      0.278  36.949788    11.0394     4.9977      0.276    32.8827    25.1201 -9.990e-29
 263.904045      0.288  36.948007    11.0367     5.0108      0.286    32.8834    25.1211 -9.990e-29
 263.904051      0.297  36.947927    11.0353     5.0108      0.295    32.8845    25.1222 -9.990e-29
 263.904057      0.297  36.948304    11.0375     5.0083      0.295    32.8829    25.1206 -9.990e-29
 263.904063      0.288  36.950743    11.0438     5.0221      0.286    32.8797    25.1170 -9.990e-29
 263.904068      0.278  36.955119    11.0495     5.0119      0.276    32.8789    25.1154 -9.990e-29
 263.904074      0.270  36.957167    11.0508     5.0282      0.268    32.8798    25.1158 -9.990e-29
 263.904080      0.264  36.954564    11.0479     5.0153      0.262    32.8798    25.1164 -9.990e-29
 263.904086      0.260  36.949426    11.0432     5.0265      0.258    32.8789    25.1165 -9.990e-29
 263.904091      0.257  36.946094    11.0394     5.0322      0.255    32.8791    25.1173 -9.990e-29
 263.904097      0.255  36.946834    11.0363     5.0309      0.253    32.8826    25.1205 -9.990e-29
 263.904103      0.254  36.948133    11.0320     5.0351      0.252    32.8877    25.1253 -9.990e-29
 263.904109      0.254  36.945543    11.0273     4.9710      0.252    32.8893    25.1274 -9.990e-29
 263.904115      0.255  36.941198    11.0244     5.0152      0.253    32.8876    25.1266 -9.990e-29
 263.904120      0.257  36.938254    11.0224     5.0140      0.255    32.8865    25.1261 -9.990e-29
 263.904126      0.260  36.935010    11.0194     5.0312      0.258    32.8860    25.1262 -9.990e-29
 263.904132      0.264  36.931047    11.0147     5.0392      0.262    32.8863    25.1273 -9.990e-29
 263.904138      0.270  36.927788    11.0054     4.9569      0.268    32.8914    25.1329 -9.990e-29
 263.904144      0.274  36.919192    10.9900     4.9991      0.272    32.8967    25.1397 -9.990e-29
 263.904149      0.272  36.902186    10.9734     5.0015      0.270    32.8947    25.1411 -9.990e-29
 263.904155      0.267  36.886575    10.9621     5.0306      0.265    32.8893    25.1389 -9.990e-29
 263.904161      0.264  36.878980    10.9571     5.0343      0.262    32.8863    25.1374 -9.990e-29
 263.904167      0.263  36.876540    10.9556     5.0023      0.261    32.8852    25.1369 -9.990e-29
 263.904172      0.263  36.875985    10.9553     4.9861      0.261    32.8849    25.1367 -9.990e-29
 263.904178      0.265  36.875998    10.9549     4.9798      0.263    32.8853    25.1371 -9.990e-29
 263.904184      0.268  36.876021    10.9542     4.9878      0.266    32.8859    25.1377 -9.990e-29
 263.904190      0.274  36.875510    10.9535     4.9942      0.272    32.8861    25.1379 -9.990e-29
 263.904196      0.277  36.874328    10.9533     5.0089      0.275    32.8851    25.1372 -9.990e-29
 263.904201      0.274  36.873124    10.9539     5.0027      0.272    32.8833    25.1357 -9.990e-29
 263.904207      0.269  36.873078    10.9550     5.0155      0.267    32.8823    25.1347 -9.990e-29
 263.904213      0.266  36.875235    10.9562     5.0103      0.264    32.8834    25.1353 -9.990e-29
 263.904219      0.264  36.877975    10.9573     5.0137      0.262    32.8851    25.1365 -9.990e-29
 263.904225      0.264  36.878770    10.9579     5.0157      0.262    32.8854    25.1366 -9.990e-29
 263.904230      0.266  36.877546    10.9580     5.0104      0.264    32.8840    25.1356 -9.990e-29
 263.904236      0.270  36.876016    10.9585     5.0189      0.268    32.8821    25.1339 -9.990e-29
 263.904242      0.275  36.875487    10.9595     5.0099      0.273    32.8807    25.1327 -9.990e-29
 263.904248      0.283  36.875801    10.9604     5.0154      0.281    32.8802    25.1321 -9.990e-29
 263.904253      0.289  36.873437    10.9605     5.0079      0.287    32.8777    25.1302 -9.990e-29
 263.904259      0.290  36.869152    10.9596     5.0117      0.288    32.8743    25.1277 -9.990e-29
 263.904265      0.290  36.868982    10.9583     5.0070      0.288    32.8753    25.1287 -9.990e-29
 263.904271      0.289  36.871564    10.9568     5.0106      0.287    32.8792    25.1320 -9.990e-29
 263.904277      0.282  36.874724    10.9559     5.0210      0.280    32.8831    25.1352 -9.990e-29
 263.904282      0.274  36.879296    10.9571     5.0136      0.272    32.8866    25.1377 -9.990e-29
 263.904288      0.268  36.882958    10.9597     5.0208      0.266    32.8879    25.1382 -9.990e-29
 263.904294      0.264  36.884414    10.9615     4.9806      0.262    32.8877    25.1378 -9.990e-29
 263.904300      0.261  36.885030    10.9625     5.0125      0.259    32.8874    25.1374 -9.990e-29
 263.904306      0.260  36.886171    10.9638     5.0169      0.258    32.8874    25.1371 -9.990e-29
 263.904311      0.260  36.888784    10.9667     5.0198      0.258    32.8874    25.1366 -9.990e-29
 263.904317      0.262  36.892414    10.9711     5.0047      0.260    32.8871    25.1356 -9.990e-29
 263.904323      0.265  36.895164    10.9747     4.9451      0.263    32.8865    25.1346 -9.990e-29
 263.904329      0.270  36.896764    10.9766     4.9763      0.268    32.8864    25.1341 -9.990e-29
 263.904334      0.276  36.898212    10.9778     5.0040      0.274    32.8868    25.1342 -9.990e-29
 263.904340      0.285  36.900864    10.9797     5.0245      0.283    32.8877    25.1346 -9.990e-29
 263.904346      0.293  36.905998    10.9843     5.0248      0.291    32.8887    25.1345 -9.990e-29
 263.904352      0.295  36.914281    10.9915     5.0105      0.293    32.8904    25.1346 -9.990e-29
 263.904358      0.297  36.922735    10.9979     5.0042      0.295    32.8931    25.1355 -9.990e-29
 263.904363      0.298  36.925809    11.0021     5.0206      0.296    32.8924    25.1342 -9.990e-29
 263.904369      0.294  36.924785    11.0048     5.0189      0.292    32.8889    25.1311 -9.990e-29
 263.904375      0.290  36.924449    11.0065     5.0219      0.288    32.8871    25.1293 -9.990e-29
 263.904381      0.289  36.926577    11.0075     5.0125      0.287    32.8883    25.1301 -9.990e-29
 263.904387      0.291  36.929510    11.0088     5.0209      0.289    32.8900    25.1312 -9.990e-29
 263.904392      0.296  36.930982    11.0126     5.0186      0.294    32.8881    25.1290 -9.990e-29
 263.904398      0.305  36.935180    11.0198     5.0226      0.302    32.8858    25.1260 -9.990e-29
 263.904404      0.318  36.942084    11.0275     5.0385      0.315    32.8857    25.1246 -9.990e-29
 263.904410      0.332  36.942394    11.0317     5.0298      0.329    32.8823    25.1211 -9.990e-29
 263.904416      0.343  36.939309    11.0321     5.0368      0.340    32.8788    25.1184 -9.990e-29
 263.904421      0.352  36.941031    11.0306     5.0240      0.349    32.8819    25.1210 -9.990e-29
 263.904427      0.355  36.941434    11.0282     5.0317      0.352    32.8844    25.1234 -9.990e-29
 263.904433      0.353  36.935437    11.0251     5.0297      0.350    32.8813    25.1215 -9.990e-29
 263.904439      0.354  36.930717    11.0223     5.0335      0.351    32.8791    25.1203 -9.990e-29
 263.904444      0.358  36.933293    11.0205     5.0281      0.355    32.8833    25.1239 -9.990e-29
 263.904450      0.357  36.937059    11.0193     5.0288      0.354    32.8881    25.1278 -9.990e-29
 263.904456      0.347  36.938055    11.0184     5.0254      0.344    32.8899    25.1294 -9.990e-29
 263.904462      0.330  36.938530    11.0184     5.0366      0.327    32.8903    25.1298 -9.990e-29
 263.904468      0.315  36.939107    11.0203     5.0344      0.312    32.8892    25.1286 -9.990e-29
 263.904473      0.304  36.939798    11.0232     5.0385      0.301    32.8873    25.1266 -9.990e-29
 263.904479      0.298  36.940387    11.0248     5.0259      0.296    32.8865    25.1256 -9.990e-29
 263.904485      0.296  36.940341    11.0249     5.0244      0.294    32.8863    25.1255 -9.990e-29
 263.904491      0.297  36.939588    11.0245     5.0353      0.295    32.8859    25.1253 -9.990e-29
 263.904497      0.302  36.938794    11.0236     5.0297      0.299    32.8860    25.1254 -9.990e-29
 263.904502      0.311  36.938011    11.0218     5.0331      0.308    32.8868    25.1264 -9.990e-29
 263.904508      0.324  36.936746    11.0196     4.9710      0.321    32.8875    25.1273 -9.990e-29
 263.904514      0.343  36.934981    11.0178     5.0070      0.340    32.8874    25.1276 -9.990e-29
 263.904520      0.368  36.933153    11.0168     5.0088      0.365    32.8864    25.1270 -9.990e-29
 263.904525      0.402  36.932175    11.0164     5.0271      0.399    32.8858    25.1266 -9.990e-29
 263.904531      0.441  36.931855    11.0165     5.0369      0.437    32.8854    25.1262 -9.990e-29
 263.904537      0.481  36.931193    11.0167     5.0092      0.477    32.8845    25.1256 -9.990e-29
 263.904543      0.523  36.930418    11.0166     5.0146      0.519    32.8838    25.1250 -9.990e-29
 263.904549      0.575  36.929608    11.0159     5.0147      0.570    32.8836    25.1250 -9.990e-29
 263.904554      0.635  36.928231    11.0146     5.0068      0.630    32.8834    25.1251 -9.990e-29
 263.904560      0.708  36.926683    11.0123     5.0003      0.702    32.8839    25.1258 -9.990e-29
 263.904566      0.802  36.924571    11.0079     4.9924      0.795    32.8857    25.1280 -9.990e-29
 263.904572      0.918  36.919627    11.0010     4.9805      0.910    32.8869    25.1302 -9.990e-29
 263.904578      1.057  36.911412    10.9936     4.9792      1.048    32.8854    25.1303 0.0000e+00
 263.904583      1.217  36.901847    10.9866     4.9538      1.207    32.8821    25.1290 0.0000e+00
 263.904589      1.401  36.892735    10.9779     4.9471      1.389    32.8808    25.1295 0.0000e+00
 263.904595      1.608  36.884242    10.9663     4.9393      1.595    32.8827    25.1330 0.0000e+00
 263.904601      1.833  36.873435    10.9536     4.9461      1.818    32.8832    25.1357 0.0000e+00
 263.904606      2.075  36.859899    10.9422     4.9395      2.058    32.8799    25.1352 0.0000e+00
 263.904612      2.330  36.847985    10.9330     4.9491      2.311    32.8762    25.1339 0.0000e+00
 263.904618      2.598  36.840281    10.9249     4.9504      2.576    32.8757    25.1350 0.0000e+00
 263.904624      2.875  36.836587    10.9171     4.9625      2.851    32.8790    25.1389 0.0000e+00
 263.904630      3.153  36.835327    10.9106     4.9728      3.127    32.8834    25.1435 0.0000e+00
 263.904635      3.428  36.834810    10.9066     4.9636      3.399    32.8864    25.1465 0.0000e+00
 263.904641      3.705  36.834893    10.9051     4.9357      3.674    32.8877    25.1478 0.0000e+00
 263.904647      3.988  36.835673    10.9053     4.8857      3.955    32.8882    25.1481 0.0000e+00
 263.904653      4.274  36.836496    10.9059     4.8299      4.238    32.8883    25.1481 0.0000e+00
 263.904659      4.560  36.836768    10.9061     4.7654      4.522    32.8883    25.1481 0.0000e+00
 263.904664      4.846  36.836278    10.9054     4.7177      4.805    32.8883    25.1482 0.0000e+00
 263.904670      5.130  36.833802    10.9033     4.6804      5.087    32.8876    25.1481 0.0000e+00
 263.904676      5.409  36.828829    10.9000     4.6782      5.364    32.8855    25.1470 0.0000e+00
 263.904682      5.683  36.821440    10.8969     4.6582      5.635    32.8808    25.1439 0.0000e+00
 263.904688      5.948  36.812977    10.8930     4.6640      5.898    32.8758    25.1407 0.0000e+00
 263.904693      6.203  36.806709    10.8833     4.6202      6.151    32.8782    25.1443 0.0000e+00
 263.904699      6.457  36.799310    10.8639     4.6746      6.403    32.8881    25.1554 0.0000e+00
 263.904705      6.713  36.783145    10.8382     4.6955      6.657    32.8950    25.1653 0.0000e+00
 263.904711      6.973  36.761300    10.8148     4.7104      6.915    32.8942    25.1688 0.0000e+00
 263.904716      7.243  36.743296    10.7955     4.7038      7.182    32.8935    25.1716 0.0000e+00
 263.904722      7.517  36.727520    10.7771     4.6311      7.454    32.8942    25.1754 0.0000e+00
 263.904728      7.788  36.710852    10.7605     4.6529      7.723    32.8924    25.1769 0.0000e+00
 263.904734      8.051  36.697945    10.7486     4.6609      7.984    32.8902    25.1772 0.0000e+00
 263.904740      8.310  36.690625    10.7417     4.6701      8.240    32.8890    25.1775 0.0000e+00
 263.904745      8.568  36.686964    10.7375     4.6782      8.496    32.8890    25.1783 0.0000e+00
 263.904751      8.826  36.684868    10.7336     4.6756      8.752    32.8903    25.1800 0.0000e+00
 263.904757      9.082  36.683211    10.7302     4.6769      9.006    32.8916    25.1816 0.0000e+00
 263.904763      9.335  36.682013    10.7276     4.6765      9.257    32.8926    25.1828 0.0000e+00
 263.904769      9.585  36.681344    10.7255     4.6549      9.505    32.8937    25.1841 0.0000e+00
 263.904774      9.829  36.680860    10.7243     4.6335      9.747    32.8942    25.1847 0.0000e+00
 263.904780     10.068  36.680465    10.7242     4.6141      9.984    32.8938    25.1844 0.0000e+00
 263.904786     10.303  36.680180    10.7244     4.6045     10.217    32.8932    25.1839 0.0000e+00
 263.904792     10.540  36.680174    10.7246     4.5797     10.452    32.8930    25.1836 0.0000e+00
 263.904797     10.781  36.680987    10.7246     4.5486     10.691    32.8937    25.1842 0.0000e+00
 263.904803     11.025  36.682013    10.7244     4.4495     10.933    32.8948    25.1851 0.0000e+00
 263.904809     11.270  36.682367    10.7242     4.3174     11.176    32.8952    25.1855 0.0000e+00
 263.904815     11.515  36.682509    10.7241     4.1691     11.419    32.8953    25.1856 0.0000e+00
 263.904821     11.759  36.683178    10.7239     4.0300     11.661    32.8961    25.1862 0.0000e+00
 263.904826     11.998  36.683572    10.7227     3.8960     11.898    32.8974    25.1875 0.0000e+00
 263.904832     12.232  36.681963    10.7177     3.7244     12.130    32.9002    25.1905 0.0000e+00
 263.904838     12.463  36.676195    10.7082     3.4832     12.359    32.9029    25.1943 0.0000e+00
 263.904844     12.692  36.665292    10.6966     3.2560     12.586    32.9024    25.1959 0.0000e+00
 263.904850     12.917  36.648711    10.6847     3.0128     12.809    32.8965    25.1934 0.0000e+00
 263.904855     13.131  36.620578    10.6734     2.8193     13.021    32.8784    25.1813 0.0000e+00
 263.904861     13.322  36.566340    10.6604     2.7289     13.210    32.8359    25.1504 0.0000e+00
 263.904867     13.485  36.484259    10.6292     2.7493     13.372    32.7819    25.1137 0.0000e+00
 263.904873     13.617  36.399908    10.5583     2.8720     13.503    32.7612    25.1098 -9.990e-29
 263.904878     13.709  36.326306    10.4664     3.0108     13.594    32.7700    25.1325 -9.990e-29
 263.904884     13.756  36.256625    10.4073     3.2733     13.641    32.7533    25.1296 -9.990e-29
 263.904890     13.754  36.209980    10.3771     3.5101     13.639    32.7336    25.1194 -9.990e-29
