data/oxygen options/ONMS/Olympic_Coast_National_Marine_Sanctuary_CTD_Data_2005_2023/raw_data/2022/CAST_MB015_220521faed.cnv
* Sea-Bird SBE 19 Data File:
* FileName = C:\2022 Mooring Data\Casts\Setup\CAST_MB015_220521.hex
* Software Version SeatermAF 2.1.2
* Temperature SN = 2997
* Conductivity SN = 2997
* System UpLoad Time = May 21 2022 20:52:58 (localtime) = May 21 2022 20:52:58 (UTC)
** CAST_MB015_220521
* ds
# nquan = 9                                 
# nvalues = 1639                        
# units = specified
# name 0 = timeJ: Julian Days
# name 1 = prSM: Pressure, Strain Gauge [db]
# name 2 = c0mS/cm: Conductivity [mS/cm]
# name 3 = t090C: Temperature [ITS-90, deg C]
# name 4 = sbeox0ML/L: Oxygen, SBE 43 [ml/l]
# name 5 = depSM: Depth [salt water, m], lat = 47.5
# name 6 = sal00: Salinity, Practical [PSU]
# name 7 = sigma-é00: Density [sigma-theta, kg/m^3]
# name 8 = flag: flag
# span 0 = 141.854120, 141.863600       
# span 1 =     -5.904,     13.675       
# span 2 =  -0.000924,  33.539716       
# span 3 =    10.0957,    14.8638       
# span 4 =   -11.6433,    15.5865       
# span 5 =     -5.855,     13.560       
# span 6 =     0.0000,    30.2916       
# span 7 =    -0.8786,    23.2613       
# span 8 = 0.0000e+00, 0.0000e+00       
# interval = seconds: 0.5
# start_time = May 21 2022 20:29:56 [Instrument's time stamp, header]
# bad_flag = -9.990e-29
*END*
[from data line 1281]
 141.861534     -0.168   1.728711    13.3458    -1.9540     -0.167     1.1472     0.2260 -9.990e-29
 141.861539     -0.170   1.643517    13.3225    -1.9547     -0.169     1.0885     0.1836 -9.990e-29
 141.861545     -0.167   1.657531    13.2962    -1.9517     -0.166     1.0990     0.1952 -9.990e-29
 141.861551     -0.169   1.767265    13.2683    -1.9517     -0.168     1.1765     0.2590 -9.990e-29
 141.861557     -0.176   1.875202    13.2423    -1.9531     -0.175     1.2530     0.3218 -9.990e-29
 141.861562     -0.180   1.956239    13.2203    -1.9538     -0.178     1.3108     0.3696 -9.990e-29
 141.861568     -0.179   2.048592    13.2017    -1.9519     -0.178     1.3768     0.4231 -9.990e-29
 141.861574     -0.180   2.134057    13.1860    -1.9489     -0.178     1.4380     0.4726 -9.990e-29
 141.861580     -0.182   2.158630    13.1737    -1.9502     -0.180     1.4559     0.4882 -9.990e-29
 141.861586     -0.184   2.074695    13.1657    -1.9528     -0.182     1.3966     0.4432 -9.990e-29
 141.861591     -0.184   1.922775    13.1631    -1.9550     -0.182     1.2892     0.3603 -9.990e-29
 141.861597     -0.176   1.805165    13.1629    -1.9545     -0.175     1.2063     0.2961 -9.990e-29
 141.861603     -0.165   1.788962    13.1586    -1.9551     -0.164     1.1951     0.2879 -9.990e-29
 141.861609     -0.157   1.852560    13.1492    -1.9559     -0.156     1.2401     0.3241 -9.990e-29
 141.861615     -0.158   1.903413    13.1398    -1.9575     -0.157     1.2763     0.3534 -9.990e-29
 141.861620     -0.163   1.920654    13.1356    -1.9536     -0.162     1.2886     0.3635 -9.990e-29
 141.861626     -0.163   1.977155    13.1374    -1.9478     -0.162     1.3285     0.3942 -9.990e-29
 141.861632     -0.155   2.100581    13.1392    -1.9457     -0.154     1.4159     0.4617 -9.990e-29
 141.861638     -0.141   2.187218    13.1345    -1.9437     -0.140     1.4777     0.5103 -9.990e-29
 141.861644     -0.130   2.134176    13.1213    -1.9440     -0.129     1.4405     0.4831 -9.990e-29
 141.861649     -0.126   1.998788    13.1033    -1.9469     -0.125     1.3450     0.4114 -9.990e-29
 141.861655     -0.123   1.915381    13.0886    -1.9485     -0.122     1.2864     0.3680 -9.990e-29
 141.861661     -0.118   1.922956    13.0859    -1.9485     -0.117     1.2919     0.3725 -9.990e-29
 141.861667     -0.114   1.944045    13.1036    -1.9471     -0.113     1.3062     0.3813 -9.990e-29
 141.861672     -0.115   1.919753    13.1421    -1.9479     -0.114     1.2877     0.3620 -9.990e-29
 141.861678     -0.117   1.899718    13.1861    -1.9503     -0.116     1.2721     0.3441 -9.990e-29
 141.861684     -0.112   1.980269    13.2219    -1.9521     -0.111     1.3278     0.3825 -9.990e-29
 141.861690     -0.103   2.141323    13.2467    -1.9538     -0.102     1.4409     0.4668 -9.990e-29
 141.861696     -0.104   2.268924    13.2637    -1.9542     -0.103     1.5309     0.5343 -9.990e-29
 141.861701     -0.113   2.302051    13.2754    -1.9507     -0.112     1.5540     0.5507 -9.990e-29
 141.861707     -0.123   2.206149    13.2793    -1.9489     -0.122     1.4856     0.4972 -9.990e-29
 141.861713     -0.126   2.016328    13.2731    -1.9491     -0.125     1.3514     0.3940 -9.990e-29
 141.861719     -0.123   1.873056    13.2586    -1.9481     -0.122     1.2510     0.3181 -9.990e-29
 141.861725     -0.121   1.860781    13.2404    -1.9447     -0.120     1.2430     0.3143 -9.990e-29
 141.861730     -0.125   1.918243    13.2228    -1.9413     -0.124     1.2840     0.3484 -9.990e-29
 141.861736     -0.130   1.923646    13.2073    -1.9377     -0.129     1.2883     0.3538 -9.990e-29
 141.861742     -0.129   1.845401    13.1958    -1.9410     -0.128     1.2336     0.3129 -9.990e-29
 141.861748     -0.122   1.749331    13.1946    -1.9433     -0.121     1.1662     0.2607 -9.990e-29
 141.861753     -0.116   1.697439    13.2097    -1.9443     -0.115     1.1294     0.2302 -9.990e-29
 141.861759     -0.111   1.729150    13.2382    -1.9445     -0.110     1.1507     0.2430 -9.990e-29
 141.861765     -0.102   1.811932    13.2739    -1.9447     -0.101     1.2076     0.2824 -9.990e-29
 141.861771     -0.094   1.840580    13.3119    -1.9419     -0.093     1.2265     0.2920 -9.990e-29
 141.861777     -0.090   1.799539    13.3478    -1.9397     -0.089     1.1966     0.2640 -9.990e-29
 141.861782     -0.090   1.795364    13.3784    -1.9380     -0.089     1.1928     0.2569 -9.990e-29
 141.861788     -0.093   1.891536    13.3978    -1.9376     -0.092     1.2595     0.3060 -9.990e-29
 141.861794     -0.096   2.029053    13.4014    -1.9350     -0.095     1.3559     0.3803 -9.990e-29
 141.861800     -0.095   2.085317    13.3985    -1.9320     -0.094     1.3957     0.4115 -9.990e-29
 141.861806     -0.093   2.003876    13.4015    -1.9315     -0.092     1.3382     0.3665 -9.990e-29
 141.861811     -0.091   1.860955    13.4129    -1.9318     -0.090     1.2376     0.2870 -9.990e-29
 141.861817     -0.084   1.735368    13.4311    -1.9309     -0.083     1.1493     0.2162 -9.990e-29
 141.861823     -0.076   1.648094    13.4558    -1.9317     -0.075     1.0880     0.1653 -9.990e-29
 141.861829     -0.071   1.627954    13.4847    -1.9338     -0.070     1.0732     0.1499 -9.990e-29
 141.861834     -0.069   1.682448    13.5176    -1.9329     -0.068     1.1101     0.1740 -9.990e-29
 141.861840     -0.070   1.755117    13.5557    -1.9331     -0.069     1.1594     0.2071 -9.990e-29
 141.861846     -0.072   1.783254    13.5931    -1.9345     -0.071     1.1778     0.2162 -9.990e-29
 141.861852     -0.077   1.778883    13.6188    -1.9365     -0.076     1.1740     0.2098 -9.990e-29
 141.861858     -0.086   1.814317    13.6298    -1.9375     -0.085     1.1982     0.2270 -9.990e-29
 141.861863     -0.097   1.896895    13.6326    -1.9378     -0.096     1.2556     0.2711 -9.990e-29
 141.861869     -0.109   1.962699    13.6330    -1.9360     -0.108     1.3015     0.3066 -9.990e-29
 141.861875     -0.117   1.995823    13.6305    -1.9333     -0.116     1.3247     0.3249 -9.990e-29
 141.861881     -0.122   1.999970    13.6226    -1.9329     -0.121     1.3279     0.3284 -9.990e-29
 141.861887     -0.125   1.956834    13.6100    -1.9341     -0.124     1.2982     0.3071 -9.990e-29
 141.861892     -0.124   1.916423    13.5974    -1.9351     -0.123     1.2704     0.2873 -9.990e-29
 141.861898     -0.121   1.930163    13.5882    -1.9354     -0.120     1.2803     0.2963 -9.990e-29
 141.861904     -0.116   1.931573    13.5835    -1.9342     -0.115     1.2814     0.2978 -9.990e-29
 141.861910     -0.107   1.857687    13.5858    -1.9342     -0.106     1.2298     0.2575 -9.990e-29
 141.861916     -0.098   1.741895    13.5970    -1.9334     -0.097     1.1490     0.1934 -9.990e-29
 141.861921     -0.094   1.640960    13.6118    -1.9305     -0.093     1.0787     0.1369 -9.990e-29
 141.861927     -0.094   1.596525    13.6204    -1.9309     -0.093     1.0478     0.1118 -9.990e-29
 141.861933     -0.098   1.643542    13.6215    -1.9353     -0.097     1.0802     0.1367 -9.990e-29
 141.861939     -0.106   1.746615    13.6198    -1.9373     -0.105     1.1516     0.1923 -9.990e-29
 141.861944     -0.119   1.801005    13.6156    -1.9391     -0.118     1.1894     0.2222 -9.990e-29
 141.861950     -0.138   1.773939    13.6059    -1.9399     -0.137     1.1709     0.2092 -9.990e-29
 141.861956     -0.159   1.738506    13.5928    -1.9405     -0.158     1.1467     0.1922 -9.990e-29
 141.861962     -0.175   1.774923    13.5824    -1.9406     -0.174     1.1723     0.2135 -9.990e-29
 141.861968     -0.184   1.881313    13.5765    -1.9387     -0.182     1.2465     0.2718 -9.990e-29
 141.861973     -0.189   2.001124    13.5720    -1.9369     -0.187     1.3304     0.3373 -9.990e-29
 141.861979     -0.192   2.127832    13.5658    -1.9366     -0.190     1.4196     0.4072 -9.990e-29
 141.861985     -0.183   2.229158    13.5568    -1.9379     -0.181     1.4913     0.4640 -9.990e-29
 141.861991     -0.167   2.190742    13.5477    -1.9360     -0.166     1.4645     0.4445 -9.990e-29
 141.861997     -0.156   2.011249    13.5416    -1.9363     -0.155     1.3386     0.3478 -9.990e-29
 141.862002     -0.152   1.811666    13.5383    -1.9389     -0.151     1.1992     0.2403 -9.990e-29
 141.862008     -0.152   1.654560    13.5377    -1.9378     -0.151     1.0902     0.1559 -9.990e-29
 141.862014     -0.151   1.549352    13.5399    -1.9374     -0.150     1.0174     0.0992 -9.990e-29
 141.862020     -0.154   1.499838    13.5430    -1.9400     -0.153     0.9833     0.0723 -9.990e-29
 141.862025     -0.159   1.518677    13.5438    -1.9400     -0.158     0.9962     0.0822 -9.990e-29
 141.862031     -0.161   1.612699    13.5409    -1.9403     -0.160     1.0611     0.1329 -9.990e-29
 141.862037     -0.157   1.728842    13.5341    -1.9422     -0.156     1.1418     0.1964 -9.990e-29
 141.862043     -0.153   1.799749    13.5228    -1.9448     -0.152     1.1914     0.2364 -9.990e-29
 141.862049     -0.145   1.851802    13.5081    -1.9457     -0.144     1.2281     0.2668 -9.990e-29
 141.862054     -0.130   1.930565    13.4929    -1.9439     -0.129     1.2837     0.3119 -9.990e-29
 141.862060     -0.118   1.975893    13.4796    -1.9444     -0.117     1.3159     0.3387 -9.990e-29
 141.862066     -0.111   1.981160    13.4662    -1.9437     -0.110     1.3200     0.3437 -9.990e-29
 141.862072     -0.109   2.011030    13.4493    -1.9450     -0.108     1.3416     0.3627 -9.990e-29
 141.862078     -0.107   2.026069    13.4300    -1.9471     -0.106     1.3528     0.3740 -9.990e-29
 141.862083     -0.102   2.006419    13.4105    -1.9487     -0.101     1.3397     0.3665 -9.990e-29
 141.862089     -0.097   2.006253    13.3917    -1.9504     -0.096     1.3402     0.3694 -9.990e-29
 141.862095     -0.096   1.998189    13.3745    -1.9487     -0.095     1.3351     0.3678 -9.990e-29
 141.862101     -0.100   1.931565    13.3600    -1.9496     -0.099     1.2888     0.3338 -9.990e-29
 141.862106     -0.108   1.850571    13.3483    -1.9525     -0.107     1.2323     0.2916 -9.990e-29
 141.862112     -0.121   1.842301    13.3374    -1.9525     -0.120     1.2269     0.2889 -9.990e-29
 141.862118     -0.135   1.903486    13.3238    -1.9518     -0.134     1.2703     0.3243 -9.990e-29
 141.862124     -0.143   1.964404    13.3060    -1.9528     -0.142     1.3137     0.3604 -9.990e-29
 141.862130     -0.140   1.995984    13.2865    -1.9552     -0.139     1.3366     0.3807 -9.990e-29
 141.862135     -0.132   1.977144    13.2672    -1.9533     -0.131     1.3240     0.3735 -9.990e-29
 141.862141     -0.127   1.910479    13.2482    -1.9539     -0.126     1.2777     0.3401 -9.990e-29
 141.862147     -0.123   1.843447    13.2299    -1.9564     -0.122     1.2311     0.3065 -9.990e-29
 141.862153     -0.116   1.834649    13.2114    -1.9579     -0.115     1.2255     0.3046 -9.990e-29
 141.862159     -0.106   1.877890    13.1920    -1.9587     -0.105     1.2566     0.3312 -9.990e-29
 141.862164     -0.093   1.882294    13.1722    -1.9590     -0.092     1.2603     0.3367 -9.990e-29
 141.862170     -0.079   1.852626    13.1536    -1.9577     -0.078     1.2400     0.3234 -9.990e-29
 141.862176     -0.068   1.875137    13.1376    -1.9573     -0.067     1.2564     0.3382 -9.990e-29
 141.862182     -0.059   1.925526    13.1239    -1.9583     -0.059     1.2924     0.3680 -9.990e-29
 141.862188     -0.053   1.924661    13.1112    -1.9594     -0.053     1.2922     0.3695 -9.990e-29
 141.862193     -0.047   1.910736    13.0994    -1.9605     -0.047     1.2828     0.3637 -9.990e-29
 141.862199     -0.043   1.936123    13.0887    -1.9612     -0.043     1.3011     0.3793 -9.990e-29
 141.862205     -0.039   1.918279    13.0788    -1.9618     -0.039     1.2888     0.3711 -9.990e-29
 141.862211     -0.036   1.821775    13.0700    -1.9623     -0.036     1.2209     0.3196 -9.990e-29
 141.862216     -0.034   1.726329    13.0625    -1.9623     -0.034     1.1540     0.2686 -9.990e-29
 141.862222     -0.031   1.681468    13.0566    -1.9595     -0.031     1.1226     0.2451 -9.990e-29
 141.862228     -0.028   1.698863    13.0528    -1.9593     -0.028     1.1350     0.2551 -9.990e-29
 141.862234     -0.026   1.754049    13.0499    -1.9602     -0.026     1.1738     0.2857 -9.990e-29
 141.862240     -0.027   1.775965    13.0464    -1.9616     -0.027     1.1894     0.2982 -9.990e-29
 141.862245     -0.032   1.730103    13.0424    -1.9626     -0.032     1.1572     0.2738 -9.990e-29
 141.862251     -0.037   1.647307    13.0388    -1.9630     -0.037     1.0992     0.2292 -9.990e-29
 141.862257     -0.047   1.565697    13.0361    -1.9632     -0.047     1.0422     0.1853 -9.990e-29
 141.862263     -0.063   1.498923    13.0336    -1.9610     -0.062     0.9956     0.1494 -9.990e-29
 141.862269     -0.076   1.450485    13.0303    -1.9593     -0.075     0.9620     0.1238 -9.990e-29
 141.862274     -0.083   1.438353    13.0258    -1.9589     -0.082     0.9536     0.1179 -9.990e-29
 141.862280     -0.085   1.501756    13.0211    -1.9603     -0.084     0.9979     0.1529 -9.990e-29
 141.862286     -0.083   1.618841    13.0173    -1.9613     -0.082     1.0799     0.2170 -9.990e-29
 141.862292     -0.079   1.683627    13.0146    -1.9601     -0.078     1.1254     0.2527 -9.990e-29
 141.862297     -0.078   1.651722    13.0132    -1.9593     -0.077     1.1030     0.2355 -9.990e-29
 141.862303     -0.080   1.569806    13.0132    -1.9600     -0.079     1.0456     0.1909 -9.990e-29
 141.862309     -0.085   1.493231    13.0143    -1.9617     -0.084     0.9921     0.1493 -9.990e-29
 141.862315     -0.090   1.456208    13.0153    -1.9598     -0.089     0.9663     0.1291 -9.990e-29
 141.862321     -0.089   1.491373    13.0151    -1.9600     -0.088     0.9908     0.1481 -9.990e-29
 141.862326     -0.089   1.604607    13.0139    -1.9624     -0.088     1.0700     0.2097 -9.990e-29
 141.862332     -0.091   1.722475    13.0121    -1.9638     -0.090     1.1528     0.2742 -9.990e-29
 141.862338     -0.098   1.763297    13.0085    -1.9617     -0.097     1.1816     0.2971 -9.990e-29
 141.862344     -0.104   1.732735    13.0022    -1.9614     -0.103     1.1603     0.2814 -9.990e-29
 141.862350     -0.107   1.719717    12.9938    -1.9626     -0.106     1.1514     0.2755 -9.990e-29
 141.862355     -0.110   1.775049    12.9846    -1.9642     -0.109     1.1906     0.3072 -9.990e-29
 141.862361     -0.119   1.840610    12.9760    -1.9654     -0.118     1.2372     0.3445 -9.990e-29
 141.862367     -0.128   1.854736    12.9672    -1.9651     -0.127     1.2475     0.3536 -9.990e-29
 141.862373     -0.131   1.859537    12.9580    -1.9630     -0.130     1.2512     0.3576 -9.990e-29
 141.862378     -0.123   1.900760    12.9500    -1.9628     -0.122     1.2807     0.3815 -9.990e-29
 141.862384     -0.109   1.905341    12.9436    -1.9647     -0.108     1.2841     0.3851 -9.990e-29
 141.862390     -0.095   1.842254    12.9384    -1.9653     -0.094     1.2396     0.3512 -9.990e-29
 141.862396     -0.085   1.814154    12.9342    -1.9632     -0.084     1.2198     0.3364 -9.990e-29
 141.862402     -0.078   1.857837    12.9300    -1.9623     -0.077     1.2509     0.3610 -9.990e-29
 141.862407     -0.075   1.878586    12.9247    -1.9640     -0.074     1.2658     0.3732 -9.990e-29
 141.862413     -0.074   1.823150    12.9189    -1.9646     -0.073     1.2267     0.3437 -9.990e-29
 141.862419     -0.075   1.738989    12.9132    -1.9644     -0.074     1.1674     0.2983 -9.990e-29
 141.862425     -0.076   1.695664    12.9071    -1.9642     -0.075     1.1370     0.2755 -9.990e-29
 141.862431     -0.071   1.739036    12.9020    -1.9642     -0.070     1.1678     0.3001 -9.990e-29
 141.862436     -0.064   1.832721    12.8998    -1.9654     -0.063     1.2341     0.3518 -9.990e-29
 141.862442     -0.059   1.871085    12.8999    -1.9667     -0.059     1.2613     0.3729 -9.990e-29
 141.862448     -0.056   1.836003    12.9008    -1.9669     -0.056     1.2364     0.3535 -9.990e-29
