data/oxygen options/ONMS/Olympic_Coast_National_Marine_Sanctuary_CTD_Data_2005_2023/raw_data/2022/CAST_KL027_220719faedb.cnv
* Sea-Bird SBE 19 Data File:
* FileName = C:\2022 Mooring Data\Casts\CAST_KL027_220719.hex
* Software Version SeatermAF 2.1.2
* Temperature SN = 2997
* Conductivity SN = 2997
* System UpLoad Time = Jul 19 2022 17:48:35 (localtime) = Jul 19 2022 17:48:35 (UTC)
** CAST_KL027_220719
* ds
# nquan = 9
# nvalues = 25                          
# units = specified
# name 0 = timeJ: Julian Days
# name 1 = prSM: Pressure, Strain Gauge [db]
# name 2 = c0mS/cm: Conductivity [mS/cm]
# name 3 = t090C: Temperature [ITS-90, deg C]
# name 4 = sbeox0ML/L: Oxygen, SBE 43 [ml/l]
# name 5 = depSM: Depth [salt water, m], lat = 47.5
# name 6 = sal00: Salinity, Practical [PSU]
# name 7 = sigma-é00: Density [sigma-theta, kg/m^3]
# name 8 = flag: flag
# span 0 = 200.706269, 200.706879       
# span 1 =      1.000,     25.000       
# span 2 =  34.589190,  37.283114       
# span 3 =     7.7974,    12.9933       
# span 4 =     1.2891,     8.6118       
# span 5 =      0.993,     24.790       
# span 6 =    31.5176,    33.4460       
# span 7 =    23.6978,    26.0811       
# span 8 = 0.0000e+00, 0.0000e+00       
# interval = decibars: 1                
# start_time = Jul 19 2022 16:51:02 [Instrument's time stamp, header]
# bad_flag = -9.990e-29
*END*
 200.706269      1.000  37.283114    12.9933     8.4686      0.993    31.5176    23.6978 0.0000e+00
 200.706296      2.000  37.273390    12.9768     8.5501      1.983    31.5217    23.7043 0.0000e+00
 200.706322      3.000  37.233834    12.8573     8.6118      2.975    31.5837    23.7754 0.0000e+00
 200.706345      4.000  37.200451    12.6437     8.5778      3.966    31.7309    23.9304 0.0000e+00
 200.706368      5.000  37.205030    12.5438     8.6102      4.958    31.8191    24.0178 0.0000e+00
 200.706392      6.000  37.167361    12.4086     7.9473      5.950    31.8975    24.1042 0.0000e+00
 200.706415      7.000  36.661026    11.5799     6.3736      6.942    32.1201    24.4296 0.0000e+00
 200.706437      8.000  35.810324    10.4177     5.1799      7.933    32.2987    24.7727 0.0000e+00
 200.706459      9.000  35.370215     9.8505     4.5840      8.925    32.3603    24.9159 0.0000e+00
 200.706482     10.000  35.089544     9.4530     4.1935      9.916    32.4318    25.0363 0.0000e+00
 200.706504     11.000  34.879857     9.1761     3.9781     10.908    32.4667    25.1076 0.0000e+00
 200.706528     12.000  34.760658     8.9783     3.8241     11.900    32.5233    25.1828 0.0000e+00
 200.706552     13.000  34.713456     8.8363     3.6607     12.891    32.6040    25.2679 0.0000e+00
 200.706574     14.000  34.785268     8.8020     3.0729     13.883    32.7101    25.3562 0.0000e+00
 200.706597     15.000  34.798037     8.5757     2.1485     14.874    32.9331    25.5655 0.0000e+00
 200.706620     16.000  34.607629     8.0944     1.5774     15.866    33.1835    25.8338 0.0000e+00
 200.706642     17.000  34.589481     7.9869     1.2891     16.857    33.2657    25.9141 0.0000e+00
 200.706663     18.000  34.594790     7.8644     1.3167     17.849    33.3878    26.0278 0.0000e+00
 200.706686     19.000  34.612526     7.8499     1.4052     18.840    33.4202    26.0554 0.0000e+00
 200.706710     20.000  34.600566     7.8349     1.4132     19.832    33.4213    26.0584 0.0000e+00
 200.706733     21.000  34.604500     7.8328     1.3998     20.824    33.4271    26.0633 0.0000e+00
 200.706755     22.000  34.592733     7.8084     1.3904     21.815    33.4373    26.0749 0.0000e+00
 200.706780     23.000  34.598708     7.8069     1.3822     22.807    33.4447    26.0808 0.0000e+00
 200.706805     24.000  34.589190     7.7974     1.3738     23.798    33.4431    26.0811 0.0000e+00
 200.706879     25.000  34.605528     7.8123     1.3587     24.790    33.4460    26.0811 0.0000e+00
