data/oxygen options/ONMS/Olympic_Coast_National_Marine_Sanctuary_CTD_Data_2005_2023/raw_data/2022/CAST_KL015_220823faed.cnv
* Sea-Bird SBE 19 Data File:
* FileName = C:\2022 Mooring Data\Casts\CAST_KL015_220823.hex
* Software Version SeatermAF 2.1.2
* Temperature SN = 2997
* Conductivity SN = 2997
* System UpLoad Time = Aug 23 2022 22:27:24 (localtime) = Aug 23 2022 22:27:24 (UTC)
** CAST_KL015_220823
* ds
# nquan = 9                                 
# nvalues = 1444                        
# units = specified
# name 0 = timeJ: Julian Days
# name 1 = prSM: Pressure, Strain Gauge [db]
# name 2 = c0mS/cm: Conductivity [mS/cm]
# name 3 = t090C: Temperature [ITS-90, deg C]
# name 4 = sbeox0ML/L: Oxygen, SBE 43 [ml/l]
# name 5 = depSM: Depth [salt water, m], lat = 47.5
# name 6 = sal00: Salinity, Practical [PSU]
# name 7 = sigma-é00: Density [sigma-theta, kg/m^3]
# name 8 = flag: flag
# span 0 = 235.862593, 235.870943       
# span 1 =     -5.934,     14.867       
# span 2 =   0.322411,  40.095642       
# span 3 =     8.3176,    18.2262       
# span 4 =    -1.8055,    14.1152       
# span 5 =     -5.885,     14.742       
# span 6 =     0.1807,    33.4220       
# span 7 =    -1.3015,    25.9849       
# span 8 = 0.0000e+00, 0.0000e+00       
# interval = seconds: 0.5
# start_time = Aug 23 2022 20:42:08 [Instrument's time stamp, header]
# bad_flag = -9.990e-29
*END*
[from data line 481]
 235.865376     -0.842   0.322483    17.6789    -1.7888     -0.835     0.1813    -1.2048 -9.990e-29
 235.865382     -0.837   0.322482    17.6830    -1.7889     -0.830     0.1813    -1.2055 -9.990e-29
 235.865388     -0.832   0.322482    17.6878    -1.7889     -0.825     0.1813    -1.2064 -9.990e-29
 235.865394     -0.827   0.322482    17.6931    -1.7888     -0.820     0.1813    -1.2074 -9.990e-29
 235.865399     -0.821   0.322482    17.6983    -1.7887     -0.814     0.1813    -1.2083 -9.990e-29
 235.865405     -0.814   0.322482    17.7029    -1.7886     -0.807     0.1812    -1.2092 -9.990e-29
 235.865411     -0.810   0.322482    17.7058    -1.7885     -0.803     0.1812    -1.2097 -9.990e-29
 235.865417     -0.813   0.322482    17.7073    -1.7884     -0.806     0.1812    -1.2100 -9.990e-29
 235.865422     -0.818   0.322482    17.7082    -1.7884     -0.811     0.1812    -1.2102 -9.990e-29
 235.865428     -0.822   0.322482    17.7082    -1.7882     -0.815     0.1812    -1.2102 -9.990e-29
 235.865434     -0.825   0.322482    17.7077    -1.7882     -0.818     0.1812    -1.2101 -9.990e-29
 235.865440     -0.827   0.322482    17.7079    -1.7883     -0.820     0.1812    -1.2101 -9.990e-29
 235.865446     -0.829   0.322483    17.7096    -1.7884     -0.822     0.1812    -1.2104 -9.990e-29
 235.865451     -0.830   0.322483    17.7121    -1.7885     -0.823     0.1812    -1.2109 -9.990e-29
 235.865457     -0.830   0.322483    17.7145    -1.7885     -0.823     0.1812    -1.2113 -9.990e-29
 235.865463     -0.830   0.322483    17.7168    -1.7884     -0.823     0.1812    -1.2118 -9.990e-29
 235.865469     -0.830   0.322483    17.7191    -1.7882     -0.823     0.1812    -1.2122 -9.990e-29
 235.865475     -0.829   0.322483    17.7214    -1.7883     -0.822     0.1812    -1.2126 -9.990e-29
 235.865480     -0.827   0.322483    17.7236    -1.7883     -0.820     0.1812    -1.2130 -9.990e-29
 235.865486     -0.824   0.322484    17.7244    -1.7884     -0.817     0.1812    -1.2132 -9.990e-29
 235.865492     -0.821   0.322484    17.7233    -1.7882     -0.814     0.1812    -1.2130 -9.990e-29
 235.865498     -0.817   0.322484    17.7213    -1.7880     -0.810     0.1812    -1.2126 -9.990e-29
 235.865503     -0.811   0.322484    17.7199    -1.7878     -0.804     0.1812    -1.2123 -9.990e-29
 235.865509     -0.808   0.322484    17.7200    -1.7874     -0.801     0.1812    -1.2124 -9.990e-29
 235.865515     -0.811   0.322484    17.7214    -1.7874     -0.804     0.1812    -1.2126 -9.990e-29
 235.865521     -0.817   0.322484    17.7229    -1.7876     -0.810     0.1812    -1.2129 -9.990e-29
 235.865527     -0.822   0.322485    17.7233    -1.7880     -0.815     0.1812    -1.2130 -9.990e-29
 235.865532     -0.826   0.322485    17.7232    -1.7880     -0.819     0.1812    -1.2130 -9.990e-29
 235.865538     -0.828   0.322485    17.7242    -1.7881     -0.821     0.1812    -1.2131 -9.990e-29
 235.865544     -0.831   0.322485    17.7274    -1.7885     -0.824     0.1811    -1.2137 -9.990e-29
 235.865550     -0.833   0.322485    17.7326    -1.7886     -0.826     0.1811    -1.2147 -9.990e-29
 235.865556     -0.834   0.322485    17.7386    -1.7887     -0.827     0.1811    -1.2158 -9.990e-29
 235.865561     -0.835   0.322485    17.7433    -1.7884     -0.828     0.1811    -1.2167 -9.990e-29
 235.865567     -0.836   0.322486    17.7439    -1.7883     -0.829     0.1811    -1.2168 -9.990e-29
 235.865573     -0.837   0.322486    17.7404    -1.7885     -0.830     0.1811    -1.2161 -9.990e-29
 235.865579     -0.838   0.322486    17.7356    -1.7887     -0.831     0.1811    -1.2153 -9.990e-29
 235.865584     -0.838   0.322486    17.7312    -1.7886     -0.831     0.1811    -1.2144 -9.990e-29
 235.865590     -0.839   0.322486    17.7263    -1.7886     -0.832     0.1811    -1.2135 -9.990e-29
 235.865596     -0.840   0.322486    17.7208    -1.7884     -0.833     0.1812    -1.2125 -9.990e-29
 235.865602     -0.841   0.322486    17.7169    -1.7884     -0.834     0.1812    -1.2118 -9.990e-29
 235.865608     -0.843   0.322487    17.7160    -1.7887     -0.836     0.1812    -1.2116 -9.990e-29
 235.865613     -0.844   0.322487    17.7178    -1.7893     -0.837     0.1812    -1.2119 -9.990e-29
 235.865619     -0.842   0.322487    17.7192    -1.7895     -0.835     0.1812    -1.2122 -9.990e-29
 235.865625     -0.831   0.322487    17.7178    -1.7898     -0.824     0.1812    -1.2119 -9.990e-29
 235.865631     -0.820   0.322487    17.7156    -1.7898     -0.813     0.1812    -1.2115 -9.990e-29
 235.865637     -0.817   0.322487    17.7151    -1.7897     -0.810     0.1812    -1.2114 -9.990e-29
 235.865642     -0.816   0.322487    17.7159    -1.7898     -0.809     0.1812    -1.2116 -9.990e-29
 235.865648     -0.814   0.322488    17.7163    -1.7898     -0.807     0.1812    -1.2117 -9.990e-29
 235.865654     -0.810   0.322488    17.7140    -1.7896     -0.803     0.1812    -1.2112 -9.990e-29
 235.865660     -0.805   0.322488    17.7077    -1.7893     -0.798     0.1812    -1.2101 -9.990e-29
 235.865666     -0.798   0.322488    17.6991    -1.7891     -0.791     0.1813    -1.2085 -9.990e-29
 235.865671     -0.792   0.322488    17.6912    -1.7893     -0.785     0.1813    -1.2070 -9.990e-29
 235.865677     -0.792   0.322488    17.6857    -1.7894     -0.785     0.1813    -1.2060 -9.990e-29
 235.865683     -0.793   0.322488    17.6833    -1.7895     -0.786     0.1813    -1.2056 -9.990e-29
 235.865689     -0.792   0.322489    17.6829    -1.7893     -0.785     0.1813    -1.2055 -9.990e-29
 235.865694     -0.787   0.322489    17.6831    -1.7893     -0.780     0.1813    -1.2055 -9.990e-29
 235.865700     -0.780   0.322489    17.6849    -1.7891     -0.773     0.1813    -1.2059 -9.990e-29
 235.865706     -0.772   0.322489    17.6890    -1.7891     -0.766     0.1813    -1.2066 -9.990e-29
 235.865712     -0.774   0.322490    17.6934    -1.7895     -0.768     0.1813    -1.2074 -9.990e-29
 235.865718     -0.784   0.322491    17.6955    -1.7896     -0.777     0.1813    -1.2078 -9.990e-29
 235.865723     -0.795   0.322494    17.6946    -1.7895     -0.788     0.1813    -1.2076 -9.990e-29
 235.865729     -0.804   0.322503    17.6928    -1.7893     -0.797     0.1813    -1.2073 -9.990e-29
 235.865735     -0.810   0.322531    17.6925    -1.7893     -0.803     0.1813    -1.2072 -9.990e-29
 235.865741     -0.814   0.322614    17.6940    -1.7891     -0.807     0.1814    -1.2075 -9.990e-29
 235.865747     -0.817   0.322861    17.6961    -1.7890     -0.810     0.1815    -1.2078 -9.990e-29
 235.865752     -0.819   0.323048    17.6973    -1.7891     -0.812     0.1816    -1.2079 -9.990e-29
 235.865758     -0.820   0.322873    17.6958    -1.7891     -0.813     0.1815    -1.2077 -9.990e-29
 235.865764     -0.819   0.322655    17.6923    -1.7891     -0.812     0.1814    -1.2072 -9.990e-29
 235.865770     -0.817   0.322656    17.6905    -1.7892     -0.810     0.1814    -1.2068 -9.990e-29
 235.865775     -0.814   0.322879    17.6919    -1.7889     -0.807     0.1815    -1.2070 -9.990e-29
 235.865781     -0.809   0.323067    17.6949    -1.7889     -0.802     0.1816    -1.2075 -9.990e-29
 235.865787     -0.802   0.322917    17.6976    -1.7890     -0.795     0.1815    -1.2080 -9.990e-29
 235.865793     -0.798   0.322780    17.6997    -1.7889     -0.791     0.1814    -1.2085 -9.990e-29
 235.865799     -0.799   0.323030    17.7009    -1.7887     -0.792     0.1816    -1.2086 -9.990e-29
 235.865804     -0.802   0.323446    17.7010    -1.7887     -0.795     0.1818    -1.2084 -9.990e-29
 235.865810     -0.803   0.323474    17.7007    -1.7892     -0.796     0.1818    -1.2083 -9.990e-29
 235.865816     -0.802   0.323152    17.7005    -1.7894     -0.795     0.1816    -1.2085 -9.990e-29
 235.865822     -0.798   0.323155    17.7014    -1.7890     -0.791     0.1816    -1.2086 -9.990e-29
 235.865828     -0.792   0.323490    17.7034    -1.7885     -0.785     0.1818    -1.2088 -9.990e-29
 235.865833     -0.783   0.323495    17.7047    -1.7877     -0.776     0.1818    -1.2091 -9.990e-29
 235.865839     -0.770   0.323177    17.7055    -1.7869     -0.764     0.1816    -1.2094 -9.990e-29
 235.865845     -0.758   0.323218    17.7069    -1.7872     -0.752     0.1816    -1.2096 -9.990e-29
 235.865851     -0.753   0.323673    17.7079    -1.7874     -0.747     0.1819    -1.2096 -9.990e-29
 235.865856     -0.755   0.324042    17.7064    -1.7874     -0.749     0.1821    -1.2092 -9.990e-29
 235.865862     -0.756   0.324264    17.7027    -1.7872     -0.750     0.1823    -1.2084 -9.990e-29
 235.865868     -0.757   0.324634    17.7019    -1.7868     -0.751     0.1825    -1.2081 -9.990e-29
 235.865874     -0.761   0.325646    17.7081    -1.7865     -0.755     0.1830    -1.2088 -9.990e-29
 235.865880     -0.764   0.328095    17.7205    -1.7862     -0.758     0.1844    -1.2100 -9.990e-29
 235.865885     -0.763   0.331923    17.7358    -1.7861     -0.757     0.1865    -1.2112 -9.990e-29
 235.865891     -0.761   0.335593    17.7472    -1.7858     -0.755     0.1885    -1.2117 -9.990e-29
 235.865897     -0.763   0.337912    17.7502    -1.7850     -0.757     0.1898    -1.2112 -9.990e-29
 235.865903     -0.764   0.339202    17.7495    -1.7846     -0.758     0.1906    -1.2105 -9.990e-29
 235.865909     -0.765   0.340077    17.7509    -1.7845     -0.759     0.1911    -1.2104 -9.990e-29
 235.865914     -0.770   0.340594    17.7556    -1.7849     -0.764     0.1913    -1.2110 -9.990e-29
 235.865920     -0.775   0.340890    17.7630    -1.7849     -0.769     0.1915    -1.2123 -9.990e-29
 235.865926     -0.775   0.341358    17.7714    -1.7849     -0.769     0.1917    -1.2136 -9.990e-29
 235.865932     -0.772   0.342070    17.7788    -1.7850     -0.766     0.1921    -1.2147 -9.990e-29
 235.865938     -0.765   0.342869    17.7861    -1.7848     -0.759     0.1925    -1.2157 -9.990e-29
 235.865943     -0.753   0.343711    17.7965    -1.7845     -0.747     0.1929    -1.2173 -9.990e-29
 235.865949     -0.740   0.344615    17.8093    -1.7842     -0.734     0.1934    -1.2193 -9.990e-29
 235.865955     -0.729   0.345676    17.8193    -1.7842     -0.723     0.1940    -1.2207 -9.990e-29
 235.865961     -0.720   0.346649    17.8228    -1.7845     -0.714     0.1945    -1.2209 -9.990e-29
 235.865966     -0.716   0.347170    17.8212    -1.7846     -0.710     0.1948    -1.2204 -9.990e-29
 235.865972     -0.721   0.347380    17.8188    -1.7844     -0.715     0.1949    -1.2198 -9.990e-29
 235.865978     -0.732   0.347559    17.8175    -1.7843     -0.726     0.1950    -1.2195 -9.990e-29
 235.865984     -0.740   0.347947    17.8183    -1.7844     -0.734     0.1953    -1.2195 -9.990e-29
 235.865990     -0.742   0.348506    17.8226    -1.7844     -0.736     0.1955    -1.2201 -9.990e-29
 235.865995     -0.738   0.348876    17.8288    -1.7847     -0.732     0.1957    -1.2210 -9.990e-29
 235.866001     -0.732   0.348995    17.8331    -1.7843     -0.726     0.1958    -1.2218 -9.990e-29
 235.866007     -0.732   0.349023    17.8333    -1.7841     -0.726     0.1958    -1.2218 -9.990e-29
 235.866013     -0.739   0.348995    17.8307    -1.7837     -0.733     0.1958    -1.2214 -9.990e-29
 235.866019     -0.743   0.348877    17.8292    -1.7839     -0.737     0.1957    -1.2211 -9.990e-29
 235.866024     -0.741   0.348508    17.8300    -1.7838     -0.735     0.1955    -1.2214 -9.990e-29
 235.866030     -0.733   0.347950    17.8311    -1.7836     -0.727     0.1952    -1.2219 -9.990e-29
 235.866036     -0.718   0.347566    17.8311    -1.7835     -0.712     0.1950    -1.2221 -9.990e-29
 235.866042     -0.700   0.347398    17.8305    -1.7834     -0.694     0.1949    -1.2220 -9.990e-29
 235.866047     -0.682   0.347221    17.8316    -1.7834     -0.676     0.1948    -1.2223 -9.990e-29
 235.866053     -0.662   0.346797    17.8360    -1.7839     -0.656     0.1945    -1.2233 -9.990e-29
 235.866059     -0.644   0.346115    17.8423    -1.7841     -0.639     0.1941    -1.2248 -9.990e-29
 235.866065     -0.631   0.345373    17.8473    -1.7845     -0.626     0.1937    -1.2260 -9.990e-29
 235.866071     -0.622   0.344689    17.8498    -1.7849     -0.617     0.1933    -1.2268 -9.990e-29
 235.866076     -0.616   0.344259    17.8520    -1.7852     -0.611     0.1930    -1.2274 -9.990e-29
 235.866082     -0.613   0.344062    17.8550    -1.7851     -0.608     0.1929    -1.2280 -9.990e-29
 235.866088     -0.612   0.343834    17.8577    -1.7848     -0.607     0.1927    -1.2287 -9.990e-29
 235.866094     -0.615   0.343457    17.8585    -1.7847     -0.610     0.1925    -1.2290 -9.990e-29
 235.866100     -0.620   0.342980    17.8555    -1.7848     -0.615     0.1923    -1.2286 -9.990e-29
 235.866105     -0.624   0.342505    17.8488    -1.7844     -0.619     0.1920    -1.2276 -9.990e-29
 235.866111     -0.624   0.341954    17.8405    -1.7843     -0.619     0.1917    -1.2263 -9.990e-29
 235.866117     -0.623   0.341327    17.8313    -1.7835     -0.618     0.1914    -1.2248 -9.990e-29
 235.866123     -0.625   0.340897    17.8226    -1.7824     -0.620     0.1912    -1.2234 -9.990e-29
 235.866128     -0.630   0.340644    17.8173    -1.7819     -0.625     0.1911    -1.2225 -9.990e-29
 235.866134     -0.635   0.340231    17.8175    -1.7816     -0.630     0.1909    -1.2227 -9.990e-29
 235.866140     -0.636   0.339658    17.8210    -1.7812     -0.631     0.1905    -1.2236 -9.990e-29
 235.866146     -0.636   0.339271    17.8243    -1.7805     -0.631     0.1903    -1.2244 -9.990e-29
 235.866152     -0.641   0.339105    17.8281    -1.7801     -0.636     0.1902    -1.2252 -9.990e-29
 235.866157     -0.651   0.338940    17.8348    -1.7802     -0.646     0.1901    -1.2265 -9.990e-29
 235.866163     -0.661   0.338556    17.8465    -1.7802     -0.655     0.1898    -1.2289 -9.990e-29
 235.866169     -0.665   0.337993    17.8645    -1.7802     -0.659     0.1894    -1.2325 -9.990e-29
 235.866175     -0.662   0.337609    17.8847    -1.7807     -0.656     0.1891    -1.2364 -9.990e-29
 235.866181     -0.660   0.337445    17.9012    -1.7808     -0.654     0.1889    -1.2396 -9.990e-29
 235.866186     -0.660   0.337281    17.9148    -1.7810     -0.654     0.1888    -1.2422 -9.990e-29
 235.866192     -0.653   0.336898    17.9286    -1.7808     -0.648     0.1885    -1.2450 -9.990e-29
 235.866198     -0.639   0.336340    17.9420    -1.7805     -0.634     0.1881    -1.2477 -9.990e-29
 235.866204     -0.624   0.335968    17.9512    -1.7803     -0.619     0.1879    -1.2496 -9.990e-29
 235.866209     -0.613   0.335840    17.9544    -1.7801     -0.608     0.1878    -1.2503 -9.990e-29
 235.866215     -0.605   0.335785    17.9536    -1.7800     -0.600     0.1878    -1.2502 -9.990e-29
 235.866221     -0.600   0.335731    17.9502    -1.7799     -0.595     0.1877    -1.2495 -9.990e-29
 235.866227     -0.596   0.335603    17.9450    -1.7797     -0.591     0.1877    -1.2486 -9.990e-29
 235.866233     -0.594   0.335233    17.9409    -1.7798     -0.589     0.1875    -1.2480 -9.990e-29
 235.866238     -0.593   0.334679    17.9395    -1.7798     -0.588     0.1872    -1.2480 -9.990e-29
 235.866244     -0.594   0.334310    17.9421    -1.7797     -0.589     0.1870    -1.2486 -9.990e-29
 235.866250     -0.597   0.334185    17.9477    -1.7797     -0.592     0.1869    -1.2497 -9.990e-29
 235.866256     -0.601   0.334140    17.9533    -1.7800     -0.596     0.1868    -1.2508 -9.990e-29
 235.866262     -0.608   0.334113    17.9578    -1.7810     -0.603     0.1868    -1.2517 -9.990e-29
 235.866267     -0.613   0.334067    17.9618    -1.7815     -0.608     0.1867    -1.2524 -9.990e-29
 235.866273     -0.612   0.333943    17.9654    -1.7817     -0.607     0.1867    -1.2532 -9.990e-29
 235.866279     -0.609   0.333573    17.9678    -1.7818     -0.604     0.1864    -1.2538 -9.990e-29
 235.866285     -0.610   0.333019    17.9687    -1.7827     -0.605     0.1861    -1.2542 -9.990e-29
 235.866291     -0.612   0.332650    17.9688    -1.7831     -0.607     0.1859    -1.2544 -9.990e-29
