data/oxygen options/ONMS/Olympic_Coast_National_Marine_Sanctuary_CTD_Data_2005_2023/raw_data/2022/CAST_KL015_220920faed.cnv
* Sea-Bird SBE 19 Data File:
* FileName = C:\2022 Mooring Data\Casts\CAST_KL015_220920.hex
* Software Version SeatermAF 2.1.2
* Temperature SN = 2997
* Conductivity SN = 2997
* System UpLoad Time = Sep 20 2022 17:24:15 (localtime) = Sep 20 2022 17:24:15 (UTC)
** CAST_KL015_220920
* ds
# nquan = 9                                 
# nvalues = 1089                        
# units = specified
# name 0 = timeJ: Julian Days
# name 1 = prSM: Pressure, Strain Gauge [db]
# name 2 = c0mS/cm: Conductivity [mS/cm]
# name 3 = t090C: Temperature [ITS-90, deg C]
# name 4 = sbeox0ML/L: Oxygen, SBE 43 [ml/l]
# name 5 = depSM: Depth [salt water, m], lat = 47.5
# name 6 = sal00: Salinity, Practical [PSU]
# name 7 = sigma-é00: Density [sigma-theta, kg/m^3]
# name 8 = flag: flag
# span 0 = 263.705081, 263.711377       
# span 1 =     -6.527,     13.792       
# span 2 =   0.012402,  38.645129       
# span 3 =    10.0012,    15.1278       
# span 4 =    -1.9195,    15.7706       
# span 5 =     -6.473,     13.676       
# span 6 =     0.0123,    33.1110       
# span 7 =    -0.9066,    25.4761       
# span 8 = 0.0000e+00, 0.0000e+00       
# interval = seconds: 0.5
# start_time = Sep 20 2022 16:55:19 [Instrument's time stamp, header]
# bad_flag = -9.990e-29
*END*
[from data line 481]
 263.707865     -1.387   0.017646    15.0047    -1.8914     -1.375     0.0151    -0.8879 -9.990e-29
 263.707870     -1.388   0.017523    15.0113    -1.8916     -1.376     0.0151    -0.8890 -9.990e-29
 263.707876     -1.389   0.017481    15.0195    -1.8919     -1.377     0.0150    -0.8902 -9.990e-29
 263.707882     -1.391   0.017467    15.0282    -1.8922     -1.379     0.0150    -0.8916 -9.990e-29
 263.707888     -1.395   0.017463    15.0340    -1.8925     -1.383     0.0150    -0.8924 -9.990e-29
 263.707894     -1.399   0.017461    15.0344    -1.8933     -1.387     0.0150    -0.8925 -9.990e-29
 263.707899     -1.404   0.017460    15.0296    -1.8941     -1.392     0.0150    -0.8918 -9.990e-29
 263.707905     -1.407   0.017459    15.0212    -1.8948     -1.395     0.0150    -0.8905 -9.990e-29
 263.707911     -1.404   0.017459    15.0109    -1.8957     -1.392     0.0150    -0.8890 -9.990e-29
 263.707917     -1.398   0.017459    15.0008    -1.8968     -1.386     0.0150    -0.8874 -9.990e-29
 263.707922     -1.393   0.017459    14.9921    -1.8973     -1.381     0.0150    -0.8861 -9.990e-29
 263.707928     -1.389   0.017458    14.9841    -1.8976     -1.377     0.0150    -0.8849 -9.990e-29
 263.707934     -1.386   0.017458    14.9753    -1.8982     -1.374     0.0150    -0.8836 -9.990e-29
 263.707940     -1.384   0.017458    14.9635    -1.8989     -1.372     0.0150    -0.8818 -9.990e-29
 263.707946     -1.382   0.017458    14.9472    -1.8992     -1.370     0.0150    -0.8794 -9.990e-29
 263.707951     -1.380   0.017457    14.9284    -1.8994     -1.368     0.0150    -0.8765 -9.990e-29
 263.707957     -1.378   0.017457    14.9088    -1.8993     -1.367     0.0150    -0.8736 -9.990e-29
 263.707963     -1.377   0.017457    14.8880    -1.8986     -1.366     0.0150    -0.8705 -9.990e-29
 263.707969     -1.376   0.017457    14.8680    -1.8985     -1.365     0.0150    -0.8675 -9.990e-29
 263.707975     -1.374   0.017456    14.8519    -1.8984     -1.363     0.0150    -0.8651 -9.990e-29
 263.707980     -1.373   0.017456    14.8390    -1.8981     -1.362     0.0150    -0.8632 -9.990e-29
 263.707986     -1.371   0.017456    14.8261    -1.8978     -1.360     0.0150    -0.8613 -9.990e-29
 263.707992     -1.368   0.017456    14.8139    -1.8977     -1.357     0.0150    -0.8595 -9.990e-29
 263.707998     -1.365   0.017456    14.8054    -1.8983     -1.354     0.0150    -0.8582 -9.990e-29
 263.708003     -1.362   0.017455    14.8021    -1.8988     -1.351     0.0150    -0.8577 -9.990e-29
 263.708009     -1.357   0.017455    14.8047    -1.8990     -1.346     0.0150    -0.8581 -9.990e-29
 263.708015     -1.351   0.017455    14.8114    -1.8993     -1.340     0.0150    -0.8591 -9.990e-29
 263.708021     -1.344   0.017455    14.8177    -1.8995     -1.333     0.0150    -0.8600 -9.990e-29
 263.708027     -1.338   0.017454    14.8225    -1.8998     -1.327     0.0150    -0.8607 -9.990e-29
 263.708032     -1.339   0.017454    14.8273    -1.9001     -1.328     0.0150    -0.8615 -9.990e-29
 263.708038     -1.342   0.017454    14.8310    -1.9004     -1.331     0.0150    -0.8620 -9.990e-29
 263.708044     -1.342   0.017454    14.8301    -1.9006     -1.331     0.0150    -0.8619 -9.990e-29
 263.708050     -1.340   0.017453    14.8235    -1.9006     -1.329     0.0150    -0.8609 -9.990e-29
 263.708056     -1.336   0.017453    14.8147    -1.9004     -1.325     0.0150    -0.8596 -9.990e-29
 263.708061     -1.334   0.017453    14.8068    -1.9004     -1.323     0.0150    -0.8584 -9.990e-29
 263.708067     -1.337   0.017453    14.7999    -1.9003     -1.326     0.0150    -0.8574 -9.990e-29
 263.708073     -1.342   0.017452    14.7932    -1.9005     -1.331     0.0150    -0.8564 -9.990e-29
 263.708079     -1.345   0.017452    14.7862    -1.9006     -1.334     0.0150    -0.8553 -9.990e-29
 263.708084     -1.346   0.017452    14.7792    -1.9009     -1.335     0.0150    -0.8543 -9.990e-29
 263.708090     -1.345   0.017452    14.7735    -1.9012     -1.334     0.0150    -0.8535 -9.990e-29
 263.708096     -1.341   0.017451    14.7698    -1.9015     -1.330     0.0150    -0.8529 -9.990e-29
 263.708102     -1.340   0.017451    14.7685    -1.9020     -1.329     0.0150    -0.8527 -9.990e-29
 263.708108     -1.345   0.017451    14.7694    -1.9025     -1.334     0.0150    -0.8529 -9.990e-29
 263.708113     -1.352   0.017451    14.7706    -1.9031     -1.341     0.0150    -0.8530 -9.990e-29
 263.708119     -1.358   0.017450    14.7704    -1.9032     -1.347     0.0150    -0.8530 -9.990e-29
 263.708125     -1.362   0.017450    14.7680    -1.9032     -1.351     0.0150    -0.8527 -9.990e-29
 263.708131     -1.365   0.017450    14.7635    -1.9029     -1.354     0.0150    -0.8520 -9.990e-29
 263.708137     -1.368   0.017450    14.7572    -1.9015     -1.357     0.0150    -0.8511 -9.990e-29
 263.708142     -1.370   0.017450    14.7495    -1.9004     -1.359     0.0150    -0.8499 -9.990e-29
 263.708148     -1.371   0.017449    14.7403    -1.8999     -1.360     0.0150    -0.8486 -9.990e-29
 263.708154     -1.373   0.017449    14.7296    -1.8999     -1.362     0.0150    -0.8470 -9.990e-29
 263.708160     -1.374   0.017449    14.7188    -1.8999     -1.363     0.0150    -0.8454 -9.990e-29
 263.708166     -1.374   0.017449    14.7103    -1.8999     -1.363     0.0150    -0.8441 -9.990e-29
 263.708171     -1.375   0.017448    14.7068    -1.8999     -1.364     0.0150    -0.8436 -9.990e-29
 263.708177     -1.375   0.017448    14.7101    -1.9001     -1.364     0.0150    -0.8441 -9.990e-29
 263.708183     -1.375   0.017448    14.7221    -1.9000     -1.364     0.0150    -0.8459 -9.990e-29
 263.708189     -1.375   0.017448    14.7421    -1.9001     -1.364     0.0150    -0.8488 -9.990e-29
 263.708194     -1.375   0.017447    14.7620    -1.9002     -1.364     0.0150    -0.8518 -9.990e-29
 263.708200     -1.375   0.017447    14.7747    -1.9004     -1.364     0.0150    -0.8536 -9.990e-29
 263.708206     -1.375   0.017447    14.7804    -1.9007     -1.364     0.0150    -0.8545 -9.990e-29
 263.708212     -1.375   0.017447    14.7823    -1.9007     -1.364     0.0150    -0.8548 -9.990e-29
 263.708218     -1.374   0.017446    14.7826    -1.9008     -1.363     0.0150    -0.8548 -9.990e-29
 263.708223     -1.373   0.017446    14.7817    -1.9009     -1.362     0.0150    -0.8547 -9.990e-29
 263.708229     -1.372   0.017446    14.7803    -1.9009     -1.361     0.0150    -0.8545 -9.990e-29
 263.708235     -1.371   0.017446    14.7792    -1.9011     -1.360     0.0150    -0.8543 -9.990e-29
 263.708241     -1.369   0.017445    14.7776    -1.9011     -1.358     0.0150    -0.8541 -9.990e-29
 263.708247     -1.367   0.017445    14.7744    -1.9011     -1.356     0.0150    -0.8536 -9.990e-29
 263.708252     -1.365   0.017445    14.7700    -1.9012     -1.354     0.0150    -0.8530 -9.990e-29
 263.708258     -1.361   0.017445    14.7659    -1.9013     -1.350     0.0150    -0.8523 -9.990e-29
 263.708264     -1.356   0.017444    14.7633    -1.9013     -1.345     0.0150    -0.8520 -9.990e-29
 263.708270     -1.351   0.017444    14.7613    -1.9012     -1.340     0.0150    -0.8517 -9.990e-29
 263.708275     -1.343   0.017444    14.7594    -1.9012     -1.332     0.0150    -0.8514 -9.990e-29
 263.708281     -1.338   0.017444    14.7574    -1.9012     -1.327     0.0150    -0.8511 -9.990e-29
 263.708287     -1.338   0.017443    14.7554    -1.9012     -1.327     0.0150    -0.8508 -9.990e-29
 263.708293     -1.341   0.017443    14.7539    -1.9012     -1.330     0.0150    -0.8506 -9.990e-29
 263.708299     -1.341   0.017443    14.7527    -1.9012     -1.330     0.0150    -0.8504 -9.990e-29
 263.708304     -1.338   0.017443    14.7514    -1.9011     -1.327     0.0150    -0.8502 -9.990e-29
 263.708310     -1.334   0.017443    14.7503    -1.9011     -1.323     0.0150    -0.8500 -9.990e-29
 263.708316     -1.330   0.017442    14.7498    -1.9011     -1.319     0.0150    -0.8500 -9.990e-29
 263.708322     -1.333   0.017442    14.7500    -1.9014     -1.322     0.0150    -0.8500 -9.990e-29
 263.708328     -1.336   0.017442    14.7504    -1.9015     -1.325     0.0150    -0.8501 -9.990e-29
 263.708333     -1.338   0.017442    14.7508    -1.9016     -1.327     0.0150    -0.8501 -9.990e-29
 263.708339     -1.336   0.017442    14.7511    -1.9018     -1.325     0.0150    -0.8502 -9.990e-29
 263.708345     -1.333   0.017444    14.7511    -1.9019     -1.322     0.0150    -0.8502 -9.990e-29
 263.708351     -1.326   0.017450    14.7512    -1.9020     -1.315     0.0150    -0.8502 -9.990e-29
 263.708356     -1.316   0.017467    14.7518    -1.9019     -1.305     0.0150    -0.8503 -9.990e-29
 263.708362     -1.302   0.017519    14.7520    -1.8985     -1.291     0.0150    -0.8503 -9.990e-29
 263.708368     -1.288   0.017676    14.7505    -1.6141     -1.277     0.0151    -0.8500 -9.990e-29
 263.708374     -1.276   0.018147    14.7471    -1.6084     -1.265     0.0153    -0.8493 -9.990e-29
 263.708380     -1.267   0.019562    14.7430    -1.6070     -1.256     0.0161    -0.8481 -9.990e-29
 263.708385     -1.259   0.023807    14.7381    -1.6050     -1.248     0.0183    -0.8457 -9.990e-29
 263.708391     -1.248   0.036542    14.7300    -1.6046     -1.238     0.0251    -0.8392 -9.990e-29
 263.708397     -1.229   0.074748    14.7121    -1.6062     -1.219     0.0464    -0.8200 -9.990e-29
 263.708403     -1.205   0.189365    14.6639    -1.6064     -1.195     0.1136    -0.7607 -9.990e-29
 263.708409     -1.183   0.533218    14.5238    -1.6035     -1.173     0.3268    -0.5747 -9.990e-29
 263.708414     -1.161   1.564777    14.2336    -1.6025     -1.151     1.0100    -0.0036 -9.990e-29
 263.708420     -1.130   4.651156    13.8755    -1.6008     -1.121     3.2254     1.7587 -9.990e-29
 263.708426     -1.087  13.086204    13.6100    -1.6008     -1.078     9.8597     6.9038 -9.990e-29
 263.708432     -1.039  25.215029    13.4774    -1.6006     -1.030    20.2089    14.8834 -9.990e-29
 263.708438     -0.986  33.419584    13.4209    -1.6009     -0.978    27.6036    20.5915 -9.990e-29
 263.708443     -0.925  36.420471    13.3956    -1.6008     -0.917    30.3854    22.7441 -9.990e-29
 263.708449     -0.858  37.523729    13.3849    -1.6007     -0.851    31.4191    23.5449 -9.990e-29
 263.708455     -0.787  37.916420    13.3850    -1.6004     -0.780    31.7851    23.8278 -9.990e-29
 263.708461     -0.717  38.035965    13.3926    -1.6006     -0.711    31.8902    23.9076 -9.990e-29
 263.708466     -0.656  38.118636    13.4032    -1.6004     -0.651    31.9585    23.9582 -9.990e-29
 263.708472     -0.610  38.240606    13.4111    -1.6003     -0.605    32.0657    24.0395 -9.990e-29
 263.708478     -0.570  38.357870    13.4132    -1.6005     -0.565    32.1734    24.1224 -9.990e-29
 263.708484     -0.535  38.444800    13.4101    -1.6009     -0.531    32.2572    24.1878 -9.990e-29
 263.708490     -0.507  38.498079    13.4041    -1.6009     -0.503    32.3121    24.2314 -9.990e-29
 263.708495     -0.482  38.525552    13.3994    -1.6007     -0.478    32.3417    24.2553 -9.990e-29
 263.708501     -0.461  38.544919    13.3984    -1.6007     -0.457    32.3607    24.2701 -9.990e-29
 263.708507     -0.442  38.562514    13.3984    -1.6012     -0.438    32.3771    24.2828 -9.990e-29
 263.708513     -0.427  38.578385    13.3967    -1.6012     -0.423    32.3934    24.2958 -9.990e-29
 263.708519     -0.420  38.589161    13.3942    -1.6011     -0.416    32.4056    24.3057 -9.990e-29
 263.708524     -0.421  38.597007    13.3907    -1.6010     -0.417    32.4159    24.3144 -9.990e-29
 263.708530     -0.426  38.606344    13.3837    -1.6011     -0.422    32.4306    24.3271 -9.990e-29
 263.708536     -0.426  38.614055    13.3750    -1.6008     -0.422    32.4453    24.3402 -9.990e-29
 263.708542     -0.416  38.619339    13.3695    -1.6012     -0.413    32.4549    24.3487 -9.990e-29
 263.708547     -0.401  38.626560    13.3685    -1.6010     -0.398    32.4625    24.3548 -9.990e-29
 263.708553     -0.389  38.635943    13.3685    -1.6009     -0.386    32.4713    24.3616 -9.990e-29
 263.708559     -0.381  38.639949    13.3664    -1.6009     -0.378    32.4768    24.3663 -9.990e-29
 263.708565     -0.380  38.632836    13.3630    -1.6009     -0.377    32.4730    24.3641 -9.990e-29
 263.708571     -0.383  38.622616    13.3597    -1.6008     -0.380    32.4663    24.3595 -9.990e-29
 263.708576     -0.387  38.620999    13.3570    -1.6006     -0.384    32.4671    24.3607 -9.990e-29
 263.708582     -0.384  38.628361    13.3568    -1.6009     -0.381    32.4741    24.3662 -9.990e-29
 263.708588     -0.373  38.638368    13.3592    -1.6011     -0.370    32.4815    24.3713 -9.990e-29
 263.708594     -0.362  38.645129    13.3613    -1.6012     -0.359    32.4860    24.3744 -9.990e-29
 263.708600     -0.356  38.641679    13.3613    -1.6009     -0.353    32.4828    24.3719 -9.990e-29
 263.708605     -0.353  38.633385    13.3611    -1.6010     -0.350    32.4752    24.3661 -9.990e-29
 263.708611     -0.354  38.635185    13.3629    -1.6010     -0.351    32.4753    24.3659 -9.990e-29
 263.708617     -0.358  38.642420    13.3657    -1.6011     -0.355    32.4797    24.3687 -9.990e-29
 263.708623     -0.366  38.643107    13.3670    -1.6011     -0.363    32.4792    24.3681 -9.990e-29
 263.708628     -0.377  38.641188    13.3666    -1.6012     -0.374    32.4778    24.3670 -9.990e-29
 263.708634     -0.394  38.643854    13.3659    -1.6014     -0.391    32.4809    24.3696 -9.990e-29
 263.708640     -0.413  38.644799    13.3654    -1.6014     -0.410    32.4822    24.3707 -9.990e-29
 263.708646     -0.425  38.634861    13.3642    -1.6011     -0.421    32.4739    24.3645 -9.990e-29
 263.708652     -0.429  38.622305    13.3628    -1.6011     -0.425    32.4634    24.3566 -9.990e-29
 263.708657     -0.424  38.621430    13.3624    -1.6012     -0.420    32.4629    24.3563 -9.990e-29
 263.708663     -0.414  38.629050    13.3634    -1.6013     -0.411    32.4692    24.3610 -9.990e-29
 263.708669     -0.406  38.632017    13.3649    -1.6013     -0.403    32.4707    24.3619 -9.990e-29
 263.708675     -0.406  38.626665    13.3656    -1.6013     -0.403    32.4651    24.3574 -9.990e-29
 263.708681     -0.408  38.616726    13.3645    -1.6013     -0.405    32.4567    24.3511 -9.990e-29
 263.708686     -0.404  38.607102    13.3621    -1.6013     -0.401    32.4497    24.3462 -9.990e-29
 263.708692     -0.394  38.601433    13.3606    -1.6015     -0.391    32.4457    24.3434 -9.990e-29
 263.708698     -0.385  38.601910    13.3605    -1.6015     -0.382    32.4462    24.3438 -9.990e-29
 263.708704     -0.382  38.608269    13.3607    -1.6011     -0.379    32.4520    24.3483 -9.990e-29
 263.708709     -0.384  38.615205    13.3603    -1.6012     -0.381    32.4588    24.3536 -9.990e-29
 263.708715     -0.392  38.617622    13.3596    -1.6014     -0.389    32.4617    24.3560 -9.990e-29
 263.708721     -0.401  38.614486    13.3592    -1.6014     -0.398    32.4591    24.3541 -9.990e-29
 263.708727     -0.404  38.608563    13.3594    -1.6013     -0.401    32.4534    24.3496 -9.990e-29
 263.708733     -0.396  38.605064    13.3598    -1.6016     -0.393    32.4498    24.3467 -9.990e-29
 263.708738     -0.381  38.605150    13.3591    -1.6015     -0.378    32.4504    24.3474 -9.990e-29
 263.708744     -0.368  38.605797    13.3567    -1.6015     -0.365    32.4531    24.3499 -9.990e-29
 263.708750     -0.358  38.605852    13.3549    -1.6015     -0.355    32.4547    24.3515 -9.990e-29
 263.708756     -0.353  38.607291    13.3541    -1.6015     -0.350    32.4567    24.3532 -9.990e-29
 263.708762     -0.350  38.613377    13.3517    -1.6015     -0.347    32.4644    24.3597 -9.990e-29
 263.708767     -0.351  38.622921    13.3494    -1.6014     -0.348    32.4753    24.3686 -9.990e-29
 263.708773     -0.355  38.629825    13.3500    -1.6014     -0.352    32.4813    24.3731 -9.990e-29
 263.708779     -0.363  38.630071    13.3516    -1.6013     -0.360    32.4802    24.3719 -9.990e-29
