data/oxygen options/ONMS/Olympic_Coast_National_Marine_Sanctuary_CTD_Data_2005_2023/raw_data/2022/CAST_TH042_220920faed.cnv
* Sea-Bird SBE 19 Data File:
* FileName = C:\2022 Mooring Data\Casts\PPS\PPS_TH042_220920.hex
* Software Version SeatermAF 2.1.2
* Temperature SN = 2997
* Conductivity SN = 2997
* System UpLoad Time = Sep 20 2022 19:19:21 (localtime) = Sep 20 2022 19:19:21 (UTC)
** PPS_TH042_220920
* ds
# nquan = 9                                 
# nvalues = 2792                        
# units = specified
# name 0 = timeJ: Julian Days
# name 1 = prSM: Pressure, Strain Gauge [db]
# name 2 = c0mS/cm: Conductivity [mS/cm]
# name 3 = t090C: Temperature [ITS-90, deg C]
# name 4 = sbeox0ML/L: Oxygen, SBE 43 [ml/l]
# name 5 = depSM: Depth [salt water, m], lat = 47.5
# name 6 = sal00: Salinity, Practical [PSU]
# name 7 = sigma-é00: Density [sigma-theta, kg/m^3]
# name 8 = flag: flag
# span 0 = 263.780660, 263.796811       
# span 1 =     -5.661,     40.941       
# span 2 =   0.466252,  37.538821       
# span 3 =     7.7181,    15.2046       
# span 4 =    -2.0036,    14.9448       
# span 5 =     -5.614,     40.595       
# span 6 =     0.2806,    33.5968       
# span 7 =    -0.7111,    26.2135       
# span 8 = 0.0000e+00, 0.0000e+00       
# interval = seconds: 0.5
# start_time = Sep 20 2022 18:44:09 [Instrument's time stamp, header]
# bad_flag = -9.990e-29
*END*
[from data line 2721]
 263.796406      0.322  36.910904    11.3010     6.1774      0.319    32.6115    24.8625 -9.990e-29
 263.796412      0.329  36.910961    11.3047     6.2344      0.326    32.6083    24.8593 -9.990e-29
 263.796418      0.336  36.916082    11.3098     6.2779      0.333    32.6088    24.8588 -9.990e-29
 263.796424      0.337  36.919709    11.3141     6.3205      0.334    32.6086    24.8578 -9.990e-29
 263.796429      0.331  36.920581    11.3176     6.3585      0.328    32.6063    24.8555 -9.990e-29
 263.796435      0.323  36.923849    11.3243     6.3802      0.320    32.6036    24.8522 -9.990e-29
 263.796441      0.311  36.945703    11.3394     6.4083      0.308    32.6118    24.8558 -9.990e-29
 263.796447      0.300  36.983405    11.3588     6.4457      0.297    32.6316    24.8677 -9.990e-29
 263.796453      0.293  37.008280    11.3719     6.4444      0.291    32.6445    24.8753 -9.990e-29
 263.796458      0.289  37.014896    11.3804     6.4035      0.287    32.6434    24.8730 -9.990e-29
 263.796464      0.288  37.012705    11.3993     6.3504      0.286    32.6246    24.8550 -9.990e-29
 263.796470      0.290  37.017344    11.4308     6.3502      0.288    32.6013    24.8312 -9.990e-29
 263.796476      0.296  37.044029    11.4599     6.3833      0.294    32.6018    24.8263 -9.990e-29
 263.796481      0.300  37.073493    11.4809     6.3900      0.297    32.6121    24.8305 -9.990e-29
 263.796487      0.301  37.079526    11.4987     6.4427      0.298    32.6023    24.8197 -9.990e-29
 263.796493      0.300  37.068562    11.5132     6.4620      0.297    32.5788    24.7988 -9.990e-29
 263.796499      0.304  37.056313    11.5224     6.4878      0.301    32.5588    24.7815 -9.990e-29
 263.796505      0.312  37.050611    11.5262     6.5116      0.309    32.5498    24.7739 -9.990e-29
 263.796510      0.321  37.057371    11.5326     6.4653      0.318    32.5508    24.7735 -9.990e-29
 263.796516      0.326  37.076707    11.5483     6.4908      0.323    32.5559    24.7746 -9.990e-29
 263.796522      0.332  37.100842    11.5666     6.4911      0.329    32.5634    24.7770 -9.990e-29
 263.796528      0.340  37.120554    11.5794     6.4938      0.337    32.5714    24.7809 -9.990e-29
 263.796534      0.341  37.130253    11.5866     6.4835      0.338    32.5745    24.7820 -9.990e-29
 263.796539      0.336  37.134535    11.5897     6.4457      0.333    32.5760    24.7826 -9.990e-29
 263.796545      0.329  37.139737    11.5875     6.4247      0.326    32.5830    24.7885 -9.990e-29
 263.796551      0.319  37.138853    11.5824     6.4134      0.316    32.5866    24.7922 -9.990e-29
 263.796557      0.310  37.130209    11.5800     6.4171      0.307    32.5803    24.7877 -9.990e-29
 263.796562      0.306  37.123639    11.5817     6.4153      0.303    32.5724    24.7813 -9.990e-29
 263.796568      0.306  37.119973    11.5821     6.4145      0.303    32.5684    24.7782 -9.990e-29
 263.796574      0.310  37.107663    11.5729     6.4025      0.307    32.5645    24.7768 -9.990e-29
 263.796580      0.318  37.088856    11.5538     6.4072      0.315    32.5629    24.7790 -9.990e-29
 263.796586      0.327  37.080568    11.5314     6.4411      0.324    32.5745    24.7921 -9.990e-29
 263.796591      0.329  37.079098    11.5117     6.4538      0.326    32.5904    24.8081 -9.990e-29
 263.796597      0.324  37.071900    11.5007     6.4596      0.321    32.5931    24.8121 -9.990e-29
 263.796603      0.316  37.066810    11.5030     6.4510      0.313    32.5861    24.8063 -9.990e-29
 263.796609      0.304  37.074474    11.5192     6.4600      0.301    32.5793    24.7981 -9.990e-29
 263.796615      0.292  37.093964    11.5405     6.4583      0.290    32.5796    24.7944 -9.990e-29
 263.796620      0.283  37.114350    11.5539     6.4576      0.281    32.5878    24.7983 -9.990e-29
 263.796626      0.273  37.123096    11.5574     6.4180      0.271    32.5932    24.8019 -9.990e-29
 263.796632      0.256  37.122969    11.5587     6.3799      0.254    32.5920    24.8007 -9.990e-29
 263.796638      0.236  37.126194    11.5617     6.3417      0.234    32.5925    24.8006 -9.990e-29
 263.796644      0.216  37.131532    11.5628     7.4587      0.214    32.5967    24.8037 -9.990e-29
 263.796649      0.195  37.129917    11.5594     7.3914      0.193    32.5982    24.8054 -9.990e-29
 263.796655      0.171  37.123183    11.5537     7.1496      0.170    32.5966    24.8052 -9.990e-29
 263.796661      0.142  37.114922    11.5483     6.9532      0.141    32.5933    24.8036 -9.990e-29
 263.796667      0.111  37.100876    11.5443     6.8712      0.110    32.5831    24.7964 -9.990e-29
 263.796672      0.081  37.067567    11.5423     6.8441      0.080    32.5523    24.7729 -9.990e-29
 263.796678      0.050  36.976762    11.5452     6.8960      0.050    32.4611    24.7015 -9.990e-29
 263.796684      0.019  36.714866    11.5548     6.9971      0.019    32.1971    24.4947 -9.990e-29
 263.796690     -0.009  35.942210    11.5692     7.1012     -0.009    31.4326    23.8983 -9.990e-29
 263.796696     -0.035  33.639793    11.5863     7.1485     -0.035    29.1932    22.1571 -9.990e-29
 263.796701     -0.061  26.746694    11.6052     7.2153     -0.060    22.6565    17.0889 -9.990e-29
 263.796707     -0.085  16.147053    11.6253     7.2673     -0.084    13.0491     9.6567 -9.990e-29
 263.796713     -0.104   8.788674    11.6465     7.3513     -0.103     6.7584     4.7896 -9.990e-29
 263.796719     -0.123   6.407258    11.6709     7.4296     -0.122     4.8115     3.2788 -9.990e-29
 263.796725     -0.144   5.830697    11.6991     7.3921     -0.143     4.3465     2.9150 -9.990e-29
 263.796730     -0.159   5.742230    11.7275     7.4699     -0.158     4.2728     2.8544 -9.990e-29
 263.796736     -0.165   5.839467    11.7522     7.5060     -0.164     4.3474     2.9092 -9.990e-29
 263.796742     -0.163   5.774880    11.7743     7.5408     -0.162     4.2934     2.8647 -9.990e-29
 263.796748     -0.156   5.360709    11.7959     7.5700     -0.155     3.9630     2.6059 -9.990e-29
 263.796753     -0.153   4.801211    11.8173     7.5365     -0.152     3.5212     2.2608 -9.990e-29
 263.796759     -0.153   4.514227    11.8390 -9.990e-29     -0.152     3.2955     2.0830 -9.990e-29
 263.796765     -0.148   4.635077    11.8611 -9.990e-29     -0.147     3.3876     2.1518 -9.990e-29
 263.796771     -0.138   4.726469    11.8821 -9.990e-29     -0.137     3.4569     2.2030 -9.990e-29
 263.796777     -0.131   4.484497    11.8989 -9.990e-29     -0.130     3.2671     2.0538 -9.990e-29
 263.796782     -0.130   4.080070    11.9093 -9.990e-29     -0.129     2.9536     1.8093 -9.990e-29
 263.796788     -0.131   3.708892    11.9146 -9.990e-29     -0.130     2.6685     1.5874 -9.990e-29
 263.796794     -0.129   3.412139    11.9174 -9.990e-29     -0.128     2.4422     1.4113 -9.990e-29
 263.796800     -0.130   3.185287    11.9193 -9.990e-29     -0.129     2.2702     1.2776 -9.990e-29
 263.796806     -0.137   3.051488    11.9203 -9.990e-29     -0.136     2.1692     1.1990 -9.990e-29
 263.796811     -0.142   3.107450 -9.990e-29 -9.990e-29     -0.141 -9.990e-29 -9.990e-29 -9.990e-29
