data/oxygen options/ONMS/Olympic_Coast_National_Marine_Sanctuary_CTD_Data_2005_2023/raw_data/2022/CAST_MB015_220824faed.cnv
* Sea-Bird SBE 19 Data File:
* FileName = C:\2022 Mooring Data\Casts\CAST_MB015_220824.hex
* Software Version SeatermAF 2.1.2
* Temperature SN = 2997
* Conductivity SN = 2997
* System UpLoad Time = Aug 24 2022 19:04:47 (localtime) = Aug 24 2022 19:04:47 (UTC)
** CAST_MB015_220824
* ds
# nquan = 9                                 
# nvalues = 949                         
# units = specified
# name 0 = timeJ: Julian Days
# name 1 = prSM: Pressure, Strain Gauge [db]
# name 2 = c0mS/cm: Conductivity [mS/cm]
# name 3 = t090C: Temperature [ITS-90, deg C]
# name 4 = sbeox0ML/L: Oxygen, SBE 43 [ml/l]
# name 5 = depSM: Depth [salt water, m], lat = 47.5
# name 6 = sal00: Salinity, Practical [PSU]
# name 7 = sigma-é00: Density [sigma-theta, kg/m^3]
# name 8 = flag: flag
# span 0 = 236.769606, 236.775093       
# span 1 =     -5.338,     11.963       
# span 2 =   0.597627,  40.202940       
# span 3 =     9.9043,    15.4922       
# span 4 =    -1.9146,    12.1403       
# span 5 =     -5.294,     11.863       
# span 6 =     0.3672,    32.8734       
# span 7 =    -0.5806,    25.2633       
# span 8 = 0.0000e+00, 0.0000e+00       
# interval = seconds: 0.5
# start_time = Aug 24 2022 18:28:14 [Instrument's time stamp, header]
# bad_flag = -9.990e-29
*END*
 236.769606     -5.338 -9.990e-29    14.2760    -1.9145     -5.294 -9.990e-29 -9.990e-29 -9.990e-29
 236.769612     -5.317   0.675994    14.2755    -1.9146     -5.273     0.4203    -0.4664 -9.990e-29
 236.769618     -5.293   0.676917    14.2752    -1.9141     -5.249     0.4209    -0.4659 -9.990e-29
 236.769624     -5.270   0.677840    14.2757    -1.9129     -5.226     0.4215    -0.4655 -9.990e-29
 236.769630     -5.246   0.678332    14.2768    -1.9113     -5.202     0.4218    -0.4654 -9.990e-29
 236.769635     -5.224   0.678495    14.2781    -1.9101     -5.180     0.4219    -0.4655 -9.990e-29
 236.769641     -5.203   0.678545    14.2796    -1.9086     -5.160     0.4219    -0.4657 -9.990e-29
 236.769647     -5.177   0.678551    14.2813    -1.9077     -5.134     0.4219    -0.4660 -9.990e-29
 236.769653     -5.149   0.678520    14.2828    -1.9068     -5.106     0.4219    -0.4662 -9.990e-29
 236.769659     -5.121   0.678412    14.2849    -1.9063     -5.078     0.4218    -0.4666 -9.990e-29
 236.769664     -5.091   0.678084    14.2907    -1.9062     -5.049     0.4215    -0.4676 -9.990e-29
 236.769670     -5.062   0.677652    14.3048    -1.9061     -5.020     0.4211    -0.4700 -9.990e-29
 236.769676     -5.037   0.677649    14.3293    -1.9061     -4.995     0.4208    -0.4737 -9.990e-29
 236.769682     -5.008   0.678073    14.3603    -1.9064     -4.966     0.4208    -0.4782 -9.990e-29
 236.769688     -4.975   0.678381    14.3923    -1.9068     -4.934     0.4206    -0.4830 -9.990e-29
 236.769693     -4.945   0.678430    14.4223    -1.9072     -4.904     0.4203    -0.4875 -9.990e-29
 236.769699     -4.918   0.678286    14.4476    -1.9073     -4.877     0.4200    -0.4915 -9.990e-29
 236.769705     -4.895   0.677759    14.4668    -1.9076     -4.854     0.4194    -0.4947 -9.990e-29
 236.769711     -4.872   0.676699    14.4796    -1.9080     -4.831     0.4186    -0.4972 -9.990e-29
 236.769716     -4.849   0.675356    14.4866    -1.9084     -4.809     0.4177    -0.4989 -9.990e-29
 236.769722     -4.825   0.674155    14.4893    -1.9087     -4.785     0.4169    -0.4999 -9.990e-29
 236.769728     -4.797   0.673159    14.4883    -1.9090     -4.757     0.4163    -0.5003 -9.990e-29
 236.769734     -4.764   0.672145    14.4835    -1.9094     -4.724     0.4157    -0.5000 -9.990e-29
 236.769740     -4.729   0.671425    14.4762    -1.9096     -4.690     0.4153    -0.4993 -9.990e-29
 236.769745     -4.697   0.671700    14.4689    -1.9087     -4.658     0.4155    -0.4980 -9.990e-29
 236.769751     -4.671   0.672785    14.4626    -1.9063     -4.632     0.4163    -0.4965 -9.990e-29
 236.769757     -4.648   0.673356    14.4555    -1.9053     -4.609     0.4167    -0.4951 -9.990e-29
 236.769763     -4.629   0.672514    14.4473    -1.9054     -4.590     0.4163    -0.4943 -9.990e-29
 236.769769     -4.610   0.670798    14.4388    -1.9055     -4.572     0.4153    -0.4938 -9.990e-29
 236.769774     -4.592   0.669246    14.4308    -1.9057     -4.554     0.4144    -0.4934 -9.990e-29
 236.769780     -4.573   0.668557    14.4241    -1.9058     -4.535     0.4140    -0.4927 -9.990e-29
 236.769786     -4.552   0.668921    14.4207    -1.9057     -4.514     0.4143    -0.4920 -9.990e-29
 236.769792     -4.528   0.669715    14.4261    -1.9053     -4.490     0.4147    -0.4924 -9.990e-29
 236.769797     -4.503   0.670339    14.4459    -1.9039     -4.465     0.4149    -0.4952 -9.990e-29
 236.769803     -4.479   0.671071    14.4746    -1.9036     -4.442     0.4151    -0.4992 -9.990e-29
 236.769809     -4.456   0.672332    14.4963    -1.9046     -4.419     0.4157    -0.5019 -9.990e-29
 236.769815     -4.432   0.674143    14.5051    -1.9058     -4.395     0.4167    -0.5024 -9.990e-29
 236.769821     -4.406   0.676150    14.5066    -1.9064     -4.369     0.4180    -0.5016 -9.990e-29
 236.769826     -4.379   0.677707    14.5058    -1.9064     -4.342     0.4190    -0.5007 -9.990e-29
 236.769832     -4.355   0.678676    14.5061    -1.9061     -4.319     0.4196    -0.5003 -9.990e-29
 236.769838     -4.332   0.679796    14.5103    -1.9058     -4.296     0.4203    -0.5004 -9.990e-29
 236.769844     -4.309   0.681454    14.5208    -1.9052     -4.273     0.4213    -0.5011 -9.990e-29
 236.769850     -4.284   0.683093    14.5334    -1.9047     -4.248     0.4222    -0.5023 -9.990e-29
 236.769855     -4.256   0.684129    14.5364    -1.9052     -4.221     0.4228    -0.5022 -9.990e-29
 236.769861     -4.223   0.684282    14.5258    -1.9057     -4.188     0.4230    -0.5005 -9.990e-29
 236.769867     -4.186   0.683757    14.5097    -1.9059     -4.151     0.4228    -0.4983 -9.990e-29
 236.769873     -4.153   0.682965    14.4979    -1.9058     -4.118     0.4225    -0.4969 -9.990e-29
 236.769878     -4.125   0.681955    14.4945    -1.9056     -4.091     0.4218    -0.4968 -9.990e-29
 236.769884     -4.100   0.681045    14.4977    -1.9054     -4.066     0.4212    -0.4978 -9.990e-29
 236.769890     -4.077   0.680682    14.5047    -1.9053     -4.043     0.4209    -0.4990 -9.990e-29
 236.769896     -4.055   0.680936    14.5133    -1.9053     -4.021     0.4210    -0.5002 -9.990e-29
 236.769902     -4.032   0.681594    14.5180    -1.9050     -3.998     0.4214    -0.5006 -9.990e-29
 236.769907     -4.007   0.682426    14.5151    -1.9048     -3.974     0.4219    -0.4998 -9.990e-29
 236.769913     -3.982   0.683434    14.5084    -1.9045     -3.949     0.4226    -0.4982 -9.990e-29
 236.769919     -3.961   0.684301    14.5046    -1.9044     -3.928     0.4232    -0.4972 -9.990e-29
 236.769925     -3.936   0.684523    14.5054    -1.9044     -3.903     0.4234    -0.4972 -9.990e-29
 236.769931     -3.908   0.684396    14.5086    -1.9047     -3.875     0.4233    -0.4978 -9.990e-29
 236.769936     -3.882   0.684859    14.5119    -1.9052     -3.850     0.4235    -0.4981 -9.990e-29
 236.769942     -3.861   0.686532    14.5145    -1.9054     -3.829     0.4246    -0.4976 -9.990e-29
 236.769948     -3.844   0.689431    14.5169    -1.9040     -3.812     0.4264    -0.4966 -9.990e-29
 236.769954     -3.830   0.692990    14.5204    -1.9024     -3.798     0.4286    -0.4953 -9.990e-29
 236.769959     -3.817   0.696416    14.5250    -1.9009     -3.785     0.4308    -0.4944 -9.990e-29
 236.769965     -3.806   0.699295    14.5293    -1.8999     -3.774     0.4326    -0.4936 -9.990e-29
 236.769971     -3.795   0.701590    14.5314    -1.8993     -3.763     0.4340    -0.4928 -9.990e-29
 236.769977     -3.784   0.703592    14.5299    -1.9004     -3.752     0.4353    -0.4915 -9.990e-29
 236.769983     -3.772   0.705757    14.5255    -1.9017     -3.741     0.4368    -0.4898 -9.990e-29
 236.769988     -3.758   0.708203    14.5224    -1.9027     -3.727     0.4384    -0.4881 -9.990e-29
 236.769994     -3.741   0.710315    14.5291    -1.9032     -3.710     0.4397    -0.4881 -9.990e-29
 236.770000     -3.721   0.711588    14.5508    -1.9032     -3.690     0.4403    -0.4908 -9.990e-29
 236.770006     -3.696   0.712611    14.5815    -1.9034     -3.665     0.4406    -0.4951 -9.990e-29
 236.770012     -3.668   0.714197    14.6107    -1.9034     -3.637     0.4413    -0.4988 -9.990e-29
 236.770017     -3.645   0.716245    14.6311    -1.9033     -3.615     0.4424    -0.5010 -9.990e-29
 236.770023     -3.625   0.718164    14.6364    -1.9030     -3.595     0.4435    -0.5009 -9.990e-29
 236.770029     -3.602   0.719744    14.6246    -1.9027     -3.572     0.4447    -0.4982 -9.990e-29
 236.770035     -3.579   0.720878    14.6034    -1.9019     -3.549     0.4456    -0.4944 -9.990e-29
 236.770041     -3.560   0.721417    14.5834    -1.9012     -3.530     0.4462    -0.4910 -9.990e-29
 236.770046     -3.543   0.721526    14.5703    -1.9007     -3.513     0.4464    -0.4889 -9.990e-29
 236.770052     -3.526   0.721351    14.5639    -1.9004     -3.497     0.4464    -0.4880 -9.990e-29
 236.770058     -3.509   0.721215    14.5611    -1.8997     -3.480     0.4463    -0.4876 -9.990e-29
 236.770064     -3.491   0.721489    14.5610    -1.8992     -3.462     0.4465    -0.4875 -9.990e-29
 236.770069     -3.470   0.721985    14.5643    -1.8987     -3.441     0.4468    -0.4877 -9.990e-29
 236.770075     -3.446   0.722258    14.5714    -1.8993     -3.417     0.4469    -0.4887 -9.990e-29
 236.770081     -3.416   0.722120    14.5825    -1.8995     -3.388     0.4467    -0.4905 -9.990e-29
 236.770087     -3.383   0.721940    14.5967    -1.9003     -3.355     0.4464    -0.4928 -9.990e-29
 236.770093     -3.354   0.722032    14.6111    -1.9014     -3.326     0.4463    -0.4950 -9.990e-29
 236.770098     -3.331   0.722520    14.6238    -1.9028     -3.303     0.4465    -0.4967 -9.990e-29
 236.770104     -3.312   0.723502    14.6360    -1.9038     -3.284     0.4470    -0.4981 -9.990e-29
 236.770110     -3.296   0.724626    14.6487    -1.9042     -3.269     0.4475    -0.4996 -9.990e-29
 236.770116     -3.282   0.725179    14.6595    -1.9042     -3.255     0.4478    -0.5010 -9.990e-29
 236.770122     -3.275   0.724790    14.6634    -1.9042     -3.248     0.4475    -0.5018 -9.990e-29
 236.770127     -3.272   0.724050    14.6588    -1.9046     -3.245     0.4471    -0.5014 -9.990e-29
 236.770133     -3.265   0.723634    14.6477    -1.9043     -3.238     0.4469    -0.4999 -9.990e-29
 236.770139     -3.255   0.723541    14.6299    -1.9038     -3.228     0.4470    -0.4972 -9.990e-29
 236.770145     -3.244   0.723648    14.6055    -1.9035     -3.217     0.4474    -0.4933 -9.990e-29
 236.770150     -3.232   0.724097    14.5796    -1.9032     -3.205     0.4480    -0.4891 -9.990e-29
 236.770156     -3.219   0.724934    14.5588    -1.9017     -3.192     0.4487    -0.4854 -9.990e-29
 236.770162     -3.202   0.725615    14.5469    -1.9011     -3.175     0.4493    -0.4832 -9.990e-29
 236.770168     -3.182   0.725389    14.5422    -1.9013     -3.155     0.4492    -0.4826 -9.990e-29
 236.770174     -3.162   0.723954    14.5399    -1.9017     -3.136     0.4483    -0.4830 -9.990e-29
 236.770179     -3.143   0.721612    14.5396    -1.9021     -3.117     0.4468    -0.4841 -9.990e-29
 236.770185     -3.121   0.719117    14.5444    -1.9025     -3.095     0.4452    -0.4861 -9.990e-29
 236.770191     -3.095   0.717018    14.5533    -1.9032     -3.069     0.4437    -0.4885 -9.990e-29
 236.770197     -3.071   0.715288    14.5638    -1.9039     -3.045     0.4425    -0.4910 -9.990e-29
 236.770203     -3.052   0.713834    14.5780    -1.9045     -3.027     0.4414    -0.4939 -9.990e-29
 236.770208     -3.036   0.712934    14.5952    -1.9049     -3.011     0.4406    -0.4970 -9.990e-29
 236.770214     -3.024   0.713050    14.6068    -1.9049     -2.999     0.4406    -0.4988 -9.990e-29
 236.770220     -3.013   0.713783    14.6081    -1.9053     -2.988     0.4410    -0.4986 -9.990e-29
 236.770226     -3.004   0.713898    14.6025    -1.9052     -2.979     0.4412    -0.4977 -9.990e-29
 236.770231     -2.996   0.712995    14.5936    -1.9051     -2.971     0.4407    -0.4967 -9.990e-29
 236.770237     -2.988   0.711533    14.5824    -1.9041     -2.963     0.4399    -0.4957 -9.990e-29
 236.770243     -2.979   0.709776    14.5686    -1.9039     -2.954     0.4389    -0.4945 -9.990e-29
 236.770249     -2.970   0.707597    14.5543    -1.9048     -2.945     0.4376    -0.4933 -9.990e-29
 236.770255     -2.960   0.704861    14.5423    -1.9057     -2.935     0.4360    -0.4928 -9.990e-29
 236.770260     -2.947   0.701797    14.5339    -1.9059     -2.922     0.4341    -0.4930 -9.990e-29
 236.770266     -2.932   0.698750    14.5287    -1.9060     -2.908     0.4322    -0.4938 -9.990e-29
 236.770272     -2.913   0.696089    14.5259    -1.9060     -2.889     0.4306    -0.4946 -9.990e-29
 236.770278     -2.893   0.694141    14.5264    -1.9062     -2.869     0.4293    -0.4957 -9.990e-29
 236.770284     -2.875   0.693079    14.5321    -1.9061     -2.851     0.4286    -0.4971 -9.990e-29
 236.770289     -2.859   0.693150    14.5399    -1.9062     -2.835     0.4285    -0.4983 -9.990e-29
 236.770295     -2.846   0.693895    14.5406    -1.9055     -2.822     0.4290    -0.4980 -9.990e-29
 236.770301     -2.838   0.694093    14.5313    -1.9038     -2.814     0.4292    -0.4965 -9.990e-29
 236.770307     -2.828   0.692900    14.5190    -1.9026     -2.804     0.4286    -0.4952 -9.990e-29
 236.770312     -2.820   0.690390    14.5103    -1.9022     -2.796     0.4271    -0.4951 -9.990e-29
 236.770318     -2.814   0.687646    14.5060    -1.9021     -2.791     0.4254    -0.4958 -9.990e-29
 236.770324     -2.806   0.685440    14.5041    -1.9020     -2.783     0.4240    -0.4966 -9.990e-29
 236.770330     -2.794   0.683599    14.5041    -1.9023     -2.771     0.4228    -0.4975 -9.990e-29
 236.770336     -2.778   0.681883    14.5066    -1.9026     -2.755     0.4217    -0.4987 -9.990e-29
 236.770341     -2.762   0.680222    14.5143    -1.9023     -2.739     0.4205    -0.5007 -9.990e-29
 236.770347     -2.748   0.678616    14.5316    -1.9018     -2.725     0.4193    -0.5042 -9.990e-29
 236.770353     -2.735   0.677138    14.5567    -1.9019     -2.712     0.4181    -0.5088 -9.990e-29
 236.770359     -2.723   0.676036    14.5797    -1.9024     -2.700     0.4172    -0.5129 -9.990e-29
 236.770365     -2.711   0.675500    14.5941    -1.9024     -2.688     0.4167    -0.5154 -9.990e-29
 236.770370     -2.699   0.675369    14.6010    -1.9017     -2.676     0.4165    -0.5166 -9.990e-29
 236.770376     -2.685   0.674916    14.6031    -1.9014     -2.663     0.4162    -0.5171 -9.990e-29
 236.770382     -2.669   0.673539    14.6017    -1.9016     -2.647     0.4153    -0.5176 -9.990e-29
 236.770388     -2.653   0.671617    14.6006    -1.9014     -2.631     0.4141    -0.5183 -9.990e-29
 236.770394     -2.637   0.669911    14.6036    -1.9014     -2.615     0.4130    -0.5197 -9.990e-29
 236.770399     -2.616   0.668915    14.6075    -1.9011     -2.594     0.4123    -0.5208 -9.990e-29
 236.770405     -2.597   0.668409    14.6075    -1.9004     -2.575     0.4120    -0.5210 -9.990e-29
 236.770411     -2.582   0.667717    14.6056    -1.8994     -2.560     0.4116    -0.5211 -9.990e-29
 236.770417     -2.567   0.666471    14.6078    -1.8979     -2.546     0.4108    -0.5220 -9.990e-29
 236.770422     -2.551   0.664672    14.6148    -1.8976     -2.530     0.4095    -0.5240 -9.990e-29
 236.770428     -2.532   0.662691    14.6206    -1.8977     -2.511     0.4082    -0.5259 -9.990e-29
 236.770434     -2.514   0.661209    14.6233    -1.8981     -2.493     0.4072    -0.5270 -9.990e-29
 236.770440     -2.500   0.660463    14.6261    -1.8985     -2.479     0.4067    -0.5278 -9.990e-29
 236.770446     -2.488   0.660016    14.6314    -1.8985     -2.467     0.4064    -0.5289 -9.990e-29
 236.770451     -2.479   0.659271    14.6418    -1.8982     -2.458     0.4058    -0.5308 -9.990e-29
 236.770457     -2.471   0.657789    14.6584    -1.8979     -2.450     0.4047    -0.5342 -9.990e-29
 236.770463     -2.465   0.655809    14.6799    -1.8978     -2.444     0.4032    -0.5385 -9.990e-29
 236.770469     -2.459   0.654015    14.7004    -1.8978     -2.438     0.4019    -0.5426 -9.990e-29
 236.770475     -2.454   0.652783    14.7120    -1.8975     -2.434     0.4010    -0.5450 -9.990e-29
 236.770480     -2.448   0.652133    14.7139    -1.8970     -2.428     0.4006    -0.5456 -9.990e-29
 236.770486     -2.442   0.651752    14.7101    -1.8964     -2.422     0.4003    -0.5452 -9.990e-29
 236.770492     -2.436   0.651132    14.7057    -1.8963     -2.416     0.4000    -0.5448 -9.990e-29
 236.770498     -2.428   0.650003    14.7057    -1.8964     -2.408     0.3993    -0.5454 -9.990e-29
 236.770503     -2.414   0.648521    14.7103    -1.8957     -2.394     0.3983    -0.5468 -9.990e-29
 236.770509     -2.394   0.646925    14.7155    -1.8946     -2.374     0.3972    -0.5484 -9.990e-29
 236.770515     -2.378   0.645302    14.7192    -1.8933     -2.358     0.3962    -0.5498 -9.990e-29
 236.770521     -2.370   0.643703    14.7234    -1.8930     -2.350     0.3951    -0.5512 -9.990e-29
 236.770527     -2.361   0.642211    14.7309    -1.8937     -2.341     0.3941    -0.5531 -9.990e-29
