data/oxygen options/ONMS/Olympic_Coast_National_Marine_Sanctuary_CTD_Data_2005_2023/raw_data/2022/CAST_CA015_220822faed.cnv
* Sea-Bird SBE 19 Data File:
* FileName = C:\2022 Mooring Data\Casts\CAST_CA015_220822.hex
* Software Version SeatermAF 2.1.2
* Temperature SN = 2997
* Conductivity SN = 2997
* System UpLoad Time = Aug 22 2022 22:32:11 (localtime) = Aug 22 2022 22:32:11 (UTC)
** CAST_CA015_220822
* ds
# nquan = 9                                 
# nvalues = 955                         
# units = specified
# name 0 = timeJ: Julian Days
# name 1 = prSM: Pressure, Strain Gauge [db]
# name 2 = c0mS/cm: Conductivity [mS/cm]
# name 3 = t090C: Temperature [ITS-90, deg C]
# name 4 = sbeox0ML/L: Oxygen, SBE 43 [ml/l]
# name 5 = depSM: Depth [salt water, m], lat = 47.5
# name 6 = sal00: Salinity, Practical [PSU]
# name 7 = sigma-é00: Density [sigma-theta, kg/m^3]
# name 8 = flag: flag
# span 0 = 234.903194, 234.908715       
# span 1 =     -6.422,     14.174       
# span 2 =   0.408391,  40.244919       
# span 3 =    11.2403,    19.0459       
# span 4 =    -1.8598,    13.3709       
# span 5 =     -6.369,     14.055       
# span 6 =     0.2242,    32.6114       
# span 7 =    -1.4051,    24.8601       
# span 8 = 0.0000e+00, 0.0000e+00       
# interval = seconds: 0.5
# start_time = Aug 22 2022 21:40:36 [Instrument's time stamp, header]
# bad_flag = -9.990e-29
*END*
[from data line 801]
 234.907830     13.946  37.114873    11.7480     4.9581     13.829    32.4125    24.6270 -9.990e-29
 234.907836     13.788  37.163238    11.8017     4.9383     13.672    32.4127    24.6173 0.0000e+00
 234.907841     13.600  37.185421    11.7907     4.9261     13.486    32.4439    24.6435 0.0000e+00
 234.907847     13.389  37.176816    11.7342     4.9212     13.277    32.4850    24.6858 0.0000e+00
 234.907853     13.159  37.138816    11.6669     4.9165     13.049    32.5070    24.7152 0.0000e+00
 234.907859     12.916  37.100841    11.6104     4.9197     12.808    32.5196    24.7354 0.0000e+00
 234.907865     12.666  37.077205    11.5653     4.9228     12.560    32.5363    24.7565 0.0000e+00
 234.907870     12.405  37.067164    11.5324     4.9436     12.301    32.5555    24.7774 0.0000e+00
 234.907876     12.131  37.067938    11.5126     4.9572     12.029    32.5738    24.7952 0.0000e+00
 234.907882     11.843  37.076043    11.5042     4.9729     11.744    32.5892    24.8087 0.0000e+00
 234.907888     11.544  37.086565    11.5050     4.9520     11.447    32.5989    24.8161 0.0000e+00
 234.907894     11.241  37.095015    11.5113     4.9942     11.147    32.6018    24.8172 0.0000e+00
 234.907899     10.935  37.103105    11.5205     4.9881     10.843    32.6017    24.8155 0.0000e+00
 234.907905     10.629  37.117115    11.5333     4.9511     10.540    32.6043    24.8151 0.0000e+00
 234.907911     10.325  37.136648    11.5494     4.9558     10.239    32.6093    24.8161 0.0000e+00
 234.907917     10.020  37.155229    11.5678     4.9428      9.936    32.6114    24.8143 0.0000e+00
 234.907922      9.716  37.174076    11.5919     5.1138      9.635    32.6087    24.8079 0.0000e+00
 234.907928      9.417  37.195881    11.6257     5.2927      9.338    32.6003    24.7952 0.0000e+00
 234.907934      9.118  37.217199    11.6713     5.5325      9.042    32.5812    24.7720 0.0000e+00
 234.907940      8.816  37.238976    11.7352     5.7341      8.742    32.5464    24.7332 0.0000e+00
 234.907946      8.506  37.267253    11.8555     5.8229      8.435    32.4688    24.6508 0.0000e+00
 234.907951      8.196  37.325147    12.0942     5.9246      8.127    32.3174    24.4890 0.0000e+00
 234.907957      7.887  37.448926    12.4259     5.9967      7.821    32.1508    24.2973 0.0000e+00
 234.907963      7.581  37.673069    12.7424     6.0879      7.518    32.0941    24.1928 0.0000e+00
 234.907969      7.279  37.969792    12.9712     6.2077      7.218    32.1803    24.2152 0.0000e+00
 234.907975      6.980  38.195735    13.1002     6.3464      6.922    32.2836    24.2698 0.0000e+00
 234.907980      6.682  38.300298    13.1784     6.4951      6.626    32.3156    24.2791 0.0000e+00
 234.907986      6.383  38.362951    13.2880     6.5985      6.330    32.2813    24.2309 0.0000e+00
 234.907992      6.081  38.417905    13.4990     6.6796      6.030    32.1545    24.0908 0.0000e+00
 234.907998      5.773  38.516552    13.7801     6.7207      5.725    32.0105    23.9229 0.0000e+00
 234.908003      5.462  38.667676    14.0138     6.7502      5.416    31.9555    23.8328 0.0000e+00
 234.908009      5.154  38.818372    14.1642     6.7651      5.111    31.9693    23.8125 0.0000e+00
 234.908015      4.851  38.956649    14.2690     6.8151      4.810    32.0093    23.8217 0.0000e+00
 234.908021      4.550  39.053930    14.3386     6.8565      4.512    32.0407    23.8314 0.0000e+00
 234.908027      4.249  39.109898    14.3740     6.8894      4.213    32.0626    23.8410 0.0000e+00
 234.908032      3.946  39.156009    14.3937     6.9039      3.913    32.0885    23.8568 0.0000e+00
 234.908038      3.640  39.185354    14.4186     6.9151      3.610    32.0948    23.8564 0.0000e+00
 234.908044      3.331  39.210135    14.4675     6.9270      3.303    32.0770    23.8325 0.0000e+00
 234.908050      3.027  39.247670    14.5360     6.9369      3.002    32.0547    23.8009 0.0000e+00
 234.908056      2.728  39.278484    14.5973     6.9535      2.705    32.0322    23.7706 0.0000e+00
 234.908061      2.434  39.301609    14.6312     6.9724      2.414    32.0253    23.7582 0.0000e+00
 234.908067      2.147  39.338895    14.6358     7.0106      2.129    32.0555    23.7805 0.0000e+00
 234.908073      1.874  39.372785    14.6249     7.0239      1.858    32.0954    23.8135 0.0000e+00
 234.908079      1.620  39.382308    14.6134     7.1051      1.606    32.1136    23.8300 0.0000e+00
 234.908084      1.385  39.391910    14.6154     7.1437      1.373    32.1208    23.8351 0.0000e+00
 234.908090      1.171  39.413824    14.6356     7.2040      1.161    32.1241    23.8333 0.0000e+00
 234.908096      0.983  39.436902    14.6623     7.2353      0.975    32.1230    23.8269 0.0000e+00
 234.908102      0.820  39.460514    14.6905     7.2167      0.813    32.1212    23.8195 0.0000e+00
 234.908108      0.681  39.492603    14.7208     7.2620      0.675    32.1253    23.8163 -9.990e-29
 234.908113      0.566  39.530002    14.7495     7.2730      0.561    32.1356    23.8181 -9.990e-29
 234.908119      0.472  39.558128    14.7827     7.2492      0.468    32.1337    23.8096 -9.990e-29
 234.908125      0.393  39.581980    14.8252     7.2078      0.390    32.1202    23.7902 -9.990e-29
 234.908131      0.324  39.610947    14.8630     7.1460      0.321    32.1153    23.7783 -9.990e-29
 234.908137      0.260  39.630971    14.8864     7.0870      0.258    32.1141    23.7724 -9.990e-29
 234.908142      0.197  39.637932    14.8989     6.9967      0.195    32.1102    23.7667 -9.990e-29
 234.908148      0.131  39.638318    14.9017     6.8400      0.130    32.1082    23.7646 -9.990e-29
 234.908154      0.063  39.630403    14.8946     6.6484      0.062    32.1070    23.7651 -9.990e-29
 234.908160     -0.003  39.616527    14.8782     6.5062     -0.003    32.1079    23.7694 -9.990e-29
 234.908166     -0.068  39.601171    14.8557     6.4829     -0.067    32.1126    23.7778 -9.990e-29
 234.908171     -0.130  39.587961    14.8369     6.6002     -0.129    32.1162    23.7846 -9.990e-29
 234.908177     -0.186  39.578896    14.8279     7.8928     -0.184    32.1154    23.7859 -9.990e-29
 234.908183     -0.235  39.574777    14.8238     7.9116     -0.233    32.1151    23.7865 -9.990e-29
 234.908189     -0.280  39.570670    14.8200     7.5465     -0.278    32.1146    23.7869 -9.990e-29
 234.908194     -0.324  39.557173    14.8163     6.9706     -0.321    32.1054    23.7806 -9.990e-29
 234.908200     -0.364  39.533105    14.8099     6.4982     -0.361    32.0889    23.7693 -9.990e-29
 234.908206     -0.401  39.494959    14.7991     6.2152     -0.398    32.0633    23.7519 -9.990e-29
 234.908212     -0.435  39.406445    14.7887     6.1385     -0.431    31.9918    23.6990 -9.990e-29
 234.908218     -0.465  39.148986    14.7827     6.1342     -0.461    31.7640    23.5247 -9.990e-29
 234.908223     -0.488  38.374814    14.7810     6.1650     -0.484    31.0668    22.9881 -9.990e-29
 234.908229     -0.506  36.053941    14.7821     6.1764     -0.502    28.9850    21.3854 -9.990e-29
 234.908235     -0.520  29.100837    14.7839     6.2300     -0.516    22.8717    16.6872 -9.990e-29
 234.908241     -0.531  18.323575    14.7851     6.2555     -0.527    13.7846     9.7196 -9.990e-29
 234.908247     -0.539  10.406925    14.7854     6.2871     -0.535     7.4691     4.8800 -9.990e-29
 234.908252     -0.546   7.183146    14.7860     6.3200     -0.541     5.0140     2.9963 -9.990e-29
 234.908258     -0.551   5.993811    14.7874     6.3312     -0.546     4.1305     2.3175 -9.990e-29
 234.908264     -0.555   5.519768    14.7897     6.2958     -0.550     3.7822     2.0495 -9.990e-29
 234.908270     -0.558   5.307222    14.7923     6.2916     -0.553     3.6267     1.9295 -9.990e-29
 234.908275     -0.560   5.205514    14.7948     6.3092     -0.555     3.5524     1.8720 -9.990e-29
 234.908281     -0.561   5.144557    14.7971     6.2848     -0.556     3.5078     1.8374 -9.990e-29
 234.908287     -0.563   5.083614    14.7992     6.2420     -0.558     3.4633     1.8028 -9.990e-29
 234.908293     -0.563   4.893126    14.8013     6.3027     -0.558     3.3249     1.6961 -9.990e-29
 234.908299     -0.564   4.571114    14.8032     6.2883     -0.559     3.0921     1.5168 -9.990e-29
 234.908304     -0.564   4.293836    14.8049     6.2938     -0.559     2.8927     1.3631 -9.990e-29
 234.908310     -0.564   4.094014    14.8066     6.3120     -0.559     2.7496     1.2527 -9.990e-29
 234.908316     -0.563   3.967116    14.8076     6.2517     -0.558     2.6591     1.1829 -9.990e-29
 234.908322     -0.562   4.101264    14.8083     6.2941     -0.557     2.7547     1.2564 -9.990e-29
 234.908328     -0.561   4.464426    14.8092     6.3093     -0.556     3.0149     1.4564 -9.990e-29
 234.908333     -0.559   4.717269    14.8102     6.3221     -0.554     3.1970     1.5963 -9.990e-29
 234.908339     -0.556   4.823430    14.8116     6.3441     -0.551     3.2736     1.6550 -9.990e-29
 234.908345     -0.552   4.926099    14.8140     6.3274     -0.547     3.3477     1.7117 -9.990e-29
 234.908351     -0.548   4.875160    14.8167     6.3319     -0.543     3.3106     1.6827 -9.990e-29
 234.908356     -0.542   4.745905    14.8185     6.3183     -0.537     3.2170     1.6104 -9.990e-29
 234.908362     -0.539   4.761786    14.8193     6.3180     -0.535     3.2284     1.6191 -9.990e-29
 234.908368     -0.542   4.745835    14.8199     6.3296     -0.537     3.2168     1.6101 -9.990e-29
 234.908374     -0.548   4.539144    14.8209     6.3374     -0.543     3.0677     1.4952 -9.990e-29
 234.908380     -0.553   4.230247    14.8222     6.3430     -0.548     2.8459     1.3244 -9.990e-29
 234.908385     -0.556   3.920101    14.8238     6.3398     -0.551     2.6245     1.1538 -9.990e-29
 234.908391     -0.559   3.645755    14.8255     6.3410     -0.554     2.4297     1.0036 -9.990e-29
 234.908397     -0.561   3.404249    14.8271     6.3048     -0.556     2.2592     0.8720 -9.990e-29
 234.908403     -0.563   3.205841    14.8290     6.3062     -0.558     2.1198     0.7643 -9.990e-29
 234.908409     -0.564   3.092144    14.8312     6.3090     -0.559     2.0401     0.7026 -9.990e-29
 234.908414     -0.565   3.131725    14.8334     6.2945     -0.560     2.0677     0.7235 -9.990e-29
 234.908420     -0.566   3.275857    14.8354     6.3084     -0.561     2.1685     0.8009 -9.990e-29
 234.908426     -0.567   3.316841    14.8372     6.2971     -0.562     2.1972     0.8227 -9.990e-29
 234.908432     -0.567   3.178441    14.8388     6.3024     -0.562     2.1001     0.7477 -9.990e-29
 234.908437     -0.567   2.971741    14.8399     6.3151     -0.562     1.9556     0.6362 -9.990e-29
 234.908443     -0.568   2.799915    14.8407     6.3032     -0.563     1.8362     0.5440 -9.990e-29
 234.908449     -0.568   2.732179    14.8416     6.3082     -0.563     1.7892     0.5077 -9.990e-29
 234.908455     -0.568   2.891668    14.8431     6.3088     -0.563     1.8998     0.5927 -9.990e-29
 234.908461     -0.568   3.258656    14.8452     6.3159     -0.563     2.1559     0.7897 -9.990e-29
 234.908466     -0.568   3.574919    14.8468     6.3239     -0.563     2.3784     0.9608 -9.990e-29
 234.908472     -0.568   3.749145    14.8480     6.3192     -0.563     2.5015     1.0554 -9.990e-29
 234.908478     -0.567   3.808359    14.8491     6.3310     -0.562     2.5435     1.0875 -9.990e-29
 234.908484     -0.567   3.778239    14.8499     6.3354     -0.562     2.5220     1.0709 -9.990e-29
 234.908490     -0.566   3.758437    14.8506     6.3335     -0.561     2.5080     1.0599 -9.990e-29
 234.908495     -0.565   3.743644    14.8516     6.3229     -0.560     2.4974     1.0517 -9.990e-29
 234.908501     -0.564   3.735777    14.8532     6.2457     -0.559     2.4917     1.0470 -9.990e-29
 234.908507     -0.563   3.753750    14.8549     6.2724     -0.558     2.5044     1.0565 -9.990e-29
 234.908513     -0.562   3.697808    14.8566     6.3047     -0.557     2.4647     1.0257 -9.990e-29
 234.908519     -0.559   3.507230    14.8581     6.3221     -0.554     2.3300     0.9217 -9.990e-29
 234.908524     -0.557   3.249101    14.8591     6.3356     -0.552     2.1485     0.7818 -9.990e-29
 234.908530     -0.553   3.017441    14.8600     6.2896     -0.548     1.9865     0.6569 -9.990e-29
 234.908536     -0.549   2.849986    14.8612     6.3106     -0.544     1.8699     0.5669 -9.990e-29
 234.908542     -0.543   2.750256    14.8631     6.2998     -0.538     1.8007     0.5133 -9.990e-29
 234.908547     -0.540   2.748286    14.8652     6.2979     -0.535     1.7993     0.5118 -9.990e-29
 234.908553     -0.543   2.909089    14.8675     6.2831     -0.538     1.9107     0.5974 -9.990e-29
 234.908559     -0.549   3.255219    14.8700     6.2906     -0.544     2.1522     0.7830 -9.990e-29
 234.908565     -0.554   3.645341    14.8728     6.3031     -0.549     2.4265     0.9938 -9.990e-29
 234.908571     -0.558   3.833032    14.8754     6.2989     -0.553     2.5593     1.0956 -9.990e-29
 234.908576     -0.561   3.745685    14.8769     6.3094     -0.556     2.4973     1.0476 -9.990e-29
 234.908582     -0.563   3.542021    14.8774     6.2597     -0.558     2.3533     0.9368 -9.990e-29
 234.908588     -0.565   3.371011    14.8768     6.2638     -0.560     2.2330     0.8442 -9.990e-29
 234.908594     -0.567   3.276998    14.8756     6.2783     -0.562     2.1671     0.7936 -9.990e-29
 234.908600     -0.569   3.325420    14.8745     6.2817     -0.564     2.2011     0.8200 -9.990e-29
 234.908605     -0.571   3.539231    14.8739     6.2634     -0.566     2.3516     0.9359 -9.990e-29
 234.908611     -0.573   3.829113    14.8738     6.2933     -0.568     2.5566     1.0938 -9.990e-29
 234.908617     -0.575   4.003478    14.8736     6.2846     -0.570     2.6805     1.1891 -9.990e-29
 234.908623     -0.577   3.925821    14.8729     6.2909     -0.572     2.6253     1.1468 -9.990e-29
 234.908628     -0.581   3.797789    14.8721     6.3129     -0.576     2.5345     1.0770 -9.990e-29
 234.908634     -0.584   3.848175    14.8720     6.3223     -0.579     2.5702     1.1045 -9.990e-29
 234.908640     -0.589   4.189101    14.8727     6.3284     -0.584     2.8129     1.2912 -9.990e-29
 234.908646     -0.595   4.673484    14.8735     6.3250     -0.590     3.1603     1.5583 -9.990e-29
 234.908652     -0.599   4.884332    14.8745     6.3267     -0.594     3.3124     1.6750 -9.990e-29
 234.908657     -0.596   4.803183    14.8758     6.3291     -0.591     3.2537     1.6297 -9.990e-29
 234.908663     -0.590   4.666042    14.8772 -9.990e-29     -0.585     3.1547     1.5533 -9.990e-29
 234.908669     -0.585   4.453811    14.8789 -9.990e-29     -0.580     3.0020     1.4356 -9.990e-29
 234.908675     -0.582   4.133779    14.8808 -9.990e-29     -0.577     2.7728     1.2591 -9.990e-29
 234.908681     -0.579   3.865274    14.8828 -9.990e-29     -0.574     2.5817     1.1117 -9.990e-29
 234.908686     -0.577   3.602757    14.8853 -9.990e-29     -0.572     2.3957     0.9681 -9.990e-29
 234.908692     -0.575   3.233065    14.8881 -9.990e-29     -0.570     2.1357     0.7675 -9.990e-29
 234.908698     -0.574   2.875631    14.8908 -9.990e-29     -0.569     1.8863     0.5750 -9.990e-29
 234.908704     -0.574   2.610121    14.8932 -9.990e-29     -0.569     1.7026     0.4330 -9.990e-29
 234.908709     -0.573   2.421839    14.8943 -9.990e-29     -0.568     1.5731     0.3330 -9.990e-29
 234.908715     -0.573   2.296453 -9.990e-29 -9.990e-29     -0.568 -9.990e-29 -9.990e-29 -9.990e-29
