data/oxygen options/ONMS/Olympic_Coast_National_Marine_Sanctuary_CTD_Data_2005_2023/raw_data/2022/CAST_CE042_220523faed.cnv
* Sea-Bird SBE 19 Data File:
* FileName = C:\2022 Mooring Data\Casts\CAST_CE042_220523.hex
* Software Version SeatermAF 2.1.2
* Temperature SN = 2997
* Conductivity SN = 2997
* System UpLoad Time = May 23 2022 21:06:35 (localtime) = May 23 2022 21:06:35 (UTC)
** CAST_CE042_220523
* ds
# nquan = 9                                 
# nvalues = 1077                        
# units = specified
# name 0 = timeJ: Julian Days
# name 1 = prSM: Pressure, Strain Gauge [db]
# name 2 = c0mS/cm: Conductivity [mS/cm]
# name 3 = t090C: Temperature [ITS-90, deg C]
# name 4 = sbeox0ML/L: Oxygen, SBE 43 [ml/l]
# name 5 = depSM: Depth [salt water, m], lat = 47.5
# name 6 = sal00: Salinity, Practical [PSU]
# name 7 = sigma-é00: Density [sigma-theta, kg/m^3]
# name 8 = flag: flag
# span 0 = 143.869537, 143.875764       
# span 1 =     -5.823,     40.704       
# span 2 =   0.186854,  34.762796       
# span 3 =     7.9267,    15.4812       
# span 4 =    -1.9006,    14.6646       
# span 5 =     -5.774,     40.360       
# span 6 =     0.1114,    33.4853       
# span 7 =    -0.8166,    26.0939       
# span 8 = 0.0000e+00, 0.0000e+00       
# interval = seconds: 0.5
# start_time = May 23 2022 20:52:08 [Instrument's time stamp, header]
# bad_flag = -9.990e-29
*END*
[from data line 801]
 143.874172     22.556  34.253653    10.0401     4.9448     22.367    31.0591    23.8703 0.0000e+00
 143.874178     22.786  34.254093    10.0281     4.8162     22.595    31.0697    23.8806 0.0000e+00
 143.874184     23.030  34.253984     9.9757     4.6877     22.837    31.1146    23.9241 0.0000e+00
 143.874190     23.298  34.259814     9.8728     4.5925     23.102    31.2092    24.0145 0.0000e+00
 143.874196     23.595  34.275344     9.7469     4.5119     23.397    31.3340    24.1322 0.0000e+00
 143.874201     23.917  34.293733     9.6086     4.4374     23.716    31.4733    24.2631 0.0000e+00
 143.874207     24.256  34.309699     9.4559     4.4673     24.052    31.6237    24.4048 0.0000e+00
 143.874213     24.594  34.322569     9.3204     4.5053     24.387    31.7568    24.5301 0.0000e+00
 143.874219     24.910  34.330901     9.2398     4.5724     24.701    31.8369    24.6054 0.0000e+00
 143.874225     25.190  34.337841     9.2185     4.6527     24.978    31.8629    24.6291 0.0000e+00
 143.874230     25.431  34.346923     9.2383     4.6675     25.217    31.8545    24.6194 0.0000e+00
 143.874236     25.634  34.355585     9.2746     4.7123     25.418    31.8310    24.5953 0.0000e+00
 143.874242     25.813  34.360158     9.3128     4.7232     25.596    31.8016    24.5664 0.0000e+00
 143.874248     25.984  34.359929     9.3484     4.6940     25.766    31.7696    24.5358 0.0000e+00
 143.874253     26.157  34.356752     9.3713     4.6176     25.937    31.7460    24.5137 0.0000e+00
 143.874259     26.353  34.351906     9.3791     4.4908     26.131    31.7340    24.5031 0.0000e+00
 143.874265     26.591  34.343328     9.3731     4.3997     26.367    31.7304    24.5013 0.0000e+00
 143.874271     26.874  34.332938     9.3328     4.3390     26.648    31.7554    24.5272 0.0000e+00
 143.874277     27.190  34.327518     9.2469     4.3111     26.961    31.8261    24.5959 0.0000e+00
 143.874282     27.525  34.328712     9.1513     4.2818     27.293    31.9126    24.6784 0.0000e+00
 143.874288     27.866  34.332413     9.0856     4.2557     27.632    31.9751    24.7375 0.0000e+00
 143.874294     28.201  34.335040     9.0507     4.2604     27.964    32.0091    24.7695 0.0000e+00
 143.874300     28.521  34.336622     9.0313     4.2642     28.281    32.0280    24.7873 0.0000e+00
 143.874306     28.825  34.339164     9.0182     4.2736     28.582    32.0423    24.8005 0.0000e+00
 143.874311     29.115  34.343160     9.0101     4.2699     28.870    32.0536    24.8106 0.0000e+00
 143.874317     29.388  34.347119     9.0090     4.2467     29.141    32.0586    24.8147 0.0000e+00
 143.874323     29.641  34.350624     9.0148     4.2053     29.392    32.0569    24.8125 0.0000e+00
 143.874329     29.875  34.355454     9.0266     4.1321     29.624    32.0511    24.8062 0.0000e+00
 143.874334     30.099  34.361232     9.0390     4.0472     29.846    32.0459    24.8001 0.0000e+00
 143.874340     30.321  34.363807     9.0326     3.9603     30.066    32.0542    24.8076 0.0000e+00
 143.874346     30.551  34.360920     8.9889     3.9021     30.294    32.0905    24.8428 0.0000e+00
 143.874352     30.792  34.356477     8.9157     3.8499     30.533    32.1519    24.9021 0.0000e+00
 143.874358     31.042  34.355666     8.8369     3.8104     30.781    32.2225    24.9694 0.0000e+00
 143.874363     31.298  34.357867     8.7689     3.7822     31.034    32.2865    25.0299 0.0000e+00
 143.874369     31.557  34.361424     8.7191     3.7499     31.291    32.3355    25.0759 0.0000e+00
 143.874375     31.813  34.367053     8.6859     3.7440     31.545    32.3716    25.1092 0.0000e+00
 143.874381     32.065  34.372631     8.6592     3.7465     31.795    32.4018    25.1369 0.0000e+00
 143.874387     32.313  34.375970     8.6311     3.6989     32.041    32.4310    25.1640 0.0000e+00
 143.874392     32.559  34.378064     8.6013     3.7377     32.285    32.4604    25.1915 0.0000e+00
 143.874398     32.805  34.380491     8.5783     3.7560     32.529    32.4840    25.2135 0.0000e+00
 143.874404     33.051  34.383587     8.5692     3.7657     32.773    32.4955    25.2239 0.0000e+00
 143.874410     33.296  34.386900     8.5653     3.7546     33.015    32.5024    25.2299 0.0000e+00
 143.874416     33.541  34.389148     8.5561     3.6477     33.258    32.5132    25.2397 0.0000e+00
 143.874421     33.794  34.389316     8.5420     3.6438     33.509    32.5262    25.2520 0.0000e+00
 143.874427     34.058  34.389418     8.5239     3.6256     33.771    32.5429    25.2678 0.0000e+00
 143.874433     34.332  34.391237     8.5019     3.6089     34.043    32.5650    25.2884 0.0000e+00
 143.874439     34.618  34.395730     8.4800     3.5893     34.326    32.5898    25.3112 0.0000e+00
 143.874444     34.912  34.403356     8.4629     3.5157     34.618    32.6135    25.3323 0.0000e+00
 143.874450     35.202  34.412790     8.4520     3.4384     34.905    32.6334    25.3495 0.0000e+00
 143.874456     35.481  34.422128     8.4460     3.3329     35.182    32.6486    25.3624 0.0000e+00
 143.874462     35.750  34.429341     8.4390     3.1858     35.449    32.6626    25.3744 0.0000e+00
 143.874468     36.009  34.435728     8.4234     3.0261     35.705    32.6837    25.3933 0.0000e+00
 143.874473     36.262  34.446535     8.3920     2.8711     35.956    32.7241    25.4296 0.0000e+00
 143.874479     36.516  34.467297     8.3404     2.7448     36.208    32.7939    25.4921 0.0000e+00
 143.874485     36.779  34.500014     8.2765     2.6622     36.469    32.8881    25.5754 0.0000e+00
 143.874491     37.050  34.540215     8.2158     2.6186     36.737    32.9875    25.6624 0.0000e+00
 143.874497     37.316  34.580513     8.1705     2.6237     37.001    33.0728    25.7360 0.0000e+00
 143.874502     37.565  34.617572     8.1464     2.6748     37.248    33.1348    25.7882 0.0000e+00
 143.874508     37.791  34.647099     8.1368     2.7562     37.472    33.1751    25.8213 0.0000e+00
 143.874514     37.996  34.663725     8.1325     2.8214     37.675    33.1968    25.8389 0.0000e+00
 143.874520     38.188  34.670095     8.1381     2.8134     37.866    33.1982    25.8392 0.0000e+00
 143.874525     38.375  34.668070     8.1566     2.7328     38.051    33.1784    25.8210 0.0000e+00
 143.874531     38.556  34.657280     8.1745     2.6108     38.231    33.1500    25.7960 0.0000e+00
 143.874537     38.734  34.643596     8.1749     2.4781     38.407    33.1350    25.7842 0.0000e+00
 143.874543     38.921  34.635762     8.1525     2.3786     38.593    33.1477    25.7975 0.0000e+00
 143.874549     39.124  34.642474     8.1087     2.3099     38.794    33.1962    25.8420 0.0000e+00
 143.874554     39.348  34.668853     8.0487     2.2803     39.016    33.2811    25.9175 0.0000e+00
 143.874560     39.593  34.704216     7.9907     2.2886     39.259    33.3740    25.9989 0.0000e+00
 143.874566     39.851  34.728567     7.9533     2.2966     39.515    33.4357    26.0528 0.0000e+00
 143.874572     40.098  34.738597     7.9356     2.2531     39.759    33.4632    26.0770 0.0000e+00
 143.874578     40.311  34.742716     7.9282     2.3047     39.971    33.4746    26.0870 0.0000e+00
 143.874583     40.480  34.744817     7.9267     2.3334     40.138    33.4782    26.0901 -9.990e-29
 143.874589     40.601  34.746108     7.9291     2.3626     40.258    33.4772    26.0890 -9.990e-29
 143.874595     40.674  34.746719     7.9339     2.3646     40.331    33.4733    26.0851 -9.990e-29
 143.874601     40.704  34.746433     7.9398     2.2860     40.360    33.4673    26.0796 -9.990e-29
 143.874606     40.700  34.747202     7.9439     2.3209     40.356    33.4642    26.0765 -9.990e-29
 143.874612     40.664  34.751824     7.9441     2.3353     40.321    33.4690    26.0803 -9.990e-29
 143.874618     40.587  34.758151     7.9426     2.3600     40.244    33.4772    26.0870 -9.990e-29
 143.874624     40.474  34.761826     7.9414     2.3577     40.132    33.4823    26.0912 -9.990e-29
 143.874630     40.334  34.762796     7.9403     2.3385     39.993    33.4845    26.0930 0.0000e+00
 143.874635     40.172  34.762449     7.9391     2.3312     39.833    33.4853    26.0939 0.0000e+00
 143.874641     39.991  34.760974     7.9378     2.3380     39.653    33.4851    26.0938 0.0000e+00
 143.874647     39.799  34.757056     7.9366     2.3413     39.463    33.4821    26.0917 0.0000e+00
 143.874653     39.603  34.751164     7.9355     2.3420     39.269    33.4770    26.0878 0.0000e+00
 143.874659     39.393  34.747860     7.9352     2.3655     39.060    33.4738    26.0854 0.0000e+00
 143.874664     39.165  34.748992     7.9361     2.4104     38.834    33.4743    26.0856 0.0000e+00
 143.874670     38.925  34.751121     7.9394     2.4708     38.596    33.4735    26.0845 0.0000e+00
 143.874676     38.681  34.750455     7.9473     2.5397     38.355    33.4654    26.0769 0.0000e+00
 143.874682     38.429  34.746757     7.9615     2.6340     38.105    33.4479    26.0612 0.0000e+00
 143.874687     38.167  34.741352     7.9812     2.7548     37.845    33.4234    26.0391 0.0000e+00
 143.874693     37.898  34.732168     8.0035     2.8975     37.578    33.3925    26.0115 0.0000e+00
 143.874699     37.627  34.709295     8.0304     3.0584     37.310    33.3425    25.9683 0.0000e+00
 143.874705     37.350  34.675945     8.0675     3.2345     37.035    33.2718    25.9073 0.0000e+00
 143.874711     37.058  34.648808     8.1169     3.4192     36.745    33.1961    25.8407 0.0000e+00
 143.874716     36.745  34.621490     8.1792     3.6001     36.435    33.1084    25.7626 0.0000e+00
 143.874722     36.412  34.585114     8.2534     3.7207     36.105    33.0001    25.6667 0.0000e+00
 143.874728     36.068  34.543376     8.3263     3.7777     35.764    32.8877    25.5677 0.0000e+00
 143.874734     35.730  34.496749     8.3821     3.7964     35.429    32.7865    25.4801 0.0000e+00
 143.874740     35.415  34.450391     8.4216     3.7851     35.116    32.7011    25.4072 0.0000e+00
 143.874745     35.129  34.413181     8.4482     3.7788     34.833    32.6373    25.3532 0.0000e+00
 143.874751     34.866  34.394427     8.4586     3.7712     34.572    32.6081    25.3287 0.0000e+00
 143.874757     34.613  34.392745     8.4604     3.7023     34.321    32.6048    25.3259 0.0000e+00
 143.874763     34.356  34.392543     8.4644     3.7260     34.066    32.6010    25.3223 0.0000e+00
 143.874769     34.080  34.388042     8.4739     3.7512     33.793    32.5876    25.3104 0.0000e+00
 143.874774     33.783  34.383414     8.4878     3.7614     33.498    32.5700    25.2945 0.0000e+00
 143.874780     33.467  34.378741     8.5030     3.7857     33.185    32.5512    25.2775 0.0000e+00
 143.874786     33.140  34.374046     8.5173     3.7113     32.861    32.5332    25.2612 0.0000e+00
 143.874792     32.817  34.369887     8.5290     3.7569     32.541    32.5182    25.2477 0.0000e+00
 143.874797     32.507  34.366415     8.5388     3.7805     32.233    32.5057    25.2364 0.0000e+00
 143.874803     32.217  34.363575     8.5504     3.7987     31.946    32.4922    25.2241 0.0000e+00
 143.874809     31.948  34.360476     8.5614     3.8074     31.679    32.4789    25.2120 0.0000e+00
 143.874815     31.693  34.358120     8.5669     3.7772     31.426    32.4715    25.2054 0.0000e+00
 143.874821     31.439  34.356818     8.5695     3.7898     31.174    32.4679    25.2021 0.0000e+00
 143.874826     31.184  34.355488     8.5737     3.8171     30.921    32.4627    25.1975 0.0000e+00
 143.874832     30.924  34.354128     8.5804     3.8366     30.664    32.4552    25.1906 0.0000e+00
 143.874838     30.650  34.352697     8.5910     3.8516     30.392    32.4441    25.1803 0.0000e+00
 143.874844     30.364  34.351056     8.6057     3.8803     30.108    32.4290    25.1663 0.0000e+00
 143.874850     30.071  34.349351     8.6228     3.9062     29.818    32.4117    25.1501 0.0000e+00
 143.874855     29.771  34.347082     8.6395     3.9485     29.520    32.3942    25.1338 0.0000e+00
 143.874861     29.458  34.343557     8.6568     3.9795     29.210    32.3748    25.1160 0.0000e+00
 143.874867     29.133  34.339212     8.6789     4.0344     28.888    32.3501    25.0934 0.0000e+00
 143.874873     28.800  34.335068     8.7019     4.1255     28.558    32.3249    25.0702 0.0000e+00
 143.874878     28.464  34.331857     8.7219     4.2259     28.224    32.3035    25.0503 0.0000e+00
 143.874884     28.130  34.328754     8.7457     4.3163     27.893    32.2787    25.0273 0.0000e+00
 143.874890     27.807  34.325076     8.7813     4.3683     27.573    32.2426    24.9936 0.0000e+00
 143.874896     27.503  34.321614     8.8344     4.4029     27.272    32.1909    24.9450 0.0000e+00
 143.874902     27.221  34.317208     8.9038     4.4289     26.992    32.1235    24.8816 0.0000e+00
 143.874907     26.956  34.311682     8.9696     4.4148     26.729    32.0585    24.8206 0.0000e+00
 143.874913     26.700  34.307290     9.0157     4.4069     26.475    32.0125    24.7776 0.0000e+00
 143.874919     26.444  34.304439     9.0444     4.3945     26.222    31.9838    24.7507 0.0000e+00
 143.874925     26.177  34.302232     9.0586     4.4302     25.957    31.9689    24.7368 0.0000e+00
 143.874931     25.885  34.299501     9.0578     4.5144     25.667    31.9669    24.7354 0.0000e+00
 143.874936     25.569  34.296622     9.0564     4.6238     25.354    31.9654    24.7344 0.0000e+00
 143.874942     25.237  34.294888     9.0744     4.7145     25.025    31.9476    24.7177 0.0000e+00
 143.874948     24.899  34.293199     9.1183     4.8502     24.690    31.9066    24.6788 0.0000e+00
 143.874954     24.558  34.289393     9.1964     4.9541     24.352    31.8330    24.6091 0.0000e+00
 143.874959     24.222  34.284088     9.2969     5.0195     24.018    31.7383    24.5194 0.0000e+00
 143.874965     23.906  34.280392     9.3967     5.0485     23.705    31.6462    24.4317 0.0000e+00
 143.874971     23.618  34.274602     9.5005     4.9973     23.420    31.5488    24.3393 0.0000e+00
 143.874977     23.357  34.262469     9.6014     5.0454     23.161    31.4480    24.2445 0.0000e+00
 143.874983     23.112  34.250885     9.6819     5.1011     22.918    31.3660    24.1676 0.0000e+00
 143.874988     22.865  34.244675     9.7368     5.1553     22.673    31.3120    24.1166 0.0000e+00
 143.874994     22.607  34.238466     9.7695     5.2163     22.417    31.2774    24.0844 0.0000e+00
 143.875000     22.333  34.228562     9.7976     5.2607     22.145    31.2431    24.0531 0.0000e+00
 143.875006     22.044  34.218660     9.8395     5.3364     21.859    31.1969    24.0103 0.0000e+00
 143.875012     21.737  34.209655     9.8964     5.4270     21.554    31.1388    23.9557 0.0000e+00
 143.875017     21.420  34.197473     9.9538     5.5069     21.240    31.0772    23.8984 0.0000e+00
 143.875023     21.105  34.180532    10.0003     5.5671     20.928    31.0203    23.8465 0.0000e+00
 143.875029     20.799  34.159870    10.0389     5.6031     20.624    30.9665    23.7983 0.0000e+00
 143.875035     20.500  34.138284    10.0814     5.6737     20.328    30.9086    23.7462 0.0000e+00
 143.875041     20.210  34.118456    10.1402     5.7526     20.040    30.8387    23.6821 0.0000e+00
 143.875046     19.931  34.100368    10.2067     5.8436     19.764    30.7642    23.6132 0.0000e+00
 143.875052     19.659  34.085201    10.2732     5.9151     19.494    30.6929    23.5466 0.0000e+00
 143.875058     19.386  34.072995    10.3534     5.9796     19.223    30.6132    23.4713 0.0000e+00
 143.875064     19.101  34.061018    10.4383     6.0325     18.941    30.5300    23.3925 0.0000e+00
 143.875069     18.801  34.047962    10.5151     6.0820     18.643    30.4529    23.3196 0.0000e+00
 143.875075     18.487  34.031645    10.5899     6.1244     18.332    30.3745    23.2461 0.0000e+00
 143.875081     18.166  34.012259    10.6576     6.1560     18.014    30.2993    23.1762 0.0000e+00
 143.875087     17.841  33.994299    10.7056     6.1748     17.691    30.2419    23.1235 0.0000e+00
