data/oxygen options/ONMS/Olympic_Coast_National_Marine_Sanctuary_CTD_Data_2005_2023/raw_data/2022/CAST_CA042_220521faed.cnv
* Sea-Bird SBE 19 Data File:
* FileName = C:\2022 Mooring Data\Casts\CAST_CA042_220521.hex
* Software Version SeatermAF 2.1.2
* Temperature SN = 2997
* Conductivity SN = 2997
* System UpLoad Time = May 21 2022 23:57:16 (localtime) = May 21 2022 23:57:16 (UTC)
** CAST_CA042_220521
* ds
# nquan = 9                                 
# nvalues = 1309                        
# units = specified
# name 0 = timeJ: Julian Days
# name 1 = prSM: Pressure, Strain Gauge [db]
# name 2 = c0mS/cm: Conductivity [mS/cm]
# name 3 = t090C: Temperature [ITS-90, deg C]
# name 4 = sbeox0ML/L: Oxygen, SBE 43 [ml/l]
# name 5 = depSM: Depth [salt water, m], lat = 47.5
# name 6 = sal00: Salinity, Practical [PSU]
# name 7 = sigma-é00: Density [sigma-theta, kg/m^3]
# name 8 = flag: flag
# span 0 = 141.981181, 141.988750       
# span 1 =     -5.925,     41.880       
# span 2 =   0.218610,  34.356644       
# span 3 =     7.7405,    13.7567       
# span 4 =   -12.6519,    14.7838       
# span 5 =     -5.876,     41.526       
# span 6 =     0.1344,    33.2321       
# span 7 =    -0.6025,    25.9232       
# span 8 = 0.0000e+00, 0.0000e+00       
# interval = seconds: 0.5
# start_time = May 21 2022 23:32:54 [Instrument's time stamp, header]
# bad_flag = -9.990e-29
*END*
[from data line 1281]
 141.988594     -0.047   2.250177    11.7397    -2.0128     -0.047     1.5794     0.7614 -9.990e-29
 141.988600     -0.050   2.267280    11.7387    -2.0141     -0.050     1.5921     0.7714 -9.990e-29
 141.988605     -0.054   2.328999    11.7350    -2.0165     -0.054     1.6381     0.8076 -9.990e-29
 141.988611     -0.059   2.381789    11.7278    -2.0171     -0.059     1.6776     0.8392 -9.990e-29
 141.988617     -0.066   2.331362    11.7187    -2.0164     -0.065     1.6405     0.8114 -9.990e-29
 141.988623     -0.075   2.210280    11.7107    -2.0126     -0.074     1.5511     0.7427 -9.990e-29
 141.988628     -0.082   2.172009    11.7066    -2.0130     -0.081     1.5229     0.7213 -9.990e-29
 141.988634     -0.085   2.220405    11.7065    -2.0138     -0.084     1.5587     0.7492 -9.990e-29
 141.988640     -0.082   2.272533    11.7074    -2.0101     -0.081     1.5973     0.7791 -9.990e-29
 141.988646     -0.074   2.312523    11.7074    -2.0056     -0.073     1.6270     0.8022 -9.990e-29
 141.988652     -0.064   2.309978    11.7088    -2.0079     -0.063     1.6251     0.8005 -9.990e-29
 141.988657     -0.057   2.240440    11.7133    -2.0120     -0.057     1.5733     0.7597 -9.990e-29
 141.988663     -0.051   2.114312    11.7195    -2.0094     -0.051     1.4798     0.6862 -9.990e-29
 141.988669     -0.050   1.972421    11.7252    -2.0112     -0.050     1.3751     0.6040 -9.990e-29
 141.988675     -0.056   1.897749    11.7282    -2.0107     -0.056     1.3202     0.5609 -9.990e-29
 141.988681     -0.058   1.944825    11.7282    -2.0126     -0.058     1.3547     0.5878 -9.990e-29
 141.988686     -0.058   2.065557    11.7285    -2.0145     -0.058     1.4435     0.6569 -9.990e-29
 141.988692     -0.059   2.163170    11.7312    -2.0163     -0.059     1.5154     0.7126 -9.990e-29
 141.988698     -0.063   2.269150    11.7332 -9.990e-29     -0.062     1.5937     0.7733 -9.990e-29
 141.988704     -0.068   2.454389    11.7328 -9.990e-29     -0.067     1.7314     0.8805 -9.990e-29
 141.988709     -0.076   2.605462    11.7311 -9.990e-29     -0.075     1.8444     0.9686 -9.990e-29
 141.988715     -0.087   2.579454    11.7294 -9.990e-29     -0.086     1.8250     0.9537 -9.990e-29
 141.988721     -0.097   2.480321    11.7293 -9.990e-29     -0.096     1.7509     0.8961 -9.990e-29
 141.988727     -0.098   2.434850    11.7310 -9.990e-29     -0.097     1.7170     0.8695 -9.990e-29
 141.988733     -0.091   2.390737    11.7326 -9.990e-29     -0.090     1.6841     0.8437 -9.990e-29
 141.988738     -0.083   2.305247    11.7329 -9.990e-29     -0.082     1.6205     0.7942 -9.990e-29
 141.988744     -0.078   2.178057    11.7328 -9.990e-29     -0.077     1.5263     0.7209 -9.990e-29
 141.988750     -0.077   2.041376 -9.990e-29 -9.990e-29     -0.076 -9.990e-29 -9.990e-29 -9.990e-29
