data/oxygen options/ONMS/Olympic_Coast_National_Marine_Sanctuary_CTD_Data_2005_2023/raw_data/2022/CAST_KL027_220823faed.cnv
* Sea-Bird SBE 19 Data File:
* FileName = C:\2022 Mooring Data\Casts\CAST_KL027_220823.hex
* Software Version SeatermAF 2.1.2
* Temperature SN = 2997
* Conductivity SN = 2997
* System UpLoad Time = Aug 23 2022 22:29:29 (localtime) = Aug 23 2022 22:29:29 (UTC)
** CAST_KL027_220823
* ds
# nquan = 9                                 
# nvalues = 5150                        
# units = specified
# name 0 = timeJ: Julian Days
# name 1 = prSM: Pressure, Strain Gauge [db]
# name 2 = c0mS/cm: Conductivity [mS/cm]
# name 3 = t090C: Temperature [ITS-90, deg C]
# name 4 = sbeox0ML/L: Oxygen, SBE 43 [ml/l]
# name 5 = depSM: Depth [salt water, m], lat = 47.5
# name 6 = sal00: Salinity, Practical [PSU]
# name 7 = sigma-é00: Density [sigma-theta, kg/m^3]
# name 8 = flag: flag
# span 0 = 235.905000, 235.934797       
# span 1 =     -5.938,     26.598       
# span 2 =   0.442262,  40.276947       
# span 3 =     7.6907,    16.7398       
# span 4 =   -10.1994,    14.2336       
# span 5 =     -5.889,     26.374       
# span 6 =     0.2616,    33.5875       
# span 7 =    -0.9525,    26.2049       
# span 8 = 0.0000e+00, 0.0000e+00       
# interval = seconds: 0.5
# start_time = Aug 23 2022 21:43:12 [Instrument's time stamp, header]
# bad_flag = -9.990e-29
*END*
[from data line 801]
 235.909635     19.742  35.937061     9.6599     1.2295     19.576    33.1075    25.5310 0.0000e+00
 235.909641     19.982  35.813611     9.5336     1.1335     19.814    33.0972    25.5436 0.0000e+00
 235.909647     20.214  35.764445     9.4329     1.0722     20.044    33.1396    25.5930 0.0000e+00
 235.909653     20.446  35.712088     9.2949     1.0447     20.274    33.2135    25.6730 0.0000e+00
 235.909659     20.678  35.606205     9.1295     1.0025     20.504    33.2578    25.7340 0.0000e+00
 235.909664     20.910  35.490381     8.9823     0.9688     20.734    33.2749    25.7705 0.0000e+00
 235.909670     21.138  35.410058     8.8313     0.9521     20.961    33.3326    25.8393 0.0000e+00
 235.909676     21.364  35.306728     8.6007     0.9418     21.185    33.4416    25.9603 0.0000e+00
 235.909682     21.593  35.116430     8.3120     0.9687     21.412    33.5148    26.0614 0.0000e+00
 235.909687     21.829  34.920883     8.0930     0.9665     21.646    33.5159    26.0950 0.0000e+00
 235.909693     22.063  34.818865     7.9923     0.9689     21.878    33.5033    26.0999 0.0000e+00
 235.909699     22.290  34.794621     7.9482     0.9754     22.103    33.5195    26.1191 0.0000e+00
 235.909705     22.515  34.782616     7.9024     0.9695     22.326    33.5505    26.1502 0.0000e+00
 235.909711     22.749  34.744313     7.8434     0.9907     22.558    33.5661    26.1710 0.0000e+00
 235.909716     22.994  34.696869     7.7908     0.9844     22.801    33.5656    26.1782 0.0000e+00
 235.909722     23.244  34.663732     7.7589     0.9819     23.049    33.5606    26.1789 0.0000e+00
 235.909728     23.488  34.647089     7.7451     0.9780     23.291    33.5559    26.1772 0.0000e+00
 235.909734     23.722  34.643109     7.7438     0.9825     23.523    33.5528    26.1749 0.0000e+00
 235.909740     23.942  34.650843     7.7469     0.9953     23.741    33.5580    26.1786 0.0000e+00
 235.909745     24.150  34.666480     7.7465     0.9747     23.947    33.5751    26.1921 0.0000e+00
 235.909751     24.356  34.672659     7.7404     0.9853     24.151    33.5875    26.2027 0.0000e+00
 235.909757     24.567  34.660138     7.7282     0.9728     24.361    33.5857    26.2031 0.0000e+00
 235.909763     24.784  34.641799     7.7160     0.9852     24.576    33.5776    26.1985 0.0000e+00
 235.909769     25.001  34.631724     7.7125     0.9809     24.791    33.5701    26.1930 0.0000e+00
 235.909774     25.204  34.633169     7.7164     0.9724     24.992    33.5678    26.1907 0.0000e+00
 235.909780     25.394  34.641776     7.7183     0.9743     25.181    33.5751    26.1962 0.0000e+00
 235.909786     25.583  34.644256     7.7127     0.9537     25.368    33.5831    26.2033 0.0000e+00
 235.909792     25.779  34.634276     7.7035     0.9703     25.562    33.5811    26.2030 0.0000e+00
 235.909797     25.981  34.623065     7.6958     0.9035     25.763    33.5764    26.2004 0.0000e+00
 235.909803     26.181  34.616845     7.6911     0.9449     25.961    33.5741    26.1993 0.0000e+00
 235.909809     26.362  34.613927     7.6907     0.9594     26.140    33.5713    26.1971 0.0000e+00
 235.909815     26.501  34.615902     7.6950     0.9636     26.278    33.5692    26.1949 -9.990e-29
 235.909821     26.581  34.622484     7.7010     0.9867     26.357    33.5705    26.1950 -9.990e-29
 235.909826     26.598  34.630007     7.7059     0.9222     26.374    33.5738    26.1970 -9.990e-29
 235.909832     26.559  34.636619     7.7079     0.9514     26.336    33.5790    26.2008 -9.990e-29
 235.909838     26.473  34.641500     7.7079     0.9556     26.250    33.5843    26.2049 -9.990e-29
 235.909844     26.351  34.643200     7.7103     0.9555     26.129    33.5839    26.2042 -9.990e-29
 235.909850     26.200  34.642751     7.7165     0.9658     25.980    33.5775    26.1983 0.0000e+00
 235.909855     26.018  34.642802     7.7220     0.9346     25.799    33.5723    26.1935 0.0000e+00
 235.909861     25.802  34.644426     7.7236     0.9368     25.585    33.5727    26.1935 0.0000e+00
 235.909867     25.551  34.647434     7.7219     0.9327     25.336    33.5777    26.1977 0.0000e+00
 235.909873     25.271  34.649560     7.7185     0.9346     25.059    33.5834    26.2026 0.0000e+00
 235.909878     24.973  34.646240     7.7146     0.9343     24.763    33.5837    26.2034 0.0000e+00
 235.909884     24.669  34.637977     7.7109     0.9247     24.462    33.5785    26.1999 0.0000e+00
 235.909890     24.361  34.630467     7.7084     0.9333     24.156    33.5730    26.1959 0.0000e+00
 235.909896     24.051  34.625988     7.7087     0.9195     23.849    33.5680    26.1920 0.0000e+00
 235.909902     23.743  34.625349     7.7111     0.9266     23.543    33.5652    26.1894 0.0000e+00
 235.909907     23.446  34.625590     7.7117     0.9213     23.249    33.5650    26.1891 0.0000e+00
 235.909913     23.161  34.622142     7.7105     0.9152     22.966    33.5626    26.1874 0.0000e+00
 235.909919     22.882  34.618957     7.7123     0.9198     22.690    33.5575    26.1832 0.0000e+00
 235.909925     22.601  34.619219     7.7225     0.9135     22.411    33.5481    26.1743 0.0000e+00
 235.909931     22.308  34.623986     7.7499     0.9458     22.121    33.5270    26.1538 0.0000e+00
 235.909936     21.998  34.637520     7.8035     0.9912     21.813    33.4901    26.1171 0.0000e+00
 235.909942     21.673  34.660648     7.8783     1.0914     21.491    33.4433    26.0695 0.0000e+00
 235.909948     21.340  34.692424     7.9678     1.1991     21.161    33.3919    26.0160 0.0000e+00
 235.909954     21.011  34.740643     8.0717     1.3191     20.835    33.3444    25.9635 0.0000e+00
 235.909959     20.683  34.821017     8.2054     1.4248     20.509    33.3030    25.9112 0.0000e+00
 235.909965     20.355  34.933871     8.4304     1.4722     20.184    33.2099    25.8045 0.0000e+00
 235.909971     20.027  35.074094     8.7427     1.5174     19.859    33.0644    25.6429 0.0000e+00
 235.909977     19.703  35.224323     9.0127     1.5389     19.538    32.9701    25.5272 0.0000e+00
 235.909983     19.388  35.359828     9.1579     1.5751     19.225    32.9764    25.5093 0.0000e+00
 235.909988     19.089  35.485573     9.2088     1.7670     18.929    33.0597    25.5664 0.0000e+00
 235.909994     18.803  35.576123     9.2297     2.0347     18.645    33.1342    25.6213 0.0000e+00
 235.910000     18.520  35.599423     9.2736     2.3674     18.365    33.1177    25.6014 0.0000e+00
 235.910006     18.236  35.608544     9.3975     2.6719     18.083    33.0126    25.4994 0.0000e+00
 235.910012     17.949  35.684151     9.6378     2.9435     17.798    32.8695    25.3487 0.0000e+00
 235.910017     17.659  35.839798     9.9347     3.2245     17.511    32.7578    25.2127 0.0000e+00
 235.910023     17.364  36.023201    10.1910     3.4841     17.218    32.7117    25.1339 0.0000e+00
 235.910029     17.066  36.193338    10.3766     3.7612     16.923    32.7159    25.1058 0.0000e+00
 235.910035     16.773  36.349215    10.5222     4.0494     16.632    32.7415    25.1008 0.0000e+00
 235.910041     16.487  36.499385    10.6450     4.2469     16.349    32.7815    25.1108 0.0000e+00
 235.910046     16.203  36.603300    10.7662     4.3650     16.067    32.7765    25.0858 0.0000e+00
 235.910052     15.916  36.637184    10.9470     4.4114     15.783    32.6488    24.9547 0.0000e+00
 235.910058     15.629  36.687857    11.1516     4.5042     15.498    32.5175    24.8164 0.0000e+00
 235.910064     15.348  36.801197    11.2883     4.7120     15.219    32.5086    24.7850 0.0000e+00
 235.910069     15.083  36.923976    11.3622     5.0162     14.957    32.5641    24.8149 0.0000e+00
 235.910075     14.829  36.994264    11.4132     5.3305     14.705    32.5881    24.8244 0.0000e+00
 235.910081     14.565  37.012931    11.4803     5.5457     14.443    32.5474    24.7806 0.0000e+00
 235.910087     14.279  37.043138    11.6016     5.5991     14.159    32.4705    24.6988 0.0000e+00
 235.910093     13.979  37.129805    11.7588     5.5668     13.862    32.4175    24.6289 0.0000e+00
 235.910098     13.679  37.274330    11.9106     5.5149     13.564    32.4255    24.6071 0.0000e+00
 235.910104     13.396  37.435343    12.0356     5.5609     13.284    32.4724    24.6203 0.0000e+00
 235.910110     13.136  37.550872    12.1074     5.7097     13.026    32.5215    24.6449 0.0000e+00
 235.910116     12.896  37.590198    12.1308     5.9505     12.788    32.5391    24.6542 0.0000e+00
 235.910122     12.664  37.585766    12.1483     6.1800     12.558    32.5197    24.6359 0.0000e+00
 235.910127     12.423  37.584519    12.1860     6.3558     12.319    32.4858    24.6025 0.0000e+00
 235.910133     12.156  37.601204    12.2603     6.4422     12.054    32.4375    24.5510 0.0000e+00
 235.910139     11.864  37.643657    12.3712     6.4165     11.765    32.3824    24.4873 0.0000e+00
 235.910145     11.557  37.720448    12.4820     6.3829     11.460    32.3605    24.4492 0.0000e+00
 235.910150     11.252  37.821491    12.5688     6.3448     11.158    32.3823    24.4495 0.0000e+00
 235.910156     10.958  37.918044    12.6330     6.3740     10.866    32.4191    24.4657 0.0000e+00
 235.910162     10.678  37.974815    12.6718     6.4366     10.589    32.4398    24.4743 0.0000e+00
 235.910168     10.406  37.983045    12.6826     6.5101     10.319    32.4385    24.4711 0.0000e+00
 235.910174     10.136  37.969013    12.6741     6.6344     10.051    32.4325    24.4682 0.0000e+00
 235.910179      9.856  37.959577    12.6696     6.7035      9.774    32.4275    24.4652 0.0000e+00
 235.910185      9.560  37.960251    12.6977     6.7737      9.480    32.4041    24.4416 0.0000e+00
 235.910191      9.244  37.975453    12.7667     6.8569      9.167    32.3595    24.3937 0.0000e+00
 235.910197      8.919  38.016083    12.8464     6.8791      8.844    32.3298    24.3553 0.0000e+00
 235.910203      8.598  38.074273    12.9049     6.8770      8.526    32.3350    24.3479 0.0000e+00
 235.910208      8.290  38.136992    12.9402     6.8249      8.221    32.3642    24.3636 0.0000e+00
 235.910214      7.994  38.186043    12.9622     6.8419      7.927    32.3919    24.3807 0.0000e+00
 235.910220      7.703  38.202372    12.9943     6.8983      7.639    32.3799    24.3652 0.0000e+00
 235.910226      7.421  38.215201    13.0798     6.9607      7.359    32.3192    24.3014 0.0000e+00
 235.910231      7.146  38.278793    13.2243     7.0275      7.086    32.2562    24.2241 0.0000e+00
 235.910237      6.873  38.400196    13.3979     7.0307      6.816    32.2229    24.1639 0.0000e+00
 235.910243      6.603  38.580602    13.5999     6.9755      6.548    32.2207    24.1217 0.0000e+00
 235.910249      6.331  38.762565    13.8990     6.9080      6.278    32.1383    23.9974 0.0000e+00
 235.910255      6.049  38.873333    14.3464     6.8478      5.998    31.8687    23.6972 0.0000e+00
 235.910260      5.751  39.013710    14.8087     6.8405      5.703    31.6183    23.4072 0.0000e+00
 235.910266      5.444  39.243837    15.1284     6.8252      5.398    31.5668    23.2993 0.0000e+00
 235.910272      5.142  39.505345    15.3191     6.8226      5.099    31.6470    23.3200 0.0000e+00
 235.910278      4.853  39.739096    15.4356     6.8177      4.812    31.7616    23.3827 0.0000e+00
 235.910284      4.571  39.859534    15.4906     6.8075      4.533    31.8245    23.4191 0.0000e+00
 235.910289      4.286  39.873841    15.5098     6.8252      4.250    31.8218    23.4128 0.0000e+00
 235.910295      3.993  39.866312    15.5254     6.8224      3.960    31.8026    23.3946 0.0000e+00
 235.910301      3.695  39.868005    15.5452     6.8322      3.664    31.7882    23.3793 0.0000e+00
 235.910307      3.398  39.885274    15.5621     6.8012      3.370    31.7901    23.3769 0.0000e+00
 235.910313      3.110  39.916649    15.5703     6.8019      3.084    31.8114    23.3916 0.0000e+00
 235.910318      2.832  39.939112    15.5751     6.8148      2.808    31.8276    23.4029 0.0000e+00
 235.910324      2.566  39.945790    15.5827     6.8123      2.545    31.8275    23.4012 0.0000e+00
 235.910330      2.311  39.947440    15.5904     6.8205      2.292    31.8228    23.3959 0.0000e+00
 235.910336      2.068  39.944190    15.5923     6.8059      2.051    31.8185    23.3921 0.0000e+00
 235.910341      1.838  39.943652    15.5888     6.8631      1.823    31.8209    23.3948 0.0000e+00
 235.910347      1.624  39.955933    15.5906     6.8049      1.610    31.8305    23.4017 0.0000e+00
 235.910353      1.426  39.965625    15.6054     6.8083      1.414    31.8272    23.3959 0.0000e+00
 235.910359      1.243  39.970124    15.6285     6.8269      1.233    31.8126    23.3796 0.0000e+00
 235.910365      1.086  39.990732    15.6504     6.8291      1.077    31.8133    23.3753 -9.990e-29
 235.910370      0.970  40.020906    15.6650     6.8288      0.962    31.8283    23.3837 -9.990e-29
 235.910376      0.900  40.036027    15.6702     6.8148      0.892    31.8376    23.3896 -9.990e-29
 235.910382      0.859  40.028963    15.6695     6.7782      0.852    31.8319    23.3854 -9.990e-29
 235.910388      0.824  39.998315    15.6690     6.8165      0.817    31.8051    23.3650 -9.990e-29
 235.910394      0.783  39.925811    15.6699     6.8170      0.776    31.7402    23.3148 -9.990e-29
 235.910399      0.743  39.727280    15.6729     6.7731      0.737    31.5620    23.1772 -9.990e-29
 235.910405      0.713  39.583784    15.6781     6.6783      0.707    31.4308    23.0753 -9.990e-29
 235.910411      0.696  39.743601    15.6819     6.5739      0.690    31.5692    23.1808 -9.990e-29
 235.910417      0.686  39.950847    15.6812     6.5170      0.680    31.7533    23.3224 -9.990e-29
 235.910422      0.671  40.016239    15.6778     6.4585      0.665    31.8140    23.3698 -9.990e-29
 235.910428      0.636  40.028257    15.6753     6.4811      0.631    31.8267    23.3801 -9.990e-29
 235.910434      0.580  40.019909    15.6726     6.5736      0.575    31.8215    23.3767 -9.990e-29
 235.910440      0.515  39.998171    15.6715     6.6612      0.511    31.8031    23.3628 -9.990e-29
 235.910446      0.460  39.958895    15.6746     6.7213      0.456    31.7658    23.3335 -9.990e-29
 235.910451      0.422  39.940132    15.6769     6.7421      0.418    31.7474    23.3188 -9.990e-29
 235.910457      0.405  39.966923    15.6767     6.7413      0.402    31.7713    23.3372 -9.990e-29
 235.910463      0.398  39.989396    15.6773     6.7407      0.395    31.7907    23.3520 -9.990e-29
 235.910469      0.389  39.983311    15.6785     6.7304      0.386    31.7843    23.3469 -9.990e-29
 235.910475      0.372  39.955858    15.6804     6.7334      0.369    31.7585    23.3266 -9.990e-29
 235.910480      0.351  39.945153    15.6832     6.7302      0.348    31.7468    23.3170 -9.990e-29
 235.910486      0.332  39.985300    15.6846     6.7504      0.329    31.7812    23.3431 -9.990e-29
 235.910492      0.320  40.026860    15.6836     6.7511      0.317    31.8188    23.3723 -9.990e-29
 235.910498      0.312  40.040216    15.6819     6.7480      0.309    31.8321    23.3828 -9.990e-29
 235.910503      0.310  40.042224    15.6812     6.7416      0.307    31.8344    23.3848 -9.990e-29
 235.910509      0.312  40.043018    15.6809     6.7444      0.309    31.8353    23.3855 -9.990e-29
 235.910515      0.318  40.046629    15.6801     6.7571      0.315    31.8392    23.3887 -9.990e-29
 235.910521      0.329  40.049070    15.6804     6.7636      0.326    31.8411    23.3901 -9.990e-29
 235.910527      0.347  40.050965    15.6833     6.7745      0.344    31.8404    23.3889 -9.990e-29
 235.910532      0.366  40.055570    15.6869     6.7818      0.363    31.8416    23.3890 -9.990e-29
 235.910538      0.381  40.059105    15.6895     6.7837      0.378    31.8426    23.3893 -9.990e-29
 235.910544      0.388  40.060287    15.6915     6.7801      0.385    31.8421    23.3884 -9.990e-29
 235.910550      0.387  40.062545    15.6937     6.7850      0.384    31.8423    23.3881 -9.990e-29
