data/oxygen options/ONMS/Olympic_Coast_National_Marine_Sanctuary_CTD_Data_2005_2023/raw_data/2022/CAST_KL015_220823faed.cnv
* Sea-Bird SBE 19 Data File:
* FileName = C:\2022 Mooring Data\Casts\CAST_KL015_220823.hex
* Software Version SeatermAF 2.1.2
* Temperature SN = 2997
* Conductivity SN = 2997
* System UpLoad Time = Aug 23 2022 22:27:24 (localtime) = Aug 23 2022 22:27:24 (UTC)
** CAST_KL015_220823
* ds
# nquan = 9                                 
# nvalues = 1444                        
# units = specified
# name 0 = timeJ: Julian Days
# name 1 = prSM: Pressure, Strain Gauge [db]
# name 2 = c0mS/cm: Conductivity [mS/cm]
# name 3 = t090C: Temperature [ITS-90, deg C]
# name 4 = sbeox0ML/L: Oxygen, SBE 43 [ml/l]
# name 5 = depSM: Depth [salt water, m], lat = 47.5
# name 6 = sal00: Salinity, Practical [PSU]
# name 7 = sigma-é00: Density [sigma-theta, kg/m^3]
# name 8 = flag: flag
# span 0 = 235.862593, 235.870943       
# span 1 =     -5.934,     14.867       
# span 2 =   0.322411,  40.095642       
# span 3 =     8.3176,    18.2262       
# span 4 =    -1.8055,    14.1152       
# span 5 =     -5.885,     14.742       
# span 6 =     0.1807,    33.4220       
# span 7 =    -1.3015,    25.9849       
# span 8 = 0.0000e+00, 0.0000e+00       
# interval = seconds: 0.5
# start_time = Aug 23 2022 20:42:08 [Instrument's time stamp, header]
# bad_flag = -9.990e-29
*END*
[from data line 1281]
 235.870006      4.671  37.474565    12.1156     6.6001      4.632    32.4443    24.5833 0.0000e+00
 235.870012      4.388  37.590238    12.3570     6.7588      4.351    32.3466    24.4620 0.0000e+00
 235.870017      4.095  37.687023    12.6706     6.8549      4.061    32.1699    24.2653 0.0000e+00
 235.870023      3.795  37.843628    12.9874     6.9252      3.763    32.0490    24.1103 0.0000e+00
 235.870029      3.498  38.081816    13.2536     6.8549      3.469    32.0482    24.0573 0.0000e+00
 235.870035      3.216  38.394301    13.5295     6.8639      3.189    32.1079    24.0486 0.0000e+00
 235.870041      2.947  38.737788    13.8640     6.8330      2.922    32.1460    24.0104 0.0000e+00
 235.870046      2.684  38.990913    14.2285     6.8047      2.662    32.0751    23.8808 0.0000e+00
 235.870052      2.423  39.132618    14.5491     6.7867      2.403    31.9394    23.7093 0.0000e+00
 235.870058      2.163  39.251653    14.7621     6.7345      2.145    31.8726    23.6129 0.0000e+00
 235.870064      1.910  39.376287    14.8712     6.6806      1.894    31.8961    23.6077 0.0000e+00
 235.870069      1.673  39.476110    14.9196     6.6167      1.659    31.9466    23.6363 0.0000e+00
 235.870075      1.460  39.521789    14.9421     6.5465      1.448    31.9694    23.6491 0.0000e+00
 235.870081      1.272  39.527232    14.9524     6.5111      1.261    31.9660    23.6442 0.0000e+00
 235.870087      1.116  39.540686    14.9579     6.4568      1.107    31.9737    23.6490 -9.990e-29
 235.870093      0.995  39.570633    14.9650     6.4393      0.987    31.9949    23.6638 -9.990e-29
 235.870098      0.900  39.582530    14.9763     6.4633      0.892    31.9964    23.6625 -9.990e-29
 235.870104      0.821  39.569891    14.9889     6.5201      0.814    31.9747    23.6431 -9.990e-29
 235.870110      0.762  39.543395    15.0025     6.5726      0.756    31.9397    23.6133 -9.990e-29
 235.870116      0.732  39.531121    15.0200     6.5996      0.726    31.9144    23.5900 -9.990e-29
 235.870122      0.729  39.557688    15.0333     6.6084      0.723    31.9274    23.5972 -9.990e-29
 235.870127      0.740  39.579566    15.0348     6.6109      0.734    31.9459    23.6111 -9.990e-29
 235.870133      0.749  39.568828    15.0294     6.6331      0.743    31.9406    23.6082 -9.990e-29
 235.870139      0.747  39.543734    15.0261     6.6340      0.741    31.9208    23.5936 -9.990e-29
 235.870145      0.743  39.538710    15.0273     6.6605      0.737    31.9153    23.5891 -9.990e-29
 235.870150      0.751  39.573468    15.0276     6.6656      0.745    31.9463    23.6130 -9.990e-29
 235.870156      0.769  39.604745    15.0248     6.6787      0.763    31.9767    23.6370 -9.990e-29
 235.870162      0.787  39.604814    15.0224     6.6933      0.780    31.9787    23.6391 -9.990e-29
 235.870168      0.797  39.596816    15.0223     6.7036      0.790    31.9716    23.6336 -9.990e-29
 235.870174      0.803  39.603782    15.0237     6.7237      0.796    31.9767    23.6372 -9.990e-29
 235.870179      0.812  39.619937    15.0240     6.7127      0.805    31.9910    23.6482 -9.990e-29
 235.870185      0.818  39.625415    15.0211     6.7104      0.811    31.9983    23.6544 -9.990e-29
 235.870191      0.815  39.616939    15.0166     6.6916      0.808    31.9944    23.6523 -9.990e-29
 235.870197      0.800  39.607937    15.0139     6.6742      0.793    31.9885    23.6484 -9.990e-29
 235.870203      0.784  39.610014    15.0145     6.6711      0.777    31.9899    23.6493 -9.990e-29
 235.870208      0.767  39.617602    15.0159     6.6675      0.761    31.9956    23.6534 -9.990e-29
 235.870214      0.750  39.619029    15.0152     6.6332      0.744    31.9974    23.6550 -9.990e-29
 235.870220      0.727  39.612343    15.0135     6.6703      0.721    31.9928    23.6518 -9.990e-29
 235.870226      0.692  39.605513    15.0135     6.6853      0.686    31.9867    23.6471 -9.990e-29
 235.870231      0.652  39.603511    15.0178     6.7013      0.647    31.9814    23.6421 -9.990e-29
 235.870237      0.620  39.608223    15.0251     6.7086      0.615    31.9797    23.6392 -9.990e-29
 235.870243      0.605  39.619835    15.0306     6.6463      0.600    31.9856    23.6426 -9.990e-29
 235.870249      0.596  39.628118    15.0318     6.6333      0.591    31.9921    23.6473 -9.990e-29
 235.870255      0.583  39.627373    15.0307     6.6129      0.578    31.9923    23.6477 -9.990e-29
 235.870260      0.567  39.623765    15.0299     6.6128      0.562    31.9897    23.6459 -9.990e-29
 235.870266      0.547  39.622045    15.0309     6.6523      0.542    31.9874    23.6439 -9.990e-29
 235.870272      0.528  39.625921    15.0336     6.6241      0.524    31.9887    23.6443 -9.990e-29
 235.870278      0.520  39.634972    15.0359     6.6144      0.516    31.9949    23.6486 -9.990e-29
 235.870284      0.517  39.639789    15.0362     6.6171      0.513    31.9990    23.6517 -9.990e-29
 235.870289      0.514  39.636146    15.0358     6.6244      0.510    31.9961    23.6495 -9.990e-29
 235.870295      0.511  39.631517    15.0355     6.6449      0.507    31.9921    23.6466 -9.990e-29
 235.870301      0.509  39.632059    15.0343     6.6507      0.505    31.9936    23.6479 -9.990e-29
 235.870307      0.511  39.634574    15.0318     6.6535      0.507    31.9979    23.6518 -9.990e-29
 235.870313      0.522  39.632887    15.0291     6.6453      0.518    31.9986    23.6529 -9.990e-29
 235.870318      0.533  39.619143    15.0275     6.6469      0.529    31.9875    23.6447 -9.990e-29
 235.870324      0.534  39.574456    15.0277     6.6344      0.530    31.9472    23.6136 -9.990e-29
 235.870330      0.523  39.539000    15.0298     6.6312      0.519    31.9136    23.5873 -9.990e-29
 235.870336      0.514  39.569184    15.0325     6.6272      0.510    31.9385    23.6059 -9.990e-29
 235.870341      0.517  39.615584    15.0340     6.6325      0.513    31.9790    23.6368 -9.990e-29
 235.870347      0.538  39.635264    15.0336     6.6521      0.534    31.9971    23.6508 -9.990e-29
 235.870353      0.574  39.641574    15.0316     6.6681      0.569    32.0044    23.6568 -9.990e-29
 235.870359      0.614  39.641243    15.0290     6.6903      0.609    32.0062    23.6588 -9.990e-29
 235.870365      0.649  39.638874    15.0270     6.6960      0.644    32.0057    23.6588 -9.990e-29
 235.870370      0.675  39.636912    15.0261     6.6852      0.669    32.0046    23.6582 -9.990e-29
 235.870376      0.694  39.637786    15.0253     6.6789      0.688    32.0061    23.6595 -9.990e-29
 235.870382      0.712  39.640977    15.0233     6.6705      0.706    32.0106    23.6634 -9.990e-29
 235.870388      0.735  39.641773    15.0198     6.6940      0.729    32.0141    23.6669 -9.990e-29
 235.870394      0.756  39.638996    15.0151     6.7061      0.750    32.0155    23.6689 -9.990e-29
 235.870399      0.766  39.634546    15.0104     6.7044      0.760    32.0153    23.6698 -9.990e-29
 235.870405      0.771  39.630335    15.0072     6.7294      0.765    32.0142    23.6696 -9.990e-29
 235.870411      0.776  39.627474    15.0047     6.7240      0.770    32.0136    23.6697 -9.990e-29
 235.870417      0.781  39.626070    15.0010     6.7275      0.774    32.0154    23.6719 -9.990e-29
 235.870422      0.787  39.623689    14.9983     6.7170      0.780    32.0155    23.6725 -9.990e-29
 235.870428      0.792  39.619958    15.0009     6.6628      0.785    32.0100    23.6677 -9.990e-29
 235.870434      0.795  39.621672    15.0050     6.6721      0.788    32.0081    23.6654 -9.990e-29
 235.870440      0.790  39.628312    15.0067     6.6691      0.783    32.0127    23.6686 -9.990e-29
 235.870446      0.782  39.633042    15.0084     6.6721      0.775    32.0156    23.6704 -9.990e-29
 235.870451      0.774  39.636565    15.0115     6.6851      0.768    32.0162    23.6703 -9.990e-29
 235.870457      0.766  39.640214    15.0152     6.6742      0.760    32.0165    23.6697 -9.990e-29
 235.870463      0.758  39.642130    15.0174     6.6840      0.752    32.0164    23.6691 -9.990e-29
 235.870469      0.744  39.642064    15.0162     6.6894      0.738    32.0173    23.6701 -9.990e-29
 235.870475      0.719  39.640490    15.0098     6.6899      0.713    32.0212    23.6744 -9.990e-29
 235.870480      0.690  39.635308    14.9988     6.6969      0.684    32.0255    23.6802 -9.990e-29
 235.870486      0.669  39.625775    14.9884     6.7076      0.663    32.0255    23.6823 -9.990e-29
 235.870492      0.658  39.617677    14.9832     6.7159      0.653    32.0225    23.6811 -9.990e-29
 235.870498      0.657  39.615348    14.9828     6.7223      0.652    32.0207    23.6799 -9.990e-29
 235.870503      0.660  39.616801    14.9813     6.7001      0.654    32.0232    23.6821 -9.990e-29
 235.870509      0.661  39.617244    14.9763     6.6960      0.655    32.0277    23.6867 -9.990e-29
 235.870515      0.654  39.615028    14.9765     6.6943      0.649    32.0256    23.6850 -9.990e-29
 235.870521      0.644  39.616165    14.9886     6.7029      0.639    32.0167    23.6755 -9.990e-29
 235.870527      0.638  39.624971    15.0029     6.7165      0.633    32.0129    23.6695 -9.990e-29
 235.870532      0.640  39.635252    15.0093     6.7095      0.635    32.0169    23.6713 -9.990e-29
 235.870538      0.651  39.639984    15.0072     6.7136      0.646    32.0229    23.6763 -9.990e-29
 235.870544      0.666  39.638194    15.0002     6.7047      0.660    32.0270    23.6810 -9.990e-29
 235.870550      0.679  39.631980    14.9943     6.6955      0.673    32.0262    23.6817 -9.990e-29
 235.870556      0.686  39.627067    14.9916     6.7025      0.680    32.0240    23.6805 -9.990e-29
 235.870561      0.687  39.625306    14.9892     6.7019      0.681    32.0244    23.6813 -9.990e-29
 235.870567      0.686  39.622669    14.9847     6.7157      0.680    32.0257    23.6833 -9.990e-29
 235.870573      0.688  39.618440    14.9792     6.7123      0.682    32.0264    23.6850 -9.990e-29
 235.870579      0.689  39.615390    14.9752     6.7267      0.683    32.0270    23.6863 -9.990e-29
 235.870584      0.684  39.614495    14.9722     6.7280      0.678    32.0286    23.6882 -9.990e-29
 235.870590      0.678  39.613438    14.9697     6.7189      0.672    32.0297    23.6896 -9.990e-29
 235.870596      0.678  39.611932    14.9697     6.7105      0.672    32.0284    23.6886 -9.990e-29
 235.870602      0.684  39.613014    14.9712     6.6957      0.678    32.0281    23.6880 -9.990e-29
 235.870608      0.689  39.614760    14.9727     6.7138      0.683    32.0284    23.6880 -9.990e-29
 235.870613      0.688  39.613894    14.9773     6.6726      0.682    32.0239    23.6835 -9.990e-29
 235.870619      0.682  39.614306    14.9860     6.7208      0.676    32.0171    23.6764 -9.990e-29
 235.870625      0.669  39.619348    14.9942     6.7366      0.663    32.0150    23.6730 -9.990e-29
 235.870631      0.654  39.625095    14.9986     6.7330      0.649    32.0165    23.6733 -9.990e-29
 235.870637      0.640  39.627440    14.9992     6.7036      0.635    32.0182    23.6744 -9.990e-29
 235.870642      0.626  39.626712    14.9972     6.5617      0.621    32.0191    23.6756 -9.990e-29
 235.870648      0.611  39.624181    14.9943     6.5008      0.606    32.0192    23.6763 -9.990e-29
 235.870654      0.589  39.622078    14.9919     6.4297      0.584    32.0193    23.6768 -9.990e-29
 235.870660      0.556  39.622082    14.9906     6.4041      0.551    32.0204    23.6780 -9.990e-29
 235.870666      0.512  39.623637    14.9907     7.4971      0.508    32.0217    23.6790 -9.990e-29
 235.870671      0.465  39.625454    14.9930     7.5848      0.461    32.0215    23.6783 -9.990e-29
 235.870677      0.415  39.627152    14.9983     7.2657      0.412    32.0187    23.6750 -9.990e-29
 235.870683      0.363  39.626512    15.0050     6.9453      0.360    32.0127    23.6689 -9.990e-29
 235.870689      0.315  39.617078    15.0101     6.5020      0.312    32.0000    23.6581 -9.990e-29
 235.870694      0.272  39.586832    15.0124     6.1794      0.270    31.9709    23.6352 -9.990e-29
 235.870700      0.231  39.499374    15.0127     6.0057      0.229    31.8920    23.5743 -9.990e-29
 235.870706      0.190  39.243135    15.0119     5.9424      0.188    31.6623    23.3976 -9.990e-29
 235.870712      0.149  38.480388    15.0104     5.9120      0.148    30.9790    22.8720 -9.990e-29
 235.870718      0.116  36.194697    15.0107     5.9097      0.115    28.9406    21.3038 -9.990e-29
 235.870723      0.092  29.339597    15.0147     5.9103      0.091    22.9427    16.6964 -9.990e-29
 235.870729      0.075  18.642778    15.0203     5.8990      0.074    13.9623     9.8137 -9.990e-29
 235.870735      0.062  10.945031    15.0234     5.8803      0.061     7.8388     5.1239 -9.990e-29
 235.870741      0.045   7.866066    15.0233     5.8803      0.045     5.4938     3.3263 -9.990e-29
 235.870747      0.030   6.203448    15.0240     5.8890      0.030     4.2596     2.3790 -9.990e-29
 235.870752      0.018   5.041361    15.0303     5.9089      0.018     3.4126     1.7275 -9.990e-29
 235.870758      0.009   4.214500    15.0418     5.9016      0.009     2.8190     1.2694 -9.990e-29
 235.870764      0.002   3.493313    15.0533     5.9068      0.002     2.3087     0.8751 -9.990e-29
 235.870770     -0.002   2.932005    15.0604     5.9118     -0.002     1.9173     0.5726 -9.990e-29
 235.870775     -0.004   2.564124    15.0650     5.9009     -0.004     1.6637     0.3765 -9.990e-29
 235.870781     -0.005   2.344919    15.0725     5.8939     -0.005     1.5136     0.2597 -9.990e-29
 235.870787     -0.004   2.289183    15.0847     5.8986     -0.004     1.4752     0.2283 -9.990e-29
 235.870793     -0.001   2.489977    15.0964     5.9110     -0.001     1.6116     0.3316 -9.990e-29
 235.870799      0.004   2.818661    15.1026     5.9126      0.004     1.8370     0.5042 -9.990e-29
 235.870804      0.011   2.970603    15.1071     5.9188      0.011     1.9417     0.5841 -9.990e-29
 235.870810      0.020   2.899476    15.1142     5.9198      0.020     1.8922     0.5449 -9.990e-29
 235.870816      0.029   2.815974    15.1206     5.9061      0.029     1.8343     0.4993 -9.990e-29
 235.870822      0.033   2.802275    15.1248     5.9012      0.033     1.8247     0.4913 -9.990e-29
 235.870828      0.032   2.750297    15.1298     5.8568      0.032     1.7887     0.4627 -9.990e-29
 235.870833      0.026   2.691638    15.1365     5.8811      0.026     1.7481     0.4304 -9.990e-29
 235.870839      0.020   2.736030    15.1436     5.8849      0.020     1.7782     0.4526 -9.990e-29
 235.870845      0.018   2.787984    15.1517     5.9061      0.018     1.8136     0.4785 -9.990e-29
 235.870851      0.018   2.699993    15.1617     5.8927      0.018     1.7527     0.4300 -9.990e-29
 235.870856      0.017   2.483912    15.1735     5.8486      0.017     1.6044     0.3140 -9.990e-29
 235.870862      0.011   2.267965    15.1858     5.8729      0.011     1.4571     0.1986 -9.990e-29
 235.870868      0.003   2.181604    15.1966     5.8825      0.003     1.3983     0.1515 -9.990e-29
 235.870874     -0.003   2.403402    15.2040     5.8758     -0.003     1.5483     0.2660 -9.990e-29
 235.870880     -0.007   2.822654    15.2073     5.8678     -0.007     1.8349     0.4862 -9.990e-29
 235.870885     -0.009   2.987179    15.2076     5.8655     -0.009     1.9483     0.5734 -9.990e-29
 235.870891     -0.010   2.902463    15.2081 -9.990e-29     -0.010     1.8898     0.5283 -9.990e-29
 235.870897     -0.010   2.833194    15.2112 -9.990e-29     -0.010     1.8420     0.4910 -9.990e-29
 235.870903     -0.009   2.791825    15.2173 -9.990e-29     -0.009     1.8133     0.4680 -9.990e-29
 235.870909     -0.006   2.832420    15.2249 -9.990e-29     -0.006     1.8408     0.4880 -9.990e-29
 235.870914     -0.001   2.871564    15.2340 -9.990e-29     -0.001     1.8673     0.5069 -9.990e-29
 235.870920      0.005   2.701379    15.2474 -9.990e-29      0.005     1.7499     0.4144 -9.990e-29
