data/oxygen options/ONMS/Olympic_Coast_National_Marine_Sanctuary_CTD_Data_2005_2023/raw_data/2022/CAST_CE015_220623faed.cnv
* Sea-Bird SBE 19 Data File:
* FileName = C:\2022 Mooring Data\Casts\CAST_CE015_220623.hex
* Software Version SeatermAF 2.1.2
* Temperature SN = 2997
* Conductivity SN = 2997
* System UpLoad Time = Jun 23 2022 22:59:41 (localtime) = Jun 23 2022 22:59:41 (UTC)
** CAST_CE015_220623
* ds
# nquan = 9                                 
# nvalues = 1217                        
# units = specified
# name 0 = timeJ: Julian Days
# name 1 = prSM: Pressure, Strain Gauge [db]
# name 2 = c0mS/cm: Conductivity [mS/cm]
# name 3 = t090C: Temperature [ITS-90, deg C]
# name 4 = sbeox0ML/L: Oxygen, SBE 43 [ml/l]
# name 5 = depSM: Depth [salt water, m], lat = 47.5
# name 6 = sal00: Salinity, Practical [PSU]
# name 7 = sigma-é00: Density [sigma-theta, kg/m^3]
# name 8 = flag: flag
# span 0 = 174.908449, 174.915486       
# span 1 =     -5.949,      9.134       
# span 2 =   0.199274,  36.256776       
# span 3 =     8.5840,    16.8739       
# span 4 =   -12.0397,    14.0172       
# span 5 =     -5.899,      9.058       
# span 6 =     0.1166,    32.6799       
# span 7 =    -1.1014,    25.3651       
# span 8 = 0.0000e+00, 0.0000e+00       
# interval = seconds: 0.5
# start_time = Jun 23 2022 21:48:10 [Instrument's time stamp, header]
# bad_flag = -9.990e-29
*END*
 174.908449     -5.949 -9.990e-29    16.2302    -1.8431     -5.899 -9.990e-29 -9.990e-29 -9.990e-29
 174.908455     -5.947   0.214196    16.2289    -1.8431     -5.897     0.1241    -0.9972 -9.990e-29
 174.908461     -5.941   0.213661    16.2240    -1.8430     -5.892     0.1238    -0.9967 -9.990e-29
 174.908466     -5.926   0.213346    16.2177    -1.8427     -5.877     0.1237    -0.9958 -9.990e-29
 174.908472     -5.905   0.213387    16.2112    -1.8427     -5.856     0.1237    -0.9946 -9.990e-29
 174.908478     -5.881   0.213653    16.2047    -1.8430     -5.832     0.1239    -0.9934 -9.990e-29
 174.908484     -5.852   0.213947    16.1993    -1.8433     -5.803     0.1241    -0.9924 -9.990e-29
 174.908490     -5.821   0.213921    16.1963    -1.8432     -5.773     0.1240    -0.9919 -9.990e-29
 174.908495     -5.795   0.213543    16.1951    -1.8427     -5.747     0.1238    -0.9919 -9.990e-29
 174.908501     -5.771   0.213233    16.1948    -1.8424     -5.723     0.1237    -0.9920 -9.990e-29
 174.908507     -5.745   0.213129    16.1956    -1.8423     -5.697     0.1236    -0.9921 -9.990e-29
 174.908513     -5.717   0.213094    16.1980    -1.8425     -5.669     0.1236    -0.9926 -9.990e-29
 174.908519     -5.692   0.213082    16.2010    -1.8424     -5.645     0.1235    -0.9931 -9.990e-29
 174.908524     -5.668   0.213077    16.2013    -1.8422     -5.621     0.1235    -0.9931 -9.990e-29
 174.908530     -5.642   0.213075    16.1984    -1.8420     -5.595     0.1235    -0.9926 -9.990e-29
 174.908536     -5.614   0.213074    16.1959    -1.8421     -5.567     0.1236    -0.9922 -9.990e-29
 174.908542     -5.586   0.213073    16.1979    -1.8422     -5.539     0.1235    -0.9926 -9.990e-29
 174.908547     -5.560   0.213072    16.2042    -1.8427     -5.514     0.1235    -0.9936 -9.990e-29
 174.908553     -5.530   0.213070    16.2107    -1.8432     -5.484     0.1235    -0.9947 -9.990e-29
 174.908559     -5.495   0.213065    16.2140    -1.8437     -5.449     0.1235    -0.9953 -9.990e-29
 174.908565     -5.461   0.213051    16.2150    -1.8440     -5.415     0.1235    -0.9954 -9.990e-29
 174.908571     -5.430   0.213009    16.2168    -1.8441     -5.385     0.1235    -0.9957 -9.990e-29
 174.908576     -5.400   0.212886    16.2201    -1.8440     -5.355     0.1234    -0.9963 -9.990e-29
 174.908582     -5.369   0.212518    16.2224    -1.8439     -5.324     0.1232    -0.9969 -9.990e-29
 174.908588     -5.335   0.211968    16.2210    -1.8438     -5.291     0.1228    -0.9969 -9.990e-29
 174.908594     -5.300   0.211612    16.2153    -1.8437     -5.256     0.1227    -0.9961 -9.990e-29
 174.908600     -5.266   0.211529    16.2063    -1.8437     -5.222     0.1226    -0.9946 -9.990e-29
 174.908605     -5.231   0.211609    16.1955    -1.8436     -5.187     0.1227    -0.9928 -9.990e-29
 174.908611     -5.197   0.211959    16.1853    -1.8437     -5.154     0.1229    -0.9909 -9.990e-29
 174.908617     -5.167   0.212494    16.1781    -1.8441     -5.124     0.1233    -0.9895 -9.990e-29
 174.908623     -5.138   0.212819    16.1749    -1.8437     -5.095     0.1235    -0.9888 -9.990e-29
 174.908628     -5.108   0.212818    16.1752    -1.8426     -5.065     0.1235    -0.9889 -9.990e-29
 174.908634     -5.076   0.212490    16.1771    -1.8418     -5.034     0.1233    -0.9893 -9.990e-29
 174.908640     -5.044   0.211949    16.1792    -1.8415     -5.002     0.1229    -0.9899 -9.990e-29
 174.908646     -5.019   0.211584    16.1809    -1.8413     -4.977     0.1227    -0.9904 -9.990e-29
 174.908652     -4.998   0.211462    16.1821    -1.8414     -4.956     0.1227    -0.9906 -9.990e-29
 174.908657     -4.976   0.211421    16.1825    -1.8419     -4.935     0.1226    -0.9907 -9.990e-29
 174.908663     -4.957   0.211407    16.1819    -1.8420     -4.916     0.1226    -0.9906 -9.990e-29
 174.908669     -4.938   0.211402    16.1838    -1.8420     -4.897     0.1226    -0.9909 -9.990e-29
 174.908675     -4.914   0.211399    16.1936    -1.8420     -4.873     0.1226    -0.9926 -9.990e-29
 174.908681     -4.889   0.211398    16.2103    -1.8423     -4.848     0.1225    -0.9954 -9.990e-29
 174.908686     -4.864   0.211398    16.2267    -1.8430     -4.823     0.1225    -0.9981 -9.990e-29
 174.908692     -4.839   0.211397    16.2376    -1.8430     -4.799     0.1225    -0.9999 -9.990e-29
 174.908698     -4.812   0.211396    16.2420    -1.8429     -4.772     0.1225    -1.0007 -9.990e-29
 174.908704     -4.785   0.211395    16.2402    -1.8428     -4.745     0.1225    -1.0004 -9.990e-29
 174.908709     -4.760   0.211393    16.2354    -1.8427     -4.720     0.1225    -0.9996 -9.990e-29
 174.908715     -4.732   0.211388    16.2318    -1.8425     -4.693     0.1225    -0.9990 -9.990e-29
 174.908721     -4.700   0.211374    16.2298    -1.8423     -4.661     0.1225    -0.9986 -9.990e-29
 174.908727     -4.669   0.211333    16.2268    -1.8419     -4.630     0.1225    -0.9982 -9.990e-29
 174.908733     -4.642   0.211210    16.2200    -1.8420     -4.603     0.1224    -0.9971 -9.990e-29
 174.908738     -4.617   0.210843    16.2119    -1.8417     -4.579     0.1222    -0.9959 -9.990e-29
 174.908744     -4.593   0.210298    16.2078    -1.8419     -4.555     0.1219    -0.9954 -9.990e-29
 174.908750     -4.568   0.209956    16.2080    -1.8423     -4.530     0.1217    -0.9956 -9.990e-29
 174.908756     -4.541   0.209915    16.2100    -1.8425     -4.503     0.1217    -0.9960 -9.990e-29
 174.908762     -4.509   0.210119    16.2136    -1.8426     -4.471     0.1218    -0.9965 -9.990e-29
 174.908767     -4.472   0.210290    16.2191    -1.8428     -4.435     0.1219    -0.9973 -9.990e-29
 174.908773     -4.429   0.210100    16.2258    -1.8431     -4.392     0.1218    -0.9985 -9.990e-29
 174.908779     -4.389   0.209852    16.2316    -1.8429     -4.352     0.1216    -0.9996 -9.990e-29
 174.908785     -4.352   0.209769    16.2350    -1.8431     -4.316     0.1215    -1.0002 -9.990e-29
 174.908791     -4.324   0.209741    16.2356    -1.8427     -4.288     0.1215    -1.0003 -9.990e-29
 174.908796     -4.312   0.209731    16.2324    -1.8420     -4.276     0.1215    -0.9998 -9.990e-29
 174.908802     -4.307   0.209727    16.2263    -1.8418     -4.271     0.1215    -0.9988 -9.990e-29
 174.908808     -4.300   0.209725    16.2205    -1.8419     -4.264     0.1216    -0.9978 -9.990e-29
 174.908814     -4.290   0.209724    16.2160    -1.8427     -4.254     0.1216    -0.9971 -9.990e-29
 174.908819     -4.278   0.209724    16.2117    -1.8436     -4.242     0.1216    -0.9963 -9.990e-29
 174.908825     -4.262   0.209723    16.2085    -1.8438     -4.226     0.1216    -0.9958 -9.990e-29
 174.908831     -4.241   0.209722    16.2082    -1.8437     -4.206     0.1216    -0.9958 -9.990e-29
 174.908837     -4.214   0.209722    16.2114    -1.8438     -4.179     0.1216    -0.9963 -9.990e-29
 174.908843     -4.183   0.209721    16.2188    -1.8440     -4.148     0.1216    -0.9975 -9.990e-29
 174.908848     -4.156   0.209721    16.2275    -1.8446     -4.121     0.1215    -0.9990 -9.990e-29
 174.908854     -4.133   0.209720    16.2313    -1.8447     -4.099     0.1215    -0.9996 -9.990e-29
 174.908860     -4.115   0.209719    16.2267    -1.8450     -4.081     0.1215    -0.9988 -9.990e-29
 174.908866     -4.100   0.209719    16.2144    -1.8450     -4.066     0.1216    -0.9968 -9.990e-29
 174.908872     -4.086   0.209718    16.2009    -1.8449     -4.052     0.1216    -0.9945 -9.990e-29
 174.908877     -4.074   0.209718    16.1924    -1.8447     -4.040     0.1216    -0.9931 -9.990e-29
 174.908883     -4.062   0.209717    16.1880    -1.8445     -4.028     0.1216    -0.9924 -9.990e-29
 174.908889     -4.050   0.209716    16.1834    -1.8443     -4.016     0.1216    -0.9916 -9.990e-29
 174.908895     -4.036   0.209716    16.1767    -1.8440     -4.002     0.1217    -0.9905 -9.990e-29
 174.908900     -4.020   0.209715    16.1689    -1.8438     -3.986     0.1217    -0.9892 -9.990e-29
 174.908906     -4.002   0.209715    16.1626    -1.8437     -3.969     0.1217    -0.9881 -9.990e-29
 174.908912     -3.979   0.209714    16.1588    -1.8435     -3.946     0.1217    -0.9875 -9.990e-29
 174.908918     -3.950   0.209714    16.1582    -1.8435     -3.917     0.1217    -0.9874 -9.990e-29
 174.908924     -3.918   0.209713    16.1605    -1.8435     -3.885     0.1217    -0.9878 -9.990e-29
 174.908929     -3.889   0.209712    16.1644    -1.8433     -3.857     0.1217    -0.9884 -9.990e-29
 174.908935     -3.865   0.209712    16.1692    -1.8436     -3.833     0.1217    -0.9892 -9.990e-29
 174.908941     -3.846   0.209711    16.1749    -1.8437     -3.814     0.1217    -0.9902 -9.990e-29
 174.908947     -3.830   0.209711    16.1810    -1.8434     -3.798     0.1216    -0.9912 -9.990e-29
 174.908953     -3.816   0.209710    16.1864    -1.8432     -3.784     0.1216    -0.9921 -9.990e-29
 174.908958     -3.803   0.209709    16.1906    -1.8431     -3.771     0.1216    -0.9928 -9.990e-29
 174.908964     -3.790   0.209708    16.1935    -1.8432     -3.758     0.1216    -0.9933 -9.990e-29
 174.908970     -3.776   0.209707    16.1954    -1.8433     -3.745     0.1216    -0.9936 -9.990e-29
 174.908976     -3.761   0.209703    16.1967    -1.8432     -3.730     0.1216    -0.9938 -9.990e-29
 174.908981     -3.743   0.209693    16.1971    -1.8426     -3.712     0.1216    -0.9939 -9.990e-29
 174.908987     -3.722   0.209664    16.1965    -1.8420     -3.691     0.1216    -0.9938 -9.990e-29
 174.908993     -3.695   0.209578    16.1972    -1.8410     -3.664     0.1215    -0.9940 -9.990e-29
 174.908999     -3.667   0.209322    16.2002    -1.8403     -3.636     0.1214    -0.9946 -9.990e-29
 174.909005     -3.642   0.209108    16.2034    -1.8398     -3.612     0.1212    -0.9952 -9.990e-29
 174.909010     -3.625   0.209205    16.2050    -1.8396     -3.595     0.1213    -0.9954 -9.990e-29
 174.909016     -3.610   0.209191    16.2056    -1.8397     -3.580     0.1213    -0.9955 -9.990e-29
 174.909022     -3.591   0.209047    16.2073    -1.8398     -3.561     0.1212    -0.9959 -9.990e-29
 174.909028     -3.572   0.209135    16.2133    -1.8399     -3.542     0.1212    -0.9969 -9.990e-29
 174.909034     -3.555   0.209022    16.2255    -1.8401     -3.525     0.1211    -0.9989 -9.990e-29
 174.909039     -3.540   0.208555    16.2424    -1.8400     -3.510     0.1208    -1.0020 -9.990e-29
 174.909045     -3.526   0.208222    16.2614    -1.8397     -3.497     0.1206    -1.0053 -9.990e-29
 174.909051     -3.511   0.208132    16.2784    -1.8392     -3.482     0.1205    -1.0082 -9.990e-29
 174.909057     -3.495   0.208165    16.2902    -1.8387     -3.466     0.1205    -1.0102 -9.990e-29
 174.909063     -3.477   0.208368    16.2962    -1.8387     -3.448     0.1206    -1.0111 -9.990e-29
 174.909068     -3.456   0.209012    16.2973    -1.8388     -3.427     0.1209    -1.0110 -9.990e-29
 174.909074     -3.434   0.210402    16.2955    -1.8387     -3.405     0.1217    -1.0101 -9.990e-29
 174.909080     -3.415   0.212731    16.2930    -1.8383     -3.387     0.1231    -1.0086 -9.990e-29
 174.909086     -3.392   0.215786    16.2919    -1.8371     -3.364     0.1249    -1.0071 -9.990e-29
 174.909091     -3.365   0.218657    16.2945    -1.8359     -3.337     0.1265    -1.0062 -9.990e-29
 174.909097     -3.341   0.220747    16.3016    -1.8348     -3.313     0.1277    -1.0065 -9.990e-29
 174.909103     -3.322   0.222075    16.3113    -1.8335     -3.294     0.1284    -1.0075 -9.990e-29
 174.909109     -3.306   0.222751    16.3197    -1.8327     -3.278     0.1288    -1.0086 -9.990e-29
 174.909115     -3.293   0.223125    16.3240    -1.8320     -3.266     0.1290    -1.0092 -9.990e-29
 174.909120     -3.283   0.223697    16.3267    -1.8312     -3.256     0.1293    -1.0094 -9.990e-29
 174.909126     -3.273   0.224675    16.3332    -1.8300     -3.246     0.1299    -1.0101 -9.990e-29
 174.909132     -3.265   0.225703    16.3478    -1.8283     -3.238     0.1304    -1.0121 -9.990e-29
 174.909138     -3.256   0.226493    16.3714    -1.8277     -3.229     0.1308    -1.0157 -9.990e-29
 174.909144     -3.248   0.226993    16.4001    -1.8279     -3.221     0.1310    -1.0203 -9.990e-29
 174.909149     -3.239   0.227314    16.4303    -1.8280     -3.212     0.1311    -1.0253 -9.990e-29
 174.909155     -3.228   0.227886    16.4593    -1.8284     -3.201     0.1314    -1.0300 -9.990e-29
 174.909161     -3.215   0.228368    16.4848    -1.8289     -3.188     0.1316    -1.0341 -9.990e-29
 174.909167     -3.199   0.228294    16.5082    -1.8294     -3.172     0.1315    -1.0382 -9.990e-29
 174.909172     -3.180   0.228121    16.5338    -1.8293     -3.153     0.1313    -1.0426 -9.990e-29
 174.909178     -3.155   0.228173    16.5636    -1.8288     -3.129     0.1312    -1.0477 -9.990e-29
 174.909184     -3.128   0.228519    16.5919    -1.8282     -3.102     0.1314    -1.0524 -9.990e-29
 174.909190     -3.105   0.229065    16.6091    -1.8278     -3.079     0.1316    -1.0551 -9.990e-29
 174.909196     -3.089   0.229431    16.6137    -1.8282     -3.063     0.1318    -1.0557 -9.990e-29
 174.909201     -3.079   0.229553    16.6104    -1.8289     -3.053     0.1319    -1.0551 -9.990e-29
 174.909207     -3.075   0.229593    16.6023    -1.8294     -3.049     0.1319    -1.0537 -9.990e-29
 174.909213     -3.072   0.229607    16.5928    -1.8289     -3.046     0.1320    -1.0521 -9.990e-29
 174.909219     -3.061   0.229612    16.5869    -1.8287     -3.035     0.1320    -1.0510 -9.990e-29
 174.909225     -3.042   0.229614    16.5885    -1.8286     -3.017     0.1320    -1.0513 -9.990e-29
 174.909230     -3.022   0.229615    16.5965    -1.8285     -2.997     0.1320    -1.0527 -9.990e-29
 174.909236     -3.003   0.229615    16.6057    -1.8285     -2.978     0.1319    -1.0543 -9.990e-29
 174.909242     -2.985   0.229615    16.6095    -1.8284     -2.960     0.1319    -1.0549 -9.990e-29
 174.909248     -2.967   0.229615    16.6051    -1.8284     -2.942     0.1319    -1.0542 -9.990e-29
 174.909253     -2.947   0.229616    16.5964    -1.8281     -2.922     0.1320    -1.0527 -9.990e-29
 174.909259     -2.929   0.229616    16.5911    -1.8283     -2.905     0.1320    -1.0518 -9.990e-29
 174.909265     -2.915   0.229616    16.5923    -1.8285     -2.891     0.1320    -1.0520 -9.990e-29
 174.909271     -2.905   0.229616    16.5960    -1.8290     -2.881     0.1320    -1.0526 -9.990e-29
 174.909277     -2.898   0.229616    16.5991    -1.8300     -2.874     0.1320    -1.0531 -9.990e-29
 174.909282     -2.890   0.229616    16.6015    -1.8312     -2.866     0.1320    -1.0535 -9.990e-29
 174.909288     -2.875   0.229617    16.6038    -1.8320     -2.851     0.1319    -1.0539 -9.990e-29
 174.909294     -2.852   0.229617    16.6062    -1.8325     -2.828     0.1319    -1.0544 -9.990e-29
 174.909300     -2.825   0.229617    16.6084    -1.8322     -2.801     0.1319    -1.0547 -9.990e-29
 174.909306     -2.799   0.229617    16.6090    -1.8318     -2.776     0.1319    -1.0548 -9.990e-29
 174.909311     -2.779   0.229617    16.6056    -1.8314     -2.756     0.1319    -1.0542 -9.990e-29
 174.909317     -2.762   0.229617    16.5973    -1.8309     -2.739     0.1320    -1.0528 -9.990e-29
 174.909323     -2.748   0.229618    16.5826    -1.8304     -2.725     0.1320    -1.0503 -9.990e-29
 174.909329     -2.736   0.229618    16.5610    -1.8296     -2.713     0.1321    -1.0466 -9.990e-29
 174.909334     -2.724   0.229618    16.5374    -1.8290     -2.701     0.1321    -1.0425 -9.990e-29
 174.909340     -2.712   0.229618    16.5186    -1.8277     -2.689     0.1322    -1.0393 -9.990e-29
 174.909346     -2.700   0.229618    16.5093    -1.8265     -2.677     0.1322    -1.0377 -9.990e-29
 174.909352     -2.690   0.229618    16.5098    -1.8257     -2.668     0.1322    -1.0378 -9.990e-29
 174.909358     -2.687   0.229619    16.5168    -1.8250     -2.665     0.1322    -1.0390 -9.990e-29
 174.909363     -2.686   0.229619    16.5273    -1.8244     -2.664     0.1322    -1.0408 -9.990e-29
 174.909369     -2.682   0.229619    16.5407    -1.8246     -2.660     0.1321    -1.0431 -9.990e-29
