data/oxygen options/ONMS/Olympic_Coast_National_Marine_Sanctuary_CTD_Data_2005_2023/raw_data/2022/CAST_CE042_220720faedb.cnv
* Sea-Bird SBE 19 Data File:
* FileName = C:\2022 Mooring Data\Casts\PPS\PPS_CE042_220720.hex
* Software Version SeatermAF 2.1.2
* Temperature SN = 2997
* Conductivity SN = 2997
* System UpLoad Time = Jul 20 2022 17:54:31 (localtime) = Jul 20 2022 17:54:31 (UTC)
** PPS_CE042_220720
* ds
# nquan = 9
# nvalues = 40                          
# units = specified
# name 0 = timeJ: Julian Days
# name 1 = prSM: Pressure, Strain Gauge [db]
# name 2 = c0mS/cm: Conductivity [mS/cm]
# name 3 = t090C: Temperature [ITS-90, deg C]
# name 4 = sbeox0ML/L: Oxygen, SBE 43 [ml/l]
# name 5 = depSM: Depth [salt water, m], lat = 47.5
# name 6 = sal00: Salinity, Practical [PSU]
# name 7 = sigma-é00: Density [sigma-theta, kg/m^3]
# name 8 = flag: flag
# span 0 = 201.732280, 201.733173       
# span 1 =      2.000,     41.000       
# span 2 =  34.552172,  38.014629       
# span 3 =     7.4208,    13.3126       
# span 4 =     1.4723,     8.9189       
# span 5 =      1.983,     40.654       
# span 6 =    31.8410,    33.7808       
# span 7 =    23.9591,    26.3998       
# span 8 = 0.0000e+00, 0.0000e+00       
# interval = decibars: 1                
# start_time = Jul 20 2022 17:26:20 [Instrument's time stamp, header]
# bad_flag = -9.990e-29
*END*
 201.732280      2.000  38.014629    13.3126     8.5891      1.983    31.9363    23.9591 0.0000e+00
 201.732308      3.000  37.966029    13.2365     8.6350      2.975    31.9543    23.9881 0.0000e+00
 201.732331      4.000  37.699909    12.9190     8.9189      3.967    31.9711    24.0633 0.0000e+00
 201.732354      5.000  37.432492    12.7734     8.3095      4.958    31.8410    23.9908 0.0000e+00
 201.732378      6.000  37.198039    12.1995     7.6389      5.950    32.1059    24.3047 0.0000e+00
 201.732398      7.000  36.276282    11.3477     7.3706      6.942    31.9453    24.3362 0.0000e+00
 201.732422      8.000  36.285300    11.2585     5.7291      7.933    32.0319    24.4194 0.0000e+00
 201.732443      9.000  35.746744    10.4875     5.4613      8.925    32.1727    24.6631 0.0000e+00
 201.732465     10.000  35.613716    10.4060     5.0754      9.916    32.1111    24.6293 0.0000e+00
 201.732487     11.000  35.482823    10.0684     4.9964     10.908    32.2788    24.8165 0.0000e+00
 201.732507     12.000  35.428019     9.9769     4.9682     11.900    32.3044    24.8518 0.0000e+00
 201.732531     13.000  35.432208     9.9487     4.4795     12.891    32.3336    24.8792 0.0000e+00
 201.732552     14.000  35.416765     9.8136     4.0066     13.883    32.4388    24.9836 0.0000e+00
 201.732571     15.000  35.504788     9.7307     4.0387     14.874    32.6030    25.1253 0.0000e+00
 201.732594     16.000  35.513761     9.7032     3.8281     15.866    32.6366    25.1561 0.0000e+00
 201.732618     17.000  35.462814     9.5815     3.1852     16.858    32.6948    25.2213 0.0000e+00
 201.732638     18.000  35.316955     9.3510     3.0047     17.849    32.7550    25.3054 0.0000e+00
 201.732657     19.000  35.210961     9.0842     3.0278     18.841    32.8905    25.4536 0.0000e+00
 201.732677     20.000  34.851190     8.6317     3.1287     19.832    32.9343    25.5580 0.0000e+00
 201.732701     21.000  34.903017     8.7154     3.0254     20.824    32.9103    25.5265 0.0000e+00
 201.732723     22.000  34.677294     8.2786     2.9599     21.815    33.0808    25.7260 0.0000e+00
 201.732742     23.000  34.575640     8.1098     2.8944     22.807    33.1316    25.7909 0.0000e+00
 201.732762     24.000  34.552172     7.9874     2.6384     23.798    33.2222    25.8799 0.0000e+00
 201.732784     25.000  34.562054     7.8875     1.9193     24.790    33.3274    25.9771 0.0000e+00
 201.732805     26.000  34.577939     7.6886     1.6340     25.781    33.5347    26.1687 0.0000e+00
 201.732827     27.000  34.606404     7.6241     1.7024     26.773    33.6272    26.2507 0.0000e+00
 201.732854     28.000  34.599347     7.5814     1.5808     27.764    33.6605    26.2829 0.0000e+00
 201.732879     29.000  34.588699     7.5054     1.5599     28.756    33.7223    26.3423 0.0000e+00
 201.732900     30.000  34.587744     7.4955     1.5729     29.747    33.7303    26.3501 0.0000e+00
 201.732926     31.000  34.603805     7.4977     1.5572     30.739    33.7451    26.3614 0.0000e+00
 201.732954     32.000  34.589483     7.4716     1.5099     31.730    33.7545    26.3725 0.0000e+00
 201.732976     33.000  34.578316     7.4421     1.5202     32.722    33.7707    26.3894 0.0000e+00
 201.733000     34.000  34.580440     7.4368     1.5199     33.713    33.7776    26.3957 0.0000e+00
 201.733026     35.000  34.574925     7.4272     1.5098     34.705    33.7805    26.3993 0.0000e+00
 201.733049     36.000  34.573144     7.4245     1.5054     35.696    33.7808    26.3998 0.0000e+00
 201.733072     37.000  34.570687     7.4224     1.5061     36.688    33.7796    26.3993 0.0000e+00
 201.733095     38.000  34.570169     7.4215     1.4990     37.679    33.7795    26.3993 0.0000e+00
 201.733119     39.000  34.569635     7.4221     1.4966     38.671    33.7778    26.3979 0.0000e+00
 201.733146     40.000  34.572380     7.4251     1.4836     39.662    33.7773    26.3971 0.0000e+00
 201.733173     41.000  34.569856     7.4208     1.4723     40.654    33.7783    26.3985 0.0000e+00
