data/oxygen options/ONMS/Olympic_Coast_National_Marine_Sanctuary_CTD_Data_2005_2023/raw_data/2022/CAST_CA015_220522faed.cnv
* Sea-Bird SBE 19 Data File:
* FileName = C:\2022 Mooring Data\Casts\CAST_CA015_220522.hex
* Software Version SeatermAF 2.1.2
* Temperature SN = 2997
* Conductivity SN = 2997
* System UpLoad Time = May 22 2022 20:07:01 (localtime) = May 22 2022 20:07:01 (UTC)
** CAST_CA015_220522
* ds
# nquan = 9                                 
# nvalues = 900                         
# units = specified
# name 0 = timeJ: Julian Days
# name 1 = prSM: Pressure, Strain Gauge [db]
# name 2 = c0mS/cm: Conductivity [mS/cm]
# name 3 = t090C: Temperature [ITS-90, deg C]
# name 4 = sbeox0ML/L: Oxygen, SBE 43 [ml/l]
# name 5 = depSM: Depth [salt water, m], lat = 47.5
# name 6 = sal00: Salinity, Practical [PSU]
# name 7 = sigma-é00: Density [sigma-theta, kg/m^3]
# name 8 = flag: flag
# span 0 = 142.828414, 142.833617       
# span 1 =     -6.094,     14.017       
# span 2 =   0.010926,  34.084450       
# span 3 =     9.9536,    15.7860       
# span 4 =    -1.9160,    14.6559       
# span 5 =     -6.043,     13.900       
# span 6 =     0.0120,    30.9580       
# span 7 =    -1.0112,    23.8042       
# span 8 = 0.0000e+00, 0.0000e+00       
# interval = seconds: 0.5
# start_time = May 22 2022 19:52:55 [Instrument's time stamp, header]
# bad_flag = -9.990e-29
*END*
[from data line 161]
 142.829346     -2.741   0.012459    14.8946    -1.8966     -2.718     0.0125    -0.8734 -9.990e-29
 142.829352     -2.730   0.012461    14.8838    -1.8967     -2.707     0.0125    -0.8718 -9.990e-29
 142.829358     -2.720   0.012462    14.8690    -1.8960     -2.697     0.0125    -0.8696 -9.990e-29
 142.829363     -2.710   0.012463    14.8547    -1.8950     -2.687     0.0125    -0.8675 -9.990e-29
 142.829369     -2.699   0.012464    14.8465    -1.8951     -2.676     0.0125    -0.8663 -9.990e-29
 142.829375     -2.687   0.012465    14.8453    -1.8961     -2.665     0.0125    -0.8661 -9.990e-29
 142.829381     -2.676   0.012466    14.8484    -1.8968     -2.654     0.0125    -0.8665 -9.990e-29
 142.829387     -2.671   0.012467    14.8525    -1.8972     -2.649     0.0125    -0.8672 -9.990e-29
 142.829392     -2.668   0.012468    14.8561    -1.8976     -2.646     0.0125    -0.8677 -9.990e-29
 142.829398     -2.660   0.012469    14.8598    -1.8983     -2.638     0.0125    -0.8682 -9.990e-29
 142.829404     -2.649   0.012471    14.8657    -1.8994     -2.627     0.0125    -0.8691 -9.990e-29
 142.829410     -2.637   0.012472    14.8758    -1.8998     -2.615     0.0125    -0.8706 -9.990e-29
 142.829416     -2.628   0.012473    14.8851    -1.8996     -2.606     0.0125    -0.8720 -9.990e-29
 142.829421     -2.618   0.012474    14.8840    -1.8992     -2.596     0.0125    -0.8718 -9.990e-29
 142.829427     -2.601   0.012475    14.8724    -1.8989     -2.579     0.0125    -0.8701 -9.990e-29
 142.829433     -2.580   0.012476    14.8578    -1.8986     -2.558     0.0125    -0.8679 -9.990e-29
 142.829439     -2.563   0.012477    14.8446    -1.8984     -2.542     0.0125    -0.8660 -9.990e-29
 142.829444     -2.549   0.012478    14.8313    -1.8986     -2.528     0.0125    -0.8640 -9.990e-29
 142.829450     -2.533   0.012479    14.8152    -1.8982     -2.512     0.0125    -0.8616 -9.990e-29
 142.829456     -2.517   0.012481    14.7992    -1.8975     -2.496     0.0125    -0.8592 -9.990e-29
 142.829462     -2.505   0.012482    14.7901    -1.8970     -2.484     0.0125    -0.8579 -9.990e-29
 142.829468     -2.496   0.012483    14.7899    -1.8967     -2.475     0.0125    -0.8578 -9.990e-29
 142.829473     -2.490   0.012484    14.7949    -1.8963     -2.469     0.0125    -0.8586 -9.990e-29
 142.829479     -2.487   0.012485    14.8014    -1.8947     -2.466     0.0125    -0.8595 -9.990e-29
 142.829485     -2.485   0.012486    14.8076    -1.8931     -2.464     0.0125    -0.8605 -9.990e-29
 142.829491     -2.486   0.012487    14.8121    -1.8920     -2.465     0.0125    -0.8611 -9.990e-29
 142.829497     -2.488   0.012488    14.8165    -1.8907     -2.467     0.0125    -0.8618 -9.990e-29
 142.829502     -2.493   0.012489    14.8245    -1.8896     -2.472     0.0125    -0.8630 -9.990e-29
 142.829508     -2.500   0.012490    14.8363    -1.8891     -2.479     0.0125    -0.8647 -9.990e-29
 142.829514     -2.501   0.012492    14.8490    -1.8903     -2.480     0.0125    -0.8666 -9.990e-29
 142.829520     -2.489   0.012493    14.8628    -1.8913     -2.468     0.0125    -0.8687 -9.990e-29
 142.829525     -2.470   0.012494    14.8828    -1.8919     -2.449     0.0125    -0.8717 -9.990e-29
 142.829531     -2.452   0.012495    14.9117    -1.8928     -2.432     0.0126    -0.8760 -9.990e-29
 142.829537     -2.434   0.012496    14.9443    -1.8929     -2.414     0.0126    -0.8809 -9.990e-29
 142.829543     -2.414   0.012497    14.9753    -1.8925     -2.394     0.0126    -0.8855 -9.990e-29
 142.829549     -2.392   0.012498    15.0029    -1.8921     -2.372     0.0126    -0.8897 -9.990e-29
 142.829554     -2.371   0.012499    15.0226    -1.8917     -2.351     0.0126    -0.8926 -9.990e-29
 142.829560     -2.357   0.012500    15.0273    -1.8914     -2.337     0.0126    -0.8933 -9.990e-29
 142.829566     -2.350   0.012502    15.0164    -1.8908     -2.330     0.0126    -0.8917 -9.990e-29
 142.829572     -2.344   0.012503    14.9985    -1.8899     -2.324     0.0126    -0.8890 -9.990e-29
 142.829578     -2.345   0.012504    14.9811    -1.8890     -2.325     0.0126    -0.8864 -9.990e-29
 142.829583     -2.352   0.012505    14.9679    -1.8878     -2.332     0.0126    -0.8844 -9.990e-29
 142.829589     -2.356   0.012506    14.9631    -1.8857     -2.336     0.0126    -0.8837 -9.990e-29
 142.829595     -2.354   0.012507    14.9670    -1.8842     -2.334     0.0126    -0.8843 -9.990e-29
 142.829601     -2.346   0.012508    14.9758    -1.8828     -2.326     0.0126    -0.8856 -9.990e-29
 142.829606     -2.330   0.012509    14.9861    -1.8818     -2.311     0.0126    -0.8871 -9.990e-29
 142.829612     -2.312   0.012510    14.9979    -1.8812     -2.293     0.0126    -0.8889 -9.990e-29
 142.829618     -2.292   0.012511    15.0138    -1.8806     -2.273     0.0126    -0.8913 -9.990e-29
 142.829624     -2.271   0.012513    15.0349    -1.8801     -2.252     0.0126    -0.8945 -9.990e-29
 142.829630     -2.252   0.012514    15.0611    -1.8794     -2.233     0.0126    -0.8985 -9.990e-29
 142.829635     -2.236   0.012515    15.0942    -1.8792     -2.217     0.0126    -0.9035 -9.990e-29
 142.829641     -2.224   0.012516    15.1330    -1.8789     -2.205     0.0126    -0.9094 -9.990e-29
 142.829647     -2.215   0.012517    15.1709    -1.8784     -2.197     0.0126    -0.9151 -9.990e-29
 142.829653     -2.207   0.012518    15.2035    -1.8780     -2.189     0.0126    -0.9201 -9.990e-29
 142.829659     -2.201   0.012519    15.2293    -1.8775     -2.183     0.0126    -0.9241 -9.990e-29
 142.829664     -2.197   0.012520    15.2491    -1.8769     -2.179     0.0127    -0.9271 -9.990e-29
 142.829670     -2.192   0.012521    15.2654    -1.8764     -2.174     0.0127    -0.9296 -9.990e-29
 142.829676     -2.189   0.012523    15.2802    -1.8757     -2.171     0.0127    -0.9319 -9.990e-29
 142.829682     -2.186   0.012524    15.2933    -1.8748     -2.168     0.0127    -0.9339 -9.990e-29
 142.829688     -2.183   0.012525    15.3037    -1.8737     -2.165     0.0127    -0.9355 -9.990e-29
 142.829693     -2.179   0.012526    15.3134    -1.8725     -2.161     0.0127    -0.9370 -9.990e-29
 142.829699     -2.176   0.012527    15.3242    -1.8717     -2.158     0.0127    -0.9387 -9.990e-29
 142.829705     -2.172   0.012528    15.3359    -1.8707     -2.154     0.0127    -0.9405 -9.990e-29
 142.829711     -2.167   0.012529    15.3486    -1.8704     -2.149     0.0127    -0.9425 -9.990e-29
 142.829716     -2.161   0.012530    15.3626    -1.8707     -2.143     0.0127    -0.9446 -9.990e-29
 142.829722     -2.154   0.012531    15.3786    -1.8704     -2.136     0.0127    -0.9471 -9.990e-29
 142.829728     -2.144   0.012532    15.3980    -1.8700     -2.126     0.0127    -0.9501 -9.990e-29
 142.829734     -2.132   0.012534    15.4210    -1.8695     -2.114     0.0127    -0.9537 -9.990e-29
 142.829740     -2.122   0.012535    15.4465    -1.8691     -2.104     0.0127    -0.9577 -9.990e-29
 142.829745     -2.116   0.012536    15.4719    -1.8687     -2.098     0.0127    -0.9616 -9.990e-29
 142.829751     -2.109   0.012537    15.4945    -1.8684     -2.091     0.0127    -0.9652 -9.990e-29
 142.829757     -2.103   0.012538    15.5122    -1.8679     -2.085     0.0127    -0.9679 -9.990e-29
 142.829763     -2.099   0.012539    15.5223    -1.8673     -2.081     0.0127    -0.9695 -9.990e-29
 142.829769     -2.095   0.012540    15.5271    -1.8666     -2.078     0.0127    -0.9703 -9.990e-29
 142.829774     -2.084   0.012541    15.5334    -1.8658     -2.067     0.0127    -0.9712 -9.990e-29
 142.829780     -2.068   0.012542    15.5432    -1.8650     -2.051     0.0127    -0.9728 -9.990e-29
 142.829786     -2.048   0.012544    15.5542    -1.8647     -2.031     0.0127    -0.9745 -9.990e-29
 142.829792     -2.033   0.012545    15.5647    -1.8646     -2.016     0.0127    -0.9762 -9.990e-29
 142.829797     -2.025   0.012546    15.5747    -1.8644     -2.008     0.0127    -0.9777 -9.990e-29
 142.829803     -2.020   0.012547    15.5857    -1.8642     -2.003     0.0128    -0.9795 -9.990e-29
 142.829809     -2.008   0.012548    15.5989    -1.8641     -1.991     0.0128    -0.9815 -9.990e-29
 142.829815     -1.990   0.012549    15.6144    -1.8641     -1.973     0.0128    -0.9840 -9.990e-29
 142.829821     -1.972   0.012550    15.6317    -1.8642     -1.956     0.0128    -0.9867 -9.990e-29
 142.829826     -1.958   0.012551    15.6495    -1.8639     -1.942     0.0128    -0.9895 -9.990e-29
 142.829832     -1.947   0.012552    15.6648    -1.8635     -1.931     0.0128    -0.9920 -9.990e-29
 142.829838     -1.938   0.012553    15.6754    -1.8634     -1.922     0.0128    -0.9936 -9.990e-29
 142.829844     -1.930   0.012554    15.6818    -1.8638     -1.914     0.0128    -0.9947 -9.990e-29
 142.829850     -1.923   0.012554    15.6864    -1.8641     -1.907     0.0128    -0.9954 -9.990e-29
 142.829855     -1.916   0.012555    15.6902    -1.8647     -1.900     0.0128    -0.9960 -9.990e-29
 142.829861     -1.909   0.012555    15.6930    -1.8648     -1.893     0.0128    -0.9964 -9.990e-29
 142.829867     -1.903   0.012555    15.6949    -1.8645     -1.887     0.0128    -0.9967 -9.990e-29
 142.829873     -1.895   0.012555    15.6974    -1.8645     -1.879     0.0128    -0.9971 -9.990e-29
 142.829878     -1.890   0.012553    15.7017    -1.8644     -1.874     0.0128    -0.9978 -9.990e-29
 142.829884     -1.892   0.012544    15.7058    -1.8642     -1.876     0.0128    -0.9985 -9.990e-29
 142.829890     -1.897   0.012517    15.7060    -1.8643     -1.881     0.0128    -0.9985 -9.990e-29
 142.829896     -1.901   0.012435    15.7013    -1.8646     -1.885     0.0127    -0.9978 -9.990e-29
 142.829902     -1.905   0.012189    15.6938    -1.8649     -1.889     0.0126    -0.9967 -9.990e-29
 142.829907     -1.907   0.012002    15.6865    -1.8651     -1.891     0.0125    -0.9956 -9.990e-29
 142.829913     -1.909   0.012178    15.6832    -1.8652     -1.893     0.0126    -0.9950 -9.990e-29
 142.829919     -1.911   0.012396    15.6838    -1.8654     -1.895     0.0127    -0.9950 -9.990e-29
 142.829925     -1.908   0.012393    15.6857    -1.8655     -1.892     0.0127    -0.9953 -9.990e-29
 142.829931     -1.896   0.012166    15.6880    -1.8653     -1.880     0.0126    -0.9958 -9.990e-29
 142.829936     -1.878   0.011962    15.6892    -1.8653     -1.862     0.0125    -0.9960 -9.990e-29
 142.829942     -1.862   0.012064    15.6874    -1.8654     -1.846     0.0126    -0.9957 -9.990e-29
 142.829948     -1.852   0.012052    15.6828    -1.8654     -1.837     0.0125    -0.9950 -9.990e-29
 142.829954     -1.842   0.011911    15.6774    -1.8656     -1.827     0.0125    -0.9942 -9.990e-29
 142.829959     -1.827   0.012004    15.6727    -1.8660     -1.812     0.0125    -0.9934 -9.990e-29
 142.829965     -1.810   0.011901    15.6684    -1.8662     -1.795     0.0125    -0.9928 -9.990e-29
 142.829971     -1.800   0.011464    15.6646    -1.8662     -1.785     0.0123    -0.9923 -9.990e-29
 142.829977     -1.796   0.011216    15.6632    -1.8664     -1.781     0.0121    -0.9922 -9.990e-29
 142.829983     -1.788   0.011379    15.6639    -1.8671     -1.773     0.0122    -0.9922 -9.990e-29
 142.829988     -1.776   0.011618    15.6640    -1.8678     -1.761     0.0123    -0.9922 -9.990e-29
 142.829994     -1.764   0.011695    15.6629    -1.8687     -1.749     0.0124    -0.9920 -9.990e-29
 142.830000     -1.751   0.011712    15.6602    -1.8686     -1.736     0.0124    -0.9915 -9.990e-29
 142.830006     -1.740   0.011692    15.6551    -1.8683     -1.725     0.0124    -0.9907 -9.990e-29
 142.830012     -1.732   0.011607    15.6489    -1.8693     -1.718     0.0123    -0.9898 -9.990e-29
 142.830017     -1.720   0.011345    15.6438    -1.8700     -1.706     0.0122    -0.9891 -9.990e-29
 142.830023     -1.708   0.011106    15.6388    -1.8705     -1.694     0.0121    -0.9884 -9.990e-29
 142.830029     -1.700   0.011127    15.6304    -1.8709     -1.686     0.0121    -0.9870 -9.990e-29
 142.830035     -1.696   0.011434    15.6169    -1.8717     -1.682     0.0122    -0.9848 -9.990e-29
 142.830041     -1.695   0.011883    15.6010    -1.8723     -1.681     0.0124    -0.9821 -9.990e-29
 142.830046     -1.693   0.011962    15.5880    -1.8729     -1.679     0.0125    -0.9800 -9.990e-29
 142.830052     -1.686   0.011777    15.5811    -1.8736     -1.672     0.0124    -0.9790 -9.990e-29
 142.830058     -1.676   0.011633    15.5744    -1.8738     -1.662     0.0123    -0.9780 -9.990e-29
 142.830064     -1.669   0.011340    15.5617    -1.8740     -1.655     0.0122    -0.9761 -9.990e-29
 142.830069     -1.663   0.011058    15.5461    -1.8742     -1.649     0.0120    -0.9738 -9.990e-29
 142.830075     -1.658   0.010965    15.5315    -1.8746     -1.644     0.0120    -0.9715 -9.990e-29
 142.830081     -1.654   0.010935    15.5167    -1.8760     -1.640     0.0120    -0.9692 -9.990e-29
 142.830087     -1.650   0.010926    15.5008    -1.8773     -1.636     0.0120    -0.9667 -9.990e-29
 142.830093     -1.647   0.010928    15.4846    -1.8782     -1.633     0.0120    -0.9642 -9.990e-29
 142.830098     -1.644   0.010941    15.4694    -1.8788     -1.630     0.0120    -0.9618 -9.990e-29
 142.830104     -1.640   0.010982    15.4565    -1.8796     -1.626     0.0120    -0.9598 -9.990e-29
 142.830110     -1.636   0.011105    15.4468    -1.8800     -1.622     0.0120    -0.9582 -9.990e-29
 142.830116     -1.632   0.011475    15.4388    -1.8803     -1.618     0.0122    -0.9568 -9.990e-29
 142.830122     -1.627   0.012029    15.4292    -1.8806     -1.613     0.0125    -0.9551 -9.990e-29
 142.830127     -1.620   0.012399    15.4131    -1.8816     -1.606     0.0126    -0.9525 -9.990e-29
 142.830133     -1.616   0.012522    15.3884    -1.8825     -1.603     0.0127    -0.9486 -9.990e-29
 142.830139     -1.619   0.012564    15.3610    -1.8835     -1.605     0.0127    -0.9444 -9.990e-29
 142.830145     -1.624   0.012579    15.3374    -1.8841     -1.610     0.0127    -0.9407 -9.990e-29
 142.830150     -1.628   0.012584    15.3179    -1.8848     -1.614     0.0127    -0.9377 -9.990e-29
 142.830156     -1.631   0.012586    15.3011    -1.8858     -1.617     0.0127    -0.9351 -9.990e-29
 142.830162     -1.633   0.012587    15.2878    -1.8864     -1.619     0.0127    -0.9330 -9.990e-29
 142.830168     -1.634   0.012587    15.2764    -1.8863     -1.620     0.0127    -0.9313 -9.990e-29
 142.830174     -1.634   0.012588    15.2625    -1.8861     -1.620     0.0127    -0.9291 -9.990e-29
 142.830179     -1.633   0.012589    15.2435    -1.8863     -1.619     0.0127    -0.9262 -9.990e-29
 142.830185     -1.632   0.012589    15.2217    -1.8867     -1.618     0.0127    -0.9229 -9.990e-29
 142.830191     -1.630   0.012590    15.2004    -1.8880     -1.616     0.0127    -0.9196 -9.990e-29
 142.830197     -1.627   0.012590    15.1808    -1.8897     -1.613     0.0127    -0.9166 -9.990e-29
 142.830203     -1.622   0.012591    15.1619    -1.8909     -1.608     0.0127    -0.9137 -9.990e-29
 142.830208     -1.616   0.012592    15.1446    -1.8916     -1.603     0.0127    -0.9111 -9.990e-29
 142.830214     -1.608   0.012592    15.1328    -1.8921     -1.595     0.0127    -0.9093 -9.990e-29
 142.830220     -1.602   0.012593    15.1277    -1.8929     -1.589     0.0127    -0.9085 -9.990e-29
 142.830226     -1.602   0.012593    15.1247    -1.8937     -1.589     0.0127    -0.9081 -9.990e-29
 142.830231     -1.603   0.012594    15.1178    -1.8944     -1.590     0.0127    -0.9070 -9.990e-29
 142.830237     -1.601   0.012595    15.1023    -1.8950     -1.588     0.0126    -0.9047 -9.990e-29
 142.830243     -1.597   0.012596    15.0764    -1.8957     -1.584     0.0126    -0.9007 -9.990e-29
 142.830249     -1.594   0.012597    15.0451    -1.8962     -1.581     0.0126    -0.8960 -9.990e-29
 142.830255     -1.596   0.012599    15.0168    -1.8968     -1.583     0.0126    -0.8917 -9.990e-29
 142.830260     -1.599   0.012604    14.9950    -1.8968     -1.586     0.0126    -0.8884 -9.990e-29
