data/oxygen options/ONMS/Olympic_Coast_National_Marine_Sanctuary_CTD_Data_2005_2023/raw_data/2022/CAST_CA015_220522faed.cnv
* Sea-Bird SBE 19 Data File:
* FileName = C:\2022 Mooring Data\Casts\CAST_CA015_220522.hex
* Software Version SeatermAF 2.1.2
* Temperature SN = 2997
* Conductivity SN = 2997
* System UpLoad Time = May 22 2022 20:07:01 (localtime) = May 22 2022 20:07:01 (UTC)
** CAST_CA015_220522
* ds
# nquan = 9                                 
# nvalues = 900                         
# units = specified
# name 0 = timeJ: Julian Days
# name 1 = prSM: Pressure, Strain Gauge [db]
# name 2 = c0mS/cm: Conductivity [mS/cm]
# name 3 = t090C: Temperature [ITS-90, deg C]
# name 4 = sbeox0ML/L: Oxygen, SBE 43 [ml/l]
# name 5 = depSM: Depth [salt water, m], lat = 47.5
# name 6 = sal00: Salinity, Practical [PSU]
# name 7 = sigma-é00: Density [sigma-theta, kg/m^3]
# name 8 = flag: flag
# span 0 = 142.828414, 142.833617       
# span 1 =     -6.094,     14.017       
# span 2 =   0.010926,  34.084450       
# span 3 =     9.9536,    15.7860       
# span 4 =    -1.9160,    14.6559       
# span 5 =     -6.043,     13.900       
# span 6 =     0.0120,    30.9580       
# span 7 =    -1.0112,    23.8042       
# span 8 = 0.0000e+00, 0.0000e+00       
# interval = seconds: 0.5
# start_time = May 22 2022 19:52:55 [Instrument's time stamp, header]
# bad_flag = -9.990e-29
*END*
 142.828414     -6.094 -9.990e-29    15.7721    -1.8634     -6.043 -9.990e-29 -9.990e-29 -9.990e-29
 142.828420     -6.061   0.013071    15.7537    -1.8630     -6.011     0.0130    -1.0060 -9.990e-29
 142.828426     -6.032   0.013624    15.7407    -1.8624     -5.982     0.0133    -1.0037 -9.990e-29
 142.828432     -6.007   0.013993    15.7310    -1.8622     -5.957     0.0135    -1.0020 -9.990e-29
 142.828438     -5.985   0.014116    15.7215    -1.8620     -5.935     0.0135    -1.0005 -9.990e-29
 142.828443     -5.966   0.014157    15.7107    -1.8623     -5.916     0.0136    -0.9987 -9.990e-29
 142.828449     -5.947   0.014170    15.6982    -1.8627     -5.897     0.0136    -0.9967 -9.990e-29
 142.828455     -5.928   0.014174    15.6879    -1.8635     -5.879     0.0136    -0.9951 -9.990e-29
 142.828461     -5.907   0.014173    15.6854    -1.8650     -5.858     0.0136    -0.9947 -9.990e-29
 142.828466     -5.884   0.014169    15.6911    -1.8662     -5.835     0.0136    -0.9956 -9.990e-29
 142.828472     -5.856   0.014156    15.7008    -1.8670     -5.807     0.0136    -0.9971 -9.990e-29
 142.828478     -5.822   0.014118    15.7110    -1.8676     -5.773     0.0135    -0.9988 -9.990e-29
 142.828484     -5.779   0.014008    15.7181    -1.8679     -5.731     0.0135    -1.0000 -9.990e-29
 142.828490     -5.735   0.013678    15.7192    -1.8685     -5.687     0.0133    -1.0003 -9.990e-29
 142.828495     -5.697   0.013242    15.7135    -1.8698     -5.650     0.0131    -0.9995 -9.990e-29
 142.828501     -5.665   0.013229    15.7005    -1.8699     -5.618     0.0131    -0.9974 -9.990e-29
 142.828507     -5.632   0.013621    15.6794    -1.8695     -5.585     0.0133    -0.9939 -9.990e-29
 142.828513     -5.595   0.013836    15.6523    -1.8689     -5.548     0.0134    -0.9896 -9.990e-29
 142.828519     -5.557   0.013607    15.6252    -1.8682     -5.511     0.0133    -0.9854 -9.990e-29
 142.828524     -5.523   0.013185    15.6029    -1.8677     -5.477     0.0131    -0.9820 -9.990e-29
 142.828530     -5.497   0.013113    15.5859    -1.8671     -5.451     0.0130    -0.9794 -9.990e-29
 142.828536     -5.471   0.013298    15.5714    -1.8667     -5.425     0.0131    -0.9770 -9.990e-29
 142.828542     -5.440   0.013433    15.5555    -1.8664     -5.395     0.0132    -0.9744 -9.990e-29
 142.828547     -5.407   0.013699    15.5407    -1.8660     -5.362     0.0133    -0.9720 -9.990e-29
 142.828553     -5.373   0.013899    15.5350    -1.8657     -5.328     0.0134    -0.9711 -9.990e-29
 142.828559     -5.336   0.013746    15.5405    -1.8652     -5.292     0.0133    -0.9720 -9.990e-29
 142.828565     -5.299   0.013591    15.5525    -1.8652     -5.255     0.0132    -0.9739 -9.990e-29
 142.828571     -5.267   0.013782    15.5669    -1.8652     -5.223     0.0133    -0.9761 -9.990e-29
 142.828576     -5.243   0.014021    15.5812    -1.8654     -5.199     0.0135    -0.9783 -9.990e-29
 142.828582     -5.221   0.014076    15.5945    -1.8657     -5.177     0.0135    -0.9803 -9.990e-29
 142.828588     -5.194   0.014021    15.6063    -1.8658     -5.151     0.0135    -0.9822 -9.990e-29
 142.828594     -5.167   0.013782    15.6164    -1.8657     -5.124     0.0134    -0.9839 -9.990e-29
 142.828600     -5.141   0.013597    15.6259    -1.8654     -5.098     0.0133    -0.9855 -9.990e-29
 142.828605     -5.115   0.013772    15.6351    -1.8648     -5.072     0.0134    -0.9869 -9.990e-29
 142.828611     -5.091   0.013991    15.6420    -1.8641     -5.049     0.0135    -0.9879 -9.990e-29
 142.828617     -5.072   0.013990    15.6448    -1.8635     -5.030     0.0135    -0.9883 -9.990e-29
 142.828623     -5.053   0.013770    15.6440    -1.8631     -5.011     0.0134    -0.9883 -9.990e-29
 142.828628     -5.032   0.013592    15.6409    -1.8627     -4.990     0.0133    -0.9878 -9.990e-29
 142.828634     -5.012   0.013774    15.6377    -1.8622     -4.970     0.0134    -0.9873 -9.990e-29
 142.828640     -4.989   0.014008    15.6373    -1.8619     -4.947     0.0135    -0.9871 -9.990e-29
 142.828646     -4.959   0.014052    15.6409    -1.8616     -4.918     0.0135    -0.9877 -9.990e-29
 142.828652     -4.931   0.013966    15.6491    -1.8610     -4.890     0.0134    -0.9890 -9.990e-29
 142.828657     -4.906   0.013637    15.6615    -1.8605     -4.865     0.0133    -0.9911 -9.990e-29
 142.828663     -4.883   0.013180    15.6763    -1.8600     -4.842     0.0131    -0.9936 -9.990e-29
 142.828669     -4.860   0.013094    15.6908    -1.8598     -4.819     0.0130    -0.9959 -9.990e-29
 142.828675     -4.837   0.013265    15.7038    -1.8598     -4.797     0.0131    -0.9979 -9.990e-29
 142.828681     -4.810   0.013370    15.7154    -1.8601     -4.770     0.0132    -0.9997 -9.990e-29
 142.828686     -4.784   0.013549    15.7261    -1.8605     -4.744     0.0133    -1.0014 -9.990e-29
 142.828692     -4.761   0.013489    15.7362    -1.8612     -4.721     0.0132    -1.0030 -9.990e-29
 142.828698     -4.734   0.013112    15.7470    -1.8619     -4.695     0.0131    -1.0049 -9.990e-29
 142.828704     -4.703   0.013023    15.7593    -1.8624     -4.664     0.0130    -1.0069 -9.990e-29
 142.828709     -4.674   0.013104    15.7713    -1.8632     -4.635     0.0131    -1.0087 -9.990e-29
 142.828715     -4.649   0.012908    15.7808    -1.8645     -4.610     0.0130    -1.0103 -9.990e-29
 142.828721     -4.626   0.012731    15.7860    -1.8664     -4.587     0.0129    -1.0112 -9.990e-29
 142.828727     -4.605   0.012890    15.7857    -1.8683     -4.567     0.0130    -1.0111 -9.990e-29
 142.828733     -4.584   0.013045    15.7795    -1.8693     -4.546     0.0130    -1.0101 -9.990e-29
 142.828738     -4.561   0.012850    15.7682    -1.8688     -4.523     0.0129    -1.0083 -9.990e-29
 142.828744     -4.535   0.012600    15.7535    -1.8682     -4.497     0.0128    -1.0061 -9.990e-29
 142.828750     -4.505   0.012516    15.7372    -1.8677     -4.467     0.0128    -1.0035 -9.990e-29
 142.828756     -4.472   0.012487    15.7189    -1.8671     -4.435     0.0128    -1.0006 -9.990e-29
 142.828762     -4.444   0.012477    15.6945    -1.8667     -4.407     0.0127    -0.9967 -9.990e-29
 142.828767     -4.423   0.012473    15.6614    -1.8659     -4.386     0.0127    -0.9915 -9.990e-29
 142.828773     -4.407   0.012471    15.6226    -1.8652     -4.370     0.0127    -0.9854 -9.990e-29
 142.828779     -4.391   0.012470    15.5880    -1.8646     -4.354     0.0127    -0.9799 -9.990e-29
 142.828785     -4.369   0.012469    15.5685    -1.8642     -4.333     0.0127    -0.9768 -9.990e-29
 142.828791     -4.346   0.012469    15.5667    -1.8645     -4.310     0.0127    -0.9765 -9.990e-29
 142.828796     -4.323   0.012468    15.5757    -1.8647     -4.287     0.0127    -0.9780 -9.990e-29
 142.828802     -4.299   0.012467    15.5886    -1.8649     -4.263     0.0127    -0.9800 -9.990e-29
 142.828808     -4.273   0.012466    15.6028    -1.8650     -4.237     0.0127    -0.9822 -9.990e-29
 142.828814     -4.242   0.012465    15.6179    -1.8654     -4.207     0.0127    -0.9846 -9.990e-29
 142.828819     -4.210   0.012465    15.6342    -1.8664     -4.175     0.0127    -0.9872 -9.990e-29
 142.828825     -4.183   0.012464    15.6502    -1.8679     -4.148     0.0127    -0.9897 -9.990e-29
 142.828831     -4.162   0.012463    15.6631    -1.8695     -4.127     0.0127    -0.9918 -9.990e-29
 142.828837     -4.148   0.012462    15.6699    -1.8713     -4.113     0.0127    -0.9928 -9.990e-29
 142.828843     -4.134   0.012461    15.6699    -1.8729     -4.100     0.0127    -0.9928 -9.990e-29
 142.828848     -4.116   0.012460    15.6658    -1.8745     -4.082     0.0127    -0.9922 -9.990e-29
 142.828854     -4.097   0.012460    15.6601    -1.8753     -4.063     0.0127    -0.9913 -9.990e-29
 142.828860     -4.079   0.012459    15.6519    -1.8764     -4.045     0.0127    -0.9900 -9.990e-29
 142.828866     -4.062   0.012458    15.6371    -1.8770     -4.028     0.0127    -0.9876 -9.990e-29
 142.828872     -4.045   0.012457    15.6124    -1.8779     -4.011     0.0127    -0.9837 -9.990e-29
 142.828877     -4.026   0.012456    15.5791    -1.8785     -3.992     0.0127    -0.9785 -9.990e-29
 142.828883     -4.004   0.012456    15.5402    -1.8791     -3.971     0.0127    -0.9724 -9.990e-29
 142.828889     -3.978   0.012455    15.4990    -1.8799     -3.945     0.0127    -0.9659 -9.990e-29
 142.828895     -3.951   0.012454    15.4590    -1.8804     -3.918     0.0127    -0.9597 -9.990e-29
 142.828900     -3.929   0.012453    15.4237    -1.8804     -3.896     0.0127    -0.9542 -9.990e-29
 142.828906     -3.915   0.012452    15.3946    -1.8808     -3.882     0.0127    -0.9496 -9.990e-29
 142.828912     -3.904   0.012451    15.3702    -1.8805     -3.871     0.0127    -0.9459 -9.990e-29
 142.828918     -3.891   0.012451    15.3490    -1.8802     -3.859     0.0126    -0.9426 -9.990e-29
 142.828924     -3.876   0.012450    15.3296    -1.8804     -3.844     0.0126    -0.9396 -9.990e-29
 142.828929     -3.857   0.012449    15.3117    -1.8805     -3.825     0.0126    -0.9368 -9.990e-29
 142.828935     -3.837   0.012448    15.2952    -1.8808     -3.805     0.0126    -0.9343 -9.990e-29
 142.828941     -3.819   0.012447    15.2803    -1.8815     -3.787     0.0126    -0.9320 -9.990e-29
 142.828947     -3.803   0.012447    15.2694    -1.8820     -3.771     0.0126    -0.9303 -9.990e-29
 142.828953     -3.787   0.012446    15.2628    -1.8825     -3.755     0.0126    -0.9293 -9.990e-29
 142.828958     -3.770   0.012445    15.2597    -1.8825     -3.739     0.0126    -0.9288 -9.990e-29
 142.828964     -3.751   0.012444    15.2608    -1.8819     -3.720     0.0126    -0.9290 -9.990e-29
 142.828970     -3.730   0.012443    15.2627    -1.8814     -3.699     0.0126    -0.9293 -9.990e-29
 142.828976     -3.703   0.012443    15.2614    -1.8817     -3.672     0.0126    -0.9291 -9.990e-29
 142.828981     -3.675   0.012442    15.2567    -1.8828     -3.644     0.0126    -0.9283 -9.990e-29
 142.828987     -3.652   0.012441    15.2483    -1.8846     -3.622     0.0126    -0.9270 -9.990e-29
 142.828993     -3.632   0.012440    15.2370    -1.8854     -3.602     0.0126    -0.9253 -9.990e-29
 142.828999     -3.611   0.012439    15.2258    -1.8855     -3.581     0.0126    -0.9236 -9.990e-29
 142.829005     -3.590   0.012438    15.2185    -1.8852     -3.560     0.0126    -0.9225 -9.990e-29
 142.829010     -3.572   0.012438    15.2180    -1.8847     -3.542     0.0126    -0.9224 -9.990e-29
 142.829016     -3.558   0.012437    15.2228    -1.8847     -3.528     0.0126    -0.9231 -9.990e-29
 142.829022     -3.546   0.012436    15.2251    -1.8847     -3.516     0.0126    -0.9235 -9.990e-29
 142.829028     -3.534   0.012435    15.2166    -1.8846     -3.505     0.0126    -0.9222 -9.990e-29
 142.829034     -3.523   0.012434    15.1952    -1.8849     -3.494     0.0126    -0.9189 -9.990e-29
 142.829039     -3.511   0.012434    15.1691    -1.8845     -3.482     0.0126    -0.9149 -9.990e-29
 142.829045     -3.498   0.012433    15.1504    -1.8836     -3.469     0.0126    -0.9121 -9.990e-29
 142.829051     -3.483   0.012432    15.1439    -1.8825     -3.454     0.0126    -0.9111 -9.990e-29
 142.829057     -3.465   0.012431    15.1461    -1.8816     -3.436     0.0126    -0.9114 -9.990e-29
 142.829062     -3.442   0.012430    15.1511    -1.8813     -3.413     0.0126    -0.9122 -9.990e-29
 142.829068     -3.419   0.012429    15.1544    -1.8808     -3.390     0.0126    -0.9127 -9.990e-29
 142.829074     -3.397   0.012429    15.1560    -1.8812     -3.369     0.0126    -0.9129 -9.990e-29
 142.829080     -3.375   0.012428    15.1570    -1.8816     -3.347     0.0126    -0.9131 -9.990e-29
 142.829086     -3.356   0.012427    15.1600    -1.8821     -3.328     0.0126    -0.9135 -9.990e-29
 142.829091     -3.343   0.012426    15.1701    -1.8819     -3.315     0.0126    -0.9151 -9.990e-29
 142.829097     -3.330   0.012425    15.1881    -1.8819     -3.302     0.0126    -0.9178 -9.990e-29
 142.829103     -3.314   0.012425    15.2091    -1.8820     -3.286     0.0126    -0.9210 -9.990e-29
 142.829109     -3.297   0.012424    15.2274    -1.8829     -3.270     0.0126    -0.9238 -9.990e-29
 142.829115     -3.282   0.012423    15.2397    -1.8835     -3.255     0.0126    -0.9257 -9.990e-29
 142.829120     -3.269   0.012422    15.2450    -1.8837     -3.242     0.0126    -0.9265 -9.990e-29
 142.829126     -3.256   0.012421    15.2425    -1.8837     -3.229     0.0126    -0.9262 -9.990e-29
 142.829132     -3.242   0.012420    15.2356    -1.8837     -3.215     0.0126    -0.9251 -9.990e-29
 142.829138     -3.228   0.012420    15.2300    -1.8837     -3.201     0.0126    -0.9242 -9.990e-29
 142.829144     -3.212   0.012421    15.2277    -1.8842     -3.185     0.0126    -0.9239 -9.990e-29
 142.829149     -3.192   0.012422    15.2252    -1.8840     -3.165     0.0126    -0.9235 -9.990e-29
 142.829155     -3.172   0.012423    15.2179    -1.8844     -3.146     0.0126    -0.9224 -9.990e-29
 142.829161     -3.155   0.012424    15.2058    -1.8853     -3.129     0.0126    -0.9205 -9.990e-29
 142.829167     -3.140   0.012425    15.1940    -1.8865     -3.114     0.0126    -0.9187 -9.990e-29
 142.829172     -3.126   0.012426    15.1869    -1.8878     -3.100     0.0126    -0.9176 -9.990e-29
 142.829178     -3.107   0.012427    15.1840    -1.8884     -3.081     0.0126    -0.9172 -9.990e-29
 142.829184     -3.083   0.012428    15.1822    -1.8885     -3.057     0.0126    -0.9169 -9.990e-29
 142.829190     -3.061   0.012430    15.1788    -1.8888     -3.035     0.0126    -0.9164 -9.990e-29
 142.829196     -3.042   0.012431    15.1739    -1.8892     -3.017     0.0126    -0.9156 -9.990e-29
 142.829201     -3.027   0.012432    15.1675    -1.8901     -3.002     0.0126    -0.9147 -9.990e-29
 142.829207     -3.015   0.012433    15.1560    -1.8907     -2.990     0.0126    -0.9129 -9.990e-29
 142.829213     -3.003   0.012434    15.1366    -1.8909     -2.978     0.0126    -0.9100 -9.990e-29
 142.829219     -2.993   0.012435    15.1120    -1.8902     -2.968     0.0126    -0.9062 -9.990e-29
 142.829225     -2.982   0.012436    15.0886    -1.8888     -2.957     0.0126    -0.9027 -9.990e-29
 142.829230     -2.971   0.012437    15.0721    -1.8876     -2.946     0.0126    -0.9002 -9.990e-29
 142.829236     -2.959   0.012438    15.0618    -1.8866     -2.934     0.0126    -0.8986 -9.990e-29
 142.829242     -2.944   0.012440    15.0524    -1.8856     -2.919     0.0126    -0.8972 -9.990e-29
 142.829248     -2.931   0.012441    15.0401    -1.8849     -2.907     0.0126    -0.8953 -9.990e-29
 142.829253     -2.922   0.012442    15.0262    -1.8846     -2.898     0.0126    -0.8932 -9.990e-29
 142.829259     -2.913   0.012443    15.0163    -1.8862     -2.889     0.0126    -0.8917 -9.990e-29
 142.829265     -2.899   0.012444    15.0166    -1.8887     -2.875     0.0126    -0.8918 -9.990e-29
 142.829271     -2.884   0.012445    15.0305    -1.8911     -2.860     0.0126    -0.8939 -9.990e-29
 142.829277     -2.870   0.012446    15.0552    -1.8927     -2.846     0.0126    -0.8976 -9.990e-29
 142.829282     -2.852   0.012447    15.0829    -1.8943     -2.828     0.0126    -0.9018 -9.990e-29
 142.829288     -2.830   0.012448    15.1082    -1.8952     -2.806     0.0126    -0.9056 -9.990e-29
 142.829294     -2.815   0.012450    15.1279    -1.8952     -2.792     0.0126    -0.9086 -9.990e-29
 142.829300     -2.814   0.012451    15.1381    -1.8952     -2.791     0.0126    -0.9102 -9.990e-29
 142.829306     -2.819   0.012452    15.1316    -1.8963     -2.795     0.0126    -0.9092 -9.990e-29
 142.829311     -2.817   0.012453    15.1023    -1.8970     -2.794     0.0126    -0.9047 -9.990e-29
 142.829317     -2.809   0.012454    15.0558    -1.8974     -2.786     0.0126    -0.8977 -9.990e-29
 142.829323     -2.797   0.012455    15.0063    -1.8974     -2.774     0.0126    -0.8902 -9.990e-29
 142.829329     -2.781   0.012456    14.9633    -1.8970     -2.758     0.0125    -0.8837 -9.990e-29
 142.829334     -2.765   0.012457    14.9294    -1.8968     -2.742     0.0125    -0.8786 -9.990e-29
