data/oxygen options/ONMS/Olympic_Coast_National_Marine_Sanctuary_CTD_Data_2005_2023/raw_data/2022/CAST_MB042_220718faedb.cnv
* Sea-Bird SBE 19 Data File:
* FileName = C:\2022 Mooring Data\Casts\CAST_MB042_220718.hex
* Software Version SeatermAF 2.1.2
* Temperature SN = 2997
* Conductivity SN = 2997
* System UpLoad Time = Jul 18 2022 21:30:09 (localtime) = Jul 18 2022 21:30:09 (UTC)
** CAST_MB042_220718
* ds
# nquan = 9
# nvalues = 39                          
# units = specified
# name 0 = timeJ: Julian Days
# name 1 = prSM: Pressure, Strain Gauge [db]
# name 2 = c0mS/cm: Conductivity [mS/cm]
# name 3 = t090C: Temperature [ITS-90, deg C]
# name 4 = sbeox0ML/L: Oxygen, SBE 43 [ml/l]
# name 5 = depSM: Depth [salt water, m], lat = 47.5
# name 6 = sal00: Salinity, Practical [PSU]
# name 7 = sigma-é00: Density [sigma-theta, kg/m^3]
# name 8 = flag: flag
# span 0 = 199.832361, 199.833297       
# span 1 =      1.000,     39.000       
# span 2 =  34.517751,  36.753883       
# span 3 =     7.4636,    11.9064       
# span 4 =     2.3598,     7.9750       
# span 5 =      0.992,     38.671       
# span 6 =    31.9264,    33.6811       
# span 7 =    24.2241,    26.3160       
# span 8 = 0.0000e+00, 0.0000e+00       
# interval = decibars: 1                
# start_time = Jul 18 2022 19:52:14 [Instrument's time stamp, header]
# bad_flag = -9.990e-29
*END*
 199.832361      1.000  36.753883    11.9064     7.9750      0.992    31.9311    24.2241 0.0000e+00
 199.832387      2.000  36.506964    11.6023     7.7398      1.983    31.9526    24.2962 0.0000e+00
 199.832410      3.000  36.358215    11.4480     7.6579      2.975    31.9404    24.3145 0.0000e+00
 199.832432      4.000  36.320745    11.4166     7.5011      3.966    31.9305    24.3125 0.0000e+00
 199.832455      5.000  36.294662    11.3723     7.4125      4.958    31.9429    24.3301 0.0000e+00
 199.832476      6.000  36.230391    11.3181     7.1733      5.950    31.9264    24.3270 0.0000e+00
 199.832498      7.000  36.160295    11.2026     7.1291      6.942    31.9573    24.3716 0.0000e+00
 199.832522      8.000  36.104261    11.1643     6.9089      7.933    31.9351    24.3611 0.0000e+00
 199.832545      9.000  36.061711    11.0572     6.8336      8.925    31.9859    24.4195 0.0000e+00
 199.832566     10.000  36.022297    11.0184     6.7122      9.916    31.9804    24.4220 0.0000e+00
 199.832590     11.000  36.057295    10.9719     6.6874     10.908    32.0550    24.4882 0.0000e+00
 199.832616     12.000  36.061323    10.9351     6.0860     11.899    32.0908    24.5225 0.0000e+00
 199.832640     13.000  35.939884    10.6075     5.5579     12.891    32.2579    24.7093 0.0000e+00
 199.832664     14.000  35.801038    10.3464     5.3095     13.883    32.3503    24.8257 0.0000e+00
 199.832688     15.000  35.647430    10.1163     5.1711     14.874    32.4004    24.9036 0.0000e+00
 199.832714     16.000  35.582072     9.9371     4.9337     15.866    32.4947    25.0069 0.0000e+00
 199.832737     17.000  35.464162     9.7040     4.8905     16.857    32.5848    25.1155 0.0000e+00
 199.832762     18.000  35.416370     9.6204     4.8170     17.849    32.6113    25.1498 0.0000e+00
 199.832788     19.000  35.385631     9.5314     4.8153     18.841    32.6603    25.2025 0.0000e+00
 199.832810     20.000  35.414996     9.5237     4.8136     19.832    32.6970    25.2324 0.0000e+00
 199.832834     21.000  35.445161     9.5317     4.6472     20.824    32.7202    25.2493 0.0000e+00
 199.832858     22.000  35.400976     9.4163     4.3431     21.815    32.7800    25.3145 0.0000e+00
 199.832879     23.000  35.307978     9.2514     4.2794     22.807    32.8349    25.3838 0.0000e+00
 199.832903     24.000  35.283818     9.2026     3.9772     23.798    32.8544    25.4068 0.0000e+00
 199.832927     25.000  35.173576     8.9355     3.7129     24.790    32.9865    25.5521 0.0000e+00
 199.832947     26.000  35.064372     8.7758     3.7560     25.782    33.0206    25.6036 0.0000e+00
 199.832970     27.000  35.050066     8.7526     3.6977     26.773    33.0269    25.6121 0.0000e+00
 199.832992     28.000  35.014912     8.6569     3.6755     27.764    33.0789    25.6675 0.0000e+00
 199.833016     29.000  34.992259     8.6329     3.5477     28.756    33.0771    25.6699 0.0000e+00
 199.833038     30.000  34.952540     8.5291     3.4050     29.748    33.1322    25.7288 0.0000e+00
 199.833061     31.000  34.850161     8.4427     3.5070     30.739    33.1050    25.7205 0.0000e+00
 199.833095     32.000  34.905628     8.4490     3.0696     31.730    33.1572    25.7606 0.0000e+00
 199.833117     33.000  34.741296     8.0972     2.9789     32.722    33.3152    25.9370 0.0000e+00
 199.833142     34.000  34.697531     8.0975     2.8625     33.714    33.2679    25.8998 0.0000e+00
 199.833168     35.000  34.631498     7.9196     2.6819     34.705    33.3663    26.0032 0.0000e+00
 199.833191     36.000  34.590336     7.7560     2.4955     35.696    33.4785    26.1150 0.0000e+00
 199.833216     37.000  34.559296     7.6208     2.4337     36.688    33.5748    26.2101 0.0000e+00
 199.833243     38.000  34.533598     7.4959     2.3598     37.679    33.6674    26.3007 0.0000e+00
 199.833297     39.000  34.517751     7.4636     2.3823     38.671    33.6811    26.3160 0.0000e+00
