data/oxygen options/ONMS/Olympic_Coast_National_Marine_Sanctuary_CTD_Data_2005_2023/raw_data/2022/CAST_MB015_220629faed.cnv
* Sea-Bird SBE 19 Data File:
* FileName = C:\2022 Mooring Data\Casts\CAST_MB015_220629.hex
* Software Version SeatermAF 2.1.2
* Temperature SN = 2997
* Conductivity SN = 2997
* System UpLoad Time = Jun 29 2022 20:57:17 (localtime) = Jun 29 2022 20:57:17 (UTC)
** CAST_MB015_220629
* ds
# nquan = 9                                 
# nvalues = 817                         
# units = specified
# name 0 = timeJ: Julian Days
# name 1 = prSM: Pressure, Strain Gauge [db]
# name 2 = c0mS/cm: Conductivity [mS/cm]
# name 3 = t090C: Temperature [ITS-90, deg C]
# name 4 = sbeox0ML/L: Oxygen, SBE 43 [ml/l]
# name 5 = depSM: Depth [salt water, m], lat = 47.5
# name 6 = sal00: Salinity, Practical [PSU]
# name 7 = sigma-é00: Density [sigma-theta, kg/m^3]
# name 8 = flag: flag
# span 0 = 180.843067, 180.847789       
# span 1 =     -5.769,     10.353       
# span 2 =   0.331275,  37.091559       
# span 3 =    11.2216,    14.4686       
# span 4 =    -1.9429,    15.9495       
# span 5 =     -5.721,     10.266       
# span 6 =     0.2032,    31.8959       
# span 7 =    -0.6553,    24.3189       
# span 8 = 0.0000e+00, 0.0000e+00       
# interval = seconds: 0.5
# start_time = Jun 29 2022 20:14:01 [Instrument's time stamp, header]
# bad_flag = -9.990e-29
*END*
[from data line 161]
 180.843999     -2.346   0.336077    13.9954    -1.9291     -2.326     0.2061    -0.5931 -9.990e-29
 180.844005     -2.339   0.335831    13.9952    -1.9291     -2.319     0.2059    -0.5932 -9.990e-29
 180.844010     -2.333   0.335646    13.9962    -1.9289     -2.314     0.2058    -0.5934 -9.990e-29
 180.844016     -2.328   0.335830    13.9981    -1.9292     -2.309     0.2059    -0.5936 -9.990e-29
 180.844022     -2.320   0.336075    14.0006    -1.9298     -2.301     0.2060    -0.5938 -9.990e-29
 180.844028     -2.307   0.336153    14.0028    -1.9304     -2.288     0.2061    -0.5941 -9.990e-29
 180.844034     -2.293   0.336167    14.0040    -1.9305     -2.274     0.2061    -0.5943 -9.990e-29
 180.844039     -2.278   0.336135    14.0040    -1.9309     -2.259     0.2061    -0.5943 -9.990e-29
 180.844045     -2.264   0.336015    14.0039    -1.9312     -2.245     0.2060    -0.5943 -9.990e-29
 180.844051     -2.256   0.335648    14.0047    -1.9315     -2.237     0.2058    -0.5946 -9.990e-29
 180.844057     -2.248   0.335095    14.0059    -1.9316     -2.229     0.2054    -0.5951 -9.990e-29
 180.844063     -2.235   0.334726    14.0050    -1.9316     -2.216     0.2052    -0.5951 -9.990e-29
 180.844068     -2.221   0.334603    13.9993    -1.9315     -2.202     0.2051    -0.5944 -9.990e-29
 180.844074     -2.210   0.334563    13.9895    -1.9314     -2.192     0.2051    -0.5930 -9.990e-29
 180.844080     -2.200   0.334549    13.9796    -1.9317     -2.182     0.2052    -0.5916 -9.990e-29
 180.844086     -2.191   0.334545    13.9714    -1.9322     -2.173     0.2052    -0.5904 -9.990e-29
 180.844091     -2.183   0.334543    13.9639    -1.9322     -2.165     0.2053    -0.5893 -9.990e-29
 180.844097     -2.175   0.334543    13.9570    -1.9319     -2.157     0.2053    -0.5883 -9.990e-29
 180.844103     -2.166   0.334543    13.9515    -1.9316     -2.148     0.2053    -0.5876 -9.990e-29
 180.844109     -2.156   0.334543    13.9481    -1.9313     -2.138     0.2053    -0.5871 -9.990e-29
 180.844115     -2.144   0.334544    13.9472    -1.9310     -2.126     0.2053    -0.5869 -9.990e-29
 180.844120     -2.130   0.334544    13.9474    -1.9306     -2.112     0.2053    -0.5870 -9.990e-29
 180.844126     -2.112   0.334544    13.9464    -1.9307     -2.094     0.2053    -0.5868 -9.990e-29
 180.844132     -2.089   0.334544    13.9428    -1.9310     -2.072     0.2054    -0.5863 -9.990e-29
 180.844138     -2.065   0.334545    13.9388    -1.9315     -2.048     0.2054    -0.5857 -9.990e-29
 180.844144     -2.046   0.334545    13.9382    -1.9319     -2.029     0.2054    -0.5857 -9.990e-29
 180.844149     -2.036   0.334544    13.9419    -1.9321     -2.019     0.2054    -0.5862 -9.990e-29
 180.844155     -2.033   0.334543    13.9474    -1.9322     -2.016     0.2053    -0.5870 -9.990e-29
 180.844161     -2.038   0.334539    13.9535    -1.9324     -2.021     0.2053    -0.5878 -9.990e-29
 180.844167     -2.046   0.334526    13.9599    -1.9326     -2.029     0.2053    -0.5888 -9.990e-29
 180.844172     -2.050   0.334485    13.9642    -1.9329     -2.033     0.2052    -0.5894 -9.990e-29
 180.844178     -2.049   0.334363    13.9635    -1.9331     -2.032     0.2051    -0.5894 -9.990e-29
 180.844184     -2.049   0.333997    13.9581    -1.9334     -2.032     0.2049    -0.5888 -9.990e-29
 180.844190     -2.044   0.333453    13.9504    -1.9337     -2.027     0.2046    -0.5879 -9.990e-29
 180.844196     -2.034   0.333112    13.9428    -1.9340     -2.017     0.2045    -0.5870 -9.990e-29
 180.844201     -2.028   0.333071    13.9369    -1.9338     -2.011     0.2045    -0.5862 -9.990e-29
 180.844207     -2.025   0.333276    13.9324    -1.9337     -2.008     0.2046    -0.5854 -9.990e-29
 180.844213     -2.015   0.333448    13.9281    -1.9336     -1.998     0.2048    -0.5848 -9.990e-29
 180.844219     -2.000   0.333259    13.9229    -1.9337     -1.983     0.2047    -0.5841 -9.990e-29
 180.844225     -1.985   0.333011    13.9170    -1.9338     -1.968     0.2045    -0.5834 -9.990e-29
 180.844230     -1.975   0.332929    13.9111    -1.9340     -1.959     0.2045    -0.5826 -9.990e-29
 180.844236     -1.968   0.332902    13.9051    -1.9336     -1.952     0.2045    -0.5817 -9.990e-29
 180.844242     -1.965   0.332893    13.8995    -1.9334     -1.949     0.2045    -0.5810 -9.990e-29
 180.844248     -1.961   0.332890    13.8962    -1.9328     -1.945     0.2046    -0.5805 -9.990e-29
 180.844253     -1.952   0.332889    13.8960    -1.9322     -1.936     0.2046    -0.5805 -9.990e-29
 180.844259     -1.940   0.332889    13.8970    -1.9321     -1.924     0.2046    -0.5806 -9.990e-29
 180.844265     -1.930   0.332889    13.8978    -1.9317     -1.914     0.2046    -0.5807 -9.990e-29
 180.844271     -1.921   0.332889    13.8974    -1.9316     -1.905     0.2046    -0.5807 -9.990e-29
 180.844277     -1.912   0.332890    13.8964    -1.9315     -1.896     0.2046    -0.5805 -9.990e-29
 180.844282     -1.903   0.332890    13.8971    -1.9317     -1.887     0.2046    -0.5806 -9.990e-29
 180.844288     -1.893   0.332890    13.9016    -1.9316     -1.877     0.2045    -0.5813 -9.990e-29
 180.844294     -1.882   0.332890    13.9094    -1.9315     -1.866     0.2045    -0.5824 -9.990e-29
 180.844300     -1.873   0.332890    13.9194    -1.9313     -1.857     0.2044    -0.5838 -9.990e-29
 180.844306     -1.870   0.332891    13.9290    -1.9312     -1.854     0.2044    -0.5851 -9.990e-29
 180.844311     -1.868   0.332891    13.9365    -1.9309     -1.852     0.2044    -0.5862 -9.990e-29
 180.844317     -1.863   0.332891    13.9425    -1.9306     -1.847     0.2043    -0.5871 -9.990e-29
 180.844323     -1.855   0.332891    13.9465    -1.9308     -1.840     0.2043    -0.5876 -9.990e-29
 180.844329     -1.844   0.332892    13.9479    -1.9309     -1.829     0.2043    -0.5878 -9.990e-29
 180.844334     -1.827   0.332892    13.9484    -1.9307     -1.812     0.2043    -0.5879 -9.990e-29
 180.844340     -1.806   0.332892    13.9499    -1.9305     -1.791     0.2043    -0.5881 -9.990e-29
 180.844346     -1.781   0.332892    13.9525    -1.9302     -1.766     0.2043    -0.5885 -9.990e-29
 180.844352     -1.761   0.332893    13.9559    -1.9302     -1.746     0.2043    -0.5890 -9.990e-29
 180.844358     -1.744   0.332893    13.9605    -1.9305     -1.729     0.2042    -0.5896 -9.990e-29
 180.844363     -1.724   0.332892    13.9655    -1.9305     -1.710     0.2042    -0.5904 -9.990e-29
 180.844369     -1.705   0.332891    13.9689    -1.9306     -1.691     0.2042    -0.5908 -9.990e-29
 180.844375     -1.690   0.332886    13.9696    -1.9309     -1.676     0.2042    -0.5909 -9.990e-29
 180.844381     -1.678   0.332873    13.9700    -1.9313     -1.664     0.2042    -0.5910 -9.990e-29
 180.844387     -1.667   0.332833    13.9722    -1.9316     -1.653     0.2041    -0.5913 -9.990e-29
 180.844392     -1.659   0.332710    13.9761    -1.9314     -1.645     0.2041    -0.5920 -9.990e-29
 180.844398     -1.651   0.332341    13.9795    -1.9312     -1.637     0.2038    -0.5926 -9.990e-29
 180.844404     -1.643   0.331788    13.9802    -1.9316     -1.629     0.2035    -0.5930 -9.990e-29
 180.844410     -1.635   0.331421    13.9783    -1.9321     -1.621     0.2032    -0.5929 -9.990e-29
 180.844416     -1.626   0.331302    13.9755    -1.9323     -1.612     0.2032    -0.5926 -9.990e-29
 180.844421     -1.620   0.331275    13.9715    -1.9323     -1.606     0.2032    -0.5920 -9.990e-29
 180.844427     -1.621   0.331303    13.9656    -1.9323     -1.607     0.2032    -0.5911 -9.990e-29
 180.844433     -1.625   0.331421    13.9592    -1.9322     -1.611     0.2033    -0.5902 -9.990e-29
 180.844439     -1.627   0.331789    13.9552    -1.9321     -1.613     0.2036    -0.5894 -9.990e-29
 180.844444     -1.629   0.332343    13.9544    -1.9322     -1.615     0.2039    -0.5890 -9.990e-29
 180.844450     -1.629   0.332713    13.9529    -1.9324     -1.615     0.2042    -0.5886 -9.990e-29
 180.844456     -1.628   0.332839    13.9477    -1.9323     -1.614     0.2043    -0.5878 -9.990e-29
 180.844462     -1.626   0.332886    13.9407    -1.9325     -1.612     0.2043    -0.5868 -9.990e-29
 180.844468     -1.622   0.332920    13.9357    -1.9319     -1.608     0.2044    -0.5861 -9.990e-29
 180.844473     -1.617   0.332984    13.9338    -1.9317     -1.604     0.2044    -0.5858 -9.990e-29
 180.844479     -1.610   0.333164    13.9337    -1.9318     -1.597     0.2045    -0.5857 -9.990e-29
 180.844485     -1.601   0.333513    13.9344    -1.9318     -1.588     0.2048    -0.5856 -9.990e-29
 180.844491     -1.589   0.333945    13.9352    -1.9323     -1.576     0.2050    -0.5855 -9.990e-29
 180.844497     -1.574   0.334295    13.9350    -1.9326     -1.561     0.2052    -0.5853 -9.990e-29
 180.844502     -1.558   0.334476    13.9337    -1.9325     -1.545     0.2054    -0.5850 -9.990e-29
 180.844508     -1.550   0.334545    13.9330    -1.9326     -1.537     0.2054    -0.5849 -9.990e-29
 180.844514     -1.548   0.334592    13.9348    -1.9323     -1.535     0.2054    -0.5851 -9.990e-29
 180.844520     -1.544   0.334681    13.9394    -1.9322     -1.531     0.2055    -0.5858 -9.990e-29
 180.844525     -1.534   0.334930    13.9433    -1.9331     -1.521     0.2056    -0.5862 -9.990e-29
 180.844531     -1.516   0.335116    13.9440    -1.9340     -1.503     0.2057    -0.5862 -9.990e-29
 180.844537     -1.495   0.334932    13.9411    -1.9343     -1.483     0.2056    -0.5859 -9.990e-29
 180.844543     -1.476   0.334686    13.9355    -1.9342     -1.464     0.2055    -0.5852 -9.990e-29
 180.844549     -1.464   0.334605    13.9307    -1.9343     -1.452     0.2055    -0.5846 -9.990e-29
 180.844554     -1.458   0.334578    13.9285    -1.9340     -1.446     0.2055    -0.5843 -9.990e-29
 180.844560     -1.452   0.334569    13.9284    -1.9335     -1.440     0.2055    -0.5842 -9.990e-29
 180.844566     -1.443   0.334567    13.9289    -1.9335     -1.431     0.2054    -0.5843 -9.990e-29
 180.844572     -1.434   0.334568    13.9247    -1.9335     -1.422     0.2055    -0.5837 -9.990e-29
 180.844578     -1.428   0.334573    13.9134    -1.9331     -1.416     0.2055    -0.5821 -9.990e-29
 180.844583     -1.425   0.334587    13.9004    -1.9328     -1.413     0.2056    -0.5802 -9.990e-29
 180.844589     -1.426   0.334628    13.8921    -1.9327     -1.414     0.2057    -0.5790 -9.990e-29
 180.844595     -1.430   0.334752    13.8890    -1.9327     -1.418     0.2058    -0.5785 -9.990e-29
 180.844601     -1.436   0.335121    13.8897    -1.9327     -1.424     0.2060    -0.5785 -9.990e-29
 180.844606     -1.443   0.335675    13.8942    -1.9323     -1.431     0.2063    -0.5788 -9.990e-29
 180.844612     -1.441   0.336045    13.8999    -1.9325     -1.429     0.2065    -0.5795 -9.990e-29
 180.844618     -1.430   0.336168    13.9041    -1.9327     -1.418     0.2066    -0.5800 -9.990e-29
 180.844624     -1.418   0.336210    13.9082    -1.9324     -1.406     0.2066    -0.5806 -9.990e-29
 180.844630     -1.409   0.336224    13.9136    -1.9320     -1.397     0.2066    -0.5813 -9.990e-29
 180.844635     -1.402   0.336229    13.9185    -1.9315     -1.390     0.2065    -0.5820 -9.990e-29
 180.844641     -1.396   0.336231    13.9216    -1.9313     -1.384     0.2065    -0.5825 -9.990e-29
 180.844647     -1.391   0.336232    13.9234    -1.9316     -1.379     0.2065    -0.5827 -9.990e-29
 180.844653     -1.388   0.336233    13.9259    -1.9316     -1.376     0.2065    -0.5831 -9.990e-29
 180.844659     -1.385   0.336235    13.9286    -1.9314     -1.373     0.2065    -0.5835 -9.990e-29
 180.844664     -1.383   0.336239    13.9291    -1.9316     -1.371     0.2065    -0.5835 -9.990e-29
 180.844670     -1.381   0.336252    13.9297    -1.9321     -1.369     0.2065    -0.5836 -9.990e-29
 180.844676     -1.380   0.336289    13.9337    -1.9324     -1.368     0.2065    -0.5842 -9.990e-29
 180.844682     -1.378   0.336399    13.9409    -1.9319     -1.367     0.2065    -0.5851 -9.990e-29
 180.844687     -1.377   0.336727    13.9482    -1.9313     -1.366     0.2067    -0.5860 -9.990e-29
 180.844693     -1.376   0.337158    13.9521    -1.9303     -1.365     0.2070    -0.5864 -9.990e-29
 180.844699     -1.374   0.337158    13.9525    -1.9296     -1.363     0.2070    -0.5864 -9.990e-29
 180.844705     -1.373   0.336728    13.9521    -1.9291     -1.362     0.2067    -0.5866 -9.990e-29
 180.844711     -1.371   0.336401    13.9511    -1.9285     -1.360     0.2065    -0.5866 -9.990e-29
 180.844716     -1.364   0.336293    13.9480    -1.9281     -1.353     0.2064    -0.5862 -9.990e-29
 180.844722     -1.349   0.336258    13.9436    -1.9277     -1.338     0.2064    -0.5856 -9.990e-29
 180.844728     -1.331   0.336251    13.9427    -1.9273     -1.320     0.2064    -0.5855 -9.990e-29
 180.844734     -1.323   0.336261    13.9493    -1.9268     -1.312     0.2064    -0.5864 -9.990e-29
 180.844740     -1.325   0.336301    13.9627    -1.9262     -1.314     0.2064    -0.5883 -9.990e-29
 180.844745     -1.328   0.336424    13.9793    -1.9258     -1.317     0.2064    -0.5906 -9.990e-29
 180.844751     -1.328   0.336793    13.9956    -1.9256     -1.317     0.2065    -0.5928 -9.990e-29
 180.844757     -1.324   0.337347    14.0103    -1.9251     -1.313     0.2068    -0.5946 -9.990e-29
 180.844763     -1.317   0.337717    14.0235    -1.9245     -1.306     0.2070    -0.5963 -9.990e-29
 180.844769     -1.306   0.337840    14.0350    -1.9240     -1.295     0.2070    -0.5979 -9.990e-29
 180.844774     -1.296   0.337882    14.0451    -1.9240     -1.285     0.2069    -0.5993 -9.990e-29
 180.844780     -1.288   0.337896    14.0557    -1.9245     -1.277     0.2069    -0.6008 -9.990e-29
 180.844786     -1.279   0.337901    14.0674    -1.9246     -1.268     0.2068    -0.6025 -9.990e-29
 180.844792     -1.264   0.337903    14.0792    -1.9250     -1.253     0.2068    -0.6042 -9.990e-29
 180.844797     -1.242   0.337905    14.0897    -1.9252     -1.232     0.2067    -0.6057 -9.990e-29
 180.844803     -1.216   0.337907    14.0995    -1.9249     -1.206     0.2067    -0.6072 -9.990e-29
 180.844809     -1.192   0.337912    14.1102    -1.9253     -1.182     0.2066    -0.6087 -9.990e-29
 180.844815     -1.173   0.337926    14.1209    -1.9260     -1.163     0.2066    -0.6102 -9.990e-29
 180.844821     -1.159   0.337967    14.1281    -1.9270     -1.149     0.2066    -0.6113 -9.990e-29
 180.844826     -1.148   0.338091    14.1288    -1.9276     -1.138     0.2067    -0.6113 -9.990e-29
 180.844832     -1.139   0.338461    14.1247    -1.9281     -1.129     0.2069    -0.6105 -9.990e-29
 180.844838     -1.132   0.339017    14.1191    -1.9276     -1.123     0.2073    -0.6095 -9.990e-29
 180.844844     -1.127   0.339391    14.1137    -1.9269     -1.118     0.2075    -0.6085 -9.990e-29
 180.844850     -1.123   0.339528    14.1098    -1.9263     -1.114     0.2077    -0.6079 -9.990e-29
 180.844855     -1.120   0.339611    14.1059    -1.9259     -1.111     0.2077    -0.6073 -9.990e-29
 180.844861     -1.118   0.339748    14.0972    -1.9256     -1.109     0.2079    -0.6059 -9.990e-29
 180.844867     -1.116   0.340124    14.0830    -1.9255     -1.107     0.2082    -0.6037 -9.990e-29
 180.844873     -1.115   0.340684    14.0672    -1.9261     -1.106     0.2086    -0.6011 -9.990e-29
 180.844878     -1.114   0.341069    14.0544    -1.9262     -1.105     0.2089    -0.5991 -9.990e-29
 180.844884     -1.114   0.341237    14.0490    -1.9257     -1.105     0.2090    -0.5983 -9.990e-29
 180.844890     -1.115   0.341411    14.0531    -1.9257     -1.106     0.2091    -0.5988 -9.990e-29
 180.844896     -1.115   0.341822    14.0637    -1.9254     -1.106     0.2093    -0.6001 -9.990e-29
 180.844902     -1.116   0.342465    14.0755    -1.9250     -1.107     0.2097    -0.6015 -9.990e-29
 180.844907     -1.118   0.343088    14.0851    -1.9244     -1.109     0.2100    -0.6026 -9.990e-29
 180.844913     -1.120   0.343414    14.0907    -1.9238     -1.111     0.2102    -0.6032 -9.990e-29
