data/oxygen options/ONMS/Olympic_Coast_National_Marine_Sanctuary_CTD_Data_2005_2023/raw_data/2022/CAST_CE042_220523faed.cnv
* Sea-Bird SBE 19 Data File:
* FileName = C:\2022 Mooring Data\Casts\CAST_CE042_220523.hex
* Software Version SeatermAF 2.1.2
* Temperature SN = 2997
* Conductivity SN = 2997
* System UpLoad Time = May 23 2022 21:06:35 (localtime) = May 23 2022 21:06:35 (UTC)
** CAST_CE042_220523
* ds
# nquan = 9                                 
# nvalues = 1077                        
# units = specified
# name 0 = timeJ: Julian Days
# name 1 = prSM: Pressure, Strain Gauge [db]
# name 2 = c0mS/cm: Conductivity [mS/cm]
# name 3 = t090C: Temperature [ITS-90, deg C]
# name 4 = sbeox0ML/L: Oxygen, SBE 43 [ml/l]
# name 5 = depSM: Depth [salt water, m], lat = 47.5
# name 6 = sal00: Salinity, Practical [PSU]
# name 7 = sigma-é00: Density [sigma-theta, kg/m^3]
# name 8 = flag: flag
# span 0 = 143.869537, 143.875764       
# span 1 =     -5.823,     40.704       
# span 2 =   0.186854,  34.762796       
# span 3 =     7.9267,    15.4812       
# span 4 =    -1.9006,    14.6646       
# span 5 =     -5.774,     40.360       
# span 6 =     0.1114,    33.4853       
# span 7 =    -0.8166,    26.0939       
# span 8 = 0.0000e+00, 0.0000e+00       
# interval = seconds: 0.5
# start_time = May 23 2022 20:52:08 [Instrument's time stamp, header]
# bad_flag = -9.990e-29
*END*
 143.869537     -5.823 -9.990e-29    14.5981    -1.9004     -5.774 -9.990e-29 -9.990e-29 -9.990e-29
 143.869543     -5.790   0.188564    14.6011    -1.9003     -5.742     0.1133    -0.7518 -9.990e-29
 143.869549     -5.760   0.188687    14.6082    -1.9003     -5.712     0.1133    -0.7528 -9.990e-29
 143.869554     -5.735   0.189056    14.6212    -1.9001     -5.687     0.1135    -0.7545 -9.990e-29
 143.869560     -5.712   0.189609    14.6380    -1.9001     -5.664     0.1138    -0.7568 -9.990e-29
 143.869566     -5.692   0.189978    14.6557    -1.8999     -5.645     0.1140    -0.7592 -9.990e-29
 143.869572     -5.672   0.190101    14.6729    -1.9001     -5.625     0.1140    -0.7617 -9.990e-29
 143.869578     -5.651   0.190142    14.6887    -1.9002     -5.604     0.1140    -0.7641 -9.990e-29
 143.869583     -5.628   0.190155    14.7020    -1.9005     -5.581     0.1140    -0.7661 -9.990e-29
 143.869589     -5.601   0.190159    14.7115    -1.9006     -5.554     0.1140    -0.7675 -9.990e-29
 143.869595     -5.569   0.190160    14.7172    -1.9000     -5.523     0.1140    -0.7683 -9.990e-29
 143.869601     -5.535   0.190159    14.7206    -1.8995     -5.489     0.1139    -0.7688 -9.990e-29
 143.869606     -5.503   0.190154    14.7235    -1.8990     -5.457     0.1139    -0.7693 -9.990e-29
 143.869612     -5.473   0.190140    14.7259    -1.8982     -5.427     0.1139    -0.7696 -9.990e-29
 143.869618     -5.438   0.190099    14.7268    -1.8976     -5.393     0.1139    -0.7698 -9.990e-29
 143.869624     -5.400   0.189977    14.7255    -1.8973     -5.355     0.1138    -0.7696 -9.990e-29
 143.869630     -5.362   0.189612    14.7232    -1.8971     -5.317     0.1136    -0.7695 -9.990e-29
 143.869635     -5.320   0.189071    14.7217    -1.8971     -5.276     0.1133    -0.7695 -9.990e-29
 143.869641     -5.276   0.188742    14.7241    -1.8973     -5.232     0.1131    -0.7700 -9.990e-29
 143.869647     -5.236   0.188742    14.7323    -1.8973     -5.192     0.1131    -0.7712 -9.990e-29
 143.869653     -5.202   0.189070    14.7443    -1.8973     -5.159     0.1132    -0.7729 -9.990e-29
 143.869659     -5.171   0.189609    14.7578    -1.8972     -5.128     0.1135    -0.7747 -9.990e-29
 143.869664     -5.142   0.189973    14.7720    -1.8970     -5.099     0.1137    -0.7766 -9.990e-29
 143.869670     -5.113   0.190093    14.7847    -1.8967     -5.070     0.1137    -0.7785 -9.990e-29
 143.869676     -5.082   0.190132    14.7937    -1.8964     -5.040     0.1137    -0.7798 -9.990e-29
 143.869682     -5.046   0.190140    14.7989    -1.8959     -5.004     0.1137    -0.7806 -9.990e-29
 143.869688     -5.009   0.190131    14.8006    -1.8954     -4.967     0.1137    -0.7809 -9.990e-29
 143.869693     -4.975   0.190093    14.8002    -1.8946     -4.934     0.1137    -0.7808 -9.990e-29
 143.869699     -4.948   0.189974    14.7999    -1.8943     -4.907     0.1136    -0.7808 -9.990e-29
 143.869705     -4.926   0.189618    14.8010    -1.8945     -4.885     0.1134    -0.7812 -9.990e-29
 143.869711     -4.907   0.189105    14.8040    -1.8948     -4.866     0.1131    -0.7818 -9.990e-29
 143.869716     -4.889   0.188859    14.8090    -1.8950     -4.848     0.1129    -0.7827 -9.990e-29
 143.869722     -4.873   0.189104    14.8156    -1.8951     -4.832     0.1131    -0.7836 -9.990e-29
 143.869728     -4.856   0.189614    14.8243    -1.8952     -4.816     0.1134    -0.7847 -9.990e-29
 143.869734     -4.838   0.189965    14.8353    -1.8949     -4.798     0.1135    -0.7862 -9.990e-29
 143.869740     -4.818   0.190069    14.8481    -1.8943     -4.778     0.1136    -0.7881 -9.990e-29
 143.869745     -4.794   0.190067    14.8602    -1.8940     -4.754     0.1135    -0.7899 -9.990e-29
 143.869751     -4.765   0.189957    14.8673    -1.8937     -4.725     0.1135    -0.7910 -9.990e-29
 143.869757     -4.733   0.189592    14.8678    -1.8934     -4.694     0.1132    -0.7913 -9.990e-29
 143.869763     -4.704   0.189041    14.8643    -1.8935     -4.665     0.1129    -0.7910 -9.990e-29
 143.869769     -4.682   0.188677    14.8605    -1.8936     -4.643     0.1127    -0.7906 -9.990e-29
 143.869774     -4.660   0.188567    14.8586    -1.8939     -4.621     0.1126    -0.7903 -9.990e-29
 143.869780     -4.633   0.188566    14.8599    -1.8942     -4.594     0.1126    -0.7905 -9.990e-29
 143.869786     -4.604   0.188675    14.8655    -1.8944     -4.566     0.1127    -0.7913 -9.990e-29
 143.869792     -4.574   0.189039    14.8742    -1.8944     -4.536     0.1129    -0.7925 -9.990e-29
 143.869797     -4.542   0.189589    14.8831    -1.8943     -4.504     0.1132    -0.7936 -9.990e-29
 143.869803     -4.506   0.189952    14.8905    -1.8942     -4.468     0.1134    -0.7945 -9.990e-29
 143.869809     -4.468   0.190061    14.8952    -1.8936     -4.431     0.1134    -0.7952 -9.990e-29
 143.869815     -4.434   0.190061    14.8959    -1.8927     -4.397     0.1134    -0.7953 -9.990e-29
 143.869821     -4.406   0.189952    14.8930    -1.8919     -4.369     0.1134    -0.7949 -9.990e-29
 143.869826     -4.382   0.189588    14.8876    -1.8919     -4.345     0.1132    -0.7943 -9.990e-29
 143.869832     -4.361   0.189040    14.8819    -1.8925     -4.325     0.1129    -0.7936 -9.990e-29
 143.869838     -4.341   0.188685    14.8782    -1.8928     -4.305     0.1127    -0.7932 -9.990e-29
 143.869844     -4.322   0.188602    14.8776    -1.8929     -4.286     0.1126    -0.7932 -9.990e-29
 143.869850     -4.301   0.188683    14.8802    -1.8930     -4.265     0.1127    -0.7936 -9.990e-29
 143.869855     -4.279   0.189038    14.8872    -1.8928     -4.243     0.1129    -0.7944 -9.990e-29
 143.869861     -4.252   0.189585    14.9001    -1.8924     -4.217     0.1132    -0.7962 -9.990e-29
 143.869867     -4.220   0.189948    14.9160    -1.8923     -4.185     0.1133    -0.7984 -9.990e-29
 143.869873     -4.185   0.190056    14.9280    -1.8920     -4.150     0.1134    -0.8002 -9.990e-29
 143.869878     -4.153   0.190055    14.9307    -1.8912     -4.118     0.1134    -0.8006 -9.990e-29
 143.869884     -4.126   0.189945    14.9260    -1.8904     -4.092     0.1133    -0.7999 -9.990e-29
 143.869890     -4.103   0.189580    14.9202    -1.8899     -4.069     0.1131    -0.7992 -9.990e-29
 143.869896     -4.082   0.189028    14.9169    -1.8897     -4.048     0.1128    -0.7990 -9.990e-29
 143.869902     -4.062   0.188661    14.9170    -1.8903     -4.028     0.1126    -0.7991 -9.990e-29
 143.869907     -4.046   0.188542    14.9206    -1.8911     -4.012     0.1125    -0.7997 -9.990e-29
 143.869913     -4.036   0.188514    14.9262    -1.8918     -4.002     0.1124    -0.8006 -9.990e-29
 143.869919     -4.029   0.188541    14.9331    -1.8923     -3.995     0.1124    -0.8017 -9.990e-29
 143.869925     -4.020   0.188659    14.9432    -1.8930     -3.986     0.1125    -0.8031 -9.990e-29
 143.869931     -4.007   0.189025    14.9573    -1.8939     -3.974     0.1127    -0.8051 -9.990e-29
 143.869936     -3.990   0.189576    14.9719    -1.8948     -3.957     0.1130    -0.8071 -9.990e-29
 143.869942     -3.969   0.189940    14.9821    -1.8950     -3.936     0.1132    -0.8085 -9.990e-29
 143.869948     -3.945   0.190049    14.9839    -1.8950     -3.912     0.1132    -0.8087 -9.990e-29
 143.869954     -3.922   0.190049    14.9760    -1.8948     -3.889     0.1132    -0.8075 -9.990e-29
 143.869959     -3.898   0.189939    14.9616    -1.8944     -3.866     0.1132    -0.8053 -9.990e-29
 143.869965     -3.876   0.189574    14.9452    -1.8937     -3.844     0.1130    -0.8030 -9.990e-29
 143.869971     -3.859   0.189022    14.9287    -1.8933     -3.827     0.1127    -0.8008 -9.990e-29
 143.869977     -3.842   0.188654    14.9113    -1.8929     -3.810     0.1126    -0.7983 -9.990e-29
 143.869983     -3.819   0.188534    14.8933    -1.8928     -3.787     0.1125    -0.7956 -9.990e-29
 143.869988     -3.792   0.188502    14.8786    -1.8928     -3.760     0.1126    -0.7934 -9.990e-29
 143.869994     -3.765   0.188516    14.8709    -1.8928     -3.734     0.1126    -0.7922 -9.990e-29
 143.870000     -3.736   0.188596    14.8702    -1.8926     -3.705     0.1126    -0.7921 -9.990e-29
 143.870006     -3.707   0.188849    14.8744    -1.8927     -3.676     0.1128    -0.7926 -9.990e-29
 143.870012     -3.685   0.189060    14.8827    -1.8925     -3.654     0.1129    -0.7937 -9.990e-29
 143.870017     -3.669   0.188957    14.8938    -1.8920     -3.638     0.1128    -0.7955 -9.990e-29
 143.870023     -3.648   0.188956    14.9048    -1.8916     -3.618     0.1128    -0.7971 -9.990e-29
 143.870029     -3.622   0.189058    14.9133    -1.8911     -3.592     0.1128    -0.7984 -9.990e-29
 143.870035     -3.598   0.188846    14.9185    -1.8906     -3.568     0.1127    -0.7993 -9.990e-29
 143.870041     -3.578   0.188590    14.9210    -1.8898     -3.548     0.1125    -0.7998 -9.990e-29
 143.870046     -3.561   0.188505    14.9226    -1.8890     -3.531     0.1125    -0.8001 -9.990e-29
 143.870052     -3.546   0.188476    14.9245    -1.8887     -3.516     0.1124    -0.8004 -9.990e-29
 143.870058     -3.532   0.188466    14.9273    -1.8891     -3.503     0.1124    -0.8008 -9.990e-29
 143.870064     -3.518   0.188462    14.9330    -1.8894     -3.489     0.1124    -0.8017 -9.990e-29
 143.870069     -3.504   0.188461    14.9421    -1.8896     -3.475     0.1124    -0.8031 -9.990e-29
 143.870075     -3.487   0.188460    14.9531    -1.8895     -3.458     0.1123    -0.8047 -9.990e-29
 143.870081     -3.468   0.188460    14.9656    -1.8896     -3.439     0.1123    -0.8066 -9.990e-29
 143.870087     -3.445   0.188459    14.9801    -1.8895     -3.416     0.1123    -0.8088 -9.990e-29
 143.870093     -3.421   0.188459    14.9956    -1.8894     -3.392     0.1122    -0.8112 -9.990e-29
 143.870098     -3.403   0.188458    15.0084    -1.8897     -3.375     0.1122    -0.8132 -9.990e-29
 143.870104     -3.390   0.188458    15.0145    -1.8901     -3.362     0.1122    -0.8141 -9.990e-29
 143.870110     -3.372   0.188457    15.0136    -1.8904     -3.344     0.1122    -0.8140 -9.990e-29
 143.870116     -3.348   0.188457    15.0098    -1.8902     -3.320     0.1122    -0.8134 -9.990e-29
 143.870122     -3.325   0.188456    15.0069    -1.8898     -3.297     0.1122    -0.8129 -9.990e-29
 143.870127     -3.307   0.188456    15.0055    -1.8893     -3.279     0.1122    -0.8127 -9.990e-29
 143.870133     -3.291   0.188455    15.0047    -1.8887     -3.264     0.1122    -0.8126 -9.990e-29
 143.870139     -3.277   0.188455    15.0044    -1.8885     -3.250     0.1122    -0.8126 -9.990e-29
 143.870145     -3.264   0.188454    15.0030    -1.8890     -3.237     0.1122    -0.8124 -9.990e-29
 143.870150     -3.252   0.188454    14.9985    -1.8899     -3.225     0.1122    -0.8117 -9.990e-29
 143.870156     -3.239   0.188453    14.9929    -1.8908     -3.212     0.1122    -0.8108 -9.990e-29
 143.870162     -3.224   0.188453    14.9904    -1.8912     -3.197     0.1123    -0.8104 -9.990e-29
 143.870168     -3.212   0.188452    14.9932    -1.8913     -3.185     0.1122    -0.8109 -9.990e-29
 143.870174     -3.205   0.188452    15.0005    -1.8911     -3.178     0.1122    -0.8120 -9.990e-29
 143.870179     -3.198   0.188451    15.0101    -1.8908     -3.171     0.1122    -0.8134 -9.990e-29
 143.870185     -3.188   0.188451    15.0180    -1.8905     -3.161     0.1122    -0.8146 -9.990e-29
 143.870191     -3.173   0.188450    15.0190    -1.8904     -3.147     0.1122    -0.8148 -9.990e-29
 143.870197     -3.152   0.188450    15.0106    -1.8905     -3.126     0.1122    -0.8135 -9.990e-29
 143.870203     -3.129   0.188449    14.9955    -1.8906     -3.103     0.1122    -0.8112 -9.990e-29
 143.870208     -3.106   0.188449    14.9802    -1.8907     -3.080     0.1123    -0.8089 -9.990e-29
 143.870214     -3.082   0.188448    14.9700    -1.8907     -3.056     0.1123    -0.8073 -9.990e-29
 143.870220     -3.059   0.188448    14.9665    -1.8905     -3.033     0.1123    -0.8068 -9.990e-29
 143.870226     -3.040   0.188447    14.9685    -1.8905     -3.015     0.1123    -0.8071 -9.990e-29
 143.870231     -3.024   0.188447    14.9734    -1.8905     -2.999     0.1123    -0.8078 -9.990e-29
 143.870237     -3.010   0.188446    14.9781    -1.8906     -2.985     0.1123    -0.8085 -9.990e-29
 143.870243     -2.998   0.188446    14.9806    -1.8907     -2.973     0.1123    -0.8089 -9.990e-29
 143.870249     -2.986   0.188446    14.9804    -1.8909     -2.961     0.1123    -0.8089 -9.990e-29
 143.870255     -2.973   0.188445    14.9788    -1.8907     -2.948     0.1123    -0.8086 -9.990e-29
 143.870260     -2.960   0.188445    14.9778    -1.8904     -2.935     0.1123    -0.8085 -9.990e-29
 143.870266     -2.944   0.188445    14.9786    -1.8899     -2.919     0.1123    -0.8086 -9.990e-29
 143.870272     -2.925   0.188445    14.9803    -1.8893     -2.901     0.1123    -0.8089 -9.990e-29
 143.870278     -2.906   0.188445    14.9810    -1.8889     -2.882     0.1123    -0.8090 -9.990e-29
 143.870284     -2.891   0.188442    14.9809    -1.8887     -2.867     0.1123    -0.8090 -9.990e-29
 143.870289     -2.873   0.188434    14.9802    -1.8884     -2.849     0.1123    -0.8089 -9.990e-29
 143.870295     -2.852   0.188407    14.9787    -1.8885     -2.828     0.1123    -0.8086 -9.990e-29
 143.870301     -2.835   0.188326    14.9783    -1.8887     -2.811     0.1122    -0.8086 -9.990e-29
 143.870307     -2.825   0.188080    14.9815    -1.8892     -2.801     0.1121    -0.8092 -9.990e-29
 143.870313     -2.817   0.187896    14.9889    -1.8898     -2.794     0.1119    -0.8104 -9.990e-29
 143.870318     -2.806   0.188081    14.9992    -1.8899     -2.783     0.1120    -0.8119 -9.990e-29
 143.870324     -2.797   0.188328    15.0103    -1.8898     -2.774     0.1121    -0.8135 -9.990e-29
 143.870330     -2.788   0.188410    15.0201    -1.8900     -2.765     0.1122    -0.8150 -9.990e-29
 143.870336     -2.774   0.188438    15.0272    -1.8900     -2.751     0.1122    -0.8161 -9.990e-29
 143.870341     -2.759   0.188448    15.0308    -1.8901     -2.736     0.1121    -0.8166 -9.990e-29
 143.870347     -2.747   0.188450    15.0301    -1.8902     -2.724     0.1122    -0.8165 -9.990e-29
 143.870353     -2.737   0.188449    15.0246    -1.8905     -2.714     0.1122    -0.8157 -9.990e-29
 143.870359     -2.727   0.188440    15.0156    -1.8909     -2.704     0.1122    -0.8143 -9.990e-29
 143.870365     -2.717   0.188410    15.0068    -1.8911     -2.694     0.1122    -0.8129 -9.990e-29
 143.870370     -2.707   0.188319    15.0018    -1.8912     -2.684     0.1121    -0.8122 -9.990e-29
 143.870376     -2.696   0.188046    14.9997    -1.8914     -2.674     0.1120    -0.8120 -9.990e-29
 143.870382     -2.683   0.187780    14.9981    -1.8913     -2.661     0.1118    -0.8119 -9.990e-29
 143.870388     -2.673   0.187719    14.9959    -1.8912     -2.651     0.1118    -0.8116 -9.990e-29
 143.870394     -2.667   0.187781    14.9930    -1.8908     -2.645     0.1118    -0.8111 -9.990e-29
 143.870399     -2.662   0.188048    14.9885    -1.8907     -2.640     0.1120    -0.8103 -9.990e-29
 143.870405     -2.653   0.188320    14.9823    -1.8905     -2.631     0.1122    -0.8092 -9.990e-29
 143.870411     -2.640   0.188408    14.9757    -1.8902     -2.618     0.1123    -0.8082 -9.990e-29
 143.870417     -2.622   0.188426    14.9706    -1.8900     -2.600     0.1123    -0.8074 -9.990e-29
 143.870422     -2.597   0.188396    14.9673    -1.8898     -2.575     0.1123    -0.8069 -9.990e-29
 143.870428     -2.569   0.188278    14.9658    -1.8894     -2.548     0.1122    -0.8067 -9.990e-29
 143.870434     -2.543   0.187915    14.9667    -1.8892     -2.522     0.1120    -0.8070 -9.990e-29
 143.870440     -2.524   0.187376    14.9702    -1.8891     -2.503     0.1117    -0.8078 -9.990e-29
 143.870446     -2.508   0.187049    14.9754    -1.8893     -2.487     0.1115    -0.8088 -9.990e-29
 143.870451     -2.492   0.187049    14.9812    -1.8900     -2.471     0.1114    -0.8097 -9.990e-29
 143.870457     -2.474   0.187378    14.9868    -1.8905     -2.453     0.1116    -0.8104 -9.990e-29
