data/oxygen options/ONMS/Olympic_Coast_National_Marine_Sanctuary_CTD_Data_2005_2023/raw_data/2022/CAST_CA042_220521faedb.cnv
* Sea-Bird SBE 19 Data File:
* FileName = C:\2022 Mooring Data\Casts\CAST_CA042_220521.hex
* Software Version SeatermAF 2.1.2
* Temperature SN = 2997
* Conductivity SN = 2997
* System UpLoad Time = May 21 2022 23:57:16 (localtime) = May 21 2022 23:57:16 (UTC)
** CAST_CA042_220521
* ds
# nquan = 9
# nvalues = 42                          
# units = specified
# name 0 = timeJ: Julian Days
# name 1 = prSM: Pressure, Strain Gauge [db]
# name 2 = c0mS/cm: Conductivity [mS/cm]
# name 3 = t090C: Temperature [ITS-90, deg C]
# name 4 = sbeox0ML/L: Oxygen, SBE 43 [ml/l]
# name 5 = depSM: Depth [salt water, m], lat = 47.5
# name 6 = sal00: Salinity, Practical [PSU]
# name 7 = sigma-é00: Density [sigma-theta, kg/m^3]
# name 8 = flag: flag
# span 0 = 141.985678, 141.986670       
# span 1 =      1.000,     42.000       
# span 2 =  31.466563,  34.350227       
# span 3 =     7.7386,    12.8552       
# span 4 =     3.1497,     7.4035       
# span 5 =      0.992,     41.644       
# span 6 =    26.3795,    33.2306       
# span 7 =    19.7522,    25.9228       
# span 8 = 0.0000e+00, 0.0000e+00       
# interval = decibars: 1                
# start_time = May 21 2022 23:32:54 [Instrument's time stamp, header]
# bad_flag = -9.990e-29
*END*
 141.985678      1.000  31.649133    12.8552     7.1344      0.992    26.3795    19.7522 0.0000e+00
 141.985710      2.000  31.610531    12.7352     7.1832      1.983    26.4273    19.8110 0.0000e+00
 141.985735      3.000  31.485238    12.1834     7.4035      2.975    26.7000    20.1204 0.0000e+00
 141.985759      4.000  31.466563    11.7521     7.3009      3.967    26.9916    20.4215 0.0000e+00
 141.985783      5.000  31.566485    11.5943     7.1482      4.958    27.2015    20.6112 0.0000e+00
 141.985806      6.000  31.793334    11.3953     7.0517      5.950    27.5648    20.9270 0.0000e+00
 141.985831      7.000  31.957795    11.3372     6.9008      6.942    27.7656    21.0926 0.0000e+00
 141.985853      8.000  32.401599    11.2137     6.6795      7.933    28.2867    21.5180 0.0000e+00
 141.985875      9.000  32.932586    11.0769     6.4672      8.925    28.9072    22.0231 0.0000e+00
 141.985900     10.000  33.148106    10.9118     6.1583      9.916    29.2469    22.3149 0.0000e+00
 141.985926     11.000  33.074786    10.5723     5.5897     10.908    29.4468    22.5269 0.0000e+00
 141.985949     12.000  33.094452    10.1565     5.5484     11.899    29.8048    22.8735 0.0000e+00
 141.985975     13.000  33.240722    10.0255     5.3707     12.891    30.0585    23.0925 0.0000e+00
 141.986001     14.000  33.310581     9.8075     4.9496     13.883    30.3105    23.3238 0.0000e+00
 141.986022     15.000  33.314050     9.4872     4.7480     14.874    30.5849    23.5884 0.0000e+00
 141.986043     16.000  33.318417     9.2961     4.6532     15.866    30.7527    23.7492 0.0000e+00
 141.986067     17.000  33.402707     9.2041     4.5324     16.857    30.9179    23.8925 0.0000e+00
 141.986092     18.000  33.490148     9.0048     4.3701     17.849    31.1814    24.1290 0.0000e+00
 141.986112     19.000  33.649862     8.8202     4.3620     18.840    31.5091    24.4134 0.0000e+00
 141.986134     20.000  33.703012     8.7798     4.3330     19.832    31.5997    24.4904 0.0000e+00
 141.986159     21.000  33.731015     8.7366     4.2409     20.823    31.6669    24.5496 0.0000e+00
 141.986182     22.000  33.758637     8.6711     4.2088     21.815    31.7540    24.6276 0.0000e+00
 141.986204     23.000  33.772236     8.6433     4.2004     22.807    31.7927    24.6621 0.0000e+00
 141.986226     24.000  33.789993     8.6421     4.2259     23.798    31.8119    24.6773 0.0000e+00
 141.986247     25.000  33.818714     8.6296     4.2200     24.790    31.8527    24.7112 0.0000e+00
 141.986270     26.000  33.830576     8.6243     4.2152     25.781    31.8695    24.7251 0.0000e+00
 141.986294     27.000  33.833092     8.6154     4.1998     26.773    31.8796    24.7344 0.0000e+00
 141.986318     28.000  33.834332     8.6021     4.1759     27.765    31.8925    24.7465 0.0000e+00
 141.986340     29.000  33.837905     8.5973     4.1786     28.756    31.9001    24.7532 0.0000e+00
 141.986363     30.000  33.844553     8.5958     4.1680     29.747    31.9080    24.7595 0.0000e+00
 141.986389     31.000  33.848614     8.5867     4.0925     30.739    31.9200    24.7704 0.0000e+00
 141.986411     32.000  33.857948     8.5511     3.8159     31.731    31.9615    24.8082 0.0000e+00
 141.986435     33.000  34.003982     8.3308     3.3807     32.722    32.3160    25.1187 0.0000e+00
 141.986461     34.000  34.231831     7.9505     3.1497     33.714    32.9106    25.6409 0.0000e+00
 141.986487     35.000  34.337564     7.8035     3.1743     34.705    33.1621    25.8596 0.0000e+00
 141.986511     36.000  34.344490     7.7650     3.1794     35.697    33.2057    25.8993 0.0000e+00
 141.986535     37.000  34.345703     7.7552     3.1879     36.688    33.2158    25.9087 0.0000e+00
 141.986561     38.000  34.350227     7.7546     3.1845     37.679    33.2208    25.9127 0.0000e+00
 141.986586     39.000  34.350134     7.7459     3.1795     38.671    33.2286    25.9201 0.0000e+00
 141.986610     40.000  34.349380     7.7458     3.1633     39.662    33.2274    25.9192 0.0000e+00
 141.986639     41.000  34.349588     7.7444     3.1826     40.654    33.2285    25.9203 0.0000e+00
 141.986670     42.000  34.346887     7.7386     3.1640     41.644    33.2306    25.9228 0.0000e+00
