data/oxygen options/ONMS/Olympic_Coast_National_Marine_Sanctuary_CTD_Data_2005_2023/raw_data/2022/CAST_CE042_220623faed.cnv
* Sea-Bird SBE 19 Data File:
* FileName = C:\2022 Mooring Data\Casts\PPS\PPS_CE042_220623.hex
* Software Version SeatermAF 2.1.2
* Temperature SN = 2997
* Conductivity SN = 2997
* System UpLoad Time = Jun 23 2022 18:53:58 (localtime) = Jun 23 2022 18:53:58 (UTC)
** PPS_CE042_220623
* ds
# nquan = 9                                 
# nvalues = 3454                        
# units = specified
# name 0 = timeJ: Julian Days
# name 1 = prSM: Pressure, Strain Gauge [db]
# name 2 = c0mS/cm: Conductivity [mS/cm]
# name 3 = t090C: Temperature [ITS-90, deg C]
# name 4 = sbeox0ML/L: Oxygen, SBE 43 [ml/l]
# name 5 = depSM: Depth [salt water, m], lat = 47.5
# name 6 = sal00: Salinity, Practical [PSU]
# name 7 = sigma-é00: Density [sigma-theta, kg/m^3]
# name 8 = flag: flag
# span 0 = 174.764850, 174.784832       
# span 1 =     -6.256,     39.556       
# span 2 =   0.037477,  35.823848       
# span 3 =     7.5697,    19.6308       
# span 4 =   -12.2372,    14.9257       
# span 5 =     -6.204,     39.222       
# span 6 =     0.0252,    33.6132       
# span 7 =    -1.6992,    26.2471       
# span 8 = 0.0000e+00, 0.0000e+00       
# interval = seconds: 0.5
# start_time = Jun 23 2022 18:21:23 [Instrument's time stamp, header]
# bad_flag = -9.990e-29
*END*
[from data line 161]
 174.765781     -3.004   0.039945    18.5940    -1.7679     -2.979     0.0263    -1.4948 -9.990e-29
 174.765787     -3.000   0.039946    18.5799    -1.7694     -2.975     0.0263    -1.4921 -9.990e-29
 174.765793     -2.996   0.039946    18.5625    -1.7700     -2.971     0.0263    -1.4888 -9.990e-29
 174.765799     -2.992   0.039947    18.5399    -1.7703     -2.967     0.0263    -1.4845 -9.990e-29
 174.765804     -2.988   0.039948    18.5121    -1.7702     -2.963     0.0263    -1.4792 -9.990e-29
 174.765810     -2.984   0.039948    18.4820    -1.7709     -2.959     0.0263    -1.4734 -9.990e-29
 174.765816     -2.980   0.039949    18.4516    -1.7726     -2.955     0.0263    -1.4676 -9.990e-29
 174.765822     -2.975   0.039949    18.4225    -1.7747     -2.950     0.0263    -1.4621 -9.990e-29
 174.765828     -2.973   0.039950    18.3912    -1.7760     -2.948     0.0263    -1.4562 -9.990e-29
 174.765833     -2.978   0.039951    18.3542    -1.7764     -2.953     0.0264    -1.4492 -9.990e-29
 174.765839     -2.987   0.039951    18.3194    -1.7767     -2.962     0.0264    -1.4426 -9.990e-29
 174.765845     -2.995   0.039952    18.2957    -1.7774     -2.970     0.0264    -1.4381 -9.990e-29
 174.765851     -2.995   0.039952    18.2816    -1.7779     -2.970     0.0264    -1.4355 -9.990e-29
 174.765856     -2.978   0.039953    18.2681    -1.7781     -2.953     0.0264    -1.4330 -9.990e-29
 174.765862     -2.952   0.039954    18.2442    -1.7785     -2.927     0.0264    -1.4285 -9.990e-29
 174.765868     -2.923   0.039954    18.2065    -1.7797     -2.899     0.0264    -1.4214 -9.990e-29
 174.765874     -2.894   0.039955    18.1637    -1.7808     -2.870     0.0264    -1.4134 -9.990e-29
 174.765880     -2.872   0.039955    18.1289    -1.7815     -2.848     0.0264    -1.4069 -9.990e-29
 174.765885     -2.855   0.039956    18.1064    -1.7824     -2.831     0.0264    -1.4027 -9.990e-29
 174.765891     -2.838   0.039957    18.0900    -1.7832     -2.814     0.0264    -1.3996 -9.990e-29
 174.765897     -2.819   0.039957    18.0748    -1.7841     -2.795     0.0264    -1.3968 -9.990e-29
 174.765903     -2.798   0.039958    18.0610    -1.7845     -2.775     0.0264    -1.3942 -9.990e-29
 174.765909     -2.778   0.039958    18.0478    -1.7850     -2.755     0.0264    -1.3918 -9.990e-29
 174.765914     -2.761   0.039959    18.0303    -1.7848     -2.738     0.0264    -1.3885 -9.990e-29
 174.765920     -2.747   0.039960    18.0059    -1.7843     -2.724     0.0264    -1.3840 -9.990e-29
 174.765926     -2.734   0.039960    17.9792    -1.7837     -2.711     0.0264    -1.3791 -9.990e-29
 174.765932     -2.722   0.039961    17.9542    -1.7840     -2.699     0.0264    -1.3745 -9.990e-29
 174.765938     -2.710   0.039961    17.9303    -1.7845     -2.687     0.0264    -1.3701 -9.990e-29
 174.765943     -2.697   0.039962    17.9075    -1.7841     -2.675     0.0264    -1.3659 -9.990e-29
 174.765949     -2.682   0.039963    17.8878    -1.7847     -2.660     0.0264    -1.3622 -9.990e-29
 174.765955     -2.665   0.039963    17.8735    -1.7854     -2.643     0.0264    -1.3596 -9.990e-29
 174.765961     -2.648   0.039964    17.8657    -1.7857     -2.626     0.0264    -1.3582 -9.990e-29
 174.765966     -2.639   0.039964    17.8661    -1.7871     -2.617     0.0264    -1.3582 -9.990e-29
 174.765972     -2.638   0.039965    17.8731    -1.7887     -2.616     0.0264    -1.3595 -9.990e-29
 174.765978     -2.636   0.039966    17.8792    -1.7899     -2.614     0.0264    -1.3606 -9.990e-29
 174.765984     -2.628   0.039966    17.8789    -1.7917     -2.606     0.0264    -1.3606 -9.990e-29
 174.765990     -2.614   0.039967    17.8751    -1.7924     -2.592     0.0264    -1.3599 -9.990e-29
 174.765995     -2.597   0.039967    17.8695    -1.7935     -2.575     0.0264    -1.3589 -9.990e-29
 174.766001     -2.586   0.039968    17.8580    -1.7951     -2.564     0.0264    -1.3568 -9.990e-29
 174.766007     -2.582   0.039969    17.8411    -1.7956     -2.560     0.0264    -1.3537 -9.990e-29
 174.766013     -2.583   0.039969    17.8192    -1.7954     -2.561     0.0264    -1.3496 -9.990e-29
 174.766019     -2.578   0.039970    17.7881    -1.7951     -2.557     0.0264    -1.3440 -9.990e-29
 174.766024     -2.565   0.039970    17.7508    -1.7946     -2.544     0.0264    -1.3371 -9.990e-29
 174.766030     -2.546   0.039971    17.7120    -1.7942     -2.525     0.0265    -1.3301 -9.990e-29
 174.766036     -2.528   0.039972    17.6749    -1.7945     -2.507     0.0265    -1.3233 -9.990e-29
 174.766042     -2.515   0.039972    17.6424    -1.7957     -2.494     0.0265    -1.3174 -9.990e-29
 174.766047     -2.507   0.039973    17.6115    -1.7966     -2.486     0.0265    -1.3118 -9.990e-29
 174.766053     -2.501   0.039973    17.5833    -1.7970     -2.480     0.0265    -1.3068 -9.990e-29
 174.766059     -2.498   0.039974    17.5668    -1.7970     -2.477     0.0265    -1.3038 -9.990e-29
 174.766065     -2.494   0.039975    17.5640    -1.7968     -2.473     0.0265    -1.3033 -9.990e-29
 174.766071     -2.484   0.039975    17.5692    -1.7976     -2.463     0.0265    -1.3042 -9.990e-29
 174.766076     -2.472   0.039976    17.5764    -1.7979     -2.451     0.0265    -1.3055 -9.990e-29
 174.766082     -2.461   0.039976    17.5788    -1.7980     -2.440     0.0265    -1.3059 -9.990e-29
 174.766088     -2.450   0.039977    17.5700    -1.7984     -2.430     0.0265    -1.3043 -9.990e-29
 174.766094     -2.439   0.039978    17.5514    -1.7986     -2.419     0.0265    -1.3010 -9.990e-29
 174.766100     -2.427   0.039978    17.5327    -1.7992     -2.407     0.0265    -1.2976 -9.990e-29
 174.766105     -2.414   0.039979    17.5208    -1.7995     -2.394     0.0265    -1.2955 -9.990e-29
 174.766111     -2.397   0.039979    17.5155    -1.7994     -2.377     0.0265    -1.2945 -9.990e-29
 174.766117     -2.382   0.039980    17.5101    -1.7992     -2.362     0.0265    -1.2936 -9.990e-29
 174.766123     -2.375   0.039981    17.5001    -1.7982     -2.355     0.0265    -1.2918 -9.990e-29
 174.766128     -2.375   0.039981    17.4900    -1.7973     -2.355     0.0265    -1.2900 -9.990e-29
 174.766134     -2.375   0.039982    17.4822    -1.7968     -2.355     0.0265    -1.2886 -9.990e-29
 174.766140     -2.370   0.039982    17.4746    -1.7968     -2.350     0.0265    -1.2872 -9.990e-29
 174.766146     -2.360   0.039983    17.4658    -1.7973     -2.340     0.0265    -1.2856 -9.990e-29
 174.766152     -2.348   0.039984    17.4566    -1.7987     -2.328     0.0265    -1.2840 -9.990e-29
 174.766157     -2.338   0.039984    17.4509    -1.7992     -2.319     0.0265    -1.2829 -9.990e-29
 174.766163     -2.328   0.039985    17.4519    -1.7995     -2.309     0.0265    -1.2831 -9.990e-29
 174.766169     -2.320   0.039985    17.4616    -1.7999     -2.301     0.0265    -1.2849 -9.990e-29
 174.766175     -2.307   0.039986    17.4791    -1.8001     -2.288     0.0265    -1.2880 -9.990e-29
 174.766181     -2.289   0.039987    17.4969    -1.8000     -2.270     0.0265    -1.2912 -9.990e-29
 174.766186     -2.274   0.039989    17.5073    -1.8004     -2.255     0.0265    -1.2931 -9.990e-29
 174.766192     -2.265   0.039994    17.5066    -1.8012     -2.246     0.0265    -1.2929 -9.990e-29
 174.766198     -2.256   0.040007    17.4936    -1.8010     -2.237     0.0265    -1.2906 -9.990e-29
 174.766204     -2.243   0.040044    17.4738    -1.8007     -2.224     0.0265    -1.2870 -9.990e-29
 174.766209     -2.230   0.040155    17.4569    -1.8005     -2.211     0.0266    -1.2839 -9.990e-29
 174.766215     -2.220   0.040487    17.4453    -1.8002     -2.201     0.0267    -1.2817 -9.990e-29
 174.766221     -2.212   0.040928    17.4364    -1.8005     -2.194     0.0270    -1.2800 -9.990e-29
 174.766227     -2.205   0.040959    17.4299    -1.8007     -2.187     0.0270    -1.2788 -9.990e-29
 174.766233     -2.200   0.040620    17.4240    -1.8007     -2.182     0.0268    -1.2779 -9.990e-29
 174.766238     -2.197   0.040566    17.4155    -1.8008     -2.179     0.0268    -1.2764 -9.990e-29
 174.766244     -2.194   0.040724    17.4076    -1.8006     -2.176     0.0269    -1.2749 -9.990e-29
 174.766250     -2.191   0.040749    17.4060    -1.8004     -2.173     0.0269    -1.2746 -9.990e-29
 174.766256     -2.189   0.040676    17.4095    -1.8005     -2.171     0.0269    -1.2753 -9.990e-29
 174.766262     -2.188   0.040406    17.4141    -1.8007     -2.170     0.0267    -1.2762 -9.990e-29
 174.766267     -2.186   0.040132    17.4163    -1.8011     -2.168     0.0266    -1.2767 -9.990e-29
 174.766273     -2.185   0.040041    17.4145    -1.8012     -2.167     0.0265    -1.2764 -9.990e-29
 174.766279     -2.184   0.040011    17.4112    -1.8004     -2.166     0.0265    -1.2758 -9.990e-29
 174.766285     -2.183   0.040001    17.4093    -1.7993     -2.165     0.0265    -1.2755 -9.990e-29
 174.766291     -2.181   0.039998    17.4095    -1.7988     -2.163     0.0265    -1.2755 -9.990e-29
 174.766296     -2.180   0.039997    17.4116    -1.7989     -2.162     0.0265    -1.2759 -9.990e-29
 174.766302     -2.178   0.039997    17.4134    -1.7997     -2.160     0.0265    -1.2762 -9.990e-29
 174.766308     -2.176   0.039998    17.4124    -1.8004     -2.158     0.0265    -1.2760 -9.990e-29
 174.766314     -2.173   0.039999    17.4086    -1.8007     -2.155     0.0265    -1.2754 -9.990e-29
 174.766319     -2.170   0.040000    17.4057    -1.8006     -2.152     0.0265    -1.2749 -9.990e-29
 174.766325     -2.166   0.040004    17.4099    -1.8010     -2.148     0.0265    -1.2756 -9.990e-29
 174.766331     -2.161   0.040014    17.4238    -1.8015     -2.143     0.0265    -1.2781 -9.990e-29
 174.766337     -2.154   0.040045    17.4407    -1.8026     -2.136     0.0265    -1.2811 -9.990e-29
 174.766343     -2.145   0.040136    17.4505    -1.8034     -2.127     0.0266    -1.2828 -9.990e-29
 174.766348     -2.134   0.040410    17.4487    -1.8047     -2.116     0.0267    -1.2824 -9.990e-29
 174.766354     -2.120   0.040676    17.4378    -1.8062     -2.102     0.0268    -1.2803 -9.990e-29
 174.766360     -2.106   0.040738    17.4247    -1.8064     -2.088     0.0269    -1.2780 -9.990e-29
 174.766366     -2.100   0.040677    17.4150    -1.8066     -2.082     0.0269    -1.2762 -9.990e-29
 174.766372     -2.101   0.040411    17.4074    -1.8068     -2.083     0.0267    -1.2750 -9.990e-29
 174.766377     -2.102   0.040138    17.3963    -1.8070     -2.084     0.0266    -1.2731 -9.990e-29
 174.766383     -2.101   0.040047    17.3786    -1.8073     -2.083     0.0265    -1.2700 -9.990e-29
 174.766389     -2.104   0.040017    17.3553    -1.8081     -2.086     0.0265    -1.2659 -9.990e-29
 174.766395     -2.106   0.040007    17.3281    -1.8098     -2.088     0.0265    -1.2610 -9.990e-29
 174.766400     -2.103   0.040004    17.2983    -1.8111     -2.085     0.0265    -1.2557 -9.990e-29
 174.766406     -2.095   0.040003    17.2721    -1.8117     -2.078     0.0265    -1.2511 -9.990e-29
 174.766412     -2.081   0.040003    17.2558    -1.8119     -2.064     0.0265    -1.2482 -9.990e-29
 174.766418     -2.060   0.040003    17.2464    -1.8111     -2.043     0.0265    -1.2466 -9.990e-29
 174.766424     -2.036   0.040004    17.2388    -1.8103     -2.019     0.0265    -1.2452 -9.990e-29
 174.766429     -2.016   0.040004    17.2295    -1.8086     -1.999     0.0265    -1.2436 -9.990e-29
 174.766435     -2.001   0.040004    17.2148    -1.8078     -1.984     0.0265    -1.2410 -9.990e-29
 174.766441     -1.992   0.040005    17.1911    -1.8069     -1.975     0.0265    -1.2368 -9.990e-29
 174.766447     -1.984   0.040005    17.1608    -1.8062     -1.967     0.0265    -1.2315 -9.990e-29
 174.766453     -1.972   0.040005    17.1337    -1.8061     -1.956     0.0266    -1.2267 -9.990e-29
 174.766458     -1.960   0.040006    17.1177    -1.8059     -1.944     0.0266    -1.2239 -9.990e-29
 174.766464     -1.950   0.040006    17.1162    -1.8060     -1.934     0.0266    -1.2236 -9.990e-29
 174.766470     -1.942   0.040006    17.1289    -1.8059     -1.926     0.0266    -1.2259 -9.990e-29
 174.766476     -1.936   0.040007    17.1528    -1.8058     -1.920     0.0265    -1.2301 -9.990e-29
 174.766481     -1.931   0.040007    17.1820    -1.8061     -1.915     0.0265    -1.2352 -9.990e-29
 174.766487     -1.927   0.040007    17.2091    -1.8057     -1.911     0.0265    -1.2400 -9.990e-29
 174.766493     -1.924   0.040007    17.2313    -1.8062     -1.908     0.0265    -1.2439 -9.990e-29
 174.766499     -1.922   0.040008    17.2476    -1.8065     -1.906     0.0265    -1.2468 -9.990e-29
 174.766505     -1.920   0.040008    17.2570    -1.8068     -1.904     0.0265    -1.2484 -9.990e-29
 174.766510     -1.918   0.040008    17.2614    -1.8071     -1.902     0.0265    -1.2492 -9.990e-29
 174.766516     -1.916   0.040009    17.2630    -1.8077     -1.900     0.0265    -1.2495 -9.990e-29
 174.766522     -1.915   0.040009    17.2640    -1.8086     -1.899     0.0265    -1.2497 -9.990e-29
 174.766528     -1.913   0.040009    17.2641    -1.8091     -1.897     0.0265    -1.2497 -9.990e-29
 174.766534     -1.912   0.040009    17.2635    -1.8091     -1.896     0.0265    -1.2496 -9.990e-29
 174.766539     -1.910   0.040010    17.2619    -1.8086     -1.894     0.0265    -1.2493 -9.990e-29
 174.766545     -1.908   0.040010    17.2563    -1.8083     -1.892     0.0265    -1.2483 -9.990e-29
 174.766551     -1.906   0.040010    17.2478    -1.8079     -1.890     0.0265    -1.2468 -9.990e-29
 174.766557     -1.903   0.040011    17.2384    -1.8077     -1.887     0.0265    -1.2451 -9.990e-29
 174.766562     -1.899   0.040011    17.2269    -1.8068     -1.883     0.0265    -1.2431 -9.990e-29
 174.766568     -1.894   0.040011    17.2120    -1.8055     -1.878     0.0265    -1.2405 -9.990e-29
 174.766574     -1.888   0.040012    17.1966    -1.8046     -1.872     0.0265    -1.2378 -9.990e-29
 174.766580     -1.880   0.040012    17.1866    -1.8035     -1.864     0.0265    -1.2360 -9.990e-29
 174.766586     -1.874   0.040012    17.1851    -1.8026     -1.858     0.0265    -1.2357 -9.990e-29
 174.766591     -1.874   0.040013    17.1909    -1.8016     -1.858     0.0265    -1.2367 -9.990e-29
 174.766597     -1.876   0.040013    17.2004    -1.8009     -1.860     0.0265    -1.2384 -9.990e-29
 174.766603     -1.875   0.040013    17.2116    -1.8005     -1.859     0.0265    -1.2404 -9.990e-29
 174.766609     -1.871   0.040013    17.2263    -1.8005     -1.855     0.0265    -1.2430 -9.990e-29
 174.766615     -1.870   0.040014    17.2479    -1.8008     -1.854     0.0265    -1.2468 -9.990e-29
 174.766620     -1.873   0.040014    17.2749    -1.8013     -1.857     0.0265    -1.2516 -9.990e-29
 174.766626     -1.879   0.040014    17.3027    -1.8012     -1.863     0.0265    -1.2565 -9.990e-29
 174.766632     -1.882   0.040015    17.3298    -1.8010     -1.866     0.0265    -1.2613 -9.990e-29
 174.766638     -1.883   0.040015    17.3559    -1.8010     -1.867     0.0265    -1.2660 -9.990e-29
 174.766644     -1.882   0.040015    17.3795    -1.8006     -1.866     0.0265    -1.2702 -9.990e-29
 174.766649     -1.878   0.040015    17.3977    -1.8004     -1.862     0.0265    -1.2734 -9.990e-29
 174.766655     -1.873   0.040016    17.4081    -1.8000     -1.857     0.0265    -1.2753 -9.990e-29
 174.766661     -1.865   0.040016    17.4103    -1.7996     -1.849     0.0265    -1.2757 -9.990e-29
 174.766667     -1.853   0.040016    17.4066    -1.7992     -1.838     0.0265    -1.2750 -9.990e-29
 174.766672     -1.838   0.040017    17.4023    -1.7991     -1.823     0.0265    -1.2742 -9.990e-29
 174.766678     -1.822   0.040017    17.4015    -1.7991     -1.807     0.0265    -1.2741 -9.990e-29
 174.766684     -1.813   0.040017    17.4034    -1.7994     -1.798     0.0265    -1.2744 -9.990e-29
 174.766690     -1.810   0.040018    17.4073    -1.7999     -1.795     0.0265    -1.2751 -9.990e-29
 174.766696     -1.805   0.040018    17.4138    -1.8003     -1.790     0.0265    -1.2763 -9.990e-29
