data/oxygen options/ONMS/Olympic_Coast_National_Marine_Sanctuary_CTD_Data_2005_2023/raw_data/2022/CAST_CE015_220523faed.cnv
* Sea-Bird SBE 19 Data File:
* FileName = C:\2022 Mooring Data\Casts\CAST_CE015_220523.hex
* Software Version SeatermAF 2.1.2
* Temperature SN = 2997
* Conductivity SN = 2997
* System UpLoad Time = May 23 2022 19:19:53 (localtime) = May 23 2022 19:19:53 (UTC)
** CAST_CE015_220523
* ds
# nquan = 9                                 
# nvalues = 869                         
# units = specified
# name 0 = timeJ: Julian Days
# name 1 = prSM: Pressure, Strain Gauge [db]
# name 2 = c0mS/cm: Conductivity [mS/cm]
# name 3 = t090C: Temperature [ITS-90, deg C]
# name 4 = sbeox0ML/L: Oxygen, SBE 43 [ml/l]
# name 5 = depSM: Depth [salt water, m], lat = 47.5
# name 6 = sal00: Salinity, Practical [PSU]
# name 7 = sigma-é00: Density [sigma-theta, kg/m^3]
# name 8 = flag: flag
# span 0 = 143.791759, 143.796782       
# span 1 =     -5.646,     11.652       
# span 2 =   0.002639,  34.778653       
# span 3 =    10.6219,    13.7457       
# span 4 =   -13.0982,    14.1188       
# span 5 =     -5.599,     11.554       
# span 6 =     0.0075,    31.0876       
# span 7 =    -0.7131,    23.7950       
# span 8 = 0.0000e+00, 0.0000e+00       
# interval = seconds: 0.5
# start_time = May 23 2022 19:00:08 [Instrument's time stamp, header]
# bad_flag = -9.990e-29
*END*
[from data line 161]
 143.792691     -2.352   0.002703    13.7156    -1.9458     -2.332     0.0077    -0.7090 -9.990e-29
 143.792697     -2.348   0.002704    13.7120    -1.9463     -2.328     0.0077    -0.7086 -9.990e-29
 143.792703     -2.341   0.002705    13.7084    -1.9464     -2.321     0.0077    -0.7081 -9.990e-29
 143.792708     -2.326   0.002706    13.7050    -1.9461     -2.307     0.0077    -0.7076 -9.990e-29
 143.792714     -2.308   0.002707    13.7003    -1.9455     -2.289     0.0077    -0.7070 -9.990e-29
 143.792720     -2.290   0.002709    13.6936    -1.9448     -2.271     0.0077    -0.7061 -9.990e-29
 143.792726     -2.269   0.002710    13.6863    -1.9443     -2.250     0.0077    -0.7051 -9.990e-29
 143.792731     -2.250   0.002711    13.6792    -1.9448     -2.231     0.0077    -0.7041 -9.990e-29
 143.792737     -2.234   0.002712    13.6717    -1.9452     -2.215     0.0077    -0.7031 -9.990e-29
 143.792743     -2.222   0.002713    13.6639    -1.9456     -2.203     0.0077    -0.7021 -9.990e-29
 143.792749     -2.213   0.002714    13.6578    -1.9459     -2.195     0.0077    -0.7012 -9.990e-29
 143.792755     -2.205   0.002715    13.6566    -1.9458     -2.187     0.0077    -0.7011 -9.990e-29
 143.792760     -2.199   0.002716    13.6619    -1.9457     -2.181     0.0077    -0.7018 -9.990e-29
 143.792766     -2.193   0.002717    13.6719    -1.9462     -2.175     0.0077    -0.7031 -9.990e-29
 143.792772     -2.188   0.002719    13.6824    -1.9468     -2.170     0.0077    -0.7046 -9.990e-29
 143.792778     -2.183   0.002720    13.6876    -1.9471     -2.165     0.0077    -0.7053 -9.990e-29
 143.792784     -2.179   0.002721    13.6851    -1.9472     -2.161     0.0077    -0.7049 -9.990e-29
 143.792789     -2.174   0.002722    13.6781    -1.9473     -2.156     0.0077    -0.7040 -9.990e-29
 143.792795     -2.168   0.002723    13.6708    -1.9475     -2.150     0.0077    -0.7030 -9.990e-29
 143.792801     -2.161   0.002724    13.6658    -1.9478     -2.143     0.0077    -0.7023 -9.990e-29
 143.792807     -2.153   0.002725    13.6632    -1.9480     -2.135     0.0077    -0.7020 -9.990e-29
 143.792813     -2.143   0.002726    13.6595    -1.9481     -2.125     0.0077    -0.7015 -9.990e-29
 143.792818     -2.130   0.002727    13.6522    -1.9485     -2.112     0.0077    -0.7005 -9.990e-29
 143.792824     -2.114   0.002729    13.6435    -1.9486     -2.096     0.0077    -0.6993 -9.990e-29
 143.792830     -2.098   0.002730    13.6365    -1.9490     -2.081     0.0077    -0.6984 -9.990e-29
 143.792836     -2.089   0.002731    13.6313    -1.9493     -2.072     0.0077    -0.6977 -9.990e-29
 143.792841     -2.087   0.002732    13.6270    -1.9496     -2.070     0.0077    -0.6971 -9.990e-29
 143.792847     -2.083   0.002733    13.6224    -1.9493     -2.066     0.0077    -0.6965 -9.990e-29
 143.792853     -2.072   0.002734    13.6175    -1.9487     -2.055     0.0077    -0.6958 -9.990e-29
 143.792859     -2.054   0.002735    13.6130    -1.9486     -2.037     0.0077    -0.6952 -9.990e-29
 143.792865     -2.033   0.002736    13.6083    -1.9486     -2.016     0.0077    -0.6946 -9.990e-29
 143.792870     -2.014   0.002737    13.6027    -1.9490     -1.997     0.0077    -0.6938 -9.990e-29
 143.792876     -2.002   0.002738    13.5965    -1.9494     -1.985     0.0077    -0.6930 -9.990e-29
 143.792882     -1.996   0.002740    13.5898    -1.9496     -1.979     0.0077    -0.6921 -9.990e-29
 143.792888     -1.994   0.002741    13.5840    -1.9498     -1.977     0.0077    -0.6913 -9.990e-29
 143.792894     -1.994   0.002742    13.5818    -1.9500     -1.977     0.0077    -0.6911 -9.990e-29
 143.792899     -1.989   0.002743    13.5852    -1.9501     -1.972     0.0077    -0.6915 -9.990e-29
 143.792905     -1.981   0.002744    13.5913    -1.9501     -1.964     0.0077    -0.6923 -9.990e-29
 143.792911     -1.969   0.002745    13.5948    -1.9499     -1.953     0.0077    -0.6928 -9.990e-29
 143.792917     -1.956   0.002746    13.5934    -1.9499     -1.940     0.0077    -0.6926 -9.990e-29
 143.792922     -1.945   0.002747    13.5881    -1.9503     -1.929     0.0077    -0.6919 -9.990e-29
 143.792928     -1.936   0.002748    13.5816    -1.9506     -1.920     0.0077    -0.6910 -9.990e-29
 143.792934     -1.929   0.002750    13.5760    -1.9510     -1.913     0.0077    -0.6903 -9.990e-29
 143.792940     -1.922   0.002751    13.5716    -1.9515     -1.906     0.0077    -0.6897 -9.990e-29
 143.792946     -1.916   0.002752    13.5678    -1.9517     -1.900     0.0076    -0.6892 -9.990e-29
 143.792951     -1.910   0.002753    13.5653    -1.9519     -1.894     0.0076    -0.6888 -9.990e-29
 143.792957     -1.904   0.002754    13.5649    -1.9519     -1.888     0.0076    -0.6888 -9.990e-29
 143.792963     -1.897   0.002755    13.5653    -1.9520     -1.881     0.0076    -0.6888 -9.990e-29
 143.792969     -1.889   0.002756    13.5634    -1.9520     -1.873     0.0076    -0.6886 -9.990e-29
 143.792975     -1.879   0.002757    13.5580    -1.9518     -1.863     0.0076    -0.6879 -9.990e-29
 143.792980     -1.867   0.002758    13.5504    -1.9511     -1.851     0.0076    -0.6869 -9.990e-29
 143.792986     -1.852   0.002760    13.5420    -1.9505     -1.837     0.0076    -0.6857 -9.990e-29
 143.792992     -1.832   0.002761    13.5343    -1.9503     -1.817     0.0076    -0.6847 -9.990e-29
 143.792998     -1.812   0.002762    13.5286    -1.9504     -1.797     0.0076    -0.6840 -9.990e-29
 143.793003     -1.798   0.002763    13.5249    -1.9507     -1.783     0.0076    -0.6835 -9.990e-29
 143.793009     -1.794   0.002764    13.5227    -1.9510     -1.779     0.0076    -0.6832 -9.990e-29
 143.793015     -1.795   0.002765    13.5223    -1.9511     -1.780     0.0076    -0.6831 -9.990e-29
 143.793021     -1.793   0.002766    13.5245    -1.9510     -1.778     0.0076    -0.6834 -9.990e-29
 143.793027     -1.787   0.002767    13.5306    -1.9506     -1.772     0.0076    -0.6842 -9.990e-29
 143.793032     -1.782   0.002768    13.5402    -1.9506     -1.767     0.0076    -0.6855 -9.990e-29
 143.793038     -1.772   0.002770    13.5494    -1.9508     -1.757     0.0076    -0.6867 -9.990e-29
 143.793044     -1.758   0.002771    13.5541    -1.9510     -1.743     0.0076    -0.6873 -9.990e-29
 143.793050     -1.746   0.002772    13.5535    -1.9514     -1.731     0.0076    -0.6873 -9.990e-29
 143.793056     -1.736   0.002773    13.5500    -1.9516     -1.722     0.0076    -0.6868 -9.990e-29
 143.793061     -1.724   0.002774    13.5466    -1.9523     -1.710     0.0076    -0.6863 -9.990e-29
 143.793067     -1.712   0.002775    13.5453    -1.9530     -1.698     0.0076    -0.6862 -9.990e-29
 143.793073     -1.705   0.002776    13.5468    -1.9536     -1.691     0.0076    -0.6864 -9.990e-29
 143.793079     -1.701   0.002777    13.5494    -1.9543     -1.687     0.0076    -0.6867 -9.990e-29
 143.793084     -1.697   0.002778    13.5497    -1.9552     -1.683     0.0077    -0.6868 -9.990e-29
 143.793090     -1.687   0.002780    13.5466    -1.9560     -1.673     0.0076    -0.6863 -9.990e-29
 143.793096     -1.675   0.002781    13.5410    -1.9566     -1.661     0.0076    -0.6856 -9.990e-29
 143.793102     -1.665   0.002782    13.5338    -1.9570     -1.651     0.0076    -0.6846 -9.990e-29
 143.793108     -1.657   0.002783    13.5245    -1.9578     -1.643     0.0076    -0.6834 -9.990e-29
 143.793113     -1.649   0.002784    13.5120    -1.9583     -1.635     0.0076    -0.6817 -9.990e-29
 143.793119     -1.642   0.002785    13.4971    -1.9587     -1.628     0.0076    -0.6798 -9.990e-29
 143.793125     -1.634   0.002786    13.4813    -1.9592     -1.620     0.0076    -0.6777 -9.990e-29
 143.793131     -1.626   0.002787    13.4644    -1.9594     -1.612     0.0076    -0.6754 -9.990e-29
 143.793137     -1.616   0.002788    13.4467    -1.9597     -1.603     0.0076    -0.6731 -9.990e-29
 143.793142     -1.604   0.002789    13.4296    -1.9596     -1.591     0.0076    -0.6708 -9.990e-29
 143.793148     -1.590   0.002791    13.4147    -1.9594     -1.577     0.0076    -0.6689 -9.990e-29
 143.793154     -1.572   0.002792    13.4014    -1.9598     -1.559     0.0076    -0.6671 -9.990e-29
 143.793160     -1.549   0.002793    13.3885    -1.9605     -1.536     0.0076    -0.6654 -9.990e-29
 143.793166     -1.529   0.002794    13.3763    -1.9606     -1.516     0.0076    -0.6638 -9.990e-29
 143.793171     -1.523   0.002795    13.3653    -1.9608     -1.510     0.0076    -0.6624 -9.990e-29
 143.793177     -1.526   0.002795    13.3559    -1.9603     -1.513     0.0076    -0.6612 -9.990e-29
 143.793183     -1.530   0.002796    13.3489    -1.9597     -1.517     0.0076    -0.6603 -9.990e-29
 143.793189     -1.535   0.002797    13.3446    -1.9598     -1.522     0.0076    -0.6597 -9.990e-29
 143.793194     -1.537   0.002797    13.3429    -1.9597     -1.524     0.0076    -0.6595 -9.990e-29
 143.793200     -1.533   0.002797    13.3412    -1.9599     -1.520     0.0076    -0.6593 -9.990e-29
 143.793206     -1.521   0.002798    13.3356    -1.9598     -1.508     0.0076    -0.6585 -9.990e-29
 143.793212     -1.505   0.002798    13.3281    -1.9597     -1.492     0.0076    -0.6575 -9.990e-29
 143.793218     -1.494   0.002798    13.3235    -1.9595     -1.482     0.0076    -0.6569 -9.990e-29
 143.793223     -1.489   0.002799    13.3237    -1.9594     -1.477     0.0076    -0.6570 -9.990e-29
 143.793229     -1.492   0.002799    13.3286    -1.9595     -1.480     0.0076    -0.6576 -9.990e-29
 143.793235     -1.498   0.002799    13.3345    -1.9596     -1.486     0.0076    -0.6584 -9.990e-29
 143.793241     -1.499   0.002799    13.3378    -1.9597     -1.486     0.0076    -0.6588 -9.990e-29
 143.793247     -1.491   0.002800    13.3387    -1.9598     -1.479     0.0076    -0.6589 -9.990e-29
 143.793252     -1.477   0.002800    13.3389    -1.9605     -1.465     0.0076    -0.6590 -9.990e-29
 143.793258     -1.465   0.002800    13.3401    -1.9610     -1.453     0.0076    -0.6591 -9.990e-29
 143.793264     -1.459   0.002801    13.3423    -1.9614     -1.447     0.0076    -0.6594 -9.990e-29
 143.793270     -1.458   0.002801    13.3447    -1.9615     -1.446     0.0076    -0.6597 -9.990e-29
 143.793275     -1.458   0.002801    13.3460    -1.9613     -1.446     0.0076    -0.6599 -9.990e-29
 143.793281     -1.455   0.002802    13.3451    -1.9612     -1.443     0.0076    -0.6598 -9.990e-29
 143.793287     -1.452   0.002802    13.3427    -1.9612     -1.440     0.0076    -0.6594 -9.990e-29
 143.793293     -1.454   0.002802    13.3389    -1.9612     -1.442     0.0076    -0.6589 -9.990e-29
 143.793299     -1.456   0.002802    13.3325    -1.9613     -1.444     0.0076    -0.6581 -9.990e-29
 143.793304     -1.451   0.002803    13.3234    -1.9612     -1.439     0.0076    -0.6569 -9.990e-29
 143.793310     -1.438   0.002803    13.3139    -1.9614     -1.426     0.0076    -0.6557 -9.990e-29
 143.793316     -1.424   0.002803    13.3072    -1.9617     -1.412     0.0076    -0.6548 -9.990e-29
 143.793322     -1.414   0.002804    13.3044    -1.9620     -1.402     0.0075    -0.6545 -9.990e-29
 143.793328     -1.405   0.002804    13.3047    -1.9623     -1.393     0.0075    -0.6545 -9.990e-29
 143.793333     -1.399   0.002804    13.3058    -1.9622     -1.387     0.0075    -0.6546 -9.990e-29
 143.793339     -1.394   0.002805    13.3062    -1.9617     -1.382     0.0076    -0.6547 -9.990e-29
 143.793345     -1.389   0.002805    13.3059    -1.9617     -1.377     0.0076    -0.6546 -9.990e-29
 143.793351     -1.386   0.002805    13.3052    -1.9621     -1.374     0.0076    -0.6546 -9.990e-29
 143.793356     -1.383   0.002806    13.3039    -1.9628     -1.371     0.0075    -0.6544 -9.990e-29
 143.793362     -1.381   0.002806    13.3007    -1.9631     -1.369     0.0075    -0.6540 -9.990e-29
 143.793368     -1.379   0.002806    13.2955    -1.9634     -1.367     0.0075    -0.6533 -9.990e-29
 143.793374     -1.377   0.002806    13.2901    -1.9639     -1.366     0.0075    -0.6526 -9.990e-29
 143.793380     -1.375   0.002807    13.2869    -1.9648     -1.364     0.0075    -0.6522 -9.990e-29
 143.793385     -1.373   0.002807    13.2876    -1.9655     -1.362     0.0075    -0.6523 -9.990e-29
 143.793391     -1.371   0.002807    13.2899    -1.9655     -1.360     0.0075    -0.6526 -9.990e-29
 143.793397     -1.368   0.002808    13.2886    -1.9650     -1.357     0.0075    -0.6524 -9.990e-29
 143.793403     -1.365   0.002808    13.2816    -1.9643     -1.354     0.0075    -0.6515 -9.990e-29
 143.793409     -1.360   0.002808    13.2717    -1.9636     -1.349     0.0075    -0.6502 -9.990e-29
 143.793414     -1.355   0.002809    13.2623    -1.9637     -1.344     0.0075    -0.6490 -9.990e-29
 143.793420     -1.349   0.002809    13.2528    -1.9641     -1.338     0.0075    -0.6477 -9.990e-29
 143.793426     -1.340   0.002809    13.2408    -1.9643     -1.329     0.0075    -0.6462 -9.990e-29
 143.793432     -1.334   0.002809    13.2272    -1.9640     -1.323     0.0075    -0.6444 -9.990e-29
 143.793438     -1.333   0.002810    13.2174    -1.9637     -1.322     0.0075    -0.6432 -9.990e-29
 143.793443     -1.334   0.002810    13.2160    -1.9633     -1.323     0.0075    -0.6430 -9.990e-29
 143.793449     -1.333   0.002810    13.2227    -1.9631     -1.322     0.0075    -0.6439 -9.990e-29
 143.793455     -1.328   0.002811    13.2334    -1.9631     -1.317     0.0075    -0.6452 -9.990e-29
 143.793461     -1.320   0.002811    13.2420    -1.9632     -1.309     0.0075    -0.6464 -9.990e-29
 143.793466     -1.309   0.002811    13.2443    -1.9636     -1.298     0.0075    -0.6466 -9.990e-29
 143.793472     -1.294   0.002812    13.2427    -1.9641     -1.283     0.0075    -0.6464 -9.990e-29
 143.793478     -1.277   0.002812    13.2417    -1.9645     -1.266     0.0075    -0.6463 -9.990e-29
 143.793484     -1.267   0.002812    13.2441    -1.9649     -1.256     0.0075    -0.6466 -9.990e-29
 143.793490     -1.263   0.002812    13.2494    -1.9648     -1.252     0.0075    -0.6473 -9.990e-29
 143.793495     -1.255   0.002813    13.2554    -1.9645     -1.245     0.0075    -0.6481 -9.990e-29
 143.793501     -1.240   0.002813    13.2597    -1.9646     -1.230     0.0075    -0.6486 -9.990e-29
 143.793507     -1.221   0.002813    13.2605    -1.9647     -1.211     0.0075    -0.6487 -9.990e-29
 143.793513     -1.204   0.002814    13.2568    -1.9643     -1.194     0.0075    -0.6483 -9.990e-29
 143.793519     -1.194   0.002814    13.2498    -1.9635     -1.184     0.0075    -0.6474 -9.990e-29
 143.793524     -1.185   0.002814    13.2417    -1.9627     -1.175     0.0075    -0.6463 -9.990e-29
 143.793530     -1.172   0.002815    13.2340    -1.9618     -1.162     0.0075    -0.6453 -9.990e-29
 143.793536     -1.159   0.002815    13.2287    -1.9608     -1.149     0.0075    -0.6446 -9.990e-29
 143.793542     -1.149   0.002815    13.2280    -1.9601     -1.139     0.0075    -0.6445 -9.990e-29
 143.793547     -1.141   0.002815    13.2297    -1.9595     -1.131     0.0075    -0.6448 -9.990e-29
 143.793553     -1.136   0.002816    13.2311    -1.9591     -1.127     0.0075    -0.6449 -9.990e-29
 143.793559     -1.133   0.002816    13.2345    -1.9590     -1.124     0.0075    -0.6454 -9.990e-29
 143.793565     -1.131   0.002816    13.2434    -1.9590     -1.122     0.0075    -0.6465 -9.990e-29
 143.793571     -1.131   0.002817    13.2577    -1.9593     -1.122     0.0075    -0.6484 -9.990e-29
 143.793576     -1.132   0.002817    13.2751    -1.9596     -1.123     0.0075    -0.6506 -9.990e-29
 143.793582     -1.134   0.002817    13.2940    -1.9598     -1.125     0.0075    -0.6531 -9.990e-29
 143.793588     -1.139   0.002818    13.3130    -1.9598     -1.129     0.0076    -0.6556 -9.990e-29
 143.793594     -1.140   0.002818    13.3302    -1.9597     -1.130     0.0076    -0.6578 -9.990e-29
 143.793600     -1.136   0.002818    13.3438    -1.9591     -1.127     0.0076    -0.6596 -9.990e-29
 143.793605     -1.129   0.002819    13.3526    -1.9585     -1.120     0.0076    -0.6607 -9.990e-29
