data/oxygen options/ONMS/Olympic_Coast_National_Marine_Sanctuary_CTD_Data_2005_2023/raw_data/2022/CAST_MB042_220922faed.cnv
* Sea-Bird SBE 19 Data File:
* FileName = C:\2022 Mooring Data\Casts\CAST_MB042_220922.hex
* Software Version SeatermAF 2.1.2
* Temperature SN = 2997
* Conductivity SN = 2997
* System UpLoad Time = Sep 22 2022 18:32:39 (localtime) = Sep 22 2022 18:32:39 (UTC)
** CAST_MB042_220922
* ds
# nquan = 9                                 
# nvalues = 1088                        
# units = specified
# name 0 = timeJ: Julian Days
# name 1 = prSM: Pressure, Strain Gauge [db]
# name 2 = c0mS/cm: Conductivity [mS/cm]
# name 3 = t090C: Temperature [ITS-90, deg C]
# name 4 = sbeox0ML/L: Oxygen, SBE 43 [ml/l]
# name 5 = depSM: Depth [salt water, m], lat = 47.5
# name 6 = sal00: Salinity, Practical [PSU]
# name 7 = sigma-é00: Density [sigma-theta, kg/m^3]
# name 8 = flag: flag
# span 0 = 265.746273, 265.752564       
# span 1 =     -6.179,     39.278       
# span 2 =   0.330424,  38.568750       
# span 3 =     8.0153,    18.0327       
# span 4 =    -1.7953,    13.7525       
# span 5 =     -6.128,     38.946       
# span 6 =     0.1844,    33.3346       
# span 7 =    -1.2674,    25.9642       
# span 8 = 0.0000e+00, 0.0000e+00       
# interval = seconds: 0.5
# start_time = Sep 22 2022 17:54:38 [Instrument's time stamp, header]
# bad_flag = -9.990e-29
*END*
[from data line 961]
 265.751834     24.912  34.568601     8.3035     3.7044     24.703    32.9409    25.6126 0.0000e+00
 265.751840     24.607  34.563325     8.3446     3.7098     24.400    32.8970    25.5721 0.0000e+00
 265.751846     24.311  34.579566     8.3937     3.7208     24.107    32.8684    25.5423 0.0000e+00
 265.751852     24.022  34.609296     8.4430     3.7379     23.820    32.8539    25.5236 0.0000e+00
 265.751858     23.739  34.634472     8.4872     3.7403     23.540    32.8393    25.5055 0.0000e+00
 265.751863     23.461  34.653394     8.5193     3.7640     23.264    32.8295    25.4930 0.0000e+00
 265.751869     23.183  34.677903     8.5404     3.7770     22.988    32.8358    25.4947 0.0000e+00
 265.751875     22.900  34.709949     8.5570     3.7876     22.708    32.8542    25.5066 0.0000e+00
 265.751881     22.616  34.736322     8.5649     3.8089     22.426    32.8746    25.5214 0.0000e+00
 265.751887     22.335  34.749128     8.5616     3.8084     22.147    32.8913    25.5350 0.0000e+00
 265.751892     22.054  34.754867     8.5600     3.8281     21.869    32.8990    25.5412 0.0000e+00
 265.751898     21.775  34.759023     8.5677     3.7970     21.592    32.8963    25.5380 0.0000e+00
 265.751904     21.495  34.761601     8.5771     3.8561     21.314    32.8904    25.5319 0.0000e+00
 265.751910     21.215  34.762743     8.5804     3.8954     21.037    32.8886    25.5300 0.0000e+00
 265.751916     20.934  34.761801     8.5783     3.9296     20.758    32.8897    25.5312 0.0000e+00
 265.751921     20.650  34.755350     8.5741     3.9820     20.477    32.8870    25.5297 0.0000e+00
 265.751927     20.364  34.743817     8.5700     3.9668     20.193    32.8788    25.5239 0.0000e+00
 265.751933     20.073  34.733738     8.5681     4.0410     19.905    32.8701    25.5174 0.0000e+00
 265.751939     19.776  34.725183     8.5677     4.0801     19.610    32.8616    25.5108 0.0000e+00
 265.751944     19.473  34.714657     8.5660     4.1129     19.310    32.8523    25.5037 0.0000e+00
 265.751950     19.164  34.700513     8.5621     4.1352     19.003    32.8412    25.4956 0.0000e+00
 265.751956     18.857  34.680765     8.5576     4.1422     18.699    32.8248    25.4834 0.0000e+00
 265.751962     18.552  34.666121     8.5559     4.1738     18.396    32.8111    25.4729 0.0000e+00
 265.751968     18.251  34.666248     8.5573     4.2134     18.098    32.8101    25.4719 0.0000e+00
 265.751973     17.958  34.670178     8.5586     4.2792     17.807    32.8131    25.4741 0.0000e+00
 265.751979     17.666  34.665297     8.5577     4.3291     17.518    32.8090    25.4710 0.0000e+00
 265.751985     17.369  34.653565     8.5558     4.3772     17.223    32.7985    25.4631 0.0000e+00
 265.751991     17.062  34.639012     8.5579     4.3783     16.919    32.7814    25.4494 0.0000e+00
 265.751997     16.738  34.623586     8.5700     4.3819     16.598    32.7541    25.4261 0.0000e+00
 265.752002     16.401  34.616471     8.5904     4.3895     16.263    32.7279    25.4025 0.0000e+00
 265.752008     16.070  34.623371     8.6104     4.4163     15.935    32.7168    25.3907 0.0000e+00
 265.752014     15.761  34.635632     8.6238     4.4848     15.629    32.7174    25.3892 0.0000e+00
 265.752020     15.475  34.641669     8.6323     4.4726     15.345    32.7160    25.3868 0.0000e+00
 265.752025     15.196  34.642882     8.6481     4.4724     15.069    32.7027    25.3740 0.0000e+00
 265.752031     14.901  34.649918     8.6886     4.5508     14.776    32.6728    25.3444 0.0000e+00
 265.752037     14.584  34.672786     8.7753     4.6383     14.462    32.6169    25.2874 0.0000e+00
 265.752043     14.255  34.724681     8.9099     4.7117     14.136    32.5475    25.2123 0.0000e+00
 265.752049     13.926  34.840702     9.0484     4.8216     13.809    32.5414    25.1860 0.0000e+00
 265.752054     13.608  35.005905     9.1641     4.9929     13.494    32.6068    25.2191 0.0000e+00
 265.752060     13.302  35.171231     9.2780     5.1775     13.191    32.6736    25.2533 0.0000e+00
 265.752066     13.000  35.283854     9.4514     5.3777     12.891    32.6314    25.1927 0.0000e+00
 265.752072     12.696  35.331571     9.7458     5.5348     12.590    32.4136    24.9750 0.0000e+00
 265.752078     12.393  35.460431    10.0874     5.7146     12.289    32.2385    24.7820 0.0000e+00
 265.752083     12.092  35.689965    10.3603     5.8059     11.991    32.2271    24.7274 0.0000e+00
 265.752089     11.788  35.872590    10.5993     5.8762     11.689    32.1985    24.6644 0.0000e+00
 265.752095     11.473  36.017219    10.8637     5.9552     11.377    32.1098    24.5498 0.0000e+00
 265.752101     11.154  36.196908    11.1007     5.9923     11.061    32.0803    24.4853 0.0000e+00
 265.752106     10.844  36.387470    11.2621     6.0459     10.753    32.1271    24.4930 0.0000e+00
 265.752112     10.554  36.527123    11.3575     6.0472     10.466    32.1810    24.5179 0.0000e+00
 265.752118     10.282  36.588161    11.4250     6.1276     10.196    32.1821    24.5066 0.0000e+00
 265.752124     10.015  36.624610    11.4919     6.1569      9.931    32.1596    24.4771 0.0000e+00
 265.752130      9.741  36.666660    11.5584     6.1485      9.659    32.1430    24.4522 0.0000e+00
 265.752135      9.455  36.671845    11.6506     6.1555      9.376    32.0683    24.3774 0.0000e+00
 265.752141      9.161  36.657807    11.7529     6.1412      9.084    31.9665    24.2797 0.0000e+00
 265.752147      8.869  36.688269    11.8158     6.1577      8.795    31.9421    24.2493 0.0000e+00
 265.752153      8.586  36.771441    11.8438     6.1902      8.514    31.9987    24.2880 0.0000e+00
 265.752159      8.308  36.850224    11.8609     6.1951      8.238    32.0603    24.3327 0.0000e+00
 265.752164      8.033  36.894154    11.8785     6.2017      7.966    32.0877    24.3508 0.0000e+00
 265.752170      7.766  36.909210    11.9126     6.1991      7.701    32.0730    24.3330 0.0000e+00
 265.752176      7.499  36.910496    11.9850     6.1978      7.436    32.0121    24.2724 0.0000e+00
 265.752182      7.218  36.932298    12.0828     6.2042      7.158    31.9494    24.2056 0.0000e+00
 265.752187      6.923  36.978544    12.1656     6.2079      6.865    31.9232    24.1699 0.0000e+00
 265.752193      6.621  37.024135    12.2168     6.2133      6.566    31.9234    24.1604 0.0000e+00
 265.752199      6.314  37.059352    12.2458     6.2015      6.261    31.9326    24.1621 0.0000e+00
 265.752205      6.004  37.081930    12.2642     6.2029      5.954    31.9386    24.1633 0.0000e+00
 265.752211      5.697  37.091798    12.2773     6.1974      5.649    31.9370    24.1596 0.0000e+00
 265.752216      5.395  37.102750    12.2842     6.1943      5.350    31.9418    24.1620 0.0000e+00
 265.752222      5.095  37.124980    12.2824     6.2173      5.052    31.9647    24.1801 0.0000e+00
 265.752228      4.796  37.149543    12.2752     6.2348      4.756    31.9945    24.2045 0.0000e+00
 265.752234      4.496  37.164437    12.2696     6.2740      4.458    32.0137    24.2205 0.0000e+00
 265.752240      4.192  37.162137    12.2731     6.2865      4.157    32.0086    24.2159 0.0000e+00
 265.752245      3.883  37.154213    12.2914     6.3134      3.851    31.9855    24.1945 0.0000e+00
 265.752251      3.570  37.164351    12.3199     6.3456      3.540    31.9710    24.1779 0.0000e+00
 265.752257      3.260  37.185409    12.3549     6.3589      3.233    31.9615    24.1639 0.0000e+00
 265.752263      2.958  37.206320    12.4019     6.3858      2.933    31.9415    24.1395 0.0000e+00
 265.752269      2.670  37.249999    12.4602     6.3655      2.648    31.9338    24.1225 0.0000e+00
 265.752274      2.400  37.314251    12.5163     6.3730      2.380    31.9474    24.1224 0.0000e+00
 265.752280      2.148  37.352589    12.5567     6.3673      2.130    31.9497    24.1165 0.0000e+00
 265.752286      1.910  37.359059    12.5823     6.3581      1.894    31.9342    24.0996 0.0000e+00
 265.752292      1.684  37.366467    12.6056     6.3652      1.670    31.9216    24.0853 0.0000e+00
 265.752297      1.477  37.390933    12.6318     6.2946      1.465    31.9227    24.0812 0.0000e+00
 265.752303      1.293  37.419768    12.6506     6.3304      1.282    31.9342    24.0865 0.0000e+00
 265.752309      1.133  37.430977    12.6562     6.3318      1.124    31.9402    24.0900 0.0000e+00
 265.752315      1.001  37.429497    12.6540     6.3439      0.993    31.9407    24.0909 -9.990e-29
 265.752321      0.891  37.426320    12.6470     6.3725      0.884    31.9437    24.0945 -9.990e-29
 265.752326      0.801  37.420084    12.6379     6.3390      0.794    31.9455    24.0976 -9.990e-29
 265.752332      0.725  37.415995    12.6310     6.3453      0.719    31.9475    24.1005 -9.990e-29
 265.752338      0.655  37.417634    12.6297     6.3260      0.650    31.9502    24.1028 -9.990e-29
 265.752344      0.589  37.419414    12.6359     6.3081      0.584    31.9466    24.0989 -9.990e-29
 265.752350      0.529  37.420414    12.6470     6.2938      0.525    31.9382    24.0902 -9.990e-29
 265.752355      0.470  37.427645    12.6610     6.2684      0.466    31.9332    24.0837 -9.990e-29
 265.752361      0.413  37.446339    12.6780     6.2596      0.410    31.9366    24.0831 -9.990e-29
 265.752367      0.363  37.469557    12.6902     6.2186      0.360    31.9483    24.0898 -9.990e-29
 265.752373      0.321  37.480701    12.6920     6.1779      0.318    31.9574    24.0964 -9.990e-29
 265.752378      0.284  37.476215    12.6925     6.1535      0.282    31.9527    24.0927 -9.990e-29
 265.752384      0.250  37.472045    12.7001     7.0679      0.248    31.9423    24.0832 -9.990e-29
 265.752390      0.217  37.478953    12.7112     7.2476      0.215    31.9395    24.0789 -9.990e-29
 265.752396      0.182  37.490531    12.7195     7.1477      0.180    31.9434    24.0804 -9.990e-29
 265.752402      0.144  37.491473    12.7250     6.9320      0.143    31.9397    24.0764 -9.990e-29
 265.752407      0.099  37.474143    12.7288     6.6985      0.098    31.9201    24.0605 -9.990e-29
 265.752413      0.050  37.436241    12.7339     6.5223      0.050    31.8799    24.0284 -9.990e-29
 265.752419      0.001  37.348033    12.7418     6.4877      0.001    31.7897    23.9570 -9.990e-29
 265.752425     -0.045  37.107112    12.7512     6.4754     -0.045    31.5538    23.7726 -9.990e-29
 265.752431     -0.088  36.416415    12.7616     6.4676     -0.087    30.8931    23.2592 -9.990e-29
 265.752436     -0.126  34.385345    12.7734     6.5041     -0.125    28.9778    21.7753 -9.990e-29
 265.752442     -0.161  28.328293    12.7863     6.5354     -0.160    23.3868    17.4541 -9.990e-29
 265.752448     -0.192  18.567335    12.7988     6.5421     -0.190    14.7233    10.7735 -9.990e-29
 265.752454     -0.216  10.790387    12.8125     6.5639     -0.214     8.1732     5.7251 -9.990e-29
 265.752459     -0.235   7.296819    12.8308     6.5506     -0.233     5.3633     3.5552 -9.990e-29
 265.752465     -0.249   6.142084    12.8548     6.5371     -0.247     4.4568     2.8520 -9.990e-29
 265.752471     -0.260   5.940453    12.8827     6.5601     -0.258     4.2973     2.7250 -9.990e-29
 265.752477     -0.269   5.854907    12.9098     6.5738     -0.267     4.2282     2.6680 -9.990e-29
 265.752483     -0.276   5.570284    12.9338     6.5401     -0.274     4.0064     2.4934 -9.990e-29
 265.752488     -0.281   5.339140    12.9535     6.5819     -0.279     3.8271     2.3522 -9.990e-29
 265.752494     -0.285   5.204892    12.9672     6.5855     -0.283     3.7231     2.2700 -9.990e-29
 265.752500     -0.289   4.967979    12.9776     6.5890     -0.287     3.5417     2.1284 -9.990e-29
 265.752506     -0.291   4.780561    12.9882     6.6162     -0.289     3.3984     2.0162 -9.990e-29
 265.752512     -0.293   4.745872    12.9992 -9.990e-29     -0.291     3.3712     1.9937 -9.990e-29
 265.752517     -0.295   4.793243    13.0107 -9.990e-29     -0.293     3.4060     2.0191 -9.990e-29
 265.752523     -0.296   4.928109    13.0250 -9.990e-29     -0.294     3.5070     2.0952 -9.990e-29
 265.752529     -0.297   4.999416    13.0443 -9.990e-29     -0.295     3.5594     2.1330 -9.990e-29
 265.752535     -0.297   4.846870    13.0710 -9.990e-29     -0.295     3.4413     2.0381 -9.990e-29
 265.752541     -0.298   4.577980    13.1064 -9.990e-29     -0.296     3.2352     1.8741 -9.990e-29
 265.752546     -0.298   4.359376    13.1453 -9.990e-29     -0.296     3.0678     1.7394 -9.990e-29
 265.752552     -0.299   4.238544    13.1779 -9.990e-29     -0.297     2.9749     1.6632 -9.990e-29
 265.752558     -0.299   4.169832    13.1914 -9.990e-29     -0.297     2.9226     1.6209 -9.990e-29
 265.752564     -0.299   4.089745 -9.990e-29 -9.990e-29     -0.297 -9.990e-29 -9.990e-29 -9.990e-29
