data/oxygen options/ONMS/Olympic_Coast_National_Marine_Sanctuary_CTD_Data_2005_2023/raw_data/2022/CAST_CA015_220718faed.cnv
* Sea-Bird SBE 19 Data File:
* FileName = C:\2022 Mooring Data\Casts\CAST_CA015_220718.hex
* Software Version SeatermAF 2.1.2
* Temperature SN = 2997
* Conductivity SN = 2997
* System UpLoad Time = Jul 18 2022 22:55:06 (localtime) = Jul 18 2022 22:55:06 (UTC)
** CAST_CA015_220718
* ds
# nquan = 9                                 
# nvalues = 969                         
# units = specified
# name 0 = timeJ: Julian Days
# name 1 = prSM: Pressure, Strain Gauge [db]
# name 2 = c0mS/cm: Conductivity [mS/cm]
# name 3 = t090C: Temperature [ITS-90, deg C]
# name 4 = sbeox0ML/L: Oxygen, SBE 43 [ml/l]
# name 5 = depSM: Depth [salt water, m], lat = 47.5
# name 6 = sal00: Salinity, Practical [PSU]
# name 7 = sigma-é00: Density [sigma-theta, kg/m^3]
# name 8 = flag: flag
# span 0 = 199.921169, 199.926771       
# span 1 =     -5.851,     11.473       
# span 2 =   0.268344,  38.549416       
# span 3 =     9.3841,    16.9118       
# span 4 =    -1.8774,    16.5516       
# span 5 =     -5.802,     11.377       
# span 6 =     0.1539,    32.8842       
# span 7 =    -1.0892,    25.3945       
# span 8 = 0.0000e+00, 0.0000e+00       
# interval = seconds: 0.5
# start_time = Jul 18 2022 22:06:29 [Instrument's time stamp, header]
# bad_flag = -9.990e-29
*END*
[from data line 321]
 199.923027     -1.243   0.269495    16.7202    -1.8240     -1.233     0.1546    -1.0563 -9.990e-29
 199.923032     -1.227   0.269494    16.7207    -1.8241     -1.217     0.1546    -1.0564 -9.990e-29
 199.923038     -1.211   0.269494    16.7217    -1.8244     -1.201     0.1546    -1.0565 -9.990e-29
 199.923044     -1.196   0.269494    16.7233    -1.8246     -1.186     0.1545    -1.0568 -9.990e-29
 199.923050     -1.187   0.269494    16.7237    -1.8242     -1.177     0.1545    -1.0569 -9.990e-29
 199.923056     -1.183   0.269494    16.7215    -1.8240     -1.173     0.1546    -1.0565 -9.990e-29
 199.923061     -1.180   0.269494    16.7190    -1.8238     -1.170     0.1546    -1.0561 -9.990e-29
 199.923067     -1.172   0.269494    16.7193    -1.8237     -1.162     0.1546    -1.0561 -9.990e-29
 199.923073     -1.164   0.269493    16.7221    -1.8235     -1.154     0.1546    -1.0566 -9.990e-29
 199.923079     -1.160   0.269493    16.7244    -1.8234     -1.150     0.1545    -1.0570 -9.990e-29
 199.923084     -1.160   0.269493    16.7237    -1.8229     -1.150     0.1545    -1.0569 -9.990e-29
 199.923090     -1.158   0.269493    16.7210    -1.8226     -1.148     0.1546    -1.0564 -9.990e-29
 199.923096     -1.151   0.269493    16.7204    -1.8221     -1.141     0.1546    -1.0563 -9.990e-29
 199.923102     -1.142   0.269493    16.7241    -1.8222     -1.132     0.1545    -1.0570 -9.990e-29
 199.923108     -1.136   0.269492    16.7297    -1.8221     -1.127     0.1545    -1.0579 -9.990e-29
 199.923113     -1.131   0.269492    16.7348    -1.8221     -1.122     0.1545    -1.0588 -9.990e-29
 199.923119     -1.128   0.269492    16.7395    -1.8220     -1.119     0.1545    -1.0596 -9.990e-29
 199.923125     -1.126   0.269493    16.7446    -1.8220     -1.117     0.1545    -1.0605 -9.990e-29
 199.923131     -1.125   0.269494    16.7511    -1.8217     -1.116     0.1545    -1.0617 -9.990e-29
 199.923137     -1.125   0.269499    16.7594    -1.8216     -1.116     0.1544    -1.0631 -9.990e-29
 199.923142     -1.126   0.269512    16.7684    -1.8215     -1.117     0.1544    -1.0647 -9.990e-29
 199.923148     -1.128   0.269553    16.7753    -1.8210     -1.119     0.1544    -1.0658 -9.990e-29
 199.923154     -1.132   0.269675    16.7787    -1.8206     -1.123     0.1545    -1.0664 -9.990e-29
 199.923160     -1.137   0.270044    16.7801    -1.8204     -1.128     0.1547    -1.0665 -9.990e-29
 199.923166     -1.140   0.270598    16.7819    -1.8204     -1.130     0.1550    -1.0665 -9.990e-29
 199.923171     -1.136   0.270967    16.7844    -1.8205     -1.127     0.1552    -1.0668 -9.990e-29
 199.923177     -1.130   0.271090    16.7876    -1.8206     -1.121     0.1552    -1.0673 -9.990e-29
 199.923183     -1.125   0.271133    16.7918    -1.8210     -1.116     0.1553    -1.0680 -9.990e-29
 199.923189     -1.121   0.271151    16.7965    -1.8216     -1.112     0.1552    -1.0688 -9.990e-29
 199.923194     -1.118   0.271169    16.8024    -1.8215     -1.109     0.1552    -1.0698 -9.990e-29
 199.923200     -1.116   0.271211    16.8107    -1.8214     -1.107     0.1552    -1.0713 -9.990e-29
 199.923206     -1.114   0.271335    16.8189    -1.8215     -1.105     0.1553    -1.0727 -9.990e-29
 199.923212     -1.112   0.271704    16.8239    -1.8212     -1.103     0.1555    -1.0734 -9.990e-29
 199.923218     -1.111   0.272257    16.8253    -1.8211     -1.102     0.1558    -1.0734 -9.990e-29
 199.923223     -1.110   0.272626    16.8240    -1.8209     -1.101     0.1560    -1.0730 -9.990e-29
 199.923229     -1.109   0.272749    16.8195    -1.8207     -1.100     0.1561    -1.0721 -9.990e-29
 199.923235     -1.108   0.272790    16.8117    -1.8207     -1.099     0.1561    -1.0708 -9.990e-29
 199.923241     -1.107   0.272805    16.8042    -1.8208     -1.098     0.1562    -1.0694 -9.990e-29
 199.923247     -1.106   0.272814    16.8012    -1.8213     -1.097     0.1562    -1.0689 -9.990e-29
 199.923252     -1.105   0.272829    16.8013    -1.8211     -1.096     0.1562    -1.0689 -9.990e-29
 199.923258     -1.103   0.272871    16.8026    -1.8208     -1.094     0.1562    -1.0691 -9.990e-29
 199.923264     -1.102   0.272994    16.8057    -1.8208     -1.093     0.1563    -1.0696 -9.990e-29
 199.923270     -1.100   0.273363    16.8099    -1.8207     -1.091     0.1565    -1.0702 -9.990e-29
 199.923275     -1.097   0.273916    16.8139    -1.8207     -1.088     0.1568    -1.0706 -9.990e-29
 199.923281     -1.094   0.274285    16.8165    -1.8208     -1.085     0.1570    -1.0709 -9.990e-29
 199.923287     -1.090   0.274408    16.8166    -1.8208     -1.081     0.1571    -1.0709 -9.990e-29
 199.923293     -1.085   0.274448    16.8140    -1.8204     -1.076     0.1571    -1.0704 -9.990e-29
 199.923299     -1.078   0.274462    16.8112    -1.8198     -1.069     0.1571    -1.0699 -9.990e-29
 199.923304     -1.069   0.274466    16.8119    -1.8194     -1.060     0.1571    -1.0700 -9.990e-29
 199.923310     -1.062   0.274468    16.8150    -1.8188     -1.053     0.1571    -1.0706 -9.990e-29
 199.923316     -1.061   0.274469    16.8175    -1.8187     -1.052     0.1571    -1.0710 -9.990e-29
 199.923322     -1.061   0.274470    16.8191    -1.8186     -1.052     0.1571    -1.0713 -9.990e-29
 199.923328     -1.058   0.274474    16.8200    -1.8185     -1.049     0.1571    -1.0715 -9.990e-29
 199.923333     -1.052   0.274487    16.8211    -1.8183     -1.043     0.1571    -1.0716 -9.990e-29
 199.923339     -1.043   0.274528    16.8248    -1.8181     -1.034     0.1571    -1.0723 -9.990e-29
 199.923345     -1.033   0.274650    16.8328    -1.8187     -1.024     0.1571    -1.0736 -9.990e-29
 199.923351     -1.032   0.275019    16.8440    -1.8195     -1.023     0.1573    -1.0754 -9.990e-29
 199.923356     -1.038   0.275572    16.8560    -1.8197     -1.029     0.1576    -1.0773 -9.990e-29
 199.923362     -1.045   0.275941    16.8664    -1.8196     -1.036     0.1578    -1.0789 -9.990e-29
 199.923368     -1.048   0.276064    16.8732    -1.8192     -1.039     0.1578    -1.0801 -9.990e-29
 199.923374     -1.051   0.276106    16.8772    -1.8191     -1.042     0.1578    -1.0807 -9.990e-29
 199.923380     -1.058   0.276124    16.8803    -1.8190     -1.049     0.1578    -1.0813 -9.990e-29
 199.923385     -1.067   0.276142    16.8824    -1.8191     -1.058     0.1578    -1.0816 -9.990e-29
 199.923391     -1.074   0.276184    16.8804    -1.8190     -1.065     0.1579    -1.0813 -9.990e-29
 199.923397     -1.078   0.276307    16.8711    -1.8188     -1.069     0.1580    -1.0796 -9.990e-29
 199.923403     -1.080   0.276676    16.8596    -1.8188     -1.071     0.1582    -1.0774 -9.990e-29
 199.923409     -1.076   0.277230    16.8538    -1.8195     -1.067     0.1586    -1.0761 -9.990e-29
 199.923414     -1.062   0.277599    16.8550    -1.8202     -1.053     0.1588    -1.0762 -9.990e-29
 199.923420     -1.045   0.277724    16.8592    -1.8205     -1.036     0.1588    -1.0769 -9.990e-29
 199.923426     -1.037   0.277769    16.8625    -1.8206     -1.028     0.1588    -1.0774 -9.990e-29
 199.923432     -1.036   0.277797    16.8641    -1.8208     -1.027     0.1588    -1.0777 -9.990e-29
 199.923438     -1.036   0.277843    16.8650    -1.8214     -1.027     0.1589    -1.0778 -9.990e-29
 199.923443     -1.031   0.277972    16.8662    -1.8217     -1.022     0.1589    -1.0780 -9.990e-29
 199.923449     -1.021   0.278355    16.8669    -1.8215     -1.012     0.1592    -1.0779 -9.990e-29
 199.923455     -1.006   0.278951    16.8628    -1.8213     -0.998     0.1595    -1.0770 -9.990e-29
 199.923461     -0.989   0.279448    16.8519    -1.8211     -0.981     0.1598    -1.0748 -9.990e-29
 199.923466     -0.977   0.279953    16.8390    -1.8208     -0.969     0.1602    -1.0723 -9.990e-29
 199.923472     -0.969   0.280589    16.8291    -1.8205     -0.961     0.1606    -1.0703 -9.990e-29
 199.923478     -0.961   0.281096    16.8214    -1.8202     -0.953     0.1609    -1.0687 -9.990e-29
 199.923484     -0.957   0.281597    16.8129    -1.8201     -0.949     0.1612    -1.0670 -9.990e-29
 199.923490     -0.956   0.282207    16.8040    -1.8197     -0.948     0.1616    -1.0652 -9.990e-29
 199.923495     -0.949   0.282632    16.7990    -1.8194     -0.941     0.1619    -1.0641 -9.990e-29
 199.923501     -0.937   0.282887    16.8001    -1.8196     -0.929     0.1620    -1.0642 -9.990e-29
 199.923507     -0.927   0.283313    16.8045    -1.8199     -0.919     0.1622    -1.0648 -9.990e-29
 199.923513     -0.922   0.283922    16.8101    -1.8207     -0.914     0.1626    -1.0655 -9.990e-29
 199.923519     -0.919   0.284420    16.8169    -1.8210     -0.911     0.1628    -1.0665 -9.990e-29
 199.923524     -0.912   0.284918    16.8246    -1.8208     -0.904     0.1631    -1.0676 -9.990e-29
 199.923530     -0.905   0.285528    16.8317    -1.8208     -0.897     0.1634    -1.0686 -9.990e-29
 199.923536     -0.902   0.285956    16.8378    -1.8209     -0.894     0.1636    -1.0695 -9.990e-29
 199.923542     -0.904   0.286220    16.8435    -1.8213     -0.896     0.1638    -1.0703 -9.990e-29
 199.923547     -0.906   0.286674    16.8466    -1.8218     -0.898     0.1640    -1.0707 -9.990e-29
 199.923553     -0.903   0.287369    16.8440    -1.8231     -0.895     0.1644    -1.0699 -9.990e-29
 199.923559     -0.900   0.288126    16.8353    -1.8250     -0.892     0.1649    -1.0680 -9.990e-29
 199.923565     -0.901   0.288846    16.8242    -1.8269     -0.893     0.1654    -1.0658 -9.990e-29
 199.923571     -0.902   0.289384    16.8172    -1.8284     -0.894     0.1657    -1.0643 -9.990e-29
 199.923576     -0.898   0.289904    16.8148    -1.8298     -0.891     0.1660    -1.0637 -9.990e-29
 199.923582     -0.894   0.290546    16.8124    -1.8312     -0.887     0.1664    -1.0630 -9.990e-29
 199.923588     -0.893   0.291058    16.8063    -1.8326     -0.886     0.1667    -1.0617 -9.990e-29
 199.923594     -0.896   0.291570    16.7940    -1.8334     -0.889     0.1671    -1.0593 -9.990e-29
 199.923600     -0.902   0.292212    16.7729    -1.8349     -0.894     0.1675    -1.0553 -9.990e-29
 199.923605     -0.913   0.292733    16.7397    -1.8361     -0.905     0.1679    -1.0493 -9.990e-29
 199.923611     -0.928   0.293276    16.6966    -1.8368     -0.920     0.1684    -1.0415 -9.990e-29
 199.923617     -0.945   0.294011    16.6508    -1.8374     -0.937     0.1690    -1.0333 -9.990e-29
 199.923623     -0.960   0.294810    16.6079    -1.8384     -0.952     0.1696    -1.0255 -9.990e-29
 199.923628     -0.965   0.295633    16.5689    -1.8387     -0.957     0.1703    -1.0184 -9.990e-29
 199.923634     -0.953   0.296470    16.5319    -1.8388     -0.945     0.1709    -1.0117 -9.990e-29
 199.923640     -0.936   0.297331    16.4970    -1.8396     -0.928     0.1715    -1.0053 -9.990e-29
 199.923646     -0.925   0.298257    16.4648    -1.8408     -0.917     0.1722    -0.9993 -9.990e-29
 199.923652     -0.915   0.299378    16.4332    -1.8414     -0.907     0.1730    -0.9934 -9.990e-29
 199.923657     -0.901   0.300526    16.4041    -1.8419     -0.893     0.1738    -0.9879 -9.990e-29
 199.923663     -0.887   0.301573    16.3802    -1.8431     -0.880     0.1745    -0.9834 -9.990e-29
 199.923669     -0.876   0.302808    16.3596    -1.8446     -0.869     0.1753    -0.9793 -9.990e-29
 199.923675     -0.868   0.304217    16.3413    -1.8460     -0.861     0.1762    -0.9756 -9.990e-29
 199.923681     -0.861   0.305465    16.3272    -1.8469     -0.854     0.1770    -0.9726 -9.990e-29
 199.923686     -0.856   0.306558    16.3136    -1.8477     -0.849     0.1777    -0.9698 -9.990e-29
 199.923692     -0.852   0.307844    16.2948    -1.8485     -0.845     0.1785    -0.9660 -9.990e-29
 199.923698     -0.849   0.309380    16.2725    -1.8488     -0.842     0.1795    -0.9616 -9.990e-29
 199.923704     -0.846   0.310999    16.2511    -1.8492     -0.839     0.1806    -0.9572 -9.990e-29
 199.923709     -0.844   0.312646    16.2283    -1.8487     -0.837     0.1816    -0.9526 -9.990e-29
 199.923715     -0.843   0.314302    16.1997    -1.8481     -0.836     0.1827    -0.9470 -9.990e-29
 199.923721     -0.841   0.315962    16.1666    -1.8483     -0.834     0.1838    -0.9407 -9.990e-29
 199.923727     -0.840   0.317626    16.1348    -1.8486     -0.833     0.1850    -0.9346 -9.990e-29
 199.923733     -0.839   0.319300    16.1079    -1.8489     -0.832     0.1861    -0.9293 -9.990e-29
 199.923738     -0.839   0.321002    16.0854    -1.8493     -0.832     0.1872    -0.9248 -9.990e-29
 199.923744     -0.838   0.322788    16.0677    -1.8496     -0.831     0.1883    -0.9210 -9.990e-29
 199.923750     -0.837   0.324824    16.0563    -1.8496     -0.830     0.1896    -0.9182 -9.990e-29
 199.923756     -0.836   0.327058    16.0521    -1.8492     -0.829     0.1909    -0.9165 -9.990e-29
 199.923762     -0.835   0.329149    16.0552    -1.8487     -0.828     0.1921    -0.9160 -9.990e-29
 199.923767     -0.834   0.331116    16.0596    -1.8490     -0.827     0.1933    -0.9159 -9.990e-29
 199.923773     -0.832   0.333370    16.0588    -1.8491     -0.825     0.1946    -0.9147 -9.990e-29
 199.923779     -0.830   0.336149    16.0530    -1.8497     -0.823     0.1963    -0.9124 -9.990e-29
 199.923785     -0.828   0.339284    16.0451    -1.8519     -0.821     0.1982    -0.9097 -9.990e-29
 199.923791     -0.825   0.342527    16.0370    -1.8529     -0.818     0.2002    -0.9068 -9.990e-29
 199.923796     -0.821   0.345773    16.0318    -1.8525     -0.814     0.2021    -0.9045 -9.990e-29
 199.923802     -0.817   0.348922    16.0320    -1.8524     -0.810     0.2040    -0.9031 -9.990e-29
 199.923808     -0.810   0.351746    16.0364    -1.8530     -0.803     0.2057    -0.9025 -9.990e-29
 199.923814     -0.807   0.354137    16.0394    -1.8528     -0.800     0.2071    -0.9019 -9.990e-29
 199.923819     -0.810   0.356515    16.0362    -1.8523     -0.803     0.2085    -0.9003 -9.990e-29
 199.923825     -0.815   0.359282    16.0256    -1.8518     -0.808     0.2102    -0.8972 -9.990e-29
 199.923831     -0.819   0.362254    16.0044    -1.8515     -0.812     0.2121    -0.8923 -9.990e-29
 199.923837     -0.822   0.364966    15.9757    -1.8514     -0.815     0.2138    -0.8863 -9.990e-29
 199.923843     -0.823   0.367160    15.9545    -1.8509     -0.816     0.2153    -0.8817 -9.990e-29
 199.923848     -0.824   0.368992    15.9465    -1.8507     -0.817     0.2164    -0.8796 -9.990e-29
 199.923854     -0.824   0.370693    15.9429    -1.8516     -0.817     0.2174    -0.8782 -9.990e-29
 199.923860     -0.823   0.372318    15.9401    -1.8521     -0.816     0.2184    -0.8770 -9.990e-29
 199.923866     -0.821   0.373819    15.9427    -1.8517     -0.814     0.2193    -0.8767 -9.990e-29
 199.923872     -0.818   0.374985    15.9508    -1.8512     -0.811     0.2200    -0.8775 -9.990e-29
 199.923877     -0.814   0.375709    15.9602    -1.8507     -0.807     0.2203    -0.8787 -9.990e-29
 199.923883     -0.808   0.376404    15.9683    -1.8501     -0.801     0.2207    -0.8798 -9.990e-29
 199.923889     -0.800   0.377442    15.9753    -1.8495     -0.793     0.2213    -0.8804 -9.990e-29
 199.923895     -0.795   0.378547    15.9804    -1.8492     -0.788     0.2219    -0.8808 -9.990e-29
 199.923900     -0.795   0.379533    15.9792    -1.8491     -0.788     0.2225    -0.8801 -9.990e-29
 199.923906     -0.796   0.380608    15.9715    -1.8492     -0.789     0.2232    -0.8783 -9.990e-29
 199.923912     -0.795   0.381545    15.9665    -1.8490     -0.788     0.2238    -0.8771 -9.990e-29
 199.923918     -0.791   0.381932    15.9705    -1.8486     -0.784     0.2240    -0.8776 -9.990e-29
 199.923924     -0.784   0.381733    15.9811    -1.8483     -0.777     0.2238    -0.8794 -9.990e-29
 199.923929     -0.774   0.381235    15.9943    -1.8481     -0.768     0.2235    -0.8819 -9.990e-29
 199.923935     -0.764   0.380885    16.0077    -1.8478     -0.758     0.2232    -0.8843 -9.990e-29
 199.923941     -0.763   0.380769    16.0195    -1.8472     -0.757     0.2231    -0.8863 -9.990e-29
