data/oxygen options/ONMS/Olympic_Coast_National_Marine_Sanctuary_CTD_Data_2005_2023/raw_data/2022/CAST_CA042_220718faedb.cnv
* Sea-Bird SBE 19 Data File:
* FileName = C:\2022 Mooring Data\Casts\CAST_CA042_220718.hex
* Software Version SeatermAF 2.1.2
* Temperature SN = 2997
* Conductivity SN = 2997
* System UpLoad Time = Jul 18 2022 23:17:37 (localtime) = Jul 18 2022 23:17:37 (UTC)
** CAST_CA042_220718
* ds
# nquan = 9
# nvalues = 44                          
# units = specified
# name 0 = timeJ: Julian Days
# name 1 = prSM: Pressure, Strain Gauge [db]
# name 2 = c0mS/cm: Conductivity [mS/cm]
# name 3 = t090C: Temperature [ITS-90, deg C]
# name 4 = sbeox0ML/L: Oxygen, SBE 43 [ml/l]
# name 5 = depSM: Depth [salt water, m], lat = 47.5
# name 6 = sal00: Salinity, Practical [PSU]
# name 7 = sigma-é00: Density [sigma-theta, kg/m^3]
# name 8 = flag: flag
# span 0 = 199.965664, 199.966721       
# span 1 =      1.000,     44.000       
# span 2 =  34.395842,  37.885295       
# span 3 =     7.5832,    14.0628       
# span 4 =     2.3909,     9.3721       
# span 5 =      0.991,     43.628       
# span 6 =    31.1981,    33.4327       
# span 7 =    23.2386,    26.1038       
# span 8 = 0.0000e+00, 0.0000e+00       
# interval = decibars: 1                
# start_time = Jul 18 2022 23:04:05 [Instrument's time stamp, header]
# bad_flag = -9.990e-29
*END*
 199.965664      1.000  37.885295    14.0628     9.3721      0.991    31.1981    23.2386 0.0000e+00
 199.965694      2.000  37.644094    13.5866     8.0947      1.983    31.3642    23.4623 0.0000e+00
 199.965718      3.000  37.178282    12.8450     7.4811      2.975    31.5417    23.7449 0.0000e+00
 199.965741      4.000  36.950132    12.4184     6.3131      3.967    31.6829    23.9358 0.0000e+00
 199.965765      5.000  36.435733    11.5596     5.1020      4.958    31.9192    24.2774 0.0000e+00
 199.965788      6.000  35.856523    10.7399     4.3867      5.950    32.0613    24.5329 0.0000e+00
 199.965810      7.000  35.473160    10.0933     3.9815      6.941    32.2484    24.7886 0.0000e+00
 199.965833      8.000  35.171042     9.7185     3.9670      7.933    32.2766    24.8724 0.0000e+00
 199.965855      9.000  35.105750     9.5509     3.7059      8.925    32.3603    24.9648 0.0000e+00
 199.965877     10.000  34.963592     9.3769     3.4955      9.916    32.3712    25.0011 0.0000e+00
 199.965899     11.000  34.847646     9.1291     3.4107     10.908    32.4762    25.1224 0.0000e+00
 199.965920     12.000  34.758905     8.9462     3.4225     11.900    32.5508    25.2093 0.0000e+00
 199.965944     13.000  34.748931     8.9248     3.4003     12.891    32.5596    25.2195 0.0000e+00
 199.965966     14.000  34.710689     8.8678     3.2899     13.883    32.5717    25.2378 0.0000e+00
 199.965988     15.000  34.621518     8.7212     3.2296     14.874    32.6130    25.2926 0.0000e+00
 199.966011     16.000  34.603601     8.6491     3.2454     15.866    32.6603    25.3406 0.0000e+00
 199.966036     17.000  34.629747     8.6898     3.2324     16.857    32.6497    25.3261 0.0000e+00
 199.966058     18.000  34.610258     8.6379     3.1766     17.849    32.6766    25.3552 0.0000e+00
 199.966079     19.000  34.578255     8.5977     3.1837     18.840    32.6799    25.3638 0.0000e+00
 199.966103     20.000  34.585401     8.5995     3.1777     19.832    32.6852    25.3677 0.0000e+00
 199.966128     21.000  34.575662     8.5800     3.1603     20.824    32.6926    25.3765 0.0000e+00
 199.966150     22.000  34.564568     8.5657     3.1531     21.816    32.6937    25.3795 0.0000e+00
 199.966175     23.000  34.579695     8.5834     3.1261     22.807    32.6928    25.3762 0.0000e+00
 199.966196     24.000  34.571757     8.5639     3.1033     23.798    32.7020    25.3864 0.0000e+00
 199.966219     25.000  34.580500     8.5580     3.1661     24.790    32.7163    25.3984 0.0000e+00
 199.966240     26.000  34.613536     8.5256     3.1673     25.781    32.7805    25.4537 0.0000e+00
 199.966265     27.000  34.623548     8.5318     3.3606     26.773    32.7849    25.4562 0.0000e+00
 199.966288     28.000  34.688604     8.5477     3.4106     27.764    32.8381    25.4955 0.0000e+00
 199.966311     29.000  34.719654     8.5481     3.4315     28.756    32.8698    25.5203 0.0000e+00
 199.966334     30.000  34.743361     8.5577     3.4603     29.747    32.8854    25.5311 0.0000e+00
 199.966358     31.000  34.761103     8.5740     3.5480     30.739    32.8884    25.5309 0.0000e+00
 199.966380     32.000  34.799428     8.5969     3.5693     31.731    32.9069    25.5420 0.0000e+00
 199.966403     33.000  34.817149     8.6027     3.5601     32.722    32.9196    25.5511 0.0000e+00
 199.966429     34.000  34.816740     8.5969     3.5384     33.713    32.9241    25.5555 0.0000e+00
 199.966455     35.000  34.818484     8.5876     3.5708     34.705    32.9342    25.5648 0.0000e+00
 199.966480     36.000  34.835315     8.5837     3.4948     35.697    32.9551    25.5818 0.0000e+00
 199.966507     37.000  34.828489     8.4990     3.0601     36.688    33.0266    25.6507 0.0000e+00
 199.966531     38.000  34.680596     8.2013     2.6524     37.679    33.1497    25.7918 0.0000e+00
 199.966553     39.000  34.542144     7.9236     2.3909     38.671    33.2651    25.9231 0.0000e+00
 199.966578     40.000  34.413509     7.6352     2.4067     39.662    33.4022    26.0724 0.0000e+00
 199.966602     41.000  34.395842     7.5832     2.4197     40.654    33.4327    26.1038 0.0000e+00
 199.966624     42.000  34.396943     7.5900     2.4556     41.645    33.4268    26.0982 0.0000e+00
 199.966650     43.000  34.400583     7.5947     2.4562     42.637    33.4257    26.0967 0.0000e+00
 199.966721     44.000  34.407653     7.6054     2.4670     43.628    33.4227    26.0928 0.0000e+00
