data/oxygen options/ONMS/Olympic_Coast_National_Marine_Sanctuary_CTD_Data_2005_2023/raw_data/2022/CAST_MB042_220922faed.cnv
* Sea-Bird SBE 19 Data File:
* FileName = C:\2022 Mooring Data\Casts\CAST_MB042_220922.hex
* Software Version SeatermAF 2.1.2
* Temperature SN = 2997
* Conductivity SN = 2997
* System UpLoad Time = Sep 22 2022 18:32:39 (localtime) = Sep 22 2022 18:32:39 (UTC)
** CAST_MB042_220922
* ds
# nquan = 9                                 
# nvalues = 1088                        
# units = specified
# name 0 = timeJ: Julian Days
# name 1 = prSM: Pressure, Strain Gauge [db]
# name 2 = c0mS/cm: Conductivity [mS/cm]
# name 3 = t090C: Temperature [ITS-90, deg C]
# name 4 = sbeox0ML/L: Oxygen, SBE 43 [ml/l]
# name 5 = depSM: Depth [salt water, m], lat = 47.5
# name 6 = sal00: Salinity, Practical [PSU]
# name 7 = sigma-é00: Density [sigma-theta, kg/m^3]
# name 8 = flag: flag
# span 0 = 265.746273, 265.752564       
# span 1 =     -6.179,     39.278       
# span 2 =   0.330424,  38.568750       
# span 3 =     8.0153,    18.0327       
# span 4 =    -1.7953,    13.7525       
# span 5 =     -6.128,     38.946       
# span 6 =     0.1844,    33.3346       
# span 7 =    -1.2674,    25.9642       
# span 8 = 0.0000e+00, 0.0000e+00       
# interval = seconds: 0.5
# start_time = Sep 22 2022 17:54:38 [Instrument's time stamp, header]
# bad_flag = -9.990e-29
*END*
[from data line 161]
 265.747205     -2.771   0.330817    17.6182    -1.7908     -2.748     0.1863    -1.1899 -9.990e-29
 265.747211     -2.759   0.330590    17.6052    -1.7905     -2.736     0.1863    -1.1876 -9.990e-29
 265.747216     -2.749   0.330587    17.6005    -1.7900     -2.726     0.1863    -1.1868 -9.990e-29
 265.747222     -2.741   0.330806    17.5994    -1.7897     -2.718     0.1864    -1.1865 -9.990e-29
 265.747228     -2.735   0.330982    17.6003    -1.7892     -2.712     0.1865    -1.1866 -9.990e-29
 265.747234     -2.729   0.330797    17.6036    -1.7886     -2.706     0.1864    -1.1872 -9.990e-29
 265.747240     -2.723   0.330560    17.6104    -1.7881     -2.700     0.1862    -1.1886 -9.990e-29
 265.747245     -2.717   0.330505    17.6199    -1.7875     -2.694     0.1862    -1.1904 -9.990e-29
 265.747251     -2.711   0.330559    17.6297    -1.7871     -2.688     0.1861    -1.1922 -9.990e-29
 265.747257     -2.705   0.330796    17.6390    -1.7870     -2.682     0.1862    -1.1938 -9.990e-29
 265.747263     -2.697   0.330978    17.6494    -1.7877     -2.675     0.1863    -1.1956 -9.990e-29
 265.747269     -2.688   0.330792    17.6608    -1.7884     -2.666     0.1862    -1.1978 -9.990e-29
 265.747274     -2.676   0.330546    17.6728    -1.7894     -2.654     0.1860    -1.2001 -9.990e-29
 265.747280     -2.661   0.330464    17.6864    -1.7906     -2.639     0.1859    -1.2027 -9.990e-29
 265.747286     -2.643   0.330437    17.7013    -1.7917     -2.621     0.1858    -1.2055 -9.990e-29
 265.747292     -2.619   0.330428    17.7160    -1.7923     -2.597     0.1857    -1.2082 -9.990e-29
 265.747297     -2.593   0.330425    17.7288    -1.7923     -2.571     0.1857    -1.2106 -9.990e-29
 265.747303     -2.571   0.330424    17.7363    -1.7920     -2.550     0.1856    -1.2119 -9.990e-29
 265.747309     -2.557   0.330424    17.7345    -1.7916     -2.536     0.1856    -1.2116 -9.990e-29
 265.747315     -2.546   0.330424    17.7226    -1.7912     -2.525     0.1857    -1.2094 -9.990e-29
 265.747321     -2.527   0.330425    17.7029    -1.7907     -2.506     0.1858    -1.2057 -9.990e-29
 265.747326     -2.505   0.330425    17.6773    -1.7906     -2.484     0.1859    -1.2010 -9.990e-29
 265.747332     -2.490   0.330425    17.6494    -1.7908     -2.469     0.1860    -1.1959 -9.990e-29
 265.747338     -2.481   0.330425    17.6253    -1.7911     -2.460     0.1861    -1.1914 -9.990e-29
 265.747344     -2.474   0.330425    17.6104    -1.7915     -2.453     0.1862    -1.1887 -9.990e-29
 265.747350     -2.469   0.330426    17.6061    -1.7916     -2.448     0.1862    -1.1879 -9.990e-29
 265.747355     -2.465   0.330426    17.6101    -1.7916     -2.444     0.1862    -1.1886 -9.990e-29
 265.747361     -2.461   0.330426    17.6186    -1.7915     -2.440     0.1861    -1.1902 -9.990e-29
 265.747367     -2.457   0.330426    17.6285    -1.7916     -2.437     0.1861    -1.1920 -9.990e-29
 265.747373     -2.454   0.330426    17.6368    -1.7921     -2.434     0.1860    -1.1935 -9.990e-29
 265.747378     -2.451   0.330427    17.6400    -1.7928     -2.431     0.1860    -1.1941 -9.990e-29
 265.747384     -2.447   0.330427    17.6372    -1.7933     -2.427     0.1860    -1.1936 -9.990e-29
 265.747390     -2.443   0.330427    17.6307    -1.7935     -2.423     0.1861    -1.1924 -9.990e-29
 265.747396     -2.439   0.330427    17.6243    -1.7938     -2.419     0.1861    -1.1912 -9.990e-29
 265.747402     -2.433   0.330427    17.6204    -1.7941     -2.413     0.1861    -1.1905 -9.990e-29
 265.747407     -2.426   0.330427    17.6189    -1.7945     -2.406     0.1861    -1.1902 -9.990e-29
 265.747413     -2.418   0.330428    17.6171    -1.7949     -2.398     0.1861    -1.1899 -9.990e-29
 265.747419     -2.411   0.330428    17.6111    -1.7952     -2.391     0.1862    -1.1888 -9.990e-29
 265.747425     -2.410   0.330428    17.5996    -1.7953     -2.390     0.1862    -1.1867 -9.990e-29
 265.747431     -2.411   0.330428    17.5853    -1.7951     -2.391     0.1863    -1.1840 -9.990e-29
 265.747436     -2.408   0.330428    17.5727    -1.7947     -2.388     0.1863    -1.1817 -9.990e-29
 265.747442     -2.403   0.330429    17.5630    -1.7941     -2.383     0.1864    -1.1799 -9.990e-29
 265.747448     -2.395   0.330429    17.5543    -1.7935     -2.375     0.1864    -1.1783 -9.990e-29
 265.747454     -2.387   0.330429    17.5450    -1.7929     -2.367     0.1864    -1.1766 -9.990e-29
 265.747459     -2.383   0.330429    17.5353    -1.7923     -2.363     0.1865    -1.1749 -9.990e-29
 265.747465     -2.380   0.330429    17.5267    -1.7923     -2.360     0.1865    -1.1733 -9.990e-29
 265.747471     -2.371   0.330429    17.5208    -1.7924     -2.351     0.1865    -1.1722 -9.990e-29
 265.747477     -2.358   0.330430    17.5194    -1.7925     -2.338     0.1865    -1.1719 -9.990e-29
 265.747483     -2.342   0.330430    17.5239    -1.7924     -2.322     0.1865    -1.1728 -9.990e-29
 265.747488     -2.328   0.330430    17.5341    -1.7921     -2.309     0.1865    -1.1746 -9.990e-29
 265.747494     -2.315   0.330430    17.5480    -1.7917     -2.296     0.1864    -1.1772 -9.990e-29
 265.747500     -2.301   0.330430    17.5635    -1.7913     -2.282     0.1864    -1.1800 -9.990e-29
 265.747506     -2.287   0.330431    17.5783    -1.7912     -2.268     0.1863    -1.1827 -9.990e-29
 265.747512     -2.274   0.330431    17.5896    -1.7911     -2.255     0.1862    -1.1848 -9.990e-29
 265.747517     -2.263   0.330431    17.5952    -1.7913     -2.244     0.1862    -1.1859 -9.990e-29
 265.747523     -2.248   0.330431    17.5962    -1.7911     -2.229     0.1862    -1.1860 -9.990e-29
 265.747529     -2.233   0.330431    17.5968    -1.7909     -2.214     0.1862    -1.1861 -9.990e-29
 265.747535     -2.221   0.330431    17.6004    -1.7906     -2.202     0.1862    -1.1868 -9.990e-29
 265.747541     -2.212   0.330432    17.6075    -1.7906     -2.194     0.1862    -1.1881 -9.990e-29
 265.747546     -2.204   0.330432    17.6161    -1.7903     -2.186     0.1861    -1.1897 -9.990e-29
 265.747552     -2.198   0.330432    17.6236    -1.7905     -2.180     0.1861    -1.1911 -9.990e-29
 265.747558     -2.192   0.330432    17.6284    -1.7912     -2.174     0.1861    -1.1920 -9.990e-29
 265.747564     -2.187   0.330432    17.6303    -1.7918     -2.169     0.1861    -1.1923 -9.990e-29
 265.747569     -2.182   0.330432    17.6312    -1.7924     -2.164     0.1861    -1.1925 -9.990e-29
 265.747575     -2.177   0.330433    17.6339    -1.7929     -2.159     0.1861    -1.1930 -9.990e-29
 265.747581     -2.171   0.330433    17.6388    -1.7930     -2.153     0.1860    -1.1939 -9.990e-29
 265.747587     -2.165   0.330433    17.6438    -1.7928     -2.147     0.1860    -1.1948 -9.990e-29
 265.747593     -2.157   0.330433    17.6473    -1.7926     -2.139     0.1860    -1.1955 -9.990e-29
 265.747598     -2.148   0.330433    17.6478    -1.7924     -2.130     0.1860    -1.1955 -9.990e-29
 265.747604     -2.137   0.330433    17.6422    -1.7920     -2.119     0.1860    -1.1945 -9.990e-29
 265.747610     -2.122   0.330434    17.6302    -1.7916     -2.104     0.1861    -1.1923 -9.990e-29
 265.747616     -2.104   0.330434    17.6155    -1.7912     -2.086     0.1861    -1.1896 -9.990e-29
 265.747622     -2.085   0.330434    17.6013    -1.7908     -2.068     0.1862    -1.1870 -9.990e-29
 265.747627     -2.072   0.330434    17.5906    -1.7903     -2.055     0.1862    -1.1850 -9.990e-29
 265.747633     -2.065   0.330434    17.5866    -1.7899     -2.048     0.1863    -1.1843 -9.990e-29
 265.747639     -2.055   0.330435    17.5885    -1.7894     -2.038     0.1862    -1.1846 -9.990e-29
 265.747645     -2.040   0.330435    17.5935    -1.7894     -2.023     0.1862    -1.1855 -9.990e-29
 265.747650     -2.030   0.330435    17.6005    -1.7895     -2.013     0.1862    -1.1868 -9.990e-29
 265.747656     -2.027   0.330435    17.6093    -1.7896     -2.010     0.1862    -1.1884 -9.990e-29
 265.747662     -2.026   0.330435    17.6198    -1.7900     -2.009     0.1861    -1.1904 -9.990e-29
 265.747668     -2.020   0.330435    17.6315    -1.7905     -2.003     0.1861    -1.1925 -9.990e-29
 265.747674     -2.008   0.330436    17.6438    -1.7913     -1.991     0.1860    -1.1948 -9.990e-29
 265.747679     -1.997   0.330436    17.6564    -1.7917     -1.980     0.1860    -1.1971 -9.990e-29
 265.747685     -1.987   0.330436    17.6682    -1.7923     -1.970     0.1859    -1.1993 -9.990e-29
 265.747691     -1.974   0.330436    17.6769    -1.7929     -1.958     0.1859    -1.2009 -9.990e-29
 265.747697     -1.959   0.330436    17.6802    -1.7929     -1.943     0.1859    -1.2015 -9.990e-29
 265.747703     -1.948   0.330437    17.6785    -1.7929     -1.932     0.1859    -1.2012 -9.990e-29
 265.747708     -1.939   0.330438    17.6730    -1.7930     -1.923     0.1859    -1.2002 -9.990e-29
 265.747714     -1.931   0.330438    17.6633    -1.7928     -1.915     0.1859    -1.1984 -9.990e-29
 265.747720     -1.924   0.330439    17.6492    -1.7926     -1.908     0.1860    -1.1958 -9.990e-29
 265.747726     -1.918   0.330439    17.6330    -1.7925     -1.902     0.1861    -1.1928 -9.990e-29
 265.747731     -1.912   0.330440    17.6173    -1.7923     -1.896     0.1861    -1.1899 -9.990e-29
 265.747737     -1.906   0.330440    17.6033    -1.7919     -1.890     0.1862    -1.1873 -9.990e-29
 265.747743     -1.899   0.330441    17.5928    -1.7913     -1.883     0.1862    -1.1854 -9.990e-29
 265.747749     -1.891   0.330442    17.5873    -1.7907     -1.875     0.1863    -1.1844 -9.990e-29
 265.747755     -1.881   0.330442    17.5852    -1.7903     -1.865     0.1863    -1.1840 -9.990e-29
 265.747760     -1.870   0.330443    17.5852    -1.7896     -1.854     0.1863    -1.1840 -9.990e-29
 265.747766     -1.859   0.330443    17.5878    -1.7891     -1.843     0.1863    -1.1845 -9.990e-29
 265.747772     -1.854   0.330444    17.5923    -1.7884     -1.839     0.1862    -1.1853 -9.990e-29
 265.747778     -1.850   0.330444    17.5979    -1.7883     -1.835     0.1862    -1.1863 -9.990e-29
 265.747784     -1.841   0.330445    17.6059    -1.7881     -1.826     0.1862    -1.1878 -9.990e-29
 265.747789     -1.827   0.330445    17.6175    -1.7883     -1.812     0.1861    -1.1899 -9.990e-29
 265.747795     -1.812   0.330446    17.6314    -1.7890     -1.797     0.1861    -1.1925 -9.990e-29
 265.747801     -1.804   0.330446    17.6461    -1.7892     -1.789     0.1860    -1.1952 -9.990e-29
 265.747807     -1.801   0.330447    17.6613    -1.7895     -1.786     0.1860    -1.1980 -9.990e-29
 265.747813     -1.799   0.330448    17.6769    -1.7894     -1.784     0.1859    -1.2009 -9.990e-29
 265.747818     -1.799   0.330448    17.6921    -1.7891     -1.784     0.1858    -1.2037 -9.990e-29
 265.747824     -1.800   0.330449    17.7046    -1.7888     -1.785     0.1858    -1.2060 -9.990e-29
 265.747830     -1.802   0.330449    17.7121    -1.7885     -1.787     0.1857    -1.2074 -9.990e-29
 265.747836     -1.801   0.330450    17.7141    -1.7883     -1.786     0.1857    -1.2078 -9.990e-29
 265.747841     -1.793   0.330450    17.7100    -1.7887     -1.778     0.1857    -1.2070 -9.990e-29
 265.747847     -1.782   0.330451    17.7009    -1.7888     -1.767     0.1858    -1.2054 -9.990e-29
 265.747853     -1.775   0.330451    17.6921    -1.7885     -1.760     0.1858    -1.2037 -9.990e-29
 265.747859     -1.771   0.330452    17.6878    -1.7881     -1.756     0.1858    -1.2029 -9.990e-29
 265.747865     -1.763   0.330452    17.6893    -1.7876     -1.748     0.1858    -1.2032 -9.990e-29
 265.747870     -1.750   0.330453    17.6947    -1.7870     -1.735     0.1858    -1.2042 -9.990e-29
 265.747876     -1.739   0.330454    17.7015    -1.7866     -1.724     0.1858    -1.2055 -9.990e-29
 265.747882     -1.729   0.330454    17.7078    -1.7861     -1.715     0.1858    -1.2066 -9.990e-29
 265.747888     -1.716   0.330455    17.7104    -1.7856     -1.702     0.1858    -1.2071 -9.990e-29
 265.747894     -1.704   0.330455    17.7089    -1.7853     -1.690     0.1858    -1.2068 -9.990e-29
 265.747899     -1.695   0.330456    17.7092    -1.7850     -1.681     0.1858    -1.2069 -9.990e-29
 265.747905     -1.689   0.330456    17.7152    -1.7853     -1.675     0.1857    -1.2080 -9.990e-29
 265.747911     -1.685   0.330457    17.7256    -1.7855     -1.671     0.1857    -1.2099 -9.990e-29
 265.747917     -1.685   0.330457    17.7383    -1.7855     -1.671     0.1856    -1.2123 -9.990e-29
 265.747922     -1.687   0.330458    17.7522    -1.7852     -1.673     0.1856    -1.2149 -9.990e-29
 265.747928     -1.687   0.330458    17.7661    -1.7847     -1.673     0.1855    -1.2174 -9.990e-29
 265.747934     -1.681   0.330459    17.7791    -1.7842     -1.667     0.1855    -1.2199 -9.990e-29
 265.747940     -1.673   0.330459    17.7906    -1.7840     -1.659     0.1854    -1.2220 -9.990e-29
 265.747946     -1.667   0.330460    17.7993    -1.7837     -1.653     0.1854    -1.2236 -9.990e-29
 265.747951     -1.662   0.330460    17.8034    -1.7835     -1.648     0.1854    -1.2244 -9.990e-29
 265.747957     -1.658   0.330461    17.8026    -1.7832     -1.644     0.1854    -1.2242 -9.990e-29
 265.747963     -1.654   0.330462    17.8008    -1.7827     -1.640     0.1854    -1.2239 -9.990e-29
 265.747969     -1.652   0.330462    17.8026    -1.7824     -1.638     0.1854    -1.2242 -9.990e-29
 265.747975     -1.649   0.330463    17.8094    -1.7821     -1.635     0.1853    -1.2255 -9.990e-29
 265.747980     -1.647   0.330463    17.8198    -1.7818     -1.633     0.1853    -1.2274 -9.990e-29
 265.747986     -1.645   0.330464    17.8307    -1.7814     -1.631     0.1853    -1.2295 -9.990e-29
 265.747992     -1.643   0.330464    17.8400    -1.7810     -1.629     0.1852    -1.2312 -9.990e-29
 265.747998     -1.641   0.330465    17.8483    -1.7807     -1.627     0.1852    -1.2328 -9.990e-29
 265.748003     -1.639   0.330465    17.8568    -1.7802     -1.625     0.1851    -1.2343 -9.990e-29
 265.748009     -1.636   0.330466    17.8661    -1.7800     -1.622     0.1851    -1.2361 -9.990e-29
 265.748015     -1.633   0.330466    17.8762    -1.7795     -1.619     0.1851    -1.2380 -9.990e-29
 265.748021     -1.628   0.330467    17.8863    -1.7795     -1.614     0.1850    -1.2399 -9.990e-29
 265.748027     -1.623   0.330468    17.8960    -1.7799     -1.609     0.1850    -1.2417 -9.990e-29
 265.748032     -1.616   0.330468    17.9058    -1.7801     -1.603     0.1849    -1.2435 -9.990e-29
 265.748038     -1.607   0.330469    17.9162    -1.7798     -1.594     0.1849    -1.2455 -9.990e-29
 265.748044     -1.595   0.330469    17.9268    -1.7797     -1.582     0.1849    -1.2475 -9.990e-29
 265.748050     -1.585   0.330470    17.9373    -1.7798     -1.572     0.1848    -1.2494 -9.990e-29
 265.748056     -1.579   0.330470    17.9476    -1.7804     -1.566     0.1848    -1.2514 -9.990e-29
 265.748061     -1.574   0.330471    17.9572    -1.7812     -1.561     0.1847    -1.2532 -9.990e-29
 265.748067     -1.568   0.330471    17.9641    -1.7820     -1.555     0.1847    -1.2545 -9.990e-29
 265.748073     -1.565   0.330472    17.9655    -1.7829     -1.552     0.1847    -1.2547 -9.990e-29
 265.748079     -1.562   0.330472    17.9624    -1.7845     -1.549     0.1847    -1.2541 -9.990e-29
 265.748084     -1.554   0.330473    17.9599    -1.7856     -1.541     0.1847    -1.2537 -9.990e-29
 265.748090     -1.544   0.330473    17.9597    -1.7866     -1.531     0.1847    -1.2536 -9.990e-29
 265.748096     -1.536   0.330474    17.9588    -1.7877     -1.523     0.1847    -1.2535 -9.990e-29
 265.748102     -1.525   0.330475    17.9527    -1.7883     -1.512     0.1848    -1.2523 -9.990e-29
 265.748108     -1.511   0.330475    17.9392    -1.7888     -1.498     0.1848    -1.2498 -9.990e-29
 265.748113     -1.497   0.330476    17.9195    -1.7892     -1.485     0.1849    -1.2461 -9.990e-29
 265.748119     -1.482   0.330476    17.8951    -1.7897     -1.470     0.1850    -1.2415 -9.990e-29
