data/oxygen options/ONMS/Olympic_Coast_National_Marine_Sanctuary_CTD_Data_2005_2023/raw_data/2022/CAST_MB042_220922faedb.cnv
* Sea-Bird SBE 19 Data File:
* FileName = C:\2022 Mooring Data\Casts\CAST_MB042_220922.hex
* Software Version SeatermAF 2.1.2
* Temperature SN = 2997
* Conductivity SN = 2997
* System UpLoad Time = Sep 22 2022 18:32:39 (localtime) = Sep 22 2022 18:32:39 (UTC)
** CAST_MB042_220922
* ds
# nquan = 9
# nvalues = 39                          
# units = specified
# name 0 = timeJ: Julian Days
# name 1 = prSM: Pressure, Strain Gauge [db]
# name 2 = c0mS/cm: Conductivity [mS/cm]
# name 3 = t090C: Temperature [ITS-90, deg C]
# name 4 = sbeox0ML/L: Oxygen, SBE 43 [ml/l]
# name 5 = depSM: Depth [salt water, m], lat = 47.5
# name 6 = sal00: Salinity, Practical [PSU]
# name 7 = sigma-é00: Density [sigma-theta, kg/m^3]
# name 8 = flag: flag
# span 0 = 265.750577, 265.751523       
# span 1 =      1.000,     39.000       
# span 2 =  34.575385,  37.558010       
# span 3 =     8.0189,    12.7799       
# span 4 =     2.4558,     6.4212       
# span 5 =      0.992,     38.671       
# span 6 =    31.9393,    33.3273       
# span 7 =    24.0784,    25.9581       
# span 8 = 0.0000e+00, 0.0000e+00       
# interval = decibars: 1                
# start_time = Sep 22 2022 17:54:38 [Instrument's time stamp, header]
# bad_flag = -9.990e-29
*END*
 265.750577      1.000  37.558010    12.7799     6.4212      0.992    31.9560    24.0784 0.0000e+00
 265.750607      2.000  37.539808    12.7631     6.3561      1.983    31.9525    24.0790 0.0000e+00
 265.750632      3.000  37.480531    12.6897     6.3234      2.975    31.9581    24.0975 0.0000e+00
 265.750657      4.000  37.403683    12.6254     6.2009      3.967    31.9393    24.0953 0.0000e+00
 265.750681      5.000  37.300317    12.4432     6.2461      4.958    31.9953    24.1734 0.0000e+00
 265.750704      6.000  37.243380    12.3784     6.2072      5.950    31.9957    24.1861 0.0000e+00
 265.750729      7.000  37.176984    12.2487     6.2120      6.941    32.0425    24.2468 0.0000e+00
 265.750752      8.000  37.094927    12.1565     6.0832      7.933    32.0424    24.2640 0.0000e+00
 265.750775      9.000  36.945762    11.9273     5.8699      8.925    32.0951    24.3475 0.0000e+00
 265.750800     10.000  36.823020    11.6822     5.5492      9.917    32.1878    24.4644 0.0000e+00
 265.750825     11.000  36.572797    11.2295     5.2296     10.908    32.3377    24.6626 0.0000e+00
 265.750850     12.000  36.239393    10.6969     4.7190     11.899    32.4777    24.8650 0.0000e+00
 265.750875     13.000  35.825088    10.0269     4.3957     12.891    32.6616    25.1216 0.0000e+00
 265.750898     14.000  35.068710     9.1418     4.4534     13.883    32.6918    25.2887 0.0000e+00
 265.750922     15.000  34.827735     8.8343     4.4534     14.874    32.7241    25.3622 0.0000e+00
 265.750947     16.000  34.741454     8.6961     4.4480     15.866    32.7612    25.4125 0.0000e+00
 265.750970     17.000  34.667454     8.6035     4.3874     16.858    32.7691    25.4327 0.0000e+00
 265.750994     18.000  34.598773     8.5195     4.3168     17.849    32.7743    25.4496 0.0000e+00
 265.751017     19.000  34.584427     8.5032     4.2126     18.841    32.7739    25.4518 0.0000e+00
 265.751040     20.000  34.650085     8.5530     4.0172     19.832    32.7962    25.4618 0.0000e+00
 265.751061     21.000  34.710231     8.5715     3.8996     20.824    32.8418    25.4947 0.0000e+00
 265.751082     22.000  34.746406     8.5810     3.8381     21.815    32.8705    25.5158 0.0000e+00
 265.751105     23.000  34.804155     8.6151     3.8243     22.807    32.8990    25.5329 0.0000e+00
 265.751130     24.000  34.826334     8.6273     3.7373     23.798    32.9104    25.5400 0.0000e+00
 265.751153     25.000  34.776163     8.4935     3.6982     24.790    32.9822    25.6165 0.0000e+00
 265.751175     26.000  34.620575     8.3231     3.6367     25.781    32.9770    25.6381 0.0000e+00
 265.751200     27.000  34.607880     8.3180     3.5047     26.773    32.9679    25.6317 0.0000e+00
 265.751226     28.000  34.668148     8.3269     3.1255     27.764    33.0228    25.6735 0.0000e+00
 265.751251     29.000  34.596990     8.1360     2.9489     28.756    33.1267    25.7833 0.0000e+00
 265.751275     30.000  34.575385     8.0740     2.8661     29.747    33.1619    25.8200 0.0000e+00
 265.751301     31.000  34.636438     8.1055     2.8796     30.739    33.1967    25.8427 0.0000e+00
 265.751332     32.000  34.648508     8.1144     2.8847     31.730    33.2006    25.8445 0.0000e+00
 265.751359     33.000  34.651059     8.1131     2.8247     32.722    33.2041    25.8474 0.0000e+00
 265.751384     34.000  34.639822     8.0821     2.6871     33.714    33.2210    25.8653 0.0000e+00
 265.751410     35.000  34.632232     8.0295     2.6319     34.705    33.2624    25.9056 0.0000e+00
 265.751436     36.000  34.636050     8.0192     2.6091     35.697    33.2758    25.9175 0.0000e+00
 265.751462     37.000  34.647736     8.0211     2.5434     36.688    33.2859    25.9252 0.0000e+00
 265.751491     38.000  34.670901     8.0248     2.4830     37.680    33.3067    25.9410 0.0000e+00
 265.751523     39.000  34.685415     8.0189     2.4558     38.671    33.3273    25.9581 0.0000e+00
