data/oxygen options/ONMS/Olympic_Coast_National_Marine_Sanctuary_CTD_Data_2005_2023/raw_data/2022/CAST_TH015_220522faed.cnv
* Sea-Bird SBE 19 Data File:
* FileName = C:\2022 Mooring Data\Casts\CAST_TH015_220522.hex
* Software Version SeatermAF 2.1.2
* Temperature SN = 2997
* Conductivity SN = 2997
* System UpLoad Time = May 22 2022 23:44:32 (localtime) = May 22 2022 23:44:32 (UTC)
** CAST_TH015_220522
* ds
# nquan = 9                                 
# nvalues = 855                         
# units = specified
# name 0 = timeJ: Julian Days
# name 1 = prSM: Pressure, Strain Gauge [db]
# name 2 = c0mS/cm: Conductivity [mS/cm]
# name 3 = t090C: Temperature [ITS-90, deg C]
# name 4 = sbeox0ML/L: Oxygen, SBE 43 [ml/l]
# name 5 = depSM: Depth [salt water, m], lat = 47.5
# name 6 = sal00: Salinity, Practical [PSU]
# name 7 = sigma-é00: Density [sigma-theta, kg/m^3]
# name 8 = flag: flag
# span 0 = 142.978623, 142.983565       
# span 1 =     -5.994,     13.226       
# span 2 =   0.167279,  34.400532       
# span 3 =     9.8900,    13.1402       
# span 4 =    -1.9916,    14.5795       
# span 5 =     -5.944,     13.115       
# span 6 =     0.1047,    31.3380       
# span 7 =    -0.5564,    24.1121       
# span 8 = 0.0000e+00, 0.0000e+00       
# interval = seconds: 0.5
# start_time = May 22 2022 23:29:13 [Instrument's time stamp, header]
# bad_flag = -9.990e-29
*END*
[from data line 641]
 142.982332     -0.130  31.570973    11.7541     6.6510     -0.129    27.0907    20.4978 -9.990e-29
 142.982338     -0.126  31.642000    11.7403     6.6654     -0.125    27.1681    20.5602 -9.990e-29
 142.982344     -0.115  31.752969    11.7265     6.6523     -0.114    27.2836    20.6521 -9.990e-29
 142.982350     -0.105  31.870409    11.7186     6.6662     -0.104    27.4010    20.7444 -9.990e-29
 142.982355     -0.100  31.919638    11.7146     6.6333     -0.099    27.4507    20.7836 -9.990e-29
 142.982361     -0.099  31.904672    11.7060     6.6512     -0.098    27.4428    20.7790 -9.990e-29
 142.982367     -0.099  31.956143    11.6936     6.6554     -0.098    27.5009    20.8262 -9.990e-29
 142.982373     -0.094  32.037950    11.6871     6.6674     -0.093    27.5836    20.8914 -9.990e-29
 142.982378     -0.088  32.056455    11.6882     6.6710     -0.087    27.6004    20.9042 -9.990e-29
 142.982384     -0.087  32.063736    11.6915     6.6130     -0.086    27.6049    20.9071 -9.990e-29
 142.982390     -0.089  32.064436    11.6952     6.6438     -0.088    27.6028    20.9049 -9.990e-29
 142.982396     -0.094  32.030345    11.6985     6.6561     -0.093    27.5679    20.8773 -9.990e-29
 142.982402     -0.100  32.013408    11.6992     6.6664     -0.099    27.5513    20.8643 -9.990e-29
 142.982407     -0.096  32.034127    11.6973     6.6847     -0.095    27.5724    20.8810 -9.990e-29
 142.982413     -0.085  32.052912    11.6927     6.6626     -0.084    27.5937    20.8983 -9.990e-29
 142.982419     -0.072  32.079666    11.6872     6.6683     -0.071    27.6233    20.9221 -9.990e-29
 142.982425     -0.062  32.118119    11.6845     6.6710     -0.061    27.6619    20.9525 -9.990e-29
 142.982431     -0.054  32.137762    11.6862     6.6561     -0.054    27.6793    20.9657 -9.990e-29
 142.982436     -0.047  32.125560    11.6894     6.6427     -0.047    27.6653    20.9543 -9.990e-29
 142.982442     -0.042  32.093213    11.6912     6.6212     -0.042    27.6332    20.9291 -9.990e-29
 142.982448     -0.037  32.067555    11.6916     6.6209     -0.037    27.6084    20.9099 -9.990e-29
 142.982454     -0.033  32.046266    11.6913     6.6294     -0.033    27.5884    20.8944 -9.990e-29
 142.982459     -0.028  32.025010    11.6915     6.6418     -0.028    27.5680    20.8786 -9.990e-29
 142.982465     -0.024  32.012374    11.6930     6.6379     -0.024    27.5549    20.8681 -9.990e-29
 142.982471     -0.019  31.987003    11.6957     6.6442     -0.019    27.5287    20.8474 -9.990e-29
 142.982477     -0.013  31.937999    11.7007     6.6478     -0.013    27.4784    20.8075 -9.990e-29
 142.982483     -0.006  31.868865    11.7069     6.6436     -0.006    27.4081    20.7519 -9.990e-29
 142.982488      0.002  31.804416    11.7095     6.6536      0.002    27.3449    20.7025 -9.990e-29
 142.982494      0.013  31.809308    11.7076     6.6456      0.013    27.3509    20.7075 -9.990e-29
 142.982500      0.026  31.882759    11.7036     6.6315      0.026    27.4237    20.7646 -9.990e-29
 142.982506      0.043  31.961985    11.6984     6.6174      0.043    27.5029    20.8269 -9.990e-29
 142.982512      0.069  32.007014    11.6939     6.6184      0.068    27.5491    20.8635 -9.990e-29
 142.982517      0.113  32.028584    11.6915     6.6379      0.112    27.5714    20.8812 -9.990e-29
 142.982523      0.180  32.068307    11.6894     6.6237      0.178    27.6107    20.9120 -9.990e-29
 142.982529      0.265  32.125923    11.6863     6.5810      0.263    27.6679    20.9568 -9.990e-29
 142.982535      0.368  32.184159    11.6826     6.4972      0.365    27.7261    21.0026 -9.990e-29
 142.982541      0.493  32.256241    11.6802     6.4044      0.489    27.7965    21.0576 0.0000e+00
 142.982546      0.633  32.334658    11.6812     6.2850      0.628    27.8704    21.1148 0.0000e+00
 142.982552      0.786  32.409147    11.6808     6.1401      0.779    27.9417    21.1701 0.0000e+00
 142.982558      0.956  32.504522    11.6605     5.9976      0.948    28.0480    21.2560 0.0000e+00
 142.982564      1.151  32.662807    11.5966     5.8748      1.141    28.2476    21.4219 0.0000e+00
 142.982569      1.365  32.892866    11.4972     5.7327      1.354    28.5442    21.6692 0.0000e+00
 142.982575      1.587  33.116124    11.3954     5.7102      1.574    28.8379    21.9146 0.0000e+00
 142.982581      1.812  33.271802    11.2935     5.6946      1.797    29.0680    22.1108 0.0000e+00
 142.982587      2.048  33.385966    11.1686     5.6777      2.031    29.2774    22.2948 0.0000e+00
 142.982593      2.293  33.488135    11.0310     5.6894      2.274    29.4866    22.4808 0.0000e+00
 142.982598      2.535  33.571112    10.9240     5.6265      2.514    29.6537    22.6289 0.0000e+00
 142.982604      2.769  33.618903    10.8633     5.6664      2.746    29.7496    22.7137 0.0000e+00
 142.982610      2.997  33.638607    10.8301     5.6804      2.972    29.7958    22.7552 0.0000e+00
 142.982616      3.224  33.646366    10.8079     5.6877      3.197    29.8214    22.7789 0.0000e+00
 142.982622      3.458  33.650807    10.7912     5.6790      3.429    29.8392    22.7956 0.0000e+00
 142.982627      3.704  33.657260    10.7759     5.6256      3.673    29.8580    22.8127 0.0000e+00
 142.982633      3.960  33.669818    10.7558     5.5961      3.927    29.8866    22.8384 0.0000e+00
 142.982639      4.222  33.698471    10.7248     5.5691      4.187    29.9400    22.8852 0.0000e+00
 142.982645      4.489  33.759546    10.6786     5.5575      4.451    30.0380    22.9691 0.0000e+00
 142.982650      4.762  33.856028    10.6235     5.5203      4.722    30.1785    23.0877 0.0000e+00
 142.982656      5.039  33.957453    10.5753     5.4909      4.997    30.3187    23.2048 0.0000e+00
 142.982662      5.318  34.028174    10.5407     5.4635      5.274    30.4174    23.2875 0.0000e+00
 142.982668      5.594  34.071704    10.5131     5.4440      5.547    30.4835    23.3435 0.0000e+00
 142.982674      5.869  34.106274    10.4860     5.4403      5.820    30.5404    23.3924 0.0000e+00
 142.982679      6.142  34.134250    10.4567     5.4331      6.091    30.5927    23.4379 0.0000e+00
 142.982685      6.414  34.160411    10.4244     5.4310      6.360    30.6458    23.4846 0.0000e+00
 142.982691      6.685  34.192156    10.3918     5.4270      6.629    30.7047    23.5360 0.0000e+00
 142.982697      6.954  34.224164    10.3643     5.4188      6.896    30.7597    23.5834 0.0000e+00
 142.982703      7.219  34.246980    10.3438     5.4141      7.159    30.7997    23.6180 0.0000e+00
 142.982708      7.474  34.259061    10.3250     5.4166      7.411    30.8276    23.6428 0.0000e+00
 142.982714      7.723  34.264714    10.3063     5.4296      7.658    30.8491    23.6626 0.0000e+00
 142.982720      7.968  34.268646    10.2902     5.4415      7.901    30.8666    23.6789 0.0000e+00
 142.982726      8.213  34.273265    10.2734     5.4473      8.144    30.8854    23.6963 0.0000e+00
 142.982731      8.464  34.280775    10.2517     5.4627      8.393    30.9112    23.7201 0.0000e+00
 142.982737      8.724  34.292753    10.2259     5.4711      8.651    30.9451    23.7507 0.0000e+00
 142.982743      8.989  34.308893    10.1995     5.4631      8.914    30.9837    23.7851 0.0000e+00
 142.982749      9.250  34.325474    10.1777     5.4533      9.173    31.0188    23.8161 0.0000e+00
 142.982755      9.502  34.336000    10.1608     5.4183      9.422    31.0438    23.8383 0.0000e+00
 142.982760      9.748  34.341025    10.1430     5.3927      9.666    31.0639    23.8570 0.0000e+00
 142.982766      9.996  34.345534    10.1239     5.3590      9.912    31.0848    23.8764 0.0000e+00
 142.982772     10.248  34.349905    10.1082     5.3095     10.162    31.1025    23.8928 0.0000e+00
 142.982778     10.502  34.352091    10.0974     5.2725     10.414    31.1139    23.9034 0.0000e+00
 142.982784     10.759  34.352173    10.0888     5.2057     10.669    31.1212    23.9106 0.0000e+00
 142.982789     11.018  34.351346    10.0796     5.2335     10.926    31.1282    23.9175 0.0000e+00
 142.982795     11.273  34.350158    10.0708     5.2595     11.179    31.1345    23.9239 0.0000e+00
 142.982801     11.514  34.349794    10.0646     5.2830     11.418    31.1394    23.9287 0.0000e+00
 142.982807     11.741  34.351417    10.0590     5.3136     11.643    31.1457    23.9346 0.0000e+00
 142.982812     11.959  34.354357    10.0516     5.2741     11.859    31.1550    23.9430 0.0000e+00
 142.982818     12.170  34.357093    10.0405     5.2871     12.068    31.1672    23.9543 0.0000e+00
 142.982824     12.368  34.359900    10.0259     5.2580     12.264    31.1825    23.9687 0.0000e+00
 142.982830     12.555  34.365027    10.0133     5.2163     12.450    31.1985    23.9832 0.0000e+00
 142.982836     12.729  34.372601    10.0053     5.1677     12.622    31.2129    23.9957 0.0000e+00
 142.982841     12.884  34.378918     9.9963     5.1141     12.776    31.2270    24.0082 0.0000e+00
 142.982847     13.018  34.382334     9.9800     5.0995     12.909    31.2445    24.0245 -9.990e-29
 142.982853     13.125  34.385180     9.9575     5.1066     13.015    31.2668    24.0455 -9.990e-29
 142.982859     13.196  34.389029     9.9334     5.1378     13.085    31.2915    24.0687 -9.990e-29
 142.982865     13.226  34.392868     9.9093     5.1809     13.115    31.3162    24.0920 -9.990e-29
 142.982870     13.222  34.395669     9.8909     5.2245     13.111    31.3351    24.1096 -9.990e-29
 142.982876     13.183  34.397822     9.8900     5.2663     13.073    31.3380    24.1121 -9.990e-29
 142.982882     13.104  34.399975     9.9069     5.2911     12.994    31.3256    24.0996 -9.990e-29
 142.982888     12.982  34.400532     9.9271     5.3220     12.873    31.3087    24.0831 -9.990e-29
 142.982894     12.823  34.398014     9.9415     5.3342     12.716    31.2937    24.0691 0.0000e+00
 142.982899     12.639  34.393573     9.9519     5.3255     12.533    31.2803    24.0570 0.0000e+00
 142.982905     12.434  34.389154     9.9625     5.3217     12.330    31.2667    24.0447 0.0000e+00
 142.982911     12.209  34.386172     9.9740     5.3090     12.107    31.2539    24.0328 0.0000e+00
 142.982917     11.970  34.383475     9.9847     5.3123     11.870    31.2420    24.0218 0.0000e+00
 142.982922     11.724  34.380289     9.9951     5.3232     11.626    31.2299    24.0106 0.0000e+00
 142.982928     11.472  34.376873    10.0063     5.3319     11.376    31.2169    23.9987 0.0000e+00
 142.982934     11.216  34.372615    10.0164     5.3415     11.122    31.2040    23.9869 0.0000e+00
 142.982940     10.956  34.368585    10.0254     5.3564     10.864    31.1923    23.9763 0.0000e+00
 142.982946     10.693  34.366154    10.0372     5.3796     10.603    31.1798    23.9646 0.0000e+00
 142.982951     10.427  34.364343    10.0510     5.4114     10.340    31.1662    23.9518 0.0000e+00
 142.982957     10.159  34.361882    10.0623     5.4282     10.074    31.1541    23.9405 0.0000e+00
 142.982963      9.888  34.358874    10.0711     5.4411      9.805    31.1436    23.9309 0.0000e+00
 142.982969      9.614  34.356373    10.0795     5.4118      9.534    31.1339    23.9220 0.0000e+00
 142.982975      9.337  34.354989    10.0888     5.4420      9.259    31.1247    23.9132 0.0000e+00
 142.982980      9.057  34.354019    10.1010     5.4590      8.981    31.1133    23.9024 0.0000e+00
 142.982986      8.777  34.351633    10.1154     5.4703      8.704    31.0987    23.8886 0.0000e+00
 142.982992      8.501  34.346912    10.1301     5.4708      8.430    31.0814    23.8727 0.0000e+00
 142.982998      8.224  34.341427    10.1475     5.4013      8.155    31.0611    23.8540 0.0000e+00
 142.983003      7.945  34.335732    10.1676     5.4387      7.879    31.0383    23.8329 0.0000e+00
 142.983009      7.668  34.327858    10.1846     5.4479      7.604    31.0160    23.8127 0.0000e+00
 142.983015      7.389  34.317974    10.2014     5.4726      7.327    30.9918    23.7911 0.0000e+00
 142.983021      7.103  34.304131    10.2284     5.4945      7.044    30.9550    23.7580 0.0000e+00
 142.983027      6.812  34.286940    10.2638     5.4827      6.755    30.9078    23.7154 0.0000e+00
 142.983032      6.523  34.276552    10.2950     5.4987      6.468    30.8710    23.6815 0.0000e+00
 142.983038      6.241  34.270907    10.3151     5.5165      6.189    30.8484    23.6606 0.0000e+00
 142.983044      5.964  34.259146    10.3293     5.5386      5.914    30.8247    23.6398 0.0000e+00
 142.983050      5.692  34.240180    10.3449     5.5614      5.644    30.7927    23.6122 0.0000e+00
 142.983056      5.419  34.216190    10.3686     5.5861      5.374    30.7488    23.5741 0.0000e+00
 142.983061      5.142  34.187142    10.4036     5.6178      5.099    30.6904    23.5228 0.0000e+00
 142.983067      4.865  34.152981    10.4429     5.6342      4.824    30.6234    23.4641 0.0000e+00
 142.983073      4.590  34.121397    10.4786     5.6533      4.552    30.5622    23.4105 0.0000e+00
 142.983079      4.315  34.092877    10.5113     5.6639      4.279    30.5066    23.3617 0.0000e+00
 142.983084      4.033  34.055750    10.5478     5.6579      3.999    30.4394    23.3033 0.0000e+00
 142.983090      3.749  34.008151    10.5890     5.6906      3.718    30.3580    23.2331 0.0000e+00
 142.983096      3.465  33.956659    10.6281     5.7029      3.436    30.2747    23.1617 0.0000e+00
 142.983102      3.181  33.913305    10.6592     5.7403      3.154    30.2063    23.1033 0.0000e+00
 142.983108      2.900  33.881366    10.6821     5.8337      2.876    30.1559    23.0602 0.0000e+00
 142.983113      2.625  33.860295    10.7086     5.9273      2.603    30.1134    23.0227 0.0000e+00
 142.983119      2.357  33.856188    10.7460     6.0648      2.337    30.0787    22.9894 0.0000e+00
 142.983125      2.095  33.861354    10.7880     6.2162      2.078    30.0494    22.9595 0.0000e+00
 142.983131      1.840  33.839014    10.8369     6.3731      1.825    29.9875    22.9031 0.0000e+00
 142.983137      1.597  33.753808    10.8980     6.5239      1.584    29.8541    22.7891 0.0000e+00
 142.983142      1.372  33.629944    10.9805     6.6335      1.361    29.6661    22.6289 0.0000e+00
 142.983148      1.167  33.484335    11.0962     6.6949      1.157    29.4311    22.4266 0.0000e+00
 142.983154      0.987  33.304333    11.2239     6.7023      0.979    29.1547    22.1901 0.0000e+00
 142.983160      0.838  33.079597    11.3466     6.7059      0.831    28.8410    21.9254 -9.990e-29
 142.983166      0.722  32.775987    11.4696     6.7025      0.716    28.4534    21.6035 -9.990e-29
 142.983171      0.638  32.453545    11.5717     6.6957      0.633    28.0665    21.2857 -9.990e-29
 142.983177      0.578  32.242377    11.6296     6.6926      0.573    27.8211    21.0855 -9.990e-29
 142.983183      0.536  32.157190    11.6478     6.6420      0.532    27.7262    21.0088 -9.990e-29
 142.983189      0.499  32.137071    11.6496     6.6592      0.495    27.7057    20.9926 -9.990e-29
 142.983194      0.467  32.121625    11.6585     6.6487      0.463    27.6844    20.9745 -9.990e-29
 142.983200      0.445  32.055558    11.6749     6.6445      0.441    27.6092    20.9134 -9.990e-29
 142.983206      0.431  31.958305    11.6843     6.6269      0.427    27.5097    20.8346 -9.990e-29
 142.983212      0.417  31.906829    11.6816     6.5544      0.414    27.4627    20.7986 -9.990e-29
 142.983218      0.401  31.914825    11.6778     6.5919      0.398    27.4731    20.8074 -9.990e-29
 142.983223      0.388  31.936424    11.6814     6.6061      0.385    27.4910    20.8206 -9.990e-29
 142.983229      0.371  31.939972    11.6860     6.6229      0.368    27.4910    20.8198 -9.990e-29
 142.983235      0.349  31.932456    11.6837     6.6347      0.346    27.4856    20.8160 -9.990e-29
 142.983241      0.330  31.932990    11.6770     6.6239      0.327    27.4910    20.8214 -9.990e-29
 142.983247      0.317  31.932789    11.6740     6.6242      0.314    27.4931    20.8235 -9.990e-29
