data/oxygen options/ONMS/Olympic_Coast_National_Marine_Sanctuary_CTD_Data_2005_2023/raw_data/2022/CAST_CE015_220623faed.cnv
* Sea-Bird SBE 19 Data File:
* FileName = C:\2022 Mooring Data\Casts\CAST_CE015_220623.hex
* Software Version SeatermAF 2.1.2
* Temperature SN = 2997
* Conductivity SN = 2997
* System UpLoad Time = Jun 23 2022 22:59:41 (localtime) = Jun 23 2022 22:59:41 (UTC)
** CAST_CE015_220623
* ds
# nquan = 9                                 
# nvalues = 1217                        
# units = specified
# name 0 = timeJ: Julian Days
# name 1 = prSM: Pressure, Strain Gauge [db]
# name 2 = c0mS/cm: Conductivity [mS/cm]
# name 3 = t090C: Temperature [ITS-90, deg C]
# name 4 = sbeox0ML/L: Oxygen, SBE 43 [ml/l]
# name 5 = depSM: Depth [salt water, m], lat = 47.5
# name 6 = sal00: Salinity, Practical [PSU]
# name 7 = sigma-é00: Density [sigma-theta, kg/m^3]
# name 8 = flag: flag
# span 0 = 174.908449, 174.915486       
# span 1 =     -5.949,      9.134       
# span 2 =   0.199274,  36.256776       
# span 3 =     8.5840,    16.8739       
# span 4 =   -12.0397,    14.0172       
# span 5 =     -5.899,      9.058       
# span 6 =     0.1166,    32.6799       
# span 7 =    -1.1014,    25.3651       
# span 8 = 0.0000e+00, 0.0000e+00       
# interval = seconds: 0.5
# start_time = Jun 23 2022 21:48:10 [Instrument's time stamp, header]
# bad_flag = -9.990e-29
*END*
[from data line 801]
 174.913084      0.839  35.558021    12.4611     6.0501      0.832    30.3259    22.8768 -9.990e-29
 174.913090      0.826  35.571356    12.4789     6.0431      0.819    30.3242    22.8721 -9.990e-29
 174.913096      0.799  35.566161    12.4895     6.0533      0.792    30.3107    22.8597 -9.990e-29
 174.913102      0.769  35.562420    12.5081     6.0519      0.763    30.2922    22.8419 -9.990e-29
 174.913108      0.751  35.574766    12.5296     6.0532      0.745    30.2866    22.8336 -9.990e-29
 174.913113      0.748  35.592783    12.5363     6.0596      0.742    30.2982    22.8413 -9.990e-29
 174.913119      0.757  35.596258    12.5290     6.0642      0.751    30.3074    22.8498 -9.990e-29
 174.913125      0.764  35.584798    12.5261     6.0236      0.758    30.2989    22.8437 -9.990e-29
 174.913131      0.762  35.574508    12.5302     6.0554      0.756    30.2859    22.8329 -9.990e-29
 174.913137      0.759  35.572965    12.5309     6.0643      0.753    30.2839    22.8312 -9.990e-29
 174.913142      0.767  35.566918    12.5251     6.0710      0.761    30.2828    22.8315 -9.990e-29
 174.913148      0.788  35.555603    12.5183     6.0832      0.781    30.2776    22.8287 -9.990e-29
 174.913154      0.810  35.553637    12.5161     6.0283      0.803    30.2775    22.8290 -9.990e-29
 174.913160      0.825  35.558411    12.5195     6.0606      0.818    30.2792    22.8298 -9.990e-29
 174.913166      0.839  35.571258    12.5268     6.0712      0.832    30.2855    22.8332 -9.990e-29
 174.913171      0.856  35.588592    12.5342     6.0850      0.849    30.2959    22.8399 -9.990e-29
 174.913177      0.875  35.595446    12.5366     6.1103      0.868    30.3005    22.8430 -9.990e-29
 174.913183      0.887  35.590889    12.5352     6.1134      0.880    30.2973    22.8408 -9.990e-29
 174.913189      0.888  35.583425    12.5360     6.1264      0.881    30.2896    22.8347 -9.990e-29
 174.913194      0.880  35.579920    12.5435     6.1319      0.873    30.2802    22.8260 -9.990e-29
 174.913200      0.862  35.580755    12.5586     6.1209      0.855    30.2689    22.8144 -9.990e-29
 174.913206      0.835  35.585376    12.5759     6.1154      0.828    30.2594    22.8038 -9.990e-29
 174.913212      0.813  35.594917    12.5888     6.1077      0.806    30.2580    22.8003 -9.990e-29
 174.913218      0.806  35.608669    12.5982     6.1093      0.799    30.2634    22.8028 -9.990e-29
 174.913223      0.817  35.623699    12.6061     6.1027      0.810    30.2713    22.8074 -9.990e-29
 174.913229      0.840  35.634293    12.6095     6.1116      0.833    30.2785    22.8123 -9.990e-29
 174.913235      0.858  35.636664    12.6082     6.1054      0.851    30.2818    22.8151 -9.990e-29
 174.913241      0.864  35.633425    12.6060     6.1023      0.857    30.2805    22.8145 -9.990e-29
 174.913247      0.855  35.629233    12.6049     6.1092      0.848    30.2774    22.8124 -9.990e-29
 174.913252      0.829  35.626914    12.6047     6.1234      0.822    30.2754    22.8108 -9.990e-29
 174.913258      0.802  35.627870    12.6055     6.1455      0.795    30.2757    22.8109 -9.990e-29
 174.913264      0.790  35.631150    12.6067     6.1477      0.783    30.2778    22.8123 -9.990e-29
 174.913270      0.791  35.633297    12.6069     6.1182      0.784    30.2797    22.8137 -9.990e-29
 174.913275      0.793  35.631586    12.6062     6.0966      0.786    30.2786    22.8130 -9.990e-29
 174.913281      0.783  35.627669    12.6059     6.0746      0.776    30.2752    22.8104 -9.990e-29
 174.913287      0.761  35.625859    12.6059     6.0754      0.755    30.2735    22.8091 -9.990e-29
 174.913293      0.737  35.627675    12.6051     6.0933      0.731    30.2759    22.8111 -9.990e-29
 174.913299      0.724  35.630510    12.6004     6.1089      0.718    30.2823    22.8170 -9.990e-29
 174.913304      0.725  35.628634    12.5886     6.1221      0.719    30.2900    22.8252 -9.990e-29
 174.913310      0.735  35.617319    12.5746     6.1148      0.729    30.2906    22.8282 -9.990e-29
 174.913316      0.743  35.605021    12.5692     6.1095      0.737    30.2833    22.8236 -9.990e-29
 174.913322      0.735  35.603921    12.5745     6.1112      0.729    30.2780    22.8185 -9.990e-29
 174.913328      0.717  35.610320    12.5831     6.1121      0.711    30.2772    22.8162 -9.990e-29
 174.913333      0.707  35.617076    12.5907     6.1154      0.701    30.2774    22.8150 -9.990e-29
 174.913339      0.719  35.622382    12.5959     6.0789      0.713    30.2783    22.8147 -9.990e-29
 174.913345      0.744  35.625475    12.5969     6.1091      0.738    30.2804    22.8161 -9.990e-29
 174.913351      0.771  35.625249    12.5960     6.1178      0.765    30.2809    22.8167 -9.990e-29
 174.913356      0.794  35.622514    12.5968     6.1319      0.787    30.2776    22.8140 -9.990e-29
 174.913362      0.809  35.621826    12.5984     6.1459      0.802    30.2757    22.8122 -9.990e-29
 174.913368      0.821  35.623937    12.5986     6.1024      0.814    30.2775    22.8136 -9.990e-29
 174.913374      0.837  35.624366    12.5970     6.1214      0.830    30.2792    22.8152 -9.990e-29
 174.913380      0.856  35.623675    12.5944     6.1220      0.849    30.2806    22.8168 -9.990e-29
 174.913385      0.876  35.625971    12.5936     6.1312      0.869    30.2834    22.8191 -9.990e-29
 174.913391      0.890  35.628703    12.5956     6.1318      0.883    30.2844    22.8195 -9.990e-29
 174.913397      0.898  35.629898    12.5984     6.1316      0.891    30.2833    22.8181 -9.990e-29
 174.913403      0.905  35.631136    12.6011     6.1466      0.897    30.2823    22.8168 -9.990e-29
 174.913409      0.907  35.632937    12.6038     6.1563      0.899    30.2818    22.8159 -9.990e-29
 174.913414      0.900  35.634892    12.6059     6.1572      0.892    30.2820    22.8157 -9.990e-29
 174.913420      0.885  35.635671    12.6079     6.1482      0.878    30.2811    22.8146 -9.990e-29
 174.913426      0.859  35.635744    12.6115     6.1406      0.852    30.2783    22.8118 -9.990e-29
 174.913432      0.821  35.636315    12.6159     6.1301      0.814    30.2753    22.8086 -9.990e-29
 174.913437      0.773  35.637575    12.6193     6.1427      0.767    30.2738    22.8068 -9.990e-29
 174.913443      0.725  35.639511    12.6215     6.1491      0.719    30.2739    22.8065 -9.990e-29
 174.913449      0.687  35.641334    12.6227     6.1460      0.681    30.2746    22.8068 -9.990e-29
 174.913455      0.659  35.642106    12.6228     6.1346      0.653    30.2753    22.8073 -9.990e-29
 174.913461      0.642  35.641723    12.6218     6.1177      0.637    30.2757    22.8078 -9.990e-29
 174.913466      0.628  35.638542    12.6204     6.1169      0.623    30.2739    22.8067 -9.990e-29
 174.913472      0.610  35.635033    12.6191     6.1214      0.605    30.2716    22.8052 -9.990e-29
 174.913478      0.585  35.636026    12.6185     6.1195      0.580    30.2730    22.8064 -9.990e-29
 174.913484      0.565  35.638353    12.6183     6.1209      0.560    30.2754    22.8082 -9.990e-29
 174.913490      0.561  35.638943    12.6141     6.1287      0.556    30.2793    22.8121 -9.990e-29
 174.913495      0.573  35.635771    12.6030     6.1291      0.568    30.2853    22.8187 -9.990e-29
 174.913501      0.590  35.626838    12.5947     6.1334      0.585    30.2835    22.8189 -9.990e-29
 174.913507      0.595  35.622066    12.5999     6.1326      0.590    30.2748    22.8112 -9.990e-29
 174.913513      0.579  35.629083    12.6120     6.1046      0.574    30.2717    22.8066 -9.990e-29
 174.913519      0.552  35.638181    12.6203     6.0904      0.547    30.2736    22.8065 -9.990e-29
 174.913524      0.526  35.641877    12.6229     6.0909      0.522    30.2750    22.8071 -9.990e-29
 174.913530      0.515  35.642290    12.6227     6.1177      0.511    30.2756    22.8076 -9.990e-29
 174.913536      0.517  35.641081    12.6228     6.1348      0.513    30.2744    22.8066 -9.990e-29
 174.913542      0.524  35.633826    12.6238     6.1308      0.520    30.2667    22.8005 -9.990e-29
 174.913547      0.528  35.604117    12.6257     6.1109      0.524    30.2372    22.7773 -9.990e-29
 174.913553      0.524  35.580110    12.6278     6.0508      0.520    30.2129    22.7581 -9.990e-29
 174.913559      0.517  35.601491    12.6281     6.0830      0.513    30.2328    22.7734 -9.990e-29
 174.913565      0.516  35.630653    12.6246     6.1126      0.512    30.2631    22.7975 -9.990e-29
 174.913571      0.523  35.639247    12.6166     6.1391      0.519    30.2776    22.8103 -9.990e-29
 174.913576      0.535  35.637600    12.6071     6.1598      0.531    30.2837    22.8168 -9.990e-29
 174.913582      0.545  35.631906    12.6016     6.1057      0.540    30.2827    22.8171 -9.990e-29
 174.913588      0.544  35.629684    12.6011     6.0969      0.539    30.2810    22.8158 -9.990e-29
 174.913594      0.533  35.631877    12.6022     6.0940      0.529    30.2822    22.8166 -9.990e-29
 174.913600      0.519  35.635236    12.6034     6.1053      0.515    30.2844    22.8180 -9.990e-29
 174.913605      0.506  35.638066    12.6041     6.1203      0.502    30.2866    22.8196 -9.990e-29
 174.913611      0.497  35.639086    12.6030     6.1250      0.493    30.2884    22.8212 -9.990e-29
 174.913617      0.496  35.637406    12.6002     6.1359      0.492    30.2891    22.8222 -9.990e-29
 174.913623      0.498  35.634695    12.5977     6.1396      0.494    30.2885    22.8223 -9.990e-29
 174.913628      0.500  35.632927    12.5964     6.1234      0.496    30.2879    22.8220 -9.990e-29
 174.913634      0.501  35.633094    12.5971     6.0987      0.497    30.2875    22.8216 -9.990e-29
 174.913640      0.502  35.635407    12.5990     6.0565      0.498    30.2882    22.8217 -9.990e-29
 174.913646      0.503  35.637895    12.6000     6.0241      0.499    30.2897    22.8227 -9.990e-29
 174.913652      0.499  35.638262    12.5987     6.0326      0.495    30.2911    22.8241 -9.990e-29
 174.913657      0.485  35.636986    12.5944     6.0600      0.481    30.2933    22.8266 -9.990e-29
 174.913663      0.471  35.634595    12.5831     6.0905      0.467    30.3002    22.8340 -9.990e-29
 174.913669      0.467  35.627890    12.5607     6.0942      0.463    30.3119    22.8473 -9.990e-29
 174.913675      0.473  35.615763    12.5382     6.0859      0.469    30.3185    22.8567 -9.990e-29
 174.913681      0.480  35.607241    12.5341     6.0848      0.476    30.3138    22.8538 -9.990e-29
 174.913686      0.487  35.608870    12.5468     6.0930      0.483    30.3051    22.8446 -9.990e-29
 174.913692      0.491  35.614962    12.5615     6.1198      0.487    30.2990    22.8372 -9.990e-29
 174.913698      0.495  35.620741    12.5727     6.1296      0.491    30.2955    22.8323 -9.990e-29
 174.913704      0.498  35.627183    12.5838     6.1309      0.494    30.2926    22.8280 -9.990e-29
 174.913709      0.501  35.634465    12.5948     6.1227      0.497    30.2906    22.8245 -9.990e-29
 174.913715      0.498  35.639402    12.6034     6.1263      0.494    30.2884    22.8211 -9.990e-29
 174.913721      0.486  35.641845    12.6109     6.1325      0.482    30.2847    22.8168 -9.990e-29
 174.913727      0.473  35.645039    12.6168     6.1379      0.469    30.2829    22.8144 -9.990e-29
 174.913733      0.471  35.648193    12.6189     6.1357      0.467    30.2842    22.8150 -9.990e-29
 174.913738      0.483  35.648779    12.6156     6.1075      0.479    30.2874    22.8181 -9.990e-29
 174.913744      0.507  35.644769    12.6097     6.1190      0.503    30.2884    22.8199 -9.990e-29
 174.913750      0.531  35.639767    12.6107     6.1207      0.527    30.2828    22.8154 -9.990e-29
 174.913756      0.543  35.640535    12.6203     6.1315      0.538    30.2759    22.8082 -9.990e-29
 174.913762      0.545  35.643600    12.6295     6.1438      0.540    30.2714    22.8030 -9.990e-29
 174.913767      0.549  35.645753    12.6324     6.1093      0.544    30.2711    22.8022 -9.990e-29
 174.913773      0.564  35.648738    12.6312     6.1438      0.559    30.2748    22.8054 -9.990e-29
 174.913779      0.583  35.650363    12.6304     6.1539      0.578    30.2770    22.8072 -9.990e-29
 174.913785      0.593  35.651102    12.6316     6.1651      0.588    30.2767    22.8068 -9.990e-29
 174.913791      0.596  35.652488    12.6334     6.1764      0.591    30.2766    22.8063 -9.990e-29
 174.913796      0.601  35.653555    12.6346     6.1452      0.596    30.2766    22.8061 -9.990e-29
 174.913802      0.607  35.654035    12.6356     6.1375      0.602    30.2763    22.8057 -9.990e-29
 174.913808      0.607  35.653995    12.6371     6.1266      0.602    30.2750    22.8044 -9.990e-29
 174.913814      0.600  35.653930    12.6389     6.1315      0.595    30.2735    22.8029 -9.990e-29
 174.913819      0.595  35.654302    12.6403     6.1393      0.590    30.2728    22.8021 -9.990e-29
 174.913825      0.595  35.653355    12.6411     6.1418      0.590    30.2712    22.8007 -9.990e-29
 174.913831      0.596  35.647574    12.6409     6.1366      0.591    30.2659    22.7967 -9.990e-29
 174.913837      0.590  35.643245    12.6401     6.1336      0.585    30.2625    22.7942 -9.990e-29
 174.913843      0.577  35.647468    12.6390     6.1358      0.572    30.2674    22.7981 -9.990e-29
 174.913848      0.568  35.652416    12.6380     6.1376      0.563    30.2728    22.8026 -9.990e-29
 174.913854      0.572  35.653472    12.6373     6.1255      0.567    30.2744    22.8039 -9.990e-29
 174.913860      0.583  35.653711    12.6366     6.1133      0.578    30.2752    22.8046 -9.990e-29
 174.913866      0.595  35.654003    12.6356     6.1108      0.590    30.2762    22.8057 -9.990e-29
 174.913872      0.605  35.654165    12.6337     6.1140      0.600    30.2779    22.8073 -9.990e-29
 174.913877      0.616  35.653280    12.6302     6.1216      0.611    30.2799    22.8095 -9.990e-29
 174.913883      0.629  35.650155    12.6247     6.1318      0.624    30.2814    22.8117 -9.990e-29
 174.913889      0.638  35.645653    12.6156     6.1466      0.633    30.2844    22.8157 -9.990e-29
 174.913895      0.638  35.640481    12.6055     6.1565      0.633    30.2877    22.8201 -9.990e-29
 174.913900      0.629  35.635573    12.6019     6.1565      0.624    30.2859    22.8195 -9.990e-29
 174.913906      0.610  35.635017    12.6081     6.1509      0.605    30.2804    22.8141 -9.990e-29
 174.913912      0.585  35.638616    12.6185     6.1363      0.580    30.2755    22.8083 -9.990e-29
 174.913918      0.561  35.642754    12.6259     6.1181      0.556    30.2734    22.8053 -9.990e-29
 174.913924      0.545  35.646776    12.6290     6.1014      0.540    30.2748    22.8057 -9.990e-29
 174.913929      0.539  35.650433    12.6298     6.1061      0.535    30.2776    22.8078 -9.990e-29
 174.913935      0.540  35.652429    12.6297     6.1134      0.535    30.2795    22.8093 -9.990e-29
 174.913941      0.538  35.652614    12.6294     6.1296      0.534    30.2799    22.8097 -9.990e-29
 174.913947      0.530  35.652343    12.6291     6.1424      0.526    30.2799    22.8097 -9.990e-29
 174.913953      0.519  35.652363    12.6287     6.1070      0.515    30.2803    22.8101 -9.990e-29
 174.913958      0.508  35.652127    12.6280     6.1388      0.504    30.2806    22.8105 -9.990e-29
 174.913964      0.498  35.651309    12.6277     6.1365      0.494    30.2801    22.8101 -9.990e-29
 174.913970      0.487  35.651050    12.6283     6.1459      0.483    30.2794    22.8094 -9.990e-29
 174.913976      0.475  35.652111    12.6298     6.1533      0.471    30.2792    22.8090 -9.990e-29
 174.913981      0.460  35.653093    12.6315     6.0959      0.456    30.2787    22.8083 -9.990e-29
 174.913987      0.447  35.653615    12.6327     6.1360      0.443    30.2783    22.8078 -9.990e-29
 174.913993      0.443  35.654363    12.6329     6.1507      0.439    30.2788    22.8081 -9.990e-29
 174.913999      0.447  35.654641    12.6324     6.1679      0.443    30.2795    22.8087 -9.990e-29
