data/oxygen options/ONMS/Olympic_Coast_National_Marine_Sanctuary_CTD_Data_2005_2023/raw_data/2022/CAST_CE042_220720faed.cnv
* Sea-Bird SBE 19 Data File:
* FileName = C:\2022 Mooring Data\Casts\PPS\PPS_CE042_220720.hex
* Software Version SeatermAF 2.1.2
* Temperature SN = 2997
* Conductivity SN = 2997
* System UpLoad Time = Jul 20 2022 17:54:31 (localtime) = Jul 20 2022 17:54:31 (UTC)
** PPS_CE042_220720
* ds
# nquan = 9                                 
# nvalues = 2996                        
# units = specified
# name 0 = timeJ: Julian Days
# name 1 = prSM: Pressure, Strain Gauge [db]
# name 2 = c0mS/cm: Conductivity [mS/cm]
# name 3 = t090C: Temperature [ITS-90, deg C]
# name 4 = sbeox0ML/L: Oxygen, SBE 43 [ml/l]
# name 5 = depSM: Depth [salt water, m], lat = 47.5
# name 6 = sal00: Salinity, Practical [PSU]
# name 7 = sigma-é00: Density [sigma-theta, kg/m^3]
# name 8 = flag: flag
# span 0 = 201.726620, 201.743953       
# span 1 =     -5.086,     41.487       
# span 2 =   0.005939,  38.057342       
# span 3 =     7.4210,    15.1615       
# span 4 =    -1.9289,    17.8493       
# span 5 =     -5.044,     41.137       
# span 6 =     0.0094,    33.7819       
# span 7 =    -0.9160,    26.4013       
# span 8 = 0.0000e+00, 0.0000e+00       
# interval = seconds: 0.5
# start_time = Jul 20 2022 17:26:20 [Instrument's time stamp, header]
# bad_flag = -9.990e-29
*END*
[from data line 1761]
 201.736811     33.079  34.554738     7.4811     1.4440     32.800    33.7071    26.3339 -9.990e-29
 201.736817     33.115  34.554584     7.4796     1.4483     32.836    33.7083    26.3351 -9.990e-29
 201.736823     33.171  34.554458     7.4779     1.4568     32.892    33.7098    26.3365 -9.990e-29
 201.736829     33.233  34.554749     7.4763     1.4547     32.953    33.7117    26.3382 -9.990e-29
 201.736834     33.291  34.555280     7.4752     1.4000     33.010    33.7133    26.3396 -9.990e-29
 201.736840     33.342  34.555637     7.4748     1.4442     33.061    33.7140    26.3402 -9.990e-29
 201.736846     33.375  34.555731     7.4746     1.4591     33.094    33.7143    26.3405 -9.990e-29
 201.736852     33.383  34.555685     7.4748     1.4908     33.102    33.7141    26.3403 -9.990e-29
 201.736858     33.372  34.555437     7.4755     1.4867     33.091    33.7131    26.3394 -9.990e-29
 201.736863     33.350  34.555214     7.4758     1.4570     33.069    33.7126    26.3390 -9.990e-29
 201.736869     33.324  34.555280     7.4755     1.4527     33.043    33.7130    26.3393 -9.990e-29
 201.736875     33.300  34.555160     7.4752     1.4400     33.019    33.7132    26.3395 -9.990e-29
 201.736881     33.290  34.554693     7.4748     1.4465     33.010    33.7130    26.3395 -9.990e-29
 201.736887     33.302  34.554376     7.4740     1.4464     33.021    33.7135    26.3399 -9.990e-29
 201.736892     33.327  34.554346     7.4731     1.4569     33.046    33.7143    26.3407 -9.990e-29
 201.736898     33.356  34.554562     7.4727     1.4633     33.075    33.7149    26.3412 -9.990e-29
 201.736904     33.380  34.554747     7.4726     1.4632     33.099    33.7152    26.3415 -9.990e-29
 201.736910     33.398  34.554585     7.4726     1.4610     33.117    33.7150    26.3413 -9.990e-29
 201.736916     33.415  34.554420     7.4727     1.4567     33.133    33.7147    26.3411 -9.990e-29
 201.736921     33.431  34.554590     7.4729     1.4567     33.149    33.7147    26.3410 -9.990e-29
 201.736927     33.440  34.554761     7.4725     1.4483     33.158    33.7153    26.3415 -9.990e-29
 201.736933     33.437  34.554598     7.4719     1.4462     33.155    33.7157    26.3420 -9.990e-29
 201.736939     33.418  34.554441     7.4718     1.4462     33.136    33.7156    26.3419 -9.990e-29
 201.736944     33.378  34.554640     7.4721     1.4484     33.097    33.7156    26.3418 -9.990e-29
 201.736950     33.322  34.554896     7.4727     1.4526     33.041    33.7153    26.3415 -9.990e-29
 201.736956     33.261  34.554988     7.4736     1.4611     32.981    33.7145    26.3408 -9.990e-29
 201.736962     33.197  34.555038     7.4746     1.4633     32.917    33.7137    26.3400 -9.990e-29
 201.736968     33.142  34.555112     7.4756     1.4717     32.863    33.7128    26.3391 -9.990e-29
 201.736973     33.103  34.555309     7.4760     1.4634     32.824    33.7126    26.3390 -9.990e-29
 201.736979     33.086  34.555333     7.4762     1.4569     32.807    33.7125    26.3388 -9.990e-29
 201.736985     33.096  34.555213     7.4763     1.4463     32.817    33.7122    26.3386 -9.990e-29
 201.736991     33.127  34.555348     7.4763     1.4335     32.848    33.7124    26.3387 -9.990e-29
 201.736997     33.175  34.555357     7.4763     1.4356     32.895    33.7124    26.3387 -9.990e-29
 201.737002     33.228  34.555249     7.4764     1.4462     32.948    33.7121    26.3385 -9.990e-29
 201.737008     33.278  34.555438     7.4759     1.4547     32.998    33.7128    26.3391 -9.990e-29
 201.737014     33.320  34.555612     7.4751     1.4589     33.039    33.7137    26.3400 -9.990e-29
 201.737020     33.346  34.555441     7.4744     1.4231     33.065    33.7142    26.3404 -9.990e-29
 201.737025     33.355  34.555255     7.4742     1.4526     33.074    33.7142    26.3405 -9.990e-29
 201.737031     33.347  34.555365     7.4748     1.4632     33.066    33.7137    26.3400 -9.990e-29
 201.737037     33.322  34.555356     7.4757     1.4718     33.041    33.7129    26.3392 -9.990e-29
 201.737043     33.282  34.555212     7.4762     1.4698     33.002    33.7122    26.3386 -9.990e-29
 201.737049     33.238  34.555303     7.4764     1.4381     32.958    33.7122    26.3386 -9.990e-29
 201.737054     33.203  34.555189     7.4764     1.4445     32.923    33.7121    26.3385 -9.990e-29
 201.737060     33.185  34.554716     7.4763     1.4487     32.905    33.7117    26.3382 -9.990e-29
 201.737066     33.178  34.554374     7.4758     1.4635     32.898    33.7118    26.3383 -9.990e-29
 201.737072     33.181  34.554264     7.4751     1.4676     32.901    33.7123    26.3389 -9.990e-29
 201.737078     33.203  34.554234     7.4746     1.4632     32.923    33.7128    26.3393 -9.990e-29
 201.737083     33.245  34.554232     7.4742     1.4525     32.965    33.7131    26.3396 -9.990e-29
 201.737089     33.303  34.554248     7.4737     1.4462     33.022    33.7136    26.3401 -9.990e-29
 201.737095     33.370  34.554294     7.4729     1.4462     33.089    33.7144    26.3408 -9.990e-29
 201.737101     33.438  34.554425     7.4716     1.4399     33.156    33.7158    26.3421 -9.990e-29
 201.737106     33.494  34.554805     7.4706     1.4421     33.212    33.7171    26.3433 -9.990e-29
 201.737112     33.526  34.555373     7.4707     1.4420     33.243    33.7177    26.3437 -9.990e-29
 201.737118     33.522  34.555753     7.4716     1.4442     33.240    33.7172    26.3432 -9.990e-29
 201.737124     33.477  34.555882     7.4729     1.4568     33.195    33.7161    26.3421 -9.990e-29
 201.737130     33.397  34.555924     7.4742     1.4591     33.116    33.7149    26.3410 -9.990e-29
 201.737135     33.304  34.555930     7.4751     1.4675     33.023    33.7141    26.3402 -9.990e-29
 201.737141     33.220  34.555899     7.4752     1.4677     32.940    33.7140    26.3402 -9.990e-29
 201.737147     33.158  34.555785     7.4749     1.4635     32.879    33.7142    26.3404 -9.990e-29
 201.737153     33.118  34.555428     7.4747     1.4613     32.839    33.7140    26.3402 -9.990e-29
 201.737159     33.097  34.554906     7.4746     1.4485     32.818    33.7136    26.3399 -9.990e-29
 201.737164     33.094  34.554634     7.4746     1.4463     32.815    33.7133    26.3397 -9.990e-29
 201.737170     33.109  34.554802     7.4746     1.4463     32.830    33.7134    26.3398 -9.990e-29
 201.737176     33.143  34.555065     7.4746     1.4399     32.864    33.7137    26.3400 -9.990e-29
 201.737182     33.198  34.555207     7.4747     1.4504     32.918    33.7137    26.3400 -9.990e-29
 201.737188     33.269  34.555408     7.4745     1.4526     32.989    33.7141    26.3404 -9.990e-29
 201.737193     33.339  34.555368     7.4739     1.4632     33.058    33.7146    26.3408 -9.990e-29
 201.737199     33.391  34.555022     7.4735     1.4758     33.110    33.7146    26.3409 -9.990e-29
 201.737205     33.412  34.555020     7.4736     1.4232     33.130    33.7145    26.3408 -9.990e-29
 201.737211     33.394  34.555349     7.4739     1.4504     33.113    33.7146    26.3408 -9.990e-29
 201.737216     33.344  34.555320     7.4744     1.4547     33.063    33.7141    26.3403 -9.990e-29
 201.737222     33.277  34.554886     7.4748     1.4633     32.997    33.7133    26.3396 -9.990e-29
 201.737228     33.205  34.554583     7.4751     1.4698     32.925    33.7127    26.3391 -9.990e-29
 201.737234     33.145  34.554559     7.4754     1.4212     32.866    33.7124    26.3389 -9.990e-29
 201.737240     33.115  34.554776     7.4758     1.4401     32.836    33.7122    26.3387 -9.990e-29
 201.737245     33.117  34.554957     7.4760     1.4486     32.838    33.7122    26.3387 -9.990e-29
 201.737251     33.138  34.554773     7.4760     1.4676     32.859    33.7120    26.3385 -9.990e-29
 201.737257     33.167  34.554530     7.4760     1.4760     32.888    33.7118    26.3383 -9.990e-29
 201.737263     33.201  34.554457     7.4758     1.4632     32.921    33.7119    26.3384 -9.990e-29
 201.737269     33.243  34.554448     7.4751     1.4610     32.963    33.7125    26.3390 -9.990e-29
 201.737274     33.291  34.554484     7.4740     1.4568     33.010    33.7136    26.3400 -9.990e-29
 201.737280     33.340  34.554603     7.4730     1.4484     33.059    33.7147    26.3410 -9.990e-29
 201.737286     33.384  34.554955     7.4726     1.4548     33.103    33.7154    26.3416 -9.990e-29
 201.737292     33.412  34.555438     7.4726     1.4485     33.130    33.7159    26.3420 -9.990e-29
 201.737297     33.414  34.555567     7.4728     1.4485     33.132    33.7159    26.3420 -9.990e-29
 201.737303     33.387  34.555506     7.4731     1.4507     33.106    33.7155    26.3417 -9.990e-29
 201.737309     33.336  34.555726     7.4735     1.4485     33.055    33.7154    26.3415 -9.990e-29
 201.737315     33.280  34.555953     7.4739     1.4527     33.000    33.7153    26.3414 -9.990e-29
 201.737321     33.232  34.555922     7.4742     1.4612     32.952    33.7150    26.3411 -9.990e-29
 201.737326     33.198  34.555583     7.4741     1.4633     32.918    33.7147    26.3409 -9.990e-29
 201.737332     33.184  34.555038     7.4734     1.4633     32.904    33.7148    26.3411 -9.990e-29
 201.737338     33.193  34.554674     7.4727     1.4612     32.913    33.7151    26.3414 -9.990e-29
 201.737344     33.223  34.554557     7.4726     1.4485     32.943    33.7151    26.3414 -9.990e-29
 201.737350     33.261  34.554523     7.4731     1.4464     32.981    33.7145    26.3409 -9.990e-29
 201.737355     33.294  34.554516     7.4735     1.4464     33.013    33.7141    26.3405 -9.990e-29
 201.737361     33.310  34.554519     7.4735     1.4401     33.029    33.7141    26.3405 -9.990e-29
 201.737367     33.311  34.554527     7.4731     1.4337     33.030    33.7145    26.3409 -9.990e-29
 201.737373     33.306  34.554541     7.4726     1.4399     33.025    33.7150    26.3413 -9.990e-29
 201.737378     33.297  34.554575     7.4724     1.4441     33.016    33.7152    26.3415 -9.990e-29
 201.737384     33.285  34.554665     7.4723     1.4504     33.005    33.7154    26.3417 -9.990e-29
 201.737390     33.273  34.554921     7.4724     1.4105     32.993    33.7156    26.3418 -9.990e-29
 201.737396     33.269  34.555118     7.4724     1.4463     32.989    33.7158    26.3420 -9.990e-29
 201.737402     33.272  34.554951     7.4724     1.4593     32.992    33.7157    26.3419 -9.990e-29
 201.737407     33.274  34.554748     7.4726     1.4783     32.994    33.7152    26.3415 -9.990e-29
 201.737413     33.268  34.554792     7.4730     1.4805     32.988    33.7149    26.3412 -9.990e-29
 201.737419     33.243  34.555130     7.4737     1.4106     32.963    33.7146    26.3408 -9.990e-29
 201.737425     33.203  34.555645     7.4751     1.4399     32.923    33.7138    26.3400 -9.990e-29
 201.737431     33.167  34.555897     7.4767     1.4400     32.888    33.7126    26.3388 -9.990e-29
 201.737436     33.153  34.555652     7.4776     1.4527     32.874    33.7114    26.3378 -9.990e-29
 201.737442     33.173  34.555140     7.4774     1.4634     32.893    33.7111    26.3375 -9.990e-29
 201.737448     33.225  34.554791     7.4760     1.4444     32.945    33.7120    26.3385 -9.990e-29
 201.737454     33.290  34.554691     7.4742     1.4571     33.010    33.7136    26.3400 -9.990e-29
 201.737459     33.347  34.554695     7.4732     1.4592     33.066    33.7146    26.3409 -9.990e-29
 201.737465     33.378  34.554799     7.4734     1.4591     33.097    33.7145    26.3408 -9.990e-29
 201.737471     33.377  34.555133     7.4740     1.4570     33.096    33.7143    26.3405 -9.990e-29
 201.737477     33.352  34.555572     7.4743     1.4527     33.071    33.7145    26.3406 -9.990e-29
 201.737483     33.323  34.555576     7.4743     1.4527     33.042    33.7145    26.3407 -9.990e-29
 201.737488     33.308  34.555143     7.4743     1.4612     33.027    33.7140    26.3403 -9.990e-29
 201.737494     33.317  34.554807     7.4740     1.4464     33.036    33.7139    26.3403 -9.990e-29
 201.737500     33.341  34.554676     7.4734     1.4422     33.060    33.7144    26.3407 -9.990e-29
 201.737506     33.364  34.554564     7.4728     1.4401     33.083    33.7148    26.3411 -9.990e-29
 201.737512     33.375  34.554312     7.4726     1.4402     33.094    33.7147    26.3411 -9.990e-29
 201.737517     33.371  34.554137     7.4727     1.4570     33.090    33.7144    26.3409 -9.990e-29
 201.737523     33.355  34.554356     7.4730     1.4506     33.074    33.7144    26.3408 -9.990e-29
 201.737529     33.335  34.554694     7.4731     1.4484     33.054    33.7147    26.3410 -9.990e-29
 201.737535     33.315  34.555032     7.4731     1.4548     33.034    33.7151    26.3413 -9.990e-29
 201.737541     33.296  34.555254     7.4732     1.4548     33.015    33.7152    26.3414 -9.990e-29
 201.737546     33.286  34.555086     7.4732     1.4675     33.006    33.7150    26.3412 -9.990e-29
 201.737552     33.285  34.554859     7.4727     1.4675     33.005    33.7153    26.3415 -9.990e-29
 201.737558     33.285  34.554820     7.4723     1.4633     33.005    33.7156    26.3418 -9.990e-29
 201.737564     33.280  34.554911     7.4725     1.4611     33.000    33.7155    26.3417 -9.990e-29
 201.737569     33.266  34.555244     7.4731     1.4485     32.986    33.7153    26.3415 -9.990e-29
 201.737575     33.238  34.555692     7.4740     1.4042     32.958    33.7149    26.3411 -9.990e-29
 201.737581     33.203  34.555724     7.4749     1.4359     32.923    33.7141    26.3403 -9.990e-29
 201.737587     33.176  34.555377     7.4752     1.4485     32.896    33.7134    26.3397 -9.990e-29
 201.737593     33.164  34.555301     7.4750     1.4549     32.885    33.7136    26.3398 -9.990e-29
 201.737598     33.160  34.555386     7.4748     1.4634     32.881    33.7139    26.3401 -9.990e-29
 201.737604     33.162  34.555178     7.4746     1.4000     32.883    33.7138    26.3401 -9.990e-29
 201.737610     33.169  34.554951     7.4744     1.4336     32.890    33.7138    26.3401 -9.990e-29
 201.737616     33.182  34.554954     7.4741     1.4570     32.902    33.7141    26.3404 -9.990e-29
 201.737622     33.200  34.555184     7.4736     1.4699     32.920    33.7148    26.3410 -9.990e-29
 201.737627     33.222  34.555380     7.4730     1.4890     32.942    33.7156    26.3417 -9.990e-29
 201.737633     33.240  34.555234     7.4725     1.4677     32.960    33.7159    26.3420 -9.990e-29
 201.737639     33.247  34.555101     7.4725     1.4633     32.967    33.7157    26.3419 -9.990e-29
 201.737645     33.239  34.555356     7.4726     1.4528     32.959    33.7159    26.3420 -9.990e-29
 201.737650     33.224  34.555770     7.4726     1.4464     32.944    33.7164    26.3424 -9.990e-29
 201.737656     33.217  34.555767     7.4728     1.4380     32.937    33.7162    26.3422 -9.990e-29
 201.737662     33.228  34.555334     7.4728     1.4380     32.948    33.7157    26.3418 -9.990e-29
 201.737668     33.252  34.555007     7.4720     1.4423     32.972    33.7161    26.3423 -9.990e-29
 201.737674     33.283  34.554902     7.4707     1.4360     33.003    33.7173    26.3434 -9.990e-29
 201.737679     33.310  34.554871     7.4700     1.4464     33.029    33.7179    26.3440 -9.990e-29
 201.737685     33.321  34.554866     7.4708     1.4486     33.040    33.7171    26.3432 -9.990e-29
 201.737691     33.318  34.554868     7.4719     1.4423     33.037    33.7160    26.3422 -9.990e-29
 201.737697     33.308  34.554872     7.4724     1.4507     33.027    33.7156    26.3418 -9.990e-29
 201.737703     33.300  34.554877     7.4725     1.4570     33.019    33.7155    26.3417 -9.990e-29
 201.737708     33.301  34.554883     7.4724     1.4613     33.020    33.7156    26.3418 -9.990e-29
 201.737714     33.312  34.554889     7.4718     1.4634     33.031    33.7162    26.3423 -9.990e-29
 201.737720     33.320  34.554896     7.4713     1.4571     33.039    33.7167    26.3428 -9.990e-29
 201.737726     33.313  34.554903     7.4715     1.4527     33.032    33.7165    26.3426 -9.990e-29
