data/oxygen options/ONMS/Olympic_Coast_National_Marine_Sanctuary_CTD_Data_2005_2023/raw_data/2022/CAST_MB015_220521faed.cnv
* Sea-Bird SBE 19 Data File:
* FileName = C:\2022 Mooring Data\Casts\Setup\CAST_MB015_220521.hex
* Software Version SeatermAF 2.1.2
* Temperature SN = 2997
* Conductivity SN = 2997
* System UpLoad Time = May 21 2022 20:52:58 (localtime) = May 21 2022 20:52:58 (UTC)
** CAST_MB015_220521
* ds
# nquan = 9                                 
# nvalues = 1639                        
# units = specified
# name 0 = timeJ: Julian Days
# name 1 = prSM: Pressure, Strain Gauge [db]
# name 2 = c0mS/cm: Conductivity [mS/cm]
# name 3 = t090C: Temperature [ITS-90, deg C]
# name 4 = sbeox0ML/L: Oxygen, SBE 43 [ml/l]
# name 5 = depSM: Depth [salt water, m], lat = 47.5
# name 6 = sal00: Salinity, Practical [PSU]
# name 7 = sigma-é00: Density [sigma-theta, kg/m^3]
# name 8 = flag: flag
# span 0 = 141.854120, 141.863600       
# span 1 =     -5.904,     13.675       
# span 2 =  -0.000924,  33.539716       
# span 3 =    10.0957,    14.8638       
# span 4 =   -11.6433,    15.5865       
# span 5 =     -5.855,     13.560       
# span 6 =     0.0000,    30.2916       
# span 7 =    -0.8786,    23.2613       
# span 8 = 0.0000e+00, 0.0000e+00       
# interval = seconds: 0.5
# start_time = May 21 2022 20:29:56 [Instrument's time stamp, header]
# bad_flag = -9.990e-29
*END*
[from data line 321]
 141.855978     -1.367  -0.000803    14.6546    -1.9112     -1.356     0.0000    -0.8476 -9.990e-29
 141.855984     -1.365  -0.000803    14.6484    -1.9107     -1.354     0.0000    -0.8467 -9.990e-29
 141.855990     -1.367  -0.000803    14.6400    -1.9101     -1.356     0.0000    -0.8454 -9.990e-29
 141.855995     -1.368  -0.000803    14.6265    -1.9099     -1.357     0.0000    -0.8435 -9.990e-29
 141.856001     -1.369  -0.000803    14.6057    -1.9099     -1.358     0.0000    -0.8404 -9.990e-29
 141.856007     -1.369  -0.000803    14.5822    -1.9102     -1.358     0.0000    -0.8370 -9.990e-29
 141.856013     -1.368  -0.000803    14.5598    -1.9109     -1.357     0.0000    -0.8337 -9.990e-29
 141.856019     -1.368  -0.000803    14.5379    -1.9114     -1.357     0.0000    -0.8305 -9.990e-29
 141.856024     -1.366  -0.000803    14.5212    -1.9115     -1.355     0.0000    -0.8281 -9.990e-29
 141.856030     -1.364  -0.000803    14.5167    -1.9116     -1.353     0.0000    -0.8275 -9.990e-29
 141.856036     -1.361  -0.000803    14.5221    -1.9123     -1.350     0.0000    -0.8282 -9.990e-29
 141.856042     -1.357  -0.000803    14.5296    -1.9138     -1.346     0.0000    -0.8293 -9.990e-29
 141.856047     -1.352  -0.000803    14.5341    -1.9152     -1.341     0.0000    -0.8300 -9.990e-29
 141.856053     -1.345  -0.000803    14.5332    -1.9160     -1.334     0.0000    -0.8299 -9.990e-29
 141.856059     -1.341  -0.000803    14.5264    -1.9161     -1.330     0.0000    -0.8289 -9.990e-29
 141.856065     -1.342  -0.000803    14.5159    -1.9162     -1.331     0.0000    -0.8273 -9.990e-29
 141.856071     -1.346  -0.000803    14.5060    -1.9160     -1.335     0.0000    -0.8259 -9.990e-29
 141.856076     -1.348  -0.000803    14.4981    -1.9157     -1.337     0.0000    -0.8248 -9.990e-29
 141.856082     -1.348  -0.000803    14.4879    -1.9152     -1.337     0.0000    -0.8233 -9.990e-29
 141.856088     -1.346  -0.000803    14.4699    -1.9150     -1.335     0.0000    -0.8207 -9.990e-29
 141.856094     -1.343  -0.000803    14.4443    -1.9161     -1.332     0.0000    -0.8170 -9.990e-29
 141.856100     -1.337  -0.000803    14.4185    -1.9174     -1.326     0.0000    -0.8133 -9.990e-29
 141.856105     -1.328  -0.000803    14.4003    -1.9193     -1.317     0.0000    -0.8106 -9.990e-29
 141.856111     -1.316  -0.000803    14.3919    -1.9204     -1.305     0.0000    -0.8094 -9.990e-29
 141.856117     -1.301  -0.000803    14.3902    -1.9215     -1.290     0.0000    -0.8092 -9.990e-29
 141.856123     -1.285  -0.000803    14.3925    -1.9219     -1.274     0.0000    -0.8095 -9.990e-29
 141.856128     -1.271  -0.000803    14.3977    -1.9212     -1.260     0.0000    -0.8103 -9.990e-29
 141.856134     -1.260  -0.000803    14.4017    -1.9214     -1.249     0.0000    -0.8108 -9.990e-29
 141.856140     -1.254  -0.000802    14.3965    -1.9230     -1.244     0.0000    -0.8101 -9.990e-29
 141.856146     -1.252  -0.000801    14.3778    -1.9237     -1.242     0.0000    -0.8074 -9.990e-29
 141.856152     -1.252  -0.000798    14.3484    -1.9233     -1.242     0.0000    -0.8032 -9.990e-29
 141.856157     -1.252  -0.000789    14.3157    -1.9230     -1.242     0.0000    -0.7985 -9.990e-29
 141.856163     -1.248  -0.000762    14.2872    -1.9221     -1.238     0.0000    -0.7945 -9.990e-29
 141.856169     -1.236  -0.000680    14.2670    -1.9213     -1.226     0.0000    -0.7916 -9.990e-29
 141.856175     -1.219  -0.000434    14.2572    -1.9204     -1.209     0.0000    -0.7902 -9.990e-29
 141.856181     -1.205  -0.000250    14.2536    -1.9196     -1.195     0.0000    -0.7897 -9.990e-29
 141.856186     -1.192  -0.000434    14.2450    -1.9195     -1.182     0.0000    -0.7885 -9.990e-29
 141.856192     -1.177  -0.000680    14.2293    -1.9196     -1.167     0.0000    -0.7862 -9.990e-29
 141.856198     -1.162  -0.000762    14.2182    -1.9201     -1.152     0.0000    -0.7847 -9.990e-29
 141.856204     -1.150  -0.000790    14.2185    -1.9204     -1.140     0.0000    -0.7847 -9.990e-29
 141.856209     -1.141  -0.000799    14.2278    -1.9208     -1.131     0.0000    -0.7860 -9.990e-29
 141.856215     -1.134  -0.000802    14.2434    -1.9227     -1.125     0.0000    -0.7882 -9.990e-29
 141.856221     -1.128  -0.000803    14.2616    -1.9244     -1.119     0.0000    -0.7908 -9.990e-29
 141.856227     -1.124  -0.000803    14.2790    -1.9260     -1.115     0.0000    -0.7933 -9.990e-29
 141.856233     -1.121  -0.000803    14.2923    -1.9273     -1.112     0.0000    -0.7952 -9.990e-29
 141.856238     -1.119  -0.000803    14.2981    -1.9264     -1.110     0.0000    -0.7960 -9.990e-29
 141.856244     -1.118  -0.000802    14.2964    -1.9254     -1.109     0.0000    -0.7958 -9.990e-29
 141.856250     -1.117  -0.000802    14.2889    -1.9248     -1.108     0.0000    -0.7947 -9.990e-29
 141.856256     -1.117  -0.000801    14.2767    -1.9234     -1.108     0.0000    -0.7930 -9.990e-29
 141.856262     -1.117  -0.000801    14.2561    -1.9232     -1.108     0.0000    -0.7900 -9.990e-29
 141.856267     -1.118  -0.000800    14.2248    -1.9236     -1.109     0.0000    -0.7856 -9.990e-29
 141.856273     -1.120  -0.000799    14.1895    -1.9237     -1.111     0.0000    -0.7806 -9.990e-29
 141.856279     -1.122  -0.000798    14.1588    -1.9252     -1.113     0.0000    -0.7763 -9.990e-29
 141.856285     -1.125  -0.000795    14.1424    -1.9272     -1.116     0.0000    -0.7740 -9.990e-29
 141.856291     -1.125  -0.000785    14.1457    -1.9291     -1.116     0.0000    -0.7744 -9.990e-29
 141.856296     -1.118  -0.000757    14.1608    -1.9307     -1.109     0.0000    -0.7766 -9.990e-29
 141.856302     -1.107  -0.000675    14.1791    -1.9314     -1.098     0.0000    -0.7791 -9.990e-29
 141.856308     -1.100  -0.000429    14.1954    -1.9321     -1.091     0.0000    -0.7814 -9.990e-29
 141.856314     -1.101  -0.000244    14.2025    -1.9316     -1.092     0.0000    -0.7824 -9.990e-29
 141.856319     -1.106  -0.000428    14.1988    -1.9307     -1.097     0.0000    -0.7819 -9.990e-29
 141.856325     -1.111  -0.000673    14.1841    -1.9298     -1.102     0.0000    -0.7798 -9.990e-29
 141.856331     -1.116  -0.000755    14.1555    -1.9288     -1.107     0.0000    -0.7758 -9.990e-29
 141.856337     -1.121  -0.000782    14.1171    -1.9277     -1.112     0.0000    -0.7704 -9.990e-29
 141.856343     -1.128  -0.000791    14.0782    -1.9271     -1.119     0.0000    -0.7650 -9.990e-29
 141.856348     -1.131  -0.000793    14.0464    -1.9265     -1.122     0.0000    -0.7605 -9.990e-29
 141.856354     -1.128  -0.000794    14.0253    -1.9265     -1.119     0.0000    -0.7576 -9.990e-29
 141.856360     -1.121  -0.000794    14.0164    -1.9266     -1.112     0.0000    -0.7563 -9.990e-29
 141.856366     -1.115  -0.000794    14.0213    -1.9277     -1.106     0.0000    -0.7570 -9.990e-29
 141.856372     -1.110  -0.000793    14.0368    -1.9288     -1.101     0.0000    -0.7592 -9.990e-29
 141.856377     -1.104  -0.000793    14.0569    -1.9304     -1.095     0.0000    -0.7620 -9.990e-29
 141.856383     -1.099  -0.000792    14.0790    -1.9299     -1.090     0.0000    -0.7651 -9.990e-29
 141.856389     -1.092  -0.000792    14.1000    -1.9294     -1.083     0.0000    -0.7680 -9.990e-29
 141.856395     -1.085  -0.000792    14.1162    -1.9295     -1.076     0.0000    -0.7703 -9.990e-29
 141.856400     -1.081  -0.000791    14.1255    -1.9294     -1.072     0.0000    -0.7716 -9.990e-29
 141.856406     -1.083  -0.000791    14.1269    -1.9304     -1.074     0.0000    -0.7718 -9.990e-29
 141.856412     -1.089  -0.000790    14.1190    -1.9299     -1.080     0.0000    -0.7707 -9.990e-29
 141.856418     -1.093  -0.000790    14.1016    -1.9290     -1.084     0.0000    -0.7682 -9.990e-29
 141.856424     -1.096  -0.000790    14.0791    -1.9279     -1.087     0.0000    -0.7651 -9.990e-29
 141.856429     -1.098  -0.000789    14.0618    -1.9265     -1.089     0.0000    -0.7627 -9.990e-29
 141.856435     -1.100  -0.000789    14.0574    -1.9263     -1.091     0.0000    -0.7621 -9.990e-29
 141.856441     -1.101  -0.000788    14.0601    -1.9278     -1.092     0.0000    -0.7624 -9.990e-29
 141.856447     -1.102  -0.000788    14.0610    -1.9301     -1.093     0.0000    -0.7626 -9.990e-29
 141.856453     -1.102  -0.000787    14.0582    -1.9314     -1.093     0.0000    -0.7622 -9.990e-29
 141.856458     -1.102  -0.000787    14.0558    -1.9325     -1.093     0.0000    -0.7618 -9.990e-29
 141.856464     -1.102  -0.000787    14.0621    -1.9338     -1.093     0.0000    -0.7627 -9.990e-29
 141.856470     -1.101  -0.000786    14.0785    -1.9346     -1.092     0.0000    -0.7650 -9.990e-29
 141.856476     -1.100  -0.000786    14.0991    -1.9352     -1.091     0.0000    -0.7679 -9.990e-29
 141.856481     -1.098  -0.000785    14.1149    -1.9358     -1.089     0.0000    -0.7701 -9.990e-29
 141.856487     -1.096  -0.000785    14.1133    -1.9367     -1.087     0.0000    -0.7699 -9.990e-29
 141.856493     -1.092  -0.000785    14.0899    -1.9377     -1.083     0.0000    -0.7666 -9.990e-29
 141.856499     -1.088  -0.000784    14.0549    -1.9379     -1.079     0.0000    -0.7617 -9.990e-29
 141.856505     -1.083  -0.000784    14.0212    -1.9376     -1.074     0.0000    -0.7570 -9.990e-29
 141.856510     -1.076  -0.000783    13.9920    -1.9365     -1.067     0.0000    -0.7530 -9.990e-29
 141.856516     -1.067  -0.000783    13.9660    -1.9352     -1.058     0.0000    -0.7493 -9.990e-29
 141.856522     -1.059  -0.000783    13.9439    -1.9338     -1.050     0.0000    -0.7463 -9.990e-29
 141.856528     -1.058  -0.000782    13.9256    -1.9338     -1.049     0.0000    -0.7438 -9.990e-29
 141.856534     -1.057  -0.000782    13.9084    -1.9353     -1.048     0.0000    -0.7414 -9.990e-29
 141.856539     -1.053  -0.000781    13.8910    -1.9353     -1.044     0.0000    -0.7390 -9.990e-29
 141.856545     -1.045  -0.000781    13.8772    -1.9347     -1.036     0.0000    -0.7371 -9.990e-29
 141.856551     -1.034  -0.000781    13.8730    -1.9335     -1.025     0.0000    -0.7365 -9.990e-29
 141.856557     -1.022  -0.000780    13.8808    -1.9320     -1.013     0.0000    -0.7376 -9.990e-29
 141.856563     -1.017  -0.000780    13.8987    -1.9307     -1.009     0.0000    -0.7400 -9.990e-29
 141.856568     -1.019  -0.000779    13.9214    -1.9294     -1.010     0.0000    -0.7432 -9.990e-29
 141.856574     -1.021  -0.000779    13.9392    -1.9282     -1.012     0.0000    -0.7456 -9.990e-29
 141.856580     -1.016  -0.000779    13.9427    -1.9274     -1.008     0.0000    -0.7461 -9.990e-29
 141.856586     -1.006  -0.000778    13.9368    -1.9262     -0.998     0.0000    -0.7453 -9.990e-29
 141.856591     -0.993  -0.000778    13.9366    -1.9244     -0.985     0.0000    -0.7453 -9.990e-29
 141.856597     -0.986  -0.000777    13.9495    -1.9230     -0.978     0.0000    -0.7471 -9.990e-29
 141.856603     -0.985  -0.000777    13.9732    -1.9224     -0.977     0.0000    -0.7503 -9.990e-29
 141.856609     -0.984  -0.000777    14.0026    -1.9222     -0.976     0.0000    -0.7544 -9.990e-29
 141.856615     -0.988  -0.000776    14.0331    -1.9226     -0.980     0.0000    -0.7587 -9.990e-29
 141.856620     -0.997  -0.000776    14.0627    -1.9233     -0.989     0.0000    -0.7628 -9.990e-29
 141.856626     -1.003  -0.000775    14.0906    -1.9242     -0.995     0.0000    -0.7667 -9.990e-29
 141.856632     -1.003  -0.000775    14.1180    -1.9248     -0.995     0.0000    -0.7705 -9.990e-29
 141.856638     -1.001  -0.000775    14.1481    -1.9248     -0.993     0.0000    -0.7748 -9.990e-29
 141.856644     -1.000  -0.000774    14.1805    -1.9245     -0.992     0.0000    -0.7793 -9.990e-29
 141.856649     -0.997  -0.000774    14.2082    -1.9252     -0.989     0.0000    -0.7832 -9.990e-29
 141.856655     -0.986  -0.000773    14.2250    -1.9265     -0.978     0.0000    -0.7856 -9.990e-29
 141.856661     -0.972  -0.000773    14.2297    -1.9281     -0.964     0.0000    -0.7863 -9.990e-29
 141.856667     -0.963  -0.000773    14.2237    -1.9294     -0.955     0.0000    -0.7854 -9.990e-29
 141.856672     -0.961  -0.000772    14.2102    -1.9308     -0.953     0.0000    -0.7835 -9.990e-29
 141.856678     -0.968  -0.000772    14.1949    -1.9327     -0.960     0.0000    -0.7814 -9.990e-29
 141.856684     -0.978  -0.000771    14.1837    -1.9345     -0.970     0.0000    -0.7798 -9.990e-29
 141.856690     -0.984  -0.000771    14.1781    -1.9355     -0.976     0.0000    -0.7790 -9.990e-29
 141.856696     -0.982  -0.000771    14.1715    -1.9362     -0.974     0.0000    -0.7781 -9.990e-29
 141.856701     -0.977  -0.000770    14.1556    -1.9373     -0.969     0.0000    -0.7758 -9.990e-29
 141.856707     -0.971  -0.000770    14.1293    -1.9383     -0.963     0.0000    -0.7721 -9.990e-29
 141.856713     -0.962  -0.000769    14.0973    -1.9390     -0.954     0.0000    -0.7676 -9.990e-29
 141.856719     -0.947  -0.000769    14.0634    -1.9397     -0.939     0.0000    -0.7629 -9.990e-29
 141.856725     -0.935  -0.000769    14.0273    -1.9409     -0.927     0.0000    -0.7579 -9.990e-29
 141.856730     -0.930  -0.000768    13.9888    -1.9420     -0.922     0.0000    -0.7525 -9.990e-29
 141.856736     -0.930  -0.000768    13.9526    -1.9428     -0.922     0.0000    -0.7475 -9.990e-29
 141.856742     -0.936  -0.000767    13.9235    -1.9436     -0.928     0.0000    -0.7435 -9.990e-29
 141.856748     -0.943  -0.000767    13.8996    -1.9444     -0.935     0.0000    -0.7402 -9.990e-29
 141.856753     -0.949  -0.000767    13.8765    -1.9448     -0.941     0.0000    -0.7370 -9.990e-29
 141.856759     -0.954  -0.000766    13.8544    -1.9444     -0.946     0.0000    -0.7340 -9.990e-29
 141.856765     -0.953  -0.000766    13.8344    -1.9434     -0.945     0.0000    -0.7312 -9.990e-29
 141.856771     -0.946  -0.000765    13.8138    -1.9429     -0.938     0.0000    -0.7284 -9.990e-29
 141.856777     -0.942  -0.000765    13.7905    -1.9440     -0.934     0.0000    -0.7252 -9.990e-29
 141.856782     -0.944  -0.000765    13.7669    -1.9447     -0.936     0.0000    -0.7220 -9.990e-29
 141.856788     -0.949  -0.000764    13.7459    -1.9454     -0.941     0.0000    -0.7191 -9.990e-29
 141.856794     -0.948  -0.000764    13.7280    -1.9459     -0.940     0.0000    -0.7167 -9.990e-29
 141.856800     -0.942  -0.000763    13.7141    -1.9464     -0.934     0.0000    -0.7148 -9.990e-29
 141.856806     -0.937  -0.000763    13.7082    -1.9469     -0.929     0.0000    -0.7140 -9.990e-29
 141.856811     -0.935  -0.000762    13.7128    -1.9470     -0.927     0.0000    -0.7147 -9.990e-29
 141.856817     -0.926  -0.000762    13.7222    -1.9466     -0.918     0.0000    -0.7159 -9.990e-29
 141.856823     -0.910  -0.000762    13.7244    -1.9474     -0.902     0.0000    -0.7162 -9.990e-29
 141.856829     -0.894  -0.000761    13.7147    -1.9486     -0.887     0.0000    -0.7149 -9.990e-29
 141.856834     -0.881  -0.000761    13.6999    -1.9499     -0.874     0.0000    -0.7129 -9.990e-29
 141.856840     -0.872  -0.000760    13.6854    -1.9505     -0.865     0.0000    -0.7109 -9.990e-29
 141.856846     -0.864  -0.000760    13.6725    -1.9519     -0.857     0.0000    -0.7092 -9.990e-29
 141.856852     -0.858  -0.000760    13.6613    -1.9528     -0.851     0.0000    -0.7077 -9.990e-29
 141.856858     -0.853  -0.000759    13.6526    -1.9529     -0.846     0.0000    -0.7065 -9.990e-29
 141.856863     -0.849  -0.000759    13.6474    -1.9529     -0.842     0.0000    -0.7058 -9.990e-29
 141.856869     -0.846  -0.000758    13.6414    -1.9529     -0.839     0.0000    -0.7050 -9.990e-29
 141.856875     -0.844  -0.000758    13.6274    -1.9529     -0.837     0.0000    -0.7031 -9.990e-29
 141.856881     -0.841  -0.000758    13.6055    -1.9539     -0.834     0.0000    -0.7002 -9.990e-29
 141.856887     -0.839  -0.000757    13.5817    -1.9546     -0.832     0.0000    -0.6970 -9.990e-29
 141.856892     -0.837  -0.000757    13.5585    -1.9556     -0.830     0.0000    -0.6939 -9.990e-29
