data/oxygen options/ONMS/Olympic_Coast_National_Marine_Sanctuary_CTD_Data_2005_2023/raw_data/2022/CAST_CE042_220823faed.cnv
* Sea-Bird SBE 19 Data File:
* FileName = C:\2022 Mooring Data\Casts\CAST_CE042_220823.hex
* Software Version SeatermAF 2.1.2
* Temperature SN = 2997
* Conductivity SN = 2997
* System UpLoad Time = Aug 23 2022 18:25:22 (localtime) = Aug 23 2022 18:25:22 (UTC)
** CAST_CE042_220823
* ds
# nquan = 9                                 
# nvalues = 1445                        
# units = specified
# name 0 = timeJ: Julian Days
# name 1 = prSM: Pressure, Strain Gauge [db]
# name 2 = c0mS/cm: Conductivity [mS/cm]
# name 3 = t090C: Temperature [ITS-90, deg C]
# name 4 = sbeox0ML/L: Oxygen, SBE 43 [ml/l]
# name 5 = depSM: Depth [salt water, m], lat = 47.5
# name 6 = sal00: Salinity, Practical [PSU]
# name 7 = sigma-é00: Density [sigma-theta, kg/m^3]
# name 8 = flag: flag
# span 0 = 235.719502, 235.727859       
# span 1 =     -5.915,     44.098       
# span 2 =   0.387765, 221.965274       
# span 3 =     7.5409,    44.0221       
# span 4 =    -9.3085,    11.9979       
# span 5 =     -5.866,     43.725       
# span 6 =     0.2279,    36.0096       
# span 7 =    -0.8993,    26.3863       
# span 8 = 0.0000e+00, 0.0000e+00       
# interval = seconds: 0.5
# start_time = Aug 23 2022 17:16:05 [Instrument's time stamp, header]
# bad_flag = -9.990e-29
*END*
[from data line 321]
 235.721360     -1.359   0.392421    15.9716    -1.8503     -1.348     0.2303    -0.8729 -9.990e-29
 235.721366     -1.353   0.392423    15.9725    -1.8498     -1.342     0.2303    -0.8731 -9.990e-29
 235.721372     -1.345   0.392428    15.9730    -1.8495     -1.334     0.2303    -0.8731 -9.990e-29
 235.721377     -1.340   0.392442    15.9735    -1.8492     -1.329     0.2303    -0.8732 -9.990e-29
 235.721383     -1.341   0.392483    15.9753    -1.8491     -1.330     0.2303    -0.8735 -9.990e-29
 235.721389     -1.344   0.392607    15.9795    -1.8486     -1.333     0.2304    -0.8741 -9.990e-29
 235.721395     -1.344   0.392976    15.9850    -1.8485     -1.333     0.2306    -0.8749 -9.990e-29
 235.721400     -1.343   0.393530    15.9904    -1.8484     -1.332     0.2309    -0.8755 -9.990e-29
 235.721406     -1.339   0.393900    15.9953    -1.8483     -1.328     0.2311    -0.8762 -9.990e-29
 235.721412     -1.333   0.394023    16.0011    -1.8482     -1.322     0.2311    -0.8771 -9.990e-29
 235.721418     -1.329   0.394065    16.0088    -1.8483     -1.318     0.2311    -0.8784 -9.990e-29
 235.721424     -1.330   0.394079    16.0172    -1.8481     -1.319     0.2311    -0.8798 -9.990e-29
 235.721429     -1.332   0.394084    16.0249    -1.8479     -1.321     0.2310    -0.8810 -9.990e-29
 235.721435     -1.331   0.394086    16.0319    -1.8480     -1.320     0.2310    -0.8822 -9.990e-29
 235.721441     -1.327   0.394087    16.0384    -1.8483     -1.316     0.2309    -0.8833 -9.990e-29
 235.721447     -1.321   0.394089    16.0435    -1.8475     -1.310     0.2309    -0.8842 -9.990e-29
 235.721453     -1.310   0.394094    16.0474    -1.8471     -1.299     0.2309    -0.8848 -9.990e-29
 235.721458     -1.296   0.394108    16.0505    -1.8468     -1.285     0.2309    -0.8853 -9.990e-29
 235.721464     -1.281   0.394150    16.0524    -1.8463     -1.270     0.2309    -0.8856 -9.990e-29
 235.721470     -1.268   0.394273    16.0543    -1.8462     -1.257     0.2310    -0.8859 -9.990e-29
 235.721476     -1.256   0.394643    16.0569    -1.8464     -1.246     0.2312    -0.8861 -9.990e-29
 235.721481     -1.250   0.395197    16.0589    -1.8469     -1.240     0.2315    -0.8862 -9.990e-29
 235.721487     -1.249   0.395567    16.0595    -1.8475     -1.239     0.2317    -0.8862 -9.990e-29
 235.721493     -1.248   0.395691    16.0622    -1.8483     -1.238     0.2318    -0.8865 -9.990e-29
 235.721499     -1.251   0.395736    16.0702    -1.8488     -1.241     0.2318    -0.8879 -9.990e-29
 235.721505     -1.260   0.395759    16.0806    -1.8494     -1.249     0.2317    -0.8896 -9.990e-29
 235.721510     -1.265   0.395792    16.0900    -1.8497     -1.254     0.2317    -0.8912 -9.990e-29
 235.721516     -1.263   0.395877    16.0972    -1.8498     -1.252     0.2317    -0.8923 -9.990e-29
 235.721522     -1.254   0.396128    16.0992    -1.8500     -1.244     0.2318    -0.8926 -9.990e-29
 235.721528     -1.242   0.396327    16.0942    -1.8503     -1.232     0.2320    -0.8916 -9.990e-29
 235.721534     -1.230   0.396184    16.0835    -1.8505     -1.220     0.2320    -0.8899 -9.990e-29
 235.721539     -1.216   0.396062    16.0690    -1.8507     -1.206     0.2320    -0.8875 -9.990e-29
 235.721545     -1.201   0.396350    16.0533    -1.8507     -1.191     0.2322    -0.8847 -9.990e-29
 235.721551     -1.184   0.396878    16.0387    -1.8510     -1.174     0.2326    -0.8821 -9.990e-29
 235.721557     -1.167   0.397243    16.0265    -1.8513     -1.157     0.2329    -0.8798 -9.990e-29
 235.721563     -1.154   0.397377    16.0175    -1.8516     -1.144     0.2330    -0.8783 -9.990e-29
 235.721568     -1.143   0.397459    16.0109    -1.8521     -1.133     0.2331    -0.8771 -9.990e-29
 235.721574     -1.135   0.397595    16.0048    -1.8525     -1.126     0.2332    -0.8760 -9.990e-29
 235.721580     -1.129   0.397969    15.9989    -1.8526     -1.120     0.2335    -0.8749 -9.990e-29
 235.721586     -1.124   0.398525    15.9935    -1.8528     -1.115     0.2339    -0.8737 -9.990e-29
 235.721591     -1.120   0.398895    15.9886    -1.8530     -1.111     0.2341    -0.8727 -9.990e-29
 235.721597     -1.117   0.399019    15.9835    -1.8533     -1.108     0.2342    -0.8718 -9.990e-29
 235.721603     -1.114   0.399062    15.9772    -1.8540     -1.105     0.2343    -0.8708 -9.990e-29
 235.721609     -1.112   0.399081    15.9695    -1.8543     -1.103     0.2343    -0.8695 -9.990e-29
 235.721615     -1.110   0.399099    15.9605    -1.8544     -1.101     0.2344    -0.8679 -9.990e-29
 235.721620     -1.108   0.399141    15.9507    -1.8544     -1.099     0.2345    -0.8663 -9.990e-29
 235.721626     -1.106   0.399264    15.9419    -1.8543     -1.097     0.2346    -0.8648 -9.990e-29
 235.721632     -1.104   0.399633    15.9355    -1.8544     -1.095     0.2348    -0.8635 -9.990e-29
 235.721638     -1.102   0.400187    15.9298    -1.8547     -1.093     0.2352    -0.8623 -9.990e-29
 235.721644     -1.099   0.400558    15.9230    -1.8553     -1.090     0.2355    -0.8610 -9.990e-29
 235.721649     -1.096   0.400685    15.9141    -1.8558     -1.087     0.2356    -0.8595 -9.990e-29
 235.721655     -1.092   0.400740    15.9042    -1.8561     -1.083     0.2357    -0.8578 -9.990e-29
 235.721661     -1.087   0.400794    15.8963    -1.8563     -1.078     0.2358    -0.8565 -9.990e-29
 235.721667     -1.081   0.400921    15.8917    -1.8563     -1.072     0.2359    -0.8557 -9.990e-29
 235.721672     -1.077   0.401291    15.8893    -1.8563     -1.068     0.2361    -0.8551 -9.990e-29
 235.721678     -1.080   0.401845    15.8874    -1.8563     -1.071     0.2364    -0.8545 -9.990e-29
 235.721684     -1.085   0.402216    15.8836    -1.8564     -1.076     0.2367    -0.8537 -9.990e-29
 235.721690     -1.089   0.402343    15.8763    -1.8565     -1.080     0.2368    -0.8524 -9.990e-29
 235.721696     -1.092   0.402397    15.8658    -1.8567     -1.083     0.2369    -0.8507 -9.990e-29
 235.721701     -1.094   0.402453    15.8551    -1.8565     -1.085     0.2370    -0.8489 -9.990e-29
 235.721707     -1.095   0.402584    15.8468    -1.8563     -1.086     0.2371    -0.8474 -9.990e-29
 235.721713     -1.095   0.402967    15.8415    -1.8560     -1.086     0.2374    -0.8464 -9.990e-29
 235.721719     -1.094   0.403559    15.8388    -1.8560     -1.085     0.2377    -0.8457 -9.990e-29
 235.721725     -1.093   0.404042    15.8374    -1.8559     -1.084     0.2380    -0.8452 -9.990e-29
 235.721730     -1.090   0.404508    15.8364    -1.8560     -1.081     0.2383    -0.8448 -9.990e-29
 235.721736     -1.087   0.405025    15.8350    -1.8561     -1.078     0.2386    -0.8443 -9.990e-29
 235.721742     -1.081   0.405175    15.8333    -1.8559     -1.072     0.2387    -0.8440 -9.990e-29
 235.721748     -1.075   0.405160    15.8327    -1.8558     -1.066     0.2387    -0.8439 -9.990e-29
 235.721753     -1.070   0.405511    15.8346    -1.8556     -1.061     0.2389    -0.8440 -9.990e-29
 235.721759     -1.072   0.406144    15.8383    -1.8553     -1.063     0.2393    -0.8444 -9.990e-29
 235.721765     -1.075   0.406798    15.8421    -1.8549     -1.066     0.2397    -0.8447 -9.990e-29
 235.721771     -1.077   0.407239    15.8445    -1.8546     -1.068     0.2399    -0.8449 -9.990e-29
 235.721777     -1.076   0.407499    15.8455    -1.8543     -1.067     0.2401    -0.8449 -9.990e-29
 235.721782     -1.074   0.407927    15.8458    -1.8540     -1.065     0.2403    -0.8448 -9.990e-29
 235.721788     -1.069   0.408540    15.8463    -1.8536     -1.060     0.2407    -0.8446 -9.990e-29
 235.721794     -1.067   0.409051    15.8481    -1.8536     -1.058     0.2410    -0.8446 -9.990e-29
 235.721800     -1.070   0.409587    15.8517    -1.8536     -1.061     0.2413    -0.8450 -9.990e-29
 235.721806     -1.075   0.410309    15.8573    -1.8536     -1.066     0.2417    -0.8456 -9.990e-29
 235.721811     -1.078   0.411074    15.8646    -1.8534     -1.069     0.2421    -0.8464 -9.990e-29
 235.721817     -1.079   0.411796    15.8727    -1.8534     -1.070     0.2425    -0.8474 -9.990e-29
 235.721823     -1.078   0.412331    15.8810    -1.8533     -1.069     0.2428    -0.8486 -9.990e-29
 235.721829     -1.075   0.412839    15.8891    -1.8535     -1.066     0.2431    -0.8497 -9.990e-29
 235.721834     -1.071   0.413444    15.8967    -1.8535     -1.062     0.2434    -0.8507 -9.990e-29
 235.721840     -1.063   0.413846    15.9030    -1.8534     -1.054     0.2436    -0.8515 -9.990e-29
 235.721846     -1.053   0.414029    15.9066    -1.8534     -1.044     0.2437    -0.8520 -9.990e-29
 235.721852     -1.044   0.414236    15.9081    -1.8532     -1.035     0.2438    -0.8522 -9.990e-29
 235.721858     -1.040   0.414744    15.9094    -1.8533     -1.031     0.2441    -0.8522 -9.990e-29
 235.721863     -1.039   0.415677    15.9109    -1.8532     -1.030     0.2446    -0.8520 -9.990e-29
 235.721869     -1.043   0.416621    15.9121    -1.8531     -1.034     0.2452    -0.8517 -9.990e-29
 235.721875     -1.047   0.417172    15.9121    -1.8532     -1.038     0.2455    -0.8515 -9.990e-29
 235.721881     -1.047   0.417514    15.9110    -1.8532     -1.038     0.2457    -0.8511 -9.990e-29
 235.721887     -1.043   0.418102    15.9106    -1.8531     -1.034     0.2461    -0.8508 -9.990e-29
 235.721892     -1.035   0.419167    15.9116    -1.8531     -1.026     0.2467    -0.8505 -9.990e-29
 235.721898     -1.023   0.420469    15.9133    -1.8531     -1.014     0.2475    -0.8501 -9.990e-29
 235.721904     -1.009   0.421531    15.9149    -1.8529     -1.001     0.2481    -0.8499 -9.990e-29
 235.721910     -0.998   0.422110    15.9160    -1.8529     -0.990     0.2485    -0.8498 -9.990e-29
 235.721916     -0.988   0.422425    15.9167    -1.8529     -0.980     0.2487    -0.8498 -9.990e-29
 235.721921     -0.984   0.422896    15.9173    -1.8527     -0.976     0.2490    -0.8497 -9.990e-29
 235.721927     -0.984   0.423597    15.9177    -1.8528     -0.976     0.2494    -0.8494 -9.990e-29
 235.721933     -0.981   0.424355    15.9184    -1.8527     -0.973     0.2498    -0.8492 -9.990e-29
 235.721939     -0.974   0.425077    15.9191    -1.8527     -0.966     0.2503    -0.8490 -9.990e-29
 235.721944     -0.972   0.425617    15.9197    -1.8526     -0.964     0.2506    -0.8488 -9.990e-29
 235.721950     -0.974   0.426142    15.9211    -1.8524     -0.966     0.2509    -0.8488 -9.990e-29
 235.721956     -0.971   0.426800    15.9230    -1.8523     -0.963     0.2513    -0.8488 -9.990e-29
 235.721962     -0.964   0.427362    15.9240    -1.8520     -0.956     0.2516    -0.8487 -9.990e-29
 235.721968     -0.961   0.428023    15.9248    -1.8521     -0.953     0.2520    -0.8485 -9.990e-29
 235.721973     -0.961   0.429111    15.9262    -1.8523     -0.953     0.2527    -0.8483 -9.990e-29
 235.721979     -0.957   0.430419    15.9277    -1.8525     -0.949     0.2534    -0.8479 -9.990e-29
 235.721985     -0.947   0.431475    15.9292    -1.8527     -0.939     0.2541    -0.8477 -9.990e-29
 235.721991     -0.935   0.432029    15.9312    -1.8530     -0.927     0.2544    -0.8477 -9.990e-29
 235.721997     -0.921   0.432266    15.9339    -1.8531     -0.913     0.2545    -0.8481 -9.990e-29
 235.722002     -0.908   0.432503    15.9371    -1.8532     -0.900     0.2546    -0.8485 -9.990e-29
 235.722008     -0.899   0.433056    15.9403    -1.8534     -0.891     0.2549    -0.8488 -9.990e-29
 235.722014     -0.894   0.434108    15.9425    -1.8536     -0.887     0.2556    -0.8486 -9.990e-29
 235.722020     -0.892   0.435403    15.9417    -1.8539     -0.885     0.2564    -0.8479 -9.990e-29
 235.722025     -0.895   0.436455    15.9381    -1.8540     -0.888     0.2570    -0.8468 -9.990e-29
 235.722031     -0.900   0.437006    15.9333    -1.8539     -0.892     0.2574    -0.8458 -9.990e-29
 235.722037     -0.910   0.437238    15.9276    -1.8539     -0.902     0.2575    -0.8447 -9.990e-29
 235.722043     -0.920   0.437460    15.9219    -1.8537     -0.912     0.2577    -0.8436 -9.990e-29
 235.722049     -0.927   0.437968    15.9174    -1.8538     -0.919     0.2581    -0.8427 -9.990e-29
 235.722054     -0.931   0.438888    15.9136    -1.8538     -0.923     0.2586    -0.8416 -9.990e-29
 235.722060     -0.927   0.439786    15.9092    -1.8537     -0.919     0.2592    -0.8404 -9.990e-29
 235.722066     -0.917   0.440200    15.9040    -1.8535     -0.909     0.2595    -0.8394 -9.990e-29
 235.722072     -0.907   0.440127    15.8991    -1.8532     -0.899     0.2595    -0.8386 -9.990e-29
 235.722078     -0.902   0.440024    15.8963    -1.8530     -0.894     0.2594    -0.8382 -9.990e-29
 235.722083     -0.900   0.440310    15.8959    -1.8528     -0.892     0.2596    -0.8380 -9.990e-29
 235.722089     -0.903   0.440812    15.8967    -1.8526     -0.895     0.2599    -0.8379 -9.990e-29
 235.722095     -0.909   0.441094    15.8978    -1.8523     -0.901     0.2601    -0.8379 -9.990e-29
 235.722101     -0.912   0.440979    15.8991    -1.8521     -0.904     0.2600    -0.8382 -9.990e-29
 235.722106     -0.903   0.440865    15.9006    -1.8520     -0.895     0.2599    -0.8385 -9.990e-29
 235.722112     -0.888   0.441154    15.9032    -1.8519     -0.881     0.2601    -0.8388 -9.990e-29
 235.722118     -0.877   0.441681    15.9076    -1.8519     -0.870     0.2604    -0.8393 -9.990e-29
 235.722124     -0.869   0.442041    15.9132    -1.8519     -0.862     0.2605    -0.8401 -9.990e-29
 235.722130     -0.862   0.442161    15.9190    -1.8519     -0.855     0.2606    -0.8410 -9.990e-29
 235.722135     -0.857   0.442200    15.9247    -1.8518     -0.850     0.2606    -0.8419 -9.990e-29
 235.722141     -0.854   0.442213    15.9306    -1.8517     -0.847     0.2605    -0.8429 -9.990e-29
 235.722147     -0.851   0.442217    15.9366    -1.8516     -0.844     0.2605    -0.8439 -9.990e-29
 235.722153     -0.849   0.442218    15.9418    -1.8514     -0.842     0.2605    -0.8447 -9.990e-29
 235.722159     -0.848   0.442218    15.9456    -1.8513     -0.841     0.2604    -0.8454 -9.990e-29
 235.722164     -0.848   0.442218    15.9479    -1.8511     -0.841     0.2604    -0.8458 -9.990e-29
 235.722170     -0.848   0.442218    15.9491    -1.8511     -0.841     0.2604    -0.8460 -9.990e-29
 235.722176     -0.849   0.442219    15.9499    -1.8512     -0.842     0.2604    -0.8461 -9.990e-29
 235.722182     -0.850   0.442223    15.9510    -1.8513     -0.843     0.2604    -0.8463 -9.990e-29
 235.722187     -0.852   0.442235    15.9527    -1.8517     -0.845     0.2604    -0.8466 -9.990e-29
 235.722193     -0.855   0.442272    15.9550    -1.8520     -0.848     0.2604    -0.8469 -9.990e-29
 235.722199     -0.860   0.442384    15.9577    -1.8520     -0.853     0.2605    -0.8473 -9.990e-29
 235.722205     -0.865   0.442720    15.9609    -1.8519     -0.858     0.2607    -0.8477 -9.990e-29
 235.722211     -0.869   0.443178    15.9646    -1.8520     -0.862     0.2609    -0.8481 -9.990e-29
 235.722216     -0.865   0.443261    15.9674    -1.8520     -0.858     0.2609    -0.8485 -9.990e-29
 235.722222     -0.859   0.443079    15.9677    -1.8521     -0.852     0.2608    -0.8487 -9.990e-29
 235.722228     -0.854   0.442944    15.9654    -1.8522     -0.847     0.2608    -0.8484 -9.990e-29
 235.722234     -0.851   0.442678    15.9610    -1.8521     -0.844     0.2606    -0.8477 -9.990e-29
 235.722240     -0.848   0.442479    15.9549    -1.8520     -0.841     0.2605    -0.8468 -9.990e-29
 235.722245     -0.846   0.442635    15.9495    -1.8519     -0.839     0.2607    -0.8458 -9.990e-29
 235.722251     -0.844   0.443355    15.9470    -1.8518     -0.837     0.2611    -0.8451 -9.990e-29
 235.722257     -0.843   0.444493    15.9461    -1.8518     -0.836     0.2618    -0.8444 -9.990e-29
 235.722263     -0.842   0.445352    15.9452    -1.8518     -0.835     0.2623    -0.8439 -9.990e-29
 235.722269     -0.841   0.445972    15.9441    -1.8515     -0.834     0.2627    -0.8434 -9.990e-29
 235.722274     -0.840   0.446625    15.9430    -1.8508     -0.833     0.2631    -0.8429 -9.990e-29
