data/oxygen options/ONMS/Olympic_Coast_National_Marine_Sanctuary_CTD_Data_2005_2023/raw_data/2022/CAST_KL027_220624faed.cnv
* Sea-Bird SBE 19 Data File:
* FileName = C:\2022 Mooring Data\Casts\CAST_KL027_220624.hex
* Software Version SeatermAF 2.1.2
* Temperature SN = 2997
* Conductivity SN = 2997
* System UpLoad Time = Jun 24 2022 18:41:32 (localtime) = Jun 24 2022 18:41:32 (UTC)
** CAST_KL027_220624
* ds
# nquan = 9                                 
# nvalues = 842                         
# units = specified
# name 0 = timeJ: Julian Days
# name 1 = prSM: Pressure, Strain Gauge [db]
# name 2 = c0mS/cm: Conductivity [mS/cm]
# name 3 = t090C: Temperature [ITS-90, deg C]
# name 4 = sbeox0ML/L: Oxygen, SBE 43 [ml/l]
# name 5 = depSM: Depth [salt water, m], lat = 47.5
# name 6 = sal00: Salinity, Practical [PSU]
# name 7 = sigma-é00: Density [sigma-theta, kg/m^3]
# name 8 = flag: flag
# span 0 = 175.745185, 175.750052       
# span 1 =     -5.385,     25.804       
# span 2 =   0.312542,  35.852600       
# span 3 =     7.6696,    15.0404       
# span 4 =    -1.9206,    15.0017       
# span 5 =     -5.340,     25.587       
# span 6 =     0.1873,    33.4610       
# span 7 =    -0.7593,    26.1130       
# span 8 = 0.0000e+00, 0.0000e+00       
# interval = seconds: 0.5
# start_time = Jun 24 2022 17:53:04 [Instrument's time stamp, header]
# bad_flag = -9.990e-29
*END*
[from data line 321]
 175.747043     -1.097   0.313650    14.4063    -1.9199     -1.088     0.1902    -0.6637 -9.990e-29
 175.747049     -1.093   0.313839    14.3926    -1.9204     -1.084     0.1903    -0.6616 -9.990e-29
 175.747054     -1.089   0.313995    14.3846    -1.9206     -1.080     0.1905    -0.6603 -9.990e-29
 175.747060     -1.083   0.314326    14.3816    -1.8046     -1.074     0.1907    -0.6597 -9.990e-29
 175.747066     -1.075   0.314721    14.3798    -1.6235     -1.066     0.1909    -0.6593 -9.990e-29
 175.747072     -1.066   0.315153    14.3730    -1.6539     -1.057     0.1912    -0.6581 -9.990e-29
 175.747078     -1.053   0.316749    14.3546    -1.6619     -1.044     0.1923    -0.6546 -9.990e-29
 175.747083     -1.038   0.322747    14.3216    -1.6630     -1.029     0.1962    -0.6468 -9.990e-29
 175.747089     -1.017   0.341697    14.2803    -1.6632     -1.009     0.2081    -0.6316 -9.990e-29
 175.747095     -0.992   0.398865    14.2404    -1.6612     -0.984     0.2441    -0.5980 -9.990e-29
 175.747101     -0.958   0.570476    14.1944    -1.6614     -0.950     0.3533    -0.5068 -9.990e-29
 175.747106     -0.916   1.085345    14.1002    -1.6605     -0.908     0.6910    -0.2316 -9.990e-29
 175.747112     -0.865   2.629964    13.8374    -1.6616     -0.858     1.7630     0.6351 -9.990e-29
 175.747118     -0.807   7.263826    13.3184    -1.6621     -0.800     5.2697     3.4147 -9.990e-29
 175.747124     -0.739  16.668044    12.7221    -1.6634     -0.733    13.1189     9.5494 -9.990e-29
 175.747130     -0.665  26.985386    12.3097    -1.6627     -0.659    22.4521    16.8145 -9.990e-29
 175.747135     -0.592  32.801969    12.1095    -1.6632     -0.587    27.9936    21.1348 -9.990e-29
 175.747141     -0.525  34.729962    12.0269    -1.6645     -0.521    29.8881    22.6174 -9.990e-29
 175.747147     -0.468  35.429596    12.0123    -1.6719     -0.464    30.5689    23.1478 -9.990e-29
 175.747153     -0.422  35.726695    12.0345    -1.6754     -0.418    30.8353    23.3503 -9.990e-29
 175.747159     -0.384  35.841476    12.0478    -1.6704     -0.381    30.9343    23.4247 -9.990e-29
 175.747164     -0.351  35.834545    12.0323    -1.6676     -0.348    30.9405    23.4323 -9.990e-29
 175.747170     -0.321  35.809841    12.0110    -1.6675     -0.318    30.9345    23.4315 -9.990e-29
 175.747176     -0.292  35.818471    12.0067    -1.6651     -0.290    30.9463    23.4415 -9.990e-29
 175.747182     -0.263  35.814237    12.0090    -1.6655     -0.261    30.9403    23.4364 -9.990e-29
 175.747188     -0.236  35.768520    11.9754    -1.6662     -0.234    30.9243    23.4301 -9.990e-29
 175.747193     -0.213  35.711687    11.8705    -1.6693     -0.211    30.9567    23.4744 -9.990e-29
 175.747199     -0.193  35.700743    11.7417    -1.6702     -0.191    31.0535    23.5729 -9.990e-29
 175.747205     -0.184  35.751911    11.7002    -1.6700     -0.182    31.1377    23.6457 -9.990e-29
 175.747211     -0.192  35.783817    11.7631    -1.6687     -0.190    31.1159    23.6174 -9.990e-29
 175.747216     -0.211  35.734770    11.8399    -1.6687     -0.209    31.0044    23.5170 -9.990e-29
 175.747222     -0.225  35.662620    11.8740    -1.6688     -0.223    30.9066    23.4349 -9.990e-29
 175.747228     -0.221  35.632537    11.8681    -1.6707     -0.219    30.8825    23.4173 -9.990e-29
 175.747234     -0.203  35.675022    11.8442    -1.6700     -0.201    30.9433    23.4688 -9.990e-29
 175.747240     -0.188  35.778941    11.8291    -1.6693     -0.186    31.0560    23.5590 -9.990e-29
 175.747245     -0.182  35.852600    11.8273    -1.6687     -0.180    31.1285    23.6156 -9.990e-29
 175.747251     -0.182  35.808771    11.8233    -1.6689     -0.180    31.0896    23.5861 -9.990e-29
 175.747257     -0.179  35.685374    11.8104    -1.6683     -0.178    30.9814    23.5045 -9.990e-29
 175.747263     -0.168  35.608645    11.7934    -1.6697     -0.167    30.9215    23.4611 -9.990e-29
 175.747269     -0.153  35.633146    11.7825    -1.6698     -0.152    30.9542    23.4884 -9.990e-29
 175.747274     -0.141  35.706394    11.7848    -1.6666     -0.140    31.0230    23.5414 -9.990e-29
 175.747280     -0.136  35.747342    11.7988    -1.6667     -0.135    31.0508    23.5604 -9.990e-29
 175.747286     -0.138  35.713108    11.8200    -1.6678     -0.137    31.0001    23.5172 -9.990e-29
 175.747292     -0.143  35.636482    11.8430    -1.6678     -0.142    30.9071    23.4409 -9.990e-29
 175.747297     -0.141  35.580756    11.8601    -1.6679     -0.140    30.8393    23.3852 -9.990e-29
 175.747303     -0.134  35.556797    11.8640    -1.6688     -0.133    30.8130    23.3641 -9.990e-29
 175.747309     -0.125  35.544647    11.8569    -1.6669     -0.124    30.8072    23.3609 -9.990e-29
 175.747315     -0.113  35.551126    11.8521    -1.6669     -0.112    30.8174    23.3697 -9.990e-29
 175.747321     -0.103  35.567184    11.8585    -1.6675     -0.102    30.8275    23.3764 -9.990e-29
 175.747326     -0.096  35.567774    11.8721    -1.6676     -0.095    30.8168    23.3656 -9.990e-29
 175.747332     -0.099  35.589020    11.8846    -1.6664     -0.098    30.8269    23.3712 -9.990e-29
 175.747338     -0.114  35.638007    11.8957    -1.6662     -0.113    30.8649    23.3986 -9.990e-29
 175.747344     -0.130  35.641166    11.9057    -1.6684     -0.129    30.8596    23.3927 -9.990e-29
 175.747350     -0.131  35.589875    11.9086    -1.6680     -0.130    30.8079    23.3521 -9.990e-29
 175.747355     -0.117  35.540160    11.9023    -1.6659     -0.116    30.7653    23.3202 -9.990e-29
 175.747361     -0.096  35.518776    11.8944    -1.6659     -0.095    30.7513    23.3107 -9.990e-29
 175.747367     -0.075  35.545433    11.8928    -1.6665     -0.074    30.7782    23.3319 -9.990e-29
 175.747373     -0.061  35.606978    11.8962    -1.6667     -0.060    30.8346    23.3750 -9.990e-29
 175.747378     -0.057  35.635938    11.8992    -1.6663     -0.057    30.8599    23.3941 -9.990e-29
 175.747384     -0.059  35.623915    11.9002    -1.6653     -0.059    30.8476    23.3844 -9.990e-29
 175.747390     -0.062  35.624951    11.9012    -1.6657     -0.061    30.8477    23.3843 -9.990e-29
 175.747396     -0.064  35.646074    11.9040    -1.6658     -0.063    30.8657    23.3978 -9.990e-29
 175.747402     -0.055  35.633706    11.9084    -1.6659     -0.055    30.8502    23.3849 -9.990e-29
 175.747407     -0.034  35.590448    11.9127    -1.6673     -0.034    30.8050    23.3491 -9.990e-29
 175.747413     -0.009  35.594798    11.9167    -1.6676     -0.009    30.8059    23.3490 -9.990e-29
 175.747419      0.012  35.645317    11.9211    -1.6660      0.012    30.8508    23.3831 -9.990e-29
 175.747425      0.024  35.668239    11.9252    -1.6657      0.024    30.8694    23.3968 -9.990e-29
 175.747431      0.026  35.652718    11.9284    -1.6665      0.026    30.8519    23.3826 -9.990e-29
 175.747436      0.028  35.640846    11.9314    -1.6666      0.028    30.8380    23.3712 -9.990e-29
 175.747442      0.029  35.656055    11.9346    -1.6656      0.029    30.8499    23.3799 -9.990e-29
 175.747448      0.025  35.676096    11.9373    -1.6665      0.025    30.8670    23.3927 -9.990e-29
 175.747454      0.020  35.671715    11.9387    -1.6668      0.020    30.8616    23.3882 -9.990e-29
 175.747459      0.019  35.648321    11.9383    -1.6671      0.019    30.8394    23.3711 -9.990e-29
 175.747465      0.021  35.609500    11.9354    -1.6663      0.021    30.8046    23.3446 -9.990e-29
 175.747471      0.026  35.566277    11.9308    -1.6653      0.026    30.7668    23.3162 -9.990e-29
 175.747477      0.035  35.567504    11.9279    -1.6659      0.035    30.7704    23.3195 -9.990e-29
 175.747483      0.044  35.616541    11.9292    -1.6666      0.044    30.8164    23.3549 -9.990e-29
 175.747488      0.044  35.647169    11.9310    -1.6649      0.044    30.8444    23.3763 -9.990e-29
 175.747494      0.037  35.636408    11.9266    -1.6647      0.037    30.8377    23.3719 -9.990e-29
 175.747500      0.029  35.629897    11.9165    -1.6658      0.029    30.8398    23.3754 -9.990e-29
 175.747506      0.025  35.645892    11.9098    -1.6660      0.025    30.8607    23.3928 -9.990e-29
 175.747512      0.025  35.657026    11.9119    -1.6659      0.025    30.8697    23.3994 -9.990e-29
 175.747517      0.029  35.652418    11.9211    -1.6666      0.029    30.8576    23.3884 -9.990e-29
 175.747523      0.036  35.648936    11.9338    -1.6668      0.036    30.8438    23.3753 -9.990e-29
 175.747529      0.047  35.658227    11.9454    -1.6669      0.047    30.8431    23.3727 -9.990e-29
 175.747535      0.064  35.657436    11.9526    -1.6662      0.063    30.8364    23.3661 -9.990e-29
 175.747541      0.082  35.630989    11.9556    -1.6654      0.081    30.8085    23.3440 -9.990e-29
 175.747546      0.094  35.623219    11.9571    -1.6665      0.093    30.7998    23.3369 -9.990e-29
 175.747552      0.098  35.652380    11.9591    11.4723      0.097    30.8261    23.3570 -9.990e-29
 175.747558      0.096  35.659927    11.9620    14.8755      0.095    30.8310    23.3602 -9.990e-29
 175.747564      0.095  35.626276    11.9648    15.0017      0.094    30.7963    23.3329 -9.990e-29
 175.747569      0.092  35.589514    11.9652    12.4053      0.091    30.7607    23.3052 -9.990e-29
 175.747575      0.093  35.558371    11.9637     6.9566      0.092    30.7321    23.2832 -9.990e-29
 175.747581      0.102  35.528902    11.9646     7.3381      0.101    30.7031    23.2606 -9.990e-29
 175.747587      0.116  35.514517    11.9694     7.7861      0.115    30.6853    23.2459 -9.990e-29
 175.747593      0.125  35.519049    11.9749     7.9466      0.124    30.6851    23.2448 -9.990e-29
 175.747598      0.128  35.532339    11.9783     7.9594      0.127    30.6951    23.2519 -9.990e-29
 175.747604      0.123  35.526216    11.9788     7.9163      0.122    30.6888    23.2469 -9.990e-29
 175.747610      0.112  35.480801    11.9768     7.8690      0.111    30.6469    23.2148 -9.990e-29
 175.747616      0.096  35.429135    11.9735     7.8355      0.095    30.6001    23.1791 -9.990e-29
 175.747622      0.084  35.403204    11.9701     7.8037      0.083    30.5780    23.1626 -9.990e-29
 175.747627      0.079  35.391446    11.9651     7.7688      0.078    30.5708    23.1579 -9.990e-29
 175.747633      0.081  35.377668    11.9557     7.7194      0.080    30.5653    23.1554 -9.990e-29
 175.747639      0.091  35.361469    11.9454     7.6726      0.090    30.5582    23.1517 -9.990e-29
 175.747645      0.104  35.350425    11.9412     7.6429      0.103    30.5510    23.1469 -9.990e-29
 175.747650      0.113  35.347778    11.9440     7.6250      0.112    30.5462    23.1427 -9.990e-29
 175.747656      0.114  35.349480    11.9504     7.6253      0.113    30.5426    23.1387 -9.990e-29
 175.747662      0.106  35.353363    11.9580     7.6386      0.105    30.5401    23.1354 -9.990e-29
 175.747668      0.095  35.359607    11.9660     7.6189      0.094    30.5395    23.1335 -9.990e-29
 175.747674      0.088  35.366503    11.9737     7.6516      0.087    30.5398    23.1323 -9.990e-29
 175.747679      0.087  35.371527    11.9787     7.6526      0.086    30.5406    23.1320 -9.990e-29
 175.747685      0.095  35.373585    11.9790     7.6384      0.094    30.5423    23.1333 -9.990e-29
 175.747691      0.110  35.370425    11.9752     7.6392      0.109    30.5424    23.1340 -9.990e-29
 175.747697      0.130  35.360678    11.9709     7.5854      0.129    30.5365    23.1303 -9.990e-29
 175.747703      0.148  35.353241    11.9691     7.6148      0.147    30.5309    23.1262 -9.990e-29
 175.747708      0.160  35.356724    11.9704     7.6145      0.159    30.5331    23.1278 -9.990e-29
 175.747714      0.166  35.366294    11.9746     7.6115      0.165    30.5389    23.1314 -9.990e-29
 175.747720      0.168  35.373468    11.9806     7.6048      0.167    30.5408    23.1319 -9.990e-29
 175.747726      0.166  35.378335    11.9868     7.5820      0.165    30.5404    23.1304 -9.990e-29
 175.747731      0.159  35.383509    11.9950     7.5858      0.158    30.5387    23.1276 -9.990e-29
 175.747737      0.151  35.390333    12.0055     7.6070      0.150    30.5366    23.1241 -9.990e-29
 175.747743      0.150  35.398429    12.0088     7.6261      0.149    30.5417    23.1274 -9.990e-29
 175.747749      0.161  35.395672    11.9973     7.6270      0.160    30.5484    23.1347 -9.990e-29
 175.747755      0.180  35.377314    11.9773     7.6157      0.178    30.5472    23.1374 -9.990e-29
 175.747760      0.195  35.360936    11.9613     7.6066      0.193    30.5446    23.1383 -9.990e-29
 175.747766      0.195  35.357788    11.9514     7.5981      0.193    30.5497    23.1441 -9.990e-29
 175.747772      0.178  35.359233    11.9431     7.5849      0.177    30.5579    23.1519 -9.990e-29
 175.747778      0.158  35.356597    11.9363     7.5856      0.157    30.5610    23.1555 -9.990e-29
 175.747784      0.146  35.350892    11.9342     7.5775      0.145    30.5572    23.1530 -9.990e-29
 175.747789      0.145  35.342957    11.9331     7.5736      0.144    30.5505    23.1480 -9.990e-29
 175.747795      0.151  35.326736    11.9245     7.5704      0.150    30.5420    23.1429 -9.990e-29
 175.747801      0.160  35.307533    11.9131     7.5809      0.159    30.5329    23.1380 -9.990e-29
 175.747807      0.173  35.300681    11.9075     7.5895      0.172    30.5309    23.1374 -9.990e-29
 175.747813      0.186  35.299327    11.9055     7.5858      0.184    30.5312    23.1380 -9.990e-29
 175.747818      0.195  35.293865    11.9047     7.5761      0.193    30.5266    23.1346 -9.990e-29
 175.747824      0.197  35.293298    11.9050     7.5614      0.195    30.5258    23.1340 -9.990e-29
 175.747830      0.188  35.303077    11.9072     7.5514      0.186    30.5334    23.1395 -9.990e-29
 175.747836      0.172  35.318363    11.9133     7.5484      0.171    30.5431    23.1459 -9.990e-29
 175.747841      0.155  35.331573    11.9200     7.5661      0.154    30.5503    23.1502 -9.990e-29
 175.747847      0.146  35.340204    11.9222     7.5667      0.145    30.5568    23.1548 -9.990e-29
 175.747853      0.149  35.344605    11.9184     7.5644      0.148    30.5641    23.1612 -9.990e-29
 175.747859      0.158  35.339488    11.9130     7.5615      0.157    30.5636    23.1618 -9.990e-29
 175.747865      0.167  35.328160    11.9142     7.5461      0.166    30.5518    23.1524 -9.990e-29
 175.747870      0.171  35.326365    11.9239     7.5425      0.170    30.5421    23.1431 -9.990e-29
 175.747876      0.170  35.336796    11.9366     7.5424      0.169    30.5417    23.1405 -9.990e-29
 175.747882      0.170  35.348759    11.9454     7.4898      0.169    30.5460    23.1422 -9.990e-29
 175.747888      0.178  35.358089    11.9410     7.5244      0.177    30.5585    23.1528 -9.990e-29
 175.747894      0.195  35.359909    11.9242     7.5071      0.193    30.5740    23.1679 -9.990e-29
 175.747899      0.209  35.353331    11.9170     7.4775      0.207    30.5736    23.1689 -9.990e-29
 175.747905      0.213  35.352032    11.9294     7.4364      0.211    30.5622    23.1577 -9.990e-29
 175.747911      0.211  35.358241    11.9454     7.3504      0.209    30.5551    23.1493 -9.990e-29
 175.747917      0.212  35.363474    11.9498     7.3979      0.210    30.5565    23.1496 -9.990e-29
 175.747922      0.223  35.361877    11.9355     7.4393      0.221    30.5667    23.1601 -9.990e-29
 175.747928      0.247  35.347447    11.9087     7.4657      0.245    30.5748    23.1712 -9.990e-29
 175.747934      0.271  35.329558    11.8919     7.4748      0.269    30.5714    23.1717 -9.990e-29
 175.747940      0.284  35.324729    11.8956     7.4406      0.282    30.5637    23.1650 -9.990e-29
 175.747946      0.283  35.331040    11.9114     7.4101      0.281    30.5568    23.1568 -9.990e-29
 175.747951      0.272  35.339020    11.9256     7.3888      0.270    30.5528    23.1512 -9.990e-29
 175.747957      0.258  35.344794    11.9289     7.3684      0.256    30.5557    23.1528 -9.990e-29
