data/oxygen options/ONMS/Olympic_Coast_National_Marine_Sanctuary_CTD_Data_2005_2023/raw_data/2022/CAST_CA042_220630faed.cnv
* Sea-Bird SBE 19 Data File:
* FileName = C:\2022 Mooring Data\Casts\CAST_CA042_220630.hex
* Software Version SeatermAF 2.1.2
* Temperature SN = 2997
* Conductivity SN = 2997
* System UpLoad Time = Jun 30 2022 21:42:58 (localtime) = Jun 30 2022 21:42:58 (UTC)
** CAST_CA042_220630
* ds
# nquan = 9                                 
# nvalues = 1161                        
# units = specified
# name 0 = timeJ: Julian Days
# name 1 = prSM: Pressure, Strain Gauge [db]
# name 2 = c0mS/cm: Conductivity [mS/cm]
# name 3 = t090C: Temperature [ITS-90, deg C]
# name 4 = sbeox0ML/L: Oxygen, SBE 43 [ml/l]
# name 5 = depSM: Depth [salt water, m], lat = 47.5
# name 6 = sal00: Salinity, Practical [PSU]
# name 7 = sigma-é00: Density [sigma-theta, kg/m^3]
# name 8 = flag: flag
# span 0 = 181.853657, 181.860370       
# span 1 =     -6.459,     40.832       
# span 2 =   0.003573,  38.030335       
# span 3 =     7.9255,    17.2627       
# span 4 =    -1.8291,    15.2875       
# span 5 =     -6.405,     40.487       
# span 6 =     0.0093,    33.1657       
# span 7 =    -1.2626,    25.8441       
# span 8 = 0.0000e+00, 0.0000e+00       
# interval = seconds: 0.5
# start_time = Jun 30 2022 20:29:16 [Instrument's time stamp, header]
# bad_flag = -9.990e-29
*END*
[from data line 961]
 181.859219      2.581  36.837604    12.7836     7.5250      2.559    31.2712    23.5477 0.0000e+00
 181.859225      2.298  36.852144    12.8804     7.5266      2.279    31.2050    23.4779 0.0000e+00
 181.859230      2.021  36.896849    12.9859     7.5466      2.004    31.1603    23.4229 0.0000e+00
 181.859236      1.760  36.962547    13.0795     7.5157      1.745    31.1451    23.3930 0.0000e+00
 181.859242      1.518  37.027355    13.1488     7.5036      1.505    31.1490    23.3825 0.0000e+00
 181.859248      1.293  37.084233    13.1842     7.4981      1.282    31.1732    23.3944 0.0000e+00
 181.859253      1.083  37.124631    13.2065     7.5151      1.074    31.1928    23.4051 0.0000e+00
 181.859259      0.898  37.150825    13.2366     7.5509      0.891    31.1926    23.3991 0.0000e+00
 181.859265      0.745  37.182741    13.2646     7.5420      0.739    31.1995    23.3989 -9.990e-29
 181.859271      0.630  37.214140    13.2804     7.5297      0.625    31.2159    23.4085 -9.990e-29
 181.859277      0.547  37.230259    13.2869     7.5108      0.542    31.2256    23.4147 -9.990e-29
 181.859282      0.484  37.237416    13.2877     7.4981      0.480    31.2317    23.4192 -9.990e-29
 181.859288      0.424  37.236135    13.2934     7.5105      0.420    31.2258    23.4136 -9.990e-29
 181.859294      0.368  37.234179    13.3160     7.5042      0.365    31.2055    23.3934 -9.990e-29
 181.859300      0.328  37.259138    13.3496     7.5055      0.325    31.2012    23.3835 -9.990e-29
 181.859306      0.306  37.296056    13.3743     7.5076      0.303    31.2154    23.3896 -9.990e-29
 181.859311      0.293  37.304469    13.3833     7.5060      0.291    31.2159    23.3882 -9.990e-29
 181.859317      0.283  37.297787    13.3860     7.5035      0.281    31.2074    23.3812 -9.990e-29
 181.859323      0.276  37.295622    13.3840     7.5021      0.274    31.2071    23.3813 -9.990e-29
 181.859329      0.272  37.299515    13.3774     7.4892      0.270    31.2161    23.3895 -9.990e-29
 181.859334      0.270  37.310681    13.3723     7.5018      0.268    31.2307    23.4018 -9.990e-29
 181.859340      0.265  37.317622    13.3700     7.5216      0.263    31.2390    23.4087 -9.990e-29
 181.859346      0.254  37.314967    13.3688     7.5251      0.252    31.2375    23.4078 -9.990e-29
 181.859352      0.239  37.306966    13.3675     7.5092      0.237    31.2311    23.4031 -9.990e-29
 181.859358      0.224  37.298583    13.3673     7.4946      0.222    31.2235    23.3973 -9.990e-29
 181.859363      0.212  37.296513    13.3714     7.4876      0.210    31.2182    23.3924 -9.990e-29
 181.859369      0.212  37.304665    13.3831     7.5108      0.210    31.2162    23.3885 -9.990e-29
 181.859375      0.223  37.326012    13.4081     7.5139      0.221    31.2156    23.3831 -9.990e-29
 181.859381      0.237  37.363189    13.4417     7.4989      0.235    31.2227    23.3819 -9.990e-29
 181.859387      0.246  37.399602    13.4633     7.4815      0.244    31.2388    23.3901 -9.990e-29
 181.859392      0.248  37.406994    13.4652     7.4461      0.246    31.2441    23.3939 -9.990e-29
 181.859398      0.246  37.391812    13.4621     7.4917      0.244    31.2326    23.3855 -9.990e-29
 181.859404      0.244  37.383067    13.4674     7.5112      0.242    31.2201    23.3749 -9.990e-29
 181.859410      0.243  37.389773    13.4795     7.5086      0.241    31.2165    23.3696 -9.990e-29
 181.859416      0.241  37.403446    13.4887     7.5071      0.239    31.2216    23.3718 -9.990e-29
 181.859421      0.240  37.412570    13.4925     7.4686      0.238    31.2270    23.3752 -9.990e-29
 181.859427      0.239  37.415252    13.4939     7.4932      0.237    31.2283    23.3760 -9.990e-29
 181.859433      0.239  37.413895    13.4918     7.5041      0.237    31.2288    23.3767 -9.990e-29
 181.859439      0.238  37.410554    13.4861     7.5020      0.236    31.2304    23.3791 -9.990e-29
 181.859444      0.237  37.406324    13.4813     7.5043      0.235    31.2304    23.3800 -9.990e-29
 181.859450      0.236  37.399432    13.4779     7.4997      0.234    31.2267    23.3779 -9.990e-29
 181.859456      0.234  37.392957    13.4742     7.4999      0.232    31.2237    23.3763 -9.990e-29
 181.859462      0.233  37.391097    13.4721     7.5070      0.231    31.2237    23.3767 -9.990e-29
 181.859468      0.231  37.394679    13.4714     7.5046      0.229    31.2276    23.3799 -9.990e-29
 181.859473      0.228  37.399456    13.4699     7.4995      0.226    31.2333    23.3845 -9.990e-29
 181.859479      0.225  37.399977    13.4686     7.5191      0.223    31.2349    23.3860 -9.990e-29
 181.859485      0.220  37.399124    13.4691     7.5415      0.218    31.2337    23.3850 -9.990e-29
 181.859491      0.215  37.400748    13.4699     7.5472      0.213    31.2345    23.3855 -9.990e-29
 181.859497      0.208  37.400236    13.4696     7.5285      0.206    31.2343    23.3854 -9.990e-29
 181.859502      0.200  37.395729    13.4707     7.5102      0.198    31.2292    23.3812 -9.990e-29
 181.859508      0.188  37.394050    13.4760     7.4954      0.186    31.2233    23.3756 -9.990e-29
 181.859514      0.178  37.402990    13.4867     7.4899      0.177    31.2229    23.3732 -9.990e-29
 181.859520      0.177  37.422089    13.5009     7.4807      0.176    31.2290    23.3751 -9.990e-29
 181.859525      0.185  37.439780    13.5131     7.4727      0.183    31.2354    23.3776 -9.990e-29
 181.859531      0.189  37.447663    13.5169     7.4682      0.187    31.2396    23.3801 -9.990e-29
 181.859537      0.182  37.442187    13.5120     7.4786      0.180    31.2386    23.3803 -9.990e-29
 181.859543      0.170  37.428885    13.5061     7.4857      0.169    31.2310    23.3756 -9.990e-29
 181.859549      0.168  37.423583    13.5072     7.4946      0.167    31.2252    23.3709 -9.990e-29
 181.859554      0.178  37.430922    13.5150     7.5161      0.177    31.2257    23.3697 -9.990e-29
 181.859560      0.197  37.443822    13.5230     7.5248      0.195    31.2311    23.3723 -9.990e-29
 181.859566      0.213  37.450854    13.5276     7.5324      0.211    31.2338    23.3735 -9.990e-29
 181.859572      0.220  37.448455    13.5301     7.5339      0.218    31.2296    23.3697 -9.990e-29
 181.859578      0.220  37.445697    13.5318     7.4788      0.218    31.2256    23.3663 -9.990e-29
 181.859583      0.220  37.446695    13.5335     7.5087      0.218    31.2251    23.3656 -9.990e-29
 181.859589      0.223  37.451043    13.5370     7.5185      0.221    31.2263    23.3658 -9.990e-29
 181.859595      0.233  37.458883    13.5426     7.5406      0.231    31.2290    23.3668 -9.990e-29
 181.859601      0.247  37.468287    13.5500     7.5404      0.245    31.2317    23.3674 -9.990e-29
 181.859606      0.262  37.478852    13.5570     7.4777      0.260    31.2357    23.3691 -9.990e-29
 181.859612      0.273  37.485559    13.5590     7.5023      0.271    31.2403    23.3723 -9.990e-29
 181.859618      0.274  37.481610    13.5560     7.5072      0.272    31.2391    23.3719 -9.990e-29
 181.859624      0.265  37.472892    13.5526     7.5138      0.263    31.2338    23.3685 -9.990e-29
 181.859630      0.257  37.469017    13.5539     7.5283      0.255    31.2292    23.3647 -9.990e-29
 181.859635      0.259  37.474847    13.5621     7.5261      0.257    31.2279    23.3620 -9.990e-29
 181.859641      0.266  37.486894    13.5723     7.5249      0.264    31.2307    23.3622 -9.990e-29
 181.859647      0.271  37.494273    13.5776     7.5254      0.269    31.2332    23.3631 -9.990e-29
 181.859653      0.265  37.493322    13.5774     7.5188      0.263    31.2325    23.3626 -9.990e-29
 181.859659      0.248  37.488882    13.5755     7.5079      0.246    31.2299    23.3610 -9.990e-29
 181.859664      0.232  37.487305    13.5757     7.5098      0.230    31.2283    23.3597 -9.990e-29
 181.859670      0.228  37.490916    13.5790     7.5168      0.226    31.2290    23.3595 -9.990e-29
 181.859676      0.236  37.496071    13.5821     7.5068      0.234    31.2312    23.3606 -9.990e-29
 181.859682      0.248  37.498944    13.5823     7.4997      0.246    31.2337    23.3625 -9.990e-29
 181.859688      0.257  37.498267    13.5793     7.4832      0.255    31.2355    23.3645 -9.990e-29
 181.859693      0.258  37.494764    13.5751     7.4929      0.256    31.2357    23.3655 -9.990e-29
 181.859699      0.256  37.491551    13.5726     7.5162      0.254    31.2348    23.3653 -9.990e-29
 181.859705      0.256  37.490455    13.5733     7.5307      0.254    31.2332    23.3639 -9.990e-29
 181.859711      0.256  37.491639    13.5753     7.5286      0.254    31.2326    23.3631 -9.990e-29
 181.859716      0.257  37.492703    13.5756     7.5188      0.255    31.2334    23.3636 -9.990e-29
 181.859722      0.255  37.489970    13.5739     7.5117      0.253    31.2322    23.3631 -9.990e-29
 181.859728      0.246  37.485344    13.5721     7.5227      0.244    31.2294    23.3612 -9.990e-29
 181.859734      0.233  37.483246    13.5720     7.5219      0.231    31.2276    23.3598 -9.990e-29
 181.859740      0.224  37.485306    13.5738     7.5009      0.222    31.2280    23.3598 -9.990e-29
 181.859745      0.222  37.490854    13.5766     7.4941      0.220    31.2309    23.3615 -9.990e-29
 181.859751      0.224  37.496587    13.5788     7.4895      0.222    31.2344    23.3637 -9.990e-29
 181.859757      0.220  37.497769    13.5793     7.5092      0.218    31.2351    23.3642 -9.990e-29
 181.859763      0.206  37.495358    13.5785     7.4751      0.204    31.2335    23.3631 -9.990e-29
 181.859769      0.191  37.493929    13.5778     7.5176      0.189    31.2328    23.3627 -9.990e-29
 181.859774      0.185  37.494326    13.5784     7.5194      0.183    31.2326    23.3625 -9.990e-29
 181.859780      0.189  37.496462    13.5802     7.5224      0.187    31.2331    23.3625 -9.990e-29
 181.859786      0.193  37.499767    13.5818     7.5307      0.191    31.2349    23.3635 -9.990e-29
 181.859792      0.195  37.501308    13.5824     7.4769      0.193    31.2358    23.3641 -9.990e-29
 181.859797      0.195  37.500285    13.5827     7.5182      0.193    31.2346    23.3632 -9.990e-29
 181.859803      0.191  37.499200    13.5834     7.5340      0.189    31.2331    23.3618 -9.990e-29
 181.859809      0.184  37.499355    13.5842     7.5286      0.182    31.2326    23.3612 -9.990e-29
 181.859815      0.178  37.499780    13.5843     7.5121      0.177    31.2329    23.3615 -9.990e-29
 181.859821      0.177  37.499867    13.5838     7.4922      0.176    31.2334    23.3619 -9.990e-29
 181.859826      0.176  37.499676    13.5828     7.5063      0.175    31.2340    23.3626 -9.990e-29
 181.859832      0.171  37.500019    13.5820     7.5187      0.170    31.2350    23.3636 -9.990e-29
 181.859838      0.162  37.501856    13.5822     7.5187      0.161    31.2365    23.3647 -9.990e-29
 181.859844      0.147  37.503661    13.5830     7.4985      0.146    31.2375    23.3653 -9.990e-29
 181.859850      0.127  37.503862    13.5841     7.4962      0.126    31.2368    23.3646 -9.990e-29
 181.859855      0.104  37.503234    13.5863     7.4921      0.103    31.2345    23.3623 -9.990e-29
 181.859861      0.090  37.502565    13.5894     7.5033      0.089    31.2313    23.3593 -9.990e-29
 181.859867      0.092  37.502028    13.5921     7.5030      0.091    31.2286    23.3566 -9.990e-29
 181.859873      0.107  37.497494    13.5931     7.5063      0.106    31.2236    23.3525 -9.990e-29
 181.859878      0.121  37.492387    13.5933     7.5087      0.120    31.2187    23.3487 -9.990e-29
 181.859884      0.123  37.497213    13.5943     7.4876      0.122    31.2223    23.3513 -9.990e-29
 181.859890      0.114  37.505463    13.5957     7.4842      0.113    31.2288    23.3561 -9.990e-29
 181.859896      0.101  37.509031    13.5972     7.4888      0.100    31.2309    23.3574 -9.990e-29
 181.859902      0.093  37.510939    13.5991     7.4937      0.092    31.2312    23.3572 -9.990e-29
 181.859907      0.092  37.513117    13.6011     7.5016      0.091    31.2315    23.3571 -9.990e-29
 181.859913      0.099  37.514490    13.6016     7.5002      0.098    31.2324    23.3577 -9.990e-29
 181.859919      0.110  37.513473    13.6007     7.5107      0.109    31.2322    23.3577 -9.990e-29
 181.859925      0.113  37.512016    13.6003     7.5079      0.112    31.2312    23.3570 -9.990e-29
 181.859931      0.100  37.512605    13.6009     7.4798      0.099    31.2312    23.3569 -9.990e-29
 181.859936      0.077  37.514297    13.6019     7.4343      0.076    31.2320    23.3573 -9.990e-29
 181.859942      0.058  37.515959    13.6030     7.3862      0.058    31.2326    23.3576 -9.990e-29
 181.859948      0.043  37.517550    13.6036     7.3655      0.043    31.2336    23.3582 -9.990e-29
 181.859954      0.030  37.517814    13.6043     7.4035      0.030    31.2333    23.3578 -9.990e-29
 181.859959      0.011  37.517101    13.6054     7.4111      0.011    31.2317    23.3564 -9.990e-29
 181.859965     -0.004  37.517260    13.6061     7.3916     -0.004    31.2313    23.3559 -9.990e-29
 181.859971     -0.005  37.516260    13.6055     7.3587     -0.005    31.2309    23.3557 -9.990e-29
 181.859977      0.008  37.511652    13.6039     7.2958      0.008    31.2279    23.3537 -9.990e-29
 181.859983      0.024  37.500092    13.6024     7.3398      0.024    31.2184    23.3467 -9.990e-29
 181.859988      0.030  37.468407    13.6014     7.3891      0.030    31.1899    23.3249 -9.990e-29
 181.859994      0.028  37.420294    13.5996     7.4244      0.028    31.1468    23.2920 -9.990e-29
 181.860000      0.029  37.408709    13.5955     7.4394      0.029    31.1395    23.2871 -9.990e-29
 181.860006      0.042  37.448462    13.5899     7.4250      0.042    31.1808    23.3201 -9.990e-29
 181.860012      0.060  37.482177    13.5854     7.4372      0.059    31.2157    23.3480 -9.990e-29
 181.860017      0.071  37.490931    13.5831     7.4526      0.070    31.2257    23.3562 -9.990e-29
 181.860023      0.076  37.491996    13.5820     7.4477      0.075    31.2276    23.3578 -9.990e-29
 181.860029      0.078  37.490711    13.5802     7.4460      0.077    31.2279    23.3584 -9.990e-29
 181.860035      0.080  37.489286    13.5779     7.4491      0.079    31.2284    23.3593 -9.990e-29
 181.860041      0.079  37.487504    13.5769     7.4481      0.078    31.2276    23.3589 -9.990e-29
 181.860046      0.073  37.486348    13.5775     7.4746      0.072    31.2260    23.3575 -9.990e-29
 181.860052      0.056  37.487080    13.5778     7.4598      0.056    31.2265    23.3578 -9.990e-29
 181.860058      0.032  37.488434    13.5758     7.4552      0.032    31.2294    23.3604 -9.990e-29
 181.860064      0.012  37.487733    13.5716     7.4546      0.012    31.2321    23.3634 -9.990e-29
 181.860069      0.008  37.484603    13.5672     7.4431      0.008    31.2328    23.3648 -9.990e-29
 181.860075      0.018  37.481597    13.5645     7.4278      0.018    31.2323    23.3649 -9.990e-29
 181.860081      0.036  37.479747    13.5630     7.3918      0.036    31.2318    23.3649 -9.990e-29
 181.860087      0.054  37.477707    13.5620     7.3854      0.054    31.2307    23.3642 -9.990e-29
 181.860093      0.065  37.472755    13.5608     7.4171      0.064    31.2271    23.3617 -9.990e-29
 181.860098      0.069  37.457168    13.5593     7.4491      0.068    31.2138    23.3517 -9.990e-29
 181.860104      0.079  37.411842    13.5568     7.4673      0.078    31.1739    23.3214 -9.990e-29
 181.860110      0.105  37.377199    13.5521     7.4621      0.104    31.1456    23.3005 -9.990e-29
 181.860116      0.144  37.405102    13.5460     7.4542      0.143    31.1764    23.3255 -9.990e-29
 181.860122      0.185  37.441427    13.5418     7.4365      0.183    31.2135    23.3550 -9.990e-29
 181.860127      0.214  37.451120    13.5415     7.4201      0.212    31.2227    23.3622 -9.990e-29
 181.860133      0.225  37.456628    13.5435     7.4221      0.223    31.2262    23.3644 -9.990e-29
