data/oxygen options/ONMS/Olympic_Coast_National_Marine_Sanctuary_CTD_Data_2005_2023/raw_data/2022/CAST_CA015_220822faed.cnv
* Sea-Bird SBE 19 Data File:
* FileName = C:\2022 Mooring Data\Casts\CAST_CA015_220822.hex
* Software Version SeatermAF 2.1.2
* Temperature SN = 2997
* Conductivity SN = 2997
* System UpLoad Time = Aug 22 2022 22:32:11 (localtime) = Aug 22 2022 22:32:11 (UTC)
** CAST_CA015_220822
* ds
# nquan = 9                                 
# nvalues = 955                         
# units = specified
# name 0 = timeJ: Julian Days
# name 1 = prSM: Pressure, Strain Gauge [db]
# name 2 = c0mS/cm: Conductivity [mS/cm]
# name 3 = t090C: Temperature [ITS-90, deg C]
# name 4 = sbeox0ML/L: Oxygen, SBE 43 [ml/l]
# name 5 = depSM: Depth [salt water, m], lat = 47.5
# name 6 = sal00: Salinity, Practical [PSU]
# name 7 = sigma-é00: Density [sigma-theta, kg/m^3]
# name 8 = flag: flag
# span 0 = 234.903194, 234.908715       
# span 1 =     -6.422,     14.174       
# span 2 =   0.408391,  40.244919       
# span 3 =    11.2403,    19.0459       
# span 4 =    -1.8598,    13.3709       
# span 5 =     -6.369,     14.055       
# span 6 =     0.2242,    32.6114       
# span 7 =    -1.4051,    24.8601       
# span 8 = 0.0000e+00, 0.0000e+00       
# interval = seconds: 0.5
# start_time = Aug 22 2022 21:40:36 [Instrument's time stamp, header]
# bad_flag = -9.990e-29
*END*
[from data line 321]
 234.905052     -1.652   0.854901    18.5004    -1.7566     -1.638     0.4842    -1.1255 -9.990e-29
 234.905058     -1.651   0.853621    18.5096    -1.7564     -1.637     0.4834    -1.1279 -9.990e-29
 234.905064     -1.650   0.853092    18.5157    -1.7565     -1.636     0.4830    -1.1294 -9.990e-29
 234.905069     -1.649   0.853164    18.5207    -1.7564     -1.635     0.4830    -1.1303 -9.990e-29
 234.905075     -1.648   0.853382    18.5259    -1.7566     -1.634     0.4830    -1.1313 -9.990e-29
 234.905081     -1.647   0.853481    18.5309    -1.7572     -1.633     0.4830    -1.1322 -9.990e-29
 234.905087     -1.647   0.853595    18.5348    -1.7581     -1.633     0.4831    -1.1330 -9.990e-29
 234.905093     -1.646   0.853877    18.5383    -1.7589     -1.632     0.4832    -1.1335 -9.990e-29
 234.905098     -1.646   0.854704    18.5426    -1.7596     -1.632     0.4836    -1.1340 -9.990e-29
 234.905104     -1.645   0.856071    18.5476    -1.7600     -1.631     0.4844    -1.1344 -9.990e-29
 234.905110     -1.645   0.857034    18.5515    -1.7601     -1.631     0.4849    -1.1348 -9.990e-29
 234.905116     -1.644   0.856661    18.5529    -1.7601     -1.630     0.4847    -1.1352 -9.990e-29
 234.905122     -1.643   0.855010    18.5511    -1.7600     -1.629     0.4837    -1.1356 -9.990e-29
 234.905127     -1.642   0.852649    18.5435    -1.7601     -1.628     0.4824    -1.1351 -9.990e-29
 234.905133     -1.641   0.849753    18.5289    -1.7605     -1.627     0.4809    -1.1335 -9.990e-29
 234.905139     -1.639   0.845784    18.5100    -1.7609     -1.625     0.4788    -1.1315 -9.990e-29
 234.905145     -1.638   0.839879    18.4909    -1.7611     -1.624     0.4755    -1.1304 -9.990e-29
 234.905150     -1.635   0.831916    18.4750    -1.7613     -1.621     0.4710    -1.1308 -9.990e-29
 234.905156     -1.632   0.822353    18.4647    -1.7614     -1.618     0.4655    -1.1330 -9.990e-29
 234.905162     -1.628   0.811726    18.4604    -1.7613     -1.614     0.4593    -1.1369 -9.990e-29
 234.905168     -1.623   0.800815    18.4600    -1.7611     -1.609     0.4529    -1.1418 -9.990e-29
 234.905174     -1.616   0.790024    18.4604    -1.7610     -1.603     0.4466    -1.1467 -9.990e-29
 234.905179     -1.608   0.779360    18.4583    -1.7611     -1.595     0.4403    -1.1511 -9.990e-29
 234.905185     -1.597   0.768999    18.4524    -1.7610     -1.584     0.4343    -1.1545 -9.990e-29
 234.905191     -1.583   0.759523    18.4450    -1.7610     -1.570     0.4289    -1.1573 -9.990e-29
 234.905197     -1.569   0.751586    18.4388    -1.7612     -1.556     0.4243    -1.1597 -9.990e-29
 234.905203     -1.559   0.745123    18.4349    -1.7611     -1.546     0.4206    -1.1618 -9.990e-29
 234.905208     -1.548   0.739822    18.4340    -1.7611     -1.535     0.4175    -1.1640 -9.990e-29
 234.905214     -1.535   0.735812    18.4360    -1.7608     -1.522     0.4151    -1.1662 -9.990e-29
 234.905220     -1.527   0.733285    18.4392    -1.7604     -1.514     0.4136    -1.1679 -9.990e-29
 234.905226     -1.525   0.731639    18.4415    -1.7603     -1.512     0.4126    -1.1691 -9.990e-29
 234.905231     -1.523   0.729787    18.4419    -1.7600     -1.510     0.4115    -1.1700 -9.990e-29
 234.905237     -1.527   0.727475    18.4415    -1.7598     -1.514     0.4102    -1.1710 -9.990e-29
 234.905243     -1.536   0.725497    18.4409    -1.7596     -1.523     0.4090    -1.1718 -9.990e-29
 234.905249     -1.542   0.724538    18.4402    -1.7594     -1.529     0.4085    -1.1720 -9.990e-29
 234.905255     -1.541   0.724428    18.4409    -1.7593     -1.528     0.4084    -1.1722 -9.990e-29
 234.905260     -1.534   0.725022    18.4445    -1.7591     -1.521     0.4087    -1.1727 -9.990e-29
 234.905266     -1.520   0.726556    18.4508    -1.7589     -1.507     0.4096    -1.1732 -9.990e-29
 234.905272     -1.502   0.728864    18.4581    -1.7587     -1.489     0.4108    -1.1736 -9.990e-29
 234.905278     -1.484   0.731149    18.4648    -1.7584     -1.472     0.4121    -1.1740 -9.990e-29
 234.905284     -1.463   0.733136    18.4711    -1.7582     -1.451     0.4132    -1.1743 -9.990e-29
 234.905289     -1.444   0.735261    18.4771    -1.7580     -1.432     0.4144    -1.1746 -9.990e-29
 234.905295     -1.430   0.737034    18.4829    -1.7576     -1.418     0.4154    -1.1749 -9.990e-29
 234.905301     -1.418   0.737501    18.4887    -1.7574     -1.406     0.4156    -1.1759 -9.990e-29
 234.905307     -1.409   0.736729    18.4945    -1.7573     -1.397     0.4151    -1.1773 -9.990e-29
 234.905313     -1.403   0.735352    18.5005    -1.7573     -1.391     0.4142    -1.1792 -9.990e-29
 234.905318     -1.397   0.733748    18.5069    -1.7572     -1.385     0.4132    -1.1811 -9.990e-29
 234.905324     -1.394   0.731991    18.5140    -1.7576     -1.382     0.4121    -1.1833 -9.990e-29
 234.905330     -1.391   0.729953    18.5212    -1.7578     -1.379     0.4109    -1.1857 -9.990e-29
 234.905336     -1.389   0.727684    18.5283    -1.7575     -1.377     0.4095    -1.1881 -9.990e-29
 234.905341     -1.388   0.725478    18.5360    -1.7573     -1.376     0.4081    -1.1906 -9.990e-29
 234.905347     -1.387   0.723162    18.5437    -1.7572     -1.375     0.4067    -1.1932 -9.990e-29
 234.905353     -1.387   0.720415    18.5498    -1.7570     -1.375     0.4050    -1.1956 -9.990e-29
 234.905359     -1.388   0.717449    18.5535    -1.7572     -1.376     0.4033    -1.1977 -9.990e-29
 234.905365     -1.390   0.714738    18.5551    -1.7577     -1.378     0.4017    -1.1992 -9.990e-29
 234.905370     -1.392   0.712542    18.5539    -1.7582     -1.380     0.4004    -1.1999 -9.990e-29
 234.905376     -1.395   0.710699    18.5505    -1.7585     -1.383     0.3994    -1.2001 -9.990e-29
 234.905382     -1.396   0.708965    18.5493    -1.7585     -1.384     0.3984    -1.2006 -9.990e-29
 234.905388     -1.388   0.707243    18.5523    -1.7582     -1.376     0.3974    -1.2020 -9.990e-29
 234.905394     -1.378   0.705449    18.5569    -1.7581     -1.367     0.3963    -1.2037 -9.990e-29
 234.905399     -1.367   0.703405    18.5610    -1.7581     -1.356     0.3951    -1.2054 -9.990e-29
 234.905405     -1.360   0.701155    18.5619    -1.7580     -1.349     0.3937    -1.2066 -9.990e-29
 234.905411     -1.360   0.699018    18.5572    -1.7580     -1.349     0.3925    -1.2066 -9.990e-29
 234.905417     -1.364   0.696912    18.5477    -1.7580     -1.353     0.3914    -1.2057 -9.990e-29
 234.905422     -1.367   0.694799    18.5374    -1.7580     -1.356     0.3903    -1.2046 -9.990e-29
 234.905428     -1.369   0.693180    18.5307    -1.7578     -1.358     0.3894    -1.2040 -9.990e-29
 234.905434     -1.371   0.692111    18.5298    -1.7581     -1.360     0.3888    -1.2043 -9.990e-29
 234.905440     -1.372   0.691271    18.5327    -1.7582     -1.361     0.3883    -1.2052 -9.990e-29
 234.905446     -1.373   0.690649    18.5360    -1.7582     -1.362     0.3879    -1.2061 -9.990e-29
 234.905451     -1.374   0.689966    18.5382    -1.7581     -1.363     0.3875    -1.2069 -9.990e-29
 234.905457     -1.375   0.688866    18.5398    -1.7582     -1.364     0.3868    -1.2077 -9.990e-29
 234.905463     -1.375   0.687543    18.5409    -1.7584     -1.364     0.3860    -1.2085 -9.990e-29
 234.905469     -1.375   0.686444    18.5414    -1.7591     -1.364     0.3854    -1.2091 -9.990e-29
 234.905475     -1.376   0.685766    18.5421    -1.7602     -1.365     0.3850    -1.2095 -9.990e-29
 234.905480     -1.376   0.685157    18.5418    -1.7616     -1.365     0.3846    -1.2097 -9.990e-29
 234.905486     -1.376   0.684358    18.5394    -1.7627     -1.365     0.3842    -1.2096 -9.990e-29
 234.905492     -1.376   0.683963    18.5366    -1.7637     -1.365     0.3840    -1.2092 -9.990e-29
 234.905498     -1.376   0.684553    18.5352    -1.7647     -1.365     0.3843    -1.2087 -9.990e-29
 234.905503     -1.376   0.685805    18.5337    -1.7657     -1.365     0.3851    -1.2078 -9.990e-29
 234.905509     -1.376   0.687172    18.5291    -1.7663     -1.365     0.3859    -1.2063 -9.990e-29
 234.905515     -1.375   0.688264    18.5177    -1.7662     -1.364     0.3867    -1.2036 -9.990e-29
 234.905521     -1.375   0.688874    18.4970    -1.7657     -1.364     0.3872    -1.1992 -9.990e-29
 234.905527     -1.374   0.689261    18.4678    -1.7659     -1.363     0.3877    -1.1932 -9.990e-29
 234.905532     -1.374   0.689941    18.4345    -1.7666     -1.363     0.3884    -1.1864 -9.990e-29
 234.905538     -1.373   0.690713    18.4022    -1.7674     -1.362     0.3891    -1.1797 -9.990e-29
 234.905544     -1.371   0.690943    18.3723    -1.7678     -1.360     0.3895    -1.1737 -9.990e-29
 234.905550     -1.370   0.690939    18.3442    -1.7679     -1.359     0.3898    -1.1681 -9.990e-29
 234.905556     -1.368   0.691248    18.3202    -1.7683     -1.357     0.3902    -1.1633 -9.990e-29
 234.905561     -1.365   0.692280    18.3054    -1.7687     -1.354     0.3909    -1.1599 -9.990e-29
 234.905567     -1.361   0.694304    18.3009    -1.7687     -1.350     0.3921    -1.1581 -9.990e-29
 234.905573     -1.357   0.696695    18.3001    -1.7688     -1.346     0.3935    -1.1569 -9.990e-29
 234.905579     -1.351   0.698765    18.2940    -1.7694     -1.340     0.3948    -1.1548 -9.990e-29
 234.905584     -1.344   0.700504    18.2805    -1.6247     -1.333     0.3959    -1.1514 -9.990e-29
 234.905590     -1.334   0.702570    18.2645    -1.5149     -1.323     0.3973    -1.1473 -9.990e-29
 234.905596     -1.322   0.706056    18.2512    -1.5380     -1.311     0.3995    -1.1431 -9.990e-29
 234.905602     -1.310   0.711734    18.2407    -1.5452     -1.299     0.4029    -1.1385 -9.990e-29
 234.905608     -1.299   0.722192    18.2297    -1.5472     -1.288     0.4091    -1.1317 -9.990e-29
 234.905613     -1.283   0.748053    18.2163    -1.5445     -1.272     0.4244    -1.1174 -9.990e-29
 234.905619     -1.265   0.822135    18.1935    -1.5403     -1.254     0.4683    -1.0795 -9.990e-29
 234.905625     -1.248   1.042660    18.1348    -1.7914     -1.238     0.6004    -0.9672 -9.990e-29
 234.905631     -1.236   1.704214    17.9698    -1.8395     -1.226     1.0077    -0.6243 -9.990e-29
 234.905637     -1.228   3.689422    17.4969    -1.6790     -1.218     2.3032     0.4544 -9.990e-29
 234.905642     -1.214   9.643012    16.6787    -1.5392     -1.204     6.5612     3.8561 -9.990e-29
 234.905648     -1.195  20.725390    15.9027    -1.5440     -1.185    15.3260    10.6926 -9.990e-29
 234.905654     -1.176  31.651583    15.4468    -1.8390     -1.166    24.6725    17.9362 -9.990e-29
 234.905660     -1.162  37.298768    15.2431    -1.8461     -1.152    29.7462    21.8742 -9.990e-29
 234.905666     -1.152  38.934305    15.1815    -1.8492     -1.142    31.2497    23.0437 -9.990e-29
 234.905671     -1.144  38.922717    15.1926    -1.8521     -1.134    31.2305    23.0265 -9.990e-29
 234.905677     -1.139  37.166180    15.2220    -1.8544     -1.129    29.6447    21.8006 -9.990e-29
 234.905683     -1.135  30.994232    15.2522    -1.8565     -1.126    24.2268    17.6340 -9.990e-29
 234.905689     -1.133  21.694286    15.2701    -1.8580     -1.124    16.3691    11.6103 -9.990e-29
 234.905694     -1.133  18.316120    15.2499    -1.8583     -1.124    13.6167     9.5076 -9.990e-29
 234.905700     -1.135  23.844867    15.2139    -1.8595     -1.126    18.1780    13.0058 -9.990e-29
 234.905706     -1.138  29.691930    15.2138    -1.8598     -1.129    23.1293    16.7999 -9.990e-29
 234.905712     -1.142  26.505122    15.2606    -1.8592     -1.132    20.3894    14.6907 -9.990e-29
 234.905718     -1.150  16.156126    15.3155    -1.8592     -1.140    11.8603     8.1518 -9.990e-29
 234.905723     -1.159   8.322817    15.3518    -1.8596     -1.149     5.7889     3.4983 -9.990e-29
 234.905729     -1.173   5.231046    15.3739    -1.8597     -1.163     3.5191     1.7541 -9.990e-29
 234.905735     -1.185   3.892855    15.3884    -1.8590     -1.175     2.5683     1.0215 -9.990e-29
 234.905741     -1.195   3.210176    15.4012    -1.5398     -1.185     2.0925     0.6536 -9.990e-29
 234.905747     -1.201   2.799599    15.4165    -1.5473     -1.191     1.8096     0.4335 -9.990e-29
 234.905752     -1.200   2.525076    15.4338    -1.5500     -1.190     1.6219     0.2863 -9.990e-29
 234.905758     -1.188   2.318261    15.4507    -1.5509     -1.178     1.4814     0.1754 -9.990e-29
 234.905764     -1.169   2.152259    15.4650    -1.5494     -1.159     1.3693     0.0868 -9.990e-29
 234.905770     -1.149   2.059550    15.4750    -1.5489     -1.139     1.3069     0.0372 -9.990e-29
 234.905775     -1.127   2.088861    15.4812    -1.5486     -1.118     1.3263     0.0511 -9.990e-29
 234.905781     -1.098   2.345763    15.4802    -1.5481     -1.089     1.4988     0.1842 -9.990e-29
 234.905787     -1.064   3.231524    15.4518    -1.5488     -1.055     2.1046     0.6548 -9.990e-29
 234.905793     -1.028   6.021347    15.3644    -1.5499     -1.019     4.0907     2.1943 -9.990e-29
 234.905799     -0.986  14.522532    15.2360    -1.5502     -0.978    10.5861     7.1910 -9.990e-29
 234.905804     -0.937  27.287066    15.1327    -1.5504     -0.929    21.1197    15.2753 -9.990e-29
 234.905810     -0.876  35.756375    15.0775    -1.5502     -0.869    28.5036    20.9538 -9.990e-29
 234.905816     -0.810  38.548528    15.0538    -1.5485     -0.803    31.0060    22.8835 -9.990e-29
 234.905822     -0.746  39.510830    15.0553    -1.5470     -0.740    31.8679    23.5466 -9.990e-29
 234.905828     -0.684  39.894435    15.0765    -1.5481     -0.678    32.1955    23.7943 -9.990e-29
 234.905833     -0.626  40.043277    15.0964    -1.5494     -0.621    32.3129    23.8804 -9.990e-29
 234.905839     -0.575  40.060574    15.0964    -1.5496     -0.570    32.3285    23.8924 -9.990e-29
 234.905845     -0.534  40.027719    15.0827    -1.5490     -0.530    32.3102    23.8813 -9.990e-29
 234.905851     -0.499  39.991745    15.0713    -1.5490     -0.495    32.2872    23.8660 -9.990e-29
 234.905856     -0.472  39.966933    15.0710    -1.5483     -0.468    32.2651    23.8491 -9.990e-29
 234.905862     -0.456  39.954983    15.0831    -1.5481     -0.452    32.2444    23.8305 -9.990e-29
 234.905868     -0.450  39.952325    15.0985    -1.5477     -0.446    32.2293    23.8156 -9.990e-29
 234.905874     -0.449  39.970024    15.1042    -1.5481     -0.445    32.2405    23.8230 -9.990e-29
 234.905880     -0.445  40.022194    15.1000    -1.5482     -0.441    32.2909    23.8627 -9.990e-29
 234.905885     -0.437  40.069151    15.0930    -1.5488     -0.433    32.3390    23.9012 -9.990e-29
 234.905891     -0.425  40.056410    15.0906    -1.5491     -0.421    32.3295    23.8944 -9.990e-29
 234.905897     -0.404  40.014097    15.0996    -1.5484     -0.401    32.2840    23.8574 -9.990e-29
 234.905903     -0.381  39.995680    15.1180    -1.5477     -0.378    32.2522    23.8290 -9.990e-29
 234.905909     -0.363  39.987849    15.1361    -1.5467     -0.360    32.2303    23.8082 -9.990e-29
 234.905914     -0.349  39.972355    15.1474    -1.5469     -0.346    32.2070    23.7879 -9.990e-29
 234.905920     -0.338  39.964452    15.1462    -1.5471     -0.335    32.2009    23.7834 -9.990e-29
 234.905926     -0.330  39.968215    15.1286    -1.5472     -0.327    32.2188    23.8010 -9.990e-29
 234.905932     -0.323  39.985341    15.1065    -1.5467     -0.320    32.2524    23.8316 -9.990e-29
 234.905937     -0.318  40.022450    15.0983    -1.5464     -0.315    32.2925    23.8643 -9.990e-29
 234.905943     -0.314  40.054516    15.1070    -1.5461     -0.311    32.3142    23.8791 -9.990e-29
 234.905949     -0.311  40.048107    15.1196    -1.5457     -0.308    32.2980    23.8639 -9.990e-29
 234.905955     -0.308  40.024415    15.1267    -1.5452     -0.305    32.2708    23.8415 -9.990e-29
 234.905961     -0.306  40.033157    15.1351    -1.5453     -0.303    32.2718    23.8404 -9.990e-29
 234.905966     -0.305  40.079306    15.1495    -1.5451     -0.302    32.3014    23.8601 -9.990e-29
