data/oxygen options/ONMS/Olympic_Coast_National_Marine_Sanctuary_CTD_Data_2005_2023/raw_data/2022/CAST_CE015_220523faed.cnv
* Sea-Bird SBE 19 Data File:
* FileName = C:\2022 Mooring Data\Casts\CAST_CE015_220523.hex
* Software Version SeatermAF 2.1.2
* Temperature SN = 2997
* Conductivity SN = 2997
* System UpLoad Time = May 23 2022 19:19:53 (localtime) = May 23 2022 19:19:53 (UTC)
** CAST_CE015_220523
* ds
# nquan = 9                                 
# nvalues = 869                         
# units = specified
# name 0 = timeJ: Julian Days
# name 1 = prSM: Pressure, Strain Gauge [db]
# name 2 = c0mS/cm: Conductivity [mS/cm]
# name 3 = t090C: Temperature [ITS-90, deg C]
# name 4 = sbeox0ML/L: Oxygen, SBE 43 [ml/l]
# name 5 = depSM: Depth [salt water, m], lat = 47.5
# name 6 = sal00: Salinity, Practical [PSU]
# name 7 = sigma-é00: Density [sigma-theta, kg/m^3]
# name 8 = flag: flag
# span 0 = 143.791759, 143.796782       
# span 1 =     -5.646,     11.652       
# span 2 =   0.002639,  34.778653       
# span 3 =    10.6219,    13.7457       
# span 4 =   -13.0982,    14.1188       
# span 5 =     -5.599,     11.554       
# span 6 =     0.0075,    31.0876       
# span 7 =    -0.7131,    23.7950       
# span 8 = 0.0000e+00, 0.0000e+00       
# interval = seconds: 0.5
# start_time = May 23 2022 19:00:08 [Instrument's time stamp, header]
# bad_flag = -9.990e-29
*END*
[from data line 641]
 143.795469      0.409  33.293388    11.6763     6.3112      0.406    28.7904    21.8289 -9.990e-29
 143.795475      0.423  33.293866    11.6763     6.3159      0.419    28.7908    21.8292 -9.990e-29
 143.795480      0.432  33.294057    11.6768     6.3264      0.428    28.7906    21.8290 -9.990e-29
 143.795486      0.435  33.294153    11.6772     6.3281      0.431    28.7904    21.8287 -9.990e-29
 143.795492      0.435  33.294218    11.6774     6.3209      0.431    28.7903    21.8286 -9.990e-29
 143.795498      0.429  33.294275    11.6775     6.3175      0.425    28.7903    21.8286 -9.990e-29
 143.795503      0.419  33.294338    11.6778     6.2713      0.416    28.7901    21.8284 -9.990e-29
 143.795509      0.407  33.294429    11.6782     6.2990      0.404    28.7899    21.8282 -9.990e-29
 143.795515      0.401  33.294606    11.6784     6.3109      0.398    28.7899    21.8282 -9.990e-29
 143.795521      0.401  33.295040    11.6785     6.3206      0.398    28.7903    21.8284 -9.990e-29
 143.795527      0.403  33.295689    11.6788     6.3317      0.400    28.7906    21.8286 -9.990e-29
 143.795532      0.412  33.296235    11.6790     6.2721      0.409    28.7910    21.8289 -9.990e-29
 143.795538      0.427  33.296784    11.6791     6.3054      0.423    28.7914    21.8292 -9.990e-29
 143.795544      0.441  33.297443    11.6794     6.3224      0.437    28.7918    21.8295 -9.990e-29
 143.795550      0.451  33.297910    11.6798     6.3341      0.447    28.7920    21.8295 -9.990e-29
 143.795556      0.457  33.298183    11.6795     6.3437      0.453    28.7925    21.8299 -9.990e-29
 143.795561      0.460  33.298563    11.6781     6.3154      0.456    28.7939    21.8313 -9.990e-29
 143.795567      0.460  33.299495    11.6766     6.3103      0.456    28.7960    21.8332 -9.990e-29
 143.795573      0.457  33.300479    11.6764     6.3174      0.453    28.7971    21.8341 -9.990e-29
 143.795579      0.450  33.300523    11.6775     6.3207      0.446    28.7963    21.8332 -9.990e-29
 143.795584      0.440  33.300184    11.6787     6.3312      0.436    28.7950    21.8321 -9.990e-29
 143.795590      0.430  33.300065    11.6789     6.3242      0.426    28.7947    21.8318 -9.990e-29
 143.795596      0.428  33.299946    11.6782     6.3119      0.424    28.7952    21.8323 -9.990e-29
 143.795602      0.434  33.300164    11.6773     6.3158      0.430    28.7961    21.8331 -9.990e-29
 143.795608      0.439  33.300947    11.6771     6.3158      0.435    28.7970    21.8339 -9.990e-29
 143.795613      0.440  33.301596    11.6776     6.3207      0.436    28.7972    21.8340 -9.990e-29
 143.795619      0.436  33.301794    11.6780     6.3150      0.432    28.7971    21.8338 -9.990e-29
 143.795625      0.433  33.301740    11.6782     6.3103      0.429    28.7969    21.8336 -9.990e-29
 143.795631      0.437  33.301861    11.6781     6.2959      0.433    28.7971    21.8338 -9.990e-29
 143.795637      0.449  33.302816    11.6778     6.2941      0.445    28.7982    21.8347 -9.990e-29
 143.795642      0.462  33.304133    11.6778     6.3045      0.458    28.7995    21.8357 -9.990e-29
 143.795648      0.473  33.304708    11.6784     6.3092      0.469    28.7996    21.8356 -9.990e-29
 143.795654      0.480  33.304684    11.6791     6.3226      0.476    28.7990    21.8351 -9.990e-29
 143.795660      0.486  33.304524    11.6794     6.3372      0.482    28.7986    21.8347 -9.990e-29
 143.795666      0.491  33.303954    11.6797     6.3371      0.487    28.7978    21.8341 -9.990e-29
 143.795671      0.495  33.303269    11.6799     6.3427      0.491    28.7970    21.8334 -9.990e-29
 143.795677      0.498  33.303173    11.6800     6.3162      0.494    28.7968    21.8332 -9.990e-29
 143.795683      0.500  33.303474    11.6802     6.2763      0.496    28.7970    21.8333 -9.990e-29
 143.795689      0.501  33.303953    11.6807     6.2611      0.497    28.7970    21.8333 -9.990e-29
 143.795694      0.503  33.304625    11.6813     6.2679      0.499    28.7972    21.8333 -9.990e-29
 143.795700      0.504  33.305202    11.6819     6.2931      0.500    28.7973    21.8333 -9.990e-29
 143.795706      0.504  33.305830    11.6823     6.3232      0.500    28.7976    21.8334 -9.990e-29
 143.795712      0.505  33.306725    11.6823     6.3354      0.501    28.7985    21.8341 -9.990e-29
 143.795718      0.505  33.307337    11.6824     6.2966      0.501    28.7990    21.8345 -9.990e-29
 143.795723      0.505  33.307299    11.6827     6.3250      0.501    28.7987    21.8342 -9.990e-29
 143.795729      0.505  33.307058    11.6830     6.3264      0.501    28.7982    21.8338 -9.990e-29
 143.795735      0.504  33.306789    11.6832     6.3315      0.500    28.7978    21.8334 -9.990e-29
 143.795741      0.503  33.306631    11.6834     6.3452      0.499    28.7975    21.8332 -9.990e-29
 143.795747      0.502  33.306871    11.6838     6.2773      0.498    28.7974    21.8330 -9.990e-29
 143.795752      0.505  33.307205    11.6845     6.3085      0.501    28.7972    21.8327 -9.990e-29
 143.795758      0.517  33.307456    11.6851     6.3096      0.513    28.7970    21.8325 -9.990e-29
 143.795764      0.533  33.307897    11.6850     6.3093      0.529    28.7975    21.8329 -9.990e-29
 143.795770      0.551  33.308492    11.6846     6.3137      0.546    28.7983    21.8336 -9.990e-29
 143.795775      0.571  33.308850    11.6844     6.2945      0.566    28.7988    21.8340 -9.990e-29
 143.795781      0.592  33.308827    11.6839     6.3060      0.587    28.7992    21.8344 -9.990e-29
 143.795787      0.609  33.308888    11.6831     6.3181      0.604    28.7999    21.8351 -9.990e-29
 143.795793      0.628  33.309050    11.6827     6.3243      0.623    28.8003    21.8355 -9.990e-29
 143.795799      0.654  33.308907    11.6830     6.3378      0.649    28.7999    21.8351 -9.990e-29
 143.795804      0.690  33.308766    11.6834     6.3300      0.684    28.7995    21.8347 -9.990e-29
 143.795810      0.738  33.308934    11.6828     6.3091      0.732    28.8001    21.8353 -9.990e-29
 143.795816      0.800  33.309574    11.6811     6.2881      0.793    28.8020    21.8371 -9.990e-29
 143.795822      0.877  33.310915    11.6788     6.2607      0.870    28.8050    21.8398 -9.990e-29
 143.795828      0.964  33.313002    11.6748     6.2418      0.956    28.8101    21.8445 -9.990e-29
 143.795833      1.058  33.317435    11.6658     6.2315      1.049    28.8213    21.8547 -9.990e-29
 143.795839      1.162  33.329501    11.6441     6.2012      1.152    28.8497    21.8805 -9.990e-29
 143.795845      1.282  33.358504    11.6031     6.1587      1.271    28.9093    21.9340 -9.990e-29
 143.795851      1.417  33.411693    11.5556     6.1103      1.405    28.9975    22.0106 0.0000e+00
 143.795856      1.558  33.475930    11.5233     6.0428      1.545    29.0845    22.0838 0.0000e+00
 143.795862      1.702  33.523680    11.5002     5.9832      1.688    29.1486    22.1375 0.0000e+00
 143.795868      1.853  33.554141    11.4604     5.9276      1.838    29.2092    22.1915 0.0000e+00
 143.795874      2.021  33.605060    11.3921     5.8757      2.004    29.3123    22.2834 0.0000e+00
 143.795880      2.209  33.712349    11.3116     5.8197      2.191    29.4801    22.4276 0.0000e+00
 143.795885      2.406  33.853235    11.2466     5.7645      2.386    29.6688    22.5854 0.0000e+00
 143.795891      2.604  33.962370    11.2049     5.7149      2.582    29.8084    22.7011 0.0000e+00
 143.795897      2.803  34.024466    11.1708     5.6670      2.780    29.8964    22.7753 0.0000e+00
 143.795903      3.007  34.075199    11.1327     5.6224      2.982    29.9768    22.8443 0.0000e+00
 143.795909      3.215  34.131741    11.0922     5.5838      3.188    30.0649    22.9198 0.0000e+00
 143.795914      3.424  34.194930    11.0496     5.5525      3.395    30.1614    23.0021 0.0000e+00
 143.795920      3.631  34.261580    11.0059     5.5381      3.601    30.2625    23.0882 0.0000e+00
 143.795926      3.834  34.318557    10.9697     5.5554      3.802    30.3482    23.1610 0.0000e+00
 143.795932      4.044  34.359430    10.9415     5.5673      4.010    30.4115    23.2151 0.0000e+00
 143.795938      4.265  34.392139    10.9079     5.7177      4.229    30.4714    23.2674 0.0000e+00
 143.795943      4.494  34.429423    10.8623     5.8592      4.456    30.5459    23.3332 0.0000e+00
 143.795949      4.733  34.478919    10.8116     5.9964      4.693    30.6369    23.4126 0.0000e+00
 143.795955      4.983  34.539190    10.7674     6.0988      4.941    30.7333    23.4951 0.0000e+00
 143.795961      5.244  34.602660    10.7380     6.0940      5.200    30.8206    23.5680 0.0000e+00
 143.795966      5.510  34.659058    10.7218     6.1489      5.464    30.8900    23.6247 0.0000e+00
 143.795972      5.774  34.702259    10.7117     6.1530      5.726    30.9411    23.6663 0.0000e+00
 143.795978      6.030  34.734154    10.7038     6.1351      5.980    30.9793    23.6973 0.0000e+00
 143.795984      6.278  34.756343    10.6972     6.1193      6.226    31.0067    23.7198 0.0000e+00
 143.795990      6.517  34.768684    10.6920     6.0670      6.463    31.0233    23.7335 0.0000e+00
 143.795995      6.748  34.774149    10.6884     6.0269      6.692    31.0316    23.7407 0.0000e+00
 143.796001      6.977  34.776627    10.6860     5.9570      6.919    31.0360    23.7445 0.0000e+00
 143.796007      7.208  34.777701    10.6832     5.9057      7.148    31.0394    23.7476 0.0000e+00
 143.796013      7.436  34.777645    10.6782     5.8435      7.374    31.0435    23.7516 0.0000e+00
 143.796019      7.664  34.776345    10.6708     5.7965      7.600    31.0484    23.7567 0.0000e+00
 143.796024      7.898  34.773709    10.6629     5.7556      7.832    31.0524    23.7612 0.0000e+00
 143.796030      8.144  34.770666    10.6556     5.7171      8.076    31.0555    23.7648 0.0000e+00
 143.796036      8.405  34.767598    10.6487     5.7003      8.335    31.0582    23.7681 0.0000e+00
 143.796042      8.672  34.763737    10.6424     5.6842      8.599    31.0596    23.7703 0.0000e+00
 143.796047      8.931  34.759495    10.6372     5.6921      8.856    31.0597    23.7713 0.0000e+00
 143.796053      9.182  34.756455    10.6329     5.7002      9.105    31.0603    23.7724 0.0000e+00
 143.796059      9.433  34.755005    10.6301     5.7266      9.354    31.0611    23.7736 0.0000e+00
 143.796065      9.682  34.754855    10.6300     5.7304      9.601    31.0609    23.7734 0.0000e+00
 143.796071      9.920  34.755767    10.6325     5.7408      9.837    31.0596    23.7720 0.0000e+00
 143.796076     10.140  34.757796    10.6366     5.7358     10.055    31.0581    23.7701 0.0000e+00
 143.796082     10.344  34.761368    10.6406     5.7229     10.257    31.0581    23.7695 0.0000e+00
 143.796088     10.535  34.765047    10.6418     5.7297     10.447    31.0607    23.7712 0.0000e+00
 143.796094     10.718  34.765859    10.6392     5.7475     10.628    31.0636    23.7740 0.0000e+00
 143.796100     10.900  34.763728    10.6340     5.7682     10.809    31.0658    23.7766 0.0000e+00
 143.796105     11.084  34.761937    10.6281     5.7917     10.991    31.0690    23.7801 0.0000e+00
 143.796111     11.259  34.762541    10.6237     5.7991     11.165    31.0733    23.7841 0.0000e+00
 143.796117     11.417  34.765186    10.6219     5.7697     11.321    31.0774    23.7876 0.0000e+00
 143.796123     11.545  34.769435    10.6222     5.7873     11.448    31.0813    23.7906 -9.990e-29
 143.796128     11.625  34.774193    10.6233     5.7776     11.528    31.0850    23.7934 -9.990e-29
 143.796134     11.652  34.777363    10.6243     5.7774     11.554    31.0873    23.7950 -9.990e-29
 143.796140     11.625  34.778653    10.6255     5.7587     11.528    31.0876    23.7950 -9.990e-29
 143.796146     11.543  34.778626    10.6271     5.7045     11.446    31.0862    23.7937 -9.990e-29
 143.796152     11.410  34.777208    10.6284     5.7365     11.314    31.0838    23.7915 0.0000e+00
 143.796157     11.238  34.774711    10.6291     5.7499     11.144    31.0808    23.7891 0.0000e+00
 143.796163     11.042  34.771133    10.6293     5.7613     10.950    31.0771    23.7862 0.0000e+00
 143.796169     10.832  34.766707    10.6293     5.7532     10.741    31.0728    23.7828 0.0000e+00
 143.796175     10.611  34.763340    10.6291     5.7024     10.522    31.0697    23.7805 0.0000e+00
 143.796181     10.377  34.762105    10.6288     5.7040     10.290    31.0689    23.7798 0.0000e+00
 143.796186     10.129  34.762441    10.6284     5.7116     10.044    31.0696    23.7805 0.0000e+00
 143.796192      9.872  34.763639    10.6276     5.7317      9.789    31.0716    23.7822 0.0000e+00
 143.796198      9.612  34.763899    10.6267     5.7526      9.532    31.0727    23.7832 0.0000e+00
 143.796204      9.353  34.761852    10.6261     5.7505      9.275    31.0713    23.7822 0.0000e+00
 143.796209      9.100  34.758653    10.6260     5.7703      9.024    31.0683    23.7799 0.0000e+00
 143.796215      8.849  34.756721    10.6265     5.7989      8.775    31.0661    23.7781 0.0000e+00
 143.796221      8.599  34.756805    10.6277     5.8394      8.527    31.0653    23.7772 0.0000e+00
 143.796227      8.345  34.757859    10.6302     5.8781      8.275    31.0643    23.7760 0.0000e+00
 143.796233      8.085  34.759572    10.6345     5.8997      8.017    31.0624    23.7738 0.0000e+00
 143.796238      7.818  34.761951    10.6400     5.9200      7.753    31.0602    23.7712 0.0000e+00
 143.796244      7.542  34.764213    10.6446     5.9464      7.479    31.0587    23.7692 0.0000e+00
 143.796250      7.254  34.765976    10.6476     5.9770      7.193    31.0580    23.7681 0.0000e+00
 143.796256      6.964  34.767316    10.6502     6.0163      6.906    31.0572    23.7671 0.0000e+00
 143.796262      6.673  34.768304    10.6537     6.0348      6.617    31.0554    23.7650 0.0000e+00
 143.796267      6.381  34.769101    10.6586     6.0495      6.328    31.0521    23.7617 0.0000e+00
 143.796273      6.089  34.768494    10.6643     6.0442      6.038    31.0468    23.7565 0.0000e+00
 143.796279      5.806  34.762837    10.6688     6.0159      5.757    31.0375    23.7485 0.0000e+00
 143.796285      5.535  34.755755    10.6729     5.9538      5.489    31.0271    23.7397 0.0000e+00
 143.796291      5.271  34.753452    10.6787     5.8854      5.227    31.0200    23.7332 0.0000e+00
 143.796296      5.001  34.751143    10.6875     5.8197      4.959    31.0103    23.7242 0.0000e+00
 143.796302      4.718  34.744591    10.7031     5.7555      4.679    30.9907    23.7063 0.0000e+00
 143.796308      4.425  34.728386    10.7286     5.7157      4.388    30.9532    23.6728 0.0000e+00
 143.796314      4.127  34.690968    10.7573     5.7091      4.093    30.8921    23.6203 0.0000e+00
 143.796319      3.834  34.635064    10.7797     5.7098      3.802    30.8181    23.5589 0.0000e+00
 143.796325      3.546  34.579645    10.7951     5.7249      3.516    30.7506    23.5038 0.0000e+00
 143.796331      3.263  34.540409    10.8143     5.7151      3.236    30.6959    23.4579 0.0000e+00
 143.796337      2.985  34.504216    10.8470     5.8184      2.960    30.6330    23.4034 0.0000e+00
 143.796343      2.709  34.451337    10.8861     5.9103      2.686    30.5484    23.3310 0.0000e+00
 143.796348      2.441  34.393011    10.9269     6.0310      2.421    30.4572    23.2531 0.0000e+00
 143.796354      2.185  34.328174    10.9751     6.1241      2.167    30.3538    23.1644 0.0000e+00
 143.796360      1.942  34.251560    11.0296     6.1244      1.926    30.2339    23.0618 0.0000e+00
 143.796366      1.712  34.175245    11.0915     6.2135      1.698    30.1086    22.9538 0.0000e+00
 143.796372      1.495  34.078661    11.1754     6.2501      1.483    29.9460    22.8130 0.0000e+00
 143.796377      1.293  33.938855    11.2793     6.2651      1.282    29.7261    22.6242 0.0000e+00
 143.796383      1.116  33.781653    11.3666     6.2728      1.107    29.5037    22.4364 0.0000e+00
