data/oxygen options/ONMS/Olympic_Coast_National_Marine_Sanctuary_CTD_Data_2005_2023/raw_data/2022/CAST_CE015_220823faed.cnv
* Sea-Bird SBE 19 Data File:
* FileName = C:\2022 Mooring Data\Casts\CAST_CE015_220823.hex
* Software Version SeatermAF 2.1.2
* Temperature SN = 2997
* Conductivity SN = 2997
* System UpLoad Time = Aug 23 2022 19:32:33 (localtime) = Aug 23 2022 19:32:33 (UTC)
** CAST_CE015_220823
* ds
# nquan = 9                                 
# nvalues = 1213                        
# units = specified
# name 0 = timeJ: Julian Days
# name 1 = prSM: Pressure, Strain Gauge [db]
# name 2 = c0mS/cm: Conductivity [mS/cm]
# name 3 = t090C: Temperature [ITS-90, deg C]
# name 4 = sbeox0ML/L: Oxygen, SBE 43 [ml/l]
# name 5 = depSM: Depth [salt water, m], lat = 47.5
# name 6 = sal00: Salinity, Practical [PSU]
# name 7 = sigma-é00: Density [sigma-theta, kg/m^3]
# name 8 = flag: flag
# span 0 = 235.782928, 235.789942       
# span 1 =     -5.916,     11.507       
# span 2 =   0.405805,  38.656428       
# span 3 =     8.2850,    15.1898       
# span 4 =   -10.8052,    10.1374       
# span 5 =     -5.867,     11.411       
# span 6 =     0.2439,    33.3933       
# span 7 =    -0.7137,    25.9679       
# span 8 = 0.0000e+00, 0.0000e+00       
# interval = seconds: 0.5
# start_time = Aug 23 2022 18:47:25 [Instrument's time stamp, header]
# bad_flag = -9.990e-29
*END*
 235.782928     -5.916 -9.990e-29    15.1867    -1.8807     -5.867 -9.990e-29 -9.990e-29 -9.990e-29
 235.782934     -5.905   0.460582    15.1866    -1.8808     -5.856     0.2766    -0.7130 -9.990e-29
 235.782940     -5.892   0.460563    15.1877    -1.8809     -5.843     0.2765    -0.7132 -9.990e-29
 235.782946     -5.874   0.460505    15.1891    -1.8807     -5.825     0.2765    -0.7135 -9.990e-29
 235.782951     -5.856   0.460332    15.1898    -1.8808     -5.807     0.2764    -0.7137 -9.990e-29
 235.782957     -5.840   0.459995    15.1888    -1.8810     -5.791     0.2762    -0.7137 -9.990e-29
 235.782963     -5.822   0.459601    15.1852    -1.8811     -5.773     0.2760    -0.7133 -9.990e-29
 235.782969     -5.794   0.459361    15.1796    -1.8810     -5.746     0.2759    -0.7125 -9.990e-29
 235.782975     -5.762   0.459510    15.1737    -1.8809     -5.714     0.2760    -0.7115 -9.990e-29
 235.782980     -5.729   0.459880    15.1688    -1.8808     -5.681     0.2762    -0.7106 -9.990e-29
 235.782986     -5.700   0.459859    15.1656    -1.8810     -5.653     0.2763    -0.7101 -9.990e-29
 235.782992     -5.671   0.459420    15.1643    -1.8810     -5.624     0.2760    -0.7101 -9.990e-29
 235.782998     -5.642   0.459086    15.1642    -1.8810     -5.595     0.2758    -0.7102 -9.990e-29
 235.783003     -5.610   0.458964    15.1633    -1.8809     -5.563     0.2757    -0.7101 -9.990e-29
 235.783009     -5.574   0.458895    15.1616    -1.8809     -5.528     0.2757    -0.7099 -9.990e-29
 235.783015     -5.535   0.458786    15.1609    -1.8814     -5.489     0.2756    -0.7098 -9.990e-29
 235.783021     -5.499   0.458494    15.1615    -1.8814     -5.453     0.2754    -0.7101 -9.990e-29
 235.783027     -5.468   0.458184    15.1628    -1.8814     -5.422     0.2752    -0.7104 -9.990e-29
 235.783032     -5.441   0.457998    15.1633    -1.8815     -5.396     0.2751    -0.7106 -9.990e-29
 235.783038     -5.415   0.457689    15.1626    -1.8815     -5.370     0.2749    -0.7106 -9.990e-29
 235.783044     -5.389   0.457401    15.1622    -1.8817     -5.344     0.2748    -0.7107 -9.990e-29
 235.783050     -5.362   0.457304    15.1622    -1.8821     -5.317     0.2747    -0.7107 -9.990e-29
 235.783056     -5.331   0.457267    15.1618    -1.8821     -5.287     0.2747    -0.7107 -9.990e-29
 235.783061     -5.295   0.457242    15.1598    -1.8825     -5.251     0.2747    -0.7104 -9.990e-29
 235.783067     -5.255   0.457198    15.1561    -1.8830     -5.211     0.2747    -0.7098 -9.990e-29
 235.783073     -5.219   0.457077    15.1530    -1.8833     -5.176     0.2746    -0.7094 -9.990e-29
 235.783079     -5.187   0.456720    15.1514    -1.8834     -5.144     0.2744    -0.7093 -9.990e-29
 235.783084     -5.157   0.456205    15.1498    -1.8838     -5.114     0.2741    -0.7093 -9.990e-29
 235.783090     -5.128   0.455953    15.1472    -1.8838     -5.085     0.2740    -0.7090 -9.990e-29
 235.783096     -5.098   0.456185    15.1429    -1.8839     -5.056     0.2741    -0.7082 -9.990e-29
 235.783102     -5.070   0.456656    15.1374    -1.8837     -5.028     0.2745    -0.7071 -9.990e-29
 235.783108     -5.045   0.456887    15.1313    -1.8838     -5.003     0.2746    -0.7060 -9.990e-29
 235.783113     -5.018   0.456636    15.1237    -1.8837     -4.976     0.2745    -0.7050 -9.990e-29
 235.783119     -4.987   0.456121    15.1152    -1.8836     -4.945     0.2743    -0.7039 -9.990e-29
 235.783125     -4.958   0.455764    15.1082    -1.8836     -4.917     0.2741    -0.7029 -9.990e-29
 235.783131     -4.935   0.455643    15.1024    -1.8836     -4.894     0.2741    -0.7021 -9.990e-29
 235.783137     -4.916   0.455598    15.0973    -1.8837     -4.875     0.2741    -0.7013 -9.990e-29
 235.783142     -4.899   0.455570    15.0941    -1.8837     -4.858     0.2741    -0.7008 -9.990e-29
 235.783148     -4.884   0.455524    15.0934    -1.8838     -4.843     0.2741    -0.7007 -9.990e-29
 235.783154     -4.870   0.455399    15.0941    -1.8839     -4.829     0.2740    -0.7009 -9.990e-29
 235.783160     -4.854   0.455028    15.0948    -1.8839     -4.814     0.2737    -0.7012 -9.990e-29
 235.783166     -4.838   0.454474    15.0957    -1.8840     -4.798     0.2734    -0.7016 -9.990e-29
 235.783171     -4.819   0.454104    15.0969    -1.8839     -4.779     0.2732    -0.7019 -9.990e-29
 235.783177     -4.796   0.453980    15.0977    -1.8840     -4.756     0.2731    -0.7021 -9.990e-29
 235.783183     -4.768   0.453939    15.0978    -1.8839     -4.728     0.2730    -0.7022 -9.990e-29
 235.783189     -4.738   0.453924    15.0973    -1.8839     -4.699     0.2730    -0.7021 -9.990e-29
 235.783194     -4.708   0.453919    15.0962    -1.8838     -4.669     0.2730    -0.7019 -9.990e-29
 235.783200     -4.675   0.453916    15.0945    -1.8838     -4.636     0.2731    -0.7016 -9.990e-29
 235.783206     -4.642   0.453913    15.0929    -1.8839     -4.603     0.2731    -0.7014 -9.990e-29
 235.783212     -4.612   0.453907    15.0923    -1.8837     -4.574     0.2731    -0.7013 -9.990e-29
 235.783218     -4.582   0.453893    15.0924    -1.8839     -4.544     0.2730    -0.7013 -9.990e-29
 235.783223     -4.555   0.453851    15.0926    -1.8841     -4.517     0.2730    -0.7014 -9.990e-29
 235.783229     -4.532   0.453727    15.0928    -1.8841     -4.494     0.2729    -0.7015 -9.990e-29
 235.783235     -4.514   0.453357    15.0932    -1.8842     -4.476     0.2727    -0.7017 -9.990e-29
 235.783241     -4.498   0.452803    15.0943    -1.8843     -4.461     0.2724    -0.7021 -9.990e-29
 235.783247     -4.480   0.452433    15.0955    -1.8846     -4.443     0.2721    -0.7025 -9.990e-29
 235.783252     -4.458   0.452309    15.0959    -1.8845     -4.421     0.2720    -0.7026 -9.990e-29
 235.783258     -4.439   0.452267    15.0956    -1.8845     -4.402     0.2720    -0.7026 -9.990e-29
 235.783264     -4.427   0.452252    15.0947    -1.8846     -4.390     0.2720    -0.7025 -9.990e-29
 235.783270     -4.412   0.452245    15.0927    -1.8845     -4.375     0.2720    -0.7022 -9.990e-29
 235.783275     -4.385   0.452239    15.0902    -1.8843     -4.348     0.2720    -0.7018 -9.990e-29
 235.783281     -4.352   0.452226    15.0883    -1.8841     -4.316     0.2720    -0.7015 -9.990e-29
 235.783287     -4.319   0.452188    15.0866    -1.8842     -4.283     0.2720    -0.7012 -9.990e-29
 235.783293     -4.286   0.452078    15.0840    -1.8843     -4.250     0.2720    -0.7009 -9.990e-29
 235.783299     -4.253   0.451748    15.0812    -1.8842     -4.218     0.2718    -0.7006 -9.990e-29
 235.783304     -4.228   0.451316    15.0797    -1.8840     -4.193     0.2715    -0.7005 -9.990e-29
 235.783310     -4.209   0.451314    15.0792    -1.8841     -4.174     0.2715    -0.7005 -9.990e-29
 235.783316     -4.186   0.451740    15.0795    -1.8842     -4.151     0.2718    -0.7003 -9.990e-29
 235.783322     -4.158   0.452054    15.0813    -1.8842     -4.123     0.2720    -0.7004 -9.990e-29
 235.783328     -4.131   0.452121    15.0844    -1.8841     -4.097     0.2720    -0.7009 -9.990e-29
 235.783333     -4.107   0.452034    15.0869    -1.8842     -4.073     0.2719    -0.7013 -9.990e-29
 235.783339     -4.086   0.451676    15.0875    -1.8842     -4.052     0.2717    -0.7016 -9.990e-29
 235.783345     -4.067   0.451126    15.0877    -1.8844     -4.033     0.2714    -0.7019 -9.990e-29
 235.783351     -4.047   0.450757    15.0893    -1.8844     -4.013     0.2711    -0.7023 -9.990e-29
 235.783356     -4.026   0.450633    15.0913    -1.8846     -3.992     0.2710    -0.7027 -9.990e-29
 235.783362     -4.001   0.450590    15.0914    -1.8845     -3.968     0.2710    -0.7027 -9.990e-29
 235.783368     -3.977   0.450572    15.0902    -1.8844     -3.944     0.2710    -0.7026 -9.990e-29
 235.783374     -3.956   0.450557    15.0898    -1.8842     -3.923     0.2710    -0.7025 -9.990e-29
 235.783380     -3.932   0.450526    15.0902    -1.8842     -3.899     0.2710    -0.7026 -9.990e-29
 235.783385     -3.903   0.450438    15.0899    -1.8841     -3.870     0.2709    -0.7026 -9.990e-29
 235.783391     -3.877   0.450178    15.0884    -1.8845     -3.845     0.2708    -0.7025 -9.990e-29
 235.783397     -3.855   0.449951    15.0862    -1.8845     -3.823     0.2707    -0.7022 -9.990e-29
 235.783403     -3.837   0.450011    15.0842    -1.8846     -3.805     0.2707    -0.7019 -9.990e-29
 235.783409     -3.822   0.449883    15.0832    -1.8845     -3.790     0.2706    -0.7018 -9.990e-29
 235.783414     -3.807   0.449398    15.0839    -1.8845     -3.775     0.2703    -0.7021 -9.990e-29
 235.783420     -3.793   0.449019    15.0863    -1.8845     -3.761     0.2701    -0.7027 -9.990e-29
 235.783426     -3.779   0.448795    15.0886    -1.8847     -3.747     0.2699    -0.7031 -9.990e-29
 235.783432     -3.764   0.448428    15.0897    -1.8849     -3.733     0.2697    -0.7035 -9.990e-29
 235.783437     -3.746   0.447983    15.0885    -1.8849     -3.715     0.2694    -0.7035 -9.990e-29
 235.783443     -3.724   0.447977    15.0857    -1.8848     -3.693     0.2694    -0.7031 -9.990e-29
 235.783449     -3.702   0.448401    15.0834    -1.8851     -3.671     0.2697    -0.7025 -9.990e-29
 235.783455     -3.683   0.448714    15.0827    -1.8854     -3.652     0.2699    -0.7023 -9.990e-29
 235.783461     -3.660   0.448781    15.0830    -1.8855     -3.629     0.2699    -0.7023 -9.990e-29
 235.783466     -3.633   0.448694    15.0833    -1.8855     -3.603     0.2699    -0.7024 -9.990e-29
 235.783472     -3.608   0.448336    15.0823    -1.8854     -3.578     0.2697    -0.7024 -9.990e-29
 235.783478     -3.588   0.447786    15.0796    -1.8853     -3.558     0.2694    -0.7022 -9.990e-29
 235.783484     -3.572   0.447417    15.0768    -1.8853     -3.542     0.2691    -0.7019 -9.990e-29
 235.783490     -3.558   0.447292    15.0752    -1.8854     -3.528     0.2691    -0.7018 -9.990e-29
 235.783495     -3.547   0.447246    15.0732    -1.8855     -3.517     0.2691    -0.7015 -9.990e-29
 235.783501     -3.536   0.447218    15.0691    -1.8857     -3.507     0.2691    -0.7008 -9.990e-29
 235.783507     -3.526   0.447171    15.0645    -1.8856     -3.497     0.2691    -0.7001 -9.990e-29
 235.783513     -3.515   0.447046    15.0618    -1.8856     -3.486     0.2690    -0.6998 -9.990e-29
 235.783519     -3.504   0.446675    15.0613    -1.8860     -3.475     0.2688    -0.6999 -9.990e-29
 235.783524     -3.491   0.446121    15.0622    -1.8861     -3.462     0.2684    -0.7003 -9.990e-29
 235.783530     -3.475   0.445751    15.0636    -1.8866     -3.446     0.2682    -0.7007 -9.990e-29
 235.783536     -3.456   0.445627    15.0640    -1.8868     -3.427     0.2681    -0.7008 -9.990e-29
 235.783542     -3.432   0.445585    15.0628    -1.8871     -3.403     0.2681    -0.7006 -9.990e-29
 235.783547     -3.406   0.445569    15.0603    -1.8873     -3.378     0.2681    -0.7002 -9.990e-29
 235.783553     -3.385   0.445559    15.0579    -1.8877     -3.357     0.2681    -0.6999 -9.990e-29
 235.783559     -3.368   0.445543    15.0565    -1.8876     -3.340     0.2681    -0.6996 -9.990e-29
 235.783565     -3.349   0.445501    15.0541    -1.8875     -3.321     0.2681    -0.6993 -9.990e-29
 235.783571     -3.331   0.445377    15.0493    -1.8874     -3.303     0.2681    -0.6986 -9.990e-29
 235.783576     -3.318   0.445007    15.0427    -1.8873     -3.290     0.2679    -0.6977 -9.990e-29
 235.783582     -3.304   0.444452    15.0353    -1.8873     -3.276     0.2676    -0.6968 -9.990e-29
 235.783588     -3.285   0.444081    15.0282    -1.8875     -3.258     0.2674    -0.6959 -9.990e-29
 235.783594     -3.263   0.443953    15.0219    -1.8875     -3.236     0.2674    -0.6950 -9.990e-29
 235.783600     -3.240   0.443899    15.0160    -1.8876     -3.213     0.2674    -0.6941 -9.990e-29
 235.783605     -3.217   0.443848    15.0116    -1.8879     -3.190     0.2674    -0.6934 -9.990e-29
 235.783611     -3.195   0.443733    15.0103    -1.8882     -3.168     0.2673    -0.6933 -9.990e-29
 235.783617     -3.177   0.443402    15.0114    -1.8882     -3.151     0.2671    -0.6936 -9.990e-29
 235.783623     -3.163   0.442968    15.0133    -1.8883     -3.137     0.2668    -0.6941 -9.990e-29
 235.783628     -3.151   0.442960    15.0147    -1.8887     -3.125     0.2668    -0.6943 -9.990e-29
 235.783634     -3.140   0.443370    15.0144    -1.8892     -3.114     0.2670    -0.6941 -9.990e-29
 235.783640     -3.130   0.443638    15.0127    -1.8898     -3.104     0.2672    -0.6937 -9.990e-29
 235.783646     -3.121   0.443569    15.0103    -1.8902     -3.095     0.2672    -0.6933 -9.990e-29
 235.783652     -3.111   0.443257    15.0068    -1.8904     -3.085     0.2670    -0.6929 -9.990e-29
 235.783657     -3.096   0.442839    15.0022    -1.8903     -3.070     0.2668    -0.6924 -9.990e-29
 235.783663     -3.075   0.442497    14.9977    -1.8901     -3.049     0.2666    -0.6919 -9.990e-29
 235.783669     -3.054   0.442330    14.9937    -1.8899     -3.029     0.2665    -0.6913 -9.990e-29
 235.783675     -3.038   0.442298    14.9883    -1.8898     -3.013     0.2665    -0.6905 -9.990e-29
 235.783681     -3.025   0.442360    14.9797    -1.8898     -3.000     0.2666    -0.6891 -9.990e-29
 235.783686     -3.013   0.442598    14.9687    -1.8901     -2.988     0.2669    -0.6873 -9.990e-29
 235.783692     -3.003   0.442776    14.9573    -1.8906     -2.978     0.2670    -0.6854 -9.990e-29
 235.783698     -2.994   0.442578    14.9483    -1.8909     -2.969     0.2670    -0.6841 -9.990e-29
 235.783704     -2.985   0.442292    14.9437    -1.8912     -2.960     0.2668    -0.6836 -9.990e-29
 235.783709     -2.975   0.442091    14.9439    -1.8915     -2.950     0.2667    -0.6837 -9.990e-29
 235.783715     -2.965   0.441707    14.9469    -1.8918     -2.940     0.2665    -0.6843 -9.990e-29
 235.783721     -2.953   0.441184    14.9500    -1.8919     -2.928     0.2661    -0.6851 -9.990e-29
 235.783727     -2.938   0.440931    14.9515    -1.8920     -2.914     0.2659    -0.6854 -9.990e-29
 235.783733     -2.920   0.441162    14.9503    -1.8919     -2.896     0.2661    -0.6851 -9.990e-29
 235.783738     -2.897   0.441633    14.9452    -1.8920     -2.873     0.2664    -0.6841 -9.990e-29
 235.783744     -2.872   0.441865    14.9372    -1.8920     -2.848     0.2666    -0.6827 -9.990e-29
 235.783750     -2.853   0.441615    14.9286    -1.8919     -2.829     0.2665    -0.6815 -9.990e-29
 235.783756     -2.841   0.441102    14.9207    -1.8919     -2.817     0.2662    -0.6805 -9.990e-29
 235.783762     -2.833   0.440750    14.9137    -1.8923     -2.809     0.2661    -0.6796 -9.990e-29
 235.783767     -2.824   0.440644    14.9078    -1.8927     -2.800     0.2660    -0.6788 -9.990e-29
 235.783773     -2.816   0.440640    14.9038    -1.8929     -2.793     0.2661    -0.6781 -9.990e-29
 235.783779     -2.810   0.440736    14.9021    -1.8931     -2.787     0.2661    -0.6778 -9.990e-29
 235.783785     -2.802   0.441060    14.9016    -1.8928     -2.779     0.2663    -0.6776 -9.990e-29
 235.783791     -2.794   0.441489    14.9011    -1.8925     -2.771     0.2666    -0.6773 -9.990e-29
 235.783796     -2.790   0.441489    14.9005    -1.8924     -2.767     0.2666    -0.6772 -9.990e-29
 235.783802     -2.790   0.441058    14.8995    -1.8921     -2.767     0.2664    -0.6773 -9.990e-29
 235.783808     -2.791   0.440729    14.8969    -1.8919     -2.768     0.2662    -0.6770 -9.990e-29
 235.783814     -2.783   0.440618    14.8917    -1.8920     -2.760     0.2661    -0.6763 -9.990e-29
 235.783819     -2.766   0.440577    14.8854    -1.8920     -2.743     0.2661    -0.6753 -9.990e-29
 235.783825     -2.748   0.440552    14.8805    -1.8919     -2.725     0.2662    -0.6746 -9.990e-29
 235.783831     -2.731   0.440508    14.8793    -1.8916     -2.708     0.2661    -0.6744 -9.990e-29
 235.783837     -2.715   0.440388    14.8825    -1.8918     -2.692     0.2660    -0.6750 -9.990e-29
 235.783843     -2.699   0.440030    14.8876    -1.8920     -2.676     0.2658    -0.6759 -9.990e-29
 235.783848     -2.681   0.439513    14.8927    -1.8920     -2.659     0.2654    -0.6770 -9.990e-29
