data/oxygen options/ONMS/Olympic_Coast_National_Marine_Sanctuary_CTD_Data_2005_2023/raw_data/2022/CAST_CA015_220629faed.cnv
* Sea-Bird SBE 19 Data File:
* FileName = C:\2022 Mooring Data\Casts\CAST_CA015_220629.hex
* Software Version SeatermAF 2.1.2
* Temperature SN = 2997
* Conductivity SN = 2997
* System UpLoad Time = Jun 29 2022 22:33:17 (localtime) = Jun 29 2022 22:33:17 (UTC)
** CAST_CA015_220629
* ds
# nquan = 9                                 
# nvalues = 1088                        
# units = specified
# name 0 = timeJ: Julian Days
# name 1 = prSM: Pressure, Strain Gauge [db]
# name 2 = c0mS/cm: Conductivity [mS/cm]
# name 3 = t090C: Temperature [ITS-90, deg C]
# name 4 = sbeox0ML/L: Oxygen, SBE 43 [ml/l]
# name 5 = depSM: Depth [salt water, m], lat = 47.5
# name 6 = sal00: Salinity, Practical [PSU]
# name 7 = sigma-é00: Density [sigma-theta, kg/m^3]
# name 8 = flag: flag
# span 0 = 180.906840, 180.913131       
# span 1 =     -5.921,     16.163       
# span 2 =   0.355237,  37.006821       
# span 3 =    11.4772,    14.4725       
# span 4 =   -12.0559,    15.2019       
# span 5 =     -5.872,     16.027       
# span 6 =     0.2176,    31.7971       
# span 7 =    -0.6507,    24.1981       
# span 8 = 0.0000e+00, 0.0000e+00       
# interval = seconds: 0.5
# start_time = Jun 29 2022 21:45:51 [Instrument's time stamp, header]
# bad_flag = -9.990e-29
*END*
[from data line 321]
 180.908698     -1.382   0.357358    14.1797    -1.9216     -1.370     0.2184    -0.6094 -9.990e-29
 180.908704     -1.381   0.356926    14.1762    -1.9210     -1.369     0.2182    -0.6091 -9.990e-29
 180.908709     -1.380   0.356913    14.1702    -1.9213     -1.368     0.2182    -0.6082 -9.990e-29
 180.908715     -1.379   0.357302    14.1652    -1.9216     -1.367     0.2185    -0.6073 -9.990e-29
 180.908721     -1.378   0.357507    14.1647    -1.9212     -1.367     0.2186    -0.6071 -9.990e-29
 180.908727     -1.378   0.357248    14.1682    -1.9213     -1.367     0.2184    -0.6077 -9.990e-29
 180.908733     -1.377   0.356734    14.1732    -1.9219     -1.366     0.2181    -0.6087 -9.990e-29
 180.908738     -1.377   0.356390    14.1783    -1.9220     -1.366     0.2178    -0.6096 -9.990e-29
 180.908744     -1.376   0.356311    14.1833    -1.9223     -1.365     0.2178    -0.6104 -9.990e-29
 180.908750     -1.376   0.356394    14.1894    -1.9220     -1.365     0.2178    -0.6112 -9.990e-29
 180.908756     -1.375   0.356749    14.1947    -1.9216     -1.364     0.2180    -0.6118 -9.990e-29
 180.908762     -1.374   0.357297    14.1954    -1.9213     -1.363     0.2183    -0.6117 -9.990e-29
 180.908767     -1.373   0.357664    14.1942    -1.9215     -1.362     0.2186    -0.6113 -9.990e-29
 180.908773     -1.372   0.357785    14.1938    -1.9218     -1.361     0.2186    -0.6112 -9.990e-29
 180.908779     -1.371   0.357825    14.1909    -1.9219     -1.360     0.2187    -0.6108 -9.990e-29
 180.908785     -1.369   0.357838    14.1854    -1.9224     -1.358     0.2187    -0.6100 -9.990e-29
 180.908791     -1.366   0.357842    14.1807    -1.9225     -1.355     0.2187    -0.6093 -9.990e-29
 180.908796     -1.363   0.357843    14.1792    -1.9225     -1.352     0.2187    -0.6090 -9.990e-29
 180.908802     -1.360   0.357842    14.1818    -1.9226     -1.349     0.2187    -0.6094 -9.990e-29
 180.908808     -1.355   0.357840    14.1869    -1.9224     -1.344     0.2187    -0.6102 -9.990e-29
 180.908814     -1.348   0.357834    14.1902    -1.9226     -1.337     0.2187    -0.6107 -9.990e-29
 180.908819     -1.340   0.357820    14.1889    -1.9232     -1.329     0.2187    -0.6105 -9.990e-29
 180.908825     -1.330   0.357778    14.1846    -1.9236     -1.319     0.2187    -0.6099 -9.990e-29
 180.908831     -1.316   0.357655    14.1796    -1.9239     -1.305     0.2186    -0.6092 -9.990e-29
 180.908837     -1.298   0.357286    14.1746    -1.9245     -1.287     0.2184    -0.6086 -9.990e-29
 180.908843     -1.280   0.356736    14.1710    -1.9250     -1.269     0.2181    -0.6084 -9.990e-29
 180.908848     -1.269   0.356378    14.1689    -1.9246     -1.258     0.2179    -0.6083 -9.990e-29
 180.908854     -1.263   0.356291    14.1675    -1.9241     -1.252     0.2178    -0.6081 -9.990e-29
 180.908860     -1.259   0.356359    14.1654    -1.9243     -1.248     0.2179    -0.6078 -9.990e-29
 180.908866     -1.260   0.356672    14.1600    -1.9250     -1.249     0.2181    -0.6068 -9.990e-29
 180.908872     -1.266   0.357097    14.1515    -1.9255     -1.255     0.2184    -0.6054 -9.990e-29
 180.908877     -1.270   0.357095    14.1421    -1.9252     -1.259     0.2185    -0.6040 -9.990e-29
 180.908883     -1.267   0.356663    14.1326    -1.9252     -1.256     0.2183    -0.6028 -9.990e-29
 180.908889     -1.261   0.356334    14.1232    -1.9255     -1.250     0.2181    -0.6016 -9.990e-29
 180.908895     -1.256   0.356223    14.1174    -1.9256     -1.246     0.2181    -0.6009 -9.990e-29
 180.908900     -1.248   0.356186    14.1181    -1.9260     -1.238     0.2180    -0.6010 -9.990e-29
 180.908906     -1.232   0.356173    14.1205    -1.9259     -1.222     0.2180    -0.6013 -9.990e-29
 180.908912     -1.211   0.356168    14.1177    -1.9258     -1.201     0.2180    -0.6009 -9.990e-29
 180.908918     -1.192   0.356166    14.1101    -1.9258     -1.182     0.2181    -0.5998 -9.990e-29
 180.908924     -1.178   0.356165    14.1041    -1.9258     -1.168     0.2181    -0.5990 -9.990e-29
 180.908929     -1.169   0.356164    14.1020    -1.9260     -1.159     0.2181    -0.5986 -9.990e-29
 180.908935     -1.163   0.356163    14.1002    -1.9262     -1.153     0.2181    -0.5984 -9.990e-29
 180.908941     -1.162   0.356161    14.0964    -1.9264     -1.152     0.2181    -0.5978 -9.990e-29
 180.908947     -1.163   0.356159    14.0918    -1.9264     -1.153     0.2182    -0.5972 -9.990e-29
 180.908953     -1.164   0.356155    14.0885    -1.9267     -1.154     0.2182    -0.5967 -9.990e-29
 180.908958     -1.160   0.356143    14.0874    -1.9268     -1.150     0.2182    -0.5965 -9.990e-29
 180.908964     -1.154   0.356107    14.0877    -1.9267     -1.144     0.2181    -0.5966 -9.990e-29
 180.908970     -1.152   0.355998    14.0879    -1.9268     -1.142     0.2181    -0.5967 -9.990e-29
 180.908976     -1.152   0.355670    14.0867    -1.9269     -1.142     0.2179    -0.5967 -9.990e-29
 180.908981     -1.156   0.355239    14.0832    -1.9268     -1.146     0.2176    -0.5964 -9.990e-29
 180.908987     -1.162   0.355237    14.0787    -1.9268     -1.152     0.2176    -0.5957 -9.990e-29
 180.908993     -1.167   0.355660    14.0748    -1.9270     -1.157     0.2179    -0.5950 -9.990e-29
 180.908999     -1.168   0.355963    14.0717    -1.9269     -1.158     0.2181    -0.5944 -9.990e-29
 180.909005     -1.164   0.355995    14.0687    -1.9266     -1.154     0.2182    -0.5939 -9.990e-29
 180.909010     -1.155   0.355798    14.0664    -1.9264     -1.145     0.2181    -0.5937 -9.990e-29
 180.909016     -1.145   0.355663    14.0651    -1.9264     -1.135     0.2180    -0.5936 -9.990e-29
 180.909022     -1.136   0.355962    14.0640    -1.9261     -1.127     0.2182    -0.5933 -9.990e-29
 180.909028     -1.130   0.356539    14.0635    -1.9260     -1.121     0.2185    -0.5929 -9.990e-29
 180.909034     -1.125   0.357055    14.0638    -1.9259     -1.116     0.2189    -0.5927 -9.990e-29
 180.909039     -1.122   0.357089    14.0636    -1.9258     -1.113     0.2189    -0.5926 -9.990e-29
 180.909045     -1.119   0.356687    14.0634    -1.9257     -1.110     0.2186    -0.5928 -9.990e-29
 180.909051     -1.116   0.356419    14.0650    -1.9255     -1.107     0.2185    -0.5932 -9.990e-29
 180.909057     -1.115   0.356479    14.0685    -1.9261     -1.106     0.2185    -0.5936 -9.990e-29
 180.909063     -1.113   0.356946    14.0721    -1.9264     -1.104     0.2187    -0.5939 -9.990e-29
 180.909068     -1.112   0.357891    14.0754    -1.9266     -1.103     0.2193    -0.5940 -9.990e-29
 180.909074     -1.111   0.359465    14.0787    -1.9266     -1.102     0.2203    -0.5937 -9.990e-29
 180.909080     -1.110   0.361551    14.0815    -1.9266     -1.101     0.2216    -0.5931 -9.990e-29
 180.909086     -1.110   0.363607    14.0827    -1.9267     -1.101     0.2229    -0.5922 -9.990e-29
 180.909091     -1.109   0.366712    14.0817    -1.9268     -1.100     0.2248    -0.5906 -9.990e-29
 180.909097     -1.109   0.373898    14.0785    -1.9270     -1.100     0.2294    -0.5866 -9.990e-29
 180.909103     -1.109   0.389210    14.0718    -1.9273     -1.100     0.2390    -0.5781 -9.990e-29
 180.909109     -1.108   0.414239    14.0610    -1.9276     -1.099     0.2549    -0.5643 -9.990e-29
 180.909115     -1.108   0.445265    14.0493    -1.9278     -1.099     0.2746    -0.5474 -9.990e-29
 180.909120     -1.108   0.477152    14.0397    -1.9278     -1.099     0.2949    -0.5302 -9.990e-29
 180.909126     -1.108   0.507569    14.0329    -1.9278     -1.099     0.3144    -0.5142 -9.990e-29
 180.909132     -1.108   0.535550    14.0286    -1.9277     -1.099     0.3323    -0.4996 -9.990e-29
 180.909138     -1.108   0.557983    14.0255    -1.9278     -1.099     0.3467    -0.4880 -9.990e-29
 180.909144     -1.107   0.571558    14.0221    -1.9277     -1.098     0.3555    -0.4807 -9.990e-29
 180.909149     -1.107   0.576655    14.0174    -1.9276     -1.098     0.3588    -0.4775 -9.990e-29
 180.909155     -1.107   0.577300    14.0118    -1.9279     -1.098     0.3593    -0.4763 -9.990e-29
 180.909161     -1.107   0.577122    14.0067    -1.9285     -1.098     0.3592    -0.4757 -9.990e-29
 180.909167     -1.106   0.576990    14.0032    -1.9290     -1.097     0.3592    -0.4752 -9.990e-29
 180.909172     -1.106   0.576728    14.0014    -1.9291     -1.097     0.3590    -0.4751 -9.990e-29
 180.909178     -1.105   0.576538    14.0003    -1.9290     -1.096     0.3589    -0.4750 -9.990e-29
 180.909184     -1.105   0.577828    13.9990    -1.9286     -1.096     0.3597    -0.4742 -9.990e-29
 180.909190     -1.104   0.582317    13.9977    -1.9284     -1.095     0.3626    -0.4718 -9.990e-29
 180.909196     -1.102   0.589345    13.9968    -1.9287     -1.093     0.3672    -0.4681 -9.990e-29
 180.909201     -1.101   0.595544    13.9946    -1.9289     -1.092     0.3712    -0.4647 -9.990e-29
 180.909207     -1.099   0.598661    13.9888    -1.9285     -1.090     0.3733    -0.4623 -9.990e-29
 180.909213     -1.096   0.599528    13.9803    -1.9284     -1.087     0.3739    -0.4606 -9.990e-29
 180.909219     -1.093   0.599300    13.9729    -1.9285     -1.084     0.3738    -0.4596 -9.990e-29
 180.909225     -1.088   0.598224    13.9695    -1.9286     -1.079     0.3732    -0.4597 -9.990e-29
 180.909230     -1.083   0.597082    13.9698    -1.9284     -1.074     0.3724    -0.4603 -9.990e-29
 180.909236     -1.076   0.598226    13.9716    -1.9282     -1.067     0.3731    -0.4600 -9.990e-29
 180.909242     -1.066   0.604287    13.9721    -1.9282     -1.057     0.3770    -0.4570 -9.990e-29
 180.909248     -1.054   0.613931    13.9705    -1.9283     -1.045     0.3833    -0.4519 -9.990e-29
 180.909253     -1.039   0.622298    13.9693    -1.9284     -1.030     0.3887    -0.4476 -9.990e-29
 180.909259     -1.028   0.627256    13.9697    -1.9283     -1.019     0.3919    -0.4451 -9.990e-29
 180.909265     -1.029   0.631537    13.9701    -1.9284     -1.020     0.3947    -0.4430 -9.990e-29
 180.909271     -1.033   0.638078    13.9696    -1.9284     -1.024     0.3989    -0.4397 -9.990e-29
 180.909277     -1.033   0.645635    13.9690    -1.9283     -1.024     0.4038    -0.4358 -9.990e-29
 180.909282     -1.032   0.652099    13.9692    -1.9278     -1.023     0.4080    -0.4326 -9.990e-29
 180.909288     -1.035   0.658891    13.9701    -1.9274     -1.026     0.4124    -0.4293 -9.990e-29
 180.909294     -1.037   0.667314    13.9703    -1.9274     -1.028     0.4179    -0.4251 -9.990e-29
 180.909300     -1.040   0.674755    13.9692    -1.9276     -1.031     0.4227    -0.4212 -9.990e-29
 180.909306     -1.047   0.678399    13.9675    -1.9278     -1.038     0.4251    -0.4191 -9.990e-29
 180.909311     -1.054   0.679780    13.9657    -1.9276     -1.045     0.4260    -0.4181 -9.990e-29
 180.909317     -1.057   0.683508    13.9643    -1.9276     -1.048     0.4285    -0.4160 -9.990e-29
 180.909323     -1.058   0.691229    13.9649    -1.9277     -1.049     0.4335    -0.4122 -9.990e-29
 180.909329     -1.055   0.698840    13.9689    -1.9278     -1.046     0.4384    -0.4090 -9.990e-29
 180.909334     -1.048   0.702645    13.9755    -1.9279     -1.039     0.4408    -0.4080 -9.990e-29
 180.909340     -1.038   0.704395    13.9813    -1.9281     -1.029     0.4419    -0.4080 -9.990e-29
 180.909346     -1.028   0.706419    13.9832    -1.9284     -1.019     0.4432    -0.4072 -9.990e-29
 180.909352     -1.022   0.706988    13.9821    -1.9284     -1.013     0.4435    -0.4068 -9.990e-29
 180.909358     -1.018   0.704643    13.9807    -1.9287     -1.010     0.4420    -0.4078 -9.990e-29
 180.909363     -1.022   0.701797    13.9802    -1.9287     -1.013     0.4402    -0.4091 -9.990e-29
 180.909369     -1.033   0.701296    13.9799    -1.9291     -1.024     0.4399    -0.4093 -9.990e-29
 180.909375     -1.043   0.702471    13.9788    -1.9291     -1.034     0.4406    -0.4086 -9.990e-29
 180.909381     -1.050   0.702459    13.9766    -1.9292     -1.041     0.4407    -0.4083 -9.990e-29
 180.909387     -1.052   0.700689    13.9732    -1.9288     -1.043     0.4395    -0.4087 -9.990e-29
 180.909392     -1.051   0.699230    13.9691    -1.9286     -1.042     0.4386    -0.4088 -9.990e-29
 180.909398     -1.047   0.698905    13.9653    -1.9283     -1.038     0.4385    -0.4084 -9.990e-29
 180.909404     -1.038   0.698170    13.9621    -1.9279     -1.029     0.4380    -0.4083 -9.990e-29
 180.909410     -1.026   0.696047    13.9591    -1.9275     -1.017     0.4367    -0.4089 -9.990e-29
 180.909416     -1.012   0.693024    13.9560    -1.9270     -1.004     0.4347    -0.4100 -9.990e-29
 180.909421     -1.001   0.689501    13.9531    -1.9268     -0.993     0.4325    -0.4113 -9.990e-29
 180.909427     -0.987   0.685762    13.9516    -1.9266     -0.979     0.4301    -0.4130 -9.990e-29
 180.909433     -0.969   0.682915    13.9526    -1.9264     -0.961     0.4282    -0.4146 -9.990e-29
 180.909439     -0.956   0.682144    13.9565    -1.9261     -0.948     0.4277    -0.4155 -9.990e-29
 180.909444     -0.946   0.682976    13.9629    -1.9258     -0.938     0.4281    -0.4161 -9.990e-29
 180.909450     -0.935   0.683748    13.9710    -1.9250     -0.927     0.4285    -0.4169 -9.990e-29
 180.909456     -0.925   0.683276    13.9801    -1.9247     -0.917     0.4281    -0.4185 -9.990e-29
 180.909462     -0.921   0.681481    13.9895    -1.9244     -0.913     0.4269    -0.4208 -9.990e-29
 180.909468     -0.922   0.679292    13.9985    -1.9245     -0.914     0.4254    -0.4232 -9.990e-29
 180.909473     -0.924   0.677666    14.0057    -1.9248     -0.916     0.4242    -0.4251 -9.990e-29
 180.909479     -0.922   0.676649    14.0118    -1.9251     -0.914     0.4235    -0.4265 -9.990e-29
 180.909485     -0.918   0.675992    14.0185    -1.9253     -0.910     0.4230    -0.4278 -9.990e-29
 180.909491     -0.910   0.675372    14.0268    -1.9253     -0.902     0.4225    -0.4294 -9.990e-29
 180.909497     -0.903   0.673406    14.0373    -1.9250     -0.895     0.4211    -0.4319 -9.990e-29
 180.909502     -0.900   0.669132    14.0488    -1.9246     -0.892     0.4182    -0.4358 -9.990e-29
 180.909508     -0.900   0.664051    14.0576    -1.9242     -0.892     0.4148    -0.4396 -9.990e-29
 180.909514     -0.905   0.660800    14.0616    -1.9241     -0.897     0.4127    -0.4419 -9.990e-29
 180.909520     -0.913   0.660583    14.0609    -1.9241     -0.905     0.4126    -0.4419 -9.990e-29
 180.909525     -0.927   0.662000    14.0569    -1.9238     -0.919     0.4135    -0.4406 -9.990e-29
 180.909531     -0.942   0.662512    14.0523    -1.9238     -0.934     0.4139    -0.4396 -9.990e-29
 180.909537     -0.950   0.661137    14.0498    -1.9237     -0.942     0.4130    -0.4399 -9.990e-29
 180.909543     -0.949   0.659364    14.0514    -1.9240     -0.941     0.4119    -0.4411 -9.990e-29
 180.909549     -0.937   0.658149    14.0574    -1.9241     -0.929     0.4110    -0.4426 -9.990e-29
 180.909554     -0.919   0.655872    14.0657    -1.9239     -0.911     0.4095    -0.4450 -9.990e-29
 180.909560     -0.902   0.651710    14.0729    -1.9241     -0.894     0.4067    -0.4481 -9.990e-29
 180.909566     -0.889   0.647313    14.0772    -1.9240     -0.882     0.4038    -0.4510 -9.990e-29
 180.909572     -0.879   0.644568    14.0801    -1.9240     -0.872     0.4020    -0.4528 -9.990e-29
 180.909578     -0.871   0.644245    14.0832    -1.9240     -0.864     0.4018    -0.4534 -9.990e-29
 180.909583     -0.866   0.645358    14.0855    -1.9240     -0.859     0.4025    -0.4532 -9.990e-29
 180.909589     -0.863   0.645516    14.0857    -1.9239     -0.856     0.4026    -0.4531 -9.990e-29
 180.909595     -0.861   0.643266    14.0841    -1.9239     -0.854     0.4011    -0.4540 -9.990e-29
 180.909601     -0.861   0.639483    14.0826    -1.9240     -0.854     0.3987    -0.4557 -9.990e-29
 180.909606     -0.862   0.636321    14.0820    -1.9242     -0.855     0.3967    -0.4572 -9.990e-29
 180.909612     -0.860   0.635098    14.0819    -1.9242     -0.853     0.3959    -0.4578 -9.990e-29
