data/oxygen options/ONMS/Olympic_Coast_National_Marine_Sanctuary_CTD_Data_2005_2023/raw_data/2022/CAST_KL027_220624faed.cnv
* Sea-Bird SBE 19 Data File:
* FileName = C:\2022 Mooring Data\Casts\CAST_KL027_220624.hex
* Software Version SeatermAF 2.1.2
* Temperature SN = 2997
* Conductivity SN = 2997
* System UpLoad Time = Jun 24 2022 18:41:32 (localtime) = Jun 24 2022 18:41:32 (UTC)
** CAST_KL027_220624
* ds
# nquan = 9                                 
# nvalues = 842                         
# units = specified
# name 0 = timeJ: Julian Days
# name 1 = prSM: Pressure, Strain Gauge [db]
# name 2 = c0mS/cm: Conductivity [mS/cm]
# name 3 = t090C: Temperature [ITS-90, deg C]
# name 4 = sbeox0ML/L: Oxygen, SBE 43 [ml/l]
# name 5 = depSM: Depth [salt water, m], lat = 47.5
# name 6 = sal00: Salinity, Practical [PSU]
# name 7 = sigma-é00: Density [sigma-theta, kg/m^3]
# name 8 = flag: flag
# span 0 = 175.745185, 175.750052       
# span 1 =     -5.385,     25.804       
# span 2 =   0.312542,  35.852600       
# span 3 =     7.6696,    15.0404       
# span 4 =    -1.9206,    15.0017       
# span 5 =     -5.340,     25.587       
# span 6 =     0.1873,    33.4610       
# span 7 =    -0.7593,    26.1130       
# span 8 = 0.0000e+00, 0.0000e+00       
# interval = seconds: 0.5
# start_time = Jun 24 2022 17:53:04 [Instrument's time stamp, header]
# bad_flag = -9.990e-29
*END*
[from data line 161]
 175.746117     -2.267   0.322791    14.7386    -1.9030     -2.248     0.1943    -0.7091 -9.990e-29
 175.746123     -2.258   0.323429    14.7021    -1.9031     -2.239     0.1948    -0.7033 -9.990e-29
 175.746128     -2.249   0.324169    14.6745    -1.9029     -2.230     0.1954    -0.6988 -9.990e-29
 175.746134     -2.236   0.324888    14.6614    -1.9026     -2.217     0.1959    -0.6964 -9.990e-29
 175.746140     -2.221   0.325437    14.6566    -1.9028     -2.202     0.1963    -0.6955 -9.990e-29
 175.746146     -2.210   0.325441    14.6537    -1.9026     -2.192     0.1963    -0.6950 -9.990e-29
 175.746152     -2.199   0.324902    14.6510    -1.9021     -2.181     0.1960    -0.6949 -9.990e-29
 175.746157     -2.190   0.324211    14.6496    -1.9020     -2.172     0.1956    -0.6950 -9.990e-29
 175.746163     -2.181   0.323550    14.6492    -1.9017     -2.163     0.1951    -0.6952 -9.990e-29
 175.746169     -2.172   0.323146    14.6489    -1.9021     -2.154     0.1949    -0.6954 -9.990e-29
 175.746175     -2.162   0.323012    14.6496    -1.9022     -2.144     0.1948    -0.6956 -9.990e-29
 175.746181     -2.151   0.322967    14.6521    -1.9017     -2.133     0.1948    -0.6960 -9.990e-29
 175.746186     -2.137   0.322951    14.6553    -1.9012     -2.119     0.1947    -0.6964 -9.990e-29
 175.746192     -2.121   0.322943    14.6583    -1.9007     -2.103     0.1947    -0.6969 -9.990e-29
 175.746198     -2.101   0.322928    14.6631    -1.9004     -2.083     0.1947    -0.6976 -9.990e-29
 175.746204     -2.079   0.322888    14.6696    -1.9004     -2.062     0.1946    -0.6986 -9.990e-29
 175.746209     -2.064   0.322767    14.6749    -1.9005     -2.047     0.1945    -0.6995 -9.990e-29
 175.746215     -2.058   0.322403    14.6770    -1.9006     -2.041     0.1943    -0.7000 -9.990e-29
 175.746221     -2.057   0.321865    14.6767    -1.9008     -2.040     0.1940    -0.7002 -9.990e-29
 175.746227     -2.053   0.321541    14.6783    -1.9012     -2.036     0.1938    -0.7006 -9.990e-29
 175.746233     -2.044   0.321550    14.6847    -1.9015     -2.027     0.1938    -0.7015 -9.990e-29
 175.746238     -2.035   0.321905    14.6943    -1.9014     -2.018     0.1939    -0.7028 -9.990e-29
 175.746244     -2.020   0.322523    14.7039    -1.9008     -2.003     0.1943    -0.7040 -9.990e-29
 175.746250     -2.000   0.323121    14.7101    -1.9008     -1.983     0.1946    -0.7046 -9.990e-29
 175.746256     -1.980   0.323389    14.7123    -1.9009     -1.963     0.1948    -0.7048 -9.990e-29
 175.746262     -1.965   0.323127    14.7116    -1.9008     -1.949     0.1946    -0.7049 -9.990e-29
 175.746267     -1.952   0.322539    14.7088    -1.9004     -1.936     0.1942    -0.7047 -9.990e-29
 175.746273     -1.942   0.321949    14.7038    -1.9000     -1.926     0.1939    -0.7042 -9.990e-29
 175.746279     -1.934   0.321677    14.6978    -1.9000     -1.918     0.1938    -0.7035 -9.990e-29
 175.746285     -1.927   0.321910    14.6944    -1.9003     -1.911     0.1939    -0.7028 -9.990e-29
 175.746291     -1.921   0.322407    14.6961    -1.9004     -1.905     0.1942    -0.7029 -9.990e-29
 175.746296     -1.916   0.322721    14.7005    -1.9006     -1.900     0.1944    -0.7034 -9.990e-29
 175.746302     -1.910   0.322715    14.7035    -1.9007     -1.894     0.1944    -0.7038 -9.990e-29
 175.746308     -1.904   0.322382    14.7053    -1.9005     -1.888     0.1942    -0.7043 -9.990e-29
 175.746314     -1.897   0.321828    14.7091    -1.9002     -1.881     0.1938    -0.7051 -9.990e-29
 175.746319     -1.889   0.321423    14.7154    -1.9001     -1.873     0.1935    -0.7063 -9.990e-29
 175.746325     -1.880   0.321180    14.7211    -1.9001     -1.864     0.1934    -0.7072 -9.990e-29
 175.746331     -1.868   0.320771    14.7227    -1.8997     -1.852     0.1931    -0.7077 -9.990e-29
 175.746337     -1.853   0.320204    14.7204    -1.8996     -1.838     0.1928    -0.7076 -9.990e-29
 175.746343     -1.838   0.319831    14.7171    -1.8995     -1.823     0.1925    -0.7073 -9.990e-29
 175.746348     -1.828   0.319707    14.7147    -1.8994     -1.813     0.1925    -0.7070 -9.990e-29
 175.746354     -1.816   0.319666    14.7145    -1.8993     -1.801     0.1925    -0.7070 -9.990e-29
 175.746360     -1.802   0.319651    14.7168    -1.8989     -1.787     0.1924    -0.7073 -9.990e-29
 175.746366     -1.793   0.319643    14.7202    -1.8986     -1.778     0.1924    -0.7078 -9.990e-29
 175.746372     -1.790   0.319629    14.7237    -1.8989     -1.775     0.1924    -0.7084 -9.990e-29
 175.746377     -1.783   0.319588    14.7277    -1.8986     -1.768     0.1924    -0.7090 -9.990e-29
 175.746383     -1.771   0.319465    14.7325    -1.8984     -1.756     0.1923    -0.7098 -9.990e-29
 175.746389     -1.760   0.319097    14.7372    -1.8981     -1.745     0.1920    -0.7107 -9.990e-29
 175.746395     -1.746   0.318544    14.7408    -1.8982     -1.731     0.1917    -0.7115 -9.990e-29
 175.746400     -1.735   0.318175    14.7439    -1.8983     -1.721     0.1914    -0.7121 -9.990e-29
 175.746406     -1.730   0.318053    14.7481    -1.8982     -1.716     0.1913    -0.7128 -9.990e-29
 175.746412     -1.730   0.318013    14.7533    -1.8980     -1.716     0.1913    -0.7136 -9.990e-29
 175.746418     -1.731   0.318000    14.7571    -1.8977     -1.717     0.1912    -0.7142 -9.990e-29
 175.746424     -1.724   0.317996    14.7595    -1.8973     -1.710     0.1912    -0.7146 -9.990e-29
 175.746429     -1.710   0.317995    14.7630    -1.8967     -1.696     0.1912    -0.7151 -9.990e-29
 175.746435     -1.696   0.317995    14.7677    -1.8961     -1.682     0.1912    -0.7158 -9.990e-29
 175.746441     -1.684   0.317994    14.7712    -1.8959     -1.670     0.1912    -0.7164 -9.990e-29
 175.746447     -1.675   0.317990    14.7724    -1.8953     -1.661     0.1912    -0.7165 -9.990e-29
 175.746453     -1.668   0.317977    14.7732    -1.8950     -1.654     0.1912    -0.7167 -9.990e-29
 175.746458     -1.663   0.317937    14.7760    -1.8947     -1.649     0.1911    -0.7171 -9.990e-29
 175.746464     -1.658   0.317814    14.7814    -1.8939     -1.644     0.1910    -0.7180 -9.990e-29
 175.746470     -1.654   0.317446    14.7892    -1.8933     -1.640     0.1908    -0.7194 -9.990e-29
 175.746476     -1.651   0.316893    14.7993    -1.8927     -1.637     0.1904    -0.7212 -9.990e-29
 175.746481     -1.648   0.316525    14.8112    -1.8922     -1.634     0.1901    -0.7231 -9.990e-29
 175.746487     -1.645   0.316401    14.8230    -1.8917     -1.631     0.1900    -0.7250 -9.990e-29
 175.746493     -1.642   0.316358    14.8337    -1.8911     -1.628     0.1899    -0.7267 -9.990e-29
 175.746499     -1.639   0.316336    14.8440    -1.8908     -1.625     0.1898    -0.7282 -9.990e-29
 175.746505     -1.635   0.316305    14.8542    -1.8904     -1.621     0.1898    -0.7298 -9.990e-29
 175.746510     -1.631   0.316222    14.8659    -1.8901     -1.617     0.1897    -0.7316 -9.990e-29
 175.746516     -1.626   0.315976    14.8804    -1.8898     -1.612     0.1895    -0.7340 -9.990e-29
 175.746522     -1.619   0.315790    14.8960    -1.8900     -1.605     0.1893    -0.7365 -9.990e-29
 175.746528     -1.611   0.315971    14.9107    -1.8896     -1.598     0.1893    -0.7386 -9.990e-29
 175.746534     -1.605   0.316204    14.9243    -1.8894     -1.592     0.1894    -0.7406 -9.990e-29
 175.746539     -1.604   0.316246    14.9374    -1.8889     -1.591     0.1894    -0.7426 -9.990e-29
 175.746545     -1.606   0.316151    14.9496    -1.8885     -1.593     0.1892    -0.7445 -9.990e-29
 175.746551     -1.604   0.315791    14.9599    -1.8881     -1.591     0.1890    -0.7463 -9.990e-29
 175.746557     -1.600   0.315241    14.9686    -1.8876     -1.587     0.1886    -0.7479 -9.990e-29
 175.746563     -1.593   0.314874    14.9760    -1.8874     -1.580     0.1884    -0.7492 -9.990e-29
 175.746568     -1.583   0.314752    14.9811    -1.8875     -1.570     0.1883    -0.7501 -9.990e-29
 175.746574     -1.569   0.314712    14.9851    -1.8879     -1.556     0.1882    -0.7507 -9.990e-29
 175.746580     -1.554   0.314699    14.9910    -1.8893     -1.541     0.1882    -0.7516 -9.990e-29
 175.746586     -1.542   0.314695    14.9993    -1.8902     -1.529     0.1881    -0.7529 -9.990e-29
 175.746591     -1.532   0.314694    15.0089    -1.8905     -1.519     0.1881    -0.7544 -9.990e-29
 175.746597     -1.523   0.314694    15.0191    -1.8902     -1.510     0.1881    -0.7560 -9.990e-29
 175.746603     -1.510   0.314694    15.0291    -1.8899     -1.497     0.1880    -0.7575 -9.990e-29
 175.746609     -1.494   0.314693    15.0371    -1.8904     -1.482     0.1880    -0.7588 -9.990e-29
 175.746615     -1.480   0.314688    15.0404    -1.8904     -1.468     0.1880    -0.7593 -9.990e-29
 175.746620     -1.468   0.314674    15.0366    -1.8911     -1.456     0.1880    -0.7587 -9.990e-29
 175.746626     -1.454   0.314633    15.0238    -1.8916     -1.442     0.1880    -0.7567 -9.990e-29
 175.746632     -1.441   0.314510    15.0046    -1.8923     -1.429     0.1880    -0.7538 -9.990e-29
 175.746638     -1.431   0.314141    14.9872    -1.8928     -1.419     0.1879    -0.7513 -9.990e-29
 175.746644     -1.425   0.313588    14.9781    -1.8935     -1.413     0.1876    -0.7501 -9.990e-29
 175.746649     -1.422   0.313221    14.9767    -1.8934     -1.410     0.1873    -0.7501 -9.990e-29
 175.746655     -1.422   0.313103    14.9761    -1.8933     -1.410     0.1873    -0.7501 -9.990e-29
 175.746661     -1.425   0.313076    14.9718    -1.8932     -1.413     0.1873    -0.7494 -9.990e-29
 175.746667     -1.426   0.313106    14.9643    -1.8932     -1.414     0.1873    -0.7482 -9.990e-29
 175.746672     -1.422   0.313231    14.9534    -1.8933     -1.410     0.1875    -0.7465 -9.990e-29
 175.746678     -1.417   0.313618    14.9396    -1.8935     -1.405     0.1877    -0.7442 -9.990e-29
 175.746684     -1.414   0.314230    14.9249    -1.8937     -1.402     0.1882    -0.7416 -9.990e-29
 175.746690     -1.413   0.314777    14.9115    -1.8938     -1.401     0.1886    -0.7393 -9.990e-29
 175.746696     -1.411   0.315432    14.9021    -1.8937     -1.399     0.1890    -0.7376 -9.990e-29
 175.746701     -1.402   0.316515    14.8984    -1.8935     -1.390     0.1897    -0.7365 -9.990e-29
 175.746707     -1.391   0.317810    14.8984    -1.8940     -1.379     0.1905    -0.7359 -9.990e-29
 175.746713     -1.380   0.318831    14.8989    -1.8943     -1.368     0.1911    -0.7355 -9.990e-29
 175.746719     -1.369   0.319279    14.8982    -1.8940     -1.358     0.1914    -0.7352 -9.990e-29
 175.746725     -1.358   0.319196    14.8958    -1.8940     -1.347     0.1913    -0.7348 -9.990e-29
 175.746730     -1.346   0.319026    14.8925    -1.8940     -1.335     0.1913    -0.7344 -9.990e-29
 175.746736     -1.332   0.319095    14.8895    -1.8936     -1.321     0.1913    -0.7339 -9.990e-29
 175.746742     -1.319   0.318942    14.8878    -1.8939     -1.308     0.1912    -0.7337 -9.990e-29
 175.746748     -1.311   0.318363    14.8876    -1.8945     -1.300     0.1909    -0.7340 -9.990e-29
 175.746753     -1.304   0.317694    14.8867    -1.8951     -1.293     0.1905    -0.7341 -9.990e-29
 175.746759     -1.291   0.317150    14.8835    -1.8953     -1.280     0.1902    -0.7339 -9.990e-29
 175.746765     -1.278   0.317111    14.8805    -1.8956     -1.267     0.1901    -0.7335 -9.990e-29
 175.746771     -1.270   0.317527    14.8803    -1.8959     -1.259     0.1904    -0.7332 -9.990e-29
 175.746777     -1.269   0.317845    14.8816    -1.8959     -1.258     0.1906    -0.7333 -9.990e-29
 175.746782     -1.266   0.317935    14.8830    -1.8961     -1.255     0.1906    -0.7335 -9.990e-29
 175.746788     -1.259   0.317917    14.8830    -1.8960     -1.248     0.1906    -0.7335 -9.990e-29
 175.746794     -1.254   0.317767    14.8782    -1.8959     -1.244     0.1906    -0.7328 -9.990e-29
 175.746800     -1.249   0.317285    14.8684    -1.8959     -1.239     0.1903    -0.7315 -9.990e-29
 175.746806     -1.245   0.316382    14.8579    -1.8957     -1.235     0.1898    -0.7303 -9.990e-29
 175.746811     -1.241   0.315514    14.8493    -1.8955     -1.231     0.1893    -0.7294 -9.990e-29
 175.746817     -1.241   0.315186    14.8423    -1.8955     -1.231     0.1891    -0.7285 -9.990e-29
 175.746823     -1.245   0.315513    14.8366    -1.8951     -1.235     0.1894    -0.7275 -9.990e-29
 175.746829     -1.249   0.316380    14.8326    -1.8951     -1.239     0.1899    -0.7265 -9.990e-29
 175.746834     -1.254   0.317279    14.8306    -1.8957     -1.244     0.1905    -0.7257 -9.990e-29
 175.746840     -1.255   0.317750    14.8310    -1.8964     -1.245     0.1908    -0.7256 -9.990e-29
 175.746846     -1.249   0.317867    14.8329    -1.8969     -1.239     0.1908    -0.7258 -9.990e-29
 175.746852     -1.238   0.317784    14.8356    -1.8973     -1.228     0.1908    -0.7263 -9.990e-29
 175.746858     -1.228   0.317392    14.8391    -1.8983     -1.218     0.1905    -0.7270 -9.990e-29
 175.746863     -1.216   0.316721    14.8424    -1.9006     -1.206     0.1901    -0.7278 -9.990e-29
 175.746869     -1.203   0.315985    14.8456    -1.9024     -1.193     0.1896    -0.7286 -9.990e-29
 175.746875     -1.187   0.315309    14.8480    -1.9036     -1.177     0.1892    -0.7293 -9.990e-29
 175.746881     -1.172   0.314899    14.8455    -1.9053     -1.162     0.1889    -0.7291 -9.990e-29
 175.746887     -1.161   0.314763    14.8358    -1.9059     -1.151     0.1889    -0.7277 -9.990e-29
 175.746892     -1.153   0.314717    14.8219    -1.9060     -1.143     0.1889    -0.7256 -9.990e-29
 175.746898     -1.148   0.314701    14.8068    -1.9059     -1.138     0.1890    -0.7233 -9.990e-29
 175.746904     -1.146   0.314696    14.7878    -1.9059     -1.136     0.1891    -0.7204 -9.990e-29
 175.746910     -1.146   0.314693    14.7583    -1.9060     -1.136     0.1892    -0.7160 -9.990e-29
 175.746916     -1.149   0.314687    14.7188    -1.9061     -1.139     0.1894    -0.7100 -9.990e-29
 175.746921     -1.154   0.314673    14.6788    -1.9069     -1.144     0.1896    -0.7039 -9.990e-29
 175.746927     -1.158   0.314632    14.6437    -1.9075     -1.148     0.1897    -0.6986 -9.990e-29
 175.746933     -1.157   0.314509    14.6146    -1.9081     -1.147     0.1897    -0.6943 -9.990e-29
 175.746939     -1.154   0.314140    14.5957    -1.9087     -1.144     0.1896    -0.6917 -9.990e-29
 175.746944     -1.154   0.313585    14.5873    -1.9089     -1.144     0.1893    -0.6907 -9.990e-29
 175.746950     -1.153   0.313213    14.5844    -1.9092     -1.143     0.1891    -0.6904 -9.990e-29
 175.746956     -1.146   0.313082    14.5827    -1.9102     -1.136     0.1890    -0.6902 -9.990e-29
 175.746962     -1.138   0.313015    14.5797    -1.9106     -1.129     0.1890    -0.6898 -9.990e-29
 175.746968     -1.131   0.312924    14.5727    -1.9110     -1.122     0.1890    -0.6888 -9.990e-29
 175.746973     -1.125   0.312687    14.5606    -1.9114     -1.116     0.1889    -0.6871 -9.990e-29
 175.746979     -1.121   0.312542    14.5463    -1.9119     -1.112     0.1888    -0.6850 -9.990e-29
 175.746985     -1.118   0.312849    14.5322    -1.9121     -1.109     0.1891    -0.6828 -9.990e-29
 175.746991     -1.115   0.313464    14.5196    -1.9134     -1.106     0.1895    -0.6806 -9.990e-29
 175.746997     -1.113   0.314099    14.5089    -1.9138     -1.104     0.1900    -0.6787 -9.990e-29
 175.747002     -1.111   0.314494    14.4967    -1.9143     -1.102     0.1903    -0.6767 -9.990e-29
 175.747008     -1.109   0.314622    14.4825    -1.9142     -1.100     0.1904    -0.6745 -9.990e-29
 175.747014     -1.108   0.314653    14.4697    -1.9140     -1.099     0.1905    -0.6726 -9.990e-29
 175.747020     -1.106   0.314630    14.4586    -1.9140     -1.097     0.1905    -0.6710 -9.990e-29
 175.747025     -1.104   0.314523    14.4476    -1.9145     -1.095     0.1905    -0.6694 -9.990e-29
 175.747031     -1.102   0.314188    14.4363    -1.9161     -1.093     0.1904    -0.6679 -9.990e-29
