data/oxygen options/OCNMS/OCNMS1/raw_data/2012/CAST_TH042_120913faedb.cnv
* Sea-Bird SBE19 Data File:
* FileName = C:\Documents and Settings\OCNMS\Desktop\2012 mooring data\Hypoxia Sampling\CAST_TH042_120913.hex
* Software Version 1.25
* Temperature SN = 2997
* Conductivity SN = 2997
* System UpLoad Time = Sep 13 2012 16:28:36
** CAST_TH042_120913
* SEACAT PROFILER V3.1c SN 2997   09/13/12  16:27:43.583
# nquan = 9
# nvalues = 40                          
# units = specified
# name 0 = timeJ: Julian Days
# name 1 = prSM: Pressure, Strain Gauge [db]
# name 2 = c0mS/cm: Conductivity [mS/cm]
# name 3 = t090C: Temperature [ITS-90, deg C]
# name 4 = sbeox0ML/L: Oxygen, SBE 43 [ml/l]
# name 5 = depSM: Depth [salt water, m], lat = 47.5
# name 6 = sal00: Salinity, Practical [PSU]
# name 7 = sigma-é00: Density [sigma-theta, kg/m^3]
# name 8 = flag: flag
# span 0 = 257.683858, 257.684335       
# span 1 =      2.000,     41.000       
# span 2 =  34.459385,  37.762425       
# span 3 =     7.3650,    12.6960       
# span 4 =     1.3783,     6.1944       
# span 5 =      1.983,     40.654       
# span 6 =    32.2187,    33.7137       
# span 7 =    24.2997,    26.3556       
# span 8 = 0.0000e+00, 0.0000e+00       
# interval = decibars: 1                
# start_time = Sep 13 2012 16:18:54 [Instrument's time stamp, header]
# bad_flag = -9.990e-29
*END*
 257.683858      2.000  37.762425    12.6960     6.1944      1.983    32.2207    24.2997 0.0000e+00
 257.683883      3.000  37.653253    12.5765     5.9268      2.975    32.2187    24.3211 0.0000e+00
 257.683903      4.000  37.543211    12.3975     5.6551      3.967    32.2668    24.3925 0.0000e+00
 257.683920      5.000  37.336881    12.0692     5.5042      4.958    32.3518    24.5202 0.0000e+00
 257.683935      6.000  37.001856    11.6101     5.2713      5.950    32.4262    24.6626 0.0000e+00
 257.683949      7.000  36.716380    11.2168     5.1923      6.942    32.4917    24.7845 0.0000e+00
 257.683962      8.000  36.523911    10.9274     5.1207      7.933    32.5574    24.8868 0.0000e+00
 257.683975      9.000  36.347927    10.7372     4.8607      8.925    32.5512    24.9153 0.0000e+00
 257.683987     10.000  36.298379    10.6502     4.4790      9.916    32.5789    24.9520 0.0000e+00
 257.684000     11.000  36.228927    10.4488     4.1977     10.908    32.6894    25.0727 0.0000e+00
 257.684012     12.000  36.088552    10.1823     3.9811     11.900    32.7879    25.1946 0.0000e+00
 257.684024     13.000  35.986712     9.9886     3.8672     12.891    32.8602    25.2835 0.0000e+00
 257.684035     14.000  35.865859     9.7676     3.8014     13.883    32.9384    25.3811 0.0000e+00
 257.684046     15.000  35.696867     9.5392     3.7239     14.874    32.9744    25.4465 0.0000e+00
 257.684057     16.000  35.582422     9.3643     3.6017     15.866    33.0173    25.5083 0.0000e+00
 257.684068     17.000  35.493763     9.2197     3.4413     16.857    33.0590    25.5641 0.0000e+00
 257.684079     18.000  35.431649     9.1252     3.2740     17.849    33.0819    25.5970 0.0000e+00
 257.684089     19.000  35.367933     8.9955     3.1890     18.841    33.1358    25.6596 0.0000e+00
 257.684099     20.000  35.251665     8.7795     3.1480     19.832    33.2160    25.7560 0.0000e+00
 257.684110     21.000  35.118296     8.5565     3.0907     20.824    33.2852    25.8444 0.0000e+00
 257.684119     22.000  34.980117     8.3507     3.0200     21.815    33.3334    25.9134 0.0000e+00
 257.684129     23.000  34.850506     8.1729     2.8333     22.807    33.3641    25.9640 0.0000e+00
 257.684139     24.000  34.737086     8.0240     2.5626     23.798    33.3846    26.0022 0.0000e+00
 257.684148     25.000  34.672954     7.9438     2.3084     24.790    33.3923    26.0199 0.0000e+00
 257.684158     26.000  34.658126     7.8846     2.1883     25.781    33.4325    26.0601 0.0000e+00
 257.684168     27.000  34.643616     7.8134     2.1192     26.773    33.4849    26.1116 0.0000e+00
 257.684179     28.000  34.626774     7.7457     1.9820     27.764    33.5313    26.1579 0.0000e+00
 257.684190     29.000  34.605775     7.6861     1.7599     28.756    33.5657    26.1934 0.0000e+00
 257.684200     30.000  34.582096     7.6292     1.5236     29.747    33.5946    26.2243 0.0000e+00
 257.684211     31.000  34.549181     7.5373     1.4125     30.739    33.6475    26.2790 0.0000e+00
 257.684222     32.000  34.504399     7.4449     1.3847     31.731    33.6882    26.3241 0.0000e+00
 257.684232     33.000  34.478191     7.3992     1.3870     32.722    33.7038    26.3429 0.0000e+00
 257.684244     34.000  34.467156     7.3803     1.4142     33.713    33.7097    26.3501 0.0000e+00
 257.684255     35.000  34.463120     7.3723     1.4224     34.705    33.7126    26.3536 0.0000e+00
 257.684267     36.000  34.461229     7.3686     1.4120     35.697    33.7136    26.3549 0.0000e+00
 257.684278     37.000  34.459644     7.3675     1.4169     36.688    33.7125    26.3542 0.0000e+00
 257.684290     38.000  34.459532     7.3666     1.4198     37.679    33.7128    26.3546 0.0000e+00
 257.684303     39.000  34.459385     7.3650     1.4091     38.671    33.7137    26.3556 0.0000e+00
 257.684317     40.000  34.459703     7.3657     1.4032     39.662    33.7129    26.3548 0.0000e+00
 257.684335     41.000  34.460619     7.3703     1.3783     40.654    33.7089    26.3510 0.0000e+00
