data/oxygen options/OCNMS/OCNMS1/raw_data/2012/CAST_TH015_120525faed.cnv
* Sea-Bird SBE19 Data File:
* FileName = C:\Documents and Settings\OCNMS\Desktop\2012 mooring data\Deployment May\CAST_TH015_120525.hex
* Software Version 1.25
* Temperature SN = 2997
* Conductivity SN = 2997
* System UpLoad Time = May 25 2012 14:44:39
** CAST_TH015_120525
* SEACAT PROFILER V3.1c SN 2997   05/25/12  14:43:18.733
# nquan = 9                                 
# nvalues = 965                         
# units = specified
# name 0 = timeJ: Julian Days
# name 1 = prSM: Pressure, Strain Gauge [db]
# name 2 = c0mS/cm: Conductivity [mS/cm]
# name 3 = t090C: Temperature [ITS-90, deg C]
# name 4 = sbeox0ML/L: Oxygen, SBE 43 [ml/l]
# name 5 = depSM: Depth [salt water, m], lat = 47.5
# name 6 = sal00: Salinity, Practical [PSU]
# name 7 = sigma-é00: Density [sigma-theta, kg/m^3]
# name 8 = flag: flag
# span 0 = 146.421921, 146.427500       
# span 1 =     -5.017,     15.600       
# span 2 =   0.000902, 221.398350       
# span 3 =    10.3898,    40.5534       
# span 4 =   -14.9556,    16.5393       
# span 5 =     -4.975,     15.469       
# span 6 =     0.0073,    37.9603       
# span 7 =    -0.8665,    24.2574       
# span 8 = 0.0000e+00, 0.0000e+00       
# interval = seconds: 0.5
# start_time = May 25 2012 10:07:34 [Instrument's time stamp, header]
# bad_flag = -9.990e-29
*END*
[from data line 321]
 146.423779     -0.631   0.004028    13.6466    -1.7883     -0.626     0.0082    -0.6993 -9.990e-29
 146.423785     -0.622   0.004028    13.6401    -1.7886     -0.617     0.0082    -0.6984 -9.990e-29
 146.423791     -0.609   0.004028    13.6340    -1.7883     -0.604     0.0082    -0.6976 -9.990e-29
 146.423796     -0.591   0.004028    13.6254    -1.7878     -0.586     0.0082    -0.6965 -9.990e-29
 146.423802     -0.570   0.004028    13.6154    -1.7871     -0.565     0.0082    -0.6951 -9.990e-29
 146.423808     -0.554   0.004028    13.6064    -1.7863     -0.549     0.0082    -0.6939 -9.990e-29
 146.423814     -0.547   0.004027    13.5982    -1.7856     -0.542     0.0082    -0.6928 -9.990e-29
 146.423819     -0.548   0.004024    13.5894    -1.7849     -0.543     0.0082    -0.6916 -9.990e-29
 146.423825     -0.552   0.004015    13.5795    -1.7847     -0.547     0.0082    -0.6903 -9.990e-29
 146.423831     -0.552   0.003988    13.5709    -1.7851     -0.547     0.0081    -0.6892 -9.990e-29
 146.423837     -0.547   0.003907    13.5678    -1.7857     -0.542     0.0081    -0.6888 -9.990e-29
 146.423843     -0.542   0.003661    13.5721    -1.7861     -0.537     0.0080    -0.6895 -9.990e-29
 146.423848     -0.536   0.003476    13.5826    -1.7861     -0.532     0.0079    -0.6909 -9.990e-29
 146.423854     -0.532   0.003660    13.5972    -1.7858     -0.528     0.0080    -0.6928 -9.990e-29
 146.423860     -0.536   0.003905    13.6138    -1.7851     -0.532     0.0081    -0.6950 -9.990e-29
 146.423866     -0.543   0.003983    13.6295    -1.7844     -0.538     0.0082    -0.6970 -9.990e-29
 146.423872     -0.544   0.003997    13.6415    -1.7837     -0.539     0.0082    -0.6986 -9.990e-29
 146.423877     -0.536   0.003965    13.6462    -1.7831     -0.532     0.0082    -0.6993 -9.990e-29
 146.423883     -0.523   0.003845    13.6425    -1.7826     -0.519     0.0081    -0.6988 -9.990e-29
 146.423889     -0.511   0.003478    13.6343    -1.7823     -0.507     0.0080    -0.6978 -9.990e-29
 146.423895     -0.501   0.002925    13.6283    -1.7821     -0.497     0.0077    -0.6972 -9.990e-29
 146.423900     -0.487   0.002557    13.6286    -1.7815     -0.483     0.0076    -0.6973 -9.990e-29
 146.423906     -0.474   0.002434    13.6359    -1.7806     -0.470     0.0076    -0.6984 -9.990e-29
 146.423912     -0.463   0.002393    13.6490    -1.7800     -0.459     0.0076    -0.7001 -9.990e-29
 146.423918     -0.456   0.002379    13.6650    -1.7796     -0.452     0.0076    -0.7023 -9.990e-29
 146.423924     -0.450   0.002375    13.6808    -1.7792     -0.446     0.0076    -0.7044 -9.990e-29
 146.423929     -0.446   0.002373    13.6950    -1.7789     -0.442     0.0076    -0.7063 -9.990e-29
 146.423935     -0.444   0.002373    13.7073    -1.7786     -0.440     0.0076    -0.7080 -9.990e-29
 146.423941     -0.443   0.002373    13.7176    -1.7781     -0.439     0.0076    -0.7094 -9.990e-29
 146.423947     -0.443   0.002373    13.7281    -1.7777     -0.439     0.0076    -0.7108 -9.990e-29
 146.423953     -0.445   0.002374    13.7416    -1.7775     -0.441     0.0076    -0.7126 -9.990e-29
 146.423958     -0.448   0.002374    13.7575    -1.7770     -0.444     0.0076    -0.7148 -9.990e-29
 146.423964     -0.449   0.002374    13.7723    -1.7767     -0.445     0.0076    -0.7168 -9.990e-29
 146.423970     -0.442   0.002374    13.7844    -1.7766     -0.438     0.0076    -0.7184 -9.990e-29
 146.423976     -0.433   0.002374    13.7946    -1.7765     -0.429     0.0076    -0.7198 -9.990e-29
 146.423981     -0.424   0.002375    13.8040    -1.7764     -0.420     0.0076    -0.7211 -9.990e-29
 146.423987     -0.416   0.002375    13.8139    -1.7762     -0.413     0.0076    -0.7225 -9.990e-29
 146.423993     -0.407   0.002375    13.8243    -1.7760     -0.404     0.0076    -0.7239 -9.990e-29
 146.423999     -0.397   0.002375    13.8338    -1.7758     -0.394     0.0076    -0.7252 -9.990e-29
 146.424005     -0.386   0.002375    13.8425    -1.7754     -0.383     0.0076    -0.7264 -9.990e-29
 146.424010     -0.376   0.002376    13.8510    -1.7753     -0.373     0.0076    -0.7275 -9.990e-29
 146.424016     -0.373   0.002376    13.8577    -1.7750     -0.370     0.0076    -0.7284 -9.990e-29
 146.424022     -0.374   0.002376    13.8620    -1.7749     -0.371     0.0076    -0.7290 -9.990e-29
 146.424028     -0.381   0.002376    13.8652    -1.7747     -0.378     0.0076    -0.7295 -9.990e-29
 146.424034     -0.390   0.002376    13.8686    -1.7746     -0.387     0.0076    -0.7299 -9.990e-29
 146.424039     -0.397   0.002376    13.8730    -1.7745     -0.394     0.0076    -0.7305 -9.990e-29
 146.424045     -0.403   0.002377    13.8783    -1.7746     -0.400     0.0077    -0.7313 -9.990e-29
 146.424051     -0.407   0.002377    13.8845    -1.7742     -0.404     0.0077    -0.7321 -9.990e-29
 146.424057     -0.410   0.002377    13.8908    -1.7739     -0.407     0.0077    -0.7330 -9.990e-29
 146.424062     -0.412   0.002377    13.8964    -1.7735     -0.409     0.0077    -0.7337 -9.990e-29
 146.424068     -0.414   0.002377    13.9015    -1.7731     -0.411     0.0077    -0.7344 -9.990e-29
 146.424074     -0.411   0.002377    13.9065    -1.7728     -0.408     0.0077    -0.7351 -9.990e-29
 146.424080     -0.398   0.002377    13.9112    -1.7724     -0.395     0.0077    -0.7358 -9.990e-29
 146.424086     -0.380   0.002377    13.9149    -1.7725     -0.377     0.0077    -0.7363 -9.990e-29
 146.424091     -0.363   0.002377    13.9172    -1.7725     -0.360     0.0077    -0.7366 -9.990e-29
 146.424097     -0.356   0.002378    13.9197    -1.7730     -0.353     0.0077    -0.7370 -9.990e-29
 146.424103     -0.357   0.002378    13.9252    -1.7726     -0.354     0.0077    -0.7377 -9.990e-29
 146.424109     -0.358   0.002378    13.9335    -1.7724     -0.355     0.0077    -0.7389 -9.990e-29
 146.424115     -0.355   0.002378    13.9426    -1.7721     -0.352     0.0077    -0.7401 -9.990e-29
 146.424120     -0.348   0.002378    13.9513    -1.7718     -0.345     0.0077    -0.7413 -9.990e-29
 146.424126     -0.341   0.002378    13.9591    -1.7712     -0.338     0.0077    -0.7424 -9.990e-29
 146.424132     -0.336   0.002378    13.9647    -1.7705     -0.333     0.0077    -0.7432 -9.990e-29
 146.424138     -0.331   0.002378    13.9667    -1.7701     -0.328     0.0077    -0.7434 -9.990e-29
 146.424144     -0.320   0.002378    13.9658    -1.7697     -0.317     0.0077    -0.7433 -9.990e-29
 146.424149     -0.302   0.002378    13.9648    -1.7695     -0.299     0.0077    -0.7432 -9.990e-29
 146.424155     -0.285   0.002379    13.9670    -1.7695     -0.283     0.0077    -0.7435 -9.990e-29
 146.424161     -0.277   0.002379    13.9725    -1.7694     -0.275     0.0077    -0.7442 -9.990e-29
 146.424167     -0.272   0.002379    13.9802    -1.7695     -0.270     0.0077    -0.7453 -9.990e-29
 146.424172     -0.267   0.002379    13.9905    -1.7694     -0.265     0.0077    -0.7467 -9.990e-29
 146.424178     -0.260   0.002379    14.0037    -1.7694     -0.258     0.0077    -0.7486 -9.990e-29
 146.424184     -0.255   0.002379    14.0173    -1.7693     -0.253     0.0077    -0.7504 -9.990e-29
 146.424190     -0.257   0.002379    14.0284    -1.7693     -0.255     0.0077    -0.7520 -9.990e-29
 146.424196     -0.266   0.002379    14.0364    -1.7695     -0.264     0.0077    -0.7531 -9.990e-29
 146.424201     -0.278   0.002379    14.0414    -1.7692     -0.276     0.0077    -0.7538 -9.990e-29
 146.424207     -0.284   0.002379    14.0441    -1.7691     -0.282     0.0077    -0.7542 -9.990e-29
 146.424213     -0.287   0.002380    14.0454    -1.7692     -0.285     0.0077    -0.7543 -9.990e-29
 146.424219     -0.289   0.002380    14.0462    -1.7703     -0.287     0.0077    -0.7545 -9.990e-29
 146.424225     -0.287   0.002380    14.0475    -1.7708     -0.285     0.0077    -0.7546 -9.990e-29
 146.424230     -0.276   0.002380    14.0489    -1.7711     -0.274     0.0077    -0.7548 -9.990e-29
 146.424236     -0.261   0.002380    14.0498    -1.7709     -0.259     0.0077    -0.7550 -9.990e-29
 146.424242     -0.248   0.002380    14.0499    -1.7708     -0.246     0.0077    -0.7550 -9.990e-29
 146.424248     -0.241   0.002380    14.0500    -1.7708     -0.239     0.0077    -0.7550 -9.990e-29
 146.424253     -0.240   0.002380    14.0509    -1.7710     -0.238     0.0077    -0.7551 -9.990e-29
 146.424259     -0.240   0.002380    14.0499    -1.7710     -0.238     0.0077    -0.7550 -9.990e-29
 146.424265     -0.237   0.002380    14.0427    -1.7710     -0.235     0.0077    -0.7540 -9.990e-29
 146.424271     -0.231   0.002381    14.0300    -1.7708     -0.229     0.0077    -0.7522 -9.990e-29
 146.424277     -0.221   0.002381    14.0184    -1.7706     -0.219     0.0077    -0.7506 -9.990e-29
 146.424282     -0.211   0.002381    14.0123    -1.7702     -0.209     0.0077    -0.7497 -9.990e-29
 146.424288     -0.205   0.002381    14.0110    -1.7700     -0.203     0.0077    -0.7496 -9.990e-29
 146.424294     -0.202   0.002381    14.0110    -1.7700     -0.200     0.0077    -0.7496 -9.990e-29
 146.424300     -0.202   0.002381    14.0103    -1.7701     -0.200     0.0077    -0.7495 -9.990e-29
 146.424306     -0.201   0.002381    14.0092    -1.7702     -0.199     0.0077    -0.7493 -9.990e-29
 146.424311     -0.195   0.002381    14.0092    -1.7710     -0.193     0.0077    -0.7493 -9.990e-29
 146.424317     -0.187   0.002381    14.0111    -1.7717     -0.185     0.0077    -0.7496 -9.990e-29
 146.424323     -0.181   0.002381    14.0149    -1.7724     -0.179     0.0077    -0.7501 -9.990e-29
 146.424329     -0.177   0.002382    14.0201    -1.7731     -0.176     0.0077    -0.7508 -9.990e-29
 146.424334     -0.174   0.002382    14.0255    -1.7742     -0.173     0.0077    -0.7516 -9.990e-29
 146.424340     -0.173   0.002382    14.0292    -1.7753     -0.172     0.0077    -0.7521 -9.990e-29
 146.424346     -0.173   0.002382    14.0298    -1.7765     -0.172     0.0077    -0.7522 -9.990e-29
 146.424352     -0.175   0.002382    14.0271    -1.7776     -0.174     0.0077    -0.7518 -9.990e-29
 146.424358     -0.178   0.002382    14.0194    -1.7784     -0.177     0.0077    -0.7507 -9.990e-29
 146.424363     -0.182   0.002382    14.0056    -1.7787     -0.180     0.0077    -0.7488 -9.990e-29
 146.424369     -0.188   0.002382    13.9881    -1.7785     -0.186     0.0077    -0.7464 -9.990e-29
 146.424375     -0.192   0.002382    13.9694    -1.7777     -0.190     0.0077    -0.7438 -9.990e-29
 146.424381     -0.190   0.002383    13.9482    -1.7771     -0.188     0.0077    -0.7409 -9.990e-29
 146.424387     -0.187   0.002383    13.9236    -1.7772     -0.185     0.0077    -0.7375 -9.990e-29
 146.424392     -0.185   0.002383    13.8970    -1.7772     -0.183     0.0077    -0.7338 -9.990e-29
 146.424398     -0.185   0.002383    13.8702    -1.7772     -0.183     0.0077    -0.7301 -9.990e-29
 146.424404     -0.188   0.002383    13.8463    -1.7776     -0.186     0.0076    -0.7269 -9.990e-29
 146.424410     -0.193   0.002383    13.8292    -1.7782     -0.191     0.0076    -0.7245 -9.990e-29
 146.424416     -0.200   0.002383    13.8217    -1.7786     -0.198     0.0076    -0.7235 -9.990e-29
 146.424421     -0.206   0.002383    13.8245    -1.7784     -0.204     0.0076    -0.7239 -9.990e-29
 146.424427     -0.206   0.002383    13.8339    -1.7781     -0.204     0.0076    -0.7252 -9.990e-29
 146.424433     -0.206   0.002383    13.8427    -1.7779     -0.204     0.0076    -0.7264 -9.990e-29
 146.424439     -0.205   0.002383    13.8468    -1.7780     -0.203     0.0076    -0.7269 -9.990e-29
 146.424444     -0.198   0.002382    13.8470    -1.7781     -0.196     0.0076    -0.7270 -9.990e-29
 146.424450     -0.190   0.002379    13.8439    -1.7787     -0.188     0.0076    -0.7266 -9.990e-29
 146.424456     -0.185   0.002369    13.8367    -1.7788     -0.183     0.0076    -0.7256 -9.990e-29
 146.424462     -0.182   0.002338    13.8277    -1.7790     -0.180     0.0076    -0.7243 -9.990e-29
 146.424468     -0.180   0.002247    13.8220    -1.7793     -0.178     0.0076    -0.7236 -9.990e-29
 146.424473     -0.180   0.001974    13.8219    -1.7794     -0.178     0.0075    -0.7237 -9.990e-29
 146.424479     -0.182   0.001708    13.8249    -1.7794     -0.180     0.0074    -0.7241 -9.990e-29
 146.424485     -0.186   0.001646    13.8267    -1.7798     -0.184     0.0074    -0.7244 -9.990e-29
 146.424491     -0.187   0.001707    13.8255    -1.7802     -0.185     0.0074    -0.7242 -9.990e-29
 146.424497     -0.182   0.001970    13.8211    -1.7806     -0.180     0.0075    -0.7235 -9.990e-29
 146.424502     -0.175   0.002233    13.8144    -1.7808     -0.174     0.0076    -0.7226 -9.990e-29
 146.424508     -0.169   0.002294    13.8080    -1.7807     -0.168     0.0076    -0.7217 -9.990e-29
 146.424514     -0.164   0.002233    13.8026    -1.7802     -0.163     0.0076    -0.7210 -9.990e-29
 146.424520     -0.160   0.001970    13.7979    -1.7800     -0.159     0.0075    -0.7204 -9.990e-29
 146.424525     -0.156   0.001707    13.7940    -1.7794     -0.155     0.0074    -0.7199 -9.990e-29
 146.424531     -0.152   0.001646    13.7892    -1.7793     -0.151     0.0074    -0.7193 -9.990e-29
 146.424537     -0.148   0.001708    13.7819    -1.7790     -0.147     0.0074    -0.7183 -9.990e-29
 146.424543     -0.144   0.001975    13.7735    -1.7784     -0.143     0.0075    -0.7171 -9.990e-29
 146.424549     -0.140   0.002248    13.7667    -1.7783     -0.139     0.0076    -0.7161 -9.990e-29
 146.424554     -0.135   0.002338    13.7640    -1.7779     -0.134     0.0076    -0.7157 -9.990e-29
 146.424560     -0.128   0.002366    13.7666    -1.7772     -0.127     0.0076    -0.7160 -9.990e-29
 146.424566     -0.124   0.002367    13.7727    -1.7769     -0.123     0.0076    -0.7168 -9.990e-29
 146.424572     -0.127   0.002343    13.7807    -1.7763     -0.126     0.0076    -0.7179 -9.990e-29
 146.424578     -0.133   0.002262    13.7894    -1.7757     -0.132     0.0076    -0.7191 -9.990e-29
 146.424583     -0.137   0.002016    13.7972    -1.7753     -0.136     0.0075    -0.7203 -9.990e-29
 146.424589     -0.141   0.001828    13.8055    -1.7749     -0.140     0.0074    -0.7215 -9.990e-29
 146.424595     -0.143   0.002002    13.8150    -1.7745     -0.142     0.0075    -0.7227 -9.990e-29
 146.424601     -0.145   0.002217    13.8244    -1.7742     -0.144     0.0076    -0.7239 -9.990e-29
 146.424606     -0.147   0.002208    13.8349    -1.7742     -0.146     0.0076    -0.7254 -9.990e-29
 146.424612     -0.148   0.001961    13.8472    -1.7744     -0.147     0.0075    -0.7271 -9.990e-29
 146.424618     -0.148   0.001699    13.8597    -1.7741     -0.147     0.0074    -0.7289 -9.990e-29
 146.424624     -0.149   0.001628    13.8726    -1.7735     -0.148     0.0074    -0.7307 -9.990e-29
 146.424630     -0.149   0.001651    13.8856    -1.7728     -0.148     0.0074    -0.7324 -9.990e-29
 146.424635     -0.149   0.001798    13.8971    -1.7722     -0.148     0.0075    -0.7340 -9.990e-29
 146.424641     -0.148   0.001712    13.9071    -1.7719     -0.147     0.0074    -0.7354 -9.990e-29
 146.424647     -0.148   0.001278    13.9156    -1.7717     -0.147     0.0073    -0.7367 -9.990e-29
 146.424653     -0.147   0.001024    13.9212    -1.7717     -0.146     0.0073    -0.7375 -9.990e-29
 146.424659     -0.145   0.001166    13.9240    -1.7717     -0.144     0.0073    -0.7378 -9.990e-29
 146.424664     -0.143   0.001341    13.9271    -1.7714     -0.142     0.0073    -0.7382 -9.990e-29
 146.424670     -0.141   0.001227    13.9344    -1.7712     -0.140     0.0073    -0.7392 -9.990e-29
 146.424676     -0.138   0.001224    13.9463    -1.7709     -0.137     0.0073    -0.7409 -9.990e-29
 146.424682     -0.134   0.001328    13.9599    -1.7705     -0.133     0.0074    -0.7427 -9.990e-29
 146.424688     -0.128   0.001126    13.9721    -1.7700     -0.127     0.0073    -0.7445 -9.990e-29
 146.424693     -0.121   0.000902    13.9812    -1.7695     -0.120     0.0073    -0.7458 -9.990e-29
