data/oxygen options/OCNMS/OCNMS1/raw_data/2012/CAST_TH042_120828faed.cnv
* Sea-Bird SBE19 Data File:
* FileName = C:\Documents and Settings\OCNMS\Desktop\2012 mooring data\2nd service\CAST_TH042_120828.hex
* Software Version 1.25
* Temperature SN = 2997
* Conductivity SN = 2997
* System UpLoad Time = Aug 28 2012 17:49:11
** CAST_TH042_120828
* SEACAT PROFILER V3.1c SN 2997   08/28/12  17:48:04.161
# nquan = 9                                 
# nvalues = 1188                        
# units = specified
# name 0 = timeJ: Julian Days
# name 1 = prSM: Pressure, Strain Gauge [db]
# name 2 = c0mS/cm: Conductivity [mS/cm]
# name 3 = t090C: Temperature [ITS-90, deg C]
# name 4 = sbeox0ML/L: Oxygen, SBE 43 [ml/l]
# name 5 = depSM: Depth [salt water, m], lat = 47.5
# name 6 = sal00: Salinity, Practical [PSU]
# name 7 = sigma-é00: Density [sigma-theta, kg/m^3]
# name 8 = flag: flag
# span 0 = 241.590590, 241.597459       
# span 1 =     -5.217,     42.746       
# span 2 =   0.043967,  37.286443       
# span 3 =     7.9157,    13.9809       
# span 4 =    -1.7839,    17.0188       
# span 5 =     -5.174,     42.385       
# span 6 =     0.0293,    33.4783       
# span 7 =    -0.7261,    26.0895       
# span 8 = 0.0000e+00, 0.0000e+00       
# interval = seconds: 0.5
# start_time = Aug 28 2012 14:10:27 [Instrument's time stamp, header]
# bad_flag = -9.990e-29
*END*
[from data line 641]
 241.594300      0.920  37.133843    12.0520     7.2455      0.912    32.1725    24.3843 -9.990e-29
 241.594306      0.919  37.133932    12.0506     7.2391      0.911    32.1738    24.3855 -9.990e-29
 241.594311      0.917  37.132157    12.0479     7.2157      0.909    32.1744    24.3865 -9.990e-29
 241.594317      0.914  37.130115    12.0454     7.2024      0.906    32.1746    24.3871 -9.990e-29
 241.594323      0.911  37.129604    12.0447     7.2030      0.903    32.1747    24.3873 -9.990e-29
 241.594329      0.907  37.129986    12.0453     7.2145      0.899    32.1746    24.3871 -9.990e-29
 241.594334      0.902  37.130693    12.0465     7.2105      0.894    32.1742    24.3866 -9.990e-29
 241.594340      0.896  37.131590    12.0475     7.1994      0.889    32.1742    24.3864 -9.990e-29
 241.594346      0.888  37.131678    12.0472     7.1930      0.881    32.1746    24.3868 -9.990e-29
 241.594352      0.877  37.130556    12.0459     7.1990      0.870    32.1746    24.3870 -9.990e-29
 241.594358      0.868  37.128452    12.0452     7.2212      0.861    32.1732    24.3861 -9.990e-29
 241.594363      0.863  37.127083    12.0455     7.2333      0.856    32.1716    24.3848 -9.990e-29
 241.594369      0.859  37.128027    12.0459     7.2402      0.852    32.1722    24.3851 -9.990e-29
 241.594375      0.855  37.129223    12.0454     7.2286      0.848    32.1738    24.3865 -9.990e-29
 241.594381      0.855  37.128951    12.0436     7.2129      0.848    32.1751    24.3878 -9.990e-29
 241.594387      0.859  37.127452    12.0407     7.1863      0.852    32.1761    24.3892 -9.990e-29
 241.594392      0.867  37.124451    12.0377     7.1730      0.860    32.1758    24.3895 -9.990e-29
 241.594398      0.876  37.121589    12.0365     7.1827      0.869    32.1741    24.3884 -9.990e-29
 241.594404      0.882  37.122372    12.0385     7.2126      0.875    32.1731    24.3872 -9.990e-29
 241.594410      0.885  37.126205    12.0422     7.2229      0.878    32.1736    24.3869 -9.990e-29
 241.594416      0.886  37.129841    12.0456     7.2233      0.879    32.1742    24.3867 -9.990e-29
 241.594421      0.884  37.133691    12.0484     7.2161      0.877    32.1755    24.3872 -9.990e-29
 241.594427      0.884  37.135653    12.0494     7.1950      0.877    32.1765    24.3878 -9.990e-29
 241.594433      0.890  37.132785    12.0485     7.1887      0.883    32.1745    24.3865 -9.990e-29
 241.594439      0.897  37.129709    12.0477     7.1864      0.890    32.1723    24.3849 -9.990e-29
 241.594444      0.904  37.129645    12.0480     7.2094      0.896    32.1719    24.3845 -9.990e-29
 241.594450      0.908  37.130871    12.0483     7.2223      0.900    32.1729    24.3852 -9.990e-29
 241.594456      0.912  37.131144    12.0468     7.2259      0.904    32.1744    24.3867 -9.990e-29
 241.594462      0.915  37.129750    12.0435     7.2285      0.907    32.1759    24.3885 -9.990e-29
 241.594468      0.917  37.127676    12.0399     7.2212      0.909    32.1770    24.3900 -9.990e-29
 241.594473      0.919  37.125558    12.0365     7.2143      0.911    32.1779    24.3913 -9.990e-29
 241.594479      0.920  37.122854    12.0333     7.2310      0.912    32.1781    24.3920 -9.990e-29
 241.594485      0.920  37.119923    12.0315     7.2385      0.912    32.1768    24.3914 -9.990e-29
 241.594491      0.921  37.119619    12.0322     7.2410      0.913    32.1759    24.3905 -9.990e-29
 241.594497      0.921  37.121579    12.0335     7.2727      0.913    32.1767    24.3909 -9.990e-29
 241.594502      0.921  37.122860    12.0334     7.2760      0.913    32.1780    24.3919 -9.990e-29
 241.594508      0.921  37.122971    12.0314     7.2610      0.913    32.1798    24.3937 -9.990e-29
 241.594514      0.921  37.122102    12.0280     7.2298      0.913    32.1819    24.3960 -9.990e-29
 241.594520      0.920  37.120259    12.0250     7.1871      0.912    32.1827    24.3972 -9.990e-29
 241.594525      0.919  37.118387    12.0238     7.1950      0.911    32.1819    24.3968 -9.990e-29
 241.594531      0.918  37.117953    12.0249     7.2168      0.910    32.1806    24.3955 -9.990e-29
 241.594537      0.916  37.119540    12.0281     7.2064      0.908    32.1793    24.3940 -9.990e-29
 241.594543      0.914  37.121948    12.0314     7.1935      0.906    32.1788    24.3930 -9.990e-29
 241.594549      0.910  37.123950    12.0335     7.1824      0.902    32.1789    24.3927 -9.990e-29
 241.594554      0.906  37.125458    12.0345     7.1854      0.898    32.1795    24.3930 -9.990e-29
 241.594560      0.901  37.126287    12.0349     7.1882      0.893    32.1800    24.3932 -9.990e-29
 241.594566      0.894  37.126465    12.0351     7.2045      0.887    32.1800    24.3932 -9.990e-29
 241.594572      0.885  37.126274    12.0352     7.2082      0.878    32.1797    24.3930 -9.990e-29
 241.594578      0.874  37.126062    12.0352     7.2315      0.867    32.1795    24.3928 -9.990e-29
 241.594583      0.868  37.126150    12.0348     7.2332      0.861    32.1800    24.3932 -9.990e-29
 241.594589      0.875  37.126138    12.0337     7.2315      0.868    32.1809    24.3942 -9.990e-29
 241.594595      0.888  37.125495    12.0319     7.2348      0.881    32.1818    24.3952 -9.990e-29
 241.594601      0.899  37.124524    12.0304     7.2218      0.891    32.1822    24.3958 -9.990e-29
 241.594606      0.908  37.124212    12.0302     7.2350      0.900    32.1820    24.3957 -9.990e-29
 241.594612      0.915  37.124747    12.0307     7.2268      0.907    32.1821    24.3957 -9.990e-29
 241.594618      0.923  37.125204    12.0309     7.2303      0.915    32.1824    24.3958 -9.990e-29
 241.594624      0.930  37.125114    12.0301     7.2383      0.922    32.1830    24.3965 -9.990e-29
 241.594630      0.937  37.124961    12.0292     7.2219      0.929    32.1836    24.3971 -9.990e-29
 241.594635      0.945  37.125147    12.0289     7.2140      0.937    32.1841    24.3975 -9.990e-29
 241.594641      0.950  37.125401    12.0289     7.1812      0.942    32.1843    24.3977 -9.990e-29
 241.594647      0.948  37.125545    12.0290     7.1613      0.940    32.1843    24.3977 -9.990e-29
 241.594653      0.943  37.125812    12.0291     7.1728      0.935    32.1845    24.3978 -9.990e-29
 241.594659      0.939  37.126043    12.0292     7.1842      0.931    32.1847    24.3979 -9.990e-29
 241.594664      0.936  37.126028    12.0292     7.2070      0.928    32.1846    24.3979 -9.990e-29
 241.594670      0.934  37.125790    12.0293     7.2403      0.926    32.1843    24.3976 -9.990e-29
 241.594676      0.932  37.125616    12.0294     7.2434      0.924    32.1841    24.3974 -9.990e-29
 241.594682      0.931  37.125875    12.0288     7.2484      0.923    32.1848    24.3981 -9.990e-29
 241.594687      0.930  37.125836    12.0270     7.2269      0.922    32.1864    24.3996 -9.990e-29
 241.594693      0.929  37.124928    12.0249     7.2172      0.921    32.1873    24.4008 -9.990e-29
 241.594699      0.929  37.124225    12.0239     7.2241      0.921    32.1875    24.4011 -9.990e-29
 241.594705      0.929  37.124511    12.0238     7.2125      0.921    32.1878    24.4014 -9.990e-29
 241.594711      0.929  37.125093    12.0239     7.2208      0.921    32.1883    24.4017 -9.990e-29
 241.594716      0.930  37.125107    12.0239     7.2377      0.922    32.1883    24.4018 -9.990e-29
 241.594722      0.930  37.124616    12.0240     7.2505      0.922    32.1878    24.4013 -9.990e-29
 241.594728      0.932  37.124129    12.0241     7.2516      0.924    32.1872    24.4008 -9.990e-29
 241.594734      0.933  37.124158    12.0244     7.2699      0.925    32.1870    24.4006 -9.990e-29
 241.594740      0.935  37.124786    12.0250     7.2644      0.927    32.1871    24.4006 -9.990e-29
 241.594745      0.938  37.125211    12.0253     7.2765      0.930    32.1872    24.4006 -9.990e-29
 241.594751      0.941  37.124924    12.0248     7.2697      0.933    32.1874    24.4008 -9.990e-29
 241.594757      0.946  37.124706    12.0241     7.2549      0.938    32.1878    24.4013 -9.990e-29
 241.594763      0.952  37.124869    12.0231     7.2367      0.944    32.1888    24.4022 -9.990e-29
 241.594769      0.955  37.124554    12.0199     7.2340      0.947    32.1912    24.4048 -9.990e-29
 241.594774      0.952  37.123382    12.0137     7.2589      0.944    32.1955    24.4092 -9.990e-29
 241.594780      0.947  37.120954    12.0064     7.2673      0.939    32.1994    24.4136 -9.990e-29
 241.594786      0.942  37.117427    12.0006     7.2660      0.934    32.2010    24.4159 -9.990e-29
 241.594792      0.939  37.114266    11.9977     7.2437      0.931    32.2005    24.4160 -9.990e-29
 241.594797      0.937  37.113932    11.9973     7.2440      0.929    32.2005    24.4161 -9.990e-29
 241.594803      0.935  37.115897    11.9984     7.2418      0.927    32.2015    24.4167 -9.990e-29
 241.594809      0.935  37.116530    12.0017     7.2535      0.927    32.1992    24.4143 -9.990e-29
 241.594815      0.934  37.117149    12.0081     7.2453      0.926    32.1943    24.4093 -9.990e-29
 241.594821      0.935  37.120175    12.0149     7.2371      0.927    32.1913    24.4058 -9.990e-29
 241.594826      0.935  37.122836    12.0183     7.2386      0.927    32.1910    24.4048 -9.990e-29
 241.594832      0.937  37.122436    12.0179     7.2386      0.929    32.1909    24.4049 -9.990e-29
 241.594838      0.940  37.120038    12.0150     7.2384      0.932    32.1911    24.4056 -9.990e-29
 241.594844      0.943  37.117959    12.0119     7.2366      0.935    32.1918    24.4067 -9.990e-29
 241.594850      0.947  37.117820    12.0107     7.2428      0.939    32.1927    24.4076 -9.990e-29
 241.594855      0.949  37.119350    12.0109     7.2603      0.941    32.1940    24.4086 -9.990e-29
 241.594861      0.943  37.120583    12.0105     7.2821      0.935    32.1955    24.4098 -9.990e-29
 241.594867      0.935  37.120277    12.0093     7.3018      0.927    32.1963    24.4106 -9.990e-29
 241.594873      0.927  37.119618    12.0087     7.2731      0.919    32.1962    24.4106 -9.990e-29
 241.594878      0.919  37.120443    12.0091     7.2627      0.911    32.1966    24.4109 -9.990e-29
 241.594884      0.911  37.121524    12.0095     7.2646      0.903    32.1973    24.4114 -9.990e-29
 241.594890      0.902  37.121418    12.0096     7.2856      0.894    32.1971    24.4112 -9.990e-29
 241.594896      0.892  37.121018    12.0098     7.2885      0.885    32.1966    24.4108 -9.990e-29
 241.594902      0.884  37.120822    12.0099     7.2516      0.877    32.1963    24.4105 -9.990e-29
 241.594907      0.886  37.120484    12.0090     7.2141      0.879    32.1968    24.4110 -9.990e-29
 241.594913      0.898  37.118350    12.0078     7.1969      0.891    32.1957    24.4105 -9.990e-29
 241.594919      0.908  37.113167    12.0088     7.2169      0.900    32.1899    24.4057 -9.990e-29
 241.594925      0.909  37.110819    12.0119     7.2306      0.901    32.1849    24.4013 -9.990e-29
 241.594931      0.905  37.115367    12.0164     7.2535      0.897    32.1854    24.4009 -9.990e-29
 241.594936      0.900  37.122151    12.0210     7.2244      0.892    32.1880    24.4020 -9.990e-29
 241.594942      0.897  37.127251    12.0227     7.2145      0.890    32.1915    24.4044 -9.990e-29
 241.594948      0.901  37.128423    12.0223     7.2161      0.893    32.1929    24.4056 -9.990e-29
 241.594954      0.908  37.127705    12.0219     7.2475      0.900    32.1926    24.4054 -9.990e-29
 241.594959      0.913  37.128535    12.0202     7.2576      0.905    32.1948    24.4075 -9.990e-29
 241.594965      0.918  37.128571    12.0151     7.2747      0.910    32.1993    24.4119 -9.990e-29
 241.594971      0.923  37.124978    12.0072     7.2655      0.915    32.2026    24.4159 -9.990e-29
 241.594977      0.927  37.119596    12.0010     7.2466      0.919    32.2028    24.4172 -9.990e-29
 241.594983      0.931  37.116364    11.9991     7.2395      0.923    32.2013    24.4164 -9.990e-29
 241.594988      0.936  37.115365    11.9993     7.2432      0.928    32.2002    24.4155 -9.990e-29
 241.594994      0.942  37.114619    11.9976     7.2448      0.934    32.2009    24.4164 -9.990e-29
 241.595000      0.949  37.112487    11.9906     7.2612      0.941    32.2049    24.4208 -9.990e-29
 241.595006      0.957  37.106602    11.9799     7.2579      0.949    32.2085    24.4255 -9.990e-29
 241.595012      0.967  37.097991    11.9716     7.2514      0.959    32.2073    24.4262 -9.990e-29
 241.595017      0.979  37.092446    11.9688     7.2453      0.971    32.2044    24.4244 -9.990e-29
 241.595023      0.991  37.092566    11.9704     7.2468      0.983    32.2031    24.4231 -9.990e-29
 241.595029      0.999  37.095064    11.9733     7.2314      0.991    32.2030    24.4225 -9.990e-29
 241.595035      1.003  37.098142    11.9754     7.2140      0.995    32.2042    24.4230 -9.990e-29
 241.595041      1.003  37.101340    11.9763     7.2252      0.995    32.2065    24.4247 -9.990e-29
 241.595046      1.004  37.102675    11.9766     7.2241      0.996    32.2075    24.4254 -9.990e-29
 241.595052      1.010  37.102165    11.9767     7.2365      1.002    32.2069    24.4249 -9.990e-29
 241.595058      1.021  37.101843    11.9764     7.2666      1.012    32.2069    24.4249 -9.990e-29
 241.595064      1.034  37.102314    11.9751     7.2682      1.025    32.2084    24.4264 -9.990e-29
 241.595069      1.045  37.101879    11.9723     7.2847      1.036    32.2104    24.4285 -9.990e-29
 241.595075      1.060  37.099312    11.9692     7.2958      1.051    32.2106    24.4292 -9.990e-29
 241.595081      1.083  37.095585    11.9688     7.2949      1.074    32.2074    24.4267 -9.990e-29
 241.595087      1.112  37.093483    11.9707     7.2811      1.103    32.2037    24.4235 -9.990e-29
 241.595093      1.140  37.094038    11.9714     7.2762      1.130    32.2036    24.4233 -9.990e-29
 241.595098      1.170  37.094544    11.9692     7.2706      1.160    32.2060    24.4256 -9.990e-29
 241.595104      1.210  37.093351    11.9656     7.2732      1.200    32.2079    24.4278 -9.990e-29
 241.595110      1.268  37.091021    11.9630     7.2845      1.257    32.2079    24.4282 -9.990e-29
 241.595116      1.349  37.089962    11.9618     7.2776      1.338    32.2079    24.4284 -9.990e-29
 241.595122      1.452  37.090915    11.9600     7.2900      1.440    32.2103    24.4307 -9.990e-29
 241.595127      1.579  37.090586    11.9555     7.2999      1.566    32.2138    24.4342 0.0000e+00
 241.595133      1.740  37.087328    11.9477     7.3236      1.725    32.2173    24.4384 0.0000e+00
 241.595139      1.936  37.081195    11.9381     7.3422      1.920    32.2196    24.4420 0.0000e+00
 241.595145      2.165  37.074561    11.9296     7.3448      2.147    32.2205    24.4442 0.0000e+00
 241.595150      2.436  37.070815    11.9215     7.3668      2.416    32.2238    24.4483 0.0000e+00
 241.595156      2.746  37.065433    11.9064     7.3737      2.723    32.2315    24.4571 0.0000e+00
 241.595162      3.091  37.052270    11.8834     7.3935      3.065    32.2385    24.4668 0.0000e+00
 241.595168      3.462  37.036648    11.8640     7.4028      3.433    32.2401    24.4715 0.0000e+00
 241.595174      3.845  37.027890    11.8550     7.3952      3.813    32.2392    24.4726 0.0000e+00
 241.595179      4.225  37.026547    11.8527     7.3615      4.190    32.2397    24.4734 0.0000e+00
 241.595185      4.596  37.027375    11.8520     7.2956      4.558    32.2410    24.4745 0.0000e+00
 241.595191      4.961  37.026910    11.8496     7.2654      4.920    32.2425    24.4761 0.0000e+00
 241.595197      5.326  37.024446    11.8423     7.2664      5.281    32.2463    24.4804 0.0000e+00
 241.595203      5.697  37.018850    11.8242     7.2787      5.649    32.2564    24.4916 0.0000e+00
 241.595208      6.076  37.005373    11.7838     7.2852      6.025    32.2782    24.5160 0.0000e+00
 241.595214      6.456  36.971559    11.7087     7.2554      6.402    32.3105    24.5549 0.0000e+00
