data/oxygen options/OCNMS/OCNMS1/raw_data/2012/CAST_TH042_120921faed.cnv
* Sea-Bird SBE19 Data File:
* FileName = C:\Documents and Settings\OCNMS\Desktop\2012 mooring data\Hypoxia Sampling\120920\CAST_TH042_120921.hex
* Software Version 1.25
* Temperature SN = 2997
* Conductivity SN = 2997
* System UpLoad Time = Sep 21 2012 15:09:59
** CAST_TH042_120921
* SEACAT PROFILER V3.1c SN 2997   09/21/12  15:07:25.626
# nquan = 9                                 
# nvalues = 1449                        
# units = specified
# name 0 = timeJ: Julian Days
# name 1 = prSM: Pressure, Strain Gauge [db]
# name 2 = c0mS/cm: Conductivity [mS/cm]
# name 3 = t090C: Temperature [ITS-90, deg C]
# name 4 = sbeox0ML/L: Oxygen, SBE 43 [ml/l]
# name 5 = depSM: Depth [salt water, m], lat = 47.5
# name 6 = sal00: Salinity, Practical [PSU]
# name 7 = sigma-é00: Density [sigma-theta, kg/m^3]
# name 8 = flag: flag
# span 0 = 265.481690, 265.490069       
# span 1 =     -5.207,     43.128       
# span 2 =   0.121443,  37.900545       
# span 3 =     7.5832,    13.9863       
# span 4 =    -1.7779,    14.0484       
# span 5 =     -5.164,     42.764       
# span 6 =     0.0745,    33.5206       
# span 7 =    -0.6910,    26.1700       
# span 8 = 0.0000e+00, 0.0000e+00       
# interval = seconds: 0.5
# start_time = Sep 21 2012 11:33:38 [Instrument's time stamp, header]
# bad_flag = -9.990e-29
*END*
[from data line 321]
 265.483547     -0.681   0.149799    13.8523    -1.7754     -0.675     0.0916    -0.6623 -9.990e-29
 265.483553     -0.678   0.149258    13.8577    -1.7755     -0.672     0.0913    -0.6633 -9.990e-29
 265.483559     -0.675   0.148893    13.8605    -1.7758     -0.669     0.0911    -0.6638 -9.990e-29
 265.483565     -0.670   0.148771    13.8623    -1.7758     -0.664     0.0910    -0.6641 -9.990e-29
 265.483571     -0.663   0.148730    13.8641    -1.7760     -0.657     0.0910    -0.6644 -9.990e-29
 265.483576     -0.655   0.148715    13.8662    -1.7762     -0.650     0.0910    -0.6647 -9.990e-29
 265.483582     -0.649   0.148705    13.8686    -1.7761     -0.644     0.0909    -0.6650 -9.990e-29
 265.483588     -0.648   0.148689    13.8706    -1.7759     -0.643     0.0909    -0.6653 -9.990e-29
 265.483594     -0.649   0.148646    13.8708    -1.7759     -0.644     0.0909    -0.6654 -9.990e-29
 265.483600     -0.647   0.148519    13.8686    -1.7757     -0.642     0.0908    -0.6651 -9.990e-29
 265.483605     -0.642   0.148138    13.8649    -1.7755     -0.637     0.0906    -0.6648 -9.990e-29
 265.483611     -0.635   0.147548    13.8612    -1.7754     -0.630     0.0903    -0.6646 -9.990e-29
 265.483617     -0.623   0.147069    13.8582    -1.7752     -0.618     0.0900    -0.6644 -9.990e-29
 265.483623     -0.607   0.146618    13.8556    -1.7750     -0.602     0.0897    -0.6642 -9.990e-29
 265.483628     -0.590   0.146147    13.8535    -1.7752     -0.585     0.0894    -0.6641 -9.990e-29
 265.483634     -0.580   0.146133    13.8535    -1.7752     -0.575     0.0894    -0.6642 -9.990e-29
 265.483640     -0.575   0.146558    13.8557    -1.7754     -0.570     0.0897    -0.6643 -9.990e-29
 265.483646     -0.567   0.146884    13.8590    -1.7756     -0.562     0.0899    -0.6646 -9.990e-29
 265.483652     -0.555   0.146991    13.8629    -1.7758     -0.550     0.0899    -0.6651 -9.990e-29
 265.483657     -0.548   0.147023    13.8668    -1.7759     -0.543     0.0899    -0.6656 -9.990e-29
 265.483663     -0.545   0.147021    13.8707    -1.7760     -0.540     0.0899    -0.6661 -9.990e-29
 265.483669     -0.540   0.146984    13.8741    -1.7761     -0.535     0.0899    -0.6666 -9.990e-29
 265.483675     -0.539   0.146862    13.8760    -1.7764     -0.535     0.0898    -0.6669 -9.990e-29
 265.483681     -0.541   0.146494    13.8756    -1.7764     -0.536     0.0896    -0.6671 -9.990e-29
 265.483686     -0.542   0.145940    13.8734    -1.7766     -0.537     0.0893    -0.6670 -9.990e-29
 265.483692     -0.542   0.145569    13.8696    -1.7768     -0.537     0.0891    -0.6667 -9.990e-29
 265.483698     -0.541   0.145442    13.8648    -1.7767     -0.536     0.0890    -0.6660 -9.990e-29
 265.483704     -0.539   0.145389    13.8605    -1.7767     -0.535     0.0890    -0.6655 -9.990e-29
 265.483709     -0.535   0.145338    13.8572    -1.7767     -0.531     0.0889    -0.6650 -9.990e-29
 265.483715     -0.531   0.145224    13.8545    -1.7763     -0.527     0.0889    -0.6647 -9.990e-29
 265.483721     -0.524   0.144893    13.8513    -1.7760     -0.520     0.0887    -0.6644 -9.990e-29
 265.483727     -0.520   0.144457    13.8472    -1.7759     -0.516     0.0884    -0.6641 -9.990e-29
 265.483733     -0.523   0.144444    13.8431    -1.7758     -0.519     0.0884    -0.6635 -9.990e-29
 265.483738     -0.527   0.144835    13.8397    -1.7758     -0.523     0.0887    -0.6628 -9.990e-29
 265.483744     -0.530   0.145044    13.8373    -1.7757     -0.526     0.0888    -0.6624 -9.990e-29
 265.483750     -0.535   0.144798    13.8363    -1.7757     -0.531     0.0886    -0.6624 -9.990e-29
 265.483756     -0.543   0.144320    13.8370    -1.7758     -0.538     0.0884    -0.6627 -9.990e-29
 265.483762     -0.541   0.144081    13.8408    -1.7760     -0.536     0.0882    -0.6634 -9.990e-29
 265.483767     -0.526   0.144317    13.8473    -1.7761     -0.522     0.0883    -0.6641 -9.990e-29
 265.483773     -0.508   0.144790    13.8534    -1.7762     -0.504     0.0886    -0.6648 -9.990e-29
 265.483779     -0.496   0.145022    13.8573    -1.7763     -0.492     0.0887    -0.6652 -9.990e-29
 265.483785     -0.489   0.144772    13.8597    -1.7763     -0.485     0.0886    -0.6657 -9.990e-29
 265.483791     -0.486   0.144257    13.8612    -1.7763     -0.482     0.0883    -0.6661 -9.990e-29
 265.483796     -0.487   0.143900    13.8619    -1.7762     -0.483     0.0881    -0.6664 -9.990e-29
 265.483802     -0.492   0.143778    13.8613    -1.7763     -0.488     0.0880    -0.6663 -9.990e-29
 265.483808     -0.502   0.143726    13.8586    -1.7766     -0.498     0.0880    -0.6660 -9.990e-29
 265.483814     -0.512   0.143677    13.8550    -1.7768     -0.508     0.0879    -0.6655 -9.990e-29
 265.483819     -0.515   0.143564    13.8523    -1.7771     -0.511     0.0879    -0.6652 -9.990e-29
 265.483825     -0.507   0.143234    13.8507    -1.7773     -0.503     0.0877    -0.6651 -9.990e-29
 265.483831     -0.491   0.142802    13.8497    -1.7774     -0.487     0.0874    -0.6652 -9.990e-29
 265.483837     -0.476   0.142798    13.8491    -1.7774     -0.472     0.0874    -0.6651 -9.990e-29
 265.483843     -0.464   0.143215    13.8488    -1.7774     -0.460     0.0877    -0.6649 -9.990e-29
 265.483848     -0.454   0.143503    13.8480    -1.7773     -0.450     0.0878    -0.6646 -9.990e-29
 265.483854     -0.447   0.143489    13.8455    -1.7771     -0.443     0.0878    -0.6643 -9.990e-29
 265.483860     -0.441   0.143157    13.8407    -1.7769     -0.437     0.0877    -0.6638 -9.990e-29
 265.483866     -0.437   0.142616    13.8347    -1.7767     -0.433     0.0873    -0.6632 -9.990e-29
 265.483872     -0.433   0.142252    13.8290    -1.7766     -0.429     0.0871    -0.6626 -9.990e-29
 265.483877     -0.431   0.142131    13.8247    -1.7767     -0.427     0.0871    -0.6620 -9.990e-29
 265.483883     -0.428   0.142091    13.8221    -1.7767     -0.424     0.0870    -0.6617 -9.990e-29
 265.483889     -0.427   0.142078    13.8211    -1.7769     -0.423     0.0870    -0.6616 -9.990e-29
 265.483895     -0.425   0.142074    13.8219    -1.7771     -0.421     0.0870    -0.6617 -9.990e-29
 265.483900     -0.424   0.142073    13.8244    -1.7773     -0.420     0.0870    -0.6620 -9.990e-29
 265.483906     -0.422   0.142073    13.8281    -1.7773     -0.418     0.0870    -0.6625 -9.990e-29
 265.483912     -0.421   0.142073    13.8323    -1.7772     -0.417     0.0870    -0.6631 -9.990e-29
 265.483918     -0.420   0.142073    13.8360    -1.7772     -0.416     0.0870    -0.6636 -9.990e-29
 265.483924     -0.419   0.142072    13.8378    -1.7770     -0.416     0.0870    -0.6639 -9.990e-29
 265.483929     -0.417   0.142068    13.8374    -1.7771     -0.414     0.0870    -0.6638 -9.990e-29
 265.483935     -0.416   0.142055    13.8354    -1.7770     -0.413     0.0870    -0.6636 -9.990e-29
 265.483941     -0.413   0.142016    13.8321    -1.7770     -0.410     0.0870    -0.6631 -9.990e-29
 265.483947     -0.410   0.141898    13.8282    -1.7769     -0.407     0.0869    -0.6626 -9.990e-29
 265.483953     -0.407   0.141543    13.8254    -1.7770     -0.404     0.0867    -0.6624 -9.990e-29
 265.483958     -0.402   0.141029    13.8245    -1.7770     -0.399     0.0864    -0.6625 -9.990e-29
 265.483964     -0.396   0.140779    13.8252    -1.7772     -0.393     0.0862    -0.6627 -9.990e-29
 265.483970     -0.389   0.141012    13.8266    -1.7771     -0.386     0.0864    -0.6628 -9.990e-29
 265.483976     -0.384   0.141484    13.8279    -1.7773     -0.381     0.0867    -0.6628 -9.990e-29
 265.483981     -0.385   0.141716    13.8289    -1.7774     -0.382     0.0868    -0.6628 -9.990e-29
 265.483987     -0.388   0.141466    13.8299    -1.7774     -0.385     0.0867    -0.6631 -9.990e-29
 265.483993     -0.388   0.140953    13.8310    -1.7776     -0.385     0.0863    -0.6635 -9.990e-29
 265.483999     -0.387   0.140599    13.8317    -1.7777     -0.384     0.0861    -0.6637 -9.990e-29
 265.484005     -0.383   0.140484    13.8312    -1.7778     -0.380     0.0861    -0.6637 -9.990e-29
 265.484010     -0.377   0.140454    13.8298    -1.7779     -0.374     0.0860    -0.6635 -9.990e-29
 265.484016     -0.368   0.140468    13.8282    -1.7778     -0.365     0.0861    -0.6633 -9.990e-29
 265.484022     -0.360   0.140545    13.8263    -1.7776     -0.357     0.0861    -0.6630 -9.990e-29
 265.484028     -0.357   0.140786    13.8239    -1.7775     -0.354     0.0863    -0.6626 -9.990e-29
 265.484034     -0.353   0.140957    13.8214    -1.7774     -0.350     0.0864    -0.6621 -9.990e-29
 265.484039     -0.350   0.140733    13.8189    -1.7772     -0.347     0.0862    -0.6619 -9.990e-29
 265.484045     -0.350   0.140369    13.8159    -1.7770     -0.347     0.0860    -0.6616 -9.990e-29
 265.484051     -0.350   0.139932    13.8130    -1.7768     -0.347     0.0858    -0.6615 -9.990e-29
 265.484057     -0.345   0.139391    13.8112    -1.7766     -0.342     0.0854    -0.6615 -9.990e-29
 265.484062     -0.336   0.139132    13.8113    -1.7765     -0.333     0.0853    -0.6616 -9.990e-29
 265.484068     -0.326   0.139362    13.8131    -1.7766     -0.323     0.0854    -0.6617 -9.990e-29
 265.484074     -0.322   0.139834    13.8156    -1.7768     -0.319     0.0857    -0.6619 -9.990e-29
 265.484080     -0.324   0.140071    13.8185    -1.7769     -0.321     0.0858    -0.6621 -9.990e-29
 265.484086     -0.325   0.139833    13.8221    -1.7771     -0.322     0.0857    -0.6628 -9.990e-29
 265.484091     -0.323   0.139356    13.8263    -1.7774     -0.320     0.0854    -0.6636 -9.990e-29
 265.484097     -0.324   0.139110    13.8309    -1.7775     -0.321     0.0852    -0.6643 -9.990e-29
 265.484103     -0.323   0.139320    13.8355    -1.7776     -0.320     0.0853    -0.6649 -9.990e-29
 265.484109     -0.316   0.139711    13.8392    -1.7774     -0.313     0.0856    -0.6652 -9.990e-29
 265.484115     -0.301   0.139698    13.8412    -1.7771     -0.298     0.0856    -0.6655 -9.990e-29
 265.484120     -0.284   0.139263    13.8405    -1.7770     -0.282     0.0853    -0.6656 -9.990e-29
 265.484126     -0.271   0.138931    13.8372    -1.7767     -0.269     0.0851    -0.6653 -9.990e-29
 265.484132     -0.265   0.138812    13.8327    -1.7767     -0.263     0.0850    -0.6647 -9.990e-29
 265.484138     -0.261   0.138748    13.8282    -1.7765     -0.259     0.0850    -0.6641 -9.990e-29
 265.484144     -0.252   0.138653    13.8244    -1.7764     -0.250     0.0850    -0.6636 -9.990e-29
 265.484149     -0.237   0.138399    13.8218    -1.7762     -0.235     0.0848    -0.6634 -9.990e-29
 265.484155     -0.222   0.138200    13.8214    -1.7760     -0.220     0.0847    -0.6634 -9.990e-29
 265.484161     -0.212   0.138345    13.8239    -1.7757     -0.210     0.0848    -0.6637 -9.990e-29
 265.484167     -0.206   0.138473    13.8284    -1.7754     -0.204     0.0849    -0.6643 -9.990e-29
 265.484172     -0.203   0.138200    13.8332    -1.7754     -0.201     0.0847    -0.6651 -9.990e-29
 265.484178     -0.203   0.137715    13.8373    -1.7756     -0.201     0.0844    -0.6659 -9.990e-29
 265.484184     -0.202   0.137477    13.8410    -1.7758     -0.200     0.0842    -0.6665 -9.990e-29
 265.484190     -0.196   0.137722    13.8447    -1.7760     -0.194     0.0844    -0.6669 -9.990e-29
 265.484196     -0.189   0.138222    13.8487    -1.7763     -0.187     0.0847    -0.6672 -9.990e-29
 265.484201     -0.183   0.138537    13.8533    -1.7765     -0.181     0.0848    -0.6677 -9.990e-29
 265.484207     -0.179   0.138533    13.8586    -1.7766     -0.178     0.0848    -0.6684 -9.990e-29
 265.484213     -0.178   0.138204    13.8641    -1.7768     -0.177     0.0846    -0.6693 -9.990e-29
 265.484219     -0.177   0.137664    13.8681    -1.7769     -0.176     0.0843    -0.6702 -9.990e-29
 265.484225     -0.178   0.137300    13.8689    -1.7769     -0.177     0.0841    -0.6704 -9.990e-29
 265.484230     -0.181   0.137177    13.8664    -1.7769     -0.179     0.0840    -0.6701 -9.990e-29
 265.484236     -0.185   0.137133    13.8621    -1.7768     -0.183     0.0840    -0.6696 -9.990e-29
 265.484242     -0.191   0.137106    13.8566    -1.7764     -0.189     0.0840    -0.6688 -9.990e-29
 265.484248     -0.200   0.137061    13.8511    -1.7760     -0.198     0.0840    -0.6681 -9.990e-29
 265.484253     -0.208   0.136937    13.8466    -1.7757     -0.206     0.0839    -0.6675 -9.990e-29
 265.484259     -0.211   0.136569    13.8427    -1.7755     -0.209     0.0837    -0.6671 -9.990e-29
 265.484265     -0.209   0.136017    13.8392    -1.7753     -0.207     0.0834    -0.6669 -9.990e-29
 265.484271     -0.201   0.135652    13.8370    -1.7750     -0.199     0.0831    -0.6668 -9.990e-29
 265.484277     -0.193   0.135540    13.8366    -1.7748     -0.191     0.0831    -0.6668 -9.990e-29
 265.484282     -0.187   0.135532    13.8382    -1.7750     -0.185     0.0831    -0.6670 -9.990e-29
 265.484288     -0.183   0.135614    13.8423    -1.7753     -0.181     0.0831    -0.6675 -9.990e-29
 265.484294     -0.181   0.135896    13.8490    -1.7753     -0.179     0.0833    -0.6683 -9.990e-29
 265.484300     -0.181   0.136201    13.8567    -1.7752     -0.179     0.0834    -0.6693 -9.990e-29
 265.484306     -0.183   0.136381    13.8635    -1.7751     -0.181     0.0835    -0.6701 -9.990e-29
 265.484311     -0.187   0.136675    13.8694    -1.7753     -0.185     0.0837    -0.6708 -9.990e-29
 265.484317     -0.189   0.136921    13.8753    -1.7752     -0.187     0.0838    -0.6715 -9.990e-29
 265.484323     -0.184   0.136894    13.8809    -1.7750     -0.182     0.0838    -0.6723 -9.990e-29
 265.484329     -0.177   0.136556    13.8839    -1.7748     -0.176     0.0836    -0.6729 -9.990e-29
 265.484334     -0.172   0.136009    13.8828    -1.7745     -0.171     0.0833    -0.6730 -9.990e-29
 265.484340     -0.168   0.135631    13.8798    -1.7741     -0.167     0.0830    -0.6727 -9.990e-29
 265.484346     -0.164   0.135469    13.8783    -1.7739     -0.163     0.0830    -0.6726 -9.990e-29
 265.484352     -0.162   0.135307    13.8787    -1.7738     -0.161     0.0829    -0.6727 -9.990e-29
 265.484358     -0.160   0.134929    13.8794    -1.7736     -0.159     0.0826    -0.6730 -9.990e-29
 265.484363     -0.158   0.134385    13.8800    -1.7736     -0.157     0.0823    -0.6733 -9.990e-29
 265.484369     -0.157   0.134056    13.8820    -1.7737     -0.156     0.0821    -0.6738 -9.990e-29
 265.484375     -0.156   0.134056    13.8858    -1.7740     -0.155     0.0821    -0.6743 -9.990e-29
 265.484381     -0.155   0.134384    13.8910    -1.7742     -0.154     0.0823    -0.6749 -9.990e-29
 265.484387     -0.155   0.134924    13.8974    -1.7745     -0.154     0.0826    -0.6755 -9.990e-29
 265.484392     -0.154   0.135288    13.9043    -1.7748     -0.153     0.0828    -0.6763 -9.990e-29
 265.484398     -0.154   0.135405    13.9101    -1.7750     -0.153     0.0829    -0.6771 -9.990e-29
 265.484404     -0.154   0.135433    13.9145    -1.7753     -0.153     0.0829    -0.6777 -9.990e-29
 265.484410     -0.154   0.135406    13.9172    -1.7755     -0.153     0.0828    -0.6780 -9.990e-29
 265.484416     -0.154   0.135288    13.9175    -1.7755     -0.153     0.0828    -0.6781 -9.990e-29
 265.484421     -0.153   0.134921    13.9148    -1.7755     -0.152     0.0826    -0.6779 -9.990e-29
 265.484427     -0.153   0.134368    13.9098    -1.7754     -0.152     0.0822    -0.6775 -9.990e-29
 265.484433     -0.153   0.134000    13.9038    -1.7753     -0.152     0.0820    -0.6768 -9.990e-29
 265.484439     -0.153   0.133877    13.8973    -1.7752     -0.152     0.0820    -0.6760 -9.990e-29
 265.484444     -0.153   0.133837    13.8904    -1.7751     -0.152     0.0820    -0.6750 -9.990e-29
 265.484450     -0.153   0.133823    13.8841    -1.7748     -0.152     0.0820    -0.6742 -9.990e-29
 265.484456     -0.153   0.133819    13.8787    -1.7745     -0.152     0.0820    -0.6734 -9.990e-29
 265.484462     -0.153   0.133818    13.8748    -1.7743     -0.152     0.0820    -0.6729 -9.990e-29
