data/oxygen options/OCNMS/OCNMS1/raw_data/2012/CAST_KL050_120906faed.cnv
* Sea-Bird SBE19 Data File:
* FileName = C:\Documents and Settings\OCNMS\Desktop\2012 mooring data\Hypoxia Sampling\CAST_KL050_120906.hex
* Software Version 1.25
* Temperature SN = 2997
* Conductivity SN = 2997
* System UpLoad Time = Sep 06 2012 11:39:53
** CAST_KL050_120906
* SEACAT PROFILER V3.1c SN 2997   09/06/12  11:38:40.011
# nquan = 9                                 
# nvalues = 1234                        
# units = specified
# name 0 = timeJ: Julian Days
# name 1 = prSM: Pressure, Strain Gauge [db]
# name 2 = c0mS/cm: Conductivity [mS/cm]
# name 3 = t090C: Temperature [ITS-90, deg C]
# name 4 = sbeox0ML/L: Oxygen, SBE 43 [ml/l]
# name 5 = depSM: Depth [salt water, m], lat = 47.5
# name 6 = sal00: Salinity, Practical [PSU]
# name 7 = sigma-é00: Density [sigma-theta, kg/m^3]
# name 8 = flag: flag
# span 0 = 250.416192, 250.423328       
# span 1 =     -5.234,     50.541       
# span 2 =   0.123948,  37.396735       
# span 3 =     7.3150,    12.1005       
# span 4 =   -14.2996,    15.7822       
# span 5 =     -5.190,     50.113       
# span 6 =     0.0795,    33.7111       
# span 7 =    -0.4132,    26.3605       
# span 8 = 0.0000e+00, 0.0000e+00       
# interval = seconds: 0.5
# start_time = Sep 06 2012 09:59:19 [Instrument's time stamp, header]
# bad_flag = -9.990e-29
*END*
[from data line 641]
 250.419902      1.253  37.286815    11.9504     6.5251      1.243    32.4081    24.5859 -9.990e-29
 250.419907      1.256  37.291755    11.9555     6.5369      1.246    32.4084    24.5852 -9.990e-29
 250.419913      1.262  37.293905    11.9556     6.5693      1.251    32.4104    24.5868 -9.990e-29
 250.419919      1.273  37.291663    11.9508     6.6097      1.262    32.4124    24.5892 -9.990e-29
 250.419925      1.289  37.284294    11.9441     6.6320      1.278    32.4111    24.5894 -9.990e-29
 250.419931      1.306  37.278236    11.9417     6.6335      1.295    32.4073    24.5869 -9.990e-29
 250.419936      1.318  37.281670    11.9464     6.6202      1.307    32.4065    24.5855 -9.990e-29
 250.419942      1.320  37.293022    11.9567     6.6079      1.309    32.4086    24.5851 -9.990e-29
 250.419948      1.318  37.307272    11.9691     6.6000      1.307    32.4116    24.5851 -9.990e-29
 250.419954      1.315  37.321581    11.9798     6.5903      1.304    32.4161    24.5867 -9.990e-29
 250.419959      1.307  37.330952    11.9861     6.5781      1.296    32.4197    24.5883 -9.990e-29
 250.419965      1.294  37.333327    11.9861     6.5657      1.283    32.4220    24.5901 -9.990e-29
 250.419971      1.282  37.330209    11.9827     6.5574      1.271    32.4219    24.5907 -9.990e-29
 250.419977      1.276  37.324177    11.9824     6.5665      1.265    32.4163    24.5864 -9.990e-29
 250.419983      1.275  37.320651    11.9850     6.5783      1.264    32.4107    24.5815 -9.990e-29
 250.419988      1.275  37.319982    11.9859     6.5904      1.264    32.4092    24.5802 -9.990e-29
 250.419994      1.272  37.318491    11.9827     6.5931      1.261    32.4106    24.5819 -9.990e-29
 250.420000      1.270  37.314765    11.9750     6.5898      1.259    32.4137    24.5857 -9.990e-29
 250.420006      1.272  37.308331    11.9662     6.6067      1.261    32.4151    24.5885 -9.990e-29
 250.420012      1.279  37.301268    11.9609     6.6167      1.268    32.4129    24.5877 -9.990e-29
 250.420017      1.287  37.297058    11.9613     6.6181      1.276    32.4085    24.5842 -9.990e-29
 250.420023      1.293  37.298504    11.9666     6.6137      1.282    32.4053    24.5807 -9.990e-29
 250.420029      1.301  37.305864    11.9743     6.6025      1.290    32.4057    24.5796 -9.990e-29
 250.420035      1.311  37.314958    11.9821     6.5915      1.300    32.4077    24.5797 -9.990e-29
 250.420041      1.316  37.322237    11.9880     6.5748      1.305    32.4096    24.5801 -9.990e-29
 250.420046      1.311  37.327336    11.9899     6.5583      1.300    32.4129    24.5823 -9.990e-29
 250.420052      1.301  37.328664    11.9861     6.5502      1.290    32.4175    24.5866 -9.990e-29
 250.420058      1.294  37.322963    11.9781     6.5544      1.283    32.4189    24.5892 -9.990e-29
 250.420064      1.293  37.312732    11.9704     6.5701      1.282    32.4157    24.5881 -9.990e-29
 250.420069      1.294  37.304514    11.9653     6.5942      1.283    32.4122    24.5864 -9.990e-29
 250.420075      1.293  37.300247    11.9621     6.6087      1.282    32.4109    24.5859 -9.990e-29
 250.420081      1.293  37.299858    11.9622     6.6106      1.282    32.4104    24.5855 -9.990e-29
 250.420087      1.300  37.302840    11.9672     6.6060      1.289    32.4089    24.5835 -9.990e-29
 250.420093      1.310  37.307581    11.9741     6.5971      1.299    32.4075    24.5811 -9.990e-29
 250.420098      1.318  37.311450    11.9779     6.5869      1.307    32.4079    24.5807 -9.990e-29
 250.420104      1.326  37.312335    11.9787     6.5764      1.315    32.4081    24.5807 -9.990e-29
 250.420110      1.329  37.313112    11.9803     6.5594      1.318    32.4075    24.5799 -9.990e-29
 250.420116      1.328  37.315951    11.9821     6.5425      1.317    32.4086    24.5805 -9.990e-29
 250.420122      1.331  37.316806    11.9798     6.5362      1.320    32.4115    24.5831 -9.990e-29
 250.420127      1.343  37.311230    11.9715     6.5466      1.332    32.4133    24.5860 -9.990e-29
 250.420133      1.361  37.303008    11.9607     6.5656      1.350    32.4147    24.5892 -9.990e-29
 250.420139      1.376  37.298556    11.9531     6.6003      1.365    32.4170    24.5924 -9.990e-29
 250.420145      1.385  37.295873    11.9512     6.6214      1.373    32.4161    24.5920 -9.990e-29
 250.420150      1.389  37.294194    11.9547     6.6175      1.377    32.4114    24.5877 -9.990e-29
 250.420156      1.389  37.298014    11.9636     6.6151      1.377    32.4074    24.5829 -9.990e-29
 250.420162      1.384  37.307399    11.9759     6.5927      1.372    32.4057    24.5794 -9.990e-29
 250.420168      1.374  37.318627    11.9885     6.5789      1.363    32.4056    24.5770 -9.990e-29
 250.420174      1.363  37.328195    11.9993     6.5773      1.352    32.4055    24.5748 -9.990e-29
 250.420179      1.354  37.333748    12.0053     6.5625      1.343    32.4057    24.5738 -9.990e-29
 250.420185      1.342  37.333741    12.0006     6.5716      1.331    32.4097    24.5779 -9.990e-29
 250.420191      1.327  37.324820    11.9858     6.5699      1.316    32.4140    24.5839 -9.990e-29
 250.420197      1.316  37.309111    11.9743     6.5731      1.305    32.4088    24.5821 -9.990e-29
 250.420203      1.312  37.300420    11.9738     6.5822      1.301    32.4008    24.5760 -9.990e-29
 250.420208      1.316  37.303974    11.9750     6.5727      1.305    32.4032    24.5776 -9.990e-29
 250.420214      1.328  37.307715    11.9687     6.5799      1.317    32.4123    24.5858 -9.990e-29
 250.420220      1.344  37.302640    11.9561     6.5656      1.333    32.4184    24.5929 -9.990e-29
 250.420226      1.357  37.293202    11.9461     6.5553      1.346    32.4179    24.5944 -9.990e-29
 250.420231      1.362  37.289798    11.9465     6.5539      1.351    32.4143    24.5915 -9.990e-29
 250.420237      1.366  37.295743    11.9540     6.5616      1.355    32.4135    24.5895 -9.990e-29
 250.420243      1.373  37.302727    11.9581     6.5782      1.362    32.4167    24.5912 -9.990e-29
 250.420249      1.378  37.301028    11.9522     6.5776      1.366    32.4202    24.5950 -9.990e-29
 250.420255      1.381  37.288957    11.9411     6.5814      1.369    32.4182    24.5955 -9.990e-29
 250.420260      1.388  37.275085    11.9356     6.5659      1.376    32.4095    24.5898 -9.990e-29
 250.420266      1.395  37.272862    11.9404     6.5801      1.383    32.4032    24.5840 -9.990e-29
 250.420272      1.397  37.284378    11.9522     6.5796      1.385    32.4041    24.5825 -9.990e-29
 250.420278      1.395  37.297545    11.9645     6.5976      1.383    32.4061    24.5818 -9.990e-29
 250.420284      1.389  37.305843    11.9719     6.6029      1.377    32.4077    24.5816 -9.990e-29
 250.420289      1.378  37.311387    11.9728     6.5960      1.366    32.4123    24.5850 -9.990e-29
 250.420295      1.366  37.312620    11.9697     6.5888      1.355    32.4162    24.5886 -9.990e-29
 250.420301      1.360  37.310080    11.9648     6.5713      1.349    32.4180    24.5909 -9.990e-29
 250.420307      1.365  37.306557    11.9591     6.5565      1.354    32.4195    24.5932 -9.990e-29
 250.420312      1.377  37.305211    11.9565     6.5483      1.366    32.4205    24.5944 -9.990e-29
 250.420318      1.387  37.307623    11.9581     6.5403      1.375    32.4214    24.5949 -9.990e-29
 250.420324      1.393  37.308054    11.9606     6.5504      1.381    32.4197    24.5930 -9.990e-29
 250.420330      1.394  37.307653    11.9633     6.5607      1.382    32.4169    24.5904 -9.990e-29
 250.420336      1.391  37.309819    11.9652     6.5673      1.379    32.4174    24.5904 -9.990e-29
 250.420341      1.388  37.311852    11.9650     6.5580      1.376    32.4195    24.5921 -9.990e-29
 250.420347      1.389  37.310314    11.9626     6.5371      1.377    32.4201    24.5930 -9.990e-29
 250.420353      1.389  37.301486    11.9581     6.5202      1.377    32.4155    24.5903 -9.990e-29
 250.420359      1.384  37.290981    11.9533     6.5282      1.372    32.4095    24.5865 -9.990e-29
 250.420365      1.378  37.287214    11.9478     6.5405      1.366    32.4107    24.5884 -9.990e-29
 250.420370      1.376  37.286857    11.9406     6.5630      1.365    32.4166    24.5943 -9.990e-29
 250.420376      1.373  37.284965    11.9350     6.5567      1.362    32.4196    24.5977 -9.990e-29
 250.420382      1.368  37.282388    11.9322     6.5572      1.357    32.4196    24.5982 -9.990e-29
 250.420388      1.365  37.280367    11.9313     6.5568      1.354    32.4184    24.5975 -9.990e-29
 250.420394      1.365  37.279576    11.9331     6.5676      1.354    32.4161    24.5953 -9.990e-29
 250.420399      1.372  37.281944    11.9371     6.5623      1.361    32.4149    24.5937 -9.990e-29
 250.420405      1.385  37.286698    11.9396     6.5554      1.373    32.4173    24.5951 -9.990e-29
 250.420411      1.398  37.288027    11.9377     6.5519      1.386    32.4202    24.5977 -9.990e-29
 250.420417      1.406  37.283209    11.9337     6.5473      1.394    32.4190    24.5975 -9.990e-29
 250.420422      1.411  37.278137    11.9324     6.5603      1.399    32.4153    24.5948 -9.990e-29
 250.420428      1.413  37.280042    11.9339     6.5485      1.401    32.4158    24.5950 -9.990e-29
 250.420434      1.412  37.285849    11.9342     6.5519      1.400    32.4212    24.5991 -9.990e-29
 250.420440      1.407  37.287042    11.9315     6.5258      1.395    32.4247    24.6023 -9.990e-29
 250.420446      1.403  37.281281    11.9278     6.5331      1.391    32.4223    24.6012 -9.990e-29
 250.420451      1.404  37.274878    11.9257     6.5479      1.392    32.4179    24.5982 -9.990e-29
 250.420457      1.406  37.273851    11.9261     6.5522      1.394    32.4166    24.5970 -9.990e-29
 250.420463      1.408  37.276821    11.9294     6.5483      1.396    32.4166    24.5964 -9.990e-29
 250.420469      1.415  37.281011    11.9346     6.5155      1.403    32.4161    24.5951 -9.990e-29
 250.420475      1.424  37.284715    11.9391     6.5273      1.412    32.4158    24.5940 -9.990e-29
 250.420480      1.430  37.286138    11.9411     6.5357      1.418    32.4154    24.5934 -9.990e-29
 250.420486      1.434  37.284364    11.9406     6.5613      1.422    32.4141    24.5925 -9.990e-29
 250.420492      1.436  37.282060    11.9388     6.5826      1.424    32.4135    24.5923 -9.990e-29
 250.420498      1.437  37.280627    11.9373     6.5757      1.425    32.4134    24.5925 -9.990e-29
 250.420503      1.436  37.278701    11.9370     6.5787      1.424    32.4118    24.5913 -9.990e-29
 250.420509      1.433  37.277625    11.9381     6.5702      1.421    32.4098    24.5895 -9.990e-29
 250.420515      1.428  37.279315    11.9405     6.5638      1.416    32.4093    24.5888 -9.990e-29
 250.420521      1.421  37.283773    11.9434     6.5696      1.409    32.4111    24.5896 -9.990e-29
 250.420527      1.411  37.289647    11.9451     6.5615      1.399    32.4153    24.5926 -9.990e-29
 250.420532      1.402  37.294673    11.9447     6.5733      1.390    32.4206    24.5967 -9.990e-29
 250.420538      1.403  37.295460    11.9432     6.5671      1.391    32.4226    24.5986 -9.990e-29
 250.420544      1.412  37.293605    11.9430     6.5551      1.400    32.4210    24.5973 -9.990e-29
 250.420550      1.422  37.293909    11.9445     6.5620      1.410    32.4200    24.5963 -9.990e-29
 250.420556      1.430  37.296202    11.9468     6.5676      1.418    32.4202    24.5960 -9.990e-29
 250.420561      1.435  37.298488    11.9485     6.5689      1.423    32.4209    24.5963 -9.990e-29
 250.420567      1.439  37.299883    11.9484     6.5686      1.427    32.4224    24.5974 -9.990e-29
 250.420573      1.441  37.299998    11.9472     6.5556      1.429    32.4235    24.5985 -9.990e-29
 250.420579      1.442  37.298412    11.9464     6.5567      1.430    32.4227    24.5980 -9.990e-29
 250.420584      1.441  37.295801    11.9476     6.5667      1.429    32.4191    24.5950 -9.990e-29
 250.420590      1.439  37.294837    11.9517     6.5559      1.427    32.4146    24.5908 -9.990e-29
 250.420596      1.436  37.297025    11.9552     6.5476      1.424    32.4137    24.5894 -9.990e-29
 250.420602      1.431  37.301348    11.9530     6.5277      1.419    32.4198    24.5945 -9.990e-29
 250.420608      1.423  37.300115    11.9447     6.5177      1.411    32.4258    24.6008 -9.990e-29
 250.420613      1.418  37.288870    11.9364     6.5376      1.406    32.4222    24.5995 -9.990e-29
 250.420619      1.418  37.280060    11.9346     6.5539      1.406    32.4152    24.5944 -9.990e-29
 250.420625      1.420  37.282096    11.9406     6.5563      1.408    32.4120    24.5908 -9.990e-29
 250.420631      1.418  37.290395    11.9517     6.5673      1.406    32.4103    24.5874 -9.990e-29
 250.420637      1.419  37.299764    11.9620     6.5748      1.407    32.4104    24.5856 -9.990e-29
 250.420642      1.425  37.306996    11.9677     6.5686      1.413    32.4125    24.5861 -9.990e-29
 250.420648      1.433  37.312761    11.9699     6.5736      1.421    32.4161    24.5885 -9.990e-29
 250.420654      1.439  37.318015    11.9708     6.5795      1.427    32.4204    24.5917 -9.990e-29
 250.420660      1.443  37.321349    11.9715     6.5779      1.431    32.4230    24.5936 -9.990e-29
 250.420666      1.446  37.322713    11.9724     6.5863      1.434    32.4236    24.5939 -9.990e-29
 250.420671      1.448  37.323356    11.9743     6.5960      1.436    32.4225    24.5927 -9.990e-29
 250.420677      1.449  37.324123    11.9776     6.5868      1.437    32.4204    24.5904 -9.990e-29
 250.420683      1.450  37.326024    11.9819     6.5967      1.438    32.4185    24.5882 -9.990e-29
 250.420689      1.449  37.329903    11.9868     6.5861      1.437    32.4180    24.5868 -9.990e-29
 250.420694      1.448  37.335880    11.9918     6.5531      1.436    32.4194    24.5870 -9.990e-29
 250.420700      1.446  37.342389    11.9948     6.5474      1.434    32.4231    24.5893 -9.990e-29
 250.420706      1.442  37.345213    11.9948     6.5564      1.430    32.4258    24.5914 -9.990e-29
 250.420712      1.437  37.343065    11.9938     6.5631      1.425    32.4246    24.5907 -9.990e-29
 250.420718      1.431  37.339793    11.9924     6.5615      1.419    32.4227    24.5894 -9.990e-29
 250.420723      1.427  37.336067    11.9895     6.5620      1.415    32.4216    24.5892 -9.990e-29
 250.420729      1.429  37.329707    11.9859     6.5523      1.417    32.4186    24.5875 -9.990e-29
 250.420735      1.433  37.323990    11.9844     6.5639      1.421    32.4144    24.5845 -9.990e-29
 250.420741      1.436  37.323605    11.9852     6.5907      1.424    32.4133    24.5835 -9.990e-29
 250.420747      1.437  37.325787    11.9849     6.6080      1.425    32.4157    24.5854 -9.990e-29
 250.420752      1.436  37.325027    11.9818     6.5995      1.424    32.4176    24.5875 -9.990e-29
 250.420758      1.433  37.321984    11.9778     6.5750      1.421    32.4182    24.5887 -9.990e-29
 250.420764      1.428  37.319875    11.9740     6.5653      1.416    32.4194    24.5904 -9.990e-29
 250.420770      1.421  37.318115    11.9704     6.5635      1.409    32.4209    24.5921 -9.990e-29
 250.420775      1.416  37.316027    11.9678     6.5665      1.404    32.4211    24.5928 -9.990e-29
 250.420781      1.421  37.314738    11.9662     6.5830      1.409    32.4213    24.5932 -9.990e-29
 250.420787      1.431  37.314758    11.9649     6.5830      1.419    32.4224    24.5943 -9.990e-29
 250.420793      1.435  37.314983    11.9629     6.5843      1.423    32.4244    24.5962 -9.990e-29
 250.420799      1.433  37.313459    11.9603     6.5818      1.421    32.4251    24.5973 -9.990e-29
 250.420804      1.430  37.310945    11.9584     6.5733      1.418    32.4244    24.5971 -9.990e-29
 250.420810      1.428  37.309119    11.9578     6.5784      1.416    32.4231    24.5962 -9.990e-29
 250.420816      1.433  37.308338    11.9585     6.5739      1.421    32.4218    24.5950 -9.990e-29
