data/oxygen options/OCNMS/OCNMS1/raw_data/2012/CAST_MB042_120828faed.cnv
* Sea-Bird SBE19 Data File:
* FileName = C:\Documents and Settings\OCNMS\Desktop\2012 mooring data\2nd service\CAST_MB042_122930.hex
* Software Version 1.25
* Temperature SN = 2997
* Conductivity SN = 2997
* System UpLoad Time = Aug 30 2012 08:54:37
** CAST_MB042_122930
* SEACAT PROFILER V3.1c SN 2997   08/30/12  08:53:21.351
# nquan = 9                                 
# nvalues = 1029                        
# units = specified
# name 0 = timeJ: Julian Days
# name 1 = prSM: Pressure, Strain Gauge [db]
# name 2 = c0mS/cm: Conductivity [mS/cm]
# name 3 = t090C: Temperature [ITS-90, deg C]
# name 4 = sbeox0ML/L: Oxygen, SBE 43 [ml/l]
# name 5 = depSM: Depth [salt water, m], lat = 47.5
# name 6 = sal00: Salinity, Practical [PSU]
# name 7 = sigma-é00: Density [sigma-theta, kg/m^3]
# name 8 = flag: flag
# span 0 = 242.402188, 242.408137       
# span 1 =     -5.497,     35.193       
# span 2 =   0.073146,  37.577322       
# span 3 =     8.1453,    14.4068       
# span 4 =   -13.0608,    18.1813       
# span 5 =     -5.451,     34.896       
# span 6 =     0.0457,    33.1726       
# span 7 =    -0.7736,    25.8165       
# span 8 = 0.0000e+00, 0.0000e+00       
# interval = seconds: 0.5
# start_time = Aug 29 2012 09:39:09 [Instrument's time stamp, header]
# bad_flag = -9.990e-29
*END*
[from data line 801]
 242.406823     16.432  35.573540     9.6643     4.7804     16.294    32.7328    25.2376 0.0000e+00
 242.406829     16.720  35.554041     9.6239     4.7596     16.580    32.7496    25.2573 0.0000e+00
 242.406834     17.015  35.532041     9.5792     4.7294     16.872    32.7677    25.2787 0.0000e+00
 242.406840     17.323  35.506146     9.5292     4.7000     17.178    32.7867    25.3016 0.0000e+00
 242.406846     17.645  35.476487     9.4734     4.6845     17.497    32.8072    25.3266 0.0000e+00
 242.406852     17.982  35.440976     9.4165     4.6719     17.831    32.8226    25.3479 0.0000e+00
 242.406858     18.324  35.401481     9.3723     4.6390     18.170    32.8224    25.3547 0.0000e+00
 242.406863     18.660  35.368559     9.3515     4.5884     18.503    32.8074    25.3463 0.0000e+00
 242.406869     18.979  35.350884     9.3467     4.5225     18.820    32.7934    25.3362 0.0000e+00
 242.406875     19.282  35.344422     9.3354     4.4594     19.120    32.7970    25.3408 0.0000e+00
 242.406881     19.571  35.332097     9.2932     4.4096     19.407    32.8229    25.3678 0.0000e+00
 242.406887     19.851  35.295739     9.2149     4.3657     19.684    32.8572    25.4071 0.0000e+00
 242.406892     20.130  35.238337     9.1217     4.3411     19.961    32.8836    25.4424 0.0000e+00
 242.406898     20.415  35.179054     9.0338     4.3133     20.244    32.9032    25.4715 0.0000e+00
 242.406904     20.706  35.125575     8.9551     4.2990     20.532    32.9203    25.4972 0.0000e+00
 242.406910     21.004  35.075960     8.8869     4.2923     20.828    32.9317    25.5167 0.0000e+00
 242.406916     21.312  35.035665     8.8334     4.2890     21.133    32.9392    25.5309 0.0000e+00
 242.406921     21.627  35.009693     8.7949     4.2973     21.445    32.9477    25.5435 0.0000e+00
 242.406927     21.944  34.993026     8.7687     4.2974     21.760    32.9544    25.5528 0.0000e+00
 242.406933     22.262  34.981856     8.7523     4.2916     22.075    32.9579    25.5580 0.0000e+00
 242.406939     22.579  34.975223     8.7413     4.2743     22.389    32.9610    25.5622 0.0000e+00
 242.406944     22.890  34.970382     8.7316     4.2544     22.698    32.9648    25.5667 0.0000e+00
 242.406950     23.193  34.966418     8.7204     4.2413     22.998    32.9710    25.5732 0.0000e+00
 242.406956     23.491  34.962468     8.7079     4.2092     23.294    32.9784    25.5809 0.0000e+00
 242.406962     23.784  34.959924     8.6972     4.1904     23.584    32.9855    25.5882 0.0000e+00
 242.406968     24.071  34.959256     8.6845     4.1690     23.869    32.9966    25.5988 0.0000e+00
 242.406973     24.349  34.953911     8.6645     4.1666     24.144    33.0095    25.6120 0.0000e+00
 242.406979     24.625  34.943425     8.6414     4.1681     24.418    33.0199    25.6237 0.0000e+00
 242.406985     24.910  34.932238     8.6158     4.1670     24.701    33.0320    25.6370 0.0000e+00
 242.406991     25.192  34.916014     8.5881     4.1733     24.980    33.0407    25.6481 0.0000e+00
 242.406997     25.445  34.896017     8.5724     4.1770     25.231    33.0342    25.6454 0.0000e+00
 242.407002     25.651  34.888082     8.5767     4.1807     25.435    33.0218    25.6350 0.0000e+00
 242.407008     25.807  34.898363     8.5911     4.1921     25.590    33.0191    25.6307 -9.990e-29
 242.407014     25.919  34.912509     8.6029     4.1998     25.701    33.0228    25.6318 -9.990e-29
 242.407020     25.997  34.915726     8.6067     4.1974     25.778    33.0226    25.6311 -9.990e-29
 242.407025     26.054  34.912811     8.6057     4.1734     25.835    33.0205    25.6296 -9.990e-29
 242.407031     26.104  34.914945     8.6052     4.1611     25.885    33.0232    25.6318 -9.990e-29
 242.407037     26.158  34.917635     8.6031     4.1364     25.938    33.0279    25.6358 -9.990e-29
 242.407043     26.223  34.913213     8.5925     4.1132     26.002    33.0332    25.6415 -9.990e-29
 242.407049     26.304  34.901886     8.5747     4.0944     26.083    33.0379    25.6479 -9.990e-29
 242.407054     26.406  34.888095     8.5598     4.0618     26.184    33.0373    25.6497 -9.990e-29
 242.407060     26.530  34.880834     8.5483     4.0622     26.307    33.0403    25.6539 -9.990e-29
 242.407066     26.678  34.879320     8.5298     4.0527     26.454    33.0560    25.6689 0.0000e+00
 242.407072     26.848  34.870278     8.5035     4.0485     26.622    33.0710    25.6847 0.0000e+00
 242.407078     27.044  34.851311     8.4757     4.0359     26.817    33.0770    25.6936 0.0000e+00
 242.407083     27.265  34.830706     8.4533     4.0050     27.036    33.0762    25.6964 0.0000e+00
 242.407089     27.512  34.817553     8.4415     3.9947     27.281    33.0733    25.6959 0.0000e+00
 242.407095     27.793  34.812210     8.4322     3.9786     27.559    33.0763    25.6996 0.0000e+00
 242.407101     28.107  34.804367     8.4156     3.9747     27.871    33.0835    25.7077 0.0000e+00
 242.407106     28.455  34.792527     8.3947     3.9875     28.216    33.0904    25.7163 0.0000e+00
 242.407112     28.827  34.781622     8.3766     3.9826     28.584    33.0957    25.7232 0.0000e+00
 242.407118     29.209  34.772789     8.3640     3.9841     28.963    33.0981    25.7269 0.0000e+00
 242.407124     29.596  34.766005     8.3563     3.9645     29.347    33.0980    25.7280 0.0000e+00
 242.407130     29.977  34.761180     8.3516     3.9530     29.725    33.0971    25.7281 0.0000e+00
 242.407135     30.343  34.758038     8.3468     3.9521     30.088    33.0981    25.7296 0.0000e+00
 242.407141     30.696  34.755748     8.3400     3.9521     30.438    33.1019    25.7336 0.0000e+00
 242.407147     31.040  34.752937     8.3319     3.9412     30.779    33.1064    25.7383 0.0000e+00
 242.407153     31.381  34.749218     8.3250     3.9314     31.117    33.1088    25.7413 0.0000e+00
 242.407159     31.719  34.746350     8.3215     3.9175     31.452    33.1089    25.7419 0.0000e+00
 242.407164     32.050  34.746107     8.3191     3.8880     31.780    33.1108    25.7437 0.0000e+00
 242.407170     32.377  34.745924     8.3123     3.8478     32.104    33.1169    25.7494 0.0000e+00
 242.407176     32.713  34.741077     8.2981     3.8082     32.437    33.1249    25.7579 0.0000e+00
 242.407182     33.066  34.731822     8.2776     3.7826     32.787    33.1343    25.7683 0.0000e+00
 242.407187     33.434  34.719820     8.2519     3.7663     33.152    33.1456    25.7810 0.0000e+00
 242.407193     33.800  34.704186     8.2203     3.7667     33.515    33.1587    25.7960 0.0000e+00
 242.407199     34.146  34.684790     8.1871     3.7753     33.858    33.1693    25.8093 0.0000e+00
 242.407205     34.455  34.664883     8.1611     3.7866     34.165    33.1726    25.8157 0.0000e+00
 242.407211     34.716  34.649835     8.1460     3.8027     34.423    33.1708    25.8165 0.0000e+00
 242.407216     34.921  34.641415     8.1453     3.8100     34.627    33.1624    25.8100 0.0000e+00
 242.407222     35.065  34.641831     8.1594     3.8125     34.769    33.1494    25.7978 -9.990e-29
 242.407228     35.154  34.650515     8.1730     3.8122     34.858    33.1458    25.7929 -9.990e-29
 242.407234     35.193  34.656088     8.1734     3.8081     34.896    33.1513    25.7972 -9.990e-29
 242.407240     35.188  34.652545     8.1690     3.8106     34.891    33.1517    25.7981 -9.990e-29
 242.407245     35.148  34.651408     8.1721     3.8153     34.852    33.1476    25.7944 -9.990e-29
 242.407251     35.080  34.660121     8.1797     3.8297     34.784    33.1497    25.7950 -9.990e-29
 242.407257     34.986  34.666223     8.1816     3.8429     34.691    33.1544    25.7984 -9.990e-29
 242.407263     34.870  34.663852     8.1763     3.8681     34.576    33.1570    25.8012 -9.990e-29
 242.407269     34.737  34.661612     8.1703     3.8722     34.444    33.1603    25.8047 0.0000e+00
 242.407274     34.597  34.663798     8.1689     3.8729     34.305    33.1640    25.8078 0.0000e+00
 242.407280     34.452  34.668848     8.1723     3.8643     34.162    33.1663    25.8090 0.0000e+00
 242.407286     34.303  34.675094     8.1800     3.8668     34.014    33.1657    25.8074 0.0000e+00
 242.407292     34.147  34.682469     8.1925     3.8758     33.859    33.1618    25.8025 0.0000e+00
 242.407297     33.985  34.690727     8.2057     3.8886     33.699    33.1581    25.7977 0.0000e+00
 242.407303     33.818  34.698002     8.2155     3.9039     33.533    33.1567    25.7951 0.0000e+00
 242.407309     33.649  34.702240     8.2241     3.9052     33.365    33.1531    25.7911 0.0000e+00
 242.407315     33.475  34.704618     8.2320     3.8979     33.193    33.1483    25.7861 0.0000e+00
 242.407321     33.299  34.706628     8.2378     3.8849     33.018    33.1450    25.7827 0.0000e+00
 242.407326     33.122  34.708715     8.2431     3.8899     32.843    33.1423    25.7797 0.0000e+00
 242.407332     32.940  34.712545     8.2492     3.8895     32.662    33.1407    25.7776 0.0000e+00
 242.407338     32.753  34.717066     8.2569     3.8970     32.477    33.1383    25.7745 0.0000e+00
 242.407344     32.555  34.719909     8.2665     3.9105     32.281    33.1324    25.7685 0.0000e+00
 242.407350     32.347  34.722068     8.2755     3.9137     32.075    33.1263    25.7623 0.0000e+00
 242.407355     32.133  34.724187     8.2823     3.9291     31.862    33.1222    25.7581 0.0000e+00
 242.407361     31.921  34.726294     8.2884     3.9327     31.652    33.1188    25.7545 0.0000e+00
 242.407367     31.719  34.728964     8.2952     3.9318     31.452    33.1153    25.7508 0.0000e+00
 242.407373     31.527  34.731841     8.3012     3.9169     31.261    33.1128    25.7479 0.0000e+00
 242.407378     31.340  34.734283     8.3059     3.9117     31.076    33.1110    25.7458 0.0000e+00
 242.407384     31.157  34.736191     8.3103     3.9149     30.895    33.1090    25.7436 0.0000e+00
 242.407390     30.973  34.737870     8.3141     3.9227     30.712    33.1073    25.7417 0.0000e+00
 242.407396     30.786  34.739324     8.3175     3.9425     30.527    33.1057    25.7399 0.0000e+00
 242.407402     30.597  34.740812     8.3215     3.9559     30.339    33.1036    25.7377 0.0000e+00
 242.407407     30.406  34.742643     8.3252     3.9614     30.150    33.1021    25.7360 0.0000e+00
 242.407413     30.210  34.744460     8.3282     3.9546     29.956    33.1013    25.7349 0.0000e+00
 242.407419     30.009  34.745889     8.3321     3.9421     29.756    33.0993    25.7327 0.0000e+00
 242.407425     29.807  34.747158     8.3373     3.9317     29.556    33.0958    25.7292 0.0000e+00
 242.407431     29.610  34.748841     8.3426     3.9350     29.361    33.0927    25.7259 0.0000e+00
 242.407436     29.416  34.751504     8.3470     3.9444     29.168    33.0915    25.7243 0.0000e+00
 242.407442     29.223  34.754222     8.3502     3.9538     28.977    33.0914    25.7238 0.0000e+00
 242.407448     29.027  34.755583     8.3520     3.9528     28.783    33.0913    25.7234 0.0000e+00
 242.407454     28.819  34.756283     8.3532     3.9532     28.576    33.0910    25.7230 0.0000e+00
 242.407459     28.599  34.757259     8.3552     3.9486     28.358    33.0902    25.7221 0.0000e+00
 242.407465     28.383  34.758695     8.3579     3.9520     28.144    33.0893    25.7210 0.0000e+00
 242.407471     28.183  34.759709     8.3598     3.9512     27.946    33.0887    25.7202 0.0000e+00
 242.407477     27.996  34.759976     8.3613     3.9452     27.760    33.0876    25.7191 0.0000e+00
 242.407483     27.808  34.760973     8.3644     3.9649     27.574    33.0859    25.7173 0.0000e+00
 242.407488     27.612  34.762914     8.3690     3.9805     27.380    33.0837    25.7149 0.0000e+00
 242.407494     27.405  34.765588     8.3744     3.9981     27.174    33.0815    25.7124 0.0000e+00
 242.407500     27.186  34.769761     8.3814     4.0095     26.957    33.0795    25.7097 0.0000e+00
 242.407506     26.959  34.776521     8.3895     4.0115     26.732    33.0791    25.7082 0.0000e+00
 242.407512     26.730  34.784245     8.3964     4.0020     26.505    33.0809    25.7086 0.0000e+00
 242.407517     26.506  34.789797     8.4029     4.0179     26.283    33.0807    25.7075 0.0000e+00
 242.407523     26.281  34.794984     8.4132     4.0346     26.060    33.0766    25.7027 0.0000e+00
 242.407529     26.046  34.802247     8.4291     4.0669     25.827    33.0695    25.6947 0.0000e+00
 242.407535     25.798  34.810072     8.4478     4.0988     25.581    33.0603    25.6847 0.0000e+00
 242.407541     25.544  34.818255     8.4677     4.1233     25.329    33.0504    25.6739 0.0000e+00
 242.407546     25.291  34.830992     8.4902     4.1504     25.078    33.0428    25.6646 0.0000e+00
 242.407552     25.047  34.848473     8.5131     4.1703     24.836    33.0399    25.6588 0.0000e+00
 242.407558     24.808  34.862652     8.5331     4.1924     24.599    33.0362    25.6529 0.0000e+00
 242.407564     24.568  34.871718     8.5533     4.2023     24.362    33.0270    25.6426 0.0000e+00
 242.407569     24.323  34.881048     8.5781     4.2101     24.119    33.0137    25.6284 0.0000e+00
 242.407575     24.076  34.895246     8.6094     4.2100     23.874    32.9995    25.6125 0.0000e+00
 242.407581     23.829  34.915328     8.6431     4.2110     23.629    32.9892    25.5993 0.0000e+00
 242.407587     23.582  34.932237     8.6666     4.2158     23.384    32.9851    25.5926 0.0000e+00
 242.407593     23.332  34.937725     8.6756     4.2056     23.136    32.9826    25.5892 0.0000e+00
 242.407598     23.073  34.936317     8.6782     4.2028     22.879    32.9788    25.5858 0.0000e+00
 242.407604     22.801  34.935104     8.6813     4.2090     22.609    32.9748    25.5822 0.0000e+00
 242.407610     22.520  34.934709     8.6857     4.2068     22.331    32.9704    25.5781 0.0000e+00
 242.407616     22.237  34.934609     8.6910     4.2193     22.050    32.9655    25.5734 0.0000e+00
 242.407622     21.960  34.936357     8.6976     4.2444     21.776    32.9613    25.5691 0.0000e+00
 242.407627     21.698  34.940606     8.7039     4.2549     21.516    32.9600    25.5671 0.0000e+00
 242.407633     21.447  34.945745     8.7084     4.2813     21.267    32.9613    25.5675 0.0000e+00
 242.407639     21.194  34.949670     8.7146     4.3072     21.016    32.9598    25.5653 0.0000e+00
 242.407645     20.937  34.953137     8.7273     4.3344     20.761    32.9517    25.5570 0.0000e+00
 242.407650     20.673  34.960211     8.7472     4.3956     20.499    32.9407    25.5453 0.0000e+00
 242.407656     20.396  34.971925     8.7724     4.4508     20.225    32.9296    25.5328 0.0000e+00
 242.407662     20.112  34.985425     8.8033     4.5079     19.943    32.9152    25.5167 0.0000e+00
 242.407668     19.828  35.000796     8.8412     4.5459     19.662    32.8962    25.4960 0.0000e+00
 242.407674     19.550  35.023418     8.8894     4.5709     19.386    32.8752    25.4721 0.0000e+00
 242.407679     19.284  35.067783     8.9533     4.5767     19.122    32.8624    25.4522 0.0000e+00
 242.407685     19.025  35.132569     9.0158     4.5910     18.865    32.8721    25.4500 0.0000e+00
 242.407691     18.769  35.182643     9.0575     4.5978     18.612    32.8857    25.4541 0.0000e+00
 242.407697     18.513  35.206382     9.0937     4.6273     18.358    32.8770    25.4417 0.0000e+00
 242.407703     18.249  35.224810     9.1359     4.6584     18.096    32.8573    25.4196 0.0000e+00
 242.407708     17.973  35.241225     9.1775     4.6837     17.822    32.8361    25.3964 0.0000e+00
 242.407714     17.686  35.256238     9.2202     4.7128     17.538    32.8125    25.3712 0.0000e+00
 242.407720     17.385  35.282036     9.2677     4.7139     17.239    32.7956    25.3505 0.0000e+00
 242.407726     17.073  35.318305     9.3142     4.7127     16.930    32.7905    25.3391 0.0000e+00
 242.407731     16.756  35.347887     9.3628     4.6898     16.615    32.7766    25.3204 0.0000e+00
 242.407737     16.435  35.369352     9.4272     4.6762     16.297    32.7398    25.2814 0.0000e+00
