data/oxygen options/OCNMS/OCNMS1/raw_data/2012/CAST_KL050_120913faedb.cnv
* Sea-Bird SBE19 Data File:
* FileName = C:\Documents and Settings\OCNMS\Desktop\2012 mooring data\Hypoxia Sampling\CAST_KL050_120913.hex
* Software Version 1.25
* Temperature SN = 2997
* Conductivity SN = 2997
* System UpLoad Time = Sep 13 2012 10:54:51
** CAST_KL050_120913
* SEACAT PROFILER V3.1c SN 2997   09/13/12  10:53:57.452
# nquan = 9
# nvalues = 50                          
# units = specified
# name 0 = timeJ: Julian Days
# name 1 = prSM: Pressure, Strain Gauge [db]
# name 2 = c0mS/cm: Conductivity [mS/cm]
# name 3 = t090C: Temperature [ITS-90, deg C]
# name 4 = sbeox0ML/L: Oxygen, SBE 43 [ml/l]
# name 5 = depSM: Depth [salt water, m], lat = 47.5
# name 6 = sal00: Salinity, Practical [PSU]
# name 7 = sigma-é00: Density [sigma-theta, kg/m^3]
# name 8 = flag: flag
# span 0 = 257.424546, 257.425454       
# span 1 =      2.000,     51.000       
# span 2 =  34.224213,  37.778906       
# span 3 =     7.3055,    13.2816       
# span 4 =     0.8141,     6.0207       
# span 5 =      1.983,     50.568       
# span 6 =    31.7418,    33.7526       
# span 7 =    23.8149,    26.3945       
# span 8 = 0.0000e+00, 0.0000e+00       
# interval = decibars: 1                
# start_time = Sep 13 2012 10:06:03 [Instrument's time stamp, header]
# bad_flag = -9.990e-29
*END*
 257.424546      2.000  37.778906    13.2816     5.9081      1.983    31.7418    23.8149 0.0000e+00
 257.424581      3.000  37.762764    13.2602     5.9544      2.975    31.7442    23.8210 0.0000e+00
 257.424611      4.000  37.751157    13.2459     5.9505      3.967    31.7449    23.8243 0.0000e+00
 257.424639      5.000  37.715252    13.1827     5.9272      4.958    31.7636    23.8513 0.0000e+00
 257.424664      6.000  37.625845    13.0725     6.0207      5.950    31.7715    23.8790 0.0000e+00
 257.424685      7.000  37.635228    13.0176     5.8097      6.941    31.8260    23.9319 0.0000e+00
 257.424706      8.000  37.564326    12.6332     5.5684      7.933    32.0838    24.2058 0.0000e+00
 257.424725      9.000  37.238252    11.9587     4.7959      8.925    32.3508    24.5399 0.0000e+00
 257.424743     10.000  36.984587    11.4258     4.0673      9.916    32.5703    24.8078 0.0000e+00
 257.424760     11.000  36.447450    10.4216     3.8835     10.908    32.9335    25.2673 0.0000e+00
 257.424775     12.000  35.725353     9.5702     3.9783     11.899    32.9764    25.4431 0.0000e+00
 257.424791     13.000  35.323645     9.1903     3.9998     12.891    32.9118    25.4533 0.0000e+00
 257.424806     14.000  35.073412     8.9199     3.9983     13.882    32.9016    25.4879 0.0000e+00
 257.424823     15.000  34.961154     8.7107     3.9213     14.874    32.9782    25.5803 0.0000e+00
 257.424838     16.000  34.831265     8.5490     3.8073     15.866    32.9924    25.6160 0.0000e+00
 257.424853     17.000  34.734748     8.3757     3.6907     16.857    33.0526    25.6893 0.0000e+00
 257.424869     18.000  34.651742     8.2544     3.6251     17.849    33.0783    25.7276 0.0000e+00
 257.424884     19.000  34.756251     8.3131     3.7545     18.840    33.1332    25.7619 0.0000e+00
 257.424900     20.000  34.798126     8.3011     3.9621     19.832    33.1885    25.8071 0.0000e+00
 257.424917     21.000  34.694345     8.1539     4.2197     20.824    33.2171    25.8514 0.0000e+00
 257.424934     22.000  34.494672     7.8880     4.3348     21.815    33.2561    25.9210 0.0000e+00
 257.424950     23.000  34.288568     7.7254     4.2859     22.807    33.1895    25.8922 0.0000e+00
 257.424967     24.000  34.224213     7.6257     4.2351     23.798    33.2149    25.9264 0.0000e+00
 257.424984     25.000  34.242197     7.6177     4.1017     24.790    33.2415    25.9483 0.0000e+00
 257.425001     26.000  34.227130     7.5809     3.9699     25.781    33.2599    25.9681 0.0000e+00
 257.425017     27.000  34.228867     7.5637     3.8692     26.773    33.2778    25.9846 0.0000e+00
 257.425033     28.000  34.232345     7.5571     3.7563     27.764    33.2875    25.9931 0.0000e+00
 257.425048     29.000  34.233173     7.5459     3.6988     28.756    33.2986    26.0035 0.0000e+00
 257.425064     30.000  34.240084     7.5408     3.7243     29.748    33.3105    26.0135 0.0000e+00
 257.425081     31.000  34.257013     7.5437     3.6232     30.739    33.3255    26.0249 0.0000e+00
 257.425098     32.000  34.270393     7.5446     3.5086     31.730    33.3387    26.0352 0.0000e+00
 257.425115     33.000  34.288236     7.5440     3.2798     32.722    33.3579    26.0504 0.0000e+00
 257.425130     34.000  34.304297     7.5477     3.0665     33.713    33.3713    26.0604 0.0000e+00
 257.425147     35.000  34.341638     7.5616     2.8550     34.705    33.3978    26.0793 0.0000e+00
 257.425166     36.000  34.370372     7.5570     2.6063     35.696    33.4328    26.1074 0.0000e+00
 257.425184     37.000  34.404006     7.5326     1.8970     36.688    33.4921    26.1576 0.0000e+00
 257.425202     38.000  34.406987     7.4658     1.0497     37.679    33.5595    26.2200 0.0000e+00
 257.425219     39.000  34.415354     7.3793     0.8648     38.671    33.6519    26.3050 0.0000e+00
 257.425237     40.000  34.431364     7.3418     0.8344     39.662    33.7053    26.3522 0.0000e+00
 257.425256     41.000  34.437189     7.3220     0.8202     40.654    33.7305    26.3748 0.0000e+00
 257.425275     42.000  34.442597     7.3137     0.8660     41.645    33.7440    26.3866 0.0000e+00
 257.425295     43.000  34.443867     7.3084     0.8712     42.637    33.7500    26.3921 0.0000e+00
 257.425314     44.000  34.442422     7.3065     0.8704     43.628    33.7499    26.3922 0.0000e+00
 257.425331     45.000  34.442975     7.3057     0.8691     44.619    33.7507    26.3931 0.0000e+00
 257.425349     46.000  34.445691     7.3075     0.8644     45.611    33.7514    26.3934 0.0000e+00
 257.425369     47.000  34.445274     7.3067     0.8446     46.602    33.7513    26.3934 0.0000e+00
 257.425390     48.000  34.446169     7.3059     0.8402     47.594    33.7526    26.3945 0.0000e+00
 257.425409     49.000  34.446526     7.3063     0.8222     48.585    33.7521    26.3941 0.0000e+00
 257.425429     50.000  34.446582     7.3061     0.8157     49.577    33.7518    26.3939 0.0000e+00
 257.425454     51.000  34.446386     7.3055     0.8141     50.568    33.7517    26.3940 0.0000e+00
