data/oxygen options/OCNMS/OCNMS1/raw_data/2012/CAST_MB015_120523faed.cnv
* Sea-Bird SBE19 Data File:
* FileName = C:\Documents and Settings\OCNMS\Desktop\2012 mooring data\Deployment May\CAST_MB015_120523.hex
* Software Version 1.25
* Temperature SN = 2997
* Conductivity SN = 2997
* System UpLoad Time = May 25 2012 14:59:40
** CAST_MB015_120523
* SEACAT PROFILER V3.1c SN 2997   05/25/12  14:56:46.562
# nquan = 9                                 
# nvalues = 927                         
# units = specified
# name 0 = timeJ: Julian Days
# name 1 = prSM: Pressure, Strain Gauge [db]
# name 2 = c0mS/cm: Conductivity [mS/cm]
# name 3 = t090C: Temperature [ITS-90, deg C]
# name 4 = sbeox0ML/L: Oxygen, SBE 43 [ml/l]
# name 5 = depSM: Depth [salt water, m], lat = 47.5
# name 6 = sal00: Salinity, Practical [PSU]
# name 7 = sigma-é00: Density [sigma-theta, kg/m^3]
# name 8 = flag: flag
# span 0 = 144.479769, 144.485127       
# span 1 =     -5.172,     11.631       
# span 2 =   0.003147,  34.653438       
# span 3 =     9.2107,    10.2720       
# span 4 =   -16.1123,    17.7593       
# span 5 =     -5.129,     11.534       
# span 6 =     0.0058,    31.6707       
# span 7 =    -0.2536,    24.3852       
# span 8 = 0.0000e+00, 0.0000e+00       
# interval = seconds: 0.5
# start_time = May 23 2012 11:30:52 [Instrument's time stamp, header]
# bad_flag = -9.990e-29
*END*
[from data line 481]
 144.482552     -0.180   0.046523     9.5291    -1.5987     -0.178     0.0323    -0.2326 -9.990e-29
 144.482558     -0.157   0.133003     9.5303    -1.5993     -0.156     0.0897    -0.1873 -9.990e-29
 144.482564     -0.136   0.392444     9.5440    -1.5997     -0.135     0.2706    -0.0458 -9.990e-29
 144.482569     -0.113   1.170767     9.5879    -1.5989     -0.112     0.8423     0.4004 -9.990e-29
 144.482575     -0.087   2.714171     9.7169    -1.5995     -0.086     2.0338     1.3233 -9.990e-29
 144.482581     -0.057   4.525644     9.9240    -1.5993     -0.057     3.4802     2.4344 -9.990e-29
 144.482587     -0.022   5.132945    10.0869    -1.5998     -0.022     3.9626     2.7947 -9.990e-29
 144.482593      0.022   4.502572    10.1600    -1.5990      0.022     3.4389     2.3792 -9.990e-29
 144.482598      0.078   5.704010    10.1949    -1.5988      0.077     4.4221     3.1419 -9.990e-29
 144.482604      0.148  12.516950    10.2182    -1.5987      0.147    10.2874     7.6989 -9.990e-29
 144.482610      0.232  22.837975    10.2303    -1.5986      0.230    19.7776    15.0643 -9.990e-29
 144.482616      0.324  29.616332    10.2324    -1.5982      0.321    26.3112    20.1417 -9.990e-29
 144.482622      0.412  31.853409    10.2308    -1.5985      0.409    28.5159    21.8577 -9.990e-29
 144.482627      0.489  32.602746    10.2303    -1.5988      0.485    29.2594    22.4367 -9.990e-29
 144.482633      0.555  32.865360    10.2312    -1.5990      0.550    29.5197    22.6393 -9.990e-29
 144.482639      0.615  32.948515    10.2315    -1.5986      0.610    29.6022    22.7035 -9.990e-29
 144.482645      0.668  32.968905    10.2311    -1.5986      0.662    29.6228    22.7196 -9.990e-29
 144.482650      0.710  32.984736    10.2321    -1.5988      0.704    29.6377    22.7310 -9.990e-29
 144.482656      0.737  33.012301    10.2351    -1.5983      0.731    29.6627    22.7500 -9.990e-29
 144.482662      0.753  33.034824    10.2385    -1.5981      0.747    29.6823    22.7647 -9.990e-29
 144.482668      0.762  33.041687    10.2403    -1.5987      0.756    29.6876    22.7686 -9.990e-29
 144.482674      0.774  33.045064    10.2406    -1.5989      0.768    29.6908    22.7710 -9.990e-29
 144.482679      0.789  33.048561    10.2404    -1.5984      0.782    29.6944    22.7739 -9.990e-29
 144.482685      0.803  33.042507    10.2399    -1.5979      0.796    29.6888    22.7696 -9.990e-29
 144.482691      0.819  33.028571    10.2391    -1.5982      0.812    29.6755    22.7594 -9.990e-29
 144.482697      0.836  33.023669    10.2382    -1.5982      0.829    29.6714    22.7563 -9.990e-29
 144.482703      0.857  33.032128    10.2374    -1.5984      0.850    29.6805    22.7635 -9.990e-29
 144.482708      0.877  33.041933    10.2371    -1.5981      0.870    29.6905    22.7713 -9.990e-29
 144.482714      0.894  33.052383    10.2373    -1.5980      0.887    29.7007    22.7793 -9.990e-29
 144.482720      0.910  33.066434    10.2378    -1.5980      0.902    29.7143    22.7897 -9.990e-29
 144.482726      0.924  33.068885    10.2379    -1.5985      0.916    29.7166    22.7916 -9.990e-29
 144.482731      0.934  33.056508    10.2382    -1.5985      0.926    29.7040    22.7817 -9.990e-29
 144.482737      0.932  33.053902    10.2396    -1.5981      0.924    29.7003    22.7786 -9.990e-29
 144.482743      0.918  33.070133    10.2415    -1.5979      0.910    29.7149    22.7897 -9.990e-29
 144.482749      0.903  33.082265    10.2428    -1.5979      0.895    29.7259    22.7980 -9.990e-29
 144.482755      0.899  33.077581    10.2429    -1.5980      0.891    29.7212    22.7943 -9.990e-29
 144.482760      0.907  33.069099    10.2421    -1.5981      0.899    29.7134    22.7884 -9.990e-29
 144.482766      0.918  33.069811    10.2410    -1.5978      0.910    29.7150    22.7898 -9.990e-29
 144.482772      0.928  33.079769    10.2403    -1.5977      0.920    29.7255    22.7981 -9.990e-29
 144.482778      0.939  33.087834    10.2403    -1.5976      0.931    29.7335    22.8043 -9.990e-29
 144.482784      0.951  33.083702    10.2407    -1.5975      0.943    29.7291    22.8008 -9.990e-29
 144.482789      0.960  33.073286    10.2417    -1.5974      0.952    29.7179    22.7919 -9.990e-29
 144.482795      0.962  33.072601    10.2436    -1.5977      0.954    29.7156    22.7899 -9.990e-29
 144.482801      0.963  33.082638    10.2460    -1.5978      0.955    29.7236    22.7957 -9.990e-29
 144.482807      0.966  33.090121    10.2479    -1.5975      0.958    29.7295    22.8000 -9.990e-29
 144.482812      0.972  33.087888    10.2492    -1.5975      0.964    29.7263    22.7972 -9.990e-29
 144.482818      0.976  33.081587    10.2508    -1.5976      0.968    29.7187    22.7911 -9.990e-29
 144.482824      0.975  33.081519    10.2530    -1.5977      0.967    29.7168    22.7893 -9.990e-29
 144.482830      0.973  33.087817    10.2550    -1.5979      0.965    29.7214    22.7925 -9.990e-29
 144.482836      0.975  33.093980    10.2570    -1.5978      0.967    29.7259    22.7957 -9.990e-29
 144.482841      0.979  33.097809    10.2590    -1.5978      0.971    29.7281    22.7971 -9.990e-29
 144.482847      0.986  33.098469    10.2599    -1.5979      0.978    29.7280    22.7969 -9.990e-29
 144.482853      0.994  33.094263    10.2595    -1.5980      0.986    29.7242    22.7939 -9.990e-29
 144.482859      0.993  33.087648    10.2586    -1.5980      0.985    29.7183    22.7895 -9.990e-29
 144.482865      0.983  33.086268    10.2578    -1.5980      0.975    29.7176    22.7891 -9.990e-29
 144.482870      0.973  33.091866    10.2569    -1.5979      0.965    29.7239    22.7942 -9.990e-29
 144.482876      0.965  33.095887    10.2556    -1.5977      0.957    29.7290    22.7983 -9.990e-29
 144.482882      0.961  33.093275    10.2542    -1.5976      0.953    29.7275    22.7974 -9.990e-29
 144.482888      0.958  33.087490    10.2533    -1.5975      0.950    29.7225    22.7937 -9.990e-29
 144.482894      0.958  33.083363    10.2526    -1.5977      0.950    29.7190    22.7910 -9.990e-29
 144.482899      0.960  33.082335    10.2518    -1.5977      0.952    29.7186    22.7909 -9.990e-29
 144.482905      0.964  33.081016    10.2514    13.0459      0.956    29.7176    22.7902 -9.990e-29
 144.482911      0.970  33.077312    10.2519    17.4448      0.962    29.7135    22.7869 -9.990e-29
 144.482917      0.975  33.073788    10.2531    17.7593      0.967    29.7090    22.7832 -9.990e-29
 144.482922      0.975  33.072128    10.2548    14.3182      0.967    29.7060    22.7805 -9.990e-29
 144.482928      0.973  33.072022    10.2563     7.0804      0.965    29.7047    22.7793 -9.990e-29
 144.482934      0.975  33.075232    10.2574     6.9971      0.967    29.7069    22.7809 -9.990e-29
 144.482940      0.979  33.082340    10.2584     7.1391      0.971    29.7132    22.7856 -9.990e-29
 144.482946      0.987  33.088485    10.2592     7.1714      0.979    29.7187    22.7897 -9.990e-29
 144.482951      0.999  33.089199    10.2603     7.1392      0.991    29.7185    22.7894 -9.990e-29
 144.482957      1.012  33.086779    10.2616     7.0946      1.004    29.7150    22.7865 -9.990e-29
 144.482963      1.017  33.086622    10.2621     7.0480      1.009    29.7144    22.7859 -9.990e-29
 144.482969      1.015  33.087620    10.2613     7.0125      1.007    29.7161    22.7873 -9.990e-29
 144.482975      1.014  33.085167    10.2605     6.9907      1.006    29.7143    22.7861 -9.990e-29
 144.482980      1.015  33.081816    10.2605     6.9804      1.007    29.7109    22.7835 -9.990e-29
 144.482986      1.014  33.083405    10.2611     6.9837      1.006    29.7120    22.7842 -9.990e-29
 144.482992      1.009  33.087231    10.2620     6.9825      1.001    29.7151    22.7865 -9.990e-29
 144.482998      1.001  33.086858    10.2626     6.9753      0.993    29.7142    22.7857 -9.990e-29
 144.483003      0.993  33.080890    10.2627     6.9546      0.985    29.7082    22.7810 -9.990e-29
 144.483009      0.990  33.067195    10.2619     6.9344      0.982    29.6953    22.7710 -9.990e-29
 144.483015      0.991  33.052942    10.2610     6.9302      0.983    29.6818    22.7607 -9.990e-29
 144.483021      0.997  33.049600    10.2610     6.9287      0.989    29.6785    22.7581 -9.990e-29
 144.483027      1.002  33.051815    10.2618     6.9324      0.994    29.6800    22.7592 -9.990e-29
 144.483032      1.000  33.054921    10.2626     6.9271      0.992    29.6825    22.7610 -9.990e-29
 144.483038      0.990  33.059923    10.2630     6.9096      0.982    29.6871    22.7645 -9.990e-29
 144.483044      0.979  33.063068    10.2633     6.9165      0.971    29.6900    22.7667 -9.990e-29
 144.483050      0.972  33.059812    10.2631     6.9313      0.964    29.6869    22.7644 -9.990e-29
 144.483056      0.968  33.051079    10.2624     6.9369      0.960    29.6788    22.7582 -9.990e-29
 144.483061      0.967  33.044493    10.2615     6.9445      0.959    29.6730    22.7538 -9.990e-29
 144.483067      0.968  33.043262    10.2605     6.9427      0.960    29.6726    22.7536 -9.990e-29
 144.483073      0.972  33.044848    10.2594     6.9442      0.964    29.6751    22.7557 -9.990e-29
 144.483079      0.979  33.047106    10.2587     6.9454      0.971    29.6779    22.7580 -9.990e-29
 144.483084      0.989  33.048788    10.2589     6.9458      0.981    29.6794    22.7592 -9.990e-29
 144.483090      1.000  33.050117    10.2598     6.9461      0.992    29.6800    22.7595 -9.990e-29
 144.483096      1.006  33.052529    10.2610     6.9486      0.998    29.6814    22.7604 -9.990e-29
 144.483102      1.014  33.056103    10.2622     6.9396      1.006    29.6840    22.7622 -9.990e-29
 144.483108      1.026  33.057983    10.2630     6.9315      1.017    29.6852    22.7630 -9.990e-29
 144.483113      1.041  33.056979    10.2630     6.9433      1.032    29.6842    22.7622 -9.990e-29
 144.483119      1.051  33.055337    10.2628     6.9377      1.042    29.6827    22.7611 -9.990e-29
 144.483125      1.052  33.053890    10.2625     6.9444      1.043    29.6815    22.7602 -9.990e-29
 144.483131      1.048  33.052053    10.2619     6.9465      1.039    29.6802    22.7593 -9.990e-29
 144.483137      1.047  33.049839    10.2612     6.9417      1.038    29.6786    22.7581 -9.990e-29
 144.483142      1.055  33.052924    10.2600     6.9499      1.046    29.6826    22.7615 -9.990e-29
 144.483148      1.066  33.070129    10.2589     6.9484      1.057    29.7006    22.7757 -9.990e-29
 144.483154      1.073  33.083715    10.2589     6.9379      1.064    29.7141    22.7862 -9.990e-29
 144.483160      1.073  33.073920    10.2596     6.9522      1.064    29.7038    22.7781 -9.990e-29
 144.483166      1.065  33.060964    10.2600     6.9382      1.056    29.6906    22.7677 -9.990e-29
 144.483171      1.052  33.059733    10.2590     6.9364      1.043    29.6902    22.7676 -9.990e-29
 144.483177      1.044  33.073291    10.2566     6.9452      1.035    29.7056    22.7800 -9.990e-29
 144.483183      1.044  33.105931    10.2548     6.9360      1.035    29.7396    22.8067 -9.990e-29
 144.483189      1.046  33.129116    10.2548     6.9548      1.037    29.7627    22.8247 -9.990e-29
 144.483194      1.044  33.121873    10.2557     6.9568      1.035    29.7547    22.8184 -9.990e-29
 144.483200      1.036  33.107825    10.2561     6.9623      1.027    29.7404    22.8072 -9.990e-29
 144.483206      1.031  33.104887    10.2557     6.9559      1.022    29.7378    22.8052 -9.990e-29
 144.483212      1.033  33.112726    10.2555     6.9532      1.024    29.7458    22.8114 -9.990e-29
 144.483218      1.037  33.119045    10.2558     6.9523      1.028    29.7518    22.8161 -9.990e-29
 144.483223      1.036  33.107274    10.2565     6.9374      1.027    29.7395    22.8064 -9.990e-29
 144.483229      1.029  33.087155    10.2575     6.9430      1.020    29.7187    22.7900 -9.990e-29
 144.483235      1.024  33.069628    10.2587     6.9420      1.015    29.7003    22.7755 -9.990e-29
 144.483241      1.026  33.054523    10.2597     6.9534      1.017    29.6844    22.7630 -9.990e-29
 144.483247      1.034  33.049939    10.2608     6.9674      1.025    29.6790    22.7585 -9.990e-29
 144.483252      1.048  33.055592    10.2632     6.9636      1.039    29.6826    22.7610 -9.990e-29
 144.483258      1.067  33.061311    10.2675     6.9520      1.058    29.6848    22.7620 -9.990e-29
 144.483264      1.082  33.064296    10.2720     6.9551      1.073    29.6841    22.7607 -9.990e-29
 144.483270      1.089  33.065259    10.2719     6.9544      1.080    29.6851    22.7615 -9.990e-29
 144.483275      1.090  33.065322    10.2667     6.9614      1.081    29.6894    22.7657 -9.990e-29
 144.483281      1.088  33.068224    10.2624     6.9553      1.079    29.6958    22.7714 -9.990e-29
 144.483287      1.088  33.073871    10.2613     6.9532      1.079    29.7024    22.7767 -9.990e-29
 144.483293      1.086  33.075055    10.2615     6.9533      1.077    29.7034    22.7774 -9.990e-29
 144.483299      1.081  33.069473    10.2619     6.9656      1.072    29.6975    22.7728 -9.990e-29
 144.483304      1.082  33.067098    10.2614     6.9558      1.073    29.6955    22.7713 -9.990e-29
 144.483310      1.089  33.079934    10.2602     6.9717      1.080    29.7093    22.7822 -9.990e-29
 144.483316      1.093  33.106650    10.2593     6.9773      1.084    29.7366    22.8037 -9.990e-29
 144.483322      1.091  33.123508    10.2590     6.9813      1.082    29.7536    22.8170 -9.990e-29
 144.483328      1.083  33.116604    10.2588     6.9787      1.074    29.7469    22.8118 -9.990e-29
 144.483333      1.071  33.109836    10.2578     6.9669      1.062    29.7410    22.8073 -9.990e-29
 144.483339      1.064  33.121683    10.2563     6.9608      1.055    29.7540    22.8177 -9.990e-29
 144.483345      1.062  33.130998    10.2562     6.9577      1.053    29.7634    22.8250 -9.990e-29
 144.483351      1.056  33.117744    10.2576     6.9698      1.047    29.7490    22.8136 -9.990e-29
 144.483356      1.046  33.098472    10.2584     6.9666      1.037    29.7292    22.7981 -9.990e-29
 144.483362      1.039  33.097962    10.2572     6.9510      1.030    29.7297    22.7986 -9.990e-29
 144.483368      1.039  33.117819    10.2554     6.9395      1.030    29.7509    22.8155 -9.990e-29
 144.483374      1.043  33.132449    10.2555     6.9343      1.034    29.7654    22.8267 -9.990e-29
 144.483380      1.041  33.123297    10.2572     6.9543      1.032    29.7549    22.8183 -9.990e-29
 144.483385      1.033  33.102297    10.2588     6.9654      1.024    29.7327    22.8007 -9.990e-29
 144.483391      1.028  33.083516    10.2589     6.9731      1.019    29.7139    22.7861 -9.990e-29
 144.483397      1.030  33.083984    10.2574     6.9772      1.021    29.7156    22.7876 -9.990e-29
 144.483403      1.038  33.109973    10.2557     6.9579      1.029    29.7429    22.8091 -9.990e-29
 144.483409      1.049  33.133416    10.2555     6.9605      1.040    29.7664    22.8275 -9.990e-29
 144.483414      1.055  33.131260    10.2574     6.9593      1.046    29.7627    22.8243 -9.990e-29
 144.483420      1.052  33.108515    10.2600     6.9427      1.043    29.7379    22.8046 -9.990e-29
 144.483426      1.045  33.080286    10.2615     6.9546      1.036    29.7086    22.7815 -9.990e-29
 144.483432      1.041  33.063334    10.2607     6.9545      1.032    29.6924    22.7690 -9.990e-29
 144.483438      1.044  33.070962    10.2588     6.9570      1.035    29.7015    22.7764 -9.990e-29
 144.483443      1.055  33.095450    10.2575     6.9783      1.046    29.7269    22.7964 -9.990e-29
 144.483449      1.070  33.106735    10.2580     6.9667      1.061    29.7378    22.8048 -9.990e-29
 144.483455      1.081  33.091886    10.2600     6.9400      1.072    29.7213    22.7917 -9.990e-29
 144.483461      1.090  33.069252    10.2618     6.9182      1.081    29.6974    22.7727 -9.990e-29
 144.483466      1.104  33.055204    10.2617     6.9224      1.095    29.6835    22.7619 -9.990e-29
