data/oxygen options/OCNMS/OCNMS1/raw_data/2012/CAST_MB015_120718faed.cnv
* Sea-Bird SBE19 Data File:
* FileName = C:\Documents and Settings\OCNMS\Desktop\2012 mooring data\1st service\CAST_MB015_071812.hex
* Software Version 1.25
* Temperature SN = 2997
* Conductivity SN = 2997
* System UpLoad Time = Jul 18 2012 19:46:47
** CAST_MB015_071812
* SEACAT PROFILER V3.1c SN 2997   07/18/12  19:46:03.918
# nquan = 9                                 
# nvalues = 847                         
# units = specified
# name 0 = timeJ: Julian Days
# name 1 = prSM: Pressure, Strain Gauge [db]
# name 2 = c0mS/cm: Conductivity [mS/cm]
# name 3 = t090C: Temperature [ITS-90, deg C]
# name 4 = sbeox0ML/L: Oxygen, SBE 43 [ml/l]
# name 5 = depSM: Depth [salt water, m], lat = 47.5
# name 6 = sal00: Salinity, Practical [PSU]
# name 7 = sigma-é00: Density [sigma-theta, kg/m^3]
# name 8 = flag: flag
# span 0 = 200.510197, 200.515093       
# span 1 =     -5.188,     14.718       
# span 2 =   0.004065,  37.564983       
# span 3 =     9.5548,    15.3768       
# span 4 =    -1.7482,    15.1189       
# span 5 =     -5.145,     14.595       
# span 6 =     0.0086,    32.7693       
# span 7 =    -0.9493,    25.2800       
# span 8 = 0.0000e+00, 0.0000e+00       
# interval = seconds: 0.5
# start_time = Jul 18 2012 12:14:41 [Instrument's time stamp, header]
# bad_flag = -9.990e-29
*END*
[from data line 161]
 200.511128     -1.794   0.004072    14.8610    -1.7388     -1.779     0.0087    -0.8714 -9.990e-29
 200.511134     -1.788   0.004072    14.8569    -1.7386     -1.773     0.0087    -0.8708 -9.990e-29
 200.511140     -1.783   0.004072    14.8526    -1.7385     -1.768     0.0087    -0.8701 -9.990e-29
 200.511146     -1.778   0.004072    14.8489    -1.7383     -1.763     0.0087    -0.8696 -9.990e-29
 200.511152     -1.775   0.004073    14.8465    -1.7382     -1.760     0.0087    -0.8692 -9.990e-29
 200.511157     -1.772   0.004073    14.8449    -1.7384     -1.757     0.0087    -0.8690 -9.990e-29
 200.511163     -1.769   0.004073    14.8437    -1.7390     -1.754     0.0087    -0.8688 -9.990e-29
 200.511169     -1.765   0.004074    14.8434    -1.7390     -1.750     0.0087    -0.8687 -9.990e-29
 200.511175     -1.762   0.004074    14.8438    -1.7391     -1.747     0.0087    -0.8688 -9.990e-29
 200.511181     -1.758   0.004074    14.8449    -1.7390     -1.743     0.0087    -0.8690 -9.990e-29
 200.511186     -1.754   0.004075    14.8473    -1.7388     -1.739     0.0087    -0.8693 -9.990e-29
 200.511192     -1.749   0.004075    14.8506    -1.7388     -1.734     0.0087    -0.8698 -9.990e-29
 200.511198     -1.742   0.004075    14.8533    -1.7388     -1.727     0.0087    -0.8702 -9.990e-29
 200.511204     -1.734   0.004075    14.8532    -1.7388     -1.720     0.0087    -0.8702 -9.990e-29
 200.511209     -1.723   0.004076    14.8488    -1.7388     -1.709     0.0087    -0.8695 -9.990e-29
 200.511215     -1.710   0.004076    14.8426    -1.7390     -1.696     0.0087    -0.8686 -9.990e-29
 200.511221     -1.692   0.004076    14.8386    -1.7391     -1.678     0.0087    -0.8680 -9.990e-29
 200.511227     -1.670   0.004077    14.8377    -1.7389     -1.656     0.0087    -0.8679 -9.990e-29
 200.511233     -1.646   0.004077    14.8389    -1.7387     -1.632     0.0087    -0.8681 -9.990e-29
 200.511238     -1.622   0.004077    14.8409    -1.7387     -1.608     0.0087    -0.8684 -9.990e-29
 200.511244     -1.598   0.004078    14.8423    -1.7387     -1.585     0.0087    -0.8686 -9.990e-29
 200.511250     -1.576   0.004078    14.8429    -1.7388     -1.563     0.0087    -0.8687 -9.990e-29
 200.511256     -1.559   0.004078    14.8427    -1.7386     -1.546     0.0087    -0.8686 -9.990e-29
 200.511262     -1.545   0.004078    14.8415    -1.7385     -1.532     0.0087    -0.8685 -9.990e-29
 200.511267     -1.534   0.004079    14.8399    -1.7383     -1.521     0.0087    -0.8682 -9.990e-29
 200.511273     -1.526   0.004079    14.8395    -1.7382     -1.513     0.0087    -0.8682 -9.990e-29
 200.511279     -1.519   0.004079    14.8413    -1.7380     -1.506     0.0087    -0.8684 -9.990e-29
 200.511285     -1.513   0.004080    14.8439    -1.7381     -1.500     0.0087    -0.8688 -9.990e-29
 200.511291     -1.508   0.004080    14.8453    -1.7380     -1.495     0.0087    -0.8690 -9.990e-29
 200.511296     -1.503   0.004080    14.8455    -1.7381     -1.490     0.0087    -0.8690 -9.990e-29
 200.511302     -1.499   0.004081    14.8463    -1.7381     -1.486     0.0087    -0.8692 -9.990e-29
 200.511308     -1.494   0.004081    14.8489    -1.7382     -1.482     0.0087    -0.8696 -9.990e-29
 200.511314     -1.490   0.004081    14.8526    -1.7385     -1.478     0.0087    -0.8701 -9.990e-29
 200.511319     -1.484   0.004081    14.8564    -1.7387     -1.472     0.0087    -0.8707 -9.990e-29
 200.511325     -1.477   0.004082    14.8598    -1.7389     -1.465     0.0087    -0.8712 -9.990e-29
 200.511331     -1.469   0.004082    14.8621    -1.7388     -1.457     0.0087    -0.8715 -9.990e-29
 200.511337     -1.459   0.004082    14.8630    -1.7387     -1.447     0.0087    -0.8717 -9.990e-29
 200.511343     -1.447   0.004083    14.8633    -1.7386     -1.435     0.0087    -0.8717 -9.990e-29
 200.511348     -1.431   0.004083    14.8630    -1.7387     -1.419     0.0087    -0.8717 -9.990e-29
 200.511354     -1.415   0.004083    14.8614    -1.7386     -1.403     0.0087    -0.8714 -9.990e-29
 200.511360     -1.406   0.004084    14.8581    -1.7384     -1.394     0.0087    -0.8709 -9.990e-29
 200.511366     -1.404   0.004084    14.8529    -1.7384     -1.392     0.0087    -0.8701 -9.990e-29
 200.511372     -1.401   0.004084    14.8475    -1.7385     -1.389     0.0087    -0.8693 -9.990e-29
 200.511377     -1.391   0.004084    14.8445    -1.7385     -1.379     0.0087    -0.8689 -9.990e-29
 200.511383     -1.374   0.004085    14.8449    -1.7385     -1.363     0.0087    -0.8690 -9.990e-29
 200.511389     -1.353   0.004085    14.8467    -1.7387     -1.342     0.0087    -0.8692 -9.990e-29
 200.511395     -1.336   0.004085    14.8482    -1.7388     -1.325     0.0087    -0.8694 -9.990e-29
 200.511400     -1.322   0.004086    14.8495    -1.7389     -1.311     0.0087    -0.8696 -9.990e-29
 200.511406     -1.305   0.004086    14.8514    -1.7391     -1.294     0.0087    -0.8699 -9.990e-29
 200.511412     -1.288   0.004086    14.8532    -1.7397     -1.277     0.0087    -0.8702 -9.990e-29
 200.511418     -1.275   0.004087    14.8538    -1.7401     -1.264     0.0087    -0.8703 -9.990e-29
 200.511424     -1.264   0.004087    14.8533    -1.7401     -1.253     0.0087    -0.8702 -9.990e-29
 200.511429     -1.256   0.004087    14.8524    -1.7401     -1.246     0.0087    -0.8701 -9.990e-29
 200.511435     -1.250   0.004088    14.8508    -1.7401     -1.240     0.0087    -0.8698 -9.990e-29
 200.511441     -1.244   0.004088    14.8479    -1.7400     -1.234     0.0087    -0.8694 -9.990e-29
 200.511447     -1.240   0.004088    14.8442    -1.7399     -1.230     0.0087    -0.8688 -9.990e-29
 200.511453     -1.236   0.004088    14.8397    -1.7398     -1.226     0.0087    -0.8682 -9.990e-29
 200.511458     -1.233   0.004089    14.8328    -1.7402     -1.223     0.0087    -0.8672 -9.990e-29
 200.511464     -1.230   0.004089    14.8235    -1.7407     -1.220     0.0087    -0.8658 -9.990e-29
 200.511470     -1.226   0.004089    14.8156    -1.7407     -1.216     0.0087    -0.8646 -9.990e-29
 200.511476     -1.223   0.004090    14.8118    -1.7406     -1.213     0.0087    -0.8640 -9.990e-29
 200.511481     -1.219   0.004090    14.8109    -1.7405     -1.209     0.0087    -0.8639 -9.990e-29
 200.511487     -1.215   0.004090    14.8113    -1.7410     -1.205     0.0087    -0.8640 -9.990e-29
 200.511493     -1.209   0.004091    14.8125    -1.7414     -1.199     0.0087    -0.8641 -9.990e-29
 200.511499     -1.203   0.004091    14.8137    -1.7414     -1.193     0.0087    -0.8643 -9.990e-29
 200.511505     -1.194   0.004091    14.8124    -1.7416     -1.184     0.0087    -0.8641 -9.990e-29
 200.511510     -1.183   0.004091    14.8072    -1.7417     -1.173     0.0087    -0.8634 -9.990e-29
 200.511516     -1.170   0.004092    14.8011    -1.7419     -1.160     0.0087    -0.8624 -9.990e-29
 200.511522     -1.156   0.004092    14.7978    -1.7424     -1.146     0.0087    -0.8620 -9.990e-29
 200.511528     -1.147   0.004092    14.7964    -1.7426     -1.137     0.0087    -0.8618 -9.990e-29
 200.511534     -1.136   0.004093    14.7937    -1.7427     -1.127     0.0087    -0.8613 -9.990e-29
 200.511539     -1.120   0.004093    14.7879    -1.7431     -1.111     0.0087    -0.8605 -9.990e-29
 200.511545     -1.101   0.004093    14.7811    -1.7434     -1.092     0.0087    -0.8595 -9.990e-29
 200.511551     -1.087   0.004094    14.7757    -1.7433     -1.078     0.0087    -0.8587 -9.990e-29
 200.511557     -1.076   0.004094    14.7714    -1.7434     -1.067     0.0087    -0.8580 -9.990e-29
 200.511563     -1.064   0.004094    14.7666    -1.7433     -1.055     0.0087    -0.8573 -9.990e-29
 200.511568     -1.054   0.004094    14.7602    -1.7434     -1.045     0.0087    -0.8564 -9.990e-29
 200.511574     -1.046   0.004095    14.7529    -1.7435     -1.037     0.0087    -0.8553 -9.990e-29
 200.511580     -1.035   0.004095    14.7464    -1.7437     -1.026     0.0087    -0.8544 -9.990e-29
 200.511586     -1.024   0.004095    14.7403    -1.7438     -1.015     0.0087    -0.8535 -9.990e-29
 200.511591     -1.017   0.004096    14.7338    -1.7438     -1.009     0.0087    -0.8525 -9.990e-29
 200.511597     -1.013   0.004096    14.7287    -1.7439     -1.005     0.0087    -0.8517 -9.990e-29
 200.511603     -1.013   0.004096    14.7263    -1.7441     -1.005     0.0087    -0.8514 -9.990e-29
 200.511609     -1.012   0.004097    14.7254    -1.7446     -1.004     0.0087    -0.8513 -9.990e-29
 200.511615     -1.006   0.004097    14.7245    -1.7448     -0.998     0.0087    -0.8511 -9.990e-29
 200.511620     -0.998   0.004097    14.7226    -1.7447     -0.990     0.0087    -0.8508 -9.990e-29
 200.511626     -0.993   0.004097    14.7197    -1.7448     -0.985     0.0087    -0.8504 -9.990e-29
 200.511632     -0.989   0.004097    14.7164    -1.7450     -0.981     0.0087    -0.8499 -9.990e-29
 200.511638     -0.988   0.004097    14.7137    -1.7450     -0.980     0.0087    -0.8495 -9.990e-29
 200.511644     -0.988   0.004097    14.7114    -1.7449     -0.980     0.0087    -0.8492 -9.990e-29
 200.511649     -0.989   0.004097    14.7081    -1.7449     -0.981     0.0087    -0.8487 -9.990e-29
 200.511655     -0.993   0.004097    14.7027    -1.7451     -0.985     0.0087    -0.8479 -9.990e-29
 200.511661     -0.994   0.004097    14.6962    -1.7452     -0.986     0.0087    -0.8470 -9.990e-29
 200.511667     -0.989   0.004097    14.6915    -1.7453     -0.981     0.0087    -0.8463 -9.990e-29
 200.511672     -0.981   0.004097    14.6891    -1.7453     -0.973     0.0087    -0.8459 -9.990e-29
 200.511678     -0.975   0.004097    14.6868    -1.7449     -0.967     0.0087    -0.8456 -9.990e-29
 200.511684     -0.970   0.004097    14.6844    -1.7447     -0.962     0.0087    -0.8452 -9.990e-29
 200.511690     -0.965   0.004097    14.6831    -1.7445     -0.957     0.0087    -0.8450 -9.990e-29
 200.511696     -0.960   0.004097    14.6828    -1.7443     -0.952     0.0087    -0.8450 -9.990e-29
 200.511701     -0.955   0.004097    14.6820    -1.7441     -0.947     0.0087    -0.8449 -9.990e-29
 200.511707     -0.950   0.004097    14.6800    -1.7439     -0.942     0.0087    -0.8446 -9.990e-29
 200.511713     -0.944   0.004097    14.6777    -1.7440     -0.936     0.0087    -0.8442 -9.990e-29
 200.511719     -0.937   0.004097    14.6766    -1.7442     -0.929     0.0087    -0.8441 -9.990e-29
 200.511725     -0.929   0.004097    14.6785    -1.7445     -0.921     0.0087    -0.8444 -9.990e-29
 200.511730     -0.919   0.004097    14.6833    -1.7446     -0.911     0.0087    -0.8451 -9.990e-29
 200.511736     -0.906   0.004097    14.6890    -1.7446     -0.898     0.0087    -0.8459 -9.990e-29
 200.511742     -0.889   0.004097    14.6948    -1.7446     -0.882     0.0087    -0.8468 -9.990e-29
 200.511748     -0.868   0.004097    14.7005    -1.7450     -0.861     0.0087    -0.8476 -9.990e-29
 200.511753     -0.845   0.004097    14.7049    -1.7453     -0.838     0.0087    -0.8482 -9.990e-29
 200.511759     -0.828   0.004097    14.7072    -1.7454     -0.821     0.0087    -0.8486 -9.990e-29
 200.511765     -0.815   0.004097    14.7067    -1.7457     -0.808     0.0087    -0.8485 -9.990e-29
 200.511771     -0.801   0.004097    14.7033    -1.7459     -0.794     0.0087    -0.8480 -9.990e-29
 200.511777     -0.790   0.004097    14.6989    -1.7465     -0.783     0.0087    -0.8474 -9.990e-29
 200.511782     -0.786   0.004097    14.6953    -1.7468     -0.779     0.0087    -0.8468 -9.990e-29
 200.511788     -0.787   0.004097    14.6924    -1.7468     -0.780     0.0087    -0.8464 -9.990e-29
 200.511794     -0.790   0.004097    14.6887    -1.7469     -0.783     0.0087    -0.8459 -9.990e-29
 200.511800     -0.786   0.004097    14.6830    -1.7472     -0.779     0.0087    -0.8450 -9.990e-29
 200.511806     -0.776   0.004097    14.6765    -1.7475     -0.770     0.0087    -0.8441 -9.990e-29
 200.511811     -0.767   0.004097    14.6703    -1.7477     -0.761     0.0086    -0.8432 -9.990e-29
 200.511817     -0.762   0.004097    14.6636    -1.7476     -0.756     0.0086    -0.8422 -9.990e-29
 200.511823     -0.762   0.004097    14.6555    -1.7473     -0.756     0.0086    -0.8410 -9.990e-29
 200.511829     -0.762   0.004097    14.6467    -1.7474     -0.756     0.0086    -0.8397 -9.990e-29
 200.511834     -0.758   0.004097    14.6395    -1.7474     -0.752     0.0086    -0.8386 -9.990e-29
 200.511840     -0.754   0.004097    14.6348    -1.7476     -0.748     0.0086    -0.8380 -9.990e-29
 200.511846     -0.750   0.004097    14.6305    -1.7475     -0.744     0.0086    -0.8373 -9.990e-29
 200.511852     -0.740   0.004097    14.6251    -1.7474     -0.734     0.0086    -0.8365 -9.990e-29
 200.511858     -0.730   0.004097    14.6195    -1.7474     -0.724     0.0086    -0.8357 -9.990e-29
 200.511863     -0.721   0.004097    14.6162    -1.7475     -0.715     0.0086    -0.8352 -9.990e-29
 200.511869     -0.715   0.004097    14.6167    -1.7475     -0.709     0.0086    -0.8353 -9.990e-29
 200.511875     -0.710   0.004097    14.6186    -1.7472     -0.704     0.0086    -0.8356 -9.990e-29
 200.511881     -0.707   0.004097    14.6193    -1.7470     -0.701     0.0086    -0.8357 -9.990e-29
 200.511887     -0.704   0.004097    14.6183    -1.7469     -0.698     0.0086    -0.8355 -9.990e-29
 200.511892     -0.702   0.004097    14.6171    -1.7472     -0.696     0.0086    -0.8354 -9.990e-29
 200.511898     -0.701   0.004097    14.6173    -1.7472     -0.695     0.0086    -0.8354 -9.990e-29
 200.511904     -0.701   0.004097    14.6185    -1.7472     -0.695     0.0086    -0.8356 -9.990e-29
 200.511910     -0.700   0.004097    14.6191    -1.7472     -0.694     0.0086    -0.8357 -9.990e-29
 200.511916     -0.701   0.004097    14.6192    -1.7473     -0.695     0.0086    -0.8357 -9.990e-29
 200.511921     -0.702   0.004097    14.6207    -1.7474     -0.696     0.0086    -0.8359 -9.990e-29
 200.511927     -0.703   0.004097    14.6242    -1.7475     -0.697     0.0086    -0.8364 -9.990e-29
 200.511933     -0.705   0.004097    14.6276    -1.7473     -0.699     0.0086    -0.8369 -9.990e-29
 200.511939     -0.708   0.004097    14.6282    -1.7473     -0.702     0.0086    -0.8370 -9.990e-29
 200.511944     -0.713   0.004097    14.6263    -1.7473     -0.707     0.0086    -0.8367 -9.990e-29
 200.511950     -0.718   0.004097    14.6247    -1.7474     -0.712     0.0086    -0.8365 -9.990e-29
 200.511956     -0.721   0.004097    14.6244    -1.7472     -0.715     0.0086    -0.8364 -9.990e-29
 200.511962     -0.717   0.004097    14.6240    -1.7472     -0.711     0.0086    -0.8364 -9.990e-29
 200.511968     -0.711   0.004097    14.6224    -1.7475     -0.705     0.0086    -0.8361 -9.990e-29
 200.511973     -0.705   0.004097    14.6204    -1.7476     -0.699     0.0086    -0.8359 -9.990e-29
 200.511979     -0.701   0.004097    14.6198    -1.7479     -0.695     0.0086    -0.8358 -9.990e-29
 200.511985     -0.697   0.004097    14.6208    -1.7481     -0.691     0.0086    -0.8359 -9.990e-29
 200.511991     -0.693   0.004097    14.6219    -1.7482     -0.687     0.0086    -0.8361 -9.990e-29
 200.511997     -0.689   0.004097    14.6222    -1.7478     -0.683     0.0086    -0.8361 -9.990e-29
 200.512002     -0.686   0.004097    14.6225    -1.7476     -0.680     0.0086    -0.8362 -9.990e-29
 200.512008     -0.681   0.004097    14.6231    -1.7477     -0.675     0.0086    -0.8362 -9.990e-29
 200.512014     -0.677   0.004097    14.6219    -1.7480     -0.671     0.0086    -0.8361 -9.990e-29
 200.512020     -0.671   0.004097    14.6180    -1.7480     -0.665     0.0086    -0.8355 -9.990e-29
 200.512025     -0.664   0.004097    14.6130    -1.7479     -0.658     0.0086    -0.8348 -9.990e-29
 200.512031     -0.655   0.004097    14.6082    -1.7478     -0.650     0.0086    -0.8341 -9.990e-29
 200.512037     -0.644   0.004097    14.6050    -1.7479     -0.639     0.0086    -0.8336 -9.990e-29
 200.512043     -0.629   0.004097    14.6049    -1.7476     -0.624     0.0086    -0.8336 -9.990e-29
