data/oxygen options/OCNMS/OCNMS1/raw_data/2012/CAST_TH015_120719faed.cnv
* Sea-Bird SBE19 Data File:
* FileName = C:\Documents and Settings\OCNMS\Desktop\2012 mooring data\1st service\CAST_TH015_120719.hex
* Software Version 1.25
* Temperature SN = 2997
* Conductivity SN = 2997
* System UpLoad Time = Jul 20 2012 06:02:53
** CAST_TH015_120719
* SEACAT PROFILER V3.1c SN 2997   07/20/12  06:01:52.996
# nquan = 9                                 
# nvalues = 889                         
# units = specified
# name 0 = timeJ: Julian Days
# name 1 = prSM: Pressure, Strain Gauge [db]
# name 2 = c0mS/cm: Conductivity [mS/cm]
# name 3 = t090C: Temperature [ITS-90, deg C]
# name 4 = sbeox0ML/L: Oxygen, SBE 43 [ml/l]
# name 5 = depSM: Depth [salt water, m], lat = 47.5
# name 6 = sal00: Salinity, Practical [PSU]
# name 7 = sigma-é00: Density [sigma-theta, kg/m^3]
# name 8 = flag: flag
# span 0 = 201.581736, 201.586875       
# span 1 =     -5.760,     17.549       
# span 2 =   0.163529,  37.875075       
# span 3 =     9.1051,    15.7876       
# span 4 =    -1.7279,    15.5692       
# span 5 =     -5.712,     17.402       
# span 6 =     0.0966,    32.9442       
# span 7 =    -0.9008,    25.4907       
# span 8 = 0.0000e+00, 0.0000e+00       
# interval = seconds: 0.5
# start_time = Jul 19 2012 13:57:42 [Instrument's time stamp, header]
# bad_flag = -9.990e-29
*END*
[from data line 321]
 201.583594     -1.066   0.247194    15.3235    -1.7182     -1.057     0.1462    -0.8350 -9.990e-29
 201.583600     -1.056   0.246653    15.3207    -1.7180     -1.047     0.1459    -0.8348 -9.990e-29
 201.583605     -1.043   0.246456    15.3255    -1.7178     -1.034     0.1458    -0.8357 -9.990e-29
 201.583611     -1.031   0.246341    15.3340    -1.7177     -1.022     0.1457    -0.8371 -9.990e-29
 201.583617     -1.024   0.246156    15.3419    -1.7173     -1.015     0.1455    -0.8384 -9.990e-29
 201.583623     -1.020   0.245653    15.3476    -1.7171     -1.011     0.1452    -0.8395 -9.990e-29
 201.583628     -1.016   0.244715    15.3522    -1.7171     -1.008     0.1446    -0.8407 -9.990e-29
 201.583634     -1.007   0.243751    15.3565    -1.7173     -0.999     0.1441    -0.8418 -9.990e-29
 201.583640     -0.997   0.243139    15.3612    -1.7172     -0.989     0.1437    -0.8428 -9.990e-29
 201.583646     -0.989   0.242615    15.3664    -1.7166     -0.981     0.1434    -0.8439 -9.990e-29
 201.583652     -0.983   0.242037    15.3716    -1.7158     -0.975     0.1430    -0.8450 -9.990e-29
 201.583657     -0.978   0.241741    15.3766    -1.7155     -0.970     0.1428    -0.8459 -9.990e-29
 201.583663     -0.974   0.241886    15.3819    -1.7157     -0.966     0.1429    -0.8467 -9.990e-29
 201.583669     -0.971   0.242112    15.3880    -1.7159     -0.963     0.1430    -0.8475 -9.990e-29
 201.583675     -0.969   0.241613    15.3929    -1.7160     -0.961     0.1427    -0.8485 -9.990e-29
 201.583681     -0.967   0.240277    15.3950    -1.7164     -0.959     0.1419    -0.8495 -9.990e-29
 201.583686     -0.966   0.239092    15.3965    -1.7166     -0.958     0.1412    -0.8503 -9.990e-29
 201.583692     -0.964   0.238691    15.4019    -1.7162     -0.956     0.1409    -0.8513 -9.990e-29
 201.583698     -0.963   0.238541    15.4130    -1.7162     -0.955     0.1408    -0.8531 -9.990e-29
 201.583704     -0.962   0.237888    15.4252    -1.7166     -0.954     0.1404    -0.8554 -9.990e-29
 201.583709     -0.961   0.236969    15.4324    -1.7166     -0.953     0.1398    -0.8569 -9.990e-29
 201.583715     -0.961   0.236219    15.4328    -1.7164     -0.953     0.1393    -0.8574 -9.990e-29
 201.583721     -0.960   0.235746    15.4296    -1.7165     -0.952     0.1391    -0.8571 -9.990e-29
 201.583727     -0.959   0.235474    15.4247    -1.7165     -0.951     0.1389    -0.8564 -9.990e-29
 201.583733     -0.958   0.235039    15.4195    -1.7169     -0.950     0.1387    -0.8558 -9.990e-29
 201.583738     -0.957   0.234417    15.4170    -1.7175     -0.949     0.1383    -0.8557 -9.990e-29
 201.583744     -0.955   0.233886    15.4177    -1.7184     -0.947     0.1380    -0.8560 -9.990e-29
 201.583750     -0.953   0.233845    15.4173    -1.7192     -0.945     0.1380    -0.8560 -9.990e-29
 201.583756     -0.951   0.234241    15.4145    -1.7200     -0.943     0.1382    -0.8554 -9.990e-29
 201.583762     -0.948   0.234495    15.4129    -1.7205     -0.940     0.1384    -0.8550 -9.990e-29
 201.583767     -0.944   0.234392    15.4128    -1.7206     -0.936     0.1383    -0.8550 -9.990e-29
 201.583773     -0.939   0.234348    15.4115    -1.7208     -0.931     0.1383    -0.8548 -9.990e-29
 201.583779     -0.933   0.234858    15.4067    -1.7212     -0.925     0.1386    -0.8538 -9.990e-29
 201.583785     -0.929   0.235496    15.3967    -1.7217     -0.921     0.1390    -0.8520 -9.990e-29
 201.583791     -0.932   0.235455    15.3813    -1.7223     -0.924     0.1390    -0.8495 -9.990e-29
 201.583796     -0.937   0.234679    15.3621    -1.7228     -0.929     0.1386    -0.8469 -9.990e-29
 201.583802     -0.941   0.233794    15.3420    -1.7232     -0.933     0.1382    -0.8441 -9.990e-29
 201.583808     -0.943   0.233282    15.3240    -1.7234     -0.935     0.1379    -0.8415 -9.990e-29
 201.583814     -0.944   0.233013    15.3108    -1.7239     -0.936     0.1378    -0.8396 -9.990e-29
 201.583819     -0.945   0.232630    15.3017    -1.7239     -0.937     0.1376    -0.8383 -9.990e-29
 201.583825     -0.944   0.232175    15.2931    -1.7239     -0.936     0.1374    -0.8372 -9.990e-29
 201.583831     -0.942   0.232148    15.2826    -1.7236     -0.934     0.1374    -0.8355 -9.990e-29
 201.583837     -0.939   0.232515    15.2699    -1.7232     -0.931     0.1377    -0.8334 -9.990e-29
 201.583843     -0.934   0.232660    15.2564    -1.7229     -0.926     0.1378    -0.8312 -9.990e-29
 201.583848     -0.928   0.232405    15.2440    -1.7226     -0.920     0.1377    -0.8294 -9.990e-29
 201.583854     -0.919   0.231965    15.2338    -1.7223     -0.911     0.1374    -0.8280 -9.990e-29
 201.583860     -0.912   0.231492    15.2251    -1.7218     -0.904     0.1372    -0.8268 -9.990e-29
 201.583866     -0.911   0.230907    15.2180    -1.7218     -0.903     0.1369    -0.8260 -9.990e-29
 201.583872     -0.911   0.230168    15.2150    -1.7221     -0.903     0.1364    -0.8259 -9.990e-29
 201.583877     -0.903   0.229396    15.2173    -1.7221     -0.895     0.1360    -0.8266 -9.990e-29
 201.583883     -0.883   0.228671    15.2237    -1.7219     -0.876     0.1355    -0.8279 -9.990e-29
 201.583889     -0.858   0.228131    15.2320    -1.7218     -0.851     0.1352    -0.8295 -9.990e-29
 201.583895     -0.839   0.227609    15.2403    -1.7215     -0.832     0.1348    -0.8310 -9.990e-29
 201.583900     -0.825   0.226965    15.2485    -1.7216     -0.818     0.1344    -0.8326 -9.990e-29
 201.583906     -0.812   0.226444    15.2569    -1.7214     -0.805     0.1341    -0.8341 -9.990e-29
 201.583912     -0.797   0.225906    15.2638    -1.7214     -0.790     0.1337    -0.8355 -9.990e-29
 201.583918     -0.780   0.225186    15.2663    -1.7214     -0.773     0.1333    -0.8362 -9.990e-29
 201.583924     -0.765   0.224433    15.2658    -1.7212     -0.759     0.1329    -0.8364 -9.990e-29
 201.583929     -0.755   0.223748    15.2664    -1.7213     -0.749     0.1324    -0.8369 -9.990e-29
 201.583935     -0.748   0.223323    15.2694    -1.7214     -0.742     0.1322    -0.8375 -9.990e-29
 201.583941     -0.745   0.223144    15.2732    -1.7214     -0.739     0.1321    -0.8382 -9.990e-29
 201.583947     -0.746   0.222974    15.2767    -1.7213     -0.740     0.1320    -0.8388 -9.990e-29
 201.583953     -0.745   0.222585    15.2793    -1.7210     -0.739     0.1317    -0.8394 -9.990e-29
 201.583958     -0.740   0.222013    15.2814    -1.7207     -0.734     0.1314    -0.8400 -9.990e-29
 201.583964     -0.733   0.221601    15.2831    -1.7207     -0.727     0.1311    -0.8405 -9.990e-29
 201.583970     -0.729   0.221353    15.2851    -1.7200     -0.723     0.1310    -0.8409 -9.990e-29
 201.583976     -0.727   0.220938    15.2865    -1.7194     -0.721     0.1307    -0.8413 -9.990e-29
 201.583981     -0.727   0.220357    15.2861    -1.7191     -0.721     0.1304    -0.8415 -9.990e-29
 201.583987     -0.730   0.219941    15.2852    -1.7190     -0.724     0.1301    -0.8415 -9.990e-29
 201.583993     -0.730   0.219689    15.2861    -1.7191     -0.724     0.1300    -0.8418 -9.990e-29
 201.583999     -0.725   0.219264    15.2897    -1.7192     -0.719     0.1297    -0.8426 -9.990e-29
 201.584005     -0.717   0.218652    15.2955    -1.7193     -0.711     0.1293    -0.8438 -9.990e-29
 201.584010     -0.711   0.218146    15.3023    -1.7192     -0.705     0.1290    -0.8451 -9.990e-29
 201.584016     -0.706   0.217624    15.3108    -1.7192     -0.700     0.1287    -0.8466 -9.990e-29
 201.584022     -0.702   0.216943    15.3223    -1.7192     -0.696     0.1282    -0.8487 -9.990e-29
 201.584028     -0.698   0.216300    15.3341    -1.7193     -0.692     0.1278    -0.8509 -9.990e-29
 201.584034     -0.695   0.215945    15.3423    -1.7192     -0.689     0.1276    -0.8524 -9.990e-29
 201.584039     -0.692   0.215959    15.3463    -1.7191     -0.686     0.1276    -0.8530 -9.990e-29
 201.584045     -0.689   0.215806    15.3469    -1.7193     -0.683     0.1275    -0.8531 -9.990e-29
 201.584051     -0.685   0.215284    15.3456    -1.7192     -0.679     0.1272    -0.8532 -9.990e-29
 201.584057     -0.682   0.214803    15.3445    -1.7191     -0.676     0.1269    -0.8532 -9.990e-29
 201.584062     -0.678   0.214274    15.3446    -1.7188     -0.672     0.1266    -0.8535 -9.990e-29
 201.584068     -0.672   0.213544    15.3454    -1.7186     -0.666     0.1262    -0.8539 -9.990e-29
 201.584074     -0.666   0.212748    15.3456    -1.7186     -0.660     0.1257    -0.8543 -9.990e-29
 201.584080     -0.662   0.211929    15.3452    -1.7186     -0.656     0.1252    -0.8546 -9.990e-29
 201.584086     -0.665   0.211105    15.3455    -1.7184     -0.659     0.1247    -0.8551 -9.990e-29
 201.584091     -0.671   0.210281    15.3459    -1.7187     -0.665     0.1242    -0.8555 -9.990e-29
 201.584097     -0.675   0.209466    15.3457    -1.7188     -0.669     0.1238    -0.8559 -9.990e-29
 201.584103     -0.677   0.208680    15.3468    -1.7185     -0.671     0.1233    -0.8564 -9.990e-29
 201.584109     -0.679   0.207982    15.3502    -1.7182     -0.673     0.1229    -0.8572 -9.990e-29
 201.584115     -0.681   0.207549    15.3548    -1.7183     -0.675     0.1226    -0.8582 -9.990e-29
 201.584120     -0.681   0.207355    15.3587    -1.7183     -0.675     0.1225    -0.8589 -9.990e-29
 201.584126     -0.681   0.207142    15.3610    -1.7180     -0.675     0.1223    -0.8593 -9.990e-29
 201.584132     -0.680   0.207177    15.3627    -1.7177     -0.674     0.1224    -0.8596 -9.990e-29
 201.584138     -0.678   0.207509    15.3633    -1.7176     -0.672     0.1226    -0.8595 -9.990e-29
 201.584144     -0.676   0.207472    15.3621    -1.7180     -0.670     0.1225    -0.8593 -9.990e-29
 201.584149     -0.672   0.207017    15.3621    -1.7182     -0.666     0.1223    -0.8596 -9.990e-29
 201.584155     -0.667   0.206645    15.3652    -1.7186     -0.661     0.1220    -0.8602 -9.990e-29
 201.584161     -0.660   0.206413    15.3690    -1.7187     -0.654     0.1219    -0.8609 -9.990e-29
 201.584167     -0.652   0.206010    15.3717    -1.7187     -0.647     0.1216    -0.8615 -9.990e-29
 201.584172     -0.641   0.205453    15.3748    -1.7186     -0.636     0.1213    -0.8623 -9.990e-29
 201.584178     -0.631   0.205108    15.3794    -1.7184     -0.626     0.1211    -0.8632 -9.990e-29
 201.584184     -0.630   0.205066    15.3830    -1.7184     -0.625     0.1211    -0.8637 -9.990e-29
 201.584190     -0.638   0.205270    15.3830    -1.7186     -0.633     0.1212    -0.8636 -9.990e-29
 201.584196     -0.647   0.205441    15.3788    -1.7191     -0.642     0.1213    -0.8629 -9.990e-29
 201.584201     -0.653   0.205251    15.3722    -1.7198     -0.648     0.1212    -0.8620 -9.990e-29
 201.584207     -0.656   0.205002    15.3661    -1.7205     -0.651     0.1211    -0.8611 -9.990e-29
 201.584213     -0.657   0.204914    15.3625    -1.7210     -0.652     0.1210    -0.8606 -9.990e-29
 201.584219     -0.656   0.204871    15.3623    -1.7217     -0.651     0.1210    -0.8606 -9.990e-29
 201.584225     -0.653   0.204816    15.3642    -1.7224     -0.648     0.1210    -0.8609 -9.990e-29
 201.584230     -0.651   0.204675    15.3656    -1.7239     -0.646     0.1209    -0.8612 -9.990e-29
 201.584236     -0.655   0.204258    15.3637    -1.7248     -0.650     0.1206    -0.8611 -9.990e-29
 201.584242     -0.661   0.203563    15.3571    -1.7248     -0.655     0.1202    -0.8603 -9.990e-29
 201.584248     -0.665   0.202768    15.3453    -1.7249     -0.659     0.1198    -0.8589 -9.990e-29
 201.584253     -0.668   0.201922    15.3298    -1.7250     -0.662     0.1193    -0.8568 -9.990e-29
 201.584259     -0.669   0.201001    15.3131    -1.7254     -0.663     0.1188    -0.8546 -9.990e-29
 201.584265     -0.669   0.199885    15.2960    -1.7259     -0.663     0.1182    -0.8524 -9.990e-29
 201.584271     -0.667   0.198747    15.2771    -1.7262     -0.661     0.1176    -0.8500 -9.990e-29
 201.584277     -0.663   0.197730    15.2542    -1.7261     -0.657     0.1171    -0.8469 -9.990e-29
 201.584282     -0.658   0.196584    15.2291    -1.7260     -0.653     0.1165    -0.8435 -9.990e-29
 201.584288     -0.655   0.195439    15.2093    -1.7256     -0.650     0.1158    -0.8409 -9.990e-29
 201.584294     -0.658   0.194430    15.1987    -1.7251     -0.653     0.1153    -0.8398 -9.990e-29
 201.584300     -0.663   0.193319    15.1930    -1.7244     -0.657     0.1146    -0.8394 -9.990e-29
 201.584306     -0.666   0.192285    15.1868    -1.7242     -0.660     0.1140    -0.8389 -9.990e-29
 201.584311     -0.668   0.191611    15.1784    -1.7239     -0.662     0.1137    -0.8379 -9.990e-29
 201.584317     -0.668   0.190949    15.1699    -1.7237     -0.662     0.1133    -0.8369 -9.990e-29
 201.584323     -0.667   0.189971    15.1649    -1.7238     -0.661     0.1127    -0.8365 -9.990e-29
 201.584329     -0.664   0.189031    15.1650    -1.7236     -0.658     0.1122    -0.8370 -9.990e-29
 201.584334     -0.660   0.188537    15.1697    -1.7235     -0.654     0.1119    -0.8379 -9.990e-29
 201.584340     -0.653   0.188382    15.1785    -1.7232     -0.648     0.1117    -0.8394 -9.990e-29
 201.584346     -0.644   0.188362    15.1903    -1.7229     -0.639     0.1117    -0.8412 -9.990e-29
 201.584352     -0.636   0.188449    15.2021    -1.7226     -0.631     0.1117    -0.8430 -9.990e-29
 201.584358     -0.633   0.188759    15.2117    -1.7226     -0.628     0.1119    -0.8444 -9.990e-29
 201.584363     -0.630   0.189151    15.2190    -1.7225     -0.625     0.1121    -0.8453 -9.990e-29
 201.584369     -0.628   0.189041    15.2236    -1.7223     -0.623     0.1120    -0.8461 -9.990e-29
 201.584375     -0.631   0.188282    15.2262    -1.7222     -0.626     0.1116    -0.8468 -9.990e-29
 201.584381     -0.633   0.187522    15.2293    -1.7219     -0.628     0.1111    -0.8477 -9.990e-29
 201.584387     -0.632   0.187410    15.2339    -1.4394     -0.627     0.1110    -0.8484 -9.990e-29
 201.584392     -0.628   0.187796    15.2405    -1.4633     -0.623     0.1112    -0.8493 -9.990e-29
 201.584398     -0.619   0.188641    15.2480    -1.4730     -0.614     0.1117    -0.8501 -9.990e-29
 201.584404     -0.605   0.191625    15.2539    -1.4717     -0.600     0.1135    -0.8496 -9.990e-29
 201.584410     -0.586   0.201831    15.2567    -1.4682     -0.581     0.1195    -0.8454 -9.990e-29
 201.584416     -0.565   0.234530    15.2565    -1.4692     -0.560     0.1389    -0.8303 -9.990e-29
 201.584421     -0.544   0.334978    15.2502    -1.4697     -0.539     0.1993    -0.7826 -9.990e-29
 201.584427     -0.518   0.637659    15.2235    -1.4688     -0.514     0.3865    -0.6336 -9.990e-29
 201.584433     -0.486   1.546149    15.1331    -1.4671     -0.482     0.9751    -0.1649 -9.990e-29
 201.584439     -0.448   4.272320    14.8633    -1.4674     -0.444     2.8731     1.3389 -9.990e-29
 201.584444     -0.400  12.452174    14.4256    -1.4695     -0.397     9.1493     6.2277 -9.990e-29
 201.584450     -0.337  24.714999    14.0614    -1.4689     -0.334    19.4721    14.2125 -9.990e-29
 201.584456     -0.265  32.866907    13.8863    -1.4690     -0.263    26.7718    19.8608 -9.990e-29
 201.584462     -0.187  35.611278    13.8203    -1.4683     -0.185    29.3095    21.8300 -9.990e-29
 201.584468     -0.111  36.662065    13.7890    -1.4682     -0.110    30.2960    22.5973 -9.990e-29
 201.584473     -0.045  37.137958    13.7698    -1.4685     -0.045    30.7488    22.9506 -9.990e-29
 201.584479      0.011  37.336802    13.7628    -1.4690      0.011    30.9375    23.0977 -9.990e-29
 201.584485      0.059  37.429024    13.7636    -1.4694      0.059    31.0218    23.1626 -9.990e-29
 201.584491      0.100  37.514027    13.7696    -1.4699      0.099    31.0953    23.2181 -9.990e-29
 201.584497      0.131  37.577396    13.7789    -1.4690      0.130    31.1461    23.2555 -9.990e-29
 201.584502      0.159  37.552342    13.7867    -1.4689      0.158    31.1167    23.2312 -9.990e-29
 201.584508      0.185  37.470415    13.7902    -1.4691      0.183    31.0384    23.1701 -9.990e-29
