data/oxygen options/OCNMS/OCNMS1/raw_data/2012/CAST_TH042_120719faed.cnv
* Sea-Bird SBE19 Data File:
* FileName = C:\Documents and Settings\OCNMS\Desktop\2012 mooring data\1st service\CAST_TH042_120719.hex
* Software Version 1.25
* Temperature SN = 2997
* Conductivity SN = 2997
* System UpLoad Time = Jul 20 2012 06:04:07
** CAST_TH042_120719
* SEACAT PROFILER V3.1c SN 2997   07/20/12  06:03:17.616
# nquan = 9                                 
# nvalues = 987                         
# units = specified
# name 0 = timeJ: Julian Days
# name 1 = prSM: Pressure, Strain Gauge [db]
# name 2 = c0mS/cm: Conductivity [mS/cm]
# name 3 = t090C: Temperature [ITS-90, deg C]
# name 4 = sbeox0ML/L: Oxygen, SBE 43 [ml/l]
# name 5 = depSM: Depth [salt water, m], lat = 47.5
# name 6 = sal00: Salinity, Practical [PSU]
# name 7 = sigma-é00: Density [sigma-theta, kg/m^3]
# name 8 = flag: flag
# span 0 = 201.641516, 201.647222       
# span 1 =     -5.696,     43.173       
# span 2 =   0.100094,  37.986059       
# span 3 =     7.7343,    15.3677       
# span 4 =    -1.7462,    17.6510       
# span 5 =     -5.649,     42.808       
# span 6 =     0.0605,    33.3845       
# span 7 =    -0.8737,    26.0411       
# span 8 = 0.0000e+00, 0.0000e+00       
# interval = seconds: 0.5
# start_time = Jul 19 2012 15:23:47 [Instrument's time stamp, header]
# bad_flag = -9.990e-29
*END*
[from data line 961]
 201.647078      3.978  37.788325    14.2023     7.6056      3.945    30.9963    23.0541 0.0000e+00
 201.647083      3.535  37.751184    14.3495     7.5186      3.505    30.8450    22.9072 0.0000e+00
 201.647089      3.112  37.711102    14.4354     7.4025      3.086    30.7404    22.8089 0.0000e+00
 201.647095      2.717  37.686505    14.4880     7.3474      2.694    30.6766    22.7488 0.0000e+00
 201.647101      2.355  37.674232    14.5271     8.5972      2.335    30.6348    22.7085 0.0000e+00
 201.647106      2.028  37.665279    14.5559     8.2677      2.011    30.6041    22.6788 0.0000e+00
 201.647112      1.737  37.653736    14.5687     7.5841      1.722    30.5837    22.6604 0.0000e+00
 201.647118      1.481  37.632653    14.5692     6.8932      1.469    30.5644    22.6454 0.0000e+00
 201.647124      1.259  37.595034    14.5745     6.4774      1.248    30.5263    22.6150 0.0000e+00
 201.647130      1.072  37.529929    14.5805     6.4650      1.063    30.4629    22.5649 0.0000e+00
 201.647135      0.912  37.411024    14.5653     6.6083      0.904    30.3675    22.4946 0.0000e+00
 201.647141      0.776  37.138028    14.5258     6.7834      0.770    30.1520    22.3368 -9.990e-29
 201.647147      0.669  36.369915    14.4759     6.9219      0.663    29.4980    21.8433 -9.990e-29
 201.647153      0.584  34.094857    14.4254     7.0364      0.579    27.4946    20.3112 -9.990e-29
 201.647159      0.512  27.306878    14.3777     7.0988      0.508    21.5483    15.7490 -9.990e-29
 201.647164      0.449  16.883888    14.3335     7.1451      0.445    12.7570     9.0104 -9.990e-29
 201.647170      0.393   9.397986    14.2916 -9.990e-29      0.390     6.7770     4.4284 -9.990e-29
 201.647176      0.351   6.344767    14.2507 -9.990e-29      0.348     4.4502     2.6463 -9.990e-29
 201.647182      0.319   4.934299    14.2098 -9.990e-29      0.316     3.4057     1.8485 -9.990e-29
 201.647188      0.291   4.068407    14.1677 -9.990e-29      0.289     2.7761     1.3696 -9.990e-29
 201.647193      0.266   3.577751    14.1253 -9.990e-29      0.264     2.4245     1.1046 -9.990e-29
 201.647199      0.242   3.424894    14.0869 -9.990e-29      0.240     2.3170     1.0273 -9.990e-29
 201.647205      0.222   3.288488    14.0557 -9.990e-29      0.220     2.2210     0.9577 -9.990e-29
 201.647211      0.208   3.010506    14.0325 -9.990e-29      0.206     2.0238     0.8088 -9.990e-29
 201.647216      0.201   2.734256    14.0231 -9.990e-29      0.199     1.8282     0.6592 -9.990e-29
 201.647222      0.198   2.568713 -9.990e-29 -9.990e-29      0.196 -9.990e-29 -9.990e-29 -9.990e-29
