data/oxygen options/OCNMS/OCNMS1/raw_data/2012/CAST_KL015_120920faed.cnv
* Sea-Bird SBE19 Data File:
* FileName = C:\Documents and Settings\OCNMS\Desktop\2012 mooring data\Hypoxia Sampling\120920\CAST_KL015_120920.hex
* Software Version 1.25
* Temperature SN = 2997
* Conductivity SN = 2997
* System UpLoad Time = Sep 20 2012 16:10:24
** CAST_KL015_120920
* SEACAT PROFILER V3.1c SN 2997   09/20/12  15:56:28.056
# nquan = 9                                 
# nvalues = 954                         
# units = specified
# name 0 = timeJ: Julian Days
# name 1 = prSM: Pressure, Strain Gauge [db]
# name 2 = c0mS/cm: Conductivity [mS/cm]
# name 3 = t090C: Temperature [ITS-90, deg C]
# name 4 = sbeox0ML/L: Oxygen, SBE 43 [ml/l]
# name 5 = depSM: Depth [salt water, m], lat = 47.5
# name 6 = sal00: Salinity, Practical [PSU]
# name 7 = sigma-é00: Density [sigma-theta, kg/m^3]
# name 8 = flag: flag
# span 0 = 264.649144, 264.654659       
# span 1 =     -5.240,     17.062       
# span 2 =   0.198665,  38.737072       
# span 3 =     9.7436,    13.8482       
# span 4 =    -1.8256,    14.6445       
# span 5 =     -5.196,     16.919       
# span 6 =     0.1243,    33.1261       
# span 7 =    -0.5109,    25.5257       
# span 8 = 0.0000e+00, 0.0000e+00       
# interval = seconds: 0.5
# start_time = Sep 20 2012 15:34:46 [Instrument's time stamp, header]
# bad_flag = -9.990e-29
*END*
[from data line 481]
 264.651927      0.045  37.284201    13.8049    -1.4579      0.045    30.8551    23.0257 -9.990e-29
 264.651933      0.120  38.213270    13.7784    -1.4568      0.119    31.7336    23.7092 -9.990e-29
 264.651939      0.203  38.501900    13.7730    -1.4575      0.201    32.0050    23.9199 -9.990e-29
 264.651944      0.292  38.587012    13.7776    -1.4601      0.290    32.0799    23.9769 -9.990e-29
 264.651950      0.383  38.616438    13.7863    -1.4609      0.380    32.0999    23.9905 -9.990e-29
 264.651956      0.466  38.632771    13.7990    -1.4598      0.462    32.1043    23.9913 -9.990e-29
 264.651962      0.537  38.645097    13.8090    -1.4584      0.533    32.1073    23.9916 -9.990e-29
 264.651968      0.600  38.658104    13.8062    -1.4584      0.595    32.1217    24.0033 -9.990e-29
 264.651973      0.660  38.668055    13.8024    -1.4598      0.654    32.1340    24.0136 -9.990e-29
 264.651979      0.715  38.669755    13.8124    -1.4606      0.709    32.1272    24.0063 -9.990e-29
 264.651985      0.762  38.670536    13.8205    -1.4606      0.756    32.1211    24.0000 -9.990e-29
 264.651991      0.798  38.673142    13.8032    -1.4603      0.791    32.1380    24.0165 -9.990e-29
 264.651997      0.827  38.668744    13.7678    -1.4597      0.820    32.1636    24.0435 -9.990e-29
 264.652002      0.849  38.649826    13.7454    -1.4596      0.842    32.1649    24.0490 -9.990e-29
 264.652008      0.866  38.627049    13.7502    -1.4594      0.859    32.1397    24.0286 -9.990e-29
 264.652014      0.879  38.624973    13.7653    -1.4591      0.872    32.1252    24.0143 -9.990e-29
 264.652020      0.890  38.643650    13.7671    -1.4589      0.883    32.1409    24.0261 -9.990e-29
 264.652025      0.898  38.657578    13.7512    -1.4594      0.891    32.1672    24.0496 -9.990e-29
 264.652031      0.905  38.650056    13.7324    -1.4599      0.897    32.1760    24.0602 -9.990e-29
 264.652037      0.910  38.630690    13.7233    -1.4597      0.902    32.1657    24.0541 -9.990e-29
 264.652043      0.915  38.620750    13.7254    -1.4595      0.907    32.1547    24.0452 -9.990e-29
 264.652049      0.918  38.626053    13.7347    -1.4602      0.910    32.1518    24.0411 -9.990e-29
 264.652054      0.922  38.638563    13.7459    -1.4606      0.914    32.1540    24.0405 -9.990e-29
 264.652060      0.925  38.648088    13.7562    -1.4604      0.917    32.1542    24.0386 -9.990e-29
 264.652066      0.928  38.649422    13.7635    -1.4596      0.920    32.1493    24.0333 -9.990e-29
 264.652072      0.931  38.646612    13.7639    -1.4595      0.923    32.1463    24.0310 -9.990e-29
 264.652078      0.935  38.646025    13.7562    -1.4599      0.927    32.1523    24.0371 -9.990e-29
 264.652083      0.940  38.646903    13.7464    -1.4604      0.932    32.1613    24.0460 -9.990e-29
 264.652089      0.945  38.644838    13.7404    -1.4605      0.937    32.1644    24.0497 -9.990e-29
 264.652095      0.952  38.644944    13.7368    -1.4601      0.944    32.1675    24.0528 -9.990e-29
 264.652101      0.961  38.649626    13.7313    -1.4597      0.953    32.1765    24.0608 -9.990e-29
 264.652106      0.972  38.645538    13.7259    -1.4597      0.964    32.1772    24.0625 -9.990e-29
 264.652112      0.985  38.631734    13.7279    -1.4601      0.977    32.1627    24.0509 -9.990e-29
 264.652118      0.999  38.627376    13.7385    -1.4603      0.991    32.1498    24.0388 -9.990e-29
 264.652124      1.008  38.635082    13.7465    -1.4608      1.000    32.1502    24.0375 -9.990e-29
 264.652130      1.014  38.636013    13.7428    -1.4609      1.006    32.1542    24.0413 -9.990e-29
 264.652135      1.017  38.624712    13.7339    -1.4607      1.009    32.1512    24.0408 -9.990e-29
 264.652141      1.022  38.614717    13.7307    -1.4603      1.013    32.1446    24.0363 -9.990e-29
 264.652147      1.029  38.613457    13.7362    -1.4603      1.020    32.1388    24.0308 -9.990e-29
 264.652153      1.034  38.617592    13.7450    -1.4606      1.025    32.1353    24.0262 -9.990e-29
 264.652159      1.037  38.619769    13.7480    -1.4611      1.028    32.1348    24.0252 -9.990e-29
 264.652164      1.038  38.615074    13.7423    -1.4614      1.029    32.1352    24.0267 -9.990e-29
 264.652170      1.043  38.607358    13.7321    -1.4609      1.034    32.1366    24.0299 -9.990e-29
 264.652176      1.055  38.602611    13.7227    -1.4606      1.046    32.1401    24.0345 -9.990e-29
 264.652182      1.072  38.600689    13.7182    -1.4608      1.063    32.1421    24.0369 -9.990e-29
 264.652188      1.084  38.598490    13.7197    -1.4610      1.075    32.1388    24.0341 -9.990e-29
 264.652193      1.094  38.598145    13.7239    -1.4606      1.085    32.1349    24.0302 -9.990e-29
 264.652199      1.106  38.602580    13.7247    -1.4602      1.097    32.1384    24.0327 -9.990e-29
 264.652205      1.117  38.605966    13.7178    -1.4602      1.108    32.1473    24.0410 -9.990e-29
 264.652211      1.123  38.602757    13.7070    -1.4606      1.114    32.1534    24.0479 -9.990e-29
 264.652216      1.129  38.597664    13.7013    -1.4605      1.120    32.1534    24.0491 -9.990e-29
 264.652222      1.139  38.596807    13.7041    -1.4596      1.129    32.1503    24.0461 -9.990e-29
 264.652228      1.150  38.601869    13.7092    10.9525      1.140    32.1507    24.0454 -9.990e-29
 264.652234      1.158  38.607852    13.7099    14.3206      1.148    32.1556    24.0491 -9.990e-29
 264.652240      1.163  38.608191    13.7095    14.6445      1.153    32.1563    24.0497 -9.990e-29
 264.652245      1.167  38.607286    13.7145    12.2150      1.157    32.1513    24.0448 -9.990e-29
 264.652251      1.169  38.612360    13.7226     6.8641      1.159    32.1492    24.0415 -9.990e-29
 264.652257      1.169  38.619556    13.7259     7.0326      1.159    32.1531    24.0438 -9.990e-29
 264.652263      1.168  38.620561    13.7235     7.1365      1.158    32.1560    24.0466 -9.990e-29
 264.652269      1.165  38.618423    13.7239     7.0325      1.155    32.1537    24.0447 -9.990e-29
 264.652274      1.161  38.624325    13.7287     6.9142      1.151    32.1551    24.0449 -9.990e-29
 264.652280      1.158  38.642238    13.7291     6.8441      1.148    32.1714    24.0574 -9.990e-29
 264.652286      1.162  38.665811    13.7219     6.8072      1.152    32.1993    24.0804 -9.990e-29
 264.652292      1.168  38.682235    13.7134     6.7774      1.158    32.2217    24.0994 -9.990e-29
 264.652297      1.172  38.682612    13.7077     6.7357      1.162    32.2268    24.1045 -9.990e-29
 264.652303      1.175  38.676431    13.7063     6.7346      1.165    32.2223    24.1013 -9.990e-29
 264.652309      1.177  38.679008    13.7093     6.7523      1.167    32.2222    24.1006 -9.990e-29
 264.652315      1.178  38.688199    13.7111     6.7825      1.168    32.2292    24.1056 -9.990e-29
 264.652321      1.178  38.693310    13.7068     6.7729      1.168    32.2375    24.1130 -9.990e-29
 264.652326      1.176  38.691654    13.6998     6.7483      1.166    32.2419    24.1177 -9.990e-29
 264.652332      1.174  38.687773    13.6986     6.7160      1.164    32.2393    24.1160 -9.990e-29
 264.652338      1.170  38.688283    13.7070     6.6904      1.160    32.2327    24.1092 -9.990e-29
 264.652344      1.165  38.695565    13.7173     6.6847      1.155    32.2308    24.1056 -9.990e-29
 264.652350      1.158  38.703665    13.7194     6.7226      1.148    32.2365    24.1096 -9.990e-29
 264.652355      1.149  38.704355    13.7134     6.7511      1.139    32.2422    24.1153 -9.990e-29
 264.652361      1.141  38.697464    13.7069     6.7803      1.131    32.2413    24.1159 -9.990e-29
 264.652367      1.138  38.691759    13.7051     6.7949      1.128    32.2375    24.1133 -9.990e-29
 264.652373      1.140  38.692542    13.7070     6.8001      1.130    32.2367    24.1123 -9.990e-29
 264.652378      1.147  38.695838    13.7105     6.8042      1.137    32.2368    24.1116 -9.990e-29
 264.652384      1.156  38.699344    13.7148     6.8094      1.146    32.2364    24.1105 -9.990e-29
 264.652390      1.162  38.703836    13.7186     6.8054      1.152    32.2374    24.1105 -9.990e-29
 264.652396      1.166  38.708043    13.7204     6.7936      1.156    32.2398    24.1119 -9.990e-29
 264.652402      1.168  38.711435    13.7209     6.7905      1.158    32.2425    24.1139 -9.990e-29
 264.652407      1.169  38.712954    13.7211     6.7997      1.159    32.2437    24.1149 -9.990e-29
 264.652413      1.168  38.712970    13.7206     6.8125      1.158    32.2442    24.1153 -9.990e-29
 264.652419      1.166  38.712650    13.7183     6.8005      1.156    32.2458    24.1170 -9.990e-29
 264.652425      1.161  38.711591    13.7153     6.7740      1.151    32.2473    24.1188 -9.990e-29
 264.652431      1.159  38.710647    13.7141     6.7413      1.149    32.2475    24.1192 -9.990e-29
 264.652436      1.164  38.710265    13.7148     6.7389      1.154    32.2465    24.1183 -9.990e-29
 264.652442      1.170  38.709958    13.7148     6.7616      1.160    32.2462    24.1181 -9.990e-29
 264.652448      1.175  38.708221    13.7122     6.7380      1.165    32.2468    24.1191 -9.990e-29
 264.652454      1.179  38.703321    13.7092     6.7134      1.169    32.2448    24.1181 -9.990e-29
 264.652459      1.182  38.698835    13.7100     6.6854      1.172    32.2400    24.1142 -9.990e-29
 264.652465      1.184  38.700014    13.7143     6.7035      1.174    32.2374    24.1114 -9.990e-29
 264.652471      1.186  38.703969    13.7164     6.7676      1.176    32.2393    24.1124 -9.990e-29
 264.652477      1.187  38.704232    13.7123     6.7950      1.177    32.2430    24.1161 -9.990e-29
 264.652483      1.188  38.698939    13.7068     6.7797      1.178    32.2427    24.1170 -9.990e-29
 264.652488      1.188  38.692264    13.7068     6.7402      1.178    32.2366    24.1122 -9.990e-29
 264.652494      1.188  38.692698    13.7124     6.7201      1.178    32.2322    24.1077 -9.990e-29
 264.652500      1.187  38.700843    13.7172     6.7402      1.177    32.2358    24.1095 -9.990e-29
 264.652506      1.186  38.708533    13.7158     6.7802      1.176    32.2441    24.1162 -9.990e-29
 264.652512      1.184  38.709798    13.7095     6.7875      1.174    32.2506    24.1225 -9.990e-29
 264.652517      1.182  38.701867    13.7046     6.7696      1.172    32.2473    24.1210 -9.990e-29
 264.652523      1.179  38.693241    13.7085     6.7470      1.169    32.2360    24.1115 -9.990e-29
 264.652529      1.175  38.694853    13.7216     6.7418      1.165    32.2265    24.1015 -9.990e-29
 264.652535      1.170  38.701591    13.7336     6.7678      1.160    32.2227    24.0961 -9.990e-29
 264.652541      1.168  38.705096    13.7358     6.7989      1.158    32.2241    24.0967 -9.990e-29
 264.652546      1.173  38.703344    13.7303     6.7943      1.163    32.2271    24.1001 -9.990e-29
 264.652552      1.181  38.697386    13.7277     6.7678      1.171    32.2237    24.0981 -9.990e-29
 264.652558      1.188  38.694433    13.7326     6.7507      1.178    32.2169    24.0918 -9.990e-29
 264.652564      1.194  38.698413    13.7389     6.7261      1.184    32.2152    24.0893 -9.990e-29
 264.652569      1.200  38.701770    13.7416     6.6914      1.190    32.2161    24.0894 -9.990e-29
 264.652575      1.207  38.699478    13.7407     6.6582      1.197    32.2147    24.0885 -9.990e-29
 264.652581      1.215  38.692989    13.7372     6.6487      1.205    32.2116    24.0868 -9.990e-29
 264.652587      1.219  38.687686    13.7323     6.6704      1.209    32.2108    24.0872 -9.990e-29
 264.652593      1.217  38.687170    13.7244     6.7207      1.207    32.2170    24.0935 -9.990e-29
 264.652598      1.212  38.685170    13.7119     6.7799      1.202    32.2257    24.1028 -9.990e-29
 264.652604      1.208  38.680166    13.6993     6.8291      1.198    32.2316    24.1099 -9.990e-29
 264.652610      1.205  38.677835    13.6926     6.8591      1.195    32.2351    24.1140 -9.990e-29
 264.652616      1.203  38.680135    13.6956     6.8707      1.193    32.2347    24.1131 -9.990e-29
 264.652622      1.201  38.686791    13.7074     6.8615      1.191    32.2310    24.1078 -9.990e-29
 264.652627      1.199  38.696053    13.7202     6.8138      1.189    32.2288    24.1035 -9.990e-29
 264.652633      1.198  38.705167    13.7283     6.7521      1.188    32.2304    24.1031 -9.990e-29
 264.652639      1.197  38.711743    13.7330     6.7319      1.187    32.2326    24.1038 -9.990e-29
 264.652645      1.197  38.715048    13.7359     6.7708      1.187    32.2332    24.1037 -9.990e-29
 264.652650      1.196  38.715579    13.7370     6.8299      1.186    32.2328    24.1032 -9.990e-29
 264.652656      1.196  38.711810    13.7359     6.8470      1.186    32.2302    24.1014 -9.990e-29
 264.652662      1.196  38.702080    13.7342     6.7980      1.186    32.2226    24.0959 -9.990e-29
 264.652668      1.196  38.695831    13.7349     6.7271      1.186    32.2162    24.0908 -9.990e-29
 264.652674      1.196  38.702657    13.7392     6.6991      1.186    32.2189    24.0920 -9.990e-29
 264.652679      1.196  38.713725    13.7430     6.7106      1.186    32.2260    24.0967 -9.990e-29
 264.652685      1.196  38.718575    13.7405     6.7429      1.186    32.2326    24.1023 -9.990e-29
 264.652691      1.197  38.713587    13.7312     6.7636      1.187    32.2358    24.1067 -9.990e-29
 264.652697      1.198  38.699392    13.7212     6.7855      1.188    32.2310    24.1050 -9.990e-29
 264.652703      1.199  38.687881    13.7177     6.8070      1.189    32.2233    24.0998 -9.990e-29
 264.652708      1.200  38.690036    13.7218     6.8206      1.190    32.2219    24.0978 -9.990e-29
 264.652714      1.202  38.700881    13.7294     6.8136      1.192    32.2255    24.0991 -9.990e-29
 264.652720      1.204  38.709658    13.7355     6.7952      1.194    32.2285    24.1002 -9.990e-29
 264.652726      1.206  38.712379    13.7366     6.7894      1.196    32.2301    24.1012 -9.990e-29
 264.652731      1.210  38.710431    13.7329     6.7984      1.200    32.2314    24.1030 -9.990e-29
 264.652737      1.210  38.707940    13.7282     6.7915      1.200    32.2331    24.1052 -9.990e-29
 264.652743      1.203  38.707183    13.7244     6.7646      1.193    32.2356    24.1079 -9.990e-29
 264.652749      1.197  38.706027    13.7215     6.7223      1.187    32.2369    24.1095 -9.990e-29
 264.652755      1.199  38.704610    13.7200     6.6995      1.189    32.2369    24.1098 -9.990e-29
 264.652760      1.205  38.704961    13.7188     6.7089      1.195    32.2382    24.1111 -9.990e-29
 264.652766      1.213  38.704744    13.7147     6.7335      1.203    32.2415    24.1144 -9.990e-29
 264.652772      1.221  38.700867    13.7073     6.7637      1.211    32.2441    24.1179 -9.990e-29
 264.652778      1.232  38.694320    13.7015     6.7485      1.222    32.2429    24.1182 -9.990e-29
 264.652784      1.240  38.689818    13.7014     6.7267      1.230    32.2388    24.1151 -9.990e-29
 264.652789      1.243  38.690881    13.7060     6.7168      1.233    32.2359    24.1119 -9.990e-29
 264.652795      1.245  38.695559    13.7109     6.7229      1.235    32.2361    24.1111 -9.990e-29
 264.652801      1.250  38.699441    13.7136     6.7249      1.240    32.2375    24.1115 -9.990e-29
 264.652807      1.254  38.699858    13.7138     6.6846      1.244    32.2377    24.1117 -9.990e-29
 264.652812      1.253  38.697924    13.7126     6.6370      1.243    32.2369    24.1113 -9.990e-29
 264.652818      1.252  38.696663    13.7129     6.6430      1.242    32.2355    24.1101 -9.990e-29
 264.652824      1.255  38.697193    13.7136     6.7119      1.245    32.2354    24.1099 -9.990e-29
 264.652830      1.261  38.696856    13.7088     6.7964      1.250    32.2391    24.1138 -9.990e-29
 264.652836      1.268  38.691277    13.6976     6.8192      1.257    32.2434    24.1193 -9.990e-29
 264.652841      1.270  38.679179    13.6873     6.7814      1.259    32.2408    24.1194 -9.990e-29
