data/oxygen options/OCNMS/OCNMS1/raw_data/2012/CAST_CA015_120523faed.cnv
* Sea-Bird SBE19 Data File:
* FileName = C:\Documents and Settings\OCNMS\Desktop\2012 mooring data\Deployment May\CAST_CA015_120523.hex
* Software Version 1.25
* Temperature SN = 2997
* Conductivity SN = 2997
* System UpLoad Time = May 25 2012 15:04:07
** CAST_CA015_120523
* SEACAT PROFILER V3.1c SN 2997   05/25/12  15:02:13.970
# nquan = 9                                 
# nvalues = 881                         
# units = specified
# name 0 = timeJ: Julian Days
# name 1 = prSM: Pressure, Strain Gauge [db]
# name 2 = c0mS/cm: Conductivity [mS/cm]
# name 3 = t090C: Temperature [ITS-90, deg C]
# name 4 = sbeox0ML/L: Oxygen, SBE 43 [ml/l]
# name 5 = depSM: Depth [salt water, m], lat = 47.5
# name 6 = sal00: Salinity, Practical [PSU]
# name 7 = sigma-é00: Density [sigma-theta, kg/m^3]
# name 8 = flag: flag
# span 0 = 144.614444, 144.619537       
# span 1 =     -5.264,     13.216       
# span 2 =   0.109311,  35.093863       
# span 3 =     9.8221,    11.0787       
# span 4 =    -1.9196,    19.6555       
# span 5 =     -5.220,     13.105       
# span 6 =     0.0713,    32.0742       
# span 7 =    -0.3442,    24.6976       
# span 8 = 0.0000e+00, 0.0000e+00       
# interval = seconds: 0.5
# start_time = May 23 2012 14:44:48 [Instrument's time stamp, header]
# bad_flag = -9.990e-29
*END*
 144.614444     -5.264 -9.990e-29    11.0643    -1.8917     -5.220 -9.990e-29 -9.990e-29 -9.990e-29
 144.614450     -5.262   0.109311    11.0661    -1.8919     -5.218     0.0713    -0.3436 -9.990e-29
 144.614456     -5.255   0.109680    11.0695    -1.8921     -5.211     0.0715    -0.3438 -9.990e-29
 144.614462     -5.238   0.110234    11.0737    -1.8924     -5.194     0.0719    -0.3439 -9.990e-29
 144.614468     -5.215   0.110603    11.0773    -1.8928     -5.172     0.0721    -0.3441 -9.990e-29
 144.614473     -5.193   0.110726    11.0787    -1.8934     -5.150     0.0722    -0.3442 -9.990e-29
 144.614479     -5.175   0.110767    11.0767    -1.8940     -5.132     0.0722    -0.3440 -9.990e-29
 144.614485     -5.155   0.110782    11.0734    -1.8947     -5.112     0.0722    -0.3436 -9.990e-29
 144.614491     -5.127   0.110792    11.0707    -1.8951     -5.084     0.0722    -0.3433 -9.990e-29
 144.614497     -5.095   0.110808    11.0678    -1.8956     -5.053     0.0723    -0.3430 -9.990e-29
 144.614502     -5.064   0.110854    11.0635    -1.8958     -5.022     0.0723    -0.3425 -9.990e-29
 144.614508     -5.037   0.110988    11.0579    -1.8959     -4.995     0.0724    -0.3419 -9.990e-29
 144.614514     -5.012   0.111389    11.0508    -1.8966     -4.970     0.0727    -0.3410 -9.990e-29
 144.614520     -4.988   0.112038    11.0417    -1.8971     -4.946     0.0731    -0.3397 -9.990e-29
 144.614525     -4.964   0.112693    11.0307    -1.8975     -4.923     0.0735    -0.3382 -9.990e-29
 144.614531     -4.937   0.113122    11.0180    -1.8978     -4.896     0.0738    -0.3367 -9.990e-29
 144.614537     -4.910   0.113343    11.0052    -1.8983     -4.869     0.0740    -0.3353 -9.990e-29
 144.614543     -4.886   0.113651    10.9946    -1.8987     -4.845     0.0742    -0.3340 -9.990e-29
 144.614549     -4.859   0.113902    10.9864    -1.8990     -4.819     0.0744    -0.3331 -9.990e-29
 144.614554     -4.827   0.113877    10.9798    -1.8991     -4.787     0.0744    -0.3324 -9.990e-29
 144.614560     -4.797   0.113545    10.9725    -1.8991     -4.757     0.0742    -0.3318 -9.990e-29
 144.614566     -4.771   0.113016    10.9628    -1.8992     -4.731     0.0738    -0.3311 -9.990e-29
 144.614572     -4.748   0.112692    10.9522    -1.8989     -4.708     0.0736    -0.3302 -9.990e-29
 144.614578     -4.725   0.112694    10.9428    -1.8986     -4.686     0.0737    -0.3292 -9.990e-29
 144.614583     -4.702   0.113022    10.9341    -1.8983     -4.663     0.0739    -0.3282 -9.990e-29
 144.614589     -4.678   0.113561    10.9252    -1.8978     -4.639     0.0743    -0.3270 -9.990e-29
 144.614595     -4.649   0.113924    10.9173    -1.8975     -4.610     0.0745    -0.3260 -9.990e-29
 144.614601     -4.616   0.114041    10.9118    -1.8973     -4.578     0.0746    -0.3254 -9.990e-29
 144.614606     -4.579   0.114068    10.9089    -1.8969     -4.541     0.0746    -0.3251 -9.990e-29
 144.614612     -4.546   0.114040    10.9080    -1.8965     -4.508     0.0746    -0.3250 -9.990e-29
 144.614618     -4.517   0.113921    10.9093    -1.8962     -4.479     0.0745    -0.3252 -9.990e-29
 144.614624     -4.493   0.113552    10.9134    -1.8957     -4.456     0.0743    -0.3258 -9.990e-29
 144.614630     -4.470   0.112994    10.9195    -1.8954     -4.433     0.0739    -0.3267 -9.990e-29
 144.614635     -4.447   0.112611    10.9267    -1.8953     -4.410     0.0736    -0.3276 -9.990e-29
 144.614641     -4.424   0.112447    10.9348    -1.8953     -4.387     0.0735    -0.3285 -9.990e-29
 144.614647     -4.398   0.112284    10.9427    -1.8947     -4.361     0.0734    -0.3294 -9.990e-29
 144.614653     -4.367   0.111903    10.9502    -1.8944     -4.331     0.0731    -0.3304 -9.990e-29
 144.614659     -4.336   0.111349    10.9579    -1.8941     -4.300     0.0728    -0.3314 -9.990e-29
 144.614664     -4.308   0.110992    10.9659    -1.8932     -4.272     0.0725    -0.3324 -9.990e-29
 144.614670     -4.284   0.110909    10.9741    -1.8923     -4.248     0.0725    -0.3333 -9.990e-29
 144.614676     -4.257   0.110988    10.9820    -1.8920     -4.222     0.0725    -0.3341 -9.990e-29
 144.614682     -4.230   0.111334    10.9883    -1.8920     -4.195     0.0727    -0.3345 -9.990e-29
 144.614688     -4.205   0.111855    10.9928    -1.8918     -4.170     0.0730    -0.3347 -9.990e-29
 144.614693     -4.182   0.112141    10.9982    -1.8920     -4.147     0.0732    -0.3352 -9.990e-29
 144.614699     -4.157   0.112018    11.0060    -1.8920     -4.122     0.0731    -0.3360 -9.990e-29
 144.614705     -4.130   0.111875    11.0149    -1.8920     -4.096     0.0730    -0.3370 -9.990e-29
 144.614711     -4.099   0.112076    11.0260    -1.8921     -4.065     0.0731    -0.3380 -9.990e-29
 144.614716     -4.066   0.112336    11.0403    -1.8922     -4.032     0.0733    -0.3394 -9.990e-29
 144.614722     -4.038   0.112449    11.0539    -1.8922     -4.004     0.0733    -0.3407 -9.990e-29
 144.614728     -4.017   0.112565    11.0624    -1.8921     -3.984     0.0734    -0.3416 -9.990e-29
 144.614734     -4.003   0.112838    11.0663    -1.8924     -3.970     0.0736    -0.3418 -9.990e-29
 144.614740     -3.989   0.113633    11.0682    -1.8926     -3.956     0.0741    -0.3416 -9.990e-29
 144.614745     -3.970   0.114902    11.0683    -1.8931     -3.937     0.0749    -0.3410 -9.990e-29
 144.614751     -3.950   0.116122    11.0674    -1.8933     -3.917     0.0757    -0.3403 -9.990e-29
 144.614757     -3.932   0.117259    11.0664    -1.8922     -3.899     0.0764    -0.3396 -9.990e-29
 144.614763     -3.915   0.118170    11.0651    -1.8920     -3.882     0.0770    -0.3390 -9.990e-29
 144.614769     -3.896   0.118409    11.0635    -1.8925     -3.864     0.0772    -0.3387 -9.990e-29
 144.614774     -3.876   0.118295    11.0625    -1.8927     -3.844     0.0771    -0.3387 -9.990e-29
 144.614780     -3.853   0.118783    11.0610    -1.8929     -3.821     0.0774    -0.3383 -9.990e-29
 144.614786     -3.826   0.120525    11.0570    -1.8930     -3.794     0.0785    -0.3370 -9.990e-29
 144.614792     -3.796   0.123628    11.0498    -1.8932     -3.764     0.0805    -0.3346 -9.990e-29
 144.614797     -3.771   0.128909    11.0404    -1.8929     -3.740     0.0840    -0.3310 -9.990e-29
 144.614803     -3.749   0.140641    11.0321    -1.8930     -3.718     0.0916    -0.3241 -9.990e-29
 144.614809     -3.725   0.167825    11.0265    -1.8930     -3.694     0.1094    -0.3096 -9.990e-29
 144.614815     -3.701   0.221244    11.0222    -1.8931     -3.670     0.1447    -0.2814 -9.990e-29
 144.614821     -3.680   0.289643    11.0185    -1.8929     -3.649     0.1905    -0.2451 -9.990e-29
 144.614826     -3.660   0.334680    11.0156    -1.8927     -3.629     0.2210    -0.2209 -9.990e-29
 144.614832     -3.640   0.342777    11.0128    -1.8926     -3.610     0.2265    -0.2163 -9.990e-29
 144.614838     -3.620   0.336356    11.0102    -1.8932     -3.590     0.2222    -0.2194 -9.990e-29
 144.614844     -3.598   0.331214    11.0092    -1.8931     -3.568     0.2187    -0.2221 -9.990e-29
 144.614850     -3.571   0.328799    11.0096    -1.8933     -3.541     0.2170    -0.2234 -9.990e-29
 144.614855     -3.544   0.328660    11.0093    -1.8934     -3.514     0.2169    -0.2234 -9.990e-29
 144.614861     -3.519   0.330060    11.0078    -1.8937     -3.490     0.2179    -0.2225 -9.990e-29
 144.614867     -3.493   0.333758    11.0060    -1.8939     -3.464     0.2204    -0.2204 -9.990e-29
 144.614873     -3.470   0.341366    11.0038    -1.8940     -3.441     0.2256    -0.2161 -9.990e-29
 144.614878     -3.452   0.354169    11.0004    -1.8940     -3.423     0.2343    -0.2089 -9.990e-29
 144.614884     -3.438   0.375396    10.9954    -1.8939     -3.409     0.2488    -0.1970 -9.990e-29
 144.614890     -3.424   0.403455    10.9906    -1.8942     -3.395     0.2680    -0.1815 -9.990e-29
 144.614896     -3.403   0.425931    10.9876    -1.8944     -3.375     0.2835    -0.1690 -9.990e-29
 144.614902     -3.379   0.434590    10.9860    -1.8947     -3.351     0.2894    -0.1642 -9.990e-29
 144.614907     -3.355   0.433228    10.9844    -1.8948     -3.327     0.2885    -0.1648 -9.990e-29
 144.614913     -3.329   0.426121    10.9827    -1.8949     -3.301     0.2836    -0.1684 -9.990e-29
 144.614919     -3.303   0.415420    10.9813    -1.8950     -3.275     0.2763    -0.1740 -9.990e-29
 144.614925     -3.285   0.402912    10.9809    -1.8950     -3.258     0.2677    -0.1807 -9.990e-29
 144.614931     -3.274   0.390192    10.9813    -1.8950     -3.247     0.2590    -0.1876 -9.990e-29
 144.614936     -3.260   0.379122    10.9808    -1.8948     -3.233     0.2515    -0.1935 -9.990e-29
 144.614942     -3.238   0.371000    10.9781    -1.8944     -3.211     0.2459    -0.1975 -9.990e-29
 144.614948     -3.210   0.366621    10.9741    -1.8940     -3.183     0.2430    -0.1994 -9.990e-29
 144.614954     -3.185   0.365130    10.9703    -1.8940     -3.158     0.2420    -0.1998 -9.990e-29
 144.614959     -3.164   0.363986    10.9678    -1.8941     -3.138     0.2412    -0.2002 -9.990e-29
 144.614965     -3.146   0.361111    10.9668    -1.8942     -3.120     0.2393    -0.2016 -9.990e-29
 144.614971     -3.129   0.355993    10.9667    -1.8941     -3.103     0.2358    -0.2043 -9.990e-29
 144.614977     -3.114   0.349007    10.9673    -1.8940     -3.088     0.2310    -0.2081 -9.990e-29
 144.614983     -3.098   0.341910    10.9693    -1.8939     -3.072     0.2262    -0.2121 -9.990e-29
 144.614988     -3.082   0.337417    10.9735    -1.8940     -3.056     0.2231    -0.2150 -9.990e-29
 144.614994     -3.063   0.336183    10.9796    -1.8939     -3.037     0.2222    -0.2163 -9.990e-29
 144.615000     -3.040   0.336007    10.9855    -1.8940     -3.015     0.2221    -0.2170 -9.990e-29
 144.615006     -3.013   0.333890    10.9889    -1.8941     -2.988     0.2206    -0.2185 -9.990e-29
 144.615012     -2.983   0.329222    10.9897    -1.8939     -2.958     0.2174    -0.2210 -9.990e-29
 144.615017     -2.958   0.324636    10.9897    -1.8937     -2.933     0.2143    -0.2235 -9.990e-29
 144.615023     -2.940   0.322324    10.9904    -1.8938     -2.915     0.2128    -0.2248 -9.990e-29
 144.615029     -2.929   0.321970    10.9923    -1.8942     -2.905     0.2125    -0.2252 -9.990e-29
 144.615035     -2.918   0.321441    10.9941    -1.8941     -2.894     0.2121    -0.2257 -9.990e-29
 144.615041     -2.903   0.318927    10.9950    -1.8942     -2.879     0.2104    -0.2271 -9.990e-29
 144.615046     -2.887   0.315503    10.9952    -1.8943     -2.863     0.2081    -0.2289 -9.990e-29
 144.615052     -2.874   0.313246    10.9946    -1.8942     -2.850     0.2066    -0.2301 -9.990e-29
 144.615058     -2.863   0.312469    10.9943    -1.8942     -2.839     0.2061    -0.2304 -9.990e-29
 144.615064     -2.853   0.312693    10.9956    -1.8943     -2.829     0.2062    -0.2305 -9.990e-29
 144.615069     -2.843   0.313663    10.9971    -1.8943     -2.819     0.2069    -0.2301 -9.990e-29
 144.615075     -2.833   0.314456    10.9966    -1.8940     -2.809     0.2074    -0.2296 -9.990e-29
 144.615081     -2.822   0.313363    10.9949    -1.8940     -2.798     0.2067    -0.2300 -9.990e-29
 144.615087     -2.810   0.309479    10.9937    -1.8943     -2.787     0.2040    -0.2320 -9.990e-29
 144.615093     -2.795   0.304269    10.9931    -1.8945     -2.772     0.2005    -0.2347 -9.990e-29
 144.615098     -2.778   0.300197    10.9931    -1.8945     -2.755     0.1978    -0.2368 -9.990e-29
 144.615104     -2.756   0.297372    10.9942    -1.8946     -2.733     0.1959    -0.2384 -9.990e-29
 144.615110     -2.728   0.294240    10.9952    -1.8947     -2.705     0.1937    -0.2402 -9.990e-29
 144.615116     -2.697   0.290501    10.9955    -1.8948     -2.675     0.1912    -0.2422 -9.990e-29
 144.615122     -2.669   0.287260    10.9966    -1.8951     -2.647     0.1890    -0.2440 -9.990e-29
 144.615127     -2.647   0.285178    10.9984    -1.8952     -2.625     0.1876    -0.2453 -9.990e-29
 144.615133     -2.629   0.283139    10.9982    -1.8952     -2.607     0.1862    -0.2464 -9.990e-29
 144.615139     -2.615   0.280087    10.9956    -1.8951     -2.593     0.1842    -0.2477 -9.990e-29
 144.615145     -2.603   0.276932    10.9927    -1.8953     -2.581     0.1821    -0.2491 -9.990e-29
 144.615150     -2.593   0.275004    10.9905    -1.8952     -2.571     0.1808    -0.2499 -9.990e-29
 144.615156     -2.584   0.274501    10.9888    -1.8951     -2.562     0.1805    -0.2500 -9.990e-29
 144.615162     -2.575   0.274201    10.9869    -1.8950     -2.554     0.1803    -0.2499 -9.990e-29
 144.615168     -2.566   0.272596    10.9844    -1.8947     -2.545     0.1792    -0.2505 -9.990e-29
 144.615174     -2.556   0.269761    10.9818    -1.8944     -2.535     0.1773    -0.2517 -9.990e-29
 144.615179     -2.545   0.266345    10.9806    -1.8940     -2.524     0.1750    -0.2534 -9.990e-29
 144.615185     -2.532   0.262218    10.9809    -1.8939     -2.511     0.1723    -0.2556 -9.990e-29
 144.615191     -2.516   0.257412    10.9815    -1.8935     -2.495     0.1690    -0.2582 -9.990e-29
 144.615197     -2.497   0.252714    10.9818    -1.8932     -2.476     0.1659    -0.2607 -9.990e-29
 144.615203     -2.472   0.249054    10.9829    -1.8932     -2.451     0.1634    -0.2627 -9.990e-29
 144.615208     -2.444   0.247085    10.9853    -1.8932     -2.424     0.1621    -0.2640 -9.990e-29
 144.615214     -2.422   0.246950    10.9887    -1.8932     -2.402     0.1620    -0.2644 -9.990e-29
 144.615220     -2.406   0.247912    10.9936    -1.8939     -2.386     0.1626    -0.2645 -9.990e-29
 144.615226     -2.397   0.248486    10.9996    -1.8944     -2.377     0.1630    -0.2648 -9.990e-29
 144.615231     -2.393   0.247774    11.0059    -1.8952     -2.373     0.1625    -0.2658 -9.990e-29
 144.615237     -2.386   0.246486    11.0123    -1.8959     -2.366     0.1616    -0.2672 -9.990e-29
 144.615243     -2.367   0.245672    11.0184    -1.8963     -2.347     0.1610    -0.2682 -9.990e-29
 144.615249     -2.344   0.245352    11.0232    -1.8965     -2.324     0.1608    -0.2689 -9.990e-29
 144.615255     -2.322   0.245099    11.0255    -1.8965     -2.303     0.1606    -0.2693 -9.990e-29
 144.615260     -2.301   0.244574    11.0249    -1.8964     -2.282     0.1603    -0.2695 -9.990e-29
 144.615266     -2.285   0.243628    11.0201    -1.8961     -2.266     0.1597    -0.2695 -9.990e-29
 144.615272     -2.275   0.242659    11.0109    -1.8958     -2.256     0.1590    -0.2690 -9.990e-29
 144.615278     -2.268   0.242033    10.9989    -1.8960     -2.249     0.1587    -0.2681 -9.990e-29
 144.615284     -2.258   0.240915    10.9857    -1.8961     -2.239     0.1580    -0.2673 -9.990e-29
 144.615289     -2.245   0.238367    10.9736    -1.8960     -2.226     0.1563    -0.2674 -9.990e-29
 144.615295     -2.232   0.235416    10.9648    -1.8960     -2.213     0.1544    -0.2680 -9.990e-29
 144.615301     -2.223   0.233663    10.9600    -1.8959     -2.204     0.1532    -0.2684 -9.990e-29
 144.615307     -2.217   0.233536    10.9585    -1.8959     -2.199     0.1532    -0.2683 -9.990e-29
 144.615312     -2.213   0.234314    10.9600    -1.8958     -2.195     0.1537    -0.2681 -9.990e-29
 144.615318     -2.209   0.234817    10.9638    -1.8958     -2.191     0.1540    -0.2682 -9.990e-29
 144.615324     -2.198   0.234606    10.9671    -1.8959     -2.180     0.1538    -0.2687 -9.990e-29
 144.615330     -2.179   0.233952    10.9680    -1.8959     -2.161     0.1534    -0.2691 -9.990e-29
 144.615336     -2.157   0.233090    10.9679    -1.8960     -2.139     0.1528    -0.2695 -9.990e-29
 144.615341     -2.139   0.231976    10.9682    -1.8964     -2.121     0.1521    -0.2702 -9.990e-29
 144.615347     -2.126   0.230786    10.9689    -1.8967     -2.108     0.1513    -0.2709 -9.990e-29
 144.615353     -2.115   0.230143    10.9700    -1.8966     -2.097     0.1508    -0.2713 -9.990e-29
 144.615359     -2.100   0.230297    10.9713    -1.8963     -2.082     0.1509    -0.2714 -9.990e-29
 144.615365     -2.085   0.230343    10.9726    -1.8960     -2.068     0.1510    -0.2715 -9.990e-29
