data/oxygen options/OCNMS/OCNMS1/raw_data/2012/CAST_KL027_120524faed.cnv
* Sea-Bird SBE19 Data File:
* FileName = C:\Documents and Settings\OCNMS\Desktop\2012 mooring data\Deployment May\CAST_KLO27_120524.hex
* Software Version 1.25
* Temperature SN = 2997
* Conductivity SN = 2997
* System UpLoad Time = May 24 2012 19:39:26
** CAST_KLO27_120524
* SEACAT PROFILER V3.1c SN 2997   05/24/12  19:38:39.636
# nquan = 9                                 
# nvalues = 1157                        
# units = specified
# name 0 = timeJ: Julian Days
# name 1 = prSM: Pressure, Strain Gauge [db]
# name 2 = c0mS/cm: Conductivity [mS/cm]
# name 3 = t090C: Temperature [ITS-90, deg C]
# name 4 = sbeox0ML/L: Oxygen, SBE 43 [ml/l]
# name 5 = depSM: Depth [salt water, m], lat = 47.5
# name 6 = sal00: Salinity, Practical [PSU]
# name 7 = sigma-é00: Density [sigma-theta, kg/m^3]
# name 8 = flag: flag
# span 0 = 145.691111, 145.697801       
# span 1 =     -6.000,     28.133       
# span 2 =   0.060965,  35.530342       
# span 3 =     9.3510,    12.6841       
# span 4 =    -1.8741,    18.6239       
# span 5 =     -5.950,     27.896       
# span 6 =     0.0398,    32.2811       
# span 7 =    -0.5315,    24.9346       
# span 8 = 0.0000e+00, 0.0000e+00       
# interval = seconds: 0.5
# start_time = May 24 2012 16:35:12 [Instrument's time stamp, header]
# bad_flag = -9.990e-29
*END*
[from data line 1121]
 145.697598      0.996  29.086904    12.5574     7.6950      0.988    24.2233    18.1401 -9.990e-29
 145.697604      0.921  29.088776    12.5581     7.7513      0.913    24.2246    18.1410 -9.990e-29
 145.697610      0.858  29.087866    12.5583     7.7982      0.851    24.2237    18.1402 -9.990e-29
 145.697616      0.800  29.086876    12.5587     7.7984      0.793    24.2225    18.1393 -9.990e-29
 145.697622      0.747  29.086725    12.5592     8.8617      0.741    24.2221    18.1388 -9.990e-29
 145.697627      0.699  29.087209    12.5590     8.8975      0.693    24.2227    18.1393 -9.990e-29
 145.697633      0.654  29.087298    12.5572     8.3843      0.649    24.2239    18.1406 -9.990e-29
 145.697639      0.609  29.084872    12.5552     7.8467      0.604    24.2230    18.1402 -9.990e-29
 145.697645      0.561  29.077258    12.5548     8.6566      0.556    24.2163    18.1351 -9.990e-29
 145.697650      0.508  29.055422    12.5558     8.1365      0.504    24.1956    18.1190 -9.990e-29
 145.697656      0.449  28.990808    12.5562     7.6553      0.445    24.1361    18.0729 -9.990e-29
 145.697662      0.390  28.797263    12.5536     7.2004      0.387    23.9604    17.9376 -9.990e-29
 145.697668      0.331  28.214491    12.5451     7.0042      0.328    23.4323    17.5313 -9.990e-29
 145.697674      0.268  26.466580    12.5225     7.0765      0.266    21.8541    16.3167 -9.990e-29
 145.697679      0.203  21.225220    12.4753     7.1363      0.201    17.1827    12.7203 -9.990e-29
 145.697685      0.138  13.731575    12.4056     7.2413      0.137    10.7204     7.7476 -9.990e-29
 145.697691      0.079  10.807460    12.3258     7.3180      0.078     8.2930     5.8860 -9.990e-29
 145.697697      0.031  13.622840    12.2457     7.3514      0.031    10.6737     7.7345 -9.990e-29
 145.697703     -0.005  14.629911    12.1684     7.3827     -0.005    11.5551     8.4257 -9.990e-29
 145.697708     -0.033  10.737516    12.0929     7.4244     -0.033     8.2863     5.9126 -9.990e-29
 145.697714     -0.052   6.988246    12.0212     7.4502     -0.052     5.2312     3.5602 -9.990e-29
 145.697720     -0.066   5.388724    11.9567     7.3964     -0.065     3.9681     2.5902 -9.990e-29
 145.697726     -0.073   4.454256    11.9008     7.4763     -0.072     3.2435     2.0353 -9.990e-29
 145.697731     -0.080   3.715603    11.8538     7.5050     -0.079     2.6779     1.6020 -9.990e-29
 145.697737     -0.091   3.171003    11.8148     7.4060     -0.090     2.2657     1.2864 -9.990e-29
 145.697743     -0.103   2.979707    11.7833     7.4645     -0.102     2.1229     1.1791 -9.990e-29
 145.697749     -0.111   2.899494    11.7598 -9.990e-29     -0.110     2.0637     1.1358 -9.990e-29
 145.697755     -0.116   2.877246    11.7431 -9.990e-29     -0.115     2.0479     1.1255 -9.990e-29
 145.697760     -0.119   2.984239    11.7287 -9.990e-29     -0.118     2.1294     1.1905 -9.990e-29
 145.697766     -0.120   3.094709    11.7128 -9.990e-29     -0.119     2.2139     1.2581 -9.990e-29
 145.697772     -0.119   3.179036    11.6974 -9.990e-29     -0.118     2.2789     1.3104 -9.990e-29
 145.697778     -0.116   3.436732    11.6856 -9.990e-29     -0.115     2.4761     1.4650 -9.990e-29
 145.697784     -0.110   3.670276    11.6763 -9.990e-29     -0.109     2.6557     1.6057 -9.990e-29
 145.697789     -0.102   3.526265    11.6678 -9.990e-29     -0.101     2.5458     1.5213 -9.990e-29
 145.697795     -0.094   3.592267    11.6638 -9.990e-29     -0.093     2.5967     1.5613 -9.990e-29
 145.697801     -0.092   4.028833 -9.990e-29 -9.990e-29     -0.091 -9.990e-29 -9.990e-29 -9.990e-29
