data/oxygen options/OCNMS/OCNMS1/raw_data/2012/CAST_KL027_121010faed.cnv
* Sea-Bird SBE19 Data File:
* FileName = C:\Documents and Settings\OCNMS\Desktop\2012 mooring data\RECOVERY\CAST_KL027_121010.hex
* Software Version 1.25
* Temperature SN = 2997
* Conductivity SN = 2997
* System UpLoad Time = Oct 10 2012 16:35:02
** CAST_KL027_121010
* SEACAT PROFILER V3.1c SN 2997   10/10/12  16:33:59.606
# nquan = 9                                 
# nvalues = 978                         
# units = specified
# name 0 = timeJ: Julian Days
# name 1 = prSM: Pressure, Strain Gauge [db]
# name 2 = c0mS/cm: Conductivity [mS/cm]
# name 3 = t090C: Temperature [ITS-90, deg C]
# name 4 = sbeox0ML/L: Oxygen, SBE 43 [ml/l]
# name 5 = depSM: Depth [salt water, m], lat = 47.5
# name 6 = sal00: Salinity, Practical [PSU]
# name 7 = sigma-é00: Density [sigma-theta, kg/m^3]
# name 8 = flag: flag
# span 0 = 284.611620, 284.617274       
# span 1 =     -4.945,     26.970       
# span 2 =   0.324952,  36.222564       
# span 3 =     7.8652,    10.6366       
# span 4 =   -15.2830,    16.9325       
# span 5 =     -4.904,     26.743       
# span 6 =     0.2178,    33.5356       
# span 7 =    -0.1639,    26.1429       
# span 8 = 0.0000e+00, 0.0000e+00       
# interval = seconds: 0.5
# start_time = Oct 10 2012 14:40:44 [Instrument's time stamp, header]
# bad_flag = -9.990e-29
*END*
[from data line 801]
 284.616256     24.774  34.736273     7.8703     1.0262     24.566    33.5306    26.1392 -9.990e-29
 284.616262     24.757  34.736238     7.8700     1.0240     24.549    33.5309    26.1395 -9.990e-29
 284.616267     24.744  34.735356     7.8693     1.0262     24.536    33.5306    26.1394 -9.990e-29
 284.616273     24.734  34.734122     7.8687     1.0327     24.526    33.5299    26.1389 -9.990e-29
 284.616279     24.723  34.733118     7.8685     1.0370     24.515    33.5290    26.1382 -9.990e-29
 284.616285     24.713  34.732675     7.8684     1.0370     24.505    33.5286    26.1379 -9.990e-29
 284.616291     24.708  34.732752     7.8681     1.0289     24.500    33.5290    26.1383 -9.990e-29
 284.616296     24.708  34.732882     7.8679     1.0348     24.500    33.5293    26.1386 -9.990e-29
 284.616302     24.713  34.732669     7.8679     1.0369     24.505    33.5291    26.1384 -9.990e-29
 284.616308     24.724  34.732377     7.8679     1.0391     24.516    33.5288    26.1381 -9.990e-29
 284.616314     24.737  34.732167     7.8678     1.0413     24.529    33.5286    26.1380 -9.990e-29
 284.616319     24.747  34.731749     7.8672     1.0370     24.539    33.5288    26.1382 -9.990e-29
 284.616325     24.757  34.731115     7.8661     1.0289     24.549    33.5291    26.1387 -9.990e-29
 284.616331     24.766  34.730530     7.8653     1.0267     24.558    33.5293    26.1389 -9.990e-29
 284.616337     24.776  34.730323     7.8653     1.0267     24.568    33.5290    26.1387 -9.990e-29
 284.616343     24.786  34.730767     7.8656     1.0208     24.578    33.5292    26.1388 -9.990e-29
 284.616348     24.798  34.731323     7.8659     1.0230     24.590    33.5295    26.1390 -9.990e-29
 284.616354     24.808  34.731602     7.8661     1.0230     24.599    33.5296    26.1391 -9.990e-29
 284.616360     24.816  34.731966     7.8662     1.0252     24.607    33.5299    26.1393 -9.990e-29
 284.616366     24.827  34.732329     7.8667     1.0295     24.618    33.5298    26.1391 -9.990e-29
 284.616372     24.838  34.732606     7.8675     1.0214     24.629    33.5294    26.1386 -9.990e-29
 284.616377     24.846  34.732594     7.8679     1.0193     24.637    33.5290    26.1383 -9.990e-29
 284.616383     24.850  34.732269     7.8677     1.0274     24.641    33.5288    26.1382 -9.990e-29
 284.616389     24.851  34.732306     7.8672     1.0236     24.642    33.5293    26.1386 -9.990e-29
 284.616395     24.849  34.732183     7.8665     1.0257     24.640    33.5299    26.1392 -9.990e-29
 284.616400     24.848  34.731167     7.8659     1.0235     24.639    33.5293    26.1389 -9.990e-29
 284.616406     24.852  34.730134     7.8655     1.0213     24.643    33.5286    26.1383 -9.990e-29
 284.616412     24.862  34.729937     7.8653     1.0257     24.653    33.5286    26.1384 -9.990e-29
 284.616418     24.874  34.730301     7.8656     1.0257     24.665    33.5287    26.1384 -9.990e-29
 284.616424     24.881  34.730582     7.8658     1.0257     24.672    33.5288    26.1384 -9.990e-29
 284.616429     24.877  34.730584     7.8655     1.0257     24.668    33.5291    26.1387 -9.990e-29
 284.616435     24.864  34.730297     7.8653     1.0257     24.655    33.5290    26.1387 -9.990e-29
 284.616441     24.844  34.729890     7.8656     1.0176     24.635    33.5283    26.1381 -9.990e-29
 284.616447     24.821  34.729928     7.8663     1.0154     24.612    33.5276    26.1375 -9.990e-29
 284.616453     24.793  34.730452     7.8669     1.0153     24.585    33.5276    26.1374 -9.990e-29
 284.616458     24.758  34.731033     7.8670     1.0094     24.550    33.5282    26.1378 -9.990e-29
 284.616464     24.719  34.731315     7.8667     1.0197     24.511    33.5288    26.1383 -9.990e-29
 284.616470     24.676  34.731103     7.8662     1.0137     24.469    33.5291    26.1386 -9.990e-29
 284.616476     24.624  34.730665     7.8660     1.0137     24.417    33.5288    26.1384 -9.990e-29
 284.616481     24.555  34.730525     7.8664     1.0159     24.349    33.5283    26.1380 -9.990e-29
 284.616487     24.464  34.731045     7.8670     1.0380     24.258    33.5283    26.1379 -9.990e-29
 284.616493     24.345  34.731788     7.8674     1.0567     24.140    33.5288    26.1382 -9.990e-29
 284.616499     24.195  34.732054     7.8679     1.0830     23.992    33.5287    26.1380 0.0000e+00
 284.616505     24.018  34.731629     7.8686     1.1306     23.816    33.5276    26.1371 0.0000e+00
 284.616510     23.819  34.730497     7.8685     1.1998     23.619    33.5266    26.1363 0.0000e+00
 284.616516     23.603  34.728833     7.8675     1.3040     23.405    33.5259    26.1359 0.0000e+00
 284.616522     23.373  34.726691     7.8667     1.4239     23.177    33.5245    26.1349 0.0000e+00
 284.616528     23.132  34.724072     7.8664     1.5870     22.938    33.5221    26.1330 0.0000e+00
 284.616534     22.881  34.720899     7.8670     1.7533     22.689    33.5182    26.1299 0.0000e+00
 284.616539     22.622  34.716354     7.8692     1.8873     22.432    33.5113    26.1242 0.0000e+00
 284.616545     22.356  34.710592     7.8740     2.0097     22.168    33.5007    26.1151 0.0000e+00
 284.616551     22.082  34.706064     7.8850     2.0772     21.897    33.4854    26.1015 0.0000e+00
 284.616557     21.795  34.704066     7.9059     2.1410     21.612    33.4634    26.0812 0.0000e+00
 284.616562     21.492  34.704230     7.9324     2.2012     21.312    33.4383    26.0576 0.0000e+00
 284.616568     21.177  34.706827     7.9554     2.2458     20.999    33.4192    26.0393 0.0000e+00
 284.616574     20.861  34.711455     7.9726     2.3162     20.686    33.4079    26.0279 0.0000e+00
 284.616580     20.546  34.718184     7.9882     2.4001     20.374    33.4003    26.0196 0.0000e+00
 284.616586     20.228  34.727080     8.0066     2.4932     20.058    33.3924    26.0107 0.0000e+00
 284.616591     19.904  34.738857     8.0362     2.5790     19.737    33.3769    25.9942 0.0000e+00
 284.616597     19.570  34.753588     8.0918     2.6527     19.406    33.3398    25.9569 0.0000e+00
 284.616603     19.228  34.779208     8.1739     2.7197     19.067    33.2892    25.9050 0.0000e+00
 284.616609     18.880  34.828648     8.2579     2.7973     18.722    33.2622    25.8714 0.0000e+00
 284.616615     18.527  34.884991     8.3251     2.8914     18.372    33.2585    25.8584 0.0000e+00
 284.616620     18.167  34.925412     8.3789     2.9803     18.015    33.2506    25.8441 0.0000e+00
 284.616626     17.802  34.958501     8.4288     3.0799     17.653    33.2386    25.8272 0.0000e+00
 284.616632     17.432  34.993714     8.4763     3.1824     17.286    33.2311    25.8142 0.0000e+00
 284.616638     17.050  35.026531     8.5171     3.2754     16.907    33.2275    25.8051 0.0000e+00
 284.616644     16.648  35.053717     8.5513     3.3915     16.508    33.2241    25.7973 0.0000e+00
 284.616649     16.222  35.076292     8.5866     3.5043     16.086    33.2148    25.7846 0.0000e+00
 284.616655     15.776  35.096969     8.6272     3.6201     15.644    33.1986    25.7657 0.0000e+00
 284.616661     15.315  35.115928     8.6637     3.7299     15.187    33.1844    25.7490 0.0000e+00
 284.616667     14.853  35.129379     8.6880     3.8393     14.729    33.1760    25.7386 0.0000e+00
 284.616672     14.407  35.135156     8.7052     3.9642     14.286    33.1661    25.7283 0.0000e+00
 284.616678     13.979  35.137101     8.7271     4.1252     13.862    33.1478    25.7106 0.0000e+00
 284.616684     13.559  35.142907     8.7610     4.2922     13.445    33.1224    25.6854 0.0000e+00
 284.616690     13.142  35.157009     8.8014     4.4773     13.032    33.0995    25.6613 0.0000e+00
 284.616696     12.735  35.178660     8.8381     4.6539     12.628    33.0881    25.6466 0.0000e+00
 284.616701     12.347  35.204862     8.8725     4.8140     12.244    33.0836    25.6377 0.0000e+00
 284.616707     11.974  35.234764     8.9102     4.9509     11.874    33.0798    25.6289 0.0000e+00
 284.616713     11.614  35.264601     8.9494     5.0875     11.517    33.0745    25.6187 0.0000e+00
 284.616719     11.266  35.291086     8.9931     5.2282     11.172    33.0616    25.6017 0.0000e+00
 284.616725     10.925  35.318782     9.0388     5.3494     10.834    33.0481    25.5840 0.0000e+00
 284.616730     10.586  35.342666     9.0782     5.4473     10.497    33.0365    25.5687 0.0000e+00
 284.616736     10.245  35.358793     9.1151     5.5434     10.159    33.0191    25.5493 0.0000e+00
 284.616742      9.901  35.374723     9.1554     5.6487      9.818    32.9985    25.5268 0.0000e+00
 284.616748      9.559  35.390471     9.1981     5.7617      9.479    32.9754    25.5020 0.0000e+00
 284.616753      9.213  35.400204     9.2385     5.9158      9.136    32.9483    25.4744 0.0000e+00
 284.616759      8.855  35.404637     9.2709     6.0791      8.781    32.9232    25.4496 0.0000e+00
 284.616765      8.487  35.411422     9.2938     6.2214      8.416    32.9092    25.4350 0.0000e+00
 284.616771      8.116  35.421823     9.3136     6.3708      8.048    32.9019    25.4261 0.0000e+00
 284.616777      7.740  35.429602     9.3406     6.4889      7.675    32.8852    25.4088 0.0000e+00
 284.616782      7.352  35.433986     9.3780     6.6023      7.291    32.8555    25.3796 0.0000e+00
 284.616788      6.953  35.439755     9.4170     6.6723      6.895    32.8259    25.3501 0.0000e+00
 284.616794      6.557  35.447940     9.4510     6.7144      6.502    32.8033    25.3270 0.0000e+00
 284.616800      6.171  35.458310     9.4811     6.7321      6.119    32.7866    25.3091 0.0000e+00
 284.616806      5.793  35.473552     9.5097     6.7268      5.745    32.7762    25.2964 0.0000e+00
 284.616811      5.422  35.495001     9.5489     6.7452      5.377    32.7626    25.2794 0.0000e+00
 284.616817      5.057  35.524427     9.6130     6.7592      5.015    32.7344    25.2469 0.0000e+00
 284.616823      4.699  35.568634     9.6937     6.7821      4.660    32.7063    25.2118 0.0000e+00
 284.616829      4.341  35.627805     9.7713     6.7914      4.305    32.6963    25.1913 0.0000e+00
 284.616834      3.982  35.694074     9.8368     6.7989      3.949    32.7045    25.1870 0.0000e+00
 284.616840      3.628  35.765680     9.8926     6.7810      3.598    32.7269    25.1952 0.0000e+00
 284.616846      3.289  35.834532     9.9449     6.7470      3.262    32.7495    25.2043 0.0000e+00
 284.616852      2.962  35.887745     9.9966     6.6666      2.937    32.7568    25.2014 0.0000e+00
 284.616858      2.649  35.924067    10.0437     6.5594      2.627    32.7511    25.1890 0.0000e+00
 284.616863      2.356  35.952214    10.0778     6.4640      2.336    32.7488    25.1816 0.0000e+00
 284.616869      2.086  35.977850    10.0982     7.5844      2.069    32.7564    25.1841 0.0000e+00
 284.616875      1.838  35.999928    10.1110     7.5678      1.823    32.7673    25.1904 0.0000e+00
 284.616881      1.614  36.017694    10.1179     7.4246      1.601    32.7791    25.1985 0.0000e+00
 284.616887      1.417  36.023522    10.1162     7.1496      1.405    32.7866    25.2046 0.0000e+00
 284.616892      1.251  36.008991    10.1046     6.8219      1.241    32.7825    25.2033 0.0000e+00
 284.616898      1.118  35.964306    10.0870     6.6049      1.109    32.7533    25.1835 -9.990e-29
 284.616904      1.015  35.857391    10.0677     6.4986      1.007    32.6625    25.1159 -9.990e-29
 284.616910      0.935  35.587199    10.0497     6.4585      0.927    32.4053    24.9182 -9.990e-29
 284.616916      0.873  34.831057    10.0344     6.4945      0.866    31.6549    24.3354 -9.990e-29
 284.616921      0.825  32.609396    10.0214     6.5255      0.818    29.4351    22.6071 -9.990e-29
 284.616927      0.787  25.979659    10.0099     6.5675      0.780    22.9180    17.5360 -9.990e-29
 284.616933      0.758  15.731495     9.9996     6.5820      0.752    13.2583    10.0320 -9.990e-29
 284.616939      0.735   8.249003     9.9913     6.5842      0.729     6.6037     4.8612 -9.990e-29
 284.616944      0.717   5.182973     9.9854     6.6041      0.711     4.0150     2.8456 -9.990e-29
 284.616950      0.703   4.187530     9.9808     6.6329      0.697     3.1989     2.2095 -9.990e-29
 284.616956      0.692   4.213979     9.9760     6.6384      0.686     3.2209     2.2270 -9.990e-29
 284.616962      0.684   4.506311     9.9710     6.6559      0.678     3.4598     2.4140 -9.990e-29
 284.616968      0.678   4.787283     9.9672     6.6622      0.672     3.6906     2.5945 -9.990e-29
 284.616973      0.673   4.925712     9.9654     6.6734      0.667     3.8048     2.6837 -9.990e-29
 284.616979      0.669   4.674733     9.9652     6.6788      0.663     3.5984     2.5227 -9.990e-29
 284.616985      0.666   4.150010     9.9653     6.6835      0.660     3.1698     2.1882 -9.990e-29
 284.616991      0.664   3.646115     9.9649     6.6956      0.658     2.7622     1.8700 -9.990e-29
 284.616997      0.662   3.370719     9.9645     6.6981      0.656     2.5412     1.6974 -9.990e-29
 284.617002      0.661   3.315048     9.9637     6.6815      0.655     2.4968     1.6627 -9.990e-29
 284.617008      0.660   3.245123     9.9613     6.6841      0.654     2.4411     1.6194 -9.990e-29
 284.617014      0.659   3.103782     9.9578     6.6919      0.653     2.3287     1.5319 -9.990e-29
 284.617020      0.658   2.979923     9.9560     6.6987      0.653     2.2305     1.4553 -9.990e-29
 284.617025      0.658   2.894771     9.9588     6.7174      0.653     2.1628     1.4021 -9.990e-29
 284.617031      0.658   2.808005     9.9669     6.7281      0.653     2.0938     1.3474 -9.990e-29
 284.617037      0.658   2.658287     9.9777     6.7174      0.653     1.9752     1.2537 -9.990e-29
 284.617043      0.658   2.448403     9.9892     6.7142      0.653     1.8102     1.1235 -9.990e-29
 284.617049      0.659   2.233417    10.0005     6.7108      0.653     1.6422     0.9910 -9.990e-29
 284.617054      0.660   2.084271    10.0109     6.7156      0.654     1.5263     0.8993 -9.990e-29
 284.617060      0.661   2.096454    10.0205     6.7194      0.655     1.5353     0.9054 -9.990e-29
 284.617066      0.662   2.245178    10.0291   -10.8304      0.656     1.6500     0.9945 -9.990e-29
 284.617072      0.664   2.324075    10.0357   -15.2830      0.658     1.7110     1.0416 -9.990e-29
 284.617078      0.666   2.233794    10.0413   -15.2717      0.660     1.6407     0.9860 -9.990e-29
 284.617083      0.669   2.069068    10.0475   -10.8230      0.663     1.5130     0.8855 -9.990e-29
 284.617089      0.669   1.936218    10.0538    -1.9293      0.663     1.4106     0.8047 -9.990e-29
 284.617095      0.661   1.876502    10.0591    -1.9301      0.655     1.3646     0.7682 -9.990e-29
 284.617101      0.649   1.853538    10.0631    -1.9305      0.644     1.3469     0.7540 -9.990e-29
 284.617106      0.641   1.809553    10.0660    -1.9305      0.636     1.3131     0.7273 -9.990e-29
 284.617112      0.641   1.721925    10.0688    -1.9212      0.636     1.2462     0.6746 -9.990e-29
 284.617118      0.644   1.609042    10.0722    -1.9178      0.639     1.1603     0.6070 -9.990e-29
 284.617124      0.646   1.502161    10.0764    -1.9201      0.641     1.0794     0.5432 -9.990e-29
 284.617130      0.648   1.414482    10.0809    -1.9231      0.643     1.0132     0.4909 -9.990e-29
 284.617135      0.649   1.343795    10.0822    -1.9247      0.644     0.9601     0.4492 -9.990e-29
 284.617141      0.650   1.283946    10.0794    -1.9257      0.645     0.9154     0.4144 -9.990e-29
 284.617147      0.651   1.232145    10.0756    -1.9268      0.646     0.8768     0.3845 -9.990e-29
 284.617153      0.651   1.191900    10.0739    -1.9278      0.646     0.8469     0.3612 -9.990e-29
 284.617159      0.651   1.176583    10.0758    -1.9277      0.646     0.8355     0.3520 -9.990e-29
 284.617164      0.651   1.223386    10.0795    -1.9274      0.646     0.8702     0.3789 -9.990e-29
 284.617170      0.650   1.435151    10.0812    -1.9273      0.645     1.0287     0.5031 -9.990e-29
