data/oxygen options/OCNMS/OCNMS1/raw_data/2012/CAST_KL015_120920faed.cnv
* Sea-Bird SBE19 Data File:
* FileName = C:\Documents and Settings\OCNMS\Desktop\2012 mooring data\Hypoxia Sampling\120920\CAST_KL015_120920.hex
* Software Version 1.25
* Temperature SN = 2997
* Conductivity SN = 2997
* System UpLoad Time = Sep 20 2012 16:10:24
** CAST_KL015_120920
* SEACAT PROFILER V3.1c SN 2997   09/20/12  15:56:28.056
# nquan = 9                                 
# nvalues = 954                         
# units = specified
# name 0 = timeJ: Julian Days
# name 1 = prSM: Pressure, Strain Gauge [db]
# name 2 = c0mS/cm: Conductivity [mS/cm]
# name 3 = t090C: Temperature [ITS-90, deg C]
# name 4 = sbeox0ML/L: Oxygen, SBE 43 [ml/l]
# name 5 = depSM: Depth [salt water, m], lat = 47.5
# name 6 = sal00: Salinity, Practical [PSU]
# name 7 = sigma-é00: Density [sigma-theta, kg/m^3]
# name 8 = flag: flag
# span 0 = 264.649144, 264.654659       
# span 1 =     -5.240,     17.062       
# span 2 =   0.198665,  38.737072       
# span 3 =     9.7436,    13.8482       
# span 4 =    -1.8256,    14.6445       
# span 5 =     -5.196,     16.919       
# span 6 =     0.1243,    33.1261       
# span 7 =    -0.5109,    25.5257       
# span 8 = 0.0000e+00, 0.0000e+00       
# interval = seconds: 0.5
# start_time = Sep 20 2012 15:34:46 [Instrument's time stamp, header]
# bad_flag = -9.990e-29
*END*
[from data line 641]
 264.652853      1.277  38.679645    13.6952     6.6915      1.266    32.2346    24.1130 -9.990e-29
 264.652859      1.278  38.695062    13.7062     6.6683      1.267    32.2396    24.1147 -9.990e-29
 264.652865      1.280  38.704508    13.7101     6.6798      1.269    32.2451    24.1182 -9.990e-29
 264.652870      1.287  38.702088    13.7059     6.6969      1.276    32.2464    24.1200 -9.990e-29
 264.652876      1.296  38.688499    13.7002     6.7237      1.285    32.2386    24.1151 -9.990e-29
 264.652882      1.303  38.678119    13.7002     6.7102      1.292    32.2289    24.1077 -9.990e-29
 264.652888      1.308  38.677835    13.7062     6.6880      1.297    32.2236    24.1023 -9.990e-29
 264.652894      1.308  38.679981    13.7117     6.6802      1.297    32.2210    24.0992 -9.990e-29
 264.652899      1.302  38.681252    13.7112     6.7019      1.291    32.2226    24.1005 -9.990e-29
 264.652905      1.294  38.682782    13.7066     6.7414      1.283    32.2279    24.1056 -9.990e-29
 264.652911      1.288  38.681567    13.7020     6.7442      1.277    32.2306    24.1086 -9.990e-29
 264.652917      1.292  38.675424    13.6997     6.7369      1.281    32.2269    24.1062 -9.990e-29
 264.652922      1.303  38.672969    13.7013     6.7091      1.292    32.2232    24.1030 -9.990e-29
 264.652928      1.308  38.681571    13.7070     6.6885      1.297    32.2264    24.1043 -9.990e-29
 264.652934      1.307  38.693644    13.7133     6.7024      1.296    32.2323    24.1076 -9.990e-29
 264.652940      1.305  38.701748    13.7154     6.7340      1.294    32.2381    24.1116 -9.990e-29
 264.652946      1.302  38.702681    13.7102     6.7556      1.291    32.2433    24.1168 -9.990e-29
 264.652951      1.301  38.694324    13.6985     6.7595      1.290    32.2454    24.1207 -9.990e-29
 264.652957      1.303  38.682341    13.6873     6.7175      1.292    32.2437    24.1217 -9.990e-29
 264.652963      1.303  38.674848    13.6848     6.6787      1.292    32.2389    24.1185 -9.990e-29
 264.652969      1.306  38.677537    13.6918     6.6523      1.295    32.2355    24.1144 -9.990e-29
 264.652975      1.311  38.687263    13.6997     6.6426      1.300    32.2378    24.1146 -9.990e-29
 264.652980      1.311  38.691779    13.6992     6.6640      1.300    32.2425    24.1183 -9.990e-29
 264.652986      1.306  38.685338    13.6912     6.6712      1.295    32.2432    24.1205 -9.990e-29
 264.652992      1.303  38.674480    13.6821     6.7059      1.292    32.2408    24.1205 -9.990e-29
 264.652998      1.308  38.669380    13.6756     6.7226      1.297    32.2415    24.1224 -9.990e-29
 264.653003      1.315  38.670519    13.6707     6.7241      1.304    32.2467    24.1274 -9.990e-29
 264.653009      1.322  38.673245    13.6669     6.7160      1.311    32.2524    24.1326 -9.990e-29
 264.653015      1.332  38.677829    13.6664     6.6770      1.321    32.2571    24.1363 -9.990e-29
 264.653021      1.347  38.682535    13.6696     6.6366      1.336    32.2588    24.1369 -9.990e-29
 264.653027      1.359  38.684109    13.6741     6.6109      1.348    32.2565    24.1342 -9.990e-29
 264.653032      1.364  38.682406    13.6783     6.6075      1.353    32.2513    24.1294 -9.990e-29
 264.653038      1.363  38.680755    13.6821     6.6233      1.352    32.2466    24.1250 -9.990e-29
 264.653044      1.360  38.683117    13.6851     6.6499      1.349    32.2463    24.1241 -9.990e-29
 264.653050      1.359  38.685357    13.6841     6.6751      1.348    32.2492    24.1266 -9.990e-29
 264.653056      1.360  38.681494    13.6783     6.7010      1.349    32.2505    24.1288 -9.990e-29
 264.653061      1.363  38.674781    13.6720     6.7300      1.352    32.2496    24.1293 -9.990e-29
 264.653067      1.368  38.670835    13.6697     6.7360      1.357    32.2478    24.1284 -9.990e-29
 264.653073      1.376  38.670552    13.6725     6.7071      1.365    32.2452    24.1258 -9.990e-29
 264.653079      1.382  38.672992    13.6791     6.6677      1.370    32.2419    24.1220 -9.990e-29
 264.653084      1.383  38.678044    13.6872     6.6436      1.371    32.2398    24.1187 -9.990e-29
 264.653090      1.379  38.684036    13.6920     6.6451      1.367    32.2413    24.1189 -9.990e-29
 264.653096      1.374  38.687751    13.6908     6.6789      1.363    32.2458    24.1226 -9.990e-29
 264.653102      1.377  38.685736    13.6850     6.6993      1.366    32.2488    24.1261 -9.990e-29
 264.653108      1.386  38.677544    13.6771     6.7028      1.374    32.2478    24.1269 -9.990e-29
 264.653113      1.395  38.669060    13.6703     6.6783      1.383    32.2457    24.1266 -9.990e-29
 264.653119      1.400  38.665216    13.6690     6.6464      1.388    32.2432    24.1250 -9.990e-29
 264.653125      1.401  38.667608    13.6750     6.6272      1.389    32.2404    24.1216 -9.990e-29
 264.653131      1.397  38.674937    13.6844     6.6289      1.385    32.2392    24.1188 -9.990e-29
 264.653137      1.390  38.680723    13.6897     6.6478      1.378    32.2402    24.1185 -9.990e-29
 264.653142      1.378  38.679230    13.6867     6.6733      1.366    32.2413    24.1200 -9.990e-29
 264.653148      1.365  38.670711    13.6793     6.7000      1.354    32.2396    24.1202 -9.990e-29
 264.653154      1.354  38.661738    13.6747     6.7153      1.343    32.2352    24.1176 -9.990e-29
 264.653160      1.341  38.661075    13.6758     6.7059      1.330    32.2336    24.1162 -9.990e-29
 264.653166      1.324  38.667834    13.6782     6.7010      1.313    32.2379    24.1190 -9.990e-29
 264.653171      1.311  38.673091    13.6768     6.6979      1.300    32.2440    24.1240 -9.990e-29
 264.653177      1.306  38.674329    13.6731     6.7068      1.295    32.2482    24.1281 -9.990e-29
 264.653183      1.303  38.674880    13.6704     6.7232      1.292    32.2510    24.1308 -9.990e-29
 264.653189      1.299  38.676595    13.6697     6.7222      1.288    32.2532    24.1326 -9.990e-29
 264.653194      1.297  38.678957    13.6712     6.6863      1.286    32.2541    24.1330 -9.990e-29
 264.653200      1.302  38.680627    13.6739     6.6329      1.291    32.2534    24.1319 -9.990e-29
 264.653206      1.314  38.681030    13.6761     6.6115      1.303    32.2519    24.1303 -9.990e-29
 264.653212      1.329  38.681261    13.6770     6.6095      1.318    32.2514    24.1297 -9.990e-29
 264.653218      1.339  38.681626    13.6766     6.6372      1.328    32.2521    24.1303 -9.990e-29
 264.653223      1.346  38.679809    13.6754     6.6525      1.335    32.2514    24.1300 -9.990e-29
 264.653229      1.355  38.675625    13.6745     6.6619      1.344    32.2482    24.1278 -9.990e-29
 264.653235      1.360  38.674701    13.6744     6.6705      1.349    32.2475    24.1272 -9.990e-29
 264.653241      1.364  38.678043    13.6732     6.6940      1.353    32.2516    24.1306 -9.990e-29
 264.653247      1.369  38.678898    13.6705     6.6937      1.358    32.2546    24.1335 -9.990e-29
 264.653252      1.373  38.676722    13.6696     6.6818      1.362    32.2534    24.1327 -9.990e-29
 264.653258      1.376  38.677017    13.6735     6.6819      1.365    32.2504    24.1296 -9.990e-29
 264.653264      1.381  38.681293    13.6798     6.7058      1.369    32.2490    24.1273 -9.990e-29
 264.653270      1.386  38.685722    13.6828     6.7533      1.374    32.2506    24.1279 -9.990e-29
 264.653275      1.385  38.686683    13.6809     6.7810      1.373    32.2531    24.1302 -9.990e-29
 264.653281      1.380  38.683775    13.6780     6.7914      1.368    32.2529    24.1306 -9.990e-29
 264.653287      1.374  38.681523    13.6793     6.8042      1.363    32.2497    24.1279 -9.990e-29
 264.653293      1.375  38.685886    13.6863     6.8212      1.364    32.2478    24.1251 -9.990e-29
 264.653299      1.383  38.694274    13.6961     6.8398      1.371    32.2474    24.1227 -9.990e-29
 264.653304      1.390  38.699378    13.7051     6.8227      1.378    32.2445    24.1187 -9.990e-29
 264.653310      1.393  38.697916    13.7117     6.7626      1.381    32.2376    24.1120 -9.990e-29
 264.653316      1.395  38.696342    13.7164     6.7218      1.383    32.2322    24.1069 -9.990e-29
 264.653322      1.402  38.702085    13.7209     6.7202      1.390    32.2337    24.1072 -9.990e-29
 264.653328      1.409  38.709353    13.7247     6.7524      1.397    32.2373    24.1091 -9.990e-29
 264.653333      1.413  38.709341    13.7265     6.7876      1.401    32.2357    24.1076 -9.990e-29
 264.653339      1.413  38.700726    13.7247     6.8124      1.401    32.2293    24.1030 -9.990e-29
 264.653345      1.410  38.689383    13.7205     6.8354      1.398    32.2223    24.0984 -9.990e-29
 264.653351      1.408  38.686288    13.7194     6.8454      1.396    32.2203    24.0971 -9.990e-29
 264.653356      1.412  38.694520    13.7216     6.8372      1.400    32.2261    24.1011 -9.990e-29
 264.653362      1.416  38.702931    13.7229     6.7828      1.404    32.2328    24.1061 -9.990e-29
 264.653368      1.417  38.704734    13.7238     6.7070      1.405    32.2337    24.1066 -9.990e-29
 264.653374      1.415  38.704500    13.7273     6.6476      1.403    32.2306    24.1034 -9.990e-29
 264.653380      1.411  38.706891    13.7345     6.6475      1.399    32.2267    24.0990 -9.990e-29
 264.653385      1.407  38.709978    13.7412     6.7073      1.395    32.2240    24.0955 -9.990e-29
 264.653391      1.408  38.708281    13.7383     6.7651      1.396    32.2248    24.0968 -9.990e-29
 264.653397      1.410  38.700587    13.7237     6.7878      1.398    32.2300    24.1037 -9.990e-29
 264.653403      1.408  38.690014    13.7084     6.7848      1.396    32.2330    24.1092 -9.990e-29
 264.653409      1.404  38.682566    13.7049     6.7779      1.392    32.2291    24.1068 -9.990e-29
 264.653414      1.399  38.685605    13.7161     6.8105      1.387    32.2225    24.0995 -9.990e-29
 264.653420      1.399  38.696945    13.7289     6.8665      1.387    32.2222    24.0967 -9.990e-29
 264.653426      1.399  38.701934    13.7290     6.9088      1.387    32.2268    24.1002 -9.990e-29
 264.653432      1.396  38.699309    13.7221     6.9078      1.384    32.2301    24.1042 -9.990e-29
 264.653438      1.388  38.702874    13.7203     6.8816      1.376    32.2350    24.1083 -9.990e-29
 264.653443      1.379  38.712266    13.7256     6.8706      1.367    32.2392    24.1105 -9.990e-29
 264.653449      1.378  38.720318    13.7365     6.8836      1.366    32.2375    24.1069 -9.990e-29
 264.653455      1.384  38.729292    13.7524     6.9192      1.372    32.2325    24.0998 -9.990e-29
 264.653461      1.394  38.737072    13.7674     6.9161      1.382    32.2270    24.0926 -9.990e-29
 264.653466      1.409  38.734349    13.7744     6.8805      1.397    32.2186    24.0847 -9.990e-29
 264.653472      1.423  38.723586    13.7762     6.8023      1.411    32.2071    24.0754 -9.990e-29
 264.653478      1.432  38.719502    13.7783     6.7409      1.420    32.2016    24.0707 -9.990e-29
 264.653484      1.429  38.725544    13.7791     6.7172      1.417    32.2065    24.0744 -9.990e-29
 264.653490      1.420  38.731765    13.7747     6.7351      1.408    32.2160    24.0826 -9.990e-29
 264.653495      1.413  38.732380    13.7647     6.7694      1.401    32.2250    24.0915 -9.990e-29
 264.653501      1.411  38.725896    13.7511     6.7588      1.399    32.2304    24.0985 -9.990e-29
 264.653507      1.410  38.715361    13.7389     6.7096      1.398    32.2309    24.1013 -9.990e-29
 264.653513      1.410  38.708510    13.7333     6.6601      1.398    32.2292    24.1012 -9.990e-29
 264.653519      1.415  38.707900    13.7327     6.6551      1.403    32.2292    24.1013 -9.990e-29
 264.653524      1.421  38.709282    13.7305     6.7111      1.409    32.2323    24.1041 -9.990e-29
 264.653530      1.425  38.705458    13.7217     6.7932      1.413    32.2362    24.1089 -9.990e-29
 264.653536      1.426  38.694058    13.7076     6.8512      1.414    32.2375    24.1128 -9.990e-29
 264.653542      1.425  38.681667    13.6944     6.8401      1.413    32.2371    24.1151 -9.990e-29
 264.653547      1.422  38.676344    13.6904     6.7960      1.410    32.2355    24.1147 -9.990e-29
 264.653553      1.415  38.683806    13.7005     6.7717      1.403    32.2339    24.1115 -9.990e-29
 264.653559      1.410  38.701039    13.7179     6.7863      1.398    32.2353    24.1090 -9.990e-29
 264.653565      1.410  38.714522    13.7287     6.8317      1.398    32.2387    24.1094 -9.990e-29
 264.653571      1.412  38.715827    13.7278     6.8562      1.400    32.2407    24.1111 -9.990e-29
 264.653576      1.410  38.706064    13.7214     6.8556      1.398    32.2370    24.1096 -9.990e-29
 264.653582      1.409  38.697364    13.7192     6.8590      1.397    32.2308    24.1052 -9.990e-29
 264.653588      1.412  38.703828    13.7242     6.8597      1.400    32.2326    24.1056 -9.990e-29
 264.653594      1.417  38.717751    13.7297     6.8799      1.405    32.2408    24.1109 -9.990e-29
 264.653600      1.423  38.724002    13.7295     6.9087      1.411    32.2468    24.1155 -9.990e-29
 264.653605      1.436  38.720198    13.7256     6.9100      1.424    32.2465    24.1161 -9.990e-29
 264.653611      1.451  38.712404    13.7238     6.8899      1.439    32.2408    24.1121 -9.990e-29
 264.653617      1.465  38.712008    13.7288     6.8707      1.453    32.2362    24.1075 -9.990e-29
 264.653623      1.479  38.722334    13.7380     6.8800      1.467    32.2381    24.1071 -9.990e-29
 264.653628      1.494  38.732980    13.7437     6.8793      1.482    32.2431    24.1098 -9.990e-29
 264.653634      1.511  38.736775    13.7431     6.7999      1.498    32.2472    24.1131 -9.990e-29
 264.653640      1.531  38.731983    13.7394     6.6485      1.518    32.2458    24.1128 -9.990e-29
 264.653646      1.556  38.720552    13.7358     6.4307      1.543    32.2382    24.1077 -9.990e-29
 264.653652      1.586  38.714064    13.7335     6.2302      1.573    32.2342    24.1050 -9.990e-29
 264.653657      1.624  38.717243    13.7282     6.0474      1.610    32.2415    24.1117 -9.990e-29
 264.653663      1.672  38.717444    13.7081     5.8874      1.658    32.2586    24.1290 -9.990e-29
 264.653669      1.734  38.697493    13.6590     5.7577      1.720    32.2815    24.1566 -9.990e-29
 264.653675      1.813  38.646965    13.5772     5.6395      1.798    32.3035    24.1901 -9.990e-29
 264.653681      1.913  38.573509    13.4777     5.4843      1.897    32.3192    24.2223 -9.990e-29
 264.653686      2.043  38.500142    13.3799     5.2550      2.026    32.3335    24.2529 0.0000e+00
 264.653692      2.205  38.438788    13.2848     4.9347      2.187    32.3568    24.2898 0.0000e+00
 264.653698      2.397  38.378716    13.1753     4.5577      2.377    32.3936    24.3400 0.0000e+00
 264.653704      2.614  38.300258    13.0343     4.2110      2.592    32.4401    24.4038 0.0000e+00
 264.653709      2.853  38.189494    12.8624     3.8763      2.829    32.4828    24.4704 0.0000e+00
 264.653715      3.112  38.053865    12.6576     3.6133      3.086    32.5303    24.5469 0.0000e+00
 264.653721      3.390  37.887264    12.3802     3.3566      3.362    32.6115    24.6630 0.0000e+00
 264.653727      3.688  37.650118    12.0203     3.1100      3.657    32.6973    24.7974 0.0000e+00
 264.653733      4.003  37.357268    11.6351     2.9270      3.970    32.7518    24.9110 0.0000e+00
 264.653738      4.330  37.070275    11.2707     2.8020      4.294    32.7935    25.0095 0.0000e+00
 264.653744      4.667  36.818130    10.9459     2.7430      4.628    32.8340    25.0989 0.0000e+00
 264.653750      5.020  36.610161    10.6677     2.7404      4.978    32.8767    25.1808 0.0000e+00
 264.653756      5.389  36.450166    10.4447     2.7576      5.344    32.9176    25.2511 0.0000e+00
 264.653762      5.773  36.343730    10.2957     2.7681      5.725    32.9454    25.2982 0.0000e+00
 264.653767      6.169  36.291108    10.2196     2.7465      6.117    32.9612    25.3235 0.0000e+00
