data/oxygen options/OCNMS/OCNMS1/raw_data/2012/CAST_CE042_120906faed.cnv
* Sea-Bird SBE19 Data File:
* FileName = C:\Documents and Settings\OCNMS\Desktop\2012 mooring data\Hypoxia Sampling\CAST_CE042_120906.hex
* Software Version 1.25
* Temperature SN = 2997
* Conductivity SN = 2997
* System UpLoad Time = Sep 06 2012 11:42:45
** CAST_CE042_120906
* SEACAT PROFILER V3.1c SN 2997   09/06/12  11:41:38.213
# nquan = 9                                 
# nvalues = 1041                        
# units = specified
# name 0 = timeJ: Julian Days
# name 1 = prSM: Pressure, Strain Gauge [db]
# name 2 = c0mS/cm: Conductivity [mS/cm]
# name 3 = t090C: Temperature [ITS-90, deg C]
# name 4 = sbeox0ML/L: Oxygen, SBE 43 [ml/l]
# name 5 = depSM: Depth [salt water, m], lat = 47.5
# name 6 = sal00: Salinity, Practical [PSU]
# name 7 = sigma-é00: Density [sigma-theta, kg/m^3]
# name 8 = flag: flag
# span 0 = 250.456852, 250.462870       
# span 1 =     -4.963,     44.218       
# span 2 =   0.009129,  39.346438       
# span 3 =     7.3010,    14.3497       
# span 4 =    -1.8687,    14.1641       
# span 5 =     -4.922,     43.844       
# span 6 =     0.0099,    33.7493       
# span 7 =    -0.5087,    26.3919       
# span 8 = 0.0000e+00, 0.0000e+00       
# interval = seconds: 0.5
# start_time = Sep 06 2012 10:57:52 [Instrument's time stamp, header]
# bad_flag = -9.990e-29
*END*
[from data line 801]
 250.461487     25.461  35.060200     8.3665     1.9910     25.247    33.4015    25.9645 0.0000e+00
 250.461493     25.974  35.011277     8.2945     1.9981     25.756    33.4179    25.9881 0.0000e+00
 250.461499     26.470  34.978419     8.2243     1.9881     26.247    33.4496    26.0235 0.0000e+00
 250.461505     26.964  34.944062     8.1549     1.9687     26.737    33.4790    26.0569 0.0000e+00
 250.461510     27.460  34.898727     8.0855     1.9136     27.229    33.4968    26.0812 0.0000e+00
 250.461516     27.957  34.846301     8.0229     1.8726     27.722    33.5005    26.0933 0.0000e+00
 250.461522     28.455  34.801934     7.9797     1.8570     28.216    33.4942    26.0947 0.0000e+00
 250.461528     28.952  34.773602     7.9511     1.8622     28.708    33.4911    26.0965 0.0000e+00
 250.461534     29.442  34.753695     7.9178     1.8366     29.194    33.5015    26.1095 0.0000e+00
 250.461539     29.930  34.730718     7.8607     1.7420     29.678    33.5314    26.1413 0.0000e+00
 250.461545     30.429  34.691890     7.7675     1.6249     30.173    33.5792    26.1924 0.0000e+00
 250.461551     30.950  34.623456     7.6446     1.4911     30.689    33.6239    26.2452 0.0000e+00
 250.461557     31.497  34.537148     7.5254     1.3797     31.232    33.6458    26.2794 0.0000e+00
 250.461563     32.064  34.471259     7.4418     1.3028     31.794    33.6552    26.2987 0.0000e+00
 250.461568     32.642  34.441453     7.3936     1.2183     32.367    33.6695    26.3166 0.0000e+00
 250.461574     33.215  34.433665     7.3660     1.1548     32.935    33.6876    26.3348 0.0000e+00
 250.461580     33.774  34.434071     7.3509     1.1163     33.489    33.7024    26.3486 0.0000e+00
 250.461586     34.315  34.436979     7.3429     1.0800     34.026    33.7131    26.3581 0.0000e+00
 250.461591     34.842  34.438918     7.3367     1.0648     34.548    33.7210    26.3652 0.0000e+00
 250.461597     35.363  34.437928     7.3302     1.0384     35.065    33.7260    26.3701 0.0000e+00
 250.461603     35.886  34.436543     7.3240     1.0234     35.583    33.7303    26.3743 0.0000e+00
 250.461609     36.418  34.436774     7.3190     1.0273     36.111    33.7352    26.3788 0.0000e+00
 250.461615     36.964  34.437742     7.3150     1.0185     36.652    33.7399    26.3831 0.0000e+00
 250.461620     37.518  34.438432     7.3115     1.0172     37.201    33.7438    26.3867 0.0000e+00
 250.461626     38.075  34.438578     7.3087     1.0108     37.754    33.7464    26.3891 0.0000e+00
 250.461632     38.625  34.438869     7.3074     1.0165     38.299    33.7477    26.3904 0.0000e+00
 250.461638     39.163  34.439627     7.3069     1.0102     38.832    33.7488    26.3913 0.0000e+00
 250.461644     39.682  34.440116     7.3066     1.0044     39.347    33.7493    26.3918 0.0000e+00
 250.461649     40.182  34.439804     7.3071     1.0029     39.843    33.7483    26.3909 0.0000e+00
 250.461655     40.665  34.439330     7.3075     0.9987     40.322    33.7471    26.3899 0.0000e+00
 250.461661     41.131  34.439115     7.3064     0.9992     40.784    33.7477    26.3905 0.0000e+00
 250.461667     41.577  34.438810     7.3048     0.9967     41.226    33.7488    26.3916 0.0000e+00
 250.461672     41.999  34.438501     7.3040     0.9836     41.644    33.7490    26.3919 0.0000e+00
 250.461678     42.392  34.438273     7.3042     0.9766     42.034    33.7484    26.3914 0.0000e+00
 250.461684     42.740  34.437757     7.3050     0.9697     42.379    33.7468    26.3901 0.0000e+00
 250.461690     43.042  34.436199     7.3062     0.9688     42.678    33.7438    26.3875 0.0000e+00
 250.461696     43.298  34.432015     7.3081     0.9724     42.932    33.7373    26.3821 0.0000e+00
 250.461701     43.508  34.428524     7.3098     0.9631     43.140    33.7317    26.3775 0.0000e+00
 250.461707     43.672  34.427170     7.3107     0.9577     43.303    33.7293    26.3755 0.0000e+00
 250.461713     43.798  34.425524     7.3111     0.9501     43.428    33.7271    26.3737 -9.990e-29
 250.461719     43.891  34.426929     7.3116     0.9447     43.520    33.7281    26.3744 -9.990e-29
 250.461725     43.960  34.430957     7.3130     0.9415     43.588    33.7311    26.3765 -9.990e-29
 250.461730     44.007  34.435074     7.3156     0.9422     43.635    33.7330    26.3777 -9.990e-29
 250.461736     44.041  34.436866     7.3185     0.9451     43.669    33.7321    26.3766 -9.990e-29
 250.461742     44.072  34.433258     7.3199     0.9479     43.700    33.7268    26.3722 -9.990e-29
 250.461748     44.105  34.427253     7.3198     0.9486     43.732    33.7203    26.3671 -9.990e-29
 250.461753     44.140  34.425022     7.3200     0.9448     43.767    33.7177    26.3650 -9.990e-29
 250.461759     44.169  34.428632     7.3207     0.9408     43.796    33.7209    26.3675 -9.990e-29
 250.461765     44.190  34.434133     7.3210     0.9287     43.816    33.7266    26.3719 -9.990e-29
 250.461771     44.205  34.438234     7.3214     0.9144     43.831    33.7307    26.3750 -9.990e-29
 250.461777     44.214  34.440260     7.3217     0.9167     43.840    33.7326    26.3765 -9.990e-29
 250.461782     44.218  34.441248     7.3221     0.9174     43.844    33.7333    26.3770 -9.990e-29
 250.461788     44.218  34.442533     7.3232     0.9203     43.844    33.7336    26.3771 -9.990e-29
 250.461794     44.204  34.445283     7.3256     0.9188     43.830    33.7342    26.3773 -9.990e-29
 250.461800     44.168  34.449819     7.3283     0.9023     43.795    33.7366    26.3787 -9.990e-29
 250.461806     44.115  34.451565     7.3297     0.9046     43.742    33.7371    26.3790 -9.990e-29
 250.461811     44.051  34.448945     7.3308     0.8947     43.679    33.7332    26.3757 -9.990e-29
 250.461817     43.976  34.448565     7.3314     0.8909     43.604    33.7323    26.3749 -9.990e-29
 250.461823     43.889  34.451615     7.3295     0.8893     43.518    33.7375    26.3793 -9.990e-29
 250.461829     43.785  34.452097     7.3259     0.8833     43.415    33.7416    26.3830 -9.990e-29
 250.461834     43.667  34.448990     7.3226     0.8924     43.298    33.7415    26.3834 -9.990e-29
 250.461840     43.538  34.446566     7.3194     0.8907     43.170    33.7420    26.3842 0.0000e+00
 250.461846     43.400  34.446092     7.3159     0.8952     43.033    33.7450    26.3871 0.0000e+00
 250.461852     43.261  34.444710     7.3125     0.8997     42.895    33.7468    26.3890 -9.990e-29
 250.461858     43.138  34.441156     7.3096     0.8937     42.774    33.7459    26.3886 -9.990e-29
 250.461863     43.039  34.436869     7.3078     0.8876     42.675    33.7430    26.3866 -9.990e-29
 250.461869     42.964  34.434550     7.3073     0.8770     42.601    33.7410    26.3851 -9.990e-29
 250.461875     42.907  34.435041     7.3069     0.8771     42.544    33.7420    26.3859 -9.990e-29
 250.461881     42.869  34.435653     7.3056     0.8755     42.507    33.7439    26.3877 -9.990e-29
 250.461887     42.852  34.434419     7.3045     0.8800     42.490    33.7436    26.3876 -9.990e-29
 250.461892     42.850  34.432510     7.3049     0.8679     42.488    33.7412    26.3856 -9.990e-29
 250.461898     42.860  34.432437     7.3058     0.8656     42.498    33.7402    26.3847 -9.990e-29
 250.461904     42.876  34.434117     7.3062     0.8534     42.514    33.7417    26.3858 -9.990e-29
 250.461910     42.893  34.435328     7.3058     0.8535     42.531    33.7434    26.3872 -9.990e-29
 250.461916     42.906  34.434898     7.3054     0.8625     42.543    33.7433    26.3872 -9.990e-29
 250.461921     42.917  34.433392     7.3053     0.8670     42.554    33.7417    26.3860 -9.990e-29
 250.461927     42.926  34.432735     7.3051     0.8761     42.563    33.7412    26.3856 -9.990e-29
 250.461933     42.930  34.433188     7.3046     0.8677     42.567    33.7422    26.3864 -9.990e-29
 250.461939     42.924  34.433133     7.3042     0.8655     42.561    33.7425    26.3868 -9.990e-29
 250.461944     42.912  34.432510     7.3041     0.8655     42.549    33.7419    26.3863 -9.990e-29
 250.461950     42.902  34.432186     7.3044     0.8677     42.540    33.7413    26.3858 -9.990e-29
 250.461956     42.902  34.432304     7.3047     0.8722     42.540    33.7411    26.3856 -9.990e-29
 250.461962     42.917  34.431920     7.3044     0.8723     42.554    33.7410    26.3855 -9.990e-29
 250.461968     42.947  34.429978     7.3038     0.8556     42.584    33.7395    26.3844 -9.990e-29
 250.461973     42.990  34.427826     7.3032     0.8511     42.627    33.7377    26.3831 -9.990e-29
 250.461979     43.040  34.427091     7.3030     0.8510     42.676    33.7370    26.3826 -9.990e-29
 250.461985     43.092  34.427368     7.3029     0.8473     42.728    33.7374    26.3829 -9.990e-29
 250.461991     43.140  34.427919     7.3028     0.8457     42.775    33.7381    26.3835 -9.990e-29
 250.461997     43.179  34.428377     7.3030     0.8351     42.814    33.7384    26.3837 -9.990e-29
 250.462002     43.207  34.428807     7.3035     0.8268     42.842    33.7383    26.3836 -9.990e-29
 250.462008     43.227  34.429239     7.3037     0.8313     42.862    33.7386    26.3838 -9.990e-29
 250.462014     43.238  34.429143     7.3035     0.8464     42.873    33.7387    26.3839 -9.990e-29
 250.462020     43.242  34.428408     7.3032     0.8554     42.877    33.7382    26.3835 -9.990e-29
 250.462025     43.236  34.427750     7.3034     0.8516     42.871    33.7373    26.3828 -9.990e-29
 250.462031     43.213  34.427987     7.3040     0.8471     42.848    33.7370    26.3824 -9.990e-29
 250.462037     43.177  34.428891     7.3039     0.8426     42.812    33.7381    26.3833 -9.990e-29
 250.462043     43.135  34.429444     7.3032     0.8532     42.771    33.7394    26.3844 -9.990e-29
 250.462049     43.092  34.429281     7.3029     0.8434     42.728    33.7395    26.3846 -9.990e-29
 250.462054     43.059  34.428760     7.3030     0.8389     42.695    33.7389    26.3841 -9.990e-29
 250.462060     43.045  34.428322     7.3030     0.8282     42.681    33.7384    26.3837 -9.990e-29
 250.462066     43.055  34.427962     7.3027     0.8343     42.691    33.7383    26.3836 -9.990e-29
 250.462072     43.088  34.427214     7.3021     0.8372     42.724    33.7380    26.3835 -9.990e-29
 250.462078     43.144  34.426217     7.3015     0.8289     42.779    33.7375    26.3832 -9.990e-29
 250.462083     43.212  34.425900     7.3015     0.8206     42.847    33.7371    26.3829 -9.990e-29
 250.462089     43.280  34.426415     7.3019     0.8161     42.914    33.7373    26.3830 -9.990e-29
 250.462095     43.340  34.426782     7.3020     0.8229     42.974    33.7375    26.3832 -9.990e-29
 250.462101     43.390  34.426387     7.3019     0.8213     43.023    33.7372    26.3829 -9.990e-29
 250.462106     43.426  34.425838     7.3022     0.8235     43.059    33.7363    26.3821 -9.990e-29
 250.462112     43.436  34.426098     7.3025     0.8318     43.069    33.7363    26.3821 -9.990e-29
 250.462118     43.423  34.426971     7.3021     0.8363     43.056    33.7376    26.3832 -9.990e-29
 250.462124     43.392  34.427394     7.3017     0.8408     43.025    33.7385    26.3839 -9.990e-29
 250.462130     43.356  34.426830     7.3015     0.8469     42.990    33.7381    26.3836 -9.990e-29
 250.462135     43.328  34.425665     7.3015     0.8446     42.962    33.7368    26.3827 -9.990e-29
 250.462141     43.317  34.424602     7.3015     0.8447     42.951    33.7357    26.3818 -9.990e-29
 250.462147     43.311  34.423918     7.3017     0.8425     42.945    33.7347    26.3810 -9.990e-29
 250.462153     43.299  34.423839     7.3023     0.8380     42.933    33.7341    26.3804 -9.990e-29
 250.462159     43.275  34.424276     7.3032     0.8297     42.909    33.7337    26.3799 -9.990e-29
 250.462164     43.238  34.424706     7.3034     0.8274     42.873    33.7340    26.3802 -9.990e-29
 250.462170     43.186  34.425160     7.3031     0.8190     42.821    33.7348    26.3808 -9.990e-29
 250.462176     43.123  34.425698     7.3028     0.8190     42.759    33.7357    26.3816 -9.990e-29
 250.462182     43.067  34.425934     7.3024     0.8069     42.703    33.7364    26.3822 -9.990e-29
 250.462188     43.031  34.425640     7.3018     0.8129     42.667    33.7366    26.3825 -9.990e-29
 250.462193     43.019  34.425001     7.3013     0.8113     42.656    33.7364    26.3824 -9.990e-29
 250.462199     43.019  34.424302     7.3010     0.8218     42.656    33.7360    26.3821 -9.990e-29
 250.462205     43.011  34.423748     7.3011     0.8225     42.648    33.7353    26.3815 -9.990e-29
 250.462211     42.978  34.423734     7.3014     0.8263     42.615    33.7350    26.3812 -9.990e-29
 250.462216     42.908  34.424254     7.3015     0.8307     42.545    33.7355    26.3816 -9.990e-29
 250.462222     42.793  34.424897     7.3017     0.8367     42.431    33.7360    26.3820 -9.990e-29
 250.462228     42.634  34.425416     7.3018     0.8328     42.274    33.7366    26.3824 0.0000e+00
 250.462234     42.438  34.425402     7.3019     0.8260     42.079    33.7366    26.3824 0.0000e+00
 250.462240     42.210  34.424851     7.3022     0.8237     41.853    33.7358    26.3817 0.0000e+00
 250.462245     41.953  34.424167     7.3023     0.8214     41.599    33.7351    26.3812 0.0000e+00
 250.462251     41.671  34.423576     7.3022     0.8175     41.319    33.7347    26.3808 0.0000e+00
 250.462257     41.368  34.423427     7.3020     0.8235     41.019    33.7348    26.3810 0.0000e+00
 250.462263     41.041  34.423539     7.3022     0.8257     40.694    33.7349    26.3810 0.0000e+00
 250.462269     40.692  34.423519     7.3029     0.8197     40.348    33.7344    26.3805 0.0000e+00
 250.462274     40.324  34.423357     7.3038     0.8362     39.984    33.7335    26.3797 0.0000e+00
 250.462280     39.943  34.422855     7.3045     0.8445     39.606    33.7325    26.3788 0.0000e+00
 250.462286     39.556  34.421924     7.3051     0.8655     39.222    33.7311    26.3776 0.0000e+00
 250.462292     39.163  34.421020     7.3059     0.8783     38.832    33.7295    26.3762 0.0000e+00
 250.462297     38.764  34.420634     7.3067     0.8858     38.437    33.7285    26.3753 0.0000e+00
 250.462303     38.366  34.420268     7.3078     0.8894     38.042    33.7272    26.3742 0.0000e+00
 250.462309     37.980  34.419453     7.3092     0.8969     37.660    33.7251    26.3723 0.0000e+00
 250.462315     37.617  34.418242     7.3103     0.9089     37.300    33.7229    26.3704 0.0000e+00
 250.462321     37.274  34.416720     7.3110     0.9184     36.960    33.7208    26.3686 0.0000e+00
 250.462326     36.944  34.415674     7.3121     0.9468     36.632    33.7187    26.3668 0.0000e+00
 250.462332     36.613  34.415407     7.3136     0.9835     36.304    33.7171    26.3654 0.0000e+00
 250.462338     36.268  34.415021     7.3154     1.0471     35.962    33.7151    26.3635 0.0000e+00
 250.462344     35.902  34.414019     7.3177     1.1376     35.599    33.7119    26.3607 0.0000e+00
 250.462350     35.512  34.412761     7.3216     1.2474     35.213    33.7070    26.3563 0.0000e+00
 250.462355     35.103  34.411267     7.3272     1.3487     34.807    33.7001    26.3501 0.0000e+00
 250.462361     34.688  34.409243     7.3339     1.4464     34.396    33.6916    26.3424 0.0000e+00
 250.462367     34.275  34.406809     7.3426     1.5458     33.986    33.6806    26.3326 0.0000e+00
 250.462373     33.863  34.403540     7.3547     1.6290     33.578    33.6655    26.3190 0.0000e+00
 250.462378     33.451  34.399576     7.3679     1.6730     33.169    33.6486    26.3038 0.0000e+00
 250.462384     33.039  34.396371     7.3810     1.6712     32.761    33.6326    26.2894 0.0000e+00
 250.462390     32.627  34.394711     7.3973     1.6404     32.352    33.6151    26.2734 0.0000e+00
 250.462396     32.214  34.395763     7.4242     1.6095     31.943    33.5904    26.2501 0.0000e+00
 250.462402     31.799  34.403190     7.4757     1.6083     31.531    33.5487    26.2101 0.0000e+00
