data/oxygen options/OCNMS/OCNMS1/raw_data/2012/CAST_CE015_120830faed.cnv
* Sea-Bird SBE19 Data File:
* FileName = C:\Documents and Settings\OCNMS\Desktop\2012 mooring data\2nd service\CAST_CE015_120830.hex
* Software Version 1.25
* Temperature SN = 2997
* Conductivity SN = 2997
* System UpLoad Time = Aug 30 2012 13:04:44
** CAST_CE015_120830
* SEACAT PROFILER V3.1c SN 2997   08/30/12  13:03:36.211
# nquan = 9                                 
# nvalues = 839                         
# units = specified
# name 0 = timeJ: Julian Days
# name 1 = prSM: Pressure, Strain Gauge [db]
# name 2 = c0mS/cm: Conductivity [mS/cm]
# name 3 = t090C: Temperature [ITS-90, deg C]
# name 4 = sbeox0ML/L: Oxygen, SBE 43 [ml/l]
# name 5 = depSM: Depth [salt water, m], lat = 47.5
# name 6 = sal00: Salinity, Practical [PSU]
# name 7 = sigma-é00: Density [sigma-theta, kg/m^3]
# name 8 = flag: flag
# span 0 = 243.508866, 243.513715       
# span 1 =     -5.275,     16.156       
# span 2 =   0.212154,  37.317627       
# span 3 =    13.3963,    16.2438       
# span 4 =    -1.7161,    14.6685       
# span 5 =     -5.231,     16.021       
# span 6 =     0.1243,    31.2115       
# span 7 =    -0.9957,    23.3827       
# span 8 = 0.0000e+00, 0.0000e+00       
# interval = seconds: 0.5
# start_time = Aug 30 2012 12:12:46 [Instrument's time stamp, header]
# bad_flag = -9.990e-29
*END*
[from data line 321]
 243.510723     -0.755   0.469509    16.0797    -1.6895     -0.749     0.2761    -0.8552 -9.990e-29
 243.510729     -0.752   0.471868    16.0881    -1.6895     -0.746     0.2774    -0.8555 -9.990e-29
 243.510735     -0.745   0.473354    16.0946    -1.6895     -0.739     0.2783    -0.8559 -9.990e-29
 243.510741     -0.737   0.474840    16.0981    -1.6894     -0.731     0.2792    -0.8558 -9.990e-29
 243.510747     -0.732   0.477754    16.1003    -1.6892     -0.726     0.2809    -0.8548 -9.990e-29
 243.510752     -0.730   0.480997    16.1031    -1.6891     -0.724     0.2829    -0.8538 -9.990e-29
 243.510758     -0.729   0.482254    16.1073    -1.6889     -0.723     0.2836    -0.8539 -9.990e-29
 243.510764     -0.732   0.481539    16.1126    -1.6886     -0.726     0.2831    -0.8552 -9.990e-29
 243.510770     -0.732   0.481770    16.1177    -1.6885     -0.726     0.2832    -0.8559 -9.990e-29
 243.510775     -0.727   0.485471    16.1211    -1.6883     -0.721     0.2854    -0.8548 -9.990e-29
 243.510781     -0.719   0.491486    16.1232    -1.6883     -0.713     0.2891    -0.8523 -9.990e-29
 243.510787     -0.713   0.496211    16.1253    -1.6884     -0.707     0.2919    -0.8505 -9.990e-29
 243.510793     -0.708   0.497643    16.1282    -1.6883     -0.702     0.2928    -0.8503 -9.990e-29
 243.510799     -0.705   0.497137    16.1315    -1.6882     -0.699     0.2924    -0.8511 -9.990e-29
 243.510804     -0.702   0.497893    16.1349    -1.6878     -0.696     0.2929    -0.8513 -9.990e-29
 243.510810     -0.699   0.502025    16.1389    -1.6876     -0.693     0.2953    -0.8501 -9.990e-29
 243.510816     -0.698   0.508955    16.1430    -1.6876     -0.692     0.2995    -0.8475 -9.990e-29
 243.510822     -0.696   0.516297    16.1464    -1.6881     -0.690     0.3039    -0.8447 -9.990e-29
 243.510828     -0.695   0.522217    16.1489    -1.6889     -0.689     0.3075    -0.8423 -9.990e-29
 243.510833     -0.694   0.526858    16.1501    -1.6898     -0.688     0.3103    -0.8403 -9.990e-29
 243.510839     -0.694   0.530872    16.1505    -1.6901     -0.688     0.3127    -0.8385 -9.990e-29
 243.510845     -0.693   0.534074    16.1523    -1.6899     -0.687     0.3147    -0.8373 -9.990e-29
 243.510851     -0.693   0.536306    16.1563    -1.6896     -0.687     0.3160    -0.8370 -9.990e-29
 243.510856     -0.692   0.538327    16.1607    -1.6895     -0.686     0.3172    -0.8368 -9.990e-29
 243.510862     -0.691   0.541725    16.1625    -1.6894     -0.685     0.3192    -0.8355 -9.990e-29
 243.510868     -0.691   0.547155    16.1588    -1.6894     -0.685     0.3226    -0.8323 -9.990e-29
 243.510874     -0.690   0.553000    16.1477    -1.6892     -0.684     0.3262    -0.8277 -9.990e-29
 243.510880     -0.689   0.557092    16.1312    -1.6893     -0.683     0.3288    -0.8229 -9.990e-29
 243.510885     -0.688   0.558243    16.1158    -1.6894     -0.682     0.3296    -0.8198 -9.990e-29
 243.510891     -0.687   0.556325    16.1075    -1.6892     -0.681     0.3285    -0.8193 -9.990e-29
 243.510897     -0.686   0.553209    16.1067    -1.6893     -0.680     0.3266    -0.8206 -9.990e-29
 243.510903     -0.684   0.551935    16.1096    -1.6895     -0.678     0.3258    -0.8217 -9.990e-29
 243.510909     -0.682   0.553571    16.1135    -1.6898     -0.676     0.3268    -0.8216 -9.990e-29
 243.510914     -0.679   0.555870    16.1170    -1.6897     -0.673     0.3282    -0.8211 -9.990e-29
 243.510920     -0.675   0.555256    16.1199    -1.6897     -0.669     0.3278    -0.8219 -9.990e-29
 243.510926     -0.671   0.550908    16.1219    -1.6896     -0.665     0.3251    -0.8243 -9.990e-29
 243.510932     -0.665   0.545887    16.1222    -1.6897     -0.659     0.3221    -0.8267 -9.990e-29
 243.510938     -0.657   0.543459    16.1218    -1.6899     -0.652     0.3206    -0.8277 -9.990e-29
 243.510943     -0.651   0.543709    16.1215    -1.6900     -0.646     0.3208    -0.8276 -9.990e-29
 243.510949     -0.651   0.544203    16.1198    -1.6900     -0.646     0.3211    -0.8271 -9.990e-29
 243.510955     -0.653   0.542829    16.1162    -1.6899     -0.648     0.3203    -0.8271 -9.990e-29
 243.510961     -0.652   0.539969    16.1130    -1.6896     -0.647     0.3185    -0.8279 -9.990e-29
 243.510966     -0.649   0.537898    16.1124    -1.6896     -0.644     0.3173    -0.8287 -9.990e-29
 243.510972     -0.644   0.536624    16.1136    -1.6902     -0.639     0.3165    -0.8296 -9.990e-29
 243.510978     -0.639   0.533892    16.1144    -1.6910     -0.634     0.3148    -0.8310 -9.990e-29
 243.510984     -0.640   0.529383    16.1134    -1.6915     -0.635     0.3121    -0.8329 -9.990e-29
 243.510990     -0.641   0.523727    16.1115    -1.6920     -0.636     0.3087    -0.8352 -9.990e-29
 243.510995     -0.639   0.517682    16.1103    -1.6920     -0.634     0.3050    -0.8379 -9.990e-29
 243.511001     -0.634   0.512598    16.1108    -1.6923     -0.629     0.3019    -0.8403 -9.990e-29
 243.511007     -0.630   0.508892    16.1128    -1.6932     -0.625     0.2997    -0.8424 -9.990e-29
 243.511013     -0.630   0.506052    16.1144    -1.6945     -0.625     0.2979    -0.8440 -9.990e-29
 243.511019     -0.631   0.503057    16.1111    -1.6959     -0.626     0.2962    -0.8448 -9.990e-29
 243.511024     -0.628   0.499790    16.1006    -1.6969     -0.623     0.2943    -0.8446 -9.990e-29
 243.511030     -0.620   0.496875    16.0859    -1.6976     -0.615     0.2926    -0.8435 -9.990e-29
 243.511036     -0.613   0.493746    16.0718    -1.6977     -0.608     0.2908    -0.8425 -9.990e-29
 243.511042     -0.609   0.489552    16.0607    -1.6978     -0.604     0.2883    -0.8426 -9.990e-29
 243.511047     -0.604   0.484788    16.0517    -1.6979     -0.599     0.2855    -0.8433 -9.990e-29
 243.511053     -0.593   0.480298    16.0387    -1.6980     -0.588     0.2829    -0.8432 -9.990e-29
 243.511059     -0.581   0.476184    16.0167    -1.6979     -0.576     0.2805    -0.8414 -9.990e-29
 243.511065     -0.570   0.472495    15.9872    -1.6979     -0.565     0.2785    -0.8382 -9.990e-29
 243.511071     -0.559   0.469294    15.9558    -1.6982     -0.554     0.2768    -0.8344 -9.990e-29
 243.511076     -0.549   0.467295    15.9292    -1.6994     -0.544     0.2757    -0.8309 -9.990e-29
 243.511082     -0.538   0.467704    15.9113    -1.5668     -0.534     0.2761    -0.8277 -9.990e-29
 243.511088     -0.531   0.469960    15.9018    -1.4416     -0.527     0.2775    -0.8251 -9.990e-29
 243.511094     -0.530   0.471536    15.8970    -1.4466     -0.526     0.2785    -0.8235 -9.990e-29
 243.511100     -0.532   0.471768    15.8937    -1.4463     -0.528     0.2787    -0.8229 -9.990e-29
 243.511105     -0.528   0.475946    15.8909    -1.4468     -0.524     0.2812    -0.8205 -9.990e-29
 243.511111     -0.518   0.496836    15.8880    -1.4449     -0.514     0.2940    -0.8102 -9.990e-29
 243.511117     -0.505   0.562844    15.8800    -1.4529     -0.501     0.3343    -0.7777 -9.990e-29
 243.511123     -0.490   0.758659    15.8568    -1.4603     -0.486     0.4556    -0.6803 -9.990e-29
 243.511128     -0.469   1.348689    15.8034    -1.4657     -0.465     0.8310    -0.3821 -9.990e-29
 243.511134     -0.439   3.128494    15.6807    -1.4691     -0.435     2.0219     0.5542 -9.990e-29
 243.511140     -0.398   8.476131    15.4893    -1.4533     -0.395     5.8831     3.5473 -9.990e-29
 243.511146     -0.350  18.451102    15.3248    -1.4500     -0.347    13.6999     9.5576 -9.990e-29
 243.511152     -0.298  28.347347    15.2430    -1.4488     -0.296    21.9621    15.8993 -9.990e-29
 243.511157     -0.238  33.587279    15.2082    -1.4485     -0.236    26.5055    19.3917 -9.990e-29
 243.511163     -0.166  35.322478    15.1500    -1.4495     -0.165    28.0680    20.6040 -9.990e-29
 243.511169     -0.078  35.868216    14.9946    -1.4508     -0.077    28.6629    21.0936 -9.990e-29
 243.511175      0.023  35.966712    14.7962    -1.4506      0.023    28.8965    21.3145 -9.990e-29
 243.511181      0.123  35.932975    14.7177    -1.4503      0.122    28.9246    21.3522 -9.990e-29
 243.511186      0.206  35.875991    14.8027    -1.4500      0.204    28.8108    21.2472 -9.990e-29
 243.511192      0.265  35.674374    14.9527    -1.4519      0.263    28.5215    20.9936 -9.990e-29
 243.511198      0.303  35.526844    15.0704    -1.4530      0.300    28.3054    20.8030 -9.990e-29
 243.511204      0.332  35.686358    15.1259    -1.4534      0.329    28.4062    20.8689 -9.990e-29
 243.511209      0.357  35.902008    15.1342    -1.4531      0.354    28.5906    21.0089 -9.990e-29
 243.511215      0.380  36.009484    15.1242    -1.4521      0.377    28.6929    21.0896 -9.990e-29
 243.511221      0.403  36.065856    15.1193    -1.4512      0.400    28.7463    21.1317 -9.990e-29
 243.511227      0.423  36.062289    15.1179    -1.4513      0.419    28.7442    21.1304 -9.990e-29
 243.511233      0.432  36.016985    15.1088    -1.4534      0.428    28.7108    21.1066 -9.990e-29
 243.511238      0.432  35.991623    15.0851    -1.4577      0.428    28.7057    21.1077 -9.990e-29
 243.511244      0.430  36.005031    15.0494    -1.4601      0.426    28.7438    21.1444 -9.990e-29
 243.511250      0.431  36.024690    15.0220    -1.4577      0.427    28.7813    21.1790 -9.990e-29
 243.511256      0.435  36.024174    15.0208    -1.4535      0.431    28.7817    21.1795 -9.990e-29
 243.511262      0.441  36.000552    15.0414    -1.4517      0.437    28.7457    21.1475 -9.990e-29
 243.511267      0.447  35.959843    15.0676    -1.4521      0.443    28.6904    21.0996 -9.990e-29
 243.511273      0.449  35.921693    15.0790    -1.4553      0.445    28.6483    21.0648 -9.990e-29
 243.511279      0.450  35.903002    15.0494    -1.4583      0.446    28.6534    21.0749 -9.990e-29
 243.511285      0.455  35.899580    14.9664    -1.4604      0.451    28.7112    21.1366 -9.990e-29
 243.511291      0.465  35.910795    14.8691    -1.4609      0.461    28.7927    21.2195 -9.990e-29
 243.511296      0.475  35.936479    14.8359    -1.4611      0.471    28.8401    21.2628 -9.990e-29
 243.511302      0.483  35.947025    14.8941    -1.4597      0.479    28.8065    21.2249 -9.990e-29
 243.511308      0.488  35.910553    14.9825    -1.4582      0.484    28.7091    21.1317 -9.990e-29
 243.511314      0.487  35.859067    15.0298    -1.4572      0.483    28.6288    21.0601 -9.990e-29
 243.511319      0.484  35.843778    15.0061    -1.4574      0.480    28.6326    21.0679 -9.990e-29
 243.511325      0.491  35.857205    14.9190    -1.4593      0.487    28.7083    21.1443 -9.990e-29
 243.511331      0.509  35.876950    14.8127    -1.4598      0.505    28.8042    21.2400 -9.990e-29
 243.511337      0.530  35.908620    14.7408    -1.4614      0.526    28.8856    21.3175 -9.990e-29
 243.511343      0.548  35.945145    14.7245    -1.4626      0.543    28.9303    21.3552 -9.990e-29
 243.511348      0.560  35.945047    14.7481    -1.4629      0.555    28.9127    21.3368 -9.990e-29
 243.511354      0.565  35.889147    14.7818    -1.4631      0.560    28.8379    21.2723 -9.990e-29
 243.511360      0.564  35.821630    14.8069    -1.4593      0.559    28.7592    21.2066 -9.990e-29
 243.511366      0.558  35.809281    14.8218    -1.4583      0.553    28.7372    21.1866 -9.990e-29
 243.511372      0.550  35.849645    14.8204    -1.4590      0.545    28.7742    21.2153 -9.990e-29
 243.511377      0.548  35.872234    14.8006    -1.4603      0.543    28.8089    21.2461 -9.990e-29
 243.511383      0.556  35.847815    14.7703    -1.4614      0.551    28.8095    21.2529 -9.990e-29
 243.511389      0.571  35.802633    14.7298    -1.4620      0.566    28.7991    21.2532 -9.990e-29
 243.511395      0.585  35.766601    14.6874    -1.4599      0.580    28.7983    21.2613 -9.990e-29
 243.511400      0.594  35.756634    14.6597    -1.4565      0.589    28.8099    21.2759 -9.990e-29
 243.511406      0.600  35.777356    14.6719    -1.4560      0.595    28.8193    21.2807 -9.990e-29
 243.511412      0.602  35.824474    14.7301    -1.4570      0.597    28.8184    21.2680 -9.990e-29
 243.511418      0.600  35.866732    14.7840    -1.4597      0.595    28.8162    21.2552 -9.990e-29
 243.511424      0.599  35.860242    14.7899    -1.4624      0.594    28.8061    21.2462 -9.990e-29
 243.511429      0.604  35.813169    14.7544    -1.4619      0.599    28.7903    21.2414 -9.990e-29
 243.511435      0.609  35.782601    14.7137    -1.4601      0.604    28.7931    21.2519 -9.990e-29
 243.511441      0.611  35.804502    14.7167    -1.4567      0.606    28.8104    21.2646 -9.990e-29
 243.511447      0.611  35.852630    14.7809    11.1235      0.606    28.8059    21.2479 -9.990e-29
 243.511453      0.608  35.866832    14.8597    14.3007      0.603    28.7605    21.1967 -9.990e-29
 243.511458      0.602  35.833567    14.8905    14.6685      0.597    28.7082    21.1501 -9.990e-29
 243.511464      0.592  35.792501    14.8564    12.3808      0.587    28.6968    21.1484 -9.990e-29
 243.511470      0.583  35.774578    14.7826     7.1319      0.578    28.7351    21.1931 -9.990e-29
 243.511476      0.582  35.782791    14.7189     7.4413      0.577    28.7894    21.2480 -9.990e-29
 243.511481      0.589  35.808486    14.7108     7.6770      0.584    28.8184    21.2719 -9.990e-29
 243.511487      0.596  35.842794    14.7683     7.7154      0.591    28.8065    21.2509 -9.990e-29
 243.511493      0.600  35.871527    14.8660     7.6506      0.595    28.7600    21.1950 -9.990e-29
 243.511499      0.600  35.869718    14.9475     7.5894      0.595    28.6985    21.1308 -9.990e-29
 243.511505      0.597  35.817053    14.9597     7.5491      0.592    28.6428    21.0854 -9.990e-29
 243.511510      0.590  35.727895    14.9040     7.5253      0.585    28.6044    21.0675 -9.990e-29
 243.511516      0.583  35.628983    14.8377     7.4991      0.578    28.5651    21.0509 -9.990e-29
 243.511522      0.584  35.553630    14.8049     7.4492      0.579    28.5220    21.0246 -9.990e-29
 243.511528      0.593  35.531821    14.8000     7.3879      0.588    28.5062    21.0134 -9.990e-29
 243.511534      0.603  35.542307    14.8052     7.3429      0.598    28.5117    21.0166 -9.990e-29
 243.511539      0.610  35.548672    14.8177     7.3359      0.605    28.5082    21.0113 -9.990e-29
 243.511545      0.613  35.554928    14.8523     7.3732      0.608    28.4885    20.9890 -9.990e-29
 243.511551      0.615  35.587341    14.9041     7.3968      0.610    28.4796    20.9714 -9.990e-29
 243.511557      0.613  35.640976    14.9400     7.3912      0.608    28.5010    20.9805 -9.990e-29
 243.511563      0.609  35.688243    14.9450     7.3505      0.604    28.5393    21.0089 -9.990e-29
 243.511568      0.606  35.706505    14.9326     7.3197      0.601    28.5645    21.0309 -9.990e-29
 243.511574      0.609  35.695485    14.9220     7.3122      0.604    28.5625    21.0315 -9.990e-29
 243.511580      0.613  35.679693    14.9275     7.3315      0.608    28.5445    21.0165 -9.990e-29
 243.511586      0.615  35.682869    14.9479     7.3557      0.610    28.5324    21.0030 -9.990e-29
 243.511591      0.614  35.707568    14.9654     7.3738      0.609    28.5415    21.0064 -9.990e-29
 243.511597      0.610  35.730170    14.9683     7.3670      0.605    28.5595    21.0196 -9.990e-29
 243.511603      0.603  35.719784    14.9553     7.3418      0.598    28.5597    21.0225 -9.990e-29
 243.511609      0.598  35.681048    14.9379     7.3289      0.593    28.5381    21.0094 -9.990e-29
 243.511615      0.597  35.659192    14.9405     7.3320      0.592    28.5168    20.9925 -9.990e-29
 243.511620      0.597  35.678832    14.9696     7.3426      0.592    28.5130    20.9836 -9.990e-29
 243.511626      0.593  35.719117    15.0025     7.3284      0.588    28.5247    20.9857 -9.990e-29
 243.511632      0.589  35.750328    15.0151     7.3247      0.584    28.5432    20.9973 -9.990e-29
 243.511638      0.590  35.759772    15.0068     7.3326      0.585    28.5576    21.0101 -9.990e-29
