data/oxygen options/OCNMS/OCNMS1/raw_data/2012/CAST_KL015_120913faed.cnv
* Sea-Bird SBE19 Data File:
* FileName = C:\Documents and Settings\OCNMS\Desktop\2012 mooring data\Hypoxia Sampling\CAST_KL015_120913.hex
* Software Version 1.25
* Temperature SN = 2997
* Conductivity SN = 2997
* System UpLoad Time = Sep 13 2012 15:05:15
** CAST_KL015_120913
* SEACAT PROFILER V3.1c SN 2997   09/13/12  15:04:14.852
# nquan = 9                                 
# nvalues = 792                         
# units = specified
# name 0 = timeJ: Julian Days
# name 1 = prSM: Pressure, Strain Gauge [db]
# name 2 = c0mS/cm: Conductivity [mS/cm]
# name 3 = t090C: Temperature [ITS-90, deg C]
# name 4 = sbeox0ML/L: Oxygen, SBE 43 [ml/l]
# name 5 = depSM: Depth [salt water, m], lat = 47.5
# name 6 = sal00: Salinity, Practical [PSU]
# name 7 = sigma-é00: Density [sigma-theta, kg/m^3]
# name 8 = flag: flag
# span 0 = 257.622639, 257.627216       
# span 1 =     -5.459,     15.045       
# span 2 =   0.213720,  39.441237       
# span 3 =     8.7954,    15.3387       
# span 4 =    -1.7478,    12.8437       
# span 5 =     -5.414,     14.919       
# span 6 =     0.1283,    33.4481       
# span 7 =    -0.8350,    25.9084       
# span 8 = 0.0000e+00, 0.0000e+00       
# interval = seconds: 0.5
# start_time = Sep 13 2012 14:56:36 [Instrument's time stamp, header]
# bad_flag = -9.990e-29
*END*
[from data line 641]
 257.626348     11.541  36.854067    10.8067     1.5611     11.444    32.9919    25.2464 0.0000e+00
 257.626354     11.953  36.461121    10.2759     1.6012     11.853    33.0791    25.4059 0.0000e+00
 257.626360     12.352  36.083582     9.7472     1.6744     12.249    33.1802    25.5734 0.0000e+00
 257.626366     12.737  35.780238     9.2989     1.7350     12.630    33.2838    25.7271 0.0000e+00
 257.626372     13.106  35.554184     8.9940     1.7925     12.996    33.3340    25.8148 0.0000e+00
 257.626377     13.458  35.415225     8.8390     1.8570     13.345    33.3343    25.8393 0.0000e+00
 257.626383     13.784  35.362185     8.7954     1.9300     13.669    33.3196    25.8346 0.0000e+00
 257.626389     14.076  35.362312     8.8116     2.0178     13.958    33.3044    25.8202 0.0000e+00
 257.626395     14.331  35.391053     8.8471     2.0952     14.211    33.3010    25.8120 0.0000e+00
 257.626400     14.548  35.427306     8.8797     2.1234     14.426    33.3082    25.8125 0.0000e+00
 257.626406     14.724  35.452713     8.9140     2.1020     14.601    33.3024    25.8027 0.0000e+00
 257.626412     14.856  35.471975     8.9726     2.0397     14.731    33.2675    25.7662 -9.990e-29
 257.626418     14.949  35.504556     9.0419     1.9598     14.824    33.2366    25.7311 -9.990e-29
 257.626424     15.010  35.574798     9.0763     1.9564     14.884    33.2775    25.7577 -9.990e-29
 257.626429     15.041  35.646939     9.0468     2.0160     14.915    33.3802    25.8427 -9.990e-29
 257.626435     15.045  35.640717     8.9676     2.1388     14.919    33.4481    25.9084 -9.990e-29
 257.626441     15.021  35.567943     8.9110     2.3740     14.895    33.4255    25.8995 -9.990e-29
 257.626447     14.970  35.507923     8.9452     2.6605     14.845    33.3307    25.8199 -9.990e-29
 257.626453     14.890  35.511592     9.0907     2.9865     14.765    33.1984    25.6935 -9.990e-29
 257.626458     14.792  35.593284     9.3497     3.2913     14.668    33.0425    25.5304 -9.990e-29
 257.626464     14.680  35.754341     9.7279     3.4959     14.557    32.8604    25.3268 -9.990e-29
 257.626470     14.556  35.998895    10.1707     3.5876     14.434    32.7067    25.1334 -9.990e-29
 257.626476     14.426  36.290642    10.5368     3.5336     14.305    32.6707    25.0431 0.0000e+00
 257.626481     14.297  36.546436    10.7659     3.3746     14.177    32.7210    25.0426 -9.990e-29
 257.626487     14.180  36.718087    10.9271     3.2164     14.061    32.7475    25.0350 -9.990e-29
 257.626493     14.079  36.828903    11.0566     3.0638     13.961    32.7418    25.0077 -9.990e-29
 257.626499     13.992  36.903930    11.1161     2.9469     13.875    32.7630    25.0136 -9.990e-29
 257.626505     13.919  36.923851    11.0790     2.8340     13.802    32.8158    25.0613 -9.990e-29
 257.626510     13.862  36.882699    10.9795     2.7197     13.746    32.8641    25.1165 -9.990e-29
 257.626516     13.823  36.823580    10.8752     2.6641     13.707    32.8989    25.1620 -9.990e-29
 257.626522     13.798  36.788027    10.7894     2.6455     13.682    32.9407    25.2096 -9.990e-29
 257.626528     13.788  36.762159    10.7242     2.7027     13.672    32.9737    25.2467 -9.990e-29
 257.626534     13.786  36.721483    10.6692     2.7742     13.670    32.9828    25.2633 -9.990e-29
 257.626539     13.788  36.663780    10.6038     2.8343     13.672    32.9842    25.2757 -9.990e-29
 257.626545     13.795  36.599421    10.5450     2.8039     13.679    32.9729    25.2771 -9.990e-29
 257.626551     13.802  36.570794    10.5435     2.7351     13.686    32.9456    25.2561 -9.990e-29
 257.626557     13.806  36.599586    10.6136     2.6814     13.690    32.9111    25.2171 -9.990e-29
 257.626562     13.806  36.656332    10.7149     2.6627     13.690    32.8765    25.1726 -9.990e-29
 257.626568     13.808  36.709083    10.7809     2.6789     13.692    32.8697    25.1558 -9.990e-29
 257.626574     13.816  36.714977    10.7581     2.6644     13.700    32.8961    25.1803 -9.990e-29
 257.626580     13.826  36.646543    10.6830     2.5952     13.710    32.8954    25.1929 -9.990e-29
 257.626586     13.833  36.581089    10.6343     2.4892     13.717    32.8739    25.1846 -9.990e-29
 257.626591     13.840  36.584746    10.6160     2.3840     13.724    32.8941    25.2034 -9.990e-29
 257.626597     13.845  36.599012    10.5990     2.2811     13.729    32.9237    25.2294 -9.990e-29
 257.626603     13.850  36.581785    10.5607     2.2226     13.734    32.9410    25.2496 -9.990e-29
 257.626609     13.855  36.540839    10.4900     2.1958     13.739    32.9639    25.2796 -9.990e-29
 257.626615     13.860  36.482008    10.3937     2.1914     13.744    32.9921    25.3181 -9.990e-29
 257.626620     13.865  36.410803    10.2753     2.1825     13.749    33.0280    25.3663 -9.990e-29
 257.626626     13.871  36.321831    10.1614     2.1684     13.755    33.0419    25.3964 -9.990e-29
 257.626632     13.877  36.234731    10.0957     2.1990     13.761    33.0137    25.3854 -9.990e-29
 257.626638     13.886  36.200196    10.0723     2.2840     13.770    33.0000    25.3787 -9.990e-29
 257.626644     13.896  36.216901    10.0503     2.4092     13.780    33.0371    25.4113 -9.990e-29
 257.626649     13.909  36.225273    10.0191     2.5277     13.792    33.0741    25.4454 -9.990e-29
 257.626655     13.925  36.203927    10.0030     2.5720     13.808    33.0671    25.4427 -9.990e-29
 257.626661     13.942  36.189868    10.0353     2.5256     13.825    33.0233    25.4031 -9.990e-29
 257.626667     13.952  36.223091    10.1289     2.4104     13.835    32.9716    25.3470 -9.990e-29
 257.626672     13.954  36.306375    10.2608     2.2812     13.837    32.9358    25.2968 -9.990e-29
 257.626678     13.959  36.399474    10.3666     2.1582     13.842    32.9336    25.2771 -9.990e-29
 257.626684     13.967  36.443312    10.3718     2.0559     13.850    32.9730    25.3069 -9.990e-29
 257.626690     13.972  36.396603    10.2828     1.9901     13.855    33.0068    25.3485 -9.990e-29
 257.626696     13.982  36.290013    10.1782     1.9544     13.865    32.9944    25.3565 -9.990e-29
 257.626701     13.999  36.214930    10.0704     1.9676     13.882    33.0166    25.3920 -9.990e-29
 257.626707     14.021  36.169177     9.9256     2.0230     13.904    33.1027    25.4833 -9.990e-29
 257.626713     14.040  36.088309     9.7756     2.1303     13.922    33.1581    25.5515 -9.990e-29
 257.626719     14.055  36.002770     9.6882     2.2789     13.937    33.1512    25.5604 -9.990e-29
 257.626725     14.065  35.974850     9.6755     2.4282     13.947    33.1343    25.5493 -9.990e-29
 257.626730     14.071  35.986831     9.7018     2.4923     13.953    33.1223    25.5357 -9.990e-29
 257.626736     14.074  36.003642     9.7809     2.4798     13.956    33.0668    25.4792 -9.990e-29
 257.626742     14.070  36.062760     9.9569     2.3978     13.952    32.9658    25.3713 -9.990e-29
 257.626748     14.053  36.185257    10.1853     2.2994     13.935    32.8820    25.2676 -9.990e-29
 257.626753     14.032  36.329966    10.3449     2.2173     13.914    32.8833    25.2416 -9.990e-29
 257.626759     14.018  36.418703    10.3527     2.1147     13.901    32.9655    25.3044 -9.990e-29
 257.626765     14.014  36.380446    10.2320     2.0362     13.897    33.0367    25.3804 -9.990e-29
 257.626771     14.021  36.270022    10.0936     2.0019     13.904    33.0513    25.4151 -9.990e-29
 257.626777     14.034  36.205638     9.9929     2.0134     13.916    33.0781    25.4529 -9.990e-29
 257.626782     14.046  36.179210     9.8940     2.0775     13.928    33.1419    25.5192 -9.990e-29
 257.626788     14.052  36.120683     9.7997     2.1727     13.934    33.1690    25.5560 -9.990e-29
 257.626794     14.054  36.049966     9.7538     2.2607     13.936    33.1390    25.5401 -9.990e-29
 257.626800     14.052  36.021680     9.7570     2.3338     13.934    33.1072    25.5147 -9.990e-29
 257.626806     14.049  36.035554     9.7870     2.3900     13.931    33.0938    25.4993 -9.990e-29
 257.626811     14.050  36.071370     9.8582     2.4371     13.932    33.0649    25.4650 -9.990e-29
 257.626817     14.051  36.145457     9.9629     2.4768     13.933    33.0444    25.4316 -9.990e-29
 257.626823     14.047  36.242834    10.0534     2.4587     13.929    33.0605    25.4290 -9.990e-29
 257.626829     14.043  36.314048    10.1209     2.3923     13.925    33.0709    25.4259 -9.990e-29
 257.626834     14.042  36.352636    10.1815     2.2945     13.924    33.0547    25.4029 -9.990e-29
 257.626840     14.040  36.375308    10.2373     2.1912     13.922    33.0267    25.3717 -9.990e-29
 257.626846     14.032  36.389875    10.2707     2.1044     13.914    33.0110    25.3538 -9.990e-29
 257.626852     14.019  36.386063    10.2553     2.0517     13.902    33.0212    25.3643 -9.990e-29
 257.626858     13.999  36.343669    10.1888     2.0743     13.882    33.0390    25.3895 -9.990e-29
 257.626863     13.972  36.266670    10.0855     2.1836     13.855    33.0553    25.4196 -9.990e-29
 257.626869     13.938  36.183471     9.9747     2.3593     13.821    33.0723    25.4514 -9.990e-29
 257.626875     13.906  36.117000     9.9016     2.5682     13.789    33.0716    25.4631 -9.990e-29
 257.626881     13.873  36.082793     9.8818     2.7972     13.757    33.0550    25.4533 -9.990e-29
 257.626887     13.829  36.090110     9.9362     3.0695     13.713    33.0126    25.4112 -9.990e-29
 257.626892     13.770  36.157095    10.0986     3.3798     13.655    32.9324    25.3215 -9.990e-29
 257.626898     13.701  36.298557    10.3280     3.7267     13.586    32.8671    25.2318 -9.990e-29
 257.626904     13.622  36.463383    10.5512     4.0365     13.508    32.8311    25.1656 -9.990e-29
 257.626910     13.525  36.601942    10.7636     4.2801     13.412    32.7786    25.0879 -9.990e-29
 257.626916     13.398  36.737139    11.0110     4.4337     13.286    32.6919    24.9769 0.0000e+00
 257.626921     13.238  36.894105    11.2969     4.5173     13.127    32.5932    24.8492 0.0000e+00
 257.626927     13.043  37.063682    11.5662     4.5587     12.934    32.5221    24.7454 0.0000e+00
 257.626933     12.813  37.219921    11.7804     4.5813     12.706    32.4867    24.6786 0.0000e+00
 257.626939     12.552  37.348228    11.9448     4.6085     12.447    32.4677    24.6335 0.0000e+00
 257.626944     12.264  37.453899    12.0783     4.6228     12.161    32.4537    24.5977 0.0000e+00
 257.626950     11.956  37.543408    12.1875     4.6601     11.856    32.4452    24.5707 0.0000e+00
 257.626956     11.630  37.615111    12.2765     4.7317     11.533    32.4371    24.5476 0.0000e+00
 257.626962     11.286  37.672192    12.3549     4.8692     11.192    32.4241    24.5227 0.0000e+00
 257.626968     10.929  37.724107    12.4232     5.0789     10.838    32.4149    24.5026 0.0000e+00
 257.626973     10.562  37.768374    12.4791     5.2904     10.474    32.4091    24.4875 0.0000e+00
 257.626979     10.187  37.801281    12.5308     5.4955     10.102    32.3961    24.4675 0.0000e+00
 257.626985      9.805  37.831420    12.5958     5.6909      9.723    32.3691    24.4341 0.0000e+00
 257.626991      9.419  37.869852    12.6847     5.8107      9.340    32.3294    24.3863 0.0000e+00
 257.626997      9.029  37.917961    12.7876     5.8945      8.953    32.2871    24.3336 0.0000e+00
 257.627002      8.637  37.970429    12.8954     5.9031      8.565    32.2449    24.2800 0.0000e+00
 257.627008      8.238  38.029998    13.0140     5.9027      8.169    32.2003    24.2223 0.0000e+00
 257.627014      7.828  38.103832    13.1450     5.8977      7.763    32.1589    24.1645 0.0000e+00
 257.627020      7.413  38.187859    13.2706     5.9161      7.351    32.1316    24.1186 0.0000e+00
 257.627025      6.994  38.270870    13.3721     5.9882      6.936    32.1238    24.0924 0.0000e+00
 257.627031      6.572  38.341982    13.4484     6.0813      6.517    32.1261    24.0790 0.0000e+00
 257.627037      6.145  38.395178    13.5140     6.1159      6.094    32.1206    24.0616 0.0000e+00
 257.627043      5.712  38.437525    13.5922     6.0846      5.664    32.0945    24.0257 0.0000e+00
 257.627049      5.275  38.489639    13.7147     5.9478      5.231    32.0404    23.9592 0.0000e+00
 257.627054      4.836  38.570584    13.9040     5.8144      4.796    31.9575    23.8568 0.0000e+00
 257.627060      4.398  38.677909    14.1667     5.7138      4.361    31.8387    23.7112 0.0000e+00
 257.627066      3.970  38.794472    14.4895     6.5691      3.937    31.6802    23.5220 0.0000e+00
 257.627072      3.565  38.919943    14.7986     6.6030      3.535    31.5427    23.3510 0.0000e+00
 257.627078      3.191  39.042906    15.0094     6.5407      3.164    31.4833    23.2605 0.0000e+00
 257.627083      2.854  39.117791    15.1020     6.4019      2.830    31.4761    23.2351 0.0000e+00
 257.627089      2.554  39.118420    15.1085     6.2464      2.533    31.4715    23.2302 0.0000e+00
 257.627095      2.289  39.049595    15.0795     6.1782      2.270    31.4332    23.2069 0.0000e+00
 257.627101      2.059  38.895217    15.0432     6.1581      2.042    31.3240    23.1306 0.0000e+00
 257.627106      1.863  38.557602    15.0005     6.1529      1.847    31.0555    22.9330 0.0000e+00
 257.627112      1.692  37.728365    14.9484     6.1720      1.678    30.3538    22.4040 0.0000e+00
 257.627118      1.540  35.438023    14.8854     6.1912      1.527    28.3603    20.8836 0.0000e+00
 257.627124      1.405  28.728605    14.8186     6.1977      1.393    22.5292    16.4177 -9.990e-29
 257.627130      1.284  18.265716    14.7600     6.1949      1.273    13.7457     9.6943 -9.990e-29
 257.627135      1.173  10.255860    14.7119     6.1912      1.163     7.3659     4.8130 -9.990e-29
 257.627141      1.074   6.446789    14.6677     6.1953      1.065     4.4788     2.6040 -9.990e-29
 257.627147      0.984   4.699686    14.6222     6.2077      0.976     3.1995     1.6273 -9.990e-29
 257.627153      0.902   3.942597    14.5765     6.1791      0.894     2.6571     1.2168 -9.990e-29
 257.627159      0.831   3.460125    14.5342     6.1683      0.824     2.3157     0.9601 -9.990e-29
 257.627164      0.772   3.077697    14.4982 -9.990e-29      0.766     2.0472     0.7585 -9.990e-29
 257.627170      0.720   2.772956    14.4702 -9.990e-29      0.714     1.8346     0.5987 -9.990e-29
 257.627176      0.672   2.478376    14.4491 -9.990e-29      0.666     1.6301     0.4441 -9.990e-29
 257.627182      0.626   2.232502    14.4316 -9.990e-29      0.621     1.4606     0.3158 -9.990e-29
 257.627187      0.582   2.139863    14.4159 -9.990e-29      0.577     1.3973     0.2692 -9.990e-29
 257.627193      0.546   2.188347    14.4019 -9.990e-29      0.541     1.4312     0.2975 -9.990e-29
 257.627199      0.520   2.222564    14.3886 -9.990e-29      0.516     1.4553     0.3180 -9.990e-29
 257.627205      0.502   2.213319    14.3771 -9.990e-29      0.498     1.4494     0.3151 -9.990e-29
 257.627211      0.492   2.343937    14.3722 -9.990e-29      0.488     1.5399     0.3858 -9.990e-29
 257.627216      0.489   2.633873 -9.990e-29 -9.990e-29      0.485 -9.990e-29 -9.990e-29 -9.990e-29
