data/oxygen options/OCNMS/OCNMS1/raw_data/2012/CAST_KL050_120920faedb.cnv
* Sea-Bird SBE19 Data File:
* FileName = C:\Documents and Settings\OCNMS\Desktop\2012 mooring data\Hypoxia Sampling\120920\CAST_KL050_120920.hex
* Software Version 1.25
* Temperature SN = 2997
* Conductivity SN = 2997
* System UpLoad Time = Sep 20 2012 10:39:30
** CAST_KL050_120920
* SEACAT PROFILER V3.1c SN 2997   09/20/12  10:37:26.248
# nquan = 9
# nvalues = 48                          
# units = specified
# name 0 = timeJ: Julian Days
# name 1 = prSM: Pressure, Strain Gauge [db]
# name 2 = c0mS/cm: Conductivity [mS/cm]
# name 3 = t090C: Temperature [ITS-90, deg C]
# name 4 = sbeox0ML/L: Oxygen, SBE 43 [ml/l]
# name 5 = depSM: Depth [salt water, m], lat = 47.5
# name 6 = sal00: Salinity, Practical [PSU]
# name 7 = sigma-é00: Density [sigma-theta, kg/m^3]
# name 8 = flag: flag
# span 0 = 264.427516, 264.428141       
# span 1 =      3.000,     50.000       
# span 2 =  34.407128,  38.277310       
# span 3 =     7.4065,    13.3647       
# span 4 =     1.0442,     6.2409       
# span 5 =      2.975,     49.577       
# span 6 =    32.1377,    33.6688       
# span 7 =    24.1045,    26.3144       
# span 8 = 0.0000e+00, 0.0000e+00       
# interval = decibars: 1                
# start_time = Sep 20 2012 10:05:45 [Instrument's time stamp, header]
# bad_flag = -9.990e-29
*END*
 264.427516      3.000  38.277310    13.3647     6.2409      2.975    32.1377    24.1045 0.0000e+00
 264.427540      4.000  38.214020    13.2071     5.7409      3.967    32.2113    24.1927 0.0000e+00
 264.427560      5.000  37.741573    12.5015     5.8093      4.958    32.3665    24.4496 0.0000e+00
 264.427579      6.000  37.325466    11.9796     5.7953      5.950    32.4181    24.5882 0.0000e+00
 264.427596      7.000  37.111213    11.7029     5.7908      6.941    32.4512    24.6651 0.0000e+00
 264.427611      8.000  36.968766    11.5297     5.7188      7.933    32.4635    24.7064 0.0000e+00
 264.427625      9.000  36.877888    11.4150     5.4449      8.925    32.4749    24.7360 0.0000e+00
 264.427637     10.000  36.791305    11.3006     5.0053      9.916    32.4903    24.7685 0.0000e+00
 264.427649     11.000  36.692468    11.1264     4.6620     10.908    32.5463    24.8432 0.0000e+00
 264.427660     12.000  36.544952    10.8598     4.4493     11.900    32.6367    24.9604 0.0000e+00
 264.427671     13.000  36.384858    10.5977     4.2894     12.891    32.7111    25.0639 0.0000e+00
 264.427680     14.000  36.238316    10.3569     4.1789     13.883    32.7803    25.1592 0.0000e+00
 264.427691     15.000  36.083677    10.1007     4.0972     14.874    32.8556    25.2613 0.0000e+00
 264.427701     16.000  35.864830     9.7945     4.0167     15.865    32.9118    25.3560 0.0000e+00
 264.427711     17.000  35.566072     9.3585     3.9648     16.858    33.0054    25.4999 0.0000e+00
 264.427722     18.000  35.162611     8.8389     3.8979     17.849    33.0681    25.6307 0.0000e+00
 264.427732     19.000  34.852691     8.4845     3.8186     18.840    33.0739    25.6896 0.0000e+00
 264.427743     20.000  34.670118     8.2408     3.7784     19.832    33.1097    25.7543 0.0000e+00
 264.427755     21.000  34.547835     8.0316     3.8079     20.824    33.1769    25.8379 0.0000e+00
 264.427765     22.000  34.454859     7.9194     3.8428     21.816    33.1836    25.8596 0.0000e+00
 264.427776     23.000  34.431396     7.8923     3.8930     22.807    33.1838    25.8636 0.0000e+00
 264.427787     24.000  34.420297     7.8665     3.9417     23.798    33.1961    25.8770 0.0000e+00
 264.427799     25.000  34.411946     7.8405     3.9500     24.790    33.2113    25.8927 0.0000e+00
 264.427811     26.000  34.411948     7.8198     3.4987     25.781    33.2305    25.9109 0.0000e+00
 264.427822     27.000  34.407128     7.8019     2.5327     26.773    33.2420    25.9224 0.0000e+00
 264.427834     28.000  34.421055     7.7995     2.0765     27.764    33.2587    25.9359 0.0000e+00
 264.427844     29.000  34.499153     7.7796     1.9204     28.756    33.3611    26.0193 0.0000e+00
 264.427856     30.000  34.516743     7.6412     1.6020     29.748    33.5125    26.1581 0.0000e+00
 264.427868     31.000  34.450795     7.4984     1.3793     30.739    33.5787    26.2305 0.0000e+00
 264.427881     32.000  34.447722     7.4409     1.3291     31.730    33.6306    26.2794 0.0000e+00
 264.427894     33.000  34.452925     7.4326     1.3481     32.722    33.6438    26.2910 0.0000e+00
 264.427907     34.000  34.455373     7.4325     1.3329     33.713    33.6461    26.2928 0.0000e+00
 264.427920     35.000  34.456283     7.4300     1.3032     34.705    33.6491    26.2955 0.0000e+00
 264.427934     36.000  34.455342     7.4224     1.2392     35.696    33.6549    26.3012 0.0000e+00
 264.427946     37.000  34.456169     7.4185     1.1899     36.688    33.6591    26.3051 0.0000e+00
 264.427958     38.000  34.458372     7.4171     1.1829     37.679    33.6624    26.3078 0.0000e+00
 264.427970     39.000  34.460118     7.4174     1.2033     38.671    33.6635    26.3087 0.0000e+00
 264.427982     40.000  34.461162     7.4180     1.2085     39.662    33.6636    26.3087 0.0000e+00
 264.427996     41.000  34.460160     7.4188     1.2149     40.654    33.6613    26.3068 0.0000e+00
 264.428011     42.000  34.458906     7.4164     1.1502     41.645    33.6617    26.3074 0.0000e+00
 264.428026     43.000  34.458922     7.4130     1.1021     42.637    33.6646    26.3102 0.0000e+00
 264.428039     44.000  34.460284     7.4129     1.1142     43.628    33.6656    26.3111 0.0000e+00
 264.428052     45.000  34.461051     7.4121     1.1405     44.619    33.6668    26.3121 0.0000e+00
 264.428065     46.000  34.460987     7.4116     1.1353     45.611    33.6667    26.3120 0.0000e+00
 264.428079     47.000  34.459204     7.4077     1.1258     46.602    33.6681    26.3138 0.0000e+00
 264.428095     48.000  34.459152     7.4065     1.0799     47.594    33.6688    26.3144 0.0000e+00
 264.428115     49.000  34.460840     7.4105     1.0501     48.585    33.6662    26.3119 0.0000e+00
 264.428141     50.000  34.437371     7.4165     1.0442     49.577    33.6344    26.2861 0.0000e+00
