data/oxygen options/OCNMS/OCNMS1/raw_data/2012/CAST_MB042_121009faed.cnv
* Sea-Bird SBE19 Data File:
* FileName = C:\Documents and Settings\OCNMS\Desktop\2012 mooring data\RECOVERY\CAST_MB042_121009.hex
* Software Version 1.25
* Temperature SN = 2997
* Conductivity SN = 2997
* System UpLoad Time = Oct 09 2012 12:09:38
** CAST_MB042_121009
* SEACAT PROFILER V3.1c SN 2997   10/09/12  12:08:06.762
# nquan = 9                                 
# nvalues = 1177                        
# units = specified
# name 0 = timeJ: Julian Days
# name 1 = prSM: Pressure, Strain Gauge [db]
# name 2 = c0mS/cm: Conductivity [mS/cm]
# name 3 = t090C: Temperature [ITS-90, deg C]
# name 4 = sbeox0ML/L: Oxygen, SBE 43 [ml/l]
# name 5 = depSM: Depth [salt water, m], lat = 47.5
# name 6 = sal00: Salinity, Practical [PSU]
# name 7 = sigma-é00: Density [sigma-theta, kg/m^3]
# name 8 = flag: flag
# span 0 = 283.433229, 283.440035       
# span 1 =     -4.981,     41.886       
# span 2 =   0.394298,  35.673203       
# span 3 =     8.2103,    11.1353       
# span 4 =   -15.4487,    14.3198       
# span 5 =     -4.939,     41.532       
# span 6 =     0.2628,    33.4347       
# span 7 =    -0.1696,    26.0136       
# span 8 = 0.0000e+00, 0.0000e+00       
# interval = seconds: 0.5
# start_time = Oct 09 2012 10:23:51 [Instrument's time stamp, header]
# bad_flag = -9.990e-29
*END*
[from data line 801]
 283.437865     13.406  35.053634     8.6135     4.4945     13.294    33.1670    25.7430 0.0000e+00
 283.437870     13.553  35.072537     8.5922     4.4916     13.439    33.2068    25.7775 0.0000e+00
 283.437876     13.702  35.094438     8.5806     4.4957     13.587    33.2407    25.8058 0.0000e+00
 283.437882     13.855  35.110423     8.5776     4.5005     13.739    33.2603    25.8216 0.0000e+00
 283.437888     14.012  35.118814     8.5783     4.4897     13.895    33.2684    25.8278 0.0000e+00
 283.437894     14.174  35.122933     8.5795     4.4930     14.055    33.2715    25.8301 0.0000e+00
 283.437899     14.340  35.125451     8.5802     4.4822     14.220    33.2734    25.8315 0.0000e+00
 283.437905     14.507  35.128020     8.5816     4.4706     14.385    33.2748    25.8323 0.0000e+00
 283.437911     14.677  35.131241     8.5845     4.4637     14.554    33.2753    25.8323 0.0000e+00
 283.437917     14.848  35.137145     8.5883     4.4418     14.724    33.2779    25.8338 0.0000e+00
 283.437922     15.017  35.148539     8.5938     4.4298     14.891    33.2846    25.8382 0.0000e+00
 283.437928     15.188  35.163789     8.6000     4.4117     15.061    33.2947    25.8452 0.0000e+00
 283.437934     15.358  35.176880     8.6011     4.4009     15.229    33.3074    25.8549 0.0000e+00
 283.437940     15.525  35.181160     8.5942     4.3862     15.395    33.3183    25.8646 0.0000e+00
 283.437946     15.691  35.176713     8.5849     4.3763     15.559    33.3223    25.8691 0.0000e+00
 283.437951     15.859  35.172711     8.5759     4.3694     15.726    33.3266    25.8738 0.0000e+00
 283.437957     16.029  35.171634     8.5631     4.3608     15.895    33.3374    25.8843 0.0000e+00
 283.437963     16.201  35.167539     8.5471     4.3538     16.065    33.3481    25.8951 0.0000e+00
 283.437969     16.373  35.160544     8.5328     4.3427     16.236    33.3542    25.9021 0.0000e+00
 283.437975     16.546  35.154178     8.5214     4.3249     16.407    33.3582    25.9069 0.0000e+00
 283.437980     16.723  35.148889     8.5134     4.3054     16.583    33.3601    25.9096 0.0000e+00
 283.437986     16.907  35.144322     8.5088     4.2858     16.765    33.3596    25.9099 0.0000e+00
 283.437992     17.097  35.140524     8.5051     4.2758     16.954    33.3590    25.9100 0.0000e+00
 283.437998     17.288  35.137446     8.5007     4.2636     17.143    33.3598    25.9113 0.0000e+00
 283.438003     17.474  35.133760     8.4966     4.2413     17.327    33.3597    25.9119 0.0000e+00
 283.438009     17.660  35.129007     8.4934     4.2071     17.512    33.3576    25.9107 0.0000e+00
 283.438015     17.851  35.126348     8.4912     4.1684     17.701    33.3568    25.9104 0.0000e+00
 283.438021     18.045  35.127257     8.4885     4.1359     17.894    33.3602    25.9135 0.0000e+00
 283.438027     18.235  35.127318     8.4825     4.1177     18.082    33.3659    25.9189 0.0000e+00
 283.438032     18.425  35.120988     8.4721     4.1055     18.270    33.3690    25.9229 0.0000e+00
 283.438038     18.614  35.108766     8.4592     4.1016     18.458    33.3682    25.9242 0.0000e+00
 283.438044     18.803  35.096737     8.4476     4.0974     18.645    33.3664    25.9246 0.0000e+00
 283.438050     18.993  35.089000     8.4394     4.0972     18.834    33.3659    25.9254 0.0000e+00
 283.438056     19.189  35.084737     8.4341     4.1042     19.028    33.3663    25.9266 0.0000e+00
 283.438061     19.394  35.082159     8.4309     4.1013     19.231    33.3665    25.9272 0.0000e+00
 283.438067     19.610  35.080606     8.4292     4.1022     19.445    33.3664    25.9274 0.0000e+00
 283.438073     19.831  35.079662     8.4279     4.0995     19.665    33.3665    25.9277 0.0000e+00
 283.438079     20.052  35.079164     8.4260     4.0954     19.884    33.3677    25.9289 0.0000e+00
 283.438084     20.264  35.078426     8.4234     4.0947     20.094    33.3693    25.9305 0.0000e+00
 283.438090     20.472  35.076439     8.4203     4.0977     20.300    33.3700    25.9316 0.0000e+00
 283.438096     20.682  35.073889     8.4170     4.0929     20.508    33.3703    25.9323 0.0000e+00
 283.438102     20.889  35.071836     8.4145     4.0773     20.714    33.3705    25.9328 0.0000e+00
 283.438108     21.090  35.070317     8.4132     4.0499     20.913    33.3700    25.9326 0.0000e+00
 283.438113     21.279  35.069523     8.4124     4.0112     21.100    33.3698    25.9326 0.0000e+00
 283.438119     21.461  35.069495     8.4103     3.9703     21.281    33.3717    25.9344 0.0000e+00
 283.438125     21.643  35.069064     8.4051     3.9413     21.461    33.3761    25.9386 0.0000e+00
 283.438131     21.824  35.065406     8.3930     3.9269     21.641    33.3836    25.9464 0.0000e+00
 283.438137     22.002  35.054199     8.3724     3.9283     21.817    33.3912    25.9554 0.0000e+00
 283.438142     22.184  35.038419     8.3514     3.9103     21.998    33.3943    25.9611 0.0000e+00
 283.438148     22.378  35.027833     8.3391     3.8872     22.190    33.3947    25.9632 0.0000e+00
 283.438154     22.582  35.024563     8.3351     3.8683     22.392    33.3950    25.9640 0.0000e+00
 283.438160     22.794  35.024806     8.3329     3.8456     22.603    33.3972    25.9661 0.0000e+00
 283.438166     23.008  35.023280     8.3245     3.8395     22.815    33.4035    25.9723 0.0000e+00
 283.438171     23.227  35.015150     8.3077     3.8293     23.032    33.4107    25.9805 0.0000e+00
 283.438177     23.455  35.003017     8.2901     3.8245     23.258    33.4145    25.9861 0.0000e+00
 283.438183     23.690  34.993667     8.2794     3.8394     23.491    33.4146    25.9878 0.0000e+00
 283.438189     23.920  34.989192     8.2752     3.8468     23.719    33.4138    25.9877 0.0000e+00
 283.438194     24.144  34.987541     8.2738     3.8577     23.941    33.4132    25.9875 0.0000e+00
 283.438200     24.363  34.987630     8.2738     3.8546     24.158    33.4132    25.9875 0.0000e+00
 283.438206     24.574  34.989578     8.2742     3.8436     24.367    33.4148    25.9887 0.0000e+00
 283.438212     24.777  34.990939     8.2727     3.8423     24.569    33.4176    25.9911 0.0000e+00
 283.438218     24.976  34.989048     8.2691     3.8412     24.766    33.4189    25.9927 0.0000e+00
 283.438223     25.180  34.986422     8.2658     3.8444     24.968    33.4192    25.9934 0.0000e+00
 283.438229     25.399  34.985162     8.2648     3.8452     25.185    33.4187    25.9932 0.0000e+00
 283.438235     25.631  34.984708     8.2659     3.8416     25.416    33.4170    25.9917 0.0000e+00
 283.438241     25.876  34.985013     8.2673     3.8382     25.658    33.4159    25.9907 0.0000e+00
 283.438247     26.132  34.985362     8.2679     3.8186     25.912    33.4156    25.9903 0.0000e+00
 283.438252     26.398  34.985097     8.2666     3.8026     26.176    33.4164    25.9912 0.0000e+00
 283.438258     26.674  34.984427     8.2636     3.7972     26.450    33.4184    25.9932 0.0000e+00
 283.438264     26.959  34.983017     8.2599     3.8142     26.732    33.4203    25.9952 0.0000e+00
 283.438270     27.256  34.980667     8.2560     3.8183     27.027    33.4214    25.9967 0.0000e+00
 283.438275     27.566  34.978161     8.2521     3.8246     27.334    33.4223    25.9980 0.0000e+00
 283.438281     27.887  34.976078     8.2493     3.8187     27.652    33.4226    25.9986 0.0000e+00
 283.438287     28.213  34.974999     8.2478     3.8010     27.976    33.4228    25.9990 0.0000e+00
 283.438293     28.545  34.975164     8.2475     3.7898     28.305    33.4231    25.9992 0.0000e+00
 283.438299     28.882  34.976229     8.2486     3.7721     28.639    33.4230    25.9990 0.0000e+00
 283.438304     29.216  34.977374     8.2496     3.7687     28.970    33.4231    25.9990 0.0000e+00
 283.438310     29.537  34.977321     8.2483     3.7714     29.288    33.4241    26.0000 0.0000e+00
 283.438316     29.844  34.974881     8.2441     3.7661     29.593    33.4254    26.0016 0.0000e+00
 283.438322     30.141  34.970160     8.2386     3.7650     29.887    33.4255    26.0025 0.0000e+00
 283.438328     30.424  34.965823     8.2347     3.7616     30.168    33.4244    26.0023 0.0000e+00
 283.438333     30.691  34.964486     8.2326     3.7602     30.433    33.4249    26.0029 0.0000e+00
 283.438339     30.949  34.965486     8.2304     3.7687     30.688    33.4279    26.0057 0.0000e+00
 283.438345     31.215  34.965673     8.2278     3.7750     30.952    33.4305    26.0081 0.0000e+00
 283.438351     31.502  34.964176     8.2258     3.7734     31.237    33.4307    26.0085 0.0000e+00
 283.438356     31.810  34.962919     8.2246     3.7676     31.542    33.4303    26.0084 0.0000e+00
 283.438362     32.130  34.962466     8.2242     3.7576     31.859    33.4301    26.0083 0.0000e+00
 283.438368     32.456  34.962208     8.2239     3.7581     32.183    33.4299    26.0082 0.0000e+00
 283.438374     32.791  34.961802     8.2229     3.7487     32.515    33.4303    26.0087 0.0000e+00
 283.438380     33.131  34.961264     8.2220     3.7429     32.852    33.4304    26.0089 0.0000e+00
 283.438385     33.464  34.960996     8.2218     3.7529     33.182    33.4302    26.0087 0.0000e+00
 283.438391     33.776  34.961200     8.2222     3.7434     33.491    33.4299    26.0084 0.0000e+00
 283.438397     34.058  34.961585     8.2225     3.7420     33.771    33.4298    26.0084 0.0000e+00
 283.438403     34.306  34.962101     8.2223     3.7422     34.017    33.4305    26.0089 0.0000e+00
 283.438409     34.522  34.962874     8.2215     3.7346     34.231    33.4320    26.0102 0.0000e+00
 283.438414     34.717  34.963255     8.2201     3.7429     34.424    33.4336    26.0117 0.0000e+00
 283.438420     34.906  34.962630     8.2187     3.7392     34.612    33.4342    26.0124 0.0000e+00
 283.438426     35.102  34.961286     8.2177     3.7392     34.806    33.4336    26.0121 0.0000e+00
 283.438432     35.301  34.960234     8.2171     3.7513     35.003    33.4330    26.0117 0.0000e+00
 283.438438     35.493  34.960310     8.2169     3.7397     35.194    33.4332    26.0118 0.0000e+00
 283.438443     35.678  34.961051     8.2166     3.7401     35.377    33.4341    26.0127 0.0000e+00
 283.438449     35.864  34.961206     8.2161     3.7379     35.562    33.4347    26.0132 0.0000e+00
 283.438455     36.057  34.960420     8.2156     3.7381     35.753    33.4342    26.0129 0.0000e+00
 283.438461     36.258  34.959326     8.2153     3.7467     35.952    33.4333    26.0122 0.0000e+00
 283.438466     36.457  34.958704     8.2157     3.7472     36.150    33.4321    26.0112 0.0000e+00
 283.438472     36.646  34.958846     8.2161     3.7392     36.337    33.4318    26.0109 0.0000e+00
 283.438478     36.825  34.959378     8.2162     3.7291     36.514    33.4322    26.0112 0.0000e+00
 283.438484     36.995  34.959889     8.2160     3.7192     36.683    33.4329    26.0118 0.0000e+00
 283.438490     37.168  34.959938     8.2153     3.7193     36.854    33.4335    26.0124 0.0000e+00
 283.438495     37.358  34.959592     8.2147     3.7257     37.043    33.4336    26.0126 0.0000e+00
 283.438501     37.570  34.959511     8.2150     3.7321     37.253    33.4331    26.0121 0.0000e+00
 283.438507     37.801  34.959586     8.2155     3.7363     37.482    33.4326    26.0117 0.0000e+00
 283.438513     38.042  34.959354     8.2153     3.7363     37.721    33.4325    26.0116 0.0000e+00
 283.438519     38.284  34.959066     8.2147     3.7206     37.961    33.4326    26.0118 0.0000e+00
 283.438524     38.517  34.958897     8.2145     3.7244     38.192    33.4325    26.0117 0.0000e+00
 283.438530     38.733  34.958621     8.2144     3.7187     38.406    33.4322    26.0115 0.0000e+00
 283.438536     38.934  34.958426     8.2139     3.7288     38.605    33.4324    26.0117 0.0000e+00
 283.438542     39.125  34.958613     8.2134     3.7376     38.795    33.4330    26.0123 0.0000e+00
 283.438547     39.307  34.958871     8.2132     3.7357     38.975    33.4334    26.0126 0.0000e+00
 283.438553     39.486  34.958983     8.2133     3.7460     39.153    33.4333    26.0125 0.0000e+00
 283.438559     39.663  34.959099     8.2137     3.7359     39.328    33.4330    26.0122 0.0000e+00
 283.438565     39.841  34.959371     8.2140     3.7343     39.505    33.4329    26.0121 0.0000e+00
 283.438571     40.027  34.959602     8.2140     3.7329     39.689    33.4330    26.0122 0.0000e+00
 283.438576     40.224  34.959540     8.2138     3.7301     39.884    33.4331    26.0123 0.0000e+00
 283.438582     40.428  34.959662     8.2137     3.7277     40.087    33.4332    26.0124 0.0000e+00
 283.438588     40.639  34.960130     8.2138     3.7168     40.296    33.4335    26.0126 0.0000e+00
 283.438594     40.858  34.960445     8.2137     3.7139     40.513    33.4338    26.0129 0.0000e+00
 283.438600     41.076  34.960467     8.2135     3.7237     40.729    33.4339    26.0130 0.0000e+00
 283.438605     41.278  34.960224     8.2135     3.7325     40.929    33.4336    26.0128 0.0000e+00
 283.438611     41.447  34.959392     8.2135     3.7444     41.097    33.4326    26.0120 0.0000e+00
 283.438617     41.577  34.956859     8.2137     3.7444     41.226    33.4297    26.0097 -9.990e-29
 283.438623     41.671  34.949807     8.2141     3.7242     41.319    33.4218    26.0034 -9.990e-29
 283.438628     41.735  34.936674     8.2140     3.7178     41.382    33.4079    25.9925 -9.990e-29
 283.438634     41.778  34.924033     8.2135     3.7136     41.425    33.3949    25.9824 -9.990e-29
 283.438640     41.811  34.915755     8.2133     3.7258     41.458    33.3863    25.9757 -9.990e-29
 283.438646     41.841  34.912564     8.2135     3.7363     41.488    33.3827    25.9728 -9.990e-29
 283.438652     41.864  34.921408     8.2135     3.7362     41.510    33.3921    25.9802 -9.990e-29
 283.438657     41.879  34.936717     8.2134     3.7259     41.525    33.4084    25.9930 -9.990e-29
 283.438663     41.886  34.945857     8.2134     3.7113     41.532    33.4181    26.0007 -9.990e-29
 283.438669     41.885  34.949250     8.2135     3.7092     41.531    33.4216    26.0034 -9.990e-29
 283.438675     41.877  34.952543     8.2136     3.7193     41.523    33.4250    26.0061 -9.990e-29
 283.438681     41.856  34.956205     8.2138     3.7355     41.502    33.4288    26.0089 -9.990e-29
 283.438686     41.818  34.958398     8.2139     3.7340     41.465    33.4310    26.0107 -9.990e-29
 283.438692     41.759  34.959244     8.2139     3.7297     41.406    33.4319    26.0114 -9.990e-29
 283.438698     41.676  34.959312     8.2139     3.7235     41.324    33.4320    26.0115 -9.990e-29
 283.438704     41.568  34.959254     8.2141     3.7212     41.217    33.4318    26.0113 -9.990e-29
 283.438709     41.437  34.959553     8.2146     3.7256     41.087    33.4318    26.0112 0.0000e+00
 283.438715     41.283  34.960047     8.2147     3.7255     40.934    33.4323    26.0115 0.0000e+00
 283.438721     41.113  34.960275     8.2140     3.7258     40.766    33.4332    26.0124 0.0000e+00
 283.438727     40.942  34.959984     8.2129     3.7175     40.596    33.4341    26.0132 0.0000e+00
 283.438733     40.781  34.959349     8.2121     3.7075     40.437    33.4342    26.0135 0.0000e+00
 283.438738     40.641  34.958643     8.2118     3.7055     40.298    33.4338    26.0132 -9.990e-29
 283.438744     40.529  34.958045     8.2115     3.7157     40.187    33.4335    26.0130 -9.990e-29
 283.438750     40.440  34.957880     8.2111     3.7239     40.099    33.4338    26.0133 -9.990e-29
 283.438756     40.366  34.957928     8.2110     3.7200     40.025    33.4340    26.0134 -9.990e-29
 283.438762     40.313  34.957695     8.2110     3.7158     39.973    33.4337    26.0132 -9.990e-29
 283.438767     40.276  34.957431     8.2105     3.7036     39.936    33.4339    26.0135 -9.990e-29
 283.438773     40.249  34.957343     8.2103     3.7115     39.909    33.4341    26.0136 -9.990e-29
 283.438779     40.231  34.957313     8.2106     3.7181     39.891    33.4337    26.0133 -9.990e-29
