data/oxygen options/OCNMS/OCNMS1/raw_data/2012/CAST_TH042_120921faed.cnv
* Sea-Bird SBE19 Data File:
* FileName = C:\Documents and Settings\OCNMS\Desktop\2012 mooring data\Hypoxia Sampling\120920\CAST_TH042_120921.hex
* Software Version 1.25
* Temperature SN = 2997
* Conductivity SN = 2997
* System UpLoad Time = Sep 21 2012 15:09:59
** CAST_TH042_120921
* SEACAT PROFILER V3.1c SN 2997   09/21/12  15:07:25.626
# nquan = 9                                 
# nvalues = 1449                        
# units = specified
# name 0 = timeJ: Julian Days
# name 1 = prSM: Pressure, Strain Gauge [db]
# name 2 = c0mS/cm: Conductivity [mS/cm]
# name 3 = t090C: Temperature [ITS-90, deg C]
# name 4 = sbeox0ML/L: Oxygen, SBE 43 [ml/l]
# name 5 = depSM: Depth [salt water, m], lat = 47.5
# name 6 = sal00: Salinity, Practical [PSU]
# name 7 = sigma-é00: Density [sigma-theta, kg/m^3]
# name 8 = flag: flag
# span 0 = 265.481690, 265.490069       
# span 1 =     -5.207,     43.128       
# span 2 =   0.121443,  37.900545       
# span 3 =     7.5832,    13.9863       
# span 4 =    -1.7779,    14.0484       
# span 5 =     -5.164,     42.764       
# span 6 =     0.0745,    33.5206       
# span 7 =    -0.6910,    26.1700       
# span 8 = 0.0000e+00, 0.0000e+00       
# interval = seconds: 0.5
# start_time = Sep 21 2012 11:33:38 [Instrument's time stamp, header]
# bad_flag = -9.990e-29
*END*
[from data line 481]
 265.484473     -0.153   0.133819    13.8736    -1.7740     -0.152     0.0820    -0.6727 -9.990e-29
 265.484479     -0.153   0.133819    13.8754    -1.7738     -0.152     0.0820    -0.6730 -9.990e-29
 265.484485     -0.153   0.133820    13.8779    -1.7736     -0.152     0.0820    -0.6733 -9.990e-29
 265.484491     -0.153   0.133820    13.8807    -1.7735     -0.152     0.0820    -0.6737 -9.990e-29
 265.484497     -0.153   0.133820    13.8844    -1.7735     -0.152     0.0820    -0.6742 -9.990e-29
 265.484502     -0.153   0.133821    13.8895    -1.7738     -0.152     0.0819    -0.6749 -9.990e-29
 265.484508     -0.152   0.133821    13.8955    -1.7741     -0.151     0.0819    -0.6758 -9.990e-29
 265.484514     -0.152   0.133821    13.9013    -1.7743     -0.151     0.0819    -0.6766 -9.990e-29
 265.484520     -0.152   0.133821    13.9063    -1.7745     -0.151     0.0819    -0.6773 -9.990e-29
 265.484525     -0.152   0.133821    13.9103    -1.7745     -0.151     0.0819    -0.6778 -9.990e-29
 265.484531     -0.151   0.133820    13.9141    -1.7745     -0.150     0.0819    -0.6784 -9.990e-29
 265.484537     -0.151   0.133819    13.9175    -1.7744     -0.150     0.0819    -0.6788 -9.990e-29
 265.484543     -0.150   0.133814    13.9193    -1.7744     -0.149     0.0819    -0.6791 -9.990e-29
 265.484549     -0.149   0.133801    13.9183    -1.7741     -0.148     0.0819    -0.6789 -9.990e-29
 265.484554     -0.148   0.133762    13.9144    -1.7740     -0.147     0.0819    -0.6784 -9.990e-29
 265.484560     -0.147   0.133644    13.9090    -1.7740     -0.146     0.0818    -0.6777 -9.990e-29
 265.484566     -0.145   0.133289    13.9040    -1.7740     -0.144     0.0816    -0.6772 -9.990e-29
 265.484572     -0.143   0.132777    13.9006    -1.7739     -0.142     0.0813    -0.6770 -9.990e-29
 265.484578     -0.140   0.132530    13.8988    -1.7736     -0.139     0.0812    -0.6768 -9.990e-29
 265.484583     -0.136   0.132775    13.8986    -1.7736     -0.135     0.0813    -0.6767 -9.990e-29
 265.484589     -0.132   0.133284    13.9000    -1.7738     -0.131     0.0816    -0.6766 -9.990e-29
 265.484595     -0.125   0.133630    13.9027    -1.7740     -0.124     0.0818    -0.6769 -9.990e-29
 265.484601     -0.122   0.133720    13.9059    -1.7739     -0.121     0.0819    -0.6773 -9.990e-29
 265.484606     -0.125   0.133673    13.9086    -1.7737     -0.124     0.0818    -0.6777 -9.990e-29
 265.484612     -0.130   0.133426    13.9104    -1.7735     -0.129     0.0817    -0.6780 -9.990e-29
 265.484618     -0.134   0.133205    13.9119    -1.7734     -0.133     0.0815    -0.6783 -9.990e-29
 265.484624     -0.137   0.133268    13.9142    -1.7734     -0.136     0.0816    -0.6786 -9.990e-29
 265.484630     -0.138   0.133146    13.9166    -1.7737     -0.137     0.0815    -0.6790 -9.990e-29
 265.484635     -0.139   0.132675    13.9170    -1.7736     -0.138     0.0812    -0.6793 -9.990e-29
 265.484641     -0.139   0.132334    13.9154    -1.7733     -0.138     0.0810    -0.6792 -9.990e-29
 265.484647     -0.138   0.132220    13.9142    -1.7732     -0.137     0.0809    -0.6791 -9.990e-29
 265.484653     -0.136   0.132182    13.9151    -1.7731     -0.135     0.0809    -0.6793 -9.990e-29
 265.484659     -0.133   0.132169    13.9180    -1.7729     -0.132     0.0809    -0.6797 -9.990e-29
 265.484664     -0.129   0.132165    13.9211    -1.7728     -0.128     0.0809    -0.6801 -9.990e-29
 265.484670     -0.123   0.132163    13.9230    -1.7727     -0.122     0.0809    -0.6804 -9.990e-29
 265.484676     -0.115   0.132163    13.9232    -1.7727     -0.114     0.0809    -0.6804 -9.990e-29
 265.484682     -0.105   0.132163    13.9228    -1.7729     -0.104     0.0809    -0.6803 -9.990e-29
 265.484688     -0.097   0.132163    13.9240    -1.7729     -0.096     0.0809    -0.6805 -9.990e-29
 265.484693     -0.093   0.132163    13.9274    -1.7731     -0.092     0.0809    -0.6810 -9.990e-29
 265.484699     -0.090   0.132163    13.9315    -1.7729     -0.089     0.0809    -0.6816 -9.990e-29
 265.484705     -0.082   0.132164    13.9354    -1.7728     -0.081     0.0809    -0.6821 -9.990e-29
 265.484711     -0.075   0.132164    13.9385    -1.7729     -0.074     0.0809    -0.6825 -9.990e-29
 265.484716     -0.075   0.132164    13.9405    -1.7730     -0.074     0.0809    -0.6828 -9.990e-29
 265.484722     -0.084   0.132163    13.9415    -1.7731     -0.083     0.0809    -0.6829 -9.990e-29
 265.484728     -0.092   0.132162    13.9411    -1.7732     -0.091     0.0809    -0.6829 -9.990e-29
 265.484734     -0.096   0.132157    13.9396    -1.7732     -0.095     0.0809    -0.6827 -9.990e-29
 265.484740     -0.097   0.132144    13.9381    -1.7733     -0.096     0.0809    -0.6825 -9.990e-29
 265.484745     -0.094   0.132103    13.9377    -1.7734     -0.093     0.0808    -0.6824 -9.990e-29
 265.484751     -0.091   0.131980    13.9384    -1.7735     -0.090     0.0808    -0.6826 -9.990e-29
 265.484757     -0.094   0.131611    13.9387    -1.7737     -0.093     0.0805    -0.6828 -9.990e-29
 265.484763     -0.096   0.131058    13.9377    -1.7736     -0.095     0.0802    -0.6829 -9.990e-29
 265.484769     -0.095   0.130689    13.9360    -1.7734     -0.094     0.0800    -0.6829 -9.990e-29
 265.484774     -0.091   0.130566    13.9345    -1.7732     -0.090     0.0799    -0.6827 -9.990e-29
 265.484780     -0.082   0.130525    13.9329    -1.7732     -0.081     0.0799    -0.6825 -9.990e-29
 265.484786     -0.074   0.130511    13.9310    -1.7732     -0.073     0.0799    -0.6823 -9.990e-29
 265.484792     -0.069   0.130507    13.9288    -1.7731     -0.068     0.0799    -0.6819 -9.990e-29
 265.484797     -0.062   0.130505    13.9264    -1.7730     -0.061     0.0799    -0.6816 -9.990e-29
 265.484803     -0.055   0.130505    13.9241    -1.7728     -0.055     0.0799    -0.6813 -9.990e-29
 265.484809     -0.050   0.130505    13.9231    -1.7727     -0.050     0.0799    -0.6812 -9.990e-29
 265.484815     -0.046   0.130505    13.9244    -1.7727     -0.046     0.0799    -0.6813 -9.990e-29
 265.484821     -0.045   0.130505    13.9274    -1.7725     -0.045     0.0799    -0.6818 -9.990e-29
 265.484826     -0.045   0.130505    13.9302    -1.7723     -0.045     0.0799    -0.6821 -9.990e-29
 265.484832     -0.047   0.130505    13.9317    -1.7721     -0.047     0.0799    -0.6824 -9.990e-29
 265.484838     -0.051   0.130505    13.9327    -1.7721     -0.051     0.0799    -0.6825 -9.990e-29
 265.484844     -0.057   0.130505    13.9345    -1.7723     -0.057     0.0799    -0.6827 -9.990e-29
 265.484850     -0.061   0.130505    13.9374    -1.7723     -0.060     0.0799    -0.6831 -9.990e-29
 265.484855     -0.060   0.130506    13.9408    -1.7723     -0.059     0.0799    -0.6836 -9.990e-29
 265.484861     -0.052   0.130506    13.9438    -1.7725     -0.052     0.0799    -0.6840 -9.990e-29
 265.484867     -0.042   0.130506    13.9466    -1.7725     -0.042     0.0799    -0.6844 -9.990e-29
 265.484873     -0.038   0.130506    13.9500    -1.7726     -0.038     0.0799    -0.6849 -9.990e-29
 265.484878     -0.039   0.130506    13.9540    -1.7729     -0.039     0.0799    -0.6855 -9.990e-29
 265.484884     -0.038   0.130505    13.9567    -1.7730     -0.038     0.0798    -0.6858 -9.990e-29
 265.484890     -0.034   0.130504    13.9572    -1.7731     -0.034     0.0798    -0.6859 -9.990e-29
 265.484896     -0.030   0.130500    13.9559    -1.7731     -0.030     0.0798    -0.6857 -9.990e-29
 265.484902     -0.027   0.130488    13.9543    -1.7730     -0.027     0.0798    -0.6855 -9.990e-29
 265.484907     -0.025   0.130451    13.9527    -1.7728     -0.025     0.0798    -0.6853 -9.990e-29
 265.484913     -0.019   0.130342    13.9508    -1.7727     -0.019     0.0798    -0.6851 -9.990e-29
 265.484919     -0.009   0.130014    13.9482    -1.7725     -0.009     0.0796    -0.6849 -9.990e-29
 265.484925     -0.003   0.129582    13.9445    -1.7722     -0.003     0.0793    -0.6846 -9.990e-29
 265.484931     -0.000   0.129578    13.9405    -1.7723     -0.000     0.0793    -0.6840 -9.990e-29
 265.484936      0.008   0.129995    13.9377    -1.7724      0.008     0.0796    -0.6834 -9.990e-29
 265.484942      0.023   0.130284    13.9367    -1.7725      0.023     0.0797    -0.6832 -9.990e-29
 265.484948      0.035   0.130274    13.9375    -1.7725      0.035     0.0797    -0.6833 -9.990e-29
 265.484954      0.043   0.129954    13.9399    -1.7724      0.043     0.0795    -0.6838 -9.990e-29
 265.484959      0.045   0.129449    13.9431    -1.7725      0.045     0.0792    -0.6844 -9.990e-29
 265.484965      0.043   0.129194    13.9465    -1.7723      0.043     0.0791    -0.6850 -9.990e-29
 265.484971      0.037   0.129400    13.9502    -1.7720      0.037     0.0792    -0.6854 -9.990e-29
 265.484977      0.025   0.129790    13.9530    -1.7719      0.025     0.0794    -0.6857 -9.990e-29
 265.484983      0.012   0.129777    13.9537    -1.7718      0.012     0.0794    -0.6858 -9.990e-29
 265.484988      0.005   0.129342    13.9529    -1.7717      0.005     0.0792    -0.6859 -9.990e-29
 265.484994      0.008   0.129012    13.9520    -1.7716      0.008     0.0790    -0.6859 -9.990e-29
 265.485000      0.016   0.128902    13.9517    -1.7716      0.016     0.0789    -0.6859 -9.990e-29
 265.485006      0.023   0.128866    13.9522    -1.7717      0.023     0.0789    -0.6860 -9.990e-29
 265.485012      0.029   0.128854    13.9536    -1.7719      0.029     0.0789    -0.6862 -9.990e-29
 265.485017      0.037   0.128850    13.9567    -1.7721      0.037     0.0789    -0.6866 -9.990e-29
 265.485023      0.044   0.128848    13.9611    -1.7724      0.044     0.0788    -0.6872 -9.990e-29
 265.485029      0.051   0.128848    13.9652    -1.7726      0.051     0.0788    -0.6878 -9.990e-29
 265.485035      0.062   0.128848    13.9682    -1.7725      0.061     0.0788    -0.6882 -9.990e-29
 265.485041      0.075   0.128847    13.9704    -1.7725      0.074     0.0788    -0.6885 -9.990e-29
 265.485046      0.084   0.128846    13.9718    -1.7725      0.083     0.0788    -0.6887 -9.990e-29
 265.485052      0.091   0.128843    13.9714    -1.7723      0.090     0.0788    -0.6887 -9.990e-29
 265.485058      0.097   0.128834    13.9690    -1.7721      0.096     0.0788    -0.6883 -9.990e-29
 265.485064      0.101   0.128807    13.9651    -1.7718      0.100     0.0788    -0.6878 -9.990e-29
 265.485069      0.105   0.128726    13.9601    -1.7716      0.104     0.0788    -0.6871 -9.990e-29
 265.485075      0.108   0.128480    13.9551    -1.7714      0.107     0.0786    -0.6866 -9.990e-29
 265.485081      0.110   0.128295    13.9519    -1.7712      0.109     0.0785    -0.6862 -9.990e-29
 265.485087      0.111   0.128479    13.9510    -1.7712      0.110     0.0786    -0.6860 -9.990e-29
 265.485093      0.113   0.128724    13.9515    -1.7712      0.112     0.0788    -0.6859 -9.990e-29
 265.485098      0.114   0.128802    13.9533    -1.7711      0.113     0.0788    -0.6862 -9.990e-29
 265.485104      0.114   0.128817    13.9570    -1.7710      0.113     0.0788    -0.6867 -9.990e-29
 265.485110      0.115   0.128790    13.9623    -1.7712      0.114     0.0788    -0.6874 -9.990e-29
 265.485116      0.115   0.128683    13.9682    -1.7713      0.114     0.0787    -0.6883 -9.990e-29
 265.485122      0.116   0.128356    13.9737    -1.7716      0.115     0.0785    -0.6892 -9.990e-29
 265.485127      0.116   0.127925    13.9782    -1.7718      0.115     0.0783    -0.6901 -9.990e-29
 265.485133      0.116   0.127921    13.9816    -1.7719      0.115     0.0783    -0.6905 -9.990e-29
 265.485139      0.116   0.128338    13.9839    -1.7721      0.115     0.0785    -0.6907 -9.990e-29
 265.485145      0.116   0.128625    13.9853    -1.7723      0.115     0.0787    -0.6907 -9.990e-29
 265.485150      0.116   0.128611    13.9863    -1.7724      0.115     0.0787    -0.6909 -9.990e-29
 265.485156      0.116   0.128279    13.9860    -1.7729      0.115     0.0785    -0.6910 -9.990e-29
 265.485162      0.116   0.127738    13.9838    -1.7733      0.115     0.0781    -0.6909 -9.990e-29
 265.485168      0.116   0.127373    13.9798    -1.7733      0.115     0.0779    -0.6905 -9.990e-29
 265.485174      0.116   0.127251    13.9748    -1.7734      0.115     0.0779    -0.6899 -9.990e-29
 265.485179      0.116   0.127211    13.9699    -1.7734      0.115     0.0779    -0.6892 -9.990e-29
 265.485185      0.115   0.127197    13.9653    -1.7735      0.114     0.0779    -0.6886 -9.990e-29
 265.485191      0.115   0.127193    13.9608    -1.7735      0.114     0.0779    -0.6880 -9.990e-29
 265.485197      0.114   0.127191    13.9560    -1.7734      0.113     0.0779    -0.6873 -9.990e-29
 265.485203      0.113   0.127191    13.9498    -1.7732      0.112     0.0779    -0.6864 -9.990e-29
 265.485208      0.112   0.127191    13.9421    -1.7732      0.111     0.0779    -0.6853 -9.990e-29
 265.485214      0.111   0.127191    13.9354    -1.7732      0.110     0.0779    -0.6844 -9.990e-29
 265.485220      0.109   0.127192    13.9313    -1.7730      0.108     0.0779    -0.6838 -9.990e-29
 265.485226      0.107   0.127192    13.9290    -1.7729      0.106     0.0779    -0.6835 -9.990e-29
 265.485231      0.104   0.127192    13.9276    -1.7728      0.103     0.0779    -0.6833 -9.990e-29
 265.485237      0.101   0.127191    13.9268    -1.7726      0.100     0.0779    -0.6832 -9.990e-29
 265.485243      0.096   0.127188    13.9268    -1.7725      0.095     0.0779    -0.6832 -9.990e-29
 265.485249      0.090   0.127179    13.9284    -1.7724      0.089     0.0779    -0.6834 -9.990e-29
 265.485255      0.086   0.127152    13.9308    -1.7723      0.085     0.0779    -0.6838 -9.990e-29
 265.485260      0.090   0.127070    13.9329    -1.7724      0.089     0.0778    -0.6841 -9.990e-29
 265.485266      0.095   0.126824    13.9349    -1.7725      0.094     0.0777    -0.6845 -9.990e-29
 265.485272      0.099   0.126640    13.9376    -1.7724      0.098     0.0776    -0.6850 -9.990e-29
 265.485278      0.103   0.126824    13.9408    -1.7725      0.102     0.0777    -0.6853 -9.990e-29
 265.485284      0.105   0.127069    13.9442    -1.7727      0.104     0.0778    -0.6857 -9.990e-29
 265.485289      0.106   0.127147    13.9476    -1.7730      0.105     0.0779    -0.6861 -9.990e-29
 265.485295      0.107   0.127161    13.9506    -1.7732      0.106     0.0779    -0.6865 -9.990e-29
 265.485301      0.108   0.127129    13.9527    -1.7734      0.107     0.0778    -0.6869 -9.990e-29
 265.485307      0.107   0.127010    13.9536    -1.7736      0.106     0.0778    -0.6870 -9.990e-29
 265.485313      0.106   0.126642    13.9531    -1.7738      0.105     0.0775    -0.6871 -9.990e-29
 265.485318      0.105   0.126089    13.9522    -1.7739      0.104     0.0772    -0.6873 -9.990e-29
 265.485324      0.102   0.125721    13.9511    -1.7740      0.101     0.0770    -0.6873 -9.990e-29
 265.485330      0.098   0.125598    13.9488    -1.7739      0.097     0.0769    -0.6870 -9.990e-29
 265.485336      0.094   0.125557    13.9445    -1.7738      0.093     0.0769    -0.6864 -9.990e-29
 265.485341      0.088   0.125543    13.9387    -1.7740      0.087     0.0769    -0.6856 -9.990e-29
 265.485347      0.080   0.125539    13.9330    -1.7740      0.079     0.0769    -0.6848 -9.990e-29
 265.485353      0.074   0.125537    13.9282    -1.7741      0.073     0.0769    -0.6842 -9.990e-29
 265.485359      0.074   0.125537    13.9236    -1.7740      0.073     0.0769    -0.6835 -9.990e-29
 265.485365      0.075   0.125538    13.9191    -1.7739      0.074     0.0769    -0.6829 -9.990e-29
 265.485370      0.074   0.125538    13.9158    -1.7738      0.073     0.0769    -0.6824 -9.990e-29
 265.485376      0.074   0.125538    13.9147    -1.7736      0.073     0.0769    -0.6823 -9.990e-29
 265.485382      0.080   0.125539    13.9153    -1.7735      0.079     0.0769    -0.6824 -9.990e-29
 265.485388      0.089   0.125539    13.9154    -1.7737      0.088     0.0769    -0.6824 -9.990e-29
