data/oxygen options/OCNMS/OCNMS1/raw_data/2012/CAST_TH042_121008faed.cnv
* Sea-Bird SBE19 Data File:
* FileName = C:\Documents and Settings\OCNMS\Desktop\2012 mooring data\RECOVERY\CAST_TH042_121008.hex
* Software Version 1.25
* Temperature SN = 2997
* Conductivity SN = 2997
* System UpLoad Time = Oct 09 2012 08:02:56
** CAST_TH042_121008
* SEACAT PROFILER V3.1c SN 2997   10/09/12  08:02:10.923
# nquan = 9                                 
# nvalues = 1094                        
# units = specified
# name 0 = timeJ: Julian Days
# name 1 = prSM: Pressure, Strain Gauge [db]
# name 2 = c0mS/cm: Conductivity [mS/cm]
# name 3 = t090C: Temperature [ITS-90, deg C]
# name 4 = sbeox0ML/L: Oxygen, SBE 43 [ml/l]
# name 5 = depSM: Depth [salt water, m], lat = 47.5
# name 6 = sal00: Salinity, Practical [PSU]
# name 7 = sigma-é00: Density [sigma-theta, kg/m^3]
# name 8 = flag: flag
# span 0 = 282.605799, 282.612124       
# span 1 =     -1.257,     43.130       
# span 2 =   0.362879,  35.515007       
# span 3 =     7.6738,    11.1666       
# span 4 =    -1.9173,    14.9966       
# span 5 =     -1.247,     42.766       
# span 6 =     0.2408,    33.5762       
# span 7 =    -0.1944,    26.2034       
# span 8 = 0.0000e+00, 0.0000e+00       
# interval = seconds: 0.5
# start_time = Oct 08 2012 14:32:21 [Instrument's time stamp, header]
# bad_flag = -9.990e-29
*END*
[from data line 801]
 282.610434     14.286  34.955583     8.5469     4.3743     14.166    33.1260    25.7210 0.0000e+00
 282.610440     14.807  34.945848     8.5269     4.3264     14.683    33.1343    25.7305 0.0000e+00
 282.610446     15.319  34.933266     8.5040     4.2702     15.191    33.1423    25.7403 0.0000e+00
 282.610451     15.823  34.919510     8.4805     4.2005     15.690    33.1496    25.7496 0.0000e+00
 282.610457     16.318  34.908045     8.4598     4.1328     16.181    33.1568    25.7584 0.0000e+00
 282.610463     16.812  34.898672     8.4440     4.0492     16.671    33.1615    25.7645 0.0000e+00
 282.610469     17.310  34.892859     8.4292     3.9703     17.165    33.1691    25.7727 0.0000e+00
 282.610475     17.818  34.886743     8.4047     3.8824     17.669    33.1855    25.7892 0.0000e+00
 282.610480     18.338  34.871019     8.3647     3.7930     18.184    33.2064    25.8116 0.0000e+00
 282.610486     18.869  34.845412     8.3131     3.7099     18.711    33.2277    25.8361 0.0000e+00
 282.610492     19.406  34.814385     8.2600     3.6250     19.243    33.2448    25.8574 0.0000e+00
 282.610498     19.941  34.784693     8.2170     3.5562     19.774    33.2538    25.8709 0.0000e+00
 282.610503     20.469  34.763747     8.1861     3.4670     20.297    33.2606    25.8808 0.0000e+00
 282.610509     20.989  34.749339     8.1579     3.3674     20.813    33.2718    25.8937 0.0000e+00
 282.610515     21.505  34.732302     8.1202     3.2717     21.324    33.2892    25.9130 0.0000e+00
 282.610521     22.020  34.708365     8.0737     3.1889     21.835    33.3076    25.9343 0.0000e+00
 282.610527     22.531  34.684777     8.0313     3.1230     22.342    33.3226    25.9523 0.0000e+00
 282.610532     23.041  34.668132     7.9998     3.0753     22.847    33.3346    25.9664 0.0000e+00
 282.610538     23.550  34.657479     7.9742     3.0008     23.352    33.3474    25.9802 0.0000e+00
 282.610544     24.049  34.650895     7.9503     2.8992     23.847    33.3629    25.9959 0.0000e+00
 282.610550     24.546  34.647970     7.9314     2.7892     24.340    33.3776    26.0101 0.0000e+00
 282.610556     25.051  34.648691     7.9190     2.6854     24.840    33.3900    26.0217 0.0000e+00
 282.610561     25.561  34.650066     7.9084     2.6100     25.346    33.4014    26.0322 0.0000e+00
 282.610567     26.070  34.649977     7.8942     2.5536     25.851    33.4146    26.0446 0.0000e+00
 282.610573     26.581  34.649952     7.8761     2.4798     26.357    33.4317    26.0607 0.0000e+00
 282.610579     27.100  34.651049     7.8596     2.4191     26.872    33.4484    26.0762 0.0000e+00
 282.610584     27.635  34.651899     7.8480     2.3502     27.403    33.4602    26.0872 0.0000e+00
 282.610590     28.186  34.651365     7.8395     2.3198     27.949    33.4675    26.0942 0.0000e+00
 282.610596     28.740  34.650383     7.8309     2.3188     28.498    33.4744    26.1009 0.0000e+00
 282.610602     29.286  34.649849     7.8182     2.3684     29.040    33.4858    26.1116 0.0000e+00
 282.610608     29.825  34.647902     7.7969     2.4023     29.574    33.5039    26.1290 0.0000e+00
 282.610613     30.363  34.640795     7.7640     2.4198     30.107    33.5277    26.1524 0.0000e+00
 282.610619     30.907  34.626301     7.7271     2.4256     30.647    33.5473    26.1732 0.0000e+00
 282.610625     31.452  34.609701     7.7003     2.4422     31.187    33.5550    26.1831 0.0000e+00
 282.610631     31.990  34.599627     7.6858     2.4764     31.721    33.5579    26.1874 0.0000e+00
 282.610637     32.516  34.596048     7.6782     2.5241     32.242    33.5611    26.1910 0.0000e+00
 282.610642     33.034  34.595279     7.6747     2.5408     32.756    33.5634    26.1934 0.0000e+00
 282.610648     33.551  34.596261     7.6738     2.5579     33.268    33.5651    26.1948 0.0000e+00
 282.610654     34.070  34.598595     7.6742     2.5668     33.783    33.5670    26.1962 0.0000e+00
 282.610660     34.591  34.601443     7.6749     2.5508     34.299    33.5691    26.1978 0.0000e+00
 282.610666     35.111  34.603535     7.6754     2.5532     34.815    33.5707    26.1990 0.0000e+00
 282.610671     35.625  34.604830     7.6758     2.5489     35.325    33.5714    26.1995 0.0000e+00
 282.610677     36.128  34.605346     7.6760     2.5536     35.823    33.5715    26.1996 0.0000e+00
 282.610683     36.625  34.605180     7.6761     2.5461     36.316    33.5710    26.1992 0.0000e+00
 282.610689     37.127  34.605395     7.6759     2.5416     36.814    33.5712    26.1994 0.0000e+00
 282.610694     37.636  34.606260     7.6757     2.5416     37.318    33.5721    26.2001 0.0000e+00
 282.610700     38.150  34.607416     7.6758     2.5299     37.828    33.5730    26.2008 0.0000e+00
 282.610706     38.667  34.608703     7.6760     2.5425     38.341    33.5739    26.2015 0.0000e+00
 282.610712     39.186  34.609767     7.6761     2.5203     38.855    33.5748    26.2021 0.0000e+00
 282.610718     39.702  34.610331     7.6765     2.5182     39.367    33.5747    26.2021 0.0000e+00
 282.610723     40.200  34.610574     7.6769     2.5166     39.861    33.5744    26.2017 0.0000e+00
 282.610729     40.664  34.610806     7.6770     2.5165     40.321    33.5743    26.2017 0.0000e+00
 282.610735     41.086  34.611321     7.6774     2.5310     40.739    33.5743    26.2016 0.0000e+00
 282.610741     41.459  34.612233     7.6783     2.5237     41.109    33.5742    26.2014 0.0000e+00
 282.610747     41.780  34.613063     7.6788     2.5259     41.427    33.5745    26.2016 0.0000e+00
 282.610752     42.061  34.613227     7.6783     2.5094     41.706    33.5750    26.2020 0.0000e+00
 282.610758     42.312  34.612930     7.6775     2.5072     41.955    33.5753    26.2024 0.0000e+00
 282.610764     42.531  34.612886     7.6771     2.5033     42.172    33.5755    26.2027 0.0000e+00
 282.610770     42.720  34.613023     7.6773     2.5054     42.359    33.5754    26.2025 0.0000e+00
 282.610775     42.877  34.612389     7.6776     2.5142     42.515    33.5744    26.2017 -9.990e-29
 282.610781     42.995  34.610690     7.6775     2.5247     42.632    33.5726    26.2003 -9.990e-29
 282.610787     43.074  34.607327     7.6773     2.5231     42.710    33.5691    26.1976 -9.990e-29
 282.610793     43.118  34.597803     7.6777     2.5208     42.754    33.5584    26.1891 -9.990e-29
 282.610799     43.130  34.590688     7.6785     2.5184     42.766    33.5500    26.1824 -9.990e-29
 282.610804     43.115  34.598323     7.6791     2.5079     42.751    33.5576    26.1883 -9.990e-29
 282.610810     43.077  34.609038     7.6797     2.5020     42.713    33.5686    26.1969 -9.990e-29
 282.610816     43.013  34.613588     7.6804     2.4997     42.650    33.5729    26.2001 -9.990e-29
 282.610822     42.924  34.615229     7.6807     2.4936     42.561    33.5744    26.2013 -9.990e-29
 282.610828     42.816  34.615581     7.6803     2.4980     42.454    33.5752    26.2020 -9.990e-29
 282.610833     42.695  34.615101     7.6794     2.4942     42.334    33.5756    26.2024 -9.990e-29
 282.610839     42.559  34.613700     7.6788     2.5022     42.199    33.5748    26.2018 0.0000e+00
 282.610845     42.398  34.612857     7.6789     2.4925     42.040    33.5738    26.2011 0.0000e+00
 282.610851     42.207  34.613119     7.6789     2.4901     41.850    33.5742    26.2014 0.0000e+00
 282.610856     41.990  34.613143     7.6781     2.4842     41.635    33.5751    26.2022 0.0000e+00
 282.610862     41.768  34.612389     7.6769     2.4984     41.415    33.5756    26.2027 0.0000e+00
 282.610868     41.561  34.611524     7.6762     2.5198     41.210    33.5754    26.2027 0.0000e+00
 282.610874     41.373  34.611067     7.6761     2.5242     41.024    33.5751    26.2025 0.0000e+00
 282.610880     41.204  34.610956     7.6762     2.4998     40.856    33.5750    26.2023 0.0000e+00
 282.610885     41.058  34.611033     7.6765     2.4985     40.711    33.5748    26.2022 0.0000e+00
 282.610891     40.929  34.611390     7.6771     2.4822     40.583    33.5747    26.2020 -9.990e-29
 282.610897     40.813  34.611932     7.6775     2.5008     40.468    33.5750    26.2021 -9.990e-29
 282.610903     40.710  34.612251     7.6773     2.4976     40.366    33.5755    26.2026 -9.990e-29
 282.610909     40.624  34.612203     7.6769     2.4808     40.281    33.5759    26.2030 -9.990e-29
 282.610914     40.562  34.611713     7.6765     2.4747     40.220    33.5758    26.2029 -9.990e-29
 282.610920     40.533  34.610676     7.6763     2.4681     40.191    33.5749    26.2022 -9.990e-29
 282.610926     40.534  34.609940     7.6763     2.4790     40.192    33.5741    26.2016 -9.990e-29
 282.610932     40.553  34.610190     7.6763     2.4775     40.211    33.5744    26.2018 -9.990e-29
 282.610937     40.573  34.610628     7.6762     2.4795     40.230    33.5749    26.2023 -9.990e-29
 282.610943     40.589  34.610707     7.6761     2.4795     40.246    33.5751    26.2024 -9.990e-29
 282.610949     40.605  34.610518     7.6759     2.4900     40.262    33.5751    26.2024 -9.990e-29
 282.610955     40.625  34.610359     7.6757     2.4966     40.282    33.5751    26.2025 -9.990e-29
 282.610961     40.649  34.610569     7.6757     2.4884     40.306    33.5753    26.2027 -9.990e-29
 282.610966     40.663  34.610856     7.6760     2.4839     40.320    33.5753    26.2026 -9.990e-29
 282.610972     40.660  34.611030     7.6765     2.4712     40.317    33.5750    26.2023 -9.990e-29
 282.610978     40.645  34.611311     7.6768     2.4713     40.302    33.5750    26.2023 -9.990e-29
 282.610984     40.621  34.611502     7.6771     2.4757     40.278    33.5750    26.2022 -9.990e-29
 282.610990     40.586  34.611287     7.6773     2.4942     40.243    33.5746    26.2018 -9.990e-29
 282.610995     40.542  34.610927     7.6769     2.5114     40.200    33.5746    26.2019 -9.990e-29
 282.611001     40.499  34.610493     7.6761     2.5299     40.157    33.5749    26.2023 -9.990e-29
 282.611007     40.464  34.609953     7.6755     2.4975     40.122    33.5749    26.2024 -9.990e-29
 282.611013     40.429  34.609698     7.6753     2.4858     40.088    33.5749    26.2024 -9.990e-29
 282.611019     40.392  34.609935     7.6756     2.4873     40.051    33.5748    26.2023 -9.990e-29
 282.611024     40.361  34.610410     7.6760     2.4485     40.020    33.5750    26.2024 -9.990e-29
 282.611030     40.340  34.610626     7.6758     2.4775     39.999    33.5754    26.2027 -9.990e-29
 282.611036     40.338  34.610299     7.6755     2.4775     39.997    33.5754    26.2027 -9.990e-29
 282.611042     40.358  34.609543     7.6752     2.4596     40.017    33.5748    26.2023 -9.990e-29
 282.611047     40.403  34.609018     7.6749     2.4928     40.062    33.5745    26.2021 -9.990e-29
 282.611053     40.465  34.609134     7.6747     2.4862     40.123    33.5748    26.2024 -9.990e-29
 282.611059     40.532  34.609472     7.6746     2.4845     40.190    33.5752    26.2028 -9.990e-29
 282.611065     40.588  34.609912     7.6749     2.4807     40.245    33.5754    26.2028 -9.990e-29
 282.611071     40.613  34.610467     7.6756     2.4491     40.270    33.5753    26.2027 -9.990e-29
 282.611076     40.610  34.610746     7.6759     2.4469     40.267    33.5753    26.2026 -9.990e-29
 282.611082     40.595  34.610549     7.6760     2.4617     40.252    33.5750    26.2024 -9.990e-29
 282.611088     40.581  34.610163     7.6760     2.4645     40.238    33.5746    26.2021 -9.990e-29
 282.611094     40.567  34.610182     7.6760     2.4710     40.224    33.5746    26.2021 -9.990e-29
 282.611100     40.542  34.610621     7.6759     2.4608     40.200    33.5752    26.2026 -9.990e-29
 282.611105     40.502  34.610932     7.6757     2.4564     40.160    33.5758    26.2030 -9.990e-29
 282.611111     40.448  34.610959     7.6755     2.4608     40.106    33.5760    26.2032 -9.990e-29
 282.611117     40.389  34.610727     7.6751     2.4629     40.048    33.5762    26.2034 -9.990e-29
 282.611123     40.338  34.609915     7.6746     2.4673     39.997    33.5758    26.2032 -9.990e-29
 282.611128     40.306  34.608552     7.6741     2.4754     39.966    33.5748    26.2025 -9.990e-29
 282.611134     40.295  34.607610     7.6740     2.4695     39.955    33.5739    26.2018 -9.990e-29
 282.611140     40.303  34.607502     7.6742     2.4674     39.963    33.5736    26.2015 -9.990e-29
 282.611146     40.327  34.607512     7.6743     2.4572     39.987    33.5735    26.2014 -9.990e-29
 282.611152     40.361  34.607642     7.6744     2.4526     40.020    33.5735    26.2014 -9.990e-29
 282.611157     40.397  34.608054     7.6747     2.4652     40.056    33.5737    26.2015 -9.990e-29
 282.611163     40.429  34.608163     7.6750     2.4695     40.088    33.5735    26.2013 -9.990e-29
 282.611169     40.455  34.608105     7.6752     2.4656     40.113    33.5732    26.2011 -9.990e-29
 282.611175     40.478  34.608349     7.6754     2.4696     40.136    33.5733    26.2011 -9.990e-29
 282.611181     40.497  34.608650     7.6754     2.4755     40.155    33.5736    26.2014 -9.990e-29
 282.611186     40.520  34.608839     7.6754     2.4800     40.178    33.5738    26.2015 -9.990e-29
 282.611192     40.550  34.609156     7.6753     2.4740     40.208    33.5742    26.2019 -9.990e-29
 282.611198     40.583  34.609454     7.6752     2.4653     40.240    33.5746    26.2022 -9.990e-29
 282.611204     40.602  34.609559     7.6753     2.4608     40.259    33.5746    26.2022 -9.990e-29
 282.611209     40.601  34.609598     7.6755     2.4467     40.258    33.5745    26.2020 -9.990e-29
 282.611215     40.584  34.609609     7.6755     2.4548     40.241    33.5745    26.2020 -9.990e-29
 282.611221     40.558  34.609596     7.6753     2.4570     40.216    33.5747    26.2022 -9.990e-29
 282.611227     40.534  34.609532     7.6751     2.4695     40.192    33.5748    26.2024 -9.990e-29
 282.611233     40.520  34.609321     7.6749     2.4782     40.178    33.5748    26.2024 -9.990e-29
 282.611238     40.509  34.609232     7.6746     2.4817     40.167    33.5750    26.2026 -9.990e-29
 282.611244     40.494  34.609694     7.6747     2.4733     40.152    33.5754    26.2029 -9.990e-29
 282.611250     40.464  34.610190     7.6750     2.4584     40.122    33.5757    26.2030 -9.990e-29
 282.611256     40.409  34.610250     7.6751     2.4622     40.068    33.5757    26.2030 -9.990e-29
 282.611262     40.326  34.609943     7.6753     2.4622     39.986    33.5752    26.2026 -9.990e-29
 282.611267     40.217  34.609407     7.6755     2.4606     39.877    33.5744    26.2020 -9.990e-29
 282.611273     40.080  34.609038     7.6755     2.4604     39.742    33.5741    26.2017 0.0000e+00
 282.611279     39.907  34.608893     7.6755     2.4559     39.570    33.5740    26.2017 0.0000e+00
 282.611285     39.687  34.608767     7.6755     2.4497     39.352    33.5740    26.2017 0.0000e+00
 282.611291     39.418  34.608481     7.6756     2.4519     39.085    33.5737    26.2014 0.0000e+00
 282.611296     39.112  34.608203     7.6755     2.4519     38.782    33.5737    26.2014 0.0000e+00
 282.611302     38.791  34.608112     7.6752     2.4540     38.464    33.5740    26.2017 0.0000e+00
 282.611308     38.474  34.608079     7.6751     2.4582     38.149    33.5742    26.2019 0.0000e+00
 282.611314     38.173  34.608051     7.6750     2.4580     37.851    33.5744    26.2020 0.0000e+00
 282.611319     37.877  34.607982     7.6752     2.4415     37.557    33.5743    26.2019 0.0000e+00
 282.611325     37.567  34.607767     7.6756     2.4371     37.250    33.5739    26.2015 0.0000e+00
 282.611331     37.232  34.607111     7.6758     2.4287     36.918    33.5731    26.2009 0.0000e+00
 282.611337     36.876  34.606246     7.6757     2.4309     36.565    33.5724    26.2004 0.0000e+00
 282.611343     36.510  34.605691     7.6750     2.4312     36.202    33.5727    26.2006 0.0000e+00
 282.611348     36.143  34.605257     7.6742     2.4311     35.838    33.5732    26.2011 0.0000e+00
