data/oxygen options/OCNMS/OCNMS1/raw_data/2012/CAST_TH015_120828faed.cnv
* Sea-Bird SBE19 Data File:
* FileName = C:\Documents and Settings\OCNMS\Desktop\2012 mooring data\2nd service\CAST_TH015_120828.hex
* Software Version 1.25
* Temperature SN = 2997
* Conductivity SN = 2997
* System UpLoad Time = Aug 28 2012 17:51:27
** CAST_TH015_120828
* SEACAT PROFILER V3.1c SN 2997   08/28/12  17:50:25.097
# nquan = 9                                 
# nvalues = 1098                        
# units = specified
# name 0 = timeJ: Julian Days
# name 1 = prSM: Pressure, Strain Gauge [db]
# name 2 = c0mS/cm: Conductivity [mS/cm]
# name 3 = t090C: Temperature [ITS-90, deg C]
# name 4 = sbeox0ML/L: Oxygen, SBE 43 [ml/l]
# name 5 = depSM: Depth [salt water, m], lat = 47.5
# name 6 = sal00: Salinity, Practical [PSU]
# name 7 = sigma-é00: Density [sigma-theta, kg/m^3]
# name 8 = flag: flag
# span 0 = 241.686505, 241.692853       
# span 1 =     -5.524,     17.006       
# span 2 =   0.436474,  38.265686       
# span 3 =    12.0051,    13.9107       
# span 4 =    -1.7769,    16.5354       
# span 5 =     -5.478,     16.863       
# span 6 =     0.2703,    32.9181       
# span 7 =    -0.5281,    24.8922       
# span 8 = 0.0000e+00, 0.0000e+00       
# interval = seconds: 0.5
# start_time = Aug 28 2012 16:28:34 [Instrument's time stamp, header]
# bad_flag = -9.990e-29
*END*
[from data line 481]
 241.689288      1.198  38.180754    12.4487    -1.4940      1.188    32.8338    24.8222 -9.990e-29
 241.689294      1.200  38.187072    12.4486    -1.4938      1.190    32.8400    24.8270 -9.990e-29
 241.689300      1.202  38.193607    12.4485    -1.4936      1.192    32.8463    24.8319 -9.990e-29
 241.689306      1.205  38.195041    12.4483    -1.4936      1.195    32.8478    24.8332 -9.990e-29
 241.689311      1.212  38.186166    12.4475    -1.4939      1.202    32.8400    24.8273 -9.990e-29
 241.689317      1.230  38.173075    12.4464    -1.4940      1.220    32.8285    24.8185 -9.990e-29
 241.689323      1.250  38.168205    12.4466    -1.4938      1.240    32.8236    24.8147 -9.990e-29
 241.689329      1.260  38.172363    12.4480    -1.4937      1.249    32.8264    24.8166 -9.990e-29
 241.689334      1.258  38.162163    12.4491    -1.4937      1.247    32.8156    24.8080 -9.990e-29
 241.689340      1.246  38.134113    12.4490    -1.4936      1.236    32.7889    24.7873 -9.990e-29
 241.689346      1.239  38.116394    12.4479    -1.4937      1.229    32.7729    24.7751 -9.990e-29
 241.689352      1.242  38.118464    12.4474    12.7373      1.232    32.7753    24.7771 -9.990e-29
 241.689358      1.253  38.131902    12.4480    16.4536      1.243    32.7876    24.7865 -9.990e-29
 241.689363      1.263  38.143833    12.4489    16.5354      1.252    32.7983    24.7946 -9.990e-29
 241.689369      1.265  38.141609    12.4498    13.3584      1.254    32.7953    24.7922 -9.990e-29
 241.689375      1.259  38.129013    12.4509     6.8157      1.248    32.7823    24.7819 -9.990e-29
 241.689381      1.252  38.120652    12.4520     7.0167      1.242    32.7734    24.7747 -9.990e-29
 241.689387      1.249  38.121653    12.4527     7.2661      1.239    32.7737    24.7748 -9.990e-29
 241.689392      1.250  38.126650    12.4533     7.3194      1.240    32.7780    24.7780 -9.990e-29
 241.689398      1.254  38.131683    12.4543     7.2780      1.244    32.7819    24.7809 -9.990e-29
 241.689404      1.262  38.133402    12.4557     7.2134      1.251    32.7823    24.7810 -9.990e-29
 241.689410      1.271  38.130761    12.4575     7.1518      1.260    32.7782    24.7774 -9.990e-29
 241.689416      1.271  38.128667    12.4593     7.1014      1.260    32.7747    24.7743 -9.990e-29
 241.689421      1.263  38.129394    12.4601     7.0547      1.252    32.7747    24.7742 -9.990e-29
 241.689427      1.255  38.130574    12.4603     7.0293      1.245    32.7756    24.7749 -9.990e-29
 241.689433      1.256  38.131003    12.4607     7.0313      1.246    32.7757    24.7748 -9.990e-29
 241.689439      1.269  38.130159    12.4609     7.0447      1.258    32.7747    24.7740 -9.990e-29
 241.689444      1.286  38.125259    12.4601     7.0648      1.275    32.7707    24.7711 -9.990e-29
 241.689450      1.297  38.119877    12.4582     7.0673      1.286    32.7672    24.7687 -9.990e-29
 241.689456      1.297  38.120309    12.4551     7.0582      1.286    32.7703    24.7718 -9.990e-29
 241.689462      1.291  38.121552    12.4518     7.0508      1.280    32.7744    24.7755 -9.990e-29
 241.689468      1.286  38.119121    12.4501     7.0409      1.275    32.7735    24.7752 -9.990e-29
 241.689473      1.288  38.114284    12.4502     7.0368      1.277    32.7688    24.7715 -9.990e-29
 241.689479      1.291  38.110698    12.4504     7.0359      1.280    32.7652    24.7687 -9.990e-29
 241.689485      1.287  38.111450    12.4502     7.0295      1.276    32.7661    24.7694 -9.990e-29
 241.689491      1.277  38.112526    12.4498     7.0312      1.266    32.7675    24.7706 -9.990e-29
 241.689497      1.268  38.112580    12.4495     7.0471      1.257    32.7678    24.7709 -9.990e-29
 241.689502      1.263  38.114511    12.4494     7.0753      1.252    32.7697    24.7724 -9.990e-29
 241.689508      1.263  38.116436    12.4492     7.1054      1.252    32.7718    24.7740 -9.990e-29
 241.689514      1.267  38.117021    12.4479     7.1112      1.256    32.7735    24.7756 -9.990e-29
 241.689520      1.276  38.118193    12.4458     7.1036      1.265    32.7764    24.7783 -9.990e-29
 241.689525      1.290  38.119297    12.4435     7.0793      1.279    32.7795    24.7811 -9.990e-29
 241.689531      1.306  38.119026    12.4419     7.0698      1.295    32.7806    24.7823 -9.990e-29
 241.689537      1.316  38.118724    12.4416     7.0732      1.305    32.7806    24.7823 -9.990e-29
 241.689543      1.317  38.118572    12.4424     7.0730      1.306    32.7797    24.7815 -9.990e-29
 241.689549      1.313  38.117830    12.4437     7.0558      1.302    32.7779    24.7798 -9.990e-29
 241.689554      1.312  38.117212    12.4449     7.0529      1.301    32.7762    24.7783 -9.990e-29
 241.689560      1.318  38.115920    12.4453     7.0514      1.307    32.7746    24.7770 -9.990e-29
 241.689566      1.333  38.114497    12.4451     7.0630      1.322    32.7735    24.7761 -9.990e-29
 241.689572      1.352  38.114993    12.4453     7.0796      1.341    32.7737    24.7763 -9.990e-29
 241.689578      1.368  38.115850    12.4463     7.0848      1.357    32.7737    24.7761 -9.990e-29
 241.689583      1.378  38.117115    12.4471     7.0849      1.366    32.7742    24.7763 -9.990e-29
 241.689589      1.383  38.119936    12.4471     7.0800      1.371    32.7769    24.7784 -9.990e-29
 241.689595      1.387  38.122497    12.4468     7.0815      1.375    32.7796    24.7806 -9.990e-29
 241.689601      1.398  38.123753    12.4462     7.0926      1.386    32.7813    24.7820 -9.990e-29
 241.689606      1.415  38.123161    12.4450     7.1151      1.403    32.7818    24.7826 -9.990e-29
 241.689612      1.424  38.121077    12.4432     7.1117      1.412    32.7814    24.7826 -9.990e-29
 241.689618      1.426  38.119788    12.4409     7.1038      1.414    32.7821    24.7837 -9.990e-29
 241.689624      1.426  38.119280    12.4385     7.0994      1.414    32.7838    24.7854 -9.990e-29
 241.689630      1.423  38.117781    12.4367     7.0870      1.411    32.7839    24.7858 -9.990e-29
 241.689635      1.418  38.115554    12.4358     7.0758      1.406    32.7826    24.7849 -9.990e-29
 241.689641      1.410  38.114137    12.4359     7.0776      1.398    32.7811    24.7838 -9.990e-29
 241.689647      1.398  38.114466    12.4369     7.0838      1.386    32.7806    24.7832 -9.990e-29
 241.689653      1.387  38.115881    12.4385     7.0850      1.375    32.7805    24.7828 -9.990e-29
 241.689659      1.384  38.117493    12.4402     7.0948      1.372    32.7806    24.7826 -9.990e-29
 241.689664      1.389  38.119235    12.4412     7.1186      1.377    32.7814    24.7830 -9.990e-29
 241.689670      1.393  38.120651    12.4415     7.1300      1.381    32.7825    24.7838 -9.990e-29
 241.689676      1.393  38.121412    12.4413     7.1396      1.381    32.7834    24.7845 -9.990e-29
 241.689682      1.388  38.121437    12.4402     7.1387      1.376    32.7844    24.7855 -9.990e-29
 241.689687      1.378  38.120223    12.4385     7.1203      1.366    32.7847    24.7861 -9.990e-29
 241.689693      1.364  38.118414    12.4375     7.1209      1.353    32.7838    24.7856 -9.990e-29
 241.689699      1.347  38.117544    12.4377     7.1244      1.336    32.7828    24.7848 -9.990e-29
 241.689705      1.335  38.117598    12.4380     7.1247      1.324    32.7826    24.7846 -9.990e-29
 241.689711      1.332  38.117553    12.4375     7.1328      1.321    32.7830    24.7850 -9.990e-29
 241.689716      1.339  38.116813    12.4360     7.1360      1.328    32.7836    24.7857 -9.990e-29
 241.689722      1.350  38.114974    12.4344     7.1341      1.339    32.7832    24.7857 -9.990e-29
 241.689728      1.358  38.112970    12.4330     7.1459      1.347    32.7825    24.7855 -9.990e-29
 241.689734      1.360  38.112075    12.4307     7.1576      1.349    32.7837    24.7868 -9.990e-29
 241.689740      1.355  38.111119    12.4274     7.1380      1.344    32.7857    24.7890 -9.990e-29
 241.689745      1.347  38.108849    12.4246     7.1300      1.336    32.7859    24.7897 -9.990e-29
 241.689751      1.344  38.106184    12.4229     7.1398      1.333    32.7849    24.7892 -9.990e-29
 241.689757      1.352  38.104638    12.4221     7.1294      1.341    32.7841    24.7887 -9.990e-29
 241.689763      1.365  38.104416    12.4220     7.1355      1.354    32.7840    24.7887 -9.990e-29
 241.689769      1.376  38.104683    12.4224     7.1437      1.365    32.7839    24.7885 -9.990e-29
 241.689774      1.382  38.105258    12.4229     7.1207      1.370    32.7840    24.7885 -9.990e-29
 241.689780      1.386  38.105810    12.4231     7.1157      1.374    32.7843    24.7887 -9.990e-29
 241.689786      1.394  38.105419    12.4227     7.1175      1.382    32.7843    24.7888 -9.990e-29
 241.689792      1.403  38.104709    12.4226     7.1304      1.391    32.7837    24.7884 -9.990e-29
 241.689797      1.407  38.105000    12.4236     7.1579      1.395    32.7831    24.7877 -9.990e-29
 241.689803      1.408  38.106143    12.4257     7.1561      1.396    32.7824    24.7867 -9.990e-29
 241.689809      1.405  38.107442    12.4280     7.1480      1.393    32.7816    24.7857 -9.990e-29
 241.689815      1.399  38.108414    12.4294     7.1383      1.387    32.7813    24.7852 -9.990e-29
 241.689821      1.389  38.109258    12.4302     7.1398      1.377    32.7814    24.7851 -9.990e-29
 241.689826      1.373  38.110563    12.4307     7.1446      1.362    32.7822    24.7857 -9.990e-29
 241.689832      1.357  38.111854    12.4312     7.1380      1.346    32.7831    24.7862 -9.990e-29
 241.689838      1.346  38.112634    12.4318     7.1478      1.335    32.7833    24.7863 -9.990e-29
 241.689844      1.346  38.112846    12.4323     7.1218      1.335    32.7830    24.7860 -9.990e-29
 241.689850      1.354  38.112799    12.4326     7.1103      1.343    32.7827    24.7857 -9.990e-29
 241.689855      1.369  38.113012    12.4331     7.1090      1.358    32.7825    24.7854 -9.990e-29
 241.689861      1.382  38.113235    12.4341     7.1089      1.370    32.7818    24.7847 -9.990e-29
 241.689867      1.390  38.113787    12.4354     7.1229      1.378    32.7812    24.7840 -9.990e-29
 241.689873      1.393  38.114867    12.4365     7.1262      1.381    32.7813    24.7838 -9.990e-29
 241.689878      1.396  38.115700    12.4372     7.1267      1.384    32.7815    24.7838 -9.990e-29
 241.689884      1.403  38.116297    12.4378     7.1329      1.391    32.7815    24.7838 -9.990e-29
 241.689890      1.411  38.116920    12.4382     7.1347      1.399    32.7818    24.7839 -9.990e-29
 241.689896      1.416  38.117302    12.4382     7.1412      1.404    32.7821    24.7842 -9.990e-29
 241.689902      1.417  38.117416    12.4381     7.1353      1.405    32.7823    24.7843 -9.990e-29
 241.689907      1.420  38.117439    12.4383     7.1240      1.408    32.7822    24.7842 -9.990e-29
 241.689913      1.429  38.117426    12.4387     7.1207      1.417    32.7818    24.7838 -9.990e-29
 241.689919      1.439  38.117382    12.4388     7.1450      1.427    32.7817    24.7837 -9.990e-29
 241.689925      1.449  38.117272    12.4382     7.1557      1.437    32.7821    24.7841 -9.990e-29
 241.689931      1.457  38.116975    12.4372     7.1588      1.445    32.7827    24.7848 -9.990e-29
 241.689936      1.461  38.116679    12.4364     7.1522      1.449    32.7831    24.7852 -9.990e-29
 241.689942      1.456  38.116573    12.4357     7.1397      1.444    32.7836    24.7858 -9.990e-29
 241.689948      1.446  38.115977    12.4347     7.1396      1.434    32.7839    24.7862 -9.990e-29
 241.689954      1.439  38.114122    12.4335     7.1394      1.427    32.7832    24.7859 -9.990e-29
 241.689959      1.440  38.111918    12.4328     7.1530      1.428    32.7817    24.7848 -9.990e-29
 241.689965      1.443  38.111496    12.4332     7.1496      1.431    32.7809    24.7842 -9.990e-29
 241.689971      1.445  38.112877    12.4344     7.1477      1.433    32.7812    24.7842 -9.990e-29
 241.689977      1.446  38.114564    12.4358     7.1509      1.434    32.7816    24.7842 -9.990e-29
 241.689983      1.446  38.116028    12.4371     7.1093      1.434    32.7819    24.7842 -9.990e-29
 241.689988      1.444  38.117006    12.4381     7.1096      1.432    32.7819    24.7840 -9.990e-29
 241.689994      1.442  38.117705    12.4385     7.0965      1.430    32.7822    24.7842 -9.990e-29
 241.690000      1.438  38.118519    12.4385     7.0994      1.426    32.7830    24.7848 -9.990e-29
 241.690006      1.433  38.119247    12.4381     7.1297      1.421    32.7841    24.7857 -9.990e-29
 241.690012      1.429  38.119749    12.4376     7.1391      1.417    32.7850    24.7865 -9.990e-29
 241.690017      1.433  38.119947    12.4378     7.1404      1.421    32.7850    24.7865 -9.990e-29
 241.690023      1.438  38.119541    12.4387     7.1289      1.426    32.7838    24.7854 -9.990e-29
 241.690029      1.442  38.118916    12.4393     7.1327      1.430    32.7827    24.7844 -9.990e-29
 241.690035      1.445  38.118349    12.4390     7.1219      1.433    32.7824    24.7842 -9.990e-29
 241.690041      1.446  38.115954    12.4379     7.1439      1.434    32.7811    24.7834 -9.990e-29
 241.690046      1.447  38.112450    12.4370     7.1285      1.435    32.7785    24.7816 -9.990e-29
 241.690052      1.447  38.112119    12.4372     7.1137      1.435    32.7780    24.7812 -9.990e-29
 241.690058      1.445  38.114511    12.4381     7.1196      1.433    32.7795    24.7822 -9.990e-29
 241.690064      1.442  38.116080    12.4388     7.1102      1.430    32.7804    24.7827 -9.990e-29
 241.690069      1.438  38.116668    12.4391     7.1395      1.426    32.7807    24.7829 -9.990e-29
 241.690075      1.433  38.117608    12.4393     7.1325      1.421    32.7815    24.7834 -9.990e-29
 241.690081      1.430  38.118465    12.4391     7.1410      1.418    32.7825    24.7842 -9.990e-29
 241.690087      1.433  38.117570    12.4371     7.1362      1.421    32.7833    24.7853 -9.990e-29
 241.690093      1.439  38.114280    12.4347     7.1231      1.427    32.7823    24.7849 -9.990e-29
 241.690098      1.443  38.111482    12.4347     7.1444      1.431    32.7796    24.7829 -9.990e-29
 241.690104      1.446  38.111596    12.4364     7.1247      1.434    32.7782    24.7815 -9.990e-29
 241.690110      1.447  38.113085    12.4380     7.1508      1.435    32.7783    24.7812 -9.990e-29
 241.690116      1.448  38.115121    12.4384     7.1626      1.436    32.7799    24.7824 -9.990e-29
 241.690122      1.448  38.116488    12.4378     7.1268      1.436    32.7817    24.7839 -9.990e-29
 241.690127      1.446  38.116198    12.4374     7.1285      1.434    32.7818    24.7840 -9.990e-29
 241.690133      1.444  38.116095    12.4369     7.1357      1.432    32.7821    24.7844 -9.990e-29
 241.690139      1.440  38.115472    12.4349     7.1189      1.428    32.7833    24.7857 -9.990e-29
 241.690145      1.440  38.112367    12.4317     7.1332      1.428    32.7831    24.7861 -9.990e-29
 241.690150      1.446  38.108233    12.4289     7.1076      1.434    32.7816    24.7855 -9.990e-29
 241.690156      1.456  38.105954    12.4275     7.0995      1.444    32.7806    24.7850 -9.990e-29
 241.690162      1.465  38.106402    12.4266     7.1239      1.453    32.7818    24.7861 -9.990e-29
 241.690168      1.474  38.107360    12.4255     7.1479      1.462    32.7837    24.7878 -9.990e-29
 241.690174      1.479  38.107296    12.4246     7.1688      1.467    32.7844    24.7885 -9.990e-29
 241.690179      1.477  38.106676    12.4244     7.1677      1.465    32.7840    24.7882 -9.990e-29
 241.690185      1.472  38.105781    12.4241     7.1565      1.460    32.7834    24.7878 -9.990e-29
 241.690191      1.467  38.105089    12.4236     7.1713      1.455    32.7832    24.7877 -9.990e-29
 241.690197      1.463  38.105350    12.4232     7.1675      1.451    32.7838    24.7883 -9.990e-29
 241.690203      1.458  38.106340    12.4231     7.1719      1.446    32.7848    24.7891 -9.990e-29
