data/oxygen options/OCNMS/OCNMS1/raw_data/2012/CAST_CE015_121010faed.cnv
* Sea-Bird SBE19 Data File:
* FileName = C:\Documents and Settings\OCNMS\Desktop\2012 mooring data\RECOVERY\CAST_CE015_121010.hex
* Software Version 1.25
* Temperature SN = 2997
* Conductivity SN = 2997
* System UpLoad Time = Oct 10 2012 11:22:40
** CAST_CE015_121010
* SEACAT PROFILER V3.1c SN 2997   10/10/12  11:21:29.571
# nquan = 9                                 
# nvalues = 1145                        
# units = specified
# name 0 = timeJ: Julian Days
# name 1 = prSM: Pressure, Strain Gauge [db]
# name 2 = c0mS/cm: Conductivity [mS/cm]
# name 3 = t090C: Temperature [ITS-90, deg C]
# name 4 = sbeox0ML/L: Oxygen, SBE 43 [ml/l]
# name 5 = depSM: Depth [salt water, m], lat = 47.5
# name 6 = sal00: Salinity, Practical [PSU]
# name 7 = sigma-é00: Density [sigma-theta, kg/m^3]
# name 8 = flag: flag
# span 0 = 284.462616, 284.469236       
# span 1 =     -4.929,     16.907       
# span 2 =   0.266449,  36.332897       
# span 3 =     9.7018,    10.3254       
# span 4 =    -1.9539,    13.6241       
# span 5 =     -4.888,     16.765       
# span 6 =     0.1804,    32.9901       
# span 7 =    -0.1421,    25.3926       
# span 8 = 0.0000e+00, 0.0000e+00       
# interval = seconds: 0.5
# start_time = Oct 10 2012 11:06:10 [Instrument's time stamp, header]
# bad_flag = -9.990e-29
*END*
[from data line 481]
 284.465399      0.118   0.308864     9.8179    -1.9482      0.117     0.2099    -0.1167 -9.990e-29
 284.465405      0.119   0.308396     9.8188    -1.9482      0.118     0.2096    -0.1171 -9.990e-29
 284.465411      0.119   0.307805     9.8208    -1.9480      0.118     0.2091    -0.1176 -9.990e-29
 284.465417      0.120   0.307412     9.8233    -1.9481      0.119     0.2088    -0.1180 -9.990e-29
 284.465422      0.122   0.307244     9.8262    -1.9480      0.121     0.2087    -0.1184 -9.990e-29
 284.465428      0.123   0.307079     9.8293    -1.9479      0.122     0.2086    -0.1188 -9.990e-29
 284.465434      0.125   0.306696     9.8316    -1.9481      0.124     0.2083    -0.1192 -9.990e-29
 284.465440      0.127   0.306137     9.8330    -1.9483      0.126     0.2079    -0.1196 -9.990e-29
 284.465446      0.130   0.305762     9.8343    -1.9482      0.129     0.2076    -0.1199 -9.990e-29
 284.465451      0.133   0.305621     9.8354    -1.9481      0.132     0.2075    -0.1201 -9.990e-29
 284.465457      0.138   0.305527     9.8366    -1.9479      0.137     0.2075    -0.1203 -9.990e-29
 284.465463      0.144   0.305354     9.8378    -1.9482      0.143     0.2073    -0.1205 -9.990e-29
 284.465469      0.152   0.304870     9.8388    -1.9485      0.151     0.2070    -0.1208 -9.990e-29
 284.465475      0.161   0.303983     9.8396    -1.9488      0.160     0.2064    -0.1214 -9.990e-29
 284.465480      0.170   0.303170     9.8395    -1.9494      0.169     0.2058    -0.1218 -9.990e-29
 284.465486      0.173   0.303005     9.8381    -1.9499      0.172     0.2057    -0.1218 -9.990e-29
 284.465492      0.176   0.303268     9.8369    -1.9502      0.175     0.2059    -0.1215 -9.990e-29
 284.465498      0.178   0.303201     9.8368    -1.9504      0.177     0.2058    -0.1216 -9.990e-29
 284.465503      0.175   0.302711     9.8375    -1.9508      0.174     0.2055    -0.1219 -9.990e-29
 284.465509      0.172   0.302253     9.8372    -1.9508      0.171     0.2052    -0.1221 -9.990e-29
 284.465515      0.172   0.301769     9.8340    -1.9508      0.171     0.2048    -0.1221 -9.990e-29
 284.465521      0.176   0.301165     9.8284    -1.9508      0.175     0.2045    -0.1219 -9.990e-29
 284.465527      0.183   0.300743     9.8211    -1.9508      0.181     0.2042    -0.1215 -9.990e-29
 284.465532      0.195   0.300492     9.8123    -1.9510      0.193     0.2041    -0.1208 -9.990e-29
 284.465538      0.208   0.300077     9.8035    -1.9510      0.206     0.2038    -0.1203 -9.990e-29
 284.465544      0.213   0.299497     9.7962    -1.9510      0.211     0.2035    -0.1199 -9.990e-29
 284.465550      0.212   0.299083     9.7907    -1.9511      0.210     0.2032    -0.1197 -9.990e-29
 284.465556      0.212   0.298836     9.7865    -1.9510      0.210     0.2031    -0.1194 -9.990e-29
 284.465561      0.214   0.298426     9.7839    -1.9507      0.212     0.2028    -0.1194 -9.990e-29
 284.465567      0.210   0.297860     9.7825    -1.9505      0.208     0.2024    -0.1196 -9.990e-29
 284.465573      0.198   0.297487     9.7816    -1.9503      0.196     0.2021    -0.1197 -9.990e-29
 284.465579      0.188   0.297364     9.7805    -1.9501      0.186     0.2021    -0.1197 -9.990e-29
 284.465584      0.182   0.297323     9.7791    -1.9502      0.180     0.2020    -0.1196 -9.990e-29
 284.465590      0.180   0.297309     9.7779    -1.9502      0.178     0.2020    -0.1195 -9.990e-29
 284.465596      0.183   0.297304     9.7775    -1.9506      0.181     0.2020    -0.1195 -9.990e-29
 284.465602      0.189   0.297299     9.7784    -1.9509      0.187     0.2020    -0.1195 -9.990e-29
 284.465608      0.200   0.297285     9.7810    -1.9511      0.198     0.2020    -0.1198 -9.990e-29
 284.465613      0.212   0.297243     9.7847    -1.9513      0.210     0.2020    -0.1201 -9.990e-29
 284.465619      0.217   0.297116     9.7885    -1.9511      0.215     0.2018    -0.1205 -9.990e-29
 284.465625      0.215   0.296734     9.7921    -1.9510      0.213     0.2016    -0.1211 -9.990e-29
 284.465631      0.216   0.296140     9.7943    -1.9507      0.214     0.2011    -0.1216 -9.990e-29
 284.465637      0.219   0.295649     9.7943    -1.9505      0.217     0.2008    -0.1219 -9.990e-29
 284.465642      0.220   0.295158     9.7919    -1.9505      0.218     0.2005    -0.1219 -9.990e-29
 284.465648      0.218   0.294564     9.7873    -1.9504      0.216     0.2001    -0.1218 -9.990e-29
 284.465654      0.215   0.294183     9.7820    -1.9503      0.213     0.1998    -0.1216 -9.990e-29
 284.465660      0.213   0.294056     9.7781    -1.9502      0.211     0.1998    -0.1213 -9.990e-29
 284.465666      0.218   0.294014     9.7766    -1.9502      0.216     0.1997    -0.1212 -9.990e-29
 284.465671      0.225   0.293999     9.7777    -1.9502      0.223     0.1997    -0.1213 -9.990e-29
 284.465677      0.225   0.293990     9.7806    -1.9503      0.223     0.1997    -0.1216 -9.990e-29
 284.465683      0.220   0.293976     9.7843    -1.9505      0.218     0.1997    -0.1219 -9.990e-29
 284.465689      0.217   0.293935     9.7876    -1.9507      0.215     0.1996    -0.1222 -9.990e-29
 284.465694      0.216   0.293812     9.7898    -1.9507      0.214     0.1995    -0.1225 -9.990e-29
 284.465700      0.213   0.293444     9.7916    -1.9508      0.211     0.1993    -0.1228 -9.990e-29
 284.465706      0.211   0.292891     9.7933    -1.9509      0.209     0.1989    -0.1233 -9.990e-29
 284.465712      0.216   0.292521     9.7947    -1.9509      0.214     0.1986    -0.1236 -9.990e-29
 284.465718      0.227   0.292395     9.7952    -1.9511      0.225     0.1985    -0.1237 -9.990e-29
 284.465723      0.241   0.292341     9.7947    -1.9510      0.239     0.1985    -0.1237 -9.990e-29
 284.465729      0.254   0.292287     9.7932    -1.9511      0.252     0.1985    -0.1236 -9.990e-29
 284.465735      0.267   0.292158     9.7909    -1.9510      0.265     0.1984    -0.1235 -9.990e-29
 284.465741      0.277   0.291783     9.7886    -1.9509      0.275     0.1981    -0.1235 -9.990e-29
 284.465747      0.279   0.291216     9.7865    -1.9507      0.277     0.1977    -0.1236 -9.990e-29
 284.465752      0.275   0.290807     9.7843    -1.9506      0.273     0.1975    -0.1236 -9.990e-29
 284.465758      0.264   0.290561     9.7821    -1.9505      0.262     0.1973    -0.1236 -9.990e-29
 284.465764      0.250   0.290151     9.7804    -1.9504      0.248     0.1970    -0.1236 -9.990e-29
 284.465770      0.239   0.289580     9.7794    -1.9503      0.237     0.1966    -0.1239 -9.990e-29
 284.465775      0.237   0.289194     9.7792    -1.9501      0.235     0.1964    -0.1241 -9.990e-29
 284.465781      0.242   0.289029     9.7800    -1.9500      0.240     0.1962    -0.1242 -9.990e-29
 284.465787      0.250   0.288865     9.7814    -1.9499      0.248     0.1961    -0.1244 -9.990e-29
 284.465793      0.255   0.288483     9.7834    -1.9499      0.253     0.1959    -0.1248 -9.990e-29
 284.465799      0.255   0.287925     9.7860    -1.9497      0.253     0.1954    -0.1254 -9.990e-29
 284.465804      0.260   0.287552     9.7887    -1.9496      0.258     0.1952    -0.1258 -9.990e-29
 284.465810      0.269   0.287419     9.7912    -1.9498      0.267     0.1951    -0.1261 -9.990e-29
 284.465816      0.280   0.287350     9.7939    -1.9499      0.278     0.1950    -0.1264 -9.990e-29
 284.465822      0.293   0.287250     9.7967    -1.9501      0.291     0.1949    -0.1267 -9.990e-29
 284.465828      0.303   0.286986     9.7994    -1.9502      0.300     0.1947    -0.1271 -9.990e-29
 284.465833      0.309   0.286758     9.8017    -1.9501      0.306     0.1946    -0.1274 -9.990e-29
 284.465839      0.314   0.286815     9.8037    -1.9500      0.311     0.1946    -0.1276 -9.990e-29
 284.465845      0.323   0.286679     9.8056    -1.9501      0.320     0.1945    -0.1278 -9.990e-29
 284.465851      0.332   0.286166     9.8073    -1.9502      0.329     0.1941    -0.1283 -9.990e-29
 284.465856      0.337   0.285699     9.8080    -1.9502      0.334     0.1938    -0.1286 -9.990e-29
 284.465862      0.340   0.285206     9.8068    -1.9505      0.337     0.1934    -0.1287 -9.990e-29
 284.465868      0.340   0.284584     9.8046    -1.9508      0.337     0.1930    -0.1289 -9.990e-29
 284.465874      0.336   0.284107     9.8022    -1.9509      0.333     0.1927    -0.1289 -9.990e-29
 284.465880      0.330   0.283693     9.8005    -1.9510      0.327     0.1924    -0.1290 -9.990e-29
 284.465885      0.324   0.283343     9.8003    -1.9509      0.321     0.1922    -0.1292 -9.990e-29
 284.465891      0.323   0.283140     9.8005    -1.9510      0.320     0.1920    -0.1293 -9.990e-29
 284.465897      0.326   0.282814     9.7998    -1.9511      0.323     0.1918    -0.1294 -9.990e-29
 284.465903      0.334   0.282484     9.7984    -1.9511      0.331     0.1916    -0.1295 -9.990e-29
 284.465909      0.343   0.282261     9.7963    -1.9511      0.340     0.1915    -0.1294 -9.990e-29
 284.465914      0.349   0.281847     9.7927    -1.9513      0.346     0.1912    -0.1293 -9.990e-29
 284.465920      0.353   0.281243     9.7886    -1.9514      0.350     0.1908    -0.1293 -9.990e-29
 284.465926      0.355   0.280748     9.7855    -1.9514      0.352     0.1905    -0.1293 -9.990e-29
 284.465932      0.355   0.280255     9.7837    -1.9514      0.352     0.1901    -0.1294 -9.990e-29
 284.465938      0.353   0.279659     9.7829    -1.9513      0.350     0.1897    -0.1296 -9.990e-29
 284.465943      0.349   0.279272     9.7819    -1.9513      0.346     0.1894    -0.1298 -9.990e-29
 284.465949      0.343   0.279130     9.7804    -1.9512      0.340     0.1894    -0.1297 -9.990e-29
 284.465955      0.334   0.279043     9.7792    -1.9511      0.331     0.1893    -0.1296 -9.990e-29
 284.465961      0.326   0.278892     9.7782    -1.9510      0.323     0.1892    -0.1296 -9.990e-29
 284.465966      0.327   0.278478     9.7769    -1.9508      0.324     0.1889    -0.1297 -9.990e-29
 284.465972      0.336   0.277801     9.7758    -1.9504      0.333     0.1884    -0.1300 -9.990e-29
 284.465978      0.347   0.277063     9.7754    -1.9498      0.344     0.1879    -0.1304 -9.990e-29
 284.465984      0.356   0.276386     9.7755    -1.9493      0.353     0.1875    -0.1308 -9.990e-29
 284.465990      0.363   0.275972     9.7763    -1.9492      0.360     0.1872    -0.1311 -9.990e-29
 284.465995      0.368   0.275822     9.7777    -1.9491      0.365     0.1871    -0.1313 -9.990e-29
 284.466001      0.372   0.275736     9.7795    -1.9484      0.369     0.1870    -0.1315 -9.990e-29
 284.466007      0.375   0.275597     9.7820    -1.9476      0.372     0.1869    -0.1318 -9.990e-29
 284.466013      0.377   0.275219     9.7856    -1.9471      0.374     0.1866    -0.1323 -9.990e-29
 284.466019      0.379   0.274651     9.7908    -1.9468      0.376     0.1862    -0.1331 -9.990e-29
 284.466024      0.381   0.274241     9.7984    -1.9468      0.378     0.1859    -0.1340 -9.990e-29
 284.466030      0.382   0.273995     9.8077    -1.9470      0.379     0.1856    -0.1350 -9.990e-29
 284.466036      0.382   0.273585     9.8160    -1.9473      0.379     0.1853    -0.1359 -9.990e-29
 284.466042      0.383   0.273014     9.8222    -1.9473      0.380     0.1849    -0.1368 -9.990e-29
 284.466047      0.383   0.272627     9.8291    -1.9473      0.380     0.1846    -0.1376 -9.990e-29
 284.466053      0.383   0.272462     9.8395    -1.9475      0.380     0.1844    -0.1387 -9.990e-29
 284.466059      0.383   0.272298     9.8516    -1.9477      0.380     0.1843    -0.1398 -9.990e-29
 284.466065      0.383   0.271914     9.8615    -1.9478      0.380     0.1839    -0.1409 -9.990e-29
 284.466071      0.383   0.271352     9.8673    -1.9480      0.380     0.1835    -0.1418 -9.990e-29
 284.466076      0.382   0.270969     9.8689    -1.9481      0.379     0.1833    -0.1421 -9.990e-29
 284.466082      0.382   0.270805     9.8674    -1.9484      0.379     0.1832    -0.1421 -9.990e-29
 284.466088      0.381   0.270642     9.8648    -1.9484      0.378     0.1830    -0.1419 -9.990e-29
 284.466094      0.379   0.270260     9.8627    -1.9487      0.376     0.1828    -0.1420 -9.990e-29
 284.466100      0.378   0.269701     9.8608    -1.9490      0.375     0.1824    -0.1421 -9.990e-29
 284.466105      0.375   0.269326     9.8580    -1.9492      0.372     0.1822    -0.1420 -9.990e-29
 284.466111      0.372   0.269188     9.8546    -1.9494      0.369     0.1821    -0.1418 -9.990e-29
 284.466117      0.368   0.269102     9.8510    -1.9496      0.365     0.1820    -0.1415 -9.990e-29
 284.466123      0.363   0.268954     9.8476    -1.9497      0.360     0.1820    -0.1413 -9.990e-29
 284.466128      0.357   0.268544     9.8443    -1.9502      0.354     0.1817    -0.1412 -9.990e-29
 284.466134      0.352   0.267882     9.8410    -1.9505      0.349     0.1812    -0.1413 -9.990e-29
 284.466140      0.355   0.267193     9.8373    -1.9509      0.352     0.1808    -0.1413 -9.990e-29
 284.466146      0.359   0.266666     9.8326    -1.9514      0.356     0.1804    -0.1412 -9.990e-29
 284.466152      0.362   0.266705     9.8273    -1.9519      0.359     0.1805    -0.1407 -9.990e-29
 284.466157      0.363   0.267363     9.8225    -1.9523      0.360     0.1810    -0.1399 -9.990e-29
 284.466163      0.363   0.267858     9.8182    -1.9525      0.360     0.1813    -0.1393 -9.990e-29
 284.466169      0.361   0.267743     9.8138    -1.9528      0.358     0.1813    -0.1389 -9.990e-29
 284.466175      0.358   0.267421     9.8085    -1.9532      0.355     0.1811    -0.1386 -9.990e-29
 284.466181      0.357   0.267014     9.8020    -1.9534      0.354     0.1808    -0.1383 -9.990e-29
 284.466186      0.363   0.266534     9.7946    -1.9533      0.360     0.1805    -0.1379 -9.990e-29
 284.466192      0.372   0.266449     9.7859    -1.9534      0.369     0.1805    -0.1371 -9.990e-29
 284.466198      0.380   0.267200     9.7761    -1.5775      0.377     0.1811    -0.1358 -9.990e-29
 284.466204      0.387   0.269238     9.7665    -1.5681      0.384     0.1825    -0.1339 -9.990e-29
 284.466209      0.394   0.273064     9.7582    -1.5659      0.391     0.1852    -0.1310 -9.990e-29
 284.466215      0.402   0.279906     9.7512    -1.5657      0.399     0.1900    -0.1267 -9.990e-29
 284.466221      0.411   0.293906     9.7453    -1.5657      0.408     0.1998    -0.1184 -9.990e-29
 284.466227      0.422   0.328748     9.7415    -1.5658      0.418     0.2242    -0.0989 -9.990e-29
 284.466233      0.434   0.428121     9.7435    -1.5656      0.430     0.2944    -0.0437 -9.990e-29
 284.466238      0.450   0.723968     9.7597    -1.5656      0.446     0.5076     0.1226 -9.990e-29
 284.466244      0.470   1.610201     9.8130    -1.5659      0.466     1.1695     0.6376 -9.990e-29
 284.466250      0.495   4.267355     9.9364    -1.5659      0.491     3.2679     2.2676 -9.990e-29
 284.466256      0.527  12.234430    10.0999    -1.5657      0.523    10.0692     7.5432 -9.990e-29
 284.466262      0.569  24.183899    10.2198    -1.5657      0.564    21.0638    16.0647 -9.990e-29
 284.466267      0.621  32.151062    10.2751    -1.5657      0.616    28.7756    22.0528 -9.990e-29
 284.466273      0.685  34.803425    10.2972    -1.5657      0.679    31.3985    24.0921 -9.990e-29
 284.466279      0.754  35.679738    10.3053    -1.5658      0.748    32.2705    24.7703 -9.990e-29
 284.466285      0.826  35.965795    10.3070    -1.5657      0.819    32.5567    24.9931 -9.990e-29
 284.466291      0.896  36.061496    10.3065    -1.5656      0.889    32.6534    25.0686 -9.990e-29
 284.466296      0.959  36.098368    10.3058    -1.5659      0.951    32.6911    25.0981 -9.990e-29
 284.466302      1.012  36.110453    10.3053    -1.5658      1.004    32.7037    25.1081 -9.990e-29
 284.466308      1.053  36.110505    10.3046    -1.5656      1.044    32.7044    25.1087 -9.990e-29
 284.466314      1.085  36.113166    10.3034    -1.5656      1.076    32.7081    25.1118 -9.990e-29
