data/oxygen options/OCNMS/OCNMS1/raw_data/2012/CAST_TH042_120525faedb.cnv
* Sea-Bird SBE19 Data File:
* FileName = C:\Documents and Settings\OCNMS\Desktop\2012 mooring data\Deployment May\CAST_TH042_120525.hex
* Software Version 1.25
* Temperature SN = 2997
* Conductivity SN = 2997
* System UpLoad Time = May 25 2012 14:46:38
** CAST_TH042_120525
* SEACAT PROFILER V3.1c SN 2997   05/25/12  14:45:25.934
# nquan = 9
# nvalues = 41                          
# units = specified
# name 0 = timeJ: Julian Days
# name 1 = prSM: Pressure, Strain Gauge [db]
# name 2 = c0mS/cm: Conductivity [mS/cm]
# name 3 = t090C: Temperature [ITS-90, deg C]
# name 4 = sbeox0ML/L: Oxygen, SBE 43 [ml/l]
# name 5 = depSM: Depth [salt water, m], lat = 47.5
# name 6 = sal00: Salinity, Practical [PSU]
# name 7 = sigma-é00: Density [sigma-theta, kg/m^3]
# name 8 = flag: flag
# span 0 = 146.482234, 146.483269       
# span 1 =      2.000,     42.000       
# span 2 =  31.668754,  35.442507       
# span 3 =     7.8012,    11.6440       
# span 4 =     3.0272,     7.9632       
# span 5 =      1.983,     41.645       
# span 6 =    27.2632,    33.3541       
# span 7 =    20.6505,    26.0108       
# span 8 = 0.0000e+00, 0.0000e+00       
# interval = decibars: 1                
# start_time = May 25 2012 11:26:05 [Instrument's time stamp, header]
# bad_flag = -9.990e-29
*END*
 146.482234      2.000  31.668754    11.6440     7.5514      1.983    27.2632    20.6505 0.0000e+00
 146.482265      3.000  31.679111    11.5427     7.5917      2.975    27.3473    20.7331 0.0000e+00
 146.482294      4.000  31.949632    11.5029     7.5260      3.967    27.6348    20.9629 0.0000e+00
 146.482320      5.000  32.335438    11.3859     7.8533      4.958    28.0926    21.3380 0.0000e+00
 146.482345      6.000  33.779350    11.2551     7.9632      5.950    29.5901    22.5230 0.0000e+00
 146.482373      7.000  34.702744    11.1073     7.6621      6.942    30.6095    23.3405 0.0000e+00
 146.482398      8.000  35.066070    10.8888     7.3965      7.933    31.1496    23.7982 0.0000e+00
 146.482422      9.000  35.236184    10.7467     7.3933      8.925    31.4387    24.0476 0.0000e+00
 146.482446     10.000  35.336137    10.6770     7.3820      9.916    31.5974    24.1830 0.0000e+00
 146.482474     11.000  35.361508    10.6614     7.3780     10.908    31.6357    24.2156 0.0000e+00
 146.482499     12.000  35.379654    10.6559     7.3746     11.899    31.6581    24.2339 0.0000e+00
 146.482523     13.000  35.408741    10.6537     7.4000     12.891    31.6885    24.2580 0.0000e+00
 146.482549     14.000  35.442507    10.6467     7.3587     13.883    31.7277    24.2898 0.0000e+00
 146.482574     15.000  35.433392    10.6022     7.3042     14.874    31.7569    24.3201 0.0000e+00
 146.482601     16.000  35.396541    10.5157     7.2449     15.866    31.7952    24.3646 0.0000e+00
 146.482627     17.000  35.349762    10.4490     7.1585     16.858    31.8062    24.3846 0.0000e+00
 146.482651     18.000  35.334712    10.4203     6.8467     17.849    31.8158    24.3969 0.0000e+00
 146.482674     19.000  35.260675    10.3105     6.6756     18.841    31.8375    24.4323 0.0000e+00
 146.482704     20.000  35.216672    10.1213     5.9718     19.832    31.9593    24.5588 0.0000e+00
 146.482730     21.000  35.133125     9.7337     6.0356     20.824    32.2186    24.8248 0.0000e+00
 146.482751     22.000  35.057487     9.4968     6.1820     21.815    32.3540    24.9688 0.0000e+00
 146.482775     23.000  35.049412     9.2782     4.5150     22.807    32.5435    25.1517 0.0000e+00
 146.482804     24.000  34.810483     8.6788     3.7967     23.798    32.8460    25.4815 0.0000e+00
 146.482831     25.000  34.658961     8.3730     3.4133     24.790    32.9713    25.6261 0.0000e+00
 146.482852     26.000  34.548348     8.2147     3.4657     25.781    33.0023    25.6740 0.0000e+00
 146.482876     27.000  34.533621     8.1816     3.5167     26.773    33.0173    25.6907 0.0000e+00
 146.482904     28.000  34.532284     8.1724     3.5184     27.765    33.0241    25.6974 0.0000e+00
 146.482928     29.000  34.524086     8.1563     3.4992     28.756    33.0300    25.7044 0.0000e+00
 146.482947     30.000  34.520039     8.1507     3.4623     29.747    33.0305    25.7057 0.0000e+00
 146.482969     31.000  34.520266     8.1417     3.4360     30.739    33.0388    25.7135 0.0000e+00
 146.482995     32.000  34.518863     8.1286     3.4093     31.730    33.0493    25.7236 0.0000e+00
 146.483022     33.000  34.509993     8.1030     3.4124     32.722    33.0635    25.7386 0.0000e+00
 146.483048     34.000  34.508616     8.0927     3.3754     33.714    33.0712    25.7462 0.0000e+00
 146.483071     35.000  34.503712     8.0649     3.1766     34.705    33.0918    25.7664 0.0000e+00
 146.483092     36.000  34.508279     7.9648     3.1371     35.697    33.1911    25.8590 0.0000e+00
 146.483121     37.000  34.522794     7.9011     3.1298     36.688    33.2666    25.9276 0.0000e+00
 146.483156     38.000  34.518110     7.8563     3.0307     37.680    33.3039    25.9634 0.0000e+00
 146.483175     39.000  34.519795     7.8155     3.0467     38.671    33.3442    26.0010 0.0000e+00
 146.483200     40.000  34.522697     7.8113     3.0448     39.662    33.3509    26.0068 0.0000e+00
 146.483233     41.000  34.521427     7.8073     3.0411     40.654    33.3528    26.0089 0.0000e+00
 146.483269     42.000  34.517598     7.8012     3.0272     41.645    33.3541    26.0108 0.0000e+00
