data/oxygen options/OCNMS/OCNMS1/raw_data/2012/CAST_CE015_121010faed.cnv
* Sea-Bird SBE19 Data File:
* FileName = C:\Documents and Settings\OCNMS\Desktop\2012 mooring data\RECOVERY\CAST_CE015_121010.hex
* Software Version 1.25
* Temperature SN = 2997
* Conductivity SN = 2997
* System UpLoad Time = Oct 10 2012 11:22:40
** CAST_CE015_121010
* SEACAT PROFILER V3.1c SN 2997   10/10/12  11:21:29.571
# nquan = 9                                 
# nvalues = 1145                        
# units = specified
# name 0 = timeJ: Julian Days
# name 1 = prSM: Pressure, Strain Gauge [db]
# name 2 = c0mS/cm: Conductivity [mS/cm]
# name 3 = t090C: Temperature [ITS-90, deg C]
# name 4 = sbeox0ML/L: Oxygen, SBE 43 [ml/l]
# name 5 = depSM: Depth [salt water, m], lat = 47.5
# name 6 = sal00: Salinity, Practical [PSU]
# name 7 = sigma-é00: Density [sigma-theta, kg/m^3]
# name 8 = flag: flag
# span 0 = 284.462616, 284.469236       
# span 1 =     -4.929,     16.907       
# span 2 =   0.266449,  36.332897       
# span 3 =     9.7018,    10.3254       
# span 4 =    -1.9539,    13.6241       
# span 5 =     -4.888,     16.765       
# span 6 =     0.1804,    32.9901       
# span 7 =    -0.1421,    25.3926       
# span 8 = 0.0000e+00, 0.0000e+00       
# interval = seconds: 0.5
# start_time = Oct 10 2012 11:06:10 [Instrument's time stamp, header]
# bad_flag = -9.990e-29
*END*
[from data line 641]
 284.466325      1.131  36.127632    10.3040    -1.5655      1.122    32.7221    25.1226 -9.990e-29
 284.466331      1.147  36.130164    10.3055    -1.5655      1.137    32.7233    25.1233 -9.990e-29
 284.466337      1.160  36.126801    10.3064    -1.5657      1.150    32.7191    25.1199 -9.990e-29
 284.466343      1.171  36.121469    10.3064    -1.5657      1.161    32.7137    25.1157 -9.990e-29
 284.466348      1.180  36.119947    10.3060    -1.5655      1.170    32.7126    25.1148 -9.990e-29
 284.466354      1.189  36.118530    10.3059    -1.5656      1.179    32.7112    25.1138 -9.990e-29
 284.466360      1.197  36.115334    10.3061    -1.5656      1.187    32.7078    25.1111 -9.990e-29
 284.466366      1.206  36.117867    10.3067    -1.5657      1.196    32.7098    25.1126 -9.990e-29
 284.466372      1.215  36.125029    10.3076    -1.5655      1.205    32.7162    25.1174 -9.990e-29
 284.466377      1.221  36.128449    10.3081    -1.5655      1.211    32.7192    25.1197 -9.990e-29
 284.466383      1.221  36.128769    10.3082    -1.5657      1.211    32.7195    25.1198 -9.990e-29
 284.466389      1.218  36.129221    10.3085    -1.5658      1.208    32.7196    25.1199 -9.990e-29
 284.466395      1.216  36.127052    10.3085    -1.5654      1.206    32.7175    25.1182 -9.990e-29
 284.466400      1.216  36.122177    10.3077    -1.5654      1.206    32.7133    25.1151 -9.990e-29
 284.466406      1.217  36.121544    10.3065    -1.5658      1.207    32.7137    25.1156 -9.990e-29
 284.466412      1.220  36.126556    10.3061    -1.5657      1.210    32.7191    25.1199 -9.990e-29
 284.466418      1.225  36.129896    10.3065    -1.5655      1.215    32.7221    25.1222 -9.990e-29
 284.466424      1.231  36.129300    10.3076    -1.5656      1.221    32.7205    25.1208 -9.990e-29
 284.466429      1.240  36.129019    10.3093    -1.5657      1.230    32.7187    25.1191 -9.990e-29
 284.466435      1.251  36.129803    10.3105    -1.5656      1.241    32.7184    25.1186 -9.990e-29
 284.466441      1.262  36.127101    10.3107    -1.5657      1.251    32.7155    25.1163 -9.990e-29
 284.466447      1.265  36.121236    10.3102    -1.5657      1.254    32.7100    25.1122 -9.990e-29
 284.466453      1.259  36.121198    10.3094    -1.5657      1.248    32.7107    25.1128 -9.990e-29
 284.466458      1.253  36.127503    10.3092    -1.5657      1.243    32.7173    25.1180 -9.990e-29
 284.466464      1.251  36.128395    10.3098    -1.5656      1.241    32.7176    25.1181 -9.990e-29
 284.466470      1.249  36.123388    10.3108    -1.5657      1.239    32.7117    25.1133 -9.990e-29
 284.466476      1.241  36.122055    10.3120    -1.5657      1.231    32.7093    25.1112 -9.990e-29
 284.466481      1.232  36.122065    10.3127    -1.5657      1.222    32.7086    25.1106 -9.990e-29
 284.466487      1.225  36.117275    10.3125    -1.5657      1.215    32.7040    25.1071 -9.990e-29
 284.466493      1.220  36.111387    10.3120    -1.5658      1.210    32.6985    25.1029 -9.990e-29
 284.466499      1.217  36.108319    10.3117    -1.5657      1.207    32.6957    25.1007 -9.990e-29
 284.466505      1.216  36.106787    10.3117    -1.5656      1.206    32.6942    25.0995 -9.990e-29
 284.466510      1.215  36.105871    10.3121    -1.5657      1.205    32.6929    25.0985 -9.990e-29
 284.466516      1.217  36.106598    10.3130    -1.5658      1.207    32.6928    25.0982 -9.990e-29
 284.466522      1.219  36.108819    10.3138    -1.5658      1.209    32.6943    25.0993 -9.990e-29
 284.466528      1.223  36.108779    10.3140    -1.5656      1.213    32.6941    25.0991 -9.990e-29
 284.466534      1.230  36.105310    10.3136    -1.5656      1.220    32.6910    25.0967 -9.990e-29
 284.466539      1.238  36.102753    10.3130    -1.5656      1.228    32.6889    25.0952 -9.990e-29
 284.466545      1.249  36.102747    10.3125    -1.5656      1.239    32.6894    25.0957 -9.990e-29
 284.466551      1.259  36.103608    10.3126    -1.5657      1.248    32.6901    25.0962 -9.990e-29
 284.466557      1.265  36.105368    10.3131    -1.5656      1.254    32.6915    25.0972 -9.990e-29
 284.466563      1.271  36.108137    10.3136    10.0117      1.260    32.6938    25.0989 -9.990e-29
 284.466568      1.283  36.108891    10.3141    13.4026      1.272    32.6941    25.0991 -9.990e-29
 284.466574      1.295  36.105838    10.3147    13.6241      1.284    32.6905    25.0961 -9.990e-29
 284.466580      1.301  36.102195    10.3153    10.9684      1.290    32.6863    25.0928 -9.990e-29
 284.466586      1.301  36.100951    10.3154     5.4246      1.290    32.6849    25.0917 -9.990e-29
 284.466591      1.304  36.102134    10.3152     5.5861      1.293    32.6863    25.0928 -9.990e-29
 284.466597      1.314  36.105645    10.3153     5.8557      1.303    32.6897    25.0955 -9.990e-29
 284.466603      1.327  36.110568    10.3157     5.9442      1.316    32.6943    25.0990 -9.990e-29
 284.466609      1.335  36.113390    10.3157     5.9177      1.324    32.6972    25.1012 -9.990e-29
 284.466615      1.336  36.115635    10.3156     5.8619      1.325    32.6995    25.1030 -9.990e-29
 284.466620      1.328  36.127024    10.3153     5.7870      1.317    32.7112    25.1122 -9.990e-29
 284.466626      1.316  36.145942    10.3150     5.7461      1.305    32.7306    25.1274 -9.990e-29
 284.466632      1.307  36.158406    10.3150     5.7150      1.296    32.7431    25.1371 -9.990e-29
 284.466638      1.306  36.162553    10.3156     5.6802      1.295    32.7468    25.1399 -9.990e-29
 284.466644      1.307  36.164478    10.3163     5.6561      1.296    32.7481    25.1408 -9.990e-29
 284.466649      1.307  36.165629    10.3167     5.6290      1.296    32.7489    25.1413 -9.990e-29
 284.466655      1.306  36.165866    10.3167     5.6107      1.295    32.7491    25.1415 -9.990e-29
 284.466661      1.303  36.165510    10.3164     5.6066      1.292    32.7490    25.1415 -9.990e-29
 284.466667      1.299  36.165213    10.3161     5.5937      1.288    32.7490    25.1415 -9.990e-29
 284.466672      1.293  36.165145    10.3161     5.5974      1.282    32.7489    25.1415 -9.990e-29
 284.466678      1.289  36.165218    10.3165     5.5938      1.278    32.7486    25.1412 -9.990e-29
 284.466684      1.291  36.165535    10.3167     5.5899      1.280    32.7488    25.1413 -9.990e-29
 284.466690      1.295  36.165963    10.3169     5.5827      1.284    32.7490    25.1414 -9.990e-29
 284.466696      1.296  36.165958    10.3172     5.5629      1.285    32.7487    25.1412 -9.990e-29
 284.466701      1.300  36.165518    10.3173     5.5557      1.289    32.7482    25.1407 -9.990e-29
 284.466707      1.306  36.165182    10.3176     5.5664      1.295    32.7476    25.1402 -9.990e-29
 284.466713      1.307  36.165068    10.3182     5.5790      1.296    32.7469    25.1396 -9.990e-29
 284.466719      1.302  36.165026    10.3189     5.5845      1.291    32.7463    25.1389 -9.990e-29
 284.466725      1.299  36.165007    10.3189     5.5878      1.288    32.7463    25.1389 -9.990e-29
 284.466730      1.299  36.164990    10.3185     5.5881      1.288    32.7466    25.1393 -9.990e-29
 284.466736      1.297  36.164957    10.3185     5.5860      1.286    32.7466    25.1392 -9.990e-29
 284.466742      1.297  36.164869    10.3187     5.5845      1.286    32.7463    25.1390 -9.990e-29
 284.466748      1.304  36.164615    10.3189     5.5932      1.293    32.7459    25.1386 -9.990e-29
 284.466753      1.318  36.164420    10.3193     5.5934      1.307    32.7453    25.1381 -9.990e-29
 284.466759      1.336  36.164591    10.3197     5.5933      1.325    32.7451    25.1379 -9.990e-29
 284.466765      1.349  36.164798    10.3198     5.5900      1.338    32.7452    25.1380 -9.990e-29
 284.466771      1.356  36.164762    10.3199     5.5753      1.345    32.7451    25.1378 -9.990e-29
 284.466777      1.355  36.164440    10.3199     5.5592      1.344    32.7448    25.1376 -9.990e-29
 284.466782      1.352  36.163968    10.3196     5.5485      1.341    32.7446    25.1375 -9.990e-29
 284.466788      1.351  36.163842    10.3194     5.5413      1.340    32.7446    25.1376 -9.990e-29
 284.466794      1.351  36.163899    10.3193     5.5536      1.340    32.7448    25.1377 -9.990e-29
 284.466800      1.352  36.163659    10.3193     5.5648      1.341    32.7445    25.1375 -9.990e-29
 284.466806      1.355  36.163368    10.3193     5.5847      1.344    32.7442    25.1373 -9.990e-29
 284.466811      1.360  36.163202    10.3191     5.6043      1.349    32.7442    25.1373 -9.990e-29
 284.466817      1.362  36.162944    10.3187     5.6044      1.351    32.7443    25.1375 -9.990e-29
 284.466823      1.358  36.162258    10.3183     5.6006      1.347    32.7440    25.1373 -9.990e-29
 284.466829      1.352  36.161362    10.3180     5.5752      1.341    32.7434    25.1368 -9.990e-29
 284.466834      1.351  36.161311    10.3182     5.5574      1.340    32.7431    25.1366 -9.990e-29
 284.466840      1.357  36.162049    10.3187     5.5555      1.346    32.7434    25.1368 -9.990e-29
 284.466846      1.359  36.162332    10.3189     5.5592      1.348    32.7435    25.1368 -9.990e-29
 284.466852      1.359  36.161986    10.3186     5.5752      1.348    32.7435    25.1368 -9.990e-29
 284.466858      1.362  36.161679    10.3181     5.5879      1.351    32.7436    25.1370 -9.990e-29
 284.466863      1.362  36.161572    10.3181     5.5969      1.351    32.7435    25.1369 -9.990e-29
 284.466869      1.360  36.161531    10.3185     5.5897      1.349    32.7431    25.1365 -9.990e-29
 284.466875      1.360  36.161513    10.3191     5.5897      1.349    32.7425    25.1360 -9.990e-29
 284.466881      1.357  36.161503    10.3193     5.5790      1.346    32.7423    25.1358 -9.990e-29
 284.466887      1.352  36.161498    10.3190     5.5678      1.341    32.7426    25.1361 -9.990e-29
 284.466892      1.349  36.161503    10.3189     5.5679      1.338    32.7427    25.1362 -9.990e-29
 284.466898      1.347  36.161534    10.3192     5.5662      1.336    32.7425    25.1359 -9.990e-29
 284.466904      1.346  36.161641    10.3195     5.5646      1.335    32.7423    25.1357 -9.990e-29
 284.466910      1.346  36.161978    10.3198     5.5661      1.335    32.7424    25.1357 -9.990e-29
 284.466916      1.348  36.162444    10.3199     5.5661      1.337    32.7428    25.1360 -9.990e-29
 284.466921      1.350  36.162551    10.3200     5.5825      1.339    32.7428    25.1360 -9.990e-29
 284.466927      1.354  36.162450    10.3201     5.5898      1.343    32.7426    25.1358 -9.990e-29
 284.466933      1.356  36.162578    10.3202     5.5897      1.345    32.7426    25.1359 -9.990e-29
 284.466939      1.350  36.162555    10.3205     5.5930      1.339    32.7423    25.1356 -9.990e-29
 284.466944      1.342  36.162361    10.3206     5.5879      1.331    32.7420    25.1353 -9.990e-29
 284.466950      1.339  36.162306    10.3205     5.5951      1.328    32.7421    25.1354 -9.990e-29
 284.466956      1.340  36.162329    10.3204     5.5951      1.329    32.7422    25.1355 -9.990e-29
 284.466962      1.339  36.162472    10.3204     5.5771      1.328    32.7423    25.1356 -9.990e-29
 284.466968      1.333  36.162373    10.3202     5.5719      1.322    32.7424    25.1357 -9.990e-29
 284.466973      1.333  36.161910    10.3199     5.5682      1.322    32.7422    25.1356 -9.990e-29
 284.466979      1.341  36.161596    10.3201     5.5791      1.330    32.7417    25.1352 -9.990e-29
 284.466985      1.354  36.161584    10.3207     5.5882      1.343    32.7412    25.1346 -9.990e-29
 284.466991      1.364  36.161867    10.3210     5.5810      1.353    32.7412    25.1346 -9.990e-29
 284.466997      1.372  36.162274    10.3209     5.5699      1.361    32.7417    25.1350 -9.990e-29
 284.467002      1.383  36.162236    10.3208     5.5644      1.371    32.7417    25.1351 -9.990e-29
 284.467008      1.393  36.161713    10.3208     5.5805      1.381    32.7412    25.1346 -9.990e-29
 284.467014      1.399  36.161138    10.3205     5.5828      1.387    32.7409    25.1345 -9.990e-29
 284.467020      1.401  36.160314    10.3197     5.5918      1.389    32.7408    25.1345 -9.990e-29
 284.467025      1.399  36.159273    10.3188     5.5899      1.387    32.7405    25.1345 -9.990e-29
 284.467031      1.392  36.158880    10.3180     5.5844      1.380    32.7409    25.1349 -9.990e-29
 284.467037      1.386  36.159180    10.3180     5.5788      1.374    32.7412    25.1351 -9.990e-29
 284.467043      1.383  36.159462    10.3186     5.5805      1.371    32.7409    25.1348 -9.990e-29
 284.467049      1.380  36.159551    10.3196     5.5756      1.368    32.7401    25.1340 -9.990e-29
 284.467054      1.375  36.159575    10.3203     5.5756      1.364    32.7395    25.1334 -9.990e-29
 284.467060      1.374  36.159578    10.3201     5.5699      1.363    32.7397    25.1336 -9.990e-29
 284.467066      1.375  36.159574    10.3194     5.5736      1.364    32.7403    25.1342 -9.990e-29
 284.467072      1.380  36.159567    10.3191     5.5719      1.368    32.7406    25.1344 -9.990e-29
 284.467078      1.383  36.159559    10.3194     5.5718      1.371    32.7403    25.1342 -9.990e-29
 284.467083      1.381  36.159548    10.3199     5.5737      1.369    32.7398    25.1337 -9.990e-29
 284.467089      1.374  36.159528    10.3202     5.5719      1.363    32.7395    25.1335 -9.990e-29
 284.467095      1.366  36.159483    10.3200     5.5754      1.355    32.7397    25.1336 -9.990e-29
 284.467101      1.364  36.159364    10.3194     5.5682      1.353    32.7401    25.1340 -9.990e-29
 284.467106      1.369  36.159025    10.3191     5.5733      1.358    32.7400    25.1340 -9.990e-29
 284.467112      1.372  36.158582    10.3192     5.5754      1.361    32.7395    25.1336 -9.990e-29
 284.467118      1.374  36.158576    10.3194     5.5772      1.363    32.7393    25.1334 -9.990e-29
 284.467124      1.378  36.159009    10.3193     5.5716      1.366    32.7398    25.1338 -9.990e-29
 284.467130      1.382  36.159346    10.3191     5.5807      1.370    32.7403    25.1343 -9.990e-29
 284.467135      1.385  36.159487    10.3192     5.5771      1.373    32.7404    25.1343 -9.990e-29
 284.467141      1.391  36.159630    10.3194     5.5628      1.379    32.7404    25.1342 -9.990e-29
 284.467147      1.396  36.159977    10.3198     5.5591      1.384    32.7403    25.1342 -9.990e-29
 284.467153      1.398  36.160440    10.3203     5.5534      1.386    32.7404    25.1341 -9.990e-29
 284.467159      1.395  36.160527    10.3205     5.5753      1.383    32.7403    25.1340 -9.990e-29
 284.467164      1.393  36.160362    10.3206     5.5934      1.381    32.7400    25.1338 -9.990e-29
 284.467170      1.394  36.160297    10.3207     5.5878      1.382    32.7398    25.1336 -9.990e-29
 284.467176      1.396  36.160254    10.3211     5.5756      1.384    32.7394    25.1332 -9.990e-29
 284.467182      1.397  36.160188    10.3214     5.5787      1.385    32.7391    25.1329 -9.990e-29
 284.467188      1.403  36.160020    10.3214     5.5805      1.391    32.7389    25.1328 -9.990e-29
 284.467193      1.409  36.160096    10.3213     5.5789      1.397    32.7391    25.1329 -9.990e-29
 284.467199      1.412  36.160527    10.3215     5.5914      1.400    32.7394    25.1331 -9.990e-29
 284.467205      1.411  36.160778    10.3216     5.5876      1.399    32.7395    25.1332 -9.990e-29
 284.467211      1.412  36.160632    10.3213     5.5895      1.400    32.7396    25.1334 -9.990e-29
 284.467216      1.418  36.160466    10.3213     5.5968      1.406    32.7395    25.1332 -9.990e-29
 284.467222      1.425  36.160629    10.3214     5.5770      1.413    32.7395    25.1333 -9.990e-29
 284.467228      1.430  36.160789    10.3214     5.5660      1.418    32.7397    25.1334 -9.990e-29
 284.467234      1.432  36.160608    10.3218     5.5626      1.420    32.7392    25.1329 -9.990e-29
 284.467240      1.433  36.160414    10.3222     5.5554      1.421    32.7386    25.1324 -9.990e-29
