data/oxygen options/OCNMS/OCNMS1/raw_data/2012/CAST_CE015_120830faed.cnv
* Sea-Bird SBE19 Data File:
* FileName = C:\Documents and Settings\OCNMS\Desktop\2012 mooring data\2nd service\CAST_CE015_120830.hex
* Software Version 1.25
* Temperature SN = 2997
* Conductivity SN = 2997
* System UpLoad Time = Aug 30 2012 13:04:44
** CAST_CE015_120830
* SEACAT PROFILER V3.1c SN 2997   08/30/12  13:03:36.211
# nquan = 9                                 
# nvalues = 839                         
# units = specified
# name 0 = timeJ: Julian Days
# name 1 = prSM: Pressure, Strain Gauge [db]
# name 2 = c0mS/cm: Conductivity [mS/cm]
# name 3 = t090C: Temperature [ITS-90, deg C]
# name 4 = sbeox0ML/L: Oxygen, SBE 43 [ml/l]
# name 5 = depSM: Depth [salt water, m], lat = 47.5
# name 6 = sal00: Salinity, Practical [PSU]
# name 7 = sigma-é00: Density [sigma-theta, kg/m^3]
# name 8 = flag: flag
# span 0 = 243.508866, 243.513715       
# span 1 =     -5.275,     16.156       
# span 2 =   0.212154,  37.317627       
# span 3 =    13.3963,    16.2438       
# span 4 =    -1.7161,    14.6685       
# span 5 =     -5.231,     16.021       
# span 6 =     0.1243,    31.2115       
# span 7 =    -0.9957,    23.3827       
# span 8 = 0.0000e+00, 0.0000e+00       
# interval = seconds: 0.5
# start_time = Aug 30 2012 12:12:46 [Instrument's time stamp, header]
# bad_flag = -9.990e-29
*END*
[from data line 641]
 243.512575      0.978  35.289452    14.3549     7.4492      0.970    28.6161    21.1888 -9.990e-29
 243.512581      0.994  35.300669    14.3635     7.4325      0.986    28.6199    21.1899 -9.990e-29
 243.512587      1.011  35.298975    14.3824     7.4018      1.003    28.6044    21.1742 -9.990e-29
 243.512593      1.024  35.300012    14.4094     7.3841      1.015    28.5854    21.1541 -9.990e-29
 243.512598      1.040  35.310744    14.4249     7.3918      1.031    28.5836    21.1496 -9.990e-29
 243.512604      1.062  35.315788    14.4124     7.3958      1.053    28.5974    21.1627 -9.990e-29
 243.512610      1.093  35.303940    14.3862     7.3693      1.084    28.6060    21.1747 -9.990e-29
 243.512616      1.135  35.290185    14.3702     7.3147      1.126    28.6055    21.1775 -9.990e-29
 243.512622      1.191  35.289197    14.3666     7.2603      1.181    28.6072    21.1795 -9.990e-29
 243.512627      1.259  35.292354    14.3659     7.2204      1.248    28.6105    21.1823 -9.990e-29
 243.512633      1.339  35.296003    14.3609     7.1934      1.328    28.6175    21.1886 -9.990e-29
 243.512639      1.446  35.304992    14.3447     7.1834      1.434    28.6375    21.2073 -9.990e-29
 243.512645      1.595  35.330728    14.3059     7.1491      1.582    28.6893    21.2550 0.0000e+00
 243.512650      1.782  35.373350    14.2380     7.1225      1.767    28.7781    21.3371 0.0000e+00
 243.512656      1.993  35.403995    14.1533     7.0948      1.976    28.8689    21.4240 0.0000e+00
 243.512662      2.221  35.410302    14.0703     7.0791      2.202    28.9367    21.4929 0.0000e+00
 243.512668      2.463  35.406246    14.0020     7.0615      2.442    28.9842    21.5431 0.0000e+00
 243.512674      2.717  35.403745    13.9547     7.0346      2.694    29.0174    21.5782 0.0000e+00
 243.512679      2.983  35.405028    13.9240     6.9862      2.958    29.0417    21.6030 0.0000e+00
 243.512685      3.255  35.406175    13.9019     6.9553      3.228    29.0593    21.6210 0.0000e+00
 243.512691      3.529  35.407568    13.8833     6.9219      3.500    29.0745    21.6364 0.0000e+00
 243.512697      3.810  35.411040    13.8643     6.8833      3.778    29.0920    21.6536 0.0000e+00
 243.512703      4.104  35.413359    13.8450     6.8400      4.070    29.1086    21.6702 0.0000e+00
 243.512708      4.408  35.413115    13.8285     6.7990      4.371    29.1207    21.6829 0.0000e+00
 243.512714      4.710  35.412199    13.8161     6.7837      4.671    29.1292    21.6919 0.0000e+00
 243.512720      5.000  35.411047    13.8073     6.7789      4.958    29.1347    21.6979 0.0000e+00
 243.512726      5.280  35.411457    13.8010     6.7735      5.236    29.1398    21.7030 0.0000e+00
 243.512731      5.558  35.416197    13.7963     6.7666      5.512    29.1476    21.7100 0.0000e+00
 243.512737      5.840  35.425405    13.7941     6.7276      5.791    29.1575    21.7181 0.0000e+00
 243.512743      6.126  35.438460    13.7961     6.6753      6.075    29.1678    21.7257 0.0000e+00
 243.512749      6.417  35.458187    13.8022     6.6313      6.363    29.1811    21.7347 0.0000e+00
 243.512755      6.715  35.485669    13.8106     6.5992      6.659    29.1997    21.7474 0.0000e+00
 243.512760      7.021  35.516652    13.8203     6.5938      6.962    29.2205    21.7615 0.0000e+00
 243.512766      7.339  35.552110    13.8332     6.6011      7.278    29.2430    21.7763 0.0000e+00
 243.512772      7.666  35.604025    13.8515     6.6032      7.602    29.2763    21.7984 0.0000e+00
 243.512778      7.993  35.669358    13.8711     6.5937      7.926    29.3208    21.8289 0.0000e+00
 243.512784      8.312  35.724325    13.8863     6.5626      8.242    29.3593    21.8555 0.0000e+00
 243.512789      8.620  35.762680    13.8981     6.5258      8.548    29.3851    21.8731 0.0000e+00
 243.512795      8.922  35.794667    13.9104     6.5001      8.847    29.4048    21.8858 0.0000e+00
 243.512801      9.218  35.829315    13.9249     6.4873      9.141    29.4252    21.8987 0.0000e+00
 243.512807      9.515  35.874165    13.9416     6.4797      9.435    29.4532    21.9170 0.0000e+00
 243.512813      9.822  35.929638    13.9583     6.4752      9.740    29.4908    21.9427 0.0000e+00
 243.512818     10.143  35.987919    13.9710     6.4603     10.058    29.5341    21.9735 0.0000e+00
 243.512824     10.468  36.033733    13.9779     6.4411     10.380    29.5704    22.0001 0.0000e+00
 243.512830     10.787  36.057585    13.9804     6.4229     10.697    29.5901    22.0148 0.0000e+00
 243.512836     11.105  36.068299    13.9809     6.3990     11.012    29.5994    22.0219 0.0000e+00
 243.512841     11.427  36.079021    13.9800     6.3843     11.331    29.6097    22.0300 0.0000e+00
 243.512847     11.753  36.096746    13.9774     6.3656     11.655    29.6277    22.0445 0.0000e+00
 243.512853     12.083  36.127727    13.9734     6.2674     11.982    29.6589    22.0693 0.0000e+00
 243.512859     12.415  36.165089    13.9694     6.1038     12.311    29.6960    22.0987 0.0000e+00
 243.512865     12.746  36.190301    13.9654     5.8715     12.639    29.7219    22.1195 0.0000e+00
 243.512870     13.070  36.205035    13.9588     5.6885     12.961    29.7403    22.1351 0.0000e+00
 243.512876     13.388  36.224995    13.9431     5.5495     13.276    29.7706    22.1615 0.0000e+00
 243.512882     13.706  36.273971    13.9065     5.5037     13.591    29.8435    22.2251 0.0000e+00
 243.512888     14.028  36.394283    13.8325     5.4927     13.910    30.0111    22.3692 0.0000e+00
 243.512894     14.347  36.618071    13.7235     5.5244     14.227    30.3020    22.6154 0.0000e+00
 243.512899     14.660  36.900366    13.6145     5.6304     14.537    30.6486    22.9046 0.0000e+00
 243.512905     14.955  37.125199    13.5248     5.7771     14.830    30.9286    23.1387 0.0000e+00
 243.512911     15.222  37.243912    13.4510     5.9484     15.094    31.0985    23.2846 0.0000e+00
 243.512917     15.456  37.297117    13.4047     6.1066     15.326    31.1857    23.3611 0.0000e+00
 243.512922     15.655  37.317627    13.3963     6.1529     15.524    31.2115    23.3827 0.0000e+00
 243.512928     15.818  37.309789    13.4243     6.1318     15.685    31.1813    23.3538 0.0000e+00
 243.512934     15.948  37.242954    13.4831     6.0371     15.814    31.0712    23.2571 -9.990e-29
 243.512940     16.045  37.067200    13.5613     5.9472     15.910    30.8450    23.0669 -9.990e-29
 243.512946     16.109  36.828797    13.6364     5.8712     15.974    30.5645    22.8354 -9.990e-29
 243.512951     16.145  36.668046    13.6852     5.8219     16.010    30.3776    22.6814 -9.990e-29
 243.512957     16.156  36.631620    13.7059     5.7820     16.021    30.3277    22.6387 -9.990e-29
 243.512963     16.147  36.681027    13.7037     5.7368     16.012    30.3749    22.6756 -9.990e-29
 243.512969     16.125  36.817724    13.6858     5.6805     15.990    30.5149    22.7873 -9.990e-29
 243.512975     16.093  36.970225    13.6659     5.6414     15.958    30.6714    22.9120 -9.990e-29
 243.512980     16.049  37.030979    13.6461     5.6459     15.914    30.7433    22.9715 -9.990e-29
 243.512986     15.990  37.038402    13.6146     5.6777     15.856    30.7755    23.0026 -9.990e-29
 243.512992     15.918  37.060064    13.5610     5.7162     15.785    30.8387    23.0621 -9.990e-29
 243.512998     15.840  37.111944    13.4966     5.7568     15.707    30.9388    23.1522 -9.990e-29
 243.513003     15.768  37.173569    13.4518     5.8156     15.636    31.0324    23.2333 -9.990e-29
 243.513009     15.707  37.204968    13.4424     5.9217     15.575    31.0692    23.2636 -9.990e-29
 243.513015     15.648  37.202601    13.4664     6.0475     15.517    31.0475    23.2421 -9.990e-29
 243.513021     15.583  37.171123    13.5124     6.1882     15.452    30.9810    23.1816 -9.990e-29
 243.513027     15.512  37.119517    13.5592     6.2880     15.382    30.8953    23.1062 -9.990e-29
 243.513032     15.440  37.061301    13.5974     6.3431     15.311    30.8107    23.0332 -9.990e-29
 243.513038     15.370  36.986062    13.6348     6.3713     15.241    30.7112    22.9489 -9.990e-29
 243.513044     15.306  36.901577    13.6792     6.3769     15.178    30.5978    22.8525 -9.990e-29
 243.513050     15.250  36.838576    13.7313     6.3864     15.122    30.4983    22.7653 -9.990e-29
 243.513056     15.200  36.779699    13.7826     6.4178     15.073    30.4034    22.6819 -9.990e-29
 243.513061     15.164  36.688150    13.8148     6.4407     15.037    30.2939    22.5910 -9.990e-29
 243.513067     15.138  36.574207    13.8242     6.4546     15.011    30.1821    22.5028 -9.990e-29
 243.513073     15.112  36.472645    13.8361     6.4410     14.985    30.0797    22.4214 -9.990e-29
 243.513079     15.084  36.396311    13.8639     6.4073     14.958    29.9880    22.3452 -9.990e-29
 243.513084     15.062  36.328664    13.8937     6.3679     14.936    29.9030    22.2736 -9.990e-29
 243.513090     15.048  36.267438    13.9169     6.3126     14.922    29.8290    22.2119 -9.990e-29
 243.513096     15.042  36.227896    13.9376     6.2752     14.916    29.7769    22.1675 -9.990e-29
 243.513102     15.043  36.208283    13.9541     6.2633     14.917    29.7462    22.1406 -9.990e-29
 243.513108     15.051  36.216057    13.9595     6.2941     14.925    29.7491    22.1418 -9.990e-29
 243.513113     15.066  36.257664    13.9555     6.3377     14.940    29.7902    22.1742 -9.990e-29
 243.513119     15.086  36.300656    13.9460     6.3787     14.960    29.8368    22.2121 -9.990e-29
 243.513125     15.106  36.330669    13.9318     6.3943     14.979    29.8752    22.2445 -9.990e-29
 243.513131     15.130  36.359158    13.9190     6.3798     15.003    29.9111    22.2748 -9.990e-29
 243.513137     15.148  36.366419    13.9174     6.3672     15.021    29.9190    22.2812 -9.990e-29
 243.513142     15.155  36.333566    13.9269     6.3847     15.028    29.8816    22.2505 -9.990e-29
 243.513148     15.155  36.285118    13.9384     6.3941     15.028    29.8284    22.2072 -9.990e-29
 243.513154     15.156  36.253930    13.9466     6.3814     15.029    29.7936    22.1787 -9.990e-29
 243.513160     15.162  36.238185    13.9522     6.3746     15.035    29.7749    22.1631 -9.990e-29
 243.513166     15.171  36.225292    13.9559     6.3726     15.044    29.7603    22.1511 -9.990e-29
 243.513171     15.177  36.214863    13.9578     6.3938     15.050    29.7493    22.1422 -9.990e-29
 243.513177     15.182  36.208115    13.9589     6.4152     15.055    29.7423    22.1366 -9.990e-29
 243.513183     15.186  36.204451    13.9608     6.4362     15.059    29.7375    22.1325 -9.990e-29
 243.513189     15.189  36.203468    13.9636     6.4356     15.062    29.7344    22.1296 -9.990e-29
 243.513194     15.191  36.207214    13.9656     6.4299     15.064    29.7363    22.1307 -9.990e-29
 243.513200     15.192  36.214525    13.9662     6.4140     15.065    29.7425    22.1353 -9.990e-29
 243.513206     15.189  36.216106    13.9668     6.3849     15.062    29.7435    22.1360 -9.990e-29
 243.513212     15.176  36.208467    13.9677     6.3522     15.049    29.7358    22.1299 -9.990e-29
 243.513218     15.158  36.200462    13.9689     6.3185     15.031    29.7276    22.1233 -9.990e-29
 243.513223     15.141  36.195979    13.9697     6.2876     15.014    29.7229    22.1195 -9.990e-29
 243.513229     15.133  36.194643    13.9697     6.2783     15.006    29.7217    22.1186 -9.990e-29
 243.513235     15.133  36.199716    13.9686     6.2919     15.006    29.7272    22.1230 -9.990e-29
 243.513241     15.138  36.214599    13.9651     6.3166     15.011    29.7434    22.1363 -9.990e-29
 243.513247     15.147  36.246255    13.9571     6.3560     15.020    29.7785    22.1649 -9.990e-29
 243.513252     15.157  36.294328    13.9461     6.3806     15.030    29.8309    22.2075 -9.990e-29
 243.513258     15.164  36.340586    13.9406     6.3993     15.037    29.8774    22.2445 -9.990e-29
 243.513264     15.169  36.357656    13.9452     6.4090     15.042    29.8894    22.2528 -9.990e-29
 243.513270     15.172  36.334131    13.9538     6.4137     15.045    29.8612    22.2294 -9.990e-29
 243.513275     15.174  36.296889    13.9601     6.4151     15.047    29.8224    22.1981 -9.990e-29
 243.513281     15.173  36.273564    13.9637     6.3884     15.046    29.7983    22.1788 -9.990e-29
 243.513287     15.171  36.254900    13.9659     6.3421     15.044    29.7796    22.1640 -9.990e-29
 243.513293     15.166  36.229454    13.9675     6.2798     15.039    29.7551    22.1448 -9.990e-29
 243.513299     15.160  36.209784    13.9686     6.2159     15.033    29.7363    22.1301 -9.990e-29
 243.513304     15.155  36.202706    13.9677     6.1801     15.028    29.7306    22.1258 -9.990e-29
 243.513310     15.159  36.207745    13.9624     6.1839     15.032    29.7393    22.1336 -9.990e-29
 243.513316     15.174  36.238342    13.9520     6.2126     15.047    29.7752    22.1634 -9.990e-29
 243.513322     15.192  36.311209    13.9379     6.2654     15.065    29.8526    22.2259 -9.990e-29
 243.513328     15.209  36.408687    13.9247     6.3019     15.082    29.9519    22.3051 -9.990e-29
 243.513333     15.222  36.482645    13.9168     6.3296     15.094    30.0257    22.3636 -9.990e-29
 243.513339     15.224  36.519115    13.9153     6.3496     15.096    30.0602    22.3905 -9.990e-29
 243.513345     15.210  36.516315    13.9217     6.3743     15.083    30.0526    22.3834 -9.990e-29
 243.513351     15.180  36.462667    13.9325     6.3901     15.053    29.9952    22.3369 -9.990e-29
 243.513356     15.131  36.394175    13.9400     6.3768     15.004    29.9268    22.2827 -9.990e-29
 243.513362     15.066  36.353937    13.9421     6.3685     14.940    29.8884    22.2527 -9.990e-29
 243.513368     14.987  36.331991    13.9406     6.3603     14.861    29.8696    22.2385 -9.990e-29
 243.513374     14.899  36.314759    13.9377     6.3711     14.774    29.8561    22.2287 -9.990e-29
 243.513380     14.804  36.303347    13.9384     6.4126     14.680    29.8452    22.2201 -9.990e-29
 243.513385     14.701  36.284779    13.9426     6.4364     14.578    29.8250    22.2037 -9.990e-29
 243.513391     14.584  36.276302    13.9449     6.4536     14.462    29.8156    22.1959 -9.990e-29
 243.513397     14.436  36.297419    13.9480     6.4749     14.315    29.8325    22.2083 0.0000e+00
 243.513403     14.236  36.298998    13.9567     6.4985     14.117    29.8273    22.2026 0.0000e+00
 243.513409     13.974  36.255139    13.9674     6.5227     13.857    29.7791    22.1632 0.0000e+00
 243.513414     13.655  36.206494    13.9752     6.5418     13.541    29.7288    22.1229 0.0000e+00
 243.513420     13.290  36.174455    13.9795     6.5547     13.179    29.6964    22.0970 0.0000e+00
 243.513426     12.889  36.150470    13.9819     6.5547     12.781    29.6728    22.0784 0.0000e+00
 243.513432     12.461  36.131128    13.9827     6.5614     12.357    29.6547    22.0643 0.0000e+00
 243.513438     12.008  36.110803    13.9806     6.5762     11.907    29.6380    22.0518 0.0000e+00
 243.513443     11.533  36.081998    13.9751     6.6026     11.436    29.6162    22.0360 0.0000e+00
 243.513449     11.042  36.047752    13.9677     6.6317     10.950    29.5908    22.0179 0.0000e+00
 243.513455     10.544  36.008890    13.9591     6.6588     10.456    29.5622    21.9975 0.0000e+00
 243.513461     10.041  35.965680    13.9480     6.6990      9.957    29.5315    21.9761 0.0000e+00
 243.513466      9.532  35.918194    13.9316     6.7322      9.452    29.5010    21.9558 0.0000e+00
 243.513472      9.013  35.857438    13.9095     6.7624      8.938    29.4627    21.9307 0.0000e+00
 243.513478      8.490  35.786408    13.8855     6.7998      8.419    29.4164    21.8998 0.0000e+00
 243.513484      7.964  35.720722    13.8650     6.8390      7.897    29.3724    21.8698 0.0000e+00
 243.513490      7.432  35.668557    13.8491     6.8903      7.370    29.3371    21.8458 0.0000e+00
