data/oxygen options/OCNMS/OCNMS1/raw_data/2012/CAST_KL050_120913faed.cnv
* Sea-Bird SBE19 Data File:
* FileName = C:\Documents and Settings\OCNMS\Desktop\2012 mooring data\Hypoxia Sampling\CAST_KL050_120913.hex
* Software Version 1.25
* Temperature SN = 2997
* Conductivity SN = 2997
* System UpLoad Time = Sep 13 2012 10:54:51
** CAST_KL050_120913
* SEACAT PROFILER V3.1c SN 2997   09/13/12  10:53:57.452
# nquan = 9                                 
# nvalues = 1053                        
# units = specified
# name 0 = timeJ: Julian Days
# name 1 = prSM: Pressure, Strain Gauge [db]
# name 2 = c0mS/cm: Conductivity [mS/cm]
# name 3 = t090C: Temperature [ITS-90, deg C]
# name 4 = sbeox0ML/L: Oxygen, SBE 43 [ml/l]
# name 5 = depSM: Depth [salt water, m], lat = 47.5
# name 6 = sal00: Salinity, Practical [PSU]
# name 7 = sigma-é00: Density [sigma-theta, kg/m^3]
# name 8 = flag: flag
# span 0 = 257.420868, 257.426956       
# span 1 =     -4.708,     51.734       
# span 2 =   0.185709,  37.951930       
# span 3 =     7.3036,    14.2166       
# span 4 =   -12.8874,    13.0808       
# span 5 =     -4.669,     51.296       
# span 6 =     0.1137,    33.7537       
# span 7 =    -0.6562,    26.3956       
# span 8 = 0.0000e+00, 0.0000e+00       
# interval = seconds: 0.5
# start_time = Sep 13 2012 10:06:03 [Instrument's time stamp, header]
# bad_flag = -9.990e-29
*END*
[from data line 801]
 257.425503     51.721  34.448151     7.3070     0.8285     51.283    33.7519    26.3938 -9.990e-29
 257.425509     51.733  34.448020     7.3071     0.8096     51.295    33.7516    26.3936 -9.990e-29
 257.425515     51.734  34.448565     7.3080     0.8051     51.296    33.7513    26.3933 -9.990e-29
 257.425521     51.719  34.449356     7.3087     0.7945     51.281    33.7515    26.3933 -9.990e-29
 257.425527     51.694  34.449736     7.3089     0.7839     51.256    33.7517    26.3935 -9.990e-29
 257.425532     51.654  34.449616     7.3090     0.7823     51.216    33.7515    26.3933 -9.990e-29
 257.425538     51.591  34.449364     7.3097     0.7823     51.154    33.7506    26.3925 -9.990e-29
 257.425544     51.499  34.449729     7.3106     0.7891     51.063    33.7502    26.3920 -9.990e-29
 257.425550     51.382  34.450604     7.3104     0.7874     50.947    33.7514    26.3930 -9.990e-29
 257.425556     51.245  34.450882     7.3091     0.7897     50.811    33.7530    26.3944 0.0000e+00
 257.425561     51.100  34.450343     7.3079     0.7897     50.667    33.7537    26.3951 0.0000e+00
 257.425567     50.955  34.449355     7.3071     0.7920     50.523    33.7534    26.3951 0.0000e+00
 257.425573     50.810  34.448250     7.3065     0.7965     50.380    33.7529    26.3947 0.0000e+00
 257.425579     50.664  34.447760     7.3063     0.7965     50.235    33.7526    26.3945 0.0000e+00
 257.425584     50.517  34.447758     7.3063     0.7882     50.089    33.7527    26.3946 0.0000e+00
 257.425590     50.371  34.447648     7.3062     0.7776     49.945    33.7527    26.3946 0.0000e+00
 257.425596     50.236  34.447250     7.3062     0.7753     49.811    33.7524    26.3943 -9.990e-29
 257.425602     50.114  34.446561     7.3063     0.7692     49.690    33.7516    26.3937 -9.990e-29
 257.425608     50.007  34.446311     7.3062     0.7738     49.584    33.7515    26.3936 -9.990e-29
 257.425613     49.916  34.446693     7.3060     0.7699     49.493    33.7521    26.3942 -9.990e-29
 257.425619     49.844  34.447064     7.3059     0.7700     49.422    33.7527    26.3946 -9.990e-29
 257.425625     49.792  34.446764     7.3058     0.7828     49.370    33.7525    26.3944 -9.990e-29
 257.425631     49.755  34.445921     7.3056     0.7873     49.334    33.7517    26.3939 -9.990e-29
 257.425637     49.731  34.445616     7.3054     0.7918     49.310    33.7516    26.3939 -9.990e-29
 257.425642     49.715  34.445969     7.3051     0.7812     49.294    33.7523    26.3944 -9.990e-29
 257.425648     49.697  34.446296     7.3047     0.7745     49.276    33.7531    26.3951 -9.990e-29
 257.425654     49.672  34.446441     7.3045     0.7661     49.252    33.7534    26.3954 -9.990e-29
 257.425660     49.646  34.446562     7.3044     0.7662     49.226    33.7537    26.3956 -9.990e-29
 257.425666     49.631  34.446228     7.3044     0.7623     49.211    33.7533    26.3953 -9.990e-29
 257.425671     49.630  34.445520     7.3044     0.7623     49.210    33.7525    26.3947 -9.990e-29
 257.425677     49.638  34.445141     7.3043     0.7668     49.218    33.7522    26.3945 -9.990e-29
 257.425683     49.649  34.445110     7.3042     0.7774     49.229    33.7523    26.3945 -9.990e-29
 257.425689     49.653  34.445354     7.3040     0.7759     49.233    33.7527    26.3949 -9.990e-29
 257.425694     49.647  34.445603     7.3040     0.7820     49.227    33.7530    26.3951 -9.990e-29
 257.425700     49.638  34.445596     7.3039     0.7819     49.218    33.7531    26.3952 -9.990e-29
 257.425706     49.640  34.445290     7.3038     0.7796     49.220    33.7529    26.3951 -9.990e-29
 257.425712     49.656  34.444803     7.3037     0.7736     49.236    33.7524    26.3947 -9.990e-29
 257.425718     49.684  34.444574     7.3037     0.7668     49.263    33.7522    26.3945 -9.990e-29
 257.425723     49.717  34.444823     7.3037     0.7585     49.296    33.7524    26.3947 -9.990e-29
 257.425729     49.751  34.445286     7.3036     0.7585     49.330    33.7530    26.3952 -9.990e-29
 257.425735     49.790  34.445427     7.3037     0.7463     49.368    33.7530    26.3952 -9.990e-29
 257.425741     49.832  34.445402     7.3042     0.7608     49.410    33.7525    26.3947 -9.990e-29
 257.425747     49.867  34.445704     7.3052     0.7698     49.445    33.7518    26.3941 -9.990e-29
 257.425752     49.884  34.446139     7.3064     0.7576     49.462    33.7511    26.3933 -9.990e-29
 257.425758     49.883  34.446513     7.3068     0.7577     49.461    33.7512    26.3933 -9.990e-29
 257.425764     49.874  34.446753     7.3064     0.7486     49.452    33.7518    26.3939 -9.990e-29
 257.425770     49.861  34.446443     7.3061     0.7531     49.439    33.7518    26.3939 -9.990e-29
 257.425775     49.846  34.445760     7.3062     0.7705     49.424    33.7509    26.3932 -9.990e-29
 257.425781     49.837  34.445319     7.3062     0.7728     49.415    33.7505    26.3928 -9.990e-29
 257.425787     49.838  34.445129     7.3059     0.7644     49.416    33.7506    26.3929 -9.990e-29
 257.425793     49.849  34.444969     7.3054     0.7599     49.427    33.7509    26.3933 -9.990e-29
 257.425799     49.871  34.444662     7.3051     0.7554     49.449    33.7508    26.3933 -9.990e-29
 257.425804     49.901  34.444392     7.3049     0.7493     49.479    33.7507    26.3932 -9.990e-29
 257.425810     49.932  34.444392     7.3047     0.7515     49.509    33.7509    26.3934 -9.990e-29
 257.425816     49.958  34.444696     7.3046     0.7432     49.535    33.7513    26.3937 -9.990e-29
 257.425822     49.972  34.445182     7.3044     0.7516     49.549    33.7520    26.3943 -9.990e-29
 257.425828     49.974  34.445411     7.3044     0.7584     49.551    33.7523    26.3945 -9.990e-29
 257.425833     49.973  34.445163     7.3046     0.7523     49.550    33.7518    26.3941 -9.990e-29
 257.425839     49.974  34.444701     7.3051     0.7606     49.551    33.7508    26.3933 -9.990e-29
 257.425845     49.977  34.444565     7.3056     0.7501     49.554    33.7502    26.3927 -9.990e-29
 257.425851     49.977  34.444607     7.3059     0.7500     49.554    33.7499    26.3924 -9.990e-29
 257.425856     49.970  34.444355     7.3060     0.7606     49.547    33.7495    26.3921 -9.990e-29
 257.425862     49.961  34.444068     7.3059     0.7606     49.538    33.7493    26.3920 -9.990e-29
 257.425868     49.956  34.443958     7.3054     0.7568     49.533    33.7497    26.3923 -9.990e-29
 257.425874     49.965  34.443913     7.3047     0.7523     49.542    33.7503    26.3929 -9.990e-29
 257.425880     49.988  34.443905     7.3043     0.7395     49.565    33.7507    26.3933 -9.990e-29
 257.425885     50.017  34.443960     7.3045     0.7395     49.594    33.7506    26.3931 -9.990e-29
 257.425891     50.046  34.444182     7.3049     0.7440     49.622    33.7504    26.3930 -9.990e-29
 257.425897     50.069  34.444343     7.3048     0.7379     49.645    33.7507    26.3932 -9.990e-29
 257.425903     50.082  34.444131     7.3047     0.7401     49.658    33.7505    26.3931 -9.990e-29
 257.425909     50.091  34.443857     7.3051     0.7485     49.667    33.7498    26.3925 -9.990e-29
 257.425914     50.105  34.443749     7.3055     0.7447     49.681    33.7493    26.3920 -9.990e-29
 257.425920     50.124  34.443696     7.3054     0.7552     49.700    33.7493    26.3921 -9.990e-29
 257.425926     50.146  34.443661     7.3048     0.7552     49.721    33.7499    26.3926 -9.990e-29
 257.425932     50.176  34.443632     7.3044     0.7446     49.751    33.7502    26.3929 -9.990e-29
 257.425937     50.212  34.443606     7.3043     0.7530     49.787    33.7503    26.3930 -9.990e-29
 257.425943     50.239  34.443581     7.3045     0.7507     49.814    33.7500    26.3927 -9.990e-29
 257.425949     50.250  34.443556     7.3049     0.7530     49.825    33.7496    26.3923 -9.990e-29
 257.425955     50.246  34.443532     7.3048     0.7552     49.821    33.7497    26.3924 -9.990e-29
 257.425961     50.231  34.443509     7.3046     0.7424     49.806    33.7499    26.3926 -9.990e-29
 257.425966     50.212  34.443492     7.3051     0.7401     49.787    33.7494    26.3921 -9.990e-29
 257.425972     50.194  34.443494     7.3058     0.7402     49.769    33.7487    26.3915 -9.990e-29
 257.425978     50.177  34.443551     7.3058     0.7341     49.752    33.7488    26.3916 -9.990e-29
 257.425984     50.172  34.443774     7.3057     0.7364     49.747    33.7491    26.3918 -9.990e-29
 257.425990     50.180  34.443935     7.3055     0.7280     49.755    33.7495    26.3922 -9.990e-29
 257.425995     50.198  34.443723     7.3054     0.7363     49.773    33.7493    26.3921 -9.990e-29
 257.426001     50.220  34.443449     7.3055     0.7431     49.795    33.7489    26.3917 -9.990e-29
 257.426007     50.237  34.443340     7.3057     0.7370     49.812    33.7486    26.3914 -9.990e-29
 257.426013     50.247  34.443284     7.3055     0.7453     49.822    33.7487    26.3916 -9.990e-29
 257.426019     50.255  34.443240     7.3049     0.7431     49.830    33.7493    26.3921 -9.990e-29
 257.426024     50.269  34.443184     7.3045     0.7454     49.843    33.7496    26.3924 -9.990e-29
 257.426030     50.295  34.443074     7.3043     0.7476     49.869    33.7497    26.3925 -9.990e-29
 257.426036     50.325  34.442799     7.3044     0.7431     49.899    33.7492    26.3921 -9.990e-29
 257.426042     50.350  34.442586     7.3049     0.7431     49.924    33.7485    26.3915 -9.990e-29
 257.426047     50.362  34.442743     7.3053     0.7432     49.936    33.7483    26.3912 -9.990e-29
 257.426053     50.357  34.442953     7.3052     0.7431     49.931    33.7486    26.3915 -9.990e-29
 257.426059     50.340  34.442970     7.3053     0.7348     49.914    33.7485    26.3915 -9.990e-29
 257.426065     50.317  34.442851     7.3055     0.7242     49.891    33.7482    26.3912 -9.990e-29
 257.426071     50.297  34.442470     7.3054     0.7303     49.871    33.7479    26.3909 -9.990e-29
 257.426076     50.281  34.441915     7.3051     0.7348     49.855    33.7476    26.3908 -9.990e-29
 257.426082     50.269  34.441601     7.3049     0.7416     49.843    33.7475    26.3907 -9.990e-29
 257.426088     50.261  34.441704     7.3047     0.7354     49.835    33.7478    26.3909 -9.990e-29
 257.426094     50.256  34.441835     7.3043     0.7287     49.830    33.7483    26.3914 -9.990e-29
 257.426100     50.252  34.441641     7.3041     0.7287     49.827    33.7483    26.3914 -9.990e-29
 257.426105     50.247  34.441459     7.3040     0.7309     49.822    33.7482    26.3914 -9.990e-29
 257.426111     50.231  34.441640     7.3039     0.7437     49.806    33.7485    26.3916 -9.990e-29
 257.426117     50.198  34.441898     7.3044     0.7542     49.773    33.7483    26.3914 -9.990e-29
 257.426123     50.143  34.442049     7.3049     0.7481     49.718    33.7480    26.3911 -9.990e-29
 257.426128     50.053  34.442330     7.3048     0.7519     49.629    33.7485    26.3915 -9.990e-29
 257.426134     49.922  34.442589     7.3046     0.7473     49.499    33.7490    26.3919 0.0000e+00
 257.426140     49.756  34.442643     7.3046     0.7450     49.335    33.7492    26.3920 0.0000e+00
 257.426146     49.560  34.442601     7.3047     0.7556     49.140    33.7491    26.3920 0.0000e+00
 257.426152     49.335  34.442442     7.3053     0.7533     48.917    33.7485    26.3914 0.0000e+00
 257.426157     49.076  34.441987     7.3058     0.7449     48.661    33.7476    26.3906 0.0000e+00
 257.426163     48.778  34.441225     7.3055     0.7404     48.365    33.7472    26.3904 0.0000e+00
 257.426169     48.444  34.440856     7.3051     0.7441     48.034    33.7474    26.3905 0.0000e+00
 257.426175     48.079  34.440981     7.3050     0.7403     47.672    33.7478    26.3909 0.0000e+00
 257.426181     47.685  34.440123     7.3052     0.7424     47.282    33.7468    26.3901 0.0000e+00
 257.426186     47.267  34.438855     7.3054     0.7401     46.867    33.7455    26.3890 0.0000e+00
 257.426192     46.833  34.438881     7.3053     0.7378     46.437    33.7458    26.3892 0.0000e+00
 257.426198     46.388  34.439154     7.3050     0.7506     45.996    33.7466    26.3899 0.0000e+00
 257.426204     45.936  34.438953     7.3049     0.7527     45.548    33.7467    26.3900 0.0000e+00
 257.426209     45.473  34.438605     7.3049     0.7526     45.089    33.7465    26.3899 0.0000e+00
 257.426215     44.995  34.438242     7.3051     0.7502     44.615    33.7462    26.3896 0.0000e+00
 257.426221     44.498  34.437978     7.3055     0.7536     44.122    33.7457    26.3891 0.0000e+00
 257.426227     43.979  34.437495     7.3058     0.7880     43.607    33.7452    26.3887 0.0000e+00
 257.426233     43.440  34.436744     7.3061     0.8454     43.073    33.7443    26.3879 0.0000e+00
 257.426238     42.886  34.435882     7.3067     0.9630     42.524    33.7431    26.3869 0.0000e+00
 257.426244     42.324  34.434914     7.3080     1.2003     41.966    33.7410    26.3851 0.0000e+00
 257.426250     41.752  34.433708     7.3111     1.5828     41.399    33.7370    26.3814 0.0000e+00
 257.426256     41.168  34.431811     7.3177     2.0257     40.820    33.7288    26.3740 0.0000e+00
 257.426262     40.583  34.428412     7.3294     2.4366     40.240    33.7139    26.3607 0.0000e+00
 257.426267     40.002  34.422934     7.3491     2.7543     39.664    33.6891    26.3384 0.0000e+00
 257.426273     39.422  34.415394     7.3819     2.9799     39.089    33.6493    26.3025 0.0000e+00
 257.426279     38.840  34.405853     7.4264     3.1637     38.512    33.5960    26.2543 0.0000e+00
 257.426285     38.254  34.396750     7.4709     3.3287     37.931    33.5433    26.2066 0.0000e+00
 257.426291     37.666  34.390546     7.5047     3.4608     37.348    33.5042    26.1711 0.0000e+00
 257.426296     37.080  34.382934     7.5257     3.5579     36.767    33.4760    26.1459 0.0000e+00
 257.426302     36.498  34.368850     7.5363     3.6276     36.190    33.4508    26.1246 0.0000e+00
 257.426308     35.917  34.349155     7.5400     3.6624     35.614    33.4263    26.1048 0.0000e+00
 257.426314     35.334  34.327307     7.5400     3.6799     35.036    33.4029    26.0864 0.0000e+00
 257.426319     34.747  34.307812     7.5389     3.6874     34.454    33.3832    26.0710 0.0000e+00
 257.426325     34.157  34.293271     7.5379     3.6801     33.869    33.3687    26.0598 0.0000e+00
 257.426331     33.569  34.281130     7.5367     3.6786     33.286    33.3570    26.0508 0.0000e+00
 257.426337     32.984  34.269798     7.5349     3.6972     32.706    33.3468    26.0430 0.0000e+00
 257.426343     32.399  34.259882     7.5326     3.7375     32.126    33.3386    26.0368 0.0000e+00
 257.426348     31.812  34.249954     7.5306     3.7991     31.544    33.3301    26.0304 0.0000e+00
 257.426354     31.219  34.239692     7.5300     3.8609     30.956    33.3198    26.0224 0.0000e+00
 257.426360     30.621  34.230568     7.5319     3.9054     30.363    33.3084    26.0132 0.0000e+00
 257.426366     30.023  34.223333     7.5363     3.9376     29.770    33.2967    26.0033 0.0000e+00
 257.426372     29.425  34.217895     7.5428     3.9493     29.177    33.2848    25.9931 0.0000e+00
 257.426377     28.825  34.213760     7.5501     3.9860     28.582    33.2737    25.9833 0.0000e+00
 257.426383     28.221  34.209929     7.5573     3.9739     27.984    33.2629    25.9738 0.0000e+00
 257.426389     27.618  34.205812     7.5652     3.9444     27.386    33.2512    25.9635 0.0000e+00
 257.426395     27.017  34.202677     7.5765     3.8629     26.790    33.2373    25.9509 0.0000e+00
 257.426400     26.414  34.202541     7.5946     3.7415     26.192    33.2201    25.9349 0.0000e+00
 257.426406     25.809  34.206940     7.6271     3.6135     25.592    33.1941    25.9098 0.0000e+00
 257.426412     25.211  34.224015     7.6849     3.4970     24.999    33.1576    25.8729 0.0000e+00
 257.426418     24.628  34.269854     7.7685     3.4192     24.421    33.1276    25.8373 0.0000e+00
