data/oxygen options/OCNMS/OCNMS1/raw_data/2012/CAST_CE042_12110faedb.cnv
* Sea-Bird SBE19 Data File:
* FileName = C:\Documents and Settings\OCNMS\Desktop\2012 mooring data\RECOVERY\CAST_CE042_12110.hex
* Software Version 1.25
* Temperature SN = 2997
* Conductivity SN = 2997
* System UpLoad Time = Oct 10 2012 11:20:37
** CAST_CE042_12110
* SEACAT PROFILER V3.1c SN 2997   10/10/12  11:19:43.493
# nquan = 9
# nvalues = 44                          
# units = specified
# name 0 = timeJ: Julian Days
# name 1 = prSM: Pressure, Strain Gauge [db]
# name 2 = c0mS/cm: Conductivity [mS/cm]
# name 3 = t090C: Temperature [ITS-90, deg C]
# name 4 = sbeox0ML/L: Oxygen, SBE 43 [ml/l]
# name 5 = depSM: Depth [salt water, m], lat = 47.5
# name 6 = sal00: Salinity, Practical [PSU]
# name 7 = sigma-é00: Density [sigma-theta, kg/m^3]
# name 8 = flag: flag
# span 0 = 284.429587, 284.430713       
# span 1 =      2.000,     45.000       
# span 2 =  34.588213,  36.858221       
# span 3 =     7.6043,    10.9875       
# span 4 =     0.9326,     6.5860       
# span 5 =      1.983,     44.620       
# span 6 =    32.7931,    33.6253       
# span 7 =    25.0873,    26.2507       
# span 8 = 0.0000e+00, 0.0000e+00       
# interval = decibars: 1                
# start_time = Oct 10 2012 10:11:27 [Instrument's time stamp, header]
# bad_flag = -9.990e-29
*END*
 284.429587      2.000  36.842175    10.9814     6.5483      1.983    32.8272    25.0873 0.0000e+00
 284.429621      3.000  36.843206    10.9813     6.5620      2.975    32.8279    25.0878 0.0000e+00
 284.429652      4.000  36.850054    10.9840     6.5587      3.967    32.8319    25.0905 0.0000e+00
 284.429681      5.000  36.853330    10.9858     6.5860      4.958    32.8331    25.0911 0.0000e+00
 284.429708      6.000  36.858221    10.9875     6.5324      5.950    32.8360    25.0931 0.0000e+00
 284.429734      7.000  36.848898    10.9721     6.1267      6.941    32.8401    25.0990 0.0000e+00
 284.429760      8.000  36.710085    10.8448     5.8328      7.933    32.8158    25.1025 0.0000e+00
 284.429787      9.000  36.517890    10.6562     5.8034      8.925    32.7931    25.1178 0.0000e+00
 284.429814     10.000  36.490068    10.6004     5.6966      9.916    32.8151    25.1445 0.0000e+00
 284.429843     11.000  36.494005    10.5888     5.2268     10.908    32.8290    25.1574 0.0000e+00
 284.429872     12.000  36.416148    10.4394     4.3759     11.900    32.8853    25.2270 0.0000e+00
 284.429899     13.000  36.204746    10.1275     4.1407     12.891    32.9547    25.3340 0.0000e+00
 284.429929     14.000  36.034982     9.9370     4.1174     13.883    32.9558    25.3667 0.0000e+00
 284.429965     15.000  35.913451     9.7487     3.5921     14.874    33.0038    25.4353 0.0000e+00
 284.430000     16.000  35.746830     9.4964     3.0482     15.866    33.0647    25.5241 0.0000e+00
 284.430033     17.000  35.585860     9.2261     2.4155     16.857    33.1484    25.6329 0.0000e+00
 284.430064     18.000  35.310355     8.8452     2.2204     17.849    33.2167    25.7464 0.0000e+00
 284.430095     19.000  35.201627     8.6895     2.0243     18.840    33.2485    25.7953 0.0000e+00
 284.430124     20.000  35.095249     8.4812     1.9014     19.832    33.3324    25.8929 0.0000e+00
 284.430150     21.000  34.986128     8.3342     1.8160     20.823    33.3558    25.9334 0.0000e+00
 284.430174     22.000  34.931314     8.2238     1.6586     21.815    33.4021    25.9862 0.0000e+00
 284.430196     23.000  34.847567     8.1248     1.6185     22.807    33.4068    26.0047 0.0000e+00
 284.430219     24.000  34.824555     8.0430     1.5007     23.798    33.4599    26.0584 0.0000e+00
 284.430241     25.000  34.783929     7.9573     1.3537     24.790    33.4980    26.1009 0.0000e+00
 284.430261     26.000  34.755692     7.9066     1.2445     25.781    33.5160    26.1225 0.0000e+00
 284.430282     27.000  34.734941     7.8720     1.0556     26.773    33.5266    26.1358 0.0000e+00
 284.430302     28.000  34.729132     7.8173     0.9326     27.764    33.5725    26.1798 0.0000e+00
 284.430320     29.000  34.713986     7.7679     0.9449     28.756    33.6032    26.2112 0.0000e+00
 284.430340     30.000  34.689488     7.7410     1.0990     29.747    33.6023    26.2143 0.0000e+00
 284.430365     31.000  34.665205     7.6897     1.2324     30.739    33.6253    26.2397 0.0000e+00
 284.430388     32.000  34.595594     7.6169     1.2100     31.730    33.6201    26.2462 0.0000e+00
 284.430409     33.000  34.591541     7.6113     1.2053     32.722    33.6206    26.2474 0.0000e+00
 284.430431     34.000  34.590067     7.6108     1.1879     33.714    33.6191    26.2463 0.0000e+00
 284.430455     35.000  34.588213     7.6088     1.1856     34.705    33.6185    26.2461 0.0000e+00
 284.430479     36.000  34.588605     7.6078     1.1752     35.697    33.6195    26.2470 0.0000e+00
 284.430503     37.000  34.593252     7.6131     1.1660     36.688    33.6189    26.2458 0.0000e+00
 284.430527     38.000  34.590629     7.6092     1.1724     37.679    33.6193    26.2467 0.0000e+00
 284.430548     39.000  34.589536     7.6080     1.1594     38.671    33.6188    26.2465 0.0000e+00
 284.430571     40.000  34.589766     7.6074     1.1570     39.663    33.6191    26.2469 0.0000e+00
 284.430594     41.000  34.590167     7.6053     1.1543     40.654    33.6211    26.2488 0.0000e+00
 284.430617     42.000  34.590948     7.6043     1.1501     41.645    33.6224    26.2499 0.0000e+00
 284.430645     43.000  34.592380     7.6072     1.1532     42.637    33.6208    26.2482 0.0000e+00
 284.430679     44.000  34.592936     7.6059     1.1405     43.628    33.6221    26.2495 0.0000e+00
 284.430713     45.000  34.593428     7.6046     1.1493     44.620    33.6234    26.2507 0.0000e+00
