data/oxygen options/OCNMS/OCNMS1/raw_data/2012/CAST_TH042_120913faed.cnv
* Sea-Bird SBE19 Data File:
* FileName = C:\Documents and Settings\OCNMS\Desktop\2012 mooring data\Hypoxia Sampling\CAST_TH042_120913.hex
* Software Version 1.25
* Temperature SN = 2997
* Conductivity SN = 2997
* System UpLoad Time = Sep 13 2012 16:28:36
** CAST_TH042_120913
* SEACAT PROFILER V3.1c SN 2997   09/13/12  16:27:43.583
# nquan = 9                                 
# nvalues = 943                         
# units = specified
# name 0 = timeJ: Julian Days
# name 1 = prSM: Pressure, Strain Gauge [db]
# name 2 = c0mS/cm: Conductivity [mS/cm]
# name 3 = t090C: Temperature [ITS-90, deg C]
# name 4 = sbeox0ML/L: Oxygen, SBE 43 [ml/l]
# name 5 = depSM: Depth [salt water, m], lat = 47.5
# name 6 = sal00: Salinity, Practical [PSU]
# name 7 = sigma-é00: Density [sigma-theta, kg/m^3]
# name 8 = flag: flag
# span 0 = 257.679792, 257.685243       
# span 1 =     -5.673,     41.496       
# span 2 =   0.152314,  38.970459       
# span 3 =     7.3637,    14.7128       
# span 4 =    -1.7577,    12.8730       
# span 5 =     -5.626,     41.146       
# span 6 =     0.0918,    33.7148       
# span 7 =    -0.7643,    26.3556       
# span 8 = 0.0000e+00, 0.0000e+00       
# interval = seconds: 0.5
# start_time = Sep 13 2012 16:18:54 [Instrument's time stamp, header]
# bad_flag = -9.990e-29
*END*
[from data line 801]
 257.684427     40.214  34.460288     7.3675     1.3612     39.874    33.7117    26.3536 -9.990e-29
 257.684433     40.165  34.460504     7.3668     1.3469     39.826    33.7126    26.3544 -9.990e-29
 257.684439     40.140  34.460117     7.3667     1.3340     39.801    33.7123    26.3542 -9.990e-29
 257.684444     40.124  34.459668     7.3682     1.3257     39.785    33.7103    26.3525 -9.990e-29
 257.684450     40.110  34.460178     7.3705     1.3243     39.771    33.7087    26.3508 -9.990e-29
 257.684456     40.094  34.461704     7.3713     1.3332     39.756    33.7095    26.3514 -9.990e-29
 257.684462     40.078  34.462864     7.3704     1.3399     39.740    33.7117    26.3532 -9.990e-29
 257.684468     40.063  34.462345     7.3688     1.3464     39.725    33.7127    26.3542 -9.990e-29
 257.684473     40.053  34.460515     7.3674     1.3427     39.715    33.7121    26.3539 -9.990e-29
 257.684479     40.048  34.458794     7.3672     1.3406     39.710    33.7104    26.3526 -9.990e-29
 257.684485     40.046  34.458186     7.3682     1.3323     39.708    33.7088    26.3512 -9.990e-29
 257.684491     40.049  34.458380     7.3692     1.3240     39.711    33.7080    26.3505 -9.990e-29
 257.684497     40.056  34.459014     7.3691     1.3095     39.718    33.7088    26.3511 -9.990e-29
 257.684502     40.067  34.459752     7.3682     1.3073     39.729    33.7105    26.3525 -9.990e-29
 257.684508     40.080  34.459840     7.3682     1.3059     39.742    33.7105    26.3526 -9.990e-29
 257.684514     40.086  34.459894     7.3695     1.3126     39.748    33.7093    26.3515 -9.990e-29
 257.684520     40.081  34.460486     7.3706     1.3134     39.743    33.7089    26.3510 -9.990e-29
 257.684525     40.070  34.460665     7.3699     1.3133     39.732    33.7098    26.3518 -9.990e-29
 257.684531     40.060  34.459490     7.3682     1.3260     39.722    33.7102    26.3523 -9.990e-29
 257.684537     40.055  34.457577     7.3674     1.3223     39.717    33.7089    26.3514 -9.990e-29
 257.684543     40.055  34.456792     7.3682     1.3245     39.717    33.7072    26.3500 -9.990e-29
 257.684549     40.055  34.457711     7.3693     1.3056     39.717    33.7072    26.3498 -9.990e-29
 257.684554     40.050  34.458698     7.3691     1.2990     39.712    33.7084    26.3508 -9.990e-29
 257.684560     40.051  34.458209     7.3677     1.2952     39.713    33.7093    26.3517 -9.990e-29
 257.684566     40.064  34.456653     7.3663     1.2974     39.726    33.7089    26.3516 -9.990e-29
 257.684572     40.086  34.455253     7.3657     1.2982     39.748    33.7080    26.3510 -9.990e-29
 257.684578     40.111  34.454882     7.3662     1.2981     39.772    33.7071    26.3502 -9.990e-29
 257.684583     40.131  34.455546     7.3667     1.3026     39.792    33.7073    26.3503 -9.990e-29
 257.684589     40.143  34.456387     7.3667     1.3048     39.804    33.7082    26.3510 -9.990e-29
 257.684595     40.148  34.456788     7.3664     1.3175     39.809    33.7090    26.3516 -9.990e-29
 257.684601     40.147  34.456663     7.3658     1.3032     39.808    33.7094    26.3520 -9.990e-29
 257.684606     40.144  34.456348     7.3648     1.2987     39.805    33.7100    26.3527 -9.990e-29
 257.684612     40.142  34.455922     7.3641     1.2965     39.803    33.7103    26.3530 -9.990e-29
 257.684618     40.142  34.455317     7.3639     1.2882     39.803    33.7098    26.3526 -9.990e-29
 257.684624     40.147  34.454784     7.3640     1.2867     39.808    33.7091    26.3521 -9.990e-29
 257.684630     40.159  34.454673     7.3644     1.2844     39.820    33.7086    26.3516 -9.990e-29
 257.684635     40.165  34.455338     7.3652     1.2866     39.826    33.7085    26.3515 -9.990e-29
 257.684641     40.157  34.456484     7.3658     1.2933     39.818    33.7092    26.3519 -9.990e-29
 257.684647     40.138  34.457337     7.3660     1.2978     39.799    33.7099    26.3524 -9.990e-29
 257.684653     40.117  34.457297     7.3657     1.2979     39.778    33.7102    26.3527 -9.990e-29
 257.684659     40.099  34.456252     7.3650     1.2896     39.760    33.7098    26.3524 -9.990e-29
 257.684664     40.089  34.454986     7.3644     1.2956     39.751    33.7090    26.3519 -9.990e-29
 257.684670     40.086  34.454553     7.3646     1.2978     39.748    33.7083    26.3514 -9.990e-29
 257.684676     40.089  34.454874     7.3654     1.2835     39.751    33.7079    26.3509 -9.990e-29
 257.684682     40.095  34.455208     7.3662     1.2813     39.757    33.7075    26.3505 -9.990e-29
 257.684688     40.095  34.455411     7.3667     1.2767     39.757    33.7072    26.3502 -9.990e-29
 257.684693     40.086  34.455731     7.3667     1.2729     39.748    33.7075    26.3505 -9.990e-29
 257.684699     40.065  34.456020     7.3662     1.2795     39.727    33.7084    26.3512 -9.990e-29
 257.684705     40.033  34.456099     7.3658     1.2877     39.695    33.7088    26.3516 -9.990e-29
 257.684711     39.983  34.456074     7.3656     1.2838     39.645    33.7090    26.3518 -9.990e-29
 257.684716     39.907  34.455911     7.3658     1.3025     39.570    33.7087    26.3515 -9.990e-29
 257.684722     39.804  34.455950     7.3660     1.3047     39.468    33.7086    26.3514 -9.990e-29
 257.684728     39.674  34.456246     7.3657     1.3024     39.339    33.7093    26.3520 0.0000e+00
 257.684734     39.507  34.456073     7.3655     1.2940     39.174    33.7094    26.3521 0.0000e+00
 257.684740     39.296  34.455759     7.3660     1.2910     38.964    33.7086    26.3514 0.0000e+00
 257.684745     39.042  34.456007     7.3665     1.2931     38.712    33.7085    26.3513 0.0000e+00
 257.684751     38.741  34.456028     7.3665     1.2952     38.414    33.7087    26.3514 0.0000e+00
 257.684757     38.388  34.455291     7.3661     1.2890     38.064    33.7085    26.3512 0.0000e+00
 257.684763     37.984  34.454496     7.3653     1.2904     37.664    33.7086    26.3514 0.0000e+00
 257.684769     37.539  34.454263     7.3643     1.2923     37.222    33.7095    26.3523 0.0000e+00
 257.684774     37.062  34.454284     7.3637     1.2937     36.749    33.7104    26.3531 0.0000e+00
 257.684780     36.567  34.454031     7.3638     1.3111     36.259    33.7102    26.3529 0.0000e+00
 257.684786     36.060  34.453729     7.3647     1.3265     35.756    33.7093    26.3520 0.0000e+00
 257.684792     35.544  34.453536     7.3658     1.3627     35.244    33.7082    26.3511 0.0000e+00
 257.684797     35.020  34.453197     7.3670     1.4228     34.725    33.7069    26.3499 0.0000e+00
 257.684803     34.488  34.452823     7.3686     1.5051     34.197    33.7052    26.3483 0.0000e+00
 257.684809     33.953  34.453037     7.3716     1.6063     33.667    33.7028    26.3460 0.0000e+00
 257.684815     33.421  34.454130     7.3778     1.7374     33.139    33.6982    26.3415 0.0000e+00
 257.684821     32.887  34.456441     7.3911     1.8516     32.610    33.6880    26.3316 0.0000e+00
 257.684826     32.347  34.461373     7.4151     1.9460     32.075    33.6703    26.3143 0.0000e+00
 257.684832     31.801  34.471027     7.4479     2.0278     31.533    33.6492    26.2930 0.0000e+00
 257.684838     31.249  34.485957     7.4845     2.0744     30.986    33.6301    26.2729 0.0000e+00
 257.684844     30.689  34.502555     7.5242     2.1200     30.431    33.6099    26.2513 0.0000e+00
 257.684850     30.121  34.517760     7.5668     2.1818     29.867    33.5854    26.2260 0.0000e+00
 257.684855     29.547  34.532256     7.6065     2.2644     29.298    33.5630    26.2027 0.0000e+00
 257.684861     28.972  34.546338     7.6378     2.4162     28.728    33.5482    26.1866 0.0000e+00
 257.684867     28.400  34.558631     7.6613     2.5877     28.161    33.5391    26.1761 0.0000e+00
 257.684873     27.833  34.568178     7.6819     2.7441     27.599    33.5298    26.1658 0.0000e+00
 257.684878     27.276  34.577073     7.7068     2.8716     27.047    33.5156    26.1511 0.0000e+00
 257.684884     26.729  34.587664     7.7438     2.9457     26.504    33.4917    26.1270 0.0000e+00
 257.684890     26.183  34.598395     7.7943     2.9885     25.963    33.4550    26.0908 0.0000e+00
 257.684896     25.632  34.607900     7.8470     3.0211     25.416    33.4149    26.0517 0.0000e+00
 257.684902     25.078  34.617100     7.8880     3.0351     24.867    33.3858    26.0229 0.0000e+00
 257.684907     24.522  34.627072     7.9165     3.0591     24.316    33.3695    26.0059 0.0000e+00
 257.684913     23.971  34.642724     7.9407     3.0899     23.770    33.3634    25.9976 0.0000e+00
 257.684919     23.430  34.667574     7.9736     3.1430     23.233    33.3588    25.9892 0.0000e+00
 257.684925     22.895  34.697240     8.0345     3.2102     22.703    33.3327    25.9598 0.0000e+00
 257.684931     22.360  34.734323     8.1354     3.2984     22.172    33.2765    25.9008 0.0000e+00
 257.684936     21.827  34.789068     8.2665     3.3789     21.644    33.2107    25.8297 0.0000e+00
 257.684942     21.292  34.862798     8.4009     3.4648     21.113    33.1622    25.7715 0.0000e+00
 257.684948     20.749  34.945753     8.5231     3.5541     20.575    33.1350    25.7318 0.0000e+00
 257.684954     20.204  35.030399     8.6418     3.6289     20.034    33.1129    25.6964 0.0000e+00
 257.684959     19.660  35.103051     8.7581     3.6983     19.495    33.0805    25.6532 0.0000e+00
 257.684965     19.118  35.160349     8.8606     3.7583     18.958    33.0451    25.6096 0.0000e+00
 257.684971     18.580  35.222146     8.9500     3.8170     18.424    33.0266    25.5812 0.0000e+00
 257.684977     18.051  35.283491     9.0364     3.9083     17.900    33.0104    25.5550 0.0000e+00
 257.684983     17.529  35.335464     9.1291     4.0203     17.382    32.9787    25.5156 0.0000e+00
 257.684988     17.004  35.388572     9.2280     4.1524     16.861    32.9425    25.4716 0.0000e+00
 257.684994     16.478  35.443629     9.3213     4.3011     16.340    32.9136    25.4341 0.0000e+00
 257.685000     15.957  35.495647     9.4030     4.4764     15.823    32.8922    25.4044 0.0000e+00
 257.685006     15.436  35.561356     9.4955     4.6569     15.307    32.8751    25.3761 0.0000e+00
 257.685012     14.913  35.650530     9.6274     4.8546     14.788    32.8460    25.3320 0.0000e+00
 257.685017     14.390  35.739255     9.7901     5.0718     14.269    32.7884    25.2604 0.0000e+00
 257.685023     13.870  35.819821     9.9540     5.2783     13.754    32.7217    25.1812 0.0000e+00
 257.685029     13.355  35.902212    10.1009     5.4711     13.243    32.6725    25.1184 0.0000e+00
 257.685035     12.839  35.985409    10.2459     5.6093     12.731    32.6261    25.0578 0.0000e+00
 257.685041     12.322  36.065544    10.4219     5.7174     12.219    32.5490    24.9678 0.0000e+00
 257.685046     11.811  36.154822    10.6373     5.7962     11.712    32.4464    24.8510 0.0000e+00
 257.685052     11.307  36.272034    10.8738     5.8235     11.212    32.3536    24.7377 0.0000e+00
 257.685058     10.812  36.410485    11.1066     5.8768     10.721    32.2858    24.6440 0.0000e+00
 257.685064     10.329  36.548112    11.3047     5.9025     10.243    32.2478    24.5792 0.0000e+00
 257.685069      9.858  36.680237    11.4478     5.9255      9.775    32.2524    24.5572 0.0000e+00
 257.685075      9.397  36.820053    11.5671     5.9637      9.318    32.2851    24.5610 0.0000e+00
 257.685081      8.953  36.954580    11.7030     5.9935      8.878    32.2979    24.5462 0.0000e+00
 257.685087      8.527  37.065451    11.8430     6.0239      8.456    32.2841    24.5097 0.0000e+00
 257.685093      8.118  37.149804    11.9534     6.0683      8.050    32.2702    24.4785 0.0000e+00
 257.685098      7.725  37.198003    12.0418     6.0860      7.660    32.2404    24.4390 0.0000e+00
 257.685104      7.349  37.232323    12.1318     6.0915      7.288    32.1960    24.3877 0.0000e+00
 257.685110      6.988  37.283414    12.2172     6.0718      6.930    32.1717    24.3529 0.0000e+00
 257.685116      6.644  37.340974    12.2953     6.0681      6.588    32.1600    24.3291 0.0000e+00
 257.685122      6.322  37.388763    12.3635     6.0674      6.269    32.1474    24.3064 0.0000e+00
 257.685127      6.008  37.427767    12.4131     6.1228      5.958    32.1423    24.2931 0.0000e+00
 257.685133      5.696  37.451736    12.4500     6.1655      5.648    32.1337    24.2794 0.0000e+00
 257.685139      5.393  37.470791    12.4788     6.1232      5.348    32.1274    24.2691 0.0000e+00
 257.685145      5.099  37.508668    12.4971     5.9990      5.056    32.1480    24.2815 0.0000e+00
 257.685150      4.814  37.554243    12.5210     5.8515      4.774    32.1711    24.2949 0.0000e+00
 257.685156      4.536  37.596574    12.5800     5.7303      4.498    32.1611    24.2758 0.0000e+00
 257.685162      4.266  37.657366    12.6772     6.5924      4.230    32.1361    24.2378 0.0000e+00
 257.685168      4.002  37.762209    12.8045     6.6597      3.969    32.1272    24.2063 0.0000e+00
 257.685174      3.746  37.940523    12.9464     6.6057      3.715    32.1752    24.2160 0.0000e+00
 257.685179      3.498  38.152718    13.0337     6.4529      3.469    32.3012    24.2964 0.0000e+00
 257.685185      3.259  38.260370    13.0345     6.2490      3.232    32.4021    24.3743 0.0000e+00
 257.685191      3.032  38.205886    13.0122 -9.990e-29      3.007    32.3698    24.3537 0.0000e+00
 257.685197      2.819  38.010781    13.0076 -9.990e-29      2.795    32.1898    24.2153 0.0000e+00
 257.685203      2.624  37.618315    13.0117 -9.990e-29      2.602    31.8168    23.9258 0.0000e+00
 257.685208      2.450  36.761824    13.0161 -9.990e-29      2.430    31.0087    23.2998 0.0000e+00
 257.685214      2.301  34.515609    13.0185 -9.990e-29      2.282    28.9109    21.6775 0.0000e+00
 257.685220      2.176  28.013029    13.0181 -9.990e-29      2.158    22.9592    17.0834 -9.990e-29
 257.685226      2.074  17.859329    13.0141 -9.990e-29      2.057    14.0330    10.2079 -9.990e-29
 257.685231      1.998  10.102496    13.0084 -9.990e-29      1.981     7.5735     5.2348 -9.990e-29
 257.685237      1.952   6.484439    13.0055 -9.990e-29      1.936     4.7044     3.0226 -9.990e-29
 257.685243      1.937   4.826352 -9.990e-29 -9.990e-29      1.921 -9.990e-29 -9.990e-29 -9.990e-29
