data/oxygen options/OCNMS/OCNMS1/raw_data/2012/CAST_KL027_121010faedb.cnv
* Sea-Bird SBE19 Data File:
* FileName = C:\Documents and Settings\OCNMS\Desktop\2012 mooring data\RECOVERY\CAST_KL027_121010.hex
* Software Version 1.25
* Temperature SN = 2997
* Conductivity SN = 2997
* System UpLoad Time = Oct 10 2012 16:35:02
** CAST_KL027_121010
* SEACAT PROFILER V3.1c SN 2997   10/10/12  16:33:59.606
# nquan = 9
# nvalues = 26                          
# units = specified
# name 0 = timeJ: Julian Days
# name 1 = prSM: Pressure, Strain Gauge [db]
# name 2 = c0mS/cm: Conductivity [mS/cm]
# name 3 = t090C: Temperature [ITS-90, deg C]
# name 4 = sbeox0ML/L: Oxygen, SBE 43 [ml/l]
# name 5 = depSM: Depth [salt water, m], lat = 47.5
# name 6 = sal00: Salinity, Practical [PSU]
# name 7 = sigma-é00: Density [sigma-theta, kg/m^3]
# name 8 = flag: flag
# span 0 = 284.615436, 284.615957       
# span 1 =      2.000,     27.000       
# span 2 =  34.706571,  36.047542       
# span 3 =     7.8664,    10.1366       
# span 4 =     1.0715,     6.9130       
# span 5 =      1.983,     26.773       
# span 6 =    32.7683,    33.5312       
# span 7 =    25.2055,    26.1403       
# span 8 = 0.0000e+00, 0.0000e+00       
# interval = decibars: 1                
# start_time = Oct 10 2012 14:40:44 [Instrument's time stamp, header]
# bad_flag = -9.990e-29
*END*
 284.615436      2.000  36.047542    10.1366     6.7871      1.983    32.7922    25.2055 0.0000e+00
 284.615460      3.000  35.974432    10.0527     6.8243      2.975    32.7938    25.2208 0.0000e+00
 284.615480      4.000  35.839121     9.9158     6.9130      3.967    32.7804    25.2332 0.0000e+00
 284.615500      5.000  35.653762     9.7209     6.6175      4.958    32.7683    25.2558 0.0000e+00
 284.615521      6.000  35.543012     9.5914     6.0524      5.950    32.7727    25.2804 0.0000e+00
 284.615542      7.000  35.493517     9.4794     5.7061      6.941    32.8240    25.3386 0.0000e+00
 284.615564      8.000  35.481739     9.4017     5.4409      7.933    32.8827    25.3970 0.0000e+00
 284.615585      9.000  35.472242     9.3397     5.0565      8.925    32.9295    25.4435 0.0000e+00
 284.615606     10.000  35.442263     9.2594     4.5483      9.916    32.9721    25.4897 0.0000e+00
 284.615628     11.000  35.382166     9.1418     4.0840     10.908    33.0183    25.5445 0.0000e+00
 284.615649     12.000  35.343890     9.0343     3.7229     11.899    33.0778    25.6080 0.0000e+00
 284.615671     13.000  35.241056     8.8702     3.4236     12.891    33.1232    25.6691 0.0000e+00
 284.615694     14.000  35.165389     8.7380     3.1326     13.883    33.1672    25.7240 0.0000e+00
 284.615717     15.000  35.160778     8.6866     2.8796     14.874    33.2101    25.7656 0.0000e+00
 284.615740     16.000  35.098553     8.5850     2.6780     15.866    33.2398    25.8044 0.0000e+00
 284.615763     17.000  35.035236     8.4643     2.4223     16.857    33.2864    25.8594 0.0000e+00
 284.615785     18.000  34.865643     8.2158     2.2852     17.849    33.3418    25.9400 0.0000e+00
 284.615805     19.000  34.787875     8.0987     2.0849     18.840    33.3700    25.9796 0.0000e+00
 284.615824     20.000  34.747080     8.0206     1.4704     19.832    33.4006    26.0151 0.0000e+00
 284.615842     21.000  34.706571     7.9116     1.1910     20.824    33.4609    26.0784 0.0000e+00
 284.615860     22.000  34.714913     7.8785     1.1250     21.815    33.5012    26.1149 0.0000e+00
 284.615879     23.000  34.725058     7.8701     1.0942     22.807    33.5196    26.1306 0.0000e+00
 284.615898     24.000  34.733738     7.8711     1.1097     23.798    33.5275    26.1366 0.0000e+00
 284.615916     25.000  34.733391     7.8664     1.0985     24.790    33.5312    26.1403 0.0000e+00
 284.615935     26.000  34.732918     7.8670     1.0762     25.781    33.5296    26.1389 0.0000e+00
 284.615957     27.000  34.726798     7.8773     1.0715     26.773    33.5127    26.1242 0.0000e+00
