data/oxygen options/OCNMS/OCNMS1/raw_data/2012/CAST_TH042_121008faed.cnv
* Sea-Bird SBE19 Data File:
* FileName = C:\Documents and Settings\OCNMS\Desktop\2012 mooring data\RECOVERY\CAST_TH042_121008.hex
* Software Version 1.25
* Temperature SN = 2997
* Conductivity SN = 2997
* System UpLoad Time = Oct 09 2012 08:02:56
** CAST_TH042_121008
* SEACAT PROFILER V3.1c SN 2997   10/09/12  08:02:10.923
# nquan = 9                                 
# nvalues = 1094                        
# units = specified
# name 0 = timeJ: Julian Days
# name 1 = prSM: Pressure, Strain Gauge [db]
# name 2 = c0mS/cm: Conductivity [mS/cm]
# name 3 = t090C: Temperature [ITS-90, deg C]
# name 4 = sbeox0ML/L: Oxygen, SBE 43 [ml/l]
# name 5 = depSM: Depth [salt water, m], lat = 47.5
# name 6 = sal00: Salinity, Practical [PSU]
# name 7 = sigma-é00: Density [sigma-theta, kg/m^3]
# name 8 = flag: flag
# span 0 = 282.605799, 282.612124       
# span 1 =     -1.257,     43.130       
# span 2 =   0.362879,  35.515007       
# span 3 =     7.6738,    11.1666       
# span 4 =    -1.9173,    14.9966       
# span 5 =     -1.247,     42.766       
# span 6 =     0.2408,    33.5762       
# span 7 =    -0.1944,    26.2034       
# span 8 = 0.0000e+00, 0.0000e+00       
# interval = seconds: 0.5
# start_time = Oct 08 2012 14:32:21 [Instrument's time stamp, header]
# bad_flag = -9.990e-29
*END*
[from data line 481]
 282.608582      2.059  35.515007     8.9496    -1.6094      2.042    33.3399    25.8262 -9.990e-29
 282.608588      2.062  35.502403     8.9509    -1.6112      2.045    33.3255    25.8148 -9.990e-29
 282.608594      2.066  35.421874     8.9508    -1.6120      2.049    33.2416    25.7491 -9.990e-29
 282.608600      2.064  35.362594     8.9512    -1.6110      2.047    33.1794    25.7003 -9.990e-29
 282.608605      2.062  35.360500     8.9568    -1.6104      2.045    33.1720    25.6937 -9.990e-29
 282.608611      2.064  35.380324     8.9654    -1.6105      2.047    33.1846    25.7022 -9.990e-29
 282.608617      2.066  35.379806     8.9639    -1.6115      2.049    33.1855    25.7031 -9.990e-29
 282.608623      2.063  35.352100     8.9508    -1.6126      2.046    33.1688    25.6921 -9.990e-29
 282.608628      2.060  35.349527     8.9408    -1.6118      2.043    33.1755    25.6989 -9.990e-29
 282.608634      2.061  35.395015     8.9409    -1.6108      2.044    33.2228    25.7360 -9.990e-29
 282.608640      2.066  35.427713     8.9432    -1.6106      2.049    33.2548    25.7606 -9.990e-29
 282.608646      2.070  35.392118     8.9398    -1.6120      2.053    33.2208    25.7346 -9.990e-29
 282.608652      2.070  35.319776     8.9315    -1.6129      2.053    33.1531    25.6829 -9.990e-29
 282.608657      2.070  35.288443     8.9217    -1.6123      2.053    33.1296    25.6660 -9.990e-29
 282.608663      2.074  35.318540     8.9126    -1.6109      2.057    33.1695    25.6986 -9.990e-29
 282.608669      2.083  35.362305     8.9047    -1.6110      2.066    33.2226    25.7414 -9.990e-29
 282.608675      2.093  35.373953     8.8982    -1.6108      2.076    33.2408    25.7567 -9.990e-29
 282.608681      2.100  35.352246     8.8941    -1.6108      2.082    33.2220    25.7426 -9.990e-29
 282.608686      2.104  35.338280     8.8930    -1.6115      2.086    33.2084    25.7322 -9.990e-29
 282.608692      2.107  35.362194     8.8945    -1.6118      2.089    33.2320    25.7504 -9.990e-29
 282.608698      2.108  35.394860     8.8957    -1.6113      2.090    33.2650    25.7760 -9.990e-29
 282.608704      2.106  35.386898     8.8952    -1.6107      2.088    33.2571    25.7700 -9.990e-29
 282.608709      2.108  35.341167     8.8939    -1.6106      2.090    33.2106    25.7337 -9.990e-29
 282.608715      2.111  35.312101     8.8922    -1.6104      2.093    33.1818    25.7115 -9.990e-29
 282.608721      2.113  35.334904     8.8910    -1.6103      2.095    33.2068    25.7312 -9.990e-29
 282.608727      2.118  35.383449     8.8917    -1.6098      2.100    33.2568    25.7702 -9.990e-29
 282.608733      2.130  35.415529     8.8927    -1.6112      2.112    33.2894    25.7956 -9.990e-29
 282.608738      2.146  35.424105     8.8922    -1.6129      2.128    33.2988    25.8030 -9.990e-29
 282.608744      2.159  35.415608     8.8914    -1.6133      2.141    33.2907    25.7968 -9.990e-29
 282.608750      2.164  35.396663     8.8910    -1.6119      2.146    33.2713    25.7817 -9.990e-29
 282.608756      2.166  35.389649     8.8914    -1.6098      2.148    33.2635    25.7756 -9.990e-29
 282.608762      2.171  35.408212     8.8922    -1.6094      2.153    33.2822    25.7900 -9.990e-29
 282.608767      2.173  35.436812     8.8929    -1.6122      2.155    33.3114    25.8128 -9.990e-29
 282.608773      2.174  35.458174     8.8942    -1.6133      2.156    33.3325    25.8291 -9.990e-29
 282.608779      2.177  35.471130     8.8958    -1.6132      2.159    33.3445    25.8383 -9.990e-29
 282.608785      2.178  35.474509     8.8968    -1.6117      2.160    33.3471    25.8402 -9.990e-29
 282.608791      2.173  35.449887     8.8971    10.9854      2.155    33.3211    25.8198 -9.990e-29
 282.608796      2.162  35.382950     8.8967    14.7824      2.144    33.2516    25.7654 -9.990e-29
 282.608802      2.149  35.310495     8.8967    14.9966      2.131    33.1759    25.7061 -9.990e-29
 282.608808      2.140  35.296683     8.8979    11.8455      2.122    33.1604    25.6938 -9.990e-29
 282.608814      2.141  35.356176     8.9004     5.3248      2.123    33.2202    25.7402 -9.990e-29
 282.608819      2.145  35.426643     8.9022     5.2098      2.127    33.2921    25.7962 -9.990e-29
 282.608825      2.146  35.419498     8.9016     5.2851      2.128    33.2852    25.7909 -9.990e-29
 282.608831      2.140  35.334209     8.9004     5.2963      2.122    33.1972    25.7222 -9.990e-29
 282.608837      2.125  35.260388     8.9002     5.2740      2.107    33.1204    25.6621 -9.990e-29
 282.608843      2.104  35.243573     8.9010     5.2452      2.086    33.1021    25.6476 -9.990e-29
 282.608848      2.086  35.237858     8.9020     5.2287      2.069    33.0952    25.6421 -9.990e-29
 282.608854      2.074  35.204295     8.9020     5.2211      2.057    33.0602    25.6147 -9.990e-29
 282.608860      2.066  35.172092     8.9011     5.2198      2.049    33.0274    25.5892 -9.990e-29
 282.608866      2.062  35.159951     8.9000     5.2133      2.045    33.0158    25.5802 -9.990e-29
 282.608872      2.062  35.155638     8.8989     5.1856      2.045    33.0123    25.5777 -9.990e-29
 282.608877      2.065  35.153436     8.8979     5.1790      2.048    33.0109    25.5768 -9.990e-29
 282.608883      2.073  35.151563     8.8966     5.1583      2.056    33.0102    25.5764 -9.990e-29
 282.608889      2.081  35.150355     8.8958     5.1623      2.064    33.0096    25.5761 -9.990e-29
 282.608895      2.081  35.149916     8.8972     5.1679      2.064    33.0079    25.5745 -9.990e-29
 282.608900      2.073  35.150254     8.8996     5.1729      2.056    33.0060    25.5727 -9.990e-29
 282.608906      2.066  35.150733     8.9009     5.2119      2.049    33.0053    25.5719 -9.990e-29
 282.608912      2.063  35.150349     8.9003     5.1729      2.046    33.0055    25.5721 -9.990e-29
 282.608918      2.063  35.148622     8.8985     5.1626      2.046    33.0053    25.5723 -9.990e-29
 282.608924      2.068  35.146085     8.8964     5.1545      2.051    33.0046    25.5721 -9.990e-29
 282.608929      2.076  35.144431     8.8953     5.1308      2.059    33.0039    25.5717 -9.990e-29
 282.608935      2.085  35.144848     8.8954     5.1756      2.068    33.0043    25.5719 -9.990e-29
 282.608941      2.091  35.146246     8.8956     5.2395      2.074    33.0055    25.5729 -9.990e-29
 282.608947      2.094  35.146602     8.8958     5.1860      2.077    33.0057    25.5730 -9.990e-29
 282.608953      2.090  35.145306     8.8954     5.1608      2.073    33.0047    25.5723 -9.990e-29
 282.608958      2.083  35.143463     8.8949     5.1265      2.066    33.0033    25.5713 -9.990e-29
 282.608964      2.085  35.142572     8.8957     5.1128      2.068    33.0016    25.5698 -9.990e-29
 282.608970      2.097  35.143160     8.8969     5.1737      2.079    33.0011    25.5692 -9.990e-29
 282.608976      2.115  35.144365     8.8980     5.1607      2.097    33.0013    25.5692 -9.990e-29
 282.608981      2.136  35.145029     8.8990     5.1395      2.118    33.0011    25.5689 -9.990e-29
 282.608987      2.152  35.144950     8.8984     5.1294      2.134    33.0016    25.5694 -9.990e-29
 282.608993      2.161  35.144057     8.8970     5.1156      2.143    33.0019    25.5699 -9.990e-29
 282.608999      2.167  35.142873     8.8964     5.1296      2.149    33.0012    25.5694 -9.990e-29
 282.609005      2.175  35.142656     8.8962     5.1372      2.157    33.0012    25.5694 -9.990e-29
 282.609010      2.182  35.143148     8.8961     5.1238      2.164    33.0018    25.5699 -9.990e-29
 282.609016      2.183  35.143361     8.8956     5.1234      2.165    33.0025    25.5705 -9.990e-29
 282.609022      2.178  35.143051     8.8947     5.1395      2.160    33.0030    25.5711 -9.990e-29
 282.609028      2.171  35.142400     8.8943     5.1394      2.153    33.0027    25.5709 -9.990e-29
 282.609034      2.171  35.142254     8.8943     5.1458      2.153    33.0025    25.5708 -9.990e-29
 282.609039      2.177  35.143013     8.8949     5.1493      2.159    33.0028    25.5709 -9.990e-29
 282.609045      2.182  35.144045     8.8959     5.1302      2.164    33.0029    25.5708 -9.990e-29
 282.609051      2.181  35.144518     8.8972     5.1378      2.163    33.0022    25.5700 -9.990e-29
 282.609057      2.178  35.143977     8.8992     5.1381      2.160    32.9998    25.5678 -9.990e-29
 282.609062      2.178  35.143415     8.9007     5.1306      2.160    32.9978    25.5661 -9.990e-29
 282.609068      2.177  35.143800     8.9007     5.1265      2.159    32.9982    25.5664 -9.990e-29
 282.609074      2.173  35.144558     8.8998     5.1124      2.155    32.9998    25.5678 -9.990e-29
 282.609080      2.172  35.145055     8.8994     5.1124      2.154    33.0007    25.5685 -9.990e-29
 282.609086      2.169  35.144867     8.8994     5.1192      2.151    33.0005    25.5684 -9.990e-29
 282.609091      2.164  35.143219     8.8992     5.1327      2.146    32.9990    25.5672 -9.990e-29
 282.609097      2.161  35.140745     8.8984     5.1235      2.143    32.9972    25.5659 -9.990e-29
 282.609103      2.159  35.139222     8.8972     5.1344      2.141    32.9967    25.5657 -9.990e-29
 282.609109      2.163  35.138895     8.8959     5.1368      2.145    32.9976    25.5666 -9.990e-29
 282.609115      2.172  35.139361     8.8956     5.1366      2.154    32.9983    25.5673 -9.990e-29
 282.609120      2.180  35.140718     8.8977     5.1476      2.162    32.9978    25.5665 -9.990e-29
 282.609126      2.182  35.142008     8.9001     5.1263      2.164    32.9969    25.5654 -9.990e-29
 282.609132      2.178  35.141624     8.8999     5.1304      2.160    32.9967    25.5653 -9.990e-29
 282.609138      2.173  35.139649     8.8975     5.1227      2.155    32.9969    25.5658 -9.990e-29
 282.609144      2.170  35.137966     8.8953     5.1136      2.152    32.9971    25.5664 -9.990e-29
 282.609149      2.170  35.138285     8.8950     5.1251      2.152    32.9978    25.5669 -9.990e-29
 282.609155      2.175  35.139946     8.8958     5.1175      2.157    32.9987    25.5676 -9.990e-29
 282.609161      2.188  35.141276     8.8964     5.1138      2.170    32.9996    25.5681 -9.990e-29
 282.609167      2.199  35.141844     8.8979     5.1290      2.181    32.9988    25.5672 -9.990e-29
 282.609172      2.206  35.141880     8.8999     5.1539      2.188    32.9969    25.5655 -9.990e-29
 282.609178      2.208  35.142025     8.9003     5.1280      2.190    32.9967    25.5653 -9.990e-29
 282.609184      2.207  35.142507     8.8991     5.1179      2.189    32.9983    25.5667 -9.990e-29
 282.609190      2.206  35.142324     8.8976     5.1193      2.188    32.9995    25.5679 -9.990e-29
 282.609196      2.209  35.141267     8.8960     5.1060      2.191    32.9999    25.5684 -9.990e-29
 282.609201      2.213  35.140202     8.8953     5.1828      2.195    32.9995    25.5682 -9.990e-29
 282.609207      2.217  35.139421     8.8962     5.1641      2.198    32.9978    25.5668 -9.990e-29
 282.609213      2.227  35.139039     8.8974     5.1453      2.208    32.9963    25.5654 -9.990e-29
 282.609219      2.229  35.138580     8.8973     5.1273      2.210    32.9959    25.5651 -9.990e-29
 282.609225      2.216  35.137463     8.8962     5.1015      2.197    32.9958    25.5652 -9.990e-29
 282.609230      2.204  35.136474     8.8949     5.1117      2.186    32.9959    25.5655 -9.990e-29
 282.609236      2.200  35.136570     8.8943     5.1234      2.182    32.9966    25.5661 -9.990e-29
 282.609242      2.196  35.137355     8.8947     5.1141      2.178    32.9971    25.5664 -9.990e-29
 282.609248      2.187  35.137670     8.8958     5.1123      2.169    32.9964    25.5657 -9.990e-29
 282.609253      2.173  35.136847     8.8969     5.1143      2.155    32.9945    25.5641 -9.990e-29
 282.609259      2.157  35.134945     8.8962     5.1139      2.139    32.9932    25.5631 -9.990e-29
 282.609265      2.146  35.133383     8.8944     5.1148      2.128    32.9932    25.5634 -9.990e-29
 282.609271      2.141  35.133471     8.8936     5.0967      2.123    32.9940    25.5642 -9.990e-29
 282.609277      2.131  35.134243     8.8936     5.0935      2.113    32.9949    25.5649 -9.990e-29
 282.609282      2.116  35.133959     8.8936     5.0956      2.098    32.9946    25.5646 -9.990e-29
 282.609288      2.105  35.132277     8.8931     5.1186      2.087    32.9933    25.5637 -9.990e-29
 282.609294      2.100  35.130907     8.8922     5.1303      2.082    32.9927    25.5634 -9.990e-29
 282.609300      2.102  35.131225     8.8914     5.1307      2.084    32.9938    25.5643 -9.990e-29
 282.609306      2.105  35.132552     8.8913     5.1183      2.087    32.9952    25.5655 -9.990e-29
 282.609311      2.107  35.133678     8.8920     5.1161      2.089    32.9958    25.5658 -9.990e-29
 282.609317      2.111  35.133870     8.8927     5.1184      2.093    32.9953    25.5654 -9.990e-29
 282.609323      2.117  35.133194     8.8926     5.1130      2.099    32.9947    25.5649 -9.990e-29
 282.609329      2.123  35.132426     8.8910     5.1279      2.105    32.9954    25.5657 -9.990e-29
 282.609334      2.132  35.132215     8.8903     5.1125      2.114    32.9958    25.5661 -9.990e-29
 282.609340      2.145  35.132836     8.8915     5.1262      2.127    32.9953    25.5656 -9.990e-29
 282.609346      2.154  35.133993     8.8927     5.1294      2.136    32.9954    25.5654 -9.990e-29
 282.609352      2.155  35.134424     8.8933     5.1260      2.137    32.9953    25.5653 -9.990e-29
 282.609358      2.149  35.134138     8.8941     5.1300      2.131    32.9943    25.5643 -9.990e-29
 282.609363      2.140  35.134429     8.8943     5.1215      2.122    32.9944    25.5644 -9.990e-29
 282.609369      2.136  35.135124     8.8933     5.1142      2.118    32.9961    25.5658 -9.990e-29
 282.609375      2.135  35.135466     8.8926     5.1270      2.117    32.9971    25.5667 -9.990e-29
 282.609381      2.131  35.135346     8.8929     5.1234      2.113    32.9967    25.5664 -9.990e-29
 282.609387      2.121  35.135160     8.8932     5.1308      2.103    32.9962    25.5660 -9.990e-29
 282.609392      2.115  35.135214     8.8937     5.1405      2.097    32.9958    25.5656 -9.990e-29
 282.609398      2.112  35.135578     8.8942     5.1285      2.094    32.9957    25.5654 -9.990e-29
 282.609404      2.107  35.136172     8.8937     5.1285      2.089    32.9968    25.5663 -9.990e-29
 282.609410      2.104  35.136662     8.8937     5.1222      2.086    32.9973    25.5668 -9.990e-29
 282.609416      2.108  35.137139     8.8951     5.1279      2.090    32.9965    25.5659 -9.990e-29
 282.609421      2.119  35.137675     8.8968     5.1270      2.101    32.9955    25.5648 -9.990e-29
 282.609427      2.133  35.137860     8.8985     5.1324      2.115    32.9941    25.5635 -9.990e-29
 282.609433      2.143  35.137935     8.8996     5.1324      2.125    32.9931    25.5626 -9.990e-29
 282.609439      2.144  35.138555     8.9001     5.1231      2.126    32.9933    25.5626 -9.990e-29
 282.609444      2.141  35.139423     8.9013     5.1150      2.123    32.9931    25.5623 -9.990e-29
 282.609450      2.143  35.140014     8.9031     5.0857      2.125    32.9920    25.5612 -9.990e-29
 282.609456      2.150  35.140552     8.9044     5.0976      2.132    32.9914    25.5605 -9.990e-29
 282.609462      2.153  35.141190     8.9049     5.1070      2.135    32.9916    25.5605 -9.990e-29
 282.609468      2.153  35.141655     8.9040     5.1249      2.135    32.9929    25.5617 -9.990e-29
 282.609473      2.158  35.142001     8.9026     5.1355      2.140    32.9946    25.5632 -9.990e-29
 282.609479      2.169  35.142126     8.9020     5.1271      2.151    32.9953    25.5639 -9.990e-29
 282.609485      2.178  35.141633     8.9016     5.1332      2.160    32.9951    25.5638 -9.990e-29
 282.609491      2.181  35.140980     8.9012     5.1233      2.163    32.9948    25.5636 -9.990e-29
 282.609497      2.178  35.140971     8.9020     5.1286      2.160    32.9940    25.5629 -9.990e-29
