data/oxygen options/OCNMS/OCNMS1/raw_data/2012/CAST_TH015_120828faed.cnv
* Sea-Bird SBE19 Data File:
* FileName = C:\Documents and Settings\OCNMS\Desktop\2012 mooring data\2nd service\CAST_TH015_120828.hex
* Software Version 1.25
* Temperature SN = 2997
* Conductivity SN = 2997
* System UpLoad Time = Aug 28 2012 17:51:27
** CAST_TH015_120828
* SEACAT PROFILER V3.1c SN 2997   08/28/12  17:50:25.097
# nquan = 9                                 
# nvalues = 1098                        
# units = specified
# name 0 = timeJ: Julian Days
# name 1 = prSM: Pressure, Strain Gauge [db]
# name 2 = c0mS/cm: Conductivity [mS/cm]
# name 3 = t090C: Temperature [ITS-90, deg C]
# name 4 = sbeox0ML/L: Oxygen, SBE 43 [ml/l]
# name 5 = depSM: Depth [salt water, m], lat = 47.5
# name 6 = sal00: Salinity, Practical [PSU]
# name 7 = sigma-é00: Density [sigma-theta, kg/m^3]
# name 8 = flag: flag
# span 0 = 241.686505, 241.692853       
# span 1 =     -5.524,     17.006       
# span 2 =   0.436474,  38.265686       
# span 3 =    12.0051,    13.9107       
# span 4 =    -1.7769,    16.5354       
# span 5 =     -5.478,     16.863       
# span 6 =     0.2703,    32.9181       
# span 7 =    -0.5281,    24.8922       
# span 8 = 0.0000e+00, 0.0000e+00       
# interval = seconds: 0.5
# start_time = Aug 28 2012 16:28:34 [Instrument's time stamp, header]
# bad_flag = -9.990e-29
*END*
[from data line 641]
 241.690214      1.447  38.105771    12.4227     7.1264      1.435    32.7846    24.7890 -9.990e-29
 241.690220      1.441  38.105114    12.4222     7.1183      1.429    32.7844    24.7890 -9.990e-29
 241.690226      1.437  38.104832    12.4217     7.1232      1.425    32.7846    24.7892 -9.990e-29
 241.690231      1.440  38.104541    12.4212     7.1347      1.428    32.7847    24.7894 -9.990e-29
 241.690237      1.446  38.103842    12.4217     7.1428      1.434    32.7836    24.7885 -9.990e-29
 241.690243      1.451  38.103475    12.4233     7.1513      1.439    32.7819    24.7868 -9.990e-29
 241.690249      1.455  38.104622    12.4256     7.1168      1.443    32.7810    24.7857 -9.990e-29
 241.690255      1.459  38.107121    12.4287     7.1351      1.447    32.7807    24.7848 -9.990e-29
 241.690260      1.462  38.109811    12.4319     7.1463      1.450    32.7804    24.7841 -9.990e-29
 241.690266      1.465  38.111227    12.4344     7.1400      1.453    32.7796    24.7829 -9.990e-29
 241.690272      1.468  38.110445    12.4354     7.1524      1.456    32.7780    24.7815 -9.990e-29
 241.690278      1.472  38.108096    12.4348     7.1136      1.460    32.7763    24.7803 -9.990e-29
 241.690284      1.476  38.106639    12.4330     7.1335      1.464    32.7764    24.7807 -9.990e-29
 241.690289      1.481  38.106363    12.4306     7.1446      1.469    32.7783    24.7826 -9.990e-29
 241.690295      1.488  38.105771    12.4285     7.1542      1.476    32.7795    24.7840 -9.990e-29
 241.690301      1.495  38.105742    12.4276     7.1554      1.483    32.7803    24.7848 -9.990e-29
 241.690307      1.505  38.107349    12.4277     7.1414      1.492    32.7817    24.7859 -9.990e-29
 241.690313      1.513  38.109364    12.4274     7.1463      1.500    32.7839    24.7876 -9.990e-29
 241.690318      1.516  38.109979    12.4268     7.1399      1.503    32.7850    24.7886 -9.990e-29
 241.690324      1.514  38.109444    12.4266     7.1354      1.501    32.7847    24.7884 -9.990e-29
 241.690330      1.506  38.109278    12.4269     7.1522      1.493    32.7843    24.7880 -9.990e-29
 241.690336      1.497  38.109810    12.4272     7.1685      1.485    32.7845    24.7881 -9.990e-29
 241.690341      1.490  38.110059    12.4272     7.1566      1.478    32.7848    24.7883 -9.990e-29
 241.690347      1.485  38.109786    12.4272     7.1437      1.473    32.7845    24.7881 -9.990e-29
 241.690353      1.481  38.109738    12.4273     7.1232      1.469    32.7844    24.7880 -9.990e-29
 241.690359      1.478  38.109841    12.4271     7.1334      1.466    32.7847    24.7882 -9.990e-29
 241.690365      1.476  38.109664    12.4267     7.1139      1.464    32.7848    24.7885 -9.990e-29
 241.690370      1.475  38.109518    12.4259     7.1172      1.463    32.7854    24.7890 -9.990e-29
 241.690376      1.475  38.109199    12.4243     7.1190      1.463    32.7865    24.7902 -9.990e-29
 241.690382      1.476  38.107712    12.4224     7.1402      1.464    32.7867    24.7907 -9.990e-29
 241.690388      1.477  38.105866    12.4214     7.1459      1.465    32.7858    24.7902 -9.990e-29
 241.690394      1.480  38.105112    12.4213     7.1531      1.468    32.7852    24.7898 -9.990e-29
 241.690399      1.483  38.104993    12.4213     7.1457      1.471    32.7851    24.7897 -9.990e-29
 241.690405      1.488  38.105341    12.4214     7.1579      1.476    32.7853    24.7898 -9.990e-29
 241.690411      1.495  38.106052    12.4223     7.1784      1.483    32.7852    24.7896 -9.990e-29
 241.690417      1.499  38.106381    12.4240     7.1770      1.486    32.7840    24.7884 -9.990e-29
 241.690422      1.496  38.106759    12.4251     7.1686      1.484    32.7834    24.7877 -9.990e-29
 241.690428      1.492  38.107118    12.4250     7.1543      1.480    32.7839    24.7880 -9.990e-29
 241.690434      1.489  38.106805    12.4245     7.1544      1.477    32.7840    24.7882 -9.990e-29
 241.690440      1.488  38.106517    12.4239     7.1307      1.476    32.7843    24.7885 -9.990e-29
 241.690446      1.489  38.106420    12.4226     7.1280      1.477    32.7853    24.7896 -9.990e-29
 241.690451      1.491  38.104692    12.4200     7.1066      1.479    32.7859    24.7906 -9.990e-29
 241.690457      1.495  38.101263    12.4179     7.1245      1.483    32.7845    24.7898 -9.990e-29
 241.690463      1.501  38.099393    12.4178     7.1420      1.488    32.7828    24.7885 -9.990e-29
 241.690469      1.510  38.099939    12.4188     7.1464      1.497    32.7824    24.7881 -9.990e-29
 241.690475      1.517  38.100819    12.4196     7.1579      1.504    32.7825    24.7880 -9.990e-29
 241.690480      1.515  38.101516    12.4202     7.1328      1.502    32.7827    24.7880 -9.990e-29
 241.690486      1.503  38.102386    12.4209     7.1424      1.490    32.7829    24.7881 -9.990e-29
 241.690492      1.489  38.103459    12.4218     7.1308      1.477    32.7832    24.7881 -9.990e-29
 241.690498      1.482  38.105037    12.4227     7.1152      1.470    32.7839    24.7885 -9.990e-29
 241.690503      1.484  38.106413    12.4235     7.1364      1.472    32.7845    24.7888 -9.990e-29
 241.690509      1.491  38.106611    12.4241     7.1318      1.479    32.7842    24.7884 -9.990e-29
 241.690515      1.501  38.106445    12.4242     7.1334      1.488    32.7839    24.7882 -9.990e-29
 241.690521      1.508  38.106245    12.4235     7.1262      1.495    32.7843    24.7887 -9.990e-29
 241.690527      1.510  38.105173    12.4208     7.1166      1.497    32.7857    24.7902 -9.990e-29
 241.690532      1.510  38.101791    12.4152     7.1331      1.497    32.7873    24.7926 -9.990e-29
 241.690538      1.514  38.093259    12.4088     7.1339      1.501    32.7847    24.7918 -9.990e-29
 241.690544      1.520  38.083319    12.4059     7.1229      1.507    32.7777    24.7869 -9.990e-29
 241.690550      1.526  38.081680    12.4074     7.1240      1.513    32.7749    24.7844 -9.990e-29
 241.690556      1.528  38.087823    12.4106     7.1594      1.515    32.7779    24.7862 -9.990e-29
 241.690561      1.529  38.095363    12.4132     7.1690      1.516    32.7829    24.7895 -9.990e-29
 241.690567      1.534  38.100336    12.4149     7.1650      1.521    32.7862    24.7918 -9.990e-29
 241.690573      1.540  38.100400    12.4168     7.1499      1.527    32.7846    24.7901 -9.990e-29
 241.690579      1.542  38.100113    12.4201     7.1130      1.529    32.7814    24.7871 -9.990e-29
 241.690584      1.540  38.103004    12.4245     7.1263      1.527    32.7803    24.7854 -9.990e-29
 241.690590      1.535  38.106193    12.4274     7.1390      1.522    32.7809    24.7852 -9.990e-29
 241.690596      1.530  38.107201    12.4270     7.1586      1.517    32.7822    24.7863 -9.990e-29
 241.690602      1.529  38.106242    12.4254     7.1807      1.516    32.7827    24.7870 -9.990e-29
 241.690608      1.528  38.105391    12.4248     7.1500      1.515    32.7824    24.7869 -9.990e-29
 241.690613      1.527  38.105744    12.4252     7.1328      1.514    32.7824    24.7868 -9.990e-29
 241.690619      1.530  38.107200    12.4269     7.1297      1.517    32.7823    24.7864 -9.990e-29
 241.690625      1.533  38.110012    12.4297     7.1312      1.520    32.7825    24.7861 -9.990e-29
 241.690631      1.536  38.113437    12.4318     7.1578      1.523    32.7840    24.7868 -9.990e-29
 241.690637      1.544  38.115306    12.4324     7.1553      1.531    32.7852    24.7877 -9.990e-29
 241.690642      1.552  38.115302    12.4323     7.1570      1.539    32.7853    24.7878 -9.990e-29
 241.690648      1.558  38.115091    12.4322     7.1681      1.545    32.7852    24.7877 -9.990e-29
 241.690654      1.561  38.114942    12.4316     7.1599      1.548    32.7856    24.7881 -9.990e-29
 241.690660      1.562  38.114086    12.4292     7.1659      1.549    32.7869    24.7895 -9.990e-29
 241.690666      1.564  38.111931    12.4240     7.1288      1.551    32.7893    24.7925 -9.990e-29
 241.690671      1.569  38.106716    12.4178     7.1229      1.556    32.7897    24.7940 -9.990e-29
 241.690677      1.572  38.099882    12.4149     7.1598      1.559    32.7857    24.7914 -9.990e-29
 241.690683      1.578  38.097431    12.4162     7.1599      1.565    32.7822    24.7885 -9.990e-29
 241.690689      1.586  38.100007    12.4190     7.1774      1.573    32.7823    24.7879 -9.990e-29
 241.690694      1.594  38.103191    12.4217     7.1547      1.581    32.7830    24.7880 -9.990e-29
 241.690700      1.602  38.105244    12.4239     7.1325      1.589    32.7830    24.7876 -9.990e-29
 241.690706      1.605  38.106655    12.4254     7.1553      1.592    32.7830    24.7873 -9.990e-29
 241.690712      1.601  38.107805    12.4263     7.1332      1.588    32.7834    24.7874 -9.990e-29
 241.690718      1.592  38.108537    12.4261     7.1286      1.579    32.7842    24.7881 -9.990e-29
 241.690723      1.583  38.108326    12.4243     7.1122      1.570    32.7856    24.7895 -9.990e-29
 241.690729      1.573  38.106326    12.4207     7.1321      1.560    32.7868    24.7912 -9.990e-29
 241.690735      1.566  38.102104    12.4168     7.1454      1.553    32.7862    24.7914 -9.990e-29
 241.690741      1.565  38.098430    12.4151     7.1169      1.552    32.7842    24.7902 -9.990e-29
 241.690747      1.570  38.098242    12.4154     7.1418      1.557    32.7837    24.7898 -9.990e-29
 241.690752      1.578  38.099600    12.4155     7.1449      1.565    32.7849    24.7907 -9.990e-29
 241.690758      1.581  38.100389    12.4157     7.1515      1.568    32.7855    24.7911 -9.990e-29
 241.690764      1.578  38.101093    12.4167     7.1574      1.565    32.7853    24.7907 -9.990e-29
 241.690770      1.578  38.102083    12.4178     7.1406      1.565    32.7853    24.7905 -9.990e-29
 241.690775      1.582  38.102995    12.4186     7.1515      1.569    32.7855    24.7905 -9.990e-29
 241.690781      1.579  38.103357    12.4195     7.1517      1.566    32.7850    24.7900 -9.990e-29
 241.690787      1.572  38.103085    12.4210     7.1371      1.559    32.7835    24.7885 -9.990e-29
 241.690793      1.567  38.103491    12.4230     7.1632      1.554    32.7821    24.7871 -9.990e-29
 241.690799      1.569  38.105670    12.4244     7.1604      1.556    32.7830    24.7875 -9.990e-29
 241.690804      1.573  38.108040    12.4249     7.1785      1.560    32.7848    24.7888 -9.990e-29
 241.690810      1.575  38.109275    12.4247     7.1875      1.562    32.7862    24.7899 -9.990e-29
 241.690816      1.576  38.109333    12.4241     7.1685      1.563    32.7867    24.7904 -9.990e-29
 241.690822      1.571  38.109406    12.4234     7.1535      1.558    32.7874    24.7911 -9.990e-29
 241.690828      1.557  38.110146    12.4231     7.1496      1.544    32.7884    24.7919 -9.990e-29
 241.690833      1.539  38.109731    12.4228     7.1497      1.526    32.7883    24.7919 -9.990e-29
 241.690839      1.530  38.108160    12.4227     7.1563      1.517    32.7869    24.7908 -9.990e-29
 241.690845      1.530  38.107257    12.4231     7.1421      1.517    32.7857    24.7898 -9.990e-29
 241.690851      1.535  38.106932    12.4221     7.1283      1.522    32.7862    24.7904 -9.990e-29
 241.690856      1.539  38.105065    12.4187     7.1281      1.526    32.7874    24.7920 -9.990e-29
 241.690862      1.540  38.101959    12.4151     7.1337      1.527    32.7876    24.7928 -9.990e-29
 241.690868      1.541  38.100191    12.4133     7.1515      1.528    32.7874    24.7930 -9.990e-29
 241.690874      1.548  38.099078    12.4124     7.1430      1.535    32.7872    24.7930 -9.990e-29
 241.690880      1.559  38.098250    12.4115     7.1208      1.546    32.7871    24.7931 -9.990e-29
 241.690885      1.577  38.097717    12.4106     7.1348      1.564    32.7874    24.7935 -9.990e-29
 241.690891      1.598  38.096202    12.4086     7.1461      1.585    32.7877    24.7941 -9.990e-29
 241.690897      1.615  38.093921    12.4050     7.1392      1.602    32.7887    24.7956 -9.990e-29
 241.690903      1.624  38.090627    12.4008     7.1257      1.610    32.7892    24.7968 -9.990e-29
 241.690909      1.630  38.085842    12.3963     7.1252      1.616    32.7885    24.7971 -9.990e-29
 241.690914      1.638  38.078221    12.3910     7.1227      1.624    32.7858    24.7960 -9.990e-29
 241.690920      1.645  38.069924    12.3867     7.1267      1.631    32.7816    24.7936 -9.990e-29
 241.690926      1.646  38.067249    12.3841     7.1217      1.632    32.7813    24.7939 -9.990e-29
 241.690932      1.642  38.068304    12.3815     7.1155      1.628    32.7846    24.7969 -9.990e-29
 241.690937      1.636  38.067204    12.3786     7.1203      1.622    32.7861    24.7986 -9.990e-29
 241.690943      1.632  38.064718    12.3763     7.1375      1.618    32.7857    24.7988 -9.990e-29
 241.690949      1.626  38.064248    12.3754     7.1440      1.612    32.7861    24.7992 -9.990e-29
 241.690955      1.614  38.065722    12.3752     7.1242      1.601    32.7877    24.8005 -9.990e-29
 241.690961      1.598  38.066056    12.3752     7.1170      1.585    32.7880    24.8007 -9.990e-29
 241.690966      1.587  38.065128    12.3766     7.1107      1.574    32.7859    24.7988 -9.990e-29
 241.690972      1.584  38.065616    12.3788     7.1342      1.571    32.7844    24.7973 -9.990e-29
 241.690978      1.583  38.067605    12.3798     7.1610      1.570    32.7855    24.7979 -9.990e-29
 241.690984      1.582  38.068698    12.3801     7.1574      1.569    32.7862    24.7984 -9.990e-29
 241.690990      1.585  38.068666    12.3808     7.1388      1.572    32.7856    24.7978 -9.990e-29
 241.690995      1.590  38.069140    12.3821     7.1368      1.577    32.7849    24.7970 -9.990e-29
 241.691001      1.596  38.070189    12.3837     7.1351      1.583    32.7845    24.7964 -9.990e-29
 241.691007      1.601  38.070404    12.3839     7.1483      1.588    32.7846    24.7964 -9.990e-29
 241.691013      1.602  38.068382    12.3819     7.1474      1.589    32.7844    24.7966 -9.990e-29
 241.691019      1.599  38.065904    12.3809     7.1206      1.586    32.7829    24.7957 -9.990e-29
 241.691024      1.600  38.066946    12.3832     7.1070      1.587    32.7818    24.7944 -9.990e-29
 241.691030      1.606  38.071208    12.3861     7.1095      1.593    32.7834    24.7951 -9.990e-29
 241.691036      1.612  38.073722    12.3869     7.1182      1.599    32.7851    24.7963 -9.990e-29
 241.691042      1.623  38.072789    12.3851     7.1359      1.609    32.7858    24.7971 -9.990e-29
 241.691047      1.640  38.071085    12.3826     7.1391      1.626    32.7863    24.7980 -9.990e-29
 241.691053      1.656  38.069692    12.3807     7.1427      1.642    32.7866    24.7986 -9.990e-29
 241.691059      1.666  38.068425    12.3784     7.1557      1.652    32.7874    24.7997 -9.990e-29
 241.691065      1.673  38.066709    12.3747     7.1618      1.659    32.7890    24.8016 -9.990e-29
 241.691071      1.675  38.063931    12.3719     7.1616      1.661    32.7888    24.8020 -9.990e-29
 241.691076      1.678  38.061985    12.3731     7.1366      1.664    32.7859    24.7995 -9.990e-29
 241.691082      1.687  38.063311    12.3773     7.1314      1.673    32.7835    24.7968 -9.990e-29
 241.691088      1.696  38.066870    12.3809     7.1499      1.682    32.7837    24.7964 -9.990e-29
 241.691094      1.704  38.069557    12.3824     7.1389      1.690    32.7850    24.7970 -9.990e-29
 241.691100      1.709  38.070466    12.3825     7.1407      1.695    32.7858    24.7976 -9.990e-29
 241.691105      1.713  38.070803    12.3823     7.1249      1.699    32.7863    24.7981 -9.990e-29
 241.691111      1.715  38.071011    12.3825     7.1245      1.701    32.7863    24.7980 -9.990e-29
 241.691117      1.717  38.071362    12.3834     7.1355      1.703    32.7859    24.7975 -9.990e-29
 241.691123      1.717  38.072316    12.3837     7.1368      1.703    32.7865    24.7980 -9.990e-29
 241.691128      1.717  38.072340    12.3818     7.1377      1.703    32.7882    24.7996 -9.990e-29
