data/oxygen options/OCNMS/OCNMS1/raw_data/2012/CAST_KL027_120920faedb.cnv
* Sea-Bird SBE19 Data File:
* FileName = C:\Documents and Settings\OCNMS\Desktop\2012 mooring data\Hypoxia Sampling\120920\CAST_KL027_120920.hex
* Software Version 1.25
* Temperature SN = 2997
* Conductivity SN = 2997
* System UpLoad Time = Sep 20 2012 15:04:23
** CAST_KL027_120920
* SEACAT PROFILER V3.1c SN 2997   09/20/12  15:02:45.582
# nquan = 9
# nvalues = 27                          
# units = specified
# name 0 = timeJ: Julian Days
# name 1 = prSM: Pressure, Strain Gauge [db]
# name 2 = c0mS/cm: Conductivity [mS/cm]
# name 3 = t090C: Temperature [ITS-90, deg C]
# name 4 = sbeox0ML/L: Oxygen, SBE 43 [ml/l]
# name 5 = depSM: Depth [salt water, m], lat = 47.5
# name 6 = sal00: Salinity, Practical [PSU]
# name 7 = sigma-é00: Density [sigma-theta, kg/m^3]
# name 8 = flag: flag
# span 0 = 264.619188, 264.619548       
# span 1 =      2.000,     28.000       
# span 2 =  34.934789,  38.631805       
# span 3 =     8.1882,    13.6103       
# span 4 =     1.2958,     6.5660       
# span 5 =      1.983,     27.764       
# span 6 =    32.2614,    33.4396       
# span 7 =    24.1510,    26.0202       
# span 8 = 0.0000e+00, 0.0000e+00       
# interval = decibars: 1                
# start_time = Sep 20 2012 14:43:44 [Instrument's time stamp, header]
# bad_flag = -9.990e-29
*END*
 264.619188      2.000  38.631805    13.6103     6.5660      1.983    32.2614    24.1510 0.0000e+00
 264.619221      3.000  38.497473    13.4408     6.4466      2.975    32.2790    24.1986 0.0000e+00
 264.619244      4.000  38.441189    13.3735     6.4034      3.967    32.2830    24.2152 0.0000e+00
 264.619262      5.000  38.421336    13.3549     6.4403      4.958    32.2798    24.2164 0.0000e+00
 264.619279      6.000  38.413943    13.3467     6.4906      5.950    32.2795    24.2179 0.0000e+00
 264.619294      7.000  38.410035    13.3396     5.8923      6.941    32.2814    24.2208 0.0000e+00
 264.619308      8.000  38.399330    13.3124     4.7105      7.933    32.2941    24.2360 0.0000e+00
 264.619320      9.000  38.315358    13.1094     4.0177      8.925    32.3876    24.3485 0.0000e+00
 264.619332     10.000  37.881835    12.3568     3.6670      9.916    32.6240    24.6770 0.0000e+00
 264.619343     11.000  37.110881    11.2826     3.4393     10.908    32.8200    25.0275 0.0000e+00
 264.619353     12.000  36.343059    10.3457     3.2456     11.899    32.8967    25.2523 0.0000e+00
 264.619362     13.000  35.856275     9.7831     2.8460     12.891    32.9150    25.3605 0.0000e+00
 264.619371     14.000  35.615971     9.3875     2.1764     13.883    33.0315    25.5156 0.0000e+00
 264.619381     15.000  35.349924     8.9771     1.5943     14.874    33.1361    25.6626 0.0000e+00
 264.619390     16.000  35.087026     8.6040     1.3362     15.866    33.2098    25.7781 0.0000e+00
 264.619399     17.000  34.948030     8.3500     1.2958     16.857    33.3024    25.8891 0.0000e+00
 264.619408     18.000  34.940968     8.2591     1.3536     17.849    33.3807    25.9641 0.0000e+00
 264.619418     19.000  34.952337     8.2352     1.4099     18.840    33.4150    25.9946 0.0000e+00
 264.619427     20.000  34.956266     8.2226     1.4700     19.832    33.4307    26.0088 0.0000e+00
 264.619438     21.000  34.957876     8.2207     1.5118     20.823    33.4337    26.0115 0.0000e+00
 264.619449     22.000  34.955539     8.2237     1.5134     21.815    33.4279    26.0065 0.0000e+00
 264.619461     23.000  34.952462     8.2237     1.5132     22.806    33.4242    26.0036 0.0000e+00
 264.619474     24.000  34.949482     8.2137     1.5123     23.799    33.4301    26.0097 0.0000e+00
 264.619487     25.000  34.946195     8.2077     1.4931     24.790    33.4318    26.0120 0.0000e+00
 264.619500     26.000  34.940668     8.1975     1.4771     25.781    33.4353    26.0162 0.0000e+00
 264.619515     27.000  34.934789     8.1882     1.4564     26.773    33.4374    26.0193 0.0000e+00
 264.619548     28.000  34.942272     8.1938     1.4319     27.764    33.4396    26.0202 0.0000e+00
