data/oxygen options/OCNMS/OCNMS1/raw_data/2012/CAST_TH015_120525faed.cnv
* Sea-Bird SBE19 Data File:
* FileName = C:\Documents and Settings\OCNMS\Desktop\2012 mooring data\Deployment May\CAST_TH015_120525.hex
* Software Version 1.25
* Temperature SN = 2997
* Conductivity SN = 2997
* System UpLoad Time = May 25 2012 14:44:39
** CAST_TH015_120525
* SEACAT PROFILER V3.1c SN 2997   05/25/12  14:43:18.733
# nquan = 9                                 
# nvalues = 965                         
# units = specified
# name 0 = timeJ: Julian Days
# name 1 = prSM: Pressure, Strain Gauge [db]
# name 2 = c0mS/cm: Conductivity [mS/cm]
# name 3 = t090C: Temperature [ITS-90, deg C]
# name 4 = sbeox0ML/L: Oxygen, SBE 43 [ml/l]
# name 5 = depSM: Depth [salt water, m], lat = 47.5
# name 6 = sal00: Salinity, Practical [PSU]
# name 7 = sigma-é00: Density [sigma-theta, kg/m^3]
# name 8 = flag: flag
# span 0 = 146.421921, 146.427500       
# span 1 =     -5.017,     15.600       
# span 2 =   0.000902, 221.398350       
# span 3 =    10.3898,    40.5534       
# span 4 =   -14.9556,    16.5393       
# span 5 =     -4.975,     15.469       
# span 6 =     0.0073,    37.9603       
# span 7 =    -0.8665,    24.2574       
# span 8 = 0.0000e+00, 0.0000e+00       
# interval = seconds: 0.5
# start_time = May 25 2012 10:07:34 [Instrument's time stamp, header]
# bad_flag = -9.990e-29
*END*
[from data line 161]
 146.422853     -1.796   0.005655    14.4857    -1.7591     -1.781     0.0092    -0.8158 -9.990e-29
 146.422859     -1.789   0.005656    14.4667    -1.7604     -1.774     0.0092    -0.8130 -9.990e-29
 146.422865     -1.784   0.005656    14.4473    -1.7615     -1.769     0.0092    -0.8102 -9.990e-29
 146.422870     -1.779   0.005656    14.4311    -1.7617     -1.764     0.0092    -0.8079 -9.990e-29
 146.422876     -1.776   0.005655    14.4170    -1.7618     -1.761     0.0092    -0.8059 -9.990e-29
 146.422882     -1.773   0.005654    14.4001    -1.7619     -1.758     0.0092    -0.8035 -9.990e-29
 146.422888     -1.770   0.005650    14.3786    -1.7622     -1.755     0.0092    -0.8004 -9.990e-29
 146.422894     -1.767   0.005637    14.3548    -1.7624     -1.752     0.0092    -0.7970 -9.990e-29
 146.422899     -1.763   0.005596    14.3302    -1.7626     -1.748     0.0091    -0.7935 -9.990e-29
 146.422905     -1.760   0.005473    14.3043    -1.7626     -1.745     0.0091    -0.7898 -9.990e-29
 146.422911     -1.756   0.005106    14.2780    -1.7623     -1.741     0.0089    -0.7862 -9.990e-29
 146.422917     -1.751   0.004558    14.2565    -1.7620     -1.736     0.0087    -0.7834 -9.990e-29
 146.422922     -1.745   0.004203    14.2437    -1.7619     -1.730     0.0085    -0.7817 -9.990e-29
 146.422928     -1.738   0.004120    14.2369    -1.7619     -1.724     0.0085    -0.7807 -9.990e-29
 146.422934     -1.729   0.004201    14.2317    -1.7621     -1.715     0.0085    -0.7800 -9.990e-29
 146.422940     -1.717   0.004552    14.2264    -1.7624     -1.703     0.0087    -0.7791 -9.990e-29
 146.422946     -1.701   0.005088    14.2218    -1.7627     -1.687     0.0089    -0.7783 -9.990e-29
 146.422951     -1.682   0.005418    14.2193    -1.7634     -1.668     0.0090    -0.7778 -9.990e-29
 146.422957     -1.656   0.005427    14.2206    -1.7645     -1.642     0.0090    -0.7780 -9.990e-29
 146.422963     -1.628   0.005126    14.2248    -1.7652     -1.614     0.0089    -0.7787 -9.990e-29
 146.422969     -1.604   0.004669    14.2293    -1.7656     -1.591     0.0087    -0.7795 -9.990e-29
 146.422975     -1.586   0.004551    14.2317    -1.7655     -1.573     0.0087    -0.7798 -9.990e-29
 146.422980     -1.574   0.004614    14.2308    -1.7654     -1.561     0.0087    -0.7797 -9.990e-29
 146.422986     -1.567   0.004389    14.2266    -1.7653     -1.554     0.0086    -0.7792 -9.990e-29
 146.422992     -1.559   0.004130    14.2193    -1.7652     -1.546     0.0085    -0.7782 -9.990e-29
 146.422998     -1.547   0.004044    14.2083    -1.7653     -1.534     0.0084    -0.7767 -9.990e-29
 146.423003     -1.533   0.004016    14.1922    -1.7653     -1.520     0.0084    -0.7744 -9.990e-29
 146.423009     -1.522   0.004010    14.1733    -1.7655     -1.509     0.0084    -0.7718 -9.990e-29
 146.423015     -1.512   0.004016    14.1573    -1.7657     -1.499     0.0084    -0.7695 -9.990e-29
 146.423021     -1.503   0.004042    14.1478    -1.7657     -1.490     0.0084    -0.7682 -9.990e-29
 146.423027     -1.493   0.004124    14.1448    -1.7657     -1.481     0.0084    -0.7677 -9.990e-29
 146.423032     -1.484   0.004370    14.1454    -1.7657     -1.472     0.0085    -0.7677 -9.990e-29
 146.423038     -1.478   0.004555    14.1466    -1.7659     -1.466     0.0086    -0.7678 -9.990e-29
 146.423044     -1.478   0.004371    14.1468    -1.7662     -1.466     0.0085    -0.7679 -9.990e-29
 146.423050     -1.482   0.004125    14.1456    -1.7660     -1.470     0.0084    -0.7678 -9.990e-29
 146.423056     -1.485   0.004043    14.1435    -1.7662     -1.473     0.0084    -0.7676 -9.990e-29
 146.423061     -1.482   0.004016    14.1407    -1.7665     -1.470     0.0084    -0.7672 -9.990e-29
 146.423067     -1.470   0.004007    14.1379    -1.7665     -1.458     0.0084    -0.7668 -9.990e-29
 146.423073     -1.452   0.004004    14.1365    -1.7666     -1.440     0.0084    -0.7666 -9.990e-29
 146.423079     -1.430   0.004003    14.1361    -1.7669     -1.418     0.0084    -0.7665 -9.990e-29
 146.423084     -1.405   0.004003    14.1348    -1.7676     -1.393     0.0084    -0.7664 -9.990e-29
 146.423090     -1.377   0.004004    14.1321    -1.7681     -1.366     0.0084    -0.7660 -9.990e-29
 146.423096     -1.354   0.004004    14.1292    -1.7685     -1.343     0.0084    -0.7656 -9.990e-29
 146.423102     -1.340   0.004004    14.1267    -1.7687     -1.329     0.0084    -0.7652 -9.990e-29
 146.423108     -1.332   0.004004    14.1230    -1.7692     -1.321     0.0084    -0.7647 -9.990e-29
 146.423113     -1.326   0.004004    14.1187    -1.7694     -1.315     0.0084    -0.7641 -9.990e-29
 146.423119     -1.318   0.004005    14.1149    -1.7694     -1.307     0.0084    -0.7636 -9.990e-29
 146.423125     -1.307   0.004005    14.1101    -1.7699     -1.296     0.0084    -0.7629 -9.990e-29
 146.423131     -1.292   0.004005    14.1017    -1.7703     -1.281     0.0084    -0.7617 -9.990e-29
 146.423137     -1.277   0.004005    14.0899    -1.7703     -1.266     0.0084    -0.7601 -9.990e-29
 146.423142     -1.265   0.004005    14.0779    -1.7703     -1.254     0.0084    -0.7584 -9.990e-29
 146.423148     -1.255   0.004006    14.0678    -1.7704     -1.245     0.0084    -0.7570 -9.990e-29
 146.423154     -1.247   0.004006    14.0591    -1.7705     -1.237     0.0084    -0.7558 -9.990e-29
 146.423160     -1.240   0.004006    14.0511    -1.7704     -1.230     0.0084    -0.7547 -9.990e-29
 146.423166     -1.233   0.004006    14.0448    -1.7705     -1.223     0.0084    -0.7538 -9.990e-29
 146.423171     -1.227   0.004006    14.0389    -1.7704     -1.217     0.0084    -0.7530 -9.990e-29
 146.423177     -1.220   0.004007    14.0317    -1.7708     -1.210     0.0083    -0.7520 -9.990e-29
 146.423183     -1.213   0.004007    14.0251    -1.7708     -1.203     0.0083    -0.7510 -9.990e-29
 146.423189     -1.209   0.004007    14.0211    -1.7706     -1.199     0.0083    -0.7505 -9.990e-29
 146.423194     -1.213   0.004007    14.0191    -1.7702     -1.203     0.0083    -0.7502 -9.990e-29
 146.423200     -1.219   0.004007    14.0174    -1.7703     -1.209     0.0083    -0.7500 -9.990e-29
 146.423206     -1.220   0.004008    14.0162    -1.7707     -1.210     0.0083    -0.7498 -9.990e-29
 146.423212     -1.213   0.004008    14.0156    -1.7708     -1.203     0.0083    -0.7497 -9.990e-29
 146.423218     -1.200   0.004008    14.0150    -1.7707     -1.190     0.0083    -0.7496 -9.990e-29
 146.423223     -1.185   0.004008    14.0136    -1.7705     -1.175     0.0083    -0.7495 -9.990e-29
 146.423229     -1.167   0.004008    14.0114    -1.7703     -1.157     0.0083    -0.7491 -9.990e-29
 146.423235     -1.149   0.004009    14.0110    -1.7701     -1.139     0.0083    -0.7491 -9.990e-29
 146.423241     -1.135   0.004009    14.0136    -1.7699     -1.126     0.0083    -0.7495 -9.990e-29
 146.423247     -1.123   0.004009    14.0163    -1.7701     -1.114     0.0083    -0.7498 -9.990e-29
 146.423252     -1.113   0.004009    14.0160    -1.7703     -1.104     0.0083    -0.7498 -9.990e-29
 146.423258     -1.100   0.004009    14.0135    -1.7705     -1.091     0.0083    -0.7494 -9.990e-29
 146.423264     -1.083   0.004010    14.0119    -1.7709     -1.074     0.0083    -0.7492 -9.990e-29
 146.423270     -1.069   0.004010    14.0130    -1.7711     -1.060     0.0083    -0.7494 -9.990e-29
 146.423275     -1.058   0.004010    14.0164    -1.7714     -1.049     0.0083    -0.7498 -9.990e-29
 146.423281     -1.045   0.004010    14.0208    -1.7716     -1.036     0.0083    -0.7504 -9.990e-29
 146.423287     -1.033   0.004010    14.0247    -1.7719     -1.024     0.0083    -0.7510 -9.990e-29
 146.423293     -1.025   0.004011    14.0261    -1.7722     -1.016     0.0083    -0.7512 -9.990e-29
 146.423299     -1.021   0.004011    14.0241    -1.7726     -1.012     0.0083    -0.7509 -9.990e-29
 146.423304     -1.017   0.004011    14.0197    -1.7731     -1.009     0.0083    -0.7503 -9.990e-29
 146.423310     -1.008   0.004011    14.0139    -1.7734     -1.000     0.0083    -0.7495 -9.990e-29
 146.423316     -0.998   0.004011    14.0070    -1.7738     -0.990     0.0083    -0.7485 -9.990e-29
 146.423322     -0.989   0.004012    13.9999    -1.7741     -0.981     0.0083    -0.7475 -9.990e-29
 146.423328     -0.983   0.004012    13.9932    -1.7743     -0.975     0.0083    -0.7466 -9.990e-29
 146.423333     -0.978   0.004012    13.9866    -1.7746     -0.970     0.0083    -0.7457 -9.990e-29
 146.423339     -0.975   0.004012    13.9795    -1.7744     -0.967     0.0083    -0.7447 -9.990e-29
 146.423345     -0.972   0.004012    13.9714    -1.7747     -0.964     0.0083    -0.7436 -9.990e-29
 146.423351     -0.969   0.004013    13.9617    -1.7746     -0.961     0.0083    -0.7423 -9.990e-29
 146.423356     -0.968   0.004013    13.9513    -1.7746     -0.960     0.0083    -0.7408 -9.990e-29
 146.423362     -0.966   0.004013    13.9415    -1.7749     -0.958     0.0083    -0.7395 -9.990e-29
 146.423368     -0.965   0.004013    13.9327    -1.7753     -0.957     0.0083    -0.7383 -9.990e-29
 146.423374     -0.964   0.004013    13.9251    -1.7757     -0.956     0.0083    -0.7372 -9.990e-29
 146.423380     -0.964   0.004014    13.9189    -1.7756     -0.956     0.0083    -0.7364 -9.990e-29
 146.423385     -0.963   0.004014    13.9146    -1.7756     -0.955     0.0083    -0.7358 -9.990e-29
 146.423391     -0.963   0.004014    13.9122    -1.7755     -0.955     0.0083    -0.7354 -9.990e-29
 146.423397     -0.963   0.004014    13.9101    -1.7751     -0.955     0.0083    -0.7351 -9.990e-29
 146.423403     -0.963   0.004014    13.9083    -1.7748     -0.955     0.0083    -0.7349 -9.990e-29
 146.423409     -0.963   0.004015    13.9056    -1.7745     -0.955     0.0083    -0.7345 -9.990e-29
 146.423414     -0.963   0.004015    13.9002    -1.7743     -0.955     0.0083    -0.7338 -9.990e-29
 146.423420     -0.964   0.004015    13.8935    -1.7740     -0.956     0.0083    -0.7329 -9.990e-29
 146.423426     -0.960   0.004015    13.8887    -1.7737     -0.952     0.0083    -0.7322 -9.990e-29
 146.423432     -0.948   0.004015    13.8876    -1.7735     -0.940     0.0083    -0.7321 -9.990e-29
 146.423438     -0.930   0.004016    13.8890    -1.7733     -0.922     0.0083    -0.7322 -9.990e-29
 146.423443     -0.915   0.004016    13.8924    -1.7730     -0.907     0.0083    -0.7327 -9.990e-29
 146.423449     -0.905   0.004016    13.8982    -1.7729     -0.897     0.0083    -0.7335 -9.990e-29
 146.423455     -0.897   0.004016    13.9055    -1.7725     -0.890     0.0083    -0.7345 -9.990e-29
 146.423461     -0.888   0.004017    13.9128    -1.7722     -0.881     0.0083    -0.7355 -9.990e-29
 146.423466     -0.884   0.004017    13.9194    -1.7722     -0.877     0.0083    -0.7364 -9.990e-29
 146.423472     -0.878   0.004017    13.9259    -1.7720     -0.871     0.0083    -0.7373 -9.990e-29
 146.423478     -0.868   0.004017    13.9327    -1.7719     -0.861     0.0083    -0.7383 -9.990e-29
 146.423484     -0.851   0.004017    13.9393    -1.7717     -0.844     0.0083    -0.7392 -9.990e-29
 146.423490     -0.832   0.004018    13.9455    -1.7715     -0.825     0.0083    -0.7400 -9.990e-29
 146.423495     -0.818   0.004018    13.9515    -1.7713     -0.811     0.0083    -0.7408 -9.990e-29
 146.423501     -0.807   0.004018    13.9580    -1.7711     -0.800     0.0083    -0.7417 -9.990e-29
 146.423507     -0.795   0.004018    13.9649    -1.7711     -0.788     0.0083    -0.7427 -9.990e-29
 146.423513     -0.785   0.004018    13.9704    -1.7708     -0.778     0.0083    -0.7435 -9.990e-29
 146.423519     -0.782   0.004019    13.9741    -1.7707     -0.775     0.0083    -0.7440 -9.990e-29
 146.423524     -0.783   0.004019    13.9774    -1.7707     -0.776     0.0083    -0.7444 -9.990e-29
 146.423530     -0.787   0.004019    13.9814    -1.7705     -0.780     0.0083    -0.7450 -9.990e-29
 146.423536     -0.783   0.004019    13.9859    -1.7701     -0.776     0.0083    -0.7456 -9.990e-29
 146.423542     -0.773   0.004019    13.9906    -1.7696     -0.767     0.0083    -0.7463 -9.990e-29
 146.423547     -0.763   0.004020    13.9952    -1.7693     -0.757     0.0083    -0.7469 -9.990e-29
 146.423553     -0.758   0.004020    13.9994    -1.7691     -0.752     0.0083    -0.7475 -9.990e-29
 146.423559     -0.753   0.004020    14.0035    -1.7691     -0.747     0.0083    -0.7480 -9.990e-29
 146.423565     -0.744   0.004020    14.0075    -1.7693     -0.738     0.0083    -0.7486 -9.990e-29
 146.423571     -0.733   0.004020    14.0110    -1.7693     -0.727     0.0083    -0.7491 -9.990e-29
 146.423576     -0.725   0.004021    14.0148    -1.7690     -0.719     0.0083    -0.7496 -9.990e-29
 146.423582     -0.719   0.004021    14.0207    -1.7688     -0.713     0.0083    -0.7504 -9.990e-29
 146.423588     -0.715   0.004021    14.0291    -1.7689     -0.709     0.0084    -0.7516 -9.990e-29
 146.423594     -0.712   0.004021    14.0381    -1.7691     -0.706     0.0084    -0.7528 -9.990e-29
 146.423600     -0.711   0.004021    14.0452    -1.7696     -0.705     0.0084    -0.7538 -9.990e-29
 146.423605     -0.710   0.004022    14.0494    -1.7701     -0.704     0.0084    -0.7544 -9.990e-29
 146.423611     -0.711   0.004022    14.0505    -1.7707     -0.705     0.0084    -0.7546 -9.990e-29
 146.423617     -0.714   0.004022    14.0500    -1.7711     -0.708     0.0084    -0.7545 -9.990e-29
 146.423623     -0.717   0.004022    14.0510    -1.7719     -0.711     0.0084    -0.7546 -9.990e-29
 146.423628     -0.722   0.004022    14.0540    -1.7724     -0.716     0.0084    -0.7551 -9.990e-29
 146.423634     -0.725   0.004023    14.0562    -1.7729     -0.719     0.0084    -0.7554 -9.990e-29
 146.423640     -0.721   0.004023    14.0547    -1.7740     -0.715     0.0084    -0.7552 -9.990e-29
 146.423646     -0.711   0.004023    14.0488    -1.7753     -0.705     0.0084    -0.7543 -9.990e-29
 146.423652     -0.693   0.004023    14.0388    -1.7767     -0.687     0.0084    -0.7529 -9.990e-29
 146.423657     -0.676   0.004023    14.0262    -1.7776     -0.670     0.0084    -0.7512 -9.990e-29
 146.423663     -0.666   0.004024    14.0130    -1.7785     -0.660     0.0083    -0.7494 -9.990e-29
 146.423669     -0.658   0.004024    13.9988    -1.7788     -0.653     0.0083    -0.7474 -9.990e-29
 146.423675     -0.653   0.004024    13.9832    -1.7792     -0.648     0.0083    -0.7452 -9.990e-29
 146.423681     -0.654   0.004024    13.9668    -1.7800     -0.649     0.0083    -0.7430 -9.990e-29
 146.423686     -0.656   0.004024    13.9478    -1.7804     -0.651     0.0083    -0.7403 -9.990e-29
 146.423692     -0.657   0.004025    13.9232    -1.7807     -0.652     0.0083    -0.7369 -9.990e-29
 146.423698     -0.655   0.004025    13.8940    -1.7814     -0.650     0.0083    -0.7329 -9.990e-29
 146.423704     -0.651   0.004025    13.8649    -1.7824     -0.646     0.0083    -0.7289 -9.990e-29
 146.423709     -0.644   0.004025    13.8400    -1.7833     -0.639     0.0083    -0.7255 -9.990e-29
 146.423715     -0.634   0.004025    13.8204    -1.7841     -0.629     0.0083    -0.7228 -9.990e-29
 146.423721     -0.625   0.004026    13.8058    -1.7848     -0.620     0.0083    -0.7209 -9.990e-29
 146.423727     -0.620   0.004026    13.7927    -1.7853     -0.615     0.0083    -0.7191 -9.990e-29
 146.423733     -0.615   0.004026    13.7791    -1.7853     -0.610     0.0082    -0.7172 -9.990e-29
 146.423738     -0.609   0.004026    13.7660    -1.7854     -0.604     0.0082    -0.7154 -9.990e-29
 146.423744     -0.611   0.004026    13.7522    -1.7859     -0.606     0.0082    -0.7136 -9.990e-29
 146.423750     -0.621   0.004027    13.7350    -1.7865     -0.616     0.0082    -0.7112 -9.990e-29
 146.423756     -0.630   0.004027    13.7144    -1.7867     -0.625     0.0082    -0.7085 -9.990e-29
 146.423762     -0.636   0.004027    13.6930    -1.7870     -0.631     0.0082    -0.7056 -9.990e-29
 146.423767     -0.638   0.004027    13.6735    -1.7872     -0.633     0.0082    -0.7029 -9.990e-29
