data/oxygen options/OCNMS/OCNMS1/raw_data/2012/CAST_CE042_120524faed.cnv
* Sea-Bird SBE19 Data File:
* FileName = C:\Documents and Settings\OCNMS\Desktop\2012 mooring data\Deployment May\CAST_CE042_120524.hex
* Software Version 1.25
* Temperature SN = 2997
* Conductivity SN = 2997
* System UpLoad Time = May 24 2012 19:33:49
** CAST_CE042_120524
* SEACAT PROFILER V3.1c SN 2997   05/24/12  19:31:41.483
# nquan = 9                                 
# nvalues = 1514                        
# units = specified
# name 0 = timeJ: Julian Days
# name 1 = prSM: Pressure, Strain Gauge [db]
# name 2 = c0mS/cm: Conductivity [mS/cm]
# name 3 = t090C: Temperature [ITS-90, deg C]
# name 4 = sbeox0ML/L: Oxygen, SBE 43 [ml/l]
# name 5 = depSM: Depth [salt water, m], lat = 47.5
# name 6 = sal00: Salinity, Practical [PSU]
# name 7 = sigma-é00: Density [sigma-theta, kg/m^3]
# name 8 = flag: flag
# span 0 = 145.497407, 145.506163       
# span 1 =     -5.243,     43.973       
# span 2 =   0.008513,  35.385826       
# span 3 =     8.0518,    13.5387       
# span 4 =   -13.9465,    19.9417       
# span 5 =     -5.199,     43.601       
# span 6 =     0.0100,    33.2302       
# span 7 =    -0.6366,    25.8771       
# span 8 = 0.0000e+00, 0.0000e+00       
# interval = seconds: 0.5
# start_time = May 24 2012 11:56:16 [Instrument's time stamp, header]
# bad_flag = -9.990e-29
*END*
[from data line 1121]
 145.503895     31.441  34.333095     8.2398     3.9388     31.176    32.7481    25.4710 0.0000e+00
 145.503900     31.625  34.336825     8.2449     3.9516     31.359    32.7472    25.4695 0.0000e+00
 145.503906     31.796  34.345847     8.2601     3.9258     31.528    32.7425    25.4636 0.0000e+00
 145.503912     31.969  34.358114     8.2824     3.8765     31.700    32.7346    25.4541 0.0000e+00
 145.503918     32.150  34.365266     8.2951     3.8301     31.879    32.7303    25.4489 0.0000e+00
 145.503924     32.343  34.361644     8.2856     3.7904     32.071    32.7352    25.4541 0.0000e+00
 145.503929     32.547  34.349624     8.2618     3.7466     32.273    32.7446    25.4650 0.0000e+00
 145.503935     32.757  34.338298     8.2413     3.7060     32.481    32.7516    25.4735 0.0000e+00
 145.503941     32.971  34.334320     8.2272     3.6552     32.693    32.7605    25.4826 0.0000e+00
 145.503947     33.188  34.337898     8.2097     3.6482     32.908    32.7805    25.5008 0.0000e+00
 145.503953     33.414  34.349240     8.1837     3.6546     33.132    32.8167    25.5331 0.0000e+00
 145.503958     33.651  34.369950     8.1571     3.6331     33.367    32.8635    25.5737 0.0000e+00
 145.503964     33.892  34.394525     8.1419     3.6071     33.606    32.9037    25.6075 0.0000e+00
 145.503970     34.127  34.413654     8.1376     3.5882     33.839    32.9279    25.6272 0.0000e+00
 145.503976     34.354  34.424758     8.1349     3.5862     34.064    32.9422    25.6387 0.0000e+00
 145.503981     34.582  34.430243     8.1298     3.5944     34.291    32.9527    25.6477 0.0000e+00
 145.503987     34.818  34.435664     8.1258     3.5840     34.524    32.9621    25.6557 0.0000e+00
 145.503993     35.055  34.444808     8.1257     3.5673     34.759    32.9718    25.6633 0.0000e+00
 145.503999     35.283  34.454110     8.1283     3.5447     34.986    32.9791    25.6687 0.0000e+00
 145.504005     35.495  34.460211     8.1309     3.5299     35.196    32.9831    25.6714 0.0000e+00
 145.504010     35.700  34.463887     8.1309     3.5107     35.399    32.9869    25.6744 0.0000e+00
 145.504016     35.915  34.466039     8.1276     3.5039     35.612    32.9922    25.6791 0.0000e+00
 145.504022     36.146  34.468899     8.1232     3.5034     35.841    32.9993    25.6853 0.0000e+00
 145.504028     36.385  34.474519     8.1207     3.4929     36.078    33.0075    25.6921 0.0000e+00
 145.504034     36.622  34.480795     8.1209     3.4798     36.313    33.0139    25.6971 0.0000e+00
 145.504039     36.851  34.485373     8.1205     3.4662     36.540    33.0190    25.7012 0.0000e+00
 145.504045     37.074  34.487555     8.1170     3.4728     36.761    33.0245    25.7060 0.0000e+00
 145.504051     37.296  34.488490     8.1126     3.4720     36.981    33.0295    25.7106 0.0000e+00
 145.504057     37.514  34.491587     8.1106     3.4737     37.198    33.0346    25.7149 0.0000e+00
 145.504063     37.716  34.496414     8.1111     3.4687     37.398    33.0392    25.7184 0.0000e+00
 145.504068     37.899  34.499805     8.1113     3.4753     37.579    33.0425    25.7210 0.0000e+00
 145.504074     38.065  34.501161     8.1098     3.4846     37.744    33.0453    25.7234 0.0000e+00
 145.504080     38.216  34.501090     8.1081     3.4713     37.894    33.0468    25.7248 0.0000e+00
 145.504086     38.357  34.501099     8.1081     3.4493     38.033    33.0467    25.7247 0.0000e+00
 145.504091     38.498  34.502798     8.1105     3.4044     38.173    33.0462    25.7240 0.0000e+00
 145.504097     38.647  34.505575     8.1139     3.3565     38.321    33.0459    25.7232 0.0000e+00
 145.504103     38.814  34.506893     8.1143     3.3065     38.486    33.0468    25.7239 0.0000e+00
 145.504109     39.005  34.506189     8.1092     3.2909     38.676    33.0508    25.7278 0.0000e+00
 145.504115     39.219  34.507486     8.1016     3.2947     38.888    33.0592    25.7355 0.0000e+00
 145.504120     39.445  34.515793     8.0954     3.3207     39.112    33.0738    25.7479 0.0000e+00
 145.504126     39.658  34.530344     8.0921     3.3549     39.323    33.0923    25.7629 0.0000e+00
 145.504132     39.837  34.543579     8.0919     3.3659     39.501    33.1065    25.7741 0.0000e+00
 145.504138     39.978  34.549542     8.0942     3.3950     39.641    33.1106    25.7770 -9.990e-29
 145.504144     40.084  34.548823     8.0973     3.4117     39.746    33.1069    25.7736 -9.990e-29
 145.504149     40.162  34.545425     8.0995     3.4162     39.823    33.1011    25.7687 -9.990e-29
 145.504155     40.222  34.540897     8.1009     3.3925     39.882    33.0950    25.7637 -9.990e-29
 145.504161     40.275  34.535281     8.1022     3.3517     39.935    33.0877    25.7578 -9.990e-29
 145.504167     40.335  34.530531     8.1032     3.3009     39.994    33.0817    25.7530 -9.990e-29
 145.504172     40.416  34.525834     8.1032     3.2482     40.075    33.0767    25.7490 -9.990e-29
 145.504178     40.534  34.522130     8.1015     3.1743     40.192    33.0743    25.7474 -9.990e-29
 145.504184     40.686  34.524479     8.0980     3.0964     40.342    33.0800    25.7524 0.0000e+00
 145.504190     40.871  34.533133     8.0931     3.0532     40.526    33.0938    25.7639 0.0000e+00
 145.504196     41.090  34.544992     8.0873     3.0452     40.743    33.1118    25.7789 0.0000e+00
 145.504201     41.342  34.558987     8.0810     3.0263     40.993    33.1325    25.7961 0.0000e+00
 145.504207     41.607  34.574658     8.0748     3.0086     41.256    33.1549    25.8146 0.0000e+00
 145.504213     41.864  34.589301     8.0706     2.9941     41.510    33.1744    25.8305 0.0000e+00
 145.504219     42.104  34.599396     8.0688     2.9759     41.748    33.1867    25.8405 0.0000e+00
 145.504225     42.324  34.603762     8.0672     2.9521     41.966    33.1928    25.8455 0.0000e+00
 145.504230     42.531  34.605336     8.0639     2.9274     42.172    33.1975    25.8496 0.0000e+00
 145.504236     42.737  34.608379     8.0594     2.9248     42.376    33.2049    25.8561 0.0000e+00
 145.504242     42.943  34.613508     8.0556     2.9209     42.580    33.2139    25.8637 0.0000e+00
 145.504248     43.135  34.618519     8.0538     2.9251     42.771    33.2209    25.8695 0.0000e+00
 145.504253     43.305  34.621612     8.0531     2.9164     42.939    33.2247    25.8726 0.0000e+00
 145.504259     43.452  34.622910     8.0524     2.9234     43.085    33.2267    25.8743 0.0000e+00
 145.504265     43.579  34.623502     8.0520     2.9514     43.211    33.2277    25.8751 -9.990e-29
 145.504271     43.690  34.624098     8.0518     2.9609     43.321    33.2284    25.8757 -9.990e-29
 145.504277     43.780  34.624852     8.0518     2.9596     43.410    33.2292    25.8763 -9.990e-29
 145.504282     43.847  34.625568     8.0519     2.9598     43.476    33.2298    25.8768 -9.990e-29
 145.504288     43.897  34.626003     8.0520     2.9635     43.526    33.2302    25.8771 -9.990e-29
 145.504294     43.936  34.626095     8.0524     2.9763     43.565    33.2299    25.8768 -9.990e-29
 145.504300     43.961  34.625887     8.0533     2.9928     43.589    33.2288    25.8758 -9.990e-29
 145.504306     43.973  34.625584     8.0542     3.0111     43.601    33.2276    25.8747 -9.990e-29
 145.504311     43.969  34.625260     8.0545     3.0316     43.597    33.2270    25.8742 -9.990e-29
 145.504317     43.949  34.624404     8.0551     3.0499     43.578    33.2255    25.8729 -9.990e-29
 145.504323     43.915  34.622915     8.0569     3.0536     43.544    33.2222    25.8701 -9.990e-29
 145.504329     43.867  34.620969     8.0596     3.0590     43.496    33.2176    25.8661 -9.990e-29
 145.504334     43.799  34.618691     8.0628     3.0668     43.429    33.2122    25.8614 -9.990e-29
 145.504340     43.709  34.614645     8.0655     3.0522     43.340    33.2054    25.8556 -9.990e-29
 145.504346     43.600  34.609515     8.0661     3.0172     43.232    33.1994    25.8508 -9.990e-29
 145.504352     43.480  34.607582     8.0651     2.9816     43.113    33.1983    25.8501 -9.990e-29
 145.504358     43.364  34.608432     8.0636     2.9709     42.998    33.2007    25.8522 -9.990e-29
 145.504363     43.267  34.609198     8.0619     2.9896     42.901    33.2032    25.8544 -9.990e-29
 145.504369     43.190  34.610264     8.0606     2.9929     42.825    33.2056    25.8565 -9.990e-29
 145.504375     43.124  34.612413     8.0596     2.9973     42.760    33.2089    25.8592 -9.990e-29
 145.504381     43.056  34.614896     8.0579     3.0033     42.692    33.2131    25.8628 -9.990e-29
 145.504387     42.978  34.617062     8.0558     3.0214     42.615    33.2175    25.8665 -9.990e-29
 145.504392     42.886  34.618785     8.0553     3.0342     42.524    33.2198    25.8684 -9.990e-29
 145.504398     42.781  34.619536     8.0565     3.0401     42.420    33.2196    25.8680 -9.990e-29
 145.504404     42.674  34.619002     8.0580     3.0416     42.313    33.2176    25.8663 -9.990e-29
 145.504410     42.571  34.617589     8.0590     3.0434     42.211    33.2152    25.8642 -9.990e-29
 145.504416     42.478  34.615649     8.0595     3.0435     42.119    33.2127    25.8622 -9.990e-29
 145.504421     42.408  34.612834     8.0592     3.0370     42.050    33.2100    25.8602 -9.990e-29
 145.504427     42.362  34.609869     8.0583     3.0468     42.004    33.2077    25.8585 -9.990e-29
 145.504433     42.336  34.608400     8.0577     3.0628     41.978    33.2068    25.8578 -9.990e-29
 145.504439     42.318  34.608145     8.0578     3.0594     41.961    33.2064    25.8575 -9.990e-29
 145.504444     42.302  34.608198     8.0585     3.0449     41.945    33.2058    25.8569 -9.990e-29
 145.504450     42.293  34.608067     8.0592     3.0294     41.936    33.2050    25.8562 -9.990e-29
 145.504456     42.298  34.607015     8.0597     3.0309     41.941    33.2034    25.8549 -9.990e-29
 145.504462     42.321  34.605876     8.0595     3.0314     41.963    33.2024    25.8541 -9.990e-29
 145.504468     42.357  34.605928     8.0591     3.0017     41.999    33.2028    25.8545 -9.990e-29
 145.504473     42.393  34.606676     8.0589     2.9989     42.035    33.2038    25.8553 -9.990e-29
 145.504479     42.428  34.607436     8.0583     2.9991     42.070    33.2051    25.8564 -9.990e-29
 145.504485     42.461  34.608095     8.0572     3.0199     42.102    33.2068    25.8580 -9.990e-29
 145.504491     42.484  34.609531     8.0564     3.0371     42.125    33.2091    25.8599 -9.990e-29
 145.504497     42.490  34.611415     8.0571     3.0330     42.131    33.2105    25.8608 -9.990e-29
 145.504502     42.476  34.611773     8.0592     3.0468     42.117    33.2089    25.8592 -9.990e-29
 145.504508     42.450  34.611079     8.0608     3.0466     42.091    33.2066    25.8572 -9.990e-29
 145.504514     42.426  34.610087     8.0608     3.0382     42.068    33.2056    25.8564 -9.990e-29
 145.504520     42.420  34.608592     8.0605     3.0239     42.062    33.2043    25.8554 -9.990e-29
 145.504525     42.437  34.607399     8.0604     3.0131     42.078    33.2031    25.8545 -9.990e-29
 145.504531     42.464  34.607156     8.0602     3.0075     42.105    33.2030    25.8545 -9.990e-29
 145.504537     42.491  34.607534     8.0598     3.0118     42.132    33.2038    25.8552 -9.990e-29
 145.504543     42.510  34.607913     8.0588     3.0241     42.151    33.2051    25.8564 -9.990e-29
 145.504549     42.514  34.608794     8.0580     3.0284     42.155    33.2068    25.8578 -9.990e-29
 145.504554     42.495  34.610227     8.0586     3.0407     42.136    33.2078    25.8585 -9.990e-29
 145.504560     42.452  34.610759     8.0603     3.0328     42.093    33.2067    25.8574 -9.990e-29
 145.504566     42.394  34.609976     8.0615     3.0185     42.036    33.2048    25.8557 -9.990e-29
 145.504572     42.340  34.608513     8.0616     3.0222     41.982    33.2032    25.8544 -9.990e-29
 145.504578     42.307  34.607218     8.0612     3.0222     41.950    33.2022    25.8537 -9.990e-29
 145.504583     42.303  34.606604     8.0607     3.0285     41.946    33.2020    25.8536 -9.990e-29
 145.504589     42.321  34.606410     8.0605     3.0226     41.963    33.2020    25.8536 -9.990e-29
 145.504595     42.352  34.606372     8.0607     3.0160     41.994    33.2017    25.8534 -9.990e-29
 145.504601     42.383  34.606437     8.0607     3.0240     42.025    33.2018    25.8535 -9.990e-29
 145.504606     42.412  34.606685     8.0604     3.0201     42.054    33.2023    25.8539 -9.990e-29
 145.504612     42.442  34.606886     8.0597     3.0221     42.083    33.2032    25.8547 -9.990e-29
 145.504618     42.470  34.606742     8.0589     3.0121     42.111    33.2038    25.8553 -9.990e-29
 145.504624     42.489  34.606619     8.0586     3.0240     42.130    33.2039    25.8555 -9.990e-29
 145.504630     42.496  34.606911     8.0591     3.0406     42.137    33.2038    25.8553 -9.990e-29
 145.504635     42.491  34.607441     8.0601     3.0369     42.132    33.2034    25.8548 -9.990e-29
 145.504641     42.475  34.607795     8.0609     3.0349     42.116    33.2030    25.8544 -9.990e-29
 145.504647     42.446  34.607880     8.0615     3.0324     42.087    33.2025    25.8539 -9.990e-29
 145.504653     42.406  34.607806     8.0624     3.0325     42.048    33.2016    25.8531 -9.990e-29
 145.504659     42.367  34.607474     8.0634     3.0366     42.009    33.2003    25.8519 -9.990e-29
 145.504664     42.338  34.606997     8.0641     3.0264     41.980    33.1992    25.8509 -9.990e-29
 145.504670     42.326  34.606297     8.0642     3.0199     41.968    33.1984    25.8503 -9.990e-29
 145.504676     42.334  34.605000     8.0641     3.0198     41.976    33.1971    25.8493 -9.990e-29
 145.504682     42.359  34.603613     8.0638     3.0057     42.001    33.1959    25.8484 -9.990e-29
 145.504687     42.394  34.603084     8.0628     3.0057     42.036    33.1962    25.8488 -9.990e-29
 145.504693     42.433  34.603822     8.0613     3.0137     42.075    33.1984    25.8507 -9.990e-29
 145.504699     42.468  34.605127     8.0600     3.0281     42.109    33.2010    25.8530 -9.990e-29
 145.504705     42.495  34.605937     8.0597     3.0308     42.136    33.2022    25.8539 -9.990e-29
 145.504711     42.506  34.606209     8.0603     3.0265     42.147    33.2019    25.8536 -9.990e-29
 145.504716     42.498  34.606302     8.0611     3.0203     42.139    33.2012    25.8530 -9.990e-29
 145.504722     42.474  34.606335     8.0619     3.0342     42.115    33.2005    25.8523 -9.990e-29
 145.504728     42.437  34.606348     8.0628     3.0349     42.078    33.1997    25.8515 -9.990e-29
 145.504734     42.389  34.606356     8.0637     3.0250     42.031    33.1989    25.8507 -9.990e-29
 145.504740     42.341  34.605809     8.0642     3.0265     41.983    33.1978    25.8498 -9.990e-29
 145.504745     42.300  34.604534     8.0643     3.0224     41.943    33.1964    25.8487 -9.990e-29
 145.504751     42.271  34.603629     8.0640     3.0207     41.914    33.1957    25.8482 -9.990e-29
 145.504757     42.253  34.603564     8.0636     3.0125     41.896    33.1960    25.8485 -9.990e-29
 145.504763     42.256  34.603690     8.0631     2.9897     41.899    33.1967    25.8491 -9.990e-29
 145.504769     42.284  34.603612     8.0624     2.9955     41.927    33.1972    25.8496 -9.990e-29
 145.504774     42.334  34.603784     8.0615     2.9960     41.976    33.1982    25.8506 -9.990e-29
 145.504780     42.396  34.604993     8.0603     3.0022     42.038    33.2006    25.8526 -9.990e-29
 145.504786     42.457  34.607166     8.0593     3.0088     42.098    33.2039    25.8553 -9.990e-29
 145.504792     42.505  34.608715     8.0589     3.0148     42.146    33.2059    25.8569 -9.990e-29
 145.504797     42.528  34.608903     8.0589     3.0289     42.169    33.2061    25.8571 -9.990e-29
 145.504803     42.521  34.608535     8.0596     3.0314     42.162    33.2050    25.8562 -9.990e-29
 145.504809     42.479  34.607677     8.0612     3.0375     42.120    33.2026    25.8540 -9.990e-29
