data/oxygen options/OCNMS/OCNMS1/raw_data/2012/CAST_KL050_120906faed.cnv
* Sea-Bird SBE19 Data File:
* FileName = C:\Documents and Settings\OCNMS\Desktop\2012 mooring data\Hypoxia Sampling\CAST_KL050_120906.hex
* Software Version 1.25
* Temperature SN = 2997
* Conductivity SN = 2997
* System UpLoad Time = Sep 06 2012 11:39:53
** CAST_KL050_120906
* SEACAT PROFILER V3.1c SN 2997   09/06/12  11:38:40.011
# nquan = 9                                 
# nvalues = 1234                        
# units = specified
# name 0 = timeJ: Julian Days
# name 1 = prSM: Pressure, Strain Gauge [db]
# name 2 = c0mS/cm: Conductivity [mS/cm]
# name 3 = t090C: Temperature [ITS-90, deg C]
# name 4 = sbeox0ML/L: Oxygen, SBE 43 [ml/l]
# name 5 = depSM: Depth [salt water, m], lat = 47.5
# name 6 = sal00: Salinity, Practical [PSU]
# name 7 = sigma-é00: Density [sigma-theta, kg/m^3]
# name 8 = flag: flag
# span 0 = 250.416192, 250.423328       
# span 1 =     -5.234,     50.541       
# span 2 =   0.123948,  37.396735       
# span 3 =     7.3150,    12.1005       
# span 4 =   -14.2996,    15.7822       
# span 5 =     -5.190,     50.113       
# span 6 =     0.0795,    33.7111       
# span 7 =    -0.4132,    26.3605       
# span 8 = 0.0000e+00, 0.0000e+00       
# interval = seconds: 0.5
# start_time = Sep 06 2012 09:59:19 [Instrument's time stamp, header]
# bad_flag = -9.990e-29
*END*
 250.416192     -5.234 -9.990e-29    11.1436    -1.8887     -5.190 -9.990e-29 -9.990e-29 -9.990e-29
 250.416198     -5.223   0.308973    11.1385    -1.8888     -5.179     0.2030    -0.2477 -9.990e-29
 250.416204     -5.210   0.307186    11.1339    -1.8890     -5.167     0.2018    -0.2482 -9.990e-29
 250.416209     -5.192   0.304225    11.1304    -1.8888     -5.149     0.1998    -0.2493 -9.990e-29
 250.416215     -5.169   0.301125    11.1275    -1.8890     -5.126     0.1977    -0.2507 -9.990e-29
 250.416221     -5.140   0.299288    11.1242    -1.8893     -5.097     0.1965    -0.2513 -9.990e-29
 250.416227     -5.107   0.298480    11.1205    -1.8894     -5.064     0.1960    -0.2513 -9.990e-29
 250.416233     -5.077   0.297623    11.1164    -1.8896     -5.035     0.1954    -0.2513 -9.990e-29
 250.416238     -5.051   0.297233    11.1111    -1.8896     -5.009     0.1952    -0.2510 -9.990e-29
 250.416244     -5.028   0.297898    11.1056    -1.8896     -4.986     0.1957    -0.2500 -9.990e-29
 250.416250     -5.007   0.298291    11.1015    -1.8897     -4.965     0.1960    -0.2494 -9.990e-29
 250.416256     -4.987   0.298381    11.0991    -1.8896     -4.945     0.1960    -0.2491 -9.990e-29
 250.416262     -4.965   0.298843    11.0978    -1.8895     -4.924     0.1963    -0.2487 -9.990e-29
 250.416267     -4.942   0.299184    11.0958    -1.8894     -4.901     0.1966    -0.2483 -9.990e-29
 250.416273     -4.914   0.299305    11.0929    -1.8894     -4.873     0.1967    -0.2479 -9.990e-29
 250.416279     -4.886   0.298814    11.0901    -1.8892     -4.845     0.1964    -0.2479 -9.990e-29
 250.416285     -4.858   0.297609    11.0878    -1.8893     -4.818     0.1956    -0.2483 -9.990e-29
 250.416291     -4.830   0.296853    11.0866    -1.8895     -4.790     0.1951    -0.2485 -9.990e-29
 250.416296     -4.804   0.296646    11.0860    -1.8894     -4.764     0.1949    -0.2486 -9.990e-29
 250.416302     -4.783   0.295605    11.0860    -1.8894     -4.743     0.1942    -0.2491 -9.990e-29
 250.416308     -4.764   0.293447    11.0872    -1.8893     -4.724     0.1928    -0.2504 -9.990e-29
 250.416314     -4.744   0.291171    11.0894    -1.8893     -4.704     0.1912    -0.2518 -9.990e-29
 250.416319     -4.716   0.289064    11.0918    -1.8893     -4.677     0.1898    -0.2532 -9.990e-29
 250.416325     -4.682   0.286532    11.0938    -1.8894     -4.643     0.1881    -0.2548 -9.990e-29
 250.416331     -4.650   0.284073    11.0948    -1.8893     -4.611     0.1864    -0.2562 -9.990e-29
 250.416337     -4.621   0.282837    11.0947    -1.8895     -4.582     0.1856    -0.2568 -9.990e-29
 250.416343     -4.589   0.282284    11.0943    -1.8895     -4.551     0.1852    -0.2570 -9.990e-29
 250.416348     -4.552   0.280568    11.0944    -1.8895     -4.514     0.1841    -0.2580 -9.990e-29
 250.416354     -4.517   0.278170    11.0951    -1.8895     -4.479     0.1825    -0.2593 -9.990e-29
 250.416360     -4.485   0.277429    11.0959    -1.8895     -4.448     0.1820    -0.2598 -9.990e-29
 250.416366     -4.454   0.277356    11.0965    -1.8893     -4.417     0.1819    -0.2599 -9.990e-29
 250.416372     -4.423   0.276192    11.0969    -1.8892     -4.386     0.1811    -0.2605 -9.990e-29
 250.416377     -4.389   0.274600    11.0972    -1.8892     -4.352     0.1801    -0.2614 -9.990e-29
 250.416383     -4.355   0.273226    11.0974    -1.8893     -4.319     0.1791    -0.2621 -9.990e-29
 250.416389     -4.323   0.271899    11.0970    -1.8892     -4.287     0.1782    -0.2628 -9.990e-29
 250.416395     -4.290   0.269955    11.0965    -1.8891     -4.254     0.1769    -0.2638 -9.990e-29
 250.416400     -4.260   0.267570    11.0966    -1.8890     -4.224     0.1754    -0.2650 -9.990e-29
 250.416406     -4.233   0.266547    11.0974    -1.8889     -4.198     0.1747    -0.2656 -9.990e-29
 250.416412     -4.209   0.266628    11.0986    -1.8887     -4.174     0.1747    -0.2657 -9.990e-29
 250.416418     -4.187   0.265153    11.1000    -1.8885     -4.152     0.1737    -0.2667 -9.990e-29
 250.416424     -4.163   0.263476    11.1014    -1.8884     -4.128     0.1726    -0.2677 -9.990e-29
 250.416429     -4.138   0.264344    11.1027    -1.8885     -4.104     0.1732    -0.2674 -9.990e-29
 250.416435     -4.110   0.265592    11.1038    -1.8886     -4.076     0.1740    -0.2668 -9.990e-29
 250.416441     -4.080   0.264457    11.1053    -1.8887     -4.046     0.1732    -0.2676 -9.990e-29
 250.416447     -4.051   0.261639    11.1077    -1.8886     -4.017     0.1713    -0.2693 -9.990e-29
 250.416453     -4.023   0.258363    11.1107    -1.8886     -3.989     0.1691    -0.2714 -9.990e-29
 250.416458     -3.996   0.255243    11.1141    -1.8884     -3.963     0.1670    -0.2734 -9.990e-29
 250.416464     -3.974   0.253101    11.1180    -1.8884     -3.941     0.1656    -0.2749 -9.990e-29
 250.416470     -3.955   0.251296    11.1216    -1.8882     -3.922     0.1644    -0.2762 -9.990e-29
 250.416476     -3.938   0.248528    11.1236    -1.8882     -3.905     0.1625    -0.2779 -9.990e-29
 250.416481     -3.922   0.245534    11.1237    -1.8881     -3.889     0.1605    -0.2795 -9.990e-29
 250.416487     -3.905   0.243305    11.1233    -1.8880     -3.872     0.1590    -0.2806 -9.990e-29
 250.416493     -3.888   0.241082    11.1234    -1.8881     -3.856     0.1576    -0.2818 -9.990e-29
 250.416499     -3.868   0.238115    11.1243    -1.8880     -3.836     0.1556    -0.2834 -9.990e-29
 250.416505     -3.845   0.235431    11.1259    -1.8880     -3.813     0.1538    -0.2850 -9.990e-29
 250.416510     -3.820   0.234431    11.1279    -1.8880     -3.788     0.1531    -0.2857 -9.990e-29
 250.416516     -3.798   0.234337    11.1300    -1.8879     -3.766     0.1530    -0.2860 -9.990e-29
 250.416522     -3.777   0.233916    11.1322    -1.8879     -3.746     0.1527    -0.2864 -9.990e-29
 250.416528     -3.754   0.233159    11.1344    -1.8879     -3.723     0.1522    -0.2871 -9.990e-29
 250.416534     -3.729   0.232165    11.1363    -1.8879     -3.698     0.1516    -0.2878 -9.990e-29
 250.416539     -3.705   0.231268    11.1373    -1.8880     -3.674     0.1510    -0.2884 -9.990e-29
 250.416545     -3.684   0.230933    11.1375    -1.8880     -3.653     0.1507    -0.2886 -9.990e-29
 250.416551     -3.665   0.230715    11.1379    -1.8881     -3.634     0.1506    -0.2887 -9.990e-29
 250.416557     -3.647   0.230323    11.1388    -1.8880     -3.617     0.1503    -0.2890 -9.990e-29
 250.416563     -3.628   0.229786    11.1399    -1.8881     -3.598     0.1500    -0.2894 -9.990e-29
 250.416568     -3.607   0.228388    11.1411    -1.8880     -3.577     0.1490    -0.2903 -9.990e-29
 250.416574     -3.583   0.227034    11.1419    -1.8879     -3.553     0.1481    -0.2911 -9.990e-29
 250.416580     -3.555   0.227241    11.1425    -1.8878     -3.525     0.1483    -0.2910 -9.990e-29
 250.416586     -3.524   0.227623    11.1424    -1.8877     -3.495     0.1485    -0.2908 -9.990e-29
 250.416591     -3.498   0.227029    11.1414    -1.8878     -3.469     0.1481    -0.2910 -9.990e-29
 250.416597     -3.476   0.226880    11.1404    -1.8877     -3.447     0.1480    -0.2910 -9.990e-29
 250.416603     -3.450   0.228083    11.1402    -1.8877     -3.421     0.1488    -0.2903 -9.990e-29
 250.416609     -3.424   0.229476    11.1405    -1.8875     -3.395     0.1498    -0.2896 -9.990e-29
 250.416615     -3.400   0.229594    11.1411    -1.8878     -3.372     0.1498    -0.2896 -9.990e-29
 250.416620     -3.378   0.228595    11.1423    -1.8876     -3.350     0.1492    -0.2903 -9.990e-29
 250.416626     -3.360   0.227360    11.1439    -1.8876     -3.332     0.1484    -0.2911 -9.990e-29
 250.416632     -3.348   0.226457    11.1455    -1.8877     -3.320     0.1477    -0.2917 -9.990e-29
 250.416638     -3.338   0.225790    11.1469    -1.8879     -3.310     0.1473    -0.2922 -9.990e-29
 250.416644     -3.325   0.224467    11.1482    -1.8881     -3.297     0.1464    -0.2931 -9.990e-29
 250.416649     -3.309   0.222387    11.1495    -1.8884     -3.281     0.1450    -0.2943 -9.990e-29
 250.416655     -3.292   0.220097    11.1507    -1.8887     -3.265     0.1435    -0.2956 -9.990e-29
 250.416661     -3.277   0.217864    11.1514    -1.8891     -3.250     0.1420    -0.2968 -9.990e-29
 250.416667     -3.260   0.216031    11.1518    -1.8893     -3.233     0.1408    -0.2978 -9.990e-29
 250.416672     -3.240   0.214370    11.1523    -1.8897     -3.213     0.1397    -0.2987 -9.990e-29
 250.416678     -3.218   0.212327    11.1524    -1.8900     -3.191     0.1384    -0.2998 -9.990e-29
 250.416684     -3.191   0.209944    11.1511    -1.8904     -3.164     0.1368    -0.3009 -9.990e-29
 250.416690     -3.155   0.207919    11.1481    -1.8908     -3.129     0.1355    -0.3016 -9.990e-29
 250.416696     -3.117   0.206319    11.1437    -1.8911     -3.091     0.1344    -0.3020 -9.990e-29
 250.416701     -3.080   0.204118    11.1381    -1.8916     -3.054     0.1330    -0.3026 -9.990e-29
 250.416707     -3.045   0.202255    11.1315    -1.8921     -3.020     0.1318    -0.3028 -9.990e-29
 250.416713     -3.013   0.202122    11.1249    -1.8922     -2.988     0.1317    -0.3022 -9.990e-29
 250.416719     -2.984   0.202435    11.1183    -1.8927     -2.959     0.1319    -0.3013 -9.990e-29
 250.416725     -2.959   0.201948    11.1112    -1.8929     -2.934     0.1316    -0.3008 -9.990e-29
 250.416730     -2.941   0.201120    11.1034    -1.8932     -2.916     0.1311    -0.3004 -9.990e-29
 250.416736     -2.929   0.200506    11.0950    -1.8934     -2.905     0.1307    -0.2999 -9.990e-29
 250.416742     -2.923   0.199841    11.0865    -1.8936     -2.899     0.1303    -0.2993 -9.990e-29
 250.416748     -2.921   0.198794    11.0775    -1.8935     -2.897     0.1297    -0.2989 -9.990e-29
 250.416753     -2.920   0.197628    11.0681    -1.8939     -2.896     0.1289    -0.2985 -9.990e-29
 250.416759     -2.911   0.197003    11.0598    -1.8940     -2.887     0.1285    -0.2980 -9.990e-29
 250.416765     -2.893   0.197191    11.0528    -1.8940     -2.869     0.1287    -0.2972 -9.990e-29
 250.416771     -2.873   0.197335    11.0461    -1.8940     -2.849     0.1288    -0.2964 -9.990e-29
 250.416777     -2.856   0.196522    11.0399    -1.8943     -2.832     0.1283    -0.2961 -9.990e-29
 250.416782     -2.838   0.195326    11.0344    -1.8946     -2.814     0.1275    -0.2962 -9.990e-29
 250.416788     -2.821   0.194922    11.0298    -1.8947     -2.797     0.1272    -0.2959 -9.990e-29
 250.416794     -2.802   0.195325    11.0267    -1.8949     -2.779     0.1275    -0.2954 -9.990e-29
 250.416800     -2.780   0.195409    11.0242    -1.8946     -2.757     0.1276    -0.2951 -9.990e-29
 250.416806     -2.754   0.194734    11.0212    -1.8947     -2.731     0.1271    -0.2951 -9.990e-29
 250.416811     -2.726   0.194060    11.0182    -1.8945     -2.703     0.1267    -0.2952 -9.990e-29
 250.416817     -2.703   0.193595    11.0159    -1.8947     -2.680     0.1264    -0.2952 -9.990e-29
 250.416823     -2.685   0.193273    11.0137    -1.8946     -2.663     0.1262    -0.2951 -9.990e-29
 250.416829     -2.664   0.193217    11.0101    -1.8948     -2.642     0.1262    -0.2947 -9.990e-29
 250.416834     -2.645   0.192800    11.0059    -1.8947     -2.623     0.1259    -0.2945 -9.990e-29
 250.416840     -2.630   0.192017    11.0029    -1.8950     -2.608     0.1254    -0.2946 -9.990e-29
 250.416846     -2.618   0.191485    11.0019    -1.8948     -2.596     0.1251    -0.2948 -9.990e-29
 250.416852     -2.609   0.191049    11.0023    -1.8949     -2.587     0.1248    -0.2951 -9.990e-29
 250.416858     -2.602   0.190681    11.0032    -1.8951     -2.580     0.1245    -0.2953 -9.990e-29
 250.416863     -2.597   0.190445    11.0039    -1.8953     -2.575     0.1244    -0.2955 -9.990e-29
 250.416869     -2.593   0.190024    11.0037    -1.8954     -2.571     0.1241    -0.2957 -9.990e-29
 250.416875     -2.591   0.189412    11.0027    -1.8953     -2.569     0.1237    -0.2960 -9.990e-29
 250.416881     -2.589   0.188897    11.0014    -1.8956     -2.567     0.1234    -0.2961 -9.990e-29
 250.416887     -2.587   0.188901    10.9999    -1.8956     -2.565     0.1234    -0.2959 -9.990e-29
 250.416892     -2.587   0.189428    10.9984    -1.8955     -2.565     0.1237    -0.2955 -9.990e-29
 250.416898     -2.582   0.189520    10.9976    -1.8956     -2.560     0.1238    -0.2954 -9.990e-29
 250.416904     -2.570   0.188747    10.9962    -1.8953     -2.549     0.1233    -0.2956 -9.990e-29
 250.416910     -2.553   0.187740    10.9937    -1.8953     -2.532     0.1226    -0.2959 -9.990e-29
 250.416916     -2.534   0.186999    10.9909    -1.8952     -2.513     0.1221    -0.2960 -9.990e-29
 250.416921     -2.517   0.186643    10.9886    -1.8954     -2.496     0.1219    -0.2959 -9.990e-29
 250.416927     -2.504   0.186934    10.9870    -1.8954     -2.483     0.1221    -0.2956 -9.990e-29
 250.416933     -2.492   0.187707    10.9854    -1.8954     -2.471     0.1226    -0.2950 -9.990e-29
 250.416939     -2.473   0.187961    10.9847    -1.8955     -2.452     0.1228    -0.2948 -9.990e-29
 250.416944     -2.448   0.187477    10.9852    -1.8953     -2.428     0.1225    -0.2951 -9.990e-29
 250.416950     -2.420   0.186718    10.9865    -1.8953     -2.400     0.1220    -0.2957 -9.990e-29
 250.416956     -2.394   0.185775    10.9885    -1.8954     -2.374     0.1213    -0.2964 -9.990e-29
 250.416962     -2.373   0.185052    10.9902    -1.8951     -2.353     0.1208    -0.2969 -9.990e-29
 250.416968     -2.357   0.184689    10.9906    -1.8953     -2.337     0.1206    -0.2971 -9.990e-29
 250.416973     -2.344   0.184201    10.9899    -1.8951     -2.324     0.1203    -0.2973 -9.990e-29
 250.416979     -2.333   0.183488    10.9893    -1.8953     -2.314     0.1198    -0.2976 -9.990e-29
 250.416985     -2.323   0.182706    10.9890    -1.8950     -2.304     0.1193    -0.2980 -9.990e-29
 250.416991     -2.315   0.181918    10.9893    -1.8948     -2.296     0.1188    -0.2984 -9.990e-29
 250.416997     -2.307   0.181177    10.9904    -1.8949     -2.288     0.1183    -0.2989 -9.990e-29
 250.417002     -2.299   0.180600    10.9915    -1.8948     -2.280     0.1179    -0.2994 -9.990e-29
 250.417008     -2.291   0.179970    10.9923    -1.8944     -2.272     0.1175    -0.2998 -9.990e-29
 250.417014     -2.282   0.179000    10.9934    -1.8944     -2.263     0.1168    -0.3004 -9.990e-29
 250.417020     -2.270   0.178055    10.9943    -1.8944     -2.251     0.1162    -0.3010 -9.990e-29
 250.417025     -2.257   0.177535    10.9953    -1.8942     -2.238     0.1159    -0.3013 -9.990e-29
 250.417031     -2.240   0.177296    10.9970    -1.8939     -2.221     0.1157    -0.3016 -9.990e-29
 250.417037     -2.223   0.177021    10.9997    -1.8940     -2.204     0.1155    -0.3021 -9.990e-29
 250.417043     -2.209   0.176342    11.0025    -1.8939     -2.191     0.1151    -0.3027 -9.990e-29
 250.417049     -2.194   0.175459    11.0048    -1.8936     -2.176     0.1145    -0.3034 -9.990e-29
 250.417054     -2.175   0.174851    11.0078    -1.8934     -2.157     0.1141    -0.3040 -9.990e-29
 250.417060     -2.161   0.174261    11.0114    -1.8934     -2.143     0.1137    -0.3047 -9.990e-29
 250.417066     -2.150   0.173454    11.0143    -1.8935     -2.132     0.1131    -0.3054 -9.990e-29
 250.417072     -2.134   0.172460    11.0168    -1.8936     -2.116     0.1125    -0.3062 -9.990e-29
 250.417078     -2.111   0.171611    11.0202    -1.8935     -2.093     0.1119    -0.3070 -9.990e-29
 250.417083     -2.088   0.171436    11.0236    -1.8933     -2.071     0.1118    -0.3074 -9.990e-29
 250.417089     -2.068   0.171698    11.0259    -1.8932     -2.051     0.1120    -0.3075 -9.990e-29
 250.417095     -2.050   0.171638    11.0287    -1.8930     -2.033     0.1119    -0.3079 -9.990e-29
 250.417101     -2.033   0.171176    11.0327    -1.8930     -2.016     0.1116    -0.3085 -9.990e-29
 250.417106     -2.020   0.170800    11.0356    -1.8930     -2.003     0.1113    -0.3090 -9.990e-29
 250.417112     -2.014   0.170562    11.0363    -1.8927     -1.997     0.1112    -0.3092 -9.990e-29
