data/oxygen options/OCNMS/OCNMS1/raw_data/2012/CAST_CA015_120523faed.cnv
* Sea-Bird SBE19 Data File:
* FileName = C:\Documents and Settings\OCNMS\Desktop\2012 mooring data\Deployment May\CAST_CA015_120523.hex
* Software Version 1.25
* Temperature SN = 2997
* Conductivity SN = 2997
* System UpLoad Time = May 25 2012 15:04:07
** CAST_CA015_120523
* SEACAT PROFILER V3.1c SN 2997   05/25/12  15:02:13.970
# nquan = 9                                 
# nvalues = 881                         
# units = specified
# name 0 = timeJ: Julian Days
# name 1 = prSM: Pressure, Strain Gauge [db]
# name 2 = c0mS/cm: Conductivity [mS/cm]
# name 3 = t090C: Temperature [ITS-90, deg C]
# name 4 = sbeox0ML/L: Oxygen, SBE 43 [ml/l]
# name 5 = depSM: Depth [salt water, m], lat = 47.5
# name 6 = sal00: Salinity, Practical [PSU]
# name 7 = sigma-é00: Density [sigma-theta, kg/m^3]
# name 8 = flag: flag
# span 0 = 144.614444, 144.619537       
# span 1 =     -5.264,     13.216       
# span 2 =   0.109311,  35.093863       
# span 3 =     9.8221,    11.0787       
# span 4 =    -1.9196,    19.6555       
# span 5 =     -5.220,     13.105       
# span 6 =     0.0713,    32.0742       
# span 7 =    -0.3442,    24.6976       
# span 8 = 0.0000e+00, 0.0000e+00       
# interval = seconds: 0.5
# start_time = May 23 2012 14:44:48 [Instrument's time stamp, header]
# bad_flag = -9.990e-29
*END*
[from data line 161]
 144.615376     -2.063   0.227159    10.9723    -1.8956     -2.046     0.1488    -0.2731 -9.990e-29
 144.615382     -2.055   0.225215    10.9708    -1.8952     -2.038     0.1476    -0.2740 -9.990e-29
 144.615388     -2.048   0.224132    10.9675    -1.8952     -2.031     0.1468    -0.2742 -9.990e-29
 144.615394     -2.041   0.223571    10.9625    -1.8952     -2.024     0.1465    -0.2740 -9.990e-29
 144.615399     -2.035   0.223339    10.9591    -1.8949     -2.018     0.1463    -0.2737 -9.990e-29
 144.615405     -2.028   0.223676    10.9600    -1.8947     -2.011     0.1466    -0.2737 -9.990e-29
 144.615411     -2.021   0.223923    10.9643    -1.8945     -2.004     0.1467    -0.2740 -9.990e-29
 144.615417     -2.013   0.223302    10.9697    -1.8943     -1.996     0.1463    -0.2749 -9.990e-29
 144.615422     -2.004   0.222092    10.9752    -1.8943     -1.987     0.1455    -0.2761 -9.990e-29
 144.615428     -1.992   0.220890    10.9804    -1.8941     -1.975     0.1446    -0.2772 -9.990e-29
 144.615434     -1.977   0.220306    10.9850    -1.8939     -1.961     0.1442    -0.2780 -9.990e-29
 144.615440     -1.958   0.220668    10.9884    -1.8938     -1.942     0.1445    -0.2782 -9.990e-29
 144.615446     -1.934   0.221350    10.9919    -1.8939     -1.918     0.1449    -0.2782 -9.990e-29
 144.615451     -1.908   0.221599    10.9964    -1.8937     -1.892     0.1451    -0.2785 -9.990e-29
 144.615457     -1.887   0.221195    11.0011    -1.8939     -1.871     0.1448    -0.2792 -9.990e-29
 144.615463     -1.873   0.220149    11.0052    -1.8940     -1.857     0.1441    -0.2802 -9.990e-29
 144.615469     -1.865   0.218726    11.0084    -1.8944     -1.849     0.1431    -0.2813 -9.990e-29
 144.615475     -1.859   0.217796    11.0112    -1.8943     -1.843     0.1425    -0.2821 -9.990e-29
 144.615480     -1.851   0.217776    11.0145    -1.8945     -1.836     0.1424    -0.2824 -9.990e-29
 144.615486     -1.839   0.217533    11.0180    -1.8941     -1.824     0.1423    -0.2829 -9.990e-29
 144.615492     -1.823   0.216186    11.0201    -1.8939     -1.808     0.1414    -0.2838 -9.990e-29
 144.615498     -1.806   0.214154    11.0208    -1.8939     -1.791     0.1400    -0.2850 -9.990e-29
 144.615503     -1.791   0.212600    11.0207    -1.8940     -1.776     0.1390    -0.2858 -9.990e-29
 144.615509     -1.778   0.212218    11.0190    -1.8939     -1.763     0.1387    -0.2858 -9.990e-29
 144.615515     -1.765   0.212498    11.0161    -1.8935     -1.750     0.1389    -0.2853 -9.990e-29
 144.615521     -1.753   0.212705    11.0133    -1.8935     -1.738     0.1391    -0.2849 -9.990e-29
 144.615527     -1.743   0.212559    11.0117    -1.8938     -1.728     0.1390    -0.2848 -9.990e-29
 144.615532     -1.740   0.212418    11.0120    -1.8939     -1.725     0.1389    -0.2850 -9.990e-29
 144.615538     -1.740   0.212647    11.0148    -1.8941     -1.725     0.1390    -0.2851 -9.990e-29
 144.615544     -1.738   0.212995    11.0181    -1.8943     -1.724     0.1393    -0.2853 -9.990e-29
 144.615550     -1.734   0.212818    11.0200    -1.8944     -1.720     0.1391    -0.2856 -9.990e-29
 144.615556     -1.728   0.211879    11.0213    -1.8943     -1.714     0.1385    -0.2862 -9.990e-29
 144.615561     -1.719   0.210584    11.0236    -1.8943     -1.705     0.1376    -0.2871 -9.990e-29
 144.615567     -1.711   0.209421    11.0260    -1.8944     -1.697     0.1369    -0.2880 -9.990e-29
 144.615573     -1.708   0.209052    11.0259    -1.8940     -1.694     0.1366    -0.2882 -9.990e-29
 144.615579     -1.706   0.210089    11.0233    -1.8940     -1.692     0.1373    -0.2873 -9.990e-29
 144.615584     -1.700   0.211701    11.0199    -1.8939     -1.686     0.1384    -0.2862 -9.990e-29
 144.615590     -1.689   0.212161    11.0167    -1.8936     -1.675     0.1387    -0.2856 -9.990e-29
 144.615596     -1.673   0.210975    11.0143    -1.8933     -1.659     0.1379    -0.2859 -9.990e-29
 144.615602     -1.651   0.208774    11.0135    -1.8933     -1.637     0.1365    -0.2870 -9.990e-29
 144.615608     -1.626   0.206495    11.0138    -1.8933     -1.612     0.1350    -0.2882 -9.990e-29
 144.615613     -1.604   0.204974    11.0144    -1.8934     -1.591     0.1339    -0.2891 -9.990e-29
 144.615619     -1.589   0.204394    11.0157    -1.8939     -1.576     0.1336    -0.2895 -9.990e-29
 144.615625     -1.580   0.204535    11.0183    -1.8945     -1.567     0.1336    -0.2897 -9.990e-29
 144.615631     -1.571   0.205030    11.0213    -1.8948     -1.558     0.1340    -0.2898 -9.990e-29
 144.615637     -1.558   0.205431    11.0246    -1.8952     -1.545     0.1342    -0.2899 -9.990e-29
 144.615642     -1.545   0.205718    11.0286    -1.8953     -1.532     0.1344    -0.2902 -9.990e-29
 144.615648     -1.535   0.206272    11.0324    -1.8955     -1.522     0.1347    -0.2903 -9.990e-29
 144.615654     -1.527   0.207277    11.0344    -1.8955     -1.514     0.1354    -0.2900 -9.990e-29
 144.615660     -1.521   0.207855    11.0339    -1.8950     -1.508     0.1358    -0.2896 -9.990e-29
 144.615666     -1.516   0.206563    11.0300    -1.8947     -1.503     0.1349    -0.2899 -9.990e-29
 144.615671     -1.512   0.203890    11.0221    -1.8948     -1.499     0.1332    -0.2904 -9.990e-29
 144.615677     -1.509   0.201806    11.0126    -1.8946     -1.496     0.1319    -0.2905 -9.990e-29
 144.615683     -1.506   0.200855    11.0043    -1.8946     -1.493     0.1313    -0.2902 -9.990e-29
 144.615689     -1.504   0.200319    10.9980    -1.8943     -1.491     0.1309    -0.2898 -9.990e-29
 144.615694     -1.502   0.200038    10.9937    -1.8945     -1.489     0.1307    -0.2895 -9.990e-29
 144.615700     -1.501   0.200187    10.9916    -1.8949     -1.488     0.1308    -0.2892 -9.990e-29
 144.615706     -1.499   0.200411    10.9932    -1.8946     -1.486     0.1310    -0.2892 -9.990e-29
 144.615712     -1.497   0.200453    10.9977    -1.8942     -1.485     0.1310    -0.2897 -9.990e-29
 144.615718     -1.495   0.200369    11.0015    -1.8938     -1.483     0.1309    -0.2901 -9.990e-29
 144.615723     -1.489   0.200598    11.0039    -1.8938     -1.477     0.1311    -0.2903 -9.990e-29
 144.615729     -1.473   0.201998    11.0061    -1.8940     -1.461     0.1320    -0.2898 -9.990e-29
 144.615735     -1.451   0.204221    11.0089    -1.8938     -1.439     0.1335    -0.2889 -9.990e-29
 144.615741     -1.427   0.205245    11.0113    -1.8940     -1.415     0.1341    -0.2886 -9.990e-29
 144.615747     -1.402   0.203669    11.0110    -1.8942     -1.390     0.1331    -0.2894 -9.990e-29
 144.615752     -1.383   0.200709    11.0100    -1.8942     -1.371     0.1311    -0.2908 -9.990e-29
 144.615758     -1.374   0.198509    11.0123    -1.8939     -1.363     0.1297    -0.2922 -9.990e-29
 144.615764     -1.374   0.197455    11.0175    -1.8938     -1.363     0.1290    -0.2933 -9.990e-29
 144.615770     -1.380   0.196693    11.0222    -1.8937     -1.368     0.1284    -0.2942 -9.990e-29
 144.615775     -1.382   0.195759    11.0244    -1.8936     -1.370     0.1278    -0.2949 -9.990e-29
 144.615781     -1.376   0.195067    11.0248    -1.8936     -1.365     0.1274    -0.2953 -9.990e-29
 144.615787     -1.367   0.194798    11.0242    -1.8936     -1.356     0.1272    -0.2954 -9.990e-29
 144.615793     -1.358   0.194595    11.0225    -1.8936     -1.347     0.1271    -0.2953 -9.990e-29
 144.615799     -1.348   0.194737    11.0205    -1.8937     -1.337     0.1272    -0.2950 -9.990e-29
 144.615804     -1.342   0.195966    11.0204    -1.8937     -1.331     0.1280    -0.2944 -9.990e-29
 144.615810     -1.338   0.198259    11.0231    -1.8939     -1.327     0.1295    -0.2935 -9.990e-29
 144.615816     -1.328   0.200244    11.0266    -1.8940     -1.317     0.1308    -0.2928 -9.990e-29
 144.615822     -1.312   0.200693    11.0294    -1.8941     -1.301     0.1311    -0.2929 -9.990e-29
 144.615828     -1.296   0.199648    11.0313    -1.8944     -1.285     0.1304    -0.2936 -9.990e-29
 144.615833     -1.285   0.197928    11.0323    -1.8942     -1.274     0.1292    -0.2946 -9.990e-29
 144.615839     -1.278   0.196562    11.0327    -1.8943     -1.267     0.1283    -0.2954 -9.990e-29
 144.615845     -1.273   0.195940    11.0321    -1.8941     -1.262     0.1279    -0.2956 -9.990e-29
 144.615851     -1.271   0.195786    11.0304    -1.8941     -1.260     0.1278    -0.2955 -9.990e-29
 144.615856     -1.272   0.195891    11.0280    -1.8941     -1.261     0.1279    -0.2952 -9.990e-29
 144.615862     -1.271   0.196211    11.0257    -1.8940     -1.260     0.1281    -0.2948 -9.990e-29
 144.615868     -1.264   0.196619    11.0234    -1.8936     -1.253     0.1284    -0.2944 -9.990e-29
 144.615874     -1.255   0.196918    11.0207    -1.8937     -1.245     0.1286    -0.2939 -9.990e-29
 144.615880     -1.248   0.196955    11.0184    -1.8939     -1.238     0.1286    -0.2937 -9.990e-29
 144.615885     -1.242   0.197147    11.0177    -1.8940     -1.232     0.1288    -0.2935 -9.990e-29
 144.615891     -1.236   0.198303    11.0183    -1.8940     -1.226     0.1295    -0.2930 -9.990e-29
 144.615897     -1.231   0.200305    11.0195    -1.8941     -1.221     0.1308    -0.2920 -9.990e-29
 144.615903     -1.226   0.201949    11.0208    -1.8943     -1.216     0.1319    -0.2913 -9.990e-29
 144.615909     -1.221   0.202105    11.0224    -1.8943     -1.211     0.1320    -0.2914 -9.990e-29
 144.615914     -1.216   0.200980    11.0249    -1.8941     -1.206     0.1313    -0.2923 -9.990e-29
 144.615920     -1.209   0.199844    11.0274    -1.8942     -1.199     0.1305    -0.2931 -9.990e-29
 144.615926     -1.201   0.199396    11.0276    -1.8942     -1.191     0.1302    -0.2934 -9.990e-29
 144.615932     -1.191   0.199592    11.0257    -1.8940     -1.181     0.1303    -0.2931 -9.990e-29
 144.615938     -1.178   0.200139    11.0238    -1.8939     -1.168     0.1307    -0.2926 -9.990e-29
 144.615943     -1.167   0.200661    11.0222    -1.8942     -1.157     0.1311    -0.2921 -9.990e-29
 144.615949     -1.160   0.201299    11.0203    -1.8942     -1.150     0.1315    -0.2916 -9.990e-29
 144.615955     -1.153   0.202353    11.0186    -1.8942     -1.143     0.1322    -0.2909 -9.990e-29
 144.615961     -1.146   0.203566    11.0180    -1.8943     -1.136     0.1330    -0.2902 -9.990e-29
 144.615966     -1.141   0.204341    11.0181    -1.8943     -1.131     0.1335    -0.2898 -9.990e-29
 144.615972     -1.135   0.204604    11.0182    -1.8946     -1.126     0.1337    -0.2897 -9.990e-29
 144.615978     -1.124   0.205261    11.0192    -1.8951     -1.115     0.1341    -0.2894 -9.990e-29
 144.615984     -1.105   0.206632    11.0213    -1.8955     -1.096     0.1350    -0.2889 -9.990e-29
 144.615990     -1.083   0.207778    11.0220    -1.8960     -1.074     0.1358    -0.2884 -9.990e-29
 144.615995     -1.064   0.208015    11.0204    -1.8963     -1.055     0.1359    -0.2881 -9.990e-29
 144.616001     -1.052   0.207658    11.0187    -1.8963     -1.043     0.1357    -0.2881 -9.990e-29
 144.616007     -1.041   0.207337    11.0177    -1.8959     -1.032     0.1355    -0.2882 -9.990e-29
 144.616013     -1.027   0.207179    11.0164    -1.8959     -1.018     0.1354    -0.2881 -9.990e-29
 144.616019     -1.012   0.206971    11.0135    -1.8956     -1.004     0.1353    -0.2879 -9.990e-29
 144.616024     -1.001   0.206439    11.0076    -1.8952     -0.993     0.1349    -0.2876 -9.990e-29
 144.616030     -0.993   0.205980    10.9991    -1.8949     -0.985     0.1347    -0.2870 -9.990e-29
 144.616036     -0.986   0.206643    10.9900    -1.8948     -0.978     0.1351    -0.2857 -9.990e-29
 144.616042     -0.982   0.208205    10.9821    -1.8945     -0.974     0.1362    -0.2840 -9.990e-29
 144.616047     -0.978   0.209428    10.9771    -1.8940     -0.970     0.1370    -0.2829 -9.990e-29
 144.616053     -0.976   0.209727    10.9765    -1.8943     -0.968     0.1372    -0.2827 -9.990e-29
 144.616059     -0.974   0.209501    10.9792    -1.8947     -0.966     0.1371    -0.2830 -9.990e-29
 144.616065     -0.973   0.209556    10.9832    -1.8947     -0.965     0.1371    -0.2834 -9.990e-29
 144.616071     -0.973   0.209967    10.9887    -1.8952     -0.965     0.1373    -0.2838 -9.990e-29
 144.616076     -0.974   0.210174    10.9953    -1.8960     -0.966     0.1375    -0.2844 -9.990e-29
 144.616082     -0.976   0.209901    11.0011    -1.8962     -0.968     0.1373    -0.2851 -9.990e-29
 144.616088     -0.979   0.209337    11.0062    -1.8969     -0.971     0.1369    -0.2859 -9.990e-29
 144.616094     -0.983   0.208835    11.0116    -1.8973     -0.975     0.1365    -0.2868 -9.990e-29
 144.616100     -0.988   0.208280    11.0149    -1.8978     -0.980     0.1361    -0.2874 -9.990e-29
 144.616105     -0.991   0.207486    11.0134    -1.8982     -0.983     0.1356    -0.2877 -9.990e-29
 144.616111     -0.987   0.207055    11.0087    -1.8984     -0.979     0.1353    -0.2874 -9.990e-29
 144.616117     -0.980   0.207521    11.0027    -1.8986     -0.972     0.1357    -0.2865 -9.990e-29
 144.616123     -0.974   0.207844    10.9937    -1.8986     -0.966     0.1359    -0.2854 -9.990e-29
 144.616128     -0.970   0.206795    10.9829    -1.8992     -0.962     0.1353    -0.2848 -9.990e-29
 144.616134     -0.966   0.205189    10.9722    -1.8996     -0.958     0.1342    -0.2846 -9.990e-29
 144.616140     -0.962   0.204205    10.9614    -1.9002     -0.954     0.1336    -0.2840 -9.990e-29
 144.616146     -0.958   0.203639    10.9509    -1.9006     -0.950     0.1333    -0.2832 -9.990e-29
 144.616152     -0.954   0.202737    10.9413    -1.9011     -0.946     0.1327    -0.2826 -9.990e-29
 144.616157     -0.950   0.201405    10.9329    -1.9017     -0.942     0.1318    -0.2825 -9.990e-29
 144.616163     -0.945   0.200634    10.9265    -1.9024     -0.937     0.1314    -0.2822 -9.990e-29
 144.616169     -0.939   0.201057    10.9217    -1.9026     -0.931     0.1316    -0.2815 -9.990e-29
 144.616175     -0.932   0.201576    10.9166    -1.9028     -0.924     0.1320    -0.2807 -9.990e-29
 144.616181     -0.922   0.200669    10.9088    -1.9030     -0.914     0.1314    -0.2804 -9.990e-29
 144.616186     -0.915   0.198789    10.8987    -1.9036     -0.907     0.1302    -0.2803 -9.990e-29
 144.616192     -0.913   0.197856    10.8879    -1.9040     -0.905     0.1296    -0.2797 -9.990e-29
 144.616198     -0.913   0.198289    10.8773    -1.9048     -0.905     0.1300    -0.2784 -9.990e-29
 144.616204     -0.909   0.198448    10.8666    -1.9053     -0.901     0.1301    -0.2772 -9.990e-29
 144.616209     -0.902   0.197440    10.8549    -1.9062     -0.894     0.1295    -0.2765 -9.990e-29
 144.616215     -0.896   0.196137    10.8435    -1.9066     -0.889     0.1286    -0.2760 -9.990e-29
 144.616221     -0.894   0.195568    10.8351    -1.9075     -0.887     0.1283    -0.2755 -9.990e-29
 144.616227     -0.892   0.196082    10.8289    -1.9078     -0.885     0.1286    -0.2746 -9.990e-29
 144.616233     -0.886   0.196703    10.8217    -1.9083     -0.879     0.1291    -0.2735 -9.990e-29
 144.616238     -0.875   0.196047    10.8123    -1.9083     -0.868     0.1287    -0.2729 -9.990e-29
 144.616244     -0.859   0.194345    10.8013    -1.9090     -0.852     0.1276    -0.2727 -9.990e-29
 144.616250     -0.836   0.192648    10.7887    -1.9094     -0.829     0.1265    -0.2723 -9.990e-29
 144.616256     -0.810   0.191463    10.7748    -1.9096     -0.803     0.1257    -0.2715 -9.990e-29
 144.616262     -0.787   0.190869    10.7604    -1.9099     -0.780     0.1254    -0.2703 -9.990e-29
 144.616267     -0.769   0.190630    10.7464    -1.9101     -0.763     0.1253    -0.2691 -9.990e-29
 144.616273     -0.757   0.190427    10.7335    -1.9102     -0.751     0.1252    -0.2679 -9.990e-29
 144.616279     -0.749   0.189989    10.7227    -1.9108     -0.743     0.1249    -0.2670 -9.990e-29
 144.616285     -0.744   0.189286    10.7143    -1.9116     -0.738     0.1245    -0.2665 -9.990e-29
 144.616291     -0.743   0.188486    10.7068    -1.9120     -0.737     0.1240    -0.2662 -9.990e-29
