data/oxygen options/OCNMS/OCNMS1/raw_data/2012/CAST_CA042_120829faedb.cnv
* Sea-Bird SBE19 Data File:
* FileName = C:\Documents and Settings\OCNMS\Desktop\2012 mooring data\2nd service\CAST_CA042_120829.hex
* Software Version 1.25
* Temperature SN = 2997
* Conductivity SN = 2997
* System UpLoad Time = Aug 30 2012 08:50:59
** CAST_CA042_120829
* SEACAT PROFILER V3.1c SN 2997   08/30/12  08:49:27.289
# nquan = 9
# nvalues = 27                          
# units = specified
# name 0 = timeJ: Julian Days
# name 1 = prSM: Pressure, Strain Gauge [db]
# name 2 = c0mS/cm: Conductivity [mS/cm]
# name 3 = t090C: Temperature [ITS-90, deg C]
# name 4 = sbeox0ML/L: Oxygen, SBE 43 [ml/l]
# name 5 = depSM: Depth [salt water, m], lat = 47.5
# name 6 = sal00: Salinity, Practical [PSU]
# name 7 = sigma-é00: Density [sigma-theta, kg/m^3]
# name 8 = flag: flag
# span 0 = 235.364089, 242.556190       
# span 1 =      2.000,     29.000       
# span 2 =  35.378876,  37.446431       
# span 3 =    10.3338,    12.2581       
# span 4 =     5.8942,     7.0029       
# span 5 =      1.983,     28.757       
# span 6 =    31.7284,    32.9769       
# span 7 =    24.2940,    25.3111       
# span 8 = 0.0000e+00, 0.0000e+00       
# interval = decibars: 1                
# start_time = Aug 29 2012 13:12:56 [Instrument's time stamp, header]
# bad_flag = -9.990e-29
*END*
 242.555520      2.000  37.446431    12.2581     6.7333      1.983    32.2950    24.4407 0.0000e+00
 242.555541      3.000  37.375322    12.1859     6.8526      2.975    32.2886    24.4493 0.0000e+00
 242.555558      4.000  37.180940    11.8338     6.9811      3.967    32.4061    24.6059 0.0000e+00
 242.555579      5.000  37.015098    11.5438     7.0029      4.958    32.4978    24.7303 0.0000e+00
 242.555608      6.000  36.964514    11.4617     6.9553      5.950    32.5200    24.7625 0.0000e+00
 242.555649      7.000  36.850791    11.2510     6.8484      6.942    32.5937    24.8579 0.0000e+00
 235.364089      9.000  35.378876    10.3806     6.0620      8.925    31.7284    24.2940 0.0000e+00
 242.555794     10.000  36.435726    10.6307     6.2848      9.916    32.7335    25.0757 0.0000e+00
 242.555823     11.000  36.439169    10.6055     6.2361     10.908    32.7591    25.1001 0.0000e+00
 242.555846     12.000  36.442718    10.5860     6.2036     11.899    32.7798    25.1195 0.0000e+00
 242.555864     13.000  36.452278    10.5685     6.1914     12.891    32.8047    25.1420 0.0000e+00
 242.555883     14.000  36.461031    10.5604     6.1737     13.883    32.8202    25.1556 0.0000e+00
 242.555901     15.000  36.479124    10.5558     6.1673     14.874    32.8422    25.1734 0.0000e+00
 242.555919     16.000  36.494310    10.5539     6.1871     15.866    32.8586    25.1866 0.0000e+00
 242.555937     17.000  36.508525    10.5531     6.1822     16.858    32.8731    25.1981 0.0000e+00
 242.555954     18.000  36.513594    10.5513     6.1722     17.849    32.8794    25.2033 0.0000e+00
 242.555971     19.000  36.517704    10.5451     6.1323     18.841    32.8887    25.2116 0.0000e+00
 242.555989     20.000  36.518474    10.5349     6.0712     19.832    32.8982    25.2208 0.0000e+00
 242.556006     21.000  36.509039    10.5098     6.0536     20.824    32.9110    25.2351 0.0000e+00
 242.556022     22.000  36.492138    10.4817     6.0463     21.815    32.9190    25.2461 0.0000e+00
 242.556039     23.000  36.477142    10.4604     6.0272     22.807    32.9228    25.2529 0.0000e+00
 242.556055     24.000  36.474430    10.4498     5.9820     23.798    32.9293    25.2597 0.0000e+00
 242.556072     25.000  36.478103    10.4333     5.9906     24.790    32.9474    25.2767 0.0000e+00
 242.556087     26.000  36.472588    10.4131     5.9761     25.781    32.9597    25.2897 0.0000e+00
 242.556104     27.000  36.467080    10.4052     5.9137     26.773    32.9610    25.2921 0.0000e+00
 242.556124     28.000  36.448415    10.3664     5.8942     27.764    32.9769    25.3111 0.0000e+00
 242.556190     29.000  36.410935    10.3338     5.9882     28.757    32.9683    25.3101 0.0000e+00
