data/oxygen options/OCNMS/OCNMS1/raw_data/2012/CAST_CE042_120830faedb.cnv
* Sea-Bird SBE19 Data File:
* FileName = C:\Documents and Settings\OCNMS\Desktop\2012 mooring data\2nd service\CAST_CE042_120830.hex
* Software Version 1.25
* Temperature SN = 2997
* Conductivity SN = 2997
* System UpLoad Time = Aug 30 2012 13:05:59
** CAST_CE042_120830
* SEACAT PROFILER V3.1c SN 2997   08/30/12  13:04:58.662
# nquan = 9
# nvalues = 41                          
# units = specified
# name 0 = timeJ: Julian Days
# name 1 = prSM: Pressure, Strain Gauge [db]
# name 2 = c0mS/cm: Conductivity [mS/cm]
# name 3 = t090C: Temperature [ITS-90, deg C]
# name 4 = sbeox0ML/L: Oxygen, SBE 43 [ml/l]
# name 5 = depSM: Depth [salt water, m], lat = 47.5
# name 6 = sal00: Salinity, Practical [PSU]
# name 7 = sigma-é00: Density [sigma-theta, kg/m^3]
# name 8 = flag: flag
# span 0 = 243.439153, 243.439668       
# span 1 =      2.000,     42.000       
# span 2 =  34.433196,  38.657004       
# span 3 =     7.3551,    13.5894       
# span 4 =     1.4309,     7.7662       
# span 5 =      1.983,     41.645       
# span 6 =    32.2939,    33.6967       
# span 7 =    24.1803,    26.3426       
# span 8 = 0.0000e+00, 0.0000e+00       
# interval = decibars: 1                
# start_time = Aug 30 2012 10:23:19 [Instrument's time stamp, header]
# bad_flag = -9.990e-29
*END*
 243.439153      2.000  38.647833    13.5894     7.7662      1.983    32.2939    24.1803 0.0000e+00
 243.439179      3.000  38.657004    13.5688     7.6720      2.975    32.3195    24.2043 0.0000e+00
 243.439198      4.000  38.646629    13.5322     7.4771      3.967    32.3404    24.2278 0.0000e+00
 243.439213      5.000  38.522734    13.3482     7.3493      4.958    32.3804    24.2955 0.0000e+00
 243.439226      6.000  38.329510    13.1627     7.2539      5.950    32.3566    24.3139 0.0000e+00
 243.439238      7.000  38.255456    13.0831     7.1203      6.941    32.3544    24.3280 0.0000e+00
 243.439250      8.000  38.222661    13.0415     7.0056      7.933    32.3586    24.3394 0.0000e+00
 243.439261      9.000  38.201614    13.0009     6.8600      8.925    32.3731    24.3586 0.0000e+00
 243.439272     10.000  38.189412    12.9446     6.7108      9.916    32.4093    24.3977 0.0000e+00
 243.439282     11.000  38.189644    12.8715     6.5640     10.908    32.4718    24.4604 0.0000e+00
 243.439293     12.000  38.192292    12.7807     6.3938     11.900    32.5521    24.5402 0.0000e+00
 243.439305     13.000  38.161205    12.6582     6.2712     12.891    32.6280    24.6227 0.0000e+00
 243.439316     14.000  38.059700    12.4837     6.1254     13.882    32.6822    24.6983 0.0000e+00
 243.439329     15.000  37.905417    12.3458     5.8691     14.874    32.6541    24.7028 0.0000e+00
 243.439340     16.000  37.785240    12.1765     5.6713     15.866    32.6859    24.7595 0.0000e+00
 243.439352     17.000  37.655727    12.0113     5.5484     16.858    32.7051    24.8054 0.0000e+00
 243.439364     18.000  37.538771    11.8856     5.3489     17.849    32.7017    24.8263 0.0000e+00
 243.439376     19.000  37.448660    11.7704     5.1416     18.840    32.7151    24.8580 0.0000e+00
 243.439388     20.000  37.322507    11.5992     5.0152     19.832    32.7428    24.9110 0.0000e+00
 243.439400     21.000  37.167471    11.4017     4.7378     20.823    32.7655    24.9645 0.0000e+00
 243.439414     22.000  37.023008    11.2133     4.0290     21.815    32.7905    25.0178 0.0000e+00
 243.439426     23.000  36.880618    11.0106     3.3581     22.807    32.8302    25.0848 0.0000e+00
 243.439439     24.000  36.632174    10.5406     3.1245     23.798    33.0051    25.3033 0.0000e+00
 243.439450     25.000  35.996665     9.6684     3.0514     24.790    33.1581    25.5687 0.0000e+00
 243.439462     26.000  35.483713     9.0255     2.9304     25.781    33.2251    25.7243 0.0000e+00
 243.439474     27.000  35.160495     8.6036     2.6313     26.773    33.2824    25.8350 0.0000e+00
 243.439486     28.000  34.975475     8.3403     2.2169     27.764    33.3356    25.9167 0.0000e+00
 243.439498     29.000  34.798452     8.0254     1.9906     28.756    33.4467    26.0506 0.0000e+00
 243.439509     30.000  34.620020     7.7471     1.8732     29.747    33.5218    26.1501 0.0000e+00
 243.439520     31.000  34.540226     7.6395     1.7141     30.739    33.5390    26.1791 0.0000e+00
 243.439532     32.000  34.514639     7.5741     1.5722     31.731    33.5741    26.2161 0.0000e+00
 243.439544     33.000  34.487799     7.4755     1.5262     32.722    33.6400    26.2819 0.0000e+00
 243.439555     34.000  34.460149     7.4024     1.5189     33.713    33.6806    26.3242 0.0000e+00
 243.439567     35.000  34.446348     7.3722     1.5189     34.705    33.6944    26.3393 0.0000e+00
 243.439579     36.000  34.440523     7.3629     1.5131     35.697    33.6967    26.3424 0.0000e+00
 243.439592     37.000  34.438273     7.3602     1.5179     36.688    33.6964    26.3426 0.0000e+00
 243.439605     38.000  34.435323     7.3583     1.5045     37.679    33.6945    26.3414 0.0000e+00
 243.439618     39.000  34.433585     7.3565     1.4992     38.671    33.6939    26.3411 0.0000e+00
 243.439632     40.000  34.433286     7.3551     1.4925     39.662    33.6945    26.3418 0.0000e+00
 243.439647     41.000  34.433196     7.3554     1.4661     40.654    33.6936    26.3411 0.0000e+00
 243.439668     42.000  34.437706     7.3676     1.4309     41.645    33.6861    26.3335 0.0000e+00
