data/oxygen options/OCNMS/OCNMS1/raw_data/2012/CAST_KL027_121010faed.cnv
* Sea-Bird SBE19 Data File:
* FileName = C:\Documents and Settings\OCNMS\Desktop\2012 mooring data\RECOVERY\CAST_KL027_121010.hex
* Software Version 1.25
* Temperature SN = 2997
* Conductivity SN = 2997
* System UpLoad Time = Oct 10 2012 16:35:02
** CAST_KL027_121010
* SEACAT PROFILER V3.1c SN 2997   10/10/12  16:33:59.606
# nquan = 9                                 
# nvalues = 978                         
# units = specified
# name 0 = timeJ: Julian Days
# name 1 = prSM: Pressure, Strain Gauge [db]
# name 2 = c0mS/cm: Conductivity [mS/cm]
# name 3 = t090C: Temperature [ITS-90, deg C]
# name 4 = sbeox0ML/L: Oxygen, SBE 43 [ml/l]
# name 5 = depSM: Depth [salt water, m], lat = 47.5
# name 6 = sal00: Salinity, Practical [PSU]
# name 7 = sigma-é00: Density [sigma-theta, kg/m^3]
# name 8 = flag: flag
# span 0 = 284.611620, 284.617274       
# span 1 =     -4.945,     26.970       
# span 2 =   0.324952,  36.222564       
# span 3 =     7.8652,    10.6366       
# span 4 =   -15.2830,    16.9325       
# span 5 =     -4.904,     26.743       
# span 6 =     0.2178,    33.5356       
# span 7 =    -0.1639,    26.1429       
# span 8 = 0.0000e+00, 0.0000e+00       
# interval = seconds: 0.5
# start_time = Oct 10 2012 14:40:44 [Instrument's time stamp, header]
# bad_flag = -9.990e-29
*END*
[from data line 481]
 284.614404      0.911  36.047064    10.1588     6.8946      0.903    32.7721    25.1861 -9.990e-29
 284.614410      0.913  36.047154    10.1588     6.8859      0.905    32.7722    25.1862 -9.990e-29
 284.614416      0.914  36.048159    10.1586     6.8950      0.906    32.7734    25.1872 -9.990e-29
 284.614421      0.914  36.049205    10.1582     6.8860      0.906    32.7748    25.1883 -9.990e-29
 284.614427      0.913  36.049844    10.1580     6.8932      0.905    32.7756    25.1890 -9.990e-29
 284.614433      0.912  36.050377    10.1581     6.9150      0.904    32.7761    25.1893 -9.990e-29
 284.614439      0.910  36.050766    10.1587     6.9329      0.902    32.7759    25.1891 -9.990e-29
 284.614444      0.907  36.050956    10.1593     6.9351      0.899    32.7756    25.1887 -9.990e-29
 284.614450      0.902  36.051001    10.1594     6.9328      0.894    32.7755    25.1887 -9.990e-29
 284.614456      0.897  36.050941    10.1591     6.9238      0.890    32.7758    25.1889 -9.990e-29
 284.614462      0.893  36.050681    10.1588     6.9110      0.886    32.7758    25.1890 -9.990e-29
 284.614468      0.897  36.050419    10.1587     6.9112      0.890    32.7756    25.1889 -9.990e-29
 284.614473      0.903  36.050347    10.1588     6.9149      0.895    32.7754    25.1887 -9.990e-29
 284.614479      0.907  36.050353    10.1589     6.9110      0.899    32.7753    25.1886 -9.990e-29
 284.614485      0.911  36.050426    10.1589     6.9059      0.903    32.7754    25.1887 -9.990e-29
 284.614491      0.913  36.050649    10.1588     6.9019      0.905    32.7757    25.1889 -9.990e-29
 284.614497      0.915  36.051301    10.1589     6.9074      0.907    32.7763    25.1894 -9.990e-29
 284.614502      0.916  36.052116    10.1593     6.9214      0.908    32.7768    25.1897 -9.990e-29
 284.614508      0.917  36.052482    10.1596     6.9272      0.909    32.7769    25.1897 -9.990e-29
 284.614514      0.917  36.052309    10.1594     6.9327      0.909    32.7769    25.1897 -9.990e-29
 284.614520      0.916  36.051911    10.1589     6.9218      0.908    32.7769    25.1898 -9.990e-29
 284.614525      0.915  36.051858    10.1585     6.9237      0.907    32.7772    25.1902 -9.990e-29
 284.614531      0.914  36.052063    10.1586     6.9164      0.906    32.7773    25.1902 -9.990e-29
 284.614537      0.911  36.052222    10.1589     6.9126      0.903    32.7772    25.1901 -9.990e-29
 284.614543      0.908  36.052533    10.1595     6.9144      0.900    32.7770    25.1898 -9.990e-29
 284.614549      0.903  36.052832    10.1603     6.9196      0.895    32.7766    25.1894 -9.990e-29
 284.614554      0.898  36.052940    10.1609     6.9250      0.891    32.7761    25.1889 -9.990e-29
 284.614560      0.895  36.052985    10.1610     6.9250      0.888    32.7761    25.1889 -9.990e-29
 284.614566      0.898  36.053010    10.1606     6.9377      0.891    32.7765    25.1892 -9.990e-29
 284.614572      0.904  36.053031    10.1602     6.9234      0.896    32.7769    25.1896 -9.990e-29
 284.614578      0.909  36.053059    10.1599     6.9125      0.901    32.7772    25.1899 -9.990e-29
 284.614583      0.912  36.053115    10.1599     6.9067      0.904    32.7772    25.1899 -9.990e-29
 284.614589      0.915  36.053257    10.1603     6.9102      0.907    32.7770    25.1897 -9.990e-29
 284.614595      0.917  36.053655    10.1610     6.9212      0.909    32.7768    25.1894 -9.990e-29
 284.614601      0.919  36.054265    10.1617     6.9178      0.911    32.7768    25.1893 -9.990e-29
 284.614606      0.920  36.054762    10.1621     6.9139      0.912    32.7769    25.1893 -9.990e-29
 284.614612      0.921  36.055232    10.1622     6.9103      0.913    32.7773    25.1896 -9.990e-29
 284.614618      0.922  36.055727    10.1621     6.9195      0.914    32.7779    25.1901 -9.990e-29
 284.614624      0.923  36.055767    10.1619     6.9324      0.915    32.7781    25.1903 -9.990e-29
 284.614630      0.923  36.055390    10.1622     6.9341      0.915    32.7774    25.1897 -9.990e-29
 284.614635      0.924  36.055197    10.1629     6.9394      0.916    32.7766    25.1889 -9.990e-29
 284.614641      0.924  36.055473    10.1634     6.9360      0.916    32.7764    25.1887 -9.990e-29
 284.614647      0.924  36.056010    10.1633     6.9259      0.916    32.7771    25.1892 -9.990e-29
 284.614653      0.924  36.056386    10.1632     6.9152      0.916    32.7775    25.1896 -9.990e-29
 284.614659      0.925  36.056524    10.1634     6.9169      0.917    32.7775    25.1895 -9.990e-29
 284.614664      0.925  36.056593    10.1634     6.9204      0.917    32.7776    25.1896 -9.990e-29
 284.614670      0.925  36.056668    10.1633     6.9253      0.917    32.7777    25.1897 -9.990e-29
 284.614676      0.925  36.056273    10.1633     6.9271      0.917    32.7773    25.1894 -9.990e-29
 284.614682      0.925  36.054863    10.1634     6.9089      0.917    32.7758    25.1882 -9.990e-29
 284.614688      0.925  36.053342    10.1631     6.9052      0.917    32.7745    25.1873 -9.990e-29
 284.614693      0.925  36.052467    10.1614     6.9052      0.917    32.7752    25.1881 -9.990e-29
 284.614699      0.925  36.051615    10.1584     6.9088      0.917    32.7771    25.1900 -9.990e-29
 284.614705      0.925  36.050753    10.1559     6.9162      0.917    32.7784    25.1916 -9.990e-29
 284.614711      0.925  36.050954    10.1551     6.9235      0.917    32.7794    25.1924 -9.990e-29
 284.614716      0.925  36.052466    10.1561     6.9325      0.917    32.7800    25.1927 -9.990e-29
 284.614722      0.925  36.053929    10.1578     6.9274      0.917    32.7799    25.1924 -9.990e-29
 284.614728      0.925  36.055036    10.1591     6.9168      0.917    32.7799    25.1921 -9.990e-29
 284.614734      0.925  36.056125    10.1598     6.9021      0.917    32.7803    25.1924 -9.990e-29
 284.614740      0.925  36.056391    10.1602     6.8984      0.917    32.7803    25.1922 -9.990e-29
 284.614745      0.926  36.056173    10.1604     6.9039      0.918    32.7799    25.1919 -9.990e-29
 284.614751      0.926  36.056284    10.1606     6.9094      0.918    32.7798    25.1918 -9.990e-29
 284.614757      0.926  36.056294    10.1607     6.9059      0.918    32.7797    25.1917 -9.990e-29
 284.614763      0.926  36.055639    10.1606     6.9111      0.918    32.7791    25.1913 -9.990e-29
 284.614769      0.927  36.054549    10.1600     6.9128      0.919    32.7786    25.1910 -9.990e-29
 284.614774      0.927  36.053797    10.1589     6.9146      0.919    32.7788    25.1913 -9.990e-29
 284.614780      0.928  36.053483    10.1579     6.9094      0.920    32.7794    25.1920 -9.990e-29
 284.614786      0.929  36.053169    10.1576     6.9109      0.921    32.7793    25.1920 -9.990e-29
 284.614792      0.930  36.052981    10.1575     6.9127      0.922    32.7792    25.1919 -9.990e-29
 284.614797      0.931  36.053210    10.1573     6.9216      0.923    32.7797    25.1923 -9.990e-29
 284.614803      0.933  36.053587    10.1570     6.9253      0.925    32.7803    25.1928 -9.990e-29
 284.614809      0.935  36.054037    10.1570     6.9074      0.927    32.7808    25.1932 -9.990e-29
 284.614815      0.938  36.054580    10.1574     6.9160      0.930    32.7810    25.1933 -9.990e-29
 284.614821      0.941  36.055365    10.1583     6.9161      0.933    32.7809    25.1931 -9.990e-29
 284.614826      0.946  36.056302    10.1592     6.9195      0.938    32.7811    25.1930 -9.990e-29
 284.614832      0.952  36.056382    10.1597     6.9301      0.944    32.7807    25.1927 -9.990e-29
 284.614838      0.955  36.055696    10.1597     6.9249      0.947    32.7800    25.1921 -9.990e-29
 284.614844      0.952  36.055551    10.1598     6.9248      0.944    32.7798    25.1919 -9.990e-29
 284.614850      0.946  36.056297    10.1599     6.9305      0.938    32.7804    25.1924 -9.990e-29
 284.614855      0.942  36.057232    10.1598     6.9286      0.934    32.7815    25.1932 -9.990e-29
 284.614861      0.938  36.057905    10.1599     6.9359      0.930    32.7821    25.1937 -9.990e-29
 284.614867      0.936  36.058078    10.1606     6.9287      0.928    32.7816    25.1932 -9.990e-29
 284.614873      0.934  36.057964    10.1614     6.9305      0.926    32.7808    25.1924 -9.990e-29
 284.614878      0.933  36.057953    10.1625     6.9304      0.925    32.7797    25.1915 -9.990e-29
 284.614884      0.932  36.058015    10.1633     6.9213      0.924    32.7791    25.1908 -9.990e-29
 284.614890      0.931  36.058215    10.1633     6.9212      0.923    32.7793    25.1910 -9.990e-29
 284.614896      0.931  36.058245    10.1626     6.9104      0.923    32.7800    25.1916 -9.990e-29
 284.614902      0.932  36.058126    10.1620     6.9103      0.924    32.7804    25.1920 -9.990e-29
 284.614907      0.933  36.058244    10.1617     6.9210      0.925    32.7808    25.1924 -9.990e-29
 284.614913      0.934  36.058179    10.1614     6.9176      0.926    32.7810    25.1926 -9.990e-29
 284.614919      0.936  36.057826    10.1610     6.9120      0.928    32.7810    25.1927 -9.990e-29
 284.614925      0.939  36.057817    10.1608     6.9083      0.931    32.7811    25.1928 -9.990e-29
 284.614931      0.942  36.058125    10.1609     6.9061      0.934    32.7814    25.1930 -9.990e-29
 284.614936      0.947  36.058583    10.1612     6.9192      0.939    32.7816    25.1931 -9.990e-29
 284.614942      0.952  36.059224    10.1617     6.9245      0.944    32.7817    25.1932 -9.990e-29
 284.614948      0.960  36.059766    10.1621     6.9243      0.952    32.7819    25.1932 -9.990e-29
 284.614954      0.965  36.060353    10.1624     6.9008      0.957    32.7823    25.1934 -9.990e-29
 284.614959      0.965  36.060631    10.1625     6.8989      0.957    32.7824    25.1936 -9.990e-29
 284.614965      0.963  36.060395    10.1626     6.9080      0.955    32.7821    25.1933 -9.990e-29
 284.614971      0.963  36.060433    10.1631     6.9225      0.955    32.7817    25.1929 -9.990e-29
 284.614977      0.966  36.060780    10.1638     6.9336      0.958    32.7814    25.1925 -9.990e-29
 284.614983      0.972  36.061322    10.1645     6.9350      0.964    32.7813    25.1924 -9.990e-29
 284.614988      0.980  36.062204    10.1649     6.9170      0.972    32.7819    25.1927 -9.990e-29
 284.614994      0.987  36.062905    10.1651     6.9097      0.979    32.7824    25.1931 -9.990e-29
 284.615000      0.990  36.063222    10.1656     6.9149      0.982    32.7822    25.1929 -9.990e-29
 284.615006      0.993  36.063561    10.1661     6.9093      0.985    32.7821    25.1927 -9.990e-29
 284.615012      0.996  36.063795    10.1661     6.9222      0.988    32.7824    25.1929 -9.990e-29
 284.615017      0.995  36.063661    10.1658     6.9221      0.987    32.7825    25.1931 -9.990e-29
 284.615023      0.995  36.063522    10.1658     6.9200      0.987    32.7824    25.1929 -9.990e-29
 284.615029      0.998  36.063737    10.1662     6.9222      0.990    32.7822    25.1928 -9.990e-29
 284.615035      1.002  36.064016    10.1666     6.9184      0.994    32.7821    25.1926 -9.990e-29
 284.615041      1.003  36.064155    10.1668     6.9181      0.995    32.7821    25.1926 -9.990e-29
 284.615046      1.004  36.064321    10.1671     6.9253      0.996    32.7820    25.1924 -9.990e-29
 284.615052      1.006  36.064717    10.1676     6.9274      0.998    32.7819    25.1923 -9.990e-29
 284.615058      1.004  36.065296    10.1681     6.9272      0.996    32.7821    25.1923 -9.990e-29
 284.615064      1.003  36.065692    10.1685     6.9181      0.995    32.7821    25.1923 -9.990e-29
 284.615069      1.008  36.065855    10.1691     6.9056      1.000    32.7817    25.1919 -9.990e-29
 284.615075      1.013  36.065986    10.1695     6.8964      1.005    32.7815    25.1916 -9.990e-29
 284.615081      1.015  36.066244    10.1694     6.9036      1.007    32.7818    25.1919 -9.990e-29
 284.615087      1.014  36.066397    10.1695     6.9182      1.006    32.7819    25.1920 -9.990e-29
 284.615093      1.011  36.066071    10.1699     6.9331      1.003    32.7812    25.1914 -9.990e-29
 284.615098      1.009  36.065932    10.1703     6.9366      1.001    32.7807    25.1909 -9.990e-29
 284.615104      1.012  36.066341    10.1704     6.9239      1.004    32.7810    25.1911 -9.990e-29
 284.615110      1.016  36.066706    10.1705     6.9164      1.008    32.7813    25.1913 -9.990e-29
 284.615116      1.017  36.066934    10.1706     6.9129      1.009    32.7815    25.1914 -9.990e-29
 284.615122      1.020  36.066942    10.1706     6.9218      1.011    32.7815    25.1914 -9.990e-29
 284.615127      1.025  36.066725    10.1705     6.9345      1.016    32.7813    25.1913 -9.990e-29
 284.615133      1.028  36.066700    10.1704     6.9362      1.019    32.7814    25.1914 -9.990e-29
 284.615139      1.033  36.066772    10.1701     6.9342      1.024    32.7817    25.1917 -9.990e-29
 284.615145      1.044  36.066608    10.1698     6.9292      1.035    32.7818    25.1919 -9.990e-29
 284.615150      1.059  36.066495    10.1699     6.9252      1.050    32.7816    25.1917 -9.990e-29
 284.615156      1.070  36.066791    10.1701     6.9175      1.061    32.7817    25.1917 -9.990e-29
 284.615162      1.073  36.067278    10.1701     6.9232      1.064    32.7822    25.1921 -9.990e-29
 284.615168      1.072  36.067435    10.1702     6.9252      1.063    32.7823    25.1922 -9.990e-29
 284.615174      1.073  36.067419    10.1702     6.9194      1.064    32.7823    25.1921 -9.990e-29
 284.615179      1.069  36.067715    10.1701     6.9196      1.060    32.7827    25.1925 -9.990e-29
 284.615185      1.062  36.068108    10.1704     6.9160      1.053    32.7828    25.1925 -9.990e-29
 284.615191      1.060  36.068507    10.1709     6.9178      1.051    32.7828    25.1924 -9.990e-29
 284.615197      1.066  36.068835    10.1711     6.9143      1.057    32.7829    25.1925 -9.990e-29
 284.615203      1.077  36.068915    10.1717     6.9125      1.068    32.7824    25.1920 -9.990e-29
 284.615208      1.085  36.069362    10.1725     6.9123      1.076    32.7822    25.1917 -9.990e-29
 284.615214      1.090  36.070161    10.1727     6.9214      1.081    32.7828    25.1921 -9.990e-29
 284.615220      1.097  36.070645    10.1726     6.9343      1.088    32.7834    25.1926 -9.990e-29
 284.615226      1.102  36.070848    10.1727     6.9286      1.093    32.7835    25.1926 -9.990e-29
 284.615231      1.106  36.070987    10.1729     6.9175      1.097    32.7834    25.1926 -9.990e-29
 284.615237      1.112  36.071196    10.1729     6.9034      1.103    32.7836    25.1927 -9.990e-29
 284.615243      1.118  36.071142    10.1729     6.8926      1.109    32.7836    25.1927 -9.990e-29
 284.615249      1.123  36.070141    10.1730     6.8961      1.114    32.7825    25.1918 -9.990e-29
 284.615255      1.132  36.069047    10.1731     6.9015      1.123    32.7813    25.1909 -9.990e-29
 284.615260      1.141  36.069149    10.1732     6.9143      1.131    32.7813    25.1909 -9.990e-29
 284.615266      1.147  36.069973    10.1730     6.9340      1.137    32.7823    25.1917 -9.990e-29
 284.615272      1.150  36.070884    10.1729     6.9305      1.140    32.7833    25.1925 -9.990e-29
 284.615278      1.150  36.071363    10.1732     6.9267      1.140    32.7835    25.1926 -9.990e-29
 284.615284      1.148  36.071438    10.1732     6.9194      1.138    32.7836    25.1927 -9.990e-29
 284.615289      1.147  36.071716    10.1727     6.9140      1.137    32.7843    25.1933 -9.990e-29
 284.615295      1.151  36.071957    10.1726     6.9178      1.141    32.7847    25.1936 -9.990e-29
 284.615301      1.157  36.071870    10.1728     6.9177      1.147    32.7844    25.1933 -9.990e-29
 284.615307      1.161  36.071846    10.1730     6.9175      1.151    32.7842    25.1932 -9.990e-29
 284.615313      1.162  36.072362    10.1733     6.9178      1.152    32.7844    25.1933 -9.990e-29
 284.615318      1.161  36.072932    10.1736     6.9105      1.151    32.7847    25.1935 -9.990e-29
