data/oxygen options/OCNMS/OCNMS1/raw_data/2012/CAST_TH042_120719faed.cnv
* Sea-Bird SBE19 Data File:
* FileName = C:\Documents and Settings\OCNMS\Desktop\2012 mooring data\1st service\CAST_TH042_120719.hex
* Software Version 1.25
* Temperature SN = 2997
* Conductivity SN = 2997
* System UpLoad Time = Jul 20 2012 06:04:07
** CAST_TH042_120719
* SEACAT PROFILER V3.1c SN 2997   07/20/12  06:03:17.616
# nquan = 9                                 
# nvalues = 987                         
# units = specified
# name 0 = timeJ: Julian Days
# name 1 = prSM: Pressure, Strain Gauge [db]
# name 2 = c0mS/cm: Conductivity [mS/cm]
# name 3 = t090C: Temperature [ITS-90, deg C]
# name 4 = sbeox0ML/L: Oxygen, SBE 43 [ml/l]
# name 5 = depSM: Depth [salt water, m], lat = 47.5
# name 6 = sal00: Salinity, Practical [PSU]
# name 7 = sigma-é00: Density [sigma-theta, kg/m^3]
# name 8 = flag: flag
# span 0 = 201.641516, 201.647222       
# span 1 =     -5.696,     43.173       
# span 2 =   0.100094,  37.986059       
# span 3 =     7.7343,    15.3677       
# span 4 =    -1.7462,    17.6510       
# span 5 =     -5.649,     42.808       
# span 6 =     0.0605,    33.3845       
# span 7 =    -0.8737,    26.0411       
# span 8 = 0.0000e+00, 0.0000e+00       
# interval = seconds: 0.5
# start_time = Jul 19 2012 15:23:47 [Instrument's time stamp, header]
# bad_flag = -9.990e-29
*END*
 201.641516     -5.696 -9.990e-29    14.6478    -1.7453     -5.649 -9.990e-29 -9.990e-29 -9.990e-29
 201.641522     -5.663   0.113377    14.6481    -1.7454     -5.616     0.0687    -0.7933 -9.990e-29
 201.641528     -5.626   0.113377    14.6496    -1.7455     -5.579     0.0687    -0.7935 -9.990e-29
 201.641534     -5.590   0.113377    14.6516    -1.7455     -5.543     0.0687    -0.7938 -9.990e-29
 201.641539     -5.557   0.113377    14.6532    -1.7457     -5.511     0.0687    -0.7940 -9.990e-29
 201.641545     -5.524   0.113376    14.6536    -1.7455     -5.478     0.0687    -0.7941 -9.990e-29
 201.641551     -5.491   0.113375    14.6516    -1.7454     -5.445     0.0687    -0.7938 -9.990e-29
 201.641557     -5.455   0.113370    14.6469    -1.7453     -5.410     0.0687    -0.7931 -9.990e-29
 201.641562     -5.413   0.113356    14.6405    -1.7456     -5.368     0.0687    -0.7922 -9.990e-29
 201.641568     -5.368   0.113315    14.6346    -1.7456     -5.323     0.0687    -0.7913 -9.990e-29
 201.641574     -5.325   0.113192    14.6308    -1.7458     -5.281     0.0686    -0.7908 -9.990e-29
 201.641580     -5.285   0.112823    14.6286    -1.7457     -5.241     0.0684    -0.7907 -9.990e-29
 201.641586     -5.245   0.112271    14.6271    -1.7457     -5.201     0.0681    -0.7907 -9.990e-29
 201.641591     -5.204   0.111906    14.6265    -1.7457     -5.161     0.0679    -0.7908 -9.990e-29
 201.641597     -5.163   0.111795    14.6277    -1.7458     -5.120     0.0678    -0.7910 -9.990e-29
 201.641603     -5.129   0.111791    14.6293    -1.7459     -5.086     0.0678    -0.7912 -9.990e-29
 201.641609     -5.102   0.111891    14.6291    -1.7460     -5.059     0.0679    -0.7911 -9.990e-29
 201.641615     -5.082   0.112226    14.6269    -1.7459     -5.040     0.0681    -0.7907 -9.990e-29
 201.641620     -5.067   0.112691    14.6244    -1.7459     -5.025     0.0683    -0.7901 -9.990e-29
 201.641626     -5.051   0.112800    14.6229    -1.7459     -5.009     0.0684    -0.7898 -9.990e-29
 201.641632     -5.031   0.112697    14.6227    -1.7459     -4.989     0.0683    -0.7898 -9.990e-29
 201.641638     -5.008   0.112799    14.6229    -1.7459     -4.966     0.0684    -0.7898 -9.990e-29
 201.641644     -4.985   0.112689    14.6223    -1.7461     -4.943     0.0683    -0.7898 -9.990e-29
 201.641649     -4.961   0.112222    14.6209    -1.7460     -4.920     0.0681    -0.7898 -9.990e-29
 201.641655     -4.935   0.111882    14.6191    -1.7461     -4.894     0.0679    -0.7897 -9.990e-29
 201.641661     -4.905   0.111768    14.6181    -1.7462     -4.864     0.0678    -0.7896 -9.990e-29
 201.641667     -4.873   0.111729    14.6183    -1.7460     -4.832     0.0678    -0.7896 -9.990e-29
 201.641672     -4.841   0.111716    14.6187    -1.7459     -4.801     0.0678    -0.7897 -9.990e-29
 201.641678     -4.808   0.111711    14.6189    -1.7455     -4.768     0.0678    -0.7897 -9.990e-29
 201.641684     -4.775   0.111708    14.6189    -1.7452     -4.735     0.0678    -0.7897 -9.990e-29
 201.641690     -4.745   0.111703    14.6183    -1.7448     -4.705     0.0678    -0.7896 -9.990e-29
 201.641696     -4.715   0.111691    14.6173    -1.7446     -4.676     0.0678    -0.7895 -9.990e-29
 201.641701     -4.685   0.111654    14.6169    -1.7446     -4.646     0.0677    -0.7894 -9.990e-29
 201.641707     -4.652   0.111543    14.6167    -1.7445     -4.613     0.0677    -0.7895 -9.990e-29
 201.641713     -4.618   0.111212    14.6170    -1.7446     -4.580     0.0675    -0.7897 -9.990e-29
 201.641719     -4.589   0.110772    14.6191    -1.7446     -4.551     0.0672    -0.7902 -9.990e-29
 201.641725     -4.564   0.110744    14.6242    -1.7445     -4.526     0.0672    -0.7909 -9.990e-29
 201.641730     -4.537   0.111092    14.6317    -1.7447     -4.499     0.0674    -0.7919 -9.990e-29
 201.641736     -4.511   0.111174    14.6398    -1.7448     -4.473     0.0674    -0.7930 -9.990e-29
 201.641742     -4.487   0.111098    14.6472    -1.7448     -4.450     0.0674    -0.7942 -9.990e-29
 201.641748     -4.465   0.111319    14.6526    -1.7443     -4.428     0.0675    -0.7949 -9.990e-29
 201.641753     -4.444   0.111577    14.6554    -1.7441     -4.407     0.0676    -0.7952 -9.990e-29
 201.641759     -4.421   0.111663    14.6565    -1.7439     -4.384     0.0677    -0.7953 -9.990e-29
 201.641765     -4.395   0.111691    14.6566    -1.7436     -4.358     0.0677    -0.7953 -9.990e-29
 201.641771     -4.369   0.111700    14.6566    -1.7432     -4.333     0.0677    -0.7953 -9.990e-29
 201.641777     -4.346   0.111703    14.6564    -1.7428     -4.310     0.0677    -0.7953 -9.990e-29
 201.641782     -4.319   0.111702    14.6555    -1.7425     -4.283     0.0677    -0.7951 -9.990e-29
 201.641788     -4.288   0.111697    14.6552    -1.7421     -4.252     0.0677    -0.7951 -9.990e-29
 201.641794     -4.259   0.111683    14.6579    -1.7418     -4.223     0.0677    -0.7955 -9.990e-29
 201.641800     -4.234   0.111642    14.6639    -1.7410     -4.199     0.0677    -0.7964 -9.990e-29
 201.641806     -4.211   0.111519    14.6707    -1.7403     -4.176     0.0676    -0.7975 -9.990e-29
 201.641811     -4.189   0.111150    14.6776    -1.7399     -4.154     0.0674    -0.7986 -9.990e-29
 201.641817     -4.168   0.110596    14.6858    -1.7392     -4.133     0.0670    -0.8001 -9.990e-29
 201.641823     -4.144   0.110227    14.6951    -1.7386     -4.109     0.0668    -0.8017 -9.990e-29
 201.641829     -4.118   0.110103    14.7049    -1.7382     -4.084     0.0667    -0.8032 -9.990e-29
 201.641834     -4.087   0.110062    14.7149    -1.7380     -4.053     0.0667    -0.8047 -9.990e-29
 201.641840     -4.053   0.110048    14.7256    -1.7379     -4.019     0.0667    -0.8063 -9.990e-29
 201.641846     -4.024   0.110043    14.7384    -1.7377     -3.990     0.0666    -0.8082 -9.990e-29
 201.641852     -4.001   0.110041    14.7540    -1.7375     -3.968     0.0666    -0.8105 -9.990e-29
 201.641858     -3.978   0.110040    14.7704    -1.7377     -3.945     0.0666    -0.8129 -9.990e-29
 201.641863     -3.950   0.110040    14.7861    -1.7375     -3.917     0.0666    -0.8153 -9.990e-29
 201.641869     -3.924   0.110040    14.8011    -1.7377     -3.891     0.0666    -0.8175 -9.990e-29
 201.641875     -3.906   0.110040    14.8146    -1.7379     -3.873     0.0665    -0.8196 -9.990e-29
 201.641881     -3.892   0.110039    14.8252    -1.7382     -3.860     0.0665    -0.8211 -9.990e-29
 201.641887     -3.875   0.110039    14.8324    -1.7384     -3.843     0.0665    -0.8222 -9.990e-29
 201.641892     -3.860   0.110039    14.8375    -1.7383     -3.828     0.0665    -0.8230 -9.990e-29
 201.641898     -3.849   0.110038    14.8414    -1.7384     -3.817     0.0665    -0.8236 -9.990e-29
 201.641904     -3.838   0.110038    14.8439    -1.7385     -3.806     0.0665    -0.8239 -9.990e-29
 201.641910     -3.821   0.110038    14.8447    -1.7385     -3.789     0.0665    -0.8241 -9.990e-29
 201.641916     -3.802   0.110037    14.8440    -1.7383     -3.770     0.0665    -0.8240 -9.990e-29
 201.641921     -3.784   0.110037    14.8411    -1.7378     -3.752     0.0665    -0.8235 -9.990e-29
 201.641927     -3.766   0.110036    14.8364    -1.7376     -3.735     0.0665    -0.8228 -9.990e-29
 201.641933     -3.746   0.110034    14.8315    -1.7373     -3.715     0.0665    -0.8221 -9.990e-29
 201.641939     -3.723   0.110029    14.8282    -1.7373     -3.692     0.0665    -0.8216 -9.990e-29
 201.641944     -3.700   0.110015    14.8266    -1.7373     -3.669     0.0665    -0.8214 -9.990e-29
 201.641950     -3.680   0.109974    14.8254    -1.7372     -3.649     0.0665    -0.8212 -9.990e-29
 201.641956     -3.662   0.109851    14.8250    -1.7372     -3.631     0.0664    -0.8212 -9.990e-29
 201.641962     -3.644   0.109482    14.8271    -1.7371     -3.614     0.0662    -0.8217 -9.990e-29
 201.641968     -3.625   0.108928    14.8324    -1.7371     -3.595     0.0659    -0.8227 -9.990e-29
 201.641973     -3.605   0.108559    14.8396    -1.7371     -3.575     0.0657    -0.8240 -9.990e-29
 201.641979     -3.581   0.108435    14.8466    -1.7371     -3.551     0.0656    -0.8251 -9.990e-29
 201.641985     -3.553   0.108394    14.8520    -1.7369     -3.523     0.0655    -0.8259 -9.990e-29
 201.641991     -3.522   0.108380    14.8551    -1.7370     -3.493     0.0655    -0.8264 -9.990e-29
 201.641997     -3.496   0.108375    14.8566    -1.7369     -3.467     0.0655    -0.8266 -9.990e-29
 201.642002     -3.477   0.108373    14.8579    -1.7370     -3.448     0.0655    -0.8268 -9.990e-29
 201.642008     -3.460   0.108372    14.8597    -1.7370     -3.431     0.0655    -0.8271 -9.990e-29
 201.642014     -3.438   0.108372    14.8614    -1.7369     -3.409     0.0655    -0.8273 -9.990e-29
 201.642020     -3.416   0.108372    14.8623    -1.7368     -3.388     0.0655    -0.8275 -9.990e-29
 201.642025     -3.396   0.108372    14.8627    -1.7367     -3.368     0.0655    -0.8275 -9.990e-29
 201.642031     -3.376   0.108371    14.8640    -1.7363     -3.348     0.0655    -0.8277 -9.990e-29
 201.642037     -3.356   0.108371    14.8658    -1.7360     -3.328     0.0655    -0.8280 -9.990e-29
 201.642043     -3.334   0.108371    14.8666    -1.7356     -3.306     0.0655    -0.8281 -9.990e-29
 201.642049     -3.313   0.108370    14.8666    -1.7354     -3.285     0.0655    -0.8281 -9.990e-29
 201.642054     -3.296   0.108370    14.8666    -1.7354     -3.269     0.0655    -0.8281 -9.990e-29
 201.642060     -3.282   0.108370    14.8672    -1.7355     -3.255     0.0655    -0.8282 -9.990e-29
 201.642066     -3.270   0.108369    14.8690    -1.7357     -3.243     0.0655    -0.8285 -9.990e-29
 201.642072     -3.255   0.108367    14.8723    -1.7358     -3.228     0.0655    -0.8290 -9.990e-29
 201.642078     -3.232   0.108362    14.8777    -1.7360     -3.205     0.0655    -0.8298 -9.990e-29
 201.642083     -3.203   0.108349    14.8851    -1.7360     -3.176     0.0655    -0.8309 -9.990e-29
 201.642089     -3.175   0.108309    14.8934    -1.7360     -3.149     0.0654    -0.8322 -9.990e-29
 201.642095     -3.152   0.108190    14.9008    -1.7358     -3.126     0.0654    -0.8333 -9.990e-29
 201.642101     -3.130   0.107834    14.9055    -1.7356     -3.104     0.0652    -0.8342 -9.990e-29
 201.642106     -3.110   0.107321    14.9066    -1.7356     -3.084     0.0649    -0.8346 -9.990e-29
 201.642112     -3.089   0.107074    14.9048    -1.7354     -3.063     0.0647    -0.8344 -9.990e-29
 201.642118     -3.066   0.107315    14.9020    -1.7351     -3.040     0.0649    -0.8339 -9.990e-29
 201.642124     -3.040   0.107813    14.8990    -1.7348     -3.015     0.0651    -0.8332 -9.990e-29
 201.642130     -3.009   0.108127    14.8968    -1.7350     -2.984     0.0653    -0.8328 -9.990e-29
 201.642135     -2.975   0.108123    14.8964    -1.7354     -2.950     0.0653    -0.8327 -9.990e-29
 201.642141     -2.946   0.107793    14.8981    -1.7361     -2.921     0.0651    -0.8331 -9.990e-29
 201.642147     -2.923   0.107252    14.9011    -1.7367     -2.899     0.0648    -0.8338 -9.990e-29
 201.642153     -2.905   0.106888    14.9045    -1.7370     -2.881     0.0646    -0.8345 -9.990e-29
 201.642159     -2.891   0.106766    14.9078    -1.7372     -2.867     0.0645    -0.8350 -9.990e-29
 201.642164     -2.879   0.106725    14.9120    -1.7378     -2.855     0.0645    -0.8357 -9.990e-29
 201.642170     -2.870   0.106711    14.9170    -1.7388     -2.846     0.0645    -0.8364 -9.990e-29
 201.642176     -2.862   0.106706    14.9195    -1.7390     -2.838     0.0645    -0.8368 -9.990e-29
 201.642182     -2.855   0.106704    14.9162    -1.7393     -2.831     0.0645    -0.8363 -9.990e-29
 201.642188     -2.849   0.106703    14.9068    -1.7396     -2.825     0.0645    -0.8349 -9.990e-29
 201.642193     -2.843   0.106703    14.8937    -1.7395     -2.819     0.0645    -0.8329 -9.990e-29
 201.642199     -2.837   0.106703    14.8807    -1.7398     -2.813     0.0645    -0.8310 -9.990e-29
 201.642205     -2.830   0.106702    14.8695    -1.7401     -2.806     0.0645    -0.8293 -9.990e-29
 201.642211     -2.823   0.106702    14.8579    -1.7402     -2.799     0.0646    -0.8275 -9.990e-29
 201.642216     -2.813   0.106702    14.8432    -1.7408     -2.790     0.0646    -0.8253 -9.990e-29
 201.642222     -2.802   0.106701    14.8277    -1.7411     -2.779     0.0646    -0.8230 -9.990e-29
 201.642228     -2.788   0.106700    14.8159    -1.7411     -2.765     0.0646    -0.8212 -9.990e-29
 201.642234     -2.770   0.106699    14.8078    -1.7410     -2.747     0.0646    -0.8200 -9.990e-29
 201.642240     -2.747   0.106696    14.8021    -1.7409     -2.724     0.0646    -0.8192 -9.990e-29
 201.642245     -2.722   0.106687    14.7980    -1.7413     -2.699     0.0646    -0.8186 -9.990e-29
 201.642251     -2.698   0.106658    14.7933    -1.7415     -2.676     0.0646    -0.8179 -9.990e-29
 201.642257     -2.673   0.106572    14.7873    -1.7414     -2.651     0.0646    -0.8170 -9.990e-29
 201.642263     -2.650   0.106313    14.7797    -1.7412     -2.628     0.0644    -0.8160 -9.990e-29
 201.642269     -2.632   0.106088    14.7713    -1.7411     -2.610     0.0643    -0.8148 -9.990e-29
 201.642274     -2.617   0.106150    14.7653    -1.7414     -2.595     0.0643    -0.8139 -9.990e-29
 201.642280     -2.605   0.106028    14.7631    -1.7416     -2.583     0.0643    -0.8136 -9.990e-29
 201.642286     -2.594   0.105557    14.7627    -1.7414     -2.572     0.0640    -0.8138 -9.990e-29
 201.642292     -2.585   0.105216    14.7610    -1.7409     -2.563     0.0638    -0.8137 -9.990e-29
 201.642297     -2.576   0.105103    14.7573    -1.7406     -2.555     0.0638    -0.8132 -9.990e-29
 201.642303     -2.567   0.105065    14.7545    -1.7407     -2.546     0.0637    -0.8128 -9.990e-29
 201.642309     -2.558   0.105053    14.7548    -1.7407     -2.537     0.0637    -0.8128 -9.990e-29
 201.642315     -2.547   0.105049    14.7564    -1.7406     -2.526     0.0637    -0.8131 -9.990e-29
 201.642321     -2.534   0.105046    14.7563    -1.7402     -2.513     0.0637    -0.8131 -9.990e-29
 201.642326     -2.519   0.105041    14.7540    -1.7401     -2.498     0.0637    -0.8127 -9.990e-29
 201.642332     -2.499   0.105028    14.7533    -1.7400     -2.478     0.0637    -0.8126 -9.990e-29
 201.642338     -2.475   0.104988    14.7577    -1.7397     -2.454     0.0637    -0.8133 -9.990e-29
 201.642344     -2.449   0.104866    14.7653    -1.7394     -2.429     0.0636    -0.8145 -9.990e-29
 201.642350     -2.427   0.104498    14.7710    -1.7390     -2.407     0.0634    -0.8155 -9.990e-29
 201.642355     -2.413   0.103946    14.7730    -1.7384     -2.393     0.0631    -0.8161 -9.990e-29
 201.642361     -2.405   0.103580    14.7743    -1.7383     -2.385     0.0629    -0.8164 -9.990e-29
 201.642367     -2.399   0.103467    14.7778    -1.7382     -2.379     0.0628    -0.8170 -9.990e-29
 201.642373     -2.391   0.103454    14.7830    -1.7380     -2.371     0.0628    -0.8178 -9.990e-29
 201.642378     -2.379   0.103522    14.7883    -1.7378     -2.359     0.0628    -0.8185 -9.990e-29
 201.642384     -2.363   0.103764    14.7940    -1.7377     -2.343     0.0629    -0.8193 -9.990e-29
 201.642390     -2.347   0.103948    14.8009    -1.7376     -2.327     0.0630    -0.8202 -9.990e-29
 201.642396     -2.333   0.103763    14.8095    -1.7376     -2.314     0.0629    -0.8216 -9.990e-29
 201.642402     -2.320   0.103517    14.8194    -1.7377     -2.301     0.0628    -0.8232 -9.990e-29
 201.642407     -2.309   0.103435    14.8290    -1.7375     -2.290     0.0627    -0.8247 -9.990e-29
 201.642413     -2.297   0.103405    14.8360    -1.7375     -2.278     0.0627    -0.8257 -9.990e-29
 201.642419     -2.285   0.103387    14.8410    -1.7376     -2.266     0.0627    -0.8265 -9.990e-29
 201.642425     -2.275   0.103357    14.8454    -1.7375     -2.256     0.0626    -0.8271 -9.990e-29
 201.642431     -2.272   0.103275    14.8494    -1.7372     -2.253     0.0626    -0.8278 -9.990e-29
 201.642436     -2.271   0.103029    14.8526    -1.7369     -2.252     0.0624    -0.8284 -9.990e-29
