data/oxygen options/OCNMS/OCNMS1/raw_data/2012/CAST_MB015_120523faed.cnv
* Sea-Bird SBE19 Data File:
* FileName = C:\Documents and Settings\OCNMS\Desktop\2012 mooring data\Deployment May\CAST_MB015_120523.hex
* Software Version 1.25
* Temperature SN = 2997
* Conductivity SN = 2997
* System UpLoad Time = May 25 2012 14:59:40
** CAST_MB015_120523
* SEACAT PROFILER V3.1c SN 2997   05/25/12  14:56:46.562
# nquan = 9                                 
# nvalues = 927                         
# units = specified
# name 0 = timeJ: Julian Days
# name 1 = prSM: Pressure, Strain Gauge [db]
# name 2 = c0mS/cm: Conductivity [mS/cm]
# name 3 = t090C: Temperature [ITS-90, deg C]
# name 4 = sbeox0ML/L: Oxygen, SBE 43 [ml/l]
# name 5 = depSM: Depth [salt water, m], lat = 47.5
# name 6 = sal00: Salinity, Practical [PSU]
# name 7 = sigma-é00: Density [sigma-theta, kg/m^3]
# name 8 = flag: flag
# span 0 = 144.479769, 144.485127       
# span 1 =     -5.172,     11.631       
# span 2 =   0.003147,  34.653438       
# span 3 =     9.2107,    10.2720       
# span 4 =   -16.1123,    17.7593       
# span 5 =     -5.129,     11.534       
# span 6 =     0.0058,    31.6707       
# span 7 =    -0.2536,    24.3852       
# span 8 = 0.0000e+00, 0.0000e+00       
# interval = seconds: 0.5
# start_time = May 23 2012 11:30:52 [Instrument's time stamp, header]
# bad_flag = -9.990e-29
*END*
[from data line 801]
 144.484404     10.099  34.620899     9.8302     6.2556     10.014    31.6174    24.3397 -9.990e-29
 144.484410     10.110  34.620878     9.8303     6.2667     10.025    31.6172    24.3396 -9.990e-29
 144.484416     10.131  34.620815     9.8304     6.2688     10.046    31.6171    24.3394 -9.990e-29
 144.484421     10.155  34.620673     9.8304     6.2690     10.070    31.6169    24.3393 -9.990e-29
 144.484427     10.171  34.620308     9.8302     6.2762     10.086    31.6167    24.3392 -9.990e-29
 144.484433     10.180  34.619837     9.8299     6.2760     10.095    31.6165    24.3391 -9.990e-29
 144.484439     10.190  34.619798     9.8300     6.2817     10.105    31.6164    24.3389 -9.990e-29
 144.484444     10.204  34.620188     9.8302     6.2912     10.119    31.6166    24.3391 -9.990e-29
 144.484450     10.212  34.620452     9.8302     6.2966     10.127    31.6169    24.3393 -9.990e-29
 144.484456     10.215  34.620428     9.8302     6.2985     10.129    31.6168    24.3393 -9.990e-29
 144.484462     10.218  34.620127     9.8303     6.3040     10.132    31.6164    24.3389 -9.990e-29
 144.484468     10.217  34.619755     9.8305     6.2992     10.131    31.6159    24.3385 -9.990e-29
 144.484473     10.208  34.619422     9.8309     6.3104     10.123    31.6152    24.3379 -9.990e-29
 144.484479     10.189  34.618730     9.8314     6.3204     10.104    31.6141    24.3369 -9.990e-29
 144.484485     10.165  34.617923     9.8318     6.3259     10.080    31.6129    24.3359 -9.990e-29
 144.484491     10.141  34.617652     9.8322     6.3166     10.056    31.6123    24.3354 -9.990e-29
 144.484497     10.121  34.617604     9.8325     6.2983     10.036    31.6120    24.3351 -9.990e-29
 144.484502     10.100  34.617201     9.8326     6.2829     10.015    31.6115    24.3347 -9.990e-29
 144.484508     10.070  34.616511     9.8331     6.2866      9.986    31.6104    24.3337 -9.990e-29
 144.484514     10.040  34.615222     9.8346     6.2939      9.956    31.6078    24.3315 -9.990e-29
 144.484520     10.020  34.613342     9.8363     6.3072      9.936    31.6044    24.3285 -9.990e-29
 144.484525     10.013  34.612895     9.8363     6.3184      9.929    31.6039    24.3282 -9.990e-29
 144.484531     10.019  34.614451     9.8351     6.3313      9.935    31.6066    24.3304 -9.990e-29
 144.484537     10.033  34.615650     9.8342     6.3257      9.949    31.6086    24.3321 -9.990e-29
 144.484543     10.049  34.615893     9.8336     6.2957      9.965    31.6093    24.3328 -9.990e-29
 144.484549     10.062  34.616110     9.8331     6.2751      9.978    31.6100    24.3334 -9.990e-29
 144.484554     10.070  34.616075     9.8332     6.2525      9.986    31.6098    24.3333 -9.990e-29
 144.484560     10.068  34.615789     9.8337     6.2583      9.984    31.6091    24.3327 -9.990e-29
 144.484566     10.062  34.615475     9.8339     6.2789      9.978    31.6086    24.3323 -9.990e-29
 144.484572     10.054  34.615322     9.8336     6.3035      9.970    31.6087    24.3324 -9.990e-29
 144.484578     10.044  34.615732     9.8336     6.3147      9.960    31.6092    24.3327 -9.990e-29
 144.484583     10.031  34.616179     9.8340     6.3276      9.947    31.6093    24.3327 -9.990e-29
 144.484589     10.015  34.616183     9.8345     6.3241      9.931    31.6088    24.3323 -9.990e-29
 144.484595      9.995  34.615795     9.8349     6.3160      9.911    31.6081    24.3317 -9.990e-29
 144.484601      9.974  34.615104     9.8353     6.3190      9.891    31.6071    24.3308 -9.990e-29
 144.484606      9.958  34.614356     9.8357     6.2978      9.875    31.6060    24.3299 -9.990e-29
 144.484612      9.952  34.613719     9.8355     6.2888      9.869    31.6055    24.3295 -9.990e-29
 144.484618      9.954  34.613513     9.8350     6.2916      9.871    31.6057    24.3298 -9.990e-29
 144.484624      9.965  34.614070     9.8345     6.2936      9.882    31.6067    24.3307 -9.990e-29
 144.484630      9.982  34.615058     9.8346     6.3030      9.898    31.6076    24.3314 -9.990e-29
 144.484635     10.000  34.615596     9.8354     6.2979      9.916    31.6075    24.3311 -9.990e-29
 144.484641     10.027  34.615327     9.8374     6.2924      9.943    31.6054    24.3292 -9.990e-29
 144.484647     10.062  34.614501     9.8409     6.2998      9.978    31.6015    24.3256 -9.990e-29
 144.484653     10.096  34.613743     9.8443     6.3035     10.011    31.5977    24.3221 -9.990e-29
 144.484659     10.118  34.613576     9.8442     6.3144     10.033    31.5976    24.3220 -9.990e-29
 144.484664     10.126  34.613799     9.8405     6.3144     10.041    31.6011    24.3253 -9.990e-29
 144.484670     10.115  34.613977     9.8376     6.3029     10.030    31.6038    24.3279 -9.990e-29
 144.484676     10.088  34.613798     9.8369     6.2842     10.004    31.6043    24.3284 -9.990e-29
 144.484682     10.066  34.613402     9.8366     6.2692      9.982    31.6042    24.3283 -9.990e-29
 144.484688     10.056  34.613381     9.8361     6.2690      9.972    31.6046    24.3287 -9.990e-29
 144.484693     10.045  34.613708     9.8357     6.2838      9.961    31.6053    24.3293 -9.990e-29
 144.484699     10.018  34.613697     9.8358     6.3020      9.934    31.6052    24.3293 -9.990e-29
 144.484705      9.969  34.613333     9.8361     6.3145      9.886    31.6046    24.3287 -9.990e-29
 144.484711      9.897  34.613252     9.8364     6.3213      9.814    31.6043    24.3284 -9.990e-29
 144.484716      9.800  34.613347     9.8367     6.3331      9.718    31.6041    24.3283 -9.990e-29
 144.484722      9.680  34.613182     9.8369     6.3361      9.599    31.6038    24.3280 -9.990e-29
 144.484728      9.540  34.613100     9.8373     6.3594      9.460    31.6035    24.3277 0.0000e+00
 144.484734      9.382  34.612991     9.8383     6.3896      9.303    31.6025    24.3268 0.0000e+00
 144.484740      9.209  34.612152     9.8397     6.4242      9.132    31.6005    24.3250 0.0000e+00
 144.484745      9.015  34.610584     9.8416     6.4796      8.940    31.5974    24.3222 0.0000e+00
 144.484751      8.791  34.608437     9.8442     6.5373      8.717    31.5930    24.3184 0.0000e+00
 144.484757      8.542  34.605651     9.8475     6.5870      8.471    31.5874    24.3135 0.0000e+00
 144.484763      8.275  34.602436     9.8520     6.6255      8.206    31.5803    24.3072 0.0000e+00
 144.484769      8.001  34.598432     9.8610     6.6434      7.934    31.5685    24.2965 0.0000e+00
 144.484774      7.727  34.589984     9.8748     6.6740      7.662    31.5480    24.2783 0.0000e+00
 144.484780      7.458  34.575916     9.8866     6.7187      7.396    31.5235    24.2573 0.0000e+00
 144.484786      7.193  34.564373     9.8934     6.7381      7.133    31.5060    24.2425 0.0000e+00
 144.484792      6.932  34.559581     9.9005     6.7647      6.874    31.4951    24.2328 0.0000e+00
 144.484797      6.677  34.556276     9.9104     6.7859      6.621    31.4832    24.2219 0.0000e+00
 144.484803      6.424  34.552854     9.9218     6.8102      6.370    31.4699    24.2097 0.0000e+00
 144.484809      6.169  34.550358     9.9340     6.8526      6.117    31.4569    24.1975 0.0000e+00
 144.484815      5.918  34.547703     9.9457     6.8846      5.869    31.4441    24.1857 0.0000e+00
 144.484821      5.672  34.545836     9.9547     6.8919      5.625    31.4345    24.1767 0.0000e+00
 144.484826      5.428  34.545634     9.9605     6.8923      5.383    31.4294    24.1717 0.0000e+00
 144.484832      5.187  34.545708     9.9648     6.8938      5.144    31.4258    24.1682 0.0000e+00
 144.484838      4.953  34.545039     9.9688     6.8915      4.912    31.4217    24.1644 0.0000e+00
 144.484844      4.726  34.543858     9.9729     6.8927      4.687    31.4171    24.1601 0.0000e+00
 144.484850      4.505  34.542275     9.9776     6.8913      4.467    31.4115    24.1550 0.0000e+00
 144.484855      4.285  34.539860     9.9835     6.8695      4.249    31.4040    24.1482 0.0000e+00
 144.484861      4.060  34.536197     9.9891     6.8470      4.026    31.3955    24.1407 0.0000e+00
 144.484867      3.829  34.530326     9.9934     6.8349      3.797    31.3860    24.1325 0.0000e+00
 144.484873      3.595  34.518342     9.9979     6.8341      3.565    31.3701    24.1194 0.0000e+00
 144.484878      3.358  34.495476    10.0033     6.8722      3.330    31.3425    24.0969 0.0000e+00
 144.484884      3.127  34.459823    10.0087     6.9150      3.101    31.3019    24.0644 0.0000e+00
 144.484890      2.908  34.410918    10.0139     6.9248      2.884    31.2482    24.0217 0.0000e+00
 144.484896      2.694  34.362570    10.0190     6.9623      2.671    31.1952    23.9795 0.0000e+00
 144.484902      2.478  34.327087    10.0275     6.9782      2.457    31.1522    23.9446 0.0000e+00
 144.484907      2.257  34.276775    10.0421     6.9505      2.238    31.0891    23.8930 0.0000e+00
 144.484913      2.036  34.187698    10.0579     6.8606      2.019    30.9861    23.8101 0.0000e+00
 144.484919      1.816  34.068289    10.0710     6.7446      1.801    30.8550    23.7058 0.0000e+00
 144.484925      1.602  33.930807    10.0852     6.6549      1.589    30.7050    23.5865 0.0000e+00
 144.484931      1.397  33.788622    10.1058     7.6796      1.385    30.5450    23.4585 0.0000e+00
 144.484936      1.205  33.602884    10.1364     7.7512      1.195    30.3334    23.2886 0.0000e+00
 144.484942      1.031  33.343897    10.1669     7.6621      1.022    30.0492    23.0622 0.0000e+00
 144.484948      0.880  33.129691    10.1763     7.5236      0.873    29.8278    22.8881 -9.990e-29
 144.484954      0.757  33.047236    10.1565     7.3479      0.751    29.7618    22.8400 -9.990e-29
 144.484959      0.657  33.038141    10.1158     7.2003      0.652    29.7862    22.8655 -9.990e-29
 144.484965      0.578  33.047707    10.0712     7.0731      0.573    29.8325    22.9088 -9.990e-29
 144.484971      0.521  32.962629    10.0368     7.0139      0.517    29.7758    22.8701 -9.990e-29
 144.484977      0.476  32.436400    10.0150     6.9289      0.472    29.2676    22.4776 -9.990e-29
 144.484983      0.437  30.559516    10.0018     6.9157      0.433    27.4112    21.0335 -9.990e-29
 144.484988      0.401  24.716285     9.9927     6.9258      0.398    21.7082    16.5977 -9.990e-29
 144.484994      0.366  15.589435     9.9849     6.9287      0.363    13.1338     9.9371 -9.990e-29
 144.485000      0.334   8.946743     9.9771     6.9663      0.331     7.2090     5.3337 -9.990e-29
 144.485006      0.312   6.304511     9.9685     6.9394      0.309     4.9526     3.5781 -9.990e-29
 144.485012      0.302   5.199463     9.9572     6.9311      0.299     4.0318     2.8615 -9.990e-29
 144.485017      0.299   4.532098     9.9433   -11.6012      0.297     3.4836     2.4352 -9.990e-29
 144.485023      0.300   4.043585     9.9307   -16.1123      0.297     3.0863     2.1263 -9.990e-29
 144.485029      0.303   3.733453     9.9211   -16.0868      0.300     2.8360     1.9318 -9.990e-29
 144.485035      0.310   3.625726     9.9123   -11.3865      0.307     2.7498     1.8652 -9.990e-29
 144.485041      0.321   3.600606     9.9021    -1.9334      0.318     2.7303     1.8510 -9.990e-29
 144.485046      0.331   3.339230     9.8896    -1.9357      0.328     2.5212     1.6888 -9.990e-29
 144.485052      0.338   2.826157     9.8767    -1.9382      0.335     2.1134     1.3711 -9.990e-29
 144.485058      0.343   2.333047     9.8664    -1.9401      0.340     1.7260     1.0689 -9.990e-29
 144.485064      0.344   1.971462     9.8588    -1.9415      0.341     1.4453     0.8498 -9.990e-29
 144.485069      0.343   1.755163     9.8511    -1.9435      0.340     1.2791     0.7202 -9.990e-29
 144.485075      0.343   1.736803     9.8395 -9.990e-29      0.340     1.2655     0.7105 -9.990e-29
 144.485081      0.349   2.077653     9.8231 -9.990e-29      0.346     1.5290     0.9186 -9.990e-29
 144.485087      0.357   2.591365     9.8043 -9.990e-29      0.354     1.9319     1.2357 -9.990e-29
 144.485093      0.363   2.734106     9.7864 -9.990e-29      0.360     2.0456     1.3263 -9.990e-29
 144.485098      0.367   2.504983     9.7726 -9.990e-29      0.364     1.8655     1.1866 -9.990e-29
 144.485104      0.371   2.234979     9.7632 -9.990e-29      0.368     1.6542     1.0219 -9.990e-29
 144.485110      0.373   2.007928     9.7559 -9.990e-29      0.370     1.4777     0.8843 -9.990e-29
 144.485116      0.375   1.808969     9.7488 -9.990e-29      0.372     1.3241     0.7646 -9.990e-29
 144.485122      0.376   1.646237     9.7452 -9.990e-29      0.373     1.1992     0.6670 -9.990e-29
 144.485127      0.376   1.532887 -9.990e-29 -9.990e-29      0.373 -9.990e-29 -9.990e-29 -9.990e-29
