data/oxygen options/OCNMS/OCNMS1/raw_data/2012/CAST_TH042_120828faed.cnv
* Sea-Bird SBE19 Data File:
* FileName = C:\Documents and Settings\OCNMS\Desktop\2012 mooring data\2nd service\CAST_TH042_120828.hex
* Software Version 1.25
* Temperature SN = 2997
* Conductivity SN = 2997
* System UpLoad Time = Aug 28 2012 17:49:11
** CAST_TH042_120828
* SEACAT PROFILER V3.1c SN 2997   08/28/12  17:48:04.161
# nquan = 9                                 
# nvalues = 1188                        
# units = specified
# name 0 = timeJ: Julian Days
# name 1 = prSM: Pressure, Strain Gauge [db]
# name 2 = c0mS/cm: Conductivity [mS/cm]
# name 3 = t090C: Temperature [ITS-90, deg C]
# name 4 = sbeox0ML/L: Oxygen, SBE 43 [ml/l]
# name 5 = depSM: Depth [salt water, m], lat = 47.5
# name 6 = sal00: Salinity, Practical [PSU]
# name 7 = sigma-é00: Density [sigma-theta, kg/m^3]
# name 8 = flag: flag
# span 0 = 241.590590, 241.597459       
# span 1 =     -5.217,     42.746       
# span 2 =   0.043967,  37.286443       
# span 3 =     7.9157,    13.9809       
# span 4 =    -1.7839,    17.0188       
# span 5 =     -5.174,     42.385       
# span 6 =     0.0293,    33.4783       
# span 7 =    -0.7261,    26.0895       
# span 8 = 0.0000e+00, 0.0000e+00       
# interval = seconds: 0.5
# start_time = Aug 28 2012 14:10:27 [Instrument's time stamp, header]
# bad_flag = -9.990e-29
*END*
[from data line 961]
 241.596152     37.594  34.821079     8.0399     2.0428     37.277    33.4528    26.0535 0.0000e+00
 241.596157     37.432  34.830132     8.0494     2.0435     37.116    33.4534    26.0526 -9.990e-29
 241.596163     37.308  34.836332     8.0555     2.0537     36.993    33.4543    26.0523 -9.990e-29
 241.596169     37.216  34.840040     8.0594     2.0419     36.902    33.4545    26.0520 -9.990e-29
 241.596175     37.141  34.842408     8.0615     2.0359     36.828    33.4551    26.0521 -9.990e-29
 241.596181     37.073  34.843764     8.0623     2.0356     36.760    33.4558    26.0525 -9.990e-29
 241.596186     37.014  34.844426     8.0634     2.0277     36.702    33.4555    26.0521 -9.990e-29
 241.596192     36.966  34.844744     8.0655     2.0364     36.654    33.4538    26.0505 -9.990e-29
 241.596198     36.937  34.845369     8.0675     2.0408     36.625    33.4526    26.0493 -9.990e-29
 241.596204     36.928  34.846057     8.0683     2.0430     36.617    33.4526    26.0491 -9.990e-29
 241.596209     36.934  34.846088     8.0680     2.0392     36.622    33.4529    26.0494 -9.990e-29
 241.596215     36.948  34.845545     8.0677     2.0450     36.636    33.4526    26.0492 -9.990e-29
 241.596221     36.957  34.845423     8.0681     2.0310     36.645    33.4521    26.0488 -9.990e-29
 241.596227     36.950  34.846162     8.0691     2.0208     36.638    33.4519    26.0485 -9.990e-29
 241.596233     36.925  34.847108     8.0697     2.0289     36.614    33.4524    26.0488 -9.990e-29
 241.596238     36.899  34.847882     8.0695     2.0231     36.588    33.4534    26.0496 -9.990e-29
 241.596244     36.890  34.847881     8.0687     2.0314     36.579    33.4542    26.0503 -9.990e-29
 241.596250     36.904  34.846586     8.0678     2.0335     36.593    33.4536    26.0500 -9.990e-29
 241.596256     36.927  34.845112     8.0672     2.0313     36.616    33.4526    26.0493 -9.990e-29
 241.596262     36.944  34.844894     8.0674     2.0197     36.632    33.4522    26.0490 -9.990e-29
 241.596267     36.948  34.845681     8.0681     2.0314     36.636    33.4524    26.0490 -9.990e-29
 241.596273     36.943  34.846325     8.0687     2.0278     36.631    33.4525    26.0490 -9.990e-29
 241.596279     36.933  34.846606     8.0689     2.0220     36.621    33.4526    26.0491 -9.990e-29
 241.596285     36.922  34.846941     8.0688     2.0322     36.611    33.4531    26.0494 -9.990e-29
 241.596291     36.913  34.847256     8.0692     2.0280     36.602    33.4530    26.0493 -9.990e-29
 241.596296     36.902  34.847456     8.0704     2.0262     36.591    33.4521    26.0484 -9.990e-29
 241.596302     36.888  34.847848     8.0714     2.0262     36.577    33.4516    26.0479 -9.990e-29
 241.596308     36.878  34.848438     8.0715     2.0218     36.567    33.4521    26.0483 -9.990e-29
 241.596314     36.880  34.848933     8.0709     2.0158     36.569    33.4532    26.0492 -9.990e-29
 241.596319     36.899  34.848917     8.0703     2.0260     36.588    33.4537    26.0497 -9.990e-29
 241.596325     36.932  34.848409     8.0699     2.0202     36.620    33.4536    26.0497 -9.990e-29
 241.596331     36.972  34.847894     8.0695     2.0200     36.660    33.4534    26.0496 -9.990e-29
 241.596337     37.009  34.847284     8.0690     2.0222     36.697    33.4532    26.0495 -9.990e-29
 241.596343     37.033  34.846367     8.0688     2.0201     36.721    33.4524    26.0489 -9.990e-29
 241.596348     37.041  34.845643     8.0695     2.0164     36.729    33.4509    26.0477 -9.990e-29
 241.596354     37.032  34.845866     8.0705     2.0225     36.720    33.4502    26.0470 -9.990e-29
 241.596360     37.008  34.846817     8.0712     2.0326     36.696    33.4506    26.0471 -9.990e-29
 241.596366     36.970  34.847565     8.0714     2.0287     36.658    33.4512    26.0476 -9.990e-29
 241.596372     36.928  34.848029     8.0712     2.0287     36.617    33.4519    26.0482 -9.990e-29
 241.596377     36.894  34.848311     8.0712     2.0224     36.583    33.4522    26.0484 -9.990e-29
 241.596383     36.868  34.848269     8.0715     2.0123     36.557    33.4519    26.0481 -9.990e-29
 241.596389     36.855  34.848448     8.0720     2.0144     36.544    33.4516    26.0478 -9.990e-29
 241.596395     36.861  34.848570     8.0722     2.0222     36.550    33.4516    26.0478 -9.990e-29
 241.596400     36.887  34.847717     8.0720     2.0183     36.576    33.4508    26.0472 -9.990e-29
 241.596406     36.921  34.846476     8.0715     2.0282     36.610    33.4500    26.0466 -9.990e-29
 241.596412     36.950  34.846032     8.0718     2.0281     36.638    33.4492    26.0460 -9.990e-29
 241.596418     36.961  34.846395     8.0725     2.0260     36.649    33.4489    26.0456 -9.990e-29
 241.596424     36.951  34.846967     8.0726     2.0281     36.639    33.4494    26.0460 -9.990e-29
 241.596429     36.920  34.847432     8.0722     2.0236     36.609    33.4503    26.0468 -9.990e-29
 241.596435     36.865  34.847333     8.0720     2.0156     36.554    33.4504    26.0469 -9.990e-29
 241.596441     36.783  34.847138     8.0725     2.0135     36.473    33.4498    26.0463 -9.990e-29
 241.596447     36.670  34.847749     8.0738     2.0214     36.361    33.4493    26.0457 -9.990e-29
 241.596453     36.525  34.848904     8.0754     2.0173     36.217    33.4490    26.0453 0.0000e+00
 241.596458     36.362  34.849944     8.0769     2.0189     36.055    33.4488    26.0449 0.0000e+00
 241.596464     36.196  34.850619     8.0781     2.0082     35.891    33.4484    26.0444 0.0000e+00
 241.596470     36.037  34.851312     8.0790     1.9956     35.733    33.4484    26.0442 0.0000e+00
 241.596476     35.884  34.852431     8.0800     2.0053     35.581    33.4487    26.0443 0.0000e+00
 241.596481     35.727  34.853832     8.0815     2.0008     35.426    33.4488    26.0442 0.0000e+00
 241.596487     35.562  34.855182     8.0830     1.9788     35.262    33.4489    26.0441 0.0000e+00
 241.596493     35.385  34.856086     8.0844     1.9712     35.087    33.4486    26.0436 0.0000e+00
 241.596499     35.185  34.856669     8.0866     1.9484     34.888    33.4473    26.0422 0.0000e+00
 241.596505     34.946  34.857751     8.0906     1.9369     34.651    33.4447    26.0396 0.0000e+00
 241.596510     34.665  34.860258     8.0968     1.9286     34.373    33.4416    26.0363 0.0000e+00
 241.596516     34.354  34.864776     8.1041     1.9112     34.064    33.4396    26.0336 0.0000e+00
 241.596522     34.028  34.871211     8.1122     1.8862     33.741    33.4389    26.0318 0.0000e+00
 241.596528     33.700  34.879231     8.1239     1.8802     33.416    33.4364    26.0282 0.0000e+00
 241.596534     33.379  34.890054     8.1462     1.8712     33.098    33.4268    26.0173 0.0000e+00
 241.596539     33.071  34.907516     8.1842     1.8871     32.792    33.4093    25.9980 0.0000e+00
 241.596545     32.782  34.939266     8.2440     1.9266     32.506    33.3863    25.9710 0.0000e+00
 241.596551     32.514  34.997447     8.3202     1.9700     32.240    33.3757    25.9513 0.0000e+00
 241.596557     32.264  35.067287     8.3847     2.0370     31.992    33.3886    25.9517 0.0000e+00
 241.596563     32.020  35.113167     8.4294     2.1258     31.750    33.3948    25.9498 0.0000e+00
 241.596568     31.766  35.138640     8.4722     2.2350     31.498    33.3813    25.9327 0.0000e+00
 241.596574     31.491  35.164284     8.5226     2.3470     31.226    33.3608    25.9090 0.0000e+00
 241.596580     31.194  35.192420     8.5853     2.4575     30.931    33.3313    25.8763 0.0000e+00
 241.596586     30.886  35.225892     8.6643     2.5111     30.626    33.2922    25.8336 0.0000e+00
 241.596591     30.574  35.270740     8.7506     2.5414     30.317    33.2582    25.7937 0.0000e+00
 241.596597     30.254  35.323537     8.8232     2.5619     29.999    33.2455    25.7725 0.0000e+00
 241.596603     29.933  35.375217     8.8716     2.5736     29.681    33.2543    25.7718 0.0000e+00
 241.596609     29.619  35.419708     8.8996     2.5815     29.370    33.2746    25.7834 0.0000e+00
 241.596615     29.314  35.445826     8.9133     2.6056     29.067    33.2892    25.7927 0.0000e+00
 241.596620     29.012  35.452606     8.9212     2.6328     28.768    33.2890    25.7913 0.0000e+00
 241.596626     28.706  35.455857     8.9288     2.6923     28.464    33.2854    25.7873 0.0000e+00
 241.596632     28.402  35.465557     8.9365     2.7861     28.163    33.2885    25.7885 0.0000e+00
 241.596638     28.107  35.477324     8.9441     2.8527     27.871    33.2938    25.7914 0.0000e+00
 241.596644     27.814  35.482255     8.9543     2.9193     27.580    33.2895    25.7865 0.0000e+00
 241.596649     27.514  35.485847     8.9785     2.9625     27.283    33.2707    25.7679 0.0000e+00
 241.596655     27.201  35.501895     9.0195     2.9750     26.972    33.2492    25.7447 0.0000e+00
 241.596661     26.880  35.531119     9.0669     2.9692     26.654    33.2354    25.7265 0.0000e+00
 241.596667     26.566  35.569410     9.1122     2.9482     26.343    33.2331    25.7175 0.0000e+00
 241.596672     26.267  35.609074     9.1438     2.9116     26.046    33.2449    25.7217 0.0000e+00
 241.596678     25.982  35.631370     9.1575     2.8714     25.764    33.2554    25.7277 0.0000e+00
 241.596684     25.698  35.635836     9.1629     2.8481     25.482    33.2551    25.7266 0.0000e+00
 241.596690     25.405  35.637435     9.1670     2.8139     25.191    33.2531    25.7244 0.0000e+00
 241.596696     25.110  35.640022     9.1707     2.8121     24.899    33.2525    25.7233 0.0000e+00
 241.596701     24.824  35.643172     9.1747     2.8213     24.615    33.2521    25.7224 0.0000e+00
 241.596707     24.550  35.646651     9.1783     2.8419     24.344    33.2525    25.7221 0.0000e+00
 241.596713     24.284  35.647860     9.1792     2.8987     24.080    33.2530    25.7224 0.0000e+00
 241.596719     24.014  35.646218     9.1789     2.9819     23.812    33.2517    25.7214 0.0000e+00
 241.596725     23.726  35.644057     9.1817     3.1035     23.527    33.2470    25.7173 0.0000e+00
 241.596730     23.419  35.643021     9.1896     3.2382     23.222    33.2387    25.7095 0.0000e+00
 241.596736     23.099  35.644011     9.2021     3.3979     22.905    33.2282    25.6993 0.0000e+00
 241.596742     22.772  35.647270     9.2186     3.5341     22.581    33.2164    25.6874 0.0000e+00
 241.596748     22.446  35.652711     9.2395     3.6584     22.257    33.2027    25.6734 0.0000e+00
 241.596753     22.132  35.659796     9.2611     3.8060     21.946    33.1901    25.6601 0.0000e+00
 241.596759     21.831  35.666816     9.2812     3.9346     21.648    33.1788    25.6481 0.0000e+00
 241.596765     21.539  35.672540     9.3046     4.1183     21.358    33.1631    25.6320 0.0000e+00
 241.596771     21.257  35.676807     9.3286     4.3454     21.079    33.1454    25.6143 0.0000e+00
 241.596777     20.979  35.679752     9.3568     4.5504     20.803    33.1224    25.5918 0.0000e+00
 241.596782     20.695  35.684232     9.4071     4.7308     20.521    33.0806    25.5511 0.0000e+00
 241.596788     20.402  35.697386     9.4823     4.8311     20.231    33.0249    25.4954 0.0000e+00
 241.596794     20.101  35.721677     9.5646     4.8702     19.932    32.9742    25.4424 0.0000e+00
 241.596800     19.803  35.757625     9.6378     4.8883     19.637    32.9440    25.4069 0.0000e+00
 241.596806     19.515  35.805057     9.6937     4.8954     19.351    32.9414    25.3957 0.0000e+00
 241.596811     19.236  35.844952     9.7316     4.9015     19.075    32.9476    25.3944 0.0000e+00
 241.596817     18.964  35.865598     9.7616     4.9155     18.805    32.9413    25.3845 0.0000e+00
 241.596823     18.697  35.877775     9.7900     4.9404     18.540    32.9279    25.3694 0.0000e+00
 241.596829     18.430  35.888248     9.8146     4.9823     18.275    32.9162    25.3562 0.0000e+00
 241.596834     18.162  35.898707     9.8328     5.0675     18.010    32.9103    25.3486 0.0000e+00
 241.596840     17.889  35.905786     9.8482     5.1790     17.739    32.9036    25.3408 0.0000e+00
 241.596846     17.604  35.910572     9.8720     5.3104     17.456    32.8869    25.3238 0.0000e+00
 241.596852     17.300  35.921732     9.9070     5.4357     17.155    32.8665    25.3021 0.0000e+00
 241.596858     16.980  35.940750     9.9476     5.5541     16.838    32.8490    25.2817 0.0000e+00
 241.596863     16.657  35.968389     9.9912     5.6557     16.517    32.8375    25.2655 0.0000e+00
 241.596869     16.350  36.006461    10.0419     5.7782     16.213    32.8302    25.2513 0.0000e+00
 241.596875     16.064  36.048660    10.0942     5.9113     15.929    32.8256    25.2390 0.0000e+00
 241.596881     15.800  36.082575    10.1320     6.0235     15.668    32.8258    25.2328 0.0000e+00
 241.596887     15.551  36.100219    10.1606     6.1507     15.421    32.8178    25.2217 0.0000e+00
 241.596892     15.308  36.106827    10.2003     6.2560     15.180    32.7886    25.1923 0.0000e+00
 241.596898     15.059  36.110655    10.2502     6.3285     14.933    32.7475    25.1518 0.0000e+00
 241.596904     14.801  36.112889    10.2979     6.3668     14.677    32.7068    25.1120 0.0000e+00
 241.596910     14.538  36.114277    10.3377     6.3774     14.416    32.6725    25.0785 0.0000e+00
 241.596916     14.281  36.117240    10.3698     6.3718     14.161    32.6467    25.0529 0.0000e+00
 241.596921     14.038  36.122938    10.3948     6.3756     13.920    32.6301    25.0357 0.0000e+00
 241.596927     13.819  36.128897    10.4121     6.3818     13.703    32.6207    25.0254 0.0000e+00
 241.596933     13.628  36.132986    10.4250     6.3885     13.514    32.6133    25.0175 0.0000e+00
 241.596939     13.457  36.136744    10.4359     6.4102     13.344    32.6074    25.0110 0.0000e+00
 241.596944     13.299  36.139024    10.4476     6.4178     13.188    32.5992    25.0026 0.0000e+00
 241.596950     13.153  36.138387    10.4641     6.4217     13.043    32.5839    24.9879 0.0000e+00
 241.596956     13.018  36.139584    10.4838     6.4139     12.909    32.5675    24.9717 -9.990e-29
 241.596962     12.894  36.147574    10.5016     6.4232     12.786    32.5597    24.9626 -9.990e-29
 241.596968     12.778  36.157894    10.5125     6.4274     12.671    32.5603    24.9612 -9.990e-29
 241.596973     12.661  36.162466    10.5152     6.4326     12.555    32.5625    24.9625 -9.990e-29
 241.596979     12.537  36.161789    10.5155     6.4190     12.432    32.5616    24.9617 -9.990e-29
 241.596985     12.398  36.160562    10.5190     6.4107     12.294    32.5573    24.9578 0.0000e+00
 241.596991     12.244  36.161070    10.5248     6.4237     12.141    32.5527    24.9532 0.0000e+00
 241.596997     12.085  36.163990    10.5313     6.4324     11.984    32.5499    24.9499 0.0000e+00
 241.597002     11.934  36.168176    10.5377     6.4369     11.834    32.5484    24.9476 0.0000e+00
 241.597008     11.794  36.171372    10.5417     6.4344     11.695    32.5481    24.9467 0.0000e+00
 241.597014     11.660  36.171682    10.5419     6.4380     11.562    32.5483    24.9468 0.0000e+00
 241.597020     11.523  36.168961    10.5402     6.4411     11.427    32.5472    24.9462 0.0000e+00
 241.597025     11.375  36.165741    10.5402     6.4837     11.280    32.5440    24.9437 0.0000e+00
 241.597031     11.210  36.165010    10.5458     6.5386     11.116    32.5383    24.9383 0.0000e+00
 241.597037     11.032  36.169153    10.5585     6.6188     10.940    32.5312    24.9306 0.0000e+00
 241.597043     10.850  36.176972    10.5734     6.7282     10.759    32.5258    24.9238 0.0000e+00
 241.597049     10.674  36.183776    10.5855     6.8173     10.585    32.5219    24.9187 0.0000e+00
 241.597054     10.501  36.189120    10.6013     6.9017     10.413    32.5132    24.9092 0.0000e+00
 241.597060     10.325  36.196771    10.6315     6.9501     10.239    32.4940    24.8891 0.0000e+00
 241.597066     10.143  36.210771    10.6786     6.9522     10.058    32.4662    24.8592 0.0000e+00
