data/oxygen options/OCNMS/OCNMS1/raw_data/2012/CAST_TH042_120921faedb.cnv
* Sea-Bird SBE19 Data File:
* FileName = C:\Documents and Settings\OCNMS\Desktop\2012 mooring data\Hypoxia Sampling\120920\CAST_TH042_120921.hex
* Software Version 1.25
* Temperature SN = 2997
* Conductivity SN = 2997
* System UpLoad Time = Sep 21 2012 15:09:59
** CAST_TH042_120921
* SEACAT PROFILER V3.1c SN 2997   09/21/12  15:07:25.626
# nquan = 9
# nvalues = 42                          
# units = specified
# name 0 = timeJ: Julian Days
# name 1 = prSM: Pressure, Strain Gauge [db]
# name 2 = c0mS/cm: Conductivity [mS/cm]
# name 3 = t090C: Temperature [ITS-90, deg C]
# name 4 = sbeox0ML/L: Oxygen, SBE 43 [ml/l]
# name 5 = depSM: Depth [salt water, m], lat = 47.5
# name 6 = sal00: Salinity, Practical [PSU]
# name 7 = sigma-é00: Density [sigma-theta, kg/m^3]
# name 8 = flag: flag
# span 0 = 265.487537, 265.488410       
# span 1 =      2.000,     43.000       
# span 2 =  34.221949,  37.555182       
# span 3 =     7.5855,    12.3607       
# span 4 =     1.5102,     6.1864       
# span 5 =      1.983,     42.636       
# span 6 =    32.3108,    33.5164       
# span 7 =    24.4338,    26.1669       
# span 8 = 0.0000e+00, 0.0000e+00       
# interval = decibars: 1                
# start_time = Sep 21 2012 11:33:38 [Instrument's time stamp, header]
# bad_flag = -9.990e-29
*END*
 265.487537      2.000  37.555182    12.3607     6.1864      1.983    32.3108    24.4338 0.0000e+00
 265.487572      3.000  37.119101    11.7949     6.0256      2.975    32.3802    24.5930 0.0000e+00
 265.487600      4.000  36.784886    11.3659     5.7432      3.966    32.4289    24.7089 0.0000e+00
 265.487625      5.000  36.436803    10.8963     5.4062      4.958    32.4998    24.8474 0.0000e+00
 265.487646      6.000  36.179146    10.5506     5.0940      5.950    32.5504    24.9469 0.0000e+00
 265.487666      7.000  35.943540    10.2237     4.9984      6.942    32.6064    25.0461 0.0000e+00
 265.487685      8.000  35.817454    10.0292     4.7271      7.933    32.6538    25.1156 0.0000e+00
 265.487703      9.000  35.691126     9.8172     4.4385      8.925    32.7171    25.2001 0.0000e+00
 265.487720     10.000  35.333437     9.3575     4.2709      9.916    32.7695    25.3155 0.0000e+00
 265.487736     11.000  34.940771     8.8312     4.2525     10.908    32.8468    25.4586 0.0000e+00
 265.487753     12.000  34.733435     8.5749     4.3358     11.900    32.8672    25.5139 0.0000e+00
 265.487770     13.000  34.605535     8.3838     4.4137     12.891    32.9103    25.5764 0.0000e+00
 265.487788     14.000  34.475389     8.2061     4.4073     13.883    32.9385    25.6250 0.0000e+00
 265.487807     15.000  34.360075     8.0699     4.3095     14.874    32.9436    25.6490 0.0000e+00
 265.487825     16.000  34.300566     7.9570     4.2155     15.866    32.9859    25.6988 0.0000e+00
 265.487843     17.000  34.221949     7.8522     4.0162     16.858    33.0004    25.7253 0.0000e+00
 265.487862     18.000  34.242083     7.8368     3.7432     17.849    33.0362    25.7556 0.0000e+00
 265.487884     19.000  34.285667     7.8097     3.4629     18.841    33.1081    25.8160 0.0000e+00
 265.487904     20.000  34.343191     7.8229     3.1980     19.832    33.1567    25.8523 0.0000e+00
 265.487923     21.000  34.429145     7.8624     3.1240     20.824    33.2109    25.8892 0.0000e+00
 265.487944     22.000  34.442087     7.8315     3.2061     21.815    33.2536    25.9272 0.0000e+00
 265.487965     23.000  34.423412     7.7618     3.2772     22.807    33.2996    25.9734 0.0000e+00
 265.487987     24.000  34.383834     7.6859     3.2728     23.798    33.3293    26.0076 0.0000e+00
 265.488008     25.000  34.357276     7.6359     3.2459     24.790    33.3480    26.0295 0.0000e+00
 265.488028     26.000  34.346523     7.6094     3.1615     25.781    33.3614    26.0438 0.0000e+00
 265.488049     27.000  34.344419     7.5946     2.9983     26.773    33.3729    26.0550 0.0000e+00
 265.488070     28.000  34.351817     7.5878     2.7824     27.764    33.3870    26.0670 0.0000e+00
 265.488090     29.000  34.367173     7.5858     2.4668     28.756    33.4049    26.0814 0.0000e+00
 265.488110     30.000  34.385093     7.5855     2.1618     29.748    33.4241    26.0965 0.0000e+00
 265.488131     31.000  34.413413     7.5940     1.7251     30.739    33.4461    26.1126 0.0000e+00
 265.488153     32.000  34.453882     7.6053     1.5936     31.731    33.4783    26.1363 0.0000e+00
 265.488175     33.000  34.475692     7.6099     1.5738     32.722    33.4969    26.1503 0.0000e+00
 265.488198     34.000  34.485007     7.6104     1.5976     33.713    33.5061    26.1574 0.0000e+00
 265.488220     35.000  34.486603     7.6103     1.5828     34.705    33.5074    26.1585 0.0000e+00
 265.488242     36.000  34.488307     7.6097     1.5708     35.697    33.5094    26.1602 0.0000e+00
 265.488264     37.000  34.489684     7.6098     1.5589     36.688    33.5103    26.1609 0.0000e+00
 265.488286     38.000  34.490301     7.6070     1.5434     37.679    33.5132    26.1636 0.0000e+00
 265.488310     39.000  34.490256     7.6040     1.5404     38.671    33.5155    26.1659 0.0000e+00
 265.488331     40.000  34.490252     7.6035     1.5310     39.662    33.5155    26.1660 0.0000e+00
 265.488353     41.000  34.490388     7.6033     1.5193     40.654    33.5154    26.1659 0.0000e+00
 265.488380     42.000  34.490444     7.6018     1.5102     41.645    33.5164    26.1669 0.0000e+00
 265.488410     43.000  34.491408     7.6023     1.5345     42.636    33.5164    26.1669 0.0000e+00
