data/oxygen options/OCNMS/OCNMS1/raw_data/2012/CAST_MB042_120523faedb.cnv
* Sea-Bird SBE19 Data File:
* FileName = C:\Documents and Settings\OCNMS\Desktop\2012 mooring data\Deployment May\CAST_MB042_120523.hex
* Software Version 1.25
* Temperature SN = 2997
* Conductivity SN = 2997
* System UpLoad Time = May 25 2012 14:56:15
** CAST_MB042_120523
* SEACAT PROFILER V3.1c SN 2997   05/25/12  14:54:37.704
# nquan = 9
# nvalues = 40                          
# units = specified
# name 0 = timeJ: Julian Days
# name 1 = prSM: Pressure, Strain Gauge [db]
# name 2 = c0mS/cm: Conductivity [mS/cm]
# name 3 = t090C: Temperature [ITS-90, deg C]
# name 4 = sbeox0ML/L: Oxygen, SBE 43 [ml/l]
# name 5 = depSM: Depth [salt water, m], lat = 47.5
# name 6 = sal00: Salinity, Practical [PSU]
# name 7 = sigma-é00: Density [sigma-theta, kg/m^3]
# name 8 = flag: flag
# span 0 = 144.448100, 144.448834       
# span 1 =      2.000,     41.000       
# span 2 =  34.297401,  34.548187       
# span 3 =     8.3659,     9.6546       
# span 4 =     4.7452,     6.6516       
# span 5 =      1.984,     40.654       
# span 6 =    31.4759,    32.6884       
# span 7 =    24.2574,    25.4037       
# span 8 = 0.0000e+00, 0.0000e+00       
# interval = decibars: 1                
# start_time = May 23 2012 10:38:10 [Instrument's time stamp, header]
# bad_flag = -9.990e-29
*END*
 144.448100      2.000  34.326596     9.6546     6.6516      1.984    31.4759    24.2574 0.0000e+00
 144.448126      3.000  34.323312     9.6459     6.4717      2.975    31.4797    24.2618 0.0000e+00
 144.448146      4.000  34.314586     9.6018     6.3698      3.966    31.5091    24.2917 0.0000e+00
 144.448162      5.000  34.302939     9.5081     6.3335      4.958    31.5791    24.3614 0.0000e+00
 144.448179      6.000  34.297401     9.4836     6.3171      5.950    31.5946    24.3774 0.0000e+00
 144.448195      7.000  34.300349     9.4697     6.3380      6.942    31.6094    24.3912 0.0000e+00
 144.448214      8.000  34.308725     9.4732     6.3124      7.933    31.6145    24.3946 0.0000e+00
 144.448231      9.000  34.319873     9.4671     6.2636      8.925    31.6308    24.4083 0.0000e+00
 144.448249     10.000  34.364614     9.4538     6.0924      9.916    31.6879    24.4551 0.0000e+00
 144.448268     11.000  34.382858     9.4009     6.0095     10.908    31.7531    24.5144 0.0000e+00
 144.448288     12.000  34.420991     9.3510     5.7994     11.900    31.8361    24.5871 0.0000e+00
 144.448310     13.000  34.458121     9.2657     5.6479     12.891    31.9499    24.6895 0.0000e+00
 144.448331     14.000  34.510673     9.1757     5.6727     13.883    32.0844    24.8088 0.0000e+00
 144.448353     15.000  34.548187     9.1305     5.7123     14.874    32.1634    24.8776 0.0000e+00
 144.448378     16.000  34.546789     9.1266     5.6661     15.866    32.1650    24.8795 0.0000e+00
 144.448397     17.000  34.539489     9.0987     5.4803     16.857    32.1823    24.8974 0.0000e+00
 144.448414     18.000  34.506865     8.9950     5.3295     17.849    32.2419    24.9601 0.0000e+00
 144.448431     19.000  34.444456     8.8585     5.0947     18.841    32.3006    25.0271 0.0000e+00
 144.448448     20.000  34.418201     8.7361     4.9164     19.832    32.3845    25.1115 0.0000e+00
 144.448465     21.000  34.355184     8.5775     4.8372     20.824    32.4635    25.1973 0.0000e+00
 144.448481     22.000  34.325278     8.4848     4.8351     21.815    32.5170    25.2532 0.0000e+00
 144.448496     23.000  34.322995     8.4315     4.8511     22.807    32.5633    25.2975 0.0000e+00
 144.448512     24.000  34.324782     8.4094     4.8401     23.798    32.5852    25.3180 0.0000e+00
 144.448527     25.000  34.321513     8.3950     4.8303     24.790    32.5946    25.3275 0.0000e+00
 144.448543     26.000  34.323258     8.3872     4.8373     25.781    32.6032    25.3354 0.0000e+00
 144.448559     27.000  34.326311     8.3812     4.8285     26.773    32.6116    25.3429 0.0000e+00
 144.448575     28.000  34.330433     8.3822     4.8260     27.764    32.6146    25.3451 0.0000e+00
 144.448591     29.000  34.332020     8.3795     4.8311     28.756    32.6182    25.3484 0.0000e+00
 144.448608     30.000  34.339858     8.3831     4.8216     29.748    32.6227    25.3514 0.0000e+00
 144.448625     31.000  34.352342     8.3905     4.7929     30.739    32.6285    25.3549 0.0000e+00
 144.448640     32.000  34.405265     8.4136     4.7631     31.731    32.6625    25.3780 0.0000e+00
 144.448654     33.000  34.421928     8.4041     4.7596     32.722    32.6884    25.3998 0.0000e+00
 144.448670     34.000  34.404680     8.3841     4.7666     33.714    32.6883    25.4027 0.0000e+00
 144.448688     35.000  34.400286     8.3809     4.7658     34.705    32.6862    25.4016 0.0000e+00
 144.448708     36.000  34.402159     8.3808     4.7488     35.696    32.6878    25.4029 0.0000e+00
 144.448725     37.000  34.393834     8.3716     4.7500     36.688    32.6871    25.4037 0.0000e+00
 144.448741     38.000  34.390307     8.3715     4.7532     37.680    32.6830    25.4006 0.0000e+00
 144.448759     39.000  34.390498     8.3734     4.7500     38.671    32.6810    25.3987 0.0000e+00
 144.448777     40.000  34.386827     8.3661     4.7481     39.662    32.6835    25.4017 0.0000e+00
 144.448834     41.000  34.382017     8.3659     4.7452     40.654    32.6781    25.3975 0.0000e+00
