data/oxygen options/OCNMS/OCNMS1/raw_data/2012/CAST_MB042_121009faed.cnv
* Sea-Bird SBE19 Data File:
* FileName = C:\Documents and Settings\OCNMS\Desktop\2012 mooring data\RECOVERY\CAST_MB042_121009.hex
* Software Version 1.25
* Temperature SN = 2997
* Conductivity SN = 2997
* System UpLoad Time = Oct 09 2012 12:09:38
** CAST_MB042_121009
* SEACAT PROFILER V3.1c SN 2997   10/09/12  12:08:06.762
# nquan = 9                                 
# nvalues = 1177                        
# units = specified
# name 0 = timeJ: Julian Days
# name 1 = prSM: Pressure, Strain Gauge [db]
# name 2 = c0mS/cm: Conductivity [mS/cm]
# name 3 = t090C: Temperature [ITS-90, deg C]
# name 4 = sbeox0ML/L: Oxygen, SBE 43 [ml/l]
# name 5 = depSM: Depth [salt water, m], lat = 47.5
# name 6 = sal00: Salinity, Practical [PSU]
# name 7 = sigma-é00: Density [sigma-theta, kg/m^3]
# name 8 = flag: flag
# span 0 = 283.433229, 283.440035       
# span 1 =     -4.981,     41.886       
# span 2 =   0.394298,  35.673203       
# span 3 =     8.2103,    11.1353       
# span 4 =   -15.4487,    14.3198       
# span 5 =     -4.939,     41.532       
# span 6 =     0.2628,    33.4347       
# span 7 =    -0.1696,    26.0136       
# span 8 = 0.0000e+00, 0.0000e+00       
# interval = seconds: 0.5
# start_time = Oct 09 2012 10:23:51 [Instrument's time stamp, header]
# bad_flag = -9.990e-29
*END*
[from data line 641]
 283.436939      0.914  35.448610     9.6473     5.5737      0.906    32.6274    25.1577 -9.990e-29
 283.436944      0.910  35.454985     9.6489     5.5651      0.902    32.6325    25.1614 -9.990e-29
 283.436950      0.906  35.458604     9.6491     5.5553      0.898    32.6360    25.1642 -9.990e-29
 283.436956      0.901  35.461488     9.6484     5.5439      0.893    32.6396    25.1671 -9.990e-29
 283.436962      0.894  35.462437     9.6474     5.5397      0.887    32.6415    25.1687 -9.990e-29
 283.436968      0.889  35.458228     9.6470     5.5524      0.882    32.6375    25.1657 -9.990e-29
 283.436973      0.891  35.455567     9.6484     5.5598      0.884    32.6335    25.1623 -9.990e-29
 283.436979      0.894  35.459302     9.6502     5.5635      0.887    32.6357    25.1638 -9.990e-29
 283.436985      0.896  35.463205     9.6501     5.5617      0.889    32.6398    25.1670 -9.990e-29
 283.436991      0.896  35.463513     9.6477     5.5654      0.889    32.6423    25.1693 -9.990e-29
 283.436997      0.894  35.461751     9.6452     5.5751      0.887    32.6428    25.1701 -9.990e-29
 283.437002      0.890  35.459485     9.6447     5.5844      0.883    32.6409    25.1687 -9.990e-29
 283.437008      0.888  35.458730     9.6463     5.5834      0.881    32.6387    25.1667 -9.990e-29
 283.437014      0.893  35.460711     9.6489     5.5771      0.886    32.6383    25.1660 -9.990e-29
 283.437020      0.900  35.463585     9.6511     5.5697      0.892    32.6393    25.1664 -9.990e-29
 283.437025      0.905  35.466136     9.6527     5.5736      0.897    32.6404    25.1670 -9.990e-29
 283.437031      0.909  35.468962     9.6540     5.5764      0.901    32.6421    25.1682 -9.990e-29
 283.437037      0.911  35.470224     9.6544     5.5704      0.903    32.6431    25.1688 -9.990e-29
 283.437043      0.913  35.468797     9.6536     5.5660      0.905    32.6423    25.1684 -9.990e-29
 283.437049      0.914  35.467254     9.6527     5.5548      0.906    32.6416    25.1679 -9.990e-29
 283.437054      0.915  35.466892     9.6535     5.5630      0.907    32.6405    25.1669 -9.990e-29
 283.437060      0.915  35.467786     9.6566     5.5762      0.907    32.6386    25.1649 -9.990e-29
 283.437066      0.914  35.471682     9.6616     5.5870      0.906    32.6380    25.1637 -9.990e-29
 283.437072      0.913  35.478727     9.6673     5.5836      0.905    32.6400    25.1643 -9.990e-29
 283.437078      0.911  35.486548     9.6706     5.5837      0.903    32.6450    25.1677 -9.990e-29
 283.437083      0.908  35.488764     9.6689     5.5644      0.900    32.6488    25.1710 -9.990e-29
 283.437089      0.903  35.481602     9.6644     5.5592      0.895    32.6456    25.1692 -9.990e-29
 283.437095      0.898  35.472313     9.6612     5.5602      0.891    32.6390    25.1646 -9.990e-29
 283.437101      0.895  35.468669     9.6591     5.5520      0.888    32.6372    25.1635 -9.990e-29
 283.437106      0.898  35.470287     9.6566     5.5578      0.891    32.6411    25.1669 -9.990e-29
 283.437112      0.904  35.472036     9.6550     5.5576      0.896    32.6444    25.1697 -9.990e-29
 283.437118      0.909  35.472323     9.6548     5.5589      0.901    32.6448    25.1701 -9.990e-29
 283.437124      0.912  35.472643     9.6548     5.5696      0.904    32.6452    25.1704 -9.990e-29
 283.437130      0.915  35.472855     9.6548     5.5725      0.907    32.6454    25.1706 -9.990e-29
 283.437135      0.918  35.472118     9.6548     5.5660      0.910    32.6446    25.1700 -9.990e-29
 283.437141      0.919  35.472804     9.6561     5.5687      0.911    32.6442    25.1694 -9.990e-29
 283.437147      0.921  35.476382     9.6590     5.5664      0.913    32.6452    25.1697 -9.990e-29
 283.437153      0.922  35.479216     9.6618     5.5749      0.914    32.6455    25.1695 -9.990e-29
 283.437159      0.923  35.482840     9.6641     5.5720      0.915    32.6471    25.1704 -9.990e-29
 283.437164      0.923  35.488159     9.6671     5.5587      0.915    32.6499    25.1721 -9.990e-29
 283.437170      0.924  35.490497     9.6706     5.5633      0.916    32.6491    25.1709 -9.990e-29
 283.437176      0.924  35.490164     9.6725     5.5635      0.916    32.6470    25.1689 -9.990e-29
 283.437182      0.925  35.488954     9.6709     5.5769      0.917    32.6472    25.1694 -9.990e-29
 283.437187      0.925  35.485247     9.6684     5.5807      0.917    32.6457    25.1686 -9.990e-29
 283.437193      0.926  35.480816     9.6689     5.5769      0.918    32.6407    25.1646 -9.990e-29
 283.437199      0.926  35.480951     9.6717     5.5611      0.918    32.6383    25.1623 -9.990e-29
 283.437205      0.927  35.484705     9.6739     5.5547      0.919    32.6401    25.1634 -9.990e-29
 283.437211      0.928  35.488116     9.6739     5.5632      0.920    32.6436    25.1661 -9.990e-29
 283.437216      0.929  35.489005     9.6715     5.5598      0.921    32.6467    25.1689 -9.990e-29
 283.437222      0.930  35.487434     9.6677     5.5647      0.922    32.6486    25.1709 -9.990e-29
 283.437228      0.931  35.486343     9.6647     5.5631      0.923    32.6502    25.1727 -9.990e-29
 283.437234      0.932  35.485392     9.6630     5.5638      0.924    32.6508    25.1734 -9.990e-29
 283.437240      0.935  35.483306     9.6623     5.5695      0.927    32.6493    25.1724 -9.990e-29
 283.437245      0.937  35.480658     9.6617     5.5688      0.929    32.6471    25.1708 -9.990e-29
 283.437251      0.941  35.476714     9.6592     5.5753      0.933    32.6453    25.1698 -9.990e-29
 283.437257      0.945  35.469009     9.6538     5.5683      0.937    32.6424    25.1684 -9.990e-29
 283.437263      0.951  35.459027     9.6492     5.5663      0.943    32.6363    25.1644 -9.990e-29
 283.437269      0.954  35.454737     9.6495     5.5655      0.946    32.6317    25.1607 -9.990e-29
 283.437274      0.951  35.459375     9.6512     5.5638      0.943    32.6349    25.1629 -9.990e-29
 283.437280      0.945  35.465675     9.6481     5.5669      0.937    32.6441    25.1707 -9.990e-29
 283.437286      0.940  35.466349     9.6391     5.5670      0.932    32.6530    25.1791 -9.990e-29
 283.437292      0.936  35.459488     9.6293     5.5740      0.928    32.6549    25.1821 -9.990e-29
 283.437297      0.933  35.450502     9.6259     5.5755      0.925    32.6488    25.1779 -9.990e-29
 283.437303      0.931  35.449808     9.6289     5.5679      0.923    32.6454    25.1747 -9.990e-29
 283.437309      0.928  35.456474     9.6332     5.5647      0.920    32.6483    25.1763 -9.990e-29
 283.437315      0.926  35.464258     9.6355     5.5618      0.918    32.6541    25.1805 -9.990e-29
 283.437321      0.924  35.470090     9.6352     5.5632      0.916    32.6604    25.1855 -9.990e-29
 283.437326      0.922  35.469420     9.6353     5.5732      0.914    32.6596    25.1848 -9.990e-29
 283.437332      0.920  35.464711     9.6372     5.5821      0.912    32.6531    25.1794 -9.990e-29
 283.437338      0.917  35.461439     9.6391     5.5699      0.909    32.6480    25.1751 -9.990e-29
 283.437344      0.914  35.460277     9.6411     5.5734      0.906    32.6450    25.1725 -9.990e-29
 283.437350      0.911  35.461351     9.6440     5.5683      0.903    32.6434    25.1708 -9.990e-29
 283.437355      0.906  35.462727     9.6455     5.5683      0.898    32.6435    25.1706 -9.990e-29
 283.437361      0.900  35.460633     9.6434     5.5890      0.892    32.6433    25.1707 -9.990e-29
 283.437367      0.897  35.456194     9.6405     5.5744      0.890    32.6414    25.1697 -9.990e-29
 283.437373      0.901  35.454127     9.6410     5.5708      0.893    32.6388    25.1676 -9.990e-29
 283.437378      0.907  35.456713     9.6448     5.5683      0.899    32.6380    25.1664 -9.990e-29
 283.437384      0.912  35.461791     9.6481     5.5723      0.904    32.6402    25.1676 -9.990e-29
 283.437390      0.917  35.464364     9.6479     5.5744      0.909    32.6430    25.1698 -9.990e-29
 283.437396      0.921  35.460577     9.6453     5.5791      0.913    32.6415    25.1690 -9.990e-29
 283.437402      0.925  35.451535     9.6433     5.5725      0.917    32.6340    25.1636 -9.990e-29
 283.437407      0.929  35.447021     9.6430     5.5769      0.921    32.6297    25.1602 -9.990e-29
 283.437413      0.933  35.451093     9.6431     5.5726      0.925    32.6338    25.1634 -9.990e-29
 283.437419      0.937  35.453494     9.6425     5.5756      0.929    32.6368    25.1658 -9.990e-29
 283.437425      0.942  35.449952     9.6393     5.5724      0.934    32.6360    25.1658 -9.990e-29
 283.437431      0.948  35.444698     9.6331     5.5631      0.940    32.6363    25.1670 -9.990e-29
 283.437436      0.956  35.441168     9.6278     5.5429      0.948    32.6375    25.1688 -9.990e-29
 283.437442      0.966  35.441349     9.6258     5.5298      0.958    32.6395    25.1707 -9.990e-29
 283.437448      0.978  35.444147     9.6253     5.5351      0.970    32.6428    25.1733 -9.990e-29
 283.437454      0.994  35.447107     9.6238     5.5397      0.986    32.6472    25.1770 -9.990e-29
 283.437459      1.014  35.447994     9.6220     5.5522      1.006    32.6497    25.1793 -9.990e-29
 283.437465      1.035  35.446287     9.6218     5.5410      1.026    32.6482    25.1781 -9.990e-29
 283.437471      1.055  35.445287     9.6227     5.5043      1.046    32.6463    25.1765 -9.990e-29
 283.437477      1.079  35.446438     9.6213     5.4784      1.070    32.6487    25.1786 -9.990e-29
 283.437483      1.113  35.442850     9.6132     5.4640      1.104    32.6524    25.1828 -9.990e-29
 283.437488      1.158  35.429158     9.5986     5.4577      1.148    32.6517    25.1846 -9.990e-29
 283.437494      1.219  35.412848     9.5824     5.4633      1.209    32.6497    25.1857 -9.990e-29
 283.437500      1.298  35.402397     9.5676     5.4250      1.287    32.6524    25.1902 -9.990e-29
 283.437506      1.397  35.395607     9.5547     5.4046      1.385    32.6571    25.1960 -9.990e-29
 283.437512      1.508  35.387317     9.5446     5.3926      1.495    32.6578    25.1981 -9.990e-29
 283.437517      1.627  35.377091     9.5348     5.3779      1.613    32.6562    25.1984 -9.990e-29
 283.437523      1.756  35.368072     9.5206     5.3650      1.741    32.6598    25.2036 0.0000e+00
 283.437529      1.899  35.360532     9.5026     5.3437      1.883    32.6684    25.2132 0.0000e+00
 283.437535      2.057  35.351675     9.4833     5.3204      2.040    32.6768    25.2229 0.0000e+00
 283.437541      2.231  35.340870     9.4647     5.3011      2.212    32.6826    25.2304 0.0000e+00
 283.437546      2.420  35.329927     9.4469     5.2922      2.400    32.6876    25.2371 0.0000e+00
 283.437552      2.614  35.321031     9.4279     5.2595      2.592    32.6957    25.2465 0.0000e+00
 283.437558      2.800  35.315176     9.4104     5.2319      2.777    32.7056    25.2570 0.0000e+00
 283.437564      2.973  35.312371     9.3993     5.2106      2.948    32.7127    25.2644 0.0000e+00
 283.437569      3.138  35.312208     9.3951     5.1770      3.112    32.7163    25.2679 0.0000e+00
 283.437575      3.303  35.313884     9.3927     5.1568      3.275    32.7202    25.2713 0.0000e+00
 283.437581      3.470  35.314009     9.3840     5.1346      3.441    32.7282    25.2790 0.0000e+00
 283.437587      3.644  35.308245     9.3658     5.1196      3.614    32.7388    25.2902 0.0000e+00
 283.437593      3.833  35.298406     9.3412     5.1201      3.801    32.7512    25.3038 0.0000e+00
 283.437598      4.040  35.287593     9.3147     5.0950      4.006    32.7642    25.3182 0.0000e+00
 283.437604      4.265  35.276486     9.2907     5.0780      4.229    32.7747    25.3302 0.0000e+00
 283.437610      4.496  35.267610     9.2722     5.0825      4.458    32.7824    25.3392 0.0000e+00
 283.437616      4.720  35.262543     9.2617     5.0824      4.681    32.7867    25.3442 0.0000e+00
 283.437622      4.932  35.260662     9.2583     5.0908      4.891    32.7878    25.3456 0.0000e+00
 283.437627      5.137  35.259432     9.2551     5.0926      5.094    32.7893    25.3473 0.0000e+00
 283.437633      5.341  35.256066     9.2469     5.0513      5.296    32.7933    25.3518 0.0000e+00
 283.437639      5.552  35.250535     9.2357     5.0288      5.506    32.7978    25.3570 0.0000e+00
 283.437645      5.778  35.244963     9.2245     4.9912      5.730    32.8022    25.3623 0.0000e+00
 283.437650      6.018  35.240859     9.2126     4.9736      5.968    32.8088    25.3693 0.0000e+00
 283.437656      6.264  35.238885     9.1974     4.9745      6.212    32.8206    25.3810 0.0000e+00
 283.437662      6.521  35.238065     9.1747     4.9818      6.466    32.8406    25.4002 0.0000e+00
 283.437668      6.786  35.236158     9.1482     4.9871      6.729    32.8629    25.4218 0.0000e+00
 283.437674      7.047  35.233957     9.1300     4.9810      6.988    32.8773    25.4360 0.0000e+00
 283.437679      7.291  35.232979     9.1234     4.9785      7.230    32.8823    25.4409 0.0000e+00
 283.437685      7.515  35.234133     9.1221     4.9898      7.452    32.8846    25.4429 0.0000e+00
 283.437691      7.726  35.236130     9.1206     5.0052      7.661    32.8879    25.4458 0.0000e+00
 283.437697      7.929  35.234325     9.1137     5.0106      7.863    32.8923    25.4503 0.0000e+00
 283.437703      8.132  35.226850     9.0978     5.0024      8.064    32.8992    25.4582 0.0000e+00
 283.437708      8.347  35.212678     9.0741     4.9705      8.277    32.9063    25.4675 0.0000e+00
 283.437714      8.581  35.192492     9.0506     4.9325      8.509    32.9070    25.4717 0.0000e+00
 283.437720      8.826  35.179120     9.0372     4.8982      8.752    32.9053    25.4725 0.0000e+00
 283.437726      9.077  35.182151     9.0348     4.8606      9.001    32.9106    25.4770 0.0000e+00
 283.437731      9.333  35.193274     9.0340     4.8401      9.255    32.9228    25.4867 0.0000e+00
 283.437737      9.592  35.200967     9.0218     4.8319      9.512    32.9420    25.5036 0.0000e+00
 283.437743      9.850  35.196422     8.9898     4.8116      9.768    32.9668    25.5280 0.0000e+00
 283.437749     10.097  35.176358     8.9476     4.7895     10.012    32.9849    25.5488 0.0000e+00
 283.437755     10.329  35.152084     8.9149     4.7838     10.243    32.9899    25.5578 0.0000e+00
 283.437760     10.541  35.136011     8.8966     4.7684     10.453    32.9901    25.5608 0.0000e+00
 283.437766     10.736  35.125161     8.8828     4.7654     10.646    32.9915    25.5640 0.0000e+00
 283.437772     10.916  35.115119     8.8649     4.7570     10.825    32.9976    25.5716 0.0000e+00
 283.437778     11.085  35.104795     8.8394     4.7406     10.992    33.0105    25.5856 0.0000e+00
 283.437784     11.246  35.091602     8.8090     4.7225     11.152    33.0249    25.6016 0.0000e+00
 283.437789     11.399  35.077524     8.7804     4.7129     11.304    33.0368    25.6153 0.0000e+00
 283.437795     11.549  35.065609     8.7561     4.7160     11.452    33.0469    25.6270 0.0000e+00
 283.437801     11.703  35.057304     8.7354     4.7247     11.605    33.0575    25.6385 0.0000e+00
 283.437807     11.858  35.052711     8.7184     4.7396     11.759    33.0685    25.6497 0.0000e+00
 283.437813     12.009  35.049599     8.7045     4.7397     11.908    33.0781    25.6594 0.0000e+00
 283.437818     12.164  35.046033     8.6935     4.7504     12.062    33.0846    25.6662 0.0000e+00
 283.437824     12.326  35.042274     8.6863     4.7298     12.223    33.0873    25.6694 0.0000e+00
 283.437830     12.494  35.039445     8.6813     4.6984     12.389    33.0890    25.6715 0.0000e+00
 283.437836     12.661  35.039350     8.6787     4.6439     12.555    33.0912    25.6736 0.0000e+00
 283.437841     12.821  35.042398     8.6776     4.5751     12.714    33.0954    25.6771 0.0000e+00
 283.437847     12.970  35.044228     8.6712     4.5290     12.861    33.1032    25.6842 0.0000e+00
 283.437853     13.115  35.042774     8.6566     4.4908     13.005    33.1153    25.6959 0.0000e+00
