data/oxygen options/OCNMS/OCNMS1/raw_data/2012/CAST_KL050_120913faed.cnv
* Sea-Bird SBE19 Data File:
* FileName = C:\Documents and Settings\OCNMS\Desktop\2012 mooring data\Hypoxia Sampling\CAST_KL050_120913.hex
* Software Version 1.25
* Temperature SN = 2997
* Conductivity SN = 2997
* System UpLoad Time = Sep 13 2012 10:54:51
** CAST_KL050_120913
* SEACAT PROFILER V3.1c SN 2997   09/13/12  10:53:57.452
# nquan = 9                                 
# nvalues = 1053                        
# units = specified
# name 0 = timeJ: Julian Days
# name 1 = prSM: Pressure, Strain Gauge [db]
# name 2 = c0mS/cm: Conductivity [mS/cm]
# name 3 = t090C: Temperature [ITS-90, deg C]
# name 4 = sbeox0ML/L: Oxygen, SBE 43 [ml/l]
# name 5 = depSM: Depth [salt water, m], lat = 47.5
# name 6 = sal00: Salinity, Practical [PSU]
# name 7 = sigma-é00: Density [sigma-theta, kg/m^3]
# name 8 = flag: flag
# span 0 = 257.420868, 257.426956       
# span 1 =     -4.708,     51.734       
# span 2 =   0.185709,  37.951930       
# span 3 =     7.3036,    14.2166       
# span 4 =   -12.8874,    13.0808       
# span 5 =     -4.669,     51.296       
# span 6 =     0.1137,    33.7537       
# span 7 =    -0.6562,    26.3956       
# span 8 = 0.0000e+00, 0.0000e+00       
# interval = seconds: 0.5
# start_time = Sep 13 2012 10:06:03 [Instrument's time stamp, header]
# bad_flag = -9.990e-29
*END*
 257.420868     -4.708 -9.990e-29    13.5352    -1.7855     -4.669 -9.990e-29 -9.990e-29 -9.990e-29
 257.420874     -4.701   0.191240    13.5400    -1.7854     -4.662     0.1177    -0.5997 -9.990e-29
 257.420880     -4.692   0.190337    13.5453    -1.7854     -4.653     0.1171    -0.6009 -9.990e-29
 257.420885     -4.680   0.189472    13.5504    -1.7854     -4.641     0.1166    -0.6020 -9.990e-29
 257.420891     -4.666   0.189153    13.5552    -1.7853     -4.627     0.1164    -0.6028 -9.990e-29
 257.420897     -4.647   0.189324    13.5599    -1.7854     -4.608     0.1164    -0.6033 -9.990e-29
 257.420903     -4.627   0.189660    13.5649    -1.7855     -4.588     0.1166    -0.6039 -9.990e-29
 257.420909     -4.604   0.189871    13.5709    -1.7853     -4.566     0.1168    -0.6046 -9.990e-29
 257.420914     -4.573   0.189685    13.5772    -1.7853     -4.535     0.1166    -0.6055 -9.990e-29
 257.420920     -4.541   0.189224    13.5821    -1.7851     -4.503     0.1163    -0.6064 -9.990e-29
 257.420926     -4.514   0.188980    13.5846    -1.7852     -4.476     0.1162    -0.6069 -9.990e-29
 257.420932     -4.490   0.189182    13.5855    -1.7855     -4.453     0.1163    -0.6069 -9.990e-29
 257.420937     -4.467   0.189546    13.5860    -1.7856     -4.430     0.1165    -0.6068 -9.990e-29
 257.420943     -4.445   0.189451    13.5863    -1.7856     -4.408     0.1165    -0.6069 -9.990e-29
 257.420949     -4.422   0.188769    13.5860    -1.7855     -4.385     0.1160    -0.6072 -9.990e-29
 257.420955     -4.396   0.188254    13.5864    -1.7855     -4.359     0.1157    -0.6075 -9.990e-29
 257.420961     -4.366   0.188327    13.5882    -1.7853     -4.330     0.1158    -0.6077 -9.990e-29
 257.420966     -4.330   0.188531    13.5906    -1.7850     -4.294     0.1159    -0.6079 -9.990e-29
 257.420972     -4.290   0.188587    13.5918    -1.7849     -4.254     0.1159    -0.6080 -9.990e-29
 257.420978     -4.252   0.188569    13.5905    -1.7850     -4.217     0.1159    -0.6079 -9.990e-29
 257.420984     -4.217   0.188454    13.5875    -1.7850     -4.182     0.1158    -0.6075 -9.990e-29
 257.420990     -4.184   0.188089    13.5853    -1.7849     -4.149     0.1156    -0.6074 -9.990e-29
 257.420995     -4.150   0.187540    13.5851    -1.7848     -4.115     0.1153    -0.6076 -9.990e-29
 257.421001     -4.114   0.187183    13.5862    -1.7846     -4.080     0.1151    -0.6079 -9.990e-29
 257.421007     -4.077   0.187097    13.5884    -1.7844     -4.043     0.1150    -0.6083 -9.990e-29
 257.421013     -4.045   0.187166    13.5920    -1.7840     -4.011     0.1150    -0.6087 -9.990e-29
 257.421019     -4.021   0.187484    13.5961    -1.7836     -3.987     0.1152    -0.6091 -9.990e-29
 257.421024     -3.999   0.187921    13.5989    -1.7834     -3.966     0.1155    -0.6093 -9.990e-29
 257.421030     -3.973   0.187955    13.6002    -1.7832     -3.940     0.1155    -0.6095 -9.990e-29
 257.421036     -3.946   0.187630    13.6015    -1.7831     -3.913     0.1153    -0.6098 -9.990e-29
 257.421042     -3.920   0.187621    13.6038    -1.7831     -3.887     0.1153    -0.6101 -9.990e-29
 257.421047     -3.894   0.187916    13.6071    -1.7832     -3.862     0.1155    -0.6104 -9.990e-29
 257.421053     -3.866   0.187802    13.6119    -1.7832     -3.834     0.1154    -0.6111 -9.990e-29
 257.421059     -3.834   0.187126    13.6184    -1.7833     -3.802     0.1149    -0.6124 -9.990e-29
 257.421065     -3.801   0.186649    13.6259    -1.7832     -3.769     0.1146    -0.6136 -9.990e-29
 257.421071     -3.773   0.186841    13.6333    -1.7832     -3.742     0.1147    -0.6145 -9.990e-29
 257.421076     -3.749   0.187407    13.6396    -1.7831     -3.718     0.1151    -0.6151 -9.990e-29
 257.421082     -3.722   0.187993    13.6443    -1.7832     -3.691     0.1154    -0.6155 -9.990e-29
 257.421088     -3.694   0.188275    13.6470    -1.7831     -3.663     0.1156    -0.6157 -9.990e-29
 257.421094     -3.669   0.188077    13.6477    -1.7829     -3.638     0.1154    -0.6159 -9.990e-29
 257.421100     -3.646   0.187689    13.6472    -1.7828     -3.616     0.1152    -0.6160 -9.990e-29
 257.421105     -3.621   0.187699    13.6467    -1.7825     -3.591     0.1152    -0.6160 -9.990e-29
 257.421111     -3.594   0.188121    13.6465    -1.7821     -3.564     0.1155    -0.6157 -9.990e-29
 257.421117     -3.568   0.188412    13.6467    -1.7819     -3.538     0.1157    -0.6156 -9.990e-29
 257.421123     -3.545   0.188407    13.6477    -1.7814     -3.515     0.1156    -0.6158 -9.990e-29
 257.421128     -3.519   0.188100    13.6488    -1.7811     -3.490     0.1155    -0.6160 -9.990e-29
 257.421134     -3.489   0.187636    13.6497    -1.7809     -3.460     0.1152    -0.6164 -9.990e-29
 257.421140     -3.461   0.187505    13.6516    -1.7805     -3.432     0.1151    -0.6167 -9.990e-29
 257.421146     -3.438   0.188084    13.6552    -1.7804     -3.409     0.1154    -0.6169 -9.990e-29
 257.421152     -3.419   0.189039    13.6602    -1.7803     -3.390     0.1160    -0.6172 -9.990e-29
 257.421157     -3.401   0.189429    13.6668    -1.7803     -3.373     0.1162    -0.6179 -9.990e-29
 257.421163     -3.380   0.189221    13.6747    -1.7803     -3.352     0.1161    -0.6191 -9.990e-29
 257.421169     -3.351   0.189248    13.6832    -1.7803     -3.323     0.1161    -0.6202 -9.990e-29
 257.421175     -3.319   0.189545    13.6920    -1.7802     -3.291     0.1162    -0.6213 -9.990e-29
 257.421181     -3.291   0.189402    13.7004    -1.7801     -3.264     0.1161    -0.6225 -9.990e-29
 257.421186     -3.262   0.188628    13.7080    -1.7795     -3.235     0.1156    -0.6239 -9.990e-29
 257.421192     -3.229   0.187854    13.7143    -1.7787     -3.202     0.1151    -0.6252 -9.990e-29
 257.421198     -3.199   0.187706    13.7186    -1.7783     -3.172     0.1150    -0.6258 -9.990e-29
 257.421204     -3.175   0.187989    13.7210    -1.7784     -3.149     0.1152    -0.6260 -9.990e-29
 257.421209     -3.154   0.187975    13.7222    -1.7785     -3.128     0.1152    -0.6262 -9.990e-29
 257.421215     -3.135   0.187644    13.7234    -1.7785     -3.109     0.1150    -0.6265 -9.990e-29
 257.421221     -3.118   0.187661    13.7253    -1.7785     -3.092     0.1150    -0.6268 -9.990e-29
 257.421227     -3.101   0.188049    13.7288    -1.7786     -3.075     0.1152    -0.6271 -9.990e-29
 257.421233     -3.083   0.188221    13.7354    -1.7786     -3.057     0.1153    -0.6279 -9.990e-29
 257.421238     -3.063   0.187853    13.7466    -1.7786     -3.037     0.1150    -0.6296 -9.990e-29
 257.421244     -3.039   0.187007    13.7593    -1.7789     -3.014     0.1145    -0.6318 -9.990e-29
 257.421250     -3.015   0.186216    13.7674    -1.7790     -2.990     0.1140    -0.6333 -9.990e-29
 257.421256     -2.997   0.186087    13.7698    -1.7788     -2.972     0.1139    -0.6337 -9.990e-29
 257.421262     -2.985   0.186449    13.7697    -1.7789     -2.960     0.1141    -0.6335 -9.990e-29
 257.421267     -2.973   0.186677    13.7692    -1.7788     -2.948     0.1143    -0.6333 -9.990e-29
 257.421273     -2.960   0.186522    13.7687    -1.7788     -2.935     0.1142    -0.6333 -9.990e-29
 257.421279     -2.942   0.186333    13.7684    -1.7786     -2.917     0.1141    -0.6334 -9.990e-29
 257.421285     -2.917   0.186412    13.7678    -1.7787     -2.893     0.1141    -0.6332 -9.990e-29
 257.421291     -2.892   0.186310    13.7659    -1.7787     -2.868     0.1141    -0.6330 -9.990e-29
 257.421296     -2.870   0.185892    13.7630    -1.7787     -2.846     0.1138    -0.6328 -9.990e-29
 257.421302     -2.850   0.185709    13.7613    -1.7787     -2.826     0.1137    -0.6327 -9.990e-29
 257.421308     -2.830   0.186069    13.7613    -1.7786     -2.806     0.1139    -0.6325 -9.990e-29
 257.421314     -2.809   0.186899    13.7619    -1.7786     -2.786     0.1144    -0.6322 -9.990e-29
 257.421319     -2.786   0.187647    13.7631    -1.7784     -2.763     0.1149    -0.6320 -9.990e-29
 257.421325     -2.758   0.187650    13.7650    -1.7782     -2.735     0.1149    -0.6323 -9.990e-29
 257.421331     -2.730   0.186914    13.7667    -1.7780     -2.707     0.1144    -0.6328 -9.990e-29
 257.421337     -2.702   0.186118    13.7672    -1.7781     -2.679     0.1139    -0.6333 -9.990e-29
 257.421343     -2.674   0.185860    13.7670    -1.7780     -2.652     0.1138    -0.6334 -9.990e-29
 257.421348     -2.648   0.186351    13.7669    -1.7778     -2.626     0.1141    -0.6331 -9.990e-29
 257.421354     -2.627   0.187694    13.7675    -1.7776     -2.605     0.1149    -0.6326 -9.990e-29
 257.421360     -2.608   0.189464    13.7690    -1.7774     -2.586     0.1160    -0.6319 -9.990e-29
 257.421366     -2.592   0.190701    13.7716    -1.7772     -2.570     0.1167    -0.6317 -9.990e-29
 257.421372     -2.576   0.190841    13.7752    -1.7772     -2.555     0.1168    -0.6321 -9.990e-29
 257.421377     -2.561   0.190072    13.7788    -1.7772     -2.540     0.1163    -0.6330 -9.990e-29
 257.421383     -2.544   0.189029    13.7813    -1.7771     -2.523     0.1157    -0.6339 -9.990e-29
 257.421389     -2.526   0.188534    13.7830    -1.7770     -2.505     0.1154    -0.6343 -9.990e-29
 257.421395     -2.504   0.189036    13.7855    -1.7770     -2.483     0.1157    -0.6344 -9.990e-29
 257.421400     -2.482   0.190099    13.7893    -1.7770     -2.461     0.1163    -0.6345 -9.990e-29
 257.421406     -2.462   0.190926    13.7942    -1.7770     -2.441     0.1168    -0.6347 -9.990e-29
 257.421412     -2.439   0.190960    13.7996    -1.7769     -2.419     0.1168    -0.6355 -9.990e-29
 257.421418     -2.412   0.190245    13.8038    -1.7769     -2.392     0.1164    -0.6364 -9.990e-29
 257.421424     -2.387   0.189490    13.8061    -1.7767     -2.367     0.1159    -0.6371 -9.990e-29
 257.421429     -2.367   0.189349    13.8074    -1.7762     -2.347     0.1158    -0.6373 -9.990e-29
 257.421435     -2.351   0.189635    13.8088    -1.7756     -2.331     0.1160    -0.6374 -9.990e-29
 257.421441     -2.337   0.189623    13.8102    -1.7751     -2.318     0.1160    -0.6376 -9.990e-29
 257.421447     -2.326   0.189296    13.8113    -1.7744     -2.307     0.1158    -0.6379 -9.990e-29
 257.421453     -2.315   0.189327    13.8120    -1.7740     -2.296     0.1158    -0.6380 -9.990e-29
 257.421458     -2.305   0.189757    13.8128    -1.7740     -2.286     0.1160    -0.6379 -9.990e-29
 257.421464     -2.295   0.190053    13.8144    -1.7741     -2.276     0.1162    -0.6380 -9.990e-29
 257.421470     -2.284   0.190059    13.8177    -1.7736     -2.265     0.1162    -0.6384 -9.990e-29
 257.421476     -2.272   0.189781    13.8243    -1.7731     -2.253     0.1160    -0.6395 -9.990e-29
 257.421481     -2.257   0.189401    13.8347    -1.7727     -2.238     0.1158    -0.6411 -9.990e-29
 257.421487     -2.239   0.189522    13.8473    -1.7729     -2.220     0.1158    -0.6428 -9.990e-29
 257.421493     -2.217   0.190306    13.8609    -1.7733     -2.199     0.1162    -0.6443 -9.990e-29
 257.421499     -2.189   0.191139    13.8739    -1.7737     -2.171     0.1167    -0.6457 -9.990e-29
 257.421505     -2.158   0.191470    13.8832    -1.7739     -2.140     0.1169    -0.6469 -9.990e-29
 257.421510     -2.130   0.191188    13.8881    -1.7740     -2.112     0.1167    -0.6477 -9.990e-29
 257.421516     -2.107   0.190472    13.8926    -1.7739     -2.089     0.1163    -0.6487 -9.990e-29
 257.421522     -2.089   0.190025    13.8999    -1.7737     -2.072     0.1160    -0.6499 -9.990e-29
 257.421528     -2.075   0.190915    13.9084    -1.7736     -2.058     0.1165    -0.6507 -9.990e-29
 257.421534     -2.063   0.193220    13.9136    -1.7736     -2.046     0.1179    -0.6503 -9.990e-29
 257.421539     -2.052   0.195587    13.9123    -1.7735     -2.035     0.1193    -0.6490 -9.990e-29
 257.421545     -2.042   0.196746    13.9062    -1.7732     -2.025     0.1201    -0.6476 -9.990e-29
 257.421551     -2.033   0.196582    13.8995    -1.7731     -2.016     0.1200    -0.6467 -9.990e-29
 257.421557     -2.023   0.195984    13.8946    -1.7730     -2.006     0.1196    -0.6463 -9.990e-29
 257.421562     -2.012   0.195815    13.8924    -1.7729     -1.995     0.1195    -0.6461 -9.990e-29
 257.421568     -1.999   0.196402    13.8930    -1.7725     -1.982     0.1199    -0.6459 -9.990e-29
 257.421574     -1.984   0.197424    13.8956    -1.7727     -1.967     0.1205    -0.6458 -9.990e-29
 257.421580     -1.966   0.198030    13.8987    -1.7727     -1.950     0.1209    -0.6459 -9.990e-29
 257.421586     -1.943   0.197920    13.9017    -1.7725     -1.927     0.1208    -0.6464 -9.990e-29
 257.421591     -1.918   0.197317    13.9052    -1.7725     -1.902     0.1204    -0.6472 -9.990e-29
 257.421597     -1.899   0.196525    13.9092    -1.7723     -1.883     0.1199    -0.6481 -9.990e-29
 257.421603     -1.883   0.195965    13.9131    -1.7720     -1.867     0.1196    -0.6489 -9.990e-29
 257.421609     -1.866   0.195995    13.9164    -1.7717     -1.850     0.1196    -0.6494 -9.990e-29
 257.421615     -1.851   0.196472    13.9198    -1.7715     -1.836     0.1199    -0.6496 -9.990e-29
 257.421620     -1.841   0.196923    13.9227    -1.7713     -1.826     0.1201    -0.6498 -9.990e-29
 257.421626     -1.832   0.197398    13.9243    -1.7711     -1.817     0.1204    -0.6498 -9.990e-29
 257.421632     -1.818   0.197975    13.9256    -1.7707     -1.803     0.1208    -0.6497 -9.990e-29
 257.421638     -1.803   0.198317    13.9278    -1.7706     -1.788     0.1210    -0.6499 -9.990e-29
 257.421644     -1.790   0.198327    13.9308    -1.7707     -1.775     0.1210    -0.6503 -9.990e-29
 257.421649     -1.778   0.198019    13.9351    -1.7709     -1.763     0.1208    -0.6510 -9.990e-29
 257.421655     -1.767   0.197533    13.9410    -1.7709     -1.752     0.1204    -0.6521 -9.990e-29
 257.421661     -1.756   0.197331    13.9475    -1.7710     -1.741     0.1203    -0.6531 -9.990e-29
 257.421667     -1.744   0.197696    13.9537    -1.7708     -1.729     0.1205    -0.6538 -9.990e-29
 257.421672     -1.730   0.198561    13.9595    -1.7708     -1.716     0.1210    -0.6542 -9.990e-29
 257.421678     -1.714   0.199418    13.9653    -1.7714     -1.700     0.1215    -0.6546 -9.990e-29
 257.421684     -1.699   0.199750    13.9706    -1.7718     -1.685     0.1217    -0.6552 -9.990e-29
 257.421690     -1.688   0.199445    13.9735    -1.7723     -1.674     0.1215    -0.6558 -9.990e-29
 257.421696     -1.676   0.198650    13.9733    -1.7731     -1.662     0.1210    -0.6561 -9.990e-29
 257.421701     -1.658   0.197964    13.9716    -1.7734     -1.644     0.1206    -0.6562 -9.990e-29
 257.421707     -1.638   0.198134    13.9701    -1.7732     -1.624     0.1207    -0.6559 -9.990e-29
 257.421713     -1.621   0.199386    13.9692    -1.7732     -1.607     0.1215    -0.6552 -9.990e-29
 257.421719     -1.613   0.201177    13.9681    -1.7728     -1.600     0.1226    -0.6542 -9.990e-29
 257.421725     -1.607   0.202573    13.9644    -1.7727     -1.594     0.1235    -0.6530 -9.990e-29
 257.421730     -1.596   0.203222    13.9564    -1.7726     -1.583     0.1239    -0.6516 -9.990e-29
 257.421736     -1.577   0.203435    13.9453    -1.7725     -1.564     0.1240    -0.6499 -9.990e-29
 257.421742     -1.560   0.203496    13.9325    -1.7723     -1.547     0.1241    -0.6481 -9.990e-29
 257.421748     -1.546   0.203485    13.9207    -1.7723     -1.533     0.1241    -0.6464 -9.990e-29
 257.421753     -1.535   0.203388    13.9139    -1.7726     -1.522     0.1241    -0.6455 -9.990e-29
 257.421759     -1.526   0.203077    13.9125    -1.7728     -1.513     0.1239    -0.6454 -9.990e-29
 257.421765     -1.519   0.202690    13.9146    -1.7730     -1.506     0.1237    -0.6459 -9.990e-29
 257.421771     -1.512   0.202818    13.9185    -1.7730     -1.499     0.1237    -0.6464 -9.990e-29
 257.421777     -1.507   0.203631    13.9225    -1.7728     -1.494     0.1242    -0.6466 -9.990e-29
 257.421782     -1.498   0.204552    13.9260    -1.7726     -1.486     0.1248    -0.6466 -9.990e-29
 257.421788     -1.480   0.205148    13.9293    -1.7724     -1.468     0.1251    -0.6468 -9.990e-29
