data/oxygen options/OCNMS/OCNMS1/raw_data/2012/CAST_CE042_120906faed.cnv
* Sea-Bird SBE19 Data File:
* FileName = C:\Documents and Settings\OCNMS\Desktop\2012 mooring data\Hypoxia Sampling\CAST_CE042_120906.hex
* Software Version 1.25
* Temperature SN = 2997
* Conductivity SN = 2997
* System UpLoad Time = Sep 06 2012 11:42:45
** CAST_CE042_120906
* SEACAT PROFILER V3.1c SN 2997   09/06/12  11:41:38.213
# nquan = 9                                 
# nvalues = 1041                        
# units = specified
# name 0 = timeJ: Julian Days
# name 1 = prSM: Pressure, Strain Gauge [db]
# name 2 = c0mS/cm: Conductivity [mS/cm]
# name 3 = t090C: Temperature [ITS-90, deg C]
# name 4 = sbeox0ML/L: Oxygen, SBE 43 [ml/l]
# name 5 = depSM: Depth [salt water, m], lat = 47.5
# name 6 = sal00: Salinity, Practical [PSU]
# name 7 = sigma-é00: Density [sigma-theta, kg/m^3]
# name 8 = flag: flag
# span 0 = 250.456852, 250.462870       
# span 1 =     -4.963,     44.218       
# span 2 =   0.009129,  39.346438       
# span 3 =     7.3010,    14.3497       
# span 4 =    -1.8687,    14.1641       
# span 5 =     -4.922,     43.844       
# span 6 =     0.0099,    33.7493       
# span 7 =    -0.5087,    26.3919       
# span 8 = 0.0000e+00, 0.0000e+00       
# interval = seconds: 0.5
# start_time = Sep 06 2012 10:57:52 [Instrument's time stamp, header]
# bad_flag = -9.990e-29
*END*
[from data line 321]
 250.458709     -0.484   0.009669    11.7587    -1.8644     -0.480     0.0102    -0.4655 -9.990e-29
 250.458715     -0.479   0.009670    11.7585    -1.8645     -0.475     0.0102    -0.4655 -9.990e-29
 250.458721     -0.468   0.009670    11.7582    -1.8646     -0.464     0.0102    -0.4655 -9.990e-29
 250.458727     -0.456   0.009670    11.7565    -1.8646     -0.452     0.0102    -0.4653 -9.990e-29
 250.458733     -0.446   0.009671    11.7530    -1.8647     -0.442     0.0102    -0.4649 -9.990e-29
 250.458738     -0.438   0.009671    11.7486    -1.8647     -0.434     0.0102    -0.4644 -9.990e-29
 250.458744     -0.431   0.009671    11.7441    -1.8647     -0.427     0.0102    -0.4639 -9.990e-29
 250.458750     -0.424   0.009671    11.7395    -1.8646     -0.420     0.0102    -0.4634 -9.990e-29
 250.458756     -0.418   0.009672    11.7352    -1.8647     -0.415     0.0102    -0.4629 -9.990e-29
 250.458762     -0.415   0.009672    11.7317    -1.8647     -0.412     0.0102    -0.4625 -9.990e-29
 250.458767     -0.421   0.009672    11.7291    -1.8646     -0.417     0.0102    -0.4622 -9.990e-29
 250.458773     -0.431   0.009673    11.7271    -1.8646     -0.427     0.0102    -0.4620 -9.990e-29
 250.458779     -0.441   0.009673    11.7256    -1.8646     -0.437     0.0102    -0.4618 -9.990e-29
 250.458785     -0.452   0.009673    11.7244    -1.8647     -0.448     0.0102    -0.4617 -9.990e-29
 250.458791     -0.462   0.009674    11.7238    -1.8646     -0.458     0.0102    -0.4616 -9.990e-29
 250.458796     -0.460   0.009674    11.7241    -1.8644     -0.456     0.0102    -0.4617 -9.990e-29
 250.458802     -0.449   0.009674    11.7247    -1.8642     -0.445     0.0102    -0.4617 -9.990e-29
 250.458808     -0.435   0.009674    11.7251    -1.8639     -0.431     0.0102    -0.4618 -9.990e-29
 250.458814     -0.421   0.009675    11.7255    -1.8637     -0.417     0.0102    -0.4618 -9.990e-29
 250.458819     -0.412   0.009675    11.7259    -1.8634     -0.409     0.0102    -0.4619 -9.990e-29
 250.458825     -0.411   0.009675    11.7260    -1.8630     -0.408     0.0102    -0.4619 -9.990e-29
 250.458831     -0.413   0.009676    11.7261    -1.8628     -0.410     0.0102    -0.4619 -9.990e-29
 250.458837     -0.415   0.009676    11.7266    -1.8627     -0.412     0.0102    -0.4620 -9.990e-29
 250.458843     -0.417   0.009676    11.7285    -1.8626     -0.414     0.0102    -0.4622 -9.990e-29
 250.458848     -0.418   0.009677    11.7322    -1.8624     -0.415     0.0102    -0.4626 -9.990e-29
 250.458854     -0.418   0.009677    11.7370    -1.8620     -0.415     0.0102    -0.4631 -9.990e-29
 250.458860     -0.419   0.009677    11.7424    -1.8616     -0.416     0.0102    -0.4637 -9.990e-29
 250.458866     -0.419   0.009677    11.7483    -1.8609     -0.416     0.0102    -0.4644 -9.990e-29
 250.458872     -0.420   0.009678    11.7550    -1.8601     -0.416     0.0102    -0.4651 -9.990e-29
 250.458877     -0.420   0.009678    11.7618    -1.8598     -0.416     0.0102    -0.4659 -9.990e-29
 250.458883     -0.419   0.009678    11.7673    -1.8597     -0.416     0.0102    -0.4665 -9.990e-29
 250.458889     -0.419   0.009679    11.7714    -1.8596     -0.416     0.0102    -0.4669 -9.990e-29
 250.458895     -0.419   0.009679    11.7755    -1.8596     -0.416     0.0102    -0.4674 -9.990e-29
 250.458900     -0.418   0.009679    11.7812    -1.8598     -0.415     0.0102    -0.4680 -9.990e-29
 250.458906     -0.417   0.009680    11.7891    -1.8601     -0.414     0.0102    -0.4689 -9.990e-29
 250.458912     -0.416   0.009680    11.7996    -1.8602     -0.413     0.0102    -0.4701 -9.990e-29
 250.458918     -0.414   0.009680    11.8124    -1.8605     -0.411     0.0102    -0.4715 -9.990e-29
 250.458924     -0.412   0.009680    11.8248    -1.8608     -0.409     0.0102    -0.4729 -9.990e-29
 250.458929     -0.409   0.009681    11.8335    -1.8611     -0.406     0.0102    -0.4738 -9.990e-29
 250.458935     -0.405   0.009681    11.8383    -1.8613     -0.402     0.0102    -0.4744 -9.990e-29
 250.458941     -0.401   0.009681    11.8403    -1.8614     -0.398     0.0102    -0.4746 -9.990e-29
 250.458947     -0.395   0.009681    11.8397    -1.8618     -0.392     0.0102    -0.4745 -9.990e-29
 250.458953     -0.387   0.009680    11.8367    -1.8620     -0.384     0.0102    -0.4742 -9.990e-29
 250.458958     -0.377   0.009677    11.8322    -1.8622     -0.374     0.0102    -0.4737 -9.990e-29
 250.458964     -0.368   0.009668    11.8269    -1.8624     -0.365     0.0102    -0.4731 -9.990e-29
 250.458970     -0.365   0.009641    11.8209    -1.8627     -0.362     0.0102    -0.4724 -9.990e-29
 250.458976     -0.362   0.009559    11.8146    -1.8629     -0.359     0.0101    -0.4718 -9.990e-29
 250.458981     -0.355   0.009313    11.8089    -1.8631     -0.352     0.0100    -0.4712 -9.990e-29
 250.458987     -0.344   0.009129    11.8040    -1.8633     -0.341     0.0099    -0.4708 -9.990e-29
 250.458993     -0.333   0.009313    11.7989    -1.8635     -0.330     0.0100    -0.4701 -9.990e-29
 250.458999     -0.324   0.009558    11.7934    -1.8637     -0.321     0.0101    -0.4694 -9.990e-29
 250.459005     -0.313   0.009640    11.7881    -1.8637     -0.310     0.0102    -0.4688 -9.990e-29
 250.459010     -0.299   0.009667    11.7831    -1.8637     -0.297     0.0102    -0.4682 -9.990e-29
 250.459016     -0.287   0.009676    11.7778    -1.8638     -0.285     0.0102    -0.4676 -9.990e-29
 250.459022     -0.274   0.009679    11.7722    -1.8637     -0.272     0.0102    -0.4670 -9.990e-29
 250.459028     -0.265   0.009680    11.7667    -1.8635     -0.263     0.0102    -0.4664 -9.990e-29
 250.459034     -0.258   0.009680    11.7618    -1.8635     -0.256     0.0102    -0.4658 -9.990e-29
 250.459039     -0.250   0.009680    11.7575    -1.8633     -0.248     0.0102    -0.4654 -9.990e-29
 250.459045     -0.239   0.009680    11.7539    -1.8630     -0.237     0.0102    -0.4650 -9.990e-29
 250.459051     -0.226   0.009680    11.7512    -1.8627     -0.224     0.0102    -0.4647 -9.990e-29
 250.459057     -0.213   0.009679    11.7496    -1.8623     -0.211     0.0102    -0.4645 -9.990e-29
 250.459062     -0.203   0.009679    11.7487    -1.8620     -0.201     0.0102    -0.4644 -9.990e-29
 250.459068     -0.197   0.009679    11.7485    -1.8616     -0.195     0.0102    -0.4644 -9.990e-29
 250.459074     -0.193   0.009679    11.7497    -1.8610     -0.191     0.0102    -0.4645 -9.990e-29
 250.459080     -0.192   0.009679    11.7520    -1.8605     -0.190     0.0102    -0.4648 -9.990e-29
 250.459086     -0.194   0.009678    11.7548    -1.8601     -0.192     0.0102    -0.4651 -9.990e-29
 250.459091     -0.198   0.009678    11.7591    -1.8595     -0.196     0.0102    -0.4656 -9.990e-29
 250.459097     -0.205   0.009678    11.7654    -1.8590     -0.203     0.0102    -0.4662 -9.990e-29
 250.459103     -0.211   0.009678    11.7729    -1.8584     -0.209     0.0102    -0.4671 -9.990e-29
 250.459109     -0.212   0.009678    11.7808    -1.8579     -0.210     0.0102    -0.4680 -9.990e-29
 250.459115     -0.208   0.009677    11.7894    -1.8575     -0.206     0.0102    -0.4689 -9.990e-29
 250.459120     -0.199   0.009677    11.7995    -1.8571     -0.197     0.0102    -0.4700 -9.990e-29
 250.459126     -0.189   0.009677    11.8109    -1.8568     -0.187     0.0102    -0.4713 -9.990e-29
 250.459132     -0.181   0.009677    11.8223    -1.8564     -0.179     0.0102    -0.4726 -9.990e-29
 250.459138     -0.175   0.009677    11.8339    -1.8560     -0.174     0.0102    -0.4739 -9.990e-29
 250.459144     -0.170   0.009676    11.8461    -1.8556     -0.169     0.0102    -0.4752 -9.990e-29
 250.459149     -0.166   0.009676    11.8585    -1.8552     -0.165     0.0102    -0.4766 -9.990e-29
 250.459155     -0.163   0.009676    11.8706    -1.8548     -0.162     0.0102    -0.4780 -9.990e-29
 250.459161     -0.161   0.009676    11.8819    -1.8545     -0.160     0.0102    -0.4793 -9.990e-29
 250.459167     -0.159   0.009676    11.8919    -1.8542     -0.158     0.0102    -0.4804 -9.990e-29
 250.459172     -0.158   0.009675    11.9010    -1.8539     -0.157     0.0102    -0.4814 -9.990e-29
 250.459178     -0.157   0.009675    11.9097    -1.8535     -0.156     0.0102    -0.4824 -9.990e-29
 250.459184     -0.157   0.009675    11.9186    -1.8533     -0.156     0.0102    -0.4834 -9.990e-29
 250.459190     -0.156   0.009675    11.9279    -1.8529     -0.155     0.0102    -0.4845 -9.990e-29
 250.459196     -0.156   0.009674    11.9371    -1.8526     -0.155     0.0102    -0.4855 -9.990e-29
 250.459201     -0.155   0.009674    11.9460    -1.8522     -0.154     0.0102    -0.4865 -9.990e-29
 250.459207     -0.155   0.009674    11.9544    -1.8518     -0.154     0.0103    -0.4875 -9.990e-29
 250.459213     -0.155   0.009674    11.9622    -1.8516     -0.154     0.0103    -0.4883 -9.990e-29
 250.459219     -0.156   0.009674    11.9698    -1.8513     -0.155     0.0103    -0.4892 -9.990e-29
 250.459225     -0.156   0.009673    11.9774    -1.8510     -0.155     0.0103    -0.4901 -9.990e-29
 250.459230     -0.157   0.009673    11.9848    -1.8507     -0.156     0.0103    -0.4909 -9.990e-29
 250.459236     -0.158   0.009673    11.9923    -1.8505     -0.157     0.0103    -0.4918 -9.990e-29
 250.459242     -0.159   0.009673    12.0001    -1.8502     -0.158     0.0103    -0.4926 -9.990e-29
 250.459248     -0.161   0.009673    12.0082    -1.8498     -0.160     0.0103    -0.4936 -9.990e-29
 250.459253     -0.163   0.009672    12.0161    -1.8493     -0.162     0.0103    -0.4945 -9.990e-29
 250.459259     -0.165   0.009672    12.0235    -1.8491     -0.164     0.0103    -0.4953 -9.990e-29
 250.459265     -0.169   0.009672    12.0302    -1.8491     -0.168     0.0103    -0.4961 -9.990e-29
 250.459271     -0.174   0.009672    12.0367    -1.8492     -0.173     0.0103    -0.4968 -9.990e-29
 250.459277     -0.179   0.009672    12.0435    -1.8490     -0.178     0.0103    -0.4976 -9.990e-29
 250.459282     -0.183   0.009671    12.0503    -1.8489     -0.181     0.0103    -0.4984 -9.990e-29
 250.459288     -0.179   0.009671    12.0569    -1.8487     -0.178     0.0103    -0.4991 -9.990e-29
 250.459294     -0.173   0.009671    12.0642    -1.8486     -0.172     0.0103    -0.5000 -9.990e-29
 250.459300     -0.169   0.009671    12.0725    -1.8484     -0.168     0.0103    -0.5009 -9.990e-29
 250.459306     -0.165   0.009671    12.0803    -1.8483     -0.164     0.0103    -0.5018 -9.990e-29
 250.459311     -0.162   0.009670    12.0854    -1.8482     -0.161     0.0103    -0.5024 -9.990e-29
 250.459317     -0.160   0.009670    12.0873    -1.8480     -0.159     0.0103    -0.5026 -9.990e-29
 250.459323     -0.158   0.009670    12.0884    -1.8480     -0.157     0.0103    -0.5028 -9.990e-29
 250.459329     -0.157   0.009670    12.0908    -1.8479     -0.156     0.0103    -0.5030 -9.990e-29
 250.459334     -0.156   0.009670    12.0941    -1.8477     -0.155     0.0103    -0.5034 -9.990e-29
 250.459340     -0.155   0.009669    12.0976    -1.8476     -0.154     0.0103    -0.5038 -9.990e-29
 250.459346     -0.154   0.009669    12.1012    -1.8474     -0.153     0.0103    -0.5042 -9.990e-29
 250.459352     -0.153   0.009669    12.1047    -1.8472     -0.152     0.0103    -0.5046 -9.990e-29
 250.459358     -0.152   0.009669    12.1077    -1.8471     -0.151     0.0103    -0.5050 -9.990e-29
 250.459363     -0.152   0.009669    12.1104    -1.8472     -0.151     0.0103    -0.5053 -9.990e-29
 250.459369     -0.151   0.009668    12.1129    -1.8471     -0.150     0.0103    -0.5056 -9.990e-29
 250.459375     -0.149   0.009668    12.1150    -1.8470     -0.148     0.0103    -0.5058 -9.990e-29
 250.459381     -0.148   0.009668    12.1175    -1.8470     -0.147     0.0103    -0.5061 -9.990e-29
 250.459387     -0.146   0.009668    12.1208    -1.8470     -0.145     0.0103    -0.5065 -9.990e-29
 250.459392     -0.144   0.009668    12.1246    -1.8470     -0.143     0.0103    -0.5069 -9.990e-29
 250.459398     -0.142   0.009667    12.1284    -1.8470     -0.141     0.0103    -0.5074 -9.990e-29
 250.459404     -0.138   0.009667    12.1318    -1.8470     -0.137     0.0103    -0.5078 -9.990e-29
 250.459410     -0.134   0.009667    12.1338    -1.8470     -0.133     0.0103    -0.5080 -9.990e-29
 250.459416     -0.129   0.009667    12.1349    -1.8469     -0.128     0.0103    -0.5081 -9.990e-29
 250.459421     -0.122   0.009667    12.1364    -1.8459     -0.121     0.0103    -0.5083 -9.990e-29
 250.459427     -0.117   0.009667    12.1377    -1.8454     -0.116     0.0103    -0.5085 -9.990e-29
 250.459433     -0.119   0.009669    12.1383    -1.8420     -0.118     0.0103    -0.5085 -9.990e-29
 250.459439     -0.123   0.009676    12.1384    -1.8392     -0.122     0.0103    -0.5085 -9.990e-29
 250.459444     -0.124   0.009696    12.1385    -1.8404     -0.123     0.0103    -0.5085 -9.990e-29
 250.459450     -0.124   0.009757    12.1387    -1.8408     -0.123     0.0104    -0.5085 -9.990e-29
 250.459456     -0.122   0.009939    12.1393    -1.8410     -0.121     0.0104    -0.5085 -9.990e-29
 250.459462     -0.118   0.010485    12.1420    -1.8415     -0.117     0.0107    -0.5086 -9.990e-29
 250.459468     -0.112   0.012126    12.1490    -1.8421     -0.111     0.0116    -0.5087 -9.990e-29
 250.459473     -0.104   0.017047    12.1596    -1.8428     -0.103     0.0143    -0.5079 -9.990e-29
 250.459479     -0.096   0.031811    12.1672    -1.8438     -0.095     0.0227    -0.5022 -9.990e-29
 250.459485     -0.093   0.076102    12.1680    -1.8447     -0.092     0.0492    -0.4815 -9.990e-29
 250.459491     -0.091   0.208976    12.1654    -1.8454     -0.090     0.1329    -0.4157 -9.990e-29
 250.459497     -0.085   0.446531    12.1632    -1.8461     -0.084     0.2887    -0.2936 -9.990e-29
 250.459502     -0.080   0.650481    12.1622    -1.8461     -0.079     0.4261    -0.1862 -9.990e-29
 250.459508     -0.078   0.712435    12.1610    -1.8456     -0.077     0.4684    -0.1531 -9.990e-29
 250.459514     -0.075   0.692304    12.1572    -1.8454     -0.074     0.4547    -0.1634 -9.990e-29
 250.459520     -0.072   0.656828    12.1488    -1.8454     -0.071     0.4306    -0.1812 -9.990e-29
 250.459525     -0.072   0.618504    12.1352    -1.8457     -0.071     0.4047    -0.1998 -9.990e-29
 250.459531     -0.071   0.586582    12.1181    -1.8459     -0.070     0.3832    -0.2146 -9.990e-29
 250.459537     -0.066   0.567221    12.1013    -1.8456     -0.065     0.3703    -0.2227 -9.990e-29
 250.459543     -0.054   0.556754    12.0868    -1.8448     -0.054     0.3634    -0.2264 -9.990e-29
 250.459549     -0.041   0.547868    12.0746    -1.8440     -0.041     0.3575    -0.2296 -9.990e-29
 250.459554     -0.034   0.542557    12.0655    -1.8434     -0.034     0.3540    -0.2313 -9.990e-29
 250.459560     -0.031   0.552564    12.0591    -1.8430     -0.031     0.3608    -0.2252 -9.990e-29
 250.459566     -0.026   0.587356    12.0553    -1.8428     -0.026     0.3844    -0.2064 -9.990e-29
 250.459572     -0.016   0.636850    12.0548    -1.8430     -0.016     0.4180    -0.1800 -9.990e-29
 250.459578     -0.006   0.671808    12.0570    -1.8427     -0.006     0.4418    -0.1617 -9.990e-29
 250.459583      0.004   0.675170    12.0628    -1.8426      0.004     0.4441    -0.1606 -9.990e-29
 250.459589      0.012   0.656402    12.0748    -1.8430      0.012     0.4311    -0.1721 -9.990e-29
 250.459595      0.013   0.630900    12.0924    -1.8430      0.013     0.4136    -0.1879 -9.990e-29
 250.459601      0.011   0.603417    12.1114    -1.8431      0.011     0.3947    -0.2048 -9.990e-29
 250.459606      0.016   0.575513    12.1271    -1.8433      0.016     0.3757    -0.2215 -9.990e-29
 250.459612      0.027   0.553168    12.1376    -1.8434      0.027     0.3605    -0.2346 -9.990e-29
 250.459618      0.037   0.540913    12.1445    -1.8436      0.037     0.3521    -0.2419 -9.990e-29
 250.459624      0.042   0.535144    12.1498    -1.8436      0.042     0.3482    -0.2456 -9.990e-29
