data/oxygen options/OCNMS/OCNMS1/raw_data/2012/CAST_TH015_120719faed.cnv
* Sea-Bird SBE19 Data File:
* FileName = C:\Documents and Settings\OCNMS\Desktop\2012 mooring data\1st service\CAST_TH015_120719.hex
* Software Version 1.25
* Temperature SN = 2997
* Conductivity SN = 2997
* System UpLoad Time = Jul 20 2012 06:02:53
** CAST_TH015_120719
* SEACAT PROFILER V3.1c SN 2997   07/20/12  06:01:52.996
# nquan = 9                                 
# nvalues = 889                         
# units = specified
# name 0 = timeJ: Julian Days
# name 1 = prSM: Pressure, Strain Gauge [db]
# name 2 = c0mS/cm: Conductivity [mS/cm]
# name 3 = t090C: Temperature [ITS-90, deg C]
# name 4 = sbeox0ML/L: Oxygen, SBE 43 [ml/l]
# name 5 = depSM: Depth [salt water, m], lat = 47.5
# name 6 = sal00: Salinity, Practical [PSU]
# name 7 = sigma-é00: Density [sigma-theta, kg/m^3]
# name 8 = flag: flag
# span 0 = 201.581736, 201.586875       
# span 1 =     -5.760,     17.549       
# span 2 =   0.163529,  37.875075       
# span 3 =     9.1051,    15.7876       
# span 4 =    -1.7279,    15.5692       
# span 5 =     -5.712,     17.402       
# span 6 =     0.0966,    32.9442       
# span 7 =    -0.9008,    25.4907       
# span 8 = 0.0000e+00, 0.0000e+00       
# interval = seconds: 0.5
# start_time = Jul 19 2012 13:57:42 [Instrument's time stamp, header]
# bad_flag = -9.990e-29
*END*
 201.581736     -5.760 -9.990e-29    15.2236    -1.7224     -5.712 -9.990e-29 -9.990e-29 -9.990e-29
 201.581742     -5.746   0.164473    15.2262    -1.7223     -5.698     0.0976    -0.8578 -9.990e-29
 201.581748     -5.729   0.163938    15.2283    -1.7221     -5.681     0.0973    -0.8583 -9.990e-29
 201.581753     -5.706   0.163624    15.2304    -1.7218     -5.658     0.0971    -0.8588 -9.990e-29
 201.581759     -5.676   0.163665    15.2330    -1.7212     -5.629     0.0971    -0.8592 -9.990e-29
 201.581765     -5.642   0.163932    15.2362    -1.7208     -5.595     0.0972    -0.8596 -9.990e-29
 201.581771     -5.611   0.164226    15.2393    -1.7204     -5.564     0.0974    -0.8599 -9.990e-29
 201.581777     -5.580   0.164203    15.2411    -1.7195     -5.534     0.0974    -0.8602 -9.990e-29
 201.581782     -5.542   0.163834    15.2411    -1.7181     -5.496     0.0972    -0.8604 -9.990e-29
 201.581788     -5.501   0.163551    15.2414    -1.7171     -5.455     0.0970    -0.8605 -9.990e-29
 201.581794     -5.457   0.163529    15.2441    -1.7164     -5.412     0.0970    -0.8610 -9.990e-29
 201.581800     -5.412   0.163741    15.2499    -1.7158     -5.367     0.0971    -0.8618 -9.990e-29
 201.581806     -5.372   0.163918    15.2593    -1.7150     -5.327     0.0972    -0.8632 -9.990e-29
 201.581811     -5.338   0.163741    15.2715    -1.7146     -5.294     0.0971    -0.8651 -9.990e-29
 201.581817     -5.308   0.163529    15.2848    -1.7146     -5.264     0.0969    -0.8673 -9.990e-29
 201.581823     -5.281   0.163555    15.3016    -1.7140     -5.237     0.0969    -0.8699 -9.990e-29
 201.581829     -5.254   0.163856    15.3249    -1.7136     -5.210     0.0970    -0.8734 -9.990e-29
 201.581834     -5.227   0.164278    15.3525    -1.7130     -5.183     0.0972    -0.8776 -9.990e-29
 201.581840     -5.196   0.164279    15.3786    -1.7124     -5.153     0.0972    -0.8817 -9.990e-29
 201.581846     -5.161   0.163861    15.4010    -1.7117     -5.118     0.0969    -0.8854 -9.990e-29
 201.581852     -5.123   0.163574    15.4206    -1.7116     -5.080     0.0967    -0.8886 -9.990e-29
 201.581858     -5.089   0.163592    15.4373    -1.7117     -5.047     0.0966    -0.8912 -9.990e-29
 201.581863     -5.060   0.163938    15.4498    -1.7112     -5.018     0.0968    -0.8930 -9.990e-29
 201.581869     -5.035   0.164521    15.4595    -1.7106     -4.993     0.0971    -0.8943 -9.990e-29
 201.581875     -5.012   0.165015    15.4704    -1.7099     -4.970     0.0974    -0.8958 -9.990e-29
 201.581881     -4.990   0.165523    15.4833    -1.7091     -4.948     0.0977    -0.8976 -9.990e-29
 201.581887     -4.967   0.166725    15.4974    -1.7085     -4.926     0.0983    -0.8993 -9.990e-29
 201.581892     -4.942   0.169119    15.5117    -1.7077     -4.901     0.0997    -0.9005 -9.990e-29
 201.581898     -4.913   0.172575    15.5235    -1.7071     -4.872     0.1017    -0.9008 -9.990e-29
 201.581904     -4.879   0.177276    15.5304    -1.7065     -4.838     0.1044    -0.8998 -9.990e-29
 201.581910     -4.841   0.183956    15.5347    -1.7060     -4.801     0.1083    -0.8974 -9.990e-29
 201.581916     -4.806   0.194880    15.5414    -1.7057     -4.766     0.1147    -0.8936 -9.990e-29
 201.581921     -4.776   0.212995    15.5517    -1.7050     -4.736     0.1253    -0.8870 -9.990e-29
 201.581927     -4.748   0.236996    15.5639    -1.7050     -4.708     0.1394    -0.8780 -9.990e-29
 201.581933     -4.721   0.264571    15.5764    -1.7066     -4.682     0.1557    -0.8673 -9.990e-29
 201.581939     -4.694   0.298173    15.5894    -1.7062     -4.655     0.1757    -0.8539 -9.990e-29
 201.581944     -4.664   0.338329    15.6038    -1.7058     -4.625     0.1997    -0.8376 -9.990e-29
 201.581950     -4.630   0.376587    15.6188    -1.7063     -4.591     0.2227    -0.8222 -9.990e-29
 201.581956     -4.594   0.404181    15.6334    -1.7053     -4.556     0.2393    -0.8117 -9.990e-29
 201.581962     -4.562   0.419710    15.6466    -1.7040     -4.524     0.2486    -0.8065 -9.990e-29
 201.581968     -4.536   0.426169    15.6576    -1.7041     -4.498     0.2525    -0.8053 -9.990e-29
 201.581973     -4.514   0.428297    15.6631    -1.7052     -4.476     0.2538    -0.8052 -9.990e-29
 201.581979     -4.496   0.430038    15.6548    -1.7064     -4.459     0.2549    -0.8030 -9.990e-29
 201.581985     -4.481   0.437037    15.6314    -1.7066     -4.444     0.2593    -0.7959 -9.990e-29
 201.581991     -4.466   0.463608    15.6025    -1.7064     -4.429     0.2757    -0.7786 -9.990e-29
 201.581997     -4.451   0.539646    15.5749    -1.7069     -4.414     0.3225    -0.7380 -9.990e-29
 201.582002     -4.436   0.682943    15.5553    -1.7077     -4.399     0.4116    -0.6661 -9.990e-29
 201.582008     -4.419   0.852596    15.5490    -1.7080     -4.382     0.5183    -0.5827 -9.990e-29
 201.582014     -4.399   0.994101    15.5481    -1.7079     -4.362     0.6081    -0.5132 -9.990e-29
 201.582020     -4.375   1.102879    15.5416    -1.7075     -4.339     0.6778    -0.4584 -9.990e-29
 201.582025     -4.345   1.182749    15.5286    -1.7073     -4.309     0.7294    -0.4165 -9.990e-29
 201.582031     -4.312   1.217808    15.5173    -1.7074     -4.276     0.7522    -0.3971 -9.990e-29
 201.582037     -4.283   1.207727    15.5145    -1.7081     -4.247     0.7457    -0.4017 -9.990e-29
 201.582043     -4.259   1.171744    15.5169    -1.7086     -4.223     0.7225    -0.4200 -9.990e-29
 201.582049     -4.239   1.124468    15.5172    -1.7089     -4.204     0.6921    -0.4435 -9.990e-29
 201.582054     -4.222   1.069881    15.5147    -1.7082     -4.187     0.6571    -0.4701 -9.990e-29
 201.582060     -4.208   1.012184    15.5145    -1.7077     -4.173     0.6202    -0.4986 -9.990e-29
 201.582066     -4.189   0.960840    15.5188    -1.7071     -4.154     0.5873    -0.5246 -9.990e-29
 201.582072     -4.162   0.922703    15.5242    -1.7074     -4.127     0.5630    -0.5442 -9.990e-29
 201.582078     -4.129   0.899530    15.5265    -1.7078     -4.095     0.5483    -0.5560 -9.990e-29
 201.582083     -4.096   0.891989    15.5244    -1.7076     -4.062     0.5435    -0.5593 -9.990e-29
 201.582089     -4.066   0.891137    15.5193    -1.7069     -4.032     0.5430    -0.5589 -9.990e-29
 201.582095     -4.036   0.880335    15.5143    -1.7064     -4.002     0.5363    -0.5633 -9.990e-29
 201.582101     -4.009   0.858470    15.5140    -1.7064     -3.976     0.5224    -0.5740 -9.990e-29
 201.582106     -3.987   0.839582    15.5209    -1.7061     -3.954     0.5104    -0.5843 -9.990e-29
 201.582112     -3.969   0.832265    15.5324    -1.7057     -3.936     0.5056    -0.5898 -9.990e-29
 201.582118     -3.954   0.832300    15.5430    -1.7053     -3.921     0.5055    -0.5916 -9.990e-29
 201.582124     -3.941   0.827554    15.5484    -1.7046     -3.908     0.5024    -0.5948 -9.990e-29
 201.582130     -3.929   0.810040    15.5514    -1.7042     -3.896     0.4914    -0.6039 -9.990e-29
 201.582135     -3.918   0.785199    15.5585    -1.7038     -3.885     0.4756    -0.6171 -9.990e-29
 201.582141     -3.906   0.764206    15.5702    -1.7031     -3.873     0.4623    -0.6293 -9.990e-29
 201.582147     -3.893   0.750634    15.5818    -1.7019     -3.861     0.4537    -0.6378 -9.990e-29
 201.582153     -3.878   0.740784    15.5913    -1.7010     -3.846     0.4474    -0.6442 -9.990e-29
 201.582159     -3.860   0.731488    15.6016    -1.7004     -3.828     0.4414    -0.6504 -9.990e-29
 201.582164     -3.838   0.722534    15.6146    -1.6999     -3.806     0.4357    -0.6569 -9.990e-29
 201.582170     -3.815   0.713613    15.6297    -1.6998     -3.783     0.4300    -0.6637 -9.990e-29
 201.582176     -3.793   0.703352    15.6458    -1.6997     -3.761     0.4234    -0.6713 -9.990e-29
 201.582182     -3.768   0.691912    15.6618    -1.7007     -3.737     0.4161    -0.6795 -9.990e-29
 201.582188     -3.736   0.680650    15.6791    -1.7026     -3.705     0.4089    -0.6878 -9.990e-29
 201.582193     -3.706   0.670605    15.7011    -1.7045     -3.675     0.4025    -0.6963 -9.990e-29
 201.582199     -3.679   0.662229    15.7269    -1.7066     -3.648     0.3970    -0.7047 -9.990e-29
 201.582205     -3.657   0.654319    15.7511    -1.7079     -3.627     0.3919    -0.7125 -9.990e-29
 201.582211     -3.645   0.645189    15.7700    -1.7086     -3.615     0.3860    -0.7201 -9.990e-29
 201.582216     -3.636   0.635400    15.7826    -1.7096     -3.606     0.3799    -0.7269 -9.990e-29
 201.582222     -3.626   0.626294    15.7876    -1.7104     -3.596     0.3742    -0.7321 -9.990e-29
 201.582228     -3.614   0.616806    15.7810    -1.7111     -3.584     0.3684    -0.7355 -9.990e-29
 201.582234     -3.599   0.605357    15.7572    -1.7120     -3.569     0.3615    -0.7369 -9.990e-29
 201.582240     -3.581   0.593290    15.7172    -1.7124     -3.551     0.3544    -0.7360 -9.990e-29
 201.582245     -3.562   0.584447    15.6694    -1.7125     -3.532     0.3494    -0.7323 -9.990e-29
 201.582251     -3.546   0.581432    15.6241    -1.7127     -3.516     0.3479    -0.7262 -9.990e-29
 201.582257     -3.527   0.581335    15.5883    -1.7130     -3.498     0.3481    -0.7203 -9.990e-29
 201.582263     -3.505   0.577937    15.5613    -1.7131     -3.476     0.3463    -0.7175 -9.990e-29
 201.582269     -3.481   0.568923    15.5378    -1.7132     -3.452     0.3409    -0.7180 -9.990e-29
 201.582274     -3.455   0.557776    15.5164    -1.7129     -3.426     0.3342    -0.7198 -9.990e-29
 201.582280     -3.430   0.548457    15.4972    -1.7130     -3.401     0.3286    -0.7211 -9.990e-29
 201.582286     -3.407   0.540167    15.4809    -1.7131     -3.379     0.3236    -0.7224 -9.990e-29
 201.582292     -3.385   0.530711    15.4691    -1.7132     -3.357     0.3178    -0.7250 -9.990e-29
 201.582297     -3.364   0.521875    15.4617    -1.7133     -3.336     0.3124    -0.7280 -9.990e-29
 201.582303     -3.341   0.516272    15.4565    -1.7139     -3.313     0.3090    -0.7298 -9.990e-29
 201.582309     -3.316   0.512521    15.4522    -1.7148     -3.288     0.3067    -0.7309 -9.990e-29
 201.582315     -3.290   0.507836    15.4492    -1.7155     -3.263     0.3039    -0.7326 -9.990e-29
 201.582321     -3.267   0.502616    15.4485    -1.7156     -3.240     0.3006    -0.7350 -9.990e-29
 201.582326     -3.245   0.499311    15.4495    -1.7160     -3.218     0.2986    -0.7368 -9.990e-29
 201.582332     -3.223   0.498498    15.4501    -1.7159     -3.196     0.2981    -0.7372 -9.990e-29
 201.582338     -3.198   0.497433    15.4492    -1.7164     -3.171     0.2974    -0.7376 -9.990e-29
 201.582344     -3.175   0.493590    15.4459    -1.7166     -3.149     0.2951    -0.7389 -9.990e-29
 201.582350     -3.156   0.487937    15.4384    -1.7170     -3.130     0.2917    -0.7404 -9.990e-29
 201.582355     -3.139   0.482900    15.4254    -1.7179     -3.113     0.2887    -0.7407 -9.990e-29
 201.582361     -3.124   0.478963    15.4095    -1.7186     -3.098     0.2864    -0.7400 -9.990e-29
 201.582367     -3.109   0.474197    15.3959    -1.7187     -3.083     0.2835    -0.7400 -9.990e-29
 201.582373     -3.094   0.467783    15.3866    -1.7185     -3.068     0.2796    -0.7416 -9.990e-29
 201.582378     -3.077   0.461688    15.3801    -1.7184     -3.051     0.2759    -0.7434 -9.990e-29
 201.582384     -3.057   0.457752    15.3742    -1.7182     -3.032     0.2736    -0.7444 -9.990e-29
 201.582390     -3.034   0.455709    15.3670    -1.7184     -3.009     0.2724    -0.7442 -9.990e-29
 201.582396     -3.010   0.453943    15.3577    -1.7187     -2.985     0.2713    -0.7435 -9.990e-29
 201.582402     -2.993   0.451762    15.3446    -1.7190     -2.968     0.2701    -0.7424 -9.990e-29
 201.582407     -2.980   0.450687    15.3288    -1.7192     -2.955     0.2695    -0.7404 -9.990e-29
 201.582413     -2.967   0.451500    15.3157    -1.7191     -2.942     0.2701    -0.7379 -9.990e-29
 201.582419     -2.958   0.453073    15.3089    -1.7191     -2.933     0.2711    -0.7361 -9.990e-29
 201.582425     -2.951   0.455289    15.3074    -1.7189     -2.926     0.2725    -0.7348 -9.990e-29
 201.582431     -2.938   0.458890    15.3080    -1.7191     -2.914     0.2747    -0.7332 -9.990e-29
 201.582436     -2.919   0.464250    15.3075    -1.7193     -2.895     0.2780    -0.7305 -9.990e-29
 201.582442     -2.899   0.471324    15.3039    -1.7194     -2.875     0.2824    -0.7266 -9.990e-29
 201.582448     -2.883   0.478474    15.2980    -1.7194     -2.859     0.2868    -0.7222 -9.990e-29
 201.582454     -2.870   0.483610    15.2919    -1.7197     -2.846     0.2900    -0.7188 -9.990e-29
 201.582459     -2.858   0.486755    15.2879    -1.7199     -2.834     0.2920    -0.7167 -9.990e-29
 201.582465     -2.846   0.488782    15.2870    -1.7199     -2.822     0.2933    -0.7156 -9.990e-29
 201.582471     -2.835   0.489441    15.2879    -1.7197     -2.811     0.2937    -0.7154 -9.990e-29
 201.582477     -2.823   0.489055    15.2883    -1.7196     -2.799     0.2934    -0.7156 -9.990e-29
 201.582483     -2.810   0.488582    15.2865    -1.7200     -2.787     0.2931    -0.7156 -9.990e-29
 201.582488     -2.794   0.487390    15.2835    -1.7204     -2.771     0.2924    -0.7157 -9.990e-29
 201.582494     -2.775   0.485550    15.2806    -1.7204     -2.752     0.2913    -0.7161 -9.990e-29
 201.582500     -2.755   0.484483    15.2774    -1.7201     -2.732     0.2907    -0.7161 -9.990e-29
 201.582506     -2.739   0.484425    15.2736    -1.7198     -2.716     0.2907    -0.7155 -9.990e-29
 201.582512     -2.724   0.484743    15.2701    -1.7197     -2.701     0.2909    -0.7148 -9.990e-29
 201.582517     -2.710   0.485305    15.2686    -1.7195     -2.687     0.2913    -0.7143 -9.990e-29
 201.582523     -2.696   0.486860    15.2687    -1.7193     -2.674     0.2922    -0.7135 -9.990e-29
 201.582529     -2.681   0.489267    15.2674    -1.7192     -2.659     0.2937    -0.7122 -9.990e-29
 201.582535     -2.664   0.491305    15.2625    -1.7195     -2.642     0.2950    -0.7104 -9.990e-29
 201.582541     -2.648   0.492921    15.2577    -1.7199     -2.626     0.2960    -0.7089 -9.990e-29
 201.582546     -2.637   0.494053    15.2575    -1.7202     -2.615     0.2967    -0.7083 -9.990e-29
 201.582552     -2.630   0.492888    15.2618    -1.7204     -2.608     0.2960    -0.7095 -9.990e-29
 201.582558     -2.626   0.488978    15.2678    -1.7202     -2.604     0.2935    -0.7124 -9.990e-29
 201.582564     -2.621   0.484304    15.2736    -1.7203     -2.599     0.2906    -0.7155 -9.990e-29
 201.582569     -2.610   0.480382    15.2788    -1.7201     -2.588     0.2881    -0.7182 -9.990e-29
 201.582575     -2.596   0.477518    15.2829    -1.7199     -2.574     0.2863    -0.7203 -9.990e-29
 201.582581     -2.584   0.474658    15.2835    -1.7195     -2.562     0.2846    -0.7217 -9.990e-29
 201.582587     -2.573   0.470202    15.2793    -1.7191     -2.552     0.2819    -0.7232 -9.990e-29
 201.582593     -2.561   0.464850    15.2728    -1.7191     -2.540     0.2786    -0.7247 -9.990e-29
 201.582598     -2.548   0.460873    15.2676    -1.7189     -2.527     0.2762    -0.7258 -9.990e-29
 201.582604     -2.533   0.457948    15.2655    -1.7188     -2.512     0.2744    -0.7268 -9.990e-29
 201.582610     -2.520   0.453835    15.2659    -1.7188     -2.499     0.2719    -0.7288 -9.990e-29
 201.582616     -2.512   0.449136    15.2676    -1.7187     -2.491     0.2690    -0.7314 -9.990e-29
 201.582622     -2.504   0.446440    15.2712    -1.7186     -2.483     0.2673    -0.7332 -9.990e-29
 201.582627     -2.491   0.446026    15.2776    -1.7182     -2.470     0.2670    -0.7344 -9.990e-29
 201.582633     -2.473   0.445679    15.2861    -1.7183     -2.452     0.2667    -0.7360 -9.990e-29
 201.582639     -2.448   0.443277    15.2945    -1.7185     -2.428     0.2652    -0.7384 -9.990e-29
 201.582645     -2.419   0.438936    15.3007    -1.7185     -2.399     0.2625    -0.7415 -9.990e-29
 201.582650     -2.393   0.434060    15.3051    -1.7184     -2.373     0.2595    -0.7445 -9.990e-29
 201.582656     -2.373   0.429344    15.3083    -1.7187     -2.353     0.2566    -0.7473 -9.990e-29
