data/oxygen options/OCNMS/OCNMS1/raw_data/2012/CAST_CE042_120524faed.cnv
* Sea-Bird SBE19 Data File:
* FileName = C:\Documents and Settings\OCNMS\Desktop\2012 mooring data\Deployment May\CAST_CE042_120524.hex
* Software Version 1.25
* Temperature SN = 2997
* Conductivity SN = 2997
* System UpLoad Time = May 24 2012 19:33:49
** CAST_CE042_120524
* SEACAT PROFILER V3.1c SN 2997   05/24/12  19:31:41.483
# nquan = 9                                 
# nvalues = 1514                        
# units = specified
# name 0 = timeJ: Julian Days
# name 1 = prSM: Pressure, Strain Gauge [db]
# name 2 = c0mS/cm: Conductivity [mS/cm]
# name 3 = t090C: Temperature [ITS-90, deg C]
# name 4 = sbeox0ML/L: Oxygen, SBE 43 [ml/l]
# name 5 = depSM: Depth [salt water, m], lat = 47.5
# name 6 = sal00: Salinity, Practical [PSU]
# name 7 = sigma-é00: Density [sigma-theta, kg/m^3]
# name 8 = flag: flag
# span 0 = 145.497407, 145.506163       
# span 1 =     -5.243,     43.973       
# span 2 =   0.008513,  35.385826       
# span 3 =     8.0518,    13.5387       
# span 4 =   -13.9465,    19.9417       
# span 5 =     -5.199,     43.601       
# span 6 =     0.0100,    33.2302       
# span 7 =    -0.6366,    25.8771       
# span 8 = 0.0000e+00, 0.0000e+00       
# interval = seconds: 0.5
# start_time = May 24 2012 11:56:16 [Instrument's time stamp, header]
# bad_flag = -9.990e-29
*END*
[from data line 161]
 145.498339     -2.043   3.333048    13.3511     6.8737     -2.026     2.2943     1.1134 -9.990e-29
 145.498345     -2.037   3.333000    13.3571     6.8610     -2.020     2.2939     1.1122 -9.990e-29
 145.498351     -2.032   3.333235    13.3629     6.8763     -2.015     2.2937     1.1113 -9.990e-29
 145.498356     -2.025   3.333512    13.3688     6.8819     -2.008     2.2936     1.1104 -9.990e-29
 145.498362     -2.018   3.333093    13.3765     6.8873     -2.001     2.2928     1.1088 -9.990e-29
 145.498368     -2.010   3.332528    13.3856     6.8949     -1.993     2.2918     1.1068 -9.990e-29
 145.498374     -1.999   3.332729    13.3942     6.8817     -1.982     2.2915     1.1053 -9.990e-29
 145.498380     -1.987   3.333964    13.4002     6.8962     -1.970     2.2920     1.1049 -9.990e-29
 145.498385     -1.971   3.335664    13.4026     6.8935     -1.955     2.2931     1.1054 -9.990e-29
 145.498391     -1.951   3.336768    13.3993     6.8946     -1.935     2.2941     1.1067 -9.990e-29
 145.498397     -1.925   3.336530    13.3883     6.8967     -1.909     2.2946     1.1085 -9.990e-29
 145.498403     -1.897   3.335186    13.3721     6.8919     -1.881     2.2946     1.1107 -9.990e-29
 145.498409     -1.872   3.334275    13.3554     6.8948     -1.856     2.2949     1.1133 -9.990e-29
 145.498414     -1.854   3.335356    13.3387     6.8952     -1.839     2.2967     1.1169 -9.990e-29
 145.498420     -1.841   3.338206    13.3221     6.8977     -1.826     2.2998     1.1216 -9.990e-29
 145.498426     -1.833   3.340523    13.3085     6.8925     -1.818     2.3023     1.1254 -9.990e-29
 145.498432     -1.829   3.340960    13.2984     6.9004     -1.814     2.3032     1.1274 -9.990e-29
 145.498437     -1.825   3.340655    13.2898     6.9047     -1.810     2.3035     1.1288 -9.990e-29
 145.498443     -1.815   3.340312    13.2812     6.9077     -1.800     2.3037     1.1302 -9.990e-29
 145.498449     -1.804   3.340030    13.2732     6.9021     -1.789     2.3040     1.1315 -9.990e-29
 145.498455     -1.796   3.339987    13.2683     6.9040     -1.781     2.3043     1.1324 -9.990e-29
 145.498461     -1.789   3.339571    13.2652     6.9072     -1.774     2.3042     1.1327 -9.990e-29
 145.498466     -1.783   3.338783    13.2586     6.9076     -1.768     2.3040     1.1334 -9.990e-29
 145.498472     -1.779   3.339346    13.2470     6.9077     -1.764     2.3051     1.1359 -9.990e-29
 145.498478     -1.774   3.342011    13.2334     6.9038     -1.759     2.3078     1.1398 -9.990e-29
 145.498484     -1.771   3.344786    13.2201     6.9046     -1.756     2.3107     1.1438 -9.990e-29
 145.498490     -1.767   3.345270    13.2083     6.9038     -1.752     2.3117     1.1462 -9.990e-29
 145.498495     -1.763   3.343554    13.1997     6.9025     -1.748     2.3110     1.1468 -9.990e-29
 145.498501     -1.759   3.342342    13.1950     6.9002     -1.744     2.3104     1.1470 -9.990e-29
 145.498507     -1.754   3.343900    13.1926     6.8984     -1.739     2.3117     1.1483 -9.990e-29
 145.498513     -1.748   3.347533    13.1924     6.8973     -1.733     2.3143     1.1504 -9.990e-29
 145.498519     -1.741   3.350321    13.1960     6.8819     -1.726     2.3162     1.1513 -9.990e-29
 145.498524     -1.732   3.350990    13.2015     6.8867     -1.718     2.3163     1.1507 -9.990e-29
 145.498530     -1.721   3.350988    13.2049     6.8799     -1.707     2.3161     1.1501 -9.990e-29
 145.498536     -1.707   3.350868    13.2069     6.8969     -1.693     2.3159     1.1497 -9.990e-29
 145.498542     -1.689   3.350472    13.2116     6.9051     -1.675     2.3153     1.1486 -9.990e-29
 145.498547     -1.666   3.350380    13.2203     6.9038     -1.652     2.3148     1.1470 -9.990e-29
 145.498553     -1.640   3.350471    13.2310     6.9045     -1.626     2.3142     1.1451 -9.990e-29
 145.498559     -1.619   3.350311    13.2408     6.8991     -1.605     2.3135     1.1432 -9.990e-29
 145.498565     -1.601   3.349688    13.2478     6.8990     -1.588     2.3126     1.1416 -9.990e-29
 145.498571     -1.581   3.348327    13.2510     6.8987     -1.568     2.3114     1.1402 -9.990e-29
 145.498576     -1.563   3.346631    13.2522     6.8981     -1.550     2.3101     1.1390 -9.990e-29
 145.498582     -1.548   3.345667    13.2538     6.8991     -1.535     2.3093     1.1382 -9.990e-29
 145.498588     -1.536   3.345814    13.2557     6.8993     -1.523     2.3093     1.1379 -9.990e-29
 145.498594     -1.526   3.346161    13.2565     6.8853     -1.513     2.3095     1.1380 -9.990e-29
 145.498600     -1.519   3.346063    13.2548     6.8970     -1.506     2.3095     1.1383 -9.990e-29
 145.498605     -1.512   3.345944    13.2505     6.8995     -1.499     2.3097     1.1390 -9.990e-29
 145.498611     -1.506   3.346199    13.2457     6.9038     -1.493     2.3102     1.1400 -9.990e-29
 145.498617     -1.500   3.346615    13.2430     6.9092     -1.487     2.3106     1.1407 -9.990e-29
 145.498623     -1.495   3.347747    13.2428     6.8956     -1.483     2.3115     1.1414 -9.990e-29
 145.498628     -1.489   3.349996    13.2426     6.8972     -1.477     2.3131     1.1427 -9.990e-29
 145.498634     -1.482   3.351369    13.2405     6.9092     -1.470     2.3143     1.1439 -9.990e-29
 145.498640     -1.475   3.350923    13.2367     6.9159     -1.463     2.3142     1.1443 -9.990e-29
 145.498646     -1.465   3.350838    13.2329     6.9202     -1.453     2.3143     1.1449 -9.990e-29
 145.498652     -1.454   3.352664    13.2315     6.9155     -1.442     2.3157     1.1462 -9.990e-29
 145.498657     -1.439   3.355511    13.2313     6.9263     -1.427     2.3178     1.1479 -9.990e-29
 145.498663     -1.425   3.357072    13.2273     6.9391     -1.413     2.3192     1.1495 -9.990e-29
 145.498669     -1.415   3.356104    13.2187     6.9471     -1.403     2.3190     1.1505 -9.990e-29
 145.498675     -1.404   3.354090    13.2057     6.9490     -1.392     2.3183     1.1517 -9.990e-29
 145.498681     -1.391   3.352782    13.1867     6.9586     -1.379     2.3185     1.1544 -9.990e-29
 145.498686     -1.384   3.352653    13.1642     6.9495     -1.372     2.3198     1.1584 -9.990e-29
 145.498692     -1.382   3.353532    13.1431     6.9607     -1.370     2.3217     1.1627 -9.990e-29
 145.498698     -1.377   3.354927    13.1212     6.9733     -1.366     2.3241     1.1675 -9.990e-29
 145.498704     -1.364   3.355926    13.0890     6.9739     -1.353     2.3267     1.1739 -9.990e-29
 145.498709     -1.347   3.355088    13.0426     6.9781     -1.336     2.3289     1.1817 -9.990e-29
 145.498715     -1.333   3.351298    12.9894     6.9639     -1.322     2.3294     1.1891 -9.990e-29
 145.498721     -1.326   3.346157    12.9383     6.9631     -1.315     2.3287     1.1953 -9.990e-29
 145.498727     -1.320   3.343903    12.8908     6.9474     -1.309     2.3299     1.2025 -9.990e-29
 145.498733     -1.312   3.346521    12.8489     6.9430     -1.301     2.3344     1.2115 -9.990e-29
 145.498738     -1.304   3.350848    12.8160     6.9578     -1.293     2.3396     1.2198 -9.990e-29
 145.498744     -1.297   3.351005    12.7933     6.9507     -1.286     2.3411     1.2239 -9.990e-29
 145.498750     -1.285   3.345536    12.7828     6.9607     -1.274     2.3377     1.2226 -9.990e-29
 145.498756     -1.273   3.339907    12.7834     6.9564     -1.262     2.3335     1.2193 -9.990e-29
 145.498762     -1.263   3.337706    12.7900     6.9492     -1.252     2.3315     1.2168 -9.990e-29
 145.498767     -1.256   3.336553    12.8002     6.9494     -1.246     2.3300     1.2144 -9.990e-29
 145.498773     -1.250   3.334357    12.8132     6.9440     -1.240     2.3276     1.2108 -9.990e-29
 145.498779     -1.245   3.332627    12.8275     6.9266     -1.235     2.3254     1.2073 -9.990e-29
 145.498785     -1.242   3.334050    12.8429     6.9360     -1.232     2.3255     1.2054 -9.990e-29
 145.498791     -1.239   3.337750    12.8599     6.9368     -1.229     2.3272     1.2045 -9.990e-29
 145.498796     -1.237   3.340342    12.8781     6.9377     -1.227     2.3280     1.2027 -9.990e-29
 145.498802     -1.235   3.341399    12.8962     6.9383     -1.225     2.3277     1.2001 -9.990e-29
 145.498808     -1.234   3.341778    12.9122     6.9209     -1.224     2.3270     1.1975 -9.990e-29
 145.498814     -1.233   3.341429    12.9258     6.9249     -1.223     2.3260     1.1948 -9.990e-29
 145.498819     -1.232   3.340443    12.9383     6.9256     -1.222     2.3245     1.1921 -9.990e-29
 145.498825     -1.231   3.338801    12.9512     6.9279     -1.221     2.3225     1.1888 -9.990e-29
 145.498831     -1.230   3.336534    12.9652     6.9292     -1.220     2.3200     1.1850 -9.990e-29
 145.498837     -1.229   3.333577    12.9805     6.9243     -1.219     2.3168     1.1806 -9.990e-29
 145.498843     -1.228   3.331531    12.9969     6.9219     -1.218     2.3143     1.1765 -9.990e-29
 145.498848     -1.227   3.332845    13.0142     6.9198     -1.217     2.3143     1.1741 -9.990e-29
 145.498854     -1.226   3.335945    13.0312     6.9022     -1.216     2.3155     1.1729 -9.990e-29
 145.498860     -1.225   3.337753    13.0464     6.9108     -1.215     2.3159     1.1712 -9.990e-29
 145.498866     -1.223   3.337908    13.0584     6.9116     -1.213     2.3153     1.1691 -9.990e-29
 145.498872     -1.221   3.336617    13.0657     6.9126     -1.211     2.3139     1.1671 -9.990e-29
 145.498877     -1.218   3.333823    13.0692     6.9143     -1.208     2.3117     1.1648 -9.990e-29
 145.498883     -1.215   3.332455    13.0732     6.9053     -1.205     2.3104     1.1633 -9.990e-29
 145.498889     -1.210   3.335679    13.0815     6.9048     -1.200     2.3123     1.1637 -9.990e-29
 145.498895     -1.205   3.341140    13.0940     6.8897     -1.195     2.3156     1.1645 -9.990e-29
 145.498900     -1.197   3.343917    13.1088     6.8920     -1.187     2.3167     1.1635 -9.990e-29
 145.498906     -1.188   3.342721    13.1248     6.8997     -1.178     2.3149     1.1599 -9.990e-29
 145.498912     -1.176   3.340395    13.1419     6.9035     -1.166     2.3121     1.1555 -9.990e-29
 145.498918     -1.161   3.339938    13.1592     6.8920     -1.151     2.3108     1.1521 -9.990e-29
 145.498924     -1.141   3.341848    13.1755     6.8964     -1.131     2.3112     1.1502 -9.990e-29
 145.498929     -1.120   3.343682    13.1892     6.8796     -1.111     2.3117     1.1488 -9.990e-29
 145.498935     -1.104   3.342892    13.1993     6.8928     -1.095     2.3105     1.1465 -9.990e-29
 145.498941     -1.093   3.340091    13.2056     6.8977     -1.084     2.3081     1.1438 -9.990e-29
 145.498947     -1.083   3.338199    13.2107     6.8873     -1.074     2.3064     1.1418 -9.990e-29
 145.498953     -1.075   3.339132    13.2182     6.8979     -1.066     2.3066     1.1410 -9.990e-29
 145.498958     -1.071   3.341360    13.2286     6.8927     -1.062     2.3076     1.1403 -9.990e-29
 145.498964     -1.060   3.342305    13.2399     6.8940     -1.051     2.3076     1.1388 -9.990e-29
 145.498970     -1.044   3.341565    13.2510     6.8882     -1.035     2.3064     1.1364 -9.990e-29
 145.498976     -1.028   3.340925    13.2622     6.8909     -1.019     2.3053     1.1340 -9.990e-29
 145.498981     -1.016   3.341750    13.2736     6.8929     -1.008     2.3052     1.1324 -9.990e-29
 145.498987     -1.008   3.342367    13.2843     6.8938     -1.000     2.3050     1.1308 -9.990e-29
 145.498993     -1.003   3.341936    13.2917     6.8795     -0.995     2.3043     1.1292 -9.990e-29
 145.498999     -1.001   3.342101    13.2931     6.8796     -0.993     2.3043     1.1290 -9.990e-29
 145.499005     -1.001   3.341971    13.2910     6.8877     -0.993     2.3043     1.1293 -9.990e-29
 145.499010     -0.999   3.340265    13.2900     6.8922     -0.991     2.3031     1.1286 -9.990e-29
 145.499016     -0.992   3.338590    13.2903     6.8956     -0.984     2.3019     1.1276 -9.990e-29
 145.499022     -0.982   3.338041    13.2902     6.8804     -0.974     2.3015     1.1273 -9.990e-29
 145.499028     -0.973   3.337885    13.2894     6.8809     -0.965     2.3014     1.1273 -9.990e-29
 145.499034     -0.965   3.337916    13.2899     6.8833     -0.957     2.3014     1.1273 -9.990e-29
 145.499039     -0.958   3.338728    13.2931     6.8847     -0.950     2.3018     1.1271 -9.990e-29
 145.499045     -0.950   3.340292    13.2982     6.8850     -0.942     2.3027     1.1271 -9.990e-29
 145.499051     -0.941   3.341368    13.3047     6.8801     -0.933     2.3031     1.1265 -9.990e-29
 145.499057     -0.936   3.339509    13.3120     6.8785     -0.928     2.3013     1.1241 -9.990e-29
 145.499063     -0.937   3.334454    13.3200     6.8769     -0.929     2.2971     1.1198 -9.990e-29
 145.499068     -0.941   3.330553    13.3294     6.8673     -0.933     2.2937     1.1159 -9.990e-29
 145.499074     -0.944   3.331480    13.3394     6.8651     -0.936     2.2938     1.1146 -9.990e-29
 145.499080     -0.946   3.336252    13.3474     6.8701     -0.938     2.2968     1.1158 -9.990e-29
 145.499086     -0.946   3.340693    13.3525     6.8710     -0.938     2.2997     1.1174 -9.990e-29
 145.499091     -0.946   3.340743    13.3577     6.8735     -0.938     2.2995     1.1165 -9.990e-29
 145.499097     -0.945   3.337024    13.3647     6.8713     -0.937     2.2963     1.1131 -9.990e-29
 145.499103     -0.943   3.334005    13.3728     6.8668     -0.935     2.2936     1.1099 -9.990e-29
 145.499109     -0.940   3.334869    13.3820     6.8654     -0.932     2.2937     1.1087 -9.990e-29
 145.499115     -0.936   3.339105    13.3926     6.8650     -0.928     2.2962     1.1092 -9.990e-29
 145.499120     -0.930   3.343489    13.4039     6.8658     -0.922     2.2987     1.1096 -9.990e-29
 145.499126     -0.922   3.343882    13.4153     6.8598     -0.914     2.2983     1.1077 -9.990e-29
 145.499132     -0.911   3.339143    13.4274     6.8678     -0.903     2.2941     1.1028 -9.990e-29
 145.499138     -0.897   3.334600    13.4391     6.8708     -0.890     2.2901     1.0981 -9.990e-29
 145.499144     -0.880   3.335843    13.4484     6.8745     -0.873     2.2905     1.0971 -9.990e-29
 145.499149     -0.861   3.340092    13.4551     6.8788     -0.854     2.2932     1.0983 -9.990e-29
 145.499155     -0.849   3.341365    13.4605     6.8689     -0.842     2.2938     1.0980 -9.990e-29
 145.499161     -0.842   3.340250    13.4648     6.8731     -0.835     2.2927     1.0966 -9.990e-29
 145.499167     -0.833   3.340808    13.4656     6.8735     -0.826     2.2931     1.0968 -9.990e-29
 145.499172     -0.819   3.343782    13.4617     6.8741     -0.812     2.2955     1.0992 -9.990e-29
 145.499178     -0.805   3.346482    13.4540     6.8738     -0.798     2.2979     1.1021 -9.990e-29
 145.499184     -0.789   3.346407    13.4443     6.8524     -0.782     2.2984     1.1038 -9.990e-29
 145.499190     -0.776   3.344012    13.4338     6.8604     -0.770     2.2973     1.1044 -9.990e-29
 145.499196     -0.767   3.341096    13.4224     6.8607     -0.761     2.2959     1.1049 -9.990e-29
 145.499201     -0.763   3.339316    13.4121     6.8620     -0.757     2.2952     1.1057 -9.990e-29
 145.499207     -0.764   3.339070    13.4075     6.8653     -0.758     2.2953     1.1064 -9.990e-29
 145.499213     -0.770   3.338921    13.4101     6.8574     -0.764     2.2950     1.1059 -9.990e-29
 145.499219     -0.776   3.338670    13.4173     6.8556     -0.770     2.2944     1.1044 -9.990e-29
 145.499225     -0.775   3.339647    13.4274     6.8556     -0.769     2.2945     1.1031 -9.990e-29
 145.499230     -0.766   3.342045    13.4411     6.8554     -0.760     2.2954     1.1020 -9.990e-29
 145.499236     -0.758   3.344623    13.4584     6.8542     -0.752     2.2963     1.1002 -9.990e-29
 145.499242     -0.754   3.345827    13.4778     6.8394     -0.748     2.2960     1.0973 -9.990e-29
 145.499248     -0.749   3.345598    13.4964     6.8514     -0.743     2.2947     1.0938 -9.990e-29
 145.499253     -0.740   3.344740    13.5102     6.8558     -0.734     2.2933     1.0908 -9.990e-29
