data/oxygen options/OCNMS/OCNMS1/raw_data/2012/CAST_MB015_120718faed.cnv
* Sea-Bird SBE19 Data File:
* FileName = C:\Documents and Settings\OCNMS\Desktop\2012 mooring data\1st service\CAST_MB015_071812.hex
* Software Version 1.25
* Temperature SN = 2997
* Conductivity SN = 2997
* System UpLoad Time = Jul 18 2012 19:46:47
** CAST_MB015_071812
* SEACAT PROFILER V3.1c SN 2997   07/18/12  19:46:03.918
# nquan = 9                                 
# nvalues = 847                         
# units = specified
# name 0 = timeJ: Julian Days
# name 1 = prSM: Pressure, Strain Gauge [db]
# name 2 = c0mS/cm: Conductivity [mS/cm]
# name 3 = t090C: Temperature [ITS-90, deg C]
# name 4 = sbeox0ML/L: Oxygen, SBE 43 [ml/l]
# name 5 = depSM: Depth [salt water, m], lat = 47.5
# name 6 = sal00: Salinity, Practical [PSU]
# name 7 = sigma-é00: Density [sigma-theta, kg/m^3]
# name 8 = flag: flag
# span 0 = 200.510197, 200.515093       
# span 1 =     -5.188,     14.718       
# span 2 =   0.004065,  37.564983       
# span 3 =     9.5548,    15.3768       
# span 4 =    -1.7482,    15.1189       
# span 5 =     -5.145,     14.595       
# span 6 =     0.0086,    32.7693       
# span 7 =    -0.9493,    25.2800       
# span 8 = 0.0000e+00, 0.0000e+00       
# interval = seconds: 0.5
# start_time = Jul 18 2012 12:14:41 [Instrument's time stamp, header]
# bad_flag = -9.990e-29
*END*
[from data line 481]
 200.512980      0.910  37.277253    13.0651     6.7190      0.902    31.4524    23.6335 -9.990e-29
 200.512986      0.914  37.276124    13.0390     6.6878      0.906    31.4730    23.6545 -9.990e-29
 200.512992      0.922  37.291290    13.0200     6.6221      0.914    31.5030    23.6814 -9.990e-29
 200.512998      0.929  37.319203    13.0084     6.5459      0.921    31.5389    23.7114 -9.990e-29
 200.513003      0.936  37.342895    13.0064     6.5055      0.928    31.5628    23.7303 -9.990e-29
 200.513009      0.944  37.351251    13.0157     6.4644      0.936    31.5629    23.7286 -9.990e-29
 200.513015      0.949  37.334443    13.0267     6.4538      0.941    31.5380    23.7071 -9.990e-29
 200.513021      0.947  37.297511    13.0263     6.5371      0.939    31.5036    23.6806 -9.990e-29
 200.513027      0.942  37.272324    13.0140     6.6378      0.934    31.4901    23.6726 -9.990e-29
 200.513032      0.939  37.265702    13.0030     6.6943      0.931    31.4931    23.6770 -9.990e-29
 200.513038      0.936  37.265499    12.9975     6.6879      0.928    31.4974    23.6815 -9.990e-29
 200.513044      0.933  37.277089    12.9835     6.6253      0.925    31.5200    23.7016 -9.990e-29
 200.513050      0.932  37.305881    12.9505     6.5600      0.924    31.5746    23.7503 -9.990e-29
 200.513056      0.930  37.345475    12.9154     6.5635      0.922    31.6412    23.8086 -9.990e-29
 200.513061      0.929  37.377531    12.9057     6.6355      0.921    31.6795    23.8402 -9.990e-29
 200.513067      0.928  37.375330    12.9153     6.7005      0.920    31.6694    23.8305 -9.990e-29
 200.513073      0.928  37.348305    12.9199     6.7095      0.920    31.6401    23.8069 -9.990e-29
 200.513079      0.927  37.330524    12.9133     6.6803      0.919    31.6288    23.7995 -9.990e-29
 200.513084      0.927  37.330837    12.8969     6.6244      0.919    31.6429    23.8135 -9.990e-29
 200.513090      0.926  37.348028    12.8739     6.6032      0.918    31.6783    23.8454 -9.990e-29
 200.513096      0.926  37.374797    12.8585     6.6204      0.918    31.7165    23.8779 -9.990e-29
 200.513102      0.926  37.386351    12.8590     6.6389      0.918    31.7270    23.8859 -9.990e-29
 200.513108      0.926  37.371233    12.8642     6.6511      0.918    31.7084    23.8705 -9.990e-29
 200.513113      0.926  37.351362    12.8634     6.6473      0.918    31.6903    23.8567 -9.990e-29
 200.513119      0.926  37.346808    12.8576     6.6123      0.918    31.6908    23.8582 -9.990e-29
 200.513125      0.926  37.353788    12.8505     6.5764      0.918    31.7034    23.8693 -9.990e-29
 200.513131      0.926  37.364280    12.8468     6.5497      0.918    31.7164    23.8801 -9.990e-29
 200.513137      0.927  37.372142    12.8517     6.5089      0.919    31.7197    23.8817 -9.990e-29
 200.513142      0.927  37.369405    12.8624     6.4886      0.919    31.7081    23.8707 -9.990e-29
 200.513148      0.928  37.358630    12.8702     6.4965      0.920    31.6914    23.8562 -9.990e-29
 200.513154      0.929  37.347353    12.8733     6.5738      0.921    31.6782    23.8454 -9.990e-29
 200.513160      0.930  37.334038    12.8786     6.6891      0.922    31.6612    23.8312 -9.990e-29
 200.513166      0.931  37.316113    12.8913     6.7137      0.923    31.6337    23.8074 -9.990e-29
 200.513171      0.933  37.294940    12.9067     6.6876      0.925    31.6008    23.7791 -9.990e-29
 200.513177      0.935  37.276522    12.9092     6.6427      0.927    31.5814    23.7635 -9.990e-29
 200.513183      0.937  37.280625    12.8902     6.6414      0.929    31.6011    23.7825 -9.990e-29
 200.513189      0.941  37.313890    12.8675     6.7140      0.933    31.6515    23.8258 -9.990e-29
 200.513194      0.946  37.345060    12.8668     6.7861      0.938    31.6815    23.8492 -9.990e-29
 200.513200      0.951  37.341196    12.8851     6.8224      0.943    31.6625    23.8310 -9.990e-29
 200.513206      0.955  37.310634    12.8936     6.8085      0.947    31.6266    23.8015 -9.990e-29
 200.513212      0.951  37.301220    12.8817     6.7509      0.943    31.6276    23.8046 -9.990e-29
 200.513218      0.945  37.332959    12.8602     6.6997      0.937    31.6756    23.8459 -9.990e-29
 200.513223      0.941  37.375363    12.8378     6.6733      0.933    31.7344    23.8958 -9.990e-29
 200.513229      0.937  37.400386    12.8240     6.6612      0.929    31.7696    23.9257 -9.990e-29
 200.513235      0.934  37.403322    12.8202     6.6645      0.926    31.7756    23.9311 -9.990e-29
 200.513241      0.932  37.394853    12.8184     6.6559      0.924    31.7691    23.9264 -9.990e-29
 200.513247      0.930  37.388390    12.8159     6.6394      0.922    31.7651    23.9238 -9.990e-29
 200.513252      0.929  37.386569    12.8129     6.6386      0.921    31.7659    23.9250 -9.990e-29
 200.513258      0.927  37.388690    12.8108     6.6170      0.919    31.7697    23.9283 -9.990e-29
 200.513264      0.926  37.393142    12.8122     6.5916      0.918    31.7727    23.9304 -9.990e-29
 200.513270      0.925  37.393016    12.8165     6.5885      0.917    31.7690    23.9266 -9.990e-29
 200.513275      0.924  37.388751    12.8207     6.5925      0.916    31.7614    23.9200 -9.990e-29
 200.513281      0.923  37.383673    12.8242     6.5842      0.915    31.7537    23.9133 -9.990e-29
 200.513287      0.921  37.374420    12.8281     6.5567      0.913    31.7417    23.9033 -9.990e-29
 200.513293      0.920  37.360471    12.8307     6.5232      0.912    31.7263    23.8909 -9.990e-29
 200.513299      0.918  37.350735    12.8299     6.5154      0.910    31.7178    23.8844 -9.990e-29
 200.513304      0.916  37.350772    12.8294     6.5751      0.908    31.7182    23.8849 -9.990e-29
 200.513310      0.913  37.348907    12.8357     6.6137      0.905    31.7112    23.8782 -9.990e-29
 200.513316      0.909  37.333733    12.8511     6.6327      0.901    31.6839    23.8541 -9.990e-29
 200.513322      0.904  37.306918    12.8690     6.6161      0.896    31.6436    23.8195 -9.990e-29
 200.513328      0.903  37.284877    12.8727     6.5511      0.895    31.6198    23.8003 -9.990e-29
 200.513333      0.912  37.294874    12.8589     6.5196      0.904    31.6407    23.8192 -9.990e-29
 200.513339      0.934  37.329552    12.8449     6.4995      0.926    31.6852    23.8563 -9.990e-29
 200.513345      0.957  37.350571    12.8439     6.5121      0.949    31.7059    23.8725 -9.990e-29
 200.513351      0.969  37.343965    12.8534     6.5198      0.961    31.6917    23.8597 -9.990e-29
 200.513356      0.970  37.322826    12.8695     6.5184      0.962    31.6582    23.8307 -9.990e-29
 200.513362      0.970  37.294879    12.8930     6.5441      0.962    31.6122    23.7905 -9.990e-29
 200.513368      0.973  37.269985    12.9146     6.5856      0.965    31.5707    23.7542 -9.990e-29
 200.513374      0.979  37.265999    12.9219     6.6130      0.971    31.5608    23.7452 -9.990e-29
 200.513380      0.985  37.275975    12.9151     6.6461      0.977    31.5759    23.7582 -9.990e-29
 200.513385      0.985  37.286926    12.9022     6.6326      0.977    31.5970    23.7770 -9.990e-29
 200.513391      0.986  37.302292    12.8883     6.5901      0.978    31.6231    23.7999 -9.990e-29
 200.513397      0.990  37.318505    12.8749     6.5654      0.982    31.6496    23.8230 -9.990e-29
 200.513403      0.998  37.328084    12.8643     6.5978      0.990    31.6675    23.8389 -9.990e-29
 200.513409      1.006  37.333198    12.8592     6.6742      0.998    31.6766    23.8469 -9.990e-29
 200.513414      1.007  37.333983    12.8644     6.7402      0.999    31.6730    23.8431 -9.990e-29
 200.513420      1.000  37.322562    12.8829     6.7452      0.992    31.6467    23.8192 -9.990e-29
 200.513426      0.994  37.301682    12.8972     6.6693      0.986    31.6151    23.7919 -9.990e-29
 200.513432      0.992  37.294550    12.8873     6.6007      0.984    31.6166    23.7951 -9.990e-29
 200.513438      0.994  37.319729    12.8663     6.5732      0.986    31.6580    23.8311 -9.990e-29
 200.513443      1.001  37.360963    12.8584     6.5724      0.993    31.7035    23.8679 -9.990e-29
 200.513449      1.008  37.376880    12.8689     6.5806      1.000    31.7097    23.8706 -9.990e-29
 200.513455      1.013  37.359042    12.8971     6.5756      1.005    31.6692    23.8339 -9.990e-29
 200.513461      1.018  37.325739    12.9349     6.5845      1.010    31.6063    23.7778 -9.990e-29
 200.513466      1.029  37.296503    12.9634     6.6193      1.020    31.5550    23.7326 -9.990e-29
 200.513472      1.043  37.292927    12.9757     6.6324      1.034    31.5413    23.7197 -9.990e-29
 200.513478      1.051  37.300771    12.9776     6.6154      1.042    31.5471    23.7238 -9.990e-29
 200.513484      1.051  37.299720    12.9725     6.6002      1.042    31.5504    23.7273 -9.990e-29
 200.513490      1.045  37.299630    12.9634     6.6130      1.036    31.5579    23.7349 -9.990e-29
 200.513495      1.043  37.311633    12.9527     6.6188      1.034    31.5781    23.7526 -9.990e-29
 200.513501      1.044  37.326000    12.9421     6.6336      1.035    31.6005    23.7719 -9.990e-29
 200.513507      1.039  37.328867    12.9345     6.6289      1.030    31.6095    23.7804 -9.990e-29
 200.513513      1.029  37.325782    12.9247     6.6239      1.020    31.6148    23.7864 -9.990e-29
 200.513519      1.022  37.330046    12.9031     6.6199      1.013    31.6369    23.8077 -9.990e-29
 200.513524      1.021  37.345149    12.8764     6.6339      1.012    31.6735    23.8411 -9.990e-29
 200.513530      1.026  37.358208    12.8584     6.6710      1.017    31.7009    23.8658 -9.990e-29
 200.513536      1.032  37.362580    12.8483     6.7299      1.023    31.7135    23.8775 -9.990e-29
 200.513542      1.033  37.364694    12.8410     6.7535      1.024    31.7216    23.8852 -9.990e-29
 200.513547      1.028  37.366850    12.8354     6.7287      1.019    31.7283    23.8915 -9.990e-29
 200.513553      1.025  37.368605    12.8300     6.6782      1.016    31.7345    23.8974 -9.990e-29
 200.513559      1.029  37.371784    12.8236     6.6456      1.020    31.7429    23.9051 -9.990e-29
 200.513565      1.039  37.381794    12.8181     6.6438      1.030    31.7570    23.9170 -9.990e-29
 200.513571      1.052  37.392972    12.8172     6.6539      1.043    31.7683    23.9260 -9.990e-29
 200.513576      1.060  37.390562    12.8210     6.6671      1.051    31.7628    23.9210 -9.990e-29
 200.513582      1.060  37.378122    12.8261     6.6683      1.051    31.7468    23.9076 -9.990e-29
 200.513588      1.056  37.367128    12.8295     6.6568      1.047    31.7335    23.8967 -9.990e-29
 200.513594      1.056  37.362583    12.8291     6.6262      1.047    31.7296    23.8937 -9.990e-29
 200.513600      1.064  37.366881    12.8274     6.6177      1.055    31.7351    23.8983 -9.990e-29
 200.513605      1.077  37.370669    12.8271     6.6405      1.068    31.7389    23.9013 -9.990e-29
 200.513611      1.086  37.367275    12.8279     6.6574      1.077    31.7350    23.8981 -9.990e-29
 200.513617      1.089  37.362865    12.8297     6.6697      1.080    31.7293    23.8934 -9.990e-29
 200.513623      1.089  37.357207    12.8335     6.6519      1.080    31.7208    23.8861 -9.990e-29
 200.513628      1.092  37.350651    12.8388     6.6468      1.083    31.7102    23.8768 -9.990e-29
 200.513634      1.096  37.352995    12.8421     6.6413      1.087    31.7096    23.8757 -9.990e-29
 200.513640      1.102  37.361245    12.8413     6.6551      1.093    31.7181    23.8824 -9.990e-29
 200.513646      1.107  37.362912    12.8378     6.6361      1.098    31.7226    23.8866 -9.990e-29
 200.513652      1.107  37.359705    12.8336     6.6166      1.098    31.7231    23.8878 -9.990e-29
 200.513657      1.101  37.359160    12.8304     6.5993      1.092    31.7252    23.8901 -9.990e-29
 200.513663      1.089  37.360595    12.8289     6.6074      1.080    31.7279    23.8924 -9.990e-29
 200.513669      1.075  37.360926    12.8285     6.6205      1.066    31.7285    23.8930 -9.990e-29
 200.513675      1.065  37.360078    12.8290     6.6226      1.056    31.7273    23.8920 -9.990e-29
 200.513681      1.065  37.359770    12.8312     6.6197      1.056    31.7252    23.8899 -9.990e-29
 200.513686      1.069  37.358516    12.8356     6.6505      1.060    31.7203    23.8853 -9.990e-29
 200.513692      1.070  37.354129    12.8408     6.6973      1.061    31.7118    23.8777 -9.990e-29
 200.513698      1.063  37.349203    12.8443     6.7352      1.054    31.7042    23.8711 -9.990e-29
 200.513704      1.052  37.345598    12.8458     6.7210      1.043    31.6995    23.8672 -9.990e-29
 200.513709      1.044  37.343005    12.8464     6.6659      1.035    31.6966    23.8648 -9.990e-29
 200.513715      1.044  37.344696    12.8452     6.6207      1.035    31.6992    23.8671 -9.990e-29
 200.513721      1.052  37.356844    12.8424     6.5929      1.043    31.7130    23.8783 -9.990e-29
 200.513727      1.063  37.372663    12.8408     6.6019      1.054    31.7293    23.8912 -9.990e-29
 200.513733      1.075  37.375690    12.8431     6.6187      1.066    31.7302    23.8915 -9.990e-29
 200.513738      1.088  37.362108    12.8477     6.6382      1.079    31.7135    23.8777 -9.990e-29
 200.513744      1.098  37.343499    12.8510     6.6473      1.089    31.6932    23.8613 -9.990e-29
 200.513750      1.102  37.331471    12.8528     6.6465      1.093    31.6803    23.8510 -9.990e-29
 200.513756      1.105  37.325673    12.8533     6.6432      1.096    31.6744    23.8463 -9.990e-29
 200.513762      1.111  37.326773    12.8517     6.6447      1.102    31.6768    23.8485 -9.990e-29
 200.513767      1.115  37.335109    12.8503     6.6553      1.106    31.6858    23.8558 -9.990e-29
 200.513773      1.115  37.339935    12.8509     6.6398      1.106    31.6899    23.8588 -9.990e-29
 200.513779      1.113  37.337031    12.8505     6.6474      1.104    31.6875    23.8570 -9.990e-29
 200.513785      1.116  37.335406    12.8471     6.6593      1.107    31.6888    23.8587 -9.990e-29
 200.513791      1.117  37.340174    12.8441     6.7225      1.108    31.6958    23.8647 -9.990e-29
 200.513796      1.114  37.345914    12.8452     6.7747      1.105    31.7003    23.8679 -9.990e-29
 200.513802      1.109  37.342338    12.8495     6.7691      1.100    31.6933    23.8617 -9.990e-29
 200.513808      1.112  37.330276    12.8508     6.7032      1.103    31.6809    23.8518 -9.990e-29
 200.513814      1.127  37.327262    12.8438     6.6047      1.118    31.6839    23.8555 -9.990e-29
 200.513819      1.151  37.345524    12.8324     6.5561      1.141    31.7107    23.8784 -9.990e-29
 200.513825      1.176  37.373538    12.8276     6.5763      1.166    31.7411    23.9030 -9.990e-29
 200.513831      1.196  37.384763    12.8347     6.6307      1.186    31.7458    23.9052 -9.990e-29
 200.513837      1.203  37.367815    12.8498     6.6556      1.193    31.7171    23.8801 -9.990e-29
 200.513843      1.198  37.334272    12.8624     6.6538      1.188    31.6749    23.8449 -9.990e-29
 200.513848      1.188  37.312257    12.8628     6.6226      1.178    31.6538    23.8285 -9.990e-29
 200.513854      1.183  37.323409    12.8554     6.6279      1.173    31.6705    23.8429 -9.990e-29
 200.513860      1.185  37.347851    12.8500     6.6885      1.175    31.6981    23.8653 -9.990e-29
 200.513866      1.191  37.352599    12.8508     6.7342      1.181    31.7019    23.8681 -9.990e-29
 200.513872      1.198  37.335567    12.8569     6.7645      1.188    31.6807    23.8505 -9.990e-29
 200.513877      1.204  37.319988    12.8599     6.7363      1.194    31.6635    23.8366 -9.990e-29
 200.513883      1.215  37.323192    12.8519     6.6888      1.205    31.6732    23.8457 -9.990e-29
 200.513889      1.240  37.343841    12.8375     6.6889      1.230    31.7048    23.8729 -9.990e-29
 200.513895      1.281  37.369674    12.8303     6.8079      1.270    31.7352    23.8978 -9.990e-29
