data/oxygen options/OCNMS/OCNMS1/raw_data/2019/CAST_KL027_190528faed.cnv
* Sea-Bird SBE19 Data File:
* FileName = C:\2019 Mooring Data\Casts\CAST_KL027_190528.hex
* Software Version 1.59
* Temperature SN = 2997
* Conductivity SN = 2997
* System UpLoad Time = May 28 2019 18:05:03
** CAST_KL027_190528
* ds
# nquan = 9                                 
# nvalues = 975                         
# units = specified
# name 0 = timeJ: Julian Days
# name 1 = prSM: Pressure, Strain Gauge [db]
# name 2 = c0mS/cm: Conductivity [mS/cm]
# name 3 = t090C: Temperature [ITS-90, deg C]
# name 4 = sbeox0ML/L: Oxygen, SBE 43 [ml/l]
# name 5 = depSM: Depth [salt water, m], lat = 47.5
# name 6 = sal00: Salinity, Practical [PSU]
# name 7 = sigma-é00: Density [sigma-theta, kg/m^3]
# name 8 = flag: flag
# span 0 = 148.724271, 148.729907       
# span 1 =     -5.509,     27.783       
# span 2 =   0.358240,  36.756836       
# span 3 =     9.2706,    13.8467       
# span 4 =   -11.3666,    12.6896       
# span 5 =     -5.463,     27.549       
# span 6 =     0.2218,    32.7699       
# span 7 =    -0.5394,    25.3291       
# span 8 = 0.0000e+00, 0.0000e+00       
# interval = seconds: 0.5
# start_time = May 28 2019 17:22:57 [Instrument's time stamp, header]
# bad_flag = -9.990e-29
*END*
[from data line 321]
 148.726128     -0.951   0.358762    13.6650    -1.9200     -0.943     0.2221    -0.5352 -9.990e-29
 148.726134     -0.945   0.360127    13.6720    -1.9198     -0.937     0.2229    -0.5355 -9.990e-29
 148.726140     -0.939   0.361382    13.6765    -1.9195     -0.931     0.2237    -0.5355 -9.990e-29
 148.726146     -0.931   0.361432    13.6799    -1.9196     -0.923     0.2237    -0.5360 -9.990e-29
 148.726152     -0.920   0.360342    13.6832    -1.9197     -0.912     0.2230    -0.5370 -9.990e-29
 148.726157     -0.906   0.359427    13.6867    -1.9198     -0.898     0.2224    -0.5379 -9.990e-29
 148.726163     -0.893   0.359681    13.6892    -1.9200     -0.886     0.2225    -0.5382 -9.990e-29
 148.726169     -0.883   0.360888    13.6906    -1.9204     -0.876     0.2233    -0.5378 -9.990e-29
 148.726175     -0.877   0.361886    13.6927    -1.9206     -0.870     0.2239    -0.5376 -9.990e-29
 148.726181     -0.878   0.361788    13.6959    -1.9206     -0.871     0.2238    -0.5381 -9.990e-29
 148.726186     -0.886   0.361016    13.6995    -1.9206     -0.879     0.2233    -0.5389 -9.990e-29
 148.726192     -0.893   0.360755    13.7019    -1.9203     -0.886     0.2231    -0.5394 -9.990e-29
 148.726198     -0.896   0.361766    13.7016    -1.9200     -0.889     0.2238    -0.5389 -9.990e-29
 148.726204     -0.893   0.364286    13.6992    -1.9199     -0.886     0.2254    -0.5373 -9.990e-29
 148.726209     -0.887   0.367797    13.6954    -1.9197     -0.880     0.2276    -0.5350 -9.990e-29
 148.726215     -0.875   0.371440    13.6904    -1.9196     -0.868     0.2300    -0.5325 -9.990e-29
 148.726221     -0.857   0.375088    13.6856    -1.9197     -0.850     0.2323    -0.5300 -9.990e-29
 148.726227     -0.837   0.378065    13.6824    -1.9195     -0.830     0.2342    -0.5281 -9.990e-29
 148.726233     -0.821   0.379354    13.6814    -1.9194     -0.814     0.2351    -0.5273 -9.990e-29
 148.726238     -0.813   0.379566    13.6827    -1.9195     -0.806     0.2352    -0.5274 -9.990e-29
 148.726244     -0.812   0.379535    13.6862    -1.9194     -0.805     0.2351    -0.5279 -9.990e-29
 148.726250     -0.814   0.379218    13.6910    -1.9193     -0.807     0.2349    -0.5288 -9.990e-29
 148.726256     -0.811   0.378745    13.6954    -1.9193     -0.804     0.2346    -0.5296 -9.990e-29
 148.726262     -0.802   0.378593    13.6986    -1.9196     -0.795     0.2345    -0.5301 -9.990e-29
 148.726267     -0.795   0.379109    13.7005    -1.9196     -0.788     0.2348    -0.5301 -9.990e-29
 148.726273     -0.795   0.380429    13.7016    -1.9196     -0.788     0.2356    -0.5297 -9.990e-29
 148.726279     -0.801   0.382094    13.7030    -1.9197     -0.794     0.2367    -0.5290 -9.990e-29
 148.726285     -0.809   0.383002    13.7047    -1.9200     -0.802     0.2372    -0.5288 -9.990e-29
 148.726291     -0.812   0.382698    13.7059    -1.9203     -0.805     0.2370    -0.5291 -9.990e-29
 148.726296     -0.808   0.381885    13.7066    -1.9205     -0.801     0.2365    -0.5296 -9.990e-29
 148.726302     -0.808   0.381139    13.7069    -1.9207     -0.801     0.2360    -0.5300 -9.990e-29
 148.726308     -0.810   0.380573    13.7061    -1.9207     -0.803     0.2357    -0.5302 -9.990e-29
 148.726314     -0.806   0.380538    13.7042    -1.9209     -0.799     0.2357    -0.5300 -9.990e-29
 148.726319     -0.797   0.380985    13.7023    -1.9212     -0.790     0.2360    -0.5295 -9.990e-29
 148.726325     -0.790   0.381403    13.7002    -1.9213     -0.783     0.2362    -0.5290 -9.990e-29
 148.726331     -0.784   0.381792    13.6969    -1.9215     -0.777     0.2365    -0.5283 -9.990e-29
 148.726337     -0.775   0.382117    13.6919    -1.9213     -0.769     0.2367    -0.5275 -9.990e-29
 148.726343     -0.767   0.382254    13.6863    -1.9210     -0.761     0.2369    -0.5266 -9.990e-29
 148.726348     -0.763   0.382941    13.6813    -1.9208     -0.757     0.2373    -0.5256 -9.990e-29
 148.726354     -0.763   0.384539    13.6772    -1.9206     -0.757     0.2384    -0.5242 -9.990e-29
 148.726360     -0.767   0.385854    13.6736    -1.9207     -0.761     0.2392    -0.5230 -9.990e-29
 148.726366     -0.771   0.385868    13.6699    -1.9209     -0.765     0.2393    -0.5225 -9.990e-29
 148.726372     -0.768   0.384597    13.6662    -1.9212     -0.762     0.2385    -0.5226 -9.990e-29
 148.726377     -0.755   0.382560    13.6632    -1.9216     -0.749     0.2372    -0.5232 -9.990e-29
 148.726383     -0.743   0.380733    13.6624    -1.9216     -0.737     0.2360    -0.5240 -9.990e-29
 148.726389     -0.733   0.379451    13.6650    -1.9217     -0.727     0.2352    -0.5250 -9.990e-29
 148.726395     -0.725   0.378481    13.6693    -1.9217     -0.719     0.2346    -0.5261 -9.990e-29
 148.726400     -0.719   0.377636    13.6733    -1.9220     -0.713     0.2340    -0.5271 -9.990e-29
 148.726406     -0.714   0.376714    13.6755    -1.9221     -0.708     0.2334    -0.5278 -9.990e-29
 148.726412     -0.711   0.376149    13.6748    -1.9222     -0.705     0.2331    -0.5280 -9.990e-29
 148.726418     -0.708   0.376294    13.6712    -1.9224     -0.702     0.2332    -0.5274 -9.990e-29
 148.726424     -0.705   0.376790    13.6659    -1.9226     -0.699     0.2335    -0.5264 -9.990e-29
 148.726429     -0.704   0.377191    13.6606    -1.9228     -0.698     0.2338    -0.5255 -9.990e-29
 148.726435     -0.702   0.376927    13.6570    -1.9231     -0.696     0.2337    -0.5251 -9.990e-29
 148.726441     -0.701   0.376198    13.6542    -1.9231     -0.695     0.2332    -0.5251 -9.990e-29
 148.726447     -0.700   0.376249    13.6510    -1.9231     -0.694     0.2333    -0.5246 -9.990e-29
 148.726453     -0.700   0.377703    13.6470    -1.9232     -0.694     0.2342    -0.5234 -9.990e-29
 148.726458     -0.699   0.379729    13.6433    -1.9233     -0.693     0.2355    -0.5218 -9.990e-29
 148.726464     -0.698   0.380599    13.6400    -1.9236     -0.692     0.2361    -0.5209 -9.990e-29
 148.726470     -0.698   0.379814    13.6360    -1.9237     -0.692     0.2356    -0.5208 -9.990e-29
 148.726476     -0.697   0.378543    13.6312    -1.9241     -0.691     0.2348    -0.5207 -9.990e-29
 148.726481     -0.696   0.377860    13.6263    -1.9243     -0.690     0.2344    -0.5204 -9.990e-29
 148.726487     -0.696   0.377963    13.6224    -1.9245     -0.690     0.2345    -0.5198 -9.990e-29
 148.726493     -0.695   0.377882    13.6201    -1.9246     -0.689     0.2345    -0.5195 -9.990e-29
 148.726499     -0.694   0.376957    13.6184    -1.9249     -0.688     0.2339    -0.5197 -9.990e-29
 148.726505     -0.692   0.376172    13.6160    -1.9251     -0.686     0.2334    -0.5198 -9.990e-29
 148.726510     -0.691   0.376696    13.6122    -1.7755     -0.685     0.2338    -0.5190 -9.990e-29
 148.726516     -0.689   0.379226    13.6074    -1.6062     -0.683     0.2354    -0.5171 -9.990e-29
 148.726522     -0.686   0.383261    13.6020    -1.6061     -0.680     0.2380    -0.5143 -9.990e-29
 148.726528     -0.682   0.387536    13.5961    -1.6064     -0.676     0.2408    -0.5114 -9.990e-29
 148.726534     -0.678   0.394430    13.5901    -1.6066     -0.672     0.2452    -0.5071 -9.990e-29
 148.726539     -0.672   0.414796    13.5849    -1.6067     -0.666     0.2582    -0.4963 -9.990e-29
 148.726545     -0.665   0.478560    13.5807    -1.6067     -0.659     0.2992    -0.4638 -9.990e-29
 148.726551     -0.651   0.669631    13.5779    -1.6066     -0.646     0.4235    -0.3668 -9.990e-29
 148.726557     -0.630   1.237234    13.5793    -1.6066     -0.625     0.8029    -0.0725 -9.990e-29
 148.726563     -0.609   2.933743    13.5940    -1.6066     -0.604     1.9915     0.8459 -9.990e-29
 148.726568     -0.586   8.018955    13.6253    -1.6067     -0.581     5.8132     3.7889 -9.990e-29
 148.726574     -0.557  17.654672    13.6559    -1.6068     -0.552    13.6283     9.7929 -9.990e-29
 148.726580     -0.523  27.412088    13.6717    -1.6067     -0.519    22.0388    16.2569 -9.990e-29
 148.726586     -0.486  32.637881    13.6767    -1.6067     -0.482    26.7108    19.8542 -9.990e-29
 148.726591     -0.444  34.351040    13.6779    -1.6068     -0.440    28.2663    21.0533 -9.990e-29
 148.726597     -0.399  34.912473    13.6781    -1.6068     -0.396    28.7787    21.4485 -9.990e-29
 148.726603     -0.352  35.098191    13.6791    -1.6068     -0.349    28.9478    21.5787 -9.990e-29
 148.726609     -0.300  35.161975    13.6805    -1.6069     -0.297    29.0050    21.6226 -9.990e-29
 148.726615     -0.244  35.184395    13.6806    -1.6068     -0.242    29.0255    21.6384 -9.990e-29
 148.726620     -0.189  35.190867    13.6797    -1.6067     -0.187    29.0320    21.6436 -9.990e-29
 148.726626     -0.136  35.191701    13.6795    -1.6067     -0.135    29.0329    21.6444 -9.990e-29
 148.726632     -0.086  35.190250    13.6803    -1.6069     -0.085    29.0310    21.6427 -9.990e-29
 148.726638     -0.040  35.187939    13.6808    -1.6068     -0.040    29.0285    21.6407 -9.990e-29
 148.726644      0.005  35.186166    13.6801    -1.6068      0.005    29.0274    21.6400 -9.990e-29
 148.726649      0.048  35.185366    13.6792    -1.6068      0.048    29.0273    21.6401 -9.990e-29
 148.726655      0.087  35.185595    13.6786    -1.6068      0.086    29.0280    21.6407 -9.990e-29
 148.726661      0.124  35.186038    13.6787    -1.6068      0.123    29.0283    21.6409 -9.990e-29
 148.726667      0.162  35.186169    13.6801    -1.6068      0.161    29.0273    21.6399 -9.990e-29
 148.726672      0.200  35.186165    13.6819    -1.6068      0.198    29.0259    21.6385 -9.990e-29
 148.726678      0.230  35.186019    13.6820    -1.6069      0.228    29.0257    21.6383 -9.990e-29
 148.726684      0.255  35.186100    13.6809    -1.6069      0.253    29.0266    21.6392 -9.990e-29
 148.726690      0.281  35.186517    13.6806    -1.6070      0.279    29.0272    21.6397 -9.990e-29
 148.726696      0.304  35.186709    13.6813    -1.6070      0.301    29.0268    21.6393 -9.990e-29
 148.726701      0.323  35.186372    13.6824    -1.6070      0.320    29.0257    21.6382 -9.990e-29
 148.726707      0.338  35.185619    13.6830    -1.6070      0.335    29.0246    21.6372 -9.990e-29
 148.726713      0.351  35.184566    13.6831    -1.6071      0.348    29.0235    21.6364 -9.990e-29
 148.726719      0.361  35.183490    13.6828    -1.6071      0.358    29.0227    21.6359 -9.990e-29
 148.726725      0.371  35.183197    13.6813    -1.6070      0.368    29.0236    21.6368 -9.990e-29
 148.726730      0.380  35.183859    13.6787    -1.6071      0.377    29.0262    21.6393 -9.990e-29
 148.726736      0.388  35.184682    13.6765    -1.6070      0.385    29.0286    21.6416 -9.990e-29
 148.726742      0.398  35.185643    13.6757    -1.6071      0.395    29.0301    21.6429 -9.990e-29
 148.726748      0.404  35.186347    13.6757    -1.6071      0.401    29.0307    21.6434 -9.990e-29
 148.726753      0.403  35.185493    13.6754    -1.6071      0.400    29.0302    21.6431 -9.990e-29
 148.726759      0.399  35.183625    13.6744    -1.6070      0.396    29.0292    21.6425 -9.990e-29
 148.726765      0.397  35.181612    13.6731    -1.6070      0.394    29.0284    21.6421 -9.990e-29
 148.726771      0.396  35.180130    13.6728    -1.6071      0.393    29.0272    21.6413 -9.990e-29
 148.726777      0.395  35.180564    13.6732    -1.6071      0.392    29.0273    21.6413 -9.990e-29
 148.726782      0.396  35.181814    13.6734    -1.6072      0.393    29.0283    21.6420 -9.990e-29
 148.726788      0.397  35.181631    13.6732    -1.6072      0.394    29.0283    21.6420 -9.990e-29
 148.726794      0.400  35.180331    13.6727    -1.6071      0.397    29.0275    21.6415 -9.990e-29
 148.726800      0.404  35.178984    13.6723    -1.6070      0.401    29.0266    21.6409 -9.990e-29
 148.726806      0.410  35.178033    13.6725    -1.6071      0.407    29.0255    21.6400 -9.990e-29
 148.726811      0.417  35.178452    13.6727    -1.6072      0.414    29.0258    21.6402 -9.990e-29
 148.726817      0.427  35.180799    13.6727    -1.6072      0.423    29.0279    21.6418 -9.990e-29
 148.726823      0.440  35.183168    13.6725    -1.6071      0.436    29.0302    21.6437 -9.990e-29
 148.726829      0.452  35.183122    13.6718    -1.6072      0.448    29.0307    21.6442 -9.990e-29
 148.726834      0.460  35.181161    13.6710    -1.6072      0.456    29.0295    21.6434 -9.990e-29
 148.726840      0.465  35.179149    13.6709    -1.6072      0.461    29.0277    21.6421 -9.990e-29
 148.726846      0.467  35.178322    13.6715    -1.6072      0.463    29.0265    21.6410 -9.990e-29
 148.726852      0.470  35.179819    13.6724    -1.6072      0.466    29.0272    21.6414 -9.990e-29
 148.726858      0.478  35.182280    13.6726    -1.6071      0.474    29.0293    21.6430 -9.990e-29
 148.726863      0.489  35.182269    13.6718    -1.6072      0.485    29.0299    21.6436 -9.990e-29
 148.726869      0.498  35.179776    13.6711    -1.6072      0.494    29.0282    21.6423 -9.990e-29
 148.726875      0.506  35.178195    13.6709    -1.6072      0.502    29.0269    21.6414 -9.990e-29
 148.726881      0.514  35.179335    13.6709    -1.6072      0.510    29.0279    21.6422 -9.990e-29
 148.726887      0.521  35.180800    13.6708    -1.6072      0.517    29.0293    21.6433 -9.990e-29
 148.726892      0.524  35.180067    13.6704    -1.6072      0.520    29.0289    21.6431 -9.990e-29
 148.726898      0.520  35.178400    13.6698    -1.6072      0.516    29.0279    21.6424 -9.990e-29
 148.726904      0.512  35.178056    13.6694    -1.6073      0.508    29.0279    21.6425 -9.990e-29
 148.726910      0.504  35.179698    13.6693    -1.6071      0.500    29.0294    21.6437 -9.990e-29
 148.726916      0.494  35.181597    13.6693    -1.6072      0.490    29.0312    21.6450 -9.990e-29
 148.726921      0.488  35.181250    13.6694    -1.6072      0.484    29.0308    21.6447 -9.990e-29
 148.726927      0.489  35.178755    13.6696    -1.6072      0.485    29.0284    21.6428 -9.990e-29
 148.726933      0.497  35.176384    13.6698    -1.6072      0.493    29.0260    21.6410 -9.990e-29
 148.726939      0.507  35.176017    13.6699    -1.6072      0.503    29.0256    21.6406 -9.990e-29
 148.726944      0.513  35.177167    13.6700    -1.6073      0.509    29.0266    21.6414 -9.990e-29
 148.726950      0.515  35.177447    13.6702    -1.6072      0.511    29.0267    21.6414 -9.990e-29
 148.726956      0.521  35.176115    13.6705    -1.6072      0.517    29.0253    21.6402 -9.990e-29
 148.726962      0.532  35.174755    13.6709    -1.6072      0.528    29.0237    21.6389 -9.990e-29
 148.726968      0.544  35.174355    13.6711    -1.6072      0.539    29.0232    21.6385 -9.990e-29
 148.726973      0.558  35.174382    13.6711    -1.6072      0.553    29.0232    21.6385 -9.990e-29
 148.726979      0.570  35.174315    13.6714    -1.6073      0.565    29.0229    21.6382 -9.990e-29
 148.726985      0.577  35.174624    13.6715    -1.6073      0.572    29.0231    21.6384 -9.990e-29
 148.726991      0.580  35.175164    13.6710     9.6901      0.575    29.0240    21.6391 -9.990e-29
 148.726997      0.578  35.174976    13.6703    12.4669      0.573    29.0243    21.6396 -9.990e-29
 148.727002      0.572  35.174372    13.6699    12.6896      0.567    29.0241    21.6394 -9.990e-29
 148.727008      0.565  35.174788    13.6699    10.6594      0.560    29.0245    21.6397 -9.990e-29
 148.727014      0.562  35.176219    13.6702     6.2595      0.557    29.0256    21.6405 -9.990e-29
 148.727020      0.557  35.176657    13.6700     6.3577      0.552    29.0261    21.6410 -9.990e-29
 148.727025      0.551  35.175568    13.6691     6.4994      0.546    29.0258    21.6409 -9.990e-29
 148.727031      0.551  35.174300    13.6684     6.5302      0.546    29.0252    21.6406 -9.990e-29
 148.727037      0.558  35.173965    13.6686     6.5014      0.553    29.0247    21.6402 -9.990e-29
 148.727043      0.563  35.174118    13.6689     6.4552      0.558    29.0246    21.6401 -9.990e-29
