data/oxygen options/OCNMS/OCNMS1/raw_data/2019/CAST_KL015_190625faed.cnv
* Sea-Bird SBE19 Data File:
* FileName = C:\2019 Mooring Data\Casts\CAST_KL015_190625.hex
* Software Version 1.59
* Temperature SN = 2997
* Conductivity SN = 2997
* System UpLoad Time = Jun 25 2019 21:00:19
** CAST_KL015_190625
* ds
# nquan = 9                                 
# nvalues = 716                         
# units = specified
# name 0 = timeJ: Julian Days
# name 1 = prSM: Pressure, Strain Gauge [db]
# name 2 = c0mS/cm: Conductivity [mS/cm]
# name 3 = t090C: Temperature [ITS-90, deg C]
# name 4 = sbeox0ML/L: Oxygen, SBE 43 [ml/l]
# name 5 = depSM: Depth [salt water, m], lat = 47.5
# name 6 = sal00: Salinity, Practical [PSU]
# name 7 = sigma-é00: Density [sigma-theta, kg/m^3]
# name 8 = flag: flag
# span 0 = 176.841759, 176.845897       
# span 1 =     -5.444,     14.459       
# span 2 =   0.314878,  39.659851       
# span 3 =     8.1456,    16.0270       
# span 4 =    -1.8473,    17.1471       
# span 5 =     -5.399,     14.338       
# span 6 =     0.1839,    33.6810       
# span 7 =    -0.9129,    26.2068       
# span 8 = 0.0000e+00, 0.0000e+00       
# interval = seconds: 0.5
# start_time = Jun 25 2019 20:12:08 [Instrument's time stamp, header]
# bad_flag = -9.990e-29
*END*
[from data line 321]
 176.843617     -0.774   0.370560    15.9734    -1.8287     -0.768     0.2172    -0.8833 -9.990e-29
 176.843623     -0.779   0.372645    15.9861    -1.8284     -0.773     0.2184    -0.8845 -9.990e-29
 176.843628     -0.781   0.374594    15.9969    -1.8279     -0.774     0.2195    -0.8854 -9.990e-29
 176.843634     -0.783   0.376792    16.0051    -1.8273     -0.776     0.2208    -0.8857 -9.990e-29
 176.843640     -0.787   0.379400    16.0090    -1.8268     -0.780     0.2223    -0.8852 -9.990e-29
 176.843646     -0.784   0.382020    16.0100    -1.8261     -0.777     0.2239    -0.8841 -9.990e-29
 176.843652     -0.773   0.384267    16.0094    -1.8255     -0.767     0.2252    -0.8830 -9.990e-29
 176.843657     -0.763   0.386372    16.0067    -1.8254     -0.757     0.2265    -0.8816 -9.990e-29
 176.843663     -0.756   0.388926    16.0040    -1.8252     -0.750     0.2280    -0.8799 -9.990e-29
 176.843669     -0.754   0.393118    16.0040    -1.8253     -0.748     0.2306    -0.8780 -9.990e-29
 176.843675     -0.751   0.401215    16.0071    -1.8251     -0.745     0.2354    -0.8747 -9.990e-29
 176.843681     -0.743   0.416814    16.0114    -1.8250     -0.737     0.2447    -0.8682 -9.990e-29
 176.843686     -0.733   0.445208    16.0152    -1.8250     -0.727     0.2618    -0.8557 -9.990e-29
 176.843692     -0.725   0.488812    16.0182    -1.8251     -0.719     0.2882    -0.8358 -9.990e-29
 176.843698     -0.719   0.544289    16.0211    -1.8255     -0.713     0.3219    -0.8102 -9.990e-29
 176.843704     -0.715   0.606966    16.0234    -1.8257     -0.709     0.3602    -0.7811 -9.990e-29
 176.843709     -0.711   0.669578    16.0238    -1.8257     -0.705     0.3987    -0.7514 -9.990e-29
 176.843715     -0.709   0.721998    16.0228    -1.8255     -0.703     0.4311    -0.7263 -9.990e-29
 176.843721     -0.707   0.762114    16.0224    -1.8255     -0.701     0.4559    -0.7070 -9.990e-29
 176.843727     -0.706   0.792452    16.0240    -1.8257     -0.700     0.4748    -0.6927 -9.990e-29
 176.843733     -0.705   0.809149    16.0263    -1.8259     -0.699     0.4851    -0.6851 -9.990e-29
 176.843738     -0.704   0.811755    16.0270    -1.8261     -0.698     0.4867    -0.6840 -9.990e-29
 176.843744     -0.704   0.807068    16.0246    -1.8265     -0.698     0.4838    -0.6858 -9.990e-29
 176.843750     -0.705   0.800472    16.0202    -1.8268     -0.699     0.4798    -0.6882 -9.990e-29
 176.843756     -0.706   0.794805    16.0166    -1.8270     -0.700     0.4763    -0.6903 -9.990e-29
 176.843762     -0.707   0.791374    16.0152    -1.8269     -0.701     0.4742    -0.6917 -9.990e-29
 176.843767     -0.709   0.790037    16.0152    -1.8269     -0.703     0.4734    -0.6924 -9.990e-29
 176.843773     -0.708   0.790674    16.0138    -1.8272     -0.702     0.4738    -0.6918 -9.990e-29
 176.843779     -0.698   0.793027    16.0096    -1.8273     -0.692     0.4753    -0.6900 -9.990e-29
 176.843785     -0.685   0.796908    16.0031    -1.8272     -0.679     0.4778    -0.6870 -9.990e-29
 176.843791     -0.674   0.803061    15.9943    -1.8276     -0.668     0.4817    -0.6825 -9.990e-29
 176.843796     -0.671   0.811383    15.9844    -1.8274     -0.665     0.4870    -0.6768 -9.990e-29
 176.843802     -0.670   0.821337    15.9759    -1.8276     -0.664     0.4933    -0.6706 -9.990e-29
 176.843808     -0.668   0.832345    15.9698    -1.7833     -0.662     0.5003    -0.6642 -9.990e-29
 176.843814     -0.663   0.843574    15.9657    -1.6941     -0.657     0.5073    -0.6581 -9.990e-29
 176.843819     -0.657   0.855593    15.9616    -1.5594     -0.652     0.5149    -0.6516 -9.990e-29
 176.843825     -0.648   0.867809    15.9560    -1.5703     -0.643     0.5226    -0.6447 -9.990e-29
 176.843831     -0.635   0.880999    15.9489    -1.5721     -0.630     0.5310    -0.6371 -9.990e-29
 176.843837     -0.623   0.904439    15.9367    -1.5751     -0.618     0.5458    -0.6237 -9.990e-29
 176.843843     -0.615   0.956642    15.9098    -1.5747     -0.610     0.5791    -0.5937 -9.990e-29
 176.843848     -0.606   1.086714    15.8382    -1.5753     -0.601     0.6625    -0.5177 -9.990e-29
 176.843854     -0.590   1.455343    15.6292    -1.5753     -0.585     0.9039    -0.2979 -9.990e-29
 176.843860     -0.564   2.552928    15.2170    -1.5776     -0.559     1.6497     0.3420 -9.990e-29
 176.843866     -0.521   5.841806    14.6839    -1.5793     -0.517     4.0292     2.2559 -9.990e-29
 176.843872     -0.462  12.834701    14.1637    -1.5793     -0.458     9.5175     6.5529 -9.990e-29
 176.843877     -0.388  22.835326    13.7602    -1.5752     -0.385    17.9961    13.1318 -9.990e-29
 176.843883     -0.299  32.045827    13.5092    -1.5736     -0.297    26.2902    19.5618 -9.990e-29
 176.843889     -0.206  37.053361    13.3740    -1.5763     -0.204    30.9900    23.2155 -9.990e-29
 176.843895     -0.125  38.773357    13.3285    -1.5776     -0.124    32.6341    24.4955 -9.990e-29
 176.843900     -0.058  39.373074    13.3382    -1.5788     -0.058    33.1887    24.9225 -9.990e-29
 176.843906     -0.002  39.530003    13.3398    -1.5786     -0.002    33.3348    25.0353 -9.990e-29
 176.843912      0.046  39.489241    13.3067    -1.5762      0.046    33.3254    25.0347 -9.990e-29
 176.843918      0.091  39.415487    13.2715    -1.5760      0.090    33.2868    25.0118 -9.990e-29
 176.843924      0.135  39.386307    13.2762    -1.5762      0.134    33.2552    24.9864 -9.990e-29
 176.843929      0.176  39.394165    13.3174    -1.5760      0.175    33.2266    24.9560 -9.990e-29
 176.843935      0.208  39.426010    13.3407    -1.5766      0.206    33.2361    24.9588 -9.990e-29
 176.843941      0.229  39.462135    13.3170    -1.5765      0.227    33.2908    25.0058 -9.990e-29
 176.843947      0.241  39.475110    13.2796    -1.5756      0.239    33.3358    25.0481 -9.990e-29
 176.843953      0.248  39.468248    13.2621    -1.5748      0.246    33.3447    25.0585 -9.990e-29
 176.843958      0.255  39.453128    13.2741    -1.5750      0.253    33.3199    25.0369 -9.990e-29
 176.843964      0.262  39.432555    13.3030    -1.5746      0.260    33.2752    24.9966 -9.990e-29
 176.843970      0.276  39.422797    13.3200    -1.5742      0.274    33.2512    24.9746 -9.990e-29
 176.843976      0.295  39.429345    13.3197    -1.5739      0.293    33.2576    24.9796 -9.990e-29
 176.843981      0.313  39.445262    13.3186    -1.5753      0.310    33.2735    24.9921 -9.990e-29
 176.843987      0.327  39.464897    13.3234    -1.5762      0.324    33.2878    25.0022 -9.990e-29
 176.843993      0.338  39.467942    13.3282    -1.5773      0.335    33.2864    25.0002 -9.990e-29
 176.843999      0.346  39.451187    13.3280    -1.5767      0.343    33.2709    24.9882 -9.990e-29
 176.844005      0.352  39.457280    13.3334    -1.5762      0.349    33.2719    24.9879 -9.990e-29
 176.844010      0.356  39.507243    13.3552    -1.5758      0.353    33.2998    25.0051 -9.990e-29
 176.844016      0.358  39.542784    13.3774    -1.5758      0.355    33.3137    25.0114 -9.990e-29
 176.844022      0.359  39.519992    13.3733    -1.5741      0.356    33.2959    24.9985 -9.990e-29
 176.844028      0.359  39.491398    13.3367    -1.5749      0.356    33.3010    25.0098 -9.990e-29
 176.844034      0.357  39.520286    13.2934    -1.5757      0.354    33.3662    25.0689 -9.990e-29
 176.844039      0.354  39.591967    13.2712    -1.5756      0.351    33.4532    25.1407 -9.990e-29
 176.844045      0.349  39.633404    13.2773    -1.5764      0.346    33.4869    25.1655 -9.990e-29
 176.844051      0.346  39.607978    13.3030    -1.5763      0.343    33.4403    25.1243 -9.990e-29
 176.844057      0.350  39.541732    13.3168    -1.5762      0.347    33.3658    25.0639 -9.990e-29
 176.844063      0.356  39.477432    13.3038    -1.5767      0.353    33.3167    25.0285 -9.990e-29
 176.844068      0.361  39.474444    13.2966    -1.5768      0.358    33.3202    25.0327 -9.990e-29
 176.844074      0.365  39.544483    13.3114    -1.5789      0.362    33.3732    25.0707 -9.990e-29
 176.844080      0.367  39.610087    13.3205    -1.5797      0.364    33.4269    25.1104 -9.990e-29
 176.844086      0.369  39.614771    13.3057    -1.5783      0.366    33.4443    25.1269 -9.990e-29
 176.844091      0.370  39.586086    13.2761    -1.5772      0.367    33.4433    25.1321 -9.990e-29
 176.844097      0.370  39.584948    13.2500    -1.5762      0.367    33.4652    25.1542 -9.990e-29
 176.844103      0.370  39.622729    13.2407    -1.5766      0.367    33.5091    25.1900 -9.990e-29
 176.844109      0.370  39.656819    13.2427    -1.5778      0.367    33.5395    25.2131 -9.990e-29
 176.844115      0.368  39.659851    13.2453    -1.5779      0.365    33.5400    25.2131 -9.990e-29
 176.844120      0.366  39.634758    13.2426    -1.5780      0.363    33.5187    25.1971 -9.990e-29
 176.844126      0.363  39.590107    13.2284    -1.5767      0.360    33.4891    25.1771 -9.990e-29
 176.844132      0.359  39.527996    13.2095    -1.5765      0.356    33.4472    25.1484 -9.990e-29
 176.844138      0.353  39.476531    13.2036    -1.5761      0.350    33.4038    25.1160 -9.990e-29
 176.844144      0.346  39.488096    13.2217    -1.5768      0.343    33.3988    25.1085 -9.990e-29
 176.844149      0.341  39.548988    13.2544    -1.5778      0.338    33.4275    25.1241 -9.990e-29
 176.844155      0.342  39.581316    13.2718    -1.5780      0.339    33.4426    25.1324 -9.990e-29
 176.844161      0.345  39.550336    13.2552    -1.5780      0.342    33.4280    25.1244 -9.990e-29
 176.844167      0.345  39.500467    13.2232    -1.5777      0.342    33.4092    25.1162 -9.990e-29
 176.844172      0.344  39.502471    13.2107    -1.5776      0.341    33.4221    25.1287 -9.990e-29
 176.844178      0.344  39.559585    13.2274    -1.5778      0.341    33.4612    25.1557 -9.990e-29
 176.844184      0.351  39.607362    13.2508    -1.5785      0.348    33.4857    25.1699 -9.990e-29
 176.844190      0.360  39.610920    13.2610    -1.5796      0.357    33.4800    25.1635 -9.990e-29
 176.844196      0.368  39.590143    13.2568    -1.5806      0.365    33.4642    25.1520 -9.990e-29
 176.844201      0.375  39.567761    13.2412    -1.5787      0.372    33.4568    25.1495 -9.990e-29
 176.844207      0.382  39.540831    13.2197    -1.5783      0.379    33.4503    25.1488 -9.990e-29
 176.844213      0.389  39.527233    13.2057    -1.5783      0.386    33.4498    25.1512 -9.990e-29
 176.844219      0.392  39.549733    13.2092    -1.5789      0.389    33.4680    25.1645 -9.990e-29
 176.844225      0.388  39.578961    13.2249    -1.5792      0.385    33.4817    25.1720 -9.990e-29
 176.844230      0.379  39.573788    13.2325    -1.5793      0.376    33.4701    25.1615 -9.990e-29
 176.844236      0.371  39.529009    13.2222    -1.5789      0.368    33.4370    25.1379 -9.990e-29
 176.844242      0.362  39.480164    13.2081    -1.5785      0.359    33.4033    25.1147 -9.990e-29
 176.844248      0.357  39.448404    13.2010    -1.5787      0.354    33.3796    25.0977 -9.990e-29
 176.844253      0.358  39.418835    13.1994    -1.5793      0.355    33.3531    25.0776 -9.990e-29
 176.844259      0.363  39.417576    13.2057    -1.5785      0.360    33.3464    25.0711 -9.990e-29
 176.844265      0.366  39.462564    13.2182    -1.5778      0.363    33.3778    25.0929 -9.990e-29
 176.844271      0.368  39.488876    13.2245    -1.5778      0.365    33.3971    25.1066 -9.990e-29
 176.844277      0.370  39.462148    13.2204    -1.5779      0.367    33.3755    25.0907 -9.990e-29
 176.844282      0.371  39.425178    13.2116    -1.5789      0.368    33.3483    25.0715 -9.990e-29
 176.844288      0.371  39.414390    13.2046    -1.5796      0.368    33.3443    25.0697 -9.990e-29
 176.844294      0.371  39.434453    13.2045    -1.5803      0.368    33.3633    25.0845 -9.990e-29
 176.844300      0.370  39.467871    13.2125    12.9949      0.367    33.3878    25.1018 -9.990e-29
 176.844306      0.368  39.482471    13.2233    16.7876      0.365    33.3921    25.1030 -9.990e-29
 176.844311      0.366  39.460758    13.2286    17.1471      0.363    33.3670    25.0825 -9.990e-29
 176.844317      0.363  39.435410    13.2282    14.8099      0.360    33.3434    25.0643 -9.990e-29
 176.844323      0.358  39.449946    13.2299     9.5252      0.355    33.3556    25.0734 -9.990e-29
 176.844329      0.353  39.485105    13.2361    10.0121      0.350    33.3833    25.0936 -9.990e-29
 176.844334      0.350  39.489190    13.2352    10.4932      0.347    33.3880    25.0974 -9.990e-29
 176.844340      0.353  39.445250    13.2215    10.6100      0.350    33.3586    25.0774 -9.990e-29
 176.844346      0.359  39.387698    13.2077    10.5334      0.356    33.3164    25.0475 -9.990e-29
 176.844352      0.364  39.348476    13.2077    10.4138      0.361    33.2794    25.0189 -9.990e-29
 176.844358      0.368  39.304422    13.2218    10.2966      0.365    33.2255    24.9744 -9.990e-29
 176.844363      0.371  39.246656    13.2379    10.2493      0.368    33.1571    24.9182 -9.990e-29
 176.844369      0.373  39.207393    13.2452    10.2255      0.370    33.1137    24.8832 -9.990e-29
 176.844375      0.375  39.186950    13.2439    10.2124      0.372    33.0956    24.8694 -9.990e-29
 176.844381      0.377  39.169846    13.2381    10.2015      0.374    33.0846    24.8620 -9.990e-29
 176.844387      0.378  39.154572    13.2269    10.1546      0.375    33.0799    24.8607 -9.990e-29
 176.844392      0.380  39.135336    13.2128    10.1335      0.377    33.0741    24.8590 -9.990e-29
 176.844398      0.381  39.110025    13.2056    10.1060      0.378    33.0565    24.8468 -9.990e-29
 176.844404      0.382  39.091388    13.2123    10.0761      0.379    33.0331    24.8274 -9.990e-29
 176.844410      0.384  39.097151    13.2283    10.0649      0.381    33.0246    24.8176 -9.990e-29
 176.844416      0.386  39.121002    13.2384    10.0418      0.383    33.0383    24.8262 -9.990e-29
 176.844421      0.388  39.141543    13.2336    10.0258      0.385    33.0618    24.8453 -9.990e-29
 176.844427      0.391  39.154810    13.2253    10.0413      0.388    33.0815    24.8623 -9.990e-29
 176.844433      0.394  39.166743    13.2261    10.0618      0.391    33.0921    24.8703 -9.990e-29
 176.844439      0.398  39.178139    13.2323    10.0818      0.395    33.0974    24.8731 -9.990e-29
 176.844444      0.404  39.184593    13.2363    10.0960      0.401    33.1000    24.8743 -9.990e-29
 176.844450      0.410  39.182398    13.2368    10.0918      0.407    33.0975    24.8723 -9.990e-29
 176.844456      0.419  39.167522    13.2346    10.0739      0.416    33.0854    24.8634 -9.990e-29
 176.844462      0.430  39.147584    13.2318    10.0541      0.426    33.0691    24.8513 -9.990e-29
 176.844468      0.440  39.138021    13.2325    10.0556      0.436    33.0594    24.8437 -9.990e-29
 176.844473      0.441  39.137295    13.2397    10.0631      0.437    33.0525    24.8369 -9.990e-29
 176.844479      0.434  39.139963    13.2497    10.0560      0.430    33.0463    24.8301 -9.990e-29
 176.844485      0.425  39.146792    13.2570    10.0398      0.421    33.0464    24.8287 -9.990e-29
 176.844491      0.419  39.159060    13.2608    10.0287      0.416    33.0546    24.8344 -9.990e-29
 176.844497      0.416  39.170169    13.2604    10.0297      0.413    33.0654    24.8428 -9.990e-29
 176.844502      0.415  39.170299    13.2582    10.0450      0.412    33.0675    24.8448 -9.990e-29
 176.844508      0.417  39.167473    13.2619    10.0762      0.414    33.0616    24.8395 -9.990e-29
 176.844514      0.420  39.174178    13.2696    10.1014      0.416    33.0612    24.8377 -9.990e-29
 176.844520      0.427  39.181438    13.2666    10.1219      0.423    33.0706    24.8456 -9.990e-29
 176.844525      0.436  39.170380    13.2488    10.1131      0.432    33.0757    24.8531 -9.990e-29
 176.844531      0.448  39.142514    13.2301    10.0984      0.444    33.0658    24.8491 -9.990e-29
