data/oxygen options/OCNMS/OCNMS1/raw_data/2019/CAST_CA042_191002faedb.cnv
* Sea-Bird SBE 19 Data File:
* FileName = C:\2019 Mooring Data\Casts\CAST_CA042_191002.hex
* Software Version SeatermAF 2.1.2
* Temperature SN = 2997
* Conductivity SN = 2997
* System UpLoad Time = Oct 02 2019 20:15:13 (localtime) = Oct 02 2019 20:15:13 (UTC)
** CAST_CA042_191002
* ds
# nquan = 9
# nvalues = 41                          
# units = specified
# name 0 = timeJ: Julian Days
# name 1 = prSM: Pressure, Strain Gauge [db]
# name 2 = c0mS/cm: Conductivity [mS/cm]
# name 3 = t090C: Temperature [ITS-90, deg C]
# name 4 = sbeox0ML/L: Oxygen, SBE 43 [ml/l]
# name 5 = depSM: Depth [salt water, m], lat = 47.5
# name 6 = sal00: Salinity, Practical [PSU]
# name 7 = sigma-é00: Density [sigma-theta, kg/m^3]
# name 8 = flag: flag
# span 0 = 275.796430, 275.797404       
# span 1 =      2.000,     42.000       
# span 2 =  35.403728,  36.781795       
# span 3 =     8.9275,    11.6786       
# span 4 =     2.7474,     6.0729       
# span 5 =      1.983,     41.645       
# span 6 =    32.1540,    33.2262       
# span 7 =    24.4386,    25.7413       
# span 8 = 0.0000e+00, 0.0000e+00       
# interval = decibars: 1                
# start_time = Oct 02 2019 19:00:50 [Instrument's time stamp, header]
# bad_flag = -9.990e-29
*END*
 275.796430      2.000  36.781795    11.6786     6.0729      1.983    32.1540    24.4386 0.0000e+00
 275.796459      3.000  36.766977    11.6507     5.9209      2.975    32.1633    24.4511 0.0000e+00
 275.796483      4.000  36.749259    11.6163     5.7603      3.966    32.1756    24.4669 0.0000e+00
 275.796506      5.000  36.726483    11.5799     5.7128      4.958    32.1846    24.4805 0.0000e+00
 275.796527      6.000  36.714681    11.5620     5.6834      5.950    32.1882    24.4866 0.0000e+00
 275.796549      7.000  36.705075    11.5462     5.6680      6.941    32.1922    24.4926 0.0000e+00
 275.796571      8.000  36.695223    11.5324     5.6578      7.933    32.1941    24.4966 0.0000e+00
 275.796594      9.000  36.694043    11.5295     5.6514      8.925    32.1951    24.4979 0.0000e+00
 275.796617     10.000  36.692504    11.5258     5.6342      9.916    32.1964    24.4996 0.0000e+00
 275.796640     11.000  36.688347    11.5205     5.6410     10.908    32.1966    24.5007 0.0000e+00
 275.796663     12.000  36.685307    11.5168     5.6016     11.899    32.1964    24.5012 0.0000e+00
 275.796688     13.000  36.680509    11.5058     5.4927     12.891    32.2009    24.5067 0.0000e+00
 275.796710     14.000  36.649218    11.4634     5.4616     13.883    32.2068    24.5190 0.0000e+00
 275.796734     15.000  36.616660    11.4243     5.4612     14.874    32.2086    24.5274 0.0000e+00
 275.796758     16.000  36.609249    11.4118     5.4593     15.865    32.2118    24.5322 0.0000e+00
 275.796783     17.000  36.604340    11.4049     5.4342     16.857    32.2126    24.5341 0.0000e+00
 275.796809     18.000  36.596423    11.3915     5.4252     17.849    32.2161    24.5392 0.0000e+00
 275.796831     19.000  36.587990    11.3815     5.3991     18.841    32.2161    24.5411 0.0000e+00
 275.796854     20.000  36.577975    11.3660     5.4185     19.832    32.2195    24.5465 0.0000e+00
 275.796878     21.000  36.571034    11.3554     5.4257     20.824    32.2215    24.5500 0.0000e+00
 275.796901     22.000  36.581269    11.3354     5.2449     21.815    32.2485    24.5746 0.0000e+00
 275.796924     23.000  36.516194    11.2320     5.1714     22.807    32.2747    24.6134 0.0000e+00
 275.796947     24.000  36.478860    11.1784     5.1381     23.798    32.2846    24.6307 0.0000e+00
 275.796972     25.000  36.472111    11.1504     5.0474     24.790    32.3021    24.6493 0.0000e+00
 275.796994     26.000  36.444404    11.1007     4.9320     25.781    32.3180    24.6704 0.0000e+00
 275.797016     27.000  36.401937    11.0145     4.7115     26.773    32.3515    24.7118 0.0000e+00
 275.797038     28.000  36.368747    10.9062     4.3694     27.764    32.4138    24.7793 0.0000e+00
 275.797059     29.000  36.271544    10.6624     4.1887     28.756    32.5332    24.9146 0.0000e+00
 275.797082     30.000  36.171668    10.5002     4.0698     29.747    32.5776    24.9772 0.0000e+00
 275.797105     31.000  36.110314    10.3630     4.0033     30.739    32.6386    25.0481 0.0000e+00
 275.797126     32.000  36.074614    10.2728     3.9106     31.730    32.6834    25.0983 0.0000e+00
 275.797149     33.000  36.050515    10.1997     3.8212     32.722    32.7245    25.1428 0.0000e+00
 275.797172     34.000  36.028860    10.1568     3.6600     33.713    32.7411    25.1629 0.0000e+00
 275.797198     35.000  36.004199    10.0689     3.4283     34.705    32.7952    25.2199 0.0000e+00
 275.797221     36.000  35.922696     9.8792     3.3850     35.696    32.8845    25.3211 0.0000e+00
 275.797245     37.000  35.881177     9.7974     3.2460     36.688    32.9165    25.3595 0.0000e+00
 275.797270     38.000  35.773964     9.5845     3.0196     37.680    33.0016    25.4609 0.0000e+00
 275.797294     39.000  35.578951     9.2716     2.8997     38.671    33.0891    25.5797 0.0000e+00
 275.797320     40.000  35.494298     9.1248     2.7918     39.662    33.1373    25.6407 0.0000e+00
 275.797347     41.000  35.416327     8.9676     2.7633     40.654    33.2023    25.7163 0.0000e+00
 275.797404     42.000  35.403728     8.9275     2.7474     41.645    33.2262    25.7413 0.0000e+00
