data/oxygen options/OCNMS/OCNMS1/raw_data/2019/CAST_CA015_190624faed.cnv
* Sea-Bird SBE19 Data File:
* FileName = C:\2019 Mooring Data\Casts\CAST_CA015_190624.hex
* Software Version 1.59
* Temperature SN = 2997
* Conductivity SN = 2997
* System UpLoad Time = Jun 24 2019 23:09:40
** CAST_CA015_190624
* ds
# nquan = 9                                 
# nvalues = 801                         
# units = specified
# name 0 = timeJ: Julian Days
# name 1 = prSM: Pressure, Strain Gauge [db]
# name 2 = c0mS/cm: Conductivity [mS/cm]
# name 3 = t090C: Temperature [ITS-90, deg C]
# name 4 = sbeox0ML/L: Oxygen, SBE 43 [ml/l]
# name 5 = depSM: Depth [salt water, m], lat = 47.5
# name 6 = sal00: Salinity, Practical [PSU]
# name 7 = sigma-é00: Density [sigma-theta, kg/m^3]
# name 8 = flag: flag
# span 0 = 175.927546, 175.932176       
# span 1 =     -5.193,     15.062       
# span 2 =   0.326706,  38.974844       
# span 3 =     8.3742,    16.9804       
# span 4 =    -1.8297,    17.3424       
# span 5 =     -5.150,     14.936       
# span 6 =     0.1872,    34.2105       
# span 7 =    -1.0760,    26.0941       
# span 8 = 0.0000e+00, 0.0000e+00       
# interval = seconds: 0.5
# start_time = Jun 24 2019 22:15:40 [Instrument's time stamp, header]
# bad_flag = -9.990e-29
*END*
[from data line 321]
 175.929404     -0.700   0.327707    16.6909    -1.8143     -0.694     0.1885    -1.0251 -9.990e-29
 175.929410     -0.701   0.327707    16.6538    -1.8151     -0.695     0.1887    -1.0186 -9.990e-29
 175.929416     -0.701   0.327707    16.6279    -1.8155     -0.695     0.1888    -1.0141 -9.990e-29
 175.929421     -0.702   0.327706    16.6069    -1.8160     -0.696     0.1889    -1.0105 -9.990e-29
 175.929427     -0.703   0.327702    16.5849    -1.8169     -0.697     0.1889    -1.0067 -9.990e-29
 175.929433     -0.700   0.327690    16.5606    -1.8188     -0.694     0.1890    -1.0025 -9.990e-29
 175.929439     -0.688   0.327653    16.5322    -1.8205     -0.682     0.1891    -0.9976 -9.990e-29
 175.929444     -0.672   0.327542    16.4953    -1.8209     -0.666     0.1892    -0.9913 -9.990e-29
 175.929450     -0.654   0.327208    16.4536    -1.8211     -0.649     0.1892    -0.9843 -9.990e-29
 175.929456     -0.633   0.326759    16.4175    -1.8212     -0.628     0.1891    -0.9783 -9.990e-29
 175.929462     -0.612   0.326706    16.3911    -1.8220     -0.607     0.1892    -0.9739 -9.990e-29
 175.929468     -0.599   0.326975    16.3710    -1.6724     -0.594     0.1895    -0.9703 -9.990e-29
 175.929473     -0.592   0.327372    16.3505    -1.5416     -0.587     0.1898    -0.9666 -9.990e-29
 175.929479     -0.583   0.328428    16.3226    -1.5826     -0.578     0.1905    -0.9614 -9.990e-29
 175.929485     -0.567   0.330995    16.2871    -1.5876     -0.562     0.1922    -0.9542 -9.990e-29
 175.929491     -0.546   0.338495    16.2533    -1.5952     -0.541     0.1968    -0.9451 -9.990e-29
 175.929497     -0.529   0.362038    16.2267    -1.6003     -0.525     0.2109    -0.9298 -9.990e-29
 175.929502     -0.518   0.433567    16.1966    -1.6074     -0.514     0.2537    -0.8917 -9.990e-29
 175.929508     -0.513   0.648453    16.1317    -1.6152     -0.509     0.3847    -0.7799 -9.990e-29
 175.929514     -0.513   1.293213    15.9566    -1.6169     -0.509     0.7923    -0.4369 -9.990e-29
 175.929520     -0.514   3.227524    15.4667    -1.6120     -0.510     2.1010     0.6496 -9.990e-29
 175.929525     -0.508   9.030469    14.5571    -1.6163     -0.504     6.4484     4.1339 -9.990e-29
 175.929531     -0.489  19.971722    13.5852    -1.6145     -0.485    15.6164    11.3327 -9.990e-29
 175.929537     -0.458  30.943366    12.9659    -1.6183     -0.454    25.6561    19.1734 -9.990e-29
 175.929543     -0.411  36.758657    12.6888    -1.6225     -0.408    31.2764    23.5697 -9.990e-29
 175.929549     -0.350  38.586484    12.5423    -1.6265     -0.347    33.1407    25.0421 -9.990e-29
 175.929554     -0.280  38.937132    12.3942    -1.6233     -0.278    33.6088    25.4336 -9.990e-29
 175.929560     -0.200  38.765410    12.2256    -1.6174     -0.198    33.5945    25.4548 -9.990e-29
 175.929566     -0.110  38.549230    12.0998    -1.6170     -0.109    33.4984    25.4041 -9.990e-29
 175.929572     -0.017  38.482535    12.0790    -1.6206     -0.017    33.4524    25.3723 -9.990e-29
 175.929578      0.068  38.575968    12.1272    -1.6261      0.067    33.4996    25.3998 -9.990e-29
 175.929583      0.137  38.578671    12.1416    -1.6264      0.136    33.4893    25.3891 -9.990e-29
 175.929589      0.191  38.382675    12.0641    -1.6259      0.189    33.3689    25.3103 -9.990e-29
 175.929595      0.233  38.211669    11.9463    -1.6251      0.231    33.3084    25.2855 -9.990e-29
 175.929601      0.266  38.183734    11.8959    -1.6243      0.264    33.3263    25.3089 -9.990e-29
 175.929606      0.291  38.207734    11.9445    -1.6236      0.289    33.3062    25.2841 -9.990e-29
 175.929612      0.311  38.192313    12.0116    -1.6228      0.308    33.2313    25.2134 -9.990e-29
 175.929618      0.326  38.168894    12.0071    -1.6225      0.323    33.2126    25.1997 -9.990e-29
 175.929624      0.339  38.194674    11.9381    -1.6213      0.336    33.2992    25.2799 -9.990e-29
 175.929630      0.348  38.238978    11.8778    -1.6208      0.345    33.3963    25.3666 -9.990e-29
 175.929635      0.355  38.225785    11.8620    -1.6200      0.352    33.3976    25.3706 -9.990e-29
 175.929641      0.361  38.133468    11.8746    -1.6232      0.358    33.2965    25.2897 -9.990e-29
 175.929647      0.366  38.040475    11.8976    -1.6246      0.363    33.1855    25.1993 -9.990e-29
 175.929653      0.370  37.996357    11.9236    -1.6227      0.367    33.1195    25.1431 -9.990e-29
 175.929659      0.373  37.982543    11.9461    -1.6201      0.370    33.0861    25.1130 -9.990e-29
 175.929664      0.375  37.982829    11.9605    -1.6203      0.372    33.0736    25.1006 -9.990e-29
 175.929670      0.378  37.997627    11.9751    -1.6205      0.375    33.0750    25.0989 -9.990e-29
 175.929676      0.380  38.028821    11.9915    -1.6205      0.377    33.0907    25.1080 -9.990e-29
 175.929682      0.382  38.057597    11.9815    -1.6222      0.379    33.1274    25.1385 -9.990e-29
 175.929688      0.384  38.079847    11.9396    -1.6224      0.381    33.1863    25.1920 -9.990e-29
 175.929693      0.387  38.144936    11.9086    -1.6221      0.384    33.2772    25.2684 -9.990e-29
 175.929699      0.390  38.222107    11.9096    -1.6211      0.387    33.3513    25.3257 -9.990e-29
 175.929705      0.393  38.206523    11.9167    -1.6251      0.390    33.3298    25.3077 -9.990e-29
 175.929711      0.398  38.155344    11.9064    -1.6279      0.395    33.2893    25.2782 -9.990e-29
 175.929716      0.403  38.204871    11.8885    -1.6245      0.400    33.3535    25.3314 -9.990e-29
 175.929722      0.410  38.334971    11.8789    -1.6237      0.407    33.4887    25.4381 -9.990e-29
 175.929728      0.419  38.431291    11.8672    -1.6246      0.416    33.5930    25.5214 -9.990e-29
 175.929734      0.431  38.454300    11.8406    -1.6271      0.427    33.6395    25.5624 -9.990e-29
 175.929740      0.441  38.446528    11.8187    -1.6294      0.437    33.6517    25.5760 -9.990e-29
 175.929745      0.447  38.453715    11.8214    -1.6281      0.443    33.6563    25.5791 -9.990e-29
 175.929751      0.453  38.466481    11.8302    -1.6263      0.449    33.6608    25.5809 -9.990e-29
 175.929757      0.464  38.440876    11.8192    -1.6253      0.460    33.6458    25.5713 -9.990e-29
 175.929763      0.479  38.352375    11.7903    -1.6298      0.475    33.5856    25.5299 -9.990e-29
 175.929769      0.497  38.234305    11.7655    -1.6308      0.493    33.4927    25.4624 -9.990e-29
 175.929774      0.510  38.211068    11.7656    -1.6310      0.506    33.4700    25.4447 -9.990e-29
 175.929780      0.513  38.301054    11.7885    -1.6291      0.509    33.5371    25.4926 -9.990e-29
 175.929786      0.512  38.328580    11.8045    -1.6282      0.508    33.5495    25.4993 -9.990e-29
 175.929792      0.516  38.203849    11.7894    -1.6308      0.512    33.4415    25.4182 -9.990e-29
 175.929797      0.523  38.033989    11.7565    -1.6310      0.519    33.3054    25.3186 -9.990e-29
 175.929803      0.531  37.978527    11.7353    -1.6299      0.527    33.2703    25.2952 -9.990e-29
 175.929809      0.541  38.069457    11.7336    -1.6294      0.536    33.3605    25.3657 -9.990e-29
 175.929815      0.547  38.176056    11.7420    -1.6283      0.542    33.4570    25.4391 -9.990e-29
 175.929821      0.547  38.150964    11.7462    -1.6296      0.542    33.4288    25.4163 -9.990e-29
 175.929826      0.545  37.997779    11.7352    -1.6304      0.540    33.2891    25.3099 -9.990e-29
 175.929832      0.550  37.875290    11.7199    -1.6288      0.545    33.1833    25.2305 -9.990e-29
 175.929838      0.560  37.886873    11.7182    -1.6277      0.555    33.1961    25.2408 -9.990e-29
 175.929844      0.570  37.969647    11.7284    -1.6278      0.565    33.2678    25.2946 -9.990e-29
 175.929850      0.574  37.984822    11.7366    -1.6264      0.569    33.2752    25.2988 -9.990e-29
 175.929855      0.578  37.909594    11.7327    -1.6254      0.573    33.2053    25.2453 -9.990e-29
 175.929861      0.586  37.863300    11.7235    -1.6231      0.581    33.1684    25.2183 -9.990e-29
 175.929867      0.594  37.905845    11.7294    -1.6231      0.589    33.2046    25.2453 -9.990e-29
 175.929873      0.599  37.978665    11.7480    -1.6232      0.594    33.2590    25.2841 -9.990e-29
 175.929878      0.600  37.987951    11.7581    -1.6225      0.595    33.2590    25.2823 -9.990e-29
 175.929884      0.599  37.926013    11.7546    -1.6222      0.594    33.2017    25.2384 -9.990e-29
 175.929890      0.598  37.900224    11.7478    -1.6227      0.593    33.1827    25.2249 -9.990e-29
 175.929896      0.603  37.966464    11.7529    -1.6216      0.598    33.2427    25.2706 -9.990e-29
 175.929902      0.609  38.060797    11.7771    -1.6213      0.604    33.3130    25.3207 -9.990e-29
 175.929907      0.612  38.123141    11.8072    -1.6201      0.607    33.3467    25.3413 -9.990e-29
 175.929913      0.614  38.157177    11.8211    -1.6188      0.609    33.3674    25.3548 -9.990e-29
 175.929919      0.613  38.199979    11.8172    -1.6164      0.608    33.4126    25.3906 -9.990e-29
 175.929925      0.609  38.276228    11.8147    -1.6157      0.604    33.4892    25.4505 -9.990e-29
 175.929931      0.604  38.351577    11.8178    -1.6173      0.599    33.5599    25.5049 -9.990e-29
 175.929936      0.595  38.391030    11.8095    -1.6173      0.590    33.6059    25.5421 -9.990e-29
 175.929942      0.587  38.414795    11.7848    -1.6170      0.582    33.6514    25.5821 -9.990e-29
 175.929948      0.588  38.460252    11.7608    -1.6214      0.583    33.7176    25.6380 -9.990e-29
 175.929954      0.598  38.550013    11.7552    -1.6290      0.593    33.8104    25.7112 -9.990e-29
 175.929959      0.609  38.662132    11.7719    13.1552      0.604    33.9048    25.7814 -9.990e-29
 175.929965      0.617  38.751259    11.8079    17.1211      0.612    33.9590    25.8167 -9.990e-29
 175.929971      0.623  38.810849    11.8475    17.3424      0.618    33.9810    25.8264 -9.990e-29
 175.929977      0.628  38.850991    11.8558    14.4515      0.623    34.0125    25.8494 -9.990e-29
 175.929983      0.632  38.874332    11.8230     8.3980      0.627    34.0654    25.8966 -9.990e-29
 175.929988      0.634  38.902013    11.7851     8.5676      0.629    34.1272    25.9518 -9.990e-29
 175.929994      0.635  38.951430    11.7698     8.9097      0.630    34.1897    26.0031 -9.990e-29
 175.930000      0.636  38.974844    11.7721     9.0166      0.631    34.2105    26.0189 -9.990e-29
 175.930006      0.635  38.852871    11.7787     9.0023      0.630    34.0850    25.9202 -9.990e-29
 175.930012      0.634  38.512590    11.7768     8.9672      0.629    33.7542    25.6634 -9.990e-29
 175.930017      0.636  38.076743    11.7625     8.9020      0.631    33.3416    25.3456 -9.990e-29
 175.930023      0.645  37.762978    11.7514     8.8696      0.640    33.0457    25.1178 -9.990e-29
 175.930029      0.659  37.635800    11.7548     8.8460      0.653    32.9187    25.0186 -9.990e-29
 175.930035      0.669  37.608606    11.7646     8.8321      0.663    32.8836    24.9895 -9.990e-29
 175.930041      0.672  37.602100    11.7711     8.8205      0.666    32.8715    24.9789 -9.990e-29
 175.930046      0.671  37.595935    11.7740     8.7940      0.665    32.8629    24.9717 -9.990e-29
 175.930052      0.673  37.590943    11.7749     8.7665      0.667    32.8573    24.9671 -9.990e-29
 175.930058      0.675  37.586155    11.7726     8.7554      0.669    32.8547    24.9655 -9.990e-29
 175.930064      0.680  37.575278    11.7678     8.7643      0.674    32.8483    24.9615 -9.990e-29
 175.930069      0.686  37.559014    11.7650     8.7797      0.680    32.8350    24.9516 -9.990e-29
 175.930075      0.691  37.554407    11.7670     8.7700      0.685    32.8287    24.9464 -9.990e-29
 175.930081      0.689  37.561559    11.7678     8.7518      0.683    32.8350    24.9511 -9.990e-29
 175.930087      0.686  37.562652    11.7600     8.7532      0.680    32.8429    24.9587 -9.990e-29
 175.930093      0.685  37.551951    11.7466     8.7542      0.679    32.8444    24.9623 -9.990e-29
 175.930098      0.687  37.537678    11.7409     8.7645      0.681    32.8355    24.9565 -9.990e-29
 175.930104      0.691  37.535047    11.7539     8.7666      0.685    32.8214    24.9432 -9.990e-29
 175.930110      0.693  37.550155    11.7771     8.7345      0.687    32.8156    24.9344 -9.990e-29
 175.930116      0.690  37.565708    11.7893     8.7310      0.684    32.8200    24.9355 -9.990e-29
 175.930122      0.685  37.563336    11.7843     8.7486      0.679    32.8221    24.9381 -9.990e-29
 175.930127      0.682  37.547807    11.7741     8.7590      0.676    32.8160    24.9352 -9.990e-29
 175.930133      0.682  37.540508    11.7714     8.7596      0.676    32.8113    24.9321 -9.990e-29
 175.930139      0.683  37.550829    11.7732     8.7540      0.677    32.8197    24.9383 -9.990e-29
 175.930145      0.687  37.558458    11.7673     8.7475      0.681    32.8324    24.9492 -9.990e-29
 175.930150      0.693  37.546773    11.7562     8.7639      0.687    32.8308    24.9500 -9.990e-29
 175.930156      0.701  37.531083    11.7545     8.7738      0.695    32.8170    24.9397 -9.990e-29
 175.930162      0.709  37.534232    11.7656     8.7697      0.703    32.8103    24.9324 -9.990e-29
 175.930168      0.712  37.550424    11.7729     8.7498      0.706    32.8196    24.9383 -9.990e-29
 175.930174      0.715  37.557094    11.7616     8.7512      0.709    32.8361    24.9531 -9.990e-29
 175.930179      0.722  37.548107    11.7420     8.7501      0.716    32.8447    24.9634 -9.990e-29
 175.930185      0.734  37.535091    11.7344     8.7588      0.728    32.8387    24.9602 -9.990e-29
 175.930191      0.747  37.534373    11.7426     8.7737      0.741    32.8308    24.9525 -9.990e-29
 175.930197      0.757  37.544517    11.7523     8.7673      0.751    32.8320    24.9517 -9.990e-29
 175.930203      0.766  37.548896    11.7519     8.7616      0.760    32.8367    24.9554 -9.990e-29
 175.930208      0.774  37.541679    11.7449     8.7519      0.768    32.8358    24.9560 -9.990e-29
 175.930214      0.785  37.528453    11.7438     8.7455      0.778    32.8239    24.9470 -9.990e-29
 175.930220      0.801  37.523588    11.7549     8.7425      0.794    32.8094    24.9336 -9.990e-29
 175.930226      0.809  37.536363    11.7753     8.7358      0.802    32.8038    24.9255 -9.990e-29
 175.930231      0.802  37.554775    11.7959     8.7549      0.795    32.8035    24.9215 -9.990e-29
 175.930237      0.787  37.571546    11.8028     8.7677      0.780    32.8137    24.9282 -9.990e-29
 175.930243      0.777  37.576088    11.7957     8.7707      0.771    32.8244    24.9378 -9.990e-29
 175.930249      0.775  37.560552    11.7912     8.7608      0.769    32.8133    24.9300 -9.990e-29
 175.930255      0.781  37.551910    11.7975     8.7395      0.774    32.7993    24.9179 -9.990e-29
 175.930260      0.790  37.561121    11.8076     8.7319      0.783    32.7993    24.9161 -9.990e-29
 175.930266      0.796  37.570874    11.8177     8.7464      0.789    32.7999    24.9147 -9.990e-29
 175.930272      0.795  37.580261    11.8346     8.7621      0.788    32.7941    24.9071 -9.990e-29
 175.930278      0.789  37.594048    11.8475     8.7733      0.782    32.7961    24.9062 -9.990e-29
 175.930284      0.788  37.595428    11.8315     8.7704      0.781    32.8116    24.9212 -9.990e-29
 175.930289      0.797  37.572893    11.7943     8.7562      0.790    32.8225    24.9366 -9.990e-29
 175.930295      0.810  37.544647    11.7651     8.7527      0.803    32.8208    24.9407 -9.990e-29
 175.930301      0.820  37.535828    11.7593     8.7574      0.813    32.8174    24.9390 -9.990e-29
 175.930307      0.829  37.549872    11.7731     8.7621      0.822    32.8188    24.9376 -9.990e-29
 175.930313      0.840  37.564710    11.7897     8.7750      0.833    32.8186    24.9344 -9.990e-29
 175.930318      0.851  37.566053    11.7909     8.7631      0.844    32.8188    24.9343 -9.990e-29
