data/oxygen options/OCNMS/OCNMS1/raw_data/2019/CAST_KL027_190528faed.cnv
* Sea-Bird SBE19 Data File:
* FileName = C:\2019 Mooring Data\Casts\CAST_KL027_190528.hex
* Software Version 1.59
* Temperature SN = 2997
* Conductivity SN = 2997
* System UpLoad Time = May 28 2019 18:05:03
** CAST_KL027_190528
* ds
# nquan = 9                                 
# nvalues = 975                         
# units = specified
# name 0 = timeJ: Julian Days
# name 1 = prSM: Pressure, Strain Gauge [db]
# name 2 = c0mS/cm: Conductivity [mS/cm]
# name 3 = t090C: Temperature [ITS-90, deg C]
# name 4 = sbeox0ML/L: Oxygen, SBE 43 [ml/l]
# name 5 = depSM: Depth [salt water, m], lat = 47.5
# name 6 = sal00: Salinity, Practical [PSU]
# name 7 = sigma-é00: Density [sigma-theta, kg/m^3]
# name 8 = flag: flag
# span 0 = 148.724271, 148.729907       
# span 1 =     -5.509,     27.783       
# span 2 =   0.358240,  36.756836       
# span 3 =     9.2706,    13.8467       
# span 4 =   -11.3666,    12.6896       
# span 5 =     -5.463,     27.549       
# span 6 =     0.2218,    32.7699       
# span 7 =    -0.5394,    25.3291       
# span 8 = 0.0000e+00, 0.0000e+00       
# interval = seconds: 0.5
# start_time = May 28 2019 17:22:57 [Instrument's time stamp, header]
# bad_flag = -9.990e-29
*END*
[from data line 161]
 148.725203     -2.125   0.549158    13.8061    -1.9134     -2.107     0.3430    -0.4605 -9.990e-29
 148.725208     -2.109   0.547154    13.8067    -1.9133     -2.091     0.3417    -0.4616 -9.990e-29
 148.725214     -2.097   0.546939    13.8083    -1.9132     -2.080     0.3415    -0.4619 -9.990e-29
 148.725220     -2.088   0.546566    13.8109    -1.9132     -2.071     0.3412    -0.4625 -9.990e-29
 148.725226     -2.082   0.544429    13.8139    -1.9133     -2.065     0.3398    -0.4640 -9.990e-29
 148.725231     -2.079   0.541003    13.8166    -1.9134     -2.062     0.3376    -0.4661 -9.990e-29
 148.725237     -2.078   0.537257    13.8185    -1.9137     -2.061     0.3352    -0.4683 -9.990e-29
 148.725243     -2.074   0.533183    13.8193    -1.9139     -2.057     0.3325    -0.4704 -9.990e-29
 148.725249     -2.064   0.528886    13.8193    -1.9144     -2.047     0.3298    -0.4726 -9.990e-29
 148.725255     -2.050   0.525838    13.8195    -1.9143     -2.033     0.3278    -0.4741 -9.990e-29
 148.725260     -2.037   0.524962    13.8203    -1.9143     -2.020     0.3272    -0.4747 -9.990e-29
 148.725266     -2.024   0.525087    13.8216    -1.9142     -2.007     0.3273    -0.4748 -9.990e-29
 148.725272     -2.009   0.524719    13.8221    -1.9141     -1.992     0.3271    -0.4751 -9.990e-29
 148.725278     -1.996   0.523369    13.8207    -1.9142     -1.979     0.3262    -0.4755 -9.990e-29
 148.725284     -1.988   0.520896    13.8176    -1.9143     -1.971     0.3246    -0.4763 -9.990e-29
 148.725289     -1.981   0.517327    13.8133    -1.9143     -1.964     0.3224    -0.4775 -9.990e-29
 148.725295     -1.970   0.513443    13.8083    -1.9144     -1.954     0.3199    -0.4787 -9.990e-29
 148.725301     -1.955   0.510159    13.8040    -1.9145     -1.939     0.3179    -0.4797 -9.990e-29
 148.725307     -1.937   0.507525    13.8021    -1.9145     -1.921     0.3162    -0.4808 -9.990e-29
 148.725313     -1.922   0.505355    13.8022    -1.9144     -1.906     0.3148    -0.4819 -9.990e-29
 148.725318     -1.907   0.504077    13.8030    -1.9144     -1.891     0.3139    -0.4826 -9.990e-29
 148.725324     -1.897   0.503650    13.8037    -1.9146     -1.881     0.3137    -0.4829 -9.990e-29
 148.725330     -1.889   0.502950    13.8035    -1.9147     -1.873     0.3132    -0.4833 -9.990e-29
 148.725336     -1.877   0.501599    13.8029    -1.9150     -1.861     0.3124    -0.4838 -9.990e-29
 148.725341     -1.857   0.500010    13.8023    -1.9152     -1.842     0.3113    -0.4846 -9.990e-29
 148.725347     -1.839   0.497727    13.8014    -1.9152     -1.824     0.3099    -0.4856 -9.990e-29
 148.725353     -1.825   0.494474    13.8005    -1.9149     -1.810     0.3078    -0.4871 -9.990e-29
 148.725359     -1.814   0.491453    13.8001    -1.9146     -1.799     0.3059    -0.4885 -9.990e-29
 148.725365     -1.805   0.490175    13.8002    -1.9145     -1.790     0.3050    -0.4892 -9.990e-29
 148.725370     -1.798   0.490595    13.7997    -1.9147     -1.783     0.3053    -0.4889 -9.990e-29
 148.725376     -1.792   0.491061    13.7980    -1.9147     -1.777     0.3056    -0.4884 -9.990e-29
 148.725382     -1.787   0.489977    13.7951    -1.9148     -1.772     0.3050    -0.4885 -9.990e-29
 148.725388     -1.784   0.487006    13.7913    -1.9148     -1.769     0.3031    -0.4895 -9.990e-29
 148.725394     -1.780   0.483171    13.7886    -1.9149     -1.765     0.3006    -0.4910 -9.990e-29
 148.725399     -1.777   0.480006    13.7891    -1.9150     -1.762     0.2986    -0.4926 -9.990e-29
 148.725405     -1.774   0.478274    13.7927    -1.9151     -1.759     0.2975    -0.4940 -9.990e-29
 148.725411     -1.771   0.477327    13.7970    -1.9149     -1.756     0.2968    -0.4951 -9.990e-29
 148.725417     -1.768   0.475902    13.7994    -1.9149     -1.753     0.2959    -0.4962 -9.990e-29
 148.725422     -1.764   0.473762    13.7993    -1.9149     -1.749     0.2945    -0.4972 -9.990e-29
 148.725428     -1.759   0.471930    13.7983    -1.9148     -1.744     0.2934    -0.4980 -9.990e-29
 148.725434     -1.753   0.470734    13.7976    -1.9147     -1.738     0.2926    -0.4985 -9.990e-29
 148.725440     -1.746   0.469132    13.7967    -1.9147     -1.731     0.2916    -0.4991 -9.990e-29
 148.725446     -1.736   0.466651    13.7954    -1.9146     -1.722     0.2900    -0.5002 -9.990e-29
 148.725451     -1.724   0.464413    13.7942    -1.9146     -1.710     0.2886    -0.5011 -9.990e-29
 148.725457     -1.709   0.463311    13.7940    -1.9146     -1.695     0.2879    -0.5017 -9.990e-29
 148.725463     -1.694   0.462429    13.7948    -1.9146     -1.680     0.2873    -0.5022 -9.990e-29
 148.725469     -1.683   0.460592    13.7961    -1.9147     -1.669     0.2861    -0.5033 -9.990e-29
 148.725475     -1.670   0.458120    13.7978    -1.9149     -1.656     0.2845    -0.5048 -9.990e-29
 148.725480     -1.650   0.456146    13.7999    -1.9149     -1.636     0.2832    -0.5061 -9.990e-29
 148.725486     -1.626   0.455362    13.8020    -1.9148     -1.612     0.2827    -0.5067 -9.990e-29
 148.725492     -1.606   0.455277    13.8037    -1.9150     -1.593     0.2827    -0.5070 -9.990e-29
 148.725498     -1.592   0.454671    13.8051    -1.9151     -1.579     0.2823    -0.5075 -9.990e-29
 148.725503     -1.583   0.452736    13.8061    -1.9154     -1.570     0.2810    -0.5086 -9.990e-29
 148.725509     -1.575   0.449660    13.8067    -1.9156     -1.562     0.2791    -0.5102 -9.990e-29
 148.725515     -1.563   0.446325    13.8065    -1.9158     -1.550     0.2769    -0.5119 -9.990e-29
 148.725521     -1.550   0.443269    13.8051    -1.9163     -1.537     0.2750    -0.5132 -9.990e-29
 148.725527     -1.540   0.440850    13.8030    -1.9165     -1.527     0.2735    -0.5141 -9.990e-29
 148.725532     -1.533   0.439719    13.8016    -1.9167     -1.520     0.2727    -0.5145 -9.990e-29
 148.725538     -1.526   0.440028    13.8007    -1.9169     -1.513     0.2729    -0.5142 -9.990e-29
 148.725544     -1.522   0.440529    13.7986    -1.9170     -1.509     0.2733    -0.5136 -9.990e-29
 148.725550     -1.518   0.439674    13.7951    -1.9170     -1.505     0.2728    -0.5135 -9.990e-29
 148.725556     -1.515   0.437430    13.7904    -1.9170     -1.502     0.2714    -0.5140 -9.990e-29
 148.725561     -1.512   0.434682    13.7850    -1.9169     -1.499     0.2696    -0.5146 -9.990e-29
 148.725567     -1.510   0.432196    13.7786    -1.9169     -1.497     0.2681    -0.5149 -9.990e-29
 148.725573     -1.508   0.430535    13.7715    -1.9168     -1.495     0.2671    -0.5147 -9.990e-29
 148.725579     -1.507   0.429700    13.7656    -1.9168     -1.494     0.2666    -0.5143 -9.990e-29
 148.725584     -1.505   0.429133    13.7612    -1.9168     -1.492     0.2663    -0.5140 -9.990e-29
 148.725590     -1.504   0.428076    13.7576    -1.9168     -1.491     0.2656    -0.5140 -9.990e-29
 148.725596     -1.502   0.426227    13.7553    -1.9168     -1.489     0.2644    -0.5146 -9.990e-29
 148.725602     -1.500   0.423890    13.7544    -1.9167     -1.487     0.2630    -0.5156 -9.990e-29
 148.725608     -1.497   0.421271    13.7548    -1.9168     -1.485     0.2613    -0.5170 -9.990e-29
 148.725613     -1.494   0.418756    13.7561    -1.9169     -1.482     0.2597    -0.5184 -9.990e-29
 148.725619     -1.490   0.416870    13.7577    -1.9170     -1.478     0.2585    -0.5195 -9.990e-29
 148.725625     -1.486   0.415867    13.7590    -1.9170     -1.474     0.2578    -0.5202 -9.990e-29
 148.725631     -1.479   0.415517    13.7597    -1.9171     -1.467     0.2576    -0.5205 -9.990e-29
 148.725637     -1.472   0.414800    13.7603    -1.9171     -1.460     0.2571    -0.5209 -9.990e-29
 148.725642     -1.462   0.413314    13.7610    -1.9171     -1.450     0.2562    -0.5218 -9.990e-29
 148.725648     -1.453   0.411845    13.7616    -1.9172     -1.441     0.2552    -0.5226 -9.990e-29
 148.725654     -1.450   0.410650    13.7618    -1.9171     -1.438     0.2545    -0.5232 -9.990e-29
 148.725660     -1.447   0.409244    13.7612    -1.9174     -1.435     0.2536    -0.5238 -9.990e-29
 148.725666     -1.441   0.407413    13.7598    -1.9176     -1.429     0.2524    -0.5245 -9.990e-29
 148.725671     -1.431   0.405485    13.7584    -1.9178     -1.419     0.2512    -0.5253 -9.990e-29
 148.725677     -1.416   0.403659    13.7578    -1.9178     -1.404     0.2501    -0.5261 -9.990e-29
 148.725683     -1.395   0.401716    13.7576    -1.9178     -1.383     0.2488    -0.5270 -9.990e-29
 148.725689     -1.371   0.399834    13.7573    -1.9176     -1.360     0.2476    -0.5279 -9.990e-29
 148.725694     -1.351   0.398272    13.7564    -1.9175     -1.340     0.2466    -0.5286 -9.990e-29
 148.725700     -1.339   0.397161    13.7550    -1.9176     -1.328     0.2459    -0.5289 -9.990e-29
 148.725706     -1.333   0.396682    13.7529    -1.9177     -1.322     0.2456    -0.5288 -9.990e-29
 148.725712     -1.329   0.396748    13.7497    -1.9176     -1.318     0.2457    -0.5284 -9.990e-29
 148.725718     -1.322   0.396890    13.7460    -1.9178     -1.311     0.2458    -0.5278 -9.990e-29
 148.725723     -1.313   0.396189    13.7435    -1.9181     -1.302     0.2454    -0.5278 -9.990e-29
 148.725729     -1.299   0.394265    13.7429    -1.9182     -1.288     0.2442    -0.5286 -9.990e-29
 148.725735     -1.285   0.391872    13.7437    -1.9183     -1.274     0.2426    -0.5299 -9.990e-29
 148.725741     -1.274   0.390249    13.7452    -1.9183     -1.263     0.2416    -0.5309 -9.990e-29
 148.725747     -1.266   0.390001    13.7463    -1.9181     -1.255     0.2414    -0.5312 -9.990e-29
 148.725752     -1.259   0.390242    13.7463    -1.9180     -1.248     0.2416    -0.5311 -9.990e-29
 148.725758     -1.254   0.389631    13.7455    -1.9178     -1.244     0.2412    -0.5313 -9.990e-29
 148.725764     -1.250   0.387904    13.7438    -1.9177     -1.240     0.2401    -0.5319 -9.990e-29
 148.725770     -1.246   0.386081    13.7407    -1.9176     -1.236     0.2390    -0.5324 -9.990e-29
 148.725775     -1.244   0.385052    13.7370    -1.9176     -1.234     0.2384    -0.5324 -9.990e-29
 148.725781     -1.241   0.384552    13.7344    -1.9178     -1.231     0.2380    -0.5322 -9.990e-29
 148.725787     -1.239   0.383913    13.7333    -1.9178     -1.229     0.2377    -0.5324 -9.990e-29
 148.725793     -1.237   0.382835    13.7342    -1.9179     -1.227     0.2370    -0.5331 -9.990e-29
 148.725799     -1.235   0.381542    13.7367    -1.9178     -1.225     0.2361    -0.5340 -9.990e-29
 148.725804     -1.233   0.380525    13.7396    -1.9180     -1.223     0.2355    -0.5350 -9.990e-29
 148.725810     -1.230   0.380087    13.7425    -1.9181     -1.220     0.2352    -0.5356 -9.990e-29
 148.725816     -1.227   0.380198    13.7451    -1.9182     -1.217     0.2352    -0.5359 -9.990e-29
 148.725822     -1.224   0.380449    13.7467    -1.9183     -1.214     0.2354    -0.5360 -9.990e-29
 148.725828     -1.220   0.380067    13.7468    -1.9186     -1.210     0.2351    -0.5362 -9.990e-29
 148.725833     -1.214   0.378540    13.7459    -1.9189     -1.204     0.2342    -0.5368 -9.990e-29
 148.725839     -1.208   0.376602    13.7447    -1.9191     -1.198     0.2329    -0.5376 -9.990e-29
 148.725845     -1.199   0.375543    13.7434    -1.9192     -1.189     0.2323    -0.5379 -9.990e-29
 148.725851     -1.188   0.375611    13.7420    -1.9191     -1.178     0.2323    -0.5377 -9.990e-29
 148.725856     -1.173   0.376343    13.7400    -1.9190     -1.163     0.2328    -0.5371 -9.990e-29
 148.725862     -1.160   0.377051    13.7373    -1.9192     -1.150     0.2333    -0.5363 -9.990e-29
 148.725868     -1.154   0.377017    13.7342    -1.9193     -1.144     0.2333    -0.5359 -9.990e-29
 148.725874     -1.155   0.376193    13.7305    -1.9196     -1.145     0.2328    -0.5358 -9.990e-29
 148.725880     -1.156   0.375142    13.7258    -1.9195     -1.146     0.2321    -0.5357 -9.990e-29
 148.725885     -1.156   0.374122    13.7208    -1.9196     -1.146     0.2315    -0.5355 -9.990e-29
 148.725891     -1.159   0.372880    13.7169    -1.9196     -1.149     0.2307    -0.5355 -9.990e-29
 148.725897     -1.162   0.371420    13.7148    -1.9198     -1.152     0.2298    -0.5360 -9.990e-29
 148.725903     -1.159   0.370010    13.7141    -1.9200     -1.149     0.2289    -0.5366 -9.990e-29
 148.725909     -1.152   0.368982    13.7134    -1.9201     -1.142     0.2283    -0.5370 -9.990e-29
 148.725914     -1.140   0.368627    13.7114    -1.9203     -1.130     0.2281    -0.5369 -9.990e-29
 148.725920     -1.126   0.369024    13.7085    -1.9203     -1.117     0.2283    -0.5363 -9.990e-29
 148.725926     -1.113   0.370147    13.7060    -1.9205     -1.104     0.2291    -0.5353 -9.990e-29
 148.725932     -1.100   0.371278    13.7046    -1.9205     -1.091     0.2298    -0.5346 -9.990e-29
 148.725937     -1.088   0.371155    13.7037    -1.9205     -1.079     0.2297    -0.5345 -9.990e-29
 148.725943     -1.075   0.369611    13.7018    -1.9206     -1.066     0.2288    -0.5350 -9.990e-29
 148.725949     -1.064   0.367909    13.6985    -1.9207     -1.055     0.2277    -0.5354 -9.990e-29
 148.725955     -1.056   0.367101    13.6947    -1.9207     -1.047     0.2272    -0.5353 -9.990e-29
 148.725961     -1.044   0.367217    13.6913    -1.9209     -1.035     0.2273    -0.5347 -9.990e-29
 148.725966     -1.033   0.367857    13.6885    -1.9210     -1.024     0.2277    -0.5340 -9.990e-29
 148.725972     -1.026   0.368209    13.6863    -1.9211     -1.017     0.2280    -0.5335 -9.990e-29
 148.725978     -1.023   0.367635    13.6845    -1.9215     -1.014     0.2276    -0.5336 -9.990e-29
 148.725984     -1.024   0.366476    13.6831    -1.9216     -1.015     0.2269    -0.5339 -9.990e-29
 148.725990     -1.028   0.365401    13.6820    -1.9218     -1.019     0.2262    -0.5343 -9.990e-29
 148.725995     -1.032   0.364638    13.6806    -1.9219     -1.023     0.2257    -0.5345 -9.990e-29
 148.726001     -1.031   0.364275    13.6787    -1.9221     -1.022     0.2255    -0.5344 -9.990e-29
 148.726007     -1.030   0.364378    13.6761    -1.9223     -1.021     0.2256    -0.5340 -9.990e-29
 148.726013     -1.033   0.364532    13.6728    -1.9224     -1.024     0.2257    -0.5335 -9.990e-29
 148.726019     -1.035   0.364387    13.6691    -1.9224     -1.026     0.2256    -0.5330 -9.990e-29
 148.726024     -1.034   0.364302    13.6649    -1.9225     -1.025     0.2256    -0.5325 -9.990e-29
 148.726030     -1.028   0.364715    13.6603    -1.9224     -1.019     0.2259    -0.5316 -9.990e-29
 148.726036     -1.018   0.365069    13.6562    -1.9224     -1.010     0.2261    -0.5309 -9.990e-29
 148.726042     -1.006   0.364727    13.6525    -1.9225     -0.998     0.2259    -0.5305 -9.990e-29
 148.726047     -0.997   0.363786    13.6488    -1.9224     -0.989     0.2254    -0.5305 -9.990e-29
 148.726053     -0.990   0.362650    13.6450    -1.9225     -0.982     0.2247    -0.5305 -9.990e-29
 148.726059     -0.985   0.362019    13.6413    -1.9224     -0.977     0.2243    -0.5303 -9.990e-29
 148.726065     -0.981   0.362157    13.6386    -1.9222     -0.973     0.2244    -0.5299 -9.990e-29
 148.726071     -0.977   0.362695    13.6373    -1.9217     -0.969     0.2247    -0.5294 -9.990e-29
 148.726076     -0.974   0.363241    13.6369    -1.9211     -0.966     0.2251    -0.5291 -9.990e-29
 148.726082     -0.972   0.363414    13.6371    -1.9209     -0.964     0.2252    -0.5290 -9.990e-29
 148.726088     -0.969   0.362889    13.6372    -1.9207     -0.961     0.2248    -0.5293 -9.990e-29
 148.726094     -0.967   0.362073    13.6372    -1.9207     -0.959     0.2243    -0.5297 -9.990e-29
 148.726100     -0.965   0.361538    13.6377    -1.9206     -0.957     0.2240    -0.5300 -9.990e-29
 148.726105     -0.963   0.361124    13.6390    -1.9204     -0.955     0.2237    -0.5304 -9.990e-29
 148.726111     -0.961   0.360277    13.6418    -1.9201     -0.953     0.2232    -0.5312 -9.990e-29
 148.726117     -0.958   0.358972    13.6473    -1.9203     -0.950     0.2223    -0.5326 -9.990e-29
