data/oxygen options/OCNMS/OCNMS1/raw_data/2019/CAST_CE042_190930faedb.cnv
* Sea-Bird SBE 19 Data File:
* FileName = C:\2019 Mooring Data\Casts\CAST_CE042_190930.hex
* Software Version SeatermAF 2.1.2
* Temperature SN = 2997
* Conductivity SN = 2997
* System UpLoad Time = Oct 01 2019 17:01:21 (localtime) = Oct 01 2019 17:01:21 (UTC)
** CAST_CE042_190930
* ds
# nquan = 9
# nvalues = 43                          
# units = specified
# name 0 = timeJ: Julian Days
# name 1 = prSM: Pressure, Strain Gauge [db]
# name 2 = c0mS/cm: Conductivity [mS/cm]
# name 3 = t090C: Temperature [ITS-90, deg C]
# name 4 = sbeox0ML/L: Oxygen, SBE 43 [ml/l]
# name 5 = depSM: Depth [salt water, m], lat = 47.5
# name 6 = sal00: Salinity, Practical [PSU]
# name 7 = sigma-é00: Density [sigma-theta, kg/m^3]
# name 8 = flag: flag
# span 0 = 273.739064, 273.739834       
# span 1 =      3.000,     45.000       
# span 2 =  35.121067,  39.794879       
# span 3 =     8.4038,    15.4966       
# span 4 =     2.1626,     5.9031       
# span 5 =      2.975,     44.619       
# span 6 =    30.9873,    33.4548       
# span 7 =    22.8117,    26.0008       
# span 8 = 0.0000e+00, 0.0000e+00       
# interval = decibars: 1                
# start_time = Sep 30 2019 17:37:10 [Instrument's time stamp, header]
# bad_flag = -9.990e-29
*END*
 273.739064      3.000  38.766687    15.3220     5.8979      2.975    30.9873    22.8117 0.0000e+00
 273.739090      4.000  38.755841    15.3047     5.9031      3.966    30.9909    22.8183 0.0000e+00
 273.739112      5.000  38.751802    15.2987     5.8967      4.958    30.9916    22.8202 0.0000e+00
 273.739129      6.000  38.753378    15.2935     5.8908      5.950    30.9968    22.8253 0.0000e+00
 273.739146      7.000  38.746371    15.2806     5.8857      6.942    31.0004    22.8309 0.0000e+00
 273.739162      8.000  38.731545    15.2568     5.8596      7.933    31.0056    22.8400 0.0000e+00
 273.739177      9.000  38.723630    15.2418     5.8307      8.924    31.0100    22.8468 0.0000e+00
 273.739194     10.000  38.836328    15.2955     5.6931      9.916    31.0676    22.8795 0.0000e+00
 273.739209     11.000  39.105729    15.3965     5.5493     10.908    31.2270    22.9802 0.0000e+00
 273.739225     12.000  39.403478    15.4753     5.2531     11.900    31.4285    23.1181 0.0000e+00
 273.739241     13.000  39.603227    15.4966     5.0354     12.891    31.5887    23.2367 0.0000e+00
 273.739257     14.000  39.775981    15.3461     4.9998     13.883    31.8635    23.4809 0.0000e+00
 273.739273     15.000  39.794879    15.0587     4.9736     14.874    32.1144    23.7362 0.0000e+00
 273.739290     16.000  39.648668    14.8637     4.9123     15.866    32.1428    23.7999 0.0000e+00
 273.739310     17.000  39.533082    14.6781     4.8295     16.857    32.1912    23.8765 0.0000e+00
 273.739328     18.000  39.335755    14.3405     5.0124     17.849    32.2917    24.0250 0.0000e+00
 273.739345     19.000  38.999047    13.8736     4.9797     18.840    32.3733    24.1843 0.0000e+00
 273.739364     20.000  38.739219    13.5923     4.8076     19.832    32.3695    24.2386 0.0000e+00
 273.739384     21.000  38.413030    13.0818     4.6323     20.824    32.4983    24.4397 0.0000e+00
 273.739402     22.000  38.076555    12.7021     4.5245     21.815    32.5059    24.5198 0.0000e+00
 273.739420     23.000  37.946560    12.5273     4.3505     22.807    32.5326    24.5742 0.0000e+00
 273.739437     24.000  37.840861    12.3889     4.1374     23.798    32.5510    24.6150 0.0000e+00
 273.739452     25.000  37.715993    12.2231     3.8918     24.790    32.5748    24.6648 0.0000e+00
 273.739469     26.000  37.418842    11.8029     3.6344     25.781    32.6547    24.8052 0.0000e+00
 273.739488     27.000  36.859238    11.1041     3.4504     26.773    32.7239    24.9853 0.0000e+00
 273.739506     28.000  36.344135    10.4309     3.3844     27.764    32.8137    25.1726 0.0000e+00
 273.739522     29.000  36.128733    10.1278     3.3606     28.756    32.8705    25.2686 0.0000e+00
 273.739538     30.000  36.053844    10.0250     3.3695     29.748    32.8876    25.2992 0.0000e+00
 273.739556     31.000  36.014024     9.9828     3.1884     30.739    32.8852    25.3044 0.0000e+00
 273.739576     32.000  35.963067     9.8499     2.8283     31.731    32.9542    25.3803 0.0000e+00
 273.739594     33.000  35.697094     9.3963     2.6274     32.722    33.0983    25.5667 0.0000e+00
 273.739612     34.000  35.472934     9.0679     2.5571     33.713    33.1708    25.6757 0.0000e+00
 273.739631     35.000  35.378646     8.9159     2.5033     34.705    33.2141    25.7336 0.0000e+00
 273.739651     36.000  35.356301     8.8487     2.4001     35.697    33.2532    25.7747 0.0000e+00
 273.739668     37.000  35.296001     8.7255     2.3359     36.688    33.3053    25.8345 0.0000e+00
 273.739687     38.000  35.229690     8.6471     2.2783     37.679    33.3091    25.8495 0.0000e+00
 273.739706     39.000  35.190080     8.5304     2.2146     38.671    33.3771    25.9207 0.0000e+00
 273.739726     40.000  35.165855     8.4559     2.1852     39.662    33.4217    25.9670 0.0000e+00
 273.739745     41.000  35.152458     8.4206     2.1789     40.654    33.4405    25.9871 0.0000e+00
 273.739763     42.000  35.149582     8.4175     2.1746     41.645    33.4400    25.9872 0.0000e+00
 273.739781     43.000  35.121067     8.4217     2.1776     42.637    33.4053    25.9594 0.0000e+00
 273.739804     44.000  35.140696     8.4061     2.1637     43.628    33.4405    25.9893 0.0000e+00
 273.739834     45.000  35.152561     8.4038     2.1626     44.619    33.4548    26.0008 0.0000e+00
