data/oxygen options/OCNMS/OCNMS1/raw_data/2019/CAST_KL027_190805faed.cnv
* Sea-Bird SBE 19 Data File:
* FileName = C:\2019 Mooring Data\Casts\CAST_KL027_190805.hex
* Software Version SeatermAF 2.1.2
* Temperature SN = 2997
* Conductivity SN = 2997
* System UpLoad Time = Aug 05 2019 19:39:13 (localtime) = Aug 05 2019 19:39:13 (UTC)
** CAST_KL027_190805
* ds
# nquan = 9                                 
# nvalues = 1134                        
# units = specified
# name 0 = timeJ: Julian Days
# name 1 = prSM: Pressure, Strain Gauge [db]
# name 2 = c0mS/cm: Conductivity [mS/cm]
# name 3 = t090C: Temperature [ITS-90, deg C]
# name 4 = sbeox0ML/L: Oxygen, SBE 43 [ml/l]
# name 5 = depSM: Depth [salt water, m], lat = 47.5
# name 6 = sal00: Salinity, Practical [PSU]
# name 7 = sigma-é00: Density [sigma-theta, kg/m^3]
# name 8 = flag: flag
# span 0 = 217.773275, 217.779832       
# span 1 =     -5.206,     26.365       
# span 2 =   0.003900,  39.803433       
# span 3 =     8.1371,    16.3507       
# span 4 =    -1.8345,    11.8361       
# span 5 =     -5.163,     26.143       
# span 6 =     0.0091,    33.6082       
# span 7 =    -1.1051,    26.1597       
# span 8 = 0.0000e+00, 0.0000e+00       
# interval = seconds: 0.5
# start_time = Aug 05 2019 18:33:31 [Instrument's time stamp, header]
# bad_flag = -9.990e-29
*END*
 217.773275     -5.206 -9.990e-29    15.9367    -1.8330     -5.163 -9.990e-29 -9.990e-29 -9.990e-29
 217.773281     -5.185   0.003900    15.9424    -1.8329     -5.142     0.0091    -1.0394 -9.990e-29
 217.773287     -5.158   0.003900    15.9462    -1.8327     -5.115     0.0091    -1.0400 -9.990e-29
 217.773293     -5.127   0.003900    15.9470    -1.8326     -5.084     0.0091    -1.0401 -9.990e-29
 217.773299     -5.100   0.003900    15.9456    -1.8324     -5.057     0.0091    -1.0399 -9.990e-29
 217.773304     -5.078   0.003900    15.9423    -1.8322     -5.036     0.0091    -1.0393 -9.990e-29
 217.773310     -5.057   0.003900    15.9378    -1.8321     -5.015     0.0091    -1.0386 -9.990e-29
 217.773316     -5.030   0.003900    15.9342    -1.8322     -4.988     0.0091    -1.0380 -9.990e-29
 217.773322     -5.000   0.003901    15.9323    -1.8323     -4.958     0.0091    -1.0377 -9.990e-29
 217.773328     -4.970   0.003903    15.9319    -1.8325     -4.929     0.0091    -1.0377 -9.990e-29
 217.773333     -4.937   0.003908    15.9340    -1.8329     -4.896     0.0091    -1.0380 -9.990e-29
 217.773339     -4.900   0.003922    15.9382    -1.8328     -4.859     0.0091    -1.0387 -9.990e-29
 217.773345     -4.860   0.003963    15.9427    -1.8331     -4.819     0.0091    -1.0394 -9.990e-29
 217.773351     -4.823   0.004086    15.9468    -1.8325     -4.783     0.0092    -1.0400 -9.990e-29
 217.773356     -4.792   0.004455    15.9500    -1.8320     -4.752     0.0093    -1.0404 -9.990e-29
 217.773362     -4.764   0.005009    15.9511    -1.8315     -4.724     0.0095    -1.0404 -9.990e-29
 217.773368     -4.738   0.005379    15.9499    -1.8312     -4.699     0.0097    -1.0401 -9.990e-29
 217.773374     -4.711   0.005502    15.9471    -1.8310     -4.672     0.0097    -1.0396 -9.990e-29
 217.773380     -4.683   0.005543    15.9431    -1.8310     -4.644     0.0097    -1.0390 -9.990e-29
 217.773385     -4.651   0.005557    15.9394    -1.8313     -4.612     0.0097    -1.0384 -9.990e-29
 217.773391     -4.618   0.005561    15.9376    -1.8317     -4.580     0.0097    -1.0381 -9.990e-29
 217.773397     -4.585   0.005563    15.9398    -1.8319     -4.547     0.0097    -1.0384 -9.990e-29
 217.773403     -4.551   0.005564    15.9476    -1.8321     -4.513     0.0097    -1.0397 -9.990e-29
 217.773409     -4.518   0.005564    15.9585    -1.8321     -4.480     0.0097    -1.0414 -9.990e-29
 217.773414     -4.488   0.005565    15.9688    -1.8319     -4.451     0.0098    -1.0431 -9.990e-29
 217.773420     -4.459   0.005565    15.9765    -1.8315     -4.422     0.0098    -1.0444 -9.990e-29
 217.773426     -4.430   0.005565    15.9808    -1.8312     -4.393     0.0098    -1.0451 -9.990e-29
 217.773432     -4.398   0.005565    15.9807    -1.8312     -4.361     0.0098    -1.0450 -9.990e-29
 217.773438     -4.361   0.005565    15.9763    -1.8311     -4.325     0.0098    -1.0443 -9.990e-29
 217.773443     -4.322   0.005566    15.9701    -1.8313     -4.286     0.0098    -1.0433 -9.990e-29
 217.773449     -4.286   0.005566    15.9646    -1.8313     -4.250     0.0098    -1.0424 -9.990e-29
 217.773455     -4.255   0.005566    15.9616    -1.8312     -4.220     0.0097    -1.0419 -9.990e-29
 217.773461     -4.228   0.005566    15.9621    -1.8312     -4.193     0.0097    -1.0420 -9.990e-29
 217.773466     -4.203   0.005566    15.9661    -1.8311     -4.168     0.0098    -1.0427 -9.990e-29
 217.773472     -4.178   0.005567    15.9724    -1.8309     -4.143     0.0098    -1.0437 -9.990e-29
 217.773478     -4.152   0.005567    15.9780    -1.8309     -4.117     0.0098    -1.0446 -9.990e-29
 217.773484     -4.122   0.005567    15.9810    -1.8309     -4.088     0.0098    -1.0451 -9.990e-29
 217.773490     -4.092   0.005567    15.9820    -1.8310     -4.058     0.0098    -1.0452 -9.990e-29
 217.773495     -4.063   0.005567    15.9820    -1.8307     -4.029     0.0098    -1.0452 -9.990e-29
 217.773501     -4.034   0.005568    15.9821    -1.8302     -4.000     0.0098    -1.0453 -9.990e-29
 217.773507     -4.007   0.005568    15.9830    -1.8301     -3.974     0.0098    -1.0454 -9.990e-29
 217.773513     -3.985   0.005568    15.9845    -1.8299     -3.952     0.0098    -1.0456 -9.990e-29
 217.773519     -3.967   0.005568    15.9865    -1.8297     -3.934     0.0098    -1.0460 -9.990e-29
 217.773524     -3.951   0.005568    15.9890    -1.8298     -3.918     0.0098    -1.0464 -9.990e-29
 217.773530     -3.936   0.005569    15.9909    -1.8300     -3.903     0.0098    -1.0467 -9.990e-29
 217.773536     -3.921   0.005569    15.9920    -1.8305     -3.888     0.0098    -1.0469 -9.990e-29
 217.773542     -3.906   0.005569    15.9943    -1.8309     -3.873     0.0098    -1.0472 -9.990e-29
 217.773547     -3.889   0.005569    15.9997    -1.8312     -3.857     0.0098    -1.0481 -9.990e-29
 217.773553     -3.870   0.005569    16.0068    -1.8316     -3.838     0.0098    -1.0493 -9.990e-29
 217.773559     -3.847   0.005570    16.0127    -1.8321     -3.815     0.0098    -1.0502 -9.990e-29
 217.773565     -3.822   0.005570    16.0171    -1.8322     -3.790     0.0098    -1.0509 -9.990e-29
 217.773571     -3.800   0.005570    16.0195    -1.8323     -3.768     0.0098    -1.0513 -9.990e-29
 217.773576     -3.773   0.005570    16.0185    -1.8321     -3.742     0.0098    -1.0512 -9.990e-29
 217.773582     -3.740   0.005570    16.0131    -1.8319     -3.709     0.0098    -1.0503 -9.990e-29
 217.773588     -3.708   0.005571    16.0041    -1.8317     -3.677     0.0098    -1.0488 -9.990e-29
 217.773594     -3.679   0.005571    15.9941    -1.8315     -3.648     0.0098    -1.0472 -9.990e-29
 217.773600     -3.651   0.005571    15.9849    -1.8314     -3.621     0.0098    -1.0457 -9.990e-29
 217.773605     -3.623   0.005571    15.9760    -1.8316     -3.593     0.0098    -1.0443 -9.990e-29
 217.773611     -3.592   0.005571    15.9681    -1.8318     -3.562     0.0098    -1.0430 -9.990e-29
 217.773617     -3.560   0.005572    15.9633    -1.8325     -3.530     0.0098    -1.0422 -9.990e-29
 217.773623     -3.531   0.005572    15.9622    -1.8328     -3.502     0.0098    -1.0420 -9.990e-29
 217.773628     -3.502   0.005572    15.9642    -1.8330     -3.473     0.0098    -1.0423 -9.990e-29
 217.773634     -3.476   0.005572    15.9680    -1.8329     -3.447     0.0098    -1.0430 -9.990e-29
 217.773640     -3.455   0.005572    15.9724    -1.8331     -3.426     0.0098    -1.0437 -9.990e-29
 217.773646     -3.437   0.005573    15.9761    -1.8330     -3.408     0.0098    -1.0443 -9.990e-29
 217.773652     -3.423   0.005573    15.9770    -1.8327     -3.394     0.0098    -1.0444 -9.990e-29
 217.773657     -3.411   0.005573    15.9738    -1.8321     -3.383     0.0098    -1.0439 -9.990e-29
 217.773663     -3.399   0.005573    15.9665    -1.8315     -3.371     0.0098    -1.0427 -9.990e-29
 217.773669     -3.388   0.005573    15.9568    -1.8314     -3.360     0.0098    -1.0411 -9.990e-29
 217.773675     -3.377   0.005574    15.9485    -1.8315     -3.349     0.0097    -1.0398 -9.990e-29
 217.773681     -3.365   0.005574    15.9438    -1.8319     -3.337     0.0097    -1.0390 -9.990e-29
 217.773686     -3.351   0.005574    15.9417    -1.8320     -3.323     0.0097    -1.0387 -9.990e-29
 217.773692     -3.334   0.005574    15.9415    -1.8320     -3.306     0.0097    -1.0387 -9.990e-29
 217.773698     -3.314   0.005574    15.9447    -1.8321     -3.286     0.0097    -1.0392 -9.990e-29
 217.773704     -3.289   0.005575    15.9523    -1.8320     -3.262     0.0097    -1.0404 -9.990e-29
 217.773709     -3.261   0.005575    15.9628    -1.8319     -3.234     0.0098    -1.0421 -9.990e-29
 217.773715     -3.238   0.005575    15.9722    -1.8317     -3.211     0.0098    -1.0436 -9.990e-29
 217.773721     -3.217   0.005575    15.9769    -1.8315     -3.190     0.0098    -1.0444 -9.990e-29
 217.773727     -3.195   0.005575    15.9761    -1.8315     -3.168     0.0098    -1.0443 -9.990e-29
 217.773733     -3.172   0.005575    15.9724    -1.8316     -3.146     0.0098    -1.0437 -9.990e-29
 217.773738     -3.153   0.005575    15.9693    -1.8314     -3.127     0.0098    -1.0432 -9.990e-29
 217.773744     -3.135   0.005575    15.9680    -1.8314     -3.109     0.0098    -1.0430 -9.990e-29
 217.773750     -3.119   0.005574    15.9678    -1.8313     -3.093     0.0098    -1.0429 -9.990e-29
 217.773756     -3.102   0.005570    15.9689    -1.8312     -3.076     0.0098    -1.0431 -9.990e-29
 217.773762     -3.083   0.005558    15.9713    -1.8310     -3.057     0.0098    -1.0435 -9.990e-29
 217.773767     -3.062   0.005522    15.9747    -1.8309     -3.036     0.0097    -1.0441 -9.990e-29
 217.773773     -3.037   0.005412    15.9783    -1.8308     -3.012     0.0097    -1.0447 -9.990e-29
 217.773779     -3.007   0.005083    15.9807    -1.8307     -2.982     0.0096    -1.0452 -9.990e-29
 217.773785     -2.973   0.004650    15.9820    -1.8305     -2.948     0.0094    -1.0455 -9.990e-29
 217.773791     -2.943   0.004641    15.9835    -1.8303     -2.918     0.0094    -1.0458 -9.990e-29
 217.773796     -2.919   0.005045    15.9853    -1.8298     -2.895     0.0095    -1.0459 -9.990e-29
 217.773802     -2.899   0.005291    15.9875    -1.8298     -2.875     0.0096    -1.0462 -9.990e-29
 217.773808     -2.881   0.005153    15.9906    -1.8296     -2.857     0.0096    -1.0467 -9.990e-29
 217.773814     -2.865   0.005002    15.9943    -1.8293     -2.841     0.0095    -1.0474 -9.990e-29
 217.773819     -2.850   0.005189    15.9980    -1.8292     -2.826     0.0096    -1.0479 -9.990e-29
 217.773825     -2.834   0.005412    16.0017    -1.8290     -2.810     0.0097    -1.0485 -9.990e-29
 217.773831     -2.818   0.005413    16.0057    -1.8287     -2.795     0.0097    -1.0491 -9.990e-29
 217.773837     -2.799   0.005194    16.0108    -1.8282     -2.776     0.0096    -1.0500 -9.990e-29
 217.773843     -2.777   0.005016    16.0176    -1.8281     -2.754     0.0095    -1.0512 -9.990e-29
 217.773848     -2.754   0.005195    16.0244    -1.8278     -2.731     0.0096    -1.0522 -9.990e-29
 217.773854     -2.733   0.005415    16.0299    -1.8276     -2.710     0.0097    -1.0530 -9.990e-29
 217.773860     -2.713   0.005415    16.0350    -1.8274     -2.690     0.0097    -1.0539 -9.990e-29
 217.773866     -2.697   0.005197    16.0404    -1.8271     -2.675     0.0096    -1.0548 -9.990e-29
 217.773872     -2.683   0.005022    16.0461    -1.8269     -2.661     0.0096    -1.0558 -9.990e-29
 217.773877     -2.668   0.005210    16.0526    -1.8269     -2.646     0.0096    -1.0568 -9.990e-29
 217.773883     -2.654   0.005457    16.0602    -1.8267     -2.632     0.0097    -1.0580 -9.990e-29
 217.773889     -2.643   0.005539    16.0680    -1.8268     -2.621     0.0098    -1.0592 -9.990e-29
 217.773895     -2.633   0.005566    16.0752    -1.8270     -2.611     0.0098    -1.0604 -9.990e-29
 217.773900     -2.617   0.005572    16.0818    -1.8271     -2.595     0.0098    -1.0614 -9.990e-29
 217.773906     -2.598   0.005566    16.0879    -1.8270     -2.576     0.0098    -1.0624 -9.990e-29
 217.773912     -2.581   0.005539    16.0941    -1.8272     -2.559     0.0098    -1.0635 -9.990e-29
 217.773918     -2.563   0.005457    16.1001    -1.8276     -2.542     0.0098    -1.0645 -9.990e-29
 217.773924     -2.544   0.005208    16.1049    -1.8278     -2.523     0.0097    -1.0653 -9.990e-29
 217.773929     -2.523   0.005013    16.1080    -1.8280     -2.502     0.0096    -1.0659 -9.990e-29
 217.773935     -2.502   0.005166    16.1094    -1.8285     -2.481     0.0096    -1.0661 -9.990e-29
 217.773941     -2.484   0.005317    16.1087    -1.8290     -2.463     0.0097    -1.0659 -9.990e-29
 217.773947     -2.469   0.005113    16.1062    -1.8295     -2.448     0.0096    -1.0656 -9.990e-29
 217.773953     -2.459   0.004836    16.1038    -1.8300     -2.438     0.0095    -1.0653 -9.990e-29
 217.773958     -2.454   0.004670    16.1013    -1.8302     -2.434     0.0094    -1.0649 -9.990e-29
 217.773964     -2.445   0.004393    16.0966    -1.8307     -2.425     0.0093    -1.0642 -9.990e-29
 217.773970     -2.427   0.004192    16.0899    -1.8313     -2.407     0.0093    -1.0632 -9.990e-29
 217.773976     -2.404   0.004349    16.0826    -1.8317     -2.384     0.0093    -1.0619 -9.990e-29
 217.773981     -2.382   0.004520    16.0742    -1.8322     -2.362     0.0094    -1.0605 -9.990e-29
 217.773987     -2.364   0.004381    16.0634    -1.8328     -2.344     0.0093    -1.0588 -9.990e-29
 217.773993     -2.349   0.004299    16.0512    -1.8331     -2.329     0.0093    -1.0568 -9.990e-29
 217.773999     -2.337   0.004534    16.0391    -1.8334     -2.318     0.0094    -1.0548 -9.990e-29
 217.774005     -2.326   0.004844    16.0279    -1.8336     -2.307     0.0095    -1.0529 -9.990e-29
 217.774010     -2.315   0.004906    16.0173    -1.8337     -2.296     0.0095    -1.0511 -9.990e-29
 217.774016     -2.305   0.004801    16.0055    -1.8337     -2.286     0.0095    -1.0493 -9.990e-29
 217.774022     -2.294   0.004757    15.9924    -1.8336     -2.275     0.0094    -1.0471 -9.990e-29
 217.774028     -2.282   0.004715    15.9794    -1.8335     -2.263     0.0094    -1.0451 -9.990e-29
 217.774034     -2.267   0.004619    15.9669    -1.8335     -2.248     0.0094    -1.0431 -9.990e-29
 217.774039     -2.250   0.004341    15.9553    -1.8338     -2.231     0.0093    -1.0413 -9.990e-29
 217.774045     -2.233   0.004063    15.9453    -1.8341     -2.214     0.0092    -1.0397 -9.990e-29
 217.774051     -2.219   0.003971    15.9373    -1.8344     -2.200     0.0091    -1.0385 -9.990e-29
 217.774057     -2.203   0.003941    15.9321    -1.8345     -2.185     0.0091    -1.0376 -9.990e-29
 217.774063     -2.180   0.003931    15.9300    -1.8343     -2.162     0.0091    -1.0373 -9.990e-29
 217.774068     -2.152   0.003927    15.9298    -1.8341     -2.134     0.0091    -1.0373 -9.990e-29
 217.774074     -2.128   0.003926    15.9307    -1.8338     -2.110     0.0091    -1.0374 -9.990e-29
 217.774080     -2.108   0.003926    15.9314    -1.8336     -2.090     0.0091    -1.0375 -9.990e-29
 217.774086     -2.093   0.003927    15.9298    -1.8335     -2.076     0.0091    -1.0373 -9.990e-29
 217.774091     -2.080   0.003929    15.9249    -1.8334     -2.063     0.0091    -1.0365 -9.990e-29
 217.774097     -2.070   0.003932    15.9185    -1.8330     -2.053     0.0091    -1.0354 -9.990e-29
 217.774103     -2.061   0.003941    15.9135    -1.8329     -2.044     0.0091    -1.0346 -9.990e-29
 217.774109     -2.054   0.003968    15.9122    -1.8328     -2.037     0.0091    -1.0344 -9.990e-29
 217.774115     -2.047   0.004051    15.9148    -1.8328     -2.030     0.0091    -1.0348 -9.990e-29
 217.774120     -2.040   0.004297    15.9196    -1.8328     -2.023     0.0092    -1.0355 -9.990e-29
 217.774126     -2.033   0.004482    15.9249    -1.8326     -2.016     0.0093    -1.0363 -9.990e-29
 217.774132     -2.024   0.004297    15.9297    -1.8323     -2.007     0.0092    -1.0371 -9.990e-29
 217.774138     -2.015   0.004051    15.9344    -1.8321     -1.998     0.0091    -1.0380 -9.990e-29
 217.774144     -2.004   0.003970    15.9397    -1.8319     -1.987     0.0091    -1.0388 -9.990e-29
 217.774149     -1.994   0.003943    15.9451    -1.8316     -1.977     0.0091    -1.0397 -9.990e-29
 217.774155     -1.989   0.003934    15.9492    -1.8315     -1.972     0.0091    -1.0404 -9.990e-29
 217.774161     -1.986   0.003931    15.9515    -1.8312     -1.969     0.0091    -1.0408 -9.990e-29
 217.774167     -1.978   0.003930    15.9531    -1.8309     -1.962     0.0091    -1.0410 -9.990e-29
 217.774172     -1.967   0.003930    15.9557    -1.8306     -1.951     0.0091    -1.0414 -9.990e-29
 217.774178     -1.950   0.003930    15.9603    -1.8302     -1.934     0.0091    -1.0422 -9.990e-29
 217.774184     -1.928   0.003930    15.9665    -1.8300     -1.912     0.0091    -1.0432 -9.990e-29
 217.774190     -1.902   0.003930    15.9728    -1.8301     -1.886     0.0091    -1.0442 -9.990e-29
 217.774196     -1.880   0.003930    15.9787    -1.8300     -1.864     0.0091    -1.0452 -9.990e-29
