data/oxygen options/OCNMS/OCNMS1/raw_data/2019/CAST_KL027_190828faedb.cnv
* Sea-Bird SBE 19 Data File:
* FileName = C:\2019 Mooring Data\Casts\CAST_KL027_190828.hex
* Software Version SeatermAF 2.1.2
* Temperature SN = 2997
* Conductivity SN = 2997
* System UpLoad Time = Aug 28 2019 23:39:52 (localtime) = Aug 28 2019 23:39:52 (UTC)
** CAST_KL027_190828
* ds
# nquan = 9
# nvalues = 27                          
# units = specified
# name 0 = timeJ: Julian Days
# name 1 = prSM: Pressure, Strain Gauge [db]
# name 2 = c0mS/cm: Conductivity [mS/cm]
# name 3 = t090C: Temperature [ITS-90, deg C]
# name 4 = sbeox0ML/L: Oxygen, SBE 43 [ml/l]
# name 5 = depSM: Depth [salt water, m], lat = 47.5
# name 6 = sal00: Salinity, Practical [PSU]
# name 7 = sigma-é00: Density [sigma-theta, kg/m^3]
# name 8 = flag: flag
# span 0 = 240.951802, 240.952427       
# span 1 =      2.000,     28.000       
# span 2 =  34.797365,  41.428291       
# span 3 =     7.7793,    15.9047       
# span 4 =     1.5336,     6.5528       
# span 5 =      1.984,     27.764       
# span 6 =    32.6269,    33.6838       
# span 7 =    24.1419,    26.2717       
# span 8 = 0.0000e+00, 0.0000e+00       
# interval = decibars: 1                
# start_time = Aug 28 2019 22:45:14 [Instrument's time stamp, header]
# bad_flag = -9.990e-29
*END*
 240.951802      2.000  41.428291    15.9047     6.4909      1.984    32.8812    24.1419 0.0000e+00
 240.951831      3.000  39.888972    14.4790     6.5528      2.975    32.6875    24.3010 0.0000e+00
 240.951857      4.000  39.488853    14.0683     6.4902      3.967    32.6668    24.3706 0.0000e+00
 240.951882      5.000  39.277039    13.7828     6.4339      4.958    32.7133    24.4651 0.0000e+00
 240.951906      6.000  38.929164    13.4615     6.3399      5.950    32.6635    24.4917 0.0000e+00
 240.951931      7.000  38.411703    12.9374     6.1383      6.941    32.6269    24.5673 0.0000e+00
 240.951956      8.000  38.077201    12.4675     5.8170      7.933    32.7155    24.7270 0.0000e+00
 240.951978      9.000  37.954771    12.2615     4.8431      8.925    32.7776    24.8144 0.0000e+00
 240.951999     10.000  37.588312    11.7499     3.7549      9.916    32.8730    24.9838 0.0000e+00
 240.952020     11.000  36.629095    10.6460     3.8932     10.908    32.9118    25.2110 0.0000e+00
 240.952045     12.000  36.263370    10.1748     3.6421     11.899    32.9715    25.3391 0.0000e+00
 240.952067     13.000  35.881263     9.7096     3.3828     12.891    33.0076    25.4447 0.0000e+00
 240.952088     14.000  35.688547     9.3858     3.2369     13.883    33.1082    25.5758 0.0000e+00
 240.952111     15.000  35.369342     8.9316     3.0976     14.874    33.1989    25.7188 0.0000e+00
 240.952137     16.000  35.196830     8.6887     2.6407     15.866    33.2455    25.7930 0.0000e+00
 240.952160     17.000  35.057917     8.4084     2.0665     16.858    33.3634    25.9281 0.0000e+00
 240.952183     18.000  34.930997     8.1530     1.7400     17.849    33.4712    26.0509 0.0000e+00
 240.952205     19.000  34.829491     7.8992     1.6561     18.841    33.6055    26.1937 0.0000e+00
 240.952228     20.000  34.826805     7.8428     1.5693     19.832    33.6565    26.2421 0.0000e+00
 240.952250     21.000  34.807527     7.8103     1.5415     20.824    33.6667    26.2548 0.0000e+00
 240.952272     22.000  34.805418     7.8031     1.5415     21.815    33.6709    26.2592 0.0000e+00
 240.952295     23.000  34.814172     7.8054     1.5531     22.807    33.6776    26.2641 0.0000e+00
 240.952322     24.000  34.804563     7.7878     1.5487     23.799    33.6838    26.2715 0.0000e+00
 240.952347     25.000  34.801530     7.7876     1.5389     24.790    33.6803    26.2688 0.0000e+00
 240.952369     26.000  34.800589     7.7874     1.5386     25.781    33.6790    26.2678 0.0000e+00
 240.952393     27.000  34.806610     7.7927     1.5427     26.773    33.6798    26.2677 0.0000e+00
 240.952427     28.000  34.797365     7.7793     1.5336     27.764    33.6824    26.2717 0.0000e+00
