data/oxygen options/OCNMS/OCNMS1/raw_data/2019/CAST_KL027_190805faed.cnv
* Sea-Bird SBE 19 Data File:
* FileName = C:\2019 Mooring Data\Casts\CAST_KL027_190805.hex
* Software Version SeatermAF 2.1.2
* Temperature SN = 2997
* Conductivity SN = 2997
* System UpLoad Time = Aug 05 2019 19:39:13 (localtime) = Aug 05 2019 19:39:13 (UTC)
** CAST_KL027_190805
* ds
# nquan = 9                                 
# nvalues = 1134                        
# units = specified
# name 0 = timeJ: Julian Days
# name 1 = prSM: Pressure, Strain Gauge [db]
# name 2 = c0mS/cm: Conductivity [mS/cm]
# name 3 = t090C: Temperature [ITS-90, deg C]
# name 4 = sbeox0ML/L: Oxygen, SBE 43 [ml/l]
# name 5 = depSM: Depth [salt water, m], lat = 47.5
# name 6 = sal00: Salinity, Practical [PSU]
# name 7 = sigma-é00: Density [sigma-theta, kg/m^3]
# name 8 = flag: flag
# span 0 = 217.773275, 217.779832       
# span 1 =     -5.206,     26.365       
# span 2 =   0.003900,  39.803433       
# span 3 =     8.1371,    16.3507       
# span 4 =    -1.8345,    11.8361       
# span 5 =     -5.163,     26.143       
# span 6 =     0.0091,    33.6082       
# span 7 =    -1.1051,    26.1597       
# span 8 = 0.0000e+00, 0.0000e+00       
# interval = seconds: 0.5
# start_time = Aug 05 2019 18:33:31 [Instrument's time stamp, header]
# bad_flag = -9.990e-29
*END*
[from data line 641]
 217.776985      1.039  39.710367    15.1256     6.3413      1.030    31.9891    23.6249 -9.990e-29
 217.776991      1.040  39.713666    15.1283     6.3424      1.031    31.9899    23.6249 -9.990e-29
 217.776997      1.031  39.717725    15.1326     6.3177      1.022    31.9900    23.6240 -9.990e-29
 217.777002      1.017  39.720214    15.1362     6.3206      1.009    31.9893    23.6227 -9.990e-29
 217.777008      1.005  39.720635    15.1388     6.3279      0.997    31.9876    23.6208 -9.990e-29
 217.777014      0.998  39.721330    15.1416     6.3450      0.990    31.9859    23.6189 -9.990e-29
 217.777020      0.996  39.723889    15.1439     6.3554      0.988    31.9863    23.6188 -9.990e-29
 217.777025      0.999  39.726222    15.1442     6.3473      0.991    31.9882    23.6201 -9.990e-29
 217.777031      1.007  39.725380    15.1432     6.3472      0.999    31.9882    23.6204 -9.990e-29
 217.777037      1.016  39.722021    15.1423     6.3507      1.008    31.9859    23.6188 -9.990e-29
 217.777043      1.023  39.719049    15.1419     6.3593      1.014    31.9836    23.6171 -9.990e-29
 217.777049      1.032  39.718763    15.1425     6.3548      1.023    31.9829    23.6164 -9.990e-29
 217.777054      1.044  39.722000    15.1440     6.3435      1.035    31.9845    23.6174 -9.990e-29
 217.777060      1.051  39.726457    15.1454     6.3319      1.042    31.9874    23.6193 -9.990e-29
 217.777066      1.049  39.728656    15.1467     6.3350      1.040    31.9883    23.6197 -9.990e-29
 217.777072      1.043  39.727708    15.1480     6.3400      1.034    31.9864    23.6179 -9.990e-29
 217.777078      1.041  39.723569    15.1483     6.3437      1.032    31.9824    23.6148 -9.990e-29
 217.777083      1.046  39.713622    15.1461     6.3451      1.037    31.9753    23.6098 -9.990e-29
 217.777089      1.059  39.700948    15.1424     6.3368      1.050    31.9669    23.6042 -9.990e-29
 217.777095      1.077  39.695074    15.1414     6.3352      1.068    31.9625    23.6010 -9.990e-29
 217.777101      1.088  39.695547    15.1442     6.3348      1.079    31.9606    23.5989 -9.990e-29
 217.777106      1.084  39.696936    15.1477     6.3361      1.075    31.9590    23.5969 -9.990e-29
 217.777112      1.073  39.700071    15.1499     6.3385      1.064    31.9600    23.5972 -9.990e-29
 217.777118      1.068  39.708116    15.1509     6.3334      1.059    31.9664    23.6020 -9.990e-29
 217.777124      1.072  39.720137    15.1513     6.3440      1.063    31.9769    23.6099 -9.990e-29
 217.777130      1.082  39.728742    15.1518     6.3517      1.073    31.9842    23.6154 -9.990e-29
 217.777135      1.089  39.729822    15.1526     6.3419      1.080    31.9845    23.6155 -9.990e-29
 217.777141      1.090  39.726597    15.1538     6.3390      1.081    31.9806    23.6123 -9.990e-29
 217.777147      1.085  39.723267    15.1554     6.3457      1.076    31.9763    23.6086 -9.990e-29
 217.777153      1.073  39.722216    15.1565     6.3483      1.064    31.9745    23.6070 -9.990e-29
 217.777159      1.058  39.722703    15.1562     6.3465      1.049    31.9752    23.6076 -9.990e-29
 217.777164      1.048  39.722676    15.1542     6.3425      1.039    31.9768    23.6092 -9.990e-29
 217.777170      1.046  39.722762    15.1520     6.3264      1.037    31.9787    23.6111 -9.990e-29
 217.777176      1.047  39.723738    15.1516     6.3254      1.038    31.9799    23.6122 -9.990e-29
 217.777182      1.044  39.724202    15.1531     6.3338      1.035    31.9791    23.6112 -9.990e-29
 217.777188      1.037  39.724312    15.1547     6.3256      1.028    31.9779    23.6099 -9.990e-29
 217.777193      1.032  39.725435    15.1550     6.3214      1.023    31.9786    23.6105 -9.990e-29
 217.777199      1.034  39.728610    15.1544     6.3309      1.025    31.9820    23.6132 -9.990e-29
 217.777205      1.040  39.732012    15.1548     6.3275      1.031    31.9847    23.6152 -9.990e-29
 217.777211      1.040  39.731878    15.1572     6.3321      1.031    31.9826    23.6131 -9.990e-29
 217.777216      1.036  39.729249    15.1603     6.3376      1.027    31.9777    23.6086 -9.990e-29
 217.777222      1.039  39.726318    15.1629     6.3236      1.030    31.9730    23.6044 -9.990e-29
 217.777228      1.057  39.722641    15.1644     6.3291      1.048    31.9684    23.6006 -9.990e-29
 217.777234      1.085  39.718457    15.1647     6.3293      1.076    31.9644    23.5974 -9.990e-29
 217.777240      1.106  39.715570    15.1646     6.3165      1.097    31.9619    23.5955 -9.990e-29
 217.777245      1.109  39.715269    15.1652     6.3243      1.100    31.9612    23.5948 -9.990e-29
 217.777251      1.099  39.716131    15.1665     6.3184      1.090    31.9609    23.5943 -9.990e-29
 217.777257      1.091  39.715487    15.1681     6.3189      1.082    31.9590    23.5925 -9.990e-29
 217.777263      1.094  39.712579    15.1701     6.3342      1.085    31.9548    23.5888 -9.990e-29
 217.777269      1.105  39.709233    15.1720     6.3351      1.096    31.9502    23.5849 -9.990e-29
 217.777274      1.114  39.707807    15.1727     6.3607      1.105    31.9483    23.5833 -9.990e-29
 217.777280      1.114  39.708740    15.1719     6.3576      1.105    31.9498    23.5847 -9.990e-29
 217.777286      1.105  39.711137    15.1704     6.3580      1.096    31.9532    23.5876 -9.990e-29
 217.777292      1.100  39.714934    15.1683     6.3500      1.091    31.9583    23.5920 -9.990e-29
 217.777297      1.105  39.721936    15.1656     6.3404      1.096    31.9668    23.5991 -9.990e-29
 217.777303      1.119  39.730380    15.1636     6.3483      1.110    31.9760    23.6066 -9.990e-29
 217.777309      1.132  39.732584    15.1633     6.3420      1.123    31.9782    23.6084 -9.990e-29
 217.777315      1.142  39.729903    15.1640     6.3480      1.132    31.9752    23.6059 -9.990e-29
 217.777321      1.149  39.729504    15.1652     6.3406      1.139    31.9739    23.6046 -9.990e-29
 217.777326      1.153  39.729834    15.1661     6.3404      1.143    31.9735    23.6041 -9.990e-29
 217.777332      1.155  39.728634    15.1664     6.3492      1.145    31.9721    23.6030 -9.990e-29
 217.777338      1.155  39.724967    15.1657     6.3437      1.145    31.9694    23.6011 -9.990e-29
 217.777344      1.153  39.716842    15.1629     6.3502      1.143    31.9644    23.5978 -9.990e-29
 217.777350      1.148  39.705286    15.1584     6.3374      1.138    31.9577    23.5936 -9.990e-29
 217.777355      1.142  39.697954    15.1549     6.3397      1.132    31.9540    23.5915 -9.990e-29
 217.777361      1.132  39.699731    15.1553     6.3372      1.123    31.9553    23.5924 -9.990e-29
 217.777367      1.119  39.704684    15.1586     6.3361      1.110    31.9570    23.5931 -9.990e-29
 217.777373      1.105  39.708318    15.1600     6.3278      1.096    31.9592    23.5944 -9.990e-29
 217.777378      1.099  39.712217    15.1567     6.3180      1.090    31.9654    23.5999 -9.990e-29
 217.777384      1.105  39.711604    15.1504     6.3185      1.096    31.9700    23.6048 -9.990e-29
 217.777390      1.118  39.701842    15.1463     6.3204      1.109    31.9645    23.6015 -9.990e-29
 217.777396      1.126  39.694094    15.1474     6.3280      1.117    31.9567    23.5952 -9.990e-29
 217.777402      1.122  39.693809    15.1511     6.3297      1.113    31.9534    23.5919 -9.990e-29
 217.777407      1.114  39.693985    15.1531     6.3289      1.105    31.9519    23.5903 -9.990e-29
 217.777413      1.114  39.691597    15.1521     6.3282      1.105    31.9506    23.5895 -9.990e-29
 217.777419      1.122  39.687484    15.1505     6.3391      1.113    31.9482    23.5880 -9.990e-29
 217.777425      1.131  39.684663    15.1500     6.3360      1.122    31.9461    23.5865 -9.990e-29
 217.777431      1.135  39.685633    15.1514     6.3466      1.126    31.9458    23.5860 -9.990e-29
 217.777436      1.136  39.688984    15.1535     6.3319      1.127    31.9471    23.5865 -9.990e-29
 217.777442      1.139  39.692005    15.1542     6.3088      1.129    31.9493    23.5880 -9.990e-29
 217.777448      1.146  39.694348    15.1533     6.2992      1.136    31.9521    23.5904 -9.990e-29
 217.777454      1.155  39.693636    15.1534     6.3312      1.145    31.9514    23.5898 -9.990e-29
 217.777459      1.158  39.691260    15.1554     6.3610      1.148    31.9476    23.5865 -9.990e-29
 217.777465      1.151  39.694791    15.1584     6.3898      1.141    31.9483    23.5864 -9.990e-29
 217.777471      1.136  39.702116    15.1608     6.3811      1.127    31.9529    23.5894 -9.990e-29
 217.777477      1.123  39.707358    15.1589     6.3689      1.114    31.9592    23.5947 -9.990e-29
 217.777483      1.118  39.707786    15.1483     6.3585      1.109    31.9682    23.6039 -9.990e-29
 217.777488      1.122  39.708397    15.1344     6.3613      1.113    31.9801    23.6161 -9.990e-29
 217.777494      1.130  39.714789    15.1276     6.3491      1.121    31.9914    23.6262 -9.990e-29
 217.777500      1.142  39.715246    15.1290     6.3442      1.132    31.9907    23.6253 -9.990e-29
 217.777506      1.157  39.704702    15.1316     6.3544      1.147    31.9791    23.6159 -9.990e-29
 217.777512      1.169  39.693660    15.1307     6.4087      1.159    31.9699    23.6090 -9.990e-29
 217.777517      1.175  39.689164    15.1304     6.4425      1.165    31.9661    23.6061 -9.990e-29
 217.777523      1.168  39.690746    15.1349     6.4619      1.158    31.9639    23.6034 -9.990e-29
 217.777529      1.152  39.693721    15.1382     6.4452      1.142    31.9638    23.6027 -9.990e-29
 217.777535      1.141  39.697503    15.1315     6.4206      1.131    31.9727    23.6110 -9.990e-29
 217.777541      1.144  39.716023    15.1160     6.4107      1.134    32.0020    23.6369 -9.990e-29
 217.777546      1.158  39.750381    15.1025     6.4340      1.148    32.0439    23.6720 -9.990e-29
 217.777552      1.169  39.771270    15.0984     6.4594      1.159    32.0660    23.6899 -9.990e-29
 217.777558      1.167  39.767263    15.1021     6.4787      1.157    32.0594    23.6840 -9.990e-29
 217.777564      1.150  39.754220    15.1069     6.4595      1.140    32.0438    23.6710 -9.990e-29
 217.777569      1.131  39.747158    15.1068     6.4253      1.122    32.0375    23.6662 -9.990e-29
 217.777575      1.121  39.754509    15.1019     6.4116      1.112    32.0481    23.6754 -9.990e-29
 217.777581      1.124  39.771441    15.0969     6.4260      1.115    32.0674    23.6913 -9.990e-29
 217.777587      1.136  39.784618    15.0954     6.4756      1.127    32.0805    23.7017 -9.990e-29
 217.777593      1.144  39.786331    15.0972     6.4946      1.134    32.0806    23.7014 -9.990e-29
 217.777598      1.140  39.775989    15.1005     6.5024      1.130    32.0686    23.6914 -9.990e-29
 217.777604      1.134  39.760448    15.1028     6.4744      1.125    32.0527    23.6787 -9.990e-29
 217.777610      1.137  39.750834    15.1012     6.4499      1.128    32.0454    23.6735 -9.990e-29
 217.777616      1.150  39.755534    15.0951     6.4147      1.140    32.0546    23.6819 -9.990e-29
 217.777622      1.164  39.771223    15.0889     6.4068      1.154    32.0738    23.6980 -9.990e-29
 217.777627      1.173  39.781224    15.0876     6.4168      1.163    32.0838    23.7060 -9.990e-29
 217.777633      1.168  39.777512    15.0907     6.4187      1.158    32.0780    23.7008 -9.990e-29
 217.777639      1.153  39.763462    15.0951     6.4272      1.143    32.0617    23.6873 -9.990e-29
 217.777645      1.145  39.743788    15.0983     6.4147      1.135    32.0414    23.6710 -9.990e-29
 217.777650      1.151  39.730828    15.1001     6.4030      1.141    32.0283    23.6605 -9.990e-29
 217.777656      1.167  39.735231    15.1013     6.3800      1.157    32.0313    23.6626 -9.990e-29
 217.777662      1.182  39.744874    15.1017     6.3899      1.172    32.0396    23.6689 -9.990e-29
 217.777668      1.188  39.743978    15.1011     6.4106      1.178    32.0393    23.6688 -9.990e-29
 217.777674      1.189  39.740232    15.0997     6.4291      1.179    32.0371    23.6674 -9.990e-29
 217.777679      1.191  39.743130    15.0981     6.4604      1.181    32.0410    23.6707 -9.990e-29
 217.777685      1.192  39.745261    15.0974     6.4565      1.182    32.0435    23.6728 -9.990e-29
 217.777691      1.194  39.743792    15.0974     6.4691      1.184    32.0422    23.6718 -9.990e-29
 217.777697      1.197  39.751811    15.0963     6.4474      1.187    32.0503    23.6783 -9.990e-29
 217.777703      1.200  39.770414    15.0935     6.4357      1.190    32.0693    23.6935 -9.990e-29
 217.777708      1.203  39.783448    15.0911     6.4271      1.193    32.0830    23.7045 -9.990e-29
 217.777714      1.208  39.784137    15.0901     6.4339      1.198    32.0844    23.7059 -9.990e-29
 217.777720      1.214  39.778367    15.0902     6.4543      1.204    32.0791    23.7018 -9.990e-29
 217.777726      1.222  39.772370    15.0910     6.4635      1.212    32.0731    23.6970 -9.990e-29
 217.777731      1.228  39.767035    15.0922     6.4646      1.218    32.0673    23.6923 -9.990e-29
 217.777737      1.227  39.761894    15.0927     6.4454      1.217    32.0623    23.6883 -9.990e-29
 217.777743      1.225  39.763460    15.0914     6.4433      1.215    32.0647    23.6905 -9.990e-29
 217.777749      1.225  39.771506    15.0892     6.4361      1.215    32.0738    23.6979 -9.990e-29
 217.777755      1.227  39.778206    15.0880     6.4369      1.217    32.0808    23.7035 -9.990e-29
 217.777760      1.228  39.780659    15.0884     6.4601      1.218    32.0826    23.7049 -9.990e-29
 217.777766      1.223  39.774220    15.0898     6.4680      1.213    32.0757    23.6993 -9.990e-29
 217.777772      1.215  39.763108    15.0906     6.4781      1.205    32.0651    23.6909 -9.990e-29
 217.777778      1.210  39.759316    15.0898     6.4704      1.200    32.0623    23.6889 -9.990e-29
 217.777784      1.205  39.764435    15.0887     6.4423      1.195    32.0678    23.6934 -9.990e-29
 217.777789      1.202  39.772896    15.0882     6.4331      1.192    32.0758    23.6997 -9.990e-29
 217.777795      1.200  39.781345    15.0885     6.4096      1.190    32.0832    23.7053 -9.990e-29
 217.777801      1.199  39.787531    15.0889     6.4053      1.189    32.0884    23.7092 -9.990e-29
 217.777807      1.198  39.789547    15.0891     6.3946      1.188    32.0901    23.7105 -9.990e-29
 217.777813      1.198  39.788328    15.0892     6.4018      1.188    32.0889    23.7095 -9.990e-29
 217.777818      1.198  39.779374    15.0895     6.4374      1.188    32.0806    23.7031 -9.990e-29
 217.777824      1.199  39.762434    15.0895     6.4535      1.189    32.0654    23.6914 -9.990e-29
 217.777830      1.201  39.747888    15.0890     6.4666      1.191    32.0527    23.6817 -9.990e-29
 217.777836      1.204  39.739229    15.0884     6.4365      1.194    32.0454    23.6762 -9.990e-29
 217.777841      1.207  39.741080    15.0874     6.4095      1.197    32.0479    23.6784 -9.990e-29
 217.777847      1.212  39.759754    15.0864     6.3967      1.202    32.0655    23.6921 -9.990e-29
 217.777853      1.218  39.780314    15.0861     6.3940      1.208    32.0842    23.7066 -9.990e-29
 217.777859      1.227  39.783054    15.0866     6.4044      1.217    32.0863    23.7081 -9.990e-29
 217.777865      1.233  39.770994    15.0874     6.4053      1.223    32.0748    23.6991 -9.990e-29
 217.777870      1.234  39.754861    15.0883     6.4068      1.224    32.0595    23.6871 -9.990e-29
 217.777876      1.229  39.740512    15.0890     6.4121      1.219    32.0461    23.6766 -9.990e-29
 217.777882      1.218  39.731141    15.0892     6.4054      1.208    32.0375    23.6700 -9.990e-29
 217.777888      1.204  39.726502    15.0889     6.4065      1.194    32.0336    23.6670 -9.990e-29
 217.777894      1.196  39.727618    15.0883     6.3983      1.186    32.0351    23.6683 -9.990e-29
 217.777899      1.198  39.735343    15.0875     6.3905      1.188    32.0427    23.6743 -9.990e-29
