data/oxygen options/OCNMS/OCNMS1/raw_data/2019/CAST_TH015_191001faed.cnv
* Sea-Bird SBE 19 Data File:
* FileName = C:\2019 Mooring Data\Casts\CAST_TH015_191001.hex
* Software Version SeatermAF 2.1.2
* Temperature SN = 2997
* Conductivity SN = 2997
* System UpLoad Time = Oct 01 2019 19:49:13 (localtime) = Oct 01 2019 19:49:13 (UTC)
** CAST_TH015_191001
* ds
# nquan = 9                                 
# nvalues = 890                         
# units = specified
# name 0 = timeJ: Julian Days
# name 1 = prSM: Pressure, Strain Gauge [db]
# name 2 = c0mS/cm: Conductivity [mS/cm]
# name 3 = t090C: Temperature [ITS-90, deg C]
# name 4 = sbeox0ML/L: Oxygen, SBE 43 [ml/l]
# name 5 = depSM: Depth [salt water, m], lat = 47.5
# name 6 = sal00: Salinity, Practical [PSU]
# name 7 = sigma-é00: Density [sigma-theta, kg/m^3]
# name 8 = flag: flag
# span 0 = 274.799965, 274.805110       
# span 1 =     -4.962,     15.565       
# span 2 =   0.353363,  38.285636       
# span 3 =    12.6937,    14.4034       
# span 4 =    -1.9441,    11.4689       
# span 5 =     -4.921,     15.435       
# span 6 =     0.2213,    32.1067       
# span 7 =    -0.6370,    24.1702       
# span 8 = 0.0000e+00, 0.0000e+00       
# interval = seconds: 0.5
# start_time = Oct 01 2019 19:11:57 [Instrument's time stamp, header]
# bad_flag = -9.990e-29
*END*
[from data line 481]
 274.802749      0.829  38.268821    13.5531     9.6810      0.822    31.9723    23.9390 -9.990e-29
 274.802755      0.820  38.269747    13.5569     5.8285      0.813    31.9700    23.9364 -9.990e-29
 274.802760      0.814  38.272170    13.5581     6.1420      0.807    31.9712    23.9372 -9.990e-29
 274.802766      0.814  38.273711    13.5573     6.4389      0.807    31.9733    23.9389 -9.990e-29
 274.802772      0.820  38.273059    13.5571     6.5488      0.813    31.9729    23.9386 -9.990e-29
 274.802778      0.824  38.271582    13.5584     6.5293      0.817    31.9704    23.9365 -9.990e-29
 274.802784      0.822  38.271785    13.5593     6.4736      0.815    31.9699    23.9359 -9.990e-29
 274.802789      0.814  38.274498    13.5578     6.4157      0.807    31.9736    23.9391 -9.990e-29
 274.802795      0.803  38.278297    13.5547     6.3678      0.796    31.9798    23.9444 -9.990e-29
 274.802801      0.798  38.281528    13.5514     6.3353      0.791    31.9855    23.9496 -9.990e-29
 274.802807      0.798  38.282897    13.5484     6.3074      0.791    31.9893    23.9531 -9.990e-29
 274.802813      0.799  38.282549    13.5461     6.3011      0.792    31.9909    23.9548 -9.990e-29
 274.802818      0.802  38.282258    13.5461     6.2830      0.795    31.9907    23.9546 -9.990e-29
 274.802824      0.800  38.282195    13.5483     6.2675      0.793    31.9888    23.9527 -9.990e-29
 274.802830      0.796  38.281717    13.5501     6.2519      0.789    31.9868    23.9508 -9.990e-29
 274.802836      0.796  38.282425    13.5500     6.2505      0.789    31.9875    23.9514 -9.990e-29
 274.802841      0.806  38.281345    13.5492     6.2511      0.799    31.9872    23.9513 -9.990e-29
 274.802847      0.822  38.275920    13.5490     6.2338      0.815    31.9823    23.9476 -9.990e-29
 274.802853      0.836  38.271797    13.5499     6.2367      0.829    31.9777    23.9438 -9.990e-29
 274.802859      0.844  38.270200    13.5530     6.2364      0.837    31.9736    23.9401 -9.990e-29
 274.802865      0.848  38.265636    13.5581     6.2431      0.841    31.9651    23.9325 -9.990e-29
 274.802870      0.852  38.254262    13.5623     6.2478      0.845    31.9510    23.9207 -9.990e-29
 274.802876      0.860  38.242758    13.5635     6.2296      0.853    31.9393    23.9114 -9.990e-29
 274.802882      0.868  38.243233    13.5618     6.2225      0.861    31.9412    23.9132 -9.990e-29
 274.802888      0.874  38.252399    13.5580     6.2322      0.867    31.9529    23.9230 -9.990e-29
 274.802894      0.876  38.259513    13.5542     6.2495      0.869    31.9627    23.9314 -9.990e-29
 274.802899      0.876  38.262299    13.5528     6.2643      0.869    31.9665    23.9345 -9.990e-29
 274.802905      0.873  38.262230    13.5538     6.2578      0.866    31.9656    23.9336 -9.990e-29
 274.802911      0.867  38.261452    13.5548     6.2543      0.860    31.9640    23.9322 -9.990e-29
 274.802917      0.857  38.261730    13.5539     6.2621      0.850    31.9650    23.9332 -9.990e-29
 274.802922      0.848  38.264555    13.5514     6.2754      0.841    31.9697    23.9374 -9.990e-29
 274.802928      0.843  38.268653    13.5496     6.2855      0.836    31.9751    23.9418 -9.990e-29
 274.802934      0.838  38.269965    13.5503     6.2816      0.831    31.9757    23.9422 -9.990e-29
 274.802940      0.832  38.269121    13.5515     6.2550      0.825    31.9739    23.9406 -9.990e-29
 274.802946      0.833  38.268356    13.5502     6.2441      0.826    31.9743    23.9411 -9.990e-29
 274.802951      0.841  38.269450    13.5463     6.2540      0.834    31.9786    23.9452 -9.990e-29
 274.802957      0.849  38.272744    13.5436     6.2733      0.842    31.9839    23.9499 -9.990e-29
 274.802963      0.852  38.273667    13.5448     6.2836      0.845    31.9837    23.9495 -9.990e-29
 274.802969      0.855  38.270085    13.5477     6.2686      0.848    31.9780    23.9445 -9.990e-29
 274.802975      0.863  38.263384    13.5500     6.2524      0.856    31.9698    23.9377 -9.990e-29
 274.802980      0.872  38.256955    13.5513     6.2340      0.865    31.9627    23.9320 -9.990e-29
 274.802986      0.878  38.254548    13.5523     6.2278      0.871    31.9597    23.9294 -9.990e-29
 274.802992      0.880  38.254633    13.5539     6.2389      0.873    31.9584    23.9281 -9.990e-29
 274.802998      0.881  38.255084    13.5554     6.2388      0.874    31.9576    23.9272 -9.990e-29
 274.803003      0.879  38.255942    13.5554     6.2499      0.872    31.9584    23.9278 -9.990e-29
 274.803009      0.878  38.256670    13.5539     6.2585      0.871    31.9603    23.9296 -9.990e-29
 274.803015      0.884  38.257681    13.5522     6.2589      0.877    31.9627    23.9317 -9.990e-29
 274.803021      0.892  38.259764    13.5502     6.2602      0.885    31.9663    23.9349 -9.990e-29
 274.803027      0.898  38.261773    13.5478     6.2618      0.891    31.9701    23.9384 -9.990e-29
 274.803032      0.903  38.263025    13.5459     6.2537      0.895    31.9729    23.9409 -9.990e-29
 274.803038      0.906  38.262952    13.5461     6.2540      0.898    31.9727    23.9407 -9.990e-29
 274.803044      0.909  38.261455    13.5485     6.2470      0.901    31.9693    23.9376 -9.990e-29
 274.803050      0.911  38.259336    13.5510     6.2385      0.903    31.9652    23.9339 -9.990e-29
 274.803056      0.913  38.256572    13.5517     6.2513      0.905    31.9620    23.9313 -9.990e-29
 274.803061      0.914  38.256198    13.5515     6.2608      0.906    31.9619    23.9312 -9.990e-29
 274.803067      0.915  38.259957    13.5517     6.2848      0.907    31.9652    23.9338 -9.990e-29
 274.803073      0.916  38.262780    13.5523     6.2887      0.908    31.9673    23.9353 -9.990e-29
 274.803079      0.917  38.262270    13.5526     6.2758      0.909    31.9666    23.9347 -9.990e-29
 274.803084      0.917  38.263908    13.5506     6.2682      0.909    31.9698    23.9375 -9.990e-29
 274.803090      0.918  38.269878    13.5455     6.2545      0.910    31.9796    23.9462 -9.990e-29
 274.803096      0.918  38.274137    13.5409     6.2484      0.910    31.9874    23.9531 -9.990e-29
 274.803102      0.918  38.274524    13.5409     6.2554      0.910    31.9878    23.9534 -9.990e-29
 274.803108      0.918  38.273792    13.5451     6.2582      0.910    31.9836    23.9493 -9.990e-29
 274.803113      0.919  38.272083    13.5493     6.2618      0.911    31.9785    23.9445 -9.990e-29
 274.803119      0.919  38.269920    13.5509     6.2694      0.911    31.9751    23.9416 -9.990e-29
 274.803125      0.919  38.268341    13.5510     6.2681      0.911    31.9736    23.9404 -9.990e-29
 274.803131      0.919  38.268044    13.5509     6.2682      0.911    31.9734    23.9403 -9.990e-29
 274.803137      0.919  38.269191    13.5505     6.2730      0.911    31.9748    23.9414 -9.990e-29
 274.803142      0.919  38.269952    13.5494     6.2708      0.911    31.9764    23.9429 -9.990e-29
 274.803148      0.919  38.269661    13.5481     6.2775      0.911    31.9772    23.9438 -9.990e-29
 274.803154      0.919  38.270172    13.5470     6.2778      0.911    31.9786    23.9451 -9.990e-29
 274.803160      0.919  38.273844    13.5463     6.2814      0.911    31.9826    23.9483 -9.990e-29
 274.803166      0.919  38.279414    13.5462     6.2755      0.911    31.9879    23.9524 -9.990e-29
 274.803171      0.920  38.283106    13.5463     6.2655      0.912    31.9912    23.9550 -9.990e-29
 274.803177      0.920  38.284800    13.5469     6.2566      0.912    31.9923    23.9557 -9.990e-29
 274.803183      0.920  38.285636    13.5490     6.2541      0.912    31.9913    23.9545 -9.990e-29
 274.803189      0.920  38.284488    13.5521     6.2580      0.912    31.9877    23.9511 -9.990e-29
 274.803194      0.920  38.280946    13.5543     6.2555      0.912    31.9825    23.9467 -9.990e-29
 274.803200      0.921  38.278129    13.5537     6.2507      0.913    31.9804    23.9451 -9.990e-29
 274.803206      0.921  38.277883    13.5515     6.2494      0.913    31.9820    23.9468 -9.990e-29
 274.803212      0.922  38.278762    13.5504     6.2499      0.914    31.9838    23.9484 -9.990e-29
 274.803218      0.923  38.280256    13.5514     6.2473      0.915    31.9843    23.9486 -9.990e-29
 274.803223      0.924  38.279314    13.5540     6.2420      0.916    31.9813    23.9457 -9.990e-29
 274.803229      0.925  38.273000    13.5576     6.2345      0.917    31.9724    23.9382 -9.990e-29
 274.803235      0.927  38.263538    13.5611     6.2417      0.919    31.9606    23.9284 -9.990e-29
 274.803241      0.929  38.252875    13.5632     6.2597      0.921    31.9490    23.9189 -9.990e-29
 274.803247      0.932  38.243038    13.5639     6.2594      0.924    31.9392    23.9113 -9.990e-29
 274.803252      0.936  38.237716    13.5644     6.2531      0.928    31.9339    23.9070 -9.990e-29
 274.803258      0.941  38.236535    13.5658     6.2468      0.933    31.9316    23.9050 -9.990e-29
 274.803264      0.947  38.236240    13.5677     6.2428      0.939    31.9297    23.9032 -9.990e-29
 274.803270      0.955  38.237559    13.5694     6.2535      0.947    31.9295    23.9027 -9.990e-29
 274.803275      0.965  38.241689    13.5701     6.2630      0.957    31.9328    23.9051 -9.990e-29
 274.803281      0.979  38.245736    13.5687     6.2643      0.971    31.9377    23.9091 -9.990e-29
 274.803287      0.996  38.248377    13.5656     6.2559      0.988    31.9428    23.9137 -9.990e-29
 274.803293      1.009  38.250891    13.5634     6.2509      1.001    31.9469    23.9173 -9.990e-29
 274.803299      1.007  38.252148    13.5629     6.2427      0.999    31.9485    23.9187 -9.990e-29
 274.803304      0.993  38.251022    13.5624     6.2301      0.985    31.9479    23.9183 -9.990e-29
 274.803310      0.980  38.249933    13.5613     6.2301      0.972    31.9478    23.9184 -9.990e-29
 274.803316      0.971  38.250791    13.5605     6.2380      0.963    31.9493    23.9197 -9.990e-29
 274.803322      0.964  38.253059    13.5610     6.2501      0.956    31.9510    23.9209 -9.990e-29
 274.803328      0.961  38.253602    13.5630     6.2572      0.953    31.9498    23.9196 -9.990e-29
 274.803333      0.960  38.251461    13.5661     6.2623      0.952    31.9452    23.9155 -9.990e-29
 274.803339      0.962  38.249944    13.5695     6.2480      0.954    31.9410    23.9115 -9.990e-29
 274.803345      0.967  38.249268    13.5714     6.2366      0.959    31.9387    23.9094 -9.990e-29
 274.803351      0.975  38.247414    13.5711     6.2395      0.967    31.9373    23.9083 -9.990e-29
 274.803356      0.982  38.244151    13.5701     6.2529      0.974    31.9351    23.9068 -9.990e-29
 274.803362      0.985  38.241850    13.5696     6.2562      0.977    31.9333    23.9056 -9.990e-29
 274.803368      0.987  38.241363    13.5702     6.2561      0.979    31.9324    23.9047 -9.990e-29
 274.803374      0.990  38.240360    13.5712     6.2506      0.982    31.9306    23.9032 -9.990e-29
 274.803380      0.988  38.237504    13.5705     6.2468      0.980    31.9286    23.9017 -9.990e-29
 274.803385      0.983  38.232907    13.5672     6.2434      0.975    31.9270    23.9012 -9.990e-29
 274.803391      0.973  38.228844    13.5635     6.2358      0.965    31.9264    23.9014 -9.990e-29
 274.803397      0.962  38.228299    13.5629     6.2221      0.954    31.9264    23.9015 -9.990e-29
 274.803403      0.953  38.229984    13.5652     6.2270      0.945    31.9260    23.9008 -9.990e-29
 274.803409      0.947  38.231105    13.5671     6.2445      0.939    31.9255    23.9000 -9.990e-29
 274.803414      0.943  38.231474    13.5675     6.2521      0.935    31.9255    23.8999 -9.990e-29
 274.803420      0.940  38.231026    13.5679     6.2687      0.932    31.9247    23.8993 -9.990e-29
 274.803426      0.938  38.229724    13.5686     6.2722      0.930    31.9229    23.8977 -9.990e-29
 274.803432      0.938  38.229192    13.5688     6.2623      0.930    31.9223    23.8972 -9.990e-29
 274.803437      0.939  38.229842    13.5686     6.2458      0.931    31.9230    23.8978 -9.990e-29
 274.803443      0.941  38.229738    13.5684     6.2241      0.933    31.9231    23.8979 -9.990e-29
 274.803449      0.945  38.228745    13.5683     6.2139      0.937    31.9223    23.8973 -9.990e-29
 274.803455      0.950  38.228339    13.5687     6.2303      0.942    31.9216    23.8967 -9.990e-29
 274.803461      0.957  38.228537    13.5692     6.2530      0.949    31.9213    23.8964 -9.990e-29
 274.803466      0.967  38.228857    13.5695     6.2683      0.959    31.9214    23.8964 -9.990e-29
 274.803472      0.979  38.229163    13.5698     6.2761      0.971    31.9214    23.8963 -9.990e-29
 274.803478      0.996  38.229116    13.5704     6.2570      0.988    31.9208    23.8958 -9.990e-29
 274.803484      1.013  38.228650    13.5703     6.2420      1.005    31.9205    23.8955 -9.990e-29
 274.803490      1.023  38.228635    13.5695     6.2365      1.014    31.9211    23.8962 -9.990e-29
 274.803495      1.023  38.230167    13.5691     6.2369      1.014    31.9229    23.8976 -9.990e-29
 274.803501      1.017  38.233046    13.5696     6.2429      1.009    31.9252    23.8993 -9.990e-29
 274.803507      1.013  38.235507    13.5705     6.2456      1.005    31.9267    23.9003 -9.990e-29
 274.803513      1.015  38.235789    13.5713     6.2454      1.007    31.9263    23.8998 -9.990e-29
 274.803519      1.023  38.234263    13.5714     6.2451      1.014    31.9248    23.8986 -9.990e-29
 274.803524      1.033  38.232815    13.5706     6.2511      1.024    31.9241    23.8982 -9.990e-29
 274.803530      1.037  38.232313    13.5699     6.2527      1.028    31.9242    23.8985 -9.990e-29
 274.803536      1.036  38.232642    13.5698     6.2526      1.027    31.9246    23.8988 -9.990e-29
 274.803542      1.034  38.233119    13.5697     6.2450      1.025    31.9251    23.8992 -9.990e-29
 274.803547      1.031  38.233258    13.5695     6.2477      1.022    31.9254    23.8995 -9.990e-29
 274.803553      1.027  38.233800    13.5696     6.2429      1.018    31.9258    23.8998 -9.990e-29
 274.803559      1.020  38.234907    13.5704     6.2432      1.011    31.9262    23.8999 -9.990e-29
 274.803565      1.016  38.235811    13.5716     6.2566      1.008    31.9261    23.8996 -9.990e-29
 274.803571      1.014  38.236595    13.5726     6.2514      1.006    31.9259    23.8993 -9.990e-29
 274.803576      1.009  38.237740    13.5731     6.2525      1.001    31.9266    23.8997 -9.990e-29
 274.803582      1.006  38.239093    13.5731     6.2440      0.998    31.9279    23.9006 -9.990e-29
 274.803588      1.004  38.240214    13.5730     6.2395      0.996    31.9290    23.9015 -9.990e-29
 274.803594      0.999  38.240354    13.5726     6.2489      0.991    31.9294    23.9020 -9.990e-29
 274.803600      0.995  38.239698    13.5713     6.2536      0.987    31.9299    23.9026 -9.990e-29
 274.803605      0.992  38.239606    13.5694     6.2532      0.984    31.9314    23.9042 -9.990e-29
 274.803611      0.984  38.239954    13.5681     6.2403      0.976    31.9328    23.9055 -9.990e-29
 274.803617      0.977  38.240083    13.5683     6.2417      0.969    31.9328    23.9054 -9.990e-29
 274.803623      0.973  38.240722    13.5686     6.2679      0.965    31.9331    23.9056 -9.990e-29
 274.803628      0.972  38.242160    13.5669     6.3027      0.964    31.9359    23.9081 -9.990e-29
 274.803634      0.975  38.244634    13.5628     6.3202      0.967    31.9416    23.9134 -9.990e-29
 274.803640      0.981  38.248078    13.5562     6.3098      0.973    31.9503    23.9214 -9.990e-29
 274.803646      0.991  38.250361    13.5460     6.2875      0.983    31.9610    23.9317 -9.990e-29
 274.803652      1.006  38.250042    13.5303     6.2783      0.998    31.9738    23.9448 -9.990e-29
 274.803657      1.026  38.246133    13.5104     6.2759      1.017    31.9868    23.9588 -9.990e-29
 274.803663      1.049  38.239018    13.4934     6.2743      1.040    31.9945    23.9681 -9.990e-29
