data/oxygen options/OCNMS/OCNMS1/raw_data/2019/CAST_CE042_190930faed.cnv
* Sea-Bird SBE 19 Data File:
* FileName = C:\2019 Mooring Data\Casts\CAST_CE042_190930.hex
* Software Version SeatermAF 2.1.2
* Temperature SN = 2997
* Conductivity SN = 2997
* System UpLoad Time = Oct 01 2019 17:01:21 (localtime) = Oct 01 2019 17:01:21 (UTC)
** CAST_CE042_190930
* ds
# nquan = 9                                 
# nvalues = 1227                        
# units = specified
# name 0 = timeJ: Julian Days
# name 1 = prSM: Pressure, Strain Gauge [db]
# name 2 = c0mS/cm: Conductivity [mS/cm]
# name 3 = t090C: Temperature [ITS-90, deg C]
# name 4 = sbeox0ML/L: Oxygen, SBE 43 [ml/l]
# name 5 = depSM: Depth [salt water, m], lat = 47.5
# name 6 = sal00: Salinity, Practical [PSU]
# name 7 = sigma-é00: Density [sigma-theta, kg/m^3]
# name 8 = flag: flag
# span 0 = 273.734144, 273.741238       
# span 1 =     -4.456,     45.214       
# span 2 =   0.020634,  39.824829       
# span 3 =     8.4035,    15.5056       
# span 4 =    -1.9839,    11.4249       
# span 5 =     -4.419,     44.832       
# span 6 =     0.0164,    33.4531       
# span 7 =    -0.6377,    25.9975       
# span 8 = 0.0000e+00, 0.0000e+00       
# interval = seconds: 0.5
# start_time = Sep 30 2019 17:37:10 [Instrument's time stamp, header]
# bad_flag = -9.990e-29
*END*
[from data line 481]
 273.736927      0.401   0.021176    13.1242    -1.9485      0.398     0.0167    -0.6240 -9.990e-29
 273.736933      0.404   0.021177    13.1170    -1.9483      0.401     0.0167    -0.6230 -9.990e-29
 273.736939      0.407   0.021177    13.1108    -1.9480      0.404     0.0167    -0.6222 -9.990e-29
 273.736944      0.413   0.021177    13.1056    -1.9476      0.410     0.0167    -0.6216 -9.990e-29
 273.736950      0.420   0.021177    13.1002    -1.9474      0.416     0.0167    -0.6209 -9.990e-29
 273.736956      0.431   0.021178    13.0944    -1.9476      0.427     0.0167    -0.6202 -9.990e-29
 273.736962      0.444   0.021178    13.0899    -1.9473      0.440     0.0167    -0.6196 -9.990e-29
 273.736968      0.458   0.021178    13.0886    -1.9473      0.454     0.0167    -0.6194 -9.990e-29
 273.736973      0.463   0.021178    13.0899    -1.9472      0.459     0.0167    -0.6196 -9.990e-29
 273.736979      0.461   0.021179    13.0923    -1.9473      0.457     0.0167    -0.6199 -9.990e-29
 273.736985      0.460   0.021179    13.0963    -1.9469      0.456     0.0167    -0.6204 -9.990e-29
 273.736991      0.463   0.021179    13.1022    -1.9467      0.459     0.0167    -0.6211 -9.990e-29
 273.736997      0.468   0.021179    13.1082    -1.9465      0.464     0.0167    -0.6219 -9.990e-29
 273.737002      0.470   0.021179    13.1121    -1.9465      0.466     0.0167    -0.6224 -9.990e-29
 273.737008      0.474   0.021179    13.1142    -1.9464      0.470     0.0167    -0.6227 -9.990e-29
 273.737014      0.483   0.021180    13.1164    -1.9459      0.479     0.0167    -0.6230 -9.990e-29
 273.737020      0.499   0.021180    13.1186    -1.9459      0.495     0.0167    -0.6232 -9.990e-29
 273.737025      0.518   0.021180    13.1201    -1.9460      0.514     0.0167    -0.6234 -9.990e-29
 273.737031      0.533   0.021180    13.1223    -1.9463      0.529     0.0167    -0.6237 -9.990e-29
 273.737037      0.545   0.021180    13.1266    -1.9462      0.540     0.0167    -0.6243 -9.990e-29
 273.737043      0.558   0.021180    13.1314    -1.9460      0.553     0.0167    -0.6249 -9.990e-29
 273.737049      0.571   0.021181    13.1351    -1.9460      0.566     0.0167    -0.6254 -9.990e-29
 273.737054      0.578   0.021181    13.1381    -1.9460      0.573     0.0167    -0.6257 -9.990e-29
 273.737060      0.581   0.021181    13.1420    -1.9457      0.576     0.0167    -0.6262 -9.990e-29
 273.737066      0.579   0.021181    13.1463    -1.9456      0.574     0.0167    -0.6268 -9.990e-29
 273.737072      0.573   0.021181    13.1481    -1.9462      0.568     0.0167    -0.6270 -9.990e-29
 273.737078      0.562   0.021181    13.1466    -1.9461      0.557     0.0167    -0.6268 -9.990e-29
 273.737083      0.550   0.021182    13.1447    -1.9461      0.545     0.0167    -0.6266 -9.990e-29
 273.737089      0.540   0.021182    13.1448    -1.9465      0.535     0.0167    -0.6266 -9.990e-29
 273.737095      0.532   0.021182    13.1464    -1.9466      0.528     0.0167    -0.6268 -9.990e-29
 273.737101      0.529   0.021182    13.1482    -1.9462      0.525     0.0167    -0.6270 -9.990e-29
 273.737106      0.532   0.021182    13.1501    -1.9462      0.528     0.0167    -0.6273 -9.990e-29
 273.737112      0.535   0.021183    13.1519    -1.9458      0.531     0.0167    -0.6275 -9.990e-29
 273.737118      0.540   0.021183    13.1513    -1.9457      0.535     0.0167    -0.6274 -9.990e-29
 273.737124      0.546   0.021183    13.1487    -1.9454      0.541     0.0167    -0.6271 -9.990e-29
 273.737130      0.555   0.021183    13.1467    -1.9454      0.550     0.0167    -0.6269 -9.990e-29
 273.737135      0.561   0.021183    13.1443    -1.9450      0.556     0.0167    -0.6265 -9.990e-29
 273.737141      0.562   0.021183    13.1410    -1.9447      0.557     0.0167    -0.6261 -9.990e-29
 273.737147      0.562   0.021184    13.1402    -1.9443      0.557     0.0167    -0.6260 -9.990e-29
 273.737153      0.565   0.021184    13.1427    -1.9443      0.560     0.0167    -0.6263 -9.990e-29
 273.737159      0.571   0.021184    13.1467    -1.9448      0.566     0.0167    -0.6268 -9.990e-29
 273.737164      0.581   0.021184    13.1516    -1.9453      0.576     0.0167    -0.6275 -9.990e-29
 273.737170      0.590   0.021184    13.1565    -1.9453      0.585     0.0167    -0.6281 -9.990e-29
 273.737176      0.596   0.021184    13.1610    -1.9455      0.591     0.0167    -0.6287 -9.990e-29
 273.737182      0.599   0.021185    13.1658    -1.9460      0.594     0.0167    -0.6293 -9.990e-29
 273.737188      0.598   0.021185    13.1715    -1.9463      0.593     0.0167    -0.6300 -9.990e-29
 273.737193      0.594   0.021185    13.1776    -1.9472      0.589     0.0167    -0.6308 -9.990e-29
 273.737199      0.591   0.021185    13.1820    -1.9474      0.586     0.0167    -0.6314 -9.990e-29
 273.737205      0.593   0.021185    13.1817    -1.9474      0.588     0.0167    -0.6314 -9.990e-29
 273.737211      0.596   0.021185    13.1760    -1.9473      0.591     0.0167    -0.6306 -9.990e-29
 273.737216      0.595   0.021186    13.1687    -1.9474      0.590     0.0167    -0.6297 -9.990e-29
 273.737222      0.590   0.021186    13.1625    -1.9475      0.585     0.0167    -0.6289 -9.990e-29
 273.737228      0.587   0.021186    13.1561    -1.9475      0.582     0.0167    -0.6281 -9.990e-29
 273.737234      0.592   0.021185    13.1482    -1.9471      0.587     0.0167    -0.6270 -9.990e-29
 273.737240      0.606   0.021182    13.1383    -1.9465      0.601     0.0167    -0.6258 -9.990e-29
 273.737245      0.622   0.021173    13.1281    -1.9463      0.617     0.0167    -0.6245 -9.990e-29
 273.737251      0.637   0.021146    13.1216    -1.9456      0.632     0.0167    -0.6236 -9.990e-29
 273.737257      0.650   0.021064    13.1192    -1.9444      0.645     0.0166    -0.6234 -9.990e-29
 273.737263      0.659   0.020818    13.1181    -1.9436      0.653     0.0165    -0.6233 -9.990e-29
 273.737269      0.660   0.020634    13.1170    -1.9436      0.654     0.0164    -0.6233 -9.990e-29
 273.737274      0.658   0.020819    13.1168    -1.9436      0.653     0.0165    -0.6232 -9.990e-29
 273.737280      0.656   0.021068    13.1194    -1.9432      0.651     0.0166    -0.6234 -9.990e-29
 273.737286      0.655   0.021158    13.1263    -1.9426      0.650     0.0167    -0.6242 -9.990e-29
 273.737292      0.654   0.021206    13.1362    -1.9421      0.649     0.0167    -0.6255 -9.990e-29
 273.737297      0.653   0.021279    13.1480    -1.9416      0.648     0.0168    -0.6270 -9.990e-29
 273.737303      0.653   0.021474    13.1634    -1.9412      0.648     0.0169    -0.6289 -9.990e-29
 273.737309      0.653   0.022050    13.1807    -1.9411      0.648     0.0172    -0.6309 -9.990e-29
 273.737315      0.653   0.023775    13.1937    -1.9404      0.648     0.0181    -0.6318 -9.990e-29
 273.737321      0.653   0.027840    13.2004    -1.9397      0.648     0.0204    -0.6309 -9.990e-29
 273.737326      0.654   0.034684    13.2056    -1.9395      0.649     0.0242    -0.6286 -9.990e-29
 273.737332      0.655   0.041802    13.2136    -1.9400      0.650     0.0283    -0.6265 -9.990e-29
 273.737338      0.656   0.045951    13.2245    -1.9409      0.651     0.0306    -0.6260 -9.990e-29
 273.737344      0.658   0.047680    13.2359    -1.9409      0.653     0.0316    -0.6267 -9.990e-29
 273.737350      0.661   0.048739    13.2463    -1.9403      0.655     0.0322    -0.6276 -9.990e-29
 273.737355      0.664   0.049434    13.2550    -1.9401      0.658     0.0326    -0.6284 -9.990e-29
 273.737361      0.668   0.050137    13.2638    -1.9409      0.662     0.0330    -0.6292 -9.990e-29
 273.737367      0.673   0.051232    13.2745    -1.9400      0.667     0.0337    -0.6301 -9.990e-29
 273.737373      0.680   0.052518    13.2841    -1.9396      0.674     0.0344    -0.6308 -9.990e-29
 273.737378      0.689   0.053496    13.2866    -1.9390      0.683     0.0350    -0.6307 -9.990e-29
 273.737384      0.696   0.053807    13.2807    -1.9394      0.690     0.0352    -0.6298 -9.990e-29
 273.737390      0.697   0.053865    13.2730    -1.7197      0.691     0.0352    -0.6287 -9.990e-29
 273.737396      0.697   0.054301    13.2713    -1.5852      0.691     0.0354    -0.6283 -9.990e-29
 273.737402      0.700   0.055144    13.2748    -1.8400      0.694     0.0359    -0.6284 -9.990e-29
 273.737407      0.707   0.056964    13.2772    -1.5643      0.701     0.0370    -0.6279 -9.990e-29
 273.737413      0.717   0.063293    13.2801    -1.5413      0.711     0.0407    -0.6254 -9.990e-29
 273.737419      0.727   0.085340    13.2906    -1.5398      0.721     0.0537    -0.6166 -9.990e-29
 273.737425      0.733   0.154713    13.3122    -1.5411      0.727     0.0957    -0.5866 -9.990e-29
 273.737431      0.741   0.363911    13.3563    -1.5404      0.735     0.2271    -0.4901 -9.990e-29
 273.737436      0.754   0.990756    13.4728    -1.5428      0.748     0.6383    -0.1859 -9.990e-29
 273.737442      0.774   2.871041    13.8128    -1.5415      0.768     1.9355     0.7720 -9.990e-29
 273.737448      0.802   8.512920    14.3762    -1.5398      0.795     6.0798     3.8796 -9.990e-29
 273.737454      0.840  17.418425    14.8525    -1.5398      0.833    13.0226     9.1240 -9.990e-29
 273.737459      0.890  21.816321    15.0953    -1.5392      0.883    16.5425    11.7758 -9.990e-29
 273.737465      0.955  22.889258    15.2172    -1.5404      0.947    17.3802    12.3944 -9.990e-29
 273.737471      1.036  28.677245    15.2861    -1.5403      1.027    22.2189    16.0876 -9.990e-29
 273.737477      1.123  34.862802    15.3143    -1.5396      1.114    27.5476    20.1699 -9.990e-29
 273.737483      1.207  37.171273    15.3172    -1.5394      1.197    29.5766    21.7282 -9.990e-29
 273.737488      1.279  37.912448    15.3121    -1.5391      1.268    30.2368    22.2367 -9.990e-29
 273.737494      1.339  38.139600    15.3077    -1.5393      1.328    30.4417    22.3952 -9.990e-29
 273.737500      1.392  38.208870    15.3038    -1.5387      1.380    30.5062    22.4457 -9.990e-29
 273.737506      1.441  38.287732    15.3021    -1.5385      1.429    30.5776    22.5009 -9.990e-29
 273.737512      1.485  38.394036    15.3064    -1.5399      1.473    30.6687    22.5701 -9.990e-29
 273.737517      1.521  38.460685    15.3137    -1.5395      1.508    30.7222    22.6096 -9.990e-29
 273.737523      1.553  38.463482    15.3172    -1.5394      1.540    30.7219    22.6087 -9.990e-29
 273.737529      1.579  38.429189    15.3155    -1.5389      1.566    30.6928    22.5866 -9.990e-29
 273.737535      1.595  38.421367    15.3133    -1.5389      1.582    30.6875    22.5831 -9.990e-29
 273.737541      1.602  38.455420    15.3149    -1.5386      1.589    30.7166    22.6050 -9.990e-29
 273.737546      1.606  38.492251    15.3191    -1.5390      1.593    30.7460    22.6268 -9.990e-29
 273.737552      1.611  38.509909    15.3239    -1.5407      1.598    30.7579    22.6349 -9.990e-29
 273.737558      1.617  38.516885    15.3289    -1.5410      1.603    30.7602    22.6356 -9.990e-29
 273.737564      1.625  38.521430    15.3324    -1.5401      1.611    30.7615    22.6359 -9.990e-29
 273.737569      1.630  38.499991    15.3322    -1.5391      1.616    30.7426    22.6214 -9.990e-29
 273.737575      1.629  38.458779    15.3283    -1.5384      1.615    30.7091    22.5964 -9.990e-29
 273.737581      1.622  38.447647    15.3227    -1.5389      1.608    30.7035    22.5934 -9.990e-29
 273.737587      1.609  38.474785    15.3184    -1.5394      1.596    30.7310    22.6154 -9.990e-29
 273.737593      1.592  38.512599    15.3172    -1.5399      1.579    30.7656    22.6423 -9.990e-29
 273.737598      1.579  38.536528    15.3181    -1.5401      1.566    30.7862    22.6579 -9.990e-29
 273.737604      1.575  38.528700    15.3188    -1.5391      1.562    30.7786    22.6520 -9.990e-29
 273.737610      1.577  38.475387    15.3177    -1.5378      1.564    30.7321    22.6164 -9.990e-29
 273.737616      1.583  38.404144    15.3155    -1.5377      1.570    30.6705    22.5695 -9.990e-29
 273.737622      1.584  38.384149    15.3146    -1.5388      1.571    30.6535    22.5566 -9.990e-29
 273.737627      1.580  38.431934    15.3160    -1.5390      1.567    30.6948    22.5881 -9.990e-29
 273.737633      1.580  38.499832    15.3186    -1.5388      1.567    30.7531    22.6324 -9.990e-29
 273.737639      1.587  38.536190    15.3214    -1.5379      1.574    30.7833    22.6550 -9.990e-29
 273.737645      1.598  38.523100    15.3236    -1.5379      1.585    30.7699    22.6442 -9.990e-29
 273.737650      1.606  38.483526    15.3251    -1.5388      1.593    30.7336    22.6159 -9.990e-29
 273.737656      1.606  38.450706    15.3263    -1.5390      1.593    30.7035    22.5925 -9.990e-29
 273.737662      1.602  38.455518    15.3270    -1.5393      1.589    30.7072    22.5952 -9.990e-29
 273.737668      1.603  38.509765    15.3271    -1.5393      1.590    30.7553    22.6322 -9.990e-29
 273.737674      1.613  38.573363    15.3267    -1.5387      1.600    30.8121    22.6760 -9.990e-29
 273.737679      1.629  38.590132    15.3252    -1.5379      1.615    30.8282    22.6887 -9.990e-29
 273.737685      1.643  38.565782    15.3233    -1.5376      1.629    30.8081    22.6736 -9.990e-29
 273.737691      1.652  38.553130    15.3231    -1.5383      1.638    30.7970    22.6651 -9.990e-29
 273.737697      1.661  38.574667    15.3252    -1.5388      1.647    30.8145    22.6781 -9.990e-29
 273.737703      1.673  38.603259    15.3270    -1.5390      1.659    30.8385    22.6962 -9.990e-29
 273.737708      1.682  38.596538    15.3271    -1.5392      1.668    30.8324    22.6915 -9.990e-29
 273.737714      1.680  38.556898    15.3271    -1.5395      1.666    30.7972    22.6644 -9.990e-29
 273.737720      1.671  38.521809    15.3283    -1.5395      1.657    30.7650    22.6395 -9.990e-29
 273.737726      1.658  38.505129    15.3294    -1.5395      1.644    30.7494    22.6272 -9.990e-29
 273.737731      1.644  38.512214    15.3293    -1.5387      1.630    30.7557    22.6321 -9.990e-29
 273.737737      1.639  38.549306    15.3286    -1.5376      1.625    30.7893    22.6580 -9.990e-29
 273.737743      1.645  38.595453    15.3282    -1.5383      1.631    30.8306    22.6899 -9.990e-29
 273.737749      1.658  38.612095    15.3282    -1.5390      1.644    30.8454    22.7013 -9.990e-29
 273.737755      1.672  38.586855    15.3282    -1.5386      1.658    30.8229    22.6840 -9.990e-29
 273.737760      1.681  38.545598    15.3277    -1.5373      1.667    30.7867    22.6562 -9.990e-29
 273.737766      1.688  38.511312    15.3268    -1.5374      1.674    30.7569    22.6335 -9.990e-29
 273.737772      1.693  38.487161    15.3258    -1.5379      1.679    30.7362    22.6178 -9.990e-29
 273.737778      1.691  38.474701    15.3251    -1.5382      1.677    30.7257    22.6099 -9.990e-29
 273.737784      1.678  38.477635    15.3247    -1.5374      1.664    30.7286    22.6122 -9.990e-29
 273.737789      1.662  38.503388    15.3250    -1.5371      1.648    30.7513    22.6296 -9.990e-29
 273.737795      1.655  38.554533    15.3261    -1.5376      1.641    30.7959    22.6636 -9.990e-29
 273.737801      1.656  38.595258    15.3269    -1.5379      1.642    30.8314    22.6908 -9.990e-29
 273.737807      1.656  38.590974    15.3272    -1.5373      1.642    30.8274    22.6876 -9.990e-29
 273.737813      1.653  38.577006    15.3273    -1.5372      1.639    30.8149    22.6780 -9.990e-29
 273.737818      1.648  38.602090    15.3275    -1.5379      1.634    30.8370    22.6950 -9.990e-29
 273.737824      1.647  38.647745    15.3279    -1.5380      1.633    30.8773    22.7259 -9.990e-29
 273.737830      1.646  38.664677    15.3281    -1.5375      1.632    30.8922    22.7373 -9.990e-29
 273.737836      1.639  38.652096    15.3282    -1.5369      1.625    30.8810    22.7286 -9.990e-29
 273.737841      1.631  38.650507    15.3291    -1.5370      1.617    30.8788    22.7268 -9.990e-29
