data/oxygen options/OCNMS/OCNMS1/raw_data/2019/CAST_KL027_191001faed.cnv
* Sea-Bird SBE 19 Data File:
* FileName = C:\2019 Mooring Data\Casts\CAST_KL027_191001.hex
* Software Version SeatermAF 2.1.2
* Temperature SN = 2997
* Conductivity SN = 2997
* System UpLoad Time = Oct 01 2019 16:55:19 (localtime) = Oct 01 2019 16:55:19 (UTC)
** CAST_KL027_191001
* ds
# nquan = 9                                 
# nvalues = 1025                        
# units = specified
# name 0 = timeJ: Julian Days
# name 1 = prSM: Pressure, Strain Gauge [db]
# name 2 = c0mS/cm: Conductivity [mS/cm]
# name 3 = t090C: Temperature [ITS-90, deg C]
# name 4 = sbeox0ML/L: Oxygen, SBE 43 [ml/l]
# name 5 = depSM: Depth [salt water, m], lat = 47.5
# name 6 = sal00: Salinity, Practical [PSU]
# name 7 = sigma-é00: Density [sigma-theta, kg/m^3]
# name 8 = flag: flag
# span 0 = 274.684016, 274.689942       
# span 1 =     -2.472,     28.414       
# span 2 =   0.046013,  38.710742       
# span 3 =     9.7377,    14.3354       
# span 4 =    -1.9465,    11.5329       
# span 5 =     -2.451,     28.175       
# span 6 =     0.0303,    32.9952       
# span 7 =    -0.7777,    25.4219       
# span 8 = 0.0000e+00, 0.0000e+00       
# interval = seconds: 0.5
# start_time = Oct 01 2019 16:24:59 [Instrument's time stamp, header]
# bad_flag = -9.990e-29
*END*
[from data line 161]
 274.684948     -0.134   0.047409    14.0196    -1.9088     -0.133     0.0312    -0.7324 -9.990e-29
 274.684954     -0.120   0.047167    14.0111    -1.9088     -0.119     0.0311    -0.7314 -9.990e-29
 274.684959     -0.111   0.046762    14.0016    -1.9099     -0.110     0.0309    -0.7302 -9.990e-29
 274.684965     -0.103   0.046763    13.9943    -1.9111     -0.102     0.0309    -0.7292 -9.990e-29
 274.684971     -0.092   0.047167    13.9925    -1.9127     -0.091     0.0311    -0.7288 -9.990e-29
 274.684977     -0.081   0.047405    13.9963    -1.9137     -0.080     0.0312    -0.7292 -9.990e-29
 274.684983     -0.073   0.047242    14.0028    -1.9142     -0.072     0.0311    -0.7302 -9.990e-29
 274.684988     -0.069   0.047012    14.0101    -1.9141     -0.068     0.0310    -0.7313 -9.990e-29
 274.684994     -0.067   0.046960    14.0167    -1.9142     -0.066     0.0310    -0.7322 -9.990e-29
 274.685000     -0.064   0.047017    14.0184    -1.9144     -0.063     0.0310    -0.7324 -9.990e-29
 274.685006     -0.060   0.047259    14.0108    -1.9152     -0.059     0.0311    -0.7313 -9.990e-29
 274.685012     -0.057   0.047452    13.9922    -1.9165     -0.057     0.0313    -0.7286 -9.990e-29
 274.685017     -0.052   0.047297    13.9658    -1.9181     -0.052     0.0312    -0.7250 -9.990e-29
 274.685023     -0.041   0.047140    13.9384    -1.9192     -0.041     0.0311    -0.7213 -9.990e-29
 274.685029     -0.022   0.047326    13.9170    -1.9203     -0.022     0.0312    -0.7182 -9.990e-29
 274.685035      0.001   0.047549    13.9043    -1.9211      0.001     0.0313    -0.7164 -9.990e-29
 274.685041      0.022   0.047550    13.8975    -1.9217      0.022     0.0313    -0.7154 -9.990e-29
 274.685046      0.038   0.047329    13.8912    -1.9221      0.038     0.0312    -0.7147 -9.990e-29
 274.685052      0.048   0.047146    13.8806    -1.9227      0.048     0.0311    -0.7133 -9.990e-29
 274.685058      0.059   0.047307    13.8625    -1.9231      0.059     0.0312    -0.7107 -9.990e-29
 274.685064      0.076   0.047473    13.8364    -1.9234      0.075     0.0313    -0.7071 -9.990e-29
 274.685069      0.094   0.047310    13.8065    -1.9234      0.093     0.0312    -0.7030 -9.990e-29
 274.685075      0.107   0.047153    13.7785    -1.9231      0.106     0.0312    -0.6993 -9.990e-29
 274.685081      0.111   0.047347    13.7545    -1.9234      0.110     0.0313    -0.6959 -9.990e-29
 274.685087      0.111   0.047597    13.7347    -1.9239      0.110     0.0314    -0.6931 -9.990e-29
 274.685093      0.112   0.047681    13.7187    -1.9245      0.111     0.0315    -0.6909 -9.990e-29
 274.685098      0.112   0.047710    13.7057    -1.9248      0.111     0.0315    -0.6891 -9.990e-29
 274.685104      0.112   0.047720    13.6947    -1.9249      0.111     0.0315    -0.6876 -9.990e-29
 274.685110      0.113   0.047724    13.6858    -1.9248      0.112     0.0315    -0.6864 -9.990e-29
 274.685116      0.114   0.047726    13.6800    -1.9247      0.113     0.0315    -0.6856 -9.990e-29
 274.685122      0.115   0.047727    13.6776    -1.9247      0.114     0.0315    -0.6853 -9.990e-29
 274.685127      0.117   0.047728    13.6758    -1.9249      0.116     0.0315    -0.6851 -9.990e-29
 274.685133      0.119   0.047729    13.6707    -1.9246      0.118     0.0315    -0.6844 -9.990e-29
 274.685139      0.121   0.047729    13.6621    -1.9252      0.120     0.0315    -0.6832 -9.990e-29
 274.685145      0.124   0.047730    13.6528    -1.9257      0.123     0.0315    -0.6819 -9.990e-29
 274.685150      0.128   0.047731    13.6456    -1.9263      0.127     0.0315    -0.6810 -9.990e-29
 274.685156      0.133   0.047732    13.6422    -1.9274      0.132     0.0315    -0.6805 -9.990e-29
 274.685162      0.140   0.047733    13.6422    -1.9279      0.139     0.0315    -0.6805 -9.990e-29
 274.685168      0.149   0.047733    13.6431    -1.9281      0.148     0.0315    -0.6806 -9.990e-29
 274.685174      0.155   0.047734    13.6425    -1.9281      0.154     0.0315    -0.6806 -9.990e-29
 274.685179      0.156   0.047735    13.6409    -1.9279      0.155     0.0315    -0.6803 -9.990e-29
 274.685185      0.156   0.047736    13.6374    -1.9276      0.155     0.0315    -0.6799 -9.990e-29
 274.685191      0.159   0.047737    13.6293    -1.9274      0.158     0.0315    -0.6788 -9.990e-29
 274.685197      0.165   0.047737    13.6174    -1.9273      0.164     0.0315    -0.6772 -9.990e-29
 274.685203      0.174   0.047738    13.6025    -1.9269      0.173     0.0315    -0.6752 -9.990e-29
 274.685208      0.188   0.047739    13.5867    -1.9267      0.186     0.0315    -0.6730 -9.990e-29
 274.685214      0.202   0.047740    13.5746    -1.9265      0.200     0.0316    -0.6714 -9.990e-29
 274.685220      0.213   0.047741    13.5687    -1.9265      0.211     0.0316    -0.6706 -9.990e-29
 274.685226      0.222   0.047741    13.5680    -1.9265      0.220     0.0316    -0.6705 -9.990e-29
 274.685231      0.230   0.047742    13.5708    -1.9268      0.228     0.0316    -0.6709 -9.990e-29
 274.685237      0.236   0.047742    13.5754    -1.9271      0.234     0.0316    -0.6715 -9.990e-29
 274.685243      0.243   0.047742    13.5803    -1.9273      0.241     0.0315    -0.6722 -9.990e-29
 274.685249      0.253   0.047740    13.5857    -1.9272      0.251     0.0315    -0.6729 -9.990e-29
 274.685255      0.268   0.047732    13.5914    -1.9266      0.266     0.0315    -0.6737 -9.990e-29
 274.685260      0.280   0.047705    13.5960    -1.9257      0.278     0.0315    -0.6743 -9.990e-29
 274.685266      0.286   0.047624    13.5989    -1.9250      0.284     0.0315    -0.6747 -9.990e-29
 274.685272      0.291   0.047379    13.5998    -1.9255      0.289     0.0313    -0.6750 -9.990e-29
 274.685278      0.298   0.047195    13.5983    -1.9259      0.296     0.0312    -0.6748 -9.990e-29
 274.685284      0.304   0.047380    13.5943    -1.9266      0.301     0.0313    -0.6742 -9.990e-29
 274.685289      0.305   0.047627    13.5900    -1.9281      0.302     0.0315    -0.6735 -9.990e-29
 274.685295      0.306   0.047710    13.5887    -1.9301      0.303     0.0315    -0.6733 -9.990e-29
 274.685301      0.311   0.047738    13.5929    -1.9316      0.308     0.0315    -0.6739 -9.990e-29
 274.685307      0.316   0.047748    13.6033    -1.9326      0.313     0.0315    -0.6753 -9.990e-29
 274.685313      0.321   0.047752    13.6161    -1.9331      0.318     0.0315    -0.6770 -9.990e-29
 274.685318      0.331   0.047754    13.6233    -1.9334      0.328     0.0315    -0.6780 -9.990e-29
 274.685324      0.342   0.047755    13.6202    -1.9339      0.339     0.0315    -0.6775 -9.990e-29
 274.685330      0.351   0.047756    13.6083    -1.9341      0.348     0.0315    -0.6759 -9.990e-29
 274.685336      0.357   0.047757    13.5877    -1.9339      0.354     0.0316    -0.6732 -9.990e-29
 274.685341      0.362   0.047757    13.5573    -1.9336      0.359     0.0316    -0.6691 -9.990e-29
 274.685347      0.367   0.047758    13.5219    -1.9332      0.364     0.0316    -0.6644 -9.990e-29
 274.685353      0.370   0.047759    13.4901    -1.9330      0.367     0.0316    -0.6601 -9.990e-29
 274.685359      0.373   0.047760    13.4667    -1.9329      0.370     0.0316    -0.6570 -9.990e-29
 274.685365      0.375   0.047761    13.4510    -1.9326      0.372     0.0316    -0.6549 -9.990e-29
 274.685370      0.377   0.047761    13.4399    -1.9323      0.374     0.0316    -0.6534 -9.990e-29
 274.685376      0.378   0.047762    13.4321    -1.9321      0.375     0.0316    -0.6524 -9.990e-29
 274.685382      0.380   0.047763    13.4289    -1.9318      0.377     0.0316    -0.6520 -9.990e-29
 274.685388      0.381   0.047764    13.4309    -1.9319      0.378     0.0316    -0.6523 -9.990e-29
 274.685394      0.383   0.047765    13.4360    -1.9320      0.380     0.0316    -0.6529 -9.990e-29
 274.685399      0.385   0.047765    13.4420    -1.9323      0.382     0.0316    -0.6537 -9.990e-29
 274.685405      0.387   0.047766    13.4476    -1.9327      0.384     0.0316    -0.6545 -9.990e-29
 274.685411      0.389   0.047767    13.4525    -1.9326      0.386     0.0316    -0.6551 -9.990e-29
 274.685417      0.392   0.047768    13.4577    -1.9328      0.389     0.0316    -0.6558 -9.990e-29
 274.685422      0.396   0.047769    13.4634    -1.9335      0.393     0.0316    -0.6566 -9.990e-29
 274.685428      0.401   0.047769    13.4688    -1.9341      0.398     0.0316    -0.6573 -9.990e-29
 274.685434      0.407   0.047770    13.4722    -1.9346      0.404     0.0316    -0.6577 -9.990e-29
 274.685440      0.415   0.047770    13.4724    -1.9346      0.412     0.0316    -0.6578 -9.990e-29
 274.685446      0.425   0.047771    13.4698    -1.9344      0.421     0.0316    -0.6574 -9.990e-29
 274.685451      0.438   0.047771    13.4652    -1.9342      0.434     0.0316    -0.6568 -9.990e-29
 274.685457      0.450   0.047771    13.4600    -1.9339      0.446     0.0316    -0.6561 -9.990e-29
 274.685463      0.454   0.047772    13.4549    -1.9342      0.450     0.0316    -0.6554 -9.990e-29
 274.685469      0.449   0.047772    13.4476    -1.9354      0.445     0.0316    -0.6545 -9.990e-29
 274.685475      0.445   0.047772    13.4370    -1.9366      0.441     0.0316    -0.6531 -9.990e-29
 274.685480      0.445   0.047772    13.4261    -1.9375      0.441     0.0316    -0.6516 -9.990e-29
 274.685486      0.449   0.047773    13.4185    -1.9384      0.445     0.0316    -0.6506 -9.990e-29
 274.685492      0.458   0.047773    13.4160    -1.9392      0.454     0.0316    -0.6503 -9.990e-29
 274.685498      0.467   0.047773    13.4171    -1.9396      0.463     0.0316    -0.6504 -9.990e-29
 274.685503      0.473   0.047774    13.4191    -1.9394      0.469     0.0316    -0.6507 -9.990e-29
 274.685509      0.481   0.047774    13.4181    -1.9390      0.477     0.0316    -0.6506 -9.990e-29
 274.685515      0.495   0.047774    13.4088    -1.9386      0.491     0.0316    -0.6493 -9.990e-29
 274.685521      0.512   0.047775    13.3902    -1.9379      0.508     0.0316    -0.6469 -9.990e-29
 274.685527      0.525   0.047775    13.3672    -1.9373      0.521     0.0316    -0.6438 -9.990e-29
 274.685532      0.530   0.047775    13.3449    -1.9371      0.526     0.0316    -0.6409 -9.990e-29
 274.685538      0.532   0.047775    13.3255    -1.9372      0.528     0.0317    -0.6384 -9.990e-29
 274.685544      0.539   0.047776    13.3112    -1.9378      0.535     0.0317    -0.6365 -9.990e-29
 274.685550      0.552   0.047776    13.3044    -1.9382      0.547     0.0317    -0.6356 -9.990e-29
 274.685556      0.563   0.047776    13.3053    -1.9385      0.558     0.0317    -0.6357 -9.990e-29
 274.685561      0.568   0.047777    13.3118    -1.9384      0.563     0.0317    -0.6366 -9.990e-29
 274.685567      0.569   0.047777    13.3216    -1.9384      0.564     0.0317    -0.6379 -9.990e-29
 274.685573      0.564   0.047777    13.3325    -1.9381      0.559     0.0317    -0.6393 -9.990e-29
 274.685579      0.554   0.047777    13.3413    -1.9380      0.549     0.0316    -0.6404 -9.990e-29
 274.685584      0.542   0.047778    13.3453    -1.9380      0.537     0.0316    -0.6410 -9.990e-29
 274.685590      0.537   0.047778    13.3433    -1.9380      0.533     0.0316    -0.6407 -9.990e-29
 274.685596      0.541   0.047778    13.3367    -1.9378      0.536     0.0317    -0.6398 -9.990e-29
 274.685602      0.551   0.047779    13.3294    -1.9374      0.546     0.0317    -0.6389 -9.990e-29
 274.685608      0.564   0.047779    13.3248    -1.9369      0.559     0.0317    -0.6383 -9.990e-29
 274.685613      0.579   0.047779    13.3236    -1.9364      0.574     0.0317    -0.6381 -9.990e-29
 274.685619      0.595   0.047780    13.3251    -1.9359      0.590     0.0317    -0.6383 -9.990e-29
 274.685625      0.607   0.047780    13.3282    -1.9357      0.602     0.0317    -0.6387 -9.990e-29
 274.685631      0.616   0.047780    13.3308    -1.9354      0.611     0.0317    -0.6391 -9.990e-29
 274.685637      0.623   0.047780    13.3323    -1.9355      0.618     0.0317    -0.6393 -9.990e-29
 274.685642      0.629   0.047781    13.3347    -1.9356      0.624     0.0317    -0.6396 -9.990e-29
 274.685648      0.634   0.047781    13.3397    -1.9358      0.629     0.0317    -0.6402 -9.990e-29
 274.685654      0.637   0.047781    13.3478    -1.9357      0.632     0.0316    -0.6413 -9.990e-29
 274.685660      0.640   0.047782    13.3580    -1.9357      0.635     0.0316    -0.6426 -9.990e-29
 274.685666      0.642   0.047782    13.3688    -1.9355      0.637     0.0316    -0.6440 -9.990e-29
 274.685671      0.643   0.047782    13.3782    -1.9352      0.638     0.0316    -0.6453 -9.990e-29
 274.685677      0.645   0.047782    13.3850    -1.9348      0.640     0.0316    -0.6462 -9.990e-29
 274.685683      0.646   0.047783    13.3888    -1.9343      0.641     0.0316    -0.6467 -9.990e-29
 274.685689      0.647   0.047783    13.3895    -1.9340      0.642     0.0316    -0.6468 -9.990e-29
 274.685694      0.647   0.047783    13.3881    -1.9336      0.642     0.0316    -0.6466 -9.990e-29
 274.685700      0.648   0.047784    13.3867    -1.9334      0.643     0.0316    -0.6464 -9.990e-29
 274.685706      0.648   0.047784    13.3868    -1.9337      0.643     0.0316    -0.6464 -9.990e-29
 274.685712      0.648   0.047784    13.3889    -1.9336      0.643     0.0316    -0.6467 -9.990e-29
 274.685718      0.649   0.047785    13.3933    -1.9333      0.644     0.0316    -0.6473 -9.990e-29
 274.685723      0.649   0.047785    13.4002    -1.9330      0.644     0.0316    -0.6482 -9.990e-29
 274.685729      0.649   0.047785    13.4089    -1.9328      0.644     0.0316    -0.6493 -9.990e-29
 274.685735      0.650   0.047785    13.4180    -1.9324      0.645     0.0316    -0.6505 -9.990e-29
 274.685741      0.650   0.047786    13.4262    -1.9320      0.645     0.0316    -0.6516 -9.990e-29
 274.685747      0.651   0.047786    13.4327    -1.9317      0.646     0.0316    -0.6525 -9.990e-29
 274.685752      0.652   0.047786    13.4361    -1.9314      0.647     0.0316    -0.6529 -9.990e-29
 274.685758      0.652   0.047787    13.4370    -1.9312      0.647     0.0316    -0.6530 -9.990e-29
 274.685764      0.653   0.047787    13.4389    -1.9309      0.648     0.0316    -0.6533 -9.990e-29
 274.685770      0.654   0.047787    13.4435    -1.9306      0.649     0.0316    -0.6539 -9.990e-29
 274.685775      0.656   0.047787    13.4496    -1.9306      0.651     0.0316    -0.6547 -9.990e-29
 274.685781      0.658   0.047788    13.4566    -1.9306      0.653     0.0316    -0.6556 -9.990e-29
 274.685787      0.660   0.047788    13.4646    -1.9303      0.654     0.0316    -0.6567 -9.990e-29
 274.685793      0.664   0.047788    13.4726    -1.9302      0.658     0.0316    -0.6578 -9.990e-29
 274.685799      0.668   0.047789    13.4798    -1.9299      0.662     0.0316    -0.6587 -9.990e-29
 274.685804      0.673   0.047789    13.4864    -1.9299      0.667     0.0316    -0.6596 -9.990e-29
 274.685810      0.680   0.047789    13.4929    -1.9299      0.674     0.0316    -0.6605 -9.990e-29
 274.685816      0.689   0.047789    13.4992    -1.9302      0.683     0.0316    -0.6613 -9.990e-29
 274.685822      0.700   0.047790    13.5043    -1.9307      0.694     0.0316    -0.6620 -9.990e-29
 274.685828      0.715   0.047790    13.5075    -1.9308      0.709     0.0316    -0.6624 -9.990e-29
 274.685833      0.729   0.047790    13.5100    -1.9301      0.723     0.0316    -0.6627 -9.990e-29
 274.685839      0.736   0.047791    13.5132    -1.9297      0.730     0.0316    -0.6632 -9.990e-29
 274.685845      0.736   0.047791    13.5170    -1.9300      0.730     0.0316    -0.6637 -9.990e-29
 274.685851      0.736   0.047791    13.5204    -1.9303      0.730     0.0316    -0.6641 -9.990e-29
 274.685856      0.743   0.047792    13.5217    -1.9301      0.737     0.0316    -0.6643 -9.990e-29
 274.685862      0.750   0.047792    13.5198    -1.9297      0.744     0.0316    -0.6641 -9.990e-29
