data/oxygen options/OCNMS/OCNMS1/raw_data/2019/CAST_KL027_190828faed.cnv
* Sea-Bird SBE 19 Data File:
* FileName = C:\2019 Mooring Data\Casts\CAST_KL027_190828.hex
* Software Version SeatermAF 2.1.2
* Temperature SN = 2997
* Conductivity SN = 2997
* System UpLoad Time = Aug 28 2019 23:39:52 (localtime) = Aug 28 2019 23:39:52 (UTC)
** CAST_KL027_190828
* ds
# nquan = 9                                 
# nvalues = 877                         
# units = specified
# name 0 = timeJ: Julian Days
# name 1 = prSM: Pressure, Strain Gauge [db]
# name 2 = c0mS/cm: Conductivity [mS/cm]
# name 3 = t090C: Temperature [ITS-90, deg C]
# name 4 = sbeox0ML/L: Oxygen, SBE 43 [ml/l]
# name 5 = depSM: Depth [salt water, m], lat = 47.5
# name 6 = sal00: Salinity, Practical [PSU]
# name 7 = sigma-é00: Density [sigma-theta, kg/m^3]
# name 8 = flag: flag
# span 0 = 240.948079, 240.953148       
# span 1 =     -4.904,     28.189       
# span 2 =   0.301373,  43.639764       
# span 3 =     7.7820,    23.1186       
# span 4 =    -1.6096,    10.8324       
# span 5 =     -4.863,     27.952       
# span 6 =     0.1512,    34.0160       
# span 7 =    -2.3687,    26.2769       
# span 8 = 0.0000e+00, 0.0000e+00       
# interval = seconds: 0.5
# start_time = Aug 28 2019 22:45:14 [Instrument's time stamp, header]
# bad_flag = -9.990e-29
*END*
 240.948079     -4.904 -9.990e-29    22.8326    -1.6083     -4.863 -9.990e-29 -9.990e-29 -9.990e-29
 240.948084     -4.874   0.308725    22.8298    -1.6089     -4.833     0.1555    -2.3018 -9.990e-29
 240.948090     -4.840   0.309672    22.8197    -1.6090     -4.800     0.1560    -2.2990 -9.990e-29
 240.948096     -4.807   0.311405    22.8059    -1.6091     -4.767     0.1569    -2.2951 -9.990e-29
 240.948102     -4.779   0.312913    22.7916    -1.6096     -4.739     0.1577    -2.2911 -9.990e-29
 240.948108     -4.754   0.313253    22.7803    -1.6092     -4.714     0.1580    -2.2883 -9.990e-29
 240.948113     -4.729   0.312880    22.7742    -1.6093     -4.690     0.1578    -2.2870 -9.990e-29
 240.948119     -4.703   0.312773    22.7693    -1.6091     -4.664     0.1577    -2.2859 -9.990e-29
 240.948125     -4.676   0.312790    22.7610    -1.6091     -4.637     0.1578    -2.2839 -9.990e-29
 240.948131     -4.644   0.311664    22.7500    -1.6088     -4.605     0.1572    -2.2817 -9.990e-29
 240.948137     -4.610   0.309557    22.7390    -1.6085     -4.572     0.1562    -2.2799 -9.990e-29
 240.948142     -4.581   0.308089    22.7303    -1.6087     -4.543     0.1555    -2.2784 -9.990e-29
 240.948148     -4.555   0.308072    22.7234    -1.6086     -4.517     0.1555    -2.2768 -9.990e-29
 240.948154     -4.526   0.309484    22.7191    -1.6082     -4.488     0.1562    -2.2752 -9.990e-29
 240.948160     -4.495   0.311441    22.7196    -1.6079     -4.458     0.1572    -2.2746 -9.990e-29
 240.948166     -4.467   0.312126    22.7227    -1.6075     -4.430     0.1576    -2.2751 -9.990e-29
 240.948171     -4.438   0.310794    22.7262    -1.6070     -4.401     0.1569    -2.2764 -9.990e-29
 240.948177     -4.407   0.308991    22.7303    -1.6069     -4.370     0.1560    -2.2781 -9.990e-29
 240.948183     -4.373   0.308742    22.7361    -1.6071     -4.337     0.1558    -2.2795 -9.990e-29
 240.948189     -4.332   0.309718    22.7420    -1.6070     -4.296     0.1563    -2.2805 -9.990e-29
 240.948194     -4.287   0.309899    22.7462    -1.6072     -4.251     0.1564    -2.2815 -9.990e-29
 240.948200     -4.242   0.308976    22.7515    -1.6070     -4.207     0.1559    -2.2831 -9.990e-29
 240.948206     -4.201   0.308487    22.7602    -1.6065     -4.166     0.1556    -2.2853 -9.990e-29
 240.948212     -4.159   0.309444    22.7714    -1.6062     -4.124     0.1561    -2.2876 -9.990e-29
 240.948218     -4.119   0.310907    22.7841    -1.6060     -4.085     0.1568    -2.2901 -9.990e-29
 240.948223     -4.083   0.310956    22.7954    -1.6059     -4.049     0.1567    -2.2927 -9.990e-29
 240.948229     -4.047   0.309104    22.8011    -1.6063     -4.013     0.1558    -2.2948 -9.990e-29
 240.948235     -4.015   0.306758    22.8018    -1.6060     -3.982     0.1546    -2.2959 -9.990e-29
 240.948241     -3.987   0.305774    22.8011    -1.6058     -3.954     0.1541    -2.2961 -9.990e-29
 240.948247     -3.964   0.307054    22.8024    -1.6058     -3.931     0.1548    -2.2959 -9.990e-29
 240.948252     -3.942   0.309540    22.8085    -1.6055     -3.909     0.1560    -2.2964 -9.990e-29
 240.948258     -3.921   0.311010    22.8182    -1.6053     -3.888     0.1567    -2.2981 -9.990e-29
 240.948264     -3.900   0.310658    22.8275    -1.6047     -3.867     0.1565    -2.3005 -9.990e-29
 240.948270     -3.876   0.309123    22.8342    -1.6046     -3.844     0.1557    -2.3027 -9.990e-29
 240.948275     -3.849   0.307128    22.8372    -1.6045     -3.817     0.1547    -2.3041 -9.990e-29
 240.948281     -3.817   0.305337    22.8381    -1.6042     -3.785     0.1538    -2.3050 -9.990e-29
 240.948287     -3.782   0.304131    22.8414    -1.6038     -3.750     0.1532    -2.3063 -9.990e-29
 240.948293     -3.750   0.303563    22.8465    -1.6033     -3.719     0.1529    -2.3077 -9.990e-29
 240.948299     -3.724   0.303430    22.8516    -1.6032     -3.693     0.1528    -2.3090 -9.990e-29
 240.948304     -3.702   0.303557    22.8588    -1.6034     -3.671     0.1528    -2.3106 -9.990e-29
 240.948310     -3.682   0.304116    22.8691    -1.6035     -3.651     0.1531    -2.3129 -9.990e-29
 240.948316     -3.664   0.305298    22.8804    -1.6033     -3.633     0.1536    -2.3151 -9.990e-29
 240.948322     -3.646   0.306467    22.8897    -1.6027     -3.616     0.1542    -2.3169 -9.990e-29
 240.948328     -3.627   0.306416    22.8981    -1.6023     -3.597     0.1541    -2.3189 -9.990e-29
 240.948333     -3.605   0.305077    22.9082    -1.6021     -3.575     0.1534    -2.3218 -9.990e-29
 240.948339     -3.584   0.303435    22.9198    -1.6020     -3.554     0.1526    -2.3252 -9.990e-29
 240.948345     -3.567   0.302069    22.9298    -1.6020     -3.537     0.1519    -2.3281 -9.990e-29
 240.948351     -3.548   0.301373    22.9347    -1.6026     -3.518     0.1515    -2.3296 -9.990e-29
 240.948356     -3.521   0.301528    22.9353    -1.6033     -3.492     0.1516    -2.3296 -9.990e-29
 240.948362     -3.490   0.302189    22.9369    -1.6039     -3.461     0.1519    -2.3298 -9.990e-29
 240.948368     -3.461   0.303133    22.9441    -1.6045     -3.432     0.1524    -2.3311 -9.990e-29
 240.948374     -3.437   0.303958    22.9561    -1.6041     -3.408     0.1527    -2.3337 -9.990e-29
 240.948380     -3.415   0.304104    22.9677    -1.6038     -3.387     0.1528    -2.3364 -9.990e-29
 240.948385     -3.394   0.303768    22.9753    -1.6029     -3.366     0.1526    -2.3383 -9.990e-29
 240.948391     -3.374   0.303611    22.9774    -1.6020     -3.346     0.1525    -2.3389 -9.990e-29
 240.948397     -3.352   0.303978    22.9720    -1.6014     -3.324     0.1527    -2.3375 -9.990e-29
 240.948403     -3.327   0.304805    22.9585    -1.6010     -3.299     0.1531    -2.3339 -9.990e-29
 240.948409     -3.299   0.305539    22.9407    -1.6010     -3.271     0.1536    -2.3294 -9.990e-29
 240.948414     -3.269   0.305496    22.9241    -1.6010     -3.242     0.1536    -2.3254 -9.990e-29
 240.948420     -3.243   0.304621    22.9154    -1.6011     -3.216     0.1532    -2.3237 -9.990e-29
 240.948426     -3.221   0.303411    22.9193    -1.6014     -3.194     0.1526    -2.3251 -9.990e-29
 240.948432     -3.197   0.302467    22.9339    -1.6014     -3.170     0.1521    -2.3289 -9.990e-29
 240.948438     -3.173   0.302192    22.9557    -1.6022     -3.147     0.1518    -2.3343 -9.990e-29
 240.948443     -3.153   0.302773    22.9795    -1.6030     -3.127     0.1521    -2.3397 -9.990e-29
 240.948449     -3.134   0.303879    22.9991    -1.6039     -3.108     0.1526    -2.3440 -9.990e-29
 240.948455     -3.116   0.304772    23.0113    -1.6035     -3.090     0.1530    -2.3466 -9.990e-29
 240.948461     -3.098   0.304986    23.0166    -1.6026     -3.072     0.1531    -2.3478 -9.990e-29
 240.948466     -3.078   0.304254    23.0173    -1.6017     -3.052     0.1527    -2.3482 -9.990e-29
 240.948472     -3.055   0.303261    23.0139    -1.6012     -3.030     0.1522    -2.3478 -9.990e-29
 240.948478     -3.028   0.303454    23.0066    -1.6010     -3.003     0.1523    -2.3459 -9.990e-29
 240.948484     -2.999   0.305091    22.9948    -1.6009     -2.974     0.1532    -2.3425 -9.990e-29
 240.948490     -2.971   0.307036    22.9770    -1.6012     -2.946     0.1542    -2.3375 -9.990e-29
 240.948495     -2.942   0.308008    22.9566    -1.6009     -2.917     0.1548    -2.3322 -9.990e-29
 240.948501     -2.914   0.307643    22.9443    -1.6007     -2.890     0.1546    -2.3294 -9.990e-29
 240.948507     -2.890   0.306562    22.9491    -1.6008     -2.866     0.1541    -2.3310 -9.990e-29
 240.948513     -2.868   0.305540    22.9684    -1.6012     -2.844     0.1535    -2.3360 -9.990e-29
 240.948519     -2.847   0.304875    22.9908    -1.6011     -2.823     0.1531    -2.3416 -9.990e-29
 240.948524     -2.826   0.304236    23.0077    -1.6015     -2.802     0.1527    -2.3459 -9.990e-29
 240.948530     -2.803   0.303328    23.0170    -1.6011     -2.780     0.1522    -2.3485 -9.990e-29
 240.948536     -2.776   0.302599    23.0206    -1.6006     -2.753     0.1519    -2.3496 -9.990e-29
 240.948542     -2.745   0.302742    23.0222    -1.5999     -2.722     0.1519    -2.3499 -9.990e-29
 240.948547     -2.711   0.303948    23.0252    -1.5996     -2.688     0.1525    -2.3502 -9.990e-29
 240.948553     -2.681   0.305613    23.0275    -1.5994     -2.659     0.1533    -2.3501 -9.990e-29
 240.948559     -2.657   0.306637    23.0258    -1.5990     -2.635     0.1539    -2.3493 -9.990e-29
 240.948565     -2.638   0.306725    23.0219    -1.5988     -2.616     0.1539    -2.3484 -9.990e-29
 240.948571     -2.622   0.306552    23.0185    -1.5986     -2.600     0.1538    -2.3476 -9.990e-29
 240.948576     -2.608   0.306441    23.0182    -1.5986     -2.586     0.1538    -2.3476 -9.990e-29
 240.948582     -2.596   0.306243    23.0259    -1.5988     -2.574     0.1537    -2.3495 -9.990e-29
 240.948588     -2.585   0.305698    23.0411    -1.5990     -2.563     0.1533    -2.3534 -9.990e-29
 240.948594     -2.573   0.304634    23.0577    -1.5993     -2.552     0.1528    -2.3577 -9.990e-29
 240.948600     -2.561   0.303293    23.0711    -1.5999     -2.540     0.1520    -2.3615 -9.990e-29
 240.948605     -2.548   0.302103    23.0817    -1.6002     -2.527     0.1514    -2.3645 -9.990e-29
 240.948611     -2.533   0.301695    23.0915    -1.5999     -2.512     0.1512    -2.3670 -9.990e-29
 240.948617     -2.514   0.302632    23.0991    -1.5995     -2.493     0.1516    -2.3684 -9.990e-29
 240.948623     -2.495   0.304503    23.1033    -1.5996     -2.474     0.1525    -2.3687 -9.990e-29
 240.948628     -2.479   0.305929    23.1036    -1.5998     -2.458     0.1533    -2.3683 -9.990e-29
 240.948634     -2.460   0.306045    23.1002    -1.5998     -2.439     0.1533    -2.3674 -9.990e-29
 240.948640     -2.437   0.305561    23.0931    -1.5997     -2.417     0.1531    -2.3659 -9.990e-29
 240.948646     -2.419   0.305495    23.0826    -1.5998     -2.399     0.1531    -2.3634 -9.990e-29
 240.948652     -2.402   0.305759    23.0713    -1.5999     -2.382     0.1533    -2.3606 -9.990e-29
 240.948657     -2.383   0.305602    23.0651    -1.6002     -2.363     0.1532    -2.3591 -9.990e-29
 240.948663     -2.363   0.304816    23.0669    -1.6007     -2.343     0.1528    -2.3599 -9.990e-29
 240.948669     -2.347   0.304013    23.0716    -1.6019     -2.327     0.1524    -2.3613 -9.990e-29
 240.948675     -2.332   0.303784    23.0730    -1.6021     -2.313     0.1523    -2.3617 -9.990e-29
 240.948681     -2.319   0.303825    23.0714    -1.6026     -2.300     0.1523    -2.3613 -9.990e-29
 240.948686     -2.306   0.303640    23.0700    -1.6035     -2.287     0.1522    -2.3611 -9.990e-29
 240.948692     -2.292   0.303535    23.0686    -1.6033     -2.273     0.1522    -2.3608 -9.990e-29
 240.948698     -2.277   0.303927    23.0653    -1.6030     -2.258     0.1524    -2.3598 -9.990e-29
 240.948704     -2.259   0.304787    23.0587    -1.6033     -2.240     0.1528    -2.3579 -9.990e-29
 240.948709     -2.243   0.305602    23.0468    -1.6033     -2.224     0.1533    -2.3547 -9.990e-29
 240.948715     -2.230   0.305799    23.0276    -1.6038     -2.211     0.1534    -2.3501 -9.990e-29
 240.948721     -2.216   0.305642    23.0051    -1.6042     -2.198     0.1534    -2.3447 -9.990e-29
 240.948727     -2.195   0.306585    22.9852    -1.6042     -2.177     0.1540    -2.3396 -9.990e-29
 240.948733     -2.172   0.310439    22.9664    -1.6038     -2.154     0.1559    -2.3336 -9.990e-29
 240.948738     -2.152   0.317364    22.9504    -1.6032     -2.134     0.1595    -2.3272 -9.990e-29
 240.948744     -2.135   0.326076    22.9425    -1.6025     -2.117     0.1639    -2.3219 -9.990e-29
 240.948750     -2.114   0.337120    22.9376    -1.6018     -2.096     0.1694    -2.3165 -9.990e-29
 240.948756     -2.094   0.353045    22.9291    -1.6020     -2.077     0.1775    -2.3084 -9.990e-29
 240.948762     -2.077   0.376267    22.9163    -1.6022     -2.060     0.1893    -2.2964 -9.990e-29
 240.948767     -2.062   0.408410    22.8996    -1.6020     -2.045     0.2057    -2.2800 -9.990e-29
 240.948773     -2.048   0.448598    22.8844    -1.6017     -2.031     0.2263    -2.2607 -9.990e-29
 240.948779     -2.035   0.493399    22.8769    -1.6017     -2.018     0.2494    -2.2415 -9.990e-29
 240.948785     -2.020   0.540545    22.8784    -1.6017     -2.003     0.2737    -2.2233 -9.990e-29
 240.948791     -2.004   0.590896    22.8863    -1.6020     -1.987     0.2998    -2.2054 -9.990e-29
 240.948796     -1.990   0.645149    22.8959    -1.6030     -1.973     0.3280    -2.1862 -9.990e-29
 240.948802     -1.981   0.701386    22.9009    -1.6037     -1.964     0.3575    -2.1651 -9.990e-29
 240.948808     -1.972   0.756757    22.8978    -1.6046     -1.956     0.3866    -2.1422 -9.990e-29
 240.948814     -1.959   0.806833    22.8912    -1.6052     -1.943     0.4131    -2.1205 -9.990e-29
 240.948819     -1.944   0.852253    22.8876    -1.6062     -1.928     0.4372    -2.1014 -9.990e-29
 240.948825     -1.931   0.896790    22.8870    -1.6063     -1.915     0.4609    -2.0833 -9.990e-29
 240.948831     -1.916   0.935036    22.8850    -1.6060     -1.900     0.4813    -2.0673 -9.990e-29
 240.948837     -1.897   0.963164    22.8784    -1.6057     -1.881     0.4964    -2.0543 -9.990e-29
 240.948843     -1.876   0.981571    22.8632    -1.6051     -1.860     0.5065    -2.0431 -9.990e-29
 240.948848     -1.854   0.990432    22.8389    -1.6049     -1.839     0.5115    -2.0336 -9.990e-29
 240.948854     -1.832   0.998237    22.8114    -1.6054     -1.817     0.5160    -2.0237 -9.990e-29
 240.948860     -1.813   1.010407    22.7847    -1.6058     -1.798     0.5228    -2.0122 -9.990e-29
 240.948866     -1.797   1.019908    22.7592    -1.6057     -1.782     0.5282    -2.0021 -9.990e-29
 240.948872     -1.783   1.023348    22.7376    -1.6053     -1.768     0.5303    -1.9954 -9.990e-29
 240.948877     -1.769   1.027525    22.7258    -1.6052     -1.754     0.5327    -1.9908 -9.990e-29
 240.948883     -1.754   1.040776    22.7248    -1.6053     -1.739     0.5399    -1.9851 -9.990e-29
 240.948889     -1.738   1.064707    22.7308    -1.6051     -1.724     0.5527    -1.9768 -9.990e-29
 240.948895     -1.719   1.090795    22.7389    -1.6050     -1.705     0.5667    -1.9681 -9.990e-29
 240.948900     -1.702   1.108962    22.7411    -1.6051     -1.688     0.5765    -1.9612 -9.990e-29
 240.948906     -1.688   1.116844    22.7348    -1.6046     -1.674     0.5808    -1.9564 -9.990e-29
 240.948912     -1.673   1.121074    22.7280    -1.6041     -1.659     0.5832    -1.9530 -9.990e-29
 240.948918     -1.651   1.130615    22.7293    -1.6040     -1.637     0.5883    -1.9494 -9.990e-29
 240.948924     -1.626   1.142125    22.7377    -1.6041     -1.612     0.5945    -1.9467 -9.990e-29
 240.948929     -1.603   1.141041    22.7458    -1.6039     -1.590     0.5938    -1.9492 -9.990e-29
 240.948935     -1.588   1.122591    22.7507    -1.6037     -1.575     0.5837    -1.9579 -9.990e-29
 240.948941     -1.577   1.098728    22.7546    -1.6034     -1.564     0.5708    -1.9687 -9.990e-29
 240.948947     -1.571   1.083602    22.7592    -1.6029     -1.558     0.5625    -1.9760 -9.990e-29
 240.948953     -1.564   1.078088    22.7667    -1.6021     -1.551     0.5595    -1.9801 -9.990e-29
 240.948958     -1.553   1.072063    22.7779    -1.6018     -1.540     0.5561    -1.9853 -9.990e-29
 240.948964     -1.540   1.062475    22.7890    -1.6015     -1.527     0.5508    -1.9920 -9.990e-29
 240.948970     -1.530   1.054263    22.7958    -1.6015     -1.517     0.5463    -1.9970 -9.990e-29
 240.948976     -1.521   1.049214    22.8005    -1.6017     -1.508     0.5435    -2.0002 -9.990e-29
 240.948981     -1.513   1.046133    22.8075    -1.6017     -1.500     0.5418    -2.0032 -9.990e-29
 240.948987     -1.506   1.042017    22.8181    -1.6013     -1.493     0.5394    -2.0074 -9.990e-29
 240.948993     -1.499   1.034144    22.8320    -1.6015     -1.486     0.5350    -2.0141 -9.990e-29
 240.948999     -1.491   1.023645    22.8497    -1.6017     -1.479     0.5292    -2.0227 -9.990e-29
