data/oxygen options/OCNMS/OCNMS1/raw_data/2019/CAST_KL027_191001faed.cnv
* Sea-Bird SBE 19 Data File:
* FileName = C:\2019 Mooring Data\Casts\CAST_KL027_191001.hex
* Software Version SeatermAF 2.1.2
* Temperature SN = 2997
* Conductivity SN = 2997
* System UpLoad Time = Oct 01 2019 16:55:19 (localtime) = Oct 01 2019 16:55:19 (UTC)
** CAST_KL027_191001
* ds
# nquan = 9                                 
# nvalues = 1025                        
# units = specified
# name 0 = timeJ: Julian Days
# name 1 = prSM: Pressure, Strain Gauge [db]
# name 2 = c0mS/cm: Conductivity [mS/cm]
# name 3 = t090C: Temperature [ITS-90, deg C]
# name 4 = sbeox0ML/L: Oxygen, SBE 43 [ml/l]
# name 5 = depSM: Depth [salt water, m], lat = 47.5
# name 6 = sal00: Salinity, Practical [PSU]
# name 7 = sigma-é00: Density [sigma-theta, kg/m^3]
# name 8 = flag: flag
# span 0 = 274.684016, 274.689942       
# span 1 =     -2.472,     28.414       
# span 2 =   0.046013,  38.710742       
# span 3 =     9.7377,    14.3354       
# span 4 =    -1.9465,    11.5329       
# span 5 =     -2.451,     28.175       
# span 6 =     0.0303,    32.9952       
# span 7 =    -0.7777,    25.4219       
# span 8 = 0.0000e+00, 0.0000e+00       
# interval = seconds: 0.5
# start_time = Oct 01 2019 16:24:59 [Instrument's time stamp, header]
# bad_flag = -9.990e-29
*END*
[from data line 801]
 274.688652     28.414  35.876008     9.7489     2.9973     28.175    32.9594    25.4009 -9.990e-29
 274.688657     28.414  35.880515     9.7512     3.0085     28.175    32.9619    25.4025 -9.990e-29
 274.688663     28.401  35.885144     9.7525     3.0010     28.162    32.9654    25.4050 -9.990e-29
 274.688669     28.384  35.888197     9.7519     3.0003     28.145    32.9691    25.4080 -9.990e-29
 274.688675     28.366  35.888676     9.7519     2.9925     28.127    32.9696    25.4084 -9.990e-29
 274.688681     28.346  35.887746     9.7544     2.9856     28.107    32.9664    25.4054 -9.990e-29
 274.688686     28.326  35.888617     9.7567     2.9818     28.088    32.9651    25.4041 -9.990e-29
 274.688692     28.314  35.890178     9.7551     2.9821     28.076    32.9682    25.4068 -9.990e-29
 274.688698     28.314  35.886641     9.7511     2.9928     28.076    32.9683    25.4075 -9.990e-29
 274.688704     28.321  35.879977     9.7490     2.9965     28.083    32.9634    25.4040 -9.990e-29
 274.688709     28.326  35.878069     9.7497     2.9931     28.088    32.9608    25.4019 -9.990e-29
 274.688715     28.323  35.880580     9.7524     2.9904     28.085    32.9609    25.4015 -9.990e-29
 274.688721     28.306  35.884105     9.7577     2.9946     28.068    32.9596    25.3997 -9.990e-29
 274.688727     28.279  35.889392     9.7639     2.9977     28.041    32.9594    25.3984 -9.990e-29
 274.688733     28.243  35.895060     9.7671     2.9933     28.005    32.9622    25.4001 -9.990e-29
 274.688738     28.198  35.897439     9.7658     2.9976     27.961    32.9659    25.4032 -9.990e-29
 274.688744     28.144  35.896870     9.7628     2.9959     27.907    32.9681    25.4054 -9.990e-29
 274.688750     28.090  35.895361     9.7606     2.9975     27.854    32.9686    25.4062 -9.990e-29
 274.688756     28.046  35.891989     9.7575     2.9993     27.810    32.9680    25.4062 -9.990e-29
 274.688762     28.014  35.885027     9.7515     2.9961     27.778    32.9664    25.4059 -9.990e-29
 274.688767     27.992  35.876362     9.7445     2.9887     27.756    32.9640    25.4052 -9.990e-29
 274.688773     27.973  35.870647     9.7399     2.9869     27.738    32.9623    25.4047 -9.990e-29
 274.688779     27.949  35.869751     9.7390     2.9867     27.714    32.9623    25.4048 -9.990e-29
 274.688785     27.912  35.872444     9.7399     2.9955     27.677    32.9642    25.4061 -9.990e-29
 274.688791     27.866  35.875561     9.7403     2.9932     27.632    32.9670    25.4083 -9.990e-29
 274.688796     27.816  35.875390     9.7399     2.9915     27.582    32.9673    25.4085 -9.990e-29
 274.688802     27.767  35.872230     9.7392     2.9899     27.533    32.9647    25.4066 -9.990e-29
 274.688808     27.725  35.869678     9.7388     2.9881     27.492    32.9625    25.4050 -9.990e-29
 274.688814     27.686  35.869341     9.7386     2.9912     27.453    32.9623    25.4049 -9.990e-29
 274.688819     27.641  35.869056     9.7379     2.9987     27.408    32.9627    25.4053 -9.990e-29
 274.688825     27.586  35.868411     9.7377     3.0006     27.354    32.9622    25.4050 -9.990e-29
 274.688831     27.526  35.870436     9.7392     3.0004     27.294    32.9630    25.4053 -9.990e-29
 274.688837     27.461  35.873879     9.7412     2.9988     27.230    32.9647    25.4063 -9.990e-29
 274.688843     27.392  35.874899     9.7423     3.0023     27.162    32.9647    25.4062 -9.990e-29
 274.688848     27.324  35.873706     9.7425     2.9962     27.094    32.9634    25.4051 -9.990e-29
 274.688854     27.259  35.872037     9.7426     3.0014     27.030    32.9616    25.4037 -9.990e-29
 274.688860     27.204  35.871556     9.7437     3.0013     26.975    32.9601    25.4023 -9.990e-29
 274.688866     27.157  35.872713     9.7452     2.9919     26.929    32.9600    25.4019 -9.990e-29
 274.688872     27.117  35.873658     9.7456     2.9913     26.889    32.9606    25.4024 -9.990e-29
 274.688877     27.081  35.872819     9.7450     2.9950     26.853    32.9603    25.4022 -9.990e-29
 274.688883     27.042  35.870727     9.7444     2.9955     26.815    32.9587    25.4011 -9.990e-29
 274.688889     26.994  35.870161     9.7454     2.9976     26.767    32.9572    25.3998 -9.990e-29
 274.688895     26.938  35.872574     9.7492     3.0011     26.711    32.9562    25.3984 -9.990e-29
 274.688900     26.874  35.876112     9.7547     3.0134     26.648    32.9549    25.3964 -9.990e-29
 274.688906     26.802  35.879120     9.7600     3.0323     26.577    32.9531    25.3942 -9.990e-29
 274.688912     26.728  35.881687     9.7647     3.0410     26.503    32.9515    25.3921 -9.990e-29
 274.688918     26.654  35.884299     9.7708     3.0495     26.430    32.9486    25.3888 -9.990e-29
 274.688924     26.585  35.888286     9.7802     3.0551     26.361    32.9441    25.3838 -9.990e-29
 274.688929     26.524  35.894391     9.7942     3.0557     26.301    32.9375    25.3763 -9.990e-29
 274.688935     26.472  35.902442     9.8123     3.0715     26.249    32.9292    25.3669 -9.990e-29
 274.688941     26.425  35.919344     9.8357     3.0724     26.203    32.9251    25.3598 -9.990e-29
 274.688947     26.386  35.948121     9.8621     3.0797     26.164    32.9303    25.3595 -9.990e-29
 274.688953     26.356  35.966754     9.8780     3.0815     26.134    32.9347    25.3603 -9.990e-29
 274.688958     26.332  35.963222     9.8819     3.0987     26.111    32.9276    25.3541 -9.990e-29
 274.688964     26.309  35.956428     9.8866     3.1206     26.088    32.9164    25.3446 -9.990e-29
 274.688970     26.273  35.957560     9.9000     3.1331     26.052    32.9053    25.3337 -9.990e-29
 274.688976     26.222  35.965973     9.9210     3.1479     26.002    32.8948    25.3220 -9.990e-29
 274.688981     26.169  35.980652     9.9431     3.1574     25.949    32.8896    25.3143 -9.990e-29
 274.688987     26.119  35.998862     9.9613     3.1550     25.899    32.8915    25.3128 -9.990e-29
 274.688993     26.074  36.015295     9.9727     3.1509     25.855    32.8978    25.3158 -9.990e-29
 274.688999     26.036  36.031235     9.9812     3.1438     25.817    32.9063    25.3210 -9.990e-29
 274.689005     26.001  36.055709     9.9939     3.1381     25.782    32.9196    25.3293 -9.990e-29
 274.689010     25.967  36.077197    10.0076     3.1241     25.749    32.9289    25.3343 -9.990e-29
 274.689016     25.933  36.084118    10.0137     3.1278     25.715    32.9304    25.3344 -9.990e-29
 274.689022     25.900  36.081311    10.0112     3.1403     25.682    32.9299    25.3344 -9.990e-29
 274.689028     25.871  36.070724    10.0073     3.1485     25.653    32.9227    25.3294 -9.990e-29
 274.689034     25.839  36.063528    10.0100     3.1679     25.622    32.9129    25.3214 -9.990e-29
 274.689039     25.798  36.064216    10.0225     3.1840     25.581    32.9023    25.3110 -9.990e-29
 274.689045     25.746  36.065391    10.0429     3.2023     25.530    32.8849    25.2940 -9.990e-29
 274.689051     25.683  36.070385    10.0714     3.2113     25.467    32.8641    25.2730 -9.990e-29
 274.689057     25.615  36.081468    10.1118     3.2494     25.400    32.8387    25.2464 -9.990e-29
 274.689062     25.545  36.097270    10.1588     3.2824     25.330    32.8121    25.2178 -9.990e-29
 274.689068     25.477  36.117114    10.1950     3.2968     25.263    32.7994    25.2017 -9.990e-29
 274.689074     25.411  36.142915    10.2139     3.3052     25.197    32.8083    25.2056 -9.990e-29
 274.689080     25.349  36.178933    10.2321     3.3079     25.136    32.8282    25.2180 -9.990e-29
 274.689086     25.293  36.215608    10.2568     3.3075     25.080    32.8429    25.2253 -9.990e-29
 274.689091     25.245  36.242570    10.2751     3.3039     25.033    32.8535    25.2305 -9.990e-29
 274.689097     25.202  36.259460    10.2869     3.3174     24.990    32.8599    25.2334 -9.990e-29
 274.689103     25.160  36.270972    10.3034     3.3201     24.948    32.8566    25.2280 -9.990e-29
 274.689109     25.118  36.281906    10.3186     3.3198     24.907    32.8539    25.2233 -9.990e-29
 274.689115     25.073  36.282850    10.3276     3.3255     24.862    32.8467    25.2162 -9.990e-29
 274.689120     25.022  36.276834    10.3364     3.3261     24.812    32.8327    25.2038 -9.990e-29
 274.689126     24.966  36.280569    10.3427     3.3286     24.756    32.8308    25.2012 -9.990e-29
 274.689132     24.909  36.289602    10.3436     3.3324     24.700    32.8391    25.2075 -9.990e-29
 274.689138     24.858  36.297028    10.3417     3.3376     24.649    32.8483    25.2151 -9.990e-29
 274.689144     24.812  36.306679    10.3400     3.3343     24.603    32.8596    25.2241 -9.990e-29
 274.689149     24.770  36.319192    10.3488     3.3273     24.562    32.8642    25.2263 -9.990e-29
 274.689155     24.731  36.334538    10.3736     3.3400     24.523    32.8572    25.2166 -9.990e-29
 274.689161     24.695  36.346388    10.4018     3.3411     24.487    32.8437    25.2012 -9.990e-29
 274.689167     24.651  36.346549    10.4198     3.3535     24.444    32.8276    25.1856 -9.990e-29
 274.689172     24.590  36.343171    10.4268     3.3711     24.383    32.8179    25.1769 -9.990e-29
 274.689178     24.514  36.345844    10.4270     3.3994     24.308    32.8205    25.1788 -9.990e-29
 274.689184     24.422  36.353743    10.4300     3.4109     24.217    32.8257    25.1824 -9.990e-29
 274.689190     24.309  36.360130    10.4513     3.4193     24.105    32.8130    25.1688 -9.990e-29
 274.689196     24.174  36.365207    10.4913     3.4327     23.971    32.7821    25.1379 0.0000e+00
 274.689201     24.028  36.382551    10.5318     3.4460     23.826    32.7631    25.1161 0.0000e+00
 274.689207     23.878  36.418580    10.5659     3.4515     23.677    32.7686    25.1145 0.0000e+00
 274.689213     23.728  36.463193    10.5947     3.4728     23.529    32.7874    25.1242 0.0000e+00
 274.689219     23.575  36.498135    10.6152     3.4968     23.377    32.8040    25.1336 0.0000e+00
 274.689225     23.420  36.518008    10.6349     3.5568     23.223    32.8062    25.1319 0.0000e+00
 274.689230     23.256  36.537645    10.6679     3.6403     23.061    32.7962    25.1184 0.0000e+00
 274.689236     23.078  36.559799    10.7230     3.7325     22.884    32.7689    25.0876 0.0000e+00
 274.689242     22.886  36.578260    10.8053     3.8322     22.694    32.7137    25.0303 0.0000e+00
 274.689248     22.682  36.604857    10.9163     3.9267     22.491    32.6412    24.9544 0.0000e+00
 274.689253     22.466  36.651071    11.0432     4.0050     22.277    32.5743    24.8799 0.0000e+00
 274.689259     22.245  36.720946    11.1620     4.0485     22.058    32.5382    24.8308 0.0000e+00
 274.689265     22.026  36.828236    11.2817     4.0861     21.841    32.5381    24.8094 0.0000e+00
 274.689271     21.813  36.986747    11.4250     4.1277     21.630    32.5674    24.8063 0.0000e+00
 274.689277     21.605  37.159288    11.5570     4.1557     21.424    32.6200    24.8233 0.0000e+00
 274.689282     21.397  37.264080    11.6556     4.1933     21.217    32.6355    24.8173 0.0000e+00
 274.689288     21.189  37.304874    11.7530     4.2055     21.011    32.5897    24.7639 0.0000e+00
 274.689294     20.981  37.361382    11.8599     4.2203     20.805    32.5510    24.7141 0.0000e+00
 274.689300     20.767  37.428962    11.9737     4.2539     20.593    32.5172    24.6667 0.0000e+00
 274.689306     20.548  37.466774    12.0897     4.2840     20.375    32.4528    24.5951 0.0000e+00
 274.689311     20.327  37.494541    12.1868     4.3157     20.156    32.3954    24.5324 0.0000e+00
 274.689317     20.106  37.533714    12.2569     4.3476     19.937    32.3724    24.5014 0.0000e+00
 274.689323     19.884  37.577831    12.3100     4.3668     19.717    32.3690    24.4887 0.0000e+00
 274.689329     19.660  37.619177    12.3502     4.3904     19.495    32.3740    24.4849 0.0000e+00
 274.689334     19.442  37.661455    12.3740     4.4134     19.279    32.3940    24.4959 0.0000e+00
 274.689340     19.236  37.711849    12.3937     4.4289     19.075    32.4253    24.5164 0.0000e+00
 274.689346     19.043  37.773244    12.4245     4.4630     18.883    32.4575    24.5355 0.0000e+00
 274.689352     18.854  37.835180    12.4606     4.5245     18.696    32.4856    24.5504 0.0000e+00
 274.689358     18.662  37.867756    12.5063     4.6174     18.505    32.4773    24.5353 0.0000e+00
 274.689363     18.463  37.869137    12.5757     4.7368     18.308    32.4188    24.4767 0.0000e+00
 274.689369     18.253  37.875426    12.6692     4.8748     18.100    32.3445    24.4011 0.0000e+00
 274.689375     18.031  37.901829    12.7828     5.0145     17.880    32.2723    24.3233 0.0000e+00
 274.689381     17.801  37.941089    12.9087     5.1207     17.652    32.2022    24.2445 0.0000e+00
 274.689387     17.565  37.993012    13.0343     5.2045     17.418    32.1446    24.1754 0.0000e+00
 274.689392     17.330  38.061410    13.1648     5.2511     17.185    32.0985    24.1142 0.0000e+00
 274.689398     17.106  38.145180    13.3040     5.3122     16.963    32.0597    24.0566 0.0000e+00
 274.689404     16.896  38.245230    13.4206     5.3653     16.754    32.0551    24.0299 0.0000e+00
 274.689410     16.691  38.347204    13.4941     5.4205     16.551    32.0885    24.0411 0.0000e+00
 274.689416     16.482  38.407950    13.5501     5.4814     16.344    32.0981    24.0373 0.0000e+00
 274.689421     16.269  38.420077    13.6217     5.5169     16.133    32.0494    23.9852 0.0000e+00
 274.689427     16.056  38.425623    13.7009     5.5630     15.921    31.9884    23.9221 0.0000e+00
 274.689433     15.842  38.442726    13.7693     5.5963     15.709    31.9473    23.8765 0.0000e+00
 274.689439     15.621  38.463492    13.8274     5.6405     15.490    31.9182    23.8423 0.0000e+00
 274.689444     15.393  38.483788    13.8695     5.6909     15.264    31.9020    23.8212 0.0000e+00
 274.689450     15.159  38.505577    13.8916     5.7514     15.032    31.9039    23.8182 0.0000e+00
 274.689456     14.924  38.530011    13.9046     5.7925     14.799    31.9157    23.8246 0.0000e+00
 274.689462     14.683  38.548319    13.9218     5.8065     14.560    31.9184    23.8232 0.0000e+00
 274.689468     14.435  38.550843    13.9439     5.8127     14.314    31.9025    23.8064 0.0000e+00
 274.689473     14.191  38.545523    13.9622     5.8053     14.072    31.8825    23.7872 0.0000e+00
 274.689479     13.959  38.555052    13.9823     5.8132     13.842    31.8747    23.7771 0.0000e+00
 274.689485     13.733  38.577670    14.0081     5.8377     13.618    31.8742    23.7714 0.0000e+00
 274.689491     13.505  38.586501    14.0277     5.8639     13.392    31.8662    23.7612 0.0000e+00
 274.689497     13.271  38.575491    14.0425     5.8908     13.160    31.8439    23.7410 0.0000e+00
 274.689502     13.035  38.565348    14.0532     5.9260     12.926    31.8258    23.7249 0.0000e+00
 274.689508     12.799  38.569532    14.0573     5.9313     12.692    31.8264    23.7244 0.0000e+00
 274.689514     12.563  38.578596    14.0642     5.9316     12.458    31.8291    23.7251 0.0000e+00
 274.689520     12.327  38.577277    14.0785     5.9319     12.224    31.8162    23.7122 0.0000e+00
 274.689525     12.085  38.569510    14.0965     5.9407     11.984    31.7943    23.6916 0.0000e+00
 274.689531     11.836  38.570802    14.1105     5.9511     11.737    31.7840    23.6808 0.0000e+00
 274.689537     11.593  38.582972    14.1197     5.9518     11.496    31.7877    23.6817 0.0000e+00
 274.689543     11.355  38.596580    14.1279     5.9500     11.260    31.7935    23.6845 0.0000e+00
 274.689549     11.118  38.601862    14.1342     5.9422     11.025    31.7932    23.6830 0.0000e+00
 274.689554     10.877  38.598674    14.1388     5.9390     10.786    31.7866    23.6769 0.0000e+00
 274.689560     10.636  38.595745    14.1416     5.9386     10.547    31.7817    23.6726 0.0000e+00
 274.689566     10.396  38.597109    14.1424     5.9390     10.309    31.7824    23.6729 0.0000e+00
