data/oxygen options/OCNMS/OCNMS1/raw_data/2019/CAST_TH042_190528faedb.cnv
* Sea-Bird SBE19 Data File:
* FileName = C:\2019 Mooring Data\Casts\CAST_TH042_190528.hex
* Software Version 1.59
* Temperature SN = 2997
* Conductivity SN = 2997
* System UpLoad Time = May 28 2019 21:47:59
** CAST_TH042_190528
* ds
# nquan = 9
# nvalues = 41                          
# units = specified
# name 0 = timeJ: Julian Days
# name 1 = prSM: Pressure, Strain Gauge [db]
# name 2 = c0mS/cm: Conductivity [mS/cm]
# name 3 = t090C: Temperature [ITS-90, deg C]
# name 4 = sbeox0ML/L: Oxygen, SBE 43 [ml/l]
# name 5 = depSM: Depth [salt water, m], lat = 47.5
# name 6 = sal00: Salinity, Practical [PSU]
# name 7 = sigma-é00: Density [sigma-theta, kg/m^3]
# name 8 = flag: flag
# span 0 = 148.905099, 148.905923       
# span 1 =      2.000,     42.000       
# span 2 =  35.063927,  36.731820       
# span 3 =     8.4692,    14.1616       
# span 4 =     2.4362,     6.8028       
# span 5 =      1.983,     41.645       
# span 6 =    30.0668,    33.4196       
# span 7 =    22.3457,    25.9634       
# span 8 = 0.0000e+00, 0.0000e+00       
# interval = decibars: 1                
# start_time = May 28 2019 21:39:24 [Instrument's time stamp, header]
# bad_flag = -9.990e-29
*END*
 148.905099      2.000  36.731820    14.1616     6.5984      1.983    30.0668    22.3457 0.0000e+00
 148.905124      3.000  36.592408    13.8820     6.6770      2.975    30.1577    22.4722 0.0000e+00
 148.905141      4.000  36.527345    13.7619     6.6985      3.966    30.1922    22.5227 0.0000e+00
 148.905155      5.000  36.513374    13.7181     6.6903      4.958    30.2135    22.5478 0.0000e+00
 148.905173      6.000  36.497268    13.6692     6.6766      5.950    30.2368    22.5756 0.0000e+00
 148.905191      7.000  36.481426    13.6355     6.7279      6.942    30.2484    22.5913 0.0000e+00
 148.905209      8.000  36.468482    13.5954     6.8028      7.933    30.2678    22.6142 0.0000e+00
 148.905226      9.000  36.477764    13.5766     6.7967      8.925    30.2909    22.6358 0.0000e+00
 148.905247     10.000  36.486558    13.5084     6.5368      9.916    30.3527    22.6970 0.0000e+00
 148.905266     11.000  36.418397    13.2842     6.3477     10.908    30.4680    22.8300 0.0000e+00
 148.905284     12.000  36.250853    12.8907     6.2166     11.899    30.6277    23.0294 0.0000e+00
 148.905303     13.000  36.095099    12.6112     5.9331     12.891    30.7077    23.1445 0.0000e+00
 148.905323     14.000  36.000829    12.2280     5.5618     13.883    30.9322    23.3900 0.0000e+00
 148.905343     15.000  35.925387    11.8547     5.2685     14.874    31.1698    23.6429 0.0000e+00
 148.905363     16.000  35.826758    11.3546     5.1775     15.866    31.4962    23.9864 0.0000e+00
 148.905384     17.000  35.768162    11.0861     4.8791     16.858    31.6685    24.1677 0.0000e+00
 148.905405     18.000  35.724752    10.8472     4.6077     17.849    31.8320    24.3365 0.0000e+00
 148.905427     19.000  35.562276    10.3427     4.4969     18.840    32.1114    24.6404 0.0000e+00
 148.905449     20.000  35.447473    10.0409     4.4112     19.832    32.2635    24.8094 0.0000e+00
 148.905474     21.000  35.391062     9.8575     4.2350     20.823    32.3702    24.9229 0.0000e+00
 148.905496     22.000  35.240589     9.4794     4.1466     21.815    32.5574    25.1306 0.0000e+00
 148.905518     23.000  35.240521     9.3602     4.0150     22.807    32.6656    25.2342 0.0000e+00
 148.905540     24.000  35.211100     9.1917     3.8335     23.798    32.7893    25.3576 0.0000e+00
 148.905559     25.000  35.144962     9.0198     3.7759     24.790    32.8787    25.4546 0.0000e+00
 148.905580     26.000  35.129009     8.9766     3.7077     25.781    32.9015    25.4793 0.0000e+00
 148.905603     27.000  35.071126     8.8557     3.6275     26.773    32.9529    25.5382 0.0000e+00
 148.905621     28.000  35.063927     8.8146     3.5470     27.764    32.9831    25.5683 0.0000e+00
 148.905640     29.000  35.087882     8.8112     3.3873     28.756    33.0108    25.5906 0.0000e+00
 148.905660     30.000  35.111284     8.7817     3.1899     29.747    33.0624    25.6355 0.0000e+00
 148.905680     31.000  35.145794     8.7621     3.0385     30.739    33.1164    25.6808 0.0000e+00
 148.905700     32.000  35.162858     8.7315     2.8416     31.731    33.1624    25.7216 0.0000e+00
 148.905721     33.000  35.176430     8.6978     2.6823     32.722    33.2078    25.7623 0.0000e+00
 148.905742     34.000  35.190684     8.6649     2.6358     33.713    33.2532    25.8030 0.0000e+00
 148.905762     35.000  35.192841     8.6355     2.5749     34.705    33.2826    25.8306 0.0000e+00
 148.905782     36.000  35.188521     8.5882     2.5205     35.696    33.3222    25.8689 0.0000e+00
 148.905802     37.000  35.186908     8.5547     2.4856     36.688    33.3517    25.8971 0.0000e+00
 148.905823     38.000  35.186082     8.5417     2.4769     37.679    33.3627    25.9077 0.0000e+00
 148.905846     39.000  35.185376     8.5198     2.4449     38.671    33.3822    25.9263 0.0000e+00
 148.905866     40.000  35.180194     8.4852     2.4370     39.662    33.4091    25.9527 0.0000e+00
 148.905890     41.000  35.184123     8.4808     2.4362     40.654    33.4169    25.9595 0.0000e+00
 148.905923     42.000  35.176819     8.4692     2.4441     41.645    33.4196    25.9634 0.0000e+00
