data/oxygen options/OCNMS/OCNMS1/raw_data/2019/CAST_MB042_191002faed.cnv
* Sea-Bird SBE 19 Data File:
* FileName = C:\2019 Mooring Data\Casts\CAST_MB042_191002.hex
* Software Version SeatermAF 2.1.2
* Temperature SN = 2997
* Conductivity SN = 2997
* System UpLoad Time = Oct 02 2019 17:21:11 (localtime) = Oct 02 2019 17:21:11 (UTC)
** CAST_MB042_191002
* ds
# nquan = 9                                 
# nvalues = 995                         
# units = specified
# name 0 = timeJ: Julian Days
# name 1 = prSM: Pressure, Strain Gauge [db]
# name 2 = c0mS/cm: Conductivity [mS/cm]
# name 3 = t090C: Temperature [ITS-90, deg C]
# name 4 = sbeox0ML/L: Oxygen, SBE 43 [ml/l]
# name 5 = depSM: Depth [salt water, m], lat = 47.5
# name 6 = sal00: Salinity, Practical [PSU]
# name 7 = sigma-é00: Density [sigma-theta, kg/m^3]
# name 8 = flag: flag
# span 0 = 275.701910, 275.707662       
# span 1 =     -4.366,     42.059       
# span 2 =   0.011371,  37.046340       
# span 3 =     8.7703,    11.9304       
# span 4 =    -2.0232,    12.7423       
# span 5 =     -4.330,     41.704       
# span 6 =     0.0110,    33.1628       
# span 7 =    -0.4357,    25.7156       
# span 8 = 0.0000e+00, 0.0000e+00       
# interval = seconds: 0.5
# start_time = Oct 02 2019 16:50:45 [Instrument's time stamp, header]
# bad_flag = -9.990e-29
*END*
 275.701910     -4.366 -9.990e-29    11.4131    -2.0223     -4.330 -9.990e-29 -9.990e-29 -9.990e-29
 275.701916     -4.336   0.011394    11.4144    -2.0223     -4.300     0.0110    -0.4274 -9.990e-29
 275.701921     -4.303   0.011394    11.4155    -2.0222     -4.267     0.0110    -0.4275 -9.990e-29
 275.701927     -4.271   0.011394    11.4167    -2.0221     -4.235     0.0110    -0.4276 -9.990e-29
 275.701933     -4.244   0.011394    11.4180    -2.0221     -4.209     0.0110    -0.4278 -9.990e-29
 275.701939     -4.219   0.011394    11.4194    -2.0221     -4.184     0.0110    -0.4279 -9.990e-29
 275.701944     -4.195   0.011394    11.4208    -2.0220     -4.160     0.0110    -0.4281 -9.990e-29
 275.701950     -4.171   0.011394    11.4216    -2.0220     -4.136     0.0110    -0.4282 -9.990e-29
 275.701956     -4.145   0.011394    11.4221    -2.0219     -4.110     0.0110    -0.4282 -9.990e-29
 275.701962     -4.116   0.011393    11.4228    -2.0218     -4.082     0.0110    -0.4283 -9.990e-29
 275.701968     -4.082   0.011393    11.4242    -2.0218     -4.048     0.0110    -0.4284 -9.990e-29
 275.701973     -4.044   0.011393    11.4258    -2.0219     -4.010     0.0110    -0.4286 -9.990e-29
 275.701979     -4.008   0.011393    11.4269    -2.0218     -3.975     0.0110    -0.4287 -9.990e-29
 275.701985     -3.978   0.011393    11.4277    -2.0219     -3.945     0.0110    -0.4288 -9.990e-29
 275.701991     -3.951   0.011392    11.4285    -2.0219     -3.918     0.0110    -0.4289 -9.990e-29
 275.701997     -3.925   0.011392    11.4295    -2.0220     -3.892     0.0110    -0.4290 -9.990e-29
 275.702002     -3.899   0.011392    11.4307    -2.0221     -3.866     0.0110    -0.4291 -9.990e-29
 275.702008     -3.870   0.011392    11.4323    -2.0222     -3.838     0.0110    -0.4293 -9.990e-29
 275.702014     -3.838   0.011391    11.4338    -2.0223     -3.806     0.0110    -0.4295 -9.990e-29
 275.702020     -3.804   0.011391    11.4345    -2.0224     -3.772     0.0110    -0.4295 -9.990e-29
 275.702025     -3.775   0.011391    11.4343    -2.0225     -3.744     0.0110    -0.4295 -9.990e-29
 275.702031     -3.752   0.011391    11.4338    -2.0227     -3.721     0.0110    -0.4295 -9.990e-29
 275.702037     -3.732   0.011391    11.4334    -2.0229     -3.701     0.0110    -0.4294 -9.990e-29
 275.702043     -3.707   0.011390    11.4328    -2.0229     -3.676     0.0110    -0.4294 -9.990e-29
 275.702049     -3.681   0.011390    11.4316    -2.0229     -3.650     0.0110    -0.4292 -9.990e-29
 275.702054     -3.656   0.011390    11.4297    -2.0230     -3.626     0.0110    -0.4290 -9.990e-29
 275.702060     -3.631   0.011390    11.4276    -2.0230     -3.601     0.0110    -0.4288 -9.990e-29
 275.702066     -3.603   0.011390    11.4253    -2.0231     -3.573     0.0110    -0.4286 -9.990e-29
 275.702072     -3.577   0.011389    11.4229    -2.0231     -3.547     0.0110    -0.4283 -9.990e-29
 275.702078     -3.553   0.011389    11.4203    -2.0232     -3.523     0.0110    -0.4280 -9.990e-29
 275.702083     -3.527   0.011389    11.4176    -2.0231     -3.498     0.0110    -0.4277 -9.990e-29
 275.702089     -3.496   0.011389    11.4154    -2.0231     -3.467     0.0110    -0.4275 -9.990e-29
 275.702095     -3.468   0.011389    11.4139    -2.0231     -3.439     0.0110    -0.4273 -9.990e-29
 275.702101     -3.444   0.011388    11.4128    -2.0230     -3.415     0.0110    -0.4272 -9.990e-29
 275.702106     -3.424   0.011388    11.4115    -2.0229     -3.395     0.0110    -0.4271 -9.990e-29
 275.702112     -3.405   0.011388    11.4102    -2.0228     -3.377     0.0110    -0.4269 -9.990e-29
 275.702118     -3.383   0.011388    11.4094    -2.0229     -3.355     0.0110    -0.4269 -9.990e-29
 275.702124     -3.352   0.011387    11.4093    -2.0229     -3.324     0.0110    -0.4268 -9.990e-29
 275.702130     -3.314   0.011387    11.4097    -2.0229     -3.286     0.0110    -0.4269 -9.990e-29
 275.702135     -3.275   0.011387    11.4103    -2.0228     -3.248     0.0110    -0.4270 -9.990e-29
 275.702141     -3.242   0.011387    11.4109    -2.0228     -3.215     0.0110    -0.4270 -9.990e-29
 275.702147     -3.216   0.011387    11.4117    -2.0228     -3.189     0.0110    -0.4271 -9.990e-29
 275.702153     -3.196   0.011386    11.4128    -2.0227     -3.169     0.0110    -0.4272 -9.990e-29
 275.702159     -3.181   0.011386    11.4141    -2.0226     -3.154     0.0110    -0.4274 -9.990e-29
 275.702164     -3.169   0.011386    11.4152    -2.0226     -3.143     0.0110    -0.4275 -9.990e-29
 275.702170     -3.156   0.011386    11.4158    -2.0226     -3.130     0.0110    -0.4275 -9.990e-29
 275.702176     -3.136   0.011386    11.4161    -2.0226     -3.110     0.0110    -0.4276 -9.990e-29
 275.702182     -3.113   0.011385    11.4165    -2.0226     -3.087     0.0110    -0.4276 -9.990e-29
 275.702187     -3.090   0.011385    11.4170    -2.0226     -3.064     0.0110    -0.4277 -9.990e-29
 275.702193     -3.064   0.011385    11.4178    -2.0224     -3.038     0.0110    -0.4277 -9.990e-29
 275.702199     -3.034   0.011385    11.4189    -2.0223     -3.009     0.0110    -0.4279 -9.990e-29
 275.702205     -3.003   0.011385    11.4203    -2.0220     -2.978     0.0110    -0.4280 -9.990e-29
 275.702211     -2.973   0.011384    11.4218    -2.0220     -2.948     0.0110    -0.4282 -9.990e-29
 275.702216     -2.943   0.011384    11.4228    -2.0219     -2.918     0.0110    -0.4283 -9.990e-29
 275.702222     -2.913   0.011384    11.4232    -2.0218     -2.889     0.0110    -0.4283 -9.990e-29
 275.702228     -2.887   0.011384    11.4234    -2.0217     -2.863     0.0110    -0.4283 -9.990e-29
 275.702234     -2.863   0.011383    11.4239    -2.0216     -2.839     0.0110    -0.4284 -9.990e-29
 275.702240     -2.840   0.011383    11.4253    -2.0216     -2.816     0.0110    -0.4285 -9.990e-29
 275.702245     -2.816   0.011383    11.4278    -2.0214     -2.793     0.0110    -0.4288 -9.990e-29
 275.702251     -2.790   0.011383    11.4312    -2.0212     -2.767     0.0110    -0.4292 -9.990e-29
 275.702257     -2.760   0.011383    11.4349    -2.0210     -2.737     0.0110    -0.4296 -9.990e-29
 275.702263     -2.727   0.011382    11.4379    -2.0207     -2.704     0.0110    -0.4299 -9.990e-29
 275.702269     -2.700   0.011382    11.4400    -2.0205     -2.677     0.0110    -0.4301 -9.990e-29
 275.702274     -2.680   0.011382    11.4416    -2.0204     -2.658     0.0110    -0.4303 -9.990e-29
 275.702280     -2.666   0.011382    11.4432    -2.0203     -2.644     0.0110    -0.4305 -9.990e-29
 275.702286     -2.653   0.011382    11.4452    -2.0202     -2.631     0.0110    -0.4307 -9.990e-29
 275.702292     -2.636   0.011381    11.4478    -2.0201     -2.614     0.0110    -0.4309 -9.990e-29
 275.702297     -2.618   0.011381    11.4512    -2.0200     -2.596     0.0110    -0.4313 -9.990e-29
 275.702303     -2.602   0.011381    11.4551    -2.0198     -2.580     0.0110    -0.4317 -9.990e-29
 275.702309     -2.587   0.011381    11.4595    -2.0197     -2.565     0.0110    -0.4322 -9.990e-29
 275.702315     -2.572   0.011381    11.4642    -2.0196     -2.551     0.0110    -0.4327 -9.990e-29
 275.702321     -2.557   0.011380    11.4683    -2.0195     -2.536     0.0110    -0.4331 -9.990e-29
 275.702326     -2.540   0.011380    11.4711    -2.0195     -2.519     0.0110    -0.4334 -9.990e-29
 275.702332     -2.520   0.011380    11.4734    -2.0195     -2.499     0.0110    -0.4337 -9.990e-29
 275.702338     -2.496   0.011380    11.4761    -2.0194     -2.475     0.0110    -0.4340 -9.990e-29
 275.702344     -2.466   0.011379    11.4790    -2.0196     -2.445     0.0110    -0.4343 -9.990e-29
 275.702350     -2.433   0.011379    11.4820    -2.0198     -2.413     0.0110    -0.4346 -9.990e-29
 275.702355     -2.404   0.011379    11.4849    -2.0199     -2.384     0.0110    -0.4349 -9.990e-29
 275.702361     -2.380   0.011379    11.4874    -2.0200     -2.360     0.0110    -0.4352 -9.990e-29
 275.702367     -2.360   0.011379    11.4893    -2.0200     -2.340     0.0110    -0.4354 -9.990e-29
 275.702373     -2.343   0.011378    11.4907    -2.0202     -2.323     0.0110    -0.4355 -9.990e-29
 275.702378     -2.328   0.011378    11.4916    -2.0203     -2.309     0.0110    -0.4356 -9.990e-29
 275.702384     -2.314   0.011378    11.4922    -2.0205     -2.295     0.0110    -0.4357 -9.990e-29
 275.702390     -2.299   0.011378    11.4918    -2.0206     -2.280     0.0110    -0.4357 -9.990e-29
 275.702396     -2.284   0.011378    11.4894    -2.0207     -2.265     0.0110    -0.4354 -9.990e-29
 275.702402     -2.267   0.011377    11.4865    -2.0208     -2.248     0.0110    -0.4351 -9.990e-29
 275.702407     -2.246   0.011377    11.4842    -2.0212     -2.227     0.0110    -0.4348 -9.990e-29
 275.702413     -2.221   0.011377    11.4825    -2.0216     -2.202     0.0110    -0.4347 -9.990e-29
 275.702419     -2.195   0.011377    11.4808    -2.0220     -2.177     0.0110    -0.4345 -9.990e-29
 275.702425     -2.169   0.011377    11.4788    -2.0222     -2.151     0.0110    -0.4343 -9.990e-29
 275.702431     -2.143   0.011376    11.4762    -2.0224     -2.125     0.0110    -0.4340 -9.990e-29
 275.702436     -2.119   0.011376    11.4733    -2.0225     -2.101     0.0110    -0.4337 -9.990e-29
 275.702442     -2.099   0.011376    11.4704    -2.0227     -2.081     0.0110    -0.4334 -9.990e-29
 275.702448     -2.083   0.011376    11.4672    -2.0228     -2.066     0.0110    -0.4330 -9.990e-29
 275.702454     -2.069   0.011375    11.4630    -2.0228     -2.052     0.0110    -0.4326 -9.990e-29
 275.702459     -2.057   0.011375    11.4568    -2.0227     -2.040     0.0110    -0.4319 -9.990e-29
 275.702465     -2.046   0.011375    11.4495    -2.0228     -2.029     0.0110    -0.4311 -9.990e-29
 275.702471     -2.034   0.011375    11.4427    -2.0226     -2.017     0.0110    -0.4304 -9.990e-29
 275.702477     -2.022   0.011375    11.4373    -2.0224     -2.005     0.0110    -0.4298 -9.990e-29
 275.702483     -2.009   0.011374    11.4333    -2.0223     -1.992     0.0110    -0.4294 -9.990e-29
 275.702488     -1.993   0.011374    11.4300    -2.0224     -1.976     0.0110    -0.4290 -9.990e-29
 275.702494     -1.974   0.011374    11.4272    -2.0222     -1.958     0.0110    -0.4287 -9.990e-29
 275.702500     -1.955   0.011374    11.4255    -2.0221     -1.939     0.0110    -0.4286 -9.990e-29
 275.702506     -1.938   0.011374    11.4252    -2.0219     -1.922     0.0110    -0.4285 -9.990e-29
 275.702512     -1.924   0.011373    11.4256    -2.0218     -1.908     0.0110    -0.4286 -9.990e-29
 275.702517     -1.910   0.011373    11.4265    -2.0219     -1.894     0.0110    -0.4287 -9.990e-29
 275.702523     -1.896   0.011373    11.4284    -2.0220     -1.880     0.0110    -0.4289 -9.990e-29
 275.702529     -1.886   0.011373    11.4308    -2.0221     -1.870     0.0110    -0.4291 -9.990e-29
 275.702535     -1.878   0.011373    11.4327    -2.0225     -1.862     0.0110    -0.4293 -9.990e-29
 275.702541     -1.864   0.011372    11.4346    -2.0225     -1.848     0.0110    -0.4295 -9.990e-29
 275.702546     -1.842   0.011372    11.4372    -2.0224     -1.827     0.0110    -0.4298 -9.990e-29
 275.702552     -1.821   0.011372    11.4403    -2.0224     -1.806     0.0110    -0.4301 -9.990e-29
 275.702558     -1.802   0.011372    11.4430    -2.0223     -1.787     0.0110    -0.4304 -9.990e-29
 275.702564     -1.785   0.011371    11.4442    -2.0224     -1.770     0.0110    -0.4306 -9.990e-29
 275.702569     -1.768   0.011371    11.4436    -2.0223     -1.753     0.0110    -0.4305 -9.990e-29
 275.702575     -1.751   0.011371    11.4416    -2.0223     -1.736     0.0110    -0.4303 -9.990e-29
 275.702581     -1.733   0.011371    11.4385    -2.0223     -1.719     0.0110    -0.4300 -9.990e-29
 275.702587     -1.712   0.011371    11.4354    -2.0221     -1.698     0.0110    -0.4296 -9.990e-29
 275.702593     -1.691   0.011371    11.4337    -2.0221     -1.677     0.0110    -0.4294 -9.990e-29
 275.702598     -1.673   0.011371    11.4337    -2.0221     -1.659     0.0110    -0.4294 -9.990e-29
 275.702604     -1.653   0.011373    11.4346    -2.0220     -1.639     0.0110    -0.4295 -9.990e-29
 275.702610     -1.630   0.011380    11.4352    -2.0220     -1.616     0.0110    -0.4296 -9.990e-29
 275.702616     -1.610   0.011401    11.4353    -2.0220     -1.597     0.0110    -0.4296 -9.990e-29
 275.702622     -1.596   0.011462    11.4357    -2.0219     -1.583     0.0110    -0.4296 -9.990e-29
 275.702627     -1.585   0.011647    11.4365    -2.0218     -1.572     0.0111    -0.4296 -9.990e-29
 275.702633     -1.569   0.012019    11.4377    -2.0218     -1.556     0.0113    -0.4296 -9.990e-29
 275.702639     -1.553   0.012517    11.4390    -2.0217     -1.540     0.0116    -0.4295 -9.990e-29
 275.702645     -1.541   0.013069    11.4400    -2.0217     -1.528     0.0119    -0.4294 -9.990e-29
 275.702650     -1.530   0.013855    11.4406    -2.0216     -1.517     0.0124    -0.4291 -9.990e-29
 275.702656     -1.521   0.015185    11.4410    -2.0217     -1.508     0.0131    -0.4286 -9.990e-29
 275.702662     -1.513   0.017168    11.4415    -2.0218     -1.500     0.0142    -0.4277 -9.990e-29
 275.702668     -1.506   0.019678    11.4424    -2.0218     -1.493     0.0156    -0.4267 -9.990e-29
 275.702674     -1.498   0.022184    11.4435    -2.0219     -1.486     0.0171    -0.4257 -9.990e-29
 275.702679     -1.490   0.024149    11.4446    -2.0218     -1.478     0.0182    -0.4249 -9.990e-29
 275.702685     -1.481   0.025424    11.4456    -2.0218     -1.469     0.0190    -0.4245 -9.990e-29
 275.702691     -1.470   0.026047    11.4467    -2.0218     -1.458     0.0193    -0.4243 -9.990e-29
 275.702697     -1.457   0.026292    11.4478    -2.0218     -1.445     0.0195    -0.4243 -9.990e-29
 275.702703     -1.441   0.026485    11.4484    -2.0219     -1.429     0.0196    -0.4243 -9.990e-29
 275.702708     -1.425   0.026882    11.4477    -2.0219     -1.413     0.0198    -0.4240 -9.990e-29
 275.702714     -1.413   0.027458    11.4466    -2.0221     -1.401     0.0201    -0.4236 -9.990e-29
 275.702720     -1.399   0.027873    11.4459    -2.0222     -1.387     0.0204    -0.4234 -9.990e-29
 275.702726     -1.382   0.028125    11.4452    -2.0223     -1.370     0.0205    -0.4232 -9.990e-29
 275.702731     -1.370   0.028551    11.4449    -2.0224     -1.359     0.0208    -0.4229 -9.990e-29
 275.702737     -1.363   0.029162    11.4452    -2.0227     -1.352     0.0211    -0.4227 -9.990e-29
 275.702743     -1.350   0.029664    11.4455    -2.0227     -1.339     0.0214    -0.4225 -9.990e-29
 275.702749     -1.332   0.030172    11.4451    -2.0227     -1.321     0.0217    -0.4222 -9.990e-29
 275.702755     -1.316   0.030810    11.4436    -2.0226     -1.305     0.0221    -0.4217 -9.990e-29
 275.702760     -1.304   0.031318    11.4414    -2.0225     -1.293     0.0224    -0.4213 -9.990e-29
 275.702766     -1.293   0.031821    11.4392    -2.0224     -1.282     0.0227    -0.4208 -9.990e-29
 275.702772     -1.277   0.032432    11.4370    -2.0223     -1.266     0.0231    -0.4203 -9.990e-29
 275.702778     -1.259   0.032857    11.4347    -2.0221     -1.248     0.0233    -0.4198 -9.990e-29
 275.702784     -1.243   0.033109    11.4321    -2.0221     -1.233     0.0235    -0.4194 -9.990e-29
 275.702789     -1.227   0.033524    11.4295    -2.0221     -1.217     0.0237    -0.4190 -9.990e-29
 275.702795     -1.210   0.034099    11.4280    -2.0221     -1.200     0.0241    -0.4185 -9.990e-29
 275.702801     -1.196   0.034493    11.4279    -2.0220     -1.186     0.0243    -0.4183 -9.990e-29
 275.702807     -1.187   0.034674    11.4287    -2.0220     -1.177     0.0244    -0.4183 -9.990e-29
 275.702812     -1.180   0.034885    11.4303    -2.0221     -1.170     0.0245    -0.4184 -9.990e-29
 275.702818     -1.170   0.035406    11.4324    -2.0221     -1.160     0.0249    -0.4184 -9.990e-29
 275.702824     -1.155   0.036375    11.4348    -2.0221     -1.145     0.0254    -0.4182 -9.990e-29
 275.702830     -1.139   0.037423    11.4369    -2.0221     -1.129     0.0261    -0.4179 -9.990e-29
