data/oxygen options/OCNMS/OCNMS1/raw_data/2019/CAST_CE015_190828faed.cnv
* Sea-Bird SBE 19 Data File:
* FileName = C:\2019 Mooring Data\Casts\CAST_CE015_190828.hex
* Software Version SeatermAF 2.1.2
* Temperature SN = 2997
* Conductivity SN = 2997
* System UpLoad Time = Aug 28 2019 20:31:10 (localtime) = Aug 28 2019 20:31:10 (UTC)
** CAST_CE015_190828
* ds
# nquan = 9                                 
# nvalues = 1279                        
# units = specified
# name 0 = timeJ: Julian Days
# name 1 = prSM: Pressure, Strain Gauge [db]
# name 2 = c0mS/cm: Conductivity [mS/cm]
# name 3 = t090C: Temperature [ITS-90, deg C]
# name 4 = sbeox0ML/L: Oxygen, SBE 43 [ml/l]
# name 5 = depSM: Depth [salt water, m], lat = 47.5
# name 6 = sal00: Salinity, Practical [PSU]
# name 7 = sigma-é00: Density [sigma-theta, kg/m^3]
# name 8 = flag: flag
# span 0 = 240.817222, 240.824618       
# span 1 =     -5.215,     15.842       
# span 2 =   0.323311,  39.538555       
# span 3 =     8.6581,    20.3541       
# span 4 =    -1.7296,    14.5268       
# span 5 =     -5.172,     15.709       
# span 6 =     0.1750,    33.5852       
# span 7 =    -1.5426,    26.0593       
# span 8 = 0.0000e+00, 0.0000e+00       
# interval = seconds: 0.5
# start_time = Aug 28 2019 19:36:48 [Instrument's time stamp, header]
# bad_flag = -9.990e-29
*END*
 240.817222     -5.215 -9.990e-29    18.8867    -1.7265     -5.172 -9.990e-29 -9.990e-29 -9.990e-29
 240.817228     -5.197   0.333645    18.8796    -1.7268     -5.154     0.1828    -1.4299 -9.990e-29
 240.817234     -5.173   0.333274    18.8772    -1.7267     -5.130     0.1826    -1.4296 -9.990e-29
 240.817240     -5.143   0.332716    18.8794    -1.7264     -5.100     0.1822    -1.4302 -9.990e-29
 240.817245     -5.109   0.332334    18.8842    -1.7265     -5.066     0.1820    -1.4314 -9.990e-29
 240.817251     -5.076   0.332173    18.8914    -1.7271     -5.034     0.1819    -1.4328 -9.990e-29
 240.817257     -5.048   0.332017    18.9000    -1.7278     -5.006     0.1818    -1.4346 -9.990e-29
 240.817263     -5.022   0.331660    18.9055    -1.7282     -4.980     0.1816    -1.4359 -9.990e-29
 240.817269     -4.998   0.331180    18.9045    -1.7285     -4.956     0.1813    -1.4359 -9.990e-29
 240.817274     -4.972   0.331042    18.8991    -1.7288     -4.931     0.1812    -1.4349 -9.990e-29
 240.817280     -4.944   0.331064    18.8948    -1.7292     -4.903     0.1813    -1.4340 -9.990e-29
 240.817286     -4.912   0.330721    18.8945    -1.7292     -4.871     0.1811    -1.4341 -9.990e-29
 240.817292     -4.878   0.330110    18.8947    -1.7288     -4.837     0.1807    -1.4344 -9.990e-29
 240.817297     -4.849   0.329522    18.8896    -1.7287     -4.809     0.1804    -1.4336 -9.990e-29
 240.817303     -4.822   0.329284    18.8779    -1.7285     -4.782     0.1804    -1.4314 -9.990e-29
 240.817309     -4.792   0.329631    18.8633    -1.7281     -4.752     0.1806    -1.4284 -9.990e-29
 240.817315     -4.761   0.330472    18.8503    -1.7277     -4.721     0.1811    -1.4254 -9.990e-29
 240.817321     -4.732   0.331269    18.8402    -1.7275     -4.693     0.1816    -1.4231 -9.990e-29
 240.817326     -4.702   0.331422    18.8318    -1.7271     -4.663     0.1817    -1.4214 -9.990e-29
 240.817332     -4.669   0.331134    18.8258    -1.7269     -4.630     0.1816    -1.4203 -9.990e-29
 240.817338     -4.632   0.331129    18.8254    -1.7267     -4.593     0.1816    -1.4202 -9.990e-29
 240.817344     -4.593   0.331402    18.8299    -1.7265     -4.555     0.1817    -1.4210 -9.990e-29
 240.817350     -4.556   0.331207    18.8361    -1.7263     -4.518     0.1816    -1.4223 -9.990e-29
 240.817355     -4.526   0.330286    18.8440    -1.7259     -4.488     0.1810    -1.4243 -9.990e-29
 240.817361     -4.499   0.329072    18.8537    -1.7254     -4.462     0.1803    -1.4267 -9.990e-29
 240.817367     -4.474   0.328161    18.8634    -1.7252     -4.437     0.1798    -1.4290 -9.990e-29
 240.817373     -4.449   0.328001    18.8725    -1.7250     -4.412     0.1797    -1.4309 -9.990e-29
 240.817378     -4.422   0.328379    18.8813    -1.7247     -4.385     0.1798    -1.4324 -9.990e-29
 240.817384     -4.393   0.328689    18.8893    -1.7243     -4.356     0.1800    -1.4339 -9.990e-29
 240.817390     -4.359   0.328793    18.8966    -1.7242     -4.323     0.1800    -1.4353 -9.990e-29
 240.817396     -4.322   0.328827    18.9038    -1.7238     -4.286     0.1800    -1.4367 -9.990e-29
 240.817402     -4.288   0.328837    18.9118    -1.7236     -4.252     0.1800    -1.4383 -9.990e-29
 240.817407     -4.260   0.328839    18.9220    -1.7236     -4.224     0.1799    -1.4403 -9.990e-29
 240.817413     -4.236   0.328836    18.9327    -1.7237     -4.201     0.1799    -1.4424 -9.990e-29
 240.817419     -4.214   0.328822    18.9416    -1.7240     -4.179     0.1798    -1.4442 -9.990e-29
 240.817425     -4.193   0.328781    18.9499    -1.7241     -4.158     0.1798    -1.4459 -9.990e-29
 240.817431     -4.171   0.328658    18.9589    -1.7239     -4.136     0.1797    -1.4477 -9.990e-29
 240.817436     -4.147   0.328289    18.9678    -1.7244     -4.112     0.1794    -1.4496 -9.990e-29
 240.817442     -4.120   0.327735    18.9759    -1.7248     -4.086     0.1791    -1.4515 -9.990e-29
 240.817448     -4.088   0.327366    18.9835    -1.7251     -4.054     0.1789    -1.4531 -9.990e-29
 240.817454     -4.053   0.327243    18.9890    -1.7252     -4.019     0.1788    -1.4543 -9.990e-29
 240.817459     -4.022   0.327202    18.9905    -1.7253     -3.988     0.1788    -1.4546 -9.990e-29
 240.817465     -3.996   0.327190    18.9882    -1.7250     -3.963     0.1788    -1.4542 -9.990e-29
 240.817471     -3.974   0.327190    18.9840    -1.7246     -3.941     0.1788    -1.4533 -9.990e-29
 240.817477     -3.955   0.327200    18.9805    -1.7243     -3.922     0.1788    -1.4526 -9.990e-29
 240.817483     -3.938   0.327235    18.9763    -1.7239     -3.905     0.1788    -1.4518 -9.990e-29
 240.817488     -3.921   0.327341    18.9683    -1.7237     -3.888     0.1789    -1.4501 -9.990e-29
 240.817494     -3.903   0.327660    18.9590    -1.7239     -3.870     0.1791    -1.4481 -9.990e-29
 240.817500     -3.879   0.328063    18.9525    -1.7240     -3.847     0.1794    -1.4467 -9.990e-29
 240.817506     -3.848   0.327980    18.9489    -1.7236     -3.816     0.1793    -1.4460 -9.990e-29
 240.817512     -3.820   0.327301    18.9490    -1.7230     -3.788     0.1790    -1.4463 -9.990e-29
 240.817517     -3.798   0.326782    18.9544    -1.7224     -3.766     0.1787    -1.4476 -9.990e-29
 240.817523     -3.776   0.326841    18.9636    -1.7222     -3.745     0.1787    -1.4494 -9.990e-29
 240.817529     -3.752   0.327003    18.9736    -1.7222     -3.721     0.1787    -1.4513 -9.990e-29
 240.817535     -3.726   0.326928    18.9823    -1.7219     -3.695     0.1786    -1.4531 -9.990e-29
 240.817541     -3.699   0.326517    18.9872    -1.7214     -3.668     0.1784    -1.4542 -9.990e-29
 240.817546     -3.675   0.325776    18.9886    -1.7211     -3.644     0.1780    -1.4548 -9.990e-29
 240.817552     -3.652   0.325376    18.9917    -1.7212     -3.622     0.1777    -1.4556 -9.990e-29
 240.817558     -3.628   0.325893    19.0004    -1.7213     -3.598     0.1780    -1.4571 -9.990e-29
 240.817564     -3.602   0.326910    19.0133    -1.7213     -3.572     0.1785    -1.4593 -9.990e-29
 240.817569     -3.576   0.327567    19.0257    -1.7211     -3.546     0.1788    -1.4615 -9.990e-29
 240.817575     -3.553   0.327634    19.0346    -1.7208     -3.523     0.1788    -1.4632 -9.990e-29
 240.817581     -3.528   0.327752    19.0416    -1.7204     -3.499     0.1789    -1.4645 -9.990e-29
 240.817587     -3.499   0.328080    19.0500    -1.7202     -3.470     0.1790    -1.4661 -9.990e-29
 240.817593     -3.472   0.327949    19.0595    -1.7201     -3.443     0.1789    -1.4680 -9.990e-29
 240.817598     -3.450   0.327183    19.0663    -1.7202     -3.421     0.1784    -1.4697 -9.990e-29
 240.817604     -3.432   0.326421    19.0687    -1.7202     -3.403     0.1780    -1.4705 -9.990e-29
 240.817610     -3.416   0.326311    19.0691    -1.7204     -3.388     0.1780    -1.4706 -9.990e-29
 240.817616     -3.401   0.326705    19.0709    -1.7206     -3.373     0.1782    -1.4708 -9.990e-29
 240.817622     -3.387   0.327021    19.0759    -1.7206     -3.359     0.1783    -1.4717 -9.990e-29
 240.817627     -3.373   0.327126    19.0835    -1.7207     -3.345     0.1783    -1.4732 -9.990e-29
 240.817633     -3.358   0.327161    19.0916    -1.7202     -3.330     0.1783    -1.4748 -9.990e-29
 240.817639     -3.340   0.327174    19.0977    -1.7196     -3.312     0.1783    -1.4760 -9.990e-29
 240.817645     -3.319   0.327183    19.1005    -1.7193     -3.291     0.1783    -1.4766 -9.990e-29
 240.817650     -3.298   0.327198    19.1007    -1.7191     -3.271     0.1783    -1.4766 -9.990e-29
 240.817656     -3.279   0.327239    19.0990    -1.7188     -3.252     0.1783    -1.4762 -9.990e-29
 240.817662     -3.261   0.327360    19.0954    -1.7186     -3.234     0.1784    -1.4755 -9.990e-29
 240.817668     -3.244   0.327725    19.0923    -1.7185     -3.217     0.1786    -1.4747 -9.990e-29
 240.817674     -3.221   0.328266    19.0917    -1.7186     -3.194     0.1789    -1.4743 -9.990e-29
 240.817679     -3.192   0.328595    19.0955    -1.7190     -3.165     0.1791    -1.4750 -9.990e-29
 240.817685     -3.162   0.328599    19.1050    -1.7194     -3.136     0.1791    -1.4768 -9.990e-29
 240.817691     -3.136   0.328283    19.1171    -1.7196     -3.110     0.1789    -1.4794 -9.990e-29
 240.817697     -3.110   0.327779    19.1276    -1.7194     -3.084     0.1785    -1.4817 -9.990e-29
 240.817703     -3.083   0.327525    19.1360    -1.7194     -3.057     0.1784    -1.4835 -9.990e-29
 240.817708     -3.058   0.327733    19.1429    -1.7195     -3.033     0.1784    -1.4848 -9.990e-29
 240.817714     -3.038   0.328128    19.1478    -1.7202     -3.013     0.1786    -1.4856 -9.990e-29
 240.817720     -3.016   0.328130    19.1492    -1.7205     -2.991     0.1786    -1.4859 -9.990e-29
 240.817726     -2.992   0.327741    19.1458    -1.7205     -2.967     0.1784    -1.4854 -9.990e-29
 240.817731     -2.967   0.327551    19.1388    -1.7204     -2.942     0.1784    -1.4841 -9.990e-29
 240.817737     -2.942   0.327859    19.1314    -1.7205     -2.917     0.1786    -1.4824 -9.990e-29
 240.817743     -2.918   0.328523    19.1267    -1.7201     -2.894     0.1789    -1.4812 -9.990e-29
 240.817749     -2.898   0.329323    19.1253    -1.7195     -2.874     0.1794    -1.4806 -9.990e-29
 240.817755     -2.880   0.330217    19.1238    -1.7191     -2.856     0.1799    -1.4799 -9.990e-29
 240.817760     -2.865   0.330736    19.1180    -1.7192     -2.841     0.1802    -1.4785 -9.990e-29
 240.817766     -2.850   0.330465    19.1081    -1.7194     -2.826     0.1801    -1.4767 -9.990e-29
 240.817772     -2.835   0.330150    19.0997    -1.7199     -2.811     0.1799    -1.4751 -9.990e-29
 240.817778     -2.819   0.330477    19.0968    -1.7204     -2.795     0.1801    -1.4744 -9.990e-29
 240.817784     -2.800   0.330776    19.0978    -1.7207     -2.777     0.1803    -1.4745 -9.990e-29
 240.817789     -2.778   0.330338    19.1017    -1.7208     -2.755     0.1800    -1.4754 -9.990e-29
 240.817795     -2.751   0.329686    19.1103    -1.7211     -2.728     0.1797    -1.4774 -9.990e-29
 240.817801     -2.722   0.329612    19.1213    -1.7214     -2.699     0.1796    -1.4797 -9.990e-29
 240.817807     -2.698   0.330017    19.1285    -1.7218     -2.676     0.1798    -1.4809 -9.990e-29
 240.817813     -2.676   0.330337    19.1290    -1.7220     -2.654     0.1799    -1.4809 -9.990e-29
 240.817818     -2.652   0.330443    19.1231    -1.7223     -2.630     0.1800    -1.4797 -9.990e-29
 240.817824     -2.627   0.330479    19.1126    -1.7229     -2.605     0.1801    -1.4776 -9.990e-29
 240.817830     -2.605   0.330491    19.1013    -1.7229     -2.583     0.1801    -1.4753 -9.990e-29
 240.817836     -2.585   0.330494    19.0925    -1.7229     -2.563     0.1802    -1.4735 -9.990e-29
 240.817841     -2.569   0.330492    19.0853    -1.7231     -2.548     0.1802    -1.4721 -9.990e-29
 240.817847     -2.561   0.330484    19.0771    -1.7229     -2.540     0.1802    -1.4705 -9.990e-29
 240.817853     -2.555   0.330457    19.0677    -1.7230     -2.534     0.1802    -1.4686 -9.990e-29
 240.817859     -2.548   0.330376    19.0585    -1.7227     -2.527     0.1802    -1.4668 -9.990e-29
 240.817865     -2.538   0.330134    19.0497    -1.7227     -2.517     0.1801    -1.4651 -9.990e-29
 240.817870     -2.526   0.329962    19.0400    -1.7231     -2.505     0.1801    -1.4633 -9.990e-29
 240.817876     -2.510   0.330186    19.0307    -1.7237     -2.489     0.1802    -1.4613 -9.990e-29
 240.817882     -2.493   0.330551    19.0248    -1.7244     -2.472     0.1805    -1.4600 -9.990e-29
 240.817888     -2.479   0.330988    19.0221    -1.7252     -2.458     0.1807    -1.4593 -9.990e-29
 240.817894     -2.463   0.331528    19.0212    -1.7259     -2.442     0.1810    -1.4588 -9.990e-29
 240.817899     -2.444   0.331783    19.0221    -1.7269     -2.424     0.1812    -1.4589 -9.990e-29
 240.817905     -2.423   0.331538    19.0240    -1.7276     -2.403     0.1810    -1.4594 -9.990e-29
 240.817911     -2.402   0.331023    19.0253    -1.7277     -2.382     0.1807    -1.4599 -9.990e-29
 240.817917     -2.381   0.330656    19.0223    -1.7276     -2.361     0.1805    -1.4594 -9.990e-29
 240.817922     -2.365   0.330503    19.0123    -1.7276     -2.345     0.1805    -1.4575 -9.990e-29
 240.817928     -2.352   0.330360    18.9963    -1.7277     -2.332     0.1805    -1.4544 -9.990e-29
 240.817934     -2.341   0.330037    18.9766    -1.7274     -2.321     0.1804    -1.4506 -9.990e-29
 240.817940     -2.331   0.329656    18.9548    -1.7271     -2.312     0.1802    -1.4464 -9.990e-29
 240.817946     -2.323   0.329634    18.9318    -1.7272     -2.304     0.1803    -1.4419 -9.990e-29
 240.817951     -2.316   0.329941    18.9092    -1.7273     -2.297     0.1806    -1.4373 -9.990e-29
 240.817957     -2.308   0.330247    18.8922    -1.7279     -2.289     0.1808    -1.4338 -9.990e-29
 240.817963     -2.300   0.330408    18.8839    -1.7283     -2.281     0.1809    -1.4320 -9.990e-29
 240.817969     -2.291   0.330453    18.8816    -1.7289     -2.272     0.1810    -1.4316 -9.990e-29
 240.817975     -2.280   0.330444    18.8815    -1.7294     -2.261     0.1810    -1.4316 -9.990e-29
 240.817980     -2.268   0.330368    18.8833    -1.7296     -2.249     0.1809    -1.4319 -9.990e-29
 240.817986     -2.252   0.330126    18.8874    -1.7296     -2.233     0.1808    -1.4329 -9.990e-29
 240.817992     -2.232   0.329947    18.8911    -1.7296     -2.213     0.1807    -1.4337 -9.990e-29
 240.817998     -2.207   0.330148    18.8911    -1.7293     -2.189     0.1808    -1.4336 -9.990e-29
 240.818003     -2.179   0.330443    18.8852    -1.7290     -2.161     0.1810    -1.4323 -9.990e-29
 240.818009     -2.156   0.330674    18.8739    -1.7284     -2.138     0.1811    -1.4299 -9.990e-29
 240.818015     -2.140   0.331149    18.8600    -1.7281     -2.122     0.1814    -1.4270 -9.990e-29
 240.818021     -2.125   0.331948    18.8461    -1.7280     -2.107     0.1819    -1.4239 -9.990e-29
 240.818027     -2.107   0.332475    18.8347    -1.7280     -2.089     0.1823    -1.4214 -9.990e-29
 240.818032     -2.089   0.332328    18.8283    -1.7279     -2.072     0.1822    -1.4202 -9.990e-29
 240.818038     -2.073   0.331863    18.8267    -1.7277     -2.056     0.1820    -1.4201 -9.990e-29
 240.818044     -2.059   0.331567    18.8288    -1.7274     -2.042     0.1818    -1.4207 -9.990e-29
 240.818050     -2.046   0.331602    18.8349    -1.7270     -2.029     0.1818    -1.4218 -9.990e-29
 240.818056     -2.033   0.331460    18.8444    -1.7267     -2.016     0.1817    -1.4238 -9.990e-29
 240.818061     -2.019   0.330950    18.8552    -1.7263     -2.002     0.1814    -1.4261 -9.990e-29
 240.818067     -2.004   0.330502    18.8643    -1.7267     -1.987     0.1811    -1.4281 -9.990e-29
 240.818073     -1.986   0.330072    18.8701    -1.7275     -1.969     0.1808    -1.4294 -9.990e-29
 240.818079     -1.964   0.329643    18.8743    -1.7280     -1.948     0.1806    -1.4305 -9.990e-29
 240.818084     -1.941   0.329748    18.8788    -1.7284     -1.925     0.1806    -1.4313 -9.990e-29
 240.818090     -1.924   0.330530    18.8847    -1.7286     -1.908     0.1810    -1.4321 -9.990e-29
 240.818096     -1.917   0.331369    18.8923    -1.7286     -1.901     0.1814    -1.4333 -9.990e-29
 240.818102     -1.915   0.331724    18.9011    -1.7284     -1.899     0.1816    -1.4349 -9.990e-29
 240.818108     -1.908   0.331514    18.9088    -1.7280     -1.892     0.1815    -1.4365 -9.990e-29
 240.818113     -1.897   0.331013    18.9110    -1.7278     -1.881     0.1812    -1.4371 -9.990e-29
 240.818119     -1.885   0.330662    18.9039    -1.7277     -1.869     0.1810    -1.4359 -9.990e-29
 240.818125     -1.872   0.330547    18.8898    -1.7272     -1.856     0.1810    -1.4331 -9.990e-29
 240.818131     -1.861   0.330515    18.8755    -1.7268     -1.845     0.1810    -1.4303 -9.990e-29
 240.818137     -1.850   0.330524    18.8653    -1.7266     -1.835     0.1811    -1.4283 -9.990e-29
 240.818142     -1.836   0.330588    18.8600    -1.7262     -1.821     0.1811    -1.4272 -9.990e-29
