data/oxygen options/OCNMS/OCNMS1/raw_data/2019/CAST_MB042_190827faed.cnv
* Sea-Bird SBE 19 Data File:
* FileName = C:\2019 Mooring Data\Casts\CAST_MB042_190827.hex
* Software Version SeatermAF 2.1.2
* Temperature SN = 2997
* Conductivity SN = 2997
* System UpLoad Time = Aug 27 2019 17:34:07 (localtime) = Aug 27 2019 17:34:07 (UTC)
** CAST_MB042_190827
* ds
# nquan = 9                                 
# nvalues = 1046                        
# units = specified
# name 0 = timeJ: Julian Days
# name 1 = prSM: Pressure, Strain Gauge [db]
# name 2 = c0mS/cm: Conductivity [mS/cm]
# name 3 = t090C: Temperature [ITS-90, deg C]
# name 4 = sbeox0ML/L: Oxygen, SBE 43 [ml/l]
# name 5 = depSM: Depth [salt water, m], lat = 47.5
# name 6 = sal00: Salinity, Practical [PSU]
# name 7 = sigma-é00: Density [sigma-theta, kg/m^3]
# name 8 = flag: flag
# span 0 = 239.674595, 239.680642       
# span 1 =     -4.944,     42.914       
# span 2 =  -0.000759,  38.316791       
# span 3 =     7.5202,    18.2861       
# span 4 =    -1.7650,    11.7035       
# span 5 =     -4.903,     42.551       
# span 6 =     0.0000,    33.8239       
# span 7 =    -1.4566,    26.4202       
# span 8 = 0.0000e+00, 0.0000e+00       
# interval = seconds: 0.5
# start_time = Aug 27 2019 16:11:25 [Instrument's time stamp, header]
# bad_flag = -9.990e-29
*END*
[from data line 801]
 239.679230     30.780  34.690995     7.5299     2.2003     30.521    33.8083    26.4065 0.0000e+00
 239.679236     31.009  34.691629     7.5298     2.2046     30.748    33.8090    26.4071 0.0000e+00
 239.679242     31.245  34.691567     7.5294     2.2004     30.982    33.8092    26.4073 0.0000e+00
 239.679248     31.491  34.691188     7.5291     2.2045     31.226    33.8089    26.4071 0.0000e+00
 239.679253     31.744  34.691007     7.5289     2.2003     31.477    33.8088    26.4071 0.0000e+00
 239.679259     32.004  34.691245     7.5288     2.1966     31.734    33.8090    26.4073 0.0000e+00
 239.679265     32.271  34.691561     7.5288     2.1906     31.999    33.8093    26.4074 0.0000e+00
 239.679271     32.543  34.691717     7.5288     2.2029     32.269    33.8093    26.4075 0.0000e+00
 239.679277     32.818  34.691823     7.5287     2.1947     32.542    33.8094    26.4076 0.0000e+00
 239.679282     33.086  34.691922     7.5284     2.2009     32.807    33.8096    26.4078 0.0000e+00
 239.679288     33.344  34.692049     7.5282     2.1949     33.063    33.8098    26.4080 0.0000e+00
 239.679294     33.590  34.692273     7.5287     2.1972     33.307    33.8095    26.4077 0.0000e+00
 239.679300     33.824  34.692794     7.5294     2.1970     33.539    33.8093    26.4074 0.0000e+00
 239.679306     34.046  34.693648     7.5295     2.1931     33.759    33.8100    26.4079 0.0000e+00
 239.679311     34.268  34.694199     7.5289     2.1951     33.979    33.8110    26.4089 0.0000e+00
 239.679317     34.498  34.693965     7.5280     2.2013     34.207    33.8116    26.4094 0.0000e+00
 239.679323     34.739  34.693655     7.5272     2.1990     34.446    33.8119    26.4098 0.0000e+00
 239.679329     34.988  34.693875     7.5268     2.1973     34.693    33.8124    26.4102 0.0000e+00
 239.679334     35.246  34.694262     7.5268     2.1954     34.949    33.8127    26.4105 0.0000e+00
 239.679340     35.510  34.694673     7.5269     2.1935     35.211    33.8129    26.4106 0.0000e+00
 239.679346     35.776  34.695000     7.5270     2.1975     35.474    33.8130    26.4107 0.0000e+00
 239.679352     36.035  34.695020     7.5272     2.1896     35.731    33.8127    26.4105 0.0000e+00
 239.679358     36.282  34.695221     7.5276     2.1957     35.976    33.8124    26.4102 0.0000e+00
 239.679363     36.521  34.695772     7.5278     2.1977     36.213    33.8127    26.4104 0.0000e+00
 239.679369     36.758  34.696189     7.5280     2.1997     36.448    33.8129    26.4105 0.0000e+00
 239.679375     36.996  34.696372     7.5281     2.2017     36.684    33.8129    26.4104 0.0000e+00
 239.679381     37.235  34.696467     7.5277     2.1900     36.921    33.8132    26.4108 0.0000e+00
 239.679387     37.479  34.696503     7.5271     2.1881     37.163    33.8137    26.4113 0.0000e+00
 239.679392     37.726  34.696429     7.5265     2.1882     37.408    33.8141    26.4117 0.0000e+00
 239.679398     37.980  34.696608     7.5259     2.1822     37.660    33.8148    26.4123 0.0000e+00
 239.679404     38.242  34.697180     7.5259     2.1842     37.919    33.8153    26.4127 0.0000e+00
 239.679410     38.509  34.697689     7.5265     2.1925     38.184    33.8151    26.4125 0.0000e+00
 239.679416     38.772  34.698156     7.5270     2.1963     38.445    33.8150    26.4123 0.0000e+00
 239.679421     39.031  34.698547     7.5272     2.1923     38.702    33.8151    26.4124 0.0000e+00
 239.679427     39.292  34.698722     7.5269     2.1966     38.960    33.8155    26.4127 0.0000e+00
 239.679433     39.561  34.698819     7.5266     2.1867     39.227    33.8157    26.4129 0.0000e+00
 239.679439     39.832  34.698868     7.5263     2.1865     39.496    33.8159    26.4132 0.0000e+00
 239.679444     40.098  34.698835     7.5258     2.1884     39.759    33.8163    26.4135 0.0000e+00
 239.679450     40.353  34.698578     7.5249     2.1785     40.012    33.8167    26.4140 0.0000e+00
 239.679456     40.598  34.698215     7.5238     2.1807     40.255    33.8173    26.4146 0.0000e+00
 239.679462     40.829  34.698283     7.5230     2.1808     40.484    33.8180    26.4153 0.0000e+00
 239.679468     41.046  34.698773     7.5226     2.1827     40.699    33.8189    26.4160 0.0000e+00
 239.679473     41.248  34.699121     7.5219     2.1868     40.900    33.8198    26.4169 0.0000e+00
 239.679479     41.440  34.699135     7.5208     2.1867     41.090    33.8208    26.4178 0.0000e+00
 239.679485     41.622  34.698937     7.5206     2.1787     41.270    33.8207    26.4177 0.0000e+00
 239.679491     41.792  34.698767     7.5216     2.1766     41.439    33.8195    26.4166 0.0000e+00
 239.679497     41.952  34.699086     7.5225     2.1766     41.598    33.8189    26.4160 0.0000e+00
 239.679502     42.109  34.699693     7.5222     2.1705     41.753    33.8197    26.4168 0.0000e+00
 239.679508     42.272  34.699856     7.5213     2.1725     41.915    33.8207    26.4177 0.0000e+00
 239.679514     42.438  34.699755     7.5207     2.1724     42.079    33.8211    26.4181 0.0000e+00
 239.679520     42.594  34.699778     7.5205     2.1742     42.234    33.8212    26.4182 0.0000e+00
 239.679525     42.726  34.699914     7.5202     2.1781     42.365    33.8216    26.4185 -9.990e-29
 239.679531     42.827  34.700305     7.5202     2.1780     42.465    33.8220    26.4188 -9.990e-29
 239.679537     42.890  34.700874     7.5207     2.1779     42.528    33.8221    26.4188 -9.990e-29
 239.679543     42.914  34.701221     7.5211     2.1778     42.551    33.8221    26.4188 -9.990e-29
 239.679549     42.906  34.701212     7.5212     2.1776     42.543    33.8220    26.4187 -9.990e-29
 239.679554     42.874  34.701356     7.5212     2.1856     42.512    33.8221    26.4188 -9.990e-29
 239.679560     42.820  34.701809     7.5214     2.1795     42.458    33.8225    26.4190 -9.990e-29
 239.679566     42.735  34.702017     7.5214     2.1775     42.374    33.8227    26.4192 -9.990e-29
 239.679572     42.612  34.702222     7.5213     2.1835     42.252    33.8231    26.4195 -9.990e-29
 239.679578     42.453  34.702659     7.5212     2.1755     42.094    33.8238    26.4201 0.0000e+00
 239.679583     42.272  34.702753     7.5212     2.1772     41.915    33.8239    26.4202 0.0000e+00
 239.679589     42.072  34.702594     7.5217     2.1751     41.717    33.8234    26.4197 0.0000e+00
 239.679595     41.864  34.702491     7.5226     2.1812     41.510    33.8225    26.4189 0.0000e+00
 239.679601     41.655  34.702271     7.5235     2.1790     41.303    33.8215    26.4179 0.0000e+00
 239.679606     41.450  34.702164     7.5241     2.1851     41.100    33.8209    26.4174 0.0000e+00
 239.679612     41.251  34.702552     7.5243     2.1769     40.903    33.8212    26.4176 0.0000e+00
 239.679618     41.060  34.703356     7.5247     2.1810     40.713    33.8218    26.4180 0.0000e+00
 239.679624     40.873  34.703933     7.5252     2.1768     40.528    33.8220    26.4181 0.0000e+00
 239.679630     40.686  34.703895     7.5259     2.1809     40.342    33.8214    26.4175 0.0000e+00
 239.679635     40.492  34.703715     7.5268     2.1766     40.150    33.8204    26.4166 0.0000e+00
 239.679641     40.287  34.703673     7.5273     2.1807     39.947    33.8200    26.4162 0.0000e+00
 239.679647     40.079  34.703678     7.5272     2.1765     39.741    33.8202    26.4164 0.0000e+00
 239.679653     39.877  34.703697     7.5270     2.1805     39.540    33.8205    26.4166 0.0000e+00
 239.679659     39.681  34.703722     7.5271     2.1763     39.346    33.8205    26.4166 0.0000e+00
 239.679664     39.482  34.703749     7.5273     2.1884     39.149    33.8204    26.4165 0.0000e+00
 239.679670     39.273  34.703776     7.5273     2.1782     38.942    33.8206    26.4166 0.0000e+00
 239.679676     39.052  34.703803     7.5274     2.1803     38.722    33.8206    26.4167 0.0000e+00
 239.679682     38.823  34.703828     7.5274     2.1822     38.495    33.8207    26.4168 0.0000e+00
 239.679688     38.589  34.703846     7.5275     2.1944     38.263    33.8208    26.4168 0.0000e+00
 239.679693     38.351  34.703845     7.5276     2.1879     38.027    33.8208    26.4168 0.0000e+00
 239.679699     38.111  34.703788     7.5280     2.1963     37.789    33.8204    26.4164 0.0000e+00
 239.679705     37.872  34.703563     7.5286     2.1801     37.552    33.8197    26.4158 0.0000e+00
 239.679711     37.636  34.703390     7.5288     2.1883     37.318    33.8195    26.4155 0.0000e+00
 239.679716     37.404  34.703562     7.5286     2.1718     37.088    33.8200    26.4160 0.0000e+00
 239.679722     37.179  34.703713     7.5284     2.1781     36.865    33.8204    26.4164 0.0000e+00
 239.679728     36.959  34.703450     7.5282     2.1697     36.647    33.8204    26.4164 0.0000e+00
 239.679734     36.740  34.702945     7.5280     2.1719     36.430    33.8202    26.4162 0.0000e+00
 239.679740     36.519  34.702604     7.5280     2.1736     36.211    33.8199    26.4160 0.0000e+00
 239.679745     36.296  34.702498     7.5276     2.1838     35.990    33.8203    26.4164 0.0000e+00
 239.679751     36.065  34.702447     7.5272     2.1773     35.761    33.8208    26.4168 0.0000e+00
 239.679757     35.824  34.702347     7.5273     2.1875     35.522    33.8207    26.4167 0.0000e+00
 239.679763     35.576  34.702026     7.5276     2.1753     35.276    33.8202    26.4162 0.0000e+00
 239.679769     35.321  34.701578     7.5274     2.1755     35.023    33.8200    26.4161 0.0000e+00
 239.679774     35.065  34.701489     7.5270     2.1812     34.769    33.8204    26.4165 0.0000e+00
 239.679780     34.817  34.701606     7.5267     2.1773     34.524    33.8209    26.4170 0.0000e+00
 239.679786     34.583  34.701489     7.5263     2.1668     34.291    33.8213    26.4173 0.0000e+00
 239.679792     34.364  34.701506     7.5262     2.1749     34.074    33.8215    26.4175 0.0000e+00
 239.679797     34.161  34.701642     7.5267     2.1708     33.873    33.8213    26.4172 0.0000e+00
 239.679803     33.964  34.701482     7.5274     2.1807     33.678    33.8205    26.4165 0.0000e+00
 239.679809     33.765  34.701334     7.5279     2.1785     33.480    33.8200    26.4160 0.0000e+00
 239.679815     33.560  34.701525     7.5283     2.1787     33.277    33.8199    26.4159 0.0000e+00
 239.679821     33.344  34.701711     7.5286     2.1825     33.063    33.8199    26.4159 0.0000e+00
 239.679826     33.113  34.701543     7.5286     2.1804     32.834    33.8198    26.4158 0.0000e+00
 239.679832     32.864  34.701319     7.5286     2.1823     32.587    33.8197    26.4157 0.0000e+00
 239.679838     32.604  34.701263     7.5290     2.1784     32.329    33.8194    26.4154 0.0000e+00
 239.679844     32.341  34.701265     7.5293     2.1782     32.069    33.8192    26.4152 0.0000e+00
 239.679850     32.088  34.701293     7.5295     2.1701     31.818    33.8192    26.4152 0.0000e+00
 239.679855     31.855  34.701346     7.5300     2.1762     31.587    33.8189    26.4148 0.0000e+00
 239.679861     31.636  34.701460     7.5303     2.1781     31.370    33.8188    26.4147 0.0000e+00
 239.679867     31.417  34.701749     7.5305     2.1881     31.152    33.8190    26.4149 0.0000e+00
 239.679873     31.189  34.702001     7.5310     2.1838     30.926    33.8189    26.4147 0.0000e+00
 239.679878     30.949  34.701955     7.5314     2.1779     30.688    33.8186    26.4144 0.0000e+00
 239.679884     30.704  34.702073     7.5313     2.1758     30.445    33.8190    26.4147 0.0000e+00
 239.679890     30.460  34.702477     7.5308     2.1740     30.204    33.8200    26.4156 0.0000e+00
 239.679896     30.213  34.702550     7.5307     2.1697     29.959    33.8203    26.4158 0.0000e+00
 239.679902     29.966  34.702351     7.5311     2.1836     29.714    33.8198    26.4154 0.0000e+00
 239.679907     29.729  34.702138     7.5314     2.1793     29.479    33.8194    26.4150 0.0000e+00
 239.679913     29.503  34.701591     7.5313     2.1873     29.255    33.8190    26.4147 0.0000e+00
 239.679919     29.283  34.701062     7.5314     2.1732     29.037    33.8184    26.4143 0.0000e+00
 239.679925     29.063  34.700929     7.5318     2.1715     28.818    33.8180    26.4139 0.0000e+00
 239.679931     28.837  34.700978     7.5320     2.1673     28.594    33.8180    26.4138 0.0000e+00
 239.679936     28.606  34.701237     7.5320     2.1812     28.365    33.8184    26.4141 0.0000e+00
 239.679942     28.370  34.701454     7.5320     2.1748     28.131    33.8187    26.4144 0.0000e+00
 239.679948     28.127  34.701324     7.5321     2.1770     27.890    33.8186    26.4143 0.0000e+00
 239.679954     27.871  34.701194     7.5325     2.1788     27.637    33.8182    26.4139 0.0000e+00
 239.679959     27.603  34.701415     7.5327     2.1748     27.371    33.8184    26.4140 0.0000e+00
 239.679965     27.335  34.701685     7.5326     2.1806     27.105    33.8189    26.4144 0.0000e+00
 239.679971     27.081  34.701769     7.5326     2.1767     26.853    33.8191    26.4146 0.0000e+00
 239.679977     26.841  34.701741     7.5327     2.1766     26.615    33.8191    26.4146 0.0000e+00
 239.679983     26.609  34.701529     7.5327     2.1766     26.385    33.8190    26.4145 0.0000e+00
 239.679988     26.378  34.701374     7.5328     2.1765     26.156    33.8188    26.4143 0.0000e+00
 239.679994     26.147  34.701589     7.5331     2.1685     25.927    33.8189    26.4143 0.0000e+00
 239.680000     25.923  34.701866     7.5335     2.1824     25.705    33.8189    26.4143 0.0000e+00
 239.680006     25.708  34.701976     7.5340     2.1702     25.492    33.8186    26.4140 0.0000e+00
 239.680012     25.497  34.702031     7.5345     2.1841     25.283    33.8183    26.4137 0.0000e+00
 239.680017     25.290  34.702068     7.5350     2.1718     25.077    33.8180    26.4133 0.0000e+00
 239.680023     25.087  34.702099     7.5354     2.1800     24.876    33.8177    26.4131 0.0000e+00
 239.680029     24.882  34.702128     7.5357     2.1717     24.673    33.8175    26.4129 0.0000e+00
 239.680035     24.676  34.702156     7.5359     2.1800     24.469    33.8175    26.4128 0.0000e+00
 239.680041     24.469  34.702184     7.5360     2.1796     24.263    33.8175    26.4128 0.0000e+00
 239.680046     24.256  34.702212     7.5363     2.1818     24.052    33.8173    26.4126 0.0000e+00
 239.680052     24.032  34.702240     7.5369     2.1795     23.830    33.8169    26.4122 0.0000e+00
 239.680058     23.791  34.702268     7.5373     2.1798     23.591    33.8167    26.4119 0.0000e+00
 239.680064     23.531  34.702295     7.5374     2.1756     23.333    33.8167    26.4120 0.0000e+00
 239.680069     23.262  34.702322     7.5375     2.1714     23.067    33.8168    26.4120 0.0000e+00
 239.680075     22.999  34.702348     7.5376     2.1733     22.806    33.8168    26.4120 0.0000e+00
 239.680081     22.753  34.702374     7.5375     2.1714     22.562    33.8171    26.4122 0.0000e+00
 239.680087     22.524  34.702398     7.5375     2.1833     22.335    33.8172    26.4123 0.0000e+00
 239.680093     22.311  34.702415     7.5377     2.1773     22.124    33.8171    26.4122 0.0000e+00
 239.680098     22.109  34.702412     7.5382     2.1831     21.923    33.8168    26.4119 0.0000e+00
 239.680104     21.914  34.702347     7.5386     2.1671     21.730    33.8164    26.4115 0.0000e+00
 239.680110     21.717  34.702095     7.5388     2.1852     21.535    33.8160    26.4112 0.0000e+00
 239.680116     21.511  34.701844     7.5392     2.1688     21.330    33.8155    26.4107 0.0000e+00
 239.680122     21.295  34.701781     7.5399     2.1789     21.116    33.8148    26.4101 0.0000e+00
 239.680127     21.076  34.701784     7.5402     2.1685     20.899    33.8146    26.4099 0.0000e+00
 239.680133     20.867  34.701823     7.5400     2.1748     20.692    33.8150    26.4102 0.0000e+00
 239.680139     20.672  34.701913     7.5397     2.1703     20.498    33.8154    26.4106 0.0000e+00
 239.680145     20.482  34.702136     7.5398     2.1866     20.310    33.8157    26.4108 0.0000e+00
