data/oxygen options/OCNMS/OCNMS1/raw_data/2019/CAST_TH042_190626faedb.cnv
* Sea-Bird SBE19 Data File:
* FileName = C:\2019 Mooring Data\Casts\CAST_TH042_190626.hex
* Software Version 1.59
* Temperature SN = 2997
* Conductivity SN = 2997
* System UpLoad Time = Jun 26 2019 17:21:26
** CAST_TH042_190626
* ds
# nquan = 9
# nvalues = 43                          
# units = specified
# name 0 = timeJ: Julian Days
# name 1 = prSM: Pressure, Strain Gauge [db]
# name 2 = c0mS/cm: Conductivity [mS/cm]
# name 3 = t090C: Temperature [ITS-90, deg C]
# name 4 = sbeox0ML/L: Oxygen, SBE 43 [ml/l]
# name 5 = depSM: Depth [salt water, m], lat = 47.5
# name 6 = sal00: Salinity, Practical [PSU]
# name 7 = sigma-é00: Density [sigma-theta, kg/m^3]
# name 8 = flag: flag
# span 0 = 177.672296, 177.673001       
# span 1 =      2.000,     44.000       
# span 2 =  34.537356,  38.209368       
# span 3 =     7.4198,    12.9563       
# span 4 =     2.1848,     9.5382       
# span 5 =      1.983,     43.628       
# span 6 =    32.4211,    33.7449       
# span 7 =    24.4057,    26.3719       
# span 8 = 0.0000e+00, 0.0000e+00       
# interval = decibars: 1                
# start_time = Jun 26 2019 16:02:39 [Instrument's time stamp, header]
# bad_flag = -9.990e-29
*END*
 177.672296      2.000  38.209368    12.9563     9.5382      1.983    32.4211    24.4057 0.0000e+00
 177.672322      3.000  37.452164    11.8770     7.9004      2.975    32.6313    24.7726 0.0000e+00
 177.672339      4.000  36.815620    11.1151     7.1415      3.966    32.6810    24.9500 0.0000e+00
 177.672355      5.000  36.652807    10.8519     6.3842      4.958    32.7539    25.0530 0.0000e+00
 177.672370      6.000  36.488761    10.5702     5.5208      5.950    32.8427    25.1711 0.0000e+00
 177.672383      7.000  36.294877    10.2649     4.6750      6.942    32.9236    25.2864 0.0000e+00
 177.672398      8.000  36.065464     9.8201     4.1274      7.933    33.0967    25.4959 0.0000e+00
 177.672412      9.000  35.736820     9.3465     3.6821      8.925    33.1963    25.6509 0.0000e+00
 177.672427     10.000  35.475463     8.9459     3.0553      9.916    33.2984    25.7945 0.0000e+00
 177.672441     11.000  35.273139     8.6076     2.6161     10.908    33.4046    25.9300 0.0000e+00
 177.672455     12.000  34.960013     8.1637     2.5142     11.899    33.4947    26.0675 0.0000e+00
 177.672470     13.000  34.747428     7.9030     2.5317     12.891    33.5168    26.1234 0.0000e+00
 177.672486     14.000  34.689021     7.8299     2.5797     13.883    33.5239    26.1397 0.0000e+00
 177.672502     15.000  34.668306     7.8034     2.5788     14.874    33.5267    26.1457 0.0000e+00
 177.672518     16.000  34.660302     7.7914     2.5794     15.866    33.5291    26.1494 0.0000e+00
 177.672534     17.000  34.653339     7.7722     2.5533     16.857    33.5396    26.1604 0.0000e+00
 177.672551     18.000  34.649563     7.7590     2.5158     17.849    33.5478    26.1687 0.0000e+00
 177.672568     19.000  34.636576     7.7263     2.4699     18.841    33.5649    26.1869 0.0000e+00
 177.672584     20.000  34.622067     7.6984     2.4546     19.832    33.5756    26.1993 0.0000e+00
 177.672600     21.000  34.612845     7.6703     2.4420     20.823    33.5924    26.2166 0.0000e+00
 177.672616     22.000  34.609052     7.6577     2.4092     21.815    33.6000    26.2244 0.0000e+00
 177.672632     23.000  34.604498     7.6420     2.3928     22.807    33.6098    26.2343 0.0000e+00
 177.672647     24.000  34.591655     7.6234     2.3702     23.799    33.6134    26.2398 0.0000e+00
 177.672663     25.000  34.590067     7.6150     2.3738     24.790    33.6194    26.2458 0.0000e+00
 177.672678     26.000  34.585594     7.6009     2.3446     25.781    33.6276    26.2543 0.0000e+00
 177.672692     27.000  34.580896     7.5929     2.3474     26.773    33.6298    26.2572 0.0000e+00
 177.672706     28.000  34.578719     7.5817     2.3389     27.764    33.6378    26.2651 0.0000e+00
 177.672721     29.000  34.575955     7.5713     2.3316     28.756    33.6445    26.2718 0.0000e+00
 177.672735     30.000  34.572976     7.5592     2.3291     29.748    33.6525    26.2798 0.0000e+00
 177.672751     31.000  34.569254     7.5470     2.3226     30.739    33.6598    26.2873 0.0000e+00
 177.672766     32.000  34.567287     7.5417     2.3201     31.730    33.6623    26.2901 0.0000e+00
 177.672782     33.000  34.565935     7.5379     2.3054     32.722    33.6641    26.2920 0.0000e+00
 177.672797     34.000  34.566227     7.5369     2.3145     33.714    33.6649    26.2928 0.0000e+00
 177.672813     35.000  34.567167     7.5344     2.2812     34.705    33.6678    26.2954 0.0000e+00
 177.672828     36.000  34.564327     7.5236     2.2539     35.697    33.6748    26.3025 0.0000e+00
 177.672843     37.000  34.557986     7.4963     2.2172     36.688    33.6939    26.3214 0.0000e+00
 177.672857     38.000  34.547860     7.4538     2.1944     37.679    33.7237    26.3509 0.0000e+00
 177.672871     39.000  34.539639     7.4259     2.2106     38.671    33.7416    26.3689 0.0000e+00
 177.672886     40.000  34.537938     7.4215     2.1981     39.662    33.7434    26.3710 0.0000e+00
 177.672902     41.000  34.537356     7.4202     2.2179     40.654    33.7436    26.3714 0.0000e+00
 177.672919     42.000  34.538049     7.4198     2.1949     41.645    33.7443    26.3719 0.0000e+00
 177.672938     43.000  34.539934     7.4214     2.2019     42.637    33.7443    26.3717 0.0000e+00
 177.673001     44.000  34.544035     7.4249     2.1848     43.628    33.7449    26.3717 0.0000e+00
