data/oxygen options/OCNMS/OCNMS1/raw_data/2019/CAST_TH042_191001faed.cnv
* Sea-Bird SBE 19 Data File:
* FileName = C:\2019 Mooring Data\Casts\CAST_TH042_191001.hex
* Software Version SeatermAF 2.1.2
* Temperature SN = 2997
* Conductivity SN = 2997
* System UpLoad Time = Oct 01 2019 21:10:59 (localtime) = Oct 01 2019 21:10:59 (UTC)
** CAST_TH042_191001
* ds
# nquan = 9                                 
# nvalues = 1226                        
# units = specified
# name 0 = timeJ: Julian Days
# name 1 = prSM: Pressure, Strain Gauge [db]
# name 2 = c0mS/cm: Conductivity [mS/cm]
# name 3 = t090C: Temperature [ITS-90, deg C]
# name 4 = sbeox0ML/L: Oxygen, SBE 43 [ml/l]
# name 5 = depSM: Depth [salt water, m], lat = 47.5
# name 6 = sal00: Salinity, Practical [PSU]
# name 7 = sigma-é00: Density [sigma-theta, kg/m^3]
# name 8 = flag: flag
# span 0 = 274.841539, 274.848628       
# span 1 =     -3.326,     44.179       
# span 2 =   0.460268,  38.157274       
# span 3 =     8.3535,    14.6439       
# span 4 =    -1.9072,    13.0134       
# span 5 =     -3.298,     43.806       
# span 6 =     0.2824,    33.4001       
# span 7 =    -0.6111,    25.9654       
# span 8 = 0.0000e+00, 0.0000e+00       
# interval = seconds: 0.5
# start_time = Oct 01 2019 20:11:49 [Instrument's time stamp, header]
# bad_flag = -9.990e-29
*END*
[from data line 801]
 274.846175     32.345  35.098741     8.5912     2.5773     32.073    33.2266    25.7934 0.0000e+00
 274.846181     32.605  35.091081     8.5610     2.5916     32.330    33.2469    25.8139 0.0000e+00
 274.846186     32.858  35.089304     8.5409     2.6305     32.581    33.2638    25.8303 0.0000e+00
 274.846192     33.103  35.090449     8.5252     2.6674     32.824    33.2797    25.8451 0.0000e+00
 274.846198     33.343  35.091530     8.5077     2.7083     33.062    33.2973    25.8615 0.0000e+00
 274.846204     33.584  35.081644     8.4812     2.7202     33.301    33.3118    25.8769 0.0000e+00
 274.846209     33.834  35.058216     8.4447     2.7030     33.549    33.3214    25.8900 0.0000e+00
 274.846215     34.094  35.026927     8.4069     2.6516     33.807    33.3240    25.8977 0.0000e+00
 274.846221     34.357  34.997527     8.3786     2.5540     34.067    33.3196    25.8985 0.0000e+00
 274.846227     34.608  34.982283     8.3648     2.4717     34.316    33.3164    25.8981 0.0000e+00
 274.846233     34.847  34.983785     8.3628     2.4117     34.553    33.3198    25.9011 0.0000e+00
 274.846238     35.080  34.997843     8.3717     2.3855     34.784    33.3261    25.9047 0.0000e+00
 274.846244     35.314  35.026378     8.3925     2.3752     35.016    33.3365    25.9097 0.0000e+00
 274.846250     35.555  35.063185     8.4162     2.3792     35.255    33.3529    25.9190 0.0000e+00
 274.846256     35.805  35.087893     8.4313     2.3910     35.503    33.3646    25.9259 0.0000e+00
 274.846262     36.062  35.096476     8.4362     2.4008     35.758    33.3689    25.9285 0.0000e+00
 274.846267     36.327  35.098113     8.4354     2.4050     36.021    33.3712    25.9305 0.0000e+00
 274.846273     36.600  35.096640     8.4327     2.4126     36.291    33.3721    25.9316 0.0000e+00
 274.846279     36.875  35.093982     8.4302     2.4126     36.564    33.3715    25.9315 0.0000e+00
 274.846285     37.144  35.091606     8.4279     2.4105     36.831    33.3711    25.9315 0.0000e+00
 274.846291     37.405  35.089114     8.4253     2.4043     37.089    33.3708    25.9317 0.0000e+00
 274.846296     37.655  35.084832     8.4222     2.4234     37.337    33.3691    25.9308 0.0000e+00
 274.846302     37.898  35.079741     8.4183     2.4302     37.578    33.3673    25.9300 0.0000e+00
 274.846308     38.140  35.078219     8.4150     2.4398     37.818    33.3687    25.9316 0.0000e+00
 274.846314     38.386  35.080449     8.4135     2.4513     38.062    33.3723    25.9347 0.0000e+00
 274.846319     38.631  35.081537     8.4116     2.4554     38.305    33.3752    25.9372 0.0000e+00
 274.846325     38.881  35.078983     8.4063     2.4534     38.553    33.3774    25.9398 0.0000e+00
 274.846331     39.141  35.071595     8.3972     2.4419     38.811    33.3781    25.9417 0.0000e+00
 274.846337     39.412  35.061251     8.3885     2.4347     39.079    33.3753    25.9408 0.0000e+00
 274.846343     39.680  35.055961     8.3846     2.4254     39.345    33.3732    25.9398 0.0000e+00
 274.846348     39.933  35.057038     8.3849     2.4139     39.596    33.3740    25.9403 0.0000e+00
 274.846354     40.169  35.057490     8.3847     2.4065     39.830    33.3745    25.9408 0.0000e+00
 274.846360     40.399  35.055650     8.3822     2.4069     40.058    33.3749    25.9414 0.0000e+00
 274.846366     40.630  35.055757     8.3799     2.4066     40.287    33.3770    25.9435 0.0000e+00
 274.846372     40.859  35.059045     8.3788     2.3985     40.514    33.3815    25.9471 0.0000e+00
 274.846377     41.087  35.062030     8.3780     2.4064     40.740    33.3853    25.9502 0.0000e+00
 274.846383     41.317  35.063066     8.3772     2.4180     40.968    33.3870    25.9517 0.0000e+00
 274.846389     41.550  35.062945     8.3760     2.4192     41.199    33.3879    25.9526 0.0000e+00
 274.846395     41.791  35.061476     8.3737     2.4231     41.438    33.3884    25.9534 0.0000e+00
 274.846400     42.041  35.058914     8.3699     2.4255     41.686    33.3892    25.9546 0.0000e+00
 274.846406     42.288  35.055731     8.3649     2.4333     41.931    33.3905    25.9563 0.0000e+00
 274.846412     42.527  35.052133     8.3603     2.4232     42.168    33.3909    25.9573 0.0000e+00
 274.846418     42.756  35.049451     8.3578     2.4174     42.395    33.3903    25.9573 0.0000e+00
 274.846424     42.972  35.047998     8.3569     2.4119     42.609    33.3896    25.9568 0.0000e+00
 274.846429     43.172  35.047118     8.3564     2.4119     42.807    33.3890    25.9564 0.0000e+00
 274.846435     43.352  35.046740     8.3561     2.4037     42.986    33.3888    25.9563 0.0000e+00
 274.846441     43.506  35.047089     8.3560     2.4002     43.138    33.3892    25.9567 0.0000e+00
 274.846447     43.636  35.048051     8.3554     2.4077     43.267    33.3907    25.9580 -9.990e-29
 274.846453     43.748  35.048282     8.3545     2.4053     43.378    33.3918    25.9589 -9.990e-29
 274.846458     43.848  35.047517     8.3542     2.4184     43.477    33.3912    25.9585 -9.990e-29
 274.846464     43.931  35.047526     8.3548     2.4185     43.560    33.3906    25.9579 -9.990e-29
 274.846470     43.995  35.048870     8.3563     2.4167     43.623    33.3906    25.9577 -9.990e-29
 274.846476     44.043  35.050529     8.3577     2.4112     43.671    33.3910    25.9578 -9.990e-29
 274.846481     44.084  35.051904     8.3586     2.4057     43.711    33.3916    25.9581 -9.990e-29
 274.846487     44.116  35.052579     8.3588     2.4136     43.743    33.3921    25.9585 -9.990e-29
 274.846493     44.136  35.052324     8.3589     2.4249     43.763    33.3917    25.9582 -9.990e-29
 274.846499     44.145  35.051908     8.3602     2.4227     43.772    33.3900    25.9567 -9.990e-29
 274.846505     44.144  35.053004     8.3624     2.4189     43.771    33.3891    25.9556 -9.990e-29
 274.846510     44.134  35.055943     8.3636     2.4135     43.761    33.3911    25.9570 -9.990e-29
 274.846516     44.113  35.058476     8.3625     2.4039     43.740    33.3948    25.9601 -9.990e-29
 274.846522     44.084  35.058930     8.3597     2.4058     43.711    33.3980    25.9630 -9.990e-29
 274.846528     44.058  35.057899     8.3566     2.4136     43.686    33.3998    25.9649 -9.990e-29
 274.846534     44.043  35.056239     8.3545     2.4173     43.671    33.4001    25.9654 -9.990e-29
 274.846539     44.032  35.053965     8.3536     2.4132     43.660    33.3985    25.9643 -9.990e-29
 274.846545     44.022  35.051951     8.3536     2.4094     43.650    33.3964    25.9627 -9.990e-29
 274.846551     44.011  35.051419     8.3539     2.4136     43.639    33.3955    25.9620 -9.990e-29
 274.846557     43.999  35.051651     8.3540     2.4172     43.627    33.3957    25.9621 -9.990e-29
 274.846563     43.989  35.051265     8.3538     2.4131     43.617    33.3955    25.9619 -9.990e-29
 274.846568     43.990  35.049735     8.3535     2.4093     43.618    33.3941    25.9609 -9.990e-29
 274.846574     44.005  35.047811     8.3536     2.4056     43.633    33.3920    25.9592 -9.990e-29
 274.846580     44.031  35.046836     8.3537     2.3994     43.659    33.3909    25.9583 -9.990e-29
 274.846586     44.056  35.047178     8.3536     2.4013     43.684    33.3913    25.9587 -9.990e-29
 274.846591     44.071  35.048162     8.3536     2.4014     43.699    33.3923    25.9595 -9.990e-29
 274.846597     44.075  35.048849     8.3539     2.4111     43.702    33.3928    25.9598 -9.990e-29
 274.846603     44.078  35.049025     8.3545     2.4088     43.705    33.3924    25.9594 -9.990e-29
 274.846609     44.084  35.048912     8.3553     2.3991     43.711    33.3915    25.9586 -9.990e-29
 274.846615     44.089  35.048909     8.3561     2.4033     43.716    33.3908    25.9579 -9.990e-29
 274.846620     44.085  35.049561     8.3567     2.4033     43.712    33.3909    25.9579 -9.990e-29
 274.846626     44.068  35.050607     8.3572     2.4011     43.696    33.3915    25.9583 -9.990e-29
 274.846632     44.039  35.051751     8.3580     2.4011     43.667    33.3920    25.9586 -9.990e-29
 274.846638     44.011  35.052828     8.3583     2.3974     43.639    33.3929    25.9592 -9.990e-29
 274.846644     43.995  35.053027     8.3582     2.3993     43.623    33.3932    25.9595 -9.990e-29
 274.846649     43.993  35.052041     8.3583     2.4029     43.621    33.3920    25.9585 -9.990e-29
 274.846655     44.002  35.050786     8.3588     2.3953     43.630    33.3902    25.9571 -9.990e-29
 274.846661     44.013  35.050376     8.3592     2.4011     43.641    33.3894    25.9563 -9.990e-29
 274.846667     44.024  35.050813     8.3590     2.4030     43.652    33.3901    25.9569 -9.990e-29
 274.846672     44.034  35.050989     8.3582     2.3970     43.662    33.3910    25.9577 -9.990e-29
 274.846678     44.043  35.050567     8.3576     2.4049     43.671    33.3911    25.9579 -9.990e-29
 274.846684     44.054  35.050094     8.3574     2.4029     43.682    33.3908    25.9577 -9.990e-29
 274.846690     44.066  35.049488     8.3572     2.3970     43.694    33.3903    25.9574 -9.990e-29
 274.846696     44.081  35.049051     8.3571     2.3891     43.708    33.3900    25.9571 -9.990e-29
 274.846701     44.098  35.049308     8.3572     2.3915     43.725    33.3901    25.9572 -9.990e-29
 274.846707     44.120  35.050029     8.3577     2.3952     43.747    33.3904    25.9574 -9.990e-29
 274.846713     44.143  35.050487     8.3583     2.3929     43.770    33.3903    25.9572 -9.990e-29
 274.846719     44.160  35.050161     8.3584     2.3928     43.787    33.3899    25.9568 -9.990e-29
 274.846725     44.169  35.049725     8.3582     2.3968     43.796    33.3896    25.9566 -9.990e-29
 274.846730     44.173  35.049708     8.3582     2.4004     43.800    33.3896    25.9566 -9.990e-29
 274.846736     44.178  35.050076     8.3586     2.3963     43.805    33.3896    25.9566 -9.990e-29
 274.846742     44.179  35.050747     8.3592     2.3927     43.806    33.3897    25.9566 -9.990e-29
 274.846748     44.172  35.051486     8.3595     2.3968     43.799    33.3902    25.9569 -9.990e-29
 274.846753     44.158  35.052148     8.3593     2.3926     43.785    33.3911    25.9577 -9.990e-29
 274.846759     44.134  35.052486     8.3589     2.3866     43.761    33.3919    25.9583 -9.990e-29
 274.846765     44.099  35.052379     8.3588     2.3907     43.726    33.3919    25.9583 -9.990e-29
 274.846771     44.052  35.052233     8.3593     2.3983     43.680    33.3913    25.9578 -9.990e-29
 274.846777     43.993  35.052403     8.3603     2.3979     43.621    33.3905    25.9571 -9.990e-29
 274.846782     43.931  35.052544     8.3612     2.3900     43.560    33.3898    25.9564 -9.990e-29
 274.846788     43.877  35.052277     8.3612     2.3904     43.506    33.3896    25.9562 -9.990e-29
 274.846794     43.829  35.051796     8.3608     2.3903     43.459    33.3895    25.9562 -9.990e-29
 274.846800     43.786  35.051566     8.3611     2.3881     43.416    33.3890    25.9557 -9.990e-29
 274.846806     43.744  35.051830     8.3620     2.3881     43.374    33.3884    25.9551 -9.990e-29
 274.846811     43.701  35.052371     8.3627     2.3922     43.332    33.3883    25.9550 -9.990e-29
 274.846817     43.654  35.052779     8.3632     2.3960     43.285    33.3883    25.9549 -9.990e-29
 274.846823     43.601  35.053027     8.3638     2.3996     43.233    33.3880    25.9546 -9.990e-29
 274.846829     43.541  35.053436     8.3647     2.3825     43.173    33.3876    25.9541 -9.990e-29
 274.846834     43.480  35.053980     8.3659     2.3904     43.113    33.3871    25.9535 -9.990e-29
 274.846840     43.423  35.054254     8.3669     2.3938     43.056    33.3865    25.9529 -9.990e-29
 274.846846     43.374  35.054055     8.3674     2.3898     43.007    33.3858    25.9523 -9.990e-29
 274.846852     43.334  35.053667     8.3674     2.3838     42.968    33.3854    25.9520 -9.990e-29
 274.846858     43.302  35.053683     8.3671     2.3825     42.936    33.3857    25.9523 -9.990e-29
 274.846863     43.274  35.054113     8.3666     2.3940     42.908    33.3867    25.9531 -9.990e-29
 274.846869     43.250  35.054399     8.3661     2.3936     42.885    33.3875    25.9538 -9.990e-29
 274.846875     43.228  35.054351     8.3661     2.3936     42.863    33.3874    25.9538 -9.990e-29
 274.846881     43.206  35.053896     8.3661     2.3879     42.841    33.3870    25.9534 -9.990e-29
 274.846887     43.170  35.053536     8.3663     2.3861     42.805    33.3864    25.9529 -9.990e-29
 274.846892     43.104  35.053898     8.3671     2.3898     42.740    33.3861    25.9525 -9.990e-29
 274.846898     43.027  35.054332     8.3680     2.3821     42.663    33.3857    25.9521 -9.990e-29
 274.846904     42.964  35.054289     8.3681     2.3879     42.601    33.3856    25.9520 -9.990e-29
 274.846910     42.918  35.053704     8.3674     2.3975     42.555    33.3857    25.9522 -9.990e-29
 274.846916     42.887  35.052904     8.3667     2.3935     42.525    33.3855    25.9521 -9.990e-29
 274.846921     42.864  35.052492     8.3665     2.3934     42.502    33.3853    25.9520 -9.990e-29
 274.846927     42.840  35.052468     8.3668     2.3880     42.478    33.3850    25.9517 -9.990e-29
 274.846933     42.809  35.052789     8.3673     2.3941     42.447    33.3848    25.9515 -9.990e-29
 274.846939     42.773  35.053312     8.3674     2.3917     42.412    33.3853    25.9519 -9.990e-29
 274.846944     42.738  35.053603     8.3672     2.3823     42.377    33.3858    25.9523 -9.990e-29
 274.846950     42.707  35.053479     8.3670     2.3862     42.346    33.3859    25.9524 -9.990e-29
 274.846956     42.678  35.053326     8.3668     2.3943     42.317    33.3859    25.9525 -9.990e-29
 274.846962     42.648  35.053486     8.3665     2.3940     42.288    33.3864    25.9529 -9.990e-29
 274.846968     42.619  35.053603     8.3664     2.3936     42.259    33.3866    25.9531 -9.990e-29
 274.846973     42.596  35.053263     8.3663     2.3959     42.236    33.3864    25.9529 -9.990e-29
 274.846979     42.575  35.052562     8.3655     2.4038     42.215    33.3864    25.9530 -9.990e-29
 274.846985     42.560  35.051676     8.3646     2.4016     42.200    33.3863    25.9531 -9.990e-29
 274.846991     42.554  35.050530     8.3642     2.3981     42.194    33.3855    25.9525 -9.990e-29
 274.846997     42.557  35.049268     8.3640     2.4004     42.197    33.3844    25.9516 -9.990e-29
 274.847002     42.565  35.048434     8.3634     2.4082     42.205    33.3840    25.9515 -9.990e-29
 274.847008     42.574  35.048023     8.3619     2.3982     42.214    33.3850    25.9525 -9.990e-29
 274.847014     42.585  35.047477     8.3613     2.3928     42.225    33.3850    25.9526 -9.990e-29
 274.847020     42.593  35.047178     8.3622     2.3950     42.233    33.3838    25.9515 -9.990e-29
 274.847025     42.600  35.047834     8.3623     2.4046     42.240    33.3844    25.9520 -9.990e-29
 274.847031     42.610  35.048629     8.3612     2.4059     42.250    33.3863    25.9536 -9.990e-29
 274.847037     42.624  35.048373     8.3599     2.3945     42.264    33.3873    25.9545 -9.990e-29
 274.847043     42.643  35.047274     8.3586     2.4026     42.283    33.3873    25.9548 -9.990e-29
 274.847049     42.663  35.046095     8.3576     2.4044     42.303    33.3870    25.9547 -9.990e-29
 274.847054     42.682  35.044933     8.3569     2.4100     42.321    33.3864    25.9544 -9.990e-29
 274.847060     42.701  35.043907     8.3564     2.4022     42.340    33.3858    25.9539 -9.990e-29
 274.847066     42.721  35.043316     8.3564     2.3930     42.360    33.3852    25.9534 -9.990e-29
 274.847072     42.740  35.042921     8.3569     2.4007     42.379    33.3843    25.9527 -9.990e-29
 274.847078     42.748  35.042744     8.3574     2.4045     42.387    33.3836    25.9521 -9.990e-29
 274.847083     42.744  35.043099     8.3574     2.4004     42.383    33.3840    25.9524 -9.990e-29
 274.847089     42.731  35.043888     8.3574     2.4046     42.370    33.3848    25.9530 -9.990e-29
