data/oxygen options/OCNMS/OCNMS1/raw_data/2019/CAST_CE015_190828faed.cnv
* Sea-Bird SBE 19 Data File:
* FileName = C:\2019 Mooring Data\Casts\CAST_CE015_190828.hex
* Software Version SeatermAF 2.1.2
* Temperature SN = 2997
* Conductivity SN = 2997
* System UpLoad Time = Aug 28 2019 20:31:10 (localtime) = Aug 28 2019 20:31:10 (UTC)
** CAST_CE015_190828
* ds
# nquan = 9                                 
# nvalues = 1279                        
# units = specified
# name 0 = timeJ: Julian Days
# name 1 = prSM: Pressure, Strain Gauge [db]
# name 2 = c0mS/cm: Conductivity [mS/cm]
# name 3 = t090C: Temperature [ITS-90, deg C]
# name 4 = sbeox0ML/L: Oxygen, SBE 43 [ml/l]
# name 5 = depSM: Depth [salt water, m], lat = 47.5
# name 6 = sal00: Salinity, Practical [PSU]
# name 7 = sigma-é00: Density [sigma-theta, kg/m^3]
# name 8 = flag: flag
# span 0 = 240.817222, 240.824618       
# span 1 =     -5.215,     15.842       
# span 2 =   0.323311,  39.538555       
# span 3 =     8.6581,    20.3541       
# span 4 =    -1.7296,    14.5268       
# span 5 =     -5.172,     15.709       
# span 6 =     0.1750,    33.5852       
# span 7 =    -1.5426,    26.0593       
# span 8 = 0.0000e+00, 0.0000e+00       
# interval = seconds: 0.5
# start_time = Aug 28 2019 19:36:48 [Instrument's time stamp, header]
# bad_flag = -9.990e-29
*END*
[from data line 481]
 240.820006     -0.070   0.877235    19.7990    -1.6950     -0.069     0.4826    -1.3841 -9.990e-29
 240.820012     -0.061   0.876462    19.7986    -1.6951     -0.060     0.4822    -1.3844 -9.990e-29
 240.820017     -0.046   0.879269    19.8005    -1.6960     -0.046     0.4838    -1.3836 -9.990e-29
 240.820023     -0.028   0.887736    19.8025    -1.6965     -0.028     0.4886    -1.3803 -9.990e-29
 240.820029     -0.014   0.900238    19.8025    -1.6969     -0.014     0.4957    -1.3748 -9.990e-29
 240.820035     -0.004   0.914077    19.7983    -1.6967     -0.004     0.5037    -1.3679 -9.990e-29
 240.820041      0.007   0.927027    19.7916    -1.6968      0.007     0.5112    -1.3608 -9.990e-29
 240.820046      0.020   0.938061    19.7869    -1.6972      0.020     0.5176    -1.3550 -9.990e-29
 240.820052      0.036   0.948408    19.7852    -1.6976      0.036     0.5235    -1.3501 -9.990e-29
 240.820058      0.051   0.959680    19.7829    -1.6976      0.051     0.5300    -1.3446 -9.990e-29
 240.820064      0.063   0.970293    19.7753    -1.6977      0.062     0.5362    -1.3383 -9.990e-29
 240.820069      0.072   0.975564    19.7616    -1.6977      0.071     0.5394    -1.3331 -9.990e-29
 240.820075      0.078   0.974217    19.7466    -1.6979      0.077     0.5388    -1.3305 -9.990e-29
 240.820081      0.082   0.972765    19.7356    -1.6978      0.081     0.5381    -1.3288 -9.990e-29
 240.820087      0.085   0.978686    19.7293    -1.6975      0.084     0.5416    -1.3248 -9.990e-29
 240.820093      0.086   0.990461    19.7239    -1.6971      0.085     0.5485    -1.3185 -9.990e-29
 240.820098      0.085   0.999419    19.7161    -1.6968      0.084     0.5537    -1.3129 -9.990e-29
 240.820104      0.082   1.001445    19.7081    -1.6966      0.081     0.5550    -1.3103 -9.990e-29
 240.820110      0.078   1.000902    19.7027    -1.6966      0.077     0.5547    -1.3093 -9.990e-29
 240.820116      0.072   1.002605    19.6996    -1.6966      0.071     0.5558    -1.3079 -9.990e-29
 240.820122      0.064   1.006056    19.6983    -1.6964      0.063     0.5578    -1.3061 -9.990e-29
 240.820127      0.057   1.006998    19.6991    -1.6963      0.057     0.5583    -1.3059 -9.990e-29
 240.820133      0.055   1.002255    19.7030    -1.6965      0.055     0.5555    -1.3088 -9.990e-29
 240.820139      0.058   0.994368    19.7097    -1.6967      0.058     0.5509    -1.3137 -9.990e-29
 240.820145      0.066   0.989992    19.7174    -1.6967      0.065     0.5483    -1.3173 -9.990e-29
 240.820150      0.076   0.993263    19.7246    -1.6971      0.075     0.5501    -1.3174 -9.990e-29
 240.820156      0.084   1.001343    19.7298    -1.6973      0.083     0.5546    -1.3150 -9.990e-29
 240.820162      0.089   1.007837    19.7328    -1.6975      0.088     0.5584    -1.3127 -9.990e-29
 240.820168      0.094   1.010326    19.7357    -1.6977      0.093     0.5597    -1.3123 -9.990e-29
 240.820174      0.098   1.009914    19.7396    -1.6979      0.097     0.5595    -1.3133 -9.990e-29
 240.820179      0.100   1.006053    19.7423    -1.6981      0.099     0.5572    -1.3156 -9.990e-29
 240.820185      0.102   0.997473    19.7414    -1.6980      0.101     0.5523    -1.3191 -9.990e-29
 240.820191      0.104   0.985476    19.7387    -1.6977      0.103     0.5454    -1.3238 -9.990e-29
 240.820197      0.105   0.973454    19.7349    -1.6973      0.104     0.5385    -1.3283 -9.990e-29
 240.820203      0.106   0.964210    19.7288    -1.6974      0.105     0.5333    -1.3311 -9.990e-29
 240.820208      0.107   0.958711    19.7220    -1.6974      0.106     0.5302    -1.3320 -9.990e-29
 240.820214      0.108   0.956273    19.7163    -1.6974      0.107     0.5289    -1.3319 -9.990e-29
 240.820220      0.108   0.954202    19.7114    -1.6974      0.107     0.5277    -1.3317 -9.990e-29
 240.820226      0.109   0.949183    19.7079    -1.6975      0.108     0.5249    -1.3332 -9.990e-29
 240.820231      0.109   0.940617    19.7073    -1.6978      0.108     0.5200    -1.3368 -9.990e-29
 240.820237      0.109   0.930931    19.7108    -1.6978      0.108     0.5144    -1.3418 -9.990e-29
 240.820243      0.109   0.922720    19.7171    -1.6977      0.108     0.5096    -1.3468 -9.990e-29
 240.820249      0.110   0.917221    19.7228    -1.6980      0.109     0.5064    -1.3504 -9.990e-29
 240.820255      0.110   0.914859    19.7259    -1.6983      0.109     0.5050    -1.3521 -9.990e-29
 240.820260      0.110   0.913591    19.7269    -1.6984      0.109     0.5042    -1.3529 -9.990e-29
 240.820266      0.110   0.910066    19.7271    -1.6984      0.109     0.5022    -1.3544 -9.990e-29
 240.820272      0.110   0.904571    19.7266    -1.6982      0.109     0.4991    -1.3567 -9.990e-29
 240.820278      0.110   0.899195    19.7247    -1.6981      0.109     0.4960    -1.3587 -9.990e-29
 240.820284      0.110   0.893973    19.7219    -1.6980      0.109     0.4931    -1.3604 -9.990e-29
 240.820289      0.110   0.888033    19.7203    -1.6979      0.109     0.4897    -1.3626 -9.990e-29
 240.820295      0.111   0.881765    19.7188    -1.6978      0.110     0.4861    -1.3651 -9.990e-29
 240.820301      0.111   0.876230    19.7148    -1.6977      0.110     0.4830    -1.3666 -9.990e-29
 240.820307      0.111   0.871802    19.7096    -1.6975      0.110     0.4805    -1.3674 -9.990e-29
 240.820313      0.111   0.868669    19.7067    -1.6972      0.110     0.4788    -1.3682 -9.990e-29
 240.820318      0.112   0.866535    19.7076    -1.6973      0.111     0.4775    -1.3693 -9.990e-29
 240.820324      0.112   0.864214    19.7110    -1.6977      0.111     0.4762    -1.3711 -9.990e-29
 240.820330      0.113   0.860829    19.7151    -1.6982      0.112     0.4742    -1.3734 -9.990e-29
 240.820336      0.114   0.856298    19.7190    -1.6988      0.113     0.4716    -1.3762 -9.990e-29
 240.820341      0.115   0.851227    19.7225    -1.6989      0.114     0.4686    -1.3792 -9.990e-29
 240.820347      0.116   0.846610    19.7264    -1.6991      0.115     0.4659    -1.3820 -9.990e-29
 240.820353      0.118   0.842938    19.7312    -1.6992      0.117     0.4638    -1.3846 -9.990e-29
 240.820359      0.120   0.839746    19.7362    -1.6993      0.119     0.4619    -1.3871 -9.990e-29
 240.820365      0.123   0.836658    19.7391    -1.6995      0.122     0.4601    -1.3891 -9.990e-29
 240.820370      0.127   0.833986    19.7371    -1.6996      0.126     0.4586    -1.3898 -9.990e-29
 240.820376      0.131   0.830939    19.7294    -1.6997      0.130     0.4570    -1.3895 -9.990e-29
 240.820382      0.137   0.825670    19.7180    -1.6996      0.136     0.4541    -1.3894 -9.990e-29
 240.820388      0.141   0.818909    19.7062    -1.7004      0.140     0.4504    -1.3898 -9.990e-29
 240.820394      0.138   0.814380    19.6974    -1.7010      0.137     0.4479    -1.3899 -9.990e-29
 240.820399      0.132   0.813800    19.6919    -1.7009      0.131     0.4476    -1.3890 -9.990e-29
 240.820405      0.128   0.814735    19.6882    -1.7008      0.127     0.4482    -1.3878 -9.990e-29
 240.820411      0.125   0.814000    19.6844    -1.7007      0.124     0.4478    -1.3873 -9.990e-29
 240.820417      0.123   0.811173    19.6800    -1.7007      0.122     0.4462    -1.3876 -9.990e-29
 240.820422      0.122   0.808575    19.6762    -1.7010      0.121     0.4448    -1.3879 -9.990e-29
 240.820428      0.122   0.807176    19.6733    -1.7012      0.121     0.4440    -1.3879 -9.990e-29
 240.820434      0.122   0.804556    19.6678    -1.7012      0.121     0.4426    -1.3879 -9.990e-29
 240.820440      0.123   0.798884    19.6569    -1.7008      0.122     0.4394    -1.3881 -9.990e-29
 240.820446      0.125   0.792015    19.6460    -1.7008      0.124     0.4356    -1.3888 -9.990e-29
 240.820451      0.128   0.787527    19.6411    -1.7007      0.127     0.4331    -1.3897 -9.990e-29
 240.820457      0.132   0.787192    19.6408    -1.7008      0.131     0.4329    -1.3898 -9.990e-29
 240.820463      0.137   0.789456    19.6417    -1.7008      0.136     0.4342    -1.3890 -9.990e-29
 240.820469      0.144   0.791245    19.6414    -1.7006      0.143     0.4352    -1.3881 -9.990e-29
 240.820475      0.154   0.790518    19.6393    -1.7004      0.153     0.4349    -1.3880 -9.990e-29
 240.820480      0.161   0.786304    19.6378    -1.7003      0.160     0.4325    -1.3895 -9.990e-29
 240.820486      0.164   0.779080    19.6392    -1.7003      0.163     0.4283    -1.3930 -9.990e-29
 240.820492      0.161   0.771951    19.6423    -1.7002      0.160     0.4243    -1.3967 -9.990e-29
 240.820498      0.153   0.768703    19.6447    -1.6998      0.152     0.4224    -1.3986 -9.990e-29
 240.820503      0.144   0.769992    19.6462    -1.6994      0.143     0.4231    -1.3984 -9.990e-29
 240.820509      0.136   0.772000    19.6475    -1.6992      0.135     0.4242    -1.3978 -9.990e-29
 240.820515      0.131   0.770760    19.6497    -1.6992      0.130     0.4235    -1.3988 -9.990e-29
 240.820521      0.126   0.766835    19.6537    -1.6992      0.125     0.4212    -1.4014 -9.990e-29
 240.820527      0.123   0.763301    19.6583    -1.6992      0.122     0.4192    -1.4039 -9.990e-29
 240.820532      0.120   0.761536    19.6621    -1.6991      0.119     0.4181    -1.4054 -9.990e-29
 240.820538      0.118   0.760298    19.6661    -1.6990      0.117     0.4174    -1.4068 -9.990e-29
 240.820544      0.116   0.757381    19.6725    -1.6991      0.115     0.4157    -1.4094 -9.990e-29
 240.820550      0.115   0.752220    19.6812    -1.6993      0.114     0.4127    -1.4135 -9.990e-29
 240.820556      0.114   0.746796    19.6894    -1.6995      0.113     0.4095    -1.4176 -9.990e-29
 240.820561      0.113   0.743848    19.6946    -1.6996      0.112     0.4078    -1.4200 -9.990e-29
 240.820567      0.113   0.744431    19.6972    -1.6998      0.112     0.4081    -1.4203 -9.990e-29
 240.820573      0.113   0.746554    19.6992    -1.6995      0.112     0.4093    -1.4198 -9.990e-29
 240.820579      0.113   0.746955    19.7015    -1.6992      0.112     0.4095    -1.4201 -9.990e-29
 240.820584      0.113   0.743955    19.7036    -1.6987      0.112     0.4078    -1.4218 -9.990e-29
 240.820590      0.114   0.738540    19.7037    -1.6985      0.113     0.4047    -1.4242 -9.990e-29
 240.820596      0.114   0.734013    19.7006    -1.6984      0.113     0.4022    -1.4255 -9.990e-29
 240.820602      0.115   0.733755    19.6956    -1.6983      0.114     0.4021    -1.4245 -9.990e-29
 240.820608      0.116   0.738528    19.6910    -1.6981      0.115     0.4048    -1.4215 -9.990e-29
 240.820613      0.118   0.744730    19.6882    -1.6981      0.117     0.4084    -1.4182 -9.990e-29
 240.820619      0.120   0.746786    19.6886    -1.6982      0.119     0.4095    -1.4174 -9.990e-29
 240.820625      0.123   0.743564    19.6936    -1.6983      0.122     0.4076    -1.4199 -9.990e-29
 240.820631      0.127   0.739074    19.7019    -1.6983      0.126     0.4050    -1.4236 -9.990e-29
 240.820637      0.132   0.737299    19.7110    -1.6990      0.131     0.4039    -1.4263 -9.990e-29
 240.820642      0.138   0.739197    19.7189    -1.6993      0.137     0.4049    -1.4271 -9.990e-29
 240.820648      0.146   0.742316    19.7251    -1.6992      0.145     0.4066    -1.4271 -9.990e-29
 240.820654      0.152   0.743062    19.7295    -1.6992      0.151     0.4070    -1.4277 -9.990e-29
 240.820660      0.152   0.740770    19.7317    -1.6992      0.151     0.4057    -1.4291 -9.990e-29
 240.820666      0.150   0.739030    19.7313    -1.6991      0.149     0.4047    -1.4298 -9.990e-29
 240.820671      0.151   0.741614    19.7290    -1.6991      0.150     0.4062    -1.4282 -9.990e-29
 240.820677      0.154   0.746984    19.7260    -1.6991      0.153     0.4093    -1.4252 -9.990e-29
 240.820683      0.156   0.749566    19.7201    -1.6991      0.155     0.4108    -1.4229 -9.990e-29
 240.820689      0.153   0.746712    19.7110    -1.6990      0.152     0.4093    -1.4222 -9.990e-29
 240.820694      0.148   0.741815    19.7037    -1.6986      0.147     0.4066    -1.4228 -9.990e-29
 240.820700      0.145   0.739424    19.7006    -1.6984      0.144     0.4052    -1.4231 -9.990e-29
 240.820706      0.144   0.740228    19.6999    -1.6984      0.143     0.4057    -1.4226 -9.990e-29
 240.820712      0.146   0.742531    19.7005    -1.6983      0.145     0.4070    -1.4218 -9.990e-29
 240.820718      0.150   0.744975    19.7016    -1.6982      0.149     0.4084    -1.4209 -9.990e-29
 240.820723      0.156   0.746941    19.7027    -1.6979      0.155     0.4095    -1.4203 -9.990e-29
 240.820729      0.166   0.748283    19.7039    -1.6978      0.165     0.4102    -1.4200 -9.990e-29
 240.820735      0.174   0.748577    19.7057    -1.6978      0.173     0.4104    -1.4203 -9.990e-29
 240.820741      0.174   0.747659    19.7093    -1.6978      0.173     0.4098    -1.4214 -9.990e-29
 240.820747      0.165   0.747071    19.7146    -1.6981      0.164     0.4094    -1.4228 -9.990e-29
 240.820752      0.156   0.748799    19.7195    -1.6985      0.155     0.4104    -1.4231 -9.990e-29
 240.820758      0.149   0.752378    19.7233    -1.6993      0.148     0.4124    -1.4223 -9.990e-29
 240.820764      0.145   0.754823    19.7270    -1.6995      0.144     0.4137    -1.4220 -9.990e-29
 240.820770      0.143   0.754411    19.7307    -1.7002      0.142     0.4134    -1.4230 -9.990e-29
 240.820775      0.143   0.753358    19.7337    -1.7008      0.142     0.4128    -1.4241 -9.990e-29
 240.820781      0.145   0.755800    19.7350    -1.7011      0.144     0.4142    -1.4233 -9.990e-29
 240.820787      0.149   0.763330    19.7346    -1.7008      0.148     0.4185    -1.4200 -9.990e-29
 240.820793      0.156   0.772694    19.7319    -1.7008      0.155     0.4238    -1.4153 -9.990e-29
 240.820799      0.166   0.778104    19.7252    -1.7007      0.165     0.4269    -1.4116 -9.990e-29
 240.820804      0.180   0.776803    19.7133    -1.7004      0.178     0.4263    -1.4096 -9.990e-29
 240.820810      0.193   0.771484    19.6981    -1.7002      0.191     0.4234    -1.4087 -9.990e-29
 240.820816      0.199   0.766684    19.6824    -1.7001      0.197     0.4209    -1.4075 -9.990e-29
 240.820822      0.198   0.765416    19.6662    -1.6999      0.196     0.4203    -1.4046 -9.990e-29
 240.820828      0.194   0.767650    19.6523    -1.6999      0.192     0.4217    -1.4007 -9.990e-29
 240.820833      0.186   0.770273    19.6452    -1.6997      0.184     0.4233    -1.3981 -9.990e-29
 240.820839      0.179   0.770688    19.6450    -1.6998      0.178     0.4235    -1.3978 -9.990e-29
 240.820845      0.177   0.769448    19.6480    -1.6998      0.176     0.4228    -1.3990 -9.990e-29
 240.820851      0.179   0.768222    19.6524    -1.6995      0.178     0.4220    -1.4005 -9.990e-29
 240.820856      0.181   0.767036    19.6580    -1.6993      0.179     0.4213    -1.4022 -9.990e-29
 240.820862      0.179   0.764861    19.6636    -1.6992      0.178     0.4200    -1.4043 -9.990e-29
 240.820868      0.177   0.762119    19.6685    -1.6992      0.176     0.4184    -1.4065 -9.990e-29
 240.820874      0.179   0.760692    19.6722    -1.6996      0.178     0.4176    -1.4079 -9.990e-29
 240.820880      0.185   0.761998    19.6748    -1.7000      0.183     0.4183    -1.4079 -9.990e-29
 240.820885      0.197   0.765563    19.6770    -1.7004      0.195     0.4203    -1.4068 -9.990e-29
 240.820891      0.213   0.768937    19.6789    -1.7007      0.211     0.4222    -1.4058 -9.990e-29
 240.820897      0.233   0.769973    19.6816    -1.7004      0.231     0.4227    -1.4059 -9.990e-29
 240.820903      0.247   0.768945    19.6859    -1.7002      0.245     0.4221    -1.4072 -9.990e-29
 240.820909      0.252   0.767803    19.6898    -1.7001      0.250     0.4214    -1.4085 -9.990e-29
 240.820914      0.250   0.768346    19.6912    -1.7000      0.248     0.4217    -1.4086 -9.990e-29
 240.820920      0.243   0.770190    19.6891    -1.7000      0.241     0.4228    -1.4074 -9.990e-29
