data/oxygen options/OCNMS/OCNMS1/raw_data/2019/CAST_CE015_190625faed.cnv
* Sea-Bird SBE19 Data File:
* FileName = C:\2019 Mooring Data\Casts\CAST_CE015_190625.hex
* Software Version 1.59
* Temperature SN = 2997
* Conductivity SN = 2997
* System UpLoad Time = Jun 25 2019 19:29:51
** CAST_CE015_190625
* ds
# nquan = 9                                 
# nvalues = 749                         
# units = specified
# name 0 = timeJ: Julian Days
# name 1 = prSM: Pressure, Strain Gauge [db]
# name 2 = c0mS/cm: Conductivity [mS/cm]
# name 3 = t090C: Temperature [ITS-90, deg C]
# name 4 = sbeox0ML/L: Oxygen, SBE 43 [ml/l]
# name 5 = depSM: Depth [salt water, m], lat = 47.5
# name 6 = sal00: Salinity, Practical [PSU]
# name 7 = sigma-é00: Density [sigma-theta, kg/m^3]
# name 8 = flag: flag
# span 0 = 176.782245, 176.786574       
# span 1 =     -4.989,     13.773       
# span 2 =   0.432406,  38.765069       
# span 3 =     8.9777,    16.2066       
# span 4 =    -1.8911,    15.8237       
# span 5 =     -4.947,     13.658       
# span 6 =     0.2580,    33.5030       
# span 7 =    -0.8823,    25.9402       
# span 8 = 0.0000e+00, 0.0000e+00       
# interval = seconds: 0.5
# start_time = Jun 25 2019 18:46:26 [Instrument's time stamp, header]
# bad_flag = -9.990e-29
*END*
[from data line 321]
 176.784103     -0.448   0.452073    16.0856    -1.8239     -0.444     0.2655    -0.8643 -9.990e-29
 176.784109     -0.444   0.452203    16.1076    -1.8241     -0.440     0.2655    -0.8680 -9.990e-29
 176.784115     -0.440   0.452259    16.1219    -1.8239     -0.436     0.2654    -0.8704 -9.990e-29
 176.784120     -0.438   0.452315    16.1290    -1.8233     -0.434     0.2654    -0.8715 -9.990e-29
 176.784126     -0.436   0.452445    16.1334    -1.8221     -0.432     0.2654    -0.8722 -9.990e-29
 176.784132     -0.434   0.452821    16.1380    -1.8210     -0.430     0.2656    -0.8728 -9.990e-29
 176.784138     -0.433   0.453389    16.1414    -1.8201     -0.429     0.2660    -0.8731 -9.990e-29
 176.784144     -0.431   0.453800    16.1403    -1.8203     -0.427     0.2662    -0.8728 -9.990e-29
 176.784149     -0.430   0.454048    16.1344    -1.8212     -0.426     0.2664    -0.8716 -9.990e-29
 176.784155     -0.430   0.454461    16.1280    -1.8222     -0.426     0.2667    -0.8704 -9.990e-29
 176.784161     -0.429   0.455035    16.1263    -1.8231     -0.425     0.2670    -0.8698 -9.990e-29
 176.784167     -0.428   0.455430    16.1326    -1.8232     -0.424     0.2672    -0.8707 -9.990e-29
 176.784172     -0.427   0.455617    16.1482    -1.8235     -0.423     0.2673    -0.8733 -9.990e-29
 176.784178     -0.426   0.455842    16.1705    -1.8245     -0.422     0.2673    -0.8769 -9.990e-29
 176.784184     -0.425   0.456406    16.1929    -1.8253     -0.421     0.2675    -0.8805 -9.990e-29
 176.784190     -0.423   0.457506    16.2066    -1.8261     -0.419     0.2680    -0.8823 -9.990e-29
 176.784196     -0.421   0.458948    16.2051    -1.8270     -0.417     0.2689    -0.8814 -9.990e-29
 176.784201     -0.419   0.460439    16.1903    -1.8278     -0.416     0.2699    -0.8782 -9.990e-29
 176.784207     -0.416   0.462305    16.1696    -1.8284     -0.413     0.2711    -0.8738 -9.990e-29
 176.784213     -0.412   0.465371    16.1506    -1.8288     -0.409     0.2731    -0.8691 -9.990e-29
 176.784219     -0.407   0.469849    16.1358    -1.8292     -0.404     0.2759    -0.8645 -9.990e-29
 176.784225     -0.401   0.475616    16.1197    -1.8295     -0.398     0.2795    -0.8591 -9.990e-29
 176.784230     -0.393   0.483160    16.0986    -1.8296     -0.390     0.2842    -0.8520 -9.990e-29
 176.784236     -0.382   0.492573    16.0755    -1.8297     -0.379     0.2901    -0.8437 -9.990e-29
 176.784242     -0.369   0.503114    16.0523    -1.8296     -0.366     0.2966    -0.8348 -9.990e-29
 176.784248     -0.356   0.514438    16.0287    -1.8291     -0.353     0.3037    -0.8255 -9.990e-29
 176.784253     -0.352   0.526138    16.0065    -1.8285     -0.349     0.3109    -0.8163 -9.990e-29
 176.784259     -0.355   0.537753    15.9879    -1.8283     -0.352     0.3181    -0.8077 -9.990e-29
 176.784265     -0.358   0.549261    15.9731    -1.8289     -0.355     0.3253    -0.7998 -9.990e-29
 176.784271     -0.356   0.560501    15.9615    -1.8306     -0.353     0.3322    -0.7925 -9.990e-29
 176.784277     -0.350   0.571504    15.9529    -1.8323     -0.347     0.3390    -0.7859 -9.990e-29
 176.784282     -0.343   0.581988    15.9474    -1.8336     -0.340     0.3455    -0.7800 -9.990e-29
 176.784288     -0.339   0.591529    15.9453    -1.8340     -0.336     0.3514    -0.7751 -9.990e-29
 176.784294     -0.338   0.600665    15.9475    -1.8336     -0.335     0.3570    -0.7711 -9.990e-29
 176.784300     -0.340   0.609948    15.9534    -1.8332     -0.337     0.3626    -0.7677 -9.990e-29
 176.784306     -0.340   0.619016    15.9590    -1.8326     -0.337     0.3681    -0.7644 -9.990e-29
 176.784311     -0.335   0.627220    15.9563    -1.8322     -0.332     0.3732    -0.7600 -9.990e-29
 176.784317     -0.328   0.634423    15.9380    -1.8314     -0.325     0.3778    -0.7535 -9.990e-29
 176.784323     -0.328   0.641366    15.9056    -1.8304     -0.325     0.3824    -0.7447 -9.990e-29
 176.784329     -0.334   0.648997    15.8699    -1.8301     -0.331     0.3874    -0.7350 -9.990e-29
 176.784334     -0.339   0.656966    15.8422    -1.8298     -0.336     0.3926    -0.7266 -9.990e-29
 176.784340     -0.337   0.664268    15.8291    -1.8290     -0.334     0.3973    -0.7209 -9.990e-29
 176.784346     -0.330   0.670669    15.8295    -1.8283     -0.327     0.4012    -0.7179 -9.990e-29
 176.784352     -0.317   0.676947    15.8371    -1.8278     -0.314     0.4050    -0.7161 -9.990e-29
 176.784358     -0.300   0.684091    15.8482    -1.8275     -0.297     0.4094    -0.7146 -9.990e-29
 176.784363     -0.284   0.691663    15.8625    -1.5199     -0.282     0.4139    -0.7134 -9.990e-29
 176.784369     -0.268   0.697943    15.8797    -1.5665     -0.266     0.4176    -0.7133 -9.990e-29
 176.784375     -0.254   0.702434    15.8964    -1.5942     -0.252     0.4202    -0.7140 -9.990e-29
 176.784381     -0.242   0.708721    15.9093    -1.6018     -0.240     0.4240    -0.7132 -9.990e-29
 176.784387     -0.222   0.724630    15.9204    -1.6030     -0.220     0.4338    -0.7075 -9.990e-29
 176.784392     -0.193   0.766386    15.9298    -1.6041     -0.191     0.4596    -0.6891 -9.990e-29
 176.784398     -0.163   0.878033    15.9264    -1.6055     -0.162     0.5294    -0.6347 -9.990e-29
 176.784404     -0.132   1.195138    15.8823    -1.6062     -0.131     0.7309    -0.4721 -9.990e-29
 176.784410     -0.100   2.136627    15.7222    -1.6062     -0.099     1.3501     0.0308 -9.990e-29
 176.784416     -0.060   4.960036    15.2207    -1.6051     -0.059     3.3378     1.6396 -9.990e-29
 176.784421     -0.005  13.427690    14.3228    -1.6035     -0.005     9.9533     6.8615 -9.990e-29
 176.784427      0.065  26.063365    13.4430    -1.6009      0.064    20.9748    15.4791 -9.990e-29
 176.784433      0.148  34.373130    12.9030    -1.6004      0.147    28.8672    21.6655 -9.990e-29
 176.784439      0.243  37.092224    12.6522    -1.6042      0.241    31.6225    23.8448 -9.990e-29
 176.784444      0.333  38.057005    12.5577    -1.6038      0.330    32.6209    24.6363 -9.990e-29
 176.784450      0.407  38.406424    12.5229    -1.6020      0.404    32.9852    24.9253 -9.990e-29
 176.784456      0.466  38.476366    12.5074    -1.6019      0.462    33.0657    24.9907 -9.990e-29
 176.784462      0.513  38.448519    12.5086    -1.6004      0.509    33.0380    24.9690 -9.990e-29
 176.784468      0.552  38.427394    12.5279    -1.6028      0.547    33.0008    24.9364 -9.990e-29
 176.784473      0.584  38.435172    12.5532    -1.6048      0.579    32.9860    24.9201 -9.990e-29
 176.784479      0.608  38.468734    12.5656    -1.6039      0.603    33.0072    24.9341 -9.990e-29
 176.784485      0.621  38.536941    12.5630    -1.6037      0.616    33.0747    24.9869 -9.990e-29
 176.784491      0.628  38.623725    12.5635    -1.6012      0.623    33.1572    25.0508 -9.990e-29
 176.784497      0.633  38.641453    12.5824    -1.6043      0.628    33.1575    25.0474 -9.990e-29
 176.784502      0.637  38.568904    12.6046    -1.6037      0.632    33.0687    24.9742 -9.990e-29
 176.784508      0.641  38.503631    12.6026    -1.6018      0.636    33.0081    24.9276 -9.990e-29
 176.784514      0.644  38.500809    12.5807    -1.6013      0.639    33.0246    24.9447 -9.990e-29
 176.784520      0.647  38.558312    12.5639    -1.6030      0.642    33.0943    25.0020 -9.990e-29
 176.784525      0.650  38.612747    12.5639    -1.6050      0.645    33.1464    25.0423 -9.990e-29
 176.784531      0.652  38.573663    12.5685    -1.6049      0.647    33.1049    25.0093 -9.990e-29
 176.784537      0.655  38.487464    12.5646    -1.6040      0.650    33.0260    24.9489 -9.990e-29
 176.784543      0.659  38.463186    12.5586    -1.6014      0.653    33.0080    24.9361 -9.990e-29
 176.784549      0.663  38.518812    12.5627    -1.6010      0.657    33.0576    24.9737 -9.990e-29
 176.784554      0.668  38.564368    12.5753    -1.6009      0.662    33.0901    24.9965 -9.990e-29
 176.784560      0.674  38.533971    12.5799    -1.6005      0.668    33.0570    24.9699 -9.990e-29
 176.784566      0.682  38.512491    12.5708    -1.6010      0.676    33.0444    24.9620 -9.990e-29
 176.784572      0.691  38.556933    12.5582    -1.6032      0.685    33.0980    25.0059 -9.990e-29
 176.784578      0.700  38.587610    12.5516    -1.6020      0.694    33.1332    25.0345 -9.990e-29
 176.784583      0.702  38.545124    12.5551    -1.6028      0.696    33.0894    24.9999 -9.990e-29
 176.784589      0.704  38.476940    12.5650    -1.6035      0.698    33.0155    24.9407 -9.990e-29
 176.784595      0.709  38.457308    12.5735    -1.6030      0.703    32.9893    24.9187 -9.990e-29
 176.784601      0.714  38.511529    12.5787    -1.6040      0.708    33.0365    24.9543 -9.990e-29
 176.784606      0.714  38.605998    12.5851    -1.6043      0.708    33.1212    25.0187 -9.990e-29
 176.784612      0.715  38.674530    12.5961    -1.6043      0.709    33.1770    25.0599 -9.990e-29
 176.784618      0.719  38.693079    12.6029    -1.6026      0.713    33.1888    25.0676 -9.990e-29
 176.784624      0.724  38.666165    12.5883    -1.6022      0.718    33.1759    25.0605 -9.990e-29
 176.784630      0.725  38.602659    12.5574    -1.6019      0.719    33.1424    25.0405 -9.990e-29
 176.784635      0.726  38.576334    12.5371    -1.6025      0.720    33.1351    25.0388 -9.990e-29
 176.784641      0.728  38.618682    12.5392    -1.6030      0.722    33.1738    25.0684 -9.990e-29
 176.784647      0.726  38.636015    12.5422    -1.6032      0.720    33.1878    25.0786 -9.990e-29
 176.784653      0.725  38.593142    12.5216    -1.6041      0.719    33.1649    25.0648 -9.990e-29
 176.784659      0.729  38.557184    12.4927    -1.6045      0.723    33.1560    25.0635 -9.990e-29
 176.784664      0.733  38.577602    12.4899    -1.6040      0.727    33.1780    25.0811 -9.990e-29
 176.784670      0.730  38.634518    12.5135    -1.6033      0.724    33.2117    25.1027 -9.990e-29
 176.784676      0.719  38.669905    12.5308    -1.6042      0.713    33.2303    25.1138 -9.990e-29
 176.784682      0.709  38.671528    12.5245    -1.6051      0.703    33.2374    25.1205 -9.990e-29
 176.784687      0.702  38.677912    12.5062    -1.6042      0.696    33.2597    25.1413 -9.990e-29
 176.784693      0.698  38.707048    12.4900    -1.6043      0.692    33.3020    25.1772 -9.990e-29
 176.784699      0.698  38.732762    12.4749    -1.6030      0.692    33.3401    25.2096 -9.990e-29
 176.784705      0.701  38.736075    12.4551    -1.6029      0.695    33.3608    25.2296 -9.990e-29
 176.784711      0.707  38.730313    12.4429    -1.6027      0.701    33.3661    25.2360 -9.990e-29
 176.784716      0.717  38.735186    12.4544    -1.6027      0.711    33.3606    25.2295 -9.990e-29
 176.784722      0.731  38.742572    12.4806    -1.6025      0.725    33.3444    25.2119 -9.990e-29
 176.784728      0.746  38.721939    12.4935    -1.6028      0.740    33.3132    25.1852 -9.990e-29
 176.784734      0.759  38.660291    12.4807    -1.6040      0.753    33.2654    25.1506 -9.990e-29
 176.784740      0.770  38.601402    12.4618    -1.6050      0.764    33.2256    25.1235 -9.990e-29
 176.784745      0.780  38.611767    12.4607    -1.6048      0.773    33.2366    25.1321 -9.990e-29
 176.784751      0.790  38.673785    12.4774    -1.6033      0.783    33.2812    25.1636 -9.990e-29
 176.784757      0.796  38.717750    12.4905    -1.6030      0.789    33.3118    25.1847 -9.990e-29
 176.784763      0.794  38.727742    12.4897    -1.6043      0.787    33.3221    25.1928 -9.990e-29
 176.784769      0.784  38.734402    12.4875    -1.6043      0.777    33.3304    25.1997 -9.990e-29
 176.784774      0.770  38.754402    12.4928    -1.6021      0.764    33.3449    25.2099 -9.990e-29
 176.784780      0.760  38.765069    12.4993    -1.6016      0.754    33.3494    25.2122 -9.990e-29
 176.784786      0.756  38.741928    12.4986    -1.6013      0.750    33.3278    25.1956 -9.990e-29
 176.784792      0.759  38.686002    12.4909    -1.6033      0.753    33.2810    25.1608 -9.990e-29
 176.784797      0.765  38.623489    12.4832    -1.6045      0.759    33.2279    25.1211 -9.990e-29
 176.784803      0.770  38.596444    12.4800    -1.6018      0.764    33.2048    25.1038 -9.990e-29
 176.784809      0.774  38.624762    12.4829    -1.6026      0.768    33.2294    25.1223 -9.990e-29
 176.784815      0.778  38.676138    12.4924    -1.6055      0.772    33.2702    25.1521 -9.990e-29
 176.784821      0.785  38.686845    12.5028    -1.6073      0.778    33.2713    25.1509 -9.990e-29
 176.784826      0.797  38.654305    12.5096    -1.6070      0.790    33.2340    25.1208 -9.990e-29
 176.784832      0.809  38.657740    12.5140    -1.6052      0.802    33.2334    25.1195 -9.990e-29
 176.784838      0.823  38.717365    12.5181    -1.6068      0.816    33.2869    25.1601 -9.990e-29
 176.784844      0.835  38.764208    12.5216    12.0321      0.828    33.3287    25.1918 -9.990e-29
 176.784850      0.842  38.743057    12.5206    15.5780      0.835    33.3093    25.1770 -9.990e-29
 176.784855      0.844  38.668227    12.5162    15.8237      0.837    33.2415    25.1253 -9.990e-29
 176.784861      0.845  38.634242    12.5162    13.3945      0.838    33.2090    25.1001 -9.990e-29
 176.784867      0.850  38.652309    12.5190     8.1057      0.843    33.2238    25.1110 -9.990e-29
 176.784873      0.855  38.595800    12.5125     8.4182      0.848    33.1754    25.0748 -9.990e-29
 176.784878      0.856  38.450930    12.4932     8.7924      0.849    33.0537    24.9841 -9.990e-29
 176.784884      0.854  38.352131    12.4740     8.8976      0.847    32.9759    24.9275 -9.990e-29
 176.784890      0.851  38.370364    12.4707     8.8652      0.844    32.9963    24.9439 -9.990e-29
 176.784896      0.852  38.411151    12.4811     8.7781      0.845    33.0262    24.9651 -9.990e-29
 176.784902      0.854  38.346801    12.4898     8.6983      0.847    32.9570    24.9098 -9.990e-29
 176.784907      0.856  38.215795    12.4896     8.6529      0.849    32.8317    24.8128 -9.990e-29
 176.784913      0.862  38.132403    12.4869     8.6286      0.855    32.7543    24.7533 -9.990e-29
 176.784919      0.869  38.109158    12.4886     8.6163      0.862    32.7306    24.7345 -9.990e-29
 176.784925      0.873  38.105497    12.4933     8.6018      0.866    32.7230    24.7278 -9.990e-29
 176.784931      0.874  38.099124    12.4907     8.5754      0.867    32.7192    24.7253 -9.990e-29
 176.784936      0.872  38.074773    12.4728     8.5683      0.865    32.7115    24.7227 -9.990e-29
 176.784942      0.871  38.029608    12.4521     8.5683      0.864    32.6863    24.7072 -9.990e-29
 176.784948      0.876  38.005286    12.4500     8.5659      0.869    32.6648    24.6910 -9.990e-29
 176.784954      0.882  38.029808    12.4631     8.5480      0.875    32.6769    24.6978 -9.990e-29
 176.784959      0.886  38.057971    12.4686     8.5379      0.879    32.6990    24.7139 -9.990e-29
 176.784965      0.888  38.059511    12.4605     8.5436      0.881    32.7076    24.7221 -9.990e-29
 176.784971      0.888  38.054358    12.4533     8.5467      0.881    32.7089    24.7245 -9.990e-29
 176.784977      0.886  38.058554    12.4582     8.5601      0.879    32.7087    24.7234 -9.990e-29
 176.784983      0.882  38.070360    12.4726     8.5520      0.875    32.7074    24.7196 -9.990e-29
 176.784988      0.875  38.082504    12.4868     8.5408      0.868    32.7067    24.7163 -9.990e-29
 176.784994      0.870  38.090407    12.4969     8.5339      0.863    32.7054    24.7135 -9.990e-29
 176.785000      0.871  38.086080    12.5047     8.5336      0.864    32.6945    24.7035 -9.990e-29
 176.785006      0.872  38.077707    12.5110     8.5360      0.865    32.6810    24.6918 -9.990e-29
 176.785012      0.871  38.085437    12.5148     8.5492      0.864    32.6851    24.6943 -9.990e-29
 176.785017      0.871  38.097685    12.5133     8.5548      0.864    32.6981    24.7046 -9.990e-29
