data/oxygen options/OCNMS/OCNMS1/raw_data/2019/CAST_TH042_191001faed.cnv
* Sea-Bird SBE 19 Data File:
* FileName = C:\2019 Mooring Data\Casts\CAST_TH042_191001.hex
* Software Version SeatermAF 2.1.2
* Temperature SN = 2997
* Conductivity SN = 2997
* System UpLoad Time = Oct 01 2019 21:10:59 (localtime) = Oct 01 2019 21:10:59 (UTC)
** CAST_TH042_191001
* ds
# nquan = 9                                 
# nvalues = 1226                        
# units = specified
# name 0 = timeJ: Julian Days
# name 1 = prSM: Pressure, Strain Gauge [db]
# name 2 = c0mS/cm: Conductivity [mS/cm]
# name 3 = t090C: Temperature [ITS-90, deg C]
# name 4 = sbeox0ML/L: Oxygen, SBE 43 [ml/l]
# name 5 = depSM: Depth [salt water, m], lat = 47.5
# name 6 = sal00: Salinity, Practical [PSU]
# name 7 = sigma-é00: Density [sigma-theta, kg/m^3]
# name 8 = flag: flag
# span 0 = 274.841539, 274.848628       
# span 1 =     -3.326,     44.179       
# span 2 =   0.460268,  38.157274       
# span 3 =     8.3535,    14.6439       
# span 4 =    -1.9072,    13.0134       
# span 5 =     -3.298,     43.806       
# span 6 =     0.2824,    33.4001       
# span 7 =    -0.6111,    25.9654       
# span 8 = 0.0000e+00, 0.0000e+00       
# interval = seconds: 0.5
# start_time = Oct 01 2019 20:11:49 [Instrument's time stamp, header]
# bad_flag = -9.990e-29
*END*
[from data line 481]
 274.844323      1.404  38.145033    13.4553    -1.5860      1.392    31.9387    23.9326 -9.990e-29
 274.844329      1.399  38.151445    13.4583    -1.5857      1.387    31.9421    23.9346 -9.990e-29
 274.844334      1.391  38.148262    13.4605    -1.5859      1.379    31.9373    23.9305 -9.990e-29
 274.844340      1.383  38.140188    13.4617    -1.5859      1.371    31.9288    23.9237 -9.990e-29
 274.844346      1.383  38.126721    13.4620    -1.5855      1.371    31.9160    23.9137 -9.990e-29
 274.844352      1.391  38.111746    13.4618    -1.5857      1.379    31.9022    23.9031 -9.990e-29
 274.844358      1.399  38.107405    13.4624    -1.5858      1.387    31.8977    23.8995 -9.990e-29
 274.844363      1.403  38.115743    13.4640    -1.5862      1.391    31.9041    23.9041 -9.990e-29
 274.844369      1.403  38.119499    13.4646    -1.5860      1.391    31.9071    23.9063 -9.990e-29
 274.844375      1.405  38.106881    13.4619    -1.5859      1.393    31.8976    23.8995 -9.990e-29
 274.844381      1.411  38.088510    13.4560    -1.5859      1.399    31.8854    23.8913 -9.990e-29
 274.844387      1.419  38.085260    13.4505    -1.5857      1.407    31.8870    23.8936 -9.990e-29
 274.844392      1.425  38.099516    13.4506    -1.5855      1.413    31.9002    23.9037 -9.990e-29
 274.844398      1.428  38.113323    13.4564    -1.5856      1.416    31.9082    23.9088 -9.990e-29
 274.844404      1.429  38.117088    13.4615    -1.5860      1.417    31.9074    23.9072 -9.990e-29
 274.844410      1.429  38.109672    13.4613    -1.5859      1.417    31.9007    23.9020 -9.990e-29
 274.844416      1.431  38.094071    13.4565    -1.5852      1.419    31.8901    23.8948 -9.990e-29
 274.844421      1.440  38.081411    13.4509    -1.5848      1.428    31.8830    23.8904 -9.990e-29
 274.844427      1.448  38.082255    13.4469    -1.5848      1.436    31.8872    23.8944 -9.990e-29
 274.844433      1.447  38.096608    13.4461    -1.5853      1.435    31.9012    23.9055 -9.990e-29
 274.844439      1.441  38.113366    13.4496    -1.5856      1.429    31.9139    23.9146 -9.990e-29
 274.844444      1.433  38.123511    13.4557    -1.5860      1.421    31.9182    23.9167 -9.990e-29
 274.844450      1.425  38.124888    13.4613    -1.5863      1.413    31.9149    23.9130 -9.990e-29
 274.844456      1.418  38.115978    13.4655    -1.5864      1.406    31.9030    23.9030 -9.990e-29
 274.844462      1.417  38.098344    13.4698    -1.5863      1.405    31.8830    23.8867 -9.990e-29
 274.844468      1.418  38.083201    13.4742    -1.5863      1.406    31.8652    23.8721 -9.990e-29
 274.844473      1.417  38.085641    13.4770    -1.5865      1.405    31.8652    23.8714 -9.990e-29
 274.844479      1.413  38.105002    13.4776    -1.5865      1.401    31.8827    23.8849 -9.990e-29
 274.844485      1.406  38.122296    13.4764    -1.5861      1.394    31.8998    23.8983 -9.990e-29
 274.844491      1.400  38.120260    13.4724    -1.5859      1.388    31.9013    23.9003 -9.990e-29
 274.844497      1.403  38.098981    13.4628    -1.5859      1.391    31.8895    23.8931 -9.990e-29
 274.844502      1.415  38.075454    13.4497    -1.5862      1.403    31.8785    23.8872 -9.990e-29
 274.844508      1.429  38.067593    13.4412    -1.5868      1.417    31.8783    23.8887 -9.990e-29
 274.844514      1.441  38.076118    13.4412    -1.5871      1.429    31.8862    23.8948 -9.990e-29
 274.844520      1.452  38.084953    13.4454     9.8444      1.440    31.8909    23.8976 -9.990e-29
 274.844525      1.463  38.081236    13.4485    12.8183      1.451    31.8849    23.8923 -9.990e-29
 274.844531      1.474  38.067852    13.4497    13.0134      1.462    31.8714    23.8817 -9.990e-29
 274.844537      1.482  38.058322    13.4505    10.9540      1.470    31.8618    23.8741 -9.990e-29
 274.844543      1.483  38.063462    13.4525     6.5534      1.471    31.8649    23.8762 -9.990e-29
 274.844549      1.481  38.077806    13.4550     6.7282      1.469    31.8762    23.8844 -9.990e-29
 274.844554      1.481  38.082960    13.4532     7.0064      1.469    31.8825    23.8896 -9.990e-29
 274.844560      1.482  38.070116    13.4443     7.0995      1.470    31.8780    23.8879 -9.990e-29
 274.844566      1.485  38.047914    13.4323     7.0878      1.473    31.8673    23.8820 -9.990e-29
 274.844572      1.489  38.029317    13.4254     7.0443      1.477    31.8558    23.8744 -9.990e-29
 274.844578      1.492  38.013050    13.4272     7.0020      1.480    31.8391    23.8612 -9.990e-29
 274.844583      1.487  37.995902    13.4325     6.9716      1.475    31.8187    23.8444 -9.990e-29
 274.844589      1.481  37.986930    13.4339     6.9454      1.469    31.8091    23.8367 -9.990e-29
 274.844595      1.475  37.984257    13.4309     6.9256      1.463    31.8092    23.8373 -9.990e-29
 274.844601      1.471  37.982081    13.4291     6.9006      1.459    31.8086    23.8373 -9.990e-29
 274.844606      1.468  37.981984    13.4303     6.8787      1.456    31.8075    23.8362 -9.990e-29
 274.844612      1.465  37.983279    13.4308     6.8738      1.453    31.8083    23.8367 -9.990e-29
 274.844618      1.463  37.984333    13.4296     6.8684      1.451    31.8103    23.8385 -9.990e-29
 274.844624      1.461  37.984312    13.4285     6.8688      1.449    31.8112    23.8394 -9.990e-29
 274.844630      1.459  37.983749    13.4283     6.8763      1.447    31.8109    23.8392 -9.990e-29
 274.844635      1.458  37.983576    13.4287     6.8787      1.446    31.8104    23.8387 -9.990e-29
 274.844641      1.456  37.983004    13.4284     6.8790      1.444    31.8101    23.8386 -9.990e-29
 274.844647      1.454  37.981830    13.4284     6.8710      1.442    31.8090    23.8377 -9.990e-29
 274.844653      1.452  37.982971    13.4302     6.8613      1.440    31.8086    23.8370 -9.990e-29
 274.844659      1.450  37.987950    13.4334     6.8495      1.438    31.8105    23.8379 -9.990e-29
 274.844664      1.447  37.994445    13.4370     6.8347      1.435    31.8136    23.8395 -9.990e-29
 274.844670      1.443  38.001598    13.4402     6.8271      1.431    31.8176    23.8420 -9.990e-29
 274.844676      1.438  38.008309    13.4438     6.8325      1.426    31.8208    23.8438 -9.990e-29
 274.844682      1.433  38.012327    13.4491     6.8452      1.421    31.8202    23.8422 -9.990e-29
 274.844688      1.429  38.015651    13.4560     6.8604      1.417    31.8175    23.8388 -9.990e-29
 274.844693      1.433  38.019356    13.4619     6.8587      1.421    31.8160    23.8365 -9.990e-29
 274.844699      1.439  38.021104    13.4643     6.8544      1.427    31.8157    23.8357 -9.990e-29
 274.844705      1.444  38.019868    13.4633     6.8563      1.432    31.8153    23.8357 -9.990e-29
 274.844711      1.448  38.015682    13.4590     6.8498      1.436    31.8150    23.8363 -9.990e-29
 274.844716      1.452  38.007448    13.4516     6.8518      1.440    31.8135    23.8366 -9.990e-29
 274.844722      1.455  37.997071    13.4451     6.8502      1.443    31.8093    23.8346 -9.990e-29
 274.844728      1.457  37.990316    13.4423     6.8551      1.445    31.8053    23.8321 -9.990e-29
 274.844734      1.460  37.989377    13.4404     6.8581      1.448    31.8060    23.8330 -9.990e-29
 274.844740      1.463  37.990203    13.4348     6.8630      1.451    31.8115    23.8383 -9.990e-29
 274.844745      1.467  37.986614    13.4257     6.8689      1.455    31.8157    23.8434 -9.990e-29
 274.844751      1.470  37.979989    13.4188     6.8735      1.458    31.8153    23.8445 -9.990e-29
 274.844757      1.475  37.977174    13.4172     6.8676      1.463    31.8140    23.8438 -9.990e-29
 274.844763      1.481  37.977778    13.4179     6.8684      1.469    31.8140    23.8436 -9.990e-29
 274.844769      1.488  37.977004    13.4181     6.8656      1.476    31.8131    23.8429 -9.990e-29
 274.844774      1.497  37.973822    13.4183     6.8640      1.485    31.8099    23.8404 -9.990e-29
 274.844780      1.504  37.971833    13.4194     6.8590      1.491    31.8072    23.8381 -9.990e-29
 274.844786      1.506  37.973987    13.4221     6.8488      1.493    31.8069    23.8374 -9.990e-29
 274.844792      1.506  37.979235    13.4255     6.8475      1.493    31.8090    23.8383 -9.990e-29
 274.844797      1.509  37.987857    13.4294     6.8484      1.496    31.8138    23.8412 -9.990e-29
 274.844803      1.516  37.998470    13.4334     6.8581      1.503    31.8203    23.8455 -9.990e-29
 274.844809      1.522  38.003946    13.4358     6.8551      1.509    31.8234    23.8474 -9.990e-29
 274.844815      1.519  38.002067    13.4370     6.8471      1.506    31.8207    23.8450 -9.990e-29
 274.844821      1.508  37.998732    13.4381     6.8513      1.495    31.8166    23.8417 -9.990e-29
 274.844826      1.495  37.997336    13.4391     6.8586      1.483    31.8145    23.8398 -9.990e-29
 274.844832      1.485  37.997699    13.4402     6.8697      1.473    31.8139    23.8392 -9.990e-29
 274.844838      1.476  37.999188    13.4412     6.8722      1.464    31.8145    23.8394 -9.990e-29
 274.844844      1.469  37.999309    13.4419     6.8679      1.457    31.8140    23.8389 -9.990e-29
 274.844850      1.462  37.998785    13.4433     6.8698      1.450    31.8124    23.8373 -9.990e-29
 274.844855      1.455  38.000840    13.4461     6.8688      1.443    31.8119    23.8365 -9.990e-29
 274.844861      1.449  38.004296    13.4494     6.8691      1.437    31.8124    23.8362 -9.990e-29
 274.844867      1.441  38.006480    13.4515     6.8683      1.429    31.8127    23.8360 -9.990e-29
 274.844873      1.437  38.006388    13.4510     6.8656      1.425    31.8130    23.8363 -9.990e-29
 274.844878      1.440  38.003899    13.4485     6.8717      1.428    31.8128    23.8367 -9.990e-29
 274.844884      1.447  38.000736    13.4468     6.8731      1.435    31.8113    23.8358 -9.990e-29
 274.844890      1.452  38.000525    13.4473     6.8739      1.440    31.8107    23.8352 -9.990e-29
 274.844896      1.458  38.003543    13.4488     6.8669      1.446    31.8122    23.8361 -9.990e-29
 274.844902      1.463  38.005975    13.4499     6.8693      1.451    31.8136    23.8370 -9.990e-29
 274.844907      1.468  38.007706    13.4503     6.8705      1.456    31.8148    23.8379 -9.990e-29
 274.844913      1.474  38.008806    13.4501     6.8711      1.462    31.8160    23.8388 -9.990e-29
 274.844919      1.482  38.006265    13.4489     6.8725      1.470    31.8147    23.8380 -9.990e-29
 274.844925      1.486  38.002296    13.4477     6.8692      1.474    31.8120    23.8362 -9.990e-29
 274.844931      1.484  38.001130    13.4470     6.8752      1.472    31.8115    23.8359 -9.990e-29
 274.844936      1.479  38.001773    13.4460     6.8695      1.467    31.8129    23.8372 -9.990e-29
 274.844942      1.476  38.001163    13.4436     6.8622      1.464    31.8143    23.8388 -9.990e-29
 274.844948      1.473  37.997929    13.4407     6.8539      1.461    31.8137    23.8389 -9.990e-29
 274.844954      1.472  37.993921    13.4387     6.8522      1.460    31.8117    23.8377 -9.990e-29
 274.844959      1.471  37.992755    13.4378     6.8680      1.459    31.8113    23.8376 -9.990e-29
 274.844965      1.472  37.995118    13.4374     6.8675      1.460    31.8139    23.8397 -9.990e-29
 274.844971      1.473  38.000803    13.4386     6.8692      1.461    31.8182    23.8428 -9.990e-29
 274.844977      1.475  38.008430    13.4420     6.8730      1.463    31.8224    23.8454 -9.990e-29
 274.844983      1.478  38.013049    13.4460     6.8833      1.466    31.8234    23.8453 -9.990e-29
 274.844988      1.483  38.013539    13.4493     6.8887      1.471    31.8211    23.8429 -9.990e-29
 274.844994      1.489  38.012797    13.4507     6.8876      1.477    31.8192    23.8412 -9.990e-29
 274.845000      1.497  38.010397    13.4492     6.8882      1.485    31.8182    23.8407 -9.990e-29
 274.845006      1.507  38.005940    13.4470     6.8776      1.494    31.8159    23.8394 -9.990e-29
 274.845012      1.516  38.003005    13.4470     6.8753      1.503    31.8132    23.8373 -9.990e-29
 274.845017      1.521  38.003280    13.4483     6.8799      1.508    31.8124    23.8364 -9.990e-29
 274.845023      1.525  38.004893    13.4484     6.8798      1.512    31.8138    23.8374 -9.990e-29
 274.845029      1.534  38.005516    13.4473     6.8826      1.521    31.8153    23.8388 -9.990e-29
 274.845035      1.547  38.004862    13.4460     6.8810      1.534    31.8157    23.8394 -9.990e-29
 274.845041      1.562  38.004301    13.4449     6.8720      1.549    31.8161    23.8399 -9.990e-29
 274.845046      1.570  38.004202    13.4445     6.8710      1.557    31.8164    23.8402 -9.990e-29
 274.845052      1.569  38.004421    13.4455     6.8705      1.556    31.8157    23.8395 -9.990e-29
 274.845058      1.562  38.005231    13.4482     6.8712      1.549    31.8142    23.8378 -9.990e-29
 274.845064      1.557  38.007692    13.4524     6.8736      1.544    31.8130    23.8361 -9.990e-29
 274.845069      1.558  38.011711    13.4562     6.8667      1.545    31.8136    23.8357 -9.990e-29
 274.845075      1.566  38.014789    13.4582     6.8656      1.553    31.8148    23.8363 -9.990e-29
 274.845081      1.576  38.015973    13.4587     6.8663      1.563    31.8155    23.8367 -9.990e-29
 274.845087      1.581  38.016823    13.4588     6.8679      1.568    31.8162    23.8372 -9.990e-29
 274.845093      1.576  38.018455    13.4589     6.8775      1.563    31.8176    23.8383 -9.990e-29
 274.845098      1.567  38.020226    13.4593     6.8847      1.554    31.8190    23.8393 -9.990e-29
 274.845104      1.560  38.021121    13.4610     6.8856      1.547    31.8184    23.8385 -9.990e-29
 274.845110      1.559  38.022316    13.4637     6.8781      1.546    31.8172    23.8371 -9.990e-29
 274.845116      1.560  38.025388    13.4666     6.8605      1.547    31.8177    23.8368 -9.990e-29
 274.845122      1.556  38.028814    13.4689     6.8555      1.543    31.8190    23.8373 -9.990e-29
 274.845127      1.544  38.029301    13.4688     6.8567      1.531    31.8195    23.8378 -9.990e-29
 274.845133      1.534  38.026923    13.4665     6.8741      1.521    31.8192    23.8380 -9.990e-29
 274.845139      1.529  38.024092    13.4637     6.8819      1.516    31.8189    23.8383 -9.990e-29
 274.845145      1.528  38.021498    13.4613     6.8756      1.515    31.8185    23.8385 -9.990e-29
 274.845150      1.527  38.020146    13.4607     6.8593      1.514    31.8177    23.8380 -9.990e-29
 274.845156      1.522  38.020455    13.4615     6.8524      1.509    31.8174    23.8376 -9.990e-29
 274.845162      1.517  38.021138    13.4620     6.8539      1.504    31.8176    23.8377 -9.990e-29
 274.845168      1.515  38.021407    13.4619     6.8535      1.502    31.8179    23.8379 -9.990e-29
 274.845174      1.517  38.021045    13.4617     6.8632      1.504    31.8177    23.8378 -9.990e-29
 274.845179      1.519  38.020670    13.4618     6.8578      1.506    31.8173    23.8375 -9.990e-29
 274.845185      1.516  38.020886    13.4623     6.8511      1.503    31.8171    23.8372 -9.990e-29
 274.845191      1.512  38.021403    13.4627     6.8523      1.499    31.8172    23.8373 -9.990e-29
 274.845197      1.512  38.021772    13.4629     6.8505      1.499    31.8174    23.8374 -9.990e-29
 274.845203      1.515  38.021346    13.4624     6.8566      1.502    31.8174    23.8375 -9.990e-29
 274.845208      1.521  38.019542    13.4605     6.8668      1.508    31.8173    23.8378 -9.990e-29
 274.845214      1.528  38.015618    13.4576     6.8732      1.515    31.8161    23.8374 -9.990e-29
 274.845220      1.530  38.011043    13.4553     6.8777      1.517    31.8138    23.8360 -9.990e-29
 274.845226      1.533  38.008660    13.4551     6.8852      1.520    31.8117    23.8345 -9.990e-29
 274.845231      1.536  38.009193    13.4563     6.8601      1.523    31.8112    23.8339 -9.990e-29
 274.845237      1.536  38.011655    13.4572     6.8370      1.523    31.8127    23.8349 -9.990e-29
