data/oxygen options/OCNMS/OCNMS1/raw_data/2019/CAST_CE015_190930faed.cnv
* Sea-Bird SBE 19 Data File:
* FileName = C:\2019 Mooring Data\Casts\CAST_CE015_190930.hex
* Software Version SeatermAF 2.1.2
* Temperature SN = 2997
* Conductivity SN = 2997
* System UpLoad Time = Oct 01 2019 17:02:56 (localtime) = Oct 01 2019 17:02:56 (UTC)
** CAST_CE015_190930
* ds
# nquan = 9                                 
# nvalues = 730                         
# units = specified
# name 0 = timeJ: Julian Days
# name 1 = prSM: Pressure, Strain Gauge [db]
# name 2 = c0mS/cm: Conductivity [mS/cm]
# name 3 = t090C: Temperature [ITS-90, deg C]
# name 4 = sbeox0ML/L: Oxygen, SBE 43 [ml/l]
# name 5 = depSM: Depth [salt water, m], lat = 47.5
# name 6 = sal00: Salinity, Practical [PSU]
# name 7 = sigma-é00: Density [sigma-theta, kg/m^3]
# name 8 = flag: flag
# span 0 = 273.832465, 273.836684       
# span 1 =     -4.989,     16.457       
# span 2 =   0.413330,  39.559005       
# span 3 =    13.2537,    16.5372       
# span 4 =    -1.8492,    10.8943       
# span 5 =     -4.947,     16.319       
# span 6 =     0.2404,    32.1881       
# span 7 =    -0.9396,    24.1659       
# span 8 = 0.0000e+00, 0.0000e+00       
# interval = seconds: 0.5
# start_time = Sep 30 2019 19:58:45 [Instrument's time stamp, header]
# bad_flag = -9.990e-29
*END*
[from data line 321]
 273.834323     -0.435   0.571616    16.2024    -1.8177     -0.431     0.3371    -0.8283 -9.990e-29
 273.834329     -0.433   0.570271    16.2106    -1.8171     -0.429     0.3362    -0.8304 -9.990e-29
 273.834334     -0.432   0.569254    16.2282    -1.8164     -0.428     0.3354    -0.8339 -9.990e-29
 273.834340     -0.430   0.568869    16.2483    -1.8158     -0.426     0.3350    -0.8375 -9.990e-29
 273.834346     -0.429   0.569157    16.2651    -1.8151     -0.425     0.3351    -0.8403 -9.990e-29
 273.834352     -0.428   0.569946    16.2766    -1.8143     -0.424     0.3355    -0.8419 -9.990e-29
 273.834358     -0.426   0.570629    16.2824    -1.8143     -0.422     0.3358    -0.8426 -9.990e-29
 273.834363     -0.425   0.570454    16.2814    -1.8154     -0.421     0.3357    -0.8425 -9.990e-29
 273.834369     -0.423   0.569188    16.2781    -1.8152     -0.419     0.3350    -0.8425 -9.990e-29
 273.834375     -0.421   0.567358    16.2808    -1.8149     -0.417     0.3339    -0.8438 -9.990e-29
 273.834381     -0.419   0.565845    16.2916    -1.8141     -0.416     0.3329    -0.8464 -9.990e-29
 273.834387     -0.415   0.564849    16.3069    -1.8126     -0.412     0.3321    -0.8495 -9.990e-29
 273.834392     -0.411   0.564147    16.3234    -1.8118     -0.408     0.3316    -0.8527 -9.990e-29
 273.834398     -0.406   0.563911    16.3395    -1.8115     -0.403     0.3313    -0.8556 -9.990e-29
 273.834404     -0.399   0.563824    16.3512    -1.8113     -0.396     0.3312    -0.8576 -9.990e-29
 273.834410     -0.391   0.563218    16.3525    -1.8112     -0.388     0.3308    -0.8581 -9.990e-29
 273.834416     -0.384   0.562391    16.3474    -1.8118     -0.381     0.3303    -0.8576 -9.990e-29
 273.834421     -0.384   0.561903    16.3480    -1.8129     -0.381     0.3300    -0.8580 -9.990e-29
 273.834427     -0.384   0.561655    16.3591    -1.8140     -0.381     0.3298    -0.8600 -9.990e-29
 273.834433     -0.382   0.561318    16.3795    -1.8148     -0.379     0.3294    -0.8637 -9.990e-29
 273.834439     -0.381   0.560441    16.4040    -1.8154     -0.378     0.3287    -0.8684 -9.990e-29
 273.834444     -0.385   0.558963    16.4240    -1.8159     -0.382     0.3277    -0.8725 -9.990e-29
 273.834450     -0.391   0.557681    16.4359    -1.8160     -0.388     0.3268    -0.8752 -9.990e-29
 273.834456     -0.395   0.557100    16.4410    -1.8154     -0.392     0.3264    -0.8764 -9.990e-29
 273.834462     -0.396   0.556999    16.4378    -1.8147     -0.393     0.3264    -0.8759 -9.990e-29
 273.834468     -0.395   0.557245    16.4240    -1.8135     -0.392     0.3266    -0.8733 -9.990e-29
 273.834473     -0.393   0.557612    16.4018    -1.8125     -0.390     0.3270    -0.8693 -9.990e-29
 273.834479     -0.388   0.557480    16.3778    -1.8123     -0.385     0.3271    -0.8652 -9.990e-29
 273.834485     -0.380   0.556673    16.3573    -1.8124     -0.377     0.3268    -0.8620 -9.990e-29
 273.834491     -0.373   0.555774    16.3417    -1.8127     -0.370     0.3264    -0.8597 -9.990e-29
 273.834497     -0.372   0.555246    16.3324    -1.8129     -0.369     0.3261    -0.8584 -9.990e-29
 273.834502     -0.371   0.554938    16.3324    -1.8131     -0.368     0.3259    -0.8585 -9.990e-29
 273.834508     -0.366   0.554441    16.3431    -1.8127     -0.363     0.3256    -0.8606 -9.990e-29
 273.834514     -0.358   0.553645    16.3621    -1.8123     -0.355     0.3249    -0.8643 -9.990e-29
 273.834520     -0.349   0.553150    16.3846    -1.8119     -0.346     0.3244    -0.8684 -9.990e-29
 273.834525     -0.344   0.553402    16.4035    -1.8115     -0.341     0.3245    -0.8716 -9.990e-29
 273.834531     -0.338   0.553631    16.4131    -1.8118     -0.335     0.3245    -0.8731 -9.990e-29
 273.834537     -0.325   0.553035    16.4143    -1.8118     -0.322     0.3241    -0.8736 -9.990e-29
 273.834543     -0.307   0.551925    16.4115    -1.8116     -0.304     0.3235    -0.8736 -9.990e-29
 273.834549     -0.285   0.551035    16.4083    -1.8114     -0.283     0.3230    -0.8735 -9.990e-29
 273.834554     -0.266   0.550840    16.4082    -1.8107     -0.264     0.3229    -0.8736 -9.990e-29
 273.834560     -0.254   0.551080    16.4135    -1.8100     -0.252     0.3230    -0.8744 -9.990e-29
 273.834566     -0.244   0.550968    16.4222    -1.8095     -0.242     0.3228    -0.8760 -9.990e-29
 273.834572     -0.231   0.550354    16.4311    -1.8090     -0.229     0.3224    -0.8778 -9.990e-29
 273.834578     -0.218   0.549710    16.4369    -1.8085     -0.216     0.3220    -0.8791 -9.990e-29
 273.834583     -0.209   0.549287    16.4385    -1.8078     -0.207     0.3217    -0.8796 -9.990e-29
 273.834589     -0.202   0.549257    16.4399    -1.8076     -0.200     0.3217    -0.8798 -9.990e-29
 273.834595     -0.199   0.549578    16.4445    -1.8086     -0.197     0.3218    -0.8805 -9.990e-29
 273.834601     -0.198   0.549755    16.4537    -1.8092     -0.196     0.3219    -0.8820 -9.990e-29
 273.834606     -0.200   0.549468    16.4676    -1.8097     -0.198     0.3216    -0.8846 -9.990e-29
 273.834612     -0.200   0.548886    16.4837    -1.8092     -0.198     0.3211    -0.8876 -9.990e-29
 273.834618     -0.194   0.548342    16.4992    -1.8113     -0.192     0.3207    -0.8906 -9.990e-29
 273.834624     -0.186   0.547663    16.5139    -1.8124     -0.184     0.3201    -0.8935 -9.990e-29
 273.834630     -0.180   0.546494    16.5275    -1.8124     -0.178     0.3193    -0.8964 -9.990e-29
 273.834635     -0.176   0.544938    16.5372    -1.8124     -0.175     0.3183    -0.8988 -9.990e-29
 273.834641     -0.172   0.543133    16.5368    -1.8127     -0.171     0.3172    -0.8996 -9.990e-29
 273.834647     -0.169   0.541442    16.5260    -1.8141     -0.168     0.3163    -0.8985 -9.990e-29
 273.834653     -0.167   0.540379    16.5124    -1.8150     -0.166     0.3158    -0.8966 -9.990e-29
 273.834659     -0.165   0.539630    16.5008    -1.8166     -0.164     0.3154    -0.8949 -9.990e-29
 273.834664     -0.163   0.538751    16.4854    -1.8181     -0.162     0.3150    -0.8926 -9.990e-29
 273.834670     -0.162   0.537677    16.4608    -1.8184     -0.161     0.3145    -0.8889 -9.990e-29
 273.834676     -0.161   0.536082    16.4379    -1.8189     -0.160     0.3137    -0.8856 -9.990e-29
 273.834682     -0.160   0.534054    16.4252    -1.8212     -0.159     0.3126    -0.8843 -9.990e-29
 273.834687     -0.160   0.532208    16.4162    -1.8233     -0.159     0.3116    -0.8836 -9.990e-29
 273.834693     -0.159   0.530852    16.4011    -1.8236     -0.158     0.3109    -0.8817 -9.990e-29
 273.834699     -0.158   0.529837    16.3766    -1.8230     -0.157     0.3104    -0.8779 -9.990e-29
 273.834705     -0.158   0.528917    16.3459    -1.8229     -0.157     0.3101    -0.8730 -9.990e-29
 273.834711     -0.157   0.527971    16.3122    -1.8231     -0.156     0.3098    -0.8676 -9.990e-29
 273.834716     -0.156   0.526843    16.2815    -1.8235     -0.155     0.3093    -0.8629 -9.990e-29
 273.834722     -0.155   0.525690    16.2570    -1.8251     -0.154     0.3088    -0.8592 -9.990e-29
 273.834728     -0.154   0.524635    16.2287    -1.8256     -0.153     0.3084    -0.8548 -9.990e-29
 273.834734     -0.152   0.523379    16.1907    -1.8271     -0.151     0.3079    -0.8489 -9.990e-29
 273.834740     -0.150   0.521907    16.1560    -1.8298     -0.149     0.3073    -0.8437 -9.990e-29
 273.834745     -0.147   0.520470    16.1390    -1.8319     -0.146     0.3065    -0.8414 -9.990e-29
 273.834751     -0.144   0.519366    16.1361    -1.8349     -0.143     0.3059    -0.8415 -9.990e-29
 273.834757     -0.139   0.518783    16.1347    -1.8371     -0.138     0.3055    -0.8415 -9.990e-29
 273.834763     -0.134   0.518497    16.1274    -1.8371     -0.133     0.3054    -0.8404 -9.990e-29
 273.834769     -0.126   0.518124    16.1104    -1.8373     -0.125     0.3053    -0.8377 -9.990e-29
 273.834774     -0.117   0.517719    16.0847    -1.8364     -0.116     0.3052    -0.8335 -9.990e-29
 273.834780     -0.105   0.517851    16.0536    -1.7752     -0.104     0.3055    -0.8282 -9.990e-29
 273.834786     -0.090   0.518693    16.0114    -1.5196     -0.089     0.3064    -0.8206 -9.990e-29
 273.834792     -0.074   0.519705    15.9563    -1.5257     -0.073     0.3074    -0.8109 -9.990e-29
 273.834797     -0.062   0.521127    15.8957    -1.5270     -0.061     0.3087    -0.8000 -9.990e-29
 273.834803     -0.052   0.525961    15.8371    -1.5267     -0.052     0.3121    -0.7879 -9.990e-29
 273.834809     -0.044   0.542314    15.7937    -1.5250     -0.044     0.3224    -0.7729 -9.990e-29
 273.834815     -0.032   0.592542    15.7725    -1.5256     -0.032     0.3535    -0.7456 -9.990e-29
 273.834821     -0.013   0.743615    15.7666    -1.5266     -0.013     0.4472    -0.6722 -9.990e-29
 273.834826      0.015   1.196407    15.7643    -1.5276      0.015     0.7339    -0.4507 -9.990e-29
 273.834832      0.055   2.554087    15.7379    -1.5286      0.055     1.6291     0.2429 -9.990e-29
 273.834838      0.108   6.628001    15.6661    -1.5276      0.107     4.4989     2.4571 -9.990e-29
 273.834844      0.179  16.222855    15.5784    -1.5271      0.178    11.8345     8.0847 -9.990e-29
 273.834850      0.262  28.388924    15.5207    -1.5288      0.260    21.8432    15.7529 -9.990e-29
 273.834855      0.346  35.856531    15.5054    -1.5304      0.343    28.2823    20.6938 -9.990e-29
 273.834861      0.428  38.317969    15.5090    -1.5312      0.424    30.4443    22.3539 -9.990e-29
 273.834867      0.509  39.153156    15.5009    -1.5342      0.505    31.1901    22.9289 -9.990e-29
 273.834873      0.585  39.440944    15.4810    -1.5309      0.580    31.4614    23.1419 -9.990e-29
 273.834878      0.657  39.532562    15.4632    -1.5304      0.652    31.5571    23.2193 -9.990e-29
 273.834884      0.725  39.541196    15.4526    -1.5304      0.719    31.5733    23.2341 -9.990e-29
 273.834890      0.786  39.514754    15.4492    -1.5304      0.779    31.5525    23.2188 -9.990e-29
 273.834896      0.837  39.496942    15.4346    -1.5309      0.830    31.5483    23.2188 -9.990e-29
 273.834902      0.884  39.500969    15.3902    -1.5313      0.877    31.5875    23.2586 -9.990e-29
 273.834907      0.924  39.510357    15.3383    -1.5307      0.916    31.6376    23.3084 -9.990e-29
 273.834913      0.952  39.523614    15.3147    -1.5305      0.944    31.6684    23.3372 -9.990e-29
 273.834919      0.965  39.519191    15.3215    -1.5304      0.957    31.6590    23.3285 -9.990e-29
 273.834925      0.967  39.443003    15.3372    -1.5301      0.959    31.5784    23.2631 -9.990e-29
 273.834931      0.969  39.356439    15.3454    -1.5306      0.961    31.4946    23.1969 -9.990e-29
 273.834936      0.974  39.366429    15.3419    -1.5314      0.966    31.5063    23.2066 -9.990e-29
 273.834942      0.982  39.419646    15.3349    -1.5327      0.974    31.5594    23.2490 -9.990e-29
 273.834948      0.995  39.454866    15.3336    -1.5330      0.987    31.5919    23.2742 -9.990e-29
 273.834954      1.007  39.470314    15.3354    -1.5328      0.999    31.6042    23.2833 -9.990e-29
 273.834959      1.017  39.455771    15.3360    -1.5328      1.009    31.5907    23.2728 -9.990e-29
 273.834965      1.029  39.442250    15.3392    -1.5319      1.020    31.5761    23.2609 -9.990e-29
 273.834971      1.043  39.457084    15.3497    -1.5319      1.034    31.5809    23.2623 -9.990e-29
 273.834977      1.053  39.471320    15.3577    -1.5317      1.044    31.5871    23.2654 -9.990e-29
 273.834983      1.058  39.455765    15.3444    -1.5315      1.049    31.5840    23.2658 -9.990e-29
 273.834988      1.068  39.426082    15.3082    -1.5314      1.059    31.5866    23.2757 -9.990e-29
 273.834994      1.083  39.417743    15.2707    -1.5313      1.074    31.6093    23.3013 -9.990e-29
 273.835000      1.096  39.437542    15.2542    -1.5306      1.087    31.6403    23.3287 -9.990e-29
 273.835006      1.103  39.456413    15.2594    -1.5310      1.094    31.6530    23.3373 -9.990e-29
 273.835012      1.105  39.453015    15.2726    -1.5320      1.096    31.6393    23.3239 -9.990e-29
 273.835017      1.105  39.431212    15.2851    -1.5332      1.096    31.6097    23.2985 -9.990e-29
 273.835023      1.113  39.416257    15.2942    -1.5333      1.104    31.5891    23.2806 -9.990e-29
 273.835029      1.133  39.420132    15.3003    -1.5333      1.124    31.5876    23.2782 -9.990e-29
 273.835035      1.163  39.427839    15.3028    -1.5327      1.153    31.5925    23.2814 -9.990e-29
 273.835041      1.196  39.435087    15.3019    -1.5319      1.186    31.5996    23.2871 -9.990e-29
 273.835046      1.225  39.451534    15.3048    -1.5318      1.215    31.6120    23.2959 -9.990e-29
 273.835052      1.247  39.473899    15.3137    -1.5319      1.237    31.6248    23.3039 -9.990e-29
 273.835058      1.269  39.486065    15.3201    -1.5320      1.258    31.6305    23.3069 -9.990e-29
 273.835064      1.292  39.472326    15.3124    -1.5318      1.281    31.6244    23.3039 -9.990e-29
 273.835069      1.312  39.424441    15.2901    -1.5312      1.301    31.5996    23.2896 -9.990e-29
 273.835075      1.332  39.370412    15.2685    -1.5314      1.321    31.5687    23.2705 -9.990e-29
 273.835081      1.349  39.354691    15.2609    -1.5331      1.338    31.5608    23.2661 -9.990e-29
 273.835087      1.358  39.375908    15.2672    -1.5335      1.347    31.5747    23.2754 -9.990e-29
 273.835093      1.361  39.403533    15.2773    -1.5336      1.350    31.5912    23.2859 -9.990e-29
 273.835098      1.358  39.426782    15.2813    -1.5330      1.347    31.6088    23.2986 -9.990e-29
 273.835104      1.353  39.446406    15.2788    -1.5331      1.342    31.6283    23.3141 -9.990e-29
 273.835110      1.354  39.461686    15.2755    -1.5336      1.343    31.6446    23.3274 -9.990e-29
 273.835116      1.361  39.475067    15.2756    -1.5342      1.350    31.6565    23.3365 -9.990e-29
 273.835122      1.367  39.489818    15.2794    -1.5345      1.356    31.6666    23.3435 -9.990e-29
 273.835127      1.371  39.503197    15.2798    -1.5343      1.360    31.6782    23.3523 -9.990e-29
 273.835133      1.378  39.498312    15.2700    -1.5342      1.366    31.6818    23.3572 -9.990e-29
 273.835139      1.388  39.456882    15.2519    -1.5340      1.376    31.6593    23.3438 -9.990e-29
 273.835145      1.403  39.404875    15.2368    -1.5333      1.391    31.6250    23.3207 -9.990e-29
 273.835150      1.418  39.393918    15.2353    -1.5328      1.406    31.6164    23.3144 -9.990e-29
 273.835156      1.431  39.417794    15.2418    -1.5329      1.419    31.6325    23.3254 -9.990e-29
 273.835162      1.442  39.425994    15.2426    -1.5331      1.430    31.6392    23.3304 -9.990e-29
 273.835168      1.452  39.398641    15.2326    -1.5330      1.440    31.6228    23.3199 -9.990e-29
 273.835174      1.462  39.360310    15.2167    -1.5330      1.450    31.6014    23.3068 -9.990e-29
 273.835179      1.472  39.345020    15.2045    -1.5327      1.460    31.5975    23.3065 -9.990e-29
 273.835185      1.483  39.363741    15.2006    -1.5324      1.471    31.6174    23.3226 -9.990e-29
 273.835191      1.491  39.398297    15.2059    -1.5320      1.479    31.6440    23.3420 -9.990e-29
 273.835197      1.492  39.427547    15.2201    -1.5314      1.480    31.6587    23.3502 -9.990e-29
 273.835203      1.492  39.446796    15.2364    -1.5318      1.480    31.6628    23.3498 -9.990e-29
 273.835208      1.494  39.454259    15.2468    -1.5318      1.482    31.6611    23.3463 -9.990e-29
 273.835214      1.498  39.446444    15.2483    -1.5318      1.485    31.6529    23.3396 -9.990e-29
 273.835220      1.505  39.430851    15.2424    -1.5318      1.492    31.6437    23.3338 -9.990e-29
 273.835226      1.510  39.428690    15.2371    -1.5315      1.497    31.6460    23.3368 -9.990e-29
 273.835231      1.511  39.449397    15.2386    -1.5316      1.498    31.6633    23.3498 -9.990e-29
 273.835237      1.510  39.475764    15.2442    -1.5309      1.497    31.6824    23.3632 -9.990e-29
