data/oxygen options/OCNMS/OCNMS1/raw_data/2019/CAST_CA015_190624faed.cnv
* Sea-Bird SBE19 Data File:
* FileName = C:\2019 Mooring Data\Casts\CAST_CA015_190624.hex
* Software Version 1.59
* Temperature SN = 2997
* Conductivity SN = 2997
* System UpLoad Time = Jun 24 2019 23:09:40
** CAST_CA015_190624
* ds
# nquan = 9                                 
# nvalues = 801                         
# units = specified
# name 0 = timeJ: Julian Days
# name 1 = prSM: Pressure, Strain Gauge [db]
# name 2 = c0mS/cm: Conductivity [mS/cm]
# name 3 = t090C: Temperature [ITS-90, deg C]
# name 4 = sbeox0ML/L: Oxygen, SBE 43 [ml/l]
# name 5 = depSM: Depth [salt water, m], lat = 47.5
# name 6 = sal00: Salinity, Practical [PSU]
# name 7 = sigma-é00: Density [sigma-theta, kg/m^3]
# name 8 = flag: flag
# span 0 = 175.927546, 175.932176       
# span 1 =     -5.193,     15.062       
# span 2 =   0.326706,  38.974844       
# span 3 =     8.3742,    16.9804       
# span 4 =    -1.8297,    17.3424       
# span 5 =     -5.150,     14.936       
# span 6 =     0.1872,    34.2105       
# span 7 =    -1.0760,    26.0941       
# span 8 = 0.0000e+00, 0.0000e+00       
# interval = seconds: 0.5
# start_time = Jun 24 2019 22:15:40 [Instrument's time stamp, header]
# bad_flag = -9.990e-29
*END*
[from data line 481]
 175.930330      0.859  37.544377    11.7517     8.7284      0.852    32.8324    24.9521 -9.990e-29
 175.930336      0.858  37.533515    11.7418     8.7392      0.851    32.8306    24.9525 -9.990e-29
 175.930341      0.857  37.531195    11.7450     8.7594      0.850    32.8255    24.9480 -9.990e-29
 175.930347      0.860  37.535526    11.7540     8.7830      0.853    32.8217    24.9434 -9.990e-29
 175.930353      0.864  37.538166    11.7595     8.7734      0.857    32.8195    24.9406 -9.990e-29
 175.930359      0.865  37.536522    11.7556     8.7630      0.858    32.8213    24.9428 -9.990e-29
 175.930365      0.862  37.532161    11.7456     8.7610      0.855    32.8259    24.9482 -9.990e-29
 175.930370      0.860  37.527123    11.7388     8.7574      0.853    32.8270    24.9503 -9.990e-29
 175.930376      0.862  37.526261    11.7396     8.7746      0.855    32.8255    24.9489 -9.990e-29
 175.930382      0.866  37.534576    11.7455     8.7709      0.859    32.8283    24.9501 -9.990e-29
 175.930388      0.865  37.547467    11.7497     8.7658      0.858    32.8372    24.9562 -9.990e-29
 175.930394      0.862  37.552438    11.7483     8.7521      0.855    32.8433    24.9612 -9.990e-29
 175.930399      0.859  37.547152    11.7438     8.7437      0.852    32.8421    24.9611 -9.990e-29
 175.930405      0.861  37.538553    11.7406     8.7387      0.854    32.8365    24.9574 -9.990e-29
 175.930411      0.863  37.533648    11.7415     8.7569      0.856    32.8310    24.9529 -9.990e-29
 175.930417      0.862  37.534850    11.7472     8.7665      0.855    32.8271    24.9488 -9.990e-29
 175.930422      0.861  37.542633    11.7564     8.7700      0.854    32.8265    24.9467 -9.990e-29
 175.930428      0.865  37.554489    11.7637     8.7594      0.858    32.8316    24.9493 -9.990e-29
 175.930434      0.870  37.559342    11.7609     8.7459      0.863    32.8388    24.9554 -9.990e-29
 175.930440      0.873  37.550218    11.7466     8.7448      0.866    32.8426    24.9610 -9.990e-29
 175.930446      0.876  37.531745    11.7333     8.7591      0.869    32.8364    24.9586 -9.990e-29
 175.930451      0.885  37.518483    11.7377     8.7739      0.878    32.8196    24.9447 -9.990e-29
 175.930457      0.897  37.521297    11.7564     8.7691      0.890    32.8058    24.9306 -9.990e-29
 175.930463      0.902  37.533287    11.7689     8.7661      0.894    32.8064    24.9287 -9.990e-29
 175.930469      0.898  37.542437    11.7687     8.7525      0.891    32.8155    24.9358 -9.990e-29
 175.930475      0.893  37.545265    11.7657     8.7477      0.886    32.8209    24.9406 -9.990e-29
 175.930480      0.895  37.545541    11.7707     8.7515      0.888    32.8167    24.9364 -9.990e-29
 175.930486      0.900  37.549783    11.7897     8.7511      0.892    32.8041    24.9231 -9.990e-29
 175.930492      0.903  37.565879    11.8148     8.7535      0.895    32.7976    24.9134 -9.990e-29
 175.930498      0.905  37.585044    11.8227     8.7461      0.897    32.8092    24.9210 -9.990e-29
 175.930503      0.907  37.585233    11.8011     8.7335      0.899    32.8285    24.9399 -9.990e-29
 175.930509      0.912  37.563897    11.7635     8.7497      0.904    32.8409    24.9566 -9.990e-29
 175.930515      0.925  37.536821    11.7340     8.7561      0.917    32.8407    24.9618 -9.990e-29
 175.930521      0.938  37.523329    11.7283     8.7594      0.930    32.8326    24.9565 -9.990e-29
 175.930527      0.940  37.527814    11.7395     8.7569      0.932    32.8270    24.9502 -9.990e-29
 175.930532      0.931  37.535522    11.7474     8.7554      0.923    32.8275    24.9491 -9.990e-29
 175.930538      0.917  37.537126    11.7452     8.7500      0.909    32.8311    24.9523 -9.990e-29
 175.930544      0.909  37.530282    11.7401     8.7340      0.901    32.8289    24.9515 -9.990e-29
 175.930550      0.908  37.520419    11.7386     8.7265      0.900    32.8206    24.9454 -9.990e-29
 175.930556      0.910  37.524617    11.7440     8.7308      0.902    32.8199    24.9439 -9.990e-29
 175.930561      0.912  37.549584    11.7547     8.7436      0.904    32.8348    24.9534 -9.990e-29
 175.930567      0.914  37.573724    11.7659     8.7492      0.906    32.8484    24.9619 -9.990e-29
 175.930573      0.915  37.582742    11.7746     8.7380      0.907    32.8495    24.9611 -9.990e-29
 175.930579      0.916  37.589217    11.7781     8.7415      0.908    32.8527    24.9630 -9.990e-29
 175.930584      0.917  37.583860    11.7737     8.7590      0.909    32.8513    24.9628 -9.990e-29
 175.930590      0.918  37.562323    11.7665     8.7459      0.910    32.8368    24.9528 -9.990e-29
 175.930596      0.919  37.554118    11.7705     8.7398      0.911    32.8252    24.9431 -9.990e-29
 175.930602      0.919  37.568458    11.7861     8.7610      0.911    32.8254    24.9403 -9.990e-29
 175.930608      0.920  37.585813    11.7967     8.7702      0.912    32.8329    24.9442 -9.990e-29
 175.930613      0.920  37.587322    11.7946     8.7662      0.912    32.8362    24.9472 -9.990e-29
 175.930619      0.921  37.572195    11.7900     8.7386      0.913    32.8256    24.9397 -9.990e-29
 175.930625      0.922  37.561135    11.7926     8.7253      0.914    32.8125    24.9291 -9.990e-29
 175.930631      0.923  37.570185    11.8040     8.7205      0.915    32.8113    24.9260 -9.990e-29
 175.930637      0.925  37.583964    11.8269     8.7241      0.917    32.8044    24.9165 -9.990e-29
 175.930642      0.926  37.593398    11.8639     8.7271      0.918    32.7810    24.8914 -9.990e-29
 175.930648      0.928  37.614420    11.8994     8.7468      0.920    32.7701    24.8764 -9.990e-29
 175.930654      0.931  37.628580    11.9039     8.7613      0.923    32.7799    24.8831 -9.990e-29
 175.930660      0.935  37.606044    11.8736     8.7692      0.927    32.7847    24.8925 -9.990e-29
 175.930666      0.939  37.572202    11.8368     8.7293      0.931    32.7843    24.8990 -9.990e-29
 175.930671      0.945  37.558639    11.8077     8.7198      0.937    32.7968    24.9141 -9.990e-29
 175.930677      0.952  37.555654    11.7811     8.7422      0.944    32.8173    24.9350 -9.990e-29
 175.930683      0.957  37.549176    11.7640     8.7595      0.949    32.8262    24.9450 -9.990e-29
 175.930689      0.956  37.551833    11.7697     8.7511      0.948    32.8237    24.9420 -9.990e-29
 175.930694      0.953  37.580596    11.7962     8.7423      0.945    32.8283    24.9407 -9.990e-29
 175.930700      0.953  37.616126    11.8250     8.7134      0.945    32.8374    24.9424 -9.990e-29
 175.930706      0.954  37.628516    11.8415     8.7374      0.946    32.8348    24.9374 -9.990e-29
 175.930712      0.958  37.623088    11.8475     8.7363      0.950    32.8243    24.9281 -9.990e-29
 175.930718      0.965  37.630120    11.8517     8.7210      0.957    32.8274    24.9297 -9.990e-29
 175.930723      0.974  37.688663    11.8661     8.6924      0.966    32.8715    24.9613 -9.990e-29
 175.930729      0.986  37.770372    11.8919     8.6948      0.978    32.9280    25.0004 -9.990e-29
 175.930735      1.003  37.784271    11.9174     8.7243      0.995    32.9189    24.9886 -9.990e-29
 175.930741      1.022  37.749448    11.9441     8.7268      1.013    32.8616    24.9391 -9.990e-29
 175.930747      1.033  37.746586    11.9757     8.6963      1.024    32.8310    24.9094 -9.990e-29
 175.930752      1.040  37.772429    12.0134     8.6764      1.031    32.8228    24.8960 -9.990e-29
 175.930758      1.045  37.799271    12.0502     8.6748      1.036    32.8163    24.8841 -9.990e-29
 175.930764      1.050  37.783384    12.0727     8.6833      1.041    32.7812    24.8527 -9.990e-29
 175.930770      1.050  37.741100    12.0894     8.6967      1.041    32.7257    24.8065 -9.990e-29
 175.930775      1.038  37.759396    12.1017     8.7224      1.029    32.7326    24.8095 -9.990e-29
 175.930781      1.016  37.800506    12.0920     8.7502      1.008    32.7808    24.8487 -9.990e-29
 175.930787      0.995  37.783724    12.0482     8.7460      0.987    32.8031    24.8742 -9.990e-29
 175.930793      0.980  37.711872    11.9815     8.7280      0.972    32.7923    24.8783 -9.990e-29
 175.930799      0.968  37.643135    11.9226     8.7248      0.960    32.7775    24.8778 -9.990e-29
 175.930804      0.960  37.609602    11.8778     8.7336      0.952    32.7845    24.8915 -9.990e-29
 175.930810      0.954  37.585019    11.8403     8.7455      0.946    32.7936    24.9056 -9.990e-29
 175.930816      0.950  37.577469    11.8299     8.7454      0.942    32.7955    24.9090 -9.990e-29
 175.930822      0.948  37.605432    11.8539     8.7340      0.940    32.8015    24.9092 -9.990e-29
 175.930828      0.949  37.631700    11.8764     8.7360      0.941    32.8071    24.9094 -9.990e-29
 175.930833      0.951  37.620171    11.8738     8.7288      0.943    32.7982    24.9030 -9.990e-29
 175.930839      0.955  37.598033    11.8634     8.7416      0.947    32.7859    24.8953 -9.990e-29
 175.930845      0.961  37.592884    11.8527     8.7720      0.953    32.7903    24.9008 -9.990e-29
 175.930851      0.970  37.589451    11.8290     8.7990      0.962    32.8079    24.9188 -9.990e-29
 175.930856      0.982  37.581468    11.8024     8.7516      0.974    32.8236    24.9359 -9.990e-29
 175.930862      0.998  37.577880    11.7977     8.6838      0.990    32.8243    24.9373 -9.990e-29
 175.930868      1.015  37.588453    11.8233     8.6619      1.007    32.8120    24.9230 -9.990e-29
 175.930874      1.026  37.623908    11.8687     8.6819      1.017    32.8063    24.9102 -9.990e-29
 175.930880      1.026  37.669915    11.9139     8.7277      1.017    32.8111    24.9055 -9.990e-29
 175.930885      1.020  37.706617    11.9438     8.7864      1.011    32.8203    24.9071 -9.990e-29
 175.930891      1.016  37.744315    11.9498     8.7926      1.008    32.8516    24.9303 -9.990e-29
 175.930897      1.018  37.766638    11.9199     8.7383      1.010    32.8996    24.9731 -9.990e-29
 175.930903      1.027  37.719350    11.8724     8.6904      1.018    32.8957    24.9789 -9.990e-29
 175.930909      1.038  37.632912    11.8659     8.6857      1.029    32.8175    24.9194 -9.990e-29
 175.930914      1.044  37.614371    11.9167     8.7247      1.035    32.7548    24.8613 -9.990e-29
 175.930920      1.040  37.673702    11.9816     8.7529      1.031    32.7552    24.8495 -9.990e-29
 175.930926      1.032  37.737689    12.0305     8.7782      1.023    32.7741    24.8551 -9.990e-29
 175.930932      1.026  37.788060    12.0617     8.7196      1.017    32.7954    24.8657 -9.990e-29
 175.930938      1.028  37.816948    12.0701     8.7001      1.019    32.8159    24.8801 -9.990e-29
 175.930943      1.036  37.785590    12.0572     8.7048      1.027    32.7970    24.8678 -9.990e-29
 175.930949      1.047  37.740094    12.0493     8.7165      1.038    32.7599    24.8405 -9.990e-29
 175.930955      1.054  37.753628    12.0622     8.7378      1.045    32.7617    24.8395 -9.990e-29
 175.930961      1.052  37.792147    12.0824     8.7219      1.043    32.7812    24.8508 -9.990e-29
 175.930966      1.046  37.811243    12.0816     8.7072      1.037    32.8003    24.8658 -9.990e-29
 175.930972      1.044  37.791013    12.0386     8.6890      1.035    32.8186    24.8880 -9.990e-29
 175.930978      1.049  37.731924    11.9753     8.6820      1.040    32.8171    24.8987 -9.990e-29
 175.930984      1.063  37.695741    11.9385     8.7057      1.054    32.8145    24.9036 -9.990e-29
 175.930990      1.082  37.705882    11.9437     8.7123      1.073    32.8197    24.9066 -9.990e-29
 175.930995      1.098  37.724889    11.9712     8.7287      1.089    32.8139    24.8970 -9.990e-29
 175.931001      1.109  37.728250    11.9923     8.7268      1.100    32.7986    24.8812 -9.990e-29
 175.931007      1.114  37.706443    11.9913     8.7167      1.105    32.7783    24.8657 -9.990e-29
 175.931013      1.120  37.666793    11.9769     8.6999      1.111    32.7526    24.8484 -9.990e-29
 175.931019      1.133  37.638747    11.9720     8.6947      1.124    32.7298    24.8316 -9.990e-29
 175.931024      1.156  37.633621    11.9823     8.7012      1.146    32.7157    24.8188 -9.990e-29
 175.931030      1.181  37.642889    11.9780     8.7030      1.171    32.7285    24.8295 -9.990e-29
 175.931036      1.210  37.645301    11.9318     8.7019      1.200    32.7714    24.8714 -9.990e-29
 175.931042      1.254  37.618312    11.8578     8.6806      1.244    32.8104    24.9154 -9.990e-29
 175.931047      1.314  37.575777    11.7845     8.6479      1.303    32.8338    24.9471 -9.990e-29
 175.931053      1.391  37.536574    11.7297     8.6081      1.379    32.8440    24.9652 -9.990e-29
 175.931059      1.485  37.506609    11.6983     8.5733      1.473    32.8426    24.9699 -9.990e-29
 175.931065      1.590  37.488387    11.6804     8.5362      1.577    32.8406    24.9716 -9.990e-29
 175.931071      1.702  37.474885    11.6625     8.5151      1.688    32.8433    24.9770 -9.990e-29
 175.931076      1.831  37.459233    11.6385     8.4850      1.816    32.8492    24.9860 0.0000e+00
 175.931082      1.978  37.438417    11.6109     8.4512      1.961    32.8533    24.9942 0.0000e+00
 175.931088      2.142  37.413174    11.5851     8.4225      2.124    32.8514    24.9975 0.0000e+00
 175.931094      2.315  37.388977    11.5645     8.3929      2.296    32.8460    24.9970 0.0000e+00
 175.931100      2.491  37.368774    11.5471     8.3382      2.470    32.8416    24.9968 0.0000e+00
 175.931105      2.664  37.351316    11.5273     8.2606      2.642    32.8420    25.0007 0.0000e+00
 175.931111      2.832  37.330057    11.5011     8.1697      2.808    32.8444    25.0074 0.0000e+00
 175.931117      2.998  37.301225    11.4693     8.0554      2.973    32.8443    25.0131 0.0000e+00
 175.931123      3.163  37.273348    11.4362     7.9645      3.137    32.8463    25.0207 0.0000e+00
 175.931128      3.330  37.247827    11.4002     7.9020      3.302    32.8532    25.0326 0.0000e+00
 175.931134      3.500  37.220244    11.3533     7.8453      3.471    32.8678    25.0524 0.0000e+00
 175.931140      3.680  37.186229    11.2952     7.7207      3.649    32.8860    25.0771 0.0000e+00
 175.931146      3.873  37.141798    11.2411     7.5001      3.841    32.8905    25.0902 0.0000e+00
 175.931152      4.065  37.095951    11.2061     7.1279      4.031    32.8765    25.0856 0.0000e+00
 175.931157      4.243  37.074835    11.1869     6.7482      4.208    32.8727    25.0861 0.0000e+00
 175.931163      4.410  37.082137    11.1644     6.5102      4.373    32.8999    25.1113 0.0000e+00
 175.931169      4.576  37.077132    11.1127     6.3838      4.538    32.9412    25.1527 0.0000e+00
 175.931175      4.752  37.028449    11.0166     6.3311      4.712    32.9792    25.1993 0.0000e+00
 175.931181      4.940  36.936067    10.8953     6.1535      4.899    32.9965    25.2342 0.0000e+00
 175.931186      5.127  36.827922    10.7965     5.7980      5.084    32.9778    25.2371 0.0000e+00
 175.931192      5.299  36.762989    10.7514     5.3439      5.255    32.9537    25.2262 0.0000e+00
 175.931198      5.453  36.761547    10.7401     4.8657      5.407    32.9624    25.2349 0.0000e+00
 175.931204      5.596  36.767281    10.7108     4.4565      5.549    32.9945    25.2650 0.0000e+00
 175.931209      5.741  36.736819    10.6073     4.2281      5.693    33.0576    25.3322 0.0000e+00
 175.931215      5.902  36.646284    10.4121     4.1463      5.853    33.1441    25.4333 0.0000e+00
 175.931221      6.079  36.486886    10.1739     4.1177      6.028    33.2010    25.5182 0.0000e+00
 175.931227      6.263  36.295171     9.9425     4.1400      6.211    33.2189    25.5711 0.0000e+00
 175.931233      6.449  36.125033     9.7394     4.1513      6.395    33.2325    25.6154 0.0000e+00
 175.931238      6.635  36.021050     9.5820     4.1254      6.580    33.2715    25.6717 0.0000e+00
 175.931244      6.817  35.966528     9.4636     4.0515      6.760    33.3254    25.7330 0.0000e+00
