data/oxygen options/OCNMS/OCNMS1/raw_data/2019/CAST_MB015_190527faed.cnv
* Sea-Bird SBE19 Data File:
* FileName = C:\2019 Mooring Data\Casts\CAST_MB015_190527.hex
* Software Version 1.59
* Temperature SN = 2997
* Conductivity SN = 2997
* System UpLoad Time = May 27 2019 20:07:23
** CAST_MB015_190527
* ds
# nquan = 9                                 
# nvalues = 883                         
# units = specified
# name 0 = timeJ: Julian Days
# name 1 = prSM: Pressure, Strain Gauge [db]
# name 2 = c0mS/cm: Conductivity [mS/cm]
# name 3 = t090C: Temperature [ITS-90, deg C]
# name 4 = sbeox0ML/L: Oxygen, SBE 43 [ml/l]
# name 5 = depSM: Depth [salt water, m], lat = 47.5
# name 6 = sal00: Salinity, Practical [PSU]
# name 7 = sigma-é00: Density [sigma-theta, kg/m^3]
# name 8 = flag: flag
# span 0 = 147.804838, 147.809942       
# span 1 =     -4.933,     13.292       
# span 2 =  -0.001019,  37.062162       
# span 3 =     9.6177,    15.8857       
# span 4 =    -1.8680,    12.3356       
# span 5 =     -4.892,     13.181       
# span 6 =     0.0000,    32.6673       
# span 7 =    -1.0372,    25.1923       
# span 8 = 0.0000e+00, 0.0000e+00       
# interval = seconds: 0.5
# start_time = May 27 2019 19:18:58 [Instrument's time stamp, header]
# bad_flag = -9.990e-29
*END*
[from data line 161]
 147.805770     -1.785   0.000512    15.5858    -1.8452     -1.770     0.0080    -0.9832 -9.990e-29
 147.805775     -1.779   0.000513    15.5890    -1.8452     -1.764     0.0080    -0.9837 -9.990e-29
 147.805781     -1.773   0.000515    15.5945    -1.8451     -1.758     0.0080    -0.9845 -9.990e-29
 147.805787     -1.767   0.000516    15.6003    -1.8454     -1.752     0.0080    -0.9855 -9.990e-29
 147.805793     -1.760   0.000517    15.6056    -1.8455     -1.745     0.0080    -0.9863 -9.990e-29
 147.805799     -1.752   0.000518    15.6110    -1.8454     -1.737     0.0080    -0.9871 -9.990e-29
 147.805804     -1.743   0.000520    15.6152    -1.8452     -1.728     0.0080    -0.9878 -9.990e-29
 147.805810     -1.731   0.000521    15.6176    -1.8453     -1.717     0.0080    -0.9882 -9.990e-29
 147.805816     -1.717   0.000522    15.6206    -1.8450     -1.703     0.0080    -0.9886 -9.990e-29
 147.805822     -1.703   0.000523    15.6241    -1.8449     -1.689     0.0080    -0.9892 -9.990e-29
 147.805828     -1.693   0.000524    15.6261    -1.8450     -1.679     0.0080    -0.9895 -9.990e-29
 147.805833     -1.686   0.000526    15.6257    -1.8453     -1.672     0.0080    -0.9895 -9.990e-29
 147.805839     -1.682   0.000527    15.6238    -1.8452     -1.668     0.0080    -0.9892 -9.990e-29
 147.805845     -1.677   0.000528    15.6228    -1.8452     -1.663     0.0080    -0.9890 -9.990e-29
 147.805851     -1.669   0.000529    15.6237    -1.8450     -1.655     0.0080    -0.9891 -9.990e-29
 147.805856     -1.664   0.000530    15.6257    -1.8449     -1.650     0.0080    -0.9895 -9.990e-29
 147.805862     -1.655   0.000532    15.6283    -1.8447     -1.641     0.0080    -0.9899 -9.990e-29
 147.805868     -1.643   0.000533    15.6312    -1.8446     -1.629     0.0080    -0.9903 -9.990e-29
 147.805874     -1.631   0.000534    15.6325    -1.8447     -1.617     0.0080    -0.9905 -9.990e-29
 147.805880     -1.619   0.000535    15.6313    -1.8449     -1.605     0.0080    -0.9903 -9.990e-29
 147.805885     -1.605   0.000536    15.6298    -1.8450     -1.592     0.0080    -0.9901 -9.990e-29
 147.805891     -1.589   0.000538    15.6298    -1.8451     -1.576     0.0080    -0.9901 -9.990e-29
 147.805897     -1.574   0.000539    15.6312    -1.8455     -1.561     0.0080    -0.9903 -9.990e-29
 147.805903     -1.563   0.000540    15.6340    -1.8456     -1.550     0.0080    -0.9908 -9.990e-29
 147.805909     -1.555   0.000541    15.6373    -1.8456     -1.542     0.0080    -0.9913 -9.990e-29
 147.805914     -1.551   0.000543    15.6401    -1.8460     -1.538     0.0080    -0.9917 -9.990e-29
 147.805920     -1.550   0.000544    15.6412    -1.8459     -1.537     0.0080    -0.9919 -9.990e-29
 147.805926     -1.547   0.000545    15.6400    -1.8459     -1.534     0.0080    -0.9917 -9.990e-29
 147.805932     -1.538   0.000546    15.6371    -1.8457     -1.525     0.0080    -0.9913 -9.990e-29
 147.805938     -1.527   0.000547    15.6334    -1.8456     -1.514     0.0080    -0.9907 -9.990e-29
 147.805943     -1.517   0.000549    15.6289    -1.8455     -1.504     0.0080    -0.9900 -9.990e-29
 147.805949     -1.508   0.000550    15.6240    -1.8455     -1.495     0.0080    -0.9892 -9.990e-29
 147.805955     -1.500   0.000551    15.6201    -1.8455     -1.487     0.0080    -0.9886 -9.990e-29
 147.805961     -1.490   0.000552    15.6166    -1.8454     -1.478     0.0080    -0.9880 -9.990e-29
 147.805966     -1.480   0.000553    15.6131    -1.8454     -1.468     0.0080    -0.9875 -9.990e-29
 147.805972     -1.468   0.000555    15.6119    -1.8454     -1.456     0.0080    -0.9873 -9.990e-29
 147.805978     -1.454   0.000556    15.6134    -1.8453     -1.442     0.0080    -0.9875 -9.990e-29
 147.805984     -1.436   0.000557    15.6163    -1.8451     -1.424     0.0080    -0.9880 -9.990e-29
 147.805990     -1.414   0.000558    15.6191    -1.8449     -1.402     0.0080    -0.9884 -9.990e-29
 147.805995     -1.391   0.000559    15.6210    -1.8448     -1.379     0.0080    -0.9887 -9.990e-29
 147.806001     -1.373   0.000561    15.6219    -1.8449     -1.362     0.0080    -0.9888 -9.990e-29
 147.806007     -1.363   0.000562    15.6227    -1.8447     -1.352     0.0080    -0.9890 -9.990e-29
 147.806013     -1.362   0.000563    15.6238    -1.8450     -1.351     0.0080    -0.9891 -9.990e-29
 147.806019     -1.364   0.000564    15.6251    -1.8448     -1.353     0.0080    -0.9894 -9.990e-29
 147.806024     -1.362   0.000566    15.6268    -1.8445     -1.351     0.0080    -0.9896 -9.990e-29
 147.806030     -1.354   0.000567    15.6294    -1.8448     -1.343     0.0080    -0.9900 -9.990e-29
 147.806036     -1.350   0.000568    15.6329    -1.8450     -1.339     0.0080    -0.9906 -9.990e-29
 147.806042     -1.348   0.000569    15.6364    -1.8450     -1.337     0.0080    -0.9911 -9.990e-29
 147.806047     -1.345   0.000570    15.6389    -1.8453     -1.334     0.0080    -0.9915 -9.990e-29
 147.806053     -1.340   0.000572    15.6404    -1.8457     -1.329     0.0080    -0.9918 -9.990e-29
 147.806059     -1.334   0.000573    15.6406    -1.8458     -1.323     0.0080    -0.9918 -9.990e-29
 147.806065     -1.329   0.000574    15.6400    -1.8458     -1.318     0.0080    -0.9917 -9.990e-29
 147.806071     -1.326   0.000575    15.6408    -1.8457     -1.315     0.0080    -0.9918 -9.990e-29
 147.806076     -1.319   0.000576    15.6417    -1.8456     -1.308     0.0080    -0.9920 -9.990e-29
 147.806082     -1.310   0.000578    15.6400    -1.8457     -1.299     0.0080    -0.9917 -9.990e-29
 147.806088     -1.296   0.000579    15.6368    -1.8457     -1.285     0.0080    -0.9912 -9.990e-29
 147.806094     -1.282   0.000580    15.6328    -1.8457     -1.271     0.0080    -0.9906 -9.990e-29
 147.806100     -1.271   0.000581    15.6272    -1.8457     -1.260     0.0080    -0.9897 -9.990e-29
 147.806105     -1.262   0.000582    15.6213    -1.8456     -1.251     0.0080    -0.9888 -9.990e-29
 147.806111     -1.255   0.000584    15.6175    -1.8456     -1.245     0.0080    -0.9882 -9.990e-29
 147.806117     -1.249   0.000585    15.6167    -1.8456     -1.239     0.0080    -0.9880 -9.990e-29
 147.806123     -1.244   0.000586    15.6178    -1.8454     -1.234     0.0080    -0.9882 -9.990e-29
 147.806128     -1.239   0.000587    15.6186    -1.8452     -1.229     0.0080    -0.9883 -9.990e-29
 147.806134     -1.234   0.000589    15.6184    -1.8450     -1.224     0.0080    -0.9883 -9.990e-29
 147.806140     -1.229   0.000590    15.6181    -1.8453     -1.219     0.0080    -0.9882 -9.990e-29
 147.806146     -1.224   0.000591    15.6183    -1.8454     -1.214     0.0080    -0.9883 -9.990e-29
 147.806152     -1.218   0.000592    15.6190    -1.8455     -1.208     0.0080    -0.9884 -9.990e-29
 147.806157     -1.210   0.000593    15.6198    -1.8458     -1.200     0.0080    -0.9885 -9.990e-29
 147.806163     -1.201   0.000595    15.6207    -1.8460     -1.191     0.0080    -0.9887 -9.990e-29
 147.806169     -1.189   0.000596    15.6226    -1.8458     -1.179     0.0080    -0.9890 -9.990e-29
 147.806175     -1.174   0.000597    15.6259    -1.8454     -1.164     0.0080    -0.9895 -9.990e-29
 147.806181     -1.156   0.000598    15.6294    -1.8452     -1.146     0.0080    -0.9900 -9.990e-29
 147.806186     -1.136   0.000599    15.6310    -1.8447     -1.127     0.0080    -0.9903 -9.990e-29
 147.806192     -1.119   0.000601    15.6293    -1.8446     -1.110     0.0080    -0.9900 -9.990e-29
 147.806198     -1.103   0.000602    15.6261    -1.8444     -1.094     0.0080    -0.9895 -9.990e-29
 147.806204     -1.091   0.000603    15.6224    -1.8442     -1.082     0.0080    -0.9889 -9.990e-29
 147.806209     -1.087   0.000604    15.6181    -1.8446     -1.078     0.0080    -0.9882 -9.990e-29
 147.806215     -1.091   0.000605    15.6158    -1.8445     -1.082     0.0080    -0.9879 -9.990e-29
 147.806221     -1.098   0.000607    15.6185    -1.8444     -1.089     0.0080    -0.9883 -9.990e-29
 147.806227     -1.100   0.000608    15.6251    -1.8445     -1.091     0.0080    -0.9893 -9.990e-29
 147.806233     -1.094   0.000609    15.6333    -1.8444     -1.085     0.0080    -0.9906 -9.990e-29
 147.806238     -1.079   0.000610    15.6414    -1.8443     -1.070     0.0080    -0.9919 -9.990e-29
 147.806244     -1.058   0.000612    15.6475    -1.8441     -1.049     0.0080    -0.9929 -9.990e-29
 147.806250     -1.039   0.000613    15.6513    -1.8440     -1.030     0.0080    -0.9935 -9.990e-29
 147.806256     -1.024   0.000613    15.6526    -1.8443     -1.015     0.0080    -0.9937 -9.990e-29
 147.806262     -1.013   0.000613    15.6517    -1.8444     -1.005     0.0080    -0.9935 -9.990e-29
 147.806267     -1.005   0.000613    15.6514    -1.8446     -0.997     0.0080    -0.9935 -9.990e-29
 147.806273     -1.000   0.000612    15.6521    -1.8449     -0.992     0.0080    -0.9936 -9.990e-29
 147.806279     -0.996   0.000612    15.6527    -1.8451     -0.988     0.0080    -0.9937 -9.990e-29
 147.806285     -0.994   0.000611    15.6543    -1.8453     -0.986     0.0080    -0.9940 -9.990e-29
 147.806291     -0.994   0.000611    15.6568    -1.8457     -0.986     0.0080    -0.9944 -9.990e-29
 147.806296     -0.996   0.000610    15.6590    -1.8458     -0.988     0.0080    -0.9947 -9.990e-29
 147.806302     -1.000   0.000610    15.6589    -1.8457     -0.992     0.0080    -0.9947 -9.990e-29
 147.806308     -1.001   0.000609    15.6563    -1.8457     -0.993     0.0080    -0.9943 -9.990e-29
 147.806314     -0.996   0.000609    15.6522    -1.8458     -0.988     0.0080    -0.9936 -9.990e-29
 147.806319     -0.989   0.000608    15.6468    -1.8464     -0.981     0.0080    -0.9928 -9.990e-29
 147.806325     -0.983   0.000608    15.6406    -1.8468     -0.975     0.0080    -0.9918 -9.990e-29
 147.806331     -0.978   0.000607    15.6345    -1.8466     -0.970     0.0080    -0.9908 -9.990e-29
 147.806337     -0.973   0.000607    15.6284    -1.8464     -0.965     0.0080    -0.9899 -9.990e-29
 147.806343     -0.969   0.000606    15.6228    -1.8461     -0.961     0.0080    -0.9890 -9.990e-29
 147.806348     -0.965   0.000606    15.6193    -1.8456     -0.957     0.0080    -0.9884 -9.990e-29
 147.806354     -0.961   0.000605    15.6178    -1.8453     -0.953     0.0080    -0.9882 -9.990e-29
 147.806360     -0.957   0.000605    15.6159    -1.8451     -0.949     0.0080    -0.9879 -9.990e-29
 147.806366     -0.952   0.000604    15.6111    -1.8449     -0.944     0.0080    -0.9871 -9.990e-29
 147.806372     -0.946   0.000604    15.6039    -1.8447     -0.938     0.0080    -0.9860 -9.990e-29
 147.806377     -0.939   0.000603    15.5988    -1.8447     -0.931     0.0080    -0.9852 -9.990e-29
 147.806383     -0.930   0.000603    15.5992    -1.8446     -0.922     0.0080    -0.9853 -9.990e-29
 147.806389     -0.918   0.000602    15.6040    -1.8445     -0.910     0.0080    -0.9860 -9.990e-29
 147.806395     -0.908   0.000602    15.6117    -1.8447     -0.900     0.0080    -0.9872 -9.990e-29
 147.806400     -0.902   0.000601    15.6206    -1.8448     -0.894     0.0080    -0.9886 -9.990e-29
 147.806406     -0.897   0.000601    15.6284    -1.8450     -0.890     0.0080    -0.9899 -9.990e-29
 147.806412     -0.892   0.000600    15.6341    -1.8450     -0.885     0.0080    -0.9908 -9.990e-29
 147.806418     -0.890   0.000600    15.6386    -1.8450     -0.883     0.0080    -0.9915 -9.990e-29
 147.806424     -0.887   0.000599    15.6422    -1.8449     -0.880     0.0080    -0.9920 -9.990e-29
 147.806429     -0.880   0.000599    15.6451    -1.8449     -0.873     0.0080    -0.9925 -9.990e-29
 147.806435     -0.867   0.000598    15.6472    -1.8449     -0.860     0.0080    -0.9928 -9.990e-29
 147.806441     -0.852   0.000598    15.6476    -1.8448     -0.845     0.0080    -0.9929 -9.990e-29
 147.806447     -0.838   0.000597    15.6461    -1.8449     -0.831     0.0080    -0.9927 -9.990e-29
 147.806453     -0.824   0.000597    15.6436    -1.8448     -0.817     0.0080    -0.9923 -9.990e-29
 147.806458     -0.815   0.000596    15.6409    -1.8448     -0.808     0.0080    -0.9918 -9.990e-29
 147.806464     -0.808   0.000596    15.6396    -1.8447     -0.801     0.0080    -0.9916 -9.990e-29
 147.806470     -0.800   0.000595    15.6398    -1.8450     -0.793     0.0080    -0.9917 -9.990e-29
 147.806476     -0.794   0.000595    15.6409    -1.8448     -0.787     0.0080    -0.9918 -9.990e-29
 147.806481     -0.794   0.000594    15.6415    -1.8448     -0.787     0.0080    -0.9919 -9.990e-29
 147.806487     -0.800   0.000594    15.6418    -1.8447     -0.793     0.0080    -0.9920 -9.990e-29
 147.806493     -0.809   0.000593    15.6424    -1.8448     -0.802     0.0080    -0.9921 -9.990e-29
 147.806499     -0.811   0.000593    15.6431    -1.8450     -0.804     0.0080    -0.9922 -9.990e-29
 147.806505     -0.808   0.000592    15.6438    -1.8452     -0.801     0.0080    -0.9923 -9.990e-29
 147.806510     -0.808   0.000592    15.6438    -1.8459     -0.801     0.0080    -0.9923 -9.990e-29
 147.806516     -0.815   0.000591    15.6427    -1.8463     -0.808     0.0080    -0.9921 -9.990e-29
 147.806522     -0.825   0.000591    15.6415    -1.8467     -0.818     0.0080    -0.9919 -9.990e-29
 147.806528     -0.830   0.000590    15.6418    -1.8470     -0.823     0.0080    -0.9920 -9.990e-29
 147.806534     -0.826   0.000590    15.6430    -1.8470     -0.819     0.0080    -0.9922 -9.990e-29
 147.806539     -0.818   0.000589    15.6430    -1.8469     -0.811     0.0080    -0.9922 -9.990e-29
 147.806545     -0.813   0.000589    15.6409    -1.8469     -0.806     0.0080    -0.9918 -9.990e-29
 147.806551     -0.811   0.000588    15.6359    -1.8471     -0.804     0.0080    -0.9910 -9.990e-29
 147.806557     -0.808   0.000588    15.6275    -1.8470     -0.801     0.0080    -0.9897 -9.990e-29
 147.806563     -0.803   0.000587    15.6166    -1.8467     -0.796     0.0080    -0.9880 -9.990e-29
 147.806568     -0.792   0.000587    15.6060    -1.8466     -0.785     0.0080    -0.9863 -9.990e-29
 147.806574     -0.774   0.000586    15.5970    -1.8468     -0.768     0.0080    -0.9849 -9.990e-29
 147.806580     -0.757   0.000586    15.5908    -1.8470     -0.751     0.0080    -0.9839 -9.990e-29
 147.806586     -0.743   0.000585    15.5885    -1.8470     -0.737     0.0080    -0.9836 -9.990e-29
 147.806591     -0.733   0.000585    15.5885    -1.8466     -0.727     0.0080    -0.9836 -9.990e-29
 147.806597     -0.725   0.000584    15.5885    -1.8462     -0.719     0.0080    -0.9836 -9.990e-29
 147.806603     -0.718   0.000584    15.5882    -1.8461     -0.712     0.0080    -0.9835 -9.990e-29
 147.806609     -0.712   0.000583    15.5897    -1.8462     -0.706     0.0080    -0.9838 -9.990e-29
 147.806615     -0.708   0.000583    15.5924    -1.8465     -0.702     0.0080    -0.9842 -9.990e-29
 147.806620     -0.704   0.000582    15.5933    -1.8471     -0.698     0.0080    -0.9843 -9.990e-29
 147.806626     -0.701   0.000582    15.5918    -1.8473     -0.695     0.0080    -0.9841 -9.990e-29
 147.806632     -0.697   0.000581    15.5905    -1.8470     -0.691     0.0080    -0.9839 -9.990e-29
 147.806638     -0.694   0.000581    15.5922    -1.8466     -0.688     0.0080    -0.9842 -9.990e-29
 147.806644     -0.690   0.000580    15.5976    -1.8462     -0.684     0.0080    -0.9850 -9.990e-29
 147.806649     -0.686   0.000580    15.6035    -1.8457     -0.680     0.0080    -0.9859 -9.990e-29
 147.806655     -0.681   0.000579    15.6061    -1.8455     -0.675     0.0080    -0.9863 -9.990e-29
 147.806661     -0.675   0.000579    15.6040    -1.8456     -0.669     0.0080    -0.9860 -9.990e-29
 147.806667     -0.672   0.000578    15.5977    -1.8457     -0.666     0.0080    -0.9850 -9.990e-29
 147.806672     -0.676   0.000578    15.5903    -1.8458     -0.670     0.0080    -0.9839 -9.990e-29
 147.806678     -0.683   0.000577    15.5871    -1.8458     -0.677     0.0080    -0.9834 -9.990e-29
 147.806684     -0.689   0.000577    15.5908    -1.8463     -0.683     0.0080    -0.9839 -9.990e-29
