data/oxygen options/OCNMS/OCNMS1/raw_data/2019/CAST_MB042_190730faedb.cnv
* Sea-Bird SBE 19 Data File:
* FileName = C:\2018 Mooring Data\Casts\CAST_MB042_190730.hex
* Software Version SeatermAF 2.1.2
* Temperature SN = 2997
* Conductivity SN = 2997
* System UpLoad Time = Jul 30 2019 21:59:42 (localtime) = Jul 30 2019 21:59:42 (UTC)
** CAST_MB042_190730
* ds
# nquan = 9
# nvalues = 42                          
# units = specified
# name 0 = timeJ: Julian Days
# name 1 = prSM: Pressure, Strain Gauge [db]
# name 2 = c0mS/cm: Conductivity [mS/cm]
# name 3 = t090C: Temperature [ITS-90, deg C]
# name 4 = sbeox0ML/L: Oxygen, SBE 43 [ml/l]
# name 5 = depSM: Depth [salt water, m], lat = 47.5
# name 6 = sal00: Salinity, Practical [PSU]
# name 7 = sigma-é00: Density [sigma-theta, kg/m^3]
# name 8 = flag: flag
# span 0 = 211.841891, 211.843029       
# span 1 =      3.000,     44.000       
# span 2 =  34.518571,  38.488862       
# span 3 =     7.2284,    12.8802       
# span 4 =     2.2295,     6.8507       
# span 5 =      2.975,     43.628       
# span 6 =    32.7507,    33.9124       
# span 7 =    24.6751,    26.5309       
# span 8 = 0.0000e+00, 0.0000e+00       
# interval = decibars: 1                
# start_time = Jul 30 2019 20:03:19 [Instrument's time stamp, header]
# bad_flag = -9.990e-29
*END*
 211.841891      3.000  38.488862    12.8802     6.8507      2.975    32.7507    24.6751 0.0000e+00
 211.841925      4.000  37.845189    11.9026     4.4975      3.967    32.9901    25.0453 0.0000e+00
 211.841955      5.000  36.488856    10.4254     4.3917      4.958    32.9738    25.2976 0.0000e+00
 211.841986      6.000  36.166758    10.0385     4.1080      5.950    33.0005    25.3846 0.0000e+00
 211.842014      7.000  35.865910     9.5785     3.6548      6.942    33.1152    25.5498 0.0000e+00
 211.842041      8.000  35.427408     9.0161     3.6386      7.933    33.1835    25.6934 0.0000e+00
 211.842070      9.000  35.334267     8.8884     3.6242      8.925    33.2054    25.7306 0.0000e+00
 211.842099     10.000  35.281823     8.8106     3.5284      9.916    33.2230    25.7565 0.0000e+00
 211.842130     11.000  35.203573     8.6965     3.4690     10.908    33.2476    25.7934 0.0000e+00
 211.842162     12.000  35.162961     8.6167     3.3196     11.899    33.2796    25.8307 0.0000e+00
 211.842190     13.000  35.089709     8.4726     3.2504     12.891    33.3380    25.8984 0.0000e+00
 211.842222     14.000  35.061943     8.3904     3.1373     13.883    33.3861    25.9486 0.0000e+00
 211.842250     15.000  35.013902     8.2949     3.0779     14.874    33.4254    25.9938 0.0000e+00
 211.842276     16.000  35.029460     8.2482     2.9967     15.866    33.4859    26.0483 0.0000e+00
 211.842302     17.000  34.988226     8.1693     2.9209     16.858    33.5169    26.0844 0.0000e+00
 211.842331     18.000  34.952816     8.0475     2.7583     17.849    33.5954    26.1640 0.0000e+00
 211.842356     19.000  34.871622     7.8798     2.6980     18.841    33.6695    26.2468 0.0000e+00
 211.842383     20.000  34.831461     7.8072     2.6906     19.832    33.6959    26.2782 0.0000e+00
 211.842411     21.000  34.816802     7.7685     2.6502     20.824    33.7171    26.3005 0.0000e+00
 211.842438     22.000  34.786698     7.7048     2.5836     21.815    33.7459    26.3323 0.0000e+00
 211.842465     23.000  34.747657     7.6243     2.5206     22.807    33.7814    26.3718 0.0000e+00
 211.842491     24.000  34.714412     7.5572     2.4549     23.798    33.8103    26.4041 0.0000e+00
 211.842521     25.000  34.663230     7.4617     2.3297     24.790    33.8476    26.4470 0.0000e+00
 211.842550     26.000  34.569438     7.3030     2.2875     25.782    33.9003    26.5110 0.0000e+00
 211.842574     27.000  34.552628     7.2789     2.2951     26.773    33.9052    26.5181 0.0000e+00
 211.842599     28.000  34.548566     7.2713     2.2942     27.765    33.9077    26.5212 0.0000e+00
 211.842625     29.000  34.545556     7.2694     2.2983     28.756    33.9058    26.5199 0.0000e+00
 211.842649     30.000  34.544652     7.2682     2.2950     29.748    33.9056    26.5199 0.0000e+00
 211.842672     31.000  34.543178     7.2667     2.2910     30.739    33.9049    26.5196 0.0000e+00
 211.842700     32.000  34.542545     7.2656     2.2871     31.730    33.9048    26.5198 0.0000e+00
 211.842725     33.000  34.539572     7.2643     2.2751     32.722    33.9023    26.5180 0.0000e+00
 211.842749     34.000  34.535689     7.2557     2.2712     33.713    33.9060    26.5221 0.0000e+00
 211.842774     35.000  34.531227     7.2475     2.2634     34.705    33.9087    26.5254 0.0000e+00
 211.842800     36.000  34.525320     7.2377     2.2476     35.696    33.9115    26.5289 0.0000e+00
 211.842826     37.000  34.520178     7.2310     2.2480     36.687    33.9120    26.5302 0.0000e+00
 211.842850     38.000  34.519269     7.2301     2.2450     37.679    33.9113    26.5299 0.0000e+00
 211.842876     39.000  34.519647     7.2292     2.2458     38.671    33.9121    26.5306 0.0000e+00
 211.842905     40.000  34.520310     7.2292     2.2437     39.662    33.9124    26.5309 0.0000e+00
 211.842931     41.000  34.519379     7.2288     2.2431     40.654    33.9112    26.5300 0.0000e+00
 211.842960     42.000  34.519671     7.2293     2.2411     41.645    33.9106    26.5295 0.0000e+00
 211.842994     43.000  34.519837     7.2284     2.2362     42.637    33.9112    26.5301 0.0000e+00
 211.843029     44.000  34.518571     7.2296     2.2295     43.628    33.9081    26.5275 0.0000e+00
