data/oxygen options/OCNMS/OCNMS1/raw_data/2019/CAST_CE042_190930faed.cnv
* Sea-Bird SBE 19 Data File:
* FileName = C:\2019 Mooring Data\Casts\CAST_CE042_190930.hex
* Software Version SeatermAF 2.1.2
* Temperature SN = 2997
* Conductivity SN = 2997
* System UpLoad Time = Oct 01 2019 17:01:21 (localtime) = Oct 01 2019 17:01:21 (UTC)
** CAST_CE042_190930
* ds
# nquan = 9                                 
# nvalues = 1227                        
# units = specified
# name 0 = timeJ: Julian Days
# name 1 = prSM: Pressure, Strain Gauge [db]
# name 2 = c0mS/cm: Conductivity [mS/cm]
# name 3 = t090C: Temperature [ITS-90, deg C]
# name 4 = sbeox0ML/L: Oxygen, SBE 43 [ml/l]
# name 5 = depSM: Depth [salt water, m], lat = 47.5
# name 6 = sal00: Salinity, Practical [PSU]
# name 7 = sigma-é00: Density [sigma-theta, kg/m^3]
# name 8 = flag: flag
# span 0 = 273.734144, 273.741238       
# span 1 =     -4.456,     45.214       
# span 2 =   0.020634,  39.824829       
# span 3 =     8.4035,    15.5056       
# span 4 =    -1.9839,    11.4249       
# span 5 =     -4.419,     44.832       
# span 6 =     0.0164,    33.4531       
# span 7 =    -0.6377,    25.9975       
# span 8 = 0.0000e+00, 0.0000e+00       
# interval = seconds: 0.5
# start_time = Sep 30 2019 17:37:10 [Instrument's time stamp, header]
# bad_flag = -9.990e-29
*END*
[from data line 961]
 273.739705     38.955  35.191771     8.5316     2.2144     38.626    33.3778    25.9211 0.0000e+00
 273.739711     39.253  35.179553     8.5033     2.2074     38.922    33.3915    25.9362 0.0000e+00
 273.739716     39.542  35.171775     8.4833     2.2017     39.208    33.4021    25.9475 0.0000e+00
 273.739722     39.825  35.169145     8.4660     2.1890     39.489    33.4156    25.9607 0.0000e+00
 273.739728     40.110  35.165631     8.4491     2.1800     39.771    33.4278    25.9728 0.0000e+00
 273.739734     40.403  35.159849     8.4342     2.1738     40.062    33.4357    25.9813 0.0000e+00
 273.739740     40.705  35.154499     8.4244     2.1692     40.361    33.4392    25.9855 0.0000e+00
 273.739745     41.018  35.151373     8.4189     2.1800     40.672    33.4410    25.9877 0.0000e+00
 273.739751     41.344  35.150582     8.4161     2.1870     40.995    33.4427    25.9895 0.0000e+00
 273.739757     41.685  35.150509     8.4150     2.1785     41.333    33.4435    25.9903 0.0000e+00
 273.739763     42.030  35.149933     8.4165     2.1783     41.675    33.4413    25.9884 0.0000e+00
 273.739769     42.368  35.148085     8.4208     2.1665     42.010    33.4351    25.9828 0.0000e+00
 273.739774     42.686  35.141937     8.4241     2.1719     42.325    33.4253    25.9747 0.0000e+00
 273.739780     42.978  35.120489     8.4229     2.1844     42.615    33.4036    25.9579 0.0000e+00
 273.739786     43.250  35.103291     8.4178     2.1761     42.885    33.3902    25.9481 0.0000e+00
 273.739792     43.507  35.118921     8.4121     2.1718     43.139    33.4120    25.9661 0.0000e+00
 273.739797     43.748  35.139507     8.4079     2.1618     43.378    33.4376    25.9868 0.0000e+00
 273.739803     43.971  35.145467     8.4057     2.1559     43.599    33.4459    25.9936 0.0000e+00
 273.739809     44.178  35.147545     8.4046     2.1632     43.805    33.4490    25.9963 0.0000e+00
 273.739815     44.372  35.147950     8.4035     2.1686     43.997    33.4504    25.9975 0.0000e+00
 273.739821     44.554  35.147781     8.4035     2.1662     44.177    33.4502    25.9973 0.0000e+00
 273.739826     44.717  35.148491     8.4062     2.1602     44.339    33.4483    25.9954 0.0000e+00
 273.739832     44.856  35.151023     8.4105     2.1507     44.477    33.4468    25.9936 -9.990e-29
 273.739838     44.965  35.154833     8.4146     2.1431     44.585    33.4469    25.9931 -9.990e-29
 273.739844     45.048  35.158841     8.4196     2.1701     44.667    33.4463    25.9919 -9.990e-29
 273.739850     45.111  35.162793     8.4249     2.1651     44.730    33.4455    25.9904 -9.990e-29
 273.739855     45.156  35.165800     8.4283     2.1668     44.774    33.4454    25.9898 -9.990e-29
 273.739861     45.187  35.167395     8.4301     2.1495     44.805    33.4453    25.9895 -9.990e-29
 273.739867     45.206  35.168025     8.4316     2.1390     44.824    33.4446    25.9887 -9.990e-29
 273.739873     45.214  35.168528     8.4326     2.1462     44.832    33.4442    25.9882 -9.990e-29
 273.739878     45.211  35.170138     8.4326     2.1575     44.829    33.4459    25.9896 -9.990e-29
 273.739884     45.198  35.173320     8.4322     2.1745     44.816    33.4496    25.9926 -9.990e-29
 273.739890     45.173  35.176159     8.4317     2.1687     44.791    33.4531    25.9954 -9.990e-29
 273.739896     45.131  35.176280     8.4319     2.1728     44.749    33.4531    25.9953 -9.990e-29
 273.739902     45.065  35.174962     8.4345     2.1536     44.684    33.4492    25.9919 -9.990e-29
 273.739907     44.979  35.175486     8.4384     2.1483     44.599    33.4461    25.9889 -9.990e-29
 273.739913     44.884  35.175192     8.4393     2.1658     44.505    33.4450    25.9879 -9.990e-29
 273.739919     44.788  35.169213     8.4364     2.1772     44.409    33.4415    25.9855 -9.990e-29
 273.739925     44.688  35.162455     8.4333     2.1634     44.310    33.4373    25.9828 -9.990e-29
 273.739931     44.575  35.162142     8.4314     2.1617     44.198    33.4388    25.9842 -9.990e-29
 273.739936     44.441  35.166736     8.4303     2.1464     44.065    33.4448    25.9891 0.0000e+00
 273.739942     44.290  35.169484     8.4293     2.1540     43.916    33.4487    25.9923 0.0000e+00
 273.739948     44.125  35.167334     8.4274     2.1650     43.752    33.4483    25.9923 0.0000e+00
 273.739954     43.945  35.164137     8.4246     2.1631     43.574    33.4477    25.9922 0.0000e+00
 273.739959     43.746  35.162907     8.4212     2.1572     43.376    33.4497    25.9943 0.0000e+00
 273.739965     43.534  35.161447     8.4186     2.1516     43.166    33.4507    25.9955 0.0000e+00
 273.739971     43.316  35.157810     8.4159     2.1515     42.950    33.4496    25.9950 0.0000e+00
 273.739977     43.090  35.153305     8.4130     2.1690     42.726    33.4477    25.9939 0.0000e+00
 273.739983     42.852  35.151444     8.4124     2.1684     42.490    33.4464    25.9930 0.0000e+00
 273.739988     42.599  35.152546     8.4136     2.1665     42.239    33.4465    25.9929 0.0000e+00
 273.739994     42.336  35.153598     8.4149     2.1627     41.978    33.4465    25.9927 0.0000e+00
 273.740000     42.073  35.153207     8.4153     2.1572     41.718    33.4458    25.9921 0.0000e+00
 273.740006     41.818  35.150851     8.4145     2.1765     41.465    33.4442    25.9910 0.0000e+00
 273.740012     41.576  35.147870     8.4136     2.1801     41.225    33.4421    25.9894 0.0000e+00
 273.740017     41.350  35.147010     8.4140     2.1875     41.001    33.4409    25.9884 0.0000e+00
 273.740023     41.142  35.147686     8.4151     2.1848     40.795    33.4406    25.9881 0.0000e+00
 273.740029     40.951  35.146881     8.4155     2.1693     40.605    33.4395    25.9871 0.0000e+00
 273.740035     40.769  35.144642     8.4158     2.1731     40.425    33.4369    25.9850 0.0000e+00
 273.740041     40.591  35.143581     8.4163     2.1787     40.248    33.4354    25.9838 0.0000e+00
 273.740046     40.411  35.144524     8.4164     2.1888     40.070    33.4364    25.9845 0.0000e+00
 273.740052     40.229  35.145928     8.4160     2.1916     39.889    33.4383    25.9861 0.0000e+00
 273.740058     40.044  35.146307     8.4160     2.1940     39.706    33.4388    25.9865 0.0000e+00
 273.740064     39.859  35.145607     8.4184     2.2057     39.523    33.4359    25.9838 0.0000e+00
 273.740069     39.666  35.145694     8.4253     2.2207     39.331    33.4295    25.9778 0.0000e+00
 273.740075     39.456  35.147805     8.4353     2.2438     39.123    33.4224    25.9707 0.0000e+00
 273.740081     39.229  35.150273     8.4445     2.2630     38.898    33.4164    25.9645 0.0000e+00
 273.740087     38.993  35.151912     8.4526     2.2721     38.664    33.4105    25.9587 0.0000e+00
 273.740093     38.757  35.153792     8.4637     2.2762     38.430    33.4021    25.9504 0.0000e+00
 273.740098     38.529  35.157302     8.4792     2.2789     38.204    33.3912    25.9396 0.0000e+00
 273.740104     38.311  35.162085     8.4922     2.3049     37.988    33.3841    25.9320 0.0000e+00
 273.740110     38.106  35.166683     8.4991     2.3328     37.784    33.3825    25.9297 0.0000e+00
 273.740116     37.914  35.171073     8.5062     2.3667     37.594    33.3805    25.9270 0.0000e+00
 273.740122     37.727  35.175512     8.5218     2.3964     37.409    33.3705    25.9168 0.0000e+00
 273.740127     37.538  35.180321     8.5479     2.4015     37.221    33.3510    25.8975 0.0000e+00
 273.740133     37.346  35.187992     8.5768     2.4126     37.031    33.3318    25.8781 0.0000e+00
 273.740139     37.158  35.200918     8.6047     2.4239     36.845    33.3192    25.8640 0.0000e+00
 273.740145     36.974  35.219543     8.6324     2.4366     36.662    33.3127    25.8547 0.0000e+00
 273.740150     36.787  35.236795     8.6561     2.4555     36.477    33.3086    25.8478 0.0000e+00
 273.740156     36.585  35.244328     8.6770     2.4693     36.276    33.2969    25.8355 0.0000e+00
 273.740162     36.363  35.247152     8.6965     2.4823     36.056    33.2817    25.8205 0.0000e+00
 273.740168     36.129  35.251835     8.7152     2.4894     35.824    33.2691    25.8078 0.0000e+00
 273.740174     35.890  35.259026     8.7374     2.5179     35.587    33.2559    25.7940 0.0000e+00
 273.740179     35.646  35.268238     8.7620     2.5354     35.345    33.2425    25.7797 0.0000e+00
 273.740185     35.405  35.276639     8.7816     2.5576     35.106    33.2331    25.7693 0.0000e+00
 273.740191     35.177  35.283679     8.7966     2.5908     34.880    33.2265    25.7618 0.0000e+00
 273.740197     34.963  35.291473     8.8162     2.6231     34.668    33.2163    25.7508 0.0000e+00
 273.740203     34.760  35.300899     8.8447     2.6569     34.467    33.1996    25.7333 0.0000e+00
 273.740208     34.563  35.311089     8.8822     2.6975     34.272    33.1753    25.7084 0.0000e+00
 273.740214     34.368  35.321635     8.9225     2.7279     34.078    33.1487    25.6813 0.0000e+00
 273.740220     34.175  35.335407     8.9561     2.7630     33.887    33.1318    25.6628 0.0000e+00
 273.740226     33.985  35.352297     8.9858     2.7778     33.699    33.1218    25.6504 0.0000e+00
 273.740231     33.795  35.369080     9.0187     2.7878     33.510    33.1087    25.6350 0.0000e+00
 273.740237     33.604  35.385182     9.0485     2.8089     33.321    33.0978    25.6217 0.0000e+00
 273.740243     33.419  35.404162     9.0739     2.8267     33.137    33.0940    25.6148 0.0000e+00
 273.740249     33.240  35.428936     9.1036     2.8420     32.960    33.0922    25.6087 0.0000e+00
 273.740255     33.060  35.449430     9.1349     2.8646     32.781    33.0845    25.5977 0.0000e+00
 273.740260     32.868  35.458259     9.1673     2.9147     32.591    33.0636    25.5763 0.0000e+00
 273.740266     32.656  35.466081     9.2032     2.9669     32.381    33.0386    25.5510 0.0000e+00
 273.740272     32.428  35.480529     9.2380     3.0482     32.155    33.0214    25.5320 0.0000e+00
 273.740278     32.193  35.500717     9.2763     3.1384     31.922    33.0070    25.5146 0.0000e+00
 273.740284     31.960  35.530054     9.3296     3.2215     31.691    32.9881    25.4914 0.0000e+00
 273.740289     31.731  35.569590     9.4149     3.2915     31.464    32.9504    25.4482 0.0000e+00
 273.740295     31.507  35.619414     9.5416     3.3362     31.242    32.8853    25.3769 0.0000e+00
 273.740301     31.292  35.677096     9.6782     3.3670     31.028    32.8195    25.3033 0.0000e+00
 273.740307     31.090  35.749010     9.7800     3.3914     30.828    32.8002    25.2715 0.0000e+00
 273.740313     30.900  35.833079     9.8448     3.3985     30.640    32.8269    25.2817 0.0000e+00
 273.740318     30.715  35.892482     9.9022     3.4070     30.456    32.8352    25.2787 0.0000e+00
 273.740324     30.526  35.917409     9.9559     3.4121     30.269    32.8117    25.2515 0.0000e+00
 273.740330     30.331  35.932144     9.9903     3.4116     30.076    32.7955    25.2331 0.0000e+00
 273.740336     30.126  35.951305    10.0071     3.4222     29.872    32.7998    25.2337 0.0000e+00
 273.740341     29.911  35.972453    10.0197     3.4485     29.659    32.8099    25.2395 0.0000e+00
 273.740347     29.685  35.990195    10.0400     3.4708     29.435    32.8096    25.2358 0.0000e+00
 273.740353     29.446  36.004671    10.0676     3.4964     29.198    32.7993    25.2232 0.0000e+00
 273.740359     29.200  36.016703    10.0924     3.5263     28.954    32.7891    25.2111 0.0000e+00
 273.740365     28.954  36.032820    10.1115     3.5866     28.710    32.7882    25.2072 0.0000e+00
 273.740370     28.708  36.056600    10.1328     3.6634     28.466    32.7931    25.2074 0.0000e+00
 273.740376     28.464  36.080559    10.1741     3.7492     28.224    32.7800    25.1903 0.0000e+00
 273.740382     28.225  36.106968    10.2635     3.8150     27.988    32.7260    25.1331 0.0000e+00
 273.740388     27.991  36.159283    10.4049     3.8627     27.756    32.6515    25.0510 0.0000e+00
 273.740394     27.765  36.255184    10.5596     3.9004     27.531    32.6091    24.9914 0.0000e+00
 273.740399     27.546  36.378643    10.7027     3.9408     27.314    32.6046    24.9632 0.0000e+00
 273.740405     27.327  36.502228    10.8521     3.9888     27.097    32.5945    24.9294 0.0000e+00
 273.740411     27.109  36.616033    11.0228     4.0530     26.881    32.5558    24.8692 0.0000e+00
 273.740417     26.895  36.709979    11.2044     4.1112     26.669    32.4880    24.7843 0.0000e+00
 273.740422     26.683  36.781304    11.3791     4.1710     26.459    32.4044    24.6880 0.0000e+00
 273.740428     26.469  36.845090    11.5325     4.2219     26.246    32.3326    24.6046 0.0000e+00
 273.740434     26.252  36.920015    11.6630     4.2700     26.031    32.2920    24.5492 0.0000e+00
 273.740440     26.035  37.018158    11.7781     4.3212     25.816    32.2873    24.5246 0.0000e+00
 273.740446     25.821  37.135702    11.8805     4.3551     25.604    32.3124    24.5252 0.0000e+00
 273.740451     25.611  37.259783    11.9751     4.3885     25.396    32.3504    24.5372 0.0000e+00
 273.740457     25.398  37.378410    12.0662     4.4205     25.184    32.3860    24.5478 0.0000e+00
 273.740463     25.183  37.475673    12.1445     4.4440     24.971    32.4119    24.5532 0.0000e+00
 273.740469     24.969  37.537419    12.2020     4.4673     24.759    32.4215    24.5499 0.0000e+00
 273.740475     24.755  37.574387    12.2456     4.5009     24.547    32.4194    24.5400 0.0000e+00
 273.740480     24.532  37.606842    12.2850     4.5430     24.326    32.4165    24.5304 0.0000e+00
 273.740486     24.298  37.637827    12.3230     4.5805     24.094    32.4134    24.5208 0.0000e+00
 273.740492     24.069  37.661699    12.3599     4.6097     23.867    32.4045    24.5069 0.0000e+00
 273.740498     23.856  37.683497    12.3943     4.6220     23.656    32.3958    24.4936 0.0000e+00
 273.740503     23.657  37.719496    12.4211     4.6347     23.458    32.4071    24.4973 0.0000e+00
 273.740509     23.461  37.757858    12.4454     4.6461     23.264    32.4229    24.5049 0.0000e+00
 273.740515     23.255  37.778131    12.4761     4.6791     23.060    32.4159    24.4936 0.0000e+00
 273.740521     23.038  37.796234    12.5037     4.7218     22.844    32.4095    24.4833 0.0000e+00
 273.740527     22.814  37.827432    12.5237     4.7807     22.622    32.4221    24.4893 0.0000e+00
 273.740532     22.590  37.871967    12.5436     4.8494     22.400    32.4475    24.5051 0.0000e+00
 273.740538     22.374  37.913698    12.5624     4.9089     22.186    32.4712    24.5199 0.0000e+00
 273.740544     22.160  37.931062    12.5847     4.9603     21.974    32.4686    24.5136 0.0000e+00
 273.740550     21.938  37.938342    12.6221     4.9790     21.754    32.4433    24.4868 0.0000e+00
 273.740556     21.713  37.969417    12.6858     4.9785     21.531    32.4182    24.4551 0.0000e+00
 273.740561     21.494  38.055166    12.7859     4.9856     21.314    32.4137    24.4322 0.0000e+00
 273.740567     21.290  38.179507    12.8965     4.9933     21.111    32.4366    24.4285 0.0000e+00
 273.740573     21.097  38.268034    12.9783     5.0126     20.920    32.4502    24.4231 0.0000e+00
 273.740579     20.902  38.291577    13.0374     5.0014     20.727    32.4219    24.3896 0.0000e+00
 273.740584     20.697  38.292281    13.0940     4.9297     20.523    32.3743    24.3416 0.0000e+00
 273.740590     20.481  38.308713    13.1386     4.8816     20.309    32.3519    24.3154 0.0000e+00
 273.740596     20.263  38.343832    13.1631     4.8578     20.093    32.3641    24.3200 0.0000e+00
 273.740602     20.050  38.390790    13.1864     4.8978     19.882    32.3884    24.3343 0.0000e+00
 273.740608     19.841  38.463004    13.2285     4.9462     19.674    32.4204    24.3507 0.0000e+00
 273.740613     19.631  38.559381    13.2882     4.9554     19.466    32.4600    24.3695 0.0000e+00
 273.740619     19.416  38.634308    13.3441     4.9325     19.253    32.4827    24.3758 0.0000e+00
