data/oxygen options/OCNMS/OCNMS1/raw_data/2019/CAST_CE015_190625faed.cnv
* Sea-Bird SBE19 Data File:
* FileName = C:\2019 Mooring Data\Casts\CAST_CE015_190625.hex
* Software Version 1.59
* Temperature SN = 2997
* Conductivity SN = 2997
* System UpLoad Time = Jun 25 2019 19:29:51
** CAST_CE015_190625
* ds
# nquan = 9                                 
# nvalues = 749                         
# units = specified
# name 0 = timeJ: Julian Days
# name 1 = prSM: Pressure, Strain Gauge [db]
# name 2 = c0mS/cm: Conductivity [mS/cm]
# name 3 = t090C: Temperature [ITS-90, deg C]
# name 4 = sbeox0ML/L: Oxygen, SBE 43 [ml/l]
# name 5 = depSM: Depth [salt water, m], lat = 47.5
# name 6 = sal00: Salinity, Practical [PSU]
# name 7 = sigma-é00: Density [sigma-theta, kg/m^3]
# name 8 = flag: flag
# span 0 = 176.782245, 176.786574       
# span 1 =     -4.989,     13.773       
# span 2 =   0.432406,  38.765069       
# span 3 =     8.9777,    16.2066       
# span 4 =    -1.8911,    15.8237       
# span 5 =     -4.947,     13.658       
# span 6 =     0.2580,    33.5030       
# span 7 =    -0.8823,    25.9402       
# span 8 = 0.0000e+00, 0.0000e+00       
# interval = seconds: 0.5
# start_time = Jun 25 2019 18:46:26 [Instrument's time stamp, header]
# bad_flag = -9.990e-29
*END*
[from data line 481]
 176.785029      0.883  38.096432    12.5012     8.5497      0.876    32.7074    24.7142 -9.990e-29
 176.785035      0.892  38.087882    12.4999     8.5560      0.885    32.7004    24.7090 -9.990e-29
 176.785041      0.904  38.086351    12.5026     8.5520      0.896    32.6966    24.7055 -9.990e-29
 176.785046      0.911  38.095909    12.5060     8.5235      0.903    32.7028    24.7096 -9.990e-29
 176.785052      0.912  38.108163    12.5071     8.4909      0.904    32.7135    24.7178 -9.990e-29
 176.785058      0.913  38.119265    12.5058     8.4723      0.905    32.7253    24.7271 -9.990e-29
 176.785064      0.914  38.129068    12.5078     8.4832      0.906    32.7329    24.7326 -9.990e-29
 176.785069      0.915  38.135510    12.5165     8.4971      0.907    32.7315    24.7299 -9.990e-29
 176.785075      0.915  38.134477    12.5259     8.5034      0.907    32.7223    24.7210 -9.990e-29
 176.785081      0.916  38.117874    12.5255     8.4913      0.908    32.7068    24.7090 -9.990e-29
 176.785087      0.916  38.069726    12.5113     8.4792      0.908    32.6731    24.6857 -9.990e-29
 176.785093      0.915  37.995282    12.4908     8.4866      0.907    32.6198    24.6482 -9.990e-29
 176.785098      0.915  37.939215    12.4768     8.5012      0.907    32.5783    24.6188 -9.990e-29
 176.785104      0.914  37.934855    12.4732     8.5142      0.906    32.5773    24.6187 -9.990e-29
 176.785110      0.913  37.960701    12.4662     8.5166      0.905    32.6081    24.6439 -9.990e-29
 176.785116      0.911  37.968887    12.4404     8.5200      0.903    32.6383    24.6722 -9.990e-29
 176.785122      0.910  37.951287    12.4048     8.5192      0.902    32.6524    24.6900 -9.990e-29
 176.785127      0.907  37.935399    12.3855     8.5101      0.899    32.6540    24.6949 -9.990e-29
 176.785133      0.904  37.937556    12.3996     8.5122      0.896    32.6438    24.6843 -9.990e-29
 176.785139      0.899  37.956145    12.4363     8.5205      0.891    32.6297    24.6663 -9.990e-29
 176.785145      0.894  37.975623    12.4644     8.5296      0.887    32.6239    24.6565 -9.990e-29
 176.785150      0.891  37.986681    12.4679     8.5265      0.884    32.6315    24.6617 -9.990e-29
 176.785156      0.895  37.991195    12.4534     8.4964      0.888    32.6484    24.6776 -9.990e-29
 176.785162      0.901  37.984549    12.4326     8.4767      0.893    32.6601    24.6906 -9.990e-29
 176.785168      0.907  37.967961    12.4153     8.4749      0.899    32.6593    24.6933 -9.990e-29
 176.785174      0.911  37.948991    12.4097     8.4871      0.903    32.6460    24.6840 -9.990e-29
 176.785179      0.915  37.944903    12.4172     8.4986      0.907    32.6355    24.6745 -9.990e-29
 176.785185      0.919  37.963683    12.4215     8.5171      0.911    32.6498    24.6847 -9.990e-29
 176.785191      0.923  37.971567    12.4025     8.5095      0.915    32.6739    24.7070 -9.990e-29
 176.785197      0.928  37.945470    12.3611     8.5016      0.920    32.6849    24.7235 -9.990e-29
 176.785203      0.933  37.905482    12.3238     8.4993      0.925    32.6791    24.7260 -9.990e-29
 176.785208      0.938  37.888448    12.3189     8.5090      0.930    32.6670    24.7176 -9.990e-29
 176.785214      0.945  37.908607    12.3409     8.5161      0.937    32.6672    24.7135 -9.990e-29
 176.785220      0.954  37.940747    12.3624     8.4940      0.946    32.6792    24.7188 -9.990e-29
 176.785226      0.964  37.957154    12.3711     8.4796      0.956    32.6874    24.7235 -9.990e-29
 176.785231      0.978  37.953391    12.3748     8.4745      0.970    32.6805    24.7175 -9.990e-29
 176.785237      0.991  37.944047    12.3857     8.4744      0.983    32.6621    24.7011 -9.990e-29
 176.785243      1.000  37.948586    12.4050     8.4684      0.992    32.6496    24.6878 -9.990e-29
 176.785249      1.006  37.966897    12.4196     8.4655      0.998    32.6545    24.6887 -9.990e-29
 176.785255      1.005  37.985316    12.4172     8.4487      0.997    32.6742    24.7045 -9.990e-29
 176.785260      0.996  37.990321    12.3933     8.4435      0.988    32.6998    24.7289 -9.990e-29
 176.785266      0.988  37.963389    12.3609     8.4578      0.980    32.7023    24.7370 -9.990e-29
 176.785272      0.984  37.924055    12.3470     8.4709      0.976    32.6766    24.7197 -9.990e-29
 176.785278      0.985  37.912275    12.3565     8.4877      0.977    32.6571    24.7028 -9.990e-29
 176.785284      0.989  37.914012    12.3735     8.4810      0.981    32.6439    24.6893 -9.990e-29
 176.785289      0.994  37.902458    12.3820     8.4477      0.986    32.6255    24.6734 -9.990e-29
 176.785295      0.995  37.880693    12.3711     8.4333      0.987    32.6141    24.6667 -9.990e-29
 176.785301      0.996  37.866181    12.3483     8.4499      0.988    32.6200    24.6756 -9.990e-29
 176.785307      0.998  37.868139    12.3359     8.4754      0.990    32.6327    24.6878 -9.990e-29
 176.785313      0.997  37.879653    12.3376     8.4897      0.989    32.6422    24.6948 -9.990e-29
 176.785318      0.992  37.889187    12.3365     8.5030      0.984    32.6523    24.7029 -9.990e-29
 176.785324      0.983  37.882009    12.3248     8.5071      0.975    32.6556    24.7077 -9.990e-29
 176.785330      0.974  37.868152    12.3172     8.5193      0.966    32.6490    24.7039 -9.990e-29
 176.785336      0.969  37.871144    12.3348     8.5173      0.961    32.6365    24.6909 -9.990e-29
 176.785341      0.966  37.891052    12.3745     8.5224      0.958    32.6211    24.6714 -9.990e-29
 176.785347      0.967  37.920253    12.4057     8.5333      0.959    32.6219    24.6661 -9.990e-29
 176.785353      0.966  37.943362    12.4060     8.5477      0.958    32.6438    24.6830 -9.990e-29
 176.785359      0.960  37.948638    12.3845     8.5602      0.952    32.6675    24.7056 -9.990e-29
 176.785365      0.952  37.949284    12.3646     8.5704      0.944    32.6855    24.7233 -9.990e-29
 176.785370      0.946  37.960721    12.3589     8.5681      0.938    32.7015    24.7367 -9.990e-29
 176.785376      0.942  37.984193    12.3685     8.5641      0.934    32.7156    24.7459 -9.990e-29
 176.785382      0.940  38.006186    12.3881     8.5689      0.932    32.7196    24.7452 -9.990e-29
 176.785388      0.939  38.020183    12.4075     8.5679      0.931    32.7161    24.7388 -9.990e-29
 176.785394      0.939  38.028606    12.4233     8.5631      0.931    32.7104    24.7314 -9.990e-29
 176.785399      0.940  38.042130    12.4367     8.5547      0.932    32.7116    24.7298 -9.990e-29
 176.785405      0.943  38.068150    12.4446     8.5539      0.935    32.7297    24.7423 -9.990e-29
 176.785411      0.947  38.089837    12.4495     8.5467      0.939    32.7462    24.7541 -9.990e-29
 176.785417      0.953  38.104185    12.4620     8.5510      0.945    32.7490    24.7539 -9.990e-29
 176.785422      0.961  38.116325    12.4840     8.5572      0.953    32.7414    24.7438 -9.990e-29
 176.785428      0.972  38.121162    12.5034     8.5452      0.964    32.7291    24.7306 -9.990e-29
 176.785434      0.981  38.119548    12.5121     8.5221      0.973    32.7200    24.7218 -9.990e-29
 176.785440      0.987  38.112696    12.5129     8.5140      0.979    32.7128    24.7161 -9.990e-29
 176.785446      0.992  38.102676    12.5087     8.5106      0.984    32.7068    24.7123 -9.990e-29
 176.785451      1.002  38.092370    12.4988     8.5207      0.994    32.7056    24.7132 -9.990e-29
 176.785457      1.012  38.080355    12.4863     8.5363      1.004    32.7050    24.7151 -9.990e-29
 176.785463      1.016  38.073572    12.4794     8.5329      1.008    32.7045    24.7161 -9.990e-29
 176.785469      1.014  38.074736    12.4796     8.5438      1.006    32.7055    24.7168 -9.990e-29
 176.785475      1.013  38.061315    12.4782     8.5480      1.005    32.6938    24.7080 -9.990e-29
 176.785480      1.014  38.034456    12.4746     8.5506      1.006    32.6713    24.6913 -9.990e-29
 176.785486      1.012  38.030594    12.4780     8.5530      1.004    32.6646    24.6854 -9.990e-29
 176.785492      1.007  38.051857    12.4839     8.5446      0.999    32.6798    24.6961 -9.990e-29
 176.785498      1.000  38.068350    12.4799     8.5414      0.992    32.6991    24.7118 -9.990e-29
 176.785503      0.993  38.067344    12.4673     8.5372      0.985    32.7091    24.7220 -9.990e-29
 176.785509      0.991  38.063741    12.4590     8.5503      0.983    32.7129    24.7265 -9.990e-29
 176.785515      0.994  38.073457    12.4636     8.5530      0.986    32.7182    24.7297 -9.990e-29
 176.785521      1.002  38.083682    12.4764     8.5375      0.994    32.7168    24.7262 -9.990e-29
 176.785527      1.014  38.082844    12.4875     8.5310      1.006    32.7063    24.7160 -9.990e-29
 176.785532      1.029  38.084388    12.4955     8.5188      1.020    32.7008    24.7102 -9.990e-29
 176.785538      1.038  38.090938    12.5049     8.5237      1.029    32.6989    24.7069 -9.990e-29
 176.785544      1.041  38.096105    12.5161     8.5429      1.032    32.6941    24.7010 -9.990e-29
 176.785550      1.048  38.106220    12.5264     8.5607      1.039    32.6948    24.6996 -9.990e-29
 176.785556      1.059  38.115170    12.5331     8.5810      1.050    32.6975    24.7004 -9.990e-29
 176.785561      1.066  38.113049    12.5357     8.5747      1.057    32.6932    24.6966 -9.990e-29
 176.785567      1.065  38.092550    12.5381     8.5481      1.056    32.6716    24.6793 -9.990e-29
 176.785573      1.056  38.069464    12.5452     8.5264      1.047    32.6434    24.6561 -9.990e-29
 176.785579      1.044  38.081335    12.5542     8.5120      1.035    32.6469    24.6571 -9.990e-29
 176.785584      1.034  38.110389    12.5578     8.5178      1.025    32.6715    24.6755 -9.990e-29
 176.785590      1.033  38.129841    12.5575     8.5325      1.024    32.6903    24.6901 -9.990e-29
 176.785596      1.034  38.149389    12.5597     8.5458      1.025    32.7071    24.7027 -9.990e-29
 176.785602      1.034  38.164295    12.5640     8.5629      1.025    32.7176    24.7100 -9.990e-29
 176.785608      1.037  38.157467    12.5646     8.5606      1.028    32.7105    24.7044 -9.990e-29
 176.785613      1.047  38.126523    12.5591     8.5275      1.038    32.6858    24.6863 -9.990e-29
 176.785619      1.062  38.088453    12.5531     8.4937      1.053    32.6546    24.6633 -9.990e-29
 176.785625      1.072  38.065303    12.5523     8.4791      1.063    32.6332    24.6469 -9.990e-29
 176.785631      1.076  38.064286    12.5531     8.4878      1.067    32.6316    24.6454 -9.990e-29
 176.785637      1.076  38.078444    12.5538     8.5020      1.067    32.6445    24.6553 -9.990e-29
 176.785642      1.077  38.096413    12.5556     8.5052      1.068    32.6601    24.6670 -9.990e-29
 176.785648      1.081  38.102387    12.5504     8.5172      1.072    32.6703    24.6759 -9.990e-29
 176.785654      1.086  38.083052    12.5304     8.5296      1.077    32.6692    24.6789 -9.990e-29
 176.785660      1.089  38.032791    12.5035     8.5311      1.080    32.6445    24.6650 -9.990e-29
 176.785666      1.089  37.978115    12.4881     8.5370      1.080    32.6056    24.6378 -9.990e-29
 176.785671      1.092  37.971008    12.4935     8.5443      1.083    32.5942    24.6279 -9.990e-29
 176.785677      1.093  38.010947    12.5059     8.5547      1.084    32.6216    24.6467 -9.990e-29
 176.785683      1.088  38.048134    12.5017     8.5541      1.079    32.6608    24.6779 -9.990e-29
 176.785689      1.082  38.058787    12.4824     8.5531      1.073    32.6877    24.7025 -9.990e-29
 176.785694      1.081  38.062156    12.4707     8.5572      1.072    32.7011    24.7151 -9.990e-29
 176.785700      1.086  38.073936    12.4716     8.5661      1.077    32.7116    24.7231 -9.990e-29
 176.785706      1.093  38.081264    12.4754     8.5658      1.084    32.7153    24.7252 -9.990e-29
 176.785712      1.102  38.079347    12.4794     8.5697      1.093    32.7100    24.7204 -9.990e-29
 176.785718      1.111  38.082990    12.4833     8.5650      1.102    32.7101    24.7197 -9.990e-29
 176.785723      1.119  38.097612    12.4890     8.5547      1.110    32.7191    24.7256 -9.990e-29
 176.785729      1.131  38.112466    12.4987     8.5412      1.122    32.7249    24.7282 -9.990e-29
 176.785735      1.143  38.122718    12.5103     8.5294      1.133    32.7246    24.7257 -9.990e-29
 176.785741      1.153  38.131397    12.5220     8.5213      1.143    32.7227    24.7220 -9.990e-29
 176.785747      1.161  38.138875    12.5328     8.5173      1.151    32.7204    24.7182 -9.990e-29
 176.785752      1.167  38.145040    12.5427     8.5180      1.157    32.7177    24.7142 -9.990e-29
 176.785758      1.171  38.149144    12.5515     8.5203      1.161    32.7139    24.7096 -9.990e-29
 176.785764      1.174  38.146564    12.5561     8.5474      1.164    32.7075    24.7037 -9.990e-29
 176.785770      1.177  38.127685    12.5532     8.5599      1.167    32.6920    24.6922 -9.990e-29
 176.785775      1.179  38.094205    12.5440     8.5424      1.169    32.6680    24.6754 -9.990e-29
 176.785781      1.180  38.067556    12.5320     8.5299      1.170    32.6530    24.6661 -9.990e-29
 176.785787      1.181  38.056438    12.5152     8.5114      1.171    32.6569    24.6724 -9.990e-29
 176.785793      1.181  38.054970    12.4964     8.4985      1.171    32.6719    24.6875 -9.990e-29
 176.785799      1.181  38.065097    12.4890     8.5041      1.171    32.6880    24.7015 -9.990e-29
 176.785804      1.180  38.084623    12.4984     8.5143      1.170    32.6985    24.7078 -9.990e-29
 176.785810      1.179  38.104280    12.5115     8.5224      1.169    32.7059    24.7110 -9.990e-29
 176.785816      1.177  38.108258    12.5127     8.5114      1.167    32.7086    24.7129 -9.990e-29
 176.785822      1.175  38.081689    12.5033     8.5061      1.165    32.6914    24.7014 -9.990e-29
 176.785828      1.176  38.047379    12.4965     8.5321      1.166    32.6645    24.6818 -9.990e-29
 176.785833      1.189  38.039096    12.4972     8.5580      1.179    32.6560    24.6751 -9.990e-29
 176.785839      1.215  38.042979    12.4986     8.5622      1.205    32.6585    24.6767 -9.990e-29
 176.785845      1.247  38.044589    12.4943     8.5247      1.237    32.6637    24.6816 -9.990e-29
 176.785851      1.283  38.052217    12.4862     8.4786      1.272    32.6781    24.6943 -9.990e-29
 176.785856      1.324  38.052500    12.4781     8.4858      1.313    32.6854    24.7015 -9.990e-29
 176.785862      1.379  38.036838    12.4692     8.5296      1.367    32.6781    24.6976 -9.990e-29
 176.785868      1.459  38.024656    12.4582     8.5222      1.447    32.6760    24.6981 -9.990e-29
 176.785874      1.568  38.032179    12.4362     8.4555      1.555    32.7023    24.7227 -9.990e-29
 176.785880      1.706  38.031337    12.3773     8.3457      1.692    32.7528    24.7731 0.0000e+00
 176.785885      1.877  37.962747    12.2720     8.2267      1.861    32.7790    24.8133 0.0000e+00
 176.785891      2.083  37.837989    12.1515     8.1391      2.066    32.7643    24.8248 0.0000e+00
 176.785897      2.316  37.725350    12.0448     8.1190      2.297    32.7491    24.8330 0.0000e+00
 176.785903      2.566  37.645976    11.9502     8.1464      2.545    32.7553    24.8555 0.0000e+00
 176.785909      2.821  37.584717    11.8575     8.1871      2.797    32.7774    24.8899 0.0000e+00
 176.785914      3.081  37.528181    11.7708     8.1571      3.055    32.7988    24.9226 0.0000e+00
 176.785920      3.351  37.478238    11.7016     8.0440      3.323    32.8112    24.9450 0.0000e+00
 176.785926      3.625  37.443307    11.6470     7.8257      3.595    32.8254    24.9660 0.0000e+00
 176.785932      3.900  37.413181    11.5951     7.4524      3.867    32.8418    24.9883 0.0000e+00
 176.785937      4.181  37.375107    11.5413     6.9805      4.146    32.8522    25.0062 0.0000e+00
 176.785943      4.471  37.334855    11.4875     6.4855      4.434    32.8604    25.0224 0.0000e+00
