data/oxygen options/OCNMS/OCNMS1/raw_data/2019/CAST_TH042_190731faed.cnv
* Sea-Bird SBE 19 Data File:
* FileName = C:\2019 Mooring Data\Casts\CAST_TH042_190731.hex
* Software Version SeatermAF 2.1.2
* Temperature SN = 2997
* Conductivity SN = 2997
* System UpLoad Time = Jul 31 2019 17:21:42 (localtime) = Jul 31 2019 17:21:42 (UTC)
** CAST_TH042_190731
* ds
# nquan = 9                                 
# nvalues = 1011                        
# units = specified
# name 0 = timeJ: Julian Days
# name 1 = prSM: Pressure, Strain Gauge [db]
# name 2 = c0mS/cm: Conductivity [mS/cm]
# name 3 = t090C: Temperature [ITS-90, deg C]
# name 4 = sbeox0ML/L: Oxygen, SBE 43 [ml/l]
# name 5 = depSM: Depth [salt water, m], lat = 47.5
# name 6 = sal00: Salinity, Practical [PSU]
# name 7 = sigma-é00: Density [sigma-theta, kg/m^3]
# name 8 = flag: flag
# span 0 = 212.668264, 212.674109       
# span 1 =     -4.711,     41.510       
# span 2 =   0.199941,  39.259092       
# span 3 =     7.8547,    15.5136       
# span 4 =    -1.8605,    14.1958       
# span 5 =     -4.672,     41.159       
# span 6 =     0.1182,    33.5396       
# span 7 =    -0.8799,    26.1488       
# span 8 = 0.0000e+00, 0.0000e+00       
# interval = seconds: 0.5
# start_time = Jul 31 2019 16:02:18 [Instrument's time stamp, header]
# bad_flag = -9.990e-29
*END*
 212.668264     -4.711 -9.990e-29    15.2998    -1.8569     -4.672 -9.990e-29 -9.990e-29 -9.990e-29
 212.668270     -4.702   0.199958    15.3039    -1.8569     -4.663     0.1183    -0.8537 -9.990e-29
 212.668275     -4.692   0.199958    15.3086    -1.8566     -4.653     0.1183    -0.8544 -9.990e-29
 212.668281     -4.678   0.199958    15.3120    -1.8563     -4.639     0.1182    -0.8550 -9.990e-29
 212.668287     -4.660   0.199958    15.3133    -1.8562     -4.621     0.1182    -0.8552 -9.990e-29
 212.668293     -4.637   0.199958    15.3108    -1.8562     -4.598     0.1182    -0.8548 -9.990e-29
 212.668299     -4.608   0.199957    15.3033    -1.8563     -4.570     0.1183    -0.8536 -9.990e-29
 212.668304     -4.574   0.199957    15.2935    -1.8561     -4.536     0.1183    -0.8521 -9.990e-29
 212.668310     -4.543   0.199957    15.2852    -1.8563     -4.505     0.1183    -0.8508 -9.990e-29
 212.668316     -4.517   0.199957    15.2804    -1.8564     -4.479     0.1183    -0.8500 -9.990e-29
 212.668322     -4.493   0.199956    15.2800    -1.8563     -4.456     0.1183    -0.8500 -9.990e-29
 212.668328     -4.471   0.199956    15.2833    -1.8563     -4.434     0.1183    -0.8505 -9.990e-29
 212.668333     -4.449   0.199956    15.2875    -1.8561     -4.412     0.1183    -0.8511 -9.990e-29
 212.668339     -4.426   0.199955    15.2905    -1.8557     -4.389     0.1183    -0.8516 -9.990e-29
 212.668345     -4.400   0.199955    15.2919    -1.8554     -4.363     0.1183    -0.8518 -9.990e-29
 212.668351     -4.369   0.199955    15.2929    -1.8554     -4.333     0.1183    -0.8520 -9.990e-29
 212.668356     -4.336   0.199955    15.2931    -1.8553     -4.300     0.1183    -0.8520 -9.990e-29
 212.668362     -4.308   0.199954    15.2920    -1.8551     -4.272     0.1183    -0.8518 -9.990e-29
 212.668368     -4.282   0.199954    15.2912    -1.8549     -4.246     0.1183    -0.8517 -9.990e-29
 212.668374     -4.253   0.199954    15.2921    -1.8549     -4.218     0.1183    -0.8519 -9.990e-29
 212.668380     -4.223   0.199953    15.2949    -1.8552     -4.188     0.1183    -0.8523 -9.990e-29
 212.668385     -4.194   0.199953    15.3000    -1.8554     -4.159     0.1183    -0.8531 -9.990e-29
 212.668391     -4.164   0.199953    15.3066    -1.8559     -4.129     0.1183    -0.8541 -9.990e-29
 212.668397     -4.133   0.199953    15.3126    -1.8565     -4.099     0.1182    -0.8551 -9.990e-29
 212.668403     -4.097   0.199952    15.3167    -1.8569     -4.063     0.1182    -0.8557 -9.990e-29
 212.668409     -4.059   0.199952    15.3200    -1.8569     -4.025     0.1182    -0.8562 -9.990e-29
 212.668414     -4.025   0.199952    15.3233    -1.8568     -3.991     0.1182    -0.8567 -9.990e-29
 212.668420     -3.996   0.199952    15.3253    -1.8568     -3.963     0.1182    -0.8571 -9.990e-29
 212.668426     -3.972   0.199951    15.3245    -1.8565     -3.939     0.1182    -0.8569 -9.990e-29
 212.668432     -3.950   0.199951    15.3205    -1.8563     -3.917     0.1182    -0.8563 -9.990e-29
 212.668438     -3.930   0.199951    15.3131    -1.8561     -3.897     0.1182    -0.8551 -9.990e-29
 212.668443     -3.910   0.199950    15.3028    -1.8561     -3.877     0.1183    -0.8535 -9.990e-29
 212.668449     -3.888   0.199950    15.2923    -1.8563     -3.856     0.1183    -0.8519 -9.990e-29
 212.668455     -3.863   0.199950    15.2848    -1.8564     -3.831     0.1183    -0.8507 -9.990e-29
 212.668461     -3.839   0.199950    15.2814    -1.8565     -3.807     0.1183    -0.8502 -9.990e-29
 212.668466     -3.817   0.199949    15.2818    -1.8564     -3.785     0.1183    -0.8502 -9.990e-29
 212.668472     -3.792   0.199949    15.2849    -1.8566     -3.760     0.1183    -0.8507 -9.990e-29
 212.668478     -3.763   0.199949    15.2896    -1.8570     -3.732     0.1183    -0.8515 -9.990e-29
 212.668484     -3.735   0.199949    15.2942    -1.8569     -3.704     0.1183    -0.8522 -9.990e-29
 212.668490     -3.713   0.199948    15.2970    -1.8568     -3.682     0.1183    -0.8526 -9.990e-29
 212.668495     -3.693   0.199948    15.2969    -1.8568     -3.662     0.1183    -0.8526 -9.990e-29
 212.668501     -3.676   0.199948    15.2949    -1.8567     -3.645     0.1183    -0.8523 -9.990e-29
 212.668507     -3.659   0.199947    15.2927    -1.8568     -3.628     0.1183    -0.8519 -9.990e-29
 212.668513     -3.642   0.199947    15.2911    -1.8567     -3.612     0.1183    -0.8517 -9.990e-29
 212.668519     -3.624   0.199947    15.2895    -1.8565     -3.594     0.1183    -0.8514 -9.990e-29
 212.668524     -3.604   0.199947    15.2866    -1.8563     -3.574     0.1183    -0.8510 -9.990e-29
 212.668530     -3.580   0.199947    15.2834    -1.8561     -3.550     0.1183    -0.8505 -9.990e-29
 212.668536     -3.555   0.199947    15.2824    -1.8563     -3.525     0.1183    -0.8503 -9.990e-29
 212.668542     -3.531   0.199950    15.2830    -1.8565     -3.502     0.1183    -0.8504 -9.990e-29
 212.668547     -3.508   0.199959    15.2836    -1.8571     -3.479     0.1183    -0.8505 -9.990e-29
 212.668553     -3.488   0.199986    15.2841    -1.8575     -3.459     0.1183    -0.8506 -9.990e-29
 212.668559     -3.470   0.200068    15.2853    -1.8579     -3.441     0.1184    -0.8507 -9.990e-29
 212.668565     -3.448   0.200314    15.2878    -1.8583     -3.419     0.1185    -0.8510 -9.990e-29
 212.668571     -3.425   0.200498    15.2915    -1.8583     -3.396     0.1186    -0.8515 -9.990e-29
 212.668576     -3.404   0.200313    15.2951    -1.8580     -3.376     0.1185    -0.8521 -9.990e-29
 212.668582     -3.384   0.200067    15.2964    -1.8579     -3.356     0.1183    -0.8525 -9.990e-29
 212.668588     -3.363   0.199985    15.2936    -1.8578     -3.335     0.1183    -0.8521 -9.990e-29
 212.668594     -3.341   0.199957    15.2869    -1.8578     -3.313     0.1183    -0.8510 -9.990e-29
 212.668600     -3.315   0.199947    15.2776    -1.8577     -3.287     0.1183    -0.8496 -9.990e-29
 212.668605     -3.289   0.199944    15.2676    -1.8577     -3.262     0.1183    -0.8480 -9.990e-29
 212.668611     -3.264   0.199943    15.2587    -1.8578     -3.237     0.1184    -0.8466 -9.990e-29
 212.668617     -3.240   0.199942    15.2526    -1.8580     -3.213     0.1184    -0.8457 -9.990e-29
 212.668623     -3.219   0.199942    15.2509    -1.8581     -3.192     0.1184    -0.8454 -9.990e-29
 212.668628     -3.204   0.199942    15.2528    -1.8583     -3.177     0.1184    -0.8457 -9.990e-29
 212.668634     -3.190   0.199941    15.2558    -1.8584     -3.163     0.1184    -0.8462 -9.990e-29
 212.668640     -3.171   0.199941    15.2582    -1.8587     -3.145     0.1184    -0.8465 -9.990e-29
 212.668646     -3.152   0.199941    15.2599    -1.8587     -3.126     0.1184    -0.8468 -9.990e-29
 212.668652     -3.134   0.199942    15.2608    -1.8587     -3.108     0.1184    -0.8469 -9.990e-29
 212.668657     -3.116   0.199945    15.2602    -1.8586     -3.090     0.1184    -0.8468 -9.990e-29
 212.668663     -3.099   0.199955    15.2577    -1.8583     -3.073     0.1184    -0.8465 -9.990e-29
 212.668669     -3.080   0.199985    15.2545    -1.8581     -3.054     0.1184    -0.8459 -9.990e-29
 212.668675     -3.058   0.200076    15.2513    -1.8579     -3.033     0.1185    -0.8454 -9.990e-29
 212.668681     -3.032   0.200349    15.2476    -1.8576     -3.007     0.1186    -0.8447 -9.990e-29
 212.668686     -3.005   0.200616    15.2433    -1.8576     -2.980     0.1188    -0.8439 -9.990e-29
 212.668692     -2.978   0.200679    15.2400    -1.8580     -2.953     0.1189    -0.8434 -9.990e-29
 212.668698     -2.951   0.200620    15.2386    -1.8588     -2.926     0.1188    -0.8432 -9.990e-29
 212.668704     -2.926   0.200362    15.2393    -1.8595     -2.902     0.1187    -0.8434 -9.990e-29
 212.668709     -2.905   0.200116    15.2422    -1.8600     -2.881     0.1185    -0.8440 -9.990e-29
 212.668715     -2.888   0.200108    15.2470    -1.8603     -2.864     0.1185    -0.8447 -9.990e-29
 212.668721     -2.872   0.200327    15.2526    -1.8605     -2.848     0.1186    -0.8455 -9.990e-29
 212.668727     -2.858   0.200512    15.2578    -1.8605     -2.834     0.1187    -0.8462 -9.990e-29
 212.668733     -2.845   0.200356    15.2609    -1.8603     -2.821     0.1186    -0.8468 -9.990e-29
 212.668738     -2.830   0.200204    15.2590    -1.8601     -2.806     0.1185    -0.8465 -9.990e-29
 212.668744     -2.815   0.200408    15.2502    -1.8599     -2.792     0.1187    -0.8451 -9.990e-29
 212.668750     -2.796   0.200688    15.2363    -1.8596     -2.773     0.1189    -0.8428 -9.990e-29
 212.668756     -2.774   0.200863    15.2216    -1.8593     -2.751     0.1190    -0.8404 -9.990e-29
 212.668762     -2.751   0.201167    15.2094    -1.8590     -2.728     0.1192    -0.8384 -9.990e-29
 212.668767     -2.730   0.201453    15.2010    -1.8588     -2.707     0.1194    -0.8369 -9.990e-29
 212.668773     -2.710   0.201548    15.1965    -1.8588     -2.687     0.1195    -0.8362 -9.990e-29
 212.668779     -2.690   0.201580    15.1962    -1.8589     -2.668     0.1195    -0.8361 -9.990e-29
 212.668785     -2.667   0.201590    15.1994    -1.8590     -2.645     0.1195    -0.8366 -9.990e-29
 212.668791     -2.646   0.201594    15.2043    -1.8593     -2.624     0.1195    -0.8374 -9.990e-29
 212.668796     -2.628   0.201595    15.2099    -1.8595     -2.606     0.1195    -0.8382 -9.990e-29
 212.668802     -2.613   0.201595    15.2164    -1.8598     -2.591     0.1195    -0.8393 -9.990e-29
 212.668808     -2.600   0.201594    15.2233    -1.8601     -2.578     0.1194    -0.8403 -9.990e-29
 212.668814     -2.589   0.201594    15.2293    -1.8600     -2.567     0.1194    -0.8413 -9.990e-29
 212.668819     -2.577   0.201594    15.2330    -1.8597     -2.556     0.1194    -0.8418 -9.990e-29
 212.668825     -2.565   0.201593    15.2340    -1.8594     -2.544     0.1194    -0.8420 -9.990e-29
 212.668831     -2.552   0.201593    15.2326    -1.8591     -2.531     0.1194    -0.8418 -9.990e-29
 212.668837     -2.536   0.201593    15.2293    -1.8587     -2.515     0.1194    -0.8413 -9.990e-29
 212.668843     -2.518   0.201593    15.2243    -1.8583     -2.497     0.1194    -0.8405 -9.990e-29
 212.668848     -2.496   0.201592    15.2187    -1.8582     -2.475     0.1195    -0.8396 -9.990e-29
 212.668854     -2.468   0.201592    15.2135    -1.8583     -2.447     0.1195    -0.8388 -9.990e-29
 212.668860     -2.437   0.201592    15.2103    -1.8589     -2.417     0.1195    -0.8383 -9.990e-29
 212.668866     -2.409   0.201591    15.2114    -1.8595     -2.389     0.1195    -0.8385 -9.990e-29
 212.668872     -2.387   0.201591    15.2162    -1.8598     -2.367     0.1195    -0.8392 -9.990e-29
 212.668877     -2.370   0.201591    15.2229    -1.8601     -2.350     0.1194    -0.8403 -9.990e-29
 212.668883     -2.356   0.201591    15.2308    -1.8602     -2.336     0.1194    -0.8415 -9.990e-29
 212.668889     -2.345   0.201590    15.2391    -1.8603     -2.325     0.1194    -0.8428 -9.990e-29
 212.668895     -2.336   0.201590    15.2455    -1.8604     -2.317     0.1194    -0.8438 -9.990e-29
 212.668900     -2.328   0.201590    15.2476    -1.8603     -2.309     0.1194    -0.8441 -9.990e-29
 212.668906     -2.321   0.201590    15.2439    -1.8601     -2.302     0.1194    -0.8435 -9.990e-29
 212.668912     -2.314   0.201589    15.2347    -1.8599     -2.295     0.1194    -0.8421 -9.990e-29
 212.668918     -2.308   0.201589    15.2235    -1.8596     -2.289     0.1194    -0.8404 -9.990e-29
 212.668924     -2.301   0.201589    15.2143    -1.8594     -2.282     0.1195    -0.8389 -9.990e-29
 212.668929     -2.293   0.201588    15.2082    -1.8591     -2.274     0.1195    -0.8380 -9.990e-29
 212.668935     -2.283   0.201588    15.2043    -1.8589     -2.264     0.1195    -0.8374 -9.990e-29
 212.668941     -2.272   0.201588    15.2018    -1.8585     -2.253     0.1195    -0.8370 -9.990e-29
 212.668947     -2.258   0.201588    15.2010    -1.8583     -2.239     0.1195    -0.8369 -9.990e-29
 212.668953     -2.240   0.201587    15.2025    -1.8579     -2.221     0.1195    -0.8371 -9.990e-29
 212.668958     -2.222   0.201587    15.2061    -1.8575     -2.203     0.1195    -0.8376 -9.990e-29
 212.668964     -2.207   0.201587    15.2113    -1.8574     -2.189     0.1195    -0.8385 -9.990e-29
 212.668970     -2.189   0.201586    15.2178    -1.8579     -2.171     0.1194    -0.8395 -9.990e-29
 212.668976     -2.167   0.201586    15.2246    -1.8583     -2.149     0.1194    -0.8405 -9.990e-29
 212.668981     -2.149   0.201586    15.2313    -1.8580     -2.131     0.1194    -0.8416 -9.990e-29
 212.668987     -2.137   0.201586    15.2384    -1.8579     -2.119     0.1194    -0.8427 -9.990e-29
 212.668993     -2.131   0.201586    15.2459    -1.8576     -2.113     0.1194    -0.8438 -9.990e-29
 212.668999     -2.126   0.201586    15.2539    -1.8573     -2.108     0.1194    -0.8451 -9.990e-29
 212.669005     -2.117   0.201586    15.2615    -1.8570     -2.099     0.1193    -0.8463 -9.990e-29
 212.669010     -2.109   0.201586    15.2668    -1.8567     -2.091     0.1193    -0.8471 -9.990e-29
 212.669016     -2.101   0.201586    15.2675    -1.8568     -2.083     0.1193    -0.8472 -9.990e-29
 212.669022     -2.088   0.201587    15.2638    -1.8571     -2.071     0.1193    -0.8466 -9.990e-29
 212.669028     -2.073   0.201587    15.2608    -1.8574     -2.056     0.1193    -0.8462 -9.990e-29
 212.669034     -2.060   0.201587    15.2621    -1.8577     -2.043     0.1193    -0.8464 -9.990e-29
 212.669039     -2.048   0.201587    15.2661    -1.8579     -2.031     0.1193    -0.8470 -9.990e-29
 212.669045     -2.036   0.201587    15.2715    -1.8579     -2.019     0.1193    -0.8478 -9.990e-29
 212.669051     -2.024   0.201588    15.2780    -1.8577     -2.007     0.1193    -0.8489 -9.990e-29
 212.669057     -2.010   0.201588    15.2841    -1.8576     -1.993     0.1193    -0.8498 -9.990e-29
 212.669063     -1.995   0.201588    15.2880    -1.8574     -1.978     0.1193    -0.8504 -9.990e-29
 212.669068     -1.976   0.201588    15.2876    -1.8571     -1.960     0.1193    -0.8504 -9.990e-29
 212.669074     -1.952   0.201588    15.2831    -1.8568     -1.936     0.1193    -0.8497 -9.990e-29
 212.669080     -1.927   0.201588    15.2770    -1.8565     -1.911     0.1193    -0.8487 -9.990e-29
 212.669086     -1.907   0.201589    15.2712    -1.8562     -1.891     0.1193    -0.8478 -9.990e-29
 212.669091     -1.896   0.201589    15.2675    -1.8562     -1.880     0.1193    -0.8472 -9.990e-29
 212.669097     -1.888   0.201589    15.2672    -1.8562     -1.872     0.1193    -0.8472 -9.990e-29
 212.669103     -1.874   0.201589    15.2696    -1.8560     -1.858     0.1193    -0.8475 -9.990e-29
 212.669109     -1.854   0.201589    15.2734    -1.8559     -1.839     0.1193    -0.8481 -9.990e-29
 212.669115     -1.834   0.201589    15.2786    -1.8560     -1.819     0.1193    -0.8490 -9.990e-29
 212.669120     -1.818   0.201590    15.2851    -1.8560     -1.803     0.1193    -0.8500 -9.990e-29
 212.669126     -1.805   0.201590    15.2923    -1.8559     -1.790     0.1193    -0.8511 -9.990e-29
 212.669132     -1.793   0.201590    15.2993    -1.8556     -1.778     0.1192    -0.8522 -9.990e-29
 212.669138     -1.783   0.201590    15.3047    -1.8554     -1.768     0.1192    -0.8530 -9.990e-29
 212.669144     -1.773   0.201590    15.3080    -1.8549     -1.758     0.1192    -0.8536 -9.990e-29
 212.669149     -1.763   0.201590    15.3105    -1.8547     -1.748     0.1192    -0.8539 -9.990e-29
 212.669155     -1.752   0.201591    15.3130    -1.8546     -1.737     0.1192    -0.8543 -9.990e-29
 212.669161     -1.740   0.201591    15.3144    -1.8546     -1.725     0.1192    -0.8546 -9.990e-29
 212.669167     -1.730   0.201591    15.3147    -1.8542     -1.716     0.1192    -0.8546 -9.990e-29
 212.669172     -1.725   0.201591    15.3160    -1.8540     -1.711     0.1192    -0.8548 -9.990e-29
 212.669178     -1.721   0.201591    15.3197    -1.8536     -1.707     0.1192    -0.8554 -9.990e-29
 212.669184     -1.714   0.201591    15.3256    -1.8534     -1.700     0.1192    -0.8563 -9.990e-29
