data/oxygen options/OCNMS/OCNMS1/raw_data/2019/CAST_CE042_190529faed.cnv
* Sea-Bird SBE19 Data File:
* FileName = C:\2019 Mooring Data\Casts\CAST_CE042_190529.hex
* Software Version 1.59
* Temperature SN = 2997
* Conductivity SN = 2997
* System UpLoad Time = May 29 2019 18:36:46
** CAST_CE042_190529
* ds
# nquan = 9                                 
# nvalues = 864                         
# units = specified
# name 0 = timeJ: Julian Days
# name 1 = prSM: Pressure, Strain Gauge [db]
# name 2 = c0mS/cm: Conductivity [mS/cm]
# name 3 = t090C: Temperature [ITS-90, deg C]
# name 4 = sbeox0ML/L: Oxygen, SBE 43 [ml/l]
# name 5 = depSM: Depth [salt water, m], lat = 47.5
# name 6 = sal00: Salinity, Practical [PSU]
# name 7 = sigma-é00: Density [sigma-theta, kg/m^3]
# name 8 = flag: flag
# span 0 = 149.766470, 149.771464       
# span 1 =     -5.174,     40.745       
# span 2 =   0.136165,  36.985084       
# span 3 =     8.4521,    13.9623       
# span 4 =    -1.9726,    12.1250       
# span 5 =     -5.131,     40.401       
# span 6 =     0.0858,    33.0616       
# span 7 =    -0.6129,    25.6526       
# span 8 = 0.0000e+00, 0.0000e+00       
# interval = seconds: 0.5
# start_time = May 29 2019 18:23:43 [Instrument's time stamp, header]
# bad_flag = -9.990e-29
*END*
 149.766470     -5.174 -9.990e-29    13.4207    -1.9331     -5.131 -9.990e-29 -9.990e-29 -9.990e-29
 149.766476     -5.145   0.148955    13.4186    -1.9335     -5.102     0.0920    -0.6036 -9.990e-29
 149.766481     -5.111   0.149304    13.4160    -1.9335     -5.068     0.0922    -0.6031 -9.990e-29
 149.766487     -5.079   0.149799    13.4145    -1.9334     -5.037     0.0925    -0.6027 -9.990e-29
 149.766493     -5.051   0.149990    13.4139    -1.9335     -5.009     0.0926    -0.6025 -9.990e-29
 149.766499     -5.026   0.149764    13.4136    -1.9333     -4.984     0.0925    -0.6026 -9.990e-29
 149.766505     -5.002   0.149374    13.4134    -1.9338     -4.960     0.0923    -0.6027 -9.990e-29
 149.766510     -4.978   0.149039    13.4120    -1.9345     -4.937     0.0921    -0.6027 -9.990e-29
 149.766516     -4.952   0.148866    13.4075    -1.9349     -4.911     0.0920    -0.6022 -9.990e-29
 149.766522     -4.922   0.148808    13.4005    -1.9354     -4.881     0.0919    -0.6013 -9.990e-29
 149.766528     -4.887   0.148788    13.3944    -1.9361     -4.846     0.0919    -0.6005 -9.990e-29
 149.766534     -4.848   0.148782    13.3916    -1.9364     -4.808     0.0919    -0.6001 -9.990e-29
 149.766539     -4.812   0.148780    13.3906    -1.9366     -4.772     0.0919    -0.5999 -9.990e-29
 149.766545     -4.781   0.148779    13.3898    -1.9363     -4.741     0.0919    -0.5998 -9.990e-29
 149.766551     -4.752   0.148778    13.3869    -1.9359     -4.712     0.0919    -0.5995 -9.990e-29
 149.766557     -4.724   0.148778    13.3793    -1.9354     -4.685     0.0920    -0.5984 -9.990e-29
 149.766562     -4.695   0.148778    13.3683    -1.9349     -4.656     0.0920    -0.5970 -9.990e-29
 149.766568     -4.663   0.148778    13.3569    -1.9346     -4.624     0.0920    -0.5955 -9.990e-29
 149.766574     -4.626   0.148778    13.3457    -1.9343     -4.587     0.0920    -0.5940 -9.990e-29
 149.766580     -4.586   0.148778    13.3352    -1.9344     -4.548     0.0921    -0.5926 -9.990e-29
 149.766586     -4.550   0.148779    13.3277    -1.9346     -4.512     0.0921    -0.5916 -9.990e-29
 149.766591     -4.518   0.148782    13.3255    -1.9345     -4.480     0.0921    -0.5913 -9.990e-29
 149.766597     -4.490   0.148791    13.3290    -1.9344     -4.453     0.0921    -0.5917 -9.990e-29
 149.766603     -4.462   0.148818    13.3367    -1.9342     -4.425     0.0921    -0.5928 -9.990e-29
 149.766609     -4.434   0.148901    13.3464    -1.9339     -4.397     0.0921    -0.5940 -9.990e-29
 149.766615     -4.404   0.149148    13.3561    -1.9333     -4.367     0.0922    -0.5952 -9.990e-29
 149.766620     -4.370   0.149337    13.3642    -1.9329     -4.334     0.0923    -0.5962 -9.990e-29
 149.766626     -4.334   0.149165    13.3691    -1.9328     -4.298     0.0922    -0.5969 -9.990e-29
 149.766632     -4.302   0.148958    13.3700    -1.9328     -4.266     0.0921    -0.5971 -9.990e-29
 149.766638     -4.276   0.148995    13.3695    -1.9330     -4.240     0.0921    -0.5970 -9.990e-29
 149.766644     -4.255   0.149323    13.3706    -1.9332     -4.220     0.0923    -0.5970 -9.990e-29
 149.766649     -4.238   0.149827    13.3736    -1.9333     -4.203     0.0926    -0.5972 -9.990e-29
 149.766655     -4.223   0.150071    13.3787    -1.9337     -4.188     0.0928    -0.5977 -9.990e-29
 149.766661     -4.209   0.149826    13.3863    -1.9338     -4.174     0.0926    -0.5989 -9.990e-29
 149.766667     -4.195   0.149322    13.3952    -1.9339     -4.160     0.0923    -0.6003 -9.990e-29
 149.766672     -4.182   0.148994    13.4026    -1.9337     -4.147     0.0920    -0.6014 -9.990e-29
 149.766678     -4.167   0.148958    13.4062    -1.9335     -4.132     0.0920    -0.6019 -9.990e-29
 149.766684     -4.149   0.149164    13.4063    -1.9330     -4.114     0.0921    -0.6019 -9.990e-29
 149.766690     -4.129   0.149336    13.4042    -1.9326     -4.095     0.0923    -0.6015 -9.990e-29
 149.766696     -4.104   0.149148    13.4013    -1.9324     -4.070     0.0921    -0.6012 -9.990e-29
 149.766701     -4.073   0.148903    13.3974    -1.9323     -4.039     0.0920    -0.6008 -9.990e-29
 149.766707     -4.038   0.148829    13.3929    -1.9319     -4.004     0.0920    -0.6002 -9.990e-29
 149.766713     -4.005   0.148829    13.3898    -1.9315     -3.972     0.0920    -0.5998 -9.990e-29
 149.766719     -3.978   0.148902    13.3896    -1.9316     -3.945     0.0920    -0.5997 -9.990e-29
 149.766725     -3.953   0.149145    13.3924    -1.9311     -3.920     0.0922    -0.6000 -9.990e-29
 149.766730     -3.929   0.149328    13.3983    -1.9307     -3.896     0.0923    -0.6007 -9.990e-29
 149.766736     -3.905   0.149143    13.4060    -1.9304     -3.872     0.0921    -0.6018 -9.990e-29
 149.766742     -3.880   0.148897    13.4135    -1.9302     -3.848     0.0920    -0.6029 -9.990e-29
 149.766748     -3.852   0.148815    13.4201    -1.9305     -3.820     0.0919    -0.6039 -9.990e-29
 149.766753     -3.818   0.148787    13.4265    -1.9301     -3.786     0.0919    -0.6047 -9.990e-29
 149.766759     -3.782   0.148779    13.4333    -1.9296     -3.750     0.0919    -0.6056 -9.990e-29
 149.766765     -3.749   0.148778    13.4395    -1.9296     -3.718     0.0918    -0.6065 -9.990e-29
 149.766771     -3.721   0.148785    13.4452    -1.9296     -3.690     0.0918    -0.6072 -9.990e-29
 149.766777     -3.697   0.148809    13.4525    -1.9296     -3.666     0.0918    -0.6082 -9.990e-29
 149.766782     -3.676   0.148882    13.4605    -1.9300     -3.645     0.0919    -0.6092 -9.990e-29
 149.766788     -3.655   0.149101    13.4669    -1.9304     -3.625     0.0920    -0.6100 -9.990e-29
 149.766794     -3.634   0.149203    13.4704    -1.9309     -3.604     0.0920    -0.6104 -9.990e-29
 149.766800     -3.611   0.148773    13.4730    -1.9312     -3.581     0.0918    -0.6110 -9.990e-29
 149.766806     -3.584   0.148342    13.4782    -1.9315     -3.554     0.0915    -0.6119 -9.990e-29
 149.766811     -3.553   0.148444    13.4841    -1.9322     -3.523     0.0915    -0.6126 -9.990e-29
 149.766817     -3.519   0.148664    13.4872    -1.9329     -3.490     0.0917    -0.6129 -9.990e-29
 149.766823     -3.489   0.148741    13.4874    -1.9340     -3.460     0.0917    -0.6129 -9.990e-29
 149.766829     -3.465   0.148777    13.4847    -1.9357     -3.436     0.0918    -0.6125 -9.990e-29
 149.766834     -3.445   0.148822    13.4787    -1.9371     -3.416     0.0918    -0.6117 -9.990e-29
 149.766840     -3.429   0.148934    13.4700    -1.9386     -3.400     0.0919    -0.6105 -9.990e-29
 149.766846     -3.415   0.149263    13.4603    -1.9399     -3.387     0.0921    -0.6090 -9.990e-29
 149.766852     -3.402   0.149696    13.4508    -1.9412     -3.374     0.0924    -0.6075 -9.990e-29
 149.766858     -3.390   0.149700    13.4399    -1.9421     -3.362     0.0924    -0.6061 -9.990e-29
 149.766863     -3.378   0.149283    13.4249    -1.9435     -3.350     0.0922    -0.6043 -9.990e-29
 149.766869     -3.365   0.148994    13.4047    -1.9445     -3.337     0.0920    -0.6017 -9.990e-29
 149.766875     -3.350   0.149004    13.3783    -1.9457     -3.322     0.0921    -0.5982 -9.990e-29
 149.766881     -3.333   0.149324    13.3466    -1.9471     -3.305     0.0924    -0.5938 -9.990e-29
 149.766887     -3.311   0.149830    13.3134    -1.9482     -3.283     0.0927    -0.5892 -9.990e-29
 149.766892     -3.285   0.150089    13.2812    -1.9488     -3.258     0.0930    -0.5848 -9.990e-29
 149.766898     -3.256   0.149892    13.2504    -1.9490     -3.229     0.0929    -0.5808 -9.990e-29
 149.766904     -3.231   0.149529    13.2213    -1.9491     -3.204     0.0927    -0.5772 -9.990e-29
 149.766910     -3.212   0.149624    13.1936    -1.9491     -3.185     0.0929    -0.5735 -9.990e-29
 149.766916     -3.195   0.150306    13.1663    -1.9491     -3.168     0.0933    -0.5696 -9.990e-29
 149.766921     -3.175   0.150820    13.1394    -1.9490     -3.149     0.0937    -0.5658 -9.990e-29
 149.766927     -3.153   0.150745    13.1122    -1.9494     -3.127     0.0937    -0.5623 -9.990e-29
 149.766933     -3.133   0.150535    13.0854    -1.9499     -3.107     0.0936    -0.5590 -9.990e-29
 149.766939     -3.113   0.150465    13.0632    -1.9514     -3.087     0.0936    -0.5561 -9.990e-29
 149.766944     -3.093   0.150442    13.0485    -1.9528     -3.067     0.0937    -0.5542 -9.990e-29
 149.766950     -3.072   0.150434    13.0404    -1.9534     -3.046     0.0937    -0.5532 -9.990e-29
 149.766956     -3.046   0.150431    13.0367    -1.9534     -3.021     0.0937    -0.5527 -9.990e-29
 149.766962     -3.016   0.150429    13.0352    -1.9535     -2.991     0.0937    -0.5525 -9.990e-29
 149.766968     -2.984   0.150427    13.0340    -1.9537     -2.959     0.0937    -0.5524 -9.990e-29
 149.766973     -2.955   0.150423    13.0305    -1.9553     -2.930     0.0937    -0.5519 -9.990e-29
 149.766979     -2.933   0.150411    13.0220    -1.9571     -2.909     0.0937    -0.5508 -9.990e-29
 149.766985     -2.916   0.150374    13.0062    -1.9581     -2.892     0.0937    -0.5488 -9.990e-29
 149.766991     -2.903   0.150263    12.9835    -1.9597     -2.879     0.0937    -0.5459 -9.990e-29
 149.766997     -2.893   0.149930    12.9607    -1.9612     -2.869     0.0935    -0.5432 -9.990e-29
 149.767002     -2.886   0.149486    12.9447    -1.9622     -2.862     0.0933    -0.5413 -9.990e-29
 149.767008     -2.880   0.149446    12.9357    -1.9626     -2.856     0.0933    -0.5402 -9.990e-29
 149.767014     -2.872   0.149758    12.9281    -1.9629     -2.848     0.0935    -0.5391 -9.990e-29
 149.767020     -2.857   0.149730    12.9135    -1.9630     -2.833     0.0935    -0.5372 -9.990e-29
 149.767025     -2.838   0.149325    12.8877    -1.9630     -2.814     0.0933    -0.5342 -9.990e-29
 149.767031     -2.817   0.149111    12.8561    -1.9631     -2.794     0.0932    -0.5302 -9.990e-29
 149.767037     -2.799   0.149355    12.8247    -1.9631     -2.776     0.0934    -0.5262 -9.990e-29
 149.767043     -2.786   0.149831    12.7937    -1.9629     -2.763     0.0938    -0.5220 -9.990e-29
 149.767049     -2.772   0.150064    12.7653    -1.9628     -2.749     0.0940    -0.5183 -9.990e-29
 149.767054     -2.754   0.149814    12.7442    -1.9627     -2.731     0.0939    -0.5158 -9.990e-29
 149.767060     -2.729   0.149300    12.7312    -1.9628     -2.706     0.0936    -0.5144 -9.990e-29
 149.767066     -2.700   0.148944    12.7237    -1.9631     -2.677     0.0934    -0.5136 -9.990e-29
 149.767072     -2.675   0.148825    12.7196    -1.9634     -2.653     0.0933    -0.5132 -9.990e-29
 149.767078     -2.655   0.148785    12.7172    -1.9637     -2.633     0.0933    -0.5129 -9.990e-29
 149.767083     -2.640   0.148771    12.7162    -1.9637     -2.618     0.0933    -0.5128 -9.990e-29
 149.767089     -2.624   0.148767    12.7169    -1.9635     -2.602     0.0933    -0.5129 -9.990e-29
 149.767095     -2.601   0.148765    12.7188    -1.9631     -2.579     0.0933    -0.5131 -9.990e-29
 149.767101     -2.576   0.148765    12.7206    -1.9627     -2.555     0.0933    -0.5133 -9.990e-29
 149.767106     -2.550   0.148765    12.7211    -1.9623     -2.529     0.0933    -0.5134 -9.990e-29
 149.767112     -2.522   0.148765    12.7195    -1.9626     -2.501     0.0933    -0.5132 -9.990e-29
 149.767118     -2.490   0.148764    12.7160    -1.9627     -2.469     0.0933    -0.5128 -9.990e-29
 149.767124     -2.457   0.148763    12.7113    -1.9629     -2.437     0.0933    -0.5122 -9.990e-29
 149.767130     -2.428   0.148762    12.7075    -1.9631     -2.408     0.0933    -0.5117 -9.990e-29
 149.767135     -2.406   0.148759    12.7068    -1.9633     -2.386     0.0933    -0.5116 -9.990e-29
 149.767141     -2.391   0.148750    12.7103    -1.9635     -2.371     0.0933    -0.5121 -9.990e-29
 149.767147     -2.380   0.148723    12.7169    -1.9634     -2.360     0.0933    -0.5129 -9.990e-29
 149.767153     -2.373   0.148641    12.7237    -1.9633     -2.353     0.0932    -0.5138 -9.990e-29
 149.767159     -2.370   0.148395    12.7275    -1.9631     -2.350     0.0930    -0.5144 -9.990e-29
 149.767164     -2.366   0.148210    12.7271    -1.9629     -2.346     0.0929    -0.5144 -9.990e-29
 149.767170     -2.357   0.148394    12.7244    -1.9631     -2.337     0.0931    -0.5140 -9.990e-29
 149.767176     -2.346   0.148640    12.7209    -1.9638     -2.326     0.0932    -0.5134 -9.990e-29
 149.767182     -2.337   0.148722    12.7170    -1.9643     -2.318     0.0933    -0.5129 -9.990e-29
 149.767188     -2.329   0.148749    12.7134    -1.9643     -2.310     0.0933    -0.5125 -9.990e-29
 149.767193     -2.322   0.148758    12.7113    -1.9646     -2.303     0.0933    -0.5122 -9.990e-29
 149.767199     -2.316   0.148760    12.7117    -1.9646     -2.297     0.0933    -0.5122 -9.990e-29
 149.767205     -2.310   0.148757    12.7137    -1.9650     -2.291     0.0933    -0.5125 -9.990e-29
 149.767211     -2.303   0.148746    12.7158    -1.9650     -2.284     0.0933    -0.5128 -9.990e-29
 149.767216     -2.296   0.148710    12.7158    -1.9653     -2.277     0.0933    -0.5128 -9.990e-29
 149.767222     -2.287   0.148601    12.7111    -1.9657     -2.268     0.0932    -0.5122 -9.990e-29
 149.767228     -2.277   0.148273    12.7024    -1.9662     -2.258     0.0930    -0.5113 -9.990e-29
 149.767234     -2.264   0.147843    12.6941    -1.9664     -2.245     0.0928    -0.5105 -9.990e-29
 149.767240     -2.248   0.147842    12.6886    -1.9665     -2.229     0.0928    -0.5098 -9.990e-29
 149.767245     -2.228   0.148270    12.6845    -1.9663     -2.209     0.0931    -0.5091 -9.990e-29
 149.767251     -2.207   0.148586    12.6804    -1.9666     -2.189     0.0933    -0.5084 -9.990e-29
 149.767257     -2.187   0.148658    12.6760    -1.9670     -2.169     0.0933    -0.5078 -9.990e-29
 149.767263     -2.167   0.148582    12.6714    -1.9672     -2.149     0.0933    -0.5073 -9.990e-29
 149.767269     -2.147   0.148256    12.6656    -1.9671     -2.129     0.0931    -0.5067 -9.990e-29
 149.767274     -2.125   0.147798    12.6581    -1.9671     -2.107     0.0928    -0.5060 -9.990e-29
 149.767280     -2.104   0.147704    12.6506    -1.9671     -2.086     0.0928    -0.5051 -9.990e-29
 149.767286     -2.086   0.147849    12.6455    -1.9674     -2.069     0.0929    -0.5044 -9.990e-29
 149.767292     -2.071   0.147870    12.6431    -1.9679     -2.054     0.0929    -0.5041 -9.990e-29
 149.767297     -2.058   0.147796    12.6411    -1.9686     -2.041     0.0928    -0.5039 -9.990e-29
 149.767303     -2.045   0.147525    12.6371    -1.9692     -2.028     0.0927    -0.5035 -9.990e-29
 149.767309     -2.032   0.147252    12.6320    -1.9696     -2.015     0.0925    -0.5030 -9.990e-29
 149.767315     -2.019   0.147164    12.6284    -1.9698     -2.002     0.0925    -0.5026 -9.990e-29
 149.767321     -2.004   0.147142    12.6271    -1.9698     -1.987     0.0925    -0.5025 -9.990e-29
 149.767326     -1.986   0.147157    12.6262    -1.9699     -1.969     0.0925    -0.5024 -9.990e-29
 149.767332     -1.969   0.147228    12.6231    -1.9699     -1.953     0.0925    -0.5020 -9.990e-29
 149.767338     -1.960   0.147451    12.6163    -1.9700     -1.944     0.0927    -0.5010 -9.990e-29
 149.767344     -1.958   0.148122    12.6061    -1.9703     -1.942     0.0931    -0.4994 -9.990e-29
 149.767350     -1.955   0.149580    12.5939    -1.9705     -1.939     0.0941    -0.4972 -9.990e-29
 149.767355     -1.946   0.151554    12.5824    -1.9701     -1.930     0.0953    -0.4948 -9.990e-29
 149.767361     -1.931   0.153352    12.5738    -1.9697     -1.915     0.0965    -0.4929 -9.990e-29
 149.767367     -1.908   0.154604    12.5689    -1.9695     -1.892     0.0973    -0.4916 -9.990e-29
 149.767373     -1.881   0.155316    12.5661    -1.9697     -1.865     0.0977    -0.4910 -9.990e-29
 149.767378     -1.857   0.155882    12.5641    -1.9696     -1.842     0.0981    -0.4904 -9.990e-29
 149.767384     -1.838   0.156502    12.5623    -1.9694     -1.823     0.0985    -0.4899 -9.990e-29
 149.767390     -1.822   0.156893    12.5596    -1.9692     -1.807     0.0987    -0.4894 -9.990e-29
