data/oxygen options/OCNMS/OCNMS1/raw_data/2019/CAST_KL027_190828faed.cnv
* Sea-Bird SBE 19 Data File:
* FileName = C:\2019 Mooring Data\Casts\CAST_KL027_190828.hex
* Software Version SeatermAF 2.1.2
* Temperature SN = 2997
* Conductivity SN = 2997
* System UpLoad Time = Aug 28 2019 23:39:52 (localtime) = Aug 28 2019 23:39:52 (UTC)
** CAST_KL027_190828
* ds
# nquan = 9                                 
# nvalues = 877                         
# units = specified
# name 0 = timeJ: Julian Days
# name 1 = prSM: Pressure, Strain Gauge [db]
# name 2 = c0mS/cm: Conductivity [mS/cm]
# name 3 = t090C: Temperature [ITS-90, deg C]
# name 4 = sbeox0ML/L: Oxygen, SBE 43 [ml/l]
# name 5 = depSM: Depth [salt water, m], lat = 47.5
# name 6 = sal00: Salinity, Practical [PSU]
# name 7 = sigma-é00: Density [sigma-theta, kg/m^3]
# name 8 = flag: flag
# span 0 = 240.948079, 240.953148       
# span 1 =     -4.904,     28.189       
# span 2 =   0.301373,  43.639764       
# span 3 =     7.7820,    23.1186       
# span 4 =    -1.6096,    10.8324       
# span 5 =     -4.863,     27.952       
# span 6 =     0.1512,    34.0160       
# span 7 =    -2.3687,    26.2769       
# span 8 = 0.0000e+00, 0.0000e+00       
# interval = seconds: 0.5
# start_time = Aug 28 2019 22:45:14 [Instrument's time stamp, header]
# bad_flag = -9.990e-29
*END*
[from data line 801]
 240.952714     18.821  34.793411     7.7972     1.7977     18.663    33.6652    26.2555 0.0000e+00
 240.952720     18.571  34.792274     7.8031     1.9118     18.415    33.6584    26.2493 0.0000e+00
 240.952726     18.317  34.791047     7.8144     2.0917     18.163    33.6463    26.2381 0.0000e+00
 240.952731     18.056  34.791450     7.8365     2.3059     17.905    33.6256    26.2186 0.0000e+00
 240.952737     17.788  34.794582     7.8805     2.5243     17.639    33.5867    26.1817 0.0000e+00
 240.952743     17.514  34.802380     7.9555     2.6723     17.367    33.5231    26.1208 0.0000e+00
 240.952749     17.236  34.819649     8.0437     2.7476     17.091    33.4572    26.0561 0.0000e+00
 240.952755     16.964  34.849274     8.1226     2.7754     16.822    33.4136    26.0102 0.0000e+00
 240.952760     16.706  34.891598     8.1957     2.7803     16.566    33.3891    25.9802 0.0000e+00
 240.952766     16.466  34.938155     8.2610     2.8179     16.328    33.3766    25.9606 0.0000e+00
 240.952772     16.242  34.967650     8.3042     2.8736     16.106    33.3669    25.9466 0.0000e+00
 240.952778     16.029  34.969616     8.3286     2.9694     15.895    33.3460    25.9265 0.0000e+00
 240.952784     15.817  34.964033     8.3537     3.0766     15.684    33.3164    25.8995 0.0000e+00
 240.952789     15.593  34.974241     8.3976     3.1776     15.462    33.2857    25.8688 0.0000e+00
 240.952795     15.346  34.999862     8.4609     3.2632     15.217    33.2531    25.8337 0.0000e+00
 240.952801     15.075  35.029170     8.5351     3.3406     14.949    33.2142    25.7920 0.0000e+00
 240.952807     14.783  35.055361     8.6230     3.3763     14.659    33.1593    25.7355 0.0000e+00
 240.952812     14.482  35.091541     8.7219     3.3805     14.361    33.1047    25.6776 0.0000e+00
 240.952818     14.186  35.160778     8.8342     3.3825     14.067    33.0724    25.6350 0.0000e+00
 240.952824     13.912  35.261385     8.9520     3.3666     13.795    33.0677    25.6130 0.0000e+00
 240.952830     13.667  35.350118     9.0218     3.3823     13.552    33.0952    25.6236 0.0000e+00
 240.952836     13.445  35.375732     9.0284     3.4214     13.332    33.1159    25.6387 0.0000e+00
 240.952841     13.231  35.349457     9.0240     3.4458     13.120    33.0927    25.6213 0.0000e+00
 240.952847     13.016  35.331973     9.0393     3.4627     12.907    33.0604    25.5936 0.0000e+00
 240.952853     12.799  35.344174     9.0704     3.4805     12.692    33.0443    25.5761 0.0000e+00
 240.952859     12.579  35.376581     9.1114     3.4970     12.474    33.0400    25.5662 0.0000e+00
 240.952865     12.351  35.438825     9.1490     3.5642     12.248    33.0698    25.5836 0.0000e+00
 240.952870     12.109  35.493577     9.1766     3.6416     12.008    33.1010    25.6037 0.0000e+00
 240.952876     11.851  35.500234     9.2140     3.7333     11.752    33.0733    25.5761 0.0000e+00
 240.952882     11.581  35.507977     9.2731     3.8645     11.484    33.0267    25.5302 0.0000e+00
 240.952888     11.303  35.545041     9.3429     4.1223     11.208    33.0006    25.4987 0.0000e+00
 240.952894     11.022  35.597048     9.4185     4.4579     10.930    32.9846    25.4740 0.0000e+00
 240.952899     10.745  35.673467     9.5113     4.8036     10.655    32.9779    25.4538 0.0000e+00
 240.952905     10.476  35.781616     9.6391     5.0797     10.388    32.9715    25.4280 0.0000e+00
 240.952911     10.215  35.924104     9.7998     5.2028     10.129    32.9699    25.4005 0.0000e+00
 240.952917      9.963  36.101192     9.9843     5.1709      9.880    32.9816    25.3790 0.0000e+00
 240.952922      9.720  36.325692    10.2301     5.0550      9.639    32.9850    25.3403 0.0000e+00
 240.952928      9.489  36.629969    10.5599     4.9758      9.410    32.9919    25.2893 0.0000e+00
 240.952934      9.267  36.957387    10.8493     5.0023      9.189    33.0573    25.2898 0.0000e+00
 240.952940      9.045  37.169636    10.9457     5.1168      8.969    33.1814    25.3693 0.0000e+00
 240.952946      8.813  37.186465    10.9184     5.3402      8.739    33.2229    25.4065 0.0000e+00
 240.952951      8.565  37.063965    10.9396     5.6760      8.493    33.0821    25.2931 0.0000e+00
 240.952957      8.297  36.949510    11.0533     5.9765      8.228    32.8665    25.1052 0.0000e+00
 240.952963      8.015  36.931748    11.2165     6.1977      7.948    32.7036    24.9494 0.0000e+00
 240.952969      7.725  37.013219    11.3974     6.3238      7.660    32.6236    24.8547 0.0000e+00
 240.952975      7.436  37.163947    11.5721     6.3821      7.374    32.6172    24.8180 0.0000e+00
 240.952980      7.154  37.373702    11.7280     6.4134      7.094    32.6845    24.8418 0.0000e+00
 240.952986      6.883  37.612959    11.8886     6.3978      6.825    32.7757    24.8829 0.0000e+00
 240.952992      6.619  37.808574    12.0492     6.3533      6.564    32.8239    24.8903 0.0000e+00
 240.952998      6.357  37.933059    12.1629     6.2978      6.304    32.8442    24.8847 0.0000e+00
 240.953003      6.099  37.994530    12.2260     6.2961      6.048    32.8481    24.8758 0.0000e+00
 240.953009      5.849  38.017874    12.2865     6.3417      5.800    32.8176    24.8407 0.0000e+00
 240.953015      5.612  38.042636    12.3735     6.3727      5.565    32.7654    24.7836 0.0000e+00
 240.953021      5.382  38.081683    12.4597     6.3692      5.337    32.7276    24.7379 0.0000e+00
 240.953027      5.149  38.121574    12.5099     6.3789      5.106    32.7222    24.7240 0.0000e+00
 240.953032      4.907  38.139929    12.5437     6.4109      4.866    32.7104    24.7084 0.0000e+00
 240.953038      4.653  38.145001    12.6066     6.4561      4.614    32.6607    24.6578 0.0000e+00
 240.953044      4.392  38.202350    12.7235     6.5028      4.355    32.6141    24.5991 0.0000e+00
 240.953050      4.134  38.341971    12.8933     6.5464      4.099    32.6001    24.5552 0.0000e+00
 240.953056      3.883  38.517105    13.0630     6.5417      3.851    32.6195    24.5370 0.0000e+00
 240.953061      3.636  38.656680    13.1845     6.5189      3.606    32.6466    24.5340 0.0000e+00
 240.953067      3.391  38.732370    13.2931     6.4718      3.363    32.6246    24.4953 0.0000e+00
 240.953073      3.149  38.805933    13.4164     6.4440      3.123    32.5881    24.4424 0.0000e+00
 240.953079      2.911  38.921152    13.5205     6.3788      2.887    32.6069    24.4361 0.0000e+00
 240.953084      2.681  39.041277    13.6003     6.2790      2.659    32.6508    24.4539 0.0000e+00
 240.953090      2.459  39.146188    13.6726     6.1978      2.438    32.6869    24.4671 0.0000e+00
 240.953096      2.245  39.232983    13.7231 -9.990e-29      2.226    32.7245    24.4860 0.0000e+00
 240.953102      2.039  39.283000    13.7474 -9.990e-29      2.022    32.7503    24.5009 0.0000e+00
 240.953108      1.844  39.293503    13.7876 -9.990e-29      1.829    32.7258    24.4738 0.0000e+00
 240.953113      1.665  39.295307    13.8988 -9.990e-29      1.651    32.6329    24.3792 0.0000e+00
 240.953119      1.512  39.309296    14.0570 -9.990e-29      1.499    32.5118    24.2532 -9.990e-29
 240.953125      1.393  39.298122    14.1783 -9.990e-29      1.381    32.3994    24.1414 -9.990e-29
 240.953131      1.303  39.246910    14.2448 -9.990e-29      1.292    32.2967    24.0483 -9.990e-29
 240.953137      1.243  39.191020    14.2823 -9.990e-29      1.233    32.2142    23.9769 -9.990e-29
 240.953142      1.211  39.147234    14.2954 -9.990e-29      1.201    32.1632    23.9348 -9.990e-29
 240.953148      1.202  39.114861 -9.990e-29 -9.990e-29      1.192 -9.990e-29 -9.990e-29 -9.990e-29
