data/oxygen options/OCNMS/OCNMS1/raw_data/2019/CAST_CA015_190827faed.cnv
* Sea-Bird SBE 19 Data File:
* FileName = C:\2019 Mooring Data\Casts\CAST_CA015_190827.hex
* Software Version SeatermAF 2.1.2
* Temperature SN = 2997
* Conductivity SN = 2997
* System UpLoad Time = Aug 27 2019 21:46:02 (localtime) = Aug 27 2019 21:46:02 (UTC)
** CAST_CA015_190827
* ds
# nquan = 9                                 
# nvalues = 1264                        
# units = specified
# name 0 = timeJ: Julian Days
# name 1 = prSM: Pressure, Strain Gauge [db]
# name 2 = c0mS/cm: Conductivity [mS/cm]
# name 3 = t090C: Temperature [ITS-90, deg C]
# name 4 = sbeox0ML/L: Oxygen, SBE 43 [ml/l]
# name 5 = depSM: Depth [salt water, m], lat = 47.5
# name 6 = sal00: Salinity, Practical [PSU]
# name 7 = sigma-é00: Density [sigma-theta, kg/m^3]
# name 8 = flag: flag
# span 0 = 239.864421, 239.871730       
# span 1 =     -5.231,     16.111       
# span 2 =   0.241032,  40.301863       
# span 3 =     9.0265,    22.3876       
# span 4 =    -1.6919,    11.3880       
# span 5 =     -5.187,     15.976       
# span 6 =     0.1262,    34.0203       
# span 7 =    -2.1226,    25.7316       
# span 8 = 0.0000e+00, 0.0000e+00       
# interval = seconds: 0.5
# start_time = Aug 27 2019 20:44:46 [Instrument's time stamp, header]
# bad_flag = -9.990e-29
*END*
[from data line 481]
 239.867205     -0.096   0.496321    22.2332    -1.6275     -0.095     0.2544    -2.0877 -9.990e-29
 239.867211     -0.092   0.495014    22.2192    -1.6277     -0.091     0.2537    -2.0849 -9.990e-29
 239.867216     -0.088   0.493636    22.2040    -1.6280     -0.087     0.2531    -2.0819 -9.990e-29
 239.867222     -0.087   0.492567    22.1877    -1.6283     -0.086     0.2526    -2.0785 -9.990e-29
 239.867228     -0.087   0.492047    22.1705    -1.6287     -0.086     0.2525    -2.0747 -9.990e-29
 239.867234     -0.082   0.491935    22.1523    -1.6287     -0.081     0.2525    -2.0705 -9.990e-29
 239.867240     -0.076   0.492081    22.1341    -1.6285     -0.075     0.2527    -2.0662 -9.990e-29
 239.867245     -0.077   0.492124    22.1171    -1.6280     -0.076     0.2528    -2.0623 -9.990e-29
 239.867251     -0.087   0.491569    22.1027    -1.6277     -0.086     0.2526    -2.0591 -9.990e-29
 239.867257     -0.096   0.490784    22.0915    -1.6277     -0.095     0.2522    -2.0568 -9.990e-29
 239.867263     -0.101   0.490381    22.0822    -1.6275     -0.100     0.2521    -2.0548 -9.990e-29
 239.867269     -0.103   0.490375    22.0731    -1.6273     -0.102     0.2521    -2.0527 -9.990e-29
 239.867274     -0.101   0.490758    22.0641    -1.6272     -0.100     0.2524    -2.0505 -9.990e-29
 239.867280     -0.095   0.491486    22.0576    -1.6272     -0.094     0.2528    -2.0487 -9.990e-29
 239.867286     -0.089   0.491867    22.0568    -1.6272     -0.088     0.2530    -2.0483 -9.990e-29
 239.867292     -0.088   0.491300    22.0624    -1.6271     -0.087     0.2526    -2.0499 -9.990e-29
 239.867297     -0.086   0.490137    22.0718    -1.6272     -0.085     0.2520    -2.0525 -9.990e-29
 239.867303     -0.079   0.489041    22.0804    -1.6271     -0.078     0.2514    -2.0549 -9.990e-29
 239.867309     -0.068   0.488210    22.0865    -1.6271     -0.067     0.2509    -2.0567 -9.990e-29
 239.867315     -0.054   0.487644    22.0917    -1.6272     -0.054     0.2506    -2.0581 -9.990e-29
 239.867321     -0.048   0.487695    22.0961    -1.6272     -0.048     0.2506    -2.0591 -9.990e-29
 239.867326     -0.046   0.488429    22.0989    -1.6273     -0.046     0.2509    -2.0595 -9.990e-29
 239.867332     -0.047   0.489164    22.1004    -1.6272     -0.047     0.2513    -2.0595 -9.990e-29
 239.867338     -0.048   0.489219    22.1017    -1.6271     -0.048     0.2513    -2.0598 -9.990e-29
 239.867344     -0.047   0.488665    22.1029    -1.6273     -0.047     0.2510    -2.0603 -9.990e-29
 239.867350     -0.039   0.487871    22.1033    -1.6278     -0.039     0.2506    -2.0607 -9.990e-29
 239.867355     -0.027   0.486885    22.1035    -1.6283     -0.027     0.2501    -2.0612 -9.990e-29
 239.867361     -0.016   0.486052    22.1034    -1.6290     -0.016     0.2497    -2.0615 -9.990e-29
 239.867367     -0.003   0.485922    22.1024    -1.6297     -0.003     0.2496    -2.0613 -9.990e-29
 239.867373      0.006   0.486320    22.1012    -1.6304      0.006     0.2498    -2.0609 -9.990e-29
 239.867378      0.008   0.486669    22.1007    -1.6313      0.008     0.2500    -2.0606 -9.990e-29
 239.867384      0.009   0.486879    22.1006    -1.6320      0.009     0.2501    -2.0605 -9.990e-29
 239.867390      0.011   0.487231    22.0989    -1.6324      0.011     0.2503    -2.0600 -9.990e-29
 239.867396      0.012   0.487638    22.0919    -1.6329      0.012     0.2506    -2.0582 -9.990e-29
 239.867402      0.006   0.487537    22.0783    -1.6335      0.006     0.2506    -2.0551 -9.990e-29
 239.867407     -0.003   0.486792    22.0602    -1.6342     -0.003     0.2503    -2.0512 -9.990e-29
 239.867413     -0.005   0.486069    22.0391    -1.6347     -0.005     0.2500    -2.0465 -9.990e-29
 239.867419     -0.002   0.486066    22.0155    -1.6350     -0.002     0.2502    -2.0411 -9.990e-29
 239.867425     -0.002   0.486775    21.9904    -1.6353     -0.002     0.2507    -2.0350 -9.990e-29
 239.867431     -0.005   0.487481    21.9657    -1.6351     -0.005     0.2512    -2.0290 -9.990e-29
 239.867436     -0.002   0.487464    21.9438    -1.6350     -0.002     0.2513    -2.0239 -9.990e-29
 239.867442      0.006   0.486700    21.9245    -1.6349      0.006     0.2510    -2.0198 -9.990e-29
 239.867448      0.013   0.485830    21.9061    -1.6348      0.013     0.2506    -2.0159 -9.990e-29
 239.867454      0.017   0.485356    21.8874    -1.6346      0.017     0.2505    -2.0118 -9.990e-29
 239.867459      0.024   0.485197    21.8687    -1.6345      0.024     0.2505    -2.0075 -9.990e-29
 239.867465      0.030   0.485140    21.8524    -1.6347      0.030     0.2505    -2.0038 -9.990e-29
 239.867471      0.030   0.485109    21.8409    -1.6352      0.030     0.2506    -2.0012 -9.990e-29
 239.867477      0.030   0.485063    21.8356    -1.6359      0.030     0.2506    -2.0000 -9.990e-29
 239.867483      0.034   0.484938    21.8357    -1.6364      0.034     0.2505    -2.0000 -9.990e-29
 239.867488      0.036   0.484567    21.8379    -1.6369      0.036     0.2503    -2.0007 -9.990e-29
 239.867494      0.034   0.484009    21.8408    -1.6373      0.034     0.2500    -2.0016 -9.990e-29
 239.867500      0.032   0.483626    21.8447    -1.6378      0.032     0.2498    -2.0026 -9.990e-29
 239.867506      0.033   0.483462    21.8476    -1.6383      0.033     0.2497    -2.0034 -9.990e-29
 239.867512      0.034   0.483294    21.8466    -1.6386      0.034     0.2496    -2.0032 -9.990e-29
 239.867517      0.029   0.482898    21.8396    -1.6392      0.029     0.2494    -2.0018 -9.990e-29
 239.867523      0.024   0.482299    21.8265    -1.6398      0.024     0.2492    -1.9990 -9.990e-29
 239.867529      0.022   0.481807    21.8095    -1.6402      0.022     0.2490    -1.9953 -9.990e-29
 239.867535      0.019   0.481317    21.7916    -1.6405      0.019     0.2489    -1.9914 -9.990e-29
 239.867541      0.010   0.480731    21.7745    -1.6407      0.010     0.2486    -1.9877 -9.990e-29
 239.867546     -0.001   0.480371    21.7584    -1.6408     -0.001     0.2485    -1.9841 -9.990e-29
 239.867552     -0.007   0.480313    21.7427    -1.6409     -0.007     0.2486    -1.9806 -9.990e-29
 239.867558     -0.007   0.480478    21.7275    -1.6411     -0.007     0.2488    -1.9770 -9.990e-29
 239.867564     -0.010   0.480530    21.7123    -1.6415     -0.010     0.2489    -1.9735 -9.990e-29
 239.867569     -0.021   0.479984    21.6953    -1.6419     -0.021     0.2487    -1.9699 -9.990e-29
 239.867575     -0.035   0.479220    21.6780    -1.6425     -0.035     0.2484    -1.9662 -9.990e-29
 239.867581     -0.047   0.478879    21.6636    -1.6430     -0.047     0.2483    -1.9631 -9.990e-29
 239.867587     -0.051   0.479060    21.6532    -1.6434     -0.051     0.2484    -1.9606 -9.990e-29
 239.867593     -0.048   0.479448    21.6462    -1.6434     -0.048     0.2486    -1.9589 -9.990e-29
 239.867598     -0.038   0.479453    21.6411    -1.6426     -0.038     0.2487    -1.9577 -9.990e-29
 239.867604     -0.020   0.479082    21.6359    -1.6422     -0.020     0.2485    -1.9567 -9.990e-29
 239.867610      0.002   0.478946    21.6282    -1.6420      0.002     0.2485    -1.9550 -9.990e-29
 239.867616      0.021   0.478863    21.6174    -1.6420      0.021     0.2485    -1.9526 -9.990e-29
 239.867622      0.035   0.478166    21.6039    -1.6422      0.035     0.2482    -1.9498 -9.990e-29
 239.867627      0.044   0.477033    21.5883    -1.6428      0.044     0.2477    -1.9467 -9.990e-29
 239.867633      0.049   0.476170    21.5740    -1.6435      0.049     0.2473    -1.9438 -9.990e-29
 239.867639      0.050   0.476084    21.5660    -1.6442      0.050     0.2473    -1.9420 -9.990e-29
 239.867645      0.052   0.476661    21.5685    -1.6449      0.052     0.2476    -1.9423 -9.990e-29
 239.867650      0.059   0.477009    21.5794    -1.6455      0.059     0.2477    -1.9447 -9.990e-29
 239.867656      0.066   0.476482    21.5907    -1.6458      0.065     0.2474    -1.9474 -9.990e-29
 239.867662      0.071   0.475484    21.5968    -1.6462      0.070     0.2468    -1.9492 -9.990e-29
 239.867668      0.073   0.474900    21.5960    -1.6466      0.072     0.2465    -1.9493 -9.990e-29
 239.867674      0.073   0.475057    21.5872    -1.6471      0.072     0.2466    -1.9472 -9.990e-29
 239.867679      0.071   0.475610    21.5711    -1.6475      0.070     0.2470    -1.9433 -9.990e-29
 239.867685      0.066   0.476189    21.5509    -1.6480      0.065     0.2474    -1.9385 -9.990e-29
 239.867691      0.062   0.476455    21.5295    -1.6484      0.061     0.2477    -1.9336 -9.990e-29
 239.867697      0.064   0.476211    21.5085    -1.6490      0.063     0.2477    -1.9289 -9.990e-29
 239.867703      0.068   0.475683    21.4901    -1.6497      0.067     0.2475    -1.9249 -9.990e-29
 239.867708      0.068   0.475274    21.4749    -1.6503      0.067     0.2474    -1.9217 -9.990e-29
 239.867714      0.066   0.474993    21.4615    -1.6508      0.065     0.2473    -1.9188 -9.990e-29
 239.867720      0.062   0.474462    21.4477    -1.6514      0.061     0.2471    -1.9159 -9.990e-29
 239.867726      0.054   0.473526    21.4328    -1.6521      0.054     0.2466    -1.9129 -9.990e-29
 239.867731      0.047   0.472599    21.4176    -1.6530      0.047     0.2462    -1.9098 -9.990e-29
 239.867737      0.048   0.472105    21.4023    -1.6537      0.048     0.2461    -1.9066 -9.990e-29
 239.867743      0.059   0.471936    21.3856    -1.6544      0.059     0.2461    -1.9029 -9.990e-29
 239.867749      0.070   0.471868    21.3670    -1.6553      0.069     0.2461    -1.8987 -9.990e-29
 239.867755      0.079   0.471809    21.3473    -1.6562      0.078     0.2462    -1.8943 -9.990e-29
 239.867760      0.086   0.471680    21.3281    -1.6572      0.085     0.2462    -1.8900 -9.990e-29
 239.867766      0.091   0.471308    21.3088    -1.6582      0.090     0.2461    -1.8859 -9.990e-29
 239.867772      0.096   0.470749    21.2876    -1.6591      0.095     0.2459    -1.8813 -9.990e-29
 239.867778      0.099   0.470365    21.2636    -1.6600      0.098     0.2459    -1.8761 -9.990e-29
 239.867784      0.102   0.470196    21.2384    -1.6608      0.101     0.2459    -1.8705 -9.990e-29
 239.867789      0.104   0.470018    21.2134    -1.6614      0.103     0.2460    -1.8650 -9.990e-29
 239.867795      0.106   0.469590    21.1875    -1.6620      0.105     0.2459    -1.8594 -9.990e-29
 239.867801      0.107   0.468896    21.1598    -1.6625      0.106     0.2456    -1.8535 -9.990e-29
 239.867807      0.108   0.468116    21.1303    -1.6628      0.107     0.2454    -1.8473 -9.990e-29
 239.867813      0.109   0.467318    21.0992    -1.6631      0.108     0.2451    -1.8407 -9.990e-29
 239.867818      0.110   0.466543    21.0679    -1.6637      0.109     0.2449    -1.8340 -9.990e-29
 239.867824      0.111   0.465867    21.0375    -1.6646      0.110     0.2447    -1.8276 -9.990e-29
 239.867830      0.112   0.465492    21.0090    -1.6657      0.111     0.2446    -1.8214 -9.990e-29
 239.867836      0.113   0.465473    20.9840    -1.6669      0.112     0.2447    -1.8159 -9.990e-29
 239.867841      0.115   0.465783    20.9623    -1.6681      0.114     0.2450    -1.8110 -9.990e-29
 239.867847      0.117   0.466280    20.9433    -1.6694      0.116     0.2454    -1.8066 -9.990e-29
 239.867853      0.119   0.466520    20.9273    -1.6706      0.118     0.2456    -1.8029 -9.990e-29
 239.867859      0.122   0.466268    20.9134    -1.6717      0.121     0.2455    -1.8000 -9.990e-29
 239.867865      0.125   0.465740    20.8982    -1.6728      0.124     0.2453    -1.7968 -9.990e-29
 239.867870      0.130   0.465340    20.8781    -1.6739      0.129     0.2452    -1.7926 -9.990e-29
 239.867876      0.135   0.465087    20.8511    -1.6746      0.134     0.2452    -1.7867 -9.990e-29
 239.867882      0.142   0.464642    20.8179    -1.6753      0.141     0.2452    -1.7796 -9.990e-29
 239.867888      0.152   0.463965    20.7809    -1.6760      0.151     0.2450    -1.7718 -9.990e-29
 239.867894      0.164   0.463259    20.7419    -1.6764      0.163     0.2448    -1.7636 -9.990e-29
 239.867899      0.170   0.462692    20.7020    -1.6768      0.169     0.2448    -1.7551 -9.990e-29
 239.867905      0.164   0.462612    20.6637    -1.6772      0.163     0.2449    -1.7468 -9.990e-29
 239.867911      0.152   0.462911    20.6277    -1.6774      0.151     0.2453    -1.7388 -9.990e-29
 239.867917      0.143   0.462880    20.5934    -1.6775      0.142     0.2454    -1.7314 -9.990e-29
 239.867922      0.137   0.462294    20.5622    -1.6776      0.136     0.2453    -1.7248 -9.990e-29
 239.867928      0.132   0.461478    20.5351    -1.6774      0.131     0.2450    -1.7193 -9.990e-29
 239.867934      0.128   0.460819    20.5115    -1.6770      0.127     0.2448    -1.7145 -9.990e-29
 239.867940      0.125   0.460549    20.4916    -1.6765      0.124     0.2447    -1.7103 -9.990e-29
 239.867946      0.124   0.460677    20.4757    -1.6762      0.123     0.2449    -1.7068 -9.990e-29
 239.867951      0.123   0.460821    20.4628    -1.6760      0.122     0.2450    -1.7039 -9.990e-29
 239.867957      0.123   0.460618    20.4522    -1.6758      0.122     0.2450    -1.7017 -9.990e-29
 239.867963      0.124   0.460353    20.4448    -1.6754      0.123     0.2449    -1.7003 -9.990e-29
 239.867969      0.126   0.460228    20.4412    -1.6748      0.125     0.2448    -1.6995 -9.990e-29
 239.867975      0.128   0.460076    20.4417    -1.6743      0.127     0.2447    -1.6997 -9.990e-29
 239.867980      0.132   0.459695    20.4477    -1.6740      0.131     0.2445    -1.7012 -9.990e-29
 239.867986      0.138   0.459133    20.4579    -1.6736      0.137     0.2441    -1.7036 -9.990e-29
 239.867992      0.141   0.458749    20.4690    -1.6731      0.140     0.2439    -1.7061 -9.990e-29
 239.867998      0.137   0.458585    20.4790    -1.6724      0.136     0.2437    -1.7084 -9.990e-29
 239.868003      0.131   0.458421    20.4880    -1.6718      0.130     0.2436    -1.7104 -9.990e-29
 239.868009      0.126   0.458042    20.4978    -1.6716      0.125     0.2433    -1.7127 -9.990e-29
 239.868015      0.122   0.457495    20.5099    -1.6717      0.121     0.2430    -1.7155 -9.990e-29
 239.868021      0.118   0.457158    20.5244    -1.6717      0.117     0.2427    -1.7188 -9.990e-29
 239.868027      0.115   0.457139    20.5389    -1.6714      0.114     0.2426    -1.7219 -9.990e-29
 239.868032      0.113   0.457411    20.5522    -1.6712      0.112     0.2427    -1.7247 -9.990e-29
 239.868038      0.111   0.457787    20.5665    -1.6708      0.110     0.2428    -1.7276 -9.990e-29
 239.868044      0.109   0.457661    20.5834    -1.6702      0.108     0.2427    -1.7313 -9.990e-29
 239.868050      0.106   0.456863    20.6013    -1.6702      0.105     0.2421    -1.7356 -9.990e-29
 239.868056      0.104   0.455994    20.6158    -1.6702      0.103     0.2416    -1.7391 -9.990e-29
 239.868061      0.101   0.455555    20.6237    -1.6697      0.100     0.2413    -1.7410 -9.990e-29
 239.868067      0.098   0.455518    20.6266    -1.6696      0.097     0.2413    -1.7416 -9.990e-29
 239.868073      0.093   0.455832    20.6298    -1.6687      0.092     0.2414    -1.7422 -9.990e-29
 239.868079      0.092   0.456363    20.6362    -1.6674      0.091     0.2417    -1.7433 -9.990e-29
 239.868084      0.099   0.456712    20.6454    -1.6666      0.098     0.2418    -1.7452 -9.990e-29
 239.868090      0.109   0.456791    20.6566    -1.6662      0.108     0.2418    -1.7476 -9.990e-29
 239.868096      0.114   0.456708    20.6671    -1.6654      0.113     0.2417    -1.7499 -9.990e-29
 239.868102      0.116   0.456351    20.6743    -1.6640      0.115     0.2415    -1.7516 -9.990e-29
 239.868108      0.122   0.455800    20.6813    -1.6628      0.121     0.2411    -1.7534 -9.990e-29
 239.868113      0.133   0.455427    20.6920    -1.6618      0.132     0.2409    -1.7559 -9.990e-29
 239.868119      0.146   0.455290    20.7082    -1.6610      0.145     0.2407    -1.7595 -9.990e-29
