data/oxygen options/OCNMS/OCNMS1/raw_data/2019/CAST_KL015_190625faed.cnv
* Sea-Bird SBE19 Data File:
* FileName = C:\2019 Mooring Data\Casts\CAST_KL015_190625.hex
* Software Version 1.59
* Temperature SN = 2997
* Conductivity SN = 2997
* System UpLoad Time = Jun 25 2019 21:00:19
** CAST_KL015_190625
* ds
# nquan = 9                                 
# nvalues = 716                         
# units = specified
# name 0 = timeJ: Julian Days
# name 1 = prSM: Pressure, Strain Gauge [db]
# name 2 = c0mS/cm: Conductivity [mS/cm]
# name 3 = t090C: Temperature [ITS-90, deg C]
# name 4 = sbeox0ML/L: Oxygen, SBE 43 [ml/l]
# name 5 = depSM: Depth [salt water, m], lat = 47.5
# name 6 = sal00: Salinity, Practical [PSU]
# name 7 = sigma-é00: Density [sigma-theta, kg/m^3]
# name 8 = flag: flag
# span 0 = 176.841759, 176.845897       
# span 1 =     -5.444,     14.459       
# span 2 =   0.314878,  39.659851       
# span 3 =     8.1456,    16.0270       
# span 4 =    -1.8473,    17.1471       
# span 5 =     -5.399,     14.338       
# span 6 =     0.1839,    33.6810       
# span 7 =    -0.9129,    26.2068       
# span 8 = 0.0000e+00, 0.0000e+00       
# interval = seconds: 0.5
# start_time = Jun 25 2019 20:12:08 [Instrument's time stamp, header]
# bad_flag = -9.990e-29
*END*
[from data line 481]
 176.844543      0.483  39.091423    13.2154    10.0928      0.479    33.0304    24.8247 -9.990e-29
 176.844549      0.495  39.086347    13.2147    10.0877      0.491    33.0262    24.8216 -9.990e-29
 176.844554      0.497  39.096401    13.2194    10.0914      0.493    33.0316    24.8248 -9.990e-29
 176.844560      0.490  39.109793    13.2253    10.0955      0.486    33.0391    24.8294 -9.990e-29
 176.844566      0.477  39.114887    13.2229    10.1124      0.473    33.0460    24.8352 -9.990e-29
 176.844572      0.465  39.112319    13.2088    10.1046      0.461    33.0558    24.8457 -9.990e-29
 176.844578      0.459  39.110606    13.1927    10.1008      0.455    33.0682    24.8585 -9.990e-29
 176.844583      0.458  39.113048    13.1820    10.1068      0.454    33.0799    24.8696 -9.990e-29
 176.844589      0.462  39.116904    13.1763    10.0937      0.458    33.0885    24.8774 -9.990e-29
 176.844595      0.467  39.118890    13.1755    10.0947      0.463    33.0910    24.8795 -9.990e-29
 176.844601      0.469  39.119393    13.1791    10.1024      0.465    33.0884    24.8768 -9.990e-29
 176.844606      0.472  39.119621    13.1837    10.1098      0.468    33.0846    24.8729 -9.990e-29
 176.844612      0.477  39.117062    13.1847    10.1066      0.473    33.0813    24.8702 -9.990e-29
 176.844618      0.479  39.111085    13.1811    10.1147      0.475    33.0788    24.8689 -9.990e-29
 176.844624      0.483  39.106585    13.1765    10.1131      0.479    33.0786    24.8697 -9.990e-29
 176.844630      0.490  39.104828    13.1747    10.1208      0.486    33.0785    24.8700 -9.990e-29
 176.844635      0.491  39.102328    13.1806    10.1233      0.487    33.0710    24.8630 -9.990e-29
 176.844641      0.486  39.100774    13.1947    10.1064      0.482    33.0572    24.8496 -9.990e-29
 176.844647      0.484  39.107035    13.2057    10.0859      0.480    33.0536    24.8445 -9.990e-29
 176.844653      0.488  39.114319    13.2027    10.0731      0.484    33.0630    24.8524 -9.990e-29
 176.844659      0.495  39.110478    13.1911    10.0934      0.491    33.0695    24.8598 -9.990e-29
 176.844664      0.500  39.104379    13.1854    10.1122      0.496    33.0687    24.8603 -9.990e-29
 176.844670      0.505  39.111953    13.1925    10.1182      0.501    33.0697    24.8596 -9.990e-29
 176.844676      0.509  39.128154    13.2045    10.1089      0.505    33.0745    24.8610 -9.990e-29
 176.844682      0.513  39.138714    13.2092    10.0837      0.509    33.0803    24.8645 -9.990e-29
 176.844687      0.516  39.138653    13.2064    10.0695      0.512    33.0827    24.8669 -9.990e-29
 176.844693      0.520  39.122832    13.2036    10.0604      0.516    33.0703    24.8579 -9.990e-29
 176.844699      0.520  39.107108    13.2051    10.0625      0.516    33.0541    24.8451 -9.990e-29
 176.844705      0.516  39.116982    13.2123    10.0782      0.512    33.0572    24.8460 -9.990e-29
 176.844711      0.516  39.140956    13.2253    10.0762      0.512    33.0684    24.8521 -9.990e-29
 176.844716      0.525  39.156084    13.2416    10.0628      0.521    33.0685    24.8489 -9.990e-29
 176.844722      0.538  39.158434    13.2549    10.0502      0.534    33.0591    24.8390 -9.990e-29
 176.844728      0.549  39.155042    13.2562    10.0551      0.544    33.0548    24.8354 -9.990e-29
 176.844734      0.558  39.152573    13.2461    10.0552      0.553    33.0613    24.8424 -9.990e-29
 176.844740      0.570  39.155003    13.2383    10.0446      0.565    33.0703    24.8510 -9.990e-29
 176.844745      0.580  39.163870    13.2409    10.0219      0.575    33.0764    24.8552 -9.990e-29
 176.844751      0.587  39.176412    13.2482    10.0179      0.582    33.0819    24.8579 -9.990e-29
 176.844757      0.590  39.188046    13.2537    10.0613      0.585    33.0880    24.8616 -9.990e-29
 176.844763      0.588  39.195221    13.2582    10.1008      0.583    33.0909    24.8629 -9.990e-29
 176.844769      0.583  39.199645    13.2652    10.1109      0.578    33.0889    24.8600 -9.990e-29
 176.844774      0.578  39.203276    13.2699    10.1106      0.573    33.0883    24.8586 -9.990e-29
 176.844780      0.577  39.198617    13.2637    10.0999      0.572    33.0893    24.8606 -9.990e-29
 176.844786      0.581  39.173838    13.2510    10.0996      0.576    33.0770    24.8536 -9.990e-29
 176.844792      0.588  39.136212    13.2447    10.1085      0.583    33.0471    24.8317 -9.990e-29
 176.844797      0.595  39.115647    13.2476    10.1069      0.590    33.0252    24.8142 -9.990e-29
 176.844803      0.600  39.122791    13.2501    10.1098      0.595    33.0297    24.8172 -9.990e-29
 176.844809      0.601  39.135221    13.2399    10.0909      0.596    33.0503    24.8352 -9.990e-29
 176.844815      0.599  39.133082    13.2174    10.0954      0.594    33.0679    24.8533 -9.990e-29
 176.844821      0.594  39.124710    13.1961    10.1095      0.589    33.0785    24.8658 -9.990e-29
 176.844826      0.590  39.124127    13.1849    10.1143      0.585    33.0877    24.8751 -9.990e-29
 176.844832      0.590  39.127172    13.1834    10.0931      0.585    33.0919    24.8786 -9.990e-29
 176.844838      0.591  39.131158    13.1874    10.0566      0.586    33.0922    24.8781 -9.990e-29
 176.844844      0.589  39.135217    13.1917    10.0474      0.584    33.0923    24.8773 -9.990e-29
 176.844850      0.586  39.134101    13.1961    10.0552      0.581    33.0874    24.8726 -9.990e-29
 176.844855      0.589  39.133024    13.2077    10.0883      0.584    33.0763    24.8617 -9.990e-29
 176.844861      0.596  39.145659    13.2273    10.1095      0.591    33.0711    24.8538 -9.990e-29
 176.844867      0.608  39.165305    13.2421    10.1027      0.603    33.0767    24.8552 -9.990e-29
 176.844873      0.622  39.168848    13.2379    10.0895      0.617    33.0837    24.8614 -9.990e-29
 176.844878      0.634  39.153158    13.2150    10.0678      0.629    33.0888    24.8700 -9.990e-29
 176.844884      0.645  39.130348    13.1922    10.0764      0.640    33.0872    24.8733 -9.990e-29
 176.844890      0.656  39.119276    13.1871    10.0818      0.651    33.0812    24.8696 -9.990e-29
 176.844896      0.663  39.126998    13.2018    10.0889      0.657    33.0757    24.8624 -9.990e-29
 176.844902      0.663  39.141379    13.2254    10.0850      0.657    33.0687    24.8523 -9.990e-29
 176.844907      0.659  39.155808    13.2416    10.0890      0.653    33.0682    24.8487 -9.990e-29
 176.844913      0.656  39.164304    13.2443    10.0976      0.651    33.0738    24.8525 -9.990e-29
 176.844919      0.653  39.163058    13.2381    10.0812      0.648    33.0780    24.8570 -9.990e-29
 176.844925      0.650  39.158235    13.2297    10.0646      0.645    33.0808    24.8608 -9.990e-29
 176.844931      0.648  39.157947    13.2237    10.0656      0.643    33.0858    24.8659 -9.990e-29
 176.844936      0.645  39.162910    13.2230    10.0631      0.640    33.0911    24.8701 -9.990e-29
 176.844942      0.642  39.167960    13.2289    10.0835      0.637    33.0907    24.8686 -9.990e-29
 176.844948      0.639  39.172526    13.2384    10.1021      0.634    33.0867    24.8637 -9.990e-29
 176.844954      0.635  39.177638    13.2436    10.1119      0.630    33.0870    24.8628 -9.990e-29
 176.844959      0.630  39.180570    13.2399    10.1362      0.625    33.0930    24.8682 -9.990e-29
 176.844965      0.624  39.172892    13.2297    10.1361      0.619    33.0946    24.8715 -9.990e-29
 176.844971      0.620  39.154991    13.2169    10.1294      0.615    33.0889    24.8697 -9.990e-29
 176.844977      0.623  39.138831    13.2027    10.1174      0.618    33.0861    24.8703 -9.990e-29
 176.844983      0.629  39.124128    13.1900    10.0949      0.624    33.0833    24.8706 -9.990e-29
 176.844988      0.633  39.110862    13.1843    10.0754      0.628    33.0757    24.8659 -9.990e-29
 176.844994      0.637  39.107087    13.1879    10.0504      0.632    33.0690    24.8600 -9.990e-29
 176.845000      0.640  39.113911    13.1996    10.0125      0.635    33.0653    24.8548 -9.990e-29
 176.845006      0.642  39.127529    13.2135    10.0172      0.637    33.0660    24.8526 -9.990e-29
 176.845012      0.644  39.140313    13.2187    10.0383      0.639    33.0735    24.8574 -9.990e-29
 176.845017      0.645  39.150808    13.2149    10.0606      0.640    33.0867    24.8684 -9.990e-29
 176.845023      0.646  39.166833    13.2142    10.0618      0.641    33.1024    24.8806 -9.990e-29
 176.845029      0.647  39.180047    13.2176    10.0439      0.642    33.1119    24.8873 -9.990e-29
 176.845035      0.648  39.180041    13.2230    10.0166      0.643    33.1072    24.8826 -9.990e-29
 176.845041      0.648  39.180793    13.2340    10.0049      0.643    33.0983    24.8735 -9.990e-29
 176.845046      0.649  39.191689    13.2489    10.0046      0.644    33.0956    24.8684 -9.990e-29
 176.845052      0.650  39.209312    13.2648    10.0196      0.645    33.0983    24.8674 -9.990e-29
 176.845058      0.651  39.232499    13.2808    10.0297      0.646    33.1062    24.8703 -9.990e-29
 176.845064      0.652  39.254619    13.2946    10.0404      0.647    33.1150    24.8743 -9.990e-29
 176.845069      0.653  39.264257    13.3024    10.0507      0.648    33.1173    24.8745 -9.990e-29
 176.845075      0.654  39.260803    13.3025    10.0611      0.649    33.1140    24.8719 -9.990e-29
 176.845081      0.656  39.253641    13.2985    10.0443      0.651    33.1107    24.8702 -9.990e-29
 176.845087      0.658  39.247767    13.2963    10.0410      0.653    33.1071    24.8679 -9.990e-29
 176.845093      0.661  39.243734    13.2970    10.0505      0.655    33.1027    24.8643 -9.990e-29
 176.845098      0.664  39.242866    13.2973    10.0589      0.658    33.1016    24.8634 -9.990e-29
 176.845104      0.669  39.245106    13.2964    10.0712      0.663    33.1045    24.8658 -9.990e-29
 176.845110      0.674  39.246701    13.2939    10.0725      0.668    33.1082    24.8692 -9.990e-29
 176.845116      0.681  39.243595    13.2847    10.0637      0.675    33.1133    24.8749 -9.990e-29
 176.845122      0.686  39.235549    13.2628    10.0710      0.680    33.1248    24.8882 -9.990e-29
 176.845127      0.685  39.219099    13.2373    10.0693      0.679    33.1315    24.8985 -9.990e-29
 176.845133      0.682  39.202538    13.2282    10.0707      0.676    33.1238    24.8944 -9.990e-29
 176.845139      0.681  39.196249    13.2355    10.0761      0.675    33.1116    24.8835 -9.990e-29
 176.845145      0.682  39.188461    13.2469    10.0459      0.676    33.0943    24.8678 -9.990e-29
 176.845150      0.685  39.182213    13.2582    10.0318      0.679    33.0786    24.8534 -9.990e-29
 176.845156      0.690  39.184843    13.2663    10.0274      0.684    33.0740    24.8483 -9.990e-29
 176.845162      0.694  39.186958    13.2677    10.0483      0.688    33.0748    24.8486 -9.990e-29
 176.845168      0.692  39.188560    13.2634    10.0704      0.686    33.0800    24.8535 -9.990e-29
 176.845174      0.688  39.190087    13.2573    10.0822      0.682    33.0868    24.8599 -9.990e-29
 176.845179      0.687  39.190197    13.2503    10.0994      0.681    33.0930    24.8661 -9.990e-29
 176.845185      0.688  39.191256    13.2358    10.0875      0.682    33.1066    24.8796 -9.990e-29
 176.845191      0.692  39.184014    13.2142    10.0814      0.686    33.1186    24.8932 -9.990e-29
 176.845197      0.698  39.162717    13.2011    10.1005      0.692    33.1099    24.8891 -9.990e-29
 176.845203      0.707  39.142637    13.2042    10.1162      0.701    33.0883    24.8717 -9.990e-29
 176.845208      0.716  39.138427    13.2169    10.1232      0.710    33.0733    24.8576 -9.990e-29
 176.845214      0.716  39.146692    13.2293    10.1118      0.710    33.0703    24.8528 -9.990e-29
 176.845220      0.708  39.156588    13.2369    10.0958      0.702    33.0730    24.8533 -9.990e-29
 176.845226      0.699  39.151606    13.2351    10.0798      0.693    33.0699    24.8513 -9.990e-29
 176.845231      0.694  39.127888    13.2207    10.0809      0.688    33.0601    24.8466 -9.990e-29
 176.845237      0.691  39.114850    13.2085    10.0958      0.685    33.0584    24.8477 -9.990e-29
 176.845243      0.691  39.128698    13.2066    10.1022      0.685    33.0731    24.8595 -9.990e-29
 176.845249      0.693  39.146982    13.2055    10.1174      0.687    33.0913    24.8738 -9.990e-29
 176.845255      0.699  39.149245    13.2018    10.1181      0.693    33.0966    24.8786 -9.990e-29
 176.845260      0.708  39.139240    13.1976    10.1153      0.702    33.0909    24.8750 -9.990e-29
 176.845266      0.720  39.127144    13.1940    10.1425      0.714    33.0826    24.8693 -9.990e-29
 176.845272      0.737  39.119975    13.1923    10.1354      0.731    33.0773    24.8656 -9.990e-29
 176.845278      0.759  39.121612    13.1884    10.1192      0.753    33.0822    24.8702 -9.990e-29
 176.845284      0.788  39.121535    13.1798    10.1112      0.781    33.0897    24.8776 -9.990e-29
 176.845289      0.831  39.116842    13.1740    10.1293      0.824    33.0903    24.8792 -9.990e-29
 176.845295      0.889  39.120882    13.1748    10.1709      0.882    33.0934    24.8815 -9.990e-29
 176.845301      0.958  39.126715    13.1793    10.1885      0.950    33.0949    24.8818 -9.990e-29
 176.845307      1.043  39.125871    13.1797    10.2099      1.034    33.0937    24.8808 -9.990e-29
 176.845313      1.152  39.124508    13.1584    10.2378      1.142    33.1110    24.8984 -9.990e-29
 176.845318      1.293  39.103446    13.1075    10.2813      1.282    33.1355    24.9275 0.0000e+00
 176.845324      1.472  39.044687    13.0414    10.3499      1.460    33.1376    24.9422 0.0000e+00
 176.845330      1.681  38.970706    12.9752    10.4040      1.667    33.1254    24.9459 0.0000e+00
 176.845336      1.908  38.902719    12.9086    10.4562      1.892    33.1192    24.9542 0.0000e+00
 176.845341      2.147  38.836884    12.8303    10.5270      2.129    33.1252    24.9742 0.0000e+00
 176.845347      2.395  38.757102    12.7423    10.6175      2.375    33.1265    24.9923 0.0000e+00
 176.845353      2.652  38.668449    12.6651    10.7059      2.630    33.1097    24.9943 0.0000e+00
 176.845359      2.916  38.597213    12.6079    10.7710      2.892    33.0919    24.9916 0.0000e+00
 176.845365      3.187  38.540810    12.5543    10.8329      3.160    33.0850    24.9967 0.0000e+00
 176.845370      3.465  38.488993    12.4825    10.8513      3.436    33.0985    25.0210 0.0000e+00
 176.845376      3.751  38.443793    12.3986    10.8539      3.720    33.1290    25.0608 0.0000e+00
 176.845382      4.045  38.400943    12.3266    10.8693      4.011    33.1514    25.0919 0.0000e+00
 176.845388      4.346  38.364345    12.2765    10.8923      4.310    33.1604    25.1084 0.0000e+00
 176.845394      4.646  38.338392    12.2373    10.9291      4.607    33.1700    25.1233 0.0000e+00
 176.845399      4.943  38.315907    12.1940    10.9817      4.902    33.1866    25.1444 0.0000e+00
 176.845405      5.244  38.289864    12.1387    11.0867      5.200    33.2105    25.1734 0.0000e+00
 176.845411      5.554  38.252977    12.0638    11.2503      5.508    33.2413    25.2115 0.0000e+00
 176.845417      5.871  38.195261    11.9665    11.3962      5.822    33.2720    25.2536 0.0000e+00
 176.845422      6.191  38.118161    11.8606    11.4750      6.139    33.2917    25.2887 0.0000e+00
 176.845428      6.508  38.037595    11.7623    11.4977      6.454    33.3011    25.3143 0.0000e+00
 176.845434      6.820  37.958690    11.6645    11.4443      6.763    33.3117    25.3407 0.0000e+00
 176.845440      7.130  37.869746    11.5506    11.2709      7.070    33.3270    25.3735 0.0000e+00
 176.845446      7.442  37.771439    11.4270    10.9743      7.380    33.3418    25.4076 0.0000e+00
 176.845451      7.756  37.682765    11.3118    10.5477      7.691    33.3585    25.4415 0.0000e+00
 176.845457      8.078  37.608675    11.1928    10.0751      8.010    33.3930    25.4899 0.0000e+00
