data/oxygen options/OCNMS/OCNMS1/raw_data/2019/CAST_CE015_190930faed.cnv
* Sea-Bird SBE 19 Data File:
* FileName = C:\2019 Mooring Data\Casts\CAST_CE015_190930.hex
* Software Version SeatermAF 2.1.2
* Temperature SN = 2997
* Conductivity SN = 2997
* System UpLoad Time = Oct 01 2019 17:02:56 (localtime) = Oct 01 2019 17:02:56 (UTC)
** CAST_CE015_190930
* ds
# nquan = 9                                 
# nvalues = 730                         
# units = specified
# name 0 = timeJ: Julian Days
# name 1 = prSM: Pressure, Strain Gauge [db]
# name 2 = c0mS/cm: Conductivity [mS/cm]
# name 3 = t090C: Temperature [ITS-90, deg C]
# name 4 = sbeox0ML/L: Oxygen, SBE 43 [ml/l]
# name 5 = depSM: Depth [salt water, m], lat = 47.5
# name 6 = sal00: Salinity, Practical [PSU]
# name 7 = sigma-é00: Density [sigma-theta, kg/m^3]
# name 8 = flag: flag
# span 0 = 273.832465, 273.836684       
# span 1 =     -4.989,     16.457       
# span 2 =   0.413330,  39.559005       
# span 3 =    13.2537,    16.5372       
# span 4 =    -1.8492,    10.8943       
# span 5 =     -4.947,     16.319       
# span 6 =     0.2404,    32.1881       
# span 7 =    -0.9396,    24.1659       
# span 8 = 0.0000e+00, 0.0000e+00       
# interval = seconds: 0.5
# start_time = Sep 30 2019 19:58:45 [Instrument's time stamp, header]
# bad_flag = -9.990e-29
*END*
[from data line 641]
 273.836175     11.902  38.372032    14.0017     4.7909     11.802    31.6911    23.6313 0.0000e+00
 273.836181     12.189  38.386062    13.9814     4.6789     12.087    31.7206    23.6583 0.0000e+00
 273.836186     12.465  38.389734    13.9499     4.5850     12.361    31.7499    23.6873 0.0000e+00
 273.836192     12.734  38.370560    13.9019     4.5157     12.627    31.7718    23.7140 0.0000e+00
 273.836198     13.001  38.341589    13.8490     4.4741     12.892    31.7887    23.7378 0.0000e+00
 273.836204     13.265  38.331364    13.7956     4.4561     13.154    31.8234    23.7755 0.0000e+00
 273.836209     13.521  38.338539    13.7382     4.4297     13.408    31.8776    23.8289 0.0000e+00
 273.836215     13.765  38.348010    13.6835     4.3871     13.650    31.9319    23.8819 0.0000e+00
 273.836221     13.999  38.352775    13.6396     4.3183     13.882    31.9728    23.9224 0.0000e+00
 273.836227     14.225  38.351875    13.6085     4.2463     14.106    31.9979    23.9480 0.0000e+00
 273.836233     14.445  38.351360    13.5874     4.1780     14.324    32.0150    23.9655 0.0000e+00
 273.836238     14.664  38.352752    13.5640     4.1472     14.541    32.0358    23.9863 0.0000e+00
 273.836244     14.888  38.347800    13.5242     4.1201     14.763    32.0645    24.0164 0.0000e+00
 273.836250     15.121  38.331558    13.4645     4.1070     14.994    32.0994    24.0554 0.0000e+00
 273.836256     15.363  38.308105    13.3980     4.1155     15.234    32.1335    24.0950 0.0000e+00
 273.836262     15.597  38.284221    13.3438     4.1097     15.466    32.1568    24.1238 0.0000e+00
 273.836267     15.810  38.264425    13.3120     4.1081     15.677    32.1650    24.1365 0.0000e+00
 273.836273     15.993  38.252524    13.3009     4.1145     15.859    32.1632    24.1373 0.0000e+00
 273.836279     16.145  38.251656    13.2975     4.1290     16.010    32.1652    24.1395 -9.990e-29
 273.836285     16.268  38.253357    13.2881     4.1397     16.132    32.1747    24.1487 -9.990e-29
 273.836291     16.360  38.247553    13.2714     4.1604     16.223    32.1833    24.1587 -9.990e-29
 273.836296     16.423  38.238805    13.2569     4.1761     16.285    32.1874    24.1647 -9.990e-29
 273.836302     16.457  38.236705    13.2537     4.1996     16.319    32.1881    24.1659 -9.990e-29
 273.836308     16.454  38.241786    13.2641     4.2391     16.316    32.1841    24.1607 -9.990e-29
 273.836314     16.412  38.249599    13.2842     4.2707     16.274    32.1744    24.1493 -9.990e-29
 273.836319     16.327  38.259898    13.3057     4.3133     16.190    32.1659    24.1384 -9.990e-29
 273.836325     16.198  38.270720    13.3217     4.3442     16.062    32.1626    24.1327 0.0000e+00
 273.836331     16.030  38.276877    13.3345     4.3591     15.896    32.1576    24.1263 0.0000e+00
 273.836337     15.828  38.279845    13.3521     4.3688     15.695    32.1456    24.1135 0.0000e+00
 273.836343     15.603  38.284124    13.3733     4.3805     15.472    32.1318    24.0986 0.0000e+00
 273.836348     15.369  38.289241    13.3933     4.4075     15.240    32.1198    24.0853 0.0000e+00
 273.836354     15.142  38.295843    13.4143     4.4463     15.015    32.1084    24.0723 0.0000e+00
 273.836360     14.923  38.302077    13.4347     4.5192     14.798    32.0971    24.0595 0.0000e+00
 273.836366     14.705  38.297200    13.4524     4.6157     14.582    32.0777    24.0410 0.0000e+00
 273.836372     14.471  38.292050    13.4736     4.7364     14.350    32.0552    24.0194 0.0000e+00
 273.836377     14.213  38.304943    13.5080     4.8635     14.094    32.0385    23.9995 0.0000e+00
 273.836383     13.927  38.321133    13.5625     4.9831     13.810    32.0080    23.9650 0.0000e+00
 273.836389     13.615  38.328591    13.6321     5.0963     13.501    31.9568    23.9115 0.0000e+00
 273.836395     13.289  38.331084    13.7014     5.1833     13.178    31.9014    23.8548 0.0000e+00
 273.836400     12.960  38.331368    13.7655     5.2406     12.851    31.8485    23.8009 0.0000e+00
 273.836406     12.639  38.333177    13.8286     5.2777     12.533    31.7980    23.7491 0.0000e+00
 273.836412     12.327  38.337797    13.8831     5.3069     12.224    31.7572    23.7066 0.0000e+00
 273.836418     12.020  38.344659    13.9203     5.3664     11.919    31.7330    23.6803 0.0000e+00
 273.836424     11.712  38.349464    13.9434     5.4303     11.614    31.7184    23.6644 0.0000e+00
 273.836429     11.397  38.347969    13.9587     5.4963     11.302    31.7046    23.6505 0.0000e+00
 273.836435     11.081  38.342648    13.9726     5.5559     10.988    31.6883    23.6351 0.0000e+00
 273.836441     10.767  38.338708    13.9912     5.5933     10.677    31.6695    23.6168 0.0000e+00
 273.836447     10.455  38.340399    14.0154     5.6322     10.367    31.6513    23.5978 0.0000e+00
 273.836453     10.145  38.348839    14.0461     5.6442     10.060    31.6339    23.5781 0.0000e+00
 273.836458      9.839  38.360143    14.0889     5.6631      9.757    31.6093    23.5503 0.0000e+00
 273.836464      9.530  38.369769    14.1358     5.6929      9.450    31.5798    23.5179 0.0000e+00
 273.836470      9.212  38.375417    14.1710     5.7301      9.135    31.5563    23.4926 0.0000e+00
 273.836476      8.886  38.376766    14.1904     5.8011      8.812    31.5418    23.4774 0.0000e+00
 273.836481      8.553  38.375043    14.1971     5.8841      8.481    31.5349    23.4707 0.0000e+00
 273.836487      8.213  38.371300    14.1942     5.9781      8.144    31.5339    23.4705 0.0000e+00
 273.836493      7.873  38.363888    14.1847     6.0695      7.807    31.5350    23.4733 0.0000e+00
 273.836499      7.544  38.348507    14.1770     6.1519      7.481    31.5274    23.4690 0.0000e+00
 273.836505      7.224  38.327029    14.1817     6.2078      7.164    31.5040    23.4500 0.0000e+00
 273.836510      6.912  38.309993    14.2037     6.2360      6.854    31.4706    23.4197 0.0000e+00
 273.836516      6.603  38.304341    14.2475     6.2386      6.548    31.4299    23.3793 0.0000e+00
 273.836522      6.291  38.315397    14.3129     6.2239      6.238    31.3870    23.3326 0.0000e+00
 273.836528      5.971  38.347805    14.3862     6.2006      5.921    31.3572    23.2945 0.0000e+00
 273.836534      5.646  38.395486    14.4500     6.1871      5.599    31.3490    23.2750 0.0000e+00
 273.836539      5.325  38.457609    14.4996     6.1799      5.280    31.3655    23.2773 0.0000e+00
 273.836545      5.011  38.532440    14.5432     6.1682      4.969    31.3982    23.2934 0.0000e+00
 273.836551      4.700  38.603267    14.5815     6.1608      4.661    31.4316    23.3111 0.0000e+00
 273.836557      4.390  38.654189    14.6110     6.1747      4.353    31.4539    23.3222 0.0000e+00
 273.836563      4.077  38.681970    14.6382     6.1844      4.043    31.4572    23.3190 0.0000e+00
 273.836568      3.760  38.698436    14.6685     6.1786      3.729    31.4477    23.3053 0.0000e+00
 273.836574      3.440  38.716005    14.7020     6.1513      3.411    31.4366    23.2897 0.0000e+00
 273.836580      3.121  38.742406    14.7377     6.1295      3.095    31.4318    23.2784 0.0000e+00
 273.836586      2.805  38.777546    14.7761     6.0664      2.782    31.4326    23.2710 0.0000e+00
 273.836591      2.493  38.813382    14.8213     5.9766      2.472    31.4286    23.2583 0.0000e+00
 273.836597      2.196  38.859599    14.8871     6.3353      2.178    31.4173    23.2357 0.0000e+00
 273.836603      1.925  38.944767    14.9773     6.6477      1.909    31.4214    23.2197 0.0000e+00
 273.836609      1.682  39.052499    15.0603     6.9269      1.668    31.4515    23.2251 0.0000e+00
 273.836615      1.467  39.121448    15.1049     6.8820      1.455    31.4775    23.2355 0.0000e+00
 273.836620      1.274  39.138817    15.0996     6.7336      1.263    31.4974    23.2520 0.0000e+00
 273.836626      1.104  39.120481    15.0379     6.5051      1.095    31.5307    23.2908 0.0000e+00
 273.836632      0.958  39.054303    14.9275 -9.990e-29      0.950    31.5604    23.3373 -9.990e-29
 273.836638      0.836  38.890668    14.7867 -9.990e-29      0.829    31.5269    23.3413 -9.990e-29
 273.836644      0.739  38.439368    14.6324 -9.990e-29      0.733    31.2436    23.1555 -9.990e-29
 273.836649      0.664  37.111507    14.4767 -9.990e-29      0.658    30.1663    22.3579 -9.990e-29
 273.836655      0.608  33.160080    14.3265 -9.990e-29      0.603    26.7295    19.7421 -9.990e-29
 273.836661      0.566  25.725377    14.1920 -9.990e-29      0.561    20.2783    14.8080 -9.990e-29
 273.836667      0.536  17.263755    14.0822 -9.990e-29      0.532    13.1542     9.3578 -9.990e-29
 273.836672      0.515  10.843776    13.9944 -9.990e-29      0.511     7.9676     5.3896 -9.990e-29
 273.836678      0.504   7.328487    13.9549 -9.990e-29      0.500     5.2329     3.2932 -9.990e-29
 273.836684      0.500   5.732298 -9.990e-29 -9.990e-29      0.496 -9.990e-29 -9.990e-29 -9.990e-29
