data/oxygen options/OCNMS/OCNMS1/raw_data/2019/CAST_KL027_190805faedb.cnv
* Sea-Bird SBE 19 Data File:
* FileName = C:\2019 Mooring Data\Casts\CAST_KL027_190805.hex
* Software Version SeatermAF 2.1.2
* Temperature SN = 2997
* Conductivity SN = 2997
* System UpLoad Time = Aug 05 2019 19:39:13 (localtime) = Aug 05 2019 19:39:13 (UTC)
** CAST_KL027_190805
* ds
# nquan = 9
# nvalues = 25                          
# units = specified
# name 0 = timeJ: Julian Days
# name 1 = prSM: Pressure, Strain Gauge [db]
# name 2 = c0mS/cm: Conductivity [mS/cm]
# name 3 = t090C: Temperature [ITS-90, deg C]
# name 4 = sbeox0ML/L: Oxygen, SBE 43 [ml/l]
# name 5 = depSM: Depth [salt water, m], lat = 47.5
# name 6 = sal00: Salinity, Practical [PSU]
# name 7 = sigma-é00: Density [sigma-theta, kg/m^3]
# name 8 = flag: flag
# span 0 = 217.778236, 217.779107       
# span 1 =      2.000,     26.000       
# span 2 =  35.045772,  39.808467       
# span 3 =     8.1359,    15.0652       
# span 4 =     0.4782,     6.4389       
# span 5 =      1.983,     25.781       
# span 6 =    32.1260,    33.6060       
# span 7 =    23.7434,    26.1594       
# span 8 = 0.0000e+00, 0.0000e+00       
# interval = decibars: 1                
# start_time = Aug 05 2019 18:33:31 [Instrument's time stamp, header]
# bad_flag = -9.990e-29
*END*
 217.778236      2.000  39.808467    15.0652     6.4389      1.983    32.1260    23.7434 0.0000e+00
 217.778271      3.000  39.751778    14.8138     6.3307      2.975    32.2825    23.9176 0.0000e+00
 217.778307      4.000  39.710654    14.5901     6.1871      3.967    32.4308    24.0795 0.0000e+00
 217.778340      5.000  39.672519    14.3861     6.1791      4.958    32.5667    24.2272 0.0000e+00
 217.778375      6.000  39.683181    14.3313     6.0070      5.950    32.6222    24.2815 0.0000e+00
 217.778408      7.000  39.626293    14.2100     5.5038      6.941    32.6720    24.3453 0.0000e+00
 217.778441      8.000  39.233719    13.5607     4.5223      7.933    32.8626    24.6246 0.0000e+00
 217.778475      9.000  38.408659    12.7494     4.2974      8.925    32.7862    24.7273 0.0000e+00
 217.778511     10.000  38.098951    12.1760     3.3567      9.916    32.9912    24.9961 0.0000e+00
 217.778544     11.000  37.267762    11.1818     2.1731     10.908    33.0652    25.2359 0.0000e+00
 217.778580     12.000  36.428693    10.0420     1.4795     11.900    33.2605    25.5866 0.0000e+00
 217.778617     13.000  35.869353     9.2868     1.2149     12.891    33.3872    25.8099 0.0000e+00
 217.778654     14.000  35.648541     9.0045     0.9323     13.883    33.4221    25.8821 0.0000e+00
 217.778693     15.000  35.411816     8.6341     0.7004     14.874    33.5236    26.0193 0.0000e+00
 217.778734     16.000  35.259285     8.4394     0.6314     15.866    33.5473    26.0676 0.0000e+00
 217.778773     17.000  35.188810     8.3347     0.5906     16.857    33.5720    26.1029 0.0000e+00
 217.778811     18.000  35.132825     8.2596     0.5638     17.849    33.5839    26.1235 0.0000e+00
 217.778851     19.000  35.106680     8.2294     0.5530     18.841    33.5846    26.1285 0.0000e+00
 217.778887     20.000  35.087172     8.1960     0.5332     19.832    33.5953    26.1419 0.0000e+00
 217.778924     21.000  35.083733     8.1889     0.5237     20.824    33.5980    26.1452 0.0000e+00
 217.778958     22.000  35.069128     8.1700     0.5140     21.815    33.6001    26.1496 0.0000e+00
 217.778998     23.000  35.065933     8.1626     0.5010     22.807    33.6033    26.1532 0.0000e+00
 217.779032     24.000  35.055327     8.1491     0.4988     23.798    33.6045    26.1562 0.0000e+00
 217.779067     25.000  35.057323     8.1504     0.4869     24.790    33.6049    26.1563 0.0000e+00
 217.779107     26.000  35.045772     8.1359     0.4782     25.781    33.6060    26.1594 0.0000e+00
