data/oxygen options/OCNMS/OCNMS1/raw_data/2019/CAST_TH042_190731faed.cnv
* Sea-Bird SBE 19 Data File:
* FileName = C:\2019 Mooring Data\Casts\CAST_TH042_190731.hex
* Software Version SeatermAF 2.1.2
* Temperature SN = 2997
* Conductivity SN = 2997
* System UpLoad Time = Jul 31 2019 17:21:42 (localtime) = Jul 31 2019 17:21:42 (UTC)
** CAST_TH042_190731
* ds
# nquan = 9                                 
# nvalues = 1011                        
# units = specified
# name 0 = timeJ: Julian Days
# name 1 = prSM: Pressure, Strain Gauge [db]
# name 2 = c0mS/cm: Conductivity [mS/cm]
# name 3 = t090C: Temperature [ITS-90, deg C]
# name 4 = sbeox0ML/L: Oxygen, SBE 43 [ml/l]
# name 5 = depSM: Depth [salt water, m], lat = 47.5
# name 6 = sal00: Salinity, Practical [PSU]
# name 7 = sigma-é00: Density [sigma-theta, kg/m^3]
# name 8 = flag: flag
# span 0 = 212.668264, 212.674109       
# span 1 =     -4.711,     41.510       
# span 2 =   0.199941,  39.259092       
# span 3 =     7.8547,    15.5136       
# span 4 =    -1.8605,    14.1958       
# span 5 =     -4.672,     41.159       
# span 6 =     0.1182,    33.5396       
# span 7 =    -0.8799,    26.1488       
# span 8 = 0.0000e+00, 0.0000e+00       
# interval = seconds: 0.5
# start_time = Jul 31 2019 16:02:18 [Instrument's time stamp, header]
# bad_flag = -9.990e-29
*END*
[from data line 801]
 212.672899     38.398  34.742792     7.8933     2.8121     38.074    33.5091    26.1191 0.0000e+00
 212.672905     38.622  34.742108     7.8902     2.8156     38.296    33.5112    26.1213 0.0000e+00
 212.672911     38.836  34.742387     7.8885     2.8029     38.508    33.5130    26.1229 0.0000e+00
 212.672917     39.044  34.743444     7.8871     2.7932     38.714    33.5154    26.1250 0.0000e+00
 212.672922     39.257  34.743895     7.8830     2.7954     38.926    33.5197    26.1290 0.0000e+00
 212.672928     39.479  34.742665     7.8746     2.8001     39.146    33.5264    26.1355 0.0000e+00
 212.672934     39.716  34.740361     7.8647     2.8020     39.381    33.5333    26.1423 0.0000e+00
 212.672940     39.960  34.738392     7.8574     2.7954     39.623    33.5381    26.1472 0.0000e+00
 212.672946     40.195  34.737495     7.8547     2.7930     39.856    33.5396    26.1488 0.0000e+00
 212.672951     40.408  34.738152     7.8569     2.7947     40.067    33.5381    26.1473 0.0000e+00
 212.672957     40.601  34.740125     7.8628     2.7844     40.258    33.5344    26.1435 0.0000e+00
 212.672963     40.781  34.742130     7.8687     2.7923     40.437    33.5308    26.1398 0.0000e+00
 212.672969     40.952  34.743488     7.8704     2.8017     40.606    33.5306    26.1394 0.0000e+00
 212.672975     41.106  34.743776     7.8669     2.7993     40.759    33.5342    26.1427 0.0000e+00
 212.672980     41.242  34.742264     7.8605     2.7954     40.894    33.5386    26.1472 -9.990e-29
 212.672986     41.355  34.740300     7.8573     2.7960     41.006    33.5396    26.1484 -9.990e-29
 212.672992     41.439  34.740309     7.8603     2.8039     41.089    33.5366    26.1456 -9.990e-29
 212.672998     41.491  34.742306     7.8658     2.8039     41.141    33.5335    26.1424 -9.990e-29
 212.673003     41.510  34.744478     7.8705     2.8038     41.159    33.5313    26.1399 -9.990e-29
 212.673009     41.501  34.745248     7.8735     2.8060     41.150    33.5292    26.1379 -9.990e-29
 212.673015     41.469  34.745091     7.8756     2.7979     41.119    33.5271    26.1359 -9.990e-29
 212.673021     41.410  34.746045     7.8779     2.7918     41.060    33.5259    26.1346 -9.990e-29
 212.673027     41.327  34.748268     7.8789     2.7959     40.978    33.5274    26.1356 -9.990e-29
 212.673032     41.225  34.749692     7.8774     2.7962     40.877    33.5304    26.1382 -9.990e-29
 212.673038     41.113  34.749425     7.8752     2.8017     40.766    33.5323    26.1400 -9.990e-29
 212.673044     40.986  34.747675     7.8725     2.7956     40.640    33.5330    26.1410 0.0000e+00
 212.673050     40.841  34.744914     7.8694     2.7978     40.496    33.5331    26.1415 0.0000e+00
 212.673056     40.678  34.743067     7.8672     2.8075     40.335    33.5333    26.1420 0.0000e+00
 212.673061     40.494  34.743034     7.8660     2.8030     40.152    33.5345    26.1431 0.0000e+00
 212.673067     40.291  34.743098     7.8653     2.8026     39.951    33.5354    26.1439 0.0000e+00
 212.673073     40.077  34.742230     7.8647     2.7964     39.739    33.5351    26.1438 0.0000e+00
 212.673079     39.864  34.740961     7.8638     2.7941     39.527    33.5347    26.1436 0.0000e+00
 212.673084     39.660  34.739843     7.8631     2.7979     39.325    33.5343    26.1434 0.0000e+00
 212.673090     39.461  34.739074     7.8631     2.8055     39.128    33.5336    26.1428 0.0000e+00
 212.673096     39.255  34.738754     7.8632     2.8149     38.924    33.5332    26.1425 0.0000e+00
 212.673102     39.031  34.739020     7.8628     2.8166     38.702    33.5340    26.1432 0.0000e+00
 212.673108     38.785  34.739674     7.8634     2.8070     38.458    33.5342    26.1433 0.0000e+00
 212.673113     38.519  34.740474     7.8665     2.8151     38.194    33.5323    26.1412 0.0000e+00
 212.673119     38.244  34.740814     7.8716     2.8151     37.921    33.5278    26.1370 0.0000e+00
 212.673125     37.974  34.740595     7.8772     2.8086     37.654    33.5224    26.1319 0.0000e+00
 212.673131     37.713  34.740654     7.8816     2.8226     37.395    33.5183    26.1281 0.0000e+00
 212.673137     37.462  34.741078     7.8848     2.8185     37.146    33.5158    26.1257 0.0000e+00
 212.673142     37.221  34.741320     7.8882     2.8199     36.907    33.5129    26.1229 0.0000e+00
 212.673148     36.992  34.741151     7.8918     2.8196     36.680    33.5094    26.1196 0.0000e+00
 212.673154     36.779  34.740911     7.8940     2.8200     36.469    33.5071    26.1175 0.0000e+00
 212.673160     36.579  34.740848     7.8944     2.8375     36.270    33.5068    26.1172 0.0000e+00
 212.673166     36.386  34.740899     7.8949     2.8334     36.079    33.5064    26.1168 0.0000e+00
 212.673171     36.190  34.741161     7.8967     2.8296     35.885    33.5051    26.1155 0.0000e+00
 212.673177     35.989  34.741452     7.8994     2.8299     35.686    33.5029    26.1134 0.0000e+00
 212.673183     35.777  34.741626     7.9022     2.8258     35.475    33.5005    26.1111 0.0000e+00
 212.673189     35.550  34.741943     7.9053     2.8293     35.250    33.4980    26.1086 0.0000e+00
 212.673194     35.298  34.742292     7.9082     2.8192     35.000    33.4957    26.1064 0.0000e+00
 212.673200     35.017  34.742604     7.9098     2.8131     34.722    33.4946    26.1053 0.0000e+00
 212.673206     34.724  34.742761     7.9101     2.8213     34.431    33.4947    26.1053 0.0000e+00
 212.673212     34.435  34.742442     7.9098     2.8325     34.145    33.4947    26.1054 0.0000e+00
 212.673218     34.156  34.741809     7.9092     2.8380     33.868    33.4948    26.1055 0.0000e+00
 212.673223     33.897  34.741166     7.9088     2.8358     33.611    33.4946    26.1054 0.0000e+00
 212.673229     33.656  34.740801     7.9095     2.8299     33.372    33.4936    26.1046 0.0000e+00
 212.673235     33.429  34.740813     7.9119     2.8416     33.147    33.4915    26.1025 0.0000e+00
 212.673241     33.213  34.741243     7.9160     2.8451     32.933    33.4881    26.0993 0.0000e+00
 212.673247     33.007  34.742133     7.9208     2.8370     32.729    33.4845    26.0958 0.0000e+00
 212.673252     32.803  34.743015     7.9242     2.8471     32.527    33.4823    26.0935 0.0000e+00
 212.673258     32.591  34.743413     7.9262     2.8510     32.316    33.4809    26.0922 0.0000e+00
 212.673264     32.367  34.743323     7.9285     2.8467     32.094    33.4787    26.0901 0.0000e+00
 212.673270     32.126  34.743213     7.9310     2.8526     31.855    33.4763    26.0878 0.0000e+00
 212.673275     31.869  34.743522     7.9335     2.8529     31.601    33.4744    26.0859 0.0000e+00
 212.673281     31.604  34.744130     7.9363     2.8527     31.338    33.4725    26.0840 0.0000e+00
 212.673287     31.338  34.744754     7.9395     2.8625     31.074    33.4702    26.0818 0.0000e+00
 212.673293     31.070  34.745135     7.9425     2.8667     30.808    33.4679    26.0795 0.0000e+00
 212.673299     30.801  34.745247     7.9444     2.8647     30.542    33.4663    26.0780 0.0000e+00
 212.673304     30.529  34.745268     7.9453     2.8626     30.272    33.4656    26.0773 0.0000e+00
 212.673310     30.256  34.745252     7.9460     2.8648     30.001    33.4650    26.0768 0.0000e+00
 212.673316     29.980  34.745205     7.9467     2.8706     29.728    33.4644    26.0762 0.0000e+00
 212.673322     29.706  34.745090     7.9471     2.8564     29.456    33.4641    26.0758 0.0000e+00
 212.673328     29.442  34.744780     7.9471     2.8662     29.194    33.4639    26.0757 0.0000e+00
 212.673333     29.193  34.744450     7.9471     2.8563     28.947    33.4636    26.0755 0.0000e+00
 212.673339     28.960  34.744247     7.9472     2.8543     28.716    33.4634    26.0753 0.0000e+00
 212.673345     28.740  34.743926     7.9475     2.8659     28.498    33.4629    26.0748 0.0000e+00
 212.673351     28.525  34.743645     7.9483     2.8699     28.285    33.4619    26.0740 0.0000e+00
 212.673356     28.301  34.743615     7.9494     2.8754     28.063    33.4609    26.0730 0.0000e+00
 212.673362     28.057  34.743821     7.9506     2.8733     27.821    33.4601    26.0722 0.0000e+00
 212.673368     27.791  34.744005     7.9518     2.8754     27.557    33.4593    26.0714 0.0000e+00
 212.673374     27.504  34.743877     7.9531     2.8734     27.273    33.4581    26.0702 0.0000e+00
 212.673380     27.198  34.743852     7.9545     2.8733     26.969    33.4568    26.0690 0.0000e+00
 212.673385     26.883  34.743925     7.9555     2.8791     26.657    33.4561    26.0683 0.0000e+00
 212.673391     26.571  34.743663     7.9561     2.8770     26.348    33.4554    26.0677 0.0000e+00
 212.673397     26.267  34.743301     7.9567     2.8848     26.046    33.4546    26.0669 0.0000e+00
 212.673403     25.972  34.742944     7.9573     2.8926     25.754    33.4538    26.0662 0.0000e+00
 212.673409     25.681  34.742704     7.9577     2.8828     25.465    33.4533    26.0657 0.0000e+00
 212.673414     25.388  34.742848     7.9582     2.8709     25.175    33.4531    26.0655 0.0000e+00
 212.673420     25.097  34.743032     7.9588     2.8868     24.886    33.4528    26.0652 0.0000e+00
 212.673426     24.813  34.742971     7.9598     2.8904     24.604    33.4520    26.0644 0.0000e+00
 212.673432     24.541  34.742610     7.9612     2.8961     24.335    33.4504    26.0629 0.0000e+00
 212.673438     24.277  34.742055     7.9626     2.9021     24.073    33.4485    26.0613 0.0000e+00
 212.673443     24.011  34.741711     7.9636     2.8925     23.809    33.4473    26.0602 0.0000e+00
 212.673449     23.740  34.741705     7.9640     2.8923     23.541    33.4471    26.0599 0.0000e+00
 212.673455     23.468  34.741497     7.9642     2.8982     23.271    33.4468    26.0597 0.0000e+00
 212.673461     23.204  34.740837     7.9647     2.8960     23.009    33.4457    26.0588 0.0000e+00
 212.673466     22.947  34.740550     7.9658     2.8960     22.754    33.4445    26.0576 0.0000e+00
 212.673472     22.691  34.740840     7.9668     2.9096     22.500    33.4440    26.0571 0.0000e+00
 212.673478     22.435  34.740999     7.9674     2.9093     22.247    33.4437    26.0568 0.0000e+00
 212.673484     22.190  34.740706     7.9676     2.9093     22.004    33.4433    26.0564 0.0000e+00
 212.673490     21.956  34.740158     7.9681     2.9133     21.772    33.4424    26.0556 0.0000e+00
 212.673495     21.724  34.739773     7.9691     2.9077     21.542    33.4411    26.0545 0.0000e+00
 212.673501     21.483  34.739622     7.9703     2.9074     21.303    33.4399    26.0533 0.0000e+00
 212.673507     21.230  34.739528     7.9716     2.9214     21.052    33.4387    26.0522 0.0000e+00
 212.673513     20.966  34.739393     7.9729     2.9289     20.790    33.4374    26.0510 0.0000e+00
 212.673519     20.696  34.739064     7.9738     2.9306     20.522    33.4363    26.0500 0.0000e+00
 212.673524     20.425  34.738689     7.9748     2.9346     20.254    33.4351    26.0489 0.0000e+00
 212.673530     20.151  34.738354     7.9761     2.9347     19.982    33.4336    26.0475 0.0000e+00
 212.673536     19.885  34.737638     7.9769     2.9248     19.718    33.4322    26.0463 0.0000e+00
 212.673542     19.633  34.736735     7.9773     2.9364     19.468    33.4310    26.0453 0.0000e+00
 212.673547     19.393  34.736147     7.9780     2.9344     19.230    33.4298    26.0443 0.0000e+00
 212.673553     19.159  34.735677     7.9790     2.9403     18.998    33.4285    26.0431 0.0000e+00
 212.673559     18.923  34.735283     7.9801     2.9498     18.764    33.4271    26.0418 0.0000e+00
 212.673565     18.681  34.735025     7.9817     2.9598     18.524    33.4254    26.0403 0.0000e+00
 212.673571     18.428  34.734586     7.9835     2.9690     18.273    33.4233    26.0384 0.0000e+00
 212.673576     18.170  34.733965     7.9851     2.9883     18.018    33.4213    26.0365 0.0000e+00
 212.673582     17.913  34.733481     7.9872     2.9940     17.763    33.4189    26.0343 0.0000e+00
 212.673588     17.658  34.733076     7.9899     3.0020     17.510    33.4160    26.0316 0.0000e+00
 212.673594     17.404  34.732238     7.9929     3.0194     17.258    33.4123    26.0283 0.0000e+00
 212.673600     17.153  34.730994     7.9957     3.0274     17.009    33.4084    26.0249 0.0000e+00
 212.673605     16.907  34.729394     7.9983     3.0389     16.765    33.4044    26.0213 0.0000e+00
 212.673611     16.662  34.727569     8.0012     3.0516     16.522    33.3998    26.0172 0.0000e+00
 212.673617     16.411  34.726471     8.0048     3.0561     16.273    33.3953    26.0132 0.0000e+00
 212.673623     16.148  34.725783     8.0095     3.0689     16.013    33.3902    26.0085 0.0000e+00
 212.673628     15.868  34.724613     8.0141     3.0812     15.735    33.3847    26.0035 0.0000e+00
 212.673634     15.579  34.723107     8.0180     3.0901     15.448    33.3795    25.9988 0.0000e+00
 212.673640     15.297  34.721522     8.0222     3.0999     15.169    33.3739    25.9938 0.0000e+00
 212.673646     15.033  34.720575     8.0275     3.1218     14.907    33.3680    25.9884 0.0000e+00
 212.673652     14.790  34.721829     8.0342     3.1321     14.666    33.3630    25.9835 0.0000e+00
 212.673657     14.554  34.725304     8.0442     3.1597     14.432    33.3573    25.9776 0.0000e+00
 212.673663     14.316  34.730622     8.0619     3.1963     14.196    33.3462    25.9663 0.0000e+00
 212.673669     14.073  34.740983     8.0909     3.2390     13.955    33.3298    25.9491 0.0000e+00
 212.673675     13.827  34.757913     8.1323     3.3099     13.711    33.3086    25.9263 0.0000e+00
 212.673681     13.575  34.780504     8.1864     3.3575     13.461    33.2813    25.8969 0.0000e+00
 212.673686     13.310  34.811482     8.2552     3.4345     13.198    33.2491    25.8614 0.0000e+00
 212.673692     13.028  34.851318     8.3350     3.5383     12.919    33.2160    25.8235 0.0000e+00
 212.673698     12.731  34.893268     8.4161     3.6251     12.624    33.1840    25.7862 0.0000e+00
 212.673704     12.427  34.934529     8.4941     3.7722     12.323    33.1543    25.7511 0.0000e+00
 212.673709     12.123  34.984256     8.5707     3.9684     12.021    33.1348    25.7243 0.0000e+00
 212.673715     11.829  35.056172     8.6443     4.1646     11.730    33.1415    25.7183 0.0000e+00
 212.673721     11.556  35.149363     8.7132     4.3537     11.459    33.1748    25.7338 0.0000e+00
 212.673727     11.304  35.234742     8.7963     4.5309     11.209    33.1865    25.7301 0.0000e+00
 212.673733     11.066  35.344459     8.9302     4.6981     10.973    33.1760    25.7011 0.0000e+00
 212.673738     10.830  35.540304     9.1371     4.8529     10.739    33.1868    25.6770 0.0000e+00
 212.673744     10.578  35.722355     9.4193     5.0047     10.489    33.1132    25.5744 0.0000e+00
 212.673750     10.297  35.815409     9.7370     5.1048     10.211    32.9164    25.3690 0.0000e+00
 212.673756      9.996  35.899371    10.0019     5.1765      9.912    32.7607    25.2036 0.0000e+00
 212.673762      9.690  35.995571    10.1653     5.1851      9.609    32.7103    25.1370 0.0000e+00
 212.673767      9.393  36.087362    10.2626     5.1737      9.314    32.7153    25.1245 0.0000e+00
 212.673773      9.112  36.191952    10.3492     5.1599      9.036    32.7426    25.1311 0.0000e+00
 212.673779      8.843  36.300473    10.4223     5.1437      8.769    32.7860    25.1524 0.0000e+00
 212.673785      8.576  36.361697    10.4584     5.1658      8.504    32.8150    25.1688 0.0000e+00
 212.673791      8.308  36.369394    10.4743     5.2016      8.238    32.8085    25.1611 0.0000e+00
 212.673796      8.043  36.375859    10.4879     5.2183      7.976    32.8028    25.1543 0.0000e+00
 212.673802      7.782  36.385265    10.5030     5.2374      7.717    32.7988    25.1485 0.0000e+00
 212.673808      7.511  36.379947    10.5328     5.2353      7.448    32.7667    25.1185 0.0000e+00
 212.673814      7.222  36.379159    10.5877     5.2069      7.162    32.7168    25.0701 0.0000e+00
