data/oxygen options/OCNMS/OCNMS1/raw_data/2019/CAST_CE042_190625faedb.cnv
* Sea-Bird SBE19 Data File:
* FileName = C:\2019 Mooring Data\Casts\CAST_CE042_190625.hex
* Software Version 1.59
* Temperature SN = 2997
* Conductivity SN = 2997
* System UpLoad Time = Jun 25 2019 18:28:57
** CAST_CE042_190625
* ds
# nquan = 9
# nvalues = 41                          
# units = specified
# name 0 = timeJ: Julian Days
# name 1 = prSM: Pressure, Strain Gauge [db]
# name 2 = c0mS/cm: Conductivity [mS/cm]
# name 3 = t090C: Temperature [ITS-90, deg C]
# name 4 = sbeox0ML/L: Oxygen, SBE 43 [ml/l]
# name 5 = depSM: Depth [salt water, m], lat = 47.5
# name 6 = sal00: Salinity, Practical [PSU]
# name 7 = sigma-é00: Density [sigma-theta, kg/m^3]
# name 8 = flag: flag
# span 0 = 176.719182, 176.719801       
# span 1 =      2.000,     42.000       
# span 2 =  34.978106,  39.495647       
# span 3 =     7.8220,    13.2551       
# span 4 =     2.1992,    10.7872       
# span 5 =      1.983,     41.645       
# span 6 =    33.3756,    33.8287       
# span 7 =    25.0841,    26.3806       
# span 8 = 0.0000e+00, 0.0000e+00       
# interval = decibars: 1                
# start_time = Jun 25 2019 17:10:27 [Instrument's time stamp, header]
# bad_flag = -9.990e-29
*END*
 176.719182      2.000  39.495647    13.2551    10.1007      1.983    33.3759    25.0841 0.0000e+00
 176.719200      3.000  39.465301    13.2224    10.2351      2.975    33.3756    25.0905 0.0000e+00
 176.719213      4.000  39.422605    13.1559    10.6004      3.966    33.3934    25.1176 0.0000e+00
 176.719226      5.000  39.231214    12.8712    10.7872      4.958    33.4630    25.2277 0.0000e+00
 176.719238      6.000  38.750372    12.3055    10.6466      5.949    33.5056    25.3705 0.0000e+00
 176.719250      7.000  38.144298    11.6685    10.3621      6.941    33.4894    25.4779 0.0000e+00
 176.719263      8.000  37.666553    11.1764    10.1234      7.933    33.4652    25.5491 0.0000e+00
 176.719276      9.000  37.401360    10.9121     9.8226      8.925    33.4424    25.5785 0.0000e+00
 176.719289     10.000  37.269115    10.7876     9.1469      9.916    33.4238    25.5860 0.0000e+00
 176.719304     11.000  37.202777    10.7194     8.3493     10.908    33.4195    25.5947 0.0000e+00
 176.719320     12.000  37.059659    10.5403     7.5132     11.900    33.4398    25.6417 0.0000e+00
 176.719335     13.000  36.890639    10.3392     6.7057     12.891    33.4541    25.6876 0.0000e+00
 176.719350     14.000  36.775982    10.1814     6.4071     13.883    33.4833    25.7373 0.0000e+00
 176.719364     15.000  36.645907    10.0422     6.2707     14.874    33.4798    25.7581 0.0000e+00
 176.719380     16.000  36.587867     9.9824     6.0652     15.866    33.4756    25.7649 0.0000e+00
 176.719396     17.000  36.539130     9.9355     5.7222     16.857    33.4690    25.7678 0.0000e+00
 176.719414     18.000  36.453604     9.8292     5.1484     17.849    33.4800    25.7940 0.0000e+00
 176.719431     19.000  36.367146     9.7058     4.5219     18.841    33.5059    25.8347 0.0000e+00
 176.719447     20.000  36.227150     9.5291     3.8441     19.832    33.5267    25.8800 0.0000e+00
 176.719464     21.000  36.017553     9.2853     3.1633     20.824    33.5384    25.9286 0.0000e+00
 176.719479     22.000  35.674513     8.8111     2.9767     21.815    33.6282    26.0738 0.0000e+00
 176.719495     23.000  35.365384     8.4885     2.9768     22.807    33.6093    26.1088 0.0000e+00
 176.719512     24.000  35.260605     8.3787     2.8602     23.798    33.6028    26.1204 0.0000e+00
 176.719529     25.000  35.219092     8.3177     2.5685     24.790    33.6167    26.1406 0.0000e+00
 176.719545     26.000  35.166080     8.2188     2.2988     25.782    33.6546    26.1852 0.0000e+00
 176.719559     27.000  35.105352     8.1166     2.1992     26.773    33.6876    26.2263 0.0000e+00
 176.719573     28.000  35.059546     8.0368     2.2048     27.764    33.7150    26.2596 0.0000e+00
 176.719587     29.000  35.033656     7.9992     2.2599     28.756    33.7230    26.2715 0.0000e+00
 176.719603     30.000  35.036022     7.9988     2.3001     29.748    33.7255    26.2736 0.0000e+00
 176.719619     31.000  35.024810     7.9842     2.3196     30.739    33.7271    26.2770 0.0000e+00
 176.719633     32.000  35.018792     7.9753     2.3475     31.730    33.7288    26.2796 0.0000e+00
 176.719647     33.000  35.017684     7.9735     2.3412     32.722    33.7289    26.2799 0.0000e+00
 176.719662     34.000  35.017169     7.9756     2.3198     33.713    33.7258    26.2772 0.0000e+00
 176.719677     35.000  35.020555     7.9800     2.3202     34.705    33.7248    26.2758 0.0000e+00
 176.719693     36.000  35.015765     7.9708     2.2985     35.697    33.7280    26.2797 0.0000e+00
 176.719709     37.000  35.011981     7.9571     2.2941     36.688    33.7366    26.2885 0.0000e+00
 176.719723     38.000  35.003607     7.9211     2.3107     37.679    33.7620    26.3137 0.0000e+00
 176.719740     39.000  34.991371     7.8716     2.3141     38.671    33.7963    26.3479 0.0000e+00
 176.719757     40.000  34.983129     7.8339     2.3072     39.662    33.8235    26.3748 0.0000e+00
 176.719776     41.000  34.979170     7.8257     2.3160     40.654    33.8268    26.3785 0.0000e+00
 176.719801     42.000  34.978106     7.8220     2.3037     41.645    33.8287    26.3806 0.0000e+00
