data/oxygen options/OCNMS/OCNMS1/raw_data/2019/CAST_TH042_190829faedb.cnv
* Sea-Bird SBE 19 Data File:
* FileName = C:\2019 Mooring Data\Casts\CAST_TH042_190829.hex
* Software Version SeatermAF 2.1.2
* Temperature SN = 2997
* Conductivity SN = 2997
* System UpLoad Time = Aug 29 2019 17:26:49 (localtime) = Aug 29 2019 17:26:49 (UTC)
** CAST_TH042_190829
* ds
# nquan = 9
# nvalues = 41                          
# units = specified
# name 0 = timeJ: Julian Days
# name 1 = prSM: Pressure, Strain Gauge [db]
# name 2 = c0mS/cm: Conductivity [mS/cm]
# name 3 = t090C: Temperature [ITS-90, deg C]
# name 4 = sbeox0ML/L: Oxygen, SBE 43 [ml/l]
# name 5 = depSM: Depth [salt water, m], lat = 47.5
# name 6 = sal00: Salinity, Practical [PSU]
# name 7 = sigma-é00: Density [sigma-theta, kg/m^3]
# name 8 = flag: flag
# span 0 = 241.670376, 241.671210       
# span 1 =      2.000,     42.000       
# span 2 =  34.763083,  37.821139       
# span 3 =     7.8138,    12.0027       
# span 4 =     2.2090,     5.7807       
# span 5 =      1.983,     41.645       
# span 6 =    32.8789,    33.6145       
# span 7 =    24.9416,    26.2133       
# span 8 = 0.0000e+00, 0.0000e+00       
# interval = decibars: 1                
# start_time = Aug 29 2019 15:58:25 [Instrument's time stamp, header]
# bad_flag = -9.990e-29
*END*
 241.670376      2.000  37.821139    12.0027     5.7807      1.983    32.8789    24.9416 0.0000e+00
 241.670405      3.000  37.688688    11.7874     4.9152      2.975    32.9403    25.0293 0.0000e+00
 241.670428      4.000  37.456036    11.4852     4.4848      3.966    32.9815    25.1168 0.0000e+00
 241.670448      5.000  37.244430    11.1325     4.0722      4.958    33.0888    25.2639 0.0000e+00
 241.670467      6.000  36.761778    10.5069     3.7154      5.950    33.1737    25.4396 0.0000e+00
 241.670486      7.000  36.248995     9.9339     3.4066      6.941    33.1794    25.5416 0.0000e+00
 241.670505      8.000  35.835474     9.3774     3.2359      7.933    33.2699    25.7036 0.0000e+00
 241.670524      9.000  35.544799     9.0566     3.0038      8.925    33.2674    25.7528 0.0000e+00
 241.670544     10.000  35.421736     8.8447     2.7011      9.916    33.3374    25.8408 0.0000e+00
 241.670562     11.000  35.186738     8.5143     2.5895     10.908    33.4019    25.9421 0.0000e+00
 241.670580     12.000  35.029409     8.3361     2.5055     11.899    33.4041    25.9709 0.0000e+00
 241.670600     13.000  34.911906     8.1569     2.4942     12.891    33.4495    26.0332 0.0000e+00
 241.670619     14.000  34.871212     8.0941     2.4923     13.883    33.4655    26.0552 0.0000e+00
 241.670640     15.000  34.842442     8.0557     2.4744     14.874    33.4712    26.0653 0.0000e+00
 241.670660     16.000  34.835265     8.0376     2.4414     15.866    33.4803    26.0751 0.0000e+00
 241.670680     17.000  34.823072     8.0129     2.4156     16.857    33.4905    26.0868 0.0000e+00
 241.670699     18.000  34.809532     7.9778     2.3801     17.849    33.5091    26.1066 0.0000e+00
 241.670718     19.000  34.800346     7.9602     2.3153     18.840    33.5157    26.1143 0.0000e+00
 241.670737     20.000  34.789125     7.9148     2.2752     19.832    33.5468    26.1454 0.0000e+00
 241.670756     21.000  34.777469     7.8782     2.2562     20.824    33.5690    26.1682 0.0000e+00
 241.670775     22.000  34.773295     7.8598     2.2558     21.815    33.5817    26.1808 0.0000e+00
 241.670795     23.000  34.772312     7.8515     2.2427     22.807    33.5882    26.1871 0.0000e+00
 241.670815     24.000  34.772848     7.8403     2.2374     23.798    33.5991    26.1974 0.0000e+00
 241.670832     25.000  34.765891     7.8278     2.2287     24.790    33.6032    26.2024 0.0000e+00
 241.670851     26.000  34.764511     7.8216     2.2315     25.781    33.6072    26.2065 0.0000e+00
 241.670872     27.000  34.764398     7.8185     2.2283     26.773    33.6096    26.2088 0.0000e+00
 241.670891     28.000  34.763676     7.8169     2.2328     27.764    33.6099    26.2093 0.0000e+00
 241.670908     29.000  34.763083     7.8158     2.2323     28.756    33.6098    26.2094 0.0000e+00
 241.670927     30.000  34.764512     7.8159     2.2277     29.747    33.6107    26.2101 0.0000e+00
 241.670946     31.000  34.764147     7.8151     2.2276     30.739    33.6107    26.2102 0.0000e+00
 241.670966     32.000  34.764791     7.8167     2.2271     31.730    33.6094    26.2090 0.0000e+00
 241.670987     33.000  34.765373     7.8148     2.2220     32.722    33.6114    26.2108 0.0000e+00
 241.671006     34.000  34.766104     7.8146     2.2283     33.714    33.6118    26.2112 0.0000e+00
 241.671027     35.000  34.766105     7.8142     2.2233     34.705    33.6117    26.2112 0.0000e+00
 241.671049     36.000  34.766942     7.8146     2.2153     35.696    33.6119    26.2113 0.0000e+00
 241.671069     37.000  34.767276     7.8138     2.2143     36.688    33.6125    26.2119 0.0000e+00
 241.671088     38.000  34.767812     7.8142     2.2175     37.679    33.6122    26.2116 0.0000e+00
 241.671109     39.000  34.770301     7.8148     2.2157     38.671    33.6137    26.2128 0.0000e+00
 241.671131     40.000  34.769917     7.8145     2.2189     39.662    33.6132    26.2124 0.0000e+00
 241.671155     41.000  34.769411     7.8142     2.2175     40.654    33.6124    26.2119 0.0000e+00
 241.671210     42.000  34.772387     7.8150     2.2090     41.645    33.6145    26.2133 0.0000e+00
