data/oxygen options/OCNMS/OCNMS1/raw_data/2019/CAST_MB015_190527faed.cnv
* Sea-Bird SBE19 Data File:
* FileName = C:\2019 Mooring Data\Casts\CAST_MB015_190527.hex
* Software Version 1.59
* Temperature SN = 2997
* Conductivity SN = 2997
* System UpLoad Time = May 27 2019 20:07:23
** CAST_MB015_190527
* ds
# nquan = 9                                 
# nvalues = 883                         
# units = specified
# name 0 = timeJ: Julian Days
# name 1 = prSM: Pressure, Strain Gauge [db]
# name 2 = c0mS/cm: Conductivity [mS/cm]
# name 3 = t090C: Temperature [ITS-90, deg C]
# name 4 = sbeox0ML/L: Oxygen, SBE 43 [ml/l]
# name 5 = depSM: Depth [salt water, m], lat = 47.5
# name 6 = sal00: Salinity, Practical [PSU]
# name 7 = sigma-é00: Density [sigma-theta, kg/m^3]
# name 8 = flag: flag
# span 0 = 147.804838, 147.809942       
# span 1 =     -4.933,     13.292       
# span 2 =  -0.001019,  37.062162       
# span 3 =     9.6177,    15.8857       
# span 4 =    -1.8680,    12.3356       
# span 5 =     -4.892,     13.181       
# span 6 =     0.0000,    32.6673       
# span 7 =    -1.0372,    25.1923       
# span 8 = 0.0000e+00, 0.0000e+00       
# interval = seconds: 0.5
# start_time = May 27 2019 19:18:58 [Instrument's time stamp, header]
# bad_flag = -9.990e-29
*END*
[from data line 481]
 147.807622     -0.123   0.171456    15.6313    -1.5855     -0.122     0.1008    -0.9184 -9.990e-29
 147.807627     -0.111   0.515612    15.4898    -1.5846     -0.110     0.3083    -0.7355 -9.990e-29
 147.807633     -0.097   1.547113    15.2216    -1.5861     -0.096     0.9736    -0.1798 -9.990e-29
 147.807639     -0.078   4.641295    14.8709    -1.5859     -0.077     3.1373     1.5410 -9.990e-29
 147.807645     -0.055  11.255977    14.5026    -1.5870     -0.055     8.1874     5.4772 -9.990e-29
 147.807650     -0.024  20.788277    14.1866    -1.5877     -0.024    16.0623    11.5719 -9.990e-29
 147.807656      0.015  29.597700    13.9945    -1.5885      0.015    23.7804    17.5372 -9.990e-29
 147.807662      0.065  34.356277    13.9158    -1.5881      0.064    28.0964    20.8758 -9.990e-29
 147.807668      0.125  35.965698    13.8942    -1.5877      0.124    29.5764    22.0212 -9.990e-29
 147.807674      0.190  36.554504    13.8958    -1.5869      0.188    30.1133    22.4350 -9.990e-29
 147.807679      0.256  36.792458    13.9068    -1.5872      0.254    30.3225    22.5942 -9.990e-29
 147.807685      0.319  36.894964    13.9235    -1.5881      0.316    30.4032    22.6531 -9.990e-29
 147.807691      0.377  36.906908    13.9348    -1.5882      0.374    30.4052    22.6523 -9.990e-29
 147.807697      0.435  36.839770    13.9268    -1.5883      0.431    30.3500    22.6114 -9.990e-29
 147.807703      0.493  36.760270    13.9082    -1.5870      0.489    30.2918    22.5703 -9.990e-29
 147.807708      0.545  36.717526    13.8979    -1.5870      0.540    30.2608    22.5484 -9.990e-29
 147.807714      0.591  36.699361    13.8976    -1.5878      0.586    30.2444    22.5358 -9.990e-29
 147.807720      0.632  36.686056    13.8969    -1.5884      0.627    30.2327    22.5269 -9.990e-29
 147.807726      0.669  36.689574    13.8928    -1.5886      0.663    30.2392    22.5327 -9.990e-29
 147.807731      0.698  36.721353    13.8894    -1.5871      0.692    30.2709    22.5579 -9.990e-29
 147.807737      0.725  36.754931    13.8896    -1.5867      0.719    30.3015    22.5815 -9.990e-29
 147.807743      0.754  36.753930    13.8925    -1.5875      0.748    30.2983    22.5784 -9.990e-29
 147.807749      0.776  36.723200    13.8934    -1.5879      0.770    30.2694    22.5560 -9.990e-29
 147.807755      0.789  36.699060    13.8900    -1.5868      0.782    30.2500    22.5416 -9.990e-29
 147.807760      0.798  36.712057    13.8859    -1.5872      0.791    30.2651    22.5541 -9.990e-29
 147.807766      0.812  36.752678    13.8858    -1.5879      0.805    30.3024    22.5829 -9.990e-29
 147.807772      0.833  36.768740    13.8886    -1.5878      0.826    30.3149    22.5920 -9.990e-29
 147.807778      0.852  36.738579    13.8911    -1.5868      0.845    30.2853    22.5687 -9.990e-29
 147.807784      0.867  36.702068    13.8948    -1.5865      0.860    30.2490    22.5399 -9.990e-29
 147.807789      0.879  36.707973    13.9007    -1.5871      0.872    30.2497    22.5393 -9.990e-29
 147.807795      0.888  36.747401    13.9069    -1.5873      0.881    30.2809    22.5621 -9.990e-29
 147.807801      0.895  36.760420    13.9104    -1.5868      0.888    30.2901    22.5685 -9.990e-29
 147.807807      0.900  36.733067    13.9098    -1.5860      0.892    30.2655    22.5496 -9.990e-29
 147.807813      0.905  36.718482    13.9086    -1.5856      0.897    30.2531    22.5403 -9.990e-29
 147.807818      0.908  36.731399    13.9092    -1.5853      0.900    30.2645    22.5490 -9.990e-29
 147.807824      0.911  36.727484    13.9094    -1.5851      0.903    30.2607    22.5460 -9.990e-29
 147.807830      0.913  36.707706    13.9071    -1.5851      0.905    30.2444    22.5339 -9.990e-29
 147.807836      0.915  36.717946    13.9014    -1.5857      0.907    30.2583    22.5457 -9.990e-29
 147.807841      0.917  36.759570    13.8929    -1.5864      0.909    30.3031    22.5820 -9.990e-29
 147.807847      0.918  36.795728    13.8874    -1.5852      0.910    30.3406    22.6120 -9.990e-29
 147.807853      0.919  36.814758    13.8888    -1.5850      0.911    30.3569    22.6244 -9.990e-29
 147.807859      0.921  36.833102    13.8929    -1.5844      0.913    30.3705    22.6340 -9.990e-29
 147.807865      0.922  36.862371    13.8943    -1.5856      0.914    30.3962    22.6536 -9.990e-29
 147.807870      0.924  36.901312    13.8938    -1.5863      0.916    30.4323    22.6815 -9.990e-29
 147.807876      0.926  36.942531    13.8947    -1.5845      0.918    30.4693    22.7099 -9.990e-29
 147.807882      0.929  36.976071    13.8956    -1.5840      0.921    30.4994    22.7329 -9.990e-29
 147.807888      0.932  36.990696    13.8939    -1.5839      0.924    30.5141    22.7446 -9.990e-29
 147.807894      0.936  36.981299    13.8915    -1.5859      0.928    30.5074    22.7399 -9.990e-29
 147.807899      0.941  36.958897    13.8904    -1.5869      0.933    30.4877    22.7250 -9.990e-29
 147.807905      0.947  36.956914    13.8911    -1.5849      0.939    30.4854    22.7230 -9.990e-29
 147.807911      0.955  36.988414    13.8932    -1.5844      0.947    30.5126    22.7436 -9.990e-29
 147.807917      0.966  37.020963    13.8954    -1.5848      0.958    30.5407    22.7648 -9.990e-29
 147.807922      0.975  37.021285    13.8977    -1.5866      0.967    30.5391    22.7632 -9.990e-29
 147.807928      0.979  36.989840    13.9014    -1.5874      0.971    30.5074    22.7379 -9.990e-29
 147.807934      0.978  36.981029    13.9050    -1.5871      0.970    30.4964    22.7288 -9.990e-29
 147.807940      0.973  37.020647    13.9074    -1.5857      0.965    30.5308    22.7548 -9.990e-29
 147.807946      0.967  37.050693    13.9087    -1.5846      0.959    30.5573    22.7750 -9.990e-29
 147.807951      0.964  37.018879    13.9082    -1.5836      0.956    30.5286    22.7529 -9.990e-29
 147.807957      0.963  36.942726    13.9050    -1.5852      0.955    30.4613    22.7017 -9.990e-29
 147.807963      0.966  36.910521    13.9009    -1.5884      0.958    30.4351    22.6822 -9.990e-29
 147.807969      0.972  36.956054    13.8994    -1.5883      0.964    30.4780    22.7156 -9.990e-29
 147.807975      0.976  36.996740    13.9001    -1.5862      0.968    30.5147    22.7439 -9.990e-29
 147.807980      0.976  36.963686    13.9002    -1.5849      0.968    30.4843    22.7204 -9.990e-29
 147.807986      0.975  36.880591    13.8995    -1.5870      0.967    30.4087    22.6622 -9.990e-29
 147.807992      0.973  36.827607    13.8994    -1.5880      0.965    30.3603    22.6248 -9.990e-29
 147.807998      0.966  36.851688    13.9006    -1.5866      0.958    30.3814    22.6409 -9.990e-29
 147.808003      0.958  36.928426    13.9023    -1.5860      0.950    30.4504    22.6938 -9.990e-29
 147.808009      0.952  37.001727    13.9033    -1.5853      0.944    30.5168    22.7448 -9.990e-29
 147.808015      0.949  37.008115    13.9027    -1.5857      0.941    30.5231    22.7498 -9.990e-29
 147.808021      0.947  36.911908    13.9010    -1.5857      0.939    30.4363    22.6831 -9.990e-29
 147.808027      0.947  36.790329    13.8998    -1.5846      0.939    30.3258    22.5982 -9.990e-29
 147.808032      0.949  36.767386    13.9003    -1.5846      0.941    30.3044    22.5816 -9.990e-29
 147.808038      0.953  36.833795    13.9019    -1.5861      0.945    30.3640    22.6272 -9.990e-29
 147.808044      0.955  36.867628    13.9033    -1.5857      0.947    30.3939    22.6500 -9.990e-29
 147.808050      0.950  36.821649    13.9034    -1.5845      0.942    30.3517    22.6174 -9.990e-29
 147.808056      0.944  36.785181    13.9020    -1.5843      0.936    30.3194    22.5928 -9.990e-29
 147.808061      0.939  36.819362    13.9009    -1.5841      0.931    30.3515    22.6178 -9.990e-29
 147.808067      0.935  36.882460    13.9001    -1.5879      0.927    30.4100    22.6631 -9.990e-29
 147.808073      0.932  36.926511    13.8981     9.3872      0.924    30.4519    22.6958 -9.990e-29
 147.808079      0.929  36.945897    13.8955    12.1658      0.921    30.4718    22.7116 -9.990e-29
 147.808084      0.928  36.972656    13.8936    12.3356      0.920    30.4978    22.7321 -9.990e-29
 147.808090      0.927  37.010023    13.8919    10.3569      0.919    30.5334    22.7599 -9.990e-29
 147.808096      0.926  37.010992    13.8892     6.1247      0.918    30.5365    22.7628 -9.990e-29
 147.808102      0.926  36.986965    13.8858     6.2508      0.918    30.5171    22.7486 -9.990e-29
 147.808108      0.926  37.003350    13.8836     6.4470      0.918    30.5339    22.7620 -9.990e-29
 147.808113      0.927  37.050671    13.8833     6.4777      0.919    30.5775    22.7957 -9.990e-29
 147.808119      0.928  37.062162    13.8840     6.4471      0.920    30.5875    22.8033 -9.990e-29
 147.808125      0.930  36.978713    13.8843     6.4025      0.922    30.5107    22.7440 -9.990e-29
 147.808131      0.933  36.808897    13.8829     6.3720      0.925    30.3562    22.6250 -9.990e-29
 147.808137      0.937  36.661112    13.8808     6.3465      0.929    30.2224    22.5222 -9.990e-29
 147.808142      0.942  36.594187    13.8795     6.3239      0.934    30.1622    22.4760 -9.990e-29
 147.808148      0.948  36.573223    13.8790     6.3049      0.940    30.1434    22.4616 -9.990e-29
 147.808154      0.956  36.567499    13.8795     6.2968      0.948    30.1377    22.4571 -9.990e-29
 147.808160      0.966  36.566051    13.8808     6.2862      0.958    30.1354    22.4551 -9.990e-29
 147.808166      0.975  36.565300    13.8817     6.2871      0.967    30.1340    22.4538 -9.990e-29
 147.808171      0.979  36.565952    13.8828     6.2818      0.971    30.1337    22.4534 -9.990e-29
 147.808177      0.983  36.567228    13.8846     6.2700      0.975    30.1335    22.4528 -9.990e-29
 147.808183      0.990  36.567499    13.8865     6.2733      0.982    30.1322    22.4515 -9.990e-29
 147.808189      0.998  36.567158    13.8879     6.2667      0.990    30.1308    22.4501 -9.990e-29
 147.808194      0.998  36.565777    13.8881     6.2708      0.990    30.1294    22.4490 -9.990e-29
 147.808200      0.991  36.563225    13.8868     6.2817      0.983    30.1281    22.4482 -9.990e-29
 147.808206      0.983  36.560049    13.8853     6.2660      0.975    30.1263    22.4472 -9.990e-29
 147.808212      0.980  36.557642    13.8847     6.2680      0.972    30.1246    22.4460 -9.990e-29
 147.808218      0.980  36.557862    13.8849     6.2639      0.972    30.1247    22.4460 -9.990e-29
 147.808223      0.985  36.559352    13.8860     6.2740      0.977    30.1252    22.4461 -9.990e-29
 147.808229      0.994  36.560771    13.8883     6.2800      0.986    30.1247    22.4453 -9.990e-29
 147.808235      1.003  36.562358    13.8903     6.2776      0.995    30.1245    22.4448 -9.990e-29
 147.808241      1.004  36.563462    13.8908     6.2753      0.996    30.1252    22.4452 -9.990e-29
 147.808247      0.999  36.563903    13.8911     6.2640      0.991    30.1253    22.4452 -9.990e-29
 147.808252      0.994  36.564298    13.8932     6.2632      0.986    30.1240    22.4438 -9.990e-29
 147.808258      0.993  36.564645    13.8969     6.2632      0.985    30.1215    22.4411 -9.990e-29
 147.808264      0.998  36.565439    13.9006     6.2710      0.990    30.1193    22.4387 -9.990e-29
 147.808270      1.003  36.566648    13.9031     6.2697      0.995    30.1184    22.4375 -9.990e-29
 147.808275      1.005  36.567114    13.9046     6.2684      0.997    30.1177    22.4366 -9.990e-29
 147.808281      1.005  36.566927    13.9057     6.2608      0.997    30.1167    22.4356 -9.990e-29
 147.808287      1.001  36.566429    13.9062     6.2647      0.993    30.1158    22.4349 -9.990e-29
 147.808293      0.998  36.564984    13.9058     6.2616      0.990    30.1148    22.4342 -9.990e-29
 147.808299      0.995  36.562378    13.9046     6.2732      0.987    30.1134    22.4333 -9.990e-29
 147.808304      0.989  36.559643    13.9033     6.2711      0.981    30.1119    22.4324 -9.990e-29
 147.808310      0.983  36.556521    13.9012     6.2810      0.975    30.1107    22.4319 -9.990e-29
 147.808316      0.981  36.552795    13.8972     6.2712      0.973    30.1104    22.4325 -9.990e-29
 147.808322      0.983  36.550805    13.8924     6.2711      0.975    30.1123    22.4349 -9.990e-29
 147.808328      0.990  36.550728    13.8893     6.2726      0.982    30.1147    22.4374 -9.990e-29
 147.808333      1.001  36.551367    13.8882     6.2762      0.993    30.1161    22.4387 -9.990e-29
 147.808339      1.016  36.553600    13.8894     6.2810      1.008    30.1172    22.4393 -9.990e-29
 147.808345      1.034  36.557038    13.8929     6.2784      1.025    30.1176    22.4389 -9.990e-29
 147.808351      1.047  36.559469    13.8965     6.2716      1.038    30.1170    22.4378 -9.990e-29
 147.808356      1.054  36.560083    13.8984     6.2675      1.045    30.1161    22.4367 -9.990e-29
 147.808362      1.062  36.559563    13.8988     6.2678      1.053    30.1153    22.4360 -9.990e-29
 147.808368      1.070  36.558204    13.8988     6.2625      1.061    30.1140    22.4350 -9.990e-29
 147.808374      1.079  36.556865    13.8985     6.2704      1.070    30.1131    22.4343 -9.990e-29
 147.808380      1.085  36.556433    13.8981     6.2658      1.076    30.1130    22.4343 -9.990e-29
 147.808385      1.085  36.556200    13.8980     6.2780      1.076    30.1128    22.4342 -9.990e-29
 147.808391      1.079  36.555727    13.8980     6.2757      1.070    30.1124    22.4339 -9.990e-29
 147.808397      1.070  36.555372    13.8977     6.2727      1.061    30.1123    22.4339 -9.990e-29
 147.808403      1.066  36.555094    13.8970     6.2787      1.057    30.1126    22.4343 -9.990e-29
 147.808409      1.067  36.553834    13.8961     6.2697      1.058    30.1122    22.4341 -9.990e-29
 147.808414      1.069  36.552021    13.8957     6.2832      1.060    30.1108    22.4331 -9.990e-29
 147.808420      1.072  36.551588    13.8954     6.2783      1.063    30.1107    22.4331 -9.990e-29
 147.808426      1.076  36.551827    13.8943     6.2755      1.067    30.1117    22.4341 -9.990e-29
 147.808432      1.081  36.551807    13.8924     6.2706      1.072    30.1132    22.4356 -9.990e-29
 147.808438      1.084  36.551932    13.8908     6.2592      1.075    30.1146    22.4370 -9.990e-29
 147.808443      1.085  36.553359    13.8909     6.2671      1.076    30.1158    22.4379 -9.990e-29
 147.808449      1.088  36.556741    13.8929     6.2626      1.079    30.1173    22.4387 -9.990e-29
 147.808455      1.088  36.559740    13.8953     6.2679      1.079    30.1182    22.4389 -9.990e-29
 147.808461      1.083  36.560629    13.8970     6.2737      1.074    30.1177    22.4382 -9.990e-29
 147.808466      1.075  36.559902    13.8982     6.2646      1.066    30.1161    22.4367 -9.990e-29
 147.808472      1.072  36.559260    13.8988     6.2769      1.063    30.1150    22.4357 -9.990e-29
 147.808478      1.075  36.559398    13.8981     6.2596      1.066    30.1157    22.4364 -9.990e-29
 147.808484      1.080  36.558691    13.8959     6.2565      1.071    30.1168    22.4377 -9.990e-29
 147.808490      1.086  36.554948    13.8934     6.2516      1.077    30.1153    22.4370 -9.990e-29
 147.808495      1.094  36.549769    13.8909     6.2423      1.085    30.1125    22.4354 -9.990e-29
 147.808501      1.105  36.546195    13.8849     6.2542      1.096    30.1139    22.4377 -9.990e-29
 147.808507      1.114  36.543250    13.8673     6.2673      1.105    30.1250    22.4498 -9.990e-29
 147.808513      1.119  36.535196    13.8368     6.2665      1.110    30.1416    22.4686 -9.990e-29
 147.808519      1.120  36.523481    13.8097     6.2721      1.111    30.1521    22.4822 -9.990e-29
 147.808524      1.121  36.518668    13.8000     6.2687      1.112    30.1553    22.4866 -9.990e-29
 147.808530      1.126  36.518683    13.8035     6.2647      1.117    30.1526    22.4838 -9.990e-29
 147.808536      1.131  36.518931    13.8116     6.2785      1.122    30.1464    22.4774 -9.990e-29
