data/oxygen options/OCNMS/OCNMS1/raw_data/2019/CAST_CA042_190527faedb.cnv
* Sea-Bird SBE19 Data File:
* FileName = C:\2019 Mooring Data\Casts\CAST_CA042_190527.hex
* Software Version 1.59
* Temperature SN = 2997
* Conductivity SN = 2997
* System UpLoad Time = May 27 2019 22:53:15
** CAST_CA042_190527
* ds
# nquan = 9
# nvalues = 41                          
# units = specified
# name 0 = timeJ: Julian Days
# name 1 = prSM: Pressure, Strain Gauge [db]
# name 2 = c0mS/cm: Conductivity [mS/cm]
# name 3 = t090C: Temperature [ITS-90, deg C]
# name 4 = sbeox0ML/L: Oxygen, SBE 43 [ml/l]
# name 5 = depSM: Depth [salt water, m], lat = 47.5
# name 6 = sal00: Salinity, Practical [PSU]
# name 7 = sigma-é00: Density [sigma-theta, kg/m^3]
# name 8 = flag: flag
# span 0 = 147.926622, 147.927419       
# span 1 =      2.000,     42.000       
# span 2 =  34.986021,  36.638206       
# span 3 =     8.1406,    13.6259       
# span 4 =     2.7780,     7.4280       
# span 5 =      1.983,     41.645       
# span 6 =    30.3840,    33.5348       
# span 7 =    22.6977,    26.1030       
# span 8 = 0.0000e+00, 0.0000e+00       
# interval = decibars: 1                
# start_time = May 27 2019 22:08:49 [Instrument's time stamp, header]
# bad_flag = -9.990e-29
*END*
 147.926622      2.000  36.618137    13.6259     6.9136      1.983    30.3840    22.6977 0.0000e+00
 147.926644      3.000  36.626973    13.4781     7.0230      2.975    30.5094    22.8237 0.0000e+00
 147.926663      4.000  36.633828    13.3345     7.1072      3.967    30.6305    22.9455 0.0000e+00
 147.926680      5.000  36.638206    13.2160     7.2710      4.958    30.7296    23.0453 0.0000e+00
 147.926698      6.000  36.633965    13.0383     7.3663      5.950    30.8693    23.1879 0.0000e+00
 147.926717      7.000  36.616502    12.8792     7.4280      6.941    30.9825    23.3061 0.0000e+00
 147.926735      8.000  36.589376    12.7094     7.3670      7.933    31.0960    23.4264 0.0000e+00
 147.926753      9.000  36.544814    12.5080     7.1981      8.925    31.2200    23.5606 0.0000e+00
 147.926770     10.000  36.479460    12.3315     6.8627      9.916    31.3044    23.6591 0.0000e+00
 147.926787     11.000  36.374453    12.0467     6.5000     10.908    31.4423    23.8190 0.0000e+00
 147.926804     12.000  36.216245    11.7036     6.0021     11.899    31.5795    23.9883 0.0000e+00
 147.926819     13.000  36.089300    11.3949     5.5391     12.891    31.7193    24.1525 0.0000e+00
 147.926834     14.000  35.984820    11.0608     5.3525     13.883    31.9050    24.3559 0.0000e+00
 147.926850     15.000  35.880939    10.7578     5.2159     14.874    32.0662    24.5341 0.0000e+00
 147.926867     16.000  35.766494    10.4432     5.1621     15.866    32.2288    24.7147 0.0000e+00
 147.926884     17.000  35.640931    10.2184     5.1540     16.858    32.3018    24.8096 0.0000e+00
 147.926899     18.000  35.584107    10.1524     5.1544     17.849    32.3029    24.8216 0.0000e+00
 147.926917     19.000  35.567683    10.1319     5.1374     18.840    32.3042    24.8260 0.0000e+00
 147.926934     20.000  35.544272    10.0890     5.0626     19.832    32.3184    24.8443 0.0000e+00
 147.926952     21.000  35.531678    10.0515     4.7359     20.824    32.3388    24.8664 0.0000e+00
 147.926968     22.000  35.460716     9.8937     4.4272     21.815    32.4079    24.9464 0.0000e+00
 147.926983     23.000  35.354656     9.6546     4.2529     22.807    32.5150    25.0691 0.0000e+00
 147.927000     24.000  35.258225     9.4636     4.0866     23.798    32.5891    25.1579 0.0000e+00
 147.927017     25.000  35.204743     9.2575     3.8482     24.790    32.7218    25.2945 0.0000e+00
 147.927034     26.000  35.175288     9.1221     3.6233     25.781    32.8152    25.3890 0.0000e+00
 147.927051     27.000  35.202211     9.0679     3.3933     26.773    32.8928    25.4582 0.0000e+00
 147.927068     28.000  35.202140     8.9464     3.2761     27.765    33.0048    25.5649 0.0000e+00
 147.927085     29.000  35.112446     8.7194     3.1356     28.756    33.1222    25.6919 0.0000e+00
 147.927102     30.000  35.077598     8.6010     3.0000     29.748    33.1963    25.7681 0.0000e+00
 147.927118     31.000  35.059854     8.4678     2.9715     30.739    33.3027    25.8718 0.0000e+00
 147.927136     32.000  35.039732     8.3829     2.9315     31.730    33.3613    25.9306 0.0000e+00
 147.927156     33.000  35.038479     8.3421     2.8276     32.722    33.3982    25.9657 0.0000e+00
 147.927173     34.000  35.013036     8.2491     2.7963     33.713    33.4592    26.0275 0.0000e+00
 147.927191     35.000  35.002706     8.1962     2.7893     34.705    33.4982    26.0660 0.0000e+00
 147.927207     36.000  34.990477     8.1671     2.7936     35.697    33.5125    26.0815 0.0000e+00
 147.927224     37.000  34.989485     8.1578     2.7918     36.688    33.5199    26.0887 0.0000e+00
 147.927241     38.000  34.986235     8.1496     2.7940     37.679    33.5238    26.0930 0.0000e+00
 147.927259     39.000  34.990370     8.1487     2.8059     38.671    33.5285    26.0969 0.0000e+00
 147.927280     40.000  34.988799     8.1435     2.7997     39.662    33.5314    26.0999 0.0000e+00
 147.927312     41.000  34.986021     8.1406     2.7901     40.654    33.5308    26.0999 0.0000e+00
 147.927419     42.000  34.990700     8.1410     2.7780     41.645    33.5348    26.1030 0.0000e+00
