data/oxygen options/ONMS/Olympic_Coast_National_Marine_Sanctuary_Hypoxia_Survey_CTD_Data_2004_2015/raw_data/2014/CAST_HH025_140906faedb.cnv
* Sea-Bird SBE19 Data File:
* FileName = C:\2014 Mooring Data\Casts\CAST_HH025_140906.hex
* Software Version 1.59
* Temperature SN = 2997
* Conductivity SN = 2997
* System UpLoad Time = Sep 06 2014 16:51:05
** CAST_HH025_140906
* ds
# nquan = 9
# nvalues = 25                          
# units = specified
# name 0 = timeJ: Julian Days
# name 1 = prSM: Pressure, Strain Gauge [db]
# name 2 = c0mS/cm: Conductivity [mS/cm]
# name 3 = t090C: Temperature [ITS-90, deg C]
# name 4 = sbeox0ML/L: Oxygen, SBE 43 [ml/l]
# name 5 = depSM: Depth [salt water, m], lat = 47.5
# name 6 = sal00: Salinity, Practical [PSU]
# name 7 = sigma-é00: Density [sigma-theta, kg/m^3]
# name 8 = flag: flag
# span 0 = 249.698653, 249.699229       
# span 1 =      3.000,     27.000       
# span 2 =  34.520682,  39.804506       
# span 3 =     7.7320,    14.3622       
# span 4 =     1.4025,     6.7290       
# span 5 =      2.975,     26.773       
# span 6 =    32.7085,    33.4530       
# span 7 =    24.3416,    26.0872       
# span 8 = 0.0000e+00, 0.0000e+00       
# interval = decibars: 1                
# start_time = Sep 06 2014 16:39:52 [Instrument's time stamp, header]
# bad_flag = -9.990e-29
*END*
 249.698653      3.000  39.804506    14.3622     6.7290      2.975    32.7085    24.3416 0.0000e+00
 249.698693      4.000  39.566817    14.0789     6.5318      3.967    32.7297    24.4169 0.0000e+00
 249.698725      5.000  39.427823    13.9260     6.2728      4.958    32.7310    24.4495 0.0000e+00
 249.698753      6.000  39.325055    13.8037     6.0089      5.950    32.7397    24.4813 0.0000e+00
 249.698779      7.000  39.207735    13.6477     5.8377      6.941    32.7637    24.5317 0.0000e+00
 249.698802      8.000  39.070135    13.4070     6.1661      7.933    32.8416    24.6405 0.0000e+00
 249.698823      9.000  38.715659    13.0005     6.1063      8.925    32.8590    24.7348 0.0000e+00
 249.698844     10.000  38.328528    12.4653     4.9635      9.916    32.9572    24.9148 0.0000e+00
 249.698864     11.000  37.677114    11.7040     4.4697     10.908    32.9996    25.0910 0.0000e+00
 249.698886     12.000  37.446907    11.4235     3.2898     11.900    33.0242    25.1614 0.0000e+00
 249.698909     13.000  37.082333    10.8480     3.0354     12.891    33.1813    25.3863 0.0000e+00
 249.698930     14.000  36.249877     9.9250     3.7291     13.883    33.1848    25.5469 0.0000e+00
 249.698954     15.000  35.639407     9.2406     3.6389     14.875    33.1911    25.6638 0.0000e+00
 249.698977     16.000  35.221609     8.7859     2.4704     15.866    33.1801    25.7267 0.0000e+00
 249.698999     17.000  35.040741     8.5529     1.8925     16.857    33.2087    25.7850 0.0000e+00
 249.699022     18.000  35.034634     8.4714     1.5957     17.849    33.2787    25.8522 0.0000e+00
 249.699044     19.000  34.968523     8.3507     1.4233     18.840    33.3225    25.9047 0.0000e+00
 249.699067     20.000  34.845231     8.1421     1.4321     19.833    33.3893    25.9883 0.0000e+00
 249.699090     21.000  34.809129     8.0653     1.4025     20.824    33.4235    26.0266 0.0000e+00
 249.699110     22.000  34.749880     8.0073     1.4796     21.815    33.4152    26.0286 0.0000e+00
 249.699133     23.000  34.710572     7.9526     1.6177     22.807    33.4250    26.0443 0.0000e+00
 249.699154     24.000  34.611599     7.8122     1.6756     23.798    33.4530    26.0866 0.0000e+00
 249.699176     25.000  34.553073     7.7652     1.6274     24.790    33.4347    26.0791 0.0000e+00
 249.699201     26.000  34.532464     7.7364     1.5423     25.781    33.4397    26.0872 0.0000e+00
 249.699229     27.000  34.520682     7.7320     1.5551     26.773    33.4309    26.0809 0.0000e+00
