data/oxygen options/ONMS/Olympic_Coast_National_Marine_Sanctuary_Hypoxia_Survey_CTD_Data_2004_2015/raw_data/2014/CAST_MC020_140905faed.cnv
* Sea-Bird SBE19 Data File:
* FileName = C:\2014 Mooring Data\Casts\CAST_MC020_140905.hex
* Software Version 1.59
* Temperature SN = 2997
* Conductivity SN = 2997
* System UpLoad Time = Sep 05 2014 20:33:13
** CAST_MC020_140905
* ds
# nquan = 9                                 
# nvalues = 1080                        
# units = specified
# name 0 = timeJ: Julian Days
# name 1 = prSM: Pressure, Strain Gauge [db]
# name 2 = c0mS/cm: Conductivity [mS/cm]
# name 3 = t090C: Temperature [ITS-90, deg C]
# name 4 = sbeox0ML/L: Oxygen, SBE 43 [ml/l]
# name 5 = depSM: Depth [salt water, m], lat = 47.5
# name 6 = sal00: Salinity, Practical [PSU]
# name 7 = sigma-é00: Density [sigma-theta, kg/m^3]
# name 8 = flag: flag
# span 0 = 248.848669, 248.854913       
# span 1 =     -5.819,     20.647       
# span 2 =   0.386707,  40.323838       
# span 3 =     7.9953,    18.4304       
# span 4 =    -1.7208,    18.6802       
# span 5 =     -5.771,     20.474       
# span 6 =     0.2208,    33.7330       
# span 7 =    -1.2239,    26.1641       
# span 8 = 0.0000e+00, 0.0000e+00       
# interval = seconds: 0.5
# start_time = Sep 05 2014 20:22:05 [Instrument's time stamp, header]
# bad_flag = -9.990e-29
*END*
[from data line 801]
 248.853304      0.799  39.991267    15.3959     7.5262      0.792    32.0201    23.5901 -9.990e-29
 248.853310      0.857  39.992306    15.3957     7.5798      0.850    32.0212    23.5910 -9.990e-29
 248.853316      0.922  39.991823    15.3942     7.5969      0.914    32.0220    23.5919 -9.990e-29
 248.853322      0.994  39.989650    15.3924     7.5838      0.986    32.0215    23.5919 -9.990e-29
 248.853328      1.077  39.988984    15.3915     7.5700      1.068    32.0216    23.5922 -9.990e-29
 248.853333      1.177  39.989412    15.3897     7.5738      1.167    32.0234    23.5940 -9.990e-29
 248.853339      1.296  39.987489    15.3824     7.5898      1.285    32.0276    23.5988 -9.990e-29
 248.853345      1.433  39.978883    15.3626     7.6035      1.421    32.0360    23.6096 0.0000e+00
 248.853351      1.592  39.956527    15.3317     7.5905      1.579    32.0411    23.6203 0.0000e+00
 248.853356      1.779  39.924225    15.3048     7.6000      1.764    32.0341    23.6208 0.0000e+00
 248.853362      1.989  39.900036    15.2920     7.6241      1.972    32.0229    23.6149 0.0000e+00
 248.853368      2.210  39.891491    15.2877     7.6000      2.192    32.0186    23.6126 0.0000e+00
 248.853374      2.437  39.889350    15.2794     7.5706      2.417    32.0234    23.6181 0.0000e+00
 248.853380      2.679  39.880000    15.2580     7.5681      2.657    32.0324    23.6296 0.0000e+00
 248.853385      2.936  39.857067    15.2255     7.6246      2.911    32.0383    23.6412 0.0000e+00
 248.853391      3.208  39.826958    15.1874     7.6795      3.181    32.0424    23.6526 0.0000e+00
 248.853397      3.495  39.796611    15.1398     7.7235      3.466    32.0540    23.6718 0.0000e+00
 248.853403      3.798  39.762540    15.0642     7.7528      3.766    32.0852    23.7122 0.0000e+00
 248.853409      4.120  39.711239    14.9506     7.7403      4.086    32.1323    23.7728 0.0000e+00
 248.853414      4.455  39.648345    14.8333     7.7178      4.418    32.1720    23.8285 0.0000e+00
 248.853420      4.791  39.603908    14.7553     7.6804      4.751    32.1961    23.8636 0.0000e+00
 248.853426      5.118  39.587084    14.7128     7.6130      5.075    32.2159    23.8879 0.0000e+00
 248.853432      5.437  39.580944    14.6764     7.5279      5.392    32.2404    23.9145 0.0000e+00
 248.853438      5.754  39.570465    14.6318     7.4427      5.706    32.2678    23.9451 0.0000e+00
 248.853443      6.076  39.553942    14.5787     7.3522      6.025    32.2968    23.9786 0.0000e+00
 248.853449      6.408  39.532843    14.5145     7.2717      6.354    32.3309    24.0185 0.0000e+00
 248.853455      6.749  39.501969    14.4351     7.1570      6.693    32.3689    24.0645 0.0000e+00
 248.853461      7.095  39.457126    14.3414     6.9641      7.036    32.4062    24.1128 0.0000e+00
 248.853466      7.446  39.397954    14.2375     6.7205      7.384    32.4390    24.1598 0.0000e+00
 248.853472      7.799  39.321273    14.1253     6.3888      7.734    32.4628    24.2014 0.0000e+00
 248.853478      8.142  39.229194    13.9949     6.0167      8.074    32.4878    24.2477 0.0000e+00
 248.853484      8.472  39.113964    13.8230     5.5609      8.401    32.5266    24.3128 0.0000e+00
 248.853490      8.791  38.957175    13.6020     5.1125      8.717    32.5686    24.3902 0.0000e+00
 248.853495      9.105  38.777659    13.3362     4.7798      9.029    32.6278    24.4894 0.0000e+00
 248.853501      9.419  38.588077    13.0153     4.5736      9.340    32.7254    24.6285 0.0000e+00
 248.853507      9.745  38.367997    12.6644     4.4673      9.663    32.8209    24.7709 0.0000e+00
 248.853513     10.086  38.145582    12.3652     4.4097     10.002    32.8695    24.8661 0.0000e+00
 248.853519     10.430  37.986845    12.1779     4.4288     10.343    32.8812    24.9106 0.0000e+00
 248.853524     10.761  37.909054    12.0847     4.5288     10.671    32.8880    24.9335 0.0000e+00
 248.853530     11.077  37.871229    12.0191     4.6030     10.984    32.9092    24.9622 0.0000e+00
 248.853536     11.387  37.826195    11.9413     4.3607     11.292    32.9341    24.9962 0.0000e+00
 248.853542     11.688  37.761539    11.8693     3.6164     11.590    32.9350    25.0102 0.0000e+00
 248.853547     11.978  37.699880    11.8270     2.3263     11.878    32.9124    25.0005 0.0000e+00
 248.853553     12.259  37.662773    11.7983     0.8533     12.156    32.9016    24.9975 0.0000e+00
 248.853559     12.535  37.641828    11.7436    -0.3833     12.430    32.9296    25.0293 0.0000e+00
 248.853565     12.820  37.606252    11.6000    -1.0798     12.713    33.0224    25.1279 0.0000e+00
 248.853571     13.124  37.498052    11.2235    -1.2430     13.014    33.2537    25.3761 0.0000e+00
 248.853576     13.448  37.175094    10.5144    -1.1482     13.335    33.5789    25.7547 0.0000e+00
 248.853582     13.791  36.575096     9.6936    -0.9036     13.675    33.7330    26.0141 0.0000e+00
 248.853588     14.142  35.952632     9.0930    -0.6228     14.023    33.6553    26.0507 0.0000e+00
 248.853594     14.484  35.565262     8.7643    -0.3949     14.363    33.5615    26.0289 0.0000e+00
 248.853600     14.809  35.369350     8.5885    -0.2111     14.685    33.5222    26.0252 0.0000e+00
 248.853605     15.116  35.249965     8.4915    -0.0576     14.989    33.4883    26.0134 0.0000e+00
 248.853611     15.407  35.191463     8.4524     0.0480     15.278    33.4635    25.9999 0.0000e+00
 248.853617     15.685  35.191501     8.4489     0.1360     15.554    33.4667    26.0030 0.0000e+00
 248.853623     15.953  35.197291     8.4241     0.2103     15.819    33.4963    26.0300 0.0000e+00
 248.853628     16.224  35.164847     8.3437     0.2685     16.088    33.5384    26.0751 0.0000e+00
 248.853634     16.512  35.103027     8.2471     0.3038     16.374    33.5649    26.1104 0.0000e+00
 248.853640     16.818  35.043236     8.1761     0.3330     16.677    33.5691    26.1243 0.0000e+00
 248.853646     17.130  35.001615     8.1313     0.3365     16.986    33.5675    26.1297 0.0000e+00
 248.853652     17.440  34.973072     8.1028     0.3246     17.294    33.5643    26.1314 0.0000e+00
 248.853657     17.740  34.952005     8.0826     0.3321     17.591    33.5610    26.1318 0.0000e+00
 248.853663     18.029  34.936614     8.0650     0.3409     17.878    33.5613    26.1347 0.0000e+00
 248.853669     18.312  34.923130     8.0464     0.3432     18.158    33.5646    26.1400 0.0000e+00
 248.853675     18.595  34.909767     8.0268     0.3533     18.439    33.5690    26.1464 0.0000e+00
 248.853681     18.877  34.899389     8.0101     0.3595     18.719    33.5738    26.1526 0.0000e+00
 248.853686     19.161  34.893229     7.9993     0.3568     19.000    33.5775    26.1571 0.0000e+00
 248.853692     19.442  34.890288     7.9953     0.3605     19.279    33.5780    26.1581 0.0000e+00
 248.853698     19.708  34.891054     7.9992     0.3720     19.543    33.5750    26.1551 0.0000e+00
 248.853704     19.943  34.897592     8.0104     0.3680     19.776    33.5711    26.1504 0.0000e+00
 248.853709     20.136  34.910122     8.0237     0.3705     19.967    33.5716    26.1489 0.0000e+00
 248.853715     20.289  34.923391     8.0343     0.3834     20.119    33.5756    26.1504 -9.990e-29
 248.853721     20.410  34.932009     8.0399     0.3692     20.239    33.5793    26.1526 -9.990e-29
 248.853727     20.496  34.936733     8.0414     0.3730     20.324    33.5829    26.1552 -9.990e-29
 248.853733     20.553  34.938735     8.0428     0.3717     20.380    33.5837    26.1556 -9.990e-29
 248.853738     20.594  34.938925     8.0442     0.3588     20.421    33.5825    26.1544 -9.990e-29
 248.853744     20.624  34.938605     8.0443     0.3625     20.451    33.5821    26.1541 -9.990e-29
 248.853750     20.643  34.935589     8.0448     0.3584     20.470    33.5783    26.1511 -9.990e-29
 248.853756     20.647  34.931952     8.0447     0.3571     20.474    33.5746    26.1481 -9.990e-29
 248.853762     20.640  34.928940     8.0412     0.3494     20.467    33.5747    26.1487 -9.990e-29
 248.853767     20.626  34.923023     8.0345     0.3520     20.453    33.5748    26.1498 -9.990e-29
 248.853773     20.604  34.915214     8.0279     0.3598     20.431    33.5728    26.1492 -9.990e-29
 248.853779     20.574  34.908492     8.0234     0.3520     20.401    33.5700    26.1477 -9.990e-29
 248.853785     20.532  34.903917     8.0191     0.3571     20.360    33.5692    26.1477 -9.990e-29
 248.853791     20.477  34.902046     8.0158     0.3481     20.305    33.5704    26.1491 -9.990e-29
 248.853796     20.405  34.903674     8.0187     0.3325     20.234    33.5694    26.1479 -9.990e-29
 248.853802     20.315  34.911456     8.0266     0.3376     20.144    33.5702    26.1474 -9.990e-29
 248.853808     20.210  34.924468     8.0307     0.3402     20.040    33.5802    26.1546 -9.990e-29
 248.853814     20.093  34.930806     8.0271     0.3414     19.924    33.5905    26.1632 -9.990e-29
 248.853819     19.969  34.923136     8.0190     0.3492     19.801    33.5901    26.1641 -9.990e-29
 248.853825     19.846  34.909676     8.0115     0.3491     19.679    33.5830    26.1596 -9.990e-29
 248.853831     19.730  34.901021     8.0090     0.3426     19.564    33.5762    26.1547 -9.990e-29
 248.853837     19.623  34.899020     8.0114     0.3361     19.458    33.5718    26.1509 -9.990e-29
 248.853843     19.525  34.898684     8.0136     0.3426     19.361    33.5694    26.1486 -9.990e-29
 248.853848     19.434  34.896685     8.0149     0.3478     19.271    33.5660    26.1458 -9.990e-29
 248.853854     19.346  34.896454     8.0176     0.3465     19.184    33.5633    26.1432 -9.990e-29
 248.853860     19.259  34.899853     8.0190     0.3555     19.097    33.5656    26.1448 -9.990e-29
 248.853866     19.176  34.901800     8.0176     0.3619     19.015    33.5690    26.1478 -9.990e-29
 248.853872     19.096  34.900887     8.0164     0.3579     18.936    33.5693    26.1481 -9.990e-29
 248.853877     19.013  34.900311     8.0184     0.3668     18.853    33.5668    26.1459 -9.990e-29
 248.853883     18.923  34.902033     8.0225     0.3616     18.764    33.5647    26.1436 -9.990e-29
 248.853889     18.819  34.905467     8.0250     0.3500     18.661    33.5660    26.1443 -9.990e-29
 248.853895     18.700  34.906697     8.0244     0.3590     18.543    33.5680    26.1459 -9.990e-29
 248.853900     18.571  34.903922     8.0218     0.3655     18.415    33.5676    26.1460 0.0000e+00
 248.853906     18.436  34.900102     8.0199     0.3706     18.281    33.5654    26.1445 0.0000e+00
 248.853912     18.296  34.899047     8.0213     0.3732     18.142    33.5630    26.1424 0.0000e+00
 248.853918     18.150  34.902641     8.0265     0.3835     17.998    33.5619    26.1408 0.0000e+00
 248.853924     17.996  34.908867     8.0344     0.3744     17.845    33.5610    26.1390 0.0000e+00
 248.853929     17.840  34.914166     8.0428     0.3808     17.690    33.5587    26.1359 0.0000e+00
 248.853935     17.686  34.917673     8.0501     0.3781     17.538    33.5555    26.1323 0.0000e+00
 248.853941     17.548  34.920061     8.0558     0.3703     17.401    33.5527    26.1293 -9.990e-29
 248.853947     17.438  34.920515     8.0586     0.3728     17.292    33.5505    26.1272 -9.990e-29
 248.853953     17.353  34.919003     8.0592     0.3765     17.207    33.5484    26.1254 -9.990e-29
 248.853958     17.274  34.917927     8.0604     0.3789     17.129    33.5461    26.1234 -9.990e-29
 248.853964     17.185  34.919141     8.0630     0.3789     17.041    33.5450    26.1221 -9.990e-29
 248.853970     17.079  34.921942     8.0663     0.3853     16.936    33.5448    26.1216 -9.990e-29
 248.853976     16.958  34.924379     8.0708     0.3827     16.816    33.5432    26.1196 -9.990e-29
 248.853981     16.823  34.927941     8.0779     0.3736     16.682    33.5403    26.1162 0.0000e+00
 248.853987     16.674  34.934499     8.0882     0.3774     16.534    33.5375    26.1125 0.0000e+00
 248.853993     16.510  34.942059     8.1001     0.3837     16.372    33.5342    26.1082 0.0000e+00
 248.853999     16.337  34.949962     8.1125     0.3703     16.200    33.5308    26.1037 0.0000e+00
 248.854005     16.172  34.959695     8.1265     0.3668     16.036    33.5279    26.0993 0.0000e+00
 248.854010     16.023  34.970696     8.1414     0.3763     15.889    33.5254    26.0952 0.0000e+00
 248.854016     15.896  34.980163     8.1534     0.3810     15.763    33.5241    26.0924 -9.990e-29
 248.854022     15.781  34.986053     8.1608     0.4085     15.649    33.5233    26.0907 -9.990e-29
 248.854028     15.662  34.988852     8.1666     0.4526     15.531    33.5208    26.0878 -9.990e-29
 248.854034     15.529  34.991097     8.1749     0.4989     15.399    33.5154    26.0823 0.0000e+00
 248.854039     15.377  34.996826     8.1882     0.5414     15.248    33.5088    26.0752 0.0000e+00
 248.854045     15.208  35.010236     8.2134     0.5818     15.081    33.4991    26.0638 0.0000e+00
 248.854051     15.035  35.036784     8.2649     0.5940     14.909    33.4783    26.0397 0.0000e+00
 248.854057     14.870  35.086541     8.3461     0.5939     14.745    33.4538    26.0084 0.0000e+00
 248.854063     14.726  35.154508     8.4310     0.5977     14.603    33.4451    25.9887 0.0000e+00
 248.854068     14.601  35.209459     8.4873     0.5917     14.479    33.4497    25.9838 -9.990e-29
 248.854074     14.484  35.233688     8.5122     0.5977     14.363    33.4518    25.9816 -9.990e-29
 248.854080     14.362  35.240919     8.5242     0.6812     14.242    33.4481    25.9769 -9.990e-29
 248.854086     14.229  35.248020     8.5366     0.9400     14.110    33.4438    25.9717 0.0000e+00
 248.854091     14.079  35.261018     8.5520     1.5358     13.961    33.4430    25.9687 0.0000e+00
 248.854097     13.916  35.280893     8.5775     2.5691     13.799    33.4399    25.9624 0.0000e+00
 248.854103     13.743  35.310499     8.6327     3.7820     13.628    33.4189    25.9374 0.0000e+00
 248.854109     13.562  35.369031     8.7501     4.8398     13.448    33.3696    25.8807 0.0000e+00
 248.854115     13.381  35.505836     8.9933     5.4603     13.269    33.2841    25.7759 0.0000e+00
 248.854120     13.212  35.793807     9.4008     5.6612     13.101    33.2028    25.6475 0.0000e+00
 248.854126     13.060  36.270539     9.8428     5.5756     12.951    33.2827    25.6376 0.0000e+00
 248.854132     12.930  36.784090    10.1813     5.3722     12.822    33.4921    25.7442 -9.990e-29
 248.854138     12.815  37.123824    10.4790     5.1802     12.708    33.5603    25.7463 -9.990e-29
 248.854144     12.711  37.300906    10.7406     5.0213     12.605    33.4974    25.6517 -9.990e-29
 248.854149     12.609  37.390272    10.8827     4.9476     12.503    33.4566    25.5949 -9.990e-29
 248.854155     12.504  37.420088    10.9692     4.9401     12.399    33.4074    25.5412 -9.990e-29
 248.854161     12.388  37.432885    11.0896     5.0232     12.284    33.3108    25.4445 -9.990e-29
 248.854167     12.254  37.432749    11.2379     5.1460     12.151    33.1767    25.3136 0.0000e+00
 248.854172     12.099  37.415487    11.3806     5.2421     11.998    33.0316    25.1750 0.0000e+00
 248.854178     11.925  37.408556    11.4965     5.2998     11.825    32.9215    25.0683 0.0000e+00
 248.854184     11.742  37.436912    11.5827     5.3142     11.644    32.8727    25.0147 0.0000e+00
 248.854190     11.569  37.504622    11.6636     5.2968     11.472    32.8671    24.9956 0.0000e+00
 248.854196     11.421  37.599715    11.7527     5.2843     11.325    32.8809    24.9899 0.0000e+00
 248.854201     11.292  37.685522    11.8205     5.2949     11.197    32.9045    24.9956 0.0000e+00
 248.854207     11.165  37.727582    11.8477     5.3297     11.072    32.9213    25.0036 0.0000e+00
 248.854213     11.029  37.733061    11.8509     5.4380     10.937    32.9239    25.0050 0.0000e+00
 248.854219     10.882  37.729409    11.8526     5.5999     10.791    32.9189    25.0008 0.0000e+00
