data/oxygen options/ONMS/Olympic_Coast_National_Marine_Sanctuary_Hypoxia_Survey_CTD_Data_2004_2015/raw_data/2014/CAST_MC042_140905faed.cnv
* Sea-Bird SBE19 Data File:
* FileName = C:\2014 Mooring Data\Casts\CAST_MC042_140905.hex
* Software Version 1.59
* Temperature SN = 2997
* Conductivity SN = 2997
* System UpLoad Time = Sep 05 2014 21:07:46
** CAST_MC042_140905
* ds
# nquan = 9                                 
# nvalues = 1291                        
# units = specified
# name 0 = timeJ: Julian Days
# name 1 = prSM: Pressure, Strain Gauge [db]
# name 2 = c0mS/cm: Conductivity [mS/cm]
# name 3 = t090C: Temperature [ITS-90, deg C]
# name 4 = sbeox0ML/L: Oxygen, SBE 43 [ml/l]
# name 5 = depSM: Depth [salt water, m], lat = 47.5
# name 6 = sal00: Salinity, Practical [PSU]
# name 7 = sigma-é00: Density [sigma-theta, kg/m^3]
# name 8 = flag: flag
# span 0 = 248.871609, 248.879074       
# span 1 =     -6.053,     41.420       
# span 2 =   0.480455,  39.953149       
# span 3 =     7.4966,    15.4691       
# span 4 =    -1.7775,    18.5842       
# span 5 =     -6.003,     41.070       
# span 6 =     0.2885,    33.7311       
# span 7 =    -0.7117,    26.3505       
# span 8 = 0.0000e+00, 0.0000e+00       
# interval = seconds: 0.5
# start_time = Sep 05 2014 20:55:07 [Instrument's time stamp, header]
# bad_flag = -9.990e-29
*END*
[from data line 961]
 248.877170     40.137  34.593717     7.4992     0.3603     39.798    33.7283    26.3481 0.0000e+00
 248.877176     39.989  34.593187     7.4997     0.3669     39.651    33.7273    26.3472 0.0000e+00
 248.877182     39.861  34.592416     7.5008     0.3696     39.525    33.7255    26.3456 -9.990e-29
 248.877187     39.749  34.591994     7.5018     0.3629     39.413    33.7241    26.3444 -9.990e-29
 248.877193     39.650  34.591865     7.5014     0.3722     39.315    33.7244    26.3447 -9.990e-29
 248.877199     39.567  34.591829     7.4997     0.3789     39.233    33.7260    26.3462 -9.990e-29
 248.877205     39.490  34.591831     7.4986     0.3749     39.157    33.7272    26.3473 -9.990e-29
 248.877211     39.402  34.591880     7.4983     0.3656     39.069    33.7275    26.3476 -9.990e-29
 248.877216     39.297  34.592058     7.4981     0.3735     38.965    33.7280    26.3480 -9.990e-29
 248.877222     39.172  34.592621     7.4980     0.3761     38.841    33.7287    26.3486 0.0000e+00
 248.877228     39.024  34.593217     7.4980     0.3842     38.695    33.7295    26.3492 0.0000e+00
 248.877234     38.856  34.592981     7.4982     0.3935     38.528    33.7291    26.3488 0.0000e+00
 248.877240     38.675  34.592180     7.4983     0.4041     38.349    33.7282    26.3481 0.0000e+00
 248.877245     38.486  34.591453     7.4981     0.4095     38.161    33.7277    26.3478 0.0000e+00
 248.877251     38.295  34.590973     7.4984     0.4161     37.972    33.7270    26.3472 0.0000e+00
 248.877257     38.106  34.590684     7.4988     0.4267     37.784    33.7264    26.3466 0.0000e+00
 248.877263     37.925  34.590223     7.4988     0.4213     37.605    33.7260    26.3463 0.0000e+00
 248.877269     37.752  34.589560     7.4988     0.4186     37.433    33.7253    26.3458 0.0000e+00
 248.877274     37.590  34.588954     7.4988     0.4079     37.273    33.7248    26.3453 0.0000e+00
 248.877280     37.445  34.588744     7.4982     0.3971     37.129    33.7252    26.3457 -9.990e-29
 248.877286     37.322  34.588672     7.4975     0.4064     37.007    33.7258    26.3464 -9.990e-29
 248.877292     37.225  34.588100     7.4970     0.4184     36.911    33.7258    26.3464 -9.990e-29
 248.877297     37.152  34.587410     7.4966     0.4304     36.839    33.7254    26.3462 -9.990e-29
 248.877303     37.081  34.587388     7.4969     0.4397     36.768    33.7252    26.3459 -9.990e-29
 248.877309     36.987  34.588024     7.4977     0.4437     36.675    33.7251    26.3458 -9.990e-29
 248.877315     36.856  34.588503     7.4983     0.4756     36.545    33.7251    26.3457 0.0000e+00
 248.877321     36.686  34.588359     7.4989     0.4968     36.377    33.7245    26.3451 0.0000e+00
 248.877326     36.490  34.587984     7.4999     0.5314     36.182    33.7232    26.3439 0.0000e+00
 248.877332     36.279  34.587462     7.5004     0.5633     35.973    33.7222    26.3431 0.0000e+00
 248.877338     36.068  34.586680     7.5003     0.5751     35.764    33.7216    26.3426 0.0000e+00
 248.877344     35.871  34.585740     7.5005     0.5710     35.569    33.7205    26.3417 0.0000e+00
 248.877350     35.702  34.584535     7.5015     0.5694     35.401    33.7183    26.3398 0.0000e+00
 248.877355     35.558  34.583167     7.5022     0.5667     35.258    33.7162    26.3381 0.0000e+00
 248.877361     35.432  34.582076     7.5022     0.5626     35.133    33.7150    26.3372 -9.990e-29
 248.877367     35.314  34.581515     7.5024     0.5704     35.016    33.7143    26.3366 -9.990e-29
 248.877373     35.198  34.581315     7.5028     0.5916     34.901    33.7137    26.3361 -9.990e-29
 248.877378     35.076  34.581233     7.5030     0.6261     34.780    33.7135    26.3359 -9.990e-29
 248.877384     34.944  34.581178     7.5037     0.6633     34.649    33.7128    26.3352 0.0000e+00
 248.877390     34.803  34.581101     7.5048     0.6990     34.510    33.7118    26.3342 0.0000e+00
 248.877396     34.651  34.580919     7.5055     0.7453     34.359    33.7110    26.3335 0.0000e+00
 248.877402     34.494  34.580411     7.5059     0.7970     34.203    33.7101    26.3328 0.0000e+00
 248.877407     34.336  34.579484     7.5065     0.8740     34.047    33.7086    26.3315 0.0000e+00
 248.877413     34.182  34.578046     7.5075     0.9669     33.894    33.7061    26.3294 0.0000e+00
 248.877419     34.026  34.576447     7.5084     1.0637     33.739    33.7036    26.3273 0.0000e+00
 248.877425     33.862  34.575383     7.5095     1.1459     33.577    33.7015    26.3254 0.0000e+00
 248.877431     33.692  34.574579     7.5113     1.1946     33.408    33.6989    26.3232 0.0000e+00
 248.877436     33.519  34.572984     7.5135     1.2274     33.237    33.6951    26.3199 0.0000e+00
 248.877442     33.340  34.570177     7.5157     1.2389     33.059    33.6901    26.3156 0.0000e+00
 248.877448     33.161  34.567490     7.5174     1.2159     32.882    33.6856    26.3118 0.0000e+00
 248.877454     32.997  34.565852     7.5183     1.2061     32.719    33.6830    26.3097 0.0000e+00
 248.877459     32.853  34.564224     7.5186     1.1976     32.576    33.6810    26.3081 0.0000e+00
 248.877465     32.725  34.562142     7.5189     1.1895     32.449    33.6785    26.3061 -9.990e-29
 248.877471     32.606  34.560779     7.5193     1.1920     32.331    33.6767    26.3046 -9.990e-29
 248.877477     32.482  34.560584     7.5194     1.2050     32.208    33.6765    26.3044 -9.990e-29
 248.877483     32.343  34.560757     7.5194     1.2526     32.071    33.6767    26.3046 0.0000e+00
 248.877488     32.191  34.560425     7.5199     1.3163     31.920    33.6760    26.3039 0.0000e+00
 248.877494     32.039  34.559168     7.5211     1.3838     31.769    33.6735    26.3018 0.0000e+00
 248.877500     31.886  34.557018     7.5229     1.4381     31.617    33.6695    26.2984 0.0000e+00
 248.877506     31.726  34.553934     7.5249     1.5003     31.459    33.6643    26.2940 0.0000e+00
 248.877512     31.561  34.550318     7.5263     1.5372     31.295    33.6591    26.2897 0.0000e+00
 248.877517     31.399  34.546420     7.5268     1.5609     31.135    33.6545    26.2860 0.0000e+00
 248.877523     31.242  34.541555     7.5273     1.5884     30.979    33.6488    26.2815 0.0000e+00
 248.877529     31.088  34.535994     7.5279     1.6159     30.826    33.6423    26.2763 0.0000e+00
 248.877535     30.937  34.531325     7.5284     1.6410     30.677    33.6368    26.2719 0.0000e+00
 248.877541     30.787  34.528079     7.5293     1.6581     30.528    33.6325    26.2684 0.0000e+00
 248.877546     30.637  34.525879     7.5305     1.6977     30.379    33.6291    26.2655 0.0000e+00
 248.877552     30.487  34.523496     7.5308     1.7598     30.230    33.6263    26.2632 0.0000e+00
 248.877558     30.335  34.520021     7.5308     1.8260     30.080    33.6226    26.2603 0.0000e+00
 248.877564     30.176  34.516452     7.5309     1.8816     29.922    33.6187    26.2573 0.0000e+00
 248.877569     30.004  34.512543     7.5307     1.9183     29.751    33.6147    26.2542 0.0000e+00
 248.877575     29.821  34.507033     7.5302     1.9341     29.570    33.6093    26.2500 0.0000e+00
 248.877581     29.638  34.501015     7.5297     1.9403     29.389    33.6034    26.2454 0.0000e+00
 248.877587     29.467  34.496591     7.5291     1.9159     29.219    33.5993    26.2423 0.0000e+00
 248.877593     29.319  34.492934     7.5285     1.8890     29.072    33.5960    26.2397 0.0000e+00
 248.877598     29.194  34.488561     7.5282     1.8755     28.948    33.5916    26.2363 -9.990e-29
 248.877604     29.079  34.484956     7.5286     1.8567     28.834    33.5874    26.2330 -9.990e-29
 248.877610     28.964  34.482946     7.5289     1.8393     28.720    33.5850    26.2310 -9.990e-29
 248.877616     28.844  34.481554     7.5289     1.8286     28.601    33.5835    26.2299 -9.990e-29
 248.877622     28.720  34.480630     7.5290     1.8258     28.478    33.5825    26.2291 -9.990e-29
 248.877627     28.590  34.480087     7.5291     1.8365     28.349    33.5819    26.2285 0.0000e+00
 248.877633     28.445  34.479221     7.5295     1.8497     28.206    33.5806    26.2275 0.0000e+00
 248.877639     28.275  34.478021     7.5301     1.8669     28.037    33.5788    26.2260 0.0000e+00
 248.877645     28.079  34.476593     7.5306     1.8961     27.843    33.5769    26.2244 0.0000e+00
 248.877650     27.869  34.474175     7.5311     1.9187     27.635    33.5739    26.2220 0.0000e+00
 248.877656     27.662  34.469811     7.5317     1.9265     27.429    33.5687    26.2178 0.0000e+00
 248.877662     27.467  34.463318     7.5320     1.9238     27.236    33.5614    26.2121 0.0000e+00
 248.877668     27.292  34.456165     7.5321     1.9184     27.062    33.5537    26.2060 0.0000e+00
 248.877674     27.144  34.450061     7.5319     1.9211     26.916    33.5474    26.2010 0.0000e+00
 248.877679     27.017  34.445307     7.5314     1.9106     26.790    33.5428    26.1975 -9.990e-29
 248.877685     26.907  34.441758     7.5312     1.8854     26.681    33.5392    26.1947 -9.990e-29
 248.877691     26.808  34.440315     7.5315     1.8666     26.583    33.5374    26.1932 -9.990e-29
 248.877697     26.700  34.441323     7.5317     1.8468     26.475    33.5383    26.1939 -9.990e-29
 248.877703     26.565  34.442217     7.5313     1.8746     26.342    33.5397    26.1951 0.0000e+00
 248.877708     26.392  34.440280     7.5304     1.8880     26.170    33.5386    26.1943 0.0000e+00
 248.877714     26.192  34.435757     7.5292     1.9091     25.972    33.5350    26.1916 0.0000e+00
 248.877720     25.988  34.429936     7.5278     1.9212     25.769    33.5301    26.1880 0.0000e+00
 248.877726     25.796  34.422935     7.5263     1.9266     25.579    33.5241    26.1835 0.0000e+00
 248.877731     25.625  34.414981     7.5244     1.9451     25.410    33.5174    26.1785 0.0000e+00
 248.877737     25.473  34.407840     7.5228     1.9464     25.259    33.5113    26.1739 0.0000e+00
 248.877743     25.335  34.403237     7.5219     1.9663     25.122    33.5072    26.1709 0.0000e+00
 248.877749     25.210  34.400667     7.5214     2.0044     24.998    33.5050    26.1692 -9.990e-29
 248.877755     25.090  34.398968     7.5213     2.0599     24.879    33.5033    26.1679 -9.990e-29
 248.877760     24.964  34.397579     7.5217     2.1180     24.754    33.5015    26.1664 0.0000e+00
 248.877766     24.827  34.395792     7.5220     2.1603     24.618    33.4993    26.1646 0.0000e+00
 248.877772     24.680  34.392928     7.5218     2.1894     24.473    33.4965    26.1624 0.0000e+00
 248.877778     24.526  34.388558     7.5218     2.2038     24.320    33.4919    26.1588 0.0000e+00
 248.877784     24.373  34.382488     7.5224     2.2252     24.168    33.4848    26.1531 0.0000e+00
 248.877789     24.223  34.376188     7.5230     2.2396     24.019    33.4775    26.1473 0.0000e+00
 248.877795     24.072  34.372504     7.5242     2.2264     23.870    33.4724    26.1431 0.0000e+00
 248.877801     23.909  34.371599     7.5268     2.2632     23.708    33.4690    26.1401 0.0000e+00
 248.877807     23.729  34.371723     7.5305     2.2950     23.530    33.4656    26.1369 0.0000e+00
 248.877813     23.538  34.371381     7.5343     2.3348     23.340    33.4617    26.1333 0.0000e+00
 248.877818     23.348  34.369014     7.5368     2.3838     23.152    33.4568    26.1291 0.0000e+00
 248.877824     23.170  34.364297     7.5374     2.3887     22.975    33.4512    26.1246 0.0000e+00
 248.877830     23.008  34.358258     7.5366     2.4082     22.815    33.4455    26.1202 0.0000e+00
 248.877836     22.866  34.352972     7.5354     2.4184     22.674    33.4411    26.1169 0.0000e+00
 248.877841     22.739  34.349268     7.5347     2.4150     22.548    33.4378    26.1144 -9.990e-29
 248.877847     22.623  34.345597     7.5344     2.3999     22.433    33.4342    26.1116 -9.990e-29
 248.877853     22.506  34.342135     7.5341     2.3417     22.317    33.4308    26.1090 -9.990e-29
 248.877859     22.368  34.339899     7.5338     2.2441     22.180    33.4287    26.1074 0.0000e+00
 248.877865     22.209  34.338174     7.5351     2.0813     22.022    33.4257    26.1048 0.0000e+00
 248.877870     22.040  34.336926     7.5421     1.8845     21.855    33.4177    26.0975 0.0000e+00
 248.877876     21.864  34.337319     7.5575     1.6821     21.680    33.4033    26.0841 0.0000e+00
 248.877882     21.677  34.342702     7.5791     1.5116     21.495    33.3885    26.0693 0.0000e+00
 248.877888     21.480  34.356346     7.6053     1.3975     21.300    33.3781    26.0575 0.0000e+00
 248.877894     21.283  34.377406     7.6353     1.3148     21.104    33.3721    26.0485 0.0000e+00
 248.877899     21.099  34.407145     7.6620     1.2756     20.922    33.3786    26.0498 0.0000e+00
 248.877905     20.933  34.438824     7.6789     1.2690     20.757    33.3966    26.0615 0.0000e+00
 248.877911     20.779  34.458183     7.6915     1.3015     20.605    33.4054    26.0666 0.0000e+00
 248.877917     20.627  34.468196     7.7076     1.3634     20.454    33.4008    26.0607 0.0000e+00
 248.877922     20.472  34.478451     7.7264     1.4457     20.300    33.3939    26.0525 0.0000e+00
 248.877928     20.316  34.491567     7.7429     1.5027     20.145    33.3923    26.0489 0.0000e+00
 248.877934     20.162  34.504999     7.7553     1.5385     19.993    33.3949    26.0492 0.0000e+00
 248.877940     20.010  34.513255     7.7661     1.5602     19.842    33.3935    26.0465 0.0000e+00
 248.877946     19.863  34.517410     7.7764     1.5206     19.696    33.3881    26.0408 0.0000e+00
 248.877951     19.723  34.522051     7.7835     1.4429     19.557    33.3864    26.0384 0.0000e+00
 248.877957     19.583  34.526240     7.7890     1.3411     19.419    33.3857    26.0371 0.0000e+00
 248.877963     19.424  34.528998     7.8028     1.2454     19.261    33.3755    26.0271 0.0000e+00
 248.877969     19.236  34.536974     7.8301     1.1923     19.075    33.3580    26.0094 0.0000e+00
 248.877975     19.026  34.557039     7.8654     1.1686     18.866    33.3459    25.9948 0.0000e+00
 248.877980     18.813  34.588056     7.8998     1.1521     18.655    33.3464    25.9901 0.0000e+00
 248.877986     18.618  34.623293     7.9266     1.1500     18.462    33.3586    25.9958 0.0000e+00
 248.877992     18.442  34.652102     7.9468     1.1371     18.287    33.3702    26.0020 0.0000e+00
 248.877998     18.273  34.668732     7.9694     1.1430     18.120    33.3665    25.9958 0.0000e+00
 248.878003     18.106  34.681500     7.9975     1.1599     17.954    33.3534    25.9814 0.0000e+00
 248.878009     17.946  34.699180     8.0248     1.1972     17.795    33.3463    25.9718 0.0000e+00
 248.878015     17.806  34.722508     8.0444     1.2653     17.657    33.3526    25.9739 -9.990e-29
 248.878021     17.683  34.742353     8.0568     1.3488     17.535    33.3620    25.9795 -9.990e-29
 248.878027     17.567  34.752237     8.0758     1.4610     17.420    33.3545    25.9708 -9.990e-29
 248.878032     17.442  34.764388     8.1164     1.5935     17.296    33.3289    25.9446 0.0000e+00
 248.878038     17.299  34.790683     8.1782     1.7311     17.154    33.2982    25.9114 0.0000e+00
 248.878044     17.142  34.836609     8.2494     1.9191     16.998    33.2795    25.8862 0.0000e+00
 248.878050     16.974  34.893986     8.3272     2.1155     16.832    33.2667    25.8645 0.0000e+00
 248.878056     16.793  34.949701     8.4185     2.3195     16.652    33.2395    25.8294 0.0000e+00
 248.878061     16.601  35.010312     8.5229     2.5187     16.462    33.2051    25.7867 0.0000e+00
 248.878067     16.402  35.084417     8.6350     2.6888     16.264    33.1778    25.7482 0.0000e+00
 248.878073     16.201  35.171105     8.7544     2.8280     16.065    33.1569    25.7135 0.0000e+00
 248.878079     16.002  35.263238     8.8805     2.9268     15.868    33.1354    25.6771 0.0000e+00
 248.878084     15.805  35.345780     8.9999     2.9664     15.672    33.1102    25.6387 0.0000e+00
