data/oxygen options/ONMS/Olympic_Coast_National_Marine_Sanctuary_Hypoxia_Survey_CTD_Data_2004_2015/raw_data/2014/CAST_HH025_140906faed.cnv
* Sea-Bird SBE19 Data File:
* FileName = C:\2014 Mooring Data\Casts\CAST_HH025_140906.hex
* Software Version 1.59
* Temperature SN = 2997
* Conductivity SN = 2997
* System UpLoad Time = Sep 06 2014 16:51:05
** CAST_HH025_140906
* ds
# nquan = 9                                 
# nvalues = 1159                        
# units = specified
# name 0 = timeJ: Julian Days
# name 1 = prSM: Pressure, Strain Gauge [db]
# name 2 = c0mS/cm: Conductivity [mS/cm]
# name 3 = t090C: Temperature [ITS-90, deg C]
# name 4 = sbeox0ML/L: Oxygen, SBE 43 [ml/l]
# name 5 = depSM: Depth [salt water, m], lat = 47.5
# name 6 = sal00: Salinity, Practical [PSU]
# name 7 = sigma-é00: Density [sigma-theta, kg/m^3]
# name 8 = flag: flag
# span 0 = 249.694352, 249.701053       
# span 1 =     -5.599,     27.655       
# span 2 =   0.374573,  40.299162       
# span 3 =     7.7272,    16.6169       
# span 4 =    -1.7624,    18.3501       
# span 5 =     -5.552,     27.422       
# span 6 =     0.2193,    33.4572       
# span 7 =    -0.9153,    26.0994       
# span 8 = 0.0000e+00, 0.0000e+00       
# interval = seconds: 0.5
# start_time = Sep 06 2014 16:39:52 [Instrument's time stamp, header]
# bad_flag = -9.990e-29
*END*
 249.694352     -5.599 -9.990e-29    15.8236    -1.7567     -5.552 -9.990e-29 -9.990e-29 -9.990e-29
 249.694358     -5.584   0.402341    15.8187    -1.7567     -5.537     0.2371    -0.8430 -9.990e-29
 249.694363     -5.565   0.402156    15.8142    -1.7565     -5.519     0.2370    -0.8423 -9.990e-29
 249.694369     -5.540   0.402341    15.8104    -1.7567     -5.494     0.2372    -0.8416 -9.990e-29
 249.694375     -5.508   0.402588    15.8071    -1.7571     -5.462     0.2373    -0.8409 -9.990e-29
 249.694381     -5.471   0.402668    15.8041    -1.7575     -5.425     0.2374    -0.8404 -9.990e-29
 249.694387     -5.435   0.402691    15.8016    -1.7577     -5.390     0.2374    -0.8400 -9.990e-29
 249.694392     -5.403   0.402687    15.8003    -1.7577     -5.358     0.2374    -0.8398 -9.990e-29
 249.694398     -5.372   0.402653    15.8010    -1.7575     -5.327     0.2374    -0.8399 -9.990e-29
 249.694404     -5.340   0.402543    15.8028    -1.7572     -5.296     0.2373    -0.8402 -9.990e-29
 249.694410     -5.306   0.402212    15.8040    -1.7572     -5.262     0.2371    -0.8406 -9.990e-29
 249.694416     -5.271   0.401774    15.8035    -1.7575     -5.227     0.2369    -0.8407 -9.990e-29
 249.694421     -5.237   0.401760    15.7997    -1.7576     -5.193     0.2369    -0.8401 -9.990e-29
 249.694427     -5.203   0.402151    15.7929    -1.7577     -5.160     0.2372    -0.8388 -9.990e-29
 249.694433     -5.171   0.402356    15.7858    -1.7575     -5.128     0.2373    -0.8375 -9.990e-29
 249.694439     -5.142   0.402094    15.7815    -1.7571     -5.099     0.2372    -0.8369 -9.990e-29
 249.694444     -5.115   0.401572    15.7812    -1.7569     -5.072     0.2369    -0.8371 -9.990e-29
 249.694450     -5.088   0.401208    15.7842    -1.7570     -5.046     0.2366    -0.8378 -9.990e-29
 249.694456     -5.060   0.401074    15.7875    -1.7569     -5.018     0.2365    -0.8384 -9.990e-29
 249.694462     -5.028   0.400993    15.7879    -1.7571     -4.986     0.2365    -0.8385 -9.990e-29
 249.694468     -4.990   0.400856    15.7860    -1.7576     -4.948     0.2364    -0.8383 -9.990e-29
 249.694473     -4.949   0.400480    15.7843    -1.7576     -4.908     0.2362    -0.8381 -9.990e-29
 249.694479     -4.911   0.399922    15.7847    -1.7572     -4.870     0.2359    -0.8385 -9.990e-29
 249.694485     -4.877   0.399550    15.7885    -1.7571     -4.836     0.2356    -0.8393 -9.990e-29
 249.694491     -4.845   0.399426    15.7939    -1.7568     -4.805     0.2355    -0.8402 -9.990e-29
 249.694497     -4.813   0.399384    15.7975    -1.7568     -4.773     0.2355    -0.8408 -9.990e-29
 249.694502     -4.779   0.399369    15.7985    -1.7568     -4.739     0.2355    -0.8410 -9.990e-29
 249.694508     -4.745   0.399363    15.7975    -1.7569     -4.705     0.2355    -0.8408 -9.990e-29
 249.694514     -4.713   0.399360    15.7940    -1.7572     -4.674     0.2355    -0.8403 -9.990e-29
 249.694520     -4.682   0.399356    15.7901    -1.7571     -4.643     0.2355    -0.8396 -9.990e-29
 249.694525     -4.653   0.399346    15.7898    -1.7572     -4.614     0.2355    -0.8396 -9.990e-29
 249.694531     -4.629   0.399317    15.7934    -1.7573     -4.590     0.2354    -0.8402 -9.990e-29
 249.694537     -4.609   0.399233    15.7981    -1.7577     -4.571     0.2354    -0.8410 -9.990e-29
 249.694543     -4.591   0.398981    15.8020    -1.7580     -4.553     0.2352    -0.8418 -9.990e-29
 249.694549     -4.574   0.398781    15.8037    -1.7583     -4.536     0.2351    -0.8421 -9.990e-29
 249.694554     -4.557   0.398925    15.8032    -1.7586     -4.519     0.2352    -0.8420 -9.990e-29
 249.694560     -4.540   0.399048    15.8012    -1.7586     -4.502     0.2352    -0.8416 -9.990e-29
 249.694566     -4.520   0.398759    15.7988    -1.7586     -4.482     0.2351    -0.8413 -9.990e-29
 249.694572     -4.496   0.398230    15.7970    -1.7590     -4.459     0.2348    -0.8413 -9.990e-29
 249.694578     -4.468   0.397871    15.7946    -1.7595     -4.431     0.2346    -0.8411 -9.990e-29
 249.694583     -4.437   0.397758    15.7897    -1.7597     -4.400     0.2345    -0.8403 -9.990e-29
 249.694589     -4.410   0.397742    15.7821    -1.7600     -4.373     0.2346    -0.8391 -9.990e-29
 249.694595     -4.390   0.397801    15.7738    -1.7606     -4.353     0.2346    -0.8377 -9.990e-29
 249.694601     -4.371   0.398017    15.7669    -1.7609     -4.335     0.2348    -0.8364 -9.990e-29
 249.694606     -4.348   0.398122    15.7616    -1.7612     -4.312     0.2349    -0.8355 -9.990e-29
 249.694612     -4.323   0.397699    15.7578    -1.7614     -4.287     0.2347    -0.8351 -9.990e-29
 249.694618     -4.300   0.397297    15.7532    -1.7613     -4.264     0.2345    -0.8345 -9.990e-29
 249.694624     -4.276   0.397495    15.7455    -1.7614     -4.240     0.2346    -0.8331 -9.990e-29
 249.694630     -4.250   0.398001    15.7359    -1.7614     -4.215     0.2350    -0.8313 -9.990e-29
 249.694635     -4.225   0.398378    15.7266    -1.7612     -4.190     0.2353    -0.8296 -9.990e-29
 249.694641     -4.203   0.398574    15.7171    -1.7614     -4.168     0.2354    -0.8280 -9.990e-29
 249.694647     -4.179   0.398851    15.7069    -1.7616     -4.144     0.2356    -0.8262 -9.990e-29
 249.694653     -4.151   0.399021    15.6972    -1.7620     -4.116     0.2358    -0.8245 -9.990e-29
 249.694659     -4.127   0.398756    15.6896    -1.7622     -4.093     0.2357    -0.8234 -9.990e-29
 249.694664     -4.104   0.398259    15.6853    -1.7622     -4.070     0.2354    -0.8229 -9.990e-29
 249.694670     -4.076   0.397981    15.6838    -1.7622     -4.042     0.2353    -0.8228 -9.990e-29
 249.694676     -4.047   0.398109    15.6829    -1.7621     -4.013     0.2353    -0.8226 -9.990e-29
 249.694682     -4.019   0.398258    15.6829    -1.7622     -3.985     0.2354    -0.8225 -9.990e-29
 249.694687     -3.990   0.398072    15.6829    -1.7623     -3.957     0.2353    -0.8226 -9.990e-29
 249.694693     -3.962   0.397860    15.6802    -1.7623     -3.929     0.2352    -0.8223 -9.990e-29
 249.694699     -3.942   0.397895    15.6746    -1.7624     -3.909     0.2353    -0.8213 -9.990e-29
 249.694705     -3.929   0.398224    15.6681    -1.7624     -3.896     0.2355    -0.8201 -9.990e-29
 249.694711     -3.914   0.398732    15.6634    -1.7623     -3.881     0.2358    -0.8191 -9.990e-29
 249.694716     -3.890   0.398985    15.6618    -1.7623     -3.858     0.2360    -0.8187 -9.990e-29
 249.694722     -3.862   0.398765    15.6619    -1.7623     -3.830     0.2358    -0.8188 -9.990e-29
 249.694728     -3.836   0.398337    15.6617    -1.7623     -3.804     0.2356    -0.8190 -9.990e-29
 249.694734     -3.814   0.398240    15.6603    -1.7621     -3.782     0.2355    -0.8188 -9.990e-29
 249.694740     -3.795   0.398348    15.6586    -1.7621     -3.763     0.2356    -0.8185 -9.990e-29
 249.694745     -3.778   0.398249    15.6574    -1.7619     -3.747     0.2356    -0.8183 -9.990e-29
 249.694751     -3.762   0.398368    15.6566    -1.7617     -3.731     0.2356    -0.8182 -9.990e-29
 249.694757     -3.745   0.398864    15.6563    -1.7615     -3.714     0.2359    -0.8179 -9.990e-29
 249.694763     -3.727   0.399288    15.6569    -1.7612     -3.696     0.2362    -0.8178 -9.990e-29
 249.694769     -3.707   0.399649    15.6577    -1.7608     -3.676     0.2364    -0.8177 -9.990e-29
 249.694774     -3.683   0.399873    15.6588    -1.7606     -3.652     0.2365    -0.8178 -9.990e-29
 249.694780     -3.654   0.399704    15.6608    -1.7606     -3.624     0.2364    -0.8182 -9.990e-29
 249.694786     -3.622   0.399475    15.6637    13.6018     -3.592     0.2363    -0.8188 -9.990e-29
 249.694792     -3.594   0.399434    15.6671    18.1196     -3.564     0.2362    -0.8194 -9.990e-29
 249.694797     -3.571   0.399530    15.6714    18.3501     -3.541     0.2363    -0.8200 -9.990e-29
 249.694803     -3.554   0.399892    15.6769    14.6767     -3.524     0.2364    -0.8208 -9.990e-29
 249.694809     -3.540   0.400445    15.6834     7.1271     -3.510     0.2367    -0.8216 -9.990e-29
 249.694815     -3.529   0.400815    15.6909     6.7210     -3.500     0.2369    -0.8226 -9.990e-29
 249.694821     -3.519   0.400941    15.6981     6.7094     -3.490     0.2370    -0.8237 -9.990e-29
 249.694826     -3.511   0.400992    15.7031     6.7130     -3.482     0.2370    -0.8245 -9.990e-29
 249.694832     -3.496   0.401037    15.7064     6.7107     -3.467     0.2370    -0.8251 -9.990e-29
 249.694838     -3.463   0.401137    15.7098     6.7067     -3.434     0.2370    -0.8256 -9.990e-29
 249.694844     -3.424   0.401426    15.7139     6.7071     -3.395     0.2372    -0.8261 -9.990e-29
 249.694850     -3.389   0.401735    15.7177     6.7068     -3.361     0.2373    -0.8266 -9.990e-29
 249.694855     -3.356   0.401919    15.7205     6.7059     -3.328     0.2374    -0.8270 -9.990e-29
 249.694861     -3.326   0.402227    15.7229     6.7057     -3.298     0.2376    -0.8272 -9.990e-29
 249.694867     -3.303   0.402513    15.7256     6.7044     -3.275     0.2378    -0.8275 -9.990e-29
 249.694873     -3.285   0.402604    15.7282     6.7029     -3.258     0.2378    -0.8279 -9.990e-29
 249.694878     -3.270   0.402622    15.7304     6.7019     -3.243     0.2378    -0.8283 -9.990e-29
 249.694884     -3.258   0.402591    15.7323     6.7017     -3.231     0.2378    -0.8286 -9.990e-29
 249.694890     -3.248   0.402471    15.7337     6.7017     -3.221     0.2377    -0.8289 -9.990e-29
 249.694896     -3.239   0.402102    15.7347     6.7015     -3.212     0.2375    -0.8292 -9.990e-29
 249.694902     -3.231   0.401549    15.7370     6.7009     -3.204     0.2371    -0.8298 -9.990e-29
 249.694907     -3.223   0.401187    15.7409     6.7005     -3.196     0.2369    -0.8306 -9.990e-29
 249.694913     -3.215   0.401090    15.7460     6.7000     -3.188     0.2368    -0.8315 -9.990e-29
 249.694919     -3.206   0.401130    15.7531     6.6996     -3.179     0.2368    -0.8327 -9.990e-29
 249.694925     -3.196   0.401363    15.7610     6.6998     -3.169     0.2369    -0.8339 -9.990e-29
 249.694931     -3.184   0.401543    15.7671     6.6992     -3.157     0.2369    -0.8348 -9.990e-29
 249.694936     -3.169   0.401354    15.7707     6.6983     -3.143     0.2368    -0.8355 -9.990e-29
 249.694942     -3.150   0.401103    15.7730     6.7063     -3.124     0.2366    -0.8360 -9.990e-29
 249.694948     -3.126   0.401010    15.7756     6.7075     -3.100     0.2366    -0.8364 -9.990e-29
 249.694954     -3.101   0.400954    15.7786     6.7055     -3.075     0.2365    -0.8370 -9.990e-29
 249.694959     -3.080   0.400858    15.7818     6.7015     -3.054     0.2364    -0.8375 -9.990e-29
 249.694965     -3.062   0.400598    15.7850     6.6961     -3.036     0.2363    -0.8382 -9.990e-29
 249.694971     -3.043   0.400384    15.7875     6.6957     -3.018     0.2361    -0.8387 -9.990e-29
 249.694977     -3.024   0.400486    15.7895     6.7025     -2.999     0.2362    -0.8390 -9.990e-29
 249.694983     -3.010   0.400485    15.7923     6.6969     -2.985     0.2362    -0.8394 -9.990e-29
 249.694988     -2.999   0.400382    15.7958     6.7019     -2.974     0.2361    -0.8401 -9.990e-29
 249.694994     -2.987   0.400594    15.7998     6.6923     -2.962     0.2362    -0.8406 -9.990e-29
 249.695000     -2.968   0.400849    15.8066     6.6948     -2.943     0.2363    -0.8416 -9.990e-29
 249.695006     -2.945   0.400934    15.8174     6.6978     -2.920     0.2363    -0.8434 -9.990e-29
 249.695012     -2.922   0.400962    15.8298     6.6954     -2.898     0.2362    -0.8454 -9.990e-29
 249.695017     -2.896   0.400971    15.8403     6.6890     -2.872     0.2362    -0.8471 -9.990e-29
 249.695023     -2.870   0.400973    15.8473     6.6907     -2.846     0.2361    -0.8483 -9.990e-29
 249.695029     -2.852   0.400972    15.8518     6.6845     -2.828     0.2361    -0.8490 -9.990e-29
 249.695035     -2.840   0.400967    15.8562     6.6838     -2.816     0.2361    -0.8498 -9.990e-29
 249.695041     -2.824   0.400952    15.8631     6.6914     -2.800     0.2360    -0.8509 -9.990e-29
 249.695046     -2.805   0.400908    15.8724     6.6825     -2.782     0.2360    -0.8525 -9.990e-29
 249.695052     -2.788   0.400777    15.8813     6.6907     -2.765     0.2358    -0.8540 -9.990e-29
 249.695058     -2.774   0.400385    15.8883     6.6829     -2.751     0.2356    -0.8554 -9.990e-29
 249.695064     -2.756   0.399769    15.8935     6.6790     -2.733     0.2352    -0.8565 -9.990e-29
 249.695069     -2.738   0.399220    15.8978     6.6889     -2.715     0.2348    -0.8575 -9.990e-29
 249.695075     -2.724   0.398746    15.9019     6.6886     -2.701     0.2345    -0.8584 -9.990e-29
 249.695081     -2.711   0.398272    15.9066     6.6918     -2.688     0.2342    -0.8594 -9.990e-29
 249.695087     -2.701   0.397907    15.9134     6.6896     -2.678     0.2339    -0.8607 -9.990e-29
 249.695093     -2.691   0.397721    15.9223     6.6867     -2.669     0.2338    -0.8623 -9.990e-29
 249.695098     -2.681   0.397650    15.9311     6.6869     -2.659     0.2337    -0.8637 -9.990e-29
 249.695104     -2.670   0.397601    15.9379     6.6873     -2.648     0.2336    -0.8649 -9.990e-29
 249.695110     -2.658   0.397508    15.9419     6.6958     -2.636     0.2335    -0.8656 -9.990e-29
 249.695116     -2.645   0.397246    15.9436     6.6918     -2.623     0.2334    -0.8660 -9.990e-29
 249.695122     -2.632   0.397020    15.9442     6.6912     -2.610     0.2332    -0.8662 -9.990e-29
 249.695127     -2.625   0.397085    15.9454     6.6897     -2.603     0.2333    -0.8664 -9.990e-29
 249.695133     -2.618   0.396974    15.9471     6.6890     -2.596     0.2332    -0.8667 -9.990e-29
 249.695139     -2.606   0.396536    15.9476     6.6929     -2.584     0.2329    -0.8670 -9.990e-29
 249.695145     -2.589   0.396299    15.9460     6.6929     -2.567     0.2328    -0.8669 -9.990e-29
 249.695150     -2.571   0.396505    15.9430     6.6932     -2.550     0.2329    -0.8663 -9.990e-29
 249.695156     -2.557   0.396871    15.9386     6.6940     -2.536     0.2332    -0.8654 -9.990e-29
 249.695162     -2.548   0.396773    15.9321     6.7031     -2.527     0.2331    -0.8643 -9.990e-29
 249.695168     -2.534   0.396080    15.9238     6.6991     -2.513     0.2328    -0.8633 -9.990e-29
 249.695174     -2.515   0.395536    15.9163     6.6983     -2.494     0.2325    -0.8623 -9.990e-29
 249.695179     -2.493   0.395529    15.9107     6.6973     -2.472     0.2325    -0.8613 -9.990e-29
 249.695185     -2.468   0.395493    15.9061     6.6968     -2.447     0.2325    -0.8606 -9.990e-29
 249.695191     -2.445   0.395377    15.9025     6.7013     -2.425     0.2325    -0.8600 -9.990e-29
 249.695197     -2.433   0.395584    15.8998     6.7024     -2.413     0.2326    -0.8595 -9.990e-29
 249.695203     -2.426   0.395835    15.8962     6.7034     -2.406     0.2328    -0.8588 -9.990e-29
 249.695208     -2.419   0.395908    15.8902     6.7038     -2.399     0.2329    -0.8578 -9.990e-29
 249.695214     -2.412   0.395900    15.8815     6.7041     -2.392     0.2329    -0.8563 -9.990e-29
 249.695220     -2.405   0.395800    15.8718     6.7117     -2.385     0.2329    -0.8548 -9.990e-29
 249.695226     -2.397   0.395472    15.8630     6.7149     -2.377     0.2327    -0.8534 -9.990e-29
 249.695231     -2.388   0.395036    15.8550     6.7083     -2.368     0.2325    -0.8523 -9.990e-29
 249.695237     -2.376   0.395023    15.8472     6.7123     -2.356     0.2326    -0.8510 -9.990e-29
 249.695243     -2.362   0.395415    15.8401     6.7104     -2.342     0.2328    -0.8497 -9.990e-29
 249.695249     -2.344   0.395623    15.8337     6.7200     -2.324     0.2330    -0.8485 -9.990e-29
 249.695255     -2.326   0.395367    15.8280     6.7151     -2.307     0.2329    -0.8477 -9.990e-29
 249.695260     -2.315   0.394861    15.8237     6.7089     -2.296     0.2326    -0.8472 -9.990e-29
 249.695266     -2.309   0.394544    15.8206     6.7070     -2.290     0.2324    -0.8469 -9.990e-29
 249.695272     -2.306   0.394548    15.8169     6.7140     -2.287     0.2324    -0.8463 -9.990e-29
