data/oxygen options/ONMS/Olympic_Coast_National_Marine_Sanctuary_Hypoxia_Survey_CTD_Data_2004_2015/raw_data/2014/CAST_MC042_140905faed.cnv
* Sea-Bird SBE19 Data File:
* FileName = C:\2014 Mooring Data\Casts\CAST_MC042_140905.hex
* Software Version 1.59
* Temperature SN = 2997
* Conductivity SN = 2997
* System UpLoad Time = Sep 05 2014 21:07:46
** CAST_MC042_140905
* ds
# nquan = 9                                 
# nvalues = 1291                        
# units = specified
# name 0 = timeJ: Julian Days
# name 1 = prSM: Pressure, Strain Gauge [db]
# name 2 = c0mS/cm: Conductivity [mS/cm]
# name 3 = t090C: Temperature [ITS-90, deg C]
# name 4 = sbeox0ML/L: Oxygen, SBE 43 [ml/l]
# name 5 = depSM: Depth [salt water, m], lat = 47.5
# name 6 = sal00: Salinity, Practical [PSU]
# name 7 = sigma-é00: Density [sigma-theta, kg/m^3]
# name 8 = flag: flag
# span 0 = 248.871609, 248.879074       
# span 1 =     -6.053,     41.420       
# span 2 =   0.480455,  39.953149       
# span 3 =     7.4966,    15.4691       
# span 4 =    -1.7775,    18.5842       
# span 5 =     -6.003,     41.070       
# span 6 =     0.2885,    33.7311       
# span 7 =    -0.7117,    26.3505       
# span 8 = 0.0000e+00, 0.0000e+00       
# interval = seconds: 0.5
# start_time = Sep 05 2014 20:55:07 [Instrument's time stamp, header]
# bad_flag = -9.990e-29
*END*
[from data line 321]
 248.873466     -1.350   0.733826    15.1668     6.7042     -1.339     0.4476    -0.5776 -9.990e-29
 248.873472     -1.348   0.729281    15.1734     6.7329     -1.337     0.4447    -0.5809 -9.990e-29
 248.873478     -1.345   0.725429    15.1794     6.7127     -1.334     0.4422    -0.5837 -9.990e-29
 248.873484     -1.344   0.719914    15.1857     6.7222     -1.333     0.4386    -0.5874 -9.990e-29
 248.873490     -1.342   0.714834    15.1932     6.7324     -1.331     0.4354    -0.5911 -9.990e-29
 248.873495     -1.340   0.712871    15.2016     6.7277     -1.329     0.4340    -0.5935 -9.990e-29
 248.873501     -1.338   0.713074    15.2092     6.7197     -1.327     0.4341    -0.5946 -9.990e-29
 248.873507     -1.336   0.714044    15.2151     6.7223     -1.325     0.4346    -0.5951 -9.990e-29
 248.873513     -1.334   0.714296    15.2196     6.7302     -1.323     0.4347    -0.5957 -9.990e-29
 248.873519     -1.330   0.711383    15.2237     6.7343     -1.319     0.4328    -0.5978 -9.990e-29
 248.873524     -1.327   0.706983    15.2271     6.7374     -1.316     0.4300    -0.6005 -9.990e-29
 248.873530     -1.322   0.705237    15.2284     6.7277     -1.311     0.4289    -0.6015 -9.990e-29
 248.873536     -1.316   0.704373    15.2272     6.7236     -1.305     0.4284    -0.6018 -9.990e-29
 248.873542     -1.312   0.700460    15.2258     6.6987     -1.301     0.4259    -0.6034 -9.990e-29
 248.873547     -1.315   0.696063    15.2255     6.6841     -1.304     0.4232    -0.6055 -9.990e-29
 248.873553     -1.321   0.695883    15.2253     6.6653     -1.310     0.4231    -0.6056 -9.990e-29
 248.873559     -1.325   0.699681    15.2258     6.6590     -1.314     0.4254    -0.6038 -9.990e-29
 248.873565     -1.329   0.703622    15.2294     6.6623     -1.318     0.4279    -0.6025 -9.990e-29
 248.873571     -1.331   0.704065    15.2357     6.6765     -1.320     0.4281    -0.6033 -9.990e-29
 248.873576     -1.333   0.700487    15.2417     6.6878     -1.322     0.4258    -0.6060 -9.990e-29
 248.873582     -1.334   0.695347    15.2463     6.7007     -1.323     0.4225    -0.6093 -9.990e-29
 248.873588     -1.335   0.690132    15.2511     6.7114     -1.324     0.4192    -0.6126 -9.990e-29
 248.873594     -1.336   0.684561    15.2568     6.7258     -1.325     0.4156    -0.6162 -9.990e-29
 248.873600     -1.335   0.679547    15.2627     6.7280     -1.324     0.4124    -0.6196 -9.990e-29
 248.873605     -1.335   0.677299    15.2676     6.7301     -1.324     0.4109    -0.6215 -9.990e-29
 248.873611     -1.334   0.678155    15.2710     6.7224     -1.323     0.4114    -0.6217 -9.990e-29
 248.873617     -1.332   0.679366    15.2727     6.7140     -1.321     0.4122    -0.6213 -9.990e-29
 248.873623     -1.330   0.678653    15.2736     6.7112     -1.319     0.4117    -0.6218 -9.990e-29
 248.873628     -1.327   0.676733    15.2757     6.7065     -1.316     0.4105    -0.6231 -9.990e-29
 248.873634     -1.323   0.674940    15.2799     6.7203     -1.312     0.4093    -0.6247 -9.990e-29
 248.873640     -1.318   0.673105    15.2840     6.7229     -1.307     0.4081    -0.6262 -9.990e-29
 248.873646     -1.312   0.669893    15.2860     6.7133     -1.301     0.4061    -0.6281 -9.990e-29
 248.873652     -1.304   0.664913    15.2874     6.7145     -1.293     0.4030    -0.6308 -9.990e-29
 248.873657     -1.293   0.659867    15.2916     6.7087     -1.282     0.3997    -0.6339 -9.990e-29
 248.873663     -1.279   0.656365    15.2988     6.7024     -1.268     0.3975    -0.6368 -9.990e-29
 248.873669     -1.265   0.654188    15.3065     6.7104     -1.254     0.3960    -0.6391 -9.990e-29
 248.873675     -1.255   0.652100    15.3141     6.7095     -1.245     0.3947    -0.6413 -9.990e-29
 248.873681     -1.244   0.649540    15.3230     6.7125     -1.234     0.3930    -0.6440 -9.990e-29
 248.873686     -1.231   0.646986    15.3330     6.7154     -1.221     0.3913    -0.6469 -9.990e-29
 248.873692     -1.220   0.644924    15.3432     6.7110     -1.210     0.3899    -0.6495 -9.990e-29
 248.873698     -1.205   0.643942    15.3527     6.6951     -1.195     0.3892    -0.6516 -9.990e-29
 248.873704     -1.185   0.643842    15.3597     6.7070     -1.175     0.3890    -0.6527 -9.990e-29
 248.873709     -1.169   0.642823    15.3632     6.7037     -1.159     0.3884    -0.6538 -9.990e-29
 248.873715     -1.158   0.640637    15.3643     6.7133     -1.148     0.3870    -0.6550 -9.990e-29
 248.873721     -1.149   0.638633    15.3631     6.7113     -1.139     0.3858    -0.6558 -9.990e-29
 248.873727     -1.136   0.636918    15.3595     6.7358     -1.127     0.3847    -0.6561 -9.990e-29
 248.873733     -1.123   0.634691    15.3547     6.7375     -1.114     0.3834    -0.6563 -9.990e-29
 248.873738     -1.113   0.631763    15.3513     6.7193     -1.104     0.3816    -0.6572 -9.990e-29
 248.873744     -1.106   0.629051    15.3506     6.7122     -1.097     0.3799    -0.6584 -9.990e-29
 248.873750     -1.101   0.627386    15.3507     6.7145     -1.092     0.3788    -0.6592 -9.990e-29
 248.873756     -1.098   0.626776    15.3497     6.7096     -1.089     0.3785    -0.6594 -9.990e-29
 248.873762     -1.096   0.626964    15.3480     6.7112     -1.087     0.3786    -0.6590 -9.990e-29
 248.873767     -1.097   0.627646    15.3469     6.7071     -1.088     0.3790    -0.6585 -9.990e-29
 248.873773     -1.098   0.628064    15.3457     6.7108     -1.089     0.3793    -0.6581 -9.990e-29
 248.873779     -1.101   0.627108    15.3435     6.7265     -1.092     0.3787    -0.6582 -9.990e-29
 248.873785     -1.107   0.624615    15.3402     6.7269     -1.098     0.3772    -0.6589 -9.990e-29
 248.873791     -1.110   0.621713    15.3366     6.7006     -1.101     0.3754    -0.6597 -9.990e-29
 248.873796     -1.107   0.618981    15.3345     6.7063     -1.098     0.3737    -0.6606 -9.990e-29
 248.873802     -1.101   0.616112    15.3354     6.7078     -1.092     0.3719    -0.6622 -9.990e-29
 248.873808     -1.098   0.613732    15.3398     6.7304     -1.089     0.3704    -0.6640 -9.990e-29
 248.873814     -1.096   0.613672    15.3466     6.7420     -1.087     0.3703    -0.6652 -9.990e-29
 248.873819     -1.096   0.616409    15.3530     6.7183     -1.087     0.3720    -0.6649 -9.990e-29
 248.873825     -1.098   0.618922    15.3592     6.7014     -1.089     0.3735    -0.6647 -9.990e-29
 248.873831     -1.101   0.618445    15.3664     6.6834     -1.092     0.3731    -0.6661 -9.990e-29
 248.873837     -1.101   0.617123    15.3721     6.6927     -1.092     0.3722    -0.6677 -9.990e-29
 248.873843     -1.095   0.619313    15.3733     6.7102     -1.086     0.3736    -0.6668 -9.990e-29
 248.873848     -1.086   0.625710    15.3694     6.7180     -1.077     0.3776    -0.6631 -9.990e-29
 248.873854     -1.078   0.631500    15.3636     6.7263     -1.069     0.3813    -0.6593 -9.990e-29
 248.873860     -1.070   0.632173    15.3594     6.7222     -1.061     0.3818    -0.6583 -9.990e-29
 248.873866     -1.062   0.628627    15.3587     6.7269     -1.053     0.3795    -0.6599 -9.990e-29
 248.873872     -1.054   0.623917    15.3614     6.7269     -1.045     0.3766    -0.6626 -9.990e-29
 248.873877     -1.049   0.620105    15.3660     6.7159     -1.040     0.3742    -0.6652 -9.990e-29
 248.873883     -1.051   0.618226    15.3712     6.7134     -1.042     0.3729    -0.6670 -9.990e-29
 248.873889     -1.055   0.618000    15.3772     6.7182     -1.046     0.3727    -0.6681 -9.990e-29
 248.873895     -1.059   0.618015    15.3838     6.7233     -1.050     0.3727    -0.6691 -9.990e-29
 248.873900     -1.062   0.617180    15.3895     6.7283     -1.053     0.3721    -0.6705 -9.990e-29
 248.873906     -1.064   0.615496    15.3943     6.7202     -1.055     0.3710    -0.6721 -9.990e-29
 248.873912     -1.066   0.613499    15.3967     6.7230     -1.057     0.3698    -0.6734 -9.990e-29
 248.873918     -1.067   0.611864    15.3962     6.7263     -1.058     0.3687    -0.6741 -9.990e-29
 248.873924     -1.068   0.610635    15.3940     6.7287     -1.059     0.3680    -0.6744 -9.990e-29
 248.873929     -1.069   0.609287    15.3896     6.7319     -1.060     0.3672    -0.6743 -9.990e-29
 248.873935     -1.070   0.607692    15.3834     6.7289     -1.061     0.3663    -0.6741 -9.990e-29
 248.873941     -1.070   0.605948    15.3764     6.7237     -1.061     0.3652    -0.6738 -9.990e-29
 248.873947     -1.070   0.603955    15.3686     6.7210     -1.061     0.3641    -0.6734 -9.990e-29
 248.873953     -1.071   0.601837    15.3600     6.7215     -1.062     0.3628    -0.6731 -9.990e-29
 248.873958     -1.071   0.600109    15.3515     6.7322     -1.062     0.3618    -0.6725 -9.990e-29
 248.873964     -1.071   0.598693    15.3440     6.7469     -1.062     0.3610    -0.6720 -9.990e-29
 248.873970     -1.071   0.596812    15.3373     6.7416     -1.062     0.3599    -0.6718 -9.990e-29
 248.873976     -1.071   0.594183    15.3308     6.7480     -1.062     0.3583    -0.6720 -9.990e-29
 248.873981     -1.071   0.591193    15.3237     6.7448     -1.062     0.3565    -0.6723 -9.990e-29
 248.873987     -1.071   0.588305    15.3152     6.7349     -1.062     0.3548    -0.6723 -9.990e-29
 248.873993     -1.071   0.586120    15.3072     6.7351     -1.062     0.3535    -0.6721 -9.990e-29
 248.873999     -1.071   0.585060    15.3025     6.7399     -1.062     0.3529    -0.6718 -9.990e-29
 248.874005     -1.070   0.584826    15.2989     6.7438     -1.061     0.3528    -0.6713 -9.990e-29
 248.874010     -1.070   0.584550    15.2938     6.7553     -1.061     0.3526    -0.6707 -9.990e-29
 248.874016     -1.069   0.583309    15.2876     6.7477     -1.060     0.3519    -0.6703 -9.990e-29
 248.874022     -1.069   0.581120    15.2799     6.7421     -1.060     0.3506    -0.6701 -9.990e-29
 248.874028     -1.068   0.578955    15.2715     6.7326     -1.059     0.3493    -0.6698 -9.990e-29
 248.874034     -1.066   0.577824    15.2654     6.7277     -1.057     0.3487    -0.6693 -9.990e-29
 248.874039     -1.065   0.577887    15.2625     6.7235     -1.056     0.3487    -0.6688 -9.990e-29
 248.874045     -1.063   0.578114    15.2603     6.7387     -1.054     0.3489    -0.6684 -9.990e-29
 248.874051     -1.060   0.577698    15.2581     6.7532     -1.051     0.3487    -0.6682 -9.990e-29
 248.874057     -1.057   0.577198    15.2569     6.7487     -1.048     0.3484    -0.6682 -9.990e-29
 248.874063     -1.053   0.577061    15.2566     6.7549     -1.044     0.3483    -0.6683 -9.990e-29
 248.874068     -1.047   0.576550    15.2562     6.7407     -1.038     0.3480    -0.6684 -9.990e-29
 248.874074     -1.040   0.574983    15.2557     6.7449     -1.031     0.3470    -0.6691 -9.990e-29
 248.874080     -1.031   0.573052    15.2561     6.7494     -1.022     0.3458    -0.6701 -9.990e-29
 248.874086     -1.023   0.572632    15.2579     6.7478     -1.014     0.3455    -0.6706 -9.990e-29
 248.874091     -1.021   0.574831    15.2609     6.7503     -1.012     0.3469    -0.6700 -9.990e-29
 248.874097     -1.020   0.578135    15.2653     6.7473     -1.011     0.3489    -0.6691 -9.990e-29
 248.874103     -1.016   0.579721    15.2701     6.7490     -1.008     0.3498    -0.6692 -9.990e-29
 248.874109     -1.008   0.578926    15.2725     6.7590     -1.000     0.3493    -0.6699 -9.990e-29
 248.874115     -1.000   0.577471    15.2710     6.7614     -0.992     0.3484    -0.6704 -9.990e-29
 248.874120     -0.997   0.576753    15.2673     6.7522     -0.989     0.3480    -0.6701 -9.990e-29
 248.874126     -0.997   0.576371    15.2635     6.7483     -0.989     0.3478    -0.6697 -9.990e-29
 248.874132     -1.001   0.575263    15.2599     6.7369     -0.993     0.3471    -0.6697 -9.990e-29
 248.874138     -1.004   0.573621    15.2560     6.7453     -0.996     0.3461    -0.6698 -9.990e-29
 248.874144     -1.003   0.572594    15.2513     6.7514     -0.995     0.3455    -0.6696 -9.990e-29
 248.874149     -0.998   0.572479    15.2448     6.7553     -0.990     0.3455    -0.6686 -9.990e-29
 248.874155     -0.992   0.572012    15.2360     6.7587     -0.984     0.3453    -0.6674 -9.990e-29
 248.874161     -0.990   0.570015    15.2278     6.7616     -0.982     0.3441    -0.6670 -9.990e-29
 248.874167     -0.987   0.567162    15.2243     6.7633     -0.979     0.3424    -0.6678 -9.990e-29
 248.874172     -0.979   0.565211    15.2251     6.7625     -0.971     0.3412    -0.6689 -9.990e-29
 248.874178     -0.964   0.564900    15.2259     6.7606     -0.956     0.3410    -0.6692 -9.990e-29
 248.874184     -0.948   0.565258    15.2247     6.7650     -0.940     0.3412    -0.6688 -9.990e-29
 248.874190     -0.936   0.565096    15.2217     6.7508     -0.928     0.3411    -0.6684 -9.990e-29
 248.874196     -0.932   0.564197    15.2163     6.7385     -0.924     0.3406    -0.6680 -9.990e-29
 248.874201     -0.936   0.563034    15.2085     6.7334     -0.928     0.3399    -0.6673 -9.990e-29
 248.874207     -0.945   0.562281    15.2032     6.7319     -0.937     0.3395    -0.6668 -9.990e-29
 248.874213     -0.950   0.562602    15.2034     6.7484     -0.942     0.3397    -0.6667 -9.990e-29
 248.874219     -0.947   0.563872    15.2064     6.7612     -0.939     0.3405    -0.6665 -9.990e-29
 248.874225     -0.941   0.564448    15.2093     6.7622     -0.933     0.3408    -0.6667 -9.990e-29
 248.874230     -0.935   0.562874    15.2113     6.7597     -0.927     0.3398    -0.6678 -9.990e-29
 248.874236     -0.924   0.559834    15.2129     6.7537     -0.916     0.3379    -0.6695 -9.990e-29
 248.874242     -0.908   0.556835    15.2155     6.7416     -0.900     0.3360    -0.6714 -9.990e-29
 248.874248     -0.895   0.554328    15.2201     6.7482     -0.888     0.3344    -0.6733 -9.990e-29
 248.874253     -0.888   0.552309    15.2273     6.7597     -0.881     0.3331    -0.6755 -9.990e-29
 248.874259     -0.881   0.550865    15.2360     6.7681     -0.874     0.3321    -0.6776 -9.990e-29
 248.874265     -0.872   0.549740    15.2443     6.7817     -0.865     0.3314    -0.6794 -9.990e-29
 248.874271     -0.862   0.548550    15.2515     6.7723     -0.855     0.3306    -0.6812 -9.990e-29
 248.874277     -0.856   0.546820    15.2574     6.7581     -0.849     0.3294    -0.6830 -9.990e-29
 248.874282     -0.853   0.544469    15.2614     6.7447     -0.846     0.3280    -0.6847 -9.990e-29
 248.874288     -0.854   0.542254    15.2629     6.7504     -0.847     0.3266    -0.6860 -9.990e-29
 248.874294     -0.857   0.541116    15.2612     6.7685     -0.850     0.3259    -0.6863 -9.990e-29
 248.874300     -0.860   0.541763    15.2546     6.7868     -0.853     0.3263    -0.6849 -9.990e-29
 248.874306     -0.858   0.543947    15.2407     6.7951     -0.851     0.3278    -0.6816 -9.990e-29
 248.874311     -0.855   0.545577    15.2202     6.7918     -0.848     0.3290    -0.6776 -9.990e-29
 248.874317     -0.856   0.544936    15.2000     6.7936     -0.849     0.3287    -0.6746 -9.990e-29
 248.874323     -0.855   0.542838    15.1871     6.7781     -0.848     0.3275    -0.6736 -9.990e-29
 248.874329     -0.849   0.540935    15.1827     6.7809     -0.842     0.3264    -0.6738 -9.990e-29
 248.874334     -0.842   0.540024    15.1802     6.7742     -0.835     0.3258    -0.6738 -9.990e-29
 248.874340     -0.838   0.540006    15.1720     6.7650     -0.831     0.3259    -0.6725 -9.990e-29
 248.874346     -0.836   0.540858    15.1575     6.7650     -0.829     0.3265    -0.6698 -9.990e-29
 248.874352     -0.835   0.542605    15.1390     6.7588     -0.828     0.3278    -0.6660 -9.990e-29
 248.874358     -0.837   0.544239    15.1201     6.7564     -0.830     0.3289    -0.6622 -9.990e-29
 248.874363     -0.841   0.545161    15.1081     6.7382     -0.834     0.3296    -0.6599 -9.990e-29
 248.874369     -0.848   0.547713    15.1093     6.7256     -0.841     0.3312    -0.6588 -9.990e-29
 248.874375     -0.857   0.557523    15.1201     6.7166     -0.850     0.3372    -0.6558 -9.990e-29
 248.874381     -0.865   0.582668    15.1305     6.7196     -0.858     0.3529    -0.6453 -9.990e-29
