data/oxygen options/ONMS/Olympic_Coast_National_Marine_Sanctuary_Hypoxia_Survey_CTD_Data_2004_2015/raw_data/2014/CAST_MC020_140905faed.cnv
* Sea-Bird SBE19 Data File:
* FileName = C:\2014 Mooring Data\Casts\CAST_MC020_140905.hex
* Software Version 1.59
* Temperature SN = 2997
* Conductivity SN = 2997
* System UpLoad Time = Sep 05 2014 20:33:13
** CAST_MC020_140905
* ds
# nquan = 9                                 
# nvalues = 1080                        
# units = specified
# name 0 = timeJ: Julian Days
# name 1 = prSM: Pressure, Strain Gauge [db]
# name 2 = c0mS/cm: Conductivity [mS/cm]
# name 3 = t090C: Temperature [ITS-90, deg C]
# name 4 = sbeox0ML/L: Oxygen, SBE 43 [ml/l]
# name 5 = depSM: Depth [salt water, m], lat = 47.5
# name 6 = sal00: Salinity, Practical [PSU]
# name 7 = sigma-é00: Density [sigma-theta, kg/m^3]
# name 8 = flag: flag
# span 0 = 248.848669, 248.854913       
# span 1 =     -5.819,     20.647       
# span 2 =   0.386707,  40.323838       
# span 3 =     7.9953,    18.4304       
# span 4 =    -1.7208,    18.6802       
# span 5 =     -5.771,     20.474       
# span 6 =     0.2208,    33.7330       
# span 7 =    -1.2239,    26.1641       
# span 8 = 0.0000e+00, 0.0000e+00       
# interval = seconds: 0.5
# start_time = Sep 05 2014 20:22:05 [Instrument's time stamp, header]
# bad_flag = -9.990e-29
*END*
[from data line 961]
 248.854230     10.587  37.736256    11.8787     5.9539     10.498    32.9026    24.9833 0.0000e+00
 248.854236     10.445  37.751789    11.9015     6.1036     10.358    32.8975    24.9752 0.0000e+00
 248.854242     10.311  37.772732    11.9294     6.2741     10.225    32.8933    24.9666 0.0000e+00
 248.854248     10.182  37.790992    11.9616     6.4917     10.097    32.8826    24.9523 0.0000e+00
 248.854253     10.049  37.800717    12.0025     6.7423      9.965    32.8560    24.9240 0.0000e+00
 248.854259      9.907  37.806977    12.0555     6.9645      9.824    32.8154    24.8827 0.0000e+00
 248.854265      9.758  37.825584    12.1182     7.1293      9.676    32.7784    24.8421 0.0000e+00
 248.854271      9.599  37.872911    12.2015     7.2192      9.519    32.7511    24.8052 0.0000e+00
 248.854277      9.438  37.957781    12.3242     7.3155      9.359    32.7254    24.7621 0.0000e+00
 248.854282      9.286  38.068702    12.4670     7.4328      9.208    32.7073    24.7208 0.0000e+00
 248.854288      9.141  38.175572    12.5972     7.5166      9.065    32.6962    24.6872 0.0000e+00
 248.854294      8.995  38.260301    12.7157     7.5785      8.920    32.6741    24.6472 0.0000e+00
 248.854300      8.843  38.341545    12.8304     7.6078      8.769    32.6521    24.6079 0.0000e+00
 248.854306      8.688  38.443975    12.9498     7.5885      8.615    32.6460    24.5799 0.0000e+00
 248.854311      8.536  38.574455    13.0979     7.5570      8.465    32.6417    24.5474 0.0000e+00
 248.854317      8.392  38.725020    13.2852     7.5134      8.322    32.6225    24.4954 0.0000e+00
 248.854323      8.254  38.870108    13.4638     7.4907      8.185    32.6055    24.4466 0.0000e+00
 248.854329      8.122  38.987525    13.5655     7.4822      8.054    32.6283    24.4437 0.0000e+00
 248.854334      7.993  39.058630    13.5998     7.4639      7.926    32.6653    24.4654 0.0000e+00
 248.854340      7.862  39.088402    13.6365     7.4651      7.796    32.6618    24.4552 0.0000e+00
 248.854346      7.725  39.112624    13.7078     7.4946      7.660    32.6235    24.4112 0.0000e+00
 248.854352      7.578  39.150670    13.7982     7.5385      7.515    32.5820    24.3607 0.0000e+00
 248.854358      7.424  39.187555    13.8919     7.5875      7.362    32.5367    24.3066 0.0000e+00
 248.854363      7.266  39.197208    13.9765     7.6280      7.205    32.4742    24.2409 0.0000e+00
 248.854369      7.108  39.191396    14.0425     7.6384      7.049    32.4132    24.1802 0.0000e+00
 248.854375      6.952  39.214624    14.0969     7.6294      6.894    32.3889    24.1502 0.0000e+00
 248.854381      6.797  39.266988    14.1464     7.6527      6.740    32.3955    24.1451 0.0000e+00
 248.854387      6.641  39.307665    14.1951     7.6854      6.585    32.3920    24.1323 0.0000e+00
 248.854392      6.487  39.334732    14.2486     7.6941      6.433    32.3721    24.1058 0.0000e+00
 248.854398      6.343  39.366313    14.3156     7.7019      6.290    32.3449    24.0709 0.0000e+00
 248.854404      6.212  39.407452    14.3972     7.6426      6.160    32.3144    24.0304 -9.990e-29
 248.854410      6.095  39.451787    14.4654     7.6048      6.044    32.2981    24.0034 -9.990e-29
 248.854416      5.984  39.473624    14.5027     7.5914      5.934    32.2869    23.9870 -9.990e-29
 248.854421      5.863  39.469518    14.5263     7.5671      5.814    32.2636    23.9641 -9.990e-29
 248.854427      5.725  39.463217    14.5509     7.5658      5.677    32.2375    23.9387 0.0000e+00
 248.854433      5.574  39.469355    14.5820     7.5524      5.527    32.2173    23.9166 0.0000e+00
 248.854439      5.422  39.488254    14.6177     7.5385      5.377    32.2049    23.8996 0.0000e+00
 248.854444      5.280  39.507484    14.6449     7.5212      5.236    32.1999    23.8899 0.0000e+00
 248.854450      5.148  39.512808    14.6598     7.5100      5.105    32.1924    23.8810 0.0000e+00
 248.854456      5.018  39.507402    14.6726     7.4948      4.976    32.1770    23.8664 0.0000e+00
 248.854462      4.885  39.505409    14.6893     7.4965      4.844    32.1614    23.8509 0.0000e+00
 248.854468      4.750  39.514284    14.7098     7.4962      4.710    32.1525    23.8397 0.0000e+00
 248.854473      4.613  39.534629    14.7322     7.5010      4.574    32.1525    23.8349 0.0000e+00
 248.854479      4.473  39.561557    14.7540     7.5361      4.436    32.1590    23.8353 0.0000e+00
 248.854485      4.330  39.588845    14.7801     7.5440      4.294    32.1622    23.8322 0.0000e+00
 248.854491      4.189  39.616935    14.8256     7.5051      4.154    32.1501    23.8132 0.0000e+00
 248.854497      4.052  39.641716    14.8901     7.4673      4.018    32.1194    23.7758 0.0000e+00
 248.854502      3.915  39.655225    14.9487     7.4459      3.882    32.0834    23.7355 0.0000e+00
 248.854508      3.774  39.670427    14.9927     7.4788      3.742    32.0610    23.7089 0.0000e+00
 248.854514      3.634  39.702550    15.0386     7.5208      3.604    32.0523    23.6923 0.0000e+00
 248.854520      3.497  39.745005    15.0864     7.5004      3.468    32.0514    23.6813 0.0000e+00
 248.854525      3.363  39.781943    15.1133     7.4246      3.335    32.0626    23.6842 0.0000e+00
 248.854531      3.234  39.794651    15.1175     7.3653      3.207    32.0706    23.6894 0.0000e+00
 248.854537      3.104  39.785481    15.1229     7.3822      3.078    32.0580    23.6785 0.0000e+00
 248.854543      2.969  39.779285    15.1393     7.4583      2.944    32.0391    23.6604 0.0000e+00
 248.854549      2.831  39.784654    15.1582     7.5340      2.807    32.0285    23.6482 0.0000e+00
 248.854554      2.688  39.798635    15.1766     7.5636      2.666    32.0260    23.6423 0.0000e+00
 248.854560      2.545  39.819651    15.1963     7.5432      2.524    32.0288    23.6402 0.0000e+00
 248.854566      2.404  39.840339    15.2122     7.5335      2.384    32.0344    23.6411 0.0000e+00
 248.854572      2.262  39.847839    15.2224     7.5108      2.243    32.0329    23.6377 0.0000e+00
 248.854578      2.113  39.843168    15.2352     7.4667      2.095    32.0183    23.6237 0.0000e+00
 248.854583      1.962  39.845381    15.2572     7.4253      1.946    32.0024    23.6067 0.0000e+00
 248.854589      1.815  39.866418    15.2830     7.4093      1.800    32.0002    23.5994 0.0000e+00
 248.854595      1.676  39.898380    15.2999     7.4135      1.662    32.0151    23.6072 0.0000e+00
 248.854601      1.540  39.915353    15.3061     7.3925      1.527    32.0252    23.6136 0.0000e+00
 248.854606      1.404  39.913009    15.3119     7.3219      1.392    32.0185    23.6072 0.0000e+00
 248.854612      1.271  39.914631    15.3233     7.2391      1.260    32.0107    23.5987 0.0000e+00
 248.854618      1.146  39.926874    15.3357     8.4083      1.136    32.0115    23.5966 -9.990e-29
 248.854624      1.024  39.939661    15.3424     8.2400      1.015    32.0175    23.5998 -9.990e-29
 248.854630      0.903  39.947576    15.3469     7.5691      0.895    32.0210    23.6015 -9.990e-29
 248.854635      0.784  39.954996    15.3569     6.6608      0.777    32.0195    23.5982 -9.990e-29
 248.854641      0.667  39.960018    15.3695     5.8682      0.661    32.0138    23.5910 -9.990e-29
 248.854647      0.557  39.935633    15.3717     5.4354      0.552    31.9903    23.5724 -9.990e-29
 248.854653      0.462  39.833040    15.3547     5.3407      0.458    31.9125    23.5163 -9.990e-29
 248.854659      0.378  39.541294    15.3194     5.4301      0.375    31.6807    23.3456 -9.990e-29
 248.854664      0.305  38.718028    15.2746     5.5939      0.302    30.9823    22.8181 -9.990e-29
 248.854670      0.243  36.323973    15.2286     5.7289      0.241    28.8942    21.2224 -9.990e-29
 248.854676      0.187  29.217609    15.1843     5.8434      0.185    22.7393    16.5068 -9.990e-29
 248.854682      0.138  18.181372    15.1421     5.9306      0.137    13.5445     9.4719 -9.990e-29
 248.854688      0.098  10.061005    15.1020     6.0006      0.097     7.1442     4.5785 -9.990e-29
 248.854693      0.064   6.766274    15.0629     6.0641      0.063     4.6699     2.6877 -9.990e-29
 248.854699      0.033   5.564610    15.0235     6.1064      0.033     3.7925     2.0204 -9.990e-29
 248.854705      0.004   5.114532    14.9827     6.1470      0.004     3.4696     1.7788 -9.990e-29
 248.854711     -0.020   5.004769    14.9418     6.1553     -0.020     3.3937     1.7270 -9.990e-29
 248.854716     -0.034   5.052742    14.9041     6.1770     -0.034     3.4317     1.7621 -9.990e-29
 248.854722     -0.037   4.920219    14.8707     6.2175     -0.037     3.3386     1.6958 -9.990e-29
 248.854728     -0.039   4.594828    14.8410     6.2285     -0.039     3.1062     1.5217 -9.990e-29
 248.854734     -0.039   4.317823    14.8140     6.2554     -0.039     2.9093     1.3744 -9.990e-29
 248.854740     -0.033   4.128129    14.7894     6.2488     -0.033     2.7752     1.2751 -9.990e-29
 248.854745     -0.025   3.926528    14.7677     6.2503     -0.025     2.6328     1.1688 -9.990e-29
 248.854751     -0.020   3.640788    14.7488     6.2631     -0.020     2.4309     1.0163 -9.990e-29
 248.854757     -0.015   3.285817    14.7311     6.2724     -0.015     2.1812     0.8267 -9.990e-29
 248.854763     -0.013   2.953422    14.7134     6.2968     -0.013     1.9491     0.6505 -9.990e-29
 248.854769     -0.011   2.762102    14.6967     6.2884     -0.011     1.8165     0.5508 -9.990e-29
 248.854774     -0.010   2.703353    14.6823     6.2843     -0.010     1.7763     0.5220 -9.990e-29
 248.854780     -0.010   2.595874    14.6697     6.2650     -0.010     1.7023     0.4668 -9.990e-29
 248.854786     -0.011   2.376506    14.6580     6.2579     -0.011     1.5512     0.3521 -9.990e-29
 248.854792     -0.013   2.143463    14.6464     6.2564     -0.013     1.3917     0.2306 -9.990e-29
 248.854797     -0.016   1.954435    14.6355     6.2592     -0.016     1.2630     0.1330 -9.990e-29
 248.854803     -0.021   1.807792    14.6272     6.2608     -0.021     1.1638     0.0576 -9.990e-29
 248.854809     -0.027   1.688848    14.6222     6.2615     -0.027     1.0836    -0.0036 -9.990e-29
 248.854815     -0.035   1.588127    14.6197     6.2555     -0.035     1.0159    -0.0556 -9.990e-29
 248.854821     -0.046   1.499856    14.6187     6.2481     -0.046     0.9567    -0.1011 -9.990e-29
 248.854826     -0.060   1.429847    14.6188     6.2647     -0.059     0.9100    -0.1373 -9.990e-29
 248.854832     -0.078   1.399361    14.6198     6.2573     -0.077     0.8896    -0.1532 -9.990e-29
 248.854838     -0.097   1.438960    14.6210     6.2609     -0.096     0.9160    -0.1330 -9.990e-29
 248.854844     -0.110   1.615348    14.6222     6.2403     -0.109     1.0341    -0.0419 -9.990e-29
 248.854850     -0.112   1.901096    14.6228     6.2252     -0.111     1.2272     0.1072 -9.990e-29
 248.854855     -0.106   2.111341    14.6229     6.2343     -0.105     1.3705     0.2178 -9.990e-29
 248.854861     -0.093   2.161952    14.6236 -9.990e-29     -0.092     1.4051     0.2444 -9.990e-29
 248.854867     -0.083   2.145451    14.6255 -9.990e-29     -0.082     1.3937     0.2354 -9.990e-29
 248.854873     -0.073   2.192871    14.6286 -9.990e-29     -0.072     1.4261     0.2599 -9.990e-29
 248.854878     -0.061   2.305105    14.6323 -9.990e-29     -0.060     1.5031     0.3187 -9.990e-29
 248.854884     -0.048   2.335736    14.6356 -9.990e-29     -0.048     1.5240     0.3344 -9.990e-29
 248.854890     -0.038   2.267730    14.6377 -9.990e-29     -0.038     1.4772     0.2980 -9.990e-29
 248.854896     -0.031   2.268636    14.6383 -9.990e-29     -0.031     1.4778     0.2983 -9.990e-29
 248.854902     -0.026   2.484912    14.6381 -9.990e-29     -0.026     1.6269     0.4134 -9.990e-29
 248.854907     -0.024   2.833692    14.6379 -9.990e-29     -0.024     1.8691     0.6003 -9.990e-29
 248.854913     -0.023   3.047539 -9.990e-29 -9.990e-29     -0.023 -9.990e-29 -9.990e-29 -9.990e-29
