data/oxygen options/ONMS/Olympic_Coast_National_Marine_Sanctuary_Hypoxia_Survey_CTD_Data_2004_2015/raw_data/2014/CAST_HH025_140906faed.cnv
* Sea-Bird SBE19 Data File:
* FileName = C:\2014 Mooring Data\Casts\CAST_HH025_140906.hex
* Software Version 1.59
* Temperature SN = 2997
* Conductivity SN = 2997
* System UpLoad Time = Sep 06 2014 16:51:05
** CAST_HH025_140906
* ds
# nquan = 9                                 
# nvalues = 1159                        
# units = specified
# name 0 = timeJ: Julian Days
# name 1 = prSM: Pressure, Strain Gauge [db]
# name 2 = c0mS/cm: Conductivity [mS/cm]
# name 3 = t090C: Temperature [ITS-90, deg C]
# name 4 = sbeox0ML/L: Oxygen, SBE 43 [ml/l]
# name 5 = depSM: Depth [salt water, m], lat = 47.5
# name 6 = sal00: Salinity, Practical [PSU]
# name 7 = sigma-é00: Density [sigma-theta, kg/m^3]
# name 8 = flag: flag
# span 0 = 249.694352, 249.701053       
# span 1 =     -5.599,     27.655       
# span 2 =   0.374573,  40.299162       
# span 3 =     7.7272,    16.6169       
# span 4 =    -1.7624,    18.3501       
# span 5 =     -5.552,     27.422       
# span 6 =     0.2193,    33.4572       
# span 7 =    -0.9153,    26.0994       
# span 8 = 0.0000e+00, 0.0000e+00       
# interval = seconds: 0.5
# start_time = Sep 06 2014 16:39:52 [Instrument's time stamp, header]
# bad_flag = -9.990e-29
*END*
[from data line 161]
 249.695284     -2.298   0.395418    15.8070     6.7191     -2.279     0.2330    -0.8442 -9.990e-29
 249.695289     -2.289   0.395775    15.8047     6.7173     -2.270     0.2332    -0.8437 -9.990e-29
 249.695295     -2.281   0.395870    15.8048     6.7129     -2.262     0.2333    -0.8436 -9.990e-29
 249.695301     -2.268   0.395830    15.8068     6.7121     -2.249     0.2333    -0.8440 -9.990e-29
 249.695307     -2.250   0.395600    15.8100     6.7119     -2.231     0.2331    -0.8446 -9.990e-29
 249.695313     -2.233   0.395428    15.8123     6.7119     -2.214     0.2330    -0.8451 -9.990e-29
 249.695318     -2.222   0.395642    15.8121     6.7134     -2.203     0.2331    -0.8449 -9.990e-29
 249.695324     -2.212   0.395972    15.8108     6.7146     -2.194     0.2333    -0.8446 -9.990e-29
 249.695330     -2.196   0.396302    15.8106     6.7153     -2.178     0.2335    -0.8444 -9.990e-29
 249.695336     -2.180   0.396515    15.8114     6.7163     -2.162     0.2337    -0.8444 -9.990e-29
 249.695341     -2.165   0.396340    15.8131     6.7172     -2.147     0.2335    -0.8448 -9.990e-29
 249.695347     -2.151   0.396096    15.8161     6.7172     -2.133     0.2334    -0.8454 -9.990e-29
 249.695353     -2.138   0.396015    15.8192     6.7162     -2.120     0.2333    -0.8459 -9.990e-29
 249.695359     -2.124   0.395988    15.8202     6.7243     -2.106     0.2333    -0.8461 -9.990e-29
 249.695365     -2.108   0.395979    15.8178     6.7187     -2.090     0.2333    -0.8457 -9.990e-29
 249.695370     -2.089   0.395976    15.8123     6.7255     -2.072     0.2333    -0.8448 -9.990e-29
 249.695376     -2.066   0.395975    15.8056     6.7188     -2.049     0.2334    -0.8437 -9.990e-29
 249.695382     -2.043   0.395975    15.7993     6.7235     -2.026     0.2334    -0.8427 -9.990e-29
 249.695388     -2.021   0.395975    15.7938     6.7270     -2.004     0.2334    -0.8418 -9.990e-29
 249.695394     -1.999   0.395975    15.7899     6.7179     -1.982     0.2334    -0.8411 -9.990e-29
 249.695399     -1.981   0.395975    15.7889     6.7262     -1.964     0.2335    -0.8410 -9.990e-29
 249.695405     -1.969   0.395975    15.7896     6.7248     -1.953     0.2334    -0.8411 -9.990e-29
 249.695411     -1.959   0.395975    15.7892     6.7199     -1.943     0.2334    -0.8410 -9.990e-29
 249.695417     -1.945   0.395974    15.7864     6.7283     -1.929     0.2335    -0.8405 -9.990e-29
 249.695422     -1.930   0.395969    15.7817     6.7189     -1.914     0.2335    -0.8398 -9.990e-29
 249.695428     -1.919   0.395955    15.7765     6.7266     -1.903     0.2335    -0.8389 -9.990e-29
 249.695434     -1.910   0.395914    15.7727     6.7293     -1.894     0.2335    -0.8383 -9.990e-29
 249.695440     -1.903   0.395791    15.7702     6.7262     -1.887     0.2334    -0.8380 -9.990e-29
 249.695446     -1.897   0.395421    15.7673     6.7269     -1.881     0.2332    -0.8377 -9.990e-29
 249.695451     -1.893   0.394865    15.7637     6.7216     -1.877     0.2329    -0.8373 -9.990e-29
 249.695457     -1.889   0.394494    15.7595     6.7278     -1.873     0.2327    -0.8368 -9.990e-29
 249.695463     -1.886   0.394370    15.7550     6.7283     -1.870     0.2327    -0.8361 -9.990e-29
 249.695469     -1.883   0.394327    15.7515     6.7283     -1.867     0.2327    -0.8356 -9.990e-29
 249.695475     -1.881   0.394309    15.7502     6.7256     -1.865     0.2327    -0.8354 -9.990e-29
 249.695480     -1.878   0.394291    15.7520     6.7217     -1.862     0.2326    -0.8357 -9.990e-29
 249.695486     -1.875   0.394248    15.7573     6.7302     -1.859     0.2326    -0.8366 -9.990e-29
 249.695492     -1.872   0.394122    15.7651     6.7319     -1.856     0.2325    -0.8379 -9.990e-29
 249.695498     -1.868   0.393747    15.7742     6.7321     -1.852     0.2322    -0.8396 -9.990e-29
 249.695503     -1.863   0.393178    15.7841     6.7295     -1.847     0.2318    -0.8415 -9.990e-29
 249.695509     -1.857   0.392766    15.7939     6.7243     -1.842     0.2315    -0.8433 -9.990e-29
 249.695515     -1.850   0.392519    15.8015     6.7223     -1.835     0.2313    -0.8446 -9.990e-29
 249.695521     -1.841   0.392107    15.8065     6.7219     -1.826     0.2310    -0.8457 -9.990e-29
 249.695527     -1.829   0.391535    15.8097     6.7202     -1.814     0.2307    -0.8465 -9.990e-29
 249.695532     -1.814   0.391155    15.8110     6.7186     -1.799     0.2304    -0.8468 -9.990e-29
 249.695538     -1.794   0.391015    15.8107     6.7158     -1.779     0.2303    -0.8469 -9.990e-29
 249.695544     -1.774   0.390927    15.8109     6.7134     -1.759     0.2303    -0.8469 -9.990e-29
 249.695550     -1.755   0.390775    15.8133     6.7120     -1.740     0.2302    -0.8474 -9.990e-29
 249.695556     -1.736   0.390354    15.8189     6.7107     -1.722     0.2299    -0.8485 -9.990e-29
 249.695561     -1.721   0.389659    15.8276     6.7088     -1.707     0.2294    -0.8503 -9.990e-29
 249.695567     -1.714   0.388876    15.8373     6.7146     -1.700     0.2289    -0.8523 -9.990e-29
 249.695573     -1.708   0.388072    15.8467     6.7151     -1.694     0.2284    -0.8542 -9.990e-29
 249.695579     -1.700   0.387288    15.8576     6.7141     -1.686     0.2278    -0.8563 -9.990e-29
 249.695584     -1.689   0.386590    15.8716     6.7191     -1.675     0.2273    -0.8590 -9.990e-29
 249.695590     -1.675   0.386160    15.8875     6.7088     -1.661     0.2270    -0.8618 -9.990e-29
 249.695596     -1.660   0.385978    15.9028     6.7065     -1.646     0.2268    -0.8644 -9.990e-29
 249.695602     -1.649   0.385803    15.9158     6.7031     -1.635     0.2266    -0.8667 -9.990e-29
 249.695608     -1.640   0.385403    15.9278     6.6999     -1.626     0.2263    -0.8689 -9.990e-29
 249.695613     -1.632   0.384800    15.9401     6.7031     -1.618     0.2259    -0.8712 -9.990e-29
 249.695619     -1.626   0.384299    15.9520     6.7031     -1.612     0.2255    -0.8734 -9.990e-29
 249.695625     -1.621   0.383790    15.9620     6.7032     -1.607     0.2252    -0.8753 -9.990e-29
 249.695631     -1.617   0.383150    15.9701     6.7032     -1.604     0.2248    -0.8770 -9.990e-29
 249.695637     -1.613   0.382638    15.9770     6.7041     -1.600     0.2244    -0.8783 -9.990e-29
 249.695642     -1.609   0.382126    15.9832     6.7042     -1.596     0.2241    -0.8796 -9.990e-29
 249.695648     -1.605   0.381486    15.9899     6.7127     -1.592     0.2237    -0.8810 -9.990e-29
 249.695654     -1.601   0.380978    15.9978     6.7082     -1.588     0.2233    -0.8826 -9.990e-29
 249.695660     -1.596   0.380479    16.0049     6.7067     -1.583     0.2230    -0.8840 -9.990e-29
 249.695666     -1.590   0.379880    16.0092     6.7131     -1.577     0.2226    -0.8850 -9.990e-29
 249.695671     -1.582   0.379495    16.0107     6.7056     -1.569     0.2224    -0.8854 -9.990e-29
 249.695677     -1.573   0.379367    16.0106     6.7073     -1.560     0.2223    -0.8855 -9.990e-29
 249.695683     -1.561   0.379325    16.0092     6.7129     -1.548     0.2223    -0.8852 -9.990e-29
 249.695689     -1.547   0.379310    16.0065     6.7123     -1.534     0.2223    -0.8848 -9.990e-29
 249.695694     -1.532   0.379302    16.0026     6.7158     -1.519     0.2223    -0.8842 -9.990e-29
 249.695700     -1.521   0.379291    15.9976     6.7060     -1.508     0.2223    -0.8833 -9.990e-29
 249.695706     -1.508   0.379261    15.9923     6.6997     -1.495     0.2223    -0.8825 -9.990e-29
 249.695712     -1.493   0.379174    15.9880     6.7071     -1.481     0.2223    -0.8818 -9.990e-29
 249.695718     -1.484   0.378913    15.9850     6.7101     -1.472     0.2221    -0.8814 -9.990e-29
 249.695723     -1.479   0.378687    15.9838     6.7129     -1.467     0.2220    -0.8813 -9.990e-29
 249.695729     -1.474   0.378749    15.9841     6.7109     -1.462     0.2220    -0.8813 -9.990e-29
 249.695735     -1.474   0.378625    15.9856     6.6997     -1.462     0.2220    -0.8816 -9.990e-29
 249.695741     -1.477   0.378149    15.9879     6.6982     -1.465     0.2217    -0.8822 -9.990e-29
 249.695747     -1.477   0.377799    15.9905     6.6981     -1.465     0.2214    -0.8828 -9.990e-29
 249.695752     -1.467   0.377665    15.9936     6.7069     -1.455     0.2213    -0.8834 -9.990e-29
 249.695758     -1.453   0.377568    15.9975     6.7112     -1.441     0.2213    -0.8841 -9.990e-29
 249.695764     -1.438   0.377377    16.0017     6.7099     -1.426     0.2211    -0.8849 -9.990e-29
 249.695770     -1.420   0.377022    16.0060     6.7075     -1.408     0.2209    -0.8858 -9.990e-29
 249.695775     -1.402   0.376587    16.0098     6.6961     -1.390     0.2206    -0.8866 -9.990e-29
 249.695781     -1.389   0.376236    16.0120     6.6941     -1.377     0.2204    -0.8871 -9.990e-29
 249.695787     -1.378   0.376055    16.0124     6.6932     -1.367     0.2203    -0.8873 -9.990e-29
 249.695793     -1.370   0.375990    16.0125     6.6929     -1.359     0.2202    -0.8873 -9.990e-29
 249.695799     -1.363   0.375956    16.0144     6.7011     -1.352     0.2202    -0.8877 -9.990e-29
 249.695804     -1.358   0.375908    16.0190     6.6921     -1.347     0.2202    -0.8885 -9.990e-29
 249.695810     -1.354   0.375784    16.0256     6.6960     -1.343     0.2201    -0.8896 -9.990e-29
 249.695816     -1.351   0.375419    16.0322     6.7007     -1.340     0.2198    -0.8909 -9.990e-29
 249.695822     -1.348   0.374882    16.0370     6.6967     -1.337     0.2195    -0.8919 -9.990e-29
 249.695828     -1.345   0.374573    16.0403     6.6953     -1.334     0.2193    -0.8926 -9.990e-29
 249.695833     -1.343   0.374634    16.0447     6.6802     -1.332     0.2193    -0.8933 -9.990e-29
 249.695839     -1.340   0.375150    16.0532     6.6729     -1.329     0.2195    -0.8945 -9.990e-29
 249.695845     -1.338   0.376251    16.0672     6.6702     -1.327     0.2201    -0.8964 -9.990e-29
 249.695851     -1.335   0.377739    16.0856     6.6695     -1.324     0.2209    -0.8988 -9.990e-29
 249.695856     -1.332   0.379377    16.1052     6.6720     -1.321     0.2218    -0.9013 -9.990e-29
 249.695862     -1.328   0.381124    16.1247     6.6632     -1.317     0.2227    -0.9038 -9.990e-29
 249.695868     -1.324   0.383087    16.1461     6.6680     -1.313     0.2238    -0.9065 -9.990e-29
 249.695874     -1.318   0.385104    16.1691     6.6618     -1.307     0.2249    -0.9094 -9.990e-29
 249.695880     -1.311   0.387087    16.1904     6.6606     -1.300     0.2259    -0.9121 -9.990e-29
 249.695885     -1.301   0.389457    16.2081     6.6613     -1.290     0.2273    -0.9140 -9.990e-29
 249.695891     -1.294   0.392592    16.2234     6.6585     -1.283     0.2291    -0.9152 -9.990e-29
 249.695897     -1.292   0.397896    16.2383     6.6614     -1.281     0.2321    -0.9153 -9.990e-29
 249.695903     -1.291   0.406324    16.2513     6.6597     -1.280     0.2371    -0.9136 -9.990e-29
 249.695909     -1.287   0.416329    16.2607     6.6588     -1.276     0.2430    -0.9106 -9.990e-29
 249.695914     -1.279   0.427350    16.2669     6.6574     -1.268     0.2496    -0.9066 -9.990e-29
 249.695920     -1.271   0.440739    16.2702     6.6569     -1.260     0.2576    -0.9009 -9.990e-29
 249.695926     -1.268   0.457670    16.2719     6.6557     -1.257     0.2677    -0.8934 -9.990e-29
 249.695932     -1.264   0.479032    16.2738     6.6555     -1.253     0.2805    -0.8838 -9.990e-29
 249.695938     -1.255   0.504954    16.2764     6.6545     -1.245     0.2961    -0.8722 -9.990e-29
 249.695943     -1.241   0.533855    16.2791     6.6540     -1.231     0.3136    -0.8592 -9.990e-29
 249.695949     -1.224   0.563127    16.2819     6.6610     -1.214     0.3313    -0.8460 -9.990e-29
 249.695955     -1.213   0.591767    16.2856     6.6618     -1.203     0.3487    -0.8332 -9.990e-29
 249.695961     -1.207   0.620149    16.2904     6.6684     -1.197     0.3659    -0.8207 -9.990e-29
 249.695966     -1.201   0.646082    16.2959     6.6679     -1.191     0.3817    -0.8095 -9.990e-29
 249.695972     -1.194   0.665778    16.3017     6.6637     -1.184     0.3937    -0.8012 -9.990e-29
 249.695978     -1.186   0.677695    16.3076     6.6534     -1.176     0.4009    -0.7966 -9.990e-29
 249.695984     -1.177   0.682711    16.3133     6.6474     -1.167     0.4039    -0.7952 -9.990e-29
 249.695990     -1.167   0.683622    16.3187     6.6461     -1.157     0.4044    -0.7957 -9.990e-29
 249.695995     -1.158   0.683312    16.3236     6.6469     -1.148     0.4042    -0.7967 -9.990e-29
 249.696001     -1.154   0.683037    16.3287     6.6483     -1.144     0.4040    -0.7977 -9.990e-29
 249.696007     -1.151   0.682988    16.3349     6.6545     -1.141     0.4039    -0.7988 -9.990e-29
 249.696013     -1.145   0.683100    16.3414     6.6573     -1.135     0.4039    -0.7999 -9.990e-29
 249.696019     -1.139   0.682966    16.3471     6.6573     -1.129     0.4038    -0.8010 -9.990e-29
 249.696024     -1.137   0.681854    16.3526     6.6628     -1.128     0.4030    -0.8025 -9.990e-29
 249.696030     -1.140   0.679949    16.3586     6.6537     -1.130     0.4018    -0.8044 -9.990e-29
 249.696036     -1.142   0.677494    16.3649     6.6606     -1.132     0.4002    -0.8067 -9.990e-29
 249.696042     -1.140   0.675664    16.3705     6.6547     -1.130     0.3991    -0.8085 -9.990e-29
 249.696047     -1.134   0.678695    16.3741     6.6518     -1.125     0.4009    -0.8077 -9.990e-29
 249.696053     -1.124   0.692295    16.3743     6.6534     -1.115     0.4092    -0.8013 -9.990e-29
 249.696059     -1.112   0.724592    16.3701     6.6521     -1.103     0.4290    -0.7854 -9.990e-29
 249.696065     -1.103   0.777497    16.3628     6.6563     -1.094     0.4617    -0.7590 -9.990e-29
 249.696071     -1.096   0.834249    16.3559     6.6571     -1.087     0.4968    -0.7308 -9.990e-29
 249.696076     -1.090   0.879875    16.3512     6.6562     -1.081     0.5251    -0.7082 -9.990e-29
 249.696082     -1.086   0.914593    16.3471     6.6474     -1.077     0.5467    -0.6908 -9.990e-29
 249.696088     -1.082   0.935758    16.3415     6.6535     -1.073     0.5600    -0.6797 -9.990e-29
 249.696094     -1.079   0.941560    16.3350     6.6558     -1.070     0.5637    -0.6757 -9.990e-29
 249.696100     -1.077   0.938622    16.3297     6.6577     -1.068     0.5619    -0.6762 -9.990e-29
 249.696105     -1.074   0.934707    16.3258     6.6597     -1.065     0.5595    -0.6774 -9.990e-29
 249.696111     -1.072   0.935165    16.3217     6.6560     -1.063     0.5599    -0.6764 -9.990e-29
 249.696117     -1.070   0.939494    16.3172     6.6568     -1.061     0.5626    -0.6735 -9.990e-29
 249.696123     -1.068   0.945679    16.3143     6.6571     -1.059     0.5665    -0.6701 -9.990e-29
 249.696128     -1.066   0.953072    16.3143     6.6573     -1.057     0.5711    -0.6665 -9.990e-29
 249.696134     -1.063   0.961520    16.3153     6.6578     -1.054     0.5764    -0.6626 -9.990e-29
 249.696140     -1.060   0.972836    16.3147     6.6578     -1.051     0.5835    -0.6571 -9.990e-29
 249.696146     -1.055   0.984311    16.3131     6.6578     -1.046     0.5907    -0.6513 -9.990e-29
 249.696152     -1.050   0.990669    16.3119     6.6583     -1.041     0.5947    -0.6480 -9.990e-29
 249.696157     -1.044   0.992049    16.3111     6.6593     -1.035     0.5955    -0.6472 -9.990e-29
 249.696163     -1.035   0.990847    16.3098     6.6621     -1.026     0.5948    -0.6475 -9.990e-29
 249.696169     -1.025   0.989354    16.3076     6.6631     -1.016     0.5939    -0.6478 -9.990e-29
 249.696175     -1.015   0.988361    16.3052     6.6704     -1.007     0.5933    -0.6479 -9.990e-29
 249.696181     -1.010   0.986546    16.3037     6.6636     -1.002     0.5922    -0.6485 -9.990e-29
 249.696186     -1.006   0.983158    16.3032     6.6624     -0.998     0.5901    -0.6500 -9.990e-29
 249.696192     -0.998   0.977574    16.3030     6.6606     -0.990     0.5866    -0.6527 -9.990e-29
 249.696198     -0.989   0.970136    16.3012     6.6649     -0.981     0.5820    -0.6560 -9.990e-29
