data/oxygen options/OCNMS/OCNMS1/raw_data/2008/SBE19/CTD_CA065_052908faedb.cnv
* Sea-Bird SBE19 Data File:
* FileName = C:\2008_Mooring_Data\042408_service\CTD_CA065_052908.hex
* Software Version 1.58
* Temperature SN = 2997
* Conductivity SN = 2997
* System UpLoad Time = May 29 2008 14:23:53
* ds
* SEACAT PROFILER V3.1c SN 2997   05/29/08  14:23:10.590
# nquan = 9
# nvalues = 60                          
# units = specified
# name 0 = timeJ: Julian Days
# name 1 = prSM: Pressure, Strain Gauge [db]
# name 2 = c0mS/cm: Conductivity [mS/cm]
# name 3 = t090C: Temperature [ITS-90, deg C]
# name 4 = sbeox0ML/L: Oxygen, SBE 43 [ml/l]
# name 5 = depSM: Depth [salt water, m], lat = 47.5
# name 6 = sal00: Salinity, Practical [PSU]
# name 7 = sigma-é00: Density [sigma-theta, kg/m^3]
# name 8 = flag: flag
# span 0 = 150.566760, 150.567503       
# span 1 =      2.000,     61.000       
# span 2 =  33.978208,  36.246845       
# span 3 =     7.0589,    11.0614       
# span 4 =     2.2957,     8.1874       
# span 5 =      1.983,     60.482       
# span 6 =    32.1256,    33.7184       
# span 7 =    24.5600,    26.4020       
# span 8 = 0.0000e+00, 0.0000e+00       
# interval = decibars: 1                
# start_time = May 29 2008 13:32:24 [Instrument's time stamp, header]
# bad_flag = -9.990e-29
*END*
 150.566760      2.000  36.246845    11.0614     8.0839      1.983    32.1677    24.5600 0.0000e+00
 150.566781      3.000  35.995273    10.7513     8.1874      2.975    32.1903    24.6317 0.0000e+00
 150.566799      4.000  35.790384    10.5730     8.1021      3.966    32.1429    24.6255 0.0000e+00
 150.566816      5.000  35.713032    10.5046     8.0223      4.958    32.1256    24.6237 0.0000e+00
 150.566831      6.000  35.672942    10.4532     7.9309      5.950    32.1304    24.6363 0.0000e+00
 150.566845      7.000  35.594375    10.3593     7.6507      6.941    32.1343    24.6551 0.0000e+00
 150.566860      8.000  35.480926    10.2047     6.8815      7.933    32.1567    24.6987 0.0000e+00
 150.566873      9.000  35.382045    10.0376     6.2692      8.925    32.2051    24.7642 0.0000e+00
 150.566887     10.000  35.303127     9.8020     5.9267      9.916    32.3352    24.9046 0.0000e+00
 150.566898     11.000  35.165632     9.5802     5.2278     10.908    32.3942    24.9867 0.0000e+00
 150.566910     12.000  35.072201     9.4337     4.5618     11.899    32.4306    25.0385 0.0000e+00
 150.566921     13.000  34.881658     9.0729     4.3383     12.891    32.5621    25.1982 0.0000e+00
 150.566933     14.000  34.582761     8.6426     4.2820     13.883    32.6454    25.3299 0.0000e+00
 150.566944     15.000  34.332279     8.3650     4.1647     14.874    32.6384    25.3663 0.0000e+00
 150.566956     16.000  34.236079     8.2716     3.8809     15.866    32.6230    25.3679 0.0000e+00
 150.566968     17.000  34.160456     8.1438     3.6583     16.858    32.6612    25.4167 0.0000e+00
 150.566980     18.000  34.094199     7.9698     3.5551     17.849    32.7529    25.5140 0.0000e+00
 150.566992     19.000  34.040028     7.8248     3.4601     18.841    32.8307    25.5960 0.0000e+00
 150.567003     20.000  34.007370     7.7380     3.3300     19.832    32.8770    25.6448 0.0000e+00
 150.567015     21.000  33.989811     7.6780     3.3339     20.824    32.9143    25.6826 0.0000e+00
 150.567026     22.000  33.979735     7.6303     3.3372     21.815    32.9482    25.7160 0.0000e+00
 150.567037     23.000  33.978208     7.5971     3.2896     22.807    32.9776    25.7438 0.0000e+00
 150.567049     24.000  33.983392     7.5771     3.1810     23.798    33.0017    25.7656 0.0000e+00
 150.567058     25.000  33.988769     7.5555     3.0788     24.790    33.0275    25.7890 0.0000e+00
 150.567069     26.000  33.994041     7.5273     3.0085     25.781    33.0596    25.8181 0.0000e+00
 150.567080     27.000  34.002711     7.4870     2.9773     26.773    33.1069    25.8611 0.0000e+00
 150.567092     28.000  34.012155     7.4517     2.9501     27.764    33.1503    25.9001 0.0000e+00
 150.567104     29.000  34.014802     7.4310     2.9329     28.756    33.1725    25.9205 0.0000e+00
 150.567116     30.000  34.012771     7.4099     2.9102     29.748    33.1900    25.9372 0.0000e+00
 150.567127     31.000  34.009708     7.3952     2.8618     30.739    33.2004    25.9474 0.0000e+00
 150.567138     32.000  34.009055     7.3825     2.7998     31.730    33.2113    25.9578 0.0000e+00
 150.567150     33.000  34.011483     7.3639     2.7219     32.722    33.2313    25.9762 0.0000e+00
 150.567161     34.000  34.016025     7.3365     2.6804     33.713    33.2621    26.0042 0.0000e+00
 150.567173     35.000  34.025610     7.2990     2.6937     34.705    33.3081    26.0455 0.0000e+00
 150.567185     36.000  34.037424     7.2638     2.6977     35.696    33.3544    26.0869 0.0000e+00
 150.567196     37.000  34.051559     7.2401     2.6952     36.688    33.3923    26.1200 0.0000e+00
 150.567210     38.000  34.061253     7.2226     2.6725     37.679    33.4193    26.1436 0.0000e+00
 150.567223     39.000  34.064630     7.1925     2.6341     38.671    33.4515    26.1732 0.0000e+00
 150.567236     40.000  34.065889     7.1743     2.5693     39.662    33.4701    26.1903 0.0000e+00
 150.567248     41.000  34.069816     7.1599     2.4811     40.654    33.4878    26.2063 0.0000e+00
 150.567260     42.000  34.088380     7.1329     2.4496     41.645    33.5339    26.2463 0.0000e+00
 150.567272     43.000  34.116215     7.1105     2.4580     42.637    33.5856    26.2901 0.0000e+00
 150.567284     44.000  34.130986     7.0973     2.4384     43.628    33.6142    26.3144 0.0000e+00
 150.567296     45.000  34.138201     7.0790     2.4271     44.620    33.6394    26.3368 0.0000e+00
 150.567308     46.000  34.147622     7.0690     2.4029     45.611    33.6590    26.3537 0.0000e+00
 150.567320     47.000  34.158572     7.0644     2.3725     46.602    33.6750    26.3669 0.0000e+00
 150.567331     48.000  34.173821     7.0608     2.3544     47.594    33.6947    26.3828 0.0000e+00
 150.567343     49.000  34.188703     7.0607     2.3459     48.585    33.7107    26.3954 0.0000e+00
 150.567354     50.000  34.192753     7.0603     2.3450     49.577    33.7149    26.3989 0.0000e+00
 150.567366     51.000  34.194448     7.0605     2.3416     50.568    33.7162    26.3999 0.0000e+00
 150.567377     52.000  34.195954     7.0610     2.3476     51.560    33.7168    26.4002 0.0000e+00
 150.567389     53.000  34.196224     7.0606     2.3348     52.551    33.7170    26.4005 0.0000e+00
 150.567402     54.000  34.196355     7.0604     2.3306     53.543    33.7168    26.4004 0.0000e+00
 150.567415     55.000  34.197379     7.0603     2.3350     54.533    33.7176    26.4010 0.0000e+00
 150.567430     56.000  34.197196     7.0594     2.3258     55.525    33.7178    26.4013 0.0000e+00
 150.567442     57.000  34.196300     7.0596     2.3174     56.517    33.7161    26.4000 0.0000e+00
 150.567455     58.000  34.197320     7.0595     2.3071     57.508    33.7169    26.4006 0.0000e+00
 150.567468     59.000  34.198113     7.0591     2.3035     58.499    33.7176    26.4013 0.0000e+00
 150.567483     60.000  34.199158     7.0589     2.2957     59.491    33.7184    26.4020 0.0000e+00
 150.567503     61.000  34.199989     7.0596     2.3006     60.482    33.7182    26.4017 0.0000e+00
