data/oxygen options/OCNMS/OCNMS1/raw_data/2008/SBE19/CTD_CA065_052908faed.cnv
* Sea-Bird SBE19 Data File:
* FileName = C:\2008_Mooring_Data\042408_service\CTD_CA065_052908.hex
* Software Version 1.58
* Temperature SN = 2997
* Conductivity SN = 2997
* System UpLoad Time = May 29 2008 14:23:53
* ds
* SEACAT PROFILER V3.1c SN 2997   05/29/08  14:23:10.590
# nquan = 9                                 
# nvalues = 1908                        
# units = specified
# name 0 = timeJ: Julian Days
# name 1 = prSM: Pressure, Strain Gauge [db]
# name 2 = c0mS/cm: Conductivity [mS/cm]
# name 3 = t090C: Temperature [ITS-90, deg C]
# name 4 = sbeox0ML/L: Oxygen, SBE 43 [ml/l]
# name 5 = depSM: Depth [salt water, m], lat = 47.5
# name 6 = sal00: Salinity, Practical [PSU]
# name 7 = sigma-é00: Density [sigma-theta, kg/m^3]
# name 8 = flag: flag
# span 0 = 150.564167, 150.575203       
# span 1 =     -5.307,     61.287       
# span 2 =   0.030999,  36.346044       
# span 3 =     7.0589,    11.1376       
# span 4 =    -1.6825,    15.6180       
# span 5 =     -5.263,     60.766       
# span 6 =     0.0223,    33.7187       
# span 7 =    -0.3851,    26.4022       
# span 8 = 0.0000e+00, 0.0000e+00       
# interval = seconds: 0.5
# start_time = May 29 2008 13:32:24 [Instrument's time stamp, header]
# bad_flag = -9.990e-29
*END*
[from data line 641]
 150.567876     37.646  34.061463     7.1602     2.5340     37.328    33.4801    26.2001 0.0000e+00
 150.567882     37.221  34.059599     7.1643     2.5332     36.907    33.4743    26.1950 0.0000e+00
 150.567888     36.792  34.057364     7.1718     2.5480     36.482    33.4648    26.1865 0.0000e+00
 150.567894     36.358  34.053471     7.1850     2.5548     36.051    33.4480    26.1714 0.0000e+00
 150.567899     35.921  34.047783     7.2045     2.5665     35.618    33.4231    26.1491 0.0000e+00
 150.567905     35.486  34.041133     7.2264     2.5822     35.187    33.3949    26.1239 0.0000e+00
 150.567911     35.062  34.034190     7.2445     2.5800     34.766    33.3700    26.1018 0.0000e+00
 150.567917     34.655  34.027235     7.2566     2.5957     34.363    33.3510    26.0852 0.0000e+00
 150.567922     34.268  34.021093     7.2653     2.5950     33.979    33.3361    26.0722 0.0000e+00
 150.567928     33.904  34.017111     7.2743     2.6124     33.618    33.3232    26.0609 0.0000e+00
 150.567934     33.565  34.014475     7.2838     2.6361     33.282    33.3114    26.0502 0.0000e+00
 150.567940     33.250  34.013045     7.2912     2.6476     32.970    33.3028    26.0425 0.0000e+00
 150.567946     32.957  34.013166     7.2968     2.6627     32.679    33.2977    26.0377 0.0000e+00
 150.567951     32.684  34.012214     7.3056     2.6536     32.409    33.2883    26.0291 0.0000e+00
 150.567957     32.431  34.008933     7.3189     2.6498     32.158    33.2721    26.0145 0.0000e+00
 150.567963     32.203  34.004561     7.3316     2.6577     31.932    33.2553    25.9994 0.0000e+00
 150.567969     32.012  34.001124     7.3380     2.6710     31.742    33.2455    25.9909 0.0000e+00
 150.567975     31.862  34.001336     7.3351     2.6968     31.594    33.2486    25.9937 -9.990e-29
 150.567980     31.748  34.003812     7.3293     2.7053     31.481    33.2569    26.0010 -9.990e-29
 150.567986     31.663  34.004585     7.3282     2.7132     31.396    33.2588    26.0027 -9.990e-29
 150.567992     31.602  34.003017     7.3319     2.7145     31.336    33.2536    25.9981 -9.990e-29
 150.567998     31.560  34.000386     7.3392     2.7212     31.294    33.2437    25.9893 -9.990e-29
 150.568003     31.535  33.998237     7.3501     2.7147     31.269    33.2309    25.9777 -9.990e-29
 150.568009     31.525  33.997075     7.3624     2.7217     31.260    33.2179    25.9658 -9.990e-29
 150.568015     31.526  33.995924     7.3713     2.7284     31.260    33.2081    25.9568 -9.990e-29
 150.568021     31.529  33.994381     7.3739     2.7280     31.263    33.2039    25.9532 -9.990e-29
 150.568027     31.530  33.993761     7.3724     2.7245     31.264    33.2047    25.9540 -9.990e-29
 150.568032     31.528  33.994372     7.3734     2.7180     31.262    33.2044    25.9536 -9.990e-29
 150.568038     31.525  33.994798     7.3792     2.7314     31.260    33.1993    25.9488 -9.990e-29
 150.568044     31.519  33.994498     7.3855     2.7262     31.254    33.1929    25.9429 -9.990e-29
 150.568050     31.510  33.993640     7.3881     2.7365     31.245    33.1895    25.9399 -9.990e-29
 150.568056     31.499  33.992774     7.3867     2.7248     31.234    33.1899    25.9404 -9.990e-29
 150.568061     31.483  33.992437     7.3842     2.7281     31.218    33.1920    25.9423 -9.990e-29
 150.568067     31.466  33.992752     7.3847     2.7313     31.201    33.1918    25.9422 -9.990e-29
 150.568073     31.456  33.993591     7.3883     2.7330     31.191    33.1893    25.9397 -9.990e-29
 150.568079     31.457  33.994403     7.3918     2.7413     31.192    33.1868    25.9372 -9.990e-29
 150.568084     31.467  33.994601     7.3936     2.7363     31.202    33.1853    25.9358 -9.990e-29
 150.568090     31.485  33.994459     7.3950     2.7345     31.220    33.1838    25.9344 -9.990e-29
 150.568096     31.502  33.994362     7.3962     2.7296     31.237    33.1825    25.9333 -9.990e-29
 150.568102     31.515  33.994189     7.3966     2.7330     31.250    33.1820    25.9328 -9.990e-29
 150.568108     31.521  33.993723     7.3965     2.7348     31.256    33.1815    25.9324 -9.990e-29
 150.568113     31.512  33.992913     7.3965     2.7415     31.247    33.1807    25.9318 -9.990e-29
 150.568119     31.486  33.992369     7.3965     2.7481     31.221    33.1801    25.9313 -9.990e-29
 150.568125     31.456  33.992494     7.3963     2.7397     31.191    33.1804    25.9316 -9.990e-29
 150.568131     31.432  33.992909     7.3965     2.7365     31.167    33.1807    25.9318 -9.990e-29
 150.568137     31.420  33.993618     7.3978     2.7313     31.155    33.1802    25.9312 -9.990e-29
 150.568142     31.426  33.994458     7.3993     2.7297     31.161    33.1797    25.9306 -9.990e-29
 150.568148     31.444  33.994880     7.4001     2.7329     31.179    33.1794    25.9302 -9.990e-29
 150.568154     31.467  33.994895     7.4001     2.7329     31.202    33.1794    25.9302 -9.990e-29
 150.568160     31.489  33.994535     7.3996     2.7397     31.224    33.1795    25.9304 -9.990e-29
 150.568166     31.502  33.993891     7.3992     2.7278     31.237    33.1792    25.9302 -9.990e-29
 150.568171     31.502  33.993236     7.3994     2.7446     31.237    33.1783    25.9294 -9.990e-29
 150.568177     31.494  33.992827     7.3996     2.7347     31.229    33.1776    25.9289 -9.990e-29
 150.568183     31.482  33.992691     7.3995     2.7313     31.217    33.1776    25.9289 -9.990e-29
 150.568189     31.466  33.992655     7.3997     2.7397     31.201    33.1774    25.9287 -9.990e-29
 150.568194     31.447  33.992684     7.4001     2.7348     31.182    33.1770    25.9284 -9.990e-29
 150.568200     31.434  33.992826     7.4006     2.7482     31.169    33.1767    25.9280 -9.990e-29
 150.568206     31.429  33.993283     7.4010     2.7413     31.164    33.1768    25.9281 -9.990e-29
 150.568212     31.434  33.994115     7.4011     2.7429     31.169    33.1776    25.9287 -9.990e-29
 150.568218     31.443  33.994762     7.4011     2.7362     31.178    33.1783    25.9292 -9.990e-29
 150.568223     31.453  33.994978     7.4010     2.7261     31.188    33.1786    25.9295 -9.990e-29
 150.568229     31.469  33.995060     7.4009     2.7329     31.204    33.1788    25.9297 -9.990e-29
 150.568235     31.492  33.995129     7.4010     2.7329     31.227    33.1788    25.9296 -9.990e-29
 150.568241     31.514  33.995288     7.4011     2.7381     31.249    33.1788    25.9297 -9.990e-29
 150.568247     31.534  33.995200     7.4011     2.7398     31.268    33.1787    25.9296 -9.990e-29
 150.568252     31.548  33.994758     7.4012     2.7366     31.282    33.1782    25.9291 -9.990e-29
 150.568258     31.548  33.994503     7.4019     2.7363     31.282    33.1772    25.9283 -9.990e-29
 150.568264     31.534  33.994666     7.4027     2.7428     31.268    33.1766    25.9277 -9.990e-29
 150.568270     31.518  33.994915     7.4032     2.7445     31.253    33.1764    25.9275 -9.990e-29
 150.568275     31.513  33.995035     7.4038     2.7379     31.248    33.1760    25.9270 -9.990e-29
 150.568281     31.521  33.995197     7.4042     2.7413     31.256    33.1758    25.9268 -9.990e-29
 150.568287     31.539  33.995069     7.4038     2.7396     31.273    33.1760    25.9271 -9.990e-29
 150.568293     31.561  33.994491     7.4028     2.7411     31.295    33.1763    25.9275 -9.990e-29
 150.568299     31.578  33.993823     7.4016     2.7426     31.312    33.1767    25.9280 -9.990e-29
 150.568304     31.583  33.993303     7.4012     2.7328     31.317    33.1766    25.9279 -9.990e-29
 150.568310     31.573  33.993368     7.4024     2.7312     31.307    33.1755    25.9269 -9.990e-29
 150.568316     31.550  33.994115     7.4039     2.7312     31.284    33.1749    25.9262 -9.990e-29
 150.568322     31.527  33.994871     7.4045     2.7329     31.261    33.1751    25.9263 -9.990e-29
 150.568328     31.514  33.994978     7.4045     2.7364     31.249    33.1752    25.9264 -9.990e-29
 150.568333     31.512  33.994589     7.4046     2.7430     31.247    33.1747    25.9260 -9.990e-29
 150.568339     31.510  33.994317     7.4055     2.7446     31.245    33.1736    25.9249 -9.990e-29
 150.568345     31.505  33.994369     7.4066     2.7378     31.240    33.1726    25.9240 -9.990e-29
 150.568351     31.496  33.994638     7.4067     2.7409     31.231    33.1728    25.9241 -9.990e-29
 150.568356     31.487  33.994928     7.4058     2.7259     31.222    33.1740    25.9252 -9.990e-29
 150.568362     31.487  33.994888     7.4050     2.7377     31.222    33.1747    25.9259 -9.990e-29
 150.568368     31.494  33.994475     7.4045     2.7361     31.229    33.1747    25.9259 -9.990e-29
 150.568374     31.501  33.994077     7.4040     2.7345     31.236    33.1748    25.9261 -9.990e-29
 150.568380     31.505  33.993730     7.4036     2.7446     31.240    33.1748    25.9261 -9.990e-29
 150.568385     31.500  33.993536     7.4036     2.7344     31.235    33.1746    25.9260 -9.990e-29
 150.568391     31.483  33.993803     7.4043     2.7431     31.218    33.1742    25.9256 -9.990e-29
 150.568397     31.457  33.994333     7.4054     2.7431     31.192    33.1737    25.9250 -9.990e-29
 150.568403     31.428  33.994717     7.4063     2.7414     31.163    33.1733    25.9246 -9.990e-29
 150.568409     31.408  33.994915     7.4066     2.7362     31.144    33.1732    25.9245 -9.990e-29
 150.568414     31.404  33.995198     7.4064     2.7311     31.140    33.1737    25.9249 -9.990e-29
 150.568420     31.411  33.995390     7.4058     2.7310     31.146    33.1745    25.9256 -9.990e-29
 150.568426     31.426  33.995193     7.4053     2.7262     31.161    33.1748    25.9259 -9.990e-29
 150.568432     31.445  33.994911     7.4050     2.7346     31.180    33.1747    25.9259 -9.990e-29
 150.568437     31.461  33.994731     7.4047     2.7297     31.196    33.1748    25.9260 -9.990e-29
 150.568443     31.474  33.994419     7.4039     2.7364     31.209    33.1752    25.9264 -9.990e-29
 150.568449     31.487  33.994127     7.4031     2.7396     31.222    33.1757    25.9269 -9.990e-29
 150.568455     31.490  33.994029     7.4032     2.7378     31.225    33.1755    25.9267 -9.990e-29
 150.568461     31.484  33.994001     7.4041     2.7394     31.219    33.1746    25.9259 -9.990e-29
 150.568466     31.478  33.994013     7.4050     2.7294     31.213    33.1737    25.9251 -9.990e-29
 150.568472     31.480  33.994088     7.4052     2.7345     31.215    33.1736    25.9250 -9.990e-29
 150.568478     31.493  33.994332     7.4048     2.7295     31.228    33.1743    25.9256 -9.990e-29
 150.568484     31.514  33.994515     7.4042     2.7363     31.249    33.1750    25.9262 -9.990e-29
 150.568490     31.537  33.994328     7.4037     2.7394     31.271    33.1753    25.9265 -9.990e-29
 150.568495     31.554  33.994088     7.4037     2.7377     31.288    33.1750    25.9263 -9.990e-29
 150.568501     31.558  33.994040     7.4043     2.7393     31.292    33.1744    25.9257 -9.990e-29
 150.568507     31.548  33.994125     7.4052     2.7293     31.282    33.1736    25.9250 -9.990e-29
 150.568513     31.533  33.994461     7.4059     2.7345     31.267    33.1733    25.9247 -9.990e-29
 150.568519     31.521  33.994945     7.4061     2.7362     31.256    33.1737    25.9249 -9.990e-29
 150.568524     31.515  33.995109     7.4059     2.7381     31.250    33.1740    25.9252 -9.990e-29
 150.568530     31.510  33.994617     7.4054     2.7397     31.245    33.1740    25.9253 -9.990e-29
 150.568536     31.501  33.993939     7.4053     2.7297     31.236    33.1734    25.9248 -9.990e-29
 150.568542     31.489  33.993856     7.4059     2.7346     31.224    33.1727    25.9242 -9.990e-29
 150.568547     31.476  33.994265     7.4067     2.7295     31.211    33.1724    25.9238 -9.990e-29
 150.568553     31.471  33.994596     7.4073     2.7295     31.206    33.1722    25.9236 -9.990e-29
 150.568559     31.477  33.994738     7.4074     2.7244     31.212    33.1722    25.9236 -9.990e-29
 150.568565     31.495  33.994888     7.4070     2.7342     31.230    33.1728    25.9241 -9.990e-29
 150.568571     31.521  33.994692     7.4062     2.7342     31.256    33.1733    25.9246 -9.990e-29
 150.568576     31.549  33.993894     7.4053     2.7409     31.283    33.1733    25.9247 -9.990e-29
 150.568582     31.572  33.993113     7.4047     2.7360     31.306    33.1730    25.9246 -9.990e-29
 150.568588     31.583  33.992996     7.4047     2.7228     31.317    33.1729    25.9245 -9.990e-29
 150.568594     31.578  33.993390     7.4053     2.7364     31.312    33.1727    25.9243 -9.990e-29
 150.568600     31.557  33.993707     7.4060     2.7314     31.291    33.1724    25.9239 -9.990e-29
 150.568605     31.523  33.993818     7.4063     2.7413     31.258    33.1723    25.9238 -9.990e-29
 150.568611     31.483  33.993876     7.4066     2.7429     31.218    33.1721    25.9236 -9.990e-29
 150.568617     31.441  33.993965     7.4073     2.7311     31.176    33.1715    25.9230 -9.990e-29
 150.568623     31.409  33.994210     7.4079     2.7312     31.144    33.1712    25.9227 -9.990e-29
 150.568628     31.397  33.994384     7.4078     2.7213     31.133    33.1715    25.9230 -9.990e-29
 150.568634     31.409  33.994165     7.4068     2.7347     31.144    33.1722    25.9237 -9.990e-29
 150.568640     31.441  33.993829     7.4055     2.7344     31.176    33.1731    25.9245 -9.990e-29
 150.568646     31.482  33.993493     7.4046     2.7343     31.217    33.1736    25.9250 -9.990e-29
 150.568652     31.519  33.993273     7.4044     2.7341     31.254    33.1735    25.9250 -9.990e-29
 150.568657     31.540  33.993443     7.4050     2.7224     31.274    33.1731    25.9246 -9.990e-29
 150.568663     31.546  33.993672     7.4058     2.7309     31.280    33.1726    25.9241 -9.990e-29
 150.568669     31.548  33.993713     7.4061     2.7327     31.282    33.1723    25.9239 -9.990e-29
 150.568675     31.548  33.993628     7.4059     2.7412     31.282    33.1724    25.9240 -9.990e-29
 150.568681     31.548  33.993310     7.4053     2.7447     31.282    33.1727    25.9242 -9.990e-29
 150.568686     31.542  33.992900     7.4054     2.7413     31.276    33.1721    25.9238 -9.990e-29
 150.568692     31.523  33.992979     7.4066     2.7329     31.258    33.1711    25.9228 -9.990e-29
 150.568698     31.488  33.993658     7.4081     2.7279     31.223    33.1704    25.9220 -9.990e-29
 150.568704     31.448  33.994168     7.4090     2.7280     31.183    33.1701    25.9217 -9.990e-29
 150.568709     31.419  33.994074     7.4088     2.7230     31.154    33.1702    25.9218 -9.990e-29
 150.568715     31.410  33.993820     7.4079     2.7313     31.145    33.1708    25.9224 -9.990e-29
 150.568721     31.425  33.993633     7.4071     2.7328     31.160    33.1713    25.9229 -9.990e-29
 150.568727     31.462  33.993272     7.4065     2.7276     31.197    33.1715    25.9232 -9.990e-29
 150.568733     31.510  33.992820     7.4061     2.7276     31.245    33.1714    25.9231 -9.990e-29
 150.568738     31.555  33.992798     7.4059     2.7242     31.289    33.1715    25.9232 -9.990e-29
 150.568744     31.586  33.993181     7.4060     2.7260     31.320    33.1718    25.9235 -9.990e-29
 150.568750     31.601  33.993365     7.4061     2.7296     31.335    33.1719    25.9235 -9.990e-29
 150.568756     31.602  33.993042     7.4056     2.7364     31.336    33.1721    25.9237 -9.990e-29
 150.568762     31.589  33.992350     7.4049     2.7380     31.323    33.1720    25.9237 -9.990e-29
 150.568767     31.560  33.992051     7.4049     2.7446     31.294    33.1717    25.9235 -9.990e-29
 150.568773     31.518  33.992312     7.4054     2.7378     31.253    33.1715    25.9233 -9.990e-29
 150.568779     31.473  33.992366     7.4061     2.7327     31.208    33.1709    25.9227 -9.990e-29
 150.568785     31.440  33.992293     7.4068     2.7308     31.175    33.1702    25.9221 -9.990e-29
 150.568791     31.428  33.992563     7.4072     2.7224     31.163    33.1701    25.9219 -9.990e-29
