data/oxygen options/OCNMS/OCNMS1/raw_data/2008/SBE19/CTD_MB015_052908faed.cnv
* Sea-Bird SBE19 Data File:
* FileName = C:\2008_Mooring_Data\042408_service\CTD_MB015_052908.hex
* Software Version 1.58
* Temperature SN = 2997
* Conductivity SN = 2997
* System UpLoad Time = May 29 2008 12:22:25
* ds
* SEACAT PROFILER V3.1c SN 2997   05/29/08  12:21:38.485
# nquan = 9                                 
# nvalues = 530                         
# units = specified
# name 0 = timeJ: Julian Days
# name 1 = prSM: Pressure, Strain Gauge [db]
# name 2 = c0mS/cm: Conductivity [mS/cm]
# name 3 = t090C: Temperature [ITS-90, deg C]
# name 4 = sbeox0ML/L: Oxygen, SBE 43 [ml/l]
# name 5 = depSM: Depth [salt water, m], lat = 47.5
# name 6 = sal00: Salinity, Practical [PSU]
# name 7 = sigma-é00: Density [sigma-theta, kg/m^3]
# name 8 = flag: flag
# span 0 = 150.487025, 150.490087       
# span 1 =     -5.234,     16.801       
# span 2 =   0.095519,  35.586531       
# span 3 =     8.4694,    10.5926       
# span 4 =   -15.2213,    17.0950       
# span 5 =     -5.190,     16.660       
# span 6 =     0.0647,    33.0021       
# span 7 =    -0.2004,    25.6277       
# span 8 = 0.0000e+00, 0.0000e+00       
# interval = seconds: 0.5
# start_time = May 29 2008 11:41:19 [Instrument's time stamp, header]
# bad_flag = -9.990e-29
*END*
[from data line 481]
 150.489809     15.546  34.983877     9.0135     4.1930     15.416    32.7213    25.3323 0.0000e+00
 150.489815     15.893  34.953505     8.8653     4.3542     15.760    32.8263    25.4375 0.0000e+00
 150.489821     16.208  34.906420     8.6920     4.6118     16.072    32.9378    25.5515 0.0000e+00
 150.489826     16.471  34.839425     8.5475     4.8854     16.333    33.0021    25.6239 0.0000e+00
 150.489832     16.665  34.764626     8.4733     5.1182     16.525    32.9927    25.6277 -9.990e-29
 150.489838     16.777  34.699524     8.4694     5.2565     16.636    32.9277    25.5773 -9.990e-29
 150.489844     16.801  34.672621     8.5166     5.3363     16.660    32.8553    25.5135 -9.990e-29
 150.489850     16.734  34.709806     8.6067     5.4276     16.594    32.8106    25.4648 -9.990e-29
 150.489855     16.576  34.784476     8.7214     5.8675     16.437    32.7826    25.4254 0.0000e+00
 150.489861     16.326  34.847190     8.8188     6.1949     16.189    32.7581    25.3913 0.0000e+00
 150.489867     15.985  34.884109     8.8637     6.5451     15.851    32.7553    25.3822 0.0000e+00
 150.489873     15.560  34.896864     8.8886     6.8365     15.430    32.7458    25.3709 0.0000e+00
 150.489878     15.061  34.900802     8.9605     7.0316     14.935    32.6839    25.3113 0.0000e+00
 150.489884     14.492  34.922465     9.0814     7.2787     14.371    32.5957    25.2234 0.0000e+00
 150.489890     13.870  34.967768     9.2063     7.4499     13.754    32.5287    25.1514 0.0000e+00
 150.489896     13.215  35.020381     9.3175     7.5383     13.104    32.4821    25.0973 0.0000e+00
 150.489902     12.541  35.066452     9.4284     7.5655     12.436    32.4291    25.0383 0.0000e+00
 150.489907     11.856  35.113090     9.5433     7.5452     11.757    32.3734    24.9763 0.0000e+00
 150.489913     11.176  35.164796     9.6463     7.4898     11.082    32.3337    24.9287 0.0000e+00
 150.489919     10.523  35.210419     9.7197     7.4379     10.435    32.3146    24.9018 0.0000e+00
 150.489925      9.902  35.243024     9.7625     7.3810      9.819    32.3096    24.8910 0.0000e+00
 150.489931      9.308  35.263528     9.7900     7.3348      9.230    32.3061    24.8837 0.0000e+00
 150.489936      8.738  35.276874     9.8202     7.2993      8.665    32.2928    24.8684 0.0000e+00
 150.489942      8.189  35.295821     9.8583     7.2785      8.120    32.2782    24.8508 0.0000e+00
 150.489948      7.660  35.324909     9.8925     7.2779      7.596    32.2773    24.8445 0.0000e+00
 150.489954      7.157  35.350824     9.9131     7.2852      7.097    32.2854    24.8474 0.0000e+00
 150.489959      6.686  35.367793     9.9222     7.2830      6.630    32.2947    24.8531 0.0000e+00
 150.489965      6.243  35.378282     9.9247     7.2816      6.191    32.3033    24.8594 0.0000e+00
 150.489971      5.817  35.382273     9.9259     7.3031      5.768    32.3064    24.8617 0.0000e+00
 150.489977      5.398  35.384529     9.9375     7.3645      5.353    32.2985    24.8536 0.0000e+00
 150.489983      4.976  35.391982     9.9642     7.4933      4.934    32.2824    24.8366 0.0000e+00
 150.489988      4.547  35.407845     9.9940     7.6465      4.509    32.2720    24.8235 0.0000e+00
 150.489994      4.116  35.428061    10.0175     9.3564      4.082    32.2717    24.8194 0.0000e+00
 150.490000      3.695  35.446536    10.0375     9.7179      3.664    32.2727    24.8169 0.0000e+00
 150.490006      3.283  35.462703    10.0620     8.5857      3.256    32.2673    24.8086 0.0000e+00
 150.490012      2.876  35.475711    10.1022    -9.2150      2.852    32.2448    24.7844 0.0000e+00
 150.490017      2.477  35.483299    10.1560   -15.0638      2.456    32.2048    24.7441 0.0000e+00
 150.490023      2.094  35.474861    10.2104   -15.2213      2.077    32.1481    24.6909 0.0000e+00
 150.490029      1.735  35.406660    10.2641   -10.9700      1.721    32.0322    24.5915 0.0000e+00
 150.490035      1.401  35.158638    10.3266 -9.990e-29      1.389    31.7285    24.3443 0.0000e+00
 150.490041      1.097  34.393387    10.4030 -9.990e-29      1.088    30.8980    23.6846 0.0000e+00
 150.490046      0.829  32.124757    10.4718 -9.990e-29      0.822    28.5945    21.8801 0.0000e+00
 150.490052      0.607  25.501033    10.5015 -9.990e-29      0.602    22.1535    16.8700 0.0000e+00
 150.490058      0.432  16.104614    10.4923 -9.990e-29      0.428    13.4174    10.0940 0.0000e+00
 150.490064      0.303  12.943415    10.4644 -9.990e-29      0.300    10.5953     7.9086 -9.990e-29
 150.490069      0.215  16.826939    10.4321 -9.990e-29      0.213    14.0959    10.6280 -9.990e-29
 150.490075      0.159  17.777862    10.4034 -9.990e-29      0.158    14.9763    11.3146 -9.990e-29
 150.490081      0.127  13.251264    10.3907 -9.990e-29      0.126    10.8903     8.1464 -9.990e-29
 150.490087      0.116   9.033029 -9.990e-29 -9.990e-29      0.115 -9.990e-29 -9.990e-29 -9.990e-29
