data/oxygen options/OCNMS/OCNMS1/raw_data/2008/SBE19/CTD_CE015_061208faed.cnv
* Sea-Bird SBE19 Data File:
* FileName = C:\2008_Mooring_Data\061208_service\CTD_CE015_061208.hex
* Software Version 1.59
* Temperature SN = 2997
* Conductivity SN = 2997
* System UpLoad Time = Jun 12 2008 17:28:52
* ds
* SEACAT PROFILER V3.1c SN 2997   06/12/08  17:28:22.005
# nquan = 9                                 
# nvalues = 1375                        
# units = specified
# name 0 = timeJ: Julian Days
# name 1 = prSM: Pressure, Strain Gauge [db]
# name 2 = c0mS/cm: Conductivity [mS/cm]
# name 3 = t090C: Temperature [ITS-90, deg C]
# name 4 = sbeox0ML/L: Oxygen, SBE 43 [ml/l]
# name 5 = depSM: Depth [salt water, m], lat = 47.5
# name 6 = sal00: Salinity, Practical [PSU]
# name 7 = sigma-é00: Density [sigma-theta, kg/m^3]
# name 8 = flag: flag
# span 0 = 164.711053, 164.719005       
# span 1 =     -5.515,     14.578       
# span 2 =   0.025978,  34.855955       
# span 3 =     8.0681,    11.6755       
# span 4 =    -1.6480,    13.4212       
# span 5 =     -5.469,     14.456       
# span 6 =     0.0193,    32.9586       
# span 7 =    -0.4385,    25.6611       
# span 8 = 0.0000e+00, 0.0000e+00       
# interval = seconds: 0.5
# start_time = Jun 12 2008 17:03:55 [Instrument's time stamp, header]
# bad_flag = -9.990e-29
*END*
[from data line 1121]
 164.717541      5.599  34.476156    10.2787     5.0657      5.552    31.0848    23.8508 -9.990e-29
 164.717546      5.589  34.484967    10.2903     5.0465      5.542    31.0837    23.8480 -9.990e-29
 164.717552      5.573  34.496173    10.3153     5.0241      5.526    31.0735    23.8359 -9.990e-29
 164.717558      5.551  34.510721    10.3423     5.0042      5.505    31.0650    23.8248 -9.990e-29
 164.717564      5.533  34.531215    10.3593     5.0052      5.487    31.0709    23.8266 -9.990e-29
 164.717569      5.525  34.541310    10.3662     5.0164      5.479    31.0751    23.8287 -9.990e-29
 164.717575      5.531  34.529274    10.3648     5.0263      5.485    31.0643    23.8205 -9.990e-29
 164.717581      5.547  34.514911    10.3580     5.0218      5.501    31.0557    23.8150 -9.990e-29
 164.717587      5.565  34.510998    10.3507     5.0090      5.518    31.0581    23.8180 -9.990e-29
 164.717593      5.579  34.510643    10.3465     5.0053      5.532    31.0613    23.8212 -9.990e-29
 164.717598      5.585  34.511695    10.3527     5.0045      5.538    31.0570    23.8169 -9.990e-29
 164.717604      5.587  34.516683    10.3675     5.0035      5.540    31.0494    23.8085 -9.990e-29
 164.717610      5.594  34.522181    10.3714     4.9981      5.547    31.0515    23.8095 -9.990e-29
 164.717616      5.607  34.518725    10.3534     4.9722      5.560    31.0635    23.8218 -9.990e-29
 164.717622      5.618  34.506197    10.3321     4.9382      5.571    31.0691    23.8297 -9.990e-29
 164.717627      5.622  34.498705    10.3332     4.9319      5.575    31.0607    23.8230 -9.990e-29
 164.717633      5.622  34.504181    10.3465     4.9475      5.575    31.0548    23.8162 -9.990e-29
 164.717639      5.620  34.506964    10.3398     4.9560      5.573    31.0633    23.8239 -9.990e-29
 164.717645      5.621  34.495091    10.3100     4.9625      5.574    31.0769    23.8395 -9.990e-29
 164.717650      5.621  34.481303    10.2824     4.9558      5.574    31.0868    23.8517 -9.990e-29
 164.717656      5.616  34.478023    10.2781     4.9360      5.569    31.0872    23.8528 -9.990e-29
 164.717662      5.605  34.483678    10.2926     4.9197      5.558    31.0804    23.8451 -9.990e-29
 164.717668      5.591  34.489005    10.3054     4.9126      5.544    31.0748    23.8386 -9.990e-29
 164.717674      5.583  34.486551    10.3041     4.9225      5.536    31.0735    23.8378 -9.990e-29
 164.717679      5.584  34.478096    10.2878     4.9303      5.537    31.0790    23.8447 -9.990e-29
 164.717685      5.594  34.468617    10.2654     4.9519      5.547    31.0887    23.8560 -9.990e-29
 164.717691      5.609  34.462283    10.2485     4.9646      5.562    31.0968    23.8651 -9.990e-29
 164.717697      5.623  34.462412    10.2421     4.9766      5.576    31.1024    23.8706 -9.990e-29
 164.717703      5.631  34.468055    10.2444     4.9777      5.584    31.1061    23.8731 -9.990e-29
 164.717708      5.635  34.474419    10.2518     4.9639      5.588    31.1061    23.8719 -9.990e-29
 164.717714      5.634  34.478795    10.2629     4.9526      5.587    31.1010    23.8660 -9.990e-29
 164.717720      5.628  34.481981    10.2752     4.9287      5.581    31.0936    23.8583 -9.990e-29
 164.717726      5.617  34.484314    10.2853     4.9195      5.570    31.0873    23.8517 -9.990e-29
 164.717731      5.604  34.487232    10.2890     4.9201      5.557    31.0871    23.8509 -9.990e-29
 164.717737      5.597  34.486794    10.2810     4.9193      5.550    31.0935    23.8572 -9.990e-29
 164.717743      5.601  34.478504    10.2681     4.9268      5.554    31.0962    23.8615 -9.990e-29
 164.717749      5.611  34.471475    10.2642     4.9317      5.564    31.0925    23.8592 -9.990e-29
 164.717755      5.618  34.470902    10.2692     4.9523      5.571    31.0877    23.8546 -9.990e-29
 164.717760      5.621  34.472100    10.2716     4.9593      5.574    31.0868    23.8536 -9.990e-29
 164.717766      5.617  34.473313    10.2669     4.9644      5.570    31.0921    23.8584 -9.990e-29
 164.717772      5.612  34.473364    10.2619     4.9613      5.565    31.0964    23.8626 -9.990e-29
 164.717778      5.610  34.472328    10.2656     4.9543      5.563    31.0922    23.8587 -9.990e-29
 164.717784      5.605  34.474991    10.2788     4.9468      5.558    31.0836    23.8498 -9.990e-29
 164.717789      5.598  34.480985    10.2925     4.9459      5.551    31.0778    23.8431 -9.990e-29
 164.717795      5.597  34.485428    10.2981     4.9409      5.550    31.0775    23.8419 -9.990e-29
 164.717801      5.606  34.487534    10.2927     4.9487      5.559    31.0842    23.8480 -9.990e-29
 164.717807      5.622  34.483961    10.2821     4.9704      5.575    31.0897    23.8541 -9.990e-29
 164.717813      5.636  34.478352    10.2774     5.0007      5.589    31.0881    23.8536 -9.990e-29
 164.717818      5.646  34.480033    10.2798     5.0347      5.599    31.0877    23.8529 -9.990e-29
 164.717824      5.651  34.483408    10.2813     5.0561      5.604    31.0898    23.8543 -9.990e-29
 164.717830      5.654  34.482901    10.2804     5.0505      5.607    31.0901    23.8546 -9.990e-29
 164.717836      5.652  34.482323    10.2857     5.0214      5.605    31.0850    23.8498 -9.990e-29
 164.717841      5.648  34.486509    10.3064     5.0001      5.601    31.0714    23.8358 -9.990e-29
 164.717847      5.639  34.501046    10.3367     5.0020      5.592    31.0601    23.8219 -9.990e-29
 164.717853      5.630  34.522359    10.3567     5.0453      5.583    31.0643    23.8218 -9.990e-29
 164.717859      5.629  34.529594    10.3512     5.1115      5.582    31.0762    23.8320 -9.990e-29
 164.717865      5.636  34.513372    10.3295     5.1930      5.589    31.0785    23.8375 -9.990e-29
 164.717870      5.638  34.499113    10.3201     5.2473      5.591    31.0723    23.8342 -9.990e-29
 164.717876      5.627  34.504212    10.3335     5.2658      5.580    31.0660    23.8270 -9.990e-29
 164.717882      5.607  34.518666    10.3614     5.2540      5.560    31.0566    23.8151 -9.990e-29
 164.717888      5.585  34.538790    10.3956     5.2102      5.538    31.0475    23.8023 -9.990e-29
 164.717894      5.568  34.570702    10.4288     5.1704      5.521    31.0509    23.7994 -9.990e-29
 164.717899      5.558  34.601520    10.4560     5.1279      5.512    31.0585    23.8007 -9.990e-29
 164.717905      5.557  34.614664    10.4727     5.1207      5.511    31.0573    23.7970 -9.990e-29
 164.717911      5.562  34.617590    10.4775     5.1414      5.516    31.0561    23.7953 -9.990e-29
 164.717917      5.576  34.613090    10.4723     5.1727      5.529    31.0561    23.7961 -9.990e-29
 164.717922      5.594  34.595734    10.4608     5.2076      5.547    31.0486    23.7922 -9.990e-29
 164.717928      5.610  34.574306    10.4549     5.2424      5.563    31.0323    23.7805 -9.990e-29
 164.717934      5.619  34.562804    10.4651     5.2338      5.572    31.0121    23.7631 -9.990e-29
 164.717940      5.622  34.566053    10.4847     5.2214      5.575    30.9987    23.7494 -9.990e-29
 164.717946      5.620  34.579990    10.4996     5.2003      5.573    30.9999    23.7478 -9.990e-29
 164.717951      5.612  34.595764    10.5040     5.1921      5.565    31.0118    23.7564 -9.990e-29
 164.717957      5.602  34.608095    10.4999     5.1960      5.555    31.0276    23.7693 -9.990e-29
 164.717963      5.599  34.614395    10.4897     5.2065      5.552    31.0425    23.7827 -9.990e-29
 164.717969      5.605  34.612428    10.4776     5.2358      5.558    31.0509    23.7912 -9.990e-29
 164.717975      5.618  34.608538    10.4704     5.2590      5.571    31.0531    23.7942 -9.990e-29
 164.717980      5.630  34.604823    10.4674     5.2473      5.583    31.0520    23.7938 -9.990e-29
 164.717986      5.636  34.597453    10.4698     5.1897      5.589    31.0426    23.7861 -9.990e-29
 164.717992      5.638  34.591165    10.4841     5.1226      5.591    31.0242    23.7693 -9.990e-29
 164.717998      5.636  34.593260    10.5023     5.0713      5.589    31.0108    23.7558 -9.990e-29
 164.718003      5.629  34.600377    10.5107     5.0564      5.582    31.0107    23.7544 -9.990e-29
 164.718009      5.621  34.599054    10.5078     5.0695      5.574    31.0118    23.7558 -9.990e-29
 164.718015      5.620  34.583619    10.4923     5.0892      5.573    31.0097    23.7567 -9.990e-29
 164.718021      5.627  34.562067    10.4658     5.1056      5.580    31.0108    23.7620 -9.990e-29
 164.718027      5.633  34.545980    10.4458     5.1191      5.586    31.0118    23.7661 -9.990e-29
 164.718032      5.634  34.540773    10.4444     5.1261      5.587    31.0078    23.7632 -9.990e-29
 164.718038      5.631  34.541723    10.4528     5.1177      5.584    31.0016    23.7570 -9.990e-29
 164.718044      5.622  34.545606    10.4591     5.0852      5.575    31.0001    23.7548 -9.990e-29
 164.718050      5.609  34.553110    10.4563     5.0520      5.562    31.0100    23.7629 -9.990e-29
 164.718056      5.593  34.559674    10.4425     5.0335      5.546    31.0283    23.7795 -9.990e-29
 164.718061      5.582  34.562285    10.4258     5.0412      5.535    31.0451    23.7954 -9.990e-29
 164.718067      5.581  34.562737    10.4142     5.0586      5.534    31.0555    23.8054 -9.990e-29
 164.718073      5.589  34.558821    10.4068     5.0735      5.542    31.0579    23.8085 -9.990e-29
 164.718079      5.601  34.545304    10.3995     5.0592      5.554    31.0506    23.8041 -9.990e-29
 164.718084      5.612  34.526554    10.3941     5.0149      5.565    31.0365    23.7940 -9.990e-29
 164.718090      5.616  34.519003    10.3986     4.9666      5.569    31.0251    23.7844 -9.990e-29
 164.718096      5.615  34.527695    10.4139     4.9307      5.568    31.0208    23.7784 -9.990e-29
 164.718102      5.612  34.538447    10.4250     4.9234      5.565    31.0220    23.7776 -9.990e-29
 164.718108      5.615  34.540948    10.4134     4.9355      5.568    31.0344    23.7891 -9.990e-29
 164.718113      5.630  34.530688    10.3754     4.9506      5.583    31.0566    23.8128 -9.990e-29
 164.718119      5.652  34.509105    10.3312     4.9762      5.605    31.0728    23.8327 -9.990e-29
 164.718125      5.676  34.491653    10.3031     5.0154      5.629    31.0794    23.8425 -9.990e-29
 164.718131      5.693  34.488088    10.2948     5.0531      5.645    31.0829    23.8467 -9.990e-29
 164.718137      5.696  34.493077    10.2976     5.0661      5.648    31.0855    23.8482 -9.990e-29
 164.718142      5.685  34.497019    10.3051     5.0535      5.637    31.0830    23.8451 -9.990e-29
 164.718148      5.665  34.497882    10.3192     5.0293      5.618    31.0719    23.8340 -9.990e-29
 164.718154      5.637  34.502409    10.3382     4.9972      5.590    31.0601    23.8217 -9.990e-29
 164.718160      5.613  34.513271    10.3561     4.9738      5.566    31.0557    23.8153 -9.990e-29
 164.718166      5.601  34.524784    10.3653     4.9655      5.554    31.0593    23.8166 -9.990e-29
 164.718171      5.599  34.527652    10.3564     4.9598      5.552    31.0698    23.8262 -9.990e-29
 164.718177      5.606  34.517855    10.3355     4.9563      5.559    31.0779    23.8360 -9.990e-29
 164.718183      5.620  34.503606    10.3174     4.9372      5.573    31.0791    23.8400 -9.990e-29
 164.718189      5.633  34.496137    10.3073     4.9269      5.586    31.0803    23.8426 -9.990e-29
 164.718194      5.641  34.496676    10.3037     4.9265      5.594    31.0839    23.8460 -9.990e-29
 164.718200      5.645  34.499211    10.3041     4.9259      5.598    31.0861    23.8476 -9.990e-29
 164.718206      5.645  34.499270    10.3042     4.9449      5.598    31.0861    23.8476 -9.990e-29
 164.718212      5.641  34.496364    10.2951     4.9608      5.594    31.0910    23.8529 -9.990e-29
 164.718218      5.632  34.490532    10.2744     4.9679      5.585    31.1029    23.8656 -9.990e-29
 164.718223      5.619  34.484071    10.2582     4.9665      5.572    31.1103    23.8741 -9.990e-29
 164.718229      5.601  34.482358    10.2624     4.9490      5.554    31.1050    23.8692 -9.990e-29
 164.718235      5.575  34.487016    10.2806     4.9305      5.528    31.0941    23.8577 -9.990e-29
 164.718241      5.545  34.492484    10.2939     4.9107      5.499    31.0882    23.8509 -9.990e-29
 164.718247      5.518  34.493724    10.2942     4.9056      5.472    31.0891    23.8516 -9.990e-29
 164.718252      5.504  34.492388    10.2841     4.9140      5.458    31.0965    23.8590 -9.990e-29
 164.718258      5.511  34.488369    10.2671     4.9170      5.465    31.1070    23.8700 -9.990e-29
 164.718264      5.532  34.481901    10.2498     4.9185      5.486    31.1153    23.8794 -9.990e-29
 164.718270      5.554  34.479470    10.2377     4.9268      5.508    31.1233    23.8876 -9.990e-29
 164.718275      5.571  34.484542    10.2324     4.9183      5.524    31.1329    23.8959 -9.990e-29
 164.718281      5.579  34.492109    10.2339     4.9206      5.532    31.1392    23.9006 -9.990e-29
 164.718287      5.579  34.495448    10.2404     4.9230      5.532    31.1370    23.8978 -9.990e-29
 164.718293      5.574  34.493964    10.2471     4.9175      5.527    31.1297    23.8910 -9.990e-29
 164.718299      5.570  34.490709    10.2490     4.9152      5.523    31.1248    23.8869 -9.990e-29
 164.718304      5.566  34.487497    10.2473     4.9020      5.519    31.1231    23.8858 -9.990e-29
 164.718310      5.561  34.485079    10.2487     4.8940      5.515    31.1195    23.8828 -9.990e-29
 164.718316      5.555  34.483583    10.2518     4.8969      5.509    31.1153    23.8790 -9.990e-29
 164.718322      5.553  34.481004    10.2496     4.9029      5.507    31.1146    23.8788 -9.990e-29
 164.718328      5.557  34.475019    10.2403     4.9168      5.511    31.1166    23.8819 -9.990e-29
 164.718333      5.569  34.468840    10.2260     4.9209      5.522    31.1227    23.8890 -9.990e-29
 164.718339      5.586  34.469902    10.2126     4.9140      5.539    31.1352    23.9010 -9.990e-29
 164.718345      5.598  34.479610    10.2065     4.9035      5.551    31.1502    23.9137 -9.990e-29
 164.718351      5.604  34.489056    10.2069     4.8986      5.557    31.1593    23.9207 -9.990e-29
 164.718356      5.603  34.491223    10.2098     4.9072      5.556    31.1590    23.9200 -9.990e-29
 164.718362      5.595  34.488431    10.2119     4.9143      5.548    31.1544    23.9161 -9.990e-29
 164.718368      5.585  34.484229    10.2096     4.9234      5.538    31.1522    23.9147 -9.990e-29
 164.718374      5.579  34.481409    10.2034     4.9291      5.532    31.1547    23.9177 -9.990e-29
 164.718380      5.583  34.483485    10.1992     4.9279      5.536    31.1603    23.9228 -9.990e-29
 164.718385      5.591  34.488174    10.2016     4.9207      5.544    31.1630    23.9245 -9.990e-29
 164.718391      5.596  34.489958    10.2110     4.9205      5.549    31.1567    23.9180 -9.990e-29
 164.718397      5.594  34.488967    10.2227     4.9123      5.547    31.1457    23.9075 -9.990e-29
 164.718403      5.590  34.487232    10.2279     4.9080      5.543    31.1395    23.9018 -9.990e-29
 164.718409      5.590  34.484675    10.2226     4.9075      5.543    31.1414    23.9042 -9.990e-29
 164.718414      5.600  34.481801    10.2132     4.9051      5.553    31.1466    23.9098 -9.990e-29
 164.718420      5.616  34.479812    10.2076     4.9030      5.569    31.1494    23.9129 -9.990e-29
 164.718426      5.631  34.478847    10.2060     4.8990      5.584    31.1498    23.9135 -9.990e-29
 164.718432      5.640  34.478167    10.2047     4.9090      5.593    31.1503    23.9141 -9.990e-29
 164.718437      5.645  34.477978    10.2039     4.9130      5.598    31.1508    23.9146 -9.990e-29
 164.718443      5.647  34.479699    10.2040     4.9229      5.600    31.1524    23.9158 -9.990e-29
 164.718449      5.644  34.483377    10.2023     4.9247      5.597    31.1576    23.9201 -9.990e-29
 164.718455      5.637  34.489985    10.2007     4.9191      5.590    31.1656    23.9266 -9.990e-29
