data/oxygen options/OCNMS/OCNMS1/raw_data/2008/SBE19/CTD_TH065_052808faed.cnv
* Sea-Bird SBE19 Data File:
* FileName = C:\2008_Mooring_Data\042408_service\CTD_TH065_052808.hex
* Software Version 1.58
* Temperature SN = 2997
* Conductivity SN = 2997
* System UpLoad Time = May 28 2008 13:44:23
* ds
* SEACAT PROFILER V3.1c SN 2997   05/28/08  13:43:53.063
# nquan = 9                                 
# nvalues = 2012                        
# units = specified
# name 0 = timeJ: Julian Days
# name 1 = prSM: Pressure, Strain Gauge [db]
# name 2 = c0mS/cm: Conductivity [mS/cm]
# name 3 = t090C: Temperature [ITS-90, deg C]
# name 4 = sbeox0ML/L: Oxygen, SBE 43 [ml/l]
# name 5 = depSM: Depth [salt water, m], lat = 47.5
# name 6 = sal00: Salinity, Practical [PSU]
# name 7 = sigma-é00: Density [sigma-theta, kg/m^3]
# name 8 = flag: flag
# span 0 = 149.550880, 149.562517       
# span 1 =     -5.618,     61.928       
# span 2 =   0.039462,  36.053494       
# span 3 =     7.3201,    11.4012       
# span 4 =    -1.6503,    16.7398       
# span 5 =     -5.571,     61.402       
# span 6 =     0.0273,    33.7726       
# span 7 =    -0.4132,    26.4075       
# span 8 = 0.0000e+00, 0.0000e+00       
# interval = seconds: 0.5
# start_time = May 28 2008 13:13:16 [Instrument's time stamp, header]
# bad_flag = -9.990e-29
*END*
[from data line 801]
 149.555515     30.567  34.203816     7.4015     3.1258     30.310    33.4049    26.1074 -9.990e-29
 149.555521     30.586  34.207112     7.4009     3.1243     30.328    33.4091    26.1108 -9.990e-29
 149.555527     30.594  34.209542     7.4008     3.1174     30.336    33.4118    26.1129 -9.990e-29
 149.555532     30.583  34.209884     7.4012     3.1209     30.326    33.4118    26.1129 -9.990e-29
 149.555538     30.562  34.208611     7.4016     3.1192     30.305    33.4100    26.1114 -9.990e-29
 149.555544     30.545  34.206844     7.4016     3.1274     30.288    33.4081    26.1099 -9.990e-29
 149.555550     30.541  34.206169     7.4012     3.1375     30.284    33.4078    26.1097 -9.990e-29
 149.555556     30.545  34.207384     7.4008     3.1357     30.288    33.4095    26.1111 -9.990e-29
 149.555561     30.548  34.208764     7.4008     3.1408     30.291    33.4110    26.1123 -9.990e-29
 149.555567     30.542  34.208806     7.4013     3.1444     30.285    33.4106    26.1119 -9.990e-29
 149.555573     30.527  34.207583     7.4020     3.1494     30.270    33.4086    26.1102 -9.990e-29
 149.555579     30.511  34.205165     7.4024     3.1427     30.254    33.4056    26.1078 -9.990e-29
 149.555584     30.496  34.203389     7.4024     3.1424     30.239    33.4036    26.1063 -9.990e-29
 149.555590     30.478  34.203826     7.4024     3.1392     30.221    33.4041    26.1067 -9.990e-29
 149.555596     30.451  34.204273     7.4026     3.1375     30.195    33.4044    26.1069 -9.990e-29
 149.555602     30.421  34.203665     7.4029     3.1392     30.165    33.4035    26.1061 -9.990e-29
 149.555608     30.401  34.202891     7.4031     3.1427     30.145    33.4025    26.1053 -9.990e-29
 149.555613     30.392  34.202617     7.4030     3.1509     30.136    33.4023    26.1051 -9.990e-29
 149.555619     30.390  34.203618     7.4028     3.1660     30.134    33.4036    26.1062 -9.990e-29
 149.555625     30.382  34.204444     7.4029     3.1611     30.126    33.4044    26.1068 -9.990e-29
 149.555631     30.359  34.203412     7.4036     3.1612     30.103    33.4026    26.1053 -9.990e-29
 149.555637     30.324  34.201405     7.4044     3.1628     30.069    33.3996    26.1029 -9.990e-29
 149.555642     30.287  34.199685     7.4050     3.1663     30.032    33.3972    26.1009 -9.990e-29
 149.555648     30.263  34.198219     7.4055     3.1697     30.008    33.3952    26.0992 -9.990e-29
 149.555654     30.259  34.196753     7.4056     3.1515     30.004    33.3935    26.0978 -9.990e-29
 149.555660     30.271  34.196151     7.4053     3.1495     30.016    33.3931    26.0976 -9.990e-29
 149.555666     30.290  34.196749     7.4053     3.1411     30.035    33.3937    26.0981 -9.990e-29
 149.555671     30.315  34.197682     7.4054     3.1495     30.060    33.3946    26.0988 -9.990e-29
 149.555677     30.345  34.198530     7.4050     3.1628     30.090    33.3959    26.0999 -9.990e-29
 149.555683     30.380  34.199322     7.4044     3.1493     30.124    33.3974    26.1011 -9.990e-29
 149.555689     30.412  34.200012     7.4044     3.1545     30.156    33.3981    26.1016 -9.990e-29
 149.555694     30.440  34.200418     7.4045     3.1511     30.184    33.3984    26.1019 -9.990e-29
 149.555700     30.461  34.200539     7.4041     3.1444     30.205    33.3989    26.1023 -9.990e-29
 149.555706     30.467  34.200551     7.4037     3.1544     30.210    33.3993    26.1027 -9.990e-29
 149.555712     30.451  34.200488     7.4039     3.1461     30.195    33.3991    26.1025 -9.990e-29
 149.555718     30.411  34.200284     7.4041     3.1525     30.155    33.3987    26.1021 -9.990e-29
 149.555723     30.362  34.199686     7.4041     3.1696     30.106    33.3980    26.1016 -9.990e-29
 149.555729     30.319  34.198477     7.4042     3.1715     30.064    33.3967    26.1005 -9.990e-29
 149.555735     30.286  34.197303     7.4045     3.1730     30.031    33.3951    26.0993 -9.990e-29
 149.555741     30.270  34.196859     7.4048     3.1595     30.015    33.3944    26.0986 -9.990e-29
 149.555747     30.271  34.196572     7.4051     3.1510     30.016    33.3938    26.0981 -9.990e-29
 149.555752     30.280  34.196077     7.4054     3.1379     30.025    33.3929    26.0974 -9.990e-29
 149.555758     30.292  34.195847     7.4054     3.1161     30.037    33.3927    26.0972 -9.990e-29
 149.555764     30.310  34.196144     7.4051     3.1210     30.055    33.3933    26.0977 -9.990e-29
 149.555770     30.333  34.197372     7.4045     3.1259     30.078    33.3952    26.0993 -9.990e-29
 149.555775     30.360  34.200612     7.4033     3.1374     30.104    33.3998    26.1031 -9.990e-29
 149.555781     30.379  34.204583     7.4023     3.1390     30.123    33.4051    26.1074 -9.990e-29
 149.555787     30.374  34.206179     7.4023     3.1343     30.118    33.4068    26.1088 -9.990e-29
 149.555793     30.341  34.205286     7.4029     3.1477     30.086    33.4053    26.1075 -9.990e-29
 149.555799     30.294  34.203512     7.4032     3.1728     30.039    33.4031    26.1057 -9.990e-29
 149.555804     30.248  34.202416     7.4030     3.1812     29.993    33.4021    26.1050 -9.990e-29
 149.555810     30.200  34.202217     7.4031     3.1911     29.946    33.4018    26.1048 -9.990e-29
 149.555816     30.139  34.201531     7.4041     3.1961     29.885    33.4002    26.1033 -9.990e-29
 149.555822     30.064  34.199442     7.4053     3.1895     29.811    33.3968    26.1005 -9.990e-29
 149.555828     29.991  34.195965     7.4065     3.1928     29.739    33.3919    26.0964 -9.990e-29
 149.555833     29.944  34.192069     7.4075     3.1846     29.692    33.3867    26.0922 -9.990e-29
 149.555839     29.934  34.189282     7.4081     3.1780     29.682    33.3831    26.0893 -9.990e-29
 149.555845     29.954  34.188370     7.4084     3.1831     29.702    33.3818    26.0883 -9.990e-29
 149.555851     29.978  34.188676     7.4082     3.1882     29.726    33.3823    26.0887 -9.990e-29
 149.555856     29.991  34.189487     7.4076     3.1829     29.739    33.3838    26.0899 -9.990e-29
 149.555862     29.991  34.190204     7.4074     3.1729     29.739    33.3848    26.0907 -9.990e-29
 149.555868     29.980  34.190661     7.4074     3.1594     29.728    33.3853    26.0911 -9.990e-29
 149.555874     29.972  34.190908     7.4074     3.1562     29.720    33.3855    26.0913 -9.990e-29
 149.555880     29.978  34.190714     7.4073     3.1612     29.726    33.3854    26.0913 -9.990e-29
 149.555885     30.003  34.190944     7.4070     3.1663     29.750    33.3859    26.0917 -9.990e-29
 149.555891     30.041  34.192462     7.4065     3.1694     29.788    33.3881    26.0934 -9.990e-29
 149.555897     30.071  34.194493     7.4060     3.1761     29.818    33.3907    26.0956 -9.990e-29
 149.555903     30.080  34.195822     7.4059     3.1912     29.827    33.3923    26.0968 -9.990e-29
 149.555909     30.062  34.195979     7.4061     3.1879     29.809    33.3922    26.0968 -9.990e-29
 149.555914     30.027  34.195173     7.4063     3.1912     29.774    33.3912    26.0959 -9.990e-29
 149.555920     29.988  34.194010     7.4065     3.1863     29.736    33.3898    26.0948 -9.990e-29
 149.555926     29.956  34.193182     7.4067     3.1949     29.704    33.3887    26.0939 -9.990e-29
 149.555932     29.933  34.192707     7.4070     3.1933     29.681    33.3879    26.0932 -9.990e-29
 149.555938     29.914  34.191952     7.4073     3.1948     29.662    33.3868    26.0923 -9.990e-29
 149.555943     29.892  34.191030     7.4076     3.1931     29.640    33.3855    26.0913 -9.990e-29
 149.555949     29.872  34.190391     7.4079     3.1880     29.621    33.3845    26.0905 -9.990e-29
 149.555955     29.863  34.189744     7.4082     3.1896     29.612    33.3836    26.0897 -9.990e-29
 149.555961     29.875  34.188788     7.4085     3.1797     29.624    33.3822    26.0886 -9.990e-29
 149.555966     29.904  34.187928     7.4087     3.1780     29.652    33.3811    26.0876 -9.990e-29
 149.555972     29.948  34.187700     7.4088     3.1781     29.696    33.3807    26.0873 -9.990e-29
 149.555978     30.000  34.188359     7.4087     3.1795     29.747    33.3815    26.0880 -9.990e-29
 149.555984     30.047  34.189101     7.4086     3.1831     29.794    33.3824    26.0887 -9.990e-29
 149.555990     30.074  34.189236     7.4088     3.1897     29.821    33.3823    26.0886 -9.990e-29
 149.555995     30.076  34.189502     7.4090     3.1915     29.823    33.3824    26.0887 -9.990e-29
 149.556001     30.060  34.189694     7.4092     3.1913     29.807    33.3824    26.0886 -9.990e-29
 149.556007     30.038  34.189507     7.4093     3.1896     29.785    33.3822    26.0884 -9.990e-29
 149.556013     30.018  34.189254     7.4092     3.1864     29.765    33.3820    26.0883 -9.990e-29
 149.556019     30.003  34.188598     7.4090     3.1864     29.750    33.3815    26.0879 -9.990e-29
 149.556024     29.991  34.187786     7.4090     3.1930     29.739    33.3806    26.0872 -9.990e-29
 149.556030     29.982  34.187414     7.4090     3.2015     29.730    33.3802    26.0869 -9.990e-29
 149.556036     29.980  34.187549     7.4090     3.1964     29.728    33.3804    26.0870 -9.990e-29
 149.556042     29.989  34.187808     7.4091     3.1930     29.737    33.3805    26.0872 -9.990e-29
 149.556047     30.004  34.187978     7.4092     3.1882     29.751    33.3806    26.0872 -9.990e-29
 149.556053     30.019  34.188285     7.4095     3.1932     29.766    33.3806    26.0872 -9.990e-29
 149.556059     30.030  34.188577     7.4097     3.1981     29.777    33.3808    26.0873 -9.990e-29
 149.556065     30.042  34.188684     7.4096     3.1913     29.789    33.3810    26.0874 -9.990e-29
 149.556071     30.055  34.188751     7.4094     3.1880     29.802    33.3812    26.0877 -9.990e-29
 149.556076     30.063  34.188867     7.4092     3.1780     29.810    33.3815    26.0879 -9.990e-29
 149.556082     30.066  34.189185     7.4089     3.1914     29.813    33.3822    26.0885 -9.990e-29
 149.556088     30.072  34.189570     7.4088     3.1913     29.819    33.3827    26.0889 -9.990e-29
 149.556094     30.086  34.189975     7.4089     3.1848     29.833    33.3830    26.0891 -9.990e-29
 149.556100     30.104  34.190941     7.4089     3.1831     29.851    33.3841    26.0900 -9.990e-29
 149.556105     30.116  34.192075     7.4089     3.1848     29.862    33.3853    26.0909 -9.990e-29
 149.556111     30.108  34.192647     7.4092     3.1914     29.855    33.3856    26.0911 -9.990e-29
 149.556117     30.081  34.192859     7.4094     3.1947     29.828    33.3857    26.0912 -9.990e-29
 149.556123     30.045  34.192435     7.4094     3.1933     29.792    33.3852    26.0908 -9.990e-29
 149.556128     30.015  34.190808     7.4094     3.2033     29.762    33.3835    26.0894 -9.990e-29
 149.556134     30.003  34.188611     7.4094     3.1998     29.750    33.3811    26.0876 -9.990e-29
 149.556140     30.011  34.187397     7.4095     3.1913     29.758    33.3797    26.0864 -9.990e-29
 149.556146     30.036  34.187789     7.4096     3.1729     29.783    33.3800    26.0867 -9.990e-29
 149.556152     30.067  34.188631     7.4099     3.1647     29.814    33.3806    26.0871 -9.990e-29
 149.556157     30.092  34.188803     7.4101     3.1764     29.839    33.3806    26.0871 -9.990e-29
 149.556163     30.110  34.188533     7.4099     3.1781     29.857    33.3805    26.0870 -9.990e-29
 149.556169     30.126  34.188583     7.4096     3.1898     29.872    33.3808    26.0873 -9.990e-29
 149.556175     30.144  34.189578     7.4094     3.1898     29.890    33.3821    26.0883 -9.990e-29
 149.556181     30.158  34.190606     7.4098     3.1948     29.904    33.3828    26.0889 -9.990e-29
 149.556186     30.155  34.190236     7.4104     3.1984     29.901    33.3818    26.0880 -9.990e-29
 149.556192     30.136  34.189094     7.4104     3.1884     29.882    33.3806    26.0870 -9.990e-29
 149.556198     30.115  34.187897     7.4101     3.1915     29.861    33.3796    26.0863 -9.990e-29
 149.556204     30.114  34.186731     7.4102     3.1764     29.860    33.3782    26.0852 -9.990e-29
 149.556209     30.137  34.186283     7.4105     3.1747     29.883    33.3775    26.0845 -9.990e-29
 149.556215     30.172  34.186518     7.4104     3.1763     29.918    33.3778    26.0848 -9.990e-29
 149.556221     30.208  34.186626     7.4102     3.1696     29.954    33.3781    26.0851 -9.990e-29
 149.556227     30.244  34.186751     7.4101     3.1813     29.989    33.3783    26.0853 -9.990e-29
 149.556233     30.277  34.187622     7.4101     3.1831     30.022    33.3792    26.0860 -9.990e-29
 149.556238     30.306  34.188717     7.4101     3.1914     30.051    33.3804    26.0869 -9.990e-29
 149.556244     30.324  34.189258     7.4100     3.1949     30.069    33.3811    26.0875 -9.990e-29
 149.556250     30.314  34.189403     7.4100     3.1915     30.059    33.3812    26.0876 -9.990e-29
 149.556256     30.281  34.189346     7.4101     3.1898     30.026    33.3811    26.0875 -9.990e-29
 149.556262     30.243  34.189010     7.4103     3.1999     29.988    33.3806    26.0870 -9.990e-29
 149.556267     30.211  34.187949     7.4107     3.2033     29.957    33.3790    26.0858 -9.990e-29
 149.556273     30.192  34.186429     7.4112     3.2033     29.938    33.3769    26.0840 -9.990e-29
 149.556279     30.188  34.185227     7.4116     3.2068     29.934    33.3752    26.0826 -9.990e-29
 149.556285     30.200  34.184418     7.4118     3.2017     29.946    33.3742    26.0818 -9.990e-29
 149.556291     30.224  34.184047     7.4115     3.2017     29.970    33.3740    26.0817 -9.990e-29
 149.556296     30.252  34.184177     7.4111     3.1864     29.997    33.3745    26.0822 -9.990e-29
 149.556302     30.283  34.184423     7.4111     3.1799     30.028    33.3748    26.0824 -9.990e-29
 149.556308     30.318  34.184550     7.4113     3.1802     30.063    33.3747    26.0823 -9.990e-29
 149.556314     30.360  34.184730     7.4114     3.1832     30.104    33.3748    26.0823 -9.990e-29
 149.556319     30.407  34.185201     7.4113     3.1831     30.151    33.3754    26.0828 -9.990e-29
 149.556325     30.453  34.186032     7.4112     3.1679     30.197    33.3764    26.0836 -9.990e-29
 149.556331     30.497  34.186649     7.4113     3.1513     30.240    33.3769    26.0840 -9.990e-29
 149.556337     30.537  34.186754     7.4114     3.1497     30.280    33.3769    26.0840 -9.990e-29
 149.556343     30.568  34.187048     7.4113     3.1697     30.311    33.3773    26.0843 -9.990e-29
 149.556348     30.587  34.188483     7.4108     3.1698     30.329    33.3793    26.0860 -9.990e-29
 149.556354     30.596  34.191293     7.4098     3.1798     30.338    33.3833    26.0893 -9.990e-29
 149.556360     30.590  34.194182     7.4090     3.1714     30.332    33.3872    26.0925 -9.990e-29
 149.556366     30.561  34.194840     7.4089     3.1731     30.304    33.3881    26.0931 -9.990e-29
 149.556372     30.511  34.193583     7.4093     3.1866     30.254    33.3863    26.0917 -9.990e-29
 149.556377     30.458  34.192657     7.4097     3.1863     30.202    33.3850    26.0906 -9.990e-29
 149.556383     30.421  34.191950     7.4098     3.1814     30.165    33.3841    26.0899 -9.990e-29
 149.556389     30.405  34.191079     7.4097     3.1881     30.149    33.3833    26.0893 -9.990e-29
 149.556395     30.402  34.190565     7.4097     3.1882     30.146    33.3827    26.0888 -9.990e-29
 149.556400     30.402  34.190283     7.4097     3.1832     30.146    33.3824    26.0886 -9.990e-29
 149.556406     30.405  34.189856     7.4097     3.1816     30.149    33.3820    26.0882 -9.990e-29
 149.556412     30.407  34.189276     7.4097     3.1813     30.151    33.3813    26.0877 -9.990e-29
 149.556418     30.404  34.188889     7.4097     3.1847     30.148    33.3809    26.0874 -9.990e-29
 149.556424     30.397  34.188739     7.4099     3.1948     30.141    33.3806    26.0871 -9.990e-29
 149.556429     30.383  34.188625     7.4104     3.1950     30.127    33.3800    26.0865 -9.990e-29
