data/oxygen options/OCNMS/OCNMS1/raw_data/2008/SBE19/CTD_CA015_052908faed.cnv
* Sea-Bird SBE19 Data File:
* FileName = C:\2008_Mooring_Data\042408_service\CTD_CA015_052908.hex
* Software Version 1.58
* Temperature SN = 2997
* Conductivity SN = 2997
* System UpLoad Time = May 29 2008 16:28:21
**
**
# nquan = 9                                 
# nvalues = 879                         
# units = specified
# name 0 = timeJ: Julian Days
# name 1 = prSM: Pressure, Strain Gauge [db]
# name 2 = c0mS/cm: Conductivity [mS/cm]
# name 3 = t090C: Temperature [ITS-90, deg C]
# name 4 = sbeox0ML/L: Oxygen, SBE 43 [ml/l]
# name 5 = depSM: Depth [salt water, m], lat = 47.5
# name 6 = sal00: Salinity, Practical [PSU]
# name 7 = sigma-é00: Density [sigma-theta, kg/m^3]
# name 8 = flag: flag
# span 0 = 150.665718, 150.670799       
# span 1 =     -5.434,     12.209       
# span 2 =   0.096485,  35.854882       
# span 3 =     8.7396,    11.9524       
# span 4 =   -16.1212,    16.1728       
# span 5 =     -5.389,     12.107       
# span 6 =     0.0623,    32.7883       
# span 7 =    -0.4401,    25.4270       
# span 8 = 0.0000e+00, 0.0000e+00       
# interval = seconds: 0.5
# start_time = May 29 2008 15:58:38 [Instrument's time stamp, header]
# bad_flag = -9.990e-29
*END*
[from data line 481]
 150.668501      5.685  35.423240    10.7344     7.8932      5.637    31.6360    24.2032 0.0000e+00
 150.668507      6.112  35.410506    10.6940     7.9556      6.061    31.6582    24.2274 0.0000e+00
 150.668513      6.535  35.391258    10.6469     7.9254      6.480    31.6797    24.2522 0.0000e+00
 150.668519      6.959  35.370068    10.5988     7.6808      6.901    31.7002    24.2764 0.0000e+00
 150.668524      7.389  35.355829    10.5586     7.1405      7.327    31.7208    24.2993 0.0000e+00
 150.668530      7.824  35.348589    10.5323     6.2458      7.759    31.7363    24.3158 0.0000e+00
 150.668536      8.261  35.346150    10.5135     5.2466      8.192    31.7500    24.3297 0.0000e+00
 150.668542      8.697  35.348052    10.4855     4.3731      8.624    31.7762    24.3548 0.0000e+00
 150.668547      9.122  35.349170    10.4192     3.8494      9.046    31.8350    24.4119 0.0000e+00
 150.668553      9.529  35.333067    10.2381     3.6681      9.449    31.9778    24.5536 0.0000e+00
 150.668559      9.922  35.263143     9.8652     3.6767      9.839    32.2381    24.8183 0.0000e+00
 150.668565     10.309  35.122339     9.4018     3.7593     10.223    32.5117    25.1070 0.0000e+00
 150.668571     10.689  34.969900     9.0559     3.8452     10.600    32.6700    25.2855 0.0000e+00
 150.668576     11.047  34.874708     8.8772     3.9422     10.955    32.7353    25.3643 0.0000e+00
 150.668582     11.372  34.832399     8.7920     4.0678     11.277    32.7697    25.4044 0.0000e+00
 150.668588     11.660  34.811703     8.7510     4.1899     11.562    32.7859    25.4234 0.0000e+00
 150.668594     11.893  34.804049     8.7396     4.3028     11.793    32.7883    25.4270 0.0000e+00
 150.668600     12.058  34.808740     8.7485     4.4215     11.957    32.7849    25.4230 -9.990e-29
 150.668605     12.159  34.814665     8.7653     4.5001     12.057    32.7755    25.4131 -9.990e-29
 150.668611     12.209  34.820200     8.7840     4.5618     12.107    32.7640    25.4012 -9.990e-29
 150.668617     12.209  34.832728     8.8039     4.5759     12.107    32.7587    25.3940 -9.990e-29
 150.668623     12.161  34.844873     8.8291     4.5562     12.059    32.7481    25.3818 -9.990e-29
 150.668628     12.065  34.856592     8.8583     4.5383     11.964    32.7334    25.3658 -9.990e-29
 150.668634     11.924  34.869509     8.8835     4.5305     11.824    32.7237    25.3543 0.0000e+00
 150.668640     11.745  34.875090     8.9026     4.5611     11.647    32.7120    25.3422 0.0000e+00
 150.668646     11.548  34.872938     8.9092     4.5992     11.451    32.7037    25.3347 0.0000e+00
 150.668652     11.346  34.864112     8.9031     4.6589     11.251    32.7002    25.3329 0.0000e+00
 150.668657     11.143  34.857011     8.8967     4.7781     11.050    32.6988    25.3328 0.0000e+00
 150.668663     10.947  34.860093     8.8939     4.9604     10.855    32.7047    25.3378 0.0000e+00
 150.668669     10.771  34.865702     8.8988     5.2846     10.681    32.7061    25.3382 0.0000e+00
 150.668675     10.626  34.871797     8.9185     5.6232     10.537    32.6944    25.3259 -9.990e-29
 150.668681     10.516  34.881465     8.9483     5.9264     10.428    32.6771    25.3077 -9.990e-29
 150.668686     10.437  34.893597     8.9846     6.1782     10.350    32.6564    25.2859 -9.990e-29
 150.668692     10.385  34.907570     9.0521     6.3572     10.298    32.6089    25.2383 -9.990e-29
 150.668698     10.356  34.934177     9.1859     6.4923     10.269    32.5142    25.1432 -9.990e-29
 150.668704     10.344  34.989855     9.3550     6.5091     10.257    32.4179    25.0411 -9.990e-29
 150.668709     10.341  35.048031     9.4834     6.4847     10.254    32.3614    24.9766 -9.990e-29
 150.668715     10.341  35.075960     9.5524     6.4262     10.254    32.3278    24.9392 -9.990e-29
 150.668721     10.344  35.094112     9.5946     6.3587     10.257    32.3084    24.9172 -9.990e-29
 150.668727     10.351  35.121672     9.6475     6.2521     10.264    32.2890    24.8935 -9.990e-29
 150.668733     10.361  35.146103     9.7113     6.0494     10.274    32.2566    24.8579 -9.990e-29
 150.668738     10.373  35.150695     9.7456     5.8015     10.286    32.2305    24.8320 -9.990e-29
 150.668744     10.377  35.142699     9.7401     5.6133     10.290    32.2273    24.8304 -9.990e-29
 150.668750     10.374  35.142271     9.7254     5.5770     10.287    32.2400    24.8427 -9.990e-29
 150.668756     10.367  35.147729     9.7160     5.6318     10.280    32.2540    24.8552 -9.990e-29
 150.668762     10.362  35.141699     9.6910     5.6936     10.275    32.2703    24.8719 -9.990e-29
 150.668767     10.365  35.113338     9.6369     5.6278     10.278    32.2900    24.8960 -9.990e-29
 150.668773     10.378  35.076361     9.5852     5.4214     10.291    32.2987    24.9112 -9.990e-29
 150.668779     10.397  35.058754     9.5829     5.2562     10.310    32.2827    24.8991 -9.990e-29
 150.668785     10.418  35.068956     9.6242     5.2253     10.331    32.2560    24.8716 -9.990e-29
 150.668791     10.435  35.085829     9.6540     5.3550     10.348    32.2465    24.8593 -9.990e-29
 150.668796     10.445  35.087623     9.6361     5.5329     10.358    32.2644    24.8762 -9.990e-29
 150.668802     10.451  35.068340     9.5826     5.6331     10.364    32.2928    24.9070 -9.990e-29
 150.668808     10.460  35.033644     9.5339     5.6040     10.372    32.3011    24.9213 -9.990e-29
 150.668814     10.466  35.014004     9.5236     5.3922     10.378    32.2903    24.9145 -9.990e-29
 150.668819     10.467  35.025784     9.5531     5.0868     10.379    32.2758    24.8985 -9.990e-29
 150.668825     10.466  35.046595     9.5940     4.8002     10.378    32.2603    24.8798 -9.990e-29
 150.668831     10.468  35.061616     9.6180     4.6552     10.380    32.2541    24.8711 -9.990e-29
 150.668837     10.469  35.067919     9.6062     4.6742     10.381    32.2711    24.8863 -9.990e-29
 150.668843     10.469  35.060475     9.5379     4.7971     10.381    32.3250    24.9393 -9.990e-29
 150.668848     10.476  35.027685     9.4206     4.8983     10.388    32.3973    25.0146 -9.990e-29
 150.668854     10.490  34.977356     9.3063     4.8820     10.402    32.4491    25.0733 -9.990e-29
 150.668860     10.505  34.947668     9.2449     4.8218     10.417    32.4743    25.1027 -9.990e-29
 150.668866     10.517  34.948860     9.2480     4.7827     10.429    32.4727    25.1010 -9.990e-29
 150.668872     10.526  34.963454     9.2944     4.8161     10.438    32.4456    25.0724 -9.990e-29
 150.668877     10.533  34.980094     9.3447     4.9047     10.445    32.4171    25.0422 -9.990e-29
 150.668883     10.539  34.982324     9.3562     4.9740     10.451    32.4089    25.0340 -9.990e-29
 150.668889     10.544  34.962486     9.3215     5.0104     10.456    32.4200    25.0481 -9.990e-29
 150.668895     10.548  34.946790     9.2855     4.9936     10.460    32.4365    25.0667 -9.990e-29
 150.668900     10.551  34.955198     9.2813     4.9713     10.463    32.4490    25.0771 -9.990e-29
 150.668906     10.550  34.970903     9.2888     4.9222     10.462    32.4584    25.0833 -9.990e-29
 150.668912     10.541  34.978993     9.2837     4.8428     10.453    32.4713    25.0942 -9.990e-29
 150.668918     10.525  34.980174     9.2638     4.7741     10.437    32.4907    25.1125 -9.990e-29
 150.668924     10.513  34.976584     9.2351     4.7165     10.425    32.5131    25.1346 -9.990e-29
 150.668929     10.510  34.974637     9.2115     4.7228     10.422    32.5326    25.1536 -9.990e-29
 150.668935     10.517  34.977337     9.2001     4.7474     10.429    32.5458    25.1657 -9.990e-29
 150.668941     10.526  34.973154     9.1884     4.7688     10.438    32.5521    25.1725 -9.990e-29
 150.668947     10.533  34.957065     9.1706     4.7567     10.445    32.5517    25.1750 -9.990e-29
 150.668953     10.538  34.944585     9.1594     4.7345     10.450    32.5491    25.1746 -9.990e-29
 150.668958     10.542  34.946514     9.1616     4.7739     10.454    32.5490    25.1743 -9.990e-29
 150.668964     10.546  34.957019     9.1704     4.8477     10.458    32.5519    25.1751 -9.990e-29
 150.668970     10.548  34.964341     9.1795     4.9216     10.460    32.5511    25.1731 -9.990e-29
 150.668976     10.551  34.964802     9.1897     4.9057     10.463    32.5423    25.1646 -9.990e-29
 150.668981     10.549  34.959580     9.2031     4.8091     10.461    32.5247    25.1487 -9.990e-29
 150.668987     10.537  34.954592     9.2264     4.6638     10.449    32.4983    25.1244 -9.990e-29
 150.668993     10.520  34.962233     9.2666     4.5649     10.432    32.4696    25.0956 -9.990e-29
 150.668999     10.501  34.977568     9.2952     4.5466     10.413    32.4594    25.0831 -9.990e-29
 150.669005     10.483  34.981282     9.2684     4.6095     10.395    32.4876    25.1094 -9.990e-29
 150.669010     10.473  34.967137     9.2028     4.7155     10.385    32.5328    25.1551 -9.990e-29
 150.669016     10.471  34.945406     9.1446     4.8419     10.383    32.5635    25.1882 -9.990e-29
 150.669022     10.468  34.925194     9.1146     4.9855     10.380    32.5700    25.1980 -9.990e-29
 150.669028     10.458  34.917061     9.1181     5.1791     10.370    32.5583    25.1884 -9.990e-29
 150.669034     10.443  34.928633     9.1491     5.4400     10.356    32.5420    25.1707 -9.990e-29
 150.669039     10.420  34.948449     9.1941     5.7010     10.333    32.5214    25.1476 -9.990e-29
 150.669045     10.393  34.965967     9.2385     5.9111     10.306    32.4991    25.1231 -9.990e-29
 150.669051     10.378  34.983267     9.2682     6.0156     10.291    32.4899    25.1112 -9.990e-29
 150.669057     10.385  35.002703     9.2927     6.0313     10.298    32.4877    25.1056 -9.990e-29
 150.669063     10.406  35.031718     9.3387     5.9997     10.319    32.4757    25.0890 -9.990e-29
 150.669068     10.431  35.073715     9.3914     5.9865     10.344    32.4711    25.0769 -9.990e-29
 150.669074     10.457  35.107958     9.4281     5.9982     10.369    32.4730    25.0726 -9.990e-29
 150.669080     10.485  35.123543     9.4729     6.0079     10.397    32.4483    25.0462 -9.990e-29
 150.669086     10.509  35.131739     9.5353     5.9828     10.421    32.4003    24.9986 -9.990e-29
 150.669091     10.520  35.133394     9.5895     5.9175     10.432    32.3531    24.9530 -9.990e-29
 150.669097     10.526  35.129039     9.6336     5.9260     10.438    32.3089    24.9114 -9.990e-29
 150.669103     10.529  35.129124     9.6839     6.0498     10.441    32.2638    24.8680 -9.990e-29
 150.669109     10.531  35.134329     9.7333     6.2691     10.443    32.2248    24.8295 -9.990e-29
 150.669115     10.531  35.137599     9.7597     6.5224     10.443    32.2045    24.8094 -9.990e-29
 150.669120     10.530  35.136579     9.7524     6.7533     10.442    32.2100    24.8149 -9.990e-29
 150.669126     10.527  35.137762     9.7330     6.8472     10.439    32.2286    24.8325 -9.990e-29
 150.669132     10.522  35.150009     9.7429     6.8284     10.434    32.2322    24.8337 -9.990e-29
 150.669138     10.515  35.171726     9.7958     6.8177     10.427    32.2069    24.8054 -9.990e-29
 150.669144     10.510  35.196574     9.8690     6.8081     10.422    32.1668    24.7621 -9.990e-29
 150.669149     10.510  35.231358     9.9389     6.8675     10.422    32.1398    24.7296 -9.990e-29
 150.669155     10.512  35.272618     9.9981     6.9667     10.424    32.1289    24.7113 -9.990e-29
 150.669161     10.511  35.284644    10.0371     7.0530     10.423    32.1064    24.6873 -9.990e-29
 150.669167     10.507  35.266677    10.0568     7.1507     10.419    32.0708    24.6563 -9.990e-29
 150.669172     10.500  35.258066    10.0713     7.2099     10.412    32.0492    24.6371 -9.990e-29
 150.669178     10.494  35.264136    10.0895     7.2449     10.406    32.0392    24.6263 -9.990e-29
 150.669184     10.492  35.277860    10.1177     7.2440     10.404    32.0281    24.6129 -9.990e-29
 150.669190     10.494  35.302415    10.1488     7.2213     10.406    32.0254    24.6056 -9.990e-29
 150.669196     10.501  35.320695    10.1671     7.2252     10.413    32.0276    24.6043 -9.990e-29
 150.669201     10.509  35.322349    10.1748     7.1012     10.421    32.0225    24.5990 -9.990e-29
 150.669207     10.514  35.324714    10.1845     6.8285     10.426    32.0163    24.5926 -9.990e-29
 150.669213     10.517  35.333745    10.1978     6.3144     10.429    32.0136    24.5883 -9.990e-29
 150.669219     10.517  35.336838    10.2085     5.6587     10.429    32.0073    24.5815 -9.990e-29
 150.669225     10.514  35.331953    10.2160     5.2739     10.426    31.9957    24.5713 -9.990e-29
 150.669230     10.509  35.326008    10.2239     5.1226     10.421    31.9828    24.5599 -9.990e-29
 150.669236     10.505  35.317771    10.2113     5.1378     10.417    31.9856    24.5642 -9.990e-29
 150.669242     10.507  35.286713    10.1233     5.1558     10.419    32.0321    24.6151 -9.990e-29
 150.669248     10.509  35.197006     9.9568     5.0467     10.421    32.0891    24.6871 -9.990e-29
 150.669253     10.509  35.086968     9.8145     4.9020     10.421    32.1041    24.7221 -9.990e-29
 150.669259     10.506  35.056848     9.7478     4.8235     10.418    32.1329    24.7555 -9.990e-29
 150.669265     10.499  35.082670     9.7028     4.8441     10.411    32.1995    24.8147 -9.990e-29
 150.669271     10.489  35.078392     9.6417     4.9411     10.401    32.2499    24.8640 -9.990e-29
 150.669277     10.479  35.048925     9.5527     5.0995     10.391    32.2998    24.9173 -9.990e-29
 150.669282     10.477  35.017126     9.4593     5.2774     10.389    32.3515    24.9726 -9.990e-29
 150.669288     10.482  34.992652     9.4065     5.4493     10.394    32.3740    24.9987 -9.990e-29
 150.669294     10.487  34.994921     9.3997     5.6183     10.399    32.3825    25.0064 -9.990e-29
 150.669300     10.488  35.015154     9.4202     5.7664     10.400    32.3848    25.0049 -9.990e-29
 150.669306     10.484  35.028768     9.4637     5.9429     10.396    32.3594    24.9781 -9.990e-29
 150.669311     10.476  35.040449     9.5347     6.1267     10.388    32.3073    24.9261 -9.990e-29
 150.669317     10.463  35.060713     9.6067     6.2082     10.375    32.2633    24.8801 -9.990e-29
 150.669323     10.448  35.078475     9.6418     6.1307     10.361    32.2499    24.8640 -9.990e-29
 150.669329     10.434  35.087722     9.6496     5.9641     10.347    32.2524    24.8646 -9.990e-29
 150.669334     10.422  35.098535     9.6622     5.9058     10.335    32.2521    24.8624 -9.990e-29
 150.669340     10.414  35.115793     9.6924     6.0466     10.327    32.2426    24.8501 -9.990e-29
 150.669346     10.413  35.138956     9.7325     6.3540     10.326    32.2303    24.8339 -9.990e-29
 150.669352     10.421  35.152398     9.7366     6.6990     10.334    32.2403    24.8411 -9.990e-29
 150.669358     10.433  35.134255     9.6914     7.0066     10.346    32.2623    24.8656 -9.990e-29
 150.669363     10.442  35.104012     9.6804     7.2604     10.355    32.2414    24.8510 -9.990e-29
 150.669369     10.443  35.107578     9.7580     7.4082     10.356    32.1755    24.7870 -9.990e-29
 150.669375     10.438  35.150787     9.8739     7.4744     10.351    32.1160    24.7217 -9.990e-29
 150.669381     10.429  35.196564     9.9653     7.4761     10.342    32.0811    24.6794 -9.990e-29
 150.669387     10.424  35.225843    10.0320     7.4753     10.337    32.0515    24.6454 -9.990e-29
 150.669392     10.429  35.251900    10.1055     7.5035     10.342    32.0128    24.6030 -9.990e-29
 150.669398     10.438  35.284266    10.1807     7.5255     10.351    31.9789    24.5641 -9.990e-29
 150.669404     10.444  35.308385    10.2251     7.4883     10.357    31.9640    24.5451 -9.990e-29
 150.669410     10.442  35.311593    10.2419     7.3514     10.355    31.9525    24.5332 -9.990e-29
 150.669416     10.434  35.308804    10.2606     7.0860     10.347    31.9332    24.5151 -9.990e-29
