data/oxygen options/OCNMS/OCNMS1/raw_data/2008/SBE19/CTD_KL027_061208faedb.cnv
* Sea-Bird SBE19 Data File:
* FileName = C:\2008_Mooring_Data\061208_service\CTD_KL027_061208.hex
* Software Version 1.59
* Temperature SN = 2997
* Conductivity SN = 2997
* System UpLoad Time = Jun 12 2008 12:01:04
* ds
* SEACAT PROFILER V3.1c SN 2997   06/12/08  12:00:35.286
# nquan = 9
# nvalues = 25                          
# units = specified
# name 0 = timeJ: Julian Days
# name 1 = prSM: Pressure, Strain Gauge [db]
# name 2 = c0mS/cm: Conductivity [mS/cm]
# name 3 = t090C: Temperature [ITS-90, deg C]
# name 4 = sbeox0ML/L: Oxygen, SBE 43 [ml/l]
# name 5 = depSM: Depth [salt water, m], lat = 47.5
# name 6 = sal00: Salinity, Practical [PSU]
# name 7 = sigma-é00: Density [sigma-theta, kg/m^3]
# name 8 = flag: flag
# span 0 = 164.498520, 164.498931       
# span 1 =      2.000,     26.000       
# span 2 =  34.249367,  35.473314       
# span 3 =     7.4276,    11.7598       
# span 4 =     1.9819,     6.8400       
# span 5 =      1.983,     25.782       
# span 6 =    30.0750,    33.4323       
# span 7 =    22.8105,    26.1252       
# span 8 = 0.0000e+00, 0.0000e+00       
# interval = decibars: 1                
# start_time = Jun 12 2008 11:53:45 [Instrument's time stamp, header]
# bad_flag = -9.990e-29
*END*
 164.498520      2.000  34.701751    11.7598     6.8400      1.983    30.0750    22.8105 0.0000e+00
 164.498543      3.000  34.690738    11.7399     6.6505      2.975    30.0801    22.8180 0.0000e+00
 164.498561      4.000  34.664682    11.6967     6.5201      3.967    30.0897    22.8332 0.0000e+00
 164.498578      5.000  34.630984    11.6524     6.3978      4.958    30.0927    22.8434 0.0000e+00
 164.498596      6.000  34.616995    11.6248     6.1513      5.950    30.1011    22.8549 0.0000e+00
 164.498613      7.000  34.630762    11.5943     5.8890      6.941    30.1388    22.8896 0.0000e+00
 164.498631      8.000  34.770476    11.4937     5.8376      7.933    30.3557    23.0757 0.0000e+00
 164.498649      9.000  35.150383    11.2277     5.7496      8.925    30.9454    23.5806 0.0000e+00
 164.498665     10.000  35.415326    10.8046     5.2818      9.916    31.5654    24.1362 0.0000e+00
 164.498680     11.000  35.473314    10.5220     4.6182     10.908    31.8685    24.4206 0.0000e+00
 164.498696     12.000  35.380768    10.0704     4.1742     11.899    32.1734    24.7341 0.0000e+00
 164.498712     13.000  35.125118     9.5703     3.5691     12.891    32.3606    24.9621 0.0000e+00
 164.498729     14.000  34.965009     9.1518     3.0639     13.883    32.5758    25.1967 0.0000e+00
 164.498744     15.000  34.696377     8.5742     2.8860     14.874    32.8275    25.4829 0.0000e+00
 164.498760     16.000  34.506500     8.2527     2.6676     15.866    32.9270    25.6091 0.0000e+00
 164.498776     17.000  34.365294     7.9255     2.5646     16.858    33.0845    25.7807 0.0000e+00
 164.498791     18.000  34.270211     7.7712     2.4204     17.849    33.1285    25.8376 0.0000e+00
 164.498807     19.000  34.264219     7.6919     2.2371     18.841    33.1971    25.9029 0.0000e+00
 164.498823     20.000  34.263295     7.5815     2.1664     19.832    33.3013    26.0005 0.0000e+00
 164.498840     21.000  34.261606     7.5147     2.1122     20.824    33.3631    26.0585 0.0000e+00
 164.498858     22.000  34.253650     7.4554     2.0459     21.815    33.4110    26.1046 0.0000e+00
 164.498876     23.000  34.249565     7.4334     2.0144     22.807    33.4274    26.1205 0.0000e+00
 164.498892     24.000  34.249367     7.4276     1.9954     23.798    33.4323    26.1252 0.0000e+00
 164.498909     25.000  34.250065     7.4286     1.9844     24.790    33.4316    26.1245 0.0000e+00
 164.498931     26.000  34.252519     7.4397     1.9819     25.782    33.4231    26.1162 0.0000e+00
