data/oxygen options/OCNMS/OCNMS1/raw_data/2008/SBE19/CTD_TH065_052808faed.cnv
* Sea-Bird SBE19 Data File:
* FileName = C:\2008_Mooring_Data\042408_service\CTD_TH065_052808.hex
* Software Version 1.58
* Temperature SN = 2997
* Conductivity SN = 2997
* System UpLoad Time = May 28 2008 13:44:23
* ds
* SEACAT PROFILER V3.1c SN 2997   05/28/08  13:43:53.063
# nquan = 9                                 
# nvalues = 2012                        
# units = specified
# name 0 = timeJ: Julian Days
# name 1 = prSM: Pressure, Strain Gauge [db]
# name 2 = c0mS/cm: Conductivity [mS/cm]
# name 3 = t090C: Temperature [ITS-90, deg C]
# name 4 = sbeox0ML/L: Oxygen, SBE 43 [ml/l]
# name 5 = depSM: Depth [salt water, m], lat = 47.5
# name 6 = sal00: Salinity, Practical [PSU]
# name 7 = sigma-é00: Density [sigma-theta, kg/m^3]
# name 8 = flag: flag
# span 0 = 149.550880, 149.562517       
# span 1 =     -5.618,     61.928       
# span 2 =   0.039462,  36.053494       
# span 3 =     7.3201,    11.4012       
# span 4 =    -1.6503,    16.7398       
# span 5 =     -5.571,     61.402       
# span 6 =     0.0273,    33.7726       
# span 7 =    -0.4132,    26.4075       
# span 8 = 0.0000e+00, 0.0000e+00       
# interval = seconds: 0.5
# start_time = May 28 2008 13:13:16 [Instrument's time stamp, header]
# bad_flag = -9.990e-29
*END*
[from data line 321]
 149.552737      0.582  35.555621    10.3881     7.9790      0.577    32.0727    24.6022 -9.990e-29
 149.552743      0.589  35.559119    10.3895     7.9587      0.584    32.0750    24.6037 -9.990e-29
 149.552749      0.596  35.562629    10.3884     7.9566      0.591    32.0795    24.6074 -9.990e-29
 149.552755      0.602  35.566360    10.3832     7.9517      0.597    32.0878    24.6148 -9.990e-29
 149.552760      0.610  35.565209    10.3753     7.9611      0.605    32.0936    24.6206 -9.990e-29
 149.552766      0.619  35.554848    10.3679     7.9687      0.614    32.0897    24.6189 -9.990e-29
 149.552772      0.629  35.541633    10.3576     7.9698      0.624    32.0856    24.6174 -9.990e-29
 149.552778      0.642  35.535402    10.3412     7.9711      0.637    32.0938    24.6266 -9.990e-29
 149.552784      0.658  35.537374    10.3280     7.9701      0.653    32.1074    24.6394 -9.990e-29
 149.552789      0.673  35.536180    10.3274     7.9617      0.667    32.1068    24.6390 -9.990e-29
 149.552795      0.681  35.532474    10.3362     7.9610      0.675    32.0953    24.6285 -9.990e-29
 149.552801      0.682  35.538683    10.3427     7.9782      0.676    32.0958    24.6278 -9.990e-29
 149.552807      0.685  35.544044    10.3370     7.9956      0.679    32.1062    24.6369 -9.990e-29
 149.552812      0.693  35.536668    10.3229     8.0072      0.687    32.1112    24.6432 -9.990e-29
 149.552818      0.704  35.524097    10.3146     8.0100      0.698    32.1059    24.6405 -9.990e-29
 149.552824      0.708  35.520945    10.3191     8.0121      0.702    32.0988    24.6342 -9.990e-29
 149.552830      0.707  35.531414    10.3312     8.0138      0.701    32.0986    24.6320 -9.990e-29
 149.552836      0.710  35.545940    10.3428     8.0195      0.704    32.1029    24.6334 -9.990e-29
 149.552841      0.720  35.558689    10.3509     8.0230      0.714    32.1086    24.6364 -9.990e-29
 149.552847      0.737  35.569864    10.3572     8.0120      0.731    32.1142    24.6398 -9.990e-29
 149.552853      0.760  35.578128    10.3619     8.0023      0.754    32.1183    24.6422 -9.990e-29
 149.552859      0.781  35.578262    10.3632     7.9873      0.774    32.1173    24.6412 -9.990e-29
 149.552865      0.797  35.573814    10.3627     7.9826      0.790    32.1133    24.6381 -9.990e-29
 149.552870      0.808  35.572865    10.3634     7.9798      0.801    32.1117    24.6368 -9.990e-29
 149.552876      0.817  35.574717    10.3655     7.9881      0.810    32.1117    24.6364 -9.990e-29
 149.552882      0.822  35.574562    10.3662     7.9954      0.815    32.1109    24.6357 -9.990e-29
 149.552888      0.825  35.568839    10.3621     8.0081      0.818    32.1088    24.6347 -9.990e-29
 149.552894      0.825  35.556647    10.3540     8.0208      0.818    32.1037    24.6321 -9.990e-29
 149.552899      0.824  35.545268    10.3515     8.0145      0.817    32.0945    24.6254 -9.990e-29
 149.552905      0.820  35.548665    10.3634     7.9901      0.813    32.0874    24.6178 -9.990e-29
 149.552911      0.813  35.566890    10.3831     7.9545      0.806    32.0883    24.6152 -9.990e-29
 149.552917      0.808  35.585597    10.3980     7.9286      0.801    32.0939    24.6170 -9.990e-29
 149.552922      0.808  35.596684    10.4038     7.9320      0.801    32.0999    24.6207 -9.990e-29
 149.552928      0.808  35.597020    10.3995     7.9463      0.801    32.1040    24.6247 -9.990e-29
 149.552934      0.810  35.581459    10.3833     7.9501      0.803    32.1027    24.6264 -9.990e-29
 149.552940      0.817  35.555591    10.3577     7.9469      0.810    32.0994    24.6281 -9.990e-29
 149.552946      0.826  35.533108    10.3327     7.9358      0.819    32.0989    24.6320 -9.990e-29
 149.552951      0.832  35.521570    10.3216     7.9525      0.825    32.0972    24.6325 -9.990e-29
 149.552957      0.836  35.524642    10.3283     7.9968      0.829    32.0943    24.6291 -9.990e-29
 149.552963      0.839  35.538020    10.3425     8.0288      0.832    32.0952    24.6274 -9.990e-29
 149.552969      0.840  35.552655    10.3522     8.0268      0.833    32.1013    24.6306 -9.990e-29
 149.552975      0.841  35.562859    10.3535     8.0131      0.834    32.1104    24.6374 -9.990e-29
 149.552980      0.839  35.567123    10.3506     7.9908      0.832    32.1172    24.6432 -9.990e-29
 149.552986      0.837  35.570581    10.3514     7.9796      0.830    32.1200    24.6453 -9.990e-29
 149.552992      0.833  35.576166    10.3596     7.9797      0.826    32.1184    24.6426 -9.990e-29
 149.552998      0.831  35.582367    10.3705     7.9764      0.824    32.1150    24.6381 -9.990e-29
 149.553003      0.836  35.587936    10.3739     7.9771      0.829    32.1175    24.6395 -9.990e-29
 149.553009      0.844  35.577902    10.3606     7.9749      0.837    32.1192    24.6431 -9.990e-29
 149.553015      0.846  35.546178    10.3462     7.9673      0.839    32.1001    24.6306 -9.990e-29
 149.553021      0.838  35.531702    10.3567     7.9746      0.831    32.0763    24.6103 -9.990e-29
 149.553027      0.825  35.551586    10.3815     7.9953      0.818    32.0744    24.6046 -9.990e-29
 149.553032      0.814  35.572403    10.3926     8.0320      0.807    32.0855    24.6114 -9.990e-29
 149.553038      0.813  35.575422    10.3849     8.0515      0.806    32.0953    24.6203 -9.990e-29
 149.553044      0.821  35.568046    10.3743     8.0489      0.814    32.0972    24.6236 -9.990e-29
 149.553050      0.832  35.564538    10.3756     8.0394      0.825    32.0926    24.6198 -9.990e-29
 149.553056      0.836  35.573108    10.3893     8.0390      0.829    32.0891    24.6147 -9.990e-29
 149.553061      0.830  35.589499    10.4072     8.0501      0.823    32.0897    24.6122 -9.990e-29
 149.553067      0.822  35.608124    10.4253     8.0461      0.815    32.0924    24.6112 -9.990e-29
 149.553073      0.825  35.626373    10.4419     8.0413      0.818    32.0960    24.6112 -9.990e-29
 149.553079      0.838  35.636658    10.4511     8.0349      0.831    32.0982    24.6114 -9.990e-29
 149.553084      0.853  35.634218    10.4511     8.0235      0.846    32.0957    24.6095 -9.990e-29
 149.553090      0.869  35.624211    10.4492     8.0155      0.862    32.0874    24.6033 -9.990e-29
 149.553096      0.880  35.617391    10.4518     8.0013      0.873    32.0783    24.5957 -9.990e-29
 149.553102      0.884  35.618115    10.4547     8.0033      0.877    32.0764    24.5938 -9.990e-29
 149.553108      0.886  35.618388    10.4485     8.0117      0.879    32.0822    24.5993 -9.990e-29
 149.553113      0.889  35.609621    10.4309     8.0060      0.882    32.0889    24.6076 -9.990e-29
 149.553119      0.894  35.594698    10.4092     8.0026      0.887    32.0931    24.6145 -9.990e-29
 149.553125      0.900  35.585660    10.3932     7.9828      0.892    32.0982    24.6212 -9.990e-29
 149.553131      0.909  35.585024    10.3872     7.9582      0.901    32.1028    24.6258 -9.990e-29
 149.553137      0.918  35.584101    10.3898     7.9370      0.910    32.0996    24.6229 -9.990e-29
 149.553142      0.917  35.582223    10.3969     7.9393      0.909    32.0915    24.6153 -9.990e-29
 149.553148      0.906  35.585854    10.3996     7.9477      0.898    32.0927    24.6158 -9.990e-29
 149.553154      0.894  35.587519    10.3866     7.9680      0.887    32.1059    24.6283 -9.990e-29
 149.553160      0.889  35.572082    10.3584     7.9663      0.882    32.1153    24.6404 -9.990e-29
 149.553166      0.894  35.540818    10.3322     7.9561      0.887    32.1071    24.6384 -9.990e-29
 149.553171      0.900  35.518149    10.3205     7.9590      0.892    32.0947    24.6307 -9.990e-29
 149.553177      0.901  35.519783    10.3209     7.9670      0.893    32.0960    24.6317 -9.990e-29
 149.553183      0.900  35.532775    10.3259     8.0011      0.892    32.1046    24.6375 -9.990e-29
 149.553189      0.902  35.544763    10.3288     8.0213      0.894    32.1141    24.6444 -9.990e-29
 149.553194      0.906  35.548771    10.3270     8.0300      0.898    32.1197    24.6491 -9.990e-29
 149.553200      0.914  35.543429    10.3244     8.0275      0.906    32.1166    24.6472 -9.990e-29
 149.553206      0.920  35.541229    10.3269     8.0143      0.912    32.1122    24.6433 -9.990e-29
 149.553212      0.921  35.547085    10.3363     8.0146      0.913    32.1097    24.6398 -9.990e-29
 149.553218      0.922  35.556486    10.3508     8.0132      0.914    32.1064    24.6347 -9.990e-29
 149.553223      0.927  35.567409    10.3649     8.0234      0.919    32.1049    24.6312 -9.990e-29
 149.553229      0.936  35.575380    10.3717     8.0180      0.928    32.1068    24.6316 -9.990e-29
 149.553235      0.949  35.573669    10.3687     7.9998      0.941    32.1078    24.6328 -9.990e-29
 149.553241      0.964  35.562806    10.3627     7.9747      0.956    32.1022    24.6295 -9.990e-29
 149.553247      0.973  35.556325    10.3643     7.9581      0.965    32.0943    24.6230 -9.990e-29
 149.553252      0.976  35.562396    10.3726     7.9730      0.968    32.0930    24.6206 -9.990e-29
 149.553258      0.983  35.571751    10.3773     7.9822      0.975    32.0982    24.6239 -9.990e-29
 149.553264      0.996  35.574464    10.3721     7.9897      0.988    32.1055    24.6305 -9.990e-29
 149.553270      1.015  35.567998    10.3602     7.9886      1.007    32.1096    24.6356 -9.990e-29
 149.553275      1.025  35.555506    10.3515     7.9814      1.016    32.1047    24.6333 -9.990e-29
 149.553281      1.021  35.546664    10.3514     7.9877      1.012    32.0959    24.6265 -9.990e-29
 149.553287      1.005  35.545933    10.3558     8.0043      0.997    32.0913    24.6222 -9.990e-29
 149.553293      0.986  35.551221    10.3629     8.0158      0.978    32.0904    24.6202 -9.990e-29
 149.553299      0.975  35.563423    10.3708     8.0192      0.967    32.0956    24.6230 -9.990e-29
 149.553304      0.979  35.573609    10.3730     8.0172      0.971    32.1039    24.6291 -9.990e-29
 149.553310      0.991  35.567921    10.3730     8.0082      0.983    32.0982    24.6246 -9.990e-29
 149.553316      0.998  35.559510    10.3777     7.9912      0.990    32.0856    24.6140 -9.990e-29
 149.553322      0.997  35.566856    10.3832     7.9816      0.989    32.0881    24.6150 -9.990e-29
 149.553328      0.992  35.578472    10.3823     7.9831      0.984    32.1006    24.6249 -9.990e-29
 149.553333      0.991  35.579603    10.3746     7.9940      0.983    32.1085    24.6324 -9.990e-29
 149.553339      0.998  35.571767    10.3646     8.0128      0.990    32.1095    24.6348 -9.990e-29
 149.553345      1.009  35.559648    10.3547     8.0201      1.001    32.1061    24.6338 -9.990e-29
 149.553351      1.017  35.547259    10.3495     8.0164      1.009    32.0982    24.6286 -9.990e-29
 149.553356      1.018  35.545533    10.3551     8.0176      1.010    32.0915    24.6224 -9.990e-29
 149.553362      1.011  35.557216    10.3688     8.0174      1.003    32.0912    24.6198 -9.990e-29
 149.553368      1.002  35.571561    10.3844     8.0274      0.994    32.0918    24.6177 -9.990e-29
 149.553374      0.997  35.581375    10.3951     8.0321      0.989    32.0922    24.6162 -9.990e-29
 149.553380      1.001  35.579023    10.3963     8.0385      0.993    32.0887    24.6133 -9.990e-29
 149.553385      1.009  35.571465    10.3948     8.0467      1.001    32.0825    24.6087 -9.990e-29
 149.553391      1.014  35.575519    10.3984     8.0424      1.006    32.0834    24.6088 -9.990e-29
 149.553397      1.015  35.585394    10.4068     8.0363      1.007    32.0859    24.6093 -9.990e-29
 149.553403      1.023  35.594096    10.4154     8.0236      1.014    32.0870    24.6087 -9.990e-29
 149.553409      1.036  35.600911    10.4191     8.0199      1.027    32.0905    24.6108 -9.990e-29
 149.553414      1.047  35.600929    10.4195     8.0294      1.038    32.0902    24.6105 -9.990e-29
 149.553420      1.054  35.601463    10.4218     8.0345      1.045    32.0887    24.6090 -9.990e-29
 149.553426      1.055  35.608275    10.4250     8.0358      1.046    32.0927    24.6115 -9.990e-29
 149.553432      1.056  35.614207    10.4247     8.0272      1.047    32.0989    24.6164 -9.990e-29
 149.553438      1.060  35.612052    10.4214     8.0135      1.051    32.0997    24.6176 -9.990e-29
 149.553443      1.065  35.603985    10.4202     8.0175      1.056    32.0926    24.6123 -9.990e-29
 149.553449      1.065  35.602785    10.4235     8.0295      1.056    32.0885    24.6085 -9.990e-29
 149.553455      1.062  35.609659    10.4260     8.0487      1.053    32.0932    24.6118 -9.990e-29
 149.553461      1.058  35.613049    10.4198     8.0541      1.049    32.1021    24.6197 -9.990e-29
 149.553466      1.062  35.604039    10.4034     8.0369      1.053    32.1075    24.6267 -9.990e-29
 149.553472      1.075  35.588550    10.3879     8.0264      1.066    32.1057    24.6279 -9.990e-29
 149.553478      1.089  35.585151    10.3843     8.0024      1.080    32.1054    24.6284 -9.990e-29
 149.553484      1.100  35.595475    10.3925     7.9953      1.091    32.1085    24.6294 -9.990e-29
 149.553490      1.109  35.606959    10.4062     7.9926      1.100    32.1079    24.6266 -9.990e-29
 149.553495      1.117  35.613073    10.4157     8.0016      1.108    32.1057    24.6232 -9.990e-29
 149.553501      1.124  35.609654    10.4135     8.0248      1.115    32.1042    24.6224 -9.990e-29
 149.553507      1.131  35.592714    10.4024     8.0421      1.122    32.0970    24.6187 -9.990e-29
 149.553513      1.138  35.574968    10.3944     8.0458      1.128    32.0863    24.6117 -9.990e-29
 149.553519      1.145  35.572532    10.3963     8.0520      1.135    32.0822    24.6082 -9.990e-29
 149.553524      1.149  35.579361    10.4038     8.0470      1.139    32.0824    24.6071 -9.990e-29
 149.553530      1.145  35.585518    10.4096     8.0420      1.135    32.0835    24.6069 -9.990e-29
 149.553536      1.139  35.589696    10.4117     8.0483      1.129    32.0858    24.6084 -9.990e-29
 149.553542      1.132  35.592995    10.4116     8.0501      1.123    32.0892    24.6111 -9.990e-29
 149.553547      1.126  35.597579    10.4109     8.0407      1.117    32.0944    24.6152 -9.990e-29
 149.553553      1.120  35.603406    10.4112     8.0304      1.111    32.1000    24.6195 -9.990e-29
 149.553559      1.113  35.606488    10.4129     8.0180      1.104    32.1016    24.6205 -9.990e-29
 149.553565      1.109  35.607580    10.4148     8.0007      1.100    32.1010    24.6197 -9.990e-29
 149.553571      1.112  35.610946    10.4165     7.9904      1.103    32.1028    24.6209 -9.990e-29
 149.553576      1.118  35.613798    10.4172     7.9812      1.109    32.1051    24.6225 -9.990e-29
 149.553582      1.124  35.610421    10.4132     7.9867      1.115    32.1052    24.6233 -9.990e-29
 149.553588      1.129  35.598561    10.3989     7.9996      1.120    32.1060    24.6263 -9.990e-29
 149.553594      1.134  35.580337    10.3766     8.0073      1.125    32.1074    24.6312 -9.990e-29
 149.553600      1.140  35.561148    10.3582     8.0052      1.130    32.1044    24.6320 -9.990e-29
 149.553605      1.142  35.549584    10.3520     8.0027      1.132    32.0983    24.6282 -9.990e-29
 149.553611      1.136  35.549834    10.3558     8.0004      1.127    32.0952    24.6252 -9.990e-29
 149.553617      1.126  35.556073    10.3621     8.0072      1.117    32.0959    24.6247 -9.990e-29
 149.553623      1.116  35.561499    10.3662     8.0114      1.107    32.0977    24.6254 -9.990e-29
 149.553628      1.109  35.563273    10.3653     8.0112      1.100    32.1003    24.6275 -9.990e-29
 149.553634      1.110  35.559847    10.3587     8.0161      1.101    32.1027    24.6305 -9.990e-29
 149.553640      1.113  35.553382    10.3519     8.0260      1.104    32.1022    24.6313 -9.990e-29
 149.553646      1.115  35.549832    10.3513     8.0404      1.106    32.0992    24.6290 -9.990e-29
 149.553652      1.117  35.550629    10.3562     8.0461      1.108    32.0956    24.6255 -9.990e-29
