data/oxygen options/OCNMS/OCNMS1/raw_data/2008/SBE19/CTD_CA065_052908faed.cnv
* Sea-Bird SBE19 Data File:
* FileName = C:\2008_Mooring_Data\042408_service\CTD_CA065_052908.hex
* Software Version 1.58
* Temperature SN = 2997
* Conductivity SN = 2997
* System UpLoad Time = May 29 2008 14:23:53
* ds
* SEACAT PROFILER V3.1c SN 2997   05/29/08  14:23:10.590
# nquan = 9                                 
# nvalues = 1908                        
# units = specified
# name 0 = timeJ: Julian Days
# name 1 = prSM: Pressure, Strain Gauge [db]
# name 2 = c0mS/cm: Conductivity [mS/cm]
# name 3 = t090C: Temperature [ITS-90, deg C]
# name 4 = sbeox0ML/L: Oxygen, SBE 43 [ml/l]
# name 5 = depSM: Depth [salt water, m], lat = 47.5
# name 6 = sal00: Salinity, Practical [PSU]
# name 7 = sigma-é00: Density [sigma-theta, kg/m^3]
# name 8 = flag: flag
# span 0 = 150.564167, 150.575203       
# span 1 =     -5.307,     61.287       
# span 2 =   0.030999,  36.346044       
# span 3 =     7.0589,    11.1376       
# span 4 =    -1.6825,    15.6180       
# span 5 =     -5.263,     60.766       
# span 6 =     0.0223,    33.7187       
# span 7 =    -0.3851,    26.4022       
# span 8 = 0.0000e+00, 0.0000e+00       
# interval = seconds: 0.5
# start_time = May 29 2008 13:32:24 [Instrument's time stamp, header]
# bad_flag = -9.990e-29
*END*
 150.564167     -5.307 -9.990e-29    11.0858    -1.6548     -5.263 -9.990e-29 -9.990e-29 -9.990e-29
 150.564172     -5.299   0.031023    11.0883    -1.6546     -5.255     0.0223    -0.3844 -9.990e-29
 150.564178     -5.290   0.031023    11.0912    -1.6545     -5.246     0.0223    -0.3847 -9.990e-29
 150.564184     -5.277   0.031023    11.0939    -1.6548     -5.233     0.0223    -0.3850 -9.990e-29
 150.564190     -5.261   0.031023    11.0949    -1.6553     -5.217     0.0223    -0.3851 -9.990e-29
 150.564196     -5.241   0.031022    11.0932    -1.6554     -5.197     0.0223    -0.3849 -9.990e-29
 150.564201     -5.215   0.031022    11.0898    -1.6555     -5.172     0.0223    -0.3846 -9.990e-29
 150.564207     -5.181   0.031021    11.0862    -1.6558     -5.138     0.0223    -0.3842 -9.990e-29
 150.564213     -5.142   0.031020    11.0836    -1.6563     -5.099     0.0223    -0.3839 -9.990e-29
 150.564219     -5.103   0.031020    11.0828    -1.6563     -5.060     0.0223    -0.3838 -9.990e-29
 150.564225     -5.067   0.031019    11.0836    -1.6560     -5.025     0.0223    -0.3839 -9.990e-29
 150.564230     -5.031   0.031019    11.0826    -1.6557     -4.989     0.0223    -0.3838 -9.990e-29
 150.564236     -4.997   0.031018    11.0771    -1.6557     -4.955     0.0223    -0.3833 -9.990e-29
 150.564242     -4.968   0.031017    11.0696    -1.6556     -4.927     0.0223    -0.3825 -9.990e-29
 150.564248     -4.941   0.031017    11.0635    -1.6555     -4.900     0.0223    -0.3819 -9.990e-29
 150.564253     -4.915   0.031016    11.0581    -1.6552     -4.874     0.0223    -0.3813 -9.990e-29
 150.564259     -4.888   0.031016    11.0515    -1.6551     -4.847     0.0223    -0.3806 -9.990e-29
 150.564265     -4.862   0.031015    11.0453    -1.6549     -4.821     0.0223    -0.3800 -9.990e-29
 150.564271     -4.841   0.031014    11.0438    -1.6551     -4.801     0.0223    -0.3799 -9.990e-29
 150.564277     -4.823   0.031014    11.0473    -1.6556     -4.783     0.0223    -0.3802 -9.990e-29
 150.564282     -4.807   0.031013    11.0517    -1.6560     -4.767     0.0223    -0.3807 -9.990e-29
 150.564288     -4.791   0.031013    11.0549    -1.6563     -4.751     0.0223    -0.3810 -9.990e-29
 150.564294     -4.772   0.031012    11.0582    -1.6563     -4.732     0.0223    -0.3813 -9.990e-29
 150.564300     -4.742   0.031011    11.0628    -1.6562     -4.702     0.0223    -0.3818 -9.990e-29
 150.564306     -4.708   0.031011    11.0677    -1.6569     -4.669     0.0223    -0.3823 -9.990e-29
 150.564311     -4.678   0.031010    11.0716    -1.6573     -4.639     0.0223    -0.3827 -9.990e-29
 150.564317     -4.645   0.031010    11.0726    -1.6575     -4.606     0.0223    -0.3828 -9.990e-29
 150.564323     -4.607   0.031009    11.0685    -1.6578     -4.569     0.0223    -0.3824 -9.990e-29
 150.564329     -4.569   0.031008    11.0601    -1.6583     -4.531     0.0223    -0.3815 -9.990e-29
 150.564334     -4.535   0.031008    11.0511    -1.6586     -4.497     0.0223    -0.3806 -9.990e-29
 150.564340     -4.501   0.031007    11.0443    -1.6588     -4.463     0.0223    -0.3799 -9.990e-29
 150.564346     -4.465   0.031007    11.0401    -1.6587     -4.428     0.0223    -0.3795 -9.990e-29
 150.564352     -4.426   0.031006    11.0349    -1.6586     -4.389     0.0223    -0.3789 -9.990e-29
 150.564358     -4.384   0.031005    11.0258    -1.6583     -4.347     0.0223    -0.3780 -9.990e-29
 150.564363     -4.347   0.031005    11.0155    -1.6582     -4.311     0.0223    -0.3770 -9.990e-29
 150.564369     -4.315   0.031004    11.0060    -1.6584     -4.279     0.0223    -0.3760 -9.990e-29
 150.564375     -4.287   0.031004    10.9960    -1.6591     -4.251     0.0223    -0.3750 -9.990e-29
 150.564381     -4.262   0.031003    10.9862    -1.6597     -4.226     0.0223    -0.3740 -9.990e-29
 150.564387     -4.236   0.031002    10.9788    -1.6604     -4.201     0.0223    -0.3733 -9.990e-29
 150.564392     -4.209   0.031002    10.9751    -1.6617     -4.174     0.0223    -0.3729 -9.990e-29
 150.564398     -4.184   0.031001    10.9749    -1.6627     -4.149     0.0223    -0.3729 -9.990e-29
 150.564404     -4.162   0.031001    10.9772    -1.6634     -4.127     0.0223    -0.3731 -9.990e-29
 150.564410     -4.139   0.031000    10.9804    -1.6636     -4.104     0.0223    -0.3734 -9.990e-29
 150.564416     -4.108   0.030999    10.9808    -1.6638     -4.074     0.0223    -0.3735 -9.990e-29
 150.564421     -4.072   0.030999    10.9742    -1.6644     -4.038     0.0223    -0.3728 -9.990e-29
 150.564427     -4.038   0.030999    10.9602    -1.6646     -4.004     0.0223    -0.3714 -9.990e-29
 150.564433     -4.006   0.030999    10.9412    -1.6646     -3.973     0.0223    -0.3695 -9.990e-29
 150.564439     -3.976   0.031003    10.9176    -1.6626     -3.943     0.0223    -0.3671 -9.990e-29
 150.564444     -3.945   0.031016    10.8907    -1.6618     -3.912     0.0223    -0.3644 -9.990e-29
 150.564450     -3.911   0.031056    10.8660    -1.6619     -3.878     0.0223    -0.3619 -9.990e-29
 150.564456     -3.873   0.031175    10.8481    -1.6639     -3.841     0.0224    -0.3601 -9.990e-29
 150.564462     -3.831   0.031535    10.8360    -1.6658     -3.799     0.0226    -0.3587 -9.990e-29
 150.564468     -3.793   0.032615    10.8250    -1.6675     -3.761     0.0233    -0.3571 -9.990e-29
 150.564473     -3.760   0.035857    10.8118    -1.6691     -3.729     0.0252    -0.3542 -9.990e-29
 150.564479     -3.729   0.045585    10.7968    -1.6704     -3.698     0.0312    -0.3480 -9.990e-29
 150.564485     -3.699   0.072554    10.7794    -1.6716     -3.668     0.0481    -0.3330 -9.990e-29
 150.564491     -3.672   0.138318    10.7577    -1.6728     -3.641     0.0907    -0.2974 -9.990e-29
 150.564497     -3.650   0.277932    10.7313    -1.6740     -3.620     0.1840    -0.2215 -9.990e-29
 150.564502     -3.633   0.484168    10.7010    -1.6750     -3.603     0.3260    -0.1070 -9.990e-29
 150.564508     -3.619   0.673474    10.6684    -1.6761     -3.589     0.4595     0.0009 -9.990e-29
 150.564514     -3.603   0.768502    10.6352    -1.6774     -3.573     0.5276     0.0576 -9.990e-29
 150.564520     -3.580   0.763484    10.6025    -1.6783     -3.550     0.5244     0.0583 -9.990e-29
 150.564525     -3.553   0.708269    10.5708    -1.6773     -3.523     0.4854     0.0308 -9.990e-29
 150.564531     -3.528   0.648411    10.5406    -1.6778     -3.499     0.4432     0.0006 -9.990e-29
 150.564537     -3.508   0.597217    10.5113    -1.6797     -3.479     0.4073    -0.0248 -9.990e-29
 150.564543     -3.492   0.555707    10.4816    -1.6802     -3.463     0.3782    -0.0447 -9.990e-29
 150.564549     -3.479   0.524514    10.4522    -1.6809     -3.450     0.3565    -0.0590 -9.990e-29
 150.564554     -3.467   0.503613    10.4235    -1.6818     -3.438     0.3421    -0.0676 -9.990e-29
 150.564560     -3.457   0.490076    10.3940    -1.6824     -3.428     0.3328    -0.0721 -9.990e-29
 150.564566     -3.447   0.481925    10.3644    -1.6825     -3.418     0.3274    -0.0736 -9.990e-29
 150.564572     -3.438   0.481039    10.3391    -1.6823     -3.409     0.3270    -0.0715 -9.990e-29
 150.564578     -3.427   0.495105    10.3228    -1.6801     -3.398     0.3370    -0.0621 -9.990e-29
 150.564583     -3.415   0.537335    10.3141    -1.6775     -3.387     0.3669    -0.0378 -9.990e-29
 150.564589     -3.401   0.577577    10.3063    -1.6784     -3.373     0.3955    -0.0146 -9.990e-29
 150.564595     -3.385   0.548115    10.2949    -1.6791     -3.357     0.3747    -0.0299 -9.990e-29
 150.564601     -3.364   0.467303    10.2801    -1.6795     -3.336     0.3178    -0.0732 -9.990e-29
 150.564606     -3.338   0.409173    10.2658    -1.6799     -3.310     0.2771    -0.1038 -9.990e-29
 150.564612     -3.309   0.383226    10.2563    -1.6799     -3.281     0.2591    -0.1172 -9.990e-29
 150.564618     -3.284   0.368166    10.2539    -1.6800     -3.257     0.2486    -0.1252 -9.990e-29
 150.564624     -3.266   0.360540    10.2578    -1.6764     -3.239     0.2433    -0.1297 -9.990e-29
 150.564630     -3.248   0.371236    10.2647    -1.6775     -3.221     0.2507    -0.1245 -9.990e-29
 150.564635     -3.227   0.434464    10.2706    -1.6774     -3.200     0.2948    -0.0904 -9.990e-29
 150.564641     -3.205   0.566921    10.2733    -1.6779     -3.178     0.3883    -0.0172 -9.990e-29
 150.564647     -3.184   0.685847    10.2729    -1.6773     -3.157     0.4732     0.0495 -9.990e-29
 150.564653     -3.164   0.707608    10.2712    -1.6770     -3.138     0.4889     0.0620 -9.990e-29
 150.564659     -3.142   0.670093    10.2702    -1.6772     -3.116     0.4619     0.0409 -9.990e-29
 150.564664     -3.119   0.632476    10.2711    -1.5209     -3.093     0.4350     0.0197 -9.990e-29
 150.564670     -3.091   0.611114    10.2738    -1.3554     -3.065     0.4197     0.0075 -9.990e-29
 150.564676     -3.057   0.618536    10.2784    -1.3507     -3.032     0.4250     0.0111 -9.990e-29
 150.564682     -3.021   0.692906    10.2851    -1.3498     -2.996     0.4781     0.0522 -9.990e-29
 150.564687     -2.987   0.801460    10.2937    -1.3496     -2.962     0.5562     0.1127 -9.990e-29
 150.564693     -2.954   0.848930    10.3043    -1.3496     -2.929     0.5904     0.1386 -9.990e-29
 150.564699     -2.915   0.874786    10.3184    -1.3496     -2.891     0.6090     0.1518 -9.990e-29
 150.564705     -2.867   1.031021    10.3404    -1.3497     -2.843     0.7225     0.2388 -9.990e-29
 150.564711     -2.809   1.595788    10.3859    -1.3492     -2.786     1.1406     0.5620 -9.990e-29
 150.564716     -2.740   3.344837    10.5076    -1.3493     -2.717     2.4835     1.5991 -9.990e-29
 150.564722     -2.656   8.630743    10.7192    -1.3495     -2.634     6.7963     4.9307 -9.990e-29
 150.564728     -2.548  18.544226    10.9197    -1.3499     -2.527    15.4619    11.6216 -9.990e-29
 150.564734     -2.416  28.429434    11.0316    -1.3501     -2.396    24.6088    18.6937 -9.990e-29
 150.564740     -2.275  33.683153    11.0759    -1.3502     -2.256    29.6425    22.5942 -9.990e-29
 150.564745     -2.135  35.433684    11.0889    -1.3500     -2.117    31.3451    23.9154 -9.990e-29
 150.564751     -2.003  36.022363    11.0887    -1.3498     -1.986    31.9243    24.3658 -9.990e-29
 150.564757     -1.881  36.226811    11.0890    -1.3493     -1.865    32.1254    24.5222 -9.990e-29
 150.564763     -1.775  36.307858    11.0972    -1.3493     -1.760    32.1981    24.5772 -9.990e-29
 150.564769     -1.687  36.342744    11.1057    -1.3495     -1.673    32.2250    24.5967 -9.990e-29
 150.564774     -1.616  36.346044    11.1057    -1.3495     -1.603    32.2282    24.5992 -9.990e-29
 150.564780     -1.552  36.330001    11.0974    -1.3496     -1.539    32.2197    24.5940 -9.990e-29
 150.564786     -1.491  36.313564    11.0882    -1.3497     -1.479    32.2115    24.5893 -9.990e-29
 150.564792     -1.439  36.308434    11.0870    -1.3501     -1.427    32.2075    24.5863 -9.990e-29
 150.564797     -1.397  36.310004    11.0926    -1.3501     -1.385    32.2041    24.5827 -9.990e-29
 150.564803     -1.361  36.307474    11.0983    -1.3514     -1.350    32.1966    24.5759 -9.990e-29
 150.564809     -1.329  36.306996    11.1015    -1.3513     -1.318    32.1933    24.5728 -9.990e-29
 150.564815     -1.299  36.319136    11.1030    -1.3521     -1.288    32.2039    24.5808 -9.990e-29
 150.564821     -1.270  36.336548    11.1050    -1.3518     -1.259    32.2193    24.5924 -9.990e-29
 150.564826     -1.243  36.343225    11.1068    -1.3515     -1.233    32.2243    24.5960 -9.990e-29
 150.564832     -1.222  36.335180    11.1050    -1.3512     -1.212    32.2180    24.5913 -9.990e-29
 150.564838     -1.201  36.321853    11.0962    -1.3516     -1.191    32.2125    24.5887 -9.990e-29
 150.564844     -1.174  36.311808    11.0779    -1.3516     -1.164    32.2187    24.5966 -9.990e-29
 150.564850     -1.144  36.308458    11.0497    -1.3513     -1.134    32.2401    24.6183 -9.990e-29
 150.564855     -1.117  36.317416    11.0235    -1.3515     -1.108    32.2719    24.6477 -9.990e-29
 150.564861     -1.096  36.333252    11.0122    -1.3515     -1.087    32.2975    24.6696 -9.990e-29
 150.564867     -1.079  36.332808    11.0105    -1.3512     -1.070    32.2986    24.6707 -9.990e-29
 150.564873     -1.066  36.308761    11.0121    -1.3508     -1.057    32.2734    24.6508 -9.990e-29
 150.564878     -1.052  36.283394    11.0153    -1.3510     -1.043    32.2455    24.6285 -9.990e-29
 150.564884     -1.030  36.278539    11.0159    -1.3512     -1.021    32.2402    24.6243 -9.990e-29
 150.564890     -1.005  36.289410    11.0132    -1.3509     -0.997    32.2533    24.6350 -9.990e-29
 150.564896     -0.982  36.299889    11.0124    -1.3508     -0.974    32.2643    24.6437 -9.990e-29
 150.564902     -0.970  36.303800    11.0167    -1.3509     -0.962    32.2644    24.6430 -9.990e-29
 150.564907     -0.968  36.303763    11.0237    -1.3513     -0.960    32.2582    24.6370 -9.990e-29
 150.564913     -0.965  36.298072    11.0314    -1.3512     -0.957    32.2458    24.6260 -9.990e-29
 150.564919     -0.960  36.283647    11.0370    -1.3507     -0.952    32.2267    24.6101 -9.990e-29
 150.564925     -0.950  36.272656    11.0395    -1.3506     -0.942    32.2136    24.5995 -9.990e-29
 150.564931     -0.935  36.279044    11.0419    -1.3505     -0.927    32.2178    24.6023 -9.990e-29
 150.564936     -0.915  36.292305    11.0457    -1.3504     -0.907    32.2275    24.6092 -9.990e-29
 150.564942     -0.892  36.292604    11.0475    -1.3502     -0.885    32.2263    24.6079 -9.990e-29
 150.564948     -0.874  36.285967    11.0462    -1.3502     -0.867    32.2208    24.6039 -9.990e-29
 150.564954     -0.863  36.288782    11.0438    -1.3501     -0.856    32.2257    24.6082 -9.990e-29
 150.564959     -0.860  36.295863    11.0427    -1.3500     -0.853    32.2337    24.6145 -9.990e-29
 150.564965     -0.858  36.294261    11.0458    -1.3507     -0.851    32.2294    24.6106 -9.990e-29
 150.564971     -0.850  36.286907    11.0524    -1.3513     -0.843    32.2163    24.5993 -9.990e-29
 150.564977     -0.831  36.286430    11.0590    -1.3511     -0.824    32.2100    24.5933 -9.990e-29
 150.564983     -0.804  36.294463    11.0646    -1.3511     -0.797    32.2131    24.5946 -9.990e-29
 150.564988     -0.776  36.302690    11.0701    -1.3511     -0.770    32.2163    24.5962 -9.990e-29
 150.564994     -0.754  36.308659    11.0766    -1.3507     -0.748    32.2165    24.5952 -9.990e-29
 150.565000     -0.740  36.311946    11.0844    -1.3508     -0.734    32.2129    24.5910 -9.990e-29
 150.565006     -0.730  36.309117    11.0902    -1.3505     -0.724    32.2050    24.5839 -9.990e-29
 150.565012     -0.717  36.299225    11.0839    -1.3511     -0.711    32.2008    24.5817 -9.990e-29
 150.565017     -0.703  36.287598    11.0638    -1.3514     -0.697    32.2069    24.5900 -9.990e-29
 150.565023     -0.689  36.286210    11.0476    -1.3509     -0.683    32.2198    24.6029 -9.990e-29
 150.565029     -0.684  36.294915    11.0465    -1.3507     -0.678    32.2293    24.6105 -9.990e-29
 150.565035     -0.688  36.297326    11.0535    -1.3506     -0.682    32.2256    24.6063 -9.990e-29
 150.565041     -0.687  36.286030    11.0608    -1.3505     -0.681    32.2080    24.5914 -9.990e-29
 150.565046     -0.673  36.270085    11.0651    -1.3502     -0.667    32.1885    24.5755 -9.990e-29
 150.565052     -0.654  36.264115    11.0646    -1.3500     -0.649    32.1830    24.5713 -9.990e-29
 150.565058     -0.641  36.270270    11.0603    -1.3501     -0.636    32.1929    24.5797 -9.990e-29
 150.565064     -0.638  36.279971    11.0547    -1.3499     -0.633    32.2074    24.5920 -9.990e-29
 150.565069     -0.641  36.283766    11.0525    -1.3499     -0.636    32.2130    24.5968 -9.990e-29
 150.565075     -0.641  36.276093    11.0557    -1.3496     -0.636    32.2027    24.5881 -9.990e-29
 150.565081     -0.638  36.271397    11.0627    -1.3496     -0.633    32.1919    24.5785 -9.990e-29
 150.565087     -0.635  36.279127    11.0713    -1.3500     -0.630    32.1920    24.5771 -9.990e-29
