data/oxygen options/OCNMS/OCNMS1/raw_data/2008/SBE19/CTD_CA015_052908faed.cnv
* Sea-Bird SBE19 Data File:
* FileName = C:\2008_Mooring_Data\042408_service\CTD_CA015_052908.hex
* Software Version 1.58
* Temperature SN = 2997
* Conductivity SN = 2997
* System UpLoad Time = May 29 2008 16:28:21
**
**
# nquan = 9                                 
# nvalues = 879                         
# units = specified
# name 0 = timeJ: Julian Days
# name 1 = prSM: Pressure, Strain Gauge [db]
# name 2 = c0mS/cm: Conductivity [mS/cm]
# name 3 = t090C: Temperature [ITS-90, deg C]
# name 4 = sbeox0ML/L: Oxygen, SBE 43 [ml/l]
# name 5 = depSM: Depth [salt water, m], lat = 47.5
# name 6 = sal00: Salinity, Practical [PSU]
# name 7 = sigma-é00: Density [sigma-theta, kg/m^3]
# name 8 = flag: flag
# span 0 = 150.665718, 150.670799       
# span 1 =     -5.434,     12.209       
# span 2 =   0.096485,  35.854882       
# span 3 =     8.7396,    11.9524       
# span 4 =   -16.1212,    16.1728       
# span 5 =     -5.389,     12.107       
# span 6 =     0.0623,    32.7883       
# span 7 =    -0.4401,    25.4270       
# span 8 = 0.0000e+00, 0.0000e+00       
# interval = seconds: 0.5
# start_time = May 29 2008 15:58:38 [Instrument's time stamp, header]
# bad_flag = -9.990e-29
*END*
[from data line 321]
 150.667575      0.422  35.645029    11.0770     8.1279      0.418    31.5620    24.0861 -9.990e-29
 150.667581      0.421  35.648044    11.0799     8.1221      0.417    31.5625    24.0860 -9.990e-29
 150.667587      0.414  35.651377    11.0808     8.1309      0.411    31.5650    24.0878 -9.990e-29
 150.667593      0.408  35.652192    11.0795     8.1224      0.405    31.5669    24.0895 -9.990e-29
 150.667598      0.408  35.649896    11.0775     8.1115      0.405    31.5663    24.0894 -9.990e-29
 150.667604      0.409  35.645907    11.0762     8.1106      0.406    31.5635    24.0875 -9.990e-29
 150.667610      0.406  35.643309    11.0764     8.1187      0.403    31.5608    24.0853 -9.990e-29
 150.667616      0.405  35.643118    11.0769     8.1301      0.402    31.5602    24.0848 -9.990e-29
 150.667622      0.405  35.642838    11.0751     8.1282      0.402    31.5615    24.0861 -9.990e-29
 150.667627      0.402  35.641533    11.0716     8.1299      0.399    31.5632    24.0880 -9.990e-29
 150.667633      0.399  35.640826    11.0693     8.1303      0.396    31.5645    24.0894 -9.990e-29
 150.667639      0.402  35.641454    11.0690     8.1309      0.399    31.5653    24.0901 -9.990e-29
 150.667645      0.409  35.642573    11.0696     8.1442      0.406    31.5659    24.0905 -9.990e-29
 150.667650      0.422  35.642872    11.0703     8.1486      0.418    31.5656    24.0901 -9.990e-29
 150.667656      0.436  35.642188    11.0705     8.1475      0.432    31.5648    24.0894 -9.990e-29
 150.667662      0.446  35.640170    11.0707     8.1447      0.442    31.5626    24.0877 -9.990e-29
 150.667668      0.450  35.636366    11.0712     8.1438      0.446    31.5584    24.0844 -9.990e-29
 150.667674      0.454  35.634666    11.0720     8.1360      0.450    31.5561    24.0824 -9.990e-29
 150.667679      0.453  35.637286    11.0721     8.1231      0.449    31.5586    24.0843 -9.990e-29
 150.667685      0.448  35.639316    11.0709     8.1192      0.444    31.5616    24.0869 -9.990e-29
 150.667691      0.446  35.639540    11.0689     8.1123      0.442    31.5635    24.0887 -9.990e-29
 150.667697      0.452  35.639936    11.0668     8.1160      0.448    31.5657    24.0908 -9.990e-29
 150.667703      0.463  35.639914    11.0653     8.1274      0.459    31.5670    24.0921 -9.990e-29
 150.667708      0.473  35.640004    11.0649     8.1295      0.469    31.5674    24.0925 -9.990e-29
 150.667714      0.485  35.640885    11.0656     8.1321      0.481    31.5677    24.0925 -9.990e-29
 150.667720      0.494  35.642049    11.0672     8.1314      0.490    31.5674    24.0921 -9.990e-29
 150.667726      0.497  35.642806    11.0691     8.1259      0.493    31.5665    24.0911 -9.990e-29
 150.667731      0.499  35.643045    11.0707     8.1180      0.495    31.5654    24.0899 -9.990e-29
 150.667737      0.507  35.643085    11.0718     8.1154      0.503    31.5645    24.0890 -9.990e-29
 150.667743      0.523  35.642979    11.0723     8.1277      0.519    31.5640    24.0885 -9.990e-29
 150.667749      0.539  35.642585    11.0720     8.1571      0.535    31.5638    24.0884 -9.990e-29
 150.667755      0.551  35.642499    11.0716     8.1655      0.546    31.5641    24.0887 -9.990e-29
 150.667760      0.561  35.643166    11.0719     8.1685      0.556    31.5645    24.0890 -9.990e-29
 150.667766      0.568  35.643795    11.0724     8.1541      0.563    31.5647    24.0890 -9.990e-29
 150.667772      0.575  35.642983    11.0716     8.1428      0.570    31.5645    24.0891 -9.990e-29
 150.667778      0.580  35.637406    11.0684     8.1420      0.575    31.5618    24.0875 -9.990e-29
 150.667784      0.584  35.625228    11.0652     8.1406      0.579    31.5526    24.0809 -9.990e-29
 150.667789      0.584  35.617658    11.0658     8.1491      0.579    31.5446    24.0746 -9.990e-29
 150.667795      0.574  35.623648    11.0682     8.1496      0.569    31.5484    24.0771 -9.990e-29
 150.667801      0.560  35.631575    11.0687     8.1674      0.555    31.5558    24.0828 -9.990e-29
 150.667807      0.547  35.633524    11.0671     8.1653      0.542    31.5591    24.0856 -9.990e-29
 150.667813      0.544  35.633776    11.0652     8.1761      0.539    31.5610    24.0874 -9.990e-29
 150.667818      0.552  35.635469    11.0640     8.1699      0.547    31.5637    24.0897 -9.990e-29
 150.667824      0.561  35.636938    11.0631     8.1494      0.556    31.5659    24.0916 -9.990e-29
 150.667830      0.568  35.634537    11.0620     8.1521      0.563    31.5645    24.0907 -9.990e-29
 150.667836      0.573  35.629548    11.0616     8.1613      0.568    31.5599    24.0872 -9.990e-29
 150.667841      0.577  35.626517    11.0627     8.1796      0.572    31.5560    24.0840 -9.990e-29
 150.667847      0.581  35.625322    11.0631     8.2035      0.576    31.5545    24.0827 -9.990e-29
 150.667853      0.584  35.623244    11.0598     8.1962      0.579    31.5552    24.0839 -9.990e-29
 150.667859      0.586  35.621432    11.0526     8.1872      0.581    31.5596    24.0886 -9.990e-29
 150.667865      0.588  35.619148    11.0423     8.1718      0.583    31.5662    24.0955 -9.990e-29
 150.667870      0.589  35.612784    11.0340     8.1754      0.584    31.5671    24.0976 -9.990e-29
 150.667876      0.590  35.607853    11.0327     8.1737      0.585    31.5634    24.0950 -9.990e-29
 150.667882      0.592  35.610659    11.0347     8.1677      0.587    31.5644    24.0954 -9.990e-29
 150.667888      0.593  35.613734    11.0360     8.1609      0.588    31.5663    24.0967 -9.990e-29
 150.667894      0.594  35.614454    11.0381     8.1618      0.589    31.5652    24.0955 -9.990e-29
 150.667899      0.595  35.617139    11.0401     8.1667      0.590    31.5662    24.0958 -9.990e-29
 150.667905      0.597  35.619204    11.0407     8.1702      0.592    31.5677    24.0969 -9.990e-29
 150.667911      0.599  35.620041    11.0411     8.1705      0.594    31.5682    24.0972 -9.990e-29
 150.667917      0.601  35.621883    11.0424     8.1679      0.596    31.5688    24.0975 -9.990e-29
 150.667922      0.603  35.624380    11.0444     8.1675      0.598    31.5696    24.0977 -9.990e-29
 150.667928      0.607  35.626380    11.0464     8.1677      0.602    31.5698    24.0976 -9.990e-29
 150.667934      0.612  35.629426    11.0484     8.1563      0.607    31.5711    24.0982 -9.990e-29
 150.667940      0.617  35.634214    11.0498     8.1363      0.612    31.5746    24.1007 -9.990e-29
 150.667946      0.624  35.635365    11.0499     8.1146      0.619    31.5757    24.1015 -9.990e-29
 150.667951      0.634  35.632729    11.0506     8.1017      0.629    31.5725    24.0989 -9.990e-29
 150.667957      0.646  35.632312    11.0532     8.1071      0.641    31.5698    24.0964 -9.990e-29
 150.667963      0.661  35.634677    11.0569     8.1252      0.655    31.5690    24.0951 -9.990e-29
 150.667969      0.681  35.637371    11.0599     8.1425      0.675    31.5690    24.0946 -9.990e-29
 150.667975      0.702  35.639501    11.0618     8.1489      0.696    31.5695    24.0946 -9.990e-29
 150.667980      0.717  35.641106    11.0627     8.1362      0.711    31.5703    24.0951 -9.990e-29
 150.667986      0.723  35.641520    11.0626     8.1357      0.717    31.5708    24.0955 -9.990e-29
 150.667992      0.721  35.640733    11.0626     8.1339      0.715    31.5700    24.0949 -9.990e-29
 150.667998      0.713  35.640494    11.0639     8.1418      0.707    31.5686    24.0936 -9.990e-29
 150.668003      0.709  35.641602    11.0664     8.1475      0.703    31.5676    24.0923 -9.990e-29
 150.668009      0.709  35.643291    11.0686     8.1512      0.703    31.5674    24.0918 -9.990e-29
 150.668015      0.707  35.645010    11.0695     8.1454      0.701    31.5683    24.0923 -9.990e-29
 150.668021      0.704  35.646246    11.0697     8.1472      0.698    31.5693    24.0931 -9.990e-29
 150.668027      0.699  35.646405    11.0699     8.1469      0.693    31.5693    24.0931 -9.990e-29
 150.668032      0.697  35.646257    11.0701     8.1570      0.691    31.5690    24.0928 -9.990e-29
 150.668038      0.702  35.646164    11.0704     8.1559      0.696    31.5686    24.0925 -9.990e-29
 150.668044      0.709  35.645997    11.0712     8.1587      0.703    31.5678    24.0917 -9.990e-29
 150.668050      0.716  35.646650    11.0725     8.1508      0.710    31.5673    24.0911 -9.990e-29
 150.668056      0.726  35.647871    11.0735     8.1452      0.720    31.5677    24.0912 -9.990e-29
 150.668061      0.740  35.647364    11.0735     8.1473      0.734    31.5672    24.0908 -9.990e-29
 150.668067      0.751  35.643891    11.0726     8.1531      0.745    31.5645    24.0889 -9.990e-29
 150.668073      0.755  35.640661    11.0719     8.1570      0.749    31.5619    24.0870 -9.990e-29
 150.668079      0.752  35.640644    11.0720     8.1687      0.746    31.5618    24.0869 -9.990e-29
 150.668084      0.746  35.641576    11.0720     8.1757      0.740    31.5627    24.0876 -9.990e-29
 150.668090      0.746  35.640775    11.0702     8.1806      0.740    31.5635    24.0885 -9.990e-29
 150.668096      0.752  35.638851    11.0677     8.1792      0.746    31.5638    24.0891 -9.990e-29
 150.668102      0.754  35.637159    11.0669     8.1669      0.748    31.5628    24.0885 -9.990e-29
 150.668108      0.754  35.636798    11.0673     8.1613      0.748    31.5621    24.0879 -9.990e-29
 150.668113      0.761  35.637282    11.0659     8.1586      0.755    31.5638    24.0894 -9.990e-29
 150.668119      0.773  35.635335    11.0621     8.1657      0.767    31.5651    24.0912 -9.990e-29
 150.668125      0.785  35.631160    11.0585     8.1689      0.778    31.5641    24.0910 -9.990e-29
 150.668131      0.791  35.629267    11.0567     8.1696      0.784    31.5638    24.0911 -9.990e-29
 150.668137      0.794  35.629930    11.0558     8.1682      0.787    31.5652    24.0923 -9.990e-29
 150.668142      0.796  35.629548    11.0548     8.1766      0.789    31.5657    24.0929 -9.990e-29
 150.668148      0.802  35.628170    11.0538     8.1737      0.795    31.5652    24.0927 -9.990e-29
 150.668154      0.809  35.628436    11.0537     8.1785      0.802    31.5655    24.0929 -9.990e-29
 150.668160      0.813  35.630696    11.0547     8.1776      0.806    31.5669    24.0938 -9.990e-29
 150.668166      0.814  35.632921    11.0560     8.1675      0.807    31.5679    24.0944 -9.990e-29
 150.668171      0.812  35.633593    11.0571     8.1621      0.805    31.5677    24.0940 -9.990e-29
 150.668177      0.806  35.633046    11.0574     8.1577      0.799    31.5669    24.0934 -9.990e-29
 150.668183      0.802  35.632788    11.0571     8.1596      0.795    31.5669    24.0934 -9.990e-29
 150.668189      0.802  35.633593    11.0572     8.1638      0.795    31.5676    24.0939 -9.990e-29
 150.668194      0.803  35.634289    11.0580     8.1836      0.796    31.5676    24.0938 -9.990e-29
 150.668200      0.805  35.634121    11.0582     8.1811      0.798    31.5672    24.0935 -9.990e-29
 150.668206      0.811  35.633423    11.0576     8.1856      0.804    31.5671    24.0935 -9.990e-29
 150.668212      0.819  35.632383    11.0570     8.1837      0.812    31.5665    24.0932 -9.990e-29
 150.668218      0.824  35.630731    11.0569     8.1832      0.817    31.5650    24.0920 -9.990e-29
 150.668223      0.826  35.629622    11.0570     8.1856      0.819    31.5638    24.0911 -9.990e-29
 150.668229      0.826  35.629255    11.0566     8.1768      0.819    31.5638    24.0911 -9.990e-29
 150.668235      0.824  35.628575    11.0553     8.1737      0.817    31.5643    24.0917 -9.990e-29
 150.668241      0.820  35.628354    11.0539     8.1655      0.813    31.5652    24.0927 -9.990e-29
 150.668247      0.813  35.628297    11.0534     8.1673      0.806    31.5656    24.0931 -9.990e-29
 150.668252      0.803  35.628883    11.0538     8.1594      0.796    31.5659    24.0932 -9.990e-29
 150.668258      0.794  35.630329    11.0538     8.1634      0.787    31.5673    24.0943 -9.990e-29
 150.668264      0.793  35.630640    11.0527     8.1668      0.786    31.5685    24.0955 -9.990e-29
 150.668270      0.801  35.629668    11.0514     8.1872      0.794    31.5687    24.0958 -9.990e-29
 150.668275      0.809  35.628917    11.0514     8.2013      0.802    31.5680    24.0953 -9.990e-29
 150.668281      0.814  35.629622    11.0529     8.2119      0.807    31.5674    24.0945 -9.990e-29
 150.668287      0.816  35.631038    11.0543     8.2214      0.809    31.5675    24.0944 -9.990e-29
 150.668293      0.819  35.631130    11.0543     8.2083      0.812    31.5676    24.0945 -9.990e-29
 150.668299      0.829  35.628899    11.0525     8.1957      0.822    31.5670    24.0943 -9.990e-29
 150.668304      0.840  35.621926    11.0490     8.1809      0.833    31.5631    24.0919 -9.990e-29
 150.668310      0.850  35.611555    11.0462     8.1811      0.843    31.5553    24.0863 -9.990e-29
 150.668316      0.859  35.607479    11.0448     8.1866      0.852    31.5525    24.0844 -9.990e-29
 150.668322      0.868  35.610982    11.0425     8.1910      0.861    31.5579    24.0890 -9.990e-29
 150.668328      0.878  35.614408    11.0398     8.1869      0.871    31.5636    24.0939 -9.990e-29
 150.668333      0.889  35.616721    11.0389     8.1832      0.882    31.5667    24.0964 -9.990e-29
 150.668339      0.897  35.619322    11.0404     8.1776      0.890    31.5679    24.0972 -9.990e-29
 150.668345      0.899  35.621752    11.0432     8.1832      0.891    31.5679    24.0967 -9.990e-29
 150.668351      0.899  35.623888    11.0456     8.1866      0.891    31.5679    24.0963 -9.990e-29
 150.668356      0.902  35.625215    11.0470     8.1765      0.894    31.5681    24.0961 -9.990e-29
 150.668362      0.907  35.625259    11.0473     8.1755      0.899    31.5678    24.0959 -9.990e-29
 150.668368      0.915  35.624639    11.0463     8.1731      0.907    31.5681    24.0962 -9.990e-29
 150.668374      0.926  35.624205    11.0446     8.1879      0.918    31.5691    24.0973 -9.990e-29
 150.668380      0.942  35.623373    11.0432     8.1956      0.934    31.5695    24.0979 -9.990e-29
 150.668385      0.963  35.621594    11.0424     8.1955      0.955    31.5684    24.0972 -9.990e-29
 150.668391      0.990  35.619291    11.0419     8.1705      0.982    31.5666    24.0958 -9.990e-29
 150.668397      1.021  35.617872    11.0420     8.1383      1.012    31.5651    24.0947 -9.990e-29
 150.668403      1.054  35.618243    11.0424     8.1361      1.045    31.5651    24.0946 -9.990e-29
 150.668409      1.094  35.619215    11.0423     8.1641      1.085    31.5661    24.0954 -9.990e-29
 150.668414      1.150  35.619842    11.0412     8.1969      1.140    31.5676    24.0968 -9.990e-29
 150.668420      1.224  35.619276    11.0390     8.2215      1.214    31.5689    24.0982 -9.990e-29
 150.668426      1.321  35.617880    11.0369     8.2313      1.310    31.5693    24.0989 -9.990e-29
 150.668432      1.447  35.617149    11.0363     8.2522      1.435    31.5691    24.0988 0.0000e+00
 150.668438      1.610  35.616668    11.0361     8.2930      1.597    31.5687    24.0985 0.0000e+00
 150.668443      1.816  35.615231    11.0335     8.3369      1.801    31.5694    24.0996 0.0000e+00
 150.668449      2.071  35.610918    11.0262     8.3474      2.054    31.5714    24.1023 0.0000e+00
 150.668455      2.376  35.602457    11.0113     8.3197      2.356    31.5757    24.1083 0.0000e+00
 150.668461      2.726  35.588085    10.9865     8.2339      2.703    31.5827    24.1181 0.0000e+00
 150.668466      3.110  35.565437    10.9531     8.1263      3.084    31.5890    24.1288 0.0000e+00
 150.668472      3.516  35.533996    10.9136     8.0212      3.487    31.5918    24.1378 0.0000e+00
 150.668478      3.937  35.499444    10.8735     7.9412      3.904    31.5920    24.1450 0.0000e+00
 150.668484      4.370  35.471712    10.8371     7.8892      4.333    31.5958    24.1542 0.0000e+00
 150.668490      4.812  35.451341    10.8028     7.8766      4.772    31.6051    24.1674 0.0000e+00
