data/oxygen options/OCNMS/OCNMS1/raw_data/2008/SBE19/CTD_MB015_052908faed.cnv
* Sea-Bird SBE19 Data File:
* FileName = C:\2008_Mooring_Data\042408_service\CTD_MB015_052908.hex
* Software Version 1.58
* Temperature SN = 2997
* Conductivity SN = 2997
* System UpLoad Time = May 29 2008 12:22:25
* ds
* SEACAT PROFILER V3.1c SN 2997   05/29/08  12:21:38.485
# nquan = 9                                 
# nvalues = 530                         
# units = specified
# name 0 = timeJ: Julian Days
# name 1 = prSM: Pressure, Strain Gauge [db]
# name 2 = c0mS/cm: Conductivity [mS/cm]
# name 3 = t090C: Temperature [ITS-90, deg C]
# name 4 = sbeox0ML/L: Oxygen, SBE 43 [ml/l]
# name 5 = depSM: Depth [salt water, m], lat = 47.5
# name 6 = sal00: Salinity, Practical [PSU]
# name 7 = sigma-é00: Density [sigma-theta, kg/m^3]
# name 8 = flag: flag
# span 0 = 150.487025, 150.490087       
# span 1 =     -5.234,     16.801       
# span 2 =   0.095519,  35.586531       
# span 3 =     8.4694,    10.5926       
# span 4 =   -15.2213,    17.0950       
# span 5 =     -5.190,     16.660       
# span 6 =     0.0647,    33.0021       
# span 7 =    -0.2004,    25.6277       
# span 8 = 0.0000e+00, 0.0000e+00       
# interval = seconds: 0.5
# start_time = May 29 2008 11:41:19 [Instrument's time stamp, header]
# bad_flag = -9.990e-29
*END*
 150.487025     -5.234 -9.990e-29     9.0077    -1.7268     -5.190 -9.990e-29 -9.990e-29 -9.990e-29
 150.487031     -5.210   0.099600     9.0087    -1.7261     -5.167     0.0680    -0.1636 -9.990e-29
 150.487037     -5.187   0.099600     9.0083    -1.7260     -5.144     0.0680    -0.1636 -9.990e-29
 150.487043     -5.163   0.099600     9.0072    -1.7259     -5.120     0.0680    -0.1635 -9.990e-29
 150.487049     -5.141   0.099600     9.0072    -1.7256     -5.098     0.0680    -0.1635 -9.990e-29
 150.487054     -5.124   0.099600     9.0099    -1.7252     -5.081     0.0680    -0.1637 -9.990e-29
 150.487060     -5.110   0.099600     9.0166    -1.7249     -5.067     0.0679    -0.1642 -9.990e-29
 150.487066     -5.096   0.099600     9.0309    -1.7248     -5.054     0.0679    -0.1653 -9.990e-29
 150.487072     -5.075   0.099600     9.0550    -1.7248     -5.033     0.0679    -0.1672 -9.990e-29
 150.487078     -5.050   0.099599     9.0816    -1.7247     -5.008     0.0678    -0.1692 -9.990e-29
 150.487083     -5.025   0.099597     9.1007    -1.7247     -4.983     0.0678    -0.1707 -9.990e-29
 150.487089     -4.997   0.099592     9.1111    -1.7245     -4.955     0.0678    -0.1715 -9.990e-29
 150.487095     -4.965   0.099578     9.1181    -1.7245     -4.924     0.0678    -0.1720 -9.990e-29
 150.487101     -4.926   0.099537     9.1256    -1.7243     -4.885     0.0677    -0.1726 -9.990e-29
 150.487106     -4.883   0.099414     9.1337    -1.7243     -4.842     0.0676    -0.1733 -9.990e-29
 150.487112     -4.841   0.099045     9.1407    -1.7241     -4.801     0.0674    -0.1741 -9.990e-29
 150.487118     -4.803   0.098491     9.1453    -1.7234     -4.763     0.0670    -0.1747 -9.990e-29
 150.487124     -4.765   0.098121     9.1479    -1.7223     -4.725     0.0668    -0.1751 -9.990e-29
 150.487130     -4.729   0.097997     9.1497    -1.7217     -4.690     0.0667    -0.1753 -9.990e-29
 150.487135     -4.698   0.097956     9.1517    -1.7214     -4.659     0.0666    -0.1755 -9.990e-29
 150.487141     -4.669   0.097942     9.1544    -1.7210     -4.630     0.0666    -0.1757 -9.990e-29
 150.487147     -4.641   0.097938     9.1574    -1.7209     -4.602     0.0666    -0.1760 -9.990e-29
 150.487153     -4.611   0.097936     9.1607    -1.7207     -4.573     0.0666    -0.1762 -9.990e-29
 150.487159     -4.583   0.097935     9.1653    -1.7206     -4.545     0.0666    -0.1766 -9.990e-29
 150.487164     -4.559   0.097935     9.1741    -1.7204     -4.521     0.0666    -0.1773 -9.990e-29
 150.487170     -4.537   0.097935     9.1893    -1.7202     -4.499     0.0666    -0.1785 -9.990e-29
 150.487176     -4.515   0.097934     9.2079    -1.7201     -4.477     0.0665    -0.1799 -9.990e-29
 150.487182     -4.493   0.097934     9.2240    -1.7198     -4.456     0.0665    -0.1812 -9.990e-29
 150.487188     -4.469   0.097934     9.2357    -1.7194     -4.432     0.0665    -0.1821 -9.990e-29
 150.487193     -4.445   0.097934     9.2443    -1.7185     -4.408     0.0665    -0.1828 -9.990e-29
 150.487199     -4.425   0.097934     9.2507    -1.7185     -4.388     0.0665    -0.1833 -9.990e-29
 150.487205     -4.407   0.097934     9.2555    -1.7187     -4.370     0.0665    -0.1837 -9.990e-29
 150.487211     -4.390   0.097933     9.2599    -1.7188     -4.353     0.0665    -0.1840 -9.990e-29
 150.487216     -4.374   0.097933     9.2644    -1.7187     -4.338     0.0665    -0.1844 -9.990e-29
 150.487222     -4.356   0.097933     9.2694    -1.7185     -4.320     0.0664    -0.1848 -9.990e-29
 150.487228     -4.331   0.097933     9.2754    -1.7184     -4.295     0.0664    -0.1853 -9.990e-29
 150.487234     -4.299   0.097932     9.2837    -1.7181     -4.263     0.0664    -0.1859 -9.990e-29
 150.487240     -4.265   0.097930     9.2948    -1.7176     -4.229     0.0664    -0.1868 -9.990e-29
 150.487245     -4.232   0.097925     9.3056    -1.7164     -4.197     0.0664    -0.1877 -9.990e-29
 150.487251     -4.197   0.097911     9.3110    -1.7154     -4.162     0.0664    -0.1881 -9.990e-29
 150.487257     -4.158   0.097870     9.3116    -1.7148     -4.123     0.0663    -0.1882 -9.990e-29
 150.487263     -4.118   0.097747     9.3119    -1.7148     -4.084     0.0663    -0.1883 -9.990e-29
 150.487269     -4.081   0.097378     9.3138    -1.7147     -4.047     0.0660    -0.1886 -9.990e-29
 150.487274     -4.051   0.096824     9.3176    -1.7146     -4.017     0.0656    -0.1892 -9.990e-29
 150.487280     -4.024   0.096454     9.3236    -1.7142     -3.990     0.0654    -0.1899 -9.990e-29
 150.487286     -4.000   0.096331     9.3330    -1.7140     -3.967     0.0653    -0.1907 -9.990e-29
 150.487292     -3.977   0.096290     9.3486    -1.7137     -3.944     0.0652    -0.1920 -9.990e-29
 150.487297     -3.949   0.096276     9.3706    -1.7133     -3.916     0.0652    -0.1938 -9.990e-29
 150.487303     -3.909   0.096271     9.3924    -1.7134     -3.876     0.0652    -0.1956 -9.990e-29
 150.487309     -3.865   0.096269     9.4071    -1.7135     -3.833     0.0651    -0.1968 -9.990e-29
 150.487315     -3.826   0.096268     9.4146    -1.7136     -3.794     0.0651    -0.1974 -9.990e-29
 150.487321     -3.794   0.096268     9.4191    -1.7136     -3.762     0.0651    -0.1977 -9.990e-29
 150.487326     -3.767   0.096268     9.4243    -1.7138     -3.736     0.0651    -0.1982 -9.990e-29
 150.487332     -3.743   0.096267     9.4308    -1.7141     -3.712     0.0651    -0.1987 -9.990e-29
 150.487338     -3.721   0.096267     9.4377    -1.7143     -3.690     0.0651    -0.1992 -9.990e-29
 150.487344     -3.699   0.096267     9.4447    -1.7143     -3.668     0.0651    -0.1998 -9.990e-29
 150.487350     -3.676   0.096267     9.4499    -1.7151     -3.645     0.0651    -0.2002 -9.990e-29
 150.487355     -3.650   0.096267     9.4514    -1.7156     -3.620     0.0651    -0.2004 -9.990e-29
 150.487361     -3.625   0.096267     9.4503    -1.7156     -3.595     0.0651    -0.2003 -9.990e-29
 150.487367     -3.602   0.096266     9.4482    -1.7159     -3.572     0.0651    -0.2001 -9.990e-29
 150.487373     -3.580   0.096266     9.4455    -1.7158     -3.550     0.0651    -0.1999 -9.990e-29
 150.487378     -3.558   0.096265     9.4417    -1.7161     -3.528     0.0651    -0.1996 -9.990e-29
 150.487384     -3.535   0.096264     9.4367    -1.7163     -3.506     0.0651    -0.1992 -9.990e-29
 150.487390     -3.512   0.096261     9.4309    -1.7167     -3.483     0.0651    -0.1987 -9.990e-29
 150.487396     -3.494   0.096250     9.4229    -1.7169     -3.465     0.0651    -0.1980 -9.990e-29
 150.487402     -3.475   0.096217     9.4123    -1.7172     -3.446     0.0651    -0.1972 -9.990e-29
 150.487407     -3.448   0.096121     9.4027    -1.7177     -3.419     0.0650    -0.1965 -9.990e-29
 150.487413     -3.417   0.095832     9.3964    -1.5796     -3.389     0.0649    -0.1961 -9.990e-29
 150.487419     -3.385   0.095519     9.3922    -1.3929     -3.357     0.0647    -0.1959 -9.990e-29
 150.487425     -3.348   0.095874     9.3886    -1.3801     -3.320     0.0649    -0.1955 -9.990e-29
 150.487431     -3.305   0.097926     9.3842    -1.3671     -3.277     0.0663    -0.1940 -9.990e-29
 150.487436     -3.258   0.104409     9.3788    -1.3685     -3.231     0.0706    -0.1901 -9.990e-29
 150.487442     -3.206   0.123968     9.3745    -1.3719     -3.179     0.0839    -0.1793 -9.990e-29
 150.487448     -3.148   0.182680     9.3757    -1.3746     -3.122     0.1241    -0.1477 -9.990e-29
 150.487454     -3.079   0.358276     9.3937    -1.3711     -3.053     0.2473    -0.0519 -9.990e-29
 150.487459     -3.000   0.884330     9.4641    -1.3709     -2.975     0.6303     0.2441 -9.990e-29
 150.487465     -2.910   2.462247     9.6998    -1.3708     -2.886     1.8356     1.1697 -9.990e-29
 150.487471     -2.798   7.195364    10.1141    -1.3723     -2.775     5.6836     4.1323 -9.990e-29
 150.487477     -2.657  16.300312    10.4672    -1.3725     -2.635    13.6046    10.2424 -9.990e-29
 150.487483     -2.493  25.811284    10.5926    -1.3714     -2.472    22.3947    17.0436 -9.990e-29
 150.487488     -2.314  31.363086    10.5662    -1.3707     -2.295    27.7750    21.2274 -9.990e-29
 150.487494     -2.136  33.689115    10.5044    -1.3700     -2.118    30.1146    23.0576 -9.990e-29
 150.487500     -1.973  34.656726    10.4602    -1.3710     -1.957    31.1130    23.8424 -9.990e-29
 150.487506     -1.837  34.946015    10.4453    -1.3721     -1.822    31.4142    24.0794 -9.990e-29
 150.487512     -1.726  35.053036    10.4526    -1.3723     -1.712    31.5146    24.1565 -9.990e-29
 150.487517     -1.634  35.161913    10.4622    -1.3711     -1.620    31.6150    24.2330 -9.990e-29
 150.487523     -1.560  35.213312    10.4601    -1.3702     -1.547    31.6681    24.2747 -9.990e-29
 150.487529     -1.502  35.186673    10.4518    -1.3698     -1.489    31.6487    24.2610 -9.990e-29
 150.487535     -1.457  35.151231    10.4483    -1.3695     -1.445    31.6163    24.2364 -9.990e-29
 150.487541     -1.423  35.161680    10.4518    -1.3693     -1.411    31.6237    24.2415 -9.990e-29
 150.487546     -1.393  35.214004    10.4581    -1.3711     -1.381    31.6704    24.2769 -9.990e-29
 150.487552     -1.357  35.261421    10.4602    -1.3715     -1.346    31.7160    24.3120 -9.990e-29
 150.487558     -1.312  35.266855    10.4550    -1.3708     -1.301    31.7259    24.3206 -9.990e-29
 150.487564     -1.268  35.228013    10.4464    -1.3696     -1.257    31.6946    24.2977 -9.990e-29
 150.487569     -1.235  35.191695    10.4404    -1.3694     -1.225    31.6635    24.2745 -9.990e-29
 150.487575     -1.215  35.209745    10.4392    -1.3703     -1.205    31.6826    24.2895 -9.990e-29
 150.487581     -1.203  35.277637    10.4418    -1.3711     -1.193    31.7481    24.3402 -9.990e-29
 150.487587     -1.190  35.349177    10.4461    -1.3717     -1.180    31.8159    24.3923 -9.990e-29
 150.487593     -1.171  35.393677    10.4486    -1.3714     -1.161    31.8582    24.4248 -9.990e-29
 150.487598     -1.143  35.406586    10.4472    -1.3708     -1.133    31.8723    24.4360 -9.990e-29
 150.487604     -1.111  35.377646    10.4453    -1.3705     -1.102    31.8450    24.4151 -9.990e-29
 150.487610     -1.079  35.322042    10.4490    -1.3704     -1.070    31.7862    24.3686 -9.990e-29
 150.487616     -1.051  35.298400    10.4584    -1.3709     -1.042    31.7543    24.3422 -9.990e-29
 150.487622     -1.025  35.324483    10.4651    -1.3711     -1.016    31.7745    24.3568 -9.990e-29
 150.487627     -0.999  35.355496    10.4624    -1.3706     -0.991    31.8079    24.3833 -9.990e-29
 150.487633     -0.971  35.351540    10.4534    -1.3705     -0.963    31.8118    24.3878 -9.990e-29
 150.487639     -0.944  35.315729    10.4433    -1.3705     -0.936    31.7848    24.3685 -9.990e-29
 150.487645     -0.925  35.278177    10.4357    -1.3715     -0.917    31.7539    24.3457 -9.990e-29
 150.487650     -0.917  35.266111    10.4325    -1.3716     -0.909    31.7446    24.3390 -9.990e-29
 150.487656     -0.915  35.286955    10.4332    -1.3709     -0.907    31.7648    24.3547 -9.990e-29
 150.487662     -0.911  35.321423    10.4364    -1.3704     -0.903    31.7965    24.3788 -9.990e-29
 150.487668     -0.899  35.343182    10.4395    -1.3696     -0.891    31.8155    24.3931 -9.990e-29
 150.487674     -0.879  35.339769    10.4407    -1.3696     -0.872    31.8111    24.3894 -9.990e-29
 150.487679     -0.854  35.320624    10.4404    -1.3704     -0.847    31.7922    24.3748 -9.990e-29
 150.487685     -0.832  35.312870    10.4390    -1.3710     -0.825    31.7856    24.3699 -9.990e-29
 150.487691     -0.814  35.324082    10.4366    -1.3717     -0.807    31.7989    24.3807 -9.990e-29
 150.487697     -0.800  35.333336    10.4342    -1.3718     -0.793    31.8103    24.3899 -9.990e-29
 150.487703     -0.788  35.321580    10.4334    -1.3715     -0.781    31.7992    24.3814 -9.990e-29
 150.487708     -0.779  35.297215    10.4333    -1.3704     -0.773    31.7749    24.3625 -9.990e-29
 150.487714     -0.772  35.294410    10.4312    -1.3698     -0.766    31.7740    24.3621 -9.990e-29
 150.487720     -0.765  35.328456    10.4257    -1.3698     -0.759    31.8128    24.3933 -9.990e-29
 150.487726     -0.750  35.383103    10.4165    -1.3711     -0.744    31.8755    24.4437 -9.990e-29
 150.487731     -0.718  35.433153    10.4045    -1.3713     -0.712    31.9361    24.4930 -9.990e-29
 150.487737     -0.680  35.454557    10.3923    -1.3711     -0.674    31.9683    24.5201 -9.990e-29
 150.487743     -0.649  35.441484    10.3834    -1.3706     -0.644    31.9630    24.5175 -9.990e-29
 150.487749     -0.629  35.411251    10.3808    -1.3697     -0.624    31.9350    24.4961 -9.990e-29
 150.487755     -0.618  35.385553    10.3847    -1.3697     -0.613    31.9058    24.4727 -9.990e-29
 150.487760     -0.611  35.380541    10.3925    -1.3707     -0.606    31.8940    24.4621 -9.990e-29
 150.487766     -0.599  35.403919    10.3984    -1.3711     -0.594    31.9122    24.4753 -9.990e-29
 150.487772     -0.577  35.443732    10.3971    -1.3715     -0.572    31.9532    24.5075 -9.990e-29
 150.487778     -0.548  35.472403    10.3907    -1.3699     -0.543    31.9875    24.5353 -9.990e-29
 150.487784     -0.519  35.468785    10.3871    -1.3693     -0.515    31.9870    24.5356 -9.990e-29
 150.487789     -0.492  35.441514    10.3890    -1.3690     -0.488    31.9580    24.5127 -9.990e-29
 150.487795     -0.465  35.423156    10.3929    -1.3703     -0.461    31.9362    24.4950 -9.990e-29
 150.487801     -0.437  35.431271    10.3950    -1.3707     -0.433    31.9425    24.4995 -9.990e-29
 150.487807     -0.405  35.462685    10.3906    -1.3704     -0.402    31.9778    24.5278 -9.990e-29
 150.487812     -0.378  35.498229    10.3803    -1.3694     -0.375    32.0225    24.5643 -9.990e-29
 150.487818     -0.364  35.509113    10.3744    -1.3689     -0.361    32.0386    24.5779 -9.990e-29
 150.487824     -0.360  35.493614    10.3812    -1.3688     -0.357    32.0171    24.5600 -9.990e-29
 150.487830     -0.357  35.473099    10.3981    -1.3692     -0.354    31.9816    24.5295 -9.990e-29
 150.487836     -0.354  35.471215    10.4148    -1.3688     -0.351    31.9651    24.5138 -9.990e-29
 150.487841     -0.347  35.492750    10.4180    -1.3698     -0.344    31.9838    24.5278 -9.990e-29
 150.487847     -0.332  35.509849    10.4063    -1.3704     -0.329    32.0112    24.5512 -9.990e-29
 150.487853     -0.315  35.507789    10.3980    -1.3701     -0.312    32.0164    24.5567 -9.990e-29
 150.487859     -0.308  35.497285    10.4073    -1.3697     -0.305    31.9977    24.5405 -9.990e-29
 150.487865     -0.312  35.488994    10.4289    -1.3693     -0.309    31.9704    24.5156 -9.990e-29
 150.487870     -0.317  35.488123    10.4489    -1.3692     -0.314    31.9520    24.4978 -9.990e-29
 150.487876     -0.316  35.491848    10.4593    -1.3690     -0.313    31.9466    24.4919 -9.990e-29
 150.487882     -0.305  35.491709    10.4605    -1.3692     -0.302    31.9454    24.4907 -9.990e-29
 150.487888     -0.286  35.483615    10.4522    -1.3705     -0.284    31.9446    24.4915 -9.990e-29
 150.487894     -0.267  35.476962    10.4366    -1.3686     -0.265    31.9516    24.4996 -9.990e-29
 150.487899     -0.251  35.475779    10.4258    -1.3686     -0.249    31.9599    24.5079 -9.990e-29
 150.487905     -0.238  35.469537    10.4267    -1.3690     -0.236    31.9529    24.5023 -9.990e-29
 150.487911     -0.226  35.460570    10.4337    -1.3710     -0.224    31.9377    24.4893 -9.990e-29
 150.487917     -0.214  35.460466    10.4410    -1.3698     -0.212    31.9312    24.4830 -9.990e-29
 150.487922     -0.203  35.470223    10.4474    -1.3693     -0.201    31.9354    24.4851 -9.990e-29
 150.487928     -0.190  35.482697    10.4567    -1.3690     -0.188    31.9397    24.4869 -9.990e-29
 150.487934     -0.176  35.488202    10.4747    -1.3708     -0.175    31.9294    24.4758 -9.990e-29
 150.487940     -0.160  35.471122    10.4986    -1.3710     -0.159    31.8914    24.4422 -9.990e-29
 150.487946     -0.140  35.412622    10.5125    -1.3704     -0.139    31.8208    24.3848 -9.990e-29
