data/oxygen options/OCNMS/OCNMS2/raw_data/2007/CTD_CA100_101307faed.cnv
* Sea-Bird SBE19 Data File:
* FileName = C:\2007_mooring_data\retrieval_101207\CTD_CA100_101307.hex
* Software Version 1.20
* Temperature SN = 2997
* Conductivity SN = 2997
* System UpLoad Time = Oct 13 2007 11:34:21
* SEACAT PROFILER V3.1c SN 2997   10/13/07  11:33:51.378
* strain gauge pressure sensor: S/N = 184829,  range = 3000 psia,  tc = 40
# nquan = 9                                 
# nvalues = 866                         
# units = specified
# name 0 = timeJ: Julian Days
# name 1 = prSM: Pressure, Strain Gauge [db]
# name 2 = c0mS/cm: Conductivity [mS/cm]
# name 3 = t090C: Temperature [ITS-90, deg C]
# name 4 = oxML/L: Oxygen, Beckman/YSI [ml/l]
# name 5 = depSM: Depth [salt water, m], lat = 47.5
# name 6 = sal00: Salinity, Practical [PSU]
# name 7 = sigma-é00: Density [sigma-theta, kg/m^3]
# name 8 = flag: flag
# span 0 = 286.448935, 286.453941       
# span 1 =      0.592,    102.469       
# span 2 =   0.984720,  36.709839       
# span 3 =     7.5216,    13.2071       
# span 4 =   -0.07151,   33.14269       
# span 5 =      0.587,    101.589       
# span 6 =     0.6394,    33.7650       
# span 7 =    -0.1436,    26.3650       
# span 8 = 0.0000e+00, 0.0000e+00       
# interval = seconds: 0.5
# start_time = Oct 13 2007 10:46:28 [Instrument's time stamp, header]
# bad_flag = -9.990e-29
*END*
[from data line 161]
 286.449867      2.235  35.990969    12.4538    7.75060      2.216    30.7417    23.2001 -9.990e-29
 286.449873      2.240  36.098148    12.4541    7.73709      2.221    30.8431    23.2787 -9.990e-29
 286.449878      2.254  36.115023    12.4539    7.64461      2.235    30.8593    23.2912 -9.990e-29
 286.449884      2.274  36.031027    12.4536    7.54135      2.255    30.7798    23.2297 -9.990e-29
 286.449890      2.291  35.961168    12.4556    7.50048      2.272    30.7119    23.1768 -9.990e-29
 286.449896      2.304  35.983813    12.4580    7.53062      2.285    30.7314    23.1914 -9.990e-29
 286.449902      2.312  36.102253    12.4561    7.61933      2.293    30.8453    23.2800 -9.990e-29
 286.449907      2.316  36.217708    12.4541    7.72435      2.297    30.9566    23.3666 -9.990e-29
 286.449913      2.317  36.238622    12.4566    7.77121      2.298    30.9744    23.3799 -9.990e-29
 286.449919      2.314  36.182796    12.4606    7.77010      2.295    30.9181    23.3355 -9.990e-29
 286.449925      2.308  36.089020    12.4653    7.74492      2.289    30.8252    23.2627 -9.990e-29
 286.449931      2.298  36.028436    12.4722    7.72155      2.279    30.7621    23.2125 -9.990e-29
 286.449936      2.284  36.065996    12.4786    7.68182      2.265    30.7925    23.2349 -9.990e-29
 286.449942      2.268  36.145851    12.4821    7.60532      2.249    30.8654    23.2907 -9.990e-29
 286.449948      2.258  36.178306    12.4834    7.52273      2.239    30.8951    23.3134 -9.990e-29
 286.449954      2.258  36.166283    12.4825    7.50358      2.239    30.8844    23.3054 -9.990e-29
 286.449959      2.269  36.183438    12.4772    7.53228      2.250    30.9051    23.3223 -9.990e-29
 286.449965      2.285  36.246481    12.4692    7.59188      2.266    30.9715    23.3753 -9.990e-29
 286.449971      2.300  36.292617    12.4652    7.63090      2.281    31.0186    23.4125 -9.990e-29
 286.449977      2.311  36.285274    12.4672    7.63392      2.292    31.0100    23.4054 -9.990e-29
 286.449983      2.318  36.242126    12.4698    7.59309      2.299    30.9668    23.3716 -9.990e-29
 286.449988      2.322  36.202616    12.4695    7.53397      2.303    30.9296    23.3428 -9.990e-29
 286.449994      2.322  36.197583    12.4675    7.48344      2.303    30.9265    23.3407 -9.990e-29
 286.450000      2.320  36.221439    12.4649    7.46165      2.301    30.9512    23.3604 -9.990e-29
 286.450006      2.314  36.251626    12.4617    7.47875      2.295    30.9825    23.3852 -9.990e-29
 286.450012      2.309  36.284117    12.4584    7.45797      2.290    31.0161    23.4119 -9.990e-29
 286.450017      2.308  36.307306    12.4564    7.43232      2.289    31.0398    23.4306 -9.990e-29
 286.450023      2.312  36.301107    12.4559    7.43696      2.293    31.0343    23.4264 -9.990e-29
 286.450029      2.321  36.279678    12.4559    7.46084      2.302    31.0140    23.4107 -9.990e-29
 286.450035      2.331  36.276666    12.4551    7.52065      2.312    31.0118    23.4091 -9.990e-29
 286.450041      2.338  36.298708    12.4532    7.58719      2.318    31.0343    23.4269 -9.990e-29
 286.450046      2.344  36.318585    12.4529    7.60042      2.324    31.0534    23.4418 -9.990e-29
 286.450052      2.347  36.307870    12.4561    7.58079      2.327    31.0406    23.4312 -9.990e-29
 286.450058      2.349  36.270216    12.4614    7.59480      2.329    31.0004    23.3992 -9.990e-29
 286.450064      2.350  36.217637    12.4659    7.62256      2.330    30.9468    23.3568 -9.990e-29
 286.450069      2.349  36.194936    12.4669    7.67807      2.329    30.9244    23.3393 -9.990e-29
 286.450075      2.347  36.233503    12.4662    7.73959      2.327    30.9616    23.3682 -9.990e-29
 286.450081      2.343  36.249121    12.4668    7.75807      2.323    30.9759    23.3792 -9.990e-29
 286.450087      2.338  36.189191    12.4689    7.73670      2.318    30.9173    23.3334 -9.990e-29
 286.450093      2.330  36.112255    12.4727    7.70252      2.311    30.8412    23.2737 -9.990e-29
 286.450098      2.320  36.077162    12.4776    7.67414      2.301    30.8039    23.2439 -9.990e-29
 286.450104      2.307  36.101578    12.4805    7.69048      2.288    30.8247    23.2594 -9.990e-29
 286.450110      2.294  36.164815    12.4809    7.72064      2.275    30.8843    23.3056 -9.990e-29
 286.450116      2.289  36.207146    12.4810    7.77723      2.270    30.9244    23.3366 -9.990e-29
 286.450122      2.292  36.200380    12.4812    7.80305      2.273    30.9178    23.3315 -9.990e-29
 286.450127      2.298  36.182022    12.4812    7.84355      2.279    30.9004    23.3180 -9.990e-29
 286.450133      2.308  36.171875    12.4817    7.90569      2.289    30.8904    23.3101 -9.990e-29
 286.450139      2.318  36.150809    12.4838    7.93716      2.299    30.8687    23.2929 -9.990e-29
 286.450145      2.325  36.107555    12.4873    7.96324      2.306    30.8248    23.2582 -9.990e-29
 286.450150      2.329  36.051700    12.4900    7.93439      2.310    30.7696    23.2150 -9.990e-29
 286.450156      2.330  35.995092    12.4899    7.88461      2.311    30.7160    23.1735 -9.990e-29
 286.450162      2.329  35.942406    12.4868    7.87540      2.310    30.6686    23.1374 -9.990e-29
 286.450168      2.325  35.888414    12.4814    7.87724      2.306    30.6218    23.1022 -9.990e-29
 286.450174      2.323  35.821662    12.4769    7.87388      2.304    30.5623    23.0569 -9.990e-29
 286.450179      2.326  35.803354    12.4756    7.86257      2.307    30.5460    23.0445 -9.990e-29
 286.450185      2.330  35.870168    12.4731    7.82189      2.311    30.6113    23.0956 -9.990e-29
 286.450191      2.332  35.879156    12.4667    7.77184      2.313    30.6250    23.1074 -9.990e-29
 286.450197      2.331  35.787940    12.4619    7.75361      2.312    30.5425    23.0444 -9.990e-29
 286.450203      2.328  35.736082    12.4637    7.75414      2.309    30.4919    23.0049 -9.990e-29
 286.450208      2.326  35.800721    12.4683    7.77286      2.307    30.5494    23.0485 -9.990e-29
 286.450214      2.330  35.939696    12.4697    7.80361      2.311    30.6800    23.1494 -9.990e-29
 286.450220      2.335  35.984089    12.4679    7.83336      2.315    30.7236    23.1835 -9.990e-29
 286.450226      2.338  35.889966    12.4671    7.86190      2.318    30.6350    23.1150 -9.990e-29
 286.450231      2.344  35.837293    12.4700    7.89845      2.324    30.5827    23.0740 -9.990e-29
 286.450237      2.356  35.900451    12.4744    7.92032      2.336    30.6389    23.1168 -9.990e-29
 286.450243      2.367  35.972531    12.4775    7.93151      2.347    30.7047    23.1671 -9.990e-29
 286.450249      2.370  35.948433    12.4797    7.94341      2.350    30.6801    23.1476 -9.990e-29
 286.450255      2.368  35.850955    12.4823    7.94213      2.348    30.5856    23.0740 -9.990e-29
 286.450260      2.365  35.790574    12.4850    7.95218      2.345    30.5262    23.0275 -9.990e-29
 286.450266      2.363  35.812892    12.4855    7.96067      2.343    30.5469    23.0434 -9.990e-29
 286.450272      2.360  35.833333    12.4821    7.96398      2.340    30.5691    23.0612 -9.990e-29
 286.450278      2.356  35.777152    12.4764    7.97546      2.336    30.5205    23.0246 -9.990e-29
 286.450284      2.351  35.673130    12.4714    7.98551      2.331    30.4260    22.9524 -9.990e-29
 286.450289      2.345  35.570885    12.4678    7.98315      2.325    30.3321    22.8804 -9.990e-29
 286.450295      2.337  35.519601    12.4660    7.96879      2.317    30.2850    22.8443 -9.990e-29
 286.450301      2.327  35.533845    12.4663    7.96163      2.308    30.2983    22.8545 -9.990e-29
 286.450307      2.319  35.556392    12.4693    7.96643      2.300    30.3172    22.8685 -9.990e-29
 286.450313      2.316  35.573034    12.4764    7.98356      2.297    30.3272    22.8750 -9.990e-29
 286.450318      2.314  35.623896    12.4857    7.98867      2.295    30.3679    22.9047 -9.990e-29
 286.450324      2.308  35.697215    12.4924    7.98900      2.289    30.4318    22.9530 -9.990e-29
 286.450330      2.302  35.759050    12.4945    7.94087      2.283    30.4887    22.9966 -9.990e-29
 286.450336      2.305  35.785363    12.4938    7.86360      2.286    30.5142    23.0165 -9.990e-29
 286.450341      2.316  35.764728    12.4924    7.81959      2.297    30.4958    23.0025 -9.990e-29
 286.450347      2.328  35.749780    12.4910    7.82745      2.309    30.4827    22.9927 -9.990e-29
 286.450353      2.337  35.801579    12.4901    7.87320      2.317    30.5325    23.0314 -9.990e-29
 286.450359      2.344  35.891862    12.4897    7.92813      2.324    30.6184    23.0979 -9.990e-29
 286.450365      2.349  35.937742    12.4878    7.93859      2.329    30.6634    23.1332 -9.990e-29
 286.450370      2.353  35.879697    12.4827    7.89157      2.333    30.6125    23.0947 -9.990e-29
 286.450376      2.352  35.758682    12.4765    7.83389      2.332    30.5029    23.0110 -9.990e-29
 286.450382      2.345  35.681244    12.4734    7.80834      2.325    30.4321    22.9567 -9.990e-29
 286.450388      2.345  35.707223    12.4742    7.81971      2.325    30.4560    22.9751 -9.990e-29
 286.450394      2.356  35.826981    12.4761    7.83166      2.336    30.5679    23.0614 -9.990e-29
 286.450399      2.370  35.937897    12.4766    7.87211      2.350    30.6726    23.1424 -9.990e-29
 286.450405      2.380  35.942371    12.4764    7.91716      2.360    30.6770    23.1459 -9.990e-29
 286.450411      2.382  35.891206    12.4777    7.95052      2.362    30.6275    23.1073 -9.990e-29
 286.450417      2.380  35.869752    12.4812    7.95761      2.360    30.6043    23.0887 -9.990e-29
 286.450422      2.379  35.877987    12.4861    7.91114      2.359    30.6081    23.0907 -9.990e-29
 286.450428      2.378  35.889338    12.4909    7.80165      2.358    30.6150    23.0951 -9.990e-29
 286.450434      2.378  35.893159    12.4934    7.64528      2.358    30.6166    23.0959 -9.990e-29
 286.450440      2.378  35.887256    12.4929    7.51639      2.358    30.6114    23.0919 -9.990e-29
 286.450446      2.379  35.888978    12.4901    7.46455      2.359    30.6153    23.0955 -9.990e-29
 286.450451      2.380  35.962833    12.4847    7.47482      2.360    30.6897    23.1541 -9.990e-29
 286.450457      2.382  36.112570    12.4788    7.52028      2.362    30.8365    23.2689 -9.990e-29
 286.450463      2.385  36.222281    12.4768    7.55885      2.365    30.9422    23.3512 -9.990e-29
 286.450469      2.388  36.244316    12.4784    7.59457      2.368    30.9618    23.3661 -9.990e-29
 286.450475      2.392  36.237759    12.4799    7.66564      2.372    30.9544    23.3600 -9.990e-29
 286.450480      2.398  36.234783    12.4804    7.76232      2.378    30.9511    23.3574 -9.990e-29
 286.450486      2.405  36.220769    12.4810    7.83448      2.385    30.9373    23.3466 -9.990e-29
 286.450492      2.411  36.191606    12.4816    7.88969      2.391    30.9091    23.3247 -9.990e-29
 286.450498      2.406  36.148763    12.4817    7.86362      2.386    30.8684    23.2931 -9.990e-29
 286.450503      2.390  36.062019    12.4804    7.74928      2.370    30.7872    23.2305 -9.990e-29
 286.450509      2.375  35.940140    12.4782    7.71652      2.355    30.6735    23.1428 -9.990e-29
 286.450515      2.370  35.848739    12.4767    7.72456      2.350    30.5881    23.0769 -9.990e-29
 286.450521      2.368  35.860429    12.4762    7.78436      2.348    30.5995    23.0859 -9.990e-29
 286.450527      2.367  35.985749    12.4757    7.83830      2.347    30.7187    23.1783 -9.990e-29
 286.450532      2.365  36.074559    12.4748    7.84644      2.345    30.8037    23.2443 -9.990e-29
 286.450538      2.363  36.008749    12.4742    7.84804      2.343    30.7418    23.1964 -9.990e-29
 286.450544      2.360  35.883288    12.4756    7.85585      2.340    30.6217    23.1032 -9.990e-29
 286.450550      2.356  35.795443    12.4797    7.85503      2.336    30.5351    23.0354 -9.990e-29
 286.450556      2.356  35.771003    12.4850    7.86002      2.336    30.5077    23.0131 -9.990e-29
 286.450561      2.363  35.851922    12.4877    7.87794      2.343    30.5821    23.0703 -9.990e-29
 286.450567      2.375  35.923583    12.4857    7.86315      2.355    30.6517    23.1245 -9.990e-29
 286.450573      2.386  35.857343    12.4818    7.86776      2.366    30.5921    23.0791 -9.990e-29
 286.450579      2.394  35.748718    12.4812    7.86984      2.374    30.4896    22.9999 -9.990e-29
 286.450584      2.399  35.737032    12.4843    7.81312      2.379    30.4761    22.9888 -9.990e-29
 286.450590      2.411  35.851534    12.4854    7.76126      2.391    30.5836    23.0718 -9.990e-29
 286.450596      2.425  35.937755    12.4823    7.71517      2.405    30.6678    23.1376 -9.990e-29
 286.450602      2.429  35.910571    12.4795    7.71810      2.409    30.6444    23.1200 -9.990e-29
 286.450608      2.425  35.909727    12.4795    7.77557      2.405    30.6436    23.1194 -9.990e-29
 286.450613      2.419  35.999671    12.4790    7.79510      2.399    30.7292    23.1858 -9.990e-29
 286.450619      2.416  36.057076    12.4755    7.80491      2.396    30.7865    23.2308 -9.990e-29
 286.450625      2.412  35.975202    12.4696    7.77809      2.392    30.7137    23.1756 -9.990e-29
 286.450631      2.402  35.830404    12.4646    7.77218      2.382    30.5805    23.0733 -9.990e-29
 286.450637      2.395  35.743485    12.4637    7.77621      2.375    30.4989    23.0103 -9.990e-29
 286.450642      2.397  35.785745    12.4657    7.79863      2.377    30.5373    23.0397 -9.990e-29
 286.450648      2.405  35.900306    12.4670    7.84517      2.385    30.6448    23.1227 -9.990e-29
 286.450654      2.411  35.902513    12.4669    7.86452      2.391    30.6470    23.1244 -9.990e-29
 286.450660      2.411  35.804842    12.4681    7.88404      2.391    30.5534    23.0517 -9.990e-29
 286.450666      2.409  35.748333    12.4728    7.92548      2.389    30.4961    23.0064 -9.990e-29
 286.450671      2.409  35.785985    12.4786    7.88119      2.389    30.5270    23.0293 -9.990e-29
 286.450677      2.412  35.868234    12.4811    7.83298      2.392    30.6029    23.0876 -9.990e-29
 286.450683      2.417  35.877755    12.4812    7.77349      2.397    30.6119    23.0945 -9.990e-29
 286.450689      2.421  35.833412    12.4840    7.76176      2.401    30.5676    23.0597 -9.990e-29
 286.450694      2.420  35.863275    12.4890    7.77667      2.400    30.5918    23.0775 -9.990e-29
 286.450700      2.417  35.976331    12.4911    7.83114      2.397    30.6972    23.1588 -9.990e-29
 286.450706      2.418  36.032435    12.4884    7.90274      2.398    30.7526    23.2021 -9.990e-29
 286.450712      2.417  35.956743    12.4817    7.94012      2.397    30.6863    23.1521 -9.990e-29
 286.450718      2.410  35.821522    12.4725    7.97785      2.390    30.5657    23.0604 -9.990e-29
 286.450723      2.402  35.660019    12.4633    7.97857      2.382    30.4201    22.9494 -9.990e-29
 286.450729      2.395  35.546643    12.4577    7.92250      2.375    30.3173    22.8708 -9.990e-29
 286.450735      2.390  35.556638    12.4564    7.85665      2.370    30.3278    22.8792 -9.990e-29
 286.450741      2.387  35.572191    12.4575    7.83155      2.367    30.3417    22.8897 -9.990e-29
 286.450747      2.384  35.570887    12.4614    7.83913      2.364    30.3373    22.8856 -9.990e-29
 286.450752      2.382  35.674844    12.4683    7.86257      2.362    30.4301    22.9562 -9.990e-29
 286.450758      2.381  35.852289    12.4732    7.90677      2.361    30.5943    23.0824 -9.990e-29
 286.450764      2.380  35.914424    12.4731    7.92952      2.360    30.6532    23.1281 -9.990e-29
 286.450770      2.380  35.817990    12.4718    7.94488      2.360    30.5629    23.0583 -9.990e-29
 286.450775      2.381  35.711842    12.4727    7.91709      2.361    30.4616    22.9797 -9.990e-29
 286.450781      2.383  35.645012    12.4743    7.90632      2.363    30.3970    22.9294 -9.990e-29
