data/oxygen options/OCNMS/OCNMS2/raw_data/2007/CTD_TH100_053007faedb.cnv
* Sea-Bird SBE19 Data File:
* FileName = C:\2007_mooring_data\CTD_TH100_053007.hex
* Software Version 1.1.6
* Temperature SN = 2997
* Conductivity SN = 2997
* System UpLoad Time = May 30 2007 09:32:31
* SEACAT PROFILER V3.1c SN 2997   05/30/07  09:31:49.661
* strain gauge pressure sensor: S/N = 184829,  range = 3000 psia,  tc = 40
# nquan = 9
# nvalues = 99                          
# units = specified
# name 0 = timeJ: Julian Days
# name 1 = prSM: Pressure, Strain Gauge [db]
# name 2 = c0mS/cm: Conductivity [mS/cm]
# name 3 = t090C: Temperature [ITS-90, deg C]
# name 4 = oxML/L: Oxygen, Beckman/YSI [ml/l]
# name 5 = depSM: Depth [salt water, m], lat = 47.5
# name 6 = sal00: Salinity, Practical [PSU]
# name 7 = sigma-é00: Density [sigma-theta, kg/m^3]
# name 8 = flag: flag
# span 0 = 150.393581, 150.394832       
# span 1 =      2.000,    100.000       
# span 2 =  33.396052,  35.169925       
# span 3 =     6.7300,    10.7171       
# span 4 =    2.88975,    7.61297       
# span 5 =      1.983,     99.141       
# span 6 =    31.4013,    33.8388       
# span 7 =    24.0234,    26.5417       
# span 8 = 0.0000e+00, 0.0000e+00       
# interval = decibars: 1                
# start_time = May 30 2007 09:22:09 [Instrument's time stamp, header]
# bad_flag = -9.990e-29
*END*
 150.393581      2.000  35.169925    10.7171    7.53496      1.983    31.4013    24.0234 0.0000e+00
 150.393600      3.000  35.150351    10.6846    7.55389      2.975    31.4094    24.0353 0.0000e+00
 150.393614      4.000  35.124269    10.6553    7.53629      3.967    31.4082    24.0394 0.0000e+00
 150.393626      5.000  35.106530    10.6265    7.50309      4.958    31.4150    24.0496 0.0000e+00
 150.393639      6.000  35.085062    10.5959    7.44315      5.950    31.4196    24.0584 0.0000e+00
 150.393651      7.000  35.061836    10.5614    7.40850      6.942    31.4258    24.0691 0.0000e+00
 150.393662      8.000  35.033086    10.5196    7.42845      7.933    31.4328    24.0816 0.0000e+00
 150.393675      9.000  35.008164    10.4799    7.47296      8.925    31.4418    24.0953 0.0000e+00
 150.393686     10.000  34.998124    10.4508    7.52503      9.916    31.4564    24.1117 0.0000e+00
 150.393698     11.000  35.005020    10.4451    7.56162     10.908    31.4678    24.1215 0.0000e+00
 150.393709     12.000  35.016226    10.4445    7.57476     11.899    31.4791    24.1305 0.0000e+00
 150.393721     13.000  35.029568    10.4461    7.56210     12.891    31.4906    24.1391 0.0000e+00
 150.393732     14.000  35.037335    10.4454    7.61297     13.883    31.4986    24.1454 0.0000e+00
 150.393743     15.000  35.034574    10.4388    7.55480     14.875    31.5011    24.1486 0.0000e+00
 150.393755     16.000  35.026119    10.4240    7.14515     15.866    31.5051    24.1542 0.0000e+00
 150.393766     17.000  35.007218    10.3903    6.90997     16.858    31.5149    24.1675 0.0000e+00
 150.393777     18.000  34.967911    10.2536    6.76304     17.849    31.5940    24.2519 0.0000e+00
 150.393788     19.000  34.773064     9.8707    6.62380     18.841    31.7322    24.4228 0.0000e+00
 150.393798     20.000  34.542757     9.5760    6.53131     19.832    31.7575    24.4902 0.0000e+00
 150.393809     21.000  34.448909     9.4475    6.47648     20.824    31.7750    24.5243 0.0000e+00
 150.393820     22.000  34.407270     9.3552    6.45255     21.815    31.8139    24.5693 0.0000e+00
 150.393831     23.000  34.376279     9.2553    6.44068     22.807    31.8707    24.6293 0.0000e+00
 150.393843     24.000  34.341345     9.0967    6.46512     23.798    31.9760    24.7365 0.0000e+00
 150.393853     25.000  34.301511     8.9394    6.54729     24.790    32.0759    24.8389 0.0000e+00
 150.393866     26.000  34.248183     8.7876    6.61392     25.781    32.1575    24.9260 0.0000e+00
 150.393878     27.000  34.196982     8.6878    6.63318     26.773    32.1944    24.9700 0.0000e+00
 150.393891     28.000  34.164616     8.6264    6.60115     27.764    32.2159    24.9962 0.0000e+00
 150.393903     29.000  34.147230     8.5927    6.58222     28.756    32.2280    25.0107 0.0000e+00
 150.393917     30.000  34.130107     8.5499    6.59535     29.747    32.2486    25.0333 0.0000e+00
 150.393928     31.000  34.071244     8.4556    6.56468     30.739    32.2727    25.0663 0.0000e+00
 150.393940     32.000  33.985304     8.3674    6.57758     31.731    32.2626    25.0715 0.0000e+00
 150.393952     33.000  33.943098     8.3053    6.61016     32.721    32.2746    25.0900 0.0000e+00
 150.393963     34.000  33.899998     8.2227    6.61350     33.713    32.3044    25.1256 0.0000e+00
 150.393976     35.000  33.867322     8.1742    6.60341     34.705    32.3141    25.1403 0.0000e+00
 150.393990     36.000  33.855418     8.1542    6.57405     35.696    32.3194    25.1474 0.0000e+00
 150.394004     37.000  33.841734     8.1273    6.48337     36.688    32.3293    25.1590 0.0000e+00
 150.394016     38.000  33.811346     8.0834    6.37948     37.679    32.3371    25.1716 0.0000e+00
 150.394027     39.000  33.778875     8.0290    6.36332     38.671    32.3523    25.1913 0.0000e+00
 150.394038     40.000  33.721071     7.9237    6.37159     39.662    32.3879    25.2344 0.0000e+00
 150.394049     41.000  33.639277     7.8144    6.36427     40.654    32.4016    25.2608 0.0000e+00
 150.394061     42.000  33.588898     7.7562    6.40226     41.645    32.4012    25.2688 0.0000e+00
 150.394073     43.000  33.573158     7.7299    6.41680     42.637    32.4083    25.2781 0.0000e+00
 150.394085     44.000  33.553239     7.6929    6.38025     43.628    32.4210    25.2933 0.0000e+00
 150.394095     45.000  33.531851     7.6587    6.35038     44.619    32.4295    25.3048 0.0000e+00
 150.394107     46.000  33.521049     7.6350    6.33744     45.611    32.4395    25.3160 0.0000e+00
 150.394118     47.000  33.505910     7.6040    6.31551     46.603    32.4517    25.3300 0.0000e+00
 150.394128     48.000  33.495568     7.5857    6.28854     47.594    32.4572    25.3368 0.0000e+00
 150.394139     49.000  33.487323     7.5718    6.23923     48.585    32.4609    25.3417 0.0000e+00
 150.394150     50.000  33.476165     7.5449    6.20703     49.577    32.4736    25.3554 0.0000e+00
 150.394161     51.000  33.456643     7.4988    6.19523     50.568    32.4952    25.3788 0.0000e+00
 150.394172     52.000  33.430221     7.4436    6.17223     51.559    32.5180    25.4044 0.0000e+00
 150.394184     53.000  33.408287     7.4111    6.12173     52.551    32.5243    25.4138 0.0000e+00
 150.394196     54.000  33.399012     7.3865    6.05863     53.542    32.5369    25.4271 0.0000e+00
 150.394208     55.000  33.396052     7.3603    5.99269     54.534    32.5578    25.4472 0.0000e+00
 150.394219     56.000  33.407719     7.3436    5.92746     55.525    32.5856    25.4714 0.0000e+00
 150.394231     57.000  33.422479     7.3316    5.89112     56.516    32.6125    25.4942 0.0000e+00
 150.394244     58.000  33.427726     7.3178    5.88164     57.508    32.6307    25.5104 0.0000e+00
 150.394256     59.000  33.427219     7.2872    5.84961     58.499    32.6586    25.5366 0.0000e+00
 150.394268     60.000  33.431778     7.2536    5.78228     59.491    32.6948    25.5697 0.0000e+00
 150.394280     61.000  33.441852     7.2371    5.68141     60.482    32.7208    25.5924 0.0000e+00
 150.394293     62.000  33.458062     7.2257    5.56049     61.473    32.7487    25.6159 0.0000e+00
 150.394306     63.000  33.489794     7.2200    5.46073     62.465    32.7882    25.6477 0.0000e+00
 150.394321     64.000  33.522785     7.2254    5.34464     63.456    32.8184    25.6708 0.0000e+00
 150.394335     65.000  33.551702     7.2370    5.12668     64.447    32.8383    25.6849 0.0000e+00
 150.394347     66.000  33.596294     7.2529    4.91386     65.439    32.8711    25.7085 0.0000e+00
 150.394360     67.000  33.671441     7.2734    4.74099     66.430    32.9327    25.7542 0.0000e+00
 150.394374     68.000  33.728858     7.2894    4.33899     67.421    32.9794    25.7887 0.0000e+00
 150.394390     69.000  33.823812     7.3294    3.98755     68.412    33.0437    25.8338 0.0000e+00
 150.394404     70.000  33.930638     7.3722    3.72638     69.404    33.1182    25.8865 0.0000e+00
 150.394417     71.000  33.986803     7.4096    3.48246     70.396    33.1427    25.9006 0.0000e+00
 150.394432     72.000  34.052212     7.4417    3.45187     71.387    33.1823    25.9273 0.0000e+00
 150.394448     73.000  34.072450     7.4419    3.30974     72.378    33.2036    25.9439 0.0000e+00
 150.394464     74.000  34.102253     7.4697    3.03595     73.369    33.2088    25.9441 0.0000e+00
 150.394477     75.000  34.165752     7.4919    2.88975     74.361    33.2556    25.9779 0.0000e+00
 150.394492     76.000  34.199306     7.4460    2.95617     75.352    33.3355    26.0472 0.0000e+00
 150.394505     77.000  34.190354     7.3431    3.11829     76.343    33.4243    26.1315 0.0000e+00
 150.394519     78.000  34.136336     7.2225    3.29991     77.334    33.4818    26.1934 0.0000e+00
 150.394532     79.000  34.077837     7.1119    3.47514     78.326    33.5248    26.2425 0.0000e+00
 150.394544     80.000  34.023023     7.0162    3.58273     79.317    33.5576    26.2814 0.0000e+00
 150.394556     81.000  33.980247     6.9490    3.54375     80.308    33.5757    26.3047 0.0000e+00
 150.394569     82.000  33.978807     6.9279    3.41013     81.300    33.5943    26.3222 0.0000e+00
 150.394583     83.000  34.038568     6.9450    3.27319     82.291    33.6427    26.3581 0.0000e+00
 150.394597     84.000  34.093941     6.9626    3.16057     83.282    33.6858    26.3896 0.0000e+00
 150.394610     85.000  34.123613     6.9473    3.09251     84.274    33.7328    26.4288 0.0000e+00
 150.394623     86.000  34.117500     6.9220    3.05751     85.264    33.7504    26.4462 0.0000e+00
 150.394636     87.000  34.108377     6.8958    3.03378     86.256    33.7656    26.4616 0.0000e+00
 150.394650     88.000  34.080972     6.8342    3.00051     87.247    33.7956    26.4935 0.0000e+00
 150.394664     89.000  34.050276     6.7822    2.97140     88.238    33.8125    26.5138 0.0000e+00
 150.394677     90.000  34.039491     6.7598    2.96622     89.230    33.8221    26.5245 0.0000e+00
 150.394691     91.000  34.035501     6.7498    2.95384     90.220    33.8270    26.5298 0.0000e+00
 150.394706     92.000  34.032463     6.7398    2.93506     91.212    33.8331    26.5359 0.0000e+00
 150.394719     93.000  34.031154     6.7353    2.93467     92.203    33.8356    26.5384 0.0000e+00
 150.394734     94.000  34.031836     6.7345    2.93373     93.194    33.8367    26.5394 0.0000e+00
 150.394749     95.000  34.033408     6.7345    2.91628     94.186    33.8380    26.5404 0.0000e+00
 150.394765     96.000  34.031892     6.7319    2.92724     95.177    33.8384    26.5411 0.0000e+00
 150.394778     97.000  34.031057     6.7302    2.92537     96.168    33.8386    26.5415 0.0000e+00
 150.394793     98.000  34.031576     6.7300    2.90353     97.159    33.8388    26.5417 0.0000e+00
 150.394810     99.000  34.032208     6.7304    2.91067     98.150    33.8386    26.5415 0.0000e+00
 150.394832    100.000  34.028872     6.7308    2.90947     99.141    33.8341    26.5379 0.0000e+00
