data/oxygen options/OCNMS/OCNMS2/raw_data/2007/CTD_CA100_071007faed.cnv
* Sea-Bird SBE19 Data File:
* FileName = C:\2007_mooring_data\CTD_CA100_071007.hex
* Software Version 1.1.6
* Temperature SN = 2997
* Conductivity SN = 2997
* System UpLoad Time = Jul 10 2007 13:26:48
* SEACAT PROFILER V3.1c SN 2997   07/10/07  13:26:28.055
* strain gauge pressure sensor: S/N = 184829,  range = 3000 psia,  tc = 40
# nquan = 9                                 
# nvalues = 782                         
# units = specified
# name 0 = timeJ: Julian Days
# name 1 = prSM: Pressure, Strain Gauge [db]
# name 2 = c0mS/cm: Conductivity [mS/cm]
# name 3 = t090C: Temperature [ITS-90, deg C]
# name 4 = oxML/L: Oxygen, Beckman/YSI [ml/l]
# name 5 = depSM: Depth [salt water, m], lat = 47.5
# name 6 = sal00: Salinity, Practical [PSU]
# name 7 = sigma-é00: Density [sigma-theta, kg/m^3]
# name 8 = flag: flag
# span 0 = 191.551412, 191.555932       
# span 1 =     -6.116,     98.653       
# span 2 =   0.306155,  39.471982       
# span 3 =     6.4708,    18.3665       
# span 4 =   -0.06326,   28.52321       
# span 5 =     -6.065,     97.806       
# span 6 =     0.1704,    33.9399       
# span 7 =    -1.3179,    26.6535       
# span 8 = 0.0000e+00, 0.0000e+00       
# interval = seconds: 0.5
# start_time = Jul 10 2007 13:14:02 [Instrument's time stamp, header]
# bad_flag = -9.990e-29
*END*
[from data line 321]
 191.553270      0.027  39.037611    14.6447    6.82685      0.027    31.7757    23.5629 -9.990e-29
 191.553275      0.046  39.038443    14.6435    6.84344      0.046    31.7774    23.5645 -9.990e-29
 191.553281      0.067  39.036432    14.6385    6.85015      0.066    31.7796    23.5672 -9.990e-29
 191.553287      0.079  39.026107    14.6334    6.83399      0.078    31.7744    23.5643 -9.990e-29
 191.553293      0.073  39.017266    14.6364    6.82147      0.072    31.7640    23.5556 -9.990e-29
 191.553299      0.054  39.021684    14.6448    6.83222      0.054    31.7611    23.5516 -9.990e-29
 191.553304      0.029  39.030124    14.6506    6.85109      0.029    31.7640    23.5527 -9.990e-29
 191.553310      0.010  39.035352    14.6516    6.85577      0.010    31.7680    23.5555 -9.990e-29
 191.553316      0.007  39.038185    14.6485    6.85374      0.007    31.7731    23.5601 -9.990e-29
 191.553322      0.022  39.035129    14.6432    6.81751      0.022    31.7746    23.5624 -9.990e-29
 191.553328      0.041  39.027730    14.6408    6.78775      0.041    31.7699    23.5592 -9.990e-29
 191.553333      0.053  39.025761    14.6434    6.79567      0.053    31.7660    23.5557 -9.990e-29
 191.553339      0.055  39.031096    14.6462    6.83493      0.055    31.7685    23.5570 -9.990e-29
 191.553345      0.051  39.035721    14.6429    6.86949      0.051    31.7754    23.5631 -9.990e-29
 191.553351      0.049  39.032359    14.6262    6.87915      0.049    31.7860    23.5747 -9.990e-29
 191.553356      0.050  39.013180    14.5996    6.85561      0.050    31.7904    23.5837 -9.990e-29
 191.553362      0.040  38.984587    14.5840    6.82226      0.040    31.7772    23.5768 -9.990e-29
 191.553368      0.007  38.970711    14.5909    6.82056      0.007    31.7590    23.5613 -9.990e-29
 191.553374     -0.049  38.979409    14.6094    6.83020     -0.049    31.7518    23.5519 -9.990e-29
 191.553380     -0.104  38.999861    14.6248    6.84154     -0.103    31.7577    23.5532 -9.990e-29
 191.553385     -0.136  39.017857    14.6306    6.84560     -0.135    31.7693    23.5610 -9.990e-29
 191.553391     -0.139  39.023211    14.6309    6.82845     -0.138    31.7739    23.5644 -9.990e-29
 191.553397     -0.118  39.020835    14.6359    6.80733     -0.117    31.7677    23.5586 -9.990e-29
 191.553403     -0.088  39.022154    14.6503    6.79209     -0.087    31.7571    23.5474 -9.990e-29
 191.553409     -0.065  39.032864    14.6668    6.78567     -0.064    31.7533    23.5410 -9.990e-29
 191.553414     -0.046  39.047073    14.6755    6.80648     -0.046    31.7591    23.5436 -9.990e-29
 191.553420     -0.022  39.053463    14.6727    6.82381     -0.022    31.7672    23.5504 -9.990e-29
 191.553426      0.012  39.049358    14.6630    6.82814      0.012    31.7713    23.5557 -9.990e-29
 191.553432      0.054  39.039392    14.6541    6.82756      0.054    31.7696    23.5562 -9.990e-29
 191.553438      0.100  39.026553    14.6491    6.81674      0.099    31.7620    23.5514 -9.990e-29
 191.553443      0.142  39.015041    14.6493    6.80681      0.141    31.7514    23.5432 -9.990e-29
 191.553449      0.175  39.014750    14.6539    6.81786      0.174    31.7474    23.5391 -9.990e-29
 191.553455      0.197  39.026427    14.6587    6.82151      0.195    31.7540    23.5432 -9.990e-29
 191.553461      0.214  39.037060    14.6604    6.81860      0.212    31.7623    23.5492 -9.990e-29
 191.553466      0.231  39.040093    14.6581    6.83238      0.229    31.7669    23.5533 -9.990e-29
 191.553472      0.244  39.037904    14.6518    6.82749      0.242    31.7700    23.5570 -9.990e-29
 191.553478      0.251  39.029270    14.6435    6.82309      0.249    31.7690    23.5580 -9.990e-29
 191.553484      0.256  39.019513    14.6358    6.80264      0.254    31.7664    23.5576 -9.990e-29
 191.553490      0.263  39.016387    14.6269    6.78955      0.261    31.7709    23.5629 -9.990e-29
 191.553495      0.273  39.011248    14.6163    6.79721      0.271    31.7749    23.5683 -9.990e-29
 191.553501      0.287  39.001183    14.6082    6.81978      0.285    31.7724    23.5680 -9.990e-29
 191.553507      0.306  38.995215    14.6025    6.83784      0.303    31.7716    23.5686 -9.990e-29
 191.553513      0.330  38.993247    14.5958    6.84551      0.327    31.7753    23.5729 -9.990e-29
 191.553519      0.358  38.989867    14.5888    6.84794      0.355    31.7779    23.5764 -9.990e-29
 191.553524      0.381  38.982447    14.5851    6.84966      0.378    31.7742    23.5743 -9.990e-29
 191.553530      0.394  38.973434    14.5884    6.85352      0.391    31.7633    23.5652 -9.990e-29
 191.553536      0.392  38.969483    14.5969    6.83893      0.389    31.7528    23.5553 -9.990e-29
 191.553542      0.381  38.974828    14.6035    6.82613      0.378    31.7523    23.5535 -9.990e-29
 191.553547      0.362  38.983855    14.6048    6.81854      0.359    31.7594    23.5587 -9.990e-29
 191.553553      0.340  38.991755    14.6045    6.81980      0.337    31.7668    23.5645 -9.990e-29
 191.553559      0.322  39.000622    14.6069    6.83093      0.319    31.7729    23.5687 -9.990e-29
 191.553565      0.311  39.007670    14.6103    6.84082      0.308    31.7765    23.5708 -9.990e-29
 191.553571      0.305  39.009371    14.6108    6.83660      0.302    31.7777    23.5716 -9.990e-29
 191.553576      0.306  39.006285    14.6085    6.84189      0.303    31.7767    23.5713 -9.990e-29
 191.553582      0.312  39.000997    14.6060    6.83927      0.309    31.7740    23.5697 -9.990e-29
 191.553588      0.324  38.997643    14.6053    6.83143      0.321    31.7715    23.5680 -9.990e-29
 191.553594      0.339  38.998449    14.6064    6.84264      0.336    31.7713    23.5676 -9.990e-29
 191.553600      0.349  39.001096    14.6080    6.83439      0.346    31.7724    23.5681 -9.990e-29
 191.553605      0.354  39.002918    14.6093    6.83424      0.351    31.7730    23.5683 -9.990e-29
 191.553611      0.364  39.004631    14.6100    6.83405      0.361    31.7740    23.5689 -9.990e-29
 191.553617      0.379  39.006250    14.6103    6.83160      0.376    31.7752    23.5698 -9.990e-29
 191.553623      0.396  39.005980    14.6101    6.83808      0.393    31.7751    23.5698 -9.990e-29
 191.553628      0.416  39.003432    14.6092    6.83889      0.413    31.7735    23.5687 -9.990e-29
 191.553634      0.432  39.001349    14.6088    6.83327      0.428    31.7720    23.5676 -9.990e-29
 191.553640      0.436  39.001970    14.6101    6.83863      0.432    31.7715    23.5669 -9.990e-29
 191.553646      0.432  39.004411    14.6127    6.84353      0.428    31.7716    23.5665 -9.990e-29
 191.553652      0.425  39.007411    14.6155    6.84431      0.421    31.7720    23.5662 -9.990e-29
 191.553657      0.418  39.010456    14.6180    6.83587      0.415    31.7727    23.5662 -9.990e-29
 191.553663      0.416  39.012531    14.6197    6.80437      0.413    31.7732    23.5663 -9.990e-29
 191.553669      0.414  39.013011    14.6207    6.79756      0.411    31.7728    23.5658 -9.990e-29
 191.553675      0.407  39.013069    14.6216    6.81213      0.404    31.7721    23.5650 -9.990e-29
 191.553681      0.399  39.013314    14.6218    6.84338      0.396    31.7722    23.5650 -9.990e-29
 191.553686      0.399  39.012923    14.6190    6.86312      0.396    31.7741    23.5671 -9.990e-29
 191.553692      0.411  39.007981    14.6101    6.87375      0.408    31.7769    23.5711 -9.990e-29
 191.553698      0.430  38.991873    14.5970    6.86044      0.426    31.7730    23.5709 -9.990e-29
 191.553704      0.446  38.971129    14.5914    6.83228      0.442    31.7588    23.5611 -9.990e-29
 191.553709      0.447  38.967404    14.6003    6.81898      0.443    31.7481    23.5510 -9.990e-29
 191.553715      0.433  38.984111    14.6143    6.82263      0.429    31.7518    23.5509 -9.990e-29
 191.553721      0.416  39.001998    14.6237    6.83620      0.413    31.7604    23.5555 -9.990e-29
 191.553727      0.411  39.011807    14.6276    6.83661      0.408    31.7661    23.5591 -9.990e-29
 191.553733      0.427  39.014818    14.6274    6.81628      0.423    31.7690    23.5614 -9.990e-29
 191.553738      0.457  39.007729    14.6252    6.80374      0.453    31.7643    23.5583 -9.990e-29
 191.553744      0.489  38.999001    14.6241    6.81535      0.485    31.7573    23.5531 -9.990e-29
 191.553750      0.521  39.001642    14.6240    6.83878      0.517    31.7598    23.5550 -9.990e-29
 191.553756      0.556  39.007365    14.6221    6.87074      0.551    31.7665    23.5606 -9.990e-29
 191.553762      0.595  39.007513    14.6164    6.89836      0.590    31.7713    23.5655 -9.990e-29
 191.553767      0.641  39.000572    14.6086    6.89026      0.636    31.7714    23.5672 -9.990e-29
 191.553773      0.693  38.990716    14.6061    6.86009      0.687    31.7644    23.5624 -9.990e-29
 191.553779      0.750  38.990569    14.6117    6.81316      0.744    31.7597    23.5575 -9.990e-29
 191.553785      0.823  38.998780    14.6185    6.78956      0.816    31.7616    23.5575 -9.990e-29
 191.553791      0.931  39.005522    14.6196    6.77323      0.923    31.7667    23.5613 -9.990e-29
 191.553796      1.084  39.007422    14.6106    6.78776      1.075    31.7758    23.5702 0.0000e+00
 191.553802      1.288  38.999138    14.5838    6.82883      1.277    31.7901    23.5868 0.0000e+00
 191.553808      1.543  38.971276    14.5299    6.87962      1.530    31.8089    23.6126 0.0000e+00
 191.553814      1.844  38.909650    14.4552    6.91356      1.829    31.8140    23.6322 0.0000e+00
 191.553819      2.180  38.820093    14.3785    6.87544      2.162    31.7952    23.6337 0.0000e+00
 191.553825      2.543  38.735677    14.3017    6.76342      2.522    31.7811    23.6388 0.0000e+00
 191.553831      2.933  38.661556    14.2184    6.66121      2.909    31.7817    23.6565 0.0000e+00
 191.553837      3.359  38.582967    14.1324    6.64803      3.331    31.7804    23.6732 0.0000e+00
 191.553843      3.827  38.501619    14.0420    6.77309      3.795    31.7801    23.6916 0.0000e+00
 191.553848      4.331  38.412734    13.9304    6.95761      4.295    31.7903    23.7223 0.0000e+00
 191.553854      4.857  38.294758    13.7716    7.12579      4.816    31.8127    23.7718 0.0000e+00
 191.553860      5.391  38.112575    13.5609    7.18463      5.346    31.8187    23.8189 0.0000e+00
 191.553866      5.924  37.863197    13.3454    7.13752      5.874    31.7658    23.8209 0.0000e+00
 191.553872      6.448  37.617736    13.1781    6.96254      6.394    31.6755    23.7841 0.0000e+00
 191.553877      6.952  37.442968    13.0697    6.62658      6.894    31.6017    23.7483 0.0000e+00
 191.553883      7.435  37.342937    13.0032    6.20520      7.373    31.5630    23.7312 0.0000e+00
 191.553889      7.910  37.294648    12.9387    5.74341      7.844    31.5711    23.7500 0.0000e+00
 191.553895      8.390  37.267306    12.8221    5.31334      8.320    31.6426    23.8279 0.0000e+00
 191.553900      8.884  37.220498    12.6247    4.91454      8.810    31.7639    23.9597 0.0000e+00
 191.553906      9.403  37.122612    12.3417    4.62710      9.324    31.9102    24.1268 0.0000e+00
 191.553912      9.944  36.956327    11.9820    4.43897      9.861    32.0579    24.3085 0.0000e+00
 191.553918     10.500  36.720731    11.5635    4.34018     10.412    32.1909    24.4885 0.0000e+00
 191.553924     11.067  36.418895    11.1102    4.35740     10.974    32.2908    24.6473 0.0000e+00
 191.553929     11.648  36.060266    10.6494    4.36750     11.550    32.3414    24.7671 0.0000e+00
 191.553935     12.235  35.687829    10.1945    4.22922     12.133    32.3724    24.8687 0.0000e+00
 191.553941     12.816  35.344060     9.7993    4.13442     12.709    32.3781    24.9385 0.0000e+00
 191.553947     13.375  35.081599     9.5525    4.12993     13.263    32.3322    24.9427 0.0000e+00
 191.553953     13.901  34.950510     9.4763    4.12711     13.785    32.2663    24.9034 0.0000e+00
 191.553958     14.394  34.940097     9.5458    4.13772     14.273    32.1929    24.8350 0.0000e+00
 191.553964     14.867  35.020719     9.6737    4.07377     14.742    32.1605    24.7890 0.0000e+00
 191.553970     15.341  35.110988     9.6880    3.97404     15.212    32.2395    24.8485 0.0000e+00
 191.553976     15.836  35.082450     9.5435    3.91532     15.703    32.3401    24.9503 0.0000e+00
 191.553981     16.359  34.959826     9.3733    3.85551     16.222    32.3677    24.9992 0.0000e+00
 191.553987     16.910  34.871556     9.2555    3.82797     16.768    32.3833    25.0300 0.0000e+00
 191.553993     17.474  34.825406     9.1678    3.82130     17.327    32.4151    25.0686 0.0000e+00
 191.553999     18.029  34.779390     9.0933    3.81580     17.878    32.4350    25.0959 0.0000e+00
 191.554005     18.569  34.745517     9.0337    3.83623     18.413    32.4540    25.1200 0.0000e+00
 191.554010     19.094  34.732935     8.9895    3.84060     18.934    32.4810    25.1481 0.0000e+00
 191.554016     19.610  34.731555     8.9567    3.84828     19.445    32.5094    25.1753 0.0000e+00
 191.554022     20.131  34.733333     8.9301    3.87296     19.962    32.5353    25.1998 0.0000e+00
 191.554028     20.658  34.735006     8.9093    3.85988     20.485    32.5559    25.2191 0.0000e+00
 191.554034     21.195  34.735969     8.8921    3.83536     21.017    32.5724    25.2347 0.0000e+00
 191.554039     21.747  34.734113     8.8707    3.78707     21.564    32.5899    25.2517 0.0000e+00
 191.554045     22.314  34.724691     8.8384    3.72146     22.127    32.6095    25.2720 0.0000e+00
 191.554051     22.889  34.705757     8.7968    3.66900     22.697    32.6278    25.2927 0.0000e+00
 191.554057     23.454  34.680052     8.7519    3.60966     23.257    32.6420    25.3108 0.0000e+00
 191.554062     23.992  34.651933     8.7066    3.55307     23.790    32.6542    25.3272 0.0000e+00
 191.554068     24.500  34.623657     8.6576    3.50940     24.294    32.6696    25.3467 0.0000e+00
 191.554074     24.980  34.591107     8.5973    3.45229     24.770    32.6910    25.3727 0.0000e+00
 191.554080     25.441  34.551753     8.5236    3.41936     25.227    32.7177    25.4047 0.0000e+00
 191.554086     25.891  34.509684     8.4483    3.40927     25.673    32.7431    25.4360 0.0000e+00
 191.554091     26.332  34.471528     8.3883    3.39808     26.111    32.7585    25.4570 0.0000e+00
 191.554097     26.771  34.442965     8.3479    3.41122     26.546    32.7657    25.4687 0.0000e+00
 191.554103     27.220  34.425653     8.3211    3.36923     26.991    32.7722    25.4778 0.0000e+00
 191.554109     27.685  34.418327     8.3009    3.31647     27.452    32.7831    25.4893 0.0000e+00
 191.554115     28.165  34.413426     8.2786    3.25539     27.928    32.7985    25.5047 0.0000e+00
 191.554120     28.662  34.402706     8.2513    3.18221     28.421    32.8124    25.5197 0.0000e+00
 191.554126     29.181  34.387532     8.2197    3.12333     28.935    32.8256    25.5347 0.0000e+00
 191.554132     29.717  34.367815     8.1796    3.05433     29.467    32.8419    25.5534 0.0000e+00
 191.554138     30.252  34.340766     8.1204    3.00567     29.997    32.8684    25.5829 0.0000e+00
 191.554144     30.778  34.298300     8.0361    2.96639     30.519    32.9022    25.6217 0.0000e+00
 191.554149     31.289  34.240355     7.9473    2.95502     31.026    32.9237    25.6515 0.0000e+00
 191.554155     31.780  34.193855     7.8839    2.94843     31.512    32.9335    25.6684 0.0000e+00
 191.554161     32.251  34.171275     7.8514    2.95150     31.979    32.9398    25.6781 0.0000e+00
 191.554167     32.707  34.162075     7.8369    2.96050     32.431    32.9435    25.6830 0.0000e+00
 191.554172     33.151  34.158435     7.8287    2.98411     32.872    32.9471    25.6871 0.0000e+00
 191.554178     33.590  34.156033     7.8204    3.03522     33.307    32.9522    25.6922 0.0000e+00
 191.554184     34.039  34.153317     7.8070    3.11742     33.752    32.9617    25.7016 0.0000e+00
