data/oxygen options/OCNMS/OCNMS2/raw_data/2007/CTD_CE100_071107faed.cnv
* Sea-Bird SBE19 Data File:
* FileName = C:\2007_mooring_data\CTD_CE100_071107.hex
* Software Version 1.1.6
* Temperature SN = 2997
* Conductivity SN = 2997
* System UpLoad Time = Jul 11 2007 11:20:14
* SEACAT PROFILER V3.1c SN 2997   07/11/07  11:19:25.740
* strain gauge pressure sensor: S/N = 184829,  range = 3000 psia,  tc = 40
# nquan = 9                                 
# nvalues = 814                         
# units = specified
# name 0 = timeJ: Julian Days
# name 1 = prSM: Pressure, Strain Gauge [db]
# name 2 = c0mS/cm: Conductivity [mS/cm]
# name 3 = t090C: Temperature [ITS-90, deg C]
# name 4 = oxML/L: Oxygen, Beckman/YSI [ml/l]
# name 5 = depSM: Depth [salt water, m], lat = 47.5
# name 6 = sal00: Salinity, Practical [PSU]
# name 7 = sigma-é00: Density [sigma-theta, kg/m^3]
# name 8 = flag: flag
# span 0 = 192.465509, 192.470214       
# span 1 =     -2.859,    102.218       
# span 2 =   0.053832,  38.353427       
# span 3 =     6.7054,    16.2697       
# span 4 =   -0.06613,   30.33397       
# span 5 =     -2.835,    101.340       
# span 6 =     0.0340,    33.9839       
# span 7 =    -1.0662,    26.6590       
# span 8 = 0.0000e+00, 0.0000e+00       
# interval = seconds: 0.5
# start_time = Jul 11 2007 11:10:20 [Instrument's time stamp, header]
# bad_flag = -9.990e-29
*END*
[from data line 481]
 192.468293     45.381  33.727219     7.3843    4.43988     44.997    32.8980    25.7113 0.0000e+00
 192.468299     45.990  33.710965     7.3612    4.43947     45.601    32.9020    25.7177 0.0000e+00
 192.468304     46.601  33.698522     7.3470    4.43604     46.207    32.9018    25.7195 0.0000e+00
 192.468310     47.210  33.692325     7.3371    4.42028     46.811    32.9042    25.7227 0.0000e+00
 192.468316     47.812  33.690626     7.3250    4.37277     47.407    32.9135    25.7318 0.0000e+00
 192.468322     48.403  33.691148     7.3081    4.31086     47.993    32.9299    25.7470 0.0000e+00
 192.468328     48.982  33.691585     7.2926    4.20670     48.567    32.9449    25.7609 0.0000e+00
 192.468333     49.560  33.695306     7.2883    4.06031     49.140    32.9527    25.7677 0.0000e+00
 192.468339     50.148  33.713797     7.2921    3.90736     49.723    32.9689    25.7799 0.0000e+00
 192.468345     50.740  33.743689     7.2912    3.78793     50.310    33.0019    25.8060 0.0000e+00
 192.468351     51.328  33.765437     7.2886    3.72728     50.893    33.0277    25.8266 0.0000e+00
 192.468356     51.905  33.785621     7.2926    3.72728     51.465    33.0455    25.8401 0.0000e+00
 192.468362     52.465  33.814335     7.2921    3.75408     52.021    33.0769    25.8649 0.0000e+00
 192.468368     53.011  33.829905     7.2724    3.78830     52.562    33.1124    25.8955 0.0000e+00
 192.468374     53.546  33.820587     7.2334    3.82599     53.092    33.1394    25.9221 0.0000e+00
 192.468380     54.074  33.796925     7.1894    3.90069     53.616    33.1556    25.9410 0.0000e+00
 192.468385     54.604  33.771620     7.1532    3.98613     54.141    33.1626    25.9514 0.0000e+00
 192.468391     55.139  33.754058     7.1190    4.08729     54.672    33.1761    25.9667 0.0000e+00
 192.468397     55.680  33.737053     7.0757    4.15779     55.208    33.1989    25.9906 0.0000e+00
 192.468403     56.220  33.709686     7.0264    4.18767     55.743    33.2163    26.0109 0.0000e+00
 192.468409     56.754  33.679717     6.9834    4.19448     56.273    33.2247    26.0234 0.0000e+00
 192.468414     57.274  33.659834     6.9548    4.16661     56.788    33.2303    26.0316 0.0000e+00
 192.468420     57.790  33.652644     6.9400    4.15038     57.300    33.2365    26.0385 0.0000e+00
 192.468426     58.312  33.653028     6.9328    4.11687     57.817    33.2436    26.0451 0.0000e+00
 192.468432     58.843  33.655884     6.9280    4.09493     58.344    33.2511    26.0517 0.0000e+00
 192.468437     59.388  33.659406     6.9224    4.07625     58.884    33.2601    26.0595 0.0000e+00
 192.468443     59.951  33.662679     6.9150    4.04754     59.442    33.2706    26.0688 0.0000e+00
 192.468449     60.529  33.665018     6.9064    4.02558     60.015    33.2812    26.0783 0.0000e+00
 192.468455     61.112  33.666730     6.8972    4.00288     60.593    33.2917    26.0878 0.0000e+00
 192.468461     61.689  33.668966     6.8874    3.96712     61.165    33.3034    26.0983 0.0000e+00
 192.468466     62.264  33.672457     6.8754    3.92163     61.735    33.3186    26.1119 0.0000e+00
 192.468472     62.839  33.676804     6.8598    3.85441     62.305    33.3382    26.1295 0.0000e+00
 192.468478     63.406  33.683311     6.8405    3.78856     62.867    33.3638    26.1522 0.0000e+00
 192.468484     63.965  33.693921     6.8209    3.70444     63.421    33.3943    26.1788 0.0000e+00
 192.468490     64.515  33.705961     6.8051    3.61244     63.967    33.4227    26.2033 0.0000e+00
 192.468495     65.054  33.716986     6.7950    3.54516     64.501    33.4444    26.2218 0.0000e+00
 192.468501     65.572  33.728796     6.7898    3.50655     65.014    33.4622    26.2365 0.0000e+00
 192.468507     66.065  33.744799     6.7887    3.50337     65.503    33.4807    26.2512 0.0000e+00
 192.468513     66.534  33.763913     6.7925    3.46502     65.968    33.4978    26.2642 0.0000e+00
 192.468519     66.986  33.776875     6.8007    3.38846     66.416    33.5038    26.2679 0.0000e+00
 192.468524     67.439  33.777990     6.8088    3.29613     66.865    33.4969    26.2614 0.0000e+00
 192.468530     67.911  33.781064     6.8128    3.21522     67.333    33.4962    26.2602 0.0000e+00
 192.468536     68.412  33.805881     6.8176    3.16244     67.830    33.5185    26.2772 0.0000e+00
 192.468542     68.935  33.847423     6.8275    3.11286     68.348    33.5543    26.3041 0.0000e+00
 192.468547     69.475  33.885433     6.8398    3.05886     68.884    33.5839    26.3258 0.0000e+00
 192.468553     70.031  33.912874     6.8526    3.00518     69.435    33.6013    26.3378 0.0000e+00
 192.468559     70.605  33.936069     6.8695    2.94235     70.004    33.6100    26.3423 0.0000e+00
 192.468565     71.194  33.964649     6.8956    2.89256     70.588    33.6156    26.3432 0.0000e+00
 192.468571     71.790  34.008138     6.9283    2.85432     71.178    33.6311    26.3510 0.0000e+00
 192.468576     72.379  34.062321     6.9584    2.82410     71.762    33.6608    26.3704 0.0000e+00
 192.468582     72.955  34.110348     6.9838    2.79817     72.333    33.6883    26.3887 0.0000e+00
 192.468588     73.524  34.147894     7.0082    2.75761     72.897    33.7053    26.3987 0.0000e+00
 192.468594     74.098  34.179633     7.0325    2.71806     73.466    33.7161    26.4039 0.0000e+00
 192.468600     74.682  34.207535     7.0599    2.66861     74.045    33.7195    26.4028 0.0000e+00
 192.468605     75.276  34.239100     7.0951    2.63686     74.634    33.7193    26.3979 0.0000e+00
 192.468611     75.874  34.282791     7.1331    2.60360     75.227    33.7297    26.4008 0.0000e+00
 192.468617     76.472  34.331297     7.1626    2.60156     75.820    33.7535    26.4155 0.0000e+00
 192.468623     77.064  34.368042     7.1802    2.59035     76.407    33.7761    26.4309 0.0000e+00
 192.468628     77.642  34.388223     7.1891    2.57090     76.980    33.7892    26.4399 0.0000e+00
 192.468634     78.198  34.398012     7.1929    2.55579     77.531    33.7959    26.4447 0.0000e+00
 192.468640     78.744  34.402609     7.1935    2.53202     78.072    33.8000    26.4479 0.0000e+00
 192.468646     79.291  34.404213     7.1913    2.50088     78.614    33.8037    26.4511 0.0000e+00
 192.468652     79.845  34.403277     7.1851    2.46462     79.163    33.8084    26.4557 0.0000e+00
 192.468657     80.407  34.399663     7.1745    2.41197     79.720    33.8146    26.4620 0.0000e+00
 192.468663     80.983  34.394148     7.1612    2.32411     80.291    33.8213    26.4692 0.0000e+00
 192.468669     81.578  34.387775     7.1460    2.24474     80.881    33.8290    26.4773 0.0000e+00
 192.468675     82.189  34.380440     7.1262    2.14254     81.487    33.8401    26.4888 0.0000e+00
 192.468681     82.807  34.369076     7.0986    2.01910     82.099    33.8544    26.5039 0.0000e+00
 192.468686     83.428  34.350849     7.0622    1.90329     82.715    33.8699    26.5211 0.0000e+00
 192.468692     84.048  34.326098     7.0135    1.77982     83.330    33.8904    26.5439 0.0000e+00
 192.468698     84.670  34.294307     6.9487    1.69888     83.946    33.9190    26.5753 0.0000e+00
 192.468704     85.293  34.254539     6.8783    1.63650     84.564    33.9445    26.6049 0.0000e+00
 192.468709     85.911  34.214833     6.8227    1.60253     85.176    33.9554    26.6210 0.0000e+00
 192.468715     86.520  34.187784     6.7882    1.58221     85.780    33.9594    26.6289 0.0000e+00
 192.468721     87.124  34.173167     6.7662    1.56053     86.379    33.9648    26.6360 0.0000e+00
 192.468727     87.727  34.163800     6.7493    1.56240     86.976    33.9709    26.6431 0.0000e+00
 192.468733     88.334  34.156709     6.7352    1.54728     87.578    33.9767    26.6496 0.0000e+00
 192.468738     88.944  34.150831     6.7241    1.55084     88.183    33.9809    26.6544 0.0000e+00
 192.468744     89.553  34.146162     6.7164    1.54144     88.786    33.9831    26.6572 0.0000e+00
 192.468750     90.153  34.142630     6.7114    1.53788     89.381    33.9839    26.6584 0.0000e+00
 192.468756     90.735  34.139998     6.7088    1.54555     89.958    33.9832    26.6583 0.0000e+00
 192.468762     91.294  34.138667     6.7083    1.54503     90.512    33.9820    26.6574 0.0000e+00
 192.468767     91.826  34.138534     6.7084    1.55341     91.039    33.9815    26.6570 0.0000e+00
 192.468773     92.339  34.138853     6.7080    1.54463     91.548    33.9820    26.6574 0.0000e+00
 192.468779     92.849  34.138921     6.7070    1.54821     92.053    33.9828    26.6582 0.0000e+00
 192.468785     93.370  34.138819     6.7063    1.54414     92.570    33.9831    26.6586 0.0000e+00
 192.468791     93.912  34.138964     6.7059    1.54563     93.107    33.9834    26.6589 0.0000e+00
 192.468796     94.468  34.138982     6.7055    1.53945     93.658    33.9835    26.6590 0.0000e+00
 192.468802     95.037  34.138889     6.7054    1.53435     94.222    33.9833    26.6588 0.0000e+00
 192.468808     95.615  34.139112     6.7055    1.53359     94.795    33.9831    26.6587 0.0000e+00
 192.468814     96.193  34.139379     6.7055    1.53099     95.368    33.9831    26.6587 0.0000e+00
 192.468819     96.760  34.139474     6.7055    1.53929     95.930    33.9829    26.6586 0.0000e+00
 192.468825     97.310  34.139515     6.7056    1.52751     96.475    33.9826    26.6583 0.0000e+00
 192.468831     97.833  34.139548     6.7057    1.54403     96.993    33.9823    26.6581 0.0000e+00
 192.468837     98.326  34.139608     6.7058    1.54210     97.482    33.9820    26.6579 0.0000e+00
 192.468843     98.790  34.139767     6.7061    1.52979     97.942    33.9817    26.6575 0.0000e+00
 192.468848     99.228  34.140228     6.7067    1.53283     98.376    33.9814    26.6572 0.0000e+00
 192.468854     99.646  34.140478     6.7069    1.52152     98.791    33.9812    26.6571 0.0000e+00
 192.468860    100.059  34.139722     6.7065    1.52623     99.200    33.9806    26.6567 0.0000e+00
 192.468866    100.472  34.138064     6.7061    1.51173     99.609    33.9790    26.6554 0.0000e+00
 192.468872    100.871  34.134409     6.7061    1.50937    100.005    33.9747    26.6521 0.0000e+00
 192.468877    101.244  34.123313     6.7063    1.49483    100.374    33.9621    26.6421 0.0000e+00
 192.468883    101.576  34.088851     6.7067    1.51313    100.703    33.9234    26.6116 0.0000e+00
 192.468889    101.845  33.984504     6.7072    1.51616    100.970    33.8075    26.5201 0.0000e+00
 192.468895    102.038  33.835301     6.7079    1.50860    101.161    33.6419    26.3895 -9.990e-29
 192.468900    102.160  33.806487     6.7086    1.50165    101.282    33.6094    26.3638 -9.990e-29
 192.468906    102.218  33.930793     6.7091    1.50256    101.340    33.7461    26.4715 -9.990e-29
 192.468912    102.215  34.050108     6.7095    1.51059    101.337    33.8775    26.5750 -9.990e-29
 192.468918    102.147  34.097714     6.7099    1.51658    101.269    33.9298    26.6161 -9.990e-29
 192.468924    102.001  34.111864     6.7099    1.51860    101.125    33.9455    26.6285 0.0000e+00
 192.468929    101.773  34.120383     6.7094    1.51444    100.899    33.9555    26.6365 0.0000e+00
 192.468935    101.473  34.129582     6.7084    1.51444    100.601    33.9668    26.6455 0.0000e+00
 192.468941    101.125  34.136033     6.7077    1.50536    100.256    33.9748    26.6519 0.0000e+00
 192.468947    100.754  34.138808     6.7075    1.50274     99.889    33.9783    26.6547 0.0000e+00
 192.468953    100.366  34.139365     6.7074    1.50295     99.504    33.9792    26.6554 0.0000e+00
 192.468958     99.955  34.139562     6.7073    1.51418     99.097    33.9797    26.6558 0.0000e+00
 192.468964     99.514  34.140217     6.7071    1.50180     98.660    33.9808    26.6567 0.0000e+00
 192.468970     99.052  34.140516     6.7068    1.50674     98.202    33.9817    26.6575 0.0000e+00
 192.468976     98.584  34.140296     6.7066    1.49741     97.738    33.9819    26.6576 0.0000e+00
 192.468981     98.125  34.139820     6.7066    1.50412     97.283    33.9816    26.6574 0.0000e+00
 192.468987     97.670  34.139009     6.7068    1.50339     96.832    33.9807    26.6567 0.0000e+00
 192.468993     97.204  34.138459     6.7071    1.50834     96.370    33.9800    26.6561 0.0000e+00
 192.468999     96.710  34.138552     6.7073    1.50349     95.880    33.9802    26.6562 0.0000e+00
 192.469005     96.191  34.138847     6.7072    1.49923     95.366    33.9808    26.6567 0.0000e+00
 192.469010     95.665  34.138801     6.7067    1.50114     94.845    33.9816    26.6573 0.0000e+00
 192.469016     95.137  34.138351     6.7062    1.49884     94.321    33.9818    26.6576 0.0000e+00
 192.469022     94.604  34.137646     6.7064    1.51161     93.793    33.9811    26.6570 0.0000e+00
 192.469028     94.070  34.136866     6.7067    1.50503     93.264    33.9802    26.6562 0.0000e+00
 192.469034     93.537  34.136283     6.7067    1.50248     92.735    33.9798    26.6559 0.0000e+00
 192.469039     92.999  34.135680     6.7067    1.49127     92.202    33.9794    26.6556 0.0000e+00
 192.469045     92.457  34.134817     6.7066    1.50412     91.665    33.9788    26.6552 0.0000e+00
 192.469051     91.906  34.134225     6.7064    1.50273     91.119    33.9787    26.6550 0.0000e+00
 192.469057     91.342  34.134239     6.7063    1.51141     90.560    33.9790    26.6554 0.0000e+00
 192.469063     90.762  34.134319     6.7067    1.50484     89.985    33.9790    26.6553 0.0000e+00
 192.469068     90.169  34.134014     6.7076    1.50546     89.397    33.9781    26.6544 0.0000e+00
 192.469074     89.572  34.133481     6.7088    1.50979     88.805    33.9766    26.6531 0.0000e+00
 192.469080     88.984  34.133131     6.7103    1.52290     88.222    33.9750    26.6516 0.0000e+00
 192.469086     88.412  34.133063     6.7131    1.52437     87.655    33.9724    26.6492 0.0000e+00
 192.469091     87.847  34.133749     6.7196    1.53678     87.095    33.9670    26.6441 0.0000e+00
 192.469097     87.285  34.136105     6.7306    1.55394     86.538    33.9590    26.6363 0.0000e+00
 192.469103     86.728  34.139913     6.7426    1.56629     85.986    33.9516    26.6288 0.0000e+00
 192.469109     86.184  34.143531     6.7501    1.59913     85.447    33.9485    26.6253 0.0000e+00
 192.469115     85.656  34.146183     6.7530    1.64685     84.923    33.9488    26.6252 0.0000e+00
 192.469120     85.142  34.149169     6.7588    1.72671     84.414    33.9466    26.6227 0.0000e+00
 192.469126     84.629  34.154234     6.7801    1.83506     83.905    33.9313    26.6078 0.0000e+00
 192.469132     84.103  34.163648     6.8289    1.94640     83.384    33.8938    26.5716 0.0000e+00
 192.469138     83.555  34.183801     6.8939    2.06357     82.841    33.8521    26.5300 0.0000e+00
 192.469144     82.990  34.215233     6.9468    2.16765     82.281    33.8349    26.5092 0.0000e+00
 192.469149     82.409  34.248312     6.9852    2.24826     81.705    33.8337    26.5031 0.0000e+00
 192.469155     81.811  34.276732     7.0255    2.31836     81.112    33.8256    26.4912 0.0000e+00
 192.469161     81.192  34.299731     7.0706    2.37307     80.499    33.8068    26.4702 0.0000e+00
 192.469167     80.554  34.320527     7.1092    2.42909     79.866    33.7920    26.4533 0.0000e+00
 192.469172     79.910  34.339399     7.1356    2.47119     79.228    33.7871    26.4457 0.0000e+00
 192.469178     79.260  34.353505     7.1550    2.50190     78.583    33.7838    26.4405 0.0000e+00
 192.469184     78.607  34.364293     7.1706    2.49717     77.936    33.7807    26.4358 0.0000e+00
 192.469190     77.964  34.373265     7.1799    2.48879     77.299    33.7817    26.4353 0.0000e+00
 192.469196     77.346  34.379500     7.1818    2.49078     76.686    33.7869    26.4392 0.0000e+00
 192.469201     76.762  34.382353     7.1793    2.51411     76.107    33.7928    26.4441 0.0000e+00
 192.469207     76.207  34.382272     7.1741    2.55505     75.557    33.7980    26.4490 0.0000e+00
