data/oxygen options/OCNMS/OCNMS2/raw_data/2007/CTD_TH100_101307faed.cnv
* Sea-Bird SBE19 Data File:
* FileName = C:\2007_mooring_data\retrieval_101207\CTD_TH100_101307.hex
* Software Version 1.20
* Temperature SN = 2997
* Conductivity SN = 2997
* System UpLoad Time = Oct 13 2007 16:03:25
* SEACAT PROFILER V3.1c SN 2997   10/13/07  16:02:37.526
* strain gauge pressure sensor: S/N = 184829,  range = 3000 psia,  tc = 40
# nquan = 9                                 
# nvalues = 814                         
# units = specified
# name 0 = timeJ: Julian Days
# name 1 = prSM: Pressure, Strain Gauge [db]
# name 2 = c0mS/cm: Conductivity [mS/cm]
# name 3 = t090C: Temperature [ITS-90, deg C]
# name 4 = oxML/L: Oxygen, Beckman/YSI [ml/l]
# name 5 = depSM: Depth [salt water, m], lat = 47.5
# name 6 = sal00: Salinity, Practical [PSU]
# name 7 = sigma-é00: Density [sigma-theta, kg/m^3]
# name 8 = flag: flag
# span 0 = 286.498796, 286.503501       
# span 1 =     -3.905,    102.290       
# span 2 =   4.137913,  36.690909       
# span 3 =     7.5604,    12.2970       
# span 4 =   -0.06042,   33.10189       
# span 5 =     -3.872,    101.411       
# span 6 =     3.1859,    33.7696       
# span 7 =     1.9955,    26.3713       
# span 8 = 0.0000e+00, 0.0000e+00       
# interval = seconds: 0.5
# start_time = Oct 13 2007 11:58:16 [Instrument's time stamp, header]
# bad_flag = -9.990e-29
*END*
 286.498796     -3.905 -9.990e-29    12.2824   -0.06035     -3.872 -9.990e-29 -9.990e-29 -9.990e-29
 286.498802     -3.854  36.682123    12.2800   -0.06035     -3.822    31.5466    23.8562 -9.990e-29
 286.498808     -3.801  36.682440    12.2825   -0.06033     -3.769    31.5447    23.8543 -9.990e-29
 286.498814     -3.746  36.682827    12.2873   -0.06033     -3.715    31.5410    23.8505 -9.990e-29
 286.498819     -3.685  36.683239    12.2925   -0.06034     -3.654    31.5370    23.8465 -9.990e-29
 286.498825     -3.624  36.684228    12.2966   -0.06035     -3.594    31.5345    23.8437 -9.990e-29
 286.498831     -3.572  36.685998    12.2970   -0.06035     -3.542    31.5358    23.8447 -9.990e-29
 286.498837     -3.524  36.688694    12.2918   -0.06036     -3.495    31.5428    23.8511 -9.990e-29
 286.498843     -3.479  36.690909    12.2833   -0.06037     -3.450    31.5520    23.8598 -9.990e-29
 286.498848     -3.437  36.690033    12.2771   -0.06037     -3.408    31.5564    23.8644 -9.990e-29
 286.498854     -3.396  36.687180    12.2765   -0.06037     -3.368    31.5542    23.8627 -9.990e-29
 286.498860     -3.358  36.685313    12.2788   -0.06037     -3.330    31.5504    23.8594 -9.990e-29
 286.498866     -3.324  36.685348    12.2791   -0.06036     -3.296    31.5502    23.8592 -9.990e-29
 286.498872     -3.293  36.686250    12.2765   -0.06036     -3.266    31.5532    23.8620 -9.990e-29
 286.498877     -3.261  36.686461    12.2728   -0.06036     -3.234    31.5565    23.8653 -9.990e-29
 286.498883     -3.233  36.685742    12.2694   -0.06036     -3.206    31.5587    23.8676 -9.990e-29
 286.498889     -3.209  36.684857    12.2658   -0.06036     -3.182    31.5609    23.8700 -9.990e-29
 286.498895     -3.188  36.683227    12.2621   -0.06037     -3.161    31.5624    23.8719 -9.990e-29
 286.498900     -3.174  36.680399    12.2598   -0.06037     -3.148    31.5617    23.8717 -9.990e-29
 286.498906     -3.166  36.678811    12.2597   -0.06038     -3.140    31.5602    23.8706 -9.990e-29
 286.498912     -3.154  36.678628    12.2614   -0.06038     -3.128    31.5586    23.8690 -9.990e-29
 286.498918     -3.138  36.677404    12.2637   -0.06037     -3.112    31.5555    23.8662 -9.990e-29
 286.498924     -3.121  36.675791    12.2652   -0.06036     -3.095    31.5527    23.8637 -9.990e-29
 286.498929     -3.097  36.675605    12.2658   -0.06036     -3.071    31.5520    23.8631 -9.990e-29
 286.498935     -3.065  36.676639    12.2656   -0.06036     -3.039    31.5531    23.8640 -9.990e-29
 286.498941     -3.033  36.677510    12.2644   -0.06037     -3.008    31.5550    23.8656 -9.990e-29
 286.498947     -3.001  36.677175    12.2626   -0.06037     -2.976    31.5561    23.8669 -9.990e-29
 286.498953     -2.972  36.675791    12.2603   -0.06037     -2.947    31.5568    23.8678 -9.990e-29
 286.498958     -2.948  36.674354    12.2584   -0.06037     -2.923    31.5570    23.8683 -9.990e-29
 286.498964     -2.929  36.673794    12.2586   -0.06036     -2.905    31.5563    23.8677 -9.990e-29
 286.498970     -2.917  36.673965    12.2614   -0.06036     -2.893    31.5541    23.8655 -9.990e-29
 286.498976     -2.911  36.674012    12.2648   -0.06037     -2.887    31.5512    23.8627 -9.990e-29
 286.498981     -2.903  36.673480    12.2661   -0.06037     -2.879    31.5496    23.8612 -9.990e-29
 286.498987     -2.887  36.672823    12.2650   -0.06037     -2.863    31.5499    23.8616 -9.990e-29
 286.498993     -2.862  36.672888    12.2630   -0.06037     -2.838    31.5517    23.8633 -9.990e-29
 286.498999     -2.828  36.673803    12.2620   -0.06037     -2.804    31.5534    23.8648 -9.990e-29
 286.499005     -2.790  36.675145    12.2627   -0.06037     -2.767    31.5540    23.8652 -9.990e-29
 286.499010     -2.759  36.675940    12.2642   -0.06037     -2.736    31.5535    23.8646 -9.990e-29
 286.499016     -2.733  36.675607    12.2652   -0.06038     -2.710    31.5524    23.8635 -9.990e-29
 286.499022     -2.706  36.674863    12.2647   -0.06038     -2.683    31.5520    23.8633 -9.990e-29
 286.499028     -2.676  36.674440    12.2631   -0.06038     -2.654    31.5530    23.8643 -9.990e-29
 286.499034     -2.642  36.674377    12.2614   -0.06038     -2.620    31.5543    23.8657 -9.990e-29
 286.499039     -2.605  36.674631    12.2608   -0.06038     -2.583    31.5551    23.8664 -9.990e-29
 286.499045     -2.571  36.675580    12.2614   -0.06038     -2.550    31.5555    23.8666 -9.990e-29
 286.499051     -2.543  36.676849    12.2625   -0.06038     -2.522    31.5557    23.8666 -9.990e-29
 286.499057     -2.519  36.676804    12.2625   -0.06038     -2.498    31.5557    23.8666 -9.990e-29
 286.499062     -2.498  36.674869    12.2599   -0.06038     -2.477    31.5560    23.8673 -9.990e-29
 286.499068     -2.478  36.672429    12.2561   -0.06038     -2.457    31.5569    23.8687 -9.990e-29
 286.499074     -2.458  36.671876    12.2548   -0.06038     -2.438    31.5574    23.8694 -9.990e-29
 286.499080     -2.436  36.673634    12.2561   -0.06039     -2.416    31.5580    23.8696 -9.990e-29
 286.499086     -2.412  36.675043    12.2572   -0.06040     -2.392    31.5584    23.8697 -9.990e-29
 286.499091     -2.388  36.674098    12.2577   -0.06041     -2.368    31.5571    23.8685 -9.990e-29
 286.499097     -2.366  36.671820    12.2585   -0.06040     -2.346    31.5542    23.8662 -9.990e-29
 286.499103     -2.346  36.670820    12.2591   -0.06040     -2.326    31.5528    23.8649 -9.990e-29
 286.499109     -2.330  36.671486    12.2590   -0.06041     -2.311    31.5535    23.8655 -9.990e-29
 286.499115     -2.317  36.672505    12.2584   -0.06040     -2.298    31.5549    23.8668 -9.990e-29
 286.499120     -2.302  36.673596    12.2572   -0.06040     -2.283    31.5570    23.8686 -9.990e-29
 286.499126     -2.285  36.674013    12.2550   -0.06040     -2.266    31.5592    23.8707 -9.990e-29
 286.499132     -2.264  36.672109    12.2516   -0.06041     -2.245    31.5603    23.8722 -9.990e-29
 286.499138     -2.237  36.667630    12.2472   -0.06040     -2.218    31.5597    23.8725 -9.990e-29
 286.499144     -2.208  36.662493    12.2433   -0.06040     -2.190    31.5580    23.8720 -9.990e-29
 286.499149     -2.183  36.659418    12.2416   -0.06040     -2.165    31.5565    23.8711 -9.990e-29
 286.499155     -2.161  36.660513    12.2416   -0.06040     -2.143    31.5576    23.8719 -9.990e-29
 286.499161     -2.135  36.664475    12.2423   -0.06040     -2.117    31.5608    23.8743 -9.990e-29
 286.499167     -2.109  36.666534    12.2439   -0.06039     -2.091    31.5614    23.8745 -9.990e-29
 286.499172     -2.085  36.664431    12.2449   -0.06039     -2.068    31.5585    23.8720 -9.990e-29
 286.499178     -2.058  36.660451    12.2443   -0.06039     -2.041    31.5552    23.8696 -9.990e-29
 286.499184     -2.025  36.658297    12.2436   -0.06039     -2.008    31.5537    23.8686 -9.990e-29
 286.499190     -1.993  36.659622    12.2448   -0.06039     -1.976    31.5540    23.8685 -9.990e-29
 286.499196     -1.964  36.662311    12.2471   -0.06039     -1.948    31.5546    23.8686 -9.990e-29
 286.499201     -1.937  36.662700    12.2488   -0.06039     -1.921    31.5535    23.8674 -9.990e-29
 286.499207     -1.914  36.660228    12.2501   -0.06039     -1.898    31.5500    23.8645 -9.990e-29
 286.499213     -1.897  36.658368    12.2513   -0.06040     -1.881    31.5472    23.8621 -9.990e-29
 286.499219     -1.887  36.659164    12.2524   -0.06040     -1.871    31.5471    23.8618 -9.990e-29
 286.499225     -1.881  36.661477    12.2532   -0.06039     -1.865    31.5486    23.8628 -9.990e-29
 286.499230     -1.876  36.663386    12.2537   -0.06039     -1.860    31.5500    23.8638 -9.990e-29
 286.499236     -1.867  36.663553    12.2537   -0.06039     -1.851    31.5502    23.8639 -9.990e-29
 286.499242     -1.853  36.662804    12.2538   -0.06040     -1.838    31.5494    23.8633 -9.990e-29
 286.499248     -1.833  36.662422    12.2539   -0.06041     -1.818    31.5489    23.8629 -9.990e-29
 286.499253     -1.811  36.661941    12.2537   -0.06041     -1.796    31.5486    23.8627 -9.990e-29
 286.499259     -1.794  36.660759    12.2528   -0.06041     -1.779    31.5482    23.8626 -9.990e-29
 286.499265     -1.780  36.659583    12.2518   -0.06041     -1.765    31.5479    23.8626 -9.990e-29
 286.499271     -1.764  36.659688    12.2512   -0.06041     -1.749    31.5485    23.8631 -9.990e-29
 286.499277     -1.750  36.661254    12.2514   -0.06042     -1.735    31.5499    23.8641 -9.990e-29
 286.499282     -1.736  36.663046    12.2518   -0.06041     -1.722    31.5512    23.8651 -9.990e-29
 286.499288     -1.718  36.663572    12.2511   17.01283     -1.704    31.5523    23.8661 -9.990e-29
 286.499294     -1.699  36.662452    12.2481   30.90180     -1.685    31.5538    23.8678 -9.990e-29
 286.499300     -1.682  36.661036    12.2442   33.10189     -1.668    31.5557    23.8700 -9.990e-29
 286.499306     -1.665  36.660840    12.2419   29.42824     -1.651    31.5574    23.8718 -9.990e-29
 286.499311     -1.647  36.661644    12.2417   19.63248     -1.633    31.5584    23.8725 -9.990e-29
 286.499317     -1.633  36.661756    12.2422   15.17930     -1.619    31.5580    23.8722 -9.990e-29
 286.499323     -1.624  36.659685    12.2419   15.23163     -1.610    31.5563    23.8709 -9.990e-29
 286.499329     -1.617  36.655513    12.2409   11.80635     -1.604    31.5532    23.8687 -9.990e-29
 286.499334     -1.606  36.651569    12.2405    5.69849     -1.593    31.5497    23.8661 -9.990e-29
 286.499340     -1.591  36.650482    12.2414    2.68112     -1.578    31.5479    23.8645 -9.990e-29
 286.499346     -1.571  36.650283    12.2436    1.84111     -1.558    31.5459    23.8625 -9.990e-29
 286.499352     -1.549  36.648506    12.2463    3.53816     -1.536    31.5419    23.8589 -9.990e-29
 286.499358     -1.532  36.647308    12.2478    5.65921     -1.519    31.5395    23.8568 -9.990e-29
 286.499363     -1.518  36.647374    12.2477    6.26736     -1.505    31.5396    23.8569 -9.990e-29
 286.499369     -1.504  36.647710    12.2473    6.63712     -1.491    31.5403    23.8575 -9.990e-29
 286.499375     -1.487  36.648248    12.2475    6.85357     -1.475    31.5406    23.8577 -9.990e-29
 286.499381     -1.468  36.648623    12.2481    6.98454     -1.456    31.5404    23.8575 -9.990e-29
 286.499387     -1.448  36.648814    12.2487    7.07181     -1.436    31.5401    23.8571 -9.990e-29
 286.499392     -1.431  36.648557    12.2490    7.13099     -1.419    31.5396    23.8566 -9.990e-29
 286.499398     -1.416  36.647550    12.2492    7.16087     -1.404    31.5385    23.8557 -9.990e-29
 286.499404     -1.401  36.647294    12.2497    7.19107     -1.389    31.5378    23.8551 -9.990e-29
 286.499410     -1.387  36.648612    12.2503    7.21133     -1.375    31.5385    23.8556 -9.990e-29
 286.499416     -1.372  36.649377    12.2503    7.23156     -1.361    31.5393    23.8561 -9.990e-29
 286.499421     -1.355  36.648406    12.2486    7.24732     -1.344    31.5398    23.8568 -9.990e-29
 286.499427     -1.334  36.645568    12.2455    7.25484     -1.323    31.5396    23.8573 -9.990e-29
 286.499433     -1.310  36.641043    12.2431    7.24586     -1.299    31.5373    23.8560 -9.990e-29
 286.499439     -1.284  36.637810    12.2429    7.24801     -1.273    31.5344    23.8538 -9.990e-29
 286.499444     -1.259  36.637764    12.2441    7.24952     -1.248    31.5333    23.8527 -9.990e-29
 286.499450     -1.234  36.639200    12.2451    7.25358     -1.224    31.5339    23.8529 -9.990e-29
 286.499456     -1.210  36.640711    12.2455    7.25374     -1.200    31.5350    23.8537 -9.990e-29
 286.499462     -1.192  36.642110    12.2458    7.24852     -1.182    31.5360    23.8545 -9.990e-29
 286.499468     -1.177  36.643062    12.2461    7.24671     -1.167    31.5367    23.8549 -9.990e-29
 286.499473     -1.165  36.643756    12.2464    7.24482     -1.155    31.5371    23.8552 -9.990e-29
 286.499479     -1.155  36.644595    12.2466    7.25183     -1.145    31.5377    23.8556 -9.990e-29
 286.499485     -1.146  36.645619    12.2472    7.24370     -1.136    31.5382    23.8559 -9.990e-29
 286.499491     -1.139  36.646553    12.2483    7.23844     -1.129    31.5382    23.8557 -9.990e-29
 286.499497     -1.131  36.647002    12.2494    7.23421     -1.122    31.5377    23.8551 -9.990e-29
 286.499502     -1.120  36.647043    12.2500    7.23500     -1.111    31.5372    23.8546 -9.990e-29
 286.499508     -1.098  36.646772    12.2500    7.23641     -1.089    31.5369    23.8544 -9.990e-29
 286.499514     -1.071  36.646431    12.2496    7.23315     -1.062    31.5369    23.8545 -9.990e-29
 286.499520     -1.039  36.646160    12.2487    7.22879     -1.030    31.5374    23.8550 -9.990e-29
 286.499525     -1.006  36.645615    12.2468    7.22928     -0.998    31.5385    23.8562 -9.990e-29
 286.499531     -0.978  36.644084    12.2435    7.22863     -0.970    31.5398    23.8578 -9.990e-29
 286.499537     -0.957  36.641213    12.2404    7.21752     -0.949    31.5396    23.8583 -9.990e-29
 286.499543     -0.942  36.638784    12.2394    7.20389     -0.934    31.5381    23.8573 -9.990e-29
 286.499549     -0.932  36.638041    12.2403    7.20195     -0.924    31.5367    23.8560 -9.990e-29
 286.499554     -0.926  36.637989    12.2412    7.20889     -0.918    31.5359    23.8552 -9.990e-29
 286.499560     -0.920  36.637998    12.2408    7.22450     -0.912    31.5362    23.8555 -9.990e-29
 286.499566     -0.909  36.636957    12.2390    7.24558     -0.901    31.5367    23.8563 -9.990e-29
 286.499572     -0.897  36.634040    12.2363    7.24867     -0.890    31.5362    23.8564 -9.990e-29
 286.499578     -0.887  36.630399    12.2340    7.24838     -0.880    31.5346    23.8556 -9.990e-29
 286.499583     -0.878  36.627905    12.2334    7.24248     -0.871    31.5328    23.8543 -9.990e-29
 286.499589     -0.870  36.627716    12.2341    7.23557     -0.863    31.5320    23.8535 -9.990e-29
 286.499595     -0.863  36.629017    12.2352    7.23231     -0.856    31.5323    23.8536 -9.990e-29
 286.499601     -0.855  36.630738    12.2367    7.22910     -0.848    31.5327    23.8536 -9.990e-29
 286.499606     -0.848  36.633492    12.2389    7.23066     -0.841    31.5335    23.8538 -9.990e-29
 286.499612     -0.839  36.636465    12.2405    7.22496     -0.832    31.5350    23.8546 -9.990e-29
 286.499618     -0.829  36.637453    12.2407    7.23267     -0.822    31.5357    23.8552 -9.990e-29
 286.499624     -0.816  36.637210    12.2396    7.23468     -0.809    31.5364    23.8559 -9.990e-29
 286.499630     -0.801  36.636533    12.2373    7.23258     -0.794    31.5377    23.8574 -9.990e-29
 286.499635     -0.786  36.634519    12.2345    7.23424     -0.779    31.5381    23.8582 -9.990e-29
 286.499641     -0.774  36.631283    12.2311    7.23542     -0.768    31.5379    23.8587 -9.990e-29
 286.499647     -0.761  36.626432    12.2270    7.23199     -0.755    31.5367    23.8585 -9.990e-29
 286.499653     -0.746  36.620786    12.2245    7.23320     -0.740    31.5334    23.8564 -9.990e-29
 286.499659     -0.732  36.617466    12.2244    7.23806     -0.726    31.5303    23.8540 -9.990e-29
 286.499664     -0.719  36.617087    12.2253    7.23954     -0.713    31.5292    23.8530 -9.990e-29
 286.499670     -0.709  36.618020    12.2257    7.24241     -0.703    31.5297    23.8533 -9.990e-29
 286.499676     -0.701  36.618707    12.2243    7.24601     -0.695    31.5315    23.8550 -9.990e-29
 286.499682     -0.688  36.617259    12.2216    7.24486     -0.682    31.5324    23.8562 -9.990e-29
 286.499687     -0.668  36.614547    12.2206    7.25243     -0.662    31.5307    23.8550 -9.990e-29
 286.499693     -0.649  36.614800    12.2230    7.24586     -0.644    31.5289    23.8532 -9.990e-29
 286.499699     -0.633  36.618354    12.2265    7.24082     -0.628    31.5293    23.8529 -9.990e-29
 286.499705     -0.619  36.622098    12.2290    7.23297     -0.614    31.5308    23.8536 -9.990e-29
 286.499711     -0.607  36.625979    12.2310    7.22958     -0.602    31.5328    23.8548 -9.990e-29
 286.499716     -0.596  36.629565    12.2326    7.22744     -0.591    31.5349    23.8561 -9.990e-29
