data/oxygen options/OCNMS/OCNMS2/raw_data/2007/CTD_CA100_071007faedb.cnv
* Sea-Bird SBE19 Data File:
* FileName = C:\2007_mooring_data\CTD_CA100_071007.hex
* Software Version 1.1.6
* Temperature SN = 2997
* Conductivity SN = 2997
* System UpLoad Time = Jul 10 2007 13:26:48
* SEACAT PROFILER V3.1c SN 2997   07/10/07  13:26:28.055
* strain gauge pressure sensor: S/N = 184829,  range = 3000 psia,  tc = 40
# nquan = 9
# nvalues = 98                          
# units = specified
# name 0 = timeJ: Julian Days
# name 1 = prSM: Pressure, Strain Gauge [db]
# name 2 = c0mS/cm: Conductivity [mS/cm]
# name 3 = t090C: Temperature [ITS-90, deg C]
# name 4 = oxML/L: Oxygen, Beckman/YSI [ml/l]
# name 5 = depSM: Depth [salt water, m], lat = 47.5
# name 6 = sal00: Salinity, Practical [PSU]
# name 7 = sigma-é00: Density [sigma-theta, kg/m^3]
# name 8 = flag: flag
# span 0 = 191.553795, 191.554806       
# span 1 =      1.000,     98.000       
# span 2 =  33.807357,  39.031872       
# span 3 =     6.4714,    14.6368       
# span 4 =    1.89264,    7.12082       
# span 5 =      0.991,     97.159       
# span 6 =    31.6030,    33.9383       
# span 7 =    23.5653,    26.6496       
# span 8 = 0.0000e+00, 0.0000e+00       
# interval = decibars: 1                
# start_time = Jul 10 2007 13:14:02 [Instrument's time stamp, header]
# bad_flag = -9.990e-29
*END*
 191.553795      1.000  39.031872    14.6368    6.78573      0.991    31.7765    23.5653 0.0000e+00
 191.553817      2.000  38.878153    14.4238    6.90705      1.984    31.8110    23.6364 0.0000e+00
 191.553832      3.000  38.647935    14.2055    6.68086      2.975    31.7798    23.6577 0.0000e+00
 191.553844      4.000  38.471311    14.0023    6.85320      3.967    31.7849    23.7034 0.0000e+00
 191.553856      5.000  38.233748    13.7042    7.12082      4.958    31.8121    23.7849 0.0000e+00
 191.553867      6.000  37.821592    13.3326    7.06845      5.950    31.7373    23.8012 0.0000e+00
 191.553878      7.000  37.459696    13.0797    6.53768      6.942    31.6089    23.7518 0.0000e+00
 191.553890      8.000  37.298537    12.9049    5.66756      7.933    31.6030    23.7812 0.0000e+00
 191.553901      9.000  37.187360    12.5406    4.88024      8.925    31.8038    24.0065 0.0000e+00
 191.553913     10.000  36.907080    11.9190    4.46805      9.916    32.0653    24.3254 0.0000e+00
 191.553923     11.000  36.452168    11.1627    4.35995     10.908    32.2776    24.6276 0.0000e+00
 191.553933     12.000  35.837600    10.3759    4.29441     11.900    32.3613    24.8293 0.0000e+00
 191.553943     13.000  35.267549     9.7376    4.14593     12.891    32.3553    24.9304 0.0000e+00
 191.553954     14.000  34.982813     9.5342    4.13238     13.883    32.2472    24.8792 0.0000e+00
 191.553966     15.000  35.052746     9.6624    4.03570     14.874    32.2032    24.8242 0.0000e+00
 191.553977     16.000  35.025526     9.4802    3.89901     15.866    32.3388    24.9594 0.0000e+00
 191.553988     17.000  34.878769     9.2549    3.83530     16.857    32.3913    25.0362 0.0000e+00
 191.553999     18.000  34.781784     9.0974    3.81611     17.849    32.4338    25.0943 0.0000e+00
 191.554009     19.000  34.730793     8.9944    3.84316     18.841    32.4743    25.1421 0.0000e+00
 191.554020     20.000  34.731599     8.9349    3.86339     19.832    32.5292    25.1942 0.0000e+00
 191.554032     21.000  34.735699     8.8977    3.84672     20.824    32.5671    25.2296 0.0000e+00
 191.554042     22.000  34.729570     8.8558    3.75684     21.815    32.5987    25.2609 0.0000e+00
 191.554052     23.000  34.698390     8.7864    3.65661     22.807    32.6296    25.2958 0.0000e+00
 191.554062     24.000  34.650412     8.7032    3.55598     23.798    32.6557    25.3289 0.0000e+00
 191.554074     25.000  34.585914     8.5870    3.45665     24.790    32.6951    25.3774 0.0000e+00
 191.554087     26.000  34.500608     8.4359    3.40765     25.781    32.7451    25.4393 0.0000e+00
 191.554100     27.000  34.434022     8.3341    3.39016     26.773    32.7690    25.4734 0.0000e+00
 191.554113     28.000  34.414389     8.2861    3.27751     27.764    32.7926    25.4989 0.0000e+00
 191.554124     29.000  34.393484     8.2312    3.14228     28.756    32.8212    25.5296 0.0000e+00
 191.554135     30.000  34.353695     8.1488    3.02821     29.747    32.8557    25.5687 0.0000e+00
 191.554146     31.000  34.272041     7.9968    2.96292     30.739    32.9111    25.6344 0.0000e+00
 191.554158     32.000  34.183934     7.8696    2.95013     31.730    32.9363    25.6727 0.0000e+00
 191.554170     33.000  34.158521     7.8301    2.97404     32.722    32.9460    25.6860 0.0000e+00
 191.554183     34.000  34.153506     7.8097    3.09811     33.713    32.9594    25.6994 0.0000e+00
 191.554196     35.000  34.140004     7.7557    3.29179     34.705    32.9955    25.7355 0.0000e+00
 191.554206     36.000  34.092835     7.6711    3.37449     35.696    33.0245    25.7704 0.0000e+00
 191.554217     37.000  34.032509     7.5971    3.37594     36.688    33.0295    25.7848 0.0000e+00
 191.554227     38.000  34.012756     7.5611    3.37177     37.679    33.0419    25.7997 0.0000e+00
 191.554236     39.000  34.002426     7.5438    3.35989     38.671    33.0467    25.8059 0.0000e+00
 191.554246     40.000  33.996374     7.5336    3.30917     39.662    33.0494    25.8095 0.0000e+00
 191.554254     41.000  33.991219     7.5237    3.23319     40.654    33.0528    25.8136 0.0000e+00
 191.554263     42.000  33.991616     7.5152    3.18353     41.645    33.0609    25.8211 0.0000e+00
 191.554272     43.000  34.000987     7.5031    3.13598     42.636    33.0820    25.8394 0.0000e+00
 191.554280     44.000  34.009200     7.4867    3.11551     43.628    33.1061    25.8606 0.0000e+00
 191.554288     45.000  34.010992     7.4763    3.10658     44.620    33.1175    25.8711 0.0000e+00
 191.554297     46.000  34.010780     7.4694    3.07767     45.611    33.1234    25.8767 0.0000e+00
 191.554306     47.000  34.009940     7.4595    3.06037     46.603    33.1314    25.8844 0.0000e+00
 191.554315     48.000  34.008219     7.4426    3.04094     47.594    33.1453    25.8977 0.0000e+00
 191.554324     49.000  34.004851     7.4188    3.03349     48.585    33.1639    25.9158 0.0000e+00
 191.554332     50.000  34.000199     7.3945    3.02159     49.577    33.1817    25.9331 0.0000e+00
 191.554341     51.000  33.996759     7.3773    3.02482     50.568    33.1939    25.9451 0.0000e+00
 191.554350     52.000  33.994983     7.3640    3.00451     51.560    33.2043    25.9551 0.0000e+00
 191.554359     53.000  33.993534     7.3350    2.93860     52.551    33.2300    25.9794 0.0000e+00
 191.554368     54.000  33.989359     7.2943    2.86666     53.543    33.2642    26.0119 0.0000e+00
 191.554378     55.000  33.980672     7.2444    2.77149     54.534    33.3023    26.0488 0.0000e+00
 191.554388     56.000  33.970822     7.1925    2.68255     55.526    33.3411    26.0865 0.0000e+00
 191.554396     57.000  33.960952     7.1528    2.62943     56.516    33.3683    26.1133 0.0000e+00
 191.554406     58.000  33.954726     7.1327    2.57360     57.508    33.3804    26.1257 0.0000e+00
 191.554416     59.000  33.951561     7.1178    2.52169     58.499    33.3908    26.1360 0.0000e+00
 191.554424     60.000  33.949323     7.1013    2.47175     59.491    33.4039    26.1485 0.0000e+00
 191.554434     61.000  33.944704     7.0794    2.39996     60.482    33.4197    26.1640 0.0000e+00
 191.554443     62.000  33.938871     7.0511    2.34180     61.474    33.4403    26.1841 0.0000e+00
 191.554453     63.000  33.933200     7.0189    2.32656     62.465    33.4648    26.2077 0.0000e+00
 191.554462     64.000  33.927984     6.9917    2.31127     63.456    33.4850    26.2273 0.0000e+00
 191.554471     65.000  33.921739     6.9713    2.30784     64.447    33.4975    26.2400 0.0000e+00
 191.554479     66.000  33.916737     6.9568    2.29536     65.439    33.5057    26.2484 0.0000e+00
 191.554488     67.000  33.914187     6.9477    2.31097     66.430    33.5113    26.2540 0.0000e+00
 191.554497     68.000  33.910660     6.9352    2.34223     67.422    33.5192    26.2620 0.0000e+00
 191.554506     69.000  33.900699     6.9111    2.37930     68.412    33.5313    26.2747 0.0000e+00
 191.554517     70.000  33.884370     6.8797    2.39719     69.404    33.5435    26.2886 0.0000e+00
 191.554527     71.000  33.871313     6.8566    2.40961     70.396    33.5511    26.2977 0.0000e+00
 191.554537     72.000  33.863222     6.8346    2.41557     71.387    33.5633    26.3102 0.0000e+00
 191.554547     73.000  33.853855     6.8055    2.42455     72.378    33.5809    26.3281 0.0000e+00
 191.554556     74.000  33.841613     6.7649    2.42079     73.369    33.6067    26.3538 0.0000e+00
 191.554565     75.000  33.828130     6.7169    2.40751     74.361    33.6385    26.3852 0.0000e+00
 191.554574     76.000  33.814906     6.6722    2.39028     75.352    33.6673    26.4139 0.0000e+00
 191.554582     77.000  33.807357     6.6434    2.36142     76.344    33.6867    26.4331 0.0000e+00
 191.554592     78.000  33.809344     6.6234    2.33648     77.335    33.7082    26.4527 0.0000e+00
 191.554602     79.000  33.813733     6.6020    2.29735     78.325    33.7336    26.4755 0.0000e+00
 191.554611     80.000  33.815628     6.5797    2.25015     79.317    33.7573    26.4971 0.0000e+00
 191.554622     81.000  33.814607     6.5613    2.18939     80.308    33.7738    26.5126 0.0000e+00
 191.554631     82.000  33.814441     6.5374    2.11840     81.300    33.7967    26.5338 0.0000e+00
 191.554640     83.000  33.816337     6.5079    2.07002     82.291    33.8276    26.5620 0.0000e+00
 191.554650     84.000  33.820223     6.4829    2.02881     83.282    33.8561    26.5878 0.0000e+00
 191.554658     85.000  33.826890     6.4714    1.97647     84.273    33.8745    26.6038 0.0000e+00
 191.554666     86.000  33.842623     6.4758    1.94178     85.265    33.8871    26.6133 0.0000e+00
 191.554675     87.000  33.869647     6.4876    1.91623     86.256    33.9049    26.6257 0.0000e+00
 191.554685     88.000  33.896646     6.4969    1.91694     87.247    33.9252    26.6406 0.0000e+00
 191.554693     89.000  33.909858     6.5016    1.90479     88.238    33.9347    26.6474 0.0000e+00
 191.554704     90.000  33.913082     6.5032    1.91434     89.229    33.9362    26.6484 0.0000e+00
 191.554716     91.000  33.914982     6.5045    1.91351     90.220    33.9365    26.6485 0.0000e+00
 191.554727     92.000  33.915524     6.5050    1.90564     91.212    33.9362    26.6482 0.0000e+00
 191.554740     93.000  33.916279     6.5052    1.91518     92.203    33.9363    26.6482 0.0000e+00
 191.554751     94.000  33.918225     6.5061    1.90800     93.194    33.9371    26.6488 0.0000e+00
 191.554763     95.000  33.919551     6.5062    1.90567     94.186    33.9379    26.6494 0.0000e+00
 191.554775     96.000  33.920894     6.5069    1.89264     95.177    33.9382    26.6495 0.0000e+00
 191.554788     97.000  33.922071     6.5076    1.89455     96.168    33.9383    26.6496 0.0000e+00
 191.554806     98.000  33.921544     6.5081    1.89441     97.159    33.9368    26.6483 0.0000e+00
