data/oxygen options/OCNMS/OCNMS2/raw_data/2007/CTD_CA100_052907faed.cnv
* Sea-Bird SBE19 Data File:
* FileName = C:\2007_mooring_data\DO_CA100_052907.hex
* Software Version 1.1.6
* Temperature SN = 2997
* Conductivity SN = 2997
* System UpLoad Time = May 29 2007 13:26:09
* SEACAT PROFILER V3.1c SN 2997   05/29/07  13:25:27.731
* strain gauge pressure sensor: S/N = 184829,  range = 3000 psia,  tc = 40
# nquan = 9                                 
# nvalues = 1030                        
# units = specified
# name 0 = timeJ: Julian Days
# name 1 = prSM: Pressure, Strain Gauge [db]
# name 2 = c0mS/cm: Conductivity [mS/cm]
# name 3 = t090C: Temperature [ITS-90, deg C]
# name 4 = oxML/L: Oxygen, Beckman/YSI [ml/l]
# name 5 = depSM: Depth [salt water, m], lat = 47.5
# name 6 = sal00: Salinity, Practical [PSU]
# name 7 = sigma-é00: Density [sigma-theta, kg/m^3]
# name 8 = flag: flag
# span 0 = 149.552743, 149.558698       
# span 1 =     -5.756,     99.354       
# span 2 =   0.499320,  36.707196       
# span 3 =     6.6463,    13.9096       
# span 4 =  -12.85381,   33.65667       
# span 5 =     -5.708,     98.501       
# span 6 =     0.3137,    33.9195       
# span 7 =    -0.4346,    26.6160       
# span 8 = 0.0000e+00, 0.0000e+00       
# interval = seconds: 0.5
# start_time = May 29 2007 13:15:57 [Instrument's time stamp, header]
# bad_flag = -9.990e-29
*END*
[from data line 961]
 149.558304     15.274  33.757507     8.3340    6.17449     15.146    32.0607    24.9179 0.0000e+00
 149.558310     14.725  33.786478     8.3600    6.20209     14.602    32.0677    24.9196 0.0000e+00
 149.558316     14.185  33.807870     8.3717    6.21514     14.066    32.0798    24.9273 0.0000e+00
 149.558322     13.656  33.821645     8.3783    6.22733     13.542    32.0886    24.9332 0.0000e+00
 149.558328     13.128  33.828997     8.3868    6.26806     13.018    32.0888    24.9321 0.0000e+00
 149.558333     12.595  33.833009     8.4039    6.26638     12.490    32.0777    24.9208 0.0000e+00
 149.558339     12.052  33.835300     8.4372    6.23663     11.951    32.0500    24.8942 0.0000e+00
 149.558345     11.508  33.837248     8.4910    6.21790     11.412    32.0034    24.8497 0.0000e+00
 149.558351     10.971  33.843882     8.5582    6.22284     10.879    31.9497    24.7976 0.0000e+00
 149.558356     10.440  33.861253     8.6244    6.28170     10.353    31.9083    24.7553 0.0000e+00
 149.558362      9.921  33.893481     8.6833    6.35538      9.838    31.8891    24.7314 0.0000e+00
 149.558368      9.416  33.939839     8.7367    6.42323      9.337    31.8895    24.7237 0.0000e+00
 149.558374      8.912  33.981448     8.7943    6.49124      8.837    31.8813    24.7085 0.0000e+00
 149.558380      8.400  34.007668     8.8754    6.58758      8.330    31.8359    24.6606 0.0000e+00
 149.558385      7.878  34.047864     8.9780    6.68389      7.812    31.7859    24.6058 0.0000e+00
 149.558391      7.346  34.120332     9.0839    6.75393      7.285    31.7665    24.5743 0.0000e+00
 149.558397      6.809  34.210184     9.1936    6.81987      6.752    31.7617    24.5535 0.0000e+00
 149.558403      6.275  34.310583     9.3081    6.89754      6.223    31.7634    24.5369 0.0000e+00
 149.558409      5.750  34.414177     9.4297    6.98028      5.702    31.7619    24.5166 0.0000e+00
 149.558414      5.230  34.512270     9.5754    7.13608      5.186    31.7334    24.4711 0.0000e+00
 149.558420      4.711  34.625260     9.7366    7.31094      4.672    31.7064    24.4242 0.0000e+00
 149.558426      4.200  34.756408     9.8752    7.51155      4.165    31.7177    24.4105 0.0000e+00
 149.558432      3.703  34.869859     9.9724    7.63441      3.672    31.7472    24.4177 0.0000e+00
 149.558438      3.221  34.950441    10.0360    7.69764      3.194    31.7729    24.4273 0.0000e+00
 149.558443      2.760  35.013139    10.0842    7.68254      2.737    31.7940    24.4358 0.0000e+00
 149.558449      2.322  35.074300    10.1451    7.61084      2.303    31.8023    24.4322 0.0000e+00
 149.558455      1.916  35.138690    10.2407    7.48331      1.900    31.7834    24.4015 0.0000e+00
 149.558461      1.550  35.212012    10.3480    7.32850      1.537    31.7632    24.3678 0.0000e+00
 149.558466      1.234  35.320290    10.4148    7.99627      1.224    31.8133    24.3956 0.0000e+00
 149.558472      0.975  35.433019    10.4347    8.08347      0.967    31.9088    24.4666 0.0000e+00
 149.558478      0.763  35.486391    10.4382    7.94190      0.757    31.9592    24.5053 0.0000e+00
 149.558484      0.582  35.494406    10.4332    7.86924      0.577    31.9717    24.5159 0.0000e+00
 149.558490      0.420  35.481201    10.4247    7.70523      0.416    31.9660    24.5129 0.0000e+00
 149.558495      0.280  35.446550    10.4307    7.55446      0.278    31.9261    24.4808 -9.990e-29
 149.558501      0.165  35.375082    10.4510    7.50401      0.164    31.8369    24.4078 -9.990e-29
 149.558507      0.077  35.184397    10.4734    7.53133      0.076    31.6270    24.2405 -9.990e-29
 149.558513      0.015  34.649959    10.4939    7.57994      0.015    31.0766    23.8084 -9.990e-29
 149.558519     -0.031  33.128138    10.5127    7.60003     -0.031    29.5519    22.6184 -9.990e-29
 149.558524     -0.070  28.653750    10.5294    7.62728     -0.069    25.1643    19.2040 -9.990e-29
 149.558530     -0.106  21.222801    10.5426    7.65144     -0.105    18.0978    13.7170 -9.990e-29
 149.558536     -0.137  14.572566    10.5524    7.67272     -0.136    12.0183     9.0014 -9.990e-29
 149.558542     -0.165  10.079506    10.5624    7.70378     -0.164     8.0661     5.9344 -9.990e-29
 149.558547     -0.187   6.697920    10.5765    7.70848     -0.185     5.1971     3.7045 -9.990e-29
 149.558553     -0.204   4.550492    10.5937    7.71270     -0.202     3.4370     2.3333 -9.990e-29
 149.558559     -0.218   3.738735    10.6099    7.71538     -0.216     2.7873     1.8255 -9.990e-29
 149.558565     -0.221   3.672071    10.6231    7.71901     -0.219     2.7335     1.7822 -9.990e-29
 149.558571     -0.217   3.622769    10.6337    7.73085     -0.215     2.6938     1.7502 -9.990e-29
 149.558576     -0.215   3.365703    10.6438   -4.03718     -0.213     2.4906     1.5907 -9.990e-29
 149.558582     -0.210   3.054229    10.6562  -11.49060     -0.208     2.2462     1.3988 -9.990e-29
 149.558588     -0.203   2.742427    10.6710  -12.85381     -0.201     2.0033     1.2078 -9.990e-29
 149.558594     -0.200   2.479384    10.6858   -9.73952     -0.198     1.7999     1.0476 -9.990e-29
 149.558600     -0.203   2.303077    10.7006   -2.24480     -0.201     1.6643     0.9402 -9.990e-29
 149.558605     -0.206   2.170532    10.7168   -0.37996     -0.204     1.5627     0.8592 -9.990e-29
 149.558611     -0.215   2.047696    10.7335   -0.16888     -0.213     1.4689     0.7843 -9.990e-29
 149.558617     -0.230   1.928440    10.7490   -0.10934     -0.228     1.3784     0.7120 -9.990e-29
 149.558623     -0.243   1.810845    10.7628   -0.08631     -0.241     1.2895     0.6412 -9.990e-29
 149.558628     -0.250   1.699079    10.7739   -0.07489     -0.248     1.2056     0.5744 -9.990e-29
 149.558634     -0.254   1.641697    10.7816   -0.07531     -0.252     1.1626     0.5400 -9.990e-29
 149.558640     -0.252   1.796372    10.7876   -0.07549     -0.250     1.2778     0.6295 -9.990e-29
 149.558646     -0.250   2.127844    10.7939 -9.990e-29     -0.248     1.5271     0.8236 -9.990e-29
 149.558652     -0.253   2.428668    10.8003 -9.990e-29     -0.251     1.7556     1.0013 -9.990e-29
 149.558657     -0.255   2.887963    10.8067 -9.990e-29     -0.253     2.1082     1.2757 -9.990e-29
 149.558663     -0.252   3.389820    10.8143 -9.990e-29     -0.250     2.4980     1.5787 -9.990e-29
 149.558669     -0.245   3.431928    10.8226 -9.990e-29     -0.243     2.5304     1.6031 -9.990e-29
 149.558675     -0.233   3.288946    10.8288 -9.990e-29     -0.231     2.4183     1.5150 -9.990e-29
 149.558681     -0.219   3.452483    10.8297 -9.990e-29     -0.217     2.5460     1.6145 -9.990e-29
 149.558686     -0.211   3.816147    10.8253 -9.990e-29     -0.209     2.8321     1.8378 -9.990e-29
 149.558692     -0.210   3.950331    10.8221 -9.990e-29     -0.208     2.9383     1.9209 -9.990e-29
 149.558698     -0.209   3.738902 -9.990e-29 -9.990e-29     -0.207 -9.990e-29 -9.990e-29 -9.990e-29
