data/oxygen options/OCNMS/OCNMS2/raw_data/2007/CTD_TH100_071207faed.cnv
* Sea-Bird SBE19 Data File:
* FileName = C:\2007_mooring_data\CTD_TH100_071207.hex
* Software Version 1.1.6
* Temperature SN = 2997
* Conductivity SN = 2997
* System UpLoad Time = Jul 12 2007 09:13:44
* SEACAT PROFILER V3.1c SN 2997   07/12/07  09:13:13.914
* strain gauge pressure sensor: S/N = 184829,  range = 3000 psia,  tc = 40
# nquan = 9                                 
# nvalues = 768                         
# units = specified
# name 0 = timeJ: Julian Days
# name 1 = prSM: Pressure, Strain Gauge [db]
# name 2 = c0mS/cm: Conductivity [mS/cm]
# name 3 = t090C: Temperature [ITS-90, deg C]
# name 4 = oxML/L: Oxygen, Beckman/YSI [ml/l]
# name 5 = depSM: Depth [salt water, m], lat = 47.5
# name 6 = sal00: Salinity, Practical [PSU]
# name 7 = sigma-é00: Density [sigma-theta, kg/m^3]
# name 8 = flag: flag
# span 0 = 193.379039, 193.383478       
# span 1 =     -5.736,     99.841       
# span 2 =   0.206590,  38.887956       
# span 3 =     6.6398,    14.8820       
# span 4 =   -0.05716,   29.24150       
# span 5 =     -5.688,     98.984       
# span 6 =     0.1234,    33.9008       
# span 7 =    -0.7805,    26.6022       
# span 8 = 0.0000e+00, 0.0000e+00       
# interval = seconds: 0.5
# start_time = Jul 12 2007 09:05:49 [Instrument's time stamp, header]
# bad_flag = -9.990e-29
*END*
 193.379039     -5.734 -9.990e-29    14.8423   -0.05701     -5.686 -9.990e-29 -9.990e-29 -9.990e-29
 193.379045     -5.736   0.206590    14.8489   -0.05648     -5.688     0.1234    -0.7805 -9.990e-29
 193.379051     -5.730   0.272735    14.8535   -0.05648     -5.682     0.1633    -0.7503 -9.990e-29
 193.379057     -5.717   0.277510    14.8553   -0.05648     -5.669     0.1662    -0.7484 -9.990e-29
 193.379063     -5.691   0.249465    14.8556   -0.05648     -5.644     0.1492    -0.7616 -9.990e-29
 193.379068     -5.650   0.250654    14.8560   -0.05648     -5.603     0.1499    -0.7611 -9.990e-29
 193.379074     -5.602   0.327066    14.8574   -0.05649     -5.555     0.1963    -0.7253 -9.990e-29
 193.379080     -5.546   0.616801    14.8596   -0.05683     -5.500     0.3768    -0.5858 -9.990e-29
 193.379086     -5.479   1.533831    14.8621   -0.05648     -5.433     0.9736    -0.1247 -9.990e-29
 193.379091     -5.398   4.312103    14.8672   -0.05716     -5.353     2.9014     1.3600 -9.990e-29
 193.379097     -5.296  12.659306    14.8741   -0.05651     -5.252     9.2085     6.1983 -9.990e-29
 193.379103     -5.173  25.363341    14.8774   -0.05649     -5.130    19.6188    14.1737 -9.990e-29
 193.379109     -5.036  34.137323    14.8773   -0.05648     -4.994    27.2168    20.0060 -9.990e-29
 193.379115     -4.903  37.250364    14.8779   -0.05648     -4.862    29.9830    22.1333 -9.990e-29
 193.379120     -4.787  38.291267    14.8788   -0.05648     -4.747    30.9154    22.8508 -9.990e-29
 193.379126     -4.694  38.621473    14.8786   -0.05648     -4.655    31.2124    23.0795 -9.990e-29
 193.379132     -4.617  38.666606    14.8775   -0.05649     -4.579    31.2539    23.1116 -9.990e-29
 193.379138     -4.547  38.499673    14.8769   -0.05649     -4.509    31.1042    22.9965 -9.990e-29
 193.379144     -4.485  38.286073    14.8762   -0.05649     -4.448    30.9127    22.8493 -9.990e-29
 193.379149     -4.434  38.095333    14.8738   -0.05649     -4.397    30.7433    22.7193 -9.990e-29
 193.379155     -4.396  38.006646    14.8710   -0.05649     -4.359    30.6659    22.6603 -9.990e-29
 193.379161     -4.364  38.291357    14.8695   -0.05649     -4.328    30.9227    22.8584 -9.990e-29
 193.379167     -4.333  38.644955    14.8689   -0.05649     -4.297    31.2412    23.1037 -9.990e-29
 193.379172     -4.299  38.780193    14.8689   -0.05649     -4.263    31.3629    23.1974 -9.990e-29
 193.379178     -4.260  38.830772    14.8691   -0.05649     -4.224    31.4083    23.2323 -9.990e-29
 193.379184     -4.219  38.847237    14.8688   -0.05649     -4.184    31.4233    23.2440 -9.990e-29
 193.379190     -4.177  38.848666    14.8683   -0.05650     -4.142    31.4250    23.2454 -9.990e-29
 193.379196     -4.132  38.846990    14.8676   -0.05649     -4.098    31.4240    23.2448 -9.990e-29
 193.379201     -4.084  38.846634    14.8662   -0.05649     -4.050    31.4248    23.2457 -9.990e-29
 193.379207     -4.036  38.848738    14.8647   -0.05650     -4.002    31.4279    23.2484 -9.990e-29
 193.379213     -3.984  38.853793    14.8642   -0.05650     -3.951    31.4328    23.2523 -9.990e-29
 193.379219     -3.933  38.858936    14.8643   -0.05650     -3.900    31.4374    23.2558 -9.990e-29
 193.379225     -3.894  38.861420    14.8643   -0.05650     -3.862    31.4396    23.2575 -9.990e-29
 193.379230     -3.858  38.859438    14.8640   -0.05650     -3.826    31.4380    23.2563 -9.990e-29
 193.379236     -3.807  38.854206    14.8635   -0.05650     -3.775    31.4337    23.2531 -9.990e-29
 193.379242     -3.730  38.849334    14.8626   -0.05650     -3.699    31.4300    23.2505 -9.990e-29
 193.379248     -3.629  38.847792    14.8617   -0.05650     -3.599    31.4293    23.2501 -9.990e-29
 193.379253     -3.520  38.853060    14.8610   -0.05649     -3.491    31.4346    23.2543 -9.990e-29
 193.379259     -3.421  38.861434    14.8599   -0.05650     -3.392    31.4430    23.2610 -9.990e-29
 193.379265     -3.339  38.863259    14.8588   -0.05649     -3.311    31.4455    23.2632 -9.990e-29
 193.379271     -3.264  38.859216    14.8583   -0.05650     -3.237    31.4422    23.2608 -9.990e-29
 193.379277     -3.192  38.858424    14.8588   -0.05650     -3.165    31.4411    23.2598 -9.990e-29
 193.379282     -3.127  38.862562    14.8603   -0.05649     -3.101    31.4436    23.2614 -9.990e-29
 193.379288     -3.069  38.866983    14.8620   -0.05650     -3.043    31.4462    23.2630 -9.990e-29
 193.379294     -3.014  38.867977    14.8633   -0.05650     -2.989    31.4460    23.2626 -9.990e-29
 193.379300     -2.962  38.865118    14.8641   -0.05650     -2.937    31.4428    23.2600 -9.990e-29
 193.379306     -2.916  38.862377    14.8644   -0.05649     -2.892    31.4400    23.2578 -9.990e-29
 193.379311     -2.868  38.863320    14.8645   -0.05650     -2.844    31.4408    23.2584 -9.990e-29
 193.379317     -2.814  38.866893    14.8646   -0.05650     -2.791    31.4439    23.2607 -9.990e-29
 193.379323     -2.760  38.869939    14.8650   -0.05649     -2.737    31.4463    23.2625 -9.990e-29
 193.379329     -2.706  38.870278    14.8655   -0.05650     -2.683    31.4462    23.2623 -9.990e-29
 193.379334     -2.655  38.868293    14.8658   -0.05650     -2.633    31.4441    23.2607 -9.990e-29
 193.379340     -2.610  38.868000    14.8658   -0.05650     -2.588    31.4438    23.2605 -9.990e-29
 193.379346     -2.573  38.870058    14.8660   -0.05649     -2.552    31.4455    23.2617 -9.990e-29
 193.379352     -2.542  38.869850    14.8664   -0.05649     -2.521    31.4450    23.2612 -9.990e-29
 193.379358     -2.515  38.867029    14.8668   -0.05649     -2.494    31.4421    23.2589 -9.990e-29
 193.379363     -2.486  38.865616    14.8671   -0.05649     -2.465    31.4406    23.2577 -9.990e-29
 193.379369     -2.453  38.867023    14.8674   -0.05651     -2.433    31.4416    23.2584 -9.990e-29
 193.379375     -2.426  38.869691    14.8677   -0.05649     -2.406    31.4438    23.2600 -9.990e-29
 193.379381     -2.409  38.870940    14.8677   -0.05649     -2.389    31.4449    23.2609 -9.990e-29
 193.379387     -2.392  38.869558    14.8676   -0.05649     -2.372    31.4437    23.2600 -9.990e-29
 193.379392     -2.369  38.867560    14.8679   -0.05649     -2.349    31.4417    23.2584 -9.990e-29
 193.379398     -2.344  38.867823    14.8686   -0.05649     -2.324    31.4413    23.2579 -9.990e-29
 193.379404     -2.322  38.870066    14.8691   -0.05649     -2.303    31.4429    23.2591 -9.990e-29
 193.379410     -2.304  38.871041    14.8694   -0.05649     -2.285    31.4436    23.2595 -9.990e-29
 193.379416     -2.278  38.869736    14.8696   -0.05650     -2.259    31.4422    23.2584 -9.990e-29
 193.379421     -2.244  38.868268    14.8700   -0.05649     -2.225    31.4406    23.2571 -9.990e-29
 193.379427     -2.212  38.865169    14.8703   -0.05650     -2.194    31.4375    23.2547 -9.990e-29
 193.379433     -2.193  38.864090    14.8701   -0.05650     -2.175    31.4367    23.2541 -9.990e-29
 193.379439     -2.186  38.870812    14.8694   -0.05649     -2.168    31.4433    23.2593 -9.990e-29
 193.379444     -2.177  38.876280    14.8689   -0.05650     -2.159    31.4486    23.2635 -9.990e-29
 193.379450     -2.158  38.876500    14.8688   -0.05650     -2.140    31.4489    23.2637 -9.990e-29
 193.379456     -2.131  38.877307    14.8691   -0.05650     -2.113    31.4494    23.2641 -9.990e-29
 193.379462     -2.103  38.879145    14.8692   -0.05650     -2.085    31.4510    23.2652 -9.990e-29
 193.379468     -2.076  38.880467    14.8688   -0.05650     -2.059    31.4525    23.2665 -9.990e-29
 193.379473     -2.050  38.880722    14.8681   -0.05650     -2.033    31.4532    23.2672 -9.990e-29
 193.379479     -2.022  38.880183    14.8677   -0.05650     -2.005    31.4531    23.2672 -9.990e-29
 193.379485     -1.991  38.880304    14.8677   -0.05650     -1.974    31.4532    23.2673 -9.990e-29
 193.379491     -1.962  38.881737    14.8678   -0.05651     -1.946    31.4544    23.2682 -9.990e-29
 193.379497     -1.944  38.882958    14.8676   -0.05650     -1.928    31.4556    23.2692 -9.990e-29
 193.379502     -1.930  38.882719    14.8672   -0.05650     -1.914    31.4557    23.2693 -9.990e-29
 193.379508     -1.916  38.881194    14.8668   -0.05650     -1.900    31.4547    23.2686 -9.990e-29
 193.379514     -1.900  38.880208    14.8664   -0.05651     -1.884    31.4541    23.2683 -9.990e-29
 193.379520     -1.881  38.880619    14.8661   -0.05651     -1.865    31.4547    23.2688 -9.990e-29
 193.379525     -1.858  38.880663    14.8657   -0.05651     -1.843    31.4551    23.2691 -9.990e-29
 193.379531     -1.831  38.879767    14.8650   -0.05650     -1.816    31.4548    23.2691 -9.990e-29
 193.379537     -1.796  38.878911    14.8642   -0.05651     -1.781    31.4547    23.2692 -9.990e-29
 193.379543     -1.756  38.879128    14.8639   -0.05651     -1.741    31.4551    23.2695 -9.990e-29
 193.379549     -1.721  38.880638    14.8640   -0.05651     -1.707    31.4564    23.2705 -9.990e-29
 193.379554     -1.699  38.882016    14.8637   -0.05651     -1.685    31.4578    23.2717 -9.990e-29
 193.379560     -1.682  38.881666    14.8627   -0.05651     -1.668    31.4583    23.2723 -9.990e-29
 193.379566     -1.666  38.879610    14.8611   -0.05651     -1.652    31.4577    23.2722 -9.990e-29
 193.379572     -1.653  38.878087    14.8601   -0.05651     -1.639    31.4572    23.2720 -9.990e-29
 193.379578     -1.648  38.878922    14.8602   13.26031     -1.634    31.4578    23.2725 -9.990e-29
 193.379583     -1.651  38.880914    14.8604   26.95849     -1.637    31.4595    23.2737 -9.990e-29
 193.379589     -1.656  38.881041    14.8596   29.24150     -1.642    31.4602    23.2744 -9.990e-29
 193.379595     -1.651  38.877721    14.8582   26.39125     -1.637    31.4584    23.2733 -9.990e-29
 193.379601     -1.628  38.873192    14.8573   18.13268     -1.614    31.4550    23.2709 -9.990e-29
 193.379606     -1.594  38.871441    14.8569   13.35753     -1.581    31.4537    23.2700 -9.990e-29
 193.379612     -1.564  38.872866    14.8568   13.38352     -1.551    31.4551    23.2711 -9.990e-29
 193.379618     -1.543  38.874810    14.8569   13.33479     -1.530    31.4568    23.2723 -9.990e-29
 193.379624     -1.532  38.875866    14.8572   13.34103     -1.519    31.4575    23.2728 -9.990e-29
 193.379630     -1.529  38.875692    14.8578   13.34752     -1.516    31.4568    23.2722 -9.990e-29
 193.379635     -1.534  38.873988    14.8588    9.39348     -1.521    31.4545    23.2702 -9.990e-29
 193.379641     -1.539  38.871776    14.8602    3.54990     -1.526    31.4514    23.2675 -9.990e-29
 193.379647     -1.531  38.870525    14.8619    1.47232     -1.518    31.4489    23.2652 -9.990e-29
 193.379653     -1.515  38.870741    14.8636    1.48830     -1.502    31.4477    23.2639 -9.990e-29
 193.379659     -1.501  38.872642    14.8647    3.81275     -1.488    31.4485    23.2643 -9.990e-29
 193.379664     -1.493  38.874767    14.8658    5.87638     -1.481    31.4495    23.2649 -9.990e-29
 193.379670     -1.492  38.875955    14.8669    6.20161     -1.480    31.4497    23.2648 -9.990e-29
 193.379676     -1.487  38.877160    14.8678    6.39799     -1.475    31.4501    23.2649 -9.990e-29
 193.379682     -1.467  38.878237    14.8681    6.50335     -1.455    31.4508    23.2654 -9.990e-29
 193.379687     -1.433  38.878309    14.8680    6.55231     -1.421    31.4509    23.2655 -9.990e-29
 193.379693     -1.401  38.877965    14.8679    6.58792     -1.389    31.4507    23.2653 -9.990e-29
 193.379699     -1.374  38.878356    14.8677    6.61027     -1.363    31.4512    23.2658 -9.990e-29
 193.379705     -1.345  38.879373    14.8676    6.62385     -1.334    31.4522    23.2665 -9.990e-29
 193.379711     -1.316  38.880061    14.8677    6.64566     -1.305    31.4527    23.2669 -9.990e-29
 193.379716     -1.291  38.880144    14.8679    6.63807     -1.280    31.4526    23.2668 -9.990e-29
 193.379722     -1.271  38.880223    14.8681    6.62404     -1.260    31.4525    23.2667 -9.990e-29
 193.379728     -1.260  38.880334    14.8683    6.62029     -1.249    31.4524    23.2666 -9.990e-29
 193.379734     -1.253  38.879996    14.8681    6.61371     -1.243    31.4523    23.2665 -9.990e-29
 193.379740     -1.241  38.879251    14.8673    6.62258     -1.231    31.4523    23.2667 -9.990e-29
 193.379745     -1.219  38.878156    14.8668    6.63403     -1.209    31.4517    23.2663 -9.990e-29
 193.379751     -1.189  38.876865    14.8670    6.62974     -1.179    31.4503    23.2653 -9.990e-29
 193.379757     -1.163  38.875831    14.8672    6.62589     -1.153    31.4492    23.2644 -9.990e-29
 193.379763     -1.152  38.875298    14.8661    6.61963     -1.142    31.4496    23.2649 -9.990e-29
 193.379769     -1.155  38.875085    14.8635    6.60577     -1.145    31.4515    23.2669 -9.990e-29
 193.379774     -1.159  38.874902    14.8614    6.61061     -1.149    31.4531    23.2685 -9.990e-29
 193.379780     -1.152  38.875078    14.8612    6.60220     -1.142    31.4534    23.2688 -9.990e-29
 193.379786     -1.129  38.876993    14.8626    6.60594     -1.120    31.4540    23.2690 -9.990e-29
 193.379792     -1.094  38.879860    14.8642    6.60931     -1.085    31.4553    23.2696 -9.990e-29
 193.379797     -1.051  38.880796    14.8647    6.61019     -1.042    31.4557    23.2699 -9.990e-29
 193.379803     -1.008  38.879953    14.8643    6.61203     -1.000    31.4552    23.2696 -9.990e-29
 193.379809     -0.969  38.879037    14.8635    6.60203     -0.961    31.4550    23.2696 -9.990e-29
 193.379815     -0.937  38.878535    14.8631    6.59485     -0.929    31.4549    23.2696 -9.990e-29
 193.379821     -0.910  38.878364    14.8636    6.59043     -0.902    31.4543    23.2691 -9.990e-29
 193.379826     -0.886  38.878323    14.8645    6.59340     -0.879    31.4536    23.2683 -9.990e-29
 193.379832     -0.863  38.878382    14.8655    6.59387     -0.856    31.4528    23.2675 -9.990e-29
 193.379838     -0.840  38.878645    14.8665    6.60070     -0.833    31.4522    23.2668 -9.990e-29
 193.379844     -0.820  38.878929    14.8671    6.58984     -0.813    31.4520    23.2665 -9.990e-29
 193.379850     -0.811  38.879078    14.8674    6.57948     -0.804    31.4519    23.2664 -9.990e-29
 193.379855     -0.810  38.879315    14.8673    6.56973     -0.803    31.4522    23.2666 -9.990e-29
 193.379861     -0.811  38.879421    14.8667    6.57342     -0.804    31.4527    23.2672 -9.990e-29
 193.379867     -0.808  38.879003    14.8660    6.57800     -0.801    31.4529    23.2675 -9.990e-29
 193.379873     -0.802  38.878092    14.8653    6.58776     -0.795    31.4527    23.2674 -9.990e-29
 193.379878     -0.792  38.877180    14.8648    6.58683     -0.785    31.4522    23.2672 -9.990e-29
 193.379884     -0.781  38.876761    14.8647    6.57259     -0.774    31.4519    23.2670 -9.990e-29
 193.379890     -0.779  38.876862    14.8648    6.56653     -0.773    31.4520    23.2670 -9.990e-29
 193.379896     -0.783  38.877081    14.8648    6.56230     -0.776    31.4522    23.2671 -9.990e-29
 193.379902     -0.787  38.877176    14.8646    6.55689     -0.780    31.4524    23.2674 -9.990e-29
 193.379907     -0.782  38.877301    14.8638    6.57129     -0.775    31.4532    23.2681 -9.990e-29
 193.379913     -0.764  38.877086    14.8629    6.57816     -0.758    31.4537    23.2687 -9.990e-29
 193.379919     -0.739  38.876273    14.8624    6.57444     -0.733    31.4533    23.2686 -9.990e-29
 193.379925     -0.719  38.875484    14.8624    6.56920     -0.713    31.4526    23.2680 -9.990e-29
 193.379931     -0.706  38.875375    14.8626    6.56082     -0.700    31.4524    23.2678 -9.990e-29
 193.379936     -0.697  38.875827    14.8631    6.56766     -0.691    31.4524    23.2677 -9.990e-29
 193.379942     -0.686  38.876347    14.8640    6.57911     -0.680    31.4521    23.2673 -9.990e-29
 193.379948     -0.672  38.877093    14.8656    6.58871     -0.666    31.4515    23.2664 -9.990e-29
 193.379954     -0.654  38.878524    14.8671    6.57082     -0.649    31.4515    23.2662 -9.990e-29
 193.379959     -0.640  38.879770    14.8674    6.56864     -0.635    31.4524    23.2668 -9.990e-29
