data/oxygen options/OCNMS/OCNMS2/raw_data/2007/CTD_CA100_101307faedb.cnv
* Sea-Bird SBE19 Data File:
* FileName = C:\2007_mooring_data\retrieval_101207\CTD_CA100_101307.hex
* Software Version 1.20
* Temperature SN = 2997
* Conductivity SN = 2997
* System UpLoad Time = Oct 13 2007 11:34:21
* SEACAT PROFILER V3.1c SN 2997   10/13/07  11:33:51.378
* strain gauge pressure sensor: S/N = 184829,  range = 3000 psia,  tc = 40
# nquan = 9
# nvalues = 101                         
# units = specified
# name 0 = timeJ: Julian Days
# name 1 = prSM: Pressure, Strain Gauge [db]
# name 2 = c0mS/cm: Conductivity [mS/cm]
# name 3 = t090C: Temperature [ITS-90, deg C]
# name 4 = oxML/L: Oxygen, Beckman/YSI [ml/l]
# name 5 = depSM: Depth [salt water, m], lat = 47.5
# name 6 = sal00: Salinity, Practical [PSU]
# name 7 = sigma-é00: Density [sigma-theta, kg/m^3]
# name 8 = flag: flag
# span 0 = -4.386e+01, 286.452460       
# span 1 =     -0.494,    102.000       
# span 2 =  -5.539763,  36.711132       
# span 3 =    -1.9033,    12.3122       
# span 4 =   -1.01675,    6.65314       
# span 5 =     -0.490,    101.124       
# span 6 =    -4.7375,    33.7648       
# span 7 =    -3.5766,    26.3648       
# span 8 = 0.0000e+00, 0.0000e+00       
# interval = decibars: 1                
# start_time = Oct 13 2007 10:46:28 [Instrument's time stamp, header]
# bad_flag = -9.990e-29
*END*
 -4.386e+01      1.000  -5.539763    -1.9033   -1.01675     -0.490    -4.7375    -3.5766 0.0000e+00
 266.136242      3.000  33.611241    11.5481    6.16890      2.975    28.7437    21.7002 0.0000e+00
 286.451325      4.000  36.425797    12.3122    6.45964      3.967    31.2717    23.6373 0.0000e+00
 286.451342      5.000  36.535323    12.1701    6.41111      4.958    31.4950    23.8369 0.0000e+00
 286.451355      6.000  36.604068    12.0961    6.21024      5.950    31.6231    23.9500 0.0000e+00
 286.451367      7.000  36.672108    12.0485    6.29146      6.941    31.7285    24.0406 0.0000e+00
 286.451377      8.000  36.711132    12.0091    6.46746      7.933    31.7992    24.1028 0.0000e+00
 286.451387      9.000  36.675666    11.9371    6.60943      8.924    31.8260    24.1369 0.0000e+00
 286.451396     10.000  36.626544    11.8635    6.63932      9.916    31.8411    24.1621 0.0000e+00
 286.451405     11.000  36.594661    11.7945    6.63193     10.908    31.8688    24.1963 0.0000e+00
 286.451413     12.000  36.569400    11.7250    6.63786     11.900    31.9037    24.2361 0.0000e+00
 286.451422     13.000  36.528839    11.6542    6.62104     12.891    31.9247    24.2653 0.0000e+00
 286.451431     14.000  36.463213    11.5841    6.58789     13.883    31.9208    24.2750 0.0000e+00
 286.451440     15.000  36.400499    11.5329    6.58671     14.874    31.9034    24.2708 0.0000e+00
 286.451449     16.000  36.364066    11.4996    6.59592     15.866    31.8962    24.2712 0.0000e+00
 286.451457     17.000  36.342736    11.4634    6.60097     16.857    31.9062    24.2855 0.0000e+00
 286.451465     18.000  36.310444    11.4114    6.61862     17.849    31.9191    24.3049 0.0000e+00
 286.451473     19.000  36.288315    11.3699    6.64015     18.841    31.9329    24.3231 0.0000e+00
 286.451481     20.000  36.293020    11.3472    6.64185     19.832    31.9568    24.3457 0.0000e+00
 286.451490     21.000  36.294379    11.3331    6.64676     20.823    31.9699    24.3584 0.0000e+00
 286.451498     22.000  36.288382    11.3229    6.65314     21.816    31.9724    24.3622 0.0000e+00
 286.451506     23.000  36.280584    11.3115    6.63856     22.807    31.9743    24.3657 0.0000e+00
 286.451514     24.000  36.266060    11.2927    6.62692     23.799    31.9759    24.3703 0.0000e+00
 286.451523     25.000  36.246769    11.2644    6.61380     24.790    31.9812    24.3795 0.0000e+00
 286.451531     26.000  36.227635    11.2292    6.55641     25.782    31.9925    24.3946 0.0000e+00
 286.451539     27.000  36.201585    11.1885    6.46942     26.773    32.0018    24.4090 0.0000e+00
 286.451548     28.000  36.148060    11.1143    6.38034     27.765    32.0132    24.4311 0.0000e+00
 286.451557     29.000  36.068861    11.0117    6.29416     28.756    32.0242    24.4576 0.0000e+00
 286.451566     30.000  35.971156    10.8789    6.22044     29.748    32.0431    24.4956 0.0000e+00
 286.451575     31.000  35.851558    10.7325    6.18132     30.739    32.0522    24.5281 0.0000e+00
 286.451584     32.000  35.754514    10.5822    6.13927     31.730    32.0872    24.5812 0.0000e+00
 286.451593     33.000  35.693659    10.4412    6.06390     32.722    32.1503    24.6542 0.0000e+00
 286.451604     34.000  35.631717    10.3370    6.08444     33.713    32.1799    24.6950 0.0000e+00
 286.451615     35.000  35.571109    10.2344    6.10553     34.705    32.2095    24.7353 0.0000e+00
 286.451627     36.000  35.469702    10.0763    6.02555     35.696    32.2475    24.7913 0.0000e+00
 286.451640     37.000  35.331432     9.9138    5.99424     36.688    32.2521    24.8219 0.0000e+00
 286.451654     38.000  35.229119     9.7302    5.90839     37.679    32.3123    24.8988 0.0000e+00
 286.451668     39.000  35.053039     9.4515    5.89681     38.671    32.3828    24.9987 0.0000e+00
 286.451681     40.000  34.897627     9.2135    5.82717     39.662    32.4381    25.0798 0.0000e+00
 286.451693     41.000  34.748929     8.9752    5.74621     40.654    32.5009    25.1662 0.0000e+00
 286.451703     42.000  34.641175     8.8202    5.68029     41.645    32.5302    25.2130 0.0000e+00
 286.451714     43.000  34.563460     8.6844    5.50972     42.636    32.5735    25.2676 0.0000e+00
 286.451724     44.000  34.445110     8.4841    5.41474     43.628    32.6337    25.3451 0.0000e+00
 286.451733     45.000  34.325873     8.3205    5.39332     44.619    32.6591    25.3895 0.0000e+00
 286.451742     46.000  34.224106     8.1705    5.35024     45.611    32.6905    25.4362 0.0000e+00
 286.451752     47.000  34.125235     7.9795    5.29608     46.602    32.7633    25.5212 0.0000e+00
 286.451761     48.000  34.067954     7.8366    5.26101     47.594    32.8359    25.5987 0.0000e+00
 286.451772     49.000  34.046518     7.7769    5.26875     48.585    32.8686    25.6331 0.0000e+00
 286.451783     50.000  34.035369     7.7376    5.27675     49.576    32.8933    25.6580 0.0000e+00
 286.451794     51.000  34.018555     7.6989    5.26780     50.568    32.9114    25.6777 0.0000e+00
 286.451805     52.000  33.998751     7.6657    5.23891     51.559    32.9210    25.6901 0.0000e+00
 286.451815     53.000  33.985504     7.6386    5.19254     52.551    32.9319    25.7025 0.0000e+00
 286.451825     54.000  33.977529     7.6122    5.07218     53.542    32.9479    25.7188 0.0000e+00
 286.451834     55.000  33.984688     7.5973    4.92493     54.534    32.9693    25.7377 0.0000e+00
 286.451845     56.000  34.006164     7.5877    4.78574     55.525    33.0010    25.7640 0.0000e+00
 286.451856     57.000  34.031804     7.5743    4.64529     56.517    33.0409    25.7973 0.0000e+00
 286.451865     58.000  34.061780     7.5648    4.49099     57.508    33.0818    25.8307 0.0000e+00
 286.451876     59.000  34.088539     7.5588    4.35658     58.499    33.1159    25.8584 0.0000e+00
 286.451887     60.000  34.122290     7.5517    4.23438     59.490    33.1585    25.8930 0.0000e+00
 286.451897     61.000  34.153723     7.5453    4.10313     60.482    33.1982    25.9250 0.0000e+00
 286.451908     62.000  34.181726     7.5381    3.93839     61.473    33.2348    25.9548 0.0000e+00
 286.451918     63.000  34.222209     7.5315    3.76611     62.465    33.2844    25.9948 0.0000e+00
 286.451929     64.000  34.266299     7.5249    3.63805     63.456    33.3378    26.0377 0.0000e+00
 286.451939     65.000  34.315266     7.5221    3.56551     64.447    33.3929    26.0815 0.0000e+00
 286.451950     66.000  34.357289     7.5220    3.50451     65.439    33.4380    26.1170 0.0000e+00
 286.451961     67.000  34.383074     7.5234    3.40968     66.430    33.4640    26.1372 0.0000e+00
 286.451972     68.000  34.410978     7.5249    3.35887     67.421    33.4923    26.1592 0.0000e+00
 286.451982     69.000  34.451609     7.5262    3.31806     68.413    33.5344    26.1922 0.0000e+00
 286.451993     70.000  34.473559     7.5287    3.29335     69.404    33.5553    26.2083 0.0000e+00
 286.452004     71.000  34.490796     7.5323    3.27236     70.395    33.5700    26.2194 0.0000e+00
 286.452017     72.000  34.506839     7.5372    3.23269     71.387    33.5822    26.2282 0.0000e+00
 286.452029     73.000  34.529353     7.5478    3.18166     72.378    33.5958    26.2374 0.0000e+00
 286.452042     74.000  34.583958     7.5656    3.05569     73.369    33.6370    26.2674 0.0000e+00
 286.452053     75.000  34.642172     7.5864    2.91527     74.361    33.6793    26.2977 0.0000e+00
 286.452063     76.000  34.697209     7.5981    2.86170     75.351    33.7270    26.3334 0.0000e+00
 286.452073     77.000  34.721210     7.6013    2.83078     76.343    33.7493    26.3506 0.0000e+00
 286.452083     78.000  34.729269     7.6019    2.77584     77.334    33.7569    26.3565 0.0000e+00
 286.452094     79.000  34.730795     7.5993    2.72735     78.326    33.7606    26.3598 0.0000e+00
 286.452105     80.000  34.731190     7.5963    2.72590     79.317    33.7635    26.3624 0.0000e+00
 286.452118     81.000  34.731329     7.5959    2.71987     80.308    33.7635    26.3626 0.0000e+00
 286.452131     82.000  34.730216     7.5951    2.68374     81.299    33.7627    26.3620 0.0000e+00
 286.452143     83.000  34.729208     7.5934    2.65224     82.291    33.7627    26.3624 0.0000e+00
 286.452154     84.000  34.729248     7.5913    2.63426     83.282    33.7643    26.3639 0.0000e+00
 286.452164     85.000  34.728750     7.5897    2.62169     84.274    33.7648    26.3645 0.0000e+00
 286.452175     86.000  34.727881     7.5901    2.64039     85.265    33.7631    26.3631 0.0000e+00
 286.452186     87.000  34.728764     7.5904    2.64072     86.256    33.7632    26.3632 0.0000e+00
 286.452197     88.000  34.729765     7.5906    2.61506     87.247    33.7636    26.3635 0.0000e+00
 286.452210     89.000  34.730073     7.5897    2.58854     88.238    33.7644    26.3643 0.0000e+00
 286.452221     90.000  34.728538     7.5872    2.57034     89.230    33.7647    26.3648 0.0000e+00
 286.452234     91.000  34.726535     7.5854    2.55243     90.221    33.7638    26.3644 0.0000e+00
 286.452245     92.000  34.726059     7.5849    2.54665     91.212    33.7633    26.3641 0.0000e+00
 286.452257     93.000  34.726645     7.5845    2.54723     92.203    33.7638    26.3646 0.0000e+00
 286.452269     94.000  34.727148     7.5843    2.55478     93.194    33.7640    26.3648 0.0000e+00
 286.452279     95.000  34.727248     7.5847    2.52669     94.186    33.7633    26.3642 0.0000e+00
 286.452290     96.000  34.727506     7.5848    2.54275     95.177    33.7630    26.3640 0.0000e+00
 286.452302     97.000  34.727820     7.5849    2.53768     96.168    33.7628    26.3638 0.0000e+00
 286.452315     98.000  34.727802     7.5849    2.53644     97.159    33.7622    26.3634 0.0000e+00
 286.452327     99.000  34.728073     7.5850    2.54534     98.150    33.7620    26.3632 0.0000e+00
 286.452340    100.000  34.728570     7.5854    2.53345     99.141    33.7616    26.3629 0.0000e+00
 286.452355    101.000  34.725565     7.5854    2.52319    100.132    33.7579    26.3599 0.0000e+00
 286.452460    102.000  34.703255     7.5876    2.51253    101.124    33.7312    26.3387 0.0000e+00
