data/oxygen options/OCNMS/OCNMS2/raw_data/2007/CTD_CE100_101207faedb.cnv
* Sea-Bird SBE19 Data File:
* FileName = C:\2007_mooring_data\retrieval_101207\CTD_CE100_101207.hex
* Software Version 1.20
* Temperature SN = 2997
* Conductivity SN = 2997
* System UpLoad Time = Oct 12 2007 13:34:09
* SEACAT PROFILER V3.1c SN 2997   10/12/07  13:33:30.834
* strain gauge pressure sensor: S/N = 184829,  range = 3000 psia,  tc = 40
# nquan = 9
# nvalues = 94                          
# units = specified
# name 0 = timeJ: Julian Days
# name 1 = prSM: Pressure, Strain Gauge [db]
# name 2 = c0mS/cm: Conductivity [mS/cm]
# name 3 = t090C: Temperature [ITS-90, deg C]
# name 4 = oxML/L: Oxygen, Beckman/YSI [ml/l]
# name 5 = depSM: Depth [salt water, m], lat = 47.5
# name 6 = sal00: Salinity, Practical [PSU]
# name 7 = sigma-é00: Density [sigma-theta, kg/m^3]
# name 8 = flag: flag
# span 0 = 285.555843, 285.556730       
# span 1 =      3.000,     96.000       
# span 2 =  34.275295,  37.363086       
# span 3 =     7.6744,    12.7108       
# span 4 =    2.51733,    6.63155       
# span 5 =      2.975,     95.177       
# span 6 =    31.8279,    33.8105       
# span 7 =    23.9934,    26.3884       
# span 8 = 0.0000e+00, 0.0000e+00       
# interval = decibars: 1                
# start_time = Oct 12 2007 13:17:11 [Instrument's time stamp, header]
# bad_flag = -9.990e-29
*END*
 285.555843      3.000  37.363086    12.7108    6.54950      2.975    31.8289    23.9934 0.0000e+00
 285.555861      4.000  37.258236    12.5933    6.58949      3.967    31.8282    24.0155 0.0000e+00
 285.555874      5.000  37.217848    12.5479    6.61773      4.958    31.8279    24.0238 0.0000e+00
 285.555885      6.000  37.204769    12.5315    6.63155      5.950    31.8288    24.0277 0.0000e+00
 285.555896      7.000  37.194599    12.5188    6.60685      6.942    31.8295    24.0306 0.0000e+00
 285.555906      8.000  37.186853    12.5104    6.58952      7.933    31.8288    24.0318 0.0000e+00
 285.555914      9.000  37.182007    12.5046    6.59260      8.925    31.8288    24.0328 0.0000e+00
 285.555923     10.000  37.178635    12.5002    6.60771      9.916    31.8290    24.0338 0.0000e+00
 285.555932     11.000  37.175559    12.4965    6.61632     10.908    31.8287    24.0344 0.0000e+00
 285.555940     12.000  37.173254    12.4935    6.61749     11.900    31.8287    24.0349 0.0000e+00
 285.555948     13.000  37.171350    12.4904    6.61852     12.891    31.8291    24.0359 0.0000e+00
 285.555957     14.000  37.168929    12.4864    6.61031     13.882    31.8297    24.0371 0.0000e+00
 285.555964     15.000  37.165536    12.4824    6.56096     14.874    31.8294    24.0377 0.0000e+00
 285.555972     16.000  37.162941    12.4790    6.53307     15.866    31.8295    24.0384 0.0000e+00
 285.555981     17.000  37.160037    12.4739    6.55840     16.858    31.8306    24.0403 0.0000e+00
 285.555990     18.000  37.156679    12.4671    6.52417     17.849    31.8328    24.0433 0.0000e+00
 285.555999     19.000  37.150867    12.4546    6.47929     18.841    31.8375    24.0493 0.0000e+00
 285.556008     20.000  37.138376    12.4330    6.36963     19.832    31.8434    24.0580 0.0000e+00
 285.556017     21.000  37.115339    12.3837    5.85263     20.824    31.8628    24.0824 0.0000e+00
 285.556025     22.000  37.073713    12.2868    5.34608     21.815    31.9050    24.1334 0.0000e+00
 285.556034     23.000  36.941111    12.0698    5.14940     22.807    31.9626    24.2186 0.0000e+00
 285.556043     24.000  36.694457    11.7381    4.97484     23.798    32.0088    24.3156 0.0000e+00
 285.556051     25.000  36.270692    11.0922    4.79523     24.790    32.1548    24.5448 0.0000e+00
 285.556060     26.000  35.714309    10.2711    4.67069     25.781    32.3248    24.8192 0.0000e+00
 285.556069     27.000  35.239516     9.7615    4.58630     26.773    32.2997    24.8838 0.0000e+00
 285.556078     28.000  35.028709     9.3005    4.48947     27.764    32.4999    25.1141 0.0000e+00
 285.556088     29.000  34.839196     8.8405    4.42965     28.756    32.7240    25.3614 0.0000e+00
 285.556098     30.000  34.681458     8.5452    4.35111     29.748    32.8319    25.4911 0.0000e+00
 285.556106     31.000  34.551608     8.3152    4.31036     30.739    32.9091    25.5862 0.0000e+00
 285.556116     32.000  34.439249     8.1525    4.30864     31.731    32.9422    25.6361 0.0000e+00
 285.556125     33.000  34.376154     8.0606    4.29007     32.722    32.9609    25.6643 0.0000e+00
 285.556135     34.000  34.335003     8.0023    4.26519     33.714    32.9716    25.6812 0.0000e+00
 285.556145     35.000  34.313843     7.9656    4.23186     34.705    32.9831    25.6956 0.0000e+00
 285.556156     36.000  34.300248     7.9322    4.18182     35.697    32.9997    25.7135 0.0000e+00
 285.556166     37.000  34.286631     7.8821    4.12063     36.688    33.0320    25.7461 0.0000e+00
 285.556177     38.000  34.275295     7.7996    4.10306     37.679    33.0976    25.8095 0.0000e+00
 285.556188     39.000  34.276498     7.7368    4.10310     38.671    33.1581    25.8661 0.0000e+00
 285.556198     40.000  34.282134     7.7071    4.12009     39.663    33.1919    25.8969 0.0000e+00
 285.556208     41.000  34.290838     7.6943    4.15068     40.654    33.2131    25.9153 0.0000e+00
 285.556218     42.000  34.308491     7.6873    4.18349     41.645    33.2383    25.9362 0.0000e+00
 285.556227     43.000  34.343655     7.6886    4.19635     42.637    33.2744    25.9644 0.0000e+00
 285.556237     44.000  34.391239     7.6952    4.16526     43.628    33.3188    25.9983 0.0000e+00
 285.556246     45.000  34.412882     7.6934    4.13452     44.620    33.3434    26.0179 0.0000e+00
 285.556256     46.000  34.426559     7.6922    4.10497     45.611    33.3588    26.0301 0.0000e+00
 285.556265     47.000  34.444656     7.6999    4.08396     46.602    33.3704    26.0382 0.0000e+00
 285.556274     48.000  34.475216     7.7146    4.08010     47.594    33.3887    26.0505 0.0000e+00
 285.556283     49.000  34.513214     7.7300    4.05010     48.585    33.4142    26.0684 0.0000e+00
 285.556292     50.000  34.542948     7.7401    4.00943     49.577    33.4360    26.0841 0.0000e+00
 285.556301     51.000  34.565304     7.7473    3.99110     50.568    33.4527    26.0962 0.0000e+00
 285.556310     52.000  34.579085     7.7526    3.97500     51.559    33.4620    26.1027 0.0000e+00
 285.556319     53.000  34.592477     7.7583    3.94394     52.551    33.4704    26.1085 0.0000e+00
 285.556328     54.000  34.607449     7.7642    3.92022     53.542    33.4804    26.1155 0.0000e+00
 285.556337     55.000  34.620221     7.7683    3.89562     54.534    33.4897    26.1223 0.0000e+00
 285.556345     56.000  34.628642     7.7716    3.88843     55.525    33.4951    26.1260 0.0000e+00
 285.556354     57.000  34.638254     7.7756    3.92212     56.516    33.5011    26.1301 0.0000e+00
 285.556362     58.000  34.649243     7.7795    3.91116     57.508    33.5087    26.1356 0.0000e+00
 285.556371     59.000  34.657956     7.7817    3.85570     58.499    33.5154    26.1406 0.0000e+00
 285.556378     60.000  34.664351     7.7825    3.78351     59.491    33.5211    26.1450 0.0000e+00
 285.556387     61.000  34.666911     7.7823    3.69460     60.482    33.5235    26.1469 0.0000e+00
 285.556396     62.000  34.669989     7.7802    3.66048     61.473    33.5284    26.1510 0.0000e+00
 285.556403     63.000  34.675113     7.7754    3.66239     62.464    33.5380    26.1593 0.0000e+00
 285.556412     64.000  34.681215     7.7694    3.66255     63.456    33.5499    26.1695 0.0000e+00
 285.556421     65.000  34.687416     7.7653    3.62808     64.447    33.5600    26.1781 0.0000e+00
 285.556429     66.000  34.692352     7.7620    3.58017     65.439    33.5680    26.1848 0.0000e+00
 285.556438     67.000  34.697500     7.7583    3.50882     66.430    33.5767    26.1923 0.0000e+00
 285.556446     68.000  34.707907     7.7535    3.44780     67.422    33.5920    26.2050 0.0000e+00
 285.556455     69.000  34.722350     7.7459    3.40990     68.413    33.6144    26.2236 0.0000e+00
 285.556463     70.000  34.737373     7.7380    3.37443     69.404    33.6378    26.2432 0.0000e+00
 285.556472     71.000  34.751071     7.7325    3.34643     70.395    33.6573    26.2593 0.0000e+00
 285.556480     72.000  34.760563     7.7292    3.31964     71.386    33.6702    26.2700 0.0000e+00
 285.556488     73.000  34.768531     7.7278    3.28242     72.378    33.6797    26.2776 0.0000e+00
 285.556497     74.000  34.778387     7.7283    3.22592     73.369    33.6893    26.2851 0.0000e+00
 285.556506     75.000  34.789543     7.7296    3.17151     74.361    33.6996    26.2931 0.0000e+00
 285.556514     76.000  34.800910     7.7294    3.09285     75.352    33.7116    26.3024 0.0000e+00
 285.556523     77.000  34.812158     7.7261    2.93203     76.343    33.7264    26.3146 0.0000e+00
 285.556532     78.000  34.819546     7.7173    2.75573     77.334    33.7424    26.3285 0.0000e+00
 285.556540     79.000  34.827949     7.7044    2.63295     78.325    33.7634    26.3469 0.0000e+00
 285.556549     80.000  34.837883     7.6909    2.56264     79.317    33.7868    26.3672 0.0000e+00
 285.556558     81.000  34.843433     7.6811    2.52201     80.308    33.8017    26.3804 0.0000e+00
 285.556566     82.000  34.845115     7.6779    2.52354     81.299    33.8062    26.3844 0.0000e+00
 285.556575     83.000  34.846094     7.6770    2.51757     82.290    33.8076    26.3856 0.0000e+00
 285.556584     84.000  34.846195     7.6766    2.51733     83.282    33.8077    26.3857 0.0000e+00
 285.556592     85.000  34.846464     7.6763    2.52049     84.273    33.8078    26.3859 0.0000e+00
 285.556601     86.000  34.847142     7.6760    2.55019     85.264    33.8083    26.3863 0.0000e+00
 285.556610     87.000  34.848038     7.6763    2.59270     86.256    33.8085    26.3865 0.0000e+00
 285.556619     88.000  34.848874     7.6766    2.59972     87.247    33.8087    26.3866 0.0000e+00
 285.556628     89.000  34.849928     7.6766    2.59668     88.238    33.8093    26.3871 0.0000e+00
 285.556638     90.000  34.850716     7.6767    2.58207     89.229    33.8096    26.3873 0.0000e+00
 285.556647     91.000  34.850820     7.6761    2.56471     90.221    33.8098    26.3876 0.0000e+00
 285.556656     92.000  34.850537     7.6751    2.54505     91.212    33.8100    26.3879 0.0000e+00
 285.556667     93.000  34.850697     7.6745    2.53697     92.203    33.8103    26.3882 0.0000e+00
 285.556678     94.000  34.851535     7.6747    2.53288     93.194    33.8105    26.3884 0.0000e+00
 285.556694     95.000  34.851739     7.6744    2.53846     94.185    33.8105    26.3884 0.0000e+00
 285.556730     96.000  34.852546     7.6753    2.53193     95.177    33.8101    26.3880 0.0000e+00
