data/oxygen options/OCNMS/OCNMS2/raw_data/2007/CTD_TH100_091107faedb.cnv
* Sea-Bird SBE19 Data File:
* FileName = C:\2007_mooring_data\CTD_TH100_091107.hex
* Software Version 1.20
* Temperature SN = 2997
* Conductivity SN = 2997
* System UpLoad Time = Sep 11 2007 09:59:39
* SEACAT PROFILER V3.1c SN 2997   09/11/07  09:58:59.933
* strain gauge pressure sensor: S/N = 184829,  range = 3000 psia,  tc = 40
# nquan = 9
# nvalues = 98                          
# units = specified
# name 0 = timeJ: Julian Days
# name 1 = prSM: Pressure, Strain Gauge [db]
# name 2 = c0mS/cm: Conductivity [mS/cm]
# name 3 = t090C: Temperature [ITS-90, deg C]
# name 4 = oxML/L: Oxygen, Beckman/YSI [ml/l]
# name 5 = depSM: Depth [salt water, m], lat = 47.5
# name 6 = sal00: Salinity, Practical [PSU]
# name 7 = sigma-é00: Density [sigma-theta, kg/m^3]
# name 8 = flag: flag
# span 0 = 254.412554, 254.413782       
# span 1 =      3.000,    100.000       
# span 2 =  33.911442,  36.709747       
# span 3 =     7.2465,    12.2503       
# span 4 =    3.19015,    6.74329       
# span 5 =      2.975,     99.142       
# span 6 =    31.5887,    33.8634       
# span 7 =    23.8951,    26.4854       
# span 8 = 0.0000e+00, 0.0000e+00       
# interval = decibars: 1                
# start_time = Sep 11 2007 09:49:34 [Instrument's time stamp, header]
# bad_flag = -9.990e-29
*END*
 254.412554      3.000  36.703641    12.2503    6.74329      2.975    31.5894    23.8951 0.0000e+00
 254.412575      4.000  36.677076    12.2206    6.71678      3.967    31.5887    23.9001 0.0000e+00
 254.412594      5.000  36.669794    12.2103    6.70428      4.958    31.5900    23.9031 0.0000e+00
 254.412612      6.000  36.668648    12.1955    6.69099      5.950    31.6010    23.9144 0.0000e+00
 254.412629      7.000  36.690420    12.2002    6.62731      6.941    31.6175    23.9263 0.0000e+00
 254.412643      8.000  36.709747    12.1822    6.60612      7.933    31.6508    23.9556 0.0000e+00
 254.412658      9.000  36.672218    12.0948    6.51924      8.925    31.6884    24.0010 0.0000e+00
 254.412672     10.000  36.616367    12.0117    6.38735      9.917    31.7049    24.0292 0.0000e+00
 254.412684     11.000  36.556152    11.9210    6.34046     10.908    31.7236    24.0604 0.0000e+00
 254.412698     12.000  36.445614    11.7593    6.09946     11.899    31.7542    24.1138 0.0000e+00
 254.412712     13.000  36.307307    11.5727    5.93528     12.891    31.7793    24.1672 0.0000e+00
 254.412727     14.000  36.186037    11.2420    5.89813     13.883    31.9457    24.3556 0.0000e+00
 254.412740     15.000  35.939893    10.7601    5.74088     14.874    32.1226    24.5777 0.0000e+00
 254.412753     16.000  35.751270    10.4816    5.58009     15.866    32.1794    24.6699 0.0000e+00
 254.412766     17.000  35.651588    10.3015    5.52528     16.857    32.2387    24.7465 0.0000e+00
 254.412779     18.000  35.405095     9.9328    5.42328     17.849    32.3182    24.8698 0.0000e+00
 254.412790     19.000  35.136584     9.5621    5.31324     18.840    32.3773    24.9764 0.0000e+00
 254.412802     20.000  34.961210     9.3282    5.32753     19.832    32.4084    25.0382 0.0000e+00
 254.412812     21.000  34.827755     9.1333    5.38705     20.823    32.4473    25.0993 0.0000e+00
 254.412822     22.000  34.653317     8.9130    5.37032     21.816    32.4669    25.1489 0.0000e+00
 254.412833     23.000  34.493118     8.7462    5.35910     22.807    32.4522    25.1630 0.0000e+00
 254.412843     24.000  34.414337     8.6344    5.41077     23.799    32.4719    25.1954 0.0000e+00
 254.412853     25.000  34.353727     8.5409    5.44992     24.790    32.4939    25.2268 0.0000e+00
 254.412864     26.000  34.284873     8.4439    5.53169     25.781    32.5104    25.2542 0.0000e+00
 254.412874     27.000  34.215229     8.3787    5.62891     26.773    32.4968    25.2533 0.0000e+00
 254.412886     28.000  34.154462     8.2482    5.68989     27.764    32.5528    25.3165 0.0000e+00
 254.412898     29.000  34.043818     8.1115    5.85271     28.756    32.5619    25.3437 0.0000e+00
 254.412909     30.000  33.984383     8.0324    5.94693     29.747    32.5719    25.3630 0.0000e+00
 254.412920     31.000  33.926653     7.9584    5.90409     30.739    32.5789    25.3792 0.0000e+00
 254.412932     32.000  33.916507     7.9299    5.57550     31.730    32.5942    25.3953 0.0000e+00
 254.412946     33.000  33.911442     7.9304    5.29077     32.722    32.5878    25.3903 0.0000e+00
 254.412957     34.000  33.965225     7.9658    5.42815     33.714    32.6117    25.4040 0.0000e+00
 254.412970     35.000  33.949765     7.9268    5.44993     34.705    32.6312    25.4248 0.0000e+00
 254.412982     36.000  33.916549     7.8934    5.22614     35.696    32.6264    25.4260 0.0000e+00
 254.412995     37.000  33.937251     7.9112    4.86488     36.688    32.6314    25.4274 0.0000e+00
 254.413007     38.000  34.018635     7.9773    4.69734     37.679    32.6559    25.4371 0.0000e+00
 254.413020     39.000  34.100724     8.0100    4.63148     38.671    32.7124    25.4767 0.0000e+00
 254.413032     40.000  34.108213     7.9742    4.52149     39.662    32.7534    25.5141 0.0000e+00
 254.413043     41.000  34.133806     7.9617    4.48118     40.654    32.7919    25.5461 0.0000e+00
 254.413055     42.000  34.169299     7.9639    4.52206     41.646    32.8272    25.5736 0.0000e+00
 254.413067     43.000  34.165518     7.9443    4.43688     42.637    32.8412    25.5874 0.0000e+00
 254.413079     44.000  34.152337     7.9251    4.27215     43.628    32.8447    25.5929 0.0000e+00
 254.413090     45.000  34.175274     7.9143    4.07889     44.620    32.8788    25.6213 0.0000e+00
 254.413102     46.000  34.205595     7.8900    3.85752     45.611    32.9337    25.6679 0.0000e+00
 254.413112     47.000  34.257698     7.8891    3.69934     46.603    32.9898    25.7120 0.0000e+00
 254.413123     48.000  34.333767     7.9084    3.64884     47.594    33.0523    25.7584 0.0000e+00
 254.413134     49.000  34.377512     7.9042    3.62545     48.585    33.1027    25.7986 0.0000e+00
 254.413145     50.000  34.385290     7.8783    3.61373     49.577    33.1351    25.8278 0.0000e+00
 254.413156     51.000  34.372312     7.8088    3.63065     50.568    33.1867    25.8783 0.0000e+00
 254.413167     52.000  34.334180     7.7128    3.73403     51.560    33.2369    25.9315 0.0000e+00
 254.413177     53.000  34.286815     7.6268    3.86984     52.551    33.2675    25.9679 0.0000e+00
 254.413187     54.000  34.238957     7.5594    4.00946     53.543    33.2799    25.9872 0.0000e+00
 254.413197     55.000  34.191771     7.5106    4.15973     54.534    33.2753    25.9905 0.0000e+00
 254.413208     56.000  34.161665     7.4620    4.30910     55.525    33.2889    26.0080 0.0000e+00
 254.413218     57.000  34.133213     7.4178    4.45859     56.516    33.3001    26.0230 0.0000e+00
 254.413230     58.000  34.116445     7.3868    4.56359     57.508    33.3112    26.0361 0.0000e+00
 254.413241     59.000  34.110869     7.3586    4.54086     58.499    33.3318    26.0563 0.0000e+00
 254.413252     60.000  34.123385     7.3349    4.43110     59.491    33.3677    26.0879 0.0000e+00
 254.413263     61.000  34.151154     7.3218    4.34255     60.482    33.4101    26.1230 0.0000e+00
 254.413274     62.000  34.166970     7.3166    4.33945     61.474    33.4318    26.1407 0.0000e+00
 254.413285     63.000  34.173984     7.3122    4.36545     62.465    33.4431    26.1504 0.0000e+00
 254.413298     64.000  34.177036     7.3118    4.39714     63.456    33.4464    26.1530 0.0000e+00
 254.413311     65.000  34.176568     7.3104    4.40249     64.447    33.4468    26.1535 0.0000e+00
 254.413324     66.000  34.179061     7.2972    4.41501     65.439    33.4617    26.1671 0.0000e+00
 254.413335     67.000  34.185102     7.2866    4.44483     66.430    33.4781    26.1815 0.0000e+00
 254.413346     68.000  34.189843     7.2768    4.46253     67.421    33.4923    26.1940 0.0000e+00
 254.413358     69.000  34.195515     7.2660    4.44416     68.413    33.5084    26.2082 0.0000e+00
 254.413371     70.000  34.203647     7.2547    4.36664     69.404    33.5278    26.2250 0.0000e+00
 254.413384     71.000  34.223133     7.2465    4.31090     70.395    33.5564    26.2487 0.0000e+00
 254.413397     72.000  34.246887     7.2487    4.28273     71.387    33.5797    26.2667 0.0000e+00
 254.413411     73.000  34.254419     7.2527    4.09852     72.378    33.5836    26.2692 0.0000e+00
 254.413424     74.000  34.288974     7.2737    3.91060     73.369    33.6002    26.2795 0.0000e+00
 254.413437     75.000  34.392001     7.3162    3.78834     74.360    33.6705    26.3289 0.0000e+00
 254.413450     76.000  34.445824     7.3381    3.69616     75.351    33.7073    26.3548 0.0000e+00
 254.413463     77.000  34.499545     7.3561    3.61627     76.343    33.7476    26.3839 0.0000e+00
 254.413476     78.000  34.523357     7.3579    3.44625     77.334    33.7712    26.4023 0.0000e+00
 254.413490     79.000  34.539651     7.3578    3.33558     78.326    33.7886    26.4159 0.0000e+00
 254.413501     80.000  34.591037     7.3498    3.32484     79.317    33.8518    26.4669 0.0000e+00
 254.413513     81.000  34.579976     7.3283    3.28123     80.308    33.8602    26.4765 0.0000e+00
 254.413525     82.000  34.563089     7.3119    3.27168     81.300    33.8575    26.4767 0.0000e+00
 254.413537     83.000  34.555979     7.3006    3.25220     82.291    33.8603    26.4805 0.0000e+00
 254.413549     84.000  34.547872     7.2884    3.25389     83.282    33.8629    26.4843 0.0000e+00
 254.413563     85.000  34.543222     7.2830    3.24832     84.273    33.8627    26.4848 0.0000e+00
 254.413576     86.000  34.542241     7.2815    3.23899     85.264    33.8626    26.4850 0.0000e+00
 254.413589     87.000  34.543193     7.2819    3.23671     86.256    33.8628    26.4851 0.0000e+00
 254.413602     88.000  34.543612     7.2833    3.24374     87.247    33.8613    26.4838 0.0000e+00
 254.413615     89.000  34.543822     7.2832    3.23396     88.238    33.8611    26.4837 0.0000e+00
 254.413628     90.000  34.545506     7.2826    3.21711     89.229    33.8632    26.4853 0.0000e+00
 254.413641     91.000  34.546380     7.2830    3.21510     90.221    33.8632    26.4854 0.0000e+00
 254.413654     92.000  34.547428     7.2835    3.22487     91.212    33.8634    26.4854 0.0000e+00
 254.413668     93.000  34.547753     7.2834    3.22729     92.203    33.8634    26.4854 0.0000e+00
 254.413683     94.000  34.547802     7.2832    3.21150     93.194    33.8632    26.4853 0.0000e+00
 254.413698     95.000  34.548047     7.2833    3.20054     94.185    33.8628    26.4850 0.0000e+00
 254.413712     96.000  34.549050     7.2839    3.21017     95.177    33.8628    26.4850 0.0000e+00
 254.413726     97.000  34.549468     7.2842    3.20969     96.168    33.8625    26.4846 0.0000e+00
 254.413741     98.000  34.550138     7.2842    3.19015     97.159    33.8628    26.4849 0.0000e+00
 254.413759     99.000  34.545483     7.2849    3.19943     98.150    33.8565    26.4799 0.0000e+00
 254.413782    100.000  34.517500     7.2850    3.20385     99.142    33.8255    26.4555 0.0000e+00
