data/oxygen options/OCNMS/OCNMS2/raw_data/2007/CTD_TH100_101307faed.cnv
* Sea-Bird SBE19 Data File:
* FileName = C:\2007_mooring_data\retrieval_101207\CTD_TH100_101307.hex
* Software Version 1.20
* Temperature SN = 2997
* Conductivity SN = 2997
* System UpLoad Time = Oct 13 2007 16:03:25
* SEACAT PROFILER V3.1c SN 2997   10/13/07  16:02:37.526
* strain gauge pressure sensor: S/N = 184829,  range = 3000 psia,  tc = 40
# nquan = 9                                 
# nvalues = 814                         
# units = specified
# name 0 = timeJ: Julian Days
# name 1 = prSM: Pressure, Strain Gauge [db]
# name 2 = c0mS/cm: Conductivity [mS/cm]
# name 3 = t090C: Temperature [ITS-90, deg C]
# name 4 = oxML/L: Oxygen, Beckman/YSI [ml/l]
# name 5 = depSM: Depth [salt water, m], lat = 47.5
# name 6 = sal00: Salinity, Practical [PSU]
# name 7 = sigma-é00: Density [sigma-theta, kg/m^3]
# name 8 = flag: flag
# span 0 = 286.498796, 286.503501       
# span 1 =     -3.905,    102.290       
# span 2 =   4.137913,  36.690909       
# span 3 =     7.5604,    12.2970       
# span 4 =   -0.06042,   33.10189       
# span 5 =     -3.872,    101.411       
# span 6 =     3.1859,    33.7696       
# span 7 =     1.9955,    26.3713       
# span 8 = 0.0000e+00, 0.0000e+00       
# interval = seconds: 0.5
# start_time = Oct 13 2007 11:58:16 [Instrument's time stamp, header]
# bad_flag = -9.990e-29
*END*
[from data line 481]
 286.501580     75.075  34.672491     7.5795    2.14386     74.435    33.7187    26.3296 0.0000e+00
 286.501586     75.629  34.666615     7.5749    2.11670     74.984    33.7166    26.3286 0.0000e+00
 286.501591     76.196  34.662304     7.5713    2.09788     75.546    33.7151    26.3280 0.0000e+00
 286.501597     76.779  34.659938     7.5684    2.09021     76.124    33.7151    26.3284 0.0000e+00
 286.501603     77.376  34.658385     7.5655    2.10557     76.716    33.7160    26.3295 0.0000e+00
 286.501609     77.977  34.657237     7.5628    2.13611     77.312    33.7170    26.3307 0.0000e+00
 286.501615     78.575  34.656459     7.5610    2.14883     77.904    33.7177    26.3315 0.0000e+00
 286.501620     79.173  34.656142     7.5604    2.13963     78.497    33.7176    26.3315 0.0000e+00
 286.501626     79.779  34.656254     7.5604    2.12896     79.098    33.7174    26.3314 0.0000e+00
 286.501632     80.388  34.656965     7.5606    2.11637     79.702    33.7177    26.3316 0.0000e+00
 286.501638     80.997  34.658119     7.5612    2.12241     80.305    33.7181    26.3318 0.0000e+00
 286.501644     81.610  34.659029     7.5619    2.13267     80.913    33.7181    26.3317 0.0000e+00
 286.501649     82.223  34.659807     7.5623    2.13826     81.521    33.7183    26.3318 0.0000e+00
 286.501655     82.823  34.660950     7.5622    2.12519     82.115    33.7193    26.3327 0.0000e+00
 286.501661     83.402  34.662315     7.5622    2.13027     82.689    33.7205    26.3336 0.0000e+00
 286.501667     83.954  34.663499     7.5624    2.12349     83.236    33.7213    26.3342 0.0000e+00
 286.501672     84.475  34.664418     7.5625    2.12566     83.753    33.7220    26.3347 0.0000e+00
 286.501678     84.972  34.665194     7.5623    2.13222     84.245    33.7228    26.3354 0.0000e+00
 286.501684     85.460  34.665760     7.5621    2.13048     84.729    33.7233    26.3359 0.0000e+00
 286.501690     85.954  34.666329     7.5622    2.13397     85.219    33.7236    26.3361 0.0000e+00
 286.501696     86.462  34.667119     7.5627    2.09925     85.722    33.7238    26.3361 0.0000e+00
 286.501701     86.991  34.668081     7.5633    2.09115     86.247    33.7240    26.3362 0.0000e+00
 286.501707     87.546  34.669398     7.5638    2.07407     86.797    33.7246    26.3367 0.0000e+00
 286.501713     88.123  34.671163     7.5644    2.08645     87.369    33.7257    26.3374 0.0000e+00
 286.501719     88.715  34.673506     7.5652    2.09545     87.956    33.7271    26.3385 0.0000e+00
 286.501725     89.318  34.676206     7.5656    2.12448     88.553    33.7294    26.3402 0.0000e+00
 286.501730     89.927  34.678395     7.5656    2.14499     89.157    33.7315    26.3418 0.0000e+00
 286.501736     90.537  34.680208     7.5657    2.15383     89.762    33.7330    26.3430 0.0000e+00
 286.501742     91.146  34.682400     7.5662    2.17154     90.365    33.7346    26.3442 0.0000e+00
 286.501748     91.748  34.685670     7.5670    2.17902     90.962    33.7371    26.3461 0.0000e+00
 286.501753     92.344  34.690473     7.5682    2.19479     91.553    33.7408    26.3489 0.0000e+00
 286.501759     92.933  34.695383     7.5694    2.18272     92.137    33.7447    26.3517 0.0000e+00
 286.501765     93.504  34.699119     7.5700    2.18626     92.703    33.7479    26.3541 0.0000e+00
 286.501771     94.048  34.702199     7.5700    2.17042     93.242    33.7509    26.3566 0.0000e+00
 286.501777     94.561  34.704822     7.5701    2.18867     93.750    33.7534    26.3585 0.0000e+00
 286.501782     95.040  34.706581     7.5703    2.18637     94.225    33.7549    26.3597 0.0000e+00
 286.501788     95.490  34.707598     7.5704    2.18767     94.671    33.7557    26.3603 0.0000e+00
 286.501794     95.928  34.708687     7.5701    2.17075     95.105    33.7570    26.3613 0.0000e+00
 286.501800     96.368  34.710199     7.5696    2.16607     95.541    33.7589    26.3629 0.0000e+00
 286.501806     96.821  34.711929     7.5693    2.15253     95.990    33.7608    26.3645 0.0000e+00
 286.501811     97.294  34.713959     7.5692    2.15763     96.459    33.7629    26.3661 0.0000e+00
 286.501817     97.788  34.716215     7.5692    2.14778     96.949    33.7651    26.3678 0.0000e+00
 286.501823     98.300  34.718361     7.5693    2.12622     97.456    33.7670    26.3694 0.0000e+00
 286.501829     98.823  34.719914     7.5695    2.11986     97.975    33.7683    26.3703 0.0000e+00
 286.501834     99.348  34.720721     7.5699    2.10899     98.495    33.7685    26.3705 0.0000e+00
 286.501840     99.870  34.721314     7.5701    2.12692     99.013    33.7687    26.3706 0.0000e+00
 286.501846    100.379  34.721942     7.5702    2.15618     99.517    33.7690    26.3709 0.0000e+00
 286.501852    100.857  34.722341     7.5704    2.16580     99.991    33.7691    26.3708 0.0000e+00
 286.501858    101.285  34.722501     7.5704    2.15888    100.415    33.7690    26.3708 0.0000e+00
 286.501863    101.650  34.722652     7.5703    2.15799    100.777    33.7691    26.3709 0.0000e+00
 286.501869    101.936  34.723013     7.5704    2.15218    101.060    33.7693    26.3710 0.0000e+00
 286.501875    102.134  34.723523     7.5706    2.15409    101.257    33.7695    26.3712 -9.990e-29
 286.501881    102.250  34.723758     7.5707    2.14774    101.372    33.7696    26.3713 -9.990e-29
 286.501887    102.290  34.723493     7.5709    2.15061    101.411    33.7691    26.3708 -9.990e-29
 286.501892    102.262  34.722954     7.5710    2.14388    101.383    33.7685    26.3703 -9.990e-29
 286.501898    102.180  34.722565     7.5708    2.14393    101.302    33.7683    26.3702 -9.990e-29
 286.501904    102.069  34.722391     7.5705    2.15475    101.192    33.7684    26.3704 -9.990e-29
 286.501910    101.957  34.722222     7.5701    2.14645    101.081    33.7687    26.3706 -9.990e-29
 286.501916    101.866  34.721856     7.5695    2.15666    100.991    33.7689    26.3709 -9.990e-29
 286.501921    101.808  34.721390     7.5693    2.14844    100.933    33.7686    26.3707 -9.990e-29
 286.501927    101.778  34.721345     7.5696    2.14405    100.904    33.7683    26.3704 -9.990e-29
 286.501933    101.768  34.721682     7.5699    2.14624    100.894    33.7684    26.3704 -9.990e-29
 286.501939    101.771  34.721749     7.5700    2.15340    100.897    33.7684    26.3704 -9.990e-29
 286.501944    101.788  34.721657     7.5698    2.15024    100.914    33.7685    26.3705 -9.990e-29
 286.501950    101.815  34.721865     7.5696    2.15692    100.940    33.7689    26.3708 -9.990e-29
 286.501956    101.846  34.722108     7.5699    2.14790    100.971    33.7688    26.3707 -9.990e-29
 286.501962    101.875  34.722171     7.5704    2.14339    101.000    33.7684    26.3703 -9.990e-29
 286.501968    101.889  34.722157     7.5707    2.14525    101.014    33.7681    26.3700 -9.990e-29
 286.501973    101.883  34.722068     7.5708    2.14306    101.008    33.7679    26.3699 -9.990e-29
 286.501979    101.854  34.721806     7.5707    2.15565    100.979    33.7677    26.3698 -9.990e-29
 286.501985    101.793  34.721604     7.5705    2.14916    100.919    33.7677    26.3698 -9.990e-29
 286.501991    101.679  34.721772     7.5707    2.14657    100.806    33.7678    26.3698 -9.990e-29
 286.501997    101.496  34.721995     7.5712    2.14500    100.624    33.7676    26.3696 0.0000e+00
 286.502002    101.245  34.722029     7.5713    2.15149    100.375    33.7677    26.3696 0.0000e+00
 286.502008    100.940  34.721941     7.5710    2.14010    100.073    33.7680    26.3699 0.0000e+00
 286.502014    100.601  34.721639     7.5707    2.15364     99.737    33.7681    26.3701 0.0000e+00
 286.502020    100.244  34.721302     7.5705    2.14719     99.383    33.7681    26.3701 0.0000e+00
 286.502025     99.876  34.721067     7.5706    2.14472     99.018    33.7680    26.3699 0.0000e+00
 286.502031     99.505  34.720641     7.5708    2.14017     98.651    33.7675    26.3695 0.0000e+00
 286.502037     99.141  34.720039     7.5708    2.14058     98.290    33.7670    26.3691 0.0000e+00
 286.502043     98.790  34.719603     7.5708    2.14680     97.942    33.7667    26.3689 0.0000e+00
 286.502049     98.456  34.719337     7.5708    2.14879     97.611    33.7666    26.3688 0.0000e+00
 286.502054     98.144  34.718907     7.5708    2.15066     97.302    33.7663    26.3685 0.0000e+00
 286.502060     97.846  34.718324     7.5708    2.15531     97.006    33.7658    26.3682 0.0000e+00
 286.502066     97.544  34.717954     7.5708    2.16561     96.707    33.7655    26.3680 0.0000e+00
 286.502072     97.232  34.717884     7.5707    2.16792     96.398    33.7657    26.3681 0.0000e+00
 286.502078     96.914  34.717481     7.5705    2.16549     96.083    33.7656    26.3681 0.0000e+00
 286.502083     96.593  34.716230     7.5702    2.15993     95.764    33.7647    26.3674 0.0000e+00
 286.502089     96.269  34.714728     7.5702    2.17351     95.443    33.7632    26.3662 0.0000e+00
 286.502095     95.947  34.713798     7.5705    2.16849     95.124    33.7621    26.3653 0.0000e+00
 286.502101     95.629  34.713343     7.5707    2.17519     94.809    33.7615    26.3648 0.0000e+00
 286.502106     95.307  34.712779     7.5707    2.16417     94.490    33.7611    26.3645 0.0000e+00
 286.502112     94.969  34.711935     7.5706    2.17338     94.155    33.7604    26.3640 0.0000e+00
 286.502118     94.615  34.710829     7.5706    2.17083     93.804    33.7594    26.3631 0.0000e+00
 286.502124     94.258  34.709128     7.5707    2.18462     93.450    33.7576    26.3617 0.0000e+00
 286.502130     93.898  34.706830     7.5707    2.19731     93.093    33.7553    26.3599 0.0000e+00
 286.502135     93.532  34.704816     7.5707    2.19318     92.730    33.7533    26.3583 0.0000e+00
 286.502141     93.153  34.703787     7.5708    2.19320     92.355    33.7523    26.3575 0.0000e+00
 286.502147     92.759  34.702951     7.5710    2.19257     91.964    33.7514    26.3568 0.0000e+00
 286.502153     92.353  34.701218     7.5712    2.19004     91.562    33.7495    26.3553 0.0000e+00
 286.502159     91.945  34.699104     7.5715    2.18172     91.157    33.7471    26.3533 0.0000e+00
 286.502164     91.544  34.697734     7.5716    2.17779     90.760    33.7458    26.3522 0.0000e+00
 286.502170     91.152  34.696987     7.5715    2.16487     90.371    33.7452    26.3518 0.0000e+00
 286.502176     90.772  34.695330     7.5711    2.14719     89.995    33.7440    26.3509 0.0000e+00
 286.502182     90.404  34.691697     7.5706    2.14766     89.630    33.7408    26.3484 0.0000e+00
 286.502187     90.048  34.687430     7.5700    2.14904     89.277    33.7369    26.3455 0.0000e+00
 286.502193     89.701  34.685270     7.5697    2.14791     88.933    33.7350    26.3440 0.0000e+00
 286.502199     89.363  34.685722     7.5698    2.16243     88.598    33.7356    26.3444 0.0000e+00
 286.502205     89.025  34.686607     7.5697    2.14732     88.263    33.7368    26.3454 0.0000e+00
 286.502211     88.679  34.686324     7.5691    2.14482     87.920    33.7372    26.3458 0.0000e+00
 286.502216     88.320  34.685081     7.5684    2.12956     87.564    33.7367    26.3456 0.0000e+00
 286.502222     87.942  34.683481     7.5680    2.12500     87.189    33.7356    26.3447 0.0000e+00
 286.502228     87.546  34.681095     7.5675    2.11560     86.797    33.7337    26.3433 0.0000e+00
 286.502234     87.143  34.677566     7.5666    2.12428     86.397    33.7309    26.3412 0.0000e+00
 286.502240     86.736  34.673816     7.5657    2.13402     85.994    33.7279    26.3390 0.0000e+00
 286.502245     86.329  34.670472     7.5650    2.13797     85.591    33.7252    26.3369 0.0000e+00
 286.502251     85.936  34.667584     7.5646    2.13484     85.201    33.7227    26.3350 0.0000e+00
 286.502257     85.568  34.665807     7.5644    2.12917     84.836    33.7211    26.3338 0.0000e+00
 286.502263     85.226  34.665037     7.5645    2.11992     84.497    33.7203    26.3332 0.0000e+00
 286.502269     84.895  34.664268     7.5648    2.12038     84.169    33.7194    26.3324 0.0000e+00
 286.502274     84.563  34.663620     7.5652    2.12376     83.840    33.7185    26.3316 0.0000e+00
 286.502280     84.221  34.663368     7.5654    2.12607     83.501    33.7182    26.3313 0.0000e+00
 286.502286     83.870  34.662640     7.5654    2.13869     83.153    33.7175    26.3308 0.0000e+00
 286.502292     83.513  34.661048     7.5651    2.13171     82.799    33.7163    26.3299 0.0000e+00
 286.502297     83.153  34.659289     7.5646    2.13789     82.442    33.7150    26.3290 0.0000e+00
 286.502303     82.784  34.657833     7.5641    2.12934     82.077    33.7141    26.3283 0.0000e+00
 286.502309     82.399  34.656996     7.5638    2.13410     81.695    33.7137    26.3280 0.0000e+00
 286.502315     82.009  34.656801     7.5632    2.12903     81.308    33.7143    26.3285 0.0000e+00
 286.502321     81.623  34.656442     7.5625    2.13384     80.926    33.7147    26.3290 0.0000e+00
 286.502326     81.238  34.655453     7.5622    2.12938     80.544    33.7141    26.3286 0.0000e+00
 286.502332     80.846  34.654208     7.5622    2.13363     80.156    33.7130    26.3276 0.0000e+00
 286.502338     80.441  34.653300     7.5620    2.13729     79.754    33.7124    26.3272 0.0000e+00
 286.502344     80.012  34.652649     7.5614    2.14398     79.329    33.7125    26.3273 0.0000e+00
 286.502350     79.559  34.651399     7.5609    2.13067     78.880    33.7118    26.3269 0.0000e+00
 286.502355     79.095  34.649577     7.5608    2.13102     78.420    33.7102    26.3256 0.0000e+00
 286.502361     78.639  34.648130     7.5609    2.13111     77.968    33.7087    26.3245 0.0000e+00
 286.502367     78.200  34.647381     7.5611    2.13165     77.533    33.7079    26.3238 0.0000e+00
 286.502373     77.779  34.646908     7.5610    2.12867     77.115    33.7077    26.3236 0.0000e+00
 286.502378     77.376  34.646091     7.5607    2.13982     76.716    33.7073    26.3234 0.0000e+00
 286.502384     76.991  34.644972     7.5608    2.15241     76.334    33.7062    26.3225 0.0000e+00
 286.502390     76.625  34.644314     7.5616    2.16535     75.971    33.7049    26.3213 0.0000e+00
 286.502396     76.285  34.644373     7.5628    2.17526     75.634    33.7040    26.3204 0.0000e+00
 286.502402     75.979  34.644679     7.5639    2.16776     75.331    33.7034    26.3198 0.0000e+00
 286.502407     75.704  34.645092     7.5646    2.16105     75.058    33.7033    26.3196 0.0000e+00
 286.502413     75.453  34.645611     7.5646    2.14657     74.810    33.7039    26.3201 0.0000e+00
 286.502419     75.217  34.645821     7.5647    2.15747     74.576    33.7042    26.3203 0.0000e+00
 286.502425     74.982  34.646011     7.5652    2.16063     74.343    33.7040    26.3201 0.0000e+00
 286.502431     74.724  34.646447     7.5659    2.17116     74.087    33.7039    26.3199 0.0000e+00
 286.502436     74.426  34.646598     7.5666    2.18169     73.792    33.7036    26.3195 0.0000e+00
 286.502442     74.083  34.646673     7.5676    2.20162     73.452    33.7028    26.3188 0.0000e+00
 286.502448     73.694  34.647345     7.5691    2.20543     73.066    33.7023    26.3182 0.0000e+00
 286.502454     73.269  34.648400     7.5710    2.23457     72.645    33.7018    26.3175 0.0000e+00
 286.502459     72.819  34.649578     7.5737    2.24160     72.199    33.7007    26.3162 0.0000e+00
 286.502465     72.346  34.651340     7.5775    2.26645     71.730    33.6991    26.3145 0.0000e+00
 286.502471     71.850  34.653808     7.5828    2.27530     71.238    33.6969    26.3119 0.0000e+00
 286.502477     71.341  34.656921     7.5879    2.28599     70.733    33.6955    26.3101 0.0000e+00
 286.502483     70.848  34.660360     7.5910    2.29753     70.245    33.6965    26.3104 0.0000e+00
 286.502488     70.394  34.663122     7.5923    2.30088     69.795    33.6984    26.3118 0.0000e+00
 286.502494     69.985  34.664982     7.5928    2.31306     69.389    33.7001    26.3130 0.0000e+00
