data/oxygen options/OCNMS/OCNMS2/raw_data/2007/CTD_CA100_101307faed.cnv
* Sea-Bird SBE19 Data File:
* FileName = C:\2007_mooring_data\retrieval_101207\CTD_CA100_101307.hex
* Software Version 1.20
* Temperature SN = 2997
* Conductivity SN = 2997
* System UpLoad Time = Oct 13 2007 11:34:21
* SEACAT PROFILER V3.1c SN 2997   10/13/07  11:33:51.378
* strain gauge pressure sensor: S/N = 184829,  range = 3000 psia,  tc = 40
# nquan = 9                                 
# nvalues = 866                         
# units = specified
# name 0 = timeJ: Julian Days
# name 1 = prSM: Pressure, Strain Gauge [db]
# name 2 = c0mS/cm: Conductivity [mS/cm]
# name 3 = t090C: Temperature [ITS-90, deg C]
# name 4 = oxML/L: Oxygen, Beckman/YSI [ml/l]
# name 5 = depSM: Depth [salt water, m], lat = 47.5
# name 6 = sal00: Salinity, Practical [PSU]
# name 7 = sigma-é00: Density [sigma-theta, kg/m^3]
# name 8 = flag: flag
# span 0 = 286.448935, 286.453941       
# span 1 =      0.592,    102.469       
# span 2 =   0.984720,  36.709839       
# span 3 =     7.5216,    13.2071       
# span 4 =   -0.07151,   33.14269       
# span 5 =      0.587,    101.589       
# span 6 =     0.6394,    33.7650       
# span 7 =    -0.1436,    26.3650       
# span 8 = 0.0000e+00, 0.0000e+00       
# interval = seconds: 0.5
# start_time = Oct 13 2007 10:46:28 [Instrument's time stamp, header]
# bad_flag = -9.990e-29
*END*
[from data line 801]
 286.453571     25.944  35.744251    10.7673    6.61812     25.726    31.9174    24.4170 0.0000e+00
 286.453576     25.476  35.792767    10.8907    6.60830     25.262    31.8582    24.3495 0.0000e+00
 286.453582     25.023  35.877630    10.9912    6.62989     24.813    31.8550    24.3295 0.0000e+00
 286.453588     24.598  35.969092    11.0511    6.64244     24.391    31.8933    24.3489 0.0000e+00
 286.453594     24.197  36.043973    11.0865    6.63309     23.994    31.9365    24.3762 0.0000e+00
 286.453600     23.809  36.090600    11.1007    6.61192     23.609    31.9703    24.4000 0.0000e+00
 286.453605     23.418  36.102778    11.0981    6.59576     23.221    31.9847    24.4116 0.0000e+00
 286.453611     23.015  36.092271    11.0966    6.60766     22.822    31.9758    24.4050 0.0000e+00
 286.453617     22.601  36.087118    11.1081    6.62147     22.411    31.9609    24.3914 0.0000e+00
 286.453623     22.170  36.106797    11.1259    6.63815     21.984    31.9650    24.3914 0.0000e+00
 286.453628     21.718  36.137757    11.1402    6.63494     21.536    31.9832    24.4030 0.0000e+00
 286.453634     21.245  36.150666    11.1572    6.62942     21.067    31.9814    24.3986 0.0000e+00
 286.453640     20.751  36.149858    11.1877    6.62225     20.577    31.9543    24.3721 0.0000e+00
 286.453646     20.230  36.158368    11.2256    6.62050     20.060    31.9300    24.3465 0.0000e+00
 286.453652     19.684  36.176340    11.2576    6.63655     19.519    31.9201    24.3332 0.0000e+00
 286.453657     19.124  36.194121    11.2800    6.64859     18.964    31.9184    24.3278 0.0000e+00
 286.453663     18.563  36.208534    11.2922    6.63634     18.407    31.9222    24.3286 0.0000e+00
 286.453669     18.008  36.217510    11.2959    6.60563     17.857    31.9280    24.3325 0.0000e+00
 286.453675     17.466  36.219580    11.2978    6.57660     17.319    31.9287    24.3326 0.0000e+00
 286.453681     16.940  36.216392    11.3043    6.59018     16.798    31.9201    24.3248 0.0000e+00
 286.453686     16.433  36.212115    11.3164    6.61557     16.295    31.9057    24.3114 0.0000e+00
 286.453692     15.951  36.214507    11.3317    6.65690     15.817    31.8950    24.3004 0.0000e+00
 286.453698     15.496  36.223964    11.3452    6.66142     15.366    31.8928    24.2962 0.0000e+00
 286.453704     15.054  36.230688    11.3566    6.63223     14.928    31.8897    24.2918 0.0000e+00
 286.453709     14.599  36.233004    11.3788    6.60786     14.477    31.8730    24.2748 0.0000e+00
 286.453715     14.125  36.241295    11.4196    6.59983     14.007    31.8461    24.2466 0.0000e+00
 286.453721     13.644  36.263822    11.4654    6.61159     13.530    31.8289    24.2250 0.0000e+00
 286.453727     13.173  36.299244    11.5017    6.62239     13.063    31.8324    24.2212 0.0000e+00
 286.453733     12.721  36.341560    11.5255    6.63406     12.614    31.8533    24.2332 0.0000e+00
 286.453738     12.288  36.377143    11.5389    6.62634     12.185    31.8766    24.2489 0.0000e+00
 286.453744     11.865  36.392353    11.5538    6.61925     11.766    31.8788    24.2478 0.0000e+00
 286.453750     11.437  36.396271    11.5858    6.58981     11.341    31.8553    24.2238 0.0000e+00
 286.453756     11.003  36.412627    11.6355    6.52239     10.911    31.8287    24.1941 0.0000e+00
 286.453762     10.565  36.445861    11.6900    6.41891     10.477    31.8144    24.1731 0.0000e+00
 286.453767     10.121  36.479201    11.7495    6.32782     10.036    31.7959    24.1479 0.0000e+00
 286.453773      9.668  36.506111    11.8205    6.27268      9.587    31.7615    24.1082 0.0000e+00
 286.453779      9.204  36.534459    11.8913    6.29440      9.127    31.7287    24.0698 0.0000e+00
 286.453785      8.733  36.567866    11.9475    6.34716      8.660    31.7132    24.0475 0.0000e+00
 286.453791      8.264  36.601008    11.9858    6.40081      8.195    31.7128    24.0400 0.0000e+00
 286.453796      7.797  36.623726    12.0093    6.44669      7.732    31.7149    24.0373 0.0000e+00
 286.453802      7.332  36.629332    12.0286    6.52440      7.271    31.7041    24.0253 0.0000e+00
 286.453808      6.874  36.621389    12.0486    6.59906      6.817    31.6796    24.0027 0.0000e+00
 286.453814      6.428  36.607257    12.0644    6.64627      6.374    31.6528    23.9789 0.0000e+00
 286.453819      6.000  36.591089    12.0762    6.64166      5.950    31.6274    23.9571 0.0000e+00
 286.453825      5.593  36.574321    12.0901    6.55946      5.546    31.5997    23.9330 0.0000e+00
 286.453831      5.202  36.554785    12.1142    6.22126      5.159    31.5608    23.8983 0.0000e+00
 286.453837      4.820  36.524376    12.1593    6.26712      4.780    31.4937    23.8379 0.0000e+00
 286.453843      4.444  36.470581    12.2246    6.21799      4.407    31.3875    23.7434 0.0000e+00
 286.453848      4.079  36.387820    12.2903    7.33094      4.045    31.2536    23.6274 0.0000e+00
 286.453854      3.733  36.256000    12.3376    7.40570      3.702    31.0887    23.4908 0.0000e+00
 286.453860      3.405  36.003075    12.3596    7.32684      3.377    30.8299    23.2861 0.0000e+00
 286.453866      3.095  35.655020    12.3554    7.47232      3.069    30.5026    23.0334 0.0000e+00
 286.453872      2.811  35.428740    12.3302    7.59471      2.788    30.3082    22.8875 0.0000e+00
 286.453877      2.554  35.438391    12.2909    7.72928      2.533    30.3493    22.9265 0.0000e+00
 286.453883      2.325  35.492281    12.2443    7.84862      2.306    30.4384    23.0042 0.0000e+00
 286.453889      2.129  35.395494    12.2011 -9.990e-29      2.111    30.3814    22.9680 0.0000e+00
 286.453895      1.963  34.861480    12.1664 -9.990e-29      1.947    29.9010    22.6020 0.0000e+00
 286.453900      1.823  32.754488    12.1327 -9.990e-29      1.808    27.9305    21.0820 -9.990e-29
 286.453906      1.704  25.941232    12.0944 -9.990e-29      1.690    21.6224    16.2094 -9.990e-29
 286.453912      1.607  15.388753    12.0552 -9.990e-29      1.594    12.2432     8.9731 -9.990e-29
 286.453918      1.529   7.870787    12.0210 -9.990e-29      1.516     5.9430     4.1110 -9.990e-29
 286.453924      1.467   4.940700    11.9922 -9.990e-29      1.455     3.6135     2.3110 -9.990e-29
 286.453929      1.420   3.861900    11.9650 -9.990e-29      1.408     2.7818     1.6693 -9.990e-29
 286.453935      1.393   3.581992    11.9514 -9.990e-29      1.381     2.5690     1.5058 -9.990e-29
 286.453941      1.386   3.530065 -9.990e-29 -9.990e-29      1.374 -9.990e-29 -9.990e-29 -9.990e-29
