data/oxygen options/OCNMS/OCNMS2/raw_data/2007/CTD_CE100_060607faedb.cnv
* Sea-Bird SBE19 Data File:
* FileName = C:\2007_mooring_data\CTD_CE100_060607.hex
* Software Version 1.1.6
* Temperature SN = 2997
* Conductivity SN = 2997
* System UpLoad Time = Jun 06 2007 10:16:15
* SEACAT PROFILER V3.1c SN 2997   06/06/07  10:15:33.950
* strain gauge pressure sensor: S/N = 184829,  range = 3000 psia,  tc = 40
# nquan = 9
# nvalues = 99                          
# units = specified
# name 0 = timeJ: Julian Days
# name 1 = prSM: Pressure, Strain Gauge [db]
# name 2 = c0mS/cm: Conductivity [mS/cm]
# name 3 = t090C: Temperature [ITS-90, deg C]
# name 4 = oxML/L: Oxygen, Beckman/YSI [ml/l]
# name 5 = depSM: Depth [salt water, m], lat = 47.5
# name 6 = sal00: Salinity, Practical [PSU]
# name 7 = sigma-é00: Density [sigma-theta, kg/m^3]
# name 8 = flag: flag
# span 0 = 157.424117, 157.425351       
# span 1 =      2.000,    100.000       
# span 2 =  33.428813,  36.538682       
# span 3 =     6.9673,    12.2816       
# span 4 =    1.91792,    7.12282       
# span 5 =      1.983,     99.141       
# span 6 =    31.4058,    33.9213       
# span 7 =    23.7469,    26.5694       
# span 8 = 0.0000e+00, 0.0000e+00       
# interval = decibars: 1                
# start_time = Jun 06 2007 10:07:45 [Instrument's time stamp, header]
# bad_flag = -9.990e-29
*END*
 157.424117      2.000  36.538682    12.2816    7.07244      1.983    31.4058    23.7469 0.0000e+00
 157.424137      3.000  36.537309    12.2794    7.06785      2.975    31.4059    23.7475 0.0000e+00
 157.424152      4.000  36.536495    12.2774    7.03509      3.967    31.4064    23.7482 0.0000e+00
 157.424165      5.000  36.531616    12.2599    7.12282      4.958    31.4160    23.7589 0.0000e+00
 157.424177      6.000  36.502511    12.1791    7.10405      5.950    31.4557    23.8048 0.0000e+00
 157.424189      7.000  36.424070    12.0724    6.90082      6.942    31.4699    23.8356 0.0000e+00
 157.424200      8.000  36.363208    11.9840    6.90960      7.933    31.4854    23.8640 0.0000e+00
 157.424210      9.000  36.277703    11.8153    7.01989      8.925    31.5453    23.9414 0.0000e+00
 157.424221     10.000  36.087398    11.5635    6.92823      9.916    31.5745    24.0096 0.0000e+00
 157.424231     11.000  35.885797    11.3619    6.78714     10.908    31.5496    24.0264 0.0000e+00
 157.424242     12.000  35.760046    11.2132    6.69162     11.899    31.5534    24.0558 0.0000e+00
 157.424252     13.000  35.701777    11.0954    6.62844     12.891    31.5968    24.1102 0.0000e+00
 157.424263     14.000  35.642728    10.9671    6.56778     13.883    31.6486    24.1730 0.0000e+00
 157.424275     15.000  35.584134    10.8411    6.51741     14.874    31.6992    24.2342 0.0000e+00
 157.424285     16.000  35.535712    10.7293    6.41497     15.866    31.7477    24.2913 0.0000e+00
 157.424296     17.000  35.491762    10.6277    6.29676     16.857    31.7920    24.3431 0.0000e+00
 157.424307     18.000  35.446663    10.5398    6.25603     17.849    31.8232    24.3824 0.0000e+00
 157.424318     19.000  35.394719    10.4298    5.95593     18.841    31.8672    24.4353 0.0000e+00
 157.424329     20.000  35.312485    10.2519    5.46394     19.832    31.9405    24.5224 0.0000e+00
 157.424340     21.000  35.214033    10.0327    4.89693     20.824    32.0345    24.6321 0.0000e+00
 157.424351     22.000  35.061895     9.6363    4.33846     21.815    32.2328    24.8517 0.0000e+00
 157.424362     23.000  34.633980     9.0619    4.19517     22.807    32.3106    25.0037 0.0000e+00
 157.424373     24.000  34.266490     8.7781    4.81645     23.798    32.1863    24.9500 0.0000e+00
 157.424386     25.000  34.166745     8.6054    5.66171     24.790    32.2386    25.0171 0.0000e+00
 157.424396     26.000  34.107854     8.4461    6.02730     25.781    32.3221    25.1063 0.0000e+00
 157.424408     27.000  34.056954     8.3364    6.09501     26.773    32.3689    25.1593 0.0000e+00
 157.424420     28.000  33.991323     8.2659    6.10663     27.765    32.3639    25.1658 0.0000e+00
 157.424433     29.000  33.954757     8.2069    6.04479     28.756    32.3792    25.1865 0.0000e+00
 157.424445     30.000  33.928058     8.1669    5.97155     29.748    32.3874    25.1988 0.0000e+00
 157.424456     31.000  33.902023     8.1188    6.03622     30.739    32.4038    25.2186 0.0000e+00
 157.424467     32.000  33.857771     8.0269    6.17260     31.730    32.4415    25.2615 0.0000e+00
 157.424477     33.000  33.774695     7.8971    5.76423     32.722    32.4730    25.3049 0.0000e+00
 157.424489     34.000  33.712219     7.8367    4.90883     33.713    32.4620    25.3050 0.0000e+00
 157.424501     35.000  33.786378     7.8788    4.47387     34.705    32.5015    25.3300 0.0000e+00
 157.424515     36.000  33.909827     7.9320    4.39397     35.696    32.5832    25.3865 0.0000e+00
 157.424530     37.000  33.894084     7.9188    4.41657     36.688    32.5782    25.3845 0.0000e+00
 157.424544     38.000  33.887117     7.8615    4.62088     37.679    32.6239    25.4286 0.0000e+00
 157.424556     39.000  33.826635     7.7678    4.86595     38.671    32.6464    25.4597 0.0000e+00
 157.424568     40.000  33.768595     7.6760    5.20911     39.662    32.6697    25.4910 0.0000e+00
 157.424578     41.000  33.692383     7.5736    5.55409     40.654    32.6835    25.5163 0.0000e+00
 157.424589     42.000  33.594006     7.4639    5.81572     41.645    32.6804    25.5291 0.0000e+00
 157.424600     43.000  33.486747     7.3657    5.88670     42.637    32.6565    25.5239 0.0000e+00
 157.424611     44.000  33.433256     7.3135    5.85642     43.628    32.6473    25.5239 0.0000e+00
 157.424624     45.000  33.439693     7.3195    5.83512     44.620    32.6482    25.5238 0.0000e+00
 157.424637     46.000  33.442316     7.3044    5.80024     45.611    32.6648    25.5389 0.0000e+00
 157.424648     47.000  33.428813     7.2841    5.72956     46.602    32.6688    25.5449 0.0000e+00
 157.424659     48.000  33.429371     7.2746    5.66559     47.594    32.6780    25.5534 0.0000e+00
 157.424668     49.000  33.438518     7.2721    5.61123     48.585    32.6897    25.5631 0.0000e+00
 157.424679     50.000  33.453178     7.2693    5.55418     49.576    32.7079    25.5777 0.0000e+00
 157.424690     51.000  33.466924     7.2594    5.53663     50.568    32.7316    25.5977 0.0000e+00
 157.424701     52.000  33.479798     7.2426    5.53802     51.560    32.7611    25.6232 0.0000e+00
 157.424713     53.000  33.488042     7.2229    5.53738     52.551    32.7882    25.6472 0.0000e+00
 157.424727     54.000  33.489146     7.2143    5.50081     53.542    32.7971    25.6555 0.0000e+00
 157.424740     55.000  33.501436     7.2017    5.37257     54.534    32.8220    25.6767 0.0000e+00
 157.424751     56.000  33.531190     7.1852    5.22242     55.525    32.8696    25.7165 0.0000e+00
 157.424762     57.000  33.566594     7.1670    5.06543     56.517    32.9249    25.7625 0.0000e+00
 157.424773     58.000  33.599507     7.1517    4.91276     57.508    32.9749    25.8039 0.0000e+00
 157.424785     59.000  33.640980     7.1450    4.71466     58.499    33.0260    25.8450 0.0000e+00
 157.424798     60.000  33.674680     7.1435    4.31992     59.491    33.0637    25.8749 0.0000e+00
 157.424811     61.000  33.743423     7.1531    3.86734     60.482    33.1289    25.9250 0.0000e+00
 157.424823     62.000  33.853430     7.1776    3.59444     61.473    33.2247    25.9970 0.0000e+00
 157.424836     63.000  33.967436     7.1918    3.51740     62.465    33.3347    26.0817 0.0000e+00
 157.424849     64.000  33.993224     7.1887    3.50581     63.456    33.3653    26.1062 0.0000e+00
 157.424862     65.000  34.004024     7.1716    3.49253     64.448    33.3932    26.1305 0.0000e+00
 157.424874     66.000  34.013836     7.1457    3.49052     65.439    33.4284    26.1619 0.0000e+00
 157.424887     67.000  34.019857     7.1211    3.54675     66.430    33.4585    26.1888 0.0000e+00
 157.424901     68.000  34.017145     7.0849    3.68473     67.422    33.4901    26.2187 0.0000e+00
 157.424913     69.000  34.002823     7.0378    3.70312     68.413    33.5198    26.2485 0.0000e+00
 157.424926     70.000  34.001273     7.0164    3.58651     69.404    33.5384    26.2661 0.0000e+00
 157.424939     71.000  34.055020     7.0404    3.45174     70.395    33.5734    26.2904 0.0000e+00
 157.424955     72.000  34.143577     7.0912    3.26705     71.386    33.6202    26.3203 0.0000e+00
 157.424970     73.000  34.210098     7.1572    3.06698     72.378    33.6281    26.3175 0.0000e+00
 157.424983     74.000  34.295726     7.2131    2.99655     73.369    33.6666    26.3401 0.0000e+00
 157.424995     75.000  34.334228     7.2202    2.99114     74.360    33.7011    26.3663 0.0000e+00
 157.425008     76.000  34.327287     7.1903    2.99573     75.352    33.7223    26.3870 0.0000e+00
 157.425020     77.000  34.312448     7.1699    2.99920     76.343    33.7255    26.3925 0.0000e+00
 157.425036     78.000  34.309358     7.1664    2.97714     77.335    33.7251    26.3926 0.0000e+00
 157.425051     79.000  34.300503     7.1474    3.07367     78.326    33.7335    26.4019 0.0000e+00
 157.425064     80.000  34.255249     7.0766    3.16235     79.317    33.7528    26.4268 0.0000e+00
 157.425076     81.000  34.185720     7.0049    3.17481     80.308    33.7464    26.4316 0.0000e+00
 157.425088     82.000  34.153936     6.9740    3.10973     81.300    33.7413    26.4319 0.0000e+00
 157.425099     83.000  34.153903     6.9673    2.96108     82.291    33.7474    26.4375 0.0000e+00
 157.425112     84.000  34.182114     6.9823    2.74699     83.282    33.7631    26.4479 0.0000e+00
 157.425125     85.000  34.230736     7.0080    2.47082     84.273    33.7908    26.4662 0.0000e+00
 157.425138     86.000  34.284156     7.0278    2.23875     85.264    33.8294    26.4939 0.0000e+00
 157.425151     87.000  34.331419     7.0342    2.14166     86.256    33.8744    26.5285 0.0000e+00
 157.425166     88.000  34.346638     7.0328    2.12136     87.247    33.8920    26.5425 0.0000e+00
 157.425180     89.000  34.347295     7.0288    2.10748     88.238    33.8962    26.5464 0.0000e+00
 157.425194     90.000  34.348174     7.0244    2.09433     89.229    33.9010    26.5508 0.0000e+00
 157.425206     91.000  34.348080     7.0205    2.07971     90.221    33.9042    26.5539 0.0000e+00
 157.425220     92.000  34.348211     7.0176    2.05349     91.212    33.9067    26.5563 0.0000e+00
 157.425234     93.000  34.347954     7.0141    2.02278     92.203    33.9094    26.5589 0.0000e+00
 157.425250     94.000  34.349114     7.0095    2.00200     93.194    33.9147    26.5637 0.0000e+00
 157.425265     95.000  34.350830     7.0068    1.98632     94.185    33.9188    26.5673 0.0000e+00
 157.425281     96.000  34.351867     7.0060    1.97698     95.177    33.9202    26.5685 0.0000e+00
 157.425295     97.000  34.352794     7.0061    1.96766     96.168    33.9206    26.5689 0.0000e+00
 157.425311     98.000  34.354244     7.0065    1.95632     97.159    33.9213    26.5694 0.0000e+00
 157.425329     99.000  34.355498     7.0074    1.93846     98.150    33.9213    26.5693 0.0000e+00
 157.425351    100.000  34.347964     7.0095    1.91792     99.141    33.9105    26.5604 0.0000e+00
