data/oxygen options/OCNMS/OCNMS2/raw_data/2007/CTD_CE100_091807faedb.cnv
* Sea-Bird SBE19 Data File:
* FileName = C:\2007_mooring_data\Service_091807\CTD_CE100_091807.hex
* Software Version 1.20
* Temperature SN = 2997
* Conductivity SN = 2997
* System UpLoad Time = Sep 18 2007 11:13:04
* SEACAT PROFILER V3.1c SN 2997   09/18/07  11:11:51.750
* strain gauge pressure sensor: S/N = 184829,  range = 3000 psia,  tc = 40
# nquan = 9
# nvalues = 101                         
# units = specified
# name 0 = timeJ: Julian Days
# name 1 = prSM: Pressure, Strain Gauge [db]
# name 2 = c0mS/cm: Conductivity [mS/cm]
# name 3 = t090C: Temperature [ITS-90, deg C]
# name 4 = oxML/L: Oxygen, Beckman/YSI [ml/l]
# name 5 = depSM: Depth [salt water, m], lat = 47.5
# name 6 = sal00: Salinity, Practical [PSU]
# name 7 = sigma-é00: Density [sigma-theta, kg/m^3]
# name 8 = flag: flag
# span 0 = 261.461603, 261.462840       
# span 1 =      2.000,    102.000       
# span 2 =  34.151486,  37.381485       
# span 3 =     7.3581,    12.9337       
# span 4 =    1.42296,    6.89580       
# span 5 =      1.983,    101.124       
# span 6 =    31.6592,    33.8753       
# span 7 =    23.8192,    26.4834       
# span 8 = 0.0000e+00, 0.0000e+00       
# interval = decibars: 1                
# start_time = Sep 18 2007 11:00:48 [Instrument's time stamp, header]
# bad_flag = -9.990e-29
*END*
 261.461603      2.000  37.381485    12.9337    6.85882      1.983    31.6594    23.8192 0.0000e+00
 261.461629      3.000  37.380317    12.9322    6.89580      2.975    31.6592    23.8193 0.0000e+00
 261.461649      4.000  37.374718    12.9179    6.76247      3.967    31.6654    23.8270 0.0000e+00
 261.461664      5.000  37.349923    12.8727    6.41270      4.958    31.6795    23.8466 0.0000e+00
 261.461676      6.000  37.293851    12.7687    6.15504      5.950    31.7134    23.8930 0.0000e+00
 261.461689      7.000  37.062718    12.4646    5.76111      6.941    31.7497    23.9790 0.0000e+00
 261.461702      8.000  36.757914    12.0660    5.36741      7.933    31.7956    24.0893 0.0000e+00
 261.461714      9.000  36.509777    11.6819    5.07958      8.924    31.8841    24.2285 0.0000e+00
 261.461725     10.000  36.212290    11.1676    4.93883      9.916    32.0378    24.4401 0.0000e+00
 261.461737     11.000  35.819671    10.7038    4.98191     10.908    32.0540    24.5338 0.0000e+00
 261.461749     12.000  35.607931    10.4869    4.95456     11.899    32.0331    24.5548 0.0000e+00
 261.461762     13.000  35.542503    10.3839    4.77570     12.891    32.0580    24.5917 0.0000e+00
 261.461777     14.000  35.498049    10.1957    4.91349     13.882    32.1794    24.7179 0.0000e+00
 261.461788     15.000  35.348889     9.7811    5.09649     14.874    32.3982    24.9573 0.0000e+00
 261.461800     16.000  34.952209     9.1903    5.09425     15.866    32.5260    25.1522 0.0000e+00
 261.461810     17.000  34.628314     8.8593    4.91713     16.857    32.4924    25.1772 0.0000e+00
 261.461822     18.000  34.523171     8.7406    4.86684     17.848    32.4909    25.1941 0.0000e+00
 261.461835     19.000  34.513340     8.7528    4.90777     18.841    32.4690    25.1751 0.0000e+00
 261.461849     20.000  34.455786     8.6101    4.87975     19.832    32.5395    25.2520 0.0000e+00
 261.461862     21.000  34.346406     8.4861    4.78100     20.824    32.5385    25.2699 0.0000e+00
 261.461876     22.000  34.345039     8.4661    4.64650     21.815    32.5550    25.2858 0.0000e+00
 261.461891     23.000  34.372662     8.4774    4.56171     22.807    32.5732    25.2984 0.0000e+00
 261.461908     24.000  34.404232     8.5020    4.18842     23.798    32.5832    25.3026 0.0000e+00
 261.461923     25.000  34.443793     8.4842    3.96262     24.790    32.6408    25.3504 0.0000e+00
 261.461935     26.000  34.496216     8.4518    3.91100     25.781    32.7256    25.4217 0.0000e+00
 261.461947     27.000  34.508923     8.3907    3.89524     26.773    32.7953    25.4856 0.0000e+00
 261.461961     28.000  34.495236     8.3732    3.95679     27.764    32.7968    25.4894 0.0000e+00
 261.461975     29.000  34.468599     8.3080    4.03515     28.756    32.8290    25.5243 0.0000e+00
 261.461990     30.000  34.398121     8.2092    4.04435     29.748    32.8462    25.5525 0.0000e+00
 261.462004     31.000  34.384221     8.1942    4.07747     30.739    32.8451    25.5538 0.0000e+00
 261.462018     32.000  34.380147     8.1732    4.12412     31.731    32.8599    25.5685 0.0000e+00
 261.462027     33.000  34.357002     8.1309    4.16001     32.722    32.8746    25.5863 0.0000e+00
 261.462037     34.000  34.337420     8.0902    4.24016     33.713    32.8915    25.6055 0.0000e+00
 261.462046     35.000  34.319462     8.0410    4.34294     34.705    32.9181    25.6337 0.0000e+00
 261.462054     36.000  34.292744     7.9597    4.38535     35.696    32.9657    25.6827 0.0000e+00
 261.462062     37.000  34.251746     7.8633    4.38224     36.688    33.0126    25.7335 0.0000e+00
 261.462071     38.000  34.220863     7.7896    4.38596     37.680    33.0487    25.7725 0.0000e+00
 261.462080     39.000  34.211987     7.7385    4.33537     38.671    33.0872    25.8101 0.0000e+00
 261.462089     40.000  34.189955     7.6857    4.24634     39.662    33.1132    25.8381 0.0000e+00
 261.462098     41.000  34.151486     7.6541    4.21375     40.654    33.1015    25.8334 0.0000e+00
 261.462106     42.000  34.152833     7.6390    4.24482     41.645    33.1168    25.8476 0.0000e+00
 261.462115     43.000  34.182007     7.6075    4.25622     42.637    33.1778    25.9000 0.0000e+00
 261.462124     44.000  34.206403     7.5667    4.25380     43.628    33.2425    25.9567 0.0000e+00
 261.462133     45.000  34.209655     7.5318    4.23891     44.620    33.2791    25.9903 0.0000e+00
 261.462143     46.000  34.209307     7.5119    4.24293     45.611    33.2972    26.0074 0.0000e+00
 261.462154     47.000  34.211132     7.5012    4.27030     46.602    33.3091    26.0182 0.0000e+00
 261.462165     48.000  34.212725     7.4884    4.28084     47.594    33.3226    26.0307 0.0000e+00
 261.462175     49.000  34.220321     7.4811    4.27366     48.586    33.3373    26.0434 0.0000e+00
 261.462185     50.000  34.250065     7.4962    4.24638     49.577    33.3546    26.0548 0.0000e+00
 261.462193     51.000  34.296412     7.5170    4.22111     50.569    33.3842    26.0751 0.0000e+00
 261.462202     52.000  34.325878     7.5292    4.12815     51.560    33.4039    26.0889 0.0000e+00
 261.462211     53.000  34.346348     7.5400    4.04495     52.551    33.4150    26.0962 0.0000e+00
 261.462219     54.000  34.373541     7.5509    3.96050     53.542    33.4334    26.1091 0.0000e+00
 261.462228     55.000  34.407886     7.5645    3.87097     54.534    33.4570    26.1257 0.0000e+00
 261.462238     56.000  34.461509     7.5843    3.78332     55.525    33.4954    26.1530 0.0000e+00
 261.462247     57.000  34.510055     7.5971    3.78539     56.516    33.5350    26.1824 0.0000e+00
 261.462258     58.000  34.532866     7.6007    3.81830     57.508    33.5556    26.1982 0.0000e+00
 261.462270     59.000  34.523759     7.5950    3.79194     58.499    33.5508    26.1952 0.0000e+00
 261.462282     60.000  34.519044     7.6027    3.71623     59.491    33.5378    26.1838 0.0000e+00
 261.462293     61.000  34.566769     7.6203    3.63760     60.482    33.5718    26.2081 0.0000e+00
 261.462303     62.000  34.602477     7.6286    3.55886     61.474    33.6018    26.2305 0.0000e+00
 261.462314     63.000  34.618773     7.6275    3.49993     62.465    33.6200    26.2450 0.0000e+00
 261.462324     64.000  34.639444     7.6222    3.49404     63.456    33.6469    26.2669 0.0000e+00
 261.462334     65.000  34.650971     7.6118    3.42428     64.447    33.6690    26.2858 0.0000e+00
 261.462345     66.000  34.642637     7.5928    3.34974     65.439    33.6780    26.2956 0.0000e+00
 261.462356     67.000  34.630858     7.5736    3.37306     66.430    33.6833    26.3026 0.0000e+00
 261.462370     68.000  34.638722     7.5721    3.45460     67.422    33.6928    26.3102 0.0000e+00
 261.462387     69.000  34.644453     7.5691    3.16640     68.413    33.7015    26.3174 0.0000e+00
 261.462407     70.000  34.628961     7.5180    2.91829     69.404    33.7338    26.3502 0.0000e+00
 261.462427     71.000  34.597331     7.4882    2.60779     70.395    33.7280    26.3498 0.0000e+00
 261.462443     72.000  34.579699     7.4345    2.11129     71.387    33.7607    26.3831 0.0000e+00
 261.462457     73.000  34.547472     7.3771    1.93355     72.378    33.7811    26.4073 0.0000e+00
 261.462470     74.000  34.549523     7.3645    1.87352     73.369    33.7952    26.4202 0.0000e+00
 261.462485     75.000  34.566595     7.3668    1.85911     74.361    33.8110    26.4323 0.0000e+00
 261.462503     76.000  34.578178     7.3701    1.89379     75.352    33.8199    26.4389 0.0000e+00
 261.462520     77.000  34.581041     7.3746    1.88703     76.343    33.8181    26.4368 0.0000e+00
 261.462536     78.000  34.591745     7.3805    2.13694     77.335    33.8235    26.4402 0.0000e+00
 261.462547     79.000  34.623247     7.3927    2.00857     78.326    33.8453    26.4557 0.0000e+00
 261.462559     80.000  34.638853     7.3965    1.85859     79.317    33.8581    26.4653 0.0000e+00
 261.462569     81.000  34.641647     7.3953    1.73883     80.308    33.8618    26.4684 0.0000e+00
 261.462581     82.000  34.638298     7.3875    1.63691     81.300    33.8654    26.4722 0.0000e+00
 261.462592     83.000  34.634111     7.3756    1.58038     82.291    33.8719    26.4791 0.0000e+00
 261.462601     84.000  34.631598     7.3721    1.56175     83.282    33.8722    26.4798 0.0000e+00
 261.462610     85.000  34.631941     7.3706    1.57330     84.274    33.8735    26.4811 0.0000e+00
 261.462620     86.000  34.632121     7.3698    1.56298     85.264    33.8740    26.4816 0.0000e+00
 261.462630     87.000  34.631605     7.3677    1.54702     86.256    33.8750    26.4826 0.0000e+00
 261.462640     88.000  34.629452     7.3645    1.52931     87.247    33.8753    26.4834 0.0000e+00
 261.462650     89.000  34.627138     7.3620    1.51906     88.238    33.8747    26.4833 0.0000e+00
 261.462661     90.000  34.625445     7.3606    1.54287     89.229    33.8738    26.4828 0.0000e+00
 261.462671     91.000  34.625055     7.3598    1.53384     90.221    33.8736    26.4828 0.0000e+00
 261.462681     92.000  34.625230     7.3597    1.52031     91.212    33.8735    26.4827 0.0000e+00
 261.462692     93.000  34.625439     7.3599    1.52020     92.203    33.8730    26.4823 0.0000e+00
 261.462703     94.000  34.625189     7.3598    1.50748     93.194    33.8724    26.4818 0.0000e+00
 261.462712     95.000  34.625451     7.3593    1.51214     94.185    33.8726    26.4822 0.0000e+00
 261.462723     96.000  34.626349     7.3588    1.50548     95.176    33.8736    26.4829 0.0000e+00
 261.462734     97.000  34.626590     7.3589    1.49930     96.168    33.8733    26.4827 0.0000e+00
 261.462747     98.000  34.626318     7.3589    1.49269     97.159    33.8725    26.4822 0.0000e+00
 261.462764     99.000  34.626411     7.3588    1.47677     98.150    33.8722    26.4819 0.0000e+00
 261.462782    100.000  34.625635     7.3581    1.47296     99.142    33.8716    26.4815 0.0000e+00
 261.462803    101.000  34.625058     7.3582    1.46159    100.133    33.8704    26.4806 0.0000e+00
 261.462840    102.000  34.584208     7.3593    1.42296    101.124    33.8244    26.4443 0.0000e+00
