data/oxygen options/OCNMS/OCNMS2/raw_data/2007/CTD_CA100_071007faed.cnv
* Sea-Bird SBE19 Data File:
* FileName = C:\2007_mooring_data\CTD_CA100_071007.hex
* Software Version 1.1.6
* Temperature SN = 2997
* Conductivity SN = 2997
* System UpLoad Time = Jul 10 2007 13:26:48
* SEACAT PROFILER V3.1c SN 2997   07/10/07  13:26:28.055
* strain gauge pressure sensor: S/N = 184829,  range = 3000 psia,  tc = 40
# nquan = 9                                 
# nvalues = 782                         
# units = specified
# name 0 = timeJ: Julian Days
# name 1 = prSM: Pressure, Strain Gauge [db]
# name 2 = c0mS/cm: Conductivity [mS/cm]
# name 3 = t090C: Temperature [ITS-90, deg C]
# name 4 = oxML/L: Oxygen, Beckman/YSI [ml/l]
# name 5 = depSM: Depth [salt water, m], lat = 47.5
# name 6 = sal00: Salinity, Practical [PSU]
# name 7 = sigma-é00: Density [sigma-theta, kg/m^3]
# name 8 = flag: flag
# span 0 = 191.551412, 191.555932       
# span 1 =     -6.116,     98.653       
# span 2 =   0.306155,  39.471982       
# span 3 =     6.4708,    18.3665       
# span 4 =   -0.06326,   28.52321       
# span 5 =     -6.065,     97.806       
# span 6 =     0.1704,    33.9399       
# span 7 =    -1.3179,    26.6535       
# span 8 = 0.0000e+00, 0.0000e+00       
# interval = seconds: 0.5
# start_time = Jul 10 2007 13:14:02 [Instrument's time stamp, header]
# bad_flag = -9.990e-29
*END*
[from data line 481]
 191.554196     35.004  34.137715     7.7510    3.28849     34.709    32.9975    25.7378 0.0000e+00
 191.554201     35.527  34.117419     7.7093    3.34466     35.227    33.0150    25.7575 0.0000e+00
 191.554207     36.072  34.084434     7.6641    3.36337     35.768    33.0221    25.7695 0.0000e+00
 191.554213     36.634  34.048533     7.6206    3.37090     36.325    33.0246    25.7776 0.0000e+00
 191.554219     37.211  34.025318     7.5852    3.37814     36.897    33.0329    25.7892 0.0000e+00
 191.554225     37.797  34.014070     7.5633    3.36765     37.478    33.0413    25.7989 0.0000e+00
 191.554230     38.390  34.007248     7.5516    3.37542     38.066    33.0448    25.8033 0.0000e+00
 191.554236     38.995  34.002471     7.5439    3.35995     38.666    33.0467    25.8059 0.0000e+00
 191.554242     39.615  33.998600     7.5375    3.32735     39.281    33.0483    25.8081 0.0000e+00
 191.554248     40.251  33.994960     7.5311    3.29777     39.911    33.0502    25.8104 0.0000e+00
 191.554253     40.900  33.991740     7.5247    3.24063     40.555    33.0525    25.8132 0.0000e+00
 191.554259     41.561  33.990253     7.5191    3.21072     41.210    33.0559    25.8166 0.0000e+00
 191.554265     42.234  33.993002     7.5131    3.16698     41.877    33.0643    25.8241 0.0000e+00
 191.554271     42.918  34.000291     7.5041    3.13991     42.555    33.0804    25.8380 0.0000e+00
 191.554277     43.609  34.007275     7.4924    3.12495     43.240    33.0988    25.8541 0.0000e+00
 191.554282     44.301  34.010384     7.4825    3.10810     43.927    33.1113    25.8653 0.0000e+00
 191.554288     44.985  34.010961     7.4765    3.10672     44.605    33.1173    25.8709 0.0000e+00
 191.554294     45.654  34.010897     7.4722    3.09180     45.268    33.1210    25.8744 0.0000e+00
 191.554300     46.307  34.010669     7.4669    3.06466     45.915    33.1255    25.8787 0.0000e+00
 191.554306     46.957  34.009976     7.4599    3.06112     46.560    33.1311    25.8841 0.0000e+00
 191.554311     47.609  34.009017     7.4504    3.04502     47.206    33.1389    25.8916 0.0000e+00
 191.554317     48.263  34.007637     7.4370    3.03934     47.855    33.1499    25.9021 0.0000e+00
 191.554323     48.918  34.005119     7.4207    3.03416     48.504    33.1624    25.9143 0.0000e+00
 191.554329     49.571  34.002032     7.4040    3.02167     49.151    33.1748    25.9263 0.0000e+00
 191.554334     50.223  33.999303     7.3899    3.02391     49.798    33.1850    25.9363 0.0000e+00
 191.554340     50.871  33.997216     7.3796    3.02458     50.440    33.1923    25.9435 0.0000e+00
 191.554346     51.517  33.995789     7.3715    3.01462     51.081    33.1982    25.9493 0.0000e+00
 191.554352     52.166  33.994804     7.3609    3.00004     51.724    33.2070    25.9577 0.0000e+00
 191.554358     52.811  33.994069     7.3436    2.95514     52.364    33.2225    25.9723 0.0000e+00
 191.554363     53.445  33.992609     7.3196    2.90688     52.992    33.2436    25.9923 0.0000e+00
 191.554369     54.070  33.989039     7.2913    2.86149     53.612    33.2667    26.0143 0.0000e+00
 191.554375     54.692  33.983641     7.2605    2.79647     54.228    33.2901    26.0370 0.0000e+00
 191.554381     55.317  33.977623     7.2278    2.74563     54.848    33.3148    26.0610 0.0000e+00
 191.554387     55.945  33.971364     7.1954    2.68744     55.471    33.3390    26.0844 0.0000e+00
 191.554392     56.573  33.964922     7.1675    2.65118     56.093    33.3586    26.1037 0.0000e+00
 191.554398     57.199  33.959232     7.1473    2.62021     56.714    33.3716    26.1167 0.0000e+00
 191.554404     57.819  33.955111     7.1343    2.57664     57.328    33.3794    26.1247 0.0000e+00
 191.554410     58.435  33.952666     7.1255    2.55640     57.939    33.3849    26.1302 0.0000e+00
 191.554416     59.046  33.951438     7.1172    2.51933     58.545    33.3913    26.1364 0.0000e+00
 191.554421     59.650  33.950351     7.1076    2.49230     59.144    33.3991    26.1439 0.0000e+00
 191.554427     60.249  33.948519     7.0967    2.45623     59.737    33.4074    26.1519 0.0000e+00
 191.554433     60.853  33.945744     7.0839    2.40111     60.336    33.4165    26.1608 0.0000e+00
 191.554439     61.461  33.942251     7.0680    2.37659     60.939    33.4278    26.1719 0.0000e+00
 191.554444     62.073  33.938427     7.0489    2.33773     61.546    33.4419    26.1856 0.0000e+00
 191.554450     62.694  33.934780     7.0282    2.32882     62.161    33.4577    26.2008 0.0000e+00
 191.554456     63.329  33.931490     7.0089    2.32402     62.791    33.4725    26.2151 0.0000e+00
 191.554462     63.979  33.928093     6.9923    2.31159     63.435    33.4846    26.2269 0.0000e+00
 191.554468     64.640  33.923982     6.9778    2.30964     64.090    33.4939    26.2362 0.0000e+00
 191.554473     65.305  33.919839     6.9660    2.30625     64.750    33.5005    26.2431 0.0000e+00
 191.554479     65.975  33.916863     6.9572    2.29567     65.414    33.5055    26.2482 0.0000e+00
 191.554485     66.645  33.915010     6.9510    2.30884     66.078    33.5092    26.2519 0.0000e+00
 191.554491     67.306  33.913491     6.9449    2.31236     66.733    33.5132    26.2559 0.0000e+00
 191.554497     67.948  33.910842     6.9358    2.34062     67.370    33.5188    26.2616 0.0000e+00
 191.554502     68.566  33.905776     6.9227    2.37208     67.982    33.5257    26.2688 0.0000e+00
 191.554508     69.160  33.898264     6.9059    2.37644     68.571    33.5336    26.2772 0.0000e+00
 191.554514     69.734  33.888937     6.8873    2.39297     69.140    33.5412    26.2857 0.0000e+00
 191.554520     70.294  33.879369     6.8712    2.40197     69.695    33.5461    26.2918 0.0000e+00
 191.554525     70.850  33.871930     6.8592    2.40485     70.247    33.5494    26.2960 0.0000e+00
 191.554531     71.407  33.867350     6.8482    2.41753     70.799    33.5548    26.3018 0.0000e+00
 191.554537     71.970  33.863443     6.8353    2.41542     71.357    33.5629    26.3098 0.0000e+00
 191.554543     72.551  33.858367     6.8195    2.41424     71.933    33.5724    26.3195 0.0000e+00
 191.554549     73.155  33.852080     6.8000    2.43225     72.532    33.5843    26.3315 0.0000e+00
 191.554554     73.784  33.844604     6.7755    2.41724     73.155    33.5997    26.3469 0.0000e+00
 191.554560     74.432  33.836059     6.7458    2.42388     73.797    33.6191    26.3661 0.0000e+00
 191.554566     75.096  33.826817     6.7122    2.40610     74.456    33.6416    26.3883 0.0000e+00
 191.554572     75.761  33.817442     6.6799    2.39024     75.115    33.6626    26.4092 0.0000e+00
 191.554578     76.419  33.809998     6.6565    2.38718     75.767    33.6771    26.4237 0.0000e+00
 191.554583     77.068  33.806882     6.6416    2.35938     76.411    33.6880    26.4343 0.0000e+00
 191.554589     77.702  33.807860     6.6292    2.34770     77.039    33.7009    26.4462 0.0000e+00
 191.554595     78.315  33.810873     6.6172    2.32485     77.647    33.7158    26.4595 0.0000e+00
 191.554601     78.906  33.813778     6.6047    2.30242     78.232    33.7311    26.4731 0.0000e+00
 191.554606     79.485  33.815410     6.5910    2.27693     78.806    33.7461    26.4868 0.0000e+00
 191.554612     80.061  33.815706     6.5783    2.24715     79.377    33.7587    26.4984 0.0000e+00
 191.554618     80.642  33.815062     6.5679    2.21116     79.953    33.7679    26.5071 0.0000e+00
 191.554624     81.230  33.814301     6.5570    2.17549     80.536    33.7776    26.5161 0.0000e+00
 191.554630     81.827  33.814094     6.5431    2.12576     81.128    33.7908    26.5284 0.0000e+00
 191.554635     82.439  33.814728     6.5255    2.09230     81.735    33.8086    26.5448 0.0000e+00
 191.554641     83.069  33.816490     6.5058    2.06691     82.359    33.8298    26.5640 0.0000e+00
 191.554647     83.720  33.818929     6.4877    2.03645     83.004    33.8501    26.5824 0.0000e+00
 191.554653     84.384  33.821935     6.4756    2.01691     83.663    33.8651    26.5959 0.0000e+00
 191.554659     85.057  33.827278     6.4708    1.97345     84.330    33.8755    26.6047 0.0000e+00
 191.554664     85.736  33.836479     6.4726    1.94545     85.003    33.8836    26.6109 0.0000e+00
 191.554670     86.411  33.851160     6.4797    1.93317     85.672    33.8925    26.6170 0.0000e+00
 191.554676     87.079  33.871849     6.4886    1.91426     86.334    33.9063    26.6267 0.0000e+00
 191.554682     87.735  33.891959     6.4954    1.91492     86.984    33.9216    26.6379 0.0000e+00
 191.554688     88.369  33.904134     6.4993    1.91926     87.613    33.9309    26.6448 0.0000e+00
 191.554693     88.970  33.909484     6.5015    1.90518     88.208    33.9344    26.6472 0.0000e+00
 191.554699     89.534  33.911784     6.5026    1.91458     88.767    33.9356    26.6480 0.0000e+00
 191.554705     90.066  33.912983     6.5032    1.91055     89.295    33.9361    26.6483 0.0000e+00
 191.554711     90.574  33.914126     6.5039    1.91429     89.798    33.9364    26.6485 0.0000e+00
 191.554716     91.066  33.915058     6.5047    1.91245     90.286    33.9364    26.6484 0.0000e+00
 191.554722     91.550  33.915346     6.5049    1.90744     90.766    33.9363    26.6483 0.0000e+00
 191.554728     92.041  33.915379     6.5048    1.90652     91.252    33.9362    26.6482 0.0000e+00
 191.554734     92.540  33.915766     6.5050    1.91297     91.747    33.9361    26.6482 0.0000e+00
 191.554740     93.036  33.916470     6.5053    1.91450     92.239    33.9364    26.6483 0.0000e+00
 191.554745     93.521  33.917311     6.5057    1.90899     92.719    33.9367    26.6485 0.0000e+00
 191.554751     93.997  33.918294     6.5062    1.91114     93.191    33.9370    26.6487 0.0000e+00
 191.554757     94.472  33.919052     6.5063    1.90391     93.662    33.9375    26.6491 0.0000e+00
 191.554763     94.955  33.919480     6.5062    1.90817     94.141    33.9379    26.6494 0.0000e+00
 191.554769     95.447  33.920155     6.5063    1.90224     94.629    33.9383    26.6497 0.0000e+00
 191.554774     95.940  33.920859     6.5068    1.89344     95.117    33.9383    26.6497 0.0000e+00
 191.554780     96.420  33.921414     6.5074    1.88619     95.593    33.9381    26.6494 0.0000e+00
 191.554786     96.868  33.922004     6.5077    1.89549     96.037    33.9382    26.6495 0.0000e+00
 191.554792     97.272  33.922298     6.5076    1.89441     96.437    33.9385    26.6497 0.0000e+00
 191.554797     97.617  33.922130     6.5074    1.89845     96.779    33.9383    26.6496 0.0000e+00
 191.554803     97.905  33.921842     6.5077    1.89118     97.065    33.9375    26.6490 0.0000e+00
 191.554809     98.142  33.921616     6.5083    1.88749     97.300    33.9366    26.6481 0.0000e+00
 191.554815     98.324  33.920595     6.5089    1.90054     97.480    33.9348    26.6466 0.0000e+00
 191.554821     98.455  33.918543     6.5096    1.89626     97.610    33.9317    26.6441 -9.990e-29
 191.554826     98.548  33.917772     6.5099    1.89766     97.702    33.9305    26.6432 -9.990e-29
 191.554832     98.612  33.919502     6.5100    1.89545     97.766    33.9323    26.6446 -9.990e-29
 191.554838     98.648  33.921564     6.5103    1.88384     97.801    33.9343    26.6461 -9.990e-29
 191.554844     98.653  33.922792     6.5107    1.88657     97.806    33.9352    26.6468 -9.990e-29
 191.554850     98.628  33.923710     6.5113    1.89515     97.781    33.9357    26.6470 -9.990e-29
 191.554855     98.576  33.924427     6.5119    1.89022     97.730    33.9359    26.6471 -9.990e-29
 191.554861     98.502  33.924785     6.5124    1.90095     97.657    33.9358    26.6470 -9.990e-29
 191.554867     98.400  33.924707     6.5125    1.89198     97.555    33.9357    26.6469 -9.990e-29
 191.554873     98.257  33.924658     6.5127    1.87835     97.414    33.9355    26.6467 0.0000e+00
 191.554878     98.059  33.925137     6.5136    1.88751     97.218    33.9353    26.6464 0.0000e+00
 191.554884     97.796  33.926229     6.5143    1.87854     96.957    33.9359    26.6468 0.0000e+00
 191.554890     97.467  33.927156     6.5135    1.88260     96.631    33.9379    26.6485 0.0000e+00
 191.554896     97.074  33.926920     6.5115    1.89381     96.241    33.9398    26.6503 0.0000e+00
 191.554902     96.629  33.925776     6.5104    1.89369     95.800    33.9399    26.6504 0.0000e+00
 191.554907     96.140  33.924447     6.5103    1.88879     95.315    33.9387    26.6496 0.0000e+00
 191.554913     95.624  33.923221     6.5101    1.89342     94.804    33.9378    26.6489 0.0000e+00
 191.554919     95.095  33.922153     6.5095    1.87293     94.280    33.9375    26.6487 0.0000e+00
 191.554925     94.562  33.921318     6.5088    1.87077     93.751    33.9375    26.6488 0.0000e+00
 191.554931     94.031  33.920733     6.5081    1.89141     93.225    33.9378    26.6491 0.0000e+00
 191.554936     93.505  33.919996     6.5077    1.88609     92.704    33.9377    26.6490 0.0000e+00
 191.554942     92.994  33.918687     6.5078    1.89269     92.197    33.9364    26.6480 0.0000e+00
 191.554948     92.500  33.917308     6.5082    1.88842     91.707    33.9347    26.6466 0.0000e+00
 191.554954     92.014  33.916827     6.5085    1.88252     91.226    33.9341    26.6461 0.0000e+00
 191.554959     91.525  33.917168     6.5088    1.88752     90.741    33.9344    26.6463 0.0000e+00
 191.554965     91.028  33.917667     6.5090    1.88788     90.248    33.9350    26.6467 0.0000e+00
 191.554971     90.517  33.917873     6.5087    1.88768     89.742    33.9358    26.6474 0.0000e+00
 191.554977     89.990  33.917505     6.5077    1.88818     89.219    33.9367    26.6482 0.0000e+00
 191.554983     89.452  33.916637     6.5069    1.89786     88.686    33.9368    26.6484 0.0000e+00
 191.554988     88.912  33.915237     6.5063    1.89085     88.151    33.9361    26.6479 0.0000e+00
 191.554994     88.368  33.913684     6.5053    1.90716     87.612    33.9356    26.6477 0.0000e+00
 191.555000     87.809  33.912154     6.5025    1.93499     87.058    33.9370    26.6491 0.0000e+00
 191.555006     87.221  33.908612     6.4959    1.95716     86.475    33.9399    26.6522 0.0000e+00
 191.555012     86.599  33.899458     6.4860    1.98010     85.858    33.9399    26.6535 0.0000e+00
 191.555017     85.956  33.883137     6.4771    1.99759     85.221    33.9309    26.6476 0.0000e+00
 191.555023     85.311  33.865344     6.4723    2.00529     84.582    33.9162    26.6366 0.0000e+00
 191.555029     84.678  33.854297     6.4715    2.03283     83.954    33.9050    26.6279 0.0000e+00
 191.555035     84.065  33.847597     6.4732    2.08005     83.346    33.8962    26.6207 0.0000e+00
 191.555041     83.466  33.839674     6.4782    2.10340     82.753    33.8827    26.6094 0.0000e+00
 191.555046     82.865  33.833416     6.4905    2.15807     82.157    33.8638    26.5929 0.0000e+00
 191.555052     82.250  33.828329     6.5099    2.19818     81.547    33.8392    26.5710 0.0000e+00
 191.555058     81.633  33.820433     6.5279    2.22536     80.936    33.8130    26.5479 0.0000e+00
 191.555064     81.035  33.812656     6.5393    2.26123     80.343    33.7933    26.5309 0.0000e+00
 191.555069     80.451  33.808083     6.5477    2.28532     79.764    33.7803    26.5195 0.0000e+00
 191.555075     79.862  33.805667     6.5597    2.30793     79.180    33.7660    26.5066 0.0000e+00
 191.555081     79.257  33.804434     6.5771    2.32940     78.580    33.7478    26.4900 0.0000e+00
 191.555087     78.639  33.803864     6.5942    2.35483     77.968    33.7306    26.4741 0.0000e+00
 191.555093     78.025  33.803204     6.6055    2.36706     77.359    33.7190    26.4635 0.0000e+00
 191.555098     77.427  33.802142     6.6125    2.37875     76.766    33.7112    26.4564 0.0000e+00
 191.555104     76.837  33.800951     6.6217    2.39030     76.182    33.7011    26.4473 0.0000e+00
 191.555110     76.240  33.799730     6.6405    2.40113     75.590    33.6815    26.4293 0.0000e+00
