data/oxygen options/OCNMS/OCNMS2/raw_data/2007/CTD_TH100_080807faedb.cnv
* Sea-Bird SBE19 Data File:
* FileName = C:\2007_mooring_data\CTD_TH100_080807.hex
* Software Version 1.1.6
* Temperature SN = 2997
* Conductivity SN = 2997
* System UpLoad Time = Aug 08 2007 09:17:41
* SEACAT PROFILER V3.1c SN 2997   08/08/07  09:17:20.443
* strain gauge pressure sensor: S/N = 184829,  range = 3000 psia,  tc = 40
# nquan = 9
# nvalues = 99                          
# units = specified
# name 0 = timeJ: Julian Days
# name 1 = prSM: Pressure, Strain Gauge [db]
# name 2 = c0mS/cm: Conductivity [mS/cm]
# name 3 = t090C: Temperature [ITS-90, deg C]
# name 4 = oxML/L: Oxygen, Beckman/YSI [ml/l]
# name 5 = depSM: Depth [salt water, m], lat = 47.5
# name 6 = sal00: Salinity, Practical [PSU]
# name 7 = sigma-é00: Density [sigma-theta, kg/m^3]
# name 8 = flag: flag
# span 0 = 220.381303, 220.382521       
# span 1 =      1.000,     99.000       
# span 2 =  34.092767,  37.317370       
# span 3 =     6.9508,    13.4185       
# span 4 =    3.17981,    8.02220       
# span 5 =      0.992,     98.150       
# span 6 =    31.1988,    33.8897       
# span 7 =    23.3680,    26.5418       
# span 8 = 0.0000e+00, 0.0000e+00       
# interval = decibars: 1                
# start_time = Aug 08 2007 09:05:38 [Instrument's time stamp, header]
# bad_flag = -9.990e-29
*END*
 220.381303      1.000  37.317370    13.4185    7.96803      0.992    31.1988    23.3680 0.0000e+00
 220.381323      2.000  37.309273    13.4070    8.02220      1.983    31.2003    23.3715 0.0000e+00
 220.381340      3.000  37.298621    13.3927    7.62651      2.975    31.2017    23.3755 0.0000e+00
 220.381352      4.000  37.286705    13.3662    6.61732      3.966    31.2119    23.3886 0.0000e+00
 220.381364      5.000  37.246157    13.2354    5.52404      4.959    31.2811    23.4678 0.0000e+00
 220.381374      6.000  37.034613    12.7846    4.98178      5.950    31.4552    23.6898 0.0000e+00
 220.381384      7.000  36.669877    12.2358    4.83058      6.941    31.5679    23.8809 0.0000e+00
 220.381394      8.000  36.332423    11.7687    4.77419      7.933    31.6383    24.0220 0.0000e+00
 220.381403      9.000  36.098902    11.4678    4.81214      8.925    31.6679    24.0994 0.0000e+00
 220.381413     10.000  35.970038    11.2434    4.85690      9.916    31.7341    24.1909 0.0000e+00
 220.381422     11.000  35.849290    10.9927    4.89650     10.908    31.8316    24.3107 0.0000e+00
 220.381431     12.000  35.648608    10.7068    4.95992     11.899    31.8811    24.3988 0.0000e+00
 220.381442     13.000  35.473274    10.5143    4.98867     12.891    31.8742    24.4263 0.0000e+00
 220.381453     14.000  35.384890    10.4014    4.95770     13.882    31.8843    24.4535 0.0000e+00
 220.381462     15.000  35.360968    10.3572    4.91477     14.875    31.8986    24.4721 0.0000e+00
 220.381472     16.000  35.339223    10.3086    4.89500     15.866    31.9191    24.4962 0.0000e+00
 220.381480     17.000  35.290228    10.2204    4.81765     16.858    31.9471    24.5328 0.0000e+00
 220.381490     18.000  35.183455    10.0817    4.73093     17.849    31.9615    24.5671 0.0000e+00
 220.381500     19.000  35.094922     9.9738    4.66852     18.841    31.9670    24.5892 0.0000e+00
 220.381510     20.000  35.068491     9.8821    4.59745     19.832    32.0211    24.6465 0.0000e+00
 220.381520     21.000  35.002473     9.6861    4.54759     20.823    32.1281    24.7619 0.0000e+00
 220.381531     22.000  34.854908     9.4229    4.48906     21.815    32.2128    24.8702 0.0000e+00
 220.381540     23.000  34.724873     9.2018    4.43333     22.806    32.2780    24.9562 0.0000e+00
 220.381550     24.000  34.621531     9.0190    4.39863     23.798    32.3363    25.0304 0.0000e+00
 220.381561     25.000  34.538257     8.8532    4.35817     24.790    32.4005    25.1061 0.0000e+00
 220.381570     26.000  34.470878     8.7187    4.33320     25.781    32.4528    25.1677 0.0000e+00
 220.381580     27.000  34.409614     8.5857    4.32729     26.773    32.5103    25.2329 0.0000e+00
 220.381589     28.000  34.348969     8.4579    4.32886     27.765    32.5641    25.2942 0.0000e+00
 220.381599     29.000  34.306491     8.3817    4.34884     28.756    32.5893    25.3254 0.0000e+00
 220.381610     30.000  34.290119     8.3473    4.33977     29.748    32.6034    25.3415 0.0000e+00
 220.381620     31.000  34.286233     8.3310    4.33055     30.739    32.6140    25.3523 0.0000e+00
 220.381631     32.000  34.296045     8.3319    4.34333     31.730    32.6230    25.3593 0.0000e+00
 220.381642     33.000  34.333278     8.3515    4.37836     32.722    32.6437    25.3726 0.0000e+00
 220.381653     34.000  34.378554     8.3751    4.40268     33.713    32.6691    25.3890 0.0000e+00
 220.381664     35.000  34.424470     8.4047    4.41689     34.705    32.6896    25.4007 0.0000e+00
 220.381674     36.000  34.474218     8.4313    4.41053     35.696    32.7169    25.4181 0.0000e+00
 220.381685     37.000  34.511255     8.4474    4.36799     36.688    32.7405    25.4342 0.0000e+00
 220.381696     38.000  34.536938     8.4471    4.33879     37.679    32.7673    25.4554 0.0000e+00
 220.381706     39.000  34.574083     8.4055    4.31553     38.671    32.8449    25.5223 0.0000e+00
 220.381718     40.000  34.602611     8.3258    4.30036     39.663    32.9489    25.6159 0.0000e+00
 220.381730     41.000  34.572772     8.2418    4.29949     40.653    32.9957    25.6651 0.0000e+00
 220.381741     42.000  34.553286     8.1866    4.25754     41.645    33.0265    25.6974 0.0000e+00
 220.381752     43.000  34.555961     8.1584    4.20015     42.637    33.0554    25.7243 0.0000e+00
 220.381762     44.000  34.576357     8.1271    4.14022     43.628    33.1062    25.7687 0.0000e+00
 220.381774     45.000  34.579220     8.0615    4.12505     44.619    33.1708    25.8291 0.0000e+00
 220.381785     46.000  34.551152     7.9568    4.10212     45.611    33.2397    25.8985 0.0000e+00
 220.381797     47.000  34.487694     7.8265    4.08988     46.603    33.2955    25.9611 0.0000e+00
 220.381807     48.000  34.446174     7.7531    4.07394     47.594    33.3205    25.9914 0.0000e+00
 220.381817     49.000  34.408244     7.6871    4.04675     48.585    33.3425    26.0182 0.0000e+00
 220.381828     50.000  34.366939     7.6245    4.03377     49.577    33.3574    26.0389 0.0000e+00
 220.381838     51.000  34.349278     7.5880    4.02650     50.568    33.3731    26.0563 0.0000e+00
 220.381849     52.000  34.340452     7.5563    4.02315     51.560    33.3935    26.0768 0.0000e+00
 220.381861     53.000  34.322673     7.5246    4.01451     52.551    33.4043    26.0899 0.0000e+00
 220.381872     54.000  34.309481     7.5072    4.02839     53.542    33.4063    26.0939 0.0000e+00
 220.381884     55.000  34.299544     7.4900    4.01783     54.534    33.4116    26.1006 0.0000e+00
 220.381896     56.000  34.291607     7.4794    4.00717     55.526    33.4128    26.1030 0.0000e+00
 220.381908     57.000  34.285975     7.4549    3.97472     56.516    33.4297    26.1198 0.0000e+00
 220.381920     58.000  34.257328     7.4035    3.97051     57.508    33.4479    26.1413 0.0000e+00
 220.381933     59.000  34.217897     7.3601    3.92543     58.499    33.4466    26.1463 0.0000e+00
 220.381945     60.000  34.191098     7.3178    3.88461     59.490    33.4578    26.1611 0.0000e+00
 220.381959     61.000  34.170976     7.2748    3.79393     60.482    33.4771    26.1822 0.0000e+00
 220.381972     62.000  34.159508     7.2237    3.75539     61.473    33.5136    26.2181 0.0000e+00
 220.381985     63.000  34.143138     7.1691    3.73459     62.465    33.5483    26.2529 0.0000e+00
 220.381997     64.000  34.113671     7.1043    3.73127     63.456    33.5787    26.2857 0.0000e+00
 220.382010     65.000  34.102110     7.0765    3.71543     64.447    33.5926    26.3005 0.0000e+00
 220.382023     66.000  34.105059     7.0716    3.68921     65.439    33.6002    26.3072 0.0000e+00
 220.382038     67.000  34.103211     7.0476    3.63934     66.430    33.6211    26.3269 0.0000e+00
 220.382051     68.000  34.092767     6.9879    3.54576     67.421    33.6675    26.3716 0.0000e+00
 220.382064     69.000  34.105966     6.9508    3.44242     68.413    33.7177    26.4163 0.0000e+00
 220.382078     70.000  34.166837     6.9629    3.33742     69.404    33.7723    26.4576 0.0000e+00
 220.382091     71.000  34.248051     7.0032    3.28372     70.395    33.8213    26.4907 0.0000e+00
 220.382104     72.000  34.324156     7.0360    3.27025     71.387    33.8720    26.5262 0.0000e+00
 220.382118     73.000  34.339182     7.0426    3.28360     72.378    33.8815    26.5328 0.0000e+00
 220.382132     74.000  34.343393     7.0442    3.27289     73.369    33.8841    26.5346 0.0000e+00
 220.382146     75.000  34.343543     7.0438    3.25833     74.360    33.8841    26.5347 0.0000e+00
 220.382159     76.000  34.344251     7.0441    3.26162     75.352    33.8842    26.5347 0.0000e+00
 220.382172     77.000  34.345111     7.0440    3.25696     76.343    33.8847    26.5351 0.0000e+00
 220.382184     78.000  34.346202     7.0445    3.25496     77.334    33.8849    26.5352 0.0000e+00
 220.382198     79.000  34.346751     7.0449    3.24541     78.326    33.8846    26.5350 0.0000e+00
 220.382212     80.000  34.346159     7.0430    3.22887     79.317    33.8854    26.5359 0.0000e+00
 220.382226     81.000  34.345948     7.0411    3.23483     80.308    33.8865    26.5370 0.0000e+00
 220.382240     82.000  34.345475     7.0392    3.21791     81.299    33.8873    26.5379 0.0000e+00
 220.382254     83.000  34.345722     7.0400    3.22854     82.291    33.8863    26.5370 0.0000e+00
 220.382269     84.000  34.347324     7.0401    3.21343     83.282    33.8875    26.5379 0.0000e+00
 220.382283     85.000  34.344828     7.0381    3.21937     84.273    33.8862    26.5372 0.0000e+00
 220.382298     86.000  34.344573     7.0380    3.22940     85.264    33.8856    26.5368 0.0000e+00
 220.382315     87.000  34.346187     7.0385    3.22849     86.256    33.8864    26.5374 0.0000e+00
 220.382332     88.000  34.346746     7.0383    3.20983     87.247    33.8867    26.5377 0.0000e+00
 220.382347     89.000  34.345222     7.0365    3.20490     88.238    33.8863    26.5376 0.0000e+00
 220.382362     90.000  34.343548     7.0350    3.19707     89.229    33.8854    26.5371 0.0000e+00
 220.382378     91.000  34.343231     7.0332    3.19932     90.220    33.8865    26.5382 0.0000e+00
 220.382394     92.000  34.341204     7.0296    3.18406     91.212    33.8873    26.5393 0.0000e+00
 220.382408     93.000  34.340771     7.0284    3.19020     92.203    33.8874    26.5396 0.0000e+00
 220.382424     94.000  34.340832     7.0269    3.17981     93.194    33.8885    26.5407 0.0000e+00
 220.382439     95.000  34.341341     7.0260    3.18228     94.186    33.8895    26.5416 0.0000e+00
 220.382455     96.000  34.341888     7.0259    3.18573     95.176    33.8897    26.5418 0.0000e+00
 220.382472     97.000  34.342108     7.0265    3.20268     96.168    33.8888    26.5410 0.0000e+00
 220.382489     98.000  34.342506     7.0262    3.18160     97.159    33.8891    26.5413 0.0000e+00
 220.382521     99.000  34.343452     7.0263    3.18326     98.150    33.8896    26.5417 0.0000e+00
