data/oxygen options/OCNMS/OCNMS2/raw_data/2007/CTD_CA100_052907faed.cnv
* Sea-Bird SBE19 Data File:
* FileName = C:\2007_mooring_data\DO_CA100_052907.hex
* Software Version 1.1.6
* Temperature SN = 2997
* Conductivity SN = 2997
* System UpLoad Time = May 29 2007 13:26:09
* SEACAT PROFILER V3.1c SN 2997   05/29/07  13:25:27.731
* strain gauge pressure sensor: S/N = 184829,  range = 3000 psia,  tc = 40
# nquan = 9                                 
# nvalues = 1030                        
# units = specified
# name 0 = timeJ: Julian Days
# name 1 = prSM: Pressure, Strain Gauge [db]
# name 2 = c0mS/cm: Conductivity [mS/cm]
# name 3 = t090C: Temperature [ITS-90, deg C]
# name 4 = oxML/L: Oxygen, Beckman/YSI [ml/l]
# name 5 = depSM: Depth [salt water, m], lat = 47.5
# name 6 = sal00: Salinity, Practical [PSU]
# name 7 = sigma-é00: Density [sigma-theta, kg/m^3]
# name 8 = flag: flag
# span 0 = 149.552743, 149.558698       
# span 1 =     -5.756,     99.354       
# span 2 =   0.499320,  36.707196       
# span 3 =     6.6463,    13.9096       
# span 4 =  -12.85381,   33.65667       
# span 5 =     -5.708,     98.501       
# span 6 =     0.3137,    33.9195       
# span 7 =    -0.4346,    26.6160       
# span 8 = 0.0000e+00, 0.0000e+00       
# interval = seconds: 0.5
# start_time = May 29 2007 13:15:57 [Instrument's time stamp, header]
# bad_flag = -9.990e-29
*END*
[from data line 641]
 149.556453     67.099  34.098573     6.7983    2.48396     66.528    33.8606    26.5494 0.0000e+00
 149.556458     67.462  34.094419     6.7896    2.46589     66.888    33.8644    26.5536 0.0000e+00
 149.556464     67.833  34.090993     6.7802    2.46303     67.256    33.8698    26.5590 0.0000e+00
 149.556470     68.210  34.087654     6.7710    2.45673     67.630    33.8750    26.5644 0.0000e+00
 149.556476     68.584  34.084996     6.7638    2.44898     68.000    33.8790    26.5685 0.0000e+00
 149.556481     68.948  34.083398     6.7592    2.44792     68.361    33.8816    26.5712 0.0000e+00
 149.556487     69.300  34.081852     6.7568    2.44093     68.710    33.8821    26.5719 0.0000e+00
 149.556493     69.635  34.079982     6.7560    2.43670     69.042    33.8806    26.5709 0.0000e+00
 149.556499     69.951  34.078659     6.7556    2.42692     69.355    33.8794    26.5699 0.0000e+00
 149.556505     70.249  34.078363     6.7543    2.42724     69.651    33.8802    26.5708 0.0000e+00
 149.556510     70.541  34.077582     6.7509    2.42859     69.940    33.8826    26.5731 0.0000e+00
 149.556516     70.831  34.074720     6.7459    2.43082     70.228    33.8842    26.5750 0.0000e+00
 149.556522     71.121  34.071007     6.7407    2.42101     70.515    33.8851    26.5764 0.0000e+00
 149.556528     71.413  34.067662     6.7351    2.40557     70.805    33.8868    26.5785 0.0000e+00
 149.556534     71.708  34.064711     6.7285    2.39019     71.097    33.8899    26.5819 0.0000e+00
 149.556539     72.011  34.062145     6.7212    2.37598     71.398    33.8942    26.5862 0.0000e+00
 149.556545     72.330  34.059348     6.7139    2.35669     71.714    33.8981    26.5903 0.0000e+00
 149.556551     72.658  34.055957     6.7078    2.34485     72.039    33.9003    26.5928 0.0000e+00
 149.556557     72.987  34.052498     6.7030    2.33500     72.365    33.9010    26.5941 0.0000e+00
 149.556563     73.317  34.049402     6.6979    2.32727     72.692    33.9025    26.5959 0.0000e+00
 149.556568     73.654  34.046469     6.6924    2.31310     73.026    33.9045    26.5982 0.0000e+00
 149.556574     74.009  34.043716     6.6877    2.30088     73.378    33.9059    26.6000 0.0000e+00
 149.556580     74.376  34.041397     6.6839    2.30970     73.742    33.9070    26.6013 0.0000e+00
 149.556586     74.747  34.039225     6.6807    2.30591     74.110    33.9075    26.6022 0.0000e+00
 149.556591     75.110  34.037108     6.6786    2.30917     74.470    33.9071    26.6021 0.0000e+00
 149.556597     75.457  34.035587     6.6779    2.30646     74.814    33.9059    26.6013 0.0000e+00
 149.556603     75.791  34.034879     6.6782    2.30007     75.145    33.9047    26.6003 0.0000e+00
 149.556609     76.115  34.034604     6.6780    2.30800     75.466    33.9044    26.6001 0.0000e+00
 149.556615     76.436  34.034397     6.6764    2.30558     75.784    33.9056    26.6013 0.0000e+00
 149.556620     76.762  34.033988     6.6748    2.30061     76.107    33.9066    26.6023 0.0000e+00
 149.556626     77.093  34.033397     6.6738    2.29363     76.435    33.9068    26.6025 0.0000e+00
 149.556632     77.428  34.032957     6.6730    2.28512     76.767    33.9069    26.6027 0.0000e+00
 149.556638     77.771  34.032648     6.6717    2.28012     77.107    33.9077    26.6035 0.0000e+00
 149.556644     78.123  34.032059     6.6700    2.27508     77.456    33.9085    26.6044 0.0000e+00
 149.556649     78.481  34.030969     6.6680    2.27911     77.811    33.9091    26.6052 0.0000e+00
 149.556655     78.841  34.029610     6.6660    2.26737     78.168    33.9094    26.6057 0.0000e+00
 149.556661     79.196  34.028414     6.6642    2.26950     78.520    33.9097    26.6062 0.0000e+00
 149.556667     79.539  34.027471     6.6627    2.26536     78.860    33.9100    26.6066 0.0000e+00
 149.556672     79.871  34.026645     6.6612    2.26711     79.189    33.9104    26.6071 0.0000e+00
 149.556678     80.195  34.025960     6.6595    2.26651     79.510    33.9112    26.6079 0.0000e+00
 149.556684     80.514  34.025628     6.6582    2.26651     79.826    33.9119    26.6087 0.0000e+00
 149.556690     80.828  34.025770     6.6574    2.27060     80.138    33.9127    26.6094 0.0000e+00
 149.556696     81.132  34.026018     6.6573    2.26353     80.439    33.9129    26.6096 0.0000e+00
 149.556701     81.421  34.026144     6.6576    2.25666     80.726    33.9126    26.6094 0.0000e+00
 149.556707     81.704  34.026321     6.6578    2.24593     81.006    33.9125    26.6092 0.0000e+00
 149.556713     81.988  34.026228     6.6571    2.23713     81.288    33.9130    26.6097 0.0000e+00
 149.556719     82.279  34.025744     6.6555    2.24137     81.576    33.9139    26.6106 0.0000e+00
 149.556725     82.569  34.025350     6.6542    2.24700     81.864    33.9146    26.6113 0.0000e+00
 149.556730     82.844  34.025083     6.6538    2.24484     82.136    33.9145    26.6114 0.0000e+00
 149.556736     83.099  34.025150     6.6539    2.24704     82.389    33.9144    26.6112 0.0000e+00
 149.556742     83.345  34.025644     6.6541    2.24708     82.633    33.9146    26.6114 0.0000e+00
 149.556748     83.599  34.026106     6.6540    2.23128     82.884    33.9151    26.6118 0.0000e+00
 149.556753     83.868  34.026038     6.6531    2.24001     83.151    33.9158    26.6125 0.0000e+00
 149.556759     84.143  34.025353     6.6523    2.23308     83.424    33.9157    26.6125 0.0000e+00
 149.556765     84.417  34.024824     6.6524    2.22654     83.695    33.9149    26.6118 0.0000e+00
 149.556771     84.694  34.024867     6.6526    2.23076     83.970    33.9146    26.6116 0.0000e+00
 149.556777     84.978  34.024983     6.6523    2.21960     84.251    33.9149    26.6119 0.0000e+00
 149.556782     85.275  34.024771     6.6514    2.22431     84.546    33.9154    26.6124 0.0000e+00
 149.556788     85.587  34.024511     6.6507    2.21930     84.855    33.9156    26.6127 0.0000e+00
 149.556794     85.903  34.024423     6.6505    2.22862     85.168    33.9156    26.6127 0.0000e+00
 149.556800     86.217  34.024392     6.6502    2.22508     85.480    33.9157    26.6128 0.0000e+00
 149.556806     86.529  34.024380     6.6494    2.23446     85.789    33.9163    26.6134 0.0000e+00
 149.556811     86.841  34.024374     6.6486    2.22932     86.098    33.9169    26.6140 0.0000e+00
 149.556817     87.165  34.024370     6.6481    2.21659     86.419    33.9173    26.6143 0.0000e+00
 149.556823     87.499  34.024367     6.6479    2.21687     86.750    33.9173    26.6144 0.0000e+00
 149.556829     87.835  34.024365     6.6478    2.20623     87.083    33.9172    26.6143 0.0000e+00
 149.556834     88.168  34.024362     6.6476    2.20994     87.413    33.9172    26.6144 0.0000e+00
 149.556840     88.493  34.024359     6.6474    2.21476     87.736    33.9173    26.6145 0.0000e+00
 149.556846     88.812  34.024352     6.6473    2.21677     88.052    33.9172    26.6144 0.0000e+00
 149.556852     89.125  34.024336     6.6473    2.22055     88.362    33.9170    26.6143 0.0000e+00
 149.556858     89.441  34.024294     6.6475    2.22121     88.675    33.9166    26.6139 0.0000e+00
 149.556863     89.770  34.024176     6.6480    2.22077     89.001    33.9158    26.6133 0.0000e+00
 149.556869     90.122  34.023827     6.6480    2.22076     89.350    33.9153    26.6128 0.0000e+00
 149.556875     90.496  34.023345     6.6475    2.21136     89.721    33.9151    26.6127 0.0000e+00
 149.556881     90.887  34.023213     6.6472    2.20986     90.109    33.9150    26.6127 0.0000e+00
 149.556887     91.281  34.023819     6.6471    2.21905     90.499    33.9156    26.6132 0.0000e+00
 149.556892     91.664  34.024851     6.6470    2.21349     90.879    33.9166    26.6141 0.0000e+00
 149.556898     92.031  34.026008     6.6474    2.21614     91.243    33.9174    26.6146 0.0000e+00
 149.556904     92.384  34.027152     6.6481    2.21412     91.592    33.9177    26.6148 0.0000e+00
 149.556910     92.728  34.027012     6.6482    2.21216     91.933    33.9173    26.6144 0.0000e+00
 149.556916     93.064  34.025964     6.6486    2.21651     92.266    33.9156    26.6130 0.0000e+00
 149.556921     93.390  34.026537     6.6499    2.21654     92.590    33.9148    26.6122 0.0000e+00
 149.556927     93.708  34.028940     6.6517    2.21689     92.905    33.9155    26.6126 0.0000e+00
 149.556933     94.015  34.031333     6.6533    2.22614     93.209    33.9164    26.6131 0.0000e+00
 149.556939     94.315  34.032800     6.6542    2.21848     93.506    33.9170    26.6134 0.0000e+00
 149.556944     94.608  34.033616     6.6544    2.20721     93.797    33.9176    26.6138 0.0000e+00
 149.556950     94.905  34.034120     6.6545    2.21292     94.091    33.9179    26.6141 0.0000e+00
 149.556956     95.220  34.034414     6.6550    2.20385     94.404    33.9175    26.6137 0.0000e+00
 149.556962     95.562  34.034697     6.6558    2.21729     94.743    33.9169    26.6131 0.0000e+00
 149.556968     95.929  34.035339     6.6567    2.21217     95.106    33.9165    26.6127 0.0000e+00
 149.556973     96.311  34.036625     6.6577    2.21724     95.485    33.9168    26.6128 0.0000e+00
 149.556979     96.690  34.038019     6.6583    2.23027     95.861    33.9175    26.6133 0.0000e+00
 149.556985     97.047  34.038567     6.6586    2.23029     96.214    33.9177    26.6134 0.0000e+00
 149.556991     97.370  34.038430     6.6587    2.22306     96.535    33.9173    26.6131 0.0000e+00
 149.556997     97.662  34.038538     6.6585    2.21485     96.824    33.9174    26.6132 0.0000e+00
 149.557002     97.930  34.039025     6.6581    2.21125     97.090    33.9182    26.6139 0.0000e+00
 149.557008     98.178  34.039413     6.6579    2.20393     97.335    33.9187    26.6143 0.0000e+00
 149.557014     98.408  34.039651     6.6583    2.20595     97.563    33.9185    26.6141 0.0000e+00
 149.557020     98.613  34.040046     6.6591    2.20595     97.767    33.9180    26.6136 0.0000e+00
 149.557025     98.786  34.040556     6.6598    2.20801     97.938    33.9178    26.6134 0.0000e+00
 149.557031     98.925  34.040732     6.6598    2.22094     98.076    33.9180    26.6135 -9.990e-29
 149.557037     99.033  34.040241     6.6594    2.22297     98.183    33.9178    26.6134 -9.990e-29
 149.557043     99.119  34.039541     6.6590    2.22306     98.268    33.9173    26.6131 -9.990e-29
 149.557049     99.186  34.039374     6.6588    2.22101     98.335    33.9173    26.6131 -9.990e-29
 149.557054     99.241  34.039509     6.6590    2.20756     98.389    33.9172    26.6130 -9.990e-29
 149.557060     99.281  34.039558     6.6594    2.21541     98.429    33.9169    26.6127 -9.990e-29
 149.557066     99.305  34.039578     6.6598    2.20817     98.453    33.9165    26.6123 -9.990e-29
 149.557072     99.320  34.039588     6.6600    2.19878     98.467    33.9163    26.6121 -9.990e-29
 149.557078     99.329  34.039595     6.6600    2.20859     98.476    33.9163    26.6121 -9.990e-29
 149.557083     99.334  34.039604     6.6598    2.20789     98.481    33.9165    26.6123 -9.990e-29
 149.557089     99.335  34.039617     6.6594    2.22336     98.482    33.9169    26.6127 -9.990e-29
 149.557095     99.336  34.039645     6.6590    2.22766     98.483    33.9173    26.6131 -9.990e-29
 149.557101     99.342  34.039721     6.6588    2.21419     98.489    33.9176    26.6133 -9.990e-29
 149.557106     99.349  34.039936     6.6586    2.21067     98.496    33.9181    26.6137 -9.990e-29
 149.557112     99.353  34.040009     6.6585    2.20644     98.500    33.9182    26.6139 -9.990e-29
 149.557118     99.354  34.039470     6.6587    2.19927     98.501    33.9174    26.6132 -9.990e-29
 149.557124     99.348  34.038714     6.6590    2.21071     98.495    33.9163    26.6123 -9.990e-29
 149.557130     99.330  34.038407     6.6593    2.21291     98.477    33.9157    26.6117 -9.990e-29
 149.557135     99.304  34.038692     6.6599    2.21504     98.452    33.9154    26.6115 -9.990e-29
 149.557141     99.276  34.039382     6.6604    2.21710     98.424    33.9157    26.6116 -9.990e-29
 149.557147     99.254  34.039709     6.6604    2.22169     98.402    33.9161    26.6119 -9.990e-29
 149.557153     99.235  34.038982     6.6603    2.21418     98.383    33.9154    26.6114 -9.990e-29
 149.557159     99.214  34.037346     6.6603    2.20309     98.362    33.9136    26.6099 -9.990e-29
 149.557164     99.190  34.035413     6.6602    2.20795     98.339    33.9115    26.6084 -9.990e-29
 149.557170     99.161  34.033962     6.6600    2.19871     98.310    33.9101    26.6073 -9.990e-29
 149.557176     99.127  34.033292     6.6597    2.20268     98.276    33.9097    26.6070 -9.990e-29
 149.557182     99.079  34.032504     6.6597    2.21351     98.229    33.9089    26.6063 -9.990e-29
 149.557188     99.011  34.029979     6.6600    2.20446     98.161    33.9058    26.6039 -9.990e-29
 149.557193     98.918  34.025706     6.6601    2.21580     98.069    33.9010    26.6001 -9.990e-29
 149.557199     98.795  34.022386     6.6602    2.21513     97.947    33.8973    26.5971 -9.990e-29
 149.557205     98.634  34.022871     6.6606    2.21293     97.787    33.8975    26.5973 0.0000e+00
 149.557211     98.429  34.027240     6.6613    2.20606     97.584    33.9018    26.6005 0.0000e+00
 149.557216     98.179  34.032906     6.6616    2.19972     97.336    33.9079    26.6053 0.0000e+00
 149.557222     97.890  34.037329     6.6610    2.20027     97.050    33.9135    26.6098 0.0000e+00
 149.557228     97.570  34.039675     6.6603    2.21112     96.733    33.9170    26.6126 0.0000e+00
 149.557234     97.224  34.040265     6.6597    2.21769     96.390    33.9184    26.6138 0.0000e+00
 149.557240     96.855  34.039878     6.6592    2.21704     96.024    33.9186    26.6141 0.0000e+00
 149.557245     96.471  34.039116     6.6587    2.21508     95.643    33.9185    26.6140 0.0000e+00
 149.557251     96.080  34.038077     6.6582    2.22040     95.256    33.9180    26.6137 0.0000e+00
 149.557257     95.688  34.037052     6.6578    2.20436     94.867    33.9175    26.6133 0.0000e+00
 149.557263     95.301  34.036350     6.6576    2.20009     94.484    33.9171    26.6130 0.0000e+00
 149.557269     94.927  34.035591     6.6574    2.19801     94.113    33.9166    26.6127 0.0000e+00
 149.557274     94.572  34.034880     6.6571    2.19843     93.761    33.9163    26.6125 0.0000e+00
 149.557280     94.233  34.034382     6.6566    2.20597     93.425    33.9164    26.6126 0.0000e+00
 149.557286     93.894  34.033428     6.6560    2.20646     93.089    33.9161    26.6125 0.0000e+00
 149.557292     93.549  34.032423     6.6548    2.20569     92.747    33.9164    26.6128 0.0000e+00
 149.557297     93.196  34.031699     6.6524    2.20595     92.397    33.9181    26.6145 0.0000e+00
 149.557303     92.839  34.030286     6.6496    2.19643     92.043    33.9195    26.6160 0.0000e+00
 149.557309     92.480  34.027976     6.6478    2.19433     91.688    33.9189    26.6157 0.0000e+00
 149.557315     92.122  34.025607     6.6471    2.19412     91.333    33.9172    26.6144 0.0000e+00
 149.557321     91.765  34.023937     6.6466    2.18727     90.979    33.9160    26.6136 0.0000e+00
 149.557326     91.402  34.022975     6.6463    2.20722     90.619    33.9154    26.6132 0.0000e+00
 149.557332     91.027  34.022554     6.6464    2.20202     90.247    33.9150    26.6128 0.0000e+00
 149.557338     90.639  34.022665     6.6466    2.21117     89.863    33.9151    26.6129 0.0000e+00
 149.557344     90.234  34.022889     6.6469    2.21321     89.461    33.9153    26.6130 0.0000e+00
 149.557350     89.807  34.022962     6.6473    2.20728     89.038    33.9152    26.6128 0.0000e+00
 149.557355     89.367  34.022973     6.6473    2.20001     88.602    33.9154    26.6130 0.0000e+00
 149.557361     88.922  34.022934     6.6469    2.19359     88.161    33.9160    26.6135 0.0000e+00
 149.557367     88.480  34.022788     6.6468    2.20270     87.723    33.9161    26.6136 0.0000e+00
