data/oxygen options/OCNMS/OCNMS2/raw_data/2007/CTD_TH100_071207faed.cnv
* Sea-Bird SBE19 Data File:
* FileName = C:\2007_mooring_data\CTD_TH100_071207.hex
* Software Version 1.1.6
* Temperature SN = 2997
* Conductivity SN = 2997
* System UpLoad Time = Jul 12 2007 09:13:44
* SEACAT PROFILER V3.1c SN 2997   07/12/07  09:13:13.914
* strain gauge pressure sensor: S/N = 184829,  range = 3000 psia,  tc = 40
# nquan = 9                                 
# nvalues = 768                         
# units = specified
# name 0 = timeJ: Julian Days
# name 1 = prSM: Pressure, Strain Gauge [db]
# name 2 = c0mS/cm: Conductivity [mS/cm]
# name 3 = t090C: Temperature [ITS-90, deg C]
# name 4 = oxML/L: Oxygen, Beckman/YSI [ml/l]
# name 5 = depSM: Depth [salt water, m], lat = 47.5
# name 6 = sal00: Salinity, Practical [PSU]
# name 7 = sigma-é00: Density [sigma-theta, kg/m^3]
# name 8 = flag: flag
# span 0 = 193.379039, 193.383478       
# span 1 =     -5.736,     99.841       
# span 2 =   0.206590,  38.887956       
# span 3 =     6.6398,    14.8820       
# span 4 =   -0.05716,   29.24150       
# span 5 =     -5.688,     98.984       
# span 6 =     0.1234,    33.9008       
# span 7 =    -0.7805,    26.6022       
# span 8 = 0.0000e+00, 0.0000e+00       
# interval = seconds: 0.5
# start_time = Jul 12 2007 09:05:49 [Instrument's time stamp, header]
# bad_flag = -9.990e-29
*END*
[from data line 321]
 193.380897      0.630  38.861968    14.8598    6.56496      0.625    31.4420    23.2605 -9.990e-29
 193.380903      0.627  38.861928    14.8596    6.56237      0.622    31.4422    23.2606 -9.990e-29
 193.380909      0.621  38.861211    14.8595    6.55395      0.616    31.4416    23.2602 -9.990e-29
 193.380914      0.619  38.861132    14.8599    6.55240      0.614    31.4412    23.2598 -9.990e-29
 193.380920      0.625  38.861612    14.8606    6.55476      0.620    31.4411    23.2595 -9.990e-29
 193.380926      0.637  38.862196    14.8611    6.56217      0.632    31.4412    23.2595 -9.990e-29
 193.380932      0.645  38.862564    14.8613    6.56613      0.640    31.4414    23.2596 -9.990e-29
 193.380937      0.650  38.862674    14.8613    6.56006      0.645    31.4415    23.2597 -9.990e-29
 193.380943      0.657  38.862697    14.8613    6.56366      0.652    31.4415    23.2597 -9.990e-29
 193.380949      0.663  38.862693    14.8615    6.56798      0.657    31.4413    23.2595 -9.990e-29
 193.380955      0.662  38.862680    14.8616    6.56869      0.656    31.4412    23.2594 -9.990e-29
 193.380961      0.656  38.862667    14.8614    6.56399      0.651    31.4414    23.2596 -9.990e-29
 193.380966      0.643  38.862663    14.8614    6.55471      0.638    31.4414    23.2596 -9.990e-29
 193.380972      0.628  38.862689    14.8617    6.54899      0.623    31.4412    23.2594 -9.990e-29
 193.380978      0.622  38.862804    14.8622    6.55786      0.617    31.4409    23.2590 -9.990e-29
 193.380984      0.633  38.863187    14.8630    6.55709      0.628    31.4406    23.2586 -9.990e-29
 193.380990      0.654  38.863816    14.8637    6.55879      0.649    31.4406    23.2585 -9.990e-29
 193.380995      0.673  38.864433    14.8641    6.55617      0.667    31.4408    23.2586 -9.990e-29
 193.381001      0.682  38.864766    14.8644    6.55513      0.676    31.4408    23.2585 -9.990e-29
 193.381007      0.678  38.864722    14.8649    6.56275      0.672    31.4404    23.2581 -9.990e-29
 193.381013      0.669  38.864831    14.8653    6.56412      0.663    31.4402    23.2578 -9.990e-29
 193.381019      0.667  38.865263    14.8655    6.55859      0.661    31.4404    23.2580 -9.990e-29
 193.381024      0.673  38.865500    14.8657    6.55657      0.667    31.4405    23.2580 -9.990e-29
 193.381030      0.682  38.865324    14.8660    6.55871      0.676    31.4400    23.2576 -9.990e-29
 193.381036      0.696  38.865086    14.8661    6.56898      0.690    31.4397    23.2573 -9.990e-29
 193.381042      0.709  38.865054    14.8656    6.58454      0.703    31.4401    23.2577 -9.990e-29
 193.381047      0.716  38.864652    14.8647    6.57641      0.710    31.4405    23.2582 -9.990e-29
 193.381053      0.712  38.863930    14.8645    6.56357      0.706    31.4400    23.2579 -9.990e-29
 193.381059      0.696  38.863635    14.8650    6.56374      0.690    31.4393    23.2573 -9.990e-29
 193.381065      0.672  38.863398    14.8650    6.55675      0.666    31.4391    23.2571 -9.990e-29
 193.381071      0.652  38.862367    14.8641    6.56196      0.647    31.4389    23.2571 -9.990e-29
 193.381076      0.642  38.860879    14.8626    6.57010      0.637    31.4388    23.2574 -9.990e-29
 193.381082      0.634  38.859218    14.8602    6.56967      0.629    31.4392    23.2582 -9.990e-29
 193.381088      0.613  38.857439    14.8576    6.55511      0.608    31.4397    23.2591 -9.990e-29
 193.381094      0.580  38.856561    14.8548    6.54919      0.575    31.4412    23.2609 -9.990e-29
 193.381100      0.540  38.855437    14.8507    6.55206      0.535    31.4435    23.2635 -9.990e-29
 193.381105      0.503  38.851473    14.8454    6.56337      0.499    31.4442    23.2652 -9.990e-29
 193.381111      0.480  38.846143    14.8410    6.58370      0.476    31.4430    23.2652 -9.990e-29
 193.381117      0.474  38.843581    14.8392    6.58486      0.470    31.4421    23.2649 -9.990e-29
 193.381123      0.480  38.844321    14.8397    6.57485      0.476    31.4424    23.2650 -9.990e-29
 193.381128      0.486  38.845450    14.8411    6.56083      0.482    31.4423    23.2646 -9.990e-29
 193.381134      0.487  38.845692    14.8436    6.56023      0.483    31.4405    23.2627 -9.990e-29
 193.381140      0.497  38.847079    14.8480    6.55863      0.493    31.4382    23.2600 -9.990e-29
 193.381146      0.525  38.850366    14.8531    6.56089      0.521    31.4370    23.2580 -9.990e-29
 193.381152      0.569  38.853602    14.8570    6.56079      0.564    31.4368    23.2570 -9.990e-29
 193.381157      0.614  38.856067    14.8591    6.55374      0.609    31.4373    23.2569 -9.990e-29
 193.381163      0.641  38.858061    14.8602    6.55520      0.636    31.4382    23.2574 -9.990e-29
 193.381169      0.648  38.859432    14.8609    6.56088      0.643    31.4389    23.2578 -9.990e-29
 193.381175      0.648  38.860133    14.8616    6.56918      0.643    31.4389    23.2577 -9.990e-29
 193.381181      0.655  38.860531    14.8623    6.56543      0.650    31.4387    23.2574 -9.990e-29
 193.381186      0.672  38.860591    14.8626    6.55293      0.666    31.4385    23.2572 -9.990e-29
 193.381192      0.701  38.860385    14.8631    6.55653      0.695    31.4379    23.2566 -9.990e-29
 193.381198      0.740  38.860751    14.8639    6.55969      0.734    31.4376    23.2562 -9.990e-29
 193.381204      0.782  38.861609    14.8645    6.56492      0.775    31.4379    23.2562 -9.990e-29
 193.381209      0.825  38.862409    14.8650    6.57182      0.818    31.4382    23.2564 -9.990e-29
 193.381215      0.869  38.863088    14.8654    6.56185      0.862    31.4384    23.2565 -9.990e-29
 193.381221      0.903  38.863423    14.8655    6.56048      0.895    31.4387    23.2566 -9.990e-29
 193.381227      0.921  38.863288    14.8654    6.56007      0.913    31.4386    23.2566 -9.990e-29
 193.381233      0.933  38.863056    14.8653    6.55929      0.925    31.4385    23.2565 -9.990e-29
 193.381238      0.956  38.862972    14.8652    6.56245      0.948    31.4385    23.2566 -9.990e-29
 193.381244      1.000  38.862918    14.8652    6.56930      0.992    31.4384    23.2565 -9.990e-29
 193.381250      1.064  38.862814    14.8651    6.57701      1.055    31.4384    23.2565 -9.990e-29
 193.381256      1.143  38.862513    14.8648    6.58050      1.133    31.4383    23.2565 -9.990e-29
 193.381262      1.234  38.862168    14.8644    6.57642      1.224    31.4383    23.2566 -9.990e-29
 193.381267      1.343  38.861869    14.8640    6.58293      1.332    31.4383    23.2567 -9.990e-29
 193.381273      1.489  38.861210    14.8633    6.59138      1.477    31.4382    23.2568 0.0000e+00
 193.381279      1.695  38.860425    14.8623    6.58722      1.681    31.4382    23.2570 0.0000e+00
 193.381285      1.969  38.860142    14.8616    6.56430      1.953    31.4384    23.2573 0.0000e+00
 193.381291      2.303  38.859977    14.8606    6.54934      2.284    31.4390    23.2580 0.0000e+00
 193.381296      2.684  38.859139    14.8586    6.53735      2.662    31.4397    23.2590 0.0000e+00
 193.381302      3.102  38.857620    14.8553    6.53755      3.076    31.4408    23.2605 0.0000e+00
 193.381308      3.553  38.855067    14.8488    6.55139      3.523    31.4436    23.2641 0.0000e+00
 193.381314      4.041  38.849189    14.8324    6.52476      4.007    31.4514    23.2735 0.0000e+00
 193.381319      4.562  38.833257    14.8011    6.43239      4.524    31.4621    23.2884 0.0000e+00
 193.381325      5.111  38.805086    14.7603    6.30162      5.068    31.4694    23.3027 0.0000e+00
 193.381331      5.689  38.773650    14.7156    6.19713      5.641    31.4769    23.3179 0.0000e+00
 193.381337      6.293  38.742446    14.6622    6.05499      6.240    31.4917    23.3406 0.0000e+00
 193.381343      6.920  38.704058    14.5893    5.85661      6.862    31.5158    23.3744 0.0000e+00
 193.381348      7.566  38.647101    14.4797    5.65536      7.503    31.5529    23.4260 0.0000e+00
 193.381354      8.229  38.550012    14.3075    5.48827      8.160    31.6046    23.5017 0.0000e+00
 193.381360      8.905  38.380339    14.0636    5.37321      8.830    31.6489    23.5861 0.0000e+00
 193.381366      9.585  38.145112    13.7704    5.22614      9.505    31.6735    23.6647 0.0000e+00
 193.381372     10.265  37.895158    13.4434    5.08233     10.179    31.7123    23.7602 0.0000e+00
 193.381377     10.946  37.630238    13.0835    4.99438     10.854    31.7645    23.8716 0.0000e+00
 193.381383     11.628  37.327329    12.7108    4.95477     11.531    31.7916    23.9647 0.0000e+00
 193.381389     12.307  37.023194    12.3609    4.95536     12.204    31.7977    24.0360 0.0000e+00
 193.381395     12.980  36.764147    12.0591    5.00062     12.871    31.8055    24.0985 0.0000e+00
 193.381400     13.655  36.558482    11.7917    4.95763     13.541    31.8352    24.1708 0.0000e+00
 193.381406     14.340  36.371853    11.5496    4.80977     14.220    31.8614    24.2352 0.0000e+00
 193.381412     15.032  36.191936    11.3665    4.71367     14.906    31.8433    24.2539 0.0000e+00
 193.381418     15.724  36.063565    11.2500    4.65968     15.592    31.8178    24.2548 0.0000e+00
 193.381424     16.412  35.992666    11.1735    4.69749     16.274    31.8140    24.2654 0.0000e+00
 193.381429     17.098  35.944084    11.1176    4.75334     16.955    31.8142    24.2755 0.0000e+00
 193.381435     17.782  35.892257    11.0500    4.68269     17.633    31.8214    24.2930 0.0000e+00
 193.381441     18.464  35.796088    10.9083    4.56476     18.309    31.8491    24.3393 0.0000e+00
 193.381447     19.142  35.641126    10.6753    4.50119     18.981    31.8981    24.4177 0.0000e+00
 193.381453     19.815  35.488671    10.4234    4.45888     19.649    31.9664    24.5138 0.0000e+00
 193.381458     20.492  35.383727    10.2236    4.43149     20.320    32.0368    24.6023 0.0000e+00
 193.381464     21.172  35.309062    10.0743    4.38278     20.994    32.0935    24.6713 0.0000e+00
 193.381470     21.853  35.235688     9.9113    4.31347     21.669    32.1639    24.7531 0.0000e+00
 193.381476     22.535  35.118977     9.6946    4.26710     22.346    32.2386    24.8468 0.0000e+00
 193.381481     23.217  34.961340     9.4814    4.22655     23.022    32.2687    24.9046 0.0000e+00
 193.381487     23.901  34.838398     9.3295    4.18479     23.700    32.2791    24.9369 0.0000e+00
 193.381493     24.587  34.768886     9.2213    4.13256     24.380    32.3050    24.9743 0.0000e+00
 193.381499     25.277  34.712752     9.1206    4.07424     25.065    32.3380    25.0159 0.0000e+00
 193.381505     25.975  34.653406     9.0173    3.98347     25.757    32.3701    25.0571 0.0000e+00
 193.381510     26.686  34.595198     8.9196    3.86549     26.462    32.3983    25.0943 0.0000e+00
 193.381516     27.411  34.542876     8.8285    3.74897     27.180    32.4267    25.1305 0.0000e+00
 193.381522     28.146  34.492219     8.7387    3.63965     27.909    32.4558    25.1670 0.0000e+00
 193.381528     28.892  34.440107     8.6512    3.55997     28.649    32.4812    25.2002 0.0000e+00
 193.381534     29.645  34.391005     8.5660    3.48066     29.395    32.5078    25.2339 0.0000e+00
 193.381539     30.401  34.345546     8.4763    3.39366     30.145    32.5423    25.2745 0.0000e+00
 193.381545     31.153  34.298015     8.3741    3.31072     30.891    32.5864    25.3243 0.0000e+00
 193.381551     31.889  34.245534     8.2706    3.24090     31.620    32.6266    25.3711 0.0000e+00
 193.381557     32.603  34.198240     8.1914    3.19572     32.328    32.6498    25.4010 0.0000e+00
 193.381563     33.299  34.169258     8.1428    3.16666     33.018    32.6640    25.4193 0.0000e+00
 193.381568     33.978  34.156900     8.1133    3.16651     33.692    32.6780    25.4346 0.0000e+00
 193.381574     34.645  34.151393     8.0916    3.17061     34.353    32.6921    25.4489 0.0000e+00
 193.381580     35.307  34.145939     8.0713    3.18096     35.009    32.7050    25.4619 0.0000e+00
 193.381586     35.972  34.138296     8.0503    3.22243     35.669    32.7161    25.4737 0.0000e+00
 193.381591     36.645  34.128908     8.0270    3.28973     36.336    32.7276    25.4861 0.0000e+00
 193.381597     37.325  34.118134     7.9998    3.36718     37.010    32.7413    25.5008 0.0000e+00
 193.381603     38.012  34.106725     7.9692    3.43711     37.691    32.7574    25.5180 0.0000e+00
 193.381609     38.703  34.092905     7.9359    3.48095     38.376    32.7736    25.5354 0.0000e+00
 193.381615     39.387  34.072801     7.9017    3.49935     39.055    32.7839    25.5485 0.0000e+00
 193.381620     40.055  34.049852     7.8718    3.50915     39.717    32.7871    25.5553 0.0000e+00
 193.381626     40.716  34.032668     7.8517    3.50577     40.372    32.7873    25.5584 0.0000e+00
 193.381632     41.377  34.024660     7.8419    3.50040     41.028    32.7877    25.5601 0.0000e+00
 193.381638     42.037  34.022982     7.8375    3.50078     41.682    32.7897    25.5623 0.0000e+00
 193.381644     42.697  34.023702     7.8325    3.48700     42.336    32.7949    25.5671 0.0000e+00
 193.381649     43.358  34.024966     7.8243    3.47386     42.992    32.8036    25.5751 0.0000e+00
 193.381655     44.029  34.026207     7.8157    3.41905     43.657    32.8127    25.5835 0.0000e+00
 193.381661     44.710  34.027949     7.8094    3.33903     44.332    32.8202    25.5903 0.0000e+00
 193.381667     45.397  34.033066     7.8066    3.24556     45.013    32.8280    25.5968 0.0000e+00
 193.381672     46.090  34.045565     7.8082    3.15003     45.700    32.8395    25.6057 0.0000e+00
 193.381678     46.787  34.065848     7.8147    3.08494     46.391    32.8548    25.6168 0.0000e+00
 193.381684     47.480  34.091251     7.8244    3.04892     47.078    32.8725    25.6293 0.0000e+00
 193.381690     48.171  34.119769     7.8303    3.04483     47.763    32.8972    25.6478 0.0000e+00
 193.381696     48.869  34.144588     7.8250    3.05774     48.455    32.9284    25.6731 0.0000e+00
 193.381701     49.577  34.159007     7.8097    3.08597     49.157    32.9580    25.6985 0.0000e+00
 193.381707     50.287  34.165431     7.7907    3.09280     49.861    32.9825    25.7205 0.0000e+00
 193.381713     50.993  34.166249     7.7704    3.07867     50.561    33.0022    25.7390 0.0000e+00
 193.381719     51.693  34.163098     7.7469    3.07145     51.255    33.0208    25.7569 0.0000e+00
 193.381725     52.393  34.160730     7.7192    3.05447     51.949    33.0442    25.7792 0.0000e+00
 193.381730     53.100  34.160458     7.6900    3.04030     52.650    33.0713    25.8047 0.0000e+00
 193.381736     53.809  34.160224     7.6609    3.01794     53.353    33.0983    25.8301 0.0000e+00
 193.381742     54.517  34.158020     7.6254    2.98617     54.055    33.1294    25.8596 0.0000e+00
 193.381748     55.215  34.149771     7.5745    2.95062     54.747    33.1687    25.8977 0.0000e+00
 193.381753     55.898  34.131748     7.5148    2.92369     55.424    33.2060    25.9354 0.0000e+00
 193.381759     56.556  34.110168     7.4661    2.90172     56.076    33.2290    25.9604 0.0000e+00
 193.381765     57.189  34.095464     7.4350    2.89913     56.704    33.2426    25.9754 0.0000e+00
 193.381771     57.808  34.088742     7.4153    2.88471     57.318    33.2539    25.9871 0.0000e+00
 193.381777     58.422  34.086066     7.4024    2.88035     57.926    33.2631    25.9961 0.0000e+00
 193.381782     59.035  34.084976     7.3945    2.88774     58.534    33.2692    26.0020 0.0000e+00
 193.381788     59.651  34.084004     7.3892    2.87513     59.145    33.2730    26.0057 0.0000e+00
 193.381794     60.273  34.082406     7.3843    2.87990     59.761    33.2756    26.0085 0.0000e+00
 193.381800     60.896  34.080281     7.3770    2.85914     60.379    33.2800    26.0130 0.0000e+00
 193.381806     61.518  34.076466     7.3663    2.82609     60.995    33.2859    26.0191 0.0000e+00
 193.381811     62.130  34.070906     7.3551    2.78624     61.602    33.2903    26.0242 0.0000e+00
