data/oxygen options/ONMS/Olympic_Coast_National_Marine_Sanctuary_CTD_Data_2005_2023/raw_data/2019/CAST_CA042_190730faed.cnv
* Sea-Bird SBE 19 Data File:
* FileName = C:\2019 Mooring Data\Casts\CAST_CA042_190730.hex
* Software Version SeatermAF 2.1.2
* Temperature SN = 2997
* Conductivity SN = 2997
* System UpLoad Time = Jul 30 2019 23:53:18 (localtime) = Jul 30 2019 23:53:18 (UTC)
** CAST_CA042_190730
* ds
# nquan = 9                                 
# nvalues = 1528                        
# units = specified
# name 0 = timeJ: Julian Days
# name 1 = prSM: Pressure, Strain Gauge [db]
# name 2 = c0mS/cm: Conductivity [mS/cm]
# name 3 = t090C: Temperature [ITS-90, deg C]
# name 4 = sbeox0ML/L: Oxygen, SBE 43 [ml/l]
# name 5 = depSM: Depth [salt water, m], lat = 47.5
# name 6 = sal00: Salinity, Practical [PSU]
# name 7 = sigma-é00: Density [sigma-theta, kg/m^3]
# name 8 = flag: flag
# span 0 = 211.945613, 211.954450       
# span 1 =     -4.734,     43.213       
# span 2 =   0.247744,  39.105711       
# span 3 =     7.5542,    17.1500       
# span 4 =   -10.9681,    14.3089       
# span 5 =     -4.695,     42.848       
# span 6 =     0.1408,    33.7633       
# span 7 =    -1.1408,    26.3675       
# span 8 = 0.0000e+00, 0.0000e+00       
# interval = seconds: 0.5
# start_time = Jul 30 2019 22:41:41 [Instrument's time stamp, header]
# bad_flag = -9.990e-29
*END*
[from data line 161]
 211.946545     -1.795   0.265933    16.9445    -1.7956     -1.780     0.1517    -1.0971 -9.990e-29
 211.946551     -1.786   0.266011    16.9448    -1.7960     -1.771     0.1518    -1.0971 -9.990e-29
 211.946557     -1.779   0.266110    16.9448    -1.7967     -1.764     0.1518    -1.0971 -9.990e-29
 211.946563     -1.771   0.266363    16.9442    -1.7968     -1.756     0.1520    -1.0969 -9.990e-29
 211.946568     -1.764   0.266554    16.9435    -1.7969     -1.749     0.1521    -1.0967 -9.990e-29
 211.946574     -1.755   0.266383    16.9432    -1.7969     -1.740     0.1520    -1.0967 -9.990e-29
 211.946580     -1.745   0.266178    16.9422    -1.7968     -1.730     0.1519    -1.0966 -9.990e-29
 211.946586     -1.734   0.266219    16.9391    -1.7969     -1.720     0.1519    -1.0960 -9.990e-29
 211.946591     -1.719   0.266562    16.9329    -1.7966     -1.705     0.1521    -1.0948 -9.990e-29
 211.946597     -1.701   0.267111    16.9234    -1.7967     -1.687     0.1525    -1.0929 -9.990e-29
 211.946603     -1.683   0.267489    16.9116    -1.7968     -1.669     0.1527    -1.0906 -9.990e-29
 211.946609     -1.667   0.267648    16.9005    -1.7974     -1.653     0.1529    -1.0886 -9.990e-29
 211.946615     -1.653   0.267799    16.8932    -1.7980     -1.639     0.1530    -1.0873 -9.990e-29
 211.946620     -1.640   0.268145    16.8898    -1.7984     -1.626     0.1532    -1.0865 -9.990e-29
 211.946626     -1.626   0.268594    16.8888    -1.7983     -1.612     0.1535    -1.0861 -9.990e-29
 211.946632     -1.616   0.268636    16.8891    -1.7986     -1.603     0.1535    -1.0862 -9.990e-29
 211.946638     -1.609   0.268329    16.8902    -1.7985     -1.596     0.1533    -1.0865 -9.990e-29
 211.946644     -1.600   0.268370    16.8911    -1.7985     -1.587     0.1533    -1.0866 -9.990e-29
 211.946649     -1.588   0.268814    16.8897    -1.7986     -1.575     0.1536    -1.0862 -9.990e-29
 211.946655     -1.572   0.269146    16.8840    -1.7985     -1.559     0.1538    -1.0850 -9.990e-29
 211.946661     -1.557   0.269257    16.8736    -1.7987     -1.544     0.1539    -1.0832 -9.990e-29
 211.946667     -1.545   0.269294    16.8617    -1.7988     -1.532     0.1540    -1.0811 -9.990e-29
 211.946672     -1.535   0.269308    16.8528    -1.7989     -1.522     0.1540    -1.0795 -9.990e-29
 211.946678     -1.527   0.269316    16.8479    -1.7990     -1.514     0.1540    -1.0786 -9.990e-29
 211.946684     -1.520   0.269330    16.8451    -1.7989     -1.507     0.1540    -1.0781 -9.990e-29
 211.946690     -1.514   0.269370    16.8440    -1.7988     -1.501     0.1541    -1.0779 -9.990e-29
 211.946696     -1.509   0.269489    16.8434    -1.7987     -1.496     0.1541    -1.0778 -9.990e-29
 211.946701     -1.504   0.269846    16.8425    -1.7987     -1.491     0.1543    -1.0775 -9.990e-29
 211.946707     -1.499   0.270363    16.8411    -1.7987     -1.486     0.1546    -1.0770 -9.990e-29
 211.946713     -1.493   0.270622    16.8389    -1.7987     -1.481     0.1548    -1.0765 -9.990e-29
 211.946719     -1.487   0.270417    16.8360    -1.7987     -1.475     0.1547    -1.0761 -9.990e-29
 211.946725     -1.479   0.270027    16.8335    -1.7989     -1.467     0.1545    -1.0758 -9.990e-29
 211.946730     -1.469   0.270041    16.8323    -1.7990     -1.457     0.1545    -1.0756 -9.990e-29
 211.946736     -1.462   0.270476    16.8328    -1.7989     -1.450     0.1547    -1.0755 -9.990e-29
 211.946742     -1.460   0.270805    16.8344    -1.7986     -1.448     0.1549    -1.0756 -9.990e-29
 211.946748     -1.460   0.270915    16.8362    -1.7983     -1.448     0.1550    -1.0759 -9.990e-29
 211.946753     -1.456   0.270951    16.8374    -1.7979     -1.444     0.1550    -1.0761 -9.990e-29
 211.946759     -1.450   0.270964    16.8381    -1.7977     -1.438     0.1550    -1.0762 -9.990e-29
 211.946765     -1.440   0.270969    16.8382    -1.7973     -1.428     0.1550    -1.0762 -9.990e-29
 211.946771     -1.430   0.270975    16.8370    -1.7971     -1.418     0.1550    -1.0760 -9.990e-29
 211.946777     -1.423   0.270989    16.8349    -1.7967     -1.411     0.1550    -1.0756 -9.990e-29
 211.946782     -1.416   0.271028    16.8339    -1.7962     -1.404     0.1550    -1.0754 -9.990e-29
 211.946788     -1.407   0.271146    16.8361    -1.7960     -1.395     0.1551    -1.0758 -9.990e-29
 211.946794     -1.401   0.271502    16.8421    -1.7958     -1.389     0.1553    -1.0766 -9.990e-29
 211.946800     -1.392   0.272016    16.8506    -1.7957     -1.380     0.1556    -1.0779 -9.990e-29
 211.946806     -1.380   0.272267    16.8595    -1.7955     -1.368     0.1557    -1.0794 -9.990e-29
 211.946811     -1.373   0.272034    16.8678    -1.7959     -1.362     0.1555    -1.0809 -9.990e-29
 211.946817     -1.371   0.271562    16.8763    -1.7960     -1.360     0.1552    -1.0826 -9.990e-29
 211.946823     -1.364   0.271330    16.8855    -1.7962     -1.353     0.1550    -1.0843 -9.990e-29
 211.946829     -1.352   0.271580    16.8951    -1.7961     -1.341     0.1552    -1.0859 -9.990e-29
 211.946834     -1.343   0.272093    16.9041    -1.7957     -1.332     0.1554    -1.0873 -9.990e-29
 211.946840     -1.337   0.272449    16.9115    -1.7953     -1.326     0.1556    -1.0884 -9.990e-29
 211.946846     -1.328   0.272567    16.9166    -1.7950     -1.317     0.1556    -1.0892 -9.990e-29
 211.946852     -1.317   0.272607    16.9200    -1.7947     -1.306     0.1557    -1.0898 -9.990e-29
 211.946858     -1.302   0.272620    16.9210    -1.7946     -1.291     0.1557    -1.0900 -9.990e-29
 211.946863     -1.287   0.272624    16.9187    -1.7944     -1.276     0.1557    -1.0896 -9.990e-29
 211.946869     -1.276   0.272626    16.9157    -1.7942     -1.265     0.1557    -1.0891 -9.990e-29
 211.946875     -1.266   0.272626    16.9147    -1.7940     -1.255     0.1557    -1.0889 -9.990e-29
 211.946881     -1.259   0.272626    16.9176    -1.7941     -1.248     0.1557    -1.0894 -9.990e-29
 211.946887     -1.253   0.272626    16.9244    -1.7938     -1.243     0.1557    -1.0906 -9.990e-29
 211.946892     -1.248   0.272626    16.9329    -1.7936     -1.238     0.1556    -1.0921 -9.990e-29
 211.946898     -1.244   0.272627    16.9411    -1.7937     -1.234     0.1556    -1.0935 -9.990e-29
 211.946904     -1.240   0.272631    16.9481    -1.7933     -1.230     0.1556    -1.0948 -9.990e-29
 211.946910     -1.236   0.272644    16.9535    -1.7929     -1.226     0.1556    -1.0957 -9.990e-29
 211.946916     -1.232   0.272683    16.9582    -1.7931     -1.222     0.1556    -1.0965 -9.990e-29
 211.946921     -1.228   0.272802    16.9629    -1.7932     -1.218     0.1556    -1.0973 -9.990e-29
 211.946927     -1.223   0.273158    16.9668    -1.7931     -1.213     0.1558    -1.0978 -9.990e-29
 211.946933     -1.217   0.273672    16.9703    -1.7930     -1.207     0.1561    -1.0982 -9.990e-29
 211.946939     -1.211   0.273923    16.9744    -1.7930     -1.201     0.1562    -1.0988 -9.990e-29
 211.946944     -1.202   0.273694    16.9787    -1.7928     -1.192     0.1561    -1.0997 -9.990e-29
 211.946950     -1.191   0.273231    16.9830    -1.7926     -1.181     0.1558    -1.1007 -9.990e-29
 211.946956     -1.182   0.273026    16.9886    -1.7923     -1.172     0.1557    -1.1017 -9.990e-29
 211.946962     -1.178   0.273358    16.9935    -1.7921     -1.168     0.1558    -1.1025 -9.990e-29
 211.946968     -1.174   0.274119    16.9952    -1.7922     -1.164     0.1563    -1.1024 -9.990e-29
 211.946973     -1.166   0.274660    16.9955    -1.7924     -1.156     0.1566    -1.1022 -9.990e-29
 211.946979     -1.158   0.274595    16.9964    -1.7926     -1.148     0.1565    -1.1024 -9.990e-29
 211.946985     -1.153   0.274392    16.9981    -1.7925     -1.143     0.1564    -1.1028 -9.990e-29
 211.946991     -1.148   0.274335    17.0005    -1.7925     -1.138     0.1564    -1.1033 -9.990e-29
 211.946997     -1.137   0.274348    17.0043    -1.7924     -1.128     0.1564    -1.1039 -9.990e-29
 211.947002     -1.119   0.274450    17.0099    -1.7924     -1.110     0.1564    -1.1049 -9.990e-29
 211.947008     -1.098   0.274775    17.0158    -1.7920     -1.089     0.1566    -1.1058 -9.990e-29
 211.947014     -1.082   0.275205    17.0192    -1.7917     -1.073     0.1568    -1.1062 -9.990e-29
 211.947020     -1.072   0.275206    17.0188    -1.7916     -1.063     0.1568    -1.1061 -9.990e-29
 211.947025     -1.065   0.274779    17.0163    -1.7916     -1.056     0.1566    -1.1059 -9.990e-29
 211.947031     -1.056   0.274464    17.0143    -1.7918     -1.047     0.1564    -1.1056 -9.990e-29
 211.947037     -1.048   0.274392    17.0136    -1.7920     -1.039     0.1564    -1.1055 -9.990e-29
 211.947043     -1.045   0.274467    17.0143    -1.7923     -1.036     0.1564    -1.1056 -9.990e-29
 211.947049     -1.043   0.274788    17.0165    -1.7924     -1.034     0.1566    -1.1059 -9.990e-29
 211.947054     -1.037   0.275229    17.0204    -1.7923     -1.028     0.1568    -1.1064 -9.990e-29
 211.947060     -1.031   0.275269    17.0261    -1.7922     -1.022     0.1568    -1.1074 -9.990e-29
 211.947066     -1.030   0.274960    17.0318    -1.7920     -1.021     0.1566    -1.1085 -9.990e-29
 211.947072     -1.032   0.274997    17.0345    -1.7918     -1.023     0.1566    -1.1090 -9.990e-29
 211.947078     -1.039   0.275430    17.0337    -1.7919     -1.030     0.1569    -1.1086 -9.990e-29
 211.947083     -1.041   0.275727    17.0305    -1.7921     -1.032     0.1571    -1.1079 -9.990e-29
 211.947089     -1.031   0.275729    17.0259    -1.7919     -1.022     0.1571    -1.1071 -9.990e-29
 211.947095     -1.017   0.275439    17.0215    -1.7916     -1.009     0.1569    -1.1065 -9.990e-29
 211.947101     -1.006   0.275022    17.0196    -1.7916     -0.998     0.1567    -1.1063 -9.990e-29
 211.947106     -0.997   0.275027    17.0204    -1.7915     -0.989     0.1567    -1.1065 -9.990e-29
 211.947112     -0.990   0.275460    17.0231    -1.7913     -0.982     0.1569    -1.1068 -9.990e-29
 211.947118     -0.984   0.275789    17.0266    -1.7910     -0.976     0.1571    -1.1072 -9.990e-29
 211.947124     -0.980   0.275900    17.0290    -1.7908     -0.972     0.1572    -1.1076 -9.990e-29
 211.947130     -0.976   0.275937    17.0292    -1.7909     -0.968     0.1572    -1.1076 -9.990e-29
 211.947135     -0.973   0.275951    17.0295    -1.7908     -0.965     0.1572    -1.1077 -9.990e-29
 211.947141     -0.971   0.275959    17.0322    -1.7905     -0.963     0.1572    -1.1081 -9.990e-29
 211.947147     -0.969   0.275971    17.0358    -1.7904     -0.961     0.1572    -1.1088 -9.990e-29
 211.947153     -0.967   0.276000    17.0384    -1.7904     -0.959     0.1572    -1.1092 -9.990e-29
 211.947159     -0.965   0.276084    17.0417    -1.7907     -0.957     0.1572    -1.1098 -9.990e-29
 211.947164     -0.962   0.276335    17.0467    -1.7909     -0.954     0.1574    -1.1105 -9.990e-29
 211.947170     -0.960   0.276533    17.0521    -1.7909     -0.952     0.1575    -1.1114 -9.990e-29
 211.947176     -0.957   0.276389    17.0560    -1.7908     -0.949     0.1574    -1.1122 -9.990e-29
 211.947182     -0.953   0.276263    17.0583    -1.7910     -0.945     0.1573    -1.1126 -9.990e-29
 211.947188     -0.948   0.276539    17.0614    -1.7911     -0.940     0.1574    -1.1131 -9.990e-29
 211.947193     -0.943   0.277029    17.0655    -1.7911     -0.935     0.1577    -1.1136 -9.990e-29
 211.947199     -0.935   0.277281    17.0682    -1.7910     -0.927     0.1578    -1.1139 -9.990e-29
 211.947205     -0.930   0.277073    17.0673    -1.7912     -0.922     0.1577    -1.1139 -9.990e-29
 211.947211     -0.931   0.276683    17.0635    -1.7914     -0.923     0.1575    -1.1134 -9.990e-29
 211.947216     -0.934   0.276697    17.0601    -1.7917     -0.926     0.1575    -1.1128 -9.990e-29
 211.947222     -0.936   0.277133    17.0585    -1.7918     -0.928     0.1578    -1.1123 -9.990e-29
 211.947228     -0.935   0.277464    17.0573    -1.7915     -0.927     0.1580    -1.1119 -9.990e-29
 211.947234     -0.932   0.277575    17.0556    -1.7914     -0.924     0.1580    -1.1116 -9.990e-29
 211.947240     -0.927   0.277612    17.0542    -1.7914     -0.919     0.1581    -1.1113 -9.990e-29
 211.947245     -0.923   0.277625    17.0531    -1.7916     -0.915     0.1581    -1.1111 -9.990e-29
 211.947251     -0.925   0.277630    17.0516    -1.7915     -0.917     0.1581    -1.1108 -9.990e-29
 211.947257     -0.929   0.277633    17.0484    -1.7915     -0.921     0.1581    -1.1103 -9.990e-29
 211.947263     -0.931   0.277635    17.0436    -1.7912     -0.923     0.1581    -1.1094 -9.990e-29
 211.947269     -0.930   0.277640    17.0390    -1.7910     -0.922     0.1581    -1.1086 -9.990e-29
 211.947274     -0.927   0.277653    17.0374    -1.7905     -0.919     0.1581    -1.1083 -9.990e-29
 211.947280     -0.921   0.277691    17.0392    -1.7904     -0.913     0.1582    -1.1086 -9.990e-29
 211.947286     -0.913   0.277801    17.0413    -1.7905     -0.905     0.1582    -1.1089 -9.990e-29
 211.947292     -0.901   0.278131    17.0415    -1.7910     -0.893     0.1584    -1.1088 -9.990e-29
 211.947297     -0.884   0.278564    17.0408    -1.7916     -0.877     0.1587    -1.1085 -9.990e-29
 211.947303     -0.867   0.278571    17.0416    -1.7918     -0.860     0.1587    -1.1087 -9.990e-29
 211.947309     -0.852   0.278159    17.0447    -1.7920     -0.845     0.1584    -1.1094 -9.990e-29
 211.947315     -0.838   0.277885    17.0501    -1.7922     -0.831     0.1582    -1.1105 -9.990e-29
 211.947321     -0.824   0.277936    17.0568    -1.7923     -0.817     0.1582    -1.1116 -9.990e-29
 211.947326     -0.810   0.278379    17.0630    -1.7925     -0.803     0.1585    -1.1125 -9.990e-29
 211.947332     -0.795   0.279252    17.0656    -1.7927     -0.788     0.1590    -1.1126 -9.990e-29
 211.947338     -0.777   0.280054    17.0625    -1.7930     -0.771     0.1594    -1.1117 -9.990e-29
 211.947344     -0.760   0.280194    17.0541    -1.7936     -0.754     0.1595    -1.1102 -9.990e-29
 211.947350     -0.747   0.279859    17.0437    -1.7935     -0.741     0.1594    -1.1085 -9.990e-29
 211.947355     -0.737   0.279708    17.0349    -1.7935     -0.731     0.1593    -1.1070 -9.990e-29
 211.947361     -0.729   0.280092    17.0281    -1.7934     -0.723     0.1596    -1.1056 -9.990e-29
 211.947367     -0.723   0.280968    17.0227    -1.7933     -0.717     0.1601    -1.1042 -9.990e-29
 211.947373     -0.719   0.281844    17.0178    -1.7931     -0.713     0.1606    -1.1030 -9.990e-29
 211.947378     -0.717   0.282224    17.0127    -1.7936     -0.711     0.1609    -1.1019 -9.990e-29
 211.947384     -0.715   0.282060    17.0065    -1.7944     -0.709     0.1608    -1.1009 -9.990e-29
 211.947390     -0.715   0.281685    16.9983    -1.7946     -0.709     0.1606    -1.0996 -9.990e-29
 211.947396     -0.715   0.281705    16.9905    -1.7946     -0.709     0.1606    -1.0982 -9.990e-29
 211.947402     -0.717   0.282146    16.9867    -1.7947     -0.711     0.1609    -1.0973 -9.990e-29
 211.947407     -0.715   0.282489    16.9868    -1.7945     -0.709     0.1611    -1.0972 -9.990e-29
 211.947413     -0.707   0.282637    16.9883    -1.7949     -0.701     0.1612    -1.0974 -9.990e-29
 211.947419     -0.694   0.282784    16.9892    -1.7956     -0.688     0.1613    -1.0975 -9.990e-29
 211.947425     -0.685   0.283127    16.9867    -1.7962     -0.679     0.1615    -1.0969 -9.990e-29
 211.947431     -0.685   0.283567    16.9782    -1.7968     -0.679     0.1618    -1.0952 -9.990e-29
 211.947436     -0.687   0.283583    16.9669    -1.7973     -0.681     0.1618    -1.0932 -9.990e-29
 211.947442     -0.689   0.283195    16.9592    -1.7978     -0.683     0.1616    -1.0920 -9.990e-29
 211.947448     -0.690   0.282991    16.9557    -1.7981     -0.684     0.1615    -1.0915 -9.990e-29
 211.947454     -0.691   0.283252    16.9536    -1.7978     -0.685     0.1617    -1.0910 -9.990e-29
 211.947459     -0.691   0.283773    16.9499    -1.7974     -0.685     0.1620    -1.0901 -9.990e-29
