data/oxygen options/ONMS/Olympic_Coast_National_Marine_Sanctuary_CTD_Data_2005_2023/raw_data/2019/CAST_MB015_190730faed.cnv
* Sea-Bird SBE 19 Data File:
* FileName = C:\2018 Mooring Data\Casts\CAST_MB015_190730.hex
* Software Version SeatermAF 2.1.2
* Temperature SN = 2997
* Conductivity SN = 2997
* System UpLoad Time = Jul 30 2019 19:26:28 (localtime) = Jul 30 2019 19:26:28 (UTC)
** CAST_MB015_190730
* ds
# nquan = 9                                 
# nvalues = 1858                        
# units = specified
# name 0 = timeJ: Julian Days
# name 1 = prSM: Pressure, Strain Gauge [db]
# name 2 = c0mS/cm: Conductivity [mS/cm]
# name 3 = t090C: Temperature [ITS-90, deg C]
# name 4 = sbeox0ML/L: Oxygen, SBE 43 [ml/l]
# name 5 = depSM: Depth [salt water, m], lat = 47.5
# name 6 = sal00: Salinity, Practical [PSU]
# name 7 = sigma-é00: Density [sigma-theta, kg/m^3]
# name 8 = flag: flag
# span 0 = 211.769560, 211.780307       
# span 1 =     -1.980,     13.502       
# span 2 =   0.073309,  41.034552       
# span 3 =     9.2007,    18.7272       
# span 4 =    -1.8159,    12.0149       
# span 5 =     -1.963,     13.389       
# span 6 =     0.0430,    33.4461       
# span 7 =    -1.5075,    25.8554       
# span 8 = 0.0000e+00, 0.0000e+00       
# interval = seconds: 0.5
# start_time = Jul 30 2019 18:28:10 [Instrument's time stamp, header]
# bad_flag = -9.990e-29
*END*
 211.769560     -1.980 -9.990e-29    18.2105    -1.7535     -1.963 -9.990e-29 -9.990e-29 -9.990e-29
 211.769566     -1.962   0.073399    18.1844    -1.7530     -1.946     0.0434    -1.4042 -9.990e-29
 211.769572     -1.942   0.073399    18.1617    -1.7527     -1.926     0.0434    -1.3999 -9.990e-29
 211.769578     -1.925   0.073399    18.1450    -1.7525     -1.909     0.0434    -1.3968 -9.990e-29
 211.769583     -1.908   0.073399    18.1327    -1.7523     -1.892     0.0434    -1.3945 -9.990e-29
 211.769589     -1.892   0.073399    18.1240    -1.7520     -1.876     0.0434    -1.3929 -9.990e-29
 211.769595     -1.874   0.073399    18.1213    -1.7515     -1.858     0.0434    -1.3923 -9.990e-29
 211.769601     -1.858   0.073398    18.1265    -1.7511     -1.843     0.0434    -1.3933 -9.990e-29
 211.769606     -1.847   0.073397    18.1385    -1.7509     -1.832     0.0434    -1.3956 -9.990e-29
 211.769612     -1.840   0.073396    18.1535    -1.7508     -1.825     0.0434    -1.3984 -9.990e-29
 211.769618     -1.834   0.073396    18.1674    -1.7505     -1.819     0.0434    -1.4010 -9.990e-29
 211.769624     -1.822   0.073395    18.1782    -1.7505     -1.807     0.0434    -1.4030 -9.990e-29
 211.769630     -1.810   0.073394    18.1868    -1.7504     -1.795     0.0434    -1.4046 -9.990e-29
 211.769635     -1.799   0.073393    18.1949    -1.7510     -1.784     0.0433    -1.4061 -9.990e-29
 211.769641     -1.790   0.073393    18.2043    -1.7513     -1.775     0.0433    -1.4079 -9.990e-29
 211.769647     -1.782   0.073392    18.2151    -1.7514     -1.767     0.0433    -1.4099 -9.990e-29
 211.769653     -1.774   0.073391    18.2249    -1.7515     -1.759     0.0433    -1.4118 -9.990e-29
 211.769659     -1.766   0.073390    18.2319    -1.7515     -1.751     0.0433    -1.4131 -9.990e-29
 211.769664     -1.757   0.073390    18.2371    -1.7514     -1.742     0.0433    -1.4141 -9.990e-29
 211.769670     -1.747   0.073389    18.2411    -1.7520     -1.732     0.0433    -1.4148 -9.990e-29
 211.769676     -1.736   0.073388    18.2426    -1.7526     -1.722     0.0433    -1.4151 -9.990e-29
 211.769682     -1.721   0.073387    18.2396    -1.7527     -1.707     0.0433    -1.4145 -9.990e-29
 211.769688     -1.704   0.073387    18.2325    -1.7523     -1.690     0.0433    -1.4132 -9.990e-29
 211.769693     -1.681   0.073386    18.2253    -1.7520     -1.667     0.0433    -1.4118 -9.990e-29
 211.769699     -1.657   0.073385    18.2207    -1.7518     -1.643     0.0433    -1.4110 -9.990e-29
 211.769705     -1.634   0.073384    18.2182    -1.7516     -1.620     0.0433    -1.4105 -9.990e-29
 211.769711     -1.611   0.073384    18.2163    -1.7516     -1.598     0.0433    -1.4101 -9.990e-29
 211.769716     -1.590   0.073383    18.2118    -1.7516     -1.577     0.0433    -1.4093 -9.990e-29
 211.769722     -1.574   0.073382    18.2030    -1.7519     -1.561     0.0433    -1.4076 -9.990e-29
 211.769728     -1.562   0.073381    18.1941    -1.7519     -1.549     0.0433    -1.4060 -9.990e-29
 211.769734     -1.554   0.073380    18.1910    -1.7522     -1.541     0.0433    -1.4054 -9.990e-29
 211.769740     -1.550   0.073380    18.1946    -1.7524     -1.537     0.0433    -1.4061 -9.990e-29
 211.769745     -1.548   0.073379    18.2007    -1.7523     -1.535     0.0433    -1.4072 -9.990e-29
 211.769751     -1.548   0.073378    18.2063    -1.7519     -1.535     0.0433    -1.4083 -9.990e-29
 211.769757     -1.547   0.073377    18.2108    -1.7518     -1.534     0.0433    -1.4091 -9.990e-29
 211.769763     -1.540   0.073377    18.2129    -1.7521     -1.527     0.0433    -1.4095 -9.990e-29
 211.769769     -1.531   0.073376    18.2117    -1.7520     -1.518     0.0433    -1.4093 -9.990e-29
 211.769774     -1.524   0.073375    18.2083    -1.7522     -1.511     0.0433    -1.4086 -9.990e-29
 211.769780     -1.517   0.073374    18.2042    -1.7527     -1.504     0.0433    -1.4079 -9.990e-29
 211.769786     -1.512   0.073374    18.1998    -1.7529     -1.499     0.0433    -1.4070 -9.990e-29
 211.769792     -1.506   0.073373    18.1972    -1.7529     -1.493     0.0433    -1.4066 -9.990e-29
 211.769797     -1.501   0.073372    18.1985    -1.7525     -1.488     0.0433    -1.4068 -9.990e-29
 211.769803     -1.495   0.073371    18.2022    -1.7522     -1.483     0.0433    -1.4075 -9.990e-29
 211.769809     -1.489   0.073371    18.2040    -1.7521     -1.477     0.0433    -1.4078 -9.990e-29
 211.769815     -1.482   0.073370    18.2027    -1.7525     -1.470     0.0433    -1.4076 -9.990e-29
 211.769821     -1.473   0.073369    18.1997    -1.7529     -1.461     0.0433    -1.4070 -9.990e-29
 211.769826     -1.462   0.073368    18.1940    -1.7528     -1.450     0.0433    -1.4060 -9.990e-29
 211.769832     -1.448   0.073368    18.1865    -1.7523     -1.436     0.0433    -1.4046 -9.990e-29
 211.769838     -1.430   0.073367    18.1820    -1.7518     -1.418     0.0433    -1.4037 -9.990e-29
 211.769844     -1.408   0.073366    18.1831    -1.7514     -1.396     0.0433    -1.4039 -9.990e-29
 211.769850     -1.384   0.073365    18.1886    -1.7509     -1.372     0.0433    -1.4049 -9.990e-29
 211.769855     -1.360   0.073365    18.1943    -1.7509     -1.349     0.0433    -1.4060 -9.990e-29
 211.769861     -1.336   0.073364    18.1954    -1.7512     -1.325     0.0433    -1.4062 -9.990e-29
 211.769867     -1.314   0.073363    18.1911    -1.7516     -1.303     0.0433    -1.4054 -9.990e-29
 211.769873     -1.296   0.073362    18.1869    -1.7526     -1.285     0.0433    -1.4046 -9.990e-29
 211.769878     -1.282   0.073362    18.1888    -1.7531     -1.271     0.0433    -1.4050 -9.990e-29
 211.769884     -1.271   0.073361    18.1974    -1.7528     -1.260     0.0433    -1.4066 -9.990e-29
 211.769890     -1.263   0.073360    18.2089    -1.7523     -1.252     0.0433    -1.4088 -9.990e-29
 211.769896     -1.256   0.073359    18.2200    -1.7519     -1.246     0.0433    -1.4108 -9.990e-29
 211.769902     -1.250   0.073358    18.2278    -1.7522     -1.240     0.0433    -1.4123 -9.990e-29
 211.769907     -1.245   0.073358    18.2292    -1.7527     -1.235     0.0433    -1.4126 -9.990e-29
 211.769913     -1.240   0.073357    18.2231    -1.7528     -1.230     0.0433    -1.4114 -9.990e-29
 211.769919     -1.236   0.073356    18.2103    -1.7523     -1.226     0.0433    -1.4090 -9.990e-29
 211.769925     -1.231   0.073355    18.1952    -1.7520     -1.221     0.0433    -1.4062 -9.990e-29
 211.769931     -1.227   0.073355    18.1862    -1.7518     -1.217     0.0433    -1.4045 -9.990e-29
 211.769936     -1.221   0.073354    18.1871    -1.7512     -1.211     0.0433    -1.4047 -9.990e-29
 211.769942     -1.215   0.073353    18.1933    -1.7510     -1.205     0.0433    -1.4058 -9.990e-29
 211.769948     -1.207   0.073352    18.1973    -1.7511     -1.197     0.0433    -1.4066 -9.990e-29
 211.769954     -1.197   0.073352    18.1952    -1.7513     -1.187     0.0433    -1.4062 -9.990e-29
 211.769959     -1.184   0.073351    18.1908    -1.7512     -1.174     0.0433    -1.4054 -9.990e-29
 211.769965     -1.168   0.073350    18.1910    -1.7509     -1.158     0.0433    -1.4054 -9.990e-29
 211.769971     -1.152   0.073349    18.1973    -1.7507     -1.142     0.0433    -1.4066 -9.990e-29
 211.769977     -1.139   0.073349    18.2057    -1.7506     -1.129     0.0433    -1.4082 -9.990e-29
 211.769983     -1.129   0.073348    18.2144    -1.7504     -1.120     0.0433    -1.4098 -9.990e-29
 211.769988     -1.124   0.073347    18.2232    -1.7504     -1.115     0.0433    -1.4114 -9.990e-29
 211.769994     -1.121   0.073346    18.2290    -1.7503     -1.112     0.0433    -1.4125 -9.990e-29
 211.770000     -1.107   0.073346    18.2303    -1.7500     -1.098     0.0433    -1.4128 -9.990e-29
 211.770006     -1.084   0.073345    18.2302    -1.7501     -1.075     0.0433    -1.4128 -9.990e-29
 211.770012     -1.064   0.073344    18.2325    -1.7500     -1.055     0.0433    -1.4132 -9.990e-29
 211.770017     -1.051   0.073343    18.2372    -1.7498     -1.042     0.0433    -1.4141 -9.990e-29
 211.770023     -1.042   0.073343    18.2426    -1.7500     -1.033     0.0433    -1.4151 -9.990e-29
 211.770029     -1.035   0.073342    18.2476    -1.7501     -1.026     0.0433    -1.4160 -9.990e-29
 211.770035     -1.023   0.073341    18.2516    -1.7499     -1.014     0.0433    -1.4168 -9.990e-29
 211.770041     -1.010   0.073340    18.2545    -1.7495     -1.002     0.0433    -1.4173 -9.990e-29
 211.770046     -1.000   0.073340    18.2578    -1.7498     -0.992     0.0433    -1.4179 -9.990e-29
 211.770052     -0.992   0.073339    18.2613    -1.7501     -0.984     0.0433    -1.4186 -9.990e-29
 211.770058     -0.985   0.073338    18.2639    -1.7500     -0.977     0.0433    -1.4191 -9.990e-29
 211.770064     -0.980   0.073337    18.2661    -1.7500     -0.972     0.0433    -1.4195 -9.990e-29
 211.770069     -0.976   0.073336    18.2675    -1.7502     -0.968     0.0433    -1.4198 -9.990e-29
 211.770075     -0.972   0.073336    18.2672    -1.7503     -0.964     0.0433    -1.4197 -9.990e-29
 211.770081     -0.969   0.073335    18.2674    -1.7504     -0.961     0.0433    -1.4198 -9.990e-29
 211.770087     -0.965   0.073334    18.2702    -1.7507     -0.957     0.0433    -1.4203 -9.990e-29
 211.770093     -0.962   0.073333    18.2723    -1.7511     -0.954     0.0433    -1.4207 -9.990e-29
 211.770098     -0.958   0.073333    18.2701    -1.7515     -0.950     0.0433    -1.4203 -9.990e-29
 211.770104     -0.954   0.073332    18.2663    -1.7517     -0.946     0.0433    -1.4196 -9.990e-29
 211.770110     -0.948   0.073331    18.2644    -1.7522     -0.940     0.0433    -1.4192 -9.990e-29
 211.770116     -0.942   0.073330    18.2627    -1.7521     -0.934     0.0433    -1.4189 -9.990e-29
 211.770122     -0.934   0.073330    18.2595    -1.7518     -0.926     0.0433    -1.4183 -9.990e-29
 211.770127     -0.924   0.073329    18.2556    -1.7516     -0.916     0.0433    -1.4175 -9.990e-29
 211.770133     -0.911   0.073328    18.2508    -1.7512     -0.903     0.0433    -1.4166 -9.990e-29
 211.770139     -0.894   0.073327    18.2437    -1.7507     -0.887     0.0433    -1.4153 -9.990e-29
 211.770145     -0.877   0.073327    18.2342    -1.7501     -0.870     0.0433    -1.4135 -9.990e-29
 211.770150     -0.868   0.073326    18.2243    -1.7497     -0.861     0.0433    -1.4116 -9.990e-29
 211.770156     -0.864   0.073325    18.2155    -1.7495     -0.857     0.0433    -1.4100 -9.990e-29
 211.770162     -0.863   0.073324    18.2095    -1.7493     -0.856     0.0433    -1.4089 -9.990e-29
 211.770168     -0.864   0.073324    18.2091    -1.7492     -0.857     0.0433    -1.4088 -9.990e-29
 211.770174     -0.867   0.073323    18.2137    -1.7491     -0.860     0.0433    -1.4097 -9.990e-29
 211.770179     -0.871   0.073322    18.2215    -1.7491     -0.864     0.0433    -1.4111 -9.990e-29
 211.770185     -0.875   0.073321    18.2323    -1.7490     -0.868     0.0433    -1.4132 -9.990e-29
 211.770191     -0.872   0.073321    18.2456    -1.7488     -0.865     0.0433    -1.4157 -9.990e-29
 211.770197     -0.863   0.073320    18.2593    -1.7486     -0.856     0.0433    -1.4182 -9.990e-29
 211.770203     -0.847   0.073319    18.2709    -1.7483     -0.840     0.0433    -1.4204 -9.990e-29
 211.770208     -0.829   0.073318    18.2793    -1.7481     -0.822     0.0433    -1.4220 -9.990e-29
 211.770214     -0.814   0.073318    18.2851    -1.7479     -0.807     0.0433    -1.4231 -9.990e-29
 211.770220     -0.802   0.073317    18.2892    -1.7476     -0.795     0.0433    -1.4239 -9.990e-29
 211.770226     -0.789   0.073316    18.2921    -1.7472     -0.782     0.0433    -1.4244 -9.990e-29
 211.770231     -0.777   0.073315    18.2945    -1.7469     -0.771     0.0432    -1.4249 -9.990e-29
 211.770237     -0.770   0.073314    18.2978    -1.7467     -0.764     0.0432    -1.4255 -9.990e-29
 211.770243     -0.763   0.073314    18.3030    -1.7465     -0.757     0.0432    -1.4265 -9.990e-29
 211.770249     -0.752   0.073313    18.3096    -1.7462     -0.746     0.0432    -1.4277 -9.990e-29
 211.770255     -0.739   0.073312    18.3165    -1.7457     -0.733     0.0432    -1.4290 -9.990e-29
 211.770260     -0.730   0.073311    18.3232    -1.7452     -0.724     0.0432    -1.4303 -9.990e-29
 211.770266     -0.722   0.073311    18.3304    -1.7446     -0.716     0.0432    -1.4317 -9.990e-29
 211.770272     -0.717   0.073310    18.3388    -1.7439     -0.711     0.0432    -1.4332 -9.990e-29
 211.770278     -0.712   0.073309    18.3478    -1.7435     -0.706     0.0432    -1.4349 -9.990e-29
 211.770284     -0.708   0.073309    18.3563    -1.7435     -0.702     0.0432    -1.4366 -9.990e-29
 211.770289     -0.705   0.073309    18.3641    -1.7432     -0.699     0.0432    -1.4380 -9.990e-29
 211.770295     -0.702   0.073309    18.3725    -1.7425     -0.696     0.0432    -1.4396 -9.990e-29
 211.770301     -0.700   0.073309    18.3828    -1.7418     -0.694     0.0432    -1.4416 -9.990e-29
 211.770307     -0.697   0.073310    18.3955    -1.7410     -0.691     0.0432    -1.4440 -9.990e-29
 211.770312     -0.695   0.073310    18.4105    -1.7405     -0.689     0.0432    -1.4468 -9.990e-29
 211.770318     -0.692   0.073310    18.4266    -1.7401     -0.686     0.0432    -1.4499 -9.990e-29
 211.770324     -0.689   0.073310    18.4417    -1.7398     -0.683     0.0432    -1.4528 -9.990e-29
 211.770330     -0.685   0.073311    18.4533    -1.7394     -0.679     0.0432    -1.4550 -9.990e-29
 211.770336     -0.681   0.073311    18.4624    -1.7390     -0.675     0.0431    -1.4567 -9.990e-29
 211.770341     -0.676   0.073311    18.4743    -1.7386     -0.670     0.0431    -1.4590 -9.990e-29
 211.770347     -0.669   0.073312    18.4911    -1.7383     -0.663     0.0431    -1.4622 -9.990e-29
 211.770353     -0.660   0.073312    18.5104    -1.7380     -0.654     0.0431    -1.4659 -9.990e-29
 211.770359     -0.649   0.073312    18.5291    -1.7378     -0.644     0.0431    -1.4694 -9.990e-29
 211.770365     -0.634   0.073312    18.5453    -1.7379     -0.629     0.0431    -1.4725 -9.990e-29
 211.770370     -0.620   0.073313    18.5582    -1.7375     -0.615     0.0431    -1.4750 -9.990e-29
 211.770376     -0.609   0.073313    18.5698    -1.7369     -0.604     0.0431    -1.4772 -9.990e-29
 211.770382     -0.597   0.073313    18.5815    -1.7364     -0.592     0.0431    -1.4795 -9.990e-29
 211.770388     -0.583   0.073314    18.5932    -1.7361     -0.578     0.0431    -1.4817 -9.990e-29
 211.770394     -0.575   0.073314    18.6041    -1.7355     -0.570     0.0431    -1.4838 -9.990e-29
 211.770399     -0.572   0.073314    18.6137    -1.7350     -0.567     0.0431    -1.4856 -9.990e-29
 211.770405     -0.569   0.073315    18.6213    -1.7346     -0.564     0.0431    -1.4871 -9.990e-29
 211.770411     -0.566   0.073315    18.6272    -1.7350     -0.561     0.0431    -1.4882 -9.990e-29
 211.770417     -0.559   0.073315    18.6334    -1.7352     -0.554     0.0431    -1.4894 -9.990e-29
 211.770422     -0.548   0.073315    18.6431    -1.7352     -0.543     0.0430    -1.4913 -9.990e-29
 211.770428     -0.540   0.073316    18.6559    -1.7350     -0.535     0.0430    -1.4938 -9.990e-29
 211.770434     -0.535   0.073316    18.6693    -1.7346     -0.531     0.0430    -1.4963 -9.990e-29
 211.770440     -0.528   0.073316    18.6824    -1.7348     -0.524     0.0430    -1.4989 -9.990e-29
 211.770446     -0.523   0.073317    18.6958    -1.7348     -0.519     0.0430    -1.5015 -9.990e-29
 211.770451     -0.519   0.073317    18.7079    -1.7345     -0.515     0.0430    -1.5038 -9.990e-29
 211.770457     -0.513   0.073317    18.7139    -1.7343     -0.509     0.0430    -1.5049 -9.990e-29
 211.770463     -0.504   0.073317    18.7131    -1.7344     -0.500     0.0430    -1.5048 -9.990e-29
 211.770469     -0.490   0.073318    18.7107    -1.7354     -0.486     0.0430    -1.5043 -9.990e-29
 211.770475     -0.477   0.073318    18.7114    -1.7360     -0.473     0.0430    -1.5045 -9.990e-29
 211.770480     -0.466   0.073318    18.7154    -1.7362     -0.462     0.0430    -1.5052 -9.990e-29
