data/oxygen options/ONMS/Olympic_Coast_National_Marine_Sanctuary_CTD_Data_2005_2023/raw_data/2019/CAST_MB015_190624faed.cnv
* Sea-Bird SBE19 Data File:
* FileName = C:\2019 Mooring Data\Casts\CAST_MB015_190624.hex
* Software Version 1.59
* Temperature SN = 2997
* Conductivity SN = 2997
* System UpLoad Time = Jun 24 2019 20:54:57
** CAST_MB015_190624
* ds
# nquan = 9                                 
# nvalues = 746                         
# units = specified
# name 0 = timeJ: Julian Days
# name 1 = prSM: Pressure, Strain Gauge [db]
# name 2 = c0mS/cm: Conductivity [mS/cm]
# name 3 = t090C: Temperature [ITS-90, deg C]
# name 4 = sbeox0ML/L: Oxygen, SBE 43 [ml/l]
# name 5 = depSM: Depth [salt water, m], lat = 47.5
# name 6 = sal00: Salinity, Practical [PSU]
# name 7 = sigma-é00: Density [sigma-theta, kg/m^3]
# name 8 = flag: flag
# span 0 = 175.833553, 175.837865       
# span 1 =     -4.781,     13.626       
# span 2 =   0.292708,  39.185207       
# span 3 =     8.8982,    15.8540       
# span 4 =    -1.9128,    13.7564       
# span 5 =     -4.741,     13.512       
# span 6 =     0.1738,    33.4446       
# span 7 =    -0.8212,    25.8024       
# span 8 = 0.0000e+00, 0.0000e+00       
# interval = seconds: 0.5
# start_time = Jun 24 2019 20:00:19 [Instrument's time stamp, header]
# bad_flag = -9.990e-29
*END*
[from data line 321]
 175.835411     -0.381   1.162528    15.8151    -1.7951     -0.378     0.7113    -0.4763 -9.990e-29
 175.835417     -0.371   1.151647    15.8073    -1.7031     -0.368     0.7045    -0.4803 -9.990e-29
 175.835422     -0.362   1.146459    15.8008    -1.7416     -0.359     0.7012    -0.4818 -9.990e-29
 175.835428     -0.357   1.146695    15.7990    -1.5806     -0.354     0.7014    -0.4813 -9.990e-29
 175.835434     -0.351   1.149343    15.7994    -1.5871     -0.348     0.7031    -0.4801 -9.990e-29
 175.835440     -0.341   1.154054    15.7974    -1.5874     -0.338     0.7062    -0.4774 -9.990e-29
 175.835446     -0.325   1.175417    15.7863    -1.5860     -0.322     0.7200    -0.4649 -9.990e-29
 175.835451     -0.302   1.255212    15.7491    -1.5842     -0.299     0.7719    -0.4189 -9.990e-29
 175.835457     -0.272   1.510356    15.6370    -1.5838     -0.270     0.9396    -0.2717 -9.990e-29
 175.835463     -0.236   2.286581    15.3013    -1.5853     -0.234     1.4655     0.1869 -9.990e-29
 175.835469     -0.200   4.624946    14.6486    -1.5869     -0.198     3.1432     1.5800 -9.990e-29
 175.835475     -0.167  10.046017    13.9211    -1.5874     -0.166     7.3514     4.9275 -9.990e-29
 175.835480     -0.134  17.508318    13.4257    -1.5855     -0.133    13.5865     9.7984 -9.990e-29
 175.835486     -0.100  25.254768    13.1858    -1.5870     -0.099    20.3985    15.0805 -9.990e-29
 175.835492     -0.062  32.507143    13.0952    -1.5879     -0.061    27.0003    20.1873 -9.990e-29
 175.835498     -0.018  36.876868    13.0700    -1.5868     -0.018    31.0733    23.3393 -9.990e-29
 175.835503      0.035  38.317339    13.0639    -1.5857      0.035    32.4319    24.3915 -9.990e-29
 175.835509      0.096  38.856694    13.0624    -1.5872      0.095    32.9422    24.7867 -9.990e-29
 175.835515      0.161  39.091937    13.0527    -1.5867      0.160    33.1730    24.9673 -9.990e-29
 175.835521      0.224  39.160253    13.0362    -1.5863      0.222    33.2521    25.0318 -9.990e-29
 175.835527      0.282  39.137020    13.0210    -1.5880      0.280    33.2434    25.0281 -9.990e-29
 175.835532      0.337  39.099890    12.9990    -1.5871      0.334    33.2275    25.0202 -9.990e-29
 175.835538      0.399  39.107428    12.9819    -1.5857      0.396    33.2496    25.0407 -9.990e-29
 175.835544      0.462  39.166291    12.9985    -1.5845      0.458    33.2908    25.0693 -9.990e-29
 175.835550      0.513  39.185207    13.0360    -1.5877      0.509    33.2757    25.0502 -9.990e-29
 175.835556      0.547  39.121582    13.0539    -1.5896      0.542    33.1998    24.9879 -9.990e-29
 175.835561      0.570  39.052435    13.0325    -1.5871      0.565    33.1531    24.9560 -9.990e-29
 175.835567      0.588  39.030622    12.9959    -1.5873      0.583    33.1645    24.9720 -9.990e-29
 175.835573      0.602  39.075206    12.9825    -1.5894      0.597    33.2185    25.0165 -9.990e-29
 175.835579      0.613  39.159896    13.0011    -1.5908      0.608    33.2824    25.0623 -9.990e-29
 175.835584      0.618  39.183041    13.0347    -1.5906      0.613    33.2748    25.0497 -9.990e-29
 175.835590      0.616  39.120013    13.0501    -1.5912      0.611    33.2016    24.9900 -9.990e-29
 175.835596      0.617  39.062630    13.0214    -1.5914      0.612    33.1725    24.9731 -9.990e-29
 175.835602      0.619  39.081677    12.9702    -1.5913      0.614    33.2354    25.0320 -9.990e-29
 175.835608      0.620  39.147630    12.9530    -1.5913      0.615    33.3131    25.0955 -9.990e-29
 175.835613      0.619  39.175871    12.9744    -1.5913      0.614    33.3210    25.0975 -9.990e-29
 175.835619      0.616  39.141832    12.9813    -1.5889      0.611    33.2827    25.0664 -9.990e-29
 175.835625      0.611  39.086355    12.9495    -1.5890      0.606    33.2581    25.0536 -9.990e-29
 175.835631      0.603  39.036834    12.8947    -1.5893      0.598    33.2593    25.0653 -9.990e-29
 175.835637      0.593  39.015155    12.8417    -1.5903      0.588    33.2853    25.0959 -9.990e-29
 175.835642      0.588  39.055107    12.8121    -1.5902      0.583    33.3495    25.1514 -9.990e-29
 175.835648      0.595  39.132619    12.8112    -1.5889      0.590    33.4241    25.2094 -9.990e-29
 175.835654      0.608  39.173998    12.8325    -1.5887      0.603    33.4446    25.2211 -9.990e-29
 175.835660      0.619  39.157081    12.8643    -1.5890      0.614    33.4003    25.1806 -9.990e-29
 175.835666      0.627  39.101712    12.8922    -1.5907      0.622    33.3231    25.1152 -9.990e-29
 175.835671      0.634  39.038895    12.9102    -1.5908      0.629    33.2476    25.0532 -9.990e-29
 175.835677      0.640  39.023080    12.9242    -1.5898      0.635    33.2202    25.0293 -9.990e-29
 175.835683      0.646  39.055014    12.9395    -1.5889      0.641    33.2371    25.0393 -9.990e-29
 175.835689      0.651  39.058375    12.9531    -1.5891      0.646    33.2283    25.0299 -9.990e-29
 175.835694      0.656  39.005785    12.9620    -1.5897      0.651    33.1707    24.9835 -9.990e-29
 175.835700      0.662  38.945942    12.9649    -1.5921      0.656    33.1114    24.9370 -9.990e-29
 175.835706      0.669  38.931871    12.9627    -1.5942      0.663    33.1000    24.9286 -9.990e-29
 175.835712      0.677  38.962245    12.9581    -1.5954      0.671    33.1328    24.9549 -9.990e-29
 175.835718      0.683  38.984651    12.9536    -1.5946      0.677    33.1580    24.9753 -9.990e-29
 175.835723      0.682  38.964059    12.9516    -1.5935      0.676    33.1402    24.9619 -9.990e-29
 175.835729      0.679  38.921248    12.9505    -1.5951      0.673    33.1006    24.9315 -9.990e-29
 175.835735      0.677  38.909545    12.9450    -1.5965      0.671    33.0943    24.9277 -9.990e-29
 175.835741      0.678  38.945338    12.9336    -1.5974      0.672    33.1382    24.9639 -9.990e-29
 175.835747      0.680  38.990725    12.9095    -1.5958      0.674    33.2024    25.0184 -9.990e-29
 175.835752      0.685  39.000426    12.8587    -1.5938      0.679    33.2563    25.0701 -9.990e-29
 175.835758      0.692  38.968959    12.7902    -1.5939      0.686    33.2867    25.1071 -9.990e-29
 175.835764      0.701  38.943490    12.7433    -1.5971      0.695    33.3039    25.1295 -9.990e-29
 175.835770      0.714  38.962373    12.7447    -1.5982      0.708    33.3206    25.1423 -9.990e-29
 175.835775      0.730  38.992584    12.7674    -1.5965      0.724    33.3294    25.1446 -9.990e-29
 175.835781      0.748  38.977004    12.7628    -1.5962      0.742    33.3186    25.1371 -9.990e-29
 175.835787      0.759  38.913412    12.7250    -1.5970      0.753    33.2913    25.1234 -9.990e-29
 175.835793      0.765  38.862162    12.6936    -1.5978      0.759    33.2702    25.1131 -9.990e-29
 175.835799      0.769  38.875969    12.7019    -1.5940      0.763    33.2760    25.1160 -9.990e-29
 175.835804      0.772  38.932412    12.7342    -1.5921      0.766    33.3013    25.1293 -9.990e-29
 175.835810      0.774  38.970142    12.7492    -1.5930      0.768    33.3240    25.1440 -9.990e-29
 175.835816      0.776  38.954963    12.7332    -1.5941      0.770    33.3237    25.1469 -9.990e-29
 175.835822      0.782  38.887997    12.7065    -1.5929      0.775    33.2834    25.1209 -9.990e-29
 175.835828      0.792  38.818933    12.6925    -1.5920      0.785    33.2299    25.0821 -9.990e-29
 175.835833      0.802  38.818733    12.6998    -1.5914      0.795    33.2233    25.0756 -9.990e-29
 175.835839      0.814  38.866465    12.7222    -1.5911      0.807    33.2490    25.0912 -9.990e-29
 175.835845      0.823  38.869013    12.7561    -1.5898      0.816    33.2216    25.0633 -9.990e-29
 175.835851      0.826  38.815281    12.8007    -1.5889      0.819    33.1312    24.9846 -9.990e-29
 175.835856      0.827  38.787720    12.8376    -1.5884      0.820    33.0726    24.9320 -9.990e-29
 175.835862      0.831  38.819666    12.8551    -1.5890      0.824    33.0877    24.9402 -9.990e-29
 175.835868      0.834  38.849617    12.8668    -1.5887      0.827    33.1059    24.9520 -9.990e-29
 175.835874      0.831  38.833569    12.8806    -1.5887      0.824    33.0785    24.9281 -9.990e-29
 175.835880      0.827  38.805641    12.8947    -1.5888      0.820    33.0397    24.8953 -9.990e-29
 175.835885      0.830  38.814917    12.9150    -1.5904      0.823    33.0308    24.8844 -9.990e-29
 175.835891      0.840  38.851433    12.9480    -1.5914      0.833    33.0366    24.8824 -9.990e-29
 175.835897      0.850  38.870412    12.9882    -1.5917      0.843    33.0194    24.8612 -9.990e-29
 175.835903      0.855  38.860825    13.0205    10.4205      0.848    32.9822    24.8260 -9.990e-29
 175.835909      0.856  38.844125    13.0343    13.5306      0.849    32.9544    24.8018 -9.990e-29
 175.835914      0.853  38.837887    13.0322    13.7564      0.846    32.9503    24.7990 -9.990e-29
 175.835920      0.846  38.841150    13.0235    11.5682      0.839    32.9610    24.8090 -9.990e-29
 175.835926      0.838  38.852173    13.0136     6.8591      0.831    32.9800    24.8257 -9.990e-29
 175.835932      0.839  38.870036    12.9982     7.0152      0.832    33.0104    24.8522 -9.990e-29
 175.835938      0.847  38.880540    12.9760     7.2695      0.840    33.0397    24.8793 -9.990e-29
 175.835943      0.855  38.870872    12.9559     7.3327      0.848    33.0481    24.8897 -9.990e-29
 175.835949      0.858  38.839965    12.9394     7.3165      0.851    33.0332    24.8815 -9.990e-29
 175.835955      0.863  38.799321    12.9249     7.2749      0.856    33.0073    24.8643 -9.990e-29
 175.835961      0.872  38.762579    12.9201     7.2318      0.865    32.9767    24.8415 -9.990e-29
 175.835966      0.882  38.739062    12.9246     7.1979      0.875    32.9505    24.8203 -9.990e-29
 175.835972      0.890  38.731641    12.9277     7.1709      0.883    32.9407    24.8122 -9.990e-29
 175.835978      0.896  38.726007    12.9267     7.1392      0.889    32.9362    24.8089 -9.990e-29
 175.835984      0.901  38.713037    12.9246     7.1228      0.893    32.9258    24.8012 -9.990e-29
 175.835990      0.904  38.703509    12.9217     7.1225      0.896    32.9193    24.7967 -9.990e-29
 175.835995      0.907  38.705505    12.9182     7.1165      0.899    32.9242    24.8012 -9.990e-29
 175.836001      0.909  38.709994    12.9127     7.1038      0.901    32.9333    24.8093 -9.990e-29
 175.836007      0.910  38.704545    12.9034     7.0894      0.902    32.9362    24.8134 -9.990e-29
 175.836013      0.911  38.688122    12.8923     7.0887      0.903    32.9303    24.8110 -9.990e-29
 175.836019      0.912  38.673056    12.8843     7.0829      0.904    32.9230    24.8069 -9.990e-29
 175.836024      0.911  38.671805    12.8835     7.0873      0.903    32.9225    24.8067 -9.990e-29
 175.836030      0.911  38.680527    12.8881     7.0855      0.903    32.9267    24.8091 -9.990e-29
 175.836036      0.910  38.686834    12.8894     7.0793      0.902    32.9316    24.8126 -9.990e-29
 175.836042      0.908  38.685763    12.8867     7.0692      0.900    32.9329    24.8142 -9.990e-29
 175.836047      0.906  38.682675    12.8899     7.0511      0.898    32.9272    24.8091 -9.990e-29
 175.836053      0.903  38.684160    12.9005     7.0553      0.895    32.9194    24.8010 -9.990e-29
 175.836059      0.899  38.689462    12.9085     7.0613      0.891    32.9175    24.7979 -9.990e-29
 175.836065      0.893  38.692280    12.9077     7.0668      0.886    32.9208    24.8007 -9.990e-29
 175.836071      0.890  38.686357    12.8995     7.0717      0.883    32.9223    24.8035 -9.990e-29
 175.836076      0.894  38.674507    12.8871     7.0618      0.887    32.9219    24.8056 -9.990e-29
 175.836082      0.900  38.667319    12.8766     7.0585      0.892    32.9242    24.8094 -9.990e-29
 175.836088      0.906  38.667594    12.8757     7.0592      0.898    32.9253    24.8104 -9.990e-29
 175.836094      0.910  38.672963    12.8833     7.0659      0.902    32.9237    24.8077 -9.990e-29
 175.836100      0.914  38.680008    12.8910     7.0712      0.906    32.9237    24.8062 -9.990e-29
 175.836105      0.918  38.683070    12.8922     7.0786      0.910    32.9256    24.8074 -9.990e-29
 175.836111      0.922  38.677898    12.8870     7.0729      0.914    32.9252    24.8081 -9.990e-29
 175.836117      0.926  38.663828    12.8799     7.0679      0.918    32.9180    24.8040 -9.990e-29
 175.836123      0.930  38.650166    12.8756     7.0725      0.922    32.9088    24.7977 -9.990e-29
 175.836128      0.935  38.647886    12.8766     7.0864      0.927    32.9058    24.7951 -9.990e-29
 175.836134      0.940  38.653451    12.8803     7.0894      0.932    32.9078    24.7960 -9.990e-29
 175.836140      0.948  38.660349    12.8825     7.0916      0.940    32.9125    24.7992 -9.990e-29
 175.836146      0.952  38.666642    12.8831     7.0741      0.944    32.9179    24.8032 -9.990e-29
 175.836152      0.951  38.669589    12.8812     7.0715      0.943    32.9224    24.8071 -9.990e-29
 175.836157      0.947  38.666466    12.8755     7.0828      0.939    32.9244    24.8097 -9.990e-29
 175.836163      0.944  38.659336    12.8697     7.0828      0.936    32.9227    24.8095 -9.990e-29
 175.836169      0.944  38.658361    12.8685     7.0699      0.936    32.9228    24.8099 -9.990e-29
 175.836175      0.945  38.665108    12.8680     7.0327      0.937    32.9296    24.8153 -9.990e-29
 175.836181      0.947  38.667357    12.8605     7.0232      0.939    32.9383    24.8235 -9.990e-29
 175.836186      0.952  38.660332    12.8453     7.0323      0.944    32.9449    24.8315 -9.990e-29
 175.836192      0.958  38.647615    12.8353     7.0572      0.950    32.9415    24.8309 -9.990e-29
 175.836198      0.963  38.636398    12.8429     7.0618      0.955    32.9242    24.8160 -9.990e-29
 175.836204      0.962  38.635868    12.8552     7.0597      0.954    32.9130    24.8049 -9.990e-29
 175.836209      0.959  38.639779    12.8550     7.0345      0.951    32.9169    24.8080 -9.990e-29
 175.836215      0.960  38.633256    12.8406     7.0260      0.952    32.9233    24.8157 -9.990e-29
 175.836221      0.962  38.600395    12.8245     7.0369      0.954    32.9061    24.8055 -9.990e-29
 175.836227      0.963  38.565767    12.8237     7.0500      0.955    32.8739    24.7808 -9.990e-29
 175.836233      0.959  38.576788    12.8316     7.0636      0.951    32.8775    24.7820 -9.990e-29
 175.836238      0.952  38.608453    12.8256     7.0619      0.944    32.9128    24.8105 -9.990e-29
 175.836244      0.948  38.616809    12.8009     7.0659      0.940    32.9423    24.8382 -9.990e-29
 175.836250      0.946  38.601868    12.7737     7.0482      0.938    32.9518    24.8509 -9.990e-29
 175.836256      0.945  38.580736    12.7631     7.0542      0.937    32.9410    24.8445 -9.990e-29
 175.836262      0.946  38.575138    12.7744     7.0611      0.938    32.9258    24.8306 -9.990e-29
 175.836267      0.948  38.588312    12.7935     7.0648      0.940    32.9216    24.8236 -9.990e-29
 175.836273      0.953  38.603165    12.8051     7.0740      0.945    32.9256    24.8245 -9.990e-29
 175.836279      0.959  38.609332    12.8028     7.0838      0.951    32.9335    24.8310 -9.990e-29
 175.836285      0.968  38.603346    12.7914     7.0877      0.960    32.9377    24.8365 -9.990e-29
 175.836291      0.981  38.592977    12.7834     7.0828      0.973    32.9349    24.8359 -9.990e-29
 175.836296      0.993  38.592466    12.7879     7.0770      0.985    32.9304    24.8316 -9.990e-29
 175.836302      0.996  38.602874    12.8041     7.0831      0.988    32.9262    24.8251 -9.990e-29
 175.836308      0.992  38.624142    12.8184     7.0892      0.984    32.9339    24.8283 -9.990e-29
 175.836314      0.989  38.645494    12.8274     7.1097      0.981    32.9464    24.8362 -9.990e-29
 175.836319      0.989  38.651792    12.8369     7.1235      0.981    32.9441    24.8325 -9.990e-29
 175.836325      0.994  38.650384    12.8441     7.1195      0.986    32.9364    24.8252 -9.990e-29
