data/oxygen options/ONMS/Olympic_Coast_National_Marine_Sanctuary_CTD_Data_2005_2023/raw_data/2019/CAST_CA015_190527faed.cnv
* Sea-Bird SBE19 Data File:
* FileName = C:\2019 Mooring Data\Casts\CAST_CA015_190527.hex
* Software Version 1.59
* Temperature SN = 2997
* Conductivity SN = 2997
* System UpLoad Time = May 27 2019 23:44:45
** CAST_CA015_190527
* ds
# nquan = 9                                 
# nvalues = 757                         
# units = specified
# name 0 = timeJ: Julian Days
# name 1 = prSM: Pressure, Strain Gauge [db]
# name 2 = c0mS/cm: Conductivity [mS/cm]
# name 3 = t090C: Temperature [ITS-90, deg C]
# name 4 = sbeox0ML/L: Oxygen, SBE 43 [ml/l]
# name 5 = depSM: Depth [salt water, m], lat = 47.5
# name 6 = sal00: Salinity, Practical [PSU]
# name 7 = sigma-é00: Density [sigma-theta, kg/m^3]
# name 8 = flag: flag
# span 0 = 147.965671, 147.970046       
# span 1 =     -5.447,     11.027       
# span 2 =   0.066093,  36.645100       
# span 3 =    11.4619,    13.7302       
# span 4 =    -1.9321,    12.9174       
# span 5 =     -5.402,     10.935       
# span 6 =     0.0421,    31.4877       
# span 7 =    -0.6829,    23.9577       
# span 8 = 0.0000e+00, 0.0000e+00       
# interval = seconds: 0.5
# start_time = May 27 2019 23:10:34 [Instrument's time stamp, header]
# bad_flag = -9.990e-29
*END*
[from data line 641]
 147.969381      2.959  36.475695    13.0741     6.3186      2.934    30.6934    23.0448 0.0000e+00
 147.969387      3.264  36.460772    13.0535     6.3128      3.237    30.6960    23.0508 0.0000e+00
 147.969392      3.586  36.448387    13.0382     6.3001      3.556    30.6966    23.0543 0.0000e+00
 147.969398      3.919  36.439927    13.0280     6.2918      3.886    30.6969    23.0564 0.0000e+00
 147.969404      4.258  36.436411    13.0227     6.2849      4.222    30.6977    23.0581 0.0000e+00
 147.969410      4.600  36.435932    13.0190     6.2784      4.562    30.7001    23.0607 0.0000e+00
 147.969416      4.941  36.431678    13.0128     6.2834      4.900    30.7011    23.0626 0.0000e+00
 147.969421      5.275  36.423004    13.0037     6.2820      5.231    30.7002    23.0637 0.0000e+00
 147.969427      5.600  36.415685    12.9952     6.2809      5.553    30.7001    23.0652 0.0000e+00
 147.969433      5.910  36.410587    12.9909     6.2909      5.861    30.6987    23.0650 0.0000e+00
 147.969439      6.195  36.408174    12.9904     6.2873      6.143    30.6967    23.0636 0.0000e+00
 147.969444      6.443  36.409692    12.9909     6.2765      6.389    30.6976    23.0642 0.0000e+00
 147.969450      6.656  36.411550    12.9903     6.2540      6.600    30.6998    23.0660 0.0000e+00
 147.969456      6.853  36.411174    12.9882     6.2336      6.796    30.7010    23.0674 0.0000e+00
 147.969462      7.054  36.408611    12.9850     6.2226      6.995    30.7012    23.0681 0.0000e+00
 147.969468      7.273  36.405472    12.9811     6.2164      7.212    30.7013    23.0689 0.0000e+00
 147.969473      7.507  36.402038    12.9740     6.1951      7.444    30.7037    23.0722 0.0000e+00
 147.969479      7.752  36.394836    12.9600     6.1487      7.687    30.7082    23.0784 0.0000e+00
 147.969485      8.011  36.383208    12.9387     6.0768      7.944    30.7145    23.0873 0.0000e+00
 147.969491      8.281  36.369552    12.9131     5.9862      8.212    30.7224    23.0983 0.0000e+00
 147.969497      8.552  36.355241    12.8882     5.8817      8.480    30.7290    23.1083 0.0000e+00
 147.969502      8.815  36.342452    12.8648     5.7602      8.741    30.7359    23.1181 0.0000e+00
 147.969508      9.067  36.328114    12.8297     5.6015      8.991    30.7509    23.1364 0.0000e+00
 147.969514      9.306  36.304289    12.7650     5.4135      9.228    30.7810    23.1720 0.0000e+00
 147.969520      9.534  36.265508    12.6660     5.1947      9.454    30.8252    23.2250 0.0000e+00
 147.969525      9.757  36.216038    12.5404     5.0029      9.675    30.8812    23.2921 0.0000e+00
 147.969531      9.977  36.167161    12.3912     4.8794      9.893    30.9574    23.3792 0.0000e+00
 147.969537     10.191  36.118066    12.2134     4.8406     10.106    31.0576    23.4899 0.0000e+00
 147.969543     10.394  36.068206    12.0064     4.8820     10.307    31.1821    23.6246 0.0000e+00
 147.969549     10.583  36.020490    11.7847     4.9326     10.494    31.3220    23.7737 0.0000e+00
 147.969554     10.748  35.968923    11.5918     5.0060     10.658    31.4350    23.8963 0.0000e+00
 147.969560     10.879  35.923642    11.4779     5.0791     10.788    31.4877    23.9577 -9.990e-29
 147.969566     10.971  35.905958    11.4619     5.1639     10.879    31.4841    23.9577 -9.990e-29
 147.969572     11.020  35.917439    11.5296     5.2798     10.928    31.4377    23.9096 -9.990e-29
 147.969578     11.027  35.939767    11.6261     5.4138     10.935    31.3776    23.8455 -9.990e-29
 147.969583     10.996  35.952871    11.6860     5.5614     10.904    31.3397    23.8053 -9.990e-29
 147.969589     10.929  35.955194    11.6966     5.6639     10.838    31.3330    23.7982 -9.990e-29
 147.969595     10.821  35.959921    11.7185     5.7558     10.730    31.3191    23.7835 -9.990e-29
 147.969601     10.675  35.978953    11.8059     5.8389     10.586    31.2640    23.7249 0.0000e+00
 147.969606     10.498  36.012454    11.9207     5.9226     10.410    31.2001    23.6543 0.0000e+00
 147.969612     10.300  36.044614    12.0042     6.0073     10.214    31.1613    23.6089 0.0000e+00
 147.969618     10.091  36.064010    12.0515     6.0665     10.007    31.1405    23.5841 0.0000e+00
 147.969624      9.870  36.078043    12.0904     6.1189      9.787    31.1216    23.5623 0.0000e+00
 147.969630      9.635  36.098708    12.1577     6.1615      9.554    31.0855    23.5219 0.0000e+00
 147.969635      9.394  36.129476    12.2667     6.2025      9.315    31.0246    23.4544 0.0000e+00
 147.969641      9.152  36.162651    12.3945     6.2401      9.075    30.9507    23.3733 0.0000e+00
 147.969647      8.906  36.191518    12.5129     6.2664      8.831    30.8808    23.2970 0.0000e+00
 147.969653      8.659  36.214821    12.6036     6.2912      8.587    30.8286    23.2395 0.0000e+00
 147.969659      8.415  36.236208    12.6659     6.2929      8.345    30.7980    23.2040 0.0000e+00
 147.969664      8.173  36.266848    12.7239     6.3016      8.105    30.7797    23.1788 0.0000e+00
 147.969670      7.929  36.301125    12.7903     6.3015      7.863    30.7580    23.1493 0.0000e+00
 147.969676      7.681  36.324269    12.8493     6.3046      7.617    30.7319    23.1179 0.0000e+00
 147.969682      7.422  36.339140    12.8878     6.3108      7.360    30.7147    23.0972 0.0000e+00
 147.969687      7.153  36.353249    12.9101     6.3105      7.093    30.7099    23.0892 0.0000e+00
 147.969693      6.881  36.366932    12.9272     6.3166      6.823    30.7090    23.0852 0.0000e+00
 147.969699      6.612  36.376031    12.9444     6.3178      6.557    30.7037    23.0778 0.0000e+00
 147.969705      6.345  36.382030    12.9607     6.3156      6.292    30.6962    23.0689 0.0000e+00
 147.969711      6.084  36.391801    12.9757     6.3141      6.033    30.6933    23.0638 0.0000e+00
 147.969716      5.839  36.404926    12.9878     6.3152      5.790    30.6959    23.0634 0.0000e+00
 147.969722      5.616  36.414262    12.9947     6.3131      5.569    30.6991    23.0646 0.0000e+00
 147.969728      5.409  36.416571    12.9981     6.3008      5.364    30.6986    23.0636 0.0000e+00
 147.969734      5.204  36.415480    13.0001     6.3036      5.161    30.6961    23.0612 0.0000e+00
 147.969740      4.997  36.415125    13.0018     6.2985      4.955    30.6944    23.0596 0.0000e+00
 147.969745      4.793  36.417258    13.0045     6.3032      4.753    30.6943    23.0590 0.0000e+00
 147.969751      4.596  36.420793    13.0073     6.3106      4.558    30.6954    23.0593 0.0000e+00
 147.969757      4.409  36.423155    13.0093     6.3128      4.372    30.6961    23.0594 0.0000e+00
 147.969763      4.239  36.424123    13.0106     6.3181      4.204    30.6960    23.0591 0.0000e+00
 147.969769      4.092  36.426095    13.0118     6.3203      4.058    30.6970    23.0596 -9.990e-29
 147.969774      3.971  36.428331    13.0124     6.3233      3.938    30.6986    23.0608 -9.990e-29
 147.969780      3.872  36.428202    13.0123     6.3320      3.840    30.6986    23.0608 -9.990e-29
 147.969786      3.785  36.427766    13.0139     6.3509      3.753    30.6969    23.0592 -9.990e-29
 147.969792      3.701  36.429787    13.0184     6.3716      3.670    30.6952    23.0570 -9.990e-29
 147.969797      3.619  36.433590    13.0234     6.3826      3.589    30.6948    23.0557 -9.990e-29
 147.969803      3.536  36.435832    13.0272     6.3876      3.506    30.6938    23.0542 -9.990e-29
 147.969809      3.453  36.435574    13.0316     6.3704      3.424    30.6900    23.0504 -9.990e-29
 147.969815      3.373  36.435820    13.0383     6.3508      3.345    30.6849    23.0451 -9.990e-29
 147.969821      3.295  36.438007    13.0455     6.3486      3.267    30.6811    23.0408 -9.990e-29
 147.969826      3.217  36.442239    13.0517     6.3543      3.190    30.6801    23.0389 -9.990e-29
 147.969832      3.145  36.448548    13.0559     6.3722      3.119    30.6826    23.0400 -9.990e-29
 147.969838      3.081  36.453579    13.0550     6.3877      3.055    30.6881    23.0444 -9.990e-29
 147.969844      3.031  36.453389    13.0519     6.3849      3.006    30.6905    23.0468 -9.990e-29
 147.969850      2.995  36.451075    13.0538     6.3792      2.970    30.6868    23.0436 -9.990e-29
 147.969855      2.966  36.451376    13.0607     6.3699      2.941    30.6815    23.0382 -9.990e-29
 147.969861      2.935  36.453002    13.0684     6.3753      2.910    30.6768    23.0330 -9.990e-29
 147.969867      2.900  36.454004    13.0726     6.3897      2.876    30.6743    23.0303 -9.990e-29
 147.969873      2.867  36.454594    13.0700     6.4114      2.843    30.6770    23.0329 -9.990e-29
 147.969878      2.837  36.454809    13.0647     6.4313      2.813    30.6815    23.0374 -9.990e-29
 147.969884      2.805  36.455493    13.0643     6.4647      2.782    30.6825    23.0382 -9.990e-29
 147.969890      2.764  36.457369    13.0702     6.4824      2.741    30.6795    23.0348 -9.990e-29
 147.969896      2.717  36.460137    13.0772     6.4998      2.694    30.6764    23.0311 -9.990e-29
 147.969902      2.664  36.464130    13.0827     6.5001      2.642    30.6757    23.0295 -9.990e-29
 147.969907      2.602  36.471313    13.0906     6.4881      2.580    30.6761    23.0282 -9.990e-29
 147.969913      2.531  36.481747    13.1016     6.4878      2.510    30.6770    23.0268 -9.990e-29
 147.969919      2.456  36.490307    13.1102     6.4897      2.435    30.6781    23.0259 -9.990e-29
 147.969925      2.376  36.494971    13.1153     6.4898      2.356    30.6783    23.0251 -9.990e-29
 147.969931      2.290  36.498599    13.1205     6.4920      2.271    30.6775    23.0235 -9.990e-29
 147.969936      2.202  36.501552    13.1260     6.4982      2.184    30.6759    23.0212 -9.990e-29
 147.969942      2.109  36.502730    13.1305     6.5060      2.091    30.6734    23.0184 -9.990e-29
 147.969948      2.010  36.502585    13.1358     6.5230      1.993    30.6690    23.0140 -9.990e-29
 147.969954      1.909  36.502604    13.1433     6.5045      1.893    30.6630    23.0079 -9.990e-29
 147.969959      1.805  36.504493    13.1506     6.4320      1.790    30.6589    23.0033 -9.990e-29
 147.969965      1.703  36.509090    13.1571     6.3358      1.689    30.6580    23.0013 -9.990e-29
 147.969971      1.599  36.516368    13.1654     6.2553      1.586    30.6581    22.9998 -9.990e-29
 147.969977      1.491  36.522036    13.1740     7.1339      1.479    30.6565    22.9969 -9.990e-29
 147.969983      1.386  36.521895    13.1787     7.2405      1.374    30.6527    22.9930 -9.990e-29
 147.969988      1.288  36.520798    13.1809     7.3301      1.277    30.6499    22.9904 -9.990e-29
 147.969994      1.197  36.521205    13.1833 -9.990e-29      1.187    30.6484    22.9888 -9.990e-29
 147.970000      1.111  36.515819    13.1808 -9.990e-29      1.102    30.6454    22.9870 -9.990e-29
 147.970006      1.033  36.491302    13.1659 -9.990e-29      1.024    30.6346    22.9815 -9.990e-29
 147.970012      0.962  36.417203    13.1385 -9.990e-29      0.954    30.5875    22.9504 -9.990e-29
 147.970017      0.893  36.202565    13.1034 -9.990e-29      0.886    30.4155    22.8242 -9.990e-29
 147.970023      0.827  35.566241    13.0625 -9.990e-29      0.820    29.8546    22.3985 -9.990e-29
 147.970029      0.769  33.658675    13.0188 -9.990e-29      0.763    28.1170    21.0640 -9.990e-29
 147.970035      0.722  27.935318    12.9817 -9.990e-29      0.716    22.9115    17.0530 -9.990e-29
 147.970041      0.693  18.957669    12.9663 -9.990e-29      0.687    14.9944    10.9557 -9.990e-29
 147.970046      0.683  12.167470 -9.990e-29 -9.990e-29      0.677 -9.990e-29 -9.990e-29 -9.990e-29
