data/oxygen options/ONMS/Olympic_Coast_National_Marine_Sanctuary_CTD_Data_2005_2023/raw_data/2019/CAST_CA042_190626faed.cnv
* Sea-Bird SBE19 Data File:
* FileName = C:\2019 Mooring Data\Casts\CAST_CA042_190626.hex
* Software Version 1.59
* Temperature SN = 2997
* Conductivity SN = 2997
* System UpLoad Time = Jun 26 2019 21:07:45
** CAST_CA042_190626
* ds
# nquan = 9                                 
# nvalues = 1002                        
# units = specified
# name 0 = timeJ: Julian Days
# name 1 = prSM: Pressure, Strain Gauge [db]
# name 2 = c0mS/cm: Conductivity [mS/cm]
# name 3 = t090C: Temperature [ITS-90, deg C]
# name 4 = sbeox0ML/L: Oxygen, SBE 43 [ml/l]
# name 5 = depSM: Depth [salt water, m], lat = 47.5
# name 6 = sal00: Salinity, Practical [PSU]
# name 7 = sigma-é00: Density [sigma-theta, kg/m^3]
# name 8 = flag: flag
# span 0 = 177.872662, 177.878455       
# span 1 =     -5.577,     41.244       
# span 2 =   0.174695,  39.818723       
# span 3 =     7.3902,    18.1883       
# span 4 =    -1.8186,    20.2443       
# span 5 =     -5.531,     40.896       
# span 6 =     0.0987,    33.7957       
# span 7 =    -1.3620,    26.4163       
# span 8 = 0.0000e+00, 0.0000e+00       
# interval = seconds: 0.5
# start_time = Jun 26 2019 20:56:38 [Instrument's time stamp, header]
# bad_flag = -9.990e-29
*END*
[from data line 961]
 177.878223     10.673  35.747210    10.1594     6.5619     10.584    32.4644    24.9462 0.0000e+00
 177.878229     10.333  35.785790    10.2128     6.6444     10.247    32.4557    24.9304 0.0000e+00
 177.878235      9.992  35.799995    10.2586     6.7596      9.908    32.4291    24.9020 0.0000e+00
 177.878241      9.659  35.814407    10.2969     6.9231      9.578    32.4096    24.8803 0.0000e+00
 177.878247      9.329  35.842131    10.3290     7.1639      9.251    32.4089    24.8744 0.0000e+00
 177.878252      8.994  35.878746    10.3600     7.4683      8.919    32.4182    24.8764 0.0000e+00
 177.878258      8.649  35.910386    10.3985     7.8101      8.577    32.4158    24.8679 0.0000e+00
 177.878264      8.295  35.936124    10.4426     8.1829      8.226    32.4024    24.8500 0.0000e+00
 177.878270      7.939  35.966761    10.4919     8.6509      7.873    32.3894    24.8315 0.0000e+00
 177.878275      7.584  36.010123    10.5545     9.2050      7.521    32.3773    24.8113 0.0000e+00
 177.878281      7.229  36.061328    10.6317     9.7447      7.169    32.3600    24.7846 0.0000e+00
 177.878287      6.877  36.110276    10.7189    10.3637      6.819    32.3317    24.7475 0.0000e+00
 177.878293      6.530  36.171293    10.8201    11.0154      6.475    32.3031    24.7077 0.0000e+00
 177.878299      6.190  36.265839    10.9576    11.6295      6.138    32.2758    24.6624 0.0000e+00
 177.878304      5.850  36.400733    11.1467    12.0999      5.801    32.2431    24.6036 0.0000e+00
 177.878310      5.511  36.564360    11.3611    12.4123      5.465    32.2164    24.5447 0.0000e+00
 177.878316      5.177  36.726305    11.5631    12.5922      5.134    32.1989    24.4947 0.0000e+00
 177.878322      4.853  36.907674    11.7531    12.6474      4.812    32.2106    24.4691 0.0000e+00
 177.878328      4.543  37.126907    11.9511    12.6557      4.505    32.2515    24.4644 0.0000e+00
 177.878333      4.250  37.313486    12.1413    12.6072      4.214    32.2671    24.4411 0.0000e+00
 177.878339      3.971  37.441818    12.2876    12.5370      3.938    32.2644    24.4114 0.0000e+00
 177.878345      3.706  37.559288    12.3954    12.4380      3.675    32.2842    24.4064 0.0000e+00
 177.878351      3.452  37.665754    12.4892    12.3232      3.423    32.3053    24.4049 0.0000e+00
 177.878356      3.204  37.725666    12.5621    12.2586      3.177    32.2999    24.3868 0.0000e+00
 177.878362      2.965  37.751158    12.6010    12.1939      2.940    32.2909    24.3724 0.0000e+00
 177.878368      2.736  37.780155    12.6214    12.0940      2.713    32.3011    24.3763 0.0000e+00
 177.878374      2.515  37.819414    12.6510    14.2419      2.494    32.3132    24.3800 0.0000e+00
 177.878380      2.298  37.866962    12.7079    14.1135      2.279    32.3097    24.3663 0.0000e+00
 177.878385      2.082  37.919549    12.7898    13.0667      2.065    32.2896    24.3349 0.0000e+00
 177.878391      1.872  37.961605    12.8670    11.6573      1.856    32.2635    24.2997 0.0000e+00
 177.878397      1.671  37.998251    12.9224    13.1258      1.657    32.2510    24.2792 0.0000e+00
 177.878403      1.479  38.041963    12.9759 -9.990e-29      1.467    32.2467    24.2655 0.0000e+00
 177.878409      1.297  38.045746    13.0428 -9.990e-29      1.286    32.1935    24.2112 0.0000e+00
 177.878414      1.131  37.858950    13.1134 -9.990e-29      1.122    31.9581    24.0152 0.0000e+00
 177.878420      0.977  37.117146    13.1628 -9.990e-29      0.969    31.2217    23.4360 0.0000e+00
 177.878426      0.836  34.817832    13.1692 -9.990e-29      0.829    29.0767    21.7769 -9.990e-29
 177.878432      0.716  27.921036    13.1430 -9.990e-29      0.710    22.8018    16.9398 -9.990e-29
 177.878437      0.621  18.073670    13.1106 -9.990e-29      0.616    14.1808    10.3063 -9.990e-29
 177.878443      0.555  14.164428    13.0841 -9.990e-29      0.550    10.8905     7.7780 -9.990e-29
 177.878449      0.517  18.264369    13.0729 -9.990e-29      0.513    14.3580    10.4487 -9.990e-29
 177.878455      0.504  21.642986 -9.990e-29 -9.990e-29      0.500 -9.990e-29 -9.990e-29 -9.990e-29
