data/oxygen options/ONMS/Olympic_Coast_National_Marine_Sanctuary_CTD_Data_2005_2023/raw_data/2019/CAST_KL015_190528faed.cnv
* Sea-Bird SBE19 Data File:
* FileName = C:\2019 Mooring Data\Casts\CAST_KL015_190528.hex
* Software Version 1.59
* Temperature SN = 2997
* Conductivity SN = 2997
* System UpLoad Time = May 28 2019 18:50:17
** CAST_KL015_190528
* ds
# nquan = 9                                 
# nvalues = 702                         
# units = specified
# name 0 = timeJ: Julian Days
# name 1 = prSM: Pressure, Strain Gauge [db]
# name 2 = c0mS/cm: Conductivity [mS/cm]
# name 3 = t090C: Temperature [ITS-90, deg C]
# name 4 = sbeox0ML/L: Oxygen, SBE 43 [ml/l]
# name 5 = depSM: Depth [salt water, m], lat = 47.5
# name 6 = sal00: Salinity, Practical [PSU]
# name 7 = sigma-é00: Density [sigma-theta, kg/m^3]
# name 8 = flag: flag
# span 0 = 148.762257, 148.766314       
# span 1 =     -5.217,     15.386       
# span 2 =   0.280663,  36.685336       
# span 3 =    10.9766,    13.8458       
# span 4 =    -1.9331,    12.9043       
# span 5 =     -5.174,     15.257       
# span 6 =     0.1723,    32.0916       
# span 7 =    -0.5940,    24.5024       
# span 8 = 0.0000e+00, 0.0000e+00       
# interval = seconds: 0.5
# start_time = May 28 2019 18:17:39 [Instrument's time stamp, header]
# bad_flag = -9.990e-29
*END*
[from data line 161]
 148.763189     -1.924   0.363603    13.7856    -1.9151     -1.908     0.2245    -0.5498 -9.990e-29
 148.763194     -1.901   0.360462    13.7907    -1.9149     -1.885     0.2225    -0.5520 -9.990e-29
 148.763200     -1.882   0.357725    13.7959    -1.9148     -1.866     0.2207    -0.5541 -9.990e-29
 148.763206     -1.870   0.357280    13.7999    -1.9147     -1.854     0.2204    -0.5549 -9.990e-29
 148.763212     -1.860   0.359085    13.8025    -1.9146     -1.844     0.2215    -0.5544 -9.990e-29
 148.763218     -1.846   0.361118    13.8037    -1.9143     -1.831     0.2228    -0.5536 -9.990e-29
 148.763223     -1.833   0.361103    13.8040    -1.9142     -1.818     0.2228    -0.5536 -9.990e-29
 148.763229     -1.823   0.359018    13.8049    -1.9140     -1.808     0.2215    -0.5548 -9.990e-29
 148.763235     -1.816   0.356513    13.8069    -1.9139     -1.801     0.2199    -0.5563 -9.990e-29
 148.763241     -1.812   0.355231    13.8097    -1.9138     -1.797     0.2191    -0.5573 -9.990e-29
 148.763247     -1.810   0.355679    13.8127    -1.9138     -1.795     0.2193    -0.5575 -9.990e-29
 148.763252     -1.810   0.356792    13.8158    -1.9141     -1.795     0.2200    -0.5574 -9.990e-29
 148.763258     -1.808   0.357284    13.8193    -1.9141     -1.793     0.2203    -0.5576 -9.990e-29
 148.763264     -1.800   0.356700    13.8232    -1.9141     -1.785     0.2199    -0.5585 -9.990e-29
 148.763270     -1.788   0.355368    13.8274    -1.9140     -1.773     0.2191    -0.5597 -9.990e-29
 148.763275     -1.778   0.354281    13.8315    -1.9139     -1.763     0.2184    -0.5608 -9.990e-29
 148.763281     -1.768   0.354204    13.8353    -1.9138     -1.753     0.2183    -0.5614 -9.990e-29
 148.763287     -1.757   0.354479    13.8385    -1.9140     -1.742     0.2184    -0.5617 -9.990e-29
 148.763293     -1.745   0.353811    13.8403    -1.9142     -1.730     0.2180    -0.5623 -9.990e-29
 148.763299     -1.731   0.351863    13.8401    -1.9142     -1.717     0.2168    -0.5632 -9.990e-29
 148.763304     -1.714   0.349358    13.8383    -1.9140     -1.700     0.2152    -0.5642 -9.990e-29
 148.763310     -1.697   0.347386    13.8366    -1.9138     -1.683     0.2140    -0.5649 -9.990e-29
 148.763316     -1.685   0.346640    13.8365    -1.9137     -1.671     0.2135    -0.5653 -9.990e-29
 148.763322     -1.670   0.347234    13.8379    -1.9136     -1.656     0.2139    -0.5652 -9.990e-29
 148.763328     -1.649   0.348849    13.8397    -1.9137     -1.635     0.2149    -0.5647 -9.990e-29
 148.763333     -1.624   0.350315    13.8405    -1.9142     -1.610     0.2158    -0.5641 -9.990e-29
 148.763339     -1.603   0.349708    13.8393    -1.9145     -1.590     0.2154    -0.5642 -9.990e-29
 148.763345     -1.587   0.346771    13.8375    -1.9148     -1.574     0.2136    -0.5654 -9.990e-29
 148.763351     -1.577   0.343680    13.8376    -1.9150     -1.564     0.2116    -0.5669 -9.990e-29
 148.763356     -1.571   0.342405    13.8401    -1.9156     -1.558     0.2108    -0.5679 -9.990e-29
 148.763362     -1.565   0.342906    13.8435    -1.9161     -1.552     0.2111    -0.5681 -9.990e-29
 148.763368     -1.554   0.343636    13.8458    -1.9168     -1.541     0.2116    -0.5681 -9.990e-29
 148.763374     -1.541   0.343353    13.8456    -1.9169     -1.528     0.2114    -0.5682 -9.990e-29
 148.763380     -1.531   0.342231    13.8419    -1.9170     -1.518     0.2107    -0.5682 -9.990e-29
 148.763385     -1.523   0.341543    13.8351    -1.9170     -1.510     0.2103    -0.5676 -9.990e-29
 148.763391     -1.516   0.342032    13.8276    -1.9170     -1.503     0.2107    -0.5663 -9.990e-29
 148.763397     -1.509   0.343240    13.8205    -1.9169     -1.496     0.2114    -0.5647 -9.990e-29
 148.763403     -1.503   0.344008    13.8122    -1.9168     -1.490     0.2120    -0.5631 -9.990e-29
 148.763409     -1.496   0.343143    13.8019    -1.9169     -1.484     0.2115    -0.5621 -9.990e-29
 148.763414     -1.488   0.340601    13.7909    -1.9171     -1.476     0.2099    -0.5618 -9.990e-29
 148.763420     -1.480   0.337421    13.7813    -1.9172     -1.468     0.2080    -0.5620 -9.990e-29
 148.763426     -1.474   0.334900    13.7747    -1.9170     -1.462     0.2064    -0.5623 -9.990e-29
 148.763432     -1.474   0.334106    13.7711    -1.9168     -1.462     0.2059    -0.5622 -9.990e-29
 148.763438     -1.477   0.335641    13.7696    -1.9166     -1.465     0.2069    -0.5612 -9.990e-29
 148.763443     -1.478   0.338781    13.7698    -1.9164     -1.466     0.2089    -0.5597 -9.990e-29
 148.763449     -1.477   0.341067    13.7711    -1.9162     -1.465     0.2103    -0.5588 -9.990e-29
 148.763455     -1.474   0.340560    13.7720    -1.9161     -1.462     0.2100    -0.5592 -9.990e-29
 148.763461     -1.469   0.337692    13.7711    -1.9160     -1.457     0.2082    -0.5605 -9.990e-29
 148.763466     -1.462   0.334177    13.7693    -1.9163     -1.450     0.2060    -0.5619 -9.990e-29
 148.763472     -1.452   0.331417    13.7690    -1.9169     -1.440     0.2043    -0.5632 -9.990e-29
 148.763478     -1.443   0.330164    13.7711    -1.9171     -1.431     0.2035    -0.5641 -9.990e-29
 148.763484     -1.438   0.330405    13.7752    -1.9171     -1.426     0.2036    -0.5646 -9.990e-29
 148.763490     -1.434   0.331354    13.7799    -1.9172     -1.422     0.2042    -0.5648 -9.990e-29
 148.763495     -1.429   0.332061    13.7842    -1.9173     -1.417     0.2046    -0.5651 -9.990e-29
 148.763501     -1.428   0.331804    13.7874    -1.9172     -1.416     0.2044    -0.5656 -9.990e-29
 148.763507     -1.426   0.330795    13.7890    -1.9171     -1.414     0.2038    -0.5663 -9.990e-29
 148.763513     -1.419   0.330458    13.7878    -1.9170     -1.407     0.2036    -0.5663 -9.990e-29
 148.763519     -1.406   0.331448    13.7831    -1.9171     -1.394     0.2042    -0.5652 -9.990e-29
 148.763524     -1.387   0.332316    13.7767    -1.9170     -1.375     0.2048    -0.5639 -9.990e-29
 148.763530     -1.365   0.331449    13.7716    -1.9170     -1.354     0.2043    -0.5636 -9.990e-29
 148.763536     -1.347   0.329351    13.7687    -1.9170     -1.336     0.2030    -0.5642 -9.990e-29
 148.763542     -1.331   0.327655    13.7673    -1.9172     -1.320     0.2019    -0.5648 -9.990e-29
 148.763547     -1.312   0.326866    13.7669    -1.9173     -1.301     0.2014    -0.5652 -9.990e-29
 148.763553     -1.295   0.326487    13.7678    -1.9174     -1.284     0.2012    -0.5655 -9.990e-29
 148.763559     -1.281   0.326011    13.7696    -1.9173     -1.270     0.2009    -0.5660 -9.990e-29
 148.763565     -1.269   0.325355    13.7710    -1.9171     -1.258     0.2004    -0.5665 -9.990e-29
 148.763571     -1.260   0.324754    13.7717    -1.9169     -1.249     0.2001    -0.5669 -9.990e-29
 148.763576     -1.252   0.323959    13.7724    -1.9165     -1.242     0.1996    -0.5674 -9.990e-29
 148.763582     -1.245   0.322462    13.7730    -1.9163     -1.235     0.1986    -0.5682 -9.990e-29
 148.763588     -1.239   0.320482    13.7722    -1.9162     -1.229     0.1974    -0.5690 -9.990e-29
 148.763594     -1.232   0.318700    13.7701    -1.9162     -1.222     0.1963    -0.5696 -9.990e-29
 148.763600     -1.226   0.317506    13.7679    -1.9163     -1.216     0.1955    -0.5699 -9.990e-29
 148.763605     -1.219   0.316971    13.7674    -1.9167     -1.209     0.1952    -0.5701 -9.990e-29
 148.763611     -1.210   0.316933    13.7690    -1.9170     -1.200     0.1952    -0.5703 -9.990e-29
 148.763617     -1.204   0.317340    13.7723    -1.9173     -1.194     0.1954    -0.5706 -9.990e-29
 148.763623     -1.204   0.318181    13.7774    -1.9175     -1.194     0.1959    -0.5709 -9.990e-29
 148.763628     -1.207   0.318915    13.7832    -1.9179     -1.197     0.1963    -0.5713 -9.990e-29
 148.763634     -1.208   0.318860    13.7877    -1.9182     -1.198     0.1963    -0.5720 -9.990e-29
 148.763640     -1.207   0.317940    13.7902    -1.9184     -1.197     0.1957    -0.5728 -9.990e-29
 148.763646     -1.204   0.316589    13.7903    -1.9186     -1.194     0.1948    -0.5735 -9.990e-29
 148.763652     -1.199   0.315220    13.7874    -1.9188     -1.189     0.1940    -0.5737 -9.990e-29
 148.763657     -1.191   0.314223    13.7820    -1.9187     -1.181     0.1934    -0.5735 -9.990e-29
 148.763663     -1.181   0.313928    13.7754    -1.9187     -1.171     0.1932    -0.5727 -9.990e-29
 148.763669     -1.167   0.313940    13.7686    -1.9185     -1.157     0.1933    -0.5717 -9.990e-29
 148.763675     -1.152   0.313537    13.7616    -1.9184     -1.142     0.1931    -0.5709 -9.990e-29
 148.763681     -1.141   0.312734    13.7547    -1.9184     -1.131     0.1926    -0.5704 -9.990e-29
 148.763686     -1.133   0.311936    13.7486    -1.9186     -1.124     0.1921    -0.5699 -9.990e-29
 148.763692     -1.126   0.311186    13.7433    -1.9188     -1.117     0.1917    -0.5695 -9.990e-29
 148.763698     -1.121   0.310407    13.7390    -1.9189     -1.112     0.1912    -0.5693 -9.990e-29
 148.763704     -1.117   0.309665    13.7361    -1.9187     -1.108     0.1907    -0.5693 -9.990e-29
 148.763709     -1.115   0.309081    13.7352    -1.9187     -1.106     0.1904    -0.5694 -9.990e-29
 148.763715     -1.113   0.308981    13.7360    -1.9188     -1.104     0.1903    -0.5696 -9.990e-29
 148.763721     -1.107   0.309232    13.7383    -1.9188     -1.098     0.1905    -0.5698 -9.990e-29
 148.763727     -1.094   0.309062    13.7404    -1.9189     -1.085     0.1903    -0.5702 -9.990e-29
 148.763733     -1.075   0.308241    13.7405    -1.9190     -1.066     0.1898    -0.5706 -9.990e-29
 148.763738     -1.059   0.307336    13.7383    -1.9189     -1.050     0.1893    -0.5707 -9.990e-29
 148.763744     -1.048   0.306802    13.7356    -1.9188     -1.039     0.1889    -0.5706 -9.990e-29
 148.763750     -1.043   0.306479    13.7344    -1.9188     -1.034     0.1887    -0.5706 -9.990e-29
 148.763756     -1.043   0.305938    13.7347    -1.9189     -1.034     0.1884    -0.5709 -9.990e-29
 148.763762     -1.043   0.305009    13.7351    -1.9188     -1.034     0.1878    -0.5714 -9.990e-29
 148.763767     -1.039   0.304114    13.7347    -1.9187     -1.030     0.1873    -0.5718 -9.990e-29
 148.763773     -1.036   0.303723    13.7336    -1.9187     -1.027     0.1870    -0.5718 -9.990e-29
 148.763779     -1.037   0.303867    13.7321    -1.9189     -1.028     0.1871    -0.5715 -9.990e-29
 148.763785     -1.038   0.304183    13.7312    -1.9192     -1.029     0.1873    -0.5713 -9.990e-29
 148.763791     -1.035   0.303983    13.7318    -1.9190     -1.026     0.1872    -0.5714 -9.990e-29
 148.763796     -1.028   0.303001    13.7331    -1.9189     -1.019     0.1866    -0.5721 -9.990e-29
 148.763802     -1.016   0.301588    13.7338    -1.9189     -1.008     0.1857    -0.5729 -9.990e-29
 148.763808     -1.004   0.300628    13.7341    -1.9188     -0.996     0.1851    -0.5734 -9.990e-29
 148.763814     -0.993   0.300501    13.7352    -1.9186     -0.985     0.1850    -0.5736 -9.990e-29
 148.763819     -0.984   0.299930    13.7364    -1.9186     -0.976     0.1846    -0.5741 -9.990e-29
 148.763825     -0.976   0.298155    13.7359    -1.9186     -0.968     0.1835    -0.5749 -9.990e-29
 148.763831     -0.969   0.296131    13.7333    -1.9186     -0.961     0.1823    -0.5755 -9.990e-29
 148.763837     -0.962   0.295036    13.7311    -1.9188     -0.954     0.1816    -0.5757 -9.990e-29
 148.763843     -0.955   0.295068    13.7316    -1.9190     -0.947     0.1816    -0.5758 -9.990e-29
 148.763848     -0.947   0.295164    13.7338    -1.9188     -0.939     0.1816    -0.5760 -9.990e-29
 148.763854     -0.938   0.294342    13.7362    -1.9186     -0.930     0.1811    -0.5768 -9.990e-29
 148.763860     -0.931   0.292614    13.7383    -1.9182     -0.923     0.1800    -0.5779 -9.990e-29
 148.763866     -0.930   0.290444    13.7400    -1.9179     -0.922     0.1787    -0.5792 -9.990e-29
 148.763872     -0.931   0.288814    13.7409    -1.9176     -0.923     0.1776    -0.5801 -9.990e-29
 148.763877     -0.930   0.288319    13.7410    -1.9174     -0.922     0.1773    -0.5804 -9.990e-29
 148.763883     -0.926   0.288298    13.7403    -1.9170     -0.918     0.1773    -0.5803 -9.990e-29
 148.763889     -0.920   0.288168    13.7390    -1.9169     -0.912     0.1772    -0.5801 -9.990e-29
 148.763895     -0.911   0.287756    13.7384    -1.9166     -0.903     0.1770    -0.5803 -9.990e-29
 148.763900     -0.903   0.287067    13.7407    -1.9163     -0.895     0.1765    -0.5809 -9.990e-29
 148.763906     -0.899   0.286287    13.7461    -1.9161     -0.891     0.1760    -0.5821 -9.990e-29
 148.763912     -0.895   0.285484    13.7533    -1.9158     -0.888     0.1755    -0.5835 -9.990e-29
 148.763918     -0.887   0.284695    13.7607    -1.9156     -0.880     0.1750    -0.5849 -9.990e-29
 148.763924     -0.874   0.283977    13.7677    -1.9157     -0.867     0.1745    -0.5862 -9.990e-29
 148.763929     -0.858   0.283479    13.7743    -1.9162     -0.851     0.1742    -0.5874 -9.990e-29
 148.763935     -0.849   0.283088    13.7804    -1.9163     -0.842     0.1739    -0.5884 -9.990e-29
 148.763941     -0.845   0.282837    13.7860    -1.9167     -0.838     0.1737    -0.5893 -9.990e-29
 148.763947     -0.842   0.282947    13.7917    -1.9168     -0.835     0.1738    -0.5901 -9.990e-29
 148.763953     -0.840   0.283007    13.7980    -1.9169     -0.833     0.1738    -0.5909 -9.990e-29
 148.763958     -0.833   0.282543    13.8044    -1.9169     -0.826     0.1735    -0.5920 -9.990e-29
 148.763964     -0.818   0.281491    13.8096    -1.5975     -0.811     0.1728    -0.5933 -9.990e-29
 148.763970     -0.799   0.280663    13.8118    -1.5986     -0.792     0.1723    -0.5940 -9.990e-29
 148.763976     -0.781   0.281722    13.8095    -1.5994     -0.774     0.1729    -0.5931 -9.990e-29
 148.763981     -0.768   0.286634    13.8041    -1.5997     -0.762     0.1760    -0.5900 -9.990e-29
 148.763987     -0.760   0.299177    13.7985    -1.5995     -0.754     0.1839    -0.5831 -9.990e-29
 148.763993     -0.751   0.332200    13.7932    -1.5995     -0.745     0.2046    -0.5662 -9.990e-29
 148.763999     -0.738   0.429177    13.7884    -1.5996     -0.732     0.2661    -0.5178 -9.990e-29
 148.764005     -0.723   0.721626    13.7834    -1.5998     -0.717     0.4553    -0.3701 -9.990e-29
 148.764010     -0.709   1.601142    13.7744    -1.5996     -0.703     1.0469     0.0898 -9.990e-29
 148.764016     -0.695   4.242072    13.7530    -1.5994     -0.689     2.9335     1.5511 -9.990e-29
 148.764022     -0.682  12.167317    13.7207    -1.5996     -0.676     9.0869     6.2925 -9.990e-29
 148.764028     -0.663  24.063138    13.6937    -1.5999     -0.657    19.0911    13.9854 -9.990e-29
 148.764034     -0.634  32.003981    13.6806    -1.5998     -0.629    26.1353    19.4099 -9.990e-29
 148.764039     -0.596  34.653231    13.6764    -1.5996     -0.591    28.5432    21.2672 -9.990e-29
 148.764045     -0.552  35.533694    13.6742    -1.5996     -0.547    29.3503    21.8903 -9.990e-29
 148.764051     -0.503  35.829950    13.6719    -1.5996     -0.499    29.6238    22.1018 -9.990e-29
 148.764057     -0.455  35.931405    13.6708    -1.5995     -0.451    29.7178    22.1745 -9.990e-29
 148.764062     -0.408  35.964367    13.6716    -1.5994     -0.405    29.7474    22.1972 -9.990e-29
 148.764068     -0.360  35.975576    13.6730    -1.5995     -0.357    29.7566    22.2040 -9.990e-29
 148.764074     -0.311  35.983334    13.6729    -1.5998     -0.308    29.7638    22.2096 -9.990e-29
 148.764080     -0.268  35.986782    13.6715    -1.5999     -0.266    29.7680    22.2131 -9.990e-29
 148.764086     -0.232  35.982112    13.6705    -1.5996     -0.230    29.7645    22.2106 -9.990e-29
 148.764091     -0.201  35.976529    13.6708    -1.5995     -0.199    29.7591    22.2064 -9.990e-29
 148.764097     -0.172  35.978261    13.6719    -1.5996     -0.171    29.7598    22.2068 -9.990e-29
 148.764103     -0.148  35.984011    13.6730    -1.5997     -0.147    29.7642    22.2100 -9.990e-29
