data/oxygen options/ONMS/Olympic_Coast_National_Marine_Sanctuary_CTD_Data_2005_2023/raw_data/2019/CAST_TH015_190528faed.cnv
* Sea-Bird SBE19 Data File:
* FileName = C:\2019 Mooring Data\Casts\CAST_TH015_190528.hex
* Software Version 1.59
* Temperature SN = 2997
* Conductivity SN = 2997
* System UpLoad Time = May 28 2019 22:36:27
** CAST_TH015_190528
* ds
# nquan = 9                                 
# nvalues = 645                         
# units = specified
# name 0 = timeJ: Julian Days
# name 1 = prSM: Pressure, Strain Gauge [db]
# name 2 = c0mS/cm: Conductivity [mS/cm]
# name 3 = t090C: Temperature [ITS-90, deg C]
# name 4 = sbeox0ML/L: Oxygen, SBE 43 [ml/l]
# name 5 = depSM: Depth [salt water, m], lat = 47.5
# name 6 = sal00: Salinity, Practical [PSU]
# name 7 = sigma-é00: Density [sigma-theta, kg/m^3]
# name 8 = flag: flag
# span 0 = 148.920382, 148.924109       
# span 1 =     -5.226,     14.665       
# span 2 =   0.178291,  36.594501       
# span 3 =    11.3169,    15.4499       
# span 4 =    -1.9024,    12.9178       
# span 5 =     -5.182,     14.542       
# span 6 =     0.1073,    31.8350       
# span 7 =    -0.8844,    24.2563       
# span 8 = 0.0000e+00, 0.0000e+00       
# interval = seconds: 0.5
# start_time = May 28 2019 22:05:21 [Instrument's time stamp, header]
# bad_flag = -9.990e-29
*END*
 148.920382     -5.226 -9.990e-29    15.0377    -1.8633     -5.182 -9.990e-29 -9.990e-29 -9.990e-29
 148.920388     -5.211   0.190093    15.0401    -1.8630     -5.168     0.1131    -0.8173 -9.990e-29
 148.920394     -5.191   0.190073    15.0455    -1.8628     -5.148     0.1131    -0.8182 -9.990e-29
 148.920399     -5.166   0.190014    15.0529    -1.8625     -5.123     0.1130    -0.8193 -9.990e-29
 148.920405     -5.134   0.189837    15.0613    -1.8621     -5.091     0.1129    -0.8207 -9.990e-29
 148.920411     -5.097   0.189488    15.0706    -1.8620     -5.055     0.1127    -0.8223 -9.990e-29
 148.920417     -5.061   0.189056    15.0804    -1.8615     -5.019     0.1124    -0.8240 -9.990e-29
 148.920422     -5.029   0.188705    15.0900    -1.8614     -4.987     0.1122    -0.8256 -9.990e-29
 148.920428     -4.998   0.188522    15.0993    -1.8613     -4.956     0.1120    -0.8271 -9.990e-29
 148.920434     -4.966   0.188450    15.1080    -1.8613     -4.925     0.1120    -0.8285 -9.990e-29
 148.920440     -4.931   0.188391    15.1160    -1.8604     -4.890     0.1119    -0.8298 -9.990e-29
 148.920446     -4.892   0.188269    15.1238    -1.8602     -4.851     0.1118    -0.8310 -9.990e-29
 148.920451     -4.849   0.187924    15.1317    -1.8601     -4.809     0.1116    -0.8324 -9.990e-29
 148.920457     -4.809   0.187451    15.1392    -1.8611     -4.769     0.1113    -0.8338 -9.990e-29
 148.920463     -4.773   0.187327    15.1463    -1.8625     -4.733     0.1112    -0.8349 -9.990e-29
 148.920469     -4.740   0.187387    15.1532    -1.8639     -4.700     0.1112    -0.8360 -9.990e-29
 148.920475     -4.706   0.187161    15.1589    -1.8650     -4.667     0.1111    -0.8370 -9.990e-29
 148.920480     -4.675   0.186900    15.1635    -1.8657     -4.636     0.1109    -0.8378 -9.990e-29
 148.920486     -4.648   0.186813    15.1698    -1.8660     -4.609     0.1108    -0.8388 -9.990e-29
 148.920492     -4.623   0.186783    15.1784    -1.8665     -4.584     0.1108    -0.8402 -9.990e-29
 148.920498     -4.600   0.186772    15.1835    -1.8663     -4.562     0.1108    -0.8410 -9.990e-29
 148.920503     -4.576   0.186766    15.1781    -1.8662     -4.538     0.1108    -0.8401 -9.990e-29
 148.920509     -4.555   0.186760    15.1594    -1.8658     -4.517     0.1108    -0.8372 -9.990e-29
 148.920515     -4.535   0.186745    15.1317    -1.8653     -4.497     0.1109    -0.8329 -9.990e-29
 148.920521     -4.511   0.186703    15.1024    -1.8649     -4.473     0.1109    -0.8284 -9.990e-29
 148.920527     -4.485   0.186579    15.0772    -1.8643     -4.448     0.1109    -0.8246 -9.990e-29
 148.920532     -4.459   0.186209    15.0585    -1.8641     -4.422     0.1108    -0.8219 -9.990e-29
 148.920538     -4.433   0.185654    15.0461    -1.8636     -4.396     0.1105    -0.8203 -9.990e-29
 148.920544     -4.401   0.185284    15.0400    -1.8632     -4.364     0.1103    -0.8195 -9.990e-29
 148.920550     -4.360   0.185160    15.0400    -1.8628     -4.324     0.1102    -0.8196 -9.990e-29
 148.920556     -4.320   0.185117    15.0445    -1.8625     -4.284     0.1101    -0.8203 -9.990e-29
 148.920561     -4.288   0.185099    15.0523    -1.8621     -4.252     0.1101    -0.8215 -9.990e-29
 148.920567     -4.261   0.185084    15.0627    -1.8617     -4.225     0.1101    -0.8231 -9.990e-29
 148.920573     -4.238   0.185053    15.0742    -1.8617     -4.203     0.1100    -0.8249 -9.990e-29
 148.920579     -4.218   0.184965    15.0854    -1.8616     -4.183     0.1100    -0.8266 -9.990e-29
 148.920584     -4.198   0.184704    15.0956    -1.8612     -4.163     0.1098    -0.8283 -9.990e-29
 148.920590     -4.179   0.184478    15.1059    -1.8606     -4.144     0.1096    -0.8300 -9.990e-29
 148.920596     -4.158   0.184538    15.1166    -1.8600     -4.123     0.1096    -0.8316 -9.990e-29
 148.920602     -4.134   0.184412    15.1269    -1.8595     -4.100     0.1095    -0.8333 -9.990e-29
 148.920608     -4.106   0.183935    15.1366    -1.8591     -4.072     0.1092    -0.8350 -9.990e-29
 148.920613     -4.076   0.183579    15.1456    -1.8588     -4.042     0.1090    -0.8365 -9.990e-29
 148.920619     -4.051   0.183423    15.1528    -1.8593     -4.017     0.1089    -0.8377 -9.990e-29
 148.920625     -4.034   0.183263    15.1578    -1.8600     -4.000     0.1088    -0.8386 -9.990e-29
 148.920631     -4.019   0.182886    15.1638    -1.8608     -3.985     0.1085    -0.8397 -9.990e-29
 148.920637     -3.996   0.182344    15.1735    -1.8612     -3.963     0.1082    -0.8414 -9.990e-29
 148.920642     -3.965   0.182023    15.1863    -1.8611     -3.932     0.1080    -0.8436 -9.990e-29
 148.920648     -3.932   0.182049    15.1996    -1.8612     -3.899     0.1080    -0.8456 -9.990e-29
 148.920654     -3.903   0.182458    15.2109    -1.8610     -3.870     0.1082    -0.8472 -9.990e-29
 148.920660     -3.881   0.183243    15.2188    -1.8606     -3.849     0.1086    -0.8480 -9.990e-29
 148.920666     -3.861   0.183791    15.2206    -1.8603     -3.829     0.1089    -0.8481 -9.990e-29
 148.920671     -3.835   0.183726    15.2139    -1.8598     -3.803     0.1089    -0.8471 -9.990e-29
 148.920677     -3.804   0.183515    15.2012    -1.8591     -3.772     0.1088    -0.8452 -9.990e-29
 148.920683     -3.769   0.183432    15.1879    -1.8587     -3.738     0.1088    -0.8432 -9.990e-29
 148.920689     -3.736   0.183367    15.1787    -1.8583     -3.705     0.1088    -0.8418 -9.990e-29
 148.920694     -3.708   0.183236    15.1755    -1.8580     -3.677     0.1087    -0.8413 -9.990e-29
 148.920700     -3.682   0.182863    15.1765    -1.8576     -3.651     0.1085    -0.8416 -9.990e-29
 148.920706     -3.658   0.182308    15.1810    -1.8576     -3.628     0.1082    -0.8426 -9.990e-29
 148.920712     -3.634   0.181938    15.1886    -1.8576     -3.604     0.1079    -0.8439 -9.990e-29
 148.920718     -3.608   0.181814    15.1984    -1.8579     -3.578     0.1078    -0.8455 -9.990e-29
 148.920723     -3.579   0.181772    15.2106    -1.8585     -3.549     0.1078    -0.8474 -9.990e-29
 148.920729     -3.544   0.181757    15.2241    -1.8590     -3.514     0.1077    -0.8495 -9.990e-29
 148.920735     -3.506   0.181752    15.2365    -1.8594     -3.477     0.1077    -0.8515 -9.990e-29
 148.920741     -3.472   0.181749    15.2469    -1.8598     -3.443     0.1077    -0.8531 -9.990e-29
 148.920747     -3.442   0.181748    15.2553    -1.8598     -3.413     0.1077    -0.8544 -9.990e-29
 148.920752     -3.415   0.181748    15.2612    -1.8598     -3.387     0.1076    -0.8553 -9.990e-29
 148.920758     -3.389   0.181748    15.2632    -1.8597     -3.361     0.1076    -0.8556 -9.990e-29
 148.920764     -3.364   0.181751    15.2609    -1.8594     -3.336     0.1076    -0.8553 -9.990e-29
 148.920770     -3.336   0.181762    15.2542    -1.8592     -3.308     0.1077    -0.8542 -9.990e-29
 148.920775     -3.309   0.181797    15.2438    -1.8590     -3.281     0.1077    -0.8526 -9.990e-29
 148.920781     -3.290   0.181905    15.2325    -1.8594     -3.263     0.1078    -0.8508 -9.990e-29
 148.920787     -3.277   0.182229    15.2227    -1.8611     -3.250     0.1080    -0.8491 -9.990e-29
 148.920793     -3.265   0.182650    15.2157    -1.8622     -3.238     0.1083    -0.8478 -9.990e-29
 148.920799     -3.254   0.182622    15.2128    -1.8626     -3.227     0.1083    -0.8474 -9.990e-29
 148.920804     -3.238   0.182109    15.2135    -1.8631     -3.211     0.1080    -0.8477 -9.990e-29
 148.920810     -3.216   0.181535    15.2162    -1.8638     -3.189     0.1076    -0.8484 -9.990e-29
 148.920816     -3.197   0.181243    15.2196    -1.8642     -3.170     0.1074    -0.8491 -9.990e-29
 148.920822     -3.181   0.181399    15.2216    -1.8643     -3.154     0.1075    -0.8493 -9.990e-29
 148.920828     -3.166   0.181660    15.2186    -1.8637     -3.140     0.1077    -0.8487 -9.990e-29
 148.920833     -3.144   0.181819    15.2048    -1.8628     -3.118     0.1078    -0.8465 -9.990e-29
 148.920839     -3.120   0.182090    15.1811    -1.8622     -3.094     0.1080    -0.8427 -9.990e-29
 148.920845     -3.095   0.182282    15.1580    -1.8612     -3.069     0.1082    -0.8390 -9.990e-29
 148.920851     -3.068   0.182100    15.1409    -1.8600     -3.042     0.1081    -0.8365 -9.990e-29
 148.920856     -3.042   0.181854    15.1267    -1.8588     -3.017     0.1080    -0.8344 -9.990e-29
 148.920862     -3.020   0.181771    15.1142    -1.8578     -2.995     0.1080    -0.8325 -9.990e-29
 148.920868     -3.000   0.181743    15.1067    -1.8583     -2.975     0.1080    -0.8314 -9.990e-29
 148.920874     -2.980   0.181733    15.1082    -1.8589     -2.955     0.1080    -0.8316 -9.990e-29
 148.920880     -2.960   0.181729    15.1192    -1.8589     -2.935     0.1080    -0.8333 -9.990e-29
 148.920885     -2.943   0.181727    15.1362    -1.8581     -2.918     0.1079    -0.8359 -9.990e-29
 148.920891     -2.931   0.181726    15.1563    -1.8571     -2.907     0.1079    -0.8390 -9.990e-29
 148.920897     -2.924   0.181726    15.1795    -1.8567     -2.900     0.1078    -0.8426 -9.990e-29
 148.920903     -2.921   0.181727    15.2048    -1.8561     -2.897     0.1078    -0.8465 -9.990e-29
 148.920909     -2.918   0.181731    15.2285    -1.8556     -2.894     0.1077    -0.8502 -9.990e-29
 148.920914     -2.907   0.181743    15.2436    -1.8549     -2.883     0.1077    -0.8526 -9.990e-29
 148.920920     -2.886   0.181781    15.2462    -1.8539     -2.862     0.1077    -0.8530 -9.990e-29
 148.920926     -2.863   0.181899    15.2439    -1.8529     -2.839     0.1078    -0.8525 -9.990e-29
 148.920932     -2.840   0.182254    15.2479    -1.8514     -2.816     0.1080    -0.8530 -9.990e-29
 148.920938     -2.817   0.182766    15.2609    -1.8505     -2.794     0.1082    -0.8548 -9.990e-29
 148.920943     -2.791   0.183011    15.2780    -1.8504     -2.768     0.1083    -0.8574 -9.990e-29
 148.920949     -2.761   0.182764    15.2942    -1.8506     -2.738     0.1082    -0.8600 -9.990e-29
 148.920955     -2.730   0.182251    15.3094    -1.8506     -2.707     0.1078    -0.8626 -9.990e-29
 148.920961     -2.703   0.181896    15.3255    -1.8512     -2.680     0.1076    -0.8653 -9.990e-29
 148.920966     -2.684   0.181781    15.3448    -1.8516     -2.662     0.1075    -0.8684 -9.990e-29
 148.920972     -2.671   0.181754    15.3681    -1.8525     -2.649     0.1074    -0.8720 -9.990e-29
 148.920978     -2.660   0.181781    15.3948    -1.8529     -2.638     0.1073    -0.8762 -9.990e-29
 148.920984     -2.645   0.181899    15.4216    -1.8536     -2.623     0.1074    -0.8804 -9.990e-29
 148.920990     -2.629   0.182266    15.4412    -1.8546     -2.607     0.1075    -0.8833 -9.990e-29
 148.920995     -2.617   0.182818    15.4496    -1.8555     -2.595     0.1078    -0.8844 -9.990e-29
 148.921001     -2.606   0.183184    15.4499    -1.8565     -2.584     0.1080    -0.8843 -9.990e-29
 148.921007     -2.597   0.183302    15.4452    -1.8575     -2.575     0.1081    -0.8835 -9.990e-29
 148.921013     -2.589   0.183328    15.4353    -1.8589     -2.567     0.1082    -0.8819 -9.990e-29
 148.921019     -2.581   0.183300    15.4214    -1.8608     -2.559     0.1082    -0.8797 -9.990e-29
 148.921024     -2.573   0.183181    15.4057    -1.8628     -2.552     0.1081    -0.8773 -9.990e-29
 148.921030     -2.564   0.182812    15.3893    -1.8646     -2.543     0.1080    -0.8749 -9.990e-29
 148.921036     -2.554   0.182257    15.3702    -1.8662     -2.533     0.1077    -0.8721 -9.990e-29
 148.921042     -2.542   0.181884    15.3479    -1.8678     -2.521     0.1075    -0.8688 -9.990e-29
 148.921047     -2.527   0.181751    15.3236    -1.8693     -2.506     0.1075    -0.8651 -9.990e-29
 148.921053     -2.513   0.181682    15.2970    -1.8709     -2.492     0.1075    -0.8609 -9.990e-29
 148.921059     -2.503   0.181585    15.2665    -1.8722     -2.482     0.1075    -0.8562 -9.990e-29
 148.921065     -2.492   0.181334    15.2298    -1.8733     -2.471     0.1075    -0.8506 -9.990e-29
 148.921071     -2.475   0.181146    15.1869    -1.8743     -2.454     0.1075    -0.8440 -9.990e-29
 148.921076     -2.452   0.181327    15.1412    -1.8756     -2.432     0.1077    -0.8369 -9.990e-29
 148.921082     -2.424   0.181566    15.0963    -1.8766     -2.404     0.1079    -0.8298 -9.990e-29
 148.921088     -2.399   0.181628    15.0537    -1.8772     -2.379     0.1081    -0.8232 -9.990e-29
 148.921094     -2.380   0.181597    15.0130    -1.8776     -2.360     0.1081    -0.8170 -9.990e-29
 148.921100     -2.364   0.181432    14.9735    -1.8782     -2.344     0.1081    -0.8111 -9.990e-29
 148.921105     -2.352   0.181100    14.9362    -1.8791     -2.332     0.1080    -0.8055 -9.990e-29
 148.921111     -2.342   0.180711    14.9023    -1.8799     -2.322     0.1079    -0.8006 -9.990e-29
 148.921117     -2.333   0.180484    14.8721    -1.8806     -2.314     0.1078    -0.7961 -9.990e-29
 148.921123     -2.322   0.180671    14.8442    -1.8812     -2.303     0.1080    -0.7918 -9.990e-29
 148.921128     -2.302   0.181152    14.8176    -1.8817     -2.283     0.1083    -0.7875 -9.990e-29
 148.921134     -2.281   0.181461    14.7943    -1.8821     -2.262     0.1086    -0.7839 -9.990e-29
 148.921140     -2.267   0.181456    14.7762    -1.8828     -2.248     0.1086    -0.7812 -9.990e-29
 148.921146     -2.255   0.181129    14.7610    -1.8838     -2.236     0.1085    -0.7790 -9.990e-29
 148.921152     -2.238   0.180598    14.7447    -1.8849     -2.219     0.1082    -0.7768 -9.990e-29
 148.921157     -2.217   0.180260    14.7261    -1.8860     -2.199     0.1080    -0.7742 -9.990e-29
 148.921163     -2.194   0.180219    14.7072    -1.8870     -2.176     0.1080    -0.7714 -9.990e-29
 148.921169     -2.175   0.180421    14.6900    -1.8884     -2.157     0.1082    -0.7687 -9.990e-29
 148.921175     -2.161   0.180580    14.6752    -1.8899     -2.143     0.1083    -0.7664 -9.990e-29
 148.921181     -2.146   0.180355    14.6615    -1.8916     -2.128     0.1082    -0.7645 -9.990e-29
 148.921186     -2.132   0.179999    14.6467    -1.8931     -2.114     0.1081    -0.7625 -9.990e-29
 148.921192     -2.124   0.179589    14.6282    -1.8942     -2.106     0.1079    -0.7599 -9.990e-29
 148.921198     -2.117   0.179131    14.6054    -1.8950     -2.099     0.1076    -0.7567 -9.990e-29
 148.921204     -2.106   0.179122    14.5797    -1.8961     -2.088     0.1077    -0.7529 -9.990e-29
 148.921209     -2.095   0.179549    14.5520    -1.8977     -2.078     0.1080    -0.7486 -9.990e-29
 148.921215     -2.087   0.179875    14.5224    -1.8990     -2.070     0.1083    -0.7441 -9.990e-29
 148.921221     -2.077   0.179980    14.4899    -1.8999     -2.060     0.1084    -0.7393 -9.990e-29
 148.921227     -2.060   0.180004    14.4544    -1.8998     -2.043     0.1085    -0.7341 -9.990e-29
 148.921233     -2.040   0.179977    14.4179    -1.8991     -2.023     0.1086    -0.7287 -9.990e-29
 148.921238     -2.020   0.179863    14.3839    -1.8990     -2.003     0.1086    -0.7238 -9.990e-29
 148.921244     -1.998   0.179509    14.3546    -1.9001     -1.981     0.1085    -0.7197 -9.990e-29
 148.921250     -1.978   0.178996    14.3276    -1.9014     -1.962     0.1082    -0.7161 -9.990e-29
 148.921256     -1.962   0.178749    14.2988    -1.9024     -1.946     0.1081    -0.7120 -9.990e-29
 148.921262     -1.945   0.178990    14.2687    -1.9022     -1.929     0.1084    -0.7075 -9.990e-29
 148.921267     -1.921   0.179487    14.2425    -1.9012     -1.905     0.1087    -0.7035 -9.990e-29
 148.921273     -1.894   0.179795    14.2259    -1.8997     -1.878     0.1089    -0.7010 -9.990e-29
 148.921279     -1.870   0.179771    14.2213    -1.8983     -1.854     0.1089    -0.7003 -9.990e-29
 148.921285     -1.852   0.179380    14.2226    -1.8977     -1.837     0.1087    -0.7007 -9.990e-29
 148.921291     -1.839   0.178655    14.2176    -1.8973     -1.824     0.1083    -0.7003 -9.990e-29
 148.921296     -1.830   0.178291    14.2013    -1.8972     -1.815     0.1081    -0.6982 -9.990e-29
 148.921302     -1.824   0.178907    14.1799    -1.8971     -1.809     0.1085    -0.6948 -9.990e-29
