data/oxygen options/ONMS/Olympic_Coast_National_Marine_Sanctuary_CTD_Data_2005_2023/raw_data/2019/CAST_CE042_190801faedb.cnv
* Sea-Bird SBE 19 Data File:
* FileName = C:\2019 Mooring Data\Casts\CAST_CE042_190801.hex
* Software Version SeatermAF 2.1.2
* Temperature SN = 2997
* Conductivity SN = 2997
* System UpLoad Time = Aug 01 2019 17:46:37 (localtime) = Aug 01 2019 17:46:37 (UTC)
** CAST_CE042_190801
* ds
# nquan = 9
# nvalues = 40                          
# units = specified
# name 0 = timeJ: Julian Days
# name 1 = prSM: Pressure, Strain Gauge [db]
# name 2 = c0mS/cm: Conductivity [mS/cm]
# name 3 = t090C: Temperature [ITS-90, deg C]
# name 4 = sbeox0ML/L: Oxygen, SBE 43 [ml/l]
# name 5 = depSM: Depth [salt water, m], lat = 47.5
# name 6 = sal00: Salinity, Practical [PSU]
# name 7 = sigma-é00: Density [sigma-theta, kg/m^3]
# name 8 = flag: flag
# span 0 = 213.694196, 213.694964       
# span 1 =      2.000,     41.000       
# span 2 =  34.963183,  41.048163       
# span 3 =     7.8885,    15.6538       
# span 4 =     1.0470,     7.5591       
# span 5 =      1.983,     40.654       
# span 6 =    32.7497,    33.7850       
# span 7 =    24.0947,    26.3366       
# span 8 = 0.0000e+00, 0.0000e+00       
# interval = decibars: 1                
# start_time = Aug 01 2019 16:31:05 [Instrument's time stamp, header]
# bad_flag = -9.990e-29
*END*
 213.694196      2.000  41.048163    15.6538     7.5231      1.983    32.7497    24.0947 0.0000e+00
 213.694224      3.000  41.047030    15.6516     7.5477      2.975    32.7501    24.0955 0.0000e+00
 213.694247      4.000  41.039669    15.6432     7.5591      3.966    32.7502    24.0974 0.0000e+00
 213.694269      5.000  41.033705    15.6314     7.4891      4.958    32.7543    24.1032 0.0000e+00
 213.694288      6.000  40.982918    15.5594     7.4576      5.950    32.7685    24.1302 0.0000e+00
 213.694307      7.000  40.804287    15.3217     7.4964      6.942    32.8065    24.2117 0.0000e+00
 213.694326      8.000  40.587769    15.0922     7.3801      7.933    32.8036    24.2594 0.0000e+00
 213.694344      9.000  40.394955    14.8504     6.7687      8.925    32.8321    24.3335 0.0000e+00
 213.694362     10.000  39.951296    14.1897     6.3463      9.917    32.9873    24.5924 0.0000e+00
 213.694379     11.000  38.860291    13.0259     6.1222     10.908    32.9717    24.8160 0.0000e+00
 213.694397     12.000  37.972566    12.0900     5.9079     11.900    32.9439    24.9755 0.0000e+00
 213.694416     13.000  37.440809    11.4016     5.7134     12.891    33.0375    25.1757 0.0000e+00
 213.694435     14.000  36.777947    10.7051     5.3000     13.883    33.0063    25.2752 0.0000e+00
 213.694455     15.000  36.392411    10.2350     4.7048     14.874    33.0457    25.3868 0.0000e+00
 213.694475     16.000  36.068763     9.8150     4.0484     15.866    33.1010    25.5002 0.0000e+00
 213.694495     17.000  35.840157     9.5061     3.0675     16.857    33.1512    25.5901 0.0000e+00
 213.694513     18.000  35.608430     9.1643     2.4036     17.849    33.2289    25.7057 0.0000e+00
 213.694531     19.000  35.377495     8.8400     2.1776     18.841    33.2914    25.8056 0.0000e+00
 213.694549     20.000  35.198605     8.6079     2.0555     19.832    33.3217    25.8652 0.0000e+00
 213.694569     21.000  35.165225     8.5176     1.9316     20.824    33.3714    25.9180 0.0000e+00
 213.694587     22.000  35.120121     8.4228     1.8811     21.815    33.4132    25.9650 0.0000e+00
 213.694604     23.000  35.057499     8.3172     1.8861     22.807    33.4467    26.0073 0.0000e+00
 213.694623     24.000  34.983808     8.2020     1.8673     23.798    33.4777    26.0488 0.0000e+00
 213.694640     25.000  34.973529     8.1594     1.8082     24.790    33.5070    26.0782 0.0000e+00
 213.694658     26.000  34.990890     8.1417     1.9109     25.781    33.5419    26.1082 0.0000e+00
 213.694674     27.000  34.996132     8.1281     2.0781     26.773    33.5601    26.1245 0.0000e+00
 213.694691     28.000  34.981275     8.0802     2.0655     27.764    33.5897    26.1549 0.0000e+00
 213.694709     29.000  34.963183     8.0317     2.0337     28.756    33.6165    26.1831 0.0000e+00
 213.694727     30.000  34.976056     8.0222     1.9203     29.748    33.6389    26.2021 0.0000e+00
 213.694748     31.000  34.991276     8.0090     1.5393     30.739    33.6673    26.2263 0.0000e+00
 213.694766     32.000  35.000929     7.9840     1.3251     31.730    33.7013    26.2567 0.0000e+00
 213.694784     33.000  35.005004     7.9579     1.2578     32.722    33.7304    26.2834 0.0000e+00
 213.694803     34.000  35.009487     7.9490     1.2088     33.713    33.7433    26.2949 0.0000e+00
 213.694823     35.000  35.005263     7.9282     1.1688     34.705    33.7584    26.3098 0.0000e+00
 213.694844     36.000  35.004339     7.9132     1.1296     35.696    33.7713    26.3222 0.0000e+00
 213.694862     37.000  35.001321     7.9063     1.0799     36.688    33.7743    26.3255 0.0000e+00
 213.694882     38.000  35.001355     7.8988     1.0585     37.679    33.7812    26.3321 0.0000e+00
 213.694904     39.000  34.999313     7.8966     1.0547     38.671    33.7806    26.3319 0.0000e+00
 213.694931     40.000  34.999453     7.8926     1.0472     39.662    33.7841    26.3353 0.0000e+00
 213.694964     41.000  34.997006     7.8885     1.0470     40.654    33.7850    26.3366 0.0000e+00
