data/oxygen options/ONMS/Olympic_Coast_National_Marine_Sanctuary_CTD_Data_2005_2023/raw_data/2019/CAST_CA042_190827faed.cnv
* Sea-Bird SBE 19 Data File:
* FileName = C:\2019 Mooring Data\Casts\CAST_CA042_190827.hex
* Software Version SeatermAF 2.1.2
* Temperature SN = 2997
* Conductivity SN = 2997
* System UpLoad Time = Aug 27 2019 20:32:36 (localtime) = Aug 27 2019 20:32:36 (UTC)
** CAST_CA042_190827
* ds
# nquan = 9                                 
# nvalues = 1000                        
# units = specified
# name 0 = timeJ: Julian Days
# name 1 = prSM: Pressure, Strain Gauge [db]
# name 2 = c0mS/cm: Conductivity [mS/cm]
# name 3 = t090C: Temperature [ITS-90, deg C]
# name 4 = sbeox0ML/L: Oxygen, SBE 43 [ml/l]
# name 5 = depSM: Depth [salt water, m], lat = 47.5
# name 6 = sal00: Salinity, Practical [PSU]
# name 7 = sigma-é00: Density [sigma-theta, kg/m^3]
# name 8 = flag: flag
# span 0 = 239.807523, 239.813304       
# span 1 =     -5.295,     43.348       
# span 2 =   0.392406,  39.536933       
# span 3 =     7.6494,    19.4770       
# span 4 =    -1.7626,    12.8998       
# span 5 =     -5.251,     42.982       
# span 6 =     0.2134,    34.3748       
# span 7 =    -1.5223,    26.3419       
# span 8 = 0.0000e+00, 0.0000e+00       
# interval = seconds: 0.5
# start_time = Aug 27 2019 19:22:50 [Instrument's time stamp, header]
# bad_flag = -9.990e-29
*END*
[from data line 801]
 239.812159     38.293  34.740969     7.6504     2.5924     37.970    33.7415    26.3369 0.0000e+00
 239.812164     38.555  34.741456     7.6505     2.5982     38.230    33.7418    26.3371 0.0000e+00
 239.812170     38.812  34.741998     7.6512     2.5923     38.484    33.7416    26.3369 0.0000e+00
 239.812176     39.062  34.743286     7.6525     2.6020     38.732    33.7416    26.3367 0.0000e+00
 239.812182     39.304  34.745331     7.6533     2.6023     38.972    33.7429    26.3376 0.0000e+00
 239.812187     39.542  34.746912     7.6529     2.5877     39.208    33.7449    26.3392 0.0000e+00
 239.812193     39.785  34.746749     7.6513     2.5959     39.449    33.7462    26.3404 0.0000e+00
 239.812199     40.045  34.745155     7.6499     2.5896     39.707    33.7457    26.3403 0.0000e+00
 239.812205     40.321  34.743894     7.6494     2.5757     39.981    33.7447    26.3396 0.0000e+00
 239.812211     40.602  34.743495     7.6495     2.6018     40.259    33.7440    26.3390 0.0000e+00
 239.812216     40.874  34.743394     7.6497     2.5898     40.529    33.7436    26.3387 0.0000e+00
 239.812222     41.134  34.743424     7.6496     2.5777     40.787    33.7436    26.3387 0.0000e+00
 239.812228     41.381  34.743596     7.6496     2.5919     41.032    33.7437    26.3387 0.0000e+00
 239.812234     41.614  34.744109     7.6503     2.5801     41.263    33.7434    26.3384 0.0000e+00
 239.812240     41.826  34.745057     7.6517     2.5897     41.473    33.7430    26.3379 0.0000e+00
 239.812245     42.013  34.746556     7.6531     2.5938     41.658    33.7432    26.3378 0.0000e+00
 239.812251     42.183  34.748333     7.6539     2.5799     41.827    33.7442    26.3386 0.0000e+00
 239.812257     42.343  34.749373     7.6535     2.5897     41.985    33.7456    26.3397 0.0000e+00
 239.812263     42.494  34.749353     7.6519     2.5916     42.135    33.7471    26.3411 0.0000e+00
 239.812269     42.638  34.748779     7.6504     2.5774     42.278    33.7479    26.3419 0.0000e+00
 239.812274     42.778  34.747976     7.6497     2.5834     42.417    33.7476    26.3418 0.0000e+00
 239.812280     42.920  34.747521     7.6497     2.5814     42.557    33.7471    26.3414 0.0000e+00
 239.812286     43.056  34.747898     7.6499     2.5772     42.692    33.7472    26.3415 -9.990e-29
 239.812292     43.172  34.748460     7.6504     2.5888     42.807    33.7473    26.3415 -9.990e-29
 239.812297     43.264  34.748808     7.6508     2.5789     42.898    33.7472    26.3414 -9.990e-29
 239.812303     43.324  34.748816     7.6512     2.5789     42.958    33.7468    26.3410 -9.990e-29
 239.812309     43.348  34.748466     7.6522     2.5887     42.982    33.7454    26.3398 -9.990e-29
 239.812315     43.341  34.748380     7.6536     2.5726     42.975    33.7440    26.3385 -9.990e-29
 239.812321     43.308  34.748416     7.6547     2.5886     42.942    33.7430    26.3375 -9.990e-29
 239.812326     43.246  34.748595     7.6555     2.5825     42.881    33.7424    26.3369 -9.990e-29
 239.812332     43.151  34.749684     7.6559     2.5724     42.786    33.7433    26.3375 -9.990e-29
 239.812338     43.018  34.751429     7.6563     2.5822     42.655    33.7448    26.3387 0.0000e+00
 239.812344     42.841  34.752772     7.6565     2.5784     42.479    33.7462    26.3397 0.0000e+00
 239.812350     42.631  34.752674     7.6560     2.5762     42.271    33.7466    26.3402 0.0000e+00
 239.812355     42.410  34.750980     7.6554     2.5840     42.052    33.7455    26.3394 0.0000e+00
 239.812361     42.184  34.749321     7.6552     2.5739     41.828    33.7440    26.3382 0.0000e+00
 239.812367     41.948  34.748815     7.6548     2.5739     41.594    33.7440    26.3382 0.0000e+00
 239.812373     41.699  34.748761     7.6539     2.5758     41.347    33.7449    26.3391 0.0000e+00
 239.812378     41.439  34.748497     7.6532     2.5577     41.089    33.7454    26.3396 0.0000e+00
 239.812384     41.168  34.748205     7.6528     2.5737     40.820    33.7456    26.3398 0.0000e+00
 239.812390     40.891  34.748026     7.6523     2.5854     40.546    33.7461    26.3402 0.0000e+00
 239.812396     40.616  34.747696     7.6518     2.5833     40.273    33.7463    26.3405 0.0000e+00
 239.812402     40.346  34.747305     7.6519     2.5931     40.005    33.7459    26.3402 0.0000e+00
 239.812407     40.077  34.746865     7.6525     2.5852     39.739    33.7450    26.3394 0.0000e+00
 239.812413     39.801  34.746140     7.6526     2.5752     39.465    33.7443    26.3387 0.0000e+00
 239.812419     39.517  34.745269     7.6522     2.5910     39.183    33.7438    26.3385 0.0000e+00
 239.812425     39.233  34.744582     7.6519     2.5830     38.902    33.7435    26.3383 0.0000e+00
 239.812431     38.948  34.744288     7.6518     2.5909     38.619    33.7434    26.3382 0.0000e+00
 239.812436     38.662  34.743817     7.6520     2.6008     38.336    33.7429    26.3377 0.0000e+00
 239.812442     38.380  34.742552     7.6522     2.5887     38.056    33.7415    26.3366 0.0000e+00
 239.812448     38.104  34.741057     7.6525     2.5966     37.782    33.7397    26.3351 0.0000e+00
 239.812454     37.823  34.739587     7.6529     2.6004     37.504    33.7378    26.3336 0.0000e+00
 239.812459     37.529  34.737869     7.6531     2.6003     37.212    33.7359    26.3321 0.0000e+00
 239.812465     37.220  34.736422     7.6531     2.6181     36.906    33.7345    26.3310 0.0000e+00
 239.812471     36.901  34.735566     7.6531     2.6390     36.590    33.7338    26.3304 0.0000e+00
 239.812477     36.579  34.734732     7.6532     2.6554     36.270    33.7329    26.3297 0.0000e+00
 239.812483     36.259  34.733376     7.6541     2.6861     35.953    33.7307    26.3279 0.0000e+00
 239.812488     35.945  34.730821     7.6564     2.6947     35.642    33.7259    26.3237 0.0000e+00
 239.812494     35.645  34.725910     7.6602     2.7123     35.344    33.7171    26.3162 0.0000e+00
 239.812500     35.359  34.719941     7.6652     2.7489     35.061    33.7059    26.3067 0.0000e+00
 239.812506     35.083  34.714482     7.6709     2.7622     34.787    33.6946    26.2970 0.0000e+00
 239.812512     34.811  34.708421     7.6780     2.7827     34.518    33.6813    26.2856 0.0000e+00
 239.812517     34.549  34.701521     7.6897     2.8024     34.258    33.6627    26.2693 0.0000e+00
 239.812523     34.301  34.694108     7.7087     2.7898     34.012    33.6365    26.2459 0.0000e+00
 239.812529     34.064  34.688062     7.7334     2.8030     33.777    33.6062    26.2186 0.0000e+00
 239.812535     33.826  34.685967     7.7617     2.8002     33.541    33.5768    26.1914 0.0000e+00
 239.812541     33.578  34.686723     7.7966     2.7823     33.295    33.5441    26.1606 0.0000e+00
 239.812546     33.313  34.688550     7.8406     2.7942     33.032    33.5039    26.1227 0.0000e+00
 239.812552     33.025  34.691662     7.8891     2.7884     32.747    33.4608    26.0818 0.0000e+00
 239.812558     32.723  34.695746     7.9321     2.7883     32.447    33.4242    26.0467 0.0000e+00
 239.812564     32.417  34.700669     7.9640     2.7986     32.144    33.3991    26.0224 0.0000e+00
 239.812569     32.109  34.706860     7.9889     2.7958     31.839    33.3821    26.0054 0.0000e+00
 239.812575     31.802  34.712515     8.0127     2.7989     31.534    33.3656    25.9889 0.0000e+00
 239.812581     31.500  34.716795     8.0362     2.8150     31.235    33.3479    25.9716 0.0000e+00
 239.812587     31.207  34.721504     8.0570     2.8084     30.944    33.3332    25.9570 0.0000e+00
 239.812593     30.921  34.727899     8.0729     2.8163     30.661    33.3250    25.9482 0.0000e+00
 239.812598     30.641  34.736124     8.0858     2.8171     30.383    33.3217    25.9437 0.0000e+00
 239.812604     30.366  34.744849     8.1034     2.8070     30.110    33.3143    25.9354 0.0000e+00
 239.812610     30.092  34.753409     8.1294     2.8164     29.839    33.2989    25.9194 0.0000e+00
 239.812616     29.809  34.761475     8.1568     2.8092     29.558    33.2816    25.9017 0.0000e+00
 239.812622     29.513  34.766942     8.1798     2.8042     29.265    33.2657    25.8859 0.0000e+00
 239.812627     29.207  34.772077     8.2031     2.8155     28.961    33.2492    25.8695 0.0000e+00
 239.812633     28.895  34.781503     8.2333     2.8114     28.652    33.2308    25.8505 0.0000e+00
 239.812639     28.581  34.792132     8.2673     2.8267     28.341    33.2100    25.8292 0.0000e+00
 239.812645     28.261  34.801921     8.2971     2.8410     28.023    33.1924    25.8109 0.0000e+00
 239.812650     27.936  34.816661     8.3211     2.8213     27.701    33.1855    25.8019 0.0000e+00
 239.812656     27.611  34.835876     8.3453     2.8208     27.379    33.1832    25.7964 0.0000e+00
 239.812662     27.283  34.853861     8.3734     2.8184     27.054    33.1758    25.7865 0.0000e+00
 239.812668     26.944  34.867746     8.3994     2.8159     26.717    33.1662    25.7750 0.0000e+00
 239.812674     26.598  34.876471     8.4176     2.8285     26.374    33.1584    25.7662 0.0000e+00
 239.812679     26.256  34.883850     8.4289     2.8232     26.035    33.1557    25.7624 0.0000e+00
 239.812685     25.928  34.893022     8.4367     2.8101     25.710    33.1582    25.7631 0.0000e+00
 239.812691     25.610  34.901119     8.4447     2.8198     25.395    33.1594    25.7628 0.0000e+00
 239.812697     25.290  34.906636     8.4547     2.8180     25.077    33.1559    25.7586 0.0000e+00
 239.812703     24.960  34.911343     8.4650     2.8184     24.750    33.1514    25.7535 0.0000e+00
 239.812708     24.622  34.916489     8.4751     2.8295     24.415    33.1475    25.7489 0.0000e+00
 239.812714     24.283  34.923913     8.4856     2.8221     24.079    33.1456    25.7458 0.0000e+00
 239.812720     23.951  34.934573     8.4969     2.8487     23.750    33.1463    25.7447 0.0000e+00
 239.812726     23.628  34.946463     8.5120     2.8709     23.429    33.1448    25.7412 0.0000e+00
 239.812731     23.309  34.956982     8.5331     2.8963     23.113    33.1362    25.7313 0.0000e+00
 239.812737     22.993  34.966175     8.5574     2.9459     22.800    33.1232    25.7174 0.0000e+00
 239.812743     22.679  34.977917     8.5830     2.9872     22.488    33.1117    25.7045 0.0000e+00
 239.812749     22.373  34.997805     8.6107     3.0245     22.185    33.1068    25.6964 0.0000e+00
 239.812755     22.079  35.024946     8.6480     3.0751     21.894    33.1005    25.6858 0.0000e+00
 239.812760     21.789  35.054688     8.7022     3.1135     21.606    33.0811    25.6623 0.0000e+00
 239.812766     21.493  35.083046     8.7653     3.1437     21.313    33.0520    25.6298 0.0000e+00
 239.812772     21.192  35.104750     8.8275     3.2000     21.014    33.0169    25.5926 0.0000e+00
 239.812778     20.890  35.125255     8.8859     3.2177     20.715    32.9841    25.5579 0.0000e+00
 239.812784     20.589  35.152332     8.9404     3.2474     20.416    32.9618    25.5320 0.0000e+00
 239.812789     20.289  35.184045     8.9951     3.2692     20.119    32.9443    25.5097 0.0000e+00
 239.812795     19.987  35.212888     9.0459     3.2625     19.819    32.9273    25.4885 0.0000e+00
 239.812801     19.682  35.234241     9.0835     3.2873     19.517    32.9149    25.4729 0.0000e+00
 239.812807     19.374  35.253646     9.1077     3.2892     19.211    32.9128    25.4674 0.0000e+00
 239.812813     19.066  35.271810     9.1255     3.2875     18.906    32.9153    25.4666 0.0000e+00
 239.812818     18.755  35.283864     9.1435     3.2963     18.598    32.9113    25.4606 0.0000e+00
 239.812824     18.443  35.291342     9.1613     3.2869     18.288    32.9027    25.4511 0.0000e+00
 239.812830     18.132  35.297512     9.1756     3.2786     17.980    32.8961    25.4436 0.0000e+00
 239.812836     17.823  35.303899     9.1869     3.2848     17.673    32.8924    25.4390 0.0000e+00
 239.812841     17.523  35.310077     9.1957     3.2731     17.376    32.8908    25.4363 0.0000e+00
 239.812847     17.233  35.314784     9.2004     3.2643     17.088    32.8915    25.4361 0.0000e+00
 239.812853     16.952  35.318151     9.2022     3.2631     16.810    32.8934    25.4373 0.0000e+00
 239.812859     16.676  35.319642     9.2034     3.2468     16.536    32.8940    25.4376 0.0000e+00
 239.812865     16.395  35.319016     9.2045     3.2524     16.258    32.8925    25.4362 0.0000e+00
 239.812870     16.104  35.317129     9.2054     3.2524     15.969    32.8898    25.4340 0.0000e+00
 239.812876     15.802  35.315392     9.2065     3.2284     15.670    32.8871    25.4317 0.0000e+00
 239.812882     15.492  35.314860     9.2081     3.2399     15.362    32.8853    25.4300 0.0000e+00
 239.812888     15.178  35.314832     9.2094     3.2249     15.051    32.8842    25.4289 0.0000e+00
 239.812894     14.863  35.315285     9.2092     3.2186     14.738    32.8850    25.4296 0.0000e+00
 239.812899     14.544  35.315154     9.2087     3.2212     14.422    32.8854    25.4300 0.0000e+00
 239.812905     14.218  35.313158     9.2087     3.2074     14.099    32.8835    25.4285 0.0000e+00
 239.812911     13.885  35.310562     9.2089     3.1968     13.769    32.8808    25.4263 0.0000e+00
 239.812917     13.549  35.308394     9.2088     3.1961     13.435    32.8788    25.4248 0.0000e+00
 239.812922     13.212  35.306574     9.2085     3.1973     13.101    32.8773    25.4237 0.0000e+00
 239.812928     12.872  35.303805     9.2083     3.2467     12.764    32.8748    25.4217 0.0000e+00
 239.812934     12.534  35.299203     9.2092     3.2911     12.429    32.8694    25.4173 0.0000e+00
 239.812940     12.197  35.293921     9.2135     3.3199     12.095    32.8601    25.4094 0.0000e+00
 239.812946     11.863  35.290441     9.2278     3.3884     11.764    32.8435    25.3941 0.0000e+00
 239.812951     11.535  35.291969     9.2571     3.4744     11.438    32.8182    25.3697 0.0000e+00
 239.812957     11.214  35.298877     9.2954     3.5939     11.120    32.7903    25.3418 0.0000e+00
 239.812963     10.904  35.305274     9.3295     3.7608     10.813    32.7658    25.3172 0.0000e+00
 239.812969     10.613  35.307954     9.3520     3.9163     10.524    32.7481    25.2997 0.0000e+00
 239.812975     10.330  35.311628     9.3682     4.0885     10.244    32.7371    25.2886 0.0000e+00
 239.812980     10.050  35.320652     9.3909     4.2365      9.966    32.7258    25.2761 0.0000e+00
 239.812986      9.777  35.344273     9.4400     4.3678      9.695    32.7053    25.2522 0.0000e+00
 239.812992      9.502  35.388811     9.5311     4.5009      9.422    32.6681    25.2085 0.0000e+00
 239.812998      9.211  35.441460     9.6622     4.6123      9.134    32.6029    25.1363 0.0000e+00
 239.813003      8.904  35.492396     9.8161     4.7131      8.829    32.5157    25.0431 0.0000e+00
 239.813009      8.590  35.549672     9.9520     4.8255      8.518    32.4516    24.9707 0.0000e+00
 239.813015      8.284  35.620284    10.0386     4.8959      8.215    32.4455    24.9516 0.0000e+00
 239.813021      7.997  35.696555    10.0937     4.9481      7.930    32.4733    24.9641 0.0000e+00
 239.813027      7.728  35.767712    10.1532     4.9890      7.663    32.4920    24.9687 0.0000e+00
 239.813032      7.467  35.839098    10.2335     5.0167      7.405    32.4921    24.9553 0.0000e+00
 239.813038      7.211  35.914111    10.3234     5.0863      7.151    32.4872    24.9363 0.0000e+00
 239.813044      6.962  35.977479    10.4042     5.1524      6.904    32.4787    24.9160 0.0000e+00
 239.813050      6.715  36.019121    10.4687     5.2148      6.659    32.4630    24.8928 0.0000e+00
 239.813056      6.469  36.054284    10.5227     5.2994      6.415    32.4502    24.8735 0.0000e+00
 239.813061      6.225  36.105248    10.5838     5.3807      6.173    32.4469    24.8605 0.0000e+00
 239.813067      5.979  36.167774    10.6613     5.4528      5.929    32.4405    24.8421 0.0000e+00
 239.813073      5.730  36.216653    10.7419     5.5243      5.682    32.4177    24.8105 0.0000e+00
