data/oxygen options/ONMS/Olympic_Coast_National_Marine_Sanctuary_CTD_Data_2005_2023/raw_data/2019/CAST_CE042_190625faed.cnv
* Sea-Bird SBE19 Data File:
* FileName = C:\2019 Mooring Data\Casts\CAST_CE042_190625.hex
* Software Version 1.59
* Temperature SN = 2997
* Conductivity SN = 2997
* System UpLoad Time = Jun 25 2019 18:28:57
** CAST_CE042_190625
* ds
# nquan = 9                                 
# nvalues = 926                         
# units = specified
# name 0 = timeJ: Julian Days
# name 1 = prSM: Pressure, Strain Gauge [db]
# name 2 = c0mS/cm: Conductivity [mS/cm]
# name 3 = t090C: Temperature [ITS-90, deg C]
# name 4 = sbeox0ML/L: Oxygen, SBE 43 [ml/l]
# name 5 = depSM: Depth [salt water, m], lat = 47.5
# name 6 = sal00: Salinity, Practical [PSU]
# name 7 = sigma-é00: Density [sigma-theta, kg/m^3]
# name 8 = flag: flag
# span 0 = 176.715590, 176.720943       
# span 1 =     -5.247,     41.944       
# span 2 =   0.469100,  39.767533       
# span 3 =     7.8221,    14.6882       
# span 4 =   -12.1076,    17.0110       
# span 5 =     -5.203,     41.590       
# span 6 =     0.2860,    33.8351       
# span 7 =    -0.6244,    26.3844       
# span 8 = 0.0000e+00, 0.0000e+00       
# interval = seconds: 0.5
# start_time = Jun 25 2019 17:10:27 [Instrument's time stamp, header]
# bad_flag = -9.990e-29
*END*
 176.715590     -5.247 -9.990e-29    14.4064    -1.8855     -5.203 -9.990e-29 -9.990e-29 -9.990e-29
 176.715596     -5.238   1.342795    14.4046    -1.8856     -5.194     0.8567    -0.1471 -9.990e-29
 176.715602     -5.227   1.331121    14.4017    -1.8854     -5.183     0.8489    -0.1526 -9.990e-29
 176.715608     -5.212   1.311065    14.3978    -1.8851     -5.169     0.8356    -0.1624 -9.990e-29
 176.715613     -5.192   1.284704    14.3933    -1.8849     -5.149     0.8182    -0.1753 -9.990e-29
 176.715619     -5.168   1.256086    14.3888    -1.8846     -5.125     0.7992    -0.1893 -9.990e-29
 176.715625     -5.136   1.227565    14.3848    -1.8843     -5.093     0.7803    -0.2033 -9.990e-29
 176.715631     -5.099   1.200279    14.3815    -1.8840     -5.057     0.7622    -0.2168 -9.990e-29
 176.715637     -5.064   1.174927    14.3793    -1.8837     -5.022     0.7454    -0.2295 -9.990e-29
 176.715642     -5.032   1.151305    14.3784    -1.8834     -4.990     0.7298    -0.2415 -9.990e-29
 176.715648     -5.002   1.130616    14.3793    -1.8830     -4.960     0.7161    -0.2522 -9.990e-29
 176.715654     -4.971   1.115755    14.3823    -1.8831     -4.930     0.7062    -0.2603 -9.990e-29
 176.715660     -4.938   1.108522    14.3872    -1.8833     -4.897     0.7013    -0.2648 -9.990e-29
 176.715666     -4.901   1.107589    14.3931    -1.8835     -4.860     0.7006    -0.2662 -9.990e-29
 176.715671     -4.861   1.109495    14.3992    -1.8835     -4.820     0.7018    -0.2662 -9.990e-29
 176.715677     -4.824   1.112352    14.4057    -1.8838     -4.784     0.7035    -0.2658 -9.990e-29
 176.715683     -4.793   1.116090    14.4130    -1.8840     -4.753     0.7059    -0.2650 -9.990e-29
 176.715689     -4.765   1.119602    14.4212    -1.8843     -4.725     0.7080    -0.2645 -9.990e-29
 176.715694     -4.739   1.120921    14.4299    -1.8844     -4.700     0.7088    -0.2652 -9.990e-29
 176.715700     -4.712   1.119037    14.4370    -1.8846     -4.673     0.7074    -0.2673 -9.990e-29
 176.715706     -4.684   1.113658    14.4405    -1.8848     -4.645     0.7038    -0.2706 -9.990e-29
 176.715712     -4.652   1.104263    14.4407    -1.8850     -4.613     0.6976    -0.2755 -9.990e-29
 176.715718     -4.619   1.091628    14.4392    -1.8852     -4.581     0.6893    -0.2817 -9.990e-29
 176.715723     -4.591   1.078858    14.4369    -1.8854     -4.553     0.6809    -0.2878 -9.990e-29
 176.715729     -4.566   1.068323    14.4340    -1.8858     -4.528     0.6740    -0.2927 -9.990e-29
 176.715735     -4.539   1.059277    14.4301    -1.8861     -4.501     0.6681    -0.2967 -9.990e-29
 176.715741     -4.512   1.050190    14.4259    -1.8862     -4.474     0.6622    -0.3007 -9.990e-29
 176.715747     -4.488   1.041694    14.4220    -1.8865     -4.451     0.6567    -0.3044 -9.990e-29
 176.715752     -4.464   1.035206    14.4178    -1.8866     -4.427     0.6525    -0.3071 -9.990e-29
 176.715758     -4.441   1.030946    14.4129    -1.8867     -4.404     0.6497    -0.3084 -9.990e-29
 176.715764     -4.415   1.028775    14.4086    -1.8867     -4.378     0.6484    -0.3089 -9.990e-29
 176.715770     -4.386   1.028018    14.4053    -1.8869     -4.349     0.6479    -0.3087 -9.990e-29
 176.715775     -4.352   1.025450    14.4017    -1.8870     -4.316     0.6463    -0.3095 -9.990e-29
 176.715781     -4.314   1.018204    14.3970    -1.8870     -4.278     0.6416    -0.3124 -9.990e-29
 176.715787     -4.280   1.007703    14.3924    -1.8871     -4.244     0.6348    -0.3170 -9.990e-29
 176.715793     -4.250   0.996571    14.3890    -1.8871     -4.215     0.6275    -0.3222 -9.990e-29
 176.715799     -4.219   0.985483    14.3867    -1.8870     -4.184     0.6203    -0.3274 -9.990e-29
 176.715804     -4.185   0.974619    14.3846    -1.8870     -4.150     0.6132    -0.3326 -9.990e-29
 176.715810     -4.155   0.965010    14.3828    -1.8870     -4.120     0.6069    -0.3372 -9.990e-29
 176.715816     -4.130   0.957698    14.3811    -1.8869     -4.096     0.6021    -0.3407 -9.990e-29
 176.715822     -4.109   0.952907    14.3800    -1.8869     -4.075     0.5990    -0.3429 -9.990e-29
 176.715828     -4.086   0.948686    14.3805    -1.8868     -4.052     0.5962    -0.3452 -9.990e-29
 176.715833     -4.061   0.941070    14.3823    -1.8865     -4.027     0.5912    -0.3493 -9.990e-29
 176.715839     -4.035   0.928218    14.3848    -1.8863     -4.001     0.5828    -0.3562 -9.990e-29
 176.715845     -4.007   0.911834    14.3880    -1.8856     -3.974     0.5720    -0.3650 -9.990e-29
 176.715851     -3.980   0.894455    14.3913    -1.8855     -3.947     0.5606    -0.3743 -9.990e-29
 176.715856     -3.956   0.878397    14.3941    -1.8855     -3.923     0.5501    -0.3829 -9.990e-29
 176.715862     -3.933   0.865524    14.3967    -1.8856     -3.900     0.5417    -0.3898 -9.990e-29
 176.715868     -3.911   0.855849    14.3995    -1.8857     -3.878     0.5354    -0.3951 -9.990e-29
 176.715874     -3.887   0.848109    14.4029    -1.8859     -3.855     0.5303    -0.3995 -9.990e-29
 176.715880     -3.861   0.841958    14.4076    -1.8859     -3.829     0.5262    -0.4033 -9.990e-29
 176.715885     -3.834   0.836953    14.4138    -1.8860     -3.802     0.5229    -0.4068 -9.990e-29
 176.715891     -3.810   0.831963    14.4220    -1.8859     -3.778     0.5195    -0.4106 -9.990e-29
 176.715897     -3.787   0.826985    14.4312    -1.8859     -3.755     0.5162    -0.4145 -9.990e-29
 176.715903     -3.763   0.822032    14.4381    -1.8859     -3.732     0.5129    -0.4181 -9.990e-29
 176.715909     -3.737   0.816042    14.4410    -1.8858     -3.706     0.5089    -0.4216 -9.990e-29
 176.715914     -3.711   0.808786    14.4411    -1.8859     -3.680     0.5042    -0.4252 -9.990e-29
 176.715920     -3.688   0.802226    14.4395    -1.8861     -3.657     0.5000    -0.4283 -9.990e-29
 176.715926     -3.667   0.798143    14.4375    -1.8862     -3.636     0.4974    -0.4300 -9.990e-29
 176.715932     -3.647   0.795527    14.4368    -1.8862     -3.617     0.4957    -0.4312 -9.990e-29
 176.715938     -3.625   0.792555    14.4373    -1.8864     -3.595     0.4938    -0.4328 -9.990e-29
 176.715943     -3.605   0.788589    14.4385    -1.8866     -3.575     0.4912    -0.4349 -9.990e-29
 176.715949     -3.590   0.783330    14.4402    -1.8864     -3.560     0.4878    -0.4378 -9.990e-29
 176.715955     -3.575   0.776416    14.4419    -1.8863     -3.545     0.4833    -0.4416 -9.990e-29
 176.715961     -3.559   0.768600    14.4427    -1.8862     -3.529     0.4782    -0.4456 -9.990e-29
 176.715966     -3.545   0.761653    14.4423    -1.8860     -3.515     0.4737    -0.4490 -9.990e-29
 176.715972     -3.527   0.755730    14.4406    -1.8858     -3.498     0.4699    -0.4517 -9.990e-29
 176.715978     -3.506   0.750140    14.4381    -1.8858     -3.477     0.4663    -0.4541 -9.990e-29
 176.715984     -3.487   0.746292    14.4354    -1.8860     -3.458     0.4639    -0.4557 -9.990e-29
 176.715990     -3.470   0.745707    14.4330    -1.8861     -3.441     0.4635    -0.4556 -9.990e-29
 176.715995     -3.449   0.747054    14.4319    -1.8860     -3.420     0.4644    -0.4547 -9.990e-29
 176.716001     -3.427   0.748251    14.4329    -1.8859     -3.398     0.4652    -0.4543 -9.990e-29
 176.716007     -3.408   0.749234    14.4351    -1.8858     -3.380     0.4658    -0.4541 -9.990e-29
 176.716013     -3.389   0.750206    14.4379    -1.8857     -3.361     0.4664    -0.4541 -9.990e-29
 176.716019     -3.371   0.750248    14.4413    -1.8858     -3.343     0.4664    -0.4546 -9.990e-29
 176.716024     -3.351   0.749417    14.4440    -1.8859     -3.323     0.4658    -0.4554 -9.990e-29
 176.716030     -3.328   0.748825    14.4450    -1.8856     -3.300     0.4654    -0.4559 -9.990e-29
 176.716036     -3.301   0.748238    14.4447    -1.8852     -3.273     0.4650    -0.4561 -9.990e-29
 176.716042     -3.273   0.746319    14.4445    -1.8848     -3.246     0.4638    -0.4570 -9.990e-29
 176.716047     -3.249   0.743283    14.4452    -1.8846     -3.222     0.4618    -0.4587 -9.990e-29
 176.716053     -3.234   0.741176    14.4468    -1.8846     -3.207     0.4605    -0.4600 -9.990e-29
 176.716059     -3.222   0.741069    14.4485    -1.8846     -3.195     0.4604    -0.4603 -9.990e-29
 176.716065     -3.207   0.742266    14.4498    -1.8845     -3.180     0.4611    -0.4599 -9.990e-29
 176.716071     -3.189   0.743596    14.4506    -1.8844     -3.162     0.4620    -0.4593 -9.990e-29
 176.716076     -3.167   0.744063    14.4525    -1.8844     -3.141     0.4623    -0.4594 -9.990e-29
 176.716082     -3.144   0.743737    14.4573    -1.8845     -3.118     0.4620    -0.4603 -9.990e-29
 176.716088     -3.121   0.743847    14.4644    -1.8847     -3.095     0.4620    -0.4613 -9.990e-29
 176.716094     -3.099   0.745094    14.4712    -1.8848     -3.073     0.4627    -0.4618 -9.990e-29
 176.716100     -3.075   0.746374    14.4758    -1.8849     -3.049     0.4635    -0.4618 -9.990e-29
 176.716105     -3.048   0.746624    14.4784    -1.8850     -3.023     0.4636    -0.4621 -9.990e-29
 176.716111     -3.016   0.746735    14.4804    -1.8851     -2.991     0.4637    -0.4624 -9.990e-29
 176.716117     -2.981   0.747962    14.4821    -1.8852     -2.956     0.4644    -0.4620 -9.990e-29
 176.716123     -2.951   0.749728    14.4828    -1.8851     -2.926     0.4656    -0.4613 -9.990e-29
 176.716128     -2.926   0.751066    14.4820    -1.8851     -2.902     0.4664    -0.4605 -9.990e-29
 176.716134     -2.907   0.752653    14.4798    -1.8851     -2.883     0.4675    -0.4593 -9.990e-29
 176.716140     -2.890   0.754388    14.4767    -1.8851     -2.866     0.4686    -0.4580 -9.990e-29
 176.716146     -2.876   0.755263    14.4738    -1.8849     -2.852     0.4692    -0.4571 -9.990e-29
 176.716152     -2.863   0.755894    14.4714    -1.8847     -2.839     0.4697    -0.4564 -9.990e-29
 176.716157     -2.851   0.756569    14.4695    -1.8847     -2.827     0.4701    -0.4558 -9.990e-29
 176.716163     -2.838   0.755972    14.4680    -1.8848     -2.814     0.4698    -0.4558 -9.990e-29
 176.716169     -2.825   0.753865    14.4672    -1.8847     -2.801     0.4684    -0.4568 -9.990e-29
 176.716175     -2.810   0.751872    14.4671    -1.8846     -2.787     0.4671    -0.4578 -9.990e-29
 176.716181     -2.792   0.751215    14.4678    -1.8843     -2.769     0.4667    -0.4582 -9.990e-29
 176.716186     -2.770   0.751572    14.4691    -1.8842     -2.747     0.4669    -0.4582 -9.990e-29
 176.716192     -2.742   0.751760    14.4713    -1.8840     -2.719     0.4670    -0.4585 -9.990e-29
 176.716198     -2.712   0.750923    14.4742    -1.8838     -2.689     0.4664    -0.4593 -9.990e-29
 176.716204     -2.686   0.749608    14.4771    -1.8836     -2.664     0.4655    -0.4604 -9.990e-29
 176.716209     -2.666   0.748832    14.4790    -1.8833     -2.644     0.4650    -0.4611 -9.990e-29
 176.716215     -2.651   0.748117    14.4800    -1.8831     -2.629     0.4645    -0.4616 -9.990e-29
 176.716221     -2.641   0.746510    14.4817    -1.8830     -2.619     0.4635    -0.4627 -9.990e-29
 176.716227     -2.634   0.744639    14.4850    -1.8831     -2.612     0.4622    -0.4641 -9.990e-29
 176.716233     -2.630   0.743337    14.4892    -1.8832     -2.608     0.4614    -0.4654 -9.990e-29
 176.716238     -2.629   0.742532    14.4935    -1.8831     -2.607     0.4608    -0.4665 -9.990e-29
 176.716244     -2.627   0.742260    14.4983    -1.8829     -2.605     0.4606    -0.4674 -9.990e-29
 176.716250     -2.619   0.742159    14.5035    -1.8831     -2.597     0.4604    -0.4682 -9.990e-29
 176.716256     -2.609   0.741544    14.5090    -1.8833     -2.587     0.4600    -0.4694 -9.990e-29
 176.716262     -2.600   0.740702    14.5146    -1.8834     -2.578     0.4594    -0.4707 -9.990e-29
 176.716267     -2.589   0.740173    14.5192    -1.8834     -2.567     0.4590    -0.4717 -9.990e-29
 176.716273     -2.569   0.739809    14.5218    -1.8834     -2.548     0.4587    -0.4722 -9.990e-29
 176.716279     -2.544   0.739126    14.5227    -1.8838     -2.523     0.4583    -0.4727 -9.990e-29
 176.716285     -2.516   0.737768    14.5232    -1.8840     -2.495     0.4574    -0.4735 -9.990e-29
 176.716291     -2.488   0.736142    14.5238    -1.8840     -2.467     0.4563    -0.4744 -9.990e-29
 176.716296     -2.467   0.735405    14.5237    -1.8838     -2.446     0.4559    -0.4747 -9.990e-29
 176.716302     -2.451   0.735684    14.5224    -1.8835     -2.431     0.4560    -0.4744 -9.990e-29
 176.716308     -2.431   0.735138    14.5204    -1.8831     -2.411     0.4557    -0.4744 -9.990e-29
 176.716314     -2.405   0.732486    14.5187    -1.8832     -2.385     0.4540    -0.4754 -9.990e-29
 176.716319     -2.381   0.728625    14.5175    -1.8831     -2.361     0.4516    -0.4771 -9.990e-29
 176.716325     -2.361   0.725057    14.5154    -1.8831     -2.341     0.4493    -0.4786 -9.990e-29
 176.716331     -2.344   0.722560    14.5118    -1.8831     -2.324     0.4477    -0.4793 -9.990e-29
 176.716337     -2.329   0.720573    14.5091    -1.8834     -2.310     0.4465    -0.4799 -9.990e-29
 176.716343     -2.315   0.718107    14.5094    -1.8835     -2.296     0.4449    -0.4811 -9.990e-29
 176.716348     -2.301   0.715200    14.5129    -1.8835     -2.282     0.4430    -0.4831 -9.990e-29
 176.716354     -2.286   0.712959    14.5188    -1.8835     -2.267     0.4415    -0.4852 -9.990e-29
 176.716360     -2.269   0.712273    14.5246    -1.8835     -2.250     0.4410    -0.4864 -9.990e-29
 176.716366     -2.250   0.712227    14.5279    -1.8834     -2.231     0.4409    -0.4869 -9.990e-29
 176.716372     -2.230   0.711096    14.5293    -1.8832     -2.211     0.4402    -0.4877 -9.990e-29
 176.716377     -2.214   0.708477    14.5296    -1.8828     -2.196     0.4385    -0.4891 -9.990e-29
 176.716383     -2.196   0.705310    14.5286    -1.8822     -2.178     0.4365    -0.4905 -9.990e-29
 176.716389     -2.174   0.702357    14.5264    -1.8816     -2.156     0.4346    -0.4916 -9.990e-29
 176.716395     -2.156   0.699558    14.5245    -1.8813     -2.138     0.4328    -0.4927 -9.990e-29
 176.716400     -2.146   0.696505    14.5239    -1.8812     -2.128     0.4309    -0.4941 -9.990e-29
 176.716406     -2.137   0.693004    14.5244    -1.8811     -2.119     0.4286    -0.4959 -9.990e-29
 176.716412     -2.126   0.689371    14.5261    -1.8808     -2.108     0.4263    -0.4980 -9.990e-29
 176.716418     -2.116   0.686300    14.5296    -1.8808     -2.098     0.4243    -0.5001 -9.990e-29
 176.716424     -2.110   0.684125    14.5358    -1.8810     -2.092     0.4228    -0.5021 -9.990e-29
 176.716429     -2.108   0.682718    14.5455    -1.8811     -2.090     0.4218    -0.5043 -9.990e-29
 176.716435     -2.106   0.681864    14.5578    -1.8812     -2.088     0.4211    -0.5066 -9.990e-29
 176.716441     -2.099   0.680975    14.5692    -1.8811     -2.081     0.4204    -0.5088 -9.990e-29
 176.716447     -2.091   0.679420    14.5775    -1.8810     -2.074     0.4193    -0.5109 -9.990e-29
 176.716453     -2.087   0.677339    14.5830    -1.8807     -2.070     0.4180    -0.5128 -9.990e-29
 176.716458     -2.080   0.675281    14.5878    -1.8802     -2.063     0.4166    -0.5145 -9.990e-29
 176.716464     -2.068   0.673272    14.5918    -1.8797     -2.051     0.4153    -0.5162 -9.990e-29
 176.716470     -2.052   0.670850    14.5931    -1.8795     -2.035     0.4137    -0.5176 -9.990e-29
 176.716476     -2.037   0.668106    14.5920    -1.8796     -2.020     0.4120    -0.5187 -9.990e-29
 176.716481     -2.021   0.665813    14.5905    -1.8800     -2.004     0.4105    -0.5196 -9.990e-29
 176.716487     -2.004   0.664236    14.5903    -1.8801     -1.987     0.4095    -0.5204 -9.990e-29
 176.716493     -1.989   0.662932    14.5923    -1.8797     -1.972     0.4087    -0.5214 -9.990e-29
 176.716499     -1.978   0.661270    14.5970    -1.8794     -1.962     0.4075    -0.5229 -9.990e-29
 176.716505     -1.968   0.658694    14.6048    -1.8791     -1.952     0.4058    -0.5254 -9.990e-29
 176.716510     -1.952   0.655093    14.6143    -1.8786     -1.936     0.4034    -0.5286 -9.990e-29
