data/oxygen options/ONMS/Olympic_Coast_National_Marine_Sanctuary_CTD_Data_2005_2023/raw_data/2019/CAST_TH042_190528_WINTERfaed.cnv
* Sea-Bird SBE19 Data File:
* FileName = C:\2019 Mooring Data\Casts\CAST_TH042_190528_WINTER.hex
* Software Version 1.59
* Temperature SN = 2997
* Conductivity SN = 2997
* System UpLoad Time = May 28 2019 21:35:48
** CAST_TH042_190528_WINTER
* ds
# nquan = 9                                 
# nvalues = 935                         
# units = specified
# name 0 = timeJ: Julian Days
# name 1 = prSM: Pressure, Strain Gauge [db]
# name 2 = c0mS/cm: Conductivity [mS/cm]
# name 3 = t090C: Temperature [ITS-90, deg C]
# name 4 = sbeox0ML/L: Oxygen, SBE 43 [ml/l]
# name 5 = depSM: Depth [salt water, m], lat = 47.5
# name 6 = sal00: Salinity, Practical [PSU]
# name 7 = sigma-é00: Density [sigma-theta, kg/m^3]
# name 8 = flag: flag
# span 0 = 148.843368, 148.848773       
# span 1 =     -5.483,     41.395       
# span 2 =   0.114190,  36.699212       
# span 3 =     8.4484,    14.4336       
# span 4 =    -1.9189,    12.6929       
# span 5 =     -5.437,     41.045       
# span 6 =     0.0699,    33.4428       
# span 7 =    -0.7601,    25.9847       
# span 8 = 0.0000e+00, 0.0000e+00       
# interval = seconds: 0.5
# start_time = May 28 2019 20:14:27 [Instrument's time stamp, header]
# bad_flag = -9.990e-29
*END*
[from data line 321]
 148.845226     -0.958   0.117001    14.2008    -1.8982     -0.950     0.0714    -0.7266 -9.990e-29
 148.845231     -0.954   0.116920    14.2096    -1.8983     -0.946     0.0714    -0.7279 -9.990e-29
 148.845237     -0.950   0.116674    14.2177    -1.8984     -0.942     0.0712    -0.7292 -9.990e-29
 148.845243     -0.944   0.116489    14.2253    -1.8985     -0.936     0.0711    -0.7303 -9.990e-29
 148.845249     -0.937   0.116673    14.2322    -1.8985     -0.929     0.0712    -0.7312 -9.990e-29
 148.845255     -0.928   0.116918    14.2386    -1.8987     -0.920     0.0713    -0.7320 -9.990e-29
 148.845260     -0.917   0.116998    14.2452    -1.8987     -0.909     0.0714    -0.7329 -9.990e-29
 148.845266     -0.906   0.117021    14.2522    -1.8993     -0.898     0.0714    -0.7339 -9.990e-29
 148.845272     -0.901   0.117017    14.2591    -1.9000     -0.893     0.0714    -0.7349 -9.990e-29
 148.845278     -0.895   0.116980    14.2637    -1.9005     -0.888     0.0713    -0.7356 -9.990e-29
 148.845284     -0.885   0.116862    14.2647    -1.9004     -0.878     0.0713    -0.7358 -9.990e-29
 148.845289     -0.874   0.116506    14.2635    -1.9002     -0.867     0.0711    -0.7358 -9.990e-29
 148.845295     -0.866   0.115992    14.2617    -1.9002     -0.859     0.0708    -0.7358 -9.990e-29
 148.845301     -0.860   0.115741    14.2594    -1.9002     -0.853     0.0706    -0.7355 -9.990e-29
 148.845307     -0.855   0.115975    14.2559    -1.9001     -0.848     0.0708    -0.7349 -9.990e-29
 148.845313     -0.852   0.116450    14.2498    -1.9000     -0.845     0.0710    -0.7338 -9.990e-29
 148.845318     -0.850   0.116694    14.2398    -1.8998     -0.843     0.0712    -0.7323 -9.990e-29
 148.845324     -0.850   0.116480    14.2282    -1.8997     -0.843     0.0711    -0.7307 -9.990e-29
 148.845330     -0.850   0.116075    14.2202    -1.8996     -0.843     0.0709    -0.7298 -9.990e-29
 148.845336     -0.852   0.116048    14.2177    -1.8997     -0.845     0.0709    -0.7294 -9.990e-29
 148.845341     -0.854   0.116361    14.2184    -1.9001     -0.847     0.0710    -0.7294 -9.990e-29
 148.845347     -0.854   0.116325    14.2199    -1.9005     -0.847     0.0710    -0.7296 -9.990e-29
 148.845353     -0.847   0.115894    14.2214    -1.9007     -0.840     0.0708    -0.7300 -9.990e-29
 148.845359     -0.836   0.115601    14.2231    -1.9009     -0.829     0.0706    -0.7304 -9.990e-29
 148.845365     -0.825   0.115608    14.2258    -1.9010     -0.818     0.0706    -0.7308 -9.990e-29
 148.845370     -0.810   0.115927    14.2292    -1.9008     -0.803     0.0708    -0.7311 -9.990e-29
 148.845376     -0.789   0.116428    14.2319    -1.9005     -0.782     0.0711    -0.7313 -9.990e-29
 148.845382     -0.769   0.116674    14.2324    -1.9001     -0.763     0.0712    -0.7312 -9.990e-29
 148.845388     -0.754   0.116438    14.2294    -1.8997     -0.748     0.0711    -0.7309 -9.990e-29
 148.845394     -0.743   0.115962    14.2229    -1.8994     -0.737     0.0708    -0.7302 -9.990e-29
 148.845399     -0.734   0.115717    14.2156    -1.8995     -0.728     0.0707    -0.7293 -9.990e-29
 148.845405     -0.728   0.115931    14.2098    -1.8995     -0.722     0.0708    -0.7284 -9.990e-29
 148.845411     -0.724   0.116335    14.2063    -1.8995     -0.718     0.0710    -0.7277 -9.990e-29
 148.845417     -0.721   0.116361    14.2058    -1.8997     -0.715     0.0711    -0.7276 -9.990e-29
 148.845422     -0.720   0.116044    14.2090    -1.9000     -0.714     0.0709    -0.7282 -9.990e-29
 148.845428     -0.720   0.116069    14.2151    -1.9002     -0.714     0.0709    -0.7291 -9.990e-29
 148.845434     -0.721   0.116472    14.2227    -1.9007     -0.715     0.0711    -0.7300 -9.990e-29
 148.845440     -0.724   0.116681    14.2300    -1.9012     -0.718     0.0712    -0.7309 -9.990e-29
 148.845446     -0.729   0.116422    14.2350    -1.9014     -0.723     0.0710    -0.7317 -9.990e-29
 148.845451     -0.731   0.115905    14.2371    -1.9016     -0.725     0.0707    -0.7323 -9.990e-29
 148.845457     -0.727   0.115548    14.2370    -1.9016     -0.721     0.0705    -0.7324 -9.990e-29
 148.845463     -0.720   0.115429    14.2351    -1.9015     -0.714     0.0705    -0.7322 -9.990e-29
 148.845469     -0.715   0.115389    14.2309    -1.9015     -0.709     0.0704    -0.7316 -9.990e-29
 148.845475     -0.712   0.115375    14.2251    -1.9013     -0.706     0.0704    -0.7308 -9.990e-29
 148.845480     -0.709   0.115371    14.2179    -1.9013     -0.703     0.0705    -0.7298 -9.990e-29
 148.845486     -0.706   0.115370    14.2090    -1.9014     -0.700     0.0705    -0.7285 -9.990e-29
 148.845492     -0.704   0.115371    14.2001    -1.9014     -0.698     0.0705    -0.7272 -9.990e-29
 148.845498     -0.703   0.115372    14.1935    -1.9016     -0.697     0.0705    -0.7263 -9.990e-29
 148.845503     -0.702   0.115374    14.1899    -1.9017     -0.696     0.0705    -0.7258 -9.990e-29
 148.845509     -0.701   0.115376    14.1888    -1.9017     -0.695     0.0705    -0.7256 -9.990e-29
 148.845515     -0.700   0.115380    14.1892    -1.9022     -0.694     0.0705    -0.7257 -9.990e-29
 148.845521     -0.699   0.115389    14.1904    -1.9027     -0.693     0.0705    -0.7258 -9.990e-29
 148.845527     -0.699   0.115413    14.1916    -1.9029     -0.693     0.0705    -0.7260 -9.990e-29
 148.845532     -0.698   0.115485    14.1920    -1.9030     -0.692     0.0706    -0.7260 -9.990e-29
 148.845538     -0.697   0.115697    14.1915    -1.9026     -0.691     0.0707    -0.7259 -9.990e-29
 148.845544     -0.697   0.115777    14.1898    -1.9026     -0.691     0.0707    -0.7256 -9.990e-29
 148.845550     -0.696   0.115278    14.1869    -1.9027     -0.690     0.0704    -0.7254 -9.990e-29
 148.845556     -0.695   0.114639    14.1834    -1.9031     -0.689     0.0701    -0.7252 -9.990e-29
 148.845561     -0.694   0.114667    14.1786    -1.9032     -0.688     0.0701    -0.7245 -9.990e-29
 148.845567     -0.693   0.115400    14.1712    -1.9033     -0.687     0.0705    -0.7231 -9.990e-29
 148.845573     -0.692   0.116151    14.1635    -1.9032     -0.686     0.0710    -0.7217 -9.990e-29
 148.845579     -0.690   0.116259    14.1585    -1.9032     -0.684     0.0711    -0.7209 -9.990e-29
 148.845584     -0.688   0.115865    14.1575    -1.9031     -0.682     0.0708    -0.7209 -9.990e-29
 148.845590     -0.685   0.115550    14.1592    -1.9030     -0.679     0.0706    -0.7213 -9.990e-29
 148.845596     -0.681   0.115446    14.1596    -1.9031     -0.675     0.0706    -0.7214 -9.990e-29
 148.845602     -0.676   0.115412    14.1570    -1.9038     -0.670     0.0706    -0.7211 -9.990e-29
 148.845608     -0.669   0.115401    14.1530    -1.9049     -0.663     0.0706    -0.7205 -9.990e-29
 148.845613     -0.666   0.115398    14.1494    -1.9058     -0.660     0.0706    -0.7200 -9.990e-29
 148.845619     -0.668   0.115398    14.1475    -1.9067     -0.662     0.0706    -0.7197 -9.990e-29
 148.845625     -0.673   0.115399    14.1473    -1.9074     -0.667     0.0706    -0.7197 -9.990e-29
 148.845631     -0.676   0.115400    14.1481    -1.9079     -0.670     0.0706    -0.7198 -9.990e-29
 148.845637     -0.678   0.115401    14.1488    -1.9083     -0.672     0.0706    -0.7199 -9.990e-29
 148.845642     -0.679   0.115402    14.1473    -1.9089     -0.673     0.0706    -0.7197 -9.990e-29
 148.845648     -0.678   0.115403    14.1403    -1.9094     -0.672     0.0706    -0.7187 -9.990e-29
 148.845654     -0.676   0.115403    14.1258    -1.9099     -0.670     0.0706    -0.7167 -9.990e-29
 148.845660     -0.673   0.115400    14.1060    -1.9108     -0.667     0.0706    -0.7139 -9.990e-29
 148.845666     -0.669   0.115388    14.0848    -1.9120     -0.663     0.0706    -0.7109 -9.990e-29
 148.845671     -0.662   0.115351    14.0652    -1.9137     -0.656     0.0707    -0.7081 -9.990e-29
 148.845677     -0.653   0.115235    14.0488    -1.9156     -0.648     0.0706    -0.7059 -9.990e-29
 148.845683     -0.641   0.114885    14.0354    -1.9168     -0.636     0.0704    -0.7041 -9.990e-29
 148.845689     -0.630   0.114389    14.0227    -1.9177     -0.625     0.0701    -0.7026 -9.990e-29
 148.845694     -0.623   0.114190    14.0093    -1.9189     -0.618     0.0700    -0.7008 -9.990e-29
 148.845700     -0.616   0.114573    13.9952    -1.5940     -0.611     0.0703    -0.6986 -9.990e-29
 148.845706     -0.603   0.115493    13.9785    -1.5842     -0.598     0.0709    -0.6959 -9.990e-29
 148.845712     -0.585   0.117068    13.9562    -1.5833     -0.580     0.0718    -0.6920 -9.990e-29
 148.845718     -0.563   0.120843    13.9272    -1.5831     -0.558     0.0741    -0.6862 -9.990e-29
 148.845723     -0.542   0.131850    13.8931    -1.5830     -0.537     0.0808    -0.6764 -9.990e-29
 148.845729     -0.519   0.164763    13.8591    -1.5828     -0.515     0.1007    -0.6562 -9.990e-29
 148.845735     -0.506   0.263465    13.8326    -1.5824     -0.502     0.1615    -0.6052 -9.990e-29
 148.845741     -0.511   0.559558    13.8217    -1.5822     -0.507     0.3495    -0.4575 -9.990e-29
 148.845747     -0.516   1.447830    13.8415    -1.5821     -0.512     0.9403    -0.0020 -9.990e-29
 148.845752     -0.514   4.113197    13.9071    -1.5824     -0.510     2.8275     1.4472 -9.990e-29
 148.845758     -0.510  12.138269    13.9942    -1.5821     -0.506     8.9995     6.1824 -9.990e-29
 148.845764     -0.497  24.264370    14.0550    -1.5818     -0.493    19.0865    13.9175 -9.990e-29
 148.845770     -0.472  32.463097    14.0817    -1.5822     -0.468    26.2749    19.4402 -9.990e-29
 148.845775     -0.437  35.263408    14.0937    -1.5825     -0.433    28.7870    21.3728 -9.990e-29
 148.845781     -0.398  36.203658    14.1034    -1.5827     -0.395    29.6326    22.0226 -9.990e-29
 148.845787     -0.358  36.524631    14.1139    -1.5827     -0.355    29.9163    22.2392 -9.990e-29
 148.845793     -0.317  36.635805    14.1226    -1.5827     -0.314    30.0107    22.3102 -9.990e-29
 148.845799     -0.281  36.672528    14.1270    -1.5830     -0.279    30.0407    22.3324 -9.990e-29
 148.845804     -0.250  36.680956    14.1289    -1.5830     -0.248    30.0469    22.3368 -9.990e-29
 148.845810     -0.215  36.681280    14.1319    -1.5829     -0.213    30.0448    22.3346 -9.990e-29
 148.845816     -0.180  36.682321    14.1325    -1.5830     -0.178    30.0453    22.3349 -9.990e-29
 148.845822     -0.146  36.684341    14.1249    -1.5829     -0.145    30.0530    22.3424 -9.990e-29
 148.845828     -0.111  36.685546    14.1141    -1.5829     -0.110    30.0625    22.3519 -9.990e-29
 148.845833     -0.074  36.689774    14.1095    -1.5830     -0.073    30.0699    22.3585 -9.990e-29
 148.845839     -0.035  36.695935    14.1107    -1.5831     -0.035    30.0746    22.3619 -9.990e-29
 148.845845     -0.000  36.693755    14.1107    -1.5830     -0.000    30.0726    22.3604 -9.990e-29
 148.845851      0.027  36.683675    14.1062    -1.5830      0.027    30.0669    22.3569 -9.990e-29
 148.845856      0.048  36.674645    14.1013    -1.5831      0.048    30.0625    22.3545 -9.990e-29
 148.845862      0.066  36.673655    14.1004    -1.5831      0.065    30.0623    22.3545 -9.990e-29
 148.845868      0.081  36.679935    14.1023    -1.5829      0.080    30.0665    22.3574 -9.990e-29
 148.845874      0.094  36.682812    14.1049    -1.5830      0.093    30.0671    22.3573 -9.990e-29
 148.845880      0.107  36.678276    14.1063    -1.5830      0.106    30.0619    22.3530 -9.990e-29
 148.845885      0.119  36.672029    14.1045    -1.5831      0.118    30.0576    22.3501 -9.990e-29
 148.845891      0.131  36.667492    14.1007    -1.5830      0.130    30.0564    22.3499 -9.990e-29
 148.845897      0.145  36.667569    14.0989    -1.5828      0.144    30.0579    22.3514 -9.990e-29
 148.845903      0.162  36.674033    14.1001    -1.5829      0.161    30.0628    22.3550 -9.990e-29
 148.845909      0.181  36.678695    14.1020    -1.5830      0.179    30.0656    22.3567 -9.990e-29
 148.845914      0.205  36.674885    14.1028    -1.5829      0.203    30.0615    22.3534 -9.990e-29
 148.845920      0.231  36.669275    14.1023    -1.5827      0.229    30.0568    22.3499 -9.990e-29
 148.845926      0.256  36.670053    14.1015    -1.5827      0.254    30.0581    22.3510 -9.990e-29
 148.845932      0.282  36.676007    14.1018    -1.5828      0.280    30.0633    22.3550 -9.990e-29
 148.845937      0.305  36.679951    14.1036    -1.5829      0.302    30.0655    22.3563 -9.990e-29
 148.845943      0.324  36.678178    14.1055    -1.5830      0.321    30.0624    22.3535 -9.990e-29
 148.845949      0.340  36.673914    14.1057    -1.5828      0.337    30.0583    22.3504 -9.990e-29
 148.845955      0.353  36.673784    14.1044    -1.5828      0.350    30.0592    22.3513 -9.990e-29
 148.845961      0.364  36.679286    14.1037    -1.5829      0.361    30.0647    22.3557 -9.990e-29
 148.845966      0.374  36.684313    14.1049    -1.5829      0.371    30.0684    22.3583 -9.990e-29
 148.845972      0.383  36.686040    14.1071    -1.5828      0.380    30.0682    22.3577 -9.990e-29
 148.845978      0.393  36.687881    14.1086    -1.5828      0.390    30.0687    22.3578 -9.990e-29
 148.845984      0.400  36.690042    14.1087    -1.5828      0.397    30.0706    22.3593 -9.990e-29
 148.845990      0.399  36.688677    14.1076    -1.5828      0.396    30.0702    22.3592 -9.990e-29
 148.845995      0.395  36.683078    14.1061    -1.5827      0.392    30.0663    22.3565 -9.990e-29
 148.846001      0.392  36.677530    14.1052    -1.5826      0.389    30.0620    22.3533 -9.990e-29
 148.846007      0.389  36.678066    14.1053    -1.5826      0.386    30.0624    22.3536 -9.990e-29
 148.846013      0.388  36.684272    14.1065    -1.5828      0.385    30.0671    22.3570 -9.990e-29
 148.846019      0.387  36.687617    14.1082    -1.5831      0.384    30.0688    22.3580 -9.990e-29
 148.846024      0.386  36.684715    14.1090    -1.5832      0.383    30.0656    22.3553 -9.990e-29
 148.846030      0.386  36.680646    14.1080    -1.5832      0.383    30.0626    22.3532 -9.990e-29
 148.846036      0.386  36.680056    14.1063    -1.5831      0.383    30.0634    22.3542 -9.990e-29
 148.846042      0.386  36.683832    14.1059    -1.5829      0.383    30.0672    22.3572 -9.990e-29
 148.846047      0.387  36.689720    14.1069    -1.5830      0.384    30.0717    22.3605 -9.990e-29
 148.846053      0.389  36.694925    14.1082    -1.5833      0.386    30.0755    22.3631 -9.990e-29
 148.846059      0.391  36.698538    14.1080    -1.5832      0.388    30.0789    22.3658 -9.990e-29
 148.846065      0.393  36.699212    14.1044    -1.5834      0.390    30.0823    22.3692 -9.990e-29
 148.846071      0.397  36.695038    14.0988    -1.5832      0.394    30.0829    22.3707 -9.990e-29
 148.846076      0.401  36.688840    14.0944    -1.5833      0.398    30.0807    22.3699 -9.990e-29
 148.846082      0.407  36.686344    14.0929    -1.5836      0.404    30.0796    22.3694 -9.990e-29
 148.846088      0.414  36.687571    14.0947    -1.5838      0.411    30.0793    22.3688 -9.990e-29
 148.846094      0.424  36.689671    14.0989    -1.5835      0.420    30.0779    22.3669 -9.990e-29
 148.846100      0.432  36.690394    14.1011    -1.5835      0.428    30.0769    22.3656 -9.990e-29
 148.846105      0.435  36.684539    14.0978    -1.5835      0.431    30.0741    22.3641 -9.990e-29
 148.846111      0.437  36.673810    14.0915    -1.5836      0.433    30.0692    22.3617 -9.990e-29
 148.846117      0.443  36.671330    14.0884    -1.5837      0.439    30.0694    22.3624 -9.990e-29
 148.846123      0.448  36.679382    14.0894    -1.5837      0.444    30.0760    22.3673 -9.990e-29
 148.846128      0.450  36.683497    14.0899    -1.5835      0.446    30.0793    22.3698 -9.990e-29
 148.846134      0.451  36.676833    14.0869    -1.5836      0.447    30.0756    22.3675 -9.990e-29
 148.846140      0.457  36.665616    14.0824    -1.5836      0.453    30.0689    22.3632 -9.990e-29
