data/oxygen options/ONMS/Olympic_Coast_National_Marine_Sanctuary_CTD_Data_2005_2023/raw_data/2019/CAST_CE015_190529faed.cnv
* Sea-Bird SBE19 Data File:
* FileName = C:\2019 Mooring Data\Casts\CAST_CE015_190529.hex
* Software Version 1.59
* Temperature SN = 2997
* Conductivity SN = 2997
* System UpLoad Time = May 29 2019 19:29:54
** CAST_CE015_190529
* ds
# nquan = 9                                 
# nvalues = 739                         
# units = specified
# name 0 = timeJ: Julian Days
# name 1 = prSM: Pressure, Strain Gauge [db]
# name 2 = c0mS/cm: Conductivity [mS/cm]
# name 3 = t090C: Temperature [ITS-90, deg C]
# name 4 = sbeox0ML/L: Oxygen, SBE 43 [ml/l]
# name 5 = depSM: Depth [salt water, m], lat = 47.5
# name 6 = sal00: Salinity, Practical [PSU]
# name 7 = sigma-é00: Density [sigma-theta, kg/m^3]
# name 8 = flag: flag
# span 0 = 149.806551, 149.810822       
# span 1 =     -5.081,     14.571       
# span 2 =   0.130451,  36.637371       
# span 3 =    11.2687,    13.7108       
# span 4 =    -1.9802,    12.4878       
# span 5 =     -5.039,     14.449       
# span 6 =     0.0817,    31.6473       
# span 7 =    -0.5537,    24.1190       
# span 8 = 0.0000e+00, 0.0000e+00       
# interval = seconds: 0.5
# start_time = May 29 2019 19:21:26 [Instrument's time stamp, header]
# bad_flag = -9.990e-29
*END*
[from data line 161]
 149.807483     -1.785   0.132077    12.4788    -1.9678     -1.770     0.0834    -0.4916 -9.990e-29
 149.807488     -1.779   0.132077    12.4943    -1.9673     -1.764     0.0833    -0.4935 -9.990e-29
 149.807494     -1.773   0.132078    12.5094    -1.9672     -1.758     0.0833    -0.4953 -9.990e-29
 149.807500     -1.768   0.132078    12.5234    -1.9669     -1.753     0.0833    -0.4971 -9.990e-29
 149.807506     -1.761   0.132078    12.5371    -1.9665     -1.746     0.0833    -0.4987 -9.990e-29
 149.807512     -1.754   0.132079    12.5521    -1.9663     -1.739     0.0832    -0.5006 -9.990e-29
 149.807517     -1.745   0.132079    12.5683    -1.9659     -1.730     0.0832    -0.5026 -9.990e-29
 149.807523     -1.735   0.132080    12.5845    -1.9653     -1.721     0.0832    -0.5046 -9.990e-29
 149.807529     -1.721   0.132080    12.5996    -1.9649     -1.707     0.0831    -0.5064 -9.990e-29
 149.807535     -1.705   0.132080    12.6128    -1.9644     -1.691     0.0831    -0.5080 -9.990e-29
 149.807541     -1.688   0.132081    12.6229    -1.9643     -1.674     0.0831    -0.5093 -9.990e-29
 149.807546     -1.674   0.132081    12.6304    -1.9642     -1.660     0.0831    -0.5102 -9.990e-29
 149.807552     -1.657   0.132081    12.6374    -1.9638     -1.643     0.0831    -0.5111 -9.990e-29
 149.807558     -1.638   0.132081    12.6449    -1.9636     -1.624     0.0831    -0.5120 -9.990e-29
 149.807564     -1.618   0.132080    12.6530    -1.9635     -1.605     0.0830    -0.5130 -9.990e-29
 149.807569     -1.597   0.132077    12.6622    -1.9634     -1.584     0.0830    -0.5142 -9.990e-29
 149.807575     -1.577   0.132065    12.6725    -1.9633     -1.564     0.0830    -0.5154 -9.990e-29
 149.807581     -1.562   0.132029    12.6825    -1.9640     -1.549     0.0830    -0.5167 -9.990e-29
 149.807587     -1.550   0.131920    12.6908    -1.9651     -1.537     0.0829    -0.5178 -9.990e-29
 149.807593     -1.541   0.131592    12.6968    -1.9661     -1.528     0.0827    -0.5187 -9.990e-29
 149.807598     -1.534   0.131161    12.7017    -1.9666     -1.521     0.0824    -0.5195 -9.990e-29
 149.807604     -1.529   0.131162    12.7066    -1.9668     -1.516     0.0824    -0.5201 -9.990e-29
 149.807610     -1.526   0.131593    12.7106    -1.9666     -1.513     0.0826    -0.5204 -9.990e-29
 149.807616     -1.523   0.131921    12.7130    -1.9662     -1.510     0.0828    -0.5206 -9.990e-29
 149.807622     -1.522   0.132029    12.7133    -1.9660     -1.509     0.0829    -0.5205 -9.990e-29
 149.807627     -1.522   0.132061    12.7087    -1.9655     -1.509     0.0829    -0.5200 -9.990e-29
 149.807633     -1.523   0.132061    12.6966    -1.9650     -1.510     0.0830    -0.5184 -9.990e-29
 149.807639     -1.521   0.132026    12.6796    -1.9649     -1.508     0.0830    -0.5163 -9.990e-29
 149.807645     -1.511   0.131909    12.6633    -1.9649     -1.498     0.0829    -0.5144 -9.990e-29
 149.807650     -1.497   0.131554    12.6520    -1.9653     -1.485     0.0827    -0.5132 -9.990e-29
 149.807656     -1.482   0.131042    12.6473    -1.9657     -1.470     0.0824    -0.5128 -9.990e-29
 149.807662     -1.467   0.130795    12.6487    -1.9658     -1.455     0.0823    -0.5131 -9.990e-29
 149.807668     -1.452   0.131037    12.6539    -1.9658     -1.440     0.0824    -0.5136 -9.990e-29
 149.807674     -1.443   0.131536    12.6609    -1.9657     -1.431     0.0827    -0.5143 -9.990e-29
 149.807679     -1.439   0.131851    12.6688    -1.9654     -1.427     0.0829    -0.5151 -9.990e-29
 149.807685     -1.439   0.131847    12.6759    -1.9655     -1.427     0.0829    -0.5160 -9.990e-29
 149.807691     -1.438   0.131520    12.6795    -1.9657     -1.426     0.0827    -0.5166 -9.990e-29
 149.807697     -1.434   0.130984    12.6786    -1.9661     -1.422     0.0823    -0.5167 -9.990e-29
 149.807703     -1.425   0.130633    12.6745    -1.9664     -1.413     0.0821    -0.5164 -9.990e-29
 149.807708     -1.410   0.130552    12.6696    -1.9663     -1.398     0.0821    -0.5158 -9.990e-29
 149.807714     -1.394   0.130633    12.6663    -1.9664     -1.382     0.0821    -0.5154 -9.990e-29
 149.807720     -1.380   0.130985    12.6656    -1.9665     -1.368     0.0823    -0.5151 -9.990e-29
 149.807726     -1.365   0.131521    12.6671    -1.9664     -1.354     0.0827    -0.5150 -9.990e-29
 149.807731     -1.351   0.131848    12.6690    -1.9661     -1.340     0.0829    -0.5151 -9.990e-29
 149.807737     -1.335   0.131848    12.6685    -1.9658     -1.324     0.0829    -0.5151 -9.990e-29
 149.807743     -1.321   0.131521    12.6647    -1.9656     -1.310     0.0827    -0.5147 -9.990e-29
 149.807749     -1.313   0.130982    12.6592    -1.9661     -1.302     0.0824    -0.5143 -9.990e-29
 149.807755     -1.309   0.130622    12.6548    -1.9663     -1.298     0.0821    -0.5139 -9.990e-29
 149.807760     -1.309   0.130513    12.6525    -1.9663     -1.298     0.0821    -0.5137 -9.990e-29
 149.807766     -1.311   0.130510    12.6512    -1.9664     -1.300     0.0821    -0.5136 -9.990e-29
 149.807772     -1.308   0.130606    12.6508    -1.9664     -1.297     0.0821    -0.5135 -9.990e-29
 149.807778     -1.301   0.130930    12.6528    -1.9663     -1.290     0.0823    -0.5135 -9.990e-29
 149.807784     -1.290   0.131361    12.6572    -1.9665     -1.279     0.0826    -0.5139 -9.990e-29
 149.807789     -1.277   0.131365    12.6614    -1.9666     -1.266     0.0826    -0.5144 -9.990e-29
 149.807795     -1.267   0.130947    12.6623    -1.9666     -1.256     0.0823    -0.5147 -9.990e-29
 149.807801     -1.260   0.130656    12.6591    -1.9666     -1.249     0.0822    -0.5145 -9.990e-29
 149.807807     -1.253   0.130656    12.6551    -1.9663     -1.243     0.0822    -0.5140 -9.990e-29
 149.807813     -1.248   0.130949    12.6529    -1.9661     -1.238     0.0823    -0.5136 -9.990e-29
 149.807818     -1.243   0.131369    12.6519    -1.9660     -1.233     0.0826    -0.5132 -9.990e-29
 149.807824     -1.239   0.131370    12.6513    -1.9661     -1.229     0.0826    -0.5131 -9.990e-29
 149.807830     -1.235   0.130951    12.6506    -1.9662     -1.225     0.0823    -0.5133 -9.990e-29
 149.807836     -1.230   0.130663    12.6489    -1.9662     -1.220     0.0822    -0.5132 -9.990e-29
 149.807841     -1.226   0.130673    12.6472    -1.9658     -1.216     0.0822    -0.5130 -9.990e-29
 149.807847     -1.220   0.130993    12.6470    -1.9654     -1.210     0.0824    -0.5128 -9.990e-29
 149.807853     -1.213   0.131497    12.6489    -1.9651     -1.203     0.0827    -0.5128 -9.990e-29
 149.807859     -1.205   0.131749    12.6524    -1.9645     -1.195     0.0828    -0.5131 -9.990e-29
 149.807865     -1.195   0.131529    12.6559    -1.9641     -1.185     0.0827    -0.5136 -9.990e-29
 149.807870     -1.183   0.131098    12.6577    -1.9638     -1.173     0.0824    -0.5141 -9.990e-29
 149.807876     -1.167   0.130989    12.6579    -1.9635     -1.157     0.0824    -0.5142 -9.990e-29
 149.807882     -1.146   0.131057    12.6583    -1.9635     -1.136     0.0824    -0.5142 -9.990e-29
 149.807888     -1.124   0.130836    12.6610    -1.9632     -1.115     0.0823    -0.5146 -9.990e-29
 149.807894     -1.108   0.130587    12.6669    -1.9630     -1.099     0.0821    -0.5155 -9.990e-29
 149.807899     -1.097   0.130528    12.6748    -1.9633     -1.088     0.0820    -0.5165 -9.990e-29
 149.807905     -1.080   0.130582    12.6839    -1.9636     -1.071     0.0821    -0.5176 -9.990e-29
 149.807911     -1.058   0.130819    12.6935    -1.9639     -1.049     0.0822    -0.5187 -9.990e-29
 149.807917     -1.038   0.131001    12.7022    -1.9642     -1.029     0.0823    -0.5197 -9.990e-29
 149.807922     -1.022   0.130819    12.7094    -1.9650     -1.013     0.0822    -0.5206 -9.990e-29
 149.807928     -1.010   0.130582    12.7150    -1.9655     -1.002     0.0820    -0.5215 -9.990e-29
 149.807934     -1.000   0.130528    12.7192    -1.9656     -0.992     0.0820    -0.5220 -9.990e-29
 149.807940     -0.993   0.130583    12.7227    -1.9658     -0.985     0.0820    -0.5224 -9.990e-29
 149.807946     -0.987   0.130820    12.7237    -1.9660     -0.979     0.0821    -0.5224 -9.990e-29
 149.807951     -0.982   0.131002    12.7207    -1.9667     -0.974     0.0823    -0.5220 -9.990e-29
 149.807957     -0.978   0.130817    12.7150    -1.9671     -0.970     0.0822    -0.5213 -9.990e-29
 149.807963     -0.975   0.130571    12.7079    -1.9672     -0.967     0.0820    -0.5206 -9.990e-29
 149.807969     -0.972   0.130489    12.6986    -1.9673     -0.964     0.0820    -0.5195 -9.990e-29
 149.807975     -0.970   0.130462    12.6875    -1.9677     -0.962     0.0820    -0.5181 -9.990e-29
 149.807980     -0.968   0.130453    12.6776    -1.9679     -0.960     0.0820    -0.5169 -9.990e-29
 149.807986     -0.965   0.130451    12.6707    -1.9685     -0.957     0.0820    -0.5160 -9.990e-29
 149.807992     -0.963   0.130451    12.6648    -1.9686     -0.955     0.0820    -0.5153 -9.990e-29
 149.807998     -0.961   0.130451    12.6572    -1.9686     -0.953     0.0820    -0.5143 -9.990e-29
 149.808003     -0.958   0.130451    12.6481    -1.9684     -0.950     0.0820    -0.5132 -9.990e-29
 149.808009     -0.955   0.130452    12.6403    -1.9683     -0.947     0.0821    -0.5122 -9.990e-29
 149.808015     -0.951   0.130454    12.6349    -1.9681     -0.943     0.0821    -0.5116 -9.990e-29
 149.808021     -0.946   0.130457    12.6301    -1.9683     -0.938     0.0821    -0.5110 -9.990e-29
 149.808027     -0.939   0.130467    12.6242    -1.9682     -0.931     0.0821    -0.5102 -9.990e-29
 149.808032     -0.935   0.130495    12.6170    -1.9679     -0.927     0.0821    -0.5093 -9.990e-29
 149.808038     -0.938   0.130578    12.6099    -1.9677     -0.930     0.0822    -0.5084 -9.990e-29
 149.808044     -0.942   0.130826    12.6058    -1.9676     -0.934     0.0824    -0.5078 -9.990e-29
 149.808050     -0.946   0.131015    12.6053    -1.9677     -0.938     0.0825    -0.5076 -9.990e-29
 149.808056     -0.948   0.130843    12.6069    -1.9677     -0.940     0.0824    -0.5079 -9.990e-29
 149.808061     -0.949   0.130634    12.6091    -1.9678     -0.941     0.0822    -0.5083 -9.990e-29
 149.808067     -0.949   0.130662    12.6105    -1.9677     -0.941     0.0822    -0.5084 -9.990e-29
 149.808073     -0.947   0.130964    12.6113    -1.9675     -0.939     0.0824    -0.5084 -9.990e-29
 149.808079     -0.944   0.131387    12.6134    -1.9675     -0.936     0.0827    -0.5084 -9.990e-29
 149.808084     -0.940   0.131389    12.6170    -1.9673     -0.932     0.0827    -0.5089 -9.990e-29
 149.808090     -0.934   0.130971    12.6204    -1.9671     -0.926     0.0824    -0.5095 -9.990e-29
 149.808096     -0.926   0.130682    12.6223    -1.9669     -0.918     0.0822    -0.5099 -9.990e-29
 149.808102     -0.916   0.130692    12.6229    -1.9665     -0.908     0.0822    -0.5100 -9.990e-29
 149.808108     -0.902   0.131012    12.6230    -1.9661     -0.894     0.0824    -0.5098 -9.990e-29
 149.808113     -0.888   0.131513    12.6232    -1.9656     -0.881     0.0827    -0.5096 -9.990e-29
 149.808119     -0.878   0.131756    12.6245    -1.9650     -0.871     0.0829    -0.5096 -9.990e-29
 149.808125     -0.871   0.131510    12.6264    -1.9646     -0.864     0.0827    -0.5100 -9.990e-29
 149.808131     -0.866   0.131000    12.6288    -1.9642     -0.859     0.0824    -0.5105 -9.990e-29
 149.808137     -0.859   0.130654    12.6326    -1.9640     -0.852     0.0822    -0.5112 -9.990e-29
 149.808142     -0.845   0.130563    12.6378    -1.9636     -0.838     0.0821    -0.5119 -9.990e-29
 149.808148     -0.828   0.130606    12.6442    -1.9634     -0.821     0.0821    -0.5126 -9.990e-29
 149.808154     -0.810   0.130840    12.6524    -1.9632     -0.803     0.0823    -0.5135 -9.990e-29
 149.808160     -0.791   0.131022    12.6621    -1.9629     -0.784     0.0824    -0.5147 -9.990e-29
 149.808166     -0.774   0.130839    12.6726    -1.9626     -0.768     0.0822    -0.5160 -9.990e-29
 149.808171     -0.761   0.130602    12.6835    -1.9625     -0.755     0.0821    -0.5175 -9.990e-29
 149.808177     -0.752   0.130548    12.6936    -1.9624     -0.746     0.0820    -0.5188 -9.990e-29
 149.808183     -0.747   0.130603    12.7021    -1.9625     -0.741     0.0820    -0.5198 -9.990e-29
 149.808189     -0.745   0.130840    12.7091    -1.9624     -0.739     0.0822    -0.5206 -9.990e-29
 149.808194     -0.746   0.131022    12.7156    -1.9623     -0.740     0.0823    -0.5213 -9.990e-29
 149.808200     -0.745   0.130837    12.7219    -1.9621     -0.739     0.0822    -0.5222 -9.990e-29
 149.808206     -0.740   0.130591    12.7278    -1.9619     -0.734     0.0820    -0.5230 -9.990e-29
 149.808212     -0.732   0.130510    12.7334    -1.9614     -0.726     0.0819    -0.5238 -9.990e-29
 149.808218     -0.727   0.130483    12.7382    -1.9610     -0.721     0.0819    -0.5244 -9.990e-29
 149.808223     -0.723   0.130474    12.7412    -1.9606     -0.717     0.0819    -0.5248 -9.990e-29
 149.808229     -0.722   0.130472    12.7426    -1.9602     -0.716     0.0819    -0.5250 -9.990e-29
 149.808235     -0.721   0.130471    12.7435    -1.9597     -0.715     0.0819    -0.5251 -9.990e-29
 149.808241     -0.722   0.130471    12.7451    -1.9595     -0.716     0.0819    -0.5253 -9.990e-29
 149.808247     -0.725   0.130472    12.7479    -1.9596     -0.719     0.0819    -0.5256 -9.990e-29
 149.808252     -0.729   0.130472    12.7522    -1.9596     -0.723     0.0819    -0.5262 -9.990e-29
 149.808258     -0.731   0.130473    12.7588    -1.9594     -0.725     0.0819    -0.5270 -9.990e-29
 149.808264     -0.727   0.130473    12.7674    -1.9595     -0.721     0.0818    -0.5281 -9.990e-29
 149.808270     -0.720   0.130474    12.7766    -1.9598     -0.714     0.0818    -0.5292 -9.990e-29
 149.808275     -0.715   0.130474    12.7859    -1.9600     -0.709     0.0818    -0.5304 -9.990e-29
 149.808281     -0.710   0.130475    12.7951    -1.9599     -0.704     0.0818    -0.5315 -9.990e-29
 149.808287     -0.706   0.130475    12.8030    -1.9596     -0.700     0.0818    -0.5325 -9.990e-29
 149.808293     -0.703   0.130475    12.8076    -1.9595     -0.697     0.0818    -0.5331 -9.990e-29
 149.808299     -0.701   0.130476    12.8091    -1.9592     -0.695     0.0818    -0.5333 -9.990e-29
 149.808304     -0.698   0.130476    12.8097    -1.9591     -0.692     0.0818    -0.5334 -9.990e-29
 149.808310     -0.695   0.130477    12.8101    -1.9590     -0.689     0.0818    -0.5334 -9.990e-29
 149.808316     -0.693   0.130477    12.8086    -1.9588     -0.687     0.0818    -0.5332 -9.990e-29
 149.808322     -0.690   0.130478    12.8053    -1.9585     -0.684     0.0818    -0.5328 -9.990e-29
 149.808328     -0.686   0.130478    12.8032    -1.9582     -0.680     0.0818    -0.5326 -9.990e-29
 149.808333     -0.681   0.130479    12.8044    -1.9583     -0.675     0.0818    -0.5327 -9.990e-29
 149.808339     -0.676   0.130479    12.8079    -1.9581     -0.670     0.0818    -0.5331 -9.990e-29
 149.808345     -0.669   0.130480    12.8122    -1.9582     -0.663     0.0818    -0.5337 -9.990e-29
 149.808351     -0.660   0.130480    12.8167    -1.9580     -0.654     0.0818    -0.5343 -9.990e-29
 149.808356     -0.649   0.130481    12.8208    -1.9578     -0.644     0.0818    -0.5348 -9.990e-29
 149.808362     -0.639   0.130482    12.8248    -1.9580     -0.634     0.0818    -0.5353 -9.990e-29
 149.808368     -0.634   0.130483    12.8295    -1.9580     -0.629     0.0817    -0.5359 -9.990e-29
 149.808374     -0.629   0.130487    12.8346    -1.9576     -0.624     0.0817    -0.5365 -9.990e-29
 149.808380     -0.624   0.130496    12.8386    -1.9576     -0.619     0.0817    -0.5370 -9.990e-29
 149.808385     -0.623   0.130524    12.8409    -1.9571     -0.618     0.0818    -0.5373 -9.990e-29
 149.808391     -0.626   0.130607    12.8422    -1.9568     -0.621     0.0818    -0.5374 -9.990e-29
 149.808397     -0.632   0.130853    12.8434    -1.9566     -0.627     0.0819    -0.5374 -9.990e-29
