data/oxygen options/ONMS/Olympic_Coast_National_Marine_Sanctuary_CTD_Data_2005_2023/raw_data/2019/CAST_MB042_190527faedb.cnv
* Sea-Bird SBE19 Data File:
* FileName = C:\2019 Mooring Data\Casts\CAST_MB042_190527.hex
* Software Version 1.59
* Temperature SN = 2997
* Conductivity SN = 2997
* System UpLoad Time = May 27 2019 21:21:59
** CAST_MB042_190527
* ds
# nquan = 9
# nvalues = 40                          
# units = specified
# name 0 = timeJ: Julian Days
# name 1 = prSM: Pressure, Strain Gauge [db]
# name 2 = c0mS/cm: Conductivity [mS/cm]
# name 3 = t090C: Temperature [ITS-90, deg C]
# name 4 = sbeox0ML/L: Oxygen, SBE 43 [ml/l]
# name 5 = depSM: Depth [salt water, m], lat = 47.5
# name 6 = sal00: Salinity, Practical [PSU]
# name 7 = sigma-é00: Density [sigma-theta, kg/m^3]
# name 8 = flag: flag
# span 0 = 147.859407, 147.860343       
# span 1 =      2.000,     41.000       
# span 2 =  34.916280,  37.074059       
# span 3 =     7.8571,    12.9754       
# span 4 =     2.5091,     7.2664       
# span 5 =      1.983,     40.654       
# span 6 =    31.3354,    33.7333       
# span 7 =    23.5604,    26.3006       
# span 8 = 0.0000e+00, 0.0000e+00       
# interval = decibars: 1                
# start_time = May 27 2019 20:32:26 [Instrument's time stamp, header]
# bad_flag = -9.990e-29
*END*
 147.859407      2.000  37.074059    12.9754     7.2664      1.983    31.3354    23.5604 0.0000e+00
 147.859433      3.000  36.933481    12.7710     6.6344      2.975    31.3720    23.6281 0.0000e+00
 147.859455      4.000  36.674900    12.2681     6.3945      3.967    31.5468    23.8586 0.0000e+00
 147.859476      5.000  36.368056    11.7913     6.2251      4.958    31.6548    24.0307 0.0000e+00
 147.859500      6.000  36.186933    11.4501     5.7712      5.950    31.7701    24.1819 0.0000e+00
 147.859524      7.000  35.945202    10.9382     5.6346      6.941    31.9755    24.4319 0.0000e+00
 147.859554      8.000  35.739215    10.5606     5.5780      7.933    32.1012    24.5952 0.0000e+00
 147.859586      9.000  35.627516    10.3951     5.5548      8.925    32.1350    24.6497 0.0000e+00
 147.859615     10.000  35.584248    10.3304     5.4129      9.916    32.1484    24.6711 0.0000e+00
 147.859647     11.000  35.500211    10.1868     5.1148     10.908    32.1908    24.7282 0.0000e+00
 147.859680     12.000  35.371325     9.8991     4.7181     11.900    32.3167    24.8741 0.0000e+00
 147.859710     13.000  35.278036     9.6004     4.6232     12.891    32.4902    25.0584 0.0000e+00
 147.859741     14.000  35.253478     9.5302     4.5000     13.883    32.5281    25.0994 0.0000e+00
 147.859767     15.000  35.257258     9.4976     4.3900     14.875    32.5611    25.1304 0.0000e+00
 147.859791     16.000  35.283460     9.4737     4.2837     15.866    32.6093    25.1719 0.0000e+00
 147.859813     17.000  35.299150     9.4499     4.1785     16.857    32.6467    25.2049 0.0000e+00
 147.859835     18.000  35.303525     9.4030     4.0686     17.849    32.6935    25.2491 0.0000e+00
 147.859857     19.000  35.267687     9.3002     3.9090     18.841    32.7503    25.3099 0.0000e+00
 147.859878     20.000  35.238892     9.1881     3.7762     19.832    32.8231    25.3846 0.0000e+00
 147.859899     21.000  35.187911     9.0077     3.7509     20.824    32.9363    25.5015 0.0000e+00
 147.859924     22.000  35.170826     8.9324     3.7474     21.815    32.9879    25.5537 0.0000e+00
 147.859946     23.000  35.142769     8.8907     3.7263     22.807    32.9969    25.5672 0.0000e+00
 147.859968     24.000  35.132470     8.8670     3.5945     23.798    33.0077    25.5794 0.0000e+00
 147.859989     25.000  35.127867     8.8057     3.4422     24.790    33.0596    25.6295 0.0000e+00
 147.860010     26.000  35.130263     8.7378     3.1657     25.781    33.1252    25.6914 0.0000e+00
 147.860031     27.000  35.074320     8.5358     3.0077     26.773    33.2557    25.8245 0.0000e+00
 147.860051     28.000  35.023067     8.3820     2.9417     27.764    33.3464    25.9190 0.0000e+00
 147.860073     29.000  35.006124     8.2954     2.8390     28.756    33.4101    25.9820 0.0000e+00
 147.860096     30.000  34.986718     8.1915     2.7420     29.748    33.4881    26.0586 0.0000e+00
 147.860115     31.000  34.967485     8.1047     2.7082     30.739    33.5501    26.1202 0.0000e+00
 147.860135     32.000  34.958166     8.0447     2.6721     31.731    33.5972    26.1661 0.0000e+00
 147.860157     33.000  34.950073     7.9903     2.6472     32.722    33.6404    26.2080 0.0000e+00
 147.860179     34.000  34.929891     7.9377     2.6484     33.713    33.6689    26.2381 0.0000e+00
 147.860200     35.000  34.924999     7.9182     2.6166     34.705    33.6819    26.2513 0.0000e+00
 147.860222     36.000  34.925041     7.9005     2.5794     35.696    33.6986    26.2669 0.0000e+00
 147.860244     37.000  34.919066     7.8709     2.5787     36.688    33.7203    26.2883 0.0000e+00
 147.860267     38.000  34.918293     7.8657     2.5661     37.680    33.7240    26.2920 0.0000e+00
 147.860289     39.000  34.916280     7.8627     2.5557     38.671    33.7243    26.2926 0.0000e+00
 147.860313     40.000  34.920520     7.8641     2.5476     39.662    33.7270    26.2946 0.0000e+00
 147.860343     41.000  34.920501     7.8571     2.5091     40.654    33.7333    26.3006 0.0000e+00
