data/oxygen options/ONMS/Olympic_Coast_National_Marine_Sanctuary_CTD_Data_2005_2023/raw_data/2019/CAST_KL027_190528faedb.cnv
* Sea-Bird SBE19 Data File:
* FileName = C:\2019 Mooring Data\Casts\CAST_KL027_190528.hex
* Software Version 1.59
* Temperature SN = 2997
* Conductivity SN = 2997
* System UpLoad Time = May 28 2019 18:05:03
** CAST_KL027_190528
* ds
# nquan = 9
# nvalues = 27                          
# units = specified
# name 0 = timeJ: Julian Days
# name 1 = prSM: Pressure, Strain Gauge [db]
# name 2 = c0mS/cm: Conductivity [mS/cm]
# name 3 = t090C: Temperature [ITS-90, deg C]
# name 4 = sbeox0ML/L: Oxygen, SBE 43 [ml/l]
# name 5 = depSM: Depth [salt water, m], lat = 47.5
# name 6 = sal00: Salinity, Practical [PSU]
# name 7 = sigma-é00: Density [sigma-theta, kg/m^3]
# name 8 = flag: flag
# span 0 = 148.728244, 148.728672       
# span 1 =      2.000,     28.000       
# span 2 =  35.179445,  36.761879       
# span 3 =     9.2716,    13.6258       
# span 4 =     3.0879,     6.4193       
# span 5 =      1.983,     27.764       
# span 6 =    29.0617,    32.7610       
# span 7 =    21.6771,    25.3223       
# span 8 = 0.0000e+00, 0.0000e+00       
# interval = decibars: 1                
# start_time = May 28 2019 17:22:57 [Instrument's time stamp, header]
# bad_flag = -9.990e-29
*END*
 148.728244      2.000  35.179445    13.6258     6.3327      1.983    29.0617    21.6771 0.0000e+00
 148.728267      3.000  35.264791    13.5274     6.3250      2.975    29.2145    21.8143 0.0000e+00
 148.728281      4.000  35.338796    13.4504     6.3034      3.967    29.3412    21.9271 0.0000e+00
 148.728295      5.000  35.419237    13.3596     6.3098      4.959    29.4851    22.0559 0.0000e+00
 148.728307      6.000  35.634947    13.1909     6.2854      5.950    29.8160    22.3441 0.0000e+00
 148.728319      7.000  36.061260    12.9221     6.2911      6.941    30.4267    22.8679 0.0000e+00
 148.728331      8.000  36.316734    12.6659     6.3627      7.933    30.8743    23.2630 0.0000e+00
 148.728342      9.000  36.510984    12.4474     6.4193      8.925    31.2382    23.5862 0.0000e+00
 148.728354     10.000  36.672361    12.3039     6.4163      9.917    31.5116    23.8250 0.0000e+00
 148.728366     11.000  36.761879    12.1388     6.3931     10.908    31.7363    24.0300 0.0000e+00
 148.728380     12.000  36.707182    11.9453     6.3081     11.899    31.8482    24.1526 0.0000e+00
 148.728393     13.000  36.633979    11.7996     6.1303     12.891    31.9017    24.2210 0.0000e+00
 148.728407     14.000  36.557117    11.6570     5.9594     13.883    31.9493    24.2840 0.0000e+00
 148.728419     15.000  36.456080    11.4632     5.7836     14.874    32.0178    24.3723 0.0000e+00
 148.728432     16.000  36.306807    11.2398     5.4507     15.866    32.0652    24.4490 0.0000e+00
 148.728445     17.000  36.176049    11.0488     4.9420     16.857    32.1027    24.5119 0.0000e+00
 148.728458     18.000  36.056596    10.7769     4.3936     17.849    32.2224    24.6525 0.0000e+00
 148.728472     19.000  35.895947    10.4661     3.7262     18.841    32.3367    24.7950 0.0000e+00
 148.728486     20.000  35.743588    10.1769     3.2181     19.832    32.4411    24.9253 0.0000e+00
 148.728501     21.000  35.514077     9.8009     3.0879     20.824    32.5463    25.0696 0.0000e+00
 148.728518     22.000  35.324880     9.4331     3.1390     21.815    32.6863    25.2387 0.0000e+00
 148.728538     23.000  35.281900     9.3316     3.1886     22.807    32.7344    25.2925 0.0000e+00
 148.728561     24.000  35.282535     9.3179     3.2113     23.798    32.7471    25.3047 0.0000e+00
 148.728586     25.000  35.272048     9.2994     3.2136     24.790    32.7529    25.3121 0.0000e+00
 148.728612     26.000  35.266355     9.2842     3.2124     25.781    32.7604    25.3204 0.0000e+00
 148.728640     27.000  35.259605     9.2755     3.1987     26.773    32.7610    25.3223 0.0000e+00
 148.728672     28.000  35.249619     9.2716     3.1866     27.764    32.7538    25.3174 0.0000e+00
