data/oxygen options/ONMS/Olympic_Coast_National_Marine_Sanctuary_CTD_Data_2005_2023/raw_data/2019/CAST_MB042_190527faed.cnv
* Sea-Bird SBE19 Data File:
* FileName = C:\2019 Mooring Data\Casts\CAST_MB042_190527.hex
* Software Version 1.59
* Temperature SN = 2997
* Conductivity SN = 2997
* System UpLoad Time = May 27 2019 21:21:59
** CAST_MB042_190527
* ds
# nquan = 9                                 
# nvalues = 965                         
# units = specified
# name 0 = timeJ: Julian Days
# name 1 = prSM: Pressure, Strain Gauge [db]
# name 2 = c0mS/cm: Conductivity [mS/cm]
# name 3 = t090C: Temperature [ITS-90, deg C]
# name 4 = sbeox0ML/L: Oxygen, SBE 43 [ml/l]
# name 5 = depSM: Depth [salt water, m], lat = 47.5
# name 6 = sal00: Salinity, Practical [PSU]
# name 7 = sigma-é00: Density [sigma-theta, kg/m^3]
# name 8 = flag: flag
# span 0 = 147.855856, 147.861435       
# span 1 =     -5.319,     41.725       
# span 2 =   0.110690, 248.801734       
# span 3 =     7.8553,    41.6455       
# span 4 =    -1.9381,    59.1750       
# span 5 =     -5.275,     41.373       
# span 6 =     0.0687,    56.3817       
# span 7 =    -0.7036,    33.1914       
# span 8 = 0.0000e+00, 0.0000e+00       
# interval = seconds: 0.5
# start_time = May 27 2019 20:32:26 [Instrument's time stamp, header]
# bad_flag = -9.990e-29
*END*
 147.855856     -5.313 -9.990e-29    13.8509    -1.9154     -5.269 -9.990e-29 -9.990e-29 -9.990e-29
 147.855862     -5.319   0.130199    13.8478    -1.9155     -5.275     0.0798    -0.6709 -9.990e-29
 147.855868     -5.318   0.130199    13.8465    -1.9158     -5.274     0.0798    -0.6707 -9.990e-29
 147.855874     -5.311   0.130199    13.8448    -1.9162     -5.267     0.0799    -0.6705 -9.990e-29
 147.855880     -5.298   0.130199    13.8414    -1.9166     -5.254     0.0799    -0.6700 -9.990e-29
 147.855885     -5.282   0.130199    13.8358    -1.9163     -5.238     0.0799    -0.6692 -9.990e-29
 147.855891     -5.266   0.130199    13.8293    -1.9161     -5.222     0.0799    -0.6683 -9.990e-29
 147.855897     -5.250   0.130199    13.8251    -1.9158     -5.206     0.0799    -0.6677 -9.990e-29
 147.855903     -5.231   0.130198    13.8232    -1.9156     -5.187     0.0799    -0.6675 -9.990e-29
 147.855909     -5.209   0.130194    13.8211    -1.9154     -5.166     0.0799    -0.6672 -9.990e-29
 147.855914     -5.183   0.130181    13.8177    -1.9155     -5.140     0.0799    -0.6667 -9.990e-29
 147.855920     -5.151   0.130142    13.8125    -1.9155     -5.108     0.0799    -0.6660 -9.990e-29
 147.855926     -5.115   0.130023    13.8064    -1.9154     -5.072     0.0798    -0.6652 -9.990e-29
 147.855932     -5.082   0.129666    13.8027    -1.9152     -5.040     0.0796    -0.6649 -9.990e-29
 147.855938     -5.053   0.129149    13.8037    -1.9151     -5.011     0.0793    -0.6653 -9.990e-29
 147.855943     -5.027   0.128890    13.8078    -1.9146     -4.985     0.0791    -0.6660 -9.990e-29
 147.855949     -5.002   0.129095    13.8130    -1.9146     -4.960     0.0792    -0.6666 -9.990e-29
 147.855955     -4.972   0.129485    13.8178    -1.9143     -4.931     0.0795    -0.6671 -9.990e-29
 147.855961     -4.936   0.129471    13.8210    -1.9140     -4.895     0.0795    -0.6675 -9.990e-29
 147.855966     -4.899   0.129036    13.8226    -1.9139     -4.858     0.0792    -0.6679 -9.990e-29
 147.855972     -4.864   0.128705    13.8240    -1.9139     -4.823     0.0790    -0.6683 -9.990e-29
 147.855978     -4.828   0.128591    13.8267    -1.9140     -4.788     0.0789    -0.6687 -9.990e-29
 147.855984     -4.789   0.128543    13.8310    -1.9141     -4.749     0.0789    -0.6693 -9.990e-29
 147.855990     -4.749   0.128494    13.8364    -1.9139     -4.709     0.0788    -0.6701 -9.990e-29
 147.855995     -4.709   0.128379    13.8423    -1.9136     -4.670     0.0788    -0.6710 -9.990e-29
 147.856001     -4.672   0.128045    13.8475    -1.9138     -4.633     0.0786    -0.6718 -9.990e-29
 147.856007     -4.643   0.127599    13.8524    -1.9139     -4.604     0.0783    -0.6727 -9.990e-29
 147.856013     -4.621   0.127553    13.8572    -1.9137     -4.582     0.0782    -0.6734 -9.990e-29
 147.856019     -4.596   0.127848    13.8607    -1.9136     -4.558     0.0784    -0.6738 -9.990e-29
 147.856024     -4.566   0.127766    13.8619    -1.9132     -4.528     0.0784    -0.6740 -9.990e-29
 147.856030     -4.537   0.127199    13.8614    -1.9132     -4.499     0.0780    -0.6742 -9.990e-29
 147.856036     -4.513   0.126497    13.8615    -1.9132     -4.475     0.0776    -0.6745 -9.990e-29
 147.856042     -4.492   0.125832    13.8636    -1.9132     -4.455     0.0772    -0.6751 -9.990e-29
 147.856047     -4.472   0.125427    13.8657    -1.9130     -4.435     0.0770    -0.6756 -9.990e-29
 147.856053     -4.452   0.125292    13.8659    -1.9128     -4.415     0.0769    -0.6757 -9.990e-29
 147.856059     -4.431   0.125247    13.8664    -1.9129     -4.394     0.0768    -0.6758 -9.990e-29
 147.856065     -4.407   0.125232    13.8693    -1.9131     -4.370     0.0768    -0.6762 -9.990e-29
 147.856071     -4.380   0.125227    13.8738    -1.9131     -4.343     0.0768    -0.6768 -9.990e-29
 147.856076     -4.351   0.125224    13.8785    -1.9123     -4.315     0.0768    -0.6775 -9.990e-29
 147.856082     -4.323   0.125219    13.8815    -1.9121     -4.287     0.0768    -0.6779 -9.990e-29
 147.856088     -4.294   0.125206    13.8828    -1.9123     -4.258     0.0768    -0.6781 -9.990e-29
 147.856094     -4.266   0.125165    13.8840    -1.9127     -4.230     0.0768    -0.6782 -9.990e-29
 147.856100     -4.243   0.125042    13.8864    -1.9135     -4.208     0.0767    -0.6786 -9.990e-29
 147.856105     -4.223   0.124673    13.8886    -1.9138     -4.188     0.0765    -0.6791 -9.990e-29
 147.856111     -4.204   0.124119    13.8891    -1.9138     -4.169     0.0761    -0.6794 -9.990e-29
 147.856117     -4.185   0.123750    13.8891    -1.9132     -4.150     0.0759    -0.6796 -9.990e-29
 147.856123     -4.165   0.123626    13.8923    -1.9128     -4.130     0.0758    -0.6801 -9.990e-29
 147.856128     -4.143   0.123581    13.8986    -1.9125     -4.108     0.0758    -0.6810 -9.990e-29
 147.856134     -4.117   0.123554    13.9023    -1.9122     -4.083     0.0758    -0.6815 -9.990e-29
 147.856140     -4.086   0.123510    13.8998    -1.9121     -4.052     0.0758    -0.6812 -9.990e-29
 147.856146     -4.052   0.123388    13.8922    -1.9117     -4.018     0.0757    -0.6802 -9.990e-29
 147.856152     -4.021   0.123028    13.8826    -1.9112     -3.987     0.0755    -0.6790 -9.990e-29
 147.856157     -3.996   0.122502    13.8763    -1.9109     -3.963     0.0752    -0.6784 -9.990e-29
 147.856163     -3.975   0.122215    13.8770    -1.9104     -3.942     0.0750    -0.6786 -9.990e-29
 147.856169     -3.957   0.122338    13.8838    -1.9099     -3.924     0.0751    -0.6795 -9.990e-29
 147.856175     -3.940   0.122481    13.8926    -1.9092     -3.907     0.0752    -0.6807 -9.990e-29
 147.856181     -3.924   0.122282    13.9005    -1.9086     -3.891     0.0750    -0.6819 -9.990e-29
 147.856186     -3.908   0.122027    13.9071    -1.9079     -3.875     0.0749    -0.6829 -9.990e-29
 147.856192     -3.890   0.121930    13.9137    -1.9077     -3.858     0.0748    -0.6839 -9.990e-29
 147.856198     -3.870   0.121862    13.9221    -1.9079     -3.838     0.0747    -0.6851 -9.990e-29
 147.856204     -3.846   0.121730    13.9323    -1.9081     -3.814     0.0746    -0.6866 -9.990e-29
 147.856209     -3.816   0.121357    13.9433    -1.9078     -3.784     0.0744    -0.6883 -9.990e-29
 147.856215     -3.783   0.120801    13.9551    -1.9075     -3.751     0.0741    -0.6902 -9.990e-29
 147.856221     -3.754   0.120428    13.9682    -1.9079     -3.723     0.0738    -0.6922 -9.990e-29
 147.856227     -3.730   0.120293    13.9822    -1.9082     -3.699     0.0737    -0.6942 -9.990e-29
 147.856233     -3.711   0.120216    13.9959    -1.9081     -3.680     0.0736    -0.6962 -9.990e-29
 147.856238     -3.695   0.120093    14.0072    -1.9079     -3.664     0.0736    -0.6978 -9.990e-29
 147.856244     -3.681   0.119760    14.0131    -1.9077     -3.650     0.0733    -0.6988 -9.990e-29
 147.856250     -3.668   0.119327    14.0141    -1.9075     -3.637     0.0731    -0.6991 -9.990e-29
 147.856256     -3.656   0.119323    14.0146    -1.9070     -3.626     0.0731    -0.6992 -9.990e-29
 147.856262     -3.643   0.119741    14.0168    -1.9068     -3.613     0.0733    -0.6993 -9.990e-29
 147.856267     -3.630   0.120033    14.0177    -1.9069     -3.600     0.0735    -0.6993 -9.990e-29
 147.856273     -3.614   0.120033    14.0150    -1.9066     -3.584     0.0735    -0.6989 -9.990e-29
 147.856279     -3.595   0.119741    14.0124    -1.9064     -3.565     0.0733    -0.6987 -9.990e-29
 147.856285     -3.572   0.119322    14.0134    -1.9068     -3.542     0.0731    -0.6990 -9.990e-29
 147.856291     -3.543   0.119322    14.0171    -1.9071     -3.513     0.0731    -0.6995 -9.990e-29
 147.856296     -3.510   0.119742    14.0220    -1.9075     -3.481     0.0733    -0.7000 -9.990e-29
 147.856302     -3.481   0.120034    14.0283    -1.9085     -3.452     0.0735    -0.7008 -9.990e-29
 147.856308     -3.458   0.120034    14.0351    -1.9096     -3.429     0.0735    -0.7017 -9.990e-29
 147.856314     -3.438   0.119741    14.0401    -1.9105     -3.409     0.0733    -0.7026 -9.990e-29
 147.856319     -3.422   0.119318    14.0432    -1.9110     -3.393     0.0730    -0.7032 -9.990e-29
 147.856325     -3.407   0.119309    14.0457    -1.9117     -3.379     0.0730    -0.7036 -9.990e-29
 147.856331     -3.393   0.119701    14.0459    -1.9122     -3.365     0.0733    -0.7034 -9.990e-29
 147.856337     -3.375   0.119907    14.0415    -1.9125     -3.347     0.0734    -0.7027 -9.990e-29
 147.856343     -3.352   0.119648    14.0327    -1.9129     -3.324     0.0733    -0.7016 -9.990e-29
 147.856348     -3.330   0.119131    14.0191    -1.9131     -3.302     0.0730    -0.6999 -9.990e-29
 147.856354     -3.308   0.118774    14.0001    -1.9127     -3.280     0.0728    -0.6974 -9.990e-29
 147.856360     -3.281   0.118655    13.9788    -1.9124     -3.254     0.0727    -0.6945 -9.990e-29
 147.856366     -3.251   0.118616    13.9594    -1.9125     -3.224     0.0727    -0.6918 -9.990e-29
 147.856372     -3.225   0.118603    13.9431    -1.9124     -3.198     0.0728    -0.6895 -9.990e-29
 147.856377     -3.206   0.118599    13.9288    -1.9123     -3.179     0.0728    -0.6875 -9.990e-29
 147.856383     -3.192   0.118597    13.9166    -1.9124     -3.165     0.0728    -0.6858 -9.990e-29
 147.856389     -3.182   0.118597    13.9070    -1.9124     -3.155     0.0728    -0.6845 -9.990e-29
 147.856395     -3.172   0.118597    13.9006    -1.9123     -3.146     0.0728    -0.6836 -9.990e-29
 147.856400     -3.156   0.118598    13.8989    -1.9124     -3.130     0.0728    -0.6834 -9.990e-29
 147.856406     -3.138   0.118598    13.9019    -1.9127     -3.112     0.0728    -0.6838 -9.990e-29
 147.856412     -3.121   0.118597    13.9057    -1.9129     -3.095     0.0728    -0.6843 -9.990e-29
 147.856418     -3.104   0.118596    13.9079    -1.9129     -3.078     0.0728    -0.6846 -9.990e-29
 147.856424     -3.086   0.118592    13.9092    -1.9129     -3.060     0.0728    -0.6848 -9.990e-29
 147.856429     -3.065   0.118579    13.9100    -1.9129     -3.039     0.0728    -0.6849 -9.990e-29
 147.856435     -3.041   0.118538    13.9102    -1.9130     -3.016     0.0728    -0.6850 -9.990e-29
 147.856441     -3.011   0.118415    13.9103    -1.9132     -2.986     0.0727    -0.6850 -9.990e-29
 147.856447     -2.978   0.118046    13.9100    -1.9131     -2.953     0.0725    -0.6852 -9.990e-29
 147.856453     -2.949   0.117493    13.9080    -1.9134     -2.924     0.0722    -0.6851 -9.990e-29
 147.856458     -2.927   0.117124    13.9044    -1.9139     -2.903     0.0719    -0.6848 -9.990e-29
 147.856464     -2.909   0.117001    13.9012    -1.9148     -2.885     0.0719    -0.6844 -9.990e-29
 147.856470     -2.894   0.116960    13.8995    -1.9153     -2.870     0.0718    -0.6842 -9.990e-29
 147.856476     -2.882   0.116946    13.8988    -1.9151     -2.858     0.0718    -0.6841 -9.990e-29
 147.856481     -2.871   0.116938    13.8978    -1.9150     -2.847     0.0718    -0.6840 -9.990e-29
 147.856487     -2.862   0.116928    13.8956    -1.9160     -2.838     0.0718    -0.6837 -9.990e-29
 147.856493     -2.853   0.116900    13.8925    -1.9165     -2.829     0.0718    -0.6833 -9.990e-29
 147.856499     -2.844   0.116817    13.8886    -1.9169     -2.820     0.0718    -0.6828 -9.990e-29
 147.856505     -2.834   0.116566    13.8817    -1.9172     -2.810     0.0716    -0.6819 -9.990e-29
 147.856510     -2.824   0.116369    13.8705    -1.9173     -2.800     0.0715    -0.6804 -9.990e-29
 147.856516     -2.811   0.116514    13.8578    -1.9172     -2.788     0.0716    -0.6786 -9.990e-29
 147.856522     -2.796   0.116642    13.8488    -1.9171     -2.773     0.0717    -0.6773 -9.990e-29
 147.856528     -2.776   0.116367    13.8445    -1.9170     -2.753     0.0716    -0.6768 -9.990e-29
 147.856534     -2.752   0.115878    13.8384    -1.9173     -2.729     0.0713    -0.6762 -9.990e-29
 147.856539     -2.726   0.115628    13.8270    -1.9174     -2.703     0.0712    -0.6748 -9.990e-29
 147.856545     -2.704   0.115837    13.8151    -1.9178     -2.681     0.0713    -0.6730 -9.990e-29
 147.856551     -2.686   0.116230    13.8065    -1.9184     -2.664     0.0715    -0.6717 -9.990e-29
 147.856557     -2.665   0.116223    13.8009    -1.9191     -2.643     0.0715    -0.6709 -9.990e-29
 147.856563     -2.646   0.115806    13.7983    -1.9195     -2.624     0.0713    -0.6707 -9.990e-29
 147.856568     -2.630   0.115532    13.7982    -1.9194     -2.608     0.0711    -0.6708 -9.990e-29
 147.856574     -2.617   0.115586    13.7987    -1.9191     -2.595     0.0712    -0.6709 -9.990e-29
 147.856580     -2.607   0.115857    13.7978    -1.9188     -2.585     0.0713    -0.6706 -9.990e-29
 147.856586     -2.598   0.116153    13.7943    -1.9184     -2.576     0.0715    -0.6700 -9.990e-29
 147.856591     -2.589   0.116129    13.7883    -1.9181     -2.567     0.0715    -0.6692 -9.990e-29
 147.856597     -2.581   0.115752    13.7792    -1.9176     -2.559     0.0713    -0.6681 -9.990e-29
 147.856603     -2.573   0.115442    13.7673    -1.9174     -2.552     0.0711    -0.6666 -9.990e-29
 147.856609     -2.564   0.115339    13.7557    -1.9172     -2.543     0.0711    -0.6651 -9.990e-29
 147.856615     -2.554   0.115305    13.7489    -1.9174     -2.533     0.0711    -0.6642 -9.990e-29
 147.856620     -2.542   0.115293    13.7488    -1.9174     -2.521     0.0711    -0.6642 -9.990e-29
 147.856626     -2.527   0.115289    13.7535    -1.9175     -2.506     0.0711    -0.6648 -9.990e-29
 147.856632     -2.509   0.115285    13.7604    -1.9174     -2.488     0.0710    -0.6658 -9.990e-29
 147.856638     -2.486   0.115275    13.7685    -1.9172     -2.465     0.0710    -0.6669 -9.990e-29
 147.856644     -2.461   0.115248    13.7770    -1.9170     -2.440     0.0710    -0.6681 -9.990e-29
 147.856649     -2.440   0.115166    13.7848    -1.9165     -2.420     0.0709    -0.6692 -9.990e-29
 147.856655     -2.424   0.114919    13.7910    -1.9161     -2.404     0.0708    -0.6701 -9.990e-29
 147.856661     -2.406   0.114731    13.7943    -1.9158     -2.386     0.0707    -0.6707 -9.990e-29
 147.856667     -2.390   0.114902    13.7946    -1.9156     -2.370     0.0708    -0.6706 -9.990e-29
 147.856672     -2.378   0.115107    13.7938    -1.9156     -2.358     0.0709    -0.6704 -9.990e-29
 147.856678     -2.370   0.115067    13.7937    -1.9156     -2.350     0.0709    -0.6704 -9.990e-29
 147.856684     -2.366   0.114729    13.7956    -1.9157     -2.346     0.0707    -0.6709 -9.990e-29
 147.856690     -2.360   0.114194    13.8001    -1.9155     -2.340     0.0703    -0.6717 -9.990e-29
 147.856696     -2.349   0.113856    13.8070    -1.9152     -2.329     0.0701    -0.6728 -9.990e-29
 147.856701     -2.336   0.113817    13.8154    -1.9151     -2.317     0.0701    -0.6740 -9.990e-29
 147.856707     -2.325   0.114023    13.8237    -1.9151     -2.306     0.0702    -0.6751 -9.990e-29
 147.856713     -2.313   0.114195    13.8301    -1.9156     -2.294     0.0703    -0.6759 -9.990e-29
 147.856719     -2.302   0.114009    13.8339    -1.9170     -2.283     0.0702    -0.6765 -9.990e-29
 147.856725     -2.290   0.113771    13.8357    -1.9180     -2.271     0.0700    -0.6768 -9.990e-29
 147.856730     -2.277   0.113716    13.8366    -1.9191     -2.258     0.0700    -0.6770 -9.990e-29
 147.856736     -2.261   0.113771    13.8380    -1.9204     -2.242     0.0700    -0.6771 -9.990e-29
 147.856742     -2.241   0.114009    13.8411    -1.9217     -2.222     0.0702    -0.6775 -9.990e-29
 147.856748     -2.217   0.114192    13.8445    -1.9228     -2.199     0.0703    -0.6779 -9.990e-29
 147.856753     -2.191   0.114010    13.8450    -1.9234     -2.173     0.0702    -0.6780 -9.990e-29
 147.856759     -2.170   0.113773    13.8399    -1.9234     -2.152     0.0700    -0.6774 -9.990e-29
 147.856765     -2.152   0.113719    13.8263    -1.9232     -2.134     0.0700    -0.6756 -9.990e-29
 147.856771     -2.133   0.113774    13.8044    -1.9231     -2.115     0.0701    -0.6725 -9.990e-29
 147.856777     -2.115   0.114013    13.7789    -1.9229     -2.097     0.0703    -0.6689 -9.990e-29
