data/oxygen options/ONMS/Olympic_Coast_National_Marine_Sanctuary_CTD_Data_2005_2023/raw_data/2019/CAST_CA042_191002faed.cnv
* Sea-Bird SBE 19 Data File:
* FileName = C:\2019 Mooring Data\Casts\CAST_CA042_191002.hex
* Software Version SeatermAF 2.1.2
* Temperature SN = 2997
* Conductivity SN = 2997
* System UpLoad Time = Oct 02 2019 20:15:13 (localtime) = Oct 02 2019 20:15:13 (UTC)
** CAST_CA042_191002
* ds
# nquan = 9                                 
# nvalues = 1053                        
# units = specified
# name 0 = timeJ: Julian Days
# name 1 = prSM: Pressure, Strain Gauge [db]
# name 2 = c0mS/cm: Conductivity [mS/cm]
# name 3 = t090C: Temperature [ITS-90, deg C]
# name 4 = sbeox0ML/L: Oxygen, SBE 43 [ml/l]
# name 5 = depSM: Depth [salt water, m], lat = 47.5
# name 6 = sal00: Salinity, Practical [PSU]
# name 7 = sigma-é00: Density [sigma-theta, kg/m^3]
# name 8 = flag: flag
# span 0 = 275.792245, 275.798333       
# span 1 =     -4.696,     42.608       
# span 2 =   0.422840,  37.027963       
# span 3 =     8.8872,    12.9807       
# span 4 =    -1.9706,    12.2484       
# span 5 =     -4.657,     42.248       
# span 6 =     0.2686,    33.2454       
# span 7 =    -0.3862,    25.7614       
# span 8 = 0.0000e+00, 0.0000e+00       
# interval = seconds: 0.5
# start_time = Oct 02 2019 19:00:50 [Instrument's time stamp, header]
# bad_flag = -9.990e-29
*END*
[from data line 641]
 275.795955      1.429  36.808567    11.7055     6.1458      1.417    32.1570    24.4361 -9.990e-29
 275.795961      1.432  36.805304    11.7019     6.1551      1.420    32.1569    24.4367 -9.990e-29
 275.795966      1.441  36.798664    11.6965     6.1684      1.429    32.1551    24.4363 -9.990e-29
 275.795972      1.449  36.792103    11.6917     6.1699      1.437    32.1529    24.4355 -9.990e-29
 275.795978      1.448  36.789178    11.6900     6.1622      1.436    32.1516    24.4347 -9.990e-29
 275.795984      1.442  36.791015    11.6918     6.1433      1.430    32.1518    24.4346 -9.990e-29
 275.795990      1.435  36.795009    11.6942     6.1379      1.423    32.1536    24.4355 -9.990e-29
 275.795995      1.430  36.796956    11.6942     6.1328      1.418    32.1555    24.4370 -9.990e-29
 275.796001      1.433  36.797761    11.6919     6.1437      1.421    32.1583    24.4396 -9.990e-29
 275.796007      1.438  36.796805    11.6894     6.1442      1.426    32.1595    24.4410 -9.990e-29
 275.796013      1.442  36.792241    11.6888     6.1438      1.430    32.1556    24.4380 -9.990e-29
 275.796019      1.445  36.789731    11.6898     6.1382      1.433    32.1523    24.4353 -9.990e-29
 275.796024      1.447  36.791515    11.6899     6.1284      1.435    32.1539    24.4366 -9.990e-29
 275.796030      1.448  36.793240    11.6882     6.1368      1.436    32.1571    24.4393 -9.990e-29
 275.796036      1.449  36.792714    11.6859     6.1397      1.437    32.1585    24.4409 -9.990e-29
 275.796042      1.449  36.790904    11.6842     6.1378      1.437    32.1583    24.4410 -9.990e-29
 275.796047      1.449  36.788746    11.6831     6.1377      1.437    32.1571    24.4403 -9.990e-29
 275.796053      1.448  36.786707    11.6826     6.1214      1.436    32.1556    24.4392 -9.990e-29
 275.796059      1.447  36.786537    11.6832     6.1195      1.435    32.1549    24.4385 -9.990e-29
 275.796065      1.444  36.788558    11.6848     6.1289      1.432    32.1555    24.4387 -9.990e-29
 275.796071      1.441  36.790970    11.6866     6.1399      1.429    32.1562    24.4390 -9.990e-29
 275.796076      1.437  36.792499    11.6875     6.1469      1.425    32.1570    24.4394 -9.990e-29
 275.796082      1.436  36.792932    11.6876     6.1526      1.424    32.1573    24.4396 -9.990e-29
 275.796088      1.442  36.792835    11.6872     6.1492      1.430    32.1575    24.4399 -9.990e-29
 275.796094      1.451  36.792626    11.6869     6.1598      1.439    32.1576    24.4400 -9.990e-29
 275.796100      1.459  36.791455    11.6869     6.1544      1.447    32.1564    24.4391 -9.990e-29
 275.796105      1.468  36.789429    11.6874     6.1500      1.456    32.1540    24.4371 -9.990e-29
 275.796111      1.473  36.788872    11.6885     6.1472      1.461    32.1525    24.4358 -9.990e-29
 275.796117      1.471  36.790711    11.6899     6.1434      1.459    32.1531    24.4359 -9.990e-29
 275.796123      1.465  36.792905    11.6910     6.1530      1.453    32.1543    24.4367 -9.990e-29
 275.796128      1.459  36.793888    11.6912     6.1544      1.447    32.1551    24.4372 -9.990e-29
 275.796134      1.454  36.794957    11.6914     6.1541      1.442    32.1560    24.4379 -9.990e-29
 275.796140      1.448  36.796406    11.6922     6.1453      1.436    32.1567    24.4383 -9.990e-29
 275.796146      1.442  36.796796    11.6929     6.1331      1.430    32.1564    24.4380 -9.990e-29
 275.796152      1.434  36.796636    11.6929     6.1187      1.422    32.1563    24.4379 -9.990e-29
 275.796157      1.426  36.796819    11.6928     6.1177      1.414    32.1566    24.4381 -9.990e-29
 275.796163      1.419  36.797018    11.6924     6.1305      1.407    32.1571    24.4386 -9.990e-29
 275.796169      1.418  36.796366    11.6913     6.1445      1.406    32.1574    24.4390 -9.990e-29
 275.796175      1.420  36.794542    11.6903     6.1510      1.408    32.1565    24.4385 -9.990e-29
 275.796181      1.418  36.793022    11.6903     6.1420      1.406    32.1550    24.4374 -9.990e-29
 275.796186      1.415  36.793686    11.6918     6.1286      1.403    32.1544    24.4366 -9.990e-29
 275.796192      1.408  36.796289    11.6950     6.1192      1.396    32.1541    24.4358 -9.990e-29
 275.796198      1.403  36.799247    11.6983     6.1269      1.391    32.1542    24.4352 -9.990e-29
 275.796204      1.406  36.802013    11.6992     6.1395      1.394    32.1561    24.4365 -9.990e-29
 275.796209      1.420  36.803226    11.6965     6.1523      1.408    32.1596    24.4398 -9.990e-29
 275.796215      1.435  36.800569    11.6916     6.1480      1.423    32.1612    24.4419 -9.990e-29
 275.796221      1.445  36.795530    11.6889     6.1283      1.433    32.1587    24.4404 -9.990e-29
 275.796227      1.445  36.793135    11.6909     6.1278      1.433    32.1546    24.4369 -9.990e-29
 275.796233      1.440  36.795218    11.6949     6.1273      1.428    32.1532    24.4351 -9.990e-29
 275.796238      1.434  36.797824    11.6964     6.1329      1.422    32.1544    24.4358 -9.990e-29
 275.796244      1.431  36.798256    11.6934     6.1373      1.419    32.1574    24.4387 -9.990e-29
 275.796250      1.434  36.795398    11.6882     6.1278      1.422    32.1592    24.4409 -9.990e-29
 275.796256      1.441  36.789910    11.6841     6.1257      1.429    32.1574    24.4403 -9.990e-29
 275.796262      1.446  36.787339    11.6830     6.1264      1.434    32.1558    24.4393 -9.990e-29
 275.796267      1.450  36.788725    11.6845     6.1337      1.438    32.1559    24.4391 -9.990e-29
 275.796273      1.454  36.790302    11.6868     6.1440      1.442    32.1554    24.4383 -9.990e-29
 275.796279      1.458  36.791362    11.6892     6.1457      1.446    32.1544    24.4370 -9.990e-29
 275.796285      1.461  36.792186    11.6918     6.1318      1.449    32.1529    24.4354 -9.990e-29
 275.796291      1.465  36.792179    11.6937     6.1242      1.453    32.1513    24.4338 -9.990e-29
 275.796296      1.469  36.791882    11.6943     6.1214      1.457    32.1504    24.4331 -9.990e-29
 275.796302      1.474  36.792009    11.6946     6.1379      1.462    32.1503    24.4329 -9.990e-29
 275.796308      1.480  36.792716    11.6951     6.1407      1.468    32.1506    24.4330 -9.990e-29
 275.796314      1.487  36.794372    11.6954     6.1467      1.475    32.1519    24.4340 -9.990e-29
 275.796319      1.492  36.796934    11.6970     6.1456      1.480    32.1530    24.4346 -9.990e-29
 275.796325      1.490  36.800447    11.6991     6.1414      1.478    32.1546    24.4354 -9.990e-29
 275.796331      1.487  36.803981    11.6987     6.1365      1.475    32.1584    24.4384 -9.990e-29
 275.796337      1.485  36.805518    11.6964     6.1189      1.473    32.1619    24.4416 -9.990e-29
 275.796343      1.484  36.804854    11.6949     6.1090      1.472    32.1625    24.4423 -9.990e-29
 275.796348      1.486  36.803894    11.6943     6.1018      1.474    32.1621    24.4421 -9.990e-29
 275.796354      1.489  36.803584    11.6934     6.1057      1.477    32.1626    24.4427 -9.990e-29
 275.796360      1.494  36.801258    11.6912     6.1137      1.482    32.1622    24.4428 -9.990e-29
 275.796366      1.501  36.794922    11.6877     6.1055      1.488    32.1591    24.4410 -9.990e-29
 275.796372      1.511  36.787316    11.6839     6.0921      1.498    32.1550    24.4385 -9.990e-29
 275.796377      1.524  36.782287    11.6802     6.0892      1.511    32.1533    24.4379 -9.990e-29
 275.796383      1.542  36.781517    11.6775     6.1058      1.529    32.1549    24.4396 -9.990e-29
 275.796389      1.565  36.783407    11.6770     6.1043      1.552    32.1572    24.4414 -9.990e-29
 275.796395      1.595  36.784303    11.6782     6.0951      1.582    32.1570    24.4411 -9.990e-29
 275.796400      1.633  36.783148    11.6798     6.0902      1.619    32.1545    24.4388 -9.990e-29
 275.796406      1.683  36.782868    11.6801     6.1024      1.669    32.1539    24.4383 -9.990e-29
 275.796412      1.747  36.784759    11.6784     6.1210      1.732    32.1572    24.4412 -9.990e-29
 275.796418      1.829  36.785729    11.6760     6.1157      1.814    32.1602    24.4440 -9.990e-29
 275.796424      1.931  36.783703    11.6744     6.1040      1.915    32.1595    24.4438 -9.990e-29
 275.796429      2.049  36.780445    11.6734     6.0770      2.032    32.1572    24.4421 -9.990e-29
 275.796435      2.188  36.778317    11.6723     6.0472      2.170    32.1560    24.4414 0.0000e+00
 275.796441      2.352  36.777271    11.6699     6.0166      2.332    32.1570    24.4426 0.0000e+00
 275.796447      2.539  36.775902    11.6651     5.9914      2.518    32.1598    24.4457 0.0000e+00
 275.796453      2.743  36.772360    11.6580     5.9671      2.720    32.1624    24.4490 0.0000e+00
 275.796458      2.960  36.766930    11.6505     5.9457      2.935    32.1635    24.4512 0.0000e+00
 275.796464      3.187  36.762418    11.6449     5.8988      3.160    32.1639    24.4526 0.0000e+00
 275.796470      3.421  36.759499    11.6394     5.8245      3.392    32.1657    24.4550 0.0000e+00
 275.796476      3.661  36.756490    11.6315     5.7819      3.630    32.1696    24.4594 0.0000e+00
 275.796481      3.907  36.752150    11.6211     5.7460      3.874    32.1743    24.4649 0.0000e+00
 275.796487      4.164  36.746266    11.6095     5.7450      4.129    32.1785    24.4704 0.0000e+00
 275.796493      4.425  36.739363    11.5977     5.7433      4.388    32.1819    24.4752 0.0000e+00
 275.796499      4.687  36.732284    11.5867     5.7206      4.648    32.1845    24.4791 0.0000e+00
 275.796505      4.949  36.725640    11.5785     5.7151      4.908    32.1850    24.4810 0.0000e+00
 275.796510      5.214  36.721184    11.5731     5.7061      5.170    32.1852    24.4822 0.0000e+00
 275.796516      5.486  36.719102    11.5689     5.6948      5.440    32.1867    24.4842 0.0000e+00
 275.796522      5.762  36.717150    11.5651     5.6937      5.714    32.1880    24.4858 0.0000e+00
 275.796528      6.034  36.714375    11.5614     5.6804      5.984    32.1884    24.4868 0.0000e+00
 275.796534      6.296  36.711528    11.5579     5.6735      6.243    32.1886    24.4876 0.0000e+00
 275.796539      6.554  36.709264    11.5543     5.6680      6.499    32.1894    24.4889 0.0000e+00
 275.796545      6.810  36.707336    11.5500     5.6653      6.753    32.1911    24.4910 0.0000e+00
 275.796551      7.067  36.704825    11.5447     5.6718      7.008    32.1932    24.4936 0.0000e+00
 275.796557      7.331  36.701154    11.5394     5.6704      7.270    32.1941    24.4953 0.0000e+00
 275.796562      7.595  36.697560    11.5354     5.6659      7.531    32.1940    24.4959 0.0000e+00
 275.796568      7.855  36.695381    11.5329     5.6573      7.789    32.1939    24.4963 0.0000e+00
 275.796574      8.111  36.694482    11.5316     5.6538      8.043    32.1941    24.4967 0.0000e+00
 275.796580      8.365  36.694195    11.5309     5.6550      8.295    32.1943    24.4970 0.0000e+00
 275.796586      8.623  36.694109    11.5303     5.6492      8.551    32.1946    24.4973 0.0000e+00
 275.796591      8.877  36.694081    11.5297     5.6538      8.803    32.1950    24.4978 0.0000e+00
 275.796597      9.128  36.694046    11.5292     5.6583      9.052    32.1953    24.4981 0.0000e+00
 275.796603      9.378  36.693929    11.5287     5.6441      9.300    32.1955    24.4983 0.0000e+00
 275.796609      9.626  36.693543    11.5279     5.6325      9.545    32.1957    24.4987 0.0000e+00
 275.796615      9.875  36.692906    11.5267     5.6297      9.792    32.1961    24.4991 0.0000e+00
 275.796620     10.129  36.692261    11.5252     5.6344     10.044    32.1966    24.4999 0.0000e+00
 275.796626     10.385  36.691282    11.5234     5.6399     10.298    32.1971    24.5006 0.0000e+00
 275.796632     10.644  36.689753    11.5216     5.6445     10.555    32.1971    24.5009 0.0000e+00
 275.796638     10.904  36.688408    11.5203     5.6524     10.813    32.1968    24.5009 0.0000e+00
 275.796644     11.162  36.687664    11.5197     5.6431     11.069    32.1965    24.5008 0.0000e+00
 275.796649     11.410  36.687061    11.5196     5.6248     11.314    32.1959    24.5003 0.0000e+00
 275.796655     11.654  36.686324    11.5190     5.6208     11.556    32.1956    24.5002 0.0000e+00
 275.796661     11.894  36.685563    11.5176     5.6225     11.794    32.1960    24.5008 0.0000e+00
 275.796667     12.131  36.684857    11.5160     5.5935     12.029    32.1966    24.5015 0.0000e+00
 275.796672     12.364  36.684355    11.5145     5.5678     12.260    32.1973    24.5024 0.0000e+00
 275.796678     12.602  36.683919    11.5128     5.5287     12.496    32.1982    24.5034 0.0000e+00
 275.796684     12.845  36.682941    11.5104     5.5037     12.737    32.1993    24.5046 0.0000e+00
 275.796690     13.094  36.680649    11.5053     5.4802     12.984    32.2014    24.5072 0.0000e+00
 275.796696     13.345  36.675077    11.4959     5.4707     13.233    32.2040    24.5110 0.0000e+00
 275.796701     13.598  36.666047    11.4837     5.4670     13.484    32.2057    24.5145 0.0000e+00
 275.796707     13.853  36.656050    11.4707     5.4571     13.737    32.2071    24.5180 0.0000e+00
 275.796713     14.107  36.644608    11.4576     5.4605     13.989    32.2073    24.5204 0.0000e+00
 275.796719     14.360  36.632674    11.4450     5.4646     14.240    32.2065    24.5221 0.0000e+00
 275.796725     14.611  36.623906    11.4341     5.4643     14.489    32.2073    24.5247 0.0000e+00
 275.796730     14.859  36.618341    11.4260     5.4623     14.734    32.2088    24.5273 0.0000e+00
 275.796736     15.103  36.614689    11.4213     5.4602     14.976    32.2092    24.5285 0.0000e+00
 275.796742     15.340  36.612532    11.4193     5.4581     15.211    32.2088    24.5285 0.0000e+00
 275.796748     15.573  36.611763    11.4177     5.4529     15.442    32.2093    24.5292 0.0000e+00
 275.796753     15.809  36.611328    11.4150     5.4583     15.676    32.2111    24.5311 0.0000e+00
 275.796759     16.049  36.609498    11.4110     5.4636     15.914    32.2127    24.5331 0.0000e+00
 275.796765     16.292  36.606608    11.4072     5.4631     16.155    32.2131    24.5341 0.0000e+00
 275.796771     16.536  36.604373    11.4054     5.4543     16.397    32.2124    24.5338 0.0000e+00
 275.796777     16.775  36.603705    11.4054     5.4449     16.634    32.2116    24.5333 0.0000e+00
 275.796782     16.998  36.604245    11.4058     5.4312     16.855    32.2117    24.5333 0.0000e+00
 275.796788     17.207  36.605003    11.4053     5.4279     17.063    32.2128    24.5342 0.0000e+00
 275.796794     17.416  36.604723    11.4031     5.4143     17.270    32.2144    24.5358 0.0000e+00
 275.796800     17.632  36.602443    11.3987     5.4237     17.484    32.2159    24.5378 0.0000e+00
 275.796806     17.862  36.598455    11.3934     5.4198     17.712    32.2165    24.5392 0.0000e+00
 275.796811     18.106  36.594135    11.3888     5.4249     17.954    32.2162    24.5398 0.0000e+00
 275.796817     18.360  36.590976    11.3858     5.4326     18.206    32.2156    24.5399 0.0000e+00
 275.796823     18.618  36.589217    11.3839     5.4119     18.462    32.2154    24.5401 0.0000e+00
 275.796829     18.879  36.588162    11.3825     5.3999     18.721    32.2155    24.5404 0.0000e+00
 275.796834     19.139  36.587493    11.3811     5.3966     18.978    32.2160    24.5410 0.0000e+00
 275.796840     19.392  36.586852    11.3784     5.3874     19.229    32.2176    24.5428 0.0000e+00
 275.796846     19.641  36.584794    11.3738     5.3896     19.476    32.2195    24.5451 0.0000e+00
 275.796852     19.895  36.580229    11.3682     5.4025     19.728    32.2198    24.5463 0.0000e+00
 275.796858     20.151  36.574882    11.3625     5.4332     19.982    32.2194    24.5471 0.0000e+00
 275.796863     20.401  36.571112    11.3581     5.4506     20.230    32.2195    24.5479 0.0000e+00
 275.796869     20.644  36.569465    11.3562     5.4687     20.471    32.2194    24.5482 0.0000e+00
