data/oxygen options/ONMS/Olympic_Coast_National_Marine_Sanctuary_CTD_Data_2005_2023/raw_data/2019/CAST_MB042_190730faed.cnv
* Sea-Bird SBE 19 Data File:
* FileName = C:\2018 Mooring Data\Casts\CAST_MB042_190730.hex
* Software Version SeatermAF 2.1.2
* Temperature SN = 2997
* Conductivity SN = 2997
* System UpLoad Time = Jul 30 2019 21:59:42 (localtime) = Jul 30 2019 21:59:42 (UTC)
** CAST_MB042_190730
* ds
# nquan = 9                                 
# nvalues = 1639                        
# units = specified
# name 0 = timeJ: Julian Days
# name 1 = prSM: Pressure, Strain Gauge [db]
# name 2 = c0mS/cm: Conductivity [mS/cm]
# name 3 = t090C: Temperature [ITS-90, deg C]
# name 4 = sbeox0ML/L: Oxygen, SBE 43 [ml/l]
# name 5 = depSM: Depth [salt water, m], lat = 47.5
# name 6 = sal00: Salinity, Practical [PSU]
# name 7 = sigma-é00: Density [sigma-theta, kg/m^3]
# name 8 = flag: flag
# span 0 = 211.835637, 211.845116       
# span 1 =     -4.473,     44.298       
# span 2 =   0.384012,  40.081714       
# span 3 =     7.2281,    18.0878       
# span 4 =    -1.7858,    13.4350       
# span 5 =     -4.436,     43.924       
# span 6 =     0.2167,    33.9129       
# span 7 =    -1.2399,    26.5314       
# span 8 = 0.0000e+00, 0.0000e+00       
# interval = seconds: 0.5
# start_time = Jul 30 2019 20:03:19 [Instrument's time stamp, header]
# bad_flag = -9.990e-29
*END*
[from data line 481]
 211.838420      0.018   0.416963    18.0047    -1.7558      0.018     0.2338    -1.2242 -9.990e-29
 211.838426      0.030   0.417467    18.0049    -1.7562      0.030     0.2340    -1.2241 -9.990e-29
 211.838432      0.037   0.417389    18.0077    -1.7564      0.037     0.2340    -1.2246 -9.990e-29
 211.838438      0.039   0.417179    18.0134    -1.7563      0.039     0.2338    -1.2258 -9.990e-29
 211.838443      0.036   0.417109    18.0217    -1.7560      0.036     0.2337    -1.2274 -9.990e-29
 211.838449      0.033   0.417085    18.0326    -1.7555      0.033     0.2337    -1.2295 -9.990e-29
 211.838455      0.034   0.417076    18.0439    -1.7555      0.034     0.2336    -1.2316 -9.990e-29
 211.838461      0.034   0.417073    18.0509    -1.7554      0.034     0.2336    -1.2330 -9.990e-29
 211.838466      0.029   0.417070    18.0502    -1.7554      0.029     0.2336    -1.2328 -9.990e-29
 211.838472      0.024   0.417065    18.0435    -1.7557      0.024     0.2336    -1.2316 -9.990e-29
 211.838478      0.021   0.417052    18.0361    -1.7559      0.021     0.2336    -1.2302 -9.990e-29
 211.838484      0.017   0.417015    18.0321    -1.7557      0.017     0.2336    -1.2294 -9.990e-29
 211.838490      0.012   0.416905    18.0337    -1.7555      0.012     0.2336    -1.2298 -9.990e-29
 211.838495      0.009   0.416576    18.0402    -1.7551      0.009     0.2333    -1.2311 -9.990e-29
 211.838501      0.004   0.416142    18.0472    -1.7553      0.004     0.2331    -1.2327 -9.990e-29
 211.838507     -0.009   0.416134    18.0510    -1.7555     -0.009     0.2330    -1.2334 -9.990e-29
 211.838513     -0.024   0.416541    18.0523    -1.7553     -0.024     0.2333    -1.2335 -9.990e-29
 211.838519     -0.035   0.416800    18.0512    -1.7561     -0.035     0.2334    -1.2331 -9.990e-29
 211.838524     -0.042   0.416703    18.0473    -1.7561     -0.042     0.2334    -1.2324 -9.990e-29
 211.838530     -0.055   0.416674    18.0443    -1.7558     -0.055     0.2334    -1.2319 -9.990e-29
 211.838536     -0.066   0.417228    18.0464    -1.7557     -0.065     0.2337    -1.2320 -9.990e-29
 211.838542     -0.057   0.417998    18.0518    -1.7553     -0.057     0.2341    -1.2327 -9.990e-29
 211.838547     -0.038   0.418350    18.0557    -1.7558     -0.038     0.2343    -1.2333 -9.990e-29
 211.838553     -0.020   0.418200    18.0558    -1.7557     -0.020     0.2342    -1.2334 -9.990e-29
 211.838559     -0.002   0.417902    18.0537    -1.7555     -0.002     0.2340    -1.2331 -9.990e-29
 211.838565      0.014   0.417612    18.0495    -1.7555      0.014     0.2339    -1.2325 -9.990e-29
 211.838571      0.024   0.416945    18.0432    -1.7551      0.024     0.2335    -1.2316 -9.990e-29
 211.838576      0.028   0.416119    18.0405    -1.7549      0.028     0.2331    -1.2314 -9.990e-29
 211.838582      0.031   0.415695    18.0432    -1.7551      0.031     0.2328    -1.2321 -9.990e-29
 211.838588      0.038   0.415661    18.0478    -1.7553      0.038     0.2328    -1.2330 -9.990e-29
 211.838594      0.044   0.415974    18.0501    -1.7550      0.044     0.2329    -1.2333 -9.990e-29
 211.838600      0.046   0.416498    18.0489    -1.7549      0.046     0.2333    -1.2328 -9.990e-29
 211.838605      0.044   0.416824    18.0489    -1.7552      0.044     0.2334    -1.2327 -9.990e-29
 211.838611      0.042   0.416835    18.0520    -1.7555      0.042     0.2334    -1.2333 -9.990e-29
 211.838617      0.044   0.416545    18.0562    -1.7559      0.044     0.2332    -1.2342 -9.990e-29
 211.838623      0.047   0.416122    18.0611    -1.7564      0.047     0.2330    -1.2353 -9.990e-29
 211.838628      0.049   0.416111    18.0646    -1.7565      0.049     0.2330    -1.2360 -9.990e-29
 211.838634      0.056   0.416496    18.0644    -1.7563      0.056     0.2332    -1.2358 -9.990e-29
 211.838640      0.064   0.416686    18.0634    -1.7560      0.063     0.2333    -1.2355 -9.990e-29
 211.838646      0.070   0.416379    18.0644    -1.7558      0.069     0.2331    -1.2358 -9.990e-29
 211.838652      0.072   0.415721    18.0639    -1.7561      0.071     0.2327    -1.2360 -9.990e-29
 211.838657      0.073   0.414941    18.0589    -1.7559      0.072     0.2323    -1.2354 -9.990e-29
 211.838663      0.070   0.414107    18.0507    -1.7558      0.069     0.2319    -1.2342 -9.990e-29
 211.838669      0.070   0.413768    18.0413    -1.7556      0.069     0.2317    -1.2326 -9.990e-29
 211.838675      0.076   0.414582    18.0333    -1.7556      0.075     0.2322    -1.2307 -9.990e-29
 211.838681      0.083   0.415972    18.0300    -1.7555      0.082     0.2331    -1.2295 -9.990e-29
 211.838686      0.089   0.417024    18.0323    -1.7555      0.088     0.2336    -1.2294 -9.990e-29
 211.838692      0.094   0.417479    18.0368    -1.7552      0.093     0.2339    -1.2301 -9.990e-29
 211.838698      0.097   0.417393    18.0395    -1.7549      0.096     0.2338    -1.2307 -9.990e-29
 211.838704      0.100   0.417204    18.0402    -1.7547      0.099     0.2337    -1.2309 -9.990e-29
 211.838709      0.103   0.417214    18.0419    -1.7547      0.102     0.2337    -1.2312 -9.990e-29
 211.838715      0.104   0.417440    18.0452    -1.7551      0.103     0.2338    -1.2317 -9.990e-29
 211.838721      0.106   0.417629    18.0486    -1.7552      0.105     0.2339    -1.2323 -9.990e-29
 211.838727      0.107   0.417477    18.0511    -1.7548      0.106     0.2338    -1.2328 -9.990e-29
 211.838733      0.108   0.417338    18.0533    -1.7543      0.107     0.2337    -1.2333 -9.990e-29
 211.838738      0.109   0.417582    18.0568    -1.7542      0.108     0.2338    -1.2339 -9.990e-29
 211.838744      0.109   0.417981    18.0624    -1.7543      0.108     0.2340    -1.2347 -9.990e-29
 211.838750      0.110   0.417958    18.0687    -1.7546      0.109     0.2340    -1.2360 -9.990e-29
 211.838756      0.110   0.417485    18.0727    -1.7549      0.109     0.2337    -1.2369 -9.990e-29
 211.838762      0.111   0.417038    18.0725    -1.7546      0.110     0.2334    -1.2371 -9.990e-29
 211.838767      0.112   0.416576    18.0698    -1.7545      0.111     0.2332    -1.2368 -9.990e-29
 211.838773      0.112   0.416036    18.0698    -1.7545      0.111     0.2329    -1.2370 -9.990e-29
 211.838779      0.113   0.415806    18.0751    -1.7542      0.112     0.2327    -1.2381 -9.990e-29
 211.838785      0.115   0.416134    18.0817    -1.7541      0.114     0.2329    -1.2392 -9.990e-29
 211.838791      0.116   0.416904    18.0851    -1.7544      0.115     0.2333    -1.2395 -9.990e-29
 211.838796      0.118   0.417482    18.0841    -1.7546      0.117     0.2336    -1.2391 -9.990e-29
 211.838802      0.120   0.417534    18.0802    -1.7545      0.119     0.2337    -1.2383 -9.990e-29
 211.838808      0.123   0.417683    18.0774    -1.7545      0.122     0.2338    -1.2377 -9.990e-29
 211.838814      0.127   0.418127    18.0787    -1.7546      0.126     0.2340    -1.2378 -9.990e-29
 211.838819      0.132   0.418350    18.0821    -1.7550      0.131     0.2341    -1.2383 -9.990e-29
 211.838825      0.138   0.418099    18.0853    -1.7547      0.137     0.2340    -1.2391 -9.990e-29
 211.838831      0.142   0.417591    18.0877    -1.7550      0.141     0.2337    -1.2397 -9.990e-29
 211.838837      0.139   0.417257    18.0878    -1.7550      0.138     0.2335    -1.2399 -9.990e-29
 211.838843      0.134   0.417208    18.0851    -1.7548      0.133     0.2335    -1.2394 -9.990e-29
 211.838848      0.130   0.417379    18.0825    -1.7543      0.129     0.2336    -1.2388 -9.990e-29
 211.838854      0.127   0.417445    18.0817    -1.7545      0.126     0.2336    -1.2387 -9.990e-29
 211.838860      0.126   0.416941    18.0806    -1.7559      0.125     0.2333    -1.2387 -9.990e-29
 211.838866      0.126   0.416303    18.0773    -1.7572      0.125     0.2330    -1.2383 -9.990e-29
 211.838872      0.127   0.416342    18.0736    -1.7580      0.126     0.2330    -1.2376 -9.990e-29
 211.838877      0.128   0.417111    18.0717    -1.7580      0.127     0.2335    -1.2369 -9.990e-29
 211.838883      0.131   0.417973    18.0705    -1.7579      0.130     0.2340    -1.2363 -9.990e-29
 211.838889      0.135   0.418417    18.0707    -1.7576      0.134     0.2342    -1.2361 -9.990e-29
 211.838895      0.141   0.418483    18.0732    -1.7580      0.140     0.2343    -1.2366 -9.990e-29
 211.838900      0.145   0.418813    18.0736    -1.7584      0.144     0.2344    -1.2365 -9.990e-29
 211.838906      0.142   0.419848    18.0631    -1.7589      0.141     0.2351    -1.2341 -9.990e-29
 211.838912      0.137   0.420753    18.0392    -1.7590      0.136     0.2357    -1.2291 -9.990e-29
 211.838918      0.134   0.420520    18.0119    -1.7589      0.133     0.2358    -1.2240 -9.990e-29
 211.838924      0.132   0.419393    17.9926    -1.7592      0.131     0.2352    -1.2209 -9.990e-29
 211.838929      0.131   0.418640    17.9847    -1.7595      0.130     0.2348    -1.2197 -9.990e-29
 211.838935      0.132   0.418915    17.9840    -1.7600      0.131     0.2350    -1.2195 -9.990e-29
 211.838941      0.135   0.419481    17.9833    -1.7611      0.134     0.2353    -1.2191 -9.990e-29
 211.838947      0.138   0.419432    17.9780    -1.7616      0.137     0.2353    -1.2181 -9.990e-29
 211.838953      0.144   0.418701    17.9689    -1.7616      0.143     0.2349    -1.2167 -9.990e-29
 211.838958      0.148   0.417977    17.9597    -1.7616      0.147     0.2346    -1.2153 -9.990e-29
 211.838964      0.145   0.417955    17.9535    -1.7611      0.144     0.2346    -1.2141 -9.990e-29
 211.838970      0.140   0.418608    17.9487    -1.7609      0.139     0.2350    -1.2129 -9.990e-29
 211.838976      0.138   0.419143    17.9416    -1.7605      0.137     0.2353    -1.2113 -9.990e-29
 211.838981      0.137   0.419169    17.9306    -1.7601      0.136     0.2354    -1.2093 -9.990e-29
 211.838987      0.137   0.419273    17.9148    -1.7599      0.136     0.2356    -1.2062 -9.990e-29
 211.838993      0.140   0.419596    17.8971    -1.7597      0.139     0.2358    -1.2027 -9.990e-29
 211.838999      0.144   0.419461    17.8848    -1.7594      0.143     0.2358    -1.2005 -9.990e-29
 211.839005      0.147   0.418690    17.8803    -1.7592      0.146     0.2354    -1.2000 -9.990e-29
 211.839010      0.143   0.417916    17.8820    -1.7596      0.142     0.2350    -1.2006 -9.990e-29
 211.839016      0.136   0.417768    17.8885    -1.7597      0.135     0.2348    -1.2019 -9.990e-29
 211.839022      0.132   0.418050    17.8972    -1.7594      0.131     0.2350    -1.2034 -9.990e-29
 211.839028      0.129   0.418032    17.9066    -1.7592      0.128     0.2349    -1.2052 -9.990e-29
 211.839034      0.127   0.417688    17.9156    -1.7592      0.126     0.2346    -1.2071 -9.990e-29
 211.839039      0.126   0.417670    17.9232    -1.7591      0.125     0.2346    -1.2085 -9.990e-29
 211.839045      0.126   0.417953    17.9302    -1.7593      0.125     0.2347    -1.2097 -9.990e-29
 211.839051      0.127   0.417809    17.9362    -1.7590      0.126     0.2346    -1.2109 -9.990e-29
 211.839057      0.129   0.417047    17.9382    -1.7587      0.128     0.2342    -1.2116 -9.990e-29
 211.839063      0.132   0.416311    17.9364    -1.7589      0.131     0.2337    -1.2116 -9.990e-29
 211.839068      0.137   0.416282    17.9357    -1.7592      0.136     0.2337    -1.2115 -9.990e-29
 211.839074      0.143   0.416921    17.9387    -1.7593      0.142     0.2341    -1.2118 -9.990e-29
 211.839080      0.152   0.417421    17.9425    -1.7593      0.151     0.2344    -1.2123 -9.990e-29
 211.839086      0.163   0.417340    17.9449    -1.7593      0.162     0.2343    -1.2128 -9.990e-29
 211.839091      0.173   0.417124    17.9462    -1.7595      0.172     0.2342    -1.2131 -9.990e-29
 211.839097      0.179   0.417041    17.9477    -1.7603      0.178     0.2341    -1.2134 -9.990e-29
 211.839103      0.180   0.416979    17.9506    -1.7607      0.178     0.2341    -1.2140 -9.990e-29
 211.839109      0.177   0.416857    17.9529    -1.7609      0.176     0.2340    -1.2145 -9.990e-29
 211.839115      0.175   0.416513    17.9514    -1.7610      0.174     0.2338    -1.2144 -9.990e-29
 211.839120      0.176   0.416042    17.9475    -1.7608      0.175     0.2335    -1.2138 -9.990e-29
 211.839126      0.182   0.415924    17.9444    -1.7609      0.180     0.2335    -1.2133 -9.990e-29
 211.839132      0.187   0.416003    17.9420    -1.7611      0.185     0.2335    -1.2128 -9.990e-29
 211.839138      0.190   0.415647    17.9381    -1.7615      0.188     0.2334    -1.2122 -9.990e-29
 211.839144      0.192   0.414935    17.9299    -1.7616      0.190     0.2330    -1.2110 -9.990e-29
 211.839149      0.196   0.414393    17.9177    -1.7614      0.194     0.2327    -1.2089 -9.990e-29
 211.839155      0.197   0.414406    17.9066    -1.7613      0.195     0.2328    -1.2068 -9.990e-29
 211.839161      0.195   0.414805    17.8996    -1.7611      0.193     0.2331    -1.2053 -9.990e-29
 211.839167      0.189   0.415013    17.8967    -1.7616      0.187     0.2332    -1.2047 -9.990e-29
 211.839172      0.184   0.414754    17.8957    -1.7617      0.182     0.2331    -1.2046 -9.990e-29
 211.839178      0.184   0.414236    17.8936    -1.7617      0.182     0.2328    -1.2045 -9.990e-29
 211.839184      0.189   0.413875    17.8894    -1.7617      0.187     0.2326    -1.2038 -9.990e-29
 211.839190      0.194   0.413743    17.8842    -1.7622      0.192     0.2326    -1.2029 -9.990e-29
 211.839196      0.192   0.413662    17.8811    -1.7624      0.190     0.2325    -1.2024 -9.990e-29
 211.839201      0.182   0.413525    17.8816    -1.7625      0.180     0.2324    -1.2025 -9.990e-29
 211.839207      0.173   0.413148    17.8832    -1.7623      0.172     0.2322    -1.2030 -9.990e-29
 211.839213      0.167   0.412579    17.8824    -1.7622      0.166     0.2319    -1.2031 -9.990e-29
 211.839219      0.166   0.412166    17.8784    -1.7624      0.165     0.2317    -1.2025 -9.990e-29
 211.839225      0.167   0.411911    17.8746    -1.7622      0.166     0.2316    -1.2019 -9.990e-29
 211.839230      0.173   0.411474    17.8722    -1.7619      0.172     0.2313    -1.2016 -9.990e-29
 211.839236      0.182   0.410825    17.8682    -1.7615      0.180     0.2310    -1.2012 -9.990e-29
 211.839242      0.192   0.410205    17.8616    -1.7612      0.190     0.2306    -1.2002 -9.990e-29
 211.839248      0.198   0.409895    17.8560    -1.7610      0.196     0.2305    -1.1993 -9.990e-29
 211.839253      0.205   0.410034    17.8541    -1.7609      0.203     0.2306    -1.1989 -9.990e-29
 211.839259      0.215   0.410253    17.8550    -1.7606      0.213     0.2307    -1.1989 -9.990e-29
 211.839265      0.222   0.410288    17.8567    -1.7606      0.220     0.2307    -1.1993 -9.990e-29
 211.839271      0.232   0.410187    17.8589    -1.7605      0.230     0.2306    -1.1997 -9.990e-29
 211.839277      0.246   0.409813    17.8632    -1.7604      0.244     0.2304    -1.2007 -9.990e-29
 211.839282      0.255   0.409222    17.8701    -1.7603      0.253     0.2300    -1.2022 -9.990e-29
 211.839288      0.257   0.408731    17.8783    -1.7603      0.255     0.2297    -1.2040 -9.990e-29
 211.839294      0.255   0.408240    17.8864    -1.7602      0.253     0.2294    -1.2057 -9.990e-29
 211.839300      0.258   0.407646    17.8932    -1.7602      0.256     0.2290    -1.2073 -9.990e-29
 211.839306      0.265   0.407263    17.8988    -1.7601      0.263     0.2288    -1.2085 -9.990e-29
 211.839311      0.270   0.407135    17.9036    -1.7600      0.268     0.2287    -1.2095 -9.990e-29
 211.839317      0.273   0.407088    17.9073    -1.7597      0.271     0.2286    -1.2102 -9.990e-29
 211.839323      0.277   0.407059    17.9101    -1.7596      0.275     0.2286    -1.2107 -9.990e-29
 211.839329      0.278   0.407011    17.9126    -1.7596      0.276     0.2285    -1.2112 -9.990e-29
 211.839334      0.278   0.406878    17.9149    -1.7595      0.276     0.2285    -1.2117 -9.990e-29
