data/oxygen options/ONMS/Olympic_Coast_National_Marine_Sanctuary_CTD_Data_2005_2023/raw_data/2019/CAST_TH042_190829faed.cnv
* Sea-Bird SBE 19 Data File:
* FileName = C:\2019 Mooring Data\Casts\CAST_TH042_190829.hex
* Software Version SeatermAF 2.1.2
* Temperature SN = 2997
* Conductivity SN = 2997
* System UpLoad Time = Aug 29 2019 17:26:49 (localtime) = Aug 29 2019 17:26:49 (UTC)
** CAST_TH042_190829
* ds
# nquan = 9                                 
# nvalues = 1142                        
# units = specified
# name 0 = timeJ: Julian Days
# name 1 = prSM: Pressure, Strain Gauge [db]
# name 2 = c0mS/cm: Conductivity [mS/cm]
# name 3 = t090C: Temperature [ITS-90, deg C]
# name 4 = sbeox0ML/L: Oxygen, SBE 43 [ml/l]
# name 5 = depSM: Depth [salt water, m], lat = 47.5
# name 6 = sal00: Salinity, Practical [PSU]
# name 7 = sigma-é00: Density [sigma-theta, kg/m^3]
# name 8 = flag: flag
# span 0 = 241.665567, 241.672170       
# span 1 =     -5.167,     42.448       
# span 2 =   0.017395,  38.006186       
# span 3 =     7.8119,    14.1795       
# span 4 =    -1.9141,    13.9109       
# span 5 =     -5.124,     42.089       
# span 6 =     0.0148,    33.6167       
# span 7 =    -0.7652,    26.2154       
# span 8 = 0.0000e+00, 0.0000e+00       
# interval = seconds: 0.5
# start_time = Aug 29 2019 15:58:25 [Instrument's time stamp, header]
# bad_flag = -9.990e-29
*END*
[from data line 801]
 241.670203      1.250  37.809997    11.9868     6.3796      1.240    32.8825    24.9473 -9.990e-29
 241.670208      1.260  37.811138    11.9861     6.3725      1.249    32.8842    24.9488 -9.990e-29
 241.670214      1.266  37.811105    11.9850     6.3753      1.255    32.8851    24.9497 -9.990e-29
 241.670220      1.272  37.809757    11.9831     6.3716      1.261    32.8855    24.9504 -9.990e-29
 241.670226      1.280  37.807444    11.9811     6.3749      1.269    32.8850    24.9504 -9.990e-29
 241.670231      1.281  37.806025    11.9800     6.3618      1.270    32.8846    24.9503 -9.990e-29
 241.670237      1.274  37.806312    11.9799     6.3653      1.263    32.8850    24.9506 -9.990e-29
 241.670243      1.269  37.807470    11.9803     6.3599      1.258    32.8858    24.9511 -9.990e-29
 241.670249      1.269  37.808149    11.9807     6.3616      1.258    32.8861    24.9513 -9.990e-29
 241.670255      1.270  37.807480    11.9807     6.3535      1.259    32.8854    24.9508 -9.990e-29
 241.670260      1.268  37.806718    11.9803     6.3493      1.257    32.8850    24.9505 -9.990e-29
 241.670266      1.266  37.806991    11.9794     6.3455      1.255    32.8861    24.9515 -9.990e-29
 241.670272      1.270  37.807448    11.9779     6.3398      1.259    32.8879    24.9532 -9.990e-29
 241.670278      1.278  37.806363    11.9759     6.3441      1.267    32.8886    24.9541 -9.990e-29
 241.670284      1.288  37.803874    11.9745     6.3256      1.277    32.8874    24.9534 -9.990e-29
 241.670289      1.292  37.802728    11.9741     6.3321      1.281    32.8866    24.9529 -9.990e-29
 241.670295      1.289  37.802979    11.9738     6.3369      1.278    32.8871    24.9534 -9.990e-29
 241.670301      1.293  37.802626    11.9727     6.3412      1.282    32.8878    24.9541 -9.990e-29
 241.670307      1.311  37.801666    11.9707     6.3421      1.300    32.8886    24.9551 -9.990e-29
 241.670312      1.338  37.800404    11.9690     6.3376      1.327    32.8889    24.9556 -9.990e-29
 241.670318      1.362  37.799302    11.9685     6.3516      1.351    32.8882    24.9552 -9.990e-29
 241.670324      1.379  37.799593    11.9689     6.3430      1.367    32.8881    24.9551 -9.990e-29
 241.670330      1.395  37.801010    11.9696     6.3572      1.383    32.8889    24.9555 -9.990e-29
 241.670336      1.421  37.801988    11.9702     6.3573      1.409    32.8893    24.9557 -9.990e-29
 241.670341      1.461  37.802058    11.9702     6.3556      1.449    32.8894    24.9558 -9.990e-29
 241.670347      1.518  37.801778    11.9694     6.3526      1.505    32.8898    24.9563 -9.990e-29
 241.670353      1.592  37.801240    11.9683     6.3337      1.579    32.8902    24.9568 -9.990e-29
 241.670359      1.679  37.800192    11.9671     6.3320      1.665    32.8902    24.9570 -9.990e-29
 241.670365      1.780  37.798819    11.9655     6.2525      1.765    32.8902    24.9573 -9.990e-29
 241.670370      1.901  37.797994    11.9637     6.1163      1.885    32.8910    24.9583 -9.990e-29
 241.670376      2.046  37.797084    11.9615     5.8802      2.029    32.8920    24.9595 0.0000e+00
 241.670382      2.211  37.793660    11.9577     5.5842      2.193    32.8919    24.9601 0.0000e+00
 241.670388      2.390  37.786978    11.9497     5.3177      2.370    32.8925    24.9620 0.0000e+00
 241.670394      2.581  37.776991    11.9308     5.1087      2.559    32.8994    24.9709 0.0000e+00
 241.670399      2.788  37.758127    11.8837     4.9794      2.765    32.9226    24.9978 0.0000e+00
 241.670405      3.011  37.710736    11.7962     4.8906      2.986    32.9540    25.0384 0.0000e+00
 241.670411      3.247  37.630325    11.6927     4.7853      3.220    32.9674    25.0679 0.0000e+00
 241.670417      3.494  37.551235    11.6078     4.7072      3.465    32.9656    25.0821 0.0000e+00
 241.670422      3.751  37.495559    11.5427     4.5944      3.720    32.9690    25.0967 0.0000e+00
 241.670428      4.016  37.452776    11.4819     4.4700      3.982    32.9812    25.1172 0.0000e+00
 241.670434      4.289  37.406604    11.4139     4.3665      4.253    32.9965    25.1415 0.0000e+00
 241.670440      4.572  37.351927    11.3265     4.2307      4.534    33.0208    25.1762 0.0000e+00
 241.670446      4.864  37.296922    11.2109     4.1157      4.823    33.0701    25.2354 0.0000e+00
 241.670451      5.167  37.220775    11.0691     4.0055      5.124    33.1223    25.3014 0.0000e+00
 241.670457      5.483  37.089935    10.8930     3.9013      5.437    33.1514    25.3552 0.0000e+00
 241.670463      5.806  36.913792    10.6674     3.7864      5.757    33.1801    25.4172 0.0000e+00
 241.670469      6.124  36.706707    10.4170     3.6733      6.073    33.2004    25.4763 0.0000e+00
 241.670475      6.429  36.489423    10.2095     3.5589      6.375    33.1708    25.4886 0.0000e+00
 241.670480      6.726  36.330986    10.0675     3.4614      6.670    33.1402    25.4888 0.0000e+00
 241.670486      7.015  36.246183     9.9361     3.3982      6.956    33.1746    25.5375 0.0000e+00
 241.670492      7.301  36.148141     9.7745     3.3475      7.240    33.2233    25.6024 0.0000e+00
 241.670498      7.595  36.006243     9.5921     3.2953      7.531    33.2465    25.6505 0.0000e+00
 241.670503      7.902  35.866868     9.4197     3.2555      7.836    33.2630    25.6914 0.0000e+00
 241.670509      8.221  35.749512     9.2773     3.2046      8.152    33.2742    25.7230 0.0000e+00
 241.670515      8.541  35.651523     9.1609     3.1330      8.470    33.2811    25.7470 0.0000e+00
 241.670521      8.853  35.567525     9.0713     3.0591      8.779    33.2774    25.7583 0.0000e+00
 241.670527      9.152  35.499606     9.0166     2.9650      9.075    33.2578    25.7516 0.0000e+00
 241.670532      9.435  35.466262     8.9842     2.8626      9.356    33.2532    25.7531 0.0000e+00
 241.670538      9.711  35.462121     8.9374     2.7682      9.630    33.2926    25.7913 0.0000e+00
 241.670544      9.997  35.435122     8.8534     2.6807      9.913    33.3432    25.8439 0.0000e+00
 241.670550     10.308  35.365982     8.7398     2.6495     10.222    33.3776    25.8885 0.0000e+00
 241.670556     10.643  35.281655     8.6141     2.6221     10.554    33.4076    25.9314 0.0000e+00
 241.670561     10.983  35.189394     8.5067     2.5890     10.891    33.4119    25.9511 0.0000e+00
 241.670567     11.312  35.103773     8.4425     2.5644     11.217    33.3821    25.9376 0.0000e+00
 241.670573     11.620  35.052136     8.4082     2.5168     11.523    33.3599    25.9254 0.0000e+00
 241.670579     11.912  35.035498     8.3693     2.5027     11.812    33.3791    25.9462 0.0000e+00
 241.670584     12.199  35.019277     8.3028     2.4980     12.097    33.4249    25.9922 0.0000e+00
 241.670590     12.497  34.974492     8.2228     2.4854     12.392    33.4534    26.0265 0.0000e+00
 241.670596     12.808  34.924188     8.1617     2.5003     12.701    33.4580    26.0392 0.0000e+00
 241.670602     13.120  34.892994     8.1298     2.4905     13.010    33.4551    26.0417 0.0000e+00
 241.670608     13.421  34.878401     8.1166     2.4893     13.309    33.4520    26.0412 0.0000e+00
 241.670613     13.702  34.876536     8.1079     2.5000     13.587    33.4582    26.0474 0.0000e+00
 241.670619     13.974  34.875320     8.0962     2.4871     13.857    33.4680    26.0568 0.0000e+00
 241.670625     14.249  34.864099     8.0819     2.4900     14.130    33.4695    26.0601 0.0000e+00
 241.670631     14.532  34.851342     8.0678     2.4856     14.410    33.4693    26.0620 0.0000e+00
 241.670637     14.824  34.844031     8.0573     2.4698     14.700    33.4714    26.0652 0.0000e+00
 241.670642     15.122  34.839614     8.0521     2.4799     14.995    33.4715    26.0660 0.0000e+00
 241.670648     15.420  34.837722     8.0494     2.4639     15.291    33.4719    26.0668 0.0000e+00
 241.670654     15.714  34.837431     8.0449     2.4521     15.582    33.4758    26.0705 0.0000e+00
 241.670660     16.007  34.836038     8.0376     2.4477     15.873    33.4811    26.0758 0.0000e+00
 241.670666     16.299  34.832171     8.0299     2.4237     16.162    33.4842    26.0793 0.0000e+00
 241.670671     16.589  34.827314     8.0237     2.4215     16.450    33.4848    26.0807 0.0000e+00
 241.670677     16.873  34.823869     8.0177     2.4256     16.731    33.4868    26.0831 0.0000e+00
 241.670683     17.156  34.821642     8.0099     2.4086     17.012    33.4917    26.0882 0.0000e+00
 241.670689     17.444  34.818706     7.9986     2.4053     17.298    33.4993    26.0958 0.0000e+00
 241.670694     17.737  34.813871     7.9854     2.3959     17.588    33.5066    26.1035 0.0000e+00
 241.670700     18.037  34.808449     7.9749     2.3721     17.886    33.5107    26.1082 0.0000e+00
 241.670706     18.346  34.804648     7.9688     2.3680     18.192    33.5124    26.1104 0.0000e+00
 241.670712     18.659  34.802358     7.9655     2.3363     18.502    33.5129    26.1114 0.0000e+00
 241.670718     18.964  34.800687     7.9622     2.3106     18.805    33.5142    26.1128 0.0000e+00
 241.670723     19.264  34.799011     7.9549     2.3065     19.102    33.5192    26.1179 0.0000e+00
 241.670729     19.566  34.796137     7.9409     2.2804     19.402    33.5294    26.1279 0.0000e+00
 241.670735     19.871  34.791516     7.9216     2.2895     19.704    33.5429    26.1413 0.0000e+00
 241.670741     20.182  34.786188     7.9027     2.2674     20.013    33.5552    26.1537 0.0000e+00
 241.670747     20.497  34.781366     7.8887     2.2589     20.325    33.5633    26.1622 0.0000e+00
 241.670752     20.811  34.777817     7.8797     2.2600     20.636    33.5680    26.1672 0.0000e+00
 241.670758     21.121  34.775765     7.8734     2.2462     20.944    33.5717    26.1710 0.0000e+00
 241.670764     21.427  34.774635     7.8683     2.2559     21.247    33.5753    26.1745 0.0000e+00
 241.670770     21.726  34.773964     7.8638     2.2661     21.544    33.5788    26.1779 0.0000e+00
 241.670775     22.020  34.773340     7.8594     2.2478     21.835    33.5822    26.1813 0.0000e+00
 241.670781     22.307  34.772415     7.8555     2.2536     22.120    33.5848    26.1839 0.0000e+00
 241.670787     22.584  34.771557     7.8523     2.2417     22.394    33.5868    26.1860 0.0000e+00
 241.670793     22.862  34.771226     7.8507     2.2379     22.670    33.5879    26.1870 0.0000e+00
 241.670799     23.157  34.772025     7.8513     2.2511     22.962    33.5880    26.1870 0.0000e+00
 241.670804     23.457  34.774382     7.8514     2.2392     23.260    33.5903    26.1888 0.0000e+00
 241.670810     23.755  34.775768     7.8471     2.2371     23.555    33.5958    26.1938 0.0000e+00
 241.670816     24.061  34.773475     7.8393     2.2392     23.859    33.6007    26.1988 0.0000e+00
 241.670822     24.382  34.769411     7.8322     2.2349     24.177    33.6030    26.2016 0.0000e+00
 241.670828     24.718  34.766477     7.8287     2.2346     24.510    33.6031    26.2022 0.0000e+00
 241.670833     25.059  34.765162     7.8272     2.2289     24.848    33.6030    26.2023 0.0000e+00
 241.670839     25.394  34.764754     7.8255     2.2212     25.181    33.6040    26.2034 0.0000e+00
 241.670845     25.712  34.764631     7.8234     2.2330     25.496    33.6057    26.2051 0.0000e+00
 241.670851     26.009  34.764554     7.8216     2.2328     25.790    33.6073    26.2065 0.0000e+00
 241.670856     26.287  34.764341     7.8198     2.2288     26.066    33.6086    26.2079 0.0000e+00
 241.670862     26.559  34.764193     7.8183     2.2368     26.336    33.6098    26.2090 0.0000e+00
 241.670868     26.833  34.764398     7.8180     2.2208     26.607    33.6102    26.2093 0.0000e+00
 241.670874     27.111  34.764596     7.8189     2.2229     26.883    33.6094    26.2086 0.0000e+00
 241.670880     27.396  34.764415     7.8191     2.2329     27.166    33.6089    26.2081 0.0000e+00
 241.670885     27.698  34.764096     7.8179     2.2190     27.465    33.6095    26.2089 0.0000e+00
 241.670891     28.020  34.763700     7.8166     2.2388     27.784    33.6102    26.2096 0.0000e+00
 241.670897     28.352  34.763184     7.8161     2.2408     28.113    33.6100    26.2095 0.0000e+00
 241.670903     28.684  34.762902     7.8159     2.2329     28.443    33.6097    26.2093 0.0000e+00
 241.670909     29.014  34.762962     7.8157     2.2428     28.770    33.6098    26.2094 0.0000e+00
 241.670914     29.334  34.763367     7.8159     2.2212     29.087    33.6099    26.2095 0.0000e+00
 241.670920     29.646  34.764022     7.8164     2.2273     29.396    33.6100    26.2094 0.0000e+00
 241.670926     29.951  34.764603     7.8161     2.2391     29.699    33.6107    26.2101 0.0000e+00
 241.670932     30.251  34.764690     7.8153     2.2174     29.996    33.6114    26.2108 0.0000e+00
 241.670938     30.549  34.764325     7.8147     2.2335     30.292    33.6115    26.2109 0.0000e+00
 241.670943     30.847  34.764064     7.8147     2.2237     30.587    33.6111    26.2106 0.0000e+00
 241.670949     31.146  34.764043     7.8152     2.2159     30.884    33.6104    26.2100 0.0000e+00
 241.670955     31.443  34.764159     7.8158     2.2375     31.178    33.6098    26.2094 0.0000e+00
 241.670961     31.732  34.764490     7.8165     2.2277     31.465    33.6094    26.2090 0.0000e+00
 241.670966     32.011  34.764844     7.8169     2.2238     31.741    33.6092    26.2088 0.0000e+00
 241.670972     32.283  34.765056     7.8166     2.2299     32.011    33.6096    26.2092 0.0000e+00
 241.670978     32.558  34.765333     7.8157     2.2102     32.284    33.6107    26.2101 0.0000e+00
 241.670984     32.844  34.765412     7.8147     2.2200     32.567    33.6116    26.2110 0.0000e+00
 241.670990     33.147  34.765323     7.8143     2.2318     32.868    33.6117    26.2112 0.0000e+00
 241.670995     33.460  34.765430     7.8144     2.2259     33.178    33.6116    26.2111 0.0000e+00
 241.671001     33.769  34.765800     7.8146     2.2377     33.484    33.6116    26.2111 0.0000e+00
 241.671007     34.064  34.766289     7.8147     2.2261     33.777    33.6119    26.2113 0.0000e+00
 241.671013     34.346  34.766355     7.8145     2.2223     34.057    33.6121    26.2114 0.0000e+00
 241.671019     34.625  34.766010     7.8142     2.2244     34.333    33.6118    26.2113 0.0000e+00
 241.671024     34.902  34.765837     7.8140     2.2227     34.608    33.6117    26.2112 0.0000e+00
 241.671030     35.167  34.766091     7.8142     2.2266     34.871    33.6117    26.2112 0.0000e+00
 241.671036     35.422  34.766475     7.8145     2.2187     35.123    33.6117    26.2111 0.0000e+00
 241.671042     35.673  34.766864     7.8147     2.2088     35.372    33.6118    26.2112 0.0000e+00
 241.671047     35.928  34.767143     7.8148     2.2227     35.625    33.6119    26.2113 0.0000e+00
 241.671053     36.194  34.767050     7.8146     2.2128     35.889    33.6118    26.2113 0.0000e+00
 241.671059     36.476  34.766945     7.8142     2.2147     36.168    33.6120    26.2114 0.0000e+00
 241.671065     36.771  34.767174     7.8139     2.2149     36.461    33.6124    26.2118 0.0000e+00
 241.671071     37.074  34.767407     7.8137     2.2031     36.761    33.6127    26.2121 0.0000e+00
 241.671076     37.390  34.767318     7.8136     2.2248     37.075    33.6125    26.2120 0.0000e+00
 241.671082     37.711  34.767272     7.8137     2.2128     37.393    33.6122    26.2117 0.0000e+00
 241.671088     38.025  34.767693     7.8140     2.2190     37.704    33.6122    26.2117 0.0000e+00
 241.671094     38.321  34.768504     7.8148     2.2210     37.998    33.6122    26.2115 0.0000e+00
 241.671100     38.597  34.769590     7.8154     2.2092     38.271    33.6126    26.2118 0.0000e+00
 241.671105     38.857  34.770645     7.8151     2.2212     38.529    33.6139    26.2129 0.0000e+00
 241.671111     39.109  34.770760     7.8145     2.2192     38.779    33.6145    26.2134 0.0000e+00
 241.671117     39.360  34.770014     7.8143     2.2134     39.028    33.6138    26.2129 0.0000e+00
