data/oxygen options/ONMS/Olympic_Coast_National_Marine_Sanctuary_CTD_Data_2005_2023/raw_data/2019/CAST_CE042_190828faed.cnv
* Sea-Bird SBE 19 Data File:
* FileName = C:\2019 Mooring Data\Casts\CAST_CE042_190828.hex
* Software Version SeatermAF 2.1.2
* Temperature SN = 2997
* Conductivity SN = 2997
* System UpLoad Time = Aug 28 2019 19:12:00 (localtime) = Aug 28 2019 19:12:00 (UTC)
** CAST_CE042_190828
* ds
# nquan = 9                                 
# nvalues = 972                         
# units = specified
# name 0 = timeJ: Julian Days
# name 1 = prSM: Pressure, Strain Gauge [db]
# name 2 = c0mS/cm: Conductivity [mS/cm]
# name 3 = t090C: Temperature [ITS-90, deg C]
# name 4 = sbeox0ML/L: Oxygen, SBE 43 [ml/l]
# name 5 = depSM: Depth [salt water, m], lat = 47.5
# name 6 = sal00: Salinity, Practical [PSU]
# name 7 = sigma-é00: Density [sigma-theta, kg/m^3]
# name 8 = flag: flag
# span 0 = 240.745741, 240.751360       
# span 1 =     -5.228,     42.989       
# span 2 =  -0.000076,  40.684346       
# span 3 =     7.8010,    20.1401       
# span 4 =    -1.7007,    15.7629       
# span 5 =     -5.184,     42.626       
# span 6 =     0.0000,    33.8157       
# span 7 =    -1.8238,    26.3726       
# span 8 = 0.0000e+00, 0.0000e+00       
# interval = seconds: 0.5
# start_time = Aug 28 2019 17:53:52 [Instrument's time stamp, header]
# bad_flag = -9.990e-29
*END*
[from data line 481]
 240.748524      0.865  39.610490    14.5349     8.3344      0.858    32.3868    24.0571 -9.990e-29
 240.748530      0.857  39.607965    14.5625     8.3161      0.850    32.3615    24.0318 -9.990e-29
 240.748536      0.850  39.596725    14.5782     8.3207      0.843    32.3382    24.0105 -9.990e-29
 240.748542      0.847  39.581550    14.5841     8.3443      0.840    32.3194    23.9948 -9.990e-29
 240.748547      0.848  39.564378    14.5867     8.3663      0.841    32.3016    23.9805 -9.990e-29
 240.748553      0.853  39.548702    14.5874     8.3690      0.846    32.2868    23.9689 -9.990e-29
 240.748559      0.858  39.547960    14.5873     8.3638      0.851    32.2862    23.9685 -9.990e-29
 240.748565      0.859  39.562794    14.5887     8.3534      0.852    32.2985    23.9777 -9.990e-29
 240.748571      0.856  39.575588    14.5932     8.3694      0.849    32.3064    23.9828 -9.990e-29
 240.748576      0.849  39.582607    14.6031     8.3503      0.842    32.3046    23.9793 -9.990e-29
 240.748582      0.843  39.590892    14.6143     8.3158      0.836    32.3028    23.9756 -9.990e-29
 240.748588      0.844  39.600216    14.6207     8.2883      0.837    32.3060    23.9767 -9.990e-29
 240.748594      0.853  39.606702    14.6249     8.2709      0.846    32.3084    23.9776 -9.990e-29
 240.748600      0.858  39.596527    14.6278     8.2640      0.851    32.2967    23.9680 -9.990e-29
 240.748605      0.850  39.575642    14.6270     8.2713      0.843    32.2784    23.9541 -9.990e-29
 240.748611      0.834  39.564826    14.6148     8.2802      0.827    32.2787    23.9569 -9.990e-29
 240.748617      0.817  39.540624    14.5709     8.2898      0.810    32.2932    23.9773 -9.990e-29
 240.748623      0.806  39.479649    14.4950     8.3007      0.799    32.3008    23.9992 -9.990e-29
 240.748628      0.810  39.408570    14.4233     8.2968      0.803    32.2957    24.0103 -9.990e-29
 240.748634      0.828  39.362970    14.3834     8.2942      0.821    32.2874    24.0122 -9.990e-29
 240.748640      0.848  39.354169    14.3763     8.2908      0.841    32.2852    24.0121 -9.990e-29
 240.748646      0.864  39.370897    14.3877     8.2768      0.857    32.2910    24.0141 -9.990e-29
 240.748652      0.877  39.387790    14.3973     8.2912      0.870    32.2984    24.0178 -9.990e-29
 240.748657      0.887  39.390906    14.3964     8.3098      0.880    32.3020    24.0208 -9.990e-29
 240.748663      0.895  39.384327    14.3888     8.3178      0.888    32.3024    24.0226 -9.990e-29
 240.748669      0.902  39.370400    14.3807     8.3308      0.894    32.2964    24.0197 -9.990e-29
 240.748675      0.907  39.356230    14.3779     8.3060      0.899    32.2858    24.0121 -9.990e-29
 240.748681      0.912  39.354756    14.3858     8.2851      0.904    32.2778    24.0043 -9.990e-29
 240.748686      0.916  39.365610    14.4046     8.2720      0.908    32.2721    23.9960 -9.990e-29
 240.748692      0.920  39.376874    14.4262     8.2751      0.912    32.2643    23.9855 -9.990e-29
 240.748698      0.924  39.380538    14.4379     8.3006      0.916    32.2579    23.9781 -9.990e-29
 240.748704      0.928  39.377494    14.4313     8.3017      0.920    32.2607    23.9816 -9.990e-29
 240.748709      0.933  39.373128    14.4120     8.3102      0.925    32.2728    23.9950 -9.990e-29
 240.748715      0.939  39.369942    14.3907     8.3321      0.931    32.2876    24.0109 -9.990e-29
 240.748721      0.946  39.366969    14.3756     8.3305      0.938    32.2975    24.0216 -9.990e-29
 240.748727      0.955  39.364080    14.3766     8.3308      0.947    32.2940    24.0188 -9.990e-29
 240.748733      0.962  39.369097    14.4010     8.2987      0.954    32.2782    24.0015 -9.990e-29
 240.748738      0.963  39.391986    14.4416     8.2614      0.955    32.2653    23.9830 -9.990e-29
 240.748744      0.963  39.423440    14.4767     8.2499      0.955    32.2648    23.9752 -9.990e-29
 240.748750      0.966  39.439263    14.4871     8.2741      0.958    32.2705    23.9775 -9.990e-29
 240.748756      0.971  39.429695    14.4641     8.3241      0.963    32.2810    23.9904 -9.990e-29
 240.748762      0.980  39.400942    14.4152     8.3522      0.972    32.2955    24.0118 -9.990e-29
 240.748767      0.988  39.363298    14.3672     8.3631      0.980    32.3011    24.0262 -9.990e-29
 240.748773      0.988  39.338149    14.3473     8.3552      0.980    32.2947    24.0254 -9.990e-29
 240.748779      0.980  39.342258    14.3626     8.3329      0.972    32.2857    24.0153 -9.990e-29
 240.748785      0.971  39.368697    14.4007     8.3318      0.963    32.2781    24.0015 -9.990e-29
 240.748791      0.966  39.401691    14.4391     8.3293      0.958    32.2762    23.9920 -9.990e-29
 240.748796      0.963  39.430855    14.4612     8.3310      0.955    32.2844    23.9937 -9.990e-29
 240.748802      0.963  39.445178    14.4638     8.3308      0.955    32.2953    24.0015 -9.990e-29
 240.748808      0.966  39.432898    14.4524     8.3230      0.958    32.2936    24.0026 -9.990e-29
 240.748814      0.968  39.402200    14.4392     8.3474      0.960    32.2766    23.9922 -9.990e-29
 240.748819      0.964  39.383736    14.4372     8.3619      0.956    32.2614    23.9810 -9.990e-29
 240.748825      0.959  39.394796    14.4475     8.3970      0.951    32.2629    23.9800 -9.990e-29
 240.748831      0.957  39.417014    14.4574     8.3929      0.949    32.2750    23.9872 -9.990e-29
 240.748837      0.957  39.428429    14.4569     8.3822      0.949    32.2858    23.9956 -9.990e-29
 240.748843      0.959  39.433548    14.4549     8.3698      0.951    32.2921    24.0009 -9.990e-29
 240.748848      0.960  39.444722    14.4693     8.3532      0.952    32.2903    23.9965 -9.990e-29
 240.748854      0.955  39.463894    14.4999     8.3602      0.947    32.2823    23.9839 -9.990e-29
 240.748860      0.947  39.481835    14.5212     8.3741      0.939    32.2810    23.9784 -9.990e-29
 240.748866      0.946  39.486559    14.5144     8.3751      0.938    32.2909    23.9875 -9.990e-29
 240.748872      0.955  39.469740    14.4858     8.3654      0.947    32.2994    24.0000 -9.990e-29
 240.748877      0.970  39.432396    14.4551     8.3489      0.962    32.2909    23.9999 -9.990e-29
 240.748883      0.985  39.404153    14.4460     8.3768      0.977    32.2727    23.9878 -9.990e-29
 240.748889      0.991  39.411653    14.4636     8.3845      0.983    32.2649    23.9781 -9.990e-29
 240.748895      0.988  39.437377    14.4865     8.3802      0.980    32.2693    23.9767 -9.990e-29
 240.748900      0.986  39.457878    14.5011     8.4056      0.978    32.2758    23.9787 -9.990e-29
 240.748906      0.988  39.481384    14.5113     8.4330      0.980    32.2888    23.9865 -9.990e-29
 240.748912      0.990  39.493253    14.5133     8.4508      0.982    32.2979    23.9931 -9.990e-29
 240.748918      0.988  39.470603    14.5073     8.4285      0.980    32.2823    23.9823 -9.990e-29
 240.748924      0.986  39.455383    14.5126     8.3888      0.978    32.2640    23.9671 -9.990e-29
 240.748929      0.985  39.477610    14.5383     8.3564      0.977    32.2629    23.9608 -9.990e-29
 240.748935      0.978  39.514769    14.5740     8.3672      0.970    32.2670    23.9565 -9.990e-29
 240.748941      0.976  39.557542    14.6154     8.3974      0.968    32.2715    23.9512 -9.990e-29
 240.748947      0.986  39.636015    14.6667     8.3865      0.978    32.3002    23.9625 -9.990e-29
 240.748953      1.000  39.740530    14.7109     8.3623      0.992    32.3583    23.9979 -9.990e-29
 240.748958      1.006  39.786973    14.7244     8.3409      0.998    32.3892    24.0189 -9.990e-29
 240.748964      1.006  39.762172    14.7177     8.3730      0.998    32.3723    24.0073 -9.990e-29
 240.748970      1.006  39.739374    14.7239     8.3986      0.998    32.3465    23.9860 -9.990e-29
 240.748976      1.012  39.756412    14.7623     8.3914      1.004    32.3300    23.9652 -9.990e-29
 240.748981      1.019  39.805687    14.8104     8.3837      1.010    32.3347    23.9586 -9.990e-29
 240.748987      1.020  39.846995    14.8266     8.3644      1.011    32.3586    23.9736 -9.990e-29
 240.748993      1.011  39.844078    14.8118     8.3640      1.003    32.3683    23.9842 -9.990e-29
 240.748999      0.994  39.827696    14.8111     8.3410      0.986    32.3540    23.9733 -9.990e-29
 240.749005      0.982  39.842562    14.8622     8.3295      0.974    32.3251    23.9401 -9.990e-29
 240.749010      0.983  39.907290    14.9487     8.3249      0.975    32.3119    23.9114 -9.990e-29
 240.749016      0.992  39.977640    15.0189     8.3514      0.984    32.3173    23.9005 -9.990e-29
 240.749022      1.001  39.989447    15.0537     8.3791      0.993    32.2991    23.8791 -9.990e-29
 240.749028      1.008  39.974634    15.0629     8.3912      1.000    32.2782    23.8609 -9.990e-29
 240.749034      1.015  39.976099    15.0561     8.3814      1.007    32.2851    23.8677 -9.990e-29
 240.749039      1.024  39.991241    15.0431     8.3726      1.015    32.3095    23.8893 -9.990e-29
 240.749045      1.027  39.996495    15.0294     8.3779      1.018    32.3256    23.9046 -9.990e-29
 240.749051      1.025  39.979187    15.0204     8.3619      1.016    32.3174    23.9003 -9.990e-29
 240.749057      1.025  39.973274    15.0214     8.3354      1.016    32.3113    23.8953 -9.990e-29
 240.749063      1.031  39.999905    15.0349     8.2752      1.022    32.3241    23.9023 -9.990e-29
 240.749068      1.044  40.041315    15.0538     8.2892      1.035    32.3458    23.9149 -9.990e-29
 240.749074      1.061  40.064726    15.0623     8.3430      1.052    32.3598    23.9239 -9.990e-29
 240.749080      1.075  40.053682    15.0615     8.3932      1.066    32.3505    23.9169 -9.990e-29
 240.749086      1.081  40.035939    15.0643     8.4104      1.072    32.3322    23.9022 -9.990e-29
 240.749091      1.081  40.024159    15.0683     8.4162      1.072    32.3183    23.8907 -9.990e-29
 240.749097      1.078  39.991356    15.0612     8.4451      1.069    32.2946    23.8740 -9.990e-29
 240.749103      1.080  39.902673    15.0279     8.4891      1.071    32.2423    23.8408 -9.990e-29
 240.749109      1.089  39.773052    14.9664     8.4912      1.080    32.1761    23.8031 -9.990e-29
 240.749115      1.096  39.687712    14.9030     8.4590      1.087    32.1514    23.7976 -9.990e-29
 240.749120      1.101  39.671645    14.8554     8.4319      1.092    32.1761    23.8268 -9.990e-29
 240.749126      1.109  39.665820    14.8211     8.4330      1.100    32.1992    23.8519 -9.990e-29
 240.749132      1.117  39.644463    14.8122     8.4582      1.108    32.1872    23.8446 -9.990e-29
 240.749138      1.119  39.645081    14.8399     8.4825      1.110    32.1649    23.8215 -9.990e-29
 240.749144      1.118  39.689688    14.8834     8.4684      1.109    32.1693    23.8156 -9.990e-29
 240.749149      1.116  39.743054    14.9069     8.4464      1.107    32.1981    23.8328 -9.990e-29
 240.749155      1.118  39.779397    14.9041     8.4240      1.109    32.2333    23.8604 -9.990e-29
 240.749161      1.120  39.780476    14.8952     8.4233      1.111    32.2416    23.8687 -9.990e-29
 240.749167      1.118  39.757173    14.8826     8.4231      1.109    32.2310    23.8632 -9.990e-29
 240.749172      1.111  39.770166    14.8689     8.4281      1.102    32.2540    23.8839 -9.990e-29
 240.749178      1.104  39.810940    14.8603     8.4088      1.095    32.2980    23.9197 -9.990e-29
 240.749184      1.100  39.835234    14.8534     8.3778      1.091    32.3257    23.9425 -9.990e-29
 240.749190      1.095  39.842321    14.8517     8.3643      1.086    32.3335    23.9489 -9.990e-29
 240.749196      1.084  39.844371    14.8588     8.3734      1.075    32.3295    23.9442 -9.990e-29
 240.749201      1.070  39.850758    14.8740     8.4147      1.061    32.3227    23.9357 -9.990e-29
 240.749207      1.062  39.869356    14.9017     8.4534      1.053    32.3165    23.9251 -9.990e-29
 240.749213      1.063  39.898011    14.9381     8.4535      1.054    32.3123    23.9140 -9.990e-29
 240.749219      1.073  39.916618    14.9635     8.3974      1.064    32.3080    23.9053 -9.990e-29
 240.749225      1.092  39.910157    14.9680     8.3817      1.083    32.2985    23.8970 -9.990e-29
 240.749230      1.119  39.874981    14.9604     8.4161      1.110    32.2730    23.8790 -9.990e-29
 240.749236      1.145  39.836350    14.9514     8.4710      1.135    32.2456    23.8598 -9.990e-29
 240.749242      1.169  39.833408    14.9513     8.4745      1.159    32.2430    23.8578 -9.990e-29
 240.749248      1.191  39.858267    14.9598     8.4310      1.181    32.2584    23.8679 -9.990e-29
 240.749253      1.218  39.874506    14.9528     8.3995      1.208    32.2788    23.8851 -9.990e-29
 240.749259      1.259  39.850936    14.9118     8.3843      1.248    32.2915    23.9036 -9.990e-29
 240.749265      1.318  39.784509    14.8613     8.3688      1.307    32.2732    23.9003 -9.990e-29
 240.749271      1.386  39.735448    14.8424     8.3397      1.374    32.2445    23.8822 -9.990e-29
 240.749277      1.457  39.746242    14.8478     8.2670      1.445    32.2497    23.8851 -9.990e-29
 240.749282      1.541  39.760559    14.8208     8.1890      1.528    32.2850    23.9181 -9.990e-29
 240.749288      1.643  39.709983    14.7397     8.1230      1.629    32.3064    23.9518 -9.990e-29
 240.749294      1.761  39.607007    14.6435     8.0723      1.746    32.2928    23.9617 -9.990e-29
 240.749300      1.898  39.509032    14.5528     8.0310      1.882    32.2791    23.9703 0.0000e+00
 240.749306      2.059  39.436435    14.4514     7.9992      2.042    32.2973    24.0057 0.0000e+00
 240.749311      2.245  39.372878    14.3422     7.9737      2.226    32.3303    24.0540 0.0000e+00
 240.749317      2.460  39.313518    14.2506     7.9492      2.439    32.3525    24.0902 0.0000e+00
 240.749323      2.705  39.269747    14.1892     7.9323      2.682    32.3637    24.1116 0.0000e+00
 240.749329      2.973  39.242378    14.1509     7.9271      2.948    32.3706    24.1248 0.0000e+00
 240.749334      3.256  39.223304    14.1255     7.8955      3.229    32.3743    24.1329 0.0000e+00
 240.749340      3.546  39.208767    14.1070     7.8574      3.516    32.3763    24.1384 0.0000e+00
 240.749346      3.832  39.195461    14.0935     7.7891      3.800    32.3753    24.1404 0.0000e+00
 240.749352      4.110  39.184527    14.0848     7.7287      4.076    32.3725    24.1400 0.0000e+00
 240.749358      4.390  39.179145    14.0774     7.6753      4.353    32.3736    24.1424 0.0000e+00
 240.749363      4.672  39.175904    14.0669     7.6605      4.633    32.3793    24.1490 0.0000e+00
 240.749369      4.957  39.168650    14.0518     7.6678      4.916    32.3852    24.1567 0.0000e+00
 240.749375      5.251  39.155953    14.0343     7.6671      5.207    32.3882    24.1625 0.0000e+00
 240.749381      5.542  39.140888    14.0202     7.6384      5.496    32.3860    24.1638 0.0000e+00
 240.749387      5.814  39.127288    14.0136     7.6077      5.765    32.3789    24.1597 0.0000e+00
 240.749392      6.071  39.119257    14.0115     7.5711      6.020    32.3732    24.1557 0.0000e+00
 240.749398      6.331  39.117132    14.0066     7.5077      6.278    32.3753    24.1583 0.0000e+00
 240.749404      6.605  39.115687    13.9949     7.3895      6.550    32.3837    24.1672 0.0000e+00
 240.749410      6.894  39.110605    13.9790     7.1918      6.836    32.3922    24.1771 0.0000e+00
 240.749416      7.190  39.098316    13.9621     6.9883      7.130    32.3950    24.1827 0.0000e+00
 240.749421      7.491  39.081317    13.9435     6.8011      7.428    32.3949    24.1865 0.0000e+00
 240.749427      7.799  39.062541    13.9166     6.6671      7.734    32.4001    24.1960 0.0000e+00
 240.749433      8.111  39.034716    13.8709     6.5503      8.043    32.4128    24.2152 0.0000e+00
 240.749439      8.422  38.989143    13.7925     6.3882      8.352    32.4367    24.2497 0.0000e+00
