data/oxygen options/ONMS/Olympic_Coast_National_Marine_Sanctuary_CTD_Data_2005_2023/raw_data/2019/CAST_MB015_190827faed.cnv
* Sea-Bird SBE 19 Data File:
* FileName = C:\2019 Mooring Data\Casts\CAST_MB015_190827.hex
* Software Version SeatermAF 2.1.2
* Temperature SN = 2997
* Conductivity SN = 2997
* System UpLoad Time = Aug 27 2019 18:42:18 (localtime) = Aug 27 2019 18:42:18 (UTC)
** CAST_MB015_190827
* ds
# nquan = 9                                 
# nvalues = 810                         
# units = specified
# name 0 = timeJ: Julian Days
# name 1 = prSM: Pressure, Strain Gauge [db]
# name 2 = c0mS/cm: Conductivity [mS/cm]
# name 3 = t090C: Temperature [ITS-90, deg C]
# name 4 = sbeox0ML/L: Oxygen, SBE 43 [ml/l]
# name 5 = depSM: Depth [salt water, m], lat = 47.5
# name 6 = sal00: Salinity, Practical [PSU]
# name 7 = sigma-é00: Density [sigma-theta, kg/m^3]
# name 8 = flag: flag
# span 0 = 239.741921, 239.746603       
# span 1 =     -4.720,     18.486       
# span 2 =   0.459563,  40.461380       
# span 3 =     8.9772,    21.3284       
# span 4 =    -1.6735,    10.5311       
# span 5 =     -4.681,     18.331       
# span 6 =     0.2413,    33.6639       
# span 7 =    -1.8637,    25.8020       
# span 8 = 0.0000e+00, 0.0000e+00       
# interval = seconds: 0.5
# start_time = Aug 27 2019 17:48:22 [Instrument's time stamp, header]
# bad_flag = -9.990e-29
*END*
[from data line 321]
 239.743779     -0.157   0.495775    20.9522    -1.6582     -0.156     0.2612    -1.7964 -9.990e-29
 239.743785     -0.155   0.495646    20.9606    -1.6579     -0.154     0.2611    -1.7983 -9.990e-29
 239.743791     -0.152   0.496126    20.9706    -1.6573     -0.151     0.2613    -1.8004 -9.990e-29
 239.743796     -0.150   0.496749    20.9826    -1.6568     -0.149     0.2616    -1.8028 -9.990e-29
 239.743802     -0.147   0.497236    20.9950    -1.6563     -0.146     0.2617    -1.8053 -9.990e-29
 239.743808     -0.143   0.497131    21.0075    -1.6557     -0.142     0.2616    -1.8081 -9.990e-29
 239.743814     -0.138   0.496294    21.0213    -1.6553     -0.137     0.2611    -1.8115 -9.990e-29
 239.743819     -0.132   0.495267    21.0353    -1.6549     -0.131     0.2605    -1.8151 -9.990e-29
 239.743825     -0.128   0.494343    21.0480    -1.6545     -0.127     0.2599    -1.8183 -9.990e-29
 239.743831     -0.130   0.493397    21.0598    -1.6542     -0.129     0.2593    -1.8213 -9.990e-29
 239.743837     -0.136   0.492830    21.0730    -1.6538     -0.135     0.2589    -1.8244 -9.990e-29
 239.743843     -0.140   0.492993    21.0890    -1.6534     -0.139     0.2589    -1.8279 -9.990e-29
 239.743848     -0.142   0.493547    21.1060    -1.6534     -0.141     0.2591    -1.8315 -9.990e-29
 239.743854     -0.144   0.494124    21.1228    -1.6530     -0.143     0.2593    -1.8350 -9.990e-29
 239.743860     -0.144   0.494387    21.1392    -1.6529     -0.143     0.2594    -1.8385 -9.990e-29
 239.743866     -0.144   0.494133    21.1540    -1.6528     -0.143     0.2592    -1.8419 -9.990e-29
 239.743872     -0.142   0.493577    21.1670    -1.6528     -0.141     0.2588    -1.8451 -9.990e-29
 239.743877     -0.140   0.493083    21.1793    -1.6528     -0.139     0.2585    -1.8480 -9.990e-29
 239.743883     -0.136   0.492549    21.1913    -1.6533     -0.135     0.2581    -1.8509 -9.990e-29
 239.743889     -0.131   0.491814    21.2031    -1.6534     -0.130     0.2577    -1.8538 -9.990e-29
 239.743895     -0.124   0.491006    21.2137    -1.6533     -0.123     0.2572    -1.8565 -9.990e-29
 239.743900     -0.114   0.490156    21.2223    -1.6533     -0.113     0.2567    -1.8588 -9.990e-29
 239.743906     -0.107   0.489236    21.2294    -1.6534     -0.106     0.2561    -1.8608 -9.990e-29
 239.743912     -0.104   0.488129    21.2345    -1.6534     -0.103     0.2555    -1.8624 -9.990e-29
 239.743918     -0.102   0.487017    21.2370    -1.6538     -0.101     0.2549    -1.8634 -9.990e-29
 239.743924     -0.097   0.486079    21.2369    -1.6544     -0.096     0.2544    -1.8637 -9.990e-29
 239.743929     -0.092   0.485172    21.2333    -1.6547     -0.091     0.2539    -1.8633 -9.990e-29
 239.743935     -0.091   0.484194    21.2277    -1.6552     -0.090     0.2534    -1.8625 -9.990e-29
 239.743941     -0.090   0.482950    21.2243    -1.6552     -0.089     0.2528    -1.8622 -9.990e-29
 239.743947     -0.085   0.481441    21.2238    -1.6553     -0.084     0.2520    -1.8627 -9.990e-29
 239.743953     -0.075   0.479868    21.2233    -1.6561     -0.074     0.2512    -1.8632 -9.990e-29
 239.743958     -0.060   0.478351    21.2213    -1.6564     -0.059     0.2504    -1.8634 -9.990e-29
 239.743964     -0.043   0.477078    21.2158    -1.6566     -0.043     0.2497    -1.8627 -9.990e-29
 239.743970     -0.031   0.476014    21.2051    -1.6568     -0.031     0.2492    -1.8607 -9.990e-29
 239.743976     -0.029   0.474847    21.1918    -1.6569     -0.029     0.2486    -1.8582 -9.990e-29
 239.743981     -0.031   0.473683    21.1790    -1.6570     -0.031     0.2481    -1.8558 -9.990e-29
 239.743987     -0.033   0.472631    21.1683    -1.6576     -0.033     0.2476    -1.8539 -9.990e-29
 239.743993     -0.036   0.471394    21.1605    -1.6576     -0.036     0.2470    -1.8527 -9.990e-29
 239.743999     -0.035   0.469985    21.1515    -1.6576     -0.035     0.2463    -1.8512 -9.990e-29
 239.744005     -0.026   0.468741    21.1391    -1.6579     -0.026     0.2457    -1.8490 -9.990e-29
 239.744010     -0.013   0.467662    21.1275    -1.6582     -0.013     0.2452    -1.8468 -9.990e-29
 239.744016     -0.004   0.466418    21.1194    -1.6589     -0.004     0.2445    -1.8455 -9.990e-29
 239.744022      0.002   0.465009    21.1138    -1.6591      0.002     0.2438    -1.8449 -9.990e-29
 239.744028      0.010   0.463773    21.1089    -1.6594      0.010     0.2432    -1.8443 -9.990e-29
 239.744034      0.016   0.462908    21.1018    -1.6598      0.016     0.2427    -1.8430 -9.990e-29
 239.744039      0.016   0.462365    21.0928    -1.6603      0.016     0.2425    -1.8413 -9.990e-29
 239.744045      0.010   0.462160    21.0858    -1.6608      0.010     0.2424    -1.8398 -9.990e-29
 239.744051      0.001   0.462016    21.0804    -1.6617      0.001     0.2424    -1.8387 -9.990e-29
 239.744057     -0.001   0.461373    21.0729    -1.6629     -0.001     0.2421    -1.8373 -9.990e-29
 239.744063      0.003   0.460481    21.0613    -1.6639      0.003     0.2417    -1.8350 -9.990e-29
 239.744068      0.008   0.459808    21.0477    -1.6648      0.008     0.2414    -1.8323 -9.990e-29
 239.744074      0.020   0.459563    21.0356    -1.6291      0.020     0.2413    -1.8297 -9.990e-29
 239.744080      0.038   0.459973    21.0234    -1.5294      0.038     0.2416    -1.8268 -9.990e-29
 239.744086      0.056   0.461030    21.0085    -1.5502      0.056     0.2422    -1.8231 -9.990e-29
 239.744091      0.076   0.463589    20.9886    -1.5550      0.075     0.2437    -1.8177 -9.990e-29
 239.744097      0.101   0.471058    20.9561    -1.5529      0.100     0.2479    -1.8074 -9.990e-29
 239.744103      0.130   0.494504    20.8933    -1.5486      0.129     0.2609    -1.7839 -9.990e-29
 239.744109      0.161   0.567401    20.7560    -1.5472      0.160     0.3012    -1.7236 -9.990e-29
 239.744115      0.194   0.788054    20.4077    -1.5468      0.192     0.4259    -1.5542 -9.990e-29
 239.744120      0.234   1.450664    19.4304    -1.5495      0.232     0.8223    -1.0497 -9.990e-29
 239.744126      0.281   3.438711    17.7101    -1.5519      0.279     2.1265     0.2799 -9.990e-29
 239.744132      0.338   9.384098    16.0019    -1.5536      0.335     6.4796     3.9154 -9.990e-29
 239.744138      0.407  20.409694    14.9199    -1.5530      0.404    15.4502    10.9714 -9.990e-29
 239.744144      0.481  31.274598    14.3949    -1.5522      0.477    25.0108    18.4065 -9.990e-29
 239.744149      0.557  37.011981    14.1993    -1.5523      0.552    30.2927    22.5121 -9.990e-29
 239.744155      0.627  39.020984    14.1798    -1.5541      0.622    32.1440    23.9439 -9.990e-29
 239.744161      0.683  39.850334    14.2321    -1.5558      0.677    32.8618    24.4870 -9.990e-29
 239.744167      0.724  40.188626    14.2639    -1.5572      0.718    33.1457    24.6995 -9.990e-29
 239.744172      0.752  40.229903    14.2395    -1.5574      0.746    33.2047    24.7501 -9.990e-29
 239.744178      0.775  40.154173    14.1767    -1.5565      0.769    33.1889    24.7511 -9.990e-29
 239.744184      0.801  40.076712    14.0941    -1.5533      0.794    33.1886    24.7680 -9.990e-29
 239.744190      0.832  40.052220    14.0172    -1.5542      0.825    33.2323    24.8177 -9.990e-29
 239.744196      0.862  40.138806    13.9784    -1.5568      0.855    33.3461    24.9137 -9.990e-29
 239.744201      0.884  40.301854    13.9824    -1.5587      0.877    33.4938    25.0269 -9.990e-29
 239.744207      0.895  40.401472    13.9954    -1.5581      0.888    33.5748    25.0868 -9.990e-29
 239.744213      0.896  40.343138    13.9871    -1.5516      0.889    33.5279    25.0523 -9.990e-29
 239.744219      0.888  40.192509    13.9671    -1.5522      0.881    33.4057    24.9620 -9.990e-29
 239.744225      0.877  40.073083    13.9567    -1.5553      0.870    33.3040    24.8856 -9.990e-29
 239.744230      0.877  40.022257    13.9536    -1.5576      0.870    33.2595    24.8519 -9.990e-29
 239.744236      0.887  40.030554    13.9516    -1.5589      0.880    33.2690    24.8596 -9.990e-29
 239.744242      0.899  40.114125    13.9557    -1.5591      0.891    33.3429    24.9159 -9.990e-29
 239.744248      0.909  40.207471    13.9590    -1.5551      0.901    33.4266    24.9799 -9.990e-29
 239.744253      0.919  40.174674    13.9519    -1.5531      0.911    33.4023    24.9626 -9.990e-29
 239.744259      0.929  40.049909    13.9436    -1.5527      0.921    33.2938    24.8805 -9.990e-29
 239.744265      0.940  39.998425    13.9451    -1.5535      0.932    33.2448    24.8423 -9.990e-29
 239.744271      0.948  40.119078    13.9545    -1.5568      0.940    33.3485    24.9205 -9.990e-29
 239.744277      0.949  40.302275    13.9600    -1.5574      0.941    33.5136    25.0469 -9.990e-29
 239.744282      0.948  40.317401    13.9528    -1.5534      0.940    33.5340    25.0641 -9.990e-29
 239.744288      0.949  40.162842    13.9395    -1.5522      0.941    33.4021    24.9650 -9.990e-29
 239.744294      0.952  40.009497    13.9301    -1.5511      0.944    33.2680    24.8634 -9.990e-29
 239.744300      0.957  39.948660    13.9259    -1.5543      0.949    33.2152    24.8234 -9.990e-29
 239.744306      0.964  40.021908    13.9244    -1.5579      0.956    33.2845    24.8772 -9.990e-29
 239.744311      0.974  40.205427    13.9245    -1.5557      0.966    33.4547    25.0087 -9.990e-29
 239.744317      0.983  40.370968    13.9264    -1.5540      0.975    33.6068    25.1258 -9.990e-29
 239.744323      0.987  40.422869    13.9295    -1.5525      0.979    33.6523    25.1603 -9.990e-29
 239.744329      0.992  40.350294    13.9312    -1.5524      0.984    33.5834    25.1067 -9.990e-29
 239.744334      1.001  40.232389    13.9333    -1.5569      0.993    33.4720    25.0203 -9.990e-29
 239.744340      1.012  40.229550    13.9413    -1.5588      1.004    33.4624    25.0112 -9.990e-29
 239.744346      1.015  40.358766    13.9521    -1.5586      1.007    33.5730    25.0944 -9.990e-29
 239.744352      1.012  40.461380    13.9570    -1.5575      1.004    33.6639    25.1636 -9.990e-29
 239.744358      1.010  40.430076    13.9540    -1.5546      1.002    33.6375    25.1438 -9.990e-29
 239.744363      1.015  40.279736    13.9463    -1.5534      1.007    33.5047    25.0428 -9.990e-29
 239.744369      1.021  40.162236    13.9401    -1.5533      1.012    33.4010    24.9640 -9.990e-29
 239.744375      1.020  40.204344    13.9405    -1.5557      1.011    33.4397    24.9939 -9.990e-29
 239.744381      1.014  40.324484    13.9446    -1.5600      1.006    33.5477    25.0764 -9.990e-29
 239.744387      1.009  40.386065    13.9452    -1.5610      1.001    33.6043    25.1200 -9.990e-29
 239.744392      1.010  40.306590    13.9387    -1.5601      1.002    33.5362    25.0688 -9.990e-29
 239.744398      1.016  40.119038    13.9292    -1.5575      1.008    33.3704    24.9426 -9.990e-29
 239.744404      1.025  39.983904    13.9246    -1.5563      1.016    33.2490    24.8498 -9.990e-29
 239.744410      1.027  39.987637    13.9266    -1.5557      1.018    33.2507    24.8507 -9.990e-29
 239.744416      1.024  40.096061    13.9302    -1.5575      1.015    33.3482    24.9253 -9.990e-29
 239.744421      1.018  40.237620    13.9312    -1.5548      1.010    33.4787    25.0259 -9.990e-29
 239.744427      1.011  40.321090    13.9287    -1.5545      1.003    33.5584    25.0880 -9.990e-29
 239.744433      1.004  40.280281    13.9265    -1.5584      0.996    33.5224    25.0607 -9.990e-29
 239.744439      1.004  40.107878    13.9277    -1.5601      0.996    33.3614    24.9360 -9.990e-29
 239.744444      1.008  39.892721    13.9296    -1.5603      1.000    33.1601    24.7801 -9.990e-29
 239.744450      1.019  39.776402    13.9324    -1.5568      1.010    33.0499    24.6944 -9.990e-29
 239.744456      1.031  39.815002    13.9381    -1.5562      1.022    33.0808    24.7171 -9.990e-29
 239.744462      1.038  39.938520    13.9433    -1.5587      1.029    33.1908    24.8009 -9.990e-29
 239.744468      1.039  40.040093    13.9461    -1.5593      1.030    33.2825    24.8712 -9.990e-29
 239.744473      1.040  40.074317    13.9486    -1.5607      1.031    33.3121    24.8936 -9.990e-29
 239.744479      1.035  40.089676    13.9524    -1.5599      1.026    33.3230    24.9012 -9.990e-29
 239.744485      1.025  40.120141    13.9546    -1.5584      1.016    33.3494    24.9211 -9.990e-29
 239.744491      1.017  40.066936    13.9492    -1.5588      1.009    33.3047    24.8878 -9.990e-29
 239.744497      1.016  39.906772    13.9378    -1.5577      1.008    33.1661    24.7830 -9.990e-29
 239.744502      1.021  39.792960    13.9327    -1.5567      1.012    33.0650    24.7060 -9.990e-29
 239.744508      1.028  39.829165    13.9382    -1.5562      1.019    33.0938    24.7271 -9.990e-29
 239.744514      1.034  39.937144    13.9437    -1.5561      1.025    33.1891    24.7996 -9.990e-29
 239.744520      1.042  39.952355    13.9413    -1.5592      1.033    33.2053    24.8126 -9.990e-29
 239.744525      1.059  39.860975    13.9296    -1.5606      1.050    33.1307    24.7574 -9.990e-29
 239.744531      1.079  39.771938    13.9163    -1.5606      1.070    33.0596    24.7052 -9.990e-29
 239.744537      1.098  39.753619    13.9152    -1.5613      1.089    33.0436    24.6931 -9.990e-29
 239.744543      1.110  39.813560    13.9249    -1.5594      1.101    33.0908    24.7275 -9.990e-29
 239.744549      1.118  39.880528    13.9352    -1.5596      1.109    33.1440    24.7665 -9.990e-29
 239.744554      1.121  39.915627    13.9430     8.0256      1.112    33.1698    24.7848 -9.990e-29
 239.744560      1.120  39.959550    13.9486    10.4010      1.111    33.2056    24.8114 -9.990e-29
 239.744566      1.114  40.008752    13.9528    10.5311      1.105    33.2476    24.8429 -9.990e-29
 239.744572      1.108  40.018566    13.9561     8.8665      1.099    33.2539    24.8470 -9.990e-29
 239.744578      1.106  39.944450    13.9571     5.2834      1.097    33.1843    24.7931 -9.990e-29
 239.744583      1.106  39.794032    13.9544     5.4918      1.097    33.0473    24.6878 -9.990e-29
 239.744589      1.111  39.663044    13.9490     5.7086      1.102    32.9306    24.5989 -9.990e-29
 239.744595      1.114  39.606484    13.9407     5.7386      1.105    32.8854    24.5656 -9.990e-29
 239.744601      1.113  39.612264    13.9318     5.6864      1.104    32.8984    24.5775 -9.990e-29
 239.744606      1.107  39.643901    13.9271     5.6215      1.098    32.9317    24.6042 -9.990e-29
 239.744612      1.096  39.600272    13.9263     5.5749      1.087    32.8920    24.5737 -9.990e-29
 239.744618      1.084  39.473089    13.9276     5.5600      1.075    32.7731    24.4816 -9.990e-29
 239.744624      1.077  39.378407    13.9264     5.5493      1.068    32.6865    24.4150 -9.990e-29
 239.744630      1.081  39.335623    13.9171     5.5341      1.072    32.6548    24.3924 -9.990e-29
 239.744635      1.091  39.305663    13.9067     5.5421      1.082    32.6360    24.3800 -9.990e-29
 239.744641      1.098  39.291745    13.9062     5.5347      1.089    32.6235    24.3705 -9.990e-29
 239.744647      1.100  39.294957    13.9125     5.5362      1.091    32.6211    24.3673 -9.990e-29
 239.744653      1.101  39.302829    13.9189     5.5330      1.092    32.6230    24.3674 -9.990e-29
 239.744659      1.109  39.309670    13.9262     5.5070      1.100    32.6231    24.3660 -9.990e-29
 239.744664      1.125  39.317933    13.9348     5.5009      1.116    32.6234    24.3645 -9.990e-29
 239.744670      1.141  39.325809    13.9418     5.4861      1.131    32.6248    24.3641 -9.990e-29
 239.744676      1.154  39.330970    13.9444     5.4754      1.144    32.6273    24.3656 -9.990e-29
 239.744682      1.165  39.331951    13.9425     5.4873      1.155    32.6298    24.3679 -9.990e-29
 239.744688      1.175  39.327872    13.9367     5.4829      1.165    32.6310    24.3700 -9.990e-29
 239.744693      1.184  39.317823    13.9269     5.4966      1.174    32.6300    24.3712 -9.990e-29
