data/oxygen options/ONMS/Olympic_Coast_National_Marine_Sanctuary_CTD_Data_2005_2023/raw_data/2019/CAST_TH015_190528faed.cnv
* Sea-Bird SBE19 Data File:
* FileName = C:\2019 Mooring Data\Casts\CAST_TH015_190528.hex
* Software Version 1.59
* Temperature SN = 2997
* Conductivity SN = 2997
* System UpLoad Time = May 28 2019 22:36:27
** CAST_TH015_190528
* ds
# nquan = 9                                 
# nvalues = 645                         
# units = specified
# name 0 = timeJ: Julian Days
# name 1 = prSM: Pressure, Strain Gauge [db]
# name 2 = c0mS/cm: Conductivity [mS/cm]
# name 3 = t090C: Temperature [ITS-90, deg C]
# name 4 = sbeox0ML/L: Oxygen, SBE 43 [ml/l]
# name 5 = depSM: Depth [salt water, m], lat = 47.5
# name 6 = sal00: Salinity, Practical [PSU]
# name 7 = sigma-é00: Density [sigma-theta, kg/m^3]
# name 8 = flag: flag
# span 0 = 148.920382, 148.924109       
# span 1 =     -5.226,     14.665       
# span 2 =   0.178291,  36.594501       
# span 3 =    11.3169,    15.4499       
# span 4 =    -1.9024,    12.9178       
# span 5 =     -5.182,     14.542       
# span 6 =     0.1073,    31.8350       
# span 7 =    -0.8844,    24.2563       
# span 8 = 0.0000e+00, 0.0000e+00       
# interval = seconds: 0.5
# start_time = May 28 2019 22:05:21 [Instrument's time stamp, header]
# bad_flag = -9.990e-29
*END*
[from data line 321]
 148.922240      0.405  36.528400    13.8596    -1.5906      0.402    30.1177    22.4457 -9.990e-29
 148.922245      0.404  36.532200    13.8613    -1.5905      0.401    30.1199    22.4470 -9.990e-29
 148.922251      0.404  36.527966    13.8622    -1.5904      0.401    30.1153    22.4433 -9.990e-29
 148.922257      0.405  36.521245    13.8613    -1.5903      0.402    30.1098    22.4392 -9.990e-29
 148.922263      0.408  36.519307    13.8585    -1.5900      0.405    30.1103    22.4401 -9.990e-29
 148.922269      0.413  36.524602    13.8565    -1.5904      0.410    30.1167    22.4455 -9.990e-29
 148.922274      0.420  36.534667    13.8568     9.7579      0.416    30.1256    22.4523 -9.990e-29
 148.922280      0.429  36.543882    13.8569    12.6498      0.425    30.1340    22.4588 -9.990e-29
 148.922286      0.441  36.547729    13.8551    12.9178      0.437    30.1389    22.4629 -9.990e-29
 148.922292      0.457  36.544617    13.8535    10.9369      0.453    30.1373    22.4620 -9.990e-29
 148.922297      0.474  36.535430    13.8532     6.5756      0.470    30.1292    22.4558 -9.990e-29
 148.922303      0.489  36.525267    13.8531     6.6576      0.485    30.1199    22.4487 -9.990e-29
 148.922309      0.501  36.522968    13.8545     6.7952      0.497    30.1167    22.4459 -9.990e-29
 148.922315      0.509  36.530501    13.8577     6.8116      0.505    30.1211    22.4486 -9.990e-29
 148.922321      0.512  36.537188    13.8611     6.7657      0.508    30.1246    22.4506 -9.990e-29
 148.922326      0.515  36.532345    13.8648     6.7186      0.511    30.1172    22.4442 -9.990e-29
 148.922332      0.518  36.519029    13.8681     6.6914      0.514    30.1024    22.4322 -9.990e-29
 148.922338      0.521  36.508035    13.8711     6.6589      0.517    30.0900    22.4220 -9.990e-29
 148.922344      0.525  36.503737    13.8759     6.6480      0.521    30.0823    22.4151 -9.990e-29
 148.922350      0.529  36.504878    13.8818     6.6313      0.525    30.0788    22.4112 -9.990e-29
 148.922355      0.530  36.508495    13.8871     6.6028      0.526    30.0779    22.4095 -9.990e-29
 148.922361      0.523  36.512127    13.8902     6.6017      0.519    30.0788    22.4095 -9.990e-29
 148.922367      0.512  36.512213    13.8902     6.5956      0.508    30.0789    22.4096 -9.990e-29
 148.922373      0.510  36.508306    13.8911     6.5930      0.506    30.0746    22.4061 -9.990e-29
 148.922378      0.525  36.508071    13.8958     6.5987      0.521    30.0707    22.4022 -9.990e-29
 148.922384      0.549  36.512309    13.9013     6.5947      0.544    30.0703    22.4007 -9.990e-29
 148.922390      0.572  36.515465    13.9041     6.5954      0.567    30.0710    22.4007 -9.990e-29
 148.922396      0.589  36.516144    13.9041     6.5971      0.584    30.0716    22.4012 -9.990e-29
 148.922402      0.602  36.515246    13.9036     6.5851      0.597    30.0712    22.4009 -9.990e-29
 148.922407      0.612  36.514931    13.9049     6.5867      0.607    30.0699    22.3997 -9.990e-29
 148.922413      0.621  36.516452    13.9080     6.5783      0.616    30.0688    22.3983 -9.990e-29
 148.922419      0.627  36.519033    13.9111     6.5879      0.622    30.0688    22.3976 -9.990e-29
 148.922425      0.632  36.522192    13.9134     6.5853      0.627    30.0698    22.3980 -9.990e-29
 148.922431      0.635  36.525096    13.9155     6.5892      0.630    30.0709    22.3983 -9.990e-29
 148.922436      0.638  36.526575    13.9177     6.5844      0.633    30.0705    22.3976 -9.990e-29
 148.922442      0.641  36.527476    13.9207     6.5671      0.636    30.0690    22.3958 -9.990e-29
 148.922448      0.643  36.528995    13.9246     6.5658      0.638    30.0673    22.3938 -9.990e-29
 148.922454      0.644  36.530913    13.9274     6.5584      0.639    30.0669    22.3929 -9.990e-29
 148.922459      0.645  36.532982    13.9280     6.5682      0.640    30.0683    22.3938 -9.990e-29
 148.922465      0.646  36.534039    13.9274     6.5808      0.641    30.0697    22.3951 -9.990e-29
 148.922471      0.647  36.533249    13.9276     6.5839      0.642    30.0688    22.3943 -9.990e-29
 148.922477      0.647  36.532912    13.9282     6.5917      0.642    30.0681    22.3936 -9.990e-29
 148.922483      0.648  36.533134    13.9277     6.5892      0.643    30.0687    22.3942 -9.990e-29
 148.922488      0.648  36.532526    13.9263     6.5932      0.643    30.0692    22.3949 -9.990e-29
 148.922494      0.649  36.531951    13.9252     6.5998      0.644    30.0695    22.3954 -9.990e-29
 148.922500      0.649  36.531761    13.9246     6.5923      0.644    30.0698    22.3957 -9.990e-29
 148.922506      0.650  36.531699    13.9244     6.5832      0.645    30.0699    22.3958 -9.990e-29
 148.922512      0.650  36.531677    13.9244     6.5837      0.645    30.0699    22.3958 -9.990e-29
 148.922517      0.651  36.531661    13.9235     6.5773      0.646    30.0706    22.3965 -9.990e-29
 148.922523      0.651  36.531627    13.9215     6.5799      0.646    30.0721    22.3981 -9.990e-29
 148.922529      0.652  36.530968    13.9196     6.5935      0.647    30.0730    22.3992 -9.990e-29
 148.922535      0.653  36.529361    13.9182     6.5889      0.648    30.0726    22.3992 -9.990e-29
 148.922541      0.654  36.527462    13.9165     6.5983      0.649    30.0722    22.3992 -9.990e-29
 148.922546      0.655  36.525533    13.9147     6.6067      0.650    30.0719    22.3993 -9.990e-29
 148.922552      0.657  36.524358    13.9146     6.5898      0.652    30.0709    22.3985 -9.990e-29
 148.922558      0.659  36.524610    13.9164     6.5876      0.653    30.0697    22.3973 -9.990e-29
 148.922564      0.662  36.525500    13.9190     6.5819      0.656    30.0685    22.3958 -9.990e-29
 148.922569      0.665  36.526533    13.9208     6.5755      0.659    30.0680    22.3951 -9.990e-29
 148.922575      0.670  36.527404    13.9212     6.5848      0.664    30.0685    22.3954 -9.990e-29
 148.922581      0.676  36.527591    13.9203     6.5916      0.670    30.0694    22.3962 -9.990e-29
 148.922587      0.684  36.526781    13.9168     6.5875      0.678    30.0714    22.3985 -9.990e-29
 148.922593      0.694  36.523332    13.9073     6.5814      0.688    30.0756    22.4037 -9.990e-29
 148.922598      0.707  36.514323    13.8965     6.5766      0.701    30.0758    22.4060 -9.990e-29
 148.922604      0.719  36.506214    13.8947     6.5749      0.713    30.0698    22.4017 -9.990e-29
 148.922610      0.727  36.508344    13.9011     6.5775      0.721    30.0668    22.3980 -9.990e-29
 148.922616      0.732  36.515710    13.9087     6.5791      0.726    30.0675    22.3971 -9.990e-29
 148.922622      0.729  36.522452    13.9150     6.5914      0.723    30.0688    22.3968 -9.990e-29
 148.922627      0.718  36.528041    13.9205     6.5953      0.712    30.0696    22.3964 -9.990e-29
 148.922633      0.707  36.530968    13.9255     6.5968      0.701    30.0684    22.3944 -9.990e-29
 148.922639      0.700  36.532337    13.9290     6.5938      0.694    30.0669    22.3926 -9.990e-29
 148.922645      0.696  36.533411    13.9308     6.5833      0.690    30.0665    22.3919 -9.990e-29
 148.922650      0.695  36.533379    13.9322     6.5763      0.689    30.0654    22.3907 -9.990e-29
 148.922656      0.697  36.532197    13.9353     6.5753      0.691    30.0618    22.3874 -9.990e-29
 148.922662      0.702  36.532206    13.9409     6.5762      0.696    30.0575    22.3829 -9.990e-29
 148.922668      0.710  36.535096    13.9460     6.5863      0.704    30.0561    22.3809 -9.990e-29
 148.922674      0.718  36.538558    13.9467     6.5898      0.712    30.0587    22.3827 -9.990e-29
 148.922679      0.721  36.538809    13.9415     6.5897      0.715    30.0630    22.3871 -9.990e-29
 148.922685      0.725  36.534502    13.9347     6.5938      0.719    30.0644    22.3895 -9.990e-29
 148.922691      0.734  36.529970    13.9307     6.5919      0.728    30.0634    22.3895 -9.990e-29
 148.922697      0.748  36.528684    13.9279     6.5987      0.742    30.0644    22.3909 -9.990e-29
 148.922703      0.764  36.527805    13.9250     6.5995      0.758    30.0659    22.3926 -9.990e-29
 148.922708      0.774  36.526157    13.9231     6.5905      0.768    30.0658    22.3929 -9.990e-29
 148.922714      0.776  36.524900    13.9224     6.5935      0.770    30.0652    22.3926 -9.990e-29
 148.922720      0.772  36.524591    13.9226     6.5909      0.766    30.0648    22.3922 -9.990e-29
 148.922726      0.772  36.525376    13.9239     6.5937      0.766    30.0645    22.3917 -9.990e-29
 148.922731      0.780  36.527181    13.9269     6.5972      0.773    30.0638    22.3906 -9.990e-29
 148.922737      0.792  36.529611    13.9309     6.5910      0.785    30.0629    22.3891 -9.990e-29
 148.922743      0.800  36.531422    13.9339     6.5960      0.793    30.0622    22.3880 -9.990e-29
 148.922749      0.805  36.531667    13.9339     6.5910      0.798    30.0624    22.3881 -9.990e-29
 148.922755      0.812  36.529551    13.9322     6.5788      0.805    30.0618    22.3880 -9.990e-29
 148.922760      0.820  36.526170    13.9320     6.5831      0.813    30.0589    22.3858 -9.990e-29
 148.922766      0.830  36.525409    13.9345     6.5823      0.823    30.0562    22.3832 -9.990e-29
 148.922772      0.838  36.528493    13.9366     6.5991      0.831    30.0574    22.3837 -9.990e-29
 148.922778      0.846  36.530571    13.9325     6.6053      0.839    30.0625    22.3885 -9.990e-29
 148.922784      0.858  36.524893    13.9200     6.5910      0.851    30.0671    22.3945 -9.990e-29
 148.922789      0.871  36.513965    13.9057     6.5803      0.864    30.0682    22.3983 -9.990e-29
 148.922795      0.880  36.507849    13.8972     6.5804      0.873    30.0693    22.4008 -9.990e-29
 148.922801      0.887  36.508461    13.8945     6.5830      0.880    30.0720    22.4034 -9.990e-29
 148.922807      0.892  36.511013    13.8950     6.5940      0.885    30.0739    22.4048 -9.990e-29
 148.922812      0.895  36.512185    13.8984     6.6026      0.888    30.0723    22.4029 -9.990e-29
 148.922818      0.897  36.512417    13.9032     6.6014      0.890    30.0688    22.3992 -9.990e-29
 148.922824      0.897  36.513137    13.9071     6.5938      0.890    30.0664    22.3966 -9.990e-29
 148.922830      0.896  36.514183    13.9081     6.5876      0.889    30.0666    22.3965 -9.990e-29
 148.922836      0.894  36.515266    13.9058     6.5906      0.887    30.0694    22.3991 -9.990e-29
 148.922841      0.889  36.515591    13.9023     6.5928      0.882    30.0724    22.4022 -9.990e-29
 148.922847      0.883  36.515586    13.9014     6.5957      0.876    30.0731    22.4029 -9.990e-29
 148.922853      0.875  36.518042    13.9063     6.5953      0.868    30.0715    22.4007 -9.990e-29
 148.922859      0.868  36.523429    13.9142     6.5811      0.861    30.0703    22.3981 -9.990e-29
 148.922865      0.867  36.527171    13.9196     6.5784      0.860    30.0695    22.3964 -9.990e-29
 148.922870      0.866  36.527535    13.9221     6.5831      0.859    30.0678    22.3947 -9.990e-29
 148.922876      0.862  36.527246    13.9241     6.5813      0.855    30.0660    22.3929 -9.990e-29
 148.922882      0.854  36.528154    13.9274     6.5915      0.847    30.0643    22.3909 -9.990e-29
 148.922888      0.847  36.532030    13.9322     6.5987      0.840    30.0641    22.3897 -9.990e-29
 148.922894      0.848  36.536759    13.9358     6.6039      0.841    30.0656    22.3902 -9.990e-29
 148.922899      0.857  36.537448    13.9361     6.5984      0.850    30.0660    22.3904 -9.990e-29
 148.922905      0.867  36.534454    13.9333     6.5936      0.860    30.0654    22.3906 -9.990e-29
 148.922911      0.874  36.529939    13.9300     6.5899      0.867    30.0639    22.3900 -9.990e-29
 148.922917      0.877  36.526279    13.9297     6.5943      0.870    30.0607    22.3877 -9.990e-29
 148.922922      0.878  36.526430    13.9320     6.5920      0.871    30.0591    22.3859 -9.990e-29
 148.922928      0.876  36.529470    13.9338     6.5911      0.869    30.0605    22.3866 -9.990e-29
 148.922934      0.876  36.529932    13.9336     6.5902      0.869    30.0610    22.3871 -9.990e-29
 148.922940      0.882  36.525629    13.9333     6.5954      0.875    30.0573    22.3843 -9.990e-29
 148.922946      0.890  36.522019    13.9369     6.5991      0.883    30.0512    22.3789 -9.990e-29
 148.922951      0.896  36.523245    13.9432     6.5995      0.889    30.0474    22.3747 -9.990e-29
 148.922957      0.901  36.527018    13.9470     6.5866      0.893    30.0479    22.3743 -9.990e-29
 148.922963      0.904  36.528847    13.9481     6.5821      0.896    30.0487    22.3747 -9.990e-29
 148.922969      0.906  36.528931    13.9487     6.5882      0.898    30.0483    22.3743 -9.990e-29
 148.922975      0.908  36.530178    13.9482     6.5917      0.900    30.0498    22.3756 -9.990e-29
 148.922980      0.908  36.532010    13.9465     6.5966      0.900    30.0528    22.3782 -9.990e-29
 148.922986      0.908  36.532387    13.9447     6.6013      0.900    30.0546    22.3799 -9.990e-29
 148.922992      0.908  36.531251    13.9438     6.5995      0.900    30.0543    22.3799 -9.990e-29
 148.922998      0.906  36.528762    13.9428     6.6059      0.898    30.0528    22.3789 -9.990e-29
 148.923003      0.904  36.524959    13.9400     6.5994      0.896    30.0515    22.3785 -9.990e-29
 148.923009      0.901  36.521485    13.9356     6.6013      0.893    30.0517    22.3796 -9.990e-29
 148.923015      0.897  36.519305    13.9319     6.6011      0.890    30.0526    22.3810 -9.990e-29
 148.923021      0.892  36.518308    13.9310     6.5998      0.885    30.0524    22.3810 -9.990e-29
 148.923027      0.889  36.518283    13.9323     6.6009      0.882    30.0514    22.3800 -9.990e-29
 148.923032      0.893  36.518632    13.9337     6.5917      0.886    30.0506    22.3791 -9.990e-29
 148.923038      0.899  36.519817    13.9353     6.5841      0.891    30.0505    22.3786 -9.990e-29
 148.923044      0.904  36.522298    13.9371     6.5765      0.896    30.0513    22.3789 -9.990e-29
 148.923050      0.908  36.524900    13.9388     6.5827      0.900    30.0524    22.3794 -9.990e-29
 148.923056      0.911  36.526609    13.9409     6.5879      0.903    30.0523    22.3789 -9.990e-29
 148.923061      0.914  36.527463    13.9437     6.5854      0.906    30.0509    22.3773 -9.990e-29
 148.923067      0.917  36.528037    13.9461     6.5848      0.909    30.0495    22.3757 -9.990e-29
 148.923073      0.919  36.527973    13.9473     6.5882      0.911    30.0485    22.3747 -9.990e-29
 148.923079      0.921  36.527745    13.9484     6.5908      0.913    30.0475    22.3737 -9.990e-29
 148.923084      0.924  36.529286    13.9502     6.5999      0.916    30.0475    22.3733 -9.990e-29
 148.923090      0.927  36.531849    13.9523     6.6001      0.919    30.0482    22.3735 -9.990e-29
 148.923096      0.930  36.533248    13.9536     6.5985      0.922    30.0484    22.3734 -9.990e-29
 148.923102      0.934  36.532550    13.9538     6.5916      0.926    30.0476    22.3727 -9.990e-29
 148.923108      0.939  36.531619    13.9542     6.5942      0.931    30.0465    22.3718 -9.990e-29
 148.923113      0.945  36.532570    13.9556     6.5954      0.937    30.0462    22.3713 -9.990e-29
 148.923119      0.948  36.533868    13.9574     6.5977      0.940    30.0460    22.3708 -9.990e-29
 148.923125      0.945  36.535001    13.9592     6.5927      0.937    30.0457    22.3701 -9.990e-29
 148.923131      0.940  36.536358    13.9602     6.5826      0.932    30.0461    22.3703 -9.990e-29
 148.923137      0.935  36.535828    13.9594     6.5875      0.927    30.0463    22.3706 -9.990e-29
 148.923142      0.931  36.532142    13.9566     6.5949      0.923    30.0451    22.3702 -9.990e-29
 148.923148      0.929  36.528221    13.9529     6.6012      0.921    30.0444    22.3704 -9.990e-29
 148.923154      0.927  36.524992    13.9493     6.6089      0.919    30.0442    22.3710 -9.990e-29
