data/oxygen options/ONMS/Olympic_Coast_National_Marine_Sanctuary_CTD_Data_2005_2023/raw_data/2019/CAST_KL015_190801faed.cnv
* Sea-Bird SBE 19 Data File:
* FileName = C:\2019 Mooring Data\Casts\CAST_KL015_190801.hex
* Software Version SeatermAF 2.1.2
* Temperature SN = 2997
* Conductivity SN = 2997
* System UpLoad Time = Aug 01 2019 20:56:00 (localtime) = Aug 01 2019 20:56:00 (UTC)
** CAST_KL015_190801
* ds
# nquan = 9                                 
# nvalues = 843                         
# units = specified
# name 0 = timeJ: Julian Days
# name 1 = prSM: Pressure, Strain Gauge [db]
# name 2 = c0mS/cm: Conductivity [mS/cm]
# name 3 = t090C: Temperature [ITS-90, deg C]
# name 4 = sbeox0ML/L: Oxygen, SBE 43 [ml/l]
# name 5 = depSM: Depth [salt water, m], lat = 47.5
# name 6 = sal00: Salinity, Practical [PSU]
# name 7 = sigma-é00: Density [sigma-theta, kg/m^3]
# name 8 = flag: flag
# span 0 = 213.832731, 213.837604       
# span 1 =     -5.248,     16.189       
# span 2 =   0.259374,  41.632623       
# span 3 =     8.8398,    18.5402       
# span 4 =    -1.7564,    14.5845       
# span 5 =     -5.204,     16.053       
# span 6 =     0.1441,    33.9675       
# span 7 =    -1.3687,    26.0236       
# span 8 = 0.0000e+00, 0.0000e+00       
# interval = seconds: 0.5
# start_time = Aug 01 2019 19:59:08 [Instrument's time stamp, header]
# bad_flag = -9.990e-29
*END*
[from data line 641]
 213.836441      1.030  40.360174    14.8103     7.5970      1.021    32.8374    24.3460 -9.990e-29
 213.836447      1.038  40.361126    14.8121     7.6066      1.029    32.8368    24.3451 -9.990e-29
 213.836453      1.040  40.362354    14.8147     7.5982      1.031    32.8357    24.3437 -9.990e-29
 213.836458      1.037  40.363724    14.8162     7.5861      1.028    32.8357    24.3434 -9.990e-29
 213.836464      1.038  40.364176    14.8160     7.5873      1.029    32.8363    24.3439 -9.990e-29
 213.836470      1.046  40.363108    14.8156     7.5863      1.037    32.8356    24.3435 -9.990e-29
 213.836476      1.057  40.362369    14.8161     7.5934      1.048    32.8345    24.3425 -9.990e-29
 213.836481      1.065  40.363128    14.8175     7.5965      1.056    32.8340    24.3418 -9.990e-29
 213.836487      1.069  40.365186    14.8195     7.6001      1.060    32.8342    24.3415 -9.990e-29
 213.836493      1.078  40.367280    14.8211     7.6012      1.069    32.8348    24.3416 -9.990e-29
 213.836499      1.093  40.367636    14.8218     7.5951      1.084    32.8345    24.3413 -9.990e-29
 213.836505      1.107  40.366640    14.8222     7.6043      1.098    32.8332    24.3402 -9.990e-29
 213.836510      1.115  40.366239    14.8224     7.5980      1.106    32.8327    24.3398 -9.990e-29
 213.836516      1.119  40.366931    14.8223     7.6042      1.110    32.8334    24.3403 -9.990e-29
 213.836522      1.122  40.367870    14.8221     7.6172      1.113    32.8344    24.3412 -9.990e-29
 213.836528      1.130  40.368540    14.8223     7.6100      1.121    32.8349    24.3415 -9.990e-29
 213.836534      1.138  40.369189    14.8229     7.5981      1.128    32.8350    24.3414 -9.990e-29
 213.836539      1.144  40.370593    14.8236     7.5907      1.134    32.8356    24.3418 -9.990e-29
 213.836545      1.146  40.372295    14.8245     7.5930      1.136    32.8364    24.3422 -9.990e-29
 213.836551      1.146  40.373118    14.8258     7.5929      1.136    32.8361    24.3416 -9.990e-29
 213.836557      1.143  40.373510    14.8273     7.6024      1.133    32.8352    24.3406 -9.990e-29
 213.836563      1.138  40.373908    14.8282     7.6028      1.128    32.8348    24.3401 -9.990e-29
 213.836568      1.133  40.374194    14.8285     7.5841      1.124    32.8348    24.3401 -9.990e-29
 213.836574      1.133  40.374663    14.8288     7.5814      1.124    32.8349    24.3401 -9.990e-29
 213.836580      1.135  40.375294    14.8292     7.5849      1.126    32.8352    24.3402 -9.990e-29
 213.836586      1.133  40.375720    14.8295     7.5950      1.124    32.8353    24.3403 -9.990e-29
 213.836591      1.127  40.376423    14.8300     7.5972      1.118    32.8355    24.3403 -9.990e-29
 213.836597      1.122  40.377691    14.8310     7.6009      1.113    32.8358    24.3403 -9.990e-29
 213.836603      1.125  40.378329    14.8318     7.5998      1.116    32.8357    24.3401 -9.990e-29
 213.836609      1.137  40.377978    14.8316     7.5976      1.128    32.8356    24.3400 -9.990e-29
 213.836615      1.154  40.377204    14.8309     7.6102      1.144    32.8355    24.3401 -9.990e-29
 213.836620      1.178  40.376570    14.8307     7.6165      1.168    32.8351    24.3398 -9.990e-29
 213.836626      1.201  40.376822    14.8310     7.6071      1.191    32.8350    24.3397 -9.990e-29
 213.836632      1.217  40.377649    14.8314     7.5982      1.207    32.8354    24.3399 -9.990e-29
 213.836638      1.230  40.378383    14.8321     7.6040      1.220    32.8355    24.3398 -9.990e-29
 213.836644      1.250  40.379356    14.8328     7.6063      1.240    32.8358    24.3399 -9.990e-29
 213.836649      1.287  40.380660    14.8334     7.6001      1.276    32.8365    24.3403 -9.990e-29
 213.836655      1.343  40.381145    14.8339     7.6033      1.332    32.8364    24.3402 -9.990e-29
 213.836661      1.404  40.379129    14.8343     7.6114      1.392    32.8343    24.3384 -9.990e-29
 213.836667      1.458  40.376877    14.8340     7.6165      1.446    32.8324    24.3371 -9.990e-29
 213.836672      1.512  40.377462    14.8320     7.6211      1.499    32.8346    24.3392 -9.990e-29
 213.836678      1.582  40.377093    14.8271     7.6285      1.569    32.8384    24.3432 -9.990e-29
 213.836684      1.677  40.371833    14.8203     7.6304      1.663    32.8393    24.3453 -9.990e-29
 213.836690      1.799  40.364663    14.8150     7.6256      1.784    32.8373    24.3449 -9.990e-29
 213.836696      1.938  40.361063    14.8127     7.5790      1.922    32.8359    24.3443 0.0000e+00
 213.836701      2.082  40.361742    14.8127     7.5418      2.065    32.8364    24.3447 0.0000e+00
 213.836707      2.231  40.364157    14.8140     7.5343      2.212    32.8375    24.3453 0.0000e+00
 213.836713      2.395  40.366395    14.8144     7.5910      2.375    32.8391    24.3464 0.0000e+00
 213.836719      2.576  40.366873    14.8103     7.6235      2.554    32.8429    24.3503 0.0000e+00
 213.836725      2.764  40.362778    14.7952     7.3930      2.741    32.8519    24.3604 0.0000e+00
 213.836730      2.953  40.346322    14.7578     7.0128      2.928    32.8684    24.3812 0.0000e+00
 213.836736      3.148  40.302758    14.6831     6.4905      3.122    32.8919    24.4152 0.0000e+00
 213.836742      3.347  40.215927    14.5861     5.9062      3.319    32.8948    24.4381 0.0000e+00
 213.836748      3.546  40.115051    14.5046     5.4294      3.516    32.8718    24.4375 0.0000e+00
 213.836753      3.741  40.049269    14.4150     5.1122      3.710    32.8876    24.4686 0.0000e+00
 213.836759      3.936  39.974456    14.2114     4.9804      3.903    32.9923    24.5922 0.0000e+00
 213.836765      4.142  39.764993    13.7795     4.9219      4.107    33.1700    24.8187 0.0000e+00
 213.836771      4.365  39.330846    13.2157     4.8686      4.329    33.2542    24.9979 0.0000e+00
 213.836777      4.593  38.825684    12.8079     4.7947      4.555    33.1332    24.9848 0.0000e+00
 213.836782      4.807  38.535232    12.6341     4.7103      4.767    33.0089    24.9223 0.0000e+00
 213.836788      5.002  38.459584    12.5388     4.6401      4.960    33.0202    24.9494 0.0000e+00
 213.836794      5.195  38.415949    12.4232     4.5434      5.152    33.0800    25.0181 0.0000e+00
 213.836800      5.403  38.335974    12.2927     4.4414      5.358    33.1183    25.0727 0.0000e+00
 213.836806      5.631  38.239508    12.1759     4.3294      5.584    33.1286    25.1029 0.0000e+00
 213.836811      5.867  38.147913    12.0918     4.2124      5.818    33.1146    25.1079 0.0000e+00
 213.836817      6.096  38.085118    12.0377     4.1313      6.045    33.1018    25.1081 0.0000e+00
 213.836823      6.316  38.054654    11.9706     4.0871      6.263    33.1318    25.1440 0.0000e+00
 213.836829      6.537  37.997323    11.8615     4.0488      6.482    33.1732    25.1965 0.0000e+00
 213.836834      6.768  37.898197    11.7463     4.0231      6.711    33.1794    25.2228 0.0000e+00
 213.836840      7.006  37.814301    11.6609     3.9878      6.947    33.1738    25.2342 0.0000e+00
 213.836846      7.243  37.766387    11.6049     3.9497      7.182    33.1770    25.2470 0.0000e+00
 213.836852      7.474  37.740864    11.5619     3.8908      7.411    33.1904    25.2653 0.0000e+00
 213.836858      7.702  37.709763    11.5179     3.8268      7.638    33.1993    25.2803 0.0000e+00
 213.836863      7.925  37.664567    11.4786     3.7003      7.859    33.1902    25.2804 0.0000e+00
 213.836869      8.143  37.631721    11.4511     3.5161      8.075    33.1825    25.2794 0.0000e+00
 213.836875      8.359  37.614941    11.4194     3.2132      8.289    33.1944    25.2945 0.0000e+00
 213.836881      8.571  37.581684    11.3553     2.7203      8.499    33.2193    25.3254 0.0000e+00
 213.836887      8.787  37.508799    11.2579     2.1200      8.713    33.2352    25.3554 0.0000e+00
 213.836892      9.005  37.422778    11.1496     1.5268      8.930    33.2479    25.3848 0.0000e+00
 213.836898      9.224  37.355546    11.0222     1.0893      9.147    33.2966    25.4454 0.0000e+00
 213.836904      9.445  37.269436    10.8135     0.8553      9.366    33.4007    25.5635 0.0000e+00
 213.836910      9.672  37.048419    10.4899     0.7856      9.591    33.4758    25.6785 0.0000e+00
 213.836916      9.907  36.662557    10.1095     0.7688      9.824    33.4366    25.7130 0.0000e+00
 213.836921     10.144  36.289865     9.7379     0.7655     10.059    33.4009    25.7472 0.0000e+00
 213.836927     10.372  36.076240     9.4294     0.7719     10.285    33.4688    25.8507 0.0000e+00
 213.836933     10.588  35.978055     9.2324     0.7599     10.499    33.5519    25.9475 0.0000e+00
 213.836939     10.799  35.925516     9.1291     0.7689     10.709    33.5945    25.9974 0.0000e+00
 213.836944     11.003  35.888787     9.0665     0.8077     10.911    33.6153    26.0236 0.0000e+00
 213.836950     11.202  35.833031     9.0179     0.8501     11.108    33.6031    26.0217 0.0000e+00
 213.836956     11.396  35.762271     8.9905     0.8692     11.301    33.5551    25.9884 0.0000e+00
 213.836962     11.574  35.723229     8.9964     0.8743     11.477    33.5087    25.9512 0.0000e+00
 213.836968     11.728  35.729336     9.0314     0.8664     11.630    33.4820    25.9248 0.0000e+00
 213.836973     11.857  35.759617     9.0706     0.8532     11.758    33.4766    25.9143 0.0000e+00
 213.836979     11.985  35.788390     9.0709     0.8381     11.885    33.5062    25.9375 0.0000e+00
 213.836985     12.134  35.778454     9.0217     0.8239     12.032    33.5421    25.9734 0.0000e+00
 213.836991     12.312  35.726088     8.9666     0.8288     12.209    33.5394    25.9800 0.0000e+00
 213.836997     12.503  35.681833     8.9394     0.8242     12.398    33.5188    25.9681 0.0000e+00
 213.837002     12.685  35.670080     8.9362     0.8126     12.579    33.5095    25.9613 0.0000e+00
 213.837008     12.848  35.674584     8.9392     0.8112     12.740    33.5113    25.9622 0.0000e+00
 213.837014     12.999  35.677272     8.9329     0.8079     12.890    33.5200    25.9700 0.0000e+00
 213.837020     13.147  35.667175     8.9159     0.7965     13.037    33.5254    25.9769 0.0000e+00
 213.837025     13.302  35.648746     8.8988     0.7916     13.191    33.5222    25.9771 0.0000e+00
 213.837031     13.465  35.635479     8.8911     0.7796     13.352    33.5156    25.9731 0.0000e+00
 213.837037     13.624  35.633191     8.8930     0.7712     13.510    33.5113    25.9695 0.0000e+00
 213.837043     13.774  35.636588     8.8954     0.7662     13.659    33.5125    25.9701 0.0000e+00
 213.837049     13.918  35.636202     8.8902     0.7617     13.801    33.5170    25.9744 0.0000e+00
 213.837054     14.066  35.628161     8.8790     0.7589     13.948    33.5191    25.9778 0.0000e+00
 213.837060     14.223  35.618537     8.8697     0.7562     14.104    33.5177    25.9782 0.0000e+00
 213.837066     14.387  35.614091     8.8663     0.7442     14.266    33.5162    25.9775 0.0000e+00
 213.837072     14.551  35.615609     8.8657     0.7419     14.429    33.5183    25.9792 0.0000e+00
 213.837078     14.712  35.618953     8.8627     0.7432     14.589    33.5245    25.9846 0.0000e+00
 213.837083     14.871  35.619067     8.8567     0.7386     14.746    33.5303    25.9900 0.0000e+00
 213.837089     15.031  35.617219     8.8511     0.7401     14.905    33.5335    25.9935 0.0000e+00
 213.837095     15.194  35.615983     8.8477     0.7361     15.067    33.5354    25.9955 0.0000e+00
 213.837101     15.356  35.615390     8.8459     0.7338     15.227    33.5364    25.9965 0.0000e+00
 213.837106     15.511  35.616886     8.8446     0.7256     15.381    33.5391    25.9989 0.0000e+00
 213.837112     15.655  35.618544     8.8434     0.7197     15.524    33.5419    26.0013 0.0000e+00
 213.837118     15.791  35.618095     8.8430     0.7158     15.659    33.5418    26.0012 -9.990e-29
 213.837124     15.912  35.616060     8.8438     0.7136     15.779    33.5388    25.9988 -9.990e-29
 213.837130     16.014  35.613083     8.8462     0.7130     15.880    33.5334    25.9941 -9.990e-29
 213.837135     16.096  35.609113     8.8473     0.7166     15.961    33.5282    25.9899 -9.990e-29
 213.837141     16.152  35.603336     8.8439     0.7143     16.017    33.5253    25.9882 -9.990e-29
 213.837147     16.184  35.597565     8.8398     0.7102     16.048    33.5231    25.9871 -9.990e-29
 213.837153     16.189  35.595861     8.8399     0.7044     16.053    33.5212    25.9856 -9.990e-29
 213.837159     16.153  35.599310     8.8429     0.7118     16.018    33.5220    25.9858 -9.990e-29
 213.837164     16.067  35.604670     8.8449     0.7112     15.932    33.5258    25.9884 -9.990e-29
 213.837170     15.934  35.607891     8.8437     0.7071     15.800    33.5304    25.9922 0.0000e+00
 213.837176     15.765  35.606552     8.8415     0.7145     15.633    33.5311    25.9931 0.0000e+00
 213.837182     15.582  35.601669     8.8409     0.7219     15.451    33.5267    25.9897 0.0000e+00
 213.837188     15.396  35.597929     8.8411     0.7213     15.267    33.5226    25.9865 0.0000e+00
 213.837193     15.207  35.597624     8.8416     0.7286     15.080    33.5219    25.9859 0.0000e+00
 213.837199     15.000  35.599228     8.8427     0.7400     14.874    33.5227    25.9863 0.0000e+00
 213.837205     14.772  35.601522     8.8445     0.7416     14.648    33.5235    25.9866 0.0000e+00
 213.837211     14.535  35.603648     8.8478     0.7508     14.413    33.5227    25.9855 0.0000e+00
 213.837216     14.302  35.606202     8.8530     0.7605     14.182    33.5205    25.9830 0.0000e+00
 213.837222     14.076  35.609793     8.8597     0.7717     13.958    33.5181    25.9800 0.0000e+00
 213.837228     13.848  35.613052     8.8668     0.7805     13.732    33.5149    25.9764 0.0000e+00
 213.837234     13.606  35.616406     8.8737     0.7749     13.492    33.5120    25.9730 0.0000e+00
 213.837240     13.353  35.620970     8.8812     0.7794     13.241    33.5098    25.9702 0.0000e+00
 213.837245     13.098  35.626116     8.8895     0.7804     12.988    33.5074    25.9670 0.0000e+00
 213.837251     12.847  35.631429     8.8979     0.8123     12.739    33.5052    25.9639 0.0000e+00
 213.837257     12.600  35.637837     8.9070     1.0133     12.494    33.5034    25.9611 0.0000e+00
 213.837263     12.355  35.645490     8.9178     1.4849     12.252    33.5013    25.9578 0.0000e+00
 213.837269     12.100  35.653399     8.9357     2.0841     11.999    33.4928    25.9483 0.0000e+00
 213.837274     11.824  35.666513     8.9778     2.6287     11.725    33.4669    25.9214 0.0000e+00
 213.837280     11.526  35.701759     9.0857     3.0400     11.429    33.4023    25.8538 0.0000e+00
 213.837286     11.221  35.797177     9.3286     3.2835     11.127    33.2743    25.7150 0.0000e+00
 213.837292     10.933  36.056484     9.7328     3.4600     10.841    33.1664    25.5650 0.0000e+00
 213.837297     10.674  36.462089    10.1605     3.6430     10.585    33.1861    25.5090 0.0000e+00
 213.837303     10.435  36.758147    10.4444     3.8205     10.348    33.2252    25.4910 0.0000e+00
 213.837309     10.198  36.865268    10.6184     3.9873     10.113    33.1742    25.4212 0.0000e+00
 213.837315      9.942  36.940369    10.7742     4.1121      9.859    33.1080    25.3424 0.0000e+00
 213.837321      9.669  37.041072    10.9110     4.1978      9.588    33.0847    25.3002 0.0000e+00
 213.837326      9.400  37.151045    11.0125     4.2341      9.321    33.1024    25.2960 0.0000e+00
 213.837332      9.143  37.266324    11.0917     4.2600      9.066    33.1453    25.3153 0.0000e+00
 213.837338      8.891  37.373215    11.1683     4.2770      8.817    33.1821    25.3302 0.0000e+00
 213.837344      8.640  37.463065    11.2479     4.3410      8.568    33.1991    25.3292 0.0000e+00
 213.837350      8.379  37.534170    11.3283     4.4404      8.309    33.1969    25.3129 0.0000e+00
 213.837355      8.091  37.582794    11.4041     4.5685      8.023    33.1767    25.2835 0.0000e+00
