data/oxygen options/ONMS/Olympic_Coast_National_Marine_Sanctuary_CTD_Data_2005_2023/raw_data/2019/CAST_KL015_191001faed.cnv
* Sea-Bird SBE 19 Data File:
* FileName = C:\2019 Mooring Data\Casts\CAST_KL015_191001.hex
* Software Version SeatermAF 2.1.2
* Temperature SN = 2997
* Conductivity SN = 2997
* System UpLoad Time = Oct 01 2019 18:08:24 (localtime) = Oct 01 2019 18:08:24 (UTC)
** CAST_KL015_191001
* ds
# nquan = 9                                 
# nvalues = 890                         
# units = specified
# name 0 = timeJ: Julian Days
# name 1 = prSM: Pressure, Strain Gauge [db]
# name 2 = c0mS/cm: Conductivity [mS/cm]
# name 3 = t090C: Temperature [ITS-90, deg C]
# name 4 = sbeox0ML/L: Oxygen, SBE 43 [ml/l]
# name 5 = depSM: Depth [salt water, m], lat = 47.5
# name 6 = sal00: Salinity, Practical [PSU]
# name 7 = sigma-é00: Density [sigma-theta, kg/m^3]
# name 8 = flag: flag
# span 0 = 274.724398, 274.729543       
# span 1 =     -4.089,     16.350       
# span 2 =   0.463020,  38.818334       
# span 3 =    12.2271,    14.6043       
# span 4 =    -1.9675,    11.1538       
# span 5 =     -4.055,     16.213       
# span 6 =     0.2909,    32.5691       
# span 7 =    -0.5707,    24.6536       
# span 8 = 0.0000e+00, 0.0000e+00       
# interval = seconds: 0.5
# start_time = Oct 01 2019 17:23:08 [Instrument's time stamp, header]
# bad_flag = -9.990e-29
*END*
[from data line 321]
 274.726256      0.408   0.743081    13.8545    -1.9059      0.405     0.4686    -0.3696 -9.990e-29
 274.726262      0.413   0.740538    13.8591    -1.9054      0.410     0.4668    -0.3716 -9.990e-29
 274.726267      0.411   0.736615    13.8654    -1.9048      0.408     0.4642    -0.3745 -9.990e-29
 274.726273      0.407   0.732173    13.8741    -1.9044      0.404     0.4612    -0.3780 -9.990e-29
 274.726279      0.405   0.727937    13.8872    -1.9042      0.402     0.4583    -0.3821 -9.990e-29
 274.726285      0.405   0.724352    13.9060    -1.9041      0.402     0.4557    -0.3867 -9.990e-29
 274.726291      0.405   0.721068    13.9297    -1.9045      0.402     0.4533    -0.3919 -9.990e-29
 274.726296      0.408   0.717583    13.9530    -1.9044      0.405     0.4508    -0.3971 -9.990e-29
 274.726302      0.412   0.714236    13.9708    -1.9043      0.409     0.4484    -0.4014 -9.990e-29
 274.726308      0.419   0.710998    13.9836    -1.9043      0.416     0.4461    -0.4050 -9.990e-29
 274.726314      0.423   0.707428    13.9949    -1.9054      0.419     0.4437    -0.4085 -9.990e-29
 274.726319      0.422   0.704305    14.0062    -1.9056      0.418     0.4415    -0.4117 -9.990e-29
 274.726325      0.419   0.702451    14.0155    -1.9054      0.416     0.4402    -0.4140 -9.990e-29
 274.726331      0.419   0.701054    14.0212    -1.9051      0.416     0.4392    -0.4156 -9.990e-29
 274.726337      0.421   0.698805    14.0229    -1.9050      0.417     0.4378    -0.4170 -9.990e-29
 274.726343      0.426   0.695475    14.0218    -1.9052      0.422     0.4356    -0.4185 -9.990e-29
 274.726348      0.430   0.692164    14.0207    -1.9056      0.426     0.4335    -0.4200 -9.990e-29
 274.726354      0.428   0.689994    14.0196    -1.9054      0.424     0.4321    -0.4209 -9.990e-29
 274.726360      0.425   0.688842    14.0145    -1.9053      0.421     0.4314    -0.4207 -9.990e-29
 274.726366      0.424   0.687724    14.0056    -1.9053      0.420     0.4307    -0.4200 -9.990e-29
 274.726372      0.427   0.685704    14.0001    -1.9048      0.423     0.4295    -0.4202 -9.990e-29
 274.726377      0.433   0.682858    14.0009    -1.9045      0.429     0.4276    -0.4217 -9.990e-29
 274.726383      0.441   0.680375    14.0039    -1.9045      0.437     0.4260    -0.4234 -9.990e-29
 274.726389      0.450   0.678823    14.0051    -1.9044      0.446     0.4250    -0.4244 -9.990e-29
 274.726395      0.454   0.677239    14.0033    -1.9038      0.450     0.4240    -0.4249 -9.990e-29
 274.726400      0.459   0.674620    14.0012    -1.9030      0.455     0.4223    -0.4259 -9.990e-29
 274.726406      0.469   0.671350    14.0017    -1.9024      0.465     0.4202    -0.4277 -9.990e-29
 274.726412      0.480   0.668607    14.0041    -1.9018      0.476     0.4184    -0.4294 -9.990e-29
 274.726418      0.489   0.667165    14.0083    -1.9010      0.485     0.4174    -0.4307 -9.990e-29
 274.726424      0.496   0.667316    14.0145    -1.9006      0.492     0.4174    -0.4316 -9.990e-29
 274.726429      0.502   0.668153    14.0209    -1.9001      0.498     0.4179    -0.4321 -9.990e-29
 274.726435      0.507   0.667468    14.0264    -1.8998      0.503     0.4174    -0.4333 -9.990e-29
 274.726441      0.512   0.664347    14.0338    -1.8997      0.508     0.4153    -0.4359 -9.990e-29
 274.726447      0.517   0.660168    14.0460    -1.9000      0.513     0.4124    -0.4399 -9.990e-29
 274.726453      0.521   0.656560    14.0617    -1.9003      0.517     0.4100    -0.4440 -9.990e-29
 274.726458      0.531   0.653698    14.0782    -1.9006      0.527     0.4079    -0.4479 -9.990e-29
 274.726464      0.546   0.651088    14.0941    -1.8999      0.541     0.4061    -0.4516 -9.990e-29
 274.726470      0.558   0.649127    14.1087    -1.8988      0.553     0.4047    -0.4547 -9.990e-29
 274.726476      0.569   0.648523    14.1214    -1.8981      0.564     0.4041    -0.4569 -9.990e-29
 274.726481      0.583   0.649025    14.1314    -1.8978      0.578     0.4044    -0.4582 -9.990e-29
 274.726487      0.598   0.649640    14.1378    -1.8973      0.593     0.4047    -0.4588 -9.990e-29
 274.726493      0.609   0.649525    14.1399    -1.8966      0.604     0.4046    -0.4592 -9.990e-29
 274.726499      0.618   0.648527    14.1382    -1.8965      0.613     0.4040    -0.4594 -9.990e-29
 274.726505      0.625   0.646421    14.1359    -1.8964      0.620     0.4026    -0.4601 -9.990e-29
 274.726510      0.630   0.642802    14.1387    -1.8956      0.625     0.4003    -0.4624 -9.990e-29
 274.726516      0.634   0.638386    14.1505    -1.8948      0.629     0.3973    -0.4663 -9.990e-29
 274.726522      0.638   0.634669    14.1677    -1.8950      0.633     0.3948    -0.4708 -9.990e-29
 274.726528      0.640   0.632787    14.1834    -1.8962      0.635     0.3934    -0.4741 -9.990e-29
 274.726534      0.642   0.632630    14.1959    -1.8967      0.637     0.3932    -0.4760 -9.990e-29
 274.726539      0.644   0.632881    14.2080    -1.8969      0.639     0.3932    -0.4777 -9.990e-29
 274.726545      0.645   0.632214    14.2193    -1.8969      0.640     0.3927    -0.4797 -9.990e-29
 274.726551      0.646   0.630295    14.2280    -1.8973      0.641     0.3913    -0.4820 -9.990e-29
 274.726557      0.646   0.627888    14.2370    -1.8973      0.641     0.3897    -0.4845 -9.990e-29
 274.726563      0.647   0.625662    14.2487    -1.8965      0.642     0.3882    -0.4874 -9.990e-29
 274.726568      0.647   0.623419    14.2572    -1.8957      0.642     0.3866    -0.4898 -9.990e-29
 274.726574      0.648   0.620938    14.2544    -1.8951      0.643     0.3851    -0.4906 -9.990e-29
 274.726580      0.648   0.618789    14.2421    -1.8946      0.643     0.3838    -0.4898 -9.990e-29
 274.726586      0.648   0.617983    14.2302    -1.8937      0.643     0.3834    -0.4885 -9.990e-29
 274.726591      0.648   0.618555    14.2233    -1.8928      0.643     0.3838    -0.4871 -9.990e-29
 274.726597      0.648   0.619053    14.2195    -1.8918      0.643     0.3842    -0.4863 -9.990e-29
 274.726603      0.648   0.618481    14.2179    -1.8910      0.643     0.3838    -0.4864 -9.990e-29
 274.726609      0.648   0.617183    14.2219    -1.8899      0.643     0.3830    -0.4876 -9.990e-29
 274.726615      0.648   0.615646    14.2336    -1.8885      0.643     0.3819    -0.4901 -9.990e-29
 274.726620      0.647   0.614035    14.2496    -1.8869      0.642     0.3807    -0.4933 -9.990e-29
 274.726626      0.647   0.612418    14.2661    -1.8856      0.642     0.3795    -0.4966 -9.990e-29
 274.726632      0.646   0.610854    14.2830    -1.8845      0.641     0.3783    -0.4999 -9.990e-29
 274.726638      0.645   0.609476    14.3027    -1.8833      0.640     0.3773    -0.5036 -9.990e-29
 274.726644      0.644   0.608661    14.3250    -1.8825      0.639     0.3765    -0.5074 -9.990e-29
 274.726649      0.642   0.608432    14.3484    -1.8819      0.637     0.3762    -0.5110 -9.990e-29
 274.726655      0.641   0.607928    14.3733    -1.8815      0.636     0.3756    -0.5150 -9.990e-29
 274.726661      0.638   0.606478    14.4016    -1.8814      0.633     0.3744    -0.5200 -9.990e-29
 274.726667      0.635   0.604365    14.4338    -1.8811      0.630     0.3728    -0.5260 -9.990e-29
 274.726672      0.631   0.602097    14.4676    -1.8824      0.626     0.3710    -0.5322 -9.990e-29
 274.726678      0.630   0.599975    14.5000    -1.8842      0.625     0.3694    -0.5382 -9.990e-29
 274.726684      0.637   0.598493    14.5297    -1.8845      0.632     0.3682    -0.5435 -9.990e-29
 274.726690      0.647   0.597889    14.5558    -1.8841      0.642     0.3675    -0.5478 -9.990e-29
 274.726696      0.656   0.597914    14.5767    -1.8840      0.651     0.3674    -0.5510 -9.990e-29
 274.726701      0.666   0.598049    14.5918    -1.8833      0.660     0.3673    -0.5533 -9.990e-29
 274.726707      0.673   0.597367    14.6010    -1.8824      0.667     0.3668    -0.5550 -9.990e-29
 274.726713      0.673   0.595512    14.6043    -1.8819      0.667     0.3656    -0.5564 -9.990e-29
 274.726719      0.671   0.593334    14.5985    -1.8818      0.665     0.3643    -0.5566 -9.990e-29
 274.726725      0.669   0.591809    14.5800    -1.8821      0.663     0.3635    -0.5545 -9.990e-29
 274.726730      0.669   0.591117    14.5580    -1.8823      0.663     0.3632    -0.5515 -9.990e-29
 274.726736      0.670   0.590890    14.5466    -1.8824      0.664     0.3632    -0.5499 -9.990e-29
 274.726742      0.673   0.590272    14.5471    -1.8826      0.667     0.3628    -0.5502 -9.990e-29
 274.726748      0.677   0.588440    14.5548    -1.8827      0.671     0.3615    -0.5523 -9.990e-29
 274.726753      0.683   0.585721    14.5680    -1.8825      0.677     0.3597    -0.5557 -9.990e-29
 274.726759      0.691   0.582921    14.5832    -1.8828      0.685     0.3578    -0.5594 -9.990e-29
 274.726765      0.697   0.580186    14.5943    -1.8827      0.691     0.3560    -0.5624 -9.990e-29
 274.726771      0.698   0.577193    14.5983    -1.8825      0.692     0.3540    -0.5645 -9.990e-29
 274.726777      0.698   0.573828    14.5972    -1.8825      0.692     0.3519    -0.5660 -9.990e-29
 274.726782      0.701   0.570590    14.5941    -1.8829      0.695     0.3499    -0.5671 -9.990e-29
 274.726788      0.703   0.568148    14.5906    -1.8834      0.697     0.3484    -0.5678 -9.990e-29
 274.726794      0.700   0.566570    14.5875    -1.8844      0.694     0.3474    -0.5681 -9.990e-29
 274.726800      0.695   0.565414    14.5861    -1.8851      0.689     0.3467    -0.5684 -9.990e-29
 274.726806      0.694   0.564246    14.5855    -1.8866      0.688     0.3459    -0.5689 -9.990e-29
 274.726811      0.695   0.563171    14.5847    -1.8874      0.689     0.3453    -0.5693 -9.990e-29
 274.726817      0.699   0.562418    14.5848    -1.8875      0.693     0.3448    -0.5697 -9.990e-29
 274.726823      0.707   0.561538    14.5856    -1.8880      0.701     0.3442    -0.5703 -9.990e-29
 274.726829      0.718   0.559914    14.5835    -1.8894      0.712     0.3432    -0.5707 -9.990e-29
 274.726834      0.729   0.557596    14.5756    -1.8907      0.723     0.3418    -0.5707 -9.990e-29
 274.726840      0.737   0.555371    14.5613    -1.8914      0.731     0.3405    -0.5696 -9.990e-29
 274.726846      0.742   0.554149    14.5420    -1.8923      0.736     0.3399    -0.5672 -9.990e-29
 274.726852      0.744   0.553962    14.5195    -1.8936      0.738     0.3400    -0.5639 -9.990e-29
 274.726858      0.744   0.553455    14.4960    -1.8947      0.738     0.3398    -0.5605 -9.990e-29
 274.726863      0.741   0.551397    14.4769    -1.8956      0.735     0.3387    -0.5587 -9.990e-29
 274.726869      0.739   0.548369    14.4624    -1.8959      0.733     0.3369    -0.5579 -9.990e-29
 274.726875      0.739   0.545872    14.4442    -1.7422      0.733     0.3355    -0.5564 -9.990e-29
 274.726881      0.736   0.545010    14.4189    -1.5590      0.730     0.3351    -0.5530 -9.990e-29
 274.726887      0.735   0.546293    14.3922    -1.5594      0.729     0.3362    -0.5483 -9.990e-29
 274.726892      0.739   0.549773    14.3682    -1.5600      0.733     0.3386    -0.5430 -9.990e-29
 274.726898      0.749   0.557318    14.3440    -1.5611      0.743     0.3436    -0.5356 -9.990e-29
 274.726904      0.765   0.578437    14.3181    -1.5611      0.759     0.3573    -0.5213 -9.990e-29
 274.726910      0.788   0.644060    14.2946    -1.5613      0.781     0.3995    -0.4852 -9.990e-29
 274.726916      0.821   0.845561    14.2781    -1.5624      0.814     0.5302    -0.3815 -9.990e-29
 274.726921      0.864   1.453824    14.2718    -1.5625      0.857     0.9341    -0.0678 -9.990e-29
 274.726927      0.916   3.280973    14.2768    -1.5625      0.908     2.2031     0.9117 -9.990e-29
 274.726933      0.977   8.764869    14.2880    -1.5617      0.969     6.2877     4.0531 -9.990e-29
 274.726939      1.050  19.263332    14.2931    -1.5613      1.041    14.7408    10.5392 -9.990e-29
 274.726944      1.132  30.039017    14.2854    -1.5613      1.123    23.9902    17.6431 -9.990e-29
 274.726950      1.214  35.878993    14.2697    -1.5613      1.204    29.2111    21.6643 -9.990e-29
 274.726956      1.293  37.804243    14.2548    -1.5615      1.282    30.9698    23.0228 -9.990e-29
 274.726962      1.367  38.438879    14.2415    -1.5615      1.356    31.5597    23.4804 -9.990e-29
 274.726968      1.434  38.650341    14.2268    -1.5610      1.422    31.7651    23.6419 -9.990e-29
 274.726973      1.496  38.714394    14.2163    -1.5608      1.484    31.8324    23.6960 -9.990e-29
 274.726979      1.548  38.729300    14.2163    -1.5614      1.535    31.8460    23.7065 -9.990e-29
 274.726985      1.588  38.738435    14.2261    -1.5616      1.575    31.8463    23.7047 -9.990e-29
 274.726991      1.619  38.751713    14.2382    -1.5609      1.605    31.8484    23.7038 -9.990e-29
 274.726997      1.643  38.763852    14.2447    -1.5608      1.629    31.8542    23.7069 -9.990e-29
 274.727002      1.662  38.766934    14.2449    -1.5613      1.648    31.8568    23.7089 -9.990e-29
 274.727008      1.677  38.765049    14.2439    -1.5619      1.663    31.8559    23.7084 -9.990e-29
 274.727014      1.689  38.765184    14.2465    -1.5623      1.675    31.8539    23.7063 -9.990e-29
 274.727020      1.698  38.766379    14.2526    -1.5621      1.684    31.8499    23.7020 -9.990e-29
 274.727025      1.705  38.769083    14.2569    -1.5619      1.691    31.8489    23.7003 -9.990e-29
 274.727031      1.711  38.770719    14.2564    -1.5620      1.697    31.8508    23.7019 -9.990e-29
 274.727037      1.716  38.763365    14.2546    -1.5622      1.702    31.8455    23.6982 -9.990e-29
 274.727043      1.721  38.751759    14.2531    -1.5620      1.707    31.8361    23.6913 -9.990e-29
 274.727049      1.725  38.754574    14.2486    -1.5617      1.711    31.8424    23.6971 -9.990e-29
 274.727054      1.729  38.772181    14.2394    -1.5615      1.715    31.8661    23.7173 -9.990e-29
 274.727060      1.733  38.782663    14.2278    -1.5620      1.719    31.8853    23.7344 -9.990e-29
 274.727066      1.737  38.777009    14.2184    -1.5620      1.722    31.8879    23.7384 -9.990e-29
 274.727072      1.742  38.766701    14.2153    -1.5620      1.727    31.8810    23.7337 -9.990e-29
 274.727078      1.747  38.763177    14.2169    -1.5619      1.732    31.8764    23.7299 -9.990e-29
 274.727083      1.754  38.766195    14.2193    -1.5617      1.739    31.8772    23.7300 -9.990e-29
 274.727089      1.763  38.765753    14.2210    -1.5619      1.748    31.8754    23.7282 -9.990e-29
 274.727095      1.770  38.759002    14.2233    -1.5621      1.755    31.8673    23.7215 -9.990e-29
 274.727101      1.771  38.754843    14.2266    -1.5622      1.756    31.8608    23.7158 -9.990e-29
 274.727106      1.771  38.757793    14.2280    -1.5621      1.756    31.8623    23.7167 -9.990e-29
 274.727112      1.773  38.763922    14.2256    -1.5620      1.758    31.8699    23.7231 -9.990e-29
 274.727118      1.778  38.765138    14.2225    -1.5621      1.763    31.8736    23.7265 -9.990e-29
 274.727124      1.783  38.761920    14.2224    -1.5620      1.768    31.8707    23.7243 -9.990e-29
 274.727130      1.782  38.761716    14.2246    -1.5618      1.767    31.8687    23.7223 -9.990e-29
 274.727135      1.780  38.761993    14.2255    -1.5617      1.765    31.8682    23.7218 -9.990e-29
 274.727141      1.782  38.760858    14.2236    -1.5617      1.767    31.8688    23.7226 -9.990e-29
 274.727147      1.787  38.760140    14.2207    -1.5617      1.772    31.8705    23.7245 -9.990e-29
 274.727153      1.792  38.757739    14.2189    -1.5616      1.777    31.8698    23.7243 -9.990e-29
 274.727159      1.792  38.754911    14.2188    -1.5617      1.777    31.8673    23.7224 -9.990e-29
 274.727164      1.787  38.755147    14.2193    -1.5616      1.772    31.8671    23.7222 -9.990e-29
 274.727170      1.778  38.757618    14.2197    -1.5617      1.763    31.8690    23.7236 -9.990e-29
