data/oxygen options/ONMS/Olympic_Coast_National_Marine_Sanctuary_CTD_Data_2005_2023/raw_data/2019/CAST_TH015_190626faed.cnv
* Sea-Bird SBE19 Data File:
* FileName = C:\2019 Mooring Data\Casts\CAST_TH015_190626.hex
* Software Version 1.59
* Temperature SN = 2997
* Conductivity SN = 2997
* System UpLoad Time = Jun 26 2019 15:46:14
** CAST_TH015_190626
* ds
# nquan = 9                                 
# nvalues = 1011                        
# units = specified
# name 0 = timeJ: Julian Days
# name 1 = prSM: Pressure, Strain Gauge [db]
# name 2 = c0mS/cm: Conductivity [mS/cm]
# name 3 = t090C: Temperature [ITS-90, deg C]
# name 4 = sbeox0ML/L: Oxygen, SBE 43 [ml/l]
# name 5 = depSM: Depth [salt water, m], lat = 47.5
# name 6 = sal00: Salinity, Practical [PSU]
# name 7 = sigma-é00: Density [sigma-theta, kg/m^3]
# name 8 = flag: flag
# span 0 = 177.629421, 177.635266       
# span 1 =     -4.706,     15.770       
# span 2 =   0.291889,  38.343999       
# span 3 =     8.2171,    14.0097       
# span 4 =    -1.9362,    16.3737       
# span 5 =     -4.667,     15.638       
# span 6 =     0.1786,    33.7016       
# span 7 =    -0.6156,    26.1852       
# span 8 = 0.0000e+00, 0.0000e+00       
# interval = seconds: 0.5
# start_time = Jun 26 2019 15:06:22 [Instrument's time stamp, header]
# bad_flag = -9.990e-29
*END*
[from data line 481]
 177.632205      0.174   0.293546    14.0079    -1.9084      0.173     0.1795    -0.6155 -9.990e-29
 177.632211      0.174   0.293546    14.0065    -1.9085      0.173     0.1795    -0.6153 -9.990e-29
 177.632216      0.174   0.293546    14.0046    -1.9087      0.173     0.1795    -0.6150 -9.990e-29
 177.632222      0.174   0.293546    14.0025    -1.9089      0.173     0.1795    -0.6147 -9.990e-29
 177.632228      0.170   0.293546    14.0007    -1.9090      0.169     0.1795    -0.6145 -9.990e-29
 177.632234      0.165   0.293545    13.9993    -1.9091      0.164     0.1795    -0.6143 -9.990e-29
 177.632240      0.163   0.293541    13.9980    -1.9089      0.162     0.1795    -0.6141 -9.990e-29
 177.632245      0.165   0.293529    13.9968    -1.9090      0.164     0.1795    -0.6139 -9.990e-29
 177.632251      0.166   0.293493    13.9956    -1.9088      0.165     0.1795    -0.6138 -9.990e-29
 177.632257      0.162   0.293384    13.9938    -1.9089      0.161     0.1794    -0.6135 -9.990e-29
 177.632263      0.157   0.293056    13.9909    -1.9091      0.156     0.1792    -0.6133 -9.990e-29
 177.632269      0.155   0.292625    13.9870    -1.9091      0.154     0.1790    -0.6129 -9.990e-29
 177.632274      0.155   0.292625    13.9834    -1.9093      0.154     0.1790    -0.6124 -9.990e-29
 177.632280      0.159   0.293054    13.9814    -1.9092      0.158     0.1793    -0.6119 -9.990e-29
 177.632286      0.165   0.293377    13.9808    -1.9093      0.164     0.1795    -0.6117 -9.990e-29
 177.632292      0.171   0.293473    13.9812    -1.9095      0.170     0.1795    -0.6117 -9.990e-29
 177.632297      0.173   0.293469    13.9817    -1.9097      0.172     0.1795    -0.6118 -9.990e-29
 177.632303      0.169   0.293358    13.9816    -1.9098      0.168     0.1794    -0.6118 -9.990e-29
 177.632309      0.165   0.292993    13.9807    -1.9098      0.164     0.1792    -0.6119 -9.990e-29
 177.632315      0.169   0.292441    13.9792    -1.9100      0.168     0.1789    -0.6119 -9.990e-29
 177.632321      0.177   0.292073    13.9773    -1.9100      0.176     0.1787    -0.6118 -9.990e-29
 177.632326      0.180   0.291950    13.9753    -1.9101      0.178     0.1786    -0.6116 -9.990e-29
 177.632332      0.180   0.291909    13.9732    -1.9102      0.178     0.1786    -0.6113 -9.990e-29
 177.632338      0.175   0.291895    13.9706    -1.9103      0.174     0.1786    -0.6110 -9.990e-29
 177.632344      0.170   0.291891    13.9674    -1.9103      0.169     0.1786    -0.6105 -9.990e-29
 177.632350      0.169   0.291889    13.9640    -1.9104      0.168     0.1786    -0.6100 -9.990e-29
 177.632355      0.171   0.291889    13.9612    -1.9103      0.170     0.1786    -0.6096 -9.990e-29
 177.632361      0.177   0.291889    13.9593    -1.9103      0.176     0.1786    -0.6094 -9.990e-29
 177.632367      0.188   0.291889    13.9575    -1.9103      0.186     0.1786    -0.6091 -9.990e-29
 177.632373      0.199   0.291889    13.9554    -1.9102      0.197     0.1786    -0.6088 -9.990e-29
 177.632378      0.203   0.291889    13.9530    -1.9102      0.201     0.1787    -0.6085 -9.990e-29
 177.632384      0.200   0.291889    13.9509    -1.9102      0.198     0.1787    -0.6082 -9.990e-29
 177.632390      0.199   0.291890    13.9493    -1.9101      0.197     0.1787    -0.6079 -9.990e-29
 177.632396      0.203   0.291891    13.9485    -1.9102      0.201     0.1787    -0.6078 -9.990e-29
 177.632402      0.213   0.291892    13.9484    -1.9098      0.211     0.1787    -0.6078 -9.990e-29
 177.632407      0.226   0.291895    13.9488    -1.9064      0.224     0.1787    -0.6079 -9.990e-29
 177.632413      0.237   0.291904    13.9496    -1.9026      0.235     0.1787    -0.6080 -9.990e-29
 177.632419      0.248   0.291933    13.9506    -1.9031      0.246     0.1787    -0.6081 -9.990e-29
 177.632425      0.255   0.292018    13.9513    -1.9026      0.253     0.1787    -0.6082 -9.990e-29
 177.632431      0.258   0.292274    13.9519    -1.9010      0.256     0.1789    -0.6081 -9.990e-29
 177.632436      0.262   0.293041    13.9523    -1.9010      0.260     0.1794    -0.6078 -9.990e-29
 177.632442      0.263   0.295343    13.9522    -1.9015      0.261     0.1808    -0.6067 -9.990e-29
 177.632448      0.260   0.302248    13.9515    -1.9021      0.258     0.1851    -0.6032 -9.990e-29
 177.632454      0.259   0.322408    13.9503    -1.9024      0.257     0.1977    -0.5933 -9.990e-29
 177.632459      0.258   0.381042    13.9484    -1.9028      0.256     0.2346    -0.5643 -9.990e-29
 177.632465      0.263   0.538053    13.9459    -1.9029      0.261     0.3346    -0.4863 -9.990e-29
 177.632471      0.273   0.814451    13.9432    -1.9031      0.271     0.5143    -0.3465 -9.990e-29
 177.632477      0.284   1.086808    13.9411    -1.9036      0.282     0.6947    -0.2062 -9.990e-29
 177.632483      0.299   1.249525    13.9396    -1.9038      0.297     0.8038    -0.1215 -9.990e-29
 177.632488      0.312   1.359416    13.9379    -1.9039      0.309     0.8781    -0.0637 -9.990e-29
 177.632494      0.321   1.453813    13.9355    -1.9040      0.318     0.9421    -0.0138 -9.990e-29
 177.632500      0.326   1.493964    13.9330    -1.9043      0.323     0.9695     0.0078 -9.990e-29
 177.632506      0.328   1.481856    13.9316    -1.9044      0.325     0.9613     0.0016 -9.990e-29
 177.632512      0.327   1.449569    13.9315    -1.9047      0.324     0.9393    -0.0154 -9.990e-29
 177.632517      0.322   1.413357    13.9319    -1.9049      0.319     0.9147    -0.0345 -9.990e-29
 177.632523      0.314   1.377037    13.9318    -1.9050      0.311     0.8901    -0.0535 -9.990e-29
 177.632529      0.306   1.342066    13.9313    -1.9057      0.303     0.8665    -0.0718 -9.990e-29
 177.632535      0.301   1.307816    13.9307    -1.9057      0.298     0.8433    -0.0896 -9.990e-29
 177.632541      0.300   1.274063    13.9301    -1.9059      0.297     0.8206    -0.1072 -9.990e-29
 177.632546      0.303   1.247343    13.9295    -1.9058      0.300     0.8026    -0.1210 -9.990e-29
 177.632552      0.310   1.229162    13.9289    -1.9056      0.307     0.7904    -0.1304 -9.990e-29
 177.632558      0.320   1.210794    13.9280    -1.9057      0.317     0.7780    -0.1398 -9.990e-29
 177.632564      0.331   1.189361    13.9260    -1.9059      0.328     0.7637    -0.1507 -9.990e-29
 177.632569      0.339   1.168426    13.9227    -1.9058      0.336     0.7497    -0.1611 -9.990e-29
 177.632575      0.345   1.151110    13.9180    -1.9055      0.342     0.7382    -0.1693 -9.990e-29
 177.632581      0.348   1.139259    13.9132    -1.9056      0.345     0.7303    -0.1748 -9.990e-29
 177.632587      0.348   1.129266    13.9103    -1.9057      0.345     0.7237    -0.1795 -9.990e-29
 177.632593      0.347   1.117779    13.9094    -1.9057      0.344     0.7160    -0.1853 -9.990e-29
 177.632598      0.344   1.107213    13.9099    -1.9060      0.341     0.7089    -0.1909 -9.990e-29
 177.632604      0.339   1.100659    13.9117    -1.9062      0.336     0.7045    -0.1946 -9.990e-29
 177.632610      0.335   1.097135    13.9140    -1.7426      0.332     0.7021    -0.1967 -9.990e-29
 177.632616      0.341   1.089726    13.9160    -1.5981      0.338     0.6971    -0.2009 -9.990e-29
 177.632622      0.358   1.076864    13.9177    -1.6228      0.355     0.6885    -0.2078 -9.990e-29
 177.632627      0.377   1.067441    13.9188    -1.6287      0.374     0.6822    -0.2128 -9.990e-29
 177.632633      0.397   1.071613    13.9184    -1.6298      0.394     0.6850    -0.2106 -9.990e-29
 177.632639      0.417   1.096605    13.9151    -1.6290      0.414     0.7017    -0.1972 -9.990e-29
 177.632645      0.440   1.162438    13.9036    -1.6279      0.436     0.7460    -0.1612 -9.990e-29
 177.632650      0.467   1.357443    13.8693    -1.6276      0.463     0.8783    -0.0540 -9.990e-29
 177.632656      0.499   1.957697    13.7699    -1.6275      0.495     1.2934     0.2814 -9.990e-29
 177.632662      0.539   3.779051    13.4752    -1.6275      0.535     2.6129     1.3426 -9.990e-29
 177.632668      0.589   9.266047    12.9125    -1.6276      0.584     6.9179     4.7431 -9.990e-29
 177.632674      0.653  19.557885    12.3039    -1.6275      0.648    15.7865    11.6703 -9.990e-29
 177.632679      0.733  29.843881    11.9097    -1.6272      0.727    25.3530    19.1254 -9.990e-29
 177.632685      0.828  35.343332    11.7398    -1.6273      0.821    30.7097    23.3064 -9.990e-29
 177.632691      0.921  37.215669    11.6945    -1.6271      0.913    32.5627    24.7532 -9.990e-29
 177.632697      1.001  37.870408    11.6983    -1.6275      0.993    33.1977    25.2457 -9.990e-29
 177.632703      1.061  38.095336    11.7094    -1.6276      1.052    33.4073    25.4065 -9.990e-29
 177.632708      1.096  38.167351    11.7165    -1.6273      1.087    33.4713    25.4549 -9.990e-29
 177.632714      1.116  38.186357    11.7190    -1.6270      1.107    33.4876    25.4671 -9.990e-29
 177.632720      1.132  38.188301    11.7175    -1.6273      1.123    33.4908    25.4699 -9.990e-29
 177.632726      1.144  38.189179    11.7144    -1.6293      1.134    33.4945    25.4733 -9.990e-29
 177.632731      1.153  38.197402    11.7131    -1.6279      1.143    33.5037    25.4807 -9.990e-29
 177.632737      1.160  38.213252    11.7165    -1.6269      1.150    33.5161    25.4897 -9.990e-29
 177.632743      1.165  38.225890    11.7213    -1.6272      1.155    33.5241    25.4951 -9.990e-29
 177.632749      1.169  38.222997    11.7218    -1.6277      1.159    33.5208    25.4924 -9.990e-29
 177.632755      1.171  38.208518    11.7207    -1.6278      1.161    33.5077    25.4824 -9.990e-29
 177.632760      1.173  38.197276    11.7180    -1.6276      1.163    33.4991    25.4763 -9.990e-29
 177.632766      1.173  38.196088    11.7085    -1.6282      1.163    33.5066    25.4838 -9.990e-29
 177.632772      1.173  38.210049    11.6967    -1.6282      1.163    33.5309    25.5049 -9.990e-29
 177.632778      1.171  38.232528    11.6961    -1.6273      1.161    33.5534    25.5225 -9.990e-29
 177.632784      1.169  38.229596    11.7114    -1.6271      1.159    33.5367    25.5067 -9.990e-29
 177.632789      1.165  38.197858    11.7255    -1.6274      1.155    33.4929    25.4701 -9.990e-29
 177.632795      1.159  38.177858    11.7248    -1.6270      1.149    33.4740    25.4555 -9.990e-29
 177.632801      1.156  38.180423    11.7174    -1.6272      1.146    33.4832    25.4640 -9.990e-29
 177.632807      1.160  38.187650    11.7135    -1.6281      1.150    33.4938    25.4730 -9.990e-29
 177.632813      1.166  38.190088    11.7117    -1.6271      1.156    33.4978    25.4764 -9.990e-29
 177.632818      1.171  38.187584    11.7074    -1.6270      1.161    33.4992    25.4783 -9.990e-29
 177.632824      1.175  38.182919    11.6988    -1.6269      1.165    33.5024    25.4824 -9.990e-29
 177.632830      1.178  38.184397    11.6864    -1.6268      1.168    33.5151    25.4945 -9.990e-29
 177.632836      1.180  38.214671    11.6754    -1.6277      1.170    33.5547    25.5273 -9.990e-29
 177.632841      1.182  38.273172    11.6733    -1.6287      1.172    33.6138    25.5736 -9.990e-29
 177.632847      1.183  38.320223    11.6812    -1.6303      1.173    33.6527    25.6024 -9.990e-29
 177.632853      1.184  38.332248    11.6881    -1.6299      1.174    33.6582    25.6054 -9.990e-29
 177.632859      1.185  38.314037    11.6851    -1.6296      1.175    33.6431    25.5942 -9.990e-29
 177.632865      1.186  38.284964    11.6779    -1.6293      1.176    33.6212    25.5785 -9.990e-29
 177.632870      1.186  38.282969    11.6746    -1.6290      1.176    33.6222    25.5799 -9.990e-29
 177.632876      1.187  38.315993    11.6786    -1.6291      1.177    33.6509    25.6015 -9.990e-29
 177.632882      1.187  38.343999    11.6856    -1.6305      1.177    33.6719    25.6165 -9.990e-29
 177.632888      1.187  38.338185    11.6833    -1.6309      1.177    33.6683    25.6142 -9.990e-29
 177.632894      1.188  38.298603    11.6639    -1.6317      1.178    33.6472    25.6013 -9.990e-29
 177.632899      1.188  38.245259    11.6333    -1.6310      1.178    33.6227    25.5880 -9.990e-29
 177.632905      1.188  38.209498    11.6098    -1.6304      1.178    33.6090    25.5817 -9.990e-29
 177.632911      1.189  38.216414    11.6041    -1.6308      1.179    33.6210    25.5920 -9.990e-29
 177.632917      1.189  38.253895    11.6101    -1.6314      1.179    33.6523    25.6152 -9.990e-29
 177.632922      1.189  38.279261    11.6196    -1.6321      1.179    33.6685    25.6261 -9.990e-29
 177.632928      1.189  38.279819    11.6256    -1.6319      1.179    33.6636    25.6212 -9.990e-29
 177.632934      1.190  38.260038    11.6209    -1.6315      1.180    33.6485    25.6103 -9.990e-29
 177.632940      1.190  38.216508    11.6038    -1.6316      1.180    33.6214    25.5924 -9.990e-29
 177.632946      1.191  38.169987    11.5805    -1.6319      1.181    33.5969    25.5777 -9.990e-29
 177.632951      1.192  38.157038    11.5638    -1.6319      1.182    33.5993    25.5826 -9.990e-29
 177.632957      1.193  38.188965    11.5619    -1.6314      1.183    33.6324    25.6087 -9.990e-29
 177.632963      1.194  38.238874    11.5731    -1.6316      1.184    33.6712    25.6368 -9.990e-29
 177.632969      1.196  38.256235    11.5853    -1.6319      1.186    33.6771    25.6391 -9.990e-29
 177.632975      1.198  38.213226    11.5827    -1.6329      1.188    33.6373    25.6087 -9.990e-29
 177.632980      1.201  38.146614    11.5665    -1.6330      1.191    33.5867    25.5723 -9.990e-29
 177.632986      1.204  38.122758    11.5516    -1.6321      1.194    33.5768    25.5673 -9.990e-29
 177.632992      1.209  38.156346    11.5466    -1.6322      1.199    33.6143    25.5974 -9.990e-29
 177.632998      1.215  38.199174    11.5475    -1.6315      1.205    33.6555    25.6293 -9.990e-29
 177.633003      1.223  38.209756    11.5465    -1.6307      1.213    33.6668    25.6383 -9.990e-29
 177.633009      1.233  38.200526    11.5439    -1.6311      1.223    33.6601    25.6335 -9.990e-29
 177.633015      1.241  38.205674    11.5464    -1.6323      1.231    33.6629    25.6352 -9.990e-29
 177.633021      1.245  38.219184    11.5518    -1.6327      1.235    33.6712    25.6407 -9.990e-29
 177.633027      1.247  38.204174    11.5484    -1.6316      1.237    33.6596    25.6323 -9.990e-29
 177.633032      1.250  38.159681    11.5371    -1.6311      1.240    33.6262    25.6084 -9.990e-29
 177.633038      1.247  38.133377    11.5296    -1.6311      1.237    33.6072    25.5950 -9.990e-29
 177.633044      1.245  38.155172    11.5320    -1.6312      1.235    33.6264    25.6095 -9.990e-29
 177.633050      1.245  38.196991    11.5459    -1.6305      1.235    33.6548    25.6290 -9.990e-29
 177.633056      1.250  38.223286    11.5617    -1.6304      1.240    33.6662    25.6350 -9.990e-29
 177.633061      1.254  38.226550    11.5623    -1.6300      1.244    33.6689    25.6370 -9.990e-29
 177.633067      1.253  38.211700    11.5488    -1.6306      1.243    33.6666    25.6377 -9.990e-29
 177.633073      1.248  38.193116    11.5391    -1.6316      1.238    33.6572    25.6321 -9.990e-29
 177.633079      1.238  38.185794    11.5409    -1.6307      1.228    33.6484    25.6250 -9.990e-29
 177.633084      1.228  38.196776    11.5480    -1.6304      1.218    33.6527    25.6270 -9.990e-29
 177.633090      1.219  38.221100    11.5548    -1.6305      1.209    33.6704    25.6395 -9.990e-29
 177.633096      1.213  38.239105    11.5606    -1.6312      1.203    33.6828    25.6481 -9.990e-29
 177.633102      1.208  38.243435    11.5673    12.2030      1.198    33.6809    25.6454 -9.990e-29
 177.633108      1.205  38.248269    11.5784    15.9896      1.195    33.6756    25.6392 -9.990e-29
 177.633113      1.202  38.256696    11.5948    16.3737      1.192    33.6689    25.6310 -9.990e-29
 177.633119      1.201  38.249707    11.6077    13.8911      1.191    33.6503    25.6142 -9.990e-29
