data/oxygen options/ONMS/Olympic_Coast_National_Marine_Sanctuary_CTD_Data_2005_2023/raw_data/2019/CAST_KL015_190801faed.cnv
* Sea-Bird SBE 19 Data File:
* FileName = C:\2019 Mooring Data\Casts\CAST_KL015_190801.hex
* Software Version SeatermAF 2.1.2
* Temperature SN = 2997
* Conductivity SN = 2997
* System UpLoad Time = Aug 01 2019 20:56:00 (localtime) = Aug 01 2019 20:56:00 (UTC)
** CAST_KL015_190801
* ds
# nquan = 9                                 
# nvalues = 843                         
# units = specified
# name 0 = timeJ: Julian Days
# name 1 = prSM: Pressure, Strain Gauge [db]
# name 2 = c0mS/cm: Conductivity [mS/cm]
# name 3 = t090C: Temperature [ITS-90, deg C]
# name 4 = sbeox0ML/L: Oxygen, SBE 43 [ml/l]
# name 5 = depSM: Depth [salt water, m], lat = 47.5
# name 6 = sal00: Salinity, Practical [PSU]
# name 7 = sigma-é00: Density [sigma-theta, kg/m^3]
# name 8 = flag: flag
# span 0 = 213.832731, 213.837604       
# span 1 =     -5.248,     16.189       
# span 2 =   0.259374,  41.632623       
# span 3 =     8.8398,    18.5402       
# span 4 =    -1.7564,    14.5845       
# span 5 =     -5.204,     16.053       
# span 6 =     0.1441,    33.9675       
# span 7 =    -1.3687,    26.0236       
# span 8 = 0.0000e+00, 0.0000e+00       
# interval = seconds: 0.5
# start_time = Aug 01 2019 19:59:08 [Instrument's time stamp, header]
# bad_flag = -9.990e-29
*END*
[from data line 801]
 213.837367      7.459  37.636722    11.5306     4.7927      7.397    33.1165    25.2136 0.0000e+00
 213.837373      7.143  37.677558    11.6019     4.8574      7.083    33.0928    25.1821 0.0000e+00
 213.837378      6.842  37.754996    11.6837     4.8852      6.785    33.0956    25.1692 0.0000e+00
 213.837384      6.557  37.846297    11.7572     4.9530      6.502    33.1192    25.1740 0.0000e+00
 213.837390      6.284  37.905768    11.8257     5.0964      6.231    33.1162    25.1589 0.0000e+00
 213.837396      6.014  37.941041    11.8993     5.3874      5.964    33.0851    25.1210 0.0000e+00
 213.837402      5.747  37.981798    11.9792     5.8211      5.699    33.0538    25.0818 0.0000e+00
 213.837407      5.491  38.048791    12.0589     6.4283      5.445    33.0481    25.0625 0.0000e+00
 213.837413      5.243  38.122714    12.1419     7.0331      5.199    33.0462    25.0453 0.0000e+00
 213.837419      4.983  38.182858    12.2772     7.4949      4.941    32.9848    24.9721 0.0000e+00
 213.837425      4.702  38.274707    12.5264     7.7569      4.663    32.8543    24.8233 0.0000e+00
 213.837431      4.419  38.465851    12.8828     7.8153      4.382    32.7264    24.6551 0.0000e+00
 213.837436      4.152  38.820187    13.2673     7.7809      4.117    32.7289    24.5812 0.0000e+00
 213.837442      3.915  39.308367    13.6190     7.7302      3.882    32.8833    24.6299 0.0000e+00
 213.837448      3.710  39.739504    13.9350     7.6975      3.679    33.0124    24.6650 0.0000e+00
 213.837454      3.529  39.987769    14.2127     7.6604      3.500    33.0037    24.6006 0.0000e+00
 213.837459      3.359  40.110311    14.4222     7.6104      3.331    32.9375    24.5056 0.0000e+00
 213.837465      3.190  40.174220    14.5578     7.5559      3.163    32.8808    24.4333 0.0000e+00
 213.837471      3.016  40.202575    14.6385     7.5254      2.991    32.8384    24.3835 0.0000e+00
 213.837477      2.842  40.220337    14.6865     7.5249      2.818    32.8141    24.3545 0.0000e+00
 213.837483      2.683  40.248408    14.7238     7.5393      2.661    32.8082    24.3420 0.0000e+00
 213.837488      2.547  40.288934    14.7553     7.5374      2.526    32.8185    24.3432 -9.990e-29
 213.837494      2.424  40.322570    14.7742     7.5189      2.404    32.8332    24.3505 -9.990e-29
 213.837500      2.298  40.329183    14.7783     7.5011      2.279    32.8358    24.3516 0.0000e+00
 213.837506      2.161  40.315913    14.7764     7.5040      2.143    32.8254    24.3440 0.0000e+00
 213.837512      2.018  40.305409    14.7792     7.4919      2.001    32.8136    24.3343 0.0000e+00
 213.837517      1.876  40.310556    14.7911     8.8520      1.860    32.8083    24.3276 0.0000e+00
 213.837523      1.744  40.329814    14.8065     8.8044      1.729    32.8128    24.3279 -9.990e-29
 213.837529      1.625  40.346842    14.8155     8.8345      1.611    32.8207    24.3320 -9.990e-29
 213.837535      1.513  40.346253    14.8157     8.3683      1.500    32.8201    24.3315 -9.990e-29
 213.837541      1.395  40.327826    14.8133     7.9968      1.383    32.8054    24.3207 -9.990e-29
 213.837546      1.274  40.292202    14.8135     8.2016      1.263    32.7730    24.2956 -9.990e-29
 213.837552      1.158  40.207011    14.8160 -9.990e-29      1.148    32.6936    24.2340 -9.990e-29
 213.837558      1.053  39.952500    14.8160 -9.990e-29      1.044    32.4630    24.0562 -9.990e-29
 213.837564      0.957  39.174198    14.8105 -9.990e-29      0.949    31.7635    23.5185 -9.990e-29
 213.837569      0.863  36.832689    14.7975 -9.990e-29      0.856    29.6688    21.9084 -9.990e-29
 213.837575      0.774  29.817167    14.7794 -9.990e-29      0.768    23.4951    17.1667 -9.990e-29
 213.837581      0.701  19.559816    14.7671 -9.990e-29      0.695    14.8074    10.5065 -9.990e-29
 213.837587      0.649  13.515018    14.7640 -9.990e-29      0.644     9.9108     6.7553 -9.990e-29
 213.837593      0.614  13.842073    14.7652 -9.990e-29      0.609    10.1705     6.9540 -9.990e-29
 213.837598      0.594  17.595390    14.7663 -9.990e-29      0.589    13.1956     9.2717 -9.990e-29
 213.837604      0.587  20.521532 -9.990e-29 -9.990e-29      0.582 -9.990e-29 -9.990e-29 -9.990e-29
