data/oxygen options/ONMS/Olympic_Coast_National_Marine_Sanctuary_CTD_Data_2005_2023/raw_data/2019/CAST_CA015_191002faed.cnv
* Sea-Bird SBE 19 Data File:
* FileName = C:\2019 Mooring Data\Casts\CAST_CA015_191002.hex
* Software Version SeatermAF 2.1.2
* Temperature SN = 2997
* Conductivity SN = 2997
* System UpLoad Time = Oct 02 2019 21:49:49 (localtime) = Oct 02 2019 21:49:49 (UTC)
** CAST_CA015_191002
* ds
# nquan = 9                                 
# nvalues = 831                         
# units = specified
# name 0 = timeJ: Julian Days
# name 1 = prSM: Pressure, Strain Gauge [db]
# name 2 = c0mS/cm: Conductivity [mS/cm]
# name 3 = t090C: Temperature [ITS-90, deg C]
# name 4 = sbeox0ML/L: Oxygen, SBE 43 [ml/l]
# name 5 = depSM: Depth [salt water, m], lat = 47.5
# name 6 = sal00: Salinity, Practical [PSU]
# name 7 = sigma-é00: Density [sigma-theta, kg/m^3]
# name 8 = flag: flag
# span 0 = 275.852292, 275.857095       
# span 1 =     -4.602,     15.548       
# span 2 =   0.266895,  37.394875       
# span 3 =    11.4507,    13.0998       
# span 4 =    -1.9650,    11.7960       
# span 5 =     -4.564,     15.418       
# span 6 =     0.1677,    32.5461       
# span 7 =    -0.4637,    24.7012       
# span 8 = 0.0000e+00, 0.0000e+00       
# interval = seconds: 0.5
# start_time = Oct 02 2019 20:27:18 [Instrument's time stamp, header]
# bad_flag = -9.990e-29
*END*
[from data line 321]
 275.854149     -0.076   0.588429    12.7887    -1.9550     -0.075     0.3779    -0.2997 -9.990e-29
 275.854155     -0.056   0.587833    12.7899    -1.9558     -0.056     0.3775    -0.3002 -9.990e-29
 275.854161     -0.043   0.584822    12.7946    -1.9560     -0.043     0.3755    -0.3024 -9.990e-29
 275.854167     -0.039   0.582028    12.8014    -1.9556     -0.039     0.3735    -0.3047 -9.990e-29
 275.854172     -0.041   0.581264    12.8080    -1.9550     -0.041     0.3730    -0.3060 -9.990e-29
 275.854178     -0.039   0.582065    12.8139    -1.9547     -0.039     0.3735    -0.3064 -9.990e-29
 275.854184     -0.034   0.582727    12.8200    -1.9543     -0.034     0.3738    -0.3069 -9.990e-29
 275.854190     -0.034   0.581917    12.8259    -1.9542     -0.034     0.3732    -0.3081 -9.990e-29
 275.854196     -0.038   0.579107    12.8296    -1.9539     -0.038     0.3713    -0.3100 -9.990e-29
 275.854201     -0.040   0.575536    12.8286    -1.9536     -0.040     0.3690    -0.3117 -9.990e-29
 275.854207     -0.034   0.574194    12.8239    -1.9533     -0.034     0.3681    -0.3118 -9.990e-29
 275.854213     -0.024   0.576617    12.8220    -1.9530     -0.024     0.3698    -0.3103 -9.990e-29
 275.854219     -0.014   0.580494    12.8269    -1.9528     -0.014     0.3723    -0.3089 -9.990e-29
 275.854225     -0.003   0.582131    12.8360    -1.9524     -0.003     0.3733    -0.3093 -9.990e-29
 275.854230      0.009   0.580385    12.8453    -1.9519      0.009     0.3720    -0.3114 -9.990e-29
 275.854236      0.023   0.576807    12.8526    -1.9517      0.023     0.3696    -0.3143 -9.990e-29
 275.854242      0.036   0.573826    12.8583    -1.9515      0.036     0.3676    -0.3166 -9.990e-29
 275.854248      0.045   0.573004    12.8642    -1.9513      0.045     0.3670    -0.3178 -9.990e-29
 275.854253      0.049   0.573800    12.8709    -1.9509      0.049     0.3674    -0.3182 -9.990e-29
 275.854259      0.049   0.574505    12.8779    -1.9509      0.049     0.3678    -0.3188 -9.990e-29
 275.854265      0.050   0.574396    12.8851    -1.9508      0.050     0.3677    -0.3198 -9.990e-29
 275.854271      0.055   0.573880    12.8926    -1.9507      0.055     0.3673    -0.3211 -9.990e-29
 275.854277      0.062   0.572823    12.9006    -1.9511      0.061     0.3665    -0.3227 -9.990e-29
 275.854282      0.065   0.570922    12.9085    -1.9510      0.064     0.3652    -0.3247 -9.990e-29
 275.854288      0.069   0.568963    12.9154    -1.9511      0.068     0.3638    -0.3267 -9.990e-29
 275.854294      0.080   0.568212    12.9211    -1.9508      0.079     0.3633    -0.3278 -9.990e-29
 275.854300      0.093   0.568776    12.9266    -1.9506      0.092     0.3636    -0.3283 -9.990e-29
 275.854306      0.105   0.569190    12.9317    -1.9504      0.104     0.3638    -0.3287 -9.990e-29
 275.854311      0.116   0.568897    12.9349    -1.9503      0.115     0.3636    -0.3293 -9.990e-29
 275.854317      0.124   0.569166    12.9359    -1.9502      0.123     0.3638    -0.3293 -9.990e-29
 275.854323      0.124   0.570355    12.9357    -1.9503      0.123     0.3645    -0.3287 -9.990e-29
 275.854329      0.121   0.570727    12.9348    -1.9502      0.120     0.3648    -0.3284 -9.990e-29
 275.854334      0.118   0.568561    12.9342    -1.9507      0.117     0.3634    -0.3294 -9.990e-29
 275.854340      0.115   0.564844    12.9350    -1.9508      0.114     0.3609    -0.3314 -9.990e-29
 275.854346      0.113   0.562374    12.9381    -1.9510      0.112     0.3592    -0.3331 -9.990e-29
 275.854352      0.112   0.562287    12.9426    -1.9510      0.111     0.3592    -0.3338 -9.990e-29
 275.854358      0.110   0.563361    12.9466    -1.9514      0.109     0.3598    -0.3337 -9.990e-29
 275.854363      0.108   0.563701    12.9492    -1.9515      0.107     0.3600    -0.3339 -9.990e-29
 275.854369      0.107   0.562654    12.9501    -1.9514      0.106     0.3593    -0.3346 -9.990e-29
 275.854375      0.105   0.561591    12.9496    -1.9512      0.104     0.3586    -0.3351 -9.990e-29
 275.854381      0.102   0.561865    12.9474    -1.9516      0.101     0.3588    -0.3346 -9.990e-29
 275.854387      0.100   0.562731    12.9433    -1.9519      0.099     0.3594    -0.3336 -9.990e-29
 275.854392      0.096   0.562575    12.9391    -1.9517      0.095     0.3594    -0.3331 -9.990e-29
 275.854398      0.092   0.561186    12.9355    -1.9514      0.091     0.3585    -0.3334 -9.990e-29
 275.854404      0.087   0.559481    12.9319    -1.9511      0.086     0.3574    -0.3338 -9.990e-29
 275.854410      0.084   0.557957    12.9282    -1.9509      0.083     0.3564    -0.3341 -9.990e-29
 275.854416      0.088   0.556797    12.9255    -1.9510      0.087     0.3557    -0.3343 -9.990e-29
 275.854421      0.095   0.556668    12.9247    -1.9509      0.094     0.3556    -0.3343 -9.990e-29
 275.854427      0.102   0.557952    12.9238    -1.9507      0.101     0.3565    -0.3335 -9.990e-29
 275.854433      0.107   0.559592    12.9213    -1.9505      0.106     0.3576    -0.3323 -9.990e-29
 275.854439      0.113   0.559896    12.9198    -1.9503      0.112     0.3578    -0.3319 -9.990e-29
 275.854444      0.119   0.558161    12.9219    -1.9503      0.118     0.3566    -0.3331 -9.990e-29
 275.854450      0.125   0.555399    12.9266    -1.9499      0.124     0.3547    -0.3352 -9.990e-29
 275.854456      0.132   0.553463    12.9316    -1.9498      0.131     0.3534    -0.3368 -9.990e-29
 275.854462      0.137   0.553096    12.9351    -1.9495      0.136     0.3531    -0.3375 -9.990e-29
 275.854468      0.134   0.553253    12.9373    -1.9490      0.133     0.3532    -0.3377 -9.990e-29
 275.854473      0.129   0.553038    12.9398    -1.9489      0.128     0.3531    -0.3381 -9.990e-29
 275.854479      0.125   0.552717    12.9435    -1.9489      0.124     0.3528    -0.3388 -9.990e-29
 275.854485      0.122   0.552413    12.9476    -1.9487      0.121     0.3526    -0.3395 -9.990e-29
 275.854491      0.119   0.551723    12.9516    -1.9483      0.118     0.3521    -0.3404 -9.990e-29
 275.854497      0.117   0.550280    12.9560    -1.9482      0.116     0.3511    -0.3417 -9.990e-29
 275.854502      0.116   0.548374    12.9615    -1.9479      0.115     0.3498    -0.3434 -9.990e-29
 275.854508      0.115   0.546234    12.9676    -1.9476      0.114     0.3483    -0.3454 -9.990e-29
 275.854514      0.114   0.543221    12.9747    -1.9472      0.113     0.3463    -0.3479 -9.990e-29
 275.854520      0.113   0.539746    12.9820    -1.9471      0.112     0.3439    -0.3506 -9.990e-29
 275.854525      0.113   0.536716    12.9872    -1.9467      0.112     0.3419    -0.3529 -9.990e-29
 275.854531      0.113   0.533417    12.9908    -1.9463      0.112     0.3397    -0.3551 -9.990e-29
 275.854537      0.113   0.529879    12.9953    -1.9458      0.112     0.3373    -0.3575 -9.990e-29
 275.854543      0.113   0.527478    13.0011    -1.9454      0.112     0.3357    -0.3595 -9.990e-29
 275.854549      0.114   0.526334    13.0073    -1.9452      0.113     0.3349    -0.3609 -9.990e-29
 275.854554      0.114   0.525476    13.0137    -1.9452      0.113     0.3343    -0.3622 -9.990e-29
 275.854560      0.115   0.524313    13.0208    -1.9449      0.114     0.3334    -0.3637 -9.990e-29
 275.854566      0.117   0.522956    13.0279    -1.9450      0.116     0.3325    -0.3654 -9.990e-29
 275.854572      0.118   0.521255    13.0350    -1.9448      0.117     0.3313    -0.3672 -9.990e-29
 275.854578      0.120   0.519158    13.0431    -1.9448      0.119     0.3299    -0.3694 -9.990e-29
 275.854583      0.123   0.517193    13.0526    -1.9447      0.122     0.3285    -0.3717 -9.990e-29
 275.854589      0.127   0.514955    13.0625    -1.9447      0.126     0.3269    -0.3741 -9.990e-29
 275.854595      0.132   0.512230    13.0709    -1.9447      0.131     0.3251    -0.3767 -9.990e-29
 275.854601      0.138   0.509815    13.0764    -1.9446      0.137     0.3235    -0.3786 -9.990e-29
 275.854606      0.147   0.508365    13.0798    -1.9446      0.146     0.3225    -0.3798 -9.990e-29
 275.854612      0.157   0.508718    13.0825    -1.9445      0.156     0.3227    -0.3800 -9.990e-29
 275.854618      0.171   0.510788    13.0849    -1.9445      0.170     0.3240    -0.3793 -9.990e-29
 275.854624      0.184   0.512906    13.0870    -1.9443      0.182     0.3254    -0.3785 -9.990e-29
 275.854630      0.193   0.513462    13.0890    -1.9445      0.191     0.3258    -0.3785 -9.990e-29
 275.854635      0.203   0.512092    13.0906    -1.9444      0.201     0.3248    -0.3794 -9.990e-29
 275.854641      0.214   0.509735    13.0915    -1.9439      0.212     0.3233    -0.3807 -9.990e-29
 275.854647      0.224   0.507682    13.0924    -1.9432      0.222     0.3219    -0.3819 -9.990e-29
 275.854653      0.233   0.506516    13.0937    -1.9422      0.231     0.3212    -0.3827 -9.990e-29
 275.854659      0.240   0.505791    13.0949    -1.9411      0.238     0.3207    -0.3832 -9.990e-29
 275.854664      0.248   0.505093    13.0959    -1.9408      0.246     0.3202    -0.3837 -9.990e-29
 275.854670      0.255   0.505153    13.0969    -1.7711      0.253     0.3202    -0.3838 -9.990e-29
 275.854676      0.264   0.507158    13.0975    -1.6132      0.262     0.3216    -0.3828 -9.990e-29
 275.854682      0.273   0.511011    13.0978    -1.6260      0.271     0.3241    -0.3809 -9.990e-29
 275.854688      0.285   0.516866    13.0988    -1.6295      0.283     0.3279    -0.3781 -9.990e-29
 275.854693      0.294   0.530866    13.0998    -1.6293      0.292     0.3371    -0.3710 -9.990e-29
 275.854699      0.303   0.572232    13.0990    -1.6295      0.300     0.3643    -0.3498 -9.990e-29
 275.854705      0.319   0.684486    13.0941    -1.6289      0.316     0.4386    -0.2913 -9.990e-29
 275.854711      0.348   0.961908    13.0791    -1.6297      0.345     0.6252    -0.1442 -9.990e-29
 275.854716      0.389   1.661391    13.0333    -1.6287      0.386     1.1092     0.2377 -9.990e-29
 275.854722      0.434   3.557695    12.8906    -1.6281      0.430     2.4882     1.3251 -9.990e-29
 275.854728      0.483   9.032969    12.6131    -1.6288      0.479     6.7841     4.6817 -9.990e-29
 275.854734      0.538  19.179686    12.3102    -1.6295      0.534    15.4514    11.4108 -9.990e-29
 275.854740      0.603  29.255026    12.1113    -1.6300      0.598    24.6687    18.5616 -9.990e-29
 275.854745      0.674  34.605685    12.0174    -1.6307      0.668    29.7766    22.5328 -9.990e-29
 275.854751      0.738  36.410338    11.9786    -1.6299      0.732    31.5383    23.9058 -9.990e-29
 275.854757      0.790  37.047710    11.9693    -1.6298      0.783    32.1608    24.3905 -9.990e-29
 275.854763      0.835  37.283615    11.9809    -1.6303      0.828    32.3786    24.5574 -9.990e-29
 275.854769      0.869  37.357544    12.0041    -1.6304      0.862    32.4299    24.5929 -9.990e-29
 275.854774      0.888  37.353505    12.0187    -1.6310      0.881    32.4133    24.5773 -9.990e-29
 275.854780      0.900  37.324355    12.0090    -1.6322      0.892    32.3936    24.5638 -9.990e-29
 275.854786      0.924  37.302352    11.9836    -1.6307      0.916    32.3944    24.5691 -9.990e-29
 275.854792      0.953  37.304643    11.9652    -1.6304      0.945    32.4126    24.5866 -9.990e-29
 275.854797      0.971  37.325875    11.9640    -1.6306      0.963    32.4341    24.6036 -9.990e-29
 275.854803      0.979  37.328823    11.9713    -1.6308      0.971    32.4306    24.5995 -9.990e-29
 275.854809      0.988  37.306769    11.9710    -1.6317      0.980    32.4095    24.5832 -9.990e-29
 275.854815      1.000  37.290228    11.9554    -1.6314      0.992    32.4071    24.5842 -9.990e-29
 275.854821      1.018  37.291308    11.9326    -1.6305      1.010    32.4280    24.6047 -9.990e-29
 275.854826      1.037  37.313126    11.9200    -1.6303      1.028    32.4601    24.6319 -9.990e-29
 275.854832      1.052  37.342762    11.9271    -1.6308      1.043    32.4826    24.6481 -9.990e-29
 275.854838      1.057  37.335159    11.9435    -1.6314      1.048    32.4609    24.6282 -9.990e-29
 275.854844      1.059  37.294175    11.9482    -1.6325      1.050    32.4172    24.5934 -9.990e-29
 275.854850      1.065  37.272125    11.9358    -1.6317      1.056    32.4066    24.5875 -9.990e-29
 275.854855      1.077  37.285534    11.9210    -1.6316      1.068    32.4325    24.6103 -9.990e-29
 275.854861      1.085  37.317556    11.9202    -1.6317      1.076    32.4642    24.6351 -9.990e-29
 275.854867      1.087  37.334158    11.9350    -1.6313      1.078    32.4673    24.6348 -9.990e-29
 275.854873      1.087  37.313787    11.9483    -1.6310      1.078    32.4360    24.6080 -9.990e-29
 275.854878      1.093  37.283040    11.9450    -1.6305      1.084    32.4092    24.5878 -9.990e-29
 275.854884      1.107  37.277646    11.9285    -1.6306      1.098    32.4183    24.5979 -9.990e-29
 275.854890      1.119  37.296011    11.9111    -1.6310      1.110    32.4512    24.6267 -9.990e-29
 275.854896      1.127  37.313337    11.8994    -1.6311      1.118    32.4782    24.6498 -9.990e-29
 275.854902      1.131  37.311836    11.8922    -1.6306      1.122    32.4830    24.6549 -9.990e-29
 275.854907      1.131  37.307980    11.8890    -1.6306      1.122    32.4821    24.6548 -9.990e-29
 275.854913      1.127  37.326302    11.8949    -1.6304      1.118    32.4947    24.6634 -9.990e-29
 275.854919      1.120  37.346427    11.9096    -1.6302      1.111    32.5014    24.6659 -9.990e-29
 275.854925      1.113  37.343102    11.9210    -1.6311      1.104    32.4882    24.6536 -9.990e-29
 275.854931      1.114  37.326452    11.9217    -1.6309      1.105    32.4715    24.6404 -9.990e-29
 275.854936      1.123  37.326360    11.9165    -1.6305      1.114    32.4759    24.6449 -9.990e-29
 275.854942      1.132  37.348863    11.9125    -1.6309      1.123    32.5012    24.6652 -9.990e-29
 275.854948      1.138  37.366278    11.9120    -1.6309      1.128    32.5185    24.6787 -9.990e-29
 275.854954      1.140  37.367097    11.9128    -1.6307      1.130    32.5186    24.6787 -9.990e-29
 275.854959      1.140  37.367531    11.9136    -1.6307      1.130    32.5183    24.6783 -9.990e-29
 275.854965      1.136  37.377674    11.9151    -1.6309      1.127    32.5268    24.6846 -9.990e-29
 275.854971      1.129  37.389206    11.9176    -1.6306      1.120    32.5358    24.6911 -9.990e-29
 275.854977      1.122  37.393418    11.9192    -1.6317      1.113    32.5385    24.6929 -9.990e-29
 275.854983      1.125  37.380243    11.9176    -1.6315      1.116    32.5271    24.6844 -9.990e-29
 275.854988      1.136  37.358994    11.9126    -1.6312      1.127    32.5109    24.6727 -9.990e-29
 275.854994      1.147  37.359018    11.9063    -1.6318      1.137    32.5164    24.6782 -9.990e-29
 275.855000      1.157  37.376423    11.9032    -1.6319      1.147    32.5360    24.6940 -9.990e-29
 275.855006      1.164  37.389610    11.9063    -1.6309      1.154    32.5461    24.7012 -9.990e-29
 275.855012      1.170  37.394875    11.9142    -1.6305      1.160    32.5442    24.6983 -9.990e-29
 275.855017      1.174  37.390273    11.9211    -1.6307      1.164    32.5338    24.6889 -9.990e-29
 275.855023      1.178  37.370227    11.9202    -1.6312      1.168    32.5151    24.6746 -9.990e-29
 275.855029      1.181  37.346086    11.9103    -1.6316      1.171    32.5004    24.6650 -9.990e-29
 275.855035      1.184  37.331025    11.8987    -1.6315      1.174    32.4959    24.6637 -9.990e-29
 275.855041      1.186  37.330719    11.8930    -1.6315      1.176    32.5006    24.6684 -9.990e-29
 275.855046      1.189  37.348114    11.8954    -1.6314      1.179    32.5154    24.6794 -9.990e-29
 275.855052      1.191  37.357674    11.9042    -1.6312      1.181    32.5169    24.6790 -9.990e-29
 275.855058      1.194  37.341901    11.9141    -1.6318      1.184    32.4930    24.6586 -9.990e-29
 275.855064      1.197  37.327924    11.9198    -1.6318      1.187    32.4745    24.6432 -9.990e-29
