data/oxygen options/ONMS/Olympic_Coast_National_Marine_Sanctuary_CTD_Data_2005_2023/raw_data/2019/CAST_KL015_190828faed.cnv
* Sea-Bird SBE 19 Data File:
* FileName = C:\2019 Mooring Data\Casts\CAST_KL015_190828.hex
* Software Version SeatermAF 2.1.2
* Temperature SN = 2997
* Conductivity SN = 2997
* System UpLoad Time = Aug 28 2019 22:33:22 (localtime) = Aug 28 2019 22:33:22 (UTC)
** CAST_KL015_190828
* ds
# nquan = 9                                 
# nvalues = 832                         
# units = specified
# name 0 = timeJ: Julian Days
# name 1 = prSM: Pressure, Strain Gauge [db]
# name 2 = c0mS/cm: Conductivity [mS/cm]
# name 3 = t090C: Temperature [ITS-90, deg C]
# name 4 = sbeox0ML/L: Oxygen, SBE 43 [ml/l]
# name 5 = depSM: Depth [salt water, m], lat = 47.5
# name 6 = sal00: Salinity, Practical [PSU]
# name 7 = sigma-é00: Density [sigma-theta, kg/m^3]
# name 8 = flag: flag
# span 0 = 240.895938, 240.900747       
# span 1 =     -5.467,     16.062       
# span 2 =   0.274955,  41.942244       
# span 3 =     9.2596,    21.5621       
# span 4 =    -1.6734,    13.8710       
# span 5 =     -5.421,     15.927       
# span 6 =     0.1452,    33.5989       
# span 7 =    -2.0072,    25.8335       
# span 8 = 0.0000e+00, 0.0000e+00       
# interval = seconds: 0.5
# start_time = Aug 28 2019 21:30:09 [Instrument's time stamp, header]
# bad_flag = -9.990e-29
*END*
[from data line 641]
 240.899647      0.956  40.814925    15.6193     7.5180      0.948    32.5710    23.9648 -9.990e-29
 240.899653      0.946  40.819676    15.6272     7.4538      0.938    32.5687    23.9613 -9.990e-29
 240.899659      0.932  40.829069    15.6336     7.4027      0.924    32.5718    23.9623 -9.990e-29
 240.899664      0.924  40.819136    15.6279     7.4493      0.916    32.5677    23.9604 -9.990e-29
 240.899670      0.924  40.787201    15.6091     7.5216      0.916    32.5548    23.9546 -9.990e-29
 240.899676      0.930  40.767911    15.6023     7.5662      0.922    32.5432    23.9472 -9.990e-29
 240.899682      0.935  40.793165    15.6175     7.5445      0.927    32.5531    23.9515 -9.990e-29
 240.899688      0.942  40.827645    15.6384     7.5379      0.934    32.5666    23.9572 -9.990e-29
 240.899693      0.951  40.841052    15.6449     7.5884      0.943    32.5731    23.9608 -9.990e-29
 240.899699      0.957  40.790125    15.6297     7.6610      0.949    32.5404    23.9390 -9.990e-29
 240.899705      0.953  40.693714    15.6118     7.7090      0.945    32.4693    23.8883 -9.990e-29
 240.899711      0.942  40.669678    15.5960     7.6910      0.934    32.4609    23.8853 -9.990e-29
 240.899716      0.937  40.691491    15.5559     7.5690      0.929    32.5134    23.9345 -9.990e-29
 240.899722      0.938  40.664351    15.4837     7.4539      0.930    32.5489    23.9777 -9.990e-29
 240.899728      0.939  40.597929    15.4210     7.4271      0.931    32.5414    23.9857 -9.990e-29
 240.899734      0.942  40.563228    15.4185     7.5024      0.934    32.5124    23.9640 -9.990e-29
 240.899740      0.947  40.605193    15.4755     7.5972      0.939    32.5028    23.9441 -9.990e-29
 240.899745      0.953  40.690611    15.5506     7.5847      0.945    32.5170    23.9385 -9.990e-29
 240.899751      0.961  40.782041    15.6227     7.5646      0.953    32.5389    23.9394 -9.990e-29
 240.899757      0.972  40.846149    15.6750     7.4885      0.964    32.5528    23.9385 -9.990e-29
 240.899763      0.986  40.826616    15.6853     7.4328      0.978    32.5269    23.9163 -9.990e-29
 240.899769      1.001  40.738788    15.6738     7.4572      0.993    32.4583    23.8661 -9.990e-29
 240.899774      1.008  40.678931    15.6681     7.4432      1.000    32.4098    23.8301 -9.990e-29
 240.899780      1.007  40.720091    15.6667     7.4011      0.999    32.4476    23.8594 -9.990e-29
 240.899786      1.008  40.796614    15.6560     7.3864      1.000    32.5244    23.9209 -9.990e-29
 240.899792      1.015  40.818301    15.6397     7.4485      1.007    32.5572    23.9497 -9.990e-29
 240.899797      1.027  40.833038    15.6402     7.5284      1.018    32.5698    23.9593 -9.990e-29
 240.899803      1.034  40.860952    15.6622     7.5974      1.025    32.5765    23.9596 -9.990e-29
 240.899809      1.031  40.873071    15.6943     7.6243      1.022    32.5608    23.9404 -9.990e-29
 240.899815      1.039  40.872026    15.7101     7.6581      1.030    32.5468    23.9261 -9.990e-29
 240.899821      1.064  40.850188    15.6840     7.7161      1.055    32.5489    23.9335 -9.990e-29
 240.899826      1.098  40.776688    15.6321     7.7295      1.089    32.5264    23.9277 -9.990e-29
 240.899832      1.143  40.672215    15.5856     7.7046      1.133    32.4717    23.8959 -9.990e-29
 240.899838      1.202  40.618668    15.5249     7.5948      1.192    32.4740    23.9110 -9.990e-29
 240.899844      1.280  40.585457    15.4161     7.3956      1.269    32.5342    23.9812 -9.990e-29
 240.899850      1.376  40.506364    15.2930     7.1832      1.365    32.5653    24.0321 -9.990e-29
 240.899855      1.484  40.423739    15.2041     6.9654      1.472    32.5650    24.0512 -9.990e-29
 240.899861      1.598  40.376324    15.1454     6.8189      1.585    32.5711    24.0687 -9.990e-29
 240.899867      1.721  40.344484    15.0740     6.7682      1.707    32.6019    24.1078 -9.990e-29
 240.899873      1.860  40.273909    14.9474     6.7324      1.844    32.6438    24.1674 0.0000e+00
 240.899878      2.021  40.121950    14.7681     6.6609      2.004    32.6563    24.2155 0.0000e+00
 240.899884      2.200  39.902135    14.5669     6.5553      2.182    32.6253    24.2343 0.0000e+00
 240.899890      2.392  39.685374    14.3751     6.3663      2.372    32.5886    24.2464 0.0000e+00
 240.899896      2.593  39.544387    14.2216     6.1175      2.571    32.5887    24.2785 0.0000e+00
 240.899902      2.797  39.463593    14.1045     5.8229      2.774    32.6133    24.3218 0.0000e+00
 240.899907      3.004  39.389482    13.9841     5.4951      2.979    32.6470    24.3726 0.0000e+00
 240.899913      3.224  39.283626    13.8165     5.1488      3.197    32.6915    24.4414 0.0000e+00
 240.899919      3.463  39.122971    13.5791     4.8330      3.434    32.7448    24.5309 0.0000e+00
 240.899925      3.713  38.904374    13.2839     4.5438      3.682    32.7939    24.6281 0.0000e+00
 240.899931      3.969  38.637585    12.9673     4.3227      3.936    32.8160    24.7079 0.0000e+00
 240.899936      4.231  38.352641    12.6535     4.1426      4.196    32.8180    24.7706 0.0000e+00
 240.899942      4.494  38.061509    12.3589     3.9938      4.456    32.7967    24.8106 0.0000e+00
 240.899948      4.748  37.785237    12.1149     3.8885      4.708    32.7444    24.8163 0.0000e+00
 240.899954      4.993  37.572513    11.9147     3.7935      4.951    32.7143    24.8303 0.0000e+00
 240.899959      5.236  37.424596    11.7080     3.6843      5.192    32.7525    24.8982 0.0000e+00
 240.899965      5.484  37.300374    11.4878     3.5384      5.438    32.8260    24.9956 0.0000e+00
 240.899971      5.739  37.175216    11.2722     3.3498      5.691    32.8948    25.0881 0.0000e+00
 240.899977      5.997  37.032195    11.0550     3.1017      5.947    32.9479    25.1682 0.0000e+00
 240.899983      6.252  36.869194    10.8456     2.7861      6.200    32.9742    25.2256 0.0000e+00
 240.899988      6.504  36.720160    10.6690     2.3918      6.450    32.9848    25.2648 0.0000e+00
 240.899994      6.755  36.607985    10.5256     2.0043      6.699    33.0021    25.3031 0.0000e+00
 240.900000      7.013  36.525196    10.3833     1.6886      6.954    33.0480    25.3633 0.0000e+00
 240.900006      7.281  36.441368    10.2136     1.4755      7.220    33.1181    25.4468 0.0000e+00
 240.900012      7.561  36.330854    10.0306     1.3564      7.498    33.1736    25.5210 0.0000e+00
 240.900017      7.846  36.217522     9.8710     1.2740      7.780    33.2049    25.5721 0.0000e+00
 240.900023      8.131  36.144424     9.7606     1.2084      8.063    33.2320    25.6115 0.0000e+00
 240.900029      8.408  36.119238     9.7069     1.1805      8.338    33.2557    25.6389 0.0000e+00
 240.900035      8.673  36.120037     9.6961     1.1507      8.600    33.2664    25.6490 0.0000e+00
 240.900041      8.930  36.130442     9.6993     1.1579      8.855    33.2740    25.6544 0.0000e+00
 240.900046      9.186  36.145215     9.6967     1.1689      9.109    33.2914    25.6685 0.0000e+00
 240.900052      9.446  36.161028     9.6925     1.1806      9.367    33.3114    25.6848 0.0000e+00
 240.900058      9.704  36.174266     9.6928     1.1865      9.623    33.3246    25.6950 0.0000e+00
 240.900064      9.955  36.181231     9.6985     1.1699      9.872    33.3263    25.6955 0.0000e+00
 240.900069     10.198  36.183859     9.7096     1.1380     10.113    33.3186    25.6876 0.0000e+00
 240.900075     10.436  36.188380     9.7169     1.1057     10.349    33.3164    25.6847 0.0000e+00
 240.900081     10.680  36.192912     9.7124     1.0789     10.591    33.3251    25.6922 0.0000e+00
 240.900087     10.940  36.192234     9.7030     1.0509     10.848    33.3330    25.6999 0.0000e+00
 240.900093     11.216  36.190410     9.6974     1.0345     11.122    33.3362    25.7034 0.0000e+00
 240.900098     11.496  36.188852     9.6968     1.0205     11.400    33.3350    25.7025 0.0000e+00
 240.900104     11.767  36.182049     9.6930     0.9971     11.668    33.3314    25.7004 0.0000e+00
 240.900110     12.030  36.168133     9.6749     0.9906     11.929    33.3338    25.7053 0.0000e+00
 240.900116     12.288  36.149753     9.6482     0.9735     12.185    33.3397    25.7142 0.0000e+00
 240.900122     12.542  36.130323     9.6264     0.9530     12.437    33.3398    25.7179 0.0000e+00
 240.900127     12.789  36.114651     9.6103     0.9381     12.682    33.3386    25.7196 0.0000e+00
 240.900133     13.024  36.105476     9.5956     0.9086     12.915    33.3427    25.7252 0.0000e+00
 240.900139     13.249  36.097241     9.5712     0.8733     13.138    33.3569    25.7402 0.0000e+00
 240.900145     13.478  36.077445     9.5272     0.8493     13.365    33.3773    25.7634 0.0000e+00
 240.900150     13.719  36.043750     9.4757     0.8198     13.604    33.3905    25.7821 0.0000e+00
 240.900156     13.963  36.009066     9.4325     0.8234     13.846    33.3950    25.7926 0.0000e+00
 240.900162     14.202  35.979764     9.3967     0.8188     14.083    33.3980    25.8008 0.0000e+00
 240.900168     14.428  35.953152     9.3612     0.7980     14.307    33.4036    25.8109 0.0000e+00
 240.900174     14.644  35.927885     9.3262     0.7870     14.521    33.4101    25.8216 0.0000e+00
 240.900179     14.855  35.906099     9.2980     0.7767     14.730    33.4139    25.8291 0.0000e+00
 240.900185     15.061  35.890089     9.2809     0.7765     14.935    33.4132    25.8313 0.0000e+00
 240.900191     15.258  35.880332     9.2748     0.7838     15.130    33.4087    25.8288 0.0000e+00
 240.900197     15.441  35.876131     9.2734     0.7843     15.312    33.4056    25.8266 0.0000e+00
 240.900203     15.606  35.873559     9.2676     0.7741     15.475    33.4083    25.8296 0.0000e+00
 240.900208     15.745  35.869746     9.2598     0.7899     15.613    33.4116    25.8334 -9.990e-29
 240.900214     15.855  35.869683     9.2596     0.7866     15.722    33.4116    25.8335 -9.990e-29
 240.900220     15.938  35.876645     9.2688     0.7727     15.804    33.4102    25.8309 -9.990e-29
 240.900226     15.999  35.887035     9.2823     0.7835     15.865    33.4083    25.8273 -9.990e-29
 240.900231     16.042  35.897912     9.2962     0.7780     15.907    33.4065    25.8236 -9.990e-29
 240.900237     16.062  35.904747     9.3085     0.7812     15.927    33.4021    25.8182 -9.990e-29
 240.900243     16.051  35.904341     9.3172     0.8029     15.916    33.3935    25.8101 -9.990e-29
 240.900249     16.018  35.901190     9.3217     0.8046     15.884    33.3861    25.8036 -9.990e-29
 240.900255     15.968  35.901732     9.3232     0.8168     15.834    33.3853    25.8027 -9.990e-29
 240.900260     15.898  35.907253     9.3273     0.8258     15.765    33.3872    25.8035 -9.990e-29
 240.900266     15.803  35.920635     9.3392     0.8131     15.671    33.3899    25.8038 -9.990e-29
 240.900272     15.684  35.941248     9.3520     0.8243     15.553    33.3993    25.8090 -9.990e-29
 240.900278     15.539  35.956268     9.3566     0.8221     15.409    33.4106    25.8171 0.0000e+00
 240.900284     15.373  35.957175     9.3513     0.8200     15.244    33.4166    25.8226 0.0000e+00
 240.900289     15.196  35.945742     9.3398     0.8342     15.069    33.4156    25.8237 0.0000e+00
 240.900295     15.015  35.930798     9.3306     0.8379     14.889    33.4088    25.8199 0.0000e+00
 240.900301     14.827  35.924328     9.3300     0.8392     14.703    33.4028    25.8153 0.0000e+00
 240.900307     14.632  35.926102     9.3355     0.8574     14.509    33.3996    25.8119 0.0000e+00
 240.900313     14.435  35.929527     9.3422     0.8611     14.314    33.3969    25.8087 0.0000e+00
 240.900318     14.237  35.936371     9.3494     0.8806     14.118    33.3974    25.8079 0.0000e+00
 240.900324     14.033  35.947365     9.3611     0.8948     13.915    33.3979    25.8064 0.0000e+00
 240.900330     13.819  35.960373     9.3804     0.9008     13.703    33.3934    25.7998 0.0000e+00
 240.900336     13.590  35.974268     9.4042     0.9315     13.476    33.3856    25.7899 0.0000e+00
 240.900341     13.344  35.986866     9.4270     0.9549     13.232    33.3775    25.7798 0.0000e+00
 240.900347     13.087  35.998732     9.4467     0.9802     12.977    33.3715    25.7719 0.0000e+00
 240.900353     12.829  36.011138     9.4636     1.0080     12.722    33.3686    25.7669 0.0000e+00
 240.900359     12.575  36.024958     9.4792     1.0076     12.470    33.3684    25.7643 0.0000e+00
 240.900365     12.325  36.044625     9.4978     1.0201     12.222    33.3715    25.7636 0.0000e+00
 240.900370     12.080  36.070055     9.5215     1.0414     11.979    33.3757    25.7630 0.0000e+00
 240.900376     11.843  36.095408     9.5466     1.0587     11.744    33.3785    25.7611 0.0000e+00
 240.900382     11.610  36.116986     9.5730     1.0956     11.513    33.3762    25.7551 0.0000e+00
 240.900388     11.372  36.131653     9.6032     1.1275     11.277    33.3633    25.7400 0.0000e+00
 240.900394     11.118  36.141053     9.6325     1.1437     11.025    33.3458    25.7216 0.0000e+00
 240.900399     10.848  36.149326     9.6540     1.1639     10.757    33.3345    25.7092 0.0000e+00
 240.900405     10.576  36.156315     9.6657     1.1718     10.487    33.3309    25.7045 0.0000e+00
 240.900411     10.313  36.161268     9.6706     1.1885     10.227    33.3316    25.7042 0.0000e+00
 240.900417     10.066  36.164076     9.6732     1.2260      9.982    33.3321    25.7042 0.0000e+00
 240.900422      9.830  36.165686     9.6762     1.2644      9.748    33.3311    25.7029 0.0000e+00
 240.900428      9.600  36.167688     9.6801     1.3253      9.520    33.3297    25.7011 0.0000e+00
 240.900434      9.374  36.169952     9.6832     1.4280      9.296    33.3292    25.7002 0.0000e+00
 240.900440      9.150  36.171018     9.6824     1.5593      9.073    33.3311    25.7019 0.0000e+00
 240.900446      8.922  36.168392     9.6756     1.7371      8.847    33.3349    25.7059 0.0000e+00
 240.900451      8.690  36.159692     9.6658     1.9345      8.617    33.3351    25.7077 0.0000e+00
 240.900457      8.454  36.146757     9.6586     2.1574      8.383    33.3287    25.7038 0.0000e+00
 240.900463      8.219  36.131934     9.6588     2.4407      8.150    33.3134    25.6918 0.0000e+00
 240.900469      7.984  36.116173     9.6726     2.7202      7.917    33.2845    25.6670 0.0000e+00
 240.900475      7.754  36.105329     9.7051     3.0007      7.689    33.2434    25.6296 0.0000e+00
 240.900480      7.525  36.106219     9.7575     3.2441      7.462    33.1960    25.5839 0.0000e+00
 240.900486      7.293  36.123391     9.8362     3.4746      7.232    33.1412    25.5281 0.0000e+00
 240.900492      7.050  36.157353     9.9555     3.7212      6.991    33.0663    25.4498 0.0000e+00
 240.900498      6.795  36.208607    10.1067     3.9559      6.738    32.9803    25.3574 0.0000e+00
 240.900503      6.531  36.277204    10.2459     4.2048      6.476    32.9231    25.2893 0.0000e+00
 240.900509      6.270  36.352736    10.3400     4.4246      6.218    32.9140    25.2662 0.0000e+00
 240.900515      6.018  36.436291    10.4088     4.6167      5.968    32.9359    25.2715 0.0000e+00
 240.900521      5.779  36.543007    10.5027     4.7929      5.731    32.9581    25.2727 0.0000e+00
 240.900527      5.544  36.671298    10.6567     5.0037      5.498    32.9475    25.2378 0.0000e+00
 240.900532      5.312  36.843857    10.8568     5.1736      5.268    32.9393    25.1965 0.0000e+00
 240.900538      5.081  37.048896    11.0400     5.4002      5.039    32.9783    25.1945 0.0000e+00
 240.900544      4.849  37.186923    11.1998     5.6868      4.808    32.9715    25.1607 0.0000e+00
 240.900550      4.618  37.251644    11.4036     5.9466      4.579    32.8534    25.0321 0.0000e+00
 240.900556      4.387  37.342821    11.6735     6.1890      4.350    32.7036    24.8666 0.0000e+00
 240.900561      4.154  37.498052    11.9551     6.4504      4.119    32.6071    24.7396 0.0000e+00
