data/oxygen options/ONMS/Olympic_Coast_National_Marine_Sanctuary_CTD_Data_2005_2023/raw_data/2019/CAST_TH042_190829faed.cnv
* Sea-Bird SBE 19 Data File:
* FileName = C:\2019 Mooring Data\Casts\CAST_TH042_190829.hex
* Software Version SeatermAF 2.1.2
* Temperature SN = 2997
* Conductivity SN = 2997
* System UpLoad Time = Aug 29 2019 17:26:49 (localtime) = Aug 29 2019 17:26:49 (UTC)
** CAST_TH042_190829
* ds
# nquan = 9                                 
# nvalues = 1142                        
# units = specified
# name 0 = timeJ: Julian Days
# name 1 = prSM: Pressure, Strain Gauge [db]
# name 2 = c0mS/cm: Conductivity [mS/cm]
# name 3 = t090C: Temperature [ITS-90, deg C]
# name 4 = sbeox0ML/L: Oxygen, SBE 43 [ml/l]
# name 5 = depSM: Depth [salt water, m], lat = 47.5
# name 6 = sal00: Salinity, Practical [PSU]
# name 7 = sigma-é00: Density [sigma-theta, kg/m^3]
# name 8 = flag: flag
# span 0 = 241.665567, 241.672170       
# span 1 =     -5.167,     42.448       
# span 2 =   0.017395,  38.006186       
# span 3 =     7.8119,    14.1795       
# span 4 =    -1.9141,    13.9109       
# span 5 =     -5.124,     42.089       
# span 6 =     0.0148,    33.6167       
# span 7 =    -0.7652,    26.2154       
# span 8 = 0.0000e+00, 0.0000e+00       
# interval = seconds: 0.5
# start_time = Aug 29 2019 15:58:25 [Instrument's time stamp, header]
# bad_flag = -9.990e-29
*END*
[from data line 161]
 241.666499     -1.800   0.035467    13.9227    -1.9115     -1.785     0.0246    -0.7242 -9.990e-29
 241.666505     -1.802   0.035213    13.9260    -1.9113     -1.787     0.0244    -0.7248 -9.990e-29
 241.666510     -1.801   0.035055    13.9287    -1.9112     -1.786     0.0243    -0.7252 -9.990e-29
 241.666516     -1.794   0.035334    13.9313    -1.9113     -1.779     0.0245    -0.7255 -9.990e-29
 241.666522     -1.783   0.035867    13.9339    -1.9111     -1.768     0.0248    -0.7256 -9.990e-29
 241.666528     -1.773   0.036811    13.9361    -1.9108     -1.758     0.0253    -0.7255 -9.990e-29
 241.666534     -1.762   0.038316    13.9390    -1.9106     -1.747     0.0261    -0.7252 -9.990e-29
 241.666539     -1.751   0.039618    13.9431    -1.9103     -1.736     0.0269    -0.7252 -9.990e-29
 241.666545     -1.738   0.040238    13.9476    -1.9101     -1.724     0.0272    -0.7256 -9.990e-29
 241.666551     -1.723   0.040449    13.9519    -1.9099     -1.709     0.0273    -0.7261 -9.990e-29
 241.666557     -1.704   0.040531    13.9556    -1.9099     -1.690     0.0274    -0.7266 -9.990e-29
 241.666563     -1.680   0.040594    13.9580    -1.9097     -1.666     0.0274    -0.7269 -9.990e-29
 241.666568     -1.655   0.040719    13.9598    -1.9095     -1.641     0.0275    -0.7271 -9.990e-29
 241.666574     -1.631   0.041074    13.9635    -1.9091     -1.617     0.0277    -0.7274 -9.990e-29
 241.666580     -1.607   0.041576    13.9692    -1.9088     -1.594     0.0280    -0.7280 -9.990e-29
 241.666586     -1.584   0.041787    13.9753    -1.9086     -1.571     0.0281    -0.7288 -9.990e-29
 241.666591     -1.566   0.041431    13.9810    -1.9084     -1.553     0.0279    -0.7297 -9.990e-29
 241.666597     -1.553   0.040589    13.9862    -1.9083     -1.540     0.0274    -0.7308 -9.990e-29
 241.666603     -1.542   0.039798    13.9905    -1.9081     -1.529     0.0270    -0.7317 -9.990e-29
 241.666609     -1.533   0.039662    13.9940    -1.9079     -1.520     0.0269    -0.7323 -9.990e-29
 241.666615     -1.526   0.039998    13.9983    -1.9076     -1.513     0.0271    -0.7327 -9.990e-29
 241.666620     -1.521   0.040148    14.0043    -1.9073     -1.508     0.0272    -0.7335 -9.990e-29
 241.666626     -1.516   0.039757    14.0113    -1.9072     -1.503     0.0269    -0.7346 -9.990e-29
 241.666632     -1.512   0.038856    14.0177    -1.9071     -1.499     0.0264    -0.7359 -9.990e-29
 241.666638     -1.509   0.037905    14.0230    -1.9072     -1.496     0.0259    -0.7371 -9.990e-29
 241.666644     -1.506   0.037294    14.0278    -1.9072     -1.493     0.0256    -0.7380 -9.990e-29
 241.666649     -1.502   0.036761    14.0325    -1.9073     -1.489     0.0253    -0.7389 -9.990e-29
 241.666655     -1.499   0.036149    14.0374    -1.9071     -1.486     0.0249    -0.7398 -9.990e-29
 241.666661     -1.494   0.035749    14.0427    -1.9069     -1.482     0.0247    -0.7408 -9.990e-29
 241.666667     -1.490   0.035580    14.0483    -1.9066     -1.478     0.0246    -0.7416 -9.990e-29
 241.666672     -1.484   0.035414    14.0535    -1.9064     -1.472     0.0245    -0.7424 -9.990e-29
 241.666678     -1.476   0.035031    14.0575    -1.9063     -1.464     0.0243    -0.7431 -9.990e-29
 241.666684     -1.467   0.034471    14.0597    -1.9062     -1.455     0.0240    -0.7437 -9.990e-29
 241.666690     -1.455   0.034097    14.0598    -1.9061     -1.443     0.0238    -0.7439 -9.990e-29
 241.666696     -1.444   0.033960    14.0590    -1.9062     -1.432     0.0237    -0.7438 -9.990e-29
 241.666701     -1.438   0.033879    14.0595    -1.9060     -1.426     0.0237    -0.7439 -9.990e-29
 241.666707     -1.432   0.033743    14.0627    -1.9060     -1.420     0.0236    -0.7444 -9.990e-29
 241.666713     -1.422   0.033369    14.0675    -1.9060     -1.410     0.0234    -0.7452 -9.990e-29
 241.666719     -1.410   0.032813    14.0725    -1.9058     -1.398     0.0231    -0.7462 -9.990e-29
 241.666725     -1.400   0.032440    14.0770    -1.9058     -1.388     0.0229    -0.7470 -9.990e-29
 241.666730     -1.388   0.032303    14.0803    -1.9057     -1.376     0.0228    -0.7475 -9.990e-29
 241.666736     -1.373   0.032222    14.0827    -1.9056     -1.362     0.0228    -0.7479 -9.990e-29
 241.666742     -1.358   0.032087    14.0848    -1.9055     -1.347     0.0227    -0.7482 -9.990e-29
 241.666748     -1.343   0.031714    14.0866    -1.9054     -1.332     0.0225    -0.7486 -9.990e-29
 241.666753     -1.329   0.031159    14.0883    -1.9053     -1.318     0.0222    -0.7491 -9.990e-29
 241.666759     -1.318   0.030789    14.0898    -1.9052     -1.307     0.0220    -0.7495 -9.990e-29
 241.666765     -1.303   0.030665    14.0913    -1.9051     -1.292     0.0219    -0.7497 -9.990e-29
 241.666771     -1.287   0.030620    14.0933    -1.9048     -1.276     0.0219    -0.7500 -9.990e-29
 241.666777     -1.275   0.030594    14.0957    -1.9046     -1.264     0.0219    -0.7504 -9.990e-29
 241.666782     -1.266   0.030549    14.0981    -1.9044     -1.255     0.0218    -0.7507 -9.990e-29
 241.666788     -1.258   0.030425    14.1005    -1.9041     -1.248     0.0218    -0.7511 -9.990e-29
 241.666794     -1.251   0.030056    14.1027    -1.9038     -1.241     0.0216    -0.7516 -9.990e-29
 241.666800     -1.246   0.029503    14.1050    -1.9036     -1.236     0.0213    -0.7521 -9.990e-29
 241.666806     -1.241   0.029134    14.1075    -1.9035     -1.231     0.0211    -0.7526 -9.990e-29
 241.666811     -1.236   0.029012    14.1103    -1.9034     -1.226     0.0210    -0.7531 -9.990e-29
 241.666817     -1.231   0.028971    14.1141    -1.9036     -1.221     0.0210    -0.7536 -9.990e-29
 241.666823     -1.225   0.028958    14.1190    -1.9035     -1.215     0.0210    -0.7543 -9.990e-29
 241.666829     -1.219   0.028952    14.1245    -1.9036     -1.209     0.0210    -0.7551 -9.990e-29
 241.666834     -1.212   0.028947    14.1305    -1.9038     -1.202     0.0210    -0.7560 -9.990e-29
 241.666840     -1.203   0.028934    14.1369    -1.9039     -1.193     0.0210    -0.7569 -9.990e-29
 241.666846     -1.192   0.028893    14.1431    -1.9040     -1.182     0.0209    -0.7577 -9.990e-29
 241.666852     -1.179   0.028770    14.1480    -1.9040     -1.169     0.0209    -0.7585 -9.990e-29
 241.666858     -1.166   0.028400    14.1508    -1.9041     -1.156     0.0207    -0.7590 -9.990e-29
 241.666863     -1.157   0.027844    14.1517    -1.9038     -1.147     0.0204    -0.7594 -9.990e-29
 241.666869     -1.147   0.027466    14.1513    -1.9036     -1.137     0.0202    -0.7595 -9.990e-29
 241.666875     -1.135   0.027315    14.1502    -1.9036     -1.126     0.0201    -0.7594 -9.990e-29
 241.666881     -1.126   0.027188    14.1482    -1.9036     -1.117     0.0200    -0.7592 -9.990e-29
 241.666887     -1.118   0.026916    14.1453    -1.9035     -1.109     0.0199    -0.7589 -9.990e-29
 241.666892     -1.111   0.026687    14.1431    -1.9036     -1.102     0.0198    -0.7587 -9.990e-29
 241.666898     -1.101   0.026751    14.1422    -1.9034     -1.092     0.0198    -0.7585 -9.990e-29
 241.666904     -1.086   0.026638    14.1416    -1.9031     -1.077     0.0197    -0.7585 -9.990e-29
 241.666910     -1.075   0.026194    14.1417    -1.9030     -1.066     0.0195    -0.7587 -9.990e-29
 241.666916     -1.070   0.025936    14.1439    -1.9030     -1.061     0.0194    -0.7591 -9.990e-29
 241.666921     -1.067   0.026072    14.1471    -1.9030     -1.058     0.0194    -0.7595 -9.990e-29
 241.666927     -1.059   0.026228    14.1493    -1.9031     -1.050     0.0195    -0.7597 -9.990e-29
 241.666933     -1.043   0.026059    14.1505    -1.9031     -1.034     0.0194    -0.7600 -9.990e-29
 241.666939     -1.027   0.025892    14.1517    -1.9031     -1.018     0.0193    -0.7602 -9.990e-29
 241.666944     -1.016   0.026055    14.1534    -1.9029     -1.008     0.0194    -0.7604 -9.990e-29
 241.666950     -1.007   0.026212    14.1566    -1.9029     -0.999     0.0195    -0.7608 -9.990e-29
 241.666956     -1.001   0.026016    14.1608    -1.9027     -0.993     0.0194    -0.7614 -9.990e-29
 241.666962     -0.997   0.025761    14.1639    -1.9026     -0.989     0.0193    -0.7620 -9.990e-29
 241.666968     -0.995   0.025659    14.1650    -1.9025     -0.987     0.0192    -0.7622 -9.990e-29
 241.666973     -0.995   0.025573    14.1646    -1.9024     -0.987     0.0192    -0.7622 -9.990e-29
 241.666979     -0.997   0.025386    14.1638    -1.9025     -0.989     0.0191    -0.7621 -9.990e-29
 241.666985     -1.001   0.025035    14.1635    -1.9024     -0.993     0.0189    -0.7622 -9.990e-29
 241.666991     -1.002   0.024604    14.1646    -1.9025     -0.994     0.0186    -0.7626 -9.990e-29
 241.666997     -0.997   0.024254    14.1669    -1.9024     -0.989     0.0185    -0.7630 -9.990e-29
 241.667002     -0.990   0.024074    14.1695    -1.9024     -0.982     0.0184    -0.7635 -9.990e-29
 241.667008     -0.984   0.024006    14.1724    -1.9026     -0.976     0.0183    -0.7639 -9.990e-29
 241.667014     -0.979   0.023959    14.1753    -1.9027     -0.971     0.0183    -0.7643 -9.990e-29
 241.667020     -0.975   0.023869    14.1776    -1.9029     -0.967     0.0182    -0.7647 -9.990e-29
 241.667025     -0.971   0.023616    14.1788    -1.9026     -0.963     0.0181    -0.7650 -9.990e-29
 241.667031     -0.968   0.023418    14.1792    -1.9026     -0.960     0.0180    -0.7651 -9.990e-29
 241.667037     -0.964   0.023562    14.1794    -1.9028     -0.956     0.0181    -0.7651 -9.990e-29
 241.667043     -0.961   0.023685    14.1795    -1.9030     -0.953     0.0181    -0.7651 -9.990e-29
 241.667049     -0.957   0.023398    14.1794    -1.9031     -0.949     0.0180    -0.7652 -9.990e-29
 241.667054     -0.953   0.022872    14.1784    -1.9032     -0.945     0.0177    -0.7652 -9.990e-29
 241.667060     -0.947   0.022513    14.1762    -1.9031     -0.939     0.0175    -0.7651 -9.990e-29
 241.667066     -0.941   0.022393    14.1739    -1.9036     -0.933     0.0175    -0.7648 -9.990e-29
 241.667072     -0.933   0.022353    14.1729    -1.9039     -0.925     0.0174    -0.7647 -9.990e-29
 241.667078     -0.926   0.022340    14.1731    -1.9039     -0.918     0.0174    -0.7647 -9.990e-29
 241.667083     -0.926   0.022334    14.1723    -1.9042     -0.918     0.0174    -0.7646 -9.990e-29
 241.667089     -0.928   0.022329    14.1697    -1.9044     -0.920     0.0174    -0.7642 -9.990e-29
 241.667095     -0.927   0.022315    14.1667    -1.9047     -0.919     0.0174    -0.7638 -9.990e-29
 241.667101     -0.923   0.022274    14.1644    -1.9048     -0.915     0.0174    -0.7635 -9.990e-29
 241.667106     -0.916   0.022152    14.1625    -1.9052     -0.908     0.0173    -0.7633 -9.990e-29
 241.667112     -0.911   0.021783    14.1589    -1.9056     -0.903     0.0171    -0.7629 -9.990e-29
 241.667118     -0.911   0.021230    14.1529    -1.9056     -0.903     0.0168    -0.7623 -9.990e-29
 241.667124     -0.911   0.020861    14.1469    -1.9055     -0.903     0.0167    -0.7616 -9.990e-29
 241.667130     -0.908   0.020740    14.1423    -1.9054     -0.900     0.0166    -0.7610 -9.990e-29
 241.667135     -0.901   0.020702    14.1376    -1.9052     -0.893     0.0166    -0.7604 -9.990e-29
 241.667141     -0.894   0.020698    14.1319    -1.9053     -0.887     0.0166    -0.7596 -9.990e-29
 241.667147     -0.891   0.020722    14.1262    -1.9053     -0.884     0.0166    -0.7588 -9.990e-29
 241.667153     -0.888   0.020804    14.1205    -1.9051     -0.881     0.0166    -0.7579 -9.990e-29
 241.667159     -0.884   0.021055    14.1139    -1.9052     -0.877     0.0167    -0.7569 -9.990e-29
 241.667164     -0.883   0.021253    14.1081    -1.9051     -0.876     0.0169    -0.7560 -9.990e-29
 241.667170     -0.881   0.021109    14.1058    -1.9050     -0.874     0.0168    -0.7558 -9.990e-29
 241.667176     -0.873   0.020985    14.1063    -1.9049     -0.866     0.0167    -0.7559 -9.990e-29
 241.667182     -0.860   0.021269    14.1084    -1.9049     -0.853     0.0169    -0.7561 -9.990e-29
 241.667188     -0.844   0.021783    14.1105    -1.9048     -0.837     0.0171    -0.7561 -9.990e-29
 241.667193     -0.829   0.022107    14.1117    -1.9047     -0.822     0.0173    -0.7562 -9.990e-29
 241.667199     -0.814   0.022118    14.1127    -1.9045     -0.807     0.0173    -0.7563 -9.990e-29
 241.667205     -0.801   0.021829    14.1138    -1.9046     -0.794     0.0172    -0.7566 -9.990e-29
 241.667211     -0.791   0.021408    14.1149    -1.9047     -0.784     0.0169    -0.7569 -9.990e-29
 241.667216     -0.779   0.021400    14.1166    -1.9049     -0.773     0.0169    -0.7571 -9.990e-29
 241.667222     -0.767   0.021794    14.1186    -1.9050     -0.761     0.0171    -0.7573 -9.990e-29
 241.667228     -0.760   0.022009    14.1202    -1.9052     -0.754     0.0173    -0.7574 -9.990e-29
 241.667234     -0.756   0.021778    14.1218    -1.9054     -0.750     0.0171    -0.7577 -9.990e-29
 241.667240     -0.752   0.021343    14.1239    -1.9053     -0.746     0.0169    -0.7582 -9.990e-29
 241.667245     -0.743   0.021234    14.1263    -1.9052     -0.737     0.0168    -0.7586 -9.990e-29
 241.667251     -0.732   0.021303    14.1279    -1.9051     -0.726     0.0169    -0.7588 -9.990e-29
 241.667257     -0.724   0.021088    14.1273    -1.9052     -0.718     0.0168    -0.7588 -9.990e-29
 241.667263     -0.717   0.020856    14.1247    -1.9052     -0.711     0.0166    -0.7585 -9.990e-29
 241.667269     -0.711   0.020852    14.1214    -1.9052     -0.705     0.0166    -0.7580 -9.990e-29
 241.667274     -0.706   0.021070    14.1183    -1.9052     -0.700     0.0168    -0.7575 -9.990e-29
 241.667280     -0.702   0.021245    14.1152    -1.9055     -0.696     0.0168    -0.7570 -9.990e-29
 241.667286     -0.698   0.021058    14.1132    -1.9057     -0.692     0.0168    -0.7568 -9.990e-29
 241.667292     -0.694   0.020811    14.1131    -1.9055     -0.688     0.0166    -0.7569 -9.990e-29
 241.667297     -0.690   0.020729    14.1141    -1.9058     -0.684     0.0166    -0.7571 -9.990e-29
 241.667303     -0.685   0.020701    14.1145    -1.9058     -0.679     0.0166    -0.7571 -9.990e-29
 241.667309     -0.679   0.020689    14.1142    -1.9060     -0.673     0.0166    -0.7571 -9.990e-29
 241.667315     -0.673   0.020677    14.1137    -1.9060     -0.667     0.0165    -0.7570 -9.990e-29
 241.667321     -0.664   0.020649    14.1130    -1.9059     -0.658     0.0165    -0.7569 -9.990e-29
 241.667326     -0.653   0.020567    14.1112    -1.9059     -0.648     0.0165    -0.7567 -9.990e-29
 241.667332     -0.640   0.020321    14.1083    -1.9056     -0.635     0.0164    -0.7564 -9.990e-29
 241.667338     -0.623   0.020137    14.1059    -1.9058     -0.618     0.0163    -0.7562 -9.990e-29
 241.667344     -0.605   0.020322    14.1043    -1.9059     -0.600     0.0164    -0.7559 -9.990e-29
 241.667350     -0.594   0.020569    14.1018    -1.9061     -0.589     0.0165    -0.7554 -9.990e-29
 241.667355     -0.594   0.020651    14.0987    -1.9062     -0.589     0.0165    -0.7549 -9.990e-29
 241.667361     -0.600   0.020679    14.0965    -1.9061     -0.595     0.0165    -0.7546 -9.990e-29
 241.667367     -0.604   0.020687    14.0961    -1.9062     -0.599     0.0166    -0.7546 -9.990e-29
 241.667373     -0.602   0.020686    14.0973    -1.9061     -0.597     0.0166    -0.7547 -9.990e-29
 241.667378     -0.594   0.020675    14.0993    -1.9062     -0.589     0.0165    -0.7550 -9.990e-29
 241.667384     -0.583   0.020639    14.1006    -1.9067     -0.578     0.0165    -0.7552 -9.990e-29
 241.667390     -0.574   0.020529    14.0996    -1.9067     -0.569     0.0165    -0.7551 -9.990e-29
 241.667396     -0.566   0.020197    14.0972    -1.9069     -0.561     0.0163    -0.7549 -9.990e-29
 241.667402     -0.557   0.019753    14.0949    -1.9071     -0.552     0.0161    -0.7548 -9.990e-29
 241.667407     -0.549   0.019712    14.0932    -1.9072     -0.544     0.0160    -0.7546 -9.990e-29
 241.667413     -0.543   0.020020    14.0921    -1.9072     -0.538     0.0162    -0.7543 -9.990e-29
