data/oxygen options/ONMS/Olympic_Coast_National_Marine_Sanctuary_CTD_Data_2005_2023/raw_data/2019/CAST_TH015_190731faed.cnv
* Sea-Bird SBE 19 Data File:
* FileName = C:\2019 Mooring Data\Casts\CAST_TH015_190731.hex
* Software Version SeatermAF 2.1.2
* Temperature SN = 2997
* Conductivity SN = 2997
* System UpLoad Time = Jul 31 2019 20:17:26 (localtime) = Jul 31 2019 20:17:26 (UTC)
** CAST_TH015_190731
* ds
# nquan = 9                                 
# nvalues = 881                         
# units = specified
# name 0 = timeJ: Julian Days
# name 1 = prSM: Pressure, Strain Gauge [db]
# name 2 = c0mS/cm: Conductivity [mS/cm]
# name 3 = t090C: Temperature [ITS-90, deg C]
# name 4 = sbeox0ML/L: Oxygen, SBE 43 [ml/l]
# name 5 = depSM: Depth [salt water, m], lat = 47.5
# name 6 = sal00: Salinity, Practical [PSU]
# name 7 = sigma-é00: Density [sigma-theta, kg/m^3]
# name 8 = flag: flag
# span 0 = 212.815278, 212.820370       
# span 1 =     -4.696,     20.748       
# span 2 =   0.365788,  40.084227       
# span 3 =     8.0478,    18.5792       
# span 4 =    -1.7895,    20.3950       
# span 5 =     -4.657,     20.574       
# span 6 =     0.2062,    33.4762       
# span 7 =    -1.3062,    26.0362       
# span 8 = 0.0000e+00, 0.0000e+00       
# interval = seconds: 0.5
# start_time = Jul 31 2019 19:34:00 [Instrument's time stamp, header]
# bad_flag = -9.990e-29
*END*
 212.815278     -4.696 -9.990e-29    17.4814    -1.7683     -4.657 -9.990e-29 -9.990e-29 -9.990e-29
 212.815284     -4.683   0.365788    17.4937    -1.7689     -4.644     0.2070    -1.1517 -9.990e-29
 212.815289     -4.667   0.365788    17.5095    -1.7696     -4.628     0.2069    -1.1545 -9.990e-29
 212.815295     -4.646   0.365788    17.5347    -1.7694     -4.607     0.2068    -1.1592 -9.990e-29
 212.815301     -4.624   0.365788    17.5651    -1.7686     -4.585     0.2066    -1.1648 -9.990e-29
 212.815307     -4.602   0.365788    17.5947    -1.7683     -4.564     0.2065    -1.1702 -9.990e-29
 212.815313     -4.576   0.365788    17.6208    -1.7680     -4.538     0.2064    -1.1750 -9.990e-29
 212.815318     -4.544   0.365789    17.6415    -1.7675     -4.506     0.2063    -1.1789 -9.990e-29
 212.815324     -4.513   0.365794    17.6526    -1.7664     -4.475     0.2062    -1.1809 -9.990e-29
 212.815330     -4.484   0.365809    17.6522    -1.7652     -4.447     0.2062    -1.1808 -9.990e-29
 212.815336     -4.456   0.365856    17.6441    -1.7646     -4.419     0.2063    -1.1793 -9.990e-29
 212.815341     -4.427   0.366000    17.6372    -1.7644     -4.390     0.2064    -1.1780 -9.990e-29
 212.815347     -4.395   0.366433    17.6401    -1.7638     -4.358     0.2066    -1.1783 -9.990e-29
 212.815353     -4.359   0.367178    17.6512    -1.7629     -4.323     0.2070    -1.1801 -9.990e-29
 212.815359     -4.319   0.368123    17.6632    -1.7620     -4.283     0.2075    -1.1819 -9.990e-29
 212.815365     -4.283   0.369420    17.6761    -1.7613     -4.247     0.2082    -1.1837 -9.990e-29
 212.815370     -4.252   0.370585    17.6941    -1.7608     -4.217     0.2088    -1.1865 -9.990e-29
 212.815376     -4.225   0.370958    17.7182    -1.7602     -4.190     0.2089    -1.1908 -9.990e-29
 212.815382     -4.199   0.371037    17.7431    -1.7593     -4.164     0.2088    -1.1954 -9.990e-29
 212.815388     -4.173   0.371482    17.7628    -1.7586     -4.138     0.2090    -1.1989 -9.990e-29
 212.815394     -4.145   0.372332    17.7788    -1.7582     -4.110     0.2094    -1.2015 -9.990e-29
 212.815399     -4.113   0.373614    17.7968    -1.7576     -4.079     0.2100    -1.2043 -9.990e-29
 212.815405     -4.080   0.375378    17.8181    -1.7568     -4.046     0.2109    -1.2075 -9.990e-29
 212.815411     -4.053   0.377208    17.8402    -1.7565     -4.019     0.2119    -1.2108 -9.990e-29
 212.815417     -4.028   0.378775    17.8607    -1.7559     -3.994     0.2127    -1.2140 -9.990e-29
 212.815422     -4.002   0.379954    17.8795    -1.7552     -3.969     0.2132    -1.2170 -9.990e-29
 212.815428     -3.975   0.380656    17.8988    -1.7545     -3.942     0.2135    -1.2203 -9.990e-29
 212.815434     -3.952   0.381267    17.9193    -1.7539     -3.919     0.2138    -1.2239 -9.990e-29
 212.815440     -3.930   0.382047    17.9383    -1.7535     -3.897     0.2141    -1.2271 -9.990e-29
 212.815446     -3.907   0.382930    17.9552    -1.7524     -3.874     0.2146    -1.2299 -9.990e-29
 212.815451     -3.884   0.383984    17.9725    -1.7515     -3.852     0.2151    -1.2327 -9.990e-29
 212.815457     -3.861   0.384956    17.9899    -1.7508     -3.829     0.2156    -1.2356 -9.990e-29
 212.815463     -3.843   0.385481    18.0062    -1.7502     -3.811     0.2158    -1.2384 -9.990e-29
 212.815469     -3.823   0.385706    18.0233    -1.7493     -3.791     0.2158    -1.2416 -9.990e-29
 212.815475     -3.797   0.385932    18.0420    -1.7483     -3.765     0.2159    -1.2450 -9.990e-29
 212.815480     -3.766   0.386461    18.0614    -1.7475     -3.735     0.2161    -1.2485 -9.990e-29
 212.815486     -3.738   0.387446    18.0803    -1.7473     -3.707     0.2165    -1.2516 -9.990e-29
 212.815492     -3.714   0.388540    18.1004    -1.7470     -3.683     0.2171    -1.2550 -9.990e-29
 212.815498     -3.693   0.389540    18.1234    -1.7464     -3.662     0.2175    -1.2589 -9.990e-29
 212.815503     -3.675   0.390675    18.1471    -1.7457     -3.644     0.2180    -1.2629 -9.990e-29
 212.815509     -3.657   0.391795    18.1692    -1.7449     -3.627     0.2186    -1.2667 -9.990e-29
 212.815515     -3.639   0.392734    18.1912    -1.7443     -3.609     0.2190    -1.2704 -9.990e-29
 212.815521     -3.620   0.393638    18.2150    -1.7440     -3.590     0.2194    -1.2746 -9.990e-29
 212.815527     -3.598   0.394608    18.2390    -1.7434     -3.568     0.2198    -1.2788 -9.990e-29
 212.815532     -3.572   0.395829    18.2588    -1.7433     -3.542     0.2204    -1.2821 -9.990e-29
 212.815538     -3.540   0.397270    18.2736    -1.7438     -3.510     0.2212    -1.2843 -9.990e-29
 212.815544     -3.505   0.398637    18.2869    -1.7438     -3.476     0.2219    -1.2862 -9.990e-29
 212.815550     -3.473   0.400091    18.3024    -1.7435     -3.444     0.2226    -1.2886 -9.990e-29
 212.815556     -3.445   0.401912    18.3210    -1.7430     -3.416     0.2236    -1.2914 -9.990e-29
 212.815561     -3.421   0.403760    18.3402    -1.7423     -3.392     0.2245    -1.2943 -9.990e-29
 212.815567     -3.399   0.405330    18.3569    -1.7417     -3.371     0.2253    -1.2968 -9.990e-29
 212.815573     -3.377   0.406500    18.3703    -1.7414     -3.349     0.2259    -1.2989 -9.990e-29
 212.815579     -3.355   0.407724    18.3800    -1.7409     -3.327     0.2265    -1.3002 -9.990e-29
 212.815584     -3.329   0.410083    18.3829    -1.7404     -3.301     0.2279    -1.2998 -9.990e-29
 212.815590     -3.304   0.413398    18.3810    -1.7400     -3.276     0.2298    -1.2980 -9.990e-29
 212.815596     -3.282   0.416555    18.3821    -1.7398     -3.255     0.2315    -1.2968 -9.990e-29
 212.815602     -3.257   0.419332    18.3897    -1.7394     -3.230     0.2331    -1.2971 -9.990e-29
 212.815608     -3.228   0.422110    18.4024    -1.7390     -3.201     0.2346    -1.2983 -9.990e-29
 212.815613     -3.201   0.424717    18.4180    -1.7387     -3.174     0.2360    -1.3002 -9.990e-29
 212.815619     -3.180   0.426753    18.4331    -1.7381     -3.153     0.2371    -1.3022 -9.990e-29
 212.815625     -3.162   0.428721    18.4461    -1.7378     -3.136     0.2381    -1.3039 -9.990e-29
 212.815631     -3.146   0.431585    18.4585    -1.7372     -3.120     0.2397    -1.3051 -9.990e-29
 212.815637     -3.132   0.435287    18.4708    -1.7370     -3.106     0.2417    -1.3059 -9.990e-29
 212.815642     -3.118   0.439224    18.4814    -1.7371     -3.092     0.2439    -1.3062 -9.990e-29
 212.815648     -3.104   0.443664    18.4906    -1.7369     -3.078     0.2463    -1.3061 -9.990e-29
 212.815654     -3.088   0.448991    18.5003    -1.7366     -3.062     0.2493    -1.3056 -9.990e-29
 212.815660     -3.071   0.454555    18.5107    -1.7362     -3.045     0.2524    -1.3052 -9.990e-29
 212.815666     -3.050   0.460023    18.5219    -1.7363     -3.025     0.2554    -1.3050 -9.990e-29
 212.815671     -3.029   0.466040    18.5337    -1.7361     -3.004     0.2588    -1.3047 -9.990e-29
 212.815677     -3.010   0.472323    18.5451    -1.7361     -2.985     0.2623    -1.3042 -9.990e-29
 212.815683     -2.993   0.478391    18.5549    -1.7361     -2.968     0.2657    -1.3035 -9.990e-29
 212.815689     -2.976   0.485135    18.5612    -1.7371     -2.951     0.2695    -1.3018 -9.990e-29
 212.815694     -2.958   0.492689    18.5645    -1.7380     -2.933     0.2738    -1.2991 -9.990e-29
 212.815700     -2.938   0.500603    18.5683    -1.7393     -2.914     0.2783    -1.2964 -9.990e-29
 212.815706     -2.915   0.509461    18.5736    -1.7403     -2.891     0.2833    -1.2936 -9.990e-29
 212.815712     -2.891   0.518892    18.5778    -1.7406     -2.867     0.2886    -1.2903 -9.990e-29
 212.815718     -2.870   0.528181    18.5792    -1.7402     -2.846     0.2939    -1.2865 -9.990e-29
 212.815723     -2.850   0.538636    18.5785    -1.7398     -2.826     0.2999    -1.2818 -9.990e-29
 212.815729     -2.830   0.551463    18.5752    -1.7398     -2.806     0.3073    -1.2755 -9.990e-29
 212.815735     -2.808   0.564380    18.5649    -1.7401     -2.785     0.3148    -1.2678 -9.990e-29
 212.815741     -2.783   0.573013    18.5444    -1.7403     -2.760     0.3199    -1.2599 -9.990e-29
 212.815747     -2.754   0.577245    18.5168    -1.7401     -2.731     0.3225    -1.2526 -9.990e-29
 212.815752     -2.722   0.582164    18.4879    -1.7400     -2.699     0.3255    -1.2448 -9.990e-29
 212.815758     -2.695   0.589898    18.4647    -1.7395     -2.673     0.3302    -1.2368 -9.990e-29
 212.815764     -2.675   0.597469    18.4532    -1.7391     -2.653     0.3346    -1.2312 -9.990e-29
 212.815770     -2.661   0.603898    18.4525    -1.7388     -2.639     0.3384    -1.2282 -9.990e-29
 212.815775     -2.652   0.611663    18.4558    -1.7387     -2.630     0.3428    -1.2254 -9.990e-29
 212.815781     -2.643   0.620598    18.4567    -1.7388     -2.621     0.3480    -1.2216 -9.990e-29
 212.815787     -2.629   0.626556    18.4545    -1.7388     -2.607     0.3514    -1.2185 -9.990e-29
 212.815793     -2.614   0.627513    18.4531    -1.7391     -2.592     0.3520    -1.2178 -9.990e-29
 212.815799     -2.600   0.626406    18.4553    -1.7404     -2.578     0.3513    -1.2188 -9.990e-29
 212.815804     -2.588   0.626191    18.4614    -1.7412     -2.566     0.3512    -1.2201 -9.990e-29
 212.815810     -2.576   0.626584    18.4709    -1.7414     -2.555     0.3513    -1.2218 -9.990e-29
 212.815816     -2.563   0.627003    18.4806    -1.7417     -2.542     0.3515    -1.2235 -9.990e-29
 212.815822     -2.549   0.627454    18.4875    -1.7409     -2.528     0.3517    -1.2246 -9.990e-29
 212.815828     -2.533   0.627985    18.4907    -1.7405     -2.512     0.3520    -1.2250 -9.990e-29
 212.815833     -2.514   0.628752    18.4901    -1.7404     -2.493     0.3524    -1.2246 -9.990e-29
 212.815839     -2.490   0.628561    18.4844    -1.7409     -2.469     0.3524    -1.2235 -9.990e-29
 212.815845     -2.464   0.627713    18.4698    -1.7411     -2.443     0.3520    -1.2210 -9.990e-29
 212.815851     -2.440   0.629510    18.4481    -1.7412     -2.420     0.3532    -1.2160 -9.990e-29
 212.815856     -2.414   0.634688    18.4293    -1.7419     -2.394     0.3563    -1.2100 -9.990e-29
 212.815862     -2.391   0.640182    18.4191    -1.7429     -2.371     0.3596    -1.2055 -9.990e-29
 212.815868     -2.373   0.643351    18.4177    -1.7434     -2.353     0.3615    -1.2038 -9.990e-29
 212.815874     -2.358   0.644542    18.4239    -1.7433     -2.338     0.3621    -1.2045 -9.990e-29
 212.815880     -2.346   0.646453    18.4310    -1.7440     -2.326     0.3632    -1.2051 -9.990e-29
 212.815885     -2.336   0.649973    18.4314    -1.7452     -2.317     0.3652    -1.2036 -9.990e-29
 212.815891     -2.328   0.653151    18.4249    -1.7455     -2.309     0.3671    -1.2009 -9.990e-29
 212.815897     -2.320   0.655793    18.4159    -1.7454     -2.301     0.3687    -1.1979 -9.990e-29
 212.815903     -2.313   0.660317    18.4044    -1.7453     -2.294     0.3714    -1.1937 -9.990e-29
 212.815909     -2.305   0.667217    18.3875    -1.7455     -2.286     0.3756    -1.1873 -9.990e-29
 212.815914     -2.297   0.674063    18.3686    -1.7455     -2.278     0.3797    -1.1805 -9.990e-29
 212.815920     -2.288   0.678352    18.3530    -1.7462     -2.269     0.3824    -1.1755 -9.990e-29
 212.815926     -2.276   0.680268    18.3394    -1.7470     -2.257     0.3836    -1.1720 -9.990e-29
 212.815932     -2.263   0.682919    18.3225    -1.7479     -2.244     0.3853    -1.1675 -9.990e-29
 212.815937     -2.246   0.686519    18.3042    -1.7481     -2.227     0.3876    -1.1623 -9.990e-29
 212.815943     -2.229   0.687560    18.2918    -1.7482     -2.210     0.3883    -1.1594 -9.990e-29
 212.815949     -2.215   0.686878    18.2864    -1.7484     -2.197     0.3879    -1.1586 -9.990e-29
 212.815955     -2.199   0.690213    18.2834    -1.7486     -2.181     0.3899    -1.1566 -9.990e-29
 212.815961     -2.176   0.698136    18.2792    -1.7487     -2.158     0.3946    -1.1522 -9.990e-29
 212.815966     -2.148   0.704042    18.2708    -1.7493     -2.130     0.3981    -1.1479 -9.990e-29
 212.815972     -2.123   0.705838    18.2560    -1.7506     -2.105     0.3993    -1.1442 -9.990e-29
 212.815978     -2.102   0.707582    18.2371    -1.7514     -2.084     0.4005    -1.1397 -9.990e-29
 212.815984     -2.086   0.709383    18.2199    -1.7515     -2.069     0.4017    -1.1355 -9.990e-29
 212.815990     -2.071   0.709214    18.2077    -1.7514     -2.054     0.4017    -1.1332 -9.990e-29
 212.815995     -2.059   0.709620    18.1992    -1.7516     -2.042     0.4020    -1.1314 -9.990e-29
 212.816001     -2.047   0.713176    18.1919    -1.7521     -2.030     0.4042    -1.1284 -9.990e-29
 212.816007     -2.035   0.718533    18.1847    -1.7521     -2.018     0.4074    -1.1246 -9.990e-29
 212.816013     -2.023   0.723236    18.1749    -1.7519     -2.006     0.4103    -1.1205 -9.990e-29
 212.816019     -2.009   0.725242    18.1580    -1.7517     -1.992     0.4116    -1.1163 -9.990e-29
 212.816024     -1.993   0.724271    18.1353    -1.7514     -1.976     0.4112    -1.1123 -9.990e-29
 212.816030     -1.978   0.722905    18.1161    -1.7514     -1.962     0.4106    -1.1092 -9.990e-29
 212.816036     -1.967   0.724308    18.1061    -1.7513     -1.951     0.4115    -1.1067 -9.990e-29
 212.816042     -1.956   0.727581    18.1018    -1.7514     -1.940     0.4135    -1.1043 -9.990e-29
 212.816047     -1.943   0.728225    18.0967    -1.7518     -1.927     0.4139    -1.1031 -9.990e-29
 212.816053     -1.933   0.725991    18.0908    -1.7523     -1.917     0.4127    -1.1029 -9.990e-29
 212.816059     -1.923   0.725102    18.0885    -1.7529     -1.907     0.4122    -1.1029 -9.990e-29
 212.816065     -1.915   0.726586    18.0911    -1.7542     -1.899     0.4130    -1.1027 -9.990e-29
 212.816071     -1.902   0.727992    18.0964    -1.7546     -1.886     0.4138    -1.1031 -9.990e-29
 212.816076     -1.885   0.727871    18.1011    -1.7547     -1.869     0.4137    -1.1041 -9.990e-29
 212.816082     -1.871   0.726614    18.1032    -1.7549     -1.855     0.4129    -1.1050 -9.990e-29
 212.816088     -1.858   0.725871    18.1029    -1.7549     -1.843     0.4125    -1.1053 -9.990e-29
 212.816094     -1.841   0.726863    18.0991    -1.7552     -1.826     0.4131    -1.1041 -9.990e-29
 212.816100     -1.825   0.728144    18.0905    -1.7557     -1.810     0.4140    -1.1019 -9.990e-29
 212.816105     -1.812   0.726991    18.0772    -1.7561     -1.797     0.4134    -1.0998 -9.990e-29
 212.816111     -1.801   0.721867    18.0586    -1.7566     -1.786     0.4106    -1.0985 -9.990e-29
 212.816117     -1.792   0.714248    18.0381    -1.7566     -1.777     0.4063    -1.0980 -9.990e-29
 212.816123     -1.784   0.708375    18.0232    -1.7564     -1.769     0.4030    -1.0978 -9.990e-29
 212.816128     -1.776   0.705832    18.0151    -1.7562     -1.761     0.4015    -1.0974 -9.990e-29
 212.816134     -1.768   0.703782    18.0100    -1.7562     -1.753     0.4004    -1.0973 -9.990e-29
 212.816140     -1.760   0.700600    18.0050    -1.7562     -1.745     0.3986    -1.0978 -9.990e-29
 212.816146     -1.751   0.697581    17.9972    -1.7560     -1.736     0.3969    -1.0976 -9.990e-29
 212.816152     -1.740   0.695682    17.9867    -1.7555     -1.725     0.3958    -1.0965 -9.990e-29
 212.816157     -1.727   0.694033    17.9759    -1.7547     -1.713     0.3950    -1.0951 -9.990e-29
 212.816163     -1.710   0.691544    17.9677    -1.7543     -1.696     0.3936    -1.0947 -9.990e-29
 212.816169     -1.690   0.689326    17.9653    -1.7541     -1.676     0.3923    -1.0952 -9.990e-29
 212.816175     -1.664   0.689406    17.9675    -1.7540     -1.650     0.3923    -1.0956 -9.990e-29
 212.816181     -1.635   0.691337    17.9709    -1.7541     -1.621     0.3934    -1.0954 -9.990e-29
 212.816186     -1.610   0.692708    17.9743    -1.7549     -1.597     0.3942    -1.0954 -9.990e-29
 212.816192     -1.592   0.692024    17.9790    -1.7557     -1.579     0.3938    -1.0966 -9.990e-29
 212.816198     -1.579   0.688928    17.9869    -1.7566     -1.566     0.3919    -1.0996 -9.990e-29
