data/oxygen options/ONMS/Olympic_Coast_National_Marine_Sanctuary_CTD_Data_2005_2023/raw_data/2019/CAST_CA042_190730faed.cnv
* Sea-Bird SBE 19 Data File:
* FileName = C:\2019 Mooring Data\Casts\CAST_CA042_190730.hex
* Software Version SeatermAF 2.1.2
* Temperature SN = 2997
* Conductivity SN = 2997
* System UpLoad Time = Jul 30 2019 23:53:18 (localtime) = Jul 30 2019 23:53:18 (UTC)
** CAST_CA042_190730
* ds
# nquan = 9                                 
# nvalues = 1528                        
# units = specified
# name 0 = timeJ: Julian Days
# name 1 = prSM: Pressure, Strain Gauge [db]
# name 2 = c0mS/cm: Conductivity [mS/cm]
# name 3 = t090C: Temperature [ITS-90, deg C]
# name 4 = sbeox0ML/L: Oxygen, SBE 43 [ml/l]
# name 5 = depSM: Depth [salt water, m], lat = 47.5
# name 6 = sal00: Salinity, Practical [PSU]
# name 7 = sigma-é00: Density [sigma-theta, kg/m^3]
# name 8 = flag: flag
# span 0 = 211.945613, 211.954450       
# span 1 =     -4.734,     43.213       
# span 2 =   0.247744,  39.105711       
# span 3 =     7.5542,    17.1500       
# span 4 =   -10.9681,    14.3089       
# span 5 =     -4.695,     42.848       
# span 6 =     0.1408,    33.7633       
# span 7 =    -1.1408,    26.3675       
# span 8 = 0.0000e+00, 0.0000e+00       
# interval = seconds: 0.5
# start_time = Jul 30 2019 22:41:41 [Instrument's time stamp, header]
# bad_flag = -9.990e-29
*END*
[from data line 641]
 211.949323      0.081   2.115228    16.8892    -1.7844      0.080     1.2981    -0.2061 -9.990e-29
 211.949329      0.084   2.076688    16.8899    -1.7861      0.083     1.2731    -0.2254 -9.990e-29
 211.949334      0.090   2.047357    16.8890    -1.7864      0.089     1.2542    -0.2397 -9.990e-29
 211.949340      0.095   2.011409    16.8881    -1.7863      0.094     1.2311    -0.2573 -9.990e-29
 211.949346      0.099   1.948071    16.8900    -1.7871      0.098     1.1903    -0.2890 -9.990e-29
 211.949352      0.102   1.883190    16.8940    -1.7879      0.101     1.1485    -0.3218 -9.990e-29
 211.949358      0.105   1.835566    16.8961    -1.7892      0.104     1.1179    -0.3456 -9.990e-29
 211.949363      0.107   1.855313    16.8954    -1.7908      0.106     1.1306    -0.3357 -9.990e-29
 211.949369      0.110   1.968758    16.8957    -1.7926      0.109     1.2034    -0.2799 -9.990e-29
 211.949375      0.112   2.079960    16.8992    -1.7942      0.111     1.2750    -0.2256 -9.990e-29
 211.949381      0.114   2.104394    16.9044    -1.7956      0.113     1.2906    -0.2145 -9.990e-29
 211.949387      0.117   2.038609    16.9093    -1.7977      0.116     1.2480    -0.2481 -9.990e-29
 211.949392      0.120   1.921826    16.9112    -1.7996      0.119     1.1728    -0.3061 -9.990e-29
 211.949398      0.124   1.819490    16.9070    -1.5055      0.123     1.1074    -0.3556 -9.990e-29
 211.949404      0.129   1.744801    16.8937    -1.5610      0.128     1.0600    -0.3897 -9.990e-29
 211.949410      0.134   1.672989    16.8685    -1.5822      0.133     1.0148    -0.4199 -9.990e-29
 211.949416      0.142   1.610828    16.8323    -1.5854      0.141     0.9762    -0.4433 -9.990e-29
 211.949421      0.151   1.572967    16.7892    -1.5862      0.150     0.9531    -0.4535 -9.990e-29
 211.949427      0.163   1.572650    16.7412    -1.5873      0.162     0.9540    -0.4445 -9.990e-29
 211.949433      0.179   1.649906    16.6776    -1.5893      0.178     1.0048    -0.3945 -9.990e-29
 211.949439      0.198   1.933231    16.5634    -1.5907      0.196     1.1902    -0.2325 -9.990e-29
 211.949444      0.224   2.835852    16.3048    -1.5915      0.222     1.7943     0.2755 -9.990e-29
 211.949450      0.256   5.615564    15.6486    -1.5878      0.254     3.7698     1.9012 -9.990e-29
 211.949456      0.298  14.031840    14.6215    -1.5918      0.296    10.3596     7.1233 -9.990e-29
 211.949462      0.352  26.637208    13.7699    -1.5900      0.349    21.3004    15.6709 -9.990e-29
 211.949468      0.421  34.949088    13.3481    -1.5892      0.417    29.0616    21.7309 -9.990e-29
 211.949473      0.505  37.626734    13.1686    -1.5901      0.501    31.6942    23.8003 -9.990e-29
 211.949479      0.598  38.494414    13.0813    -1.5916      0.593    32.5837    24.5056 -9.990e-29
 211.949485      0.692  38.783459    13.0291    -1.5913      0.686    32.9016    24.7620 -9.990e-29
 211.949491      0.784  38.860755    12.9913    -1.5911      0.777    33.0076    24.8515 -9.990e-29
 211.949497      0.871  38.850624    12.9597    -1.5876      0.864    33.0256    24.8716 -9.990e-29
 211.949502      0.956  38.840342    12.9392    -1.5873      0.948    33.0337    24.8819 -9.990e-29
 211.949508      1.039  38.902425    12.9397    -1.5921      1.030    33.0921    24.9270 -9.990e-29
 211.949514      1.112  38.972900    12.9555    -1.5932      1.103    33.1450    24.9649 -9.990e-29
 211.949520      1.168  38.954179    12.9637    -1.5928      1.158    33.1201    24.9440 -9.990e-29
 211.949525      1.205  38.918177    12.9545    -1.5904      1.195    33.0940    24.9256 -9.990e-29
 211.949531      1.230  38.912654    12.9418    -1.5906      1.220    33.0998    24.9326 -9.990e-29
 211.949537      1.249  38.898314    12.9344    -1.5897      1.239    33.0927    24.9286 -9.990e-29
 211.949543      1.264  38.880662    12.9263    -1.5915      1.253    33.0831    24.9227 -9.990e-29
 211.949549      1.280  38.897750    12.9183    -1.5929      1.269    33.1063    24.9422 -9.990e-29
 211.949554      1.297  38.990270    12.9149    -1.5917      1.286    33.1970    25.0132 -9.990e-29
 211.949560      1.308  39.105711    12.9134    -1.5899      1.297    33.3079    25.0993 -9.990e-29
 211.949566      1.309  39.091630    12.9153    -1.5902      1.298    33.2929    25.0873 -9.990e-29
 211.949572      1.305  38.944918    12.9190    -1.5901      1.294    33.1504    24.9762 -9.990e-29
 211.949578      1.305  38.826137    12.9166    -1.5908      1.294    33.0398    24.8911 -9.990e-29
 211.949583      1.312  38.824998    12.9116    -1.5896      1.301    33.0431    24.8946 -9.990e-29
 211.949589      1.322  38.903568    12.9142    -1.5887      1.311    33.1153    24.9501 -9.990e-29
 211.949595      1.329  38.970023    12.9238    -1.5913      1.318    33.1700    24.9905 -9.990e-29
 211.949601      1.327  38.961184    12.9332    -1.5931      1.316    33.1533    24.9757 -9.990e-29
 211.949606      1.316  38.878694    12.9385    -1.5905      1.305    33.0705    24.9105 -9.990e-29
 211.949612      1.301  38.810247    12.9378    -1.5909      1.290    33.0062    24.8609 -9.990e-29
 211.949618      1.289  38.832021    12.9352    -1.5906      1.278    33.0291    24.8792 -9.990e-29
 211.949624      1.283  38.903591    12.9368    -1.5929      1.272    33.0956    24.9303 -9.990e-29
 211.949630      1.284  38.948440    12.9394    -1.5932      1.273    33.1358    24.9610 -9.990e-29
 211.949635      1.286  38.950750    12.9401    -1.5917      1.275    33.1374    24.9621 -9.990e-29
 211.949641      1.286  38.952788    12.9420    -1.5912      1.275    33.1377    24.9619 -9.990e-29
 211.949647      1.283  38.976303    12.9432    -1.5909      1.272    33.1589    24.9781 -9.990e-29
 211.949653      1.278  38.957425    12.9397    -1.5931      1.267    33.1441    24.9673 -9.990e-29
 211.949659      1.274  38.867050    12.9340    -1.5940      1.263    33.0634    24.9059 -9.990e-29
 211.949664      1.276  38.816521    12.9329    -1.5935      1.265    33.0165    24.8698 -9.990e-29
 211.949670      1.284  38.851018    12.9382    -1.5925      1.273    33.0445    24.8905 -9.990e-29
 211.949676      1.293  38.870915    12.9436    -1.5917      1.282    33.0587    24.9004 -9.990e-29
 211.949682      1.301  38.819284    12.9437    -1.5932      1.290    33.0097    24.8624 -9.990e-29
 211.949688      1.311  38.738157    12.9404    -1.5935      1.300    32.9357    24.8058 -9.990e-29
 211.949693      1.325  38.714803    12.9405    -1.5936      1.314    32.9134    24.7885 -9.990e-29
 211.949699      1.334  38.760632    12.9432    -1.5930      1.323    32.9545    24.8198 -9.990e-29
 211.949705      1.336  38.794488    12.9424    -1.5927      1.325    32.9873    24.8453 -9.990e-29
 211.949711      1.335  38.763496    12.9380    -1.5920      1.324    32.9617    24.8264 -9.990e-29
 211.949716      1.334  38.687362    12.9340    -1.5920      1.323    32.8931    24.7741 -9.990e-29
 211.949722      1.334  38.639289    12.9346    -1.5927      1.323    32.8470    24.7383 -9.990e-29
 211.949728      1.334  38.655408    12.9394    -1.5930      1.323    32.8581    24.7459 -9.990e-29
 211.949734      1.331  38.695595    12.9453    -1.5933      1.320    32.8911    24.7703 -9.990e-29
 211.949740      1.324  38.698057    12.9494    -1.5939      1.313    32.8898    24.7685 -9.990e-29
 211.949745      1.321  38.648703    12.9488    -1.5935      1.310    32.8436    24.7329 -9.990e-29
 211.949751      1.327  38.602122    12.9465    -1.5931      1.316    32.8015    24.7007 -9.990e-29
 211.949757      1.338  38.602596    12.9492    -1.5927      1.327    32.7996    24.6987 -9.990e-29
 211.949763      1.345  38.635622    12.9566    -1.5938      1.334    32.8245    24.7165 -9.990e-29
 211.949769      1.345  38.665698    12.9631    -1.5941      1.334    32.8473    24.7329 -9.990e-29
 211.949774      1.342  38.674672    12.9647    -1.5945      1.331    32.8544    24.7381 -9.990e-29
 211.949780      1.344  38.656016    12.9608    -1.5945      1.333    32.8401    24.7278 -9.990e-29
 211.949786      1.356  38.622366    12.9539    -1.5933      1.345    32.8143    24.7091 -9.990e-29
 211.949792      1.375  38.598285    12.9475    -1.5944      1.364    32.7970    24.6970 -9.990e-29
 211.949797      1.393  38.586371    12.9439    -1.5949      1.381    32.7888    24.6914 -9.990e-29
 211.949803      1.402  38.585845    12.9425    -1.5949      1.390    32.7896    24.6922 -9.990e-29
 211.949809      1.400  38.601787    12.9423    -1.5945      1.388    32.8048    24.7041 -9.990e-29
 211.949815      1.389  38.621857    12.9426    -1.5944      1.377    32.8236    24.7185 -9.990e-29
 211.949821      1.378  38.615313    12.9401    -1.5941      1.366    32.8195    24.7159 -9.990e-29
 211.949826      1.379  38.575650    12.9319    -1.5950      1.367    32.7891    24.6940 -9.990e-29
 211.949832      1.397  38.541998    12.9218    -1.5950      1.385    32.7660    24.6780 -9.990e-29
 211.949838      1.415  38.544528    12.9161    -1.5944      1.403    32.7733    24.6848 -9.990e-29
 211.949844      1.418  38.577643    12.9146    -1.5943      1.406    32.8060    24.7104 -9.990e-29
 211.949850      1.405  38.600928    12.9149    -1.5949      1.393    32.8278    24.7272 -9.990e-29
 211.949855      1.389  38.579902    12.9138    -1.5950      1.377    32.8088    24.7128 -9.990e-29
 211.949861      1.382  38.545331    12.9110    -1.5948      1.370    32.7785    24.6898 -9.990e-29
 211.949867      1.382  38.541278    12.9112    -1.5941      1.370    32.7745    24.6867 -9.990e-29
 211.949873      1.382  38.561774    12.9136    -1.5939      1.370    32.7918    24.6997 -9.990e-29
 211.949878      1.381  38.574221    12.9134    -1.5938      1.369    32.8038    24.7090 -9.990e-29
 211.949884      1.389  38.562730    12.9107    -1.5941      1.377    32.7952    24.7029 -9.990e-29
 211.949890      1.404  38.544457    12.9094    10.9022      1.392    32.7790    24.6906 -9.990e-29
 211.949896      1.417  38.549355    12.9110    14.1161      1.405    32.7823    24.6928 -9.990e-29
 211.949902      1.414  38.568267    12.9143    14.3089      1.402    32.7973    24.7038 -9.990e-29
 211.949907      1.400  38.565363    12.9186    11.8904      1.388    32.7909    24.6979 -9.990e-29
 211.949913      1.390  38.540687    12.9229     6.8093      1.378    32.7638    24.6761 -9.990e-29
 211.949919      1.389  38.522938    12.9266     6.8103      1.377    32.7438    24.6599 -9.990e-29
 211.949925      1.388  38.530447    12.9317     6.9525      1.376    32.7465    24.6610 -9.990e-29
 211.949931      1.383  38.553061    12.9386     6.9927      1.371    32.7619    24.6716 -9.990e-29
 211.949936      1.373  38.563806    12.9449     6.9694      1.362    32.7666    24.6740 -9.990e-29
 211.949942      1.362  38.550685    12.9498     6.9463      1.351    32.7500    24.6602 -9.990e-29
 211.949948      1.357  38.523641    12.9543     6.9295      1.346    32.7205    24.6364 -9.990e-29
 211.949954      1.363  38.500936    12.9579     6.9107      1.352    32.6959    24.6167 -9.990e-29
 211.949959      1.376  38.490933    12.9602     6.8941      1.365    32.6844    24.6074 -9.990e-29
 211.949965      1.388  38.489811    12.9628     6.8716      1.376    32.6811    24.6043 -9.990e-29
 211.949971      1.396  38.492148    12.9662     6.8650      1.384    32.6804    24.6031 -9.990e-29
 211.949977      1.400  38.494337    12.9691     6.8513      1.388    32.6800    24.6022 -9.990e-29
 211.949983      1.401  38.495372    12.9710     6.8476      1.389    32.6793    24.6013 -9.990e-29
 211.949988      1.401  38.495510    12.9728     6.8315      1.389    32.6779    24.5998 -9.990e-29
 211.949994      1.407  38.496050    12.9751     6.8307      1.395    32.6764    24.5982 -9.990e-29
 211.950000      1.414  38.498829    12.9784     6.8218      1.402    32.6762    24.5974 -9.990e-29
 211.950006      1.418  38.503068    12.9822     6.8044      1.406    32.6769    24.5972 -9.990e-29
 211.950012      1.420  38.506576    12.9855     6.8020      1.408    32.6774    24.5969 -9.990e-29
 211.950017      1.419  38.508986    12.9879     6.8044      1.407    32.6776    24.5966 -9.990e-29
 211.950023      1.416  38.510706    12.9895     6.8055      1.404    32.6778    24.5965 -9.990e-29
 211.950029      1.410  38.511786    12.9901     6.8171      1.398    32.6783    24.5968 -9.990e-29
 211.950035      1.401  38.511983    12.9899     6.8169      1.389    32.6787    24.5971 -9.990e-29
 211.950041      1.398  38.512117    12.9896     6.8221      1.386    32.6791    24.5975 -9.990e-29
 211.950046      1.403  38.512361    12.9891     6.8315      1.391    32.6797    24.5981 -9.990e-29
 211.950052      1.404  38.511356    12.9877     6.8356      1.392    32.6800    24.5985 -9.990e-29
 211.950058      1.398  38.509437    12.9858     6.8409      1.386    32.6798    24.5988 -9.990e-29
 211.950064      1.388  38.506842    12.9840     6.8301      1.376    32.6789    24.5984 -9.990e-29
 211.950069      1.378  38.502347    12.9809     6.8369      1.366    32.6774    24.5978 -9.990e-29
 211.950075      1.371  38.497793    12.9759     6.8290      1.360    32.6774    24.5988 -9.990e-29
 211.950081      1.368  38.495504    12.9713     6.8199      1.357    32.6792    24.6011 -9.990e-29
 211.950087      1.367  38.493544    12.9691     6.8246      1.356    32.6792    24.6016 -9.990e-29
 211.950093      1.369  38.490973    12.9682     6.8237      1.358    32.6776    24.6005 -9.990e-29
 211.950098      1.375  38.489400    12.9683     6.8223      1.364    32.6760    24.5993 -9.990e-29
 211.950104      1.379  38.490081    12.9711     6.8248      1.367    32.6742    24.5973 -9.990e-29
 211.950110      1.378  38.494481    12.9769     6.8143      1.366    32.6734    24.5955 -9.990e-29
 211.950116      1.372  38.501741    12.9836     6.8129      1.361    32.6745    24.5951 -9.990e-29
 211.950122      1.365  38.509776    12.9896     6.8290      1.354    32.6769    24.5958 -9.990e-29
 211.950127      1.365  38.516416    12.9939     6.8349      1.354    32.6794    24.5969 -9.990e-29
 211.950133      1.371  38.518754    12.9960     6.8373      1.360    32.6798    24.5968 -9.990e-29
 211.950139      1.377  38.517661    12.9959     6.8351      1.366    32.6789    24.5961 -9.990e-29
 211.950145      1.381  38.514478    12.9916     6.8289      1.369    32.6796    24.5975 -9.990e-29
 211.950150      1.394  38.505516    12.9823     6.8438      1.382    32.6791    24.5989 -9.990e-29
 211.950156      1.415  38.495623    12.9744     6.8423      1.403    32.6766    24.5985 -9.990e-29
 211.950162      1.434  38.494003    12.9739     6.8421      1.422    32.6755    24.5978 -9.990e-29
 211.950168      1.443  38.496809    12.9775     6.8383      1.431    32.6750    24.5967 -9.990e-29
 211.950174      1.446  38.498813    12.9786     6.8342      1.434    32.6760    24.5972 -9.990e-29
 211.950179      1.449  38.495965    12.9755     6.8445      1.437    32.6760    24.5978 -9.990e-29
 211.950185      1.451  38.485586    12.9704     6.8410      1.439    32.6705    24.5946 -9.990e-29
 211.950191      1.452  38.476793    12.9667     6.8402      1.440    32.6654    24.5914 -9.990e-29
 211.950197      1.454  38.478017    12.9650     6.8463      1.442    32.6680    24.5938 -9.990e-29
 211.950203      1.455  38.480804    12.9597     6.8402      1.443    32.6753    24.6004 -9.990e-29
 211.950208      1.456  38.472624    12.9486     6.8591      1.444    32.6771    24.6040 -9.990e-29
 211.950214      1.456  38.458808    12.9397     6.8415      1.444    32.6717    24.6016 -9.990e-29
 211.950220      1.457  38.453971    12.9373     6.8346      1.445    32.6692    24.6001 -9.990e-29
 211.950226      1.457  38.457254    12.9358     6.8383      1.445    32.6736    24.6038 -9.990e-29
 211.950231      1.457  38.458468    12.9306     6.8417      1.445    32.6793    24.6092 -9.990e-29
 211.950237      1.457  38.455309    12.9232     6.8632      1.445    32.6827    24.6133 -9.990e-29
