data/oxygen options/ONMS/Olympic_Coast_National_Marine_Sanctuary_CTD_Data_2005_2023/raw_data/2019/CAST_TH015_190626faed.cnv
* Sea-Bird SBE19 Data File:
* FileName = C:\2019 Mooring Data\Casts\CAST_TH015_190626.hex
* Software Version 1.59
* Temperature SN = 2997
* Conductivity SN = 2997
* System UpLoad Time = Jun 26 2019 15:46:14
** CAST_TH015_190626
* ds
# nquan = 9                                 
# nvalues = 1011                        
# units = specified
# name 0 = timeJ: Julian Days
# name 1 = prSM: Pressure, Strain Gauge [db]
# name 2 = c0mS/cm: Conductivity [mS/cm]
# name 3 = t090C: Temperature [ITS-90, deg C]
# name 4 = sbeox0ML/L: Oxygen, SBE 43 [ml/l]
# name 5 = depSM: Depth [salt water, m], lat = 47.5
# name 6 = sal00: Salinity, Practical [PSU]
# name 7 = sigma-é00: Density [sigma-theta, kg/m^3]
# name 8 = flag: flag
# span 0 = 177.629421, 177.635266       
# span 1 =     -4.706,     15.770       
# span 2 =   0.291889,  38.343999       
# span 3 =     8.2171,    14.0097       
# span 4 =    -1.9362,    16.3737       
# span 5 =     -4.667,     15.638       
# span 6 =     0.1786,    33.7016       
# span 7 =    -0.6156,    26.1852       
# span 8 = 0.0000e+00, 0.0000e+00       
# interval = seconds: 0.5
# start_time = Jun 26 2019 15:06:22 [Instrument's time stamp, header]
# bad_flag = -9.990e-29
*END*
[from data line 641]
 177.633131      1.201  38.156232    11.6040     8.6474      1.191    33.5621    25.5463 -9.990e-29
 177.633137      1.202  38.132780    11.6023     9.0088      1.192    33.5406    25.5299 -9.990e-29
 177.633142      1.204  38.154459    11.6081     9.0933      1.194    33.5566    25.5413 -9.990e-29
 177.633148      1.207  38.170631    11.6175     9.0619      1.197    33.5640    25.5452 -9.990e-29
 177.633154      1.211  38.137886    11.6210     8.9864      1.201    33.5287    25.5172 -9.990e-29
 177.633160      1.216  38.064102    11.6158     8.9141      1.206    33.4612    25.4656 -9.990e-29
 177.633166      1.220  37.995984    11.6088     8.8637      1.210    33.4008    25.4200 -9.990e-29
 177.633171      1.216  37.966507    11.6090     8.8190      1.206    33.3717    25.3974 -9.990e-29
 177.633177      1.210  37.966618    11.6156     8.7960      1.200    33.3659    25.3917 -9.990e-29
 177.633183      1.206  37.974060    11.6203     8.7640      1.196    33.3689    25.3932 -9.990e-29
 177.633189      1.202  37.975233    11.6210     8.7517      1.192    33.3695    25.3934 -9.990e-29
 177.633194      1.200  37.965547    11.6223     8.7212      1.190    33.3588    25.3849 -9.990e-29
 177.633200      1.198  37.953935    11.6262     8.7057      1.188    33.3439    25.3726 -9.990e-29
 177.633206      1.197  37.955168    11.6315     8.6987      1.187    33.3404    25.3689 -9.990e-29
 177.633212      1.196  37.965291    11.6343     8.7059      1.186    33.3478    25.3741 -9.990e-29
 177.633218      1.196  37.970358    11.6283     8.7054      1.186    33.3581    25.3833 -9.990e-29
 177.633223      1.197  37.963126    11.6140     8.7059      1.187    33.3639    25.3904 -9.990e-29
 177.633229      1.198  37.946840    11.6001     8.6974      1.188    33.3605    25.3903 -9.990e-29
 177.633235      1.200  37.935076    11.5933     8.6980      1.190    33.3551    25.3874 -9.990e-29
 177.633241      1.203  37.934556    11.5950     8.6888      1.193    33.3531    25.3855 -9.990e-29
 177.633247      1.206  37.941784    11.6055     8.6884      1.196    33.3507    25.3817 -9.990e-29
 177.633252      1.211  37.953519    11.6184     8.6861      1.201    33.3505    25.3792 -9.990e-29
 177.633258      1.217  37.963565    11.6250     8.6873      1.207    33.3544    25.3810 -9.990e-29
 177.633264      1.225  37.965156    11.6257     8.6998      1.215    33.3554    25.3816 -9.990e-29
 177.633270      1.231  37.961541    11.6250     8.6958      1.221    33.3524    25.3795 -9.990e-29
 177.633275      1.231  37.962469    11.6250     8.7122      1.221    33.3534    25.3802 -9.990e-29
 177.633281      1.229  37.968057    11.6257     8.6963      1.219    33.3582    25.3838 -9.990e-29
 177.633287      1.230  37.969516    11.6260     8.6825      1.220    33.3594    25.3847 -9.990e-29
 177.633293      1.234  37.965994    11.6259     8.6834      1.224    33.3560    25.3821 -9.990e-29
 177.633299      1.237  37.962881    11.6262     8.6881      1.227    33.3527    25.3794 -9.990e-29
 177.633304      1.234  37.961633    11.6282     8.7143      1.224    33.3497    25.3767 -9.990e-29
 177.633310      1.230  37.963948    11.6347     8.7148      1.220    33.3461    25.3727 -9.990e-29
 177.633316      1.228  37.972917    11.6472     8.7034      1.218    33.3436    25.3685 -9.990e-29
 177.633322      1.229  37.985378    11.6589     8.7009      1.219    33.3453    25.3676 -9.990e-29
 177.633328      1.232  37.992744    11.6608     8.7014      1.222    33.3508    25.3716 -9.990e-29
 177.633333      1.238  37.985798    11.6538     8.7147      1.228    33.3503    25.3725 -9.990e-29
 177.633339      1.248  37.972648    11.6469     8.7124      1.238    33.3436    25.3686 -9.990e-29
 177.633345      1.256  37.972735    11.6458     8.7093      1.246    33.3447    25.3696 -9.990e-29
 177.633351      1.261  37.980014    11.6443     8.6979      1.250    33.3531    25.3765 -9.990e-29
 177.633356      1.266  37.977865    11.6347     8.6848      1.255    33.3597    25.3833 -9.990e-29
 177.633362      1.276  37.966228    11.6213     8.6812      1.265    33.3603    25.3863 -9.990e-29
 177.633368      1.291  37.956478    11.6138     8.6944      1.280    33.3575    25.3855 -9.990e-29
 177.633374      1.309  37.957461    11.6165     8.6966      1.298    33.3561    25.3839 -9.990e-29
 177.633380      1.321  37.966005    11.6256     8.6846      1.310    33.3562    25.3823 -9.990e-29
 177.633385      1.330  37.972780    11.6309     8.6859      1.319    33.3581    25.3828 -9.990e-29
 177.633391      1.338  37.968337    11.6262     8.6822      1.327    33.3580    25.3836 -9.990e-29
 177.633397      1.343  37.956843    11.6171     8.6930      1.332    33.3549    25.3829 -9.990e-29
 177.633403      1.341  37.953223    11.6147     8.7081      1.330    33.3535    25.3822 -9.990e-29
 177.633409      1.332  37.961056    11.6222     8.7006      1.321    33.3544    25.3816 -9.990e-29
 177.633414      1.318  37.973982    11.6314     8.7019      1.307    33.3588    25.3833 -9.990e-29
 177.633420      1.305  37.985713    11.6314     8.7130      1.294    33.3703    25.3922 -9.990e-29
 177.633426      1.290  37.982207    11.6227     8.6960      1.279    33.3747    25.3972 -9.990e-29
 177.633432      1.278  37.963838    11.6171     8.6880      1.267    33.3618    25.3882 -9.990e-29
 177.633438      1.271  37.956531    11.6203     8.6812      1.260    33.3518    25.3798 -9.990e-29
 177.633443      1.270  37.963427    11.6288     8.6702      1.259    33.3509    25.3775 -9.990e-29
 177.633449      1.273  37.972436    11.6355     8.6727      1.262    33.3536    25.3785 -9.990e-29
 177.633455      1.278  37.979890    11.6356     8.6818      1.267    33.3608    25.3840 -9.990e-29
 177.633461      1.276  37.977249    11.6287     8.6761      1.265    33.3645    25.3881 -9.990e-29
 177.633466      1.266  37.963796    11.6168     8.6717      1.255    33.3620    25.3884 -9.990e-29
 177.633472      1.257  37.948487    11.6031     8.6672      1.247    33.3594    25.3889 -9.990e-29
 177.633478      1.252  37.936118    11.5915     8.6786      1.242    33.3577    25.3897 -9.990e-29
 177.633484      1.252  37.933162    11.5879     8.6850      1.242    33.3581    25.3907 -9.990e-29
 177.633490      1.255  37.941281    11.5942     8.6892      1.245    33.3603    25.3913 -9.990e-29
 177.633495      1.263  37.951696    11.6034     8.6830      1.252    33.3622    25.3911 -9.990e-29
 177.633501      1.272  37.958691    11.6083     8.6843      1.261    33.3647    25.3921 -9.990e-29
 177.633507      1.277  37.960396    11.6099     8.6780      1.266    33.3649    25.3919 -9.990e-29
 177.633513      1.279  37.958528    11.6124     8.6735      1.268    33.3608    25.3883 -9.990e-29
 177.633519      1.278  37.959005    11.6143     8.6740      1.267    33.3596    25.3870 -9.990e-29
 177.633524      1.279  37.960225    11.6121     8.6848      1.268    33.3628    25.3899 -9.990e-29
 177.633530      1.285  37.955975    11.6082     8.6850      1.274    33.3621    25.3901 -9.990e-29
 177.633536      1.294  37.950677    11.6062     8.6781      1.283    33.3587    25.3878 -9.990e-29
 177.633542      1.300  37.951273    11.6051     8.6740      1.289    33.3603    25.3892 -9.990e-29
 177.633547      1.305  37.955196    11.6028     8.6711      1.294    33.3662    25.3943 -9.990e-29
 177.633553      1.305  37.957599    11.6010     8.6689      1.294    33.3702    25.3977 -9.990e-29
 177.633559      1.295  37.957767    11.6058     8.6835      1.284    33.3660    25.3936 -9.990e-29
 177.633565      1.279  37.958168    11.6166     8.6726      1.268    33.3567    25.3843 -9.990e-29
 177.633571      1.264  37.959901    11.6221     8.6639      1.253    33.3534    25.3808 -9.990e-29
 177.633576      1.255  37.956318    11.6145     8.6546      1.245    33.3568    25.3848 -9.990e-29
 177.633582      1.249  37.940408    11.6003     8.6652      1.239    33.3540    25.3852 -9.990e-29
 177.633588      1.248  37.923451    11.5902     8.6827      1.238    33.3465    25.3813 -9.990e-29
 177.633594      1.250  37.920927    11.5874     8.6746      1.240    33.3465    25.3818 -9.990e-29
 177.633600      1.256  37.928912    11.5882     8.6581      1.246    33.3536    25.3872 -9.990e-29
 177.633605      1.266  37.939009    11.5892     8.6547      1.255    33.3626    25.3940 -9.990e-29
 177.633611      1.278  37.948441    11.5903     8.6609      1.267    33.3709    25.4002 -9.990e-29
 177.633617      1.282  37.954849    11.5923     8.6894      1.271    33.3753    25.4033 -9.990e-29
 177.633623      1.279  37.958376    11.5963     8.6989      1.268    33.3752    25.4024 -9.990e-29
 177.633628      1.273  37.959994    11.6005     8.6950      1.262    33.3730    25.3999 -9.990e-29
 177.633634      1.264  37.957385    11.6004     8.6818      1.253    33.3705    25.3981 -9.990e-29
 177.633640      1.255  37.948945    11.5966     8.6721      1.245    33.3657    25.3950 -9.990e-29
 177.633646      1.251  37.942470    11.5941     8.6785      1.241    33.3616    25.3923 -9.990e-29
 177.633652      1.251  37.946135    11.5945     8.6868      1.241    33.3648    25.3947 -9.990e-29
 177.633657      1.250  37.954186    11.5970     8.6906      1.240    33.3705    25.3986 -9.990e-29
 177.633663      1.245  37.958877    11.6022     8.6973      1.235    33.3704    25.3976 -9.990e-29
 177.633669      1.240  37.962546    11.6079     8.6877      1.230    33.3688    25.3954 -9.990e-29
 177.633675      1.237  37.966730    11.6099     8.6888      1.227    33.3711    25.3968 -9.990e-29
 177.633681      1.238  37.966929    11.6082     8.6885      1.228    33.3728    25.3984 -9.990e-29
 177.633686      1.241  37.963974    11.6057     8.6987      1.231    33.3722    25.3984 -9.990e-29
 177.633692      1.249  37.962333    11.6046     8.7097      1.239    33.3716    25.3981 -9.990e-29
 177.633698      1.260  37.961501    11.6059     8.7155      1.249    33.3696    25.3963 -9.990e-29
 177.633704      1.271  37.961493    11.6086     8.7201      1.260    33.3672    25.3939 -9.990e-29
 177.633709      1.279  37.962860    11.6101     8.7133      1.268    33.3671    25.3936 -9.990e-29
 177.633715      1.288  37.964067    11.6104     8.7144      1.277    33.3680    25.3943 -9.990e-29
 177.633721      1.304  37.963369    11.6113     8.7187      1.293    33.3665    25.3930 -9.990e-29
 177.633727      1.323  37.960960    11.6131     8.7156      1.312    33.3626    25.3895 -9.990e-29
 177.633733      1.337  37.962034    11.6153     8.7196      1.326    33.3616    25.3884 -9.990e-29
 177.633738      1.344  37.968025    11.6179     8.7233      1.333    33.3651    25.3907 -9.990e-29
 177.633744      1.348  37.975162    11.6203     8.7218      1.337    33.3700    25.3940 -9.990e-29
 177.633750      1.354  37.981204    11.6223     8.7262      1.343    33.3741    25.3968 -9.990e-29
 177.633756      1.357  37.983009    11.6249     8.7359      1.346    33.3735    25.3959 -9.990e-29
 177.633762      1.358  37.981869    11.6292     8.7420      1.347    33.3685    25.3912 -9.990e-29
 177.633767      1.361  37.982989    11.6335     8.7416      1.350    33.3657    25.3882 -9.990e-29
 177.633773      1.367  37.985626    11.6370     8.7428      1.356    33.3652    25.3871 -9.990e-29
 177.633779      1.375  37.988260    11.6413     8.7500      1.364    33.3639    25.3853 -9.990e-29
 177.633785      1.382  37.992167    11.6456     8.7703      1.370    33.3638    25.3845 -9.990e-29
 177.633791      1.389  37.996959    11.6487     8.7797      1.377    33.3657    25.3854 -9.990e-29
 177.633796      1.400  38.001189    11.6513     8.7953      1.388    33.3675    25.3863 -9.990e-29
 177.633802      1.412  38.003780    11.6543     8.8033      1.400    33.3673    25.3856 -9.990e-29
 177.633808      1.421  38.005952    11.6578     8.7954      1.409    33.3663    25.3842 -9.990e-29
 177.633814      1.427  38.008924    11.6605     8.7876      1.415    33.3668    25.3841 -9.990e-29
 177.633819      1.432  38.011619    11.6615     8.7755      1.420    33.3685    25.3852 -9.990e-29
 177.633825      1.435  38.014277    11.6618     8.7763      1.423    33.3708    25.3870 -9.990e-29
 177.633831      1.436  38.017084    11.6623     8.7645      1.424    33.3731    25.3887 -9.990e-29
 177.633837      1.436  38.018747    11.6629     8.7951      1.424    33.3742    25.3894 -9.990e-29
 177.633843      1.434  38.018685    11.6634     8.8140      1.422    33.3737    25.3889 -9.990e-29
 177.633848      1.432  38.017381    11.6632     8.8237      1.420    33.3726    25.3881 -9.990e-29
 177.633854      1.427  38.016462    11.6626     8.8433      1.415    33.3722    25.3879 -9.990e-29
 177.633860      1.421  38.016947    11.6631     8.8224      1.409    33.3723    25.3879 -9.990e-29
 177.633866      1.416  38.018926    11.6654     8.8201      1.404    33.3721    25.3873 -9.990e-29
 177.633872      1.417  38.022239    11.6680     8.8205      1.405    33.3730    25.3875 -9.990e-29
 177.633877      1.420  38.025147    11.6697     8.8149      1.408    33.3743    25.3882 -9.990e-29
 177.633883      1.421  38.025931    11.6703     8.8167      1.409    33.3746    25.3883 -9.990e-29
 177.633889      1.419  38.025080    11.6705     8.8061      1.407    33.3736    25.3875 -9.990e-29
 177.633895      1.415  38.024264    11.6710     8.8079      1.403    33.3723    25.3864 -9.990e-29
 177.633900      1.408  38.024079    11.6714     8.8085      1.396    33.3718    25.3859 -9.990e-29
 177.633906      1.397  38.024284    11.6721     8.8041      1.385    33.3713    25.3855 -9.990e-29
 177.633912      1.387  38.025716    11.6740     8.8044      1.375    33.3710    25.3849 -9.990e-29
 177.633918      1.386  38.030290    11.6770     8.8071      1.374    33.3728    25.3857 -9.990e-29
 177.633924      1.393  38.036266    11.6796     8.8111      1.381    33.3763    25.3879 -9.990e-29
 177.633929      1.400  38.038734    11.6804     8.8006      1.388    33.3780    25.3891 -9.990e-29
 177.633935      1.403  38.037627    11.6798     8.7957      1.391    33.3775    25.3888 -9.990e-29
 177.633941      1.403  38.035954    11.6797     8.7993      1.391    33.3759    25.3876 -9.990e-29
 177.633947      1.399  38.034849    11.6811     8.8032      1.387    33.3736    25.3855 -9.990e-29
 177.633953      1.392  38.033965    11.6819     8.8091      1.380    33.3720    25.3842 -9.990e-29
 177.633958      1.385  38.033245    11.6810     8.8070      1.373    33.3721    25.3844 -9.990e-29
 177.633964      1.381  38.033417    11.6805     8.8101      1.369    33.3727    25.3850 -9.990e-29
 177.633970      1.377  38.034152    11.6812     8.8054      1.366    33.3728    25.3849 -9.990e-29
 177.633976      1.372  38.034193    11.6816     8.8038      1.361    33.3725    25.3846 -9.990e-29
 177.633981      1.375  38.031918    11.6815     8.8022      1.364    33.3704    25.3830 -9.990e-29
 177.633987      1.385  38.029342    11.6820     8.8140      1.373    33.3674    25.3806 -9.990e-29
 177.633993      1.395  38.030875    11.6831     8.8187      1.383    33.3679    25.3808 -9.990e-29
 177.633999      1.401  38.034642    11.6842     8.8196      1.389    33.3706    25.3826 -9.990e-29
 177.634005      1.404  38.037270    11.6854     8.8162      1.392    33.3721    25.3836 -9.990e-29
 177.634010      1.403  38.039465    11.6871     8.8108      1.391    33.3727    25.3837 -9.990e-29
 177.634016      1.398  38.041357    11.6882     8.8106      1.386    33.3735    25.3842 -9.990e-29
 177.634022      1.394  38.042673    11.6883     8.7977      1.382    33.3747    25.3851 -9.990e-29
 177.634028      1.394  38.044052    11.6885     8.7878      1.382    33.3759    25.3860 -9.990e-29
 177.634034      1.399  38.045096    11.6893     8.7933      1.387    33.3762    25.3861 -9.990e-29
 177.634039      1.409  38.046082    11.6907     8.8039      1.397    33.3759    25.3856 -9.990e-29
 177.634045      1.420  38.047768    11.6922     8.8131      1.408    33.3762    25.3855 -9.990e-29
