data/oxygen options/ONMS/Olympic_Coast_National_Marine_Sanctuary_CTD_Data_2005_2023/raw_data/2019/CAST_CA042_190626faedb.cnv
* Sea-Bird SBE19 Data File:
* FileName = C:\2019 Mooring Data\Casts\CAST_CA042_190626.hex
* Software Version 1.59
* Temperature SN = 2997
* Conductivity SN = 2997
* System UpLoad Time = Jun 26 2019 21:07:45
** CAST_CA042_190626
* ds
# nquan = 9
# nvalues = 40                          
# units = specified
# name 0 = timeJ: Julian Days
# name 1 = prSM: Pressure, Strain Gauge [db]
# name 2 = c0mS/cm: Conductivity [mS/cm]
# name 3 = t090C: Temperature [ITS-90, deg C]
# name 4 = sbeox0ML/L: Oxygen, SBE 43 [ml/l]
# name 5 = depSM: Depth [salt water, m], lat = 47.5
# name 6 = sal00: Salinity, Practical [PSU]
# name 7 = sigma-é00: Density [sigma-theta, kg/m^3]
# name 8 = flag: flag
# span 0 = 177.876886, 177.877621       
# span 1 =      2.000,     41.000       
# span 2 =  34.546124,  38.338868       
# span 3 =     7.3941,    13.1984       
# span 4 =     2.6100,    12.6803       
# span 5 =      1.983,     40.654       
# span 6 =    32.3366,    33.7955       
# span 7 =    24.2912,    26.4158       
# span 8 = 0.0000e+00, 0.0000e+00       
# interval = decibars: 1                
# start_time = Jun 26 2019 20:56:38 [Instrument's time stamp, header]
# bad_flag = -9.990e-29
*END*
 177.876886      2.000  38.338868    13.1984    12.4733      1.983    32.3366    24.2912 0.0000e+00
 177.876906      3.000  38.025510    12.8429    12.6803      2.975    32.3441    24.3669 0.0000e+00
 177.876923      4.000  37.932784    12.7237    11.7713      3.966    32.3580    24.4007 0.0000e+00
 177.876939      5.000  37.827719    12.5307     9.9292      4.958    32.4235    24.4886 0.0000e+00
 177.876955      6.000  37.423775    12.0006     8.5229      5.950    32.4947    24.6436 0.0000e+00
 177.876971      7.000  36.836726    11.3553     7.2419      6.941    32.4876    24.7561 0.0000e+00
 177.876988      8.000  36.422824    10.8939     6.4567      7.933    32.4868    24.8378 0.0000e+00
 177.877003      9.000  36.159916    10.6014     6.1568      8.924    32.4846    24.8869 0.0000e+00
 177.877019     10.000  36.034766    10.4879     5.6398      9.917    32.4601    24.8873 0.0000e+00
 177.877035     11.000  35.913606    10.3440     5.2768     10.908    32.4666    24.9168 0.0000e+00
 177.877052     12.000  35.740653    10.1371     4.9491     11.899    32.4773    24.9599 0.0000e+00
 177.877069     13.000  35.602863     9.9358     4.6290     12.892    32.5182    25.0254 0.0000e+00
 177.877086     14.000  35.498172     9.7841     4.3350     13.883    32.5482    25.0738 0.0000e+00
 177.877102     15.000  35.429622     9.6512     4.1143     14.874    32.5982    25.1346 0.0000e+00
 177.877119     16.000  35.313535     9.4517     4.0298     15.866    32.6603    25.2153 0.0000e+00
 177.877137     17.000  35.165455     9.2281     4.0260     16.857    32.7117    25.2911 0.0000e+00
 177.877156     18.000  35.062264     9.1013     4.0515     17.849    32.7208    25.3183 0.0000e+00
 177.877172     19.000  34.973198     8.9968     4.0500     18.841    32.7240    25.3371 0.0000e+00
 177.877189     20.000  35.022445     9.0231     4.0615     19.832    32.7505    25.3537 0.0000e+00
 177.877206     21.000  35.133348     9.0848     3.9342     20.824    32.8084    25.3893 0.0000e+00
 177.877223     22.000  35.222063     9.0961     3.7182     21.815    32.8895    25.4511 0.0000e+00
 177.877240     23.000  35.183127     8.9563     3.5782     22.807    32.9781    25.5423 0.0000e+00
 177.877257     24.000  35.080900     8.7827     3.4972     23.798    33.0324    25.6118 0.0000e+00
 177.877274     25.000  35.015327     8.6749     3.5493     24.790    33.0639    25.6530 0.0000e+00
 177.877292     26.000  34.993302     8.5813     3.6832     25.781    33.1280    25.7175 0.0000e+00
 177.877310     27.000  35.088433     8.5837     3.5415     26.773    33.2253    25.7935 0.0000e+00
 177.877328     28.000  35.134256     8.5149     3.2432     27.764    33.3380    25.8923 0.0000e+00
 177.877347     29.000  35.020438     8.3223     3.0261     28.756    33.3997    25.9697 0.0000e+00
 177.877365     30.000  34.891622     8.1663     2.8965     29.747    33.4109    26.0018 0.0000e+00
 177.877383     31.000  34.813357     8.0601     2.7888     30.739    33.4283    26.0312 0.0000e+00
 177.877403     32.000  34.756172     7.9020     2.7091     31.731    33.5180    26.1248 0.0000e+00
 177.877422     33.000  34.703827     7.7681     2.6415     32.722    33.5903    26.2010 0.0000e+00
 177.877441     34.000  34.666204     7.6630     2.6100     33.713    33.6507    26.2636 0.0000e+00
 177.877460     35.000  34.598723     7.5415     2.7093     34.705    33.6951    26.3159 0.0000e+00
 177.877479     36.000  34.558525     7.4681     2.7400     35.696    33.7224    26.3478 0.0000e+00
 177.877499     37.000  34.546124     7.4293     2.7164     36.688    33.7462    26.3721 0.0000e+00
 177.877520     38.000  34.547784     7.4123     2.6961     37.680    33.7642    26.3885 0.0000e+00
 177.877541     39.000  34.550641     7.4046     2.6538     38.671    33.7743    26.3976 0.0000e+00
 177.877564     40.000  34.557311     7.3998     2.6464     39.662    33.7857    26.4073 0.0000e+00
 177.877621     41.000  34.561675     7.3941     2.6438     40.654    33.7955    26.4158 0.0000e+00
