data/oxygen options/ONMS/Olympic_Coast_National_Marine_Sanctuary_CTD_Data_2005_2023/raw_data/2019/CAST_TH042_190528faed.cnv
* Sea-Bird SBE19 Data File:
* FileName = C:\2019 Mooring Data\Casts\CAST_TH042_190528.hex
* Software Version 1.59
* Temperature SN = 2997
* Conductivity SN = 2997
* System UpLoad Time = May 28 2019 21:47:59
** CAST_TH042_190528
* ds
# nquan = 9                                 
# nvalues = 764                         
# units = specified
# name 0 = timeJ: Julian Days
# name 1 = prSM: Pressure, Strain Gauge [db]
# name 2 = c0mS/cm: Conductivity [mS/cm]
# name 3 = t090C: Temperature [ITS-90, deg C]
# name 4 = sbeox0ML/L: Oxygen, SBE 43 [ml/l]
# name 5 = depSM: Depth [salt water, m], lat = 47.5
# name 6 = sal00: Salinity, Practical [PSU]
# name 7 = sigma-é00: Density [sigma-theta, kg/m^3]
# name 8 = flag: flag
# span 0 = 148.902361, 148.906777       
# span 1 =     -2.494,     41.982       
# span 2 =   0.100228,  36.937445       
# span 3 =     8.4727,    14.9399       
# span 4 =    -1.8982,    12.5944       
# span 5 =     -2.473,     41.627       
# span 6 =     0.0609,    33.4240       
# span 7 =    -0.8419,    25.9657       
# span 8 = 0.0000e+00, 0.0000e+00       
# interval = seconds: 0.5
# start_time = May 28 2019 21:39:24 [Instrument's time stamp, header]
# bad_flag = -9.990e-29
*END*
 148.902361     -2.494 -9.990e-29    14.1280    -1.8982     -2.473 -9.990e-29 -9.990e-29 -9.990e-29
 148.902367     -2.468   0.100228    14.1438    -1.8974     -2.447     0.0616    -0.7262 -9.990e-29
 148.902373     -2.439   0.100228    14.1653    -1.8966     -2.419     0.0616    -0.7292 -9.990e-29
 148.902378     -2.414   0.100228    14.1915    -1.8959     -2.394     0.0616    -0.7330 -9.990e-29
 148.902384     -2.394   0.100228    14.2193    -1.8954     -2.374     0.0615    -0.7369 -9.990e-29
 148.902390     -2.380   0.100228    14.2436    -1.8947     -2.360     0.0615    -0.7404 -9.990e-29
 148.902396     -2.370   0.100228    14.2581    -1.8937     -2.350     0.0615    -0.7425 -9.990e-29
 148.902402     -2.364   0.100228    14.2616    -1.8926     -2.344     0.0615    -0.7430 -9.990e-29
 148.902407     -2.360   0.100228    14.2629    -1.8916     -2.340     0.0615    -0.7432 -9.990e-29
 148.902413     -2.355   0.100228    14.2706    -1.8910     -2.335     0.0615    -0.7443 -9.990e-29
 148.902419     -2.345   0.100228    14.2852    -1.8903     -2.325     0.0615    -0.7464 -9.990e-29
 148.902425     -2.332   0.100228    14.3025    -1.8896     -2.313     0.0614    -0.7488 -9.990e-29
 148.902431     -2.319   0.100228    14.3192    -1.8893     -2.300     0.0614    -0.7512 -9.990e-29
 148.902436     -2.308   0.100229    14.3357    -1.8887     -2.289     0.0614    -0.7536 -9.990e-29
 148.902442     -2.295   0.100229    14.3544    -1.8882     -2.276     0.0614    -0.7563 -9.990e-29
 148.902448     -2.282   0.100229    14.3765    -1.8874     -2.263     0.0614    -0.7595 -9.990e-29
 148.902454     -2.266   0.100229    14.4000    -1.8873     -2.247     0.0613    -0.7629 -9.990e-29
 148.902459     -2.247   0.100229    14.4220    -1.8871     -2.228     0.0613    -0.7661 -9.990e-29
 148.902465     -2.224   0.100229    14.4412    -1.8865     -2.205     0.0613    -0.7689 -9.990e-29
 148.902471     -2.200   0.100229    14.4582    -1.8855     -2.182     0.0613    -0.7713 -9.990e-29
 148.902477     -2.181   0.100229    14.4731    -1.8852     -2.163     0.0613    -0.7735 -9.990e-29
 148.902483     -2.170   0.100229    14.4860    -1.8849     -2.152     0.0612    -0.7754 -9.990e-29
 148.902488     -2.163   0.100230    14.4988    -1.8845     -2.145     0.0612    -0.7773 -9.990e-29
 148.902494     -2.151   0.100230    14.5125    -1.8839     -2.133     0.0612    -0.7793 -9.990e-29
 148.902500     -2.133   0.100230    14.5249    -1.8831     -2.115     0.0612    -0.7811 -9.990e-29
 148.902506     -2.112   0.100230    14.5347    -1.8824     -2.094     0.0612    -0.7825 -9.990e-29
 148.902512     -2.086   0.100230    14.5448    -1.8823     -2.069     0.0612    -0.7840 -9.990e-29
 148.902517     -2.059   0.100230    14.5585    -1.8824     -2.042     0.0612    -0.7860 -9.990e-29
 148.902523     -2.037   0.100230    14.5732    -1.8826     -2.020     0.0611    -0.7881 -9.990e-29
 148.902529     -2.023   0.100230    14.5852    -1.8823     -2.006     0.0611    -0.7899 -9.990e-29
 148.902535     -2.011   0.100231    14.5957    -1.8819     -1.994     0.0611    -0.7914 -9.990e-29
 148.902541     -1.998   0.100231    14.6076    -1.8820     -1.981     0.0611    -0.7932 -9.990e-29
 148.902546     -1.982   0.100231    14.6218    -1.8822     -1.965     0.0611    -0.7953 -9.990e-29
 148.902552     -1.966   0.100231    14.6368    -1.8826     -1.950     0.0611    -0.7975 -9.990e-29
 148.902558     -1.953   0.100231    14.6489    -1.8830     -1.937     0.0611    -0.7993 -9.990e-29
 148.902564     -1.939   0.100231    14.6553    -1.8830     -1.923     0.0610    -0.8002 -9.990e-29
 148.902569     -1.922   0.100231    14.6570    -1.8830     -1.906     0.0610    -0.8005 -9.990e-29
 148.902575     -1.906   0.100231    14.6580    -1.8832     -1.890     0.0610    -0.8006 -9.990e-29
 148.902581     -1.890   0.100232    14.6613    -1.8830     -1.874     0.0610    -0.8011 -9.990e-29
 148.902587     -1.873   0.100232    14.6650    -1.8823     -1.857     0.0610    -0.8017 -9.990e-29
 148.902593     -1.853   0.100232    14.6649    -1.8815     -1.838     0.0610    -0.8017 -9.990e-29
 148.902598     -1.834   0.100232    14.6608    -1.8811     -1.819     0.0610    -0.8010 -9.990e-29
 148.902604     -1.819   0.100232    14.6546    -1.8806     -1.804     0.0610    -0.8001 -9.990e-29
 148.902610     -1.806   0.100232    14.6489    -1.8803     -1.791     0.0611    -0.7993 -9.990e-29
 148.902616     -1.795   0.100232    14.6456    -1.8798     -1.780     0.0611    -0.7988 -9.990e-29
 148.902622     -1.786   0.100232    14.6443    -1.8795     -1.771     0.0611    -0.7986 -9.990e-29
 148.902627     -1.777   0.100233    14.6454    -1.8793     -1.762     0.0611    -0.7988 -9.990e-29
 148.902633     -1.768   0.100233    14.6515    -1.8791     -1.753     0.0611    -0.7997 -9.990e-29
 148.902639     -1.759   0.100233    14.6632    -1.8792     -1.744     0.0610    -0.8014 -9.990e-29
 148.902645     -1.748   0.100233    14.6774    -1.8797     -1.733     0.0610    -0.8035 -9.990e-29
 148.902650     -1.736   0.100233    14.6905    -1.8799     -1.722     0.0610    -0.8054 -9.990e-29
 148.902656     -1.722   0.100233    14.7019    -1.8807     -1.708     0.0610    -0.8071 -9.990e-29
 148.902662     -1.704   0.100233    14.7125    -1.8811     -1.690     0.0610    -0.8087 -9.990e-29
 148.902668     -1.681   0.100233    14.7221    -1.8810     -1.667     0.0610    -0.8101 -9.990e-29
 148.902674     -1.657   0.100234    14.7297    -1.8808     -1.643     0.0610    -0.8113 -9.990e-29
 148.902679     -1.637   0.100234    14.7348    -1.8806     -1.623     0.0610    -0.8120 -9.990e-29
 148.902685     -1.627   0.100234    14.7365    -1.8799     -1.613     0.0610    -0.8123 -9.990e-29
 148.902691     -1.619   0.100234    14.7337    -1.8792     -1.605     0.0610    -0.8119 -9.990e-29
 148.902697     -1.606   0.100234    14.7271    -1.8790     -1.593     0.0610    -0.8109 -9.990e-29
 148.902703     -1.587   0.100234    14.7180    -1.8785     -1.574     0.0610    -0.8095 -9.990e-29
 148.902708     -1.568   0.100234    14.7079    -1.8782     -1.555     0.0610    -0.8080 -9.990e-29
 148.902714     -1.553   0.100234    14.7011    -1.8782     -1.540     0.0610    -0.8070 -9.990e-29
 148.902720     -1.542   0.100235    14.7002    -1.8776     -1.529     0.0610    -0.8069 -9.990e-29
 148.902726     -1.532   0.100235    14.7037    -1.8771     -1.519     0.0610    -0.8074 -9.990e-29
 148.902731     -1.525   0.100235    14.7112    -1.8765     -1.512     0.0610    -0.8085 -9.990e-29
 148.902737     -1.518   0.100235    14.7231    -1.8753     -1.505     0.0610    -0.8103 -9.990e-29
 148.902743     -1.512   0.100235    14.7360    -1.8743     -1.499     0.0610    -0.8122 -9.990e-29
 148.902749     -1.507   0.100236    14.7469    -1.8754     -1.494     0.0609    -0.8138 -9.990e-29
 148.902755     -1.501   0.100237    14.7562    -1.8759     -1.488     0.0609    -0.8152 -9.990e-29
 148.902760     -1.496   0.100241    14.7640    -1.8760     -1.484     0.0609    -0.8164 -9.990e-29
 148.902766     -1.490   0.100253    14.7716    -1.8756     -1.478     0.0609    -0.8175 -9.990e-29
 148.902772     -1.483   0.100290    14.7821    -1.8749     -1.471     0.0609    -0.8190 -9.990e-29
 148.902778     -1.474   0.100400    14.7960    -1.8743     -1.462     0.0610    -0.8211 -9.990e-29
 148.902784     -1.463   0.100729    14.8135    -1.8743     -1.451     0.0612    -0.8235 -9.990e-29
 148.902789     -1.450   0.101160    14.8319    -1.8752     -1.438     0.0614    -0.8261 -9.990e-29
 148.902795     -1.437   0.101161    14.8413    -1.8762     -1.425     0.0614    -0.8275 -9.990e-29
 148.902801     -1.428   0.100735    14.8376    -1.8773     -1.416     0.0611    -0.8271 -9.990e-29
 148.902807     -1.419   0.100421    14.8310    -1.8780     -1.407     0.0610    -0.8263 -9.990e-29
 148.902813     -1.404   0.100353    14.8305    -1.8783     -1.392     0.0609    -0.8262 -9.990e-29
 148.902818     -1.387   0.100440    14.8368    -1.8784     -1.375     0.0610    -0.8272 -9.990e-29
 148.902824     -1.375   0.100797    14.8466    -1.8782     -1.364     0.0612    -0.8285 -9.990e-29
 148.902830     -1.368   0.101346    14.8533    -1.8779     -1.357     0.0615    -0.8292 -9.990e-29
 148.902836     -1.360   0.101714    14.8503    -1.8774     -1.349     0.0617    -0.8286 -9.990e-29
 148.902841     -1.357   0.101836    14.8361    -1.8769     -1.346     0.0618    -0.8264 -9.990e-29
 148.902847     -1.356   0.101877    14.8157    -1.8766     -1.345     0.0618    -0.8233 -9.990e-29
 148.902853     -1.354   0.101891    14.7951    -1.8762     -1.343     0.0618    -0.8203 -9.990e-29
 148.902859     -1.352   0.101896    14.7794    -1.8758     -1.341     0.0619    -0.8179 -9.990e-29
 148.902865     -1.348   0.101898    14.7705    -1.8752     -1.337     0.0619    -0.8166 -9.990e-29
 148.902870     -1.342   0.101899    14.7681    -1.8748     -1.331     0.0619    -0.8162 -9.990e-29
 148.902876     -1.335   0.101899    14.7706    -1.8749     -1.324     0.0619    -0.8166 -9.990e-29
 148.902882     -1.330   0.101899    14.7771    -1.8750     -1.319     0.0619    -0.8176 -9.990e-29
 148.902888     -1.326   0.101899    14.7867    -1.8748     -1.315     0.0619    -0.8190 -9.990e-29
 148.902894     -1.320   0.101899    14.7972    -1.8746     -1.309     0.0619    -0.8206 -9.990e-29
 148.902899     -1.310   0.101899    14.8074    -1.8744     -1.299     0.0618    -0.8221 -9.990e-29
 148.902905     -1.296   0.101899    14.8178    -1.8743     -1.285     0.0618    -0.8237 -9.990e-29
 148.902911     -1.282   0.101900    14.8287    -1.8746     -1.271     0.0618    -0.8253 -9.990e-29
 148.902917     -1.271   0.101900    14.8390    -1.8748     -1.260     0.0618    -0.8268 -9.990e-29
 148.902922     -1.262   0.101900    14.8462    -1.8750     -1.251     0.0618    -0.8279 -9.990e-29
 148.902928     -1.254   0.101900    14.8495    -1.8747     -1.244     0.0618    -0.8284 -9.990e-29
 148.902934     -1.247   0.101900    14.8513    -1.8744     -1.237     0.0618    -0.8287 -9.990e-29
 148.902940     -1.241   0.101900    14.8543    -1.8738     -1.231     0.0618    -0.8291 -9.990e-29
 148.902946     -1.236   0.101900    14.8582    -1.8735     -1.226     0.0618    -0.8297 -9.990e-29
 148.902951     -1.230   0.101900    14.8611    -1.8736     -1.220     0.0618    -0.8301 -9.990e-29
 148.902957     -1.224   0.101901    14.8611    -1.8741     -1.214     0.0618    -0.8301 -9.990e-29
 148.902963     -1.217   0.101901    14.8582    -1.8749     -1.207     0.0618    -0.8297 -9.990e-29
 148.902969     -1.209   0.101901    14.8550    -1.8751     -1.199     0.0618    -0.8292 -9.990e-29
 148.902975     -1.198   0.101901    14.8549    -1.8752     -1.188     0.0618    -0.8292 -9.990e-29
 148.902980     -1.186   0.101901    14.8591    -1.8747     -1.176     0.0618    -0.8298 -9.990e-29
 148.902986     -1.170   0.101901    14.8663    -1.8744     -1.160     0.0618    -0.8309 -9.990e-29
 148.902992     -1.154   0.101901    14.8738    -1.8741     -1.144     0.0618    -0.8321 -9.990e-29
 148.902998     -1.141   0.101901    14.8781    -1.8738     -1.131     0.0618    -0.8327 -9.990e-29
 148.903003     -1.127   0.101902    14.8763    -1.8733     -1.118     0.0618    -0.8324 -9.990e-29
 148.903009     -1.110   0.101902    14.8685    -1.8726     -1.101     0.0618    -0.8313 -9.990e-29
 148.903015     -1.093   0.101902    14.8588    -1.8721     -1.084     0.0618    -0.8298 -9.990e-29
 148.903021     -1.076   0.101902    14.8527    -1.8722     -1.067     0.0618    -0.8289 -9.990e-29
 148.903027     -1.062   0.101902    14.8526    -1.8723     -1.053     0.0618    -0.8289 -9.990e-29
 148.903032     -1.053   0.101902    14.8577    -1.8724     -1.044     0.0618    -0.8296 -9.990e-29
 148.903038     -1.046   0.101902    14.8652    -1.8719     -1.037     0.0618    -0.8308 -9.990e-29
 148.903044     -1.035   0.101902    14.8734    -1.8714     -1.026     0.0618    -0.8320 -9.990e-29
 148.903050     -1.024   0.101903    14.8830    -1.8711     -1.015     0.0618    -0.8334 -9.990e-29
 148.903056     -1.017   0.101903    14.8946    -1.8713     -1.009     0.0617    -0.8352 -9.990e-29
 148.903061     -1.013   0.101903    14.9065    -1.8720     -1.005     0.0617    -0.8370 -9.990e-29
 148.903067     -1.012   0.101903    14.9149    -1.8729     -1.004     0.0617    -0.8382 -9.990e-29
 148.903073     -1.010   0.101903    14.9184    -1.8738     -1.002     0.0617    -0.8388 -9.990e-29
 148.903079     -1.001   0.101903    14.9195    -1.8742     -0.993     0.0617    -0.8389 -9.990e-29
 148.903084     -0.991   0.101903    14.9223    -1.8743     -0.983     0.0617    -0.8394 -9.990e-29
 148.903090     -0.982   0.101903    14.9285    -1.8740     -0.974     0.0617    -0.8403 -9.990e-29
 148.903096     -0.974   0.101903    14.9359    -1.8736     -0.966     0.0617    -0.8414 -9.990e-29
 148.903102     -0.966   0.101903    14.9391    -1.8735     -0.958     0.0617    -0.8419 -9.990e-29
 148.903108     -0.958   0.101903    14.9340    -1.8741     -0.950     0.0617    -0.8411 -9.990e-29
 148.903113     -0.950   0.101902    14.9207    -1.8746     -0.942     0.0617    -0.8391 -9.990e-29
 148.903119     -0.940   0.101902    14.9034    -1.8746     -0.932     0.0617    -0.8365 -9.990e-29
 148.903125     -0.929   0.101902    14.8874    -1.8746     -0.921     0.0618    -0.8341 -9.990e-29
 148.903131     -0.915   0.101902    14.8774    -1.8744     -0.907     0.0618    -0.8326 -9.990e-29
 148.903137     -0.899   0.101902    14.8750    -1.8744     -0.891     0.0618    -0.8322 -9.990e-29
 148.903142     -0.882   0.101901    14.8775    -1.8742     -0.875     0.0618    -0.8326 -9.990e-29
 148.903148     -0.872   0.101901    14.8802    -1.8740     -0.865     0.0618    -0.8330 -9.990e-29
 148.903154     -0.870   0.101901    14.8788    -1.8743     -0.863     0.0618    -0.8328 -9.990e-29
 148.903160     -0.865   0.101901    14.8724    -1.8753     -0.858     0.0618    -0.8318 -9.990e-29
 148.903166     -0.858   0.101901    14.8653    -1.8766     -0.851     0.0618    -0.8308 -9.990e-29
 148.903171     -0.853   0.101901    14.8621    -1.8776     -0.846     0.0618    -0.8303 -9.990e-29
 148.903177     -0.845   0.101900    14.8625    -1.8776     -0.838     0.0618    -0.8303 -9.990e-29
 148.903183     -0.833   0.101900    14.8645    -1.8778     -0.826     0.0618    -0.8306 -9.990e-29
 148.903189     -0.826   0.101900    14.8665    -1.8781     -0.819     0.0618    -0.8309 -9.990e-29
 148.903194     -0.827   0.101900    14.8678    -1.8785     -0.820     0.0618    -0.8311 -9.990e-29
 148.903200     -0.831   0.101900    14.8659    -1.8788     -0.824     0.0618    -0.8309 -9.990e-29
 148.903206     -0.832   0.101899    14.8562    -1.8789     -0.825     0.0618    -0.8294 -9.990e-29
 148.903212     -0.828   0.101899    14.8375    -1.8782     -0.821     0.0618    -0.8266 -9.990e-29
 148.903218     -0.823   0.101899    14.8151    -1.8773     -0.816     0.0618    -0.8232 -9.990e-29
 148.903223     -0.819   0.101899    14.7969    -1.8765     -0.812     0.0619    -0.8205 -9.990e-29
 148.903229     -0.817   0.101899    14.7861    -1.8762     -0.810     0.0619    -0.8189 -9.990e-29
 148.903235     -0.819   0.101900    14.7790    -1.8756     -0.812     0.0619    -0.8178 -9.990e-29
 148.903241     -0.816   0.101903    14.7721    -1.8713     -0.809     0.0619    -0.8168 -9.990e-29
 148.903247     -0.803   0.101912    14.7657    -1.8706     -0.796     0.0619    -0.8159 -9.990e-29
 148.903252     -0.785   0.101941    14.7618    -1.8706     -0.778     0.0619    -0.8153 -9.990e-29
 148.903258     -0.767   0.102027    14.7643    -1.8699     -0.761     0.0620    -0.8156 -9.990e-29
 148.903264     -0.754   0.102284    14.7754    -1.8684     -0.748     0.0621    -0.8171 -9.990e-29
 148.903270     -0.744   0.103055    14.7919    -1.8670     -0.738     0.0625    -0.8192 -9.990e-29
 148.903275     -0.737   0.104817    14.8081    -1.8668     -0.731     0.0635    -0.8209 -9.990e-29
 148.903281     -0.733   0.109366    14.8223    -1.8661     -0.727     0.0661    -0.8210 -9.990e-29
