data/oxygen options/ONMS/Olympic_Coast_National_Marine_Sanctuary_CTD_Data_2005_2023/raw_data/2019/CAST_CA042_190827faedb.cnv
* Sea-Bird SBE 19 Data File:
* FileName = C:\2019 Mooring Data\Casts\CAST_CA042_190827.hex
* Software Version SeatermAF 2.1.2
* Temperature SN = 2997
* Conductivity SN = 2997
* System UpLoad Time = Aug 27 2019 20:32:36 (localtime) = Aug 27 2019 20:32:36 (UTC)
** CAST_CA042_190827
* ds
# nquan = 9
# nvalues = 42                          
# units = specified
# name 0 = timeJ: Julian Days
# name 1 = prSM: Pressure, Strain Gauge [db]
# name 2 = c0mS/cm: Conductivity [mS/cm]
# name 3 = t090C: Temperature [ITS-90, deg C]
# name 4 = sbeox0ML/L: Oxygen, SBE 43 [ml/l]
# name 5 = depSM: Depth [salt water, m], lat = 47.5
# name 6 = sal00: Salinity, Practical [PSU]
# name 7 = sigma-é00: Density [sigma-theta, kg/m^3]
# name 8 = flag: flag
# span 0 = 239.811380, 239.812312       
# span 1 =      2.000,     43.000       
# span 2 =  34.687720,  37.466816       
# span 3 =     7.6496,    12.0460       
# span 4 =     2.5791,     5.8109       
# span 5 =      1.983,     42.637       
# span 6 =    32.4906,    33.7472       
# span 7 =    24.6385,    26.3411       
# span 8 = 0.0000e+00, 0.0000e+00       
# interval = decibars: 1                
# start_time = Aug 27 2019 19:22:50 [Instrument's time stamp, header]
# bad_flag = -9.990e-29
*END*
 239.811380      2.000  37.466816    12.0460     5.8109      1.983    32.4985    24.6385 0.0000e+00
 239.811409      3.000  37.076963    11.6029     5.5647      2.975    32.5071    24.7266 0.0000e+00
 239.811432      4.000  36.739268    11.2450     5.4103      3.967    32.4906    24.7786 0.0000e+00
 239.811454      5.000  36.590841    11.0674     5.1515      4.958    32.5008    24.8180 0.0000e+00
 239.811476      6.000  36.458025    10.8930     4.7814      5.950    32.5234    24.8663 0.0000e+00
 239.811496      7.000  36.183774    10.5662     4.6508      6.941    32.5406    24.9365 0.0000e+00
 239.811517      8.000  35.979870    10.3395     4.1921      7.933    32.5385    24.9736 0.0000e+00
 239.811540      9.000  35.789530    10.0507     3.5142      8.925    32.6057    25.0745 0.0000e+00
 239.811561     10.000  35.397515     9.4964     3.3437      9.916    32.7084    25.2456 0.0000e+00
 239.811582     11.000  35.350325     9.3849     3.2086     10.908    32.7614    25.3049 0.0000e+00
 239.811604     12.000  35.303426     9.2921     3.2366     11.900    32.7977    25.3481 0.0000e+00
 239.811627     13.000  35.304380     9.2386     3.2697     12.891    32.8475    25.3956 0.0000e+00
 239.811650     14.000  35.321440     9.2229     3.2859     13.883    32.8791    25.4229 0.0000e+00
 239.811672     15.000  35.326083     9.2166     3.2880     14.874    32.8892    25.4318 0.0000e+00
 239.811693     16.000  35.328070     9.2116     3.2965     15.866    32.8955    25.4374 0.0000e+00
 239.811715     17.000  35.337139     9.2141     3.3183     16.857    32.9021    25.4422 0.0000e+00
 239.811737     18.000  35.334480     9.2047     3.2912     17.849    32.9075    25.4480 0.0000e+00
 239.811758     19.000  35.330907     9.1702     3.2322     18.841    32.9353    25.4752 0.0000e+00
 239.811780     20.000  35.297229     9.1038     3.0724     19.832    32.9613    25.5060 0.0000e+00
 239.811801     21.000  35.222692     8.9458     2.9041     20.824    33.0300    25.5845 0.0000e+00
 239.811823     22.000  35.082615     8.6993     2.8715     21.815    33.1130    25.6877 0.0000e+00
 239.811845     23.000  35.037681     8.5960     2.8719     22.807    33.1622    25.7421 0.0000e+00
 239.811867     24.000  34.980778     8.5399     2.8612     23.798    33.1546    25.7446 0.0000e+00
 239.811888     25.000  34.948880     8.4940     2.8598     24.790    33.1637    25.7587 0.0000e+00
 239.811910     26.000  34.935153     8.4715     2.8571     25.781    33.1699    25.7671 0.0000e+00
 239.811930     27.000  34.918124     8.4412     2.8469     26.773    33.1800    25.7795 0.0000e+00
 239.811950     28.000  34.890991     8.3772     2.8429     27.765    33.2112    25.8136 0.0000e+00
 239.811969     29.000  34.830932     8.2739     2.8320     28.756    33.2447    25.8554 0.0000e+00
 239.811988     30.000  34.792266     8.1897     2.8152     29.747    33.2830    25.8980 0.0000e+00
 239.812007     31.000  34.759803     8.0852     2.8141     30.739    33.3473    25.9639 0.0000e+00
 239.812028     32.000  34.740887     8.0195     2.8179     31.731    33.3893    26.0066 0.0000e+00
 239.812048     33.000  34.718397     7.9092     2.7693     32.722    33.4702    26.0862 0.0000e+00
 239.812067     34.000  34.687720     7.7560     2.6641     33.714    33.5841    26.1979 0.0000e+00
 239.812088     35.000  34.708052     7.6785     2.6366     34.705    33.6804    26.2847 0.0000e+00
 239.812110     36.000  34.726668     7.6657     2.6085     35.696    33.7124    26.3117 0.0000e+00
 239.812131     37.000  34.736504     7.6560     2.5929     36.688    33.7319    26.3286 0.0000e+00
 239.812152     38.000  34.739763     7.6508     2.5963     37.679    33.7400    26.3356 0.0000e+00
 239.812174     39.000  34.743252     7.6520     2.5989     38.671    33.7421    26.3372 0.0000e+00
 239.812198     40.000  34.745884     7.6508     2.5863     39.662    33.7456    26.3401 0.0000e+00
 239.812219     41.000  34.743473     7.6496     2.5903     40.654    33.7437    26.3388 0.0000e+00
 239.812246     42.000  34.746864     7.6522     2.5877     41.645    33.7444    26.3389 0.0000e+00
 239.812312     43.000  34.750239     7.6525     2.5791     42.637    33.7472    26.3411 0.0000e+00
