data/oxygen options/ONMS/Olympic_Coast_National_Marine_Sanctuary_CTD_Data_2005_2023/raw_data/2019/CAST_MB042_190827faedb.cnv
* Sea-Bird SBE 19 Data File:
* FileName = C:\2019 Mooring Data\Casts\CAST_MB042_190827.hex
* Software Version SeatermAF 2.1.2
* Temperature SN = 2997
* Conductivity SN = 2997
* System UpLoad Time = Aug 27 2019 17:34:07 (localtime) = Aug 27 2019 17:34:07 (UTC)
** CAST_MB042_190827
* ds
# nquan = 9
# nvalues = 42                          
# units = specified
# name 0 = timeJ: Julian Days
# name 1 = prSM: Pressure, Strain Gauge [db]
# name 2 = c0mS/cm: Conductivity [mS/cm]
# name 3 = t090C: Temperature [ITS-90, deg C]
# name 4 = sbeox0ML/L: Oxygen, SBE 43 [ml/l]
# name 5 = depSM: Depth [salt water, m], lat = 47.5
# name 6 = sal00: Salinity, Practical [PSU]
# name 7 = sigma-é00: Density [sigma-theta, kg/m^3]
# name 8 = flag: flag
# span 0 = 239.678604, 239.679535       
# span 1 =      2.000,     43.000       
# span 2 =  34.683227,  37.000543       
# span 3 =     7.5198,    11.2046       
# span 4 =     2.1739,     3.9233       
# span 5 =      1.984,     42.637       
# span 6 =    32.7843,    33.8220       
# span 7 =    25.0158,    26.4190       
# span 8 = 0.0000e+00, 0.0000e+00       
# interval = decibars: 1                
# start_time = Aug 27 2019 16:11:25 [Instrument's time stamp, header]
# bad_flag = -9.990e-29
*END*
 239.678604      2.000  37.000543    11.2046     3.9233      1.984    32.7843    25.0158 0.0000e+00
 239.678633      3.000  36.144483    10.0143     3.4827      2.975    33.0013    25.3891 0.0000e+00
 239.678655      4.000  35.749952     9.4099     3.1854      3.967    33.1533    25.6071 0.0000e+00
 239.678675      5.000  35.494283     8.9792     3.0254      4.958    33.2892    25.7819 0.0000e+00
 239.678696      6.000  35.322165     8.7164     2.6153      5.950    33.3557    25.8749 0.0000e+00
 239.678716      7.000  35.095306     8.2707     2.3575      6.941    33.5389    26.0861 0.0000e+00
 239.678737      8.000  34.839688     7.8611     2.3189      7.933    33.6585    26.2407 0.0000e+00
 239.678758      9.000  34.783994     7.7572     2.3001      8.925    33.6985    26.2873 0.0000e+00
 239.678778     10.000  34.751390     7.6962     2.3135      9.916    33.7219    26.3145 0.0000e+00
 239.678797     11.000  34.737274     7.6696     2.2988     10.908    33.7320    26.3263 0.0000e+00
 239.678818     12.000  34.726974     7.6514     2.2738     11.900    33.7382    26.3337 0.0000e+00
 239.678840     13.000  34.707254     7.6133     2.2459     12.891    33.7533    26.3511 0.0000e+00
 239.678863     14.000  34.694359     7.5831     2.2352     13.883    33.7683    26.3672 0.0000e+00
 239.678884     15.000  34.683847     7.5556     2.2315     14.874    33.7832    26.3829 0.0000e+00
 239.678908     16.000  34.685314     7.5505     2.2310     15.866    33.7892    26.3884 0.0000e+00
 239.678931     17.000  34.683227     7.5467     2.2242     16.857    33.7902    26.3897 0.0000e+00
 239.678953     18.000  34.683779     7.5425     2.2171     17.849    33.7943    26.3936 0.0000e+00
 239.678977     19.000  34.687304     7.5452     2.2181     18.841    33.7950    26.3937 0.0000e+00
 239.679000     20.000  34.687511     7.5404     2.2166     19.832    33.7995    26.3979 0.0000e+00
 239.679022     21.000  34.685984     7.5389     2.2196     20.824    33.7988    26.3976 0.0000e+00
 239.679044     22.000  34.687845     7.5364     2.2070     21.815    33.8028    26.4011 0.0000e+00
 239.679064     23.000  34.685337     7.5345     2.2086     22.807    33.8014    26.4004 0.0000e+00
 239.679084     24.000  34.686810     7.5353     2.2087     23.798    33.8017    26.4005 0.0000e+00
 239.679107     25.000  34.688823     7.5334     2.2081     24.790    33.8053    26.4035 0.0000e+00
 239.679128     26.000  34.687938     7.5325     2.2000     25.781    33.8048    26.4033 0.0000e+00
 239.679149     27.000  34.688481     7.5317     2.2096     26.773    33.8056    26.4041 0.0000e+00
 239.679169     28.000  34.687953     7.5289     2.1968     27.765    33.8073    26.4058 0.0000e+00
 239.679190     29.000  34.687645     7.5266     2.1957     28.756    33.8087    26.4073 0.0000e+00
 239.679211     30.000  34.688894     7.5275     2.2040     29.748    33.8087    26.4072 0.0000e+00
 239.679236     31.000  34.691050     7.5295     2.2028     30.739    33.8086    26.4068 0.0000e+00
 239.679259     32.000  34.691270     7.5288     2.1959     31.730    33.8090    26.4073 0.0000e+00
 239.679281     33.000  34.691911     7.5285     2.1985     32.722    33.8096    26.4078 0.0000e+00
 239.679305     34.000  34.693314     7.5289     2.1968     33.713    33.8102    26.4082 0.0000e+00
 239.679329     35.000  34.693936     7.5269     2.1972     34.705    33.8124    26.4102 0.0000e+00
 239.679351     36.000  34.695093     7.5272     2.1937     35.696    33.8128    26.4105 0.0000e+00
 239.679375     37.000  34.696263     7.5277     2.1954     36.688    33.8131    26.4107 0.0000e+00
 239.679398     38.000  34.696747     7.5261     2.1847     37.680    33.8148    26.4123 0.0000e+00
 239.679421     39.000  34.698444     7.5270     2.1955     38.671    33.8152    26.4125 0.0000e+00
 239.679442     40.000  34.698793     7.5259     2.1847     39.662    33.8162    26.4134 0.0000e+00
 239.679467     41.000  34.698707     7.5225     2.1836     40.654    33.8189    26.4160 0.0000e+00
 239.679499     42.000  34.699329     7.5215     2.1748     41.645    33.8201    26.4171 0.0000e+00
 239.679535     43.000  34.700087     7.5198     2.1739     42.637    33.8220    26.4190 0.0000e+00
