data/oxygen options/ONMS/Olympic_Coast_National_Marine_Sanctuary_CTD_Data_2005_2023/raw_data/2019/CAST_TH042_190528_WINTERfaed.cnv
* Sea-Bird SBE19 Data File:
* FileName = C:\2019 Mooring Data\Casts\CAST_TH042_190528_WINTER.hex
* Software Version 1.59
* Temperature SN = 2997
* Conductivity SN = 2997
* System UpLoad Time = May 28 2019 21:35:48
** CAST_TH042_190528_WINTER
* ds
# nquan = 9                                 
# nvalues = 935                         
# units = specified
# name 0 = timeJ: Julian Days
# name 1 = prSM: Pressure, Strain Gauge [db]
# name 2 = c0mS/cm: Conductivity [mS/cm]
# name 3 = t090C: Temperature [ITS-90, deg C]
# name 4 = sbeox0ML/L: Oxygen, SBE 43 [ml/l]
# name 5 = depSM: Depth [salt water, m], lat = 47.5
# name 6 = sal00: Salinity, Practical [PSU]
# name 7 = sigma-é00: Density [sigma-theta, kg/m^3]
# name 8 = flag: flag
# span 0 = 148.843368, 148.848773       
# span 1 =     -5.483,     41.395       
# span 2 =   0.114190,  36.699212       
# span 3 =     8.4484,    14.4336       
# span 4 =    -1.9189,    12.6929       
# span 5 =     -5.437,     41.045       
# span 6 =     0.0699,    33.4428       
# span 7 =    -0.7601,    25.9847       
# span 8 = 0.0000e+00, 0.0000e+00       
# interval = seconds: 0.5
# start_time = May 28 2019 20:14:27 [Instrument's time stamp, header]
# bad_flag = -9.990e-29
*END*
[from data line 641]
 148.847078      0.834  36.655310    14.1075     6.5047      0.827    30.0398    22.3357 -9.990e-29
 148.847083      0.825  36.656460    14.1090     6.4910      0.818    30.0397    22.3353 -9.990e-29
 148.847089      0.815  36.657147    14.1098     6.4799      0.808    30.0397    22.3352 -9.990e-29
 148.847095      0.812  36.657122    14.1092     6.4840      0.805    30.0401    22.3356 -9.990e-29
 148.847101      0.814  36.656310    14.1077     6.4877      0.807    30.0405    22.3363 -9.990e-29
 148.847106      0.818  36.655264    14.1064     6.5006      0.811    30.0406    22.3366 -9.990e-29
 148.847112      0.829  36.654785    14.1060     6.5041      0.822    30.0405    22.3366 -9.990e-29
 148.847118      0.847  36.654751    14.1061     6.4959      0.840    30.0404    22.3365 -9.990e-29
 148.847124      0.864  36.655073    14.1060     6.4947      0.857    30.0407    22.3368 -9.990e-29
 148.847130      0.878  36.655015    14.1053     6.4882      0.871    30.0412    22.3373 -9.990e-29
 148.847135      0.890  36.654456    14.1049     6.4969      0.883    30.0410    22.3372 -9.990e-29
 148.847141      0.904  36.654849    14.1058     6.5018      0.896    30.0407    22.3368 -9.990e-29
 148.847147      0.925  36.656113    14.1076     6.5055      0.917    30.0404    22.3362 -9.990e-29
 148.847153      0.956  36.657090    14.1084     6.5035      0.948    30.0407    22.3362 -9.990e-29
 148.847159      1.001  36.656799    14.1068     6.5020      0.993    30.0416    22.3373 -9.990e-29
 148.847164      1.069  36.653691    14.1024     6.5052      1.060    30.0422    22.3386 -9.990e-29
 148.847170      1.160  36.648616    14.0958     6.5095      1.150    30.0427    22.3403 -9.990e-29
 148.847176      1.270  36.643723    14.0864     6.5212      1.259    30.0455    22.3444 -9.990e-29
 148.847182      1.402  36.636924    14.0732     6.5325      1.390    30.0496    22.3502 0.0000e+00
 148.847187      1.565  36.625826    14.0588     6.5436      1.552    30.0506    22.3539 0.0000e+00
 148.847193      1.764  36.612945    14.0447     6.5515      1.749    30.0498    22.3561 0.0000e+00
 148.847199      2.004  36.600657    14.0286     6.5695      1.987    30.0510    22.3604 0.0000e+00
 148.847205      2.292  36.588770    14.0095     6.5928      2.273    30.0550    22.3673 0.0000e+00
 148.847211      2.624  36.578188    13.9881     6.6188      2.602    30.0619    22.3769 0.0000e+00
 148.847216      2.988  36.570431    13.9645     6.6277      2.963    30.0731    22.3903 0.0000e+00
 148.847222      3.376  36.565184    13.9395     6.6328      3.348    30.0877    22.4066 0.0000e+00
 148.847228      3.783  36.561003    13.9140     6.6377      3.751    30.1037    22.4241 0.0000e+00
 148.847234      4.205  36.556742    13.8885     6.6455      4.170    30.1196    22.4415 0.0000e+00
 148.847240      4.640  36.551151    13.8648     6.6580      4.601    30.1329    22.4565 0.0000e+00
 148.847245      5.075  36.544005    13.8436     6.6746      5.033    30.1428    22.4684 0.0000e+00
 148.847251      5.505  36.536923    13.8203     6.6836      5.459    30.1545    22.4820 0.0000e+00
 148.847257      5.935  36.529933    13.7873     6.6998      5.885    30.1738    22.5035 0.0000e+00
 148.847263      6.371  36.519266    13.7455     6.7235      6.318    30.1968    22.5296 0.0000e+00
 148.847269      6.815  36.505210    13.7069     6.7678      6.758    30.2141    22.5506 0.0000e+00
 148.847274      7.266  36.495289    13.6795     6.7870      7.205    30.2264    22.5656 0.0000e+00
 148.847280      7.714  36.491899    13.6594     6.7753      7.649    30.2390    22.5793 0.0000e+00
 148.847286      8.148  36.491585    13.6399     6.7246      8.080    30.2539    22.5947 0.0000e+00
 148.847292      8.567  36.494439    13.6191     6.6585      8.495    30.2728    22.6134 0.0000e+00
 148.847297      8.970  36.500301    13.5996     6.5814      8.895    30.2935    22.6332 0.0000e+00
 148.847303      9.359  36.503498    13.5787     6.4876      9.281    30.3129    22.6523 0.0000e+00
 148.847309      9.737  36.497604    13.5403     6.3935      9.656    30.3377    22.6791 0.0000e+00
 148.847315     10.113  36.476393    13.4576     6.2807     10.028    30.3837    22.7309 0.0000e+00
 148.847321     10.505  36.424416    13.3136     6.1590     10.417    30.4502    22.8105 0.0000e+00
 148.847326     10.915  36.334477    13.1328     6.0278     10.824    30.5112    22.8927 0.0000e+00
 148.847332     11.332  36.234419    12.9608     5.9053     11.237    30.5559    22.9605 0.0000e+00
 148.847338     11.746  36.157055    12.8064     5.8086     11.648    30.6079    23.0302 0.0000e+00
 148.847344     12.159  36.104417    12.6450     5.7436     12.057    30.6892    23.1238 0.0000e+00
 148.847350     12.572  36.063356    12.4702     5.6951     12.467    30.7929    23.2370 0.0000e+00
 148.847355     12.984  36.027770    12.3023     5.6376     12.875    30.8968    23.3489 0.0000e+00
 148.847361     13.392  35.996055    12.1591     5.5427     13.280    30.9847    23.4435 0.0000e+00
 148.847367     13.789  35.963921    12.0474     5.4171     13.673    31.0464    23.5120 0.0000e+00
 148.847373     14.168  35.934360    11.9674     5.2515     14.049    31.0845    23.5562 0.0000e+00
 148.847378     14.530  35.914359    11.9005     5.0797     14.408    31.1209    23.5967 0.0000e+00
 148.847384     14.874  35.897344    11.8147     4.9288     14.749    31.1762    23.6552 0.0000e+00
 148.847390     15.215  35.877930    11.6928     4.8144     15.087    31.2597    23.7421 0.0000e+00
 148.847396     15.565  35.859295    11.5302     4.7427     15.435    31.3788    23.8638 0.0000e+00
 148.847402     15.926  35.838373    11.3223     4.7002     15.792    31.5351    24.0223 0.0000e+00
 148.847407     16.294  35.809042    11.0903     4.6802     16.157    31.7053    24.1956 0.0000e+00
 148.847413     16.668  35.769635    10.8726     4.6360     16.528    31.8547    24.3498 0.0000e+00
 148.847419     17.045  35.714003    10.6796     4.6005     16.902    31.9677    24.4711 0.0000e+00
 148.847425     17.419  35.639548    10.5057     4.5551     17.273    32.0459    24.5617 0.0000e+00
 148.847431     17.785  35.565608    10.3541     4.5031     17.636    32.1054    24.6337 0.0000e+00
 148.847436     18.144  35.507733    10.2305     4.4650     17.992    32.1565    24.6943 0.0000e+00
 148.847442     18.501  35.462588    10.1335     4.4315     18.346    32.1970    24.7421 0.0000e+00
 148.847448     18.863  35.425897    10.0469     4.3841     18.705    32.2369    24.7876 0.0000e+00
 148.847454     19.231  35.393463     9.9418     4.3374     19.070    32.2977    24.8525 0.0000e+00
 148.847459     19.602  35.357253     9.8178     4.2687     19.437    32.3720    24.9308 0.0000e+00
 148.847465     19.974  35.318760     9.7152     4.1941     19.806    32.4249    24.9889 0.0000e+00
 148.847471     20.342  35.290980     9.6525     4.1110     20.171    32.4530    25.0210 0.0000e+00
 148.847477     20.699  35.275995     9.6091     4.0344     20.525    32.4768    25.0466 0.0000e+00
 148.847483     21.045  35.264399     9.5551     4.0064     20.868    32.5136    25.0841 0.0000e+00
 148.847488     21.386  35.248518     9.4664     3.9827     21.206    32.5777    25.1485 0.0000e+00
 148.847494     21.726  35.229524     9.3564     3.9714     21.544    32.6583    25.2290 0.0000e+00
 148.847500     22.070  35.215073     9.2667     3.9584     21.885    32.7253    25.2957 0.0000e+00
 148.847506     22.422  35.205994     9.2082     3.9313     22.234    32.7694    25.3395 0.0000e+00
 148.847512     22.784  35.197395     9.1677     3.9046     22.593    32.7976    25.3679 0.0000e+00
 148.847517     23.149  35.186150     9.1414     3.8704     22.955    32.8100    25.3818 0.0000e+00
 148.847523     23.504  35.173449     9.1257     3.8383     23.307    32.8111    25.3851 0.0000e+00
 148.847529     23.844  35.162460     9.1071     3.8215     23.644    32.8167    25.3924 0.0000e+00
 148.847535     24.173  35.153600     9.0757     3.8168     23.970    32.8363    25.4127 0.0000e+00
 148.847541     24.502  35.143410     9.0371     3.8126     24.296    32.8612    25.4383 0.0000e+00
 148.847546     24.832  35.130573     9.0046     3.8089     24.623    32.8778    25.4563 0.0000e+00
 148.847552     25.153  35.122559     8.9833     3.7979     24.942    32.8890    25.4684 0.0000e+00
 148.847558     25.473  35.120947     8.9676     3.7909     25.259    32.9017    25.4808 0.0000e+00
 148.847564     25.813  35.116082     8.9499     3.7986     25.596    32.9129    25.4923 0.0000e+00
 148.847569     26.180  35.106494     8.9310     3.8075     25.960    32.9202    25.5010 0.0000e+00
 148.847575     26.565  35.098795     8.9195     3.8085     26.342    32.9227    25.5048 0.0000e+00
 148.847581     26.948  35.096704     8.9171     3.8073     26.721    32.9226    25.5050 0.0000e+00
 148.847587     27.316  35.101158     8.9177     3.7851     27.086    32.9265    25.5080 0.0000e+00
 148.847593     27.666  35.106340     8.9161     3.7543     27.433    32.9332    25.5135 0.0000e+00
 148.847598     28.008  35.103488     8.9118     3.6921     27.772    32.9341    25.5149 0.0000e+00
 148.847604     28.354  35.096640     8.9070     3.6233     28.115    32.9312    25.5134 0.0000e+00
 148.847610     28.711  35.094027     8.9026     3.5478     28.469    32.9324    25.5150 0.0000e+00
 148.847616     29.074  35.095523     8.8957     3.4573     28.829    32.9402    25.5222 0.0000e+00
 148.847622     29.441  35.098647     8.8798     3.3887     29.193    32.9581    25.5387 0.0000e+00
 148.847627     29.809  35.101971     8.8554     3.3054     29.558    32.9841    25.5628 0.0000e+00
 148.847633     30.182  35.106009     8.8306     3.2219     29.928    33.0112    25.5879 0.0000e+00
 148.847639     30.561  35.111669     8.8073     3.1353     30.304    33.0386    25.6130 0.0000e+00
 148.847645     30.939  35.117539     8.7833     3.0453     30.678    33.0670    25.6389 0.0000e+00
 148.847650     31.317  35.122485     8.7594     2.9596     31.053    33.0943    25.6640 0.0000e+00
 148.847656     31.699  35.127506     8.7352     2.9007     31.432    33.1220    25.6894 0.0000e+00
 148.847662     32.085  35.133136     8.7095     2.8355     31.815    33.1518    25.7167 0.0000e+00
 148.847668     32.466  35.137925     8.6853     2.7761     32.193    33.1794    25.7420 0.0000e+00
 148.847674     32.835  35.141542     8.6661     2.7167     32.558    33.2010    25.7619 0.0000e+00
 148.847679     33.195  35.145448     8.6473     2.6736     32.915    33.2226    25.7817 0.0000e+00
 148.847685     33.551  35.149250     8.6264     2.6484     33.268    33.2461    25.8033 0.0000e+00
 148.847691     33.904  35.152981     8.6077     2.6219     33.618    33.2674    25.8229 0.0000e+00
 148.847697     34.252  35.158258     8.5932     2.5901     33.963    33.2865    25.8401 0.0000e+00
 148.847703     34.591  35.164278     8.5830     2.5607     34.299    33.3023    25.8540 0.0000e+00
 148.847708     34.920  35.168992     8.5747     2.5237     34.626    33.3149    25.8652 0.0000e+00
 148.847714     35.248  35.171969     8.5665     2.5078     34.951    33.3257    25.8748 0.0000e+00
 148.847720     35.584  35.174381     8.5588     2.5008     35.284    33.3353    25.8836 0.0000e+00
 148.847726     35.930  35.177207     8.5507     2.4980     35.627    33.3458    25.8930 0.0000e+00
 148.847731     36.288  35.179741     8.5420     2.4877     35.982    33.3565    25.9028 0.0000e+00
 148.847737     36.650  35.180885     8.5338     2.4792     36.341    33.3653    25.9109 0.0000e+00
 148.847743     37.010  35.180486     8.5243     2.4686     36.698    33.3737    25.9189 0.0000e+00
 148.847749     37.369  35.179133     8.5131     2.4640     37.054    33.3827    25.9277 0.0000e+00
 148.847755     37.729  35.177824     8.5020     2.4686     37.411    33.3917    25.9364 0.0000e+00
 148.847760     38.082  35.177612     8.4924     2.4597     37.761    33.4004    25.9447 0.0000e+00
 148.847766     38.420  35.178776     8.4879     2.4624     38.096    33.4057    25.9496 0.0000e+00
 148.847772     38.741  35.181192     8.4892     2.4402     38.414    33.4069    25.9503 0.0000e+00
 148.847778     39.037  35.184162     8.4915     2.4336     38.708    33.4077    25.9506 0.0000e+00
 148.847784     39.316  35.185489     8.4885     2.4250     38.984    33.4118    25.9543 0.0000e+00
 148.847789     39.600  35.183588     8.4785     2.4124     39.266    33.4191    25.9616 0.0000e+00
 148.847795     39.901  35.180411     8.4664     2.4132     39.564    33.4271    25.9697 0.0000e+00
 148.847801     40.214  35.179005     8.4565     2.4069     39.874    33.4349    25.9773 0.0000e+00
 148.847807     40.519  35.179175     8.4505     2.4120     40.177    33.4406    25.9827 0.0000e+00
 148.847813     40.795  35.179467     8.4484     2.4095     40.451    33.4428    25.9847 0.0000e+00
 148.847818     41.022  35.179710     8.4487     2.4170     40.676    33.4426    25.9845 0.0000e+00
 148.847824     41.196  35.180790     8.4507     2.4183     40.848    33.4418    25.9836 -9.990e-29
 148.847830     41.314  35.182472     8.4538     2.4160     40.965    33.4406    25.9822 -9.990e-29
 148.847836     41.379  35.183084     8.4568     2.4291     41.030    33.4384    25.9800 -9.990e-29
 148.847841     41.395  35.183447     8.4595     2.4251     41.045    33.4362    25.9778 -9.990e-29
 148.847847     41.364  35.185170     8.4612     2.4209     41.015    33.4364    25.9777 -9.990e-29
 148.847853     41.287  35.187756     8.4614     2.4206     40.938    33.4390    25.9797 -9.990e-29
 148.847859     41.173  35.189061     8.4601     2.4108     40.825    33.4416    25.9820 -9.990e-29
 148.847865     41.031  35.186912     8.4568     2.4141     40.685    33.4426    25.9832 0.0000e+00
 148.847870     40.870  35.182928     8.4529     2.4176     40.525    33.4421    25.9835 0.0000e+00
 148.847876     40.692  35.180760     8.4508     2.4190     40.348    33.4419    25.9836 0.0000e+00
 148.847882     40.499  35.180882     8.4508     2.4300     40.157    33.4421    25.9838 0.0000e+00
 148.847888     40.296  35.181223     8.4513     2.4313     39.956    33.4421    25.9837 0.0000e+00
 148.847894     40.082  35.180563     8.4516     2.4312     39.744    33.4412    25.9830 0.0000e+00
 148.847899     39.852  35.179709     8.4532     2.4444     39.516    33.4389    25.9809 0.0000e+00
 148.847905     39.601  35.179766     8.4566     2.4673     39.267    33.4359    25.9780 0.0000e+00
 148.847911     39.326  35.180255     8.4605     2.4801     38.994    33.4328    25.9750 0.0000e+00
 148.847917     39.021  35.180157     8.4638     2.4934     38.692    33.4297    25.9721 0.0000e+00
 148.847922     38.689  35.178785     8.4674     2.4993     38.363    33.4250    25.9678 0.0000e+00
 148.847928     38.351  35.176557     8.4727     2.4976     38.027    33.4178    25.9614 0.0000e+00
 148.847934     38.029  35.174990     8.4798     2.5074     37.708    33.4096    25.9538 0.0000e+00
 148.847940     37.727  35.174243     8.4871     2.5152     37.409    33.4020    25.9468 0.0000e+00
 148.847946     37.441  35.173888     8.4934     2.5171     37.125    33.3958    25.9410 0.0000e+00
 148.847951     37.159  35.174017     8.4988     2.5345     36.846    33.3909    25.9363 0.0000e+00
 148.847957     36.873  35.174249     8.5035     2.5362     36.562    33.3869    25.9324 0.0000e+00
 148.847963     36.581  35.174341     8.5086     2.5516     36.272    33.3823    25.9280 0.0000e+00
 148.847969     36.292  35.174421     8.5145     2.5633     35.986    33.3769    25.9229 0.0000e+00
 148.847975     36.002  35.174604     8.5202     2.5768     35.698    33.3718    25.9181 0.0000e+00
 148.847980     35.708  35.174582     8.5251     2.6117     35.407    33.3673    25.9138 0.0000e+00
 148.847986     35.411  35.173771     8.5298     2.6441     35.112    33.3622    25.9090 0.0000e+00
 148.847992     35.115  35.172217     8.5351     2.7092     34.819    33.3556    25.9031 0.0000e+00
