data/oxygen options/ONMS/Olympic_Coast_National_Marine_Sanctuary_CTD_Data_2005_2023/raw_data/2019/CAST_TH042_190626faed.cnv
* Sea-Bird SBE19 Data File:
* FileName = C:\2019 Mooring Data\Casts\CAST_TH042_190626.hex
* Software Version 1.59
* Temperature SN = 2997
* Conductivity SN = 2997
* System UpLoad Time = Jun 26 2019 17:21:26
** CAST_TH042_190626
* ds
# nquan = 9                                 
# nvalues = 938                         
# units = specified
# name 0 = timeJ: Julian Days
# name 1 = prSM: Pressure, Strain Gauge [db]
# name 2 = c0mS/cm: Conductivity [mS/cm]
# name 3 = t090C: Temperature [ITS-90, deg C]
# name 4 = sbeox0ML/L: Oxygen, SBE 43 [ml/l]
# name 5 = depSM: Depth [salt water, m], lat = 47.5
# name 6 = sal00: Salinity, Practical [PSU]
# name 7 = sigma-é00: Density [sigma-theta, kg/m^3]
# name 8 = flag: flag
# span 0 = 177.668507, 177.673929       
# span 1 =     -4.503,     43.805       
# span 2 =   0.457609,  38.586482       
# span 3 =     7.4190,    14.9330       
# span 4 =    -1.8915,    20.0864       
# span 5 =     -4.465,     43.435       
# span 6 =     0.2768,    33.7462       
# span 7 =    -0.6732,    26.3733       
# span 8 = 0.0000e+00, 0.0000e+00       
# interval = seconds: 0.5
# start_time = Jun 26 2019 16:02:39 [Instrument's time stamp, header]
# bad_flag = -9.990e-29
*END*
[from data line 481]
 177.671291      1.290  38.317453    13.0842    11.3882      1.279    32.4142    24.3738 -9.990e-29
 177.671296      1.299  38.331098    13.0774    11.3911      1.288    32.4328    24.3896 -9.990e-29
 177.671302      1.311  38.331139    13.0497    11.4387      1.300    32.4566    24.4134 -9.990e-29
 177.671308      1.323  38.315430    13.0138    11.4827      1.312    32.4725    24.4328 -9.990e-29
 177.671314      1.334  38.292178    12.9852    11.5207      1.323    32.4751    24.4404 -9.990e-29
 177.671319      1.342  38.265669    12.9662    11.5495      1.331    32.4663    24.4374 -9.990e-29
 177.671325      1.342  38.231892    12.9547    11.5429      1.331    32.4443    24.4225 -9.990e-29
 177.671331      1.335  38.201761    12.9573    11.5215      1.324    32.4136    24.3983 -9.990e-29
 177.671337      1.325  38.188252    12.9745    11.5046      1.314    32.3861    24.3736 -9.990e-29
 177.671343      1.315  38.195144    13.0070    11.5021      1.304    32.3648    24.3508 -9.990e-29
 177.671348      1.304  38.232139    13.0506    11.4861      1.293    32.3625    24.3404 -9.990e-29
 177.671354      1.296  38.290841    13.0927    11.4815      1.285    32.3818    24.3472 -9.990e-29
 177.671360      1.295  38.348677    13.1264    11.4680      1.284    32.4075    24.3604 -9.990e-29
 177.671366      1.301  38.384158    13.1462    11.4723      1.290    32.4240    24.3692 -9.990e-29
 177.671372      1.309  38.394150    13.1539    11.4702      1.298    32.4268    24.3699 -9.990e-29
 177.671377      1.313  38.393618    13.1589    11.4490      1.302    32.4220    24.3652 -9.990e-29
 177.671383      1.312  38.390766    13.1668    11.4490      1.301    32.4126    24.3563 -9.990e-29
 177.671389      1.314  38.383987    13.1751    11.4677      1.303    32.3992    24.3443 -9.990e-29
 177.671395      1.320  38.374276    13.1791    11.4875      1.309    32.3866    24.3338 -9.990e-29
 177.671400      1.326  38.371600    13.1797    11.4955      1.315    32.3836    24.3313 -9.990e-29
 177.671406      1.332  38.377948    13.1790    11.5047      1.321    32.3901    24.3366 -9.990e-29
 177.671412      1.334  38.386055    13.1745    11.5232      1.323    32.4016    24.3463 -9.990e-29
 177.671418      1.333  38.388203    13.1580    11.5329      1.322    32.4177    24.3620 -9.990e-29
 177.671424      1.336  38.372088    13.1315    11.5272      1.325    32.4252    24.3730 -9.990e-29
 177.671429      1.349  38.344178    13.1172    11.5097      1.338    32.4111    24.3650 -9.990e-29
 177.671435      1.368  38.337215    13.1239    11.5113      1.357    32.3988    24.3542 -9.990e-29
 177.671441      1.385  38.350822    13.1346    11.5306      1.373    32.4025    24.3549 -9.990e-29
 177.671447      1.398  38.364449    13.1390    11.5222      1.386    32.4116    24.3610 -9.990e-29
 177.671453      1.407  38.385023    13.1438    11.5172      1.395    32.4268    24.3719 -9.990e-29
 177.671458      1.413  38.411368    13.1530    11.5177      1.401    32.4437    24.3832 -9.990e-29
 177.671464      1.416  38.425921    13.1618    11.5356      1.404    32.4499    24.3862 -9.990e-29
 177.671470      1.416  38.427877    13.1684    11.5625      1.404    32.4461    24.3819 -9.990e-29
 177.671476      1.414  38.426522    13.1758    11.5578      1.402    32.4385    24.3746 -9.990e-29
 177.671481      1.409  38.427844    13.1817    11.5127      1.397    32.4347    24.3705 -9.990e-29
 177.671487      1.400  38.433000    13.1745    11.4866      1.388    32.4457    24.3804 -9.990e-29
 177.671493      1.389  38.432018    13.1545    11.4896      1.377    32.4619    24.3969 -9.990e-29
 177.671499      1.377  38.419624    13.1441    11.4820      1.366    32.4591    24.3968 -9.990e-29
 177.671505      1.368  38.407246    13.1527    11.4682      1.357    32.4401    24.3804 -9.990e-29
 177.671510      1.358  38.400728    13.1641    11.4574      1.347    32.4243    24.3659 -9.990e-29
 177.671516      1.346  38.393012    13.1640    11.4779      1.335    32.4171    24.3604 -9.990e-29
 177.671522      1.339  38.364804    13.1417    11.5048      1.328    32.4096    24.3590 -9.990e-29
 177.671528      1.342  38.305335    13.1009    11.5206      1.331    32.3885    24.3507 -9.990e-29
 177.671534      1.355  38.262396    13.0713    11.4966      1.344    32.3733    24.3448 -9.990e-29
 177.671539      1.375  38.277249    13.0616    11.4630      1.364    32.3956    24.3639 -9.990e-29
 177.671545      1.393  38.309716    13.0616    11.4502      1.381    32.4262    24.3876 -9.990e-29
 177.671551      1.407  38.317351    13.0753    11.4698      1.395    32.4216    24.3814 -9.990e-29
 177.671557      1.418  38.313647    13.0953    11.4909      1.406    32.4011    24.3615 -9.990e-29
 177.671562      1.427  38.317699    13.1047    11.5218      1.415    32.3968    24.3564 -9.990e-29
 177.671568      1.434  38.314703    13.0896    11.5477      1.422    32.4069    24.3672 -9.990e-29
 177.671574      1.439  38.288303    13.0492    11.5504      1.427    32.4166    24.3826 -9.990e-29
 177.671580      1.443  38.244138    13.0048    11.5465      1.431    32.4129    24.3884 -9.990e-29
 177.671586      1.445  38.190479    12.9755    11.5813      1.433    32.3873    24.3744 -9.990e-29
 177.671591      1.447  38.161570    12.9663    11.5896      1.435    32.3679    24.3611 -9.990e-29
 177.671597      1.449  38.188251    12.9759    11.5063      1.437    32.3849    24.3724 -9.990e-29
 177.671603      1.449  38.233803    12.9971    11.4568      1.437    32.4097    24.3875 -9.990e-29
 177.671609      1.449  38.269308    13.0214    11.4555      1.437    32.4224    24.3926 -9.990e-29
 177.671615      1.449  38.299500    13.0421    11.4548      1.437    32.4332    24.3968 -9.990e-29
 177.671620      1.448  38.315310    13.0566    11.4690      1.436    32.4357    24.3959 -9.990e-29
 177.671626      1.446  38.319852    13.0700    11.4861      1.434    32.4285    24.3877 -9.990e-29
 177.671632      1.444  38.328102    13.0788    11.5002      1.432    32.4288    24.3862 -9.990e-29
 177.671638      1.441  38.330292    13.0603    11.5134      1.429    32.4467    24.4037 -9.990e-29
 177.671644      1.437  38.279454    13.0167    11.5171      1.425    32.4360    24.4040 -9.990e-29
 177.671649      1.431  38.205767    12.9941    11.5067      1.419    32.3858    24.3696 -9.990e-29
 177.671655      1.428  38.205827    13.0074    11.5089      1.416    32.3745    24.3582 -9.990e-29
 177.671661      1.431  38.248854    13.0301    11.5323      1.419    32.3957    24.3702 -9.990e-29
 177.671667      1.437  38.273436    13.0503    11.5445      1.425    32.4016    24.3708 -9.990e-29
 177.671672      1.442  38.299988    13.0686    11.5294      1.430    32.4110    24.3745 -9.990e-29
 177.671678      1.446  38.341471    13.0873    11.4966      1.434    32.4341    24.3886 -9.990e-29
 177.671684      1.449  38.377544    13.1066    11.4610      1.437    32.4516    24.3984 -9.990e-29
 177.671690      1.451  38.390175    13.1187    11.4510      1.439    32.4531    24.3972 -9.990e-29
 177.671696      1.453  38.386640    13.1192    11.4783      1.441    32.4493    24.3942 -9.990e-29
 177.671701      1.455  38.378983    13.1078    11.5237      1.443    32.4519    24.3984 -9.990e-29
 177.671707      1.456  38.368154    13.0778    11.5498      1.444    32.4674    24.4163 -9.990e-29
 177.671713      1.457  38.348068    13.0273    11.5549      1.445    32.4917    24.4450 -9.990e-29
 177.671719      1.459  38.314859    12.9761    11.5539      1.447    32.5043    24.4648 -9.990e-29
 177.671725      1.460  38.274041    12.9445    11.5691      1.448    32.4928    24.4621 -9.990e-29
 177.671730      1.461  38.237779    12.9392    11.5819      1.449    32.4631    24.4401 -9.990e-29
 177.671736      1.463  38.221513    12.9603    11.5812      1.451    32.4296    24.4101 -9.990e-29
 177.671742      1.465  38.230943    12.9950    11.5871      1.453    32.4088    24.3872 -9.990e-29
 177.671748      1.467  38.251714    13.0193    11.6238      1.455    32.4076    24.3815 -9.990e-29
 177.671753      1.470  38.261634    13.0203    11.6115      1.458    32.4161    24.3879 -9.990e-29
 177.671759      1.474  38.255410    13.0104    11.5333      1.462    32.4187    24.3919 -9.990e-29
 177.671765      1.478  38.265025    13.0152    11.4118      1.466    32.4237    24.3948 -9.990e-29
 177.671771      1.484  38.301572    13.0409    11.3673      1.472    32.4362    24.3994 -9.990e-29
 177.671777      1.488  38.328600    13.0682    11.3556      1.476    32.4383    24.3956 -9.990e-29
 177.671782      1.484  38.336176    13.0878    11.3494      1.472    32.4287    24.3843 -9.990e-29
 177.671788      1.478  38.337161    13.0997    11.3516      1.466    32.4194    24.3749 -9.990e-29
 177.671794      1.474  38.330026    13.0914    11.3498      1.462    32.4198    24.3768 -9.990e-29
 177.671800      1.470  38.294014    13.0534    11.4012      1.458    32.4183    24.3831 -9.990e-29
 177.671806      1.467  38.188906    12.9972    11.4488      1.455    32.3673    24.3546 -9.990e-29
 177.671811      1.465  38.057085    12.9499    11.5002      1.453    32.2832    24.2988 -9.990e-29
 177.671817      1.463  38.009479    12.9169    11.5329      1.451    32.2664    24.2922 -9.990e-29
 177.671823      1.462  38.038562    12.8699    11.4844      1.450    32.3340    24.3537 -9.990e-29
 177.671829      1.461  38.057608    12.8116    11.4356      1.449    32.4020    24.4177 -9.990e-29
 177.671834      1.460  38.047162    12.7821    11.3694      1.448    32.4174    24.4354 -9.990e-29
 177.671840      1.459  38.045325    12.8001    11.3473      1.447    32.4002    24.4186 -9.990e-29
 177.671846      1.458  38.074226    12.8457    11.3738      1.446    32.3885    24.4006 -9.990e-29
 177.671852      1.457  38.116904    12.8849    11.4845      1.445    32.3953    24.3983 -9.990e-29
 177.671858      1.456  38.143974    12.9002    11.5201      1.444    32.4078    24.4050 -9.990e-29
 177.671863      1.455  38.131011    12.8792    11.4238      1.443    32.4136    24.4135 -9.990e-29
 177.671869      1.454  38.066852    12.8266    11.3560      1.442    32.3979    24.4116 -9.990e-29
 177.671875      1.453  38.000880    12.7929    11.3204      1.441    32.3643    24.3921 -9.990e-29
 177.671881      1.451  38.000214    12.8170    11.3466      1.439    32.3430    24.3710 -9.990e-29
 177.671887      1.449  38.048224    12.8736    11.4325      1.437    32.3400    24.3576 -9.990e-29
 177.671892      1.446  38.101900    12.9227    11.4788      1.434    32.3488    24.3549 -9.990e-29
 177.671898      1.447  38.154923    12.9268    11.5134      1.435    32.3954    24.3902 -9.990e-29
 177.671904      1.460  38.153628    12.8556    11.5155      1.448    32.4552    24.4504 -9.990e-29
 177.671910      1.482  38.060969    12.7823    11.5233      1.470    32.4303    24.4453 -9.990e-29
 177.671916      1.496  37.999778    12.7999    11.5406      1.484    32.3572    24.3853 -9.990e-29
 177.671921      1.496  38.046893    12.8689    11.5658      1.484    32.3427    24.3607 -9.990e-29
 177.671927      1.486  38.122253    12.9260    11.6092      1.474    32.3652    24.3669 -9.990e-29
 177.671933      1.477  38.189090    12.9585    11.5726      1.465    32.4005    24.3879 -9.990e-29
 177.671939      1.479  38.243525    12.9692    11.5060      1.467    32.4428    24.4186 -9.990e-29
 177.671944      1.486  38.251130    12.9836    11.4852      1.474    32.4376    24.4117 -9.990e-29
 177.671950      1.490  38.238806    13.0139    11.4765      1.478    32.4001    24.3767 -9.990e-29
 177.671956      1.488  38.253358    13.0455    11.4773      1.476    32.3868    24.3602 -9.990e-29
 177.671962      1.483  38.288940    13.0648    11.5291      1.471    32.4038    24.3696 -9.990e-29
 177.671968      1.480  38.317906    13.0603    11.5232      1.468    32.4350    24.3946 -9.990e-29
 177.671973      1.479  38.317791    13.0152    11.4508      1.467    32.4735    24.4333 -9.990e-29
 177.671979      1.479  38.271597    12.9444    11.4211      1.467    32.4906    24.4604 -9.990e-29
 177.671985      1.476  38.206736    12.9108    11.4180      1.464    32.4581    24.4418 -9.990e-29
 177.671991      1.469  38.201333    12.9292    11.4079      1.457    32.4372    24.4221 -9.990e-29
 177.671997      1.468  38.249237    12.9570    11.4365      1.456    32.4586    24.4332 -9.990e-29
 177.672002      1.471  38.280972    12.9750    11.4585      1.459    32.4732    24.4410 -9.990e-29
 177.672008      1.476  38.285241    12.9817    11.4805      1.464    32.4715    24.4383 -9.990e-29
 177.672014      1.481  38.269941    12.9696    11.5169      1.469    32.4674    24.4375 -9.990e-29
 177.672020      1.488  38.213096    12.9475    11.5229      1.476    32.4326    24.4149 -9.990e-29
 177.672025      1.493  38.145206    12.9345    11.5250      1.481    32.3796    24.3764 -9.990e-29
 177.672031      1.491  38.135997    12.9248    11.5053      1.479    32.3792    24.3780 -9.990e-29
 177.672037      1.487  38.152918    12.9116    11.4893      1.475    32.4065    24.4017 -9.990e-29
 177.672043      1.485  38.153461    12.9068    11.5050      1.473    32.4111    24.4062 -9.990e-29
 177.672049      1.485  38.161207    12.9104    11.4971      1.473    32.4154    24.4088 -9.990e-29
 177.672054      1.486  38.177976    12.9166    11.5057      1.474    32.4259    24.4158 -9.990e-29
 177.672060      1.489  38.192420    12.9233    11.5191      1.477    32.4338    24.4206 -9.990e-29
 177.672066      1.494  38.201850    12.9250    11.5124      1.482    32.4413    24.4260 -9.990e-29
 177.672072      1.501  38.202497    12.9255    11.5252      1.488    32.4415    24.4261 -9.990e-29
 177.672078      1.511  38.199042    12.9283    11.5531      1.498    32.4358    24.4211 -9.990e-29
 177.672083      1.520  38.200217    12.9316    11.5877      1.507    32.4341    24.4192 -9.990e-29
 177.672089      1.525  38.214766    12.9410    11.6065      1.512    32.4398    24.4217 -9.990e-29
 177.672095      1.530  38.233980    12.9557    11.5852      1.517    32.4453    24.4232 -9.990e-29
 177.672101      1.534  38.234647    12.9670    11.5414      1.521    32.4363    24.4139 -9.990e-29
 177.672106      1.535  38.227635    12.9772    11.5274      1.522    32.4209    24.4001 -9.990e-29
 177.672112      1.537  38.235422    12.9952    11.5194      1.524    32.4128    24.3903 -9.990e-29
 177.672118      1.540  38.258206    13.0252    11.5072      1.527    32.4087    24.3812 -9.990e-29
 177.672124      1.539  38.299378    13.0639    11.5089      1.526    32.4144    24.3780 -9.990e-29
 177.672130      1.539  38.348200    13.0977    11.5173      1.526    32.4315    24.3846 -9.990e-29
 177.672135      1.544  38.374454    13.1159    11.5359      1.531    32.4407    24.3881 -9.990e-29
 177.672141      1.551  38.377201    13.1229    11.5594      1.538    32.4373    24.3841 -9.990e-29
 177.672147      1.550  38.375690    13.1272    11.5464      1.537    32.4322    24.3793 -9.990e-29
 177.672153      1.543  38.376767    13.1296    11.5182      1.530    32.4311    24.3780 -9.990e-29
 177.672159      1.536  38.375603    13.1278    11.5099      1.523    32.4316    24.3787 -9.990e-29
 177.672164      1.535  38.364381    13.1249    11.5038      1.522    32.4235    24.3730 -9.990e-29
 177.672170      1.534  38.348759    13.1260    11.5103      1.521    32.4078    24.3607 -9.990e-29
 177.672176      1.529  38.344771    13.1280    11.5342      1.516    32.4024    24.3561 -9.990e-29
 177.672182      1.525  38.350356    13.1226    11.5454      1.512    32.4123    24.3648 -9.990e-29
 177.672188      1.524  38.345971    13.1075    11.5509      1.511    32.4210    24.3746 -9.990e-29
 177.672193      1.528  38.326787    13.0921    11.5386      1.515    32.4161    24.3738 -9.990e-29
 177.672199      1.533  38.305209    13.0875    11.5295      1.520    32.3997    24.3620 -9.990e-29
 177.672205      1.533  38.298288    13.0903    11.5302      1.520    32.3908    24.3546 -9.990e-29
