data/oxygen options/ONMS/Olympic_Coast_National_Marine_Sanctuary_CTD_Data_2005_2023/raw_data/2019/CAST_CA042_191002faed.cnv
* Sea-Bird SBE 19 Data File:
* FileName = C:\2019 Mooring Data\Casts\CAST_CA042_191002.hex
* Software Version SeatermAF 2.1.2
* Temperature SN = 2997
* Conductivity SN = 2997
* System UpLoad Time = Oct 02 2019 20:15:13 (localtime) = Oct 02 2019 20:15:13 (UTC)
** CAST_CA042_191002
* ds
# nquan = 9                                 
# nvalues = 1053                        
# units = specified
# name 0 = timeJ: Julian Days
# name 1 = prSM: Pressure, Strain Gauge [db]
# name 2 = c0mS/cm: Conductivity [mS/cm]
# name 3 = t090C: Temperature [ITS-90, deg C]
# name 4 = sbeox0ML/L: Oxygen, SBE 43 [ml/l]
# name 5 = depSM: Depth [salt water, m], lat = 47.5
# name 6 = sal00: Salinity, Practical [PSU]
# name 7 = sigma-é00: Density [sigma-theta, kg/m^3]
# name 8 = flag: flag
# span 0 = 275.792245, 275.798333       
# span 1 =     -4.696,     42.608       
# span 2 =   0.422840,  37.027963       
# span 3 =     8.8872,    12.9807       
# span 4 =    -1.9706,    12.2484       
# span 5 =     -4.657,     42.248       
# span 6 =     0.2686,    33.2454       
# span 7 =    -0.3862,    25.7614       
# span 8 = 0.0000e+00, 0.0000e+00       
# interval = seconds: 0.5
# start_time = Oct 02 2019 19:00:50 [Instrument's time stamp, header]
# bad_flag = -9.990e-29
*END*
[from data line 801]
 275.796881     21.128  36.570775    11.3551     5.4158     20.951    32.2215    24.5500 0.0000e+00
 275.796887     21.372  36.574302    11.3544     5.3590     21.193    32.2254    24.5532 0.0000e+00
 275.796892     21.618  36.579611    11.3534     5.3034     21.436    32.2314    24.5580 0.0000e+00
 275.796898     21.869  36.584793    11.3490     5.2561     21.685    32.2402    24.5657 0.0000e+00
 275.796904     22.121  36.585527    11.3344     5.2226     21.935    32.2536    24.5787 0.0000e+00
 275.796910     22.371  36.574926    11.3054     5.2012     22.183    32.2684    24.5954 0.0000e+00
 275.796916     22.623  36.550027    11.2693     5.1812     22.433    32.2755    24.6074 0.0000e+00
 275.796921     22.876  36.520719    11.2387     5.1650     22.684    32.2734    24.6112 0.0000e+00
 275.796927     23.133  36.501091    11.2171     5.1677     22.939    32.2729    24.6147 0.0000e+00
 275.796933     23.394  36.491257    11.2004     5.1698     23.197    32.2777    24.6214 0.0000e+00
 275.796939     23.648  36.484232    11.1863     5.1584     23.449    32.2831    24.6281 0.0000e+00
 275.796944     23.892  36.478456    11.1773     5.1544     23.691    32.2852    24.6313 0.0000e+00
 275.796950     24.123  36.475717    11.1748     5.1339     23.920    32.2846    24.6313 0.0000e+00
 275.796956     24.343  36.476814    11.1748     5.1055     24.138    32.2856    24.6321 0.0000e+00
 275.796962     24.561  36.478701    11.1713     5.0974     24.355    32.2904    24.6365 0.0000e+00
 275.796968     24.793  36.477146    11.1607     5.0755     24.585    32.2981    24.6443 0.0000e+00
 275.796973     25.043  36.471169    11.1454     5.0433     24.832    32.3055    24.6528 0.0000e+00
 275.796979     25.307  36.463414    11.1324     5.0001     25.094    32.3092    24.6580 0.0000e+00
 275.796985     25.575  36.456391    11.1248     4.9744     25.360    32.3088    24.6590 0.0000e+00
 275.796991     25.839  36.450222    11.1167     4.9447     25.622    32.3097    24.6612 0.0000e+00
 275.796997     26.098  36.442811    11.0987     4.9252     25.879    32.3181    24.6709 0.0000e+00
 275.797002     26.361  36.431526    11.0687     4.8980     26.139    32.3333    24.6880 0.0000e+00
 275.797008     26.630  36.416414    11.0367     4.8443     26.406    32.3464    24.7039 0.0000e+00
 275.797014     26.903  36.401933    11.0136     4.7615     26.677    32.3523    24.7125 0.0000e+00
 275.797020     27.170  36.393381    11.0016     4.6634     26.941    32.3543    24.7162 0.0000e+00
 275.797025     27.428  36.390521    10.9948     4.5485     27.197    32.3574    24.7198 0.0000e+00
 275.797031     27.679  36.388386    10.9792     4.4512     27.446    32.3689    24.7315 0.0000e+00
 275.797037     27.931  36.380741    10.9396     4.3742     27.696    32.3962    24.7597 0.0000e+00
 275.797043     28.192  36.362408    10.8759     4.3037     27.955    32.4342    24.8005 0.0000e+00
 275.797049     28.465  36.334672    10.8011     4.2561     28.225    32.4729    24.8436 0.0000e+00
 275.797054     28.746  36.302515    10.7240     4.2193     28.504    32.5093    24.8853 0.0000e+00
 275.797060     29.028  36.268382    10.6514     4.1826     28.784    32.5398    24.9216 0.0000e+00
 275.797066     29.302  36.235998    10.5924     4.1514     29.055    32.5599    24.9475 0.0000e+00
 275.797072     29.565  36.209742    10.5489     4.1267     29.316    32.5724    24.9647 0.0000e+00
 275.797078     29.816  36.187603    10.5177     4.0916     29.565    32.5780    24.9745 0.0000e+00
 275.797083     30.059  36.166342    10.4973     4.0532     29.806    32.5749    24.9755 0.0000e+00
 275.797089     30.300  36.148938    10.4785     4.0381     30.045    32.5742    24.9782 0.0000e+00
 275.797095     30.545  36.136229    10.4431     4.0254     30.288    32.5930    24.9989 0.0000e+00
 275.797101     30.803  36.122441    10.3910     4.0087     30.544    32.6258    25.0333 0.0000e+00
 275.797106     31.072  36.105960    10.3421     4.0110     30.810    32.6530    25.0629 0.0000e+00
 275.797112     31.344  36.091659    10.3086     3.9847     31.080    32.6686    25.0807 0.0000e+00
 275.797118     31.614  36.081709    10.2894     3.9549     31.348    32.6758    25.0896 0.0000e+00
 275.797124     31.882  36.075683    10.2774     3.9285     31.613    32.6804    25.0952 0.0000e+00
 275.797130     32.150  36.071675    10.2664     3.8879     31.879    32.6862    25.1015 0.0000e+00
 275.797135     32.415  36.067115    10.2523     3.8655     32.142    32.6941    25.1102 0.0000e+00
 275.797141     32.679  36.061508    10.2314     3.8442     32.404    32.7072    25.1239 0.0000e+00
 275.797147     32.940  36.054091    10.2049     3.8218     32.662    32.7235    25.1411 0.0000e+00
 275.797153     33.198  36.044496    10.1799     3.8014     32.918    32.7363    25.1553 0.0000e+00
 275.797159     33.449  36.035611    10.1634     3.7937     33.167    32.7421    25.1626 0.0000e+00
 275.797164     33.686  36.030709    10.1561     3.7437     33.402    32.7437    25.1650 0.0000e+00
 275.797170     33.913  36.028859    10.1550     3.6959     33.627    32.7427    25.1645 0.0000e+00
 275.797176     34.134  36.027600    10.1575     3.6321     33.846    32.7391    25.1612 0.0000e+00
 275.797182     34.355  36.026379    10.1550     3.5537     34.065    32.7400    25.1624 0.0000e+00
 275.797188     34.578  36.024138    10.1372     3.4979     34.287    32.7537    25.1761 0.0000e+00
 275.797193     34.804  36.017338    10.1037     3.4562     34.511    32.7771    25.1999 0.0000e+00
 275.797199     35.039  36.002521    10.0583     3.4199     34.744    32.8031    25.2278 0.0000e+00
 275.797205     35.284  35.980095    10.0026     3.4081     34.987    32.8308    25.2587 0.0000e+00
 275.797211     35.539  35.955440     9.9441     3.4021     35.239    32.8589    25.2904 0.0000e+00
 275.797216     35.797  35.933760     9.8971     3.3885     35.495    32.8796    25.3143 0.0000e+00
 275.797222     36.050  35.917503     9.8714     3.3915     35.746    32.8863    25.3238 0.0000e+00
 275.797228     36.292  35.909068     9.8630     3.3759     35.986    32.8853    25.3244 0.0000e+00
 275.797234     36.526  35.904487     9.8549     3.3466     36.218    32.8879    25.3278 0.0000e+00
 275.797240     36.759  35.895416     9.8329     3.3141     36.449    32.8987    25.3398 0.0000e+00
 275.797245     36.996  35.883207     9.8001     3.2610     36.684    32.9161    25.3588 0.0000e+00
 275.797251     37.240  35.870069     9.7659     3.1856     36.926    32.9338    25.3783 0.0000e+00
 275.797257     37.484  35.852486     9.7329     3.1222     37.168    32.9460    25.3932 0.0000e+00
 275.797263     37.724  35.831095     9.6941     3.0591     37.406    32.9595    25.4102 0.0000e+00
 275.797269     37.960  35.802573     9.6281     3.0088     37.640    32.9908    25.4454 0.0000e+00
 275.797274     38.201  35.750174     9.5265     2.9799     37.879    33.0304    25.4928 0.0000e+00
 275.797280     38.443  35.676828     9.4193     2.9564     38.119    33.0537    25.5284 0.0000e+00
 275.797286     38.681  35.615762     9.3353     2.9302     38.355    33.0683    25.5533 0.0000e+00
 275.797292     38.918  35.579609     9.2747     2.9140     38.590    33.0869    25.5775 0.0000e+00
 275.797297     39.150  35.556547     9.2317     2.8838     38.820    33.1029    25.5968 0.0000e+00
 275.797303     39.372  35.539340     9.2059     2.8574     39.040    33.1089    25.6056 0.0000e+00
 275.797309     39.585  35.526321     9.1909     2.8317     39.251    33.1092    25.6083 0.0000e+00
 275.797315     39.794  35.514130     9.1689     2.8009     39.458    33.1169    25.6178 0.0000e+00
 275.797321     40.003  35.497716     9.1310     2.7797     39.665    33.1350    25.6380 0.0000e+00
 275.797326     40.217  35.476476     9.0856     2.7732     39.877    33.1551    25.6609 0.0000e+00
 275.797332     40.436  35.454013     9.0426     2.7699     40.095    33.1718    25.6807 0.0000e+00
 275.797338     40.659  35.435090     9.0049     2.7643     40.316    33.1871    25.6986 0.0000e+00
 275.797344     40.885  35.420232     8.9739     2.7749     40.540    33.2005    25.7140 0.0000e+00
 275.797350     41.113  35.408667     8.9523     2.7598     40.766    33.2085    25.7236 0.0000e+00
 275.797355     41.330  35.402333     8.9412     2.7545     40.981    33.2122    25.7282 0.0000e+00
 275.797361     41.530  35.401186     8.9388     2.7550     41.179    33.2132    25.7294 0.0000e+00
 275.797367     41.708  35.403702     8.9389     2.7290     41.356    33.2156    25.7313 0.0000e+00
 275.797373     41.863  35.406521     8.9338     2.7282     41.509    33.2233    25.7380 0.0000e+00
 275.797378     42.000  35.406133     8.9215     2.7234     41.645    33.2343    25.7486 -9.990e-29
 275.797384     42.124  35.402030     8.9079     2.7123     41.768    33.2427    25.7573 -9.990e-29
 275.797390     42.237  35.394908     8.8970     2.7194     41.880    33.2454    25.7611 -9.990e-29
 275.797396     42.348  35.387033     8.8894     2.7211     41.990    33.2443    25.7614 -9.990e-29
 275.797402     42.454  35.381352     8.8872     2.7167     42.095    33.2403    25.7587 -9.990e-29
 275.797407     42.542  35.380935     8.8898     2.7333     42.183    33.2374    25.7560 -9.990e-29
 275.797413     42.595  35.385232     8.8941     2.7325     42.235    33.2379    25.7557 -9.990e-29
 275.797419     42.608  35.389900     8.8980     2.7376     42.248    33.2391    25.7560 -9.990e-29
 275.797425     42.582  35.393335     8.9006     2.7504     42.222    33.2402    25.7565 -9.990e-29
 275.797431     42.515  35.396206     8.9047     2.7497     42.156    33.2394    25.7553 -9.990e-29
 275.797436     42.408  35.400110     8.9136     2.7595     42.050    33.2352    25.7506 -9.990e-29
 275.797442     42.266  35.405224     8.9226     2.7647     41.909    33.2322    25.7468 0.0000e+00
 275.797448     42.098  35.408859     8.9251     2.7687     41.742    33.2337    25.7476 0.0000e+00
 275.797454     41.909  35.409714     8.9234     2.7744     41.555    33.2363    25.7499 0.0000e+00
 275.797459     41.705  35.408383     8.9227     2.7842     41.353    33.2357    25.7495 0.0000e+00
 275.797465     41.491  35.405900     8.9245     2.7944     41.141    33.2315    25.7459 0.0000e+00
 275.797471     41.269  35.404003     8.9283     2.8112     40.920    33.2260    25.7411 0.0000e+00
 275.797477     41.039  35.403531     8.9344     2.8368     40.692    33.2199    25.7354 0.0000e+00
 275.797483     40.794  35.404426     8.9465     2.8594     40.450    33.2097    25.7254 0.0000e+00
 275.797488     40.531  35.407893     8.9685     2.9017     40.189    33.1929    25.7088 0.0000e+00
 275.797494     40.256  35.414644     8.9983     2.9356     39.916    33.1722    25.6880 0.0000e+00
 275.797500     39.976  35.423616     9.0292     2.9783     39.639    33.1528    25.6680 0.0000e+00
 275.797506     39.700  35.435027     9.0607     3.0340     39.365    33.1355    25.6494 0.0000e+00
 275.797512     39.431  35.452350     9.0987     3.0875     39.098    33.1182    25.6299 0.0000e+00
 275.797517     39.165  35.474062     9.1475     3.1567     38.834    33.0955    25.6045 0.0000e+00
 275.797523     38.898  35.494412     9.2027     3.2198     38.570    33.0655    25.5722 0.0000e+00
 275.797529     38.630  35.514794     9.2562     3.2608     38.304    33.0372    25.5416 0.0000e+00
 275.797535     38.362  35.538327     9.3108     3.3012     38.038    33.0112    25.5125 0.0000e+00
 275.797541     38.097  35.573452     9.3789     3.3461     37.776    32.9847    25.4809 0.0000e+00
 275.797546     37.840  35.627267     9.4640     3.3586     37.521    32.9618    25.4493 0.0000e+00
 275.797552     37.583  35.679158     9.5534     3.3863     37.266    32.9330    25.4124 0.0000e+00
 275.797558     37.315  35.711546     9.6304     3.4066     37.000    32.8958    25.3707 0.0000e+00
 275.797564     37.035  35.736843     9.6849     3.4188     36.723    32.8719    25.3432 0.0000e+00
 275.797569     36.752  35.761927     9.7188     3.4605     36.442    32.8667    25.3336 0.0000e+00
 275.797575     36.468  35.784433     9.7422     3.4916     36.160    32.8684    25.3311 0.0000e+00
 275.797581     36.184  35.808071     9.7665     3.5350     35.879    32.8705    25.3287 0.0000e+00
 275.797587     35.901  35.834696     9.7956     3.6051     35.598    32.8712    25.3245 0.0000e+00
 275.797593     35.624  35.860628     9.8262     3.6706     35.324    32.8698    25.3184 0.0000e+00
 275.797598     35.343  35.877901     9.8635     3.7316     35.045    32.8535    25.2995 0.0000e+00
 275.797604     35.050  35.888284     9.9135     3.8039     34.755    32.8187    25.2641 0.0000e+00
 275.797610     34.747  35.902833     9.9645     3.8420     34.454    32.7873    25.2311 0.0000e+00
 275.797616     34.440  35.923605    10.0056     3.8754     34.150    32.7712    25.2117 0.0000e+00
 275.797622     34.140  35.946959    10.0415     3.9131     33.852    32.7625    25.1989 0.0000e+00
 275.797627     33.858  35.969338    10.0768     3.9133     33.573    32.7533    25.1858 0.0000e+00
 275.797633     33.593  35.987002    10.1075     3.9467     33.310    32.7435    25.1730 0.0000e+00
 275.797639     33.332  35.997199    10.1307     3.9669     33.051    32.7329    25.1609 0.0000e+00
 275.797645     33.063  36.001222    10.1496     3.9779     32.784    32.7200    25.1477 0.0000e+00
 275.797650     32.783  36.004450    10.1665     4.0163     32.507    32.7082    25.1355 0.0000e+00
 275.797656     32.490  36.008403    10.1833     4.0431     32.216    32.6971    25.1241 0.0000e+00
 275.797662     32.186  36.012203    10.2021     4.0716     31.915    32.6841    25.1108 0.0000e+00
 275.797668     31.879  36.017572    10.2239     4.1239     31.610    32.6700    25.0961 0.0000e+00
 275.797674     31.575  36.026641    10.2504     4.1535     31.309    32.6554    25.0803 0.0000e+00
 275.797679     31.280  36.040879    10.2815     4.1926     31.017    32.6419    25.0645 0.0000e+00
 275.797685     30.996  36.059123    10.3110     4.2601     30.735    32.6339    25.0532 0.0000e+00
 275.797691     30.718  36.072679    10.3346     4.3121     30.459    32.6264    25.0434 0.0000e+00
 275.797697     30.438  36.077797    10.3630     4.3751     30.182    32.6062    25.0228 0.0000e+00
 275.797703     30.150  36.084116    10.4065     4.4472     29.896    32.5737    24.9901 0.0000e+00
 275.797708     29.854  36.097275    10.4636     4.4860     29.603    32.5359    24.9509 0.0000e+00
 275.797714     29.546  36.116353    10.5309     4.5246     29.297    32.4951    24.9076 0.0000e+00
 275.797720     29.226  36.139927    10.6037     4.5654     28.980    32.4539    24.8630 0.0000e+00
 275.797726     28.898  36.165293    10.6734     4.6145     28.655    32.4174    24.8226 0.0000e+00
 275.797731     28.576  36.189897    10.7300     4.7020     28.336    32.3919    24.7929 0.0000e+00
 275.797737     28.265  36.208491    10.7715     4.7888     28.027    32.3738    24.7716 0.0000e+00
 275.797743     27.963  36.219573    10.8030     4.8721     27.728    32.3571    24.7531 0.0000e+00
 275.797749     27.662  36.228418    10.8287     4.9469     27.429    32.3433    24.7379 0.0000e+00
 275.797755     27.353  36.242355    10.8579     5.0044     27.123    32.3314    24.7236 0.0000e+00
 275.797760     27.028  36.261500    10.9008     5.0562     26.801    32.3127    24.7015 0.0000e+00
 275.797766     26.689  36.280598    10.9518     5.1094     26.465    32.2868    24.6724 0.0000e+00
 275.797772     26.340  36.302726    10.9986     5.1365     26.119    32.2677    24.6493 0.0000e+00
 275.797778     25.983  36.326051    11.0355     5.1509     25.765    32.2585    24.6357 0.0000e+00
 275.797784     25.627  36.344174    11.0604     5.1562     25.412    32.2547    24.6283 0.0000e+00
 275.797789     25.283  36.361678    11.0732     5.1338     25.070    32.2609    24.6308 0.0000e+00
 275.797795     24.959  36.384561    11.0838     5.1371     24.749    32.2743    24.6394 0.0000e+00
