data/oxygen options/ONMS/Olympic_Coast_National_Marine_Sanctuary_CTD_Data_2005_2023/raw_data/2019/CAST_MB015_190730faed.cnv
* Sea-Bird SBE 19 Data File:
* FileName = C:\2018 Mooring Data\Casts\CAST_MB015_190730.hex
* Software Version SeatermAF 2.1.2
* Temperature SN = 2997
* Conductivity SN = 2997
* System UpLoad Time = Jul 30 2019 19:26:28 (localtime) = Jul 30 2019 19:26:28 (UTC)
** CAST_MB015_190730
* ds
# nquan = 9                                 
# nvalues = 1858                        
# units = specified
# name 0 = timeJ: Julian Days
# name 1 = prSM: Pressure, Strain Gauge [db]
# name 2 = c0mS/cm: Conductivity [mS/cm]
# name 3 = t090C: Temperature [ITS-90, deg C]
# name 4 = sbeox0ML/L: Oxygen, SBE 43 [ml/l]
# name 5 = depSM: Depth [salt water, m], lat = 47.5
# name 6 = sal00: Salinity, Practical [PSU]
# name 7 = sigma-é00: Density [sigma-theta, kg/m^3]
# name 8 = flag: flag
# span 0 = 211.769560, 211.780307       
# span 1 =     -1.980,     13.502       
# span 2 =   0.073309,  41.034552       
# span 3 =     9.2007,    18.7272       
# span 4 =    -1.8159,    12.0149       
# span 5 =     -1.963,     13.389       
# span 6 =     0.0430,    33.4461       
# span 7 =    -1.5075,    25.8554       
# span 8 = 0.0000e+00, 0.0000e+00       
# interval = seconds: 0.5
# start_time = Jul 30 2019 18:28:10 [Instrument's time stamp, header]
# bad_flag = -9.990e-29
*END*
[from data line 1441]
 211.777899      7.166  38.031252    12.2508     3.9306      7.106    32.8612    24.8813 0.0000e+00
 211.777905      7.340  37.868966    12.0519     3.7611      7.279    32.8796    24.9331 0.0000e+00
 211.777911      7.515  37.710272    11.8051     3.6502      7.452    32.9438    25.0289 0.0000e+00
 211.777917      7.693  37.508759    11.5228     3.5912      7.629    32.9980    25.1229 0.0000e+00
 211.777922      7.875  37.263730    11.2139     3.5643      7.809    33.0334    25.2063 0.0000e+00
 211.777928      8.053  37.005822    10.8955     3.5711      7.986    33.0643    25.2871 0.0000e+00
 211.777934      8.227  36.774144    10.6027     3.5930      8.158    33.0981    25.3646 0.0000e+00
 211.777940      8.402  36.606267    10.3606     3.6205      8.332    33.1497    25.4465 0.0000e+00
 211.777946      8.582  36.513719    10.1963     3.6405      8.510    33.2065    25.5188 0.0000e+00
 211.777951      8.757  36.471618    10.1158     3.6166      8.684    33.2376    25.5567 0.0000e+00
 211.777957      8.917  36.453478    10.0945     3.5776      8.842    33.2387    25.5611 0.0000e+00
 211.777963      9.058  36.456938    10.1018     3.4937      8.982    33.2355    25.5574 0.0000e+00
 211.777969      9.190  36.474299    10.1167     3.4071      9.113    33.2393    25.5579 0.0000e+00
 211.777975      9.329  36.484495    10.1153     3.3142      9.251    33.2509    25.5671 0.0000e+00
 211.777980      9.485  36.464746    10.0659     3.2438      9.406    33.2762    25.5952 0.0000e+00
 211.777986      9.654  36.403300     9.9769     3.2109      9.573    33.2957    25.6253 0.0000e+00
 211.777992      9.831  36.309514     9.8722     3.2063      9.749    33.2967    25.6436 0.0000e+00
 211.777998     10.009  36.183764     9.7525     3.2156      9.925    33.2789    25.6495 0.0000e+00
 211.778003     10.182  36.052107     9.6179     3.2252     10.097    33.2685    25.6635 0.0000e+00
 211.778009     10.349  35.972469     9.4889     3.2395     10.262    33.3063    25.7141 0.0000e+00
 211.778015     10.512  35.948400     9.3901     3.2435     10.424    33.3735    25.7826 0.0000e+00
 211.778021     10.672  35.941081     9.3268     3.2564     10.583    33.4250    25.8331 0.0000e+00
 211.778027     10.831  35.928990     9.2908     3.2617     10.740    33.4461    25.8554 0.0000e+00
 211.778032     10.986  35.907760     9.2727     3.2664     10.894    33.4410    25.8543 0.0000e+00
 211.778038     11.135  35.876526     9.2615     3.2544     11.042    33.4191    25.8390 0.0000e+00
 211.778044     11.283  35.841803     9.2487     3.2566     11.189    33.3950    25.8222 0.0000e+00
 211.778050     11.434  35.818331     9.2354     3.2396     11.338    33.3831    25.8150 0.0000e+00
 211.778056     11.585  35.810663     9.2255     3.2320     11.488    33.3844    25.8175 0.0000e+00
 211.778061     11.734  35.811945     9.2188     3.2296     11.636    33.3919    25.8245 0.0000e+00
 211.778067     11.885  35.808785     9.2139     3.2356     11.785    33.3931    25.8263 0.0000e+00
 211.778073     12.044  35.796424     9.2106     3.2229     11.943    33.3833    25.8191 0.0000e+00
 211.778079     12.207  35.787508     9.2123     3.2178     12.105    33.3724    25.8103 0.0000e+00
 211.778084     12.365  35.786403     9.2203     3.2077     12.261    33.3637    25.8022 0.0000e+00
 211.778090     12.505  35.789409     9.2272     3.2097     12.400    33.3603    25.7985 -9.990e-29
 211.778096     12.627  35.792711     9.2261     3.2177     12.521    33.3647    25.8021 -9.990e-29
 211.778102     12.741  35.791772     9.2205     3.2305     12.634    33.3689    25.8063 -9.990e-29
 211.778108     12.848  35.787038     9.2150     3.2255     12.740    33.3691    25.8073 -9.990e-29
 211.778113     12.943  35.782850     9.2128     3.2238     12.835    33.3668    25.8058 -9.990e-29
 211.778119     13.018  35.783155     9.2166     3.2250     12.909    33.3635    25.8027 -9.990e-29
 211.778125     13.079  35.787256     9.2250     3.2175     12.969    33.3599    25.7985 -9.990e-29
 211.778131     13.133  35.791117     9.2355     3.2309     13.023    33.3540    25.7923 -9.990e-29
 211.778137     13.180  35.794306     9.2454     3.2192     13.070    33.3481    25.7860 -9.990e-29
 211.778142     13.219  35.798854     9.2545     3.2260     13.108    33.3442    25.7816 -9.990e-29
 211.778148     13.252  35.808043     9.2628     3.2222     13.141    33.3460    25.7816 -9.990e-29
 211.778154     13.281  35.813991     9.2636     3.2207     13.170    33.3514    25.7857 -9.990e-29
 211.778160     13.312  35.803933     9.2568     3.2180     13.200    33.3473    25.7836 -9.990e-29
 211.778166     13.351  35.791347     9.2513     3.2218     13.239    33.3394    25.7783 -9.990e-29
 211.778171     13.397  35.790261     9.2496     3.2117     13.285    33.3398    25.7789 -9.990e-29
 211.778177     13.444  35.796444     9.2469     3.2172     13.331    33.3488    25.7863 -9.990e-29
 211.778183     13.483  35.803039     9.2388     3.2056     13.370    33.3631    25.7989 -9.990e-29
 211.778189     13.502  35.802618     9.2252     3.2169     13.389    33.3754    25.8106 -9.990e-29
 211.778194     13.499  35.794636     9.2118     3.2102     13.386    33.3797    25.8161 -9.990e-29
 211.778200     13.477  35.786383     9.2036     3.2146     13.364    33.3788    25.8167 -9.990e-29
 211.778206     13.445  35.781982     9.2007     3.2126     13.332    33.3770    25.8158 -9.990e-29
 211.778212     13.403  35.780618     9.2014     3.2077     13.291    33.3749    25.8140 -9.990e-29
 211.778218     13.351  35.781608     9.2043     3.2130     13.239    33.3733    25.8123 -9.990e-29
 211.778223     13.284  35.784609     9.2087     3.2185     13.173    33.3723    25.8108 -9.990e-29
 211.778229     13.201  35.786922     9.2130     3.2380     13.090    33.3707    25.8089 -9.990e-29
 211.778235     13.112  35.785489     9.2154     3.2339     13.002    33.3670    25.8056 -9.990e-29
 211.778241     13.023  35.782339     9.2161     3.2303     12.914    33.3631    25.8025 -9.990e-29
 211.778247     12.932  35.782246     9.2159     3.2239     12.824    33.3633    25.8026 -9.990e-29
 211.778252     12.839  35.785664     9.2151     3.2190     12.731    33.3676    25.8061 -9.990e-29
 211.778258     12.750  35.787091     9.2142     3.2293     12.643    33.3700    25.8081 -9.990e-29
 211.778264     12.672  35.781728     9.2128     3.2308     12.566    33.3657    25.8050 -9.990e-29
 211.778270     12.604  35.773080     9.2114     3.2303     12.498    33.3581    25.7993 -9.990e-29
 211.778275     12.539  35.769226     9.2118     3.2357     12.434    33.3538    25.7958 -9.990e-29
 211.778281     12.463  35.771762     9.2134     3.2337     12.359    33.3549    25.7965 -9.990e-29
 211.778287     12.371  35.776249     9.2148     3.2478     12.267    33.3583    25.7989 -9.990e-29
 211.778293     12.270  35.779167     9.2154     3.2345     12.167    33.3608    25.8008 -9.990e-29
 211.778299     12.172  35.778826     9.2148     3.2420     12.070    33.3611    25.8011 -9.990e-29
 211.778304     12.083  35.774791     9.2143     3.2345     11.982    33.3574    25.7983 -9.990e-29
 211.778310     11.997  35.770657     9.2158     3.2368     11.897    33.3518    25.7936 -9.990e-29
 211.778316     11.904  35.771566     9.2186     3.2346     11.804    33.3501    25.7919 -9.990e-29
 211.778322     11.803  35.776505     9.2220     3.2344     11.704    33.3521    25.7929 -9.990e-29
 211.778328     11.700  35.781440     9.2262     3.2289     11.602    33.3534    25.7932 -9.990e-29
 211.778333     11.606  35.785692     9.2312     3.2230     11.509    33.3531    25.7922 -9.990e-29
 211.778339     11.523  35.789909     9.2365     3.2153     11.427    33.3526    25.7909 -9.990e-29
 211.778345     11.446  35.794694     9.2414     3.2110     11.350    33.3530    25.7905 -9.990e-29
 211.778351     11.370  35.799727     9.2460     3.1971     11.275    33.3539    25.7905 -9.990e-29
 211.778356     11.295  35.802780     9.2499     3.1926     11.200    33.3535    25.7895 -9.990e-29
 211.778362     11.225  35.802900     9.2525     3.1618     11.131    33.3512    25.7873 -9.990e-29
 211.778368     11.158  35.801946     9.2563     3.1663     11.065    33.3467    25.7832 -9.990e-29
 211.778374     11.088  35.803701     9.2658     3.1782     10.995    33.3397    25.7762 -9.990e-29
 211.778380     11.004  35.811082     9.2844     3.2003     10.912    33.3300    25.7656 -9.990e-29
 211.778385     10.910  35.824428     9.3107     3.2609     10.819    33.3193    25.7530 -9.990e-29
 211.778391     10.818  35.841960     9.3398     3.3102     10.727    33.3103    25.7413 -9.990e-29
 211.778397     10.734  35.862442     9.3746     3.3940     10.644    33.2991    25.7269 -9.990e-29
 211.778403     10.653  35.888012     9.4380     3.4463     10.564    33.2665    25.6912 -9.990e-29
 211.778409     10.562  35.928710     9.5547     3.5037     10.474    33.2002    25.6205 -9.990e-29
 211.778414     10.458  35.996273     9.7030     3.5381     10.370    33.1325    25.5433 -9.990e-29
 211.778420     10.352  36.078356     9.8287     3.5807     10.265    33.1008    25.4978 -9.990e-29
 211.778426     10.247  36.151195     9.9108     3.6191     10.161    33.0996    25.4833 -9.990e-29
 211.778432     10.139  36.206140     9.9620     3.6426     10.054    33.1086    25.4818 -9.990e-29
 211.778438     10.035  36.243149     9.9934     3.6618      9.951    33.1175    25.4835 -9.990e-29
 211.778443      9.941  36.268486    10.0083     3.6585      9.858    33.1296    25.4905 -9.990e-29
 211.778449      9.860  36.303079    10.0156     3.6602      9.777    33.1581    25.5115 -9.990e-29
 211.778455      9.791  36.351643    10.0259     3.6667      9.709    33.1980    25.5409 -9.990e-29
 211.778461      9.720  36.384330    10.0358     3.6653      9.639    33.2221    25.5581 -9.990e-29
 211.778466      9.635  36.392109    10.0413     3.6672      9.554    33.2250    25.5594 -9.990e-29
 211.778472      9.534  36.392088    10.0442     3.6550      9.454    33.2224    25.5568 -9.990e-29
 211.778478      9.424  36.392656    10.0446     3.6564      9.345    33.2226    25.5570 -9.990e-29
 211.778484      9.320  36.394591    10.0440     3.6612      9.242    33.2252    25.5591 -9.990e-29
 211.778490      9.231  36.397132    10.0448     3.6530      9.154    33.2271    25.5604 -9.990e-29
 211.778495      9.153  36.399766    10.0469     3.6502      9.076    33.2279    25.5607 -9.990e-29
 211.778501      9.072  36.401542    10.0486     3.6386      8.996    33.2281    25.5606 -9.990e-29
 211.778507      8.978  36.401486    10.0492     3.6277      8.903    33.2276    25.5600 -9.990e-29
 211.778513      8.869  36.400660    10.0493     3.6258      8.795    33.2267    25.5593 -9.990e-29
 211.778519      8.756  36.400781    10.0497     3.6537      8.683    33.2265    25.5591 -9.990e-29
 211.778524      8.654  36.402028    10.0514     3.6848      8.582    33.2263    25.5586 -9.990e-29
 211.778530      8.559  36.403840    10.0547     3.7612      8.487    33.2251    25.5572 -9.990e-29
 211.778536      8.466  36.405853    10.0609     3.8846      8.395    33.2215    25.5533 -9.990e-29
 211.778542      8.377  36.408528    10.0767     4.0416      8.307    33.2097    25.5415 -9.990e-29
 211.778547      8.288  36.414891    10.1177     4.1762      8.219    33.1786    25.5103 -9.990e-29
 211.778553      8.195  36.433441    10.1955     4.3065      8.126    33.1262    25.4562 -9.990e-29
 211.778559      8.107  36.478292    10.3013     4.3839      8.039    33.0749    25.3983 -9.990e-29
 211.778565      8.022  36.566718    10.4099     4.4536      7.955    33.0652    25.3721 -9.990e-29
 211.778571      7.939  36.681715    10.5280     4.5152      7.873    33.0734    25.3582 -9.990e-29
 211.778576      7.857  36.794679    10.6945     4.5533      7.791    33.0356    25.2999 -9.990e-29
 211.778582      7.770  36.907883    10.8875     4.5800      7.705    32.9743    25.2184 -9.990e-29
 211.778588      7.674  37.031195    11.0426     4.5929      7.610    32.9573    25.1777 -9.990e-29
 211.778594      7.565  37.151576    11.1475     4.5864      7.502    32.9823    25.1785 -9.990e-29
 211.778600      7.447  37.225209    11.2317     4.5936      7.385    32.9796    25.1613 -9.990e-29
 211.778605      7.320  37.246164    11.3111     4.6201      7.259    32.9293    25.1079 0.0000e+00
 211.778611      7.193  37.260331    11.3837     4.7175      7.133    32.8785    25.0553 -9.990e-29
 211.778617      7.080  37.306265    11.4390     4.8348      7.021    32.8744    25.0421 -9.990e-29
 211.778623      6.985  37.376999    11.4709     5.0002      6.927    32.9154    25.0682 -9.990e-29
 211.778628      6.908  37.436974    11.5027     5.1428      6.850    32.9459    25.0861 -9.990e-29
 211.778634      6.835  37.477656    11.5808     5.2466      6.778    32.9163    25.0488 -9.990e-29
 211.778640      6.752  37.534809    11.7213     5.3299      6.696    32.8475    24.9696 -9.990e-29
 211.778646      6.659  37.616910    11.8791     5.3508      6.603    32.7880    24.8942 -9.990e-29
 211.778652      6.559  37.708031    12.0108     5.3653      6.504    32.7605    24.8483 -9.990e-29
 211.778657      6.457  37.837892    12.1133     5.3978      6.403    32.7959    24.8566 -9.990e-29
 211.778663      6.361  37.978660    12.2129     5.4255      6.308    32.8442    24.8753 -9.990e-29
 211.778669      6.268  38.076713    12.3367     5.4688      6.216    32.8300    24.8407 -9.990e-29
 211.778675      6.172  38.150271    12.4622     5.5115      6.120    32.7908    24.7864 -9.990e-29
 211.778681      6.072  38.196650    12.5537     5.5413      6.021    32.7554    24.7414 -9.990e-29
 211.778686      5.970  38.245265    12.6122     5.5543      5.920    32.7509    24.7266 -9.990e-29
 211.778692      5.863  38.332992    12.6612     5.5252      5.814    32.7919    24.7490 -9.990e-29
 211.778698      5.750  38.405475    12.7191     5.5235      5.702    32.8106    24.7522 -9.990e-29
 211.778704      5.635  38.438427    12.7726     5.5522      5.588    32.7954    24.7301 -9.990e-29
 211.778709      5.529  38.460142    12.8011     5.6404      5.483    32.7914    24.7214 -9.990e-29
 211.778715      5.438  38.501301    12.8195     5.7469      5.393    32.8145    24.7357 -9.990e-29
 211.778721      5.360  38.559700    12.8448     5.8538      5.315    32.8480    24.7567 -9.990e-29
 211.778727      5.286  38.592268    12.8674     5.9521      5.242    32.8593    24.7610 -9.990e-29
 211.778733      5.203  38.590936    12.8955     6.0358      5.160    32.8336    24.7357 -9.990e-29
 211.778738      5.105  38.585892    12.9554     6.1123      5.062    32.7769    24.6800 -9.990e-29
 211.778744      5.000  38.615254    13.0466     6.2198      4.958    32.7258    24.6225 -9.990e-29
 211.778750      4.896  38.722127    13.1531     6.3113      4.855    32.7348    24.6084 -9.990e-29
 211.778756      4.802  38.874306    13.2597     6.4228      4.762    32.7860    24.6269 -9.990e-29
 211.778762      4.714  38.970059    13.3483     6.5048      4.675    32.7996    24.6197 -9.990e-29
 211.778767      4.628  38.999884    13.4368     6.5616      4.589    32.7515    24.5647 -9.990e-29
 211.778773      4.538  39.038892    13.5505     6.6264      4.500    32.6905    24.4947 -9.990e-29
 211.778779      4.443  39.105533    13.6521     6.6873      4.406    32.6658    24.4550 -9.990e-29
 211.778785      4.349  39.172204    13.7143     6.7381      4.313    32.6747    24.4493 -9.990e-29
 211.778791      4.263  39.252245    13.7604     6.7473      4.227    32.7098    24.4670 -9.990e-29
 211.778796      4.184  39.328082    13.8066     6.6552      4.149    32.7408    24.4815 -9.990e-29
 211.778802      4.103  39.356356    13.8772     6.5709      4.069    32.7068    24.4408 -9.990e-29
 211.778808      4.005  39.378171    13.9852     6.5147      3.972    32.6352    24.3633 -9.990e-29
 211.778814      3.890  39.426572    14.0908     6.4789      3.857    32.5904    24.3070 -9.990e-29
