data/oxygen options/ONMS/Olympic_Coast_National_Marine_Sanctuary_CTD_Data_2005_2023/raw_data/2019/CAST_CA042_190527faed.cnv
* Sea-Bird SBE19 Data File:
* FileName = C:\2019 Mooring Data\Casts\CAST_CA042_190527.hex
* Software Version 1.59
* Temperature SN = 2997
* Conductivity SN = 2997
* System UpLoad Time = May 27 2019 22:53:15
** CAST_CA042_190527
* ds
# nquan = 9                                 
# nvalues = 944                         
# units = specified
# name 0 = timeJ: Julian Days
# name 1 = prSM: Pressure, Strain Gauge [db]
# name 2 = c0mS/cm: Conductivity [mS/cm]
# name 3 = t090C: Temperature [ITS-90, deg C]
# name 4 = sbeox0ML/L: Oxygen, SBE 43 [ml/l]
# name 5 = depSM: Depth [salt water, m], lat = 47.5
# name 6 = sal00: Salinity, Practical [PSU]
# name 7 = sigma-é00: Density [sigma-theta, kg/m^3]
# name 8 = flag: flag
# span 0 = 147.922789, 147.928247       
# span 1 =     -5.528,     41.967       
# span 2 =   0.145363,  36.644218       
# span 3 =     8.1355,    14.0575       
# span 4 =    -1.9188,    13.8224       
# span 5 =     -5.482,     41.613       
# span 6 =     0.0886,    33.5345       
# span 7 =    -0.6931,    26.1027       
# span 8 = 0.0000e+00, 0.0000e+00       
# interval = seconds: 0.5
# start_time = May 27 2019 22:08:49 [Instrument's time stamp, header]
# bad_flag = -9.990e-29
*END*
[from data line 321]
 147.924647     -1.089   0.268176    13.8864    -1.9129     -1.080     0.1642    -0.6105 -9.990e-29
 147.924653     -1.073   0.271168    13.8878    -1.9128     -1.064     0.1660    -0.6093 -9.990e-29
 147.924659     -1.060   0.272415    13.8874    -1.9129     -1.051     0.1668    -0.6086 -9.990e-29
 147.924664     -1.048   0.273026    13.8846    -1.9131     -1.039     0.1672    -0.6079 -9.990e-29
 147.924670     -1.033   0.274370    13.8820    -1.9132     -1.024     0.1680    -0.6069 -9.990e-29
 147.924676     -1.018   0.276576    13.8822    -1.9132     -1.010     0.1694    -0.6059 -9.990e-29
 147.924682     -1.006   0.278708    13.8841    -1.9132     -0.998     0.1707    -0.6051 -9.990e-29
 147.924688     -0.996   0.279732    13.8851    -1.9132     -0.988     0.1714    -0.6047 -9.990e-29
 147.924693     -0.989   0.279354    13.8844    -1.9131     -0.981     0.1711    -0.6048 -9.990e-29
 147.924699     -0.982   0.278175    13.8833    -1.9128     -0.974     0.1704    -0.6052 -9.990e-29
 147.924705     -0.977   0.276838    13.8822    -1.9125     -0.969     0.1696    -0.6057 -9.990e-29
 147.924711     -0.972   0.275776    13.8805    -1.9121     -0.964     0.1689    -0.6060 -9.990e-29
 147.924716     -0.968   0.275233    13.8782    -1.9117     -0.960     0.1686    -0.6060 -9.990e-29
 147.924722     -0.963   0.275040    13.8763    -1.9115     -0.955     0.1685    -0.6058 -9.990e-29
 147.924728     -0.959   0.274939    13.8757    -1.9115     -0.951     0.1684    -0.6057 -9.990e-29
 147.924734     -0.954   0.274795    13.8765    -1.9115     -0.946     0.1683    -0.6059 -9.990e-29
 147.924740     -0.948   0.274415    13.8782    -1.9116     -0.940     0.1681    -0.6063 -9.990e-29
 147.924745     -0.945   0.273846    13.8813    -1.9118     -0.937     0.1677    -0.6071 -9.990e-29
 147.924751     -0.950   0.273436    13.8867    -1.9120     -0.942     0.1674    -0.6080 -9.990e-29
 147.924757     -0.957   0.273194    13.8937    -1.9116     -0.949     0.1673    -0.6091 -9.990e-29
 147.924763     -0.964   0.272796    13.9011    -1.9111     -0.956     0.1670    -0.6104 -9.990e-29
 147.924769     -0.970   0.272265    13.9078    -1.9110     -0.962     0.1666    -0.6116 -9.990e-29
 147.924774     -0.973   0.271999    13.9123    -1.9108     -0.965     0.1665    -0.6123 -9.990e-29
 147.924780     -0.967   0.272197    13.9146    -1.9103     -0.959     0.1666    -0.6126 -9.990e-29
 147.924786     -0.958   0.272568    13.9151    -1.9099     -0.950     0.1668    -0.6125 -9.990e-29
 147.924792     -0.947   0.272500    13.9141    -1.9096     -0.939     0.1668    -0.6123 -9.990e-29
 147.924797     -0.935   0.271901    13.9118    -1.9096     -0.927     0.1664    -0.6123 -9.990e-29
 147.924803     -0.925   0.271635    13.9114    -1.9096     -0.917     0.1662    -0.6124 -9.990e-29
 147.924809     -0.922   0.272453    13.9158    -1.9096     -0.914     0.1667    -0.6126 -9.990e-29
 147.924815     -0.919   0.273784    13.9230    -1.9095     -0.911     0.1675    -0.6130 -9.990e-29
 147.924821     -0.914   0.274635    13.9298    -1.9098     -0.906     0.1680    -0.6135 -9.990e-29
 147.924826     -0.910   0.275031    13.9365    -1.9103     -0.902     0.1682    -0.6143 -9.990e-29
 147.924832     -0.910   0.275500    13.9444    -1.9111     -0.902     0.1685    -0.6152 -9.990e-29
 147.924838     -0.911   0.276115    13.9522    -1.9115     -0.903     0.1688    -0.6160 -9.990e-29
 147.924844     -0.909   0.276586    13.9578    -1.9119     -0.901     0.1691    -0.6166 -9.990e-29
 147.924850     -0.902   0.276990    13.9603    -1.9123     -0.894     0.1694    -0.6167 -9.990e-29
 147.924855     -0.892   0.277862    13.9608    -1.9127     -0.885     0.1699    -0.6164 -9.990e-29
 147.924861     -0.877   0.279258    13.9606    -1.9129     -0.870     0.1708    -0.6157 -9.990e-29
 147.924867     -0.861   0.280271    13.9584    -1.9131     -0.854     0.1714    -0.6149 -9.990e-29
 147.924873     -0.850   0.280588    13.9521    -1.9134     -0.843     0.1716    -0.6138 -9.990e-29
 147.924878     -0.845   0.280633    13.9416    -1.9135     -0.838     0.1717    -0.6123 -9.990e-29
 147.924884     -0.837   0.280465    13.9290    -1.9136     -0.830     0.1716    -0.6106 -9.990e-29
 147.924890     -0.824   0.280414    13.9167    -1.9137     -0.817     0.1717    -0.6089 -9.990e-29
 147.924896     -0.816   0.281519    13.9052    -1.9137     -0.809     0.1724    -0.6067 -9.990e-29
 147.924902     -0.815   0.284701    13.8942    -1.9135     -0.808     0.1744    -0.6036 -9.990e-29
 147.924907     -0.816   0.289774    13.8843    -1.9134     -0.809     0.1776    -0.5998 -9.990e-29
 147.924913     -0.813   0.296857    13.8766    -1.9133     -0.806     0.1821    -0.5952 -9.990e-29
 147.924919     -0.800   0.305424    13.8706    -1.9135     -0.793     0.1875    -0.5902 -9.990e-29
 147.924925     -0.780   0.312496    13.8656    -1.7298     -0.773     0.1919    -0.5861 -9.990e-29
 147.924931     -0.761   0.316427    13.8616    -1.5880     -0.755     0.1944    -0.5836 -9.990e-29
 147.924936     -0.747   0.319137    13.8589    -1.5891     -0.741     0.1961    -0.5819 -9.990e-29
 147.924942     -0.735   0.323684    13.8574    -1.5891     -0.729     0.1990    -0.5795 -9.990e-29
 147.924948     -0.726   0.333915    13.8573    -1.5890     -0.720     0.2054    -0.5745 -9.990e-29
 147.924954     -0.718   0.360147    13.8585    -1.5891     -0.712     0.2219    -0.5618 -9.990e-29
 147.924959     -0.712   0.434035    13.8599    -1.5894     -0.706     0.2687    -0.5256 -9.990e-29
 147.924965     -0.707   0.650770    13.8607    -1.5892     -0.701     0.4083    -0.4173 -9.990e-29
 147.924971     -0.698   1.294902    13.8611    -1.5891     -0.692     0.8361    -0.0855 -9.990e-29
 147.924977     -0.680   3.221399    13.8614    -1.5893     -0.674     2.1839     0.9569 -9.990e-29
 147.924983     -0.657   9.000030    13.8579    -1.5896     -0.652     6.5415     4.3144 -9.990e-29
 147.924988     -0.631  19.397040    13.8499    -1.5897     -0.626    15.0235    10.8324 -9.990e-29
 147.924994     -0.597  29.204080    13.8465    -1.5898     -0.592    23.5225    17.3665 -9.990e-29
 147.925000     -0.548  34.190997    13.8486    -1.5912     -0.543    27.9958    20.8114 -9.990e-29
 147.925006     -0.490  35.843896    13.8479    -1.5904     -0.486    29.5010    21.9722 -9.990e-29
 147.925012     -0.431  36.387343    13.8451    -1.5911     -0.427    30.0002    22.3579 -9.990e-29
 147.925017     -0.372  36.565518    13.8467    -1.5915     -0.369    30.1621    22.4825 -9.990e-29
 147.925023     -0.310  36.626609    13.8502    -1.5914     -0.307    30.2153    22.5228 -9.990e-29
 147.925029     -0.244  36.644218    13.8494    -1.5905     -0.242    30.2321    22.5359 -9.990e-29
 147.925035     -0.179  36.641809    13.8446    -1.5903     -0.178    30.2336    22.5381 -9.990e-29
 147.925041     -0.116  36.634633    13.8398    -1.5911     -0.115    30.2308    22.5369 -9.990e-29
 147.925046     -0.054  36.629343    13.8356    -1.5918     -0.054    30.2292    22.5365 -9.990e-29
 147.925052      0.002  36.620550    13.8267    -1.5917      0.002    30.2282    22.5374 -9.990e-29
 147.925058      0.051  36.595396    13.8098    -1.5913      0.051    30.2184    22.5333 -9.990e-29
 147.925064      0.096  36.577997    13.7911    -1.5910      0.095    30.2171    22.5360 -9.990e-29
 147.925069      0.140  36.598330    13.7804    -1.5910      0.139    30.2442    22.5590 -9.990e-29
 147.925075      0.182  36.624697    13.7828    -1.5912      0.180    30.2665    22.5758 -9.990e-29
 147.925081      0.215  36.634006    13.7934    -1.5916      0.213    30.2667    22.5738 -9.990e-29
 147.925087      0.243  36.635854    13.7963    -1.5917      0.241    30.2661    22.5728 -9.990e-29
 147.925093      0.270  36.633812    13.7846    -1.5913      0.268    30.2734    22.5808 -9.990e-29
 147.925098      0.294  36.631865    13.7711    -1.5912      0.292    30.2823    22.5903 -9.990e-29
 147.925104      0.313  36.633002    13.7687    -1.5914      0.310    30.2852    22.5930 -9.990e-29
 147.925110      0.328  36.634241    13.7756    -1.5915      0.325    30.2809    22.5883 -9.990e-29
 147.925116      0.339  36.632738    13.7823    -1.5914      0.336    30.2742    22.5818 -9.990e-29
 147.925122      0.348  36.630393    13.7828    -1.5916      0.345    30.2717    22.5798 -9.990e-29
 147.925127      0.355  36.628547    13.7770    -1.5916      0.352    30.2745    22.5831 -9.990e-29
 147.925133      0.361  36.627524    13.7699    -1.5913      0.358    30.2792    22.5882 -9.990e-29
 147.925139      0.365  36.628747    13.7687    -1.5910      0.362    30.2813    22.5900 -9.990e-29
 147.925145      0.369  36.631030    13.7739    -1.5912      0.366    30.2793    22.5874 -9.990e-29
 147.925150      0.371  36.630124    13.7782    -1.5912      0.368    30.2750    22.5833 -9.990e-29
 147.925156      0.373  36.625365    13.7776    -1.5912      0.370    30.2711    22.5804 -9.990e-29
 147.925162      0.375  36.620474    13.7749    -1.5915      0.372    30.2688    22.5791 -9.990e-29
 147.925168      0.376  36.618996    13.7731    -1.5916      0.373    30.2688    22.5795 -9.990e-29
 147.925174      0.377  36.620625    13.7724    -1.5915      0.374    30.2709    22.5812 -9.990e-29
 147.925179      0.378  36.621357    13.7742    -1.5916      0.375    30.2701    22.5803 -9.990e-29
 147.925185      0.378  36.619917    13.7790    -1.5921      0.375    30.2650    22.5754 -9.990e-29
 147.925191      0.379  36.619407    13.7834    -1.5924      0.376    30.2611    22.5715 -9.990e-29
 147.925197      0.379  36.621375    13.7850    -1.5922      0.376    30.2616    22.5716 -9.990e-29
 147.925203      0.380  36.622832    13.7849    -1.5921      0.377    30.2630    22.5727 -9.990e-29
 147.925208      0.380  36.620667    13.7824    -1.5924      0.377    30.2630    22.5732 -9.990e-29
 147.925214      0.380  36.616459    13.7773    -1.5924      0.377    30.2632    22.5743 -9.990e-29
 147.925220      0.381  36.614099    13.7729    -1.5923      0.378    30.2645    22.5762 -9.990e-29
 147.925226      0.381  36.614348    13.7696    -1.5923      0.378    30.2673    22.5791 -9.990e-29
 147.925231      0.382  36.614722    13.7630    -1.5922      0.379    30.2729    22.5847 -9.990e-29
 147.925237      0.382  36.614024    13.7534    -1.5922      0.379    30.2798    22.5919 -9.990e-29
 147.925243      0.383  36.613550    13.7468    -1.5920      0.380    30.2846    22.5969 -9.990e-29
 147.925249      0.384  36.613771    13.7453    -1.5920      0.381    30.2860    22.5983 -9.990e-29
 147.925255      0.385  36.613847    13.7446    -1.5920      0.382    30.2866    22.5989 -9.990e-29
 147.925260      0.386  36.613301    13.7418    -1.5920      0.383    30.2883    22.6008 -9.990e-29
 147.925266      0.387  36.612513    13.7396    -1.5919      0.384    30.2893    22.6020 -9.990e-29
 147.925272      0.390  36.613217    13.7399    -1.5921      0.387    30.2897    22.6023 -9.990e-29
 147.925278      0.392  36.615217    13.7422    -1.5921      0.389    30.2897    22.6018 -9.990e-29
 147.925284      0.396  36.615568    13.7455    -1.5920      0.393    30.2875    22.5994 -9.990e-29
 147.925289      0.400  36.613602    13.7486    -1.5920      0.397    30.2832    22.5955 -9.990e-29
 147.925295      0.406  36.611722    13.7514    -1.5920      0.403    30.2793    22.5919 -9.990e-29
 147.925301      0.414  36.611887    13.7536    -1.5920      0.411    30.2777    22.5902 -9.990e-29
 147.925307      0.424  36.613184    13.7551    -1.5921      0.420    30.2777    22.5899 -9.990e-29
 147.925312      0.436  36.613411    13.7557    -1.5922      0.432    30.2774    22.5896 -9.990e-29
 147.925318      0.448  36.612296    13.7549    -1.5921      0.444    30.2770    22.5895 -9.990e-29
 147.925324      0.455  36.611696    13.7535    -1.5921      0.451    30.2776    22.5902 -9.990e-29
 147.925330      0.459  36.612479    13.7531    -1.5923      0.455    30.2786    22.5910 -9.990e-29
 147.925336      0.459  36.612873    13.7536    -1.5921      0.455    30.2786    22.5909 -9.990e-29
 147.925341      0.460  36.611708    13.7540    -1.5920      0.456    30.2772    22.5898 -9.990e-29
 147.925347      0.466  36.610217    13.7541    -1.5918      0.462    30.2757    22.5886 -9.990e-29
 147.925353      0.478  36.609759    13.7538    -1.5917      0.474    30.2755    22.5885 -9.990e-29
 147.925359      0.496  36.610268    13.7528    -1.5917      0.492    30.2768    22.5897 -9.990e-29
 147.925365      0.517  36.610727    13.7520    -1.5916      0.513    30.2778    22.5907 -9.990e-29
 147.925370      0.533  36.610615    13.7518    -1.5915      0.529    30.2779    22.5908 -9.990e-29
 147.925376      0.543  36.610326    13.7510    -1.5913      0.538    30.2782    22.5912 -9.990e-29
 147.925382      0.546  36.610581    13.7502    -1.5912      0.541    30.2791    22.5920 -9.990e-29
 147.925388      0.542  36.611707    13.7521    -1.5912      0.537    30.2786    22.5913 -9.990e-29
 147.925394      0.535  36.612949    13.7569    -1.5913      0.531    30.2760    22.5883 -9.990e-29
 147.925399      0.530  36.613711    13.7621    -1.5914      0.526    30.2726    22.5846 -9.990e-29
 147.925405      0.526  36.614433    13.7662    10.3836      0.522    30.2700    22.5818 -9.990e-29
 147.925411      0.523  36.615508    13.7695    13.5293      0.519    30.2684    22.5799 -9.990e-29
 147.925417      0.516  36.616114    13.7734    13.8224      0.512    30.2659    22.5772 -9.990e-29
 147.925422      0.505  36.614805    13.7785    11.5993      0.501    30.2607    22.5722 -9.990e-29
 147.925428      0.497  36.612062    13.7835     6.8035      0.493    30.2542    22.5662 -9.990e-29
 147.925434      0.497  36.610374    13.7863     6.7071      0.493    30.2505    22.5627 -9.990e-29
 147.925440      0.500  36.610835    13.7863     6.7783      0.496    30.2509    22.5630 -9.990e-29
 147.925446      0.502  36.611248    13.7851     6.7686      0.498    30.2522    22.5643 -9.990e-29
 147.925451      0.508  36.609911    13.7837     6.7396      0.504    30.2521    22.5645 -9.990e-29
 147.925457      0.517  36.608386    13.7825     6.7119      0.513    30.2516    22.5644 -9.990e-29
 147.925463      0.523  36.607985    13.7822     6.6989      0.519    30.2515    22.5643 -9.990e-29
 147.925469      0.525  36.608158    13.7824     6.6887      0.521    30.2515    22.5643 -9.990e-29
 147.925475      0.527  36.607999    13.7825     6.6712      0.523    30.2513    22.5641 -9.990e-29
 147.925480      0.526  36.607285    13.7823     6.6544      0.522    30.2508    22.5638 -9.990e-29
 147.925486      0.521  36.606726    13.7818     6.6359      0.517    30.2507    22.5638 -9.990e-29
 147.925492      0.521  36.606685    13.7806     6.6325      0.517    30.2516    22.5647 -9.990e-29
 147.925498      0.526  36.606533    13.7774     6.6374      0.522    30.2539    22.5672 -9.990e-29
 147.925503      0.527  36.606054    13.7725     6.6341      0.523    30.2574    22.5708 -9.990e-29
 147.925509      0.524  36.605711    13.7694     6.6356      0.520    30.2595    22.5731 -9.990e-29
 147.925515      0.526  36.605593    13.7699     6.6290      0.522    30.2590    22.5726 -9.990e-29
 147.925521      0.534  36.605529    13.7719     6.6296      0.530    30.2574    22.5709 -9.990e-29
 147.925527      0.538  36.605419    13.7736     6.6230      0.534    30.2559    22.5695 -9.990e-29
 147.925532      0.540  36.605661    13.7755     6.6381      0.535    30.2546    22.5681 -9.990e-29
 147.925538      0.543  36.606565    13.7778     6.6410      0.538    30.2537    22.5669 -9.990e-29
 147.925544      0.544  36.607082    13.7795     6.6341      0.539    30.2528    22.5659 -9.990e-29
 147.925550      0.542  36.606767    13.7797     6.6308      0.537    30.2523    22.5655 -9.990e-29
 147.925556      0.546  36.606306    13.7785     6.6163      0.541    30.2529    22.5661 -9.990e-29
 147.925561      0.557  36.605631    13.7774     6.6294      0.552    30.2531    22.5665 -9.990e-29
