data/oxygen options/ONMS/Olympic_Coast_National_Marine_Sanctuary_CTD_Data_2005_2023/raw_data/2019/CAST_CA015_190731faed.cnv
* Sea-Bird SBE 19 Data File:
* FileName = C:\2019 Mooring Data\Casts\CAST_CA015_190731.hex
* Software Version SeatermAF 2.1.2
* Temperature SN = 2997
* Conductivity SN = 2997
* System UpLoad Time = Jul 31 2019 01:06:11 (localtime) = Jul 31 2019 01:06:11 (UTC)
** CAST_CA015_190731
* ds
# nquan = 9                                 
# nvalues = 1016                        
# units = specified
# name 0 = timeJ: Julian Days
# name 1 = prSM: Pressure, Strain Gauge [db]
# name 2 = c0mS/cm: Conductivity [mS/cm]
# name 3 = t090C: Temperature [ITS-90, deg C]
# name 4 = sbeox0ML/L: Oxygen, SBE 43 [ml/l]
# name 5 = depSM: Depth [salt water, m], lat = 47.5
# name 6 = sal00: Salinity, Practical [PSU]
# name 7 = sigma-é00: Density [sigma-theta, kg/m^3]
# name 8 = flag: flag
# span 0 = 212.007025, 212.012899       
# span 1 =     -3.353,     17.701       
# span 2 =   0.312781,  39.102011       
# span 3 =     8.1413,    16.5185       
# span 4 =    -1.8437,    13.8821       
# span 5 =     -3.325,     17.553       
# span 6 =     0.1809,    33.5293       
# span 7 =    -1.0012,    26.0974       
# span 8 = 0.0000e+00, 0.0000e+00       
# interval = seconds: 0.5
# start_time = Jul 31 2019 00:10:07 [Instrument's time stamp, header]
# bad_flag = -9.990e-29
*END*
[from data line 161]
 212.007957     -1.089   0.316053    16.4034    -1.8139     -1.080     0.1829    -0.9808 -9.990e-29
 212.007963     -1.080   0.316053    16.4062    -1.8141     -1.071     0.1829    -0.9813 -9.990e-29
 212.007969     -1.068   0.316053    16.4089    -1.8142     -1.059     0.1829    -0.9817 -9.990e-29
 212.007975     -1.055   0.316054    16.4110    -1.8142     -1.046     0.1829    -0.9821 -9.990e-29
 212.007980     -1.039   0.316054    16.4133    -1.8140     -1.030     0.1829    -0.9825 -9.990e-29
 212.007986     -1.023   0.316054    16.4160    -1.8142     -1.014     0.1828    -0.9829 -9.990e-29
 212.007992     -1.010   0.316055    16.4181    -1.8144     -1.002     0.1828    -0.9833 -9.990e-29
 212.007998     -1.000   0.316055    16.4186    -1.8145     -0.992     0.1828    -0.9834 -9.990e-29
 212.008003     -0.993   0.316056    16.4175    -1.8148     -0.985     0.1828    -0.9832 -9.990e-29
 212.008009     -0.987   0.316056    16.4151    -1.8147     -0.979     0.1828    -0.9828 -9.990e-29
 212.008015     -0.982   0.316056    16.4120    -1.8147     -0.974     0.1829    -0.9823 -9.990e-29
 212.008021     -0.978   0.316057    16.4096    -1.8145     -0.970     0.1829    -0.9818 -9.990e-29
 212.008027     -0.975   0.316057    16.4088    -1.8143     -0.967     0.1829    -0.9817 -9.990e-29
 212.008032     -0.972   0.316057    16.4083    -1.8144     -0.964     0.1829    -0.9816 -9.990e-29
 212.008038     -0.970   0.316058    16.4061    -1.8143     -0.962     0.1829    -0.9813 -9.990e-29
 212.008044     -0.968   0.316058    16.4027    -1.8144     -0.960     0.1829    -0.9807 -9.990e-29
 212.008050     -0.966   0.316058    16.3988    -1.8145     -0.958     0.1829    -0.9800 -9.990e-29
 212.008056     -0.963   0.316059    16.3957    -1.8146     -0.955     0.1829    -0.9795 -9.990e-29
 212.008061     -0.961   0.316061    16.3950    -1.8146     -0.953     0.1829    -0.9794 -9.990e-29
 212.008067     -0.958   0.316064    16.3968    -1.8145     -0.950     0.1829    -0.9797 -9.990e-29
 212.008073     -0.955   0.316074    16.3997    -1.8142     -0.947     0.1829    -0.9802 -9.990e-29
 212.008079     -0.951   0.316101    16.4018    -1.8143     -0.943     0.1829    -0.9805 -9.990e-29
 212.008084     -0.946   0.316184    16.4027    -1.8141     -0.938     0.1830    -0.9806 -9.990e-29
 212.008090     -0.939   0.316430    16.4030    -1.8140     -0.931     0.1831    -0.9806 -9.990e-29
 212.008096     -0.931   0.316615    16.4022    -1.8140     -0.923     0.1832    -0.9803 -9.990e-29
 212.008102     -0.925   0.316431    16.4001    -1.8141     -0.917     0.1831    -0.9801 -9.990e-29
 212.008108     -0.925   0.316185    16.3984    -1.8139     -0.917     0.1830    -0.9799 -9.990e-29
 212.008113     -0.926   0.316103    16.3987    -1.8140     -0.918     0.1829    -0.9800 -9.990e-29
 212.008119     -0.925   0.316076    16.4011    -1.8139     -0.917     0.1829    -0.9804 -9.990e-29
 212.008125     -0.921   0.316065    16.4045    -1.8138     -0.913     0.1829    -0.9810 -9.990e-29
 212.008131     -0.910   0.316058    16.4076    -1.8138     -0.902     0.1829    -0.9815 -9.990e-29
 212.008137     -0.890   0.316044    16.4103    -1.8139     -0.883     0.1829    -0.9820 -9.990e-29
 212.008142     -0.871   0.316003    16.4122    -1.8142     -0.864     0.1828    -0.9823 -9.990e-29
 212.008148     -0.853   0.315880    16.4133    -1.8146     -0.846     0.1827    -0.9826 -9.990e-29
 212.008154     -0.837   0.315510    16.4143    -1.8147     -0.830     0.1825    -0.9829 -9.990e-29
 212.008160     -0.821   0.314955    16.4154    -1.8147     -0.814     0.1822    -0.9833 -9.990e-29
 212.008166     -0.805   0.314582    16.4162    -1.8145     -0.798     0.1820    -0.9836 -9.990e-29
 212.008171     -0.787   0.314446    16.4174    -1.8143     -0.780     0.1819    -0.9839 -9.990e-29
 212.008177     -0.770   0.314364    16.4186    -1.8142     -0.764     0.1818    -0.9842 -9.990e-29
 212.008183     -0.758   0.314228    16.4181    -1.8140     -0.752     0.1818    -0.9841 -9.990e-29
 212.008189     -0.750   0.313855    16.4147    -1.8138     -0.744     0.1816    -0.9837 -9.990e-29
 212.008194     -0.744   0.313300    16.4089    -1.8136     -0.738     0.1813    -0.9830 -9.990e-29
 212.008200     -0.742   0.312932    16.4026    -1.8135     -0.736     0.1811    -0.9821 -9.990e-29
 212.008206     -0.743   0.312812    16.3987    -1.8132     -0.737     0.1810    -0.9815 -9.990e-29
 212.008212     -0.742   0.312781    16.3988    -1.8131     -0.736     0.1810    -0.9815 -9.990e-29
 212.008218     -0.736   0.312795    16.4019    -1.8129     -0.730     0.1810    -0.9820 -9.990e-29
 212.008223     -0.727   0.312873    16.4063    -1.8128     -0.721     0.1810    -0.9827 -9.990e-29
 212.008229     -0.721   0.313118    16.4111    -1.8127     -0.715     0.1811    -0.9834 -9.990e-29
 212.008235     -0.716   0.313304    16.4159    -1.8126     -0.710     0.1812    -0.9842 -9.990e-29
 212.008241     -0.712   0.313124    16.4206    -1.8123     -0.706     0.1811    -0.9851 -9.990e-29
 212.008247     -0.709   0.312892    16.4255    -1.8120     -0.703     0.1809    -0.9860 -9.990e-29
 212.008252     -0.707   0.312851    16.4305    -1.8119     -0.701     0.1809    -0.9869 -9.990e-29
 212.008258     -0.705   0.312947    16.4354    -1.8118     -0.699     0.1809    -0.9877 -9.990e-29
 212.008264     -0.704   0.313308    16.4398    -1.8116     -0.698     0.1811    -0.9883 -9.990e-29
 212.008270     -0.703   0.313859    16.4436    -1.8114     -0.697     0.1814    -0.9887 -9.990e-29
 212.008275     -0.702   0.314228    16.4467    -1.8117     -0.696     0.1816    -0.9890 -9.990e-29
 212.008281     -0.701   0.314351    16.4501    -1.8116     -0.695     0.1817    -0.9895 -9.990e-29
 212.008287     -0.697   0.314392    16.4552    -1.8118     -0.691     0.1817    -0.9904 -9.990e-29
 212.008293     -0.684   0.314406    16.4617    -1.8119     -0.678     0.1817    -0.9915 -9.990e-29
 212.008299     -0.665   0.314412    16.4677    -1.8117     -0.659     0.1817    -0.9925 -9.990e-29
 212.008304     -0.649   0.314418    16.4723    -1.8114     -0.644     0.1816    -0.9933 -9.990e-29
 212.008310     -0.642   0.314429    16.4761    -1.8111     -0.637     0.1816    -0.9940 -9.990e-29
 212.008316     -0.645   0.314460    16.4794    -1.8111     -0.640     0.1816    -0.9945 -9.990e-29
 212.008322     -0.649   0.314553    16.4812    -1.8109     -0.644     0.1817    -0.9948 -9.990e-29
 212.008328     -0.645   0.314831    16.4809    -1.8108     -0.640     0.1818    -0.9946 -9.990e-29
 212.008333     -0.634   0.315112    16.4795    -1.8109     -0.629     0.1820    -0.9942 -9.990e-29
 212.008339     -0.628   0.315214    16.4777    -1.8110     -0.623     0.1821    -0.9939 -9.990e-29
 212.008345     -0.629   0.315275    16.4774    -1.8110     -0.624     0.1821    -0.9938 -9.990e-29
 212.008351     -0.631   0.315374    16.4803    -1.8109     -0.626     0.1822    -0.9943 -9.990e-29
 212.008356     -0.628   0.315642    16.4856    -1.8111     -0.623     0.1823    -0.9950 -9.990e-29
 212.008362     -0.621   0.315884    16.4910    -1.8109     -0.616     0.1824    -0.9959 -9.990e-29
 212.008368     -0.609   0.315866    16.4955    -1.8112     -0.604     0.1824    -0.9966 -9.990e-29
 212.008374     -0.596   0.315565    16.4987    -1.8115     -0.591     0.1822    -0.9973 -9.990e-29
 212.008380     -0.588   0.315131    16.5002    -1.8115     -0.583     0.1819    -0.9978 -9.990e-29
 212.008385     -0.587   0.315093    16.4999    -1.8116     -0.582     0.1819    -0.9977 -9.990e-29
 212.008391     -0.583   0.315402    16.4990    -1.8115     -0.578     0.1821    -0.9975 -9.990e-29
 212.008397     -0.576   0.315362    16.4984    -1.8116     -0.571     0.1821    -0.9974 -9.990e-29
 212.008403     -0.574   0.314918    16.4978    -1.8116     -0.569     0.1818    -0.9975 -9.990e-29
 212.008409     -0.577   0.314586    16.4971    -1.8115     -0.572     0.1816    -0.9975 -9.990e-29
 212.008414     -0.581   0.314476    16.4954    -1.8117     -0.576     0.1816    -0.9973 -9.990e-29
 212.008420     -0.586   0.314439    16.4914    -1.8118     -0.581     0.1816    -0.9966 -9.990e-29
 212.008426     -0.588   0.314427    16.4868    -1.8116     -0.583     0.1816    -0.9958 -9.990e-29
 212.008432     -0.583   0.314423    16.4843    -1.8113     -0.578     0.1816    -0.9954 -9.990e-29
 212.008438     -0.571   0.314422    16.4834    -1.8109     -0.566     0.1816    -0.9952 -9.990e-29
 212.008443     -0.555   0.314422    16.4829    -1.8109     -0.550     0.1816    -0.9951 -9.990e-29
 212.008449     -0.538   0.314422    16.4826    -1.8108     -0.534     0.1816    -0.9951 -9.990e-29
 212.008455     -0.520   0.314422    16.4828    -1.8105     -0.516     0.1816    -0.9951 -9.990e-29
 212.008461     -0.503   0.314422    16.4824    -1.8102     -0.499     0.1816    -0.9950 -9.990e-29
 212.008466     -0.491   0.314422    16.4811    -1.8102     -0.487     0.1816    -0.9948 -9.990e-29
 212.008472     -0.483   0.314422    16.4811    -1.8103     -0.479     0.1816    -0.9948 -9.990e-29
 212.008478     -0.479   0.314421    16.4846    -1.8103     -0.475     0.1816    -0.9954 -9.990e-29
 212.008484     -0.477   0.314421    16.4907    -1.8101     -0.473     0.1816    -0.9965 -9.990e-29
 212.008490     -0.479   0.314421    16.4970    -1.8105     -0.475     0.1815    -0.9975 -9.990e-29
 212.008495     -0.479   0.314421    16.5020    -1.8106     -0.475     0.1815    -0.9984 -9.990e-29
 212.008501     -0.475   0.314421    16.5068    -1.8107     -0.471     0.1815    -0.9992 -9.990e-29
 212.008507     -0.468   0.314421    16.5122    -1.8109     -0.464     0.1815    -1.0002 -9.990e-29
 212.008513     -0.464   0.314421    16.5165    -1.8108     -0.460     0.1815    -1.0009 -9.990e-29
 212.008519     -0.463   0.314421    16.5183    -1.8109     -0.459     0.1815    -1.0012 -9.990e-29
 212.008524     -0.463   0.314420    16.5185    -1.8111     -0.459     0.1815    -1.0012 -9.990e-29
 212.008530     -0.466   0.314420    16.5182    -1.8112     -0.462     0.1815    -1.0012 -9.990e-29
 212.008536     -0.471   0.314420    16.5166    -1.8112     -0.467     0.1815    -1.0009 -9.990e-29
 212.008542     -0.475   0.314420    16.5132    -1.8112     -0.471     0.1815    -1.0003 -9.990e-29
 212.008547     -0.473   0.314421    16.5093    -1.8113     -0.469     0.1815    -0.9997 -9.990e-29
 212.008553     -0.469   0.314422    16.5059    -1.8116     -0.465     0.1815    -0.9991 -9.990e-29
 212.008559     -0.468   0.314425    16.5032    -1.8120     -0.464     0.1815    -0.9986 -9.990e-29
 212.008565     -0.470   0.314434    16.5014    -1.8126     -0.466     0.1815    -0.9983 -9.990e-29
 212.008571     -0.469   0.314463    16.4995    -1.8130     -0.465     0.1816    -0.9980 -9.990e-29
 212.008576     -0.463   0.314549    16.4966    -1.8132     -0.459     0.1816    -0.9974 -9.990e-29
 212.008582     -0.455   0.314808    16.4940    -1.8135     -0.451     0.1818    -0.9969 -9.990e-29
 212.008588     -0.448   0.315032    16.4925    -1.8138     -0.444     0.1819    -0.9965 -9.990e-29
 212.008594     -0.443   0.314966    16.4907    -1.8141     -0.439     0.1819    -0.9962 -9.990e-29
 212.008600     -0.438   0.315077    16.4867    -1.8142     -0.434     0.1820    -0.9955 -9.990e-29
 212.008605     -0.434   0.315510    16.4794    -1.8144     -0.430     0.1823    -0.9940 -9.990e-29
 212.008611     -0.431   0.315738    16.4690    -1.8148     -0.427     0.1824    -0.9921 -9.990e-29
 212.008617     -0.427   0.315511    16.4573    -1.8153     -0.423     0.1823    -0.9902 -9.990e-29
 212.008623     -0.424   0.315078    16.4468    -1.8160     -0.420     0.1821    -0.9886 -9.990e-29
 212.008628     -0.420   0.314972    16.4383    -1.8167     -0.416     0.1821    -0.9872 -9.990e-29
 212.008634     -0.415   0.315050    16.4307    -1.8174     -0.412     0.1822    -0.9859 -9.990e-29
 212.008640     -0.410   0.314862    16.4232    -1.8181     -0.407     0.1821    -0.9847 -9.990e-29
 212.008646     -0.403   0.314713    16.4163    -1.8184     -0.400     0.1820    -0.9836 -9.990e-29
 212.008652     -0.395   0.314959    16.4100    -1.8186     -0.392     0.1822    -0.9824 -9.990e-29
 212.008657     -0.385   0.315374    16.4024    -1.8185     -0.382     0.1825    -0.9809 -9.990e-29
 212.008663     -0.376   0.315404    16.3914    -1.8186     -0.373     0.1826    -0.9790 -9.990e-29
 212.008669     -0.372   0.315089    16.3773    -1.8189     -0.369     0.1824    -0.9768 -9.990e-29
 212.008675     -0.369   0.315116    16.3611    -1.8193     -0.366     0.1825    -0.9740 -9.990e-29
 212.008681     -0.367   0.315520    16.3436    -1.8196     -0.364     0.1828    -0.9708 -9.990e-29
 212.008686     -0.369   0.315734    16.3266    -1.8201     -0.366     0.1830    -0.9678 -9.990e-29
 212.008692     -0.372   0.315489    16.3122    -1.8205     -0.369     0.1829    -0.9655 -9.990e-29
 212.008698     -0.371   0.315012    16.3022    -1.8209     -0.368     0.1827    -0.9640 -9.990e-29
 212.008704     -0.366   0.314774    16.2965    -1.8211     -0.363     0.1826    -0.9632 -9.990e-29
 212.008709     -0.357   0.315012    16.2931    -1.8212     -0.354     0.1827    -0.9625 -9.990e-29
 212.008715     -0.344   0.315489    16.2887    -1.8215     -0.341     0.1830    -0.9615 -9.990e-29
 212.008721     -0.329   0.315735    16.2817    -1.8217     -0.326     0.1832    -0.9602 -9.990e-29
 212.008727     -0.317   0.315524    16.2730    -1.8222     -0.314     0.1831    -0.9589 -9.990e-29
 212.008733     -0.306   0.315129    16.2634    -1.8224     -0.303     0.1829    -0.9574 -9.990e-29
 212.008738     -0.296   0.315128    16.2533    -1.8228     -0.294     0.1830    -0.9557 -9.990e-29
 212.008744     -0.287   0.315522    16.2433    -1.8232     -0.285     0.1833    -0.9538 -9.990e-29
 212.008750     -0.281   0.315729    16.2341    -1.8237     -0.279     0.1834    -0.9522 -9.990e-29
 212.008756     -0.283   0.315473    16.2264    -1.8242     -0.281     0.1833    -0.9510 -9.990e-29
 212.008762     -0.288   0.314965    16.2197    -1.8244     -0.286     0.1830    -0.9501 -9.990e-29
 212.008767     -0.289   0.314636    16.2131    -1.8248     -0.287     0.1829    -0.9491 -9.990e-29
 212.008773     -0.281   0.314599    16.2058    -1.8250     -0.279     0.1829    -0.9479 -9.990e-29
 212.008779     -0.267   0.314806    16.1976    -1.8251     -0.265     0.1830    -0.9465 -9.990e-29
 212.008785     -0.257   0.314980    16.1888    -1.8252     -0.255     0.1832    -0.9449 -9.990e-29
 212.008791     -0.248   0.314800    16.1792    -1.8252     -0.246     0.1831    -0.9434 -9.990e-29
 212.008796     -0.236   0.314580    16.1681    -1.8251     -0.234     0.1830    -0.9416 -9.990e-29
 212.008802     -0.225   0.314580    16.1563    -1.8251     -0.223     0.1831    -0.9396 -9.990e-29
 212.008808     -0.217   0.314798    16.1456    -1.8252     -0.215     0.1832    -0.9377 -9.990e-29
 212.008814     -0.214   0.314973    16.1367    -1.8253     -0.212     0.1834    -0.9361 -9.990e-29
 212.008819     -0.214   0.314785    16.1290    -1.8253     -0.212     0.1833    -0.9349 -9.990e-29
 212.008825     -0.218   0.314538    16.1231    -1.8254     -0.216     0.1832    -0.9341 -9.990e-29
 212.008831     -0.225   0.314456    16.1192    -1.8255     -0.223     0.1831    -0.9334 -9.990e-29
 212.008837     -0.233   0.314428    16.1169    -1.8256     -0.231     0.1831    -0.9331 -9.990e-29
 212.008843     -0.236   0.314419    16.1161    -1.8259     -0.234     0.1831    -0.9329 -9.990e-29
 212.008848     -0.241   0.314415    16.1160    -1.8259     -0.239     0.1831    -0.9329 -9.990e-29
 212.008854     -0.246   0.314412    16.1156    -1.8262     -0.244     0.1831    -0.9329 -9.990e-29
 212.008860     -0.243   0.314408    16.1148    -1.8263     -0.241     0.1831    -0.9327 -9.990e-29
 212.008866     -0.233   0.314396    16.1136    -1.8259     -0.231     0.1831    -0.9325 -9.990e-29
 212.008872     -0.224   0.314359    16.1118    -1.8261     -0.222     0.1831    -0.9322 -9.990e-29
