data/oxygen options/ONMS/Olympic_Coast_National_Marine_Sanctuary_CTD_Data_2005_2023/raw_data/2019/CAST_MB015_190827faed.cnv
* Sea-Bird SBE 19 Data File:
* FileName = C:\2019 Mooring Data\Casts\CAST_MB015_190827.hex
* Software Version SeatermAF 2.1.2
* Temperature SN = 2997
* Conductivity SN = 2997
* System UpLoad Time = Aug 27 2019 18:42:18 (localtime) = Aug 27 2019 18:42:18 (UTC)
** CAST_MB015_190827
* ds
# nquan = 9                                 
# nvalues = 810                         
# units = specified
# name 0 = timeJ: Julian Days
# name 1 = prSM: Pressure, Strain Gauge [db]
# name 2 = c0mS/cm: Conductivity [mS/cm]
# name 3 = t090C: Temperature [ITS-90, deg C]
# name 4 = sbeox0ML/L: Oxygen, SBE 43 [ml/l]
# name 5 = depSM: Depth [salt water, m], lat = 47.5
# name 6 = sal00: Salinity, Practical [PSU]
# name 7 = sigma-é00: Density [sigma-theta, kg/m^3]
# name 8 = flag: flag
# span 0 = 239.741921, 239.746603       
# span 1 =     -4.720,     18.486       
# span 2 =   0.459563,  40.461380       
# span 3 =     8.9772,    21.3284       
# span 4 =    -1.6735,    10.5311       
# span 5 =     -4.681,     18.331       
# span 6 =     0.2413,    33.6639       
# span 7 =    -1.8637,    25.8020       
# span 8 = 0.0000e+00, 0.0000e+00       
# interval = seconds: 0.5
# start_time = Aug 27 2019 17:48:22 [Instrument's time stamp, header]
# bad_flag = -9.990e-29
*END*
 239.741921     -4.720 -9.990e-29    21.1623    -1.6520     -4.681 -9.990e-29 -9.990e-29 -9.990e-29
 239.741927     -4.715   0.682870    21.1711    -1.6518     -4.676     0.3611    -1.7681 -9.990e-29
 239.741933     -4.708   0.682930    21.1794    -1.6515     -4.669     0.3611    -1.7700 -9.990e-29
 239.741939     -4.698   0.682372    21.1863    -1.6515     -4.659     0.3608    -1.7717 -9.990e-29
 239.741944     -4.687   0.681559    21.1920    -1.6516     -4.648     0.3603    -1.7734 -9.990e-29
 239.741950     -4.671   0.681070    21.1966    -1.6515     -4.632     0.3600    -1.7746 -9.990e-29
 239.741956     -4.652   0.680806    21.1992    -1.6514     -4.613     0.3598    -1.7753 -9.990e-29
 239.741962     -4.626   0.680415    21.1998    -1.6514     -4.587     0.3596    -1.7756 -9.990e-29
 239.741968     -4.594   0.679930    21.2006    -1.6512     -4.556     0.3593    -1.7760 -9.990e-29
 239.741973     -4.556   0.680367    21.2037    -1.6513     -4.518     0.3595    -1.7765 -9.990e-29
 239.741979     -4.520   0.682863    21.2091    -1.6512     -4.482     0.3608    -1.7767 -9.990e-29
 239.741985     -4.487   0.686316    21.2143    -1.6510     -4.450     0.3627    -1.7764 -9.990e-29
 239.741991     -4.455   0.688133    21.2172    -1.6506     -4.418     0.3636    -1.7763 -9.990e-29
 239.741997     -4.422   0.687968    21.2180    -1.6502     -4.385     0.3635    -1.7766 -9.990e-29
 239.742002     -4.390   0.687816    21.2185    -1.6497     -4.353     0.3635    -1.7767 -9.990e-29
 239.742008     -4.362   0.689139    21.2195    -1.6493     -4.326     0.3642    -1.7764 -9.990e-29
 239.742014     -4.332   0.692039    21.2215    -1.6491     -4.296     0.3657    -1.7757 -9.990e-29
 239.742020     -4.296   0.695952    21.2243    -1.6489     -4.260     0.3678    -1.7747 -9.990e-29
 239.742025     -4.263   0.699450    21.2273    -1.6488     -4.227     0.3697    -1.7739 -9.990e-29
 239.742031     -4.233   0.700553    21.2319    -1.6487     -4.198     0.3703    -1.7745 -9.990e-29
 239.742037     -4.205   0.699071    21.2396    -1.6486     -4.170     0.3694    -1.7768 -9.990e-29
 239.742043     -4.178   0.696905    21.2504    -1.6486     -4.143     0.3682    -1.7802 -9.990e-29
 239.742049     -4.149   0.695600    21.2634    -1.6487     -4.114     0.3673    -1.7837 -9.990e-29
 239.742054     -4.117   0.695077    21.2770    -1.6485     -4.083     0.3669    -1.7870 -9.990e-29
 239.742060     -4.084   0.694640    21.2890    -1.6486     -4.050     0.3666    -1.7898 -9.990e-29
 239.742066     -4.052   0.694260    21.2982    -1.6486     -4.018     0.3663    -1.7921 -9.990e-29
 239.742072     -4.019   0.693986    21.3049    -1.6486     -3.985     0.3661    -1.7937 -9.990e-29
 239.742078     -3.988   0.693452    21.3099    -1.6485     -3.955     0.3658    -1.7951 -9.990e-29
 239.742083     -3.960   0.692502    21.3140    -1.6485     -3.927     0.3652    -1.7964 -9.990e-29
 239.742089     -3.934   0.690980    21.3170    -1.6483     -3.901     0.3644    -1.7977 -9.990e-29
 239.742095     -3.908   0.688517    21.3188    -1.6485     -3.875     0.3630    -1.7991 -9.990e-29
 239.742101     -3.880   0.685153    21.3206    -1.6487     -3.848     0.3612    -1.8009 -9.990e-29
 239.742106     -3.850   0.681387    21.3228    -1.6490     -3.818     0.3591    -1.8030 -9.990e-29
 239.742112     -3.818   0.677739    21.3241    -1.6493     -3.786     0.3571    -1.8048 -9.990e-29
 239.742118     -3.792   0.674327    21.3245    -1.6495     -3.760     0.3553    -1.8063 -9.990e-29
 239.742124     -3.775   0.671035    21.3253    -1.6498     -3.744     0.3535    -1.8078 -9.990e-29
 239.742130     -3.760   0.667905    21.3269    -1.6501     -3.729     0.3518    -1.8095 -9.990e-29
 239.742135     -3.743   0.665196    21.3284    -1.6504     -3.712     0.3503    -1.8110 -9.990e-29
 239.742141     -3.727   0.663173    21.3282    -1.6502     -3.696     0.3492    -1.8117 -9.990e-29
 239.742147     -3.710   0.661908    21.3251    -1.6502     -3.679     0.3485    -1.8116 -9.990e-29
 239.742153     -3.684   0.661377    21.3195    -1.6503     -3.653     0.3483    -1.8105 -9.990e-29
 239.742159     -3.647   0.661427    21.3123    -1.6504     -3.617     0.3484    -1.8089 -9.990e-29
 239.742164     -3.604   0.661569    21.3048    -1.6506     -3.574     0.3485    -1.8071 -9.990e-29
 239.742170     -3.562   0.660887    21.2974    -1.6507     -3.532     0.3482    -1.8057 -9.990e-29
 239.742176     -3.526   0.659025    21.2895    -1.6510     -3.497     0.3472    -1.8047 -9.990e-29
 239.742182     -3.499   0.656272    21.2816    -1.6513     -3.470     0.3458    -1.8040 -9.990e-29
 239.742188     -3.478   0.652834    21.2760    -1.6518     -3.449     0.3440    -1.8042 -9.990e-29
 239.742193     -3.463   0.649112    21.2741    -1.6526     -3.434     0.3420    -1.8053 -9.990e-29
 239.742199     -3.448   0.645680    21.2737    -1.6534     -3.419     0.3401    -1.8066 -9.990e-29
 239.742205     -3.428   0.642950    21.2719    -1.6541     -3.399     0.3387    -1.8074 -9.990e-29
 239.742211     -3.406   0.641159    21.2682    -1.6541     -3.378     0.3377    -1.8073 -9.990e-29
 239.742216     -3.385   0.640689    21.2633    -1.6543     -3.357     0.3375    -1.8063 -9.990e-29
 239.742222     -3.363   0.641467    21.2572    -1.6542     -3.335     0.3380    -1.8046 -9.990e-29
 239.742228     -3.340   0.642316    21.2489    -1.6543     -3.312     0.3385    -1.8024 -9.990e-29
 239.742234     -3.313   0.642154    21.2372    -1.6543     -3.285     0.3385    -1.7998 -9.990e-29
 239.742240     -3.281   0.641319    21.2209    -1.6543     -3.254     0.3382    -1.7965 -9.990e-29
 239.742245     -3.246   0.640360    21.2000    -1.6543     -3.219     0.3378    -1.7922 -9.990e-29
 239.742251     -3.215   0.639105    21.1784    -1.6544     -3.188     0.3373    -1.7879 -9.990e-29
 239.742257     -3.189   0.637544    21.1619    -1.6550     -3.162     0.3365    -1.7848 -9.990e-29
 239.742263     -3.168   0.635812    21.1526    -1.6557     -3.142     0.3357    -1.7834 -9.990e-29
 239.742269     -3.150   0.633815    21.1484    -1.6559     -3.124     0.3346    -1.7833 -9.990e-29
 239.742274     -3.133   0.631661    21.1468    -1.6559     -3.107     0.3335    -1.7838 -9.990e-29
 239.742280     -3.117   0.629799    21.1454    -1.6557     -3.091     0.3325    -1.7843 -9.990e-29
 239.742286     -3.101   0.628518    21.1442    -1.6554     -3.075     0.3318    -1.7846 -9.990e-29
 239.742292     -3.083   0.627773    21.1433    -1.6552     -3.057     0.3314    -1.7847 -9.990e-29
 239.742297     -3.063   0.627125    21.1408    -1.6553     -3.037     0.3310    -1.7844 -9.990e-29
 239.742303     -3.038   0.626263    21.1339    -1.6554     -3.013     0.3306    -1.7832 -9.990e-29
 239.742309     -3.013   0.625700    21.1214    -1.6557     -2.988     0.3304    -1.7806 -9.990e-29
 239.742315     -2.993   0.625794    21.1080    -1.6559     -2.968     0.3306    -1.7776 -9.990e-29
 239.742321     -2.978   0.626116    21.1000    -1.6557     -2.953     0.3308    -1.7756 -9.990e-29
 239.742326     -2.959   0.626544    21.0987    -1.6557     -2.934     0.3310    -1.7752 -9.990e-29
 239.742332     -2.933   0.627649    21.1024    -1.6555     -2.909     0.3316    -1.7755 -9.990e-29
 239.742338     -2.907   0.629244    21.1080    -1.6556     -2.883     0.3324    -1.7761 -9.990e-29
 239.742344     -2.886   0.629579    21.1121    -1.6557     -2.862     0.3326    -1.7769 -9.990e-29
 239.742350     -2.866   0.627442    21.1127    -1.6558     -2.842     0.3314    -1.7779 -9.990e-29
 239.742355     -2.847   0.623859    21.1100    -1.6559     -2.823     0.3295    -1.7788 -9.990e-29
 239.742361     -2.827   0.620698    21.1053    -1.6557     -2.803     0.3278    -1.7791 -9.990e-29
 239.742367     -2.806   0.618730    21.1021    -1.6555     -2.783     0.3268    -1.7792 -9.990e-29
 239.742373     -2.781   0.617548    21.1021    -1.6552     -2.758     0.3261    -1.7796 -9.990e-29
 239.742378     -2.752   0.616684    21.1043    -1.6550     -2.729     0.3256    -1.7805 -9.990e-29
 239.742384     -2.721   0.616095    21.1061    -1.6549     -2.698     0.3253    -1.7811 -9.990e-29
 239.742390     -2.694   0.615549    21.1057    -1.6555     -2.672     0.3250    -1.7813 -9.990e-29
 239.742396     -2.674   0.614873    21.1037    -1.6566     -2.652     0.3247    -1.7811 -9.990e-29
 239.742402     -2.656   0.614273    21.1020    -1.6578     -2.634     0.3243    -1.7810 -9.990e-29
 239.742407     -2.633   0.614057    21.1027    -1.6582     -2.611     0.3242    -1.7812 -9.990e-29
 239.742413     -2.610   0.614493    21.1066    -1.6586     -2.588     0.3244    -1.7819 -9.990e-29
 239.742419     -2.588   0.615053    21.1125    -1.6589     -2.566     0.3247    -1.7830 -9.990e-29
 239.742425     -2.566   0.614824    21.1186    -1.6591     -2.545     0.3245    -1.7845 -9.990e-29
 239.742431     -2.548   0.613503    21.1220    -1.6591     -2.527     0.3238    -1.7858 -9.990e-29
 239.742436     -2.535   0.611544    21.1177    -1.6594     -2.514     0.3227    -1.7856 -9.990e-29
 239.742442     -2.524   0.609657    21.1016    -1.6592     -2.503     0.3218    -1.7828 -9.990e-29
 239.742448     -2.509   0.608098    21.0760    -1.6596     -2.488     0.3212    -1.7777 -9.990e-29
 239.742454     -2.490   0.607004    21.0496    -1.6606     -2.469     0.3208    -1.7723 -9.990e-29
 239.742459     -2.469   0.606576    21.0290    -1.6616     -2.448     0.3207    -1.7678 -9.990e-29
 239.742465     -2.448   0.606800    21.0146    -1.6613     -2.428     0.3209    -1.7645 -9.990e-29
 239.742471     -2.428   0.607420    21.0047    -1.6617     -2.408     0.3213    -1.7621 -9.990e-29
 239.742477     -2.411   0.607601    20.9983    -1.6627     -2.391     0.3215    -1.7606 -9.990e-29
 239.742483     -2.396   0.606478    20.9939    -1.6632     -2.376     0.3209    -1.7601 -9.990e-29
 239.742488     -2.377   0.604217    20.9900    -1.6634     -2.357     0.3197    -1.7601 -9.990e-29
 239.742494     -2.358   0.601681    20.9839    -1.6642     -2.338     0.3183    -1.7598 -9.990e-29
 239.742500     -2.341   0.599918    20.9702    -1.6647     -2.321     0.3175    -1.7575 -9.990e-29
 239.742506     -2.326   0.599348    20.9491    -1.6652     -2.307     0.3173    -1.7531 -9.990e-29
 239.742512     -2.312   0.599210    20.9301    -1.6656     -2.293     0.3174    -1.7489 -9.990e-29
 239.742517     -2.298   0.598767    20.9174    -1.6659     -2.279     0.3172    -1.7463 -9.990e-29
 239.742523     -2.283   0.597983    20.9028    -1.6662     -2.264     0.3169    -1.7433 -9.990e-29
 239.742529     -2.265   0.597474    20.8838    -1.6664     -2.246     0.3167    -1.7393 -9.990e-29
 239.742535     -2.245   0.597672    20.8665    -1.6668     -2.226     0.3170    -1.7354 -9.990e-29
 239.742541     -2.224   0.597733    20.8510    -1.6671     -2.205     0.3171    -1.7320 -9.990e-29
 239.742546     -2.206   0.596630    20.8341    -1.6671     -2.188     0.3166    -1.7287 -9.990e-29
 239.742552     -2.190   0.594555    20.8173    -1.6672     -2.172     0.3156    -1.7258 -9.990e-29
 239.742558     -2.174   0.592619    20.8026    -1.6672     -2.156     0.3147    -1.7234 -9.990e-29
 239.742564     -2.158   0.591563    20.7898    -1.6670     -2.140     0.3142    -1.7210 -9.990e-29
 239.742569     -2.145   0.591089    20.7787    -1.6671     -2.127     0.3140    -1.7188 -9.990e-29
 239.742575     -2.134   0.590563    20.7693    -1.6675     -2.116     0.3138    -1.7169 -9.990e-29
 239.742581     -2.120   0.589841    20.7602    -1.6673     -2.102     0.3134    -1.7152 -9.990e-29
 239.742587     -2.106   0.589067    20.7509    -1.6673     -2.088     0.3131    -1.7135 -9.990e-29
 239.742593     -2.096   0.588318    20.7435    -1.6673     -2.079     0.3127    -1.7122 -9.990e-29
 239.742598     -2.090   0.587703    20.7392    -1.6671     -2.073     0.3124    -1.7115 -9.990e-29
 239.742604     -2.086   0.586955    20.7373    -1.6669     -2.069     0.3120    -1.7114 -9.990e-29
 239.742610     -2.081   0.585633    20.7373    -1.6667     -2.064     0.3113    -1.7119 -9.990e-29
 239.742616     -2.069   0.584189    20.7374    -1.6668     -2.052     0.3105    -1.7126 -9.990e-29
 239.742622     -2.051   0.583466    20.7356    -1.6670     -2.034     0.3101    -1.7125 -9.990e-29
 239.742627     -2.024   0.583609    20.7333    -1.6671     -2.007     0.3102    -1.7119 -9.990e-29
 239.742633     -1.995   0.584256    20.7329    -1.6670     -1.978     0.3106    -1.7115 -9.990e-29
 239.742639     -1.973   0.584608    20.7345    -1.6670     -1.957     0.3108    -1.7117 -9.990e-29
 239.742645     -1.949   0.584030    20.7372    -1.6672     -1.933     0.3104    -1.7126 -9.990e-29
 239.742650     -1.924   0.582859    20.7410    -1.6673     -1.908     0.3098    -1.7139 -9.990e-29
 239.742656     -1.900   0.581749    20.7454    -1.6673     -1.884     0.3091    -1.7153 -9.990e-29
 239.742662     -1.875   0.581434    20.7484    -1.6672     -1.859     0.3089    -1.7161 -9.990e-29
 239.742668     -1.853   0.582603    20.7482    -1.6671     -1.838     0.3096    -1.7156 -9.990e-29
 239.742674     -1.835   0.584597    20.7461    -1.6672     -1.820     0.3107    -1.7143 -9.990e-29
 239.742679     -1.821   0.585646    20.7447    -1.6671     -1.806     0.3113    -1.7135 -9.990e-29
 239.742685     -1.809   0.584934    20.7445    -1.6670     -1.794     0.3109    -1.7138 -9.990e-29
 239.742691     -1.800   0.583174    20.7435    -1.6670     -1.785     0.3099    -1.7143 -9.990e-29
 239.742697     -1.792   0.581341    20.7409    -1.6671     -1.777     0.3089    -1.7145 -9.990e-29
 239.742703     -1.785   0.579761    20.7382    -1.6672     -1.770     0.3081    -1.7146 -9.990e-29
 239.742708     -1.779   0.578540    20.7374    -1.6675     -1.764     0.3074    -1.7149 -9.990e-29
 239.742714     -1.773   0.577713    20.7388    -1.6677     -1.758     0.3070    -1.7156 -9.990e-29
 239.742720     -1.767   0.577285    20.7407    -1.6675     -1.752     0.3067    -1.7161 -9.990e-29
 239.742726     -1.760   0.577238    20.7420    -1.6676     -1.745     0.3067    -1.7165 -9.990e-29
 239.742731     -1.753   0.576957    20.7435    -1.6678     -1.738     0.3065    -1.7169 -9.990e-29
 239.742737     -1.743   0.576066    20.7447    -1.6676     -1.728     0.3060    -1.7175 -9.990e-29
 239.742743     -1.732   0.575040    20.7441    -1.6676     -1.718     0.3055    -1.7178 -9.990e-29
 239.742749     -1.718   0.574171    20.7415    -1.6678     -1.704     0.3050    -1.7176 -9.990e-29
 239.742755     -1.700   0.573409    20.7374    -1.6676     -1.686     0.3046    -1.7170 -9.990e-29
 239.742760     -1.677   0.572845    20.7327    -1.6673     -1.663     0.3044    -1.7162 -9.990e-29
 239.742766     -1.653   0.572280    20.7296    -1.6671     -1.639     0.3041    -1.7158 -9.990e-29
 239.742772     -1.629   0.571515    20.7287    -1.6673     -1.615     0.3037    -1.7159 -9.990e-29
 239.742778     -1.605   0.570638    20.7276    -1.6682     -1.592     0.3032    -1.7160 -9.990e-29
 239.742784     -1.582   0.569587    20.7267    -1.6683     -1.569     0.3026    -1.7163 -9.990e-29
 239.742789     -1.564   0.568620    20.7274    -1.6682     -1.551     0.3021    -1.7168 -9.990e-29
 239.742795     -1.550   0.568110    20.7281    -1.6681     -1.537     0.3018    -1.7172 -9.990e-29
 239.742801     -1.539   0.567931    20.7286    -1.6684     -1.526     0.3017    -1.7174 -9.990e-29
 239.742807     -1.530   0.567845    20.7313    -1.6685     -1.517     0.3016    -1.7180 -9.990e-29
 239.742813     -1.523   0.567737    20.7353    -1.6685     -1.510     0.3016    -1.7189 -9.990e-29
 239.742818     -1.516   0.567464    20.7364    -1.6685     -1.503     0.3014    -1.7193 -9.990e-29
 239.742824     -1.510   0.566663    20.7305    -1.6684     -1.497     0.3010    -1.7183 -9.990e-29
 239.742830     -1.505   0.565371    20.7204    -1.6687     -1.492     0.3004    -1.7166 -9.990e-29
 239.742836     -1.499   0.564082    20.7136    -1.6689     -1.486     0.2997    -1.7157 -9.990e-29
 239.742841     -1.493   0.562738    20.7117    -1.6691     -1.481     0.2990    -1.7158 -9.990e-29
