data/oxygen options/ONMS/Olympic_Coast_National_Marine_Sanctuary_CTD_Data_2005_2023/raw_data/2019/CAST_MB015_190624faed.cnv
* Sea-Bird SBE19 Data File:
* FileName = C:\2019 Mooring Data\Casts\CAST_MB015_190624.hex
* Software Version 1.59
* Temperature SN = 2997
* Conductivity SN = 2997
* System UpLoad Time = Jun 24 2019 20:54:57
** CAST_MB015_190624
* ds
# nquan = 9                                 
# nvalues = 746                         
# units = specified
# name 0 = timeJ: Julian Days
# name 1 = prSM: Pressure, Strain Gauge [db]
# name 2 = c0mS/cm: Conductivity [mS/cm]
# name 3 = t090C: Temperature [ITS-90, deg C]
# name 4 = sbeox0ML/L: Oxygen, SBE 43 [ml/l]
# name 5 = depSM: Depth [salt water, m], lat = 47.5
# name 6 = sal00: Salinity, Practical [PSU]
# name 7 = sigma-é00: Density [sigma-theta, kg/m^3]
# name 8 = flag: flag
# span 0 = 175.833553, 175.837865       
# span 1 =     -4.781,     13.626       
# span 2 =   0.292708,  39.185207       
# span 3 =     8.8982,    15.8540       
# span 4 =    -1.9128,    13.7564       
# span 5 =     -4.741,     13.512       
# span 6 =     0.1738,    33.4446       
# span 7 =    -0.8212,    25.8024       
# span 8 = 0.0000e+00, 0.0000e+00       
# interval = seconds: 0.5
# start_time = Jun 24 2019 20:00:19 [Instrument's time stamp, header]
# bad_flag = -9.990e-29
*END*
 175.833553     -4.775 -9.990e-29    15.2367    -1.8601     -4.735 -9.990e-29 -9.990e-29 -9.990e-29
 175.833559     -4.781   0.292708    15.2316    -1.8608     -4.741     0.1738    -0.7995 -9.990e-29
 175.833565     -4.777   0.292708    15.2313    -1.8613     -4.737     0.1739    -0.7994 -9.990e-29
 175.833571     -4.762   0.292708    15.2350    -1.8617     -4.722     0.1738    -0.8000 -9.990e-29
 175.833576     -4.745   0.292708    15.2395    -1.8621     -4.705     0.1738    -0.8007 -9.990e-29
 175.833582     -4.728   0.292708    15.2402    -1.8627     -4.689     0.1738    -0.8008 -9.990e-29
 175.833588     -4.710   0.292708    15.2331    -1.8632     -4.671     0.1738    -0.7997 -9.990e-29
 175.833594     -4.690   0.292708    15.2187    -1.8634     -4.651     0.1739    -0.7975 -9.990e-29
 175.833600     -4.666   0.292708    15.1998    -1.8642     -4.627     0.1740    -0.7945 -9.990e-29
 175.833605     -4.639   0.292708    15.1794    -1.8647     -4.600     0.1741    -0.7913 -9.990e-29
 175.833611     -4.609   0.292708    15.1611    -1.8655     -4.571     0.1741    -0.7884 -9.990e-29
 175.833617     -4.579   0.292709    15.1465    -1.8658     -4.541     0.1742    -0.7862 -9.990e-29
 175.833623     -4.548   0.292709    15.1345    -1.8664     -4.510     0.1742    -0.7843 -9.990e-29
 175.833628     -4.517   0.292709    15.1227    -1.8670     -4.479     0.1743    -0.7824 -9.990e-29
 175.833634     -4.489   0.292709    15.1102    -1.8677     -4.452     0.1743    -0.7805 -9.990e-29
 175.833640     -4.463   0.292709    15.0982    -1.8682     -4.426     0.1744    -0.7786 -9.990e-29
 175.833646     -4.436   0.292709    15.0863    -1.8690     -4.399     0.1744    -0.7768 -9.990e-29
 175.833652     -4.407   0.292710    15.0723    -1.8696     -4.370     0.1745    -0.7746 -9.990e-29
 175.833657     -4.378   0.292710    15.0570    -1.8701     -4.342     0.1746    -0.7722 -9.990e-29
 175.833663     -4.352   0.292710    15.0422    -1.8708     -4.316     0.1746    -0.7699 -9.990e-29
 175.833669     -4.327   0.292710    15.0285    -1.8716     -4.291     0.1747    -0.7678 -9.990e-29
 175.833675     -4.301   0.292710    15.0148    -1.8722     -4.265     0.1747    -0.7657 -9.990e-29
 175.833681     -4.273   0.292710    15.0000    -1.8729     -4.237     0.1748    -0.7634 -9.990e-29
 175.833686     -4.246   0.292710    14.9843    -1.8736     -4.211     0.1749    -0.7610 -9.990e-29
 175.833692     -4.221   0.292711    14.9680    -1.8743     -4.186     0.1749    -0.7585 -9.990e-29
 175.833698     -4.197   0.292712    14.9514    -1.8748     -4.162     0.1750    -0.7559 -9.990e-29
 175.833704     -4.174   0.292713    14.9356    -1.8749     -4.139     0.1751    -0.7535 -9.990e-29
 175.833709     -4.148   0.292718    14.9201    -1.8748     -4.113     0.1751    -0.7511 -9.990e-29
 175.833715     -4.120   0.292732    14.9036    -1.8750     -4.086     0.1752    -0.7486 -9.990e-29
 175.833721     -4.086   0.292773    14.8862    -1.8753     -4.052     0.1753    -0.7459 -9.990e-29
 175.833727     -4.049   0.292896    14.8691    -1.8755     -4.015     0.1754    -0.7432 -9.990e-29
 175.833733     -4.015   0.293266    14.8523    -1.8755     -3.982     0.1757    -0.7404 -9.990e-29
 175.833738     -3.987   0.293819    14.8359    -1.8755     -3.954     0.1761    -0.7377 -9.990e-29
 175.833744     -3.962   0.294187    14.8210    -1.8759     -3.929     0.1764    -0.7352 -9.990e-29
 175.833750     -3.939   0.294307    14.8101    -1.8764     -3.906     0.1765    -0.7335 -9.990e-29
 175.833756     -3.916   0.294339    14.8042    -1.8769     -3.883     0.1766    -0.7326 -9.990e-29
 175.833762     -3.893   0.294324    14.8013    -1.8774     -3.861     0.1766    -0.7322 -9.990e-29
 175.833767     -3.867   0.294242    14.7980    -1.8779     -3.835     0.1766    -0.7317 -9.990e-29
 175.833773     -3.837   0.293984    14.7936    -1.8782     -3.805     0.1764    -0.7312 -9.990e-29
 175.833779     -3.805   0.293759    14.7896    -1.8786     -3.773     0.1763    -0.7307 -9.990e-29
 175.833785     -3.778   0.293821    14.7865    -1.8789     -3.747     0.1763    -0.7302 -9.990e-29
 175.833791     -3.758   0.293698    14.7823    -1.8793     -3.727     0.1763    -0.7296 -9.990e-29
 175.833796     -3.741   0.293228    14.7749    -1.8796     -3.710     0.1760    -0.7287 -9.990e-29
 175.833802     -3.719   0.292891    14.7642    -1.8801     -3.688     0.1759    -0.7272 -9.990e-29
 175.833808     -3.697   0.292791    14.7522    -1.8807     -3.666     0.1759    -0.7254 -9.990e-29
 175.833814     -3.678   0.292794    14.7402    -1.8813     -3.647     0.1759    -0.7236 -9.990e-29
 175.833819     -3.659   0.292903    14.7293    -1.8820     -3.628     0.1760    -0.7219 -9.990e-29
 175.833825     -3.640   0.293265    14.7197    -1.8823     -3.610     0.1763    -0.7203 -9.990e-29
 175.833831     -3.620   0.293809    14.7107    -1.8828     -3.590     0.1767    -0.7187 -9.990e-29
 175.833837     -3.598   0.294150    14.7019    -1.8832     -3.568     0.1769    -0.7172 -9.990e-29
 175.833843     -3.571   0.294191    14.6927    -1.8840     -3.541     0.1770    -0.7158 -9.990e-29
 175.833848     -3.542   0.293986    14.6825    -1.8849     -3.512     0.1769    -0.7143 -9.990e-29
 175.833854     -3.515   0.293815    14.6708    -1.8857     -3.486     0.1768    -0.7127 -9.990e-29
 175.833860     -3.486   0.294004    14.6573    -1.8868     -3.457     0.1770    -0.7105 -9.990e-29
 175.833866     -3.460   0.294252    14.6427    -1.8874     -3.431     0.1772    -0.7082 -9.990e-29
 175.833872     -3.438   0.294335    14.6288    -1.8888     -3.409     0.1773    -0.7061 -9.990e-29
 175.833877     -3.418   0.294363    14.6165    -1.8905     -3.390     0.1774    -0.7042 -9.990e-29
 175.833883     -3.400   0.294373    14.6043    -1.8920     -3.372     0.1774    -0.7024 -9.990e-29
 175.833889     -3.382   0.294376    14.5900    -1.8932     -3.354     0.1775    -0.7003 -9.990e-29
 175.833895     -3.364   0.294377    14.5725    -1.8944     -3.336     0.1776    -0.6976 -9.990e-29
 175.833900     -3.344   0.294377    14.5522    -1.8959     -3.316     0.1777    -0.6946 -9.990e-29
 175.833906     -3.321   0.294377    14.5302    -1.8970     -3.293     0.1778    -0.6913 -9.990e-29
 175.833912     -3.294   0.294378    14.5073    -1.8975     -3.267     0.1779    -0.6879 -9.990e-29
 175.833918     -3.264   0.294378    14.4822    -1.8980     -3.237     0.1780    -0.6842 -9.990e-29
 175.833924     -3.235   0.294378    14.4517    -1.8983     -3.208     0.1781    -0.6797 -9.990e-29
 175.833929     -3.204   0.294378    14.4168    -1.8978     -3.177     0.1782    -0.6745 -9.990e-29
 175.833935     -3.174   0.294378    14.3820    -1.8977     -3.148     0.1784    -0.6694 -9.990e-29
 175.833941     -3.147   0.294378    14.3492    -1.8981     -3.121     0.1785    -0.6646 -9.990e-29
 175.833947     -3.122   0.294379    14.3177    -1.8991     -3.096     0.1787    -0.6599 -9.990e-29
 175.833953     -3.097   0.294379    14.2880    -1.9000     -3.071     0.1788    -0.6556 -9.990e-29
 175.833958     -3.075   0.294379    14.2637    -1.9007     -3.049     0.1789    -0.6520 -9.990e-29
 175.833964     -3.058   0.294379    14.2465    -1.9016     -3.033     0.1790    -0.6495 -9.990e-29
 175.833970     -3.041   0.294379    14.2358    -1.9026     -3.016     0.1790    -0.6480 -9.990e-29
 175.833976     -3.019   0.294379    14.2316    -1.9031     -2.994     0.1790    -0.6474 -9.990e-29
 175.833981     -2.994   0.294379    14.2316    -1.9034     -2.969     0.1790    -0.6474 -9.990e-29
 175.833987     -2.970   0.294380    14.2292    -1.9031     -2.945     0.1790    -0.6470 -9.990e-29
 175.833993     -2.945   0.294380    14.2195    -1.9025     -2.920     0.1791    -0.6456 -9.990e-29
 175.833999     -2.921   0.294380    14.2028    -1.9029     -2.897     0.1791    -0.6432 -9.990e-29
 175.834005     -2.902   0.294380    14.1830    -1.9038     -2.878     0.1792    -0.6403 -9.990e-29
 175.834010     -2.885   0.294380    14.1631    -1.9046     -2.861     0.1793    -0.6374 -9.990e-29
 175.834016     -2.871   0.294380    14.1433    -1.9056     -2.847     0.1794    -0.6346 -9.990e-29
 175.834022     -2.853   0.294380    14.1254    -1.9066     -2.829     0.1795    -0.6320 -9.990e-29
 175.834028     -2.826   0.294381    14.1128    -1.9080     -2.802     0.1795    -0.6302 -9.990e-29
 175.834034     -2.794   0.294381    14.1076    -1.9093     -2.771     0.1795    -0.6294 -9.990e-29
 175.834039     -2.762   0.294381    14.1087    -1.9104     -2.739     0.1795    -0.6296 -9.990e-29
 175.834045     -2.737   0.294381    14.1098    -1.9115     -2.714     0.1795    -0.6297 -9.990e-29
 175.834051     -2.718   0.294381    14.1029    -1.9119     -2.695     0.1796    -0.6287 -9.990e-29
 175.834057     -2.699   0.294381    14.0873    -1.9121     -2.676     0.1796    -0.6265 -9.990e-29
 175.834062     -2.682   0.294381    14.0668    -1.9126     -2.660     0.1797    -0.6235 -9.990e-29
 175.834068     -2.668   0.294382    14.0437    -1.9128     -2.646     0.1798    -0.6202 -9.990e-29
 175.834074     -2.650   0.294384    14.0175    -1.9128     -2.628     0.1799    -0.6165 -9.990e-29
 175.834080     -2.632   0.294389    13.9887    -1.9127     -2.610     0.1801    -0.6124 -9.990e-29
 175.834086     -2.618   0.294402    13.9599    -1.9123     -2.596     0.1802    -0.6083 -9.990e-29
 175.834091     -2.605   0.294443    13.9335    -1.9122     -2.583     0.1803    -0.6045 -9.990e-29
 175.834097     -2.594   0.294564    13.9124    -1.9116     -2.572     0.1805    -0.6014 -9.990e-29
 175.834103     -2.583   0.294929    13.8981    -1.9104     -2.561     0.1808    -0.5992 -9.990e-29
 175.834109     -2.573   0.295470    13.8883    -1.9092     -2.552     0.1812    -0.5976 -9.990e-29
 175.834115     -2.562   0.295798    13.8807    -1.9081     -2.541     0.1814    -0.5964 -9.990e-29
 175.834120     -2.549   0.295798    13.8761    -1.9072     -2.528     0.1814    -0.5957 -9.990e-29
 175.834126     -2.534   0.295471    13.8753    -1.9067     -2.513     0.1812    -0.5958 -9.990e-29
 175.834132     -2.516   0.294932    13.8783    -1.9062     -2.495     0.1809    -0.5964 -9.990e-29
 175.834138     -2.493   0.294572    13.8846    -1.9055     -2.472     0.1806    -0.5975 -9.990e-29
 175.834144     -2.465   0.294464    13.8946    -1.9047     -2.444     0.1805    -0.5990 -9.990e-29
 175.834149     -2.434   0.294463    13.9108    -1.9040     -2.414     0.1804    -0.6013 -9.990e-29
 175.834155     -2.406   0.294568    13.9335    -1.9031     -2.386     0.1804    -0.6044 -9.990e-29
 175.834161     -2.383   0.294920    13.9590    -1.9024     -2.363     0.1805    -0.6079 -9.990e-29
 175.834167     -2.365   0.295433    13.9832    -1.9018     -2.345     0.1807    -0.6111 -9.990e-29
 175.834172     -2.350   0.295683    14.0035    -1.9016     -2.330     0.1808    -0.6139 -9.990e-29
 175.834178     -2.337   0.295451    14.0200    -1.9010     -2.318     0.1806    -0.6163 -9.990e-29
 175.834184     -2.326   0.294979    14.0353    -1.9003     -2.307     0.1802    -0.6187 -9.990e-29
 175.834190     -2.315   0.294747    14.0518    -1.8996     -2.296     0.1800    -0.6212 -9.990e-29
 175.834196     -2.304   0.294998    14.0698    -1.8991     -2.285     0.1801    -0.6237 -9.990e-29
 175.834201     -2.293   0.295512    14.0882    -1.8985     -2.274     0.1803    -0.6261 -9.990e-29
 175.834207     -2.280   0.295868    14.1065    -1.8980     -2.261     0.1805    -0.6285 -9.990e-29
 175.834213     -2.266   0.295986    14.1234    -1.8976     -2.247     0.1805    -0.6309 -9.990e-29
 175.834219     -2.248   0.296026    14.1374    -1.8972     -2.229     0.1804    -0.6329 -9.990e-29
 175.834225     -2.225   0.296040    14.1498    -1.8968     -2.206     0.1804    -0.6347 -9.990e-29
 175.834230     -2.197   0.296044    14.1635    -1.8968     -2.179     0.1803    -0.6367 -9.990e-29
 175.834236     -2.166   0.296044    14.1788    -1.8970     -2.148     0.1803    -0.6389 -9.990e-29
 175.834242     -2.139   0.296040    14.1941    -1.8970     -2.121     0.1802    -0.6411 -9.990e-29
 175.834248     -2.117   0.296027    14.2083    -1.8971     -2.099     0.1801    -0.6432 -9.990e-29
 175.834253     -2.099   0.295986    14.2218    -1.8976     -2.081     0.1801    -0.6452 -9.990e-29
 175.834259     -2.085   0.295865    14.2342    -1.8979     -2.068     0.1799    -0.6470 -9.990e-29
 175.834265     -2.074   0.295500    14.2449    -1.8979     -2.057     0.1797    -0.6487 -9.990e-29
 175.834271     -2.065   0.294960    14.2539    -1.8977     -2.048     0.1793    -0.6503 -9.990e-29
 175.834277     -2.057   0.294632    14.2601    -1.8980     -2.040     0.1791    -0.6514 -9.990e-29
 175.834282     -2.049   0.294632    14.2620    -1.8985     -2.032     0.1790    -0.6517 -9.990e-29
 175.834288     -2.042   0.294961    14.2608    -1.8992     -2.025     0.1793    -0.6513 -9.990e-29
 175.834294     -2.035   0.295501    14.2585    -1.9005     -2.018     0.1796    -0.6507 -9.990e-29
 175.834300     -2.027   0.295866    14.2541    -1.9017     -2.010     0.1798    -0.6499 -9.990e-29
 175.834306     -2.018   0.295988    14.2475    -1.9025     -2.001     0.1799    -0.6489 -9.990e-29
 175.834311     -2.007   0.296028    14.2417    -1.9029     -1.990     0.1800    -0.6480 -9.990e-29
 175.834317     -1.994   0.296042    14.2389    -1.9024     -1.977     0.1800    -0.6476 -9.990e-29
 175.834323     -1.977   0.296047    14.2368    -1.9020     -1.961     0.1800    -0.6473 -9.990e-29
 175.834329     -1.957   0.296049    14.2305    -1.9014     -1.941     0.1801    -0.6464 -9.990e-29
 175.834334     -1.935   0.296050    14.2180    -1.9008     -1.919     0.1801    -0.6446 -9.990e-29
 175.834340     -1.918   0.296050    14.1990    -1.8998     -1.902     0.1802    -0.6418 -9.990e-29
 175.834346     -1.911   0.296051    14.1751    -1.8982     -1.895     0.1803    -0.6383 -9.990e-29
 175.834352     -1.908   0.296051    14.1519    -1.8962     -1.892     0.1804    -0.6350 -9.990e-29
 175.834358     -1.901   0.296051    14.1355    -1.8940     -1.885     0.1805    -0.6326 -9.990e-29
 175.834363     -1.884   0.296052    14.1295    -1.8915     -1.868     0.1805    -0.6318 -9.990e-29
 175.834369     -1.862   0.296052    14.1333    -1.8885     -1.846     0.1805    -0.6323 -9.990e-29
 175.834375     -1.840   0.296052    14.1435    -1.8853     -1.825     0.1804    -0.6338 -9.990e-29
 175.834381     -1.823   0.296052    14.1578    -1.8822     -1.808     0.1804    -0.6358 -9.990e-29
 175.834387     -1.809   0.296053    14.1770    -1.8801     -1.794     0.1803    -0.6386 -9.990e-29
 175.834392     -1.797   0.296053    14.2043    -1.8783     -1.782     0.1802    -0.6426 -9.990e-29
 175.834398     -1.786   0.296053    14.2418    -1.8765     -1.771     0.1800    -0.6480 -9.990e-29
 175.834404     -1.776   0.296053    14.2887    -1.8746     -1.761     0.1798    -0.6549 -9.990e-29
 175.834410     -1.766   0.296054    14.3435    -1.8740     -1.751     0.1796    -0.6629 -9.990e-29
 175.834416     -1.755   0.296054    14.4059    -1.8738     -1.740     0.1793    -0.6721 -9.990e-29
 175.834421     -1.743   0.296054    14.4755    -1.8733     -1.728     0.1790    -0.6824 -9.990e-29
 175.834427     -1.729   0.296054    14.5483    -1.8725     -1.715     0.1787    -0.6932 -9.990e-29
 175.834433     -1.712   0.296054    14.6167    -1.8717     -1.698     0.1784    -0.7034 -9.990e-29
 175.834439     -1.695   0.296055    14.6749    -1.8714     -1.681     0.1782    -0.7122 -9.990e-29
 175.834444     -1.686   0.296057    14.7239    -1.8714     -1.672     0.1780    -0.7196 -9.990e-29
 175.834450     -1.684   0.296062    14.7674    -1.8718     -1.670     0.1778    -0.7262 -9.990e-29
 175.834456     -1.681   0.296076    14.8036    -1.8715     -1.667     0.1776    -0.7317 -9.990e-29
 175.834462     -1.671   0.296117    14.8278    -1.8710     -1.657     0.1776    -0.7353 -9.990e-29
 175.834468     -1.659   0.296240    14.8432    -1.8703     -1.645     0.1776    -0.7376 -9.990e-29
 175.834473     -1.649   0.296610    14.8579    -1.8693     -1.635     0.1777    -0.7397 -9.990e-29
