data/oxygen options/ONMS/Olympic_Coast_National_Marine_Sanctuary_CTD_Data_2005_2023/raw_data/2019/CAST_CE042_190828faed.cnv
* Sea-Bird SBE 19 Data File:
* FileName = C:\2019 Mooring Data\Casts\CAST_CE042_190828.hex
* Software Version SeatermAF 2.1.2
* Temperature SN = 2997
* Conductivity SN = 2997
* System UpLoad Time = Aug 28 2019 19:12:00 (localtime) = Aug 28 2019 19:12:00 (UTC)
** CAST_CE042_190828
* ds
# nquan = 9                                 
# nvalues = 972                         
# units = specified
# name 0 = timeJ: Julian Days
# name 1 = prSM: Pressure, Strain Gauge [db]
# name 2 = c0mS/cm: Conductivity [mS/cm]
# name 3 = t090C: Temperature [ITS-90, deg C]
# name 4 = sbeox0ML/L: Oxygen, SBE 43 [ml/l]
# name 5 = depSM: Depth [salt water, m], lat = 47.5
# name 6 = sal00: Salinity, Practical [PSU]
# name 7 = sigma-é00: Density [sigma-theta, kg/m^3]
# name 8 = flag: flag
# span 0 = 240.745741, 240.751360       
# span 1 =     -5.228,     42.989       
# span 2 =  -0.000076,  40.684346       
# span 3 =     7.8010,    20.1401       
# span 4 =    -1.7007,    15.7629       
# span 5 =     -5.184,     42.626       
# span 6 =     0.0000,    33.8157       
# span 7 =    -1.8238,    26.3726       
# span 8 = 0.0000e+00, 0.0000e+00       
# interval = seconds: 0.5
# start_time = Aug 28 2019 17:53:52 [Instrument's time stamp, header]
# bad_flag = -9.990e-29
*END*
[from data line 161]
 240.746672     -1.821  -0.000048    19.8503    -1.6991     -1.806     0.0000    -1.7639 -9.990e-29
 240.746678     -1.814  -0.000048    19.8479    -1.6990     -1.799     0.0000    -1.7635 -9.990e-29
 240.746684     -1.804  -0.000048    19.8481    -1.6987     -1.789     0.0000    -1.7635 -9.990e-29
 240.746690     -1.796  -0.000048    19.8484    -1.6983     -1.781     0.0000    -1.7636 -9.990e-29
 240.746696     -1.790  -0.000048    19.8444    -1.6981     -1.775     0.0000    -1.7627 -9.990e-29
 240.746701     -1.784  -0.000047    19.8330    -1.6984     -1.769     0.0000    -1.7604 -9.990e-29
 240.746707     -1.779  -0.000047    19.8201    -1.6984     -1.764     0.0000    -1.7578 -9.990e-29
 240.746713     -1.774  -0.000047    19.8148    -1.6982     -1.759     0.0000    -1.7567 -9.990e-29
 240.746719     -1.768  -0.000047    19.8165    -1.6985     -1.753     0.0000    -1.7570 -9.990e-29
 240.746725     -1.763  -0.000047    19.8201    -1.6986     -1.748     0.0000    -1.7578 -9.990e-29
 240.746730     -1.756  -0.000047    19.8249    -1.6984     -1.741     0.0000    -1.7587 -9.990e-29
 240.746736     -1.748  -0.000047    19.8316    -1.6982     -1.733     0.0000    -1.7601 -9.990e-29
 240.746742     -1.739  -0.000047    19.8384    -1.6983     -1.724     0.0000    -1.7615 -9.990e-29
 240.746748     -1.727  -0.000047    19.8422    -1.6987     -1.713     0.0000    -1.7623 -9.990e-29
 240.746753     -1.712  -0.000047    19.8424    -1.6986     -1.698     0.0000    -1.7623 -9.990e-29
 240.746759     -1.697  -0.000046    19.8420    -1.6987     -1.683     0.0000    -1.7622 -9.990e-29
 240.746765     -1.686  -0.000046    19.8416    -1.6988     -1.672     0.0000    -1.7622 -9.990e-29
 240.746771     -1.673  -0.000046    19.8399    -1.6987     -1.659     0.0000    -1.7618 -9.990e-29
 240.746777     -1.658  -0.000046    19.8390    -1.6984     -1.644     0.0000    -1.7616 -9.990e-29
 240.746782     -1.644  -0.000046    19.8411    -1.6987     -1.630     0.0000    -1.7621 -9.990e-29
 240.746788     -1.626  -0.000046    19.8430    -1.6992     -1.612     0.0000    -1.7624 -9.990e-29
 240.746794     -1.602  -0.000046    19.8412    -1.6999     -1.589     0.0000    -1.7621 -9.990e-29
 240.746800     -1.581  -0.000046    19.8374    -1.7002     -1.568     0.0000    -1.7613 -9.990e-29
 240.746806     -1.564  -0.000046    19.8348    -1.7003     -1.551     0.0000    -1.7608 -9.990e-29
 240.746811     -1.551  -0.000046    19.8331    -1.7006     -1.538     0.0000    -1.7604 -9.990e-29
 240.746817     -1.540  -0.000045    19.8322    -1.7005     -1.527     0.0000    -1.7602 -9.990e-29
 240.746823     -1.532  -0.000045    19.8329    -1.7007     -1.519     0.0000    -1.7604 -9.990e-29
 240.746829     -1.526  -0.000045    19.8322    -1.7005     -1.513     0.0000    -1.7602 -9.990e-29
 240.746834     -1.520  -0.000045    19.8257    -1.7000     -1.507     0.0000    -1.7589 -9.990e-29
 240.746840     -1.516  -0.000045    19.8133    -1.6994     -1.503     0.0000    -1.7564 -9.990e-29
 240.746846     -1.513  -0.000045    19.7997    -1.6991     -1.500     0.0000    -1.7536 -9.990e-29
 240.746852     -1.509  -0.000045    19.7895    -1.6988     -1.496     0.0000    -1.7515 -9.990e-29
 240.746858     -1.506  -0.000045    19.7828    -1.6982     -1.493     0.0000    -1.7501 -9.990e-29
 240.746863     -1.503  -0.000045    19.7781    -1.6979     -1.490     0.0000    -1.7492 -9.990e-29
 240.746869     -1.500  -0.000045    19.7758    -1.6981     -1.487     0.0000    -1.7487 -9.990e-29
 240.746875     -1.497  -0.000044    19.7764    -1.6980     -1.485     0.0000    -1.7488 -9.990e-29
 240.746881     -1.492  -0.000044    19.7822    -1.6978     -1.480     0.0000    -1.7500 -9.990e-29
 240.746887     -1.488  -0.000044    19.7938    -1.6976     -1.476     0.0000    -1.7524 -9.990e-29
 240.746892     -1.481  -0.000044    19.8073    -1.6975     -1.469     0.0000    -1.7551 -9.990e-29
 240.746898     -1.474  -0.000044    19.8197    -1.6977     -1.462     0.0000    -1.7577 -9.990e-29
 240.746904     -1.464  -0.000044    19.8318    -1.6980     -1.452     0.0000    -1.7601 -9.990e-29
 240.746910     -1.451  -0.000044    19.8437    -1.6983     -1.439     0.0000    -1.7626 -9.990e-29
 240.746916     -1.435  -0.000044    19.8518    -1.6986     -1.423     0.0000    -1.7642 -9.990e-29
 240.746921     -1.415  -0.000044    19.8553    -1.6986     -1.403     0.0000    -1.7650 -9.990e-29
 240.746927     -1.393  -0.000044    19.8582    -1.6985     -1.381     0.0000    -1.7656 -9.990e-29
 240.746933     -1.372  -0.000043    19.8625    -1.6983     -1.361     0.0000    -1.7664 -9.990e-29
 240.746939     -1.352  -0.000043    19.8660    -1.6980     -1.341     0.0000    -1.7671 -9.990e-29
 240.746944     -1.335  -0.000043    19.8660    -1.6979     -1.324     0.0000    -1.7671 -9.990e-29
 240.746950     -1.323  -0.000043    19.8619    -1.6982     -1.312     0.0000    -1.7663 -9.990e-29
 240.746956     -1.313  -0.000043    19.8551    -1.6986     -1.302     0.0000    -1.7649 -9.990e-29
 240.746962     -1.300  -0.000043    19.8478    -1.6993     -1.289     0.0000    -1.7634 -9.990e-29
 240.746968     -1.286  -0.000043    19.8425    -1.6997     -1.275     0.0000    -1.7623 -9.990e-29
 240.746973     -1.275  -0.000043    19.8414    -1.6993     -1.264     0.0000    -1.7621 -9.990e-29
 240.746979     -1.266  -0.000043    19.8438    -1.6993     -1.255     0.0000    -1.7626 -9.990e-29
 240.746985     -1.259  -0.000043    19.8482    -1.6995     -1.248     0.0000    -1.7635 -9.990e-29
 240.746991     -1.254  -0.000042    19.8521    -1.6990     -1.244     0.0000    -1.7643 -9.990e-29
 240.746997     -1.249  -0.000042    19.8518    -1.6989     -1.239     0.0000    -1.7642 -9.990e-29
 240.747002     -1.246  -0.000042    19.8455    -1.6989     -1.236     0.0000    -1.7629 -9.990e-29
 240.747008     -1.243  -0.000042    19.8346    -1.6989     -1.233     0.0000    -1.7607 -9.990e-29
 240.747014     -1.240  -0.000042    19.8224    -1.6985     -1.230     0.0000    -1.7582 -9.990e-29
 240.747020     -1.238  -0.000042    19.8147    -1.6981     -1.228     0.0000    -1.7566 -9.990e-29
 240.747025     -1.236  -0.000042    19.8138    -1.6978     -1.226     0.0000    -1.7565 -9.990e-29
 240.747031     -1.233  -0.000042    19.8151    -1.6974     -1.223     0.0000    -1.7567 -9.990e-29
 240.747037     -1.231  -0.000042    19.8175    -1.6973     -1.221     0.0000    -1.7572 -9.990e-29
 240.747043     -1.228  -0.000042    19.8221    -1.6977     -1.218     0.0000    -1.7582 -9.990e-29
 240.747049     -1.224  -0.000041    19.8263    -1.6980     -1.214     0.0000    -1.7590 -9.990e-29
 240.747054     -1.219  -0.000041    19.8292    -1.6975     -1.209     0.0000    -1.7596 -9.990e-29
 240.747060     -1.214  -0.000041    19.8341    -1.6969     -1.204     0.0000    -1.7606 -9.990e-29
 240.747066     -1.207  -0.000041    19.8423    -1.6966     -1.197     0.0000    -1.7623 -9.990e-29
 240.747072     -1.198  -0.000041    19.8521    -1.6963     -1.188     0.0000    -1.7643 -9.990e-29
 240.747078     -1.186  -0.000041    19.8616    -1.6965     -1.176     0.0000    -1.7662 -9.990e-29
 240.747083     -1.172  -0.000041    19.8686    -1.6972     -1.162     0.0000    -1.7677 -9.990e-29
 240.747089     -1.157  -0.000041    19.8704    -1.6972     -1.147     0.0000    -1.7680 -9.990e-29
 240.747095     -1.146  -0.000041    19.8680    -1.6969     -1.136     0.0000    -1.7676 -9.990e-29
 240.747101     -1.133  -0.000041    19.8683    -1.6966     -1.124     0.0000    -1.7676 -9.990e-29
 240.747106     -1.119  -0.000040    19.8759    -1.6963     -1.110     0.0000    -1.7692 -9.990e-29
 240.747112     -1.105  -0.000040    19.8877    -1.6963     -1.096     0.0000    -1.7716 -9.990e-29
 240.747118     -1.087  -0.000040    19.8976    -1.6963     -1.078     0.0000    -1.7736 -9.990e-29
 240.747124     -1.063  -0.000040    19.9015    -1.6961     -1.054     0.0000    -1.7744 -9.990e-29
 240.747130     -1.042  -0.000040    19.8979    -1.6959     -1.033     0.0000    -1.7737 -9.990e-29
 240.747135     -1.025  -0.000040    19.8911    -1.6956     -1.016     0.0000    -1.7723 -9.990e-29
 240.747141     -1.012  -0.000040    19.8892    -1.6957     -1.004     0.0000    -1.7719 -9.990e-29
 240.747147     -1.002  -0.000040    19.8935    -1.6961     -0.994     0.0000    -1.7728 -9.990e-29
 240.747153     -0.994  -0.000040    19.9002    -1.6961     -0.986     0.0000    -1.7742 -9.990e-29
 240.747159     -0.988  -0.000040    19.9062    -1.6959     -0.980     0.0000    -1.7754 -9.990e-29
 240.747164     -0.983  -0.000040    19.9100    -1.6962     -0.975     0.0000    -1.7762 -9.990e-29
 240.747170     -0.979  -0.000040    19.9132    -1.6961     -0.971     0.0000    -1.7768 -9.990e-29
 240.747176     -0.976  -0.000040    19.9178    -1.6958     -0.968     0.0000    -1.7778 -9.990e-29
 240.747182     -0.974  -0.000040    19.9234    -1.6955     -0.966     0.0000    -1.7789 -9.990e-29
 240.747188     -0.972  -0.000040    19.9273    -1.6953     -0.964     0.0000    -1.7797 -9.990e-29
 240.747193     -0.970  -0.000040    19.9263    -1.6951     -0.962     0.0000    -1.7795 -9.990e-29
 240.747199     -0.968  -0.000040    19.9225    -1.6950     -0.960     0.0000    -1.7787 -9.990e-29
 240.747205     -0.967  -0.000040    19.9205    -1.6955     -0.959     0.0000    -1.7783 -9.990e-29
 240.747211     -0.966  -0.000040    19.9201    -1.6959     -0.958     0.0000    -1.7782 -9.990e-29
 240.747216     -0.964  -0.000041    19.9194    -1.6957     -0.956     0.0000    -1.7781 -9.990e-29
 240.747222     -0.962  -0.000041    19.9216    -1.6953     -0.954     0.0000    -1.7786 -9.990e-29
 240.747228     -0.960  -0.000041    19.9277    -1.6944     -0.952     0.0000    -1.7798 -9.990e-29
 240.747234     -0.958  -0.000041    19.9348    -1.6937     -0.950     0.0000    -1.7813 -9.990e-29
 240.747240     -0.955  -0.000041    19.9408    -1.6938     -0.947     0.0000    -1.7825 -9.990e-29
 240.747245     -0.951  -0.000041    19.9443    -1.6941     -0.943     0.0000    -1.7832 -9.990e-29
 240.747251     -0.946  -0.000041    19.9435    -1.6944     -0.938     0.0000    -1.7831 -9.990e-29
 240.747257     -0.940  -0.000041    19.9383    -1.6949     -0.932     0.0000    -1.7820 -9.990e-29
 240.747263     -0.933  -0.000041    19.9346    -1.6956     -0.925     0.0000    -1.7812 -9.990e-29
 240.747269     -0.923  -0.000041    19.9389    -1.6965     -0.915     0.0000    -1.7821 -9.990e-29
 240.747274     -0.910  -0.000042    19.9514    -1.6962     -0.902     0.0000    -1.7847 -9.990e-29
 240.747280     -0.898  -0.000042    19.9677    -1.6958     -0.891     0.0000    -1.7880 -9.990e-29
 240.747286     -0.890  -0.000042    19.9802    -1.6952     -0.883     0.0000    -1.7906 -9.990e-29
 240.747292     -0.882  -0.000042    19.9831    -1.6950     -0.875     0.0000    -1.7912 -9.990e-29
 240.747297     -0.868  -0.000042    19.9776    -1.6949     -0.861     0.0000    -1.7901 -9.990e-29
 240.747303     -0.852  -0.000042    19.9670    -1.6947     -0.845     0.0000    -1.7879 -9.990e-29
 240.747309     -0.837  -0.000042    19.9527    -1.6944     -0.830     0.0000    -1.7849 -9.990e-29
 240.747315     -0.823  -0.000042    19.9364    -1.6942     -0.816     0.0000    -1.7816 -9.990e-29
 240.747321     -0.812  -0.000042    19.9244    -1.6940     -0.805     0.0000    -1.7791 -9.990e-29
 240.747326     -0.808  -0.000042    19.9233    -1.6937     -0.801     0.0000    -1.7789 -9.990e-29
 240.747332     -0.807  -0.000043    19.9312    -1.6938     -0.800     0.0000    -1.7805 -9.990e-29
 240.747338     -0.805  -0.000043    19.9417    -1.6936     -0.798     0.0000    -1.7827 -9.990e-29
 240.747344     -0.801  -0.000043    19.9508    -1.6934     -0.794     0.0000    -1.7846 -9.990e-29
 240.747350     -0.794  -0.000043    19.9578    -1.6933     -0.787     0.0000    -1.7860 -9.990e-29
 240.747355     -0.790  -0.000043    19.9641    -1.6934     -0.783     0.0000    -1.7873 -9.990e-29
 240.747361     -0.791  -0.000043    19.9705    -1.6941     -0.784     0.0000    -1.7886 -9.990e-29
 240.747367     -0.795  -0.000043    19.9773    -1.6945     -0.788     0.0000    -1.7900 -9.990e-29
 240.747373     -0.795  -0.000043    19.9840    -1.6944     -0.788     0.0000    -1.7914 -9.990e-29
 240.747378     -0.794  -0.000043    19.9898    -1.6936     -0.787     0.0000    -1.7926 -9.990e-29
 240.747384     -0.785  -0.000043    19.9942    -1.6929     -0.778     0.0000    -1.7935 -9.990e-29
 240.747390     -0.770  -0.000044    19.9985    -1.6925     -0.764     0.0000    -1.7944 -9.990e-29
 240.747396     -0.754  -0.000044    20.0020    -1.6923     -0.748     0.0000    -1.7951 -9.990e-29
 240.747402     -0.743  -0.000044    20.0022    -1.6925     -0.737     0.0000    -1.7951 -9.990e-29
 240.747407     -0.734  -0.000044    19.9968    -1.6919     -0.728     0.0000    -1.7940 -9.990e-29
 240.747413     -0.727  -0.000044    19.9873    -1.6914     -0.721     0.0000    -1.7921 -9.990e-29
 240.747419     -0.722  -0.000044    19.9811    -1.6908     -0.716     0.0000    -1.7908 -9.990e-29
 240.747425     -0.719  -0.000044    19.9853    -1.6905     -0.713     0.0000    -1.7917 -9.990e-29
 240.747431     -0.717  -0.000044    19.9989    -1.6905     -0.711     0.0000    -1.7945 -9.990e-29
 240.747436     -0.716  -0.000044    20.0150    -1.6905     -0.710     0.0000    -1.7978 -9.990e-29
 240.747442     -0.717  -0.000044    20.0274    -1.6903     -0.711     0.0000    -1.8004 -9.990e-29
 240.747448     -0.718  -0.000045    20.0350    -1.6900     -0.712     0.0000    -1.8019 -9.990e-29
 240.747454     -0.721  -0.000045    20.0420    -1.6897     -0.715     0.0000    -1.8034 -9.990e-29
 240.747459     -0.726  -0.000045    20.0531    -1.6894     -0.720     0.0000    -1.8057 -9.990e-29
 240.747465     -0.727  -0.000045    20.0676    -1.6894     -0.721     0.0000    -1.8087 -9.990e-29
 240.747471     -0.723  -0.000045    20.0810    -1.6893     -0.717     0.0000    -1.8114 -9.990e-29
 240.747477     -0.715  -0.000045    20.0901    -1.6894     -0.709     0.0000    -1.8133 -9.990e-29
 240.747483     -0.709  -0.000045    20.0947    -1.6898     -0.703     0.0000    -1.8143 -9.990e-29
 240.747488     -0.703  -0.000045    20.0987    -1.6902     -0.697     0.0000    -1.8151 -9.990e-29
 240.747494     -0.697  -0.000045    20.1050    -1.6900     -0.691     0.0000    -1.8164 -9.990e-29
 240.747500     -0.692  -0.000045    20.1130    -1.6898     -0.686     0.0000    -1.8181 -9.990e-29
 240.747506     -0.686  -0.000046    20.1210    -1.6898     -0.680     0.0000    -1.8197 -9.990e-29
 240.747512     -0.679  -0.000046    20.1269    -1.6898     -0.673     0.0000    -1.8210 -9.990e-29
 240.747517     -0.671  -0.000046    20.1298    -1.6902     -0.665     0.0000    -1.8216 -9.990e-29
 240.747523     -0.662  -0.000046    20.1299    -1.6912     -0.656     0.0000    -1.8216 -9.990e-29
 240.747529     -0.650  -0.000046    20.1262    -1.6913     -0.645     0.0000    -1.8208 -9.990e-29
 240.747535     -0.639  -0.000046    20.1191    -1.6919     -0.634     0.0000    -1.8193 -9.990e-29
 240.747541     -0.633  -0.000046    20.1140    -1.6922     -0.628     0.0000    -1.8183 -9.990e-29
 240.747546     -0.628  -0.000046    20.1137    -1.6923     -0.623     0.0000    -1.8182 -9.990e-29
 240.747552     -0.622  -0.000046    20.1150    -1.6926     -0.617     0.0000    -1.8185 -9.990e-29
 240.747558     -0.620  -0.000046    20.1143    -1.6932     -0.615     0.0000    -1.8183 -9.990e-29
 240.747564     -0.617  -0.000047    20.1096    -1.6935     -0.612     0.0000    -1.8174 -9.990e-29
 240.747569     -0.609  -0.000047    20.0982    -1.6936     -0.604     0.0000    -1.8150 -9.990e-29
 240.747575     -0.595  -0.000047    20.0826    -1.6934     -0.590     0.0000    -1.8118 -9.990e-29
 240.747581     -0.579  -0.000047    20.0683    -1.6931     -0.574     0.0000    -1.8088 -9.990e-29
 240.747587     -0.564  -0.000047    20.0560    -1.6931     -0.559     0.0000    -1.8063 -9.990e-29
