data/oxygen options/ONMS/Olympic_Coast_National_Marine_Sanctuary_CTD_Data_2005_2023/raw_data/2019/CAST_TH015_190829faed.cnv
* Sea-Bird SBE 19 Data File:
* FileName = C:\2019 Mooring Data\Casts\CAST_TH015_190829.hex
* Software Version SeatermAF 2.1.2
* Temperature SN = 2997
* Conductivity SN = 2997
* System UpLoad Time = Aug 29 2019 18:38:30 (localtime) = Aug 29 2019 18:38:30 (UTC)
** CAST_TH015_190829
* ds
# nquan = 9                                 
# nvalues = 1007                        
# units = specified
# name 0 = timeJ: Julian Days
# name 1 = prSM: Pressure, Strain Gauge [db]
# name 2 = c0mS/cm: Conductivity [mS/cm]
# name 3 = t090C: Temperature [ITS-90, deg C]
# name 4 = sbeox0ML/L: Oxygen, SBE 43 [ml/l]
# name 5 = depSM: Depth [salt water, m], lat = 47.5
# name 6 = sal00: Salinity, Practical [PSU]
# name 7 = sigma-é00: Density [sigma-theta, kg/m^3]
# name 8 = flag: flag
# span 0 = 241.741030, 241.746852       
# span 1 =     -4.926,     16.560       
# span 2 =   0.369050,  39.364519       
# span 3 =    10.4240,    16.2811       
# span 4 =    -1.8343,    15.1748       
# span 5 =     -4.885,     16.421       
# span 6 =     0.2162,    33.1650       
# span 7 =    -0.9186,    25.4443       
# span 8 = 0.0000e+00, 0.0000e+00       
# interval = seconds: 0.5
# start_time = Aug 29 2019 17:47:05 [Instrument's time stamp, header]
# bad_flag = -9.990e-29
*END*
[from data line 801]
 241.745666      1.473  39.043004    13.5752     7.4228      1.461    32.6744    24.4772 -9.990e-29
 241.745671      1.476  39.043205    13.5752     7.4127      1.464    32.6746    24.4773 -9.990e-29
 241.745677      1.482  39.042963    13.5754     7.4260      1.470    32.6742    24.4770 -9.990e-29
 241.745683      1.484  39.043056    13.5766     7.4429      1.472    32.6732    24.4760 -9.990e-29
 241.745689      1.480  39.044147    13.5789     7.4585      1.468    32.6723    24.4748 -9.990e-29
 241.745694      1.472  39.046549    13.5820     7.4663      1.460    32.6719    24.4739 -9.990e-29
 241.745700      1.466  39.050087    13.5847     7.4600      1.454    32.6729    24.4741 -9.990e-29
 241.745706      1.460  39.052736    13.5866     7.4472      1.448    32.6737    24.4743 -9.990e-29
 241.745712      1.454  39.054089    13.5882     7.4291      1.442    32.6736    24.4739 -9.990e-29
 241.745718      1.448  39.055371    13.5895     7.4243      1.436    32.6737    24.4737 -9.990e-29
 241.745723      1.441  39.056591    13.5905     7.4391      1.429    32.6740    24.4738 -9.990e-29
 241.745729      1.433  39.057676    13.5920     7.4414      1.421    32.6737    24.4733 -9.990e-29
 241.745735      1.428  39.058931    13.5937     7.4321      1.416    32.6734    24.4727 -9.990e-29
 241.745741      1.434  39.059769    13.5943     7.4268      1.422    32.6737    24.4728 -9.990e-29
 241.745747      1.451  39.059610    13.5942     7.4230      1.439    32.6736    24.4727 -9.990e-29
 241.745752      1.467  39.059342    13.5941     7.4289      1.455    32.6735    24.4726 -9.990e-29
 241.745758      1.471  39.059146    13.5944     7.4418      1.459    32.6730    24.4722 -9.990e-29
 241.745764      1.464  39.058741    13.5950     7.4368      1.452    32.6721    24.4714 -9.990e-29
 241.745770      1.452  39.058125    13.5939     7.4349      1.440    32.6725    24.4719 -9.990e-29
 241.745775      1.445  39.055899    13.5902     7.4393      1.433    32.6736    24.4735 -9.990e-29
 241.745781      1.445  39.051875    13.5868     7.4327      1.433    32.6727    24.4736 -9.990e-29
 241.745787      1.449  39.049629    13.5865     7.4341      1.437    32.6709    24.4722 -9.990e-29
 241.745793      1.452  39.050626    13.5872     7.4320      1.440    32.6712    24.4723 -9.990e-29
 241.745799      1.454  39.051693    13.5863     7.4435      1.442    32.6730    24.4739 -9.990e-29
 241.745804      1.457  39.050872    13.5830     7.4491      1.445    32.6751    24.4761 -9.990e-29
 241.745810      1.459  39.047611    13.5783     7.4491      1.447    32.6760    24.4778 -9.990e-29
 241.745816      1.462  39.042580    13.5756     7.4465      1.450    32.6737    24.4765 -9.990e-29
 241.745822      1.464  39.040255    13.5765     7.4354      1.452    32.6707    24.4741 -9.990e-29
 241.745828      1.467  39.042554    13.5789     7.4217      1.455    32.6708    24.4737 -9.990e-29
 241.745833      1.471  39.045800    13.5808     7.4254      1.459    32.6722    24.4744 -9.990e-29
 241.745839      1.476  39.048140    13.5823     7.4210      1.464    32.6731    24.4747 -9.990e-29
 241.745845      1.481  39.050434    13.5839     7.4309      1.469    32.6739    24.4750 -9.990e-29
 241.745851      1.488  39.052360    13.5842     7.4361      1.476    32.6754    24.4761 -9.990e-29
 241.745856      1.497  39.052548    13.5833     7.4349      1.485    32.6763    24.4771 -9.990e-29
 241.745862      1.505  39.051229    13.5822     7.4363      1.492    32.6761    24.4770 -9.990e-29
 241.745868      1.506  39.049984    13.5814     7.4277      1.493    32.6756    24.4768 -9.990e-29
 241.745874      1.507  39.049370    13.5809     7.4208      1.494    32.6754    24.4768 -9.990e-29
 241.745880      1.511  39.049111    13.5808     7.4334      1.498    32.6753    24.4767 -9.990e-29
 241.745885      1.517  39.048841    13.5818     7.4378      1.504    32.6742    24.4757 -9.990e-29
 241.745891      1.528  39.049300    13.5838     7.4536      1.515    32.6729    24.4743 -9.990e-29
 241.745897      1.539  39.051080    13.5850     7.4436      1.526    32.6735    24.4745 -9.990e-29
 241.745903      1.546  39.052613    13.5846     7.4165      1.533    32.6753    24.4760 -9.990e-29
 241.745909      1.555  39.053122    13.5839     7.4104      1.542    32.6763    24.4769 -9.990e-29
 241.745914      1.570  39.053267    13.5829     7.4214      1.557    32.6773    24.4779 -9.990e-29
 241.745920      1.593  39.052664    13.5810     7.4405      1.580    32.6784    24.4791 -9.990e-29
 241.745926      1.623  39.051053    13.5771     7.4586      1.609    32.6802    24.4813 -9.990e-29
 241.745932      1.665  39.048486    13.5722     7.4651      1.651    32.6820    24.4837 -9.990e-29
 241.745938      1.719  39.044843    13.5695     7.4486      1.705    32.6809    24.4833 -9.990e-29
 241.745943      1.790  39.040814    13.5696     7.4382      1.775    32.6770    24.4803 -9.990e-29
 241.745949      1.878  39.038817    13.5710     7.4157      1.862    32.6739    24.4777 -9.990e-29
 241.745955      1.979  39.040061    13.5726     7.3818      1.962    32.6737    24.4772 -9.990e-29
 241.745961      2.097  39.042795    13.5733     7.3436      2.079    32.6756    24.4785 -9.990e-29
 241.745966      2.233  39.043335    13.5708     7.2980      2.214    32.6782    24.4810 0.0000e+00
 241.745972      2.385  39.037313    13.5629     7.2598      2.365    32.6792    24.4834 0.0000e+00
 241.745978      2.544  39.026732    13.5511     7.2439      2.523    32.6794    24.4859 0.0000e+00
 241.745984      2.704  39.017036    13.5399     7.2570      2.681    32.6799    24.4886 0.0000e+00
 241.745990      2.862  39.008687    13.5298     7.2630      2.838    32.6807    24.4912 0.0000e+00
 241.745995      3.019  39.000585    13.5191     7.2558      2.994    32.6822    24.4946 0.0000e+00
 241.746001      3.176  38.993080    13.5094     7.2188      3.149    32.6834    24.4975 0.0000e+00
 241.746007      3.336  38.987874    13.5037     7.1336      3.308    32.6834    24.4986 0.0000e+00
 241.746013      3.496  38.986938    13.5029     7.0382      3.467    32.6831    24.4986 0.0000e+00
 241.746019      3.652  38.988972    13.5040     6.9495      3.621    32.6840    24.4990 0.0000e+00
 241.746024      3.811  38.989917    13.5004     6.8770      3.779    32.6879    24.5028 0.0000e+00
 241.746030      3.982  38.983142    13.4847     6.8022      3.949    32.6950    24.5114 0.0000e+00
 241.746036      4.168  38.964046    13.4600     6.7196      4.133    32.6982    24.5189 0.0000e+00
 241.746042      4.360  38.936805    13.4352     6.6548      4.324    32.6939    24.5205 0.0000e+00
 241.746047      4.547  38.915456    13.4108     6.5967      4.509    32.6948    24.5261 0.0000e+00
 241.746053      4.730  38.906763    13.3853     6.5413      4.690    32.7085    24.5418 0.0000e+00
 241.746059      4.911  38.899082    13.3606     6.4887      4.870    32.7224    24.5575 0.0000e+00
 241.746065      5.089  38.886600    13.3388     6.4300      5.046    32.7294    24.5673 0.0000e+00
 241.746071      5.262  38.875023    13.3212     6.3979      5.218    32.7336    24.5741 0.0000e+00
 241.746076      5.437  38.867346    13.3062     6.3850      5.392    32.7392    24.5814 0.0000e+00
 241.746082      5.620  38.860561    13.2915     6.3781      5.573    32.7454    24.5892 0.0000e+00
 241.746088      5.812  38.852852    13.2771     6.3926      5.763    32.7505    24.5960 0.0000e+00
 241.746094      6.010  38.847890    13.2653     6.3991      5.960    32.7559    24.6025 0.0000e+00
 241.746100      6.215  38.846291    13.2578     6.4113      6.163    32.7608    24.6078 0.0000e+00
 241.746105      6.419  38.845868    13.2543     6.4318      6.365    32.7633    24.6104 0.0000e+00
 241.746111      6.612  38.846005    13.2535     6.4382      6.557    32.7641    24.6112 0.0000e+00
 241.746117      6.799  38.846275    13.2538     6.4466      6.742    32.7640    24.6111 0.0000e+00
 241.746123      6.992  38.846429    13.2540     6.4481      6.934    32.7639    24.6110 0.0000e+00
 241.746128      7.194  38.846624    13.2542     6.4395      7.134    32.7638    24.6109 0.0000e+00
 241.746134      7.401  38.847071    13.2549     6.4250      7.339    32.7635    24.6105 0.0000e+00
 241.746140      7.609  38.847756    13.2557     6.4067      7.545    32.7634    24.6103 0.0000e+00
 241.746146      7.814  38.848422    13.2566     6.3968      7.749    32.7632    24.6099 0.0000e+00
 241.746152      8.016  38.848787    13.2571     6.3973      7.949    32.7630    24.6097 0.0000e+00
 241.746157      8.224  38.848728    13.2559     6.3766      8.155    32.7639    24.6106 0.0000e+00
 241.746163      8.442  38.848679    13.2536     6.3360      8.371    32.7658    24.6125 0.0000e+00
 241.746169      8.663  38.849088    13.2522     6.3026      8.591    32.7673    24.6140 0.0000e+00
 241.746175      8.880  38.849889    13.2519     6.2875      8.806    32.7682    24.6147 0.0000e+00
 241.746181      9.093  38.850417    13.2517     6.2875      9.017    32.7688    24.6152 0.0000e+00
 241.746186      9.307  38.850207    13.2501     6.3042      9.229    32.7699    24.6164 0.0000e+00
 241.746192      9.524  38.848932    13.2457     6.3061      9.444    32.7724    24.6192 0.0000e+00
 241.746198      9.744  38.846520    13.2404     6.3046      9.662    32.7746    24.6220 0.0000e+00
 241.746204      9.973  38.844749    13.2378     6.2762      9.890    32.7751    24.6229 0.0000e+00
 241.746209     10.208  38.845128    13.2377     6.2105     10.123    32.7754    24.6232 0.0000e+00
 241.746215     10.434  38.845870    13.2369     6.1083     10.347    32.7767    24.6244 0.0000e+00
 241.746221     10.643  38.845113    13.2326     5.9695     10.554    32.7796    24.6275 0.0000e+00
 241.746227     10.846  38.842919    13.2251     5.8168     10.755    32.7839    24.6323 0.0000e+00
 241.746233     11.050  38.839113    13.2149     5.6457     10.957    32.7891    24.6383 0.0000e+00
 241.746238     11.260  38.831935    13.1981     5.3998     11.166    32.7967    24.6476 0.0000e+00
 241.746244     11.476  38.814564    13.1633     5.0762     11.380    32.8104    24.6651 0.0000e+00
 241.746250     11.696  38.772748    13.0923     4.6481     11.598    32.8323    24.6961 0.0000e+00
 241.746256     11.915  38.701654    12.9904     4.2031     11.815    32.8533    24.7325 0.0000e+00
 241.746262     12.132  38.621817    12.8789     3.8008     12.030    32.8745    24.7707 0.0000e+00
 241.746267     12.341  38.538185    12.7394     3.5083     12.238    32.9165    24.8305 0.0000e+00
 241.746273     12.545  38.407513    12.5220     3.3315     12.440    32.9820    24.9233 0.0000e+00
 241.746279     12.751  38.177043    12.1890     3.2662     12.644    33.0538    25.0425 0.0000e+00
 241.746285     12.964  37.831773    11.7730     3.2749     12.855    33.0882    25.1472 0.0000e+00
 241.746291     13.177  37.422578    11.3637     3.3092     13.067    33.0533    25.1949 0.0000e+00
 241.746296     13.381  37.074080    11.0254     3.3515     13.269    33.0128    25.2241 0.0000e+00
 241.746302     13.571  36.884261    10.7997     3.3772     13.457    33.0274    25.2753 0.0000e+00
 241.746308     13.749  36.824447    10.6885     3.4120     13.634    33.0682    25.3265 0.0000e+00
 241.746314     13.919  36.820382    10.6310     3.4252     13.802    33.1162    25.3739 0.0000e+00
 241.746319     14.094  36.813931    10.5816     3.4415     13.976    33.1545    25.4123 0.0000e+00
 241.746325     14.280  36.782435    10.5425     3.4549     14.160    33.1585    25.4222 0.0000e+00
 241.746331     14.472  36.754962    10.5218     3.4521     14.351    33.1497    25.4189 0.0000e+00
 241.746337     14.660  36.744103    10.5154     3.4442     14.537    33.1445    25.4160 0.0000e+00
 241.746343     14.839  36.742043    10.5155     3.4340     14.715    33.1423    25.4142 0.0000e+00
 241.746348     15.009  36.745425    10.5130     3.3990     14.883    33.1479    25.4190 0.0000e+00
 241.746354     15.174  36.745271    10.5030     3.4087     15.047    33.1567    25.4277 0.0000e+00
 241.746360     15.338  36.737972    10.4888     3.4118     15.209    33.1623    25.4344 0.0000e+00
 241.746366     15.499  36.726071    10.4726     3.4172     15.369    33.1650    25.4394 0.0000e+00
 241.746372     15.656  36.709887    10.4559     3.4226     15.525    33.1639    25.4414 0.0000e+00
 241.746377     15.809  36.694111    10.4449     3.4022     15.676    33.1580    25.4387 0.0000e+00
 241.746383     15.953  36.686774    10.4391     3.4050     15.819    33.1558    25.4380 0.0000e+00
 241.746389     16.090  36.684762    10.4326     3.3998     15.955    33.1597    25.4421 0.0000e+00
 241.746395     16.219  36.680865    10.4266     3.3964     16.083    33.1612    25.4443 -9.990e-29
 241.746400     16.335  36.676560    10.4240     3.4007     16.198    33.1592    25.4432 -9.990e-29
 241.746406     16.430  36.675017    10.4249     3.4069     16.292    33.1568    25.4411 -9.990e-29
 241.746412     16.499  36.675250    10.4290     3.4237     16.361    33.1532    25.4377 -9.990e-29
 241.746418     16.545  36.675845    10.4337     3.4471     16.406    33.1495    25.4340 -9.990e-29
 241.746424     16.560  36.676990    10.4371     3.4668     16.421    33.1476    25.4319 -9.990e-29
 241.746429     16.542  36.681844    10.4432     3.4674     16.403    33.1469    25.4303 -9.990e-29
 241.746435     16.489  36.692916    10.4601     3.4668     16.351    33.1426    25.4241 -9.990e-29
 241.746441     16.403  36.709805    10.4879     3.4654     16.265    33.1343    25.4128 -9.990e-29
 241.746447     16.291  36.730905    10.5117     3.4675     16.154    33.1339    25.4084 -9.990e-29
 241.746453     16.162  36.746794    10.5187     3.4812     16.026    33.1435    25.4147 0.0000e+00
 241.746458     16.026  36.747821    10.5128     3.4859     15.892    33.1500    25.4207 0.0000e+00
 241.746464     15.886  36.740355    10.5063     3.5028     15.753    33.1485    25.4207 0.0000e+00
 241.746470     15.739  36.736796    10.5057     3.5219     15.607    33.1455    25.4185 0.0000e+00
 241.746476     15.579  36.739071    10.5109     3.5248     15.448    33.1431    25.4157 0.0000e+00
 241.746481     15.409  36.744006    10.5203     3.5320     15.280    33.1396    25.4113 0.0000e+00
 241.746487     15.236  36.750855    10.5312     3.5267     15.108    33.1366    25.4071 0.0000e+00
 241.746493     15.064  36.758629    10.5404     3.5176     14.938    33.1362    25.4052 0.0000e+00
 241.746499     14.897  36.765334    10.5468     3.5070     14.772    33.1371    25.4048 0.0000e+00
 241.746505     14.727  36.769786    10.5528     3.5122     14.604    33.1362    25.4031 0.0000e+00
 241.746510     14.549  36.773398    10.5608     3.5385     14.427    33.1326    25.3989 0.0000e+00
 241.746516     14.360  36.778140    10.5698     3.5882     14.240    33.1293    25.3947 0.0000e+00
 241.746522     14.160  36.783572    10.5790     3.6741     14.041    33.1265    25.3909 0.0000e+00
 241.746528     13.959  36.789055    10.5908     3.8021     13.842    33.1213    25.3849 0.0000e+00
 241.746534     13.764  36.796818    10.6098     3.9791     13.649    33.1119    25.3742 0.0000e+00
 241.746539     13.576  36.810447    10.6497     4.2228     13.462    33.0894    25.3498 0.0000e+00
 241.746545     13.392  36.838552    10.7378     4.5353     13.280    33.0378    25.2942 0.0000e+00
 241.746551     13.209  36.900645    10.8913     4.8900     13.098    32.9613    25.2077 0.0000e+00
 241.746557     13.019  37.002201    11.0938     5.2600     12.910    32.8804    25.1089 0.0000e+00
 241.746563     12.814  37.125721    11.3226     5.6488     12.707    32.7982    25.0040 0.0000e+00
 241.746568     12.600  37.275727    11.5902     5.9980     12.494    32.7082    24.8856 0.0000e+00
 241.746574     12.383  37.485340    11.9131     6.2390     12.279    32.6282    24.7639 0.0000e+00
 241.746580     12.162  37.732186    12.2651     6.3593     12.060    32.5592    24.6444 0.0000e+00
