data/oxygen options/ONMS/Olympic_Coast_National_Marine_Sanctuary_CTD_Data_2005_2023/raw_data/2019/CAST_TH042_190731faedb.cnv
* Sea-Bird SBE 19 Data File:
* FileName = C:\2019 Mooring Data\Casts\CAST_TH042_190731.hex
* Software Version SeatermAF 2.1.2
* Temperature SN = 2997
* Conductivity SN = 2997
* System UpLoad Time = Jul 31 2019 17:21:42 (localtime) = Jul 31 2019 17:21:42 (UTC)
** CAST_TH042_190731
* ds
# nquan = 9
# nvalues = 40                          
# units = specified
# name 0 = timeJ: Julian Days
# name 1 = prSM: Pressure, Strain Gauge [db]
# name 2 = c0mS/cm: Conductivity [mS/cm]
# name 3 = t090C: Temperature [ITS-90, deg C]
# name 4 = sbeox0ML/L: Oxygen, SBE 43 [ml/l]
# name 5 = depSM: Depth [salt water, m], lat = 47.5
# name 6 = sal00: Salinity, Practical [PSU]
# name 7 = sigma-é00: Density [sigma-theta, kg/m^3]
# name 8 = flag: flag
# span 0 = 212.672048, 212.672970       
# span 1 =      2.000,     41.000       
# span 2 =  34.738893,  38.863540       
# span 3 =     7.8602,    13.6535       
# span 4 =     2.7941,     6.7992       
# span 5 =      1.983,     40.654       
# span 6 =    32.4404,    33.5359       
# span 7 =    24.2805,    26.1451       
# span 8 = 0.0000e+00, 0.0000e+00       
# interval = decibars: 1                
# start_time = Jul 31 2019 16:02:18 [Instrument's time stamp, header]
# bad_flag = -9.990e-29
*END*
 212.672048      2.000  38.863540    13.6535     6.7992      1.983    32.4404    24.2805 0.0000e+00
 212.672077      3.000  38.202921    12.8242     5.7859      2.975    32.5280    24.5121 0.0000e+00
 212.672101      4.000  37.429088    11.9644     5.2675      3.967    32.5321    24.6790 0.0000e+00
 212.672123      5.000  36.875364    11.2595     5.3186      4.958    32.6112    24.8697 0.0000e+00
 212.672144      6.000  36.691405    11.0208     5.4270      5.950    32.6411    24.9355 0.0000e+00
 212.672166      7.000  36.726840    10.9908     5.2560      6.942    32.7025    24.9886 0.0000e+00
 212.672189      8.000  36.632612    10.8417     5.1304      7.933    32.7417    25.0453 0.0000e+00
 212.672211      9.000  36.518961    10.6608     5.0531      8.925    32.7901    25.1146 0.0000e+00
 212.672233     10.000  36.458712    10.5388     4.7186      9.916    32.8391    25.1739 0.0000e+00
 212.672256     11.000  36.347339    10.3086     3.9634     10.908    32.9351    25.2880 0.0000e+00
 212.672279     12.000  35.887708     9.6566     3.4576     11.899    33.0633    25.4969 0.0000e+00
 212.672303     13.000  35.390162     8.8846     3.2765     12.891    33.2654    25.7782 0.0000e+00
 212.672328     14.000  35.072753     8.4877     3.1403     13.883    33.3054    25.8707 0.0000e+00
 212.672353     15.000  34.825542     8.1247     3.1095     14.874    33.3872    25.9892 0.0000e+00
 212.672378     16.000  34.772944     8.0484     3.0718     15.866    33.4034    26.0132 0.0000e+00
 212.672402     17.000  34.760478     8.0244     3.0399     16.857    33.4126    26.0239 0.0000e+00
 212.672426     18.000  34.759429     8.0062     3.0045     17.849    33.4284    26.0390 0.0000e+00
 212.672449     19.000  34.760013     7.9953     2.9822     18.841    33.4389    26.0489 0.0000e+00
 212.672473     20.000  34.764549     7.9906     2.9622     19.832    33.4478    26.0566 0.0000e+00
 212.672496     21.000  34.758334     7.9815     2.9576     20.824    33.4494    26.0592 0.0000e+00
 212.672518     22.000  34.760682     7.9829     2.9484     21.815    33.4501    26.0595 0.0000e+00
 212.672542     23.000  34.757986     7.9748     2.9357     22.807    33.4545    26.0642 0.0000e+00
 212.672562     24.000  34.755786     7.9692     2.9254     23.798    33.4571    26.0670 0.0000e+00
 212.672583     25.000  34.759853     7.9731     2.9254     24.790    33.4572    26.0665 0.0000e+00
 212.672609     26.000  34.768693     7.9769     2.9044     25.781    33.4625    26.0702 0.0000e+00
 212.672630     27.000  34.754508     7.9582     2.9001     26.773    33.4648    26.0747 0.0000e+00
 212.672648     28.000  34.758541     7.9620     2.9109     27.764    33.4650    26.0744 0.0000e+00
 212.672672     29.000  34.763785     7.9674     2.8890     28.756    33.4649    26.0735 0.0000e+00
 212.672696     30.000  34.752528     7.9500     2.8775     29.747    33.4691    26.0794 0.0000e+00
 212.672718     31.000  34.752407     7.9483     2.8695     30.739    33.4702    26.0804 0.0000e+00
 212.672739     32.000  34.752930     7.9478     2.8800     31.730    33.4707    26.0810 0.0000e+00
 212.672767     33.000  34.756657     7.9488     2.8660     32.722    33.4732    26.0828 0.0000e+00
 212.672794     34.000  34.753744     7.9428     2.8526     33.713    33.4754    26.0854 0.0000e+00
 212.672817     35.000  34.750577     7.9331     2.8336     34.705    33.4808    26.0911 0.0000e+00
 212.672841     36.000  34.745574     7.9127     2.8392     35.696    33.4946    26.1049 0.0000e+00
 212.672865     37.000  34.745876     7.9086     2.8270     36.688    33.4983    26.1085 0.0000e+00
 212.672889     38.000  34.743943     7.8983     2.8199     37.679    33.5056    26.1157 0.0000e+00
 212.672915     39.000  34.742944     7.8853     2.8023     38.671    33.5166    26.1262 0.0000e+00
 212.672941     40.000  34.738893     7.8602     2.7966     39.663    33.5359    26.1451 0.0000e+00
 212.672970     41.000  34.743049     7.8688     2.7941     40.654    33.5317    26.1405 0.0000e+00
