data/oxygen options/ONMS/Olympic_Coast_National_Marine_Sanctuary_CTD_Data_2005_2023/raw_data/2019/CAST_KL015_191001faed.cnv
* Sea-Bird SBE 19 Data File:
* FileName = C:\2019 Mooring Data\Casts\CAST_KL015_191001.hex
* Software Version SeatermAF 2.1.2
* Temperature SN = 2997
* Conductivity SN = 2997
* System UpLoad Time = Oct 01 2019 18:08:24 (localtime) = Oct 01 2019 18:08:24 (UTC)
** CAST_KL015_191001
* ds
# nquan = 9                                 
# nvalues = 890                         
# units = specified
# name 0 = timeJ: Julian Days
# name 1 = prSM: Pressure, Strain Gauge [db]
# name 2 = c0mS/cm: Conductivity [mS/cm]
# name 3 = t090C: Temperature [ITS-90, deg C]
# name 4 = sbeox0ML/L: Oxygen, SBE 43 [ml/l]
# name 5 = depSM: Depth [salt water, m], lat = 47.5
# name 6 = sal00: Salinity, Practical [PSU]
# name 7 = sigma-é00: Density [sigma-theta, kg/m^3]
# name 8 = flag: flag
# span 0 = 274.724398, 274.729543       
# span 1 =     -4.089,     16.350       
# span 2 =   0.463020,  38.818334       
# span 3 =    12.2271,    14.6043       
# span 4 =    -1.9675,    11.1538       
# span 5 =     -4.055,     16.213       
# span 6 =     0.2909,    32.5691       
# span 7 =    -0.5707,    24.6536       
# span 8 = 0.0000e+00, 0.0000e+00       
# interval = seconds: 0.5
# start_time = Oct 01 2019 17:23:08 [Instrument's time stamp, header]
# bad_flag = -9.990e-29
*END*
[from data line 161]
 274.725330     -0.807   0.491434    13.0005    -1.9456     -0.800     0.3120    -0.3778 -9.990e-29
 274.725336     -0.790   0.490649    13.0063    -1.9457     -0.783     0.3115    -0.3790 -9.990e-29
 274.725341     -0.774   0.489953    13.0144    -1.9458     -0.768     0.3110    -0.3805 -9.990e-29
 274.725347     -0.763   0.489524    13.0235    -1.9459     -0.757     0.3106    -0.3819 -9.990e-29
 274.725353     -0.756   0.489344    13.0328    -1.9458     -0.750     0.3104    -0.3832 -9.990e-29
 274.725359     -0.753   0.489173    13.0419    -1.9458     -0.747     0.3102    -0.3845 -9.990e-29
 274.725365     -0.749   0.488782    13.0499    -1.9458     -0.743     0.3099    -0.3858 -9.990e-29
 274.725370     -0.739   0.488204    13.0564    -1.9459     -0.733     0.3095    -0.3870 -9.990e-29
 274.725376     -0.728   0.487775    13.0616    -1.9455     -0.722     0.3092    -0.3879 -9.990e-29
 274.725382     -0.719   0.487475    13.0647    -1.9452     -0.713     0.3089    -0.3885 -9.990e-29
 274.725388     -0.712   0.486906    13.0655    -1.9454     -0.706     0.3086    -0.3889 -9.990e-29
 274.725394     -0.705   0.485860    13.0651    -1.9455     -0.699     0.3079    -0.3893 -9.990e-29
 274.725399     -0.698   0.484604    13.0646    -1.9452     -0.692     0.3071    -0.3899 -9.990e-29
 274.725405     -0.692   0.483680    13.0646    -1.9445     -0.686     0.3065    -0.3904 -9.990e-29
 274.725411     -0.685   0.483514    13.0649    -1.9437     -0.679     0.3063    -0.3905 -9.990e-29
 274.725417     -0.678   0.483885    13.0653    -1.9429     -0.672     0.3066    -0.3904 -9.990e-29
 274.725422     -0.669   0.484180    13.0669    -1.9420     -0.663     0.3068    -0.3904 -9.990e-29
 274.725428     -0.659   0.484238    13.0704    -1.9413     -0.654     0.3068    -0.3909 -9.990e-29
 274.725434     -0.645   0.484136    13.0739    -1.9415     -0.640     0.3067    -0.3914 -9.990e-29
 274.725440     -0.629   0.483738    13.0759    -1.9419     -0.624     0.3064    -0.3919 -9.990e-29
 274.725446     -0.608   0.483065    13.0790    -1.9415     -0.603     0.3059    -0.3926 -9.990e-29
 274.725451     -0.582   0.482329    13.0868    -1.9415     -0.577     0.3054    -0.3940 -9.990e-29
 274.725457     -0.552   0.481653    13.1000    -1.9411     -0.547     0.3049    -0.3962 -9.990e-29
 274.725463     -0.526   0.481242    13.1165    -1.9415     -0.522     0.3045    -0.3986 -9.990e-29
 274.725469     -0.506   0.481104    13.1341    -1.9420     -0.502     0.3042    -0.4010 -9.990e-29
 274.725475     -0.491   0.481053    13.1503    -1.9420     -0.487     0.3041    -0.4033 -9.990e-29
 274.725480     -0.480   0.481020    13.1611    -1.9415     -0.476     0.3040    -0.4047 -9.990e-29
 274.725486     -0.473   0.480962    13.1643    -1.9411     -0.469     0.3039    -0.4052 -9.990e-29
 274.725492     -0.468   0.480801    13.1645    -1.9407     -0.464     0.3038    -0.4053 -9.990e-29
 274.725498     -0.465   0.480320    13.1661    -1.9401     -0.461     0.3035    -0.4058 -9.990e-29
 274.725503     -0.465   0.479432    13.1683    -1.9392     -0.461     0.3029    -0.4065 -9.990e-29
 274.725509     -0.467   0.478615    13.1687    -1.9386     -0.463     0.3024    -0.4070 -9.990e-29
 274.725515     -0.467   0.478439    13.1655    -1.9385     -0.463     0.3023    -0.4066 -9.990e-29
 274.725521     -0.461   0.478668    13.1616    -1.9385     -0.457     0.3024    -0.4060 -9.990e-29
 274.725527     -0.453   0.478499    13.1624    -1.9384     -0.449     0.3023    -0.4062 -9.990e-29
 274.725532     -0.446   0.477706    13.1689    -1.9383     -0.442     0.3018    -0.4075 -9.990e-29
 274.725538     -0.441   0.476894    13.1784    -1.9383     -0.437     0.3012    -0.4092 -9.990e-29
 274.725544     -0.436   0.476642    13.1896    -1.9391     -0.432     0.3009    -0.4108 -9.990e-29
 274.725550     -0.432   0.476613    13.2033    -1.9394     -0.428     0.3008    -0.4127 -9.990e-29
 274.725556     -0.428   0.476213    13.2180    -1.9398     -0.424     0.3004    -0.4149 -9.990e-29
 274.725561     -0.423   0.475461    13.2293    -1.9409     -0.419     0.2998    -0.4168 -9.990e-29
 274.725567     -0.419   0.474464    13.2355    -1.9409     -0.416     0.2991    -0.4182 -9.990e-29
 274.725573     -0.414   0.473551    13.2385    -1.9412     -0.411     0.2985    -0.4190 -9.990e-29
 274.725579     -0.407   0.473168    13.2403    -1.9415     -0.404     0.2983    -0.4195 -9.990e-29
 274.725584     -0.400   0.473357    13.2404    -1.9420     -0.397     0.2984    -0.4194 -9.990e-29
 274.725590     -0.390   0.473813    13.2361    -1.9424     -0.387     0.2987    -0.4186 -9.990e-29
 274.725596     -0.378   0.474037    13.2270    -1.9423     -0.375     0.2989    -0.4172 -9.990e-29
 274.725602     -0.363   0.473776    13.2166    -1.9420     -0.360     0.2988    -0.4159 -9.990e-29
 274.725608     -0.344   0.473233    13.2050    -1.9422     -0.341     0.2986    -0.4146 -9.990e-29
 274.725613     -0.324   0.472791    13.1925    -1.9422     -0.321     0.2984    -0.4132 -9.990e-29
 274.725619     -0.309   0.472415    13.1831    -1.9424     -0.306     0.2982    -0.4121 -9.990e-29
 274.725625     -0.300   0.472154    13.1764    -1.9423     -0.297     0.2981    -0.4113 -9.990e-29
 274.725631     -0.292   0.472216    13.1690    -1.9420     -0.290     0.2982    -0.4103 -9.990e-29
 274.725637     -0.287   0.472128    13.1609    -1.9419     -0.285     0.2982    -0.4092 -9.990e-29
 274.725642     -0.287   0.471772    13.1551    -1.9422     -0.285     0.2980    -0.4086 -9.990e-29
 274.725648     -0.285   0.471781    13.1534    -1.9419     -0.283     0.2980    -0.4084 -9.990e-29
 274.725654     -0.284   0.472166    13.1539    -1.9417     -0.282     0.2983    -0.4083 -9.990e-29
 274.725660     -0.277   0.472333    13.1539    -1.9412     -0.275     0.2984    -0.4082 -9.990e-29
 274.725666     -0.265   0.471950    13.1530    -1.9407     -0.263     0.2981    -0.4082 -9.990e-29
 274.725671     -0.251   0.471060    13.1525    -1.9402     -0.249     0.2976    -0.4086 -9.990e-29
 274.725677     -0.234   0.470138    13.1538    -1.9403     -0.232     0.2969    -0.4093 -9.990e-29
 274.725683     -0.218   0.469613    13.1566    -1.9404     -0.216     0.2966    -0.4099 -9.990e-29
 274.725689     -0.206   0.469340    13.1586    -1.9401     -0.204     0.2964    -0.4103 -9.990e-29
 274.725694     -0.197   0.468954    13.1600    -1.9396     -0.195     0.2961    -0.4107 -9.990e-29
 274.725700     -0.190   0.468492    13.1635    -1.9393     -0.188     0.2958    -0.4114 -9.990e-29
 274.725706     -0.185   0.468445    13.1700    -1.9390     -0.183     0.2957    -0.4123 -9.990e-29
 274.725712     -0.182   0.468751    13.1786    -1.9388     -0.180     0.2959    -0.4133 -9.990e-29
 274.725718     -0.180   0.468709    13.1879    -1.9382     -0.178     0.2958    -0.4146 -9.990e-29
 274.725723     -0.179   0.468263    13.1950    -1.9377     -0.178     0.2954    -0.4158 -9.990e-29
 274.725729     -0.180   0.467926    13.1982    -1.9371     -0.178     0.2952    -0.4164 -9.990e-29
 274.725735     -0.182   0.467802    13.2008    -1.9362     -0.180     0.2951    -0.4168 -9.990e-29
 274.725741     -0.181   0.467724    13.2065    -1.9355     -0.179     0.2950    -0.4176 -9.990e-29
 274.725747     -0.173   0.467589    13.2146    -1.9351     -0.172     0.2948    -0.4188 -9.990e-29
 274.725752     -0.161   0.467214    13.2229    -1.9345     -0.160     0.2945    -0.4201 -9.990e-29
 274.725758     -0.150   0.466654    13.2308    -1.9340     -0.149     0.2941    -0.4215 -9.990e-29
 274.725764     -0.138   0.466268    13.2394    -1.9335     -0.137     0.2938    -0.4228 -9.990e-29
 274.725770     -0.129   0.466097    13.2502    -1.9328     -0.128     0.2936    -0.4244 -9.990e-29
 274.725775     -0.126   0.465910    13.2633    -1.9327     -0.125     0.2934    -0.4263 -9.990e-29
 274.725781     -0.126   0.465457    13.2783    -1.9330     -0.125     0.2930    -0.4286 -9.990e-29
 274.725787     -0.124   0.464687    13.2943    -1.9330     -0.123     0.2924    -0.4311 -9.990e-29
 274.725793     -0.119   0.464237    13.3093    -1.9334     -0.118     0.2920    -0.4334 -9.990e-29
 274.725799     -0.112   0.464612    13.3226    -1.9347     -0.111     0.2921    -0.4350 -9.990e-29
 274.725804     -0.102   0.465205    13.3352    -1.9349     -0.101     0.2924    -0.4365 -9.990e-29
 274.725810     -0.088   0.465144    13.3477    -1.9347     -0.087     0.2923    -0.4382 -9.990e-29
 274.725816     -0.070   0.464345    13.3597    -1.9345     -0.069     0.2917    -0.4403 -9.990e-29
 274.725822     -0.046   0.463406    13.3693    -1.9340     -0.046     0.2910    -0.4421 -9.990e-29
 274.725828     -0.019   0.463291    13.3733    -1.9334     -0.019     0.2909    -0.4427 -9.990e-29
 274.725833      0.003   0.464399    13.3722    -1.9320      0.003     0.2916    -0.4420 -9.990e-29
 274.725839      0.019   0.465437    13.3672    -1.9303      0.019     0.2923    -0.4407 -9.990e-29
 274.725845      0.029   0.465019    13.3567    -1.9296      0.029     0.2921    -0.4395 -9.990e-29
 274.725851      0.034   0.463694    13.3438    -1.9291      0.034     0.2914    -0.4384 -9.990e-29
 274.725856      0.039   0.463020    13.3368    -1.9288      0.039     0.2910    -0.4378 -9.990e-29
 274.725862      0.048   0.463759    13.3373    -1.9283      0.048     0.2914    -0.4375 -9.990e-29
 274.725868      0.057   0.465234    13.3432    -1.9278      0.057     0.2924    -0.4376 -9.990e-29
 274.725874      0.062   0.466086    13.3545    -1.9275      0.061     0.2928    -0.4387 -9.990e-29
 274.725880      0.065   0.466344    13.3725    -1.9264      0.064     0.2929    -0.4410 -9.990e-29
 274.725885      0.065   0.467459    13.3978    -1.9250      0.064     0.2934    -0.4439 -9.990e-29
 274.725891      0.066   0.469811    13.4245    -1.9241      0.065     0.2947    -0.4465 -9.990e-29
 274.725897      0.072   0.472658    13.4451    -1.9225      0.071     0.2964    -0.4479 -9.990e-29
 274.725903      0.081   0.475363    13.4588    -1.9209      0.080     0.2981    -0.4484 -9.990e-29
 274.725909      0.088   0.478210    13.4691    -1.9197      0.087     0.2998    -0.4484 -9.990e-29
 274.725914      0.093   0.482225    13.4784    -1.9188      0.092     0.3024    -0.4477 -9.990e-29
 274.725920      0.097   0.488884    13.4874    -1.9182      0.096     0.3066    -0.4456 -9.990e-29
 274.725926      0.101   0.500973    13.4986    -1.9177      0.100     0.3143    -0.4411 -9.990e-29
 274.725932      0.104   0.519654    13.5156    -1.9173      0.103     0.3263    -0.4340 -9.990e-29
 274.725937      0.106   0.542695    13.5364    -1.9167      0.105     0.3411    -0.4253 -9.990e-29
 274.725943      0.109   0.568689    13.5588    -1.9161      0.108     0.3578    -0.4154 -9.990e-29
 274.725949      0.111   0.599062    13.5839    -1.9155      0.110     0.3773    -0.4035 -9.990e-29
 274.725955      0.113   0.634984    13.6101    -1.9147      0.112     0.4005    -0.3891 -9.990e-29
 274.725961      0.116   0.673944    13.6339    -1.9144      0.115     0.4258    -0.3727 -9.990e-29
 274.725966      0.118   0.709170    13.6537    -1.9140      0.117     0.4487    -0.3576 -9.990e-29
 274.725972      0.122   0.733898    13.6698    -1.9135      0.121     0.4647    -0.3473 -9.990e-29
 274.725978      0.126   0.747306    13.6831    -1.9131      0.125     0.4734    -0.3424 -9.990e-29
 274.725984      0.131   0.753423    13.6952    -1.9130      0.130     0.4773    -0.3410 -9.990e-29
 274.725990      0.137   0.756525    13.7076    -1.9134      0.136     0.4792    -0.3412 -9.990e-29
 274.725995      0.146   0.759643    13.7208    -1.9135      0.145     0.4810    -0.3415 -9.990e-29
 274.726001      0.156   0.764161    13.7343    -1.9133      0.155     0.4839    -0.3412 -9.990e-29
 274.726007      0.165   0.770564    13.7465    -1.9128      0.164     0.4879    -0.3397 -9.990e-29
 274.726013      0.169   0.778526    13.7570    -1.9125      0.168     0.4930    -0.3372 -9.990e-29
 274.726019      0.173   0.786475    13.7663    -1.9123      0.172     0.4981    -0.3345 -9.990e-29
 274.726024      0.176   0.793374    13.7744    -1.9122      0.175     0.5026    -0.3322 -9.990e-29
 274.726030      0.175   0.799559    13.7797    -1.9122      0.174     0.5066    -0.3298 -9.990e-29
 274.726036      0.174   0.805519    13.7806    -1.9118      0.173     0.5105    -0.3269 -9.990e-29
 274.726042      0.176   0.811999    13.7782    -1.9117      0.175     0.5148    -0.3232 -9.990e-29
 274.726047      0.183   0.819330    13.7773    -1.9116      0.181     0.5197    -0.3193 -9.990e-29
 274.726053      0.195   0.826206    13.7806    -1.9122      0.193     0.5242    -0.3163 -9.990e-29
 274.726059      0.207   0.831268    13.7865    -1.9125      0.205     0.5274    -0.3146 -9.990e-29
 274.726065      0.218   0.835172    13.7922    -1.9122      0.216     0.5299    -0.3134 -9.990e-29
 274.726071      0.226   0.839798    13.7965    -1.9118      0.224     0.5329    -0.3117 -9.990e-29
 274.726076      0.233   0.844666    13.8002    -1.9115      0.231     0.5361    -0.3097 -9.990e-29
 274.726082      0.244   0.846847    13.8044    -1.9116      0.242     0.5375    -0.3092 -9.990e-29
 274.726088      0.259   0.845373    13.8085    -1.9124      0.257     0.5364    -0.3106 -9.990e-29
 274.726094      0.271   0.842710    13.8108    -1.9126      0.269     0.5346    -0.3123 -9.990e-29
 274.726100      0.275   0.841400    13.8100    -1.9125      0.273     0.5338    -0.3129 -9.990e-29
 274.726105      0.278   0.840249    13.8068    -1.9126      0.276     0.5331    -0.3130 -9.990e-29
 274.726111      0.282   0.836061    13.8053    -1.9129      0.280     0.5303    -0.3149 -9.990e-29
 274.726117      0.289   0.829344    13.8083    -1.9129      0.287     0.5259    -0.3188 -9.990e-29
 274.726123      0.299   0.824438    13.8136    -1.9125      0.297     0.5225    -0.3221 -9.990e-29
 274.726128      0.308   0.823110    13.8168    -1.9119      0.305     0.5216    -0.3232 -9.990e-29
 274.726134      0.312   0.821929    13.8146    -1.9114      0.309     0.5209    -0.3235 -9.990e-29
 274.726140      0.316   0.817658    13.8086    -1.9107      0.313     0.5181    -0.3248 -9.990e-29
 274.726146      0.325   0.811248    13.8041    -1.9103      0.322     0.5140    -0.3274 -9.990e-29
 274.726152      0.334   0.805231    13.8026    -1.9099      0.331     0.5100    -0.3303 -9.990e-29
 274.726157      0.341   0.800450    13.8012    -1.9094      0.338     0.5069    -0.3325 -9.990e-29
 274.726163      0.345   0.796068    13.8001    -1.9088      0.342     0.5040    -0.3346 -9.990e-29
 274.726169      0.346   0.791227    13.8026    -1.9084      0.343     0.5008    -0.3374 -9.990e-29
 274.726175      0.346   0.786120    13.8102    -1.9087      0.343     0.4974    -0.3412 -9.990e-29
 274.726181      0.344   0.781694    13.8217    -1.9096      0.341     0.4943    -0.3451 -9.990e-29
 274.726186      0.343   0.778142    13.8355    -1.9098      0.340     0.4918    -0.3490 -9.990e-29
 274.726192      0.349   0.774603    13.8496    -1.9110      0.346     0.4893    -0.3528 -9.990e-29
 274.726198      0.357   0.770792    13.8624    -1.9112      0.354     0.4866    -0.3567 -9.990e-29
 274.726204      0.363   0.767166    13.8743    -1.9111      0.360     0.4841    -0.3603 -9.990e-29
 274.726209      0.369   0.763875    13.8859    -1.9107      0.366     0.4818    -0.3637 -9.990e-29
 274.726215      0.373   0.760964    13.8960    -1.9106      0.370     0.4798    -0.3667 -9.990e-29
 274.726221      0.377   0.758427    13.9008    -1.9104      0.374     0.4781    -0.3687 -9.990e-29
 274.726227      0.381   0.755653    13.8967    -1.9098      0.378     0.4763    -0.3695 -9.990e-29
 274.726233      0.385   0.752264    13.8864    -1.9092      0.382     0.4742    -0.3697 -9.990e-29
 274.726238      0.390   0.748728    13.8735    -1.9079      0.387     0.4720    -0.3695 -9.990e-29
 274.726244      0.395   0.745871    13.8606    -1.9067      0.392     0.4703    -0.3691 -9.990e-29
