data/oxygen options/ONMS/Olympic_Coast_National_Marine_Sanctuary_CTD_Data_2005_2023/raw_data/2019/CAST_MB015_191002faed.cnv
* Sea-Bird SBE 19 Data File:
* FileName = C:\2019 Mooring Data\Casts\CAST_MB015_191002.hex
* Software Version SeatermAF 2.1.2
* Temperature SN = 2997
* Conductivity SN = 2997
* System UpLoad Time = Oct 02 2019 18:15:04 (localtime) = Oct 02 2019 18:15:04 (UTC)
** CAST_MB015_191002
* ds
# nquan = 9                                 
# nvalues = 796                         
# units = specified
# name 0 = timeJ: Julian Days
# name 1 = prSM: Pressure, Strain Gauge [db]
# name 2 = c0mS/cm: Conductivity [mS/cm]
# name 3 = t090C: Temperature [ITS-90, deg C]
# name 4 = sbeox0ML/L: Oxygen, SBE 43 [ml/l]
# name 5 = depSM: Depth [salt water, m], lat = 47.5
# name 6 = sal00: Salinity, Practical [PSU]
# name 7 = sigma-é00: Density [sigma-theta, kg/m^3]
# name 8 = flag: flag
# span 0 = 275.737731, 275.742332       
# span 1 =     -4.412,     15.496       
# span 2 =   0.363502,  36.698076       
# span 3 =    11.0328,    12.6739       
# span 4 =    -1.9738,    11.2120       
# span 5 =     -4.375,     15.366       
# span 6 =     0.2310,    32.4873       
# span 7 =    -0.3995,    24.8140       
# span 8 = 0.0000e+00, 0.0000e+00       
# interval = seconds: 0.5
# start_time = Oct 02 2019 17:42:20 [Instrument's time stamp, header]
# bad_flag = -9.990e-29
*END*
[from data line 161]
 275.738663     -1.193   0.365155    12.6530    -1.9635     -1.183     0.2319    -0.3968 -9.990e-29
 275.738669     -1.178   0.365155    12.6593    -1.9637     -1.168     0.2318    -0.3976 -9.990e-29
 275.738675     -1.159   0.365155    12.6646    -1.9638     -1.149     0.2318    -0.3983 -9.990e-29
 275.738681     -1.135   0.365155    12.6684    -1.9638     -1.126     0.2318    -0.3988 -9.990e-29
 275.738686     -1.109   0.365155    12.6704    -1.9638     -1.100     0.2318    -0.3990 -9.990e-29
 275.738692     -1.088   0.365155    12.6711    -1.9639     -1.079     0.2318    -0.3991 -9.990e-29
 275.738698     -1.070   0.365156    12.6716    -1.9640     -1.061     0.2318    -0.3992 -9.990e-29
 275.738704     -1.051   0.365156    12.6726    -1.9641     -1.042     0.2317    -0.3993 -9.990e-29
 275.738709     -1.032   0.365156    12.6738    -1.9644     -1.023     0.2317    -0.3995 -9.990e-29
 275.738715     -1.017   0.365156    12.6739    -1.9645     -1.009     0.2317    -0.3995 -9.990e-29
 275.738721     -1.006   0.365156    12.6726    -1.9647     -0.998     0.2317    -0.3993 -9.990e-29
 275.738727     -0.997   0.365156    12.6709    -1.9650     -0.989     0.2318    -0.3991 -9.990e-29
 275.738733     -0.989   0.365155    12.6699    -1.9652     -0.981     0.2318    -0.3990 -9.990e-29
 275.738738     -0.984   0.365150    12.6691    -1.9653     -0.976     0.2318    -0.3989 -9.990e-29
 275.738744     -0.979   0.365137    12.6676    -1.9653     -0.971     0.2318    -0.3987 -9.990e-29
 275.738750     -0.975   0.365098    12.6650    -1.9654     -0.967     0.2318    -0.3984 -9.990e-29
 275.738756     -0.972   0.364980    12.6615    -1.9655     -0.964     0.2317    -0.3980 -9.990e-29
 275.738762     -0.969   0.364625    12.6572    -1.9660     -0.961     0.2315    -0.3976 -9.990e-29
 275.738767     -0.966   0.364112    12.6528    -1.9662     -0.958     0.2312    -0.3973 -9.990e-29
 275.738773     -0.963   0.363866    12.6483    -1.9664     -0.955     0.2310    -0.3969 -9.990e-29
 275.738779     -0.960   0.364112    12.6434    -1.9665     -0.952     0.2312    -0.3961 -9.990e-29
 275.738785     -0.957   0.364625    12.6391    -1.9665     -0.949     0.2316    -0.3953 -9.990e-29
 275.738791     -0.952   0.364979    12.6363    -1.9666     -0.944     0.2318    -0.3948 -9.990e-29
 275.738796     -0.947   0.365093    12.6345    -1.9670     -0.939     0.2319    -0.3945 -9.990e-29
 275.738802     -0.941   0.365120    12.6322    -1.9676     -0.933     0.2320    -0.3942 -9.990e-29
 275.738808     -0.933   0.365093    12.6282    -1.9683     -0.925     0.2320    -0.3937 -9.990e-29
 275.738814     -0.923   0.364975    12.6227    -1.9690     -0.915     0.2319    -0.3930 -9.990e-29
 275.738819     -0.914   0.364610    12.6172    -1.9695     -0.906     0.2317    -0.3925 -9.990e-29
 275.738825     -0.910   0.364066    12.6128    -1.9697     -0.902     0.2314    -0.3923 -9.990e-29
 275.738831     -0.907   0.363725    12.6094    -1.9697     -0.899     0.2312    -0.3920 -9.990e-29
 275.738837     -0.901   0.363684    12.6064    -1.9699     -0.893     0.2312    -0.3916 -9.990e-29
 275.738843     -0.890   0.363889    12.6021    -1.9698     -0.883     0.2313    -0.3910 -9.990e-29
 275.738848     -0.875   0.364061    12.5940    -1.9701     -0.868     0.2315    -0.3899 -9.990e-29
 275.738854     -0.857   0.363872    12.5821    -1.9701     -0.850     0.2314    -0.3885 -9.990e-29
 275.738860     -0.842   0.363624    12.5688    -1.9702     -0.835     0.2314    -0.3869 -9.990e-29
 275.738866     -0.822   0.363542    12.5565    -1.9702     -0.815     0.2314    -0.3854 -9.990e-29
 275.738872     -0.798   0.363515    12.5469    -1.9706     -0.791     0.2314    -0.3842 -9.990e-29
 275.738877     -0.776   0.363506    12.5407    -1.9707     -0.770     0.2314    -0.3834 -9.990e-29
 275.738883     -0.758   0.363503    12.5371    -1.9710     -0.752     0.2315    -0.3830 -9.990e-29
 275.738889     -0.745   0.363502    12.5349    -1.9711     -0.739     0.2315    -0.3827 -9.990e-29
 275.738895     -0.734   0.363502    12.5330    -1.9711     -0.728     0.2315    -0.3824 -9.990e-29
 275.738900     -0.726   0.363502    12.5306    -1.9711     -0.720     0.2315    -0.3821 -9.990e-29
 275.738906     -0.719   0.363502    12.5281    -1.9710     -0.713     0.2315    -0.3818 -9.990e-29
 275.738912     -0.714   0.363502    12.5257    -1.9708     -0.708     0.2315    -0.3815 -9.990e-29
 275.738918     -0.710   0.363503    12.5225    -1.9710     -0.704     0.2315    -0.3811 -9.990e-29
 275.738924     -0.706   0.363504    12.5182    -1.9712     -0.700     0.2316    -0.3806 -9.990e-29
 275.738929     -0.704   0.363505    12.5136    -1.9705     -0.698     0.2316    -0.3800 -9.990e-29
 275.738935     -0.701   0.363509    12.5095    -1.9690     -0.695     0.2316    -0.3795 -9.990e-29
 275.738941     -0.699   0.363521    12.5069    -1.9659     -0.693     0.2316    -0.3791 -9.990e-29
 275.738947     -0.696   0.363555    12.5060    -1.9663     -0.690     0.2317    -0.3790 -9.990e-29
 275.738953     -0.694   0.363658    12.5064    -1.9662     -0.688     0.2317    -0.3790 -9.990e-29
 275.738958     -0.691   0.363967    12.5076    -1.9661     -0.685     0.2319    -0.3790 -9.990e-29
 275.738964     -0.688   0.364894    12.5082    -1.9657     -0.682     0.2325    -0.3786 -9.990e-29
 275.738970     -0.684   0.367120    12.5069    -1.9653     -0.678     0.2340    -0.3773 -9.990e-29
 275.738976     -0.679   0.372505    12.5047    -1.9649     -0.673     0.2375    -0.3743 -9.990e-29
 275.738981     -0.673   0.387675    12.5027    -1.9649     -0.667     0.2475    -0.3663 -9.990e-29
 275.738987     -0.666   0.431194    12.5003    -1.9646     -0.660     0.2761    -0.3436 -9.990e-29
 275.738993     -0.656   0.530623    12.4983    -1.9649     -0.651     0.3421    -0.2919 -9.990e-29
 275.738999     -0.644   0.698328    12.4982    -1.9649     -0.639     0.4547    -0.2041 -9.990e-29
 275.739005     -0.628   0.869279    12.4990    -1.9650     -0.623     0.5711    -0.1135 -9.990e-29
 275.739010     -0.608   0.957823    12.4995    -1.9646     -0.603     0.6318    -0.0662 -9.990e-29
 275.739016     -0.587   0.987829    12.5004    -1.9646     -0.582     0.6525    -0.0503 -9.990e-29
 275.739022     -0.572   1.015376    12.5016    -1.9648     -0.567     0.6715    -0.0356 -9.990e-29
 275.739028     -0.565   1.047271    12.5008    -1.9649     -0.560     0.6935    -0.0184 -9.990e-29
 275.739034     -0.563   1.080045    12.4974    -1.9651     -0.558     0.7163    -0.0002 -9.990e-29
 275.739039     -0.556   1.115284    12.4931    -1.9652     -0.551     0.7408     0.0194 -9.990e-29
 275.739045     -0.545   1.153977    12.4894    -1.9656     -0.540     0.7678     0.0408 -9.990e-29
 275.739051     -0.536   1.187863    12.4882    -1.9657     -0.532     0.7914     0.0594 -9.990e-29
 275.739057     -0.531   1.206152    12.4907    -1.9657     -0.527     0.8041     0.0690 -9.990e-29
 275.739062     -0.523   1.207735    12.4953    -1.9658     -0.519     0.8051     0.0692 -9.990e-29
 275.739068     -0.512   1.198602    12.4987    -1.9659     -0.508     0.7987     0.0638 -9.990e-29
 275.739074     -0.499   1.185418    12.4994    -1.9660     -0.495     0.7895     0.0565 -9.990e-29
 275.739080     -0.485   1.172218    12.4986    -1.9659     -0.481     0.7803     0.0495 -9.990e-29
 275.739086     -0.475   1.159691    12.4976    -1.9662     -0.471     0.7716     0.0428 -9.990e-29
 275.739091     -0.468   1.146651    12.4966    -1.9662     -0.464     0.7625     0.0359 -9.990e-29
 275.739097     -0.464   1.131782    12.4951    -1.9664     -0.460     0.7522     0.0280 -9.990e-29
 275.739103     -0.461   1.116316    12.4938    -1.9665     -0.457     0.7415     0.0199 -9.990e-29
 275.739109     -0.461   1.102907    12.4931    -1.9666     -0.457     0.7322     0.0127 -9.990e-29
 275.739115     -0.458   1.092520    12.4924    -1.9665     -0.454     0.7250     0.0072 -9.990e-29
 275.739120     -0.449   1.085159    12.4914    -1.9666     -0.445     0.7199     0.0034 -9.990e-29
 275.739126     -0.437   1.080428    12.4904    -1.9666     -0.433     0.7167     0.0009 -9.990e-29
 275.739132     -0.425   1.077007    12.4897    -1.9665     -0.421     0.7143    -0.0008 -9.990e-29
 275.739138     -0.413   1.073659    12.4890    -1.9667     -0.410     0.7120    -0.0025 -9.990e-29
 275.739144     -0.405   1.068690    12.4880    -1.9668     -0.402     0.7086    -0.0051 -9.990e-29
 275.739149     -0.403   1.060838    12.4870    -1.9670     -0.400     0.7032    -0.0092 -9.990e-29
 275.739155     -0.404   1.051276    12.4861    -1.9673     -0.401     0.6966    -0.0142 -9.990e-29
 275.739161     -0.404   1.042034    12.4853    -1.9681     -0.401     0.6902    -0.0191 -9.990e-29
 275.739167     -0.401   1.035186    12.4848    -1.9684     -0.398     0.6855    -0.0227 -9.990e-29
 275.739172     -0.398   1.031942    12.4846    -1.9686     -0.395     0.6832    -0.0244 -9.990e-29
 275.739178     -0.392   1.030195    12.4852    -1.9687     -0.389     0.6820    -0.0254 -9.990e-29
 275.739184     -0.383   1.027058    12.4860    -1.9685     -0.380     0.6798    -0.0272 -9.990e-29
 275.739190     -0.376   1.022230    12.4850    -1.9684     -0.373     0.6765    -0.0297 -9.990e-29
 275.739196     -0.375   1.016475    12.4820    -1.9681     -0.372     0.6726    -0.0324 -9.990e-29
 275.739201     -0.374   1.010988    12.4773    -1.9679     -0.371     0.6689    -0.0347 -9.990e-29
 275.739207     -0.369   1.006762    12.4702    -1.9678     -0.366     0.6661    -0.0360 -9.990e-29
 275.739213     -0.361   1.002598    12.4618    -1.9677     -0.358     0.6633    -0.0371 -9.990e-29
 275.739219     -0.353   0.996821    12.4548    -1.9678     -0.350     0.6595    -0.0393 -9.990e-29
 275.739225     -0.348   0.990040    12.4507    -1.9679     -0.345     0.6549    -0.0424 -9.990e-29
 275.739230     -0.343   0.984295    12.4499    -1.9679     -0.340     0.6509    -0.0453 -9.990e-29
 275.739236     -0.332   0.980793    12.4522    -1.9674     -0.329     0.6485    -0.0475 -9.990e-29
 275.739242     -0.319   0.978743    12.4565    -1.9673     -0.316     0.6470    -0.0492 -9.990e-29
 275.739248     -0.308   0.975966    12.4617    -1.9671     -0.305     0.6450    -0.0514 -9.990e-29
 275.739253     -0.294   0.972083    12.4663    -1.9669     -0.292     0.6422    -0.0541 -9.990e-29
 275.739259     -0.275   0.969121    12.4693    -1.9668     -0.273     0.6401    -0.0561 -9.990e-29
 275.739265     -0.259   0.967562    12.4711    -1.9668     -0.257     0.6390    -0.0572 -9.990e-29
 275.739271     -0.250   0.965328    12.4723    -1.9665     -0.248     0.6375    -0.0585 -9.990e-29
 275.739277     -0.247   0.960547    12.4736    -1.9665     -0.245     0.6341    -0.0613 -9.990e-29
 275.739282     -0.249   0.953494    12.4762    -1.9665     -0.247     0.6292    -0.0654 -9.990e-29
 275.739288     -0.257   0.946955    12.4805    -1.9666     -0.255     0.6247    -0.0695 -9.990e-29
 275.739294     -0.267   0.943847    12.4855    -1.9670     -0.265     0.6224    -0.0718 -9.990e-29
 275.739300     -0.270   0.943350    12.4905    -1.9671     -0.268     0.6220    -0.0728 -9.990e-29
 275.739306     -0.268   0.942032    12.4949    -1.9672     -0.266     0.6210    -0.0741 -9.990e-29
 275.739311     -0.269   0.938135    12.4982    -1.9673     -0.267     0.6183    -0.0766 -9.990e-29
 275.739317     -0.268   0.932557    12.5016    -1.9674     -0.266     0.6144    -0.0801 -9.990e-29
 275.739323     -0.257   0.927837    12.5050    -1.9676     -0.255     0.6111    -0.0830 -9.990e-29
 275.739329     -0.243   0.925436    12.5071    -1.9679     -0.241     0.6094    -0.0846 -9.990e-29
 275.739334     -0.235   0.923262    12.5075    -1.9681     -0.233     0.6079    -0.0858 -9.990e-29
 275.739340     -0.227   0.918971    12.5056    -1.9682     -0.225     0.6050    -0.0879 -9.990e-29
 275.739346     -0.215   0.913489    12.5015    -1.9680     -0.213     0.6013    -0.0902 -9.990e-29
 275.739352     -0.202   0.909482    12.4979    -1.9680     -0.200     0.5986    -0.0919 -9.990e-29
 275.739358     -0.192   0.908255    12.4960    -1.9678     -0.190     0.5978    -0.0923 -9.990e-29
 275.739363     -0.184   0.907618    12.4950    -1.9678     -0.182     0.5974    -0.0925 -9.990e-29
 275.739369     -0.178   0.903951    12.4933    -1.9679     -0.177     0.5949    -0.0942 -9.990e-29
 275.739375     -0.173   0.896796    12.4901    -1.9680     -0.172     0.5901    -0.0976 -9.990e-29
 275.739381     -0.169   0.889357    12.4854    -1.9685     -0.168     0.5850    -0.1010 -9.990e-29
 275.739387     -0.165   0.885014    12.4813    -1.9688     -0.164     0.5821    -0.1027 -9.990e-29
 275.739392     -0.162   0.884071    12.4802    -1.9689     -0.161     0.5815    -0.1031 -9.990e-29
 275.739398     -0.159   0.883608    12.4816    -1.9687     -0.158     0.5811    -0.1035 -9.990e-29
 275.739404     -0.156   0.881345    12.4839    -1.9687     -0.155     0.5796    -0.1051 -9.990e-29
 275.739410     -0.153   0.878144    12.4860    -1.9688     -0.152     0.5773    -0.1070 -9.990e-29
 275.739416     -0.149   0.875832    12.4865    -1.9691     -0.148     0.5757    -0.1083 -9.990e-29
 275.739421     -0.145   0.874651    12.4851    -1.9692     -0.144     0.5750    -0.1088 -9.990e-29
 275.739427     -0.139   0.873025    12.4815    -1.9691     -0.138     0.5739    -0.1092 -9.990e-29
 275.739433     -0.133   0.869341    12.4762    -1.9700     -0.132     0.5714    -0.1104 -9.990e-29
 275.739439     -0.125   0.864226    12.4714    -1.9705     -0.124     0.5680    -0.1125 -9.990e-29
 275.739444     -0.119   0.860834    12.4690    -1.9709     -0.118     0.5657    -0.1140 -9.990e-29
 275.739450     -0.119   0.860735    12.4689    -1.9712     -0.118     0.5657    -0.1141 -9.990e-29
 275.739456     -0.120   0.861580    12.4691    -1.9718     -0.119     0.5662    -0.1136 -9.990e-29
 275.739462     -0.120   0.860618    12.4675    -1.9720     -0.119     0.5656    -0.1139 -9.990e-29
 275.739468     -0.116   0.857122    12.4642    -1.9719     -0.115     0.5633    -0.1154 -9.990e-29
 275.739473     -0.110   0.852524    12.4603    -1.9718     -0.109     0.5602    -0.1173 -9.990e-29
 275.739479     -0.101   0.849558    12.4544    -1.9715     -0.100     0.5582    -0.1181 -9.990e-29
 275.739485     -0.088   0.849255    12.4449    -1.9716     -0.087     0.5582    -0.1170 -9.990e-29
 275.739491     -0.075   0.849551    12.4347    -1.9716     -0.074     0.5585    -0.1155 -9.990e-29
 275.739497     -0.065   0.848069    12.4255    -1.9713     -0.064     0.5576    -0.1151 -9.990e-29
 275.739502     -0.058   0.845050    12.4164    -1.9710     -0.058     0.5557    -0.1155 -9.990e-29
 275.739508     -0.053   0.842560    12.4087    -1.9706     -0.053     0.5541    -0.1158 -9.990e-29
 275.739514     -0.045   0.841158    12.4047    -1.9702     -0.045     0.5532    -0.1160 -9.990e-29
 275.739520     -0.035   0.839530    12.4049    -1.9699     -0.035     0.5521    -0.1169 -9.990e-29
 275.739525     -0.025   0.837167    12.4076    -1.9696     -0.025     0.5504    -0.1185 -9.990e-29
 275.739531     -0.015   0.834797    12.4103    -1.9694     -0.015     0.5488    -0.1201 -9.990e-29
 275.739537     -0.009   0.833137    12.4121    -1.9693     -0.009     0.5476    -0.1213 -9.990e-29
 275.739543     -0.006   0.832190    12.4146    -1.9692     -0.006     0.5469    -0.1221 -9.990e-29
 275.739549     -0.001   0.831246    12.4196    -1.9691     -0.001     0.5462    -0.1233 -9.990e-29
 275.739554      0.004   0.829603    12.4267    -1.9692      0.004     0.5450    -0.1251 -9.990e-29
 275.739560      0.012   0.827284    12.4349    -1.9692      0.012     0.5433    -0.1274 -9.990e-29
 275.739566      0.018   0.825076    12.4430    -1.9694      0.018     0.5416    -0.1296 -9.990e-29
 275.739572      0.022   0.823912    12.4503    -1.9700      0.022     0.5407    -0.1312 -9.990e-29
 275.739578      0.029   0.823903    12.4563    -1.9704      0.029     0.5407    -0.1320 -9.990e-29
