data/oxygen options/ONMS/Olympic_Coast_National_Marine_Sanctuary_CTD_Data_2005_2023/raw_data/2019/CAST_CA015_191002faed.cnv
* Sea-Bird SBE 19 Data File:
* FileName = C:\2019 Mooring Data\Casts\CAST_CA015_191002.hex
* Software Version SeatermAF 2.1.2
* Temperature SN = 2997
* Conductivity SN = 2997
* System UpLoad Time = Oct 02 2019 21:49:49 (localtime) = Oct 02 2019 21:49:49 (UTC)
** CAST_CA015_191002
* ds
# nquan = 9                                 
# nvalues = 831                         
# units = specified
# name 0 = timeJ: Julian Days
# name 1 = prSM: Pressure, Strain Gauge [db]
# name 2 = c0mS/cm: Conductivity [mS/cm]
# name 3 = t090C: Temperature [ITS-90, deg C]
# name 4 = sbeox0ML/L: Oxygen, SBE 43 [ml/l]
# name 5 = depSM: Depth [salt water, m], lat = 47.5
# name 6 = sal00: Salinity, Practical [PSU]
# name 7 = sigma-é00: Density [sigma-theta, kg/m^3]
# name 8 = flag: flag
# span 0 = 275.852292, 275.857095       
# span 1 =     -4.602,     15.548       
# span 2 =   0.266895,  37.394875       
# span 3 =    11.4507,    13.0998       
# span 4 =    -1.9650,    11.7960       
# span 5 =     -4.564,     15.418       
# span 6 =     0.1677,    32.5461       
# span 7 =    -0.4637,    24.7012       
# span 8 = 0.0000e+00, 0.0000e+00       
# interval = seconds: 0.5
# start_time = Oct 02 2019 20:27:18 [Instrument's time stamp, header]
# bad_flag = -9.990e-29
*END*
[from data line 481]
 275.855075      1.204  37.348726    11.9233    -1.6313      1.194    32.4916    24.6558 -9.990e-29
 275.855081      1.209  37.337315    11.9193    -1.6320      1.199    32.4840    24.6506 -9.990e-29
 275.855087      1.212  37.312055    11.9130    -1.6319      1.202    32.4651    24.6371 -9.990e-29
 275.855093      1.207  37.300304    11.9081    -1.6320      1.197    32.4580    24.6325 -9.990e-29
 275.855098      1.199  37.307113    11.9082    -1.6317      1.189    32.4645    24.6375 -9.990e-29
 275.855104      1.192  37.319164    11.9125    -1.6317      1.182    32.4724    24.6429 -9.990e-29
 275.855110      1.185  37.321171    11.9136    -1.6324      1.175    32.4734    24.6434 -9.990e-29
 275.855116      1.177  37.306293    11.9099    -1.6326      1.167    32.4622    24.6354 -9.990e-29
 275.855122      1.169  37.292782    11.9052    -1.6324      1.159    32.4532    24.6293 -9.990e-29
 275.855127      1.160  37.302956    11.9022    -1.6319      1.150    32.4657    24.6396 -9.990e-29
 275.855133      1.149  37.324628    11.9035    -1.6316      1.139    32.4856    24.6548 -9.990e-29
 275.855139      1.136  37.325662    11.9076    -1.6313      1.127    32.4830    24.6520 -9.990e-29
 275.855145      1.124  37.301283    11.9082    -1.6319      1.115    32.4589    24.6332 -9.990e-29
 275.855150      1.120  37.276679    11.9026    -1.6323      1.111    32.4399    24.6195 -9.990e-29
 275.855156      1.125  37.274498    11.8951    -1.6328      1.116    32.4443    24.6243 -9.990e-29
 275.855162      1.134  37.290723    11.8901     8.8820      1.125    32.4644    24.6408 -9.990e-29
 275.855168      1.149  37.297715    11.8882    11.6499      1.139    32.4728    24.6477 -9.990e-29
 275.855174      1.165  37.287444    11.8889    11.7960      1.155    32.4623    24.6394 -9.990e-29
 275.855179      1.180  37.280943    11.8920     9.7379      1.170    32.4533    24.6318 -9.990e-29
 275.855185      1.195  37.291394    11.8979     5.4622      1.185    32.4582    24.6346 -9.990e-29
 275.855191      1.205  37.310341    11.9035     5.6467      1.195    32.4717    24.6440 -9.990e-29
 275.855197      1.209  37.318256    11.9043     5.9319      1.199    32.4787    24.6493 -9.990e-29
 275.855203      1.209  37.304424    11.9003     6.0539      1.199    32.4688    24.6423 -9.990e-29
 275.855208      1.210  37.275613    11.8949     6.0583      1.200    32.4456    24.6253 -9.990e-29
 275.855214      1.213  37.241581    11.8908     6.0215      1.203    32.4162    24.6032 -9.990e-29
 275.855220      1.217  37.197281    11.8898     5.9909      1.207    32.3741    24.5708 -9.990e-29
 275.855226      1.223  37.149176    11.8933     5.9624      1.213    32.3245    24.5316 -9.990e-29
 275.855231      1.227  37.122733    11.9000     5.9256      1.217    32.2931    24.5060 -9.990e-29
 275.855237      1.226  37.116864    11.9054     5.8891      1.216    32.2827    24.4970 -9.990e-29
 275.855243      1.218  37.115915    11.9066     5.8728      1.208    32.2808    24.4952 -9.990e-29
 275.855249      1.207  37.114711    11.9038     5.8763      1.197    32.2821    24.4967 -9.990e-29
 275.855255      1.202  37.109978    11.8977     5.8642      1.192    32.2828    24.4984 -9.990e-29
 275.855260      1.202  37.103258    11.8918     5.8560      1.192    32.2814    24.4984 -9.990e-29
 275.855266      1.204  37.099598    11.8902     5.8524      1.194    32.2792    24.4971 -9.990e-29
 275.855272      1.206  37.100849    11.8931     5.8438      1.196    32.2779    24.4955 -9.990e-29
 275.855278      1.209  37.104764    11.8972     5.8330      1.199    32.2782    24.4949 -9.990e-29
 275.855284      1.214  37.106495    11.8990     5.8224      1.204    32.2783    24.4947 -9.990e-29
 275.855289      1.220  37.106119    11.8992     5.8198      1.210    32.2777    24.4942 -9.990e-29
 275.855295      1.224  37.107067    11.9003     5.8271      1.214    32.2777    24.4940 -9.990e-29
 275.855301      1.222  37.108372    11.9023     5.8448      1.212    32.2772    24.4933 -9.990e-29
 275.855307      1.217  37.108983    11.9040     5.8526      1.207    32.2763    24.4923 -9.990e-29
 275.855313      1.215  37.109725    11.9062     5.8484      1.205    32.2751    24.4909 -9.990e-29
 275.855318      1.214  37.111038    11.9099     5.8417      1.204    32.2732    24.4888 -9.990e-29
 275.855324      1.214  37.112441    11.9137     5.8278      1.204    32.2713    24.4866 -9.990e-29
 275.855330      1.217  37.113577    11.9146     5.8174      1.207    32.2716    24.4866 -9.990e-29
 275.855336      1.221  37.112610    11.9110     5.8158      1.211    32.2738    24.4890 -9.990e-29
 275.855341      1.228  37.108263    11.9051     5.8320      1.218    32.2747    24.4908 -9.990e-29
 275.855347      1.236  37.104828    11.9009     5.8405      1.226    32.2750    24.4918 -9.990e-29
 275.855353      1.248  37.104454    11.8999     5.8503      1.238    32.2755    24.4924 -9.990e-29
 275.855359      1.260  37.104971    11.9020     5.8488      1.249    32.2742    24.4910 -9.990e-29
 275.855365      1.263  37.107078    11.9070     5.8492      1.252    32.2719    24.4883 -9.990e-29
 275.855370      1.258  37.111912    11.9124     5.8492      1.247    32.2719    24.4873 -9.990e-29
 275.855376      1.253  37.116969    11.9152     5.8401      1.243    32.2743    24.4887 -9.990e-29
 275.855382      1.253  37.118922    11.9150     5.8311      1.243    32.2764    24.4903 -9.990e-29
 275.855388      1.256  37.116468    11.9122     5.8201      1.246    32.2765    24.4908 -9.990e-29
 275.855394      1.264  37.111944    11.9066     5.8197      1.253    32.2769    24.4923 -9.990e-29
 275.855399      1.277  37.106607    11.8994     5.8305      1.266    32.2780    24.4944 -9.990e-29
 275.855405      1.290  37.100071    11.8937     5.8361      1.279    32.2766    24.4944 -9.990e-29
 275.855411      1.298  37.097630    11.8916     5.8388      1.287    32.2761    24.4944 -9.990e-29
 275.855417      1.295  37.100517    11.8918     5.8378      1.284    32.2787    24.4964 -9.990e-29
 275.855422      1.287  37.103069    11.8921     5.8417      1.276    32.2809    24.4980 -9.990e-29
 275.855428      1.280  37.103100    11.8915     5.8428      1.269    32.2815    24.4986 -9.990e-29
 275.855434      1.279  37.100660    11.8902     5.8430      1.268    32.2802    24.4978 -9.990e-29
 275.855440      1.280  37.096986    11.8892     5.8416      1.269    32.2775    24.4959 -9.990e-29
 275.855446      1.278  37.095030    11.8895     5.8329      1.267    32.2754    24.4942 -9.990e-29
 275.855451      1.277  37.096111    11.8907     5.8316      1.266    32.2754    24.4940 -9.990e-29
 275.855457      1.282  37.098880    11.8923     5.8315      1.271    32.2767    24.4947 -9.990e-29
 275.855463      1.288  37.100882    11.8931     5.8257      1.277    32.2779    24.4955 -9.990e-29
 275.855469      1.292  37.100313    11.8923     5.8194      1.281    32.2781    24.4958 -9.990e-29
 275.855475      1.299  37.098107    11.8913     5.8180      1.288    32.2768    24.4950 -9.990e-29
 275.855480      1.308  37.097492    11.8913     5.8131      1.297    32.2762    24.4945 -9.990e-29
 275.855486      1.317  37.098777    11.8913     5.8156      1.306    32.2774    24.4955 -9.990e-29
 275.855492      1.325  37.098644    11.8902     5.8247      1.314    32.2782    24.4963 -9.990e-29
 275.855498      1.333  37.096366    11.8882     5.8286      1.322    32.2778    24.4963 -9.990e-29
 275.855503      1.342  37.093395    11.8868     5.8388      1.331    32.2761    24.4953 -9.990e-29
 275.855509      1.348  37.091378    11.8873     5.8386      1.337    32.2737    24.4933 -9.990e-29
 275.855515      1.346  37.092116    11.8906     5.8429      1.335    32.2716    24.4911 -9.990e-29
 275.855521      1.338  37.094921    11.8948     5.8497      1.327    32.2707    24.4896 -9.990e-29
 275.855527      1.327  37.097384    11.8968     5.8487      1.316    32.2713    24.4897 -9.990e-29
 275.855532      1.315  37.098319    11.8966     5.8408      1.304    32.2724    24.4906 -9.990e-29
 275.855538      1.303  37.098983    11.8970     5.8208      1.292    32.2727    24.4907 -9.990e-29
 275.855544      1.294  37.100273    11.8974     5.8148      1.283    32.2736    24.4914 -9.990e-29
 275.855550      1.292  37.100559    11.8952     5.8159      1.281    32.2758    24.4935 -9.990e-29
 275.855556      1.292  37.097992    11.8914     5.8089      1.281    32.2766    24.4948 -9.990e-29
 275.855561      1.290  37.093641    11.8878     5.8183      1.279    32.2755    24.4946 -9.990e-29
 275.855567      1.291  37.091230    11.8846     5.8203      1.280    32.2759    24.4956 -9.990e-29
 275.855573      1.297  37.092036    11.8823     5.8293      1.286    32.2787    24.4981 -9.990e-29
 275.855579      1.311  37.093222    11.8810     5.8416      1.300    32.2810    24.5001 -9.990e-29
 275.855584      1.329  37.093020    11.8816     5.8470      1.318    32.2803    24.4995 -9.990e-29
 275.855590      1.342  37.092848    11.8845     5.8470      1.331    32.2776    24.4968 -9.990e-29
 275.855596      1.348  37.093605    11.8872     5.8361      1.337    32.2760    24.4951 -9.990e-29
 275.855602      1.347  37.094630    11.8880     5.8437      1.336    32.2763    24.4952 -9.990e-29
 275.855608      1.343  37.095620    11.8875     5.8431      1.332    32.2777    24.4963 -9.990e-29
 275.855613      1.341  37.095667    11.8863     5.8440      1.330    32.2787    24.4974 -9.990e-29
 275.855619      1.340  37.094285    11.8851     5.8373      1.329    32.2784    24.4974 -9.990e-29
 275.855625      1.340  37.093559    11.8850     5.8240      1.329    32.2778    24.4969 -9.990e-29
 275.855631      1.341  37.094773    11.8858     5.8295      1.330    32.2783    24.4972 -9.990e-29
 275.855637      1.347  37.096192    11.8865     5.8324      1.336    32.2791    24.4976 -9.990e-29
 275.855642      1.359  37.096360    11.8869     5.8434      1.348    32.2789    24.4974 -9.990e-29
 275.855648      1.369  37.096072    11.8871     5.8463      1.358    32.2784    24.4970 -9.990e-29
 275.855654      1.374  37.096071    11.8881     5.8497      1.363    32.2776    24.4962 -9.990e-29
 275.855660      1.373  37.096366    11.8909     5.8562      1.362    32.2754    24.4940 -9.990e-29
 275.855666      1.371  37.096800    11.8939     5.8546      1.360    32.2732    24.4917 -9.990e-29
 275.855671      1.372  37.096842    11.8945     5.8464      1.361    32.2728    24.4913 -9.990e-29
 275.855677      1.377  37.096557    11.8933     5.8477      1.366    32.2735    24.4921 -9.990e-29
 275.855683      1.384  37.096138    11.8920     5.8467      1.372    32.2742    24.4929 -9.990e-29
 275.855689      1.392  37.095035    11.8907     5.8479      1.380    32.2743    24.4931 -9.990e-29
 275.855694      1.395  37.094025    11.8896     5.8488      1.383    32.2743    24.4933 -9.990e-29
 275.855700      1.394  37.094572    11.8893     5.8517      1.382    32.2751    24.4940 -9.990e-29
 275.855706      1.389  37.096293    11.8902     5.8528      1.377    32.2759    24.4945 -9.990e-29
 275.855712      1.384  37.098134    11.8920     5.8530      1.372    32.2762    24.4944 -9.990e-29
 275.855718      1.383  37.099760    11.8937     5.8591      1.371    32.2763    24.4941 -9.990e-29
 275.855723      1.381  37.100548    11.8943     5.8586      1.369    32.2765    24.4942 -9.990e-29
 275.855729      1.379  37.099318    11.8933     5.8584      1.367    32.2762    24.4941 -9.990e-29
 275.855735      1.381  37.097242    11.8921     5.8568      1.369    32.2752    24.4936 -9.990e-29
 275.855741      1.381  37.096601    11.8926     5.8604      1.369    32.2742    24.4927 -9.990e-29
 275.855747      1.377  37.097669    11.8954     5.8682      1.366    32.2728    24.4911 -9.990e-29
 275.855752      1.368  37.100201    11.8992     5.8698      1.357    32.2719    24.4897 -9.990e-29
 275.855758      1.357  37.103101    11.9019     5.8686      1.346    32.2724    24.4896 -9.990e-29
 275.855764      1.353  37.104087    11.9015     5.8581      1.342    32.2737    24.4907 -9.990e-29
 275.855770      1.359  37.102245    11.8980     5.8534      1.348    32.2750    24.4923 -9.990e-29
 275.855775      1.372  37.099049    11.8941     5.8600      1.361    32.2752    24.4933 -9.990e-29
 275.855781      1.384  37.096410    11.8923     5.8696      1.372    32.2742    24.4928 -9.990e-29
 275.855787      1.391  37.095295    11.8922     5.8738      1.379    32.2732    24.4921 -9.990e-29
 275.855793      1.393  37.096091    11.8923     5.8659      1.381    32.2739    24.4926 -9.990e-29
 275.855799      1.392  37.098180    11.8921     5.8532      1.380    32.2761    24.4943 -9.990e-29
 275.855804      1.390  37.100606    11.8916     5.8489      1.378    32.2789    24.4966 -9.990e-29
 275.855810      1.397  37.102103    11.8910     5.8568      1.385    32.2809    24.4982 -9.990e-29
 275.855816      1.413  37.102035    11.8910     5.8699      1.401    32.2808    24.4981 -9.990e-29
 275.855822      1.427  37.100851    11.8913     5.8744      1.415    32.2794    24.4970 -9.990e-29
 275.855828      1.429  37.099190    11.8914     5.8605      1.417    32.2777    24.4957 -9.990e-29
 275.855833      1.426  37.098738    11.8914     5.8531      1.414    32.2773    24.4953 -9.990e-29
 275.855839      1.421  37.099431    11.8913     5.8567      1.409    32.2780    24.4959 -9.990e-29
 275.855845      1.413  37.099934    11.8912     5.8606      1.401    32.2786    24.4964 -9.990e-29
 275.855851      1.403  37.100336    11.8915     5.8591      1.391    32.2787    24.4964 -9.990e-29
 275.855856      1.393  37.100594    11.8920     5.8431      1.381    32.2785    24.4962 -9.990e-29
 275.855862      1.388  37.100472    11.8916     5.8246      1.376    32.2788    24.4965 -9.990e-29
 275.855868      1.387  37.099788    11.8899     5.8231      1.375    32.2796    24.4974 -9.990e-29
 275.855874      1.390  37.097608    11.8871     5.8358      1.378    32.2799    24.4982 -9.990e-29
 275.855880      1.397  37.094367    11.8843     5.8392      1.385    32.2792    24.4981 -9.990e-29
 275.855885      1.404  37.092442    11.8830     5.8504      1.392    32.2785    24.4978 -9.990e-29
 275.855891      1.404  37.092607    11.8839     5.8440      1.392    32.2778    24.4972 -9.990e-29
 275.855897      1.396  37.093938    11.8862     5.8344      1.384    32.2771    24.4962 -9.990e-29
 275.855903      1.385  37.095389    11.8879     5.8476      1.373    32.2771    24.4958 -9.990e-29
 275.855909      1.373  37.096076    11.8878     5.8553      1.362    32.2778    24.4964 -9.990e-29
 275.855914      1.368  37.095778    11.8865     5.8544      1.357    32.2787    24.4973 -9.990e-29
 275.855920      1.370  37.094636    11.8850     5.8465      1.359    32.2789    24.4977 -9.990e-29
 275.855926      1.376  37.093347    11.8838     5.8380      1.365    32.2787    24.4978 -9.990e-29
 275.855932      1.385  37.092971    11.8829     5.8433      1.373    32.2791    24.4983 -9.990e-29
 275.855937      1.393  37.092987    11.8816     5.8488      1.381    32.2802    24.4994 -9.990e-29
 275.855943      1.397  37.092277    11.8802     5.8382      1.385    32.2807    24.5001 -9.990e-29
 275.855949      1.398  37.091552    11.8795     5.8277      1.386    32.2806    24.5001 -9.990e-29
 275.855955      1.394  37.092067    11.8798     5.8236      1.382    32.2809    24.5003 -9.990e-29
 275.855961      1.387  37.093368    11.8805     5.8398      1.375    32.2815    24.5006 -9.990e-29
 275.855966      1.379  37.094368    11.8811     5.8495      1.367    32.2820    24.5009 -9.990e-29
 275.855972      1.379  37.094702    11.8812     5.8454      1.367    32.2822    24.5011 -9.990e-29
 275.855978      1.387  37.094235    11.8807     5.8406      1.375    32.2822    24.5011 -9.990e-29
 275.855984      1.395  37.093445    11.8804     5.8422      1.383    32.2817    24.5008 -9.990e-29
 275.855990      1.399  37.093498    11.8806     5.8453      1.387    32.2816    24.5007 -9.990e-29
