data/oxygen options/ONMS/Olympic_Coast_National_Marine_Sanctuary_CTD_Data_2005_2023/raw_data/2019/CAST_CA042_190626faed.cnv
* Sea-Bird SBE19 Data File:
* FileName = C:\2019 Mooring Data\Casts\CAST_CA042_190626.hex
* Software Version 1.59
* Temperature SN = 2997
* Conductivity SN = 2997
* System UpLoad Time = Jun 26 2019 21:07:45
** CAST_CA042_190626
* ds
# nquan = 9                                 
# nvalues = 1002                        
# units = specified
# name 0 = timeJ: Julian Days
# name 1 = prSM: Pressure, Strain Gauge [db]
# name 2 = c0mS/cm: Conductivity [mS/cm]
# name 3 = t090C: Temperature [ITS-90, deg C]
# name 4 = sbeox0ML/L: Oxygen, SBE 43 [ml/l]
# name 5 = depSM: Depth [salt water, m], lat = 47.5
# name 6 = sal00: Salinity, Practical [PSU]
# name 7 = sigma-é00: Density [sigma-theta, kg/m^3]
# name 8 = flag: flag
# span 0 = 177.872662, 177.878455       
# span 1 =     -5.577,     41.244       
# span 2 =   0.174695,  39.818723       
# span 3 =     7.3902,    18.1883       
# span 4 =    -1.8186,    20.2443       
# span 5 =     -5.531,     40.896       
# span 6 =     0.0987,    33.7957       
# span 7 =    -1.3620,    26.4163       
# span 8 = 0.0000e+00, 0.0000e+00       
# interval = seconds: 0.5
# start_time = Jun 26 2019 20:56:38 [Instrument's time stamp, header]
# bad_flag = -9.990e-29
*END*
[from data line 321]
 177.874520     -1.028   0.174883    16.3346    -1.8184     -1.019     0.1013    -1.0324 -9.990e-29
 177.874525     -1.032   0.175252    16.3275    -1.8183     -1.023     0.1015    -1.0310 -9.990e-29
 177.874531     -1.036   0.175806    16.3219    -1.8184     -1.027     0.1018    -1.0298 -9.990e-29
 177.874537     -1.035   0.176176    16.3204    -1.8180     -1.026     0.1020    -1.0294 -9.990e-29
 177.874543     -1.031   0.176299    16.3209    -1.8176     -1.022     0.1021    -1.0294 -9.990e-29
 177.874549     -1.021   0.176340    16.3201    -1.8175     -1.012     0.1021    -1.0293 -9.990e-29
 177.874554     -1.011   0.176354    16.3184    -1.8177     -1.003     0.1021    -1.0290 -9.990e-29
 177.874560     -1.004   0.176359    16.3171    -1.8178     -0.996     0.1021    -1.0288 -9.990e-29
 177.874566     -0.999   0.176361    16.3168    -1.8178     -0.991     0.1021    -1.0287 -9.990e-29
 177.874572     -0.996   0.176362    16.3182    -1.8176     -0.988     0.1021    -1.0289 -9.990e-29
 177.874578     -0.995   0.176362    16.3205    -1.8172     -0.987     0.1021    -1.0293 -9.990e-29
 177.874583     -0.996   0.176362    16.3236    -1.8163     -0.988     0.1021    -1.0298 -9.990e-29
 177.874589     -0.998   0.176363    16.3290    -1.8156     -0.990     0.1021    -1.0308 -9.990e-29
 177.874595     -0.999   0.176363    16.3349    -1.8152     -0.991     0.1021    -1.0317 -9.990e-29
 177.874601     -0.993   0.176363    16.3378    -1.8148     -0.985     0.1021    -1.0322 -9.990e-29
 177.874606     -0.984   0.176364    16.3376    -1.8143     -0.976     0.1021    -1.0322 -9.990e-29
 177.874612     -0.976   0.176364    16.3372    -1.8136     -0.968     0.1021    -1.0321 -9.990e-29
 177.874618     -0.969   0.176364    16.3394    -1.8134     -0.961     0.1021    -1.0325 -9.990e-29
 177.874624     -0.961   0.176364    16.3459    -1.8139     -0.953     0.1021    -1.0336 -9.990e-29
 177.874630     -0.954   0.176364    16.3580    -1.8147     -0.946     0.1021    -1.0356 -9.990e-29
 177.874635     -0.946   0.176363    16.3744    -1.8148     -0.938     0.1020    -1.0384 -9.990e-29
 177.874641     -0.940   0.176359    16.3906    -1.8145     -0.932     0.1020    -1.0411 -9.990e-29
 177.874647     -0.942   0.176347    16.4040    -1.8144     -0.934     0.1020    -1.0434 -9.990e-29
 177.874653     -0.946   0.176311    16.4162    -1.8149     -0.938     0.1019    -1.0455 -9.990e-29
 177.874659     -0.949   0.176202    16.4286    -1.8154     -0.941     0.1018    -1.0476 -9.990e-29
 177.874664     -0.950   0.175874    16.4389    -1.8156     -0.942     0.1016    -1.0495 -9.990e-29
 177.874670     -0.951   0.175444    16.4417    -1.8159     -0.943     0.1014    -1.0502 -9.990e-29
 177.874676     -0.950   0.175444    16.4355    -1.8159     -0.942     0.1014    -1.0491 -9.990e-29
 177.874682     -0.949   0.175874    16.4263    -1.8160     -0.941     0.1016    -1.0474 -9.990e-29
 177.874687     -0.947   0.176201    16.4214    -1.8155     -0.939     0.1018    -1.0464 -9.990e-29
 177.874693     -0.943   0.176307    16.4208    -1.8147     -0.935     0.1019    -1.0463 -9.990e-29
 177.874699     -0.937   0.176331    16.4189    -1.8142     -0.929     0.1019    -1.0459 -9.990e-29
 177.874705     -0.930   0.176307    16.4122    -1.8136     -0.922     0.1019    -1.0448 -9.990e-29
 177.874711     -0.921   0.176202    16.4034    -1.8130     -0.913     0.1019    -1.0434 -9.990e-29
 177.874716     -0.908   0.175875    16.3958    -1.8124     -0.900     0.1017    -1.0422 -9.990e-29
 177.874722     -0.892   0.175444    16.3908    -1.8118     -0.885     0.1015    -1.0416 -9.990e-29
 177.874728     -0.875   0.175440    16.3892    -1.8113     -0.868     0.1015    -1.0413 -9.990e-29
 177.874734     -0.865   0.175857    16.3928    -1.8112     -0.858     0.1017    -1.0417 -9.990e-29
 177.874740     -0.861   0.176145    16.4034    -1.8116     -0.854     0.1018    -1.0434 -9.990e-29
 177.874745     -0.860   0.176131    16.4184    -1.8120     -0.853     0.1018    -1.0459 -9.990e-29
 177.874751     -0.864   0.175799    16.4339    -1.8119     -0.857     0.1016    -1.0487 -9.990e-29
 177.874757     -0.874   0.175258    16.4494    -1.8116     -0.867     0.1012    -1.0516 -9.990e-29
 177.874763     -0.883   0.174893    16.4650    -1.8110     -0.876     0.1010    -1.0544 -9.990e-29
 177.874769     -0.887   0.174771    16.4802    -1.8106     -0.880     0.1009    -1.0570 -9.990e-29
 177.874774     -0.885   0.174731    16.4940    -1.8101     -0.878     0.1008    -1.0594 -9.990e-29
 177.874780     -0.879   0.174718    16.5038    -1.8093     -0.872     0.1008    -1.0610 -9.990e-29
 177.874786     -0.871   0.174714    16.5066    -1.8082     -0.864     0.1008    -1.0615 -9.990e-29
 177.874792     -0.865   0.174712    16.5034    -1.8071     -0.858     0.1008    -1.0610 -9.990e-29
 177.874797     -0.858   0.174712    16.5000    -1.8067     -0.851     0.1008    -1.0604 -9.990e-29
 177.874803     -0.847   0.174713    16.5016    -1.8067     -0.840     0.1008    -1.0607 -9.990e-29
 177.874809     -0.838   0.174713    16.5091    -1.8065     -0.831     0.1008    -1.0619 -9.990e-29
 177.874815     -0.829   0.174713    16.5203    -1.8061     -0.822     0.1008    -1.0638 -9.990e-29
 177.874821     -0.823   0.174714    16.5335    -1.8060     -0.816     0.1007    -1.0661 -9.990e-29
 177.874826     -0.826   0.174714    16.5497    -1.8061     -0.819     0.1007    -1.0689 -9.990e-29
 177.874832     -0.833   0.174714    16.5709    -1.8063     -0.826     0.1007    -1.0725 -9.990e-29
 177.874838     -0.836   0.174715    16.5953    -1.8063     -0.829     0.1006    -1.0766 -9.990e-29
 177.874844     -0.834   0.174715    16.6168    -1.8066     -0.827     0.1006    -1.0803 -9.990e-29
 177.874850     -0.833   0.174715    16.6307    -1.8074     -0.826     0.1005    -1.0827 -9.990e-29
 177.874855     -0.827   0.174716    16.6384    -1.8076     -0.820     0.1005    -1.0840 -9.990e-29
 177.874861     -0.817   0.174716    16.6446    -1.8074     -0.810     0.1005    -1.0851 -9.990e-29
 177.874867     -0.810   0.174716    16.6503    -1.8078     -0.803     0.1005    -1.0861 -9.990e-29
 177.874873     -0.806   0.174717    16.6534    -1.8098     -0.799     0.1005    -1.0866 -9.990e-29
 177.874878     -0.800   0.174717    16.6526    -1.8114     -0.793     0.1005    -1.0865 -9.990e-29
 177.874884     -0.797   0.174717    16.6493    -1.8124     -0.790     0.1005    -1.0859 -9.990e-29
 177.874890     -0.795   0.174718    16.6444    -1.8134     -0.788     0.1005    -1.0851 -9.990e-29
 177.874896     -0.792   0.174719    16.6359    -1.8136     -0.785     0.1005    -1.0836 -9.990e-29
 177.874902     -0.789   0.174721    16.6250    -1.8143     -0.782     0.1006    -1.0817 -9.990e-29
 177.874907     -0.793   0.174726    16.6159    -1.8153     -0.786     0.1006    -1.0802 -9.990e-29
 177.874913     -0.798   0.174740    16.6064    -1.8155     -0.791     0.1006    -1.0785 -9.990e-29
 177.874919     -0.797   0.174781    16.5870    -1.8148     -0.790     0.1007    -1.0752 -9.990e-29
 177.874925     -0.790   0.174904    16.5542    -1.8142     -0.783     0.1008    -1.0695 -9.990e-29
 177.874931     -0.783   0.175274    16.5177    -1.8143     -0.776     0.1011    -1.0632 -9.990e-29
 177.874936     -0.783   0.175828    16.4868    -1.8142     -0.776     0.1015    -1.0577 -9.990e-29
 177.874942     -0.783   0.176197    16.4638    -1.8137     -0.776     0.1017    -1.0536 -9.990e-29
 177.874948     -0.776   0.176321    16.4464    -1.8128     -0.770     0.1018    -1.0506 -9.990e-29
 177.874954     -0.761   0.176362    16.4299    -1.8124     -0.755     0.1019    -1.0478 -9.990e-29
 177.874959     -0.746   0.176376    16.4158    -1.8119     -0.740     0.1019    -1.0454 -9.990e-29
 177.874965     -0.734   0.176381    16.4117    -1.8118     -0.728     0.1020    -1.0447 -9.990e-29
 177.874971     -0.724   0.176383    16.4181    -1.8121     -0.718     0.1019    -1.0458 -9.990e-29
 177.874977     -0.716   0.176384    16.4267    -1.8133     -0.710     0.1019    -1.0472 -9.990e-29
 177.874983     -0.709   0.176385    16.4326    -1.8132     -0.703     0.1019    -1.0482 -9.990e-29
 177.874988     -0.703   0.176386    16.4397    -1.8128     -0.697     0.1019    -1.0494 -9.990e-29
 177.874994     -0.697   0.176390    16.4518    -1.8122     -0.691     0.1019    -1.0515 -9.990e-29
 177.875000     -0.691   0.176400    16.4667    -1.8115     -0.685     0.1018    -1.0540 -9.990e-29
 177.875006     -0.685   0.176429    16.4796    -1.8119     -0.679     0.1018    -1.0562 -9.990e-29
 177.875012     -0.678   0.176517    16.4879    -1.8117     -0.672     0.1019    -1.0575 -9.990e-29
 177.875017     -0.669   0.176779    16.4890    -1.5406     -0.663     0.1020    -1.0576 -9.990e-29
 177.875023     -0.659   0.177564    16.4817    -1.5604     -0.654     0.1025    -1.0560 -9.990e-29
 177.875029     -0.646   0.179367    16.4714    -1.5736     -0.641     0.1035    -1.0535 -9.990e-29
 177.875035     -0.630   0.183483    16.4675    -1.5777     -0.625     0.1059    -1.0510 -9.990e-29
 177.875041     -0.610   0.194846    16.4708    -1.5764     -0.605     0.1124    -1.0466 -9.990e-29
 177.875046     -0.584   0.228606    16.4726    -1.5752     -0.579     0.1317    -1.0319 -9.990e-29
 177.875052     -0.551   0.329775    16.4544    -1.5751     -0.546     0.1907    -0.9833 -9.990e-29
 177.875058     -0.513   0.633245    16.3768    -1.5776     -0.509     0.3731    -0.8296 -9.990e-29
 177.875064     -0.471   1.543644    16.1351    -1.5786     -0.467     0.9496    -0.3453 -9.990e-29
 177.875069     -0.424   4.274836    15.5380    -1.5775     -0.420     2.8264     1.1955 -9.990e-29
 177.875075     -0.367  12.468409    14.6829    -1.5735     -0.364     9.1021     6.1490 -9.990e-29
 177.875081     -0.295  25.068172    14.0095    -1.5748     -0.293    19.8040    14.4769 -9.990e-29
 177.875087     -0.205  33.981725    13.6712    -1.5751     -0.203    27.9346    20.7988 -9.990e-29
 177.875093     -0.113  37.265902    13.5251    -1.5758     -0.112    31.0645    23.2432 -9.990e-29
 177.875098     -0.032  38.411891    13.4752    -1.5754     -0.032    32.1713    24.1084 -9.990e-29
 177.875104      0.041  38.888758    13.4675    -1.5742      0.041    32.6230    24.4591 -9.990e-29
 177.875110      0.105  39.086356    13.4659    -1.5773      0.104    32.8092    24.6034 -9.990e-29
 177.875116      0.155  39.093326    13.4692    -1.5771      0.154    32.8128    24.6055 -9.990e-29
 177.875122      0.196  39.018032    13.4889    -1.5766      0.194    32.7255    24.5340 -9.990e-29
 177.875127      0.233  38.972293    13.5187    -1.5747      0.231    32.6572    24.4753 -9.990e-29
 177.875133      0.266  39.004832    13.5430    -1.5747      0.264    32.6668    24.4778 -9.990e-29
 177.875139      0.291  39.051428    13.5459    -1.5762      0.289    32.7078    24.5089 -9.990e-29
 177.875145      0.311  39.031319    13.5247    -1.5785      0.308    32.7072    24.5127 -9.990e-29
 177.875150      0.326  39.002207    13.4952    -1.5779      0.323    32.7052    24.5171 -9.990e-29
 177.875156      0.338  39.035547    13.4786    -1.5770      0.335    32.7506    24.5556 -9.990e-29
 177.875162      0.347  39.111865    13.4844    -1.5777      0.344    32.8170    24.6057 -9.990e-29
 177.875168      0.354  39.131199    13.4999    -1.5780      0.351    32.8218    24.6063 -9.990e-29
 177.875174      0.359  39.047556    13.5074    -1.5765      0.356    32.7371    24.5393 -9.990e-29
 177.875179      0.363  38.975072    13.4983    -1.5754      0.360    32.6772    24.4948 -9.990e-29
 177.875185      0.366  38.996274    13.4765    -1.5755      0.363    32.7157    24.5290 -9.990e-29
 177.875191      0.368  39.077190    13.4617    -1.5769      0.365    32.8041    24.6003 -9.990e-29
 177.875197      0.369  39.129039    13.4642    -1.5787      0.366    32.8505    24.6356 -9.990e-29
 177.875203      0.370  39.080285    13.4724    -1.5777      0.367    32.7978    24.5933 -9.990e-29
 177.875208      0.370  38.981233    13.4782    -1.5765      0.367    32.7002    24.5166 -9.990e-29
 177.875214      0.369  38.934432    13.4818    -1.5764      0.366    32.6534    24.4797 -9.990e-29
 177.875220      0.368  38.930066    13.4797    -1.5765      0.365    32.6511    24.4784 -9.990e-29
 177.875226      0.366  38.920236    13.4718    -1.5779      0.363    32.6487    24.4781 -9.990e-29
 177.875231      0.362  38.946097    13.4656    -1.5788      0.359    32.6781    24.5021 -9.990e-29
 177.875237      0.358  39.031418    13.4657    -1.5761      0.355    32.7578    24.5637 -9.990e-29
 177.875243      0.352  39.103368    13.4679    -1.5761      0.349    32.8233    24.6139 -9.990e-29
 177.875249      0.345  39.091456    13.4640    -1.5764      0.342    32.8155    24.6086 -9.990e-29
 177.875255      0.340  39.011095    13.4548    -1.5758      0.337    32.7482    24.5585 -9.990e-29
 177.875260      0.340  38.957830    13.4496    -1.5751      0.337    32.7028    24.5244 -9.990e-29
 177.875266      0.342  38.992200    13.4502    -1.5753      0.339    32.7345    24.5488 -9.990e-29
 177.875272      0.342  39.053535    13.4518    -1.5773      0.339    32.7905    24.5918 -9.990e-29
 177.875278      0.340  39.073433    13.4519    -1.5782      0.337    32.8090    24.6061 -9.990e-29
 177.875284      0.340  39.044187    13.4493    -1.5758      0.337    32.7839    24.5872 -9.990e-29
 177.875289      0.345  38.993950    13.4460    -1.5752      0.342    32.7397    24.5537 -9.990e-29
 177.875295      0.353  38.999621    13.4447    -1.5744      0.350    32.7461    24.5589 -9.990e-29
 177.875301      0.358  39.074289    13.4459    -1.5772      0.355    32.8150    24.6119 -9.990e-29
 177.875307      0.363  39.132598    13.4487    -1.5800      0.360    32.8671    24.6517 -9.990e-29
 177.875313      0.366  39.155882    13.4517    -1.5788      0.363    32.8864    24.6659 -9.990e-29
 177.875318      0.368  39.179599    13.4524    -1.5754      0.365    32.9080    24.6825 -9.990e-29
 177.875324      0.370  39.190491    13.4488    -1.5756      0.367    32.9213    24.6935 -9.990e-29
 177.875330      0.371  39.154276    13.4423    -1.5780      0.368    32.8930    24.6729 -9.990e-29
 177.875336      0.371  39.090936    13.4359    -1.5787      0.368    32.8392    24.6326 -9.990e-29
 177.875341      0.371  39.087908    13.4340    -1.5768      0.368    32.8380    24.6321 -9.990e-29
 177.875347      0.370  39.164049    13.4361    -1.5759      0.367    32.9075    24.6854 -9.990e-29
 177.875353      0.369  39.226439    13.4374    -1.5753      0.366    32.9648    24.7294 -9.990e-29
 177.875359      0.366  39.195192    13.4365    -1.5748      0.363    32.9363    24.7076 -9.990e-29
 177.875365      0.368  39.069466    13.4350    -1.5746      0.365    32.8198    24.6179 -9.990e-29
 177.875370      0.377  38.965548    13.4352    -1.5742      0.374    32.7224    24.5425 -9.990e-29
 177.875376      0.390  39.000790    13.4368    -1.5733      0.387    32.7540    24.5666 -9.990e-29
 177.875382      0.404  39.100561    13.4375    -1.5732      0.401    32.8468    24.6382 -9.990e-29
 177.875388      0.415  39.115512    13.4373    -1.5749      0.412    32.8610    24.6492 -9.990e-29
 177.875394      0.419  39.052065    13.4365    -1.5753      0.416    32.8022    24.6039 -9.990e-29
 177.875399      0.422  39.032247    13.4366    -1.5736      0.418    32.7836    24.5895 -9.990e-29
 177.875405      0.427  39.098459    13.4393    -1.5729      0.423    32.8433    24.6351 -9.990e-29
 177.875411      0.432  39.186556    13.4419    -1.5723      0.428    32.9235    24.6966 -9.990e-29
 177.875417      0.431  39.251490    13.4408    -1.5715      0.427    32.9853    24.7446 -9.990e-29
 177.875422      0.428  39.298546    13.4365    -1.5736      0.424    33.0331    24.7825 -9.990e-29
 177.875428      0.429  39.344460    13.4336    -1.5721      0.425    33.0786    24.8183 -9.990e-29
 177.875434      0.434  39.400528    13.4350    -1.5704      0.430    33.1300    24.8577 -9.990e-29
