data/oxygen options/ONMS/Olympic_Coast_National_Marine_Sanctuary_CTD_Data_2005_2023/raw_data/2019/CAST_CE015_190801faed.cnv
* Sea-Bird SBE 19 Data File:
* FileName = C:\2019 Mooring Data\Casts\CAST_CE015_190801.hex
* Software Version SeatermAF 2.1.2
* Temperature SN = 2997
* Conductivity SN = 2997
* System UpLoad Time = Aug 01 2019 19:08:05 (localtime) = Aug 01 2019 19:08:05 (UTC)
** CAST_CE015_190801
* ds
# nquan = 9                                 
# nvalues = 900                         
# units = specified
# name 0 = timeJ: Julian Days
# name 1 = prSM: Pressure, Strain Gauge [db]
# name 2 = c0mS/cm: Conductivity [mS/cm]
# name 3 = t090C: Temperature [ITS-90, deg C]
# name 4 = sbeox0ML/L: Oxygen, SBE 43 [ml/l]
# name 5 = depSM: Depth [salt water, m], lat = 47.5
# name 6 = sal00: Salinity, Practical [PSU]
# name 7 = sigma-é00: Density [sigma-theta, kg/m^3]
# name 8 = flag: flag
# span 0 = 213.757604, 213.762807       
# span 1 =     -5.233,     13.029       
# span 2 =   0.278218,  40.860377       
# span 3 =    12.1021,    18.5458       
# span 4 =    -1.7579,    13.1578       
# span 5 =     -5.189,     12.920       
# span 6 =     0.1545,    33.1736       
# span 7 =    -1.3245,    25.0922       
# span 8 = 0.0000e+00, 0.0000e+00       
# interval = seconds: 0.5
# start_time = Aug 01 2019 18:10:57 [Instrument's time stamp, header]
# bad_flag = -9.990e-29
*END*
[from data line 641]
 213.761314      1.109  40.418926    14.9172     6.4889      1.100    32.8006    24.2947 -9.990e-29
 213.761319      1.117  40.417623    14.9156     6.4993      1.108    32.8008    24.2952 -9.990e-29
 213.761325      1.120  40.417048    14.9140     6.5077      1.111    32.8016    24.2962 -9.990e-29
 213.761331      1.118  40.415879    14.9126     6.4961      1.109    32.8017    24.2966 -9.990e-29
 213.761337      1.113  40.414800    14.9120     6.5055      1.104    32.8013    24.2963 -9.990e-29
 213.761343      1.106  40.414618    14.9126     6.4984      1.097    32.8006    24.2957 -9.990e-29
 213.761348      1.104  40.415094    14.9152     6.4840      1.095    32.7989    24.2938 -9.990e-29
 213.761354      1.100  40.416867    14.9185     6.4872      1.091    32.7977    24.2922 -9.990e-29
 213.761360      1.090  40.418946    14.9209     6.4670      1.081    32.7976    24.2915 -9.990e-29
 213.761366      1.078  40.420185    14.9225     6.4626      1.069    32.7973    24.2910 -9.990e-29
 213.761372      1.073  40.421122    14.9234     6.4824      1.064    32.7974    24.2909 -9.990e-29
 213.761377      1.077  40.421892    14.9235     6.4872      1.068    32.7980    24.2913 -9.990e-29
 213.761383      1.087  40.422966    14.9235     6.5009      1.078    32.7990    24.2921 -9.990e-29
 213.761389      1.094  40.424100    14.9236     6.5124      1.085    32.7999    24.2928 -9.990e-29
 213.761395      1.096  40.424567    14.9239     6.5022      1.087    32.8001    24.2929 -9.990e-29
 213.761400      1.091  40.424994    14.9248     6.5115      1.082    32.7997    24.2924 -9.990e-29
 213.761406      1.085  40.425955    14.9262     6.5204      1.076    32.7994    24.2919 -9.990e-29
 213.761412      1.086  40.427055    14.9276     6.5125      1.077    32.7993    24.2914 -9.990e-29
 213.761418      1.097  40.428086    14.9286     6.5108      1.088    32.7993    24.2913 -9.990e-29
 213.761424      1.114  40.428749    14.9293     6.4864      1.105    32.7994    24.2911 -9.990e-29
 213.761429      1.132  40.428811    14.9302     6.4733      1.123    32.7986    24.2904 -9.990e-29
 213.761435      1.146  40.428918    14.9317     6.4804      1.136    32.7975    24.2892 -9.990e-29
 213.761441      1.157  40.429217    14.9326     6.4843      1.147    32.7970    24.2886 -9.990e-29
 213.761447      1.166  40.429552    14.9329     6.4930      1.156    32.7970    24.2886 -9.990e-29
 213.761453      1.173  40.430374    14.9341     6.5120      1.163    32.7968    24.2881 -9.990e-29
 213.761458      1.180  40.431662    14.9368     6.5072      1.170    32.7957    24.2867 -9.990e-29
 213.761464      1.186  40.434018    14.9406     6.4995      1.176    32.7946    24.2850 -9.990e-29
 213.761470      1.193  40.438345    14.9442     6.5064      1.183    32.7955    24.2849 -9.990e-29
 213.761476      1.199  40.442576    14.9465     6.5028      1.189    32.7974    24.2859 -9.990e-29
 213.761481      1.202  40.443955    14.9477     6.5066      1.192    32.7976    24.2858 -9.990e-29
 213.761487      1.197  40.443204    14.9487     6.5185      1.187    32.7961    24.2844 -9.990e-29
 213.761493      1.189  40.442687    14.9499     6.5216      1.179    32.7946    24.2830 -9.990e-29
 213.761499      1.184  40.443400    14.9507     6.5105      1.174    32.7946    24.2828 -9.990e-29
 213.761505      1.188  40.443500    14.9507     6.5122      1.178    32.7947    24.2829 -9.990e-29
 213.761510      1.193  40.442564    14.9511     6.5084      1.183    32.7935    24.2819 -9.990e-29
 213.761516      1.184  40.443270    14.9520     6.5027      1.174    32.7934    24.2816 -9.990e-29
 213.761522      1.167  40.444882    14.9528     6.4988      1.157    32.7942    24.2821 -9.990e-29
 213.761528      1.156  40.446194    14.9534     6.5014      1.146    32.7949    24.2825 -9.990e-29
 213.761534      1.161  40.447839    14.9541     6.4921      1.151    32.7958    24.2830 -9.990e-29
 213.761539      1.177  40.449215    14.9551     6.4924      1.167    32.7962    24.2831 -9.990e-29
 213.761545      1.188  40.449920    14.9561     6.4982      1.178    32.7960    24.2827 -9.990e-29
 213.761551      1.181  40.450336    14.9570     6.4936      1.171    32.7956    24.2822 -9.990e-29
 213.761557      1.170  40.450463    14.9563     6.4970      1.160    32.7963    24.2829 -9.990e-29
 213.761563      1.167  40.448234    14.9529     6.5078      1.157    32.7971    24.2843 -9.990e-29
 213.761568      1.166  40.444043    14.9500     6.5148      1.156    32.7958    24.2839 -9.990e-29
 213.761574      1.164  40.442951    14.9495     6.5178      1.154    32.7952    24.2836 -9.990e-29
 213.761580      1.160  40.444624    14.9493     6.5204      1.150    32.7969    24.2849 -9.990e-29
 213.761586      1.155  40.445137    14.9500     6.5154      1.145    32.7968    24.2847 -9.990e-29
 213.761591      1.148  40.445738    14.9536     6.5132      1.138    32.7943    24.2820 -9.990e-29
 213.761597      1.142  40.448352    14.9590     6.5184      1.132    32.7921    24.2791 -9.990e-29
 213.761603      1.146  40.451988    14.9630     6.5111      1.136    32.7920    24.2782 -9.990e-29
 213.761609      1.161  40.454215    14.9646     6.4978      1.151    32.7927    24.2784 -9.990e-29
 213.761615      1.178  40.454649    14.9648     6.4827      1.168    32.7929    24.2785 -9.990e-29
 213.761620      1.190  40.455553    14.9648     6.4913      1.180    32.7937    24.2791 -9.990e-29
 213.761626      1.193  40.457575    14.9664     6.4981      1.183    32.7942    24.2792 -9.990e-29
 213.761632      1.192  40.461177    14.9705     6.5043      1.182    32.7940    24.2781 -9.990e-29
 213.761638      1.196  40.466123    14.9746     6.5062      1.186    32.7951    24.2781 -9.990e-29
 213.761644      1.210  40.468930    14.9762     6.5070      1.200    32.7962    24.2786 -9.990e-29
 213.761649      1.224  40.468866    14.9759     6.5026      1.214    32.7964    24.2788 -9.990e-29
 213.761655      1.228  40.468089    14.9757     6.5074      1.218    32.7959    24.2785 -9.990e-29
 213.761661      1.222  40.467248    14.9761     6.5127      1.212    32.7948    24.2775 -9.990e-29
 213.761667      1.218  40.466904    14.9765     6.5121      1.208    32.7942    24.2770 -9.990e-29
 213.761672      1.224  40.467164    14.9769     6.5071      1.214    32.7941    24.2768 -9.990e-29
 213.761678      1.233  40.467820    14.9780     6.5028      1.223    32.7937    24.2763 -9.990e-29
 213.761684      1.232  40.469192    14.9802     6.5006      1.222    32.7931    24.2754 -9.990e-29
 213.761690      1.224  40.471431    14.9832     6.5075      1.214    32.7926    24.2743 -9.990e-29
 213.761696      1.224  40.474728    14.9860     6.5167      1.214    32.7932    24.2742 -9.990e-29
 213.761701      1.230  40.477881    14.9875     6.5177      1.220    32.7948    24.2751 -9.990e-29
 213.761707      1.234  40.478938    14.9885     6.5172      1.224    32.7950    24.2750 -9.990e-29
 213.761713      1.229  40.478752    14.9900     6.5079      1.219    32.7935    24.2736 -9.990e-29
 213.761719      1.213  40.479320    14.9921     6.5105      1.203    32.7923    24.2721 -9.990e-29
 213.761725      1.199  40.480844    14.9940     6.5231      1.189    32.7921    24.2716 -9.990e-29
 213.761730      1.198  40.482561    14.9951     6.5204      1.188    32.7927    24.2718 -9.990e-29
 213.761736      1.211  40.482844    14.9954     6.5203      1.201    32.7927    24.2718 -9.990e-29
 213.761742      1.225  40.482076    14.9955     6.5156      1.215    32.7919    24.2711 -9.990e-29
 213.761748      1.228  40.482595    14.9955     6.5123      1.218    32.7924    24.2715 -9.990e-29
 213.761753      1.221  40.483417    14.9948     6.5145      1.211    32.7937    24.2727 -9.990e-29
 213.761759      1.217  40.482842    14.9933     6.5204      1.207    32.7945    24.2736 -9.990e-29
 213.761765      1.222  40.481791    14.9922     6.5218      1.212    32.7944    24.2738 -9.990e-29
 213.761771      1.234  40.481665    14.9924     6.5160      1.224    32.7941    24.2735 -9.990e-29
 213.761777      1.245  40.482303    14.9933     6.5082      1.235    32.7940    24.2732 -9.990e-29
 213.761782      1.246  40.482876    14.9941     6.5050      1.236    32.7938    24.2729 -9.990e-29
 213.761788      1.239  40.483593    14.9948     6.5184      1.229    32.7939    24.2728 -9.990e-29
 213.761794      1.230  40.484294    14.9953     6.5238      1.220    32.7941    24.2728 -9.990e-29
 213.761800      1.224  40.484424    14.9951     6.5138      1.214    32.7944    24.2731 -9.990e-29
 213.761806      1.216  40.484152    14.9942     6.5157      1.206    32.7949    24.2737 -9.990e-29
 213.761811      1.206  40.483830    14.9934     6.5187      1.196    32.7953    24.2742 -9.990e-29
 213.761817      1.205  40.483537    14.9929     6.5228      1.195    32.7954    24.2744 -9.990e-29
 213.761823      1.218  40.483020    14.9919     6.5205      1.208    32.7958    24.2749 -9.990e-29
 213.761829      1.238  40.482099    14.9901     6.5158      1.228    32.7965    24.2758 -9.990e-29
 213.761834      1.256  40.481179    14.9879     6.5132      1.246    32.7975    24.2770 -9.990e-29
 213.761840      1.265  40.480663    14.9867     6.5072      1.254    32.7980    24.2777 -9.990e-29
 213.761846      1.263  40.479815    14.9871     6.5037      1.252    32.7969    24.2768 -9.990e-29
 213.761852      1.252  40.478014    14.9881     6.5141      1.242    32.7944    24.2747 -9.990e-29
 213.761858      1.245  40.475613    14.9875     6.5233      1.235    32.7928    24.2735 -9.990e-29
 213.761863      1.255  40.471043    14.9843     6.5230      1.245    32.7913    24.2731 -9.990e-29
 213.761869      1.277  40.466007    14.9803     6.5160      1.266    32.7901    24.2730 -9.990e-29
 213.761875      1.297  40.465505    14.9783     6.5149      1.286    32.7914    24.2744 -9.990e-29
 213.761881      1.306  40.467697    14.9784     6.5144      1.295    32.7932    24.2758 -9.990e-29
 213.761887      1.306  40.468734    14.9802     6.5051      1.295    32.7927    24.2750 -9.990e-29
 213.761892      1.300  40.469388    14.9833     6.4978      1.289    32.7907    24.2728 -9.990e-29
 213.761898      1.298  40.471045    14.9848     6.4888      1.287    32.7909    24.2727 -9.990e-29
 213.761904      1.298  40.469147    14.9834     6.4960      1.287    32.7904    24.2725 -9.990e-29
 213.761910      1.292  40.464474    14.9808     6.5085      1.281    32.7883    24.2715 -9.990e-29
 213.761916      1.280  40.464193    14.9772     6.5130      1.269    32.7911    24.2744 -9.990e-29
 213.761921      1.269  40.465077    14.9745     6.5084      1.258    32.7942    24.2774 -9.990e-29
 213.761927      1.263  40.466017    14.9749     6.4993      1.252    32.7947    24.2777 -9.990e-29
 213.761933      1.258  40.468780    14.9774     6.4901      1.247    32.7951    24.2775 -9.990e-29
 213.761939      1.249  40.470836    14.9807     6.4961      1.239    32.7942    24.2761 -9.990e-29
 213.761944      1.244  40.473199    14.9834     6.5124      1.234    32.7940    24.2754 -9.990e-29
 213.761950      1.255  40.476172    14.9852     6.5194      1.245    32.7952    24.2759 -9.990e-29
 213.761956      1.279  40.478069    14.9862     6.5158      1.268    32.7961    24.2763 -9.990e-29
 213.761962      1.295  40.478572    14.9863     6.4994      1.284    32.7964    24.2766 -9.990e-29
 213.761968      1.293  40.478302    14.9854     6.4986      1.282    32.7970    24.2772 -9.990e-29
 213.761973      1.285  40.477410    14.9832     6.5066      1.274    32.7980    24.2785 -9.990e-29
 213.761979      1.291  40.475219    14.9798     6.5083      1.280    32.7989    24.2799 -9.990e-29
 213.761985      1.312  40.471561    14.9766     6.5005      1.301    32.7982    24.2801 -9.990e-29
 213.761991      1.333  40.468232    14.9744     6.4949      1.322    32.7971    24.2797 -9.990e-29
 213.761997      1.345  40.466346    14.9720     6.4937      1.334    32.7974    24.2804 -9.990e-29
 213.762002      1.355  40.463898    14.9671     6.4994      1.344    32.7993    24.2829 -9.990e-29
 213.762008      1.371  40.457016    14.9582     6.5013      1.360    32.8005    24.2858 -9.990e-29
 213.762014      1.394  40.448239    14.9481     6.5144      1.382    32.8011    24.2884 -9.990e-29
 213.762020      1.422  40.444863    14.9414     6.5389      1.410    32.8036    24.2918 -9.990e-29
 213.762025      1.465  40.445696    14.9381     6.5517      1.453    32.8072    24.2952 -9.990e-29
 213.762031      1.538  40.443957    14.9333     6.5014      1.525    32.8096    24.2982 -9.990e-29
 213.762037      1.642  40.435598    14.9262     6.3965      1.628    32.8080    24.2984 -9.990e-29
 213.762043      1.766  40.423989    14.9201     6.2679      1.751    32.8025    24.2956 -9.990e-29
 213.762049      1.906  40.415449    14.9149     6.1208      1.890    32.7991    24.2941 0.0000e+00
 213.762054      2.061  40.408626    14.9029     5.9892      2.044    32.8030    24.2996 0.0000e+00
 213.762060      2.238  40.389330    14.8679     5.8614      2.219    32.8149    24.3163 0.0000e+00
 213.762066      2.442  40.342428    14.7894     5.7507      2.422    32.8384    24.3513 0.0000e+00
 213.762072      2.675  40.250710    14.6310     5.6517      2.653    32.8888    24.4239 0.0000e+00
 213.762078      2.930  40.062975    14.3770     5.5600      2.906    32.9328    24.5115 0.0000e+00
 213.762083      3.197  39.792125    14.0933     5.4956      3.170    32.9256    24.5652 0.0000e+00
 213.762089      3.472  39.561478    13.8606     5.4552      3.443    32.9114    24.6022 0.0000e+00
 213.762095      3.755  39.416846    13.6935     5.4183      3.724    32.9204    24.6434 0.0000e+00
 213.762101      4.047  39.313706    13.5688     5.3718      4.013    32.9315    24.6773 0.0000e+00
 213.762106      4.345  39.232069    13.4654     5.3197      4.309    32.9442    24.7080 0.0000e+00
 213.762112      4.646  39.163827    13.3767     5.2505      4.607    32.9569    24.7356 0.0000e+00
 213.762118      4.958  39.105857    13.3081     5.1809      4.917    32.9617    24.7531 0.0000e+00
 213.762124      5.278  39.065373    13.2635     5.1100      5.234    32.9622    24.7624 0.0000e+00
 213.762130      5.592  39.040978    13.2303     5.0558      5.545    32.9679    24.7735 0.0000e+00
 213.762135      5.900  39.020248    13.1850     5.0054      5.851    32.9876    24.7977 0.0000e+00
 213.762141      6.212  38.983890    13.1145     4.9609      6.160    33.0145    24.8326 0.0000e+00
 213.762147      6.530  38.918100    13.0289     4.9115      6.475    33.0268    24.8590 0.0000e+00
 213.762153      6.845  38.842075    12.9550     4.8472      6.788    33.0191    24.8677 0.0000e+00
 213.762159      7.148  38.786000    12.9072     4.8023      7.088    33.0076    24.8681 0.0000e+00
 213.762164      7.439  38.755692    12.8733     4.7765      7.377    33.0083    24.8753 0.0000e+00
 213.762170      7.730  38.735879    12.8340     4.7467      7.665    33.0237    24.8950 0.0000e+00
 213.762176      8.025  38.705130    12.7851     4.7077      7.958    33.0371    24.9149 0.0000e+00
 213.762182      8.326  38.663279    12.7387     4.6640      8.256    33.0378    24.9245 0.0000e+00
 213.762188      8.628  38.623357    12.7051     4.6196      8.556    33.0291    24.9243 0.0000e+00
 213.762193      8.919  38.597602    12.6806     4.5694      8.844    33.0259    24.9266 0.0000e+00
 213.762199      9.200  38.588580    12.6492     4.5222      9.123    33.0447    24.9473 0.0000e+00
 213.762205      9.480  38.567966    12.6000     4.4623      9.401    33.0681    24.9749 0.0000e+00
 213.762211      9.766  38.519988    12.5377     4.4078      9.684    33.0769    24.9938 0.0000e+00
 213.762216     10.048  38.462387    12.4831     4.3613      9.964    33.0697    24.9987 0.0000e+00
 213.762222     10.312  38.417993    12.4509     4.3240     10.226    33.0554    24.9938 0.0000e+00
 213.762228     10.547  38.397553    12.4220     4.3242     10.459    33.0612    25.0038 0.0000e+00
