data/oxygen options/ONMS/Olympic_Coast_National_Marine_Sanctuary_CTD_Data_2005_2023/raw_data/2019/CAST_CA015_190527faed.cnv
* Sea-Bird SBE19 Data File:
* FileName = C:\2019 Mooring Data\Casts\CAST_CA015_190527.hex
* Software Version 1.59
* Temperature SN = 2997
* Conductivity SN = 2997
* System UpLoad Time = May 27 2019 23:44:45
** CAST_CA015_190527
* ds
# nquan = 9                                 
# nvalues = 757                         
# units = specified
# name 0 = timeJ: Julian Days
# name 1 = prSM: Pressure, Strain Gauge [db]
# name 2 = c0mS/cm: Conductivity [mS/cm]
# name 3 = t090C: Temperature [ITS-90, deg C]
# name 4 = sbeox0ML/L: Oxygen, SBE 43 [ml/l]
# name 5 = depSM: Depth [salt water, m], lat = 47.5
# name 6 = sal00: Salinity, Practical [PSU]
# name 7 = sigma-é00: Density [sigma-theta, kg/m^3]
# name 8 = flag: flag
# span 0 = 147.965671, 147.970046       
# span 1 =     -5.447,     11.027       
# span 2 =   0.066093,  36.645100       
# span 3 =    11.4619,    13.7302       
# span 4 =    -1.9321,    12.9174       
# span 5 =     -5.402,     10.935       
# span 6 =     0.0421,    31.4877       
# span 7 =    -0.6829,    23.9577       
# span 8 = 0.0000e+00, 0.0000e+00       
# interval = seconds: 0.5
# start_time = May 27 2019 23:10:34 [Instrument's time stamp, header]
# bad_flag = -9.990e-29
*END*
[from data line 321]
 147.967529     -0.860   0.082811    13.5317    -1.9302     -0.853     0.0520    -0.6497 -9.990e-29
 147.967535     -0.845   0.083925    13.5278    -1.9305     -0.838     0.0527    -0.6487 -9.990e-29
 147.967541     -0.827   0.084948    13.5243    -1.9308     -0.820     0.0533    -0.6478 -9.990e-29
 147.967546     -0.809   0.085583    13.5214    -1.9309     -0.802     0.0536    -0.6471 -9.990e-29
 147.967552     -0.789   0.086123    13.5194    -1.9312     -0.782     0.0540    -0.6466 -9.990e-29
 147.967558     -0.771   0.086736    13.5180    -1.9313     -0.765     0.0543    -0.6461 -9.990e-29
 147.967564     -0.757   0.087130    13.5162    -1.9282     -0.751     0.0546    -0.6457 -9.990e-29
 147.967569     -0.747   0.087278    13.5127    -1.9287     -0.741     0.0547    -0.6451 -9.990e-29
 147.967575     -0.740   0.087376    13.5076    -1.9288     -0.734     0.0547    -0.6444 -9.990e-29
 147.967581     -0.736   0.087556    13.5015    -1.9286     -0.730     0.0548    -0.6435 -9.990e-29
 147.967587     -0.734   0.088058    13.4952    -1.9285     -0.728     0.0551    -0.6424 -9.990e-29
 147.967593     -0.734   0.088998    13.4892    -1.9284     -0.728     0.0557    -0.6412 -9.990e-29
 147.967598     -0.737   0.090522    13.4838    -1.9282     -0.731     0.0566    -0.6398 -9.990e-29
 147.967604     -0.738   0.094108    13.4792    -1.9280     -0.732     0.0588    -0.6375 -9.990e-29
 147.967610     -0.733   0.104535    13.4754    -1.9277     -0.727     0.0650    -0.6321 -9.990e-29
 147.967616     -0.726   0.135708    13.4721    -1.9277     -0.720     0.0838    -0.6170 -9.990e-29
 147.967622     -0.721   0.229192    13.4689    -1.9278     -0.715     0.1414    -0.5717 -9.990e-29
 147.967627     -0.717   0.365093    13.4664    -1.9281     -0.711     0.2272    -0.5046 -9.990e-29
 147.967633     -0.715   0.450491    13.4651    -1.9283     -0.709     0.2820    -0.4618 -9.990e-29
 147.967639     -0.713   0.481851    13.4645    -1.9287     -0.707     0.3022    -0.4460 -9.990e-29
 147.967645     -0.713   0.503203    13.4636    -1.9288     -0.707     0.3160    -0.4351 -9.990e-29
 147.967650     -0.713   0.522524    13.4621    -1.9291     -0.707     0.3286    -0.4251 -9.990e-29
 147.967656     -0.715   0.545082    13.4597    -1.9289     -0.709     0.3433    -0.4134 -9.990e-29
 147.967662     -0.717   0.574922    13.4562    -1.9291     -0.711     0.3628    -0.3978 -9.990e-29
 147.967668     -0.721   0.611953    13.4521    -1.9293     -0.715     0.3870    -0.3784 -9.990e-29
 147.967674     -0.726   0.648498    13.4482    -1.9294     -0.720     0.4110    -0.3592 -9.990e-29
 147.967679     -0.728   0.672908    13.4450    -1.9293     -0.722     0.4271    -0.3462 -9.990e-29
 147.967685     -0.724   0.681169    13.4420    -1.9292     -0.718     0.4326    -0.3416 -9.990e-29
 147.967691     -0.718   0.676543    13.4384    -1.9294     -0.712     0.4296    -0.3434 -9.990e-29
 147.967697     -0.713   0.664495    13.4347    -1.9294     -0.707     0.4217    -0.3491 -9.990e-29
 147.967703     -0.708   0.653333    13.4319    -1.9295     -0.702     0.4144    -0.3544 -9.990e-29
 147.967708     -0.704   0.647007    13.4303    -1.9297     -0.698     0.4102    -0.3574 -9.990e-29
 147.967714     -0.701   0.643175    13.4283    -1.9295     -0.695     0.4077    -0.3591 -9.990e-29
 147.967720     -0.698   0.640053    13.4249    -1.9295     -0.692     0.4057    -0.3602 -9.990e-29
 147.967726     -0.695   0.637911    13.4219    -1.9294     -0.689     0.4043    -0.3609 -9.990e-29
 147.967731     -0.692   0.640538    13.4207    -1.9294     -0.686     0.4061    -0.3593 -9.990e-29
 147.967737     -0.688   0.647562    13.4203    -1.9297     -0.682     0.4107    -0.3557 -9.990e-29
 147.967743     -0.683   0.653390    13.4195    -1.9295     -0.677     0.4145    -0.3526 -9.990e-29
 147.967749     -0.678   0.655269    13.4182    -1.9297     -0.672     0.4158    -0.3515 -9.990e-29
 147.967755     -0.671   0.653489    13.4170    -1.9298     -0.665     0.4146    -0.3522 -9.990e-29
 147.967760     -0.663   0.651216    13.4166    -1.9297     -0.657     0.4131    -0.3533 -9.990e-29
 147.967766     -0.657   0.649850    13.4169    -1.9299     -0.652     0.4122    -0.3541 -9.990e-29
 147.967772     -0.656   0.648678    13.4176    -1.9300     -0.651     0.4115    -0.3548 -9.990e-29
 147.967778     -0.658   0.648354    13.4182    -1.9304     -0.653     0.4113    -0.3550 -9.990e-29
 147.967784     -0.656   0.648444    13.4182    -1.9308     -0.651     0.4113    -0.3550 -9.990e-29
 147.967789     -0.652   0.647961    13.4176    -1.9310     -0.647     0.4110    -0.3551 -9.990e-29
 147.967795     -0.649   0.646262    13.4168    -1.7510     -0.644     0.4099    -0.3559 -9.990e-29
 147.967801     -0.652   0.643849    13.4158    -1.6010     -0.647     0.4083    -0.3570 -9.990e-29
 147.967807     -0.657   0.641383    13.4146    -1.6004     -0.652     0.4067    -0.3581 -9.990e-29
 147.967813     -0.658   0.639450    13.4130    -1.6000     -0.653     0.4055    -0.3588 -9.990e-29
 147.967818     -0.657   0.643781    13.4106    -1.6002     -0.652     0.4083    -0.3563 -9.990e-29
 147.967824     -0.654   0.664582    13.4070    -1.6003     -0.649     0.4220    -0.3451 -9.990e-29
 147.967830     -0.647   0.730142    13.4022    -1.6002     -0.642     0.4654    -0.3108 -9.990e-29
 147.967836     -0.637   0.932302    13.3977    -1.6002     -0.632     0.6002    -0.2054 -9.990e-29
 147.967841     -0.624   1.546703    13.3951    -1.6003     -0.619     1.0194     0.1203 -9.990e-29
 147.967847     -0.606   3.407499    13.3968    -1.6003     -0.601     2.3458     1.1470 -9.990e-29
 147.967853     -0.582   9.015692    13.4024    -1.6004     -0.577     6.6316     4.4518 -9.990e-29
 147.967859     -0.555  19.218735    13.4063    -1.6004     -0.550    15.0455    10.9235 -9.990e-29
 147.967865     -0.527  29.001664    13.4064    -1.6004     -0.523    23.6121    17.5167 -9.990e-29
 147.967870     -0.493  34.066625    13.4039    -1.6005     -0.489    28.2084    21.0615 -9.990e-29
 147.967876     -0.450  35.772686    13.4012    -1.6005     -0.446    29.7813    22.2764 -9.990e-29
 147.967882     -0.404  36.347575    13.4006    -1.6004     -0.401    30.3137    22.6877 -9.990e-29
 147.967888     -0.356  36.541585    13.4009    -1.6005     -0.353    30.4932    22.8264 -9.990e-29
 147.967894     -0.304  36.607247    13.3998    -1.6006     -0.301    30.5550    22.8743 -9.990e-29
 147.967899     -0.248  36.628765    13.3984    -1.6006     -0.246    30.5760    22.8908 -9.990e-29
 147.967905     -0.193  36.637079    13.3979    -1.6005     -0.191    30.5841    22.8972 -9.990e-29
 147.967911     -0.141  36.640485    13.3971    -1.6005     -0.140    30.5879    22.9003 -9.990e-29
 147.967917     -0.087  36.640177    13.3954    -1.6006     -0.086    30.5890    22.9014 -9.990e-29
 147.967922     -0.033  36.640796    13.3942    -1.6006     -0.033    30.5905    22.9028 -9.990e-29
 147.967928      0.016  36.643739    13.3949    -1.6005      0.016    30.5926    22.9043 -9.990e-29
 147.967934      0.059  36.645100    13.3963    -1.6006      0.059    30.5928    22.9042 -9.990e-29
 147.967940      0.099  36.642786    13.3961    -1.6005      0.098    30.5908    22.9027 -9.990e-29
 147.967946      0.138  36.638763    13.3944    -1.6004      0.137    30.5884    22.9012 -9.990e-29
 147.967951      0.180  36.636638    13.3935    -1.6006      0.178    30.5871    22.9004 -9.990e-29
 147.967957      0.221  36.638071    13.3944    -1.6007      0.219    30.5877    22.9006 -9.990e-29
 147.967963      0.256  36.640504    13.3956    -1.6005      0.254    30.5890    22.9014 -9.990e-29
 147.967969      0.284  36.640471    13.3960    -1.6005      0.282    30.5886    22.9010 -9.990e-29
 147.967975      0.305  36.638500    13.3958    -1.6005      0.302    30.5869    22.8998 -9.990e-29
 147.967980      0.322  36.637016    13.3950    -1.6006      0.319    30.5862    22.8994 -9.990e-29
 147.967986      0.335  36.636850    13.3937    -1.6006      0.332    30.5871    22.9003 -9.990e-29
 147.967992      0.345  36.638913    13.3938    -1.6004      0.342    30.5889    22.9017 -9.990e-29
 147.967998      0.353  36.642606    13.3949    -1.6004      0.350    30.5915    22.9034 -9.990e-29
 147.968003      0.359  36.643906    13.3948    -1.6004      0.356    30.5927    22.9045 -9.990e-29
 147.968009      0.364  36.641199    13.3940    -1.6004      0.361    30.5909    22.9032 -9.990e-29
 147.968015      0.368  36.638166    13.3942    -1.6004      0.365    30.5879    22.9008 -9.990e-29
 147.968021      0.371  36.638614    13.3956    -1.6004      0.368    30.5872    22.9000 -9.990e-29
 147.968027      0.374  36.641473    13.3971    -1.6004      0.371    30.5886    22.9008 -9.990e-29
 147.968032      0.376  36.642169    13.3977    -1.6004      0.373    30.5888    22.9008 -9.990e-29
 147.968038      0.378  36.638842    13.3978    -1.6005      0.375    30.5856    22.8984 -9.990e-29
 147.968044      0.380  36.634906    13.3986    -1.6005      0.377    30.5813    22.8949 -9.990e-29
 147.968050      0.382  36.634643    13.3998    -1.6005      0.379    30.5801    22.8937 -9.990e-29
 147.968056      0.384  36.637154    13.4009    -1.6004      0.381    30.5816    22.8946 -9.990e-29
 147.968061      0.386  36.637962    13.4014    -1.6004      0.383    30.5819    22.8948 -9.990e-29
 147.968067      0.389  36.636476    13.4010    -1.6004      0.386    30.5809    22.8941 -9.990e-29
 147.968073      0.392  36.635765    13.4006    -1.6005      0.389    30.5805    22.8939 -9.990e-29
 147.968079      0.396  36.637133    13.4009    -1.6005      0.393    30.5816    22.8946 -9.990e-29
 147.968084      0.401  36.638496    13.4011    -1.6005      0.398    30.5827    22.8954 -9.990e-29
 147.968090      0.407  36.637204    13.4006    -1.6005      0.404    30.5819    22.8949 -9.990e-29
 147.968096      0.415  36.634346    13.4003    -1.6004      0.412    30.5794    22.8931 -9.990e-29
 147.968102      0.425  36.633401    13.4007    -1.6005      0.421    30.5782    22.8921 -9.990e-29
 147.968108      0.434  36.634801    13.4013    -1.6005      0.430    30.5791    22.8926 -9.990e-29
 147.968113      0.437  36.635945    13.4018    -1.6005      0.433    30.5797    22.8930 -9.990e-29
 147.968119      0.440  36.635571    13.4019    -1.6005      0.436    30.5793    22.8927 -9.990e-29
 147.968125      0.447  36.634312    13.4016    -1.6005      0.443    30.5784    22.8920 -9.990e-29
 147.968131      0.458  36.632739    13.4010    -1.6004      0.454    30.5774    22.8914 -9.990e-29
 147.968137      0.475  36.631569    13.4008    -1.6005      0.471    30.5764    22.8907 -9.990e-29
 147.968142      0.492  36.632053    13.4014    -1.6005      0.488    30.5764    22.8905 -9.990e-29
 147.968148      0.505  36.633728    13.4019    -1.6005      0.501    30.5776    22.8913 -9.990e-29
 147.968154      0.512  36.634358    13.4018    -1.6004      0.508    30.5782    22.8919 -9.990e-29
 147.968160      0.519  36.633117    13.4016    -1.6005      0.515    30.5772    22.8911 -9.990e-29
 147.968166      0.526  36.631162    13.4017    -1.6005      0.522    30.5753    22.8897 -9.990e-29
 147.968171      0.534  36.630376    13.4021    -1.6005      0.530    30.5743    22.8888 -9.990e-29
 147.968177      0.539  36.631403    13.4028    -1.6005      0.535    30.5747    22.8889 -9.990e-29
 147.968183      0.537  36.632823    13.4032    -1.6005      0.533    30.5757    22.8896 -9.990e-29
 147.968189      0.532  36.633181    13.4029    -1.6005      0.528    30.5762    22.8901 -9.990e-29
 147.968194      0.529  36.632408    13.4022    -1.6005      0.525    30.5761    22.8901 -9.990e-29
 147.968200      0.526  36.631164    13.4018    -1.6004      0.522    30.5752    22.8896 -9.990e-29
 147.968206      0.528  36.630604    13.4018    -1.6004      0.524    30.5747    22.8892 -9.990e-29
 147.968212      0.540  36.631672    13.4021    -1.6004      0.535    30.5755    22.8897 -9.990e-29
 147.968218      0.557  36.633565    13.4022    -1.6004      0.552    30.5771    22.8910 -9.990e-29
 147.968223      0.573  36.634898    13.4020    -1.6004      0.568    30.5785    22.8921 -9.990e-29
 147.968229      0.584  36.635219    13.4015    -1.6004      0.579    30.5792    22.8927 -9.990e-29
 147.968235      0.591  36.634970    13.4009    -1.6004      0.586    30.5795    22.8930 -9.990e-29
 147.968241      0.594  36.634950    13.4007    -1.6004      0.589    30.5796    22.8932 -9.990e-29
 147.968247      0.594  36.635143    13.4014    -1.6005      0.589    30.5792    22.8927 -9.990e-29
 147.968252      0.590  36.634700    13.4026    -1.6004      0.585    30.5779    22.8914 -9.990e-29
 147.968258      0.587  36.633600    13.4037    -1.6004      0.582    30.5760    22.8898 -9.990e-29
 147.968264      0.589  36.633189    13.4041    -1.6005      0.584    30.5753    22.8891 -9.990e-29
 147.968270      0.590  36.634051    13.4038    -1.6006      0.585    30.5763    22.8900 -9.990e-29
 147.968275      0.589  36.635107    13.4031     9.8805      0.584    30.5778    22.8913 -9.990e-29
 147.968281      0.587  36.635537    13.4029    12.6945      0.582    30.5784    22.8918 -9.990e-29
 147.968287      0.591  36.635925    13.4030    12.9174      0.586    30.5787    22.8920 -9.990e-29
 147.968293      0.594  36.636802    13.4028    10.9268      0.589    30.5796    22.8928 -9.990e-29
 147.968299      0.595  36.637110    13.4023     6.5638      0.590    30.5803    22.8934 -9.990e-29
 147.968304      0.592  36.636151    13.4022     6.8012      0.587    30.5795    22.8928 -9.990e-29
 147.968310      0.589  36.634897    13.4018     7.0319      0.584    30.5787    22.8922 -9.990e-29
 147.968316      0.591  36.634488    13.4003     7.0658      0.586    30.5795    22.8932 -9.990e-29
 147.968322      0.594  36.634391    13.3989     7.0173      0.589    30.5805    22.8942 -9.990e-29
 147.968328      0.594  36.632247    13.3982     6.9611      0.589    30.5791    22.8933 -9.990e-29
 147.968333      0.589  36.627448    13.3981     6.9261      0.584    30.5747    22.8899 -9.990e-29
 147.968339      0.581  36.623127    13.3985     6.8922      0.576    30.5704    22.8865 -9.990e-29
 147.968345      0.574  36.621930    13.3993     6.8552      0.569    30.5687    22.8850 -9.990e-29
 147.968351      0.574  36.622274    13.3985     6.8236      0.569    30.5696    22.8859 -9.990e-29
 147.968356      0.582  36.621272    13.3957     6.8132      0.577    30.5709    22.8874 -9.990e-29
 147.968362      0.590  36.618720    13.3934     6.8057      0.585    30.5704    22.8875 -9.990e-29
 147.968368      0.595  36.616826    13.3936     6.8001      0.590    30.5685    22.8860 -9.990e-29
 147.968374      0.596  36.617553    13.3955     6.8070      0.591    30.5676    22.8849 -9.990e-29
 147.968380      0.598  36.620202    13.3969     6.8052      0.593    30.5690    22.8857 -9.990e-29
 147.968385      0.605  36.621599    13.3977     6.8102      0.600    30.5696    22.8860 -9.990e-29
 147.968391      0.614  36.620820    13.3986     6.8147      0.609    30.5682    22.8847 -9.990e-29
 147.968397      0.620  36.620197    13.3997     6.7977      0.615    30.5667    22.8834 -9.990e-29
 147.968403      0.625  36.621150    13.4009     6.7951      0.620    30.5666    22.8831 -9.990e-29
 147.968409      0.628  36.622724    13.4016     6.7946      0.623    30.5675    22.8837 -9.990e-29
 147.968414      0.630  36.623669    13.4021     6.7922      0.625    30.5680    22.8839 -9.990e-29
 147.968420      0.631  36.624696    13.4028     6.8063      0.626    30.5684    22.8841 -9.990e-29
 147.968426      0.630  36.625506    13.4033     6.8052      0.625    30.5688    22.8843 -9.990e-29
 147.968432      0.629  36.624954    13.4035     6.7959      0.624    30.5681    22.8837 -9.990e-29
 147.968437      0.626  36.623993    13.4037     6.7857      0.621    30.5670    22.8829 -9.990e-29
 147.968443      0.621  36.623596    13.4041     6.7723      0.616    30.5663    22.8822 -9.990e-29
