data/oxygen options/ONMS/Olympic_Coast_National_Marine_Sanctuary_CTD_Data_2005_2023/raw_data/2019/CAST_KL027_190625faed.cnv
* Sea-Bird SBE19 Data File:
* FileName = C:\2019 Mooring Data\Casts\CAST_KL027_190625.hex
* Software Version 1.59
* Temperature SN = 2997
* Conductivity SN = 2997
* System UpLoad Time = Jun 25 2019 22:03:47
** CAST_KL027_190625
* ds
# nquan = 9                                 
# nvalues = 799                         
# units = specified
# name 0 = timeJ: Julian Days
# name 1 = prSM: Pressure, Strain Gauge [db]
# name 2 = c0mS/cm: Conductivity [mS/cm]
# name 3 = t090C: Temperature [ITS-90, deg C]
# name 4 = sbeox0ML/L: Oxygen, SBE 43 [ml/l]
# name 5 = depSM: Depth [salt water, m], lat = 47.5
# name 6 = sal00: Salinity, Practical [PSU]
# name 7 = sigma-é00: Density [sigma-theta, kg/m^3]
# name 8 = flag: flag
# span 0 = 176.882106, 176.886725       
# span 1 =     -4.995,     26.551       
# span 2 =   0.553682,  39.977989       
# span 3 =     7.9589,    14.6739       
# span 4 =    -1.9029,    16.5846       
# span 5 =     -4.953,     26.328       
# span 6 =     0.3409,    33.7510       
# span 7 =    -0.5466,    26.2716       
# span 8 = 0.0000e+00, 0.0000e+00       
# interval = seconds: 0.5
# start_time = Jun 25 2019 21:10:14 [Instrument's time stamp, header]
# bad_flag = -9.990e-29
*END*
[from data line 641]
 176.885816      4.055  37.831398    11.4384    10.7761      4.021    33.3919    25.4444 0.0000e+00
 176.885822      4.387  37.717228    11.2909    10.5190      4.350    33.4128    25.4875 0.0000e+00
 176.885828      4.738  37.605067    11.1341    10.1739      4.698    33.4442    25.5402 0.0000e+00
 176.885833      5.113  37.480213    10.9534     9.7604      5.070    33.4848    25.6041 0.0000e+00
 176.885839      5.503  37.327284    10.7464     9.2918      5.457    33.5216    25.6694 0.0000e+00
 176.885845      5.897  37.134337    10.5160     8.7168      5.848    33.5398    25.7238 0.0000e+00
 176.885851      6.294  36.918378    10.2751     8.1053      6.241    33.5443    25.7688 0.0000e+00
 176.885856      6.696  36.715001    10.0451     7.3523      6.640    33.5510    25.8131 0.0000e+00
 176.885862      7.100  36.539601     9.8395     6.3705      7.041    33.5632    25.8571 0.0000e+00
 176.885868      7.503  36.384949     9.6604     5.2926      7.440    33.5718    25.8935 0.0000e+00
 176.885874      7.901  36.245723     9.5019     4.2347      7.835    33.5768    25.9234 0.0000e+00
 176.885880      8.298  36.127651     9.3493     3.4168      8.229    33.5980    25.9647 0.0000e+00
 176.885885      8.701  36.020997     9.1588     2.8625      8.628    33.6667    26.0491 0.0000e+00
 176.885891      9.115  35.860705     8.9024     2.5196      9.039    33.7425    26.1490 0.0000e+00
 176.885897      9.541  35.627217     8.6361     2.3548      9.461    33.7510    26.1971 0.0000e+00
 176.885903      9.975  35.409957     8.4183     2.3013      9.892    33.7297    26.2138 0.0000e+00
 176.885909     10.406  35.252778     8.2549     2.3221     10.319    33.7195    26.2304 0.0000e+00
 176.885914     10.829  35.139106     8.1430     2.3880     10.738    33.7058    26.2364 0.0000e+00
 176.885920     11.239  35.066724     8.0774     2.4598     11.145    33.6915    26.2350 0.0000e+00
 176.885926     11.632  35.028575     8.0400     2.5354     11.535    33.6866    26.2366 0.0000e+00
 176.885932     12.018  35.010633     8.0126     2.6004     11.917    33.6936    26.2462 0.0000e+00
 176.885938     12.406  35.002309     7.9924     2.6487     12.302    33.7040    26.2573 0.0000e+00
 176.885943     12.801  34.998570     7.9817     2.6878     12.694    33.7101    26.2637 0.0000e+00
 176.885949     13.198  34.997133     7.9771     2.7172     13.087    33.7128    26.2665 0.0000e+00
 176.885955     13.592  34.995989     7.9743     2.7398     13.478    33.7141    26.2680 0.0000e+00
 176.885961     13.986  34.994079     7.9712     2.7444     13.869    33.7149    26.2690 0.0000e+00
 176.885966     14.384  34.992124     7.9681     2.7639     14.263    33.7156    26.2700 0.0000e+00
 176.885972     14.782  34.990784     7.9665     2.7721     14.658    33.7155    26.2702 0.0000e+00
 176.885978     15.175  34.989861     7.9673     2.7909     15.048    33.7135    26.2686 0.0000e+00
 176.885984     15.562  34.989711     7.9705     2.8019     15.432    33.7101    26.2654 0.0000e+00
 176.885990     15.942  34.990042     7.9744     2.7942     15.808    33.7065    26.2620 0.0000e+00
 176.885995     16.313  34.989525     7.9753     2.7887     16.176    33.7049    26.2606 0.0000e+00
 176.886001     16.674  34.987940     7.9730     2.7738     16.534    33.7053    26.2613 0.0000e+00
 176.886007     17.026  34.985882     7.9702     2.7593     16.883    33.7056    26.2619 0.0000e+00
 176.886013     17.378  34.984995     7.9674     2.7585     17.232    33.7072    26.2636 0.0000e+00
 176.886019     17.740  34.986245     7.9650     2.7577     17.591    33.7107    26.2667 0.0000e+00
 176.886024     18.109  34.988409     7.9634     2.7567     17.957    33.7144    26.2698 0.0000e+00
 176.886030     18.480  34.989802     7.9626     2.7673     18.325    33.7164    26.2716 0.0000e+00
 176.886036     18.848  34.989391     7.9627     2.7668     18.690    33.7157    26.2710 0.0000e+00
 176.886042     19.214  34.988214     7.9636     2.7566     19.053    33.7134    26.2691 0.0000e+00
 176.886047     19.577  34.987409     7.9645     2.7484     19.413    33.7115    26.2674 0.0000e+00
 176.886053     19.945  34.986371     7.9643     2.7366     19.778    33.7104    26.2666 0.0000e+00
 176.886059     20.323  34.985307     7.9630     2.7304     20.152    33.7104    26.2668 0.0000e+00
 176.886065     20.714  34.984947     7.9619     2.7341     20.540    33.7109    26.2673 0.0000e+00
 176.886071     21.113  34.984720     7.9619     2.7358     20.936    33.7104    26.2670 0.0000e+00
 176.886076     21.512  34.984230     7.9634     2.7297     21.331    33.7083    26.2651 0.0000e+00
 176.886082     21.904  34.983853     7.9655     2.7276     21.720    33.7056    26.2627 0.0000e+00
 176.886088     22.291  34.984113     7.9661     2.7153     22.104    33.7052    26.2623 0.0000e+00
 176.886094     22.670  34.985264     7.9655     2.7036     22.480    33.7068    26.2636 0.0000e+00
 176.886100     23.039  34.986513     7.9649     2.7016     22.845    33.7085    26.2651 0.0000e+00
 176.886105     23.402  34.987194     7.9645     2.7081     23.205    33.7095    26.2659 0.0000e+00
 176.886111     23.764  34.987564     7.9637     2.7107     23.564    33.7105    26.2668 0.0000e+00
 176.886117     24.126  34.987467     7.9626     2.7022     23.923    33.7113    26.2676 0.0000e+00
 176.886123     24.487  34.986681     7.9618     2.6939     24.281    33.7110    26.2675 0.0000e+00
 176.886128     24.838  34.986306     7.9618     2.6860     24.629    33.7104    26.2671 0.0000e+00
 176.886134     25.168  34.986871     7.9631     2.6834     24.956    33.7096    26.2663 0.0000e+00
 176.886140     25.468  34.987358     7.9648     2.6750     25.254    33.7084    26.2650 0.0000e+00
 176.886146     25.736  34.987205     7.9649     2.6690     25.520    33.7080    26.2647 0.0000e+00
 176.886152     25.971  34.986115     7.9639     2.6651     25.753    33.7077    26.2646 0.0000e+00
 176.886157     26.176  34.983664     7.9639     2.6706     25.956    33.7049    26.2625 0.0000e+00
 176.886163     26.347  34.978735     7.9656     2.6722     26.125    33.6980    26.2567 -9.990e-29
 176.886169     26.468  34.976979     7.9689     2.6763     26.245    33.6928    26.2522 -9.990e-29
 176.886175     26.534  34.984361     7.9725     2.6877     26.311    33.6972    26.2552 -9.990e-29
 176.886181     26.551  34.993840     7.9756     2.6836     26.328    33.7044    26.2603 -9.990e-29
 176.886186     26.514  35.000610     7.9781     2.6851     26.291    33.7092    26.2638 -9.990e-29
 176.886192     26.417  35.005772     7.9795     2.6751     26.195    33.7135    26.2669 -9.990e-29
 176.886198     26.262  35.008282     7.9791     2.6711     26.041    33.7166    26.2694 0.0000e+00
 176.886204     26.061  35.006919     7.9771     2.6671     25.842    33.7172    26.2701 0.0000e+00
 176.886209     25.827  35.002577     7.9747     2.6750     25.610    33.7149    26.2687 0.0000e+00
 176.886215     25.575  34.997775     7.9724     2.6804     25.360    33.7121    26.2669 0.0000e+00
 176.886221     25.323  34.993860     7.9705     2.6822     25.110    33.7099    26.2654 0.0000e+00
 176.886227     25.072  34.991124     7.9694     2.6841     24.861    33.7082    26.2642 0.0000e+00
 176.886233     24.810  34.989749     7.9696     2.6724     24.601    33.7066    26.2629 0.0000e+00
 176.886238     24.535  34.990610     7.9712     2.6704     24.329    33.7061    26.2623 0.0000e+00
 176.886244     24.240  34.993088     7.9728     2.6623     24.036    33.7074    26.2630 0.0000e+00
 176.886250     23.925  34.994800     7.9733     2.6621     23.724    33.7089    26.2641 0.0000e+00
 176.886256     23.599  34.995141     7.9729     2.6659     23.401    33.7098    26.2649 0.0000e+00
 176.886262     23.272  34.993917     7.9723     2.6756     23.076    33.7092    26.2645 0.0000e+00
 176.886267     22.944  34.991089     7.9718     2.6813     22.751    33.7068    26.2627 0.0000e+00
 176.886273     22.615  34.988398     7.9709     2.6733     22.425    33.7050    26.2614 0.0000e+00
 176.886279     22.292  34.987205     7.9701     2.6695     22.105    33.7046    26.2612 0.0000e+00
 176.886285     21.974  34.986951     7.9702     2.6580     21.789    33.7044    26.2610 0.0000e+00
 176.886291     21.658  34.986091     7.9710     2.6577     21.476    33.7029    26.2597 0.0000e+00
 176.886296     21.342  34.985070     7.9719     2.6613     21.163    33.7010    26.2582 0.0000e+00
 176.886302     21.022  34.985252     7.9719     2.6630     20.845    33.7014    26.2584 0.0000e+00
 176.886308     20.696  34.986278     7.9705     2.6745     20.522    33.7040    26.2607 0.0000e+00
 176.886314     20.359  34.987245     7.9688     2.6764     20.188    33.7068    26.2631 0.0000e+00
 176.886319     20.012  34.987184     7.9676     2.6686     19.844    33.7081    26.2643 0.0000e+00
 176.886325     19.663  34.984887     7.9668     2.6646     19.498    33.7066    26.2632 0.0000e+00
 176.886331     19.319  34.981211     7.9659     2.6530     19.157    33.7037    26.2611 0.0000e+00
 176.886337     18.980  34.978535     7.9649     2.6530     18.821    33.7019    26.2598 0.0000e+00
 176.886343     18.641  34.977212     7.9646     2.6565     18.485    33.7010    26.2591 0.0000e+00
 176.886348     18.302  34.977158     7.9652     2.6504     18.148    33.7005    26.2587 0.0000e+00
 176.886354     17.969  34.978304     7.9659     2.6444     17.818    33.7012    26.2591 0.0000e+00
 176.886360     17.640  34.979381     7.9658     2.6504     17.492    33.7026    26.2602 0.0000e+00
 176.886366     17.311  34.979584     7.9649     2.6539     17.166    33.7038    26.2613 0.0000e+00
 176.886372     16.985  34.978628     7.9640     2.6672     16.843    33.7038    26.2615 0.0000e+00
 176.886377     16.660  34.976918     7.9633     2.6630     16.520    33.7028    26.2608 0.0000e+00
 176.886383     16.334  34.975535     7.9625     2.6574     16.197    33.7023    26.2604 0.0000e+00
 176.886389     16.007  34.974875     7.9623     2.6474     15.873    33.7019    26.2602 0.0000e+00
 176.886395     15.680  34.974620     7.9627     2.6595     15.549    33.7014    26.2597 0.0000e+00
 176.886400     15.350  34.974431     7.9627     2.6668     15.221    33.7014    26.2597 0.0000e+00
 176.886406     15.016  34.974057     7.9621     2.6606     14.890    33.7017    26.2600 0.0000e+00
 176.886412     14.680  34.973559     7.9616     2.6743     14.557    33.7018    26.2602 0.0000e+00
 176.886418     14.331  34.973396     7.9615     2.6858     14.211    33.7019    26.2603 0.0000e+00
 176.886424     13.966  34.973351     7.9614     2.6827     13.849    33.7021    26.2605 0.0000e+00
 176.886429     13.591  34.972806     7.9609     2.6869     13.477    33.7022    26.2606 0.0000e+00
 176.886435     13.217  34.971596     7.9603     2.6661     13.106    33.7017    26.2602 0.0000e+00
 176.886441     12.849  34.969790     7.9596     2.6621     12.741    33.7006    26.2595 0.0000e+00
 176.886447     12.490  34.968340     7.9589     2.6989     12.385    33.6999    26.2590 0.0000e+00
 176.886453     12.143  34.968115     7.9593     2.7562     12.041    33.6994    26.2586 0.0000e+00
 176.886458     11.807  34.968817     7.9610     2.8610     11.708    33.6987    26.2578 0.0000e+00
 176.886464     11.479  34.970262     7.9646     3.0105     11.383    33.6969    26.2559 0.0000e+00
 176.886470     11.153  34.972700     7.9726     3.1795     11.060    33.6920    26.2508 0.0000e+00
 176.886476     10.828  34.977704     7.9897     3.3997     10.737    33.6810    26.2397 0.0000e+00
 176.886481     10.498  34.988028     8.0223     3.6595     10.410    33.6608    26.2190 0.0000e+00
 176.886487     10.161  35.005681     8.0757     3.9994     10.076    33.6285    26.1857 0.0000e+00
 176.886493      9.816  35.032370     8.1450     4.4260      9.734    33.5906    26.1457 0.0000e+00
 176.886499      9.467  35.064494     8.2156     4.9041      9.388    33.5574    26.1091 0.0000e+00
 176.886505      9.118  35.105144     8.2773     5.3745      9.042    33.5418    26.0876 0.0000e+00
 176.886510      8.771  35.162625     8.3367     5.8694      8.698    33.5462    26.0822 0.0000e+00
 176.886516      8.427  35.229609     8.4168     6.4789      8.356    33.5410    26.0660 0.0000e+00
 176.886522      8.081  35.304156     8.5286     7.1507      8.013    33.5135    26.0275 0.0000e+00
 176.886528      7.728  35.388809     8.6626     7.8789      7.663    33.4757    25.9773 0.0000e+00
 176.886534      7.366  35.471035     8.8034     8.5695      7.304    33.4291    25.9190 0.0000e+00
 176.886539      7.004  35.547384     8.9389     9.1937      6.945    33.3814    25.8605 0.0000e+00
 176.886545      6.646  35.658649     9.0838     9.7560      6.590    33.3615    25.8221 0.0000e+00
 176.886551      6.294  35.814347     9.2676    10.2642      6.241    33.3512    25.7848 0.0000e+00
 176.886557      5.944  35.967323     9.4956    10.7065      5.894    33.2968    25.7055 0.0000e+00
 176.886563      5.602  36.104864     9.7240    10.9183      5.555    33.2265    25.6132 0.0000e+00
 176.886568      5.266  36.236239     9.9263    10.9451      5.222    33.1742    25.5389 0.0000e+00
 176.886574      4.932  36.427463    10.1477    10.9411      4.891    33.1653    25.4948 0.0000e+00
 176.886580      4.600  36.719058    10.3858    10.8943      4.562    33.2420    25.5141 0.0000e+00
 176.886586      4.271  36.987424    10.6058    10.7986      4.235    33.3107    25.5296 0.0000e+00
 176.886591      3.942  37.165913    10.8340    10.8113      3.909    33.2812    25.4667 0.0000e+00
 176.886597      3.612  37.322294    11.0781    10.5188      3.582    33.2154    25.3722 0.0000e+00
 176.886603      3.285  37.481963    11.2993    10.2974      3.258    33.1738    25.3001 0.0000e+00
 176.886609      2.968  37.651734    11.5082    10.0137      2.943    33.1532    25.2461 0.0000e+00
 176.886615      2.658  37.846293    11.7756     9.7582      2.636    33.1044    25.1590 0.0000e+00
 176.886620      2.346  38.073593    12.0850     9.5850      2.326    33.0503    25.0592 0.0000e+00
 176.886626      2.039  38.314079    12.3342    11.2335      2.022    33.0620    25.0210 0.0000e+00
 176.886632      1.752  38.522656    12.4886    11.2607      1.737    33.1261    25.0411 0.0000e+00
 176.886638      1.497  38.689559    12.5781    10.7085      1.485    33.2070    25.0866 0.0000e+00
 176.886644      1.274  38.745501    12.6198     9.7240      1.263    33.2237    25.0915 0.0000e+00
 176.886649      1.083  38.490026    12.6194     8.5554      1.074    32.9802    24.9028 0.0000e+00
 176.886655      0.927  38.186893    12.5998     7.5638      0.919    32.7081    24.6957 -9.990e-29
 176.886661      0.806  38.215031    12.5800     6.9764      0.799    32.7522    24.7337 -9.990e-29
 176.886667      0.712  38.121297    12.5625     6.7163      0.706    32.6780    24.6796 -9.990e-29
 176.886672      0.640  37.327024    12.5474 -9.990e-29      0.635    31.9339    24.1059 -9.990e-29
 176.886678      0.583  34.976532    12.5329 -9.990e-29      0.578    29.7194    22.3939 -9.990e-29
 176.886684      0.540  28.094361    12.5168 -9.990e-29      0.535    23.3399    17.4649 -9.990e-29
 176.886690      0.507  17.531708    12.4995 -9.990e-29      0.503    13.9412    10.2172 -9.990e-29
 176.886696      0.481   9.969640    12.4851 -9.990e-29      0.477     7.5700     5.3059 -9.990e-29
 176.886701      0.463   7.075850    12.4769 -9.990e-29      0.459     5.2379     3.5061 -9.990e-29
 176.886707      0.449   6.061868    12.4745 -9.990e-29      0.445     4.4387     2.8886 -9.990e-29
 176.886713      0.440   5.700709    12.4763 -9.990e-29      0.436     4.1563     2.6700 -9.990e-29
 176.886719      0.435   5.428615    12.4781 -9.990e-29      0.431     3.9446     2.5060 -9.990e-29
 176.886725      0.433   4.996093 -9.990e-29 -9.990e-29      0.429 -9.990e-29 -9.990e-29 -9.990e-29
