data/oxygen options/ONMS/Olympic_Coast_National_Marine_Sanctuary_CTD_Data_2005_2023/raw_data/2019/CAST_MB042_190730faed.cnv
* Sea-Bird SBE 19 Data File:
* FileName = C:\2018 Mooring Data\Casts\CAST_MB042_190730.hex
* Software Version SeatermAF 2.1.2
* Temperature SN = 2997
* Conductivity SN = 2997
* System UpLoad Time = Jul 30 2019 21:59:42 (localtime) = Jul 30 2019 21:59:42 (UTC)
** CAST_MB042_190730
* ds
# nquan = 9                                 
# nvalues = 1639                        
# units = specified
# name 0 = timeJ: Julian Days
# name 1 = prSM: Pressure, Strain Gauge [db]
# name 2 = c0mS/cm: Conductivity [mS/cm]
# name 3 = t090C: Temperature [ITS-90, deg C]
# name 4 = sbeox0ML/L: Oxygen, SBE 43 [ml/l]
# name 5 = depSM: Depth [salt water, m], lat = 47.5
# name 6 = sal00: Salinity, Practical [PSU]
# name 7 = sigma-é00: Density [sigma-theta, kg/m^3]
# name 8 = flag: flag
# span 0 = 211.835637, 211.845116       
# span 1 =     -4.473,     44.298       
# span 2 =   0.384012,  40.081714       
# span 3 =     7.2281,    18.0878       
# span 4 =    -1.7858,    13.4350       
# span 5 =     -4.436,     43.924       
# span 6 =     0.2167,    33.9129       
# span 7 =    -1.2399,    26.5314       
# span 8 = 0.0000e+00, 0.0000e+00       
# interval = seconds: 0.5
# start_time = Jul 30 2019 20:03:19 [Instrument's time stamp, header]
# bad_flag = -9.990e-29
*END*
[from data line 801]
 211.840272      0.495  12.991864    15.4986    -1.5621      0.491     9.3211     6.1769 -9.990e-29
 211.840278      0.528  25.293251    14.7239    -1.5609      0.524    19.6348    14.2151 -9.990e-29
 211.840284      0.570  31.976905    14.3342    -1.5606      0.565    25.6719    18.9269 -9.990e-29
 211.840289      0.620  33.230035    14.1478    -1.5600      0.615    26.9158    19.9208 -9.990e-29
 211.840295      0.672  34.907340    14.0103    -1.5614      0.666    28.5261    21.1883 -9.990e-29
 211.840301      0.726  36.553344    13.8966    -1.5588      0.720    30.1115    22.4334 -9.990e-29
 211.840307      0.785  37.945316    13.8370    -1.5583      0.778    31.4377    23.4689 -9.990e-29
 211.840313      0.848  39.147289    13.8305    -1.5578      0.841    32.5541    24.3323 -9.990e-29
 211.840318      0.911  39.660786    13.8592    -1.5583      0.903    33.0057    24.6753 -9.990e-29
 211.840324      0.969  39.819798    13.9047    -1.5592      0.961    33.1140    24.7496 -9.990e-29
 211.840330      1.018  39.746136    13.9448    -1.5591      1.010    33.0112    24.6620 -9.990e-29
 211.840336      1.055  39.622734    13.9590    -1.5581      1.046    32.8848    24.5614 -9.990e-29
 211.840341      1.085  39.558927    13.9549    -1.5588      1.076    32.8292    24.5193 -9.990e-29
 211.840347      1.108  39.569874    13.9641    -1.5607      1.099    32.8315    24.5192 -9.990e-29
 211.840353      1.125  39.606292    13.9881    -1.5607      1.116    32.8447    24.5244 -9.990e-29
 211.840359      1.139  39.619245    13.9983    -1.5578      1.129    32.8479    24.5248 -9.990e-29
 211.840365      1.149  39.641098    13.9915    -1.5585      1.139    32.8739    24.5463 -9.990e-29
 211.840370      1.157  39.695366    13.9891    -1.5592      1.147    32.9262    24.5871 -9.990e-29
 211.840376      1.163  39.744595    13.9988    -1.5595      1.153    32.9634    24.6139 -9.990e-29
 211.840382      1.168  39.736768    14.0110    -1.5588      1.158    32.9457    24.5977 -9.990e-29
 211.840388      1.171  39.681581    14.0107    -1.5598      1.161    32.8949    24.5586 -9.990e-29
 211.840394      1.174  39.644889    13.9917    -1.5610      1.164    32.8773    24.5488 -9.990e-29
 211.840399      1.175  39.646633    13.9684    -1.5603      1.165    32.8988    24.5703 -9.990e-29
 211.840405      1.175  39.651585    13.9575    -1.5584      1.165    32.9127    24.5833 -9.990e-29
 211.840411      1.175  39.650626    13.9657    -1.5583      1.165    32.9048    24.5755 -9.990e-29
 211.840417      1.174  39.690609    13.9875    -1.5609      1.164    32.9231    24.5851 -9.990e-29
 211.840422      1.172  39.736874    13.9983    -1.5620      1.162    32.9567    24.6088 -9.990e-29
 211.840428      1.169  39.702651    13.9825    -1.5602      1.159    32.9386    24.5981 -9.990e-29
 211.840434      1.165  39.648144    13.9495    -1.5607      1.155    32.9164    24.5878 -9.990e-29
 211.840440      1.164  39.668122    13.9165    -1.5623      1.154    32.9632    24.6307 -9.990e-29
 211.840446      1.169  39.734299    13.8972    -1.5650      1.159    33.0411    24.6949 -9.990e-29
 211.840451      1.178  39.775242    13.8940    -1.5644      1.168    33.0818    24.7270 -9.990e-29
 211.840457      1.186  39.790614    13.9013    -1.5648      1.176    33.0898    24.7316 -9.990e-29
 211.840463      1.194  39.828882    13.9092    -1.5644      1.184    33.1185    24.7522 -9.990e-29
 211.840469      1.202  39.865422    13.9024    -1.5640      1.192    33.1582    24.7843 -9.990e-29
 211.840475      1.211  39.827937    13.8768    -1.5636      1.201    33.1456    24.7798 -9.990e-29
 211.840480      1.221  39.752119    13.8489    -1.5633      1.211    33.0993    24.7497 -9.990e-29
 211.840486      1.234  39.753051    13.8387    -1.5626      1.224    33.1089    24.7593 -9.990e-29
 211.840492      1.250  39.811772    13.8418    -1.5613      1.240    33.1608    24.7987 -9.990e-29
 211.840498      1.265  39.786973    13.8307    -1.5597      1.254    33.1473    24.7906 -9.990e-29
 211.840503      1.277  39.654518    13.7976    -1.5591      1.266    33.0528    24.7244 -9.990e-29
 211.840509      1.290  39.555355    13.7724    -1.5585      1.279    32.9823    24.6751 -9.990e-29
 211.840515      1.305  39.576794    13.7782    -1.5587      1.294    32.9973    24.6854 -9.990e-29
 211.840521      1.314  39.630321    13.8040    -1.5578      1.303    33.0248    24.7014 -9.990e-29
 211.840527      1.315  39.632513    13.8306    -1.5570      1.304    33.0039    24.6798 -9.990e-29
 211.840532      1.310  39.603106    13.8510    -1.5561      1.299    32.9591    24.6410 -9.990e-29
 211.840538      1.305  39.580549    13.8679    -1.5541      1.294    32.9237    24.6102 -9.990e-29
 211.840544      1.294  39.586819    13.8842    -1.5568      1.283    32.9155    24.6005 -9.990e-29
 211.840550      1.278  39.627826    13.8994    -1.5604      1.267    32.9405    24.6167 -9.990e-29
 211.840556      1.262  39.700551    13.9125    -1.5613      1.251    32.9966    24.6574 -9.990e-29
 211.840561      1.252  39.780410    13.9230    -1.5593      1.242    33.0616    24.7054 -9.990e-29
 211.840567      1.246  39.838889    13.9314    -1.5576      1.236    33.1086    24.7399 -9.990e-29
 211.840573      1.243  39.873296    13.9393    -1.5567      1.233    33.1337    24.7577 -9.990e-29
 211.840579      1.243  39.902054    13.9485    -1.5602      1.233    33.1524    24.7702 -9.990e-29
 211.840584      1.248  39.947817    13.9589    -1.5622      1.238    33.1858    24.7939 -9.990e-29
 211.840590      1.251  40.007178    13.9693    -1.5635      1.241    33.2318    24.8273 -9.990e-29
 211.840596      1.250  40.060696    13.9770    -1.5628      1.240    33.2748    24.8589 -9.990e-29
 211.840602      1.249  40.043605    13.9772    -1.5602      1.239    33.2587    24.8465 -9.990e-29
 211.840608      1.252  39.893897    13.9692    -1.5592      1.242    33.1270    24.7463 -9.990e-29
 211.840613      1.259  39.711067    13.9606    -1.5579      1.248    32.9651    24.6231 -9.990e-29
 211.840619      1.270  39.654619    13.9583    -1.5566      1.259    32.9148    24.5847 -9.990e-29
 211.840625      1.282  39.731055    13.9596    -1.5593      1.271    32.9844    24.6382 -9.990e-29
 211.840631      1.287  39.819354    13.9541    -1.5643      1.276    33.0709    24.7062 -9.990e-29
 211.840637      1.286  39.798070    13.9316    -1.5669      1.275    33.0706    24.7105 -9.990e-29
 211.840642      1.287  39.665700    13.8941    -1.5662      1.276    32.9801    24.6484 -9.990e-29
 211.840648      1.294  39.557166    13.8603    -1.5636      1.283    32.9085    24.6000 -9.990e-29
 211.840654      1.303  39.574190    13.8445    -1.5617      1.292    32.9378    24.6259 -9.990e-29
 211.840660      1.307  39.706407    13.8433    -1.5653      1.296    33.0616    24.7218 -9.990e-29
 211.840666      1.301  39.875801    13.8488    -1.5682      1.290    33.2142    24.8385 -9.990e-29
 211.840671      1.289  40.008559    13.8565    -1.5671      1.278    33.3309    24.9271 -9.990e-29
 211.840677      1.275  40.081714    13.8600    -1.5666      1.264    33.3958    24.9766 -9.990e-29
 211.840683      1.263  40.042119    13.8478    -1.5680      1.252    33.3696    24.9588 -9.990e-29
 211.840689      1.264  39.838093    13.8198    -1.5717      1.253    33.2043    24.8368 -9.990e-29
 211.840694      1.282  39.582404    13.7956    -1.5723      1.271    32.9875    24.6743 -9.990e-29
 211.840700      1.307  39.458952    13.7857    -1.5702      1.296    32.8813    24.5943 -9.990e-29
 211.840706      1.322  39.505313    13.7802    10.2572      1.311    32.9291    24.6323 -9.990e-29
 211.840712      1.319  39.619181    13.7652    13.2500      1.308    33.0479    24.7272 -9.990e-29
 211.840718      1.308  39.650474    13.7262    13.4350      1.297    33.1107    24.7837 -9.990e-29
 211.840723      1.300  39.555772    13.6688    11.2220      1.289    33.0721    24.7656 -9.990e-29
 211.840729      1.295  39.503970    13.6311     6.5345      1.284    33.0564    24.7611 -9.990e-29
 211.840735      1.289  39.586731    13.6291     6.5528      1.278    33.1353    24.8225 -9.990e-29
 211.840741      1.284  39.630409    13.6366     6.7059      1.273    33.1696    24.8475 -9.990e-29
 211.840747      1.286  39.502790    13.6390     6.7536      1.275    33.0484    24.7534 -9.990e-29
 211.840752      1.294  39.315438    13.6435     6.7346      1.283    32.8699    24.6144 -9.990e-29
 211.840758      1.304  39.224050    13.6508     6.7016      1.293    32.7785    24.5423 -9.990e-29
 211.840764      1.309  39.195262    13.6575     6.6698      1.298    32.7459    24.5158 -9.990e-29
 211.840770      1.304  39.144756    13.6633     6.6320      1.293    32.6939    24.4744 -9.990e-29
 211.840775      1.294  39.103752    13.6695     6.6125      1.283    32.6505    24.4396 -9.990e-29
 211.840781      1.286  39.097103    13.6786     6.5935      1.275    32.6365    24.4270 -9.990e-29
 211.840787      1.285  39.101373    13.6880     6.5915      1.274    32.6325    24.4220 -9.990e-29
 211.840793      1.290  39.102088    13.6939     6.5840      1.279    32.6281    24.4174 -9.990e-29
 211.840799      1.297  39.099073    13.6989     6.5809      1.286    32.6211    24.4109 -9.990e-29
 211.840804      1.302  39.104541    13.7086     6.5829      1.291    32.6179    24.4065 -9.990e-29
 211.840810      1.310  39.125216    13.7181     6.5735      1.299    32.6290    24.4131 -9.990e-29
 211.840816      1.321  39.140491    13.7192     6.5689      1.310    32.6423    24.4232 -9.990e-29
 211.840822      1.329  39.140483    13.7175     6.5796      1.318    32.6437    24.4246 -9.990e-29
 211.840828      1.332  39.139737    13.7213     6.5780      1.321    32.6398    24.4208 -9.990e-29
 211.840833      1.340  39.142289    13.7294     6.5695      1.329    32.6352    24.4156 -9.990e-29
 211.840839      1.354  39.148171    13.7375     6.5365      1.343    32.6338    24.4129 -9.990e-29
 211.840845      1.365  39.156818    13.7426     6.5213      1.354    32.6375    24.4147 -9.990e-29
 211.840851      1.370  39.160710    13.7452     6.5423      1.359    32.6389    24.4152 -9.990e-29
 211.840856      1.370  39.159429    13.7469     6.5800      1.359    32.6362    24.4129 -9.990e-29
 211.840862      1.364  39.157419    13.7471     6.5962      1.353    32.6342    24.4112 -9.990e-29
 211.840868      1.356  39.151990    13.7415     6.6131      1.345    32.6339    24.4122 -9.990e-29
 211.840874      1.355  39.135336    13.7223     6.6167      1.344    32.6348    24.4168 -9.990e-29
 211.840880      1.365  39.094207    13.6923     6.6020      1.354    32.6221    24.4131 -9.990e-29
 211.840885      1.381  39.032561    13.6706     6.5914      1.369    32.5833    24.3875 -9.990e-29
 211.840891      1.393  38.963962    13.6644     6.5903      1.381    32.5248    24.3435 -9.990e-29
 211.840897      1.391  38.914537    13.6550     6.5942      1.379    32.4868    24.3160 -9.990e-29
 211.840903      1.382  38.913577    13.6265     6.6043      1.370    32.5101    24.3398 -9.990e-29
 211.840909      1.367  38.934036    13.5864     6.6233      1.356    32.5633    24.3890 -9.990e-29
 211.840914      1.351  38.948860    13.5516     6.6322      1.340    32.6068    24.4297 -9.990e-29
 211.840920      1.342  38.957639    13.5262     6.6384      1.331    32.6367    24.4579 -9.990e-29
 211.840926      1.341  38.945739    13.4993     6.6539      1.330    32.6486    24.4725 -9.990e-29
 211.840932      1.347  38.911839    13.4699     6.6345      1.336    32.6420    24.4734 -9.990e-29
 211.840938      1.349  38.888575    13.4526     6.6040      1.338    32.6351    24.4715 -9.990e-29
 211.840943      1.345  38.892518    13.4526     6.5836      1.334    32.6388    24.4743 -9.990e-29
 211.840949      1.333  38.902027    13.4639     6.5829      1.322    32.6380    24.4715 -9.990e-29
 211.840955      1.318  38.911287    13.4803     6.5995      1.307    32.6326    24.4640 -9.990e-29
 211.840961      1.307  38.932077    13.4995     6.6211      1.296    32.6357    24.4625 -9.990e-29
 211.840966      1.303  38.957389    13.5176     6.6300      1.292    32.6438    24.4652 -9.990e-29
 211.840972      1.307  38.967204    13.5200     6.6237      1.296    32.6509    24.4702 -9.990e-29
 211.840978      1.314  38.946600    13.4966     6.6250      1.303    32.6517    24.4755 -9.990e-29
 211.840984      1.320  38.895544    13.4573     6.6199      1.309    32.6376    24.4725 -9.990e-29
 211.840990      1.326  38.841719    13.4280     6.6247      1.315    32.6123    24.4588 -9.990e-29
 211.840995      1.328  38.819754    13.4273     6.6384      1.317    32.5924    24.4435 -9.990e-29
 211.841001      1.322  38.830024    13.4479     6.6258      1.311    32.5844    24.4332 -9.990e-29
 211.841007      1.312  38.847004    13.4653     6.6277      1.301    32.5854    24.4305 -9.990e-29
 211.841013      1.309  38.849086    13.4576     6.6287      1.298    32.5939    24.4387 -9.990e-29
 211.841019      1.323  38.835123    13.4268     6.6270      1.312    32.6072    24.4551 -9.990e-29
 211.841024      1.345  38.823457    13.3977     6.6364      1.334    32.6212    24.4717 -9.990e-29
 211.841030      1.364  38.827646    13.3899     6.6388      1.353    32.6318    24.4815 -9.990e-29
 211.841036      1.373  38.842057    13.4010     6.6375      1.362    32.6357    24.4823 -9.990e-29
 211.841042      1.368  38.854526    13.4161     6.6433      1.357    32.6345    24.4783 -9.990e-29
 211.841047      1.358  38.863188    13.4265     6.6361      1.347    32.6337    24.4756 -9.990e-29
 211.841053      1.353  38.872305    13.4329     6.6335      1.342    32.6367    24.4767 -9.990e-29
 211.841059      1.356  38.881709    13.4384     6.6409      1.345    32.6408    24.4788 -9.990e-29
 211.841065      1.355  38.888251    13.4442     6.6318      1.344    32.6420    24.4785 -9.990e-29
 211.841071      1.353  38.892805    13.4507     6.6257      1.342    32.6407    24.4762 -9.990e-29
 211.841076      1.357  38.897514    13.4580     6.6225      1.346    32.6388    24.4733 -9.990e-29
 211.841082      1.367  38.900250    13.4638     6.6133      1.356    32.6364    24.4703 -9.990e-29
 211.841088      1.375  38.900732    13.4655     6.6248      1.364    32.6354    24.4691 -9.990e-29
 211.841094      1.379  38.900155    13.4631     6.6311      1.367    32.6369    24.4708 -9.990e-29
 211.841100      1.382  38.894942    13.4571     6.6400      1.370    32.6372    24.4722 -9.990e-29
 211.841105      1.388  38.882616    13.4466     6.6448      1.376    32.6346    24.4723 -9.990e-29
 211.841111      1.394  38.866894    13.4311     6.6351      1.382    32.6332    24.4743 -9.990e-29
 211.841117      1.396  38.852565    13.4153     6.6388      1.384    32.6333    24.4776 -9.990e-29
 211.841123      1.395  38.840115    13.4051     6.6332      1.383    32.6304    24.4774 -9.990e-29
 211.841128      1.389  38.830852    13.3965     6.6317      1.377    32.6291    24.4781 -9.990e-29
 211.841134      1.379  38.825295    13.3831     6.6325      1.367    32.6354    24.4856 -9.990e-29
 211.841140      1.368  38.818827    13.3685     6.6241      1.357    32.6418    24.4936 -9.990e-29
 211.841146      1.364  38.811214    13.3572     6.6186      1.353    32.6444    24.4978 -9.990e-29
 211.841152      1.367  38.804615    13.3515     6.6198      1.356    32.6431    24.4979 -9.990e-29
 211.841157      1.369  38.801421    13.3518     6.6271      1.358    32.6398    24.4953 -9.990e-29
 211.841163      1.365  38.801842    13.3532     6.6319      1.354    32.6390    24.4944 -9.990e-29
 211.841169      1.359  38.800829    13.3514     6.6276      1.348    32.6396    24.4953 -9.990e-29
 211.841175      1.360  38.799824    13.3495     6.6349      1.349    32.6403    24.4962 -9.990e-29
 211.841181      1.368  38.800838    13.3514     6.6195      1.357    32.6396    24.4953 -9.990e-29
 211.841186      1.374  38.801856    13.3556     6.6170      1.363    32.6370    24.4924 -9.990e-29
