data/oxygen options/ONMS/Olympic_Coast_National_Marine_Sanctuary_CTD_Data_2005_2023/raw_data/2019/CAST_CA042_190527faed.cnv
* Sea-Bird SBE19 Data File:
* FileName = C:\2019 Mooring Data\Casts\CAST_CA042_190527.hex
* Software Version 1.59
* Temperature SN = 2997
* Conductivity SN = 2997
* System UpLoad Time = May 27 2019 22:53:15
** CAST_CA042_190527
* ds
# nquan = 9                                 
# nvalues = 944                         
# units = specified
# name 0 = timeJ: Julian Days
# name 1 = prSM: Pressure, Strain Gauge [db]
# name 2 = c0mS/cm: Conductivity [mS/cm]
# name 3 = t090C: Temperature [ITS-90, deg C]
# name 4 = sbeox0ML/L: Oxygen, SBE 43 [ml/l]
# name 5 = depSM: Depth [salt water, m], lat = 47.5
# name 6 = sal00: Salinity, Practical [PSU]
# name 7 = sigma-é00: Density [sigma-theta, kg/m^3]
# name 8 = flag: flag
# span 0 = 147.922789, 147.928247       
# span 1 =     -5.528,     41.967       
# span 2 =   0.145363,  36.644218       
# span 3 =     8.1355,    14.0575       
# span 4 =    -1.9188,    13.8224       
# span 5 =     -5.482,     41.613       
# span 6 =     0.0886,    33.5345       
# span 7 =    -0.6931,    26.1027       
# span 8 = 0.0000e+00, 0.0000e+00       
# interval = seconds: 0.5
# start_time = May 27 2019 22:08:49 [Instrument's time stamp, header]
# bad_flag = -9.990e-29
*END*
[from data line 801]
 147.927425     40.468  34.985593     8.1408     2.7802     40.126    33.5303    26.0995 0.0000e+00
 147.927431     40.246  34.985155     8.1419     2.7821     39.906    33.5289    26.0982 0.0000e+00
 147.927436     40.011  34.985590     8.1430     2.7837     39.673    33.5285    26.0977 0.0000e+00
 147.927442     39.759  34.986351     8.1432     2.7799     39.423    33.5292    26.0982 0.0000e+00
 147.927448     39.493  34.986206     8.1430     2.7719     39.160    33.5294    26.0984 0.0000e+00
 147.927454     39.213  34.985513     8.1432     2.7699     38.882    33.5286    26.0977 0.0000e+00
 147.927459     38.918  34.985021     8.1437     2.7698     38.590    33.5277    26.0970 0.0000e+00
 147.927465     38.610  34.984625     8.1445     2.7637     38.284    33.5266    26.0960 0.0000e+00
 147.927471     38.295  34.983792     8.1455     2.7731     37.972    33.5250    26.0945 0.0000e+00
 147.927477     37.980  34.982523     8.1463     2.7671     37.660    33.5230    26.0929 0.0000e+00
 147.927483     37.670  34.981360     8.1469     2.7669     37.352    33.5213    26.0915 0.0000e+00
 147.927488     37.367  34.980423     8.1475     2.7684     37.052    33.5199    26.0902 0.0000e+00
 147.927494     37.064  34.980134     8.1478     2.7662     36.751    33.5194    26.0898 0.0000e+00
 147.927500     36.751  34.980661     8.1478     2.7694     36.441    33.5201    26.0904 0.0000e+00
 147.927506     36.424  34.981018     8.1480     2.7757     36.117    33.5205    26.0906 0.0000e+00
 147.927512     36.094  34.980553     8.1485     2.7755     35.790    33.5197    26.0899 0.0000e+00
 147.927517     35.768  34.979762     8.1500     2.7732     35.466    33.5176    26.0880 0.0000e+00
 147.927523     35.449  34.979263     8.1523     2.7772     35.150    33.5150    26.0856 0.0000e+00
 147.927529     35.127  34.978943     8.1545     2.7899     34.831    33.5127    26.0835 0.0000e+00
 147.927535     34.792  34.978927     8.1572     2.8164     34.499    33.5102    26.0812 0.0000e+00
 147.927541     34.435  34.979186     8.1609     2.8587     34.145    33.5071    26.0782 0.0000e+00
 147.927546     34.054  34.979497     8.1667     2.8987     33.767    33.5021    26.0734 0.0000e+00
 147.927552     33.656  34.980267     8.1785     2.9412     33.372    33.4919    26.0636 0.0000e+00
 147.927558     33.254  34.981957     8.1997     2.9702     32.974    33.4736    26.0461 0.0000e+00
 147.927564     32.864  34.985696     8.2297     2.9810     32.587    33.4492    26.0225 0.0000e+00
 147.927569     32.497  34.992544     8.2637     2.9841     32.223    33.4242    25.9978 0.0000e+00
 147.927575     32.154  35.000433     8.2947     2.9867     31.883    33.4033    25.9767 0.0000e+00
 147.927581     31.836  35.005883     8.3168     3.0046     31.568    33.3882    25.9616 0.0000e+00
 147.927587     31.530  35.008320     8.3297     3.0198     31.264    33.3787    25.9522 0.0000e+00
 147.927593     31.222  35.009311     8.3377     3.0630     30.959    33.3723    25.9460 0.0000e+00
 147.927598     30.904  35.010174     8.3453     3.1189     30.644    33.3661    25.9400 0.0000e+00
 147.927604     30.574  35.012051     8.3560     3.1805     30.317    33.3581    25.9321 0.0000e+00
 147.927610     30.228  35.015760     8.3766     3.2562     29.974    33.3427    25.9169 0.0000e+00
 147.927616     29.861  35.020080     8.4173     3.3287     29.610    33.3089    25.8843 0.0000e+00
 147.927622     29.467  35.024604     8.4771     3.4050     29.219    33.2574    25.8348 0.0000e+00
 147.927627     29.047  35.031442     8.5368     3.4756     28.803    33.2085    25.7875 0.0000e+00
 147.927633     28.616  35.041872     8.5859     3.5481     28.375    33.1735    25.7526 0.0000e+00
 147.927639     28.194  35.058048     8.6345     3.6237     27.957    33.1451    25.7229 0.0000e+00
 147.927645     27.788  35.079710     8.6906     3.7039     27.554    33.1155    25.6911 0.0000e+00
 147.927650     27.395  35.098788     8.7537     3.7764     27.165    33.0766    25.6509 0.0000e+00
 147.927656     27.011  35.111605     8.8202     3.8510     26.784    33.0282    25.6027 0.0000e+00
 147.927662     26.645  35.124054     8.8828     3.9187     26.421    32.9831    25.5577 0.0000e+00
 147.927668     26.309  35.139860     8.9378     3.9971     26.088    32.9486    25.5222 0.0000e+00
 147.927674     25.994  35.152668     8.9858     4.0659     25.775    32.9176    25.4904 0.0000e+00
 147.927679     25.680  35.153435     9.0220     4.1443     25.464    32.8851    25.4593 0.0000e+00
 147.927685     25.352  35.145428     9.0439     4.1996     25.139    32.8567    25.4336 0.0000e+00
 147.927691     25.004  35.138878     9.0616     4.2671     24.794    32.8337    25.4129 0.0000e+00
 147.927697     24.647  35.137930     9.0832     4.3235     24.440    32.8129    25.3933 0.0000e+00
 147.927703     24.286  35.140951     9.1071     4.3970     24.082    32.7942    25.3748 0.0000e+00
 147.927708     23.924  35.145255     9.1364     4.4872     23.723    32.7719    25.3528 0.0000e+00
 147.927714     23.569  35.149307     9.1803     4.5832     23.371    32.7359    25.3177 0.0000e+00
 147.927720     23.224  35.154596     9.2368     4.6916     23.029    32.6897    25.2726 0.0000e+00
 147.927726     22.884  35.164259     9.2938     4.7924     22.692    32.6477    25.2307 0.0000e+00
 147.927731     22.548  35.182791     9.3504     4.8749     22.359    32.6153    25.1964 0.0000e+00
 147.927737     22.216  35.213078     9.4141     4.9469     22.029    32.5885    25.1653 0.0000e+00
 147.927743     21.876  35.242882     9.4920     5.0170     21.692    32.5484    25.1215 0.0000e+00
 147.927749     21.512  35.268282     9.5881     5.0839     21.331    32.4875    25.0584 0.0000e+00
 147.927755     21.120  35.299078     9.6912     5.1207     20.943    32.4260    24.9937 0.0000e+00
 147.927760     20.716  35.329875     9.7848     5.1433     20.542    32.3733    24.9373 0.0000e+00
 147.927766     20.315  35.363122     9.8620     5.1499     20.144    32.3379    24.8970 0.0000e+00
 147.927772     19.926  35.402296     9.9206     5.1487     19.759    32.3254    24.8776 0.0000e+00
 147.927778     19.547  35.430780     9.9610     5.1486     19.383    32.3182    24.8653 0.0000e+00
 147.927784     19.170  35.444573     9.9905     5.1507     19.009    32.3060    24.8509 0.0000e+00
 147.927789     18.793  35.455358    10.0167     5.1492     18.635    32.2936    24.8369 0.0000e+00
 147.927795     18.421  35.469122    10.0406     5.1549     18.266    32.2864    24.8273 0.0000e+00
 147.927801     18.062  35.485748    10.0601     5.1652     17.910    32.2859    24.8237 0.0000e+00
 147.927807     17.708  35.498294    10.0731     5.1769     17.559    32.2872    24.8225 0.0000e+00
 147.927812     17.348  35.502218    10.0817     5.1936     17.202    32.2836    24.8183 0.0000e+00
 147.927818     16.970  35.503315    10.0924     5.2124     16.828    32.2753    24.8101 0.0000e+00
 147.927824     16.571  35.507529    10.1071     5.2567     16.432    32.2667    24.8008 0.0000e+00
 147.927830     16.161  35.517122    10.1246     5.3125     16.025    32.2609    24.7934 0.0000e+00
 147.927836     15.757  35.532571    10.1450     5.3864     15.625    32.2585    24.7881 0.0000e+00
 147.927841     15.367  35.552084    10.1671     5.4976     15.238    32.2587    24.7846 0.0000e+00
 147.927847     14.987  35.570887    10.1921     5.6405     14.861    32.2555    24.7779 0.0000e+00
 147.927853     14.611  35.586620    10.2282     5.8017     14.489    32.2394    24.7593 0.0000e+00
 147.927859     14.236  35.605707    10.2873     5.9591     14.117    32.2063    24.7236 0.0000e+00
 147.927865     13.863  35.636807    10.3755     6.1196     13.747    32.1595    24.6722 0.0000e+00
 147.927870     13.496  35.688915    10.4841     6.2855     13.383    32.1160    24.6199 0.0000e+00
 147.927876     13.136  35.754809    10.6046     6.4304     13.026    32.0758    24.5680 0.0000e+00
 147.927882     12.782  35.805902    10.7403     6.5961     12.675    32.0077    24.4917 0.0000e+00
 147.927888     12.425  35.835866    10.8848     6.7511     12.321    31.9114    24.3917 0.0000e+00
 147.927894     12.053  35.860595    11.0268     6.9006     11.952    31.8127    24.2901 0.0000e+00
 147.927899     11.670  35.890126    11.1606     7.0505     11.572    31.7263    24.1995 0.0000e+00
 147.927905     11.285  35.927464    11.2820     7.1874     11.191    31.6587    24.1254 0.0000e+00
 147.927911     10.904  35.972582    11.4001     7.3099     10.813    31.6018    24.0602 0.0000e+00
 147.927917     10.528  36.026868    11.5273     7.4327     10.440    31.5463    23.9943 0.0000e+00
 147.927922     10.160  36.092169    11.6792     7.5254     10.075    31.4807    23.9160 0.0000e+00
 147.927928      9.796  36.164297    11.8529     7.5839      9.714    31.4037    23.8247 0.0000e+00
 147.927934      9.432  36.221850    12.0109     7.5726      9.353    31.3263    23.7356 0.0000e+00
 147.927940      9.060  36.257595    12.1466     7.4825      8.984    31.2471    23.6492 0.0000e+00
 147.927946      8.679  36.304667    12.2813     7.3807      8.606    31.1799    23.5721 0.0000e+00
 147.927951      8.295  36.368177    12.4084     7.2839      8.226    31.1350    23.5135 0.0000e+00
 147.927957      7.918  36.421951    12.5091     7.2169      7.852    31.1029    23.4697 0.0000e+00
 147.927963      7.552  36.467154    12.5818     7.1903      7.489    31.0858    23.4427 0.0000e+00
 147.927969      7.202  36.500799    12.6428     7.1039      7.142    31.0675    23.4170 0.0000e+00
 147.927975      6.869  36.512325    12.7081     7.0053      6.812    31.0248    23.3715 0.0000e+00
 147.927980      6.551  36.513194    12.7835     6.9098      6.496    30.9638    23.3099 0.0000e+00
 147.927986      6.236  36.515772    12.8728     6.8291      6.184    30.8933    23.2382 0.0000e+00
 147.927992      5.920  36.521827    12.9738     6.7930      5.871    30.8168    23.1596 0.0000e+00
 147.927998      5.614  36.531046    13.0746     6.7731      5.567    30.7437    23.0837 0.0000e+00
 147.928003      5.328  36.543975    13.1645     6.7611      5.283    30.6832    23.0195 0.0000e+00
 147.928009      5.066  36.554355    13.2319     6.7731      5.024    30.6386    22.9719 0.0000e+00
 147.928015      4.822  36.554202    13.2793     6.7955      4.782    30.6005    22.9331 0.0000e+00
 147.928021      4.596  36.550049    13.3269     6.7735      4.558    30.5585    22.8914 0.0000e+00
 147.928027      4.390  36.549811    13.3744     6.7435      4.353    30.5203    22.8526 0.0000e+00
 147.928032      4.199  36.552056    13.4097     6.7173      4.164    30.4942    22.8255 0.0000e+00
 147.928038      4.014  36.555308    13.4322     6.7020      3.980    30.4793    22.8096 0.0000e+00
 147.928044      3.838  36.557192    13.4486     6.7101      3.806    30.4680    22.7976 0.0000e+00
 147.928050      3.673  36.555746    13.4693     6.6907      3.642    30.4502    22.7798 0.0000e+00
 147.928056      3.515  36.556885    13.4977     6.6643      3.486    30.4287    22.7576 0.0000e+00
 147.928061      3.363  36.564930    13.5236     6.6419      3.335    30.4156    22.7424 0.0000e+00
 147.928067      3.218  36.571011    13.5451     6.6291      3.191    30.4042    22.7293 0.0000e+00
 147.928073      3.077  36.570362    13.5750     6.6405      3.051    30.3798    22.7046 0.0000e+00
 147.928079      2.936  36.569403    13.6120     6.6385      2.911    30.3497    22.6740 0.0000e+00
 147.928084      2.791  36.571898    13.6489     6.6222      2.768    30.3228    22.6459 0.0000e+00
 147.928090      2.645  36.577819    13.6822     6.6060      2.623    30.3019    22.6232 0.0000e+00
 147.928096      2.506  36.582748    13.7042     6.5949      2.485    30.2891    22.6090 0.0000e+00
 147.928102      2.378  36.582625    13.7157     6.6060      2.358    30.2800    22.5996 -9.990e-29
 147.928108      2.258  36.580092    13.7243     7.6012      2.239    30.2709    22.5909 -9.990e-29
 147.928113      2.136  36.580734    13.7339     7.7762      2.118    30.2640    22.5836 -9.990e-29
 147.928119      2.011  36.585411    13.7439     7.2890      1.994    30.2604    22.5789 -9.990e-29
 147.928125      1.887  36.586918    13.7514     6.6667      1.871    30.2559    22.5739 -9.990e-29
 147.928131      1.769  36.578308    13.7565     7.5126      1.754    30.2440    22.5637 -9.990e-29
 147.928137      1.653  36.552584    13.7617     7.5447      1.639    30.2164    22.5413 -9.990e-29
 147.928142      1.537  36.483849    13.7681     7.4131      1.524    30.1483    22.4875 -9.990e-29
 147.928148      1.421  36.278777    13.7723     7.1561      1.409    29.9569    22.3390 -9.990e-29
 147.928154      1.308  35.646019    13.7688     7.0457      1.297    29.3801    21.8946 -9.990e-29
 147.928160      1.197  33.731260    13.7536     6.9852      1.187    27.6468    20.5609 -9.990e-29
 147.928166      1.092  27.989332    13.7179     7.0565      1.083    22.5222    16.6205 -9.990e-29
 147.928171      0.993  19.444745    13.6589     7.1007      0.985    15.1383    10.9528 -9.990e-29
 147.928177      0.903  15.569690    13.5878     7.0781      0.895    11.9094     8.4829 -9.990e-29
 147.928183      0.826  18.627380    13.5143     7.1444      0.819    14.5007    10.4868 -9.990e-29
 147.928189      0.759  20.344028    13.4425     7.1825      0.753    15.9934    11.6465 -9.990e-29
 147.928194      0.699  15.708361    13.3762 -9.990e-29      0.693    12.0910     8.6563 -9.990e-29
 147.928200      0.643   9.930709    13.3160 -9.990e-29      0.638     7.3754     5.0373 -9.990e-29
 147.928206      0.590   6.832963    13.2602 -9.990e-29      0.585     4.9428     3.1710 -9.990e-29
 147.928212      0.546   5.395077    13.2091 -9.990e-29      0.541     3.8441     2.3304 -9.990e-29
 147.928218      0.513   4.591010    13.1632 -9.990e-29      0.509     3.2402     1.8702 -9.990e-29
 147.928223      0.489   3.931140    13.1226 -9.990e-29      0.485     2.7499     1.4967 -9.990e-29
 147.928229      0.471   3.320004    13.0883 -9.990e-29      0.467     2.3003     1.1535 -9.990e-29
 147.928235      0.459   3.000385    13.0624 -9.990e-29      0.455     2.0677     0.9769 -9.990e-29
 147.928241      0.452   2.960072    13.0520 -9.990e-29      0.448     2.0389     0.9559 -9.990e-29
 147.928247      0.450   2.798017 -9.990e-29 -9.990e-29      0.446 -9.990e-29 -9.990e-29 -9.990e-29
