data/oxygen options/ONMS/Olympic_Coast_National_Marine_Sanctuary_CTD_Data_2005_2023/raw_data/2019/CAST_CE042_190801faed.cnv
* Sea-Bird SBE 19 Data File:
* FileName = C:\2019 Mooring Data\Casts\CAST_CE042_190801.hex
* Software Version SeatermAF 2.1.2
* Temperature SN = 2997
* Conductivity SN = 2997
* System UpLoad Time = Aug 01 2019 17:46:37 (localtime) = Aug 01 2019 17:46:37 (UTC)
** CAST_CE042_190801
* ds
# nquan = 9                                 
# nvalues = 1368                        
# units = specified
# name 0 = timeJ: Julian Days
# name 1 = prSM: Pressure, Strain Gauge [db]
# name 2 = c0mS/cm: Conductivity [mS/cm]
# name 3 = t090C: Temperature [ITS-90, deg C]
# name 4 = sbeox0ML/L: Oxygen, SBE 43 [ml/l]
# name 5 = depSM: Depth [salt water, m], lat = 47.5
# name 6 = sal00: Salinity, Practical [PSU]
# name 7 = sigma-é00: Density [sigma-theta, kg/m^3]
# name 8 = flag: flag
# span 0 = 213.688252, 213.696163       
# span 1 =     -5.194,     41.217       
# span 2 =   0.039334,  41.244779       
# span 3 =     7.8894,    17.6518       
# span 4 =    -1.7995,    13.8171       
# span 5 =     -5.151,     40.869       
# span 6 =     0.0262,    33.7887       
# span 7 =    -1.3158,    26.3388       
# span 8 = 0.0000e+00, 0.0000e+00       
# interval = seconds: 0.5
# start_time = Aug 01 2019 16:31:05 [Instrument's time stamp, header]
# bad_flag = -9.990e-29
*END*
[from data line 1281]
 213.695666     15.539  36.156883    10.0315     5.6357     15.409    32.9926    25.3798 0.0000e+00
 213.695671     15.336  36.198080    10.0646     5.7479     15.207    33.0043    25.3833 0.0000e+00
 213.695677     15.123  36.208174    10.0935     5.8789     14.996    32.9882    25.3660 0.0000e+00
 213.695683     14.894  36.218111    10.1253     5.9815     14.769    32.9694    25.3459 0.0000e+00
 213.695689     14.649  36.246864    10.1680     6.0587     14.526    32.9597    25.3312 0.0000e+00
 213.695694     14.395  36.308832    10.2475     6.1137     14.274    32.9502    25.3103 0.0000e+00
 213.695700     14.132  36.402802    10.3823     6.1500     14.014    32.9227    25.2659 0.0000e+00
 213.695706     13.866  36.512576    10.5555     6.2526     13.750    32.8764    25.2001 0.0000e+00
 213.695712     13.601  36.658146    10.7603     6.3614     13.487    32.8376    25.1344 0.0000e+00
 213.695718     13.341  36.883170    10.9853     6.4884     13.229    32.8595    25.1119 0.0000e+00
 213.695723     13.091  37.127314    11.1829     6.6444     12.981    32.9243    25.1271 0.0000e+00
 213.695729     12.845  37.281838    11.3495     6.7688     12.737    32.9277    25.0999 0.0000e+00
 213.695735     12.594  37.364281    11.5280     6.9152     12.489    32.8499    25.0070 0.0000e+00
 213.695741     12.340  37.461215    11.7358     7.0537     12.237    32.7607    24.8996 0.0000e+00
 213.695747     12.084  37.642132    11.9865     7.1346     11.983    32.7157    24.8182 0.0000e+00
 213.695752     11.832  37.923340    12.2607     7.2038     11.733    32.7468    24.7908 0.0000e+00
 213.695758     11.584  38.229788    12.4942     7.2825     11.487    32.8367    24.8160 0.0000e+00
 213.695764     11.333  38.499361    12.7130     7.3647     11.238    32.9030    24.8251 0.0000e+00
 213.695770     11.075  38.743389    12.9720     7.4456     10.982    32.9091    24.7793 0.0000e+00
 213.695775     10.813  38.913906    13.2353     7.4757     10.722    32.8419    24.6751 0.0000e+00
 213.695781     10.546  38.993160    13.4480     7.4853     10.458    32.7332    24.5485 0.0000e+00
 213.695787     10.274  39.122849    13.6204     7.4666     10.188    32.7067    24.4932 0.0000e+00
 213.695793      9.997  39.364638    13.8278     7.4409      9.913    32.7543    24.4878 0.0000e+00
 213.695799      9.715  39.611549    14.0924     7.4360      9.634    32.7572    24.4356 0.0000e+00
 213.695804      9.436  39.781327    14.3312     7.4421      9.357    32.7109    24.3501 0.0000e+00
 213.695810      9.171  39.925219    14.4849     7.4570      9.094    32.7128    24.3192 0.0000e+00
 213.695816      8.917  40.100860    14.5864     7.4609      8.842    32.7875    24.3554 0.0000e+00
 213.695822      8.662  40.259783    14.7026     7.4767      8.590    32.8342    24.3667 0.0000e+00
 213.695828      8.403  40.358644    14.8562     7.4824      8.333    32.7945    24.3033 0.0000e+00
 213.695833      8.139  40.402824    15.0052     7.4794      8.071    32.7095    24.2058 0.0000e+00
 213.695839      7.872  40.423382    15.1236     7.4566      7.806    32.6292    24.1184 0.0000e+00
 213.695845      7.602  40.473106    15.2221     7.4655      7.538    32.5920    24.0683 0.0000e+00
 213.695851      7.333  40.557971    15.3037     7.4804      7.272    32.6005    24.0570 0.0000e+00
 213.695856      7.068  40.622698    15.3604     7.4738      7.009    32.6115    24.0531 0.0000e+00
 213.695862      6.810  40.656286    15.3910     7.4592      6.753    32.6162    24.0501 0.0000e+00
 213.695868      6.557  40.717682    15.4076     7.4364      6.502    32.6575    24.0782 0.0000e+00
 213.695874      6.307  40.796478    15.4320     7.4234      6.254    32.7078    24.1115 0.0000e+00
 213.695880      6.058  40.843845    15.4795     7.4351      6.007    32.7107    24.1033 0.0000e+00
 213.695885      5.810  40.873227    15.5328     7.4465      5.761    32.6928    24.0778 0.0000e+00
 213.695891      5.568  40.907143    15.5734     7.4418      5.521    32.6894    24.0662 0.0000e+00
 213.695897      5.344  40.952317    15.6024     7.4327      5.299    32.7057    24.0723 0.0000e+00
 213.695903      5.140  40.992397    15.6188     7.4310      5.097    32.7279    24.0858 0.0000e+00
 213.695909      4.943  41.002555    15.6239     7.4301      4.902    32.7328    24.0884 0.0000e+00
 213.695914      4.740  40.994238    15.6251     7.4442      4.700    32.7245    24.0817 0.0000e+00
 213.695920      4.541  40.995317    15.6292     7.4536      4.503    32.7221    24.0790 0.0000e+00
 213.695926      4.358  41.007307    15.6376     7.4414      4.322    32.7259    24.0800 0.0000e+00
 213.695932      4.188  41.015623    15.6436     7.4349      4.153    32.7284    24.0806 0.0000e+00
 213.695938      4.020  41.015143    15.6441     7.4400      3.986    32.7276    24.0799 0.0000e+00
 213.695943      3.848  41.009907    15.6418     7.4486      3.816    32.7249    24.0783 0.0000e+00
 213.695949      3.674  41.004138    15.6391     7.4544      3.643    32.7221    24.0767 0.0000e+00
 213.695955      3.504  41.003588    15.6388     7.4620      3.475    32.7219    24.0767 0.0000e+00
 213.695961      3.343  41.010324    15.6419     7.4642      3.315    32.7254    24.0787 0.0000e+00
 213.695966      3.200  41.017644    15.6455     7.4501      3.173    32.7290    24.0806 -9.990e-29
 213.695972      3.078  41.020186    15.6470     7.4412      3.052    32.7300    24.0811 -9.990e-29
 213.695978      2.978  41.019100    15.6494     7.4231      2.953    32.7271    24.0783 -9.990e-29
 213.695984      2.897  41.019102    15.6550     7.4194      2.873    32.7225    24.0735 -9.990e-29
 213.695990      2.826  41.022436    15.6591     7.4365      2.802    32.7221    24.0723 -9.990e-29
 213.695995      2.757  41.026263    15.6590     7.4597      2.734    32.7256    24.0750 -9.990e-29
 213.696001      2.689  41.028967    15.6591     7.4678      2.667    32.7280    24.0768 -9.990e-29
 213.696007      2.626  41.031914    15.6627     7.4596      2.604    32.7276    24.0757 -9.990e-29
 213.696013      2.569  41.037353    15.6684     7.4546      2.548    32.7278    24.0746 -9.990e-29
 213.696019      2.514  41.043012    15.6724     7.4498      2.493    32.7295    24.0750 -9.990e-29
 213.696024      2.457  41.044676    15.6728     7.4556      2.436    32.7307    24.0758 -9.990e-29
 213.696030      2.396  41.044004    15.6718     7.4588      2.376    32.7309    24.0762 -9.990e-29
 213.696036      2.330  41.042902    15.6725     7.4559      2.311    32.7294    24.0749 -9.990e-29
 213.696042      2.268  41.046623    15.6757     7.4486      2.249    32.7301    24.0747 -9.990e-29
 213.696047      2.215  41.053965    15.6791     7.4562      2.197    32.7338    24.0768 -9.990e-29
 213.696053      2.163  41.056234    15.6815     7.4520      2.145    32.7338    24.0763 -9.990e-29
 213.696059      2.104  41.054776    15.6834     7.4412      2.086    32.7310    24.0737 -9.990e-29
 213.696065      2.040  41.053249    15.6850     7.4382      2.023    32.7283    24.0713 -9.990e-29
 213.696071      1.978  41.056339    15.6872     7.4386      1.961    32.7293    24.0716 -9.990e-29
 213.696076      1.924  41.063687    15.6896     7.4445      1.908    32.7338    24.0745 -9.990e-29
 213.696082      1.869  41.066607    15.6905     7.4437      1.853    32.7357    24.0758 -9.990e-29
 213.696088      1.806  41.065070    15.6915     7.4262      1.791    32.7335    24.0739 -9.990e-29
 213.696094      1.735  41.063750    15.6935     7.3751      1.721    32.7307    24.0713 -9.990e-29
 213.696100      1.660  41.064247    15.6953     7.2651      1.646    32.7297    24.0701 -9.990e-29
 213.696105      1.586  41.066664    15.6965     7.1828      1.573    32.7309    24.0707 -9.990e-29
 213.696111      1.515  41.070306    15.6975 -9.990e-29      1.502    32.7333    24.0724 -9.990e-29
 213.696117      1.448  41.073866    15.7004 -9.990e-29      1.436    32.7341    24.0723 -9.990e-29
 213.696123      1.380  41.077613    15.7053 -9.990e-29      1.368    32.7334    24.0707 -9.990e-29
 213.696128      1.312  41.082620    15.7085 -9.990e-29      1.301    32.7352    24.0714 -9.990e-29
 213.696134      1.247  41.083240    15.7070 -9.990e-29      1.237    32.7371    24.0731 -9.990e-29
 213.696140      1.190  41.075263    15.7033 -9.990e-29      1.180    32.7331    24.0709 -9.990e-29
 213.696146      1.146  41.063178    15.7015 -9.990e-29      1.136    32.7238    24.0641 -9.990e-29
 213.696152      1.117  41.050475    15.7013 -9.990e-29      1.108    32.7127    24.0556 -9.990e-29
 213.696157      1.100  41.037021    15.7013 -9.990e-29      1.091    32.7007    24.0464 -9.990e-29
 213.696163      1.094  41.023921 -9.990e-29 -9.990e-29      1.085 -9.990e-29 -9.990e-29 -9.990e-29
