data/oxygen options/ONMS/Olympic_Coast_National_Marine_Sanctuary_CTD_Data_2005_2023/raw_data/2019/CAST_TH042_190626faed.cnv
* Sea-Bird SBE19 Data File:
* FileName = C:\2019 Mooring Data\Casts\CAST_TH042_190626.hex
* Software Version 1.59
* Temperature SN = 2997
* Conductivity SN = 2997
* System UpLoad Time = Jun 26 2019 17:21:26
** CAST_TH042_190626
* ds
# nquan = 9                                 
# nvalues = 938                         
# units = specified
# name 0 = timeJ: Julian Days
# name 1 = prSM: Pressure, Strain Gauge [db]
# name 2 = c0mS/cm: Conductivity [mS/cm]
# name 3 = t090C: Temperature [ITS-90, deg C]
# name 4 = sbeox0ML/L: Oxygen, SBE 43 [ml/l]
# name 5 = depSM: Depth [salt water, m], lat = 47.5
# name 6 = sal00: Salinity, Practical [PSU]
# name 7 = sigma-é00: Density [sigma-theta, kg/m^3]
# name 8 = flag: flag
# span 0 = 177.668507, 177.673929       
# span 1 =     -4.503,     43.805       
# span 2 =   0.457609,  38.586482       
# span 3 =     7.4190,    14.9330       
# span 4 =    -1.8915,    20.0864       
# span 5 =     -4.465,     43.435       
# span 6 =     0.2768,    33.7462       
# span 7 =    -0.6732,    26.3733       
# span 8 = 0.0000e+00, 0.0000e+00       
# interval = seconds: 0.5
# start_time = Jun 26 2019 16:02:39 [Instrument's time stamp, header]
# bad_flag = -9.990e-29
*END*
[from data line 641]
 177.672216      1.540  38.329918    13.0872    11.5295      1.527    32.4233    24.3803 -9.990e-29
 177.672222      1.551  38.335380    13.0829    11.5237      1.538    32.4321    24.3880 -9.990e-29
 177.672228      1.568  38.330338    13.0784    11.5370      1.555    32.4312    24.3881 -9.990e-29
 177.672234      1.592  38.303482    13.0675    11.5389      1.579    32.4152    24.3779 -9.990e-29
 177.672240      1.620  38.270991    13.0525    11.4981      1.606    32.3974    24.3671 -9.990e-29
 177.672245      1.645  38.267856    13.0406    11.4401      1.631    32.4046    24.3750 -9.990e-29
 177.672251      1.666  38.281388    13.0260    11.4248      1.652    32.4298    24.3974 -9.990e-29
 177.672257      1.682  38.285274    13.0044    11.4530      1.668    32.4520    24.4188 -9.990e-29
 177.672263      1.700  38.277309    12.9856    11.5133      1.686    32.4605    24.4291 -9.990e-29
 177.672269      1.725  38.261891    12.9731    11.5331      1.711    32.4567    24.4286 -9.990e-29
 177.672274      1.758  38.238520    12.9495    11.4034      1.743    32.4548    24.4317 -9.990e-29
 177.672280      1.805  38.197773    12.8943    11.1753      1.790    32.4636    24.4493 -9.990e-29
 177.672286      1.875  38.130027    12.8218    10.8089      1.859    32.4617    24.4620 -9.990e-29
 177.672292      1.971  38.063593    12.7752    10.2764      1.955    32.4387    24.4532 -9.990e-29
 177.672297      2.096  38.039166    12.7547     9.6696      2.078    32.4331    24.4528 0.0000e+00
 177.672303      2.248  38.029655    12.7060     9.0759      2.229    32.4659    24.4877 0.0000e+00
 177.672309      2.434  37.970179    12.5686     8.5949      2.414    32.5278    24.5621 0.0000e+00
 177.672315      2.660  37.792540    12.2975     8.2610      2.638    32.5928    24.6642 0.0000e+00
 177.672321      2.928  37.496137    11.9335     7.9924      2.904    32.6247    24.7572 0.0000e+00
 177.672326      3.234  37.202598    11.5922     7.7392      3.207    32.6390    24.8312 0.0000e+00
 177.672332      3.567  36.990834    11.3337     7.4701      3.537    32.6597    24.8942 0.0000e+00
 177.672338      3.919  36.847132    11.1545     7.2004      3.886    32.6770    24.9397 0.0000e+00
 177.672344      4.286  36.755567    11.0349     6.9383      4.250    32.6928    24.9732 0.0000e+00
 177.672350      4.661  36.699193    10.9403     6.6460      4.622    32.7211    25.0119 0.0000e+00
 177.672355      5.039  36.648077    10.8422     6.3643      4.997    32.7578    25.0578 0.0000e+00
 177.672361      5.422  36.587146    10.7365     6.0496      5.377    32.7917    25.1026 0.0000e+00
 177.672367      5.817  36.522404    10.6239     5.6967      5.768    32.8281    25.1505 0.0000e+00
 177.672373      6.223  36.448612    10.5053     5.3102      6.171    32.8609    25.1965 0.0000e+00
 177.672378      6.633  36.364139    10.3884     4.9303      6.578    32.8815    25.2326 0.0000e+00
 177.672384      7.042  36.283910    10.2643     4.6246      6.983    32.9130    25.2783 0.0000e+00
 177.672390      7.450  36.212266    10.1037     4.3645      7.388    32.9865    25.3627 0.0000e+00
 177.672396      7.862  36.117960     9.8966     4.1743      7.796    33.0799    25.4702 0.0000e+00
 177.672402      8.279  35.980406     9.6800     4.0052      8.210    33.1385    25.5517 0.0000e+00
 177.672407      8.689  35.833895     9.4874     3.8458      8.616    33.1658    25.6045 0.0000e+00
 177.672413      9.083  35.704114     9.3069     3.6625      9.007    33.1993    25.6597 0.0000e+00
 177.672419      9.469  35.591461     9.1307     3.4323      9.390    33.2465    25.7247 0.0000e+00
 177.672425      9.859  35.498463     8.9819     3.1530      9.776    33.2887    25.7813 0.0000e+00
 177.672431     10.252  35.424176     8.8662     2.8861     10.166    33.3196    25.8235 0.0000e+00
 177.672436     10.648  35.359006     8.7520     2.6877     10.559    33.3586    25.8718 0.0000e+00
 177.672442     11.054  35.275285     8.6027     2.5674     10.961    33.4114    25.9362 0.0000e+00
 177.672448     11.470  35.150857     8.4106     2.5197     11.374    33.4621    26.0051 0.0000e+00
 177.672454     11.889  34.999427     8.2053     2.5044     11.789    33.4969    26.0632 0.0000e+00
 177.672459     12.303  34.859149     8.0355     2.5082     12.200    33.5096    26.0983 0.0000e+00
 177.672465     12.700  34.766793     7.9306     2.5074     12.594    33.5112    26.1150 0.0000e+00
 177.672471     13.071  34.726730     7.8788     2.5298     12.961    33.5178    26.1277 0.0000e+00
 177.672477     13.427  34.708930     7.8519     2.5634     13.315    33.5244    26.1368 0.0000e+00
 177.672483     13.781  34.692908     7.8337     2.5839     13.666    33.5245    26.1396 0.0000e+00
 177.672488     14.134  34.680717     7.8201     2.5893     14.016    33.5243    26.1414 0.0000e+00
 177.672494     14.489  34.673918     7.8110     2.5860     14.368    33.5256    26.1437 0.0000e+00
 177.672500     14.850  34.669508     7.8050     2.5794     14.726    33.5265    26.1453 0.0000e+00
 177.672506     15.218  34.665988     7.8003     2.5776     15.090    33.5270    26.1464 0.0000e+00
 177.672512     15.592  34.663046     7.7965     2.5841     15.461    33.5273    26.1472 0.0000e+00
 177.672517     15.969  34.660581     7.7925     2.5812     15.835    33.5284    26.1486 0.0000e+00
 177.672523     16.344  34.658011     7.7862     2.5727     16.207    33.5315    26.1520 0.0000e+00
 177.672529     16.710  34.655170     7.7778     2.5635     16.570    33.5363    26.1570 0.0000e+00
 177.672535     17.065  34.652654     7.7700     2.5491     16.922    33.5410    26.1618 0.0000e+00
 177.672541     17.406  34.650930     7.7654     2.5427     17.260    33.5434    26.1643 0.0000e+00
 177.672546     17.733  34.650400     7.7638     2.5285     17.584    33.5442    26.1652 0.0000e+00
 177.672552     18.054  34.650260     7.7605     2.5165     17.903    33.5471    26.1680 0.0000e+00
 177.672558     18.381  34.647430     7.7507     2.4960     18.227    33.5533    26.1743 0.0000e+00
 177.672564     18.722  34.641402     7.7367     2.4790     18.565    33.5602    26.1817 0.0000e+00
 177.672569     19.081  34.635238     7.7225     2.4665     18.921    33.5670    26.1891 0.0000e+00
 177.672575     19.456  34.629581     7.7108     2.4523     19.293    33.5721    26.1948 0.0000e+00
 177.672581     19.831  34.624070     7.7023     2.4565     19.665    33.5741    26.1976 0.0000e+00
 177.672587     20.197  34.619655     7.6938     2.4524     20.027    33.5774    26.2014 0.0000e+00
 177.672593     20.555  34.616509     7.6833     2.4542     20.382    33.5840    26.2081 0.0000e+00
 177.672598     20.911  34.613699     7.6720     2.4457     20.735    33.5917    26.2158 0.0000e+00
 177.672604     21.270  34.610742     7.6629     2.4293     21.091    33.5971    26.2214 0.0000e+00
 177.672610     21.634  34.608639     7.6587     2.4153     21.452    33.5987    26.2232 0.0000e+00
 177.672616     21.996  34.608407     7.6581     2.4075     21.811    33.5989    26.2235 0.0000e+00
 177.672622     22.349  34.610198     7.6566     2.4055     22.161    33.6021    26.2262 0.0000e+00
 177.672627     22.697  34.610144     7.6507     2.4033     22.506    33.6076    26.2314 0.0000e+00
 177.672633     23.056  34.604720     7.6410     2.3910     22.862    33.6109    26.2354 0.0000e+00
 177.672639     23.430  34.597797     7.6314     2.3812     23.233    33.6126    26.2380 0.0000e+00
 177.672645     23.814  34.592927     7.6249     2.3731     23.614    33.6134    26.2396 0.0000e+00
 177.672650     24.197  34.590235     7.6217     2.3670     23.994    33.6134    26.2401 0.0000e+00
 177.672656     24.574  34.589395     7.6196     2.3791     24.367    33.6144    26.2412 0.0000e+00
 177.672662     24.947  34.590308     7.6161     2.3748     24.737    33.6186    26.2450 0.0000e+00
 177.672668     25.323  34.590736     7.6105     2.3669     25.110    33.6243    26.2502 0.0000e+00
 177.672674     25.709  34.587795     7.6044     2.3550     25.493    33.6268    26.2531 0.0000e+00
 177.672679     26.107  34.584189     7.6000     2.3393     25.887    33.6270    26.2539 0.0000e+00
 177.672685     26.514  34.582292     7.5970     2.3474     26.291    33.6276    26.2548 0.0000e+00
 177.672691     26.925  34.581156     7.5938     2.3434     26.699    33.6293    26.2566 0.0000e+00
 177.672697     27.336  34.580290     7.5899     2.3513     27.106    33.6319    26.2593 0.0000e+00
 177.672703     27.740  34.579393     7.5850     2.3433     27.507    33.6355    26.2628 0.0000e+00
 177.672708     28.135  34.578339     7.5798     2.3355     27.898    33.6392    26.2664 0.0000e+00
 177.672714     28.531  34.577196     7.5758     2.3334     28.291    33.6417    26.2689 0.0000e+00
 177.672720     28.930  34.576110     7.5722     2.3274     28.687    33.6438    26.2711 0.0000e+00
 177.672726     29.329  34.575135     7.5681     2.3355     29.082    33.6465    26.2739 0.0000e+00
 177.672731     29.722  34.574105     7.5633     2.3335     29.472    33.6499    26.2772 0.0000e+00
 177.672737     30.109  34.572781     7.5579     2.3295     29.856    33.6535    26.2808 0.0000e+00
 177.672743     30.489  34.571093     7.5525     2.3233     30.232    33.6567    26.2841 0.0000e+00
 177.672749     30.861  34.569602     7.5481     2.3233     30.601    33.6592    26.2867 0.0000e+00
 177.672755     31.226  34.568574     7.5449     2.3212     30.963    33.6610    26.2886 0.0000e+00
 177.672760     31.594  34.567774     7.5430     2.3254     31.328    33.6618    26.2895 0.0000e+00
 177.672766     31.973  34.567269     7.5419     2.3215     31.704    33.6621    26.2899 0.0000e+00
 177.672772     32.357  34.566962     7.5406     2.3137     32.084    33.6629    26.2907 0.0000e+00
 177.672778     32.739  34.566459     7.5387     2.2997     32.463    33.6640    26.2918 0.0000e+00
 177.672784     33.118  34.565663     7.5371     2.2984     32.839    33.6645    26.2925 0.0000e+00
 177.672789     33.493  34.565206     7.5365     2.3131     33.211    33.6644    26.2925 0.0000e+00
 177.672795     33.861  34.565613     7.5367     2.3156     33.576    33.6645    26.2925 0.0000e+00
 177.672801     34.222  34.566884     7.5370     2.3144     33.934    33.6654    26.2932 0.0000e+00
 177.672807     34.579  34.567928     7.5366     2.2957     34.288    33.6667    26.2943 0.0000e+00
 177.672812     34.948  34.567352     7.5349     2.2823     34.653    33.6676    26.2952 0.0000e+00
 177.672818     35.331  34.566084     7.5322     2.2705     35.033    33.6687    26.2964 0.0000e+00
 177.672824     35.717  34.565248     7.5289     2.2584     35.416    33.6708    26.2986 0.0000e+00
 177.672830     36.105  34.564305     7.5238     2.2564     35.801    33.6745    26.3022 0.0000e+00
 177.672836     36.499  34.562571     7.5148     2.2379     36.191    33.6812    26.3088 0.0000e+00
 177.672841     36.898  34.559430     7.5015     2.2195     36.587    33.6905    26.3180 0.0000e+00
 177.672847     37.302  34.555186     7.4853     2.2074     36.987    33.7014    26.3289 0.0000e+00
 177.672853     37.711  34.550914     7.4668     2.1973     37.393    33.7146    26.3419 0.0000e+00
 177.672859     38.125  34.546527     7.4481     2.1950     37.803    33.7278    26.3549 0.0000e+00
 177.672865     38.540  34.542348     7.4339     2.2068     38.215    33.7369    26.3641 0.0000e+00
 177.672870     38.953  34.539535     7.4259     2.2107     38.624    33.7414    26.3688 0.0000e+00
 177.672876     39.360  34.538267     7.4221     2.2123     39.028    33.7436    26.3710 0.0000e+00
 177.672882     39.752  34.537985     7.4208     2.2021     39.416    33.7443    26.3718 0.0000e+00
 177.672888     40.126  34.537767     7.4208     2.1921     39.787    33.7439    26.3715 0.0000e+00
 177.672894     40.482  34.537338     7.4210     2.1962     40.140    33.7431    26.3708 0.0000e+00
 177.672899     40.831  34.537260     7.4206     2.2122     40.486    33.7432    26.3710 0.0000e+00
 177.672905     41.182  34.537446     7.4198     2.2239     40.834    33.7440    26.3717 0.0000e+00
 177.672911     41.536  34.537598     7.4196     2.2117     41.185    33.7442    26.3719 0.0000e+00
 177.672917     41.885  34.537935     7.4198     2.1976     41.531    33.7442    26.3719 0.0000e+00
 177.672922     42.222  34.538363     7.4201     2.1837     41.865    33.7442    26.3718 0.0000e+00
 177.672928     42.539  34.538906     7.4207     2.1854     42.180    33.7441    26.3717 0.0000e+00
 177.672934     42.825  34.539744     7.4212     2.2033     42.463    33.7444    26.3718 0.0000e+00
 177.672940     43.081  34.540327     7.4216     2.2111     42.717    33.7445    26.3718 0.0000e+00
 177.672946     43.311  34.540331     7.4219     2.2069     42.945    33.7441    26.3715 0.0000e+00
 177.672951     43.509  34.540336     7.4221     2.2030     43.141    33.7438    26.3712 0.0000e+00
 177.672957     43.660  34.540925     7.4226     2.1828     43.291    33.7439    26.3712 -9.990e-29
 177.672963     43.758  34.541779     7.4231     2.1807     43.388    33.7443    26.3715 -9.990e-29
 177.672969     43.805  34.542371     7.4235     2.1927     43.435    33.7445    26.3716 -9.990e-29
 177.672975     43.802  34.542948     7.4240     2.1985     43.432    33.7447    26.3716 -9.990e-29
 177.672980     43.751  34.543178     7.4245     2.2061     43.381    33.7444    26.3714 -9.990e-29
 177.672986     43.653  34.543383     7.4248     2.1962     43.284    33.7444    26.3713 -9.990e-29
 177.672992     43.513  34.543855     7.4244     2.1822     43.145    33.7454    26.3722 0.0000e+00
 177.672998     43.344  34.543001     7.4237     2.1884     42.978    33.7452    26.3721 0.0000e+00
 177.673003     43.158  34.541379     7.4230     2.1923     42.793    33.7442    26.3714 0.0000e+00
 177.673009     42.950  34.540763     7.4223     2.1981     42.587    33.7444    26.3716 0.0000e+00
 177.673015     42.712  34.540910     7.4215     2.1999     42.351    33.7454    26.3726 0.0000e+00
 177.673021     42.450  34.540914     7.4208     2.1959     42.091    33.7462    26.3733 0.0000e+00
 177.673027     42.187  34.540238     7.4205     2.1796     41.831    33.7459    26.3731 0.0000e+00
 177.673032     41.934  34.539120     7.4201     2.1838     41.580    33.7452    26.3726 0.0000e+00
 177.673038     41.698  34.538328     7.4196     2.1857     41.346    33.7449    26.3725 0.0000e+00
 177.673044     41.485  34.537942     7.4192     2.1895     41.135    33.7450    26.3726 0.0000e+00
 177.673050     41.285  34.537466     7.4190     2.1953     40.936    33.7448    26.3724 0.0000e+00
 177.673056     41.086  34.536843     7.4192     2.1914     40.739    33.7440    26.3718 0.0000e+00
 177.673061     40.885  34.536378     7.4198     2.1832     40.540    33.7430    26.3709 0.0000e+00
 177.673067     40.672  34.536029     7.4203     2.1892     40.329    33.7423    26.3702 0.0000e+00
 177.673073     40.438  34.535908     7.4205     2.1828     40.097    33.7421    26.3700 0.0000e+00
 177.673079     40.185  34.535869     7.4203     2.1902     39.846    33.7423    26.3703 0.0000e+00
 177.673084     39.924  34.535321     7.4199     2.1933     39.587    33.7422    26.3703 0.0000e+00
 177.673090     39.658  34.534670     7.4196     2.1906     39.323    33.7420    26.3701 0.0000e+00
 177.673096     39.388  34.534187     7.4198     2.1916     39.056    33.7414    26.3696 0.0000e+00
 177.673102     39.114  34.533805     7.4200     2.1871     38.784    33.7409    26.3692 0.0000e+00
 177.673108     38.836  34.533593     7.4201     2.1949     38.508    33.7407    26.3690 0.0000e+00
 177.673113     38.553  34.533286     7.4208     2.1967     38.228    33.7398    26.3682 0.0000e+00
 177.673119     38.265  34.533053     7.4233     2.2206     37.942    33.7373    26.3659 0.0000e+00
 177.673125     37.970  34.533161     7.4294     2.2403     37.650    33.7316    26.3605 0.0000e+00
 177.673131     37.670  34.533772     7.4406     2.2481     37.352    33.7215    26.3510 0.0000e+00
