data/oxygen options/ONMS/Olympic_Coast_National_Marine_Sanctuary_CTD_Data_2005_2023/raw_data/2019/CAST_TH015_190829faed.cnv
* Sea-Bird SBE 19 Data File:
* FileName = C:\2019 Mooring Data\Casts\CAST_TH015_190829.hex
* Software Version SeatermAF 2.1.2
* Temperature SN = 2997
* Conductivity SN = 2997
* System UpLoad Time = Aug 29 2019 18:38:30 (localtime) = Aug 29 2019 18:38:30 (UTC)
** CAST_TH015_190829
* ds
# nquan = 9                                 
# nvalues = 1007                        
# units = specified
# name 0 = timeJ: Julian Days
# name 1 = prSM: Pressure, Strain Gauge [db]
# name 2 = c0mS/cm: Conductivity [mS/cm]
# name 3 = t090C: Temperature [ITS-90, deg C]
# name 4 = sbeox0ML/L: Oxygen, SBE 43 [ml/l]
# name 5 = depSM: Depth [salt water, m], lat = 47.5
# name 6 = sal00: Salinity, Practical [PSU]
# name 7 = sigma-é00: Density [sigma-theta, kg/m^3]
# name 8 = flag: flag
# span 0 = 241.741030, 241.746852       
# span 1 =     -4.926,     16.560       
# span 2 =   0.369050,  39.364519       
# span 3 =    10.4240,    16.2811       
# span 4 =    -1.8343,    15.1748       
# span 5 =     -4.885,     16.421       
# span 6 =     0.2162,    33.1650       
# span 7 =    -0.9186,    25.4443       
# span 8 = 0.0000e+00, 0.0000e+00       
# interval = seconds: 0.5
# start_time = Aug 29 2019 17:47:05 [Instrument's time stamp, header]
# bad_flag = -9.990e-29
*END*
[from data line 161]
 241.741962     -1.616   0.379333    16.0185    -1.8272     -1.603     0.2222    -0.8868 -9.990e-29
 241.741968     -1.602   0.379006    16.0197    -1.8272     -1.589     0.2220    -0.8872 -9.990e-29
 241.741973     -1.589   0.378594    16.0193    -1.8275     -1.576     0.2218    -0.8873 -9.990e-29
 241.741979     -1.573   0.378652    16.0186    -1.8277     -1.560     0.2218    -0.8871 -9.990e-29
 241.741985     -1.557   0.379260    16.0203    -1.8276     -1.544     0.2222    -0.8871 -9.990e-29
 241.741991     -1.545   0.379566    16.0244    -1.8275     -1.532     0.2223    -0.8877 -9.990e-29
 241.741997     -1.535   0.378869    16.0294    -1.8275     -1.522     0.2219    -0.8888 -9.990e-29
 241.742002     -1.527   0.377902    16.0340    -1.8275     -1.514     0.2213    -0.8901 -9.990e-29
 241.742008     -1.520   0.378146    16.0374    -1.8273     -1.507     0.2214    -0.8905 -9.990e-29
 241.742014     -1.514   0.379371    16.0390    -1.8272     -1.501     0.2221    -0.8902 -9.990e-29
 241.742020     -1.508   0.379888    16.0381    -1.8273     -1.495     0.2224    -0.8898 -9.990e-29
 241.742025     -1.503   0.379276    16.0352    -1.8275     -1.490     0.2221    -0.8896 -9.990e-29
 241.742031     -1.497   0.378383    16.0325    -1.8279     -1.485     0.2216    -0.8896 -9.990e-29
 241.742037     -1.491   0.378233    16.0319    -1.8281     -1.479     0.2215    -0.8895 -9.990e-29
 241.742043     -1.484   0.379178    16.0328    -1.8284     -1.472     0.2221    -0.8893 -9.990e-29
 241.742049     -1.475   0.380263    16.0340    -1.8285     -1.463     0.2227    -0.8890 -9.990e-29
 241.742054     -1.464   0.380719    16.0357    -1.8287     -1.452     0.2230    -0.8890 -9.990e-29
 241.742060     -1.451   0.381154    16.0380    -1.8287     -1.439     0.2232    -0.8892 -9.990e-29
 241.742066     -1.434   0.382149    16.0392    -1.8288     -1.422     0.2238    -0.8890 -9.990e-29
 241.742072     -1.417   0.382815    16.0370    -1.8287     -1.405     0.2242    -0.8883 -9.990e-29
 241.742078     -1.403   0.382379    16.0316    -1.8287     -1.391     0.2240    -0.8876 -9.990e-29
 241.742083     -1.387   0.381366    16.0248    -1.8289     -1.375     0.2234    -0.8869 -9.990e-29
 241.742089     -1.367   0.380642    16.0182    -1.8287     -1.356     0.2230    -0.8861 -9.990e-29
 241.742095     -1.347   0.380902    16.0127    -1.8288     -1.336     0.2232    -0.8851 -9.990e-29
 241.742101     -1.326   0.381939    16.0085    -1.8289     -1.315     0.2238    -0.8839 -9.990e-29
 241.742106     -1.306   0.382366    16.0054    -1.8290     -1.295     0.2241    -0.8832 -9.990e-29
 241.742112     -1.290   0.381645    16.0033    -1.8292     -1.279     0.2237    -0.8832 -9.990e-29
 241.742118     -1.278   0.381029    16.0023    -1.8294     -1.267     0.2233    -0.8833 -9.990e-29
 241.742124     -1.268   0.381357    16.0020    -1.8296     -1.257     0.2235    -0.8831 -9.990e-29
 241.742130     -1.261   0.381959    16.0017    -1.8296     -1.250     0.2239    -0.8828 -9.990e-29
 241.742135     -1.254   0.381975    16.0012    -1.8294     -1.244     0.2239    -0.8827 -9.990e-29
 241.742141     -1.249   0.381427    16.0009    -1.8293     -1.239     0.2236    -0.8829 -9.990e-29
 241.742147     -1.245   0.380692    15.9999    -1.8294     -1.235     0.2231    -0.8831 -9.990e-29
 241.742153     -1.241   0.379899    15.9977    -1.8294     -1.231     0.2227    -0.8831 -9.990e-29
 241.742159     -1.237   0.379096    15.9944    -1.8297     -1.227     0.2222    -0.8829 -9.990e-29
 241.742164     -1.234   0.378321    15.9903    -1.8299     -1.224     0.2218    -0.8826 -9.990e-29
 241.742170     -1.230   0.377646    15.9863    -1.8301     -1.220     0.2214    -0.8822 -9.990e-29
 241.742176     -1.226   0.377280    15.9837    -1.8302     -1.216     0.2212    -0.8819 -9.990e-29
 241.742182     -1.221   0.377288    15.9832    -1.8304     -1.211     0.2212    -0.8818 -9.990e-29
 241.742188     -1.215   0.377128    15.9845    -1.8303     -1.205     0.2211    -0.8821 -9.990e-29
 241.742193     -1.207   0.376586    15.9858    -1.8303     -1.197     0.2207    -0.8826 -9.990e-29
 241.742199     -1.198   0.376046    15.9855    -1.8303     -1.188     0.2204    -0.8828 -9.990e-29
 241.742205     -1.186   0.375343    15.9834    -1.8303     -1.176     0.2200    -0.8828 -9.990e-29
 241.742211     -1.171   0.374094    15.9795    -1.8303     -1.161     0.2193    -0.8827 -9.990e-29
 241.742216     -1.156   0.372846    15.9743    -1.8302     -1.146     0.2186    -0.8824 -9.990e-29
 241.742222     -1.149   0.372706    15.9693    -1.8302     -1.139     0.2185    -0.8816 -9.990e-29
 241.742228     -1.149   0.373484    15.9653    -1.8301     -1.139     0.2190    -0.8806 -9.990e-29
 241.742234     -1.147   0.374004    15.9628    -1.8300     -1.137     0.2193    -0.8800 -9.990e-29
 241.742240     -1.140   0.373850    15.9619    -1.8302     -1.130     0.2192    -0.8799 -9.990e-29
 241.742245     -1.127   0.373372    15.9620    -1.8304     -1.118     0.2189    -0.8801 -9.990e-29
 241.742251     -1.107   0.373039    15.9628    -1.8305     -1.098     0.2187    -0.8804 -9.990e-29
 241.742257     -1.083   0.372960    15.9638    -1.8307     -1.074     0.2187    -0.8806 -9.990e-29
 241.742263     -1.062   0.373031    15.9646    -1.8309     -1.053     0.2187    -0.8807 -9.990e-29
 241.742269     -1.047   0.373345    15.9653    -1.8312     -1.038     0.2189    -0.8807 -9.990e-29
 241.742274     -1.037   0.373767    15.9663    -1.8315     -1.028     0.2192    -0.8807 -9.990e-29
 241.742280     -1.032   0.373754    15.9677    -1.8316     -1.023     0.2191    -0.8809 -9.990e-29
 241.742286     -1.026   0.373286    15.9681    -1.8314     -1.017     0.2189    -0.8812 -9.990e-29
 241.742292     -1.016   0.372846    15.9661    -1.8311     -1.008     0.2186    -0.8810 -9.990e-29
 241.742297     -1.004   0.372404    15.9624    -1.8309     -0.996     0.2184    -0.8806 -9.990e-29
 241.742303     -0.995   0.371922    15.9577    -1.8306     -0.987     0.2181    -0.8801 -9.990e-29
 241.742309     -0.987   0.371864    15.9524    -1.8303     -0.979     0.2181    -0.8792 -9.990e-29
 241.742315     -0.981   0.372155    15.9465    -1.8301     -0.973     0.2183    -0.8781 -9.990e-29
 241.742321     -0.976   0.372073    15.9403    -1.8298     -0.968     0.2183    -0.8771 -9.990e-29
 241.742326     -0.971   0.371509    15.9354    -1.8297     -0.963     0.2180    -0.8766 -9.990e-29
 241.742332     -0.966   0.370819    15.9342    -1.8295     -0.958     0.2176    -0.8767 -9.990e-29
 241.742338     -0.962   0.370191    15.9372    -1.8294     -0.954     0.2172    -0.8775 -9.990e-29
 241.742344     -0.957   0.369895    15.9427    -1.8294     -0.949     0.2170    -0.8785 -9.990e-29
 241.742350     -0.952   0.370090    15.9493    -1.8295     -0.944     0.2170    -0.8795 -9.990e-29
 241.742355     -0.945   0.370479    15.9564    -1.8292     -0.937     0.2172    -0.8805 -9.990e-29
 241.742361     -0.938   0.370474    15.9634    -1.8292     -0.930     0.2172    -0.8817 -9.990e-29
 241.742367     -0.928   0.370070    15.9698    -1.8291     -0.920     0.2169    -0.8829 -9.990e-29
 241.742373     -0.920   0.369835    15.9755    -1.8291     -0.912     0.2168    -0.8840 -9.990e-29
 241.742378     -0.918   0.370008    15.9804    -1.8291     -0.910     0.2168    -0.8847 -9.990e-29
 241.742384     -0.917   0.370266    15.9844    -1.8289     -0.909     0.2170    -0.8853 -9.990e-29
 241.742390     -0.913   0.370399    15.9870    -1.8287     -0.905     0.2170    -0.8857 -9.990e-29
 241.742396     -0.905   0.370585    15.9883    -1.8286     -0.897     0.2171    -0.8858 -9.990e-29
 241.742402     -0.894   0.370517    15.9898    -1.8286     -0.887     0.2171    -0.8861 -9.990e-29
 241.742407     -0.882   0.370107    15.9921    -1.8285     -0.875     0.2168    -0.8866 -9.990e-29
 241.742413     -0.873   0.369914    15.9946    -1.8283     -0.866     0.2167    -0.8871 -9.990e-29
 241.742419     -0.862   0.369682    15.9966    -1.8281     -0.855     0.2166    -0.8876 -9.990e-29
 241.742425     -0.849   0.369099    15.9981    -1.8279     -0.842     0.2162    -0.8881 -9.990e-29
 241.742431     -0.837   0.369050    16.0001    -1.8278     -0.830     0.2162    -0.8885 -9.990e-29
 241.742436     -0.825   0.370024    16.0031    -1.8279     -0.818     0.2167    -0.8885 -9.990e-29
 241.742442     -0.818   0.371102    16.0066    -1.8279     -0.811     0.2174    -0.8886 -9.990e-29
 241.742448     -0.813   0.371323    16.0094    -1.8279     -0.806     0.2175    -0.8890 -9.990e-29
 241.742454     -0.807   0.370982    16.0113    -1.8279     -0.800     0.2173    -0.8894 -9.990e-29
 241.742459     -0.804   0.371099    16.0140    -1.8281     -0.797     0.2173    -0.8898 -9.990e-29
 241.742465     -0.804   0.372384    16.0184    -1.8284     -0.797     0.2181    -0.8900 -9.990e-29
 241.742471     -0.797   0.374151    16.0235    -1.8286     -0.790     0.2191    -0.8900 -9.990e-29
 241.742477     -0.783   0.374876    16.0276    -1.8285     -0.776     0.2195    -0.8904 -9.990e-29
 241.742483     -0.771   0.374420    16.0294    -1.8288     -0.765     0.2192    -0.8909 -9.990e-29
 241.742488     -0.764   0.373836    16.0292    -1.8292     -0.758     0.2189    -0.8911 -9.990e-29
 241.742494     -0.760   0.374006    16.0285    -1.8294     -0.754     0.2190    -0.8909 -9.990e-29
 241.742500     -0.761   0.375155    16.0277    -1.8295     -0.755     0.2197    -0.8903 -9.990e-29
 241.742506     -0.765   0.376599    16.0255    -1.8296     -0.759     0.2205    -0.8892 -9.990e-29
 241.742512     -0.770   0.377494    16.0214    -1.8300     -0.764     0.2211    -0.8881 -9.990e-29
 241.742517     -0.770   0.377928    16.0164    -1.8302     -0.764     0.2214    -0.8871 -9.990e-29
 241.742523     -0.771   0.378478    16.0117    -1.8303     -0.765     0.2217    -0.8860 -9.990e-29
 241.742529     -0.776   0.379323    16.0073    -1.8305     -0.770     0.2223    -0.8849 -9.990e-29
 241.742535     -0.778   0.379928    16.0018    -1.8305     -0.772     0.2227    -0.8837 -9.990e-29
 241.742541     -0.767   0.379991    15.9954    -1.8304     -0.761     0.2227    -0.8826 -9.990e-29
 241.742546     -0.753   0.380148    15.9900    -1.8304     -0.747     0.2229    -0.8816 -9.990e-29
 241.742552     -0.742   0.380609    15.9855    -1.8305     -0.736     0.2232    -0.8807 -9.990e-29
 241.742558     -0.733   0.380882    15.9806    -1.8304     -0.727     0.2233    -0.8797 -9.990e-29
 241.742564     -0.723   0.380774    15.9749    -1.8302     -0.717     0.2233    -0.8788 -9.990e-29
 241.742569     -0.710   0.380142    15.9693    -1.8301     -0.704     0.2230    -0.8782 -9.990e-29
 241.742575     -0.702   0.379251    15.9647    -1.8299     -0.696     0.2224    -0.8778 -9.990e-29
 241.742581     -0.699   0.379127    15.9617    -1.8297     -0.693     0.2224    -0.8774 -9.990e-29
 241.742587     -0.695   0.380159    15.9607    -1.8298     -0.689     0.2230    -0.8768 -9.990e-29
 241.742593     -0.692   0.381506    15.9608    -1.8300     -0.686     0.2238    -0.8761 -9.990e-29
 241.742598     -0.688   0.382194    15.9608    -1.8302     -0.682     0.2242    -0.8758 -9.990e-29
 241.742604     -0.683   0.382034    15.9611    -1.8303     -0.677     0.2241    -0.8760 -9.990e-29
 241.742610     -0.677   0.381364    15.9630    -1.8303     -0.671     0.2237    -0.8766 -9.990e-29
 241.742616     -0.670   0.380953    15.9664    -1.8302     -0.664     0.2235    -0.8773 -9.990e-29
 241.742622     -0.662   0.381358    15.9703    -1.8300     -0.656     0.2237    -0.8778 -9.990e-29
 241.742627     -0.655   0.382013    15.9737    -1.8299     -0.650     0.2241    -0.8781 -9.990e-29
 241.742633     -0.654   0.382130    15.9751    -1.8300     -0.649     0.2241    -0.8782 -9.990e-29
 241.742639     -0.655   0.381863    15.9738    -1.8300     -0.650     0.2240    -0.8781 -9.990e-29
 241.742645     -0.652   0.381963    15.9705    -1.8299     -0.647     0.2240    -0.8776 -9.990e-29
 241.742650     -0.647   0.382565    15.9672    -1.8298     -0.642     0.2244    -0.8767 -9.990e-29
 241.742656     -0.639   0.383363    15.9652    -1.8296     -0.634     0.2249    -0.8760 -9.990e-29
 241.742662     -0.631   0.384312    15.9652    -1.8296     -0.626     0.2255    -0.8756 -9.990e-29
 241.742668     -0.627   0.385014    15.9671    -1.8295     -0.622     0.2259    -0.8756 -9.990e-29
 241.742674     -0.624   0.385299    15.9701    -1.8295     -0.619     0.2260    -0.8759 -9.990e-29
 241.742679     -0.615   0.385545    15.9725    -1.8296     -0.610     0.2262    -0.8762 -9.990e-29
 241.742685     -0.601   0.385527    15.9735    -1.8296     -0.596     0.2262    -0.8764 -9.990e-29
 241.742691     -0.586   0.385219    15.9740    -1.8296     -0.581     0.2260    -0.8766 -9.990e-29
 241.742697     -0.572   0.385319    15.9756    -1.8294     -0.567     0.2260    -0.8768 -9.990e-29
 241.742703     -0.554   0.385960    15.9784    -1.8295     -0.549     0.2264    -0.8770 -9.990e-29
 241.742708     -0.531   0.386887    15.9813    -1.8295     -0.527     0.2269    -0.8771 -9.990e-29
 241.742714     -0.511   0.388231    15.9835    -1.8295     -0.507     0.2277    -0.8768 -9.990e-29
 241.742720     -0.496   0.389567    15.9849    -1.8294     -0.492     0.2285    -0.8764 -9.990e-29
 241.742726     -0.485   0.389906    15.9851    -1.8293     -0.481     0.2287    -0.8763 -9.990e-29
 241.742731     -0.477   0.389147    15.9842    -1.8291     -0.473     0.2283    -0.8765 -9.990e-29
 241.742737     -0.473   0.388491    15.9835    -1.8290     -0.469     0.2279    -0.8767 -9.990e-29
 241.742743     -0.471   0.389279    15.9840    -1.8289     -0.467     0.2284    -0.8764 -9.990e-29
 241.742749     -0.472   0.390898    15.9849    -1.8288     -0.468     0.2293    -0.8758 -9.990e-29
 241.742755     -0.471   0.391632    15.9852    -1.8288     -0.467     0.2298    -0.8755 -9.990e-29
 241.742760     -0.465   0.391349    15.9855    -1.8289     -0.461     0.2296    -0.8757 -9.990e-29
 241.742766     -0.456   0.390779    15.9866    -1.8288     -0.452     0.2292    -0.8762 -9.990e-29
 241.742772     -0.449   0.390272    15.9885    -1.8289     -0.445     0.2289    -0.8767 -9.990e-29
 241.742778     -0.444   0.390258    15.9913    -1.8290     -0.440     0.2289    -0.8772 -9.990e-29
 241.742784     -0.439   0.390717    15.9948    -1.8292     -0.435     0.2292    -0.8775 -9.990e-29
 241.742789     -0.435   0.391154    15.9981    -1.8293     -0.431     0.2294    -0.8779 -9.990e-29
 241.742795     -0.432   0.391596    16.0004    -1.8296     -0.428     0.2297    -0.8781 -9.990e-29
 241.742801     -0.429   0.392080    16.0017    -1.8297     -0.425     0.2299    -0.8781 -9.990e-29
 241.742807     -0.425   0.392142    16.0020    -1.8297     -0.421     0.2300    -0.8781 -9.990e-29
 241.742813     -0.421   0.391863    16.0017    -1.8297     -0.417     0.2298    -0.8782 -9.990e-29
 241.742818     -0.417   0.391981    16.0010    -1.8297     -0.414     0.2299    -0.8780 -9.990e-29
 241.742824     -0.412   0.392650    15.9994    -1.8296     -0.409     0.2303    -0.8774 -9.990e-29
 241.742830     -0.406   0.393103    15.9966    -1.8296     -0.403     0.2306    -0.8767 -9.990e-29
 241.742836     -0.399   0.392835    15.9930    -1.8295     -0.396     0.2304    -0.8763 -9.990e-29
 241.742841     -0.389   0.392594    15.9889    -1.8295     -0.386     0.2303    -0.8757 -9.990e-29
 241.742847     -0.377   0.393167    15.9847    -1.8292     -0.374     0.2307    -0.8747 -9.990e-29
 241.742853     -0.367   0.394208    15.9817    -1.8292     -0.364     0.2313    -0.8737 -9.990e-29
 241.742859     -0.365   0.394892    15.9802    -1.8291     -0.362     0.2317    -0.8732 -9.990e-29
 241.742865     -0.371   0.395022    15.9798    -1.8290     -0.368     0.2318    -0.8730 -9.990e-29
 241.742870     -0.379   0.395325    15.9805    -1.8292     -0.376     0.2320    -0.8730 -9.990e-29
 241.742876     -0.383   0.395651    15.9816    -1.8294     -0.380     0.2322    -0.8731 -9.990e-29
