data/oxygen options/ONMS/Olympic_Coast_National_Marine_Sanctuary_CTD_Data_2005_2023/raw_data/2019/CAST_CE015_190801faed.cnv
* Sea-Bird SBE 19 Data File:
* FileName = C:\2019 Mooring Data\Casts\CAST_CE015_190801.hex
* Software Version SeatermAF 2.1.2
* Temperature SN = 2997
* Conductivity SN = 2997
* System UpLoad Time = Aug 01 2019 19:08:05 (localtime) = Aug 01 2019 19:08:05 (UTC)
** CAST_CE015_190801
* ds
# nquan = 9                                 
# nvalues = 900                         
# units = specified
# name 0 = timeJ: Julian Days
# name 1 = prSM: Pressure, Strain Gauge [db]
# name 2 = c0mS/cm: Conductivity [mS/cm]
# name 3 = t090C: Temperature [ITS-90, deg C]
# name 4 = sbeox0ML/L: Oxygen, SBE 43 [ml/l]
# name 5 = depSM: Depth [salt water, m], lat = 47.5
# name 6 = sal00: Salinity, Practical [PSU]
# name 7 = sigma-é00: Density [sigma-theta, kg/m^3]
# name 8 = flag: flag
# span 0 = 213.757604, 213.762807       
# span 1 =     -5.233,     13.029       
# span 2 =   0.278218,  40.860377       
# span 3 =    12.1021,    18.5458       
# span 4 =    -1.7579,    13.1578       
# span 5 =     -5.189,     12.920       
# span 6 =     0.1545,    33.1736       
# span 7 =    -1.3245,    25.0922       
# span 8 = 0.0000e+00, 0.0000e+00       
# interval = seconds: 0.5
# start_time = Aug 01 2019 18:10:57 [Instrument's time stamp, header]
# bad_flag = -9.990e-29
*END*
[from data line 801]
 213.762240     10.983  38.323416    12.2604     4.3465     10.891    33.1325    25.0900 0.0000e+00
 213.762245     11.203  38.237414    12.1844     4.3507     11.109    33.1168    25.0922 0.0000e+00
 213.762251     11.414  38.177989    12.1569     4.3439     11.318    33.0837    25.0717 0.0000e+00
 213.762257     11.606  38.165518    12.1596     4.3357     11.509    33.0692    25.0600 0.0000e+00
 213.762263     11.780  38.174912    12.1668     4.3440     11.681    33.0718    25.0607 0.0000e+00
 213.762269     11.941  38.178325    12.1634     4.3359     11.841    33.0780    25.0661 0.0000e+00
 213.762274     12.102  38.167386    12.1507     4.3272     12.001    33.0786    25.0690 0.0000e+00
 213.762280     12.266  38.152668    12.1375     4.3278     12.163    33.0761    25.0695 0.0000e+00
 213.762286     12.428  38.141941    12.1284     4.3336     12.324    33.0737    25.0694 0.0000e+00
 213.762292     12.577  38.135412    12.1221     4.3483     12.472    33.0729    25.0700 0.0000e+00
 213.762297     12.709  38.129924    12.1194     4.3513     12.603    33.0699    25.0682 -9.990e-29
 213.762303     12.819  38.129313    12.1231     4.3603     12.712    33.0660    25.0645 -9.990e-29
 213.762309     12.903  38.138877    12.1300     4.3757     12.795    33.0691    25.0656 -9.990e-29
 213.762315     12.956  38.150040    12.1360     4.3807     12.847    33.0746    25.0687 -9.990e-29
 213.762321     12.982  38.154679    12.1409     4.3849     12.873    33.0747    25.0678 -9.990e-29
 213.762326     12.996  38.155576    12.1466     4.3735     12.887    33.0705    25.0635 -9.990e-29
 213.762332     13.006  38.158365    12.1557     4.3803     12.897    33.0651    25.0576 -9.990e-29
 213.762338     13.015  38.165598    12.1666     4.3699     12.906    33.0625    25.0535 -9.990e-29
 213.762344     13.021  38.174556    12.1753     4.3489     12.912    33.0634    25.0526 -9.990e-29
 213.762350     13.026  38.180897    12.1795     4.3428     12.917    33.0658    25.0537 -9.990e-29
 213.762355     13.029  38.181832    12.1775     4.3173     12.920    33.0685    25.0561 -9.990e-29
 213.762361     13.028  38.174646    12.1689     4.3292     12.919    33.0692    25.0583 -9.990e-29
 213.762367     13.012  38.162591    12.1563     4.3382     12.903    33.0687    25.0603 -9.990e-29
 213.762373     12.982  38.151948    12.1414     4.3251     12.873    33.0716    25.0653 -9.990e-29
 213.762378     12.943  38.136879    12.1259     4.3366     12.835    33.0708    25.0676 -9.990e-29
 213.762384     12.898  38.120206    12.1146     4.3456     12.790    33.0647    25.0650 -9.990e-29
 213.762390     12.844  38.117731    12.1103     4.3597     12.736    33.0661    25.0670 -9.990e-29
 213.762396     12.777  38.124425    12.1130     4.3631     12.670    33.0703    25.0696 -9.990e-29
 213.762402     12.693  38.130123    12.1246     4.3383     12.587    33.0655    25.0638 -9.990e-29
 213.762407     12.591  38.138459    12.1406     4.3239     12.486    33.0595    25.0561 -9.990e-29
 213.762413     12.477  38.148180    12.1472     4.3324     12.372    33.0630    25.0576 -9.990e-29
 213.762419     12.362  38.144766    12.1392     4.3457     12.258    33.0669    25.0621 -9.990e-29
 213.762425     12.250  38.117463    12.1277     4.3564     12.147    33.0507    25.0517 -9.990e-29
 213.762431     12.135  38.097026    12.1172     4.3576     12.033    33.0403    25.0456 -9.990e-29
 213.762436     12.000  38.105998    12.1055     4.3530     11.900    33.0594    25.0626 0.0000e+00
 213.762442     11.838  38.113733    12.1021     4.3550     11.739    33.0700    25.0715 0.0000e+00
 213.762448     11.655  38.114257    12.1188     4.3782     11.557    33.0558    25.0573 0.0000e+00
 213.762454     11.465  38.128382    12.1499     4.4284     11.369    33.0420    25.0407 0.0000e+00
 213.762459     11.273  38.157537    12.1645     4.5062     11.179    33.0573    25.0498 0.0000e+00
 213.762465     11.075  38.173352    12.1485     4.5691     10.982    33.0868    25.0757 0.0000e+00
 213.762471     10.868  38.158795    12.1354     4.5736     10.777    33.0844    25.0764 0.0000e+00
 213.762477     10.651  38.148178    12.1601     4.5650     10.562    33.0524    25.0468 0.0000e+00
 213.762483     10.432  38.171535    12.2237     4.5466     10.345    33.0188    25.0088 0.0000e+00
 213.762488     10.213  38.222437    12.3030     4.5645     10.128    32.9980    24.9775 0.0000e+00
 213.762494      9.991  38.277073    12.3687     4.6306      9.907    32.9927    24.9609 0.0000e+00
 213.762500      9.762  38.321496    12.4002     4.7288      9.680    33.0077    24.9665 0.0000e+00
 213.762506      9.526  38.348482    12.3946     4.8477      9.446    33.0387    24.9916 0.0000e+00
 213.762512      9.277  38.343594    12.3783     4.9728      9.199    33.0484    25.0023 0.0000e+00
 213.762517      9.010  38.320094    12.4049     5.0658      8.935    33.0026    24.9616 0.0000e+00
 213.762523      8.727  38.334011    12.4925     5.1157      8.654    32.9391    24.8956 0.0000e+00
 213.762529      8.431  38.405012    12.6029     5.1557      8.360    32.9104    24.8521 0.0000e+00
 213.762535      8.133  38.494479    12.7015     5.1876      8.065    32.9097    24.8325 0.0000e+00
 213.762541      7.843  38.578352    12.7770     5.2370      7.777    32.9237    24.8287 0.0000e+00
 213.762546      7.561  38.646394    12.8287     5.2965      7.498    32.9434    24.8338 0.0000e+00
 213.762552      7.274  38.689658    12.8628     5.3428      7.213    32.9549    24.8360 0.0000e+00
 213.762558      6.970  38.712074    12.8907     5.3885      6.912    32.9519    24.8283 0.0000e+00
 213.762564      6.653  38.727857    12.9263     5.4539      6.597    32.9360    24.8089 0.0000e+00
 213.762569      6.333  38.756936    12.9818     5.5216      6.280    32.9154    24.7821 0.0000e+00
 213.762575      6.022  38.813445    13.0472     5.6085      5.972    32.9121    24.7666 0.0000e+00
 213.762581      5.724  38.881444    13.1042     5.6981      5.676    32.9269    24.7668 0.0000e+00
 213.762587      5.422  38.931755    13.1569     5.7794      5.377    32.9288    24.7578 0.0000e+00
 213.762593      5.103  38.966502    13.2137     5.9146      5.060    32.9124    24.7338 0.0000e+00
 213.762598      4.767  38.997857    13.2798     6.0778      4.727    32.8848    24.6993 0.0000e+00
 213.762604      4.431  39.040193    13.3680     6.2204      4.394    32.8485    24.6536 0.0000e+00
 213.762610      4.114  39.120844    13.4783     6.3870      4.080    32.8292    24.6164 0.0000e+00
 213.762616      3.819  39.233094    13.5886     6.5045      3.787    32.8393    24.6020 0.0000e+00
 213.762622      3.538  39.323305    13.7056     6.5733      3.508    32.8230    24.5656 0.0000e+00
 213.762627      3.251  39.383514    13.8885     6.5897      3.224    32.7227    24.4507 0.0000e+00
 213.762633      2.955  39.472173    14.1620     6.5611      2.930    32.5725    24.2784 0.0000e+00
 213.762639      2.668  39.646452    14.4553     6.5539      2.646    32.4855    24.1500 0.0000e+00
 213.762645      2.416  39.909094    14.6742     6.5175      2.396    32.5415    24.1470 0.0000e+00
 213.762650      2.202  40.156608    14.7921     6.5033      2.184    32.6676    24.2190 0.0000e+00
 213.762656      2.019  40.291656    14.8475     6.4837      2.002    32.7436    24.2657 0.0000e+00
 213.762662      1.854  40.343089    14.8829     6.4748      1.839    32.7605    24.2712 0.0000e+00
 213.762668      1.702  40.368294    14.9108     6.4284      1.688    32.7600    24.2648 0.0000e+00
 213.762674      1.561  40.382396    14.9305     6.3196      1.548    32.7562    24.2576 0.0000e+00
 213.762679      1.431  40.388516    14.9431     6.2022      1.419    32.7512    24.2511 -9.990e-29
 213.762685      1.312  40.387538    14.9506     6.1273      1.301    32.7441    24.2440 -9.990e-29
 213.762691      1.201  40.376480    14.9549     7.1795      1.191    32.7305    24.2326 -9.990e-29
 213.762697      1.095  40.338920    14.9566     7.1830      1.086    32.6952    24.2050 -9.990e-29
 213.762703      0.991  40.299288    14.9562     6.9525      0.983    32.6597    24.1778 -9.990e-29
 213.762708      0.884  40.296058    14.9542     6.6387      0.877    32.6585    24.1773 -9.990e-29
 213.762714      0.779  40.296352    14.9524     6.3530      0.772    32.6604    24.1791 -9.990e-29
 213.762720      0.690  40.268631    14.9520     6.1337      0.684    32.6357    24.1601 -9.990e-29
 213.762726      0.621  40.173694    14.9527     6.0129      0.616    32.5493    24.0934 -9.990e-29
 213.762731      0.568  39.900086    14.9551     5.9741      0.563    32.3003    23.9011 -9.990e-29
 213.762737      0.526  39.109327    14.9600     5.9584      0.522    31.5838    23.3483 -9.990e-29
 213.762743      0.494  36.739226    14.9659     5.9336      0.490    29.4580    21.7111 -9.990e-29
 213.762749      0.469  29.633010    14.9714     5.9184      0.465    23.2211    16.9186 -9.990e-29
 213.762755      0.449  18.760697    14.9762 -9.990e-29      0.445    14.0742     9.9074 -9.990e-29
 213.762760      0.434  11.146073    14.9799 -9.990e-29      0.430     8.0031     5.2571 -9.990e-29
 213.762766      0.423   8.186960    14.9824 -9.990e-29      0.419     5.7407     3.5223 -9.990e-29
 213.762772      0.414   6.538795    14.9844 -9.990e-29      0.411     4.5109     2.5784 -9.990e-29
 213.762778      0.407   5.107237    14.9871 -9.990e-29      0.404     3.4639     1.7738 -9.990e-29
 213.762784      0.402   4.000515    14.9927 -9.990e-29      0.399     2.6703     1.1627 -9.990e-29
 213.762789      0.398   3.348340    15.0014 -9.990e-29      0.395     2.2101     0.8073 -9.990e-29
 213.762795      0.396   3.063456    15.0096 -9.990e-29      0.393     2.0110     0.6527 -9.990e-29
 213.762801      0.394   3.119890    15.0130 -9.990e-29      0.391     2.0500     0.6822 -9.990e-29
 213.762807      0.394   3.463615 -9.990e-29 -9.990e-29      0.391 -9.990e-29 -9.990e-29 -9.990e-29
