data/oxygen options/ONMS/Olympic_Coast_National_Marine_Sanctuary_CTD_Data_2005_2023/raw_data/2019/CAST_CE042_190801faed.cnv
* Sea-Bird SBE 19 Data File:
* FileName = C:\2019 Mooring Data\Casts\CAST_CE042_190801.hex
* Software Version SeatermAF 2.1.2
* Temperature SN = 2997
* Conductivity SN = 2997
* System UpLoad Time = Aug 01 2019 17:46:37 (localtime) = Aug 01 2019 17:46:37 (UTC)
** CAST_CE042_190801
* ds
# nquan = 9                                 
# nvalues = 1368                        
# units = specified
# name 0 = timeJ: Julian Days
# name 1 = prSM: Pressure, Strain Gauge [db]
# name 2 = c0mS/cm: Conductivity [mS/cm]
# name 3 = t090C: Temperature [ITS-90, deg C]
# name 4 = sbeox0ML/L: Oxygen, SBE 43 [ml/l]
# name 5 = depSM: Depth [salt water, m], lat = 47.5
# name 6 = sal00: Salinity, Practical [PSU]
# name 7 = sigma-é00: Density [sigma-theta, kg/m^3]
# name 8 = flag: flag
# span 0 = 213.688252, 213.696163       
# span 1 =     -5.194,     41.217       
# span 2 =   0.039334,  41.244779       
# span 3 =     7.8894,    17.6518       
# span 4 =    -1.7995,    13.8171       
# span 5 =     -5.151,     40.869       
# span 6 =     0.0262,    33.7887       
# span 7 =    -1.3158,    26.3388       
# span 8 = 0.0000e+00, 0.0000e+00       
# interval = seconds: 0.5
# start_time = Aug 01 2019 16:31:05 [Instrument's time stamp, header]
# bad_flag = -9.990e-29
*END*
[from data line 321]
 213.690110     -0.524   0.043860    17.5078    -1.7763     -0.520     0.0284    -1.2916 -9.990e-29
 213.690116     -0.515   0.043991    17.5077    -1.7764     -0.511     0.0285    -1.2915 -9.990e-29
 213.690122     -0.500   0.044148    17.5047    -1.7767     -0.496     0.0286    -1.2909 -9.990e-29
 213.690127     -0.484   0.043987    17.5028    -1.7771     -0.480     0.0285    -1.2906 -9.990e-29
 213.690133     -0.472   0.043846    17.5040    -1.7773     -0.468     0.0284    -1.2909 -9.990e-29
 213.690139     -0.463   0.044091    17.5067    -1.7772     -0.459     0.0286    -1.2913 -9.990e-29
 213.690145     -0.456   0.044498    17.5084    -1.7774     -0.452     0.0288    -1.2914 -9.990e-29
 213.690150     -0.451   0.044500    17.5082    -1.7776     -0.447     0.0288    -1.2914 -9.990e-29
 213.690156     -0.447   0.044102    17.5079    -1.7777     -0.443     0.0286    -1.2915 -9.990e-29
 213.690162     -0.444   0.043882    17.5079    -1.7778     -0.440     0.0285    -1.2916 -9.990e-29
 213.690168     -0.442   0.044100    17.5054    -1.7778     -0.438     0.0286    -1.2911 -9.990e-29
 213.690174     -0.441   0.044494    17.4994    -1.7777     -0.437     0.0288    -1.2898 -9.990e-29
 213.690179     -0.441   0.044482    17.4923    -1.7778     -0.437     0.0288    -1.2886 -9.990e-29
 213.690185     -0.441   0.044047    17.4874    -1.7779     -0.437     0.0285    -1.2879 -9.990e-29
 213.690191     -0.442   0.043717    17.4845    -1.7781     -0.438     0.0284    -1.2875 -9.990e-29
 213.690197     -0.444   0.043606    17.4810    -1.7786     -0.440     0.0283    -1.2869 -9.990e-29
 213.690203     -0.447   0.043569    17.4765    -1.7789     -0.443     0.0283    -1.2861 -9.990e-29
 213.690208     -0.451   0.043557    17.4726    -1.7791     -0.447     0.0283    -1.2854 -9.990e-29
 213.690214     -0.457   0.043552    17.4703    -1.7791     -0.453     0.0283    -1.2850 -9.990e-29
 213.690220     -0.460   0.043550    17.4697    -1.7790     -0.456     0.0283    -1.2849 -9.990e-29
 213.690226     -0.456   0.043549    17.4694    -1.7793     -0.452     0.0283    -1.2848 -9.990e-29
 213.690231     -0.450   0.043548    17.4677    -1.7797     -0.446     0.0283    -1.2845 -9.990e-29
 213.690237     -0.446   0.043547    17.4638    -1.7800     -0.442     0.0283    -1.2838 -9.990e-29
 213.690243     -0.442   0.043542    17.4571    -1.7798     -0.438     0.0283    -1.2826 -9.990e-29
 213.690249     -0.439   0.043529    17.4486    -1.7796     -0.435     0.0283    -1.2811 -9.990e-29
 213.690255     -0.437   0.043492    17.4409    -1.7795     -0.433     0.0283    -1.2797 -9.990e-29
 213.690260     -0.435   0.043381    17.4358    -1.7794     -0.431     0.0282    -1.2789 -9.990e-29
 213.690266     -0.434   0.043048    17.4330    -1.7795     -0.430     0.0280    -1.2785 -9.990e-29
 213.690272     -0.433   0.042603    17.4301    -1.7797     -0.429     0.0278    -1.2782 -9.990e-29
 213.690278     -0.432   0.042561    17.4247    -1.7798     -0.428     0.0278    -1.2772 -9.990e-29
 213.690284     -0.431   0.042868    17.4178    -1.7797     -0.427     0.0280    -1.2759 -9.990e-29
 213.690289     -0.431   0.042827    17.4136    -1.7799     -0.427     0.0279    -1.2751 -9.990e-29
 213.690295     -0.430   0.042382    17.4143    -1.7802     -0.426     0.0277    -1.2754 -9.990e-29
 213.690301     -0.430   0.042049    17.4175    -1.7802     -0.426     0.0275    -1.2761 -9.990e-29
 213.690307     -0.430   0.041938    17.4201    -1.7801     -0.426     0.0275    -1.2766 -9.990e-29
 213.690313     -0.429   0.041901    17.4209    -1.7801     -0.425     0.0275    -1.2768 -9.990e-29
 213.690318     -0.429   0.041888    17.4196    -1.7800     -0.425     0.0275    -1.2766 -9.990e-29
 213.690324     -0.429   0.041884    17.4172    -1.7802     -0.425     0.0275    -1.2761 -9.990e-29
 213.690330     -0.429   0.041882    17.4152    -1.7804     -0.425     0.0275    -1.2758 -9.990e-29
 213.690336     -0.428   0.041881    17.4132    -1.7806     -0.424     0.0275    -1.2754 -9.990e-29
 213.690341     -0.428   0.041881    17.4097    -1.7809     -0.424     0.0275    -1.2748 -9.990e-29
 213.690347     -0.428   0.041880    17.4057    -1.7812     -0.424     0.0275    -1.2741 -9.990e-29
 213.690353     -0.428   0.041880    17.4039    -1.7813     -0.424     0.0275    -1.2738 -9.990e-29
 213.690359     -0.427   0.041879    17.4040    -1.7815     -0.423     0.0275    -1.2738 -9.990e-29
 213.690365     -0.427   0.041879    17.4044    -1.7816     -0.423     0.0275    -1.2738 -9.990e-29
 213.690370     -0.426   0.041879    17.4036    -1.7811     -0.422     0.0275    -1.2737 -9.990e-29
 213.690376     -0.426   0.041880    17.4000    -1.7811     -0.422     0.0275    -1.2731 -9.990e-29
 213.690382     -0.425   0.041880    17.3946    -1.7816     -0.421     0.0275    -1.2721 -9.990e-29
 213.690388     -0.423   0.041879    17.3886    -1.7820     -0.419     0.0275    -1.2710 -9.990e-29
 213.690394     -0.422   0.041875    17.3820    -1.7824     -0.418     0.0275    -1.2699 -9.990e-29
 213.690399     -0.420   0.041863    17.3756    -1.7825     -0.416     0.0275    -1.2687 -9.990e-29
 213.690405     -0.417   0.041824    17.3705    -1.7823     -0.414     0.0274    -1.2678 -9.990e-29
 213.690411     -0.414   0.041706    17.3674    -1.7825     -0.411     0.0274    -1.2673 -9.990e-29
 213.690417     -0.410   0.041351    17.3677    -1.7827     -0.407     0.0272    -1.2675 -9.990e-29
 213.690422     -0.404   0.040839    17.3700    -1.7828     -0.401     0.0269    -1.2681 -9.990e-29
 213.690428     -0.397   0.040594    17.3683    -1.7829     -0.394     0.0268    -1.2679 -9.990e-29
 213.690434     -0.388   0.040840    17.3608    -1.7828     -0.385     0.0269    -1.2665 -9.990e-29
 213.690440     -0.376   0.041353    17.3516    -1.7826     -0.373     0.0272    -1.2646 -9.990e-29
 213.690446     -0.361   0.041709    17.3446    -1.7822     -0.358     0.0274    -1.2633 -9.990e-29
 213.690451     -0.345   0.041827    17.3409    -1.7824     -0.342     0.0274    -1.2626 -9.990e-29
 213.690457     -0.338   0.041862    17.3389    -1.7825     -0.335     0.0275    -1.2622 -9.990e-29
 213.690463     -0.337   0.041862    17.3362    -1.7825     -0.334     0.0275    -1.2617 -9.990e-29
 213.690469     -0.335   0.041826    17.3329    -1.7821     -0.332     0.0274    -1.2611 -9.990e-29
 213.690475     -0.327   0.041705    17.3307    -1.7818     -0.324     0.0274    -1.2608 -9.990e-29
 213.690480     -0.316   0.041337    17.3298    -1.7819     -0.313     0.0272    -1.2608 -9.990e-29
 213.690486     -0.312   0.040784    17.3309    -1.7823     -0.309     0.0269    -1.2612 -9.990e-29
 213.690492     -0.312   0.040416    17.3348    -1.7827     -0.309     0.0267    -1.2620 -9.990e-29
 213.690498     -0.310   0.040294    17.3388    -1.7833     -0.307     0.0267    -1.2628 -9.990e-29
 213.690503     -0.300   0.040255    17.3400    -1.7836     -0.297     0.0266    -1.2630 -9.990e-29
 213.690509     -0.286   0.040246    17.3401    -1.7838     -0.284     0.0266    -1.2630 -9.990e-29
 213.690515     -0.272   0.040254    17.3425    -1.7841     -0.270     0.0266    -1.2634 -9.990e-29
 213.690521     -0.256   0.040290    17.3474    -1.7843     -0.254     0.0267    -1.2643 -9.990e-29
 213.690527     -0.243   0.040399    17.3510    -1.7842     -0.241     0.0267    -1.2649 -9.990e-29
 213.690532     -0.234   0.040728    17.3492    -1.7841     -0.232     0.0269    -1.2645 -9.990e-29
 213.690538     -0.231   0.041159    17.3415    -1.7842     -0.229     0.0271    -1.2629 -9.990e-29
 213.690544     -0.231   0.041159    17.3302    -1.7844     -0.229     0.0271    -1.2609 -9.990e-29
 213.690550     -0.233   0.040729    17.3184    -1.7843     -0.231     0.0269    -1.2590 -9.990e-29
 213.690556     -0.230   0.040402    17.3087    -1.7842     -0.228     0.0267    -1.2574 -9.990e-29
 213.690561     -0.227   0.040293    17.3013    -1.7841     -0.225     0.0267    -1.2561 -9.990e-29
 213.690567     -0.224   0.040257    17.2953    -1.7842     -0.222     0.0267    -1.2551 -9.990e-29
 213.690573     -0.218   0.040246    17.2915    -1.7845     -0.216     0.0266    -1.2544 -9.990e-29
 213.690579     -0.210   0.040242    17.2903    -1.7847     -0.208     0.0266    -1.2542 -9.990e-29
 213.690584     -0.206   0.040241    17.2901    -1.7846     -0.204     0.0266    -1.2542 -9.990e-29
 213.690590     -0.204   0.040238    17.2889    -1.7844     -0.202     0.0266    -1.2539 -9.990e-29
 213.690596     -0.202   0.040229    17.2878    -1.7841     -0.200     0.0266    -1.2537 -9.990e-29
 213.690602     -0.193   0.040202    17.2881    -1.7839     -0.191     0.0266    -1.2538 -9.990e-29
 213.690608     -0.182   0.040120    17.2897    -1.7835     -0.180     0.0266    -1.2541 -9.990e-29
 213.690613     -0.173   0.039875    17.2905    -1.7831     -0.172     0.0265    -1.2544 -9.990e-29
 213.690619     -0.169   0.039691    17.2879    -1.7830     -0.168     0.0264    -1.2540 -9.990e-29
 213.690625     -0.174   0.039876    17.2832    -1.7825     -0.173     0.0265    -1.2531 -9.990e-29
 213.690631     -0.180   0.040123    17.2807    -1.7824     -0.178     0.0266    -1.2525 -9.990e-29
 213.690637     -0.178   0.040205    17.2822    -1.7826     -0.177     0.0266    -1.2528 -9.990e-29
 213.690642     -0.174   0.040232    17.2869    -1.7829     -0.173     0.0266    -1.2536 -9.990e-29
 213.690648     -0.171   0.040239    17.2935    -1.7833     -0.170     0.0266    -1.2548 -9.990e-29
 213.690654     -0.168   0.040233    17.3012    -1.7834     -0.167     0.0266    -1.2561 -9.990e-29
 213.690660     -0.166   0.040207    17.3098    -1.7834     -0.165     0.0266    -1.2577 -9.990e-29
 213.690666     -0.165   0.040126    17.3181    -1.7832     -0.164     0.0266    -1.2592 -9.990e-29
 213.690671     -0.163   0.039881    17.3256    -1.7829     -0.162     0.0265    -1.2606 -9.990e-29
 213.690677     -0.162   0.039697    17.3322    -1.7825     -0.161     0.0264    -1.2618 -9.990e-29
 213.690683     -0.162   0.039882    17.3351    -1.7824     -0.161     0.0265    -1.2623 -9.990e-29
 213.690689     -0.161   0.040129    17.3323    -1.7822     -0.160     0.0266    -1.2617 -9.990e-29
 213.690694     -0.161   0.040211    17.3260    -1.7823     -0.160     0.0266    -1.2605 -9.990e-29
 213.690700     -0.160   0.040237    17.3196    -1.7826     -0.159     0.0266    -1.2594 -9.990e-29
 213.690706     -0.160   0.040243    17.3158    -1.7828     -0.159     0.0266    -1.2587 -9.990e-29
 213.690712     -0.160   0.040234    17.3161    -1.7827     -0.159     0.0266    -1.2588 -9.990e-29
 213.690718     -0.160   0.040199    17.3204    -1.7825     -0.159     0.0266    -1.2595 -9.990e-29
 213.690723     -0.160   0.040091    17.3274    -1.7823     -0.159     0.0266    -1.2608 -9.990e-29
 213.690729     -0.161   0.039764    17.3345    -1.7824     -0.160     0.0264    -1.2622 -9.990e-29
 213.690735     -0.161   0.039334    17.3397    -1.7823     -0.160     0.0262    -1.2633 -9.990e-29
 213.690741     -0.161   0.039335    17.3418    -1.7820     -0.160     0.0262    -1.2637 -9.990e-29
 213.690747     -0.162   0.039766    17.3404    -1.7814     -0.161     0.0264    -1.2633 -9.990e-29
 213.690752     -0.163   0.040095    17.3370    -1.7809     -0.162     0.0266    -1.2625 -9.990e-29
 213.690758     -0.164   0.040205    17.3347    -1.7807     -0.163     0.0266    -1.2621 -9.990e-29
 213.690764     -0.165   0.040242    17.3354    -1.7807     -0.164     0.0266    -1.2622 -9.990e-29
 213.690770     -0.167   0.040254    17.3385    -1.7805     -0.166     0.0266    -1.2627 -9.990e-29
 213.690775     -0.169   0.040259    17.3417    -1.7803     -0.168     0.0266    -1.2633 -9.990e-29
 213.690781     -0.171   0.040261    17.3442    -1.7802     -0.170     0.0266    -1.2637 -9.990e-29
 213.690787     -0.175   0.040262    17.3482    -1.7802     -0.174     0.0266    -1.2645 -9.990e-29
 213.690793     -0.180   0.040263    17.3562    -1.7801     -0.178     0.0266    -1.2659 -9.990e-29
 213.690799     -0.185   0.040264    17.3674    -1.7798     -0.183     0.0266    -1.2679 -9.990e-29
 213.690804     -0.189   0.040265    17.3782    -1.7794     -0.187     0.0266    -1.2698 -9.990e-29
 213.690810     -0.185   0.040269    17.3855    -1.7791     -0.183     0.0266    -1.2711 -9.990e-29
 213.690816     -0.180   0.040279    17.3900    -1.7790     -0.178     0.0267    -1.2719 -9.990e-29
 213.690822     -0.175   0.040307    17.3943    -1.7792     -0.174     0.0267    -1.2727 -9.990e-29
 213.690828     -0.171   0.040390    17.3987    -1.7794     -0.170     0.0267    -1.2734 -9.990e-29
 213.690833     -0.168   0.040638    17.4020    -1.7796     -0.167     0.0268    -1.2739 -9.990e-29
 213.690839     -0.166   0.040827    17.4049    -1.7795     -0.165     0.0269    -1.2743 -9.990e-29
 213.690845     -0.164   0.040657    17.4094    -1.7792     -0.163     0.0268    -1.2752 -9.990e-29
 213.690851     -0.163   0.040453    17.4163    -1.7790     -0.162     0.0267    -1.2765 -9.990e-29
 213.690856     -0.162   0.040493    17.4241    -1.7789     -0.161     0.0268    -1.2779 -9.990e-29
 213.690862     -0.161   0.040831    17.4300    -1.7787     -0.160     0.0269    -1.2788 -9.990e-29
 213.690868     -0.160   0.041362    17.4322    -1.7783     -0.159     0.0272    -1.2790 -9.990e-29
 213.690874     -0.159   0.041688    17.4306    -1.7780     -0.158     0.0274    -1.2786 -9.990e-29
 213.690880     -0.158   0.041689    17.4271    -1.7776     -0.157     0.0274    -1.2780 -9.990e-29
 213.690885     -0.157   0.041366    17.4248    -1.7772     -0.156     0.0272    -1.2777 -9.990e-29
 213.690891     -0.156   0.040839    17.4263    -1.7772     -0.155     0.0269    -1.2782 -9.990e-29
 213.690897     -0.155   0.040515    17.4313    -1.7777     -0.154     0.0268    -1.2792 -9.990e-29
 213.690903     -0.153   0.040514    17.4368    -1.7779     -0.152     0.0268    -1.2802 -9.990e-29
 213.690909     -0.151   0.040831    17.4420    -1.7776     -0.150     0.0269    -1.2810 -9.990e-29
 213.690914     -0.149   0.041335    17.4486    -1.7773     -0.148     0.0272    -1.2820 -9.990e-29
 213.690920     -0.146   0.041590    17.4572    -1.7771     -0.145     0.0273    -1.2834 -9.990e-29
 213.690926     -0.142   0.041384    17.4663    -1.7774     -0.141     0.0272    -1.2851 -9.990e-29
 213.690932     -0.137   0.040993    17.4750    -1.7778     -0.136     0.0270    -1.2868 -9.990e-29
 213.690937     -0.131   0.041003    17.4811    -1.7776     -0.130     0.0270    -1.2879 -9.990e-29
 213.690943     -0.123   0.041427    17.4818    -1.7773     -0.122     0.0272    -1.2879 -9.990e-29
 213.690949     -0.112   0.041722    17.4784    -1.7775     -0.111     0.0274    -1.2871 -9.990e-29
 213.690955     -0.099   0.041727    17.4768    -1.7777     -0.098     0.0274    -1.2869 -9.990e-29
 213.690961     -0.082   0.041446    17.4796    -1.7779     -0.081     0.0272    -1.2875 -9.990e-29
 213.690966     -0.064   0.041060    17.4839    -1.7777     -0.063     0.0270    -1.2884 -9.990e-29
 213.690972     -0.053   0.041160    17.4852    -1.7779     -0.053     0.0271    -1.2886 -9.990e-29
 213.690978     -0.048   0.041877    17.4824    -1.7782     -0.048     0.0274    -1.2878 -9.990e-29
 213.690984     -0.040   0.042507    17.4792    -1.7786     -0.040     0.0278    -1.2870 -9.990e-29
 213.690990     -0.029   0.042782    17.4790    -1.7785     -0.029     0.0279    -1.2868 -9.990e-29
 213.690995     -0.022   0.043621    17.4796    -1.7783     -0.022     0.0283    -1.2866 -9.990e-29
 213.691001     -0.020   0.045590    17.4773    -1.7781     -0.020     0.0293    -1.2854 -9.990e-29
 213.691007     -0.017   0.048543    17.4721    -1.7779     -0.017     0.0308    -1.2833 -9.990e-29
 213.691013     -0.018   0.053651    17.4656    -1.7782     -0.018     0.0335    -1.2801 -9.990e-29
 213.691019     -0.023   0.064955    17.4593    -1.7786     -0.023     0.0394    -1.2745 -9.990e-29
 213.691024     -0.024   0.086452    17.4531    -1.7787     -0.024     0.0507    -1.2646 -9.990e-29
