data/oxygen options/ONMS/Olympic_Coast_National_Marine_Sanctuary_CTD_Data_2005_2023/raw_data/2019/CAST_KL015_190828faed.cnv
* Sea-Bird SBE 19 Data File:
* FileName = C:\2019 Mooring Data\Casts\CAST_KL015_190828.hex
* Software Version SeatermAF 2.1.2
* Temperature SN = 2997
* Conductivity SN = 2997
* System UpLoad Time = Aug 28 2019 22:33:22 (localtime) = Aug 28 2019 22:33:22 (UTC)
** CAST_KL015_190828
* ds
# nquan = 9                                 
# nvalues = 832                         
# units = specified
# name 0 = timeJ: Julian Days
# name 1 = prSM: Pressure, Strain Gauge [db]
# name 2 = c0mS/cm: Conductivity [mS/cm]
# name 3 = t090C: Temperature [ITS-90, deg C]
# name 4 = sbeox0ML/L: Oxygen, SBE 43 [ml/l]
# name 5 = depSM: Depth [salt water, m], lat = 47.5
# name 6 = sal00: Salinity, Practical [PSU]
# name 7 = sigma-é00: Density [sigma-theta, kg/m^3]
# name 8 = flag: flag
# span 0 = 240.895938, 240.900747       
# span 1 =     -5.467,     16.062       
# span 2 =   0.274955,  41.942244       
# span 3 =     9.2596,    21.5621       
# span 4 =    -1.6734,    13.8710       
# span 5 =     -5.421,     15.927       
# span 6 =     0.1452,    33.5989       
# span 7 =    -2.0072,    25.8335       
# span 8 = 0.0000e+00, 0.0000e+00       
# interval = seconds: 0.5
# start_time = Aug 28 2019 21:30:09 [Instrument's time stamp, header]
# bad_flag = -9.990e-29
*END*
 240.895938     -5.467 -9.990e-29    20.5229    -1.6716     -5.421 -9.990e-29 -9.990e-29 -9.990e-29
 240.895943     -5.444   0.275765    20.5241    -1.6718     -5.399     0.1457    -1.7930 -9.990e-29
 240.895949     -5.415   0.275662    20.5296    -1.6720     -5.370     0.1456    -1.7942 -9.990e-29
 240.895955     -5.381   0.275352    20.5349    -1.6717     -5.336     0.1454    -1.7955 -9.990e-29
 240.895961     -5.349   0.274976    20.5392    -1.6712     -5.304     0.1452    -1.7966 -9.990e-29
 240.895966     -5.322   0.274955    20.5458    -1.6710     -5.278     0.1452    -1.7980 -9.990e-29
 240.895972     -5.298   0.275262    20.5576    -1.6713     -5.254     0.1453    -1.8004 -9.990e-29
 240.895978     -5.274   0.275569    20.5754    -1.6717     -5.230     0.1454    -1.8041 -9.990e-29
 240.895984     -5.251   0.275733    20.5957    -1.6716     -5.207     0.1455    -1.8084 -9.990e-29
 240.895990     -5.225   0.275787    20.6109    -1.6712     -5.181     0.1454    -1.8116 -9.990e-29
 240.895995     -5.196   0.275804    20.6168    -1.6710     -5.153     0.1454    -1.8129 -9.990e-29
 240.896001     -5.167   0.275810    20.6192    -1.6711     -5.124     0.1454    -1.8134 -9.990e-29
 240.896007     -5.138   0.275812    20.6248    -1.6709     -5.095     0.1454    -1.8146 -9.990e-29
 240.896013     -5.105   0.275813    20.6324    -1.6707     -5.062     0.1454    -1.8163 -9.990e-29
 240.896019     -5.065   0.275816    20.6364    -1.6705     -5.023     0.1454    -1.8171 -9.990e-29
 240.896024     -5.025   0.275826    20.6347    -1.6706     -4.983     0.1454    -1.8167 -9.990e-29
 240.896030     -4.985   0.275857    20.6319    -1.6711     -4.943     0.1454    -1.8161 -9.990e-29
 240.896036     -4.944   0.275952    20.6334    -1.6718     -4.903     0.1455    -1.8164 -9.990e-29
 240.896042     -4.904   0.276237    20.6387    -1.6718     -4.863     0.1456    -1.8174 -9.990e-29
 240.896047     -4.869   0.276539    20.6433    -1.6718     -4.828     0.1457    -1.8183 -9.990e-29
 240.896053     -4.842   0.276710    20.6466    -1.6722     -4.802     0.1458    -1.8190 -9.990e-29
 240.896059     -4.818   0.276978    20.6508    -1.6729     -4.778     0.1459    -1.8197 -9.990e-29
 240.896065     -4.790   0.277146    20.6550    -1.6729     -4.750     0.1460    -1.8206 -9.990e-29
 240.896071     -4.761   0.276885    20.6563    -1.6730     -4.721     0.1459    -1.8210 -9.990e-29
 240.896076     -4.734   0.276404    20.6519    -1.6733     -4.695     0.1456    -1.8202 -9.990e-29
 240.896082     -4.706   0.276168    20.6418    -1.6734     -4.667     0.1455    -1.8181 -9.990e-29
 240.896088     -4.676   0.276417    20.6306    -1.6730     -4.637     0.1457    -1.8156 -9.990e-29
 240.896094     -4.646   0.276930    20.6229    -1.6731     -4.607     0.1460    -1.8137 -9.990e-29
 240.896100     -4.619   0.277286    20.6165    -1.6728     -4.581     0.1462    -1.8122 -9.990e-29
 240.896105     -4.592   0.277404    20.6068    -1.6726     -4.554     0.1463    -1.8101 -9.990e-29
 240.896111     -4.569   0.277443    20.5959    -1.6723     -4.531     0.1464    -1.8077 -9.990e-29
 240.896117     -4.549   0.277456    20.5887    -1.6718     -4.511     0.1464    -1.8062 -9.990e-29
 240.896123     -4.524   0.277461    20.5838    -1.6718     -4.486     0.1464    -1.8051 -9.990e-29
 240.896128     -4.499   0.277467    20.5794    -1.6718     -4.462     0.1464    -1.8042 -9.990e-29
 240.896134     -4.475   0.277482    20.5784    -1.6711     -4.438     0.1464    -1.8039 -9.990e-29
 240.896140     -4.452   0.277527    20.5813    -1.6709     -4.415     0.1464    -1.8045 -9.990e-29
 240.896146     -4.427   0.277663    20.5858    -1.6709     -4.390     0.1465    -1.8055 -9.990e-29
 240.896152     -4.400   0.278072    20.5921    -1.6706     -4.363     0.1467    -1.8066 -9.990e-29
 240.896157     -4.368   0.278748    20.6003    -1.6703     -4.332     0.1470    -1.8081 -9.990e-29
 240.896163     -4.335   0.279484    20.6094    -1.6697     -4.299     0.1474    -1.8098 -9.990e-29
 240.896169     -4.305   0.280156    20.6181    -1.6695     -4.269     0.1477    -1.8114 -9.990e-29
 240.896175     -4.278   0.280553    20.6250    -1.6694     -4.242     0.1479    -1.8127 -9.990e-29
 240.896181     -4.247   0.280649    20.6326    -1.6694     -4.212     0.1479    -1.8143 -9.990e-29
 240.896186     -4.215   0.280576    20.6427    -1.6691     -4.180     0.1479    -1.8165 -9.990e-29
 240.896192     -4.183   0.280235    20.6516    -1.6688     -4.148     0.1476    -1.8186 -9.990e-29
 240.896198     -4.155   0.279727    20.6582    -1.6688     -4.120     0.1474    -1.8202 -9.990e-29
 240.896204     -4.132   0.279482    20.6660    -1.6688     -4.098     0.1472    -1.8220 -9.990e-29
 240.896209     -4.110   0.279729    20.6770    -1.6687     -4.076     0.1473    -1.8243 -9.990e-29
 240.896215     -4.081   0.280246    20.6888    -1.6687     -4.047     0.1475    -1.8266 -9.990e-29
 240.896221     -4.049   0.280614    20.6973    -1.6689     -4.015     0.1477    -1.8283 -9.990e-29
 240.896227     -4.021   0.280772    20.7024    -1.6692     -3.987     0.1478    -1.8293 -9.990e-29
 240.896233     -3.998   0.280929    20.7070    -1.6696     -3.965     0.1478    -1.8303 -9.990e-29
 240.896238     -3.979   0.281298    20.7132    -1.6693     -3.946     0.1480    -1.8315 -9.990e-29
 240.896244     -3.963   0.281816    20.7191    -1.6688     -3.930     0.1483    -1.8325 -9.990e-29
 240.896250     -3.950   0.282067    20.7225    -1.6685     -3.917     0.1484    -1.8332 -9.990e-29
 240.896256     -3.938   0.281836    20.7242    -1.6683     -3.905     0.1483    -1.8336 -9.990e-29
 240.896262     -3.926   0.281367    20.7249    -1.6679     -3.893     0.1480    -1.8340 -9.990e-29
 240.896267     -3.913   0.281143    20.7234    -1.6677     -3.880     0.1479    -1.8337 -9.990e-29
 240.896273     -3.900   0.281420    20.7188    -1.6671     -3.867     0.1481    -1.8326 -9.990e-29
 240.896279     -3.885   0.282016    20.7126    -1.6666     -3.853     0.1484    -1.8311 -9.990e-29
 240.896285     -3.866   0.282617    20.7092    -1.6663     -3.834     0.1487    -1.8301 -9.990e-29
 240.896291     -3.848   0.282920    20.7130    -1.6664     -3.816     0.1489    -1.8308 -9.990e-29
 240.896296     -3.833   0.282776    20.7225    -1.6667     -3.801     0.1488    -1.8329 -9.990e-29
 240.896302     -3.817   0.282547    20.7328    -1.6662     -3.785     0.1486    -1.8352 -9.990e-29
 240.896308     -3.797   0.282482    20.7421    -1.6657     -3.765     0.1486    -1.8373 -9.990e-29
 240.896314     -3.781   0.282493    20.7519    -1.6657     -3.749     0.1485    -1.8394 -9.990e-29
 240.896319     -3.765   0.282598    20.7641    -1.6660     -3.734     0.1485    -1.8420 -9.990e-29
 240.896325     -3.738   0.282936    20.7785    -1.6660     -3.707     0.1487    -1.8450 -9.990e-29
 240.896331     -3.707   0.283406    20.7912    -1.6659     -3.676     0.1489    -1.8475 -9.990e-29
 240.896337     -3.679   0.283529    20.7986    -1.6656     -3.648     0.1489    -1.8491 -9.990e-29
 240.896343     -3.652   0.283468    20.8008    -1.6653     -3.622     0.1489    -1.8496 -9.990e-29
 240.896348     -3.624   0.283697    20.8030    -1.6651     -3.594     0.1490    -1.8500 -9.990e-29
 240.896354     -3.594   0.283968    20.8099    -1.6654     -3.564     0.1491    -1.8514 -9.990e-29
 240.896360     -3.560   0.284090    20.8181    -1.6657     -3.530     0.1492    -1.8531 -9.990e-29
 240.896366     -3.523   0.284228    20.8214    -1.6656     -3.494     0.1492    -1.8538 -9.990e-29
 240.896372     -3.491   0.284566    20.8206    -1.6653     -3.462     0.1494    -1.8535 -9.990e-29
 240.896377     -3.464   0.285001    20.8206    -1.6645     -3.435     0.1496    -1.8533 -9.990e-29
 240.896383     -3.442   0.285006    20.8239    -1.6639     -3.413     0.1496    -1.8540 -9.990e-29
 240.896389     -3.424   0.284589    20.8301    -1.6643     -3.395     0.1494    -1.8555 -9.990e-29
 240.896395     -3.407   0.284301    20.8363    -1.6643     -3.379     0.1492    -1.8570 -9.990e-29
 240.896400     -3.391   0.284314    20.8385    -1.6641     -3.363     0.1492    -1.8574 -9.990e-29
 240.896406     -3.375   0.284646    20.8362    -1.6635     -3.347     0.1494    -1.8568 -9.990e-29
 240.896412     -3.357   0.285187    20.8341    -1.6628     -3.329     0.1497    -1.8561 -9.990e-29
 240.896418     -3.338   0.285551    20.8376    -1.6629     -3.310     0.1499    -1.8568 -9.990e-29
 240.896424     -3.315   0.285672    20.8483    -1.6633     -3.287     0.1499    -1.8590 -9.990e-29
 240.896429     -3.287   0.285712    20.8631    -1.6635     -3.260     0.1499    -1.8622 -9.990e-29
 240.896435     -3.256   0.285725    20.8737    -1.6632     -3.229     0.1498    -1.8646 -9.990e-29
 240.896441     -3.230   0.285729    20.8768    -1.6627     -3.203     0.1498    -1.8652 -9.990e-29
 240.896447     -3.211   0.285730    20.8791    -1.6625     -3.184     0.1498    -1.8657 -9.990e-29
 240.896453     -3.193   0.285730    20.8869    -1.6624     -3.166     0.1498    -1.8674 -9.990e-29
 240.896458     -3.171   0.285729    20.8999    -1.6622     -3.145     0.1498    -1.8703 -9.990e-29
 240.896464     -3.147   0.285729    20.9112    -1.6618     -3.121     0.1497    -1.8727 -9.990e-29
 240.896470     -3.126   0.285728    20.9139    -1.6618     -3.100     0.1497    -1.8733 -9.990e-29
 240.896476     -3.104   0.285728    20.9105    -1.6618     -3.078     0.1497    -1.8726 -9.990e-29
 240.896481     -3.081   0.285729    20.9096    -1.6614     -3.055     0.1497    -1.8724 -9.990e-29
 240.896487     -3.055   0.285733    20.9152    -1.6615     -3.030     0.1497    -1.8736 -9.990e-29
 240.896493     -3.030   0.285746    20.9242    -1.6616     -3.005     0.1497    -1.8756 -9.990e-29
 240.896499     -3.007   0.285786    20.9325    -1.6614     -2.982     0.1497    -1.8774 -9.990e-29
 240.896505     -2.985   0.285909    20.9395    -1.6609     -2.960     0.1497    -1.8788 -9.990e-29
 240.896510     -2.968   0.286277    20.9460    -1.6605     -2.943     0.1499    -1.8801 -9.990e-29
 240.896516     -2.957   0.286830    20.9517    -1.6600     -2.932     0.1502    -1.8811 -9.990e-29
 240.896522     -2.949   0.287199    20.9558    -1.6601     -2.924     0.1504    -1.8819 -9.990e-29
 240.896528     -2.934   0.287321    20.9600    -1.6604     -2.910     0.1504    -1.8828 -9.990e-29
 240.896534     -2.911   0.287362    20.9644    -1.6606     -2.887     0.1504    -1.8837 -9.990e-29
 240.896539     -2.888   0.287375    20.9668    -1.6605     -2.864     0.1504    -1.8842 -9.990e-29
 240.896545     -2.866   0.287379    20.9696    -1.6601     -2.842     0.1504    -1.8848 -9.990e-29
 240.896551     -2.846   0.287381    20.9767    -1.6603     -2.822     0.1504    -1.8864 -9.990e-29
 240.896557     -2.825   0.287386    20.9876    -1.6604     -2.801     0.1504    -1.8888 -9.990e-29
 240.896562     -2.806   0.287399    20.9989    -1.6602     -2.783     0.1503    -1.8913 -9.990e-29
 240.896568     -2.794   0.287438    21.0066    -1.6598     -2.771     0.1503    -1.8929 -9.990e-29
 240.896574     -2.781   0.287557    21.0080    -1.6596     -2.758     0.1504    -1.8932 -9.990e-29
 240.896580     -2.764   0.287916    21.0052    -1.6599     -2.741     0.1506    -1.8924 -9.990e-29
 240.896586     -2.741   0.288442    21.0033    -1.6599     -2.718     0.1509    -1.8918 -9.990e-29
 240.896591     -2.716   0.288729    21.0048    -1.6599     -2.693     0.1510    -1.8920 -9.990e-29
 240.896597     -2.694   0.288605    21.0074    -1.6601     -2.672     0.1509    -1.8926 -9.990e-29
 240.896603     -2.680   0.288461    21.0082    -1.6603     -2.658     0.1509    -1.8929 -9.990e-29
 240.896609     -2.667   0.288660    21.0095    -1.6606     -2.645     0.1510    -1.8931 -9.990e-29
 240.896615     -2.650   0.288913    21.0140    -1.6601     -2.628     0.1511    -1.8940 -9.990e-29
 240.896620     -2.634   0.289005    21.0202    -1.6599     -2.612     0.1511    -1.8953 -9.990e-29
 240.896626     -2.621   0.289059    21.0236    -1.6601     -2.599     0.1511    -1.8960 -9.990e-29
 240.896632     -2.610   0.289150    21.0228    -1.6602     -2.588     0.1512    -1.8958 -9.990e-29
 240.896638     -2.601   0.289399    21.0211    -1.6600     -2.579     0.1513    -1.8953 -9.990e-29
 240.896644     -2.593   0.289584    21.0190    -1.6595     -2.571     0.1514    -1.8948 -9.990e-29
 240.896649     -2.586   0.289400    21.0147    -1.6590     -2.564     0.1513    -1.8939 -9.990e-29
 240.896655     -2.579   0.289154    21.0098    -1.6588     -2.557     0.1512    -1.8929 -9.990e-29
 240.896661     -2.571   0.289075    21.0086    -1.6587     -2.550     0.1512    -1.8927 -9.990e-29
 240.896667     -2.563   0.289057    21.0123    -1.6587     -2.542     0.1512    -1.8935 -9.990e-29
 240.896672     -2.553   0.289076    21.0156    -1.6585     -2.532     0.1512    -1.8942 -9.990e-29
 240.896678     -2.541   0.289157    21.0159    -1.6580     -2.520     0.1512    -1.8943 -9.990e-29
 240.896684     -2.527   0.289407    21.0176    -1.6574     -2.506     0.1513    -1.8946 -9.990e-29
 240.896690     -2.509   0.289607    21.0245    -1.6572     -2.488     0.1514    -1.8960 -9.990e-29
 240.896696     -2.486   0.289468    21.0358    -1.6567     -2.465     0.1513    -1.8985 -9.990e-29
 240.896701     -2.461   0.289359    21.0475    -1.6564     -2.440     0.1512    -1.9011 -9.990e-29
 240.896707     -2.437   0.289686    21.0563    -1.6566     -2.417     0.1513    -1.9029 -9.990e-29
 240.896713     -2.412   0.290331    21.0620    -1.6566     -2.392     0.1517    -1.9039 -9.990e-29
 240.896719     -2.389   0.291047    21.0672    -1.6563     -2.369     0.1520    -1.9048 -9.990e-29
 240.896725     -2.371   0.291680    21.0752    -1.6564     -2.351     0.1523    -1.9063 -9.990e-29
 240.896730     -2.356   0.291967    21.0875    -1.6568     -2.336     0.1524    -1.9089 -9.990e-29
 240.896736     -2.344   0.291735    21.1013    -1.6573     -2.324     0.1523    -1.9120 -9.990e-29
 240.896742     -2.334   0.291230    21.1138    -1.6583     -2.315     0.1520    -1.9150 -9.990e-29
 240.896748     -2.325   0.290886    21.1241    -1.6588     -2.306     0.1518    -1.9174 -9.990e-29
 240.896753     -2.317   0.290796    21.1304    -1.6591     -2.298     0.1517    -1.9188 -9.990e-29
 240.896759     -2.308   0.290841    21.1324    -1.6589     -2.289     0.1517    -1.9193 -9.990e-29
 240.896765     -2.300   0.291079    21.1336    -1.6590     -2.281     0.1518    -1.9194 -9.990e-29
 240.896771     -2.290   0.291273    21.1342    -1.6590     -2.271     0.1519    -1.9195 -9.990e-29
 240.896777     -2.279   0.291128    21.1304    -1.6594     -2.260     0.1519    -1.9187 -9.990e-29
 240.896782     -2.265   0.291005    21.1201    -1.6595     -2.246     0.1518    -1.9165 -9.990e-29
 240.896788     -2.252   0.291292    21.1034    -1.6593     -2.233     0.1520    -1.9127 -9.990e-29
 240.896794     -2.244   0.291819    21.0837    -1.6592     -2.225     0.1524    -1.9081 -9.990e-29
 240.896800     -2.236   0.292181    21.0678    -1.6592     -2.217     0.1526    -1.9045 -9.990e-29
 240.896806     -2.223   0.292304    21.0588    -1.6597     -2.204     0.1527    -1.9024 -9.990e-29
 240.896811     -2.208   0.292354    21.0551    -1.6605     -2.190     0.1527    -1.9016 -9.990e-29
 240.896817     -2.195   0.292395    21.0528    -1.6604     -2.177     0.1528    -1.9011 -9.990e-29
 240.896823     -2.184   0.292482    21.0488    -1.6598     -2.166     0.1528    -1.9002 -9.990e-29
 240.896829     -2.172   0.292730    21.0440    -1.6593     -2.154     0.1530    -1.8990 -9.990e-29
 240.896834     -2.160   0.292917    21.0420    -1.6593     -2.142     0.1531    -1.8985 -9.990e-29
 240.896840     -2.146   0.292737    21.0433    -1.6595     -2.128     0.1530    -1.8989 -9.990e-29
 240.896846     -2.130   0.292505    21.0438    -1.6594     -2.112     0.1529    -1.8991 -9.990e-29
 240.896852     -2.116   0.292463    21.0391    -1.6593     -2.098     0.1528    -1.8980 -9.990e-29
 240.896858     -2.106   0.292555    21.0285    -1.6589     -2.088     0.1529    -1.8957 -9.990e-29
