data/oxygen options/ONMS/Olympic_Coast_National_Marine_Sanctuary_CTD_Data_2005_2023/raw_data/2019/CAST_CE042_190625faed.cnv
* Sea-Bird SBE19 Data File:
* FileName = C:\2019 Mooring Data\Casts\CAST_CE042_190625.hex
* Software Version 1.59
* Temperature SN = 2997
* Conductivity SN = 2997
* System UpLoad Time = Jun 25 2019 18:28:57
** CAST_CE042_190625
* ds
# nquan = 9                                 
# nvalues = 926                         
# units = specified
# name 0 = timeJ: Julian Days
# name 1 = prSM: Pressure, Strain Gauge [db]
# name 2 = c0mS/cm: Conductivity [mS/cm]
# name 3 = t090C: Temperature [ITS-90, deg C]
# name 4 = sbeox0ML/L: Oxygen, SBE 43 [ml/l]
# name 5 = depSM: Depth [salt water, m], lat = 47.5
# name 6 = sal00: Salinity, Practical [PSU]
# name 7 = sigma-é00: Density [sigma-theta, kg/m^3]
# name 8 = flag: flag
# span 0 = 176.715590, 176.720943       
# span 1 =     -5.247,     41.944       
# span 2 =   0.469100,  39.767533       
# span 3 =     7.8221,    14.6882       
# span 4 =   -12.1076,    17.0110       
# span 5 =     -5.203,     41.590       
# span 6 =     0.2860,    33.8351       
# span 7 =    -0.6244,    26.3844       
# span 8 = 0.0000e+00, 0.0000e+00       
# interval = seconds: 0.5
# start_time = Jun 25 2019 17:10:27 [Instrument's time stamp, header]
# bad_flag = -9.990e-29
*END*
[from data line 321]
 176.717448     -0.688   0.477386    14.6226    -1.8802     -0.682     0.2909    -0.6171 -9.990e-29
 176.717454     -0.688   0.476927    14.6209    -1.8800     -0.682     0.2906    -0.6170 -9.990e-29
 176.717459     -0.688   0.476145    14.6219    -1.8800     -0.682     0.2901    -0.6176 -9.990e-29
 176.717465     -0.687   0.475660    14.6254    -1.8800     -0.681     0.2898    -0.6183 -9.990e-29
 176.717471     -0.686   0.475931    14.6297    -1.8799     -0.680     0.2899    -0.6188 -9.990e-29
 176.717477     -0.683   0.476211    14.6343    -1.8797     -0.677     0.2901    -0.6194 -9.990e-29
 176.717483     -0.680   0.475766    14.6394    -1.8799     -0.674     0.2898    -0.6204 -9.990e-29
 176.717488     -0.676   0.475111    14.6447    -1.8802     -0.670     0.2893    -0.6215 -9.990e-29
 176.717494     -0.670   0.475032    14.6498    -1.8806     -0.664     0.2892    -0.6224 -9.990e-29
 176.717500     -0.663   0.475424    14.6543    -1.8813     -0.657     0.2894    -0.6229 -9.990e-29
 176.717506     -0.657   0.475703    14.6574    -1.8818     -0.652     0.2896    -0.6232 -9.990e-29
 176.717512     -0.658   0.475686    14.6591    -1.8822     -0.653     0.2896    -0.6235 -9.990e-29
 176.717517     -0.660   0.475352    14.6605    -1.8826     -0.654     0.2893    -0.6238 -9.990e-29
 176.717523     -0.660   0.474807    14.6618    -1.8831     -0.654     0.2890    -0.6243 -9.990e-29
 176.717529     -0.657   0.474432    14.6615    -1.8832     -0.652     0.2888    -0.6244 -9.990e-29
 176.717535     -0.652   0.474281    14.6580    -1.8832     -0.647     0.2887    -0.6240 -9.990e-29
 176.717541     -0.644   0.474152    14.6509    -1.8832     -0.639     0.2887    -0.6229 -9.990e-29
 176.717546     -0.633   0.473872    14.6406    -1.8831     -0.628     0.2886    -0.6215 -9.990e-29
 176.717552     -0.617   0.473624    14.6282    -1.8832     -0.612     0.2885    -0.6197 -9.990e-29
 176.717558     -0.600   0.473630    14.6162    -1.8830     -0.595     0.2886    -0.6179 -9.990e-29
 176.717564     -0.586   0.473342    14.6060    -1.8830     -0.581     0.2885    -0.6165 -9.990e-29
 176.717569     -0.574   0.472377    14.5965    -1.8830     -0.569     0.2879    -0.6155 -9.990e-29
 176.717575     -0.566   0.471111    14.5883    -1.8830     -0.561     0.2872    -0.6149 -9.990e-29
 176.717581     -0.567   0.470069    14.5833    -1.8832     -0.562     0.2866    -0.6146 -9.990e-29
 176.717587     -0.572   0.469524    14.5814    -1.8837     -0.567     0.2862    -0.6146 -9.990e-29
 176.717593     -0.574   0.469300    14.5815    -1.8840     -0.569     0.2861    -0.6147 -9.990e-29
 176.717598     -0.572   0.469100    14.5821    -1.8843     -0.567     0.2860    -0.6149 -9.990e-29
 176.717604     -0.571   0.469211    14.5826    -1.8847     -0.566     0.2860    -0.6149 -9.990e-29
 176.717610     -0.570   0.470333    14.5831    -1.8849     -0.565     0.2867    -0.6145 -9.990e-29
 176.717616     -0.569   0.472854    14.5829    -1.8849     -0.564     0.2883    -0.6132 -9.990e-29
 176.717622     -0.569   0.476815    14.5811    -1.8853     -0.564     0.2908    -0.6110 -9.990e-29
 176.717627     -0.569   0.481957    14.5773    -1.8856     -0.564     0.2941    -0.6079 -9.990e-29
 176.717633     -0.570   0.487934    14.5707    -1.8856     -0.565     0.2979    -0.6040 -9.990e-29
 176.717639     -0.571   0.494409    14.5618    -1.8857     -0.566     0.3020    -0.5995 -9.990e-29
 176.717645     -0.572   0.501152    14.5522    -1.8857     -0.567     0.3063    -0.5947 -9.990e-29
 176.717650     -0.574   0.508292    14.5425    -1.8858     -0.569     0.3109    -0.5898 -9.990e-29
 176.717656     -0.577   0.516489    14.5333    -1.8860     -0.572     0.3162    -0.5844 -9.990e-29
 176.717662     -0.580   0.526148    14.5257    -1.8860     -0.575     0.3223    -0.5785 -9.990e-29
 176.717668     -0.581   0.536300    14.5191    -1.8860     -0.576     0.3288    -0.5725 -9.990e-29
 176.717674     -0.574   0.546081    14.5120    -1.8859     -0.569     0.3350    -0.5666 -9.990e-29
 176.717679     -0.563   0.555791    14.5055    -1.8859     -0.558     0.3413    -0.5609 -9.990e-29
 176.717685     -0.557   0.565086    14.5012    -1.8834     -0.552     0.3472    -0.5556 -9.990e-29
 176.717691     -0.554   0.572511    14.4981    -1.8759     -0.549     0.3519    -0.5515 -9.990e-29
 176.717697     -0.551   0.577995    14.4951    -1.8746     -0.546     0.3554    -0.5483 -9.990e-29
 176.717703     -0.547   0.583129    14.4918    -1.8722     -0.542     0.3587    -0.5453 -9.990e-29
 176.717708     -0.542   0.588665    14.4888    -1.8741     -0.537     0.3623    -0.5421 -9.990e-29
 176.717714     -0.535   0.594600    14.4872    -1.8756     -0.531     0.3661    -0.5390 -9.990e-29
 176.717720     -0.527   0.601644    14.4864    -1.8769     -0.523     0.3706    -0.5354 -9.990e-29
 176.717726     -0.521   0.612356    14.4860    -1.8779     -0.517     0.3774    -0.5300 -9.990e-29
 176.717731     -0.516   0.633819    14.4860    -1.5672     -0.512     0.3911    -0.5194 -9.990e-29
 176.717737     -0.508   0.688003    14.4869    -1.5624     -0.504     0.4258    -0.4926 -9.990e-29
 176.717743     -0.497   0.842167    14.4889    -1.5716     -0.493     0.5253    -0.4159 -9.990e-29
 176.717749     -0.481   1.187192    14.4908    -1.5744     -0.477     0.7514    -0.2411 -9.990e-29
 176.717755     -0.465   1.640091    14.4905    -1.5744     -0.461     1.0543    -0.0068 -9.990e-29
 176.717760     -0.446   2.003388    14.4863    -1.5730     -0.442     1.3013     0.1847 -9.990e-29
 176.717766     -0.421   2.246551    14.4756    -1.5721     -0.417     1.4687     0.3155 -9.990e-29
 176.717772     -0.390   2.526914    14.4518    -1.5723     -0.387     1.6638     0.4696 -9.990e-29
 176.717778     -0.357   3.321417    14.3920    -1.5727     -0.354     2.2254     0.9118 -9.990e-29
 176.717784     -0.319   5.912272    14.2216    -1.5734     -0.316     4.1297     2.4041 -9.990e-29
 176.717789     -0.270  13.930238    13.9191    -1.5731     -0.268    10.4657     7.3204 -9.990e-29
 176.717795     -0.203  26.274205    13.6220    -1.5730     -0.201    21.0627    15.5148 -9.990e-29
 176.717801     -0.116  34.914538    13.4449    -1.5724     -0.115    28.9564    21.6310 -9.990e-29
 176.717807     -0.019  38.042477    13.3750    -1.5726     -0.019    31.9108    23.9270 -9.990e-29
 176.717813      0.075  39.108771    13.3657    -1.5725      0.074    32.9166    24.7066 -9.990e-29
 176.717818      0.154  39.496979    13.3772    -1.5726      0.153    33.2710    24.9784 -9.990e-29
 176.717824      0.218  39.647918    13.3839    -1.5734      0.216    33.4069    25.0822 -9.990e-29
 176.717830      0.272  39.695578    13.3799    -1.5732      0.270    33.4552    25.1203 -9.990e-29
 176.717836      0.319  39.696749    13.3736    -1.5730      0.316    33.4618    25.1267 -9.990e-29
 176.717841      0.358  39.687126    13.3731    -1.5732      0.355    33.4532    25.1201 -9.990e-29
 176.717847      0.382  39.681849    13.3775    -1.5736      0.379    33.4443    25.1124 -9.990e-29
 176.717853      0.394  39.682241    13.3816    -1.5735      0.391    33.4411    25.1091 -9.990e-29
 176.717859      0.403  39.687105    13.3775    -1.5740      0.400    33.4493    25.1162 -9.990e-29
 176.717865      0.413  39.695047    13.3644    -1.5744      0.410    33.4682    25.1336 -9.990e-29
 176.717870      0.425  39.713259    13.3549    -1.5743      0.421    33.4937    25.1552 -9.990e-29
 176.717876      0.441  39.742454    13.3567    -1.5744      0.437    33.5196    25.1748 -9.990e-29
 176.717882      0.455  39.748124    13.3626    -1.5744      0.451    33.5197    25.1738 -9.990e-29
 176.717888      0.462  39.718181    13.3631    -1.5742      0.458    33.4911    25.1515 -9.990e-29
 176.717894      0.461  39.691651    13.3573    -1.5743      0.457    33.4713    25.1373 -9.990e-29
 176.717899      0.461  39.686906    13.3501    -1.5742      0.457    33.4731    25.1402 -9.990e-29
 176.717905      0.462  39.689177    13.3430    -1.5737      0.458    33.4815    25.1481 -9.990e-29
 176.717911      0.460  39.688005    13.3349    -1.5737      0.456    33.4875    25.1544 -9.990e-29
 176.717917      0.458  39.682906    13.3291    -1.5733      0.454    33.4878    25.1558 -9.990e-29
 176.717922      0.457  39.674324    13.3283    -1.5733      0.453    33.4805    25.1503 -9.990e-29
 176.717928      0.453  39.663662    13.3293    -1.5732      0.449    33.4696    25.1417 -9.990e-29
 176.717934      0.449  39.653468    13.3295    -1.5727      0.445    33.4598    25.1341 -9.990e-29
 176.717940      0.449  39.647480    13.3299    -1.5723      0.445    33.4538    25.1293 -9.990e-29
 176.717946      0.453  39.649438    13.3324    -1.5730      0.449    33.4534    25.1286 -9.990e-29
 176.717951      0.462  39.654070    13.3386    -1.5737      0.458    33.4523    25.1265 -9.990e-29
 176.717957      0.472  39.655747    13.3467    -1.5733      0.468    33.4468    25.1205 -9.990e-29
 176.717963      0.480  39.657227    13.3499    -1.5733      0.476    33.4454    25.1188 -9.990e-29
 176.717969      0.485  39.661005    13.3463    -1.5738      0.481    33.4521    25.1247 -9.990e-29
 176.717975      0.488  39.675443    13.3444    -1.5739      0.484    33.4673    25.1369 -9.990e-29
 176.717980      0.494  39.704066    13.3522    -1.5742      0.490    33.4874    25.1509 -9.990e-29
 176.717986      0.503  39.726734    13.3667    -1.5745      0.499    33.4960    25.1546 -9.990e-29
 176.717992      0.511  39.727692    13.3755    -1.5741      0.507    33.4891    25.1475 -9.990e-29
 176.717998      0.519  39.714902    13.3695    -1.5736      0.515    33.4824    25.1435 -9.990e-29
 176.718003      0.528  39.699845    13.3545    -1.5732      0.524    33.4814    25.1457 -9.990e-29
 176.718009      0.537  39.690980    13.3423    -1.5735      0.533    33.4838    25.1501 -9.990e-29
 176.718015      0.543  39.700535    13.3371    -1.5740      0.538    33.4974    25.1616 -9.990e-29
 176.718021      0.547  39.719919    13.3358    -1.5745      0.542    33.5167    25.1769 -9.990e-29
 176.718027      0.553  39.720593    13.3325    -1.5748      0.548    33.5203    25.1803 -9.990e-29
 176.718032      0.557  39.701175    13.3242    -1.5741      0.552    33.5093    25.1734 -9.990e-29
 176.718038      0.559  39.685596    13.3148    -1.5735      0.554    33.5029    25.1704 -9.990e-29
 176.718044      0.565  39.686657    13.3109    -1.5733      0.560    33.5074    25.1746 -9.990e-29
 176.718050      0.569  39.705731    13.3172    -1.5734      0.564    33.5198    25.1829 -9.990e-29
 176.718056      0.573  39.734594    13.3305    -1.5735      0.568    33.5352    25.1922 -9.990e-29
 176.718061      0.580  39.748385    13.3385    -1.5736      0.575    33.5411    25.1952 -9.990e-29
 176.718067      0.587  39.730718    13.3346    -1.5737      0.582    33.5280    25.1858 -9.990e-29
 176.718073      0.590  39.697217    13.3260    -1.5738      0.585    33.5040    25.1690 -9.990e-29
 176.718079      0.590  39.673766    13.3221    -1.5739      0.585    33.4853    25.1553 -9.990e-29
 176.718084      0.590  39.664351    13.3240    -1.5738      0.585    33.4748    25.1468 -9.990e-29
 176.718090      0.595  39.669822    13.3285    -1.5737      0.590    33.4760    25.1468 -9.990e-29
 176.718096      0.601  39.695192    13.3336    -1.5735      0.596    33.4954    25.1608 -9.990e-29
 176.718102      0.603  39.723268    13.3370    -1.5733      0.598    33.5188    25.1782 -9.990e-29
 176.718108      0.603  39.732623    13.3339    -1.5733      0.598    33.5304    25.1878 -9.990e-29
 176.718113      0.604  39.726726    13.3253    -1.5736      0.599    33.5324    25.1911 -9.990e-29
 176.718119      0.611  39.727929    13.3204    -1.5737      0.606    33.5378    25.1963 -9.990e-29
 176.718125      0.619  39.740600    13.3230    -1.5734      0.614    33.5475    25.2032 -9.990e-29
 176.718131      0.626  39.743494    13.3269    -1.5733      0.621    33.5467    25.2019 -9.990e-29
 176.718137      0.631  39.729221    13.3264    -1.5733      0.626    33.5338    25.1919 -9.990e-29
 176.718142      0.635  39.717370    13.3243    -1.5734      0.630    33.5244    25.1851 -9.990e-29
 176.718148      0.638  39.724035    13.3242    -1.5736      0.633    33.5308    25.1901 -9.990e-29
 176.718154      0.641  39.740695    13.3251    -1.5732      0.636    33.5457    25.2014 -9.990e-29
 176.718160      0.642  39.754227    13.3254    -1.5731      0.637    33.5582    25.2110 -9.990e-29
 176.718166      0.644  39.760787    13.3252    -1.5737      0.639    33.5645    25.2160 -9.990e-29
 176.718171      0.645  39.758437    13.3253    12.8320      0.640    33.5622    25.2142 -9.990e-29
 176.718177      0.646  39.750727    13.3254    16.6333      0.641    33.5549    25.2085 -9.990e-29
 176.718183      0.647  39.749747    13.3255    17.0110      0.642    33.5539    25.2077 -9.990e-29
 176.718189      0.647  39.759194    13.3268    14.6488      0.642    33.5616    25.2134 -9.990e-29
 176.718194      0.648  39.767533    13.3284     9.3158      0.643    33.5681    25.2180 -9.990e-29
 176.718200      0.648  39.765114    13.3280     9.7350      0.643    33.5661    25.2166 -9.990e-29
 176.718206      0.648  39.755395    13.3266    10.1726      0.643    33.5582    25.2108 -9.990e-29
 176.718212      0.648  39.752832    13.3267    10.2911      0.643    33.5557    25.2088 -9.990e-29
 176.718218      0.648  39.757888    13.3284    10.2538      0.643    33.5590    25.2110 -9.990e-29
 176.718223      0.649  39.742527    13.3296    10.1563      0.644    33.5434    25.1988 -9.990e-29
 176.718229      0.649  39.685109    13.3288    10.0881      0.644    33.4901    25.1577 -9.990e-29
 176.718235      0.649  39.613244    13.3272    10.0341      0.644    33.4239    25.1067 -9.990e-29
 176.718241      0.649  39.571133    13.3266     9.9874      0.644    33.3848    25.0766 -9.990e-29
 176.718247      0.649  39.559730    13.3269     9.9497      0.644    33.3738    25.0680 -9.990e-29
 176.718252      0.649  39.558190    13.3261     9.9080      0.644    33.3730    25.0676 -9.990e-29
 176.718258      0.649  39.555457    13.3221     9.8803      0.644    33.3740    25.0692 -9.990e-29
 176.718264      0.650  39.545606    13.3140     9.8782      0.645    33.3718    25.0691 -9.990e-29
 176.718270      0.650  39.533390    13.3061     9.8742      0.645    33.3672    25.0672 -9.990e-29
 176.718275      0.650  39.529375    13.3040     9.8644      0.645    33.3653    25.0661 -9.990e-29
 176.718281      0.650  39.532087    13.3074     9.8682      0.645    33.3649    25.0651 -9.990e-29
 176.718287      0.650  39.535017    13.3108     9.8573      0.645    33.3647    25.0642 -9.990e-29
 176.718293      0.651  39.534188    13.3104     9.8577      0.646    33.3642    25.0640 -9.990e-29
 176.718299      0.651  39.529016    13.3085     9.8620      0.646    33.3610    25.0619 -9.990e-29
 176.718304      0.652  39.522650    13.3080     9.8590      0.647    33.3555    25.0577 -9.990e-29
 176.718310      0.653  39.518890    13.3080     9.8680      0.648    33.3519    25.0549 -9.990e-29
 176.718316      0.654  39.518843    13.3075     9.8731      0.649    33.3523    25.0553 -9.990e-29
 176.718322      0.656  39.518487    13.3056     9.8819      0.651    33.3537    25.0567 -9.990e-29
 176.718328      0.657  39.515627    13.3010     9.8790      0.652    33.3550    25.0587 -9.990e-29
 176.718333      0.660  39.511452    13.2952     9.8759      0.654    33.3562    25.0608 -9.990e-29
 176.718339      0.663  39.509882    13.2915     9.8616      0.657    33.3579    25.0629 -9.990e-29
 176.718345      0.667  39.511583    13.2907     9.8599      0.661    33.3602    25.0648 -9.990e-29
 176.718351      0.672  39.512619    13.2910     9.8531      0.666    33.3609    25.0653 -9.990e-29
 176.718356      0.678  39.513772    13.2918     9.8503      0.672    33.3613    25.0654 -9.990e-29
 176.718362      0.682  39.517100    13.2940     9.8516      0.676    33.3625    25.0659 -9.990e-29
