data/oxygen options/ONMS/Olympic_Coast_National_Marine_Sanctuary_CTD_Data_2005_2023/raw_data/2019/CAST_KL015_190528faed.cnv
* Sea-Bird SBE19 Data File:
* FileName = C:\2019 Mooring Data\Casts\CAST_KL015_190528.hex
* Software Version 1.59
* Temperature SN = 2997
* Conductivity SN = 2997
* System UpLoad Time = May 28 2019 18:50:17
** CAST_KL015_190528
* ds
# nquan = 9                                 
# nvalues = 702                         
# units = specified
# name 0 = timeJ: Julian Days
# name 1 = prSM: Pressure, Strain Gauge [db]
# name 2 = c0mS/cm: Conductivity [mS/cm]
# name 3 = t090C: Temperature [ITS-90, deg C]
# name 4 = sbeox0ML/L: Oxygen, SBE 43 [ml/l]
# name 5 = depSM: Depth [salt water, m], lat = 47.5
# name 6 = sal00: Salinity, Practical [PSU]
# name 7 = sigma-é00: Density [sigma-theta, kg/m^3]
# name 8 = flag: flag
# span 0 = 148.762257, 148.766314       
# span 1 =     -5.217,     15.386       
# span 2 =   0.280663,  36.685336       
# span 3 =    10.9766,    13.8458       
# span 4 =    -1.9331,    12.9043       
# span 5 =     -5.174,     15.257       
# span 6 =     0.1723,    32.0916       
# span 7 =    -0.5940,    24.5024       
# span 8 = 0.0000e+00, 0.0000e+00       
# interval = seconds: 0.5
# start_time = May 28 2019 18:17:39 [Instrument's time stamp, header]
# bad_flag = -9.990e-29
*END*
[from data line 641]
 148.765966     12.055  36.089899    11.0111     5.9225     11.954    32.0526    24.4795 0.0000e+00
 148.765972     11.829  36.097219    11.0524     6.1814     11.730    32.0239    24.4499 0.0000e+00
 148.765978     11.599  36.117095    11.1515     6.3603     11.502    31.9573    24.3807 0.0000e+00
 148.765984     11.363  36.162030    11.3244     6.4685     11.268    31.8518    24.2680 0.0000e+00
 148.765990     11.123  36.237630    11.5296     6.5168     11.030    31.7492    24.1515 0.0000e+00
 148.765995     10.881  36.327132    11.7072     6.5298     10.790    31.6844    24.0691 0.0000e+00
 148.766001     10.642  36.408806    11.8432     6.5215     10.553    31.6477    24.0158 0.0000e+00
 148.766007     10.418  36.482408    11.9467     6.5179     10.331    31.6309    23.9837 0.0000e+00
 148.766013     10.215  36.542519    12.0115     6.5185     10.129    31.6339    23.9741 0.0000e+00
 148.766019     10.029  36.572438    12.0474     6.5211      9.945    31.6323    23.9663 0.0000e+00
 148.766024      9.844  36.580159    12.0895     6.5344      9.762    31.6041    23.9366 0.0000e+00
 148.766030      9.644  36.587745    12.1510     6.5326      9.563    31.5595    23.8906 0.0000e+00
 148.766036      9.425  36.600271    12.2156     6.5247      9.346    31.5172    23.8457 0.0000e+00
 148.766042      9.195  36.611487    12.2725     6.5185      9.118    31.4801    23.8064 0.0000e+00
 148.766047      8.960  36.621244    12.3228     6.5073      8.885    31.4473    23.7716 0.0000e+00
 148.766053      8.722  36.629126    12.3658     6.5134      8.649    31.4189    23.7415 0.0000e+00
 148.766059      8.487  36.633891    12.4008     6.5284      8.416    31.3943    23.7158 0.0000e+00
 148.766065      8.267  36.638544    12.4287     6.5270      8.198    31.3755    23.6960 0.0000e+00
 148.766071      8.068  36.642578    12.4487     6.5318      8.001    31.3627    23.6823 0.0000e+00
 148.766076      7.887  36.642420    12.4640     6.5326      7.821    31.3498    23.6694 0.0000e+00
 148.766082      7.708  36.637865    12.4837     6.5318      7.644    31.3291    23.6497 0.0000e+00
 148.766088      7.520  36.631802    12.5118     6.5148      7.457    31.3001    23.6219 0.0000e+00
 148.766094      7.319  36.626226    12.5454     6.5123      7.258    31.2669    23.5898 0.0000e+00
 148.766100      7.105  36.621545    12.5780     6.5037      7.046    31.2355    23.5593 0.0000e+00
 148.766105      6.886  36.616003    12.6051     6.4753      6.828    31.2078    23.5328 0.0000e+00
 148.766111      6.669  36.606699    12.6355     6.4501      6.613    31.1739    23.5008 0.0000e+00
 148.766117      6.454  36.592992    12.6811     6.4281      6.400    31.1234    23.4529 0.0000e+00
 148.766123      6.236  36.575649    12.7361     6.4384      6.184    31.0618    23.3948 0.0000e+00
 148.766128      6.012  36.553945    12.7843     6.4528      5.962    31.0018    23.3391 0.0000e+00
 148.766134      5.792  36.523590    12.8230     6.4385      5.744    30.9415    23.2851 0.0000e+00
 148.766140      5.581  36.486117    12.8562     6.4161      5.534    30.8792    23.2305 0.0000e+00
 148.766146      5.376  36.454846    12.8804     6.3867      5.331    30.8302    23.1879 0.0000e+00
 148.766152      5.167  36.435680    12.9014     6.3886      5.124    30.7951    23.1568 0.0000e+00
 148.766157      4.954  36.421550    12.9294     6.3910      4.913    30.7592    23.1236 0.0000e+00
 148.766163      4.741  36.405378    12.9685     6.4163      4.701    30.7124    23.0799 0.0000e+00
 148.766169      4.531  36.377361    13.0181     6.4311      4.493    30.6461    23.0190 0.0000e+00
 148.766175      4.323  36.336543    13.0723     6.4232      4.287    30.5642    22.9453 0.0000e+00
 148.766181      4.113  36.304096    13.1422     6.4092      4.079    30.4779    22.8650 0.0000e+00
 148.766186      3.901  36.283802    13.2360     6.3909      3.868    30.3840    22.7742 0.0000e+00
 148.766192      3.690  36.265407    13.3344     6.3754      3.659    30.2886    22.6814 0.0000e+00
 148.766198      3.480  36.251270    13.4209     6.3645      3.451    30.2070    22.6014 0.0000e+00
 148.766204      3.266  36.229278    13.4893     6.3532      3.239    30.1327    22.5306 0.0000e+00
 148.766209      3.046  36.186924    13.5366     6.3489      3.021    30.0564    22.4624 0.0000e+00
 148.766215      2.825  36.136620    13.5661     6.3406      2.801    29.9869    22.4030 0.0000e+00
 148.766221      2.605  36.096412    13.5851     6.3157      2.583    29.9351    22.3592 0.0000e+00
 148.766227      2.390  36.063646    13.6002     6.2497      2.370    29.8932    22.3239 0.0000e+00
 148.766233      2.182  36.031032    13.6139     6.1886      2.164    29.8526    22.2899 0.0000e+00
 148.766238      1.987  36.009397    13.6247     6.1503      1.970    29.8244    22.2659 0.0000e+00
 148.766244      1.803  36.002931    13.6305     7.0381      1.788    29.8140    22.2568 0.0000e+00
 148.766250      1.629  36.000775    13.6317     7.1242      1.615    29.8111    22.2543 0.0000e+00
 148.766256      1.465  35.994460    13.6296     7.0790      1.453    29.8070    22.2516 0.0000e+00
 148.766262      1.315  35.984526    13.6206 -9.990e-29      1.304    29.8049    22.2517 0.0000e+00
 148.766267      1.177  35.969486    13.5995 -9.990e-29      1.167    29.8076    22.2579 -9.990e-29
 148.766273      1.056  35.934886    13.5692 -9.990e-29      1.047    29.7994    22.2575 -9.990e-29
 148.766279      0.956  35.849709    13.5340 -9.990e-29      0.948    29.7484    22.2251 -9.990e-29
 148.766285      0.875  35.618861    13.4970 -9.990e-29      0.868    29.5644    22.0903 -9.990e-29
 148.766291      0.809  34.939576    13.4627 -9.990e-29      0.802    28.9656    21.6347 -9.990e-29
 148.766296      0.753  32.901098    13.4347 -9.990e-29      0.747    27.1196    20.2156 -9.990e-29
 148.766302      0.709  26.780969    13.4156 -9.990e-29      0.703    21.6253    15.9848 -9.990e-29
 148.766308      0.680  17.189991    13.4086 -9.990e-29      0.674    13.3238     9.5992 -9.990e-29
 148.766314      0.671  10.171845 -9.990e-29 -9.990e-29      0.665 -9.990e-29 -9.990e-29 -9.990e-29
