data/oxygen options/ONMS/Olympic_Coast_National_Marine_Sanctuary_CTD_Data_2005_2023/raw_data/2019/CAST_TH042_191001faedb.cnv
* Sea-Bird SBE 19 Data File:
* FileName = C:\2019 Mooring Data\Casts\CAST_TH042_191001.hex
* Software Version SeatermAF 2.1.2
* Temperature SN = 2997
* Conductivity SN = 2997
* System UpLoad Time = Oct 01 2019 21:10:59 (localtime) = Oct 01 2019 21:10:59 (UTC)
** CAST_TH042_191001
* ds
# nquan = 9
# nvalues = 43                          
# units = specified
# name 0 = timeJ: Julian Days
# name 1 = prSM: Pressure, Strain Gauge [db]
# name 2 = c0mS/cm: Conductivity [mS/cm]
# name 3 = t090C: Temperature [ITS-90, deg C]
# name 4 = sbeox0ML/L: Oxygen, SBE 43 [ml/l]
# name 5 = depSM: Depth [salt water, m], lat = 47.5
# name 6 = sal00: Salinity, Practical [PSU]
# name 7 = sigma-é00: Density [sigma-theta, kg/m^3]
# name 8 = flag: flag
# span 0 = 274.845504, 274.846457       
# span 1 =      2.000,     44.000       
# span 2 =  34.995922,  37.997716       
# span 3 =     8.3547,    13.4403       
# span 4 =     2.3882,     6.8047       
# span 5 =      1.983,     43.627       
# span 6 =    31.8025,    33.3898       
# span 7 =    23.8391,    25.9569       
# span 8 = 0.0000e+00, 0.0000e+00       
# interval = decibars: 1                
# start_time = Oct 01 2019 20:11:49 [Instrument's time stamp, header]
# bad_flag = -9.990e-29
*END*
 274.845504      2.000  37.997716    13.4403     6.8047      1.983    31.8137    23.8391 0.0000e+00
 274.845533      3.000  37.810304    13.2217     6.7532      2.975    31.8208    23.8878 0.0000e+00
 274.845558      4.000  37.632018    13.0410     6.6910      3.967    31.8046    23.9107 0.0000e+00
 274.845581      5.000  37.597149    13.0039     6.5313      4.958    31.8025    23.9163 0.0000e+00
 274.845604      6.000  37.549421    12.9339     6.4796      5.950    31.8159    23.9403 0.0000e+00
 274.845626      7.000  37.509764    12.8814     6.4380      6.941    31.8223    23.9555 0.0000e+00
 274.845647      8.000  37.483489    12.8464     6.4161      7.933    31.8265    23.9656 0.0000e+00
 274.845668      9.000  37.450892    12.8070     6.3973      8.925    31.8285    23.9747 0.0000e+00
 274.845689     10.000  37.410876    12.7657     6.3650      9.916    31.8251    23.9801 0.0000e+00
 274.845710     11.000  37.393626    12.7393     6.3472     10.908    31.8306    23.9894 0.0000e+00
 274.845732     12.000  37.377277    12.7186     6.2756     11.900    31.8322    23.9947 0.0000e+00
 274.845756     13.000  37.374872    12.7045     6.1533     12.891    31.8414    24.0046 0.0000e+00
 274.845778     14.000  37.351599    12.6654     6.0733     13.883    31.8519    24.0202 0.0000e+00
 274.845800     15.000  37.340141    12.6352     6.0516     14.875    31.8662    24.0370 0.0000e+00
 274.845825     16.000  37.334156    12.6128     6.0197     15.866    31.8791    24.0514 0.0000e+00
 274.845846     17.000  37.327965    12.5987     5.9795     16.857    31.8847    24.0585 0.0000e+00
 274.845868     18.000  37.321706    12.5836     5.7420     17.849    31.8911    24.0663 0.0000e+00
 274.845890     19.000  37.302855    12.5324     5.2229     18.840    31.9163    24.0956 0.0000e+00
 274.845912     20.000  37.293133    12.4119     4.7055     19.832    32.0091    24.1904 0.0000e+00
 274.845934     21.000  37.246503    12.2457     3.9866     20.824    32.1062    24.2970 0.0000e+00
 274.845956     22.000  36.916059    11.6897     3.6338     21.815    32.2671    24.5246 0.0000e+00
 274.845977     23.000  36.470633    10.8337     3.5759     22.807    32.5816    24.9221 0.0000e+00
 274.845999     24.000  36.251589    10.5496     3.5491     23.799    32.6161    24.9985 0.0000e+00
 274.846021     25.000  36.099629    10.2443     3.5556     24.790    32.7374    25.1450 0.0000e+00
 274.846041     26.000  35.990789    10.0794     3.5527     25.782    32.7761    25.2030 0.0000e+00
 274.846061     27.000  35.952154    10.0186     3.4492     26.773    32.7916    25.2253 0.0000e+00
 274.846081     28.000  35.884227     9.8705     3.2766     27.764    32.8569    25.3008 0.0000e+00
 274.846102     29.000  35.685558     9.5730     3.1346     28.756    32.9254    25.4031 0.0000e+00
 274.846124     30.000  35.562990     9.3481     2.9021     29.748    33.0060    25.5023 0.0000e+00
 274.846147     31.000  35.417597     9.0843     2.6687     30.739    33.0993    25.6173 0.0000e+00
 274.846167     32.000  35.146980     8.6725     2.5872     31.731    33.2011    25.7610 0.0000e+00
 274.846190     33.000  35.089001     8.5301     2.6507     32.722    33.2736    25.8396 0.0000e+00
 274.846213     34.000  35.039441     8.4243     2.6575     33.713    33.3208    25.8925 0.0000e+00
 274.846236     35.000  34.995922     8.3709     2.4017     34.705    33.3249    25.9039 0.0000e+00
 274.846260     36.000  35.092135     8.4334     2.3929     35.696    33.3670    25.9274 0.0000e+00
 274.846282     37.000  35.092799     8.4290     2.4099     36.688    33.3713    25.9315 0.0000e+00
 274.846305     38.000  35.081045     8.4175     2.4357     37.679    33.3694    25.9318 0.0000e+00
 274.846328     39.000  35.073463     8.4012     2.4462     38.671    33.3764    25.9397 0.0000e+00
 274.846350     40.000  35.057274     8.3848     2.4146     39.662    33.3743    25.9405 0.0000e+00
 274.846375     41.000  35.060074     8.3783     2.4072     40.654    33.3829    25.9483 0.0000e+00
 274.846400     42.000  35.059748     8.3705     2.4268     41.645    33.3896    25.9548 0.0000e+00
 274.846425     43.000  35.048216     8.3569     2.4131     42.637    33.3898    25.9569 0.0000e+00
 274.846457     44.000  35.045653     8.3547     2.3882     43.627    33.3887    25.9566 0.0000e+00
