data/oxygen options/ONMS/Olympic_Coast_National_Marine_Sanctuary_CTD_Data_2005_2023/raw_data/2019/CAST_MB042_190624faed.cnv
* Sea-Bird SBE19 Data File:
* FileName = C:\2019 Mooring Data\Casts\CAST_MB042_190624.hex
* Software Version 1.59
* Temperature SN = 2997
* Conductivity SN = 2997
* System UpLoad Time = Jun 24 2019 19:47:12
** CAST_MB042_190624
* ds
# nquan = 9                                 
# nvalues = 1097                        
# units = specified
# name 0 = timeJ: Julian Days
# name 1 = prSM: Pressure, Strain Gauge [db]
# name 2 = c0mS/cm: Conductivity [mS/cm]
# name 3 = t090C: Temperature [ITS-90, deg C]
# name 4 = sbeox0ML/L: Oxygen, SBE 43 [ml/l]
# name 5 = depSM: Depth [salt water, m], lat = 47.5
# name 6 = sal00: Salinity, Practical [PSU]
# name 7 = sigma-é00: Density [sigma-theta, kg/m^3]
# name 8 = flag: flag
# span 0 = 175.758507, 175.764850       
# span 1 =     -5.207,     39.915       
# span 2 =   0.258957,  37.599302       
# span 3 =     7.2543,    16.6944       
# span 4 =    -1.8529,    15.0106       
# span 5 =     -5.164,     39.578       
# span 6 =     0.1529,    33.8426       
# span 7 =    -0.9613,    26.4717       
# span 8 = 0.0000e+00, 0.0000e+00       
# interval = seconds: 0.5
# start_time = Jun 24 2019 18:12:15 [Instrument's time stamp, header]
# bad_flag = -9.990e-29
*END*
[from data line 161]
 175.759439     -1.850   0.502895    15.9785    -1.8296     -1.835     0.2970    -0.8225 -9.990e-29
 175.759444     -1.840   0.503782    15.9731    -1.8306     -1.825     0.2976    -0.8212 -9.990e-29
 175.759450     -1.826   0.504272    15.9677    -1.8313     -1.811     0.2979    -0.8201 -9.990e-29
 175.759456     -1.811   0.505019    15.9646    -1.8317     -1.796     0.2984    -0.8192 -9.990e-29
 175.759462     -1.798   0.506464    15.9631    -1.8318     -1.783     0.2993    -0.8183 -9.990e-29
 175.759468     -1.786   0.508321    15.9623    -1.8315     -1.771     0.3004    -0.8172 -9.990e-29
 175.759473     -1.774   0.509742    15.9610    -1.8311     -1.759     0.3013    -0.8164 -9.990e-29
 175.759479     -1.763   0.510403    15.9584    -1.8308     -1.748     0.3017    -0.8156 -9.990e-29
 175.759485     -1.751   0.510632    15.9540    -1.8312     -1.736     0.3019    -0.8148 -9.990e-29
 175.759491     -1.737   0.510734    15.9441    -1.8315     -1.723     0.3020    -0.8130 -9.990e-29
 175.759497     -1.721   0.510845    15.9287    -1.8317     -1.707     0.3022    -0.8104 -9.990e-29
 175.759502     -1.701   0.511112    15.9140    -1.8315     -1.687     0.3025    -0.8078 -9.990e-29
 175.759508     -1.681   0.511892    15.9041    -1.8315     -1.667     0.3030    -0.8058 -9.990e-29
 175.759514     -1.668   0.513670    15.9009    -1.8316     -1.654     0.3041    -0.8044 -9.990e-29
 175.759520     -1.661   0.516046    15.9040    -1.8315     -1.647     0.3055    -0.8038 -9.990e-29
 175.759525     -1.655   0.517758    15.9093    -1.8318     -1.641     0.3066    -0.8039 -9.990e-29
 175.759531     -1.650   0.518318    15.9114    -1.8325     -1.636     0.3069    -0.8040 -9.990e-29
 175.759537     -1.645   0.518473    15.9077    -1.8327     -1.631     0.3070    -0.8033 -9.990e-29
 175.759543     -1.640   0.519539    15.9018    -1.8326     -1.626     0.3077    -0.8018 -9.990e-29
 175.759549     -1.632   0.522380    15.8985    -1.8321     -1.618     0.3094    -0.7999 -9.990e-29
 175.759554     -1.618   0.526355    15.8983    -1.8317     -1.605     0.3119    -0.7980 -9.990e-29
 175.759560     -1.608   0.529563    15.8983    -1.8312     -1.595     0.3138    -0.7965 -9.990e-29
 175.759566     -1.599   0.530742    15.8973    -1.8312     -1.586     0.3146    -0.7958 -9.990e-29
 175.759572     -1.588   0.530356    15.8945    -1.8309     -1.575     0.3143    -0.7955 -9.990e-29
 175.759578     -1.577   0.529551    15.8876    -1.8306     -1.564     0.3139    -0.7947 -9.990e-29
 175.759583     -1.572   0.528916    15.8789    -1.8302     -1.559     0.3136    -0.7935 -9.990e-29
 175.759589     -1.566   0.528711    15.8744    -1.8305     -1.553     0.3135    -0.7929 -9.990e-29
 175.759595     -1.555   0.529217    15.8769    -1.8312     -1.542     0.3138    -0.7931 -9.990e-29
 175.759601     -1.544   0.530001    15.8847    -1.8315     -1.531     0.3142    -0.7940 -9.990e-29
 175.759606     -1.534   0.530444    15.8944    -1.8322     -1.521     0.3144    -0.7954 -9.990e-29
 175.759612     -1.527   0.530585    15.9028    -1.8329     -1.514     0.3144    -0.7968 -9.990e-29
 175.759618     -1.520   0.531166    15.9093    -1.8329     -1.507     0.3147    -0.7976 -9.990e-29
 175.759624     -1.515   0.532960    15.9152    -1.8326     -1.502     0.3158    -0.7977 -9.990e-29
 175.759630     -1.510   0.535589    15.9207    -1.8322     -1.497     0.3173    -0.7974 -9.990e-29
 175.759635     -1.505   0.538125    15.9231    -1.8322     -1.492     0.3189    -0.7966 -9.990e-29
 175.759641     -1.501   0.539521    15.9187    -1.8320     -1.488     0.3198    -0.7952 -9.990e-29
 175.759647     -1.496   0.538866    15.9086    -1.8317     -1.484     0.3194    -0.7938 -9.990e-29
 175.759653     -1.490   0.536950    15.8961    -1.8316     -1.478     0.3184    -0.7926 -9.990e-29
 175.759659     -1.483   0.535648    15.8823    -1.8313     -1.471     0.3177    -0.7909 -9.990e-29
 175.759664     -1.475   0.535995    15.8715    -1.8314     -1.463     0.3180    -0.7890 -9.990e-29
 175.759670     -1.465   0.537899    15.8685    -1.8313     -1.453     0.3192    -0.7876 -9.990e-29
 175.759676     -1.452   0.540021    15.8721    -1.8309     -1.440     0.3204    -0.7872 -9.990e-29
 175.759682     -1.436   0.540758    15.8775    -1.8302     -1.424     0.3208    -0.7877 -9.990e-29
 175.759688     -1.416   0.539986    15.8820    -1.8296     -1.404     0.3203    -0.7888 -9.990e-29
 175.759693     -1.394   0.538891    15.8865    -1.8299     -1.382     0.3196    -0.7901 -9.990e-29
 175.759699     -1.373   0.539335    15.8919    -1.8305     -1.362     0.3199    -0.7908 -9.990e-29
 175.759705     -1.352   0.541908    15.8975    -1.8309     -1.341     0.3214    -0.7905 -9.990e-29
 175.759711     -1.335   0.543948    15.9018    -1.8312     -1.324     0.3226    -0.7903 -9.990e-29
 175.759716     -1.323   0.543190    15.9049    -1.8311     -1.312     0.3221    -0.7912 -9.990e-29
 175.759722     -1.313   0.541393    15.9097    -1.8309     -1.302     0.3210    -0.7928 -9.990e-29
 175.759728     -1.300   0.541146    15.9185    -1.8304     -1.289     0.3208    -0.7944 -9.990e-29
 175.759734     -1.286   0.543227    15.9298    -1.8304     -1.275     0.3219    -0.7953 -9.990e-29
 175.759740     -1.275   0.546534    15.9375    -1.8309     -1.264     0.3239    -0.7951 -9.990e-29
 175.759745     -1.266   0.548274    15.9361    -1.8307     -1.255     0.3250    -0.7940 -9.990e-29
 175.759751     -1.259   0.546891    15.9279    -1.8305     -1.248     0.3242    -0.7933 -9.990e-29
 175.759757     -1.254   0.543864    15.9191    -1.8304     -1.244     0.3224    -0.7932 -9.990e-29
 175.759763     -1.250   0.541805    15.9135    -1.8304     -1.240     0.3212    -0.7933 -9.990e-29
 175.759769     -1.246   0.541844    15.9132    -1.8298     -1.236     0.3212    -0.7932 -9.990e-29
 175.759774     -1.243   0.542926    15.9178    -1.8300     -1.233     0.3218    -0.7935 -9.990e-29
 175.759780     -1.241   0.543169    15.9235    -1.8305     -1.231     0.3220    -0.7943 -9.990e-29
 175.759786     -1.239   0.541790    15.9251    -1.8310     -1.229     0.3211    -0.7952 -9.990e-29
 175.759792     -1.237   0.539719    15.9234    -1.8316     -1.227     0.3198    -0.7959 -9.990e-29
 175.759797     -1.234   0.538623    15.9238    -1.8317     -1.224     0.3192    -0.7965 -9.990e-29
 175.759803     -1.232   0.539258    15.9267    -1.8310     -1.222     0.3195    -0.7967 -9.990e-29
 175.759809     -1.230   0.540256    15.9301    -1.8305     -1.220     0.3201    -0.7968 -9.990e-29
 175.759815     -1.226   0.539623    15.9342    -1.8302     -1.216     0.3197    -0.7978 -9.990e-29
 175.759821     -1.223   0.537066    15.9372    -1.8295     -1.213     0.3181    -0.7995 -9.990e-29
 175.759826     -1.218   0.534163    15.9346    -1.8292     -1.208     0.3164    -0.8004 -9.990e-29
 175.759832     -1.212   0.532581    15.9263    -1.8291     -1.202     0.3155    -0.7998 -9.990e-29
 175.759838     -1.205   0.532425    15.9158    -1.8295     -1.195     0.3154    -0.7981 -9.990e-29
 175.759844     -1.200   0.532379    15.9077    -1.8296     -1.190     0.3155    -0.7967 -9.990e-29
 175.759850     -1.196   0.531276    15.9079    -1.8295     -1.186     0.3148    -0.7973 -9.990e-29
 175.759855     -1.186   0.529304    15.9166    -1.8295     -1.176     0.3135    -0.7997 -9.990e-29
 175.759861     -1.173   0.527711    15.9282    -1.8294     -1.163     0.3125    -0.8024 -9.990e-29
 175.759867     -1.164   0.527698    15.9398    -1.8293     -1.154     0.3124    -0.8043 -9.990e-29
 175.759873     -1.160   0.528692    15.9506    -1.8291     -1.150     0.3129    -0.8057 -9.990e-29
 175.759878     -1.158   0.528695    15.9581    -1.8294     -1.148     0.3129    -0.8069 -9.990e-29
 175.759884     -1.156   0.527157    15.9603    -1.8294     -1.146     0.3119    -0.8080 -9.990e-29
 175.759890     -1.149   0.525350    15.9585    -1.8291     -1.139     0.3108    -0.8086 -9.990e-29
 175.759896     -1.137   0.524741    15.9569    -1.8284     -1.128     0.3105    -0.8086 -9.990e-29
 175.759902     -1.118   0.525627    15.9573    -1.8276     -1.109     0.3110    -0.8083 -9.990e-29
 175.759907     -1.096   0.526972    15.9588    -1.8276     -1.087     0.3118    -0.8079 -9.990e-29
 175.759913     -1.078   0.527801    15.9606    -1.8280     -1.069     0.3123    -0.8078 -9.990e-29
 175.759919     -1.066   0.528111    15.9622    -1.8291     -1.057     0.3125    -0.8079 -9.990e-29
 175.759925     -1.061   0.528500    15.9628    -1.8295     -1.052     0.3127    -0.8078 -9.990e-29
 175.759931     -1.058   0.528933    15.9628    -1.8293     -1.049     0.3130    -0.8076 -9.990e-29
 175.759936     -1.052   0.528509    15.9658    -1.8290     -1.043     0.3127    -0.8083 -9.990e-29
 175.759942     -1.043   0.526660    15.9744    -1.8288     -1.034     0.3115    -0.8106 -9.990e-29
 175.759948     -1.030   0.524431    15.9864    -1.8285     -1.021     0.3100    -0.8137 -9.990e-29
 175.759954     -1.017   0.523834    15.9958    -1.8279     -1.009     0.3096    -0.8156 -9.990e-29
 175.759959     -1.007   0.525734    15.9972    -1.8279     -0.999     0.3108    -0.8149 -9.990e-29
 175.759965     -1.000   0.528789    15.9891    -1.8279     -0.992     0.3127    -0.8121 -9.990e-29
 175.759971     -0.994   0.530424    15.9764    -1.8279     -0.986     0.3138    -0.8092 -9.990e-29
 175.759977     -0.991   0.529497    15.9677    -1.8275     -0.983     0.3133    -0.8082 -9.990e-29
 175.759983     -0.988   0.527539    15.9669    -1.8273     -0.980     0.3121    -0.8090 -9.990e-29
 175.759988     -0.988   0.526925    15.9712    -1.8268     -0.980     0.3117    -0.8100 -9.990e-29
 175.759994     -0.988   0.528500    15.9777    -1.8264     -0.980     0.3126    -0.8103 -9.990e-29
 175.760000     -0.990   0.530485    15.9859    -1.8262     -0.982     0.3137    -0.8108 -9.990e-29
 175.760006     -0.994   0.530541    15.9942    -1.8258     -0.986     0.3137    -0.8122 -9.990e-29
 175.760012     -0.995   0.528744    15.9995    -1.8257     -0.987     0.3126    -0.8139 -9.990e-29
 175.760017     -0.989   0.526573    16.0025    -1.8259     -0.981     0.3112    -0.8154 -9.990e-29
 175.760023     -0.980   0.525010    16.0062    -1.8253     -0.972     0.3102    -0.8168 -9.990e-29
 175.760029     -0.972   0.524187    16.0124    -1.8247     -0.964     0.3097    -0.8182 -9.990e-29
 175.760035     -0.964   0.523561    16.0207    -1.8243     -0.956     0.3093    -0.8199 -9.990e-29
 175.760041     -0.956   0.522851    16.0303    -1.8236     -0.948     0.3088    -0.8219 -9.990e-29
 175.760046     -0.947   0.522217    16.0399    -1.8228     -0.939     0.3083    -0.8238 -9.990e-29
 175.760052     -0.937   0.521369    16.0487    -1.8222     -0.929     0.3077    -0.8257 -9.990e-29
 175.760058     -0.929   0.519730    16.0561    -1.8220     -0.921     0.3067    -0.8277 -9.990e-29
 175.760064     -0.928   0.517330    16.0610    -1.8219     -0.920     0.3052    -0.8297 -9.990e-29
 175.760069     -0.928   0.514845    16.0662    -1.8219     -0.920     0.3036    -0.8317 -9.990e-29
 175.760075     -0.925   0.512838    16.0760    -1.8218     -0.917     0.3023    -0.8343 -9.990e-29
 175.760081     -0.920   0.511402    16.0895    -1.8214     -0.912     0.3014    -0.8373 -9.990e-29
 175.760087     -0.912   0.510286    16.1044    -1.8210     -0.904     0.3006    -0.8403 -9.990e-29
 175.760093     -0.905   0.509107    16.1205    -1.8209     -0.897     0.2998    -0.8436 -9.990e-29
 175.760098     -0.903   0.507955    16.1368    -1.8208     -0.895     0.2989    -0.8469 -9.990e-29
 175.760104     -0.900   0.506956    16.1505    -1.8207     -0.892     0.2982    -0.8497 -9.990e-29
 175.760110     -0.894   0.505886    16.1593    -1.8207     -0.887     0.2975    -0.8517 -9.990e-29
 175.760116     -0.883   0.504980    16.1642    -1.8205     -0.876     0.2969    -0.8530 -9.990e-29
 175.760122     -0.866   0.504690    16.1681    -1.8201     -0.859     0.2967    -0.8538 -9.990e-29
 175.760127     -0.848   0.504632    16.1734    -1.8197     -0.841     0.2967    -0.8547 -9.990e-29
 175.760133     -0.834   0.504172    16.1807    -1.8194     -0.827     0.2963    -0.8562 -9.990e-29
 175.760139     -0.825   0.503252    16.1879    -1.8194     -0.818     0.2957    -0.8578 -9.990e-29
 175.760145     -0.816   0.501753    16.1931    -1.8191     -0.809     0.2948    -0.8594 -9.990e-29
 175.760150     -0.805   0.499890    16.1968    -1.8191     -0.798     0.2936    -0.8609 -9.990e-29
 175.760156     -0.793   0.498503    16.1995    -1.8193     -0.786     0.2928    -0.8620 -9.990e-29
 175.760162     -0.782   0.498513    16.2026    -1.8189     -0.775     0.2928    -0.8626 -9.990e-29
 175.760168     -0.773   0.500486    16.2084    -1.8184     -0.767     0.2939    -0.8626 -9.990e-29
 175.760174     -0.759   0.503174    16.2169    -1.8179     -0.753     0.2955    -0.8628 -9.990e-29
 175.760179     -0.746   0.504070    16.2255    -1.8174     -0.740     0.2960    -0.8639 -9.990e-29
 175.760185     -0.735   0.502707    16.2317    -1.8170     -0.729     0.2951    -0.8656 -9.990e-29
 175.760191     -0.727   0.501144    16.2358    -1.8165     -0.721     0.2941    -0.8670 -9.990e-29
 175.760197     -0.720   0.501174    16.2390    -1.8160     -0.714     0.2941    -0.8675 -9.990e-29
 175.760203     -0.715   0.502837    16.2412    -1.8155     -0.709     0.2951    -0.8671 -9.990e-29
 175.760208     -0.712   0.504471    16.2444    -1.8149     -0.706     0.2961    -0.8669 -9.990e-29
 175.760214     -0.709   0.504379    16.2520    -1.8144     -0.703     0.2960    -0.8683 -9.990e-29
 175.760220     -0.706   0.502994    16.2634    -1.8139     -0.700     0.2950    -0.8709 -9.990e-29
 175.760226     -0.704   0.501789    16.2763    -1.8134     -0.698     0.2942    -0.8736 -9.990e-29
 175.760231     -0.703   0.501373    16.2892    -1.8132     -0.697     0.2939    -0.8761 -9.990e-29
 175.760237     -0.702   0.501191    16.3018    -1.8130     -0.696     0.2937    -0.8783 -9.990e-29
 175.760243     -0.701   0.500449    16.3145    -1.8125     -0.695     0.2932    -0.8808 -9.990e-29
 175.760249     -0.700   0.499265    16.3280    -1.8116     -0.694     0.2923    -0.8837 -9.990e-29
 175.760255     -0.700   0.498275    16.3425    -1.8107     -0.694     0.2917    -0.8867 -9.990e-29
 175.760260     -0.699   0.497820    16.3576    -1.8105     -0.693     0.2913    -0.8895 -9.990e-29
 175.760266     -0.699   0.497295    16.3718    -1.8107     -0.693     0.2909    -0.8922 -9.990e-29
 175.760272     -0.699   0.495998    16.3846    -1.8107     -0.693     0.2900    -0.8950 -9.990e-29
 175.760278     -0.698   0.494416    16.3961    -1.8104     -0.692     0.2890    -0.8977 -9.990e-29
 175.760284     -0.698   0.493207    16.4061    -1.8096     -0.692     0.2882    -0.9000 -9.990e-29
 175.760289     -0.698   0.492423    16.4167    -1.8092     -0.692     0.2876    -0.9022 -9.990e-29
 175.760295     -0.697   0.491570    16.4311    -1.8090     -0.691     0.2870    -0.9051 -9.990e-29
 175.760301     -0.697   0.490066    16.4487    -1.8090     -0.691     0.2860    -0.9088 -9.990e-29
 175.760307     -0.697   0.488119    16.4642    -1.8095     -0.691     0.2847    -0.9124 -9.990e-29
 175.760313     -0.696   0.486458    16.4727    -1.8097     -0.690     0.2837    -0.9147 -9.990e-29
 175.760318     -0.696   0.485636    16.4761    -1.8089     -0.690     0.2832    -0.9156 -9.990e-29
 175.760324     -0.695   0.485666    16.4803    -1.8089     -0.689     0.2831    -0.9164 -9.990e-29
 175.760330     -0.695   0.485478    16.4891    -1.8092     -0.689     0.2830    -0.9180 -9.990e-29
 175.760336     -0.694   0.484269    16.5013    -1.8093     -0.688     0.2822    -0.9206 -9.990e-29
 175.760341     -0.693   0.482640    16.5116    -1.8102     -0.687     0.2811    -0.9232 -9.990e-29
 175.760347     -0.691   0.481190    16.5166    -1.8115     -0.685     0.2802    -0.9247 -9.990e-29
 175.760353     -0.689   0.480200    16.5161    -1.8111     -0.683     0.2796    -0.9251 -9.990e-29
