data/oxygen options/ONMS/Olympic_Coast_National_Marine_Sanctuary_CTD_Data_2005_2023/raw_data/2019/CAST_CA042_190827faed.cnv
* Sea-Bird SBE 19 Data File:
* FileName = C:\2019 Mooring Data\Casts\CAST_CA042_190827.hex
* Software Version SeatermAF 2.1.2
* Temperature SN = 2997
* Conductivity SN = 2997
* System UpLoad Time = Aug 27 2019 20:32:36 (localtime) = Aug 27 2019 20:32:36 (UTC)
** CAST_CA042_190827
* ds
# nquan = 9                                 
# nvalues = 1000                        
# units = specified
# name 0 = timeJ: Julian Days
# name 1 = prSM: Pressure, Strain Gauge [db]
# name 2 = c0mS/cm: Conductivity [mS/cm]
# name 3 = t090C: Temperature [ITS-90, deg C]
# name 4 = sbeox0ML/L: Oxygen, SBE 43 [ml/l]
# name 5 = depSM: Depth [salt water, m], lat = 47.5
# name 6 = sal00: Salinity, Practical [PSU]
# name 7 = sigma-é00: Density [sigma-theta, kg/m^3]
# name 8 = flag: flag
# span 0 = 239.807523, 239.813304       
# span 1 =     -5.295,     43.348       
# span 2 =   0.392406,  39.536933       
# span 3 =     7.6494,    19.4770       
# span 4 =    -1.7626,    12.8998       
# span 5 =     -5.251,     42.982       
# span 6 =     0.2134,    34.3748       
# span 7 =    -1.5223,    26.3419       
# span 8 = 0.0000e+00, 0.0000e+00       
# interval = seconds: 0.5
# start_time = Aug 27 2019 19:22:50 [Instrument's time stamp, header]
# bad_flag = -9.990e-29
*END*
 239.807523     -5.295 -9.990e-29    19.3064    -1.7123     -5.251 -9.990e-29 -9.990e-29 -9.990e-29
 239.807529     -5.295   0.394250    19.3108    -1.7127     -5.251     0.2144    -1.4907 -9.990e-29
 239.807535     -5.284   0.393365    19.3137    -1.7125     -5.240     0.2139    -1.4916 -9.990e-29
 239.807541     -5.260   0.392556    19.3157    -1.7122     -5.216     0.2135    -1.4924 -9.990e-29
 239.807546     -5.235   0.392406    19.3175    -1.7120     -5.191     0.2134    -1.4928 -9.990e-29
 239.807552     -5.216   0.392900    19.3195    -1.7116     -5.173     0.2136    -1.4930 -9.990e-29
 239.807558     -5.197   0.393587    19.3222    -1.7112     -5.154     0.2140    -1.4932 -9.990e-29
 239.807564     -5.173   0.393908    19.3245    -1.7109     -5.130     0.2142    -1.4936 -9.990e-29
 239.807569     -5.142   0.393740    19.3239    -1.7108     -5.099     0.2141    -1.4935 -9.990e-29
 239.807575     -5.106   0.393597    19.3202    -1.7106     -5.063     0.2140    -1.4928 -9.990e-29
 239.807581     -5.073   0.393846    19.3172    -1.7104     -5.031     0.2142    -1.4921 -9.990e-29
 239.807587     -5.043   0.394265    19.3190    -1.7103     -5.001     0.2144    -1.4923 -9.990e-29
 239.807593     -5.016   0.394308    19.3247    -1.7102     -4.974     0.2144    -1.4934 -9.990e-29
 239.807598     -4.989   0.394033    19.3326    -1.7100     -4.947     0.2142    -1.4952 -9.990e-29
 239.807604     -4.961   0.394181    19.3420    -1.7097     -4.920     0.2142    -1.4970 -9.990e-29
 239.807610     -4.929   0.394953    19.3521    -1.7098     -4.888     0.2146    -1.4987 -9.990e-29
 239.807616     -4.893   0.395717    19.3610    -1.7095     -4.852     0.2150    -1.5002 -9.990e-29
 239.807622     -4.854   0.395831    19.3678    -1.7091     -4.814     0.2150    -1.5016 -9.990e-29
 239.807627     -4.817   0.395450    19.3735    -1.7085     -4.777     0.2148    -1.5029 -9.990e-29
 239.807633     -4.786   0.395175    19.3788    -1.7081     -4.746     0.2146    -1.5041 -9.990e-29
 239.807639     -4.757   0.395192    19.3834    -1.7082     -4.717     0.2146    -1.5050 -9.990e-29
 239.807645     -4.730   0.395526    19.3882    -1.7081     -4.691     0.2148    -1.5059 -9.990e-29
 239.807650     -4.702   0.396071    19.3944    -1.7076     -4.663     0.2150    -1.5069 -9.990e-29
 239.807656     -4.671   0.396447    19.4006    -1.7075     -4.632     0.2152    -1.5080 -9.990e-29
 239.807662     -4.640   0.396602    19.4057    -1.7073     -4.601     0.2153    -1.5090 -9.990e-29
 239.807668     -4.616   0.396747    19.4128    -1.7075     -4.578     0.2153    -1.5104 -9.990e-29
 239.807674     -4.597   0.397076    19.4237    -1.7080     -4.559     0.2154    -1.5124 -9.990e-29
 239.807679     -4.577   0.397474    19.4363    -1.7083     -4.539     0.2156    -1.5149 -9.990e-29
 239.807685     -4.556   0.397367    19.4465    -1.7079     -4.518     0.2155    -1.5170 -9.990e-29
 239.807691     -4.532   0.396612    19.4527    -1.7074     -4.494     0.2150    -1.5186 -9.990e-29
 239.807697     -4.507   0.395864    19.4585    -1.7074     -4.469     0.2146    -1.5201 -9.990e-29
 239.807703     -4.484   0.395791    19.4653    -1.7074     -4.447     0.2145    -1.5215 -9.990e-29
 239.807708     -4.463   0.396295    19.4701    -1.7073     -4.426     0.2148    -1.5223 -9.990e-29
 239.807714     -4.440   0.396942    19.4708    -1.7071     -4.403     0.2151    -1.5221 -9.990e-29
 239.807720     -4.416   0.397489    19.4672    -1.7073     -4.379     0.2155    -1.5212 -9.990e-29
 239.807726     -4.389   0.397560    19.4614    -1.7083     -4.352     0.2155    -1.5199 -9.990e-29
 239.807731     -4.356   0.397248    19.4593    -1.7094     -4.320     0.2154    -1.5196 -9.990e-29
 239.807737     -4.321   0.397249    19.4636    -1.7101     -4.285     0.2153    -1.5205 -9.990e-29
 239.807743     -4.289   0.398117    19.4700    -1.7102     -4.253     0.2158    -1.5215 -9.990e-29
 239.807749     -4.262   0.399906    19.4739    -1.7101     -4.226     0.2168    -1.5215 -9.990e-29
 239.807755     -4.239   0.401680    19.4758    -1.7097     -4.204     0.2177    -1.5212 -9.990e-29
 239.807760     -4.219   0.402483    19.4770    -1.7094     -4.184     0.2182    -1.5211 -9.990e-29
 239.807766     -4.200   0.402278    19.4752    -1.7089     -4.165     0.2181    -1.5208 -9.990e-29
 239.807772     -4.181   0.401347    19.4651    -1.7085     -4.146     0.2176    -1.5191 -9.990e-29
 239.807778     -4.160   0.400110    19.4452    -1.7082     -4.125     0.2170    -1.5155 -9.990e-29
 239.807784     -4.137   0.399134    19.4226    -1.7085     -4.103     0.2166    -1.5113 -9.990e-29
 239.807789     -4.110   0.398781    19.4060    -1.7091     -4.076     0.2165    -1.5081 -9.990e-29
 239.807795     -4.077   0.399135    19.3991    -1.7102     -4.043     0.2167    -1.5065 -9.990e-29
 239.807801     -4.040   0.400115    19.4006    -1.7111     -4.006     0.2172    -1.5064 -9.990e-29
 239.807807     -4.006   0.401368    19.4076    -1.7118     -3.973     0.2179    -1.5073 -9.990e-29
 239.807813     -3.977   0.402351    19.4180    -1.7123     -3.944     0.2184    -1.5090 -9.990e-29
 239.807818     -3.951   0.402717    19.4296    -1.7121     -3.918     0.2185    -1.5112 -9.990e-29
 239.807824     -3.926   0.402399    19.4393    -1.7119     -3.893     0.2183    -1.5134 -9.990e-29
 239.807830     -3.901   0.401530    19.4423    -1.7115     -3.868     0.2178    -1.5143 -9.990e-29
 239.807836     -3.874   0.400613    19.4349    -1.7111     -3.842     0.2173    -1.5132 -9.990e-29
 239.807841     -3.848   0.400086    19.4171    -1.7111     -3.816     0.2171    -1.5098 -9.990e-29
 239.807847     -3.825   0.399802    19.3932    -1.7114     -3.793     0.2171    -1.5050 -9.990e-29
 239.807853     -3.799   0.399385    19.3697    -1.7122     -3.767     0.2170    -1.5004 -9.990e-29
 239.807859     -3.770   0.398835    19.3511    -1.7129     -3.739     0.2168    -1.4969 -9.990e-29
 239.807865     -3.742   0.398526    19.3405    -1.7140     -3.711     0.2166    -1.4948 -9.990e-29
 239.807870     -3.720   0.398600    19.3390    -1.7150     -3.689     0.2167    -1.4945 -9.990e-29
 239.807876     -3.702   0.399157    19.3436    -1.7157     -3.671     0.2170    -1.4952 -9.990e-29
 239.807882     -3.686   0.400388    19.3511    -1.7161     -3.655     0.2176    -1.4962 -9.990e-29
 239.807888     -3.672   0.401722    19.3567    -1.7167     -3.641     0.2183    -1.4968 -9.990e-29
 239.807894     -3.659   0.402169    19.3553    -1.7170     -3.628     0.2186    -1.4963 -9.990e-29
 239.807899     -3.645   0.401773    19.3450    -1.7167     -3.615     0.2184    -1.4944 -9.990e-29
 239.807905     -3.630   0.401116    19.3271    -1.7164     -3.600     0.2181    -1.4910 -9.990e-29
 239.807911     -3.613   0.400430    19.3038    -1.7170     -3.583     0.2179    -1.4866 -9.990e-29
 239.807917     -3.594   0.399908    19.2774    -1.7176     -3.564     0.2177    -1.4814 -9.990e-29
 239.807922     -3.569   0.399409    19.2519    -1.7182     -3.539     0.2175    -1.4765 -9.990e-29
 239.807928     -3.539   0.398823    19.2309    -1.7192     -3.509     0.2173    -1.4725 -9.990e-29
 239.807934     -3.506   0.398477    19.2142    -1.7201     -3.477     0.2172    -1.4692 -9.990e-29
 239.807940     -3.475   0.398467    19.2012    -1.7210     -3.446     0.2173    -1.4666 -9.990e-29
 239.807946     -3.449   0.398779    19.1946    -1.7216     -3.420     0.2175    -1.4651 -9.990e-29
 239.807951     -3.427   0.399276    19.1941    -1.7214     -3.398     0.2178    -1.4648 -9.990e-29
 239.807957     -3.407   0.399517    19.1916    -1.7210     -3.379     0.2179    -1.4642 -9.990e-29
 239.807963     -3.388   0.399268    19.1810    -1.7205     -3.360     0.2178    -1.4622 -9.990e-29
 239.807969     -3.369   0.398753    19.1644    -1.7201     -3.341     0.2176    -1.4591 -9.990e-29
 239.807975     -3.348   0.398395    19.1443    -1.7202     -3.320     0.2175    -1.4552 -9.990e-29
 239.807980     -3.324   0.398272    19.1204    -1.7204     -3.296     0.2176    -1.4504 -9.990e-29
 239.807986     -3.301   0.398219    19.0952    -1.7205     -3.273     0.2176    -1.4454 -9.990e-29
 239.807992     -3.279   0.398170    19.0738    -1.7209     -3.252     0.2177    -1.4411 -9.990e-29
 239.807998     -3.255   0.398059    19.0617    -1.7216     -3.228     0.2177    -1.4387 -9.990e-29
 239.808003     -3.227   0.397742    19.0607    -1.7229     -3.200     0.2175    -1.4386 -9.990e-29
 239.808009     -3.201   0.397350    19.0676    -1.7240     -3.174     0.2173    -1.4402 -9.990e-29
 239.808015     -3.179   0.397469    19.0775    -1.7251     -3.152     0.2173    -1.4421 -9.990e-29
 239.808021     -3.162   0.398257    19.0849    -1.7258     -3.136     0.2177    -1.4433 -9.990e-29
 239.808027     -3.147   0.399105    19.0861    -1.7265     -3.121     0.2182    -1.4431 -9.990e-29
 239.808032     -3.133   0.399485    19.0823    -1.7274     -3.107     0.2184    -1.4422 -9.990e-29
 239.808038     -3.120   0.399350    19.0744    -1.7282     -3.094     0.2184    -1.4407 -9.990e-29
 239.808044     -3.107   0.399076    19.0603    -1.7282     -3.081     0.2183    -1.4380 -9.990e-29
 239.808050     -3.093   0.398853    19.0379    -1.7278     -3.067     0.2183    -1.4336 -9.990e-29
 239.808056     -3.077   0.398386    19.0083    -1.7276     -3.051     0.2182    -1.4279 -9.990e-29
 239.808061     -3.057   0.397608    18.9768    -1.7272     -3.032     0.2179    -1.4219 -9.990e-29
 239.808067     -3.034   0.396588    18.9480    -1.7266     -3.009     0.2174    -1.4166 -9.990e-29
 239.808073     -3.005   0.395631    18.9233    -1.7265     -2.980     0.2170    -1.4121 -9.990e-29
 239.808079     -2.973   0.395120    18.9006    -1.7271     -2.948     0.2169    -1.4078 -9.990e-29
 239.808084     -2.944   0.394930    18.8792    -1.7277     -2.919     0.2169    -1.4036 -9.990e-29
 239.808090     -2.921   0.394809    18.8636    -1.7279     -2.897     0.2169    -1.4006 -9.990e-29
 239.808096     -2.902   0.394596    18.8583    -1.7281     -2.878     0.2168    -1.3996 -9.990e-29
 239.808102     -2.887   0.394562    18.8617    -1.7288     -2.863     0.2167    -1.4003 -9.990e-29
 239.808108     -2.873   0.395218    18.8692    -1.7297     -2.849     0.2171    -1.4015 -9.990e-29
 239.808113     -2.861   0.396330    18.8787    -1.7305     -2.837     0.2176    -1.4029 -9.990e-29
 239.808119     -2.849   0.397171    18.8869    -1.7306     -2.825     0.2181    -1.4042 -9.990e-29
 239.808125     -2.836   0.397202    18.8878    -1.7310     -2.812     0.2181    -1.4043 -9.990e-29
 239.808131     -2.819   0.396465    18.8802    -1.7317     -2.795     0.2177    -1.4031 -9.990e-29
 239.808137     -2.790   0.395640    18.8688    -1.7326     -2.767     0.2173    -1.4012 -9.990e-29
 239.808142     -2.757   0.395289    18.8577    -1.7335     -2.734     0.2172    -1.3992 -9.990e-29
 239.808148     -2.727   0.395496    18.8456    -1.7345     -2.704     0.2173    -1.3967 -9.990e-29
 239.808154     -2.698   0.395986    18.8289    -1.7354     -2.676     0.2177    -1.3932 -9.990e-29
 239.808160     -2.671   0.396307    18.8084    -1.7363     -2.649     0.2180    -1.3890 -9.990e-29
 239.808166     -2.650   0.396336    18.7899    -1.7370     -2.628     0.2181    -1.3853 -9.990e-29
 239.808171     -2.633   0.396110    18.7758    -1.7375     -2.611     0.2180    -1.3826 -9.990e-29
 239.808177     -2.619   0.395885    18.7608    -1.7378     -2.597     0.2180    -1.3797 -9.990e-29
 239.808183     -2.607   0.395915    18.7407    -1.7376     -2.585     0.2181    -1.3758 -9.990e-29
 239.808189     -2.597   0.395689    18.7164    -1.7376     -2.575     0.2181    -1.3711 -9.990e-29
 239.808194     -2.588   0.394906    18.6898    -1.7374     -2.566     0.2178    -1.3662 -9.990e-29
 239.808200     -2.578   0.394183    18.6625    -1.7373     -2.557     0.2175    -1.3611 -9.990e-29
 239.808206     -2.569   0.394220    18.6358    -1.7375     -2.548     0.2176    -1.3559 -9.990e-29
 239.808212     -2.559   0.395067    18.6115    -1.7379     -2.538     0.2182    -1.3507 -9.990e-29
 239.808218     -2.546   0.396195    18.5916    -1.7384     -2.525     0.2190    -1.3464 -9.990e-29
 239.808223     -2.532   0.396894    18.5777    -1.7393     -2.511     0.2194    -1.3433 -9.990e-29
 239.808229     -2.514   0.396991    18.5703    -1.7403     -2.493     0.2195    -1.3419 -9.990e-29
 239.808235     -2.496   0.397168    18.5686    -1.7414     -2.475     0.2196    -1.3414 -9.990e-29
 239.808241     -2.482   0.397664    18.5700    -1.7423     -2.461     0.2199    -1.3415 -9.990e-29
 239.808247     -2.469   0.398034    18.5716    -1.7429     -2.448     0.2201    -1.3417 -9.990e-29
 239.808252     -2.457   0.398217    18.5709    -1.7434     -2.437     0.2202    -1.3414 -9.990e-29
 239.808258     -2.446   0.398456    18.5652    -1.7439     -2.426     0.2204    -1.3402 -9.990e-29
 239.808264     -2.434   0.399069    18.5538    -1.7442     -2.414     0.2208    -1.3377 -9.990e-29
 239.808270     -2.418   0.400321    18.5369    -1.7448     -2.398     0.2216    -1.3339 -9.990e-29
 239.808275     -2.395   0.401663    18.5141    -1.7452     -2.375     0.2224    -1.3289 -9.990e-29
 239.808281     -2.373   0.402116    18.4868    -1.7454     -2.353     0.2228    -1.3234 -9.990e-29
 239.808287     -2.354   0.401727    18.4589    -1.7457     -2.334     0.2227    -1.3181 -9.990e-29
 239.808293     -2.339   0.401085    18.4343    -1.7461     -2.319     0.2225    -1.3136 -9.990e-29
 239.808299     -2.324   0.400440    18.4143    -1.7467     -2.305     0.2222    -1.3100 -9.990e-29
 239.808304     -2.310   0.400037    18.3980    -1.7473     -2.291     0.2221    -1.3070 -9.990e-29
 239.808310     -2.296   0.399891    18.3839    -1.7478     -2.277     0.2221    -1.3044 -9.990e-29
 239.808316     -2.285   0.399808    18.3706    -1.7482     -2.266     0.2221    -1.3018 -9.990e-29
 239.808322     -2.277   0.399673    18.3576    -1.7484     -2.258     0.2221    -1.2994 -9.990e-29
 239.808328     -2.262   0.399305    18.3461    -1.7486     -2.243     0.2219    -1.2973 -9.990e-29
 239.808333     -2.239   0.398766    18.3367    -1.7488     -2.220     0.2217    -1.2957 -9.990e-29
 239.808339     -2.211   0.398443    18.3272    -1.7496     -2.193     0.2215    -1.2940 -9.990e-29
 239.808345     -2.182   0.398457    18.3153    -1.7503     -2.164     0.2216    -1.2917 -9.990e-29
 239.808351     -2.156   0.398825    18.3007    -1.7506     -2.138     0.2219    -1.2888 -9.990e-29
 239.808356     -2.138   0.399484    18.2850    -1.7509     -2.120     0.2224    -1.2855 -9.990e-29
 239.808362     -2.125   0.400203    18.2706    -1.7513     -2.107     0.2228    -1.2824 -9.990e-29
 239.808368     -2.113   0.400834    18.2592    -1.7520     -2.095     0.2232    -1.2799 -9.990e-29
 239.808374     -2.097   0.401108    18.2505    -1.7526     -2.080     0.2234    -1.2781 -9.990e-29
 239.808380     -2.079   0.400835    18.2423    -1.7533     -2.062     0.2233    -1.2767 -9.990e-29
 239.808385     -2.064   0.400205    18.2310    -1.7538     -2.047     0.2230    -1.2748 -9.990e-29
 239.808391     -2.051   0.399483    18.2154    -1.7545     -2.034     0.2227    -1.2721 -9.990e-29
 239.808397     -2.037   0.398812    18.1995    -1.7546     -2.020     0.2224    -1.2693 -9.990e-29
 239.808403     -2.024   0.398404    18.1867    -1.7547     -2.007     0.2222    -1.2671 -9.990e-29
 239.808409     -2.008   0.398268    18.1754    -1.7542     -1.991     0.2222    -1.2650 -9.990e-29
 239.808414     -1.991   0.398219    18.1621    -1.7534     -1.974     0.2223    -1.2625 -9.990e-29
 239.808420     -1.974   0.398192    18.1456    -1.7530     -1.958     0.2223    -1.2593 -9.990e-29
 239.808426     -1.961   0.398149    18.1279    -1.7532     -1.945     0.2224    -1.2560 -9.990e-29
 239.808432     -1.947   0.398030    18.1108    -1.7539     -1.931     0.2224    -1.2528 -9.990e-29
 239.808438     -1.931   0.397676    18.0950    -1.7545     -1.915     0.2223    -1.2499 -9.990e-29
 239.808443     -1.917   0.397168    18.0823    -1.7551     -1.901     0.2221    -1.2477 -9.990e-29
