data/oxygen options/ONMS/Olympic_Coast_National_Marine_Sanctuary_CTD_Data_2005_2023/raw_data/2019/CAST_KL027_190625faed.cnv
* Sea-Bird SBE19 Data File:
* FileName = C:\2019 Mooring Data\Casts\CAST_KL027_190625.hex
* Software Version 1.59
* Temperature SN = 2997
* Conductivity SN = 2997
* System UpLoad Time = Jun 25 2019 22:03:47
** CAST_KL027_190625
* ds
# nquan = 9                                 
# nvalues = 799                         
# units = specified
# name 0 = timeJ: Julian Days
# name 1 = prSM: Pressure, Strain Gauge [db]
# name 2 = c0mS/cm: Conductivity [mS/cm]
# name 3 = t090C: Temperature [ITS-90, deg C]
# name 4 = sbeox0ML/L: Oxygen, SBE 43 [ml/l]
# name 5 = depSM: Depth [salt water, m], lat = 47.5
# name 6 = sal00: Salinity, Practical [PSU]
# name 7 = sigma-é00: Density [sigma-theta, kg/m^3]
# name 8 = flag: flag
# span 0 = 176.882106, 176.886725       
# span 1 =     -4.995,     26.551       
# span 2 =   0.553682,  39.977989       
# span 3 =     7.9589,    14.6739       
# span 4 =    -1.9029,    16.5846       
# span 5 =     -4.953,     26.328       
# span 6 =     0.3409,    33.7510       
# span 7 =    -0.5466,    26.2716       
# span 8 = 0.0000e+00, 0.0000e+00       
# interval = seconds: 0.5
# start_time = Jun 25 2019 21:10:14 [Instrument's time stamp, header]
# bad_flag = -9.990e-29
*END*
[from data line 161]
 176.883038     -1.766   0.570885    14.2532    -1.8936     -1.751     0.3530    -0.5153 -9.990e-29
 176.883044     -1.753   0.570845    14.2575    -1.8936     -1.738     0.3530    -0.5160 -9.990e-29
 176.883050     -1.738   0.568688    14.2606    -1.8936     -1.724     0.3516    -0.5175 -9.990e-29
 176.883056     -1.720   0.565966    14.2636    -1.8937     -1.706     0.3498    -0.5193 -9.990e-29
 176.883061     -1.700   0.564032    14.2679    -1.8936     -1.686     0.3485    -0.5209 -9.990e-29
 176.883067     -1.678   0.563630    14.2730    -1.8929     -1.664     0.3482    -0.5219 -9.990e-29
 176.883073     -1.663   0.564221    14.2787    -1.8925     -1.649     0.3486    -0.5225 -9.990e-29
 176.883079     -1.659   0.564377    14.2846    -1.8921     -1.645     0.3486    -0.5233 -9.990e-29
 176.883084     -1.659   0.563750    14.2900    -1.8916     -1.645     0.3482    -0.5244 -9.990e-29
 176.883090     -1.657   0.563165    14.2944    -1.8914     -1.643     0.3477    -0.5253 -9.990e-29
 176.883096     -1.647   0.563504    14.2969    -1.8912     -1.633     0.3479    -0.5255 -9.990e-29
 176.883102     -1.633   0.564661    14.2978    -1.8910     -1.619     0.3487    -0.5251 -9.990e-29
 176.883108     -1.619   0.565411    14.2995    -1.8909     -1.605     0.3491    -0.5250 -9.990e-29
 176.883113     -1.603   0.565089    14.3048    -1.8908     -1.590     0.3489    -0.5259 -9.990e-29
 176.883119     -1.589   0.564374    14.3141    -1.8908     -1.576     0.3483    -0.5277 -9.990e-29
 176.883125     -1.576   0.563971    14.3248    -1.8908     -1.563     0.3480    -0.5295 -9.990e-29
 176.883131     -1.559   0.563895    14.3353    -1.8909     -1.546     0.3479    -0.5311 -9.990e-29
 176.883137     -1.542   0.564044    14.3446    -1.8908     -1.529     0.3479    -0.5324 -9.990e-29
 176.883142     -1.526   0.564062    14.3519    -1.8913     -1.513     0.3478    -0.5335 -9.990e-29
 176.883148     -1.512   0.563417    14.3574    -1.8913     -1.499     0.3474    -0.5347 -9.990e-29
 176.883154     -1.498   0.562357    14.3618    -1.8912     -1.486     0.3467    -0.5359 -9.990e-29
 176.883160     -1.483   0.561680    14.3651    -1.8911     -1.471     0.3462    -0.5367 -9.990e-29
 176.883166     -1.468   0.561592    14.3674    -1.8908     -1.456     0.3461    -0.5371 -9.990e-29
 176.883171     -1.449   0.561418    14.3684    -1.8905     -1.437     0.3460    -0.5373 -9.990e-29
 176.883177     -1.432   0.560926    14.3682    -1.8902     -1.420     0.3457    -0.5375 -9.990e-29
 176.883183     -1.418   0.560566    14.3674    -1.8902     -1.406     0.3455    -0.5376 -9.990e-29
 176.883189     -1.403   0.560410    14.3653    -1.8902     -1.391     0.3454    -0.5373 -9.990e-29
 176.883194     -1.385   0.560251    14.3617    -1.8900     -1.373     0.3453    -0.5369 -9.990e-29
 176.883200     -1.373   0.559875    14.3597    -1.8900     -1.362     0.3451    -0.5368 -9.990e-29
 176.883206     -1.370   0.559333    14.3606    -1.8898     -1.359     0.3447    -0.5372 -9.990e-29
 176.883212     -1.371   0.559007    14.3641    -1.8898     -1.360     0.3445    -0.5379 -9.990e-29
 176.883218     -1.367   0.559014    14.3697    -1.8901     -1.356     0.3445    -0.5387 -9.990e-29
 176.883223     -1.354   0.559363    14.3761    -1.8904     -1.343     0.3446    -0.5395 -9.990e-29
 176.883229     -1.336   0.559966    14.3815    -1.8906     -1.325     0.3450    -0.5400 -9.990e-29
 176.883235     -1.320   0.560518    14.3845    -1.8906     -1.309     0.3453    -0.5402 -9.990e-29
 176.883241     -1.310   0.560646    14.3864    -1.8903     -1.299     0.3454    -0.5404 -9.990e-29
 176.883247     -1.304   0.559965    14.3888    -1.8901     -1.293     0.3449    -0.5411 -9.990e-29
 176.883252     -1.298   0.558673    14.3915    -1.8901     -1.287     0.3441    -0.5422 -9.990e-29
 176.883258     -1.287   0.557261    14.3932    -1.8899     -1.276     0.3431    -0.5431 -9.990e-29
 176.883264     -1.275   0.556061    14.3922    -1.8897     -1.264     0.3424    -0.5436 -9.990e-29
 176.883270     -1.266   0.555133    14.3882    -1.8897     -1.255     0.3418    -0.5434 -9.990e-29
 176.883275     -1.259   0.554346    14.3832    -1.8896     -1.248     0.3414    -0.5430 -9.990e-29
 176.883281     -1.253   0.553756    14.3797    -1.8894     -1.243     0.3410    -0.5428 -9.990e-29
 176.883287     -1.247   0.553682    14.3795    -1.8892     -1.237     0.3410    -0.5428 -9.990e-29
 176.883293     -1.243   0.554580    14.3823    -1.8892     -1.233     0.3415    -0.5428 -9.990e-29
 176.883299     -1.239   0.556536    14.3860    -1.8894     -1.229     0.3427    -0.5424 -9.990e-29
 176.883304     -1.235   0.558836    14.3896    -1.8893     -1.225     0.3442    -0.5418 -9.990e-29
 176.883310     -1.231   0.560113    14.3934    -1.8893     -1.221     0.3450    -0.5417 -9.990e-29
 176.883316     -1.226   0.559854    14.3967    -1.8898     -1.216     0.3448    -0.5424 -9.990e-29
 176.883322     -1.221   0.558819    14.3992    -1.8902     -1.211     0.3441    -0.5432 -9.990e-29
 176.883328     -1.215   0.557843    14.4020    -1.8904     -1.205     0.3434    -0.5442 -9.990e-29
 176.883333     -1.208   0.557284    14.4055    -1.8906     -1.198     0.3430    -0.5450 -9.990e-29
 176.883339     -1.198   0.556952    14.4084    -1.8906     -1.188     0.3428    -0.5456 -9.990e-29
 176.883345     -1.186   0.556400    14.4091    -1.8906     -1.176     0.3425    -0.5459 -9.990e-29
 176.883351     -1.171   0.555447    14.4083    -1.8907     -1.161     0.3419    -0.5463 -9.990e-29
 176.883356     -1.152   0.554482    14.4072    -1.8910     -1.142     0.3413    -0.5466 -9.990e-29
 176.883362     -1.132   0.553878    14.4034    -1.8920     -1.123     0.3409    -0.5463 -9.990e-29
 176.883368     -1.118   0.553937    14.3961    -1.8923     -1.109     0.3410    -0.5452 -9.990e-29
 176.883374     -1.109   0.555843    14.3885    -1.8916     -1.100     0.3423    -0.5431 -9.990e-29
 176.883380     -1.100   0.559367    14.3825    -1.8900     -1.091     0.3446    -0.5405 -9.990e-29
 176.883385     -1.096   0.562004    14.3783    -1.8879     -1.087     0.3463    -0.5385 -9.990e-29
 176.883391     -1.096   0.562839    14.3760    -1.8868     -1.087     0.3468    -0.5378 -9.990e-29
 176.883397     -1.091   0.562429    14.3743    -1.8862     -1.082     0.3466    -0.5377 -9.990e-29
 176.883403     -1.081   0.560780    14.3700    -1.8859     -1.072     0.3456    -0.5379 -9.990e-29
 176.883409     -1.073   0.558463    14.3606    -1.8854     -1.064     0.3442    -0.5376 -9.990e-29
 176.883414     -1.069   0.557924    14.3479    -1.8852     -1.060     0.3439    -0.5360 -9.990e-29
 176.883420     -1.062   0.563983    14.3382    -1.8847     -1.053     0.3479    -0.5315 -9.990e-29
 176.883426     -1.057   0.585824    14.3351    -1.8842     -1.048     0.3619    -0.5202 -9.990e-29
 176.883432     -1.058   0.638720    14.3382    -1.8842     -1.049     0.3957    -0.4944 -9.990e-29
 176.883438     -1.060   0.737259    14.3450    -1.8840     -1.051     0.4591    -0.4463 -9.990e-29
 176.883443     -1.059   0.878784    14.3530    -1.8839     -1.050     0.5509    -0.3763 -9.990e-29
 176.883449     -1.060   1.026541    14.3610    -1.8837     -1.051     0.6477    -0.3025 -9.990e-29
 176.883455     -1.062   1.132680    14.3692    -1.8837     -1.053     0.7176    -0.2495 -9.990e-29
 176.883461     -1.058   1.188022    14.3776    -1.8838     -1.049     0.7541    -0.2225 -9.990e-29
 176.883466     -1.047   1.214829    14.3856    -1.8839     -1.038     0.7718    -0.2100 -9.990e-29
 176.883472     -1.036   1.229448    14.3926    -1.8840     -1.027     0.7813    -0.2036 -9.990e-29
 176.883478     -1.030   1.239736    14.3967    -1.8843     -1.021     0.7881    -0.1989 -9.990e-29
 176.883484     -1.024   1.252761    14.3969    -1.8842     -1.015     0.7968    -0.1923 -9.990e-29
 176.883490     -1.012   1.272589    14.3948    -1.8837     -1.004     0.8100    -0.1817 -9.990e-29
 176.883495     -0.999   1.299611    14.3926    -1.8834     -0.991     0.8281    -0.1674 -9.990e-29
 176.883501     -0.989   1.331070    14.3922    -1.8832     -0.981     0.8491    -0.1511 -9.990e-29
 176.883507     -0.979   1.359041    14.3934    -1.8830     -0.971     0.8677    -0.1368 -9.990e-29
 176.883513     -0.970   1.373161    14.3954    -1.8829     -0.962     0.8771    -0.1299 -9.990e-29
 176.883519     -0.962   1.369537    14.3976    -1.8826     -0.954     0.8747    -0.1321 -9.990e-29
 176.883524     -0.953   1.353699    14.3991    -1.8826     -0.945     0.8640    -0.1405 -9.990e-29
 176.883530     -0.944   1.333379    14.4005    -1.8822     -0.936     0.8504    -0.1513 -9.990e-29
 176.883536     -0.937   1.313991    14.4047    -1.8823     -0.929     0.8374    -0.1620 -9.990e-29
 176.883542     -0.937   1.299018    14.4122    -1.8825     -0.929     0.8273    -0.1709 -9.990e-29
 176.883547     -0.939   1.288794    14.4200    -1.8825     -0.931     0.8203    -0.1774 -9.990e-29
 176.883553     -0.940   1.281322    14.4263    -1.8824     -0.932     0.8152    -0.1823 -9.990e-29
 176.883559     -0.939   1.276060    14.4313    -1.8826     -0.931     0.8116    -0.1858 -9.990e-29
 176.883565     -0.936   1.273748    14.4365    -1.8827     -0.928     0.8099    -0.1879 -9.990e-29
 176.883571     -0.931   1.272413    14.4422    -1.8827     -0.923     0.8089    -0.1895 -9.990e-29
 176.883576     -0.923   1.268613    14.4483    -1.8824     -0.915     0.8063    -0.1924 -9.990e-29
 176.883582     -0.913   1.261713    14.4543    -1.8821     -0.905     0.8016    -0.1969 -9.990e-29
 176.883588     -0.900   1.251932    14.4584    -1.8820     -0.892     0.7950    -0.2026 -9.990e-29
 176.883594     -0.882   1.237866    14.4607    -1.8817     -0.875     0.7856    -0.2102 -9.990e-29
 176.883600     -0.863   1.219596    14.4627    -1.8816     -0.856     0.7734    -0.2199 -9.990e-29
 176.883605     -0.850   1.201021    14.4642    -1.8815     -0.843     0.7611    -0.2297 -9.990e-29
 176.883611     -0.843   1.186186    14.4651    -1.8818     -0.836     0.7512    -0.2374 -9.990e-29
 176.883617     -0.832   1.174703    14.4668    -1.8817     -0.825     0.7436    -0.2436 -9.990e-29
 176.883623     -0.817   1.163452    14.4703    -1.8816     -0.810     0.7361    -0.2499 -9.990e-29
 176.883628     -0.804   1.151838    14.4752    -1.8815     -0.797     0.7283    -0.2567 -9.990e-29
 176.883634     -0.795   1.142659    14.4806    -1.8813     -0.788     0.7222    -0.2622 -9.990e-29
 176.883640     -0.783   1.137527    14.4862    -1.8811     -0.776     0.7187    -0.2657 -9.990e-29
 176.883646     -0.772   1.134587    14.4916    -1.8808     -0.766     0.7166    -0.2681 -9.990e-29
 176.883652     -0.766   1.131027    14.4957    -1.8805     -0.760     0.7142    -0.2706 -9.990e-29
 176.883657     -0.760   1.125423    14.4978    -1.8803     -0.754     0.7105    -0.2738 -9.990e-29
 176.883663     -0.749   1.118616    14.4989    -1.8802     -0.743     0.7060    -0.2774 -9.990e-29
 176.883669     -0.737   1.112609    14.5009    -1.8802     -0.731     0.7020    -0.2808 -9.990e-29
 176.883675     -0.728   1.107704    14.5045    -1.8801     -0.722     0.6987    -0.2839 -9.990e-29
 176.883681     -0.721   1.101791    14.5092    -1.8800     -0.715     0.6947    -0.2877 -9.990e-29
 176.883686     -0.715   1.093635    14.5147    -1.8797     -0.709     0.6892    -0.2927 -9.990e-29
 176.883692     -0.710   1.085105    14.5209    -1.8795     -0.704     0.6835    -0.2980 -9.990e-29
 176.883698     -0.706   1.078679    14.5276    -1.8793     -0.700     0.6792    -0.3024 -9.990e-29
 176.883704     -0.702   1.074651    14.5345    -1.8795     -0.696     0.6764    -0.3055 -9.990e-29
 176.883709     -0.698   1.070977    14.5407    -1.8797     -0.692     0.6739    -0.3084 -9.990e-29
 176.883715     -0.695   1.064971    14.5457    -1.8797     -0.689     0.6699    -0.3122 -9.990e-29
 176.883721     -0.691   1.055829    14.5498    -1.8798     -0.685     0.6638    -0.3175 -9.990e-29
 176.883727     -0.687   1.045213    14.5539    -1.8802     -0.681     0.6568    -0.3236 -9.990e-29
 176.883733     -0.683   1.035588    14.5588    -1.8805     -0.677     0.6504    -0.3292 -9.990e-29
 176.883738     -0.677   1.028524    14.5646    -1.8810     -0.671     0.6456    -0.3337 -9.990e-29
 176.883744     -0.670   1.023466    14.5701    -1.8814     -0.664     0.6422    -0.3372 -9.990e-29
 176.883750     -0.665   1.018103    14.5729    -1.8815     -0.659     0.6387    -0.3404 -9.990e-29
 176.883756     -0.667   1.011379    14.5720    -1.8812     -0.661     0.6343    -0.3436 -9.990e-29
 176.883762     -0.671   1.005409    14.5693    -1.8809     -0.665     0.6304    -0.3462 -9.990e-29
 176.883767     -0.674   1.002759    14.5663    -1.8810     -0.668     0.6288    -0.3471 -9.990e-29
 176.883773     -0.675   1.003217    14.5621    -1.8813     -0.669     0.6291    -0.3462 -9.990e-29
 176.883779     -0.674   1.004073    14.5559    -1.8813     -0.668     0.6298    -0.3447 -9.990e-29
 176.883785     -0.672   1.002588    14.5486    -1.8810     -0.666     0.6289    -0.3443 -9.990e-29
 176.883791     -0.669   0.998446    14.5414    -1.8811     -0.663     0.6263    -0.3453 -9.990e-29
 176.883796     -0.663   0.992769    14.5361    -1.8812     -0.657     0.6227    -0.3473 -9.990e-29
 176.883802     -0.656   0.986299    14.5352    -1.8810     -0.651     0.6185    -0.3505 -9.990e-29
 176.883808     -0.650   0.979826    14.5385    -1.8806     -0.645     0.6142    -0.3543 -9.990e-29
 176.883814     -0.649   0.973586    14.5422    -1.8804     -0.644     0.6101    -0.3580 -9.990e-29
 176.883819     -0.650   0.966460    14.5429    -1.8801     -0.645     0.6054    -0.3617 -9.990e-29
 176.883825     -0.647   0.958363    14.5415    -1.8799     -0.642     0.6001    -0.3656 -9.990e-29
 176.883831     -0.641   0.952349    14.5417    -1.8797     -0.636     0.5962    -0.3687 -9.990e-29
 176.883837     -0.632   0.950924    14.5436    -1.8793     -0.627     0.5952    -0.3697 -9.990e-29
 176.883843     -0.623   0.951634    14.5451    -1.8788     -0.618     0.5957    -0.3696 -9.990e-29
 176.883848     -0.617   0.949888    14.5470    -1.8785     -0.612     0.5945    -0.3707 -9.990e-29
 176.883854     -0.611   0.945017    14.5515    -1.8781     -0.606     0.5913    -0.3739 -9.990e-29
 176.883860     -0.599   0.939944    14.5587    -1.8777     -0.594     0.5879    -0.3776 -9.990e-29
 176.883866     -0.581   0.936216    14.5668    -1.8774     -0.576     0.5853    -0.3808 -9.990e-29
 176.883872     -0.560   0.932739    14.5742    -1.8769     -0.555     0.5829    -0.3837 -9.990e-29
 176.883877     -0.543   0.928202    14.5809    -1.8767     -0.538     0.5799    -0.3870 -9.990e-29
 176.883883     -0.528   0.923202    14.5885    -1.8767     -0.524     0.5765    -0.3908 -9.990e-29
 176.883889     -0.512   0.919383    14.5981    -1.8765     -0.508     0.5739    -0.3942 -9.990e-29
 176.883895     -0.496   0.917191    14.6085    -1.8763     -0.492     0.5723    -0.3970 -9.990e-29
 176.883900     -0.485   0.915919    14.6184    -1.8764     -0.481     0.5714    -0.3992 -9.990e-29
 176.883906     -0.478   0.914425    14.6280    -1.8767     -0.474     0.5703    -0.4014 -9.990e-29
 176.883912     -0.473   0.911827    14.6376    -1.8772     -0.469     0.5684    -0.4043 -9.990e-29
 176.883918     -0.472   0.908537    14.6470    -1.8776     -0.468     0.5662    -0.4074 -9.990e-29
 176.883924     -0.473   0.905709    14.6557    -1.8779     -0.469     0.5642    -0.4102 -9.990e-29
 176.883929     -0.472   0.903450    14.6627    -1.8782     -0.468     0.5626    -0.4125 -9.990e-29
 176.883935     -0.466   0.900410    14.6680    -1.8786     -0.462     0.5606    -0.4148 -9.990e-29
 176.883941     -0.458   0.895859    14.6721    -1.8786     -0.454     0.5576    -0.4178 -9.990e-29
 176.883947     -0.451   0.890930    14.6739    -1.8789     -0.447     0.5544    -0.4205 -9.990e-29
 176.883953     -0.446   0.887359    14.6714    -1.8788     -0.442     0.5521    -0.4219 -9.990e-29
