data/oxygen options/ONMS/Olympic_Coast_National_Marine_Sanctuary_CTD_Data_2005_2023/raw_data/2019/CAST_TH015_190731faed.cnv
* Sea-Bird SBE 19 Data File:
* FileName = C:\2019 Mooring Data\Casts\CAST_TH015_190731.hex
* Software Version SeatermAF 2.1.2
* Temperature SN = 2997
* Conductivity SN = 2997
* System UpLoad Time = Jul 31 2019 20:17:26 (localtime) = Jul 31 2019 20:17:26 (UTC)
** CAST_TH015_190731
* ds
# nquan = 9                                 
# nvalues = 881                         
# units = specified
# name 0 = timeJ: Julian Days
# name 1 = prSM: Pressure, Strain Gauge [db]
# name 2 = c0mS/cm: Conductivity [mS/cm]
# name 3 = t090C: Temperature [ITS-90, deg C]
# name 4 = sbeox0ML/L: Oxygen, SBE 43 [ml/l]
# name 5 = depSM: Depth [salt water, m], lat = 47.5
# name 6 = sal00: Salinity, Practical [PSU]
# name 7 = sigma-é00: Density [sigma-theta, kg/m^3]
# name 8 = flag: flag
# span 0 = 212.815278, 212.820370       
# span 1 =     -4.696,     20.748       
# span 2 =   0.365788,  40.084227       
# span 3 =     8.0478,    18.5792       
# span 4 =    -1.7895,    20.3950       
# span 5 =     -4.657,     20.574       
# span 6 =     0.2062,    33.4762       
# span 7 =    -1.3062,    26.0362       
# span 8 = 0.0000e+00, 0.0000e+00       
# interval = seconds: 0.5
# start_time = Jul 31 2019 19:34:00 [Instrument's time stamp, header]
# bad_flag = -9.990e-29
*END*
[from data line 801]
 212.819913     11.227  35.919169     9.5474     6.0596     11.133    33.1968    25.6190 0.0000e+00
 212.819919     10.935  35.988017     9.6106     6.2059     10.843    33.2092    25.6184 0.0000e+00
 212.819925     10.641  36.060183     9.7016     6.2332     10.552    33.1992    25.5956 0.0000e+00
 212.819931     10.348  36.120598     9.8301     6.3048     10.261    33.1426    25.5302 0.0000e+00
 212.819936     10.055  36.188904     9.9661     6.3237      9.971    33.0874    25.4646 0.0000e+00
 212.819942      9.761  36.276796    10.0958     6.3656      9.679    33.0580    25.4199 0.0000e+00
 212.819948      9.468  36.361074    10.2210     6.6177      9.389    33.0292    25.3763 0.0000e+00
 212.819954      9.178  36.409799    10.2997     6.9334      9.101    33.0068    25.3455 0.0000e+00
 212.819959      8.892  36.423120    10.2743     7.2211      8.818    33.0435    25.3784 0.0000e+00
 212.819965      8.611  36.409404    10.1994     7.4841      8.539    33.0981    25.4337 0.0000e+00
 212.819971      8.339  36.405900    10.2355     7.6881      8.269    33.0617    25.3992 0.0000e+00
 212.819977      8.072  36.507108    10.3968     7.9612      8.004    33.0171    25.3369 0.0000e+00
 212.819983      7.807  36.719839    10.5423     8.2133      7.742    33.0987    25.3755 0.0000e+00
 212.819988      7.542  36.864858    10.6471     8.4675      7.479    33.1489    25.3964 0.0000e+00
 212.819994      7.274  36.880381    10.7662     8.7707      7.213    33.0565    25.3037 0.0000e+00
 212.820000      6.999  36.911518    10.8984     9.2182      6.940    32.9684    25.2119 0.0000e+00
 212.820006      6.717  37.011094    11.0416     9.7687      6.661    32.9387    25.1634 0.0000e+00
 212.820012      6.431  37.134522    11.1847    10.2311      6.377    32.9326    25.1332 0.0000e+00
 212.820017      6.148  37.228148    11.2864    10.5449      6.097    32.9341    25.1161 0.0000e+00
 212.820023      5.873  37.281444    11.3234    10.6599      5.824    32.9536    25.1246 0.0000e+00
 212.820029      5.603  37.357763    11.3507    10.6410      5.556    33.0044    25.1591 0.0000e+00
 212.820035      5.345  37.498512    11.4482    10.5780      5.300    33.0556    25.1812 0.0000e+00
 212.820041      5.103  37.650705    11.5753    10.5377      5.060    33.0912    25.1857 0.0000e+00
 212.820046      4.873  37.747489    11.6522    10.5812      4.832    33.1172    25.1918 0.0000e+00
 212.820052      4.651  37.784773    11.6805    10.7121      4.612    33.1284    25.1953 0.0000e+00
 212.820058      4.431  37.780486    11.6905    10.8906      4.394    33.1154    25.1833 0.0000e+00
 212.820064      4.220  37.759821    11.7075    11.1080      4.185    33.0802    25.1528 0.0000e+00
 212.820069      4.030  37.757478    11.7495    11.3055      3.996    33.0406    25.1143 0.0000e+00
 212.820075      3.854  37.787790    11.8249    11.4320      3.822    33.0031    25.0712 0.0000e+00
 212.820081      3.680  37.843682    11.9487    11.4767      3.649    32.9478    25.0052 0.0000e+00
 212.820087      3.507  37.923074    12.1125    11.5161      3.478    32.8801    24.9220 0.0000e+00
 212.820093      3.335  38.009311    12.2600    11.5606      3.307    32.8336    24.8581 0.0000e+00
 212.820098      3.171  38.078637    12.3547    11.5989      3.145    32.8173    24.8274 0.0000e+00
 212.820104      3.017  38.140751    12.4094    11.6275      2.992    32.8291    24.8261 0.0000e+00
 212.820110      2.873  38.214212    12.4477    11.6273      2.849    32.8660    24.8474 0.0000e+00
 212.820116      2.737  38.301890    12.4879    11.6029      2.714    32.9149    24.8776 0.0000e+00
 212.820122      2.610  38.380811    12.5517    11.5400      2.588    32.9345    24.8805 -9.990e-29
 212.820127      2.488  38.419680    12.6500    11.5289      2.467    32.8857    24.8237 -9.990e-29
 212.820133      2.367  38.430672    12.7581    11.5341      2.347    32.8020    24.7379 -9.990e-29
 212.820139      2.249  38.466631    12.8455    11.5894      2.230    32.7603    24.6886 -9.990e-29
 212.820145      2.133  38.540906    12.9078    11.5335      2.115    32.7768    24.6892 -9.990e-29
 212.820150      2.022  38.619382    12.9565    11.4236      2.005    32.8089    24.7045 -9.990e-29
 212.820156      1.916  38.688100    13.0030    11.3067      1.900    32.8336    24.7145 -9.990e-29
 212.820162      1.818  38.740800    13.0549    11.2314      1.803    32.8385    24.7080 -9.990e-29
 212.820168      1.727  38.782699    13.1253    11.2175      1.713    32.8171    24.6776 -9.990e-29
 212.820174      1.639  38.838929    13.2226    11.2197      1.625    32.7861    24.6342 -9.990e-29
 212.820179      1.563  38.950157    13.3412    11.2122      1.550    32.7883    24.6123 -9.990e-29
 212.820185      1.515  39.102319    13.4490    11.2246      1.502    32.8381    24.6292 -9.990e-29
 212.820191      1.501  39.209170    13.5085    11.2265      1.488    32.8868    24.6548 -9.990e-29
 212.820197      1.498  39.248560    13.5375    11.2122      1.485    32.8986    24.6581 -9.990e-29
 212.820203      1.484  39.257351    13.5707    11.1898      1.472    32.8782    24.6357 -9.990e-29
 212.820208      1.460  39.261269    13.6102    11.1680      1.448    32.8479    24.6042 -9.990e-29
 212.820214      1.431  39.266100    13.6416    11.1716      1.419    32.8255    24.5805 -9.990e-29
 212.820220      1.405  39.275490    13.6569    11.2013      1.393    32.8211    24.5740 -9.990e-29
 212.820226      1.384  39.301970    13.6650    11.2138      1.372    32.8388    24.5861 -9.990e-29
 212.820231      1.367  39.341651    13.6753    11.2030      1.356    32.8670    24.6057 -9.990e-29
 212.820237      1.352  39.375198    13.6850    11.1866      1.341    32.8899    24.6214 -9.990e-29
 212.820243      1.335  39.384615    13.6829    11.1214      1.324    32.9004    24.6300 -9.990e-29
 212.820249      1.311  39.371259    13.6670    10.9996      1.300    32.9017    24.6342 -9.990e-29
 212.820255      1.277  39.358209    13.6552    10.7970      1.266    32.8997    24.6351 -9.990e-29
 212.820260      1.232  39.359986    13.6638    10.5903      1.222    32.8940    24.6289 -9.990e-29
 212.820266      1.172  39.371675    13.6848    10.4771      1.162    32.8868    24.6191 -9.990e-29
 212.820272      1.098  39.380854    13.7037    12.0210      1.089    32.8792    24.6094 -9.990e-29
 212.820278      1.019  39.390245    13.7183    12.4787      1.010    32.8754    24.6035 -9.990e-29
 212.820284      0.941  39.401735    13.7264    11.9061      0.933    32.8792    24.6047 -9.990e-29
 212.820289      0.870  39.396486    13.7209    10.5423      0.863    32.8790    24.6057 -9.990e-29
 212.820295      0.808  39.371423    13.7006     8.9501      0.801    32.8732    24.6053 -9.990e-29
 212.820301      0.756  39.328973    13.6794     7.5776      0.750    32.8519    24.5932 -9.990e-29
 212.820307      0.711  39.238300    13.6752     6.7305      0.705    32.7711    24.5316 -9.990e-29
 212.820313      0.674  38.990260    13.6882     6.3289      0.668    32.5293    24.3421 -9.990e-29
 212.820318      0.647  38.267567    13.7081 -9.990e-29      0.642    31.8419    23.8071 -9.990e-29
 212.820324      0.625  36.140233    13.7278 -9.990e-29      0.620    29.8648    22.2767 -9.990e-29
 212.820330      0.605  29.812699    13.7431 -9.990e-29      0.600    24.1277    17.8517 -9.990e-29
 212.820336      0.590  19.264362    13.7541 -9.990e-29      0.585    14.9484    10.7909 -9.990e-29
 212.820341      0.577  10.172357    13.7652 -9.990e-29      0.572     7.4811     5.0512 -9.990e-29
 212.820347      0.558   5.510013    13.7782 -9.990e-29      0.553     3.8741     2.2728 -9.990e-29
 212.820353      0.539   3.612449    13.7908 -9.990e-29      0.535     2.4705     1.1884 -9.990e-29
 212.820359      0.525   2.863339    13.8005 -9.990e-29      0.521     1.9306     0.7699 -9.990e-29
 212.820365      0.520   2.522800    13.8043 -9.990e-29      0.516     1.6886     0.5823 -9.990e-29
 212.820370      0.520   2.357993 -9.990e-29 -9.990e-29      0.516 -9.990e-29 -9.990e-29 -9.990e-29
