data/oxygen options/ONMS/Olympic_Coast_National_Marine_Sanctuary_CTD_Data_2005_2023/raw_data/2019/CAST_TH042_190528faed.cnv
* Sea-Bird SBE19 Data File:
* FileName = C:\2019 Mooring Data\Casts\CAST_TH042_190528.hex
* Software Version 1.59
* Temperature SN = 2997
* Conductivity SN = 2997
* System UpLoad Time = May 28 2019 21:47:59
** CAST_TH042_190528
* ds
# nquan = 9                                 
# nvalues = 764                         
# units = specified
# name 0 = timeJ: Julian Days
# name 1 = prSM: Pressure, Strain Gauge [db]
# name 2 = c0mS/cm: Conductivity [mS/cm]
# name 3 = t090C: Temperature [ITS-90, deg C]
# name 4 = sbeox0ML/L: Oxygen, SBE 43 [ml/l]
# name 5 = depSM: Depth [salt water, m], lat = 47.5
# name 6 = sal00: Salinity, Practical [PSU]
# name 7 = sigma-é00: Density [sigma-theta, kg/m^3]
# name 8 = flag: flag
# span 0 = 148.902361, 148.906777       
# span 1 =     -2.494,     41.982       
# span 2 =   0.100228,  36.937445       
# span 3 =     8.4727,    14.9399       
# span 4 =    -1.8982,    12.5944       
# span 5 =     -2.473,     41.627       
# span 6 =     0.0609,    33.4240       
# span 7 =    -0.8419,    25.9657       
# span 8 = 0.0000e+00, 0.0000e+00       
# interval = seconds: 0.5
# start_time = May 28 2019 21:39:24 [Instrument's time stamp, header]
# bad_flag = -9.990e-29
*END*
[from data line 321]
 148.904219      0.961  36.800815    14.2514     6.5169      0.953    30.0600    22.3222 -9.990e-29
 148.904225      0.956  36.793498    14.2526     6.4920      0.948    30.0525    22.3161 -9.990e-29
 148.904230      0.949  36.792484    14.2552     6.4706      0.941    30.0495    22.3133 -9.990e-29
 148.904236      0.944  36.796433    14.2574     6.4609      0.936    30.0514    22.3143 -9.990e-29
 148.904242      0.941  36.802789    14.2582     6.4542      0.933    30.0565    22.3181 -9.990e-29
 148.904248      0.939  36.806602    14.2576     6.4610      0.931    30.0605    22.3212 -9.990e-29
 148.904253      0.939  36.807931    14.2567     6.4533      0.931    30.0624    22.3229 -9.990e-29
 148.904259      0.940  36.808560    14.2562     6.4556      0.932    30.0633    22.3237 -9.990e-29
 148.904265      0.942  36.807662    14.2547     6.4613      0.934    30.0637    22.3243 -9.990e-29
 148.904271      0.946  36.804053    14.2503     6.4619      0.938    30.0638    22.3253 -9.990e-29
 148.904277      0.951  36.797976    14.2440     6.4728      0.943    30.0632    22.3261 -9.990e-29
 148.904282      0.958  36.792537    14.2397     6.4615      0.950    30.0616    22.3258 -9.990e-29
 148.904288      0.968  36.787777    14.2387     6.4537      0.960    30.0581    22.3232 -9.990e-29
 148.904294      0.981  36.784637    14.2395     6.4547      0.973    30.0546    22.3204 -9.990e-29
 148.904300      0.993  36.787904    14.2407     6.4460      0.985    30.0566    22.3217 -9.990e-29
 148.904306      1.002  36.794666    14.2422     6.4412      0.994    30.0616    22.3252 -9.990e-29
 148.904311      1.012  36.799958    14.2441     6.4455      1.004    30.0649    22.3274 -9.990e-29
 148.904317      1.023  36.803571    14.2465     6.4470      1.014    30.0663    22.3280 -9.990e-29
 148.904323      1.033  36.805855    14.2496     6.4443      1.024    30.0660    22.3271 -9.990e-29
 148.904329      1.045  36.807630    14.2527     6.4438      1.036    30.0652    22.3259 -9.990e-29
 148.904334      1.062  36.809040    14.2550     6.4290      1.053    30.0647    22.3250 -9.990e-29
 148.904340      1.074  36.809739    14.2565     6.4156      1.065    30.0641    22.3243 -9.990e-29
 148.904346      1.079  36.810671    14.2575     6.4278      1.070    30.0642    22.3241 -9.990e-29
 148.904352      1.078  36.811974    14.2577     6.4326      1.069    30.0652    22.3249 -9.990e-29
 148.904358      1.073  36.812038    14.2569     6.4460      1.064    30.0659    22.3256 -9.990e-29
 148.904363      1.074  36.809845    14.2550     6.4557      1.065    30.0654    22.3255 -9.990e-29
 148.904369      1.081  36.805284    14.2521     6.4396      1.072    30.0635    22.3247 -9.990e-29
 148.904375      1.085  36.797326    14.2492     6.4354      1.076    30.0585    22.3214 -9.990e-29
 148.904381      1.083  36.791049    14.2480     6.4383      1.074    30.0538    22.3180 -9.990e-29
 148.904387      1.078  36.793213    14.2482     6.4458      1.069    30.0556    22.3194 -9.990e-29
 148.904392      1.079  36.797758    14.2483     6.4515      1.070    30.0596    22.3225 -9.990e-29
 148.904398      1.086  36.799560    14.2482     6.4442      1.077    30.0613    22.3238 -9.990e-29
 148.904404      1.091  36.802157    14.2491     6.4459      1.082    30.0630    22.3249 -9.990e-29
 148.904410      1.090  36.805665    14.2505     6.4510      1.081    30.0651    22.3262 -9.990e-29
 148.904416      1.082  36.806934    14.2513     6.4479      1.073    30.0656    22.3265 -9.990e-29
 148.904421      1.073  36.806550    14.2524     6.4481      1.064    30.0644    22.3253 -9.990e-29
 148.904427      1.068  36.806816    14.2541     6.4568      1.059    30.0633    22.3242 -9.990e-29
 148.904433      1.069  36.807538    14.2554     6.4516      1.060    30.0630    22.3236 -9.990e-29
 148.904439      1.071  36.805775    14.2557     6.4462      1.062    30.0611    22.3221 -9.990e-29
 148.904444      1.073  36.801430    14.2557     6.4361      1.064    30.0572    22.3191 -9.990e-29
 148.904450      1.078  36.800482    14.2558     6.4433      1.069    30.0563    22.3184 -9.990e-29
 148.904456      1.083  36.802240    14.2548     6.4491      1.074    30.0586    22.3204 -9.990e-29
 148.904462      1.087  36.800102    14.2518     6.4409      1.078    30.0590    22.3213 -9.990e-29
 148.904468      1.088  36.795710    14.2480     6.4385      1.079    30.0580    22.3213 -9.990e-29
 148.904473      1.091  36.794416    14.2449     6.4334      1.082    30.0592    22.3229 -9.990e-29
 148.904479      1.097  36.796178    14.2439     6.4482      1.088    30.0616    22.3249 -9.990e-29
 148.904485      1.105  36.798863    14.2451     6.4435      1.096    30.0631    22.3258 -9.990e-29
 148.904491      1.113  36.801559    14.2474     6.4349      1.104    30.0638    22.3258 -9.990e-29
 148.904497      1.115  36.803929    14.2495     6.4375      1.106    30.0643    22.3258 -9.990e-29
 148.904502      1.114  36.805759    14.2511     6.4364      1.105    30.0647    22.3258 -9.990e-29
 148.904508      1.107  36.806676    14.2520     6.4610      1.098    30.0648    22.3257 -9.990e-29
 148.904514      1.100  36.806769    14.2521     6.4597      1.091    30.0648    22.3257 -9.990e-29
 148.904520      1.095  36.806148    14.2516     6.4568      1.086    30.0647    22.3257 -9.990e-29
 148.904525      1.093  36.805093    14.2512     6.4419      1.084    30.0640    22.3253 -9.990e-29
 148.904531      1.098  36.804984    14.2512     6.4391      1.089    30.0639    22.3252 -9.990e-29
 148.904537      1.110  36.806220    14.2513     6.4367      1.101    30.0650    22.3260 -9.990e-29
 148.904543      1.121  36.807076    14.2511     6.4314      1.112    30.0659    22.3267 -9.990e-29
 148.904549      1.129  36.806441    14.2503     6.4406      1.120    30.0659    22.3269 -9.990e-29
 148.904554      1.132  36.805132    14.2493     6.4411      1.123    30.0655    22.3268 -9.990e-29
 148.904560      1.132  36.804191    14.2487     6.4572      1.123    30.0651    22.3266 -9.990e-29
 148.904566      1.128  36.803469    14.2477     6.4667      1.119    30.0653    22.3269 -9.990e-29
 148.904572      1.124  36.801430    14.2444     6.4592      1.115    30.0660    22.3282 -9.990e-29
 148.904578      1.125  36.797020    14.2397     6.4495      1.116    30.0656    22.3289 -9.990e-29
 148.904583      1.127  36.792743    14.2370     6.4484      1.118    30.0638    22.3280 -9.990e-29
 148.904589      1.129  36.791841    14.2377     6.4486      1.120    30.0625    22.3268 -9.990e-29
 148.904595      1.135  36.792536    14.2386     6.4521      1.126    30.0624    22.3266 -9.990e-29
 148.904601      1.143  36.791263    14.2370     6.4593      1.133    30.0625    22.3270 -9.990e-29
 148.904606      1.148  36.788549    14.2342     6.4583      1.138    30.0622    22.3273 -9.990e-29
 148.904612      1.150  36.786921    14.2326     6.4582      1.140    30.0620    22.3275 -9.990e-29
 148.904618      1.150  36.787555    14.2328     6.4448      1.140    30.0624    22.3278 -9.990e-29
 148.904624      1.151  36.789039    14.2334     6.4336      1.141    30.0633    22.3283 -9.990e-29
 148.904630      1.159  36.789422    14.2330     6.4323      1.149    30.0639    22.3289 -9.990e-29
 148.904635      1.169  36.789200    14.2320     6.4347      1.159    30.0645    22.3295 -9.990e-29
 148.904641      1.178  36.789183    14.2313     6.4530      1.168    30.0650    22.3301 -9.990e-29
 148.904647      1.187  36.789333    14.2316     6.4643      1.177    30.0649    22.3300 -9.990e-29
 148.904653      1.195  36.789838    14.2324     6.4596      1.185    30.0648    22.3297 -9.990e-29
 148.904659      1.204  36.790236    14.2326     6.4555      1.194    30.0650    22.3298 -9.990e-29
 148.904664      1.209  36.789925    14.2320     6.4431      1.199    30.0651    22.3300 -9.990e-29
 148.904670      1.208  36.789598    14.2312     6.4402      1.198    30.0655    22.3305 -9.990e-29
 148.904676      1.203  36.789924    14.2311     6.4489      1.193    30.0658    22.3308 -9.990e-29
 148.904682      1.199  36.790762    14.2314     6.4572      1.189    30.0664    22.3311 -9.990e-29
 148.904687      1.196  36.791539    14.2316     6.4674      1.186    30.0669    22.3315 -9.990e-29
 148.904693      1.193  36.792157    14.2317     6.4676      1.183    30.0674    22.3319 -9.990e-29
 148.904699      1.195  36.792865    14.2318     6.4700      1.185    30.0680    22.3323 -9.990e-29
 148.904705      1.206  36.793476    14.2322     6.4613      1.196    30.0682    22.3324 -9.990e-29
 148.904711      1.218  36.794230    14.2332     6.4514      1.208    30.0681    22.3321 -9.990e-29
 148.904716      1.223  36.794997    14.2345     6.4506      1.213    30.0678    22.3316 -9.990e-29
 148.904722      1.222  36.795669    14.2355     6.4497      1.212    30.0676    22.3313 -9.990e-29
 148.904728      1.215  36.796565    14.2362     6.4535      1.205    30.0679    22.3313 -9.990e-29
 148.904734      1.205  36.797189    14.2365     6.4611      1.195    30.0682    22.3315 -9.990e-29
 148.904740      1.200  36.797240    14.2365     6.4559      1.190    30.0683    22.3316 -9.990e-29
 148.904745      1.205  36.796772    14.2359     6.4613      1.195    30.0683    22.3317 -9.990e-29
 148.904751      1.211  36.796267    14.2351     6.4675      1.201    30.0685    22.3320 -9.990e-29
 148.904757      1.210  36.796158    14.2346     6.4615      1.200    30.0688    22.3323 -9.990e-29
 148.904763      1.205  36.795724    14.2333     6.4613      1.195    30.0694    22.3331 -9.990e-29
 148.904769      1.202  36.793254    14.2294     6.4513      1.192    30.0702    22.3345 -9.990e-29
 148.904774      1.200  36.786003    14.2245     6.4424      1.190    30.0674    22.3333 -9.990e-29
 148.904780      1.198  36.779405    14.2234     6.4439      1.188    30.0623    22.3296 -9.990e-29
 148.904786      1.198  36.780884    14.2259     6.4511      1.188    30.0617    22.3286 -9.990e-29
 148.904792      1.197  36.784556    14.2275     6.4560      1.187    30.0638    22.3299 -9.990e-29
 148.904797      1.198  36.785787    14.2268     6.4587      1.188    30.0654    22.3313 -9.990e-29
 148.904803      1.199  36.786765    14.2261     6.4570      1.189    30.0669    22.3326 -9.990e-29
 148.904809      1.200  36.787101    14.2261     6.4545      1.190    30.0672    22.3328 -9.990e-29
 148.904815      1.203  36.786109    14.2267     6.4545      1.193    30.0658    22.3316 -9.990e-29
 148.904821      1.206  36.785254    14.2277     6.4545      1.196    30.0642    22.3302 -9.990e-29
 148.904826      1.211  36.785620    14.2286     6.4545      1.201    30.0639    22.3298 -9.990e-29
 148.904832      1.217  36.786562    14.2289     6.4481      1.207    30.0645    22.3302 -9.990e-29
 148.904838      1.220  36.787642    14.2288     6.4530      1.210    30.0656    22.3310 -9.990e-29
 148.904844      1.217  36.788607    14.2289     6.4541      1.207    30.0664    22.3316 -9.990e-29
 148.904850      1.212  36.789052    14.2293     6.4488      1.202    30.0664    22.3316 -9.990e-29
 148.904855      1.208  36.788996    14.2300     6.4488      1.198    30.0659    22.3310 -9.990e-29
 148.904861      1.206  36.789469    14.2304     6.4404      1.196    30.0660    22.3310 -9.990e-29
 148.904867      1.204  36.791089    14.2305     6.4403      1.194    30.0674    22.3321 -9.990e-29
 148.904873      1.204  36.792643    14.2306     6.4367      1.194    30.0687    22.3331 -9.990e-29
 148.904878      1.205  36.793391    14.2311     6.4430      1.195    30.0690    22.3332 -9.990e-29
 148.904884      1.206  36.793757    14.2320     6.4471      1.196    30.0686    22.3327 -9.990e-29
 148.904890      1.209  36.794214    14.2329     6.4547      1.199    30.0683    22.3323 -9.990e-29
 148.904896      1.213  36.794799    14.2340     6.4574      1.203    30.0680    22.3319 -9.990e-29
 148.904902      1.219  36.795716    14.2356     6.4549      1.209    30.0676    22.3312 -9.990e-29
 148.904907      1.227  36.797056    14.2365     6.4598      1.217    30.0681    22.3314 -9.990e-29
 148.904913      1.233  36.797791    14.2363     6.4591      1.223    30.0689    22.3321 -9.990e-29
 148.904919      1.233  36.797209    14.2358     6.4595      1.223    30.0688    22.3321 -9.990e-29
 148.904925      1.232  36.796200    14.2353     6.4580      1.222    30.0683    22.3318 -9.990e-29
 148.904931      1.234  36.795646    14.2342     6.4556      1.224    30.0686    22.3323 -9.990e-29
 148.904936      1.239  36.794794    14.2325     6.4558      1.229    30.0692    22.3330 -9.990e-29
 148.904942      1.242  36.793613    14.2307     6.4615      1.232    30.0695    22.3337 -9.990e-29
 148.904948      1.241  36.792754    14.2297     6.4630      1.231    30.0695    22.3339 -9.990e-29
 148.904954      1.238  36.791056    14.2292     6.4636      1.228    30.0683    22.3331 -9.990e-29
 148.904959      1.239  36.788482    14.2278     6.4575      1.229    30.0671    22.3324 -9.990e-29
 148.904965      1.243  36.786624    14.2250     6.4598      1.233    30.0676    22.3333 -9.990e-29
 148.904971      1.250  36.785793    14.2227     6.4545      1.240    30.0686    22.3346 -9.990e-29
 148.904977      1.262  36.785986    14.2221     6.4540      1.251    30.0692    22.3352 -9.990e-29
 148.904983      1.278  36.786886    14.2224     6.4549      1.267    30.0698    22.3356 -9.990e-29
 148.904988      1.295  36.787438    14.2226     6.4543      1.284    30.0702    22.3358 -9.990e-29
 148.904994      1.306  36.787247    14.2227     6.4568      1.295    30.0699    22.3356 -9.990e-29
 148.905000      1.312  36.786602    14.2219     6.4572      1.301    30.0699    22.3358 -9.990e-29
 148.905006      1.318  36.785189    14.2191     6.4568      1.307    30.0708    22.3371 -9.990e-29
 148.905012      1.323  36.781112    14.2147     6.4563      1.312    30.0706    22.3377 -9.990e-29
 148.905017      1.328  36.775078    14.2117     6.4559      1.317    30.0674    22.3359 -9.990e-29
 148.905023      1.333  36.772466    14.2121     6.4564      1.322    30.0647    22.3338 -9.990e-29
 148.905029      1.344  36.774818    14.2146     6.4642      1.333    30.0649    22.3334 -9.990e-29
 148.905035      1.359  36.777976    14.2160     6.4686      1.348    30.0667    22.3345 -9.990e-29
 148.905041      1.378  36.779419    14.2153     6.4588      1.366    30.0685    22.3361 -9.990e-29
 148.905046      1.400  36.778818    14.2137     6.4561      1.388    30.0692    22.3369 -9.990e-29
 148.905052      1.426  36.777597    14.2131     6.4503      1.414    30.0686    22.3365 -9.990e-29
 148.905058      1.459  36.778035    14.2143     6.4621      1.447    30.0680    22.3359 -9.990e-29
 148.905064      1.497  36.779583    14.2159     6.4736      1.485    30.0682    22.3357 -9.990e-29
 148.905069      1.537  36.780930    14.2163     6.4697      1.524    30.0691    22.3363 -9.990e-29
 148.905075      1.586  36.781060    14.2138     6.4686      1.573    30.0711    22.3384 -9.990e-29
 148.905081      1.656  36.776212    14.2055     6.4798      1.642    30.0731    22.3416 -9.990e-29
 148.905087      1.752  36.762710    14.1907     6.5150      1.737    30.0724    22.3440 -9.990e-29
 148.905093      1.870  36.742691    14.1724     6.5546      1.854    30.0684    22.3447 -9.990e-29
 148.905098      2.015  36.721922    14.1502     6.5934      1.998    30.0667    22.3479 0.0000e+00
 148.905104      2.191  36.704608    14.1140     6.6194      2.173    30.0791    22.3648 0.0000e+00
 148.905110      2.396  36.685003    14.0522     6.6298      2.376    30.1094    22.4006 0.0000e+00
 148.905116      2.631  36.648147    13.9731     6.6505      2.609    30.1375    22.4383 0.0000e+00
 148.905122      2.901  36.600308    13.9007     6.6735      2.877    30.1504    22.4627 0.0000e+00
 148.905127      3.208  36.565015    13.8450     6.6865      3.181    30.1617    22.4826 0.0000e+00
 148.905133      3.545  36.545008    13.8023     6.6952      3.515    30.1768    22.5027 0.0000e+00
