data/oxygen options/ONMS/Olympic_Coast_National_Marine_Sanctuary_CTD_Data_2005_2023/raw_data/2019/CAST_MB042_190624faed.cnv
* Sea-Bird SBE19 Data File:
* FileName = C:\2019 Mooring Data\Casts\CAST_MB042_190624.hex
* Software Version 1.59
* Temperature SN = 2997
* Conductivity SN = 2997
* System UpLoad Time = Jun 24 2019 19:47:12
** CAST_MB042_190624
* ds
# nquan = 9                                 
# nvalues = 1097                        
# units = specified
# name 0 = timeJ: Julian Days
# name 1 = prSM: Pressure, Strain Gauge [db]
# name 2 = c0mS/cm: Conductivity [mS/cm]
# name 3 = t090C: Temperature [ITS-90, deg C]
# name 4 = sbeox0ML/L: Oxygen, SBE 43 [ml/l]
# name 5 = depSM: Depth [salt water, m], lat = 47.5
# name 6 = sal00: Salinity, Practical [PSU]
# name 7 = sigma-é00: Density [sigma-theta, kg/m^3]
# name 8 = flag: flag
# span 0 = 175.758507, 175.764850       
# span 1 =     -5.207,     39.915       
# span 2 =   0.258957,  37.599302       
# span 3 =     7.2543,    16.6944       
# span 4 =    -1.8529,    15.0106       
# span 5 =     -5.164,     39.578       
# span 6 =     0.1529,    33.8426       
# span 7 =    -0.9613,    26.4717       
# span 8 = 0.0000e+00, 0.0000e+00       
# interval = seconds: 0.5
# start_time = Jun 24 2019 18:12:15 [Instrument's time stamp, header]
# bad_flag = -9.990e-29
*END*
[from data line 321]
 175.760365     -0.683   0.480382    16.5126    -1.8107     -0.677     0.2798    -0.9244 -9.990e-29
 175.760370     -0.679   0.480687    16.5171    -1.8112     -0.673     0.2799    -0.9251 -9.990e-29
 175.760376     -0.674   0.480782    16.5186    -1.8114     -0.668     0.2800    -0.9253 -9.990e-29
 175.760382     -0.667   0.480792    16.5139    -1.8104     -0.661     0.2800    -0.9244 -9.990e-29
 175.760388     -0.658   0.480730    16.5037    -1.8094     -0.653     0.2800    -0.9227 -9.990e-29
 175.760394     -0.647   0.480515    16.4879    -1.8096     -0.642     0.2800    -0.9201 -9.990e-29
 175.760399     -0.632   0.479859    16.4740    -1.8100     -0.627     0.2797    -0.9179 -9.990e-29
 175.760405     -0.617   0.478442    16.4700    -1.8101     -0.612     0.2789    -0.9179 -9.990e-29
 175.760411     -0.606   0.476591    16.4719    -1.8096     -0.601     0.2778    -0.9191 -9.990e-29
 175.760417     -0.593   0.475159    16.4721    -1.8082     -0.588     0.2769    -0.9198 -9.990e-29
 175.760422     -0.578   0.474452    16.4701    -1.8077     -0.573     0.2765    -0.9198 -9.990e-29
 175.760428     -0.568   0.474080    16.4732    -1.8079     -0.563     0.2763    -0.9205 -9.990e-29
 175.760434     -0.567   0.473549    16.4854    -1.8083     -0.562     0.2759    -0.9228 -9.990e-29
 175.760440     -0.570   0.472704    16.4980    -1.8083     -0.565     0.2753    -0.9254 -9.990e-29
 175.760446     -0.569   0.472079    16.5024    -1.8073     -0.564     0.2749    -0.9265 -9.990e-29
 175.760451     -0.560   0.472503    16.5020    -1.8068     -0.555     0.2751    -0.9262 -9.990e-29
 175.760457     -0.547   0.473987    16.5054    -1.8068     -0.542     0.2760    -0.9261 -9.990e-29
 175.760463     -0.537   0.475185    16.5181    -1.8073     -0.533     0.2766    -0.9278 -9.990e-29
 175.760469     -0.534   0.474925    16.5357    -1.8076     -0.530     0.2763    -0.9309 -9.990e-29
 175.760475     -0.538   0.473969    16.5471    -1.8071     -0.534     0.2757    -0.9334 -9.990e-29
 175.760480     -0.544   0.473810    16.5495    -1.8065     -0.539     0.2756    -0.9339 -9.990e-29
 175.760486     -0.545   0.474791    16.5493    -1.8072     -0.540     0.2762    -0.9334 -9.990e-29
 175.760492     -0.541   0.476006    16.5544    -1.8079     -0.536     0.2769    -0.9337 -9.990e-29
 175.760498     -0.539   0.476305    16.5658    -1.8081     -0.535     0.2770    -0.9356 -9.990e-29
 175.760503     -0.540   0.475531    16.5754    -1.8068     -0.535     0.2765    -0.9376 -9.990e-29
 175.760509     -0.539   0.474313    16.5773    -1.8053     -0.535     0.2757    -0.9385 -9.990e-29
 175.760515     -0.537   0.473245    16.5740    -1.8038     -0.533     0.2751    -0.9384 -9.990e-29
 175.760521     -0.533   0.472564    16.5725    -1.8036     -0.529     0.2747    -0.9384 -9.990e-29
 175.760527     -0.527   0.471914    16.5766    -1.8042     -0.523     0.2743    -0.9395 -9.990e-29
 175.760532     -0.519   0.470981    16.5792    -1.8046     -0.515     0.2737    -0.9403 -9.990e-29
 175.760538     -0.512   0.470185    16.5734    -1.8043     -0.508     0.2733    -0.9397 -9.990e-29
 175.760544     -0.510   0.470125    16.5666    -1.8042     -0.506     0.2733    -0.9385 -9.990e-29
 175.760550     -0.510   0.470719    16.5716    -1.8045     -0.506     0.2736    -0.9391 -9.990e-29
 175.760556     -0.506   0.471100    16.5931    -1.8060     -0.502     0.2737    -0.9427 -9.990e-29
 175.760561     -0.498   0.470666    16.6234    -1.8074     -0.494     0.2732    -0.9482 -9.990e-29
 175.760567     -0.486   0.469946    16.6487    -1.8088     -0.482     0.2726    -0.9530 -9.990e-29
 175.760573     -0.473   0.469641    16.6593    -1.8085     -0.469     0.2724    -0.9550 -9.990e-29
 175.760579     -0.463   0.469898    16.6575    -1.8076     -0.459     0.2726    -0.9546 -9.990e-29
 175.760584     -0.456   0.470506    16.6534    -1.8070     -0.452     0.2729    -0.9536 -9.990e-29
 175.760590     -0.450   0.471169    16.6516    -1.8067     -0.446     0.2734    -0.9529 -9.990e-29
 175.760596     -0.445   0.471663    16.6472    -1.8071     -0.441     0.2737    -0.9519 -9.990e-29
 175.760602     -0.442   0.471540    16.6326    -1.8074     -0.438     0.2737    -0.9494 -9.990e-29
 175.760608     -0.439   0.470635    16.6066    -1.8072     -0.435     0.2733    -0.9453 -9.990e-29
 175.760613     -0.436   0.469402    16.5771    -1.8069     -0.432     0.2728    -0.9407 -9.990e-29
 175.760619     -0.435   0.468227    16.5567    -1.8069     -0.431     0.2722    -0.9377 -9.990e-29
 175.760625     -0.433   0.467205    16.5540    -1.8076     -0.429     0.2716    -0.9377 -9.990e-29
 175.760631     -0.432   0.466451    16.5639    -1.8086     -0.428     0.2711    -0.9398 -9.990e-29
 175.760637     -0.431   0.466063    16.5748    -1.8090     -0.427     0.2708    -0.9418 -9.990e-29
 175.760642     -0.431   0.465894    16.5798    -1.8086     -0.427     0.2707    -0.9428 -9.990e-29
 175.760648     -0.430   0.465715    16.5785    -1.8080     -0.426     0.2706    -0.9426 -9.990e-29
 175.760654     -0.430   0.465286    16.5763    -1.8080     -0.426     0.2703    -0.9425 -9.990e-29
 175.760660     -0.429   0.464588    16.5771    -1.8083     -0.425     0.2699    -0.9429 -9.990e-29
 175.760666     -0.429   0.464351    16.5781    -1.8083     -0.425     0.2698    -0.9432 -9.990e-29
 175.760671     -0.428   0.465366    16.5734    -1.8074     -0.424     0.2704    -0.9419 -9.990e-29
 175.760677     -0.428   0.467322    16.5608    -1.8061     -0.424     0.2716    -0.9388 -9.990e-29
 175.760683     -0.427   0.468951    16.5462    -1.8052     -0.423     0.2727    -0.9355 -9.990e-29
 175.760689     -0.426   0.469100    16.5390    -1.8051     -0.422     0.2728    -0.9342 -9.990e-29
 175.760694     -0.425   0.467964    16.5416    -1.8055     -0.421     0.2722    -0.9352 -9.990e-29
 175.760700     -0.424   0.466799    16.5475    -1.8058     -0.420     0.2714    -0.9367 -9.990e-29
 175.760706     -0.422   0.466263    16.5506    -1.8059     -0.418     0.2711    -0.9375 -9.990e-29
 175.760712     -0.420   0.466194    16.5524    -1.8054     -0.416     0.2710    -0.9379 -9.990e-29
 175.760718     -0.418   0.466501    16.5599    -1.8058     -0.415     0.2712    -0.9390 -9.990e-29
 175.760723     -0.415   0.467036    16.5773    -1.8064     -0.412     0.2714    -0.9418 -9.990e-29
 175.760729     -0.411   0.467404    16.5997    -1.8066     -0.408     0.2714    -0.9456 -9.990e-29
 175.760735     -0.406   0.467540    16.6170    -1.8057     -0.403     0.2714    -0.9485 -9.990e-29
 175.760741     -0.399   0.467623    16.6234    -1.8047     -0.396     0.2714    -0.9496 -9.990e-29
 175.760747     -0.390   0.467764    16.6214    -1.8049     -0.387     0.2715    -0.9492 -9.990e-29
 175.760752     -0.379   0.468148    16.6176    -1.8054     -0.376     0.2718    -0.9484 -9.990e-29
 175.760758     -0.365   0.468734    16.6166    -1.8061     -0.362     0.2721    -0.9479 -9.990e-29
 175.760764     -0.351   0.469193    16.6163    -1.8062     -0.348     0.2724    -0.9477 -9.990e-29
 175.760770     -0.341   0.469583    16.6119    -1.8051     -0.338     0.2727    -0.9467 -9.990e-29
 175.760775     -0.334   0.470423    16.6057    -1.8039     -0.331     0.2732    -0.9452 -9.990e-29
 175.760781     -0.333   0.471723    16.6063    -1.8036     -0.330     0.2740    -0.9447 -9.990e-29
 175.760787     -0.339   0.472447    16.6170    -1.8042     -0.336     0.2743    -0.9463 -9.990e-29
 175.760793     -0.344   0.471897    16.6281    -1.8053     -0.341     0.2739    -0.9485 -9.990e-29
 175.760799     -0.344   0.470999    16.6299    -1.8054     -0.341     0.2734    -0.9492 -9.990e-29
 175.760804     -0.338   0.470770    16.6236    -1.8047     -0.335     0.2733    -0.9482 -9.990e-29
 175.760810     -0.326   0.470902    16.6174    -1.8042     -0.323     0.2734    -0.9471 -9.990e-29
 175.760816     -0.312   0.471016    16.6206    -1.8046     -0.309     0.2735    -0.9476 -9.990e-29
 175.760822     -0.303   0.471264    16.6356    -1.8058     -0.300     0.2735    -0.9501 -9.990e-29
 175.760828     -0.300   0.471420    16.6526    -1.8065     -0.297     0.2735    -0.9530 -9.990e-29
 175.760833     -0.296   0.471137    16.6588    -1.8071     -0.294     0.2733    -0.9542 -9.990e-29
 175.760839     -0.293   0.470592    16.6518    -1.8074     -0.291     0.2730    -0.9532 -9.990e-29
 175.760845     -0.286   0.470164    16.6410    -1.8083     -0.284     0.2728    -0.9515 -9.990e-29
 175.760851     -0.274   0.470388    16.6375    -1.8096     -0.272     0.2730    -0.9508 -9.990e-29
 175.760856     -0.264   0.471560    16.6417    -1.8103     -0.262     0.2737    -0.9510 -9.990e-29
 175.760862     -0.262   0.473028    16.6433    -1.8096     -0.260     0.2745    -0.9506 -9.990e-29
 175.760868     -0.266   0.473978    16.6336    -1.8090     -0.264     0.2751    -0.9485 -9.990e-29
 175.760874     -0.272   0.474565    16.6150    -1.8076     -0.270     0.2756    -0.9450 -9.990e-29
 175.760880     -0.273   0.475573    16.5956    -1.8060     -0.271     0.2763    -0.9411 -9.990e-29
 175.760885     -0.268   0.477237    16.5788    -1.8049     -0.266     0.2774    -0.9374 -9.990e-29
 175.760891     -0.266   0.478451    16.5620    -1.8041     -0.264     0.2783    -0.9339 -9.990e-29
 175.760897     -0.266   0.478062    16.5419    -1.8039     -0.264     0.2782    -0.9306 -9.990e-29
 175.760903     -0.264   0.476656    16.5220    -1.8037     -0.262     0.2775    -0.9278 -9.990e-29
 175.760909     -0.260   0.475127    16.5129    -1.8029     -0.258     0.2766    -0.9269 -9.990e-29
 175.760914     -0.255   0.473651    16.5199    -1.8025     -0.253     0.2757    -0.9288 -9.990e-29
 175.760920     -0.246   0.472474    16.5400    -1.8025     -0.244     0.2749    -0.9328 -9.990e-29
 175.760926     -0.235   0.471687    16.5696    -1.8037     -0.233     0.2742    -0.9383 -9.990e-29
 175.760932     -0.224   0.471346    16.6027    -1.8048     -0.222     0.2738    -0.9443 -9.990e-29
 175.760938     -0.218   0.471550    16.6314    -1.8060     -0.216     0.2737    -0.9492 -9.990e-29
 175.760943     -0.215   0.472017    16.6520    -1.8070     -0.213     0.2739    -0.9526 -9.990e-29
 175.760949     -0.216   0.472261    16.6656    -1.8073     -0.214     0.2739    -0.9549 -9.990e-29
 175.760955     -0.220   0.472052    16.6772    -1.8076     -0.218     0.2737    -0.9570 -9.990e-29
 175.760961     -0.225   0.471109    16.6887    -1.8072     -0.223     0.2731    -0.9595 -9.990e-29
 175.760966     -0.224   0.469283    16.6944    -1.8080     -0.222     0.2720    -0.9613 -9.990e-29
 175.760972     -0.219   0.467461    16.6879    -1.8097     -0.217     0.2709    -0.9610 -9.990e-29
 175.760978     -0.210   0.466536    16.6684    -1.8110     -0.208     0.2705    -0.9580 -9.990e-29
 175.760984     -0.199   0.466379    16.6417    -1.8118     -0.197     0.2706    -0.9534 -9.990e-29
 175.760990     -0.191   0.466780    16.6144    -1.8121     -0.189     0.2710    -0.9484 -9.990e-29
 175.760995     -0.185   0.468273    16.5919    -1.8121     -0.183     0.2720    -0.9438 -9.990e-29
 175.761001     -0.181   0.471183    16.5770    -1.8124     -0.179     0.2738    -0.9399 -9.990e-29
 175.761007     -0.178   0.474406    16.5680    -1.8126     -0.177     0.2758    -0.9368 -9.990e-29
 175.761013     -0.176   0.477250    16.5578    -1.8128     -0.175     0.2776    -0.9337 -9.990e-29
 175.761019     -0.175   0.480737    16.5367    -1.8132     -0.174     0.2798    -0.9284 -9.990e-29
 175.761024     -0.176   0.485637    16.5054    -1.8136     -0.175     0.2830    -0.9207 -9.990e-29
 175.761030     -0.177   0.492390    16.4750    -1.8144     -0.176     0.2872    -0.9123 -9.990e-29
 175.761036     -0.180   0.501135    16.4528    -1.8157     -0.178     0.2926    -0.9044 -9.990e-29
 175.761042     -0.184   0.509683    16.4392    -1.8179     -0.182     0.2978    -0.8981 -9.990e-29
 175.761047     -0.189   0.515579    16.4307    -1.8195     -0.187     0.3014    -0.8939 -9.990e-29
 175.761053     -0.197   0.519482    16.4229    -1.8205     -0.195     0.3038    -0.8907 -9.990e-29
 175.761059     -0.207   0.523825    16.4147    -1.8201     -0.205     0.3065    -0.8873 -9.990e-29
 175.761065     -0.215   0.530519    16.4056    -1.8199     -0.213     0.3106    -0.8826 -9.990e-29
 175.761071     -0.219   0.539070    16.3937    -1.8207     -0.217     0.3159    -0.8765 -9.990e-29
 175.761076     -0.222   0.547029    16.3764    -1.8211     -0.220     0.3208    -0.8698 -9.990e-29
 175.761082     -0.229   0.553373    16.3510    -1.8203     -0.227     0.3248    -0.8625 -9.990e-29
 175.761088     -0.233   0.558248    16.3158    -1.8193     -0.231     0.3281    -0.8541 -9.990e-29
 175.761094     -0.223   0.561506    16.2746    -1.8175     -0.221     0.3304    -0.8455 -9.990e-29
 175.761100     -0.209   0.564164    16.2381    -1.8166     -0.207     0.3323    -0.8379 -9.990e-29
 175.761105     -0.199   0.567551    16.2163    -1.8167     -0.197     0.3345    -0.8326 -9.990e-29
 175.761111     -0.190   0.570641    16.2089    -1.8161     -0.188     0.3364    -0.8299 -9.990e-29
 175.761117     -0.184   0.571456    16.2048    -1.8163     -0.182     0.3370    -0.8288 -9.990e-29
 175.761123     -0.180   0.570528    16.1980    -1.8167     -0.178     0.3365    -0.8281 -9.990e-29
 175.761128     -0.177   0.571049    16.1966    -1.8177     -0.176     0.3368    -0.8276 -9.990e-29
 175.761134     -0.174   0.575377    16.2085    -1.8185     -0.173     0.3393    -0.8276 -9.990e-29
 175.761140     -0.173   0.582630    16.2330    -1.8189     -0.172     0.3435    -0.8284 -9.990e-29
 175.761146     -0.173   0.589736    16.2622    -1.8182     -0.172     0.3476    -0.8301 -9.990e-29
 175.761152     -0.174   0.593426    16.2839    -1.8170     -0.173     0.3497    -0.8321 -9.990e-29
 175.761157     -0.175   0.593630    16.2949    -1.8172     -0.174     0.3497    -0.8339 -9.990e-29
 175.761163     -0.178   0.593945    16.2994    -1.8178     -0.177     0.3499    -0.8346 -9.990e-29
 175.761169     -0.182   0.596449    16.2962    -1.8188     -0.180     0.3514    -0.8328 -9.990e-29
 175.761175     -0.187   0.600602    16.2843    -1.8193     -0.185     0.3540    -0.8288 -9.990e-29
 175.761181     -0.190   0.605293    16.2676    -1.8195     -0.188     0.3570    -0.8237 -9.990e-29
 175.761186     -0.186   0.608464    16.2529    -1.8208     -0.184     0.3591    -0.8197 -9.990e-29
 175.761192     -0.180   0.609907    16.2474    -1.8222     -0.178     0.3600    -0.8181 -9.990e-29
 175.761198     -0.175   0.613208    16.2531    -1.8228     -0.174     0.3620    -0.8175 -9.990e-29
 175.761204     -0.171   0.620550    16.2605    -1.8220     -0.170     0.3664    -0.8153 -9.990e-29
 175.761209     -0.168   0.631193    16.2577    -1.8213     -0.167     0.3729    -0.8098 -9.990e-29
 175.761215     -0.165   0.644920    16.2439    -1.8221     -0.164     0.3815    -0.8010 -9.990e-29
 175.761221     -0.163   0.660088    16.2259    -1.8230     -0.162     0.3909    -0.7907 -9.990e-29
 175.761227     -0.161   0.672541    16.2091    -1.8233     -0.160     0.3987    -0.7819 -9.990e-29
 175.761233     -0.159   0.679490    16.1908    -1.8237     -0.158     0.4031    -0.7754 -9.990e-29
 175.761238     -0.158   0.681885    16.1661    -1.6774     -0.157     0.4049    -0.7700 -9.990e-29
 175.761244     -0.156   0.684028    16.1418    -1.5835     -0.155     0.4064    -0.7648 -9.990e-29
 175.761250     -0.153   0.689325    16.1298    -1.5990     -0.152     0.4098    -0.7602 -9.990e-29
 175.761256     -0.151   0.697082    16.1305    -1.6150     -0.150     0.4146    -0.7567 -9.990e-29
 175.761262     -0.148   0.707664    16.1290    -1.6314     -0.147     0.4211    -0.7514 -9.990e-29
 175.761267     -0.144   0.731856    16.1121    -1.6319     -0.143     0.4362    -0.7369 -9.990e-29
 175.761273     -0.139   0.803021    16.0752    -1.6394     -0.138     0.4807    -0.6965 -9.990e-29
 175.761279     -0.134   1.012163    15.9960    -1.6410     -0.133     0.6128    -0.5817 -9.990e-29
