data/oxygen options/ONMS/Olympic_Coast_National_Marine_Sanctuary_Hypoxia_Survey_CTD_Data_2004_2015/raw_data/2005/CTD_CA90_070705faed.cnv
* Sea-Bird SBE19 Data File:
* FileName = C:\Hypoxia Data\CA90_070705.hex
* Software Version 1.1.6
* Temperature SN = 2997
* Conductivity SN = 2997
* System UpLoad Time = Jul 07 2005 13:07:03
* SEACAT PROFILER V3.1c SN 2997   07/07/05  13:06:42.652
* strain gauge pressure sensor: S/N = 184829,  range = 3000 psia,  tc = 40
# nquan = 9                                 
# nvalues = 1434                        
# units = specified
# name 0 = timeJ: Julian Days
# name 1 = prSM: Pressure, Strain Gauge [db]
# name 2 = c0mS/cm: Conductivity [mS/cm]
# name 3 = t090C: Temperature [ITS-90, deg C]
# name 4 = oxML/L: Oxygen, Beckman/YSI [ml/l]
# name 5 = depSM: Depth [salt water, m], lat = 47.5
# name 6 = sal00: Salinity, Practical [PSU]
# name 7 = sigma-é00: Density [sigma-theta, kg/m^3]
# name 8 = flag: flag
# span 0 = 188.537245, 188.545538       
# span 1 =     -2.442,     90.585       
# span 2 =   3.873972,  37.764205       
# span 3 =     7.4947,    13.8975       
# span 4 =   -0.09998,   25.79779       
# span 5 =     -2.422,     89.809       
# span 6 =     2.9535,    33.8268       
# span 7 =     1.5834,    26.4230       
# span 8 = 0.0000e+00, 0.0000e+00       
# interval = seconds: 0.5
# start_time = Jul 07 2005 12:53:38 [Instrument's time stamp, header]
# bad_flag = -9.990e-29
*END*
[from data line 321]
 188.539103      4.906  37.441227    13.4787    8.73424      4.865    31.2631    23.4060 -9.990e-29
 188.539109      4.913  37.441957    13.4794    8.74123      4.872    31.2632    23.4059 -9.990e-29
 188.539115      4.916  37.442352    13.4801    8.73661      4.875    31.2630    23.4056 -9.990e-29
 188.539120      4.918  37.442937    13.4816    8.72943      4.877    31.2623    23.4048 -9.990e-29
 188.539126      4.926  37.444491    13.4832    8.72639      4.885    31.2624    23.4045 -9.990e-29
 188.539132      4.934  37.445723    13.4826    8.73471      4.893    31.2641    23.4059 -9.990e-29
 188.539138      4.939  37.444348    13.4804    8.73726      4.898    31.2646    23.4068 -9.990e-29
 188.539144      4.942  37.441894    13.4811    8.74967      4.901    31.2617    23.4044 -9.990e-29
 188.539149      4.943  37.442939    13.4872    8.73631      4.902    31.2577    23.4001 -9.990e-29
 188.539155      4.941  37.448875    13.4946    8.70361      4.900    31.2572    23.3982 -9.990e-29
 188.539161      4.941  37.455837    13.4974    8.68865      4.900    31.2613    23.4009 -9.990e-29
 188.539167      4.951  37.459089    13.4921    8.67696      4.910    31.2687    23.4076 -9.990e-29
 188.539172      4.972  37.454555    13.4806    8.71975      4.930    31.2739    23.4139 -9.990e-29
 188.539178      4.993  37.442919    13.4707    8.74647      4.951    31.2712    23.4138 -9.990e-29
 188.539184      4.998  37.433339    13.4697    8.74526      4.956    31.2631    23.4077 -9.990e-29
 188.539190      4.982  37.433226    13.4788    8.73301      4.940    31.2556    23.4001 -9.990e-29
 188.539196      4.959  37.442984    13.4939    8.71981      4.918    31.2523    23.3946 -9.990e-29
 188.539201      4.938  37.458239    13.5059    8.71632      4.897    31.2566    23.3955 -9.990e-29
 188.539207      4.927  37.469048    13.5076    8.73383      4.886    31.2653    23.4019 -9.990e-29
 188.539213      4.930  37.468518    13.5013    8.74777      4.889    31.2699    23.4067 -9.990e-29
 188.539219      4.943  37.461551    13.4950    8.75247      4.902    31.2686    23.4070 -9.990e-29
 188.539225      4.953  37.456240    13.4945    8.76398      4.912    31.2641    23.4036 -9.990e-29
 188.539230      4.953  37.456715    13.4990    8.76734      4.912    31.2608    23.4002 -9.990e-29
 188.539236      4.947  37.461362    13.5043    8.76031      4.906    31.2608    23.3991 -9.990e-29
 188.539242      4.939  37.465721    13.5086    8.73755      4.898    31.2614    23.3987 -9.990e-29
 188.539248      4.929  37.468874    13.5121    8.72052      4.888    31.2614    23.3980 -9.990e-29
 188.539253      4.920  37.471661    13.5120    8.72762      4.879    31.2641    23.4001 -9.990e-29
 188.539259      4.915  37.471068    13.5067    8.73443      4.874    31.2679    23.4041 -9.990e-29
 188.539265      4.915  37.465742    13.5002    8.74335      4.874    31.2683    23.4057 -9.990e-29
 188.539271      4.919  37.460358    13.4956    8.75664      4.878    31.2670    23.4056 -9.990e-29
 188.539277      4.924  37.456708    13.4935    8.75557      4.883    31.2654    23.4048 -9.990e-29
 188.539282      4.921  37.454968    13.4939    8.74848      4.880    31.2634    23.4032 -9.990e-29
 188.539288      4.910  37.455621    13.4954    8.73806      4.869    31.2628    23.4024 -9.990e-29
 188.539294      4.903  37.457290    13.4973    8.72232      4.862    31.2628    23.4020 -9.990e-29
 188.539300      4.909  37.459398    13.4985    8.73158      4.868    31.2638    23.4025 -9.990e-29
 188.539306      4.922  37.460830    13.4964    8.75012      4.881    31.2668    23.4053 -9.990e-29
 188.539311      4.936  37.458446    13.4913    8.76553      4.895    31.2688    23.4078 -9.990e-29
 188.539317      4.952  37.452991    13.4886    8.76581      4.911    31.2659    23.4062 -9.990e-29
 188.539323      4.970  37.450648    13.4930    8.75550      4.928    31.2601    23.4008 -9.990e-29
 188.539329      4.979  37.455580    13.5044    8.75018      4.937    31.2554    23.3949 -9.990e-29
 188.539334      4.980  37.467070    13.5164    8.75456      4.938    31.2562    23.3931 -9.990e-29
 188.539340      4.989  37.477446    13.5221    8.74511      4.947    31.2612    23.3958 -9.990e-29
 188.539346      5.012  37.479794    13.5223    8.73508      4.970    31.2632    23.3974 -9.990e-29
 188.539352      5.041  37.477809    13.5204    8.73556      4.999    31.2629    23.3975 -9.990e-29
 188.539358      5.070  37.475946    13.5172    8.72296      5.028    31.2638    23.3988 -9.990e-29
 188.539363      5.091  37.473959    13.5126    8.71739      5.048    31.2657    23.4012 -9.990e-29
 188.539369      5.103  37.470686    13.5078    8.71559      5.060    31.2666    23.4028 -9.990e-29
 188.539375      5.110  37.466796    13.5037    8.73445      5.067    31.2663    23.4035 -9.990e-29
 188.539381      5.117  37.463631    13.4992    8.74554      5.074    31.2670    23.4049 -9.990e-29
 188.539387      5.119  37.459760    13.4959    8.74763      5.076    31.2661    23.4049 -9.990e-29
 188.539392      5.118  37.456738    13.4986    8.74189      5.075    31.2611    23.4005 -9.990e-29
 188.539398      5.121  37.460058    13.5077    8.73958      5.078    31.2568    23.3953 -9.990e-29
 188.539404      5.133  37.469084    13.5152    8.75178      5.090    31.2590    23.3955 -9.990e-29
 188.539410      5.155  37.475091    13.5148    8.75926      5.112    31.2649    23.4002 -9.990e-29
 188.539416      5.183  37.473179    13.5105    8.76536      5.140    31.2666    23.4024 -9.990e-29
 188.539421      5.212  37.469202    13.5106    8.74035      5.168    31.2628    23.3994 -9.990e-29
 188.539427      5.239  37.471300    13.5173    8.73365      5.195    31.2593    23.3954 -9.990e-29
 188.539433      5.269  37.480015    13.5236    8.76380      5.225    31.2622    23.3964 -9.990e-29
 188.539439      5.314  37.486204    13.5203    8.81564      5.270    31.2706    23.4035 -9.990e-29
 188.539444      5.375  37.481286    13.5084    8.94383      5.330    31.2758    23.4099 -9.990e-29
 188.539450      5.449  37.468786    13.4978    9.05062      5.403    31.2728    23.4097 -9.990e-29
 188.539456      5.536  37.458942    13.4955    9.06215      5.490    31.2656    23.4045 -9.990e-29
 188.539462      5.645  37.457680    13.4987    8.93088      5.598    31.2617    23.4009 -9.990e-29
 188.539468      5.792  37.461623    13.4956    8.60389      5.744    31.2679    23.4063 0.0000e+00
 188.539473      5.991  37.460313    13.4706    8.10734      5.941    31.2870    23.4261 0.0000e+00
 188.539479      6.245  37.441338    13.4058    7.49344      6.193    31.3225    23.4663 0.0000e+00
 188.539485      6.550  37.391725    13.2767    6.80535      6.495    31.3824    23.5381 0.0000e+00
 188.539491      6.904  37.300265    13.0270    6.11273      6.846    31.5033    23.6804 0.0000e+00
 188.539497      7.302  37.139766    12.6114    5.51176      7.241    31.6991    23.9120 0.0000e+00
 188.539502      7.734  36.879014    12.1160    5.03094      7.669    31.8696    24.1375 0.0000e+00
 188.539508      8.182  36.569550    11.6912    4.72284      8.114    31.9344    24.2660 0.0000e+00
 188.539514      8.629  36.312299    11.3657    4.47143      8.557    31.9643    24.3480 0.0000e+00
 188.539520      9.056  36.121324    11.0779    4.35559      8.980    32.0266    24.4474 0.0000e+00
 188.539525      9.457  35.951043    10.8045    4.29940      9.378    32.0970    24.5500 0.0000e+00
 188.539531      9.830  35.787412    10.5629    4.32914      9.748    32.1464    24.6301 0.0000e+00
 188.539537     10.175  35.644873    10.3680    4.40053     10.090    32.1759    24.6862 0.0000e+00
 188.539543     10.487  35.534587    10.2203    4.47683     10.399    32.1959    24.7266 0.0000e+00
 188.539549     10.757  35.454657    10.1264    4.58337     10.667    32.1986    24.7444 0.0000e+00
 188.539554     10.971  35.406668    10.1125    4.71540     10.879    32.1625    24.7186 0.0000e+00
 188.539560     11.122  35.403402    10.2124    4.79839     11.029    32.0705    24.6302 -9.990e-29
 188.539566     11.216  35.471306    10.3472    4.82330     11.122    32.0197    24.5680 -9.990e-29
 188.539572     11.275  35.554578    10.3739    4.78859     11.181    32.0796    24.6102 -9.990e-29
 188.539578     11.325  35.554024    10.3140    4.74085     11.230    32.1320    24.6611 -9.990e-29
 188.539583     11.381  35.502573    10.2483    4.71507     11.286    32.1384    24.6771 -9.990e-29
 188.539589     11.451  35.457756    10.1795    4.69344     11.355    32.1543    24.7010 -9.990e-29
 188.539595     11.531  35.415852    10.1084    4.66970     11.434    32.1751    24.7291 -9.990e-29
 188.539601     11.605  35.375906    10.0687    4.66281     11.508    32.1701    24.7318 -9.990e-29
 188.539606     11.660  35.355830    10.0751    4.67528     11.562    32.1441    24.7104 -9.990e-29
 188.539612     11.697  35.363587    10.0992    4.68331     11.599    32.1305    24.6958 -9.990e-29
 188.539618     11.716  35.378667    10.1104    4.68196     11.618    32.1358    24.6981 -9.990e-29
 188.539624     11.724  35.383608    10.0953    4.65819     11.626    32.1541    24.7150 -9.990e-29
 188.539630     11.726  35.373782    10.0606    4.62419     11.628    32.1751    24.7370 -9.990e-29
 188.539635     11.721  35.351216    10.0288    4.61429     11.623    32.1806    24.7466 -9.990e-29
 188.539641     11.717  35.328974    10.0073    4.61489     11.619    32.1772    24.7475 -9.990e-29
 188.539647     11.724  35.314382     9.9897    4.62037     11.626    32.1781    24.7511 -9.990e-29
 188.539653     11.733  35.302543     9.9831    4.60644     11.635    32.1720    24.7475 -9.990e-29
 188.539659     11.731  35.298960     9.9895    4.60265     11.633    32.1627    24.7391 -9.990e-29
 188.539664     11.719  35.304444     9.9960    4.61759     11.621    32.1624    24.7379 -9.990e-29
 188.539670     11.708  35.308355     9.9929    4.62599     11.610    32.1692    24.7436 -9.990e-29
 188.539676     11.711  35.305248     9.9820    4.63024     11.613    32.1757    24.7505 -9.990e-29
 188.539682     11.732  35.297140     9.9743    4.62789     11.634    32.1744    24.7508 -9.990e-29
 188.539688     11.763  35.291708     9.9756    4.61661     11.664    32.1677    24.7453 -9.990e-29
 188.539693     11.791  35.292345     9.9787    4.61910     11.692    32.1656    24.7432 -9.990e-29
 188.539699     11.808  35.293158     9.9769    4.62506     11.709    32.1680    24.7453 -9.990e-29
 188.539705     11.819  35.290176     9.9739    4.62324     11.720    32.1676    24.7456 -9.990e-29
 188.539711     11.830  35.287822     9.9735    4.62321     11.731    32.1656    24.7440 -9.990e-29
 188.539716     11.836  35.288551     9.9718    4.61515     11.737    32.1679    24.7461 -9.990e-29
 188.539722     11.838  35.286594     9.9662    4.62137     11.739    32.1709    24.7494 -9.990e-29
 188.539728     11.846  35.279331     9.9604    4.62219     11.747    32.1687    24.7486 -9.990e-29
 188.539734     11.859  35.274447     9.9580    4.61803     11.760    32.1659    24.7468 -9.990e-29
 188.539740     11.869  35.275505     9.9609    4.61408     11.770    32.1643    24.7451 -9.990e-29
 188.539745     11.873  35.278298     9.9672    4.60818     11.774    32.1616    24.7419 -9.990e-29
 188.539751     11.872  35.280931     9.9720    4.61143     11.773    32.1599    24.7399 -9.990e-29
 188.539757     11.870  35.282979     9.9713    4.61163     11.771    32.1626    24.7421 -9.990e-29
 188.539763     11.874  35.282677     9.9634    4.59669     11.775    32.1694    24.7487 -9.990e-29
 188.539769     11.885  35.277371     9.9520    4.57988     11.785    32.1741    24.7543 -9.990e-29
 188.539774     11.896  35.268946     9.9391    4.57107     11.796    32.1771    24.7587 -9.990e-29
 188.539780     11.902  35.260170     9.9258    4.57166     11.802    32.1801    24.7632 -9.990e-29
 188.539786     11.905  35.251100     9.9199    4.58980     11.805    32.1761    24.7611 -9.990e-29
 188.539792     11.903  35.247008     9.9253    4.59751     11.803    32.1672    24.7532 -9.990e-29
 188.539797     11.898  35.250831     9.9336    4.59632     11.798    32.1636    24.7491 -9.990e-29
 188.539803     11.894  35.255881     9.9375    4.58748     11.794    32.1653    24.7497 -9.990e-29
 188.539809     11.897  35.257109     9.9385    4.57289     11.797    32.1656    24.7498 -9.990e-29
 188.539815     11.914  35.256704     9.9375    4.57630     11.814    32.1661    24.7504 -9.990e-29
 188.539821     11.944  35.255797     9.9318    4.58813     11.844    32.1703    24.7545 -9.990e-29
 188.539826     11.986  35.252046     9.9223    4.59154     11.886    32.1749    24.7597 -9.990e-29
 188.539832     12.025  35.245485     9.9148    4.58562     11.924    32.1749    24.7610 -9.990e-29
 188.539838     12.043  35.240244     9.9143    4.59079     11.942    32.1701    24.7573 -9.990e-29
 188.539844     12.036  35.239411     9.9210    4.59770     11.935    32.1632    24.7508 -9.990e-29
 188.539850     12.012  35.242984     9.9329    4.61090     11.911    32.1563    24.7434 -9.990e-29
 188.539855     11.978  35.250668     9.9444    4.61080     11.878    32.1538    24.7397 -9.990e-29
 188.539861     11.946  35.258125     9.9486    4.60049     11.846    32.1577    24.7419 -9.990e-29
 188.539867     11.921  35.260152     9.9449    4.58578     11.821    32.1630    24.7467 -9.990e-29
 188.539873     11.901  35.257202     9.9377    4.58361     11.801    32.1664    24.7506 -9.990e-29
 188.539878     11.895  35.252619     9.9309    4.57772     11.795    32.1679    24.7528 -9.990e-29
 188.539884     11.911  35.249249     9.9231    4.58019     11.811    32.1714    24.7569 -9.990e-29
 188.539890     11.939  35.244828     9.9132    4.57829     11.839    32.1757    24.7619 -9.990e-29
 188.539896     11.967  35.237934     9.9084    4.58513     11.867    32.1730    24.7605 -9.990e-29
 188.539902     11.982  35.235059     9.9127    4.59156     11.882    32.1662    24.7546 -9.990e-29
 188.539907     11.981  35.238519     9.9221    4.59426     11.881    32.1614    24.7492 -9.990e-29
 188.539913     11.968  35.244507     9.9324    4.58925     11.868    32.1583    24.7451 -9.990e-29
 188.539919     11.960  35.250903     9.9379    4.58196     11.860    32.1599    24.7454 -9.990e-29
 188.539925     11.968  35.253894     9.9334    4.58776     11.868    32.1669    24.7517 -9.990e-29
 188.539931     11.986  35.249613     9.9217    4.58545     11.886    32.1730    24.7583 -9.990e-29
 188.539936     12.001  35.241310     9.9136    4.59344     11.900    32.1718    24.7587 -9.990e-29
 188.539942     12.005  35.236399     9.9157    4.59734     11.904    32.1649    24.7530 -9.990e-29
 188.539948     11.999  35.237288     9.9248    4.60210     11.899    32.1577    24.7459 -9.990e-29
 188.539954     11.991  35.241784     9.9331    4.59283     11.891    32.1549    24.7423 -9.990e-29
 188.539959     11.989  35.246343     9.9348    4.58333     11.889    32.1580    24.7445 -9.990e-29
 188.539965     12.002  35.247505     9.9303    4.58141     11.901    32.1632    24.7493 -9.990e-29
 188.539971     12.034  35.245127     9.9240    4.57410     11.933    32.1664    24.7528 -9.990e-29
 188.539977     12.084  35.241632     9.9195    4.57842     11.983    32.1668    24.7539 -9.990e-29
 188.539983     12.137  35.239075     9.9184    4.57986     12.035    32.1652    24.7528 -9.990e-29
 188.539988     12.175  35.238517     9.9200    4.59210     12.073    32.1632    24.7510 -9.990e-29
 188.539994     12.201  35.239761     9.9216    4.59530     12.099    32.1630    24.7506 -9.990e-29
 188.540000     12.234  35.240530     9.9210    4.59189     12.132    32.1643    24.7517 -9.990e-29
 188.540006     12.288  35.239598     9.9174    4.59510     12.185    32.1665    24.7540 -9.990e-29
 188.540012     12.368  35.237393     9.9116    4.60721     12.264    32.1694    24.7572 -9.990e-29
 188.540017     12.460  35.233766     9.9088    4.62051     12.356    32.1682    24.7567 -9.990e-29
