data/oxygen options/ONMS/Olympic_Coast_National_Marine_Sanctuary_Hypoxia_Survey_CTD_Data_2004_2015/raw_data/2005/CTD_TH100_060705faed.cnv
* Sea-Bird SBE19 Data File:
* FileName = C:\hypoxia CTD data\TH100_060705.hex
* Software Version 1.1.5
* Temperature SN = 2997
* Conductivity SN = 2997
* System UpLoad Time = Jun 07 2005 12:49:48
* SEACAT PROFILER V3.1c SN 2997   06/07/05  12:48:34.761
* strain gauge pressure sensor: S/N = 184829,  range = 3000 psia,  tc = 40
# nquan = 9                                 
# nvalues = 865                         
# units = specified
# name 0 = timeJ: Julian Days
# name 1 = prSM: Pressure, Strain Gauge [db]
# name 2 = c0mS/cm: Conductivity [mS/cm]
# name 3 = t090C: Temperature [ITS-90, deg C]
# name 4 = oxML/L: Oxygen, Beckman/YSI [ml/l]
# name 5 = depSM: Depth [salt water, m], lat = 47.5
# name 6 = sal00: Salinity, Practical [PSU]
# name 7 = sigma-é00: Density [sigma-theta, kg/m^3]
# name 8 = flag: flag
# span 0 = 158.509664, 158.514664       
# span 1 =     -3.626,    103.569       
# span 2 =   0.284649,  36.475236       
# span 3 =     7.3814,    12.7434       
# span 4 =   -0.12442,   27.80747       
# span 5 =     -3.596,    102.679       
# span 6 =     0.1805,    33.8403       
# span 7 =    -0.4144,    26.4536       
# span 8 = 0.0000e+00, 0.0000e+00       
# interval = seconds: 0.5
# start_time = Jun 07 2005 12:13:55 [Instrument's time stamp, header]
# bad_flag = -9.990e-29
*END*
 158.509664     -3.620 -9.990e-29    12.4881   -0.12432     -3.590 -9.990e-29 -9.990e-29 -9.990e-29
 158.509670     -3.621   0.295124    12.4877   -0.12433     -3.591     0.1872    -0.4115 -9.990e-29
 158.509676     -3.622   0.295787    12.4859   -0.12432     -3.592     0.1877    -0.4110 -9.990e-29
 158.509682     -3.624   0.296668    12.4821   -0.12429     -3.594     0.1882    -0.4101 -9.990e-29
 158.509688     -3.626   0.296722    12.4775   -0.12430     -3.596     0.1883    -0.4095 -9.990e-29
 158.509693     -3.625   0.295654    12.4737   -0.12432     -3.595     0.1876    -0.4095 -9.990e-29
 158.509699     -3.616   0.294257    12.4718   -0.12433     -3.586     0.1867    -0.4100 -9.990e-29
 158.509705     -3.602   0.293628    12.4716   -0.12434     -3.572     0.1863    -0.4103 -9.990e-29
 158.509711     -3.588   0.294038    12.4722   -0.12435     -3.558     0.1866    -0.4102 -9.990e-29
 158.509716     -3.572   0.294002    12.4728   -0.12434     -3.542     0.1866    -0.4103 -9.990e-29
 158.509722     -3.553   0.292363    12.4735   -0.12436     -3.523     0.1855    -0.4112 -9.990e-29
 158.509728     -3.530   0.290266    12.4755   -0.12436     -3.501     0.1841    -0.4125 -9.990e-29
 158.509734     -3.506   0.289349    12.4776   -0.12438     -3.477     0.1835    -0.4132 -9.990e-29
 158.509740     -3.483   0.289502    12.4774   -0.12442     -3.454     0.1836    -0.4131 -9.990e-29
 158.509745     -3.456   0.289266    12.4751   -0.12442     -3.427     0.1835    -0.4129 -9.990e-29
 158.509751     -3.419   0.287774    12.4723   -0.12442     -3.390     0.1825    -0.4133 -9.990e-29
 158.509757     -3.374   0.285813    12.4701   -0.12442     -3.346     0.1813    -0.4141 -9.990e-29
 158.509763     -3.326   0.284649    12.4684   -0.10290     -3.298     0.1805    -0.4144 -9.990e-29
 158.509769     -3.277   0.284949    12.4668   -0.10225     -3.250     0.1807    -0.4141 -9.990e-29
 158.509774     -3.224   0.287670    12.4645   -0.10211     -3.197     0.1825    -0.4124 -9.990e-29
 158.509780     -3.167   0.294221    12.4612   -0.10212     -3.141     0.1868    -0.4087 -9.990e-29
 158.509786     -3.107   0.308349    12.4563   -0.10211     -3.081     0.1959    -0.4009 -9.990e-29
 158.509792     -3.040   0.344456    12.4513   -0.10212     -3.015     0.2195    -0.3819 -9.990e-29
 158.509797     -2.967   0.445698    12.4492   -0.10214     -2.942     0.2861    -0.3297 -9.990e-29
 158.509803     -2.887   0.741519    12.4520   -0.10212     -2.863     0.4846    -0.1752 -9.990e-29
 158.509809     -2.794   1.625240    12.4645   -0.10213     -2.771     1.1001     0.3024 -9.990e-29
 158.509815     -2.684   4.275156    12.5040   -0.10212     -2.662     3.0558     1.8147 -9.990e-29
 158.509821     -2.553  12.219500    12.5717   -0.10212     -2.532     9.4080     6.7115 -9.990e-29
 158.509826     -2.401  24.191833    12.6313   -0.10213     -2.381    19.7458    14.6717 -9.990e-29
 158.509832     -2.232  32.268028    12.6613   -0.10213     -2.213    27.0899    20.3364 -9.990e-29
 158.509838     -2.056  35.010303    12.6734   -0.10212     -2.039    29.6415    22.3073 -9.990e-29
 158.509844     -1.883  35.915244    12.6783   -0.10211     -1.867    30.4891    22.9623 -9.990e-29
 158.509850     -1.719  36.210212    12.6787   -0.10213     -1.705    30.7669    23.1773 -9.990e-29
 158.509855     -1.572  36.303100    12.6767   -0.10215     -1.559    30.8562    23.2468 -9.990e-29
 158.509861     -1.444  36.337411    12.6751   -0.10214     -1.432    30.8899    23.2731 -9.990e-29
 158.509867     -1.332  36.360036    12.6754   -0.10214     -1.321    30.9110    23.2894 -9.990e-29
 158.509873     -1.232  36.374244    12.6765   -0.10212     -1.222    30.9235    23.2988 -9.990e-29
 158.509878     -1.143  36.378813    12.6771   -0.10212     -1.133    30.9272    23.3017 -9.990e-29
 158.509884     -1.064  36.377056    12.6774   -0.10211     -1.055    30.9253    23.3001 -9.990e-29
 158.509890     -0.997  36.373383    12.6774   -0.10211     -0.989    30.9218    23.2974 -9.990e-29
 158.509896     -0.939  36.374133    12.6762   -0.10211     -0.931    30.9235    23.2989 -9.990e-29
 158.509902     -0.881  36.379770    12.6735   -0.10210     -0.874    30.9310    23.3053 -9.990e-29
 158.509907     -0.825  36.383815    12.6711   -0.10208     -0.818    30.9368    23.3102 -9.990e-29
 158.509913     -0.779  36.383831    12.6707   -0.10209     -0.773    30.9371    23.3105 -9.990e-29
 158.509919     -0.744  36.382666    12.6724   -0.10210     -0.738    30.9346    23.3082 -9.990e-29
 158.509925     -0.711  36.382714    12.6751   -0.10210     -0.705    30.9324    23.3060 -9.990e-29
 158.509931     -0.677  36.384624    12.6782   -0.10209     -0.671    30.9316    23.3049 -9.990e-29
 158.509936     -0.643  36.387602    12.6825   -0.10207     -0.638    30.9309    23.3035 -9.990e-29
 158.509942     -0.609  36.388350    12.6875   -0.10208     -0.604    30.9275    23.2999 -9.990e-29
 158.509948     -0.571  36.382843    12.6911   -0.10209     -0.566    30.9193    23.2929 -9.990e-29
 158.509954     -0.532  36.372732    12.6925   -0.10209     -0.528    30.9086    23.2844 -9.990e-29
 158.509959     -0.497  36.368113    12.6925   -0.10209     -0.493    30.9043    23.2810 -9.990e-29
 158.509965     -0.470  36.375190    12.6927   -0.10207     -0.466    30.9108    23.2860 -9.990e-29
 158.509971     -0.447  36.385475    12.6948   -0.10206     -0.443    30.9188    23.2917 -9.990e-29
 158.509977     -0.427  36.386350    12.6971   -0.10208     -0.423    30.9177    23.2905 -9.990e-29
 158.509983     -0.410  36.377882    12.6975   -0.10209     -0.407    30.9094    23.2840 -9.990e-29
 158.509988     -0.394  36.372917    12.6970   -0.10209     -0.391    30.9051    23.2807 -9.990e-29
 158.509994     -0.378  36.379439    12.6967   -0.10207     -0.375    30.9115    23.2858 -9.990e-29
 158.510000     -0.361  36.389903    12.6969   -0.10207     -0.358    30.9212    23.2932 -9.990e-29
 158.510006     -0.342  36.392489    12.6975   -0.10210     -0.339    30.9231    23.2946 -9.990e-29
 158.510012     -0.320  36.387306    12.6983   -0.10210     -0.317    30.9176    23.2902 -9.990e-29
 158.510017     -0.298  36.384288    12.6990   -0.10210     -0.296    30.9141    23.2874 -9.990e-29
 158.510023     -0.278  36.388967    12.6992   -0.10212     -0.276    30.9184    23.2906 -9.990e-29
 158.510029     -0.256  36.396951    12.6992   -0.10213     -0.254    30.9259    23.2965 -9.990e-29
 158.510035     -0.228  36.399280    12.6991   -0.10213     -0.226    30.9282    23.2982 -9.990e-29
 158.510041     -0.204  36.392355    12.6985   -0.10213     -0.202    30.9221    23.2937 -9.990e-29
 158.510046     -0.184  36.384911    12.6977   -0.10213     -0.182    30.9157    23.2889 -9.990e-29
 158.510052     -0.164  36.388353    12.6971   -0.10214     -0.163    30.9195    23.2919 -9.990e-29
 158.510058     -0.138  36.397761    12.6961   -0.10215     -0.137    30.9292    23.2996 -9.990e-29
 158.510064     -0.112  36.398225    12.6931   -0.10215     -0.111    30.9321    23.3024 -9.990e-29
 158.510069     -0.099  36.390385    12.6875   -0.10215     -0.098    30.9292    23.3013 -9.990e-29
 158.510075     -0.097  36.386242    12.6816   -0.10215     -0.096    30.9302    23.3031 -9.990e-29
 158.510081     -0.094  36.388146    12.6787   -0.10216     -0.093    30.9343    23.3069 -9.990e-29
 158.510087     -0.080  36.389685    12.6779   -0.10216     -0.079    30.9364    23.3087 -9.990e-29
 158.510093     -0.059  36.387325    12.6771   -0.10217     -0.059    30.9349    23.3076 -9.990e-29
 158.510098     -0.033  36.384673    12.6761   -0.10217     -0.033    30.9332    23.3065 -9.990e-29
 158.510104     -0.002  36.385507    12.6747   -0.10217     -0.002    30.9351    23.3082 -9.990e-29
 158.510110      0.032  36.387034    12.6728   -0.10216      0.032    30.9381    23.3109 -9.990e-29
 158.510116      0.063  36.385707    12.6711   -0.10216      0.062    30.9382    23.3113 -9.990e-29
 158.510122      0.090  36.383704    12.6697   -0.10216      0.089    30.9375    23.3110 -9.990e-29
 158.510127      0.112  36.383423    12.6684   -0.10217      0.111    30.9382    23.3119 -9.990e-29
 158.510133      0.133  36.383951    12.6675   -0.10217      0.132    30.9395    23.3130 -9.990e-29
 158.510139      0.153  36.383213    12.6668   -0.10217      0.152    30.9393    23.3130 -9.990e-29
 158.510145      0.174  36.380809    12.6665   -0.10217      0.173    30.9373    23.3115 -9.990e-29
 158.510150      0.192  36.378602    12.6664   -0.10216      0.190    30.9353    23.3100 -9.990e-29
 158.510156      0.205  36.377038    12.6664   -0.10216      0.203    30.9338    23.3088 -9.990e-29
 158.510162      0.217  36.375736    12.6663   -0.10216      0.215    30.9327    23.3079 -9.990e-29
 158.510168      0.233  36.375786    12.6661   -0.10216      0.231    30.9329    23.3081 -9.990e-29
 158.510174      0.256  36.378400    12.6658   -0.10216      0.254    30.9356    23.3103 -9.990e-29
 158.510179      0.285  36.380917    12.6656   -0.10216      0.283    30.9381    23.3123 -9.990e-29
 158.510185      0.319  36.379989    12.6656   -0.10215      0.316    30.9372    23.3116 -9.990e-29
 158.510191      0.347  36.377766    12.6660   -0.10216      0.344    30.9348    23.3096 -9.990e-29
 158.510197      0.362  36.376912    12.6666   -0.10218      0.359    30.9335    23.3085 -9.990e-29
 158.510203      0.370  36.376872    12.6670   -0.10215      0.367    30.9331    23.3082 -9.990e-29
 158.510208      0.375  36.377618    12.6673   -0.10213      0.372    30.9336    23.3085 -9.990e-29
 158.510214      0.382  36.379607    12.6679   -0.10213      0.379    30.9349    23.3094 -9.990e-29
 158.510220      0.395  36.381027    12.6685   -0.10212      0.392    30.9358    23.3100 -9.990e-29
 158.510226      0.416  36.380431    12.6691   -0.10214      0.413    30.9347    23.3090 -9.990e-29
 158.510231      0.446  36.379292    12.6700   -0.10215      0.442    30.9329    23.3074 -9.990e-29
 158.510237      0.477  36.378917    12.6702   -0.10215      0.473    30.9324    23.3070 -9.990e-29
 158.510243      0.500  36.379952    12.6682   15.75088      0.496    30.9350    23.3094 -9.990e-29
 158.510249      0.511  36.382675    12.6672   26.30449      0.507    30.9384    23.3122 -9.990e-29
 158.510255      0.516  36.385135    12.6706   27.80747      0.512    30.9379    23.3112 -9.990e-29
 158.510260      0.523  36.386707    12.6762   24.36289      0.519    30.9348    23.3077 -9.990e-29
 158.510266      0.537  36.388951    12.6804   15.80456      0.533    30.9335    23.3059 -9.990e-29
 158.510272      0.555  36.390398    12.6811   12.66396      0.550    30.9342    23.3064 -9.990e-29
 158.510278      0.569  36.390195    12.6785   12.68882      0.564    30.9362    23.3084 -9.990e-29
 158.510284      0.576  36.390899    12.6756   12.66540      0.571    30.9392    23.3113 -9.990e-29
 158.510289      0.580  36.392913    12.6764   12.66966      0.575    30.9405    23.3121 -9.990e-29
 158.510295      0.590  36.396700    12.6814   12.67817      0.585    30.9399    23.3107 -9.990e-29
 158.510301      0.612  36.406210    12.6884   12.68738      0.607    30.9432    23.3119 -9.990e-29
 158.510307      0.642  36.420689    12.6948   12.69239      0.637    30.9516    23.3172 -9.990e-29
 158.510313      0.670  36.431989    12.6983   12.70075      0.664    30.9594    23.3225 -9.990e-29
 158.510318      0.684  36.436695    12.6989   12.71478      0.678    30.9633    23.3255 -9.990e-29
 158.510324      0.685  36.437741    12.6981   10.73813      0.679    30.9650    23.3269 -9.990e-29
 158.510330      0.687  36.437108    12.6977    6.61252      0.681    30.9647    23.3268 -9.990e-29
 158.510336      0.702  36.436779    12.6985    4.18087      0.696    30.9637    23.3259 -9.990e-29
 158.510341      0.726  36.437460    12.6999    3.30259      0.720    30.9632    23.3252 -9.990e-29
 158.510347      0.749  36.438399    12.7008    4.20210      0.743    30.9633    23.3251 -9.990e-29
 158.510353      0.768  36.439187    12.7008    5.69098      0.762    30.9641    23.3257 -9.990e-29
 158.510359      0.779  36.439217    12.7007    6.26007      0.772    30.9642    23.3258 -9.990e-29
 158.510365      0.784  36.439112    12.7011    6.56916      0.777    30.9638    23.3254 -9.990e-29
 158.510370      0.791  36.439317    12.7021    6.74121      0.784    30.9631    23.3247 -9.990e-29
 158.510376      0.805  36.439566    12.7037    6.83875      0.798    30.9620    23.3236 -9.990e-29
 158.510382      0.827  36.440217    12.7057    6.89567      0.820    30.9610    23.3224 -9.990e-29
 158.510388      0.850  36.441221    12.7073    6.91329      0.843    30.9606    23.3218 -9.990e-29
 158.510394      0.861  36.442247    12.7083    6.92502      0.854    30.9608    23.3217 -9.990e-29
 158.510399      0.863  36.443180    12.7091    6.92935      0.856    30.9610    23.3218 -9.990e-29
 158.510405      0.864  36.444153    12.7093    6.92678      0.857    30.9618    23.3223 -9.990e-29
 158.510411      0.872  36.444977    12.7083    6.92034      0.865    30.9633    23.3237 -9.990e-29
 158.510417      0.887  36.445073    12.7066    6.92409      0.880    30.9648    23.3252 -9.990e-29
 158.510422      0.903  36.444575    12.7052    6.93205      0.895    30.9655    23.3260 -9.990e-29
 158.510428      0.916  36.443946    12.7046    6.93720      0.908    30.9654    23.3260 -9.990e-29
 158.510434      0.926  36.443472    12.7044    6.93625      0.918    30.9651    23.3258 -9.990e-29
 158.510440      0.935  36.443086    12.7045    6.91911      0.927    30.9647    23.3255 -9.990e-29
 158.510446      0.947  36.442840    12.7049    6.90333      0.939    30.9641    23.3250 -9.990e-29
 158.510451      0.967  36.442972    12.7054    6.89426      0.959    30.9638    23.3246 -9.990e-29
 158.510457      0.993  36.443104    12.7063    6.88799      0.985    30.9632    23.3240 -9.990e-29
 158.510463      1.017  36.443414    12.7074    6.88646      1.009    30.9626    23.3233 -9.990e-29
 158.510469      1.032  36.444320    12.7079    6.88983      1.023    30.9630    23.3235 -9.990e-29
 158.510475      1.040  36.444794    12.7077    6.88106      1.031    30.9636    23.3240 -9.990e-29
 158.510480      1.050  36.444350    12.7077    6.87012      1.041    30.9632    23.3237 -9.990e-29
 158.510486      1.065  36.444086    12.7084    6.86538      1.056    30.9623    23.3229 -9.990e-29
 158.510492      1.083  36.444776    12.7096    6.85908      1.074    30.9620    23.3225 -9.990e-29
 158.510498      1.098  36.446223    12.7106    6.86668      1.089    30.9625    23.3227 -9.990e-29
 158.510503      1.108  36.447558    12.7113    6.85883      1.099    30.9632    23.3231 -9.990e-29
 158.510509      1.120  36.448323    12.7124    6.85129      1.111    30.9630    23.3227 -9.990e-29
 158.510515      1.135  36.448981    12.7139    6.84899      1.126    30.9624    23.3220 -9.990e-29
 158.510521      1.152  36.449854    12.7158    6.84264      1.142    30.9617    23.3210 -9.990e-29
 158.510527      1.174  36.451553    12.7179    6.83321      1.164    30.9616    23.3205 -9.990e-29
 158.510532      1.202  36.454103    12.7197    6.83425      1.192    30.9625    23.3209 -9.990e-29
 158.510538      1.232  36.455865    12.7206    6.82556      1.222    30.9634    23.3214 -9.990e-29
 158.510544      1.260  36.456389    12.7204    6.82342      1.249    30.9640    23.3220 -9.990e-29
 158.510550      1.281  36.456376    12.7196    6.81873      1.270    30.9647    23.3226 -9.990e-29
 158.510556      1.298  36.455817    12.7186    6.81025      1.287    30.9650    23.3230 -9.990e-29
 158.510561      1.307  36.455091    12.7182    6.81641      1.296    30.9646    23.3228 -9.990e-29
 158.510567      1.304  36.454919    12.7184    6.81578      1.293    30.9643    23.3225 -9.990e-29
 158.510573      1.294  36.455074    12.7186    6.81207      1.283    30.9643    23.3225 -9.990e-29
 158.510579      1.285  36.455208    12.7185    6.79874      1.274    30.9645    23.3227 -9.990e-29
 158.510584      1.280  36.454944    12.7181    6.79229      1.269    30.9646    23.3228 -9.990e-29
