data/oxygen options/ONMS/Olympic_Coast_National_Marine_Sanctuary_Hypoxia_Survey_CTD_Data_2004_2015/raw_data/2005/CTD_CE30_052505faed.cnv
* Sea-Bird SBE19 Data File:
* FileName = C:\Documents and Settings\kirner.PTANGELES\Desktop\hypoxia CTD data\CE30__052505.hex
* Software Version 1.1.5
* Temperature SN = 2997
* Conductivity SN = 2997
* System UpLoad Time = May 25 2005 18:10:41
* SEACAT PROFILER V3.1c SN 2997   05/25/05  18:09:23.289
* strain gauge pressure sensor: S/N = 184829,  range = 3000 psia,  tc = 40
# nquan = 9                                 
# nvalues = 607                         
# units = specified
# name 0 = timeJ: Julian Days
# name 1 = prSM: Pressure, Strain Gauge [db]
# name 2 = c0mS/cm: Conductivity [mS/cm]
# name 3 = t090C: Temperature [ITS-90, deg C]
# name 4 = oxML/L: Oxygen, Beckman/YSI [ml/l]
# name 5 = depSM: Depth [salt water, m], lat = 47.5
# name 6 = sal00: Salinity, Practical [PSU]
# name 7 = sigma-é00: Density [sigma-theta, kg/m^3]
# name 8 = flag: flag
# span 0 = 145.678843, 145.682350       
# span 1 =     -4.721,     29.869       
# span 2 =   0.071693,  36.177149       
# span 3 =    10.7879,    16.5896       
# span 4 =   -0.11150,   24.45012       
# span 5 =     -4.682,     29.618       
# span 6 =     0.0434,    31.8825       
# span 7 =    -1.1182,    24.3863       
# span 8 = 0.0000e+00, 0.0000e+00       
# interval = seconds: 0.5
# start_time = May 25 2005 16:17:32 [Instrument's time stamp, header]
# bad_flag = -9.990e-29
*END*
[from data line 321]
 145.680700      1.378  33.596466    14.4780    6.39437      1.366    27.0131    19.9302 -9.990e-29
 145.680706      1.396  33.592992    14.4726    6.39234      1.384    27.0138    19.9318 -9.990e-29
 145.680712      1.411  33.588938    14.4690    6.37997      1.399    27.0127    19.9317 -9.990e-29
 145.680718      1.422  33.586182    14.4693    6.37759      1.410    27.0100    19.9295 -9.990e-29
 145.680723      1.429  33.586653    14.4710    6.38013      1.417    27.0092    19.9286 -9.990e-29
 145.680729      1.436  33.588179    14.4709    6.38582      1.424    27.0107    19.9297 -9.990e-29
 145.680735      1.448  33.588312    14.4671    6.40028      1.436    27.0134    19.9326 -9.990e-29
 145.680741      1.462  33.585554    14.4611    6.39236      1.450    27.0151    19.9351 -9.990e-29
 145.680747      1.474  33.580711    14.4578    6.39248      1.462    27.0131    19.9342 -9.990e-29
 145.680752      1.486  33.578535    14.4598    6.40276      1.474    27.0098    19.9313 -9.990e-29
 145.680758      1.497  33.580607    14.4659    6.40981      1.485    27.0074    19.9282 -9.990e-29
 145.680764      1.505  33.585209    14.4732    6.41021      1.492    27.0064    19.9260 -9.990e-29
 145.680770      1.505  33.590632    14.4803    6.39440      1.492    27.0063    19.9245 -9.990e-29
 145.680775      1.497  33.596264    14.4907    6.37418      1.485    27.0041    19.9207 -9.990e-29
 145.680781      1.482  33.605695    14.5052    6.35590      1.470    27.0024    19.9165 -9.990e-29
 145.680787      1.467  33.619173    14.5144    6.35667      1.455    27.0080    19.9190 -9.990e-29
 145.680793      1.462  33.626653    14.5097    6.36817      1.450    27.0179    19.9275 -9.990e-29
 145.680799      1.474  33.620740    14.4922    6.37882      1.462    27.0248    19.9364 -9.990e-29
 145.680804      1.493  33.604201    14.4722    6.38538      1.481    27.0240    19.9397 -9.990e-29
 145.680810      1.508  33.586928    14.4594    6.38649      1.495    27.0175    19.9373 -9.990e-29
 145.680816      1.516  33.576710    14.4555    6.38424      1.503    27.0111    19.9332 -9.990e-29
 145.680822      1.517  33.573929    14.4569    6.38860      1.504    27.0077    19.9302 -9.990e-29
 145.680828      1.516  33.575997    14.4582    6.38682      1.503    27.0086    19.9307 -9.990e-29
 145.680833      1.516  33.577828    14.4577    6.38023      1.503    27.0106    19.9323 -9.990e-29
 145.680839      1.518  33.577383    14.4590    6.37908      1.505    27.0093    19.9311 -9.990e-29
 145.680845      1.523  33.578555    14.4619    6.37809      1.510    27.0083    19.9297 -9.990e-29
 145.680851      1.533  33.581787    14.4618    6.39018      1.520    27.0113    19.9320 -9.990e-29
 145.680856      1.551  33.581861    14.4585    6.38320      1.538    27.0136    19.9345 -9.990e-29
 145.680862      1.568  33.578878    14.4557    6.36944      1.555    27.0129    19.9345 -9.990e-29
 145.680868      1.582  33.576707    14.4557    6.35314      1.569    27.0110    19.9330 -9.990e-29
 145.680874      1.590  33.577499    14.4587    6.35545      1.577    27.0096    19.9313 -9.990e-29
 145.680880      1.591  33.581749    14.4581    6.36809      1.578    27.0138    19.9347 -9.990e-29
 145.680885      1.594  33.582799    14.4446    6.37965      1.581    27.0241    19.9453 -9.990e-29
 145.680891      1.604  33.570843    14.4228    6.38451      1.591    27.0286    19.9532 -9.990e-29
 145.680897      1.617  33.551237    14.4081    6.38904      1.603    27.0214    19.9505 -9.990e-29
 145.680903      1.625  33.540429    14.4048    6.38973      1.611    27.0140    19.9455 -9.990e-29
 145.680909      1.630  33.539693    14.4070    6.38250      1.616    27.0119    19.9434 -9.990e-29
 145.680914      1.635  33.541324    14.4109    6.37602      1.621    27.0106    19.9417 -9.990e-29
 145.680920      1.640  33.543575    14.4158    6.37972      1.626    27.0092    19.9396 -9.990e-29
 145.680926      1.647  33.546648    14.4196    6.37901      1.633    27.0093    19.9389 -9.990e-29
 145.680932      1.651  33.548479    14.4208    6.38147      1.637    27.0101    19.9393 -9.990e-29
 145.680938      1.649  33.548149    14.4213    6.37062      1.635    27.0094    19.9387 -9.990e-29
 145.680943      1.644  33.548023    14.4215    6.37329      1.630    27.0092    19.9385 -9.990e-29
 145.680949      1.645  33.546813    14.4199    6.38443      1.631    27.0092    19.9388 -9.990e-29
 145.680955      1.655  33.542535    14.4135    6.39066      1.641    27.0099    19.9406 -9.990e-29
 145.680961      1.668  33.536768    14.4036    6.37688      1.654    27.0116    19.9439 -9.990e-29
 145.680966      1.671  33.531528    14.3995    6.36025      1.657    27.0098    19.9433 -9.990e-29
 145.680972      1.664  33.529337    14.4066    6.36462      1.650    27.0029    19.9366 -9.990e-29
 145.680978      1.651  33.535851    14.4156    6.38104      1.637    27.0024    19.9345 -9.990e-29
 145.680984      1.636  33.546290    14.4115    6.39551      1.622    27.0146    19.9446 -9.990e-29
 145.680990      1.626  33.543739    14.3978    6.38513      1.612    27.0219    19.9529 -9.990e-29
 145.680995      1.621  33.530950    14.3921    6.37023      1.607    27.0144    19.9484 -9.990e-29
 145.681001      1.616  33.526163    14.3987    6.36815      1.603    27.0056    19.9402 -9.990e-29
 145.681007      1.614  33.533062    14.4058    6.37530      1.601    27.0068    19.9397 -9.990e-29
 145.681013      1.620  33.540099    14.4070    6.37971      1.606    27.0122    19.9437 -9.990e-29
 145.681019      1.631  33.540393    14.4073    6.37741      1.617    27.0123    19.9437 -9.990e-29
 145.681024      1.638  33.539366    14.4083    6.37849      1.624    27.0107    19.9422 -9.990e-29
 145.681030      1.641  33.539557    14.4086    6.38718      1.627    27.0106    19.9421 -9.990e-29
 145.681036      1.650  33.538964    14.4089    6.39074      1.636    27.0099    19.9415 -9.990e-29
 145.681042      1.666  33.538467    14.4097    6.37637      1.652    27.0089    19.9406 -9.990e-29
 145.681047      1.679  33.539070    14.4131    6.36242      1.665    27.0070    19.9385 -9.990e-29
 145.681053      1.688  33.542123    14.4201    6.36533      1.674    27.0049    19.9354 -9.990e-29
 145.681059      1.697  33.548320    14.4246    6.37414      1.683    27.0073    19.9364 -9.990e-29
 145.681065      1.711  33.551899    14.4203    6.38930      1.697    27.0134    19.9420 -9.990e-29
 145.681071      1.726  33.546973    14.4118    6.38327      1.712    27.0150    19.9449 -9.990e-29
 145.681076      1.738  33.538171    14.4078    6.37268      1.723    27.0099    19.9418 -9.990e-29
 145.681082      1.750  33.533913    14.4109    6.37274      1.735    27.0039    19.9366 -9.990e-29
 145.681088      1.766  33.537473    14.4167    6.38978      1.751    27.0031    19.9347 -9.990e-29
 145.681094      1.791  33.544616    14.4187    6.39927      1.776    27.0080    19.9382 -9.990e-29
 145.681100      1.822  33.548043    14.4155    6.43783      1.807    27.0133    19.9428 -9.990e-29
 145.681105      1.858  33.546706    14.4113    6.43381      1.842    27.0150    19.9450 -9.990e-29
 145.681111      1.896  33.544413    14.4095    6.41520      1.880    27.0142    19.9448 -9.990e-29
 145.681117      1.934  33.544254    14.4108    6.37605      1.918    27.0132    19.9437 -9.990e-29
 145.681123      1.983  33.546564    14.4139    6.28670      1.966    27.0131    19.9430 -9.990e-29
 145.681128      2.060  33.548806    14.4083    6.21841      2.043    27.0189    19.9486 -9.990e-29
 145.681134      2.168  33.542748    14.3772    6.19995      2.150    27.0352    19.9673 -9.990e-29
 145.681140      2.307  33.515818    14.3154    6.23580      2.288    27.0542    19.9942 0.0000e+00
 145.681146      2.482  33.468519    14.2179    6.28070      2.461    27.0800    20.0334 0.0000e+00
 145.681152      2.693  33.401652    14.0884    6.29868      2.671    27.1107    20.0825 0.0000e+00
 145.681157      2.930  33.320745    13.9762    6.29626      2.906    27.1167    20.1091 0.0000e+00
 145.681163      3.186  33.263027    13.9153    6.29374      3.159    27.1074    20.1139 0.0000e+00
 145.681169      3.469  33.249004    13.8880    6.27854      3.440    27.1139    20.1242 0.0000e+00
 145.681175      3.780  33.273395    13.8732    6.25927      3.748    27.1462    20.1520 0.0000e+00
 145.681181      4.113  33.332276    13.8553    6.19703      4.079    27.2120    20.2061 0.0000e+00
 145.681186      4.459  33.424565    13.8250    6.11065      4.422    27.3168    20.2928 0.0000e+00
 145.681192      4.810  33.545533    13.7853    6.00894      4.770    27.4544    20.4066 0.0000e+00
 145.681198      5.168  33.678248    13.7352    5.90452      5.125    27.6106    20.5367 0.0000e+00
 145.681204      5.537  33.827603    13.6617    5.82027      5.491    27.7993    20.6964 0.0000e+00
 145.681209      5.925  34.015066    13.5521    5.77273      5.875    28.0499    20.9109 0.0000e+00
 145.681215      6.335  34.246217    13.4113    5.75588      6.282    28.3653    21.1814 0.0000e+00
 145.681221      6.763  34.505852    13.2611    5.76271      6.706    28.7164    21.4813 0.0000e+00
 145.681227      7.201  34.785898    13.1254    5.78652      7.141    29.0783    21.7867 0.0000e+00
 145.681233      7.644  35.072960    13.0211    5.81548      7.580    29.4251    22.0746 0.0000e+00
 145.681238      8.090  35.309165    12.9510    5.83295      8.022    29.6997    22.3002 0.0000e+00
 145.681244      8.537  35.460188    12.9067    5.85133      8.466    29.8755    22.4445 0.0000e+00
 145.681250      8.980  35.547975    12.8795    5.85680      8.905    29.9789    22.5297 0.0000e+00
 145.681256      9.417  35.599293    12.8647    5.84874      9.338    30.0386    22.5787 0.0000e+00
 145.681262      9.846  35.627605    12.8571    5.84952      9.764    30.0710    22.6052 0.0000e+00
 145.681267     10.268  35.639247    12.8477    5.85283     10.182    30.0892    22.6211 0.0000e+00
 145.681273     10.693  35.650845    12.8319    5.84242     10.603    30.1125    22.6421 0.0000e+00
 145.681279     11.123  35.676163    12.8141    5.84049     11.030    30.1502    22.6747 0.0000e+00
 145.681285     11.555  35.703533    12.7976    5.83448     11.458    30.1889    22.7078 0.0000e+00
 145.681291     11.991  35.725140    12.7809    5.83889     11.891    30.2224    22.7368 0.0000e+00
 145.681296     12.433  35.745668    12.7602    5.83222     12.329    30.2581    22.7684 0.0000e+00
 145.681302     12.884  35.768923    12.7275    5.78596     12.776    30.3060    22.8116 0.0000e+00
 145.681308     13.341  35.804588    12.6791    5.70604     13.229    30.3783    22.8768 0.0000e+00
 145.681314     13.801  35.859274    12.6212    5.60973     13.685    30.4764    22.9636 0.0000e+00
 145.681319     14.258  35.924584    12.5570    5.53527     14.139    30.5900    23.0636 0.0000e+00
 145.681325     14.708  35.990023    12.4691    5.48515     14.585    30.7234    23.1834 0.0000e+00
 145.681331     15.145  36.059841    12.3332    5.43505     15.018    30.9011    23.3465 0.0000e+00
 145.681337     15.570  36.132918    12.1525    5.39835     15.439    31.1202    23.5499 0.0000e+00
 145.681343     15.994  36.177149    11.9593    5.35534     15.860    31.3240    23.7435 0.0000e+00
 145.681348     16.422  36.170177    11.7884    5.32122     16.284    31.4612    23.8812 0.0000e+00
 145.681354     16.856  36.129570    11.6563    5.30537     16.715    31.5337    23.9614 0.0000e+00
 145.681360     17.289  36.081307    11.5701    5.29386     17.144    31.5600    23.9974 0.0000e+00
 145.681366     17.712  36.044528    11.5268    5.30058     17.563    31.5610    24.0059 0.0000e+00
 145.681372     18.123  36.026782    11.5001    5.30235     17.971    31.5663    24.0149 0.0000e+00
 145.681377     18.530  36.015029    11.4680    5.31773     18.375    31.5820    24.0329 0.0000e+00
 145.681383     18.936  35.998064    11.4367    5.32977     18.777    31.5921    24.0463 0.0000e+00
 145.681389     19.349  35.982962    11.4155    5.32585     19.187    31.5953    24.0526 0.0000e+00
 145.681395     19.771  35.974796    11.4019    5.33438     19.605    31.5988    24.0577 0.0000e+00
 145.681400     20.198  35.970502    11.3900    5.34441     20.028    31.6046    24.0644 0.0000e+00
 145.681406     20.633  35.966577    11.3755    5.34469     20.460    31.6130    24.0735 0.0000e+00
 145.681412     21.072  35.960012    11.3573    5.32436     20.895    31.6220    24.0837 0.0000e+00
 145.681418     21.505  35.949887    11.3390    5.29790     21.324    31.6276    24.0913 0.0000e+00
 145.681424     21.922  35.939501    11.3262    5.26656     21.738    31.6282    24.0941 0.0000e+00
 145.681429     22.323  35.933486    11.3111    5.23821     22.135    31.6351    24.1022 0.0000e+00
 145.681435     22.717  35.925484    11.2768    5.21392     22.526    31.6565    24.1249 0.0000e+00
 145.681441     23.111  35.904807    11.2239    5.17979     22.917    31.6815    24.1537 0.0000e+00
 145.681447     23.509  35.875265    11.1730    5.13535     23.311    31.6962    24.1741 0.0000e+00
 145.681453     23.907  35.849586    11.1379    5.10914     23.706    31.7010    24.1840 0.0000e+00
 145.681458     24.305  35.833311    11.1123    5.08143     24.101    31.7069    24.1931 0.0000e+00
 145.681464     24.710  35.821530    11.0866    5.06905     24.502    31.7173    24.2057 0.0000e+00
 145.681470     25.128  35.808607    11.0602    5.05691     24.917    31.7272    24.2180 0.0000e+00
 145.681476     25.554  35.795232    11.0356    5.03846     25.339    31.7351    24.2285 0.0000e+00
 145.681481     25.982  35.783734    11.0132    5.02295     25.764    31.7429    24.2385 0.0000e+00
 145.681487     26.409  35.775018    10.9915    5.00936     26.187    31.7529    24.2501 0.0000e+00
 145.681493     26.832  35.768094    10.9697    4.99701     26.606    31.7648    24.2631 0.0000e+00
 145.681499     27.248  35.761558    10.9487    4.98339     27.019    31.7763    24.2758 0.0000e+00
 145.681505     27.654  35.756767    10.9278    4.97289     27.421    31.7895    24.2897 0.0000e+00
 145.681510     28.041  35.754041    10.9075    4.97180     27.805    31.8043    24.3047 0.0000e+00
 145.681516     28.405  35.751967    10.8860    4.96395     28.166    31.8207    24.3212 0.0000e+00
 145.681522     28.743  35.748880    10.8573    4.97333     28.501    31.8424    24.3431 0.0000e+00
 145.681528     29.050  35.742887    10.8245    4.96735     28.806    31.8649    24.3663 0.0000e+00
 145.681534     29.317  35.734948    10.7995    4.96169     29.070    31.8787    24.3814 0.0000e+00
 145.681539     29.530  35.729034    10.7883    4.96471     29.281    31.8825    24.3863 0.0000e+00
 145.681545     29.686  35.727885    10.7879    4.97706     29.436    31.8816    24.3857 -9.990e-29
 145.681551     29.790  35.729951    10.7912    5.00950     29.539    31.8808    24.3844 -9.990e-29
 145.681557     29.850  35.731803    10.7938    5.01971     29.599    31.8803    24.3836 -9.990e-29
 145.681563     29.869  35.732531    10.7962    5.03165     29.618    31.8789    24.3821 -9.990e-29
 145.681568     29.847  35.733093    10.8009    5.03487     29.596    31.8754    24.3786 -9.990e-29
 145.681574     29.780  35.733662    10.8131    5.03143     29.529    31.8654    24.3687 -9.990e-29
 145.681580     29.664  35.734982    10.8365    5.03844     29.414    31.8464    24.3498 -9.990e-29
 145.681586     29.503  35.737679    10.8627    5.03635     29.255    31.8263    24.3297 0.0000e+00
 145.681591     29.300  35.740290    10.8771    5.03600     29.053    31.8165    24.3195 0.0000e+00
 145.681597     29.055  35.740680    10.8751    5.04635     28.810    31.8187    24.3216 0.0000e+00
 145.681603     28.779  35.738802    10.8653    5.05150     28.537    31.8255    24.3286 0.0000e+00
 145.681609     28.487  35.736627    10.8585    5.05487     28.247    31.8294    24.3328 0.0000e+00
 145.681615     28.187  35.735163    10.8613    5.05331     27.950    31.8256    24.3293 0.0000e+00
