data/oxygen options/ONMS/Olympic_Coast_National_Marine_Sanctuary_Hypoxia_Survey_CTD_Data_2004_2015/raw_data/2005/CTD_CA30_052405faed.cnv
* Sea-Bird SBE19 Data File:
* FileName = C:\Documents and Settings\kirner.PTANGELES\Desktop\hypoxia CTD data\CA30_052405.hex
* Software Version 1.1.5
* Temperature SN = 2997
* Conductivity SN = 2997
* System UpLoad Time = May 24 2005 15:22:54
* SEACAT PROFILER V3.1c SN 2997   05/24/05  15:22:06.604
* strain gauge pressure sensor: S/N = 184829,  range = 3000 psia,  tc = 40
# nquan = 9                                 
# nvalues = 1248                        
# units = specified
# name 0 = timeJ: Julian Days
# name 1 = prSM: Pressure, Strain Gauge [db]
# name 2 = c0mS/cm: Conductivity [mS/cm]
# name 3 = t090C: Temperature [ITS-90, deg C]
# name 4 = oxML/L: Oxygen, Beckman/YSI [ml/l]
# name 5 = depSM: Depth [salt water, m], lat = 47.5
# name 6 = sal00: Salinity, Practical [PSU]
# name 7 = sigma-é00: Density [sigma-theta, kg/m^3]
# name 8 = flag: flag
# span 0 = 144.543299, 144.550515       
# span 1 =     -4.192,     30.050       
# span 2 =   1.182726,  36.131374       
# span 3 =    11.7534,    14.2966       
# span 4 =  -13.03458,   25.92222       
# span 5 =     -4.157,     29.797       
# span 6 =     0.7594,    31.4471       
# span 7 =    -0.1531,    23.8768       
# span 8 = 0.0000e+00, 0.0000e+00       
# interval = seconds: 0.5
# start_time = May 24 2005 13:02:21 [Instrument's time stamp, header]
# bad_flag = -9.990e-29
*END*
[from data line 321]
 144.545156      1.344  33.546793    13.9167    5.97336      1.333    27.3631    20.3106 -9.990e-29
 144.545162      1.341  33.529919    13.9560    6.00481      1.330    27.3200    20.2697 -9.990e-29
 144.545168      1.341  33.508704    13.9546    6.07751      1.330    27.3019    20.2560 -9.990e-29
 144.545174      1.349  33.533326    13.8652    6.13196      1.338    27.3876    20.3394 -9.990e-29
 144.545179      1.361  33.630459    13.7330    6.09234      1.350    27.5701    20.5058 -9.990e-29
 144.545185      1.364  33.756996    13.6690    6.02573      1.353    27.7312    20.6424 -9.990e-29
 144.545191      1.352  33.800280    13.7117    6.02168      1.341    27.7397    20.6407 -9.990e-29
 144.545197      1.335  33.727753    13.7858    6.06428      1.324    27.6204    20.5344 -9.990e-29
 144.545203      1.334  33.632135    13.8101    6.14585      1.323    27.5163    20.4494 -9.990e-29
 144.545208      1.349  33.593320    13.7828    6.20659      1.338    27.5007    20.4426 -9.990e-29
 144.545214      1.367  33.592639    13.7547    6.22870      1.356    27.5202    20.4631 -9.990e-29
 144.545220      1.387  33.589951    13.7812    6.25650      1.375    27.4988    20.4415 -9.990e-29
 144.545226      1.404  33.563728    13.8702    6.24683      1.392    27.4115    20.3569 -9.990e-29
 144.545231      1.412  33.513738    13.9769    6.22425      1.400    27.2906    20.2429 -9.990e-29
 144.545237      1.406  33.467484    14.0583    6.10777      1.394    27.1914    20.1506 -9.990e-29
 144.545243      1.391  33.441771    14.1030    5.98228      1.379    27.1369    20.0998 -9.990e-29
 144.545249      1.375  33.432034    14.1258    5.93468      1.364    27.1121    20.0763 -9.990e-29
 144.545255      1.363  33.428665    14.1263    6.01234      1.352    27.1088    20.0736 -9.990e-29
 144.545260      1.365  33.436704    14.0760    6.13357      1.354    27.1513    20.1162 -9.990e-29
 144.545266      1.385  33.478077    13.9563    6.21630      1.373    27.2730    20.2334 -9.990e-29
 144.545272      1.411  33.569840    13.8119    6.16397      1.399    27.4586    20.4046 -9.990e-29
 144.545278      1.424  33.679654    13.7419    6.03378      1.412    27.6083    20.5335 -9.990e-29
 144.545284      1.416  33.725805    13.8058    5.96054      1.404    27.6043    20.5180 -9.990e-29
 144.545289      1.395  33.662182    13.9359    5.96926      1.383    27.4536    20.3766 -9.990e-29
 144.545295      1.381  33.560865    13.9834    6.09174      1.369    27.3285    20.2708 -9.990e-29
 144.545301      1.385  33.540105    13.8983    6.16576      1.373    27.3701    20.3196 -9.990e-29
 144.545307      1.404  33.608687    13.7763    6.18381      1.392    27.5193    20.4582 -9.990e-29
 144.545312      1.427  33.682643    13.7286    6.13425      1.415    27.6206    20.5456 -9.990e-29
 144.545318      1.441  33.694658    13.7725    6.07092      1.429    27.5999    20.5211 -9.990e-29
 144.545324      1.449  33.646148    13.8594    6.07927      1.437    27.4937    20.4224 -9.990e-29
 144.545330      1.458  33.580029    13.9424    6.12123      1.446    27.3748    20.3146 -9.990e-29
 144.545336      1.477  33.529209    13.9814    6.16184      1.465    27.3013    20.2503 -9.990e-29
 144.545341      1.509  33.510011    13.9474    6.11847      1.496    27.3081    20.2622 -9.990e-29
 144.545347      1.543  33.551216    13.8951    6.04718      1.530    27.3824    20.3296 -9.990e-29
 144.545353      1.567  33.608566    13.9179    6.02731      1.554    27.4180    20.3526 -9.990e-29
 144.545359      1.583  33.579730    13.9845    6.08797      1.570    27.3446    20.2831 -9.990e-29
 144.545365      1.601  33.511430    14.0004    6.15344      1.588    27.2718    20.2239 -9.990e-29
 144.545370      1.623  33.498112    13.9423    6.18468      1.609    27.3009    20.2577 -9.990e-29
 144.545376      1.635  33.541654    13.8841    6.13362      1.621    27.3816    20.3311 -9.990e-29
 144.545382      1.628  33.584101    13.9078    6.07669      1.614    27.4030    20.3431 -9.990e-29
 144.545388      1.603  33.566016    13.9877    6.04405      1.590    27.3300    20.2712 -9.990e-29
 144.545394      1.581  33.511464    14.0459    6.07362      1.568    27.2397    20.1902 -9.990e-29
 144.545399      1.578  33.472696    14.0491    6.10483      1.565    27.2026    20.1610 -9.990e-29
 144.545405      1.594  33.463050    14.0202    6.13469      1.581    27.2143    20.1757 -9.990e-29
 144.545411      1.617  33.470609    13.9982    6.13599      1.603    27.2366    20.1972 -9.990e-29
 144.545417      1.630  33.481910    14.0008    6.11575      1.616    27.2449    20.2031 -9.990e-29
 144.545422      1.627  33.491094    14.0198    6.10337      1.613    27.2398    20.1954 -9.990e-29
 144.545428      1.616  33.493588    14.0466    6.11694      1.603    27.2231    20.1773 -9.990e-29
 144.545434      1.613  33.488053    14.0820    6.14084      1.600    27.1932    20.1473 -9.990e-29
 144.545440      1.627  33.475525    14.1037    6.15997      1.613    27.1666    20.1226 -9.990e-29
 144.545446      1.649  33.463968    14.1009    6.13335      1.635    27.1582    20.1167 -9.990e-29
 144.545451      1.669  33.459841    14.1085    6.11196      1.655    27.1492    20.1082 -9.990e-29
 144.545457      1.683  33.455968    14.1383    6.07448      1.669    27.1248    20.0835 -9.990e-29
 144.545463      1.693  33.448868    14.1645    6.06043      1.679    27.1000    20.0593 -9.990e-29
 144.545469      1.699  33.445329    14.1667    6.05563      1.685    27.0953    20.0553 -9.990e-29
 144.545475      1.705  33.453537    14.1429    6.06228      1.691    27.1193    20.0785 -9.990e-29
 144.545480      1.717  33.476598    14.1079    6.08180      1.703    27.1646    20.1202 -9.990e-29
 144.545486      1.730  33.503794    14.0799    6.16360      1.716    27.2088    20.1597 -9.990e-29
 144.545492      1.742  33.518704    14.0673    6.19643      1.727    27.2311    20.1794 -9.990e-29
 144.545498      1.753  33.518788    14.0618    6.17808      1.738    27.2350    20.1835 -9.990e-29
 144.545503      1.768  33.517608    14.0639    6.08999      1.753    27.2325    20.1811 -9.990e-29
 144.545509      1.792  33.514157    14.0874    5.95602      1.777    27.2128    20.1613 -9.990e-29
 144.545515      1.827  33.497110    14.1176    5.87782      1.812    27.1762    20.1272 -9.990e-29
 144.545521      1.879  33.479611    14.1180    5.86795      1.863    27.1602    20.1148 -9.990e-29
 144.545527      1.960  33.479808    14.0482    5.88159      1.944    27.2095    20.1665 -9.990e-29
 144.545532      2.075  33.514793    13.8804    5.87967      2.058    27.3598    20.3151 -9.990e-29
 144.545538      2.215  33.636264    13.6765    5.87207      2.197    27.6157    20.5519 0.0000e+00
 144.545544      2.367  33.810017    13.5408    5.85285      2.347    27.8722    20.7759 0.0000e+00
 144.545550      2.533  33.924132    13.4696    5.85488      2.512    28.0284    20.9101 0.0000e+00
 144.545556      2.726  33.991173    13.3988    5.84289      2.703    28.1418    21.0112 0.0000e+00
 144.545561      2.959  34.080898    13.3107    5.81134      2.934    28.2893    21.1419 0.0000e+00
 144.545567      3.231  34.217097    13.2235    5.76270      3.204    28.4796    21.3054 0.0000e+00
 144.545573      3.536  34.368370    13.1443    5.71979      3.506    28.6787    21.4743 0.0000e+00
 144.545579      3.874  34.504911    13.0587    5.75482      3.842    28.8698    21.6382 0.0000e+00
 144.545584      4.230  34.655179    12.9505    5.83479      4.195    29.0920    21.8304 0.0000e+00
 144.545590      4.591  34.874340    12.8250    5.91090      4.553    29.3932    22.0869 0.0000e+00
 144.545596      4.944  35.150771    12.7098    5.93729      4.903    29.7421    22.3785 0.0000e+00
 144.545602      5.277  35.389986    12.6258    5.92652      5.233    30.0335    22.6197 0.0000e+00
 144.545608      5.574  35.544281    12.6033    5.87475      5.527    30.1968    22.7503 0.0000e+00
 144.545613      5.819  35.572684    12.6487    5.84623      5.770    30.1871    22.7343 0.0000e+00
 144.545619      6.020  35.459227    12.6933    5.86038      5.970    30.0446    22.6157 0.0000e+00
 144.545625      6.197  35.341922    12.6697    5.88841      6.145    29.9530    22.5492 0.0000e+00
 144.545631      6.366  35.385621    12.5955    5.91437      6.313    30.0531    22.6406 0.0000e+00
 144.545637      6.533  35.550500    12.5291    5.92303      6.478    30.2619    22.8146 0.0000e+00
 144.545642      6.697  35.680777    12.4949    5.91803      6.641    30.4126    22.9377 0.0000e+00
 144.545648      6.851  35.738219    12.4857    5.90879      6.794    30.4743    22.9873 0.0000e+00
 144.545654      6.991  35.759597    12.4869    5.91029      6.933    30.4936    23.0019 0.0000e+00
 144.545660      7.122  35.764445    12.4826    5.92564      7.062    30.5016    23.0090 0.0000e+00
 144.545666      7.249  35.769325    12.4666    5.93894      7.188    30.5191    23.0255 -9.990e-29
 144.545671      7.371  35.784113    12.4493    5.96020      7.309    30.5472    23.0505 -9.990e-29
 144.545677      7.483  35.802182    12.4431    5.96565      7.420    30.5693    23.0688 -9.990e-29
 144.545683      7.574  35.811740    12.4462    5.95347      7.511    30.5758    23.0732 -9.990e-29
 144.545689      7.643  35.811515    12.4500    5.96119      7.579    30.5725    23.0699 -9.990e-29
 144.545694      7.693  35.806256    12.4510    5.94899      7.629    30.5666    23.0653 -9.990e-29
 144.545700      7.728  35.799048    12.4483    5.95792      7.663    30.5620    23.0622 -9.990e-29
 144.545706      7.746  35.796547    12.4461    5.97387      7.681    30.5614    23.0621 -9.990e-29
 144.545712      7.739  35.796546    12.4507    5.97279      7.674    30.5577    23.0584 -9.990e-29
 144.545718      7.706  35.786151    12.4551    5.97581      7.642    30.5442    23.0471 -9.990e-29
 144.545723      7.660  35.776175    12.4519    5.95461      7.596    30.5374    23.0424 -9.990e-29
 144.545729      7.617  35.781357    12.4474    5.95216      7.553    30.5460    23.0499 -9.990e-29
 144.545735      7.592  35.788433    12.4463    5.95506      7.528    30.5536    23.0560 -9.990e-29
 144.545741      7.580  35.788900    12.4477    5.97683      7.517    30.5529    23.0552 -9.990e-29
 144.545747      7.571  35.786187    12.4504    5.98155      7.508    30.5482    23.0510 -9.990e-29
 144.545752      7.560  35.782847    12.4526    5.96457      7.497    30.5432    23.0468 -9.990e-29
 144.545758      7.534  35.782843    12.4525    5.95619      7.471    30.5433    23.0469 -9.990e-29
 144.545764      7.487  35.786174    12.4501    5.97857      7.424    30.5484    23.0513 -9.990e-29
 144.545770      7.424  35.789438    12.4475    5.99114      7.362    30.5536    23.0558 -9.990e-29
 144.545775      7.346  35.790263    12.4468    5.99133      7.285    30.5550    23.0570 -9.990e-29
 144.545781      7.248  35.789193    12.4480    5.96859      7.187    30.5531    23.0553 -9.990e-29
 144.545787      7.132  35.787050    12.4514    5.94538      7.072    30.5483    23.0510 -9.990e-29
 144.545793      7.011  35.779861    12.4558    5.97077      6.952    30.5380    23.0422 -9.990e-29
 144.545799      6.901  35.768700    12.4567    5.98647      6.843    30.5267    23.0333 -9.990e-29
 144.545804      6.801  35.765604    12.4533    5.98054      6.744    30.5266    23.0338 -9.990e-29
 144.545810      6.698  35.772619    12.4510    5.97596      6.642    30.5351    23.0408 -9.990e-29
 144.545816      6.572  35.777237    12.4548    5.98059      6.517    30.5365    23.0412 -9.990e-29
 144.545822      6.419  35.770480    12.4656    6.01568      6.365    30.5214    23.0274 -9.990e-29
 144.545828      6.251  35.751752    12.4781    6.05687      6.199    30.4935    23.0036 -9.990e-29
 144.545833      6.074  35.731973    12.4867    6.03667      6.023    30.4679    22.9821 -9.990e-29
 144.545839      5.881  35.721223    12.4996    6.00696      5.832    30.4474    22.9638 -9.990e-29
 144.545845      5.660  35.700128    12.5336    5.97078      5.613    30.4000    22.9207 -9.990e-29
 144.545851      5.410  35.635523    12.5870    5.98527      5.365    30.2960    22.8302 -9.990e-29
 144.545856      5.149  35.533219    12.6317    6.05653      5.106    30.1638    22.7195 -9.990e-29
 144.545862      4.895  35.454170    12.6509    6.12021      4.854    30.0741    22.6464 -9.990e-29
 144.545868      4.652  35.432592    12.6603    6.12172      4.613    30.0464    22.6232 -9.990e-29
 144.545874      4.422  35.422913    12.6839    6.08448      4.385    30.0186    22.5972 -9.990e-29
 144.545880      4.204  35.369626    12.7460    6.04602      4.169    29.9193    22.5087 -9.990e-29
 144.545885      3.992  35.224673    12.8454    6.00977      3.959    29.7051    22.3243 -9.990e-29
 144.545891      3.790  34.998850    12.9351    5.98004      3.758    29.4242    22.0901 -9.990e-29
 144.545897      3.606  34.814882    12.9765    6.09293      3.576    29.2208    21.9251 -9.990e-29
 144.545903      3.437  34.749840    12.9790    6.06242      3.408    29.1585    21.8764 -9.990e-29
 144.545909      3.273  34.762433    12.9768    6.14389      3.246    29.1719    21.8872 -9.990e-29
 144.545914      3.098  34.776967    13.0046    6.15544      3.072    29.1641    21.8759 -9.990e-29
 144.545920      2.902  34.713043    13.0703    6.14415      2.878    29.0544    21.7786 -9.990e-29
 144.545926      2.690  34.568950    13.1541    6.19416      2.668    28.8571    21.6102 -9.990e-29
 144.545932      2.472  34.418836    13.2655    6.20690      2.451    28.6344    21.4170 -9.990e-29
 144.545938      2.266  34.258757    13.4159    6.28992      2.247    28.3748    21.1878 -9.990e-29
 144.545943      2.087  34.064745    13.5335    6.32697      2.070    28.1103    20.9610 -9.990e-29
 144.545949      1.947  33.955912    13.6232    6.30065      1.931    27.9454    20.8164 -9.990e-29
 144.545955      1.849  33.910484    13.7784    6.26395      1.834    27.7914    20.6676 -9.990e-29
 144.545961      1.787  33.772624    13.9524    6.20930      1.772    27.5414    20.4410 -9.990e-29
 144.545966      1.752  33.630359    14.0791    6.15651      1.737    27.3231    20.2480 -9.990e-29
 144.545972      1.746  33.546814    14.1624    6.11566      1.731    27.1893    20.1285 -9.990e-29
 144.545978      1.766  33.482928    14.2012    6.09294      1.751    27.1048    20.0558 -9.990e-29
 144.545984      1.795  33.453299    14.2052    6.09515      1.780    27.0754    20.0324 -9.990e-29
 144.545990      1.826  33.450382    14.1837    6.11323      1.811    27.0879    20.0462 -9.990e-29
 144.545995      1.857  33.465815    14.1466    6.11294      1.841    27.1277    20.0842 -9.990e-29
 144.546001      1.882  33.491596    14.1161    6.09651      1.866    27.1723    20.1245 -9.990e-29
 144.546007      1.893  33.512781    14.1113    6.07293      1.877    27.1947    20.1427 -9.990e-29
 144.546013      1.888  33.517824    14.1264    6.07305      1.872    27.1886    20.1350 -9.990e-29
 144.546019      1.874  33.508402    14.1349    6.07446      1.858    27.1741    20.1222 -9.990e-29
 144.546024      1.864  33.501660    14.1263    6.06236      1.848    27.1741    20.1239 -9.990e-29
 144.546030      1.860  33.504870    14.1185    6.06350      1.844    27.1825    20.1319 -9.990e-29
 144.546036      1.862  33.501024    14.1211    6.06432      1.846    27.1772    20.1273 -9.990e-29
 144.546042      1.872  33.484437    14.1212    6.08180      1.856    27.1623    20.1158 -9.990e-29
 144.546047      1.884  33.469422    14.1088    6.11701      1.868    27.1575    20.1146 -9.990e-29
 144.546053      1.892  33.466789    14.1019    6.10700      1.876    27.1600    20.1178 -9.990e-29
 144.546059      1.892  33.470791    14.1204    6.07336      1.876    27.1506    20.1069 -9.990e-29
 144.546065      1.883  33.470512    14.1510    6.06374      1.867    27.1288    20.0842 -9.990e-29
 144.546071      1.869  33.473427    14.1732    6.06733      1.853    27.1159    20.0698 -9.990e-29
