data/oxygen options/ONMS/Olympic_Coast_National_Marine_Sanctuary_Hypoxia_Survey_CTD_Data_2004_2015/raw_data/2005/CTD_TH40_083105faed.cnv
* Sea-Bird SBE19 Data File:
* FileName = C:\hypoxia CTD data\TH40_083105.hex
* Software Version 1.1.5
* Temperature SN = 2997
* Conductivity SN = 2997
* System UpLoad Time = Aug 31 2005 15:42:44
** Teahwhit Head 083105 40m
* SEACAT PROFILER V3.1c SN 2997   08/31/05  15:38:40.807
# nquan = 9                                 
# nvalues = 925                         
# units = specified
# name 0 = timeJ: Julian Days
# name 1 = prSM: Pressure, Strain Gauge [db]
# name 2 = c0mS/cm: Conductivity [mS/cm]
# name 3 = t090C: Temperature [ITS-90, deg C]
# name 4 = oxML/L: Oxygen, Beckman/YSI [ml/l]
# name 5 = depSM: Depth [salt water, m], lat = 47.5
# name 6 = sal00: Salinity, Practical [PSU]
# name 7 = sigma-é00: Density [sigma-theta, kg/m^3]
# name 8 = flag: flag
# span 0 = 243.454016, 243.459363       
# span 1 =     -3.580,     43.399       
# span 2 =   0.379724,  38.366961       
# span 3 =     7.6500,    13.4936       
# span 4 =   -0.10144,   26.20511       
# span 5 =     -3.550,     43.032       
# span 6 =     0.2366,    33.5878       
# span 7 =    -0.4952,    26.2161       
# span 8 = 0.0000e+00, 0.0000e+00       
# interval = seconds: 0.5
# start_time = Aug 31 2005 10:53:47 [Instrument's time stamp, header]
# bad_flag = -9.990e-29
*END*
[from data line 481]
 243.456800     11.622  36.905221    11.3075    6.64147     11.525    32.5954    24.8490 -9.990e-29
 243.456806     11.613  36.919423    11.3242    6.62972     11.516    32.5946    24.8454 -9.990e-29
 243.456811     11.620  36.931710    11.3319    6.61697     11.523    32.5999    24.8481 -9.990e-29
 243.456817     11.652  36.934357    11.3316    6.60066     11.554    32.6027    24.8504 -9.990e-29
 243.456823     11.707  36.930525    11.3262    6.60616     11.609    32.6037    24.8521 -9.990e-29
 243.456829     11.772  36.925198    11.3165    6.60863     11.673    32.6070    24.8565 -9.990e-29
 243.456834     11.837  36.918738    11.3070    6.62392     11.738    32.6090    24.8597 -9.990e-29
 243.456840     11.898  36.912607    11.3038    6.65128     11.798    32.6058    24.8578 -9.990e-29
 243.456846     11.951  36.910576    11.3087    6.67485     11.851    32.5995    24.8520 -9.990e-29
 243.456852     11.995  36.914408    11.3219    6.69765     11.895    32.5915    24.8435 -9.990e-29
 243.456858     12.040  36.924712    11.3417    6.70403     11.939    32.5842    24.8342 -9.990e-29
 243.456863     12.104  36.940074    11.3590    6.69989     12.003    32.5839    24.8309 -9.990e-29
 243.456869     12.193  36.952366    11.3642    6.66328     12.091    32.5914    24.8357 -9.990e-29
 243.456875     12.318  36.954979    11.3553    6.63408     12.215    32.6017    24.8454 -9.990e-29
 243.456881     12.492  36.948583    11.3353    6.59855     12.387    32.6131    24.8578 -9.990e-29
 243.456887     12.716  36.935292    11.3037    6.55421     12.609    32.6279    24.8750 -9.990e-29
 243.456892     12.983  36.914193    11.2532    6.46012     12.874    32.6517    24.9026 -9.990e-29
 243.456898     13.286  36.880685    11.1753    6.28273     13.175    32.6877    24.9445 -9.990e-29
 243.456904     13.617  36.829886    11.0735    6.05801     13.503    32.7279    24.9939 -9.990e-29
 243.456910     13.968  36.763574    10.9643    5.79328     13.851    32.7595    25.0378 0.0000e+00
 243.456916     14.331  36.693676    10.8445    5.53299     14.211    32.7971    25.0881 0.0000e+00
 243.456921     14.704  36.616680    10.6746    5.26160     14.581    32.8728    25.1767 0.0000e+00
 243.456927     15.084  36.496619    10.4228    4.98035     14.958    32.9799    25.3036 0.0000e+00
 243.456933     15.475  36.310759    10.1112    4.71520     15.345    33.0758    25.4313 0.0000e+00
 243.456939     15.880  36.087677     9.8002    4.46653     15.747    33.1340    25.5286 0.0000e+00
 243.456944     16.295  35.878623     9.5409    4.26899     16.158    33.1589    25.5905 0.0000e+00
 243.456950     16.712  35.710914     9.3502    4.11372     16.572    33.1626    25.6243 0.0000e+00
 243.456956     17.128  35.585691     9.2142    3.98551     16.984    33.1593    25.6434 0.0000e+00
 243.456962     17.547  35.495714     9.0947    3.86521     17.400    33.1770    25.6761 0.0000e+00
 243.456968     17.976  35.416281     8.9562    3.77923     17.825    33.2234    25.7343 0.0000e+00
 243.456973     18.416  35.317694     8.8130    3.67032     18.261    33.2544    25.7808 0.0000e+00
 243.456979     18.865  35.213672     8.7003    3.60260     18.707    33.2510    25.7956 0.0000e+00
 243.456985     19.313  35.136467     8.6214    3.56020     19.151    33.2439    25.8022 0.0000e+00
 243.456991     19.750  35.084003     8.5624    3.53997     19.584    33.2441    25.8113 0.0000e+00
 243.456997     20.169  35.043474     8.5110    3.54516     20.000    33.2496    25.8235 0.0000e+00
 243.457002     20.564  35.007907     8.4604    3.57444     20.391    33.2597    25.8390 0.0000e+00
 243.457008     20.926  34.971901     8.4179    3.62149     20.750    33.2616    25.8469 0.0000e+00
 243.457014     21.242  34.941240     8.3952    3.66536     21.064    33.2505    25.8416 0.0000e+00
 243.457020     21.503  34.925470     8.3964    3.72875     21.322    33.2325    25.8274 0.0000e+00
 243.457025     21.714  34.924843     8.4229    3.77397     21.532    33.2068    25.8032 0.0000e+00
 243.457031     21.883  34.941310     8.4781    3.80645     21.699    33.1721    25.7677 0.0000e+00
 243.457037     22.013  34.985041     8.5425    3.81973     21.828    33.1575    25.7465 -9.990e-29
 243.457043     22.111  35.033608     8.5815    3.81399     21.925    33.1720    25.7519 -9.990e-29
 243.457049     22.185  35.051983     8.5912    3.79935     21.999    33.1822    25.7584 -9.990e-29
 243.457054     22.233  35.050093     8.5797    3.78289     22.046    33.1910    25.7671 -9.990e-29
 243.457060     22.264  35.038863     8.5502    3.76039     22.077    33.2069    25.7840 -9.990e-29
 243.457066     22.285  35.016764     8.5168    3.75575     22.098    33.2150    25.7955 -9.990e-29
 243.457072     22.295  34.995236     8.4923    3.74972     22.108    33.2154    25.7995 -9.990e-29
 243.457078     22.301  34.980312     8.4839    3.75887     22.114    33.2076    25.7946 -9.990e-29
 243.457083     22.310  34.975618     8.4887    3.75735     22.123    33.1981    25.7865 -9.990e-29
 243.457089     22.329  34.981607     8.4928    3.75655     22.141    33.2005    25.7878 -9.990e-29
 243.457095     22.358  34.986631     8.4935    3.75603     22.170    33.2052    25.7913 -9.990e-29
 243.457101     22.394  34.985604     8.4979    3.76861     22.206    33.1999    25.7865 -9.990e-29
 243.457106     22.431  34.985554     8.5037    3.80421     22.243    33.1944    25.7813 -9.990e-29
 243.457112     22.464  34.988081     8.5081    3.82577     22.275    33.1929    25.7795 -9.990e-29
 243.457118     22.486  34.990377     8.5149    3.86154     22.297    33.1889    25.7753 -9.990e-29
 243.457124     22.494  34.993808     8.5278    3.90511     22.305    33.1804    25.7667 -9.990e-29
 243.457130     22.488  35.000692     8.5547    3.97253     22.299    33.1623    25.7484 -9.990e-29
 243.457135     22.473  35.016273     8.6056    4.03996     22.284    33.1310    25.7161 -9.990e-29
 243.457141     22.451  35.051223     8.6648    4.07353     22.262    33.1122    25.6924 -9.990e-29
 243.457147     22.422  35.094950     8.7020    4.08473     22.234    33.1232    25.6953 -9.990e-29
 243.457153     22.387  35.119425     8.7170    4.07867     22.199    33.1349    25.7021 -9.990e-29
 243.457159     22.349  35.127569     8.7293    4.05431     22.161    33.1319    25.6979 -9.990e-29
 243.457164     22.313  35.138643     8.7424    4.00541     22.126    33.1313    25.6954 -9.990e-29
 243.457170     22.296  35.150021     8.7394    3.93808     22.109    33.1460    25.7074 -9.990e-29
 243.457176     22.303  35.146591     8.7047    3.87252     22.116    33.1749    25.7354 -9.990e-29
 243.457182     22.336  35.118727     8.6399    3.82111     22.148    33.2065    25.7700 -9.990e-29
 243.457188     22.392  35.069065     8.5732    3.79070     22.204    33.2170    25.7884 -9.990e-29
 243.457193     22.458  35.022747     8.5341    3.78112     22.269    33.2050    25.7850 -9.990e-29
 243.457199     22.513  35.000956     8.5201    3.78137     22.324    33.1951    25.7794 -9.990e-29
 243.457205     22.542  34.994791     8.5136    3.80233     22.353    33.1948    25.7801 -9.990e-29
 243.457211     22.549  34.988165     8.5100    3.83543     22.360    33.1912    25.7778 -9.990e-29
 243.457216     22.540  34.981200     8.5230    3.87353     22.351    33.1716    25.7605 -9.990e-29
 243.457222     22.522  34.989261     8.5586    3.90947     22.333    33.1466    25.7355 -9.990e-29
 243.457228     22.491  35.015234     8.5945    3.92194     22.302    33.1403    25.7251 -9.990e-29
 243.457234     22.451  35.038800     8.6161    3.91755     22.262    33.1448    25.7253 -9.990e-29
 243.457240     22.412  35.052133     8.6316    3.90151     22.224    33.1443    25.7226 -9.990e-29
 243.457245     22.384  35.064037     8.6354    3.87630     22.196    33.1532    25.7290 -9.990e-29
 243.457251     22.369  35.066830     8.6185    3.84975     22.181    33.1720    25.7463 -9.990e-29
 243.457257     22.367  35.053575     8.5869    3.81707     22.179    33.1878    25.7635 -9.990e-29
 243.457263     22.378  35.031251     8.5512    3.79453     22.190    33.1979    25.7768 -9.990e-29
 243.457269     22.397  35.006518     8.5258    3.78888     22.209    33.1957    25.7790 -9.990e-29
 243.457274     22.418  34.990104     8.5203    3.78934     22.230    33.1836    25.7703 -9.990e-29
 243.457280     22.438  34.989815     8.5263    3.79721     22.250    33.1776    25.7647 -9.990e-29
 243.457286     22.457  34.996277     8.5314    3.80077     22.268    33.1796    25.7655 -9.990e-29
 243.457292     22.478  34.999033     8.5326    3.81012     22.289    33.1814    25.7667 -9.990e-29
 243.457297     22.497  34.998384     8.5340    3.82187     22.308    33.1794    25.7649 -9.990e-29
 243.457303     22.512  34.997938     8.5412    3.82239     22.323    33.1721    25.7582 -9.990e-29
 243.457309     22.522  35.001010     8.5546    3.82426     22.333    33.1628    25.7488 -9.990e-29
 243.457315     22.529  35.008318     8.5663    3.81628     22.340    33.1595    25.7444 -9.990e-29
 243.457321     22.537  35.014458     8.5678    3.81655     22.348    33.1645    25.7481 -9.990e-29
 243.457326     22.552  35.014154     8.5615    3.82287     22.363    33.1701    25.7535 -9.990e-29
 243.457332     22.570  35.010915     8.5569    3.82492     22.380    33.1710    25.7549 -9.990e-29
 243.457338     22.587  35.010501     8.5557    3.82028     22.397    33.1717    25.7556 -9.990e-29
 243.457344     22.610  35.011223     8.5483    3.81781     22.420    33.1794    25.7628 -9.990e-29
 243.457350     22.648  35.004499     8.5332    3.80856     22.458    33.1865    25.7706 -9.990e-29
 243.457355     22.716  34.992005     8.5207    3.79591     22.525    33.1851    25.7714 -9.990e-29
 243.457361     22.827  34.983975     8.5170    3.78528     22.635    33.1800    25.7680 -9.990e-29
 243.457367     22.980  34.983142     8.5193    3.74914     22.787    33.1769    25.7652 0.0000e+00
 243.457373     23.171  34.986137     8.5160    3.69360     22.976    33.1831    25.7706 0.0000e+00
 243.457378     23.405  34.983484     8.4903    3.64808     23.208    33.2044    25.7912 0.0000e+00
 243.457384     23.687  34.962666     8.4364    3.58336     23.488    33.2331    25.8218 0.0000e+00
 243.457390     24.027  34.922821     8.3668    3.53223     23.825    33.2565    25.8507 0.0000e+00
 243.457396     24.426  34.876394     8.2883    3.50357     24.221    33.2814    25.8820 0.0000e+00
 243.457402     24.869  34.828168     8.1941    3.48444     24.660    33.3194    25.9258 0.0000e+00
 243.457407     25.344  34.771553     8.0936    3.47165     25.131    33.3545    25.9682 0.0000e+00
 243.457413     25.832  34.713440     8.0138    3.46004     25.615    33.3683    25.9908 0.0000e+00
 243.457419     26.318  34.672729     7.9663    3.44245     26.097    33.3699    25.9990 0.0000e+00
 243.457425     26.799  34.653404     7.9430    3.42783     26.574    33.3713    26.0035 0.0000e+00
 243.457431     27.279  34.645927     7.9294    3.40768     27.050    33.3760    26.0092 0.0000e+00
 243.457436     27.764  34.641430     7.9148    3.40192     27.530    33.3849    26.0184 0.0000e+00
 243.457442     28.259  34.636701     7.8988    3.37919     28.021    33.3949    26.0286 0.0000e+00
 243.457448     28.761  34.633830     7.8830    3.35087     28.519    33.4067    26.0401 0.0000e+00
 243.457454     29.259  34.632894     7.8659    3.31929     29.013    33.4219    26.0545 0.0000e+00
 243.457459     29.747  34.632066     7.8438    3.29665     29.497    33.4419    26.0735 0.0000e+00
 243.457465     30.218  34.630784     7.8152    3.28738     29.964    33.4678    26.0979 0.0000e+00
 243.457471     30.657  34.629004     7.7865    3.28658     30.399    33.4932    26.1221 0.0000e+00
 243.457477     31.052  34.626576     7.7658    3.26981     30.791    33.5103    26.1385 0.0000e+00
 243.457483     31.388  34.624165     7.7572    3.26516     31.124    33.5158    26.1441 0.0000e+00
 243.457488     31.656  34.623022     7.7583    3.27049     31.389    33.5134    26.1420 0.0000e+00
 243.457494     31.858  34.622725     7.7639    3.27668     31.590    33.5076    26.1367 0.0000e+00
 243.457500     32.006  34.622863     7.7741    3.31307     31.736    33.4979    26.1275 -9.990e-29
 243.457506     32.108  34.623606     7.7903    3.33842     31.838    33.4831    26.1136 -9.990e-29
 243.457512     32.168  34.624251     7.8087    3.35730     31.897    33.4661    26.0975 -9.990e-29
 243.457517     32.193  34.624528     7.8222    3.37246     31.922    33.4534    26.0856 -9.990e-29
 243.457523     32.193  34.624803     7.8288    3.37610     31.922    33.4474    26.0799 -9.990e-29
 243.457529     32.195  34.625442     7.8333    3.37364     31.924    33.4437    26.0764 -9.990e-29
 243.457535     32.228  34.626735     7.8360    3.36856     31.957    33.4425    26.0751 -9.990e-29
 243.457541     32.285  34.628162     7.8340    3.35777     32.013    33.4459    26.0781 -9.990e-29
 243.457546     32.345  34.628822     7.8305    3.35338     32.073    33.4500    26.0818 -9.990e-29
 243.457552     32.399  34.629031     7.8283    3.34124     32.126    33.4523    26.0839 -9.990e-29
 243.457558     32.446  34.629625     7.8253    3.33434     32.173    33.4558    26.0871 -9.990e-29
 243.457564     32.493  34.630273     7.8169    3.32818     32.219    33.4645    26.0951 -9.990e-29
 243.457569     32.543  34.629596     7.8028    3.32456     32.269    33.4773    26.1072 -9.990e-29
 243.457575     32.586  34.627248     7.7908    3.31728     32.311    33.4863    26.1160 -9.990e-29
 243.457581     32.613  34.625141     7.7874    3.31175     32.338    33.4873    26.1173 -9.990e-29
 243.457587     32.620  34.624384     7.7896    3.30923     32.345    33.4843    26.1147 -9.990e-29
 243.457593     32.609  34.623963     7.7900    3.30622     32.334    33.4835    26.1140 -9.990e-29
 243.457598     32.583  34.622753     7.7854    3.30566     32.309    33.4866    26.1171 -9.990e-29
 243.457604     32.552  34.620824     7.7770    3.29528     32.278    33.4926    26.1230 -9.990e-29
 243.457610     32.529  34.618965     7.7692    3.28336     32.255    33.4982    26.1285 -9.990e-29
 243.457616     32.515  34.618061     7.7650    3.28582     32.241    33.5012    26.1315 -9.990e-29
 243.457622     32.514  34.618025     7.7625    3.27796     32.240    33.5036    26.1337 -9.990e-29
 243.457627     32.531  34.617683     7.7594    3.28500     32.257    33.5062    26.1362 -9.990e-29
 243.457633     32.557  34.617139     7.7563    3.29173     32.283    33.5086    26.1385 -9.990e-29
 243.457639     32.582  34.616787     7.7559    3.28945     32.308    33.5086    26.1386 -9.990e-29
 243.457645     32.598  34.616713     7.7585    3.28705     32.323    33.5060    26.1362 -9.990e-29
 243.457650     32.603  34.616816     7.7611    3.29358     32.328    33.5036    26.1339 -9.990e-29
 243.457656     32.605  34.616671     7.7618    3.29081     32.330    33.5028    26.1332 -9.990e-29
 243.457662     32.613  34.616644     7.7609    3.28778     32.338    33.5036    26.1339 -9.990e-29
 243.457668     32.619  34.616699     7.7592    3.28838     32.344    33.5053    26.1355 -9.990e-29
 243.457674     32.615  34.616347     7.7579    3.28739     32.340    33.5062    26.1364 -9.990e-29
 243.457679     32.605  34.616236     7.7582    3.28521     32.330    33.5058    26.1360 -9.990e-29
 243.457685     32.592  34.616777     7.7590    3.28759     32.317    33.5056    26.1358 -9.990e-29
 243.457691     32.579  34.617010     7.7588    3.28119     32.305    33.5060    26.1362 -9.990e-29
 243.457697     32.576  34.616683     7.7578    3.27510     32.302    33.5066    26.1368 -9.990e-29
 243.457703     32.581  34.616479     7.7557    3.27703     32.307    33.5084    26.1385 -9.990e-29
 243.457708     32.585  34.616126     7.7524    3.27989     32.310    33.5112    26.1412 -9.990e-29
 243.457714     32.586  34.615151     7.7500    3.29193     32.311    33.5125    26.1425 -9.990e-29
