data/oxygen options/ONMS/Olympic_Coast_National_Marine_Sanctuary_Hypoxia_Survey_CTD_Data_2004_2015/raw_data/2005/CTD_CA90_060705faed.cnv
* Sea-Bird SBE19 Data File:
* FileName = C:\hypoxia CTD data\CA90_060705.hex
* Software Version 1.1.5
* Temperature SN = 2997
* Conductivity SN = 2997
* System UpLoad Time = Jun 07 2005 15:24:18
* SEACAT PROFILER V3.1c SN 2997   06/07/05  15:23:21.936
* strain gauge pressure sensor: S/N = 184829,  range = 3000 psia,  tc = 40
# nquan = 9                                 
# nvalues = 813                         
# units = specified
# name 0 = timeJ: Julian Days
# name 1 = prSM: Pressure, Strain Gauge [db]
# name 2 = c0mS/cm: Conductivity [mS/cm]
# name 3 = t090C: Temperature [ITS-90, deg C]
# name 4 = oxML/L: Oxygen, Beckman/YSI [ml/l]
# name 5 = depSM: Depth [salt water, m], lat = 47.5
# name 6 = sal00: Salinity, Practical [PSU]
# name 7 = sigma-é00: Density [sigma-theta, kg/m^3]
# name 8 = flag: flag
# span 0 = 158.574294, 158.578993       
# span 1 =     -3.035,     91.432       
# span 2 =   0.539425,  36.576978       
# span 3 =     7.2397,    12.6705       
# span 4 =   -0.12354,   28.33120       
# span 5 =     -3.010,     90.649       
# span 6 =     0.3465,    33.8671       
# span 7 =    -0.3086,    26.4937       
# span 8 = 0.0000e+00, 0.0000e+00       
# interval = seconds: 0.5
# start_time = Jun 07 2005 13:46:59 [Instrument's time stamp, header]
# bad_flag = -9.990e-29
*END*
 158.574294     -3.035 -9.990e-29    12.6592   -0.12354     -3.010 -9.990e-29 -9.990e-29 -9.990e-29
 158.574300     -3.023   0.583857    12.6584   -0.12352     -2.998     0.3762    -0.2850 -9.990e-29
 158.574306     -3.007   0.577619    12.6578   -0.12348     -2.982     0.3720    -0.2881 -9.990e-29
 158.574311     -2.987   0.568888    12.6578   -0.12339     -2.962     0.3662    -0.2927 -9.990e-29
 158.574317     -2.961   0.560997    12.6583   -0.12332     -2.936     0.3609    -0.2968 -9.990e-29
 158.574323     -2.932   0.554150    12.6591   -0.12334     -2.908     0.3564    -0.3005 -9.990e-29
 158.574329     -2.906   0.547540    12.6600   -0.12332     -2.882     0.3519    -0.3040 -9.990e-29
 158.574334     -2.882   0.541967    12.6611   -0.10245     -2.858     0.3482    -0.3071 -9.990e-29
 158.574340     -2.854   0.539425    12.6628   -0.10222     -2.830     0.3465    -0.3086 -9.990e-29
 158.574346     -2.821   0.548357    12.6647   -0.10244     -2.797     0.3524    -0.3042 -9.990e-29
 158.574352     -2.780   0.572353    12.6665   -0.10243     -2.757     0.3684    -0.2920 -9.990e-29
 158.574358     -2.732   0.609020    12.6681   -0.10244     -2.709     0.3929    -0.2732 -9.990e-29
 158.574363     -2.680   0.680625    12.6695   -0.10249     -2.658     0.4409    -0.2359 -9.990e-29
 158.574369     -2.615   0.847698    12.6705   -0.10248     -2.593     0.5539    -0.1480 -9.990e-29
 158.574375     -2.534   1.233164    12.6699   -0.10245     -2.513     0.8192     0.0585 -9.990e-29
 158.574381     -2.443   2.177355    12.6635   -0.10242     -2.423     1.4889     0.5797 -9.990e-29
 158.574387     -2.342   4.806613    12.6380   -0.10243     -2.322     3.4498     2.1024 -9.990e-29
 158.574392     -2.220  12.612749    12.5845   -0.10246     -2.201     9.7324     6.9599 -9.990e-29
 158.574398     -2.082  24.399086    12.5241   -0.10247     -2.065    19.9878    14.8762 -9.990e-29
 158.574404     -1.948  32.397785    12.4866   -0.10245     -1.932    27.3367    20.5588 -9.990e-29
 158.574410     -1.837  35.168379    12.4716   -0.10246     -1.822    29.9500    22.5837 -9.990e-29
 158.574416     -1.753  36.110588    12.4640   -0.10247     -1.738    30.8484    23.2808 -9.990e-29
 158.574421     -1.692  36.415656    12.4607   -0.10248     -1.678    31.1408    23.5079 -9.990e-29
 158.574427     -1.632  36.508309    12.4636   -0.10247     -1.618    31.2264    23.5737 -9.990e-29
 158.574433     -1.561  36.548563    12.4696   -0.10248     -1.548    31.2596    23.5983 -9.990e-29
 158.574439     -1.493  36.572169    12.4731   -0.10247     -1.481    31.2792    23.6128 -9.990e-29
 158.574444     -1.438  36.576978    12.4723   -0.10247     -1.426    31.2844    23.6170 -9.990e-29
 158.574450     -1.395  36.566060    12.4709   -0.10246     -1.383    31.2751    23.6101 -9.990e-29
 158.574456     -1.351  36.551802    12.4709   -0.10247     -1.340    31.2616    23.5996 -9.990e-29
 158.574462     -1.295  36.542699    12.4708   -0.10246     -1.284    31.2530    23.5929 -9.990e-29
 158.574468     -1.225  36.538977    12.4697   -0.10245     -1.215    31.2503    23.5911 -9.990e-29
 158.574473     -1.152  36.537943    12.4682   -0.10245     -1.142    31.2506    23.5915 -9.990e-29
 158.574479     -1.093  36.537680    12.4673   -0.10244     -1.084    31.2510    23.5921 -9.990e-29
 158.574485     -1.048  36.537861    12.4675   -0.10244     -1.039    31.2510    23.5920 -9.990e-29
 158.574491     -1.007  36.537628    12.4692   -0.10243     -0.999    31.2494    23.5904 -9.990e-29
 158.574497     -0.962  36.536136    12.4719   -0.10243     -0.954    31.2457    23.5871 -9.990e-29
 158.574502     -0.911  36.535347    12.4744   -0.10242     -0.903    31.2428    23.5844 -9.990e-29
 158.574508     -0.863  36.536477    12.4761   -0.10242     -0.856    31.2425    23.5838 -9.990e-29
 158.574514     -0.832  36.537129    12.4773   -0.10243     -0.825    31.2421    23.5833 -9.990e-29
 158.574520     -0.817  36.537077    12.4783   -0.10243     -0.810    31.2412    23.5824 -9.990e-29
 158.574525     -0.811  36.539078    12.4798   -0.10243     -0.804    31.2419    23.5826 -9.990e-29
 158.574531     -0.806  36.541341    12.4823   -0.10243     -0.799    31.2419    23.5822 -9.990e-29
 158.574537     -0.784  36.542423    12.4851   -0.10241     -0.777    31.2406    23.5807 -9.990e-29
 158.574543     -0.745  36.543791    12.4876   -0.10240     -0.739    31.2398    23.5796 -9.990e-29
 158.574549     -0.708  36.545613    12.4900   -0.10242     -0.702    31.2395    23.5789 -9.990e-29
 158.574554     -0.685  36.548097    12.4915   -0.10244     -0.679    31.2407    23.5795 -9.990e-29
 158.574560     -0.682  36.550095    12.4911   -0.10244     -0.676    31.2429    23.5813 -9.990e-29
 158.574566     -0.688  36.549807    12.4897   -0.10244     -0.682    31.2438    23.5822 -9.990e-29
 158.574572     -0.687  36.547998    12.4889   -0.10244     -0.681    31.2427    23.5816 -9.990e-29
 158.574578     -0.671  36.546767    12.4891   -0.10245     -0.665    31.2414    23.5805 -9.990e-29
 158.574583     -0.639  36.547864    12.4906   -0.10246     -0.634    31.2412    23.5801 -9.990e-29
 158.574589     -0.597  36.552216    12.4931   -0.10246     -0.592    31.2432    23.5812 -9.990e-29
 158.574595     -0.559  36.557797    12.4937   -0.10246     -0.554    31.2480    23.5848 -9.990e-29
 158.574601     -0.532  36.560295    12.4912   -0.10245     -0.528    31.2524    23.5887 -9.990e-29
 158.574606     -0.509  36.558580    12.4875   -0.10246     -0.505    31.2539    23.5905 -9.990e-29
 158.574612     -0.485  36.555439    12.4847   -0.10246     -0.481    31.2532    23.5905 -9.990e-29
 158.574618     -0.463  36.553997    12.4831   -0.10246     -0.459    31.2532    23.5908 -9.990e-29
 158.574624     -0.446  36.555160    12.4820   -0.10245     -0.442    31.2552    23.5925 -9.990e-29
 158.574630     -0.427  36.556015    12.4800   -0.10249     -0.423    31.2576    23.5948 -9.990e-29
 158.574635     -0.403  36.554364    12.4773   -0.10250     -0.400    31.2583    23.5958 -9.990e-29
 158.574641     -0.375  36.551954    12.4757   -0.10249     -0.372    31.2573    23.5954 -9.990e-29
 158.574647     -0.350  36.551766    12.4757   -0.10247     -0.347    31.2571    23.5952 -9.990e-29
 158.574653     -0.330  36.553572    12.4762   -0.10245     -0.327    31.2584    23.5962 -9.990e-29
 158.574659     -0.311  36.553636    12.4755   -0.10247     -0.308    31.2591    23.5968 -9.990e-29
 158.574664     -0.292  36.552068    12.4744   -0.10246     -0.290    31.2585    23.5965 -9.990e-29
 158.574670     -0.278  36.552971    12.4741   -0.10245     -0.276    31.2596    23.5974 -9.990e-29
 158.574676     -0.270  36.555330    12.4723   -0.10248     -0.268    31.2633    23.6007 -9.990e-29
 158.574682     -0.259  36.554463    12.4677   -0.10252     -0.257    31.2663    23.6039 -9.990e-29
 158.574688     -0.239  36.550921    12.4640   -0.10252     -0.237    31.2660    23.6043 -9.990e-29
 158.574693     -0.214  36.548979    12.4644   -0.10251     -0.212    31.2638    23.6026 -9.990e-29
 158.574699     -0.190  36.551680    12.4686   -0.10247     -0.188    31.2629    23.6011 -9.990e-29
 158.574705     -0.171  36.556480    12.4727   -0.10245     -0.170    31.2640    23.6012 -9.990e-29
 158.574711     -0.154  36.558028    12.4739   -0.10246     -0.153    31.2645    23.6013 -9.990e-29
 158.574716     -0.144  36.557291    12.4740   -0.10250     -0.143    31.2637    23.6007 -9.990e-29
 158.574722     -0.143  36.557239    12.4724   -0.10250     -0.142    31.2650    23.6020 -9.990e-29
 158.574728     -0.144  36.556142    12.4663   -0.10249     -0.143    31.2690    23.6062 -9.990e-29
 158.574734     -0.133  36.552003    12.4586   -0.10247     -0.132    31.2715    23.6096 -9.990e-29
 158.574740     -0.110  36.547180    12.4550   -0.10245     -0.109    31.2699    23.6090 -9.990e-29
 158.574745     -0.086  36.548165    12.4585   -0.10245     -0.085    31.2679    23.6068 -9.990e-29
 158.574751     -0.073  36.555731    12.4665   -0.10246     -0.072    31.2685    23.6058 -9.990e-29
 158.574757     -0.069  36.562045    12.4722   -0.10246     -0.068    31.2697    23.6057 -9.990e-29
 158.574763     -0.066  36.562650    12.4711   -0.10247     -0.065    31.2712    23.6070 -9.990e-29
 158.574769     -0.055  36.558943    12.4662   -0.10247     -0.055    31.2718    23.6084 -9.990e-29
 158.574774     -0.031  36.554420    12.4633   -0.10247     -0.031    31.2699    23.6074 -9.990e-29
 158.574780     -0.001  36.553729    12.4641   -0.10248     -0.001    31.2685    23.6063 -9.990e-29
 158.574786      0.024  36.559338    12.4679   -0.10248      0.024    31.2707    23.6072 -9.990e-29
 158.574792      0.041  36.566971    12.4722   -0.10249      0.041    31.2744    23.6092 -9.990e-29
 158.574797      0.052  36.571128    12.4749   -0.10248      0.052    31.2761    23.6101 -9.990e-29
 158.574803      0.061  36.571210    12.4757   -0.10249      0.060    31.2755    23.6094 -9.990e-29
 158.574809      0.073  36.568471    12.4750   -0.10249      0.072    31.2734    23.6080 -9.990e-29
 158.574815      0.090  36.564894    12.4735   16.27976      0.089    31.2713    23.6066 -9.990e-29
 158.574821      0.111  36.562464    12.4724   26.84565      0.110    31.2699    23.6057 -9.990e-29
 158.574826      0.134  36.561332    12.4713   28.33120      0.133    31.2697    23.6058 -9.990e-29
 158.574832      0.157  36.560571    12.4696   24.76385      0.156    31.2704    23.6067 -9.990e-29
 158.574838      0.176  36.559753    12.4675   15.98545      0.175    31.2713    23.6078 -9.990e-29
 158.574844      0.189  36.558933    12.4662   12.88228      0.187    31.2716    23.6083 -9.990e-29
 158.574850      0.200  36.558164    12.4653   12.90070      0.198    31.2717    23.6085 -9.990e-29
 158.574855      0.214  36.557564    12.4640   12.87606      0.212    31.2722    23.6091 -9.990e-29
 158.574861      0.229  36.556919    12.4621   12.88518      0.227    31.2731    23.6102 -9.990e-29
 158.574867      0.241  36.554835    12.4597   12.89076      0.239    31.2731    23.6107 -9.990e-29
 158.574873      0.254  36.547436    12.4581   12.89173      0.252    31.2674    23.6065 -9.990e-29
 158.574878      0.270  36.536657    12.4577   12.89308      0.268    31.2575    23.5989 -9.990e-29
 158.574884      0.282  36.529461    12.4574   12.89320      0.280    31.2509    23.5939 -9.990e-29
 158.574890      0.285  36.525250    12.4590    9.35854      0.283    31.2456    23.5894 -9.990e-29
 158.574896      0.284  36.524601    12.4637    5.19151      0.282    31.2410    23.5851 -9.990e-29
 158.574902      0.287  36.529480    12.4669    2.91928      0.285    31.2430    23.5860 -9.990e-29
 158.574907      0.300  36.533518    12.4650    2.42034      0.297    31.2484    23.5905 -9.990e-29
 158.574913      0.318  36.531471    12.4607    3.95146      0.315    31.2501    23.5926 -9.990e-29
 158.574919      0.331  36.526802    12.4585    5.26623      0.328    31.2474    23.5910 -9.990e-29
 158.574925      0.329  36.525087    12.4595    5.78878      0.326    31.2450    23.5889 -9.990e-29
 158.574931      0.322  36.526303    12.4616    6.08173      0.319    31.2444    23.5880 -9.990e-29
 158.574936      0.327  36.527613    12.4630    6.23424      0.324    31.2445    23.5878 -9.990e-29
 158.574942      0.351  36.527984    12.4633    6.33244      0.348    31.2446    23.5879 -9.990e-29
 158.574948      0.389  36.527378    12.4640    6.40102      0.386    31.2434    23.5868 -9.990e-29
 158.574954      0.425  36.527813    12.4667    6.43064      0.421    31.2416    23.5849 -9.990e-29
 158.574959      0.449  36.531016    12.4712    6.44049      0.445    31.2408    23.5835 -9.990e-29
 158.574965      0.459  36.535111    12.4765    6.43635      0.455    31.2403    23.5821 -9.990e-29
 158.574971      0.462  36.538855    12.4801    6.44039      0.458    31.2409    23.5819 -9.990e-29
 158.574977      0.473  36.541096    12.4795    6.45212      0.469    31.2435    23.5840 -9.990e-29
 158.574983      0.492  36.540363    12.4747    6.45864      0.488    31.2468    23.5874 -9.990e-29
 158.574988      0.512  36.536265    12.4701    6.44045      0.508    31.2467    23.5883 -9.990e-29
 158.574994      0.526  36.532335    12.4707    6.40856      0.522    31.2425    23.5849 -9.990e-29
 158.575000      0.529  36.534012    12.4730    6.39017      0.525    31.2422    23.5842 -9.990e-29
 158.575006      0.527  36.537385    12.4707    6.39009      0.523    31.2473    23.5886 -9.990e-29
 158.575012      0.532  36.533519    12.4634    6.39771      0.528    31.2497    23.5918 -9.990e-29
 158.575017      0.554  36.520275    12.4499    6.40259      0.549    31.2483    23.5933 -9.990e-29
 158.575023      0.584  36.503565    12.4349    6.39868      0.579    31.2449    23.5934 -9.990e-29
 158.575029      0.613  36.493272    12.4299    6.40155      0.608    31.2392    23.5900 -9.990e-29
 158.575035      0.636  36.494180    12.4348    6.38661      0.631    31.2360    23.5866 -9.990e-29
 158.575041      0.657  36.500960    12.4421    6.36287      0.652    31.2364    23.5855 -9.990e-29
 158.575046      0.677  36.508078    12.4479    6.34859      0.671    31.2383    23.5859 -9.990e-29
 158.575052      0.696  36.514374    12.4488    6.34900      0.690    31.2435    23.5898 -9.990e-29
 158.575058      0.716  36.515913    12.4434    6.35525      0.710    31.2495    23.5954 -9.990e-29
 158.575064      0.738  36.510831    12.4360    6.36481      0.732    31.2508    23.5978 -9.990e-29
 158.575069      0.759  36.504693    12.4320    6.36679      0.753    31.2483    23.5966 -9.990e-29
 158.575075      0.773  36.501659    12.4320    6.35476      0.767    31.2454    23.5944 -9.990e-29
 158.575081      0.779  36.501611    12.4340    6.34560      0.772    31.2437    23.5927 -9.990e-29
 158.575087      0.788  36.503369    12.4379    6.33935      0.781    31.2421    23.5907 -9.990e-29
 158.575093      0.803  36.507041    12.4440    6.32720      0.796    31.2405    23.5884 -9.990e-29
 158.575098      0.821  36.512482    12.4498    6.32809      0.814    31.2409    23.5875 -9.990e-29
 158.575104      0.836  36.517419    12.4534    6.33274      0.829    31.2426    23.5882 -9.990e-29
 158.575110      0.843  36.520591    12.4551    6.33577      0.836    31.2442    23.5891 -9.990e-29
 158.575116      0.844  36.521746    12.4556    6.33805      0.837    31.2448    23.5895 -9.990e-29
 158.575122      0.841  36.521869    12.4561    6.32196      0.834    31.2445    23.5892 -9.990e-29
 158.575127      0.845  36.522253    12.4576    6.32224      0.838    31.2437    23.5882 -9.990e-29
 158.575133      0.859  36.522855    12.4614    6.30167      0.852    31.2411    23.5855 -9.990e-29
 158.575139      0.880  36.525046    12.4678    6.31862      0.873    31.2378    23.5818 -9.990e-29
 158.575145      0.901  36.530071    12.4741    6.32290      0.893    31.2374    23.5803 -9.990e-29
 158.575150      0.915  36.535663    12.4772    6.30061      0.907    31.2401    23.5818 -9.990e-29
 158.575156      0.913  36.538069    12.4769    6.29719      0.905    31.2426    23.5838 -9.990e-29
 158.575162      0.900  36.536578    12.4748    6.27845      0.892    31.2430    23.5845 -9.990e-29
 158.575168      0.893  36.534254    12.4732    6.28922      0.886    31.2421    23.5841 -9.990e-29
 158.575174      0.895  36.533614    12.4728    6.29488      0.888    31.2418    23.5839 -9.990e-29
 158.575179      0.893  36.534369    12.4724    6.28743      0.886    31.2429    23.5848 -9.990e-29
 158.575185      0.884  36.534727    12.4721    6.28267      0.877    31.2435    23.5854 -9.990e-29
 158.575191      0.874  36.534612    12.4724    6.26775      0.867    31.2431    23.5850 -9.990e-29
 158.575197      0.868  36.534998    12.4734    6.26361      0.861    31.2426    23.5845 -9.990e-29
 158.575203      0.870  36.535845    12.4750    6.27452      0.863    31.2421    23.5838 -9.990e-29
 158.575208      0.883  36.537166    12.4761    6.28254      0.876    31.2424    23.5838 -9.990e-29
 158.575214      0.905  36.538487    12.4763    6.27733      0.897    31.2435    23.5846 -9.990e-29
