data/oxygen options/ONMS/Olympic_Coast_National_Marine_Sanctuary_Hypoxia_Survey_CTD_Data_2004_2015/raw_data/2005/CTD_CE90_052505faed.cnv
* Sea-Bird SBE19 Data File:
* FileName = C:\Documents and Settings\kirner.PTANGELES\Desktop\hypoxia CTD data\CE90__052505.hex
* Software Version 1.1.5
* Temperature SN = 2997
* Conductivity SN = 2997
* System UpLoad Time = May 25 2005 17:57:54
* SEACAT PROFILER V3.1c SN 2997   05/25/05  17:57:01.947
* strain gauge pressure sensor: S/N = 184829,  range = 3000 psia,  tc = 40
# nquan = 9                                 
# nvalues = 1042                        
# units = specified
# name 0 = timeJ: Julian Days
# name 1 = prSM: Pressure, Strain Gauge [db]
# name 2 = c0mS/cm: Conductivity [mS/cm]
# name 3 = t090C: Temperature [ITS-90, deg C]
# name 4 = oxML/L: Oxygen, Beckman/YSI [ml/l]
# name 5 = depSM: Depth [salt water, m], lat = 47.5
# name 6 = sal00: Salinity, Practical [PSU]
# name 7 = sigma-é00: Density [sigma-theta, kg/m^3]
# name 8 = flag: flag
# span 0 = 145.531898, 145.537922       
# span 1 =     -4.083,     91.957       
# span 2 =   0.209713,  36.754370       
# span 3 =     7.3666,    14.6895       
# span 4 =   -0.09926,   26.78786       
# span 5 =     -4.049,     91.169       
# span 6 =     0.1271,    33.9249       
# span 7 =    -0.6876,    26.5166       
# span 8 = 0.0000e+00, 0.0000e+00       
# interval = seconds: 0.5
# start_time = May 25 2005 12:45:56 [Instrument's time stamp, header]
# bad_flag = -9.990e-29
*END*
[from data line 481]
 145.534682      2.184  34.342180    14.5379    6.23983      2.166    27.6350    20.3966 -9.990e-29
 145.534687      2.194  34.340321    14.5414    6.23295      2.176    27.6308    20.3927 -9.990e-29
 145.534693      2.198  34.342452    14.5468    6.23910      2.180    27.6289    20.3901 -9.990e-29
 145.534699      2.201  34.344125    14.5509    6.25072      2.183    27.6274    20.3882 -9.990e-29
 145.534705      2.206  34.342897    14.5497    6.26724      2.188    27.6272    20.3883 -9.990e-29
 145.534711      2.210  34.339937    14.5428    6.26665      2.192    27.6295    20.3914 -9.990e-29
 145.534716      2.208  34.337281    14.5385    6.24824      2.190    27.6302    20.3928 -9.990e-29
 145.534722      2.201  34.337558    14.5421    6.22191      2.183    27.6278    20.3903 -9.990e-29
 145.534728      2.189  34.342637    14.5498    6.21054      2.171    27.6269    20.3880 -9.990e-29
 145.534734      2.173  34.349764    14.5561    6.21571      2.155    27.6288    20.3882 -9.990e-29
 145.534740      2.163  34.354439    14.5557    6.23676      2.145    27.6332    20.3917 -9.990e-29
 145.534745      2.162  34.353934    14.5422    6.25895      2.144    27.6424    20.4015 -9.990e-29
 145.534751      2.169  34.342539    14.5204    6.27235      2.151    27.6477    20.4100 -9.990e-29
 145.534757      2.181  34.324125    14.5080    6.27108      2.163    27.6401    20.4066 -9.990e-29
 145.534763      2.191  34.315059    14.5136    6.25279      2.173    27.6280    20.3962 -9.990e-29
 145.534769      2.194  34.320629    14.5331    6.23624      2.176    27.6191    20.3854 -9.990e-29
 145.534774      2.190  34.337616    14.5559    6.22797      2.172    27.6181    20.3800 -9.990e-29
 145.534780      2.184  34.358409    14.5699    6.22501      2.166    27.6267    20.3838 -9.990e-29
 145.534786      2.184  34.369827    14.5711    6.23578      2.166    27.6360    20.3907 -9.990e-29
 145.534792      2.194  34.368048    14.5651    6.23268      2.176    27.6387    20.3940 -9.990e-29
 145.534797      2.211  34.360796    14.5587    6.24111      2.193    27.6368    20.3938 -9.990e-29
 145.534803      2.226  34.355224    14.5549    6.24124      2.207    27.6345    20.3928 -9.990e-29
 145.534809      2.238  34.352871    14.5545    6.24853      2.219    27.6327    20.3915 -9.990e-29
 145.534815      2.245  34.353408    14.5585    6.26326      2.226    27.6303    20.3889 -9.990e-29
 145.534821      2.250  34.356998    14.5659    6.26165      2.231    27.6282    20.3858 -9.990e-29
 145.534826      2.252  34.362825    14.5736    6.25800      2.233    27.6280    20.3840 -9.990e-29
 145.534832      2.251  34.368577    14.5826    6.24342      2.232    27.6267    20.3812 -9.990e-29
 145.534838      2.248  34.374084    14.5952    6.23931      2.229    27.6227    20.3756 -9.990e-29
 145.534844      2.246  34.382772    14.6057    6.23821      2.227    27.6229    20.3737 -9.990e-29
 145.534850      2.249  34.391660    14.6078    6.23808      2.230    27.6294    20.3782 -9.990e-29
 145.534855      2.254  34.392428    14.6039    6.23722      2.235    27.6328    20.3816 -9.990e-29
 145.534861      2.256  34.387791    14.5982    6.23429      2.237    27.6327    20.3827 -9.990e-29
 145.534867      2.255  34.384463    14.5945    6.23549      2.236    27.6324    20.3832 -9.990e-29
 145.534873      2.253  34.383617    14.5939    6.22840      2.234    27.6321    20.3831 -9.990e-29
 145.534878      2.252  34.384689    14.5911    6.22865      2.233    27.6350    20.3859 -9.990e-29
 145.534884      2.256  34.383511    14.5812    6.22185      2.237    27.6410    20.3925 -9.990e-29
 145.534890      2.263  34.375156    14.5693    6.21575      2.244    27.6420    20.3957 -9.990e-29
 145.534896      2.268  34.364182    14.5650    6.22798      2.249    27.6353    20.3914 -9.990e-29
 145.534902      2.270  34.361185    14.5653    6.24153      2.251    27.6324    20.3891 -9.990e-29
 145.534907      2.267  34.363293    14.5558    6.25705      2.248    27.6410    20.3977 -9.990e-29
 145.534913      2.254  34.356504    14.5347    6.25827      2.235    27.6500    20.4088 -9.990e-29
 145.534919      2.235  34.339061    14.5239    6.24306      2.216    27.6421    20.4050 -9.990e-29
 145.534925      2.211  34.330312    14.5366    6.22771      2.193    27.6253    20.3895 -9.990e-29
 145.534931      2.187  34.342692    14.5579    6.21839      2.169    27.6212    20.3820 -9.990e-29
 145.534936      2.168  34.361325    14.5711    6.21676      2.150    27.6284    20.3849 -9.990e-29
 145.534942      2.159  34.369588    14.5712    6.22717      2.141    27.6357    20.3905 -9.990e-29
 145.534948      2.158  34.366178    14.5625    6.23105      2.140    27.6389    20.3947 -9.990e-29
 145.534954      2.166  34.357767    14.5542    6.24525      2.148    27.6373    20.3951 -9.990e-29
 145.534959      2.178  34.352203    14.5526    6.25648      2.160    27.6334    20.3925 -9.990e-29
 145.534965      2.191  34.352718    14.5577    6.26241      2.173    27.6303    20.3890 -9.990e-29
 145.534971      2.207  34.357201    14.5668    6.26269      2.189    27.6278    20.3853 -9.990e-29
 145.534977      2.221  34.364348    14.5793    6.24873      2.202    27.6253    20.3808 -9.990e-29
 145.534983      2.231  34.374729    14.5955    6.23953      2.212    27.6230    20.3758 -9.990e-29
 145.534988      2.236  34.388179    14.6112    6.23573      2.217    27.6238    20.3733 -9.990e-29
 145.534994      2.242  34.400781    14.6201    6.23045      2.223    27.6287    20.3752 -9.990e-29
 145.535000      2.254  34.407487    14.6204    6.22796      2.235    27.6345    20.3796 -9.990e-29
 145.535006      2.267  34.406598    14.6146    6.23234      2.248    27.6378    20.3833 -9.990e-29
 145.535012      2.278  34.400298    14.6077    6.23421      2.259    27.6371    20.3842 -9.990e-29
 145.535017      2.288  34.394204    14.6022    6.24437      2.269    27.6356    20.3841 -9.990e-29
 145.535023      2.298  34.390285    14.5986    6.24368      2.279    27.6346    20.3841 -9.990e-29
 145.535029      2.304  34.387805    14.5993    6.23545      2.285    27.6319    20.3819 -9.990e-29
 145.535035      2.302  34.388505    14.6049    6.23858      2.283    27.6286    20.3782 -9.990e-29
 145.535041      2.297  34.393326    14.6104    6.24743      2.278    27.6290    20.3774 -9.990e-29
 145.535046      2.291  34.398611    14.6110    6.25194      2.272    27.6333    20.3805 -9.990e-29
 145.535052      2.286  34.399645    14.6068    6.23767      2.267    27.6372    20.3844 -9.990e-29
 145.535058      2.279  34.396132    14.6018    6.19387      2.260    27.6376    20.3857 -9.990e-29
 145.535064      2.272  34.391242    14.6006    6.17173      2.253    27.6341    20.3833 -9.990e-29
 145.535069      2.263  34.389670    14.6017    6.17508      2.244    27.6319    20.3814 -9.990e-29
 145.535075      2.261  34.391003    14.5946    6.21206      2.242    27.6381    20.3876 -9.990e-29
 145.535081      2.274  34.385257    14.5664    6.25450      2.255    27.6531    20.4048 -9.990e-29
 145.535087      2.295  34.361414    14.5214    6.27401      2.276    27.6638    20.4222 -9.990e-29
 145.535093      2.311  34.322441    14.4908    6.26504      2.292    27.6508    20.4183 -9.990e-29
 145.535098      2.315  34.295406    14.4982    6.23880      2.296    27.6214    20.3942 -9.990e-29
 145.535104      2.308  34.304230    14.5303    6.22748      2.289    27.6065    20.3763 -9.990e-29
 145.535110      2.302  34.334894    14.5607    6.23088      2.283    27.6122    20.3745 -9.990e-29
 145.535116      2.305  34.359910    14.5726    6.24174      2.286    27.6261    20.3828 -9.990e-29
 145.535122      2.313  34.366688    14.5660    6.24469      2.294    27.6368    20.3924 -9.990e-29
 145.535127      2.318  34.359234    14.5575    6.23511      2.299    27.6362    20.3936 -9.990e-29
 145.535133      2.316  34.353397    14.5581    6.22807      2.297    27.6306    20.3892 -9.990e-29
 145.535139      2.311  34.355973    14.5641    6.23074      2.292    27.6286    20.3864 -9.990e-29
 145.535145      2.308  34.361990    14.5700    6.24489      2.289    27.6298    20.3861 -9.990e-29
 145.535150      2.305  34.367147    14.5714    6.25000      2.286    27.6334    20.3886 -9.990e-29
 145.535156      2.303  34.368241    14.5670    6.25501      2.284    27.6375    20.3927 -9.990e-29
 145.535162      2.301  34.363934    14.5633    6.24435      2.282    27.6363    20.3925 -9.990e-29
 145.535168      2.300  34.359139    14.5670    6.21988      2.281    27.6294    20.3864 -9.990e-29
 145.535174      2.299  34.361478    14.5775    6.22244      2.280    27.6240    20.3802 -9.990e-29
 145.535179      2.298  34.371835    14.5883    6.23912      2.279    27.6255    20.3792 -9.990e-29
 145.535185      2.298  34.382165    14.5897    6.25611      2.279    27.6337    20.3852 -9.990e-29
 145.535191      2.297  34.383269    14.5756    6.25057      2.278    27.6447    20.3965 -9.990e-29
 145.535197      2.297  34.369903    14.5582    6.23263      2.278    27.6452    20.4004 -9.990e-29
 145.535203      2.298  34.353399    14.5589    6.22074      2.279    27.6300    20.3886 -9.990e-29
 145.535208      2.298  34.355472    14.5741    6.22405      2.279    27.6210    20.3786 -9.990e-29
 145.535214      2.299  34.371040    14.5830    6.23279      2.280    27.6286    20.3826 -9.990e-29
 145.535220      2.300  34.378828    14.5753    6.24384      2.281    27.6410    20.3937 -9.990e-29
 145.535226      2.301  34.371856    14.5570    6.24370      2.282    27.6478    20.4026 -9.990e-29
 145.535231      2.303  34.357090    14.5436    6.23092      2.284    27.6442    20.4026 -9.990e-29
 145.535237      2.306  34.347356    14.5431    6.22106      2.287    27.6358    20.3963 -9.990e-29
 145.535243      2.309  34.348175    14.5526    6.21693      2.290    27.6298    20.3897 -9.990e-29
 145.535249      2.314  34.356718    14.5625    6.23473      2.295    27.6304    20.3881 -9.990e-29
 145.535255      2.324  34.364765    14.5570    6.24421      2.305    27.6415    20.3978 -9.990e-29
 145.535260      2.344  34.357831    14.5340    6.24015      2.324    27.6516    20.4102 -9.990e-29
 145.535266      2.367  34.336208    14.5150    6.23054      2.347    27.6459    20.4096 -9.990e-29
 145.535272      2.382  34.320394    14.5154    6.22007      2.362    27.6315    20.3985 -9.990e-29
 145.535278      2.391  34.322370    14.5261    6.22789      2.371    27.6256    20.3918 -9.990e-29
 145.535284      2.401  34.333003    14.5269    6.24597      2.381    27.6345    20.3985 -9.990e-29
 145.535289      2.417  34.333970    14.5149    6.25591      2.397    27.6439    20.4082 -9.990e-29
 145.535295      2.438  34.322647    14.5056    6.25150      2.418    27.6404    20.4073 -9.990e-29
 145.535301      2.454  34.314209    14.5079    6.25028      2.434    27.6312    20.3998 -9.990e-29
 145.535307      2.468  34.316466    14.5203    6.25808      2.447    27.6244    20.3921 -9.990e-29
 145.535313      2.489  34.327384    14.5345    6.29735      2.468    27.6241    20.3890 -9.990e-29
 145.535318      2.527  34.339108    14.5391    6.32148      2.506    27.6312    20.3935 -9.990e-29
 145.535324      2.592  34.341498    14.5324    6.29862      2.570    27.6381    20.4002 -9.990e-29
 145.535330      2.684  34.335507    14.5214    6.22761      2.662    27.6406    20.4043 -9.990e-29
 145.535336      2.793  34.327167    14.5115    6.12882      2.770    27.6401    20.4060 -9.990e-29
 145.535341      2.917  34.319374    14.5022    6.08029      2.893    27.6398    20.4075 -9.990e-29
 145.535347      3.067  34.312387    14.4785    6.08234      3.041    27.6503    20.4205 0.0000e+00
 145.535353      3.262  34.294093    14.4049    6.10576      3.235    27.6864    20.4630 0.0000e+00
 145.535359      3.510  34.233942    14.2647    6.13886      3.481    27.7327    20.5266 0.0000e+00
 145.535365      3.806  34.120119    14.1041    6.12757      3.774    27.7454    20.5684 0.0000e+00
 145.535370      4.146  33.998703    13.9818    6.14693      4.111    27.7237    20.5758 0.0000e+00
 145.535376      4.528  33.919080    13.9076    6.17757      4.490    27.7050    20.5759 0.0000e+00
 145.535382      4.940  33.879868    13.8620    6.18425      4.899    27.7022    20.5826 0.0000e+00
 145.535388      5.379  33.866316    13.8291    6.14959      5.334    27.7135    20.5978 0.0000e+00
 145.535394      5.840  33.883330    13.7989    6.06760      5.791    27.7505    20.6322 0.0000e+00
 145.535399      6.308  33.937178    13.7620    5.99470      6.255    27.8259    20.6975 0.0000e+00
 145.535405      6.776  34.025158    13.7075    5.99201      6.719    27.9453    20.8002 0.0000e+00
 145.535411      7.238  34.165173    13.6229    6.04847      7.177    28.1346    20.9626 0.0000e+00
 145.535417      7.694  34.402038    13.4798    6.15005      7.630    28.4568    21.2389 0.0000e+00
 145.535422      8.153  34.851801    13.2689    6.24100      8.085    29.0294    21.7215 0.0000e+00
 145.535428      8.620  35.537878    13.0528    6.29669      8.548    29.8329    22.3838 0.0000e+00
 145.535434      9.098  36.179266    12.9016    6.32371      9.022    30.5528    22.9694 0.0000e+00
 145.535440      9.581  36.543469    12.8219    6.33485      9.501    30.9597    23.2994 0.0000e+00
 145.535446     10.066  36.688784    12.7861    6.34333      9.982    31.1258    23.4349 0.0000e+00
 145.535451     10.551  36.737707    12.7706    6.35159     10.463    31.1846    23.4833 0.0000e+00
 145.535457     11.035  36.752072    12.7628    6.36415     10.943    31.2044    23.5002 0.0000e+00
 145.535463     11.524  36.754370    12.7569    6.36326     11.428    31.2113    23.5066 0.0000e+00
 145.535469     12.019  36.753248    12.7522    6.35072     11.918    31.2139    23.5096 0.0000e+00
 145.535475     12.518  36.752236    12.7490    6.33789     12.413    31.2154    23.5113 0.0000e+00
 145.535480     13.018  36.751642    12.7457    6.32234     12.909    31.2174    23.5135 0.0000e+00
 145.535486     13.516  36.750650    12.7397    6.30449     13.403    31.2212    23.5176 0.0000e+00
 145.535492     14.016  36.747915    12.7258    6.28077     13.899    31.2299    23.5271 0.0000e+00
 145.535498     14.518  36.740328    12.6962    6.24934     14.396    31.2470    23.5460 0.0000e+00
 145.535503     15.020  36.722796    12.6482    6.21248     14.894    31.2700    23.5730 0.0000e+00
 145.535509     15.524  36.693789    12.5905    6.17206     15.394    31.2903    23.5996 0.0000e+00
 145.535515     16.032  36.660584    12.5311    6.15156     15.898    31.3080    23.6246 0.0000e+00
 145.535521     16.539  36.631023    12.4645    6.13966     16.400    31.3352    23.6582 0.0000e+00
 145.535527     17.038  36.604349    12.3847    6.14165     16.895    31.3762    23.7050 0.0000e+00
 145.535532     17.530  36.577487    12.2936    6.15811     17.383    31.4266    23.7612 0.0000e+00
 145.535538     18.018  36.548229    12.1954    6.15493     17.867    31.4809    23.8216 0.0000e+00
 145.535544     18.499  36.509491    12.1013    6.13339     18.344    31.5228    23.8716 0.0000e+00
 145.535550     18.967  36.461731    12.0275    6.08755     18.808    31.5391    23.8978 0.0000e+00
 145.535556     19.425  36.420850    11.9793    6.02762     19.262    31.5403    23.9077 0.0000e+00
 145.535561     19.874  36.397343    11.9427    5.96283     19.707    31.5485    23.9208 0.0000e+00
 145.535567     20.318  36.382822    11.8924    5.89668     20.147    31.5769    23.9521 0.0000e+00
 145.535573     20.764  36.360700    11.8120    5.83787     20.590    31.6236    24.0030 0.0000e+00
 145.535579     21.224  36.319400    11.7088    5.76730     21.046    31.6713    24.0588 0.0000e+00
 145.535584     21.699  36.261020    11.6016    5.68371     21.517    31.7060    24.1052 0.0000e+00
 145.535590     22.188  36.198518    11.4983    5.59424     22.002    31.7334    24.1451 0.0000e+00
 145.535596     22.690  36.138225    11.3987    5.50778     22.499    31.7599    24.1835 0.0000e+00
