data/oxygen options/ONMS/Olympic_Coast_National_Marine_Sanctuary_Hypoxia_Survey_CTD_Data_2004_2015/raw_data/2005/CTD_CA60_083005faedb.cnv
* Sea-Bird SBE19 Data File:
* FileName = C:\hypoxia CTD data\CA60_083005.hex
* Software Version 1.1.5
* Temperature SN = 2997
* Conductivity SN = 2997
* System UpLoad Time = Aug 30 2005 17:24:38
** Cape Alava 60m 083005
* SEACAT PROFILER V3.1c SN 2997   08/30/05  17:22:56.333
# nquan = 9
# nvalues = 58                          
# units = specified
# name 0 = timeJ: Julian Days
# name 1 = prSM: Pressure, Strain Gauge [db]
# name 2 = c0mS/cm: Conductivity [mS/cm]
# name 3 = t090C: Temperature [ITS-90, deg C]
# name 4 = oxML/L: Oxygen, Beckman/YSI [ml/l]
# name 5 = depSM: Depth [salt water, m], lat = 47.5
# name 6 = sal00: Salinity, Practical [PSU]
# name 7 = sigma-é00: Density [sigma-theta, kg/m^3]
# name 8 = flag: flag
# span 0 = 242.666146, 242.666866       
# span 1 =      4.000,     61.000       
# span 2 =  34.516544,  39.066264       
# span 3 =     7.7005,    14.6900       
# span 4 =    3.31024,    7.27953       
# span 5 =      3.967,     60.482       
# span 6 =    31.7628,    33.5155       
# span 7 =    23.5435,    26.1521       
# span 8 = 0.0000e+00, 0.0000e+00       
# interval = decibars: 1                
# start_time = Aug 30 2005 15:56:09 [Instrument's time stamp, header]
# bad_flag = -9.990e-29
*END*
 242.666146      4.000  39.065858    14.6900    7.20638      3.967    31.7628    23.5435 0.0000e+00
 242.666163      5.000  39.066264    14.6878    7.20341      4.958    31.7646    23.5454 0.0000e+00
 242.666176      6.000  39.063620    14.6822    7.20992      5.950    31.7663    23.5480 0.0000e+00
 242.666187      7.000  39.059493    14.6735    7.27953      6.941    31.7693    23.5522 0.0000e+00
 242.666199      8.000  39.048536    14.6537    7.24378      7.933    31.7752    23.5609 0.0000e+00
 242.666209      9.000  39.030268    14.6202    6.96678      8.925    31.7856    23.5760 0.0000e+00
 242.666220     10.000  38.988991    14.5481    6.43443      9.916    31.8068    23.6075 0.0000e+00
 242.666231     11.000  38.882046    14.2911    5.87164     10.908    31.9204    23.7487 0.0000e+00
 242.666241     12.000  38.498471    13.6541    5.43710     11.899    32.0966    24.0150 0.0000e+00
 242.666252     13.000  37.972082    13.0847    5.12634     12.891    32.0839    24.1183 0.0000e+00
 242.666263     14.000  37.592337    12.5532    4.94516     13.883    32.1763    24.2926 0.0000e+00
 242.666274     15.000  37.227147    12.0180    4.83539     14.874    32.2863    24.4788 0.0000e+00
 242.666284     16.000  36.945197    11.4580    4.70528     15.866    32.5003    24.7479 0.0000e+00
 242.666295     17.000  36.635901    10.9501    4.48759     16.858    32.6442    24.9507 0.0000e+00
 242.666305     18.000  36.364801    10.6286    4.29955     17.849    32.6611    25.0198 0.0000e+00
 242.666316     19.000  36.173892    10.3619    4.09468     18.840    32.7088    25.1027 0.0000e+00
 242.666327     20.000  35.965024    10.0589    3.92782     19.832    32.7711    25.2024 0.0000e+00
 242.666338     21.000  35.771470     9.8125    3.83554     20.824    32.7979    25.2642 0.0000e+00
 242.666349     22.000  35.594656     9.5903    3.79068     21.815    32.8195    25.3174 0.0000e+00
 242.666360     23.000  35.437594     9.4349    3.82501     22.807    32.8000    25.3273 0.0000e+00
 242.666371     24.000  35.347170     9.3379    3.94546     23.798    32.7954    25.3392 0.0000e+00
 242.666381     25.000  35.257915     9.2159    4.05930     24.790    32.8148    25.3738 0.0000e+00
 242.666393     26.000  35.136294     9.0867    4.10605     25.781    32.8074    25.3884 0.0000e+00
 242.666404     27.000  35.062482     8.9937    4.10532     26.773    32.8160    25.4097 0.0000e+00
 242.666417     28.000  35.001817     8.8856    4.03792     27.765    32.8523    25.4550 0.0000e+00
 242.666428     29.000  34.961463     8.8083    3.89083     28.755    32.8814    25.4897 0.0000e+00
 242.666440     30.000  34.955822     8.7668    3.88439     29.747    32.9136    25.5213 0.0000e+00
 242.666453     31.000  34.912813     8.6310    4.22806     30.739    32.9946    25.6055 0.0000e+00
 242.666465     32.000  34.749537     8.4261    4.45405     31.730    33.0139    25.6517 0.0000e+00
 242.666477     33.000  34.644739     8.3244    4.58612     32.722    32.9981    25.6545 0.0000e+00
 242.666488     34.000  34.599194     8.2796    4.67526     33.713    32.9914    25.6560 0.0000e+00
 242.666500     35.000  34.571925     8.2488    4.74659     34.705    32.9910    25.6602 0.0000e+00
 242.666512     36.000  34.549706     8.2221    4.80492     35.696    32.9921    25.6650 0.0000e+00
 242.666523     37.000  34.535579     8.1994    4.83512     36.688    32.9980    25.6731 0.0000e+00
 242.666535     38.000  34.524163     8.1756    4.85541     37.679    33.0078    25.6843 0.0000e+00
 242.666546     39.000  34.516893     8.1553    4.86574     38.671    33.0187    25.6958 0.0000e+00
 242.666558     40.000  34.516544     8.1436    4.84974     39.662    33.0290    25.7056 0.0000e+00
 242.666569     41.000  34.521218     8.1363    4.84281     40.654    33.0403    25.7156 0.0000e+00
 242.666580     42.000  34.528451     8.1307    4.80945     41.645    33.0528    25.7262 0.0000e+00
 242.666591     43.000  34.538005     8.1250    4.74232     42.637    33.0679    25.7389 0.0000e+00
 242.666602     44.000  34.540716     8.0958    4.59860     43.628    33.0978    25.7667 0.0000e+00
 242.666614     45.000  34.549565     8.0441    4.39681     44.620    33.1557    25.8198 0.0000e+00
 242.666624     46.000  34.566335     7.9964    4.20364     45.611    33.2183    25.8759 0.0000e+00
 242.666635     47.000  34.580332     7.9510    4.07440     46.603    33.2760    25.9278 0.0000e+00
 242.666646     48.000  34.590542     7.9199    4.00965     47.594    33.3161    25.9638 0.0000e+00
 242.666658     49.000  34.596183     7.9032    3.95337     48.585    33.3376    25.9832 0.0000e+00
 242.666670     50.000  34.596059     7.8650    3.87514     49.577    33.3734    26.0169 0.0000e+00
 242.666683     51.000  34.597970     7.8090    3.66934     50.568    33.4286    26.0683 0.0000e+00
 242.666695     52.000  34.595082     7.7470    3.42330     51.559    33.4845    26.1212 0.0000e+00
 242.666708     53.000  34.589385     7.7151    3.32995     52.550    33.5087    26.1448 0.0000e+00
 242.666721     54.000  34.587592     7.7065    3.31370     53.543    33.5145    26.1506 0.0000e+00
 242.666733     55.000  34.586337     7.7041    3.31151     54.534    33.5149    26.1513 0.0000e+00
 242.666745     56.000  34.585385     7.7020    3.31024     55.525    33.5155    26.1521 0.0000e+00
 242.666758     57.000  34.584613     7.7010    3.33218     56.516    33.5152    26.1521 0.0000e+00
 242.666772     58.000  34.584835     7.7019    3.32292     57.508    33.5141    26.1510 0.0000e+00
 242.666788     59.000  34.586289     7.7050    3.33131     58.499    33.5122    26.1491 0.0000e+00
 242.666810     60.000  34.587527     7.7045    3.32017     59.491    33.5135    26.1502 0.0000e+00
 242.666866     61.000  34.582581     7.7005    3.32180     60.482    33.5115    26.1493 0.0000e+00
