data/oxygen options/ONMS/Olympic_Coast_National_Marine_Sanctuary_Hypoxia_Survey_CTD_Data_2004_2015/raw_data/2005/CTD_CE10_062105faed.cnv
* Sea-Bird SBE19 Data File:
* FileName = C:\hypoxia CTD data\CE10_062105.hex
* Software Version 1.1.5
* Temperature SN = 2997
* Conductivity SN = 2997
* System UpLoad Time = Jun 21 2005 16:18:25
* SEACAT PROFILER V3.1c SN 2997   06/21/05  16:17:44.263
* strain gauge pressure sensor: S/N = 184829,  range = 3000 psia,  tc = 40
# nquan = 9                                 
# nvalues = 509                         
# units = specified
# name 0 = timeJ: Julian Days
# name 1 = prSM: Pressure, Strain Gauge [db]
# name 2 = c0mS/cm: Conductivity [mS/cm]
# name 3 = t090C: Temperature [ITS-90, deg C]
# name 4 = oxML/L: Oxygen, Beckman/YSI [ml/l]
# name 5 = depSM: Depth [salt water, m], lat = 47.5
# name 6 = sal00: Salinity, Practical [PSU]
# name 7 = sigma-é00: Density [sigma-theta, kg/m^3]
# name 8 = flag: flag
# span 0 = 172.460903, 172.463843       
# span 1 =     -4.344,      9.522       
# span 2 =   0.005669,  36.808687       
# span 3 =    14.0389,    17.5625       
# span 4 =   -0.10893,   23.04982       
# span 5 =     -4.308,      9.442       
# span 6 =     0.0104,    30.0037       
# span 7 =    -1.3148,    22.3220       
# span 8 = 0.0000e+00, 0.0000e+00       
# interval = seconds: 0.5
# start_time = Jun 21 2005 11:03:42 [Instrument's time stamp, header]
# bad_flag = -9.990e-29
*END*
[from data line 481]
 172.463686      5.086  36.748912    15.8178    6.34677      5.043    28.8342    21.0507 0.0000e+00
 172.463692      4.656  36.598199    15.8171    6.26099      4.617    28.7036    20.9506 0.0000e+00
 172.463698      4.227  36.271760    15.8071    6.14901      4.192    28.4269    20.7404 0.0000e+00
 172.463704      3.806  35.887679    15.8182    6.03071      3.774    28.0854    20.4760 0.0000e+00
 172.463709      3.404  35.588735    15.8333    5.86725      3.376    27.8155    20.2657 0.0000e+00
 172.463715      3.026  35.384689    15.8458    5.68289      3.001    27.6302    20.1209 0.0000e+00
 172.463721      2.678  35.243387    15.8562    5.72323      2.656    27.5008    20.0194 0.0000e+00
 172.463727      2.366  35.165051    15.8808    5.87745      2.346    27.4161    19.9492 0.0000e+00
 172.463733      2.098  35.088819    15.9334    6.46823      2.080    27.3142    19.8597 0.0000e+00
 172.463738      1.872  34.954527    15.9770    7.34343      1.856    27.1686    19.7387 0.0000e+00
 172.463744      1.680  34.881290    15.9664    7.48483      1.666    27.1128    19.6982 0.0000e+00
 172.463750      1.512  34.962030    15.9137    7.48073      1.499    27.2185    19.7906 0.0000e+00
 172.463756      1.372  35.069577    15.8574    7.49729      1.361    27.3501    19.9035 -9.990e-29
 172.463762      1.267  35.115292    15.8188    7.58540      1.256    27.4163    19.9626 -9.990e-29
 172.463767      1.195  35.102387    15.7967    7.55668      1.185    27.4205    19.9704 -9.990e-29
 172.463773      1.142  34.980016    15.7817    7.50508      1.132    27.3249    19.9003 -9.990e-29
 172.463779      1.102  34.558669    15.7691    7.46012      1.093    26.9691    19.6301 -9.990e-29
 172.463785      1.071  33.249641    15.7578    7.44465      1.062    25.8481    18.7730 -9.990e-29
 172.463791      1.047  29.267206    15.7492 -9.990e-29      1.038    22.4582    16.1777 -9.990e-29
 172.463796      1.030  21.130531    15.7445 -9.990e-29      1.021    15.7153    11.0204 -9.990e-29
 172.463802      1.018  12.009654    15.7432 -9.990e-29      1.010     8.5091     5.5128 -9.990e-29
 172.463808      1.006   6.623289    15.7437 -9.990e-29      0.998     4.4867     2.4347 -9.990e-29
 172.463814      0.989   4.765511    15.7450 -9.990e-29      0.981     3.1566     1.4149 -9.990e-29
 172.463819      0.970   4.000466    15.7464 -9.990e-29      0.962     2.6202     1.0030 -9.990e-29
 172.463825      0.957   3.355280    15.7478 -9.990e-29      0.949     2.1739     0.6600 -9.990e-29
 172.463831      0.952   2.777867    15.7491 -9.990e-29      0.944     1.7798     0.3570 -9.990e-29
 172.463837      0.952   2.375217    15.7497 -9.990e-29      0.944     1.5085     0.1482 -9.990e-29
 172.463843      0.952   2.133973 -9.990e-29 -9.990e-29      0.944 -9.990e-29 -9.990e-29 -9.990e-29
