data/oxygen options/ONMS/Olympic_Coast_National_Marine_Sanctuary_Hypoxia_Survey_CTD_Data_2004_2015/raw_data/2005/CTD_CA80_070705faed.cnv
* Sea-Bird SBE19 Data File:
* FileName = C:\Hypoxia Data\CA80_070705.hex
* Software Version 1.1.6
* Temperature SN = 2997
* Conductivity SN = 2997
* System UpLoad Time = Jul 07 2005 13:55:14
* SEACAT PROFILER V3.1c SN 2997   07/07/05  13:54:41.695
* strain gauge pressure sensor: S/N = 184829,  range = 3000 psia,  tc = 40
# nquan = 9                                 
# nvalues = 739                         
# units = specified
# name 0 = timeJ: Julian Days
# name 1 = prSM: Pressure, Strain Gauge [db]
# name 2 = c0mS/cm: Conductivity [mS/cm]
# name 3 = t090C: Temperature [ITS-90, deg C]
# name 4 = oxML/L: Oxygen, Beckman/YSI [ml/l]
# name 5 = depSM: Depth [salt water, m], lat = 47.5
# name 6 = sal00: Salinity, Practical [PSU]
# name 7 = sigma-é00: Density [sigma-theta, kg/m^3]
# name 8 = flag: flag
# span 0 = 188.548715, 188.552986       
# span 1 =     -2.167,     81.605       
# span 2 =   4.080981,  37.897398       
# span 3 =     7.5793,    14.3142       
# span 4 =   -0.09870,   26.03091       
# span 5 =     -2.149,     80.908       
# span 6 =     2.7797,    33.8026       
# span 7 =     1.3607,    26.3954       
# span 8 = 0.0000e+00, 0.0000e+00       
# interval = seconds: 0.5
# start_time = Jul 07 2005 13:10:09 [Instrument's time stamp, header]
# bad_flag = -9.990e-29
*END*
[from data line 321]
 188.550573      2.750  37.785944    13.8810    8.50530      2.727    31.2543    23.3185 -9.990e-29
 188.550579      2.754  37.785959    13.8837    8.48511      2.731    31.2521    23.3162 -9.990e-29
 188.550584      2.748  37.789138    13.8858    8.48562      2.725    31.2533    23.3168 -9.990e-29
 188.550590      2.746  37.791312    13.8839    8.51755      2.723    31.2568    23.3199 -9.990e-29
 188.550596      2.751  37.789219    13.8774    8.54248      2.728    31.2602    23.3238 -9.990e-29
 188.550602      2.755  37.782880    13.8696    8.53904      2.732    31.2607    23.3258 -9.990e-29
 188.550608      2.755  37.775624    13.8657    8.52713      2.732    31.2572    23.3238 -9.990e-29
 188.550613      2.749  37.771802    13.8685    8.51387      2.726    31.2514    23.3188 -9.990e-29
 188.550619      2.743  37.774735    13.8748    8.51273      2.720    31.2490    23.3157 -9.990e-29
 188.550625      2.744  37.782170    13.8775    8.52619      2.721    31.2536    23.3187 -9.990e-29
 188.550631      2.752  37.784958    13.8762    8.53509      2.729    31.2573    23.3218 -9.990e-29
 188.550637      2.760  37.781775    13.8752    8.53600      2.737    31.2551    23.3203 -9.990e-29
 188.550642      2.762  37.780160    13.8763    8.52378      2.739    31.2528    23.3183 -9.990e-29
 188.550648      2.761  37.781892    13.8787    8.51078      2.738    31.2524    23.3175 -9.990e-29
 188.550654      2.759  37.784236    13.8793    8.50740      2.736    31.2541    23.3187 -9.990e-29
 188.550660      2.766  37.784157    13.8757    8.52370      2.743    31.2569    23.3216 -9.990e-29
 188.550666      2.782  37.780434    13.8700    8.54497      2.759    31.2581    23.3237 -9.990e-29
 188.550671      2.798  37.775962    13.8665    8.54441      2.775    31.2569    23.3234 -9.990e-29
 188.550677      2.809  37.773754    13.8670    8.53155      2.786    31.2544    23.3214 -9.990e-29
 188.550683      2.809  37.774798    13.8706    8.50735      2.786    31.2524    23.3192 -9.990e-29
 188.550689      2.804  37.778245    13.8746    8.50610      2.781    31.2524    23.3183 -9.990e-29
 188.550694      2.801  37.781408    13.8761    8.51397      2.778    31.2541    23.3193 -9.990e-29
 188.550700      2.804  37.782341    13.8755    8.52081      2.781    31.2554    23.3205 -9.990e-29
 188.550706      2.811  37.781736    13.8749    8.52410      2.788    31.2553    23.3205 -9.990e-29
 188.550712      2.816  37.781034    13.8750    8.52958      2.792    31.2546    23.3200 -9.990e-29
 188.550718      2.820  37.780986    13.8756    8.52505      2.796    31.2541    23.3194 -9.990e-29
 188.550723      2.828  37.781534    13.8760    8.51508      2.804    31.2542    23.3195 -9.990e-29
 188.550729      2.844  37.782293    13.8760    8.51646      2.820    31.2549    23.3200 -9.990e-29
 188.550735      2.865  37.782599    13.8762    8.52488      2.841    31.2550    23.3201 -9.990e-29
 188.550741      2.884  37.782303    13.8768    8.53833      2.860    31.2543    23.3193 -9.990e-29
 188.550747      2.898  37.782699    13.8774    8.53636      2.874    31.2541    23.3191 -9.990e-29
 188.550752      2.912  37.783759    13.8784    8.52687      2.888    31.2543    23.3190 -9.990e-29
 188.550758      2.931  37.784661    13.8802    8.52241      2.907    31.2537    23.3182 -9.990e-29
 188.550764      2.956  37.786051    13.8833    8.55831      2.931    31.2524    23.3166 -9.990e-29
 188.550770      2.990  37.788667    13.8870    8.55761      2.965    31.2518    23.3154 -9.990e-29
 188.550775      3.033  37.791518    13.8885    8.57247      3.008    31.2532    23.3161 -9.990e-29
 188.550781      3.089  37.792243    13.8872    8.59922      3.063    31.2549    23.3177 -9.990e-29
 188.550787      3.161  37.790692    13.8841    8.63144      3.135    31.2560    23.3192 -9.990e-29
 188.550793      3.255  37.788167    13.8775    8.67130      3.228    31.2590    23.3228 -9.990e-29
 188.550799      3.371  37.782990    13.8646    8.69297      3.343    31.2647    23.3298 -9.990e-29
 188.550804      3.508  37.772190    13.8449    8.72287      3.479    31.2707    23.3385 0.0000e+00
 188.550810      3.676  37.757635    13.8087    8.66317      3.645    31.2867    23.3582 0.0000e+00
 188.550816      3.894  37.740111    13.7427    8.37130      3.861    31.3243    23.4005 0.0000e+00
 188.550822      4.174  37.702426    13.6511    7.85563      4.139    31.3643    23.4498 0.0000e+00
 188.550828      4.515  37.628594    13.5363    7.14823      4.477    31.3900    23.4925 0.0000e+00
 188.550833      4.898  37.530178    13.3819    6.46754      4.857    31.4254    23.5505 0.0000e+00
 188.550839      5.310  37.423986    13.1473    5.96135      5.266    31.5201    23.6699 0.0000e+00
 188.550845      5.748  37.282698    12.8080    5.59446      5.700    31.6700    23.8517 0.0000e+00
 188.550851      6.209  37.065331    12.4129    5.36455      6.157    31.7963    24.0250 0.0000e+00
 188.550856      6.684  36.799971    12.0321    5.16832      6.628    31.8656    24.1500 0.0000e+00
 188.550862      7.164  36.544318    11.7106    4.97802      7.104    31.8936    24.2308 0.0000e+00
 188.550868      7.647  36.334224    11.4645    4.80468      7.583    31.9008    24.2809 0.0000e+00
 188.550874      8.129  36.181612    11.2516    4.61804      8.061    31.9353    24.3458 0.0000e+00
 188.550880      8.611  36.050578    11.0139    4.44394      8.539    32.0127    24.4479 0.0000e+00
 188.550885      9.097  35.902042    10.7425    4.27455      9.021    32.1029    24.5653 0.0000e+00
 188.550891      9.589  35.737512    10.4610    4.15924      9.509    32.1866    24.6788 0.0000e+00
 188.550897     10.084  35.572474    10.2052    4.08285     10.000    32.2476    24.7695 0.0000e+00
 188.550903     10.578  35.426209    10.0043    4.03430     10.489    32.2788    24.8272 0.0000e+00
 188.550909     11.070  35.312185     9.8540    4.02702     10.977    32.2974    24.8665 0.0000e+00
 188.550914     11.557  35.225190     9.7414    4.03689     11.460    32.3097    24.8945 0.0000e+00
 188.550920     12.039  35.157942     9.6673    4.05402     11.938    32.3075    24.9048 0.0000e+00
 188.550926     12.517  35.113236     9.6259    4.08221     12.412    32.2988    24.9048 0.0000e+00
 188.550932     12.983  35.088611     9.6035    4.10275     12.874    32.2936    24.9043 0.0000e+00
 188.550938     13.434  35.075312     9.5937    4.11347     13.321    32.2886    24.9020 0.0000e+00
 188.550943     13.875  35.071841     9.5900    4.10222     13.759    32.2882    24.9023 0.0000e+00
 188.550949     14.318  35.075793     9.5786    4.08469     14.198    32.3023    24.9151 0.0000e+00
 188.550955     14.770  35.078406     9.5529    4.04171     14.646    32.3279    24.9393 0.0000e+00
 188.550961     15.230  35.076422     9.5150    3.98301     15.102    32.3599    24.9704 0.0000e+00
 188.550966     15.697  35.069980     9.4642    3.91319     15.565    32.3990    25.0090 0.0000e+00
 188.550972     16.175  35.054396     9.3995    3.85081     16.039    32.4413    25.0525 0.0000e+00
 188.550978     16.664  35.028489     9.3272    3.80398     16.524    32.4801    25.0943 0.0000e+00
 188.550984     17.158  34.998614     9.2595    3.77417     17.014    32.5106    25.1289 0.0000e+00
 188.550990     17.649  34.973680     9.2053    3.75236     17.501    32.5341    25.1558 0.0000e+00
 188.550995     18.139  34.957411     9.1639    3.73784     17.987    32.5548    25.1786 0.0000e+00
 188.551001     18.629  34.946586     9.1322    3.73030     18.473    32.5724    25.1973 0.0000e+00
 188.551007     19.115  34.937959     9.1097    3.73004     18.955    32.5838    25.2097 0.0000e+00
 188.551013     19.600  34.931217     9.0952    3.73129     19.435    32.5899    25.2168 0.0000e+00
 188.551019     20.083  34.926318     9.0850    3.73952     19.914    32.5939    25.2215 0.0000e+00
 188.551024     20.561  34.922875     9.0760    3.74548     20.388    32.5984    25.2264 0.0000e+00
 188.551030     21.036  34.920202     9.0674    3.74151     20.859    32.6032    25.2316 0.0000e+00
 188.551036     21.507  34.917521     9.0599    3.73798     21.326    32.6071    25.2358 0.0000e+00
 188.551042     21.969  34.915165     9.0554    3.73489     21.784    32.6086    25.2377 0.0000e+00
 188.551047     22.424  34.913898     9.0547    3.72441     22.236    32.6077    25.2371 0.0000e+00
 188.551053     22.873  34.914253     9.0527    3.72084     22.681    32.6097    25.2390 0.0000e+00
 188.551059     23.319  34.914446     9.0418    3.72112     23.123    32.6197    25.2485 0.0000e+00
 188.551065     23.767  34.911355     9.0233    3.72063     23.567    32.6333    25.2620 0.0000e+00
 188.551071     24.217  34.905326     9.0054    3.70966     24.013    32.6432    25.2726 0.0000e+00
 188.551076     24.674  34.899515     8.9928    3.70271     24.467    32.6486    25.2787 0.0000e+00
 188.551082     25.136  34.895683     8.9839    3.68884     24.925    32.6525    25.2833 0.0000e+00
 188.551088     25.599  34.893184     8.9757    3.67798     25.384    32.6573    25.2882 0.0000e+00
 188.551094     26.059  34.890909     8.9672    3.67584     25.840    32.6625    25.2937 0.0000e+00
 188.551100     26.513  34.888613     8.9579    3.66484     26.290    32.6685    25.2998 0.0000e+00
 188.551105     26.966  34.886579     8.9474    3.65355     26.739    32.6758    25.3072 0.0000e+00
 188.551111     27.421  34.884881     8.9374    3.63528     27.190    32.6830    25.3144 0.0000e+00
 188.551117     27.881  34.883479     8.9284    3.62940     27.646    32.6896    25.3209 0.0000e+00
 188.551123     28.345  34.881607     8.9172    3.62829     28.107    32.6978    25.3291 0.0000e+00
 188.551128     28.809  34.877870     8.9022    3.59485     28.567    32.7075    25.3390 0.0000e+00
 188.551134     29.272  34.872313     8.8846    3.57576     29.026    32.7177    25.3497 0.0000e+00
 188.551140     29.743  34.865918     8.8650    3.57067     29.493    32.7289    25.3615 0.0000e+00
 188.551146     30.226  34.859109     8.8442    3.55678     29.972    32.7408    25.3740 0.0000e+00
 188.551152     30.713  34.852317     8.8235    3.54806     30.454    32.7526    25.3865 0.0000e+00
 188.551157     31.196  34.846556     8.8060    3.52921     30.933    32.7625    25.3970 0.0000e+00
 188.551163     31.673  34.843094     8.7960    3.52094     31.406    32.7680    25.4028 0.0000e+00
 188.551169     32.139  34.842901     8.7895    3.52509     31.868    32.7736    25.4081 0.0000e+00
 188.551175     32.598  34.842899     8.7755    3.51510     32.323    32.7863    25.4203 0.0000e+00
 188.551181     33.063  34.839141     8.7560    3.51122     32.784    32.8002    25.4342 0.0000e+00
 188.551186     33.542  34.835011     8.7400    3.47910     33.259    32.8105    25.4447 0.0000e+00
 188.551192     34.035  34.834512     8.7280    3.44911     33.748    32.8209    25.4547 0.0000e+00
 188.551198     34.535  34.835837     8.7142    3.41573     34.244    32.8348    25.4677 0.0000e+00
 188.551204     35.040  34.836248     8.6881    3.37282     34.745    32.8593    25.4908 0.0000e+00
 188.551209     35.552  34.833474     8.6364    3.32864     35.252    32.9042    25.5339 0.0000e+00
 188.551215     36.065  34.823237     8.5626    3.28548     35.761    32.9620    25.5904 0.0000e+00
 188.551221     36.574  34.805321     8.4924    3.23912     36.266    33.0085    25.6375 0.0000e+00
 188.551227     37.076  34.787766     8.4429    3.19945     36.763    33.0362    25.6667 0.0000e+00
 188.551233     37.574  34.775724     8.4087    3.17644     37.257    33.0553    25.6868 0.0000e+00
 188.551238     38.078  34.767124     8.3810    3.14722     37.757    33.0720    25.7041 0.0000e+00
 188.551244     38.594  34.760008     8.3558    3.13452     38.268    33.0879    25.7204 0.0000e+00
 188.551250     39.117  34.753834     8.3315    3.13543     38.787    33.1040    25.7366 0.0000e+00
 188.551256     39.641  34.748198     8.3049    3.11500     39.306    33.1229    25.7554 0.0000e+00
 188.551262     40.166  34.742852     8.2754    3.10353     39.827    33.1448    25.7770 0.0000e+00
 188.551267     40.686  34.737374     8.2496    3.11398     40.342    33.1631    25.7952 0.0000e+00
 188.551273     41.193  34.732285     8.2325    3.10317     40.845    33.1736    25.8059 0.0000e+00
 188.551279     41.684  34.728628     8.2223    3.09112     41.332    33.1791    25.8118 0.0000e+00
 188.551285     42.160  34.726549     8.2170    3.07931     41.804    33.1817    25.8146 0.0000e+00
 188.551291     42.618  34.726060     8.2157    3.07117     42.258    33.1822    25.8152 0.0000e+00
 188.551296     43.061  34.727053     8.2133    3.06988     42.697    33.1853    25.8180 0.0000e+00
 188.551302     43.499  34.727471     8.2015    3.06278     43.131    33.1967    25.8287 0.0000e+00
 188.551308     43.945  34.723931     8.1789    3.03574     43.574    33.2141    25.8457 0.0000e+00
 188.551314     44.409  34.716745     8.1481    3.01010     44.034    33.2354    25.8670 0.0000e+00
 188.551319     44.900  34.708644     8.1089    2.99394     44.520    33.2638    25.8951 0.0000e+00
 188.551325     45.413  34.700020     8.0653    2.98382     45.029    33.2957    25.9266 0.0000e+00
 188.551331     45.940  34.692246     8.0272    2.98641     45.552    33.3235    25.9539 0.0000e+00
 188.551337     46.476  34.686705     7.9984    2.97831     46.083    33.3447    25.9749 0.0000e+00
 188.551343     47.015  34.682149     7.9750    2.95072     46.617    33.3619    25.9918 0.0000e+00
 188.551348     47.554  34.677527     7.9541    2.93844     47.152    33.3767    26.0064 0.0000e+00
 188.551354     48.094  34.672258     7.9364    2.91112     47.687    33.3877    26.0177 0.0000e+00
 188.551360     48.629  34.666585     7.9230    2.90422     48.217    33.3942    26.0247 0.0000e+00
 188.551366     49.156  34.661894     7.9135    2.91008     48.740    33.3980    26.0291 0.0000e+00
 188.551372     49.669  34.658637     7.9064    2.89965     49.249    33.4010    26.0325 0.0000e+00
 188.551377     50.163  34.656375     7.9007    2.89832     49.738    33.4038    26.0356 0.0000e+00
 188.551383     50.640  34.654876     7.8960    2.89514     50.211    33.4065    26.0384 0.0000e+00
 188.551389     51.099  34.653807     7.8930    2.88632     50.666    33.4080    26.0400 0.0000e+00
 188.551395     51.541  34.653407     7.8922    2.91574     51.104    33.4081    26.0402 0.0000e+00
 188.551400     51.971  34.654245     7.8906    2.97773     51.531    33.4104    26.0422 0.0000e+00
 188.551406     52.400  34.655740     7.8858    3.06648     51.956    33.4164    26.0476 0.0000e+00
 188.551412     52.838  34.658750     7.8802    3.17591     52.390    33.4247    26.0550 0.0000e+00
 188.551418     53.292  34.665591     7.8755    3.26858     52.840    33.4363    26.0648 0.0000e+00
 188.551424     53.764  34.675276     7.8686    3.33343     53.308    33.4531    26.0790 0.0000e+00
 188.551429     54.256  34.684447     7.8571    3.36246     53.796    33.4737    26.0969 0.0000e+00
 188.551435     54.760  34.689619     7.8427    3.37592     54.296    33.4929    26.1140 0.0000e+00
 188.551441     55.269  34.689820     7.8268    3.35558     54.800    33.5081    26.1283 0.0000e+00
 188.551447     55.782  34.687541     7.8098    3.30775     55.309    33.5217    26.1415 0.0000e+00
 188.551453     56.297  34.684211     7.7927    3.26133     55.820    33.5344    26.1539 0.0000e+00
 188.551458     56.813  34.679855     7.7769    3.22573     56.331    33.5446    26.1642 0.0000e+00
 188.551464     57.325  34.675371     7.7641    3.20479     56.839    33.5519    26.1718 0.0000e+00
 188.551470     57.821  34.672049     7.7555    3.21519     57.330    33.5564    26.1765 0.0000e+00
 188.551476     58.295  34.670484     7.7504    3.20972     57.800    33.5594    26.1796 0.0000e+00
 188.551481     58.748  34.670250     7.7482    3.21025     58.249    33.5610    26.1813 0.0000e+00
 188.551487     59.183  34.670459     7.7468    3.21451     58.681    33.5624    26.1825 0.0000e+00
