data/oxygen options/ONMS/Olympic_Coast_National_Marine_Sanctuary_Hypoxia_Survey_CTD_Data_2004_2015/raw_data/2005/CTD_TH70_070705faedb.cnv
* Sea-Bird SBE19 Data File:
* FileName = C:\Hypoxia Data\TH70_070705.hex
* Software Version 1.1.6
* Temperature SN = 2997
* Conductivity SN = 2997
* System UpLoad Time = Jul 07 2005 10:54:13
* SEACAT PROFILER V3.1c SN 2997   07/07/05  10:53:41.421
* strain gauge pressure sensor: S/N = 184829,  range = 3000 psia,  tc = 40
# nquan = 9
# nvalues = 66                          
# units = specified
# name 0 = timeJ: Julian Days
# name 1 = prSM: Pressure, Strain Gauge [db]
# name 2 = c0mS/cm: Conductivity [mS/cm]
# name 3 = t090C: Temperature [ITS-90, deg C]
# name 4 = oxML/L: Oxygen, Beckman/YSI [ml/l]
# name 5 = depSM: Depth [salt water, m], lat = 47.5
# name 6 = sal00: Salinity, Practical [PSU]
# name 7 = sigma-é00: Density [sigma-theta, kg/m^3]
# name 8 = flag: flag
# span 0 = 188.448772, 188.449568       
# span 1 =      4.000,     69.000       
# span 2 =  34.787516,  37.884886       
# span 3 =     7.8421,    14.2472       
# span 4 =    3.20946,    7.93651       
# span 5 =      3.967,     68.413       
# span 6 =    31.0089,    33.5917       
# span 7 =    23.0546,    26.1919       
# span 8 = 0.0000e+00, 0.0000e+00       
# interval = decibars: 1                
# start_time = Jul 07 2005 10:42:53 [Instrument's time stamp, header]
# bad_flag = -9.990e-29
*END*
 188.448772      4.000  37.841716    14.2472    7.90094      3.967    31.0089    23.0546 0.0000e+00
 188.448794      5.000  37.845092    14.0949    7.93651      4.958    31.1344    23.1826 0.0000e+00
 188.448809      6.000  37.868788    13.9526    7.83257      5.950    31.2711    23.3170 0.0000e+00
 188.448821      7.000  37.884886    13.8592    7.71689      6.941    31.3615    23.4058 0.0000e+00
 188.448834      8.000  37.871177    13.7048    7.55351      7.933    31.4750    23.5245 0.0000e+00
 188.448846      9.000  37.819509    13.5740    7.40229      8.925    31.5343    23.5967 0.0000e+00
 188.448858     10.000  37.763989    13.4560    7.26080      9.917    31.5799    23.6553 0.0000e+00
 188.448869     11.000  37.682954    13.2714    7.20135     10.908    31.6571    23.7516 0.0000e+00
 188.448880     12.000  37.568280    13.1034    7.08781     11.899    31.6893    23.8095 0.0000e+00
 188.448892     13.000  37.509495    12.9406    6.72119     12.891    31.7699    23.9036 0.0000e+00
 188.448902     14.000  37.441473    12.7240    6.15171     13.883    31.8877    24.0367 0.0000e+00
 188.448913     15.000  37.266733    12.3067    5.60352     14.874    32.0759    24.2618 0.0000e+00
 188.448924     16.000  36.950221    11.8121    5.25752     15.866    32.1962    24.4471 0.0000e+00
 188.448935     17.000  36.646808    11.3311    5.07111     16.857    32.3187    24.6298 0.0000e+00
 188.448946     18.000  36.379801    11.0075    4.95326     17.849    32.3396    24.7036 0.0000e+00
 188.448957     19.000  36.276861    10.8602    4.79279     18.840    32.3672    24.7509 0.0000e+00
 188.448968     20.000  36.208207    10.6892    4.65916     19.832    32.4500    24.8449 0.0000e+00
 188.448980     21.000  36.085784    10.4356    4.54024     20.824    32.5532    24.9690 0.0000e+00
 188.448992     22.000  35.893411    10.1527    4.45723     21.815    32.6131    25.0636 0.0000e+00
 188.449005     23.000  35.810426    10.0835    4.42791     22.807    32.5911    25.0580 0.0000e+00
 188.449017     24.000  35.784636    10.0081    4.34427     23.798    32.6327    25.1030 0.0000e+00
 188.449029     25.000  35.709627     9.8640    4.19083     24.790    32.6864    25.1688 0.0000e+00
 188.449040     26.000  35.631329     9.7297    4.06627     25.781    32.7281    25.2234 0.0000e+00
 188.449051     27.000  35.552782     9.5527    3.94762     26.773    32.8088    25.3152 0.0000e+00
 188.449063     28.000  35.444882     9.3527    3.82704     27.764    32.8808    25.4036 0.0000e+00
 188.449073     29.000  35.337319     9.2049    3.73940     28.756    32.9054    25.4465 0.0000e+00
 188.449085     30.000  35.278725     9.0938    3.62367     29.747    32.9469    25.4964 0.0000e+00
 188.449096     31.000  35.207071     8.9252    3.56827     30.739    33.0282    25.5865 0.0000e+00
 188.449108     32.000  35.113722     8.7690    3.58321     31.731    33.0759    25.6480 0.0000e+00
 188.449119     33.000  35.064343     8.6964    3.56897     32.722    33.0915    25.6715 0.0000e+00
 188.449131     34.000  35.039930     8.6541    3.54339     33.714    33.1050    25.6886 0.0000e+00
 188.449143     35.000  35.019799     8.6161    3.53570     34.705    33.1191    25.7054 0.0000e+00
 188.449154     36.000  35.006476     8.5916    3.52771     35.697    33.1276    25.7158 0.0000e+00
 188.449166     37.000  34.998149     8.5768    3.50611     36.687    33.1322    25.7217 0.0000e+00
 188.449178     38.000  34.992213     8.5628    3.48281     37.679    33.1387    25.7288 0.0000e+00
 188.449190     39.000  34.984996     8.5365    3.48191     38.671    33.1552    25.7460 0.0000e+00
 188.449201     40.000  34.977767     8.5189    3.48152     39.662    33.1638    25.7552 0.0000e+00
 188.449212     41.000  34.974180     8.5065    3.47951     40.654    33.1712    25.7630 0.0000e+00
 188.449224     42.000  34.971624     8.4837    3.48148     41.645    33.1894    25.7808 0.0000e+00
 188.449237     43.000  34.965255     8.4689    3.48352     42.637    33.1962    25.7883 0.0000e+00
 188.449251     44.000  34.952743     8.4445    3.50887     43.628    33.2055    25.7993 0.0000e+00
 188.449265     45.000  34.937810     8.4155    3.50650     44.619    33.2166    25.8124 0.0000e+00
 188.449277     46.000  34.933630     8.4062    3.51364     45.611    33.2205    25.8168 0.0000e+00
 188.449287     47.000  34.933668     8.4056    3.54727     46.602    33.2207    25.8171 0.0000e+00
 188.449298     48.000  34.933952     8.4076    3.53627     47.594    33.2187    25.8152 0.0000e+00
 188.449309     49.000  34.935357     8.4058    3.53707     48.585    33.2213    25.8176 0.0000e+00
 188.449319     50.000  34.934658     8.4043    3.54150     49.577    33.2216    25.8181 0.0000e+00
 188.449331     51.000  34.932757     8.4011    3.53753     50.568    33.2221    25.8190 0.0000e+00
 188.449343     52.000  34.929688     8.3927    3.55488     51.559    33.2264    25.8235 0.0000e+00
 188.449355     53.000  34.925308     8.3778    3.58989     52.551    33.2353    25.8328 0.0000e+00
 188.449367     54.000  34.918038     8.3523    3.63038     53.542    33.2512    25.8492 0.0000e+00
 188.449379     55.000  34.907463     8.3220    3.63800     54.534    33.2682    25.8671 0.0000e+00
 188.449389     56.000  34.900358     8.3025    3.61989     55.525    33.2787    25.8782 0.0000e+00
 188.449400     57.000  34.898488     8.2920    3.59412     56.517    33.2861    25.8856 0.0000e+00
 188.449412     58.000  34.896753     8.2729    3.60395     57.508    33.3019    25.9009 0.0000e+00
 188.449423     59.000  34.889019     8.2434    3.60216     58.499    33.3212    25.9205 0.0000e+00
 188.449436     60.000  34.881110     8.2228    3.56917     59.490    33.3320    25.9320 0.0000e+00
 188.449448     61.000  34.873150     8.1822    3.51381     60.482    33.3616    25.9612 0.0000e+00
 188.449461     62.000  34.855023     8.1044    3.41625     61.474    33.4159    26.0154 0.0000e+00
 188.449473     63.000  34.840236     8.0517    3.29408     62.465    33.4500    26.0499 0.0000e+00
 188.449486     64.000  34.828887     8.0003    3.23196     63.456    33.4865    26.0862 0.0000e+00
 188.449499     65.000  34.816122     7.9432    3.20946     64.448    33.5271    26.1264 0.0000e+00
 188.449512     66.000  34.809474     7.9121    3.24519     65.439    33.5494    26.1485 0.0000e+00
 188.449527     67.000  34.801857     7.8890    3.26182     66.430    33.5629    26.1624 0.0000e+00
 188.449542     68.000  34.796920     7.8743    3.29654     67.422    33.5713    26.1712 0.0000e+00
 188.449568     69.000  34.787516     7.8421    3.30017     68.413    33.5917    26.1919 0.0000e+00
