data/oxygen options/ONMS/Olympic_Coast_National_Marine_Sanctuary_Hypoxia_Survey_CTD_Data_2004_2015/raw_data/2005/CTD_TH30_062205faedb.cnv
* Sea-Bird SBE19 Data File:
* FileName = C:\hypoxia CTD data\TH30_062205.hex
* Software Version 1.1.5
* Temperature SN = 2997
* Conductivity SN = 2997
* System UpLoad Time = Jun 22 2005 10:23:27
* SEACAT PROFILER V3.1c SN 2997   06/22/05  10:23:16.278
* strain gauge pressure sensor: S/N = 184829,  range = 3000 psia,  tc = 40
# nquan = 9
# nvalues = 28                          
# units = specified
# name 0 = timeJ: Julian Days
# name 1 = prSM: Pressure, Strain Gauge [db]
# name 2 = c0mS/cm: Conductivity [mS/cm]
# name 3 = t090C: Temperature [ITS-90, deg C]
# name 4 = oxML/L: Oxygen, Beckman/YSI [ml/l]
# name 5 = depSM: Depth [salt water, m], lat = 47.5
# name 6 = sal00: Salinity, Practical [PSU]
# name 7 = sigma-é00: Density [sigma-theta, kg/m^3]
# name 8 = flag: flag
# span 0 = 173.402092, 173.403528       
# span 1 =      4.000,     31.000       
# span 2 =  35.262320,  37.591037       
# span 3 =     9.2625,    15.6062       
# span 4 =    3.08323,    5.96210       
# span 5 =      3.966,     30.739       
# span 6 =    29.7168,    32.7739       
# span 7 =    21.7739,    25.3346       
# span 8 = 0.0000e+00, 0.0000e+00       
# interval = decibars: 1                
# start_time = Jun 22 2005 09:30:17 [Instrument's time stamp, header]
# bad_flag = -9.990e-29
*END*
 173.402092      4.000  37.578193    15.6062    5.96210      3.966    29.7168    21.7739 0.0000e+00
 173.402133      5.000  37.575386    15.4872    5.88352      4.958    29.8038    21.8666 0.0000e+00
 173.402460      6.000  37.579707    15.3915    5.87931      5.950    29.8799    21.9456 0.0000e+00
 173.402604      7.000  37.585543    15.3308    5.91620      6.942    29.9307    21.9976 0.0000e+00
 173.402629      8.000  37.590992    15.2909    5.72558      7.933    29.9657    22.0330 0.0000e+00
 173.402647      9.000  37.591037    15.0917    5.51620      8.925    30.1179    22.1925 0.0000e+00
 173.402662     10.000  37.546306    14.6954    5.43157      9.916    30.3847    22.4811 0.0000e+00
 173.402677     11.000  37.478874    14.3564    5.41852     10.908    30.5897    22.7091 0.0000e+00
 173.402697     12.000  37.388665    14.0783    5.60029     11.900    30.7276    22.8724 0.0000e+00
 173.402872     13.000  37.350550    14.0215    5.51269     12.891    30.7376    22.8917 0.0000e+00
 173.402965     14.000  37.313983    13.8824    5.37962     13.883    30.8151    22.9796 0.0000e+00
 173.402984     15.000  37.187121    13.4977    5.33464     14.874    31.0081    23.2054 0.0000e+00
 173.403000     16.000  37.071256    13.2859    5.14913     15.866    31.0722    23.2967 0.0000e+00
 173.403015     17.000  36.983376    13.0053    4.96347     16.857    31.2198    23.4656 0.0000e+00
 173.403028     18.000  36.834315    12.6210    4.65012     17.849    31.3973    23.6766 0.0000e+00
 173.403041     19.000  36.663425    12.2331    4.36843     18.840    31.5591    23.8752 0.0000e+00
 173.403055     20.000  36.448271    11.7123    4.40948     19.832    31.7942    24.1533 0.0000e+00
 173.403071     21.000  36.165111    11.3284    4.66371     20.824    31.8475    24.2641 0.0000e+00
 173.403104     22.000  36.346962    11.8109    4.46597     21.815    31.6102    23.9931 0.0000e+00
 173.403340     23.000  36.029010    11.0960    4.25035     22.807    31.9147    24.3572 0.0000e+00
 173.403418     24.000  35.909631    10.7636    3.92250     23.798    32.0857    24.5485 0.0000e+00
 173.403435     25.000  35.794867    10.4675    3.70019     24.790    32.2318    24.7131 0.0000e+00
 173.403448     26.000  35.687891    10.2047    3.57687     25.781    32.3574    24.8555 0.0000e+00
 173.403461     27.000  35.573959     9.9947    3.44887     26.773    32.4299    24.9470 0.0000e+00
 173.403474     28.000  35.503265     9.7956    3.32985     27.764    32.5370    25.0634 0.0000e+00
 173.403489     29.000  35.416297     9.6054    3.22401     28.756    32.6200    25.1592 0.0000e+00
 173.403506     30.000  35.356330     9.4496    3.11255     29.747    32.7000    25.2469 0.0000e+00
 173.403528     31.000  35.262320     9.2625    3.08323     30.739    32.7739    25.3346 0.0000e+00
