data/oxygen options/ONMS/Olympic_Coast_National_Marine_Sanctuary_Hypoxia_Survey_CTD_Data_2004_2015/raw_data/2005/CTD_TH80_081505faed.cnv
* Sea-Bird SBE19 Data File:
* FileName = C:\Hypoxia Data\TH80_081505.hex
* Software Version 1.1.6
* Temperature SN = 2997
* Conductivity SN = 2997
* System UpLoad Time = Aug 15 2005 18:24:00
* SEACAT PROFILER V3.1c SN 2997   08/15/05  18:22:24.537
* strain gauge pressure sensor: S/N = 184829,  range = 3000 psia,  tc = 40
# nquan = 9                                 
# nvalues = 791                         
# units = specified
# name 0 = timeJ: Julian Days
# name 1 = prSM: Pressure, Strain Gauge [db]
# name 2 = c0mS/cm: Conductivity [mS/cm]
# name 3 = t090C: Temperature [ITS-90, deg C]
# name 4 = oxML/L: Oxygen, Beckman/YSI [ml/l]
# name 5 = depSM: Depth [salt water, m], lat = 47.5
# name 6 = sal00: Salinity, Practical [PSU]
# name 7 = sigma-é00: Density [sigma-theta, kg/m^3]
# name 8 = flag: flag
# span 0 = 227.684120, 227.688692       
# span 1 =     -3.696,     82.074       
# span 2 =   0.313101,  38.063495       
# span 3 =     7.4017,    14.1079       
# span 4 =   -0.11893,   26.78247       
# span 5 =     -3.665,     81.373       
# span 6 =     0.1912,    33.8339       
# span 7 =    -0.6199,    26.4443       
# span 8 = 0.0000e+00, 0.0000e+00       
# interval = seconds: 0.5
# start_time = Aug 15 2005 16:25:08 [Instrument's time stamp, header]
# bad_flag = -9.990e-29
*END*
[from data line 641]
 227.687830     59.299  34.522247     7.4994    3.99173     58.796    33.6415    26.2801 0.0000e+00
 227.687836     58.760  34.507685     7.5193    4.09354     58.261    33.6067    26.2499 0.0000e+00
 227.687841     58.230  34.493433     7.5403    4.15612     57.736    33.5712    26.2190 0.0000e+00
 227.687847     57.717  34.478425     7.5579    4.18821     57.227    33.5383    26.1906 0.0000e+00
 227.687853     57.230  34.466195     7.5687    4.18505     56.744    33.5149    26.1706 0.0000e+00
 227.687859     56.783  34.460059     7.5710    4.18645     56.301    33.5062    26.1635 0.0000e+00
 227.687865     56.371  34.460805     7.5691    4.18418     55.893    33.5091    26.1660 0.0000e+00
 227.687870     55.973  34.464384     7.5702    4.20600     55.498    33.5120    26.1682 0.0000e+00
 227.687876     55.568  34.464915     7.5755    4.25238     55.097    33.5077    26.1640 0.0000e+00
 227.687882     55.143  34.462540     7.5869    4.30557     54.675    33.4944    26.1519 0.0000e+00
 227.687888     54.693  34.457453     7.6059    4.35544     54.229    33.4708    26.1307 0.0000e+00
 227.687894     54.218  34.449037     7.6262    4.39944     53.758    33.4424    26.1054 0.0000e+00
 227.687899     53.727  34.442325     7.6419    4.42443     53.272    33.4203    26.0858 0.0000e+00
 227.687905     53.227  34.440140     7.6526    4.44032     52.776    33.4079    26.0746 0.0000e+00
 227.687911     52.721  34.440133     7.6611    4.44471     52.274    33.4000    26.0671 0.0000e+00
 227.687917     52.210  34.440615     7.6724    4.44790     51.768    33.3899    26.0576 0.0000e+00
 227.687922     51.697  34.441105     7.6863    4.45070     51.259    33.3773    26.0457 0.0000e+00
 227.687928     51.186  34.441699     7.6972    4.45882     50.753    33.3678    26.0366 0.0000e+00
 227.687934     50.688  34.442628     7.7029    4.47671     50.259    33.3635    26.0325 0.0000e+00
 227.687940     50.202  34.443451     7.7072    4.49876     49.777    33.3605    26.0295 0.0000e+00
 227.687946     49.709  34.443584     7.7176    4.51697     49.288    33.3509    26.0205 0.0000e+00
 227.687951     49.204  34.443201     7.7370    4.55401     48.788    33.3322    26.0029 0.0000e+00
 227.687957     48.701  34.442911     7.7576    4.58766     48.289    33.3124    25.9844 0.0000e+00
 227.687963     48.211  34.442891     7.7708    4.59894     47.803    33.3000    25.9728 0.0000e+00
 227.687969     47.733  34.443115     7.7771    4.63112     47.329    33.2945    25.9675 0.0000e+00
 227.687975     47.258  34.443327     7.7824    4.65622     46.858    33.2899    25.9631 0.0000e+00
 227.687980     46.777  34.442687     7.7935    4.69250     46.381    33.2788    25.9528 0.0000e+00
 227.687986     46.285  34.440341     7.8135    4.72723     45.894    33.2574    25.9332 0.0000e+00
 227.687992     45.781  34.438204     7.8370    4.74731     45.394    33.2330    25.9106 0.0000e+00
 227.687998     45.270  34.439030     7.8572    4.76025     44.887    33.2149    25.8934 0.0000e+00
 227.688003     44.760  34.441121     7.8705    4.77657     44.382    33.2047    25.8835 0.0000e+00
 227.688009     44.255  34.442225     7.8766    4.78125     43.881    33.2003    25.8792 0.0000e+00
 227.688015     43.763  34.442695     7.8790    4.79864     43.393    33.1988    25.8776 0.0000e+00
 227.688021     43.277  34.443157     7.8817    4.81519     42.911    33.1969    25.8758 0.0000e+00
 227.688027     42.788  34.443667     7.8896    4.84321     42.426    33.1902    25.8693 0.0000e+00
 227.688032     42.291  34.444900     7.9061    4.85114     41.934    33.1761    25.8558 0.0000e+00
 227.688038     41.780  34.448500     7.9298    4.84711     41.427    33.1577    25.8379 0.0000e+00
 227.688044     41.251  34.455342     7.9618    4.82176     40.903    33.1349    25.8154 0.0000e+00
 227.688050     40.710  34.467264     8.0016    4.80121     40.366    33.1102    25.7902 0.0000e+00
 227.688056     40.170  34.485030     8.0373    4.79709     39.831    33.0956    25.7735 0.0000e+00
 227.688061     39.647  34.502627     8.0573    4.79270     39.312    33.0957    25.7706 0.0000e+00
 227.688067     39.154  34.512695     8.0638    4.80496     38.824    33.1005    25.7735 0.0000e+00
 227.688073     38.696  34.515776     8.0656    4.81707     38.369    33.1023    25.7746 0.0000e+00
 227.688079     38.259  34.516537     8.0695    4.81787     37.936    33.0996    25.7719 0.0000e+00
 227.688084     37.824  34.518793     8.0811    4.82600     37.505    33.0913    25.7637 0.0000e+00
 227.688090     37.378  34.524427     8.1069    4.82278     37.063    33.0731    25.7456 0.0000e+00
 227.688096     36.911  34.534785     8.1502    4.82851     36.600    33.0435    25.7160 0.0000e+00
 227.688102     36.422  34.551344     8.1998    4.84947     36.115    33.0146    25.6860 0.0000e+00
 227.688108     35.908  34.569841     8.2403    4.86149     35.605    32.9964    25.6657 0.0000e+00
 227.688113     35.375  34.585237     8.2685    4.86149     35.077    32.9865    25.6538 0.0000e+00
 227.688119     34.828  34.597327     8.2902    4.85376     34.534    32.9792    25.6448 0.0000e+00
 227.688125     34.266  34.607663     8.3118    4.85753     33.977    32.9701    25.6345 0.0000e+00
 227.688131     33.696  34.618259     8.3389    4.85062     33.412    32.9562    25.6195 0.0000e+00
 227.688137     33.124  34.630913     8.3743    4.83988     32.845    32.9367    25.5989 0.0000e+00
 227.688142     32.548  34.645123     8.4150    4.83956     32.274    32.9139    25.5749 0.0000e+00
 227.688148     31.979  34.659661     8.4511    4.83038     31.710    32.8958    25.5553 0.0000e+00
 227.688154     31.432  34.672054     8.4723    4.85010     31.167    32.8893    25.5470 0.0000e+00
 227.688160     30.910  34.678093     8.4771    4.86912     30.650    32.8914    25.5480 0.0000e+00
 227.688166     30.410  34.678550     8.4710    4.87606     30.154    32.8978    25.5539 0.0000e+00
 227.688171     29.922  34.676277     8.4634    4.90340     29.670    32.9027    25.5589 0.0000e+00
 227.688177     29.431  34.672728     8.4687    4.94440     29.183    32.8943    25.5514 0.0000e+00
 227.688183     28.928  34.671014     8.4925    5.00223     28.685    32.8705    25.5292 0.0000e+00
 227.688189     28.410  34.672767     8.5230    5.05108     28.171    32.8442    25.5040 0.0000e+00
 227.688194     27.879  34.676962     8.5458    5.10117     27.644    32.8276    25.4876 0.0000e+00
 227.688200     27.340  34.681346     8.5613    5.14030     27.110    32.8181    25.4777 0.0000e+00
 227.688206     26.797  34.685044     8.5831    5.17165     26.572    32.8019    25.4618 0.0000e+00
 227.688212     26.245  34.691307     8.6239    5.21632     26.024    32.7709    25.4313 0.0000e+00
 227.688218     25.683  34.703441     8.6839    5.26594     25.467    32.7283    25.3887 0.0000e+00
 227.688223     25.118  34.721932     8.7460    5.31716     24.907    32.6905    25.3497 0.0000e+00
 227.688229     24.556  34.742851     8.7903    5.35297     24.350    32.6717    25.3282 0.0000e+00
 227.688235     24.006  34.758789     8.8133    5.36123     23.804    32.6674    25.3213 0.0000e+00
 227.688241     23.469  34.767463     8.8257    5.37912     23.272    32.6653    25.3177 0.0000e+00
 227.688247     22.943  34.772599     8.8405    5.39653     22.750    32.6573    25.3091 0.0000e+00
 227.688252     22.419  34.778803     8.8644    5.40930     22.231    32.6420    25.2934 0.0000e+00
 227.688258     21.894  34.789299     8.8913    5.41306     21.710    32.6284    25.2787 0.0000e+00
 227.688264     21.372  34.801268     8.9139    5.40211     21.193    32.6203    25.2688 0.0000e+00
 227.688270     20.864  34.811052     8.9334    5.38942     20.689    32.6128    25.2599 0.0000e+00
 227.688275     20.375  34.819929     8.9526    5.40270     20.204    32.6047    25.2506 0.0000e+00
 227.688281     19.908  34.829646     8.9699    5.42853     19.741    32.5991    25.2435 0.0000e+00
 227.688287     19.468  34.838588     8.9775    5.46415     19.305    32.6016    25.2443 0.0000e+00
 227.688293     19.053  34.841302     8.9747    5.51698     18.893    32.6072    25.2491 0.0000e+00
 227.688299     18.649  34.836926     8.9837    5.55643     18.493    32.5946    25.2378 0.0000e+00
 227.688304     18.243  34.834758     9.0244    5.59215     18.090    32.5552    25.2007 0.0000e+00
 227.688310     17.831  34.847597     9.0863    5.61510     17.681    32.5121    25.1573 0.0000e+00
 227.688316     17.416  34.879302     9.1497    5.61977     17.270    32.4873    25.1280 0.0000e+00
 227.688322     17.007  34.920047     9.2014    5.61679     16.864    32.4825    25.1161 0.0000e+00
 227.688328     16.615  34.955412     9.2303    5.59274     16.476    32.4929    25.1196 0.0000e+00
 227.688333     16.254  34.974802     9.2353    5.57457     16.118    32.5085    25.1311 0.0000e+00
 227.688339     15.922  34.979032     9.2295    5.58061     15.789    32.5183    25.1396 0.0000e+00
 227.688345     15.607  34.978234     9.2219    5.61007     15.476    32.5246    25.1457 0.0000e+00
 227.688351     15.302  34.974705     9.2116    5.66918     15.174    32.5304    25.1519 0.0000e+00
 227.688356     15.005  34.966544     9.2047    5.74933     14.879    32.5284    25.1514 0.0000e+00
 227.688362     14.708  34.961365     9.2155    5.82692     14.585    32.5134    25.1380 0.0000e+00
 227.688368     14.403  34.968519     9.2629    5.91952     14.282    32.4777    25.1026 0.0000e+00
 227.688374     14.082  34.998664     9.3496    6.01263     13.964    32.4302    25.0517 0.0000e+00
 227.688380     13.750  35.053314     9.4419    6.06991     13.635    32.4029    25.0156 0.0000e+00
 227.688385     13.421  35.110611     9.5020    6.08221     13.309    32.4075    25.0096 0.0000e+00
 227.688391     13.104  35.147187     9.5225    6.05796     12.994    32.4265    25.0212 0.0000e+00
 227.688397     12.799  35.158017     9.5268    6.02392     12.692    32.4339    25.0262 0.0000e+00
 227.688403     12.500  35.158673     9.5371    6.02275     12.395    32.4254    25.0179 0.0000e+00
 227.688409     12.202  35.164605     9.5505    6.07568     12.100    32.4195    25.0112 0.0000e+00
 227.688414     11.901  35.173072     9.5556    6.18615     11.801    32.4237    25.0136 0.0000e+00
 227.688420     11.597  35.176308     9.5550    6.29878     11.500    32.4277    25.0168 0.0000e+00
 227.688426     11.282  35.175827     9.5656    6.41234     11.188    32.4177    25.0073 0.0000e+00
 227.688432     10.950  35.182761     9.6197    6.48511     10.858    32.3761    24.9661 0.0000e+00
 227.688437     10.600  35.222052     9.7488    6.51859     10.511    32.3002    24.8859 0.0000e+00
 227.688443     10.236  35.322541     9.9349    6.61670     10.150    32.2359    24.8052 0.0000e+00
 227.688449      9.869  35.470225    10.1077    6.70023      9.786    32.2314    24.7731 0.0000e+00
 227.688455      9.518  35.603043    10.2075    6.80105      9.438    32.2766    24.7917 0.0000e+00
 227.688461      9.195  35.669955    10.2339    6.88289      9.118    32.3206    24.8216 0.0000e+00
 227.688466      8.897  35.676123    10.2360    6.83521      8.823    32.3251    24.8247 0.0000e+00
 227.688472      8.613  35.670711    10.2737    6.72228      8.541    32.2862    24.7880 0.0000e+00
 227.688478      8.334  35.707052    10.3810    6.52987      8.264    32.2275    24.7242 0.0000e+00
 227.688484      8.059  35.797711    10.5383    6.39076      7.992    32.1792    24.6598 0.0000e+00
 227.688490      7.800  35.916686    10.6563    6.38157      7.735    32.1939    24.6510 0.0000e+00
 227.688495      7.567  36.005661    10.6584    6.49652      7.504    32.2807    24.7183 0.0000e+00
 227.688501      7.358  35.994928    10.5969    6.74055      7.296    32.3246    24.7630 0.0000e+00
 227.688507      7.159  35.926829    10.5636    6.96603      7.099    32.2862    24.7388 0.0000e+00
 227.688513      6.949  35.893895    10.5816    7.13882      6.891    32.2374    24.6977 0.0000e+00
 227.688519      6.720  35.908820    10.6785    7.26622      6.664    32.1669    24.6262 0.0000e+00
 227.688524      6.477  35.992055    10.9455    7.37612      6.423    32.0155    24.4620 0.0000e+00
 227.688530      6.227  36.214777    11.4076    7.55725      6.175    31.8338    24.2390 0.0000e+00
 227.688536      5.975  36.569508    11.9035    7.67514      5.925    31.7534    24.0867 0.0000e+00
 227.688542      5.726  36.909136    12.2608    7.69893      5.678    31.7761    24.0380 0.0000e+00
 227.688547      5.478  37.123632    12.4846    7.63510      5.432    31.7915    24.0077 0.0000e+00
 227.688553      5.228  37.245638    12.6826    7.56269      5.184    31.7404    23.9304 0.0000e+00
 227.688559      4.976  37.347040    12.9069    7.52284      4.934    31.6482    23.8158 0.0000e+00
 227.688565      4.728  37.473902    13.0840    7.58856      4.688    31.6197    23.7593 0.0000e+00
 227.688571      4.495  37.587349    13.1405    7.64174      4.457    31.6791    23.7942 0.0000e+00
 227.688576      4.273  37.618857    13.1150    7.65988      4.237    31.7301    23.8386 0.0000e+00
 227.688582      4.049  37.594777    13.0838    7.56969      4.015    31.7337    23.8475 0.0000e+00
 227.688588      3.816  37.567687    13.1181    7.51730      3.784    31.6797    23.7990 0.0000e+00
 227.688594      3.579  37.582210    13.2458    7.39379      3.549    31.5870    23.7023 0.0000e+00
 227.688600      3.342  37.665549    13.3958    7.21765      3.314    31.5406    23.6368 0.0000e+00
 227.688605      3.120  37.765631    13.4826    7.01029      3.094    31.5621    23.6361 0.0000e+00
 227.688611      2.925  37.819088    13.4989    6.82495      2.901    31.5984    23.6609 0.0000e+00
 227.688617      2.753  37.826007    13.4912    6.72702      2.730    31.6112    23.6724 0.0000e+00
 227.688623      2.594  37.816380    13.5099    6.62710      2.572    31.5869    23.6498 0.0000e+00
 227.688628      2.440  37.826162    13.5415    6.45834      2.420    31.5699    23.6304 0.0000e+00
 227.688634      2.300  37.842029    13.5359    7.32605      2.281    31.5893    23.6465 -9.990e-29
 227.688640      2.186  37.818966    13.4870 -9.990e-29      2.168    31.6084    23.6710 -9.990e-29
 227.688646      2.100  37.768297    13.4135 -9.990e-29      2.082    31.6221    23.6963 -9.990e-29
 227.688652      2.035  37.715557    13.3346 -9.990e-29      2.018    31.6385    23.7245 -9.990e-29
 227.688657      1.988  37.658836    13.2634 -9.990e-29      1.971    31.6447    23.7434 -9.990e-29
 227.688663      1.952  37.589791    13.2017 -9.990e-29      1.936    31.6314    23.7453 -9.990e-29
 227.688669      1.919  37.491494    13.1493 -9.990e-29      1.903    31.5830    23.7181 -9.990e-29
 227.688675      1.892  37.290632    13.1063 -9.990e-29      1.876    31.4304    23.6085 -9.990e-29
 227.688681      1.875  36.757513    13.0734 -9.990e-29      1.859    30.9580    23.2495 -9.990e-29
 227.688686      1.864  35.219437    13.0598 -9.990e-29      1.848    29.5335    22.1508 -9.990e-29
 227.688692      1.861  30.671613 -9.990e-29 -9.990e-29      1.845 -9.990e-29 -9.990e-29 -9.990e-29
