data/oxygen options/ONMS/Olympic_Coast_National_Marine_Sanctuary_Hypoxia_Survey_CTD_Data_2004_2015/raw_data/2005/CTD_CA40_070705faedb.cnv
* Sea-Bird SBE19 Data File:
* FileName = C:\Hypoxia Data\CA40_070705.hex
* Software Version 1.1.6
* Temperature SN = 2997
* Conductivity SN = 2997
* System UpLoad Time = Jul 07 2005 14:56:20
* SEACAT PROFILER V3.1c SN 2997   07/07/05  14:55:01.344
* strain gauge pressure sensor: S/N = 184829,  range = 3000 psia,  tc = 40
# nquan = 9
# nvalues = 40                          
# units = specified
# name 0 = timeJ: Julian Days
# name 1 = prSM: Pressure, Strain Gauge [db]
# name 2 = c0mS/cm: Conductivity [mS/cm]
# name 3 = t090C: Temperature [ITS-90, deg C]
# name 4 = oxML/L: Oxygen, Beckman/YSI [ml/l]
# name 5 = depSM: Depth [salt water, m], lat = 47.5
# name 6 = sal00: Salinity, Practical [PSU]
# name 7 = sigma-é00: Density [sigma-theta, kg/m^3]
# name 8 = flag: flag
# span 0 = 188.592935, 188.593403       
# span 1 =      3.000,     42.000       
# span 2 =  35.090533,  38.315699       
# span 3 =     8.8343,    13.9225       
# span 4 =    4.05882,    7.88828       
# span 5 =      2.975,     41.645       
# span 6 =    31.7078,    32.9993       
# span 7 =    23.6602,    25.5763       
# span 8 = 0.0000e+00, 0.0000e+00       
# interval = decibars: 1                
# start_time = Jul 07 2005 14:10:48 [Instrument's time stamp, header]
# bad_flag = -9.990e-29
*END*
 188.592935      3.000  38.315699    13.9225    7.88828      2.975    31.7078    23.6602 0.0000e+00
 188.592960      4.000  38.214974    13.7073    7.58486      3.967    31.7927    23.7693 0.0000e+00
 188.592977      5.000  37.938491    13.3229    7.29216      4.958    31.8553    23.8945 0.0000e+00
 188.592990      6.000  37.744597    13.0906    7.07819      5.949    31.8679    23.9501 0.0000e+00
 188.593001      7.000  37.644321    12.9899    6.96715      6.941    31.8579    23.9620 0.0000e+00
 188.593012      8.000  37.601786    12.9138    6.90330      7.933    31.8814    23.9950 0.0000e+00
 188.593023      9.000  37.541157    12.7791    6.77227      8.925    31.9374    24.0645 0.0000e+00
 188.593034     10.000  37.437230    12.6039    6.31620      9.917    31.9870    24.1365 0.0000e+00
 188.593045     11.000  37.333187    12.4234    5.65279     10.908    32.0411    24.2128 0.0000e+00
 188.593056     12.000  37.207793    12.0630    4.99550     11.899    32.2298    24.4268 0.0000e+00
 188.593066     13.000  36.881357    11.3155    4.50830     12.891    32.5639    24.8233 0.0000e+00
 188.593077     14.000  36.381240    10.5438    4.23713     13.883    32.7550    25.1077 0.0000e+00
 188.593087     15.000  36.047682    10.1668    4.18894     14.874    32.7593    25.1751 0.0000e+00
 188.593098     16.000  35.906935     9.9574    4.20747     15.866    32.8061    25.2466 0.0000e+00
 188.593109     17.000  35.796446     9.8205    4.27872     16.857    32.8179    25.2784 0.0000e+00
 188.593119     18.000  35.718724     9.7249    4.33752     17.849    32.8253    25.3000 0.0000e+00
 188.593130     19.000  35.664679     9.6504    4.34322     18.841    32.8376    25.3218 0.0000e+00
 188.593141     20.000  35.616866     9.5863    4.33598     19.832    32.8469    25.3394 0.0000e+00
 188.593152     21.000  35.570676     9.4928    4.29481     20.823    32.8846    25.3841 0.0000e+00
 188.593164     22.000  35.483146     9.3422    4.23891     21.816    32.9327    25.4458 0.0000e+00
 188.593175     23.000  35.392190     9.2199    4.20489     22.806    32.9510    25.4797 0.0000e+00
 188.593186     24.000  35.310129     9.0843    4.18934     23.798    32.9909    25.5323 0.0000e+00
 188.593197     25.000  35.226879     8.9859    4.16021     24.790    32.9952    25.5512 0.0000e+00
 188.593207     26.000  35.182359     8.9400    4.14622     25.782    32.9910    25.5550 0.0000e+00
 188.593218     27.000  35.159670     8.9143    4.14782     26.773    32.9908    25.5588 0.0000e+00
 188.593228     28.000  35.146166     8.8962    4.11887     27.765    32.9931    25.5636 0.0000e+00
 188.593240     29.000  35.133537     8.8823    4.10410     28.756    32.9924    25.5651 0.0000e+00
 188.593251     30.000  35.124622     8.8713    4.09182     29.747    32.9928    25.5672 0.0000e+00
 188.593262     31.000  35.115915     8.8559    4.06777     30.739    32.9976    25.5733 0.0000e+00
 188.593274     32.000  35.108451     8.8452    4.06263     31.731    32.9993    25.5763 0.0000e+00
 188.593285     33.000  35.100959     8.8391    4.06898     32.722    32.9967    25.5752 0.0000e+00
 188.593296     34.000  35.098722     8.8377    4.05882     33.713    32.9952    25.5743 0.0000e+00
 188.593306     35.000  35.097320     8.8365    4.06823     34.705    32.9944    25.5738 0.0000e+00
 188.593317     36.000  35.095829     8.8361    4.06616     35.696    32.9928    25.5727 0.0000e+00
 188.593329     37.000  35.094375     8.8363    4.06745     36.688    32.9906    25.5709 0.0000e+00
 188.593341     38.000  35.093119     8.8361    4.08003     37.680    32.9890    25.5698 0.0000e+00
 188.593354     39.000  35.093444     8.8372    4.08389     38.671    32.9879    25.5687 0.0000e+00
 188.593368     40.000  35.092536     8.8358    4.05890     39.662    32.9878    25.5689 0.0000e+00
 188.593383     41.000  35.090533     8.8343    4.06757     40.654    32.9867    25.5683 0.0000e+00
 188.593403     42.000  35.091696     8.8365    4.08616     41.645    32.9853    25.5669 0.0000e+00
