data/oxygen options/ONMS/Olympic_Coast_National_Marine_Sanctuary_Hypoxia_Survey_CTD_Data_2004_2015/raw_data/2005/CTD_CE90_070605faed.cnv
* Sea-Bird SBE19 Data File:
* FileName = C:\Hypoxia Data\CE90_070605.hex
* Software Version 1.1.6
* Temperature SN = 2997
* Conductivity SN = 2997
* System UpLoad Time = Jul 06 2005 16:15:37
* SEACAT PROFILER V3.1c SN 2997   07/06/05  16:16:10.167
* strain gauge pressure sensor: S/N = 184829,  range = 3000 psia,  tc = 40
# nquan = 9                                 
# nvalues = 828                         
# units = specified
# name 0 = timeJ: Julian Days
# name 1 = prSM: Pressure, Strain Gauge [db]
# name 2 = c0mS/cm: Conductivity [mS/cm]
# name 3 = t090C: Temperature [ITS-90, deg C]
# name 4 = oxML/L: Oxygen, Beckman/YSI [ml/l]
# name 5 = depSM: Depth [salt water, m], lat = 47.5
# name 6 = sal00: Salinity, Practical [PSU]
# name 7 = sigma-é00: Density [sigma-theta, kg/m^3]
# name 8 = flag: flag
# span 0 = 187.654155, 187.658941       
# span 1 =     -3.833,     93.339       
# span 2 =   0.812050,  39.896113       
# span 3 =     7.2386,    16.0658       
# span 4 =   -0.11363,   22.72837       
# span 5 =     -3.801,     92.539       
# span 6 =     0.4900,    33.8875       
# span 7 =    -0.6400,    26.5076       
# span 8 = 0.0000e+00, 0.0000e+00       
# interval = seconds: 0.5
# start_time = Jul 06 2005 15:41:59 [Instrument's time stamp, header]
# bad_flag = -9.990e-29
*END*
[from data line 161]
 187.655087      1.158  39.851501    16.0178    6.31880      1.148    31.3971    22.9742 -9.990e-29
 187.655093      1.175  39.851920    16.0190    6.32295      1.165    31.3965    22.9735 -9.990e-29
 187.655098      1.189  39.853643    16.0199    6.31859      1.179    31.3973    22.9739 -9.990e-29
 187.655104      1.201  39.854489    16.0199    6.31517      1.191    31.3980    22.9744 -9.990e-29
 187.655110      1.212  39.853912    16.0193    6.31663      1.202    31.3980    22.9746 -9.990e-29
 187.655116      1.222  39.852835    16.0190    6.31784      1.212    31.3973    22.9741 -9.990e-29
 187.655122      1.232  39.852638    16.0191    6.31737      1.222    31.3970    22.9739 -9.990e-29
 187.655127      1.244  39.853067    16.0194    6.31169      1.234    31.3971    22.9739 -9.990e-29
 187.655133      1.257  39.853582    16.0203    6.31050      1.247    31.3969    22.9735 -9.990e-29
 187.655139      1.272  39.854319    16.0216    6.30210      1.261    31.3965    22.9729 -9.990e-29
 187.655145      1.291  39.855148    16.0232    6.29784      1.280    31.3959    22.9721 -9.990e-29
 187.655150      1.314  39.856623    16.0254    6.29931      1.303    31.3955    22.9713 -9.990e-29
 187.655156      1.344  39.859037    16.0275    6.28925      1.333    31.3959    22.9712 -9.990e-29
 187.655162      1.377  39.861132    16.0284    6.30390      1.366    31.3971    22.9718 -9.990e-29
 187.655168      1.403  39.861785    16.0284    6.31010      1.391    31.3976    22.9723 -9.990e-29
 187.655174      1.415  39.861314    16.0282    6.31166      1.403    31.3974    22.9721 -9.990e-29
 187.655179      1.418  39.860782    16.0279    6.30496      1.406    31.3971    22.9720 -9.990e-29
 187.655185      1.416  39.860612    16.0277    6.28729      1.404    31.3971    22.9720 -9.990e-29
 187.655191      1.415  39.860588    16.0282    6.28067      1.403    31.3967    22.9716 -9.990e-29
 187.655197      1.421  39.861250    16.0293    6.29088      1.409    31.3964    22.9711 -9.990e-29
 187.655203      1.440  39.862368    16.0297    6.29473      1.428    31.3971    22.9716 -9.990e-29
 187.655208      1.470  39.862639    16.0293    6.29379      1.458    31.3976    22.9721 -9.990e-29
 187.655214      1.498  39.862433    16.0295    6.27540      1.485    31.3973    22.9718 -9.990e-29
 187.655220      1.514  39.862607    16.0304    6.28053      1.501    31.3967    22.9711 -9.990e-29
 187.655226      1.518  39.862839    16.0315    6.27869      1.505    31.3960    22.9704 -9.990e-29
 187.655231      1.521  39.863449    16.0328    6.28280      1.508    31.3956    22.9697 -9.990e-29
 187.655237      1.525  39.864699    16.0334    6.28761      1.512    31.3962    22.9700 -9.990e-29
 187.655243      1.532  39.865461    16.0335    6.28305      1.519    31.3968    22.9705 -9.990e-29
 187.655249      1.541  39.865639    16.0339    6.27784      1.528    31.3966    22.9703 -9.990e-29
 187.655255      1.554  39.866043    16.0347    6.28229      1.541    31.3963    22.9699 -9.990e-29
 187.655260      1.567  39.866658    16.0356    6.28773      1.554    31.3961    22.9695 -9.990e-29
 187.655266      1.577  39.867193    16.0364    6.29095      1.564    31.3960    22.9692 -9.990e-29
 187.655272      1.583  39.867809    16.0370    6.28976      1.570    31.3960    22.9691 -9.990e-29
 187.655278      1.587  39.868775    16.0378    6.27463      1.574    31.3963    22.9691 -9.990e-29
 187.655284      1.594  39.869707    16.0390    6.26700      1.581    31.3961    22.9688 -9.990e-29
 187.655289      1.607  39.870738    16.0410    6.27504      1.594    31.3954    22.9678 -9.990e-29
 187.655295      1.623  39.872690    16.0428    6.27795      1.609    31.3957    22.9676 -9.990e-29
 187.655301      1.635  39.874810    16.0433    6.27251      1.621    31.3972    22.9686 -9.990e-29
 187.655307      1.639  39.875445    16.0426    6.26032      1.625    31.3983    22.9696 -9.990e-29
 187.655313      1.636  39.874330    16.0418    6.25445      1.622    31.3979    22.9695 -9.990e-29
 187.655318      1.633  39.872795    16.0415    6.26348      1.619    31.3968    22.9688 -9.990e-29
 187.655324      1.644  39.872168    16.0415    6.27117      1.630    31.3963    22.9683 -9.990e-29
 187.655330      1.666  39.872183    16.0418    6.27893      1.652    31.3961    22.9681 -9.990e-29
 187.655336      1.685  39.872870    16.0424    6.27075      1.671    31.3962    22.9680 -9.990e-29
 187.655341      1.700  39.874033    16.0430    6.26592      1.686    31.3967    22.9683 -9.990e-29
 187.655347      1.712  39.874427    16.0438    6.26041      1.698    31.3964    22.9679 -9.990e-29
 187.655353      1.721  39.874588    16.0454    6.26919      1.707    31.3953    22.9667 -9.990e-29
 187.655359      1.727  39.875860    16.0481    6.27279      1.713    31.3943    22.9653 -9.990e-29
 187.655365      1.732  39.878267    16.0505    6.26606      1.718    31.3945    22.9649 -9.990e-29
 187.655370      1.735  39.880540    16.0511    6.26494      1.721    31.3960    22.9660 -9.990e-29
 187.655376      1.737  39.881235    16.0501    6.26139      1.722    31.3974    22.9673 -9.990e-29
 187.655382      1.738  39.880166    16.0491    6.26485      1.723    31.3973    22.9674 -9.990e-29
 187.655388      1.742  39.878722    16.0496    6.26705      1.727    31.3956    22.9660 -9.990e-29
 187.655394      1.753  39.878914    16.0509    6.25422      1.738    31.3947    22.9650 -9.990e-29
 187.655399      1.769  39.880447    16.0510    6.25799      1.754    31.3960    22.9660 -9.990e-29
 187.655405      1.785  39.880887    16.0498    6.25689      1.770    31.3973    22.9673 -9.990e-29
 187.655411      1.804  39.879708    16.0487    6.24975      1.789    31.3971    22.9674 -9.990e-29
 187.655417      1.821  39.878713    16.0491    6.24709      1.806    31.3960    22.9664 -9.990e-29
 187.655422      1.833  39.879390    16.0503    6.25146      1.818    31.3956    22.9658 -9.990e-29
 187.655428      1.842  39.880966    16.0510    6.26507      1.827    31.3964    22.9663 -9.990e-29
 187.655434      1.848  39.881627    16.0509    6.25626      1.833    31.3971    22.9668 -9.990e-29
 187.655440      1.856  39.881141    16.0510    6.24436      1.841    31.3966    22.9664 -9.990e-29
 187.655446      1.869  39.881115    16.0527    6.25041      1.853    31.3952    22.9650 -9.990e-29
 187.655451      1.886  39.883206    16.0556    6.26245      1.870    31.3947    22.9640 -9.990e-29
 187.655457      1.898  39.886285    16.0572    6.26995      1.882    31.3962    22.9647 -9.990e-29
 187.655463      1.902  39.887736    16.0575    6.26386      1.886    31.3972    22.9655 -9.990e-29
 187.655469      1.898  39.887819    16.0579    6.25282      1.882    31.3970    22.9652 -9.990e-29
 187.655475      1.887  39.888338    16.0591    6.24689      1.871    31.3965    22.9645 -9.990e-29
 187.655480      1.875  39.889436    16.0600    6.25433      1.859    31.3967    22.9645 -9.990e-29
 187.655486      1.883  39.889781    16.0594    6.25050      1.867    31.3975    22.9653 -9.990e-29
 187.655492      1.916  39.888722    16.0582    6.25503      1.900    31.3975    22.9655 -9.990e-29
 187.655498      1.956  39.887664    16.0578    6.25478      1.940    31.3969    22.9652 -9.990e-29
 187.655503      1.986  39.887448    16.0585    6.25514      1.969    31.3961    22.9644 -9.990e-29
 187.655509      2.006  39.887794    16.0595    6.24786      1.989    31.3956    22.9638 -9.990e-29
 187.655515      2.020  39.888613    16.0602    6.24570      2.003    31.3958    22.9638 -9.990e-29
 187.655521      2.034  39.889323    16.0607    6.24162      2.017    31.3960    22.9638 -9.990e-29
 187.655527      2.044  39.889760    16.0615    6.24975      2.027    31.3958    22.9635 -9.990e-29
 187.655532      2.047  39.890516    16.0626    6.25079      2.030    31.3956    22.9631 -9.990e-29
 187.655538      2.047  39.891487    16.0635    6.24610      2.030    31.3957    22.9630 -9.990e-29
 187.655544      2.049  39.892294    16.0640    6.24547      2.032    31.3960    22.9631 -9.990e-29
 187.655550      2.052  39.892900    16.0639    6.24251      2.035    31.3966    22.9636 -9.990e-29
 187.655556      2.061  39.893001    16.0630    6.25039      2.044    31.3974    22.9644 -9.990e-29
 187.655561      2.081  39.892744    16.0613    6.25293      2.064    31.3985    22.9656 -9.990e-29
 187.655567      2.108  39.892355    16.0596    6.24776      2.090    31.3995    22.9668 -9.990e-29
 187.655573      2.137  39.891696    16.0591    6.25373      2.119    31.3993    22.9668 -9.990e-29
 187.655579      2.156  39.891018    16.0602    6.24493      2.138    31.3978    22.9654 -9.990e-29
 187.655584      2.157  39.890917    16.0617    6.24122      2.139    31.3966    22.9641 -9.990e-29
 187.655590      2.150  39.891268    16.0622    6.24509      2.132    31.3965    22.9639 -9.990e-29
 187.655596      2.147  39.891241    16.0618    6.25177      2.129    31.3968    22.9642 -9.990e-29
 187.655602      2.147  39.890806    16.0613    6.24600      2.129    31.3968    22.9643 -9.990e-29
 187.655608      2.142  39.890510    16.0613    6.22919      2.124    31.3965    22.9641 -9.990e-29
 187.655613      2.127  39.890526    16.0621    6.22460      2.109    31.3959    22.9635 -9.990e-29
 187.655619      2.106  39.890881    16.0628    6.22654      2.088    31.3957    22.9631 -9.990e-29
 187.655625      2.090  39.891495    16.0627    6.22788      2.073    31.3963    22.9636 -9.990e-29
 187.655631      2.090  39.891510    16.0616    6.24075      2.073    31.3972    22.9646 -9.990e-29
 187.655637      2.108  39.890393    16.0600    6.24084      2.090    31.3975    22.9651 -9.990e-29
 187.655642      2.131  39.888905    16.0591    6.24226      2.113    31.3969    22.9649 -9.990e-29
 187.655648      2.149  39.888432    16.0597    6.24371      2.131    31.3960    22.9641 -9.990e-29
 187.655654      2.156  39.889473    16.0613    6.23480      2.138    31.3956    22.9634 -9.990e-29
 187.655660      2.155  39.891175    16.0633    6.22175      2.137    31.3955    22.9629 -9.990e-29
 187.655666      2.150  39.893011    16.0646    6.22381      2.132    31.3961    22.9631 -9.990e-29
 187.655671      2.148  39.894071    16.0633    6.22509      2.130    31.3981    22.9649 -9.990e-29
 187.655677      2.154  39.892409    16.0597    6.23138      2.136    31.3995    22.9667 -9.990e-29
 187.655683      2.164  39.888623    16.0566    6.23500      2.146    31.3986    22.9667 -9.990e-29
 187.655689      2.175  39.886083    16.0561    6.23291      2.157    31.3968    22.9655 -9.990e-29
 187.655694      2.186  39.886456    16.0577    6.22955      2.168    31.3958    22.9644 -9.990e-29
 187.655700      2.195  39.888561    16.0595    6.22425      2.177    31.3962    22.9643 -9.990e-29
 187.655706      2.201  39.890165    16.0599    6.22754      2.183    31.3973    22.9650 -9.990e-29
 187.655712      2.215  39.890047    16.0586    6.22960      2.197    31.3982    22.9660 -9.990e-29
 187.655718      2.236  39.888617    16.0565    6.23860      2.217    31.3986    22.9668 -9.990e-29
 187.655723      2.258  39.886781    16.0549    6.23643      2.239    31.3983    22.9669 -9.990e-29
 187.655729      2.273  39.885463    16.0544    6.22897      2.254    31.3975    22.9664 -9.990e-29
 187.655735      2.279  39.885154    16.0547    6.22546      2.260    31.3970    22.9660 -9.990e-29
 187.655741      2.279  39.885448    16.0549    6.23375      2.260    31.3971    22.9660 -9.990e-29
 187.655747      2.279  39.885622    16.0547    6.23858      2.260    31.3974    22.9663 -9.990e-29
 187.655752      2.277  39.885354    16.0541    6.24181      2.258    31.3977    22.9666 -9.990e-29
 187.655758      2.275  39.884854    16.0541    6.23501      2.256    31.3972    22.9663 -9.990e-29
 187.655764      2.275  39.884584    16.0548    6.23443      2.256    31.3964    22.9655 -9.990e-29
 187.655770      2.283  39.884751    16.0551    6.23110      2.264    31.3963    22.9654 -9.990e-29
 187.655775      2.294  39.885024    16.0544    6.22633      2.275    31.3971    22.9661 -9.990e-29
 187.655781      2.306  39.884650    16.0534    6.23412      2.287    31.3976    22.9667 -9.990e-29
 187.655787      2.313  39.883698    16.0527    6.22705      2.294    31.3973    22.9666 -9.990e-29
 187.655793      2.314  39.883149    16.0528    6.22340      2.295    31.3967    22.9662 -9.990e-29
 187.655799      2.312  39.883399    16.0537    6.22241      2.293    31.3962    22.9656 -9.990e-29
 187.655804      2.310  39.884225    16.0548    6.21879      2.291    31.3961    22.9652 -9.990e-29
 187.655810      2.314  39.885055    16.0557    6.22871      2.295    31.3961    22.9651 -9.990e-29
 187.655816      2.328  39.885318    16.0559    6.22708      2.309    31.3962    22.9651 -9.990e-29
 187.655822      2.348  39.885372    16.0558    6.22604      2.328    31.3963    22.9652 -9.990e-29
 187.655828      2.372  39.885857    16.0563    6.22628      2.352    31.3963    22.9651 -9.990e-29
 187.655833      2.396  39.886863    16.0573    6.22993      2.376    31.3964    22.9649 -9.990e-29
 187.655839      2.415  39.888056    16.0580    6.23323      2.395    31.3969    22.9651 -9.990e-29
 187.655845      2.423  39.888789    16.0583    6.23392      2.403    31.3973    22.9654 -9.990e-29
 187.655851      2.423  39.888923    16.0583    6.22370      2.403    31.3974    22.9655 -9.990e-29
 187.655856      2.414  39.888644    16.0580    6.22389      2.394    31.3974    22.9655 -9.990e-29
 187.655862      2.400  39.888147    16.0578    6.23400      2.380    31.3971    22.9654 -9.990e-29
 187.655868      2.389  39.887898    16.0578    6.23017      2.369    31.3969    22.9652 -9.990e-29
 187.655874      2.384  39.888132    16.0580    6.22226      2.364    31.3970    22.9652 -9.990e-29
 187.655880      2.384  39.888607    16.0582    6.22097      2.364    31.3972    22.9654 -9.990e-29
 187.655885      2.390  39.888841    16.0581    6.21950      2.370    31.3975    22.9656 -9.990e-29
 187.655891      2.402  39.888591    16.0573    6.23019      2.382    31.3979    22.9661 -9.990e-29
 187.655897      2.421  39.887531    16.0560    6.23431      2.401    31.3980    22.9664 -9.990e-29
 187.655903      2.443  39.885935    16.0552    6.23382      2.423    31.3972    22.9660 -9.990e-29
 187.655909      2.463  39.885049    16.0556    6.22691      2.442    31.3961    22.9651 -9.990e-29
 187.655914      2.476  39.885379    16.0565    6.22046      2.455    31.3957    22.9646 -9.990e-29
 187.655920      2.483  39.886251    16.0565    6.22576      2.462    31.3965    22.9652 -9.990e-29
 187.655926      2.486  39.886589    16.0555    6.23719      2.465    31.3976    22.9662 -9.990e-29
 187.655932      2.484  39.885729    16.0544    6.23504      2.463    31.3977    22.9665 -9.990e-29
 187.655937      2.477  39.884773    16.0544    6.23406      2.456    31.3968    22.9659 -9.990e-29
 187.655943      2.468  39.885259    16.0552    6.22071      2.447    31.3966    22.9656 -9.990e-29
 187.655949      2.467  39.886158    16.0558    6.21651      2.446    31.3970    22.9657 -9.990e-29
 187.655955      2.477  39.886430    16.0559    6.22109      2.456    31.3971    22.9658 -9.990e-29
 187.655961      2.493  39.886446    16.0556    6.23449      2.472    31.3974    22.9660 -9.990e-29
 187.655966      2.510  39.886236    16.0554    6.24169      2.489    31.3973    22.9661 -9.990e-29
 187.655972      2.524  39.886084    16.0557    6.23533      2.503    31.3969    22.9657 -9.990e-29
 187.655978      2.530  39.886356    16.0569    6.22019      2.509    31.3962    22.9649 -9.990e-29
 187.655984      2.522  39.887421    16.0595    6.21444      2.501    31.3951    22.9634 -9.990e-29
 187.655990      2.503  39.890142    16.0622    6.20987      2.482    31.3954    22.9630 -9.990e-29
 187.655995      2.488  39.893668    16.0624    6.21385      2.467    31.3983    22.9653 -9.990e-29
 187.656001      2.486  39.894293    16.0592    6.22344      2.465    31.4014    22.9683 -9.990e-29
