data/oxygen options/ONMS/Olympic_Coast_National_Marine_Sanctuary_Hypoxia_Survey_CTD_Data_2004_2015/raw_data/2005/CTD_CE40_062105faedb.cnv
* Sea-Bird SBE19 Data File:
* FileName = C:\hypoxia CTD data\CE40_062105.hex
* Software Version 1.1.5
* Temperature SN = 2997
* Conductivity SN = 2997
* System UpLoad Time = Jun 21 2005 12:36:51
* SEACAT PROFILER V3.1c SN 2997   06/21/05  12:36:20.595
* strain gauge pressure sensor: S/N = 184829,  range = 3000 psia,  tc = 40
# nquan = 9
# nvalues = 39                          
# units = specified
# name 0 = timeJ: Julian Days
# name 1 = prSM: Pressure, Strain Gauge [db]
# name 2 = c0mS/cm: Conductivity [mS/cm]
# name 3 = t090C: Temperature [ITS-90, deg C]
# name 4 = oxML/L: Oxygen, Beckman/YSI [ml/l]
# name 5 = depSM: Depth [salt water, m], lat = 47.5
# name 6 = sal00: Salinity, Practical [PSU]
# name 7 = sigma-é00: Density [sigma-theta, kg/m^3]
# name 8 = flag: flag
# span 0 = 172.135813, 174.258961       
# span 1 =      3.000,     43.000       
# span 2 =  35.295450,  38.237492       
# span 3 =     9.0690,    16.6666       
# span 4 =    3.30418,    6.48261       
# span 5 =      2.975,     42.637       
# span 6 =    27.7587,    32.9841       
# span 7 =    20.0401,    25.5294       
# span 8 = 0.0000e+00, 0.0000e+00       
# interval = decibars: 1                
# start_time = Jun 21 2005 12:18:37 [Instrument's time stamp, header]
# bad_flag = -9.990e-29
*END*
 172.515520      3.000  36.198024    16.6666    6.45819      2.975    27.7587    20.0401 0.0000e+00
 172.515553      4.000  36.213411    16.5456    6.47560      3.966    27.8553    20.1410 0.0000e+00
 174.258961      6.000  36.803886    16.5103    6.47386      5.950    28.4701    20.6446 0.0000e+00
 172.516395      7.000  36.540251    16.2621    6.15934      6.942    28.3336    20.5700 0.0000e+00
 172.516412      8.000  36.720684    16.0559    6.12978      7.933    28.6368    20.8476 0.0000e+00
 172.516428      9.000  37.297777    15.6396    6.21898      8.925    29.4451    21.5583 0.0000e+00
 172.516447     10.000  37.836043    15.4837    6.29698      9.916    30.0347    22.0449 0.0000e+00
 172.516473     11.000  37.952146    15.5408    6.28015     10.908    30.0932    22.0775 0.0000e+00
 172.516784     12.000  37.983961    15.4787    6.29708     11.900    30.1684    22.1487 0.0000e+00
 172.516878     13.000  38.026286    15.4255    6.30435     12.891    30.2463    22.2201 0.0000e+00
 172.516896     14.000  38.105962    15.3040    6.37046     13.882    30.4102    22.3721 0.0000e+00
 172.516911     15.000  38.201893    15.1822    6.48261     14.874    30.5898    22.5364 0.0000e+00
 172.516925     16.000  38.237492    15.0137    6.33822     15.866    30.7532    22.6980 0.0000e+00
 172.516939     17.000  38.128659    14.7192    5.81471     16.857    30.8878    22.8637 0.0000e+00
 172.516953     18.000  37.802419    13.9773    5.01919     17.849    31.1856    23.2463 0.0000e+00
 172.516968     19.000  37.208432    12.7783    4.47843     18.841    31.6203    23.8187 0.0000e+00
 172.516985     20.000  36.446278    11.3760    4.55257     19.832    32.0822    24.4373 0.0000e+00
 172.517007     21.000  35.946442    11.0684    4.87553     20.824    31.8583    24.3186 0.0000e+00
 172.135813     23.000  35.548568    10.3783    4.27303     22.807    32.0524    24.5854 0.0000e+00
 172.517527     24.000  35.542379    10.1960    4.09946     23.798    32.2196    24.7494 0.0000e+00
 172.517544     25.000  35.533607    10.1175    3.96534     24.790    32.2801    24.8097 0.0000e+00
 172.517559     26.000  35.574057    10.0194    3.90978     25.781    32.4082    24.9260 0.0000e+00
 172.517574     27.000  35.558346     9.9437    3.82142     26.772    32.4599    24.9789 0.0000e+00
 172.517592     28.000  35.546155     9.8072    3.67820     27.764    32.5702    25.0874 0.0000e+00
 172.517610     29.000  35.495920     9.5684    3.57972     28.756    32.7352    25.2553 0.0000e+00
 172.517634     30.000  35.465121     9.5420    3.64724     29.747    32.7273    25.2533 0.0000e+00
 172.517939     31.000  35.431866     9.4712    3.60474     30.739    32.7574    25.2882 0.0000e+00
 172.518102     32.000  35.397709     9.3728    3.55829     31.731    32.8119    25.3467 0.0000e+00
 172.518126     33.000  35.349927     9.2524    3.48867     32.722    32.8728    25.4136 0.0000e+00
 172.518144     34.000  35.336170     9.1980    3.39767     33.713    32.9083    25.4499 0.0000e+00
 172.518160     35.000  35.337068     9.1760    3.37073     34.705    32.9291    25.4696 0.0000e+00
 172.518175     36.000  35.336442     9.1663    3.36490     35.696    32.9369    25.4773 0.0000e+00
 172.518191     37.000  35.333504     9.1515    3.36704     36.688    32.9471    25.4876 0.0000e+00
 172.518207     38.000  35.324166     9.1260    3.35922     37.679    32.9605    25.5022 0.0000e+00
 172.518225     39.000  35.320889     9.1179    3.32973     38.671    32.9643    25.5064 0.0000e+00
 172.518242     40.000  35.307041     9.0824    3.31101     39.662    32.9823    25.5262 0.0000e+00
 172.518258     41.000  35.301194     9.0757    3.31393     40.654    32.9819    25.5269 0.0000e+00
 172.518277     42.000  35.299519     9.0710    3.30418     41.645    32.9841    25.5294 0.0000e+00
 172.518538     43.000  35.295450     9.0690    3.31107     42.637    32.9813    25.5275 0.0000e+00
