data/oxygen options/ONMS/Olympic_Coast_National_Marine_Sanctuary_Hypoxia_Survey_CTD_Data_2004_2015/raw_data/2005/CTD_CA50_070705faed.cnv
* Sea-Bird SBE19 Data File:
* FileName = C:\Hypoxia Data\CA50_070705.hex
* Software Version 1.1.6
* Temperature SN = 2997
* Conductivity SN = 2997
* System UpLoad Time = Jul 07 2005 13:51:10
* SEACAT PROFILER V3.1c SN 2997   07/07/05  13:50:35.909
* strain gauge pressure sensor: S/N = 184829,  range = 3000 psia,  tc = 40
# nquan = 9                                 
# nvalues = 920                         
# units = specified
# name 0 = timeJ: Julian Days
# name 1 = prSM: Pressure, Strain Gauge [db]
# name 2 = c0mS/cm: Conductivity [mS/cm]
# name 3 = t090C: Temperature [ITS-90, deg C]
# name 4 = oxML/L: Oxygen, Beckman/YSI [ml/l]
# name 5 = depSM: Depth [salt water, m], lat = 47.5
# name 6 = sal00: Salinity, Practical [PSU]
# name 7 = sigma-é00: Density [sigma-theta, kg/m^3]
# name 8 = flag: flag
# span 0 = 188.568912, 188.574230       
# span 1 =     -3.371,     50.828       
# span 2 =   0.459542,  38.413517       
# span 3 =     7.8526,    14.5287       
# span 4 =   -0.11758,   25.87343       
# span 5 =     -3.343,     50.398       
# span 6 =     0.2804,    33.4799       
# span 7 =    -0.6108,    26.1022       
# span 8 = 0.0000e+00, 0.0000e+00       
# interval = seconds: 0.5
# start_time = Jul 07 2005 13:39:14 [Instrument's time stamp, header]
# bad_flag = -9.990e-29
*END*
[from data line 161]
 188.569844      3.792  37.727164    13.3604    7.84315      3.760    31.6272    23.7107 -9.990e-29
 188.569850      3.796  37.732449    13.3670    7.83214      3.764    31.6266    23.7090 -9.990e-29
 188.569855      3.810  37.735483    13.3634    7.84501      3.778    31.6325    23.7142 -9.990e-29
 188.569861      3.839  37.733582    13.3503    7.84908      3.807    31.6416    23.7238 -9.990e-29
 188.569867      3.868  37.727575    13.3394    7.85093      3.836    31.6450    23.7287 -9.990e-29
 188.569873      3.882  37.722348    13.3416    7.85649      3.850    31.6383    23.7230 -9.990e-29
 188.569878      3.882  37.723263    13.3521    7.85702      3.850    31.6304    23.7149 -9.990e-29
 188.569884      3.876  37.727609    13.3606    7.85835      3.844    31.6274    23.7109 -9.990e-29
 188.569890      3.873  37.730525    13.3644    7.85264      3.841    31.6270    23.7098 -9.990e-29
 188.569896      3.876  37.731975    13.3644    7.82351      3.844    31.6283    23.7108 -9.990e-29
 188.569902      3.882  37.732208    13.3613    7.80805      3.850    31.6311    23.7136 -9.990e-29
 188.569907      3.890  37.730971    13.3552    7.80110      3.857    31.6350    23.7178 -9.990e-29
 188.569913      3.910  37.728295    13.3457    7.80267      3.877    31.6404    23.7239 -9.990e-29
 188.569919      3.944  37.723976    13.3346    7.82102      3.911    31.6456    23.7301 -9.990e-29
 188.569925      3.980  37.718979    13.3270    7.82583      3.947    31.6472    23.7328 -9.990e-29
 188.569931      4.007  37.715612    13.3266    7.81956      3.974    31.6444    23.7307 -9.990e-29
 188.569936      4.024  37.715549    13.3328    7.81629      3.990    31.6392    23.7255 -9.990e-29
 188.569942      4.032  37.718701    13.3420    7.80016      3.998    31.6345    23.7200 -9.990e-29
 188.569948      4.035  37.723099    13.3491    7.78956      4.001    31.6327    23.7172 -9.990e-29
 188.569954      4.042  37.726193    13.3496    7.78399      4.008    31.6352    23.7190 -9.990e-29
 188.569959      4.057  37.726503    13.3405    7.76304      4.023    31.6430    23.7269 -9.990e-29
 188.569965      4.078  37.722758    13.3257    7.75702      4.044    31.6518    23.7366 -9.990e-29
 188.569971      4.097  37.716132    13.3139    7.76495      4.063    31.6554    23.7418 -9.990e-29
 188.569977      4.111  37.711245    13.3103    7.77795      4.077    31.6538    23.7412 -9.990e-29
 188.569983      4.121  37.709988    13.3132    7.79410      4.087    31.6502    23.7379 -9.990e-29
 188.569988      4.128  37.710678    13.3197    7.78943      4.094    31.6455    23.7329 -9.990e-29
 188.569994      4.132  37.712551    13.3280    7.77692      4.097    31.6403    23.7273 -9.990e-29
 188.570000      4.133  37.715858    13.3330    7.76256      4.098    31.6393    23.7255 -9.990e-29
 188.570006      4.136  37.718278    13.3296    7.76712      4.101    31.6443    23.7301 -9.990e-29
 188.570012      4.149  37.716871    13.3208    7.76727      4.114    31.6503    23.7365 -9.990e-29
 188.570017      4.173  37.713123    13.3138    7.76915      4.138    31.6527    23.7396 -9.990e-29
 188.570023      4.198  37.710446    13.3123    7.77390      4.163    31.6514    23.7390 -9.990e-29
 188.570029      4.215  37.710312    13.3155    7.76904      4.180    31.6486    23.7362 -9.990e-29
 188.570035      4.231  37.711979    13.3201    7.75849      4.196    31.6463    23.7335 -9.990e-29
 188.570041      4.251  37.713741    13.3233    7.77203      4.215    31.6453    23.7321 -9.990e-29
 188.570046      4.271  37.714579    13.3238    7.79016      4.235    31.6457    23.7323 -9.990e-29
 188.570052      4.284  37.714489    13.3235    7.80703      4.248    31.6458    23.7325 -9.990e-29
 188.570058      4.288  37.714469    13.3269    7.81402      4.252    31.6430    23.7296 -9.990e-29
 188.570064      4.286  37.716174    13.3355    7.80155      4.250    31.6374    23.7236 -9.990e-29
 188.570069      4.286  37.720190    13.3450    7.79818      4.250    31.6333    23.7185 -9.990e-29
 188.570075      4.294  37.724582    13.3502    7.79939      4.258    31.6331    23.7173 -9.990e-29
 188.570081      4.310  37.726794    13.3497    7.80794      4.274    31.6355    23.7193 -9.990e-29
 188.570087      4.329  37.726409    13.3455    7.80348      4.293    31.6387    23.7226 -9.990e-29
 188.570093      4.346  37.724594    13.3421    7.78226      4.310    31.6398    23.7241 -9.990e-29
 188.570098      4.357  37.723412    13.3419    7.77267      4.321    31.6388    23.7234 -9.990e-29
 188.570104      4.363  37.723525    13.3422    7.78799      4.327    31.6387    23.7232 -9.990e-29
 188.570110      4.367  37.723399    13.3408    7.78947      4.331    31.6397    23.7243 -9.990e-29
 188.570116      4.376  37.722305    13.3391    7.77799      4.339    31.6401    23.7250 -9.990e-29
 188.570122      4.384  37.721025    13.3386    7.75904      4.347    31.6393    23.7245 -9.990e-29
 188.570127      4.389  37.720652    13.3382    7.75142      4.352    31.6393    23.7245 -9.990e-29
 188.570133      4.390  37.720685    13.3351    7.77335      4.353    31.6419    23.7272 -9.990e-29
 188.570139      4.389  37.719484    13.3301    7.79859      4.352    31.6450    23.7305 -9.990e-29
 188.570145      4.384  37.717130    13.3283    7.79355      4.347    31.6443    23.7303 -9.990e-29
 188.570150      4.375  37.716087    13.3329    7.77301      4.338    31.6395    23.7257 -9.990e-29
 188.570156      4.366  37.718327    13.3408    7.74820      4.330    31.6350    23.7207 -9.990e-29
 188.570162      4.365  37.722346    13.3456    7.74705      4.329    31.6348    23.7195 -9.990e-29
 188.570168      4.376  37.724529    13.3433    7.77570      4.339    31.6387    23.7230 -9.990e-29
 188.570174      4.392  37.723299    13.3367    7.78175      4.355    31.6430    23.7277 -9.990e-29
 188.570179      4.400  37.720379    13.3323    7.78320      4.363    31.6440    23.7293 -9.990e-29
 188.570185      4.401  37.718603    13.3337    7.76508      4.364    31.6411    23.7268 -9.990e-29
 188.570191      4.403  37.719525    13.3392    7.75711      4.366    31.6374    23.7229 -9.990e-29
 188.570197      4.416  37.722129    13.3426    7.74987      4.379    31.6370    23.7219 -9.990e-29
 188.570203      4.440  37.723715    13.3389    7.76699      4.403    31.6416    23.7261 -9.990e-29
 188.570208      4.468  37.722471    13.3315    7.77652      4.431    31.6466    23.7314 -9.990e-29
 188.570214      4.494  37.719539    13.3273    7.77747      4.456    31.6473    23.7328 -9.990e-29
 188.570220      4.510  37.717737    13.3284    7.78200      4.472    31.6447    23.7306 -9.990e-29
 188.570226      4.517  37.718023    13.3316    7.78495      4.479    31.6423    23.7281 -9.990e-29
 188.570231      4.525  37.719094    13.3340    7.79935      4.487    31.6413    23.7269 -9.990e-29
 188.570237      4.535  37.720132    13.3365    7.79695      4.497    31.6402    23.7255 -9.990e-29
 188.570243      4.537  37.721398    13.3407    7.79512      4.499    31.6379    23.7229 -9.990e-29
 188.570249      4.532  37.723454    13.3464    7.77263      4.494    31.6351    23.7196 -9.990e-29
 188.570255      4.529  37.726237    13.3495    7.76648      4.491    31.6351    23.7190 -9.990e-29
 188.570260      4.531  37.727287    13.3452    7.75916      4.493    31.6396    23.7234 -9.990e-29
 188.570266      4.539  37.724637    13.3347    7.73916      4.501    31.6459    23.7303 -9.990e-29
 188.570272      4.553  37.719803    13.3257    7.74206      4.515    31.6489    23.7344 -9.990e-29
 188.570278      4.570  37.715869    13.3233    7.73583      4.532    31.6472    23.7335 -9.990e-29
 188.570284      4.582  37.714876    13.3249    7.74269      4.544    31.6449    23.7315 -9.990e-29
 188.570289      4.590  37.716053    13.3254    7.73742      4.552    31.6456    23.7319 -9.990e-29
 188.570295      4.604  37.716481    13.3242    7.72181      4.566    31.6470    23.7332 -9.990e-29
 188.570301      4.623  37.715610    13.3241    7.73192      4.584    31.6462    23.7327 -9.990e-29
 188.570307      4.641  37.715641    13.3245    7.73286      4.602    31.6459    23.7323 -9.990e-29
 188.570313      4.654  37.716049    13.3230    7.73985      4.615    31.6476    23.7339 -9.990e-29
 188.570318      4.664  37.714572    13.3203    7.74034      4.625    31.6484    23.7351 -9.990e-29
 188.570324      4.671  37.712043    13.3177    7.73543      4.632    31.6482    23.7355 -9.990e-29
 188.570330      4.675  37.710882    13.3161    7.74020      4.636    31.6485    23.7360 -9.990e-29
 188.570336      4.678  37.711222    13.3162    7.74936      4.639    31.6487    23.7361 -9.990e-29
 188.570341      4.678  37.712022    13.3173    7.76098      4.639    31.6485    23.7358 -9.990e-29
 188.570347      4.675  37.712663    13.3186    7.76883      4.636    31.6480    23.7351 -9.990e-29
 188.570353      4.671  37.713068    13.3214    7.76844      4.632    31.6461    23.7331 -9.990e-29
 188.570359      4.664  37.714338    13.3273    7.76207      4.625    31.6424    23.7290 -9.990e-29
 188.570365      4.654  37.717047    13.3345    7.75105      4.615    31.6389    23.7250 -9.990e-29
 188.570370      4.645  37.719759    13.3388    7.73207      4.606    31.6379    23.7233 -9.990e-29
 188.570376      4.641  37.721047    13.3373    7.73903      4.602    31.6403    23.7255 -9.990e-29
 188.570382      4.640  37.720386    13.3300    7.72645      4.601    31.6458    23.7312 -9.990e-29
 188.570388      4.643  37.717460    13.3196    7.73016      4.604    31.6517    23.7378 -9.990e-29
 188.570394      4.651  37.713416    13.3119    7.74115      4.612    31.6543    23.7413 -9.990e-29
 188.570399      4.663  37.710712    13.3111    7.73920      4.624    31.6525    23.7400 -9.990e-29
 188.570405      4.676  37.710787    13.3156    7.74729      4.637    31.6488    23.7363 -9.990e-29
 188.570411      4.687  37.712621    13.3201    7.73513      4.648    31.6467    23.7339 -9.990e-29
 188.570417      4.697  37.714172    13.3219    7.72089      4.658    31.6467    23.7335 -9.990e-29
 188.570422      4.706  37.714708    13.3215    7.72018      4.667    31.6475    23.7342 -9.990e-29
 188.570428      4.714  37.714384    13.3197    7.71399      4.675    31.6487    23.7355 -9.990e-29
 188.570434      4.722  37.713890    13.3167    7.72651      4.683    31.6507    23.7376 -9.990e-29
 188.570440      4.732  37.713128    13.3128    7.72891      4.692    31.6533    23.7403 -9.990e-29
 188.570446      4.742  37.711645    13.3105    7.71580      4.702    31.6538    23.7412 -9.990e-29
 188.570451      4.755  37.710828    13.3104    7.70987      4.715    31.6531    23.7407 -9.990e-29
 188.570457      4.770  37.710710    13.3099    7.70776      4.730    31.6534    23.7410 -9.990e-29
 188.570463      4.789  37.710013    13.3076    7.72186      4.749    31.6547    23.7424 -9.990e-29
 188.570469      4.809  37.708930    13.3046    7.74495      4.769    31.6561    23.7442 -9.990e-29
 188.570475      4.822  37.708261    13.3049    7.75558      4.782    31.6553    23.7434 -9.990e-29
 188.570480      4.825  37.708796    13.3111    7.75730      4.785    31.6506    23.7386 -9.990e-29
 188.570486      4.818  37.711250    13.3203    7.74450      4.778    31.6452    23.7327 -9.990e-29
 188.570492      4.806  37.714969    13.3274    7.73304      4.766    31.6428    23.7294 -9.990e-29
 188.570498      4.799  37.717622    13.3289    7.72752      4.759    31.6441    23.7300 -9.990e-29
 188.570503      4.807  37.717703    13.3253    7.72677      4.767    31.6471    23.7331 -9.990e-29
 188.570509      4.821  37.715885    13.3205    7.72416      4.781    31.6494    23.7358 -9.990e-29
 188.570515      4.829  37.714231    13.3181    7.70064      4.789    31.6499    23.7367 -9.990e-29
 188.570521      4.831  37.713898    13.3171    7.69249      4.791    31.6504    23.7373 -9.990e-29
 188.570527      4.837  37.713884    13.3150    7.71019      4.797    31.6521    23.7390 -9.990e-29
 188.570532      4.851  37.713048    13.3109    7.72313      4.810    31.6547    23.7418 -9.990e-29
 188.570538      4.870  37.711398    13.3059    7.73270      4.829    31.6573    23.7448 -9.990e-29
 188.570544      4.886  37.709540    13.3039    7.73585      4.845    31.6573    23.7452 -9.990e-29
 188.570550      4.896  37.708922    13.3076    7.73155      4.855    31.6536    23.7416 -9.990e-29
 188.570556      4.901  37.710400    13.3140    7.74493      4.860    31.6497    23.7373 -9.990e-29
 188.570561      4.901  37.712581    13.3181    7.75049      4.860    31.6483    23.7354 -9.990e-29
 188.570567      4.896  37.713888    13.3193    7.73889      4.855    31.6485    23.7354 -9.990e-29
 188.570573      4.886  37.714384    13.3208    7.71501      4.845    31.6477    23.7345 -9.990e-29
 188.570579      4.874  37.715294    13.3235    7.70329      4.833    31.6463    23.7329 -9.990e-29
 188.570584      4.868  37.716709    13.3231    7.69082      4.827    31.6480    23.7342 -9.990e-29
 188.570590      4.872  37.716592    13.3161    7.70191      4.831    31.6537    23.7400 -9.990e-29
 188.570596      4.882  37.714229    13.3063    7.71830      4.841    31.6596    23.7466 -9.990e-29
 188.570602      4.890  37.711518    13.2998    7.71245      4.849    31.6625    23.7501 -9.990e-29
 188.570608      4.892  37.709890    13.2993    7.71329      4.851    31.6614    23.7493 -9.990e-29
 188.570613      4.889  37.709415    13.3035    7.70804      4.848    31.6575    23.7454 -9.990e-29
 188.570619      4.884  37.710020    13.3090    7.70869      4.843    31.6535    23.7412 -9.990e-29
 188.570625      4.886  37.711394    13.3135    7.72678      4.845    31.6510    23.7385 -9.990e-29
 188.570631      4.900  37.712566    13.3152    7.73208      4.859    31.6507    23.7379 -9.990e-29
 188.570637      4.920  37.712858    13.3148    7.73839      4.879    31.6513    23.7384 -9.990e-29
 188.570642      4.938  37.712662    13.3150    7.74710      4.897    31.6509    23.7381 -9.990e-29
 188.570648      4.944  37.712838    13.3172    7.74307      4.903    31.6493    23.7364 -9.990e-29
 188.570654      4.943  37.713618    13.3207    7.74623      4.902    31.6471    23.7340 -9.990e-29
 188.570660      4.940  37.714923    13.3250    7.76144      4.899    31.6447    23.7313 -9.990e-29
 188.570666      4.935  37.716815    13.3306    7.76414      4.894    31.6418    23.7280 -9.990e-29
 188.570671      4.931  37.719011    13.3366    7.76675      4.890    31.6389    23.7245 -9.990e-29
 188.570677      4.933  37.721078    13.3410    7.74115      4.892    31.6372    23.7223 -9.990e-29
 188.570683      4.941  37.722407    13.3418    7.71801      4.900    31.6378    23.7226 -9.990e-29
 188.570689      4.954  37.722529    13.3380    7.72138      4.913    31.6410    23.7259 -9.990e-29
 188.570694      4.970  37.721608    13.3306    7.74041      4.928    31.6463    23.7314 -9.990e-29
 188.570700      4.985  37.719539    13.3233    7.74744      4.943    31.6504    23.7361 -9.990e-29
 188.570706      4.997  37.716929    13.3205    7.74156      4.955    31.6503    23.7365 -9.990e-29
 188.570712      4.997  37.715904    13.3232    7.72145      4.955    31.6471    23.7335 -9.990e-29
 188.570718      4.985  37.716780    13.3286    7.72450      4.943    31.6435    23.7296 -9.990e-29
 188.570723      4.974  37.718482    13.3320    7.74014      4.932    31.6422    23.7280 -9.990e-29
 188.570729      4.975  37.719918    13.3291    7.74786      4.933    31.6460    23.7315 -9.990e-29
 188.570735      4.984  37.719079    13.3236    7.75437      4.942    31.6498    23.7355 -9.990e-29
 188.570741      4.989  37.717092    13.3239    7.75144      4.947    31.6476    23.7338 -9.990e-29
 188.570747      4.991  37.717477    13.3307    7.75169      4.949    31.6424    23.7284 -9.990e-29
 188.570752      4.993  37.720183    13.3376    7.75206      4.951    31.6391    23.7245 -9.990e-29
 188.570758      4.996  37.722650    13.3402    7.74417      4.954    31.6393    23.7241 -9.990e-29
