data/oxygen options/ONMS/Olympic_Coast_National_Marine_Sanctuary_Hypoxia_Survey_CTD_Data_2004_2015/raw_data/2005/CTD_CE90_081605faed.cnv
* Sea-Bird SBE19 Data File:
* FileName = C:\Hypoxia Data\CE90_081605.hex
* Software Version 1.1.6
* Temperature SN = 2997
* Conductivity SN = 2997
* System UpLoad Time = Aug 16 2005 12:22:45
* SEACAT PROFILER V3.1c SN 2997   08/16/05  12:22:04.789
* strain gauge pressure sensor: S/N = 184829,  range = 3000 psia,  tc = 40
# nquan = 9                                 
# nvalues = 1503                        
# units = specified
# name 0 = timeJ: Julian Days
# name 1 = prSM: Pressure, Strain Gauge [db]
# name 2 = c0mS/cm: Conductivity [mS/cm]
# name 3 = t090C: Temperature [ITS-90, deg C]
# name 4 = oxML/L: Oxygen, Beckman/YSI [ml/l]
# name 5 = depSM: Depth [salt water, m], lat = 47.5
# name 6 = sal00: Salinity, Practical [PSU]
# name 7 = sigma-é00: Density [sigma-theta, kg/m^3]
# name 8 = flag: flag
# span 0 = 228.505486, 228.514178       
# span 1 =     -2.827,     92.913       
# span 2 =   3.717418,  36.515314       
# span 3 =     7.1483,    12.1747       
# span 4 =   -0.10501,   29.85673       
# span 5 =     -2.803,     92.117       
# span 6 =     2.8445,    33.9367       
# span 7 =     1.7946,    26.5608       
# span 8 = 0.0000e+00, 0.0000e+00       
# interval = seconds: 0.5
# start_time = Aug 16 2005 12:07:54 [Instrument's time stamp, header]
# bad_flag = -9.990e-29
*END*
[from data line 961]
 228.511047     68.676  34.453638     7.2193    2.82568     68.091    33.8353    26.4720 0.0000e+00
 228.511053     69.120  34.452094     7.2114    2.80917     68.532    33.8412    26.4777 0.0000e+00
 228.511059     69.518  34.451155     7.2084    2.80053     68.926    33.8429    26.4795 0.0000e+00
 228.511065     69.869  34.450676     7.2076    2.79394     69.274    33.8430    26.4796 0.0000e+00
 228.511071     70.183  34.450567     7.2065    2.79369     69.585    33.8438    26.4804 0.0000e+00
 228.511076     70.470  34.450678     7.2043    2.78672     69.870    33.8459    26.4824 0.0000e+00
 228.511082     70.733  34.451152     7.2021    2.78233     70.131    33.8485    26.4847 0.0000e+00
 228.511088     70.959  34.452055     7.2011    2.78157     70.355    33.8503    26.4863 0.0000e+00
 228.511094     71.135  34.452903     7.2011    2.77959     70.529    33.8512    26.4870 0.0000e+00
 228.511100     71.269  34.453141     7.2015    2.78285     70.662    33.8510    26.4868 -9.990e-29
 228.511105     71.374  34.453083     7.2021    2.79017     70.766    33.8503    26.4862 -9.990e-29
 228.511111     71.456  34.453211     7.2022    2.79666     70.847    33.8503    26.4861 -9.990e-29
 228.511117     71.525  34.453135     7.2017    2.80089     70.916    33.8507    26.4865 -9.990e-29
 228.511123     71.585  34.452753     7.2012    2.79276     70.975    33.8507    26.4866 -9.990e-29
 228.511128     71.636  34.452673     7.2010    2.78786     71.026    33.8508    26.4867 -9.990e-29
 228.511134     71.681  34.452788     7.2007    2.78434     71.070    33.8512    26.4871 -9.990e-29
 228.511140     71.718  34.452689     7.2003    2.78936     71.107    33.8514    26.4873 -9.990e-29
 228.511146     71.746  34.452802     7.2008    2.80527     71.135    33.8511    26.4870 -9.990e-29
 228.511152     71.766  34.453275     7.2022    2.80499     71.155    33.8502    26.4861 -9.990e-29
 228.511157     71.780  34.453617     7.2038    2.80660     71.169    33.8490    26.4849 -9.990e-29
 228.511163     71.793  34.453721     7.2047    2.80548     71.181    33.8482    26.4842 -9.990e-29
 228.511169     71.813  34.453723     7.2042    2.79604     71.201    33.8487    26.4846 -9.990e-29
 228.511175     71.848  34.453626     7.2026    2.78994     71.236    33.8501    26.4860 -9.990e-29
 228.511181     71.894  34.453299     7.2007    2.78886     71.282    33.8516    26.4874 -9.990e-29
 228.511186     71.938  34.452865     7.1995    2.79073     71.325    33.8523    26.4881 -9.990e-29
 228.511192     71.961  34.452863     7.1994    2.78845     71.348    33.8524    26.4882 -9.990e-29
 228.511198     71.955  34.453287     7.2000    2.79035     71.342    33.8523    26.4880 -9.990e-29
 228.511204     71.926  34.453579     7.2005    2.78277     71.313    33.8521    26.4878 -9.990e-29
 228.511209     71.879  34.453566     7.2006    2.78345     71.267    33.8520    26.4878 -9.990e-29
 228.511215     71.820  34.453230     7.2004    2.79424     71.208    33.8519    26.4877 -9.990e-29
 228.511221     71.758  34.452681     7.2004    2.79000     71.147    33.8513    26.4872 -9.990e-29
 228.511227     71.707  34.452309     7.2006    2.78389     71.096    33.8507    26.4867 -9.990e-29
 228.511233     71.679  34.452177     7.2005    2.78050     71.068    33.8507    26.4867 -9.990e-29
 228.511238     71.687  34.452109     7.2001    2.77878     71.076    33.8510    26.4870 -9.990e-29
 228.511244     71.730  34.452014     7.1995    2.78375     71.119    33.8515    26.4875 -9.990e-29
 228.511250     71.795  34.451763     7.1990    2.77940     71.183    33.8517    26.4877 -9.990e-29
 228.511256     71.859  34.451577     7.1988    2.78392     71.247    33.8516    26.4877 -9.990e-29
 228.511262     71.905  34.451765     7.1990    2.77138     71.292    33.8516    26.4877 -9.990e-29
 228.511267     71.925  34.452014     7.1995    2.77000     71.312    33.8514    26.4874 -9.990e-29
 228.511273     71.918  34.452093     7.2001    2.77158     71.305    33.8509    26.4869 -9.990e-29
 228.511279     71.893  34.452108     7.2005    2.77152     71.281    33.8505    26.4866 -9.990e-29
 228.511285     71.857  34.452077     7.2005    2.78593     71.245    33.8505    26.4866 -9.990e-29
 228.511291     71.817  34.451957     7.2003    2.78774     71.205    33.8506    26.4867 -9.990e-29
 228.511296     71.777  34.451587     7.2002    2.78017     71.166    33.8503    26.4865 -9.990e-29
 228.511302     71.749  34.451032     7.2002    2.76988     71.138    33.8497    26.4860 -9.990e-29
 228.511308     71.748  34.450672     7.2002    2.78005     71.137    33.8493    26.4857 -9.990e-29
 228.511314     71.790  34.450590     7.1998    2.78528     71.178    33.8496    26.4860 -9.990e-29
 228.511319     71.879  34.450675     7.1994    2.77640     71.267    33.8500    26.4864 -9.990e-29
 228.511325     71.990  34.451037     7.1994    2.78060     71.377    33.8504    26.4866 -9.990e-29
 228.511331     72.100  34.451596     7.1993    2.77498     71.486    33.8510    26.4872 -9.990e-29
 228.511337     72.213  34.451970     7.1992    2.77893     71.598    33.8515    26.4875 -9.990e-29
 228.511343     72.343  34.452097     7.1994    2.77630     71.727    33.8514    26.4874 0.0000e+00
 228.511348     72.500  34.452146     7.1997    2.77112     71.882    33.8511    26.4871 0.0000e+00
 228.511354     72.679  34.452179     7.1999    2.77071     72.060    33.8508    26.4869 0.0000e+00
 228.511360     72.876  34.452237     7.1998    2.77222     72.255    33.8509    26.4870 0.0000e+00
 228.511366     73.090  34.452396     7.1997    2.76844     72.467    33.8510    26.4871 0.0000e+00
 228.511372     73.327  34.452865     7.1999    2.75834     72.702    33.8512    26.4873 0.0000e+00
 228.511377     73.588  34.453707     7.2003    2.74912     72.961    33.8516    26.4875 0.0000e+00
 228.511383     73.878  34.454920     7.2011    2.74901     73.248    33.8520    26.4877 0.0000e+00
 228.511389     74.205  34.456996     7.2026    2.71605     73.572    33.8527    26.4880 0.0000e+00
 228.511395     74.575  34.461020     7.2047    2.69072     73.939    33.8548    26.4894 0.0000e+00
 228.511400     74.980  34.467870     7.2076    2.66650     74.341    33.8593    26.4925 0.0000e+00
 228.511406     75.412  34.477145     7.2115    2.63907     74.769    33.8654    26.4968 0.0000e+00
 228.511412     75.865  34.488317     7.2159    2.62394     75.218    33.8730    26.5022 0.0000e+00
 228.511418     76.329  34.500580     7.2200    2.61705     75.678    33.8821    26.5088 0.0000e+00
 228.511424     76.786  34.511781     7.2230    2.60785     76.131    33.8912    26.5155 0.0000e+00
 228.511429     77.223  34.520034     7.2245    2.59357     76.564    33.8985    26.5211 0.0000e+00
 228.511435     77.642  34.525128     7.2253    2.58121     76.980    33.9031    26.5246 0.0000e+00
 228.511441     78.052  34.529367     7.2257    2.56500     77.386    33.9071    26.5277 0.0000e+00
 228.511447     78.459  34.533915     7.2251    2.55321     77.789    33.9125    26.5320 0.0000e+00
 228.511453     78.853  34.536986     7.2235    2.55186     78.180    33.9172    26.5360 0.0000e+00
 228.511458     79.218  34.538184     7.2217    2.54860     78.542    33.9201    26.5385 0.0000e+00
 228.511464     79.542  34.538540     7.2207    2.53779     78.863    33.9213    26.5396 0.0000e+00
 228.511470     79.825  34.538525     7.2205    2.53133     79.143    33.9214    26.5397 0.0000e+00
 228.511476     80.076  34.538118     7.2201    2.53047     79.392    33.9212    26.5396 0.0000e+00
 228.511481     80.306  34.537332     7.2186    2.53281     79.620    33.9217    26.5402 0.0000e+00
 228.511487     80.510  34.536241     7.2166    2.53696     79.822    33.9224    26.5410 0.0000e+00
 228.511493     80.670  34.535067     7.2156    2.53617     79.981    33.9220    26.5408 -9.990e-29
 228.511499     80.783  34.534483     7.2157    2.52397     80.093    33.9212    26.5402 -9.990e-29
 228.511505     80.866  34.534828     7.2162    2.52585     80.175    33.9210    26.5400 -9.990e-29
 228.511510     80.940  34.535439     7.2160    2.52377     80.249    33.9219    26.5407 -9.990e-29
 228.511516     81.019  34.535449     7.2148    2.52805     80.327    33.9230    26.5418 -9.990e-29
 228.511522     81.099  34.534871     7.2133    2.52699     80.406    33.9238    26.5426 -9.990e-29
 228.511528     81.168  34.534053     7.2127    2.52712     80.475    33.9235    26.5424 -9.990e-29
 228.511534     81.218  34.533584     7.2131    2.51530     80.524    33.9226    26.5417 -9.990e-29
 228.511539     81.252  34.533956     7.2135    2.50665     80.558    33.9226    26.5416 -9.990e-29
 228.511545     81.280  34.534542     7.2132    2.50819     80.586    33.9235    26.5424 -9.990e-29
 228.511551     81.309  34.534440     7.2123    2.50384     80.615    33.9242    26.5431 -9.990e-29
 228.511557     81.337  34.533511     7.2115    2.51829     80.642    33.9240    26.5430 -9.990e-29
 228.511563     81.352  34.532759     7.2115    2.52339     80.657    33.9232    26.5424 -9.990e-29
 228.511568     81.347  34.532858     7.2124    2.51780     80.652    33.9224    26.5416 -9.990e-29
 228.511574     81.330  34.533378     7.2133    2.51758     80.635    33.9221    26.5413 -9.990e-29
 228.511580     81.316  34.533889     7.2136    2.51506     80.621    33.9223    26.5414 -9.990e-29
 228.511586     81.315  34.533952     7.2134    2.51640     80.620    33.9226    26.5417 -9.990e-29
 228.511591     81.320  34.533648     7.2132    2.52698     80.625    33.9225    26.5416 -9.990e-29
 228.511597     81.325  34.533693     7.2136    2.52856     80.630    33.9221    26.5413 -9.990e-29
 228.511603     81.324  34.534143     7.2142    2.52851     80.629    33.9220    26.5411 -9.990e-29
 228.511609     81.323  34.534477     7.2142    2.51901     80.628    33.9224    26.5414 -9.990e-29
 228.511615     81.325  34.534576     7.2133    2.51384     80.630    33.9234    26.5423 -9.990e-29
 228.511620     81.331  34.534012     7.2112    2.50599     80.636    33.9248    26.5437 -9.990e-29
 228.511626     81.337  34.532032     7.2082    2.49885     80.642    33.9256    26.5447 -9.990e-29
 228.511632     81.334  34.529355     7.2063    2.50073     80.639    33.9246    26.5442 -9.990e-29
 228.511638     81.314  34.528016     7.2070    2.50314     80.619    33.9224    26.5424 -9.990e-29
 228.511644     81.271  34.529030     7.2091    2.50910     80.577    33.9215    26.5414 -9.990e-29
 228.511649     81.216  34.530943     7.2109    2.50589     80.522    33.9218    26.5414 -9.990e-29
 228.511655     81.166  34.532380     7.2122    2.51104     80.473    33.9221    26.5415 -9.990e-29
 228.511661     81.127  34.533578     7.2133    2.52070     80.434    33.9224    26.5415 -9.990e-29
 228.511667     81.099  34.534449     7.2145    2.53068     80.406    33.9222    26.5412 -9.990e-29
 228.511672     81.091  34.535032     7.2156    2.52668     80.398    33.9217    26.5407 -9.990e-29
 228.511678     81.110  34.535545     7.2160    2.51238     80.417    33.9219    26.5407 -9.990e-29
 228.511684     81.166  34.535549     7.2144    2.50505     80.473    33.9234    26.5422 -9.990e-29
 228.511690     81.259  34.534488     7.2100    2.48033     80.565    33.9266    26.5452 -9.990e-29
 228.511696     81.367  34.531507     7.2041    2.47247     80.672    33.9291    26.5480 -9.990e-29
 228.511701     81.465  34.527111     7.1999    2.46628     80.769    33.9283    26.5480 -9.990e-29
 228.511707     81.524  34.523843     7.1987    2.46198     80.828    33.9259    26.5463 -9.990e-29
 228.511713     81.531  34.522944     7.1998    2.47975     80.835    33.9238    26.5445 -9.990e-29
 228.511719     81.500  34.523775     7.2024    2.47930     80.804    33.9222    26.5429 -9.990e-29
 228.511725     81.453  34.525761     7.2049    2.48336     80.757    33.9220    26.5423 -9.990e-29
 228.511730     81.410  34.527625     7.2059    2.48510     80.715    33.9230    26.5430 -9.990e-29
 228.511736     81.375  34.527927     7.2059    2.49132     80.680    33.9234    26.5433 -9.990e-29
 228.511742     81.347  34.527630     7.2063    2.49730     80.652    33.9227    26.5427 -9.990e-29
 228.511748     81.329  34.528018     7.2074    2.49804     80.634    33.9220    26.5420 -9.990e-29
 228.511753     81.331  34.529048     7.2092    2.50344     80.636    33.9214    26.5413 -9.990e-29
 228.511759     81.372  34.530409     7.2111    2.51690     80.677    33.9210    26.5407 -9.990e-29
 228.511765     81.461  34.531487     7.2119    2.52046     80.765    33.9213    26.5409 -9.990e-29
 228.511771     81.598  34.532038     7.2113    2.51868     80.901    33.9224    26.5418 0.0000e+00
 228.511777     81.767  34.532042     7.2102    2.49771     81.069    33.9235    26.5428 0.0000e+00
 228.511782     81.960  34.531494     7.2089    2.48058     81.260    33.9240    26.5434 0.0000e+00
 228.511788     82.176  34.530588     7.2063    2.47175     81.474    33.9255    26.5449 0.0000e+00
 228.511794     82.415  34.528667     7.2022    2.45892     81.711    33.9273    26.5469 0.0000e+00
 228.511800     82.667  34.525401     7.1988    2.45670     81.961    33.9270    26.5471 0.0000e+00
 228.511806     82.919  34.522593     7.1970    2.44548     82.210    33.9255    26.5463 0.0000e+00
 228.511811     83.173  34.521536     7.1960    2.43436     82.462    33.9252    26.5462 0.0000e+00
 228.511817     83.450  34.521370     7.1944    2.41734     82.737    33.9265    26.5474 0.0000e+00
 228.511823     83.771  34.520745     7.1911    2.39628     83.055    33.9289    26.5497 0.0000e+00
 228.511829     84.145  34.518820     7.1862    2.37137     83.426    33.9314    26.5524 0.0000e+00
 228.511834     84.565  34.515823     7.1809    2.34516     83.842    33.9332    26.5545 0.0000e+00
 228.511840     85.024  34.512791     7.1771    2.33120     84.297    33.9334    26.5552 0.0000e+00
 228.511846     85.512  34.510717     7.1752    2.32038     84.781    33.9327    26.5550 0.0000e+00
 228.511852     86.019  34.509626     7.1744    2.31331     85.283    33.9321    26.5546 0.0000e+00
 228.511858     86.532  34.509174     7.1740    2.31215     85.792    33.9317    26.5544 0.0000e+00
 228.511863     87.043  34.509307     7.1736    2.30957     86.298    33.9320    26.5547 0.0000e+00
 228.511869     87.546  34.509631     7.1732    2.31467     86.797    33.9325    26.5551 0.0000e+00
 228.511875     88.033  34.510008     7.1732    2.31175     87.280    33.9327    26.5553 0.0000e+00
 228.511881     88.493  34.510368     7.1735    2.31892     87.736    33.9326    26.5551 0.0000e+00
 228.511887     88.918  34.510620     7.1738    2.32777     88.157    33.9323    26.5549 0.0000e+00
 228.511892     89.312  34.511091     7.1737    2.32775     88.547    33.9328    26.5553 0.0000e+00
 228.511898     89.697  34.511278     7.1719    2.32465     88.929    33.9345    26.5569 0.0000e+00
 228.511904     90.088  34.509741     7.1680    2.31571     89.317    33.9365    26.5590 0.0000e+00
 228.511910     90.489  34.506103     7.1636    2.32290     89.714    33.9367    26.5597 0.0000e+00
 228.511916     90.895  34.502230     7.1602    2.31417     90.117    33.9356    26.5594 0.0000e+00
 228.511921     91.299  34.499675     7.1575    2.30798     90.517    33.9352    26.5595 0.0000e+00
 228.511927     91.691  34.497824     7.1548    2.29229     90.906    33.9357    26.5602 0.0000e+00
 228.511933     92.058  34.495880     7.1523    2.28925     91.269    33.9358    26.5607 0.0000e+00
 228.511939     92.381  34.494042     7.1503    2.29019     91.589    33.9356    26.5608 0.0000e+00
 228.511944     92.643  34.492652     7.1489    2.28781     91.849    33.9354    26.5608 0.0000e+00
 228.511950     92.824  34.491525     7.1483    2.29285     92.029    33.9346    26.5603 -9.990e-29
 228.511956     92.913  34.490832     7.1485    2.29516     92.117    33.9336    26.5595 -9.990e-29
 228.511962     92.909  34.490759     7.1493    2.30033     92.113    33.9328    26.5587 -9.990e-29
