data/oxygen options/ONMS/Olympic_Coast_National_Marine_Sanctuary_Hypoxia_Survey_CTD_Data_2004_2015/raw_data/2005/CTD_CA80_062205faed.cnv
* Sea-Bird SBE19 Data File:
* FileName = C:\hypoxia CTD data\CA90_062205.hex
* Software Version 1.1.5
* Temperature SN = 2997
* Conductivity SN = 2997
* System UpLoad Time = Jun 22 2005 16:32:51
* SEACAT PROFILER V3.1c SN 2997   06/22/05  16:32:17.924
* strain gauge pressure sensor: S/N = 184829,  range = 3000 psia,  tc = 40
# nquan = 9                                 
# nvalues = 756                         
# units = specified
# name 0 = timeJ: Julian Days
# name 1 = prSM: Pressure, Strain Gauge [db]
# name 2 = c0mS/cm: Conductivity [mS/cm]
# name 3 = t090C: Temperature [ITS-90, deg C]
# name 4 = oxML/L: Oxygen, Beckman/YSI [ml/l]
# name 5 = depSM: Depth [salt water, m], lat = 47.5
# name 6 = sal00: Salinity, Practical [PSU]
# name 7 = sigma-é00: Density [sigma-theta, kg/m^3]
# name 8 = flag: flag
# span 0 = 173.625035, 173.629404       
# span 1 =     -2.373,     80.745       
# span 2 =   6.674459,  38.009664       
# span 3 =     7.7834,    14.1156       
# span 4 =   -0.09885,   26.91302       
# span 5 =     -2.353,     80.055       
# span 6 =     6.7467,    33.6658       
# span 7 =     4.5227,    26.2570       
# span 8 = 0.0000e+00, 0.0000e+00       
# interval = seconds: 0.5
# start_time = Jun 22 2005 15:00:03 [Instrument's time stamp, header]
# bad_flag = -9.990e-29
*END*
[from data line 161]
 173.625966      2.044  37.966091    14.0612    7.01957      2.027    31.2735    23.2967 -9.990e-29
 173.625972      2.048  37.958105    14.0567    6.99848      2.031    31.2699    23.2948 -9.990e-29
 173.625978      2.041  37.956298    14.0537    6.98758      2.024    31.2706    23.2960 -9.990e-29
 173.625984      2.035  37.952660    14.0512    6.97128      2.018    31.2693    23.2955 -9.990e-29
 173.625990      2.043  37.949642    14.0465    6.95690      2.026    31.2704    23.2973 -9.990e-29
 173.625995      2.064  37.946033    14.0403    6.97397      2.047    31.2721    23.2999 -9.990e-29
 173.626001      2.092  37.941517    14.0328    7.00917      2.075    31.2740    23.3029 -9.990e-29
 173.626007      2.120  37.935688    14.0172    7.04676      2.102    31.2814    23.3117 -9.990e-29
 173.626013      2.146  37.920783    13.9919    7.06078      2.128    31.2882    23.3222 -9.990e-29
 173.626019      2.170  37.894884    13.9750    7.05212      2.152    31.2782    23.3179 -9.990e-29
 173.626024      2.187  37.877866    13.9807    7.01995      2.169    31.2579    23.3011 -9.990e-29
 173.626030      2.189  37.884618    14.0012    6.97684      2.171    31.2475    23.2888 -9.990e-29
 173.626036      2.179  37.903954    14.0260    6.95623      2.161    31.2451    23.2819 -9.990e-29
 173.626042      2.167  37.926335    14.0460    6.95807      2.149    31.2494    23.2812 -9.990e-29
 173.626047      2.163  37.944600    14.0497    6.98738      2.145    31.2631    23.2910 -9.990e-29
 173.626053      2.177  37.947226    14.0340    7.00576      2.159    31.2783    23.3059 -9.990e-29
 173.626059      2.201  37.932678    14.0105    7.00506      2.183    31.2840    23.3151 -9.990e-29
 173.626065      2.223  37.911854    13.9995    6.99448      2.204    31.2738    23.3095 -9.990e-29
 173.626071      2.236  37.903545    14.0106    6.98327      2.217    31.2572    23.2944 -9.990e-29
 173.626076      2.237  37.916304    14.0319    6.97215      2.218    31.2516    23.2858 -9.990e-29
 173.626082      2.234  37.935739    14.0430    6.96162      2.215    31.2604    23.2903 -9.990e-29
 173.626088      2.241  37.942348    14.0409    6.97754      2.222    31.2682    23.2967 -9.990e-29
 173.626094      2.261  37.938230    14.0402    6.99289      2.242    31.2650    23.2944 -9.990e-29
 173.626100      2.288  37.939780    14.0464    6.98302      2.269    31.2613    23.2903 -9.990e-29
 173.626105      2.305  37.948509    14.0525    6.97777      2.286    31.2644    23.2914 -9.990e-29
 173.626111      2.306  37.953630    14.0568    6.95040      2.287    31.2656    23.2915 -9.990e-29
 173.626117      2.296  37.955809    14.0632    6.96153      2.277    31.2624    23.2877 -9.990e-29
 173.626123      2.281  37.962449    14.0709    6.97753      2.262    31.2622    23.2860 -9.990e-29
 173.626128      2.266  37.971197    14.0786    6.96847      2.247    31.2640    23.2858 -9.990e-29
 173.626134      2.248  37.977465    14.0891    6.93489      2.229    31.2612    23.2815 -9.990e-29
 173.626140      2.232  37.985692    14.1023    6.91650      2.213    31.2581    23.2764 -9.990e-29
 173.626146      2.225  37.997886    14.1119    6.92449      2.206    31.2615    23.2771 -9.990e-29
 173.626152      2.235  38.006762    14.1144    6.94428      2.216    31.2676    23.2812 -9.990e-29
 173.626157      2.263  38.009024    14.1115    6.94695      2.244    31.2720    23.2852 -9.990e-29
 173.626163      2.288  38.007137    14.1077    6.92492      2.269    31.2733    23.2871 -9.990e-29
 173.626169      2.292  38.003079    14.1072    6.90453      2.273    31.2700    23.2846 -9.990e-29
 173.626175      2.279  38.000420    14.1076    6.91156      2.260    31.2672    23.2824 -9.990e-29
 173.626181      2.265  37.999549    14.1008    6.93465      2.246    31.2720    23.2874 -9.990e-29
 173.626186      2.270  37.991464    14.0844    6.94881      2.251    31.2779    23.2953 -9.990e-29
 173.626192      2.299  37.973808    14.0670    6.96636      2.280    31.2758    23.2973 -9.990e-29
 173.626198      2.329  37.958383    14.0573    6.96611      2.310    31.2695    23.2944 -9.990e-29
 173.626204      2.348  37.951546    14.0547    6.96803      2.328    31.2654    23.2918 -9.990e-29
 173.626209      2.367  37.950354    14.0534    6.96092      2.347    31.2653    23.2920 -9.990e-29
 173.626215      2.390  37.950421    14.0496    6.91785      2.370    31.2685    23.2952 -9.990e-29
 173.626221      2.419  37.946800    14.0469    6.88446      2.399    31.2673    23.2949 -9.990e-29
 173.626227      2.452  37.944206    14.0488    6.87923      2.432    31.2634    23.2914 -9.990e-29
 173.626233      2.482  37.947601    14.0474    6.91039      2.461    31.2676    23.2950 -9.990e-29
 173.626238      2.507  37.945815    14.0283    6.97964      2.486    31.2815    23.3096 -9.990e-29
 173.626244      2.528  37.924698    13.9895    7.01771      2.507    31.2936    23.3269 -9.990e-29
 173.626250      2.548  37.886952    13.9518    7.00996      2.527    31.2896    23.3314 -9.990e-29
 173.626256      2.562  37.854045    13.9352    6.98935      2.541    31.2729    23.3219 -9.990e-29
 173.626262      2.568  37.842108    13.9437    6.96563      2.547    31.2550    23.3063 -9.990e-29
 173.626267      2.570  37.854294    13.9663    6.96556      2.549    31.2478    23.2962 -9.990e-29
 173.626273      2.572  37.881058    13.9793    6.94213      2.551    31.2618    23.3044 -9.990e-29
 173.626279      2.575  37.893602    13.9745    6.92252      2.553    31.2773    23.3173 -9.990e-29
 173.626285      2.578  37.883989    13.9659    6.93470      2.556    31.2754    23.3176 -9.990e-29
 173.626291      2.587  37.873067    13.9568    6.97677      2.565    31.2728    23.3174 -9.990e-29
 173.626296      2.606  37.864224    13.9388    7.02704      2.584    31.2793    23.3261 -9.990e-29
 173.626302      2.632  37.848482    13.9125    7.03908      2.610    31.2862    23.3368 -9.990e-29
 173.626308      2.658  37.828415    13.8926    7.03561      2.636    31.2839    23.3390 -9.990e-29
 173.626314      2.673  37.814289    13.8922    7.00524      2.651    31.2713    23.3293 -9.990e-29
 173.626319      2.670  37.812506    13.9107    6.96984      2.648    31.2546    23.3127 -9.990e-29
 173.626325      2.652  37.825182    13.9385    6.93644      2.630    31.2436    23.2986 -9.990e-29
 173.626331      2.627  37.849037    13.9634    6.92230      2.605    31.2453    23.2949 -9.990e-29
 173.626337      2.606  37.871024    13.9750    6.93685      2.584    31.2561    23.3008 -9.990e-29
 173.626343      2.601  37.878974    13.9724    6.95189      2.579    31.2655    23.3086 -9.990e-29
 173.626348      2.615  37.875088    13.9614    6.96424      2.593    31.2709    23.3150 -9.990e-29
 173.626354      2.646  37.867098    13.9457    6.96109      2.624    31.2763    23.3224 -9.990e-29
 173.626360      2.677  37.853891    13.9356    6.94505      2.655    31.2724    23.3214 -9.990e-29
 173.626366      2.695  37.843100    13.9420    6.91614      2.672    31.2572    23.3084 -9.990e-29
 173.626372      2.699  37.847824    13.9592    6.91369      2.676    31.2476    23.2975 -9.990e-29
 173.626377      2.699  37.863149    13.9723    6.91248      2.676    31.2510    23.2975 -9.990e-29
 173.626383      2.704  37.875309    13.9720    6.92470      2.681    31.2624    23.3063 -9.990e-29
 173.626389      2.718  37.876415    13.9612    6.94412      2.695    31.2722    23.3161 -9.990e-29
 173.626395      2.738  37.865711    13.9511    6.95143      2.715    31.2706    23.3169 -9.990e-29
 173.626400      2.756  37.853610    13.9495    6.95551      2.733    31.2608    23.3096 -9.990e-29
 173.626406      2.769  37.852588    13.9562    6.94599      2.746    31.2544    23.3033 -9.990e-29
 173.626412      2.778  37.860726    13.9694    6.93192      2.755    31.2511    23.2981 -9.990e-29
 173.626418      2.784  37.873740    13.9866    6.92526      2.761    31.2491    23.2931 -9.990e-29
 173.626424      2.787  37.890485    13.9992    6.92313      2.764    31.2542    23.2945 -9.990e-29
 173.626429      2.791  37.901332    14.0026    6.92044      2.768    31.2614    23.2994 -9.990e-29
 173.626435      2.806  37.902248    14.0036    6.92074      2.783    31.2615    23.2992 -9.990e-29
 173.626441      2.832  37.902881    14.0065    6.92520      2.808    31.2597    23.2972 -9.990e-29
 173.626447      2.862  37.905765    14.0098    6.93872      2.838    31.2596    23.2965 -9.990e-29
 173.626453      2.890  37.907462    14.0121    6.93728      2.866    31.2593    23.2958 -9.990e-29
 173.626458      2.910  37.908558    14.0134    6.92199      2.886    31.2593    23.2955 -9.990e-29
 173.626464      2.917  37.910520    14.0172    6.91268      2.893    31.2580    23.2937 -9.990e-29
 173.626470      2.912  37.914853    14.0259    6.89653      2.888    31.2549    23.2896 -9.990e-29
 173.626476      2.900  37.922856    14.0361    6.89805      2.876    31.2539    23.2868 -9.990e-29
 173.626481      2.892  37.932867    14.0411    6.90559      2.868    31.2591    23.2897 -9.990e-29
 173.626487      2.897  37.937494    14.0360    6.91095      2.873    31.2675    23.2972 -9.990e-29
 173.626493      2.910  37.931137    14.0243    6.91795      2.886    31.2711    23.3024 -9.990e-29
 173.626499      2.924  37.919348    14.0156    6.91872      2.900    31.2674    23.3013 -9.990e-29
 173.626505      2.931  37.912213    14.0152    6.91540      2.907    31.2611    23.2966 -9.990e-29
 173.626510      2.927  37.913121    14.0217    6.91545      2.903    31.2567    23.2918 -9.990e-29
 173.626516      2.917  37.919922    14.0322    6.90463      2.893    31.2544    23.2879 -9.990e-29
 173.626522      2.912  37.929913    14.0426    6.89698      2.888    31.2551    23.2863 -9.990e-29
 173.626528      2.921  37.939598    14.0501    6.89637      2.897    31.2579    23.2870 -9.990e-29
 173.626534      2.940  37.946195    14.0538    6.90508      2.915    31.2610    23.2886 -9.990e-29
 173.626539      2.962  37.949537    14.0535    6.92095      2.937    31.2643    23.2912 -9.990e-29
 173.626545      2.975  37.949038    14.0533    6.91309      2.950    31.2640    23.2910 -9.990e-29
 173.626551      2.967  37.947964    14.0573    6.88641      2.942    31.2597    23.2869 -9.990e-29
 173.626557      2.938  37.951059    14.0655    6.87602      2.913    31.2559    23.2823 -9.990e-29
 173.626563      2.903  37.959091    14.0754    6.87282      2.879    31.2553    23.2798 -9.990e-29
 173.626568      2.881  37.969317    14.0802    6.88040      2.857    31.2608    23.2830 -9.990e-29
 173.626574      2.879  37.972948    14.0774    6.90040      2.855    31.2664    23.2879 -9.990e-29
 173.626580      2.889  37.969226    14.0724    6.90121      2.865    31.2670    23.2894 -9.990e-29
 173.626586      2.894  37.964414    14.0710    6.90180      2.870    31.2637    23.2872 -9.990e-29
 173.626591      2.887  37.962754    14.0790    6.90095      2.863    31.2557    23.2794 -9.990e-29
 173.626597      2.869  37.971573    14.0942    6.88692      2.845    31.2515    23.2730 -9.990e-29
 173.626603      2.855  37.988052    14.1057    6.88175      2.831    31.2572    23.2751 -9.990e-29
 173.626609      2.854  37.998278    14.1074    6.87319      2.830    31.2652    23.2809 -9.990e-29
 173.626615      2.873  37.997389    14.1040    6.86409      2.849    31.2672    23.2831 -9.990e-29
 173.626620      2.906  37.992063    14.0995    6.85098      2.882    31.2659    23.2831 -9.990e-29
 173.626626      2.941  37.985862    14.0927    6.86620      2.916    31.2657    23.2843 -9.990e-29
 173.626632      2.956  37.978371    14.0839    6.86902      2.931    31.2660    23.2863 -9.990e-29
 173.626638      2.946  37.968582    14.0715    6.87608      2.921    31.2671    23.2897 -9.990e-29
 173.626644      2.917  37.954102    14.0491    6.88016      2.893    31.2720    23.2981 -9.990e-29
 173.626649      2.889  37.931896    14.0202    6.87183      2.865    31.2752    23.3064 -9.990e-29
 173.626655      2.878  37.906572    14.0000    6.89168      2.854    31.2683    23.3052 -9.990e-29
 173.626661      2.887  37.893162    13.9915    6.88951      2.863    31.2629    23.3028 -9.990e-29
 173.626667      2.912  37.888369    13.9834    6.87654      2.888    31.2651    23.3061 -9.990e-29
 173.626672      2.943  37.879074    13.9729    6.85889      2.918    31.2651    23.3082 -9.990e-29
 173.626678      2.968  37.868032    13.9652    6.84225      2.943    31.2612    23.3068 -9.990e-29
 173.626684      2.984  37.861839    13.9597    6.85025      2.959    31.2600    23.3069 -9.990e-29
 173.626690      2.997  37.858970    13.9478    6.86728      2.972    31.2670    23.3148 -9.990e-29
 173.626696      3.017  37.849437    13.9269    6.89134      2.992    31.2752    23.3254 -9.990e-29
 173.626701      3.045  37.827825    13.9088    6.89614      3.020    31.2701    23.3251 -9.990e-29
 173.626707      3.068  37.807387    13.9028    6.89313      3.042    31.2561    23.3155 -9.990e-29
 173.626713      3.078  37.800693    13.9087    6.87758      3.052    31.2452    23.3059 -9.990e-29
 173.626719      3.072  37.806107    13.9252    6.86210      3.046    31.2367    23.2960 -9.990e-29
 173.626725      3.065  37.823002    13.9441    6.84668      3.039    31.2369    23.2923 -9.990e-29
 173.626730      3.069  37.841946    13.9542    6.84009      3.043    31.2461    23.2974 -9.990e-29
 173.626736      3.084  37.849514    13.9544    6.84738      3.058    31.2529    23.3026 -9.990e-29
 173.626742      3.098  37.847394    13.9508    6.87079      3.072    31.2539    23.3040 -9.990e-29
 173.626748      3.099  37.842863    13.9486    6.87348      3.073    31.2515    23.3027 -9.990e-29
 173.626753      3.087  37.840540    13.9499    6.85773      3.061    31.2483    23.2999 -9.990e-29
 173.626759      3.070  37.842378    13.9578    6.84279      3.044    31.2436    23.2947 -9.990e-29
 173.626765      3.055  37.851958    13.9718    6.84257      3.029    31.2410    23.2899 -9.990e-29
 173.626771      3.051  37.866918    13.9846    6.85913      3.026    31.2444    23.2898 -9.990e-29
 173.626777      3.060  37.879733    13.9889    6.87476      3.034    31.2526    23.2954 -9.990e-29
 173.626782      3.076  37.885627    13.9856    6.88333      3.050    31.2607    23.3023 -9.990e-29
 173.626788      3.081  37.880129    13.9916    6.86673      3.055    31.2508    23.2934 -9.990e-29
 173.626794      3.068  37.880591    14.0165    6.85162      3.042    31.2310    23.2731 -9.990e-29
 173.626800      3.041  37.903336    14.0438    6.85625      3.016    31.2297    23.2665 -9.990e-29
 173.626806      3.014  37.930463    14.0578    6.86128      2.989    31.2433    23.2741 -9.990e-29
 173.626811      3.008  37.944316    14.0599    6.87018      2.983    31.2543    23.2821 -9.990e-29
 173.626817      3.025  37.944874    14.0585    6.86781      3.000    31.2559    23.2837 -9.990e-29
 173.626823      3.054  37.942424    14.0593    6.85768      3.028    31.2530    23.2813 -9.990e-29
 173.626829      3.085  37.944920    14.0625    6.86130      3.059    31.2527    23.2804 -9.990e-29
 173.626834      3.115  37.949526    14.0677    6.86757      3.089    31.2527    23.2793 -9.990e-29
 173.626840      3.147  37.955097    14.0733    6.85894      3.121    31.2532    23.2786 -9.990e-29
 173.626846      3.176  37.961219    14.0755    6.86492      3.149    31.2570    23.2811 -9.990e-29
 173.626852      3.198  37.963162    14.0745    6.86127      3.171    31.2596    23.2833 -9.990e-29
 173.626858      3.210  37.961840    14.0755    6.87231      3.183    31.2576    23.2815 -9.990e-29
 173.626863      3.211  37.963352    14.0807    6.88399      3.184    31.2548    23.2783 -9.990e-29
 173.626869      3.202  37.969158    14.0869    6.86637      3.175    31.2551    23.2773 -9.990e-29
 173.626875      3.192  37.975227    14.0908    6.85668      3.165    31.2575    23.2783 -9.990e-29
 173.626881      3.191  37.977882    14.0904    6.84496      3.164    31.2602    23.2805 -9.990e-29
