data/oxygen options/ONMS/Olympic_Coast_National_Marine_Sanctuary_Hypoxia_Survey_CTD_Data_2004_2015/raw_data/2005/CTD_CE80_070605faed.cnv
* Sea-Bird SBE19 Data File:
* FileName = C:\Hypoxia Data\CE80_070605.hex
* Software Version 1.1.6
* Temperature SN = 2997
* Conductivity SN = 2997
* System UpLoad Time = Jul 06 2005 16:14:17
* SEACAT PROFILER V3.1c SN 2997   07/06/05  16:14:49.759
* strain gauge pressure sensor: S/N = 184829,  range = 3000 psia,  tc = 40
# nquan = 9                                 
# nvalues = 770                         
# units = specified
# name 0 = timeJ: Julian Days
# name 1 = prSM: Pressure, Strain Gauge [db]
# name 2 = c0mS/cm: Conductivity [mS/cm]
# name 3 = t090C: Temperature [ITS-90, deg C]
# name 4 = oxML/L: Oxygen, Beckman/YSI [ml/l]
# name 5 = depSM: Depth [salt water, m], lat = 47.5
# name 6 = sal00: Salinity, Practical [PSU]
# name 7 = sigma-é00: Density [sigma-theta, kg/m^3]
# name 8 = flag: flag
# span 0 = 187.642002, 187.646453       
# span 1 =     -3.735,     81.954       
# span 2 =   0.677800,  39.664050       
# span 3 =     7.4078,    15.8566       
# span 4 =   -0.09403,   23.16126       
# span 5 =     -3.704,     81.254       
# span 6 =     0.4100,    33.8262       
# span 7 =    -0.6420,    26.4368       
# span 8 = 0.0000e+00, 0.0000e+00       
# interval = seconds: 0.5
# start_time = Jul 06 2005 15:24:29 [Instrument's time stamp, header]
# bad_flag = -9.990e-29
*END*
 187.642002     -3.735 -9.990e-29    15.3829   -0.09397     -3.704 -9.990e-29 -9.990e-29 -9.990e-29
 187.642008     -3.692   0.677800    15.3944   -0.09399     -3.661     0.4100    -0.6420 -9.990e-29
 187.642014     -3.638   1.038853    15.4280   -0.09398     -3.608     0.6386    -0.4707 -9.990e-29
 187.642020     -3.567   2.117945    15.4970   -0.09398     -3.537     1.3452     0.0632 -9.990e-29
 187.642025     -3.464   5.339448    15.5888   -0.09397     -3.435     3.5778     1.7638 -9.990e-29
 187.642031     -3.313  12.198168    15.6837   -0.09397     -3.285     8.6669     5.6439 -9.990e-29
 187.642037     -3.134  22.078509    15.7622   -0.09398     -3.108    16.4806    11.6020 -9.990e-29
 187.642043     -2.954  31.385716    15.8073   -0.09400     -2.929    24.2227    17.5170 -9.990e-29
 187.642049     -2.783  36.690376    15.8255   -0.09397     -2.760    28.7803    21.0074 -9.990e-29
 187.642054     -2.628  38.600857    15.8334   -0.09397     -2.606    30.4445    22.2833 -9.990e-29
 187.642060     -2.491  39.244932    15.8375   -0.09397     -2.470    31.0072    22.7146 -9.990e-29
 187.642066     -2.372  39.466256    15.8394   -0.09398     -2.352    31.2005    22.8626 -9.990e-29
 187.642072     -2.272  39.538645    15.8400   -0.09396     -2.253    31.2637    22.9111 -9.990e-29
 187.642078     -2.193  39.563702    15.8398   -0.09396     -2.175    31.2859    22.9282 -9.990e-29
 187.642083     -2.135  39.577675    15.8392   -0.09396     -2.117    31.2987    22.9381 -9.990e-29
 187.642089     -2.089  39.586326    15.8381   -0.09397     -2.072    31.3072    22.9449 -9.990e-29
 187.642095     -2.049  39.589445    15.8376   -0.09399     -2.032    31.3103    22.9474 -9.990e-29
 187.642101     -2.011  39.586737    15.8387   -0.09399     -1.994    31.3070    22.9446 -9.990e-29
 187.642106     -1.974  39.584723    15.8409   -0.09398     -1.958    31.3035    22.9414 -9.990e-29
 187.642112     -1.935  39.589731    15.8426   -0.09397     -1.919    31.3065    22.9434 -9.990e-29
 187.642118     -1.896  39.593887    15.8427   -0.09397     -1.880    31.3101    22.9461 -9.990e-29
 187.642124     -1.863  39.592109    15.8413   -0.09399     -1.847    31.3096    22.9461 -9.990e-29
 187.642130     -1.834  39.592719    15.8398   -0.09398     -1.819    31.3114    22.9477 -9.990e-29
 187.642135     -1.799  39.601052    15.8386   -0.09398     -1.784    31.3196    22.9544 -9.990e-29
 187.642141     -1.755  39.610305    15.8374   -0.09402     -1.740    31.3287    22.9616 -9.990e-29
 187.642147     -1.712  39.613213    15.8365   -0.09402     -1.698    31.3320    22.9643 -9.990e-29
 187.642153     -1.680  39.609201    15.8360   -0.09401     -1.666    31.3288    22.9620 -9.990e-29
 187.642159     -1.662  39.601926    15.8357   -0.09399     -1.648    31.3227    22.9573 -9.990e-29
 187.642164     -1.652  39.597433    15.8353   -0.09399     -1.638    31.3190    22.9546 -9.990e-29
 187.642170     -1.636  39.599302    15.8345   -0.09399     -1.622    31.3213    22.9565 -9.990e-29
 187.642176     -1.602  39.605013    15.8333   -0.09399     -1.589    31.3273    22.9614 -9.990e-29
 187.642182     -1.550  39.608191    15.8316   -0.09397     -1.537    31.3314    22.9649 -9.990e-29
 187.642188     -1.500  39.609743    15.8289   -0.09400     -1.487    31.3349    22.9682 -9.990e-29
 187.642193     -1.460  39.612331    15.8256   -0.09403     -1.448    31.3397    22.9727 -9.990e-29
 187.642199     -1.428  39.609343    15.8245   -0.09402     -1.416    31.3380    22.9716 -9.990e-29
 187.642205     -1.407  39.600194    15.8260   -0.09400     -1.395    31.3287    22.9641 -9.990e-29
 187.642211     -1.399  39.594037    15.8277   -0.09400     -1.387    31.3219    22.9585 -9.990e-29
 187.642216     -1.395  39.595602    15.8285   -0.09400     -1.383    31.3227    22.9589 -9.990e-29
 187.642222     -1.378  39.602523    15.8293   -0.09397     -1.367    31.3281    22.9630 -9.990e-29
 187.642228     -1.339  39.609479    15.8305   -0.09397     -1.328    31.3333    22.9667 -9.990e-29
 187.642234     -1.282  39.613438    15.8298   -0.09398     -1.271    31.3373    22.9699 -9.990e-29
 187.642240     -1.223  39.616907    15.8259   -0.09399     -1.213    31.3435    22.9755 -9.990e-29
 187.642245     -1.169  39.620058    15.8225   -0.09400     -1.159    31.3489    22.9804 -9.990e-29
 187.642251     -1.131  39.617591    15.8231   -0.09399     -1.122    31.3462    22.9782 -9.990e-29
 187.642257     -1.114  39.611298    15.8258   -0.09397     -1.105    31.3385    22.9717 -9.990e-29
 187.642263     -1.109  39.607408    15.8282   -0.09396     -1.100    31.3332    22.9671 -9.990e-29
 187.642269     -1.098  39.605818    15.8309   -0.09397     -1.089    31.3297    22.9638 -9.990e-29
 187.642274     -1.072  39.606689    15.8340   -0.09398     -1.063    31.3280    22.9618 -9.990e-29
 187.642280     -1.030  39.612900    15.8354   -0.09397     -1.021    31.3323    22.9648 -9.990e-29
 187.642286     -0.973  39.620988    15.8337   -0.09397     -0.965    31.3408    22.9717 -9.990e-29
 187.642292     -0.918  39.626626    15.8307   -0.09397     -0.910    31.3481    22.9780 -9.990e-29
 187.642297     -0.885  39.630633    15.8300   -0.09398     -0.878    31.3522    22.9813 -9.990e-29
 187.642303     -0.861  39.631654    15.8331   -0.09399     -0.854    31.3506    22.9794 -9.990e-29
 187.642309     -0.833  39.629962    15.8373   -0.09396     -0.826    31.3458    22.9748 -9.990e-29
 187.642315     -0.802  39.629508    15.8394   -0.09396     -0.795    31.3437    22.9727 -9.990e-29
 187.642321     -0.773  39.631406    15.8389   -0.09396     -0.767    31.3458    22.9744 -9.990e-29
 187.642326     -0.746  39.633733    15.8377   -0.09397     -0.740    31.3488    22.9770 -9.990e-29
 187.642332     -0.724  39.634018    15.8383   -0.09397     -0.718    31.3485    22.9767 -9.990e-29
 187.642338     -0.703  39.633237    15.8399   -0.09396     -0.697    31.3466    22.9748 -9.990e-29
 187.642344     -0.675  39.633189    15.8399   -0.09395     -0.669    31.3465    22.9748 -9.990e-29
 187.642350     -0.648  39.633844    15.8382   -0.09396     -0.643    31.3484    22.9766 -9.990e-29
 187.642355     -0.634  39.634427    15.8378   -0.09397     -0.629    31.3493    22.9773 -9.990e-29
 187.642361     -0.630  39.634065    15.8401   -0.09397     -0.625    31.3471    22.9752 -9.990e-29
 187.642367     -0.624  39.634554    15.8428   -0.09395     -0.619    31.3454    22.9733 -9.990e-29
 187.642373     -0.608  39.636021    15.8437   -0.09395     -0.603    31.3460    22.9735 -9.990e-29
 187.642378     -0.588  39.637095    15.8432   -0.09395     -0.583    31.3473    22.9746 -9.990e-29
 187.642384     -0.572  39.637558    15.8434   -0.09395     -0.567    31.3476    22.9748 -9.990e-29
 187.642390     -0.555  39.636941    15.8452   -0.09396     -0.550    31.3456    22.9729 -9.990e-29
 187.642396     -0.531  39.636699    15.8465   -0.09396     -0.527    31.3443    22.9716 -9.990e-29
 187.642402     -0.503  39.637668    15.8456   -0.09396     -0.499    31.3459    22.9730 -9.990e-29
 187.642407     -0.481  39.638931    15.8435   -0.09394     -0.477    31.3487    22.9756 -9.990e-29
 187.642413     -0.474  39.639400    15.8431   -0.09395     -0.470    31.3494    22.9763 -9.990e-29
 187.642419     -0.473  39.638612    15.8455   -0.09395     -0.469    31.3468    22.9737 -9.990e-29
 187.642425     -0.463  39.638919    15.8482   -0.09395     -0.459    31.3449    22.9717 -9.990e-29
 187.642431     -0.441  39.641326    15.8494   -0.09395     -0.437    31.3461    22.9723 -9.990e-29
 187.642436     -0.410  39.642909    15.8492   -0.09395     -0.407    31.3476    22.9736 -9.990e-29
 187.642442     -0.379  39.643569    15.8479   -0.09395     -0.376    31.3492    22.9751 -9.990e-29
 187.642448     -0.361  39.644782    15.8469   -0.09395     -0.358    31.3511    22.9767 -9.990e-29
 187.642454     -0.353  39.644832    15.8478   -0.09395     -0.350    31.3504    22.9760 -9.990e-29
 187.642459     -0.347  39.644383    15.8497   13.19771     -0.344    31.3485    22.9741 -9.990e-29
 187.642465     -0.333  39.645676    15.8508   21.91788     -0.330    31.3488    22.9741 -9.990e-29
 187.642471     -0.308  39.647105    15.8510   23.16126     -0.305    31.3499    22.9749 -9.990e-29
 187.642477     -0.277  39.646684    15.8511   20.27819     -0.275    31.3494    22.9745 -9.990e-29
 187.642483     -0.251  39.646132    15.8510   13.13402     -0.249    31.3490    22.9742 -9.990e-29
 187.642488     -0.230  39.646429    15.8512   10.55581     -0.228    31.3491    22.9742 -9.990e-29
 187.642494     -0.206  39.646322    15.8515   10.57860     -0.204    31.3487    22.9739 -9.990e-29
 187.642500     -0.184  39.646266    15.8513   10.56083     -0.182    31.3488    22.9740 -9.990e-29
 187.642506     -0.165  39.646780    15.8506   10.57240     -0.164    31.3498    22.9750 -9.990e-29
 187.642512     -0.150  39.646903    15.8498   10.58263     -0.149    31.3506    22.9757 -9.990e-29
 187.642517     -0.135  39.647394    15.8491   10.59589     -0.134    31.3516    22.9766 -9.990e-29
 187.642523     -0.118  39.649505    15.8486   10.60206     -0.117    31.3538    22.9785 -9.990e-29
 187.642529     -0.091  39.651596    15.8480   10.61341     -0.090    31.3561    22.9804 -9.990e-29
 187.642535     -0.058  39.653125    15.8473   10.62017     -0.058    31.3580    22.9820 -9.990e-29
 187.642541     -0.025  39.654482    15.8469   10.63537     -0.025    31.3595    22.9832 -9.990e-29
 187.642546      0.002  39.655269    15.8469    8.55308      0.002    31.3602    22.9837 -9.990e-29
 187.642552      0.019  39.655444    15.8469    5.71411      0.019    31.3603    22.9839 -9.990e-29
 187.642558      0.033  39.654716    15.8465    4.26083      0.033    31.3600    22.9837 -9.990e-29
 187.642564      0.052  39.653833    15.8453    3.96185      0.052    31.3602    22.9841 -9.990e-29
 187.642569      0.078  39.653337    15.8440    4.95876      0.077    31.3607    22.9848 -9.990e-29
 187.642575      0.100  39.652599    15.8438    5.93645      0.099    31.3602    22.9845 -9.990e-29
 187.642581      0.111  39.652353    15.8443    6.28204      0.110    31.3596    22.9839 -9.990e-29
 187.642587      0.115  39.652866    15.8441    6.46685      0.114    31.3602    22.9844 -9.990e-29
 187.642593      0.122  39.652613    15.8428    6.56486      0.121    31.3610    22.9853 -9.990e-29
 187.642598      0.136  39.651294    15.8412    6.60807      0.135    31.3611    22.9857 -9.990e-29
 187.642604      0.157  39.649991    15.8407    6.63145      0.156    31.3604    22.9853 -9.990e-29
 187.642610      0.188  39.649804    15.8411    6.64039      0.186    31.3599    22.9848 -9.990e-29
 187.642616      0.226  39.650519    15.8413    6.64605      0.224    31.3604    22.9851 -9.990e-29
 187.642622      0.265  39.650882    15.8412    6.65390      0.263    31.3607    22.9854 -9.990e-29
 187.642627      0.298  39.650849    15.8418    6.65731      0.296    31.3602    22.9849 -9.990e-29
 187.642633      0.325  39.651533    15.8434    6.65661      0.322    31.3595    22.9840 -9.990e-29
 187.642639      0.346  39.652757    15.8451    6.64067      0.343    31.3593    22.9834 -9.990e-29
 187.642645      0.366  39.653383    15.8461    6.63374      0.363    31.3590    22.9830 -9.990e-29
 187.642650      0.393  39.653723    15.8464    6.63775      0.390    31.3591    22.9830 -9.990e-29
 187.642656      0.422  39.654263    15.8462    6.64297      0.418    31.3597    22.9835 -9.990e-29
 187.642662      0.447  39.654637    15.8460    6.64995      0.443    31.3602    22.9839 -9.990e-29
 187.642668      0.462  39.654819    15.8461    6.63564      0.458    31.3603    22.9840 -9.990e-29
 187.642674      0.468  39.655083    15.8462    6.63543      0.464    31.3604    22.9841 -9.990e-29
 187.642679      0.472  39.655256    15.8460    6.62866      0.468    31.3607    22.9844 -9.990e-29
 187.642685      0.485  39.655043    15.8455    6.62207      0.481    31.3609    22.9846 -9.990e-29
 187.642691      0.506  39.654757    15.8447    6.62074      0.502    31.3613    22.9851 -9.990e-29
 187.642697      0.525  39.654613    15.8446    6.61549      0.521    31.3612    22.9851 -9.990e-29
 187.642703      0.533  39.654454    15.8449    6.60374      0.529    31.3609    22.9847 -9.990e-29
 187.642708      0.537  39.654102    15.8443    6.59432      0.533    31.3610    22.9850 -9.990e-29
 187.642714      0.544  39.653123    15.8421    6.58021      0.539    31.3619    22.9861 -9.990e-29
 187.642720      0.559  39.650806    15.8391    6.58927      0.554    31.3622    22.9871 -9.990e-29
 187.642726      0.579  39.647084    15.8360    6.59835      0.574    31.3614    22.9871 -9.990e-29
 187.642731      0.593  39.643183    15.8339    6.59208      0.588    31.3596    22.9862 -9.990e-29
 187.642737      0.593  39.641394    15.8333    6.59291      0.588    31.3585    22.9855 -9.990e-29
 187.642743      0.583  39.641588    15.8336    6.58121      0.578    31.3585    22.9854 -9.990e-29
 187.642749      0.570  39.641974    15.8343    6.58074      0.565    31.3582    22.9851 -9.990e-29
 187.642755      0.564  39.643073    15.8346    6.57735      0.559    31.3590    22.9855 -9.990e-29
 187.642760      0.567  39.644109    15.8340    6.57150      0.562    31.3604    22.9867 -9.990e-29
 187.642766      0.579  39.643666    15.8333    6.57138      0.574    31.3605    22.9870 -9.990e-29
 187.642772      0.598  39.642840    15.8333    6.57837      0.593    31.3598    22.9865 -9.990e-29
 187.642778      0.616  39.642775    15.8337    6.58411      0.611    31.3594    22.9861 -9.990e-29
 187.642784      0.630  39.643389    15.8343    6.58198      0.625    31.3595    22.9860 -9.990e-29
 187.642789      0.641  39.644385    15.8351    6.56749      0.636    31.3597    22.9860 -9.990e-29
 187.642795      0.649  39.645411    15.8361    6.54957      0.644    31.3598    22.9859 -9.990e-29
 187.642801      0.654  39.646156    15.8374    6.56693      0.649    31.3594    22.9853 -9.990e-29
 187.642807      0.658  39.647057    15.8385    6.57337      0.653    31.3594    22.9850 -9.990e-29
 187.642812      0.660  39.648198    15.8392    6.55786      0.654    31.3598    22.9852 -9.990e-29
 187.642818      0.661  39.648861    15.8401    6.54673      0.655    31.3597    22.9849 -9.990e-29
 187.642824      0.661  39.649373    15.8415    6.53282      0.655    31.3590    22.9841 -9.990e-29
 187.642830      0.664  39.650422    15.8422    6.53787      0.658    31.3594    22.9842 -9.990e-29
 187.642836      0.678  39.651166    15.8414    6.56167      0.672    31.3607    22.9854 -9.990e-29
 187.642841      0.705  39.650920    15.8400    6.56383      0.699    31.3616    22.9863 -9.990e-29
 187.642847      0.733  39.649922    15.8393    6.55133      0.727    31.3612    22.9862 -9.990e-29
 187.642853      0.752  39.649088    15.8400    6.53837      0.746    31.3599    22.9851 -9.990e-29
 187.642859      0.762  39.649553    15.8414    6.53252      0.756    31.3592    22.9842 -9.990e-29
 187.642865      0.774  39.650819    15.8426    6.53237      0.768    31.3594    22.9841 -9.990e-29
 187.642870      0.791  39.651776    15.8429    6.53495      0.784    31.3600    22.9845 -9.990e-29
 187.642876      0.815  39.652021    15.8426    6.53475      0.808    31.3604    22.9849 -9.990e-29
 187.642882      0.843  39.651885    15.8421    6.53079      0.836    31.3607    22.9852 -9.990e-29
 187.642888      0.868  39.651754    15.8419    6.52821      0.861    31.3607    22.9853 -9.990e-29
 187.642894      0.885  39.651456    15.8414    6.53480      0.878    31.3609    22.9855 -9.990e-29
 187.642899      0.892  39.650597    15.8402    6.53448      0.885    31.3611    22.9859 -9.990e-29
 187.642905      0.900  39.649157    15.8395    6.53653      0.892    31.3603    22.9855 -9.990e-29
 187.642911      0.909  39.648588    15.8404    6.52811      0.901    31.3591    22.9844 -9.990e-29
 187.642917      0.916  39.649818    15.8421    6.51555      0.908    31.3589    22.9838 -9.990e-29
 187.642922      0.924  39.651685    15.8434    6.52003      0.916    31.3595    22.9840 -9.990e-29
