data/oxygen options/ONMS/Olympic_Coast_National_Marine_Sanctuary_Hypoxia_Survey_CTD_Data_2004_2015/raw_data/2005/CTD_CA60_060705faed.cnv
* Sea-Bird SBE19 Data File:
* FileName = C:\hypoxia CTD data\CA60_060705.hex
* Software Version 1.1.5
* Temperature SN = 2997
* Conductivity SN = 2997
* System UpLoad Time = Jun 07 2005 15:30:57
* SEACAT PROFILER V3.1c SN 2997   06/07/05  15:29:58.004
* strain gauge pressure sensor: S/N = 184829,  range = 3000 psia,  tc = 40
# nquan = 9                                 
# nvalues = 710                         
# units = specified
# name 0 = timeJ: Julian Days
# name 1 = prSM: Pressure, Strain Gauge [db]
# name 2 = c0mS/cm: Conductivity [mS/cm]
# name 3 = t090C: Temperature [ITS-90, deg C]
# name 4 = oxML/L: Oxygen, Beckman/YSI [ml/l]
# name 5 = depSM: Depth [salt water, m], lat = 47.5
# name 6 = sal00: Salinity, Practical [PSU]
# name 7 = sigma-é00: Density [sigma-theta, kg/m^3]
# name 8 = flag: flag
# span 0 = 158.593553, 158.597656       
# span 1 =     -2.985,     61.973       
# span 2 =   0.403192,  37.286145       
# span 3 =     7.6127,    13.3570       
# span 4 =   -0.12456,   27.73832       
# span 5 =     -2.960,     61.447       
# span 6 =     0.2589,    33.7575       
# span 7 =    -0.3356,    26.3542       
# span 8 = 0.0000e+00, 0.0000e+00       
# interval = seconds: 0.5
# start_time = Jun 07 2005 14:14:43 [Instrument's time stamp, header]
# bad_flag = -9.990e-29
*END*
[from data line 161]
 158.594485      1.371  37.263906    13.3329    7.99635      1.360    31.2190    23.4006 -9.990e-29
 158.594491      1.374  37.264525    13.3341    7.97668      1.363    31.2185    23.4000 -9.990e-29
 158.594497      1.375  37.266255    13.3361    7.98510      1.364    31.2185    23.3996 -9.990e-29
 158.594502      1.381  37.268052    13.3386    8.00051      1.369    31.2181    23.3988 -9.990e-29
 158.594508      1.393  37.270079    13.3408    8.00589      1.381    31.2182    23.3984 -9.990e-29
 158.594514      1.404  37.272247    13.3414    7.99135      1.392    31.2197    23.3995 -9.990e-29
 158.594520      1.409  37.272970    13.3408    7.97205      1.397    31.2209    23.4005 -9.990e-29
 158.594525      1.413  37.272102    13.3411    7.97403      1.401    31.2199    23.3996 -9.990e-29
 158.594531      1.425  37.271863    13.3439    7.98161      1.413    31.2173    23.3971 -9.990e-29
 158.594537      1.446  37.274189    13.3478    7.97467      1.434    31.2163    23.3956 -9.990e-29
 158.594543      1.464  37.277703    13.3496    7.96433      1.452    31.2181    23.3966 -9.990e-29
 158.594549      1.468  37.279251    13.3480    7.96006      1.456    31.2208    23.3990 -9.990e-29
 158.594554      1.462  37.278103    13.3439    7.96777      1.450    31.2231    23.4016 -9.990e-29
 158.594560      1.464  37.274985    13.3384    7.96852      1.452    31.2247    23.4039 -9.990e-29
 158.594566      1.476  37.270799    13.3312    7.97445      1.464    31.2267    23.4069 -9.990e-29
 158.594572      1.492  37.264462    13.3242    7.95767      1.480    31.2266    23.4081 -9.990e-29
 158.594578      1.508  37.257628    13.3228    7.94791      1.495    31.2213    23.4044 -9.990e-29
 158.594583      1.526  37.256899    13.3263    7.95761      1.513    31.2178    23.4009 -9.990e-29
 158.594589      1.546  37.260751    13.3288    7.96556      1.533    31.2193    23.4016 -9.990e-29
 158.594595      1.569  37.263114    13.3289    7.96968      1.556    31.2214    23.4033 -9.990e-29
 158.594601      1.594  37.263224    13.3277    7.95833      1.581    31.2225    23.4043 -9.990e-29
 158.594606      1.612  37.261803    13.3272    7.95231      1.599    31.2216    23.4037 -9.990e-29
 158.594612      1.626  37.260890    13.3288    7.95958      1.612    31.2194    23.4017 -9.990e-29
 158.594618      1.640  37.262083    13.3308    7.96307      1.626    31.2189    23.4009 -9.990e-29
 158.594624      1.651  37.263620    13.3321    7.96017      1.637    31.2192    23.4009 -9.990e-29
 158.594630      1.655  37.265316    13.3333    7.95107      1.641    31.2198    23.4012 -9.990e-29
 158.594635      1.657  37.267202    13.3344    7.93731      1.643    31.2207    23.4016 -9.990e-29
 158.594641      1.665  37.267877    13.3354    7.94633      1.651    31.2205    23.4013 -9.990e-29
 158.594647      1.681  37.268255    13.3366    7.94727      1.667    31.2199    23.4005 -9.990e-29
 158.594653      1.696  37.268852    13.3377    7.93664      1.682    31.2195    23.4000 -9.990e-29
 158.594659      1.707  37.269351    13.3386    7.93066      1.693    31.2192    23.3997 -9.990e-29
 158.594664      1.714  37.269868    13.3397    7.92224      1.700    31.2188    23.3991 -9.990e-29
 158.594670      1.724  37.270544    13.3406    7.94016      1.710    31.2187    23.3988 -9.990e-29
 158.594676      1.740  37.271170    13.3403    7.95447      1.725    31.2195    23.3995 -9.990e-29
 158.594682      1.755  37.270908    13.3394    7.94531      1.740    31.2200    23.4001 -9.990e-29
 158.594687      1.761  37.270542    13.3395    7.93340      1.746    31.2196    23.3997 -9.990e-29
 158.594693      1.759  37.271278    13.3405    7.93956      1.744    31.2194    23.3994 -9.990e-29
 158.594699      1.753  37.272426    13.3413    7.94863      1.738    31.2199    23.3996 -9.990e-29
 158.594705      1.751  37.272722    13.3406    7.94622      1.736    31.2207    23.4004 -9.990e-29
 158.594711      1.749  37.271452    13.3388    7.93433      1.734    31.2210    23.4010 -9.990e-29
 158.594716      1.738  37.269738    13.3380    7.91762      1.723    31.2201    23.4004 -9.990e-29
 158.594722      1.721  37.269790    13.3390    7.92506      1.707    31.2193    23.3996 -9.990e-29
 158.594728      1.706  37.271129    13.3403    7.93705      1.692    31.2195    23.3995 -9.990e-29
 158.594734      1.701  37.272187    13.3411    7.94138      1.687    31.2198    23.3996 -9.990e-29
 158.594740      1.709  37.272704    13.3414    7.93026      1.695    31.2201    23.3997 -9.990e-29
 158.594745      1.728  37.272819    13.3416    7.91276      1.714    31.2200    23.3997 -9.990e-29
 158.594751      1.748  37.272698    13.3419    7.91069      1.733    31.2196    23.3993 -9.990e-29
 158.594757      1.768  37.272750    13.3422    7.92410      1.753    31.2194    23.3991 -9.990e-29
 158.594763      1.785  37.273056    13.3421    7.93353      1.770    31.2198    23.3994 -9.990e-29
 158.594769      1.791  37.272915    13.3419    7.93214      1.776    31.2198    23.3995 -9.990e-29
 158.594774      1.786  37.272707    13.3420    7.91753      1.771    31.2195    23.3992 -9.990e-29
 158.594780      1.783  37.272729    13.3420    7.90737      1.768    31.2196    23.3992 -9.990e-29
 158.594786      1.790  37.272461    13.3419    7.90343      1.775    31.2194    23.3991 -9.990e-29
 158.594792      1.803  37.272117    13.3416    7.90105      1.788    31.2193    23.3991 -9.990e-29
 158.594797      1.820  37.271811    13.3406    7.92209      1.805    31.2198    23.3997 -9.990e-29
 158.594803      1.836  37.271147    13.3393    7.92878      1.821    31.2203    23.4003 -9.990e-29
 158.594809      1.845  37.270371    13.3387    7.93300      1.830    31.2200    23.4003 -9.990e-29
 158.594815      1.842  37.270141    13.3388    7.92321      1.827    31.2197    23.4000 -9.990e-29
 158.594821      1.832  37.270161    13.3390    7.91502      1.817    31.2196    23.3999 -9.990e-29
 158.594826      1.826  37.269909    13.3372    7.93126      1.811    31.2208    23.4012 -9.990e-29
 158.594832      1.838  37.267939    13.3324    7.94263      1.823    31.2229    23.4037 -9.990e-29
 158.594838      1.868  37.263879    13.3282    7.93707      1.852    31.2226    23.4043 -9.990e-29
 158.594844      1.900  37.260741    13.3266    7.91373      1.884    31.2210    23.4034 -9.990e-29
 158.594850      1.921  37.259957    13.3266    7.90630      1.905    31.2202    23.4028 -9.990e-29
 158.594855      1.930  37.260489    13.3264    7.89776      1.914    31.2209    23.4033 -9.990e-29
 158.594861      1.938  37.260815    13.3239    7.91392      1.922    31.2232    23.4056 -9.990e-29
 158.594867      1.949  37.258578    13.3181    7.93084      1.933    31.2259    23.4089 -9.990e-29
 158.594873      1.959  37.253612    13.3125    7.93361      1.943    31.2259    23.4099 -9.990e-29
 158.594878      1.965  37.249401    13.3103    7.93292      1.949    31.2237    23.4087 -9.990e-29
 158.594884      1.967  37.248189    13.3108    7.91990      1.951    31.2222    23.4074 -9.990e-29
 158.594890      1.966  37.248931    13.3128    7.92486      1.950    31.2212    23.4063 -9.990e-29
 158.594896      1.961  37.250385    13.3154    7.91598      1.945    31.2205    23.4052 -9.990e-29
 158.594902      1.956  37.252257    13.3179    7.90962      1.940    31.2202    23.4045 -9.990e-29
 158.594907      1.955  37.254253    13.3188    7.91013      1.939    31.2213    23.4052 -9.990e-29
 158.594913      1.959  37.255120    13.3168    7.90153      1.943    31.2237    23.4074 -9.990e-29
 158.594919      1.966  37.253221    13.3111    7.90573      1.950    31.2266    23.4108 -9.990e-29
 158.594925      1.979  37.247718    13.3035    7.91898      1.962    31.2277    23.4131 -9.990e-29
 158.594931      1.997  37.241379    13.2991    7.91937      1.980    31.2254    23.4122 -9.990e-29
 158.594936      2.018  37.238660    13.3002    7.92940      2.001    31.2220    23.4093 -9.990e-29
 158.594942      2.033  37.239871    13.3052    7.92399      2.016    31.2190    23.4061 -9.990e-29
 158.594948      2.041  37.243833    13.3108    7.90953      2.024    31.2181    23.4043 -9.990e-29
 158.594954      2.046  37.248548    13.3146    7.89664      2.029    31.2194    23.4045 -9.990e-29
 158.594959      2.056  37.251343    13.3174    7.90485      2.039    31.2197    23.4042 -9.990e-29
 158.594965      2.073  37.253154    13.3201    7.91174      2.056    31.2192    23.4032 -9.990e-29
 158.594971      2.083  37.255658    13.3221    7.91322      2.066    31.2198    23.4034 -9.990e-29
 158.594977      2.081  37.258274    13.3228    7.91029      2.064    31.2217    23.4047 -9.990e-29
 158.594983      2.069  37.259265    13.3223    7.90722      2.052    31.2230    23.4058 -9.990e-29
 158.594988      2.056  37.258280    13.3217    7.90174      2.039    31.2226    23.4056 -9.990e-29
 158.594994      2.049  37.257193    13.3206    7.90953      2.032    31.2225    23.4057 -9.990e-29
 158.595000      2.056  37.256244    13.3187    7.91481      2.039    31.2232    23.4066 -9.990e-29
 158.595006      2.074  37.254737    13.3169    7.91854      2.057    31.2233    23.4070 -9.990e-29
 158.595012      2.086  37.253473    13.3162    7.91335      2.069    31.2226    23.4067 -9.990e-29
 158.595017      2.090  37.253016    13.3166    7.89871      2.073    31.2219    23.4061 -9.990e-29
 158.595023      2.089  37.253324    13.3179    7.89595      2.072    31.2211    23.4052 -9.990e-29
 158.595029      2.088  37.254253    13.3192    7.90320      2.071    31.2209    23.4048 -9.990e-29
 158.595035      2.095  37.255367    13.3195    7.90994      2.078    31.2217    23.4053 -9.990e-29
 158.595041      2.111  37.255918    13.3196    7.91163      2.093    31.2221    23.4056 -9.990e-29
 158.595046      2.133  37.256086    13.3205    7.90798      2.115    31.2215    23.4050 -9.990e-29
 158.595052      2.157  37.256661    13.3213    7.90218      2.139    31.2214    23.4048 -9.990e-29
 158.595058      2.176  37.257296    13.3214    7.90462      2.158    31.2219    23.4051 -9.990e-29
 158.595064      2.188  37.257161    13.3209    7.91299      2.170    31.2222    23.4054 -9.990e-29
 158.595069      2.193  37.256644    13.3207    7.91938      2.175    31.2219    23.4052 -9.990e-29
 158.595075      2.192  37.256747    13.3211    7.92662      2.174    31.2216    23.4050 -9.990e-29
 158.595081      2.189  37.257053    13.3223    7.91827      2.171    31.2209    23.4042 -9.990e-29
 158.595087      2.192  37.257416    13.3247    7.89064      2.174    31.2193    23.4025 -9.990e-29
 158.595093      2.201  37.258889    13.3277    7.89315      2.183    31.2182    23.4010 -9.990e-29
 158.595098      2.209  37.261200    13.3298    7.91080      2.191    31.2186    23.4010 -9.990e-29
 158.595104      2.211  37.262951    13.3304    7.92254      2.193    31.2198    23.4017 -9.990e-29
 158.595110      2.207  37.263680    13.3303    7.92392      2.189    31.2206    23.4023 -9.990e-29
 158.595116      2.199  37.263806    13.3301    7.90102      2.181    31.2208    23.4026 -9.990e-29
 158.595122      2.188  37.263504    13.3303    7.89344      2.170    31.2204    23.4022 -9.990e-29
 158.595127      2.184  37.263499    13.3320    7.90462      2.166    31.2190    23.4008 -9.990e-29
 158.595133      2.189  37.264914    13.3348    7.92078      2.171    31.2180    23.3995 -9.990e-29
 158.595139      2.201  37.267401    13.3375    7.92681      2.183    31.2181    23.3990 -9.990e-29
 158.595145      2.211  37.269234    13.3386    7.92309      2.193    31.2189    23.3994 -9.990e-29
 158.595150      2.216  37.269500    13.3383    7.91154      2.197    31.2194    23.3999 -9.990e-29
 158.595156      2.220  37.269121    13.3384    7.89892      2.201    31.2190    23.3995 -9.990e-29
 158.595162      2.228  37.269283    13.3410    7.90351      2.209    31.2170    23.3975 -9.990e-29
 158.595168      2.236  37.270770    13.3461    7.90632      2.217    31.2142    23.3943 -9.990e-29
 158.595174      2.241  37.274450    13.3499    7.90980      2.222    31.2145    23.3938 -9.990e-29
 158.595179      2.242  37.277947    13.3492    7.91527      2.223    31.2183    23.3969 -9.990e-29
 158.595185      2.240  37.277518    13.3464    7.92499      2.221    31.2202    23.3989 -9.990e-29
 158.595191      2.238  37.275403    13.3455    7.91313      2.219    31.2190    23.3981 -9.990e-29
 158.595197      2.246  37.274959    13.3470    7.90096      2.227    31.2174    23.3966 -9.990e-29
 158.595203      2.264  37.276160    13.3502    7.89568      2.245    31.2158    23.3948 -9.990e-29
 158.595208      2.284  37.278935    13.3535    7.90587      2.265    31.2157    23.3940 -9.990e-29
 158.595214      2.304  37.281942    13.3549    7.91608      2.285    31.2174    23.3950 -9.990e-29
 158.595220      2.320  37.283030    13.3545    7.90417      2.301    31.2187    23.3961 -9.990e-29
 158.595226      2.324  37.282535    13.3532    7.88635      2.305    31.2193    23.3969 -9.990e-29
 158.595231      2.318  37.281484    13.3510    7.89119      2.299    31.2201    23.3979 -9.990e-29
 158.595237      2.309  37.279605    13.3475    7.89693      2.290    31.2213    23.3995 -9.990e-29
 158.595243      2.306  37.276645    13.3414    7.91764      2.287    31.2235    23.4024 -9.990e-29
 158.595249      2.312  37.270907    13.3349    7.90924      2.293    31.2235    23.4037 -9.990e-29
 158.595255      2.318  37.264281    13.3340    7.89174      2.299    31.2180    23.3997 -9.990e-29
 158.595260      2.318  37.264203    13.3380    7.89678      2.299    31.2147    23.3963 -9.990e-29
 158.595266      2.316  37.269451    13.3401    7.90136      2.297    31.2179    23.3983 -9.990e-29
 158.595272      2.314  37.271885    13.3379    7.91306      2.295    31.2219    23.4019 -9.990e-29
 158.595278      2.319  37.269713    13.3333    7.90983      2.300    31.2237    23.4041 -9.990e-29
 158.595284      2.333  37.265658    13.3293    7.89519      2.314    31.2232    23.4045 -9.990e-29
 158.595289      2.354  37.262731    13.3272    7.90151      2.334    31.2222    23.4042 -9.990e-29
 158.595295      2.374  37.261521    13.3238    7.91515      2.354    31.2238    23.4061 -9.990e-29
 158.595301      2.391  37.258739    13.3170    7.92803      2.371    31.2268    23.4098 -9.990e-29
 158.595307      2.406  37.252926    13.3111    7.93262      2.386    31.2262    23.4105 -9.990e-29
 158.595313      2.415  37.248113    13.3107    7.91226      2.395    31.2220    23.4073 -9.990e-29
 158.595318      2.415  37.248546    13.3142    7.89673      2.395    31.2196    23.4047 -9.990e-29
 158.595324      2.409  37.252563    13.3164    7.90253      2.389    31.2215    23.4058 -9.990e-29
 158.595330      2.407  37.254873    13.3143    7.92566      2.387    31.2254    23.4092 -9.990e-29
 158.595336      2.412  37.252957    13.3102    7.93007      2.392    31.2270    23.4112 -9.990e-29
 158.595341      2.420  37.249315    13.3078    7.90761      2.400    31.2255    23.4106 -9.990e-29
 158.595347      2.424  37.247510    13.3076    7.88839      2.404    31.2240    23.4095 -9.990e-29
 158.595353      2.422  37.247382    13.3070    7.89143      2.402    31.2244    23.4099 -9.990e-29
 158.595359      2.425  37.246525    13.3044    7.91374      2.405    31.2257    23.4114 -9.990e-29
 158.595365      2.432  37.243805    13.2999    7.93096      2.412    31.2269    23.4132 -9.990e-29
 158.595370      2.434  37.239529    13.2965    7.93402      2.414    31.2257    23.4129 -9.990e-29
 158.595376      2.429  37.236412    13.2973    7.91482      2.409    31.2221    23.4100 -9.990e-29
 158.595382      2.419  37.237036    13.3007    7.90896      2.399    31.2199    23.4077 -9.990e-29
 158.595388      2.413  37.239994    13.3044    7.90412      2.393    31.2196    23.4067 -9.990e-29
 158.595394      2.415  37.243632    13.3084    7.91068      2.395    31.2197    23.4060 -9.990e-29
 158.595399      2.424  37.247760    13.3121    7.92531      2.404    31.2206    23.4059 -9.990e-29
