data/oxygen options/ONMS/Olympic_Coast_National_Marine_Sanctuary_Hypoxia_Survey_CTD_Data_2004_2015/raw_data/2005/CTD_TH100_083105faed.cnv
* Sea-Bird SBE19 Data File:
* FileName = C:\hypoxia CTD data\TH100_083105.hex
* Software Version 1.1.5
* Temperature SN = 2997
* Conductivity SN = 2997
* System UpLoad Time = Aug 31 2005 15:28:08
** Teahwhit Head 083105 100m
* SEACAT PROFILER V3.1c SN 2997   08/31/05  15:23:21.873
# nquan = 9                                 
# nvalues = 882                         
# units = specified
# name 0 = timeJ: Julian Days
# name 1 = prSM: Pressure, Strain Gauge [db]
# name 2 = c0mS/cm: Conductivity [mS/cm]
# name 3 = t090C: Temperature [ITS-90, deg C]
# name 4 = oxML/L: Oxygen, Beckman/YSI [ml/l]
# name 5 = depSM: Depth [salt water, m], lat = 47.5
# name 6 = sal00: Salinity, Practical [PSU]
# name 7 = sigma-é00: Density [sigma-theta, kg/m^3]
# name 8 = flag: flag
# span 0 = 243.518750, 243.523848       
# span 1 =     -3.527,    104.232       
# span 2 =   0.400073,  39.067170       
# span 3 =     7.3191,    15.0783       
# span 4 =  -12.97868,   24.43001       
# span 5 =     -3.498,    103.336       
# span 6 =     0.2452,    33.8287       
# span 7 =    -0.5895,    26.4530       
# span 8 = 0.0000e+00, 0.0000e+00       
# interval = seconds: 0.5
# start_time = Aug 31 2005 12:27:00 [Instrument's time stamp, header]
# bad_flag = -9.990e-29
*END*
[from data line 641]
 243.522459     91.221  34.540539     7.3201    2.62414     90.440    33.8205    26.4465 0.0000e+00
 243.522465     90.841  34.540490     7.3203    2.63358     90.063    33.8204    26.4464 0.0000e+00
 243.522471     90.459  34.540474     7.3204    2.63336     89.684    33.8205    26.4465 0.0000e+00
 243.522477     90.064  34.540462     7.3201    2.62455     89.293    33.8209    26.4469 0.0000e+00
 243.522483     89.651  34.540433     7.3197    2.63246     88.883    33.8215    26.4474 0.0000e+00
 243.522488     89.230  34.540342     7.3196    2.63077     88.466    33.8217    26.4475 0.0000e+00
 243.522494     88.810  34.540062     7.3198    2.62490     88.050    33.8214    26.4473 0.0000e+00
 243.522500     88.391  34.539777     7.3199    2.61778     87.635    33.8212    26.4471 0.0000e+00
 243.522506     87.965  34.539665     7.3199    2.62014     87.212    33.8213    26.4471 0.0000e+00
 243.522512     87.524  34.539570     7.3200    2.62330     86.775    33.8213    26.4471 0.0000e+00
 243.522517     87.071  34.539357     7.3202    2.63497     86.326    33.8211    26.4469 0.0000e+00
 243.522523     86.615  34.538740     7.3203    2.63816     85.874    33.8205    26.4465 0.0000e+00
 243.522529     86.171  34.538011     7.3205    2.63467     85.434    33.8198    26.4458 0.0000e+00
 243.522535     85.748  34.537878     7.3207    2.63291     85.015    33.8196    26.4457 0.0000e+00
 243.522541     85.349  34.538157     7.3209    2.63583     84.619    33.8199    26.4459 0.0000e+00
 243.522546     84.971  34.538096     7.3212    2.63685     84.244    33.8198    26.4457 0.0000e+00
 243.522552     84.601  34.537607     7.3217    2.64255     83.878    33.8189    26.4450 0.0000e+00
 243.522558     84.230  34.537153     7.3223    2.64202     83.510    33.8180    26.4442 0.0000e+00
 243.522564     83.855  34.536683     7.3229    2.64577     83.138    33.8171    26.4434 0.0000e+00
 243.522569     83.474  34.536127     7.3234    2.63843     82.761    33.8162    26.4426 0.0000e+00
 243.522575     83.084  34.535860     7.3239    2.64795     82.374    33.8156    26.4420 0.0000e+00
 243.522581     82.685  34.536080     7.3249    2.67046     81.978    33.8150    26.4415 0.0000e+00
 243.522587     82.274  34.536514     7.3273    2.69364     81.571    33.8134    26.4398 0.0000e+00
 243.522593     81.845  34.536615     7.3333    2.71931     81.146    33.8078    26.4346 0.0000e+00
 243.522598     81.407  34.537072     7.3434    2.74258     80.712    33.7987    26.4260 0.0000e+00
 243.522604     80.973  34.539049     7.3530    2.76288     80.281    33.7917    26.4191 0.0000e+00
 243.522610     80.554  34.541257     7.3591    2.78502     79.866    33.7883    26.4156 0.0000e+00
 243.522616     80.154  34.542714     7.3645    2.81051     79.470    33.7848    26.4121 0.0000e+00
 243.522622     79.764  34.544798     7.3710    2.83259     79.083    33.7809    26.4081 0.0000e+00
 243.522627     79.364  34.548041     7.3810    2.86199     78.686    33.7749    26.4020 0.0000e+00
 243.522633     78.941  34.553399     7.3973    2.89346     78.267    33.7650    26.3919 0.0000e+00
 243.522639     78.502  34.561843     7.4150    2.91476     77.832    33.7572    26.3832 0.0000e+00
 243.522645     78.063  34.571178     7.4271    2.93980     77.397    33.7557    26.3804 0.0000e+00
 243.522650     77.637  34.577592     7.4323    2.94895     76.975    33.7578    26.3813 0.0000e+00
 243.522656     77.233  34.580109     7.4351    2.95744     76.574    33.7580    26.3810 0.0000e+00
 243.522662     76.841  34.581522     7.4408    2.98845     76.186    33.7542    26.3772 0.0000e+00
 243.522668     76.445  34.584269     7.4562    3.02440     75.793    33.7424    26.3657 0.0000e+00
 243.522674     76.037  34.592567     7.4826    3.07489     75.389    33.7259    26.3490 0.0000e+00
 243.522679     75.621  34.607384     7.5099    3.12047     74.976    33.7156    26.3371 0.0000e+00
 243.522685     75.205  34.621568     7.5304    3.14346     74.564    33.7113    26.3307 0.0000e+00
 243.522691     74.796  34.631051     7.5440    3.15351     74.158    33.7085    26.3266 0.0000e+00
 243.522697     74.398  34.636705     7.5518    3.15196     73.764    33.7072    26.3245 0.0000e+00
 243.522703     74.012  34.639342     7.5548    3.15871     73.381    33.7074    26.3242 0.0000e+00
 243.522708     73.639  34.639671     7.5559    3.16871     73.011    33.7068    26.3236 0.0000e+00
 243.522714     73.271  34.639248     7.5582    3.19654     72.647    33.7043    26.3213 0.0000e+00
 243.522720     72.895  34.639744     7.5616    3.22164     72.274    33.7017    26.3188 0.0000e+00
 243.522726     72.498  34.640134     7.5668    3.25838     71.880    33.6973    26.3146 0.0000e+00
 243.522731     72.074  34.638690     7.5746    3.29733     71.460    33.6884    26.3064 0.0000e+00
 243.522737     71.620  34.634601     7.5810    3.33174     71.010    33.6780    26.2973 0.0000e+00
 243.522743     71.151  34.627458     7.5829    3.38922     70.545    33.6687    26.2897 0.0000e+00
 243.522749     70.683  34.618382     7.5817    3.44533     70.081    33.6602    26.2833 0.0000e+00
 243.522755     70.225  34.608724     7.5794    3.50830     69.627    33.6522    26.2773 0.0000e+00
 243.522760     69.783  34.598493     7.5762    3.56076     69.189    33.6445    26.2717 0.0000e+00
 243.522766     69.357  34.584133     7.5720    3.60156     68.767    33.6333    26.2634 0.0000e+00
 243.522772     68.947  34.565550     7.5685    3.63386     68.360    33.6168    26.2509 0.0000e+00
 243.522778     68.552  34.551032     7.5672    3.65310     67.969    33.6025    26.2399 0.0000e+00
 243.522784     68.169  34.545320     7.5677    3.65251     67.589    33.5961    26.2348 0.0000e+00
 243.522789     67.794  34.545835     7.5690    3.64808     67.217    33.5955    26.2342 0.0000e+00
 243.522795     67.429  34.547653     7.5715    3.67297     66.855    33.5953    26.2336 0.0000e+00
 243.522801     67.076  34.546469     7.5756    3.70207     66.505    33.5902    26.2290 0.0000e+00
 243.522807     66.735  34.542379     7.5798    3.72597     66.167    33.5819    26.2219 0.0000e+00
 243.522812     66.392  34.538333     7.5831    3.76884     65.827    33.5745    26.2156 0.0000e+00
 243.522818     66.026  34.535657     7.5878    3.77789     65.464    33.5672    26.2092 0.0000e+00
 243.522824     65.621  34.534699     7.5991    3.77437     65.063    33.5555    26.1984 0.0000e+00
 243.522830     65.179  34.533618     7.6174    3.74780     64.625    33.5369    26.1811 0.0000e+00
 243.522836     64.708  34.530967     7.6376    3.70421     64.158    33.5147    26.1608 0.0000e+00
 243.522841     64.230  34.529933     7.6538    3.68797     63.684    33.4983    26.1456 0.0000e+00
 243.522847     63.771  34.531382     7.6623    3.67097     63.229    33.4919    26.1393 0.0000e+00
 243.522853     63.339  34.532762     7.6666    3.63242     62.801    33.4894    26.1368 0.0000e+00
 243.522859     62.929  34.533668     7.6731    3.56967     62.394    33.4843    26.1318 0.0000e+00
 243.522865     62.532  34.535303     7.6891    3.49338     62.001    33.4709    26.1190 0.0000e+00
 243.522870     62.143  34.539843     7.7136    3.42337     61.615    33.4524    26.1009 0.0000e+00
 243.522876     61.763  34.547169     7.7335    3.40271     61.238    33.4414    26.0894 0.0000e+00
 243.522882     61.395  34.553032     7.7421    3.40751     60.874    33.4396    26.0868 0.0000e+00
 243.522888     61.035  34.555162     7.7437    3.41164     60.517    33.4405    26.0872 0.0000e+00
 243.522894     60.674  34.555275     7.7456    3.41671     60.159    33.4390    26.0858 0.0000e+00
 243.522899     60.302  34.555758     7.7537    3.41453     59.790    33.4319    26.0790 0.0000e+00
 243.522905     59.912  34.558931     7.7739    3.40638     59.403    33.4161    26.0637 0.0000e+00
 243.522911     59.501  34.567898     7.8075    3.42429     58.996    33.3938    26.0413 0.0000e+00
 243.522917     59.072  34.581719     7.8465    3.46321     58.571    33.3715    26.0182 0.0000e+00
 243.522922     58.633  34.594716     7.8842    3.49326     58.135    33.3496    25.9955 0.0000e+00
 243.522928     58.185  34.604040     7.9171    3.53989     57.691    33.3284    25.9740 0.0000e+00
 243.522934     57.725  34.610912     7.9421    3.56492     57.235    33.3121    25.9576 0.0000e+00
 243.522940     57.259  34.616089     7.9604    3.58159     56.773    33.3004    25.9458 0.0000e+00
 243.522946     56.799  34.618440     7.9719    3.60224     56.317    33.2922    25.9376 0.0000e+00
 243.522951     56.351  34.618305     7.9751    3.60597     55.873    33.2892    25.9348 0.0000e+00
 243.522957     55.911  34.617020     7.9755    3.59485     55.437    33.2877    25.9336 0.0000e+00
 243.522963     55.477  34.615700     7.9826    3.56772     55.007    33.2797    25.9263 0.0000e+00
 243.522969     55.051  34.616911     7.9981    3.55391     54.584    33.2665    25.9136 0.0000e+00
 243.522975     54.641  34.620049     8.0136    3.53605     54.178    33.2553    25.9025 0.0000e+00
 243.522980     54.250  34.620918     8.0249    3.52457     53.790    33.2456    25.8933 0.0000e+00
 243.522986     53.875  34.619587     8.0346    3.50911     53.418    33.2352    25.8837 0.0000e+00
 243.522992     53.504  34.618233     8.0423    3.48840     53.051    33.2266    25.8758 0.0000e+00
 243.522998     53.124  34.616759     8.0475    3.46719     52.674    33.2203    25.8701 0.0000e+00
 243.523003     52.722  34.614907     8.0572    3.44558     52.275    33.2093    25.8600 0.0000e+00
 243.523009     52.298  34.611915     8.0734    3.42780     51.855    33.1910    25.8432 0.0000e+00
 243.523015     51.860  34.607745     8.0877    3.42067     51.421    33.1732    25.8272 0.0000e+00
 243.523021     51.414  34.604150     8.0957    3.43719     50.979    33.1620    25.8172 0.0000e+00
 243.523027     50.970  34.601972     8.0992    3.45673     50.538    33.1566    25.8124 0.0000e+00
 243.523032     50.538  34.601139     8.1009    3.49056     50.110    33.1543    25.8104 0.0000e+00
 243.523038     50.117  34.601130     8.1024    3.55712     49.693    33.1530    25.8092 0.0000e+00
 243.523044     49.696  34.600276     8.1057    3.64505     49.275    33.1492    25.8057 0.0000e+00
 243.523050     49.271  34.596904     8.1119    3.78600     48.854    33.1399    25.7975 0.0000e+00
 243.523056     48.839  34.591027     8.1179    4.00086     48.426    33.1282    25.7874 0.0000e+00
 243.523061     48.400  34.584365     8.1225    4.25565     47.990    33.1170    25.7779 0.0000e+00
 243.523067     47.954  34.577032     8.1299    4.52345     47.548    33.1024    25.7654 0.0000e+00
 243.523073     47.504  34.566003     8.1458    4.73116     47.102    33.0759    25.7422 0.0000e+00
 243.523079     47.051  34.555097     8.1677    4.85135     46.653    33.0439    25.7139 0.0000e+00
 243.523084     46.608  34.553341     8.1855    4.88947     46.214    33.0255    25.6968 0.0000e+00
 243.523090     46.186  34.557864     8.1940    4.89123     45.795    33.0225    25.6932 0.0000e+00
 243.523096     45.780  34.560713     8.1949    4.86923     45.393    33.0248    25.6949 0.0000e+00
 243.523102     45.385  34.560673     8.1930    4.83794     45.001    33.0268    25.6967 0.0000e+00
 243.523108     44.993  34.559397     8.1931    4.82790     44.613    33.0255    25.6957 0.0000e+00
 243.523113     44.591  34.559136     8.1961    4.85001     44.214    33.0226    25.6929 0.0000e+00
 243.523119     44.177  34.559565     8.2008    4.90528     43.804    33.0188    25.6893 0.0000e+00
 243.523125     43.744  34.557357     8.2103    5.00473     43.374    33.0077    25.6792 0.0000e+00
 243.523131     43.287  34.550155     8.2255    5.10297     42.921    32.9860    25.6599 0.0000e+00
 243.523137     42.806  34.537353     8.2428    5.19344     42.444    32.9564    25.6341 0.0000e+00
 243.523142     42.304  34.520966     8.2600    5.27177     41.947    32.9232    25.6055 0.0000e+00
 243.523148     41.790  34.501593     8.2755    5.32108     41.437    32.8884    25.5759 0.0000e+00
 243.523154     41.276  34.480898     8.2876    5.35309     40.927    32.8554    25.5482 0.0000e+00
 243.523160     40.777  34.466069     8.2957    5.38061     40.433    32.8324    25.5289 0.0000e+00
 243.523166     40.299  34.460345     8.3000    5.39054     39.959    32.8225    25.5206 0.0000e+00
 243.523171     39.843  34.461167     8.3028    5.42003     39.507    32.8210    25.5189 0.0000e+00
 243.523177     39.400  34.464053     8.3107    5.46556     39.067    32.8169    25.5145 0.0000e+00
 243.523183     38.964  34.463349     8.3288    5.52025     38.635    32.7995    25.4982 0.0000e+00
 243.523189     38.537  34.457582     8.3530    5.55621     38.212    32.7710    25.4723 0.0000e+00
 243.523194     38.122  34.450859     8.3734    5.56454     37.800    32.7451    25.4489 0.0000e+00
 243.523200     37.713  34.446577     8.3829    5.56949     37.395    32.7319    25.4372 0.0000e+00
 243.523206     37.306  34.445221     8.3836    5.59361     36.991    32.7300    25.4356 0.0000e+00
 243.523212     36.897  34.445575     8.3834    5.65610     36.586    32.7308    25.4362 0.0000e+00
 243.523218     36.472  34.446454     8.3913    5.71907     36.164    32.7246    25.4301 0.0000e+00
 243.523223     36.017  34.447376     8.4117    5.78729     35.713    32.7068    25.4131 0.0000e+00
 243.523229     35.528  34.449032     8.4458    5.88009     35.228    32.6771    25.3848 0.0000e+00
 243.523235     35.014  34.455900     8.4970    5.94639     34.719    32.6372    25.3458 0.0000e+00
 243.523241     34.480  34.473803     8.5585    6.00258     34.189    32.5994    25.3069 0.0000e+00
 243.523247     33.934  34.500859     8.6149    6.01548     33.648    32.5760    25.2800 0.0000e+00
 243.523252     33.393  34.528899     8.6619    6.00935     33.112    32.5623    25.2622 0.0000e+00
 243.523258     32.866  34.556674     8.7011    6.00856     32.589    32.5555    25.2509 0.0000e+00
 243.523264     32.352  34.584259     8.7309    5.99621     32.079    32.5572    25.2477 0.0000e+00
 243.523270     31.858  34.605869     8.7509    5.97506     31.590    32.5616    25.2481 0.0000e+00
 243.523275     31.395  34.619519     8.7593    5.95988     31.131    32.5684    25.2521 0.0000e+00
 243.523281     30.973  34.624385     8.7551    5.95859     30.712    32.5775    25.2599 0.0000e+00
 243.523287     30.588  34.620259     8.7467    5.97124     30.330    32.5811    25.2640 0.0000e+00
 243.523293     30.227  34.614560     8.7418    5.98635     29.973    32.5798    25.2637 0.0000e+00
 243.523299     29.870  34.612041     8.7412    5.99219     29.619    32.5779    25.2623 0.0000e+00
 243.523304     29.499  34.611611     8.7465    5.98809     29.251    32.5727    25.2574 0.0000e+00
 243.523310     29.094  34.614961     8.7601    5.99026     28.849    32.5639    25.2484 0.0000e+00
 243.523316     28.651  34.624339     8.7843    6.01722     28.410    32.5517    25.2351 0.0000e+00
 243.523322     28.172  34.639945     8.8143    6.04252     27.935    32.5406    25.2219 0.0000e+00
 243.523328     27.657  34.657391     8.8378    6.06809     27.424    32.5375    25.2158 0.0000e+00
 243.523333     27.114  34.669140     8.8523    6.08063     26.886    32.5367    25.2129 0.0000e+00
 243.523339     26.562  34.674637     8.8658    6.04655     26.339    32.5303    25.2058 0.0000e+00
 243.523345     26.011  34.680683     8.8870    5.98015     25.792    32.5174    25.1925 0.0000e+00
 243.523351     25.470  34.693686     8.9197    5.93826     25.256    32.5012    25.1748 0.0000e+00
 243.523356     24.950  34.716440     8.9587    5.91887     24.740    32.4894    25.1595 0.0000e+00
 243.523362     24.462  34.745682     8.9891    5.97482     24.256    32.4922    25.1570 0.0000e+00
 243.523368     24.005  34.767183     8.9965    6.05723     23.803    32.5080    25.1682 0.0000e+00
 243.523374     23.574  34.768167     8.9864    6.10985     23.376    32.5185    25.1779 0.0000e+00
