data/oxygen options/ONMS/Olympic_Coast_National_Marine_Sanctuary_Hypoxia_Survey_CTD_Data_2004_2015/raw_data/2005/CTD_TH70_062205faed.cnv
* Sea-Bird SBE19 Data File:
* FileName = C:\hypoxia CTD data\TH70_062205.hex
* Software Version 1.1.5
* Temperature SN = 2997
* Conductivity SN = 2997
* System UpLoad Time = Jun 22 2005 12:47:45
* SEACAT PROFILER V3.1c SN 2997   06/22/05  12:47:17.684
* strain gauge pressure sensor: S/N = 184829,  range = 3000 psia,  tc = 40
# nquan = 9                                 
# nvalues = 724                         
# units = specified
# name 0 = timeJ: Julian Days
# name 1 = prSM: Pressure, Strain Gauge [db]
# name 2 = c0mS/cm: Conductivity [mS/cm]
# name 3 = t090C: Temperature [ITS-90, deg C]
# name 4 = oxML/L: Oxygen, Beckman/YSI [ml/l]
# name 5 = depSM: Depth [salt water, m], lat = 47.5
# name 6 = sal00: Salinity, Practical [PSU]
# name 7 = sigma-é00: Density [sigma-theta, kg/m^3]
# name 8 = flag: flag
# span 0 = 173.458113, 173.462297       
# span 1 =     -3.411,     71.605       
# span 2 =   3.191187,  38.239804       
# span 3 =     7.9992,    15.1848       
# span 4 =   -0.09611,   24.49970       
# span 5 =     -3.383,     70.995       
# span 6 =     2.1163,    33.5272       
# span 7 =     0.7811,    26.1180       
# span 8 = 0.0000e+00, 0.0000e+00       
# interval = seconds: 0.5
# start_time = Jun 22 2005 10:59:41 [Instrument's time stamp, header]
# bad_flag = -9.990e-29
*END*
[from data line 481]
 173.460897     46.764  34.965897     8.4628    3.25016     46.368    33.2009    25.7930 0.0000e+00
 173.460903     47.227  34.963278     8.4588    3.25527     46.827    33.2017    25.7942 0.0000e+00
 173.460909     47.666  34.960875     8.4589    3.25605     47.263    33.1989    25.7920 0.0000e+00
 173.460914     48.082  34.959945     8.4614    3.25492     47.675    33.1953    25.7888 0.0000e+00
 173.460920     48.475  34.960910     8.4630    3.24726     48.065    33.1947    25.7881 0.0000e+00
 173.460926     48.855  34.962243     8.4608    3.24384     48.442    33.1980    25.7910 0.0000e+00
 173.460932     49.237  34.961233     8.4544    3.22508     48.820    33.2028    25.7957 0.0000e+00
 173.460938     49.636  34.957097     8.4471    3.21685     49.216    33.2051    25.7987 0.0000e+00
 173.460943     50.064  34.952732     8.4398    3.19937     49.640    33.2072    25.8014 0.0000e+00
 173.460949     50.524  34.950171     8.4306    3.17353     50.096    33.2129    25.8073 0.0000e+00
 173.460955     51.011  34.948803     8.4189    3.14516     50.579    33.2223    25.8164 0.0000e+00
 173.460961     51.521  34.947369     8.4074    3.11199     51.085    33.2314    25.8253 0.0000e+00
 173.460966     52.048  34.945639     8.3993    3.08718     51.607    33.2369    25.8309 0.0000e+00
 173.460972     52.583  34.944672     8.3927    3.05969     52.138    33.2419    25.8358 0.0000e+00
 173.460978     53.118  34.944302     8.3806    3.02103     52.668    33.2527    25.8461 0.0000e+00
 173.460984     53.648  34.942917     8.3581    2.98981     53.193    33.2722    25.8648 0.0000e+00
 173.460990     54.177  34.939793     8.3300    2.95079     53.718    33.2953    25.8871 0.0000e+00
 173.460995     54.704  34.935813     8.3065    2.91544     54.240    33.3131    25.9045 0.0000e+00
 173.461001     55.225  34.932399     8.2915    2.88462     54.757    33.3234    25.9149 0.0000e+00
 173.461007     55.742  34.930601     8.2818    2.86418     55.269    33.3305    25.9219 0.0000e+00
 173.461013     56.259  34.930265     8.2731    2.84626     55.782    33.3381    25.9292 0.0000e+00
 173.461019     56.775  34.930382     8.2634    2.83307     56.293    33.3472    25.9378 0.0000e+00
 173.461024     57.287  34.930553     8.2540    2.81824     56.801    33.3561    25.9462 0.0000e+00
 173.461030     57.795  34.931007     8.2456    2.80537     57.305    33.3643    25.9539 0.0000e+00
 173.461036     58.288  34.931792     8.2362    2.78820     57.793    33.3738    25.9628 0.0000e+00
 173.461042     58.758  34.932272     8.2228    2.76635     58.259    33.3869    25.9750 0.0000e+00
 173.461047     59.224  34.931409     8.2042    2.74311     58.721    33.4034    25.9907 0.0000e+00
 173.461053     59.697  34.928618     8.1808    2.73169     59.190    33.4225    26.0092 0.0000e+00
 173.461059     60.174  34.924104     8.1546    2.71416     59.663    33.4424    26.0287 0.0000e+00
 173.461065     60.650  34.918576     8.1301    2.70611     60.135    33.4597    26.0459 0.0000e+00
 173.461071     61.118  34.913073     8.1103    2.69068     60.599    33.4725    26.0589 0.0000e+00
 173.461076     61.573  34.908104     8.0950    2.70596     61.050    33.4816    26.0683 0.0000e+00
 173.461082     62.018  34.903211     8.0835    2.69597     61.491    33.4872    26.0744 0.0000e+00
 173.461088     62.456  34.898597     8.0750    2.70255     61.925    33.4902    26.0780 0.0000e+00
 173.461094     62.893  34.894840     8.0677    2.69106     62.359    33.4930    26.0813 0.0000e+00
 173.461100     63.337  34.891417     8.0605    2.69561     62.799    33.4960    26.0847 0.0000e+00
 173.461105     63.785  34.888251     8.0542    2.70885     63.243    33.4984    26.0876 0.0000e+00
 173.461111     64.231  34.886171     8.0498    2.71128     63.685    33.5002    26.0896 0.0000e+00
 173.461117     64.666  34.885208     8.0476    2.71074     64.116    33.5011    26.0906 0.0000e+00
 173.461123     65.079  34.884642     8.0476    2.71720     64.526    33.5003    26.0900 0.0000e+00
 173.461128     65.471  34.884281     8.0487    2.70364     64.914    33.4987    26.0886 0.0000e+00
 173.461134     65.853  34.884207     8.0477    2.71390     65.293    33.4994    26.0893 0.0000e+00
 173.461140     66.245  34.883208     8.0418    2.70757     65.682    33.5037    26.0936 0.0000e+00
 173.461146     66.664  34.880517     8.0337    2.69935     66.097    33.5084    26.0985 0.0000e+00
 173.461152     67.112  34.877596     8.0267    2.70657     66.541    33.5118    26.1022 0.0000e+00
 173.461157     67.577  34.875599     8.0197    2.69946     67.002    33.5162    26.1066 0.0000e+00
 173.461163     68.047  34.874109     8.0118    2.69358     67.468    33.5219    26.1123 0.0000e+00
 173.461169     68.513  34.872263     8.0050    2.68652     67.930    33.5262    26.1167 0.0000e+00
 173.461175     68.971  34.869842     8.0011    2.67955     68.384    33.5272    26.1180 0.0000e+00
 173.461181     69.416  34.868107     7.9996    2.67785     68.825    33.5265    26.1178 0.0000e+00
 173.461186     69.837  34.868108     7.9996    2.68486     69.242    33.5263    26.1176 0.0000e+00
 173.461192     70.215  34.869291     8.0009    2.69020     69.617    33.5262    26.1173 0.0000e+00
 173.461198     70.536  34.870993     8.0032    2.68914     69.935    33.5256    26.1165 0.0000e+00
 173.461204     70.801  34.872683     8.0058    2.68412     70.198    33.5248    26.1155 0.0000e+00
 173.461209     71.021  34.873817     8.0066    2.68325     70.416    33.5252    26.1157 0.0000e+00
 173.461215     71.199  34.873670     8.0052    2.69252     70.593    33.5263    26.1168 0.0000e+00
 173.461221     71.339  34.872053     8.0029    2.69131     70.731    33.5267    26.1174 -9.990e-29
 173.461227     71.446  34.870179     8.0009    2.68613     70.837    33.5265    26.1176 -9.990e-29
 173.461233     71.527  34.868918     7.9998    2.68992     70.918    33.5262    26.1175 -9.990e-29
 173.461238     71.581  34.868275     7.9996    2.68313     70.971    33.5257    26.1171 -9.990e-29
 173.461244     71.605  34.867959     7.9994    2.68560     70.995    33.5255    26.1170 -9.990e-29
 173.461250     71.595  34.867556     7.9992    2.68841     70.985    33.5253    26.1169 -9.990e-29
 173.461256     71.551  34.866532     7.9993    2.70100     70.942    33.5241    26.1159 -9.990e-29
 173.461262     71.473  34.864091     7.9999    2.69387     70.864    33.5210    26.1134 -9.990e-29
 173.461267     71.363  34.860908     8.0007    2.69058     70.755    33.5169    26.1100 -9.990e-29
 173.461273     71.207  34.859470     8.0015    2.68101     70.601    33.5146    26.1082 0.0000e+00
 173.461279     71.002  34.861231     8.0025    2.67605     70.397    33.5157    26.1088 0.0000e+00
 173.461285     70.754  34.864620     8.0035    2.68348     70.151    33.5184    26.1109 0.0000e+00
 173.461291     70.470  34.866876     8.0040    2.68408     69.870    33.5205    26.1124 0.0000e+00
 173.461296     70.149  34.867652     8.0033    2.68647     69.552    33.5222    26.1138 0.0000e+00
 173.461302     69.786  34.867989     8.0017    2.69335     69.192    33.5242    26.1156 0.0000e+00
 173.461308     69.386  34.867784     8.0006    2.68882     68.795    33.5252    26.1166 0.0000e+00
 173.461314     68.964  34.866773     8.0006    2.68753     68.377    33.5244    26.1159 0.0000e+00
 173.461319     68.542  34.865858     8.0012    2.68584     67.959    33.5230    26.1147 0.0000e+00
 173.461325     68.126  34.865510     8.0023    2.69885     67.546    33.5218    26.1136 0.0000e+00
 173.461331     67.715  34.865273     8.0041    2.70379     67.139    33.5200    26.1119 0.0000e+00
 173.461337     67.310  34.865400     8.0083    2.69606     66.737    33.5163    26.1084 0.0000e+00
 173.461343     66.909  34.866069     8.0167    2.70508     66.340    33.5092    26.1016 0.0000e+00
 173.461348     66.518  34.867617     8.0265    2.69374     65.952    33.5016    26.0942 0.0000e+00
 173.461354     66.146  34.869875     8.0318    2.70778     65.583    33.4991    26.0915 0.0000e+00
 173.461360     65.798  34.870818     8.0316    2.70455     65.238    33.5005    26.0926 0.0000e+00
 173.461366     65.466  34.870033     8.0298    2.69775     64.909    33.5015    26.0936 0.0000e+00
 173.461372     65.125  34.869283     8.0297    2.70267     64.571    33.5010    26.0932 0.0000e+00
 173.461377     64.752  34.869257     8.0327    2.69699     64.202    33.4983    26.0906 0.0000e+00
 173.461383     64.341  34.869925     8.0380    2.70472     63.794    33.4941    26.0866 0.0000e+00
 173.461389     63.900  34.871064     8.0439    2.69700     63.357    33.4899    26.0824 0.0000e+00
 173.461395     63.443  34.871957     8.0501    2.70602     62.904    33.4851    26.0777 0.0000e+00
 173.461400     62.981  34.873245     8.0563    2.70787     62.446    33.4808    26.0734 0.0000e+00
 173.461406     62.517  34.875533     8.0605    2.71257     61.986    33.4794    26.0717 0.0000e+00
 173.461412     62.057  34.877399     8.0637    2.71394     61.530    33.4786    26.0706 0.0000e+00
 173.461418     61.600  34.878535     8.0719    2.72800     61.077    33.4722    26.0643 0.0000e+00
 173.461424     61.140  34.881586     8.0901    2.73901     60.621    33.4583    26.0507 0.0000e+00
 173.461429     60.673  34.887826     8.1164    2.74873     60.158    33.4400    26.0325 0.0000e+00
 173.461435     60.207  34.894933     8.1420    2.75919     59.696    33.4234    26.0157 0.0000e+00
 173.461441     59.756  34.900623     8.1572    2.75725     59.249    33.4152    26.0070 0.0000e+00
 173.461447     59.333  34.903525     8.1623    2.76554     58.829    33.4136    26.0050 0.0000e+00
 173.461453     58.946  34.904161     8.1663    2.75766     58.446    33.4107    26.0021 0.0000e+00
 173.461458     58.591  34.905070     8.1713    2.77641     58.094    33.4070    25.9985 0.0000e+00
 173.461464     58.255  34.906352     8.1749    2.78331     57.761    33.4051    25.9964 0.0000e+00
 173.461470     57.920  34.906919     8.1800    2.80001     57.429    33.4010    25.9924 0.0000e+00
 173.461476     57.579  34.906975     8.1917    2.82640     57.090    33.3901    25.9821 0.0000e+00
 173.461481     57.221  34.907160     8.2114    2.84618     56.736    33.3717    25.9648 0.0000e+00
 173.461487     56.837  34.907729     8.2322    2.87688     56.355    33.3528    25.9468 0.0000e+00
 173.461493     56.425  34.908329     8.2477    2.88098     55.946    33.3389    25.9336 0.0000e+00
 173.461499     55.987  34.909210     8.2589    2.89934     55.512    33.3294    25.9245 0.0000e+00
 173.461505     55.535  34.909878     8.2681    2.90894     55.064    33.3216    25.9170 0.0000e+00
 173.461510     55.082  34.909551     8.2749    2.92370     54.615    33.3150    25.9108 0.0000e+00
 173.461516     54.638  34.908927     8.2786    2.94380     54.175    33.3110    25.9071 0.0000e+00
 173.461522     54.204  34.908863     8.2810    2.95783     53.745    33.3089    25.9051 0.0000e+00
 173.461528     53.775  34.909284     8.2868    3.00351     53.319    33.3040    25.9004 0.0000e+00
 173.461534     53.344  34.909639     8.3032    3.03829     52.892    33.2891    25.8862 0.0000e+00
 173.461539     52.915  34.910409     8.3299    3.07320     52.467    33.2648    25.8632 0.0000e+00
 173.461545     52.493  34.912629     8.3544    3.08642     52.048    33.2442    25.8433 0.0000e+00
 173.461551     52.081  34.915346     8.3664    3.08503     51.640    33.2360    25.8351 0.0000e+00
 173.461557     51.680  34.916589     8.3663    3.08127     51.242    33.2376    25.8363 0.0000e+00
 173.461563     51.294  34.916348     8.3609    3.08518     50.860    33.2426    25.8411 0.0000e+00
 173.461568     50.919  34.915993     8.3578    3.09891     50.488    33.2453    25.8437 0.0000e+00
 173.461574     50.536  34.916179     8.3602    3.10806     50.108    33.2434    25.8418 0.0000e+00
 173.461580     50.130  34.916597     8.3697    3.13762     49.706    33.2351    25.8338 0.0000e+00
 173.461586     49.695  34.917251     8.3885    3.16401     49.274    33.2182    25.8178 0.0000e+00
 173.461591     49.233  34.919020     8.4119    3.18864     48.816    33.1982    25.7986 0.0000e+00
 173.461597     48.755  34.922029     8.4299    3.20536     48.342    33.1847    25.7852 0.0000e+00
 173.461603     48.268  34.924696     8.4407    3.19753     47.860    33.1775    25.7780 0.0000e+00
 173.461609     47.770  34.926668     8.4486    3.19755     47.366    33.1724    25.7728 0.0000e+00
 173.461615     47.261  34.929276     8.4567    3.17945     46.861    33.1678    25.7679 0.0000e+00
 173.461620     46.745  34.932638     8.4658    3.15472     46.350    33.1630    25.7628 0.0000e+00
 173.461626     46.239  34.936012     8.4736    3.14194     45.848    33.1595    25.7588 0.0000e+00
 173.461632     45.759  34.938858     8.4777    3.13153     45.372    33.1588    25.7577 0.0000e+00
 173.461638     45.323  34.940304     8.4778    3.14498     44.940    33.1605    25.7590 0.0000e+00
 173.461644     44.933  34.940042     8.4763    3.14938     44.553    33.1618    25.7602 0.0000e+00
 173.461649     44.578  34.939405     8.4750    3.15341     44.201    33.1625    25.7610 0.0000e+00
 173.461655     44.242  34.939227     8.4742    3.13810     43.868    33.1632    25.7617 0.0000e+00
 173.461661     43.913  34.939272     8.4743    3.12881     43.542    33.1633    25.7617 0.0000e+00
 173.461667     43.583  34.939598     8.4761    3.13666     43.215    33.1621    25.7605 0.0000e+00
 173.461672     43.244  34.940079     8.4799    3.13034     42.879    33.1592    25.7576 0.0000e+00
 173.461678     42.883  34.940798     8.4863    3.14586     42.521    33.1541    25.7527 0.0000e+00
 173.461684     42.486  34.942153     8.4975    3.16541     42.127    33.1452    25.7440 0.0000e+00
 173.461690     42.039  34.944833     8.5141    3.19815     41.684    33.1326    25.7316 0.0000e+00
 173.461696     41.550  34.949047     8.5323    3.24078     41.199    33.1202    25.7191 0.0000e+00
 173.461701     41.041  34.953131     8.5474    3.27449     40.694    33.1106    25.7093 0.0000e+00
 173.461707     40.533  34.955811     8.5580    3.31298     40.191    33.1037    25.7023 0.0000e+00
 173.461713     40.027  34.957303     8.5717    3.35769     39.689    33.0926    25.6915 0.0000e+00
 173.461719     39.515  34.959043     8.5970    3.38246     39.181    33.0710    25.6707 0.0000e+00
 173.461725     39.001  34.962790     8.6301    3.41046     38.672    33.0442    25.6447 0.0000e+00
 173.461730     38.498  34.967938     8.6618    3.43054     38.173    33.0202    25.6210 0.0000e+00
 173.461736     38.022  34.972390     8.6846    3.44810     37.701    33.0038    25.6047 0.0000e+00
 173.461742     37.571  34.974803     8.6952    3.46726     37.254    32.9967    25.5974 0.0000e+00
 173.461748     37.134  34.975600     8.6956    3.47754     36.821    32.9973    25.5979 0.0000e+00
 173.461753     36.705  34.975290     8.6953    3.51378     36.395    32.9975    25.5981 0.0000e+00
 173.461759     36.278  34.973460     8.7134    3.56294     35.972    32.9789    25.5807 0.0000e+00
 173.461765     35.843  34.970474     8.7601    3.60746     35.541    32.9325    25.5372 0.0000e+00
 173.461771     35.394  34.966834     8.8190    3.64957     35.096    32.8742    25.4825 0.0000e+00
 173.461777     34.927  34.963297     8.8709    3.67534     34.633    32.8227    25.4341 0.0000e+00
 173.461782     34.443  34.959642     8.9158    3.72454     34.153    32.7776    25.3918 0.0000e+00
 173.461788     33.949  34.954371     8.9544    3.78012     33.663    32.7367    25.3539 0.0000e+00
 173.461794     33.457  34.947756     8.9812    3.81401     33.175    32.7054    25.3252 0.0000e+00
 173.461800     32.974  34.942197     8.9996    3.86056     32.696    32.6829    25.3047 0.0000e+00
 173.461806     32.499  34.939262     9.0322    3.90953     32.225    32.6501    25.2740 0.0000e+00
 173.461811     32.028  34.934482     9.1125    4.01415     31.758    32.5718    25.2002 0.0000e+00
