data/oxygen options/ONMS/Olympic_Coast_National_Marine_Sanctuary_Hypoxia_Survey_CTD_Data_2004_2015/raw_data/2005/CTD_CE70_060805faed.cnv
* Sea-Bird SBE19 Data File:
* FileName = C:\hypoxia CTD data\CE70_060805.hex
* Software Version 1.1.5
* Temperature SN = 2997
* Conductivity SN = 2997
* System UpLoad Time = Jun 08 2005 16:03:02
* SEACAT PROFILER V3.1c SN 2997   06/08/05  16:02:24.637
* strain gauge pressure sensor: S/N = 184829,  range = 3000 psia,  tc = 40
# nquan = 9                                 
# nvalues = 1257                        
# units = specified
# name 0 = timeJ: Julian Days
# name 1 = prSM: Pressure, Strain Gauge [db]
# name 2 = c0mS/cm: Conductivity [mS/cm]
# name 3 = t090C: Temperature [ITS-90, deg C]
# name 4 = oxML/L: Oxygen, Beckman/YSI [ml/l]
# name 5 = depSM: Depth [salt water, m], lat = 47.5
# name 6 = sal00: Salinity, Practical [PSU]
# name 7 = sigma-é00: Density [sigma-theta, kg/m^3]
# name 8 = flag: flag
# span 0 = 159.624225, 159.631493       
# span 1 =     -4.077,     72.256       
# span 2 =   0.939709,  37.244518       
# span 3 =     8.2523,    15.6292       
# span 4 =   -0.09615,   24.40784       
# span 5 =     -4.043,     71.640       
# span 6 =     0.6002,    33.4987       
# span 7 =    -0.2501,    26.0578       
# span 8 = 0.0000e+00, 0.0000e+00       
# interval = seconds: 0.5
# start_time = Jun 08 2005 14:58:53 [Instrument's time stamp, header]
# bad_flag = -9.990e-29
*END*
[from data line 481]
 159.627008     10.700  37.205317    14.0693    7.71806     10.610    30.5677    22.7509 0.0000e+00
 159.627014     11.029  37.142669    13.9462    7.70746     10.937    30.6081    22.8069 0.0000e+00
 159.627020     11.302  37.099183    13.8826    7.68518     11.207    30.6187    22.8279 0.0000e+00
 159.627025     11.517  37.081329    13.8547    7.65628     11.421    30.6245    22.8380 0.0000e+00
 159.627031     11.673  37.072383    13.8397    7.64022     11.575    30.6282    22.8438 -9.990e-29
 159.627037     11.785  37.064894    13.8311    7.62384     11.686    30.6281    22.8455 -9.990e-29
 159.627043     11.877  37.059332    13.8271    7.60701     11.778    30.6262    22.8448 -9.990e-29
 159.627049     11.960  37.057233    13.8258    7.60268     11.860    30.6253    22.8444 -9.990e-29
 159.627054     12.025  37.058396    13.8256    7.60953     11.924    30.6265    22.8453 -9.990e-29
 159.627060     12.065  37.059865    13.8266    7.62502     11.964    30.6270    22.8456 -9.990e-29
 159.627066     12.077  37.059655    13.8291    7.64648     11.976    30.6248    22.8434 -9.990e-29
 159.627072     12.066  37.058028    13.8308    7.64578     11.965    30.6220    22.8408 -9.990e-29
 159.627078     12.049  37.055041    13.8303    7.63802     11.948    30.6196    22.8391 -9.990e-29
 159.627083     12.046  37.051180    13.8295    7.63104     11.945    30.6167    22.8370 -9.990e-29
 159.627089     12.065  37.049133    13.8292    7.63282     11.964    30.6151    22.8358 -9.990e-29
 159.627095     12.104  37.050078    13.8285    7.63163     12.003    30.6165    22.8371 -9.990e-29
 159.627101     12.151  37.051892    13.8284    7.63558     12.049    30.6182    22.8384 -9.990e-29
 159.627106     12.194  37.053610    13.8288    7.63763     12.092    30.6194    22.8393 -9.990e-29
 159.627112     12.221  37.055262    13.8285    7.64863     12.119    30.6212    22.8407 -9.990e-29
 159.627118     12.230  37.055665    13.8277    7.65647     12.128    30.6222    22.8416 -9.990e-29
 159.627124     12.227  37.054778    13.8271    7.65694     12.125    30.6219    22.8415 -9.990e-29
 159.627130     12.219  37.053645    13.8267    7.65931     12.117    30.6211    22.8410 -9.990e-29
 159.627135     12.210  37.052420    13.8262    7.66084     12.108    30.6204    22.8406 -9.990e-29
 159.627141     12.199  37.051133    13.8258    7.66700     12.097    30.6196    22.8400 -9.990e-29
 159.627147     12.187  37.050294    13.8260    7.67559     12.085    30.6186    22.8392 -9.990e-29
 159.627153     12.176  37.050449    13.8265    7.67108     12.074    30.6184    22.8389 -9.990e-29
 159.627159     12.170  37.051225    13.8270    7.67254     12.068    30.6187    22.8391 -9.990e-29
 159.627164     12.169  37.051396    13.8274    7.67950     12.067    30.6185    22.8389 -9.990e-29
 159.627170     12.176  37.051172    13.8276    7.67218     12.074    30.6182    22.8385 -9.990e-29
 159.627176     12.197  37.051361    13.8270    7.67070     12.095    30.6188    22.8392 -9.990e-29
 159.627182     12.229  37.051075    13.8257    7.65821     12.127    30.6196    22.8400 -9.990e-29
 159.627187     12.260  37.050473    13.8246    7.64888     12.157    30.6199    22.8405 -9.990e-29
 159.627193     12.285  37.050977    13.8239    7.65608     12.182    30.6209    22.8414 -9.990e-29
 159.627199     12.304  37.052120    13.8237    7.66401     12.201    30.6221    22.8424 -9.990e-29
 159.627205     12.311  37.052604    13.8238    7.67837     12.208    30.6225    22.8426 -9.990e-29
 159.627211     12.297  37.051936    13.8242    7.69219     12.194    30.6215    22.8418 -9.990e-29
 159.627216     12.271  37.050327    13.8245    7.70080     12.168    30.6198    22.8405 -9.990e-29
 159.627222     12.243  37.048418    13.8245    7.70316     12.140    30.6181    22.8391 -9.990e-29
 159.627228     12.219  37.047010    13.8246    7.69833     12.117    30.6167    22.8380 -9.990e-29
 159.627234     12.208  37.047012    13.8249    7.67868     12.106    30.6165    22.8378 -9.990e-29
 159.627240     12.212  37.047850    13.8251    7.67979     12.110    30.6171    22.8382 -9.990e-29
 159.627245     12.232  37.047819    13.8251    7.68512     12.130    30.6171    22.8382 -9.990e-29
 159.627251     12.265  37.047422    13.8249    7.68733     12.162    30.6168    22.8381 -9.990e-29
 159.627257     12.300  37.047795    13.8247    7.68432     12.197    30.6173    22.8385 -9.990e-29
 159.627263     12.326  37.048293    13.8246    7.67970     12.223    30.6179    22.8389 -9.990e-29
 159.627269     12.346  37.048440    13.8250    7.67830     12.243    30.6177    22.8387 -9.990e-29
 159.627274     12.364  37.048414    13.8255    7.68356     12.260    30.6172    22.8383 -9.990e-29
 159.627280     12.382  37.048165    13.8257    7.69503     12.278    30.6168    22.8379 -9.990e-29
 159.627286     12.398  37.047901    13.8256    7.68830     12.294    30.6167    22.8378 -9.990e-29
 159.627292     12.402  37.047813    13.8254    7.68600     12.298    30.6168    22.8379 -9.990e-29
 159.627297     12.396  37.047767    13.8252    7.68356     12.292    30.6169    22.8380 -9.990e-29
 159.627303     12.383  37.047682    13.8251    7.68297     12.279    30.6169    22.8381 -9.990e-29
 159.627309     12.367  37.047429    13.8250    7.69674     12.263    30.6167    22.8380 -9.990e-29
 159.627315     12.351  37.047212    13.8248    7.69565     12.248    30.6167    22.8380 -9.990e-29
 159.627321     12.334  37.047286    13.8249    7.67824     12.231    30.6167    22.8380 -9.990e-29
 159.627326     12.319  37.047171    13.8250    7.67238     12.216    30.6165    22.8378 -9.990e-29
 159.627332     12.310  37.046696    13.8250    7.68520     12.207    30.6161    22.8375 -9.990e-29
 159.627338     12.306  37.046334    13.8251    7.69949     12.203    30.6157    22.8371 -9.990e-29
 159.627344     12.307  37.046144    13.8252    7.70305     12.204    30.6154    22.8369 -9.990e-29
 159.627350     12.312  37.045853    13.8252    7.69394     12.209    30.6151    22.8367 -9.990e-29
 159.627355     12.323  37.045616    13.8250    7.67943     12.220    30.6151    22.8367 -9.990e-29
 159.627361     12.339  37.045659    13.8248    7.68229     12.236    30.6153    22.8369 -9.990e-29
 159.627367     12.362  37.046022    13.8247    7.68694     12.258    30.6157    22.8372 -9.990e-29
 159.627373     12.389  37.047174    13.8247    7.69769     12.285    30.6167    22.8380 -9.990e-29
 159.627378     12.413  37.048948    13.8244    7.70571     12.309    30.6186    22.8395 -9.990e-29
 159.627384     12.432  37.050329    13.8243    7.69387     12.328    30.6199    22.8406 -9.990e-29
 159.627390     12.446  37.050336    13.8244    7.69036     12.342    30.6199    22.8405 -9.990e-29
 159.627396     12.461  37.048958    13.8245    7.69034     12.357    30.6185    22.8394 -9.990e-29
 159.627402     12.482  37.047706    13.8247    7.71677     12.377    30.6172    22.8384 -9.990e-29
 159.627407     12.511  37.047696    13.8248    7.71589     12.406    30.6171    22.8383 -9.990e-29
 159.627413     12.548  37.048339    13.8246    7.74831     12.443    30.6178    22.8389 -9.990e-29
 159.627419     12.598  37.048229    13.8243    7.74094     12.492    30.6179    22.8390 -9.990e-29
 159.627425     12.670  37.046642    13.8238    7.68740     12.564    30.6169    22.8383 -9.990e-29
 159.627431     12.783  37.044246    13.8226    7.65909     12.676    30.6156    22.8376 -9.990e-29
 159.627436     12.944  37.042876    13.8197    7.58360     12.836    30.6166    22.8389 0.0000e+00
 159.627442     13.150  37.043492    13.8108    7.57999     13.040    30.6241    22.8466 0.0000e+00
 159.627448     13.393  37.043533    13.7855    7.51995     13.281    30.6443    22.8672 0.0000e+00
 159.627454     13.659  37.036306    13.7394    7.39589     13.545    30.6744    22.8996 0.0000e+00
 159.627459     13.929  37.017761    13.6911    7.33058     13.812    30.6959    22.9258 0.0000e+00
 159.627465     14.197  36.997352    13.6559    7.32238     14.078    30.7051    22.9400 0.0000e+00
 159.627471     14.466  36.984285    13.6156    7.41342     14.345    30.7253    22.9636 0.0000e+00
 159.627477     14.736  36.970083    13.5399    7.51248     14.612    30.7729    23.0154 0.0000e+00
 159.627483     14.995  36.939151    13.4421    7.52821     14.869    30.8230    23.0734 0.0000e+00
 159.627488     15.229  36.896204    13.3841    7.48692     15.101    30.8299    23.0902 0.0000e+00
 159.627494     15.436  36.871979    13.3950    7.39020     15.307    30.7985    23.0638 0.0000e+00
 159.627500     15.624  36.878994    13.4561    7.31234     15.493    30.7557    23.0187 0.0000e+00
 159.627506     15.819  36.906946    13.5204    7.24851     15.686    30.7298    22.9860 0.0000e+00
 159.627512     16.054  36.935896    13.5022    7.17744     15.919    30.7711    23.0215 0.0000e+00
 159.627517     16.345  36.924259    13.3743    7.09617     16.208    30.8635    23.1181 0.0000e+00
 159.627523     16.683  36.863249    13.2061    6.93285     16.543    30.9431    23.2125 0.0000e+00
 159.627529     17.056  36.785889    13.0603    6.72067     16.913    30.9894    23.2768 0.0000e+00
 159.627535     17.455  36.715707    12.9572    6.42643     17.309    31.0078    23.3109 0.0000e+00
 159.627541     17.865  36.679626    12.8810    6.13873     17.715    31.0362    23.3475 0.0000e+00
 159.627546     18.279  36.687246    12.7816    5.82184     18.126    31.1249    23.4352 0.0000e+00
 159.627552     18.698  36.687014    12.6289    5.52284     18.541    31.2507    23.5618 0.0000e+00
 159.627558     19.114  36.630933    12.4250    5.37146     18.954    31.3670    23.6904 0.0000e+00
 159.627564     19.515  36.510923    12.1771    5.32910     19.351    31.4600    23.8088 0.0000e+00
 159.627569     19.896  36.340180    11.9217    5.43747     19.729    31.5111    23.8957 0.0000e+00
 159.627575     20.252  36.166294    11.7055    5.57347     20.082    31.5261    23.9467 0.0000e+00
 159.627581     20.572  36.024233    11.5553    5.69713     20.399    31.5158    23.9658 0.0000e+00
 159.627587     20.842  35.926916    11.5054    5.79268     20.667    31.4634    23.9341 0.0000e+00
 159.627593     21.053  35.891417    11.5874    5.80665     20.876    31.3593    23.8386 0.0000e+00
 159.627598     21.215  35.933151    11.7750    5.77724     21.037    31.2415    23.7132 0.0000e+00
 159.627604     21.350  36.048865    11.9441    5.67930     21.171    31.2112    23.6589 0.0000e+00
 159.627610     21.475  36.153446    11.9601    5.55980     21.295    31.2983    23.7236 -9.990e-29
 159.627616     21.595  36.153689    11.8041    5.46160     21.414    31.4299    23.8542 -9.990e-29
 159.627622     21.708  36.056109    11.5717    5.38531     21.526    31.5324    23.9758 -9.990e-29
 159.627627     21.809  35.924577    11.3891    5.37124     21.626    31.5599    24.0298 -9.990e-29
 159.627633     21.887  35.830346    11.3059    5.39411     21.703    31.5388    24.0283 -9.990e-29
 159.627639     21.934  35.796838    11.2993    5.43741     21.750    31.5117    24.0083 -9.990e-29
 159.627645     21.953  35.801187    11.3343    5.48057     21.769    31.4861    23.9822 -9.990e-29
 159.627650     21.954  35.823377    11.3697    5.49764     21.770    31.4776    23.9693 -9.990e-29
 159.627656     21.942  35.841963    11.3858    5.49456     21.758    31.4820    23.9699 -9.990e-29
 159.627662     21.923  35.845278    11.3903    5.48336     21.739    31.4814    23.9686 -9.990e-29
 159.627668     21.915  35.842219    11.3850    5.45769     21.731    31.4829    23.9708 -9.990e-29
 159.627674     21.924  35.835418    11.3649    5.43364     21.740    31.4934    23.9825 -9.990e-29
 159.627679     21.952  35.820278    11.3338    5.41776     21.768    31.5051    23.9971 -9.990e-29
 159.627685     22.001  35.800703    11.3021    5.41061     21.816    31.5130    24.0089 -9.990e-29
 159.627691     22.064  35.783088    11.2761    5.40784     21.879    31.5180    24.0173 -9.990e-29
 159.627697     22.124  35.768029    11.2578    5.40103     21.938    31.5189    24.0213 -9.990e-29
 159.627703     22.173  35.756168    11.2484    5.40086     21.987    31.5153    24.0201 -9.990e-29
 159.627708     22.214  35.750168    11.2450    5.41292     22.027    31.5123    24.0184 -9.990e-29
 159.627714     22.245  35.748178    11.2439    5.42504     22.058    31.5113    24.0178 -9.990e-29
 159.627720     22.264  35.747523    11.2433    5.44094     22.077    31.5111    24.0178 -9.990e-29
 159.627726     22.267  35.747316    11.2426    5.44978     22.080    31.5115    24.0182 -9.990e-29
 159.627731     22.250  35.747272    11.2425    5.47157     22.063    31.5116    24.0183 -9.990e-29
 159.627737     22.218  35.747323    11.2455    5.48436     22.031    31.5091    24.0158 -9.990e-29
 159.627743     22.175  35.748651    11.2529    5.47844     21.989    31.5041    24.0106 -9.990e-29
 159.627749     22.133  35.752462    11.2638    5.45874     21.947    31.4985    24.0044 -9.990e-29
 159.627755     22.102  35.758790    11.2759    5.44489     21.916    31.4944    23.9990 -9.990e-29
 159.627760     22.087  35.765980    11.2821    5.43771     21.901    31.4961    23.9993 -9.990e-29
 159.627766     22.097  35.769042    11.2762    5.43132     21.911    31.5042    24.0066 -9.990e-29
 159.627772     22.132  35.764771    11.2588    5.41430     21.946    31.5148    24.0179 -9.990e-29
 159.627778     22.182  35.754199    11.2363    5.40967     21.996    31.5237    24.0288 -9.990e-29
 159.627784     22.233  35.741726    11.2172    5.41796     22.046    31.5278    24.0354 -9.990e-29
 159.627789     22.271  35.733139    11.2073    5.43959     22.084    31.5278    24.0371 -9.990e-29
 159.627795     22.285  35.729316    11.2063    5.46411     22.098    31.5249    24.0351 -9.990e-29
 159.627801     22.272  35.728515    11.2115    5.47963     22.085    31.5197    24.0301 -9.990e-29
 159.627807     22.236  35.729664    11.2220    5.48725     22.049    31.5119    24.0221 -9.990e-29
 159.627813     22.187  35.733169    11.2398    5.49079     22.001    31.5001    24.0099 -9.990e-29
 159.627818     22.140  35.742023    11.2606    5.48106     21.954    31.4910    23.9991 -9.990e-29
 159.627824     22.107  35.753453    11.2734    5.46591     21.921    31.4913    23.9971 -9.990e-29
 159.627830     22.100  35.759154    11.2730    5.45130     21.914    31.4972    24.0017 -9.990e-29
 159.627836     22.119  35.757200    11.2635    5.43491     21.933    31.5034    24.0082 -9.990e-29
 159.627841     22.156  35.751153    11.2494    5.41619     21.970    31.5095    24.0155 -9.990e-29
 159.627847     22.204  35.743038    11.2327    5.40160     22.018    31.5158    24.0233 -9.990e-29
 159.627853     22.259  35.734361    11.2167    5.40427     22.072    31.5210    24.0302 -9.990e-29
 159.627859     22.316  35.728124    11.2058    5.42173     22.129    31.5242    24.0346 -9.990e-29
 159.627865     22.365  35.725536    11.2019    5.43365     22.177    31.5249    24.0359 -9.990e-29
 159.627870     22.396  35.725383    11.2029    5.43761     22.208    31.5239    24.0349 -9.990e-29
 159.627876     22.412  35.725772    11.2066    5.43900     22.224    31.5211    24.0321 -9.990e-29
 159.627882     22.426  35.725538    11.2129    5.44342     22.238    31.5155    24.0266 -9.990e-29
 159.627888     22.456  35.726047    11.2189    5.46192     22.267    31.5109    24.0219 -9.990e-29
 159.627894     22.517  35.727416    11.2201    5.45932     22.328    31.5112    24.0219 -9.990e-29
 159.627899     22.613  35.726987    11.2173    5.45033     22.423    31.5131    24.0239 -9.990e-29
 159.627905     22.742  35.724746    11.2135    5.45401     22.551    31.5141    24.0254 0.0000e+00
 159.627911     22.907  35.722747    11.2088    5.43116     22.715    31.5161    24.0278 0.0000e+00
 159.627917     23.118  35.721125    11.2006    5.38660     22.924    31.5214    24.0334 0.0000e+00
 159.627922     23.381  35.719396    11.1852    5.31611     23.185    31.5328    24.0449 0.0000e+00
