data/oxygen options/ONMS/Olympic_Coast_National_Marine_Sanctuary_Hypoxia_Survey_CTD_Data_2004_2015/raw_data/2005/CTD_CE50_052505faed.cnv
* Sea-Bird SBE19 Data File:
* FileName = C:\Documents and Settings\kirner.PTANGELES\Desktop\hypoxia CTD data\CE50__052505.hex
* Software Version 1.1.5
* Temperature SN = 2997
* Conductivity SN = 2997
* System UpLoad Time = May 25 2005 18:07:26
* SEACAT PROFILER V3.1c SN 2997   05/25/05  18:06:43.506
* strain gauge pressure sensor: S/N = 184829,  range = 3000 psia,  tc = 40
# nquan = 9                                 
# nvalues = 627                         
# units = specified
# name 0 = timeJ: Julian Days
# name 1 = prSM: Pressure, Strain Gauge [db]
# name 2 = c0mS/cm: Conductivity [mS/cm]
# name 3 = t090C: Temperature [ITS-90, deg C]
# name 4 = oxML/L: Oxygen, Beckman/YSI [ml/l]
# name 5 = depSM: Depth [salt water, m], lat = 47.5
# name 6 = sal00: Salinity, Practical [PSU]
# name 7 = sigma-é00: Density [sigma-theta, kg/m^3]
# name 8 = flag: flag
# span 0 = 145.567731, 145.571354       
# span 1 =     -3.437,     51.950       
# span 2 =   0.351636,  36.430008       
# span 3 =     9.4592,    14.9645       
# span 4 =   -0.09935,   24.86255       
# span 5 =     -3.408,     51.510       
# span 6 =     0.2109,    32.6682       
# span 7 =    -0.7295,    25.2208       
# span 8 = 0.0000e+00, 0.0000e+00       
# interval = seconds: 0.5
# start_time = May 25 2005 13:37:32 [Instrument's time stamp, header]
# bad_flag = -9.990e-29
*END*
[from data line 161]
 145.568663      0.753  33.699588    14.5945    6.39879      0.747    27.0240    19.9152 -9.990e-29
 145.568669      0.755  33.699050    14.5961    6.38754      0.749    27.0224    19.9137 -9.990e-29
 145.568675      0.758  33.700712    14.5997    6.39268      0.752    27.0214    19.9122 -9.990e-29
 145.568681      0.766  33.702876    14.6022    6.40674      0.760    27.0216    19.9118 -9.990e-29
 145.568686      0.779  33.703391    14.6030    6.40963      0.772    27.0215    19.9116 -9.990e-29
 145.568692      0.794  33.702951    14.6038    6.40558      0.787    27.0205    19.9107 -9.990e-29
 145.568698      0.808  33.703218    14.6059    6.39336      0.801    27.0193    19.9093 -9.990e-29
 145.568704      0.825  33.704553    14.6093    6.38336      0.818    27.0181    19.9077 -9.990e-29
 145.568709      0.847  33.706503    14.6134    6.38574      0.840    27.0170    19.9060 -9.990e-29
 145.568715      0.872  33.708312    14.6164    6.38217      0.865    27.0165    19.9050 -9.990e-29
 145.568721      0.899  33.709599    14.6175    6.38414      0.891    27.0169    19.9051 -9.990e-29
 145.568727      0.923  33.710405    14.6172    6.38154      0.915    27.0178    19.9059 -9.990e-29
 145.568733      0.937  33.710691    14.6162    6.38347      0.929    27.0188    19.9068 -9.990e-29
 145.568738      0.946  33.710287    14.6156    6.38812      0.938    27.0188    19.9070 -9.990e-29
 145.568744      0.955  33.709782    14.6173    6.37961      0.947    27.0172    19.9054 -9.990e-29
 145.568750      0.964  33.710752    14.6228    6.37556      0.956    27.0142    19.9020 -9.990e-29
 145.568756      0.974  33.713937    14.6313    6.37805      0.966    27.0112    19.8979 -9.990e-29
 145.568762      0.981  33.718545    14.6409    6.37939      0.973    27.0086    19.8940 -9.990e-29
 145.568767      0.981  33.724003    14.6492    6.38388      0.973    27.0077    19.8916 -9.990e-29
 145.568773      0.983  33.729191    14.6542    6.37589      0.975    27.0088    19.8915 -9.990e-29
 145.568779      0.996  33.732069    14.6561    6.35849      0.988    27.0100    19.8920 -9.990e-29
 145.568785      1.016  33.732558    14.6575    6.35312      1.008    27.0095    19.8913 -9.990e-29
 145.568791      1.036  33.733001    14.6604    6.35495      1.027    27.0079    19.8895 -9.990e-29
 145.568796      1.052  33.735116    14.6634    6.35275      1.043    27.0076    19.8887 -9.990e-29
 145.568802      1.067  33.737805    14.6638    6.35176      1.058    27.0097    19.8903 -9.990e-29
 145.568808      1.076  33.738496    14.6613    6.34952      1.067    27.0121    19.8926 -9.990e-29
 145.568814      1.080  33.737000    14.6583    6.35030      1.071    27.0128    19.8938 -9.990e-29
 145.568819      1.088  33.735813    14.6556    6.34674      1.079    27.0137    19.8949 -9.990e-29
 145.568825      1.105  33.735041    14.6516    6.34660      1.096    27.0157    19.8974 -9.990e-29
 145.568831      1.128  33.731979    14.6475    6.34961      1.119    27.0159    19.8983 -9.990e-29
 145.568837      1.149  33.728155    14.6463    6.35323      1.139    27.0133    19.8965 -9.990e-29
 145.568843      1.165  33.727444    14.6474    6.34800      1.155    27.0119    19.8952 -9.990e-29
 145.568848      1.178  33.728343    14.6488    6.32963      1.168    27.0117    19.8948 -9.990e-29
 145.568854      1.189  33.728697    14.6512    6.31893      1.179    27.0104    19.8933 -9.990e-29
 145.568860      1.197  33.730105    14.6546    6.32499      1.187    27.0093    19.8918 -9.990e-29
 145.568866      1.205  33.732771    14.6578    6.34808      1.195    27.0094    19.8912 -9.990e-29
 145.568872      1.211  33.734650    14.6603    6.34066      1.201    27.0093    19.8907 -9.990e-29
 145.568877      1.212  33.735455    14.6623    6.32737      1.202    27.0087    19.8897 -9.990e-29
 145.568883      1.205  33.736266    14.6649    6.31970      1.195    27.0076    19.8884 -9.990e-29
 145.568889      1.197  33.738173    14.6679    6.31523      1.187    27.0072    19.8875 -9.990e-29
 145.568895      1.200  33.740924    14.6689    6.32996      1.190    27.0089    19.8886 -9.990e-29
 145.568900      1.214  33.742029    14.6679    6.34320      1.204    27.0106    19.8901 -9.990e-29
 145.568906      1.228  33.740728    14.6666    6.33533      1.218    27.0103    19.8902 -9.990e-29
 145.568912      1.230  33.739217    14.6658    6.32013      1.220    27.0096    19.8897 -9.990e-29
 145.568918      1.220  33.738848    14.6650    6.29839      1.210    27.0098    19.8901 -9.990e-29
 145.568924      1.210  33.738576    14.6630    6.30713      1.200    27.0109    19.8914 -9.990e-29
 145.568929      1.212  33.737486    14.6590    6.31840      1.202    27.0127    19.8936 -9.990e-29
 145.568935      1.226  33.735256    14.6529    6.32504      1.216    27.0150    19.8965 -9.990e-29
 145.568941      1.245  33.731159    14.6479    6.31201      1.235    27.0148    19.8974 -9.990e-29
 145.568947      1.261  33.727587    14.6480    6.30236      1.250    27.0116    19.8949 -9.990e-29
 145.568953      1.272  33.728188    14.6516    6.29843      1.261    27.0096    19.8926 -9.990e-29
 145.568958      1.281  33.731527    14.6538    6.31234      1.270    27.0110    19.8933 -9.990e-29
 145.568964      1.299  33.733657    14.6525    6.32277      1.288    27.0138    19.8957 -9.990e-29
 145.568970      1.326  33.732944    14.6499    6.31370      1.315    27.0150    19.8971 -9.990e-29
 145.568976      1.351  33.730687    14.6481    6.30702      1.340    27.0142    19.8969 -9.990e-29
 145.568981      1.368  33.728928    14.6475    6.30192      1.357    27.0131    19.8961 -9.990e-29
 145.568987      1.381  33.728128    14.6472    6.30958      1.369    27.0126    19.8958 -9.990e-29
 145.568993      1.396  33.727788    14.6460    6.31787      1.384    27.0131    19.8965 -9.990e-29
 145.568999      1.410  33.726902    14.6441    6.31902      1.398    27.0136    19.8972 -9.990e-29
 145.569005      1.418  33.725417    14.6435    6.30919      1.406    27.0127    19.8967 -9.990e-29
 145.569010      1.422  33.725282    14.6451    6.30084      1.410    27.0115    19.8954 -9.990e-29
 145.569016      1.426  33.726884    14.6467    6.29489      1.414    27.0118    19.8953 -9.990e-29
 145.569022      1.440  33.727883    14.6465    6.29520      1.428    27.0128    19.8961 -9.990e-29
 145.569028      1.462  33.727378    14.6443    6.29969      1.450    27.0139    19.8974 -9.990e-29
 145.569034      1.484  33.725824    14.6412    6.29891      1.472    27.0147    19.8986 -9.990e-29
 145.569039      1.496  33.723395    14.6389    6.29547      1.484    27.0141    19.8987 -9.990e-29
 145.569045      1.505  33.721904    14.6377    6.28454      1.492    27.0136    19.8985 -9.990e-29
 145.569051      1.515  33.721610    14.6363    6.29030      1.502    27.0143    19.8993 -9.990e-29
 145.569057      1.526  33.720449    14.6337    6.29453      1.513    27.0151    19.9005 -9.990e-29
 145.569063      1.540  33.718001    14.6301    6.30911      1.527    27.0154    19.9014 -9.990e-29
 145.569068      1.553  33.714933    14.6280    6.30963      1.540    27.0141    19.9009 -9.990e-29
 145.569074      1.558  33.713325    14.6293    6.29192      1.545    27.0118    19.8988 -9.990e-29
 145.569080      1.554  33.714962    14.6327    6.28804      1.541    27.0109    19.8975 -9.990e-29
 145.569086      1.550  33.718110    14.6348    6.28916      1.537    27.0122    19.8981 -9.990e-29
 145.569091      1.554  33.719690    14.6347    6.29743      1.541    27.0137    19.8992 -9.990e-29
 145.569097      1.571  33.719015    14.6335    6.29881      1.558    27.0139    19.8996 -9.990e-29
 145.569103      1.593  33.717435    14.6326    6.29180      1.580    27.0132    19.8992 -9.990e-29
 145.569109      1.610  33.716212    14.6327    6.27318      1.597    27.0120    19.8983 -9.990e-29
 145.569115      1.617  33.716522    14.6330    6.27607      1.603    27.0121    19.8983 -9.990e-29
 145.569120      1.619  33.717664    14.6317    6.28523      1.605    27.0140    19.9000 -9.990e-29
 145.569126      1.625  33.717248    14.6274    6.28302      1.611    27.0166    19.9029 -9.990e-29
 145.569132      1.636  33.713603    14.6222    6.28735      1.622    27.0170    19.9042 -9.990e-29
 145.569138      1.644  33.708604    14.6199    6.28499      1.630    27.0141    19.9025 -9.990e-29
 145.569144      1.649  33.706237    14.6202    6.28522      1.635    27.0118    19.9007 -9.990e-29
 145.569149      1.655  33.706341    14.6203    6.28630      1.641    27.0118    19.9007 -9.990e-29
 145.569155      1.659  33.706818    14.6191    6.28531      1.645    27.0131    19.9019 -9.990e-29
 145.569161      1.657  33.706812    14.6173    6.27972      1.643    27.0143    19.9032 -9.990e-29
 145.569167      1.649  33.705758    14.6166    6.27882      1.635    27.0139    19.9030 -9.990e-29
 145.569172      1.638  33.704680    14.6172    6.28257      1.624    27.0125    19.9018 -9.990e-29
 145.569178      1.632  33.704947    14.6171    6.28136      1.618    27.0128    19.9021 -9.990e-29
 145.569184      1.636  33.705235    14.6148    6.27838      1.622    27.0147    19.9040 -9.990e-29
 145.569190      1.644  33.703688    14.6111    6.28237      1.630    27.0159    19.9056 -9.990e-29
 145.569196      1.650  33.700484    14.6080    6.27690      1.636    27.0152    19.9057 -9.990e-29
 145.569201      1.654  33.697519    14.6063    6.27322      1.640    27.0137    19.9049 -9.990e-29
 145.569207      1.660  33.696444    14.6056    6.27428      1.646    27.0132    19.9047 -9.990e-29
 145.569213      1.663  33.696386    14.6057    6.27443      1.649    27.0131    19.9046 -9.990e-29
 145.569219      1.665  33.696709    14.6053    6.27968      1.651    27.0137    19.9051 -9.990e-29
 145.569225      1.674  33.696724    14.6006    6.28721      1.660    27.0170    19.9086 -9.990e-29
 145.569230      1.691  33.693089    14.5923    6.28155      1.677    27.0195    19.9122 -9.990e-29
 145.569236      1.708  33.686564    14.5874    6.27186      1.694    27.0171    19.9113 -9.990e-29
 145.569242      1.722  33.683584    14.5905    6.27365      1.708    27.0123    19.9070 -9.990e-29
 145.569248      1.733  33.686899    14.5980    6.27013      1.719    27.0100    19.9038 -9.990e-29
 145.569253      1.743  33.692522    14.6024    6.26589      1.728    27.0120    19.9044 -9.990e-29
 145.569259      1.752  33.695062    14.6009    6.25993      1.737    27.0152    19.9072 -9.990e-29
 145.569265      1.762  33.693426    14.5964    6.26284      1.747    27.0169    19.9094 -9.990e-29
 145.569271      1.771  33.690479    14.5929    6.26799      1.756    27.0167    19.9099 -9.990e-29
 145.569277      1.781  33.688459    14.5897    6.27315      1.766    27.0171    19.9109 -9.990e-29
 145.569282      1.793  33.685794    14.5860    6.26920      1.778    27.0173    19.9118 -9.990e-29
 145.569288      1.803  33.682293    14.5853    6.26200      1.788    27.0147    19.9099 -9.990e-29
 145.569294      1.808  33.681697    14.5884    6.26084      1.793    27.0120    19.9072 -9.990e-29
 145.569300      1.811  33.684332    14.5917    6.26692      1.796    27.0121    19.9066 -9.990e-29
 145.569306      1.818  33.686985    14.5932    6.27004      1.803    27.0134    19.9073 -9.990e-29
 145.569311      1.829  33.687594    14.5934    6.27391      1.814    27.0138    19.9076 -9.990e-29
 145.569317      1.840  33.686972    14.5939    6.27627      1.825    27.0129    19.9068 -9.990e-29
 145.569323      1.844  33.687093    14.5954    6.26186      1.829    27.0120    19.9058 -9.990e-29
 145.569329      1.841  33.688680    14.5974    6.25554      1.826    27.0120    19.9054 -9.990e-29
 145.569334      1.839  33.690488    14.5988    6.25712      1.824    27.0126    19.9056 -9.990e-29
 145.569340      1.842  33.691007    14.5996    6.26637      1.827    27.0125    19.9054 -9.990e-29
 145.569346      1.846  33.690372    14.6000    6.27702      1.831    27.0117    19.9046 -9.990e-29
 145.569352      1.843  33.689418    14.5999    6.26595      1.828    27.0109    19.9041 -9.990e-29
 145.569358      1.833  33.689115    14.5996    6.25584      1.818    27.0108    19.9041 -9.990e-29
 145.569363      1.828  33.689622    14.5994    6.25418      1.813    27.0114    19.9046 -9.990e-29
 145.569369      1.835  33.690496    14.5984    6.25912      1.820    27.0129    19.9059 -9.990e-29
 145.569375      1.853  33.690100    14.5942    6.26456      1.838    27.0155    19.9087 -9.990e-29
 145.569381      1.876  33.686227    14.5882    6.26141      1.860    27.0162    19.9105 -9.990e-29
 145.569387      1.902  33.681561    14.5859    6.26132      1.886    27.0136    19.9090 -9.990e-29
 145.569392      1.926  33.680531    14.5881    6.25879      1.910    27.0112    19.9066 -9.990e-29
 145.569398      1.938  33.682322    14.5900    6.25491      1.922    27.0114    19.9065 -9.990e-29
 145.569404      1.936  33.683159    14.5874    6.25683      1.920    27.0140    19.9090 -9.990e-29
 145.569410      1.929  33.680235    14.5839    6.26332      1.913    27.0138    19.9095 -9.990e-29
 145.569416      1.929  33.676939    14.5833    6.25969      1.913    27.0113    19.9077 -9.990e-29
 145.569421      1.935  33.677287    14.5803    6.25533      1.919    27.0137    19.9102 -9.990e-29
 145.569427      1.939  33.676137    14.5748    6.25318      1.923    27.0165    19.9134 -9.990e-29
 145.569433      1.939  33.673081    14.5723    6.25912      1.923    27.0155    19.9132 -9.990e-29
 145.569439      1.937  33.673009    14.5702    6.25769      1.921    27.0169    19.9147 -9.990e-29
 145.569444      1.937  33.672465    14.5667    6.24745      1.921    27.0189    19.9169 -9.990e-29
 145.569450      1.937  33.669604    14.5661    6.23876      1.921    27.0167    19.9153 -9.990e-29
 145.569456      1.931  33.669019    14.5697    6.24278      1.915    27.0137    19.9123 -9.990e-29
 145.569462      1.924  33.671611    14.5721    6.26054      1.908    27.0144    19.9123 -9.990e-29
 145.569468      1.923  33.672992    14.5690    6.26407      1.907    27.0177    19.9155 -9.990e-29
 145.569473      1.928  33.669962    14.5658    6.25307      1.912    27.0173    19.9158 -9.990e-29
 145.569479      1.931  33.666889    14.5692    6.24799      1.915    27.0122    19.9112 -9.990e-29
 145.569485      1.933  33.669766    14.5748    6.24414      1.917    27.0108    19.9091 -9.990e-29
 145.569491      1.941  33.674022    14.5752    6.25007      1.925    27.0143    19.9117 -9.990e-29
 145.569497      1.957  33.673565    14.5698    6.25456      1.941    27.0177    19.9153 -9.990e-29
 145.569502      1.973  33.669468    14.5629    6.24890      1.957    27.0188    19.9176 -9.990e-29
 145.569508      1.985  33.664678    14.5598    6.24743      1.968    27.0167    19.9166 -9.990e-29
 145.569514      1.995  33.662336    14.5607    6.25407      1.978    27.0140    19.9143 -9.990e-29
 145.569520      2.004  33.663242    14.5616    6.24626      1.987    27.0142    19.9143 -9.990e-29
 145.569525      2.010  33.664681    14.5591    6.25236      1.993    27.0172    19.9171 -9.990e-29
 145.569531      2.016  33.662969    14.5545    6.25283      1.999    27.0189    19.9193 -9.990e-29
 145.569537      2.022  33.659188    14.5520    6.24898      2.005    27.0172    19.9186 -9.990e-29
 145.569543      2.027  33.657826    14.5520    6.24866      2.010    27.0160    19.9176 -9.990e-29
 145.569549      2.033  33.658749    14.5530    6.25049      2.016    27.0162    19.9175 -9.990e-29
 145.569554      2.038  33.659825    14.5546    6.25421      2.021    27.0160    19.9171 -9.990e-29
 145.569560      2.045  33.660809    14.5559    6.24427      2.028    27.0160    19.9168 -9.990e-29
 145.569566      2.053  33.661332    14.5560    6.24168      2.036    27.0164    19.9171 -9.990e-29
 145.569572      2.063  33.660974    14.5546    6.24468      2.046    27.0170    19.9179 -9.990e-29
 145.569578      2.075  33.659819    14.5525    6.25426      2.058    27.0174    19.9186 -9.990e-29
