data/oxygen options/ONMS/Olympic_Coast_National_Marine_Sanctuary_Hypoxia_Survey_CTD_Data_2004_2015/raw_data/2005/CTD_CA60_062205faed.cnv
* Sea-Bird SBE19 Data File:
* FileName = C:\hypoxia CTD data\CA60_062205.hex
* Software Version 1.1.5
* Temperature SN = 2997
* Conductivity SN = 2997
* System UpLoad Time = Jun 22 2005 16:35:45
* SEACAT PROFILER V3.1c SN 2997   06/22/05  16:35:21.472
* strain gauge pressure sensor: S/N = 184829,  range = 3000 psia,  tc = 40
# nquan = 9                                 
# nvalues = 684                         
# units = specified
# name 0 = timeJ: Julian Days
# name 1 = prSM: Pressure, Strain Gauge [db]
# name 2 = c0mS/cm: Conductivity [mS/cm]
# name 3 = t090C: Temperature [ITS-90, deg C]
# name 4 = oxML/L: Oxygen, Beckman/YSI [ml/l]
# name 5 = depSM: Depth [salt water, m], lat = 47.5
# name 6 = sal00: Salinity, Practical [PSU]
# name 7 = sigma-é00: Density [sigma-theta, kg/m^3]
# name 8 = flag: flag
# span 0 = 173.642315, 173.646267       
# span 1 =      0.145,     61.495       
# span 2 =   1.498183,  38.367398       
# span 3 =     8.0856,    14.2998       
# span 4 =   -0.11830,   26.06469       
# span 5 =      0.144,     60.973       
# span 6 =     0.9664,    33.5199       
# span 7 =    -0.0288,    26.0994       
# span 8 = 0.0000e+00, 0.0000e+00       
# interval = seconds: 0.5
# start_time = Jun 22 2005 15:24:56 [Instrument's time stamp, header]
# bad_flag = -9.990e-29
*END*
[from data line 641]
 173.646024     15.181  38.223911    13.9260    6.80846     15.054    31.6158    23.5888 0.0000e+00
 173.646030     14.685  38.232133    14.0080    6.82710     14.562    31.5563    23.5261 0.0000e+00
 173.646036     14.170  38.265076    14.0963    6.86197     14.051    31.5144    23.4757 0.0000e+00
 173.646042     13.646  38.284783    14.1491    6.89016     13.532    31.4895    23.4457 0.0000e+00
 173.646047     13.118  38.281662    14.1751    6.90665     13.008    31.4657    23.4219 0.0000e+00
 173.646053     12.587  38.270082    14.1905    6.91810     12.482    31.4427    23.4011 0.0000e+00
 173.646059     12.057  38.249195    14.2041    6.92611     11.956    31.4127    23.3751 0.0000e+00
 173.646065     11.532  38.220880    14.2158    6.91983     11.435    31.3776    23.3456 0.0000e+00
 173.646071     11.015  38.197304    14.2212    6.91312     10.923    31.3518    23.3246 0.0000e+00
 173.646076     10.505  38.186297    14.2218    6.88671     10.417    31.3415    23.3165 0.0000e+00
 173.646082     10.006  38.183282    14.2258    6.85799      9.922    31.3357    23.3112 0.0000e+00
 173.646088      9.514  38.181999    14.2383    6.81694      9.434    31.3245    23.3000 0.0000e+00
 173.646094      9.024  38.175131    14.2572    6.78261      8.948    31.3031    23.2796 0.0000e+00
 173.646100      8.535  38.159129    14.2731    6.77870      8.464    31.2759    23.2552 0.0000e+00
 173.646105      8.051  38.139583    14.2781    6.80205      7.984    31.2542    23.2375 0.0000e+00
 173.646111      7.574  38.116798    14.2731    6.82677      7.511    31.2376    23.2257 0.0000e+00
 173.646117      7.108  38.087880    14.2629    6.83661      7.049    31.2196    23.2140 0.0000e+00
 173.646123      6.658  38.054096    14.2524    6.82718      6.602    31.1975    23.1990 0.0000e+00
 173.646128      6.229  38.020874    14.2454    6.82875      6.177    31.1730    23.1816 0.0000e+00
 173.646134      5.828  37.999441    14.2423    6.85185      5.779    31.1561    23.1691 0.0000e+00
 173.646140      5.460  37.992624    14.2415    6.84668      5.414    31.1506    23.1651 0.0000e+00
 173.646146      5.118  37.993020    14.2409    6.81779      5.075    31.1516    23.1660 0.0000e+00
 173.646152      4.784  37.993866    14.2402    6.80833      4.744    31.1531    23.1672 0.0000e+00
 173.646157      4.447  37.989000    14.2420    6.78769      4.410    31.1473    23.1624 0.0000e+00
 173.646163      4.111  37.980907    14.2474    6.68701      4.077    31.1357    23.1523 0.0000e+00
 173.646169      3.787  37.978427    14.2548    6.60290      3.755    31.1276    23.1446 0.0000e+00
 173.646175      3.486  37.982743    14.2612    6.48291      3.457    31.1265    23.1424 0.0000e+00
 173.646181      3.209  37.988399    14.2637    6.34395      3.182    31.1297    23.1444 0.0000e+00
 173.646186      2.961  37.991161    14.2612    6.23039      2.936    31.1344    23.1484 0.0000e+00
 173.646192      2.751  37.989665    14.2554    6.20034      2.728    31.1378    23.1522 0.0000e+00
 173.646198      2.578  37.984163    14.2496    6.15623      2.556    31.1375    23.1532 0.0000e+00
 173.646204      2.432  37.976856    14.2424    6.10397      2.412    31.1367    23.1541 0.0000e+00
 173.646209      2.307  37.967531    14.2287    7.14931      2.288    31.1393    23.1589 -9.990e-29
 173.646215      2.205  37.956092    14.2120 -9.990e-29      2.187    31.1423    23.1647 -9.990e-29
 173.646221      2.127  37.946918    14.1990 -9.990e-29      2.109    31.1445    23.1690 -9.990e-29
 173.646227      2.068  37.940671    14.1905 -9.990e-29      2.051    31.1456    23.1716 -9.990e-29
 173.646233      2.020  37.929021    14.1817 -9.990e-29      2.003    31.1421    23.1707 -9.990e-29
 173.646238      1.984  37.899234    14.1677 -9.990e-29      1.967    31.1262    23.1613 -9.990e-29
 173.646244      1.964  37.827859    14.1494 -9.990e-29      1.948    31.0757    23.1261 -9.990e-29
 173.646250      1.952  37.639916    14.1317 -9.990e-29      1.936    30.9182    23.0083 -9.990e-29
 173.646256      1.944  37.101636    14.1183 -9.990e-29      1.928    30.4376    22.6403 -9.990e-29
 173.646262      1.939  35.509329    14.1130 -9.990e-29      1.923    28.9944    21.5289 -9.990e-29
 173.646267      1.938  30.754497 -9.990e-29 -9.990e-29      1.922 -9.990e-29 -9.990e-29 -9.990e-29
