data/oxygen options/ONMS/Olympic_Coast_National_Marine_Sanctuary_Hypoxia_Survey_CTD_Data_2004_2015/raw_data/2005/CTD_CE30_052505faed.cnv
* Sea-Bird SBE19 Data File:
* FileName = C:\Documents and Settings\kirner.PTANGELES\Desktop\hypoxia CTD data\CE30__052505.hex
* Software Version 1.1.5
* Temperature SN = 2997
* Conductivity SN = 2997
* System UpLoad Time = May 25 2005 18:10:41
* SEACAT PROFILER V3.1c SN 2997   05/25/05  18:09:23.289
* strain gauge pressure sensor: S/N = 184829,  range = 3000 psia,  tc = 40
# nquan = 9                                 
# nvalues = 607                         
# units = specified
# name 0 = timeJ: Julian Days
# name 1 = prSM: Pressure, Strain Gauge [db]
# name 2 = c0mS/cm: Conductivity [mS/cm]
# name 3 = t090C: Temperature [ITS-90, deg C]
# name 4 = oxML/L: Oxygen, Beckman/YSI [ml/l]
# name 5 = depSM: Depth [salt water, m], lat = 47.5
# name 6 = sal00: Salinity, Practical [PSU]
# name 7 = sigma-é00: Density [sigma-theta, kg/m^3]
# name 8 = flag: flag
# span 0 = 145.678843, 145.682350       
# span 1 =     -4.721,     29.869       
# span 2 =   0.071693,  36.177149       
# span 3 =    10.7879,    16.5896       
# span 4 =   -0.11150,   24.45012       
# span 5 =     -4.682,     29.618       
# span 6 =     0.0434,    31.8825       
# span 7 =    -1.1182,    24.3863       
# span 8 = 0.0000e+00, 0.0000e+00       
# interval = seconds: 0.5
# start_time = May 25 2005 16:17:32 [Instrument's time stamp, header]
# bad_flag = -9.990e-29
*END*
 145.678843     -4.712 -9.990e-29    16.5817   -0.11148     -4.673 -9.990e-29 -9.990e-29 -9.990e-29
 145.678848     -4.718   0.071693    16.5795   -0.11149     -4.679     0.0434    -1.1182 -9.990e-29
 145.678854     -4.721   0.072391    16.5773   -0.11150     -4.682     0.0438    -1.1176 -9.990e-29
 145.678860     -4.714   0.073932    16.5753   -0.11150     -4.675     0.0446    -1.1166 -9.990e-29
 145.678866     -4.696   0.075599    16.5734   -0.11148     -4.657     0.0455    -1.1156 -9.990e-29
 145.678872     -4.674   0.076104    16.5713   -0.11147     -4.635     0.0458    -1.1150 -9.990e-29
 145.678877     -4.650   0.075565    16.5694   -0.11145     -4.611     0.0455    -1.1149 -9.990e-29
 145.678883     -4.625   0.074742    16.5680   -0.11142     -4.586     0.0451    -1.1150 -9.990e-29
 145.678889     -4.595   0.074201    16.5669   -0.11139     -4.557     0.0448    -1.1150 -9.990e-29
 145.678895     -4.563   0.074148    16.5657   -0.11138     -4.525     0.0448    -1.1149 -9.990e-29
 145.678900     -4.536   0.075068    16.5643   -0.11139     -4.498     0.0453    -1.1142 -9.990e-29
 145.678906     -4.513   0.077079    16.5634   -0.11139     -4.475     0.0463    -1.1133 -9.990e-29
 145.678912     -4.486   0.078429    16.5647   -0.11138     -4.449     0.0471    -1.1129 -9.990e-29
 145.678918     -4.455   0.078703    16.5683   -0.11138     -4.418     0.0472    -1.1134 -9.990e-29
 145.678924     -4.418   0.078823    16.5731   -0.09673     -4.381     0.0473    -1.1142 -9.990e-29
 145.678929     -4.376   0.079502    16.5787   -0.09973     -4.340     0.0476    -1.1148 -9.990e-29
 145.678935     -4.331   0.083312    16.5845   -0.09862     -4.295     0.0497    -1.1142 -9.990e-29
 145.678941     -4.281   0.095887    16.5888   -0.10182     -4.245     0.0566    -1.1096 -9.990e-29
 145.678947     -4.221   0.122353    16.5896   -0.09928     -4.186     0.0712    -1.0985 -9.990e-29
 145.678953     -4.154   0.170285    16.5862   -0.09985     -4.119     0.0981    -1.0771 -9.990e-29
 145.678958     -4.082   0.271996    16.5749   -0.10045     -4.048     0.1565    -1.0301 -9.990e-29
 145.678964     -4.010   0.537047    16.5407   -0.10051     -3.977     0.3136    -0.9032 -9.990e-29
 145.678970     -3.937   1.304427    16.4363   -0.10074     -3.904     0.7902    -0.5184 -9.990e-29
 145.678976     -3.859   3.592322    16.1193   -0.10065     -3.827     2.3158     0.7070 -9.990e-29
 145.678981     -3.775  10.450706    15.5486   -0.09996     -3.744     7.3598     4.6676 -9.990e-29
 145.678987     -3.688  20.766976    15.0085   -0.09949     -3.657    15.7110    11.1549 -9.990e-29
 145.678993     -3.602  28.130312    14.7164   -0.09975     -3.572    22.0724    16.0867 -9.990e-29
 145.678999     -3.515  31.005609    14.5582   -0.09980     -3.486    24.6708    18.1131 -9.990e-29
 145.679005     -3.421  31.944275    14.3886   -0.09984     -3.392    25.6083    18.8672 -9.990e-29
 145.679010     -3.324  32.772823    14.2164   -0.10012     -3.296    26.4608    19.5569 -9.990e-29
 145.679016     -3.237  33.531245    14.1100   -0.10030     -3.210    27.2139    20.1576 -9.990e-29
 145.679022     -3.174  33.802782    14.0822   -0.10025     -3.148    27.4777    20.3663 -9.990e-29
 145.679028     -3.130  33.894551    14.1119   -0.10029     -3.104    27.5391    20.4077 -9.990e-29
 145.679034     -3.093  33.905379    14.1995   -0.10030     -3.067    27.4865    20.3499 -9.990e-29
 145.679039     -3.057  34.044209    14.2939   -0.10031     -3.032    27.5439    20.3753 -9.990e-29
 145.679045     -3.020  34.263577    14.3189   -0.10042     -2.995    27.7226    20.5079 -9.990e-29
 145.679051     -2.979  34.341498    14.3111   -0.10044     -2.954    27.7981    20.5676 -9.990e-29
 145.679057     -2.932  34.330364    14.3171   -0.10039     -2.908    27.7838    20.5554 -9.990e-29
 145.679062     -2.875  34.257959    14.3094   -0.10044     -2.851    27.7243    20.5111 -9.990e-29
 145.679068     -2.810  34.051303    14.2815   -0.10033     -2.787    27.5590    20.3894 -9.990e-29
 145.679074     -2.740  33.821616    14.2592   -0.10030     -2.717    27.3689    20.2475 -9.990e-29
 145.679080     -2.662  33.715530    14.2554   -0.10028     -2.640    27.2766    20.1772 -9.990e-29
 145.679086     -2.571  33.701466    14.2604   -0.10030     -2.550    27.2604    20.1637 -9.990e-29
 145.679091     -2.472  33.666544    14.2561   -0.10028     -2.451    27.2321    20.1428 -9.990e-29
 145.679097     -2.374  33.602337    14.2379   -0.10042     -2.354    27.1874    20.1120 -9.990e-29
 145.679103     -2.281  33.561691    14.2207   -0.10049     -2.262    27.1630    20.0966 -9.990e-29
 145.679109     -2.207  33.562735    14.2178   -0.10044     -2.189    27.1660    20.0995 -9.990e-29
 145.679115     -2.154  33.590631    14.2321   -0.10042     -2.136    27.1809    20.1082 -9.990e-29
 145.679120     -2.111  33.603016    14.2560   -0.10043     -2.093    27.1752    20.0990 -9.990e-29
 145.679126     -2.065  33.579442    14.2719   -0.10047     -2.048    27.1429    20.0710 -9.990e-29
 145.679132     -2.020  33.554078    14.2721   -0.10049     -2.003    27.1201    20.0534 -9.990e-29
 145.679138     -1.979  33.557027    14.2648   -0.10049     -1.962    27.1278    20.0608 -9.990e-29
 145.679144     -1.950  33.583284    14.2548   -0.10053     -1.934    27.1583    20.0863 -9.990e-29
 145.679149     -1.926  33.600636    14.2378   -0.10057     -1.910    27.1858    20.1108 -9.990e-29
 145.679155     -1.893  33.580685    14.2190   -0.10061     -1.877    27.1811    20.1109 -9.990e-29
 145.679161     -1.853  33.548417    14.2083   -0.10055     -1.838    27.1597    20.0965 -9.990e-29
 145.679167     -1.816  33.550499    14.2048   -0.10052     -1.801    27.1640    20.1006 -9.990e-29
 145.679172     -1.784  33.582446    14.2024   -0.10054     -1.769    27.1943    20.1244 -9.990e-29
 145.679178     -1.752  33.602256    14.1971   -0.10057     -1.737    27.2158    20.1419 -9.990e-29
 145.679184     -1.715  33.596021    14.1892   -0.10060     -1.701    27.2158    20.1435 -9.990e-29
 145.679190     -1.691  33.584037    14.1815   -0.10058     -1.677    27.2104    20.1409 -9.990e-29
 145.679196     -1.685  33.580053    14.1747   -0.10057     -1.671    27.2116    20.1432 -9.990e-29
 145.679201     -1.684  33.571499    14.1670   -0.10059     -1.670    27.2094    20.1429 -9.990e-29
 145.679207     -1.676  33.548677    14.1594   -0.10063     -1.662    27.1942    20.1328 -9.990e-29
 145.679213     -1.655  33.529942    14.1547   -0.10060     -1.641    27.1807    20.1233 -9.990e-29
 145.679219     -1.625  33.543020    14.1538   -0.10056     -1.611    27.1931    20.1330 -9.990e-29
 145.679225     -1.592  33.584637    14.1550   -0.10060     -1.579    27.2296    20.1609 -9.990e-29
 145.679230     -1.563  33.611676    14.1561   -0.10063     -1.550    27.2531    20.1787 -9.990e-29
 145.679236     -1.536  33.596890    14.1564   -0.10058     -1.523    27.2396    20.1683 -9.990e-29
 145.679242     -1.505  33.559824    14.1566   -0.10054     -1.492    27.2062    20.1425 -9.990e-29
 145.679248     -1.472  33.535145    14.1569   -0.10053     -1.460    27.1838    20.1252 -9.990e-29
 145.679253     -1.439  33.532008    14.1558   -0.10056     -1.427    27.1817    20.1239 -9.990e-29
 145.679259     -1.405  33.530005    14.1526   -0.10061     -1.393    27.1822    20.1249 -9.990e-29
 145.679265     -1.371  33.519768    14.1493   -0.10057     -1.360    27.1753    20.1202 -9.990e-29
 145.679271     -1.343  33.521300    14.1481   -0.10054     -1.332    27.1775    20.1221 -9.990e-29
 145.679277     -1.325  33.545076    14.1486   -0.10040     -1.314    27.1985    20.1382 -9.990e-29
 145.679282     -1.315  33.561739    14.1494   -0.10038     -1.304    27.2129    20.1491 -9.990e-29
 145.679288     -1.308  33.550383    14.1505   -0.10049     -1.297    27.2019    20.1405 -9.990e-29
 145.679294     -1.299  33.543530    14.1540   -0.10053     -1.288    27.1933    20.1331 -9.990e-29
 145.679300     -1.289  33.567937    14.1601   -0.10050     -1.278    27.2109    20.1455 -9.990e-29
 145.679306     -1.271  33.591168    14.1632   -0.10029     -1.260    27.2296    20.1593 -9.990e-29
 145.679311     -1.246  33.579217    14.1603   -0.10030     -1.236    27.2209    20.1531 -9.990e-29
 145.679317     -1.219  33.552606    14.1602   -0.10055     -1.209    27.1970    20.1348 -9.990e-29
 145.679323     -1.193  33.554901    14.1752   -0.10060     -1.183    27.1885    20.1253 -9.990e-29
 145.679329     -1.167  33.586385    14.1994   -0.10060     -1.157    27.1998    20.1292 -9.990e-29
 145.679334     -1.143  33.607803    14.2078   -0.10047     -1.133    27.2130    20.1377 -9.990e-29
 145.679340     -1.124  33.606272    14.1951   -0.10049     -1.115    27.2206    20.1461 -9.990e-29
 145.679346     -1.105  33.599961    14.1855   -0.10062     -1.096    27.2217    20.1488 -9.990e-29
 145.679352     -1.084  33.606263    14.2004   -0.10069     -1.075    27.2168    20.1421 -9.990e-29
 145.679358     -1.069  33.622397    14.2279   -0.10070     -1.060    27.2120    20.1329 -9.990e-29
 145.679363     -1.058  33.627305    14.2298   -0.10067     -1.049    27.2150    20.1349 -9.990e-29
 145.679369     -1.042  33.609631    14.1984   -0.10066     -1.033    27.2213    20.1459 -9.990e-29
 145.679375     -1.021  33.576668    14.1671   -0.10067     -1.012    27.2137    20.1463 -9.990e-29
 145.679381     -1.006  33.559590    14.1619   -0.10069     -0.998    27.2020    20.1383 -9.990e-29
 145.679387     -1.003  33.575434    14.1753   -0.10069     -0.995    27.2068    20.1394 -9.990e-29
 145.679392     -1.010  33.587623    14.1788   -0.10068     -1.002    27.2153    20.1452 -9.990e-29
 145.679398     -1.018  33.567046    14.1639   -0.10063     -1.010    27.2073    20.1420 -9.990e-29
 145.679404     -1.014  33.523847    14.1443   13.55273     -1.006    27.1824    20.1266 -9.990e-29
 145.679410     -0.994  33.482275    14.1297   23.04563     -0.986    27.1553    20.1087 -9.990e-29
 145.679416     -0.970  33.468743    14.1223   24.45012     -0.962    27.1483    20.1048 -9.990e-29
 145.679421     -0.949  33.488768    14.1210   21.52648     -0.941    27.1672    20.1196 -9.990e-29
 145.679427     -0.924  33.516959    14.1212   14.08776     -0.916    27.1924    20.1389 -9.990e-29
 145.679433     -0.891  33.525923    14.1192   11.23849     -0.884    27.2018    20.1466 -9.990e-29
 145.679439     -0.850  33.519234    14.1172   11.30829     -0.843    27.1972    20.1434 -9.990e-29
 145.679444     -0.809  33.520506    14.1228   11.33083     -0.802    27.1944    20.1402 -9.990e-29
 145.679450     -0.778  33.535384    14.1404   11.38532     -0.772    27.1954    20.1374 -9.990e-29
 145.679456     -0.766  33.540021    14.1556   11.43923     -0.760    27.1888    20.1294 -9.990e-29
 145.679462     -0.770  33.503640    14.1530   11.49099     -0.764    27.1580    20.1062 -9.990e-29
 145.679468     -0.769  33.439409    14.1426   11.53882     -0.763    27.1077    20.0695 -9.990e-29
 145.679473     -0.744  33.395093    14.1357   11.58207     -0.738    27.0728    20.0440 -9.990e-29
 145.679479     -0.698  33.378318    14.1320   11.62151     -0.692    27.0603    20.0351 -9.990e-29
 145.679485     -0.651  33.370664    14.1310   11.66069     -0.646    27.0541    20.0305 -9.990e-29
 145.679491     -0.616  33.367555    14.1322    9.91867     -0.611    27.0505    20.0275 -9.990e-29
 145.679497     -0.595  33.367112    14.1361    6.43524     -0.590    27.0473    20.0243 -9.990e-29
 145.679502     -0.583  33.368772    14.1428    4.34260     -0.578    27.0441    20.0205 -9.990e-29
 145.679508     -0.570  33.373657    14.1492    3.57031     -0.565    27.0440    20.0192 -9.990e-29
 145.679514     -0.552  33.378220    14.1534    4.32656     -0.547    27.0452    20.0192 -9.990e-29
 145.679520     -0.530  33.379609    14.1573    5.55521     -0.526    27.0437    20.0173 -9.990e-29
 145.679525     -0.514  33.380826    14.1627    6.05648     -0.510    27.0410    20.0142 -9.990e-29
 145.679531     -0.500  33.384642    14.1676    6.33878     -0.496    27.0410    20.0132 -9.990e-29
 145.679537     -0.485  33.388327    14.1692    6.50279     -0.481    27.0432    20.0146 -9.990e-29
 145.679543     -0.468  33.387298    14.1678    6.59625     -0.464    27.0432    20.0149 -9.990e-29
 145.679549     -0.447  33.383013    14.1666    6.65685     -0.443    27.0402    20.0128 -9.990e-29
 145.679554     -0.425  33.380433    14.1678    6.68302     -0.421    27.0370    20.0101 -9.990e-29
 145.679560     -0.405  33.381749    14.1709    6.70143     -0.402    27.0360    20.0088 -9.990e-29
 145.679566     -0.386  33.385188    14.1739    6.70819     -0.383    27.0370    20.0089 -9.990e-29
 145.679572     -0.370  33.388627    14.1763    6.71201     -0.367    27.0384    20.0095 -9.990e-29
 145.679578     -0.362  33.391430    14.1797    6.70557     -0.359    27.0386    20.0090 -9.990e-29
 145.679583     -0.356  33.393977    14.1851    6.70447     -0.353    27.0371    20.0067 -9.990e-29
 145.679589     -0.348  33.397238    14.1901    6.70983     -0.345    27.0365    20.0053 -9.990e-29
 145.679595     -0.337  33.399958    14.1927    6.70448     -0.334    27.0371    20.0053 -9.990e-29
 145.679601     -0.322  33.401281    14.1923    6.70486     -0.319    27.0386    20.0065 -9.990e-29
 145.679606     -0.303  33.401292    14.1887    6.69786     -0.300    27.0411    20.0091 -9.990e-29
 145.679612     -0.283  33.398882    14.1840    6.69780     -0.281    27.0422    20.0109 -9.990e-29
 145.679618     -0.264  33.395321    14.1810    6.69174     -0.262    27.0411    20.0107 -9.990e-29
 145.679624     -0.246  33.393145    14.1801    6.68197     -0.244    27.0398    20.0098 -9.990e-29
 145.679630     -0.231  33.392251    14.1820    6.66828     -0.229    27.0376    20.0078 -9.990e-29
 145.679635     -0.223  33.393130    14.1879    6.66256     -0.221    27.0343    20.0041 -9.990e-29
 145.679641     -0.217  33.396950    14.1942    6.68147     -0.215    27.0333    20.0021 -9.990e-29
 145.679647     -0.204  33.400960    14.1927    6.69103     -0.202    27.0380    20.0059 -9.990e-29
 145.679653     -0.183  33.399859    14.1796    6.68383     -0.181    27.0461    20.0148 -9.990e-29
 145.679659     -0.162  33.389381    14.1659    6.65446     -0.161    27.0463    20.0176 -9.990e-29
 145.679664     -0.143  33.376846    14.1668    6.61812     -0.142    27.0344    20.0083 -9.990e-29
 145.679670     -0.125  33.378039    14.1794    6.59817     -0.124    27.0267    19.9999 -9.990e-29
 145.679676     -0.107  33.391187    14.1861    6.60185     -0.106    27.0338    20.0040 -9.990e-29
 145.679682     -0.088  33.398516    14.1733    6.62764     -0.087    27.0493    20.0185 -9.990e-29
 145.679688     -0.067  33.389066    14.1404    6.65315     -0.066    27.0638    20.0362 -9.990e-29
 145.679693     -0.047  33.363128    14.1041    6.67107     -0.047    27.0660    20.0450 -9.990e-29
 145.679699     -0.035  33.334306    14.0879    6.66120     -0.035    27.0514    20.0369 -9.990e-29
 145.679705     -0.029  33.323004    14.1000    6.63590     -0.029    27.0328    20.0202 -9.990e-29
 145.679711     -0.027  33.336558    14.1283    6.61796     -0.027    27.0252    20.0088 -9.990e-29
 145.679716     -0.026  33.361657    14.1518    6.61306     -0.026    27.0313    20.0088 -9.990e-29
 145.679722     -0.024  33.377973    14.1606    6.62748     -0.024    27.0397    20.0136 -9.990e-29
 145.679728     -0.015  33.380930    14.1582    6.62519     -0.015    27.0441    20.0174 -9.990e-29
 145.679734     -0.003  33.376716    14.1530    6.61782     -0.003    27.0439    20.0184 -9.990e-29
 145.679740      0.003  33.372039    14.1527    6.60969      0.003    27.0399    20.0153 -9.990e-29
 145.679745      0.004  33.372989    14.1564    6.60288      0.004    27.0382    20.0133 -9.990e-29
 145.679751      0.010  33.377469    14.1585    6.61974      0.010    27.0407    20.0148 -9.990e-29
 145.679757      0.024  33.379124    14.1579    6.61852      0.024    27.0426    20.0164 -9.990e-29
 145.679763      0.043  33.377360    14.1577    6.60998      0.043    27.0412    20.0153 -9.990e-29
