data/oxygen options/ONMS/Olympic_Coast_National_Marine_Sanctuary_Hypoxia_Survey_CTD_Data_2004_2015/raw_data/2005/CTD_CA70_052405faed.cnv
* Sea-Bird SBE19 Data File:
* FileName = C:\Documents and Settings\kirner.PTANGELES\Desktop\hypoxia CTD data\CA70_052405.hex
* Software Version 1.1.5
* Temperature SN = 2997
* Conductivity SN = 2997
* System UpLoad Time = May 24 2005 15:30:20
* SEACAT PROFILER V3.1c SN 2997   05/24/05  15:29:27.490
* strain gauge pressure sensor: S/N = 184829,  range = 3000 psia,  tc = 40
# nquan = 9                                 
# nvalues = 749                         
# units = specified
# name 0 = timeJ: Julian Days
# name 1 = prSM: Pressure, Strain Gauge [db]
# name 2 = c0mS/cm: Conductivity [mS/cm]
# name 3 = t090C: Temperature [ITS-90, deg C]
# name 4 = oxML/L: Oxygen, Beckman/YSI [ml/l]
# name 5 = depSM: Depth [salt water, m], lat = 47.5
# name 6 = sal00: Salinity, Practical [PSU]
# name 7 = sigma-é00: Density [sigma-theta, kg/m^3]
# name 8 = flag: flag
# span 0 = 144.589132, 144.593461       
# span 1 =     -3.268,     72.200       
# span 2 =   0.555087,  37.075344       
# span 3 =     8.4058,    14.1634       
# span 4 =   -0.10194,   26.98603       
# span 5 =     -3.241,     71.585       
# span 6 =     0.3535,    33.4921       
# span 7 =    -0.3510,    26.0294       
# span 8 = 0.0000e+00, 0.0000e+00       
# interval = seconds: 0.5
# start_time = May 24 2005 14:08:21 [Instrument's time stamp, header]
# bad_flag = -9.990e-29
*END*
 144.589132     -3.268 -9.990e-29    13.0412   -0.10194     -3.241 -9.990e-29 -9.990e-29 -9.990e-29
 144.589138     -3.246   0.555087    13.0427   -0.10142     -3.219     0.3535    -0.3510 -9.990e-29
 144.589144     -3.217   0.562820    13.0462   -0.10131     -3.190     0.3586    -0.3475 -9.990e-29
 144.589149     -3.180   0.578625    13.0508   -0.10130     -3.153     0.3690    -0.3400 -9.990e-29
 144.589155     -3.132   0.614146    13.0569   -0.10134     -3.106     0.3924    -0.3225 -9.990e-29
 144.589161     -3.071   0.695679    13.0688   -0.10135     -3.045     0.4464    -0.2820 -9.990e-29
 144.589167     -2.992   0.908103    13.0992   -0.10131     -2.967     0.5885    -0.1754 -9.990e-29
 144.589172     -2.895   1.514683    13.1869   -0.10129     -2.871     1.0027     0.1349 -9.990e-29
 144.589178     -2.786   3.316411    13.3972   -0.10133     -2.763     2.2794     1.0956 -9.990e-29
 144.589184     -2.672   8.526420    13.6931   -0.10134     -2.650     6.1986     4.0754 -9.990e-29
 144.589190     -2.549  17.602406    13.9227   -0.10145     -2.528    13.4911     9.6432 -9.990e-29
 144.589196     -2.417  26.003139    14.0333   -0.10144     -2.397    20.6038    15.0872 -9.990e-29
 144.589201     -2.287  30.273715    14.0772   -0.10139     -2.268    24.3285    17.9431 -9.990e-29
 144.589207     -2.165  31.721110    14.0917   -0.10135     -2.147    25.6059    18.9232 -9.990e-29
 144.589213     -2.067  32.191720    14.0946   -0.10134     -2.050    26.0240    19.2445 -9.990e-29
 144.589219     -1.998  32.334342    14.0951   -0.10131     -1.981    26.1511    19.3422 -9.990e-29
 144.589225     -1.947  32.388476    14.0956   -0.10130     -1.931    26.1991    19.3791 -9.990e-29
 144.589230     -1.895  32.421839    14.0939   -0.10130     -1.879    26.2301    19.4033 -9.990e-29
 144.589236     -1.837  32.429064    14.0865   -0.10131     -1.822    26.2416    19.4136 -9.990e-29
 144.589242     -1.773  32.411400    14.0749   -0.10131     -1.758    26.2336    19.4097 -9.990e-29
 144.589248     -1.711  32.390151    14.0705   -0.10129     -1.697    26.2176    19.3982 -9.990e-29
 144.589253     -1.660  32.381834    14.0765   -0.10129     -1.646    26.2061    19.3882 -9.990e-29
 144.589259     -1.621  32.388268    14.0847   -0.10130     -1.607    26.2062    19.3867 -9.990e-29
 144.589265     -1.592  32.401241    14.0907   -0.10134     -1.579    26.2138    19.3914 -9.990e-29
 144.589271     -1.571  32.415099    14.0948   -0.10136     -1.558    26.2234    19.3980 -9.990e-29
 144.589277     -1.552  32.429852    14.0979   -0.10142     -1.539    26.2345    19.4059 -9.990e-29
 144.589282     -1.526  32.444460    14.1009   -0.10134     -1.513    26.2455    19.4138 -9.990e-29
 144.589288     -1.491  32.452647    14.1035   -0.10130     -1.479    26.2510    19.4176 -9.990e-29
 144.589294     -1.458  32.450223    14.1051   -0.10133     -1.446    26.2477    19.4147 -9.990e-29
 144.589300     -1.433  32.442382    14.1060   -0.10133     -1.421    26.2401    19.4087 -9.990e-29
 144.589306     -1.405  32.439989    14.1062   -0.10142     -1.393    26.2378    19.4069 -9.990e-29
 144.589311     -1.369  32.446038    14.1052   -0.10140     -1.358    26.2439    19.4118 -9.990e-29
 144.589317     -1.336  32.447325    14.1017   -0.10130     -1.325    26.2474    19.4151 -9.990e-29
 144.589323     -1.312  32.431016    14.0940   -0.10127     -1.301    26.2381    19.4094 -9.990e-29
 144.589329     -1.294  32.406210    14.0870   -0.10130     -1.283    26.2206    19.3974 -9.990e-29
 144.589334     -1.283  32.396453    14.0901   -0.10134     -1.272    26.2098    19.3884 -9.990e-29
 144.589340     -1.272  32.408369    14.0991   -0.10145     -1.261    26.2143    19.3902 -9.990e-29
 144.589346     -1.254  32.422564    14.1031   -0.10136     -1.244    26.2243    19.3971 -9.990e-29
 144.589352     -1.231  32.418202    14.0962   -0.10127     -1.221    26.2251    19.3990 -9.990e-29
 144.589358     -1.214  32.401819    14.0830   -0.10127     -1.204    26.2194    19.3972 -9.990e-29
 144.589363     -1.198  32.394744    14.0787   -0.10128     -1.188    26.2160    19.3954 -9.990e-29
 144.589369     -1.173  32.409978    14.0875   -0.10142     -1.163    26.2236    19.3996 -9.990e-29
 144.589375     -1.138  32.443197    14.0975   -0.10145     -1.129    26.2465    19.4153 -9.990e-29
 144.589381     -1.091  32.468669    14.0984   -0.10134     -1.082    26.2687    19.4322 -9.990e-29
 144.589387     -1.042  32.468826    14.0877   -0.10130     -1.033    26.2761    19.4399 -9.990e-29
 144.589392     -1.008  32.453988    14.0766   -0.10130     -1.000    26.2703    19.4377 -9.990e-29
 144.589398     -0.991  32.444742    14.0813   -0.10140     -0.983    26.2589    19.4279 -9.990e-29
 144.589404     -0.979  32.452314    14.0965   -0.10149     -0.971    26.2553    19.4222 -9.990e-29
 144.589410     -0.957  32.470571    14.1054   -0.10140     -0.949    26.2656    19.4284 -9.990e-29
 144.589416     -0.928  32.476808    14.0972   -0.10132     -0.920    26.2767    19.4386 -9.990e-29
 144.589421     -0.903  32.462555    14.0776   -0.10127     -0.895    26.2773    19.4428 -9.990e-29
 144.589427     -0.881  32.446940    14.0700   -0.10126     -0.874    26.2685    19.4375 -9.990e-29
 144.589433     -0.852  32.443346    14.0824   -0.10127     -0.845    26.2568    19.4262 -9.990e-29
 144.589439     -0.809  32.448118    14.0968   -0.10132     -0.802    26.2513    19.4191 -9.990e-29
 144.589444     -0.759  32.448026    14.0955   -0.10135     -0.753    26.2521    19.4199 -9.990e-29
 144.589450     -0.714  32.437930    14.0785   -0.10125     -0.708    26.2546    19.4252 -9.990e-29
 144.589456     -0.682  32.428490    14.0667   -0.10122     -0.676    26.2542    19.4272 -9.990e-29
 144.589462     -0.655  32.425074    14.0760   -0.10124     -0.650    26.2448    19.4181 -9.990e-29
 144.589468     -0.628  32.425948    14.0963   -0.10132     -0.623    26.2317    19.4041 -9.990e-29
 144.589473     -0.599  32.431178    14.1130   -0.10142     -0.594    26.2251    19.3958 -9.990e-29
 144.589479     -0.570  32.439916    14.1216   -0.10131     -0.565    26.2270    19.3956 -9.990e-29
 144.589485     -0.548  32.445906    14.1212   -0.10124     -0.543    26.2327    19.4000 -9.990e-29
 144.589491     -0.536  32.442031    14.1137   -0.10124     -0.532    26.2343    19.4027 -9.990e-29
 144.589497     -0.533  32.434355    14.1095   -0.10125     -0.529    26.2303    19.4004 -9.990e-29
 144.589502     -0.534  32.437323    14.1149   -0.10128     -0.530    26.2293    19.3986 -9.990e-29
 144.589508     -0.528  32.456594    14.1216   -0.10129     -0.524    26.2419    19.4071 -9.990e-29
 144.589514     -0.509  32.479220    14.1184   -0.10128     -0.505    26.2643    19.4249 -9.990e-29
 144.589520     -0.489  32.482716    14.1031   -0.10128     -0.485    26.2779    19.4383 -9.990e-29
 144.589525     -0.475  32.467847    14.0917   -0.10129     -0.471    26.2723    19.4363 -9.990e-29
 144.589531     -0.466  32.457956    14.0993   -0.10131     -0.462    26.2583    19.4240 -9.990e-29
 144.589537     -0.463  32.463972    14.1155   -0.10133     -0.459    26.2527    19.4165 -9.990e-29
 144.589543     -0.459  32.476002    14.1258   -0.10138     -0.455    26.2564    19.4174 -9.990e-29
 144.589549     -0.447  32.477612    14.1275   -0.10139     -0.443    26.2567    19.4173 -9.990e-29
 144.589554     -0.425  32.465931    14.1234   -0.10132     -0.421    26.2490    19.4122 -9.990e-29
 144.589560     -0.401  32.455668    14.1199   -0.10129     -0.398    26.2422    19.4076 -9.990e-29
 144.589566     -0.378  32.454458    14.1203   -0.10130     -0.375    26.2409    19.4065 -9.990e-29
 144.589572     -0.354  32.454544    14.1205   -0.10139     -0.351    26.2408    19.4064 -9.990e-29
 144.589578     -0.331  32.449898    14.1166   -0.10134     -0.328    26.2393    19.4060 -9.990e-29
 144.589583     -0.314  32.443314    14.1092   -0.10131     -0.311    26.2384    19.4068 -9.990e-29
 144.589589     -0.295  32.438923    14.0991   -0.10130     -0.293    26.2413    19.4110 -9.990e-29
 144.589595     -0.275  32.437618    14.0893   -0.10131     -0.273    26.2468    19.4171 -9.990e-29
 144.589601     -0.256  32.438803    14.0887   -0.10127     -0.254    26.2483    19.4184 -9.990e-29
 144.589606     -0.232  32.442956    14.0986   15.03387     -0.230    26.2453    19.4141 -9.990e-29
 144.589612     -0.203  32.448350    14.1067   25.48600     -0.201    26.2446    19.4120 -9.990e-29
 144.589618     -0.174  32.449312    14.1032   26.98603     -0.173    26.2478    19.4152 -9.990e-29
 144.589624     -0.148  32.446589    14.0956   23.71066     -0.147    26.2505    19.4188 -9.990e-29
 144.589630     -0.124  32.446661    14.0971   15.45068     -0.123    26.2496    19.4177 -9.990e-29
 144.589635     -0.100  32.450765    14.1051   12.28416     -0.099    26.2478    19.4148 -9.990e-29
 144.589641     -0.075  32.453747    14.1096   12.30450     -0.074    26.2474    19.4136 -9.990e-29
 144.589647     -0.050  32.454002    14.1109   12.26275     -0.050    26.2467    19.4129 -9.990e-29
 144.589653     -0.025  32.460300    14.1152   12.25754     -0.025    26.2494    19.4141 -9.990e-29
 144.589659      0.006  32.482184    14.1220   12.25126      0.006    26.2644    19.4243 -9.990e-29
 144.589664      0.036  32.515791    14.1269   12.24771      0.036    26.2911    19.4439 -9.990e-29
 144.589670      0.060  32.544314    14.1292   12.23906      0.059    26.3150    19.4618 -9.990e-29
 144.589676      0.075  32.558738    14.1312   12.23314      0.074    26.3265    19.4703 -9.990e-29
 144.589682      0.076  32.564867    14.1350   12.23030      0.075    26.3294    19.4718 -9.990e-29
 144.589688      0.073  32.569776    14.1394   12.02952      0.072    26.3308    19.4720 -9.990e-29
 144.589693      0.078  32.574431    14.1406    8.55528      0.077    26.3342    19.4744 -9.990e-29
 144.589699      0.091  32.575536    14.1388    5.32487      0.090    26.3364    19.4764 -9.990e-29
 144.589705      0.106  32.573466    14.1376    3.63212      0.105    26.3353    19.4758 -9.990e-29
 144.589711      0.118  32.572209    14.1384    3.46098      0.117    26.3337    19.4744 -9.990e-29
 144.589716      0.128  32.572912    14.1402    4.89124      0.127    26.3331    19.4736 -9.990e-29
 144.589722      0.137  32.574293    14.1419    5.82172      0.136    26.3331    19.4733 -9.990e-29
 144.589728      0.146  32.575415    14.1433    6.20250      0.145    26.3332    19.4731 -9.990e-29
 144.589734      0.154  32.576118    14.1442    6.40445      0.153    26.3332    19.4729 -9.990e-29
 144.589740      0.163  32.576800    14.1452    6.50390      0.162    26.3331    19.4727 -9.990e-29
 144.589745      0.178  32.577833    14.1464    6.57863      0.177    26.3332    19.4725 -9.990e-29
 144.589751      0.204  32.578935    14.1471    6.62997      0.202    26.3337    19.4728 -9.990e-29
 144.589757      0.233  32.579358    14.1471    6.64533      0.231    26.3341    19.4730 -9.990e-29
 144.589763      0.254  32.579127    14.1471    6.64547      0.252    26.3339    19.4729 -9.990e-29
 144.589769      0.266  32.579078    14.1472    6.64919      0.264    26.3338    19.4728 -9.990e-29
 144.589774      0.273  32.579168    14.1471    6.64880      0.271    26.3339    19.4729 -9.990e-29
 144.589780      0.284  32.578980    14.1464    6.65732      0.282    26.3342    19.4733 -9.990e-29
 144.589786      0.303  32.578285    14.1453    6.64953      0.300    26.3343    19.4736 -9.990e-29
 144.589792      0.328  32.577300    14.1446    6.62453      0.325    26.3339    19.4734 -9.990e-29
 144.589797      0.352  32.576978    14.1444    6.62355      0.349    26.3338    19.4733 -9.990e-29
 144.589803      0.372  32.577471    14.1440    6.62644      0.369    26.3345    19.4739 -9.990e-29
 144.589809      0.389  32.577777    14.1432    6.62396      0.386    26.3353    19.4747 -9.990e-29
 144.589815      0.405  32.577207    14.1426    6.61262      0.402    26.3352    19.4748 -9.990e-29
 144.589821      0.421  32.576705    14.1429    6.59936      0.417    26.3345    19.4742 -9.990e-29
 144.589826      0.437  32.577305    14.1438    6.58586      0.433    26.3344    19.4740 -9.990e-29
 144.589832      0.454  32.578149    14.1443    6.57741      0.450    26.3348    19.4742 -9.990e-29
 144.589838      0.474  32.578144    14.1444    6.57861      0.470    26.3348    19.4741 -9.990e-29
 144.589844      0.498  32.577865    14.1447    6.57974      0.494    26.3343    19.4737 -9.990e-29
 144.589850      0.524  32.578084    14.1450    6.56965      0.520    26.3343    19.4736 -9.990e-29
 144.589855      0.543  32.578179    14.1443    6.56001      0.538    26.3348    19.4742 -9.990e-29
 144.589861      0.554  32.577728    14.1422    6.55771      0.549    26.3359    19.4754 -9.990e-29
 144.589867      0.560  32.576888    14.1382    6.55678      0.555    26.3378    19.4777 -9.990e-29
 144.589873      0.572  32.575116    14.1324    6.55171      0.567    26.3402    19.4806 -9.990e-29
 144.589878      0.590  32.571927    14.1272    6.53519      0.585    26.3409    19.4822 -9.990e-29
 144.589884      0.606  32.568683    14.1247    6.53505      0.601    26.3397    19.4817 -9.990e-29
 144.589890      0.617  32.567227    14.1242    6.54826      0.612    26.3387    19.4811 -9.990e-29
 144.589896      0.624  32.567309    14.1249    6.55029      0.619    26.3383    19.4806 -9.990e-29
 144.589902      0.627  32.567923    14.1267    6.53015      0.622    26.3376    19.4798 -9.990e-29
 144.589907      0.627  32.568777    14.1289    6.50634      0.622    26.3369    19.4788 -9.990e-29
 144.589913      0.628  32.569896    14.1311    6.50412      0.623    26.3364    19.4780 -9.990e-29
 144.589919      0.638  32.571102    14.1323    6.51509      0.633    26.3367    19.4779 -9.990e-29
 144.589925      0.659  32.571769    14.1325    6.51109      0.653    26.3371    19.4782 -9.990e-29
 144.589931      0.682  32.571676    14.1324    6.50492      0.676    26.3371    19.4782 -9.990e-29
 144.589936      0.700  32.571268    14.1328    6.49307      0.694    26.3364    19.4777 -9.990e-29
 144.589942      0.712  32.571128    14.1344    6.49534      0.706    26.3352    19.4764 -9.990e-29
 144.589948      0.725  32.571638    14.1371    6.51303      0.719    26.3338    19.4748 -9.990e-29
 144.589954      0.749  32.572927    14.1400    6.50615      0.743    26.3330    19.4736 -9.990e-29
 144.589959      0.778  32.574481    14.1419    6.49230      0.772    26.3331    19.4733 -9.990e-29
 144.589965      0.800  32.575577    14.1424    6.48211      0.793    26.3337    19.4737 -9.990e-29
 144.589971      0.817  32.576004    14.1421    6.46482      0.810    26.3343    19.4742 -9.990e-29
 144.589977      0.837  32.575782    14.1416    6.45883      0.830    26.3344    19.4744 -9.990e-29
 144.589983      0.860  32.575744    14.1412    6.46469      0.853    26.3347    19.4747 -9.990e-29
 144.589988      0.872  32.576407    14.1410    6.47081      0.865    26.3354    19.4753 -9.990e-29
 144.589994      0.875  32.576981    14.1413    6.48040      0.868    26.3357    19.4754 -9.990e-29
 144.590000      0.873  32.577120    14.1419    6.47416      0.866    26.3354    19.4751 -9.990e-29
 144.590006      0.866  32.577019    14.1427    6.46141      0.859    26.3348    19.4745 -9.990e-29
 144.590012      0.858  32.577111    14.1435    6.46460      0.851    26.3343    19.4739 -9.990e-29
 144.590017      0.857  32.577527    14.1441    6.45923      0.850    26.3343    19.4738 -9.990e-29
 144.590023      0.868  32.577709    14.1445    6.46170      0.861    26.3342    19.4736 -9.990e-29
 144.590029      0.886  32.577911    14.1449    6.45977      0.879    26.3341    19.4735 -9.990e-29
 144.590035      0.903  32.578409    14.1451    6.45356      0.895    26.3344    19.4737 -9.990e-29
 144.590041      0.918  32.578755    14.1451    6.44625      0.910    26.3347    19.4739 -9.990e-29
 144.590046      0.931  32.578858    14.1451    6.43478      0.923    26.3348    19.4740 -9.990e-29
 144.590052      0.942  32.578863    14.1449    6.43033      0.934    26.3349    19.4741 -9.990e-29
