data/oxygen options/ONMS/Olympic_Coast_National_Marine_Sanctuary_Hypoxia_Survey_CTD_Data_2004_2015/raw_data/2005/CTD_CE90_062105faed.cnv
* Sea-Bird SBE19 Data File:
* FileName = C:\hypoxia CTD data\CE90_062105.hex
* Software Version 1.1.5
* Temperature SN = 2997
* Conductivity SN = 2997
* System UpLoad Time = Jun 21 2005 16:37:06
* SEACAT PROFILER V3.1c SN 2997   06/21/05  16:36:43.756
* strain gauge pressure sensor: S/N = 184829,  range = 3000 psia,  tc = 40
# nquan = 9                                 
# nvalues = 1553                        
# units = specified
# name 0 = timeJ: Julian Days
# name 1 = prSM: Pressure, Strain Gauge [db]
# name 2 = c0mS/cm: Conductivity [mS/cm]
# name 3 = t090C: Temperature [ITS-90, deg C]
# name 4 = oxML/L: Oxygen, Beckman/YSI [ml/l]
# name 5 = depSM: Depth [salt water, m], lat = 47.5
# name 6 = sal00: Salinity, Practical [PSU]
# name 7 = sigma-é00: Density [sigma-theta, kg/m^3]
# name 8 = flag: flag
# span 0 = 172.655475, 172.664456       
# span 1 =     -3.903,     93.385       
# span 2 =   0.309894,  37.643663       
# span 3 =     7.7512,    16.7678       
# span 4 =   -0.11668,   24.01327       
# span 5 =     -3.870,     92.585       
# span 6 =     0.1859,    33.7194       
# span 7 =    -0.7321,    26.3055       
# span 8 = 0.0000e+00, 0.0000e+00       
# interval = seconds: 0.5
# start_time = Jun 21 2005 15:43:53 [Instrument's time stamp, header]
# bad_flag = -9.990e-29
*END*
[from data line 961]
 172.661036     51.414  35.095023     8.7534    3.73849     50.979    33.0620    25.6399 -9.990e-29
 172.661042     51.462  35.095025     8.7525    3.73508     51.026    33.0628    25.6407 -9.990e-29
 172.661047     51.515  35.094982     8.7518    3.72995     51.079    33.0634    25.6412 -9.990e-29
 172.661053     51.572  35.094825     8.7513    3.73302     51.135    33.0637    25.6415 -9.990e-29
 172.661059     51.637  35.094521     8.7503    3.73467     51.200    33.0642    25.6421 -9.990e-29
 172.661065     51.709  35.094218     8.7489    3.74923     51.271    33.0652    25.6431 -9.990e-29
 172.661071     51.786  35.094246     8.7488    3.74339     51.347    33.0653    25.6432 -9.990e-29
 172.661076     51.870  35.094624     8.7498    3.73356     51.431    33.0647    25.6426 -9.990e-29
 172.661082     51.982  35.094906     8.7500    3.73295     51.542    33.0648    25.6426 -9.990e-29
 172.661088     52.140  35.094893     8.7480    3.72609     51.698    33.0666    25.6443 0.0000e+00
 172.661094     52.355  35.094555     8.7422    3.71362     51.911    33.0715    25.6491 0.0000e+00
 172.661100     52.627  35.093990     8.7305    3.68641     52.181    33.0817    25.6589 0.0000e+00
 172.661105     52.952  35.093551     8.7129    3.66222     52.503    33.0976    25.6740 0.0000e+00
 172.661111     53.322  35.093197     8.6904    3.64253     52.870    33.1181    25.6935 0.0000e+00
 172.661117     53.726  35.091877     8.6612    3.61793     53.271    33.1439    25.7182 0.0000e+00
 172.661123     54.150  35.088932     8.6262    3.60037     53.691    33.1734    25.7467 0.0000e+00
 172.661128     54.580  35.085463     8.5928    3.56406     54.117    33.2009    25.7734 0.0000e+00
 172.661134     55.003  35.082987     8.5677    3.49576     54.537    33.2217    25.7935 0.0000e+00
 172.661140     55.418  35.082105     8.5500    3.38791     54.948    33.2373    25.8084 0.0000e+00
 172.661146     55.829  35.082181     8.5310    3.25491     55.356    33.2550    25.8252 0.0000e+00
 172.661152     56.241  35.082736     8.5060    3.11691     55.764    33.2790    25.8478 0.0000e+00
 172.661157     56.654  35.083932     8.4727    2.99709     56.173    33.3115    25.8783 0.0000e+00
 172.661163     57.069  35.084543     8.4253    2.87655     56.585    33.3568    25.9210 0.0000e+00
 172.661169     57.487  35.079758     8.3612    2.78807     56.999    33.4123    25.9742 0.0000e+00
 172.661175     57.905  35.063738     8.2908    2.73544     57.414    33.4621    26.0238 0.0000e+00
 172.661181     58.310  35.040328     8.2309    2.70784     57.815    33.4941    26.0579 0.0000e+00
 172.661186     58.691  35.019769     8.1871    2.68832     58.193    33.5139    26.0800 0.0000e+00
 172.661192     59.037  35.004889     8.1595    2.70408     58.536    33.5243    26.0922 0.0000e+00
 172.661198     59.335  34.995441     8.1509    2.74255     58.831    33.5223    26.0919 0.0000e+00
 172.661204     59.581  34.992821     8.1633    2.77371     59.075    33.5075    26.0785 0.0000e+00
 172.661209     59.784  34.997438     8.1914    2.79962     59.276    33.4855    26.0571 0.0000e+00
 172.661215     59.966  35.007024     8.2113    2.80542     59.457    33.4767    26.0472 0.0000e+00
 172.661221     60.138  35.011928     8.2092    2.80893     59.627    33.4838    26.0531 0.0000e+00
 172.661227     60.304  35.008590     8.2023    2.82273     59.792    33.4867    26.0564 0.0000e+00
 172.661233     60.460  35.006006     8.2001    2.81143     59.947    33.4860    26.0562 0.0000e+00
 172.661238     60.596  35.006319     8.1964    2.78942     60.081    33.4898    26.0597 -9.990e-29
 172.661244     60.703  35.005444     8.1879    2.77775     60.188    33.4969    26.0666 -9.990e-29
 172.661250     60.783  35.002200     8.1773    2.76272     60.267    33.5036    26.0734 -9.990e-29
 172.661256     60.847  34.998412     8.1700    2.76330     60.330    33.5065    26.0767 -9.990e-29
 172.661262     60.905  34.996302     8.1644    2.73482     60.388    33.5096    26.0800 -9.990e-29
 172.661267     60.963  34.994721     8.1557    2.71548     60.445    33.5162    26.0865 -9.990e-29
 172.661273     61.015  34.991549     8.1436    2.70345     60.497    33.5243    26.0947 -9.990e-29
 172.661279     61.061  34.986464     8.1324    2.70831     60.542    33.5296    26.1005 -9.990e-29
 172.661285     61.098  34.981642     8.1267    2.71066     60.579    33.5299    26.1015 -9.990e-29
 172.661291     61.121  34.979604     8.1263    2.70583     60.602    33.5281    26.1002 -9.990e-29
 172.661296     61.128  34.979858     8.1281    2.70692     60.609    33.5267    26.0988 -9.990e-29
 172.661302     61.122  34.980488     8.1307    2.70677     60.603    33.5248    26.0970 -9.990e-29
 172.661308     61.116  34.981198     8.1327    2.71786     60.597    33.5237    26.0958 -9.990e-29
 172.661314     61.118  34.981802     8.1331    2.71296     60.599    33.5239    26.0959 -9.990e-29
 172.661319     61.124  34.981972     8.1320    2.70112     60.605    33.5252    26.0970 -9.990e-29
 172.661325     61.135  34.981358     8.1296    2.69463     60.616    33.5268    26.0987 -9.990e-29
 172.661331     61.155  34.979689     8.1266    2.70312     60.636    33.5279    26.1000 -9.990e-29
 172.661337     61.182  34.978089     8.1243    2.71476     60.662    33.5284    26.1007 -9.990e-29
 172.661343     61.208  34.977216     8.1235    2.71565     60.688    33.5282    26.1007 -9.990e-29
 172.661348     61.228  34.977009     8.1239    2.70210     60.708    33.5276    26.1001 -9.990e-29
 172.661354     61.245  34.977178     8.1246    2.69628     60.725    33.5271    26.0996 -9.990e-29
 172.661360     61.275  34.977374     8.1249    2.69780     60.755    33.5270    26.0995 -9.990e-29
 172.661366     61.319  34.977286     8.1239    2.71139     60.798    33.5278    26.1003 -9.990e-29
 172.661372     61.371  34.976223     8.1222    2.70549     60.850    33.5283    26.1010 -9.990e-29
 172.661377     61.422  34.974995     8.1214    2.70223     60.900    33.5277    26.1006 -9.990e-29
 172.661383     61.458  34.974752     8.1219    2.69394     60.936    33.5270    26.1000 -9.990e-29
 172.661389     61.477  34.975155     8.1226    2.69966     60.955    33.5267    26.0997 -9.990e-29
 172.661395     61.493  34.975607     8.1225    2.70055     60.971    33.5273    26.1001 -9.990e-29
 172.661400     61.515  34.975575     8.1218    2.70120     60.993    33.5279    26.1007 -9.990e-29
 172.661406     61.542  34.975003     8.1215    2.69620     61.019    33.5276    26.1005 -9.990e-29
 172.661412     61.565  34.974798     8.1219    2.69321     61.042    33.5270    26.1000 -9.990e-29
 172.661418     61.583  34.975233     8.1225    2.69659     61.060    33.5269    26.0998 -9.990e-29
 172.661424     61.596  34.975752     8.1232    2.70515     61.073    33.5267    26.0996 -9.990e-29
 172.661429     61.605  34.976472     8.1237    2.71031     61.082    33.5270    26.0997 -9.990e-29
 172.661435     61.610  34.977218     8.1239    2.70381     61.087    33.5276    26.1002 -9.990e-29
 172.661441     61.617  34.977289     8.1237    2.70111     61.094    33.5279    26.1004 -9.990e-29
 172.661447     61.630  34.976766     8.1231    2.69790     61.107    33.5279    26.1005 -9.990e-29
 172.661453     61.646  34.976058     8.1221    2.69968     61.122    33.5281    26.1008 -9.990e-29
 172.661458     61.660  34.975331     8.1212    2.69567     61.136    33.5282    26.1010 -9.990e-29
 172.661464     61.679  34.974720     8.1206    2.69466     61.155    33.5281    26.1010 -9.990e-29
 172.661470     61.704  34.973958     8.1202    2.69469     61.180    33.5277    26.1007 -9.990e-29
 172.661476     61.724  34.973136     8.1208    2.69652     61.200    33.5262    26.0995 -9.990e-29
 172.661481     61.734  34.973385     8.1221    2.69985     61.210    33.5252    26.0985 -9.990e-29
 172.661487     61.746  34.974462     8.1228    2.70707     61.222    33.5257    26.0988 -9.990e-29
 172.661493     61.763  34.974989     8.1231    2.70222     61.238    33.5259    26.0990 -9.990e-29
 172.661499     61.786  34.975094     8.1229    2.69365     61.261    33.5262    26.0992 -9.990e-29
 172.661505     61.818  34.974903     8.1222    2.69100     61.293    33.5267    26.0997 -9.990e-29
 172.661510     61.860  34.974149     8.1216    2.69010     61.335    33.5264    26.0996 -9.990e-29
 172.661516     61.915  34.973494     8.1212    2.70180     61.389    33.5261    26.0994 -9.990e-29
 172.661522     61.987  34.973172     8.1206    2.69956     61.460    33.5263    26.0996 -9.990e-29
 172.661528     62.079  34.972738     8.1194    2.69174     61.552    33.5269    26.1003 -9.990e-29
 172.661534     62.194  34.972162     8.1182    2.68200     61.666    33.5274    26.1009 -9.990e-29
 172.661539     62.330  34.971782     8.1173    2.67844     61.800    33.5278    26.1013 0.0000e+00
 172.661545     62.492  34.971636     8.1165    2.69066     61.961    33.5283    26.1018 0.0000e+00
 172.661551     62.686  34.971517     8.1160    2.69064     62.153    33.5286    26.1021 0.0000e+00
 172.661557     62.911  34.971253     8.1159    2.68521     62.376    33.5283    26.1019 0.0000e+00
 172.661563     63.164  34.971035     8.1156    2.68866     62.627    33.5282    26.1019 0.0000e+00
 172.661568     63.445  34.971119     8.1147    2.68233     62.906    33.5291    26.1027 0.0000e+00
 172.661574     63.753  34.971043     8.1136    2.67839     63.211    33.5299    26.1035 0.0000e+00
 172.661580     64.093  34.970688     8.1129    2.67338     63.548    33.5300    26.1037 0.0000e+00
 172.661586     64.459  34.970690     8.1126    2.67075     63.911    33.5301    26.1039 0.0000e+00
 172.661591     64.837  34.971033     8.1120    2.67599     64.286    33.5309    26.1046 0.0000e+00
 172.661597     65.217  34.971037     8.1116    2.67350     64.662    33.5311    26.1048 0.0000e+00
 172.661603     65.600  34.970693     8.1115    2.66851     65.042    33.5307    26.1044 0.0000e+00
 172.661609     65.987  34.970646     8.1108    2.65279     65.426    33.5311    26.1049 0.0000e+00
 172.661615     66.367  34.970817     8.1088    2.62953     65.803    33.5330    26.1067 0.0000e+00
 172.661620     66.743  34.970860     8.1043    2.60124     66.175    33.5372    26.1107 0.0000e+00
 172.661626     67.127  34.970814     8.0954    2.56520     66.556    33.5455    26.1185 0.0000e+00
 172.661632     67.521  34.970603     8.0840    2.53920     66.947    33.5560    26.1284 0.0000e+00
 172.661638     67.917  34.970491     8.0750    2.52042     67.339    33.5643    26.1363 0.0000e+00
 172.661644     68.296  34.970872     8.0704    2.49212     67.715    33.5689    26.1406 0.0000e+00
 172.661649     68.649  34.971674     8.0689    2.48386     68.065    33.5711    26.1425 0.0000e+00
 172.661655     68.977  34.972269     8.0683    2.46919     68.390    33.5721    26.1434 0.0000e+00
 172.661661     69.288  34.972312     8.0673    2.47080     68.698    33.5730    26.1442 0.0000e+00
 172.661667     69.585  34.972405     8.0665    2.46994     68.993    33.5737    26.1449 0.0000e+00
 172.661672     69.860  34.973219     8.0661    2.47403     69.265    33.5748    26.1459 0.0000e+00
 172.661678     70.107  34.974703     8.0661    2.47523     69.510    33.5763    26.1470 0.0000e+00
 172.661684     70.314  34.976015     8.0667    2.46878     69.715    33.5770    26.1475 0.0000e+00
 172.661690     70.482  34.976646     8.0674    2.46957     69.882    33.5769    26.1474 0.0000e+00
 172.661696     70.622  34.976863     8.0674    2.47449     70.021    33.5771    26.1475 -9.990e-29
 172.661701     70.734  34.976943     8.0673    2.47689     70.132    33.5772    26.1476 -9.990e-29
 172.661707     70.813  34.976977     8.0673    2.48337     70.210    33.5772    26.1476 -9.990e-29
 172.661713     70.863  34.976995     8.0671    2.47926     70.260    33.5774    26.1478 -9.990e-29
 172.661719     70.897  34.977007     8.0666    2.47318     70.293    33.5779    26.1482 -9.990e-29
 172.661725     70.924  34.977018     8.0661    2.46682     70.320    33.5784    26.1487 -9.990e-29
 172.661730     70.956  34.977029     8.0659    2.45285     70.352    33.5786    26.1489 -9.990e-29
 172.661736     70.994  34.977040     8.0659    2.45459     70.389    33.5786    26.1489 -9.990e-29
 172.661742     71.032  34.977054     8.0660    2.45928     70.427    33.5785    26.1488 -9.990e-29
 172.661748     71.068  34.977073     8.0662    2.46579     70.463    33.5783    26.1486 -9.990e-29
 172.661753     71.101  34.977112     8.0662    2.47229     70.495    33.5783    26.1486 -9.990e-29
 172.661759     71.123  34.977215     8.0660    2.47229     70.517    33.5786    26.1489 -9.990e-29
 172.661765     71.132  34.977511     8.0659    2.46574     70.526    33.5790    26.1492 -9.990e-29
 172.661771     71.133  34.977823     8.0661    2.45683     70.527    33.5791    26.1493 -9.990e-29
 172.661777     71.131  34.978000     8.0664    2.45555     70.525    33.5790    26.1492 -9.990e-29
 172.661782     71.124  34.978274     8.0666    2.45712     70.518    33.5791    26.1492 -9.990e-29
 172.661788     71.117  34.978444     8.0668    2.46259     70.511    33.5791    26.1492 -9.990e-29
 172.661794     71.110  34.978172     8.0669    2.46529     70.504    33.5787    26.1489 -9.990e-29
 172.661800     71.097  34.977649     8.0665    2.46532     70.491    33.5786    26.1488 -9.990e-29
 172.661806     71.082  34.977294     8.0658    2.45815     70.477    33.5789    26.1491 -9.990e-29
 172.661811     71.069  34.977190     8.0650    2.44927     70.464    33.5795    26.1498 -9.990e-29
 172.661817     71.056  34.977194     8.0641    2.46214     70.451    33.5804    26.1506 -9.990e-29
 172.661823     71.043  34.977306     8.0639    2.45252     70.438    33.5807    26.1509 -9.990e-29
 172.661829     71.029  34.977668     8.0645    2.44734     70.424    33.5805    26.1506 -9.990e-29
 172.661834     71.017  34.978199     8.0651    2.44573     70.412    33.5805    26.1505 -9.990e-29
 172.661840     71.015  34.978479     8.0653    2.44963     70.410    33.5807    26.1506 -9.990e-29
 172.661846     71.028  34.978317     8.0655    2.45922     70.423    33.5803    26.1503 -9.990e-29
 172.661852     71.051  34.978052     8.0657    2.45531     70.446    33.5798    26.1499 -9.990e-29
 172.661858     71.078  34.977886     8.0657    2.45263     70.473    33.5796    26.1497 -9.990e-29
 172.661863     71.102  34.977593     8.0656    2.45604     70.496    33.5794    26.1496 -9.990e-29
 172.661869     71.116  34.977337     8.0654    2.45915     70.510    33.5793    26.1495 -9.990e-29
 172.661875     71.120  34.977332     8.0656    2.45581     70.514    33.5791    26.1493 -9.990e-29
 172.661881     71.120  34.977565     8.0662    2.45258     70.514    33.5788    26.1490 -9.990e-29
 172.661887     71.111  34.977783     8.0666    2.44945     70.505    33.5786    26.1488 -9.990e-29
 172.661892     71.088  34.977708     8.0668    2.45107     70.483    33.5784    26.1486 -9.990e-29
 172.661898     71.054  34.977796     8.0668    2.45435     70.449    33.5785    26.1487 -9.990e-29
 172.661904     71.019  34.978161     8.0667    2.45435     70.414    33.5790    26.1491 -9.990e-29
 172.661910     70.991  34.978165     8.0666    2.45424     70.386    33.5791    26.1492 -9.990e-29
 172.661916     70.962  34.977806     8.0664    2.46152     70.358    33.5789    26.1491 -9.990e-29
 172.661921     70.932  34.977724     8.0662    2.46308     70.328    33.5790    26.1492 -9.990e-29
 172.661927     70.910  34.977803     8.0659    2.45581     70.306    33.5794    26.1495 -9.990e-29
 172.661933     70.905  34.977582     8.0654    2.44611     70.301    33.5797    26.1498 -9.990e-29
 172.661939     70.911  34.977325     8.0651    2.44077     70.307    33.5797    26.1498 -9.990e-29
 172.661944     70.925  34.977242     8.0651    2.44277     70.321    33.5796    26.1498 -9.990e-29
 172.661950     70.943  34.977217     8.0652    2.45494     70.339    33.5794    26.1497 -9.990e-29
