data/oxygen options/ONMS/Olympic_Coast_National_Marine_Sanctuary_Hypoxia_Survey_CTD_Data_2004_2015/raw_data/2005/CTD_CA70_083005faed.cnv
* Sea-Bird SBE19 Data File:
* FileName = C:\hypoxia CTD data\CA70_083005.hex
* Software Version 1.1.5
* Temperature SN = 2997
* Conductivity SN = 2997
* System UpLoad Time = Aug 30 2005 17:26:50
** Cape Alava 70m 083005
* SEACAT PROFILER V3.1c SN 2997   08/30/05  17:25:12.101
# nquan = 9                                 
# nvalues = 682                         
# units = specified
# name 0 = timeJ: Julian Days
# name 1 = prSM: Pressure, Strain Gauge [db]
# name 2 = c0mS/cm: Conductivity [mS/cm]
# name 3 = t090C: Temperature [ITS-90, deg C]
# name 4 = oxML/L: Oxygen, Beckman/YSI [ml/l]
# name 5 = depSM: Depth [salt water, m], lat = 47.5
# name 6 = sal00: Salinity, Practical [PSU]
# name 7 = sigma-é00: Density [sigma-theta, kg/m^3]
# name 8 = flag: flag
# span 0 = 242.670995, 242.674936       
# span 1 =     -3.355,     71.046       
# span 2 =   0.905941,  38.575419       
# span 3 =     7.6367,    14.3134       
# span 4 =   -0.11883,   25.56021       
# span 5 =     -3.327,     70.441       
# span 6 =     0.5729,    33.5484       
# span 7 =    -0.3169,    26.1873       
# span 8 = 0.0000e+00, 0.0000e+00       
# interval = seconds: 0.5
# start_time = Aug 30 2005 16:06:14 [Instrument's time stamp, header]
# bad_flag = -9.990e-29
*END*
[from data line 161]
 242.671927      1.882  38.554775    14.2860    7.89972      1.866    31.6290    23.5247 -9.990e-29
 242.671933      1.900  38.557814    14.2889    7.90057      1.884    31.6294    23.5244 -9.990e-29
 242.671939      1.915  38.560075    14.2898    7.89587      1.899    31.6307    23.5253 -9.990e-29
 242.671944      1.922  38.560657    14.2899    7.89701      1.906    31.6312    23.5256 -9.990e-29
 242.671950      1.923  38.560346    14.2897    7.88631      1.907    31.6310    23.5255 -9.990e-29
 242.671956      1.921  38.559857    14.2890    7.86974      1.905    31.6312    23.5258 -9.990e-29
 242.671962      1.922  38.559110    14.2876    7.84790      1.906    31.6316    23.5264 -9.990e-29
 242.671968      1.928  38.557681    14.2846    7.82344      1.912    31.6328    23.5279 -9.990e-29
 242.671973      1.950  38.554795    14.2776    7.80824      1.934    31.6359    23.5318 -9.990e-29
 242.671979      1.985  38.549419    14.2681    7.80918      1.968    31.6387    23.5359 -9.990e-29
 242.671985      2.017  38.543370    14.2619    7.81955      2.000    31.6382    23.5368 -9.990e-29
 242.671991      2.035  38.540367    14.2594    7.83968      2.018    31.6375    23.5368 -9.990e-29
 242.671997      2.037  38.539215    14.2597    7.84928      2.020    31.6362    23.5358 -9.990e-29
 242.672002      2.027  38.539509    14.2645    7.85233      2.010    31.6326    23.5319 -9.990e-29
 242.672008      2.017  38.543892    14.2690    7.83807      2.000    31.6329    23.5313 -9.990e-29
 242.672014      2.020  38.548123    14.2683    7.82470      2.003    31.6373    23.5348 -9.990e-29
 242.672020      2.039  38.547199    14.2646    7.83292      2.022    31.6395    23.5373 -9.990e-29
 242.672025      2.072  38.543264    14.2627    7.85920      2.055    31.6375    23.5361 -9.990e-29
 242.672031      2.107  38.541175    14.2635    7.86743      2.089    31.6349    23.5339 -9.990e-29
 242.672037      2.131  38.542081    14.2661    7.87064      2.113    31.6336    23.5324 -9.990e-29
 242.672043      2.136  38.544396    14.2712    7.86642      2.118    31.6315    23.5297 -9.990e-29
 242.672049      2.131  38.548410    14.2771    7.84803      2.113    31.6304    23.5276 -9.990e-29
 242.672054      2.129  38.552755    14.2798    7.84974      2.111    31.6321    23.5284 -9.990e-29
 242.672060      2.133  38.554262    14.2791    7.85295      2.115    31.6341    23.5301 -9.990e-29
 242.672066      2.144  38.553270    14.2774    7.85853      2.126    31.6346    23.5308 -9.990e-29
 242.672072      2.158  38.551831    14.2759    7.86939      2.140    31.6345    23.5310 -9.990e-29
 242.672078      2.168  38.550839    14.2752    7.85873      2.150    31.6341    23.5309 -9.990e-29
 242.672083      2.174  38.550663    14.2755    7.84278      2.156    31.6337    23.5305 -9.990e-29
 242.672089      2.185  38.551076    14.2764    7.83685      2.167    31.6334    23.5301 -9.990e-29
 242.672095      2.203  38.551518    14.2783    7.85027      2.185    31.6322    23.5288 -9.990e-29
 242.672101      2.218  38.552589    14.2814    7.87462      2.199    31.6306    23.5269 -9.990e-29
 242.672106      2.229  38.554604    14.2841    7.89163      2.210    31.6303    23.5261 -9.990e-29
 242.672112      2.232  38.556333    14.2861    7.88174      2.213    31.6302    23.5256 -9.990e-29
 242.672118      2.227  38.557846    14.2881    7.86751      2.208    31.6299    23.5250 -9.990e-29
 242.672124      2.225  38.559489    14.2897    7.85545      2.206    31.6301    23.5249 -9.990e-29
 242.672130      2.237  38.560659    14.2913    7.85702      2.218    31.6299    23.5243 -9.990e-29
 242.672135      2.262  38.561807    14.2929    7.87805      2.243    31.6296    23.5238 -9.990e-29
 242.672141      2.293  38.562789    14.2931    7.88441      2.274    31.6303    23.5243 -9.990e-29
 242.672147      2.316  38.562680    14.2916    7.86674      2.297    31.6315    23.5255 -9.990e-29
 242.672153      2.324  38.561344    14.2914    7.84889      2.305    31.6304    23.5247 -9.990e-29
 242.672159      2.320  38.560934    14.2940    7.86647      2.301    31.6279    23.5222 -9.990e-29
 242.672164      2.314  38.563155    14.2978    7.89711      2.295    31.6268    23.5206 -9.990e-29
 242.672170      2.317  38.565932    14.3012    7.89476      2.298    31.6266    23.5197 -9.990e-29
 242.672176      2.335  38.567931    14.3035    7.88782      2.315    31.6265    23.5192 -9.990e-29
 242.672182      2.355  38.569584    14.3046    7.86242      2.335    31.6271    23.5194 -9.990e-29
 242.672188      2.375  38.570860    14.3049    7.84644      2.355    31.6280    23.5201 -9.990e-29
 242.672193      2.401  38.571226    14.3036    7.87040      2.381    31.6294    23.5214 -9.990e-29
 242.672199      2.428  38.570059    14.2990    7.89879      2.408    31.6321    23.5244 -9.990e-29
 242.672205      2.448  38.565254    14.2951    7.90055      2.428    31.6309    23.5243 -9.990e-29
 242.672211      2.447  38.561068    14.2979    7.89433      2.427    31.6248    23.5190 -9.990e-29
 242.672216      2.430  38.564268    14.3030    7.88070      2.410    31.6235    23.5170 -9.990e-29
 242.672222      2.418  38.569033    14.3055    7.87165      2.398    31.6259    23.5183 -9.990e-29
 242.672228      2.422  38.570511    14.3069    7.87200      2.402    31.6261    23.5181 -9.990e-29
 242.672234      2.439  38.571243    14.3083    7.88320      2.419    31.6256    23.5175 -9.990e-29
 242.672240      2.460  38.572216    14.3093    7.89532      2.439    31.6256    23.5173 -9.990e-29
 242.672245      2.475  38.573054    14.3094    7.89390      2.454    31.6263    23.5178 -9.990e-29
 242.672251      2.476  38.573198    14.3091    7.88238      2.455    31.6267    23.5182 -9.990e-29
 242.672257      2.471  38.572851    14.3088    7.85963      2.450    31.6266    23.5182 -9.990e-29
 242.672263      2.473  38.572681    14.3088    7.85616      2.452    31.6265    23.5181 -9.990e-29
 242.672269      2.487  38.573034    14.3093    7.86911      2.466    31.6264    23.5179 -9.990e-29
 242.672274      2.509  38.573830    14.3103    7.89025      2.488    31.6263    23.5176 -9.990e-29
 242.672280      2.527  38.574457    14.3111    7.89071      2.506    31.6262    23.5174 -9.990e-29
 242.672286      2.530  38.574636    14.3115    7.87948      2.509    31.6260    23.5172 -9.990e-29
 242.672292      2.519  38.574616    14.3115    7.86836      2.498    31.6260    23.5172 -9.990e-29
 242.672297      2.505  38.574380    14.3113    7.86278      2.484    31.6260    23.5172 -9.990e-29
 242.672303      2.500  38.574184    14.3113    7.87337      2.479    31.6258    23.5170 -9.990e-29
 242.672309      2.508  38.574340    14.3118    7.87369      2.487    31.6255    23.5167 -9.990e-29
 242.672315      2.525  38.574502    14.3122    7.87791      2.504    31.6253    23.5165 -9.990e-29
 242.672321      2.544  38.574337    14.3124    7.88117      2.523    31.6250    23.5162 -9.990e-29
 242.672326      2.558  38.574193    14.3125    7.87902      2.537    31.6248    23.5160 -9.990e-29
 242.672332      2.558  38.574447    14.3126    7.87587      2.537    31.6249    23.5161 -9.990e-29
 242.672338      2.550  38.574886    14.3127    7.88078      2.529    31.6253    23.5163 -9.990e-29
 242.672344      2.546  38.574984    14.3126    7.88471      2.525    31.6254    23.5165 -9.990e-29
 242.672350      2.549  38.574883    14.3124    7.87979      2.528    31.6255    23.5166 -9.990e-29
 242.672355      2.555  38.575021    14.3122    7.87207      2.534    31.6258    23.5168 -9.990e-29
 242.672361      2.556  38.575027    14.3122    7.86943      2.535    31.6258    23.5169 -9.990e-29
 242.672367      2.558  38.574919    14.3124    7.87149      2.537    31.6255    23.5166 -9.990e-29
 242.672373      2.567  38.575125    14.3127    7.87521      2.546    31.6255    23.5165 -9.990e-29
 242.672378      2.581  38.575368    14.3127    7.86240      2.559    31.6257    23.5167 -9.990e-29
 242.672384      2.596  38.575419    14.3122    7.83946      2.574    31.6261    23.5171 -9.990e-29
 242.672390      2.613  38.575357    14.3103    7.81291      2.591    31.6276    23.5187 -9.990e-29
 242.672396      2.633  38.575110    14.3050    7.79494      2.611    31.6317    23.5229 -9.990e-29
 242.672402      2.658  38.574357    14.2952    7.81318      2.636    31.6390    23.5306 -9.990e-29
 242.672407      2.689  38.571542    14.2840    7.83351      2.667    31.6456    23.5380 -9.990e-29
 242.672413      2.720  38.565538    14.2780    7.84645      2.697    31.6450    23.5388 -9.990e-29
 242.672419      2.735  38.559001    14.2822    7.85772      2.712    31.6356    23.5307 -9.990e-29
 242.672425      2.732  38.558173    14.2930    7.85947      2.709    31.6260    23.5210 -9.990e-29
 242.672431      2.722  38.564199    14.3017    7.84772      2.699    31.6244    23.5180 -9.990e-29
 242.672436      2.718  38.569232    14.3039    7.83529      2.695    31.6272    23.5197 -9.990e-29
 242.672442      2.723  38.569336    14.3012    7.83083      2.700    31.6295    23.5220 -9.990e-29
 242.672448      2.740  38.566903    14.2963    7.83065      2.717    31.6313    23.5244 -9.990e-29
 242.672454      2.758  38.564305    14.2931    7.83422      2.735    31.6315    23.5253 -9.990e-29
 242.672459      2.768  38.563130    14.2942    7.83323      2.745    31.6296    23.5235 -9.990e-29
 242.672465      2.770  38.564058    14.2985    7.82858      2.747    31.6269    23.5206 -9.990e-29
 242.672471      2.768  38.567211    14.3013    7.83453      2.745    31.6275    23.5204 -9.990e-29
 242.672477      2.762  38.568945    14.3007    7.84449      2.739    31.6296    23.5222 -9.990e-29
 242.672483      2.756  38.567654    14.2997    7.83398      2.733    31.6292    23.5221 -9.990e-29
 242.672488      2.757  38.567233    14.2991    7.82403      2.734    31.6293    23.5223 -9.990e-29
 242.672494      2.772  38.567687    14.2967    7.81973      2.749    31.6317    23.5246 -9.990e-29
 242.672500      2.795  38.565703    14.2935    7.84976      2.772    31.6325    23.5259 -9.990e-29
 242.672506      2.820  38.562567    14.2929    7.85631      2.796    31.6301    23.5242 -9.990e-29
 242.672512      2.840  38.561956    14.2956    7.85023      2.816    31.6273    23.5215 -9.990e-29
 242.672517      2.848  38.564181    14.2996    7.83599      2.824    31.6261    23.5197 -9.990e-29
 242.672523      2.844  38.567727    14.3025    7.83223      2.820    31.6270    23.5198 -9.990e-29
 242.672529      2.837  38.570037    14.3037    7.85384      2.813    31.6281    23.5204 -9.990e-29
 242.672535      2.831  38.570274    14.3043    7.86179      2.807    31.6278    23.5201 -9.990e-29
 242.672541      2.824  38.570441    14.3047    7.83721      2.800    31.6276    23.5198 -9.990e-29
 242.672546      2.817  38.570768    14.3044    7.80481      2.793    31.6282    23.5203 -9.990e-29
 242.672552      2.809  38.570576    14.3038    7.79900      2.786    31.6285    23.5207 -9.990e-29
 242.672558      2.804  38.570176    14.3027    7.81101      2.781    31.6290    23.5213 -9.990e-29
 242.672564      2.810  38.569600    14.3012    7.82316      2.787    31.6297    23.5222 -9.990e-29
 242.672569      2.828  38.568650    14.3000    7.81293      2.804    31.6298    23.5225 -9.990e-29
 242.672575      2.845  38.567746    14.2996    7.80295      2.821    31.6293    23.5222 -9.990e-29
 242.672581      2.855  38.567372    14.3000    7.80560      2.831    31.6287    23.5216 -9.990e-29
 242.672587      2.862  38.567595    14.3013    7.82277      2.838    31.6278    23.5207 -9.990e-29
 242.672593      2.871  38.568716    14.3032    7.84883      2.847    31.6273    23.5199 -9.990e-29
 242.672598      2.882  38.570557    14.3041    7.84958      2.858    31.6282    23.5204 -9.990e-29
 242.672604      2.892  38.571652    14.3034    7.82440      2.868    31.6298    23.5218 -9.990e-29
 242.672610      2.893  38.571223    14.3022    7.79590      2.869    31.6304    23.5225 -9.990e-29
 242.672616      2.886  38.569826    14.3012    7.78757      2.862    31.6299    23.5223 -9.990e-29
 242.672622      2.882  38.568409    14.3008    7.80558      2.858    31.6289    23.5217 -9.990e-29
 242.672627      2.890  38.567894    14.3008    7.82536      2.866    31.6285    23.5213 -9.990e-29
 242.672633      2.901  38.568160    14.3006    7.82147      2.877    31.6289    23.5216 -9.990e-29
 242.672639      2.905  38.568448    14.2996    7.79234      2.881    31.6300    23.5227 -9.990e-29
 242.672645      2.900  38.568025    14.2975    7.76384      2.876    31.6313    23.5241 -9.990e-29
 242.672650      2.899  38.566332    14.2957    7.75749      2.875    31.6312    23.5245 -9.990e-29
 242.672656      2.912  38.565044    14.2960    7.78710      2.888    31.6298    23.5233 -9.990e-29
 242.672662      2.929  38.565817    14.2969    7.80658      2.905    31.6298    23.5231 -9.990e-29
 242.672668      2.936  38.566322    14.2953    7.80056      2.911    31.6315    23.5248 -9.990e-29
 242.672674      2.924  38.563872    14.2933    7.78331      2.900    31.6309    23.5247 -9.990e-29
 242.672679      2.901  38.561937    14.2938    7.77344      2.877    31.6288    23.5230 -9.990e-29
 242.672685      2.882  38.563550    14.2937    7.78226      2.858    31.6303    23.5242 -9.990e-29
 242.672691      2.879  38.564139    14.2900    7.81221      2.855    31.6339    23.5277 -9.990e-29
 242.672697      2.892  38.561132    14.2857    7.81572      2.868    31.6347    23.5292 -9.990e-29
 242.672703      2.905  38.557815    14.2870    7.80870      2.881    31.6306    23.5258 -9.990e-29
 242.672708      2.901  38.558745    14.2933    7.78177      2.877    31.6263    23.5211 -9.990e-29
 242.672714      2.885  38.563483    14.2982    7.78025      2.861    31.6266    23.5204 -9.990e-29
 242.672720      2.872  38.566576    14.2988    7.79734      2.848    31.6289    23.5220 -9.990e-29
 242.672726      2.874  38.566548    14.2964    7.82120      2.850    31.6309    23.5240 -9.990e-29
 242.672731      2.892  38.565051    14.2932    7.82782      2.868    31.6321    23.5257 -9.990e-29
 242.672737      2.914  38.562901    14.2916    7.80364      2.890    31.6314    23.5255 -9.990e-29
 242.672743      2.929  38.561721    14.2922    7.79139      2.905    31.6299    23.5241 -9.990e-29
 242.672749      2.936  38.562186    14.2928    7.77999      2.911    31.6298    23.5240 -9.990e-29
 242.672755      2.947  38.562678    14.2914    7.79344      2.922    31.6314    23.5255 -9.990e-29
 242.672760      2.964  38.561618    14.2879    7.80072      2.939    31.6333    23.5277 -9.990e-29
 242.672766      2.986  38.558721    14.2849    7.78448      2.961    31.6331    23.5281 -9.990e-29
 242.672772      3.005  38.556300    14.2839    7.75701      2.980    31.6317    23.5273 -9.990e-29
 242.672778      3.018  38.556179    14.2821    7.71880      2.993    31.6330    23.5287 -9.990e-29
 242.672784      3.030  38.555957    14.2751    7.73142      3.005    31.6386    23.5344 -9.990e-29
 242.672789      3.050  38.551978    14.2627    7.74600      3.025    31.6451    23.5420 -9.990e-29
 242.672795      3.076  38.543431    14.2504    7.76832      3.050    31.6473    23.5463 -9.990e-29
 242.672801      3.088  38.534070    14.2441    7.76741      3.062    31.6439    23.5449 -9.990e-29
 242.672807      3.077  38.527682    14.2464    7.74300      3.051    31.6362    23.5385 -9.990e-29
 242.672812      3.057  38.528091    14.2548    7.73759      3.031    31.6297    23.5318 -9.990e-29
 242.672818      3.043  38.535286    14.2594    7.73702      3.018    31.6325    23.5330 -9.990e-29
 242.672824      3.046  38.539799    14.2551    7.74633      3.021    31.6402    23.5398 -9.990e-29
 242.672830      3.063  38.537001    14.2481    7.74324      3.037    31.6433    23.5436 -9.990e-29
 242.672836      3.078  38.531581    14.2444    7.72154      3.052    31.6414    23.5429 -9.990e-29
 242.672841      3.082  38.528094    14.2435    7.71638      3.056    31.6389    23.5412 -9.990e-29
