data/oxygen options/ONMS/Olympic_Coast_National_Marine_Sanctuary_Hypoxia_Survey_CTD_Data_2004_2015/raw_data/2005/CTD_CA80_070705faed.cnv
* Sea-Bird SBE19 Data File:
* FileName = C:\Hypoxia Data\CA80_070705.hex
* Software Version 1.1.6
* Temperature SN = 2997
* Conductivity SN = 2997
* System UpLoad Time = Jul 07 2005 13:55:14
* SEACAT PROFILER V3.1c SN 2997   07/07/05  13:54:41.695
* strain gauge pressure sensor: S/N = 184829,  range = 3000 psia,  tc = 40
# nquan = 9                                 
# nvalues = 739                         
# units = specified
# name 0 = timeJ: Julian Days
# name 1 = prSM: Pressure, Strain Gauge [db]
# name 2 = c0mS/cm: Conductivity [mS/cm]
# name 3 = t090C: Temperature [ITS-90, deg C]
# name 4 = oxML/L: Oxygen, Beckman/YSI [ml/l]
# name 5 = depSM: Depth [salt water, m], lat = 47.5
# name 6 = sal00: Salinity, Practical [PSU]
# name 7 = sigma-é00: Density [sigma-theta, kg/m^3]
# name 8 = flag: flag
# span 0 = 188.548715, 188.552986       
# span 1 =     -2.167,     81.605       
# span 2 =   4.080981,  37.897398       
# span 3 =     7.5793,    14.3142       
# span 4 =   -0.09870,   26.03091       
# span 5 =     -2.149,     80.908       
# span 6 =     2.7797,    33.8026       
# span 7 =     1.3607,    26.3954       
# span 8 = 0.0000e+00, 0.0000e+00       
# interval = seconds: 0.5
# start_time = Jul 07 2005 13:10:09 [Instrument's time stamp, header]
# bad_flag = -9.990e-29
*END*
[from data line 641]
 188.552425     40.156  34.723332     8.3774    3.37508     39.817    33.0282    25.6703 0.0000e+00
 188.552431     39.679  34.727443     8.4216    3.41534     39.344    32.9913    25.6347 0.0000e+00
 188.552436     39.221  34.738059     8.5009    3.44998     38.890    32.9285    25.5736 0.0000e+00
 188.552442     38.789  34.758152     8.5744    3.47544     38.462    32.8813    25.5255 0.0000e+00
 188.552448     38.380  34.777552     8.6077    3.48456     38.056    32.8709    25.5123 0.0000e+00
 188.552454     37.982  34.785736     8.6121    3.49741     37.662    32.8756    25.5153 0.0000e+00
 188.552459     37.577  34.785250     8.6123    3.50924     37.260    32.8751    25.5148 0.0000e+00
 188.552465     37.148  34.783889     8.6236    3.51917     36.835    32.8633    25.5039 0.0000e+00
 188.552471     36.685  34.784350     8.6527    3.52380     36.376    32.8370    25.4788 0.0000e+00
 188.552477     36.189  34.786713     8.6908    3.54289     35.884    32.8043    25.4474 0.0000e+00
 188.552483     35.670  34.790237     8.7218    3.54976     35.369    32.7795    25.4233 0.0000e+00
 188.552488     35.147  34.793492     8.7401    3.56650     34.851    32.7662    25.4100 0.0000e+00
 188.552494     34.630  34.795813     8.7480    3.58682     34.338    32.7616    25.4052 0.0000e+00
 188.552500     34.110  34.796966     8.7543    3.59959     33.823    32.7572    25.4008 0.0000e+00
 188.552506     33.578  34.797963     8.7725    3.60614     33.295    32.7417    25.3858 0.0000e+00
 188.552512     33.031  34.801842     8.8040    3.61873     32.753    32.7169    25.3615 0.0000e+00
 188.552517     32.484  34.809882     8.8340    3.63986     32.210    32.6978    25.3420 0.0000e+00
 188.552523     31.952  34.818261     8.8517    3.65308     31.683    32.6905    25.3335 0.0000e+00
 188.552529     31.436  34.823616     8.8599    3.66107     31.171    32.6888    25.3309 0.0000e+00
 188.552535     30.923  34.826395     8.8663    3.66642     30.663    32.6860    25.3277 0.0000e+00
 188.552541     30.417  34.828657     8.8786    3.67182     30.161    32.6772    25.3190 0.0000e+00
 188.552546     29.922  34.832886     8.8973    3.67377     29.670    32.6647    25.3062 0.0000e+00
 188.552552     29.443  34.838588     8.9141    3.68572     29.195    32.6554    25.2964 0.0000e+00
 188.552558     28.981  34.842745     8.9240    3.68401     28.737    32.6508    25.2912 0.0000e+00
 188.552564     28.535  34.844768     8.9279    3.68852     28.295    32.6495    25.2896 0.0000e+00
 188.552569     28.091  34.845147     8.9312    3.69960     27.855    32.6471    25.2872 0.0000e+00
 188.552575     27.644  34.844978     8.9394    3.70787     27.411    32.6396    25.2800 0.0000e+00
 188.552581     27.191  34.846307     8.9489    3.70755     26.962    32.6324    25.2730 0.0000e+00
 188.552587     26.732  34.848135     8.9567    3.71274     26.507    32.6274    25.2678 0.0000e+00
 188.552593     26.269  34.849007     8.9660    3.72188     26.048    32.6199    25.2605 0.0000e+00
 188.552598     25.798  34.850117     8.9769    3.74015     25.581    32.6113    25.2521 0.0000e+00
 188.552604     25.314  34.851856     8.9886    3.73724     25.101    32.6026    25.2434 0.0000e+00
 188.552610     24.817  34.853770     9.0029    3.74786     24.608    32.5917    25.2327 0.0000e+00
 188.552616     24.312  34.856202     9.0181    3.75189     24.108    32.5805    25.2216 0.0000e+00
 188.552622     23.808  34.859064     9.0289    3.75447     23.608    32.5738    25.2146 0.0000e+00
 188.552627     23.305  34.861159     9.0343    3.77718     23.109    32.5713    25.2118 0.0000e+00
 188.552633     22.805  34.861953     9.0385    3.77297     22.613    32.5685    25.2090 0.0000e+00
 188.552639     22.308  34.862535     9.0455    3.77065     22.121    32.5629    25.2035 0.0000e+00
 188.552645     21.807  34.864273     9.0563    3.77697     21.624    32.5551    25.1956 0.0000e+00
 188.552650     21.299  34.867271     9.0689    3.77984     21.120    32.5469    25.1873 0.0000e+00
 188.552656     20.792  34.869953     9.0812    3.77241     20.617    32.5386    25.1789 0.0000e+00
 188.552662     20.296  34.872005     9.0918    3.78018     20.126    32.5313    25.1715 0.0000e+00
 188.552668     19.817  34.873952     9.0995    3.81472     19.651    32.5265    25.1665 0.0000e+00
 188.552674     19.359  34.875063     9.1054    3.85466     19.197    32.5225    25.1624 0.0000e+00
 188.552679     18.918  34.875730     9.1135    3.91116     18.759    32.5160    25.1561 0.0000e+00
 188.552685     18.480  34.877433     9.1297    3.97805     18.325    32.5031    25.1435 0.0000e+00
 188.552691     18.030  34.881352     9.1669    4.04171     17.879    32.4735    25.1145 0.0000e+00
 188.552697     17.555  34.890499     9.2416    4.11476     17.408    32.4152    25.0571 0.0000e+00
 188.552703     17.052  34.913178     9.3416    4.18372     16.909    32.3481    24.9889 0.0000e+00
 188.552708     16.526  34.948829     9.4244    4.22394     16.387    32.3102    24.9460 0.0000e+00
 188.552714     15.992  34.977762     9.4659    4.24341     15.858    32.3027    24.9335 0.0000e+00
 188.552720     15.467  34.987595     9.4763    4.25099     15.337    32.3036    24.9326 0.0000e+00
 188.552726     14.959  34.985881     9.4787    4.23489     14.834    32.2999    24.9293 0.0000e+00
 188.552731     14.466  34.982702     9.4923    4.25847     14.345    32.2846    24.9152 0.0000e+00
 188.552737     13.988  34.982258     9.5207    4.29351     13.871    32.2588    24.8905 0.0000e+00
 188.552743     13.527  34.985667     9.5515    4.35342     13.414    32.2348    24.8668 0.0000e+00
 188.552749     13.081  34.992462     9.5750    4.40959     12.971    32.2209    24.8521 0.0000e+00
 188.552755     12.637  35.000528     9.6002    4.45206     12.531    32.2067    24.8369 0.0000e+00
 188.552760     12.185  35.011128     9.6460    4.54680     12.083    32.1766    24.8061 0.0000e+00
 188.552766     11.717  35.032819     9.7211    4.68735     11.619    32.1318    24.7589 0.0000e+00
 188.552772     11.233  35.074374     9.8387    4.90048     11.139    32.0694    24.6911 0.0000e+00
 188.552778     10.741  35.148072     9.9962    5.13583     10.651    32.0045    24.6146 0.0000e+00
 188.552784     10.249  35.248512    10.1357    5.35819     10.163    31.9827    24.5745 0.0000e+00
 188.552789      9.762  35.328593    10.2364    5.54431      9.680    31.9747    24.5515 0.0000e+00
 188.552795      9.290  35.372383    10.3825    5.74798      9.212    31.8904    24.4612 0.0000e+00
 188.552801      8.823  35.443370    10.6400    5.99501      8.749    31.7365    24.2977 0.0000e+00
 188.552807      8.348  35.597556    10.9481    6.28947      8.278    31.6228    24.1561 0.0000e+00
 188.552812      7.869  35.789971    11.2126    6.58682      7.803    31.5849    24.0803 0.0000e+00
 188.552818      7.399  35.943112    11.4033    6.89681      7.337    31.5717    24.0362 0.0000e+00
 188.552824      6.946  36.054381    11.5289    7.28582      6.888    31.5731    24.0148 0.0000e+00
 188.552830      6.512  36.139335    11.6590    7.77880      6.458    31.5451    23.9696 0.0000e+00
 188.552836      6.094  36.241224    11.9316    8.21586      6.043    31.4130    23.8174 0.0000e+00
 188.552841      5.696  36.452769    12.3551    8.54084      5.648    31.2609    23.6210 0.0000e+00
 188.552847      5.322  36.745441    12.7463    8.74322      5.278    31.2140    23.5106 0.0000e+00
 188.552853      4.973  36.980233    12.9765    8.81657      4.931    31.2452    23.4905 0.0000e+00
 188.552859      4.655  37.088464    13.0952    8.70070      4.616    31.2490    23.4704 0.0000e+00
 188.552865      4.362  37.132122    13.1810    8.58221      4.326    31.2194    23.4308 0.0000e+00
 188.552870      4.086  37.185742    13.2047    8.38713      4.052    31.2502    23.4499 0.0000e+00
 188.552876      3.817  37.207586    13.1648    8.17659      3.785    31.3036    23.4990 0.0000e+00
 188.552882      3.551  37.185891    13.1907    7.95004      3.521    31.2620    23.4618 0.0000e+00
 188.552888      3.293  37.223542    13.3532    7.61848      3.265    31.1640    23.3541 0.0000e+00
 188.552894      3.046  37.356733    13.5460    7.44512      3.021    31.1305    23.2901 0.0000e+00
 188.552899      2.814  37.492785    13.6602    7.10513      2.790    31.1635    23.2928 0.0000e+00
 188.552905      2.597  37.554094    13.7053    6.63766      2.575    31.1835    23.2992 0.0000e+00
 188.552911      2.404  37.552758    13.7071    7.29479      2.384    31.1809    23.2969 0.0000e+00
 188.552917      2.243  37.524616    13.6640    7.06828      2.224    31.1901    23.3125 0.0000e+00
 188.552922      2.113  37.485250    13.5898    7.10665      2.095    31.2142    23.3460 -9.990e-29
 188.552928      2.011  37.439368    13.5084    7.25132      1.994    31.2382    23.3807 -9.990e-29
 188.552934      1.932  37.378309    13.4191 -9.990e-29      1.916    31.2546    23.4111 -9.990e-29
 188.552940      1.874  37.272798    13.3048 -9.990e-29      1.858    31.2501    23.4302 -9.990e-29
 188.552946      1.832  37.090931    13.1713 -9.990e-29      1.817    31.1899    23.4098 -9.990e-29
 188.552951      1.799  36.753390    13.0475 -9.990e-29      1.784    30.9753    23.2679 -9.990e-29
 188.552957      1.772  35.951412    12.9539 -9.990e-29      1.757    30.3001    22.7637 -9.990e-29
 188.552963      1.756  33.711557    12.8936 -9.990e-29      1.741    28.2587    21.1970 -9.990e-29
 188.552969      1.743  27.110132    12.8612 -9.990e-29      1.728    22.2384    16.5551 -9.990e-29
 188.552975      1.734  16.675418    12.8481 -9.990e-29      1.720    13.0813     9.5011 -9.990e-29
 188.552980      1.732   8.603836    12.8451 -9.990e-29      1.718     6.3987     4.3523 -9.990e-29
 188.552986      1.733   5.073853 -9.990e-29 -9.990e-29      1.719 -9.990e-29 -9.990e-29 -9.990e-29
