data/oxygen options/ONMS/Olympic_Coast_National_Marine_Sanctuary_Hypoxia_Survey_CTD_Data_2004_2015/raw_data/2005/CTD_CA100_083005faed.cnv
* Sea-Bird SBE19 Data File:
* FileName = C:\hypoxia CTD data\CA100_083005.hex
* Software Version 1.1.5
* Temperature SN = 2997
* Conductivity SN = 2997
* System UpLoad Time = Aug 30 2005 17:33:32
** Cape Alava100m 083005
* SEACAT PROFILER V3.1c SN 2997   08/30/05  17:31:55.314
# nquan = 9                                 
# nvalues = 1481                        
# units = specified
# name 0 = timeJ: Julian Days
# name 1 = prSM: Pressure, Strain Gauge [db]
# name 2 = c0mS/cm: Conductivity [mS/cm]
# name 3 = t090C: Temperature [ITS-90, deg C]
# name 4 = oxML/L: Oxygen, Beckman/YSI [ml/l]
# name 5 = depSM: Depth [salt water, m], lat = 47.5
# name 6 = sal00: Salinity, Practical [PSU]
# name 7 = sigma-é00: Density [sigma-theta, kg/m^3]
# name 8 = flag: flag
# span 0 = 242.691100, 242.699664       
# span 1 =     -2.845,    100.972       
# span 2 =   0.329013,  38.111126       
# span 3 =     7.4714,    13.8726       
# span 4 =   -0.12028,   26.46279       
# span 5 =     -2.821,    100.105       
# span 6 =     0.2031,    33.6677       
# span 7 =    -0.5547,    26.3051       
# span 8 = 0.0000e+00, 0.0000e+00       
# interval = seconds: 0.5
# start_time = Aug 30 2005 16:35:11 [Instrument's time stamp, header]
# bad_flag = -9.990e-29
*END*
[from data line 161]
 242.692031      4.084  37.797289    13.2834    6.99187      4.050    31.7567    23.8261 -9.990e-29
 242.692037      4.108  37.767501    13.2358    6.95168      4.074    31.7685    23.8446 -9.990e-29
 242.692043      4.132  37.730016    13.2098    6.94259      4.097    31.7551    23.8394 -9.990e-29
 242.692049      4.154  37.714484    13.1951    6.96943      4.119    31.7529    23.8405 -9.990e-29
 242.692054      4.174  37.708041    13.1781    7.00522      4.139    31.7610    23.8502 -9.990e-29
 242.692060      4.190  37.694245    13.1691    7.05634      4.155    31.7556    23.8478 -9.990e-29
 242.692066      4.203  37.685550    13.1808    7.08585      4.168    31.7377    23.8316 -9.990e-29
 242.692072      4.217  37.692234    13.2133    7.10336      4.182    31.7168    23.8091 -9.990e-29
 242.692078      4.230  37.714237    13.2528    7.09729      4.195    31.7044    23.7917 -9.990e-29
 242.692083      4.243  37.743328    13.2723    7.08895      4.208    31.7154    23.7964 -9.990e-29
 242.692089      4.260  37.756613    13.2580    7.08232      4.224    31.7397    23.8180 -9.990e-29
 242.692095      4.282  37.742660    13.2336    7.07996      4.246    31.7470    23.8284 -9.990e-29
 242.692101      4.303  37.724372    13.2255    7.11181      4.267    31.7367    23.8220 -9.990e-29
 242.692106      4.310  37.722230    13.2336    7.12732      4.274    31.7279    23.8137 -9.990e-29
 242.692112      4.305  37.732254    13.2489    7.12913      4.269    31.7245    23.8080 -9.990e-29
 242.692118      4.296  37.745940    13.2623    7.09811      4.260    31.7262    23.8066 -9.990e-29
 242.692124      4.290  37.754062    13.2680    7.06042      4.254    31.7290    23.8077 -9.990e-29
 242.692130      4.291  37.754559    13.2659    6.99120      4.255    31.7312    23.8098 -9.990e-29
 242.692135      4.300  37.750906    13.2562    6.91330      4.264    31.7359    23.8154 -9.990e-29
 242.692141      4.312  37.742163    13.2396    6.86287      4.276    31.7416    23.8230 -9.990e-29
 242.692147      4.325  37.729574    13.2128    6.85205      4.289    31.7521    23.8365 -9.990e-29
 242.692153      4.338  37.711499    13.1723    6.84420      4.302    31.7690    23.8575 -9.990e-29
 242.692159      4.350  37.682906    13.1297    6.94666      4.314    31.7779    23.8727 -9.990e-29
 242.692164      4.351  37.650538    13.1099    7.02866      4.315    31.7641    23.8659 -9.990e-29
 242.692170      4.334  37.636848    13.1369    7.06242      4.298    31.7286    23.8332 -9.990e-29
 242.692176      4.297  37.663393    13.2032    7.08636      4.261    31.6982    23.7967 -9.990e-29
 242.692182      4.255  37.716775    13.2635    7.06376      4.219    31.6979    23.7846 -9.990e-29
 242.692187      4.231  37.756578    13.2835    7.05052      4.196    31.7185    23.7965 -9.990e-29
 242.692193      4.236  37.764671    13.2638    7.03848      4.201    31.7424    23.8189 -9.990e-29
 242.692199      4.263  37.747375    13.2260    7.01295      4.227    31.7578    23.8383 -9.990e-29
 242.692205      4.290  37.716969    13.2051    7.01539      4.254    31.7468    23.8339 -9.990e-29
 242.692211      4.304  37.701328    13.2191    7.03152      4.268    31.7204    23.8107 -9.990e-29
 242.692216      4.309  37.717164    13.2447    7.04745      4.273    31.7139    23.8006 -9.990e-29
 242.692222      4.318  37.739043    13.2539    7.06120      4.282    31.7267    23.8087 -9.990e-29
 242.692228      4.333  37.742871    13.2466    7.07616      4.297    31.7364    23.8176 -9.990e-29
 242.692234      4.344  37.733762    13.2366    7.09325      4.308    31.7362    23.8195 -9.990e-29
 242.692240      4.350  37.722569    13.2410    7.10693      4.314    31.7220    23.8077 -9.990e-29
 242.692245      4.349  37.725215    13.2677    7.09518      4.313    31.7023    23.7871 -9.990e-29
 242.692251      4.347  37.749715    13.2941    7.07347      4.311    31.7032    23.7826 -9.990e-29
 242.692257      4.351  37.772097    13.2948    7.05986      4.315    31.7235    23.7982 -9.990e-29
 242.692263      4.367  37.769497    13.2771    7.04072      4.331    31.7358    23.8112 -9.990e-29
 242.692269      4.395  37.752483    13.2626    7.04442      4.358    31.7320    23.8111 -9.990e-29
 242.692274      4.433  37.743238    13.2571    7.05302      4.396    31.7279    23.8090 -9.990e-29
 242.692280      4.470  37.743454    13.2543    7.07252      4.433    31.7304    23.8115 -9.990e-29
 242.692286      4.501  37.742762    13.2532    7.08719      4.463    31.7307    23.8120 -9.990e-29
 242.692292      4.527  37.741365    13.2577    7.06865      4.489    31.7256    23.8071 -9.990e-29
 242.692297      4.545  37.745257    13.2703    7.04086      4.507    31.7187    23.7993 -9.990e-29
 242.692303      4.552  37.755704    13.2856    6.98706      4.514    31.7158    23.7940 -9.990e-29
 242.692309      4.554  37.768131    13.2855    6.94705      4.516    31.7275    23.8031 -9.990e-29
 242.692315      4.559  37.767150    13.2536    6.92942      4.521    31.7532    23.8292 -9.990e-29
 242.692321      4.571  37.738562    13.2115    6.91237      4.533    31.7615    23.8440 -9.990e-29
 242.692326      4.587  37.703703    13.1971    6.92383      4.549    31.7409    23.8309 -9.990e-29
 242.692332      4.599  37.695167    13.2078    6.94642      4.561    31.7240    23.8157 -9.990e-29
 242.692338      4.605  37.707172    13.2164    6.97677      4.567    31.7280    23.8172 -9.990e-29
 242.692344      4.607  37.715908    13.2131    7.02984      4.568    31.7390    23.8263 -9.990e-29
 242.692350      4.612  37.716209    13.2094    7.07448      4.573    31.7424    23.8296 -9.990e-29
 242.692355      4.615  37.715775    13.2211    7.09473      4.576    31.7322    23.8194 -9.990e-29
 242.692361      4.612  37.723000    13.2499    7.10344      4.573    31.7149    23.8004 -9.990e-29
 242.692367      4.606  37.743033    13.2783    7.08965      4.568    31.7100    23.7910 -9.990e-29
 242.692373      4.611  37.764454    13.2898    7.09622      4.572    31.7204    23.7968 -9.990e-29
 242.692378      4.636  37.771534    13.2838    7.09952      4.597    31.7320    23.8070 -9.990e-29
 242.692384      4.672  37.764188    13.2699    7.10131      4.633    31.7367    23.8133 -9.990e-29
 242.692390      4.706  37.751137    13.2642    7.10072      4.667    31.7293    23.8087 -9.990e-29
 242.692396      4.727  37.746386    13.2732    7.07765      4.687    31.7173    23.7977 -9.990e-29
 242.692402      4.732  37.754814    13.2863    7.04233      4.692    31.7143    23.7927 -9.990e-29
 242.692407      4.726  37.764667    13.2947    6.99484      4.687    31.7165    23.7928 -9.990e-29
 242.692413      4.717  37.769462    13.2933    6.95918      4.678    31.7221    23.7974 -9.990e-29
 242.692419      4.712  37.768307    13.2697    6.93353      4.673    31.7407    23.8165 -9.990e-29
 242.692425      4.715  37.750136    13.2243    6.92662      4.676    31.7616    23.8416 -9.990e-29
 242.692431      4.723  37.714283    13.1895    6.93639      4.684    31.7571    23.8449 -9.990e-29
 242.692436      4.732  37.689213    13.1907    6.95233      4.692    31.7326    23.8258 -9.990e-29
 242.692442      4.742  37.694208    13.2143    6.96417      4.702    31.7176    23.8095 -9.990e-29
 242.692448      4.755  37.715735    13.2306    6.96289      4.715    31.7242    23.8114 -9.990e-29
 242.692454      4.770  37.728666    13.2234    6.95463      4.730    31.7423    23.8268 -9.990e-29
 242.692459      4.784  37.721088    13.2031    6.95578      4.744    31.7521    23.8384 -9.990e-29
 242.692465      4.790  37.705339    13.1898    6.95174      4.750    31.7485    23.8382 -9.990e-29
 242.692471      4.785  37.695755    13.1927    6.93251      4.745    31.7371    23.8288 -9.990e-29
 242.692477      4.771  37.698060    13.2060    6.88025      4.731    31.7281    23.8193 -9.990e-29
 242.692483      4.761  37.710284    13.2099    6.83371      4.721    31.7363    23.8248 -9.990e-29
 242.692488      4.768  37.715081    13.1923    6.80637      4.728    31.7555    23.8431 -9.990e-29
 242.692494      4.790  37.701471    13.1594    6.79761      4.750    31.7703    23.8610 -9.990e-29
 242.692500      4.818  37.674868    13.1305    6.81256      4.778    31.7695    23.8661 -9.990e-29
 242.692506      4.839  37.650837    13.1217    6.83168      4.799    31.7543    23.8560 -9.990e-29
 242.692512      4.852  37.642756    13.1280    6.84493      4.811    31.7414    23.8449 -9.990e-29
 242.692517      4.856  37.646389    13.1378    6.83963      4.815    31.7366    23.8392 -9.990e-29
 242.692523      4.857  37.653683    13.1454    6.83607      4.816    31.7371    23.8381 -9.990e-29
 242.692529      4.859  37.662400    13.1443    6.84773      4.818    31.7462    23.8454 -9.990e-29
 242.692535      4.862  37.665094    13.1312    6.88117      4.821    31.7597    23.8584 -9.990e-29
 242.692541      4.866  37.655071    13.1186    6.90725      4.825    31.7608    23.8617 -9.990e-29
 242.692546      4.867  37.644758    13.1204    6.92426      4.826    31.7496    23.8527 -9.990e-29
 242.692552      4.861  37.647874    13.1396    6.92551      4.820    31.7365    23.8388 -9.990e-29
 242.692558      4.851  37.664641    13.1652    6.92189      4.810    31.7309    23.8294 -9.990e-29
 242.692564      4.846  37.684881    13.1743    6.91200      4.805    31.7422    23.8364 -9.990e-29
 242.692569      4.850  37.689033    13.1619    6.89193      4.809    31.7565    23.8499 -9.990e-29
 242.692575      4.863  37.675344    13.1465    6.88267      4.822    31.7565    23.8529 -9.990e-29
 242.692581      4.881  37.663132    13.1404    6.88550      4.840    31.7502    23.8492 -9.990e-29
 242.692587      4.897  37.661341    13.1407    6.87736      4.856    31.7482    23.8476 -9.990e-29
 242.692593      4.907  37.663647    13.1412    6.85831      4.866    31.7500    23.8489 -9.990e-29
 242.692598      4.918  37.664146    13.1393    6.82711      4.877    31.7520    23.8508 -9.990e-29
 242.692604      4.932  37.662378    13.1344    6.82477      4.891    31.7544    23.8537 -9.990e-29
 242.692610      4.949  37.658782    13.1247    6.84468      4.908    31.7592    23.8592 -9.990e-29
 242.692616      4.963  37.651364    13.1120    6.84640      4.922    31.7628    23.8646 -9.990e-29
 242.692622      4.976  37.640881    13.1052    6.84359      4.934    31.7587    23.8627 -9.990e-29
 242.692627      4.985  37.635780    13.1093    6.85030      4.943    31.7505    23.8555 -9.990e-29
 242.692633      4.986  37.640468    13.1190    6.85628      4.944    31.7467    23.8507 -9.990e-29
 242.692639      4.983  37.648290    13.1257    6.86510      4.941    31.7485    23.8508 -9.990e-29
 242.692645      4.985  37.651163    13.1262    6.85896      4.943    31.7508    23.8524 -9.990e-29
 242.692650      4.995  37.648989    13.1238    6.84411      4.953    31.7507    23.8529 -9.990e-29
 242.692656      5.006  37.646719    13.1220    6.84787      4.964    31.7501    23.8527 -9.990e-29
 242.692662      5.011  37.646365    13.1208    6.88591      4.969    31.7508    23.8535 -9.990e-29
 242.692668      5.013  37.646888    13.1191    6.92357      4.971    31.7527    23.8553 -9.990e-29
 242.692674      5.018  37.646738    13.1191    6.94687      4.976    31.7525    23.8552 -9.990e-29
 242.692679      5.020  37.647390    13.1259    6.95110      4.978    31.7475    23.8499 -9.990e-29
 242.692685      5.017  37.653635    13.1468    6.93765      4.975    31.7358    23.8369 -9.990e-29
 242.692691      5.012  37.671548    13.1768    6.94787      4.970    31.7276    23.8246 -9.990e-29
 242.692697      5.014  37.694163    13.1893    6.94748      4.972    31.7383    23.8304 -9.990e-29
 242.692703      5.026  37.697795    13.1737    6.93605      4.984    31.7548    23.8462 -9.990e-29
 242.692708      5.041  37.679999    13.1541    6.93750      4.999    31.7545    23.8498 -9.990e-29
 242.692714      5.047  37.665837    13.1543    6.94840      5.005    31.7410    23.8394 -9.990e-29
 242.692720      5.044  37.670062    13.1730    6.97428      5.002    31.7293    23.8267 -9.990e-29
 242.692726      5.042  37.685955    13.1858    7.00201      5.000    31.7336    23.8274 -9.990e-29
 242.692731      5.043  37.694886    13.1803    7.01378      5.001    31.7465    23.8385 -9.990e-29
 242.692737      5.044  37.689135    13.1797    6.99628      5.002    31.7416    23.8349 -9.990e-29
 242.692743      5.041  37.687950    13.1977    6.96396      4.999    31.7255    23.8189 -9.990e-29
 242.692749      5.037  37.702641    13.2131    6.91955      4.995    31.7264    23.8165 -9.990e-29
 242.692755      5.042  37.714093    13.2028    6.88782      5.000    31.7457    23.8335 -9.990e-29
 242.692760      5.058  37.703926    13.1730    6.87359      5.016    31.7611    23.8512 -9.990e-29
 242.692766      5.080  37.680456    13.1487    6.86614      5.038    31.7594    23.8547 -9.990e-29
 242.692772      5.096  37.663978    13.1392    6.86379      5.053    31.7519    23.8508 -9.990e-29
 242.692778      5.102  37.658865    13.1379    6.86617      5.059    31.7482    23.8481 -9.990e-29
 242.692784      5.098  37.658288    13.1427    6.88161      5.055    31.7436    23.8437 -9.990e-29
 242.692789      5.090  37.662030    13.1507    6.91077      5.047    31.7404    23.8396 -9.990e-29
 242.692795      5.084  37.668909    13.1516    6.94291      5.042    31.7461    23.8439 -9.990e-29
 242.692801      5.084  37.669586    13.1465    6.97934      5.042    31.7510    23.8487 -9.990e-29
 242.692807      5.088  37.664400    13.1488    6.99747      5.045    31.7442    23.8430 -9.990e-29
 242.692813      5.085  37.665497    13.1641    6.99384      5.042    31.7325    23.8309 -9.990e-29
 242.692818      5.076  37.677137    13.1878    6.97355      5.034    31.7236    23.8194 -9.990e-29
 242.692824      5.069  37.695206    13.2084    6.93399      5.027    31.7233    23.8151 -9.990e-29
 242.692830      5.072  37.710703    13.2069    6.90860      5.030    31.7391    23.8276 -9.990e-29
 242.692836      5.090  37.708399    13.1783    6.91900      5.047    31.7608    23.8500 -9.990e-29
 242.692841      5.114  37.684664    13.1477    6.92074      5.071    31.7642    23.8586 -9.990e-29
 242.692847      5.130  37.661122    13.1411    6.92234      5.087    31.7476    23.8471 -9.990e-29
 242.692853      5.130  37.658525    13.1573    6.91841      5.087    31.7316    23.8315 -9.990e-29
 242.692859      5.122  37.672273    13.1778    6.89893      5.079    31.7274    23.8242 -9.990e-29
 242.692865      5.119  37.687603    13.1822    6.88690      5.076    31.7381    23.8316 -9.990e-29
 242.692870      5.125  37.692427    13.1636    6.91443      5.082    31.7581    23.8508 -9.990e-29
 242.692876      5.136  37.680280    13.1407    6.95255      5.093    31.7659    23.8613 -9.990e-29
 242.692882      5.140  37.663002    13.1366    6.98200      5.097    31.7531    23.8522 -9.990e-29
 242.692888      5.124  37.660166    13.1555    6.98672      5.081    31.7347    23.8342 -9.990e-29
 242.692894      5.092  37.675831    13.1854    6.95812      5.049    31.7244    23.8204 -9.990e-29
 242.692899      5.063  37.698909    13.2030    6.92930      5.021    31.7313    23.8223 -9.990e-29
 242.692905      5.056  37.709697    13.1951    6.90604      5.014    31.7480    23.8368 -9.990e-29
 242.692911      5.075  37.700713    13.1744    6.88582      5.033    31.7569    23.8477 -9.990e-29
 242.692917      5.105  37.685211    13.1588    6.87684      5.062    31.7554    23.8496 -9.990e-29
 242.692922      5.125  37.675042    13.1516    6.86749      5.082    31.7519    23.8483 -9.990e-29
 242.692928      5.134  37.669535    13.1475    6.86162      5.091    31.7501    23.8478 -9.990e-29
 242.692934      5.143  37.665824    13.1460    6.86442      5.100    31.7479    23.8463 -9.990e-29
 242.692940      5.163  37.667927    13.1436    6.87865      5.120    31.7519    23.8499 -9.990e-29
 242.692946      5.191  37.668548    13.1370    6.89727      5.148    31.7580    23.8559 -9.990e-29
