data/oxygen options/ONMS/Olympic_Coast_National_Marine_Sanctuary_Hypoxia_Survey_CTD_Data_2004_2015/raw_data/2005/CTD_CE20_062105faed.cnv
* Sea-Bird SBE19 Data File:
* FileName = C:\hypoxia CTD data\CE20_062105.hex
* Software Version 1.1.5
* Temperature SN = 2997
* Conductivity SN = 2997
* System UpLoad Time = Jun 21 2005 16:20:32
* SEACAT PROFILER V3.1c SN 2997   06/21/05  16:20:01.612
* strain gauge pressure sensor: S/N = 184829,  range = 3000 psia,  tc = 40
# nquan = 9                                 
# nvalues = 483                         
# units = specified
# name 0 = timeJ: Julian Days
# name 1 = prSM: Pressure, Strain Gauge [db]
# name 2 = c0mS/cm: Conductivity [mS/cm]
# name 3 = t090C: Temperature [ITS-90, deg C]
# name 4 = oxML/L: Oxygen, Beckman/YSI [ml/l]
# name 5 = depSM: Depth [salt water, m], lat = 47.5
# name 6 = sal00: Salinity, Practical [PSU]
# name 7 = sigma-é00: Density [sigma-theta, kg/m^3]
# name 8 = flag: flag
# span 0 = 172.493704, 172.496493       
# span 1 =     -4.249,     15.966       
# span 2 =   0.643589,  37.714941       
# span 3 =    10.2319,    16.8391       
# span 4 =   -0.11162,   22.85740       
# span 5 =     -4.214,     15.832       
# span 6 =     0.3786,    32.5053       
# span 7 =    -0.8442,    24.9644       
# span 8 = 0.0000e+00, 0.0000e+00       
# interval = seconds: 0.5
# start_time = Jun 21 2005 11:50:56 [Instrument's time stamp, header]
# bad_flag = -9.990e-29
*END*
[from data line 161]
 172.494635      0.201  35.406741    16.5934    6.60328      0.199    27.1369    19.5803 -9.990e-29
 172.494641      0.214  35.386157    16.5978    6.58354      0.212    27.1165    19.5636 -9.990e-29
 172.494647      0.227  35.354971    16.6041    6.57813      0.225    27.0857    19.5387 -9.990e-29
 172.494653      0.245  35.298512    16.6080    6.58726      0.243    27.0351    19.4991 -9.990e-29
 172.494659      0.270  35.262582    16.6036    6.59317      0.268    27.0076    19.4790 -9.990e-29
 172.494664      0.298  35.293452    16.5907    6.61390      0.296    27.0425    19.5086 -9.990e-29
 172.494670      0.323  35.389688    16.5793    6.61322      0.320    27.1319    19.5796 -9.990e-29
 172.494676      0.342  35.477252    16.5793    6.61194      0.339    27.2063    19.6365 -9.990e-29
 172.494682      0.357  35.471096    16.5881    6.60469      0.354    27.1951    19.6260 -9.990e-29
 172.494688      0.368  35.391603    16.5999    6.59455      0.365    27.1196    19.5656 -9.990e-29
 172.494693      0.377  35.293667    16.6128    6.58502      0.374    27.0278    19.4924 -9.990e-29
 172.494699      0.383  35.198061    16.6241    6.58704      0.380    26.9391    19.4220 -9.990e-29
 172.494705      0.387  35.126978    16.6307    6.58182      0.384    26.8744    19.3711 -9.990e-29
 172.494711      0.390  35.095511    16.6321    6.57646      0.387    26.8467    19.3496 -9.990e-29
 172.494716      0.391  35.103750    16.6310    6.56637      0.388    26.8545    19.3558 -9.990e-29
 172.494722      0.391  35.124572    16.6294    6.55802      0.388    26.8732    19.3705 -9.990e-29
 172.494728      0.394  35.138659    16.6253    6.57331      0.391    26.8879    19.3826 -9.990e-29
 172.494734      0.404  35.168724    16.6196    6.58687      0.401    26.9172    19.4063 -9.990e-29
 172.494740      0.417  35.209457    16.6165    6.58613      0.414    26.9538    19.4350 -9.990e-29
 172.494745      0.431  35.226607    16.6165    6.57647      0.427    26.9684    19.4461 -9.990e-29
 172.494751      0.442  35.224546    16.6179    6.55862      0.438    26.9657    19.4438 -9.990e-29
 172.494757      0.446  35.218469    16.6206    6.56490      0.442    26.9587    19.4378 -9.990e-29
 172.494763      0.448  35.198035    16.6220    6.57889      0.444    26.9404    19.4236 -9.990e-29
 172.494769      0.452  35.183648    16.6183    6.58115      0.448    26.9307    19.4169 -9.990e-29
 172.494774      0.458  35.212744    16.6138    6.58221      0.454    26.9584    19.4391 -9.990e-29
 172.494780      0.464  35.248452    16.6161    6.57606      0.460    26.9871    19.4606 -9.990e-29
 172.494786      0.463  35.221236    16.6257    6.55494      0.459    26.9576    19.4359 -9.990e-29
 172.494792      0.466  35.129003    16.6356    6.55236      0.462    26.8728    19.3688 -9.990e-29
 172.494797      0.481  35.041601    16.6387    6.54825      0.477    26.7966    19.3098 -9.990e-29
 172.494803      0.505  35.020745    16.6333    6.57938      0.501    26.7825    19.3002 -9.990e-29
 172.494809      0.530  35.076190    16.6241    6.58631      0.526    26.8357    19.3429 -9.990e-29
 172.494815      0.550  35.158555    16.6185    6.58760      0.545    26.9092    19.4005 -9.990e-29
 172.494821      0.561  35.206143    16.6207    6.57367      0.556    26.9481    19.4298 -9.990e-29
 172.494826      0.564  35.198889    16.6313    6.54900      0.559    26.9349    19.4173 -9.990e-29
 172.494832      0.565  35.117596    16.6458    6.54046      0.560    26.8562    19.3539 -9.990e-29
 172.494838      0.570  34.992328    16.6550    6.55140      0.565    26.7440    19.2660 -9.990e-29
 172.494844      0.586  34.918386    16.6515    6.56342      0.581    26.6837    19.2206 -9.990e-29
 172.494850      0.608  34.944041    16.6385    6.56502      0.603    26.7141    19.2467 -9.990e-29
 172.494855      0.630  35.040731    16.6309    6.55009      0.625    26.8010    19.3149 -9.990e-29
 172.494861      0.645  35.096922    16.6358    6.53004      0.640    26.8454    19.3478 -9.990e-29
 172.494867      0.648  35.051889    16.6429    6.54413      0.643    26.8025    19.3134 -9.990e-29
 172.494873      0.650  35.005897    16.6447    6.55667      0.645    26.7623    19.2823 -9.990e-29
 172.494878      0.658  35.007496    16.6441    6.56936      0.653    26.7641    19.2837 -9.990e-29
 172.494884      0.669  35.010621    16.6445    6.56535      0.663    26.7665    19.2855 -9.990e-29
 172.494890      0.679  35.003751    16.6482    6.53901      0.673    26.7582    19.2783 -9.990e-29
 172.494896      0.689  34.988937    16.6550    6.52011      0.683    26.7411    19.2637 -9.990e-29
 172.494902      0.699  34.957642    16.6606    6.55261      0.693    26.7109    19.2394 -9.990e-29
 172.494907      0.710  34.929239    16.6595    6.57169      0.704    26.6876    19.2218 -9.990e-29
 172.494913      0.723  34.938169    16.6513    6.55866      0.717    26.7006    19.2335 -9.990e-29
 172.494919      0.738  34.990180    16.6450    6.53759      0.732    26.7488    19.2718 -9.990e-29
 172.494925      0.753  35.026270    16.6484    6.51977      0.747    26.7771    19.2927 -9.990e-29
 172.494931      0.764  34.985260    16.6554    6.49765      0.758    26.7377    19.2611 -9.990e-29
 172.494936      0.776  34.927937    16.6559    6.52520      0.770    26.6888    19.2235 -9.990e-29
 172.494942      0.793  34.926974    16.6440    6.55624      0.786    26.6959    19.2316 -9.990e-29
 172.494948      0.814  34.998468    16.6221    6.55911      0.807    26.7710    19.2939 -9.990e-29
 172.494954      0.830  35.154234    16.6094    6.55450      0.823    26.9116    19.4043 -9.990e-29
 172.494959      0.838  35.253315    16.6213    6.53023      0.831    26.9877    19.4599 -9.990e-29
 172.494965      0.839  35.131855    16.6430    6.50555      0.832    26.8701    19.3651 -9.990e-29
 172.494971      0.838  34.950209    16.6540    6.51002      0.831    26.7089    19.2393 -9.990e-29
 172.494977      0.842  34.895553    16.6530    6.52664      0.835    26.6633    19.2047 -9.990e-29
 172.494983      0.856  34.926413    16.6401    6.54026      0.849    26.6980    19.2341 -9.990e-29
 172.494988      0.877  35.051995    16.6184    6.54632      0.870    26.8189    19.3313 -9.990e-29
 172.494994      0.893  35.246367    16.6051    6.53363      0.886    26.9926    19.4673 -9.990e-29
 172.495000      0.897  35.329243    16.6089    6.52014      0.890    27.0604    19.5183 -9.990e-29
 172.495006      0.893  35.267072    16.6210    6.51888      0.886    26.9995    19.4690 -9.990e-29
 172.495012      0.890  35.163621    16.6321    6.52375      0.883    26.9043    19.3937 -9.990e-29
 172.495017      0.892  35.068740    16.6361    6.52944      0.885    26.8212    19.3292 -9.990e-29
 172.495023      0.894  35.030808    16.6330    6.52965      0.887    26.7912    19.3069 -9.990e-29
 172.495029      0.892  35.063154    16.6294    6.52448      0.885    26.8210    19.3305 -9.990e-29
 172.495035      0.891  35.097931    16.6266    6.50237      0.884    26.8523    19.3551 -9.990e-29
 172.495041      0.899  35.126584    16.6205    6.51861      0.891    26.8807    19.3782 -9.990e-29
 172.495046      0.916  35.183397    16.6135    6.52781      0.908    26.9336    19.4202 -9.990e-29
 172.495052      0.936  35.229779    16.6100    6.54637      0.928    26.9753    19.4529 -9.990e-29
 172.495058      0.954  35.240135    16.6098    6.52507      0.946    26.9842    19.4597 -9.990e-29
 172.495064      0.969  35.223789    16.6133    6.49276      0.961    26.9679    19.4466 -9.990e-29
 172.495069      0.976  35.176327    16.6205    6.47761      0.968    26.9228    19.4105 -9.990e-29
 172.495075      0.981  35.110144    16.6271    6.48401      0.973    26.8623    19.3627 -9.990e-29
 172.495081      0.991  35.063117    16.6247    6.51251      0.983    26.8240    19.3339 -9.990e-29
 172.495087      1.013  35.090258    16.6069    6.52979      1.005    26.8590    19.3645 -9.990e-29
 172.495093      1.039  35.247940    16.5830    6.51885      1.030    27.0088    19.4845 -9.990e-29
 172.495098      1.057  35.459976    16.5739    6.50006      1.048    27.1951    19.6291 -9.990e-29
 172.495104      1.065  35.537668    16.5815    6.47683      1.056    27.2560    19.6741 -9.990e-29
 172.495110      1.068  35.461848    16.5919    6.47592      1.059    27.1845    19.6170 -9.990e-29
 172.495116      1.078  35.392643    16.5969    6.49683      1.069    27.1223    19.5683 -9.990e-29
 172.495122      1.100  35.440861    16.5886    6.52026      1.091    27.1689    19.6058 -9.990e-29
 172.495127      1.124  35.575255    16.5657    6.52660      1.115    27.2987    19.7102 -9.990e-29
 172.495133      1.141  35.719413    16.5448    6.52331      1.131    27.4356    19.8197 -9.990e-29
 172.495139      1.154  35.813554    16.5378    6.52009      1.144    27.5206    19.8863 -9.990e-29
 172.495145      1.162  35.818241    16.5432    6.52229      1.152    27.5209    19.8854 -9.990e-29
 172.495150      1.167  35.738606    16.5564    6.52462      1.157    27.4440    19.8236 -9.990e-29
 172.495156      1.169  35.614227    16.5691    6.52140      1.159    27.3295    19.7331 -9.990e-29
 172.495162      1.167  35.523123    16.5757    6.52484      1.157    27.2475    19.6689 -9.990e-29
 172.495168      1.162  35.498550    16.5805    6.52714      1.152    27.2234    19.6493 -9.990e-29
 172.495174      1.154  35.485894    16.5878    6.51467      1.144    27.2077    19.6357 -9.990e-29
 172.495179      1.146  35.429051    16.5956    6.50748      1.136    27.1541    19.5930 -9.990e-29
 172.495185      1.141  35.339126    16.6007    6.50884      1.131    27.0743    19.5307 -9.990e-29
 172.495191      1.136  35.280645    16.6012    6.50539      1.127    27.0243    19.4924 -9.990e-29
 172.495197      1.129  35.279343    16.5977    6.51662      1.120    27.0255    19.4941 -9.990e-29
 172.495203      1.126  35.313315    16.5936    6.52748      1.117    27.0571    19.5192 -9.990e-29
 172.495208      1.121  35.351634    16.5936    6.52672      1.112    27.0897    19.5441 -9.990e-29
 172.495214      1.114  35.352911    16.5997    6.51856      1.105    27.0867    19.5404 -9.990e-29
 172.495220      1.108  35.285226    16.6098    6.51136      1.099    27.0224    19.4890 -9.990e-29
 172.495226      1.105  35.176614    16.6192    6.49886      1.096    26.9239    19.4116 -9.990e-29
 172.495231      1.106  35.096389    16.6231    6.49456      1.097    26.8533    19.3566 -9.990e-29
 172.495237      1.118  35.078844    16.6183    6.50162      1.109    26.8416    19.3488 -9.990e-29
 172.495243      1.136  35.131986    16.6056    6.51048      1.127    26.8952    19.3926 -9.990e-29
 172.495249      1.153  35.250452    16.5922    6.51426      1.143    27.0047    19.4793 -9.990e-29
 172.495255      1.165  35.373601    16.5866    6.51471      1.155    27.1131    19.5635 -9.990e-29
 172.495260      1.170  35.415077    16.5902    6.50605      1.160    27.1459    19.5878 -9.990e-29
 172.495266      1.164  35.365726    16.5970    6.50669      1.154    27.0993    19.5507 -9.990e-29
 172.495272      1.154  35.293164    16.6034    6.49841      1.144    27.0334    19.4989 -9.990e-29
 172.495278      1.152  35.237424    16.6068    6.49472      1.142    26.9838    19.4602 -9.990e-29
 172.495284      1.163  35.209396    16.6017    6.50105      1.153    26.9635    19.4457 -9.990e-29
 172.495289      1.183  35.247390    16.5880    6.50881      1.173    27.0049    19.4804 -9.990e-29
 172.495295      1.206  35.352750    16.5737    6.52140      1.196    27.1040    19.5595 -9.990e-29
 172.495301      1.223  35.464733    16.5673    6.52256      1.213    27.2036    19.6371 -9.990e-29
 172.495307      1.232  35.521891    16.5710    6.50567      1.222    27.2496    19.6715 -9.990e-29
 172.495313      1.234  35.495619    16.5822    6.49601      1.224    27.2197    19.6461 -9.990e-29
 172.495318      1.227  35.403025    16.5949    6.48277      1.217    27.1324    19.5765 -9.990e-29
 172.495324      1.222  35.293868    16.6015    6.48546      1.212    27.0353    19.5007 -9.990e-29
 172.495330      1.225  35.233380    16.5981    6.49922      1.215    26.9862    19.4639 -9.990e-29
 172.495336      1.232  35.259754    16.5866    6.51165      1.222    27.0163    19.4895 -9.990e-29
 172.495341      1.241  35.356035    16.5732    6.52459      1.231    27.1072    19.5620 -9.990e-29
 172.495347      1.250  35.468995    16.5647    6.52653      1.240    27.2089    19.6418 -9.990e-29
 172.495353      1.262  35.541294    16.5656    6.52482      1.251    27.2698    19.6882 -9.990e-29
 172.495359      1.272  35.533686    16.5755    6.50808      1.261    27.2566    19.6759 -9.990e-29
 172.495365      1.277  35.448365    16.5903    6.49548      1.266    27.1740    19.6094 -9.990e-29
 172.495370      1.282  35.317882    16.6049    6.49697      1.271    27.0534    19.5138 -9.990e-29
 172.495376      1.291  35.196967    16.6118    6.50376      1.280    26.9461    19.4302 -9.990e-29
 172.495382      1.304  35.158152    16.6086    6.51426      1.293    26.9153    19.4073 -9.990e-29
 172.495388      1.322  35.199021    16.6009    6.50687      1.311    26.9551    19.4395 -9.990e-29
 172.495394      1.343  35.254689    16.5950    6.51445      1.332    27.0064    19.4800 -9.990e-29
 172.495399      1.358  35.288404    16.5945    6.48746      1.347    27.0353    19.5023 -9.990e-29
 172.495405      1.365  35.285710    16.5979    6.50285      1.354    27.0307    19.4980 -9.990e-29
 172.495411      1.369  35.254233    16.5999    6.52698      1.358    27.0027    19.4761 -9.990e-29
 172.495417      1.374  35.245060    16.5988    6.52892      1.363    26.9956    19.4709 -9.990e-29
 172.495422      1.376  35.268949    16.6014    6.52019      1.365    27.0141    19.4846 -9.990e-29
 172.495428      1.371  35.248461    16.6119    6.49580      1.360    26.9897    19.4635 -9.990e-29
 172.495434      1.363  35.150120    16.6247    6.48628      1.352    26.8977    19.3903 -9.990e-29
 172.495440      1.359  35.033388    16.6318    6.49342      1.348    26.7940    19.3094 -9.990e-29
 172.495446      1.365  34.972444    16.6299    6.50053      1.354    26.7436    19.2712 -9.990e-29
 172.495451      1.380  34.995338    16.6183    6.51387      1.368    26.7708    19.2945 -9.990e-29
 172.495457      1.401  35.111867    16.6040    6.51727      1.389    26.8791    19.3806 -9.990e-29
 172.495463      1.420  35.258813    16.6029    6.49583      1.408    27.0045    19.4769 -9.990e-29
 172.495469      1.435  35.263286    16.6165    6.48420      1.423    26.9992    19.4698 -9.990e-29
 172.495475      1.447  35.121168    16.6303    6.47197      1.435    26.8694    19.3674 -9.990e-29
 172.495480      1.456  34.999466    16.6352    6.46911      1.444    26.7630    19.2849 -9.990e-29
 172.495486      1.464  34.961812    16.6294    6.48010      1.452    26.7349    19.2647 -9.990e-29
 172.495492      1.469  34.987719    16.6149    6.47785      1.457    26.7665    19.2921 -9.990e-29
 172.495498      1.478  35.089879    16.5980    6.47906      1.466    26.8644    19.3707 -9.990e-29
 172.495503      1.495  35.259903    16.5857    6.48995      1.483    27.0170    19.4902 -9.990e-29
 172.495509      1.512  35.396594    16.5809    6.49634      1.499    27.1363    19.5826 -9.990e-29
 172.495515      1.522  35.440066    16.5795    6.49825      1.509    27.1742    19.6119 -9.990e-29
 172.495521      1.526  35.449970    16.5782    6.49979      1.513    27.1835    19.6193 -9.990e-29
 172.495527      1.524  35.458578    16.5789    6.49266      1.511    27.1904    19.6244 -9.990e-29
 172.495532      1.519  35.442062    16.5830    6.49411      1.506    27.1736    19.6106 -9.990e-29
 172.495538      1.517  35.406999    16.5906    6.49555      1.504    27.1386    19.5822 -9.990e-29
 172.495544      1.517  35.355975    16.5993    6.49194      1.504    27.0894    19.5426 -9.990e-29
 172.495550      1.518  35.292155    16.6050    6.48825      1.505    27.0314    19.4970 -9.990e-29
