data/oxygen options/ONMS/Olympic_Coast_National_Marine_Sanctuary_Hypoxia_Survey_CTD_Data_2004_2015/raw_data/2005/CTD_CE100_081605faed.cnv
* Sea-Bird SBE19 Data File:
* FileName = C:\Hypoxia Data\CE100_081605.hex
* Software Version 1.1.6
* Temperature SN = 2997
* Conductivity SN = 2997
* System UpLoad Time = Aug 16 2005 12:49:12
* SEACAT PROFILER V3.1c SN 2997   08/16/05  12:48:07.521
* strain gauge pressure sensor: S/N = 184829,  range = 3000 psia,  tc = 40
# nquan = 9                                 
# nvalues = 800                         
# units = specified
# name 0 = timeJ: Julian Days
# name 1 = prSM: Pressure, Strain Gauge [db]
# name 2 = c0mS/cm: Conductivity [mS/cm]
# name 3 = t090C: Temperature [ITS-90, deg C]
# name 4 = oxML/L: Oxygen, Beckman/YSI [ml/l]
# name 5 = depSM: Depth [salt water, m], lat = 47.5
# name 6 = sal00: Salinity, Practical [PSU]
# name 7 = sigma-é00: Density [sigma-theta, kg/m^3]
# name 8 = flag: flag
# span 0 = 228.519329, 228.523953       
# span 1 =      0.653,    103.978       
# span 2 =  12.560004,  36.692851       
# span 3 =     7.1171,    11.6609       
# span 4 =   -0.10463,   29.32046       
# span 5 =      0.648,    103.084       
# span 6 =    16.9211,    33.9555       
# span 7 =    12.7092,    26.5777       
# span 8 = 0.0000e+00, 0.0000e+00       
# interval = seconds: 0.5
# start_time = Aug 16 2005 12:27:50 [Instrument's time stamp, header]
# bad_flag = -9.990e-29
*END*
[from data line 321]
 228.521186      3.666  36.373589    11.4920    6.23168      3.635    31.9171    24.2886 -9.990e-29
 228.521192      3.648  36.380856    11.4988    6.22522      3.618    31.9184    24.2883 -9.990e-29
 228.521198      3.635  36.386901    11.5023    6.23690      3.605    31.9213    24.2899 -9.990e-29
 228.521204      3.634  36.388581    11.5027    6.25671      3.604    31.9225    24.2908 -9.990e-29
 228.521209      3.647  36.387023    11.5027    6.27074      3.617    31.9210    24.2897 -9.990e-29
 228.521215      3.659  36.386886    11.5043    6.25851      3.628    31.9195    24.2882 -9.990e-29
 228.521221      3.665  36.389677    11.5079    6.23831      3.634    31.9191    24.2872 -9.990e-29
 228.521227      3.668  36.393518    11.5120    6.23667      3.637    31.9193    24.2867 -9.990e-29
 228.521233      3.678  36.396808    11.5143    6.24399      3.647    31.9205    24.2872 -9.990e-29
 228.521238      3.699  36.398898    11.5148    6.26529      3.668    31.9221    24.2884 -9.990e-29
 228.521244      3.723  36.399218    11.5150    6.26596      3.692    31.9223    24.2884 -9.990e-29
 228.521250      3.737  36.398763    11.5152    6.25950      3.706    31.9216    24.2879 -9.990e-29
 228.521256      3.731  36.398614    11.5148    6.24343      3.700    31.9219    24.2881 -9.990e-29
 228.521262      3.714  36.398019    11.5125    6.23622      3.683    31.9233    24.2896 -9.990e-29
 228.521267      3.701  36.395633    11.5067    6.23420      3.670    31.9259    24.2928 -9.990e-29
 228.521273      3.706  36.390526    11.4981    6.22873      3.675    31.9284    24.2962 -9.990e-29
 228.521279      3.724  36.383747    11.4904    6.23401      3.693    31.9284    24.2976 -9.990e-29
 228.521285      3.739  36.378039    11.4865    6.24707      3.708    31.9262    24.2966 -9.990e-29
 228.521291      3.743  36.375330    11.4853    6.25781      3.712    31.9246    24.2956 -9.990e-29
 228.521296      3.737  36.374814    11.4845    6.25039      3.706    31.9248    24.2959 -9.990e-29
 228.521302      3.725  36.374129    11.4835    6.23406      3.694    31.9250    24.2962 -9.990e-29
 228.521308      3.714  36.372931    11.4832    6.22166      3.683    31.9241    24.2955 -9.990e-29
 228.521314      3.708  36.372993    11.4839    6.23027      3.677    31.9235    24.2950 -9.990e-29
 228.521319      3.706  36.374408    11.4844    6.24839      3.675    31.9245    24.2956 -9.990e-29
 228.521325      3.709  36.375144    11.4840    6.25098      3.678    31.9255    24.2965 -9.990e-29
 228.521331      3.712  36.374509    11.4838    6.24209      3.681    31.9251    24.2962 -9.990e-29
 228.521337      3.712  36.373908    11.4844    6.23446      3.681    31.9240    24.2953 -9.990e-29
 228.521343      3.712  36.374228    11.4847    6.22334      3.681    31.9240    24.2953 -9.990e-29
 228.521348      3.721  36.374782    11.4832    6.23055      3.690    31.9259    24.2969 -9.990e-29
 228.521354      3.744  36.374073    11.4795    6.24038      3.713    31.9284    24.2995 -9.990e-29
 228.521360      3.774  36.371165    11.4756    6.24453      3.742    31.9289    24.3006 -9.990e-29
 228.521366      3.795  36.367793    11.4741    6.24370      3.763    31.9269    24.2994 -9.990e-29
 228.521372      3.801  36.366756    11.4746    6.23143      3.769    31.9254    24.2981 -9.990e-29
 228.521377      3.797  36.367801    11.4759    6.23471      3.765    31.9253    24.2978 -9.990e-29
 228.521383      3.789  36.368964    11.4766    6.24333      3.757    31.9259    24.2981 -9.990e-29
 228.521389      3.787  36.369000    11.4755    6.24392      3.755    31.9268    24.2991 -9.990e-29
 228.521395      3.795  36.367406    11.4738    6.22584      3.763    31.9268    24.2993 -9.990e-29
 228.521400      3.808  36.365430    11.4731    6.21196      3.776    31.9254    24.2984 -9.990e-29
 228.521406      3.820  36.364367    11.4727    6.21040      3.788    31.9247    24.2979 -9.990e-29
 228.521412      3.826  36.363928    11.4709    6.22905      3.794    31.9259    24.2991 -9.990e-29
 228.521418      3.831  36.362974    11.4676    6.24719      3.799    31.9278    24.3012 -9.990e-29
 228.521424      3.840  36.360802    11.4645    6.23931      3.808    31.9283    24.3022 -9.990e-29
 228.521429      3.849  36.359570    11.4634    6.22808      3.817    31.9281    24.3022 -9.990e-29
 228.521435      3.855  36.360447    11.4637    6.21415      3.823    31.9287    24.3026 -9.990e-29
 228.521441      3.858  36.361056    11.4641    6.20820      3.826    31.9289    24.3027 -9.990e-29
 228.521447      3.857  36.360528    11.4641    6.23640      3.825    31.9284    24.3023 -9.990e-29
 228.521453      3.854  36.359648    11.4638    6.24605      3.822    31.9278    24.3019 -9.990e-29
 228.521458      3.847  36.358914    11.4638    6.24245      3.815    31.9271    24.3014 -9.990e-29
 228.521464      3.836  36.358829    11.4638    6.22784      3.804    31.9270    24.3013 -9.990e-29
 228.521470      3.826  36.358709    11.4635    6.22025      3.794    31.9271    24.3015 -9.990e-29
 228.521476      3.827  36.357819    11.4633    6.22313      3.795    31.9265    24.3010 -9.990e-29
 228.521481      3.849  36.357204    11.4635    6.24041      3.817    31.9257    24.3003 -9.990e-29
 228.521487      3.885  36.357155    11.4636    6.24727      3.853    31.9255    24.3002 -9.990e-29
 228.521493      3.919  36.357031    11.4632    6.23417      3.886    31.9257    24.3004 -9.990e-29
 228.521499      3.942  36.356656    11.4623    6.22204      3.909    31.9261    24.3009 -9.990e-29
 228.521505      3.954  36.355516    11.4613    6.22375      3.921    31.9259    24.3009 -9.990e-29
 228.521510      3.969  36.353758    11.4609    6.22709      3.936    31.9245    24.2999 -9.990e-29
 228.521516      4.001  36.352954    11.4611    6.22373      3.968    31.9235    24.2991 -9.990e-29
 228.521522      4.052  36.353702    11.4612    6.22291      4.018    31.9242    24.2996 -9.990e-29
 228.521528      4.117  36.354744    11.4609    6.20997      4.083    31.9254    24.3006 -9.990e-29
 228.521534      4.195  36.355213    11.4602    6.22565      4.160    31.9264    24.3015 -9.990e-29
 228.521539      4.296  36.355161    11.4593    6.23427      4.260    31.9271    24.3022 -9.990e-29
 228.521545      4.434  36.354509    11.4578    6.21979      4.397    31.9277    24.3030 0.0000e+00
 228.521551      4.624  36.352934    11.4557    6.21956      4.585    31.9279    24.3035 0.0000e+00
 228.521557      4.871  36.350569    11.4532    6.20329      4.830    31.9277    24.3037 0.0000e+00
 228.521562      5.176  36.348171    11.4511    6.19908      5.133    31.9270    24.3036 0.0000e+00
 228.521568      5.531  36.346454    11.4496    6.20051      5.485    31.9265    24.3035 0.0000e+00
 228.521574      5.930  36.345358    11.4471    6.17859      5.880    31.9274    24.3047 0.0000e+00
 228.521580      6.360  36.343407    11.4416    6.17438      6.307    31.9301    24.3077 0.0000e+00
 228.521586      6.809  36.338544    11.4337    6.14339      6.752    31.9320    24.3106 0.0000e+00
 228.521591      7.276  36.330998    11.4264    6.13373      7.215    31.9307    24.3110 0.0000e+00
 228.521597      7.765  36.323588    11.4210    6.15172      7.700    31.9279    24.3098 0.0000e+00
 228.521603      8.278  36.318196    11.4169    6.17618      8.209    31.9260    24.3090 0.0000e+00
 228.521609      8.812  36.314905    11.4139    6.20441      8.738    31.9251    24.3089 0.0000e+00
 228.521615      9.364  36.313235    11.4120    6.21917      9.286    31.9249    24.3091 0.0000e+00
 228.521620      9.926  36.312067    11.4101    6.19570      9.843    31.9252    24.3097 0.0000e+00
 228.521626     10.494  36.310948    11.4074    6.15997     10.406    31.9262    24.3109 0.0000e+00
 228.521632     11.068  36.309494    11.4020    6.12464     10.975    31.9292    24.3143 0.0000e+00
 228.521638     11.640  36.305749    11.3884    5.98851     11.543    31.9371    24.3228 0.0000e+00
 228.521644     12.209  36.295827    11.3535    5.78943     12.107    31.9573    24.3448 0.0000e+00
 228.521649     12.780  36.270967    11.2782    5.51207     12.673    31.9980    24.3898 0.0000e+00
 228.521655     13.361  36.214828    11.1640    5.19215     13.249    32.0418    24.4442 0.0000e+00
 228.521661     13.949  36.128798    11.0343    4.89410     13.832    32.0699    24.4889 0.0000e+00
 228.521667     14.540  36.033833    10.8911    4.62250     14.418    32.1010    24.5382 0.0000e+00
 228.521672     15.129  35.928874    10.7189    4.34705     15.002    32.1477    24.6044 0.0000e+00
 228.521678     15.713  35.802899    10.5110    4.13745     15.581    32.2052    24.6849 0.0000e+00
 228.521684     16.297  35.652183    10.2871    3.96253     16.160    32.2523    24.7595 0.0000e+00
 228.521690     16.884  35.492704    10.0890    3.85737     16.742    32.2677    24.8047 0.0000e+00
 228.521696     17.471  35.362385     9.9351    3.83048     17.324    32.2730    24.8343 0.0000e+00
 228.521701     18.054  35.272987     9.8105    3.83451     17.903    32.2935    24.8707 0.0000e+00
 228.521707     18.632  35.211782     9.7021    3.86325     18.476    32.3282    24.9155 0.0000e+00
 228.521713     19.207  35.168885     9.6112    3.92570     19.046    32.3660    24.9597 0.0000e+00
 228.521719     19.781  35.139768     9.5418    4.02953     19.615    32.3986    24.9964 0.0000e+00
 228.521725     20.357  35.125939     9.4973    4.15438     20.186    32.4244    25.0237 0.0000e+00
 228.521730     20.933  35.129113     9.4731    4.29266     20.757    32.4493    25.0470 0.0000e+00
 228.521736     21.507  35.145087     9.4559    4.40672     21.326    32.4810    25.0746 0.0000e+00
 228.521742     22.086  35.164867     9.4338    4.46258     21.900    32.5211    25.1095 0.0000e+00
 228.521748     22.673  35.176127     9.4024    4.47911     22.483    32.5610    25.1457 0.0000e+00
 228.521753     23.262  35.171441     9.3682    4.46243     23.067    32.5870    25.1715 0.0000e+00
 228.521759     23.851  35.157439     9.3367    4.44034     23.651    32.6011    25.1875 0.0000e+00
 228.521765     24.441  35.142340     9.3034    4.41254     24.236    32.6156    25.2042 0.0000e+00
 228.521771     25.030  35.126172     9.2586    4.35769     24.820    32.6396    25.2300 0.0000e+00
 228.521777     25.622  35.105298     9.1957    4.25698     25.407    32.6753    25.2679 0.0000e+00
 228.521782     26.216  35.075414     9.1210    4.13795     25.996    32.7126    25.3089 0.0000e+00
 228.521788     26.806  35.037579     9.0504    4.03344     26.581    32.7380    25.3398 0.0000e+00
 228.521794     27.392  35.000183     8.9965    3.96975     27.162    32.7485    25.3565 0.0000e+00
 228.521800     27.977  34.971640     8.9631    3.95454     27.742    32.7494    25.3623 0.0000e+00
 228.521806     28.560  34.954792     8.9456    3.95086     28.320    32.7477    25.3637 0.0000e+00
 228.521811     29.139  34.945651     8.9360    3.95162     28.894    32.7468    25.3645 0.0000e+00
 228.521817     29.718  34.939296     8.9291    3.98008     29.468    32.7463    25.3652 0.0000e+00
 228.521823     30.298  34.933966     8.9211    4.07332     30.043    32.7478    25.3677 0.0000e+00
 228.521829     30.882  34.928145     8.9045    4.24256     30.622    32.7568    25.3773 0.0000e+00
 228.521834     31.474  34.917982     8.8633    4.46332     31.209    32.7840    25.4049 0.0000e+00
 228.521840     32.076  34.894394     8.7880    4.65382     31.806    32.8288    25.4516 0.0000e+00
 228.521846     32.690  34.851145     8.6995    4.78396     32.415    32.8653    25.4938 0.0000e+00
 228.521852     33.306  34.801742     8.6284    4.85482     33.025    32.8794    25.5157 0.0000e+00
 228.521858     33.917  34.766057     8.5805    4.89281     33.631    32.8862    25.5283 0.0000e+00
 228.521863     34.519  34.744686     8.5451    4.90314     34.228    32.8964    25.5417 0.0000e+00
 228.521869     35.108  34.727607     8.5150    4.89328     34.812    32.9063    25.5540 0.0000e+00
 228.521875     35.683  34.712209     8.4876    4.87574     35.382    32.9154    25.5652 0.0000e+00
 228.521881     36.246  34.700364     8.4603    4.84319     35.940    32.9281    25.5793 0.0000e+00
 228.521887     36.798  34.689715     8.4316    4.80691     36.488    32.9434    25.5957 0.0000e+00
 228.521892     37.346  34.678378     8.4021    4.75545     37.031    32.9588    25.6122 0.0000e+00
 228.521898     37.898  34.668036     8.3708    4.68227     37.578    32.9770    25.6311 0.0000e+00
 228.521904     38.459  34.659457     8.3362    4.58885     38.134    33.0001    25.6544 0.0000e+00
 228.521910     39.027  34.652958     8.2998    4.49237     38.698    33.0271    25.6810 0.0000e+00
 228.521916     39.599  34.648823     8.2661    4.37120     39.265    33.0541    25.7073 0.0000e+00
 228.521921     40.178  34.647125     8.2367    4.23608     39.839    33.0798    25.7317 0.0000e+00
 228.521927     40.758  34.647820     8.2088    4.09347     40.414    33.1065    25.7569 0.0000e+00
 228.521933     41.328  34.649574     8.1805    3.94798     40.979    33.1348    25.7833 0.0000e+00
 228.521939     41.886  34.650782     8.1515    3.82242     41.532    33.1632    25.8099 0.0000e+00
 228.521944     42.430  34.651916     8.1233    3.70225     42.072    33.1909    25.8357 0.0000e+00
 228.521950     42.956  34.654467     8.1034    3.60003     42.593    33.2122    25.8554 0.0000e+00
 228.521956     43.467  34.657894     8.0954    3.47038     43.100    33.2232    25.8652 0.0000e+00
 228.521962     43.970  34.660022     8.0842    3.34950     43.598    33.2359    25.8768 0.0000e+00
 228.521968     44.475  34.659746     8.0577    3.22114     44.099    33.2605    25.9000 0.0000e+00
 228.521973     44.994  34.657807     8.0245    3.12122     44.614    33.2897    25.9278 0.0000e+00
 228.521979     45.530  34.654411     7.9938    3.05928     45.145    33.3151    25.9522 0.0000e+00
 228.521985     46.077  34.648932     7.9658    3.02275     45.687    33.3356    25.9725 0.0000e+00
 228.521991     46.633  34.641893     7.9385    3.00514     46.239    33.3539    25.9908 0.0000e+00
 228.521997     47.199  34.633981     7.9124    2.98215     46.800    33.3701    26.0073 0.0000e+00
 228.522002     47.773  34.625279     7.8920    2.96429     47.369    33.3800    26.0181 0.0000e+00
 228.522008     48.347  34.618181     7.8740    2.94676     47.938    33.3893    26.0280 0.0000e+00
 228.522014     48.912  34.611612     7.8455    2.92498     48.498    33.4093    26.0479 0.0000e+00
 228.522020     49.456  34.599598     7.8101    2.91001     49.037    33.4300    26.0693 0.0000e+00
 228.522025     49.981  34.585164     7.7851    2.89639     49.558    33.4383    26.0794 0.0000e+00
 228.522031     50.493  34.576513     7.7711    2.88048     50.065    33.4422    26.0845 0.0000e+00
 228.522037     50.996  34.572181     7.7490    2.88270     50.564    33.4585    26.1005 0.0000e+00
 228.522043     51.491  34.563011     7.7061    2.90996     51.055    33.4896    26.1311 0.0000e+00
 228.522049     51.989  34.544609     7.6537    2.97764     51.549    33.5200    26.1625 0.0000e+00
 228.522054     52.496  34.522696     7.6091    3.10684     52.051    33.5391    26.1839 0.0000e+00
 228.522060     53.005  34.505030     7.5763    3.26775     52.556    33.5515    26.1983 0.0000e+00
 228.522066     53.515  34.493259     7.5502    3.45216     53.061    33.5637    26.2116 0.0000e+00
 228.522072     54.037  34.485118     7.5267    3.62691     53.579    33.5774    26.2257 0.0000e+00
 228.522078     54.578  34.478706     7.5057    3.76550     54.115    33.5905    26.2390 0.0000e+00
 228.522083     55.134  34.473304     7.4863    3.87630     54.667    33.6032    26.2517 0.0000e+00
 228.522089     55.702  34.468418     7.4678    3.93231     55.230    33.6156    26.2641 0.0000e+00
 228.522095     56.281  34.463682     7.4521    3.96479     55.804    33.6254    26.2740 0.0000e+00
 228.522101     56.863  34.459490     7.4402    3.97231     56.381    33.6321    26.2810 0.0000e+00
