data/oxygen options/ONMS/Olympic_Coast_National_Marine_Sanctuary_Hypoxia_Survey_CTD_Data_2004_2015/raw_data/2005/CTD_TH60_083105faed.cnv
* Sea-Bird SBE19 Data File:
* FileName = C:\hypoxia CTD data\TH60_083105.hex
* Software Version 1.1.5
* Temperature SN = 2997
* Conductivity SN = 2997
* System UpLoad Time = Aug 31 2005 15:38:50
** Teahwhit Head 083105 60m
* SEACAT PROFILER V3.1c SN 2997   08/31/05  15:34:37.106
# nquan = 9                                 
# nvalues = 716                         
# units = specified
# name 0 = timeJ: Julian Days
# name 1 = prSM: Pressure, Strain Gauge [db]
# name 2 = c0mS/cm: Conductivity [mS/cm]
# name 3 = t090C: Temperature [ITS-90, deg C]
# name 4 = oxML/L: Oxygen, Beckman/YSI [ml/l]
# name 5 = depSM: Depth [salt water, m], lat = 47.5
# name 6 = sal00: Salinity, Practical [PSU]
# name 7 = sigma-é00: Density [sigma-theta, kg/m^3]
# name 8 = flag: flag
# span 0 = 243.472153, 243.476291       
# span 1 =     -3.317,     62.281       
# span 2 =   1.167887,  38.382728       
# span 3 =     7.4823,    13.4744       
# span 4 =   -0.10021,   26.45859       
# span 5 =     -3.289,     61.752       
# span 6 =     0.7665,    33.7295       
# span 7 =    -0.0294,    26.3517       
# span 8 = 0.0000e+00, 0.0000e+00       
# interval = seconds: 0.5
# start_time = Aug 31 2005 11:19:54 [Instrument's time stamp, header]
# bad_flag = -9.990e-29
*END*
[from data line 321]
 243.474010      2.353  38.218316    13.2894    7.31806      2.333    32.1463    24.1261 -9.990e-29
 243.474016      2.359  38.210955    13.2834    7.30019      2.339    32.1444    24.1259 -9.990e-29
 243.474022      2.364  38.202566    13.2770    7.29177      2.344    32.1420    24.1252 -9.990e-29
 243.474028      2.365  38.195994    13.2729    7.29660      2.345    32.1393    24.1240 -9.990e-29
 243.474034      2.367  38.194263    13.2675    7.31105      2.347    32.1422    24.1273 -9.990e-29
 243.474039      2.373  38.189468    13.2575    7.30842      2.353    32.1462    24.1324 -9.990e-29
 243.474045      2.384  38.176345    13.2491    7.30834      2.364    32.1410    24.1300 -9.990e-29
 243.474051      2.397  38.166012    13.2493    7.31442      2.377    32.1311    24.1223 -9.990e-29
 243.474057      2.408  38.166010    13.2576    7.32800      2.388    32.1241    24.1153 -9.990e-29
 243.474063      2.417  38.174102    13.2693    7.34411      2.397    32.1218    24.1112 -9.990e-29
 243.474068      2.426  38.187066    13.2796    7.33253      2.406    32.1252    24.1118 -9.990e-29
 243.474074      2.435  38.198642    13.2843    7.32608      2.415    32.1321    24.1162 -9.990e-29
 243.474080      2.440  38.202405    13.2859    7.33336      2.420    32.1343    24.1175 -9.990e-29
 243.474086      2.437  38.202822    13.2895    7.34369      2.417    32.1316    24.1148 -9.990e-29
 243.474091      2.430  38.206628    13.2953    7.36467      2.410    32.1303    24.1126 -9.990e-29
 243.474097      2.428  38.213298    13.2998    7.36368      2.408    32.1328    24.1136 -9.990e-29
 243.474103      2.429  38.218277    13.2995    7.36696      2.409    32.1377    24.1174 -9.990e-29
 243.474109      2.427  38.217557    13.2983    7.37213      2.407    32.1380    24.1179 -9.990e-29
 243.474115      2.421  38.216359    13.3060    7.37623      2.401    32.1304    24.1105 -9.990e-29
 243.474120      2.418  38.224314    13.3214    7.38309      2.398    32.1248    24.1032 -9.990e-29
 243.474126      2.423  38.239138    13.3302    7.37446      2.403    32.1313    24.1064 -9.990e-29
 243.474132      2.436  38.245271    13.3280    7.35946      2.416    32.1389    24.1127 -9.990e-29
 243.474138      2.454  38.240251    13.3251    7.36852      2.434    32.1366    24.1115 -9.990e-29
 243.474144      2.470  38.237587    13.3265    7.37605      2.449    32.1329    24.1084 -9.990e-29
 243.474149      2.479  38.241024    13.3292    7.38330      2.458    32.1339    24.1086 -9.990e-29
 243.474155      2.484  38.245620    13.3307    7.38500      2.463    32.1369    24.1107 -9.990e-29
 243.474161      2.483  38.248539    13.3311    7.37606      2.462    32.1393    24.1124 -9.990e-29
 243.474167      2.478  38.249758    13.3315    7.36531      2.457    32.1401    24.1130 -9.990e-29
 243.474172      2.471  38.250352    13.3332    7.36389      2.450    32.1392    24.1120 -9.990e-29
 243.474178      2.472  38.251683    13.3363    7.35456      2.451    32.1378    24.1103 -9.990e-29
 243.474184      2.479  38.254417    13.3390    7.35123      2.458    32.1381    24.1100 -9.990e-29
 243.474190      2.485  38.256598    13.3391    7.35297      2.464    32.1401    24.1114 -9.990e-29
 243.474196      2.486  38.256096    13.3360    7.34759      2.465    32.1422    24.1137 -9.990e-29
 243.474201      2.487  38.252254    13.3305    7.35473      2.466    32.1433    24.1156 -9.990e-29
 243.474207      2.492  38.246127    13.3218    7.35552      2.471    32.1449    24.1186 -9.990e-29
 243.474213      2.501  38.236849    13.3115    7.35873      2.480    32.1449    24.1207 -9.990e-29
 243.474219      2.514  38.224958    13.3075    7.35317      2.493    32.1371    24.1154 -9.990e-29
 243.474225      2.529  38.221530    13.3119    7.36618      2.508    32.1302    24.1092 -9.990e-29
 243.474230      2.541  38.228730    13.3163    7.38860      2.520    32.1332    24.1107 -9.990e-29
 243.474236      2.552  38.233735    13.3161    7.40209      2.531    32.1381    24.1145 -9.990e-29
 243.474242      2.563  38.232571    13.3142    7.41767      2.542    32.1386    24.1152 -9.990e-29
 243.474248      2.574  38.229307    13.3163    7.41048      2.553    32.1338    24.1111 -9.990e-29
 243.474253      2.585  38.228573    13.3252    7.40500      2.563    32.1255    24.1030 -9.990e-29
 243.474259      2.598  38.235010    13.3381    7.40843      2.576    32.1207    24.0967 -9.990e-29
 243.474265      2.609  38.247488    13.3511    7.39741      2.587    32.1214    24.0946 -9.990e-29
 243.474271      2.614  38.261338    13.3604    7.39026      2.592    32.1265    24.0967 -9.990e-29
 243.474277      2.618  38.271840    13.3624    7.36940      2.596    32.1346    24.1026 -9.990e-29
 243.474282      2.626  38.275035    13.3585    7.35723      2.604    32.1409    24.1082 -9.990e-29
 243.474288      2.638  38.269937    13.3505    7.36356      2.616    32.1429    24.1113 -9.990e-29
 243.474294      2.654  38.257023    13.3402    7.38656      2.632    32.1395    24.1108 -9.990e-29
 243.474300      2.677  38.243179    13.3340    7.40103      2.655    32.1318    24.1060 -9.990e-29
 243.474306      2.702  38.238532    13.3356    7.41218      2.679    32.1260    24.1013 -9.990e-29
 243.474311      2.724  38.242480    13.3419    7.43078      2.701    32.1244    24.0988 -9.990e-29
 243.474317      2.743  38.250735    13.3481    7.43163      2.720    32.1269    24.0995 -9.990e-29
 243.474323      2.774  38.259147    13.3528    7.44375      2.751    32.1308    24.1015 -9.990e-29
 243.474329      2.831  38.263216    13.3589    7.40145      2.807    32.1294    24.0993 -9.990e-29
 243.474334      2.922  38.267792    13.3649    7.35182      2.898    32.1286    24.0975 -9.990e-29
 243.474340      3.048  38.273917    13.3634    7.31514      3.023    32.1355    24.1031 0.0000e+00
 243.474346      3.210  38.272355    13.3477    7.26751      3.183    32.1473    24.1153 0.0000e+00
 243.474352      3.413  38.255964    13.3100    7.25029      3.384    32.1637    24.1355 0.0000e+00
 243.474358      3.666  38.219700    13.2519    7.20900      3.635    32.1787    24.1587 0.0000e+00
 243.474363      3.963  38.171283    13.1935    7.15293      3.930    32.1827    24.1733 0.0000e+00
 243.474369      4.289  38.131386    13.1462    7.10123      4.253    32.1851    24.1845 0.0000e+00
 243.474375      4.640  38.105116    13.0969    7.04183      4.601    32.2021    24.2073 0.0000e+00
 243.474381      5.020  38.079291    13.0342    7.01692      4.978    32.2309    24.2419 0.0000e+00
 243.474387      5.432  38.047499    12.9565    7.01168      5.387    32.2669    24.2850 0.0000e+00
 243.474392      5.870  38.011636    12.8617    7.01606      5.821    32.3138    24.3398 0.0000e+00
 243.474398      6.321  37.968727    12.7499    7.03372      6.268    32.3687    24.4040 0.0000e+00
 243.474404      6.785  37.916492    12.6278    7.04269      6.728    32.4238    24.4702 0.0000e+00
 243.474410      7.261  37.858162    12.5087    7.05116      7.200    32.4707    24.5294 0.0000e+00
 243.474416      7.750  37.799495    12.4084    7.07659      7.685    32.5012    24.5722 0.0000e+00
 243.474421      8.252  37.748038    12.3322    7.10034      8.183    32.5177    24.5995 0.0000e+00
 243.474427      8.762  37.707491    12.2700    7.12172      8.689    32.5326    24.6228 0.0000e+00
 243.474433      9.274  37.671989    12.2119    7.11114      9.196    32.5488    24.6463 0.0000e+00
 243.474439      9.785  37.636231    12.1612    7.08538      9.703    32.5583    24.6633 0.0000e+00
 243.474444     10.294  37.604670    12.1213    7.05825     10.208    32.5624    24.6740 0.0000e+00
 243.474450     10.800  37.580063    12.0840    7.02302     10.710    32.5710    24.6877 0.0000e+00
 243.474456     11.305  37.555376    12.0371    6.99968     11.210    32.5879    24.7096 0.0000e+00
 243.474462     11.815  37.522344    11.9752    6.98189     11.716    32.6099    24.7382 0.0000e+00
 243.474468     12.332  37.479528    11.9034    6.97630     12.229    32.6311    24.7680 0.0000e+00
 243.474473     12.860  37.432066    11.8321    6.97734     12.752    32.6474    24.7939 0.0000e+00
 243.474479     13.398  37.386747    11.7704    6.99980     13.286    32.6573    24.8130 0.0000e+00
 243.474485     13.937  37.348733    11.7242    7.01610     13.820    32.6607    24.8242 0.0000e+00
 243.474491     14.478  37.323947    11.6922    7.05233     14.357    32.6645    24.8330 0.0000e+00
 243.474497     15.026  37.311843    11.6678    7.14246     14.900    32.6740    24.8448 0.0000e+00
 243.474502     15.576  37.304108    11.6481    7.26726     15.445    32.6836    24.8559 0.0000e+00
 243.474508     16.125  37.299940    11.6323    7.33101     15.990    32.6932    24.8663 0.0000e+00
 243.474514     16.675  37.302175    11.6153    7.33121     16.535    32.7102    24.8826 0.0000e+00
 243.474520     17.220  37.302558    11.5919    7.19503     17.076    32.7310    24.9030 0.0000e+00
 243.474525     17.759  37.293166    11.5629    6.96923     17.610    32.7472    24.9209 0.0000e+00
 243.474531     18.290  37.277160    11.5250    6.73554     18.137    32.7649    24.9416 0.0000e+00
 243.474537     18.817  37.253930    11.4556    6.46290     18.659    32.8034    24.9842 0.0000e+00
 243.474543     19.350  37.205380    11.3095    6.21856     19.188    32.8855    25.0744 0.0000e+00
 243.474549     19.891  37.098160    11.0443    5.95445     19.724    33.0168    25.2240 0.0000e+00
 243.474554     20.440  36.896399    10.7094    5.70245     20.268    33.1182    25.3620 0.0000e+00
 243.474560     20.995  36.640588    10.4278    5.47233     20.819    33.1175    25.4101 0.0000e+00
 243.474566     21.548  36.437620    10.2316    5.24235     21.367    33.0915    25.4234 0.0000e+00
 243.474572     22.096  36.305003    10.0658    5.02594     21.910    33.1086    25.4647 0.0000e+00
 243.474578     22.639  36.188086     9.8935    4.79408     22.449    33.1476    25.5239 0.0000e+00
 243.474583     23.173  36.059341     9.7100    4.59242     22.978    33.1849    25.5834 0.0000e+00
 243.474589     23.694  35.919199     9.5210    4.39085     23.495    33.2157    25.6383 0.0000e+00
 243.474595     24.206  35.777562     9.3260    4.21897     24.003    33.2506    25.6970 0.0000e+00
 243.474601     24.710  35.636162     9.1319    4.09382     24.502    33.2849    25.7548 0.0000e+00
 243.474606     25.205  35.496479     8.9593    3.98683     24.993    33.3008    25.7945 0.0000e+00
 243.474612     25.692  35.372371     8.8204    3.90264     25.476    33.3013    25.8166 0.0000e+00
 243.474618     26.173  35.274353     8.7139    3.84249     25.953    33.2985    25.8309 0.0000e+00
 243.474624     26.639  35.200071     8.6383    3.78332     26.415    33.2915    25.8370 0.0000e+00
 243.474630     27.086  35.148549     8.5883    3.72494     26.858    33.2842    25.8389 0.0000e+00
 243.474635     27.525  35.116651     8.5433    3.66325     27.293    33.2929    25.8526 0.0000e+00
 243.474641     27.976  35.085367     8.4813    3.58849     27.741    33.3182    25.8819 0.0000e+00
 243.474647     28.447  35.037071     8.3992    3.51189     28.208    33.3447    25.9150 0.0000e+00
 243.474653     28.923  34.973499     8.3088    3.46150     28.680    33.3628    25.9429 0.0000e+00
 243.474659     29.397  34.905724     8.2229    3.44068     29.150    33.3723    25.9631 0.0000e+00
 243.474664     29.879  34.842573     8.1475    3.43662     29.627    33.3767    25.9777 0.0000e+00
 243.474670     30.368  34.788947     8.0808    3.46060     30.112    33.3829    25.9925 0.0000e+00
 243.474676     30.861  34.744508     8.0224    3.48251     30.601    33.3909    26.0074 0.0000e+00
 243.474682     31.370  34.707713     7.9784    3.51664     31.106    33.3934    26.0158 0.0000e+00
 243.474687     31.891  34.681052     7.9513    3.53834     31.622    33.3905    26.0175 0.0000e+00
 243.474693     32.411  34.665387     7.9360    3.55291     32.138    33.3881    26.0179 0.0000e+00
 243.474699     32.928  34.656625     7.9261    3.56216     32.651    33.3880    26.0192 0.0000e+00
 243.474705     33.451  34.650353     7.9162    3.56804     33.169    33.3905    26.0226 0.0000e+00
 243.474711     33.978  34.644357     7.9026    3.57488     33.692    33.3968    26.0296 0.0000e+00
 243.474716     34.496  34.637353     7.8835    3.58109     34.205    33.4073    26.0406 0.0000e+00
 243.474722     34.999  34.628393     7.8601    3.59897     34.704    33.4199    26.0539 0.0000e+00
 243.474728     35.490  34.618966     7.8326    3.62908     35.191    33.4359    26.0704 0.0000e+00
 243.474734     35.965  34.609938     7.7966    3.66741     35.662    33.4605    26.0950 0.0000e+00
 243.474740     36.430  34.598782     7.7530    3.69489     36.123    33.4902    26.1246 0.0000e+00
 243.474745     36.891  34.585178     7.7124    3.71688     36.580    33.5144    26.1495 0.0000e+00
 243.474751     37.353  34.572830     7.6838    3.71932     37.038    33.5284    26.1646 0.0000e+00
 243.474757     37.820  34.564869     7.6656    3.71020     37.501    33.5371    26.1741 0.0000e+00
 243.474763     38.292  34.560749     7.6515    3.69313     37.969    33.5461    26.1831 0.0000e+00
 243.474769     38.764  34.557762     7.6387    3.66810     38.437    33.5550    26.1919 0.0000e+00
 243.474774     39.236  34.554710     7.6275    3.65504     38.905    33.5623    26.1993 0.0000e+00
 243.474780     39.709  34.551989     7.6177    3.63308     39.374    33.5686    26.2056 0.0000e+00
 243.474786     40.182  34.549319     7.6087    3.60573     39.843    33.5742    26.2113 0.0000e+00
 243.474792     40.665  34.546484     7.6004    3.56230     40.322    33.5789    26.2162 0.0000e+00
 243.474797     41.158  34.544736     7.5934    3.48135     40.810    33.5835    26.2209 0.0000e+00
 243.474803     41.659  34.545090     7.5872    3.40528     41.307    33.5897    26.2266 0.0000e+00
 243.474809     42.174  34.547441     7.5807    3.31020     41.818    33.5982    26.2343 0.0000e+00
 243.474815     42.696  34.551543     7.5733    3.22295     42.335    33.6096    26.2442 0.0000e+00
 243.474821     43.213  34.557806     7.5645    3.15703     42.848    33.6246    26.2573 0.0000e+00
 243.474826     43.718  34.565033     7.5554    3.10246     43.349    33.6410    26.2715 0.0000e+00
 243.474832     44.210  34.571071     7.5485    3.06305     43.836    33.6540    26.2827 0.0000e+00
 243.474838     44.690  34.577229     7.5448    3.04154     44.312    33.6640    26.2911 0.0000e+00
 243.474844     45.159  34.584412     7.5440    3.02894     44.777    33.6723    26.2978 0.0000e+00
 243.474850     45.617  34.590411     7.5442    3.02040     45.231    33.6784    26.3025 0.0000e+00
 243.474855     46.071  34.593679     7.5432    3.02368     45.681    33.6827    26.3060 0.0000e+00
 243.474861     46.528  34.594633     7.5402    3.03336     46.134    33.6864    26.3094 0.0000e+00
 243.474867     46.993  34.594530     7.5362    3.03352     46.595    33.6899    26.3128 0.0000e+00
 243.474873     47.465  34.594341     7.5323    3.03283     47.063    33.6933    26.3160 0.0000e+00
 243.474878     47.944  34.594358     7.5287    3.03146     47.538    33.6966    26.3191 0.0000e+00
 243.474884     48.435  34.594589     7.5254    3.03478     48.025    33.6998    26.3221 0.0000e+00
 243.474890     48.935  34.594765     7.5218    3.04105     48.521    33.7032    26.3253 0.0000e+00
 243.474896     49.437  34.594544     7.5182    3.04269     49.019    33.7062    26.3282 0.0000e+00
 243.474902     49.940  34.594177     7.5153    3.04677     49.517    33.7084    26.3303 0.0000e+00
 243.474907     50.436  34.593717     7.5133    3.05517     50.009    33.7096    26.3316 0.0000e+00
 243.474913     50.919  34.593098     7.5118    3.05112     50.488    33.7102    26.3322 0.0000e+00
 243.474919     51.390  34.592598     7.5106    3.04900     50.955    33.7106    26.3327 0.0000e+00
 243.474925     51.853  34.592096     7.5092    3.03634     51.414    33.7112    26.3334 0.0000e+00
