data/oxygen options/ONMS/Olympic_Coast_National_Marine_Sanctuary_Hypoxia_Survey_CTD_Data_2004_2015/raw_data/2005/CTD_TH50_070705faedb.cnv
* Sea-Bird SBE19 Data File:
* FileName = C:\Hypoxia Data\TH50_070705.hex
* Software Version 1.1.6
* Temperature SN = 2997
* Conductivity SN = 2997
* System UpLoad Time = Jul 07 2005 10:15:21
* SEACAT PROFILER V3.1c SN 2997   07/07/05  10:14:44.998
* strain gauge pressure sensor: S/N = 184829,  range = 3000 psia,  tc = 40
# nquan = 9
# nvalues = 48                          
# units = specified
# name 0 = timeJ: Julian Days
# name 1 = prSM: Pressure, Strain Gauge [db]
# name 2 = c0mS/cm: Conductivity [mS/cm]
# name 3 = t090C: Temperature [ITS-90, deg C]
# name 4 = oxML/L: Oxygen, Beckman/YSI [ml/l]
# name 5 = depSM: Depth [salt water, m], lat = 47.5
# name 6 = sal00: Salinity, Practical [PSU]
# name 7 = sigma-é00: Density [sigma-theta, kg/m^3]
# name 8 = flag: flag
# span 0 = 188.424816, 188.425423       
# span 1 =      4.000,     51.000       
# span 2 =  34.892400,  38.767607       
# span 3 =     8.2300,    14.5891       
# span 4 =    3.36252,    8.45680       
# span 5 =      3.966,     50.568       
# span 6 =    31.5746,    33.3478       
# span 7 =    23.4197,    25.9421       
# span 8 = 0.0000e+00, 0.0000e+00       
# interval = decibars: 1                
# start_time = Jul 07 2005 10:08:26 [Instrument's time stamp, header]
# bad_flag = -9.990e-29
*END*
 188.424816      4.000  38.767607    14.5891    8.45680      3.966    31.5746    23.4197 0.0000e+00
 188.424836      5.000  38.586336    14.1790    8.21183      4.958    31.7445    23.6360 0.0000e+00
 188.424850      6.000  38.292258    13.7428    7.91320      5.950    31.8338    23.7939 0.0000e+00
 188.424862      7.000  38.061383    13.5085    7.72854      6.941    31.8141    23.8258 0.0000e+00
 188.424874      8.000  37.952746    13.4173    7.65306      7.933    31.7886    23.8243 0.0000e+00
 188.424886      9.000  37.918186    13.3886    7.60430      8.925    31.7799    23.8233 0.0000e+00
 188.424898     10.000  37.901501    13.3732    7.61605      9.917    31.7768    23.8240 0.0000e+00
 188.424909     11.000  37.891195    13.3627    7.59079     10.908    31.7755    23.8251 0.0000e+00
 188.424920     12.000  37.882006    13.3420    7.42669     11.899    31.7838    23.8357 0.0000e+00
 188.424931     13.000  37.860263    13.2918    7.08996     12.891    31.8050    23.8620 0.0000e+00
 188.424943     14.000  37.816098    13.1723    6.56687     13.883    31.8634    23.9307 0.0000e+00
 188.424954     15.000  37.703424    12.9190    6.08445     14.874    31.9703    24.0629 0.0000e+00
 188.424965     16.000  37.494705    12.5118    5.72480     15.866    32.1180    24.2555 0.0000e+00
 188.424977     17.000  37.180416    11.9957    5.48447     16.857    32.2595    24.4626 0.0000e+00
 188.424988     18.000  36.862584    11.6147    5.43489     17.849    32.2816    24.5499 0.0000e+00
 188.424998     19.000  36.710148    11.4219    5.39852     18.840    32.3005    24.5994 0.0000e+00
 188.425010     20.000  36.608827    11.3153    5.33038     19.832    32.2941    24.6136 0.0000e+00
 188.425020     21.000  36.557850    11.2523    5.21513     20.823    32.2988    24.6285 0.0000e+00
 188.425032     22.000  36.503586    11.1200    5.03977     21.815    32.3610    24.7004 0.0000e+00
 188.425043     23.000  36.384842    10.9356    4.91437     22.807    32.4059    24.7678 0.0000e+00
 188.425054     24.000  36.268575    10.7834    4.76190     23.798    32.4248    24.8091 0.0000e+00
 188.425065     25.000  36.177579    10.6791    4.56994     24.790    32.4263    24.8284 0.0000e+00
 188.425076     26.000  36.107481    10.5865    4.32914     25.781    32.4383    24.8537 0.0000e+00
 188.425087     27.000  36.026345    10.4569    4.07605     26.773    32.4721    24.9022 0.0000e+00
 188.425098     28.000  35.883758    10.2956    3.96161     27.764    32.4726    24.9300 0.0000e+00
 188.425109     29.000  35.779043    10.2246    3.97356     28.756    32.4303    24.9089 0.0000e+00
 188.425120     30.000  35.757705    10.1981    3.91228     29.747    32.4319    24.9148 0.0000e+00
 188.425129     31.000  35.727927    10.1271    3.80795     30.739    32.4651    24.9525 0.0000e+00
 188.425140     32.000  35.672142     9.9760    3.67994     31.730    32.5440    25.0392 0.0000e+00
 188.425150     33.000  35.560468     9.7213    3.55654     32.722    32.6603    25.1719 0.0000e+00
 188.425161     34.000  35.439723     9.5130    3.50739     33.713    32.7259    25.2571 0.0000e+00
 188.425172     35.000  35.374211     9.3743    3.45949     34.705    32.7849    25.3254 0.0000e+00
 188.425183     36.000  35.308959     9.2293    3.40003     35.697    32.8504    25.3997 0.0000e+00
 188.425194     37.000  35.252863     9.1178    3.36252     36.688    32.8947    25.4519 0.0000e+00
 188.425206     38.000  35.204376     9.0009    3.38676     37.679    32.9520    25.5152 0.0000e+00
 188.425217     39.000  35.153313     8.8800    3.43849     38.671    33.0106    25.5799 0.0000e+00
 188.425228     40.000  35.117401     8.8196    3.46359     39.662    33.0289    25.6036 0.0000e+00
 188.425240     41.000  35.107303     8.7922    3.48221     40.654    33.0433    25.6191 0.0000e+00
 188.425251     42.000  35.093190     8.7329    3.47042     41.645    33.0836    25.6598 0.0000e+00
 188.425263     43.000  35.067059     8.6726    3.44190     42.637    33.1121    25.6914 0.0000e+00
 188.425276     44.000  35.045551     8.5721    3.46022     43.628    33.1833    25.7626 0.0000e+00
 188.425289     45.000  34.987701     8.4355    3.46008     44.619    33.2505    25.8359 0.0000e+00
 188.425302     46.000  34.959035     8.3808    3.46203     45.611    33.2714    25.8606 0.0000e+00
 188.425315     47.000  34.949163     8.3541    3.44566     46.602    33.2857    25.8759 0.0000e+00
 188.425330     48.000  34.943694     8.3337    3.44378     47.594    33.2987    25.8891 0.0000e+00
 188.425344     49.000  34.923291     8.2697    3.43288     48.585    33.3373    25.9290 0.0000e+00
 188.425361     50.000  34.904059     8.2367    3.43844     49.576    33.3478    25.9421 0.0000e+00
 188.425423     51.000  34.892400     8.2300    3.47024     50.568    33.3413    25.9380 0.0000e+00
