data/oxygen options/ONMS/Olympic_Coast_National_Marine_Sanctuary_Hypoxia_Survey_CTD_Data_2004_2015/raw_data/2005/CTD_TH80_062205faedb.cnv
* Sea-Bird SBE19 Data File:
* FileName = C:\hypoxia CTD data\TH80_062205.hex
* Software Version 1.1.5
* Temperature SN = 2997
* Conductivity SN = 2997
* System UpLoad Time = Jun 22 2005 13:24:02
* SEACAT PROFILER V3.1c SN 2997   06/22/05  13:23:42.690
* strain gauge pressure sensor: S/N = 184829,  range = 3000 psia,  tc = 40
# nquan = 9
# nvalues = 78                          
# units = specified
# name 0 = timeJ: Julian Days
# name 1 = prSM: Pressure, Strain Gauge [db]
# name 2 = c0mS/cm: Conductivity [mS/cm]
# name 3 = t090C: Temperature [ITS-90, deg C]
# name 4 = oxML/L: Oxygen, Beckman/YSI [ml/l]
# name 5 = depSM: Depth [salt water, m], lat = 47.5
# name 6 = sal00: Salinity, Practical [PSU]
# name 7 = sigma-é00: Density [sigma-theta, kg/m^3]
# name 8 = flag: flag
# span 0 = 171.886566, 173.555257       
# span 1 =      3.000,     82.000       
# span 2 =  34.470329,  38.451289       
# span 3 =     7.8670,    15.2101       
# span 4 =    2.66363,    8.03295       
# span 5 =      2.975,     81.299       
# span 6 =    30.7905,    33.5644       
# span 7 =    22.6876,    26.1651       
# span 8 = 0.0000e+00, 0.0000e+00       
# interval = decibars: 1                
# start_time = Jun 22 2005 13:10:59 [Instrument's time stamp, header]
# bad_flag = -9.990e-29
*END*
 173.551466      3.000  38.451289    15.2101    7.17544      2.975    30.7945    22.6876 0.0000e+00
 173.551493      4.000  38.446300    15.1999    7.19714      3.966    30.7977    22.6922 0.0000e+00
 173.551521      5.000  38.433587    15.1929    7.19649      4.958    30.7915    22.6889 0.0000e+00
 173.551803      6.000  38.338970    15.0859    7.20648      5.950    30.7907    22.7112 0.0000e+00
 173.551887      7.000  38.287737    15.0170    7.21108      6.941    30.7988    22.7321 0.0000e+00
 173.551903      8.000  38.241512    14.9745    7.19808      7.933    30.7905    22.7348 0.0000e+00
 173.551920      9.000  38.206781    14.9237    7.22964      8.925    30.7991    22.7521 0.0000e+00
 173.551942     10.000  38.175007    14.8973    7.23396      9.916    30.7910    22.7516 0.0000e+00
 173.551973     11.000  38.180408    14.9014    7.22524     10.908    30.7923    22.7517 0.0000e+00
 173.551999     12.000  38.157445    14.8595    7.21024     11.900    30.8044    22.7699 0.0000e+00
 173.552228     13.000  38.094339    14.7869    7.20719     12.891    30.8046    22.7854 0.0000e+00
 173.552301     14.000  38.016804    14.6365    7.23185     13.882    30.8535    22.8545 0.0000e+00
 173.552319     15.000  37.880148    14.3766    7.21610     14.874    30.9362    22.9722 0.0000e+00
 173.552333     16.000  37.732159    14.0833    7.35041     15.866    31.0363    23.1096 0.0000e+00
 173.552348     17.000  37.536428    13.6516    7.07431     16.857    31.2054    23.3273 0.0000e+00
 173.552361     18.000  37.320575    13.2725    6.71403     17.849    31.3150    23.4871 0.0000e+00
 173.552376     19.000  37.011790    12.5212    6.55794     18.841    31.6488    23.8904 0.0000e+00
 173.552391     20.000  36.379460    11.7489    6.45076     19.832    31.6957    24.0707 0.0000e+00
 173.552410     21.000  35.978959    11.3291    6.56106     20.824    31.6647    24.1222 0.0000e+00
 173.552755     22.000  35.582693    10.8833    7.66312     21.815    31.6581    24.1947 0.0000e+00
 173.552873     23.000  35.403428    10.6784    8.03295     22.807    31.6576    24.2299 0.0000e+00
 173.552907     24.000  35.392713    10.6554    7.98082     23.798    31.6665    24.2408 0.0000e+00
 173.552922     25.000  35.317253    10.5072    7.39680     24.790    31.7196    24.3074 0.0000e+00
 173.552935     26.000  35.239514    10.3915    6.93001     25.782    31.7424    24.3447 0.0000e+00
 173.552947     27.000  35.149218    10.2076    6.51045     26.773    31.8124    24.4301 0.0000e+00
 173.552959     28.000  35.012765    10.0008    6.26106     27.765    31.8562    24.4984 0.0000e+00
 173.552972     29.000  34.885252     9.8346    6.13310     28.756    31.8735    24.5391 0.0000e+00
 173.552986     30.000  34.838317     9.7655    6.17288     29.747    31.8865    24.5606 0.0000e+00
 173.553005     31.000  34.843570     9.7669    6.23504     30.739    31.8902    24.5632 0.0000e+00
 171.886566     33.000  34.470329     9.5144    5.37764     32.722    31.6845    24.4315 0.0000e+00
 173.553358     34.000  34.801388     9.5789    5.34523     33.713    32.0130    24.6894 0.0000e+00
 173.553372     35.000  34.793084     9.5460    5.24990     34.705    32.0334    24.7106 0.0000e+00
 173.553384     36.000  34.790944     9.5188    5.11409     35.696    32.0550    24.7319 0.0000e+00
 173.553396     37.000  34.798069     9.4734    5.00849     36.688    32.1026    24.7764 0.0000e+00
 173.553409     38.000  34.817753     9.4171    4.82128     37.679    32.1728    24.8403 0.0000e+00
 173.553424     39.000  34.823883     9.3344    4.61881     38.671    32.2531    24.9161 0.0000e+00
 173.553441     40.000  34.840613     9.1736    4.46237     39.662    32.4156    25.0685 0.0000e+00
 173.553459     41.000  34.891632     9.0492    4.38106     40.654    32.5813    25.2176 0.0000e+00
 173.553648     42.000  34.915465     9.0138    4.16365     41.645    32.6380    25.2675 0.0000e+00
 173.553745     43.000  34.927177     8.9725    4.01893     42.637    32.6877    25.3128 0.0000e+00
 173.553766     44.000  34.938820     8.9441    3.98536     43.628    32.7255    25.3468 0.0000e+00
 173.553783     45.000  34.942288     8.9070    3.89604     44.620    32.7629    25.3819 0.0000e+00
 173.553799     46.000  34.944970     8.8393    3.79603     45.611    32.8278    25.4431 0.0000e+00
 173.553816     47.000  34.940314     8.7887    3.72661     46.603    32.8694    25.4835 0.0000e+00
 173.553830     48.000  34.929224     8.7244    3.65158     47.594    32.9170    25.5307 0.0000e+00
 173.553845     49.000  34.921919     8.6791    3.60878     48.585    32.9510    25.5643 0.0000e+00
 173.553863     50.000  34.911263     8.6004    3.60479     49.577    33.0129    25.6248 0.0000e+00
 173.553890     51.000  34.905192     8.6198    3.58329     50.567    32.9878    25.6022 0.0000e+00
 173.554138     52.000  34.897047     8.4746    3.37877     51.560    33.1148    25.7238 0.0000e+00
 173.554200     53.000  34.894647     8.4457    3.27360     52.551    33.1390    25.7471 0.0000e+00
 173.554218     54.000  34.894556     8.4343    3.22962     53.542    33.1491    25.7568 0.0000e+00
 173.554235     55.000  34.893176     8.4140    3.19908     54.534    33.1663    25.7733 0.0000e+00
 173.554251     56.000  34.884819     8.3667    3.21650     55.525    33.2016    25.8081 0.0000e+00
 173.554268     57.000  34.874362     8.3403    3.21085     56.517    33.2149    25.8226 0.0000e+00
 173.554285     58.000  34.870042     8.2919    3.11856     57.508    33.2557    25.8618 0.0000e+00
 173.554302     59.000  34.855243     8.2017    2.94853     58.499    33.3250    25.9296 0.0000e+00
 173.554322     60.000  34.842439     8.1362    2.89984     59.491    33.3732    25.9771 0.0000e+00
 173.554543     61.000  34.839711     8.1062    2.82974     60.482    33.3983    26.0013 0.0000e+00
 173.554598     62.000  34.832344     8.0505    2.75799     61.474    33.4431    26.0447 0.0000e+00
 173.554615     63.000  34.816710     7.9854    2.70955     62.464    33.4882    26.0897 0.0000e+00
 173.554631     64.000  34.806678     7.9521    2.68194     63.456    33.5090    26.1108 0.0000e+00
 173.554649     65.000  34.800803     7.9311    2.66363     64.447    33.5224    26.1244 0.0000e+00
 173.554666     66.000  34.797315     7.9162    2.69165     65.439    33.5324    26.1345 0.0000e+00
 173.554681     67.000  34.794286     7.9023    2.70896     66.430    33.5421    26.1442 0.0000e+00
 173.554695     68.000  34.791700     7.8956    2.72697     67.421    33.5452    26.1476 0.0000e+00
 173.554714     69.000  34.792351     7.8947    2.71917     68.413    33.5463    26.1486 0.0000e+00
 173.554740     70.000  34.792045     7.8929    2.72288     69.404    33.5472    26.1496 0.0000e+00
 173.192445     72.000  34.721713     7.8670    2.73109     71.387    33.4877    26.1047 0.0000e+00
 173.555090     73.000  34.795010     7.8823    2.74046     72.378    33.5591    26.1606 0.0000e+00
 173.555109     74.000  34.795387     7.8818    2.74004     73.369    33.5596    26.1610 0.0000e+00
 173.555125     75.000  34.796422     7.8797    2.75173     74.361    33.5622    26.1634 0.0000e+00
 173.555140     76.000  34.797449     7.8790    2.75179     75.352    33.5636    26.1646 0.0000e+00
 173.555156     77.000  34.798023     7.8796    2.74678     76.343    33.5631    26.1641 0.0000e+00
 173.555173     78.000  34.798690     7.8797    2.75459     77.334    33.5632    26.1642 0.0000e+00
 173.555188     79.000  34.798934     7.8797    2.75356     78.326    33.5631    26.1641 0.0000e+00
 173.555202     80.000  34.800331     7.8801    2.75510     79.317    33.5637    26.1645 0.0000e+00
 173.555216     81.000  34.801377     7.8800    2.75342     80.308    33.5644    26.1651 0.0000e+00
 173.555257     82.000  34.801107     7.8803    2.75559     81.299    33.5634    26.1643 0.0000e+00
