data/oxygen options/ONMS/Olympic_Coast_National_Marine_Sanctuary_Hypoxia_Survey_CTD_Data_2004_2015/raw_data/2005/CTD_CA100_062205faed.cnv
* Sea-Bird SBE19 Data File:
* FileName = C:\hypoxia CTD data\CA_062205.hex
* Software Version 1.1.5
* Temperature SN = 2997
* Conductivity SN = 2997
* System UpLoad Time = Jun 22 2005 14:47:20
* SEACAT PROFILER V3.1c SN 2997   06/22/05  14:47:05.879
* strain gauge pressure sensor: S/N = 184829,  range = 3000 psia,  tc = 40
# nquan = 9                                 
# nvalues = 893                         
# units = specified
# name 0 = timeJ: Julian Days
# name 1 = prSM: Pressure, Strain Gauge [db]
# name 2 = c0mS/cm: Conductivity [mS/cm]
# name 3 = t090C: Temperature [ITS-90, deg C]
# name 4 = oxML/L: Oxygen, Beckman/YSI [ml/l]
# name 5 = depSM: Depth [salt water, m], lat = 47.5
# name 6 = sal00: Salinity, Practical [PSU]
# name 7 = sigma-é00: Density [sigma-theta, kg/m^3]
# name 8 = flag: flag
# span 0 = 173.609873, 173.615035       
# span 1 =     -4.121,     97.976       
# span 2 =   0.180810,  38.693256       
# span 3 =     7.6367,    16.5889       
# span 4 =   -0.11164,   24.64500       
# span 5 =     -4.087,     97.135       
# span 6 =     0.1042,    33.7435       
# span 7 =    -1.0724,    26.3411       
# span 8 = 0.0000e+00, 0.0000e+00       
# interval = seconds: 0.5
# start_time = Jun 22 2005 14:38:13 [Instrument's time stamp, header]
# bad_flag = -9.990e-29
*END*
[from data line 641]
 173.613582     92.524  34.752708     7.6415    2.83026     91.731    33.7368    26.3352 0.0000e+00
 173.613588     92.140  34.751870     7.6417    2.83227     91.351    33.7359    26.3345 0.0000e+00
 173.613594     91.747  34.751403     7.6424    2.83881     90.961    33.7349    26.3336 0.0000e+00
 173.613600     91.346  34.751246     7.6436    2.83130     90.564    33.7338    26.3325 0.0000e+00
 173.613605     90.927  34.751191     7.6455    2.82692     90.148    33.7321    26.3309 0.0000e+00
 173.613611     90.495  34.751164     7.6479    2.83225     89.720    33.7299    26.3289 0.0000e+00
 173.613617     90.065  34.751128     7.6505    2.83163     89.294    33.7276    26.3266 0.0000e+00
 173.613623     89.652  34.751039     7.6526    2.83488     88.884    33.7256    26.3248 0.0000e+00
 173.613628     89.263  34.750779     7.6535    2.83219     88.499    33.7247    26.3239 0.0000e+00
 173.613634     88.892  34.750562     7.6545    2.82903     88.131    33.7236    26.3230 0.0000e+00
 173.613640     88.532  34.750660     7.6563    2.82726     87.774    33.7222    26.3215 0.0000e+00
 173.613646     88.185  34.750645     7.6582    2.83228     87.430    33.7205    26.3199 0.0000e+00
 173.613652     87.846  34.750495     7.6595    2.82387     87.094    33.7192    26.3188 0.0000e+00
 173.613657     87.503  34.750572     7.6612    2.82699     86.754    33.7178    26.3174 0.0000e+00
 173.613663     87.146  34.750417     7.6645    2.81718     86.400    33.7146    26.3144 0.0000e+00
 173.613669     86.774  34.749822     7.6695    2.81225     86.032    33.7093    26.3095 0.0000e+00
 173.613675     86.394  34.749117     7.6748    2.82113     85.655    33.7036    26.3043 0.0000e+00
 173.613681     86.015  34.748483     7.6790    2.81470     85.279    33.6991    26.3001 0.0000e+00
 173.613686     85.643  34.748195     7.6825    2.82366     84.911    33.6955    26.2968 0.0000e+00
 173.613692     85.272  34.748434     7.6885    2.83031     84.543    33.6902    26.2917 0.0000e+00
 173.613698     84.891  34.749518     7.6992    2.84338     84.165    33.6812    26.2831 0.0000e+00
 173.613704     84.500  34.752333     7.7134    2.87819     83.778    33.6706    26.2728 0.0000e+00
 173.613709     84.111  34.757268     7.7298    2.89922     83.392    33.6603    26.2623 0.0000e+00
 173.613715     83.731  34.764178     7.7466    2.92432     83.015    33.6517    26.2531 0.0000e+00
 173.613721     83.367  34.772191     7.7592    2.96406     82.655    33.6483    26.2486 0.0000e+00
 173.613727     83.017  34.777982     7.7661    2.98296     82.308    33.6480    26.2474 0.0000e+00
 173.613733     82.679  34.780866     7.7725    3.02416     81.973    33.6451    26.2442 0.0000e+00
 173.613738     82.355  34.784132     7.7816    3.08170     81.651    33.6400    26.2388 0.0000e+00
 173.613744     82.031  34.787650     7.7964    3.14971     81.330    33.6297    26.2286 0.0000e+00
 173.613750     81.692  34.792187     7.8277    3.23598     80.994    33.6045    26.2043 0.0000e+00
 173.613756     81.333  34.805474     7.8782    3.28995     80.638    33.5704    26.1701 0.0000e+00
 173.613762     80.965  34.829531     7.9300    3.33066     80.274    33.5466    26.1438 0.0000e+00
 173.613767     80.608  34.853281     7.9695    3.37993     79.920    33.5343    26.1284 0.0000e+00
 173.613773     80.273  34.870843     7.9993    3.40254     79.588    33.5246    26.1165 0.0000e+00
 173.613779     79.960  34.884345     8.0201    3.42918     79.277    33.5193    26.1092 0.0000e+00
 173.613785     79.662  34.892175     8.0355    3.45491     78.982    33.5130    26.1020 0.0000e+00
 173.613791     79.368  34.895809     8.0615    3.47888     78.690    33.4922    26.0818 0.0000e+00
 173.613796     79.078  34.905138     8.1005    3.50711     78.403    33.4650    26.0547 0.0000e+00
 173.613802     78.797  34.923072     8.1317    3.53200     78.124    33.4544    26.0418 0.0000e+00
 173.613808     78.526  34.937655     8.1486    3.55482     77.856    33.4540    26.0390 0.0000e+00
 173.613814     78.248  34.944795     8.1621    3.58708     77.580    33.4488    26.0329 0.0000e+00
 173.613819     77.935  34.950654     8.1790    3.60878     77.270    33.4391    26.0228 0.0000e+00
 173.613825     77.577  34.957435     8.2010    3.63733     76.915    33.4255    26.0088 0.0000e+00
 173.613831     77.189  34.965211     8.2230    3.63687     76.530    33.4130    25.9958 0.0000e+00
 173.613837     76.793  34.972023     8.2379    3.64511     76.138    33.4063    25.9882 0.0000e+00
 173.613843     76.408  34.975748     8.2444    3.64640     75.756    33.4042    25.9857 0.0000e+00
 173.613848     76.047  34.976874     8.2463    3.64859     75.398    33.4038    25.9850 0.0000e+00
 173.613854     75.712  34.977464     8.2489    3.65958     75.066    33.4021    25.9833 0.0000e+00
 173.613860     75.396  34.978868     8.2569    3.66717     74.753    33.3961    25.9774 0.0000e+00
 173.613866     75.090  34.981837     8.2734    3.66598     74.450    33.3837    25.9652 0.0000e+00
 173.613872     74.798  34.987525     8.2935    3.66868     74.160    33.3708    25.9521 0.0000e+00
 173.613877     74.525  34.994549     8.3089    3.67215     73.890    33.3638    25.9443 0.0000e+00
 173.613883     74.276  34.999944     8.3185    3.66503     73.643    33.3605    25.9403 0.0000e+00
 173.613889     74.044  35.003621     8.3252    3.66616     73.413    33.3582    25.9374 0.0000e+00
 173.613895     73.810  35.006561     8.3299    3.65978     73.181    33.3569    25.9357 0.0000e+00
 173.613900     73.549  35.008758     8.3339    3.65621     72.922    33.3556    25.9341 0.0000e+00
 173.613906     73.246  35.010900     8.3395    3.65132     72.622    33.3527    25.9309 0.0000e+00
 173.613912     72.898  35.014160     8.3470    3.64301     72.277    33.3492    25.9271 0.0000e+00
 173.613918     72.514  35.018399     8.3544    3.63767     71.896    33.3468    25.9241 0.0000e+00
 173.613924     72.103  35.021985     8.3608    3.64059     71.489    33.3448    25.9215 0.0000e+00
 173.613929     71.672  35.024657     8.3680    3.62802     71.061    33.3410    25.9175 0.0000e+00
 173.613935     71.233  35.028296     8.3770    3.62443     70.626    33.3365    25.9126 0.0000e+00
 173.613941     70.806  35.033272     8.3856    3.62894     70.203    33.3338    25.9092 0.0000e+00
 173.613947     70.409  35.037255     8.3919    3.63670     69.809    33.3322    25.9070 0.0000e+00
 173.613953     70.057  35.039391     8.3962    3.64236     69.461    33.3306    25.9051 0.0000e+00
 173.613958     69.755  35.040851     8.3997    3.64727     69.161    33.3290    25.9033 0.0000e+00
 173.613964     69.499  35.041900     8.4022    3.64284     68.907    33.3278    25.9020 0.0000e+00
 173.613970     69.267  35.042255     8.4034    3.64368     68.677    33.3272    25.9013 0.0000e+00
 173.613976     69.041  35.042387     8.4045    3.65401     68.453    33.3264    25.9005 0.0000e+00
 173.613981     68.807  35.043032     8.4063    3.65133     68.221    33.3255    25.8995 0.0000e+00
 173.613987     68.544  35.043929     8.4087    3.65689     67.961    33.3243    25.8982 0.0000e+00
 173.613993     68.232  35.044588     8.4123    3.66621     67.651    33.3217    25.8956 0.0000e+00
 173.613999     67.861  35.045328     8.4182    3.68348     67.284    33.3171    25.8911 0.0000e+00
 173.614005     67.427  35.046574     8.4252    3.69321     66.853    33.3120    25.8860 0.0000e+00
 173.614010     66.941  35.047744     8.4321    3.69506     66.372    33.3069    25.8810 0.0000e+00
 173.614016     66.429  35.048159     8.4419    3.74087     65.864    33.2983    25.8728 0.0000e+00
 173.614022     65.908  35.048377     8.4587    3.75662     65.347    33.2829    25.8582 0.0000e+00
 173.614028     65.393  35.049811     8.4806    3.78174     64.837    33.2640    25.8400 0.0000e+00
 173.614034     64.906  35.052695     8.4992    3.80462     64.354    33.2497    25.8260 0.0000e+00
 173.614039     64.471  35.055272     8.5101    3.80773     63.923    33.2424    25.8186 0.0000e+00
 173.614045     64.100  35.056502     8.5179    3.83596     63.555    33.2365    25.8128 0.0000e+00
 173.614051     63.782  35.056349     8.5266    3.86606     63.240    33.2283    25.8051 0.0000e+00
 173.614057     63.492  35.054608     8.5347    3.89581     62.952    33.2190    25.7965 0.0000e+00
 173.614062     63.204  35.052321     8.5417    3.93169     62.667    33.2101    25.7885 0.0000e+00
 173.614068     62.895  35.050923     8.5484    3.96558     62.361    33.2025    25.7815 0.0000e+00
 173.614074     62.549  35.050230     8.5577    4.00235     62.018    33.1932    25.7728 0.0000e+00
 173.614080     62.161  35.049311     8.5757    4.03905     61.633    33.1755    25.7562 0.0000e+00
 173.614086     61.741  35.048612     8.6040    4.08195     61.217    33.1484    25.7306 0.0000e+00
 173.614091     61.306  35.052237     8.6339    4.11732     60.785    33.1243    25.7072 0.0000e+00
 173.614097     60.869  35.061091     8.6539    4.13049     60.352    33.1151    25.6969 0.0000e+00
 173.614103     60.446  35.067917     8.6624    4.14094     59.933    33.1145    25.6951 0.0000e+00
 173.614109     60.045  35.068922     8.6678    4.13643     59.535    33.1107    25.6913 0.0000e+00
 173.614115     59.665  35.068806     8.6754    4.14128     59.158    33.1036    25.6846 0.0000e+00
 173.614120     59.307  35.070766     8.6831    4.14679     58.804    33.0986    25.6795 0.0000e+00
 173.614126     58.971  35.072925     8.6894    4.16151     58.470    33.0952    25.6758 0.0000e+00
 173.614132     58.648  35.074230     8.6937    4.21669     58.150    33.0927    25.6732 0.0000e+00
 173.614138     58.325  35.074171     8.6965    4.26538     57.830    33.0901    25.6708 0.0000e+00
 173.614144     57.995  35.071539     8.7039    4.31357     57.503    33.0806    25.6622 0.0000e+00
 173.614149     57.655  35.066178     8.7179    4.34921     57.166    33.0621    25.6455 0.0000e+00
 173.614155     57.304  35.059899     8.7317    4.36752     56.818    33.0428    25.6283 0.0000e+00
 173.614161     56.944  35.055532     8.7414    4.38815     56.461    33.0293    25.6162 0.0000e+00
 173.614167     56.580  35.053414     8.7475    4.37927     56.100    33.0216    25.6092 0.0000e+00
 173.614172     56.213  35.052398     8.7518    4.37531     55.736    33.0167    25.6047 0.0000e+00
 173.614178     55.842  35.051683     8.7557    4.36307     55.368    33.0125    25.6008 0.0000e+00
 173.614184     55.468  35.050867     8.7592    4.35292     54.998    33.0085    25.5972 0.0000e+00
 173.614190     55.106  35.049973     8.7616    4.35939     54.639    33.0055    25.5944 0.0000e+00
 173.614196     54.768  35.049483     8.7629    4.36826     54.304    33.0039    25.5930 0.0000e+00
 173.614201     54.448  35.049858     8.7643    4.39651     53.986    33.0032    25.5922 0.0000e+00
 173.614207     54.136  35.049909     8.7696    4.43363     53.677    32.9984    25.5876 0.0000e+00
 173.614213     53.824  35.047449     8.7809    4.46463     53.368    32.9855    25.5758 0.0000e+00
 173.614219     53.508  35.042554     8.7923    4.48786     53.055    32.9699    25.5618 0.0000e+00
 173.614225     53.187  35.038778     8.7977    4.51175     52.736    32.9611    25.5541 0.0000e+00
 173.614230     52.853  35.037806     8.7992    4.57169     52.405    32.9588    25.5520 0.0000e+00
 173.614236     52.492  35.036653     8.8024    4.63364     52.047    32.9548    25.5484 0.0000e+00
 173.614242     52.100  35.031530     8.8095    4.71308     51.659    32.9430    25.5381 0.0000e+00
 173.614248     51.686  35.021202     8.8183    4.76723     51.248    32.9242    25.5220 0.0000e+00
 173.614253     51.269  35.009267     8.8264    4.81495     50.835    32.9045    25.5053 0.0000e+00
 173.614259     50.866  35.000546     8.8327    4.85910     50.435    32.8897    25.4927 0.0000e+00
 173.614265     50.486  34.995175     8.8373    4.91638     50.059    32.8800    25.4844 0.0000e+00
 173.614271     50.130  34.991593     8.8408    4.99214     49.706    32.8732    25.4785 0.0000e+00
 173.614277     49.783  34.988379     8.8439    5.07884     49.362    32.8671    25.4733 0.0000e+00
 173.614282     49.434  34.982360     8.8497    5.18129     49.016    32.8556    25.4634 0.0000e+00
 173.614288     49.080  34.968303     8.8588    5.26049     48.665    32.8327    25.4440 0.0000e+00
 173.614294     48.725  34.947635     8.8668    5.32502     48.313    32.8039    25.4202 0.0000e+00
 173.614300     48.367  34.932028     8.8716    5.37113     47.958    32.7833    25.4034 0.0000e+00
 173.614306     48.001  34.924769     8.8764    5.39943     47.595    32.7715    25.3934 0.0000e+00
 173.614311     47.626  34.918975     8.8841    5.43829     47.223    32.7585    25.3820 0.0000e+00
 173.614317     47.242  34.911958     8.8929    5.46136     46.842    32.7433    25.3687 0.0000e+00
 173.614323     46.851  34.906123     8.9000    5.47272     46.455    32.7308    25.3579 0.0000e+00
 173.614329     46.458  34.903774     8.9053    5.46029     46.065    32.7237    25.3515 0.0000e+00
 173.614334     46.072  34.904574     8.9099    5.44733     45.682    32.7204    25.3482 0.0000e+00
 173.614340     45.698  34.906780     8.9141    5.43620     45.312    32.7190    25.3465 0.0000e+00
 173.614346     45.339  34.909401     8.9174    5.42589     44.956    32.7189    25.3458 0.0000e+00
 173.614352     44.993  34.912000     8.9196    5.41988     44.613    32.7197    25.3461 0.0000e+00
 173.614358     44.646  34.914111     8.9217    5.43114     44.269    32.7201    25.3461 0.0000e+00
 173.614363     44.281  34.915177     8.9258    5.49017     43.907    32.7176    25.3435 0.0000e+00
 173.614369     43.887  34.915485     8.9333    5.56736     43.516    32.7112    25.3373 0.0000e+00
 173.614375     43.465  34.914317     8.9405    5.65973     43.098    32.7036    25.3302 0.0000e+00
 173.614381     43.026  34.905062     8.9433    5.73078     42.662    32.6916    25.3204 0.0000e+00
 173.614387     42.585  34.884341     8.9431    5.76376     42.225    32.6704    25.3038 0.0000e+00
 173.614392     42.162  34.862079     8.9434    5.78709     41.806    32.6471    25.2856 0.0000e+00
 173.614398     41.767  34.849505     8.9447    5.82975     41.414    32.6330    25.2744 0.0000e+00
 173.614404     41.388  34.846660     8.9468    5.86272     41.038    32.6283    25.2703 0.0000e+00
 173.614410     41.001  34.846940     8.9512    5.90422     40.655    32.6248    25.2668 0.0000e+00
 173.614416     40.591  34.846222     8.9596    5.93960     40.248    32.6165    25.2591 0.0000e+00
 173.614421     40.161  34.842419     8.9699    5.97039     39.822    32.6033    25.2471 0.0000e+00
 173.614427     39.730  34.835497     8.9785    5.99858     39.395    32.5884    25.2341 0.0000e+00
 173.614433     39.315  34.830233     8.9836    5.99892     38.983    32.5784    25.2255 0.0000e+00
 173.614439     38.918  34.828571     8.9863    6.02593     38.590    32.5744    25.2220 0.0000e+00
 173.614444     38.535  34.828288     8.9914    6.05287     38.210    32.5696    25.2174 0.0000e+00
 173.614450     38.150  34.828437     9.0045    6.13554     37.828    32.5579    25.2062 0.0000e+00
 173.614456     37.753  34.829767     9.0242    6.20836     37.434    32.5415    25.1903 0.0000e+00
 173.614462     37.348  34.832922     9.0427    6.23889     37.033    32.5280    25.1769 0.0000e+00
 173.614468     36.934  34.837618     9.0630    6.24623     36.622    32.5145    25.1631 0.0000e+00
 173.614473     36.502  34.847310     9.1044    6.21840     36.194    32.4870    25.1351 0.0000e+00
 173.614479     36.051  34.873231     9.1771    6.21769     35.747    32.4478    25.0930 0.0000e+00
 173.614485     35.594  34.922467     9.2562    6.24197     35.294    32.4269    25.0643 0.0000e+00
 173.614491     35.146  34.974900     9.3116    6.27239     34.850    32.4308    25.0586 0.0000e+00
 173.614497     34.707  35.008518     9.3428    6.31071     34.414    32.4373    25.0587 0.0000e+00
