data/oxygen options/ONMS/Olympic_Coast_National_Marine_Sanctuary_Hypoxia_Survey_CTD_Data_2004_2015/raw_data/2005/CTD_CE100_062105faed.cnv
* Sea-Bird SBE19 Data File:
* FileName = C:\hypoxia CTD data\CE100_062105.hex
* Software Version 1.1.5
* Temperature SN = 2997
* Conductivity SN = 2997
* System UpLoad Time = Jun 21 2005 16:39:25
* SEACAT PROFILER V3.1c SN 2997   06/21/05  16:38:56.398
* strain gauge pressure sensor: S/N = 184829,  range = 3000 psia,  tc = 40
# nquan = 9                                 
# nvalues = 878                         
# units = specified
# name 0 = timeJ: Julian Days
# name 1 = prSM: Pressure, Strain Gauge [db]
# name 2 = c0mS/cm: Conductivity [mS/cm]
# name 3 = t090C: Temperature [ITS-90, deg C]
# name 4 = oxML/L: Oxygen, Beckman/YSI [ml/l]
# name 5 = depSM: Depth [salt water, m], lat = 47.5
# name 6 = sal00: Salinity, Practical [PSU]
# name 7 = sigma-é00: Density [sigma-theta, kg/m^3]
# name 8 = flag: flag
# span 0 = 172.669595, 172.674670       
# span 1 =     -3.506,    103.258       
# span 2 =   1.328606,  37.764684       
# span 3 =     7.4996,    16.6799       
# span 4 =   -0.09500,   24.34810       
# span 5 =     -3.477,    102.371       
# span 6 =     0.8349,    33.8218       
# span 7 =    -0.2506,    26.4210       
# span 8 = 0.0000e+00, 0.0000e+00       
# interval = seconds: 0.5
# start_time = Jun 21 2005 16:04:13 [Instrument's time stamp, header]
# bad_flag = -9.990e-29
*END*
[from data line 321]
 172.671453      2.255  35.578351    16.6777    6.58860      2.236    27.2249    19.6290 -9.990e-29
 172.671458      2.267  35.578336    16.6778    6.58605      2.248    27.2248    19.6290 -9.990e-29
 172.671464      2.277  35.578217    16.6778    6.58779      2.258    27.2247    19.6289 -9.990e-29
 172.671470      2.287  35.578403    16.6780    6.59098      2.268    27.2247    19.6288 -9.990e-29
 172.671476      2.295  35.579149    16.6782    6.58872      2.276    27.2252    19.6292 -9.990e-29
 172.671481      2.304  35.579775    16.6784    6.59081      2.285    27.2256    19.6294 -9.990e-29
 172.671487      2.314  35.580000    16.6784    6.58501      2.295    27.2258    19.6296 -9.990e-29
 172.671493      2.324  35.580132    16.6783    6.57731      2.305    27.2260    19.6297 -9.990e-29
 172.671499      2.333  35.579794    16.6780    6.58401      2.314    27.2259    19.6297 -9.990e-29
 172.671505      2.335  35.579103    16.6775    6.58873      2.315    27.2256    19.6297 -9.990e-29
 172.671510      2.336  35.578824    16.6772    6.58426      2.316    27.2256    19.6297 -9.990e-29
 172.671516      2.339  35.578593    16.6768    6.58824      2.319    27.2257    19.6299 -9.990e-29
 172.671522      2.341  35.578110    16.6764    6.57683      2.321    27.2255    19.6298 -9.990e-29
 172.671528      2.338  35.577859    16.6763    6.57665      2.318    27.2254    19.6297 -9.990e-29
 172.671534      2.332  35.578070    16.6765    6.58824      2.313    27.2254    19.6297 -9.990e-29
 172.671539      2.330  35.578473    16.6767    6.58387      2.311    27.2257    19.6298 -9.990e-29
 172.671545      2.329  35.578492    16.6767    6.58237      2.310    27.2257    19.6299 -9.990e-29
 172.671551      2.331  35.578158    16.6767    6.57903      2.312    27.2254    19.6296 -9.990e-29
 172.671557      2.336  35.578154    16.6766    6.58966      2.316    27.2254    19.6297 -9.990e-29
 172.671562      2.342  35.578482    16.6766    6.59155      2.322    27.2257    19.6299 -9.990e-29
 172.671568      2.348  35.578467    16.6768    6.58303      2.328    27.2256    19.6298 -9.990e-29
 172.671574      2.349  35.578093    16.6770    6.57351      2.329    27.2251    19.6294 -9.990e-29
 172.671580      2.349  35.577990    16.6772    6.57479      2.329    27.2249    19.6292 -9.990e-29
 172.671586      2.352  35.578028    16.6772    6.58272      2.332    27.2249    19.6292 -9.990e-29
 172.671591      2.359  35.577705    16.6769    6.59122      2.339    27.2249    19.6292 -9.990e-29
 172.671597      2.366  35.577158    16.6766    6.58434      2.346    27.2246    19.6291 -9.990e-29
 172.671603      2.365  35.576787    16.6764    6.58670      2.345    27.2244    19.6290 -9.990e-29
 172.671609      2.355  35.576663    16.6764    6.59587      2.335    27.2243    19.6289 -9.990e-29
 172.671615      2.350  35.576628    16.6765    6.59004      2.330    27.2242    19.6288 -9.990e-29
 172.671620      2.356  35.576643    16.6767    6.58573      2.336    27.2241    19.6287 -9.990e-29
 172.671626      2.371  35.576737    16.6768    6.57814      2.351    27.2241    19.6286 -9.990e-29
 172.671632      2.386  35.577041    16.6769    6.58080      2.366    27.2243    19.6288 -9.990e-29
 172.671638      2.399  35.577407    16.6771    6.58718      2.379    27.2245    19.6288 -9.990e-29
 172.671644      2.409  35.577767    16.6773    6.58422      2.389    27.2246    19.6289 -9.990e-29
 172.671649      2.415  35.578050    16.6776    6.58059      2.395    27.2247    19.6289 -9.990e-29
 172.671655      2.411  35.578077    16.6780    6.57574      2.391    27.2244    19.6286 -9.990e-29
 172.671661      2.406  35.578452    16.6784    6.57123      2.386    27.2245    19.6286 -9.990e-29
 172.671667      2.412  35.579121    16.6786    6.57511      2.392    27.2249    19.6288 -9.990e-29
 172.671672      2.430  35.579303    16.6788    6.57878      2.410    27.2249    19.6288 -9.990e-29
 172.671678      2.452  35.579247    16.6792    6.58648      2.432    27.2246    19.6285 -9.990e-29
 172.671684      2.472  35.579447    16.6794    6.58392      2.451    27.2246    19.6285 -9.990e-29
 172.671690      2.486  35.579616    16.6794    6.56666      2.465    27.2247    19.6286 -9.990e-29
 172.671696      2.495  35.579424    16.6796    6.57026      2.474    27.2244    19.6283 -9.990e-29
 172.671701      2.504  35.579184    16.6799    6.57297      2.483    27.2240    19.6279 -9.990e-29
 172.671707      2.522  35.579143    16.6799    6.57672      2.501    27.2240    19.6279 -9.990e-29
 172.671713      2.546  35.579246    16.6796    6.57641      2.525    27.2243    19.6282 -9.990e-29
 172.671719      2.561  35.579619    16.6795    6.56776      2.540    27.2247    19.6285 -9.990e-29
 172.671725      2.562  35.580180    16.6795    6.56698      2.541    27.2251    19.6288 -9.990e-29
 172.671730      2.560  35.580537    16.6796    6.58004      2.539    27.2254    19.6290 -9.990e-29
 172.671736      2.557  35.580588    16.6797    6.58629      2.536    27.2253    19.6290 -9.990e-29
 172.671742      2.554  35.580382    16.6796    6.57944      2.533    27.2252    19.6289 -9.990e-29
 172.671748      2.550  35.580184    16.6795    6.56534      2.529    27.2251    19.6288 -9.990e-29
 172.671753      2.550  35.580274    16.6796    6.56175      2.529    27.2251    19.6288 -9.990e-29
 172.671759      2.558  35.580194    16.6798    6.56728      2.537    27.2249    19.6286 -9.990e-29
 172.671765      2.569  35.579818    16.6798    6.58369      2.548    27.2246    19.6284 -9.990e-29
 172.671771      2.577  35.579747    16.6798    6.57978      2.555    27.2246    19.6283 -9.990e-29
 172.671777      2.577  35.579867    16.6798    6.56698      2.555    27.2247    19.6284 -9.990e-29
 172.671782      2.570  35.579759    16.6797    6.55921      2.549    27.2246    19.6284 -9.990e-29
 172.671788      2.559  35.579821    16.6794    6.56310      2.538    27.2249    19.6287 -9.990e-29
 172.671794      2.556  35.580119    16.6789    6.57833      2.535    27.2255    19.6292 -9.990e-29
 172.671800      2.566  35.579911    16.6784    6.58151      2.545    27.2256    19.6295 -9.990e-29
 172.671806      2.576  35.578899    16.6782    6.56820      2.554    27.2249    19.6290 -9.990e-29
 172.671811      2.574  35.577959    16.6785    6.56684      2.553    27.2239    19.6281 -9.990e-29
 172.671817      2.564  35.578058    16.6788    6.56493      2.543    27.2238    19.6280 -9.990e-29
 172.671823      2.567  35.578749    16.6788    6.57154      2.546    27.2244    19.6284 -9.990e-29
 172.671829      2.596  35.579258    16.6788    6.56907      2.574    27.2248    19.6287 -9.990e-29
 172.671834      2.644  35.579683    16.6790    6.56209      2.622    27.2250    19.6289 -9.990e-29
 172.671840      2.702  35.580013    16.6791    6.56592      2.679    27.2252    19.6290 -9.990e-29
 172.671846      2.768  35.580107    16.6790    6.55948      2.745    27.2253    19.6291 -9.990e-29
 172.671852      2.852  35.580072    16.6791    6.56113      2.828    27.2252    19.6290 -9.990e-29
 172.671858      2.962  35.579842    16.6794    6.55158      2.937    27.2248    19.6286 -9.990e-29
 172.671863      3.107  35.579653    16.6793    6.54833      3.081    27.2246    19.6285 0.0000e+00
 172.671869      3.294  35.579793    16.6786    6.58966      3.266    27.2252    19.6291 0.0000e+00
 172.671875      3.533  35.579871    16.6775    6.60861      3.503    27.2259    19.6299 0.0000e+00
 172.671881      3.820  35.579412    16.6758    6.61895      3.788    27.2266    19.6308 0.0000e+00
 172.671887      4.144  35.578905    16.6737    6.56011      4.109    27.2275    19.6320 0.0000e+00
 172.671892      4.497  35.579896    16.6699    6.47493      4.459    27.2308    19.6354 0.0000e+00
 172.671898      4.870  35.584806    16.6604    6.39289      4.829    27.2413    19.6455 0.0000e+00
 172.671904      5.257  35.598480    16.6363    6.32190      5.213    27.2691    19.6722 0.0000e+00
 172.671910      5.658  35.636324    16.5739    6.31517      5.611    27.3436    19.7430 0.0000e+00
 172.671916      6.072  35.743733    16.4448    6.29117      6.021    27.5234    19.9091 0.0000e+00
 172.671921      6.499  35.960743    16.2544    6.24700      6.445    27.8409    20.1941 0.0000e+00
 172.671927      6.939  36.239736    16.0367    6.24420      6.881    28.2344    20.5432 0.0000e+00
 172.671933      7.387  36.512557    15.8175    6.21484      7.325    28.6278    20.8925 0.0000e+00
 172.671939      7.847  36.782961    15.6090    6.26360      7.781    29.0157    21.2351 0.0000e+00
 172.671944      8.320  37.043605    15.4106    6.30265      8.250    29.3914    21.5662 0.0000e+00
 172.671950      8.799  37.243279    15.2248    6.31829      8.725    29.7074    21.8486 0.0000e+00
 172.671956      9.283  37.371153    15.0623    6.32140      9.205    29.9445    22.0653 0.0000e+00
 172.671962      9.766  37.466450    14.9320    6.31593      9.684    30.1294    22.2350 0.0000e+00
 172.671968     10.247  37.535612    14.8483    6.35763     10.161    30.2559    22.3499 0.0000e+00
 172.671973     10.721  37.553041    14.7697    6.41706     10.631    30.3324    22.4253 0.0000e+00
 172.671979     11.189  37.556511    14.6455    6.46506     11.095    30.4323    22.5281 0.0000e+00
 172.671985     11.658  37.601090    14.5266    6.49694     11.560    30.5656    22.6556 0.0000e+00
 172.671991     12.138  37.659265    14.4539    6.52054     12.036    30.6755    22.7553 0.0000e+00
 172.671997     12.630  37.691910    14.4077    6.52960     12.524    30.7415    22.8157 0.0000e+00
 172.672002     13.129  37.706614    14.3711    6.55701     13.019    30.7837    22.8558 0.0000e+00
 172.672008     13.634  37.718465    14.3326    6.60565     13.520    30.8249    22.8955 0.0000e+00
 172.672014     14.144  37.735945    14.2864    6.66960     14.025    30.8775    22.9455 0.0000e+00
 172.672020     14.655  37.758783    14.2215    6.74802     14.532    30.9500    23.0148 0.0000e+00
 172.672025     15.166  37.764684    14.1348    6.82256     15.039    31.0248    23.0902 0.0000e+00
 172.672031     15.681  37.737372    14.0400    6.84596     15.550    31.0760    23.1490 0.0000e+00
 172.672037     16.205  37.690874    13.9266    6.78262     16.069    31.1248    23.2097 0.0000e+00
 172.672043     16.739  37.623722    13.7791    6.61672     16.599    31.1824    23.2839 0.0000e+00
 172.672049     17.274  37.530463    13.6129    6.41473     17.129    31.2314    23.3551 0.0000e+00
 172.672054     17.804  37.435883    13.4285    6.23839     17.655    31.2943    23.4404 0.0000e+00
 172.672060     18.330  37.351782    13.2062    6.10250     18.176    31.3986    23.5648 0.0000e+00
 172.672066     18.851  37.271402    12.9471    5.97239     18.693    31.5379    23.7230 0.0000e+00
 172.672072     19.370  37.189020    12.6609    5.85826     19.207    31.6994    23.9031 0.0000e+00
 172.672078     19.891  37.085019    12.3590    5.72884     19.724    31.8553    24.0812 0.0000e+00
 172.672083     20.412  36.936743    12.0813    5.61274     20.241    31.9496    24.2064 0.0000e+00
 172.672089     20.932  36.767356    11.8716    5.54380     20.756    31.9658    24.2577 0.0000e+00
 172.672095     21.446  36.632982    11.7316    5.48607     21.266    31.9557    24.2755 0.0000e+00
 172.672101     21.952  36.546713    11.6280    5.49975     21.768    31.9610    24.2984 0.0000e+00
 172.672106     22.458  36.479815    11.5306    5.54050     22.269    31.9797    24.3306 0.0000e+00
 172.672112     22.964  36.412021    11.4430    5.57598     22.771    31.9890    24.3536 0.0000e+00
 172.672118     23.470  36.359997    11.3792    5.58817     23.273    31.9932    24.3683 0.0000e+00
 172.672124     23.969  36.347417    11.3319    5.58469     23.768    32.0217    24.3989 0.0000e+00
 172.672130     24.454  36.352984    11.2903    5.56530     24.248    32.0630    24.4385 0.0000e+00
 172.672135     24.926  36.348203    11.2449    5.53198     24.716    32.0976    24.4735 0.0000e+00
 172.672141     25.390  36.330037    11.1897    5.52603     25.177    32.1277    24.5067 0.0000e+00
 172.672147     25.854  36.302273    11.1301    5.51588     25.637    32.1522    24.5363 0.0000e+00
 172.672153     26.326  36.269358    11.0651    5.48028     26.105    32.1764    24.5666 0.0000e+00
 172.672159     26.806  36.226622    10.9975    5.45520     26.581    32.1933    24.5916 0.0000e+00
 172.672164     27.286  36.176486    10.9500    5.42665     27.056    32.1852    24.5937 0.0000e+00
 172.672170     27.754  36.141216    10.9295    5.43368     27.521    32.1681    24.5839 0.0000e+00
 172.672176     28.206  36.125893    10.9082    5.44843     27.969    32.1714    24.5903 0.0000e+00
 172.672182     28.649  36.108938    10.8646    5.46423     28.408    32.1927    24.6145 0.0000e+00
 172.672188     29.094  36.078935    10.8100    5.48303     28.849    32.2108    24.6380 0.0000e+00
 172.672193     29.547  36.049686    10.7630    5.49369     29.298    32.2229    24.6556 0.0000e+00
 172.672199     30.013  36.033182    10.7277    5.51057     29.760    32.2374    24.6730 0.0000e+00
 172.672205     30.495  36.026449    10.6958    5.49733     30.238    32.2587    24.6951 0.0000e+00
 172.672211     30.990  36.022165    10.6545    5.47938     30.729    32.2907    24.7271 0.0000e+00
 172.672216     31.486  36.008984    10.5991    5.41139     31.221    32.3264    24.7645 0.0000e+00
 172.672222     31.977  35.981079    10.5318    5.32527     31.708    32.3580    24.8006 0.0000e+00
 172.672228     32.464  35.937661    10.4591    5.25048     32.191    32.3789    24.8294 0.0000e+00
 172.672234     32.947  35.882483    10.3875    5.16473     32.669    32.3871    24.8479 0.0000e+00
 172.672240     33.429  35.826598    10.3144    5.13178     33.147    32.3960    24.8672 0.0000e+00
 172.672245     33.913  35.771150    10.2428    5.09517     33.627    32.4039    24.8855 0.0000e+00
 172.672251     34.401  35.718982    10.1799    5.07273     34.111    32.4073    24.8987 0.0000e+00
 172.672257     34.889  35.677312    10.1227    5.04333     34.595    32.4162    24.9152 0.0000e+00
 172.672263     35.371  35.641567    10.0721    5.00635     35.073    32.4252    24.9307 0.0000e+00
 172.672269     35.838  35.608344    10.0378    4.99454     35.536    32.4222    24.9340 0.0000e+00
 172.672274     36.291  35.585455    10.0041    4.95768     35.985    32.4290    24.9450 0.0000e+00
 172.672280     36.736  35.563655     9.9473    4.92842     36.426    32.4578    24.9768 0.0000e+00
 172.672286     37.185  35.526748     9.8868    4.87854     36.871    32.4745    24.9999 0.0000e+00
 172.672292     37.645  35.491657     9.8473    4.84128     37.327    32.4742    25.0061 0.0000e+00
 172.672297     38.115  35.473790     9.8261    4.80660     37.793    32.4750    25.0102 0.0000e+00
 172.672303     38.588  35.466112     9.8155    4.76165     38.262    32.4765    25.0131 0.0000e+00
 172.672309     39.054  35.462283     9.8108    4.71044     38.724    32.4766    25.0140 0.0000e+00
 172.672315     39.513  35.460536     9.8088    4.62401     39.179    32.4765    25.0142 0.0000e+00
 172.672321     39.965  35.460202     9.8002    4.51751     39.628    32.4837    25.0213 0.0000e+00
 172.672326     40.412  35.455210     9.7665    4.37346     40.071    32.5088    25.0464 0.0000e+00
 172.672332     40.867  35.433837     9.7010    4.25084     40.522    32.5460    25.0861 0.0000e+00
 172.672338     41.331  35.392794     9.6229    4.13734     40.982    32.5746    25.1212 0.0000e+00
 172.672344     41.802  35.345730     9.5521    4.04879     41.449    32.5905    25.1450 0.0000e+00
 172.672350     42.273  35.305540     9.4928    3.98058     41.916    32.6030    25.1643 0.0000e+00
 172.672355     42.743  35.273542     9.4465    3.91061     42.382    32.6120    25.1789 0.0000e+00
 172.672361     43.205  35.250766     9.4088    3.86516     42.840    32.6228    25.1933 0.0000e+00
 172.672367     43.655  35.235967     9.3750    3.81827     43.286    32.6382    25.2107 0.0000e+00
