data/oxygen options/ONMS/Olympic_Coast_National_Marine_Sanctuary_Hypoxia_Survey_CTD_Data_2004_2015/raw_data/2005/CTD_TH40_083105faed.cnv
* Sea-Bird SBE19 Data File:
* FileName = C:\hypoxia CTD data\TH40_083105.hex
* Software Version 1.1.5
* Temperature SN = 2997
* Conductivity SN = 2997
* System UpLoad Time = Aug 31 2005 15:42:44
** Teahwhit Head 083105 40m
* SEACAT PROFILER V3.1c SN 2997   08/31/05  15:38:40.807
# nquan = 9                                 
# nvalues = 925                         
# units = specified
# name 0 = timeJ: Julian Days
# name 1 = prSM: Pressure, Strain Gauge [db]
# name 2 = c0mS/cm: Conductivity [mS/cm]
# name 3 = t090C: Temperature [ITS-90, deg C]
# name 4 = oxML/L: Oxygen, Beckman/YSI [ml/l]
# name 5 = depSM: Depth [salt water, m], lat = 47.5
# name 6 = sal00: Salinity, Practical [PSU]
# name 7 = sigma-é00: Density [sigma-theta, kg/m^3]
# name 8 = flag: flag
# span 0 = 243.454016, 243.459363       
# span 1 =     -3.580,     43.399       
# span 2 =   0.379724,  38.366961       
# span 3 =     7.6500,    13.4936       
# span 4 =   -0.10144,   26.20511       
# span 5 =     -3.550,     43.032       
# span 6 =     0.2366,    33.5878       
# span 7 =    -0.4952,    26.2161       
# span 8 = 0.0000e+00, 0.0000e+00       
# interval = seconds: 0.5
# start_time = Aug 31 2005 10:53:47 [Instrument's time stamp, header]
# bad_flag = -9.990e-29
*END*
[from data line 161]
 243.454948      3.717  38.023052    12.9561    7.33571      3.686    32.2449    24.2680 -9.990e-29
 243.454954      3.724  38.020545    12.9609    7.34151      3.693    32.2384    24.2620 -9.990e-29
 243.454959      3.724  38.024135    12.9678    7.33803      3.693    32.2359    24.2588 -9.990e-29
 243.454965      3.725  38.028513    12.9734    7.32808      3.694    32.2353    24.2572 -9.990e-29
 243.454971      3.732  38.032230    12.9788    7.32633      3.701    32.2342    24.2553 -9.990e-29
 243.454977      3.745  38.035758    12.9835    7.32423      3.714    32.2335    24.2538 -9.990e-29
 243.454983      3.765  38.037074    12.9853    7.32696      3.734    32.2332    24.2533 -9.990e-29
 243.454988      3.789  38.036255    12.9822    7.31814      3.757    32.2351    24.2553 -9.990e-29
 243.454994      3.810  38.033894    12.9783    7.29223      3.778    32.2362    24.2569 -9.990e-29
 243.455000      3.825  38.031894    12.9805    7.27345      3.793    32.2324    24.2536 -9.990e-29
 243.455006      3.835  38.033757    12.9871    7.27362      3.803    32.2285    24.2493 -9.990e-29
 243.455012      3.840  38.039165    12.9876    7.30050      3.808    32.2332    24.2528 -9.990e-29
 243.455017      3.845  38.041309    12.9728    7.34502      3.813    32.2478    24.2670 -9.990e-29
 243.455023      3.856  38.033519    12.9483    7.37075      3.824    32.2613    24.2823 -9.990e-29
 243.455029      3.867  38.019435    12.9346    7.37479      3.835    32.2597    24.2837 -9.990e-29
 243.455035      3.872  38.011686    12.9470    7.35546      3.840    32.2418    24.2674 -9.990e-29
 243.455041      3.861  38.019002    12.9813    7.32316      3.829    32.2195    24.2435 -9.990e-29
 243.455046      3.840  38.038238    13.0214    7.30249      3.808    32.2036    24.2233 -9.990e-29
 243.455052      3.822  38.060271    13.0487    7.29938      3.790    32.2012    24.2160 -9.990e-29
 243.455058      3.821  38.074109    13.0542    7.29930      3.789    32.2095    24.2214 -9.990e-29
 243.455064      3.840  38.075781    13.0418    7.30018      3.808    32.2216    24.2332 -9.990e-29
 243.455069      3.873  38.068644    13.0220    7.27507      3.841    32.2317    24.2449 -9.990e-29
 243.455075      3.907  38.056086    13.0071    7.25418      3.874    32.2325    24.2485 -9.990e-29
 243.455081      3.941  38.046039    12.9999    7.26003      3.908    32.2292    24.2473 -9.990e-29
 243.455087      3.978  38.043053    12.9896    7.29947      3.945    32.2351    24.2539 -9.990e-29
 243.455093      4.015  38.039779    12.9647    7.33504      3.981    32.2532    24.2728 -9.990e-29
 243.455098      4.046  38.026807    12.9341    7.33636      4.012    32.2670    24.2894 -9.990e-29
 243.455104      4.065  38.008717    12.9228    7.32199      4.031    32.2596    24.2859 -9.990e-29
 243.455110      4.065  38.001206    12.9388    7.30087      4.031    32.2388    24.2667 -9.990e-29
 243.455116      4.048  38.010518    12.9661    7.29460      4.014    32.2244    24.2502 -9.990e-29
 243.455122      4.033  38.027757    12.9847    7.29672      3.999    32.2248    24.2469 -9.990e-29
 243.455127      4.025  38.039458    12.9875    7.31275      3.991    32.2335    24.2531 -9.990e-29
 243.455133      4.025  38.040482    12.9840    7.31871      3.991    32.2374    24.2568 -9.990e-29
 243.455139      4.029  38.037247    12.9852    7.30620      3.995    32.2334    24.2534 -9.990e-29
 243.455145      4.027  38.037221    12.9933    7.29277      3.993    32.2264    24.2465 -9.990e-29
 243.455150      4.021  38.042614    13.0047    7.28251      3.987    32.2218    24.2407 -9.990e-29
 243.455156      4.017  38.051644    13.0120    7.29831      3.983    32.2241    24.2410 -9.990e-29
 243.455162      4.025  38.057287    13.0085    7.32577      3.991    32.2324    24.2481 -9.990e-29
 243.455168      4.049  38.054174    12.9965    7.32239      4.015    32.2397    24.2561 -9.990e-29
 243.455174      4.082  38.045448    12.9858    7.31004      4.048    32.2406    24.2589 -9.990e-29
 243.455179      4.110  38.038545    12.9857    7.28604      4.076    32.2341    24.2539 -9.990e-29
 243.455185      4.120  38.038842    12.9966    7.25941      4.086    32.2251    24.2448 -9.990e-29
 243.455191      4.118  38.046171    13.0098    7.25587      4.084    32.2208    24.2389 -9.990e-29
 243.455197      4.122  38.054605    13.0119    7.26637      4.088    32.2270    24.2432 -9.990e-29
 243.455203      4.135  38.054643    12.9952    7.28861      4.100    32.2412    24.2575 -9.990e-29
 243.455208      4.150  38.043539    12.9688    7.31066      4.115    32.2532    24.2720 -9.990e-29
 243.455214      4.163  38.028363    12.9538    7.30733      4.128    32.2517    24.2737 -9.990e-29
 243.455220      4.172  38.020288    12.9609    7.29470      4.137    32.2380    24.2617 -9.990e-29
 243.455226      4.172  38.025366    12.9773    7.29113      4.137    32.2288    24.2514 -9.990e-29
 243.455231      4.167  38.035785    12.9880    7.31534      4.132    32.2295    24.2499 -9.990e-29
 243.455237      4.166  38.041325    12.9903    7.32652      4.131    32.2328    24.2520 -9.990e-29
 243.455243      4.174  38.041529    12.9888    7.31738      4.139    32.2343    24.2534 -9.990e-29
 243.455249      4.181  38.040597    12.9896    7.28144      4.146    32.2327    24.2520 -9.990e-29
 243.455255      4.180  38.041776    12.9963    7.23634      4.145    32.2281    24.2472 -9.990e-29
 243.455260      4.176  38.046641    13.0058    7.22655      4.141    32.2246    24.2426 -9.990e-29
 243.455266      4.175  38.052706    13.0089    7.25392      4.140    32.2277    24.2444 -9.990e-29
 243.455272      4.188  38.054042    12.9970    7.30128      4.153    32.2391    24.2555 -9.990e-29
 243.455278      4.214  38.045704    12.9693    7.33548      4.179    32.2548    24.2731 -9.990e-29
 243.455284      4.243  38.028357    12.9392    7.33899      4.208    32.2641    24.2862 -9.990e-29
 243.455289      4.264  38.011400    12.9296    7.32001      4.228    32.2562    24.2820 -9.990e-29
 243.455295      4.273  38.007553    12.9505    7.28805      4.237    32.2348    24.2613 -9.990e-29
 243.455301      4.275  38.021216    12.9883    7.27188      4.239    32.2155    24.2390 -9.990e-29
 243.455307      4.280  38.043686    13.0192    7.27241      4.244    32.2104    24.2290 -9.990e-29
 243.455312      4.292  38.059500    13.0290    7.30482      4.256    32.2170    24.2322 -9.990e-29
 243.455318      4.311  38.061715    13.0198    7.32593      4.275    32.2269    24.2416 -9.990e-29
 243.455324      4.334  38.055536    13.0020    7.33156      4.298    32.2362    24.2523 -9.990e-29
 243.455330      4.355  38.046747    12.9915    7.29091      4.319    32.2368    24.2549 -9.990e-29
 243.455336      4.366  38.042140    13.0021    7.24019      4.330    32.2235    24.2424 -9.990e-29
 243.455341      4.368  38.049590    13.0295    7.21565      4.331    32.2072    24.2245 -9.990e-29
 243.455347      4.373  38.067249    13.0504    7.23537      4.336    32.2061    24.2195 -9.990e-29
 243.455353      4.392  38.079970    13.0442    7.28553      4.355    32.2233    24.2341 -9.990e-29
 243.455359      4.420  38.075559    13.0088    7.33058      4.383    32.2493    24.2611 -9.990e-29
 243.455365      4.446  38.054875    12.9644    7.33640      4.409    32.2675    24.2839 -9.990e-29
 243.455370      4.460  38.029038    12.9438    7.32227      4.423    32.2607    24.2827 -9.990e-29
 243.455376      4.458  38.016872    12.9606    7.30577      4.421    32.2349    24.2594 -9.990e-29
 243.455382      4.444  38.027386    12.9990    7.28845      4.407    32.2122    24.2343 -9.990e-29
 243.455388      4.430  38.051041    13.0316    7.29018      4.393    32.2067    24.2237 -9.990e-29
 243.455394      4.429  38.069468    13.0439    7.28704      4.392    32.2137    24.2267 -9.990e-29
 243.455399      4.439  38.074159    13.0434    7.27786      4.402    32.2185    24.2305 -9.990e-29
 243.455405      4.453  38.072499    13.0411    7.26496      4.416    32.2189    24.2313 -9.990e-29
 243.455411      4.468  38.071254    13.0414    7.25179      4.431    32.2174    24.2301 -9.990e-29
 243.455417      4.484  38.072129    13.0414    7.26493      4.447    32.2183    24.2307 -9.990e-29
 243.455422      4.504  38.074049    13.0349    7.28923      4.466    32.2256    24.2377 -9.990e-29
 243.455428      4.527  38.071724    13.0230    7.31684      4.489    32.2335    24.2461 -9.990e-29
 243.455434      4.551  38.062805    13.0106    7.31920      4.513    32.2356    24.2502 -9.990e-29
 243.455440      4.565  38.052230    13.0062    7.30058      4.527    32.2294    24.2463 -9.990e-29
 243.455446      4.561  38.049081    13.0191    7.27376      4.523    32.2155    24.2329 -9.990e-29
 243.455451      4.548  38.058691    13.0423    7.26912      4.510    32.2048    24.2201 -9.990e-29
 243.455457      4.538  38.073868    13.0568    7.27796      4.500    32.2068    24.2188 -9.990e-29
 243.455463      4.537  38.082888    13.0541    7.28749      4.499    32.2176    24.2277 -9.990e-29
 243.455469      4.547  38.080960    13.0429    7.29256      4.509    32.2253    24.2359 -9.990e-29
 243.455475      4.559  38.072811    13.0361    7.28632      4.521    32.2234    24.2357 -9.990e-29
 243.455480      4.571  38.067766    13.0362    7.28462      4.533    32.2185    24.2320 -9.990e-29
 243.455486      4.581  38.068072    13.0402    7.29416      4.543    32.2154    24.2288 -9.990e-29
 243.455492      4.593  38.070772    13.0454    7.30792      4.555    32.2135    24.2263 -9.990e-29
 243.455498      4.600  38.073861    13.0494    7.30327      4.562    32.2130    24.2251 -9.990e-29
 243.455503      4.601  38.075852    13.0539    7.29164      4.563    32.2111    24.2227 -9.990e-29
 243.455509      4.599  38.078282    13.0631    7.27456      4.561    32.2056    24.2167 -9.990e-29
 243.455515      4.599  38.083835    13.0760    7.25600      4.561    32.1998    24.2097 -9.990e-29
 243.455521      4.600  38.092063    13.0838    7.26814      4.562    32.2010    24.2090 -9.990e-29
 243.455527      4.607  38.096557    13.0790    7.28150      4.568    32.2093    24.2164 -9.990e-29
 243.455532      4.620  38.091536    13.0670    7.28861      4.581    32.2147    24.2230 -9.990e-29
 243.455538      4.631  38.083210    13.0596    7.28381      4.592    32.2132    24.2232 -9.990e-29
 243.455544      4.637  38.080109    13.0620    7.25503      4.598    32.2082    24.2189 -9.990e-29
 243.455550      4.639  38.082582    13.0713    7.26252      4.600    32.2026    24.2128 -9.990e-29
 243.455556      4.640  38.088320    13.0784    7.28147      4.601    32.2020    24.2109 -9.990e-29
 243.455561      4.650  38.092078    13.0758    7.30185      4.611    32.2078    24.2159 -9.990e-29
 243.455567      4.669  38.089338    13.0677    7.30117      4.630    32.2120    24.2208 -9.990e-29
 243.455573      4.684  38.084304    13.0660    7.27840      4.645    32.2087    24.2185 -9.990e-29
 243.455579      4.686  38.084846    13.0778    7.26016      4.647    32.1992    24.2089 -9.990e-29
 243.455584      4.677  38.093930    13.0958    7.25105      4.638    32.1925    24.2001 -9.990e-29
 243.455590      4.671  38.105160    13.1069    7.26693      4.632    32.1937    24.1988 -9.990e-29
 243.455596      4.670  38.111083    13.1044    7.27712      4.631    32.2013    24.2053 -9.990e-29
 243.455602      4.676  38.108945    13.0942    7.27901      4.637    32.2080    24.2124 -9.990e-29
 243.455608      4.683  38.101512    13.0895    7.29115      4.644    32.2050    24.2110 -9.990e-29
 243.455613      4.689  38.097382    13.0909    7.28731      4.650    32.1999    24.2068 -9.990e-29
 243.455619      4.693  38.097778    13.0926    7.28085      4.654    32.1988    24.2057 -9.990e-29
 243.455625      4.696  38.098741    13.0947    7.27754      4.657    32.1980    24.2046 -9.990e-29
 243.455631      4.699  38.100439    13.0969    7.27902      4.660    32.1977    24.2039 -9.990e-29
 243.455637      4.700  38.102332    13.0976    7.28140      4.661    32.1989    24.2047 -9.990e-29
 243.455642      4.701  38.103022    13.0971    7.28779      4.662    32.1999    24.2056 -9.990e-29
 243.455648      4.701  38.102873    13.0968    7.28722      4.662    32.2001    24.2058 -9.990e-29
 243.455654      4.700  38.102811    13.0976    7.26908      4.661    32.1993    24.2051 -9.990e-29
 243.455660      4.699  38.103316    13.0998    7.26407      4.660    32.1979    24.2035 -9.990e-29
 243.455666      4.697  38.104502    13.1030    7.25799      4.658    32.1963    24.2017 -9.990e-29
 243.455671      4.698  38.106271    13.1038    7.26823      4.659    32.1973    24.2023 -9.990e-29
 243.455677      4.707  38.106498    13.0969    7.27260      4.668    32.2034    24.2083 -9.990e-29
 243.455683      4.721  38.101563    13.0846    7.25716      4.682    32.2092    24.2152 -9.990e-29
 243.455689      4.734  38.093863    13.0768    7.25445      4.694    32.2086    24.2163 -9.990e-29
 243.455694      4.750  38.089957    13.0762    7.26234      4.710    32.2054    24.2139 -9.990e-29
 243.455700      4.763  38.090809    13.0751    7.28106      4.723    32.2071    24.2155 -9.990e-29
 243.455706      4.771  38.091384    13.0665    7.29274      4.731    32.2150    24.2233 -9.990e-29
 243.455712      4.779  38.086283    13.0577    7.29175      4.739    32.2176    24.2270 -9.990e-29
 243.455718      4.787  38.079925    13.0616    7.29853      4.747    32.2083    24.2191 -9.990e-29
 243.455723      4.787  38.081780    13.0762    7.28362      4.747    32.1977    24.2080 -9.990e-29
 243.455729      4.779  38.090397    13.0913    7.26574      4.739    32.1930    24.2014 -9.990e-29
 243.455735      4.771  38.098760    13.1047    7.25033      4.731    32.1895    24.1960 -9.990e-29
 243.455741      4.766  38.106247    13.1179    7.23774      4.726    32.1853    24.1902 -9.990e-29
 243.455747      4.766  38.114995    13.1268    7.24913      4.726    32.1860    24.1890 -9.990e-29
 243.455752      4.768  38.120970    13.1258    7.26828      4.728    32.1925    24.1942 -9.990e-29
 243.455758      4.779  38.118683    13.1157    7.28769      4.739    32.1989    24.2011 -9.990e-29
 243.455764      4.803  38.111259    13.1033    7.28855      4.763    32.2024    24.2063 -9.990e-29
 243.455770      4.832  38.105066    13.0966    7.27566      4.792    32.2022    24.2075 -9.990e-29
 243.455775      4.856  38.102504    13.0989    7.25658      4.815    32.1979    24.2037 -9.990e-29
 243.455781      4.873  38.104641    13.1066    7.24230      4.832    32.1933    24.1987 -9.990e-29
 243.455787      4.882  38.109840    13.1131    7.24354      4.841    32.1927    24.1969 -9.990e-29
 243.455793      4.886  38.113818    13.1152    7.26458      4.845    32.1947    24.1980 -9.990e-29
 243.455799      4.888  38.115155    13.1101    7.28827      4.847    32.2003    24.2033 -9.990e-29
 243.455804      4.893  38.112833    13.0951    7.29303      4.852    32.2108    24.2144 -9.990e-29
 243.455810      4.896  38.104323    13.0800    7.28069      4.855    32.2156    24.2211 -9.990e-29
 243.455816      4.894  38.095104    13.0827    7.25044      4.853    32.2046    24.2121 -9.990e-29
 243.455822      4.887  38.097562    13.1044    7.22281      4.846    32.1885    24.1954 -9.990e-29
 243.455828      4.874  38.113288    13.1248    7.22985      4.833    32.1860    24.1894 -9.990e-29
 243.455833      4.859  38.126797    13.1265    7.25295      4.818    32.1973    24.1978 -9.990e-29
 243.455839      4.849  38.125823    13.1111    7.27698      4.808    32.2095    24.2102 -9.990e-29
 243.455845      4.847  38.114687    13.0907    7.27848      4.806    32.2163    24.2195 -9.990e-29
 243.455851      4.850  38.101539    13.0779    7.25834      4.809    32.2148    24.2209 -9.990e-29
 243.455856      4.849  38.093524    13.0789    7.25402      4.808    32.2064    24.2142 -9.990e-29
 243.455862      4.844  38.095095    13.0866    7.26302      4.804    32.2013    24.2088 -9.990e-29
