data/oxygen options/ONMS/Olympic_Coast_National_Marine_Sanctuary_Hypoxia_Survey_CTD_Data_2004_2015/raw_data/2005/CTD_TH30_070705faedb.cnv
* Sea-Bird SBE19 Data File:
* FileName = C:\Hypoxia Data\TH30_070705.hex
* Software Version 1.1.6
* Temperature SN = 2997
* Conductivity SN = 2997
* System UpLoad Time = Jul 07 2005 10:01:07
* SEACAT PROFILER V3.1c SN 2997   07/07/05  10:00:36.116
* strain gauge pressure sensor: S/N = 184829,  range = 3000 psia,  tc = 40
# nquan = 9
# nvalues = 28                          
# units = specified
# name 0 = timeJ: Julian Days
# name 1 = prSM: Pressure, Strain Gauge [db]
# name 2 = c0mS/cm: Conductivity [mS/cm]
# name 3 = t090C: Temperature [ITS-90, deg C]
# name 4 = oxML/L: Oxygen, Beckman/YSI [ml/l]
# name 5 = depSM: Depth [salt water, m], lat = 47.5
# name 6 = sal00: Salinity, Practical [PSU]
# name 7 = sigma-é00: Density [sigma-theta, kg/m^3]
# name 8 = flag: flag
# span 0 = 188.385173, 188.385534       
# span 1 =      3.000,     30.000       
# span 2 =  35.668479,  38.713686       
# span 3 =     9.9032,    15.3210       
# span 4 =   -0.30044,   11.64016       
# span 5 =      2.975,     29.747       
# span 6 =    30.9409,    32.6154       
# span 7 =    22.7763,    25.1003       
# span 8 = 0.0000e+00, 0.0000e+00       
# interval = decibars: 1                
# start_time = Jul 07 2005 09:10:39 [Instrument's time stamp, header]
# bad_flag = -9.990e-29
*END*
 188.385173      3.000  38.713686    15.3210   11.23988      2.975    30.9409    22.7763 0.0000e+00
 188.385195      4.000  38.693847    15.1771   11.36487      3.967    31.0365    22.8808 0.0000e+00
 188.385209      5.000  38.672534    14.9530   11.41658      4.958    31.1954    23.0509 0.0000e+00
 188.385222      6.000  38.649154    14.6874   11.45748      5.949    31.3871    23.2547 0.0000e+00
 188.385233      7.000  38.589110    14.4137   11.50055      6.942    31.5542    23.4407 0.0000e+00
 188.385245      8.000  38.484575    14.2069   11.53961      7.933    31.6272    23.5399 0.0000e+00
 188.385256      9.000  38.397424    14.0949   11.59120      8.925    31.6388    23.5718 0.0000e+00
 188.385268     10.000  38.353181    14.0536   11.64016      9.916    31.6318    23.5749 0.0000e+00
 188.385280     11.000  38.332690    14.0325   11.47620     10.908    31.6299    23.5779 0.0000e+00
 188.385291     12.000  38.316676    14.0187   11.45052     11.900    31.6261    23.5778 0.0000e+00
 188.385302     13.000  38.303325    13.9951   11.45954     12.891    31.6329    23.5878 0.0000e+00
 188.385313     14.000  38.275519    13.9406   11.32238     13.883    31.6518    23.6135 0.0000e+00
 188.385323     15.000  38.205714    13.8200   10.91780     14.874    31.6865    23.6648 0.0000e+00
 188.385335     16.000  38.075811    13.6311   10.37220     15.866    31.7222    23.7305 0.0000e+00
 188.385346     17.000  37.908614    13.3898   10.68931     16.858    31.7669    23.8132 0.0000e+00
 188.385358     18.000  37.801781    13.1820   10.88342     17.849    31.8402    23.9111 0.0000e+00
 188.385369     19.000  37.711253    12.9988   10.58019     18.840    31.9086    23.9999 0.0000e+00
 188.385380     20.000  37.644875    12.8569   10.13802     19.832    31.9654    24.0714 0.0000e+00
 188.385391     21.000  37.494044    12.4109    9.52219     20.824    32.2017    24.3398 0.0000e+00
 188.385403     22.000  37.037386    11.7675    8.82838     21.816    32.3167    24.5493 0.0000e+00
 188.385416     23.000  36.728408    11.2443    8.48710     22.807    32.4730    24.7651 0.0000e+00
 188.385430     24.000  36.258181    10.6440    4.94950     23.798    32.5383    24.9214 0.0000e+00
 188.385446     25.000  36.012804    10.4996   -0.30044     24.790    32.4213    24.8554 0.0000e+00
 188.385461     26.000  36.053492    10.4704    4.57516     25.781    32.4877    24.9121 0.0000e+00
 188.385475     27.000  35.880072    10.1328    7.39171     26.773    32.6154    25.0687 0.0000e+00
 188.385488     28.000  35.748903    10.0050    2.44605     27.764    32.5974    25.0761 0.0000e+00
 188.385502     29.000  35.719456     9.9747    6.21257     28.756    32.5945    25.0788 0.0000e+00
 188.385534     30.000  35.668479     9.9032    9.69052     29.747    32.6069    25.1003 0.0000e+00
