data/oxygen options/ONMS/Olympic_Coast_National_Marine_Sanctuary_Hypoxia_Survey_CTD_Data_2004_2015/raw_data/2005/CTD_TH80_081505faed.cnv
* Sea-Bird SBE19 Data File:
* FileName = C:\Hypoxia Data\TH80_081505.hex
* Software Version 1.1.6
* Temperature SN = 2997
* Conductivity SN = 2997
* System UpLoad Time = Aug 15 2005 18:24:00
* SEACAT PROFILER V3.1c SN 2997   08/15/05  18:22:24.537
* strain gauge pressure sensor: S/N = 184829,  range = 3000 psia,  tc = 40
# nquan = 9                                 
# nvalues = 791                         
# units = specified
# name 0 = timeJ: Julian Days
# name 1 = prSM: Pressure, Strain Gauge [db]
# name 2 = c0mS/cm: Conductivity [mS/cm]
# name 3 = t090C: Temperature [ITS-90, deg C]
# name 4 = oxML/L: Oxygen, Beckman/YSI [ml/l]
# name 5 = depSM: Depth [salt water, m], lat = 47.5
# name 6 = sal00: Salinity, Practical [PSU]
# name 7 = sigma-é00: Density [sigma-theta, kg/m^3]
# name 8 = flag: flag
# span 0 = 227.684120, 227.688692       
# span 1 =     -3.696,     82.074       
# span 2 =   0.313101,  38.063495       
# span 3 =     7.4017,    14.1079       
# span 4 =   -0.11893,   26.78247       
# span 5 =     -3.665,     81.373       
# span 6 =     0.1912,    33.8339       
# span 7 =    -0.6199,    26.4443       
# span 8 = 0.0000e+00, 0.0000e+00       
# interval = seconds: 0.5
# start_time = Aug 15 2005 16:25:08 [Instrument's time stamp, header]
# bad_flag = -9.990e-29
*END*
[from data line 321]
 227.685978      3.460  37.984691    13.5699    7.40285      3.431    31.6932    23.7201 -9.990e-29
 227.685984      3.466  37.984904    13.5691    7.40955      3.437    31.6941    23.7209 -9.990e-29
 227.685990      3.475  37.985553    13.5710    7.41160      3.446    31.6931    23.7197 -9.990e-29
 227.685995      3.477  37.986379    13.5751    7.40591      3.448    31.6905    23.7169 -9.990e-29
 227.686001      3.474  37.987362    13.5791    7.39904      3.445    31.6881    23.7142 -9.990e-29
 227.686007      3.473  37.988129    13.5800    7.39016      3.444    31.6880    23.7140 -9.990e-29
 227.686013      3.479  37.988582    13.5772    7.39494      3.450    31.6908    23.7167 -9.990e-29
 227.686019      3.492  37.988766    13.5739    7.42139      3.463    31.6937    23.7196 -9.990e-29
 227.686024      3.509  37.988364    13.5737    7.42390      3.480    31.6934    23.7195 -9.990e-29
 227.686030      3.521  37.987961    13.5762    7.41675      3.492    31.6910    23.7171 -9.990e-29
 227.686036      3.527  37.988139    13.5795    7.39840      3.498    31.6884    23.7144 -9.990e-29
 227.686042      3.525  37.988574    13.5814    7.39675      3.496    31.6873    23.7132 -9.990e-29
 227.686047      3.521  37.988725    13.5807    7.40871      3.492    31.6880    23.7139 -9.990e-29
 227.686053      3.522  37.988794    13.5778    7.41705      3.493    31.6904    23.7163 -9.990e-29
 227.686059      3.529  37.988875    13.5765    7.42405      3.500    31.6916    23.7175 -9.990e-29
 227.686065      3.529  37.988514    13.5794    7.40453      3.500    31.6889    23.7148 -9.990e-29
 227.686071      3.517  37.987786    13.5834    7.39849      3.488    31.6849    23.7109 -9.990e-29
 227.686076      3.507  37.986843    13.5842    7.40672      3.478    31.6833    23.7096 -9.990e-29
 227.686082      3.506  37.986671    13.5814    7.41474      3.477    31.6855    23.7118 -9.990e-29
 227.686088      3.513  37.987604    13.5782    7.41618      3.484    31.6890    23.7152 -9.990e-29
 227.686094      3.525  37.988082    13.5783    7.41419      3.496    31.6894    23.7154 -9.990e-29
 227.686100      3.535  37.987617    13.5817    7.40097      3.505    31.6861    23.7122 -9.990e-29
 227.686105      3.538  37.986710    13.5852    7.40150      3.508    31.6824    23.7086 -9.990e-29
 227.686111      3.539  37.985834    13.5856    7.41305      3.509    31.6812    23.7077 -9.990e-29
 227.686117      3.547  37.986064    13.5829    7.41939      3.517    31.6837    23.7101 -9.990e-29
 227.686123      3.562  37.987148    13.5805    7.42019      3.532    31.6867    23.7129 -9.990e-29
 227.686128      3.576  37.987727    13.5816    7.40559      3.546    31.6863    23.7124 -9.990e-29
 227.686134      3.586  37.987449    13.5854    7.39402      3.556    31.6829    23.7090 -9.990e-29
 227.686140      3.598  37.985940    13.5874    7.39958      3.568    31.6798    23.7062 -9.990e-29
 227.686146      3.616  37.983994    13.5832    7.41647      3.586    31.6815    23.7083 -9.990e-29
 227.686152      3.632  37.983505    13.5773    7.43027      3.602    31.6859    23.7129 -9.990e-29
 227.686157      3.636  37.984380    13.5788    7.42095      3.606    31.6855    23.7123 -9.990e-29
 227.686163      3.626  37.984981    13.5872    7.41726      3.596    31.6791    23.7057 -9.990e-29
 227.686169      3.616  37.984423    13.5950    7.41627      3.586    31.6721    23.6987 -9.990e-29
 227.686175      3.618  37.983646    13.5964    7.41649      3.588    31.6702    23.6970 -9.990e-29
 227.686181      3.631  37.983860    13.5915    7.42389      3.601    31.6745    23.7013 -9.990e-29
 227.686186      3.648  37.984792    13.5866    7.41970      3.618    31.6794    23.7060 -9.990e-29
 227.686192      3.661  37.985438    13.5865    7.41445      3.630    31.6801    23.7066 -9.990e-29
 227.686198      3.667  37.985536    13.5887    7.42018      3.636    31.6783    23.7048 -9.990e-29
 227.686204      3.672  37.985778    13.5900    7.42960      3.641    31.6775    23.7039 -9.990e-29
 227.686209      3.678  37.986484    13.5907    7.44079      3.647    31.6775    23.7038 -9.990e-29
 227.686215      3.687  37.986916    13.5930    7.44941      3.656    31.6760    23.7022 -9.990e-29
 227.686221      3.695  37.986527    13.5983    7.44246      3.664    31.6713    23.6974 -9.990e-29
 227.686227      3.698  37.985359    13.6047    7.43482      3.667    31.6649    23.6912 -9.990e-29
 227.686233      3.697  37.983724    13.6087    7.42454      3.666    31.6601    23.6867 -9.990e-29
 227.686238      3.691  37.982246    13.6067    7.41795      3.660    31.6604    23.6873 -9.990e-29
 227.686244      3.684  37.981948    13.5994    7.43329      3.653    31.6661    23.6932 -9.990e-29
 227.686250      3.680  37.983559    13.5940    7.43319      3.649    31.6721    23.6989 -9.990e-29
 227.686256      3.675  37.984932    13.5953    7.43651      3.644    31.6723    23.6988 -9.990e-29
 227.686262      3.668  37.983973    13.5997    7.42576      3.637    31.6678    23.6944 -9.990e-29
 227.686267      3.667  37.982209    13.6031    7.42218      3.636    31.6633    23.6903 -9.990e-29
 227.686273      3.672  37.981217    13.6031    7.42971      3.641    31.6624    23.6896 -9.990e-29
 227.686279      3.679  37.981921    13.5992    7.43580      3.648    31.6663    23.6934 -9.990e-29
 227.686285      3.690  37.984703    13.5948    7.44009      3.659    31.6725    23.6991 -9.990e-29
 227.686291      3.699  37.987107    13.5942    7.43938      3.668    31.6752    23.7013 -9.990e-29
 227.686296      3.700  37.986731    13.5983    7.42396      3.669    31.6715    23.6976 -9.990e-29
 227.686302      3.692  37.984757    13.6039    7.41775      3.661    31.6650    23.6915 -9.990e-29
 227.686308      3.683  37.983605    13.6067    7.41322      3.652    31.6616    23.6883 -9.990e-29
 227.686314      3.677  37.983987    13.6052    7.41932      3.646    31.6632    23.6898 -9.990e-29
 227.686319      3.678  37.985293    13.6022    7.41738      3.647    31.6669    23.6933 -9.990e-29
 227.686325      3.691  37.986466    13.6005    7.42459      3.660    31.6694    23.6955 -9.990e-29
 227.686331      3.711  37.986829    13.5997    7.43034      3.680    31.6704    23.6965 -9.990e-29
 227.686337      3.731  37.987428    13.5989    7.44558      3.700    31.6716    23.6976 -9.990e-29
 227.686343      3.745  37.988504    13.6003    7.46451      3.714    31.6714    23.6972 -9.990e-29
 227.686348      3.749  37.988129    13.6060    7.46716      3.718    31.6664    23.6921 -9.990e-29
 227.686354      3.742  37.985806    13.6162    7.46293      3.711    31.6558    23.6819 -9.990e-29
 227.686360      3.730  37.983487    13.6281    7.45008      3.699    31.6438    23.6702 -9.990e-29
 227.686366      3.723  37.983134    13.6333    7.44925      3.692    31.6392    23.6656 -9.990e-29
 227.686372      3.731  37.984280    13.6268    7.45864      3.700    31.6456    23.6719 -9.990e-29
 227.686377      3.744  37.985657    13.6167    7.46416      3.713    31.6552    23.6813 -9.990e-29
 227.686383      3.752  37.986861    13.6144    7.46990      3.721    31.6582    23.6841 -9.990e-29
 227.686389      3.750  37.987252    13.6225    7.46457      3.719    31.6519    23.6776 -9.990e-29
 227.686395      3.737  37.987354    13.6353    7.45353      3.706    31.6414    23.6670 -9.990e-29
 227.686400      3.723  37.988424    13.6429    7.43668      3.692    31.6361    23.6613 -9.990e-29
 227.686406      3.719  37.989652    13.6384    7.43132      3.688    31.6410    23.6660 -9.990e-29
 227.686412      3.724  37.989879    13.6261    7.43581      3.693    31.6514    23.6765 -9.990e-29
 227.686418      3.735  37.989974    13.6161    7.44628      3.704    31.6597    23.6849 -9.990e-29
 227.686424      3.748  37.990065    13.6144    7.45344      3.717    31.6612    23.6864 -9.990e-29
 227.686429      3.755  37.989151    13.6198    7.44727      3.724    31.6559    23.6812 -9.990e-29
 227.686435      3.752  37.987696    13.6272    7.42882      3.721    31.6484    23.6740 -9.990e-29
 227.686441      3.744  37.987127    13.6316    7.42948      3.713    31.6443    23.6699 -9.990e-29
 227.686447      3.739  37.987812    13.6287    7.44267      3.708    31.6473    23.6728 -9.990e-29
 227.686453      3.740  37.988989    13.6215    7.46142      3.709    31.6544    23.6797 -9.990e-29
 227.686458      3.744  37.989988    13.6188    7.46296      3.713    31.6575    23.6827 -9.990e-29
 227.686464      3.741  37.989899    13.6236    7.45544      3.710    31.6535    23.6786 -9.990e-29
 227.686470      3.733  37.988604    13.6309    7.44314      3.702    31.6462    23.6715 -9.990e-29
 227.686476      3.730  37.987182    13.6352    7.42293      3.699    31.6413    23.6669 -9.990e-29
 227.686481      3.742  37.986545    13.6327    7.41711      3.711    31.6428    23.6686 -9.990e-29
 227.686487      3.766  37.986973    13.6241    7.42703      3.735    31.6503    23.6761 -9.990e-29
 227.686493      3.793  37.987917    13.6154    7.43787      3.761    31.6584    23.6840 -9.990e-29
 227.686499      3.817  37.988397    13.6119    7.45009      3.785    31.6617    23.6873 -9.990e-29
 227.686505      3.835  37.987929    13.6139    7.45510      3.803    31.6596    23.6853 -9.990e-29
 227.686510      3.850  37.987012    13.6189    7.44231      3.818    31.6546    23.6804 -9.990e-29
 227.686516      3.860  37.986671    13.6234    7.44005      3.828    31.6506    23.6764 -9.990e-29
 227.686522      3.868  37.987015    13.6242    7.44154      3.836    31.6502    23.6760 -9.990e-29
 227.686528      3.873  37.987384    13.6222    7.44113      3.841    31.6522    23.6779 -9.990e-29
 227.686534      3.877  37.987715    13.6204    7.44306      3.845    31.6540    23.6797 -9.990e-29
 227.686539      3.878  37.987891    13.6202    7.43657      3.846    31.6544    23.6800 -9.990e-29
 227.686545      3.883  37.987588    13.6213    7.44545      3.851    31.6532    23.6788 -9.990e-29
 227.686551      3.894  37.986964    13.6229    7.41300      3.861    31.6513    23.6770 -9.990e-29
 227.686557      3.913  37.986314    13.6226    7.40869      3.880    31.6509    23.6768 -9.990e-29
 227.686563      3.945  37.985896    13.6173    7.43198      3.912    31.6549    23.6810 -9.990e-29
 227.686568      3.998  37.986279    13.6068    7.49739      3.965    31.6639    23.6900 -9.990e-29
 227.686574      4.069  37.988538    13.5974    7.55924      4.035    31.6738    23.6995 -9.990e-29
 227.686580      4.150  37.991198    13.5951    7.54653      4.115    31.6781    23.7034 -9.990e-29
 227.686586      4.234  37.991076    13.5987    7.47437      4.199    31.6750    23.7002 -9.990e-29
 227.686591      4.326  37.988571    13.6044    7.40741      4.290    31.6679    23.6936 -9.990e-29
 227.686597      4.440  37.984832    13.6070    7.37343      4.403    31.6622    23.6887 -9.990e-29
 227.686603      4.588  37.979366    13.5922    7.28999      4.550    31.6693    23.6972 0.0000e+00
 227.686609      4.780  37.967694    13.5274    7.18099      4.740    31.7122    23.7432 0.0000e+00
 227.686615      5.023  37.933136    13.3722    6.92778      4.981    31.8091    23.8490 0.0000e+00
 227.686620      5.316  37.842520    13.1422    6.62980      5.272    31.9168    23.9777 0.0000e+00
 227.686626      5.647  37.698960    12.9215    6.35744      5.600    31.9675    24.0601 0.0000e+00
 227.686632      6.003  37.561700    12.7595    6.20160      5.953    31.9747    24.0970 0.0000e+00
 227.686638      6.377  37.468636    12.5795    6.16669      6.324    32.0390    24.1814 0.0000e+00
 227.686644      6.772  37.370228    12.2356    6.16301      6.715    32.2393    24.4018 0.0000e+00
 227.686649      7.192  37.136931    11.7567    6.19702      7.132    32.4291    24.6381 0.0000e+00
 227.686655      7.636  36.787395    11.3388    6.18453      7.572    32.4538    24.7332 0.0000e+00
 227.686661      8.109  36.504853    11.0515    6.15021      8.041    32.4285    24.7648 0.0000e+00
 227.686667      8.610  36.327424    10.8496    6.14186      8.538    32.4311    24.8022 0.0000e+00
 227.686672      9.136  36.196199    10.7263    6.16074      9.060    32.4097    24.8070 0.0000e+00
 227.686678      9.684  36.115588    10.6611    6.22162      9.603    32.3870    24.8006 0.0000e+00
 227.686684     10.245  36.072271    10.5628    6.22491     10.159    32.4309    24.8517 0.0000e+00
 227.686690     10.815  35.991657    10.3878    6.17341     10.724    32.5060    24.9401 0.0000e+00
 227.686696     11.394  35.846992    10.2103    6.06446     11.299    32.5191    24.9804 0.0000e+00
 227.686701     11.976  35.711688    10.0991    5.93117     11.876    32.4821    24.9701 0.0000e+00
 227.686707     12.558  35.641330    10.0317    5.81707     12.453    32.4712    24.9728 0.0000e+00
 227.686713     13.139  35.603180     9.9329    5.69315     13.029    32.5211    25.0282 0.0000e+00
 227.686719     13.719  35.526175     9.7727    5.58171     13.604    32.5872    25.1061 0.0000e+00
 227.686725     14.299  35.396217     9.6009    5.49478     14.179    32.6100    25.1519 0.0000e+00
 227.686730     14.878  35.269863     9.4659    5.41886     14.753    32.6030    25.1682 0.0000e+00
 227.686736     15.455  35.180987     9.3777    5.36515     15.325    32.5917    25.1735 0.0000e+00
 227.686742     16.031  35.126536     9.3285    5.34843     15.897    32.5802    25.1723 0.0000e+00
 227.686748     16.606  35.097232     9.2996    5.33681     16.467    32.5761    25.1737 0.0000e+00
 227.686753     17.173  35.080336     9.2630    5.32651     17.029    32.5918    25.1918 0.0000e+00
 227.686759     17.730  35.057240     9.2040    5.31960     17.581    32.6216    25.2244 0.0000e+00
 227.686765     18.282  35.017890     9.1360    5.29715     18.129    32.6429    25.2518 0.0000e+00
 227.686771     18.835  34.976523     9.0749    5.29051     18.677    32.6558    25.2715 0.0000e+00
 227.686777     19.385  34.944120     9.0270    5.29120     19.222    32.6659    25.2869 0.0000e+00
 227.686782     19.928  34.920067     8.9952    5.26699     19.761    32.6698    25.2950 0.0000e+00
 227.686788     20.465  34.904233     8.9765    5.27628     20.293    32.6703    25.2983 0.0000e+00
 227.686794     20.993  34.895119     8.9614    5.28015     20.817    32.6745    25.3039 0.0000e+00
 227.686800     21.509  34.886735     8.9429    5.28759     21.328    32.6826    25.3131 0.0000e+00
 227.686806     22.027  34.875189     8.9225    5.28287     21.842    32.6891    25.3213 0.0000e+00
 227.686811     22.556  34.863583     8.9015    5.26977     22.367    32.6961    25.3301 0.0000e+00
 227.686817     23.101  34.853256     8.8814    5.23640     22.907    32.7036    25.3391 0.0000e+00
 227.686823     23.659  34.843890     8.8663    5.20690     23.460    32.7075    25.3445 0.0000e+00
 227.686829     24.222  34.837009     8.8545    5.17931     24.018    32.7110    25.3490 0.0000e+00
 227.686834     24.787  34.831841     8.8357    5.13823     24.579    32.7227    25.3611 0.0000e+00
 227.686840     25.356  34.823738     8.7968    5.09575     25.143    32.7499    25.3884 0.0000e+00
 227.686846     25.931  34.807500     8.7366    5.03848     25.713    32.7883    25.4277 0.0000e+00
 227.686852     26.515  34.784459     8.6738    5.00323     26.292    32.8222    25.4638 0.0000e+00
 227.686858     27.102  34.762564     8.6271    4.98558     26.874    32.8423    25.4867 0.0000e+00
 227.686863     27.682  34.747365     8.5959    4.98009     27.449    32.8551    25.5015 0.0000e+00
 227.686869     28.255  34.737081     8.5722    4.97589     28.017    32.8661    25.5137 0.0000e+00
 227.686875     28.821  34.728642     8.5535    4.95284     28.578    32.8743    25.5230 0.0000e+00
 227.686881     29.383  34.722566     8.5388    4.92612     29.136    32.8814    25.5308 0.0000e+00
 227.686887     29.947  34.719717     8.5270    4.89192     29.695    32.8891    25.5386 0.0000e+00
 227.686892     30.522  34.719096     8.5172    4.84759     30.265    32.8974    25.5466 0.0000e+00
