data/oxygen options/ONMS/Olympic_Coast_National_Marine_Sanctuary_Hypoxia_Survey_CTD_Data_2004_2015/raw_data/2005/CTD_CE50_062105faed.cnv
* Sea-Bird SBE19 Data File:
* FileName = C:\hypoxia CTD data\CE50_062105.hex
* Software Version 1.1.5
* Temperature SN = 2997
* Conductivity SN = 2997
* System UpLoad Time = Jun 21 2005 16:27:16
* SEACAT PROFILER V3.1c SN 2997   06/21/05  16:26:18.074
* strain gauge pressure sensor: S/N = 184829,  range = 3000 psia,  tc = 40
# nquan = 9                                 
# nvalues = 682                         
# units = specified
# name 0 = timeJ: Julian Days
# name 1 = prSM: Pressure, Strain Gauge [db]
# name 2 = c0mS/cm: Conductivity [mS/cm]
# name 3 = t090C: Temperature [ITS-90, deg C]
# name 4 = oxML/L: Oxygen, Beckman/YSI [ml/l]
# name 5 = depSM: Depth [salt water, m], lat = 47.5
# name 6 = sal00: Salinity, Practical [PSU]
# name 7 = sigma-é00: Density [sigma-theta, kg/m^3]
# name 8 = flag: flag
# span 0 = 172.618611, 172.622552       
# span 1 =     -4.296,     52.420       
# span 2 =   0.430707,  38.167414       
# span 3 =     8.9786,    16.5462       
# span 4 =   -0.11581,   23.83853       
# span 5 =     -4.260,     51.976       
# span 6 =     0.2588,    33.0613       
# span 7 =    -0.7103,    25.6037       
# span 8 = 0.0000e+00, 0.0000e+00       
# interval = seconds: 0.5
# start_time = Jun 21 2005 14:50:48 [Instrument's time stamp, header]
# bad_flag = -9.990e-29
*END*
[from data line 321]
 172.620469      1.871  35.947145    16.5429    6.56322      1.855    27.6307    19.9696 -9.990e-29
 172.620475      1.863  35.947048    16.5429    6.57014      1.847    27.6307    19.9695 -9.990e-29
 172.620480      1.863  35.947202    16.5432    6.56210      1.847    27.6306    19.9694 -9.990e-29
 172.620486      1.864  35.947259    16.5437    6.56013      1.848    27.6303    19.9690 -9.990e-29
 172.620492      1.865  35.947299    16.5441    6.56016      1.849    27.6301    19.9688 -9.990e-29
 172.620498      1.868  35.947380    16.5440    6.56019      1.852    27.6302    19.9689 -9.990e-29
 172.620503      1.878  35.947617    16.5437    6.56434      1.862    27.6306    19.9693 -9.990e-29
 172.620509      1.891  35.947771    16.5436    6.55017      1.875    27.6308    19.9694 -9.990e-29
 172.620515      1.900  35.947492    16.5436    6.54753      1.884    27.6306    19.9692 -9.990e-29
 172.620521      1.901  35.946973    16.5434    6.55402      1.885    27.6302    19.9691 -9.990e-29
 172.620527      1.899  35.946647    16.5429    6.56053      1.883    27.6303    19.9692 -9.990e-29
 172.620532      1.902  35.946647    16.5424    6.56663      1.886    27.6307    19.9696 -9.990e-29
 172.620538      1.909  35.946978    16.5421    6.55704      1.893    27.6311    19.9700 -9.990e-29
 172.620544      1.913  35.947526    16.5423    6.54933      1.897    27.6315    19.9702 -9.990e-29
 172.620550      1.915  35.947905    16.5426    6.55359      1.899    27.6316    19.9703 -9.990e-29
 172.620556      1.918  35.948065    16.5423    6.55205      1.902    27.6319    19.9706 -9.990e-29
 172.620561      1.923  35.948224    16.5417    6.55182      1.907    27.6325    19.9711 -9.990e-29
 172.620567      1.934  35.948599    16.5412    6.54520      1.918    27.6331    19.9718 -9.990e-29
 172.620573      1.952  35.949135    16.5412    6.54323      1.936    27.6336    19.9721 -9.990e-29
 172.620579      1.970  35.949431    16.5417    6.55399      1.954    27.6335    19.9719 -9.990e-29
 172.620584      1.984  35.949326    16.5419    6.56884      1.967    27.6333    19.9717 -9.990e-29
 172.620590      1.996  35.949246    16.5414    6.56855      1.979    27.6335    19.9720 -9.990e-29
 172.620596      2.002  35.949649    16.5410    6.57024      1.985    27.6342    19.9726 -9.990e-29
 172.620602      1.997  35.949957    16.5415    6.56165      1.980    27.6341    19.9724 -9.990e-29
 172.620608      1.991  35.949464    16.5424    6.56223      1.974    27.6330    19.9714 -9.990e-29
 172.620613      1.991  35.948640    16.5429    6.55792      1.974    27.6320    19.9705 -9.990e-29
 172.620619      1.994  35.948073    16.5428    6.54710      1.977    27.6316    19.9702 -9.990e-29
 172.620625      1.994  35.947574    16.5425    6.55484      1.977    27.6314    19.9701 -9.990e-29
 172.620631      1.993  35.947044    16.5423    6.55776      1.976    27.6310    19.9699 -9.990e-29
 172.620637      1.993  35.946901    16.5421    6.55694      1.976    27.6311    19.9700 -9.990e-29
 172.620642      2.001  35.946961    16.5416    6.54683      1.984    27.6314    19.9704 -9.990e-29
 172.620648      2.011  35.946748    16.5411    6.54117      1.994    27.6316    19.9706 -9.990e-29
 172.620654      2.020  35.946544    16.5409    6.55107      2.003    27.6316    19.9706 -9.990e-29
 172.620660      2.028  35.946643    16.5408    6.55241      2.011    27.6317    19.9708 -9.990e-29
 172.620666      2.037  35.947182    16.5405    6.55260      2.020    27.6324    19.9713 -9.990e-29
 172.620671      2.046  35.948326    16.5402    6.55745      2.029    27.6336    19.9723 -9.990e-29
 172.620677      2.053  35.949362    16.5402    6.54700      2.036    27.6344    19.9730 -9.990e-29
 172.620683      2.053  35.949431    16.5403    6.54299      2.036    27.6344    19.9730 -9.990e-29
 172.620689      2.050  35.948631    16.5406    6.54238      2.033    27.6335    19.9722 -9.990e-29
 172.620694      2.049  35.948145    16.5409    6.55560      2.032    27.6329    19.9717 -9.990e-29
 172.620700      2.050  35.949013    16.5410    6.55741      2.033    27.6336    19.9722 -9.990e-29
 172.620706      2.048  35.950153    16.5415    6.55419      2.031    27.6342    19.9725 -9.990e-29
 172.620712      2.038  35.950287    16.5419    6.54066      2.021    27.6341    19.9723 -9.990e-29
 172.620718      2.030  35.949598    16.5421    6.53512      2.013    27.6333    19.9717 -9.990e-29
 172.620723      2.030  35.948669    16.5421    6.54711      2.013    27.6325    19.9711 -9.990e-29
 172.620729      2.035  35.947941    16.5423    6.54710      2.018    27.6318    19.9705 -9.990e-29
 172.620735      2.041  35.947924    16.5428    6.54737      2.024    27.6314    19.9701 -9.990e-29
 172.620741      2.048  35.948571    16.5431    6.54721      2.031    27.6318    19.9703 -9.990e-29
 172.620747      2.052  35.948849    16.5431    6.55117      2.035    27.6320    19.9705 -9.990e-29
 172.620752      2.049  35.948545    16.5430    6.56476      2.032    27.6318    19.9704 -9.990e-29
 172.620758      2.047  35.948351    16.5427    6.55887      2.030    27.6319    19.9705 -9.990e-29
 172.620764      2.056  35.948544    16.5424    6.54736      2.039    27.6322    19.9708 -9.990e-29
 172.620770      2.070  35.948798    16.5426    6.54695      2.053    27.6323    19.9708 -9.990e-29
 172.620775      2.084  35.948867    16.5434    6.55183      2.067    27.6318    19.9703 -9.990e-29
 172.620781      2.092  35.948819    16.5440    6.55191      2.075    27.6313    19.9698 -9.990e-29
 172.620787      2.101  35.948566    16.5441    6.54697      2.083    27.6311    19.9695 -9.990e-29
 172.620793      2.110  35.948307    16.5442    6.54150      2.092    27.6308    19.9693 -9.990e-29
 172.620799      2.115  35.948232    16.5444    6.54236      2.097    27.6306    19.9691 -9.990e-29
 172.620804      2.123  35.948219    16.5445    6.54511      2.105    27.6305    19.9690 -9.990e-29
 172.620810      2.136  35.948227    16.5444    6.54747      2.118    27.6306    19.9691 -9.990e-29
 172.620816      2.153  35.948241    16.5445    6.55178      2.135    27.6305    19.9690 -9.990e-29
 172.620822      2.164  35.948257    16.5446    6.55298      2.146    27.6304    19.9689 -9.990e-29
 172.620828      2.168  35.948272    16.5448    6.54353      2.150    27.6303    19.9688 -9.990e-29
 172.620833      2.163  35.948281    16.5448    6.54236      2.145    27.6303    19.9688 -9.990e-29
 172.620839      2.154  35.948271    16.5448    6.54816      2.136    27.6303    19.9688 -9.990e-29
 172.620845      2.149  35.948206    16.5445    6.56017      2.131    27.6305    19.9690 -9.990e-29
 172.620851      2.153  35.947974    16.5440    6.55683      2.135    27.6306    19.9692 -9.990e-29
 172.620856      2.160  35.947805    16.5440    6.54945      2.142    27.6305    19.9691 -9.990e-29
 172.620862      2.167  35.948010    16.5443    6.54208      2.149    27.6304    19.9690 -9.990e-29
 172.620868      2.174  35.948276    16.5446    6.54311      2.156    27.6304    19.9690 -9.990e-29
 172.620874      2.182  35.948373    16.5446    6.55076      2.164    27.6305    19.9690 -9.990e-29
 172.620880      2.192  35.948406    16.5440    6.54373      2.174    27.6310    19.9695 -9.990e-29
 172.620885      2.204  35.948395    16.5433    6.53600      2.186    27.6314    19.9700 -9.990e-29
 172.620891      2.219  35.948302    16.5433    6.54067      2.200    27.6313    19.9699 -9.990e-29
 172.620897      2.233  35.947980    16.5434    6.56359      2.214    27.6310    19.9696 -9.990e-29
 172.620903      2.243  35.947534    16.5434    6.55886      2.224    27.6306    19.9694 -9.990e-29
 172.620909      2.255  35.947468    16.5434    6.54908      2.236    27.6306    19.9693 -9.990e-29
 172.620914      2.277  35.947669    16.5437    6.53989      2.258    27.6305    19.9692 -9.990e-29
 172.620920      2.314  35.947821    16.5444    6.53400      2.295    27.6302    19.9688 -9.990e-29
 172.620926      2.370  35.948102    16.5450    6.55592      2.350    27.6300    19.9685 -9.990e-29
 172.620932      2.444  35.948302    16.5448    6.55221      2.424    27.6302    19.9688 -9.990e-29
 172.620938      2.532  35.948103    16.5442    6.53409      2.511    27.6305    19.9691 -9.990e-29
 172.620943      2.634  35.947775    16.5437    6.53342      2.612    27.6305    19.9692 -9.990e-29
 172.620949      2.763  35.947978    16.5432    6.53993      2.740    27.6310    19.9697 0.0000e+00
 172.620955      2.930  35.949520    16.5409    6.53670      2.906    27.6338    19.9724 0.0000e+00
 172.620961      3.137  35.953313    16.5360    6.52218      3.111    27.6404    19.9785 0.0000e+00
 172.620966      3.376  35.959343    16.5298    6.49435      3.348    27.6497    19.9870 0.0000e+00
 172.620972      3.637  35.966094    16.5238    6.46105      3.607    27.6595    19.9959 0.0000e+00
 172.620978      3.916  35.972449    16.5150    6.46846      3.883    27.6709    20.0065 0.0000e+00
 172.620984      4.216  35.981251    16.4984    6.51070      4.181    27.6898    20.0247 0.0000e+00
 172.620990      4.545  35.998041    16.4740    6.49560      4.507    27.7209    20.0539 0.0000e+00
 172.620995      4.897  36.023315    16.4467    6.44529      4.856    27.7613    20.0909 0.0000e+00
 172.621001      5.266  36.051500    16.4208    6.35853      5.222    27.8033    20.1287 0.0000e+00
 172.621007      5.648  36.076976    16.3968    6.27880      5.601    27.8416    20.1634 0.0000e+00
 172.621013      6.038  36.098360    16.3656    6.22707      5.988    27.8816    20.2009 0.0000e+00
 172.621019      6.432  36.123392    16.3059    6.16864      6.378    27.9446    20.2623 0.0000e+00
 172.621024      6.829  36.177007    16.1814    6.07986      6.772    28.0780    20.3917 0.0000e+00
 172.621030      7.223  36.300390    15.9761    5.95825      7.163    28.3299    20.6296 0.0000e+00
 172.621036      7.606  36.508887    15.7699    5.85935      7.542    28.6590    20.9266 0.0000e+00
 172.621042      7.973  36.706477    15.6488    5.85150      7.906    28.9195    21.1527 0.0000e+00
 172.621047      8.330  36.799388    15.5507    5.91205      8.260    29.0728    21.2914 0.0000e+00
 172.621053      8.694  36.871066    15.3907    6.01390      8.621    29.2541    21.4649 0.0000e+00
 172.621059      9.082  37.007511    15.2149    6.09795      9.006    29.5059    21.6958 0.0000e+00
 172.621065      9.495  37.173620    15.1062    6.15124      9.416    29.7352    21.8951 0.0000e+00
 172.621071      9.935  37.336801    15.0780    6.21389      9.852    29.9017    22.0291 0.0000e+00
 172.621076     10.395  37.508769    15.0958    6.28739     10.308    30.0410    22.1325 0.0000e+00
 172.621082     10.863  37.705677    15.1170    6.35619     10.772    30.1998    22.2502 0.0000e+00
 172.621088     11.333  37.904596    15.0981    6.39640     11.238    30.3916    22.4017 0.0000e+00
 172.621094     11.810  38.055002    15.0282    6.39099     11.711    30.5801    22.5616 0.0000e+00
 172.621100     12.289  38.137014    14.9426    6.38896     12.186    30.7204    22.6877 0.0000e+00
 172.621105     12.764  38.167414    14.8592    6.39540     12.657    30.8133    22.7768 0.0000e+00
 172.621111     13.235  38.165940    14.7604    6.39900     13.124    30.8900    22.8566 0.0000e+00
 172.621117     13.701  38.136192    14.6295    6.41712     13.586    30.9670    22.9434 0.0000e+00
 172.621123     14.162  38.069873    14.4618    6.39427     14.043    31.0407    23.0351 0.0000e+00
 172.621128     14.622  37.966567    14.2676    6.35117     14.499    31.1024    23.1228 0.0000e+00
 172.621134     15.081  37.842152    14.0654    6.33157     14.955    31.1517    23.2022 0.0000e+00
 172.621140     15.537  37.715192    13.8647    6.34662     15.407    31.1976    23.2784 0.0000e+00
 172.621146     15.998  37.594120    13.6433    6.38453     15.864    31.2660    23.3757 0.0000e+00
 172.621152     16.472  37.462134    13.3713    6.41880     16.334    31.3663    23.5072 0.0000e+00
 172.621157     16.960  37.291242    13.0875    6.41914     16.818    31.4407    23.6205 0.0000e+00
 172.621163     17.458  37.108115    12.8701    6.39873     17.312    31.4487    23.6689 0.0000e+00
 172.621169     17.963  36.974679    12.7357    6.36110     17.812    31.4344    23.6836 0.0000e+00
 172.621175     18.475  36.900226    12.6439    6.30250     18.320    31.4403    23.7057 0.0000e+00
 172.621181     18.991  36.849908    12.5570    6.19074     18.832    31.4649    23.7413 0.0000e+00
 172.621186     19.509  36.798643    12.4648    6.03495     19.345    31.4932    23.7806 0.0000e+00
 172.621192     20.029  36.740843    12.3674    5.82884     19.861    31.5196    23.8195 0.0000e+00
 172.621198     20.550  36.682949    12.2380    5.54551     20.377    31.5730    23.8851 0.0000e+00
 172.621204     21.070  36.611648    12.0382    5.19970     20.893    31.6734    24.0001 0.0000e+00
 172.621209     21.588  36.498556    11.7689    4.80338     21.407    31.7934    24.1427 0.0000e+00
 172.621215     22.103  36.351517    11.4659    4.41887     21.917    31.9105    24.2885 0.0000e+00
 172.621221     22.615  36.197577    11.1567    4.13269     22.425    32.0274    24.4345 0.0000e+00
 172.621227     23.124  36.051194    10.8502    3.92379     22.930    32.1504    24.5840 0.0000e+00
 172.621233     23.639  35.911104    10.5601    3.80526     23.440    32.2665    24.7244 0.0000e+00
 172.621238     24.162  35.766486    10.3127    3.75564     23.959    32.3410    24.8245 0.0000e+00
 172.621244     24.691  35.622346    10.1359    3.75473     24.483    32.3534    24.8638 0.0000e+00
 172.621250     25.228  35.513473    10.0323    3.78263     25.016    32.3357    24.8673 0.0000e+00
 172.621256     25.766  35.461699     9.9697    3.82057     25.549    32.3391    24.8803 0.0000e+00
 172.621262     26.299  35.446712     9.9167    3.84836     26.078    32.3711    24.9141 0.0000e+00
 172.621267     26.824  35.441201     9.8654    3.88769     26.598    32.4114    24.9539 0.0000e+00
 172.621273     27.352  35.432181     9.8194    3.90273     27.122    32.4434    24.9864 0.0000e+00
 172.621279     27.880  35.417122     9.7749    3.89087     27.645    32.4679    25.0129 0.0000e+00
 172.621285     28.403  35.398897     9.7212    3.87385     28.164    32.4976    25.0448 0.0000e+00
 172.621291     28.927  35.381762     9.6509    3.83746     28.684    32.5434    25.0921 0.0000e+00
 172.621296     29.448  35.371990     9.5714    3.80621     29.200    32.6053    25.1533 0.0000e+00
 172.621302     29.963  35.374457     9.4941    3.73970     29.711    32.6780    25.2225 0.0000e+00
 172.621308     30.473  35.386809     9.4163    3.67422     30.216    32.7615    25.3003 0.0000e+00
 172.621314     30.982  35.396323     9.3435    3.63257     30.721    32.8378    25.3716 0.0000e+00
 172.621319     31.483  35.393226     9.2938    3.61183     31.218    32.8801    25.4126 0.0000e+00
 172.621325     31.971  35.387362     9.2697    3.61821     31.702    32.8960    25.4289 0.0000e+00
 172.621331     32.445  35.388813     9.2608    3.62023     32.172    32.9055    25.4378 0.0000e+00
 172.621337     32.911  35.394997     9.2620    3.63150     32.634    32.9106    25.4415 0.0000e+00
 172.621343     33.372  35.401795     9.2718    3.62593     33.091    32.9084    25.4383 0.0000e+00
 172.621348     33.828  35.407595     9.2787    3.62291     33.543    32.9078    25.4367 0.0000e+00
 172.621354     34.282  35.411695     9.2686    3.62021     33.993    32.9211    25.4488 0.0000e+00
 172.621360     34.743  35.412252     9.2439    3.62627     34.450    32.9443    25.4708 0.0000e+00
 172.621366     35.212  35.407183     9.2169    3.63741     34.915    32.9638    25.4903 0.0000e+00
 172.621372     35.695  35.398113     9.1971    3.64055     35.394    32.9725    25.5003 0.0000e+00
 172.621377     36.189  35.390294     9.1866    3.63160     35.884    32.9739    25.5030 0.0000e+00
 172.621383     36.690  35.386726     9.1800    3.60079     36.381    32.9760    25.5058 0.0000e+00
