data/oxygen options/ONMS/Olympic_Coast_National_Marine_Sanctuary_Hypoxia_Survey_CTD_Data_2004_2015/raw_data/2005/CTD_TH80_052405faed.cnv
* Sea-Bird SBE19 Data File:
* FileName = C:\Documents and Settings\kirner.PTANGELES\Desktop\hypoxia CTD data\TH90_052405.hex
* Software Version 1.1.5
* Temperature SN = 2997
* Conductivity SN = 2997
* System UpLoad Time = May 24 2005 18:10:51
* SEACAT PROFILER V3.1c SN 2997   05/24/05  18:09:42.606
* strain gauge pressure sensor: S/N = 184829,  range = 3000 psia,  tc = 40
# nquan = 9                                 
# nvalues = 1594                        
# units = specified
# name 0 = timeJ: Julian Days
# name 1 = prSM: Pressure, Strain Gauge [db]
# name 2 = c0mS/cm: Conductivity [mS/cm]
# name 3 = t090C: Temperature [ITS-90, deg C]
# name 4 = oxML/L: Oxygen, Beckman/YSI [ml/l]
# name 5 = depSM: Depth [salt water, m], lat = 47.5
# name 6 = sal00: Salinity, Practical [PSU]
# name 7 = sigma-é00: Density [sigma-theta, kg/m^3]
# name 8 = flag: flag
# span 0 = 144.692431, 144.701649       
# span 1 =     -3.770,     83.653       
# span 2 =   0.055143,  37.059406       
# span 3 =     8.8128,    14.1014       
# span 4 =  -13.72448,   25.98144       
# span 5 =     -3.739,     82.938       
# span 6 =     0.0359,    33.2103       
# span 7 =    -0.6519,    25.7474       
# span 8 = 0.0000e+00, 0.0000e+00       
# interval = seconds: 0.5
# start_time = May 24 2005 16:37:06 [Instrument's time stamp, header]
# bad_flag = -9.990e-29
*END*
[from data line 321]
 144.694288      1.852  33.269617    14.0385    6.25394      1.837    27.0273    20.0281 -9.990e-29
 144.694294      1.862  33.287848    14.0387    6.24786      1.846    27.0435    20.0406 -9.990e-29
 144.694300      1.861  33.296341    14.0393    6.23888      1.845    27.0508    20.0460 -9.990e-29
 144.694306      1.863  33.295219    14.0397    6.23104      1.847    27.0495    20.0449 -9.990e-29
 144.694311      1.871  33.293643    14.0399    6.24047      1.855    27.0479    20.0437 -9.990e-29
 144.694317      1.882  33.295122    14.0402    6.24314      1.866    27.0490    20.0445 -9.990e-29
 144.694323      1.889  33.300513    14.0413    6.23692      1.873    27.0531    20.0474 -9.990e-29
 144.694329      1.891  33.301318    14.0430    6.22976      1.875    27.0526    20.0467 -9.990e-29
 144.694334      1.897  33.292450    14.0447    6.22092      1.881    27.0435    20.0393 -9.990e-29
 144.694340      1.913  33.286753    14.0463    6.23002      1.897    27.0372    20.0342 -9.990e-29
 144.694346      1.939  33.291767    14.0470    6.23669      1.923    27.0412    20.0371 -9.990e-29
 144.694352      1.971  33.296812    14.0457    6.23119      1.955    27.0467    20.0416 -9.990e-29
 144.694358      2.001  33.300215    14.0448    6.24819      1.984    27.0503    20.0446 -9.990e-29
 144.694363      2.016  33.302595    14.0464    6.22893      1.999    27.0514    20.0451 -9.990e-29
 144.694369      2.017  33.296483    14.0492    6.24528      2.000    27.0439    20.0388 -9.990e-29
 144.694375      2.019  33.282143    14.0512    6.25181      2.002    27.0296    20.0274 -9.990e-29
 144.694381      2.028  33.270723    14.0523    6.25265      2.011    27.0186    20.0187 -9.990e-29
 144.694387      2.042  33.269982    14.0528    6.22751      2.025    27.0175    20.0178 -9.990e-29
 144.694392      2.057  33.266049    14.0526    6.21628      2.040    27.0141    20.0152 -9.990e-29
 144.694398      2.074  33.230149    14.0515    6.25219      2.057    26.9827    19.9912 -9.990e-29
 144.694404      2.089  33.173827    14.0502    6.23246      2.072    26.9330    19.9531 -9.990e-29
 144.694410      2.096  33.121185    14.0491    6.22305      2.078    26.8864    19.9175 -9.990e-29
 144.694416      2.091  33.009324    14.0479    6.20337      2.074    26.7868    19.8410 -9.990e-29
 144.694421      2.077  32.928380    14.0459    6.21560      2.060    26.7156    19.7866 -9.990e-29
 144.694427      2.066  32.990657    14.0433    6.23782      2.049    26.7733    19.8315 -9.990e-29
 144.694433      2.070  33.051686    14.0421    6.22396      2.053    26.8289    19.8746 -9.990e-29
 144.694439      2.086  33.065092    14.0430    6.21617      2.069    26.8403    19.8832 -9.990e-29
 144.694444      2.097  33.101432    14.0438    6.19935      2.079    26.8724    19.9077 -9.990e-29
 144.694450      2.100  33.154806    14.0434    6.17887      2.082    26.9206    19.9450 -9.990e-29
 144.694456      2.103  33.166371    14.0430    6.19807      2.085    26.9313    19.9533 -9.990e-29
 144.694462      2.111  33.161642    14.0434    6.13922      2.093    26.9267    19.9497 -9.990e-29
 144.694468      2.117  33.200448    14.0437    6.03983      2.099    26.9614    19.9763 -9.990e-29
 144.694473      2.102  33.234784    14.0438    6.01235      2.084    26.9922    20.0000 -9.990e-29
 144.694479      2.067  33.244310    14.0443    6.03697      2.050    27.0004    20.0062 -9.990e-29
 144.694485      2.030  33.253502    14.0451    6.11348      2.013    27.0081    20.0120 -9.990e-29
 144.694491      2.011  33.270700    14.0454    6.20113      1.994    27.0234    20.0237 -9.990e-29
 144.694497      2.012  33.291942    14.0447    6.22011      1.995    27.0430    20.0389 -9.990e-29
 144.694502      2.020  33.305771    14.0439    6.21347      2.003    27.0560    20.0491 -9.990e-29
 144.694508      2.025  33.307654    14.0439    6.21666      2.008    27.0576    20.0504 -9.990e-29
 144.694514      2.020  33.302348    14.0443    6.21057      2.003    27.0526    20.0464 -9.990e-29
 144.694520      2.016  33.297914    14.0445    6.22327      1.999    27.0485    20.0432 -9.990e-29
 144.694525      2.023  33.297975    14.0441    6.23044      2.006    27.0488    20.0436 -9.990e-29
 144.694531      2.043  33.299256    14.0432    6.21661      2.026    27.0506    20.0451 -9.990e-29
 144.694537      2.069  33.294507    14.0421    6.21740      2.052    27.0471    20.0426 -9.990e-29
 144.694543      2.093  33.283007    14.0411    6.20867      2.076    27.0374    20.0354 -9.990e-29
 144.694549      2.109  33.272405    14.0400    6.21092      2.091    27.0287    20.0288 -9.990e-29
 144.694554      2.117  33.275462    14.0381    6.21897      2.099    27.0327    20.0324 -9.990e-29
 144.694560      2.126  33.294003    14.0348    6.21232      2.108    27.0517    20.0476 -9.990e-29
 144.694566      2.142  33.312953    14.0316    6.21637      2.124    27.0710    20.0631 -9.990e-29
 144.694572      2.162  33.323949    14.0304    6.21833      2.144    27.0817    20.0716 -9.990e-29
 144.694578      2.177  33.327076    14.0309    6.22557      2.159    27.0842    20.0734 -9.990e-29
 144.694583      2.185  33.323695    14.0316    6.22562      2.167    27.0806    20.0705 -9.990e-29
 144.694589      2.186  33.314336    14.0317    6.22136      2.168    27.0722    20.0640 -9.990e-29
 144.694595      2.184  33.294362    14.0314    6.21268      2.166    27.0544    20.0504 -9.990e-29
 144.694601      2.188  33.270201    14.0314    6.20023      2.170    27.0327    20.0336 -9.990e-29
 144.694606      2.202  33.259510    14.0316    6.20166      2.184    27.0229    20.0261 -9.990e-29
 144.694612      2.223  33.256435    14.0317    6.19921      2.204    27.0201    20.0239 -9.990e-29
 144.694618      2.244  33.249025    14.0313    6.20850      2.225    27.0137    20.0190 -9.990e-29
 144.694624      2.258  33.247011    14.0303    6.21456      2.239    27.0126    20.0184 -9.990e-29
 144.694630      2.257  33.255547    14.0292    6.22528      2.238    27.0210    20.0251 -9.990e-29
 144.694635      2.240  33.263032    14.0291    6.22240      2.221    27.0278    20.0303 -9.990e-29
 144.694641      2.220  33.267111    14.0299    6.21324      2.201    27.0309    20.0326 -9.990e-29
 144.694647      2.213  33.273216    14.0306    6.21491      2.195    27.0359    20.0363 -9.990e-29
 144.694653      2.226  33.278835    14.0311    6.21046      2.207    27.0406    20.0398 -9.990e-29
 144.694659      2.252  33.285294    14.0312    6.21018      2.233    27.0464    20.0442 -9.990e-29
 144.694664      2.279  33.291110    14.0304    6.21150      2.260    27.0522    20.0488 -9.990e-29
 144.694670      2.301  33.298428    14.0292    6.21084      2.282    27.0596    20.0548 -9.990e-29
 144.694676      2.311  33.309154    14.0288    6.20888      2.292    27.0695    20.0625 -9.990e-29
 144.694682      2.304  33.310681    14.0292    6.21146      2.285    27.0706    20.0633 -9.990e-29
 144.694687      2.286  33.302239    14.0299    6.21460      2.267    27.0625    20.0569 -9.990e-29
 144.694693      2.267  33.297786    14.0301    6.20955      2.248    27.0584    20.0537 -9.990e-29
 144.694699      2.259  33.300347    14.0294    6.20248      2.240    27.0612    20.0560 -9.990e-29
 144.694705      2.267  33.301562    14.0271    6.19296      2.248    27.0639    20.0585 -9.990e-29
 144.694711      2.285  33.294082    14.0237    6.20083      2.266    27.0595    20.0558 -9.990e-29
 144.694716      2.303  33.292585    14.0209    6.21534      2.284    27.0601    20.0568 -9.990e-29
 144.694722      2.312  33.311320    14.0199    6.21072      2.293    27.0777    20.0705 -9.990e-29
 144.694728      2.315  33.327627    14.0204    6.20914      2.296    27.0920    20.0815 -9.990e-29
 144.694734      2.306  33.326254    14.0221    6.19884      2.287    27.0896    20.0793 -9.990e-29
 144.694740      2.289  33.319937    14.0246    6.18991      2.270    27.0821    20.0731 -9.990e-29
 144.694745      2.281  33.315939    14.0269    6.21226      2.262    27.0769    20.0686 -9.990e-29
 144.694751      2.284  33.313409    14.0287    6.20865      2.265    27.0734    20.0655 -9.990e-29
 144.694757      2.291  33.315694    14.0304    6.20384      2.272    27.0743    20.0658 -9.990e-29
 144.694763      2.298  33.319671    14.0317    6.19052      2.279    27.0769    20.0676 -9.990e-29
 144.694769      2.306  33.317187    14.0326    6.17168      2.287    27.0741    20.0653 -9.990e-29
 144.694774      2.318  33.311649    14.0334    6.17108      2.299    27.0685    20.0608 -9.990e-29
 144.694780      2.344  33.310801    14.0345    6.15224      2.324    27.0670    20.0594 -9.990e-29
 144.694786      2.387  33.313510    14.0358    6.03994      2.367    27.0685    20.0603 -9.990e-29
 144.694792      2.435  33.314973    14.0369    5.92136      2.415    27.0690    20.0605 -9.990e-29
 144.694797      2.480  33.308730    14.0377    5.77198      2.459    27.0628    20.0556 -9.990e-29
 144.694803      2.524  33.283090    14.0382    5.72048      2.503    27.0394    20.0375 -9.990e-29
 144.694809      2.586  33.234682    14.0381    5.84725      2.564    26.9959    20.0040 -9.990e-29
 144.694815      2.689  33.185824    14.0377    5.99503      2.667    26.9523    19.9705 -9.990e-29
 144.694821      2.833  33.149825    14.0372    6.15588      2.809    26.9202    19.9459 0.0000e+00
 144.694826      3.012  33.137526    14.0358    6.21742      2.987    26.9101    19.9384 0.0000e+00
 144.694832      3.211  33.166705    14.0306    6.20717      3.184    26.9399    19.9623 0.0000e+00
 144.694838      3.413  33.215735    14.0149    6.20081      3.384    26.9949    20.0077 0.0000e+00
 144.694844      3.609  33.280494    13.9738    6.18101      3.579    27.0819    20.0828 0.0000e+00
 144.694850      3.790  33.394640    13.9078    6.17238      3.758    27.2313    20.2108 0.0000e+00
 144.694855      3.952  33.562410    13.8407    6.15629      3.919    27.4305    20.3773 0.0000e+00
 144.694861      4.095  33.747440    13.7833    6.10372      4.061    27.6391    20.5493 0.0000e+00
 144.694867      4.220  33.901617    13.7293    6.10510      4.185    27.8180    20.6978 -9.990e-29
 144.694873      4.332  34.027043    13.6730    6.14551      4.296    27.9730    20.8282 -9.990e-29
 144.694878      4.436  34.163147    13.6180    6.16054      4.399    28.1373    20.9656 -9.990e-29
 144.694884      4.540  34.304180    13.5698    6.19130      4.502    28.3016    21.1016 -9.990e-29
 144.694890      4.645  34.435266    13.5320    6.21339      4.606    28.4495    21.2231 -9.990e-29
 144.694896      4.747  34.554603    13.5082    6.09946      4.707    28.5765    21.3257 -9.990e-29
 144.694902      4.843  34.639116    13.4918    5.97734      4.803    28.6663    21.3981 -9.990e-29
 144.694907      4.946  34.687686    13.4615    5.91743      4.905    28.7336    21.4559 -9.990e-29
 144.694913      5.070  34.776277    13.3872    5.94487      5.028    28.8710    21.5764 -9.990e-29
 144.694919      5.207  35.038700    13.2638    6.07537      5.163    29.2070    21.8596 0.0000e+00
 144.694925      5.359  35.500261    13.1370    6.17394      5.314    29.7331    22.2904 0.0000e+00
 144.694931      5.518  35.957849    13.0543    6.23768      5.472    30.2245    22.6862 0.0000e+00
 144.694936      5.659  36.218129    13.0233    6.26469      5.612    30.4925    22.8993 -9.990e-29
 144.694942      5.776  36.300668    13.0231    6.27781      5.728    30.5698    22.9591 -9.990e-29
 144.694948      5.871  36.290265    13.0252    6.29076      5.822    30.5583    22.9499 -9.990e-29
 144.694954      5.942  36.258830    13.0223    6.29946      5.892    30.5312    22.9295 -9.990e-29
 144.694959      5.989  36.253039    13.0203    6.31553      5.939    30.5274    22.9269 -9.990e-29
 144.694965      6.018  36.261242    13.0156    6.29549      5.968    30.5389    22.9366 -9.990e-29
 144.694971      6.041  36.282596    13.0071    6.25760      5.990    30.5657    22.9590 -9.990e-29
 144.694977      6.063  36.316972    12.9988    6.23776      6.012    30.6045    22.9907 -9.990e-29
 144.694983      6.086  36.338986    12.9889    6.24951      6.035    30.6331    23.0147 -9.990e-29
 144.694988      6.115  36.349385    12.9708    6.28305      6.064    30.6575    23.0370 -9.990e-29
 144.694994      6.153  36.368757    12.9403    6.32188      6.102    30.7004    23.0760 -9.990e-29
 144.695000      6.184  36.402180    12.9117    6.33144      6.132    30.7549    23.1237 -9.990e-29
 144.695006      6.189  36.430846    12.9100    6.32119      6.137    30.7832    23.1459 -9.990e-29
 144.695012      6.159  36.434087    12.9328    6.30829      6.108    30.7677    23.1296 -9.990e-29
 144.695017      6.111  36.414528    12.9572    6.31532      6.060    30.7296    23.0954 -9.990e-29
 144.695023      6.075  36.389260    12.9719    6.34018      6.024    30.6940    23.0650 -9.990e-29
 144.695029      6.066  36.372819    12.9780    6.28844      6.015    30.6737    23.0481 -9.990e-29
 144.695035      6.080  36.365715    12.9768    6.29398      6.029    30.6680    23.0440 -9.990e-29
 144.695041      6.103  36.368004    12.9686    6.27554      6.052    30.6767    23.0523 -9.990e-29
 144.695046      6.121  36.383291    12.9601    6.40893      6.070    30.6980    23.0704 -9.990e-29
 144.695052      6.122  36.397748    12.9602    6.54091      6.071    30.7114    23.0808 -9.990e-29
 144.695058      6.106  36.393075    12.9749    6.61864      6.055    30.6951    23.0653 -9.990e-29
 144.695064      6.084  36.355743    13.0166    6.58339      6.033    30.6265    23.0042 -9.990e-29
 144.695069      6.069  36.244944    13.1209    6.41815      6.018    30.4390    22.8392 -9.990e-29
 144.695075      6.068  35.935370    13.3106    6.23506      6.017    30.0005    22.4635 -9.990e-29
 144.695081      6.089  35.313103    13.5177    6.12272      6.038    29.2652    21.8554 -9.990e-29
 144.695087      6.133  34.634398    13.6356    6.09984      6.082    28.5540    21.2836 -9.990e-29
 144.695093      6.187  34.311744    13.6154    6.13590      6.135    28.2743    21.0717 -9.990e-29
 144.695098      6.232  34.473854    13.4861    6.18340      6.180    28.5185    21.2852 -9.990e-29
 144.695104      6.259  34.984297    13.3286    6.23251      6.207    29.1068    21.7698 -9.990e-29
 144.695110      6.269  35.507912    13.1943    6.26877      6.217    29.6951    22.2500 -9.990e-29
 144.695116      6.271  35.878387    13.0986    6.30165      6.219    30.1149    22.5929 -9.990e-29
 144.695122      6.274  36.127102    13.0448    6.30682      6.222    30.3899    22.8159 -9.990e-29
 144.695127      6.282  36.247548    13.0196    6.29618      6.229    30.5227    22.9234 -9.990e-29
 144.695133      6.293  36.286477    13.0084    6.29725      6.240    30.5682    22.9607 -9.990e-29
 144.695139      6.301  36.305877    13.0006    6.31161      6.248    30.5926    22.9811 -9.990e-29
 144.695145      6.308  36.324878    12.9911    6.32417      6.255    30.6181    23.0026 -9.990e-29
 144.695150      6.315  36.346380    12.9799    6.33235      6.262    30.6473    23.0274 -9.990e-29
 144.695156      6.316  36.368765    12.9684    6.31270      6.263    30.6775    23.0530 -9.990e-29
 144.695162      6.309  36.390474    12.9587    6.29299      6.256    30.7057    23.0767 -9.990e-29
 144.695168      6.301  36.407359    12.9526    6.26270      6.248    30.7265    23.0939 -9.990e-29
 144.695174      6.304  36.416694    12.9466    6.25188      6.251    30.7402    23.1056 -9.990e-29
 144.695179      6.323  36.421949    12.9327    6.28046      6.270    30.7564    23.1208 -9.990e-29
 144.695185      6.355  36.429001    12.9010    6.28970      6.302    30.7887    23.1519 -9.990e-29
 144.695191      6.389  36.440520    12.8545    6.31641      6.336    30.8374    23.1985 -9.990e-29
 144.695197      6.414  36.448306    12.8175    6.31769      6.360    30.8749    23.2346 -9.990e-29
 144.695203      6.429  36.446467    12.8081    6.28552      6.375    30.8809    23.2410 -9.990e-29
