data/oxygen options/ONMS/Olympic_Coast_National_Marine_Sanctuary_Hypoxia_Survey_CTD_Data_2004_2015/raw_data/2005/CTD_CE90_062105faed.cnv
* Sea-Bird SBE19 Data File:
* FileName = C:\hypoxia CTD data\CE90_062105.hex
* Software Version 1.1.5
* Temperature SN = 2997
* Conductivity SN = 2997
* System UpLoad Time = Jun 21 2005 16:37:06
* SEACAT PROFILER V3.1c SN 2997   06/21/05  16:36:43.756
* strain gauge pressure sensor: S/N = 184829,  range = 3000 psia,  tc = 40
# nquan = 9                                 
# nvalues = 1553                        
# units = specified
# name 0 = timeJ: Julian Days
# name 1 = prSM: Pressure, Strain Gauge [db]
# name 2 = c0mS/cm: Conductivity [mS/cm]
# name 3 = t090C: Temperature [ITS-90, deg C]
# name 4 = oxML/L: Oxygen, Beckman/YSI [ml/l]
# name 5 = depSM: Depth [salt water, m], lat = 47.5
# name 6 = sal00: Salinity, Practical [PSU]
# name 7 = sigma-é00: Density [sigma-theta, kg/m^3]
# name 8 = flag: flag
# span 0 = 172.655475, 172.664456       
# span 1 =     -3.903,     93.385       
# span 2 =   0.309894,  37.643663       
# span 3 =     7.7512,    16.7678       
# span 4 =   -0.11668,   24.01327       
# span 5 =     -3.870,     92.585       
# span 6 =     0.1859,    33.7194       
# span 7 =    -0.7321,    26.3055       
# span 8 = 0.0000e+00, 0.0000e+00       
# interval = seconds: 0.5
# start_time = Jun 21 2005 15:43:53 [Instrument's time stamp, header]
# bad_flag = -9.990e-29
*END*
[from data line 481]
 172.658258      2.419  35.763614    16.7409    6.51863      2.399    27.3390    19.7024 -9.990e-29
 172.658264      2.436  35.764168    16.7412    6.52201      2.416    27.3393    19.7025 -9.990e-29
 172.658270      2.445  35.764536    16.7414    6.51614      2.425    27.3395    19.7026 -9.990e-29
 172.658275      2.446  35.764654    16.7415    6.51512      2.426    27.3395    19.7026 -9.990e-29
 172.658281      2.440  35.764689    16.7415    6.51656      2.420    27.3395    19.7026 -9.990e-29
 172.658287      2.427  35.764689    16.7415    6.51500      2.407    27.3395    19.7026 -9.990e-29
 172.658293      2.409  35.764659    16.7415    6.51240      2.389    27.3395    19.7026 -9.990e-29
 172.658299      2.394  35.764563    16.7415    6.50385      2.374    27.3395    19.7026 -9.990e-29
 172.658304      2.385  35.764275    16.7415    6.49678      2.365    27.3392    19.7024 -9.990e-29
 172.658310      2.382  35.763972    16.7415    6.50820      2.362    27.3390    19.7022 -9.990e-29
 172.658316      2.385  35.763812    16.7414    6.51339      2.365    27.3389    19.7022 -9.990e-29
 172.658322      2.389  35.763583    16.7413    6.50721      2.369    27.3388    19.7021 -9.990e-29
 172.658328      2.387  35.763542    16.7412    6.50546      2.367    27.3388    19.7021 -9.990e-29
 172.658333      2.378  35.763633    16.7413    6.50598      2.358    27.3388    19.7021 -9.990e-29
 172.658339      2.369  35.763417    16.7415    6.50871      2.349    27.3385    19.7018 -9.990e-29
 172.658345      2.366  35.763170    16.7415    6.51292      2.346    27.3383    19.7017 -9.990e-29
 172.658351      2.367  35.763123    16.7415    6.51516      2.347    27.3382    19.7016 -9.990e-29
 172.658356      2.368  35.763215    16.7415    6.50612      2.348    27.3383    19.7017 -9.990e-29
 172.658362      2.366  35.763569    16.7415    6.49804      2.346    27.3386    19.7019 -9.990e-29
 172.658368      2.364  35.764098    16.7414    6.50067      2.344    27.3391    19.7023 -9.990e-29
 172.658374      2.366  35.764386    16.7412    6.50655      2.346    27.3395    19.7027 -9.990e-29
 172.658380      2.373  35.764257    16.7410    6.51396      2.353    27.3395    19.7027 -9.990e-29
 172.658385      2.381  35.764101    16.7410    6.50870      2.361    27.3394    19.7026 -9.990e-29
 172.658391      2.382  35.764273    16.7412    6.49994      2.362    27.3394    19.7026 -9.990e-29
 172.658397      2.375  35.764443    16.7412    6.50150      2.355    27.3396    19.7027 -9.990e-29
 172.658403      2.369  35.764276    16.7411    6.50380      2.349    27.3395    19.7027 -9.990e-29
 172.658409      2.368  35.764112    16.7412    6.50213      2.348    27.3393    19.7025 -9.990e-29
 172.658414      2.372  35.764295    16.7414    6.50367      2.352    27.3393    19.7025 -9.990e-29
 172.658420      2.380  35.764508    16.7416    6.51389      2.360    27.3393    19.7025 -9.990e-29
 172.658426      2.390  35.764476    16.7417    6.51042      2.370    27.3392    19.7024 -9.990e-29
 172.658432      2.393  35.764158    16.7418    6.50131      2.373    27.3389    19.7021 -9.990e-29
 172.658437      2.390  35.763690    16.7420    6.50395      2.370    27.3384    19.7016 -9.990e-29
 172.658443      2.388  35.763569    16.7421    6.51090      2.368    27.3382    19.7015 -9.990e-29
 172.658449      2.393  35.763636    16.7419    6.51920      2.373    27.3384    19.7017 -9.990e-29
 172.658455      2.403  35.763421    16.7416    6.51654      2.383    27.3384    19.7018 -9.990e-29
 172.658461      2.421  35.763198    16.7417    6.50032      2.401    27.3381    19.7015 -9.990e-29
 172.658466      2.446  35.763233    16.7420    6.49914      2.426    27.3380    19.7013 -9.990e-29
 172.658472      2.477  35.763574    16.7421    6.49687      2.456    27.3382    19.7015 -9.990e-29
 172.658478      2.511  35.764114    16.7419    6.51081      2.490    27.3388    19.7020 -9.990e-29
 172.658484      2.551  35.764455    16.7415    6.51499      2.530    27.3393    19.7025 -9.990e-29
 172.658490      2.594  35.764490    16.7414    6.50853      2.572    27.3394    19.7026 -9.990e-29
 172.658495      2.639  35.764266    16.7415    6.50163      2.617    27.3391    19.7023 -9.990e-29
 172.658501      2.693  35.764045    16.7417    6.48666      2.671    27.3388    19.7020 -9.990e-29
 172.658507      2.768  35.764096    16.7418    6.48170      2.745    27.3387    19.7020 -9.990e-29
 172.658513      2.873  35.763928    16.7416    6.48580      2.849    27.3387    19.7020 -9.990e-29
 172.658519      3.011  35.763318    16.7414    6.49173      2.986    27.3383    19.7017 0.0000e+00
 172.658524      3.177  35.762574    16.7413    6.48719      3.150    27.3377    19.7013 0.0000e+00
 172.658530      3.366  35.762387    16.7417    6.48263      3.338    27.3372    19.7008 0.0000e+00
 172.658536      3.571  35.764187    16.7428    6.47466      3.541    27.3379    19.7011 0.0000e+00
 172.658542      3.789  35.769253    16.7458    6.45561      3.757    27.3401    19.7021 0.0000e+00
 172.658547      4.017  35.782099    16.7524    6.44218      3.983    27.3464    19.7055 0.0000e+00
 172.658553      4.244  35.812003    16.7617    6.43731      4.209    27.3653    19.7180 0.0000e+00
 172.658559      4.449  35.869685    16.7678    6.43622      4.412    27.4100    19.7508 0.0000e+00
 172.658565      4.621  35.921054    16.7674    6.45239      4.582    27.4538    19.7844 0.0000e+00
 172.658571      4.757  35.917438    16.7641    6.47328      4.717    27.4529    19.7844 -9.990e-29
 172.658576      4.862  35.892138    16.7610    6.48002      4.821    27.4335    19.7703 -9.990e-29
 172.658582      4.942  35.879256    16.7579    6.47200      4.901    27.4247    19.7643 -9.990e-29
 172.658588      5.003  35.862736    16.7549    6.45711      4.961    27.4127    19.7558 -9.990e-29
 172.658594      5.053  35.842417    16.7525    6.43921      5.011    27.3971    19.7444 -9.990e-29
 172.658600      5.099  35.831008    16.7502    6.43160      5.056    27.3890    19.7387 -9.990e-29
 172.658605      5.139  35.843011    16.7456    6.43509      5.096    27.4023    19.7498 -9.990e-29
 172.658611      5.173  35.891067    16.7381    6.43228      5.130    27.4482    19.7866 -9.990e-29
 172.658617      5.198  35.955160    16.7337    6.44062      5.155    27.5055    19.8315 -9.990e-29
 172.658623      5.211  35.990125    16.7369    6.43675      5.167    27.5330    19.8518 -9.990e-29
 172.658628      5.217  35.982037    16.7450    6.42000      5.173    27.5206    19.8405 -9.990e-29
 172.658634      5.221  35.957110    16.7538    6.40673      5.177    27.4934    19.8178 -9.990e-29
 172.658640      5.223  35.942658    16.7600    6.39378      5.179    27.4769    19.8038 -9.990e-29
 172.658646      5.229  35.945762    16.7609    6.38411      5.185    27.4789    19.8051 -9.990e-29
 172.658652      5.241  35.968883    16.7556    6.38338      5.197    27.5022    19.8241 -9.990e-29
 172.658657      5.257  36.013139    16.7482    6.38417      5.213    27.5448    19.8583 -9.990e-29
 172.658663      5.274  36.056810    16.7446    6.39457      5.230    27.5843    19.8893 -9.990e-29
 172.658669      5.293  36.077956    16.7452    6.40202      5.249    27.6018    19.9026 -9.990e-29
 172.658675      5.314  36.080664    16.7471    6.39525      5.270    27.6028    19.9030 -9.990e-29
 172.658681      5.336  36.072469    16.7494    6.39980      5.291    27.5942    19.8959 -9.990e-29
 172.658686      5.350  36.059264    16.7521    6.39146      5.305    27.5812    19.8853 -9.990e-29
 172.658692      5.353  36.049230    16.7551    6.38919      5.308    27.5706    19.8766 -9.990e-29
 172.658698      5.351  36.045810    16.7563    6.39057      5.306    27.5669    19.8734 -9.990e-29
 172.658704      5.351  36.052855    16.7545    6.37960      5.306    27.5741    19.8794 -9.990e-29
 172.658709      5.352  36.064623    16.7527    6.38701      5.307    27.5853    19.8883 -9.990e-29
 172.658715      5.352  36.067656    16.7525    6.39601      5.307    27.5880    19.8905 -9.990e-29
 172.658721      5.355  36.062631    16.7503    6.39886      5.310    27.5853    19.8888 -9.990e-29
 172.658727      5.364  36.064715    16.7457    6.40594      5.319    27.5902    19.8936 -9.990e-29
 172.658733      5.376  36.076686    16.7446    6.40803      5.331    27.6011    19.9022 -9.990e-29
 172.658738      5.384  36.080309    16.7501    6.39316      5.339    27.6004    19.9005 -9.990e-29
 172.658744      5.383  36.068640    16.7582    6.39464      5.338    27.5849    19.8868 -9.990e-29
 172.658750      5.374  36.053032    16.7641    6.38938      5.329    27.5677    19.8723 -9.990e-29
 172.658756      5.360  36.042948    16.7659    6.39336      5.315    27.5579    19.8644 -9.990e-29
 172.658762      5.348  36.041766    16.7641    6.40331      5.303    27.5581    19.8650 -9.990e-29
 172.658767      5.344  36.046790    16.7613    6.38455      5.299    27.5643    19.8703 -9.990e-29
 172.658773      5.341  36.052388    16.7604    6.37594      5.296    27.5697    19.8747 -9.990e-29
 172.658779      5.335  36.055931    16.7608    6.37549      5.290    27.5724    19.8767 -9.990e-29
 172.658785      5.330  36.058219    16.7585    6.38749      5.285    27.5759    19.8799 -9.990e-29
 172.658791      5.331  36.062865    16.7514    6.40477      5.286    27.5847    19.8882 -9.990e-29
 172.658796      5.337  36.074383    16.7424    6.40378      5.292    27.6007    19.9024 -9.990e-29
 172.658802      5.344  36.089072    16.7375    6.39078      5.299    27.6165    19.9156 -9.990e-29
 172.658808      5.345  36.096242    16.7393    6.38246      5.300    27.6213    19.9189 -9.990e-29
 172.658814      5.339  36.093117    16.7453    6.37939      5.294    27.6146    19.9124 -9.990e-29
 172.658819      5.335  36.085624    16.7515    6.37246      5.290    27.6040    19.9029 -9.990e-29
 172.658825      5.336  36.080593    16.7549    6.38382      5.291    27.5974    19.8971 -9.990e-29
 172.658831      5.342  36.081409    16.7549    6.38027      5.297    27.5981    19.8976 -9.990e-29
 172.658837      5.355  36.085236    16.7521    6.38148      5.310    27.6032    19.9022 -9.990e-29
 172.658843      5.379  36.088770    16.7466    6.39964      5.334    27.6100    19.9086 -9.990e-29
 172.658848      5.415  36.093361    16.7409    6.38857      5.370    27.6178    19.9158 -9.990e-29
 172.658854      5.454  36.098403    16.7389    6.37401      5.408    27.6234    19.9206 -9.990e-29
 172.658860      5.492  36.099966    16.7421    6.38576      5.446    27.6225    19.9192 -9.990e-29
 172.658866      5.538  36.096770    16.7487    6.40718      5.492    27.6153    19.9122 -9.990e-29
 172.658872      5.593  36.091283    16.7524    6.41130      5.546    27.6081    19.9058 -9.990e-29
 172.658877      5.667  36.089083    16.7476    6.41388      5.620    27.6095    19.9080 -9.990e-29
 172.658883      5.766  36.094528    16.7374    6.39379      5.718    27.6211    19.9191 -9.990e-29
 172.658889      5.899  36.103668    16.7296    6.37724      5.850    27.6341    19.9309 0.0000e+00
 172.658895      6.069  36.109630    16.7195    6.34598      6.018    27.6461    19.9423 0.0000e+00
 172.658900      6.277  36.118119    16.6855    6.27061      6.225    27.6766    19.9732 0.0000e+00
 172.658906      6.530  36.149421    16.6075    6.22507      6.475    27.7570    20.0521 0.0000e+00
 172.658912      6.827  36.226772    16.4861    6.18057      6.770    27.9072    20.1940 0.0000e+00
 172.658918      7.159  36.348467    16.3370    6.21917      7.099    28.1157    20.3866 0.0000e+00
 172.658924      7.519  36.484454    16.1456    6.28040      7.456    28.3681    20.6220 0.0000e+00
 172.658929      7.895  36.655119    15.8849    6.29417      7.829    28.7029    20.9355 0.0000e+00
 172.658935      8.278  36.885589    15.6014    6.33254      8.209    29.1110    21.3099 0.0000e+00
 172.658941      8.656  37.103541    15.3787    6.29440      8.584    29.4680    21.6318 0.0000e+00
 172.658947      9.026  37.251329    15.2516    6.28101      8.950    29.6942    21.8327 0.0000e+00
 172.658953      9.383  37.340347    15.1816    6.30068      9.304    29.8261    21.9490 0.0000e+00
 172.658958      9.734  37.402331    15.1126    6.32078      9.653    29.9336    22.0463 0.0000e+00
 172.658964     10.085  37.463834    15.0409    6.38609     10.001    30.0432    22.1458 0.0000e+00
 172.658970     10.423  37.517695    14.9786    6.43861     10.336    30.1390    22.2327 0.0000e+00
 172.658976     10.731  37.558902    14.9281    6.47927     10.641    30.2147    22.3015 0.0000e+00
 172.658981     10.995  37.592484    14.8967    6.48623     10.903    30.2690    22.3499 0.0000e+00
 172.658987     11.201  37.609368    14.8881    6.45214     11.107    30.2907    22.3684 0.0000e+00
 172.658993     11.351  37.607363    14.9025    6.42766     11.256    30.2777    22.3554 -9.990e-29
 172.658999     11.458  37.594434    14.9334    6.43217     11.362    30.2422    22.3216 -9.990e-29
 172.659005     11.537  37.568476    14.9564    6.46304     11.440    30.2011    22.2851 -9.990e-29
 172.659010     11.606  37.542544    14.9435    6.49109     11.509    30.1879    22.2777 -9.990e-29
 172.659016     11.678  37.548798    14.9052    6.50178     11.580    30.2231    22.3128 -9.990e-29
 172.659022     11.749  37.581562    14.8793    6.49158     11.651    30.2724    22.3562 -9.990e-29
 172.659028     11.806  37.601517    14.8774    6.49173     11.707    30.2918    22.3715 -9.990e-29
 172.659034     11.845  37.599365    14.8843    6.48915     11.746    30.2845    22.3645 -9.990e-29
 172.659039     11.876  37.594098    14.8882    6.48894     11.777    30.2767    22.3577 -9.990e-29
 172.659045     11.906  37.593833    14.8867    6.49603     11.806    30.2776    22.3587 -9.990e-29
 172.659051     11.928  37.595971    14.8789    6.48476     11.828    30.2856    22.3665 -9.990e-29
 172.659057     11.948  37.599994    14.8664    6.49131     11.848    30.2989    22.3793 -9.990e-29
 172.659063     11.975  37.606778    14.8537    6.49763     11.875    30.3148    22.3942 -9.990e-29
 172.659068     12.007  37.615269    14.8391    6.51475     11.906    30.3338    22.4119 -9.990e-29
 172.659074     12.042  37.624443    14.8203    6.53223     11.941    30.3566    22.4334 -9.990e-29
 172.659080     12.083  37.633627    14.8052    6.52919     11.982    30.3766    22.4520 -9.990e-29
 172.659086     12.122  37.641041    14.8030    6.52511     12.020    30.3850    22.4589 -9.990e-29
 172.659091     12.150  37.643663    14.8098    6.52563     12.048    30.3820    22.4552 -9.990e-29
 172.659097     12.169  37.641056    14.8164    6.53716     12.067    30.3745    22.4480 -9.990e-29
 172.659103     12.184  37.634225    14.8178    6.54998     12.082    30.3673    22.4422 -9.990e-29
 172.659109     12.195  37.628082    14.8115    6.53546     12.093    30.3667    22.4430 -9.990e-29
 172.659115     12.200  37.629573    14.8055    6.51645     12.098    30.3727    22.4489 -9.990e-29
 172.659120     12.195  37.633392    14.8102    6.51879     12.093    30.3725    22.4477 -9.990e-29
 172.659126     12.187  37.630606    14.8193    6.52968     12.085    30.3629    22.4384 -9.990e-29
 172.659132     12.189  37.625345    14.8176    6.55047     12.087    30.3595    22.4362 -9.990e-29
 172.659138     12.201  37.626293    14.8039    6.54780     12.099    30.3710    22.4479 -9.990e-29
 172.659144     12.215  37.631908    14.7936    6.53294     12.113    30.3840    22.4601 -9.990e-29
 172.659149     12.228  37.635653    14.7956    6.53732     12.126    30.3858    22.4611 -9.990e-29
 172.659155     12.241  37.634662    14.8020    6.55150     12.138    30.3800    22.4552 -9.990e-29
 172.659161     12.255  37.631533    14.8030    6.54732     12.152    30.3764    22.4523 -9.990e-29
 172.659167     12.270  37.631064    14.7983    6.54081     12.167    30.3796    22.4557 -9.990e-29
 172.659172     12.283  37.633186    14.7950    6.53685     12.180    30.3841    22.4599 -9.990e-29
