data/oxygen options/ONMS/Olympic_Coast_National_Marine_Sanctuary_Hypoxia_Survey_CTD_Data_2004_2015/raw_data/2005/CTD_CE50_070605faed.cnv
* Sea-Bird SBE19 Data File:
* FileName = C:\Hypoxia Data\CE50_070605.hex
* Software Version 1.1.6
* Temperature SN = 2997
* Conductivity SN = 2997
* System UpLoad Time = Jul 06 2005 14:37:33
* SEACAT PROFILER V3.1c SN 2997   07/06/05  14:37:53.484
* strain gauge pressure sensor: S/N = 184829,  range = 3000 psia,  tc = 40
# nquan = 9                                 
# nvalues = 993                         
# units = specified
# name 0 = timeJ: Julian Days
# name 1 = prSM: Pressure, Strain Gauge [db]
# name 2 = c0mS/cm: Conductivity [mS/cm]
# name 3 = t090C: Temperature [ITS-90, deg C]
# name 4 = oxML/L: Oxygen, Beckman/YSI [ml/l]
# name 5 = depSM: Depth [salt water, m], lat = 47.5
# name 6 = sal00: Salinity, Practical [PSU]
# name 7 = sigma-é00: Density [sigma-theta, kg/m^3]
# name 8 = flag: flag
# span 0 = 187.602569, 187.608310       
# span 1 =     -4.043,     50.183       
# span 2 =   0.520535,  39.331175       
# span 3 =     8.2295,    15.3436       
# span 4 =  -14.07607,   23.88999       
# span 5 =     -4.009,     49.758       
# span 6 =     0.3151,    33.4309       
# span 7 =    -0.6550,    26.0083       
# span 8 = 0.0000e+00, 0.0000e+00       
# interval = seconds: 0.5
# start_time = Jul 06 2005 14:27:42 [Instrument's time stamp, header]
# bad_flag = -9.990e-29
*END*
[from data line 961]
 187.608131      1.589   2.602668    15.0810    7.26706      1.576     1.6894     0.3939 -9.990e-29
 187.608137      1.604   2.992652    15.0752    7.27445      1.591     1.9585     0.6021 -9.990e-29
 187.608142      1.618   3.391350    15.0715    7.27004      1.604     2.2362     0.8164 -9.990e-29
 187.608148      1.631   3.429455    15.0693   -5.84981      1.617     2.2630     0.8374 -9.990e-29
 187.608154      1.641   3.130986    15.0676  -13.09093      1.627     2.0549     0.6775 -9.990e-29
 187.608160      1.643   2.743063    15.0664  -14.07607      1.629     1.7865     0.4710 -9.990e-29
 187.608166      1.639   2.417085    15.0655  -10.29409      1.625     1.5630     0.2990 -9.990e-29
 187.608171      1.631   2.220180    15.0648   -1.79426      1.617     1.4290     0.1958 -9.990e-29
 187.608177      1.623   2.099857    15.0639   -0.33040      1.609     1.3476     0.1331 -9.990e-29
 187.608183      1.616   1.988936    15.0626   -0.18713      1.603     1.2727     0.0756 -9.990e-29
 187.608189      1.613   1.871620    15.0607   -0.13938      1.600     1.1939     0.0151 -9.990e-29
 187.608194      1.617   1.755214    15.0586   -0.11989      1.603     1.1160    -0.0446 -9.990e-29
 187.608200      1.626   1.655992    15.0566   -0.11564      1.612     1.0499    -0.0954 -9.990e-29
 187.608206      1.635   1.594262    15.0551   -0.11571      1.621     1.0089    -0.1268 -9.990e-29
 187.608212      1.644   1.578163    15.0536   -0.11569      1.630     0.9982    -0.1348 -9.990e-29
 187.608218      1.651   1.580682    15.0518   -0.11562      1.637     1.0000    -0.1332 -9.990e-29
 187.608223      1.651   1.565226    15.0493   -0.11557      1.637     0.9898    -0.1407 -9.990e-29
 187.608229      1.644   1.526724    15.0464   -0.11560      1.630     0.9643    -0.1599 -9.990e-29
 187.608235      1.631   1.492076    15.0442   -0.11566      1.617     0.9414    -0.1772 -9.990e-29
 187.608241      1.613   1.481669    15.0429   -0.11558      1.600     0.9346    -0.1823 -9.990e-29
 187.608247      1.599   1.480516    15.0416   -0.11543      1.586     0.9338    -0.1827 -9.990e-29
 187.608252      1.597   1.455453    15.0392   -0.11541      1.584     0.9173    -0.1950 -9.990e-29
 187.608258      1.606   1.388045    15.0356 -9.990e-29      1.593     0.8729    -0.2288 -9.990e-29
 187.608264      1.613   1.299376    15.0315 -9.990e-29      1.600     0.8147    -0.2731 -9.990e-29
 187.608270      1.616   1.247644    15.0284 -9.990e-29      1.603     0.7809    -0.2988 -9.990e-29
 187.608275      1.619   1.275933    15.0268 -9.990e-29      1.605     0.7994    -0.2842 -9.990e-29
 187.608281      1.617   1.357057    15.0256 -9.990e-29      1.603     0.8527    -0.2428 -9.990e-29
 187.608287      1.611   1.416102    15.0235 -9.990e-29      1.598     0.8917    -0.2124 -9.990e-29
 187.608293      1.608   1.423608    15.0202 -9.990e-29      1.595     0.8967    -0.2080 -9.990e-29
 187.608299      1.612   1.451170    15.0169 -9.990e-29      1.599     0.9150    -0.1934 -9.990e-29
 187.608304      1.621   1.573261    15.0155 -9.990e-29      1.607     0.9959    -0.1307 -9.990e-29
 187.608310      1.625   1.729610 -9.990e-29 -9.990e-29      1.611 -9.990e-29 -9.990e-29 -9.990e-29
