data/oxygen options/ONMS/Olympic_Coast_National_Marine_Sanctuary_Hypoxia_Survey_CTD_Data_2004_2015/raw_data/2005/CTD_TH35_062205faed.cnv
* Sea-Bird SBE19 Data File:
* FileName = C:\hypoxia CTD data\TH35_062205.hex
* Software Version 1.1.5
* Temperature SN = 2997
* Conductivity SN = 2997
* System UpLoad Time = Jun 22 2005 12:32:43
* SEACAT PROFILER V3.1c SN 2997   06/22/05  12:32:18.486
* strain gauge pressure sensor: S/N = 184829,  range = 3000 psia,  tc = 40
# nquan = 9                                 
# nvalues = 559                         
# units = specified
# name 0 = timeJ: Julian Days
# name 1 = prSM: Pressure, Strain Gauge [db]
# name 2 = c0mS/cm: Conductivity [mS/cm]
# name 3 = t090C: Temperature [ITS-90, deg C]
# name 4 = oxML/L: Oxygen, Beckman/YSI [ml/l]
# name 5 = depSM: Depth [salt water, m], lat = 47.5
# name 6 = sal00: Salinity, Practical [PSU]
# name 7 = sigma-é00: Density [sigma-theta, kg/m^3]
# name 8 = flag: flag
# span 0 = 173.417072, 173.420301       
# span 1 =     -3.103,     35.492       
# span 2 =   4.341211,  38.207742       
# span 3 =     8.7745,    15.2652       
# span 4 =   -0.09596,   24.68806       
# span 5 =     -3.077,     35.193       
# span 6 =     3.2732,    33.0665       
# span 7 =     1.6138,    25.6392       
# span 8 = 0.0000e+00, 0.0000e+00       
# interval = seconds: 0.5
# start_time = Jun 22 2005 10:00:35 [Instrument's time stamp, header]
# bad_flag = -9.990e-29
*END*
[from data line 321]
 173.418929      2.224  38.204493    15.2620    6.54599      2.205    30.5345    22.4764 -9.990e-29
 173.418935      2.208  38.205135    15.2623    6.53946      2.190    30.5349    22.4766 -9.990e-29
 173.418941      2.186  38.205732    15.2627    6.54087      2.168    30.5351    22.4767 -9.990e-29
 173.418947      2.169  38.206519    15.2627    6.54332      2.151    30.5358    22.4773 -9.990e-29
 173.418953      2.162  38.206867    15.2622    6.54522      2.144    30.5365    22.4779 -9.990e-29
 173.418958      2.164  38.206116    15.2615    6.54057      2.146    30.5364    22.4780 -9.990e-29
 173.418964      2.171  38.204948    15.2613    6.53686      2.153    30.5355    22.4773 -9.990e-29
 173.418970      2.173  38.204612    15.2617    6.54895      2.155    30.5349    22.4768 -9.990e-29
 173.418976      2.169  38.205218    15.2622    6.54709      2.151    30.5350    22.4768 -9.990e-29
 173.418981      2.160  38.205892    15.2625    6.54840      2.142    30.5354    22.4770 -9.990e-29
 173.418987      2.156  38.206412    15.2627    6.53136      2.138    30.5357    22.4772 -9.990e-29
 173.418993      2.160  38.206911    15.2630    6.52927      2.142    30.5359    22.4773 -9.990e-29
 173.418999      2.173  38.206933    15.2630    6.54767      2.155    30.5359    22.4773 -9.990e-29
 173.419005      2.190  38.206508    15.2628    6.55570      2.172    30.5357    22.4772 -9.990e-29
 173.419010      2.206  38.206191    15.2629    6.55663      2.188    30.5353    22.4769 -9.990e-29
 173.419016      2.216  38.206122    15.2630    6.54553      2.197    30.5352    22.4767 -9.990e-29
 173.419022      2.220  38.206208    15.2629    6.53294      2.201    30.5353    22.4769 -9.990e-29
 173.419028      2.220  38.206562    15.2628    6.54574      2.201    30.5357    22.4772 -9.990e-29
 173.419034      2.220  38.207098    15.2630    6.54905      2.201    30.5361    22.4774 -9.990e-29
 173.419039      2.223  38.207409    15.2633    6.54935      2.204    30.5361    22.4774 -9.990e-29
 173.419045      2.227  38.207348    15.2636    6.53868      2.208    30.5358    22.4771 -9.990e-29
 173.419051      2.230  38.207397    15.2635    6.52776      2.211    30.5359    22.4772 -9.990e-29
 173.419057      2.238  38.207621    15.2630    6.53247      2.219    30.5365    22.4778 -9.990e-29
 173.419063      2.251  38.207196    15.2623    6.54202      2.232    30.5367    22.4780 -9.990e-29
 173.419068      2.269  38.206117    15.2616    6.55300      2.250    30.5363    22.4779 -9.990e-29
 173.419074      2.287  38.205189    15.2611    6.55535      2.268    30.5358    22.4776 -9.990e-29
 173.419080      2.290  38.204858    15.2610    6.54228      2.271    30.5356    22.4775 -9.990e-29
 173.419086      2.285  38.205243    15.2614    6.52549      2.266    30.5356    22.4774 -9.990e-29
 173.419091      2.284  38.205736    15.2618    6.52260      2.265    30.5358    22.4774 -9.990e-29
 173.419097      2.291  38.205874    15.2620    6.53497      2.272    30.5357    22.4774 -9.990e-29
 173.419103      2.306  38.205841    15.2619    6.54693      2.287    30.5358    22.4774 -9.990e-29
 173.419109      2.322  38.205593    15.2616    6.53931      2.303    30.5358    22.4775 -9.990e-29
 173.419115      2.327  38.205359    15.2616    6.52892      2.308    30.5356    22.4773 -9.990e-29
 173.419120      2.322  38.205389    15.2620    6.52692      2.303    30.5353    22.4770 -9.990e-29
 173.419126      2.318  38.205722    15.2624    6.53399      2.299    30.5353    22.4769 -9.990e-29
 173.419132      2.324  38.206243    15.2624    6.54152      2.305    30.5357    22.4773 -9.990e-29
 173.419138      2.336  38.206526    15.2621    6.53436      2.316    30.5362    22.4777 -9.990e-29
 173.419144      2.351  38.206388    15.2618    6.53381      2.331    30.5363    22.4779 -9.990e-29
 173.419149      2.370  38.206205    15.2618    6.53270      2.350    30.5361    22.4777 -9.990e-29
 173.419155      2.389  38.206295    15.2620    6.54447      2.369    30.5361    22.4776 -9.990e-29
 173.419161      2.406  38.206216    15.2620    6.54815      2.386    30.5360    22.4776 -9.990e-29
 173.419167      2.422  38.205863    15.2619    6.54616      2.402    30.5357    22.4774 -9.990e-29
 173.419172      2.432  38.205887    15.2621    6.54062      2.412    30.5356    22.4772 -9.990e-29
 173.419178      2.439  38.206322    15.2624    6.53056      2.419    30.5358    22.4773 -9.990e-29
 173.419184      2.451  38.206624    15.2626    6.52801      2.431    30.5359    22.4773 -9.990e-29
 173.419190      2.469  38.206635    15.2624    6.54034      2.448    30.5360    22.4775 -9.990e-29
 173.419196      2.484  38.206368    15.2621    6.56041      2.463    30.5360    22.4776 -9.990e-29
 173.419201      2.495  38.206021    15.2619    6.54132      2.474    30.5359    22.4775 -9.990e-29
 173.419207      2.502  38.206250    15.2618    6.52322      2.481    30.5361    22.4777 -9.990e-29
 173.419213      2.509  38.206794    15.2617    6.52002      2.488    30.5367    22.4782 -9.990e-29
 173.419219      2.533  38.206693    15.2617    6.52073      2.512    30.5366    22.4781 -9.990e-29
 173.419225      2.595  38.206370    15.2618    6.55441      2.573    30.5362    22.4778 -9.990e-29
 173.419230      2.693  38.206513    15.2617    6.55743      2.671    30.5364    22.4779 -9.990e-29
 173.419236      2.816  38.206748    15.2617    6.52535      2.792    30.5365    22.4781 -9.990e-29
 173.419242      2.959  38.206819    15.2620    6.51544      2.934    30.5363    22.4778 0.0000e+00
 173.419248      3.128  38.206817    15.2623    6.49955      3.102    30.5360    22.4776 0.0000e+00
 173.419253      3.336  38.206735    15.2623    6.49404      3.308    30.5359    22.4774 0.0000e+00
 173.419259      3.603  38.206461    15.2620    6.48918      3.573    30.5358    22.4774 0.0000e+00
 173.419265      3.931  38.205623    15.2616    6.49848      3.898    30.5352    22.4771 0.0000e+00
 173.419271      4.312  38.204783    15.2611    6.47829      4.276    30.5347    22.4768 0.0000e+00
 173.419277      4.736  38.205055    15.2604    6.47364      4.696    30.5354    22.4775 0.0000e+00
 173.419282      5.191  38.205675    15.2588    6.48483      5.148    30.5370    22.4791 0.0000e+00
 173.419288      5.668  38.205219    15.2536    6.44800      5.621    30.5405    22.4829 0.0000e+00
 173.419294      6.163  38.202511    15.2408    6.46448      6.111    30.5478    22.4913 0.0000e+00
 173.419300      6.670  38.195054    15.2201    6.49188      6.614    30.5571    22.5029 0.0000e+00
 173.419306      7.182  38.182993    15.1957    6.51221      7.122    30.5652    22.5144 0.0000e+00
 173.419311      7.692  38.170428    15.1691    6.49944      7.628    30.5746    22.5273 0.0000e+00
 173.419317      8.192  38.158541    15.1435    6.43964      8.123    30.5838    22.5398 0.0000e+00
 173.419323      8.678  38.147736    15.1247    6.37674      8.605    30.5886    22.5476 0.0000e+00
 173.419329      9.156  38.141540    15.1049    6.33908      9.079    30.5984    22.5593 0.0000e+00
 173.419334      9.630  38.137289    15.0610    6.32369      9.549    30.6288    22.5920 0.0000e+00
 173.419340     10.110  38.125380    14.9787    6.29955     10.025    30.6824    22.6508 0.0000e+00
 173.419346     10.605  38.098904    14.8619    6.26205     10.516    30.7504    22.7278 0.0000e+00
 173.419352     11.115  38.052272    14.7191    6.15200     11.022    30.8211    22.8122 0.0000e+00
 173.419358     11.636  37.982173    14.5616    6.00225     11.539    30.8825    22.8924 0.0000e+00
 173.419363     12.161  37.897184    14.3997    5.85478     12.059    30.9343    22.9659 0.0000e+00
 173.419369     12.695  37.810139    14.2196    5.73358     12.589    30.9991    23.0530 0.0000e+00
 173.419375     13.237  37.713742    13.9742    5.68402     13.126    31.1084    23.1873 0.0000e+00
 173.419381     13.779  37.577013    13.6474    5.65532     13.664    31.2476    23.3607 0.0000e+00
 173.419387     14.321  37.389776    13.3062    5.67956     14.201    31.3532    23.5099 0.0000e+00
 173.419392     14.867  37.195063    13.0236    5.70350     14.742    31.4042    23.6046 0.0000e+00
 173.419398     15.419  37.038805    12.8170    5.74301     15.290    31.4283    23.6632 0.0000e+00
 173.419404     15.977  36.926792    12.6795    5.76086     15.843    31.4367    23.6961 0.0000e+00
 173.419410     16.535  36.851486    12.5985    5.71761     16.396    31.4327    23.7084 0.0000e+00
 173.419416     17.084  36.806639    12.5522    5.70221     16.941    31.4286    23.7140 0.0000e+00
 173.419421     17.630  36.780088    12.5186    5.63527     17.482    31.4313    23.7225 0.0000e+00
 173.419427     18.177  36.759965    12.4809    5.57897     18.025    31.4434    23.7390 0.0000e+00
 173.419433     18.727  36.737374    12.4304    5.56865     18.570    31.4640    23.7645 0.0000e+00
 173.419439     19.276  36.707975    12.3668    5.54036     19.114    31.4891    23.7959 0.0000e+00
 173.419444     19.815  36.673488    12.2866    5.50972     19.649    31.5233    23.8375 0.0000e+00
 173.419450     20.342  36.632772    12.1771    5.41620     20.171    31.5764    23.8991 0.0000e+00
 173.419456     20.851  36.576941    12.0567    5.24204     20.676    31.6244    23.9587 0.0000e+00
 173.419462     21.335  36.510593    11.9777    5.03032     21.156    31.6273    23.9755 0.0000e+00
 173.419468     21.801  36.466347    11.9433    4.81485     21.618    31.6137    23.9713 0.0000e+00
 173.419473     22.265  36.454142    11.8685    4.60131     22.078    31.6652    24.0250 0.0000e+00
 173.419479     22.743  36.423486    11.6652    4.38465     22.552    31.8089    24.1737 0.0000e+00
 173.419485     23.240  36.321168    11.3729    4.21111     23.045    31.9607    24.3442 0.0000e+00
 173.419491     23.754  36.173352    11.1169    4.09424     23.554    32.0377    24.4495 0.0000e+00
 173.419497     24.284  36.052589    10.9530    3.99124     24.080    32.0613    24.4967 0.0000e+00
 173.419502     24.833  35.983934    10.8513    3.96634     24.624    32.0821    24.5306 0.0000e+00
 173.419508     25.401  35.942510    10.7708    3.93526     25.187    32.1113    24.5673 0.0000e+00
 173.419514     25.974  35.902771    10.6896    3.88250     25.756    32.1430    24.6060 0.0000e+00
 173.419520     26.537  35.861609    10.5629    3.82821     26.314    32.2134    24.6826 0.0000e+00
 173.419525     27.084  35.802809    10.3833    3.73945     26.856    32.3135    24.7911 0.0000e+00
 173.419531     27.610  35.716913    10.2528    3.66370     27.378    32.3431    24.8363 0.0000e+00
 173.419537     28.118  35.656432    10.2005    3.56158     27.881    32.3286    24.8337 0.0000e+00
 173.419543     28.621  35.642150    10.1028    3.42632     28.380    32.4013    24.9068 0.0000e+00
 173.419549     29.132  35.605102     9.9083    3.29775     28.887    32.5383    25.0459 0.0000e+00
 173.419554     29.655  35.516073     9.7027    3.20365     29.405    32.6334    25.1539 0.0000e+00
 173.419560     30.180  35.426766     9.5370    3.12663     29.926    32.6924    25.2269 0.0000e+00
 173.419566     30.702  35.364936     9.3674    3.07208     30.443    32.7837    25.3255 0.0000e+00
 173.419572     31.215  35.309205     9.1771    3.01015     30.952    32.9009    25.4474 0.0000e+00
 173.419578     31.715  35.249702     9.0192    2.96668     31.448    32.9850    25.5380 0.0000e+00
 173.419583     32.202  35.200117     8.9132    2.93857     31.931    33.0316    25.5911 0.0000e+00
 173.419589     32.678  35.163247     8.8449    2.92587     32.403    33.0565    25.6212 0.0000e+00
 173.419595     33.139  35.137546     8.8078    2.93182     32.860    33.0641    25.6328 0.0000e+00
 173.419601     33.576  35.124044     8.7910    2.93291     33.293    33.0654    25.6365 0.0000e+00
 173.419606     33.978  35.118173     8.7836    2.95499     33.692    33.0660    25.6381 0.0000e+00
 173.419612     34.346  35.114338     8.7786    2.96327     34.057    33.0665    25.6392 0.0000e+00
 173.419618     34.680  35.109661     8.7748    2.99132     34.388    33.0650    25.6387 0.0000e+00
 173.419624     34.974  35.105749     8.7745    2.99719     34.679    33.0610    25.6356 0.0000e+00
 173.419630     35.210  35.104666     8.7786    3.00893     34.913    33.0560    25.6310 0.0000e+00
 173.419635     35.375  35.106080     8.7852    3.02177     35.077    33.0512    25.6263 -9.990e-29
 173.419641     35.466  35.109068     8.7916    3.02210     35.167    33.0483    25.6230 -9.990e-29
 173.419647     35.492  35.112564     8.7958    3.02588     35.193    33.0481    25.6222 -9.990e-29
 173.419653     35.456  35.113940     8.7971    3.01891     35.157    33.0483    25.6222 -9.990e-29
 173.419659     35.352  35.112224     8.7974    3.02966     35.054    33.0463    25.6205 -9.990e-29
 173.419664     35.176  35.109610     8.7971    3.03269     34.879    33.0439    25.6187 0.0000e+00
 173.419670     34.922  35.106533     8.7936    3.03618     34.628    33.0441    25.6194 0.0000e+00
 173.419676     34.586  35.101127     8.7866    3.02764     34.294    33.0451    25.6213 0.0000e+00
 173.419682     34.182  35.094591     8.7808    3.01956     33.894    33.0438    25.6212 0.0000e+00
 173.419688     33.726  35.089982     8.7798    3.00808     33.442    33.0402    25.6184 0.0000e+00
 173.419693     33.245  35.087878     8.7821    3.01728     32.965    33.0360    25.6148 0.0000e+00
 173.419699     32.772  35.087712     8.7845    3.04670     32.496    33.0338    25.6128 0.0000e+00
 173.419705     32.324  35.088145     8.7870    3.08382     32.052    33.0322    25.6110 0.0000e+00
 173.419711     31.899  35.088072     8.7947    3.16355     31.630    33.0251    25.6043 0.0000e+00
 173.419716     31.485  35.089637     8.8178    3.26389     31.220    33.0054    25.5853 0.0000e+00
 173.419722     31.075  35.095482     8.8773    3.36974     30.813    32.9564    25.5377 0.0000e+00
 173.419728     30.654  35.111156     8.9876    3.45667     30.396    32.8707    25.4535 0.0000e+00
 173.419734     30.214  35.141859     9.1268    3.53623     29.960    32.7744    25.3563 0.0000e+00
 173.419740     29.755  35.179203     9.2712    3.60777     29.505    32.6807    25.2603 0.0000e+00
 173.419745     29.279  35.218622     9.4086    3.67910     29.033    32.5961    25.1722 0.0000e+00
 173.419751     28.790  35.261686     9.5073    3.71848     28.548    32.5508    25.1210 0.0000e+00
 173.419757     28.303  35.295201     9.5516    3.77655     28.065    32.5451    25.1094 0.0000e+00
 173.419763     27.826  35.309501     9.5743    3.82118     27.592    32.5394    25.1013 0.0000e+00
 173.419769     27.355  35.316381     9.6372    3.89705     27.125    32.4897    25.0523 0.0000e+00
 173.419774     26.884  35.341832     9.7585    3.93096     26.658    32.4064    24.9675 0.0000e+00
 173.419780     26.410  35.392315     9.8789    3.95420     26.188    32.3498    24.9036 0.0000e+00
 173.419786     25.936  35.439846     9.9575    3.98639     25.718    32.3278    24.8735 0.0000e+00
 173.419792     25.471  35.467658    10.0289    4.05633     25.257    32.2923    24.8340 0.0000e+00
 173.419797     25.016  35.493233    10.1269    4.18576     24.806    32.2309    24.7698 0.0000e+00
 173.419803     24.571  35.536103    10.2125    4.28227     24.364    32.1982    24.7300 0.0000e+00
 173.419809     24.137  35.579995    10.2529    4.37978     23.934    32.2067    24.7299 0.0000e+00
 173.419815     23.709  35.601038    10.2960    4.52617     23.510    32.1898    24.7095 0.0000e+00
 173.419821     23.272  35.617215    10.4318    4.70199     23.076    32.0862    24.6057 0.0000e+00
 173.419826     22.811  35.675878    10.6905    4.94799     22.619    31.9178    24.4305 0.0000e+00
 173.419832     22.327  35.793011    10.9642    5.17022     22.139    31.7960    24.2883 0.0000e+00
 173.419838     21.836  35.915692    11.1350    5.36765     21.653    31.7693    24.2376 0.0000e+00
 173.419844     21.350  35.987219    11.2131    5.54049     21.171    31.7724    24.2262 0.0000e+00
