data/oxygen options/ONMS/Olympic_Coast_National_Marine_Sanctuary_Hypoxia_Survey_CTD_Data_2004_2015/raw_data/2005/CTD_CA80_052405faed.cnv
* Sea-Bird SBE19 Data File:
* FileName = C:\Documents and Settings\kirner.PTANGELES\Desktop\hypoxia CTD data\CA80_052405.hex
* Software Version 1.1.5
* Temperature SN = 2997
* Conductivity SN = 2997
* System UpLoad Time = May 24 2005 15:31:53
* SEACAT PROFILER V3.1c SN 2997   05/24/05  15:31:01.301
* strain gauge pressure sensor: S/N = 184829,  range = 3000 psia,  tc = 40
# nquan = 9                                 
# nvalues = 772                         
# units = specified
# name 0 = timeJ: Julian Days
# name 1 = prSM: Pressure, Strain Gauge [db]
# name 2 = c0mS/cm: Conductivity [mS/cm]
# name 3 = t090C: Temperature [ITS-90, deg C]
# name 4 = oxML/L: Oxygen, Beckman/YSI [ml/l]
# name 5 = depSM: Depth [salt water, m], lat = 47.5
# name 6 = sal00: Salinity, Practical [PSU]
# name 7 = sigma-é00: Density [sigma-theta, kg/m^3]
# name 8 = flag: flag
# span 0 = 144.596331, 144.600793       
# span 1 =     -3.083,     81.731       
# span 2 =   0.097158,  37.083992       
# span 3 =     8.2441,    14.0789       
# span 4 =   -0.10195,   26.73324       
# span 5 =     -3.057,     81.033       
# span 6 =     0.0607,    33.5744       
# span 7 =    -0.6179,    26.1183       
# span 8 = 0.0000e+00, 0.0000e+00       
# interval = seconds: 0.5
# start_time = May 24 2005 14:18:43 [Instrument's time stamp, header]
# bad_flag = -9.990e-29
*END*
[from data line 321]
 144.598189      2.008  32.271840    14.0464    6.25767      1.991    26.1269    19.3332 -9.990e-29
 144.598194      2.037  32.271170    14.0453    6.25120      2.020    26.1270    19.3335 -9.990e-29
 144.598200      2.062  32.270178    14.0450    6.24547      2.045    26.1263    19.3330 -9.990e-29
 144.598206      2.077  32.269788    14.0454    6.24229      2.060    26.1257    19.3324 -9.990e-29
 144.598212      2.083  32.270046    14.0456    6.25840      2.066    26.1258    19.3325 -9.990e-29
 144.598218      2.087  32.270182    14.0450    6.25587      2.070    26.1263    19.3330 -9.990e-29
 144.598223      2.092  32.269827    14.0438    6.25032      2.075    26.1268    19.3336 -9.990e-29
 144.598229      2.092  32.269075    14.0430    6.24676      2.075    26.1267    19.3337 -9.990e-29
 144.598235      2.092  32.268609    14.0429    6.24017      2.075    26.1263    19.3334 -9.990e-29
 144.598241      2.096  32.268938    14.0429    6.24283      2.078    26.1266    19.3336 -9.990e-29
 144.598247      2.105  32.269385    14.0417    6.24863      2.087    26.1278    19.3348 -9.990e-29
 144.598252      2.119  32.268873    14.0397    6.24592      2.101    26.1287    19.3359 -9.990e-29
 144.598258      2.139  32.267285    14.0382    6.25490      2.121    26.1283    19.3358 -9.990e-29
 144.598264      2.162  32.265875    14.0379    6.25284      2.144    26.1272    19.3351 -9.990e-29
 144.598270      2.181  32.265570    14.0385    6.25194      2.163    26.1265    19.3344 -9.990e-29
 144.598275      2.192  32.265971    14.0393    6.24671      2.174    26.1263    19.3341 -9.990e-29
 144.598281      2.197  32.266499    14.0399    6.24030      2.179    26.1264    19.3341 -9.990e-29
 144.598287      2.196  32.266743    14.0398    6.23711      2.178    26.1267    19.3343 -9.990e-29
 144.598293      2.193  32.266476    14.0386    6.24392      2.175    26.1273    19.3350 -9.990e-29
 144.598299      2.192  32.265351    14.0369    6.25797      2.174    26.1274    19.3354 -9.990e-29
 144.598304      2.189  32.263556    14.0359    6.25605      2.171    26.1265    19.3349 -9.990e-29
 144.598310      2.180  32.262625    14.0362    6.24671      2.162    26.1255    19.3341 -9.990e-29
 144.598316      2.167  32.263006    14.0368    6.23453      2.149    26.1254    19.3339 -9.990e-29
 144.598322      2.159  32.263532    14.0371    6.23367      2.141    26.1257    19.3340 -9.990e-29
 144.598328      2.160  32.263791    14.0375    6.25721      2.142    26.1256    19.3339 -9.990e-29
 144.598333      2.165  32.264136    14.0382    6.25960      2.147    26.1255    19.3337 -9.990e-29
 144.598339      2.166  32.264474    14.0386    6.25492      2.148    26.1255    19.3336 -9.990e-29
 144.598345      2.158  32.264703    14.0388    6.23723      2.140    26.1256    19.3336 -9.990e-29
 144.598351      2.147  32.265134    14.0394    6.22896      2.129    26.1255    19.3335 -9.990e-29
 144.598356      2.143  32.265789    14.0404    6.24339      2.125    26.1255    19.3332 -9.990e-29
 144.598362      2.155  32.266430    14.0409    6.25058      2.137    26.1257    19.3333 -9.990e-29
 144.598368      2.175  32.266798    14.0404    6.24912      2.157    26.1263    19.3339 -9.990e-29
 144.598374      2.188  32.266830    14.0397    6.25056      2.170    26.1268    19.3345 -9.990e-29
 144.598380      2.186  32.266574    14.0393    6.23629      2.168    26.1269    19.3346 -9.990e-29
 144.598385      2.177  32.266256    14.0390    6.22582      2.159    26.1268    19.3346 -9.990e-29
 144.598391      2.178  32.266021    14.0381    6.23405      2.160    26.1272    19.3350 -9.990e-29
 144.598397      2.192  32.265561    14.0367    6.25225      2.174    26.1277    19.3357 -9.990e-29
 144.598403      2.209  32.264832    14.0358    6.25334      2.191    26.1277    19.3359 -9.990e-29
 144.598409      2.220  32.263990    14.0357    6.24629      2.201    26.1270    19.3353 -9.990e-29
 144.598414      2.227  32.263600    14.0365    6.23598      2.208    26.1261    19.3345 -9.990e-29
 144.598420      2.229  32.264269    14.0383    6.22530      2.210    26.1255    19.3337 -9.990e-29
 144.598426      2.231  32.265776    14.0401    6.23531      2.212    26.1256    19.3334 -9.990e-29
 144.598432      2.243  32.267336    14.0412    6.25479      2.224    26.1263    19.3337 -9.990e-29
 144.598437      2.263  32.268235    14.0418    6.25418      2.244    26.1267    19.3339 -9.990e-29
 144.598443      2.282  32.268557    14.0424    6.25087      2.263    26.1265    19.3337 -9.990e-29
 144.598449      2.287  32.268733    14.0433    6.22868      2.268    26.1261    19.3332 -9.990e-29
 144.598455      2.284  32.268995    14.0451    6.21787      2.265    26.1251    19.3321 -9.990e-29
 144.598461      2.288  32.269688    14.0480    6.22232      2.269    26.1238    19.3305 -9.990e-29
 144.598466      2.305  32.271170    14.0514    6.24814      2.286    26.1228    19.3291 -9.990e-29
 144.598472      2.322  32.273169    14.0540    6.25852      2.303    26.1228    19.3286 -9.990e-29
 144.598478      2.329  32.274982    14.0553    6.23903      2.310    26.1235    19.3289 -9.990e-29
 144.598484      2.324  32.276217    14.0558    6.22642      2.305    26.1243    19.3294 -9.990e-29
 144.598490      2.322  32.276833    14.0554    6.21937      2.303    26.1251    19.3301 -9.990e-29
 144.598495      2.335  32.276523    14.0534    6.23688      2.315    26.1262    19.3313 -9.990e-29
 144.598501      2.362  32.274867    14.0505    6.25334      2.342    26.1267    19.3322 -9.990e-29
 144.598507      2.390  32.272453    14.0485    6.24497      2.370    26.1259    19.3320 -9.990e-29
 144.598513      2.403  32.270537    14.0482    6.22807      2.383    26.1243    19.3309 -9.990e-29
 144.598519      2.405  32.269918    14.0486    6.22860      2.385    26.1235    19.3302 -9.990e-29
 144.598524      2.415  32.270322    14.0481    6.23996      2.395    26.1242    19.3308 -9.990e-29
 144.598530      2.445  32.270602    14.0444    6.22770      2.425    26.1270    19.3336 -9.990e-29
 144.598536      2.497  32.268883    14.0387    6.26050      2.476    26.1293    19.3365 -9.990e-29
 144.598542      2.566  32.265669    14.0361    6.23581      2.545    26.1281    19.3361 -9.990e-29
 144.598547      2.653  32.264509    14.0375    6.22042      2.631    26.1261    19.3343 -9.990e-29
 144.598553      2.763  32.266092    14.0397    6.24013      2.740    26.1260    19.3338 -9.990e-29
 144.598559      2.906  32.268038    14.0400    6.24720      2.882    26.1275    19.3349 0.0000e+00
 144.598565      3.093  32.268451    14.0367    6.25445      3.067    26.1300    19.3375 0.0000e+00
 144.598571      3.318  32.266755    14.0313    6.24935      3.290    26.1321    19.3402 0.0000e+00
 144.598576      3.565  32.264044    14.0265    6.18678      3.535    26.1328    19.3417 0.0000e+00
 144.598582      3.820  32.262295    14.0227    6.14154      3.788    26.1338    19.3431 0.0000e+00
 144.598588      4.087  32.261968    14.0150    6.13967      4.053    26.1386    19.3483 0.0000e+00
 144.598594      4.379  32.261500    13.9927    6.11868      4.342    26.1532    19.3639 0.0000e+00
 144.598600      4.696  32.259698    13.9436    6.08347      4.657    26.1848    19.3977 0.0000e+00
 144.598605      5.034  32.259195    13.8733    6.01441      4.992    26.2321    19.4477 0.0000e+00
 144.598611      5.388  32.271076    13.8119    5.94957      5.343    26.2845    19.4999 0.0000e+00
 144.598617      5.755  32.304443    13.7594    5.91970      5.707    26.3504    19.5608 0.0000e+00
 144.598623      6.138  32.383030    13.6793    5.89903      6.087    26.4763    19.6731 0.0000e+00
 144.598628      6.538  32.570141    13.5737    5.89321      6.483    26.7189    19.8803 0.0000e+00
 144.598634      6.952  32.933694    13.4698    5.89825      6.894    27.1224    20.2112 0.0000e+00
 144.598640      7.377  33.470326    13.3775    5.91867      7.315    27.6785    20.6578 0.0000e+00
 144.598646      7.812  34.007813    13.2991    5.95626      7.747    28.2290    21.0977 0.0000e+00
 144.598652      8.258  34.365480    13.2352    6.02841      8.189    28.6059    21.4009 0.0000e+00
 144.598657      8.706  34.611034    13.1860    6.08796      8.633    28.8697    21.6140 0.0000e+00
 144.598663      9.153  34.876785    13.1470    6.11866      9.076    29.1453    21.8344 0.0000e+00
 144.598669      9.600  35.150435    13.1118    6.12229      9.520    29.4261    22.0581 0.0000e+00
 144.598675     10.055  35.372467    13.0802    6.14057      9.971    29.6569    22.2425 0.0000e+00
 144.598681     10.517  35.523282    13.0465    6.19571     10.429    29.8236    22.3778 0.0000e+00
 144.598686     10.985  35.640245    12.9918    6.28269     10.893    29.9756    22.5058 0.0000e+00
 144.598692     11.463  35.813698    12.9087    6.36790     11.367    30.2036    22.6980 0.0000e+00
 144.598698     11.956  36.083152    12.8155    6.46710     11.856    30.5310    22.9690 0.0000e+00
 144.598704     12.467  36.375012    12.7370    6.52843     12.363    30.8693    23.2458 0.0000e+00
 144.598709     12.992  36.610210    12.6873    6.54725     12.883    31.1320    23.4586 0.0000e+00
 144.598715     13.531  36.764752    12.6641    6.51789     13.418    31.2971    23.5909 0.0000e+00
 144.598721     14.080  36.850086    12.6556    6.46008     13.962    31.3848    23.6604 0.0000e+00
 144.598727     14.631  36.889130    12.6526    6.42116     14.508    31.4240    23.6913 0.0000e+00
 144.598733     15.182  36.898599    12.6470    6.37636     15.055    31.4375    23.7028 0.0000e+00
 144.598738     15.727  36.888866    12.6265    6.34799     15.595    31.4451    23.7127 0.0000e+00
 144.598744     16.265  36.870493    12.5765    6.31082     16.129    31.4693    23.7409 0.0000e+00
 144.598750     16.798  36.844208    12.4967    6.26958     16.657    31.5109    23.7882 0.0000e+00
 144.598756     17.332  36.790095    12.4044    6.21193     17.187    31.5366    23.8256 0.0000e+00
 144.598762     17.865  36.707762    12.3186    6.18102     17.715    31.5299    23.8366 0.0000e+00
 144.598767     18.398  36.625916    12.2550    6.15615     18.244    31.5050    23.8291 0.0000e+00
 144.598773     18.934  36.567737    12.2163    6.13748     18.775    31.4816    23.8183 0.0000e+00
 144.598779     19.479  36.534134    12.1939    6.13828     19.316    31.4681    23.8120 0.0000e+00
 144.598785     20.027  36.515048    12.1815    6.14826     19.859    31.4600    23.8080 0.0000e+00
 144.598791     20.575  36.504642    12.1757    6.17176     20.402    31.4547    23.8050 0.0000e+00
 144.598796     21.125  36.499681    12.1733    6.18148     20.948    31.4518    23.8032 0.0000e+00
 144.598802     21.676  36.497464    12.1711    6.18728     21.494    31.4513    23.8032 0.0000e+00
 144.598808     22.230  36.496145    12.1667    6.18872     22.043    31.4535    23.8058 0.0000e+00
 144.598814     22.788  36.494515    12.1594    6.19142     22.597    31.4578    23.8105 0.0000e+00
 144.598819     23.347  36.492634    12.1499    6.20905     23.151    31.4638    23.8169 0.0000e+00
 144.598825     23.899  36.490786    12.1410    6.20441     23.698    31.4693    23.8228 0.0000e+00
 144.598831     24.438  36.488738    12.1349    6.19048     24.233    31.4723    23.8263 0.0000e+00
 144.598837     24.958  36.486549    12.1312    6.18898     24.748    31.4731    23.8276 0.0000e+00
 144.598843     25.468  36.484652    12.1281    6.17784     25.254    31.4736    23.8286 0.0000e+00
 144.598848     25.978  36.483310    12.1238    6.15249     25.760    31.4758    23.8311 0.0000e+00
 144.598854     26.492  36.482408    12.1163    6.11153     26.269    31.4810    23.8366 0.0000e+00
 144.598860     27.006  36.481295    12.1010    6.04134     26.779    31.4926    23.8484 0.0000e+00
 144.598866     27.521  36.478475    12.0714    5.96664     27.289    31.5147    23.8710 0.0000e+00
 144.598872     28.035  36.472979    12.0225    5.90608     27.799    31.5505    23.9078 0.0000e+00
 144.598877     28.550  36.465879    11.9623    5.86342     28.310    31.5944    23.9530 0.0000e+00
 144.598883     29.070  36.458910    11.9099    5.84696     28.825    31.6319    23.9917 0.0000e+00
 144.598889     29.588  36.451731    11.8709    5.83540     29.339    31.6579    24.0191 0.0000e+00
 144.598895     30.100  36.444281    11.8413    5.82556     29.847    31.6757    24.0383 0.0000e+00
 144.598900     30.603  36.439503    11.8210    5.82909     30.345    31.6881    24.0517 0.0000e+00
 144.598906     31.097  36.438300    11.8083    5.84656     30.835    31.6976    24.0614 0.0000e+00
 144.598912     31.577  36.438493    11.7986    5.88097     31.311    31.7058    24.0695 0.0000e+00
 144.598918     32.045  36.439204    11.7906    5.91105     31.775    31.7132    24.0767 0.0000e+00
 144.598924     32.505  36.443614    11.7867    5.93970     32.231    31.7206    24.0832 0.0000e+00
 144.598929     32.960  36.456468    11.7881    5.95565     32.682    31.7316    24.0915 0.0000e+00
 144.598935     33.417  36.475829    11.7930    5.97417     33.135    31.7460    24.1018 0.0000e+00
 144.598941     33.886  36.496663    11.8007    5.97047     33.600    31.7594    24.1108 0.0000e+00
 144.598947     34.365  36.520943    11.8133    5.98098     34.075    31.7719    24.1182 0.0000e+00
 144.598953     34.855  36.556362    11.8300    5.99627     34.561    31.7917    24.1305 0.0000e+00
 144.598958     35.357  36.603030    11.8425    6.01529     35.059    31.8259    24.1548 0.0000e+00
 144.598964     35.865  36.649707    11.8447    6.05499     35.563    31.8690    24.1878 0.0000e+00
 144.598970     36.373  36.694697    11.8378    6.09601     36.066    31.9182    24.2273 0.0000e+00
 144.598976     36.874  36.749753    11.8256    6.10917     36.563    31.9817    24.2789 0.0000e+00
 144.598981     37.363  36.808083    11.8119    6.10711     37.048    32.0498    24.3342 0.0000e+00
 144.598987     37.844  36.854358    11.8003    6.09175     37.525    32.1044    24.3788 0.0000e+00
 144.598993     38.323  36.896994    11.7978    6.06911     38.000    32.1477    24.4128 0.0000e+00
 144.598999     38.795  36.950206    11.8063    6.05174     38.468    32.1917    24.4455 0.0000e+00
 144.599005     39.257  37.008664    11.8183    6.04038     38.926    32.2378    24.4790 0.0000e+00
 144.599010     39.700  37.052723    11.8270    6.03859     39.365    32.2728    24.5046 0.0000e+00
 144.599016     40.117  37.075507    11.8301    6.04080     39.778    32.2920    24.5190 0.0000e+00
 144.599022     40.518  37.081029    11.8288    6.03444     40.176    32.2983    24.5241 0.0000e+00
 144.599028     40.921  37.072719    11.8268    6.02654     40.575    32.2918    24.5195 0.0000e+00
 144.599034     41.337  37.061360    11.8267    6.03821     40.988    32.2807    24.5109 0.0000e+00
 144.599039     41.776  37.062642    11.8268    6.06319     41.423    32.2817    24.5116 0.0000e+00
 144.599045     42.244  37.076020    11.8233    6.07711     41.887    32.2975    24.5245 0.0000e+00
 144.599051     42.738  37.083992    11.8157    6.06428     42.377    32.3116    24.5369 0.0000e+00
 144.599057     43.246  37.081476    11.8068    6.03433     42.881    32.3167    24.5425 0.0000e+00
 144.599063     43.758  37.075199    11.7976    5.98465     43.388    32.3184    24.5455 0.0000e+00
 144.599068     44.268  37.067995    11.7839    5.91451     43.894    32.3231    24.5517 0.0000e+00
 144.599074     44.773  37.056976    11.7542    5.83781     44.395    32.3381    24.5688 0.0000e+00
 144.599080     45.272  37.032485    11.6848    5.76980     44.889    32.3745    24.6098 0.0000e+00
 144.599086     45.768  36.970828    11.5593    5.67615     45.381    32.4239    24.6710 0.0000e+00
 144.599091     46.256  36.850347    11.4066    5.55850     45.865    32.4397    24.7110 0.0000e+00
 144.599097     46.730  36.703291    11.2833    5.43659     46.335    32.4036    24.7050 0.0000e+00
 144.599103     47.191  36.593751    11.2058    5.35259     46.792    32.3638    24.6879 0.0000e+00
