data/oxygen options/ONMS/Olympic_Coast_National_Marine_Sanctuary_Hypoxia_Survey_CTD_Data_2004_2015/raw_data/2005/CTD_CA45_083005faed.cnv
* Sea-Bird SBE19 Data File:
* FileName = C:\hypoxia CTD data\CA45_083005.hex
* Software Version 1.1.5
* Temperature SN = 2997
* Conductivity SN = 2997
* System UpLoad Time = Aug 30 2005 17:20:06
** Cape Alave 45m 083005
* SEACAT PROFILER V3.1c SN 2997   08/30/05  17:18:35.117
# nquan = 9                                 
# nvalues = 644                         
# units = specified
# name 0 = timeJ: Julian Days
# name 1 = prSM: Pressure, Strain Gauge [db]
# name 2 = c0mS/cm: Conductivity [mS/cm]
# name 3 = t090C: Temperature [ITS-90, deg C]
# name 4 = oxML/L: Oxygen, Beckman/YSI [ml/l]
# name 5 = depSM: Depth [salt water, m], lat = 47.5
# name 6 = sal00: Salinity, Practical [PSU]
# name 7 = sigma-é00: Density [sigma-theta, kg/m^3]
# name 8 = flag: flag
# span 0 = 242.648542, 242.652263       
# span 1 =     -3.775,     44.149       
# span 2 =   2.769477,  38.176301       
# span 3 =     7.8639,    13.9630       
# span 4 =   -0.09925,   25.97574       
# span 5 =     -3.744,     43.776       
# span 6 =     1.8564,    33.4529       
# span 7 =     0.6904,    26.0791       
# span 8 = 0.0000e+00, 0.0000e+00       
# interval = seconds: 0.5
# start_time = Aug 30 2005 15:33:54 [Instrument's time stamp, header]
# bad_flag = -9.990e-29
*END*
[from data line 321]
 242.650399      2.359  38.117127    13.5508    6.36267      2.339    31.8326    23.8315 -9.990e-29
 242.650405      2.355  38.117560    13.5509    6.35815      2.335    31.8329    23.8317 -9.990e-29
 242.650411      2.342  38.117990    13.5509    6.35133      2.322    31.8333    23.8321 -9.990e-29
 242.650417      2.327  38.117874    13.5510    6.34734      2.308    31.8331    23.8319 -9.990e-29
 242.650422      2.320  38.118183    13.5513    6.34783      2.301    31.8331    23.8319 -9.990e-29
 242.650428      2.322  38.117650    13.5518    6.34730      2.303    31.8322    23.8311 -9.990e-29
 242.650434      2.331  38.115008    13.5523    6.35346      2.312    31.8293    23.8287 -9.990e-29
 242.650440      2.337  38.110661    13.5526    6.36375      2.317    31.8251    23.8254 -9.990e-29
 242.650446      2.338  38.106668    13.5528    6.35978      2.318    31.8212    23.8223 -9.990e-29
 242.650451      2.333  38.099951    13.5532    6.35456      2.314    31.8146    23.8172 -9.990e-29
 242.650457      2.327  38.087726    13.5539    6.34293      2.308    31.8027    23.8078 -9.990e-29
 242.650463      2.326  38.080057    13.5546    6.33813      2.307    31.7949    23.8017 -9.990e-29
 242.650469      2.332  38.082425    13.5548    6.34714      2.313    31.7970    23.8032 -9.990e-29
 242.650475      2.341  38.088458    13.5545    6.34733      2.321    31.8028    23.8078 -9.990e-29
 242.650480      2.352  38.094427    13.5542    6.34428      2.332    31.8086    23.8123 -9.990e-29
 242.650486      2.363  38.099879    13.5543    6.34652      2.343    31.8136    23.8162 -9.990e-29
 242.650492      2.365  38.105358    13.5543    6.35300      2.345    31.8187    23.8201 -9.990e-29
 242.650498      2.360  38.110318    13.5540    6.35169      2.340    31.8236    23.8239 -9.990e-29
 242.650503      2.354  38.112966    13.5535    6.34057      2.334    31.8264    23.8262 -9.990e-29
 242.650509      2.352  38.114031    13.5532    6.32118      2.332    31.8277    23.8273 -9.990e-29
 242.650515      2.353  38.116060    13.5528    6.31661      2.333    31.8299    23.8291 -9.990e-29
 242.650521      2.358  38.118957    13.5515    6.32670      2.338    31.8337    23.8322 -9.990e-29
 242.650527      2.368  38.120417    13.5494    6.33179      2.348    31.8368    23.8351 -9.990e-29
 242.650532      2.382  38.119025    13.5477    6.33759      2.362    31.8369    23.8355 -9.990e-29
 242.650538      2.397  38.115171    13.5472    6.33113      2.377    31.8337    23.8331 -9.990e-29
 242.650544      2.406  38.112693    13.5473    6.33370      2.386    31.8313    23.8313 -9.990e-29
 242.650550      2.410  38.113337    13.5470    6.33819      2.390    31.8322    23.8320 -9.990e-29
 242.650556      2.417  38.111236    13.5450    6.32512      2.397    31.8319    23.8322 -9.990e-29
 242.650561      2.431  38.107517    13.5420    6.32310      2.411    31.8309    23.8320 -9.990e-29
 242.650567      2.450  38.109003    13.5402    6.33147      2.430    31.8338    23.8346 -9.990e-29
 242.650573      2.466  38.112068    13.5401    6.34317      2.445    31.8367    23.8369 -9.990e-29
 242.650579      2.476  38.112952    13.5409    6.34089      2.455    31.8369    23.8368 -9.990e-29
 242.650584      2.481  38.113397    13.5414    6.33620      2.460    31.8369    23.8367 -9.990e-29
 242.650590      2.480  38.114558    13.5411    6.32494      2.459    31.8382    23.8378 -9.990e-29
 242.650596      2.474  38.115744    13.5402    6.32886      2.453    31.8401    23.8394 -9.990e-29
 242.650602      2.471  38.115737    13.5386    6.32413      2.450    31.8414    23.8408 -9.990e-29
 242.650608      2.480  38.114531    13.5365    6.31919      2.459    31.8420    23.8417 -9.990e-29
 242.650613      2.492  38.112766    13.5346    6.31722      2.471    31.8419    23.8420 -9.990e-29
 242.650619      2.499  38.111456    13.5330    6.32330      2.478    31.8421    23.8424 -9.990e-29
 242.650625      2.502  38.110538    13.5313    6.32651      2.481    31.8426    23.8432 -9.990e-29
 242.650631      2.502  38.109352    13.5298    6.31701      2.481    31.8428    23.8436 -9.990e-29
 242.650637      2.502  38.108001    13.5292    6.30817      2.481    31.8420    23.8431 -9.990e-29
 242.650642      2.511  38.107493    13.5297    6.31107      2.490    31.8411    23.8424 -9.990e-29
 242.650648      2.529  38.108276    13.5308    6.32186      2.508    31.8409    23.8420 -9.990e-29
 242.650654      2.550  38.109152    13.5317    6.33611      2.529    31.8410    23.8419 -9.990e-29
 242.650660      2.565  38.109608    13.5323    6.32806      2.544    31.8409    23.8417 -9.990e-29
 242.650666      2.568  38.110244    13.5334    6.31155      2.547    31.8406    23.8412 -9.990e-29
 242.650671      2.559  38.111338    13.5351    6.31592      2.538    31.8402    23.8406 -9.990e-29
 242.650677      2.549  38.112654    13.5364    6.33371      2.528    31.8403    23.8404 -9.990e-29
 242.650683      2.547  38.113696    13.5371    6.34938      2.526    31.8407    23.8406 -9.990e-29
 242.650689      2.549  38.114161    13.5375    6.34073      2.528    31.8408    23.8406 -9.990e-29
 242.650694      2.549  38.114100    13.5379    6.33185      2.528    31.8404    23.8402 -9.990e-29
 242.650700      2.549  38.113982    13.5383    6.30769      2.528    31.8400    23.8398 -9.990e-29
 242.650706      2.552  38.114200    13.5384    6.33470      2.531    31.8401    23.8398 -9.990e-29
 242.650712      2.563  38.114472    13.5382    6.33706      2.542    31.8405    23.8402 -9.990e-29
 242.650718      2.574  38.114593    13.5383    6.34530      2.553    31.8405    23.8402 -9.990e-29
 242.650723      2.573  38.114712    13.5391    6.33561      2.552    31.8400    23.8396 -9.990e-29
 242.650729      2.559  38.114976    13.5405    6.32174      2.538    31.8391    23.8386 -9.990e-29
 242.650735      2.546  38.115728    13.5421    6.32904      2.525    31.8384    23.8378 -9.990e-29
 242.650741      2.544  38.116839    13.5433    6.33029      2.523    31.8385    23.8376 -9.990e-29
 242.650747      2.558  38.117541    13.5438    6.34400      2.537    31.8387    23.8377 -9.990e-29
 242.650752      2.581  38.117638    13.5437    6.33710      2.559    31.8389    23.8378 -9.990e-29
 242.650758      2.596  38.117248    13.5435    6.32690      2.574    31.8387    23.8377 -9.990e-29
 242.650764      2.600  38.116402    13.5433    6.33644      2.578    31.8380    23.8373 -9.990e-29
 242.650770      2.603  38.115643    13.5428    6.33187      2.581    31.8377    23.8371 -9.990e-29
 242.650775      2.608  38.115634    13.5424    6.33019      2.586    31.8381    23.8375 -9.990e-29
 242.650781      2.616  38.116351    13.5421    6.32780      2.594    31.8390    23.8382 -9.990e-29
 242.650787      2.623  38.117059    13.5416    6.31888      2.601    31.8401    23.8392 -9.990e-29
 242.650793      2.626  38.117009    13.5406    6.32265      2.604    31.8408    23.8400 -9.990e-29
 242.650799      2.628  38.116123    13.5392    6.33418      2.606    31.8412    23.8405 -9.990e-29
 242.650804      2.630  38.114892    13.5380    6.33429      2.608    31.8410    23.8406 -9.990e-29
 242.650810      2.628  38.113910    13.5377    6.32545      2.606    31.8404    23.8402 -9.990e-29
 242.650816      2.626  38.113538    13.5383    6.32199      2.604    31.8395    23.8394 -9.990e-29
 242.650822      2.628  38.113831    13.5396    6.32169      2.606    31.8387    23.8385 -9.990e-29
 242.650828      2.634  38.114610    13.5409    6.33703      2.612    31.8384    23.8380 -9.990e-29
 242.650833      2.645  38.115221    13.5417    6.33513      2.623    31.8383    23.8377 -9.990e-29
 242.650839      2.656  38.114785    13.5416    6.32082      2.634    31.8379    23.8375 -9.990e-29
 242.650845      2.661  38.113833    13.5410    6.31889      2.639    31.8375    23.8373 -9.990e-29
 242.650851      2.660  38.113329    13.5399    6.32834      2.638    31.8380    23.8379 -9.990e-29
 242.650856      2.660  38.113151    13.5382    6.33343      2.638    31.8392    23.8392 -9.990e-29
 242.650862      2.666  38.113053    13.5368    6.32355      2.644    31.8403    23.8403 -9.990e-29
 242.650868      2.675  38.112896    13.5367    6.32850      2.653    31.8402    23.8403 -9.990e-29
 242.650874      2.678  38.113018    13.5373    6.31693      2.656    31.8399    23.8399 -9.990e-29
 242.650880      2.676  38.113573    13.5376    6.32951      2.654    31.8401    23.8400 -9.990e-29
 242.650885      2.676  38.114169    13.5377    6.33812      2.654    31.8406    23.8404 -9.990e-29
 242.650891      2.680  38.114468    13.5379    6.33357      2.658    31.8407    23.8404 -9.990e-29
 242.650897      2.678  38.114298    13.5381    6.32396      2.656    31.8404    23.8401 -9.990e-29
 242.650903      2.671  38.113983    13.5388    6.32444      2.649    31.8395    23.8393 -9.990e-29
 242.650909      2.667  38.114215    13.5403    6.33109      2.645    31.8385    23.8382 -9.990e-29
 242.650914      2.669  38.115293    13.5417    6.33806      2.647    31.8383    23.8378 -9.990e-29
 242.650920      2.673  38.116402    13.5420    6.34572      2.651    31.8391    23.8383 -9.990e-29
 242.650926      2.677  38.116767    13.5421    6.32358      2.655    31.8393    23.8385 -9.990e-29
 242.650932      2.679  38.116867    13.5424    6.32606      2.657    31.8392    23.8383 -9.990e-29
 242.650938      2.680  38.116824    13.5424    6.32982      2.658    31.8391    23.8383 -9.990e-29
 242.650943      2.688  38.116573    13.5426    6.33226      2.666    31.8387    23.8379 -9.990e-29
 242.650949      2.709  38.116890    13.5436    6.33309      2.686    31.8382    23.8373 -9.990e-29
 242.650955      2.726  38.117628    13.5445    6.33877      2.703    31.8381    23.8371 -9.990e-29
 242.650961      2.728  38.118074    13.5450    6.33889      2.705    31.8381    23.8370 -9.990e-29
 242.650966      2.719  38.118253    13.5453    6.33496      2.696    31.8380    23.8369 -9.990e-29
 242.650972      2.707  38.118394    13.5455    6.33366      2.684    31.8380    23.8368 -9.990e-29
 242.650978      2.701  38.118676    13.5457    6.32879      2.678    31.8381    23.8368 -9.990e-29
 242.650984      2.703  38.118903    13.5459    6.32997      2.680    31.8382    23.8368 -9.990e-29
 242.650990      2.709  38.118808    13.5461    6.33261      2.686    31.8379    23.8366 -9.990e-29
 242.650995      2.713  38.118816    13.5458    6.32246      2.690    31.8382    23.8369 -9.990e-29
 242.651001      2.708  38.118928    13.5452    6.33041      2.685    31.8388    23.8374 -9.990e-29
 242.651007      2.696  38.118721    13.5445    6.33805      2.673    31.8392    23.8379 -9.990e-29
 242.651013      2.680  38.118469    13.5438    6.33227      2.658    31.8395    23.8383 -9.990e-29
 242.651019      2.667  38.118387    13.5432    6.32700      2.645    31.8399    23.8388 -9.990e-29
 242.651024      2.661  38.118358    13.5432    6.31967      2.639    31.8399    23.8387 -9.990e-29
 242.651030      2.661  38.118332    13.5435    6.31318      2.639    31.8396    23.8385 -9.990e-29
 242.651036      2.667  38.118266    13.5437    6.31952      2.645    31.8394    23.8382 -9.990e-29
 242.651042      2.680  38.118062    13.5435    6.32183      2.658    31.8394    23.8383 -9.990e-29
 242.651047      2.696  38.117438    13.5432    6.32461      2.673    31.8390    23.8381 -9.990e-29
 242.651053      2.708  38.115551    13.5428    6.32533      2.685    31.8376    23.8370 -9.990e-29
 242.651059      2.711  38.113802    13.5425    6.32680      2.688    31.8362    23.8360 -9.990e-29
 242.651065      2.712  38.114335    13.5425    6.31961      2.689    31.8367    23.8364 -9.990e-29
 242.651071      2.718  38.115606    13.5427    6.31497      2.695    31.8377    23.8372 -9.990e-29
 242.651076      2.729  38.116497    13.5428    6.31943      2.706    31.8385    23.8377 -9.990e-29
 242.651082      2.743  38.117063    13.5426    6.32187      2.720    31.8392    23.8383 -9.990e-29
 242.651088      2.759  38.116928    13.5423    6.32912      2.736    31.8393    23.8384 -9.990e-29
 242.651094      2.775  38.116462    13.5420    6.32798      2.752    31.8391    23.8384 -9.990e-29
 242.651100      2.788  38.116154    13.5419    6.31301      2.765    31.8389    23.8382 -9.990e-29
 242.651105      2.797  38.116144    13.5420    6.31474      2.774    31.8388    23.8381 -9.990e-29
 242.651111      2.805  38.116411    13.5424    6.31515      2.782    31.8387    23.8380 -9.990e-29
 242.651117      2.811  38.116737    13.5425    6.32553      2.788    31.8389    23.8381 -9.990e-29
 242.651123      2.820  38.116427    13.5418    6.33563      2.796    31.8392    23.8385 -9.990e-29
 242.651128      2.837  38.115618    13.5408    6.32594      2.813    31.8393    23.8387 -9.990e-29
 242.651134      2.858  38.114906    13.5402    6.32785      2.834    31.8391    23.8387 -9.990e-29
 242.651140      2.882  38.114451    13.5399    6.32980      2.858    31.8389    23.8386 -9.990e-29
 242.651146      2.912  38.114198    13.5402    6.33458      2.888    31.8384    23.8382 -9.990e-29
 242.651152      2.957  38.114359    13.5414    6.33377      2.932    31.8376    23.8373 -9.990e-29
 242.651157      3.014  38.115142    13.5420    6.33026      2.989    31.8378    23.8373 -9.990e-29
 242.651163      3.082  38.115336    13.5408    6.33711      3.056    31.8389    23.8385 -9.990e-29
 242.651169      3.166  38.114068    13.5388    6.39360      3.140    31.8394    23.8392 -9.990e-29
 242.651175      3.276  38.112441    13.5368    6.43684      3.249    31.8395    23.8397 -9.990e-29
 242.651181      3.427  38.111641    13.5348    6.42808      3.398    31.8404    23.8408 0.0000e+00
 242.651186      3.629  38.111153    13.5329    6.39609      3.599    31.8414    23.8420 0.0000e+00
 242.651192      3.885  38.110315    13.5304    6.27216      3.853    31.8426    23.8434 0.0000e+00
 242.651198      4.200  38.109120    13.5231    6.14449      4.165    31.8475    23.8486 0.0000e+00
 242.651204      4.576  38.105404    13.5008    6.02295      4.538    31.8625    23.8647 0.0000e+00
 242.651209      5.008  38.093079    13.4424    5.86962      4.966    31.8996    23.9051 0.0000e+00
 242.651215      5.471  38.059626    13.3027    5.77380      5.425    31.9853    23.9991 0.0000e+00
 242.651221      5.948  37.975007    13.0663    5.63144      5.898    32.1051    24.1383 0.0000e+00
 242.651227      6.436  37.819478    12.8227    5.51498      6.382    32.1649    24.2321 0.0000e+00
 242.651233      6.931  37.650342    12.6478    5.45974      6.873    32.1534    24.2569 0.0000e+00
 242.651238      7.434  37.529158    12.5016    5.41509      7.372    32.1628    24.2922 0.0000e+00
 242.651244      7.949  37.425515    12.3462    5.39489      7.883    32.1967    24.3480 0.0000e+00
 242.651250      8.469  37.306614    12.2035    5.43040      8.398    32.2052    24.3814 0.0000e+00
 242.651256      8.988  37.192776    12.0955    5.52244      8.913    32.1885    24.3887 0.0000e+00
 242.651262      9.506  37.108260    12.0261    5.64035      9.426    32.1667    24.3847 0.0000e+00
 242.651267     10.022  37.059219    11.9834    5.72662      9.938    32.1560    24.3844 0.0000e+00
 242.651273     10.538  37.032947    11.9436    5.68500     10.450    32.1647    24.3985 0.0000e+00
 242.651279     11.062  37.008974    11.8869    5.57856     10.969    32.1903    24.4289 0.0000e+00
 242.651285     11.593  36.978310    11.8065    5.39936     11.496    32.2300    24.4745 0.0000e+00
 242.651291     12.126  36.940989    11.7078    5.19245     12.024    32.2792    24.5309 0.0000e+00
 242.651296     12.660  36.904423    11.5737    5.01462     12.554    32.3603    24.6183 0.0000e+00
 242.651302     13.188  36.852356    11.3090    4.84116     13.078    32.5415    24.8069 0.0000e+00
 242.651308     13.704  36.691788    10.8319    4.71044     13.589    32.8068    25.0979 0.0000e+00
 242.651314     14.215  36.327478    10.2539    4.56957     14.096    32.9632    25.3194 0.0000e+00
