data/oxygen options/ONMS/Olympic_Coast_National_Marine_Sanctuary_Hypoxia_Survey_CTD_Data_2004_2015/raw_data/2005/CTD_CA20_083005faed.cnv
* Sea-Bird SBE19 Data File:
* FileName = C:\hypoxia CTD data\CA20_083005.hex
* Software Version 1.1.5
* Temperature SN = 2997
* Conductivity SN = 2997
* System UpLoad Time = Aug 30 2005 17:12:31
** Cape Alava 20m 8/30/05
* SEACAT PROFILER V3.1c SN 2997   08/30/05  17:08:29.252
# nquan = 9                                 
# nvalues = 481                         
# units = specified
# name 0 = timeJ: Julian Days
# name 1 = prSM: Pressure, Strain Gauge [db]
# name 2 = c0mS/cm: Conductivity [mS/cm]
# name 3 = t090C: Temperature [ITS-90, deg C]
# name 4 = oxML/L: Oxygen, Beckman/YSI [ml/l]
# name 5 = depSM: Depth [salt water, m], lat = 47.5
# name 6 = sal00: Salinity, Practical [PSU]
# name 7 = sigma-é00: Density [sigma-theta, kg/m^3]
# name 8 = flag: flag
# span 0 = 242.621308, 242.624086       
# span 1 =     -4.069,     21.761       
# span 2 =   0.081830,  38.233226       
# span 3 =     8.8684,    14.9893       
# span 4 =   -0.09978,   24.97738       
# span 5 =     -4.035,     21.578       
# span 6 =     0.0502,    33.3791       
# span 7 =    -0.8584,    25.8585       
# span 8 = 0.0000e+00, 0.0000e+00       
# interval = seconds: 0.5
# start_time = Aug 30 2005 14:54:41 [Instrument's time stamp, header]
# bad_flag = -9.990e-29
*END*
[from data line 161]
 242.622240      0.451  38.086702    13.5636    6.82154      0.447    31.7944    23.7994 -9.990e-29
 242.622245      0.473  38.086305    13.5631    6.80887      0.469    31.7944    23.7995 -9.990e-29
 242.622251      0.487  38.086130    13.5624    6.79496      0.483    31.7948    23.8000 -9.990e-29
 242.622257      0.500  38.085880    13.5621    6.79274      0.496    31.7948    23.8001 -9.990e-29
 242.622263      0.519  38.085720    13.5620    6.79967      0.515    31.7948    23.8000 -9.990e-29
 242.622269      0.541  38.085935    13.5618    6.81397      0.536    31.7951    23.8003 -9.990e-29
 242.622274      0.558  38.086189    13.5614    6.81571      0.553    31.7957    23.8008 -9.990e-29
 242.622280      0.567  38.086195    13.5609    6.81558      0.562    31.7961    23.8013 -9.990e-29
 242.622286      0.573  38.085899    13.5604    6.79836      0.568    31.7962    23.8015 -9.990e-29
 242.622292      0.584  38.085405    13.5598    6.78880      0.579    31.7963    23.8016 -9.990e-29
 242.622297      0.603  38.085111    13.5591    6.79823      0.598    31.7966    23.8020 -9.990e-29
 242.622303      0.620  38.085122    13.5586    6.81170      0.615    31.7970    23.8024 -9.990e-29
 242.622309      0.634  38.085391    13.5585    6.81109      0.629    31.7973    23.8027 -9.990e-29
 242.622315      0.641  38.085652    13.5588    6.80086      0.636    31.7973    23.8026 -9.990e-29
 242.622321      0.636  38.085630    13.5594    6.77849      0.631    31.7968    23.8021 -9.990e-29
 242.622326      0.628  38.085791    13.5599    6.77941      0.623    31.7965    23.8018 -9.990e-29
 242.622332      0.630  38.086288    13.5601    6.79438      0.625    31.7968    23.8020 -9.990e-29
 242.622338      0.645  38.086602    13.5598    6.80538      0.640    31.7974    23.8025 -9.990e-29
 242.622344      0.671  38.086529    13.5593    6.80556      0.665    31.7977    23.8028 -9.990e-29
 242.622350      0.697  38.086468    13.5590    6.79782      0.691    31.7979    23.8030 -9.990e-29
 242.622355      0.710  38.086834    13.5591    6.78933      0.704    31.7981    23.8032 -9.990e-29
 242.622361      0.713  38.087492    13.5598    6.78423      0.707    31.7982    23.8031 -9.990e-29
 242.622367      0.717  38.088697    13.5608    6.78781      0.711    31.7984    23.8031 -9.990e-29
 242.622373      0.732  38.090311    13.5614    6.79224      0.726    31.7994    23.8038 -9.990e-29
 242.622378      0.751  38.091060    13.5614    6.80014      0.745    31.8001    23.8043 -9.990e-29
 242.622384      0.760  38.090758    13.5609    6.80141      0.754    31.8003    23.8045 -9.990e-29
 242.622390      0.758  38.090061    13.5600    6.79858      0.752    31.8004    23.8048 -9.990e-29
 242.622396      0.748  38.089095    13.5590    6.79808      0.742    31.8003    23.8049 -9.990e-29
 242.622402      0.742  38.088193    13.5578    6.77826      0.736    31.8005    23.8053 -9.990e-29
 242.622407      0.749  38.087772    13.5570    6.76576      0.743    31.8007    23.8056 -9.990e-29
 242.622413      0.764  38.087770    13.5572    6.78554      0.758    31.8006    23.8055 -9.990e-29
 242.622419      0.779  38.088119    13.5584    6.79972      0.772    31.7999    23.8047 -9.990e-29
 242.622425      0.788  38.089222    13.5605    6.80710      0.781    31.7992    23.8037 -9.990e-29
 242.622431      0.787  38.091364    13.5626    6.79701      0.780    31.7994    23.8035 -9.990e-29
 242.622436      0.780  38.093414    13.5634    6.77832      0.773    31.8006    23.8043 -9.990e-29
 242.622442      0.775  38.094122    13.5630    6.77211      0.769    31.8016    23.8051 -9.990e-29
 242.622448      0.779  38.093809    13.5616    6.79117      0.772    31.8025    23.8061 -9.990e-29
 242.622454      0.799  38.092556    13.5598    6.80038      0.792    31.8028    23.8067 -9.990e-29
 242.622459      0.826  38.090871    13.5587    6.79489      0.819    31.8022    23.8064 -9.990e-29
 242.622465      0.845  38.090369    13.5587    6.79822      0.838    31.8017    23.8060 -9.990e-29
 242.622471      0.849  38.090876    13.5591    6.78901      0.842    31.8018    23.8061 -9.990e-29
 242.622477      0.846  38.091322    13.5594    6.79068      0.839    31.8020    23.8061 -9.990e-29
 242.622483      0.849  38.091677    13.5589    6.79839      0.842    31.8027    23.8068 -9.990e-29
 242.622488      0.864  38.091795    13.5579    6.78926      0.857    31.8037    23.8077 -9.990e-29
 242.622494      0.885  38.091209    13.5574    6.79070      0.878    31.8035    23.8077 -9.990e-29
 242.622500      0.906  38.090755    13.5576    6.78658      0.898    31.8029    23.8072 -9.990e-29
 242.622506      0.925  38.091446    13.5579    6.78320      0.917    31.8033    23.8075 -9.990e-29
 242.622512      0.942  38.092457    13.5579    6.78538      0.934    31.8043    23.8082 -9.990e-29
 242.622517      0.958  38.092833    13.5573    6.78584      0.950    31.8051    23.8090 -9.990e-29
 242.622523      0.975  38.092451    13.5559    6.78950      0.967    31.8059    23.8099 -9.990e-29
 242.622529      0.993  38.091300    13.5540    6.78689      0.985    31.8064    23.8106 -9.990e-29
 242.622535      1.014  38.090024    13.5530    6.78211      1.006    31.8061    23.8106 -9.990e-29
 242.622541      1.035  38.089663    13.5535    6.79507      1.026    31.8053    23.8099 -9.990e-29
 242.622546      1.048  38.090231    13.5551    6.80101      1.039    31.8045    23.8089 -9.990e-29
 242.622552      1.055  38.091302    13.5569    6.78549      1.046    31.8040    23.8082 -9.990e-29
 242.622558      1.064  38.092558    13.5580    6.77209      1.055    31.8042    23.8082 -9.990e-29
 242.622564      1.076  38.093371    13.5582    6.77642      1.067    31.8048    23.8086 -9.990e-29
 242.622569      1.088  38.093642    13.5580    6.79135      1.079    31.8052    23.8089 -9.990e-29
 242.622575      1.103  38.093668    13.5578    6.79356      1.094    31.8054    23.8091 -9.990e-29
 242.622581      1.125  38.093420    13.5574    6.78876      1.116    31.8055    23.8093 -9.990e-29
 242.622587      1.144  38.092504    13.5568    6.77214      1.134    31.8051    23.8091 -9.990e-29
 242.622593      1.159  38.090198    13.5547    6.77210      1.149    31.8047    23.8092 -9.990e-29
 242.622598      1.170  38.087847    13.5511    6.78019      1.160    31.8056    23.8106 -9.990e-29
 242.622604      1.178  38.087301    13.5483    6.78268      1.168    31.8074    23.8125 -9.990e-29
 242.622610      1.183  38.087767    13.5477    6.78247      1.173    31.8083    23.8134 -9.990e-29
 242.622616      1.182  38.088682    13.5481    6.78933      1.172    31.8088    23.8137 -9.990e-29
 242.622622      1.169  38.089521    13.5483    6.77722      1.159    31.8094    23.8141 -9.990e-29
 242.622627      1.154  38.089656    13.5485    6.77629      1.144    31.8094    23.8141 -9.990e-29
 242.622633      1.147  38.089769    13.5495    6.77645      1.137    31.8087    23.8133 -9.990e-29
 242.622639      1.153  38.090506    13.5515    6.78577      1.143    31.8077    23.8121 -9.990e-29
 242.622645      1.167  38.091668    13.5534    6.78912      1.157    31.8072    23.8114 -9.990e-29
 242.622650      1.182  38.092498    13.5542    6.78871      1.172    31.8073    23.8113 -9.990e-29
 242.622656      1.195  38.092920    13.5542    6.79548      1.185    31.8077    23.8116 -9.990e-29
 242.622662      1.206  38.093433    13.5543    6.79314      1.196    31.8081    23.8119 -9.990e-29
 242.622668      1.217  38.094096    13.5548    6.78609      1.207    31.8083    23.8119 -9.990e-29
 242.622674      1.227  38.094611    13.5554    6.78693      1.217    31.8082    23.8118 -9.990e-29
 242.622679      1.238  38.095041    13.5558    6.78085      1.228    31.8083    23.8117 -9.990e-29
 242.622685      1.250  38.095334    13.5560    6.79930      1.240    31.8084    23.8118 -9.990e-29
 242.622691      1.264  38.095259    13.5563    6.81944      1.253    31.8081    23.8115 -9.990e-29
 242.622697      1.281  38.095214    13.5569    6.79547      1.270    31.8075    23.8109 -9.990e-29
 242.622703      1.298  38.095637    13.5575    6.78251      1.287    31.8074    23.8107 -9.990e-29
 242.622708      1.311  38.096467    13.5576    6.75443      1.300    31.8081    23.8112 -9.990e-29
 242.622714      1.326  38.097626    13.5569    6.77741      1.315    31.8098    23.8126 -9.990e-29
 242.622720      1.347  38.098914    13.5562    6.80415      1.336    31.8115    23.8142 -9.990e-29
 242.622726      1.368  38.099755    13.5569    6.80396      1.357    31.8117    23.8142 -9.990e-29
 242.622731      1.373  38.100109    13.5589    6.79665      1.362    31.8104    23.8127 -9.990e-29
 242.622737      1.358  38.100387    13.5601    6.77386      1.347    31.8096    23.8119 -9.990e-29
 242.622743      1.335  38.100318    13.5599    6.77765      1.324    31.8098    23.8120 -9.990e-29
 242.622749      1.319  38.099743    13.5597    6.80764      1.308    31.8094    23.8118 -9.990e-29
 242.622755      1.322  38.099522    13.5602    6.81516      1.311    31.8088    23.8112 -9.990e-29
 242.622760      1.340  38.099862    13.5608    6.80615      1.329    31.8086    23.8110 -9.990e-29
 242.622766      1.357  38.100037    13.5612    6.78918      1.346    31.8084    23.8107 -9.990e-29
 242.622772      1.370  38.100221    13.5617    6.78335      1.359    31.8082    23.8104 -9.990e-29
 242.622778      1.385  38.101163    13.5621    6.79360      1.373    31.8087    23.8108 -9.990e-29
 242.622784      1.401  38.102377    13.5619    6.80194      1.389    31.8100    23.8118 -9.990e-29
 242.622789      1.420  38.102621    13.5618    6.79757      1.408    31.8103    23.8121 -9.990e-29
 242.622795      1.435  38.102161    13.5621    6.79116      1.423    31.8096    23.8115 -9.990e-29
 242.622801      1.438  38.102008    13.5620    6.78972      1.426    31.8095    23.8115 -9.990e-29
 242.622807      1.434  38.101899    13.5618    6.79481      1.422    31.8096    23.8116 -9.990e-29
 242.622813      1.430  38.101630    13.5616    6.79614      1.418    31.8095    23.8115 -9.990e-29
 242.622818      1.431  38.101345    13.5614    6.78461      1.419    31.8094    23.8115 -9.990e-29
 242.622824      1.433  38.100047    13.5612    6.79152      1.421    31.8084    23.8107 -9.990e-29
 242.622830      1.436  38.098748    13.5612    6.79393      1.424    31.8072    23.8098 -9.990e-29
 242.622836      1.444  38.099023    13.5615    6.79711      1.432    31.8072    23.8097 -9.990e-29
 242.622841      1.453  38.097815    13.5619    6.80461      1.441    31.8057    23.8085 -9.990e-29
 242.622847      1.460  38.095139    13.5624    6.78042      1.448    31.8028    23.8062 -9.990e-29
 242.622853      1.466  38.095216    13.5628    6.76998      1.454    31.8025    23.8059 -9.990e-29
 242.622859      1.474  38.098090    13.5632    6.76983      1.462    31.8049    23.8076 -9.990e-29
 242.622865      1.490  38.101370    13.5636    6.77809      1.478    31.8076    23.8096 -9.990e-29
 242.622870      1.511  38.103203    13.5639    6.79226      1.498    31.8090    23.8107 -9.990e-29
 242.622876      1.528  38.103734    13.5642    6.79072      1.515    31.8093    23.8108 -9.990e-29
 242.622882      1.536  38.104171    13.5645    6.78568      1.523    31.8094    23.8109 -9.990e-29
 242.622888      1.533  38.104476    13.5648    6.78978      1.520    31.8095    23.8108 -9.990e-29
 242.622894      1.529  38.104437    13.5651    6.79512      1.516    31.8092    23.8106 -9.990e-29
 242.622899      1.528  38.103947    13.5653    6.78823      1.515    31.8086    23.8100 -9.990e-29
 242.622905      1.530  38.102293    13.5654    6.78628      1.517    31.8069    23.8088 -9.990e-29
 242.622911      1.534  38.101136    13.5656    6.78804      1.521    31.8057    23.8078 -9.990e-29
 242.622917      1.540  38.102801    13.5656    6.78880      1.527    31.8072    23.8090 -9.990e-29
 242.622922      1.546  38.104963    13.5656    6.79501      1.533    31.8092    23.8105 -9.990e-29
 242.622928      1.548  38.105960    13.5657    6.78188      1.535    31.8101    23.8111 -9.990e-29
 242.622934      1.549  38.106504    13.5659    6.77073      1.536    31.8104    23.8114 -9.990e-29
 242.622940      1.553  38.106700    13.5659    6.78493      1.540    31.8106    23.8115 -9.990e-29
 242.622946      1.562  38.106751    13.5659    6.80439      1.549    31.8106    23.8115 -9.990e-29
 242.622951      1.575  38.106668    13.5659    6.80072      1.562    31.8106    23.8115 -9.990e-29
 242.622957      1.590  38.106842    13.5658    6.78338      1.577    31.8108    23.8117 -9.990e-29
 242.622963      1.598  38.107447    13.5658    6.76505      1.585    31.8114    23.8121 -9.990e-29
 242.622969      1.597  38.108111    13.5660    6.77693      1.584    31.8118    23.8124 -9.990e-29
 242.622975      1.589  38.108538    13.5661    6.78267      1.576    31.8121    23.8127 -9.990e-29
 242.622980      1.584  38.108678    13.5660    6.78408      1.571    31.8123    23.8128 -9.990e-29
 242.622986      1.584  38.108660    13.5660    6.78194      1.571    31.8123    23.8128 -9.990e-29
 242.622992      1.587  38.108404    13.5663    6.77126      1.574    31.8118    23.8124 -9.990e-29
 242.622998      1.587  38.108068    13.5662    6.76860      1.574    31.8116    23.8122 -9.990e-29
 242.623003      1.589  38.107708    13.5656    6.77277      1.576    31.8118    23.8125 -9.990e-29
 242.623009      1.598  38.107348    13.5650    6.78240      1.585    31.8119    23.8127 -9.990e-29
 242.623015      1.609  38.107571    13.5654    6.80048      1.596    31.8118    23.8125 -9.990e-29
 242.623021      1.616  38.108615    13.5669    6.78832      1.603    31.8115    23.8120 -9.990e-29
 242.623027      1.613  38.110129    13.5687    6.76909      1.600    31.8114    23.8116 -9.990e-29
 242.623032      1.606  38.111271    13.5696    6.76027      1.593    31.8118    23.8117 -9.990e-29
 242.623038      1.606  38.111825    13.5698    6.76775      1.593    31.8121    23.8119 -9.990e-29
 242.623044      1.622  38.112471    13.5696    6.78550      1.608    31.8129    23.8125 -9.990e-29
 242.623050      1.647  38.112894    13.5694    6.78981      1.633    31.8134    23.8130 -9.990e-29
 242.623056      1.665  38.112476    13.5694    6.77049      1.651    31.8130    23.8127 -9.990e-29
 242.623061      1.668  38.111162    13.5691    6.76388      1.654    31.8120    23.8120 -9.990e-29
 242.623067      1.666  38.109944    13.5681    6.77045      1.652    31.8117    23.8120 -9.990e-29
 242.623073      1.671  38.109942    13.5662    6.78040      1.657    31.8133    23.8136 -9.990e-29
 242.623079      1.687  38.109974    13.5641    6.78203      1.673    31.8151    23.8153 -9.990e-29
 242.623084      1.708  38.109467    13.5628    6.77812      1.694    31.8157    23.8161 -9.990e-29
 242.623090      1.717  38.109366    13.5627    6.78497      1.703    31.8157    23.8161 -9.990e-29
 242.623096      1.710  38.109475    13.5631    6.79174      1.696    31.8155    23.8158 -9.990e-29
 242.623102      1.701  38.109322    13.5632    6.79533      1.687    31.8152    23.8156 -9.990e-29
 242.623108      1.701  38.109205    13.5619    6.79370      1.687    31.8162    23.8166 -9.990e-29
 242.623113      1.714  38.108911    13.5594    6.77242      1.700    31.8180    23.8185 -9.990e-29
 242.623119      1.737  38.107990    13.5576    6.77731      1.722    31.8186    23.8194 -9.990e-29
 242.623125      1.764  38.107397    13.5574    6.78003      1.749    31.8182    23.8191 -9.990e-29
 242.623131      1.787  38.107405    13.5582    6.78322      1.772    31.8176    23.8184 -9.990e-29
 242.623137      1.799  38.107404    13.5595    6.79445      1.784    31.8165    23.8173 -9.990e-29
 242.623142      1.797  38.107895    13.5609    6.78294      1.782    31.8158    23.8165 -9.990e-29
 242.623148      1.784  38.108914    13.5618    6.75798      1.769    31.8160    23.8165 -9.990e-29
 242.623154      1.773  38.109518    13.5616    6.75326      1.758    31.8167    23.8171 -9.990e-29
