data/oxygen options/ONMS/Olympic_Coast_National_Marine_Sanctuary_Hypoxia_Survey_CTD_Data_2004_2015/raw_data/2005/CTD_TH40_070705faed.cnv
* Sea-Bird SBE19 Data File:
* FileName = C:\Hypoxia Data\TH40_070705.hex
* Software Version 1.1.6
* Temperature SN = 2997
* Conductivity SN = 2997
* System UpLoad Time = Jul 07 2005 10:02:41
* SEACAT PROFILER V3.1c SN 2997   07/07/05  10:02:17.844
* strain gauge pressure sensor: S/N = 184829,  range = 3000 psia,  tc = 40
# nquan = 9                                 
# nvalues = 569                         
# units = specified
# name 0 = timeJ: Julian Days
# name 1 = prSM: Pressure, Strain Gauge [db]
# name 2 = c0mS/cm: Conductivity [mS/cm]
# name 3 = t090C: Temperature [ITS-90, deg C]
# name 4 = oxML/L: Oxygen, Beckman/YSI [ml/l]
# name 5 = depSM: Depth [salt water, m], lat = 47.5
# name 6 = sal00: Salinity, Practical [PSU]
# name 7 = sigma-é00: Density [sigma-theta, kg/m^3]
# name 8 = flag: flag
# span 0 = 188.406678, 188.409965       
# span 1 =     -3.237,     40.227       
# span 2 =   4.528083,  38.842528       
# span 3 =     8.7781,    15.1147       
# span 4 =   -0.09743,   23.88371       
# span 5 =     -3.210,     39.887       
# span 6 =     3.6040,    33.0589       
# span 7 =     2.0480,    25.6327       
# span 8 = 0.0000e+00, 0.0000e+00       
# interval = seconds: 0.5
# start_time = Jul 07 2005 09:45:37 [Instrument's time stamp, header]
# bad_flag = -9.990e-29
*END*
[from data line 161]
 188.407610      1.203  38.613895    14.4582   11.23504      1.193    31.5426    23.4223 -9.990e-29
 188.407616      1.207  38.616465    14.4627   11.23669      1.197    31.5413    23.4204 -9.990e-29
 188.407622      1.210  38.620498    14.4648   11.23733      1.200    31.5432    23.4215 -9.990e-29
 188.407627      1.216  38.622967    14.4546   11.25593      1.206    31.5538    23.4317 -9.990e-29
 188.407633      1.231  38.613714    14.4342   11.25759      1.221    31.5620    23.4423 -9.990e-29
 188.407639      1.247  38.595559    14.4225   11.25648      1.237    31.5550    23.4393 -9.990e-29
 188.407645      1.256  38.586367    14.4277   11.25014      1.246    31.5424    23.4285 -9.990e-29
 188.407650      1.263  38.591273    14.4421   11.24149      1.252    31.5351    23.4199 -9.990e-29
 188.407656      1.277  38.601122    14.4601   11.27265      1.266    31.5294    23.4118 -9.990e-29
 188.407662      1.300  38.613352    14.4757   11.29091      1.289    31.5278    23.4073 -9.990e-29
 188.407668      1.318  38.626337    14.4823   11.28114      1.307    31.5343    23.4109 -9.990e-29
 188.407674      1.326  38.633285    14.4824   11.26953      1.315    31.5405    23.4157 -9.990e-29
 188.407679      1.328  38.633937    14.4848   11.26082      1.317    31.5391    23.4141 -9.990e-29
 188.407685      1.333  38.634781    14.4978   11.27640      1.322    31.5293    23.4039 -9.990e-29
 188.407691      1.345  38.643685    14.5192   11.30101      1.334    31.5200    23.3922 -9.990e-29
 188.407697      1.360  38.659630    14.5363   11.29318      1.349    31.5206    23.3891 -9.990e-29
 188.407703      1.372  38.671918    14.5465   11.38167      1.361    31.5235    23.3892 -9.990e-29
 188.407708      1.377  38.678437    14.5587   11.29059      1.366    31.5195    23.3835 -9.990e-29
 188.407714      1.378  38.687332    14.5732   11.18600      1.366    31.5158    23.3776 -9.990e-29
 188.407720      1.386  38.699817    14.5782   11.14807      1.374    31.5230    23.3822 -9.990e-29
 188.407726      1.404  38.707314    14.5671   11.10375      1.392    31.5388    23.3967 -9.990e-29
 188.407731      1.429  38.702445    14.5489   11.15752      1.417    31.5492    23.4085 -9.990e-29
 188.407737      1.456  38.688265    14.5388   11.18473      1.444    31.5445    23.4070 -9.990e-29
 188.407743      1.480  38.678965    14.5402   11.19577      1.468    31.5349    23.3993 -9.990e-29
 188.407749      1.503  38.679537    14.5436   11.25288      1.490    31.5327    23.3969 -9.990e-29
 188.407755      1.527  38.680655    14.5430   11.25607      1.514    31.5342    23.3982 -9.990e-29
 188.407760      1.550  38.677651    14.5392   11.25017      1.537    31.5345    23.3992 -9.990e-29
 188.407766      1.564  38.673820    14.5354   11.23253      1.551    31.5341    23.3997 -9.990e-29
 188.407772      1.566  38.671916    14.5396   11.20213      1.553    31.5290    23.3949 -9.990e-29
 188.407778      1.560  38.676142    14.5531   11.20402      1.547    31.5219    23.3866 -9.990e-29
 188.407784      1.554  38.687652    14.5615   11.20188      1.541    31.5255    23.3876 -9.990e-29
 188.407789      1.552  38.694321    14.5570   11.19370      1.539    31.5352    23.3960 -9.990e-29
 188.407795      1.550  38.689913    14.5430   11.17847      1.537    31.5426    23.4046 -9.990e-29
 188.407801      1.543  38.679780    14.5203   11.18418      1.530    31.5518    23.4165 -9.990e-29
 188.407807      1.540  38.668929    14.4937   11.20665      1.527    31.5636    23.4311 -9.990e-29
 188.407813      1.549  38.657484    14.4647   11.06517      1.536    31.5768    23.4474 -9.990e-29
 188.407818      1.561  38.638603    14.4345   11.00296      1.548    31.5842    23.4594 -9.990e-29
 188.407824      1.570  38.616283    14.4099   10.95725      1.557    31.5840    23.4643 -9.990e-29
 188.407830      1.580  38.599466    14.3838   10.95709      1.567    31.5900    23.4743 -9.990e-29
 188.407836      1.595  38.580319    14.3491   11.05904      1.582    31.6008    23.4899 -9.990e-29
 188.407841      1.613  38.553509    14.3170   11.06775      1.600    31.6026    23.4979 -9.990e-29
 188.407847      1.630  38.529848    14.2959   11.10065      1.616    31.5982    23.4989 -9.990e-29
 188.407853      1.648  38.515928    14.2856   11.12246      1.634    31.5939    23.4978 -9.990e-29
 188.407859      1.664  38.510018    14.2914   11.13188      1.650    31.5838    23.4887 -9.990e-29
 188.407865      1.673  38.513779    14.3166   11.13621      1.659    31.5666    23.4703 -9.990e-29
 188.407870      1.677  38.527746    14.3496   11.12770      1.663    31.5524    23.4525 -9.990e-29
 188.407876      1.681  38.545876    14.3707   11.13937      1.667    31.5518    23.4476 -9.990e-29
 188.407882      1.692  38.558145    14.3661   11.14091      1.678    31.5667    23.4601 -9.990e-29
 188.407888      1.712  38.555129    14.3408   11.16920      1.698    31.5846    23.4791 -9.990e-29
 188.407894      1.734  38.540112    14.3164   11.23480      1.720    31.5908    23.4890 -9.990e-29
 188.407899      1.750  38.526733    14.3082   11.19694      1.735    31.5853    23.4864 -9.990e-29
 188.407905      1.752  38.522956    14.3187   11.08756      1.737    31.5733    23.4750 -9.990e-29
 188.407911      1.742  38.529915    14.3459   11.04183      1.727    31.5574    23.4571 -9.990e-29
 188.407917      1.731  38.547365    14.3752   11.06553      1.717    31.5494    23.4449 -9.990e-29
 188.407922      1.731  38.565495    14.3848   11.09977      1.717    31.5581    23.4496 -9.990e-29
 188.407928      1.746  38.569794    14.3689   11.14840      1.731    31.5750    23.4659 -9.990e-29
 188.407934      1.769  38.558161    14.3467   11.13352      1.754    31.5825    23.4763 -9.990e-29
 188.407940      1.785  38.542578    14.3461   11.12768      1.770    31.5688    23.4658 -9.990e-29
 188.407946      1.785  38.542655    14.3657   11.14756      1.770    31.5529    23.4495 -9.990e-29
 188.407951      1.779  38.556812    14.3826   11.16665      1.764    31.5520    23.4453 -9.990e-29
 188.407957      1.782  38.566359    14.3892   11.22849      1.767    31.5553    23.4465 -9.990e-29
 188.407963      1.800  38.568339    14.3915   11.23772      1.785    31.5552    23.4460 -9.990e-29
 188.407969      1.825  38.568771    14.3945   11.27646      1.810    31.5532    23.4438 -9.990e-29
 188.407975      1.851  38.571047    14.4002   11.26426      1.836    31.5506    23.4406 -9.990e-29
 188.407980      1.869  38.575966    14.4189   11.15849      1.853    31.5398    23.4284 -9.990e-29
 188.407986      1.873  38.589534    14.4533   11.11968      1.857    31.5242    23.4092 -9.990e-29
 188.407992      1.864  38.613588    14.4811   11.16644      1.848    31.5234    23.4028 -9.990e-29
 188.407998      1.852  38.630856    14.4805   11.19635      1.837    31.5396    23.4154 -9.990e-29
 188.408003      1.847  38.626243    14.4623   11.19837      1.832    31.5502    23.4274 -9.990e-29
 188.408009      1.847  38.613247    14.4573   11.15063      1.832    31.5425    23.4225 -9.990e-29
 188.408015      1.854  38.613809    14.4753   11.10699      1.839    31.5284    23.4078 -9.990e-29
 188.408021      1.866  38.629241    14.5023   11.10312      1.850    31.5204    23.3961 -9.990e-29
 188.408027      1.886  38.650401    14.5170   11.11480      1.870    31.5277    23.3986 -9.990e-29
 188.408032      1.909  38.661770    14.5118   11.16254      1.893    31.5422    23.4109 -9.990e-29
 188.408038      1.930  38.656650    14.5002   11.23189      1.914    31.5470    23.4170 -9.990e-29
 188.408044      1.944  38.647858    14.4886   11.16489      1.928    31.5485    23.4205 -9.990e-29
 188.408050      1.953  38.639942    14.4678   11.11989      1.937    31.5582    23.4324 -9.990e-29
 188.408056      1.958  38.624037    14.4424   11.07606      1.942    31.5644    23.4425 -9.990e-29
 188.408061      1.958  38.604185    14.4399   11.07400      1.942    31.5484    23.4306 -9.990e-29
 188.408067      1.954  38.602155    14.4654   11.10080      1.938    31.5258    23.4079 -9.990e-29
 188.408073      1.950  38.621976    14.4899   11.09935      1.934    31.5239    23.4013 -9.990e-29
 188.408079      1.954  38.642972    14.4920   11.11158      1.938    31.5412    23.4143 -9.990e-29
 188.408084      1.970  38.649408    14.4737   11.07570      1.954    31.5620    23.4341 -9.990e-29
 188.408090      1.996  38.640908    14.4477   11.04827      1.979    31.5754    23.4499 -9.990e-29
 188.408096      2.020  38.625967    14.4283   11.04104      2.003    31.5776    23.4556 -9.990e-29
 188.408102      2.031  38.611024    14.4220   11.04110      2.014    31.5692    23.4504 -9.990e-29
 188.408108      2.030  38.599332    14.4132   11.05717      2.013    31.5657    23.4495 -9.990e-29
 188.408113      2.028  38.585946    14.3859   11.08477      2.011    31.5758    23.4630 -9.990e-29
 188.408119      2.036  38.564421    14.3522   11.09229      2.019    31.5836    23.4760 -9.990e-29
 188.408125      2.044  38.543072    14.3339   11.07731      2.027    31.5791    23.4763 -9.990e-29
 188.408131      2.045  38.533243    14.3382   11.07776      2.028    31.5666    23.4658 -9.990e-29
 188.408137      2.043  38.536958    14.3539   11.11628      2.026    31.5572    23.4553 -9.990e-29
 188.408142      2.042  38.546822    14.3660   11.13444      2.025    31.5563    23.4521 -9.990e-29
 188.408148      2.042  38.554112    14.3694   11.12908      2.025    31.5602    23.4544 -9.990e-29
 188.408154      2.044  38.556209    14.3729   11.05238      2.027    31.5593    23.4529 -9.990e-29
 188.408160      2.046  38.559833    14.3825   10.98645      2.029    31.5547    23.4475 -9.990e-29
 188.408166      2.050  38.568690    14.3890   10.97539      2.033    31.5575    23.4482 -9.990e-29
 188.408171      2.059  38.574395    14.3823   10.99506      2.042    31.5682    23.4579 -9.990e-29
 188.408177      2.080  38.569968    14.3648   11.03408      2.063    31.5784    23.4694 -9.990e-29
 188.408183      2.104  38.556797    14.3508   11.05309      2.086    31.5778    23.4718 -9.990e-29
 188.408189      2.120  38.546480    14.3502   11.08036      2.102    31.5689    23.4651 -9.990e-29
 188.408194      2.125  38.547124    14.3575   11.12466      2.107    31.5635    23.4594 -9.990e-29
 188.408200      2.119  38.552288    14.3684   11.11227      2.101    31.5593    23.4539 -9.990e-29
 188.408206      2.106  38.557635    14.3825   11.11192      2.088    31.5527    23.4459 -9.990e-29
 188.408212      2.094  38.564684    14.3970   11.10483      2.077    31.5473    23.4387 -9.990e-29
 188.408218      2.087  38.572177    14.4071   11.10352      2.070    31.5459    23.4356 -9.990e-29
 188.408223      2.084  38.577764    14.4096   11.11545      2.067    31.5490    23.4374 -9.990e-29
 188.408229      2.084  38.579917    14.4074   11.13298      2.067    31.5527    23.4407 -9.990e-29
 188.408235      2.088  38.579824    14.4062   11.11683      2.071    31.5536    23.4417 -9.990e-29
 188.408241      2.092  38.580161    14.4084   11.09998      2.075    31.5521    23.4401 -9.990e-29
 188.408247      2.092  38.581932    14.4162   11.07181      2.075    31.5474    23.4348 -9.990e-29
 188.408252      2.091  38.586370    14.4316   11.04270      2.074    31.5389    23.4250 -9.990e-29
 188.408258      2.095  38.595462    14.4473   11.03727      2.078    31.5344    23.4183 -9.990e-29
 188.408264      2.103  38.605064    14.4499   11.05076      2.085    31.5410    23.4229 -9.990e-29
 188.408270      2.116  38.605543    14.4378   11.09324      2.098    31.5513    23.4333 -9.990e-29
 188.408275      2.131  38.596414    14.4262   11.11840      2.113    31.5524    23.4366 -9.990e-29
 188.408281      2.139  38.589059    14.4286   11.11927      2.121    31.5437    23.4294 -9.990e-29
 188.408287      2.138  38.592170    14.4422   11.10647      2.120    31.5355    23.4202 -9.990e-29
 188.408293      2.131  38.602035    14.4569   11.09633      2.113    31.5325    23.4149 -9.990e-29
 188.408299      2.127  38.611613    14.4693   11.09558      2.109    31.5311    23.4112 -9.990e-29
 188.408304      2.129  38.620214    14.4786   11.09906      2.111    31.5314    23.4095 -9.990e-29
 188.408310      2.137  38.627525    14.4800   11.03457      2.119    31.5369    23.4134 -9.990e-29
 188.408316      2.153  38.629832    14.4717   10.99304      2.135    31.5457    23.4220 -9.990e-29
 188.408322      2.177  38.625161    14.4576   10.97434      2.159    31.5530    23.4305 -9.990e-29
 188.408328      2.207  38.615133    14.4410   10.96993      2.189    31.5573    23.4373 -9.990e-29
 188.408333      2.235  38.603757    14.4259   11.01121      2.216    31.5593    23.4420 -9.990e-29
 188.408339      2.259  38.594365    14.4129   11.06453      2.240    31.5613    23.4462 -9.990e-29
 188.408345      2.276  38.585645    14.3960   11.07014      2.257    31.5671    23.4542 -9.990e-29
 188.408351      2.284  38.574375    14.3757   11.05293      2.265    31.5734    23.4633 -9.990e-29
 188.408356      2.287  38.561226    14.3671   11.01492      2.268    31.5685    23.4613 -9.990e-29
 188.408362      2.290  38.557263    14.3821   10.96991      2.271    31.5526    23.4459 -9.990e-29
 188.408368      2.292  38.570654    14.4066   10.94661      2.273    31.5449    23.4348 -9.990e-29
 188.408374      2.299  38.588398    14.4125   10.95498      2.280    31.5562    23.4424 -9.990e-29
 188.408380      2.314  38.590968    14.3833   10.95452      2.295    31.5823    23.4686 -9.990e-29
 188.408385      2.336  38.570576    14.3312   10.96430      2.316    31.6063    23.4979 -9.990e-29
 188.408391      2.355  38.538170    14.2876   10.99325      2.335    31.6123    23.5116 -9.990e-29
 188.408397      2.365  38.514468    14.2706   11.00770      2.345    31.6046    23.5091 -9.990e-29
 188.408403      2.363  38.507671    14.2750   11.01129      2.343    31.5948    23.5006 -9.990e-29
 188.408409      2.349  38.512629    14.2887   11.00403      2.329    31.5881    23.4927 -9.990e-29
 188.408414      2.325  38.521362    14.3076   11.01188      2.306    31.5807    23.4830 -9.990e-29
 188.408420      2.299  38.530932    14.3291   10.99195      2.280    31.5718    23.4717 -9.990e-29
 188.408426      2.277  38.541196    14.3411   11.02309      2.258    31.5714    23.4689 -9.990e-29
 188.408432      2.271  38.546211    14.3357   11.03204      2.252    31.5804    23.4770 -9.990e-29
 188.408437      2.286  38.542568    14.3177   11.03180      2.267    31.5918    23.4895 -9.990e-29
 188.408443      2.308  38.532702    14.3034   11.03232      2.289    31.5944    23.4945 -9.990e-29
 188.408449      2.331  38.524201    14.3118   11.04451      2.312    31.5798    23.4815 -9.990e-29
 188.408455      2.353  38.529839    14.3400   11.00551      2.333    31.5619    23.4618 -9.990e-29
 188.408461      2.369  38.548149    14.3655   10.97493      2.349    31.5578    23.4534 -9.990e-29
 188.408466      2.387  38.563158    14.3719   10.96872      2.367    31.5663    23.4586 -9.990e-29
 188.408472      2.405  38.565719    14.3510   10.97303      2.385    31.5857    23.4779 -9.990e-29
 188.408478      2.418  38.551395    14.3170   11.00822      2.398    31.6003    23.4962 -9.990e-29
 188.408484      2.422  38.529128    14.3008   11.04846      2.402    31.5933    23.4941 -9.990e-29
 188.408490      2.422  38.520818    14.3107   11.07184      2.402    31.5776    23.4800 -9.990e-29
 188.408495      2.420  38.530512    14.3338   11.04757      2.400    31.5676    23.4675 -9.990e-29
 188.408501      2.419  38.547012    14.3552   11.02746      2.399    31.5652    23.4612 -9.990e-29
 188.408507      2.417  38.558666    14.3705   11.01824      2.397    31.5633    23.4566 -9.990e-29
 188.408513      2.414  38.563626    14.3850   11.04703      2.394    31.5560    23.4479 -9.990e-29
 188.408519      2.414  38.570190    14.3968   11.09059      2.394    31.5524    23.4427 -9.990e-29
 188.408524      2.422  38.577570    14.3999   11.11436      2.402    31.5566    23.4453 -9.990e-29
