data/oxygen options/ONMS/Olympic_Coast_National_Marine_Sanctuary_Hypoxia_Survey_CTD_Data_2004_2015/raw_data/2005/CTD_CE70_081605faedb.cnv
* Sea-Bird SBE19 Data File:
* FileName = C:\Hypoxia Data\CE70_081605.hex
* Software Version 1.1.6
* Temperature SN = 2997
* Conductivity SN = 2997
* System UpLoad Time = Aug 16 2005 12:44:48
* SEACAT PROFILER V3.1c SN 2997   08/16/05  12:43:13.445
* strain gauge pressure sensor: S/N = 184829,  range = 3000 psia,  tc = 40
# nquan = 9
# nvalues = 69                          
# units = specified
# name 0 = timeJ: Julian Days
# name 1 = prSM: Pressure, Strain Gauge [db]
# name 2 = c0mS/cm: Conductivity [mS/cm]
# name 3 = t090C: Temperature [ITS-90, deg C]
# name 4 = oxML/L: Oxygen, Beckman/YSI [ml/l]
# name 5 = depSM: Depth [salt water, m], lat = 47.5
# name 6 = sal00: Salinity, Practical [PSU]
# name 7 = sigma-é00: Density [sigma-theta, kg/m^3]
# name 8 = flag: flag
# span 0 = 228.489007, 228.489761       
# span 1 =      4.000,     72.000       
# span 2 =  34.394135,  36.406268       
# span 3 =     7.0678,    11.1996       
# span 4 =    2.12216,    6.54325       
# span 5 =      3.966,     71.387       
# span 6 =    32.2030,    33.9174       
# span 7 =    24.5630,    26.5576       
# span 8 = 0.0000e+00, 0.0000e+00       
# interval = decibars: 1                
# start_time = Aug 16 2005 11:41:04 [Instrument's time stamp, header]
# bad_flag = -9.990e-29
*END*
 228.489007      4.000  36.406268    11.1996    6.54325      3.966    32.2030    24.5630 0.0000e+00
 228.489027      5.000  36.388820    11.1413    6.27046      4.958    32.2364    24.5994 0.0000e+00
 228.489040      6.000  36.288371    10.9616    6.02351      5.950    32.2947    24.6763 0.0000e+00
 228.489052      7.000  36.163816    10.8016    5.71418      6.942    32.3118    24.7176 0.0000e+00
 228.489063      8.000  36.052364    10.6759    5.34857      7.934    32.3117    24.7394 0.0000e+00
 228.489073      9.000  35.967540    10.5233    5.00191      8.925    32.3619    24.8047 0.0000e+00
 228.489083     10.000  35.823879    10.2927    4.81312      9.916    32.4227    24.8912 0.0000e+00
 228.489092     11.000  35.704261    10.1111    4.83632     10.908    32.4643    24.9541 0.0000e+00
 228.489102     12.000  35.658936     9.9903    4.92229     11.900    32.5265    25.0229 0.0000e+00
 228.489112     13.000  35.667140     9.9092    5.03946     12.891    32.6076    25.0996 0.0000e+00
 228.489121     14.000  35.671820     9.8721    5.20326     13.883    32.6454    25.1353 0.0000e+00
 228.489131     15.000  35.744944     9.8664    5.26014     14.874    32.7245    25.1980 0.0000e+00
 228.489142     16.000  35.801291     9.7864    5.08152     15.866    32.8543    25.3125 0.0000e+00
 228.489152     17.000  35.756006     9.7037    4.77088     16.857    32.8832    25.3486 0.0000e+00
 228.489164     18.000  35.701514     9.5226    4.41285     17.849    32.9931    25.4640 0.0000e+00
 228.489175     19.000  35.469963     9.1049    4.08475     18.841    33.1400    25.6456 0.0000e+00
 228.489186     20.000  35.212183     8.8522    3.95145     19.832    33.1066    25.6590 0.0000e+00
 228.489196     21.000  35.088000     8.7354    3.91671     20.824    33.0853    25.6604 0.0000e+00
 228.489205     22.000  35.036051     8.6369    3.86021     21.815    33.1226    25.7047 0.0000e+00
 228.489216     23.000  34.983216     8.5392    3.73568     22.807    33.1583    25.7477 0.0000e+00
 228.489225     24.000  34.957762     8.4150    3.59430     23.798    33.2481    25.8368 0.0000e+00
 228.489235     25.000  34.915120     8.2596    3.44926     24.790    33.3495    25.9397 0.0000e+00
 228.489246     26.000  34.832990     8.0894    3.31806     25.781    33.4237    26.0231 0.0000e+00
 228.489255     27.000  34.733269     7.9552    3.20611     26.773    33.4449    26.0596 0.0000e+00
 228.489266     28.000  34.664500     7.8660    3.13043     27.764    33.4562    26.0815 0.0000e+00
 228.489276     29.000  34.627195     7.7879    3.15750     28.756    33.4907    26.1198 0.0000e+00
 228.489285     30.000  34.593262     7.6978    3.21964     29.747    33.5405    26.1720 0.0000e+00
 228.489296     31.000  34.556319     7.6250    3.28477     30.739    33.5703    26.2059 0.0000e+00
 228.489307     32.000  34.535621     7.5979    3.33373     31.731    33.5737    26.2124 0.0000e+00
 228.489317     33.000  34.529460     7.5848    3.35945     32.722    33.5793    26.2187 0.0000e+00
 228.489328     34.000  34.519711     7.5589    3.39993     33.713    33.5933    26.2333 0.0000e+00
 228.489338     35.000  34.501940     7.5319    3.45790     34.705    33.5997    26.2423 0.0000e+00
 228.489350     36.000  34.492687     7.5037    3.54275     35.697    33.6165    26.2595 0.0000e+00
 228.489361     37.000  34.485743     7.4739    3.58808     36.688    33.6374    26.2802 0.0000e+00
 228.489372     38.000  34.489397     7.4600    3.52547     37.680    33.6544    26.2954 0.0000e+00
 228.489383     39.000  34.497021     7.4553    3.39798     38.671    33.6667    26.3059 0.0000e+00
 228.489393     40.000  34.514706     7.4590    3.24697     39.662    33.6818    26.3172 0.0000e+00
 228.489404     41.000  34.534195     7.4617    3.11484     40.654    33.6999    26.3311 0.0000e+00
 228.489415     42.000  34.545623     7.4579    3.03938     41.645    33.7154    26.3438 0.0000e+00
 228.489425     43.000  34.549850     7.4505    3.01652     42.636    33.7267    26.3538 0.0000e+00
 228.489437     44.000  34.550363     7.4459    3.00501     43.628    33.7313    26.3581 0.0000e+00
 228.489447     45.000  34.553056     7.4463    2.98283     44.620    33.7333    26.3596 0.0000e+00
 228.489458     46.000  34.554895     7.4442    2.96324     45.611    33.7369    26.3627 0.0000e+00
 228.489469     47.000  34.555835     7.4387    2.94608     46.602    33.7428    26.3682 0.0000e+00
 228.489480     48.000  34.555991     7.4333    2.94278     47.594    33.7477    26.3728 0.0000e+00
 228.489492     49.000  34.555490     7.4290    2.94016     48.585    33.7509    26.3759 0.0000e+00
 228.489503     50.000  34.555074     7.4265    2.92727     49.577    33.7523    26.3774 0.0000e+00
 228.489515     51.000  34.554670     7.4245    2.92362     50.568    33.7534    26.3785 0.0000e+00
 228.489525     52.000  34.555782     7.4207    2.89948     51.560    33.7579    26.3826 0.0000e+00
 228.489537     53.000  34.557479     7.4122    2.86052     52.551    33.7676    26.3915 0.0000e+00
 228.489548     54.000  34.557961     7.4039    2.83614     53.542    33.7756    26.3989 0.0000e+00
 228.489560     55.000  34.557639     7.3924    2.80628     54.534    33.7860    26.4087 0.0000e+00
 228.489573     56.000  34.553673     7.3763    2.77875     55.525    33.7969    26.4196 0.0000e+00
 228.489584     57.000  34.549368     7.3631    2.76766     56.516    33.8047    26.4276 0.0000e+00
 228.489595     58.000  34.545472     7.3504    2.76013     57.508    33.8123    26.4354 0.0000e+00
 228.489605     59.000  34.541477     7.3403    2.76277     58.499    33.8173    26.4407 0.0000e+00
 228.489615     60.000  34.537076     7.3299    2.75350     59.491    33.8222    26.4462 0.0000e+00
 228.489625     61.000  34.530444     7.3172    2.71219     60.482    33.8269    26.4517 0.0000e+00
 228.489635     62.000  34.522877     7.2989    2.65820     61.474    33.8362    26.4614 0.0000e+00
 228.489645     63.000  34.511285     7.2572    2.53064     62.465    33.8639    26.4891 0.0000e+00
 228.489656     64.000  34.485897     7.1957    2.38666     63.456    33.8960    26.5229 0.0000e+00
 228.489666     65.000  34.449967     7.1447    2.27076     64.447    33.9063    26.5382 0.0000e+00
 228.489677     66.000  34.423801     7.1115    2.20240     65.439    33.9098    26.5455 0.0000e+00
 228.489688     67.000  34.409339     7.0921    2.18225     66.430    33.9126    26.5504 0.0000e+00
 228.489699     68.000  34.401648     7.0818    2.16685     67.421    33.9138    26.5527 0.0000e+00
 228.489710     69.000  34.399587     7.0782    2.14478     68.413    33.9146    26.5539 0.0000e+00
 228.489722     70.000  34.399461     7.0780    2.15530     69.404    33.9142    26.5536 0.0000e+00
 228.489739     71.000  34.399148     7.0747    2.13533     70.395    33.9166    26.5560 0.0000e+00
 228.489761     72.000  34.394135     7.0678    2.12216     71.387    33.9174    26.5576 0.0000e+00
