data/oxygen options/ONMS/Olympic_Coast_National_Marine_Sanctuary_Hypoxia_Survey_CTD_Data_2004_2015/raw_data/2005/CTD_CE50_081605faed.cnv
* Sea-Bird SBE19 Data File:
* FileName = C:\Hypoxia Data\CE50_081605.hex
* Software Version 1.1.6
* Temperature SN = 2997
* Conductivity SN = 2997
* System UpLoad Time = Aug 16 2005 11:20:16
* SEACAT PROFILER V3.1c SN 2997   08/16/05  11:19:43.010
* strain gauge pressure sensor: S/N = 184829,  range = 3000 psia,  tc = 40
# nquan = 9                                 
# nvalues = 642                         
# units = specified
# name 0 = timeJ: Julian Days
# name 1 = prSM: Pressure, Strain Gauge [db]
# name 2 = c0mS/cm: Conductivity [mS/cm]
# name 3 = t090C: Temperature [ITS-90, deg C]
# name 4 = oxML/L: Oxygen, Beckman/YSI [ml/l]
# name 5 = depSM: Depth [salt water, m], lat = 47.5
# name 6 = sal00: Salinity, Practical [PSU]
# name 7 = sigma-é00: Density [sigma-theta, kg/m^3]
# name 8 = flag: flag
# span 0 = 228.467118, 228.470828       
# span 1 =      1.235,     50.886       
# span 2 =   0.496087,  37.215795       
# span 3 =     7.2302,    12.4719       
# span 4 =   -0.12433,   28.94234       
# span 5 =      1.225,     50.455       
# span 6 =     0.3193,    33.8526       
# span 7 =    -0.3064,    26.4833       
# span 8 = 0.0000e+00, 0.0000e+00       
# interval = seconds: 0.5
# start_time = Aug 16 2005 11:12:39 [Instrument's time stamp, header]
# bad_flag = -9.990e-29
*END*
[from data line 481]
 228.469902     37.394  34.674617     7.6627    2.99504     37.079    33.6585    26.2698 0.0000e+00
 228.469907     37.932  34.672417     7.6280    2.94476     37.612    33.6894    26.2992 0.0000e+00
 228.469913     38.460  34.652951     7.5784    2.88295     38.135    33.7163    26.3273 0.0000e+00
 228.469919     38.982  34.632852     7.5284    2.82266     38.653    33.7428    26.3554 0.0000e+00
 228.469925     39.505  34.618936     7.4884    2.76907     39.172    33.7664    26.3796 0.0000e+00
 228.469931     40.017  34.606649     7.4605    2.71526     39.679    33.7800    26.3943 0.0000e+00
 228.469936     40.506  34.590821     7.4265    2.67048     40.164    33.7958    26.4115 0.0000e+00
 228.469942     40.982  34.566621     7.3789    2.62092     40.636    33.8157    26.4339 0.0000e+00
 228.469948     41.459  34.538243     7.3370    2.59117     41.109    33.8256    26.4475 0.0000e+00
 228.469954     41.945  34.517765     7.3120    2.56690     41.591    33.8275    26.4525 0.0000e+00
 228.469959     42.442  34.508168     7.2980    2.53558     42.083    33.8305    26.4569 0.0000e+00
 228.469965     42.947  34.503400     7.2870    2.52191     42.584    33.8358    26.4626 0.0000e+00
 228.469971     43.458  34.498806     7.2753    2.50298     43.091    33.8420    26.4691 0.0000e+00
 228.469977     43.973  34.493331     7.2651    2.49048     43.601    33.8458    26.4735 0.0000e+00
 228.469983     44.491  34.488666     7.2588    2.47461     44.115    33.8466    26.4750 0.0000e+00
 228.469988     45.002  34.485901     7.2565    2.48477     44.622    33.8456    26.4746 0.0000e+00
 228.469994     45.492  34.484735     7.2569    2.48723     45.107    33.8437    26.4730 0.0000e+00
 228.470000     45.961  34.484757     7.2568    2.47590     45.572    33.8436    26.4730 0.0000e+00
 228.470006     46.423  34.484341     7.2536    2.46189     46.030    33.8461    26.4754 0.0000e+00
 228.470012     46.886  34.482395     7.2483    2.44366     46.489    33.8489    26.4783 0.0000e+00
 228.470017     47.349  34.479715     7.2434    2.43080     46.948    33.8506    26.4803 0.0000e+00
 228.470023     47.803  34.477237     7.2405    2.44899     47.399    33.8505    26.4807 0.0000e+00
 228.470029     48.235  34.476164     7.2402    2.46055     47.827    33.8494    26.4799 0.0000e+00
 228.470035     48.633  34.476772     7.2409    2.44856     48.221    33.8492    26.4796 0.0000e+00
 228.470041     48.993  34.477652     7.2413    2.44199     48.578    33.8496    26.4799 0.0000e+00
 228.470046     49.321  34.477760     7.2404    2.43512     48.904    33.8504    26.4807 0.0000e+00
 228.470052     49.629  34.476706     7.2373    2.41914     49.209    33.8521    26.4825 0.0000e+00
 228.470058     49.919  34.474230     7.2339    2.42324     49.496    33.8526    26.4833 0.0000e+00
 228.470064     50.180  34.471541     7.2322    2.41586     49.755    33.8512    26.4825 0.0000e+00
 228.470069     50.408  34.470123     7.2317    2.40039     49.981    33.8501    26.4816 0.0000e+00
 228.470075     50.604  34.469794     7.2317    2.42614     50.176    33.8496    26.4813 0.0000e+00
 228.470081     50.754  34.469578     7.2314    2.42837     50.324    33.8496    26.4813 -9.990e-29
 228.470087     50.848  34.468655     7.2308    2.42314     50.417    33.8491    26.4810 -9.990e-29
 228.470093     50.886  34.467498     7.2304    2.41932     50.455    33.8482    26.4804 -9.990e-29
 228.470098     50.872  34.466833     7.2302    2.42003     50.441    33.8477    26.4800 -9.990e-29
 228.470104     50.804  34.466361     7.2302    2.42145     50.374    33.8472    26.4796 -9.990e-29
 228.470110     50.678  34.466040     7.2302    2.42193     50.249    33.8470    26.4794 0.0000e+00
 228.470116     50.485  34.466031     7.2306    2.41542     50.058    33.8466    26.4791 0.0000e+00
 228.470122     50.224  34.466349     7.2313    2.40570     49.799    33.8464    26.4788 0.0000e+00
 228.470127     49.901  34.466323     7.2317    2.40998     49.479    33.8462    26.4785 0.0000e+00
 228.470133     49.531  34.465387     7.2319    2.41533     49.112    33.8451    26.4777 0.0000e+00
 228.470139     49.125  34.464566     7.2324    2.42798     48.709    33.8439    26.4767 0.0000e+00
 228.470145     48.694  34.464474     7.2332    2.43372     48.282    33.8433    26.4760 0.0000e+00
 228.470150     48.251  34.464459     7.2340    2.43401     47.843    33.8427    26.4755 0.0000e+00
 228.470156     47.796  34.463968     7.2352    2.43277     47.392    33.8412    26.4741 0.0000e+00
 228.470162     47.340  34.463499     7.2369    2.42983     46.940    33.8392    26.4723 0.0000e+00
 228.470168     46.900  34.463577     7.2380    2.43755     46.503    33.8385    26.4716 0.0000e+00
 228.470174     46.478  34.463776     7.2383    2.43991     46.085    33.8386    26.4716 0.0000e+00
 228.470179     46.065  34.463828     7.2387    2.44709     45.675    33.8385    26.4714 0.0000e+00
 228.470185     45.651  34.463832     7.2397    2.44008     45.265    33.8377    26.4707 0.0000e+00
 228.470191     45.226  34.463822     7.2412    2.44197     44.844    33.8364    26.4695 0.0000e+00
 228.470197     44.787  34.463812     7.2430    2.44871     44.408    33.8349    26.4680 0.0000e+00
 228.470203     44.333  34.463816     7.2442    2.44846     43.958    33.8339    26.4671 0.0000e+00
 228.470208     43.867  34.463868     7.2446    2.45775     43.496    33.8338    26.4669 0.0000e+00
 228.470214     43.384  34.464069     7.2450    2.46151     43.017    33.8339    26.4669 0.0000e+00
 228.470220     42.884  34.464155     7.2460    2.46641     42.522    33.8332    26.4663 0.0000e+00
 228.470226     42.368  34.463707     7.2472    2.48157     42.010    33.8318    26.4650 0.0000e+00
 228.470231     41.843  34.463281     7.2489    2.49260     41.490    33.8299    26.4633 0.0000e+00
 228.470237     41.323  34.463457     7.2534    2.51665     40.974    33.8260    26.4595 0.0000e+00
 228.470243     40.815  34.464501     7.2631    2.53655     40.470    33.8179    26.4518 0.0000e+00
 228.470249     40.324  34.467274     7.2759    2.56087     39.984    33.8086    26.4427 0.0000e+00
 228.470255     39.855  34.471020     7.2873    2.59689     39.519    33.8018    26.4357 0.0000e+00
 228.470260     39.413  34.474036     7.2962    2.62327     39.080    33.7966    26.4304 0.0000e+00
 228.470266     38.992  34.476451     7.3057    2.64428     38.663    33.7901    26.4240 0.0000e+00
 228.470272     38.577  34.479274     7.3180    2.70071     38.251    33.7814    26.4153 0.0000e+00
 228.470278     38.150  34.482934     7.3381    2.75107     37.828    33.7659    26.4004 0.0000e+00
 228.470284     37.698  34.488978     7.3718    2.80511     37.380    33.7399    26.3751 0.0000e+00
 228.470289     37.217  34.499886     7.4137    2.87668     36.903    33.7111    26.3466 0.0000e+00
 228.470295     36.715  34.515098     7.4519    2.95686     36.405    33.6907    26.3252 0.0000e+00
 228.470301     36.199  34.530269     7.4828    3.04997     35.894    33.6774    26.3103 0.0000e+00
 228.470307     35.669  34.541560     7.5148    3.14889     35.368    33.6588    26.2912 0.0000e+00
 228.470313     35.126  34.553412     7.5548    3.27370     34.830    33.6331    26.2653 0.0000e+00
 228.470318     34.570  34.571009     7.6130    3.44169     34.279    33.5961    26.2279 0.0000e+00
 228.470324     33.996  34.599909     7.7240    3.62092     33.709    33.5204    26.1525 0.0000e+00
 228.470330     33.405  34.662985     7.8915    3.79038     33.124    33.4276    26.0554 0.0000e+00
 228.470336     32.820  34.763091     8.0457    3.91353     32.543    33.3876    26.0014 0.0000e+00
 228.470341     32.263  34.854366     8.1348    4.00126     31.991    33.4002    25.9981 0.0000e+00
 228.470347     31.742  34.902734     8.1812    4.05284     31.475    33.4077    25.9971 0.0000e+00
 228.470353     31.248  34.925098     8.2119    4.08540     30.985    33.4025    25.9885 0.0000e+00
 228.470359     30.768  34.943468     8.2240    4.14231     30.509    33.4107    25.9931 0.0000e+00
 228.470365     30.288  34.953217     8.2402    4.22776     30.033    33.4059    25.9869 0.0000e+00
 228.470370     29.795  34.966818     8.2961    4.31368     29.544    33.3674    25.9484 0.0000e+00
 228.470376     29.279  35.004114     8.3708    4.38474     29.033    33.3363    25.9127 0.0000e+00
 228.470382     28.736  35.044786     8.4292    4.40647     28.494    33.3243    25.8945 0.0000e+00
 228.470388     28.167  35.069666     8.4756    4.37630     27.930    33.3069    25.8739 0.0000e+00
 228.470394     27.573  35.085626     8.5250    4.33170     27.341    33.2774    25.8432 0.0000e+00
 228.470399     26.969  35.097166     8.5742    4.28480     26.742    33.2435    25.8091 0.0000e+00
 228.470405     26.376  35.102892     8.6093    4.23884     26.154    33.2167    25.7828 0.0000e+00
 228.470411     25.806  35.104869     8.6258    4.23170     25.589    33.2036    25.7700 0.0000e+00
 228.470417     25.263  35.106897     8.6323    4.21349     25.051    33.1999    25.7661 0.0000e+00
 228.470422     24.745  35.110034     8.6384    4.19044     24.537    33.1977    25.7634 0.0000e+00
 228.470428     24.246  35.112887     8.6461    4.17468     24.042    33.1937    25.7591 0.0000e+00
 228.470434     23.746  35.114804     8.6627    4.17297     23.546    33.1803    25.7461 0.0000e+00
 228.470440     23.232  35.118371     8.6949    4.19370     23.037    33.1541    25.7206 0.0000e+00
 228.470446     22.699  35.126131     8.7306    4.22084     22.508    33.1290    25.6955 0.0000e+00
 228.470451     22.154  35.136127     8.7620    4.25616     21.968    33.1104    25.6760 0.0000e+00
 228.470457     21.598  35.146588     8.7981    4.29602     21.417    33.0878    25.6528 0.0000e+00
 228.470463     21.024  35.160847     8.8572    4.34443     20.847    33.0479    25.6123 0.0000e+00
 228.470469     20.427  35.189538     8.9464    4.38077     20.256    32.9951    25.5571 0.0000e+00
 228.470475     19.827  35.238437     9.0386    4.43227     19.661    32.9607    25.5158 0.0000e+00
 228.470480     19.236  35.291492     9.1041    4.47859     19.075    32.9554    25.5014 0.0000e+00
 228.470486     18.659  35.330917     9.1393    4.52645     18.502    32.9640    25.5025 0.0000e+00
 228.470492     18.097  35.353823     9.1519    4.57278     17.945    32.9763    25.5102 0.0000e+00
 228.470498     17.550  35.362203     9.1561    4.62183     17.403    32.9814    25.5134 0.0000e+00
 228.470503     17.017  35.364461     9.1757    4.73144     16.874    32.9658    25.4982 0.0000e+00
 228.470509     16.493  35.378773     9.2361    4.88834     16.355    32.9251    25.4567 0.0000e+00
 228.470515     15.972  35.428737     9.3376    5.07709     15.838    32.8834    25.4080 0.0000e+00
 228.470521     15.449  35.517648     9.4398    5.28949     15.319    32.8813    25.3899 0.0000e+00
 228.470527     14.925  35.603756     9.5033    5.54533     14.800    32.9117    25.4035 0.0000e+00
 228.470532     14.403  35.649429     9.5481    5.89568     14.282    32.9177    25.4009 0.0000e+00
 228.470538     13.877  35.680854     9.6239    6.34879     13.761    32.8807    25.3596 0.0000e+00
 228.470544     13.341  35.748938     9.7588    6.82905     13.229    32.8273    25.2958 0.0000e+00
 228.470550     12.785  35.878897     9.9412    7.22991     12.678    32.7938    25.2396 0.0000e+00
 228.470556     12.214  36.050619    10.1051    7.48944     12.112    32.8194    25.2322 0.0000e+00
 228.470561     11.641  36.194844    10.1989    7.65006     11.544    32.8804    25.2640 0.0000e+00
 228.470567     11.074  36.269012    10.2369    7.76286     10.981    32.9210    25.2893 0.0000e+00
 228.470573     10.514  36.296385    10.2676    7.87738     10.426    32.9210    25.2841 0.0000e+00
 228.470579      9.964  36.321914    10.3281    8.02539      9.881    32.8922    25.2513 0.0000e+00
 228.470584      9.424  36.376865    10.4112    8.14452      9.345    32.8725    25.2217 0.0000e+00
 228.470590      8.898  36.452675    10.4804    8.23085      8.824    32.8863    25.2207 0.0000e+00
 228.470596      8.394  36.510849    10.5183    8.34885      8.324    32.9106    25.2331 0.0000e+00
 228.470602      7.915  36.536483    10.5480    8.47745      7.849    32.9097    25.2272 0.0000e+00
 228.470608      7.457  36.539689    10.5929    8.61859      7.395    32.8726    25.1906 0.0000e+00
 228.470613      7.019  36.542717    10.6483    8.72227      6.960    32.8259    25.1446 0.0000e+00
 228.470619      6.608  36.577887    10.7000    8.73685      6.553    32.8147    25.1269 0.0000e+00
 228.470625      6.233  36.638912    10.7313    8.73610      6.181    32.8476    25.1471 0.0000e+00
 228.470631      5.903  36.689055    10.7369    8.71051      5.854    32.8928    25.1812 0.0000e+00
 228.470637      5.628  36.713264    10.7351    8.68677      5.581    32.9186    25.2017 0.0000e+00
 228.470642      5.406  36.724917    10.7399    8.66741      5.361    32.9260    25.2066 0.0000e+00
 228.470648      5.229  36.736187    10.7497    8.63229      5.185    32.9285    25.2069 0.0000e+00
 228.470654      5.088  36.743595    10.7556    8.60647      5.045    32.9307    25.2075 -9.990e-29
 228.470660      4.985  36.739077    10.7512    8.58720      4.943    32.9302    25.2079 -9.990e-29
 228.470666      4.912  36.723902    10.7570    8.59696      4.871    32.9098    25.1910 -9.990e-29
 228.470671      4.855  36.724378    10.7902    8.59064      4.814    32.8805    25.1624 -9.990e-29
 228.470677      4.808  36.751791    10.8249    8.58881      4.768    32.8766    25.1533 -9.990e-29
 228.470683      4.767  36.776523    10.8421    8.60446      4.727    32.8858    25.1574 -9.990e-29
 228.470689      4.730  36.786138    10.8501    8.63249      4.690    32.8882    25.1578 -9.990e-29
 228.470694      4.693  36.792342    10.8504    8.65650      4.654    32.8941    25.1624 -9.990e-29
 228.470700      4.656  36.794437    10.8380    8.66523      4.617    32.9073    25.1749 -9.990e-29
 228.470706      4.615  36.785126    10.8247    8.70412      4.576    32.9100    25.1793 -9.990e-29
 228.470712      4.568  36.775544    10.8296    8.72358      4.530    32.8961    25.1676 -9.990e-29
 228.470718      4.516  36.780948    10.8536    8.76476      4.478    32.8800    25.1508 -9.990e-29
 228.470723      4.461  36.799008    10.8837    8.81209      4.424    32.8709    25.1385 -9.990e-29
 228.470729      4.389  36.821843    10.9028    8.80909      4.352    32.8765    25.1395 -9.990e-29
 228.470735      4.285  36.835605    10.9074    8.34715      4.249    32.8861    25.1461 -9.990e-29
 228.470741      4.140  36.836779    10.9133    8.28567      4.105    32.8820    25.1419 0.0000e+00
 228.470747      3.964  36.839270    10.9339    8.22816      3.931    32.8661    25.1259 0.0000e+00
 228.470752      3.770  36.852010    10.9613    8.25717      3.739    32.8543    25.1119 0.0000e+00
 228.470758      3.572  36.868996    10.9774    8.08561      3.542    32.8568    25.1110 0.0000e+00
 228.470764      3.382  36.877553    10.9852    7.91139      3.354    32.8583    25.1108 0.0000e+00
 228.470770      3.206  36.880687    11.0053    7.85220      3.179    32.8435    25.0957 0.0000e+00
 228.470775      3.042  36.894355    11.0399 -9.990e-29      3.017    32.8262    25.0761 0.0000e+00
 228.470781      2.890  36.918838    11.0760 -9.990e-29      2.866    32.8182    25.0635 0.0000e+00
 228.470787      2.755  36.944166    11.1010 -9.990e-29      2.732    32.8210    25.0612 -9.990e-29
 228.470793      2.637  36.960381    11.1050 -9.990e-29      2.615    32.8335    25.0702 -9.990e-29
 228.470799      2.540  36.954903    11.0882 -9.990e-29      2.519    32.8431    25.0807 -9.990e-29
 228.470804      2.472  36.932210    11.0578 -9.990e-29      2.451    32.8479    25.0898 -9.990e-29
 228.470810      2.428  36.905785    11.0234 -9.990e-29      2.408    32.8525    25.0995 -9.990e-29
 228.470816      2.397  36.878524    10.9937 -9.990e-29      2.377    32.8521    25.1044 -9.990e-29
