data/oxygen options/ONMS/Olympic_Coast_National_Marine_Sanctuary_Hypoxia_Survey_CTD_Data_2004_2015/raw_data/2005/CTD_TH90_060705faed.cnv
* Sea-Bird SBE19 Data File:
* FileName = C:\hypoxia CTD data\TH90_060705.hex
* Software Version 1.1.5
* Temperature SN = 2997
* Conductivity SN = 2997
* System UpLoad Time = Jun 07 2005 12:45:58
* SEACAT PROFILER V3.1c SN 2997   06/07/05  12:45:01.073
* strain gauge pressure sensor: S/N = 184829,  range = 3000 psia,  tc = 40
# nquan = 9                                 
# nvalues = 820                         
# units = specified
# name 0 = timeJ: Julian Days
# name 1 = prSM: Pressure, Strain Gauge [db]
# name 2 = c0mS/cm: Conductivity [mS/cm]
# name 3 = t090C: Temperature [ITS-90, deg C]
# name 4 = oxML/L: Oxygen, Beckman/YSI [ml/l]
# name 5 = depSM: Depth [salt water, m], lat = 47.5
# name 6 = sal00: Salinity, Practical [PSU]
# name 7 = sigma-é00: Density [sigma-theta, kg/m^3]
# name 8 = flag: flag
# span 0 = 158.500336, 158.505075       
# span 1 =     -3.875,     92.044       
# span 2 =   0.494219,  36.723123       
# span 3 =     7.5177,    13.3647       
# span 4 =   -0.12153,   26.77026       
# span 5 =     -3.843,     91.255       
# span 6 =     0.3110,    33.7665       
# span 7 =    -0.4256,    26.3759       
# span 8 = 0.0000e+00, 0.0000e+00       
# interval = seconds: 0.5
# start_time = Jun 07 2005 12:00:29 [Instrument's time stamp, header]
# bad_flag = -9.990e-29
*END*
[from data line 161]
 158.501267      0.538  36.573589    12.7795    6.49911      0.534    31.0264    23.3589 -9.990e-29
 158.501273      0.567  36.573755    12.7794    6.49658      0.562    31.0266    23.3591 -9.990e-29
 158.501279      0.593  36.573811    12.7794    6.48823      0.588    31.0266    23.3592 -9.990e-29
 158.501285      0.613  36.573839    12.7795    6.49078      0.608    31.0266    23.3591 -9.990e-29
 158.501291      0.629  36.573881    12.7798    6.48543      0.624    31.0264    23.3589 -9.990e-29
 158.501296      0.642  36.574000    12.7802    6.48225      0.637    31.0261    23.3586 -9.990e-29
 158.501302      0.652  36.574362    12.7803    6.48750      0.647    31.0264    23.3588 -9.990e-29
 158.501308      0.660  36.574895    12.7804    6.48576      0.654    31.0268    23.3591 -9.990e-29
 158.501314      0.667  36.575196    12.7804    6.48930      0.661    31.0271    23.3593 -9.990e-29
 158.501319      0.673  36.575113    12.7798    6.48072      0.667    31.0275    23.3597 -9.990e-29
 158.501325      0.679  36.574542    12.7785    6.46970      0.673    31.0280    23.3604 -9.990e-29
 158.501331      0.684  36.573287    12.7772    6.46951      0.678    31.0279    23.3606 -9.990e-29
 158.501337      0.689  36.571927    12.7767    6.47324      0.683    31.0270    23.3600 -9.990e-29
 158.501343      0.695  36.571458    12.7772    6.47499      0.689    31.0262    23.3592 -9.990e-29
 158.501348      0.702  36.571821    12.7776    6.47287      0.696    31.0262    23.3592 -9.990e-29
 158.501354      0.709  36.572384    12.7778    6.46583      0.703    31.0266    23.3594 -9.990e-29
 158.501360      0.719  36.572784    12.7779    6.46439      0.713    31.0268    23.3596 -9.990e-29
 158.501366      0.731  36.573000    12.7781    6.46364      0.725    31.0269    23.3596 -9.990e-29
 158.501372      0.746  36.573327    12.7785    6.46059      0.740    31.0269    23.3595 -9.990e-29
 158.501377      0.761  36.573647    12.7789    6.45611      0.755    31.0268    23.3594 -9.990e-29
 158.501383      0.768  36.573834    12.7794    6.45754      0.762    31.0266    23.3591 -9.990e-29
 158.501389      0.763  36.574144    12.7799    6.46129      0.757    31.0265    23.3589 -9.990e-29
 158.501395      0.751  36.574435    12.7806    6.45929      0.745    31.0262    23.3586 -9.990e-29
 158.501400      0.739  36.574540    12.7814    6.45493      0.733    31.0256    23.3580 -9.990e-29
 158.501406      0.730  36.575168    12.7822    6.44788      0.724    31.0256    23.3578 -9.990e-29
 158.501412      0.725  36.576603    12.7829    6.44366      0.719    31.0263    23.3583 -9.990e-29
 158.501418      0.722  36.577962    12.7837    6.44106      0.716    31.0270    23.3586 -9.990e-29
 158.501424      0.722  36.578820    12.7843    6.43120      0.716    31.0273    23.3587 -9.990e-29
 158.501429      0.724  36.579207    12.7848    6.43710      0.718    31.0272    23.3586 -9.990e-29
 158.501435      0.729  36.579085    12.7851    6.44876      0.723    31.0269    23.3582 -9.990e-29
 158.501441      0.736  36.578859    12.7854    6.45095      0.730    31.0264    23.3578 -9.990e-29
 158.501447      0.748  36.578795    12.7858    6.44160      0.742    31.0260    23.3575 -9.990e-29
 158.501453      0.763  36.578814    12.7863    6.42247      0.757    31.0256    23.3570 -9.990e-29
 158.501458      0.784  36.578947    12.7870    6.41855      0.777    31.0252    23.3566 -9.990e-29
 158.501464      0.811  36.579380    12.7875    6.42946      0.804    31.0251    23.3565 -9.990e-29
 158.501470      0.842  36.580137    12.7873    6.44549      0.835    31.0260    23.3572 -9.990e-29
 158.501476      0.866  36.580551    12.7870    6.44032      0.859    31.0266    23.3577 -9.990e-29
 158.501481      0.871  36.580618    12.7878    6.43656      0.864    31.0260    23.3571 -9.990e-29
 158.501487      0.864  36.581556    12.7893    6.42909      0.857    31.0257    23.3565 -9.990e-29
 158.501493      0.859  36.582938    12.7908    6.42721      0.852    31.0258    23.3563 -9.990e-29
 158.501499      0.865  36.583814    12.7929    6.42553      0.858    31.0249    23.3552 -9.990e-29
 158.501505      0.883  36.584796    12.7950    6.42097      0.876    31.0241    23.3542 -9.990e-29
 158.501510      0.910  36.586081    12.7960    6.41776      0.902    31.0244    23.3543 -9.990e-29
 158.501516      0.939  36.587145    12.7958    6.41853      0.931    31.0256    23.3552 -9.990e-29
 158.501522      0.966  36.587732    12.7957    6.42272      0.958    31.0262    23.3557 -9.990e-29
 158.501528      0.990  36.588069    12.7957    6.42309      0.982    31.0265    23.3560 -9.990e-29
 158.501534      1.004  36.588051    12.7951    6.42620      0.996    31.0270    23.3564 -9.990e-29
 158.501539      1.009  36.587661    12.7946    6.42243      1.001    31.0270    23.3566 -9.990e-29
 158.501545      1.009  36.587509    12.7943    6.41569      1.001    31.0271    23.3567 -9.990e-29
 158.501551      1.004  36.587396    12.7929    6.41546      0.996    31.0282    23.3578 -9.990e-29
 158.501557      0.998  36.586058    12.7905    6.40584      0.990    31.0289    23.3588 -9.990e-29
 158.501563      0.995  36.583400    12.7893    6.40610      0.987    31.0274    23.3578 -9.990e-29
 158.501568      1.000  36.582053    12.7893    6.41183      0.992    31.0261    23.3569 -9.990e-29
 158.501574      1.016  36.582472    12.7868    6.41470      1.008    31.0285    23.3592 -9.990e-29
 158.501580      1.040  36.580735    12.7804    6.41931      1.031    31.0322    23.3633 -9.990e-29
 158.501586      1.066  36.575095    12.7735    6.42406      1.057    31.0325    23.3648 -9.990e-29
 158.501591      1.086  36.568691    12.7704    6.42339      1.077    31.0290    23.3627 -9.990e-29
 158.501597      1.097  36.565888    12.7726    6.41383      1.088    31.0245    23.3589 -9.990e-29
 158.501603      1.101  36.567999    12.7775    6.39929      1.092    31.0225    23.3563 -9.990e-29
 158.501609      1.098  36.572238    12.7810    6.39454      1.089    31.0236    23.3565 -9.990e-29
 158.501615      1.091  36.574730    12.7803    6.39573      1.082    31.0266    23.3589 -9.990e-29
 158.501620      1.088  36.573761    12.7767    6.40997      1.079    31.0286    23.3612 -9.990e-29
 158.501626      1.091  36.570849    12.7739    6.41646      1.082    31.0282    23.3614 -9.990e-29
 158.501632      1.089  36.568848    12.7739    6.40547      1.080    31.0263    23.3599 -9.990e-29
 158.501638      1.083  36.569020    12.7758    6.40321      1.074    31.0249    23.3585 -9.990e-29
 158.501644      1.082  36.571041    12.7777    6.40058      1.073    31.0252    23.3584 -9.990e-29
 158.501649      1.089  36.573127    12.7780    6.39734      1.080    31.0269    23.3597 -9.990e-29
 158.501655      1.104  36.573579    12.7773    6.40082      1.095    31.0279    23.3606 -9.990e-29
 158.501661      1.125  36.573008    12.7764    6.40620      1.116    31.0281    23.3609 -9.990e-29
 158.501667      1.144  36.572341    12.7761    6.41058      1.134    31.0277    23.3607 -9.990e-29
 158.501672      1.158  36.571816    12.7761    6.39633      1.148    31.0272    23.3603 -9.990e-29
 158.501678      1.169  36.571302    12.7755    6.39604      1.159    31.0272    23.3604 -9.990e-29
 158.501684      1.176  36.570678    12.7747    6.39564      1.166    31.0273    23.3606 -9.990e-29
 158.501690      1.181  36.570242    12.7743    6.39915      1.171    31.0272    23.3606 -9.990e-29
 158.501696      1.183  36.569981    12.7744    6.40515      1.173    31.0269    23.3603 -9.990e-29
 158.501701      1.183  36.570113    12.7748    6.39142      1.173    31.0267    23.3601 -9.990e-29
 158.501707      1.181  36.570821    12.7753    6.38620      1.171    31.0269    23.3602 -9.990e-29
 158.501713      1.180  36.571375    12.7757    6.37956      1.170    31.0271    23.3603 -9.990e-29
 158.501719      1.190  36.571399    12.7757    6.38166      1.180    31.0272    23.3603 -9.990e-29
 158.501725      1.210  36.570932    12.7752    6.39317      1.200    31.0271    23.3604 -9.990e-29
 158.501730      1.235  36.569919    12.7748    6.39644      1.225    31.0265    23.3599 -9.990e-29
 158.501736      1.256  36.569257    12.7754    6.38355      1.246    31.0254    23.3590 -9.990e-29
 158.501742      1.271  36.569752    12.7767    6.38852      1.260    31.0248    23.3582 -9.990e-29
 158.501748      1.285  36.570389    12.7777    6.38333      1.274    31.0245    23.3579 -9.990e-29
 158.501753      1.303  36.570154    12.7767    6.39336      1.292    31.0251    23.3585 -9.990e-29
 158.501759      1.322  36.569300    12.7736    6.39906      1.311    31.0269    23.3605 -9.990e-29
 158.501765      1.335  36.568192    12.7713    6.38337      1.324    31.0277    23.3615 -9.990e-29
 158.501771      1.338  36.567604    12.7714    6.38782      1.327    31.0271    23.3610 -9.990e-29
 158.501777      1.336  36.568256    12.7727    6.38076      1.325    31.0266    23.3604 -9.990e-29
 158.501782      1.337  36.569345    12.7740    6.37807      1.326    31.0266    23.3602 -9.990e-29
 158.501788      1.346  36.570087    12.7746    6.38030      1.335    31.0268    23.3602 -9.990e-29
 158.501794      1.362  36.570360    12.7744    6.37850      1.351    31.0272    23.3606 -9.990e-29
 158.501800      1.384  36.569974    12.7733    6.39351      1.372    31.0277    23.3612 -9.990e-29
 158.501806      1.403  36.568983    12.7724    6.38779      1.391    31.0275    23.3612 -9.990e-29
 158.501811      1.417  36.568315    12.7731    6.37672      1.405    31.0263    23.3601 -9.990e-29
 158.501817      1.426  36.569332    12.7749    6.36984      1.414    31.0258    23.3594 -9.990e-29
 158.501823      1.435  36.571153    12.7763    6.37327      1.423    31.0263    23.3595 -9.990e-29
 158.501829      1.450  36.572291    12.7773    6.38167      1.438    31.0266    23.3595 -9.990e-29
 158.501834      1.467  36.573150    12.7779    6.38556      1.455    31.0269    23.3597 -9.990e-29
 158.501840      1.478  36.573762    12.7785    6.38060      1.466    31.0270    23.3596 -9.990e-29
 158.501846      1.480  36.574389    12.7795    6.37542      1.468    31.0267    23.3592 -9.990e-29
 158.501852      1.477  36.575314    12.7794    6.37672      1.465    31.0277    23.3600 -9.990e-29
 158.501858      1.473  36.574977    12.7773    6.38916      1.461    31.0291    23.3615 -9.990e-29
 158.501863      1.473  36.572936    12.7751    6.38273      1.461    31.0290    23.3618 -9.990e-29
 158.501869      1.476  36.570964    12.7751    6.37468      1.464    31.0271    23.3604 -9.990e-29
 158.501875      1.475  36.570927    12.7773    6.37141      1.463    31.0253    23.3585 -9.990e-29
 158.501881      1.472  36.572780    12.7794    6.36438      1.460    31.0253    23.3582 -9.990e-29
 158.501887      1.477  36.574518    12.7796    6.38021      1.465    31.0268    23.3593 -9.990e-29
 158.501892      1.486  36.574541    12.7786    6.37946      1.474    31.0276    23.3601 -9.990e-29
 158.501898      1.494  36.573448    12.7779    6.38355      1.482    31.0272    23.3599 -9.990e-29
 158.501904      1.503  36.573156    12.7780    6.37521      1.490    31.0268    23.3596 -9.990e-29
 158.501910      1.513  36.573842    12.7786    6.36803      1.500    31.0270    23.3596 -9.990e-29
 158.501916      1.524  36.574188    12.7793    6.37083      1.511    31.0267    23.3593 -9.990e-29
 158.501921      1.538  36.574100    12.7795    6.37652      1.525    31.0265    23.3590 -9.990e-29
 158.501927      1.550  36.574032    12.7790    6.37658      1.537    31.0268    23.3594 -9.990e-29
 158.501933      1.554  36.573902    12.7790    6.36952      1.541    31.0267    23.3593 -9.990e-29
 158.501939      1.549  36.574102    12.7800    6.37877      1.536    31.0260    23.3586 -9.990e-29
 158.501944      1.544  36.574909    12.7809    6.37085      1.531    31.0261    23.3584 -9.990e-29
 158.501950      1.542  36.575724    12.7811    6.37056      1.529    31.0267    23.3589 -9.990e-29
 158.501956      1.544  36.575962    12.7804    6.37019      1.531    31.0275    23.3596 -9.990e-29
 158.501962      1.550  36.575386    12.7793    6.37531      1.537    31.0278    23.3601 -9.990e-29
 158.501968      1.559  36.574358    12.7787    6.37091      1.546    31.0273    23.3599 -9.990e-29
 158.501973      1.569  36.573759    12.7787    6.36290      1.556    31.0268    23.3594 -9.990e-29
 158.501979      1.570  36.573919    12.7792    6.35600      1.557    31.0265    23.3591 -9.990e-29
 158.501985      1.565  36.574497    12.7794    6.35962      1.552    31.0269    23.3594 -9.990e-29
 158.501991      1.560  36.574591    12.7781    6.37018      1.547    31.0281    23.3605 -9.990e-29
 158.501997      1.559  36.573212    12.7762    6.36962      1.546    31.0283    23.3611 -9.990e-29
 158.502002      1.563  36.571335    12.7753    6.36417      1.550    31.0273    23.3605 -9.990e-29
 158.502008      1.572  36.570951    12.7753    6.35947      1.559    31.0269    23.3602 -9.990e-29
 158.502014      1.586  36.571556    12.7744    6.36498      1.573    31.0282    23.3614 -9.990e-29
 158.502020      1.602  36.571160    12.7728    6.37363      1.589    31.0292    23.3624 -9.990e-29
 158.502025      1.613  36.569804    12.7720    6.37695      1.600    31.0285    23.3621 -9.990e-29
 158.502031      1.615  36.569054    12.7728    6.36538      1.602    31.0272    23.3609 -9.990e-29
 158.502037      1.607  36.569598    12.7752    6.36004      1.594    31.0257    23.3593 -9.990e-29
 158.502043      1.595  36.571608    12.7783    6.35301      1.582    31.0251    23.3582 -9.990e-29
 158.502049      1.585  36.574406    12.7799    6.36387      1.572    31.0264    23.3589 -9.990e-29
 158.502054      1.581  36.576125    12.7800    6.37241      1.568    31.0279    23.3601 -9.990e-29
 158.502060      1.583  36.576264    12.7801    6.36310      1.570    31.0280    23.3601 -9.990e-29
 158.502066      1.591  36.576138    12.7813    6.36088      1.578    31.0269    23.3590 -9.990e-29
 158.502072      1.602  36.576710    12.7829    6.35124      1.589    31.0261    23.3581 -9.990e-29
 158.502078      1.611  36.577628    12.7834    6.35297      1.598    31.0265    23.3583 -9.990e-29
 158.502083      1.623  36.577880    12.7819    6.36857      1.609    31.0280    23.3598 -9.990e-29
 158.502089      1.640  36.576692    12.7797    6.37300      1.626    31.0287    23.3607 -9.990e-29
 158.502095      1.654  36.574729    12.7790    6.37447      1.640    31.0274    23.3599 -9.990e-29
 158.502101      1.662  36.573868    12.7794    6.36267      1.648    31.0263    23.3589 -9.990e-29
 158.502106      1.663  36.574089    12.7792    6.35441      1.649    31.0266    23.3592 -9.990e-29
 158.502112      1.663  36.574012    12.7775    6.35037      1.649    31.0280    23.3606 -9.990e-29
 158.502118      1.666  36.572982    12.7747    6.36233      1.652    31.0293    23.3621 -9.990e-29
 158.502124      1.671  36.571316    12.7717    6.36261      1.657    31.0302    23.3634 -9.990e-29
 158.502130      1.679  36.569605    12.7701    6.36269      1.665    31.0299    23.3635 -9.990e-29
 158.502135      1.687  36.568381    12.7708    6.36330      1.673    31.0281    23.3620 -9.990e-29
 158.502141      1.691  36.568822    12.7721    6.36017      1.677    31.0275    23.3612 -9.990e-29
 158.502147      1.694  36.569839    12.7721    6.35648      1.680    31.0285    23.3620 -9.990e-29
 158.502153      1.702  36.569434    12.7703    6.36686      1.688    31.0295    23.3632 -9.990e-29
 158.502159      1.711  36.567637    12.7680    6.37072      1.697    31.0297    23.3638 -9.990e-29
 158.502164      1.717  36.565984    12.7671    6.36615      1.703    31.0289    23.3633 -9.990e-29
 158.502170      1.721  36.566203    12.7690    6.35927      1.707    31.0276    23.3619 -9.990e-29
 158.502176      1.723  36.568594    12.7726    6.34210      1.709    31.0269    23.3607 -9.990e-29
 158.502182      1.726  36.571867    12.7747    6.34232      1.712    31.0282    23.3613 -9.990e-29
