data/oxygen options/ONMS/Olympic_Coast_National_Marine_Sanctuary_Hypoxia_Survey_CTD_Data_2004_2015/raw_data/2005/CTD_CA100_083005faedb.cnv
* Sea-Bird SBE19 Data File:
* FileName = C:\hypoxia CTD data\CA100_083005.hex
* Software Version 1.1.5
* Temperature SN = 2997
* Conductivity SN = 2997
* System UpLoad Time = Aug 30 2005 17:33:32
** Cape Alava100m 083005
* SEACAT PROFILER V3.1c SN 2997   08/30/05  17:31:55.314
# nquan = 9
# nvalues = 96                          
# units = specified
# name 0 = timeJ: Julian Days
# name 1 = prSM: Pressure, Strain Gauge [db]
# name 2 = c0mS/cm: Conductivity [mS/cm]
# name 3 = t090C: Temperature [ITS-90, deg C]
# name 4 = oxML/L: Oxygen, Beckman/YSI [ml/l]
# name 5 = depSM: Depth [salt water, m], lat = 47.5
# name 6 = sal00: Salinity, Practical [PSU]
# name 7 = sigma-é00: Density [sigma-theta, kg/m^3]
# name 8 = flag: flag
# span 0 = 237.217355, 242.943818       
# span 1 =      1.000,    100.000       
# span 2 =  34.530273,  38.096448       
# span 3 =     7.4716,    13.8105       
# span 4 =   -0.09928,    6.49073       
# span 5 =      0.992,     99.141       
# span 6 =    31.0492,    33.6663       
# span 7 =    23.3233,    26.3040       
# span 8 = 0.0000e+00, 0.0000e+00       
# interval = decibars: 1                
# start_time = Aug 30 2005 16:35:11 [Instrument's time stamp, header]
# bad_flag = -9.990e-29
*END*
 242.691432      1.000  38.025995    13.8105   -0.09905      0.992    31.5339    23.5486 0.0000e+00
 242.691455      2.000  38.096448    13.7892   -0.09928      1.983    31.6160    23.6163 0.0000e+00
 237.217355      6.000  36.829276    12.8427    6.49073      5.950    31.0492    23.3233 0.0000e+00
 242.693139      7.000  37.588438    12.9484    6.11314      6.941    31.8401    23.9563 0.0000e+00
 242.693153      8.000  37.433017    12.6739    5.75875      7.933    31.9245    24.0746 0.0000e+00
 242.693167      9.000  37.219072    12.3451    5.54702      8.925    31.9998    24.1955 0.0000e+00
 242.693181     10.000  36.976393    12.0194    5.37125      9.916    32.0451    24.2915 0.0000e+00
 242.693201     11.000  36.784454    11.7246    5.23256     10.908    32.1133    24.3988 0.0000e+00
 242.693228     12.000  36.579841    11.3719    5.07302     11.900    32.2191    24.5453 0.0000e+00
 242.693573     13.000  36.165824    10.8991    4.77719     12.891    32.2252    24.6331 0.0000e+00
 242.693660     14.000  36.047534    10.7173    4.55276     13.883    32.2676    24.6980 0.0000e+00
 242.693676     15.000  35.974834    10.5727    4.36183     14.874    32.3227    24.7658 0.0000e+00
 242.693689     16.000  35.871347    10.3694    4.22367     15.866    32.3994    24.8602 0.0000e+00
 242.693701     17.000  35.734540    10.1588    4.09815     16.857    32.4494    24.9347 0.0000e+00
 242.693711     18.000  35.629470    10.0118    4.06329     17.849    32.4747    24.9790 0.0000e+00
 242.693723     19.000  35.535172     9.8599    4.06720     18.840    32.5153    25.0357 0.0000e+00
 242.693734     20.000  35.412612     9.6876    4.09593     19.832    32.5457    25.0876 0.0000e+00
 242.693748     21.000  35.309473     9.5715    4.10619     20.824    32.5449    25.1059 0.0000e+00
 242.693771     22.000  35.297318     9.5791    4.02229     21.815    32.5252    25.0893 0.0000e+00
 242.943818     24.000  34.941231     8.9388    3.64659     23.798    32.7467    25.3651 0.0000e+00
 242.694146     25.000  34.879672     8.8545    3.59667     24.790    32.7551    25.3836 0.0000e+00
 242.694161     26.000  34.897459     8.8450    3.56150     25.781    32.7820    25.4061 0.0000e+00
 242.694173     27.000  34.907171     8.8237    3.53658     26.773    32.8113    25.4324 0.0000e+00
 242.694185     28.000  34.936382     8.8220    3.51206     27.765    32.8430    25.4575 0.0000e+00
 242.694196     29.000  34.974184     8.8149    3.46068     28.756    32.8886    25.4943 0.0000e+00
 242.694208     30.000  34.987238     8.7799    3.39974     29.747    32.9343    25.5355 0.0000e+00
 242.694222     31.000  34.979776     8.7297    3.32161     30.739    32.9727    25.5733 0.0000e+00
 242.694240     32.000  34.954892     8.6510    3.25048     31.730    33.0196    25.6221 0.0000e+00
 242.694309     33.000  34.907642     8.5795    3.22436     32.722    33.0363    25.6460 0.0000e+00
 242.694589     34.000  34.851562     8.4693    3.08968     33.713    33.0801    25.6971 0.0000e+00
 242.694643     35.000  34.824383     8.3968    2.99950     34.705    33.1191    25.7386 0.0000e+00
 242.694657     36.000  34.786272     8.3370    2.94345     35.697    33.1346    25.7597 0.0000e+00
 242.694667     37.000  34.769624     8.3065    2.91104     36.688    33.1452    25.7727 0.0000e+00
 242.694679     38.000  34.752588     8.2702    2.89796     37.680    33.1610    25.7905 0.0000e+00
 242.694690     39.000  34.736206     8.2367    2.91746     38.671    33.1747    25.8062 0.0000e+00
 242.694702     40.000  34.731432     8.2114    2.94914     39.662    33.1932    25.8244 0.0000e+00
 242.694716     41.000  34.724440     8.1757    2.92150     40.654    33.2191    25.8501 0.0000e+00
 242.694732     42.000  34.708661     8.1407    2.92019     41.645    33.2350    25.8678 0.0000e+00
 242.694754     43.000  34.699058     8.1343    2.92101     42.636    33.2304    25.8650 0.0000e+00
 242.694997     44.000  34.702874     8.1412    2.88482     43.628    33.2274    25.8618 0.0000e+00
 242.695055     45.000  34.693211     8.0836    2.78343     44.620    33.2713    25.9047 0.0000e+00
 242.695070     46.000  34.653506     7.9739    2.70345     45.611    33.3328    25.9691 0.0000e+00
 242.695083     47.000  34.637553     7.9373    2.66928     46.603    33.3503    25.9881 0.0000e+00
 242.695095     48.000  34.633471     7.9161    2.65097     47.594    33.3656    26.0032 0.0000e+00
 242.695108     49.000  34.627200     7.8953    2.65918     48.585    33.3784    26.0163 0.0000e+00
 242.695122     50.000  34.619093     7.8739    2.74084     49.576    33.3896    26.0283 0.0000e+00
 242.695136     51.000  34.602405     7.8383    3.00310     50.568    33.4053    26.0458 0.0000e+00
 242.695155     52.000  34.586962     7.8232    2.99284     51.560    33.4027    26.0460 0.0000e+00
 242.695372     53.000  34.574886     7.8058    3.25924     52.551    33.4060    26.0511 0.0000e+00
 242.695497     54.000  34.569961     7.7941    3.48893     53.542    33.4114    26.0570 0.0000e+00
 242.695514     55.000  34.573979     7.7777    3.71610     54.534    33.4309    26.0747 0.0000e+00
 242.695528     56.000  34.575798     7.7541    3.87279     55.525    33.4551    26.0972 0.0000e+00
 242.695541     57.000  34.570039     7.7382    3.92694     56.517    33.4637    26.1062 0.0000e+00
 242.695555     58.000  34.563528     7.7298    3.92025     57.508    33.4643    26.1079 0.0000e+00
 242.695569     59.000  34.556908     7.7189    3.92194     58.499    33.4672    26.1117 0.0000e+00
 242.695583     60.000  34.552394     7.7116    3.90547     59.491    33.4689    26.1141 0.0000e+00
 242.695601     61.000  34.548841     7.6950    3.87203     60.482    33.4805    26.1257 0.0000e+00
 242.695623     62.000  34.549025     7.6830    3.87679     61.474    33.4918    26.1363 0.0000e+00
 242.695961     63.000  34.548248     7.6768    3.84778     62.465    33.4964    26.1408 0.0000e+00
 242.696041     64.000  34.553882     7.6705    3.78184     63.456    33.5081    26.1509 0.0000e+00
 242.696057     65.000  34.576290     7.6643    3.71697     64.447    33.5377    26.1751 0.0000e+00
 242.696070     66.000  34.588840     7.6583    3.67223     65.439    33.5566    26.1908 0.0000e+00
 242.696083     67.000  34.592650     7.6461    3.65239     66.430    33.5719    26.2046 0.0000e+00
 242.696096     68.000  34.593352     7.6333    3.65192     67.421    33.5846    26.2164 0.0000e+00
 242.696108     69.000  34.591398     7.6260    3.64671     68.413    33.5890    26.2210 0.0000e+00
 242.696123     70.000  34.589953     7.6215    3.64932     69.404    33.5914    26.2235 0.0000e+00
 242.696142     71.000  34.588837     7.6171    3.66749     70.395    33.5939    26.2261 0.0000e+00
 242.696301     72.000  34.577665     7.5956    3.70762     71.386    33.6022    26.2357 0.0000e+00
 242.696481     73.000  34.569726     7.5855    3.70778     72.378    33.6029    26.2376 0.0000e+00
 242.696494     74.000  34.564236     7.5702    3.66516     73.369    33.6112    26.2464 0.0000e+00
 242.696508     75.000  34.563020     7.5561    3.59706     74.361    33.6231    26.2577 0.0000e+00
 242.696522     76.000  34.553410     7.5361    3.54902     75.352    33.6316    26.2673 0.0000e+00
 242.696536     77.000  34.547952     7.5298    3.50258     76.343    33.6314    26.2680 0.0000e+00
 242.696552     78.000  34.542788     7.5124    3.42408     77.334    33.6421    26.2789 0.0000e+00
 242.696568     79.000  34.536428     7.5013    3.33393     78.325    33.6456    26.2833 0.0000e+00
 242.696584     80.000  34.534477     7.4912    3.24513     79.317    33.6528    26.2904 0.0000e+00
 242.696603     81.000  34.531559     7.4830    3.21598     80.308    33.6570    26.2949 0.0000e+00
 242.696628     82.000  34.531282     7.4857    3.27187     81.299    33.6537    26.2919 0.0000e+00
 242.696914     83.000  34.530273     7.4800    3.14437     82.291    33.6576    26.2958 0.0000e+00
 242.696962     84.000  34.530684     7.4790    3.11831     83.282    33.6585    26.2967 0.0000e+00
 242.696979     85.000  34.531549     7.4780    3.08953     84.273    33.6600    26.2980 0.0000e+00
 242.696995     86.000  34.532150     7.4760    3.07155     85.264    33.6621    26.2999 0.0000e+00
 242.697010     87.000  34.532466     7.4749    3.05066     86.256    33.6630    26.3008 0.0000e+00
 242.697024     88.000  34.533205     7.4754    3.06058     87.247    33.6628    26.3007 0.0000e+00
 242.697038     89.000  34.533361     7.4753    3.04331     88.238    33.6627    26.3005 0.0000e+00
 242.697051     90.000  34.533719     7.4744    3.04215     89.229    33.6634    26.3013 0.0000e+00
 242.697068     91.000  34.534804     7.4745    3.04558     90.220    33.6640    26.3018 0.0000e+00
 242.697090     92.000  34.535711     7.4757    3.03922     91.213    33.6633    26.3010 0.0000e+00
 242.697452     93.000  34.535124     7.4735    3.01962     92.203    33.6643    26.3021 0.0000e+00
 242.697473     94.000  34.534930     7.4734    3.02557     93.194    33.6638    26.3018 0.0000e+00
 242.697487     95.000  34.535474     7.4735    3.02223     94.185    33.6638    26.3017 0.0000e+00
 242.697501     96.000  34.536466     7.4729    3.02071     95.177    33.6649    26.3027 0.0000e+00
 242.697515     97.000  34.536611     7.4716    3.01699     96.168    33.6659    26.3037 0.0000e+00
 242.697529     98.000  34.537199     7.4716    3.01805     97.159    33.6660    26.3038 0.0000e+00
 242.697544     99.000  34.538278     7.4721    3.01631     98.150    33.6663    26.3040 0.0000e+00
 242.697793    100.000  34.538399     7.4722    3.02030     99.141    33.6659    26.3036 0.0000e+00
