data/oxygen options/ONMS/Olympic_Coast_National_Marine_Sanctuary_Hypoxia_Survey_CTD_Data_2004_2015/raw_data/2005/CTD_TH40_081505faed.cnv
* Sea-Bird SBE19 Data File:
* FileName = C:\Hypoxia Data\TH40_081505.hex
* Software Version 1.1.6
* Temperature SN = 2997
* Conductivity SN = 2997
* System UpLoad Time = Aug 15 2005 18:31:44
* SEACAT PROFILER V3.1c SN 2997   08/15/05  18:30:58.685
* strain gauge pressure sensor: S/N = 184829,  range = 3000 psia,  tc = 40
# nquan = 9                                 
# nvalues = 836                         
# units = specified
# name 0 = timeJ: Julian Days
# name 1 = prSM: Pressure, Strain Gauge [db]
# name 2 = c0mS/cm: Conductivity [mS/cm]
# name 3 = t090C: Temperature [ITS-90, deg C]
# name 4 = oxML/L: Oxygen, Beckman/YSI [ml/l]
# name 5 = depSM: Depth [salt water, m], lat = 47.5
# name 6 = sal00: Salinity, Practical [PSU]
# name 7 = sigma-é00: Density [sigma-theta, kg/m^3]
# name 8 = flag: flag
# span 0 = 227.733472, 227.738304       
# span 1 =     -3.369,     42.389       
# span 2 =   0.691844,  37.012382       
# span 3 =     7.5303,    13.0762       
# span 4 =   -0.12208,   29.12365       
# span 5 =     -3.341,     42.031       
# span 6 =     0.4438,    33.6221       
# span 7 =    -0.2849,    26.2600       
# span 8 = 0.0000e+00, 0.0000e+00       
# interval = seconds: 0.5
# start_time = Aug 15 2005 17:36:12 [Instrument's time stamp, header]
# bad_flag = -9.990e-29
*END*
[from data line 801]
 227.738108      4.114  36.734642    12.0900    6.44731      4.080    31.7545    24.0530 0.0000e+00
 227.738113      3.851  36.839864    12.1796    6.30732      3.819    31.7795    24.0557 0.0000e+00
 227.738119      3.601  36.889407    12.2232    6.19214      3.571    31.7900    24.0557 0.0000e+00
 227.738125      3.362  36.910102    12.2409    5.98486      3.334    31.7949    24.0562 0.0000e+00
 227.738131      3.131  36.918902    12.2639    5.87978      3.105    31.7839    24.0434 0.0000e+00
 227.738137      2.915  36.939322    12.3064    5.82314      2.891    31.7675    24.0226 0.0000e+00
 227.738142      2.721  36.977278    12.3374    6.79413      2.698    31.7776    24.0246 0.0000e+00
 227.738148      2.550  37.000950    12.3338    6.98964      2.529    31.8033    24.0453 0.0000e+00
 227.738154      2.404  36.995367    12.3090    7.12036      2.384    31.8191    24.0621 -9.990e-29
 227.738160      2.287  36.964871    12.2784    7.33299      2.268    31.8160    24.0655 -9.990e-29
 227.738166      2.190  36.918709    12.2429    7.53415      2.172    31.8019    24.0612 -9.990e-29
 227.738171      2.108  36.856448    12.2003    7.64914      2.090    31.7785    24.0510 -9.990e-29
 227.738177      2.044  36.733761    12.1461    7.71844      2.027    31.7068    24.0056 -9.990e-29
 227.738183      1.994  36.439213    12.0802    7.82114      1.977    31.4798    23.8417 -9.990e-29
 227.738189      1.951  35.661376    12.0153    7.87260      1.935    30.7876    23.3169 -9.990e-29
 227.738194      1.916  33.437707    11.9620    7.91256      1.900    28.7070    21.7138 -9.990e-29
 227.738200      1.890  26.857135    11.9242    7.89163      1.874    22.5649    16.9660 -9.990e-29
 227.738206      1.874  16.597617    11.9025    7.87031      1.858    13.3454     9.8462 -9.990e-29
 227.738212      1.865   8.907333    11.8923    7.77880      1.849     6.8115     4.7993 -9.990e-29
 227.738218      1.858   5.484638    11.8872    7.74301      1.842     4.0509     2.6630 -9.990e-29
 227.738223      1.850   3.885889    11.8839    7.75138      1.835     2.8062     1.6980 -9.990e-29
 227.738229      1.839   3.108512    11.8813    7.75892      1.824     2.2144     1.2387 -9.990e-29
 227.738235      1.825   2.811443    11.8793    7.73958      1.810     1.9910     1.0654 -9.990e-29
 227.738241      1.810   2.760751    11.8778    7.75125      1.795     1.9531     1.0361 -9.990e-29
 227.738247      1.799   2.731141    11.8767    7.76390      1.784     1.9310     1.0191 -9.990e-29
 227.738252      1.791   2.638161    11.8759 -9.990e-29      1.776     1.8616     0.9652 -9.990e-29
 227.738258      1.785   2.484447    11.8750 -9.990e-29      1.770     1.7472     0.8763 -9.990e-29
 227.738264      1.781   2.374868    11.8742 -9.990e-29      1.766     1.6659     0.8132 -9.990e-29
 227.738270      1.779   2.478678    11.8741 -9.990e-29      1.764     1.7430     0.8731 -9.990e-29
 227.738275      1.778   2.735502    11.8738 -9.990e-29      1.763     1.9345     1.0221 -9.990e-29
 227.738281      1.778   2.863634    11.8727 -9.990e-29      1.763     2.0305     1.0969 -9.990e-29
 227.738287      1.780   2.761266    11.8714 -9.990e-29      1.765     1.9539     1.0374 -9.990e-29
 227.738293      1.784   2.631220    11.8707 -9.990e-29      1.769     1.8567     0.9620 -9.990e-29
 227.738299      1.789   2.636077    11.8705 -9.990e-29      1.774     1.8603     0.9648 -9.990e-29
 227.738304      1.792   2.699581 -9.990e-29 -9.990e-29      1.777 -9.990e-29 -9.990e-29 -9.990e-29
