data/oxygen options/ONMS/Olympic_Coast_National_Marine_Sanctuary_Hypoxia_Survey_CTD_Data_2004_2015/raw_data/2005/CTD_CE30_062105faed.cnv
* Sea-Bird SBE19 Data File:
* FileName = C:\hypoxia CTD data\CE30_062105.hex
* Software Version 1.1.5
* Temperature SN = 2997
* Conductivity SN = 2997
* System UpLoad Time = Jun 21 2005 16:22:14
* SEACAT PROFILER V3.1c SN 2997   06/21/05  16:21:30.476
* strain gauge pressure sensor: S/N = 184829,  range = 3000 psia,  tc = 40
# nquan = 9                                 
# nvalues = 528                         
# units = specified
# name 0 = timeJ: Julian Days
# name 1 = prSM: Pressure, Strain Gauge [db]
# name 2 = c0mS/cm: Conductivity [mS/cm]
# name 3 = t090C: Temperature [ITS-90, deg C]
# name 4 = oxML/L: Oxygen, Beckman/YSI [ml/l]
# name 5 = depSM: Depth [salt water, m], lat = 47.5
# name 6 = sal00: Salinity, Practical [PSU]
# name 7 = sigma-é00: Density [sigma-theta, kg/m^3]
# name 8 = flag: flag
# span 0 = 172.500081, 172.503131       
# span 1 =     -3.861,     29.618       
# span 2 =   0.494898,  38.112255       
# span 3 =     9.7804,    16.9037       
# span 4 =   -0.11458,   23.20180       
# span 5 =     -3.829,     29.369       
# span 6 =     0.2957,    32.6828       
# span 7 =    -0.7435,    25.1774       
# span 8 = 0.0000e+00, 0.0000e+00       
# interval = seconds: 0.5
# start_time = Jun 21 2005 12:00:07 [Instrument's time stamp, header]
# bad_flag = -9.990e-29
*END*
[from data line 321]
 172.501939      1.892  37.400027    16.8873    6.31907      1.876    28.6266    20.6550 -9.990e-29
 172.501944      1.896  37.393683    16.8878    6.33652      1.880    28.6208    20.6505 -9.990e-29
 172.501950      1.909  37.395132    16.8895    6.34539      1.893    28.6208    20.6501 -9.990e-29
 172.501956      1.928  37.401826    16.8907    6.34310      1.912    28.6257    20.6536 -9.990e-29
 172.501962      1.945  37.408673    16.8906    6.32761      1.929    28.6316    20.6581 -9.990e-29
 172.501968      1.956  37.409104    16.8898    6.32393      1.940    28.6325    20.6590 -9.990e-29
 172.501973      1.968  37.404259    16.8896    6.32922      1.952    28.6285    20.6560 -9.990e-29
 172.501979      1.984  37.401700    16.8911    6.33622      1.967    28.6253    20.6532 -9.990e-29
 172.501985      2.002  37.407548    16.8935    6.34241      1.985    28.6285    20.6551 -9.990e-29
 172.501991      2.014  37.419511    16.8939    6.34015      1.997    28.6384    20.6626 -9.990e-29
 172.501997      2.017  37.422140    16.8921    6.32871      2.000    28.6419    20.6657 -9.990e-29
 172.502002      2.020  37.409973    16.8905    6.32404      2.003    28.6327    20.6590 -9.990e-29
 172.502008      2.031  37.399314    16.8905    6.32853      2.014    28.6236    20.6521 -9.990e-29
 172.502014      2.046  37.400624    16.8917    6.33143      2.029    28.6239    20.6520 -9.990e-29
 172.502020      2.058  37.407243    16.8925    6.32627      2.041    28.6290    20.6557 -9.990e-29
 172.502025      2.060  37.410617    16.8922    6.32780      2.043    28.6320    20.6581 -9.990e-29
 172.502031      2.051  37.409639    16.8915    6.32220      2.034    28.6317    20.6580 -9.990e-29
 172.502037      2.040  37.406372    16.8909    6.32753      2.023    28.6294    20.6564 -9.990e-29
 172.502043      2.029  37.403754    16.8910    6.32718      2.012    28.6271    20.6546 -9.990e-29
 172.502049      2.019  37.404465    16.8916    6.33000      2.002    28.6272    20.6546 -9.990e-29
 172.502054      2.009  37.406653    16.8919    6.33676      1.992    28.6289    20.6558 -9.990e-29
 172.502060      2.001  37.407070    16.8918    6.33217      1.984    28.6293    20.6561 -9.990e-29
 172.502066      2.001  37.405714    16.8918    6.33506      1.984    28.6282    20.6552 -9.990e-29
 172.502072      2.004  37.404705    16.8919    6.32935      1.987    28.6272    20.6545 -9.990e-29
 172.502078      2.005  37.404944    16.8921    6.32107      1.988    28.6273    20.6545 -9.990e-29
 172.502083      2.004  37.405631    16.8924    6.32709      1.987    28.6277    20.6547 -9.990e-29
 172.502089      2.003  37.406004    16.8929    6.32697      1.986    28.6276    20.6546 -9.990e-29
 172.502095      2.000  37.406000    16.8930    6.33490      1.983    28.6276    20.6545 -9.990e-29
 172.502101      1.995  37.405057    16.8924    6.32776      1.978    28.6272    20.6544 -9.990e-29
 172.502106      1.988  37.402481    16.8916    6.32827      1.971    28.6256    20.6533 -9.990e-29
 172.502112      1.984  37.399327    16.8913    6.32350      1.967    28.6231    20.6515 -9.990e-29
 172.502118      1.989  37.398122    16.8920    6.32156      1.972    28.6216    20.6501 -9.990e-29
 172.502124      2.006  37.401187    16.8935    6.32003      1.989    28.6231    20.6510 -9.990e-29
 172.502130      2.025  37.407563    16.8950    6.31825      2.008    28.6275    20.6540 -9.990e-29
 172.502135      2.040  37.412859    16.8957    6.32513      2.023    28.6315    20.6569 -9.990e-29
 172.502141      2.047  37.414608    16.8958    6.33227      2.030    28.6329    20.6579 -9.990e-29
 172.502147      2.051  37.414022    16.8954    6.33561      2.034    28.6327    20.6579 -9.990e-29
 172.502153      2.057  37.413126    16.8952    6.32367      2.040    28.6320    20.6574 -9.990e-29
 172.502159      2.066  37.412974    16.8957    6.31857      2.049    28.6315    20.6569 -9.990e-29
 172.502164      2.076  37.413364    16.8968    6.31757      2.059    28.6311    20.6564 -9.990e-29
 172.502170      2.086  37.415380    16.8984    6.32792      2.069    28.6317    20.6564 -9.990e-29
 172.502176      2.091  37.419470    16.8994    6.33114      2.074    28.6344    20.6583 -9.990e-29
 172.502182      2.096  37.422118    16.8993    6.33012      2.078    28.6367    20.6601 -9.990e-29
 172.502187      2.106  37.421252    16.8986    6.32181      2.088    28.6365    20.6601 -9.990e-29
 172.502193      2.120  37.418337    16.8976    6.32204      2.102    28.6347    20.6590 -9.990e-29
 172.502199      2.136  37.415091    16.8969    6.32547      2.118    28.6325    20.6574 -9.990e-29
 172.502205      2.147  37.413159    16.8970    6.32562      2.129    28.6308    20.6560 -9.990e-29
 172.502211      2.148  37.412750    16.8974    6.32547      2.130    28.6301    20.6555 -9.990e-29
 172.502216      2.140  37.412557    16.8974    6.31834      2.122    28.6300    20.6554 -9.990e-29
 172.502222      2.127  37.411744    16.8966    6.30886      2.109    28.6298    20.6554 -9.990e-29
 172.502228      2.116  37.409212    16.8954    6.31684      2.098    28.6285    20.6547 -9.990e-29
 172.502234      2.110  37.406056    16.8949    6.32063      2.092    28.6262    20.6531 -9.990e-29
 172.502240      2.110  37.405343    16.8954    6.32513      2.092    28.6253    20.6522 -9.990e-29
 172.502245      2.115  37.407229    16.8963    6.32825      2.097    28.6262    20.6527 -9.990e-29
 172.502251      2.127  37.409726    16.8972    6.32192      2.109    28.6277    20.6537 -9.990e-29
 172.502257      2.140  37.412222    16.8986    6.31320      2.122    28.6288    20.6542 -9.990e-29
 172.502263      2.152  37.417470    16.9011    6.31457      2.134    28.6315    20.6557 -9.990e-29
 172.502269      2.163  37.427966    16.9035    6.32515      2.145    28.6387    20.6607 -9.990e-29
 172.502274      2.170  37.437502    16.9037    6.32471      2.152    28.6467    20.6667 -9.990e-29
 172.502280      2.170  37.436350    16.9014    6.32735      2.152    28.6473    20.6677 -9.990e-29
 172.502286      2.166  37.425763    16.8983    6.31891      2.148    28.6405    20.6632 -9.990e-29
 172.502292      2.171  37.414599    16.8966    6.31565      2.153    28.6323    20.6573 -9.990e-29
 172.502297      2.194  37.408704    16.8971    6.31735      2.176    28.6269    20.6531 -9.990e-29
 172.502303      2.232  37.409734    16.8994    6.32256      2.213    28.6261    20.6520 -9.990e-29
 172.502309      2.278  37.416804    16.9021    6.31860      2.259    28.6302    20.6545 -9.990e-29
 172.502315      2.324  37.426429    16.9034    6.30542      2.305    28.6374    20.6597 -9.990e-29
 172.502321      2.363  37.431240    16.9030    6.30496      2.343    28.6418    20.6631 -9.990e-29
 172.502326      2.402  37.428102    16.9017    6.31734      2.382    28.6400    20.6621 -9.990e-29
 172.502332      2.452  37.422349    16.9000    6.33544      2.432    28.6363    20.6597 -9.990e-29
 172.502338      2.525  37.416952    16.8983    6.33857      2.504    28.6329    20.6574 -9.990e-29
 172.502344      2.630  37.412547    16.8972    6.31718      2.608    28.6299    20.6554 -9.990e-29
 172.502350      2.769  37.411096    16.8971    6.29749      2.746    28.6287    20.6545 0.0000e+00
 172.502355      2.942  37.415697    16.8980    6.28860      2.917    28.6319    20.6568 0.0000e+00
 172.502361      3.153  37.434709    16.8984    6.28698      3.127    28.6477    20.6688 0.0000e+00
 172.502367      3.401  37.485617    16.8899    6.28143      3.373    28.6970    20.7084 0.0000e+00
 172.502373      3.685  37.602078    16.8585    6.24021      3.654    28.8184    20.8085 0.0000e+00
 172.502378      4.002  37.785150    16.8011    6.19623      3.969    29.0156    20.9724 0.0000e+00
 172.502384      4.346  37.960966    16.7286    6.16827      4.310    29.2182    21.1440 0.0000e+00
 172.502390      4.714  38.067276    16.6452    6.16984      4.675    29.3700    21.2791 0.0000e+00
 172.502396      5.104  38.111772    16.5409    6.21075      5.061    29.4847    21.3903 0.0000e+00
 172.502402      5.514  38.112255    16.4097    6.23741      5.468    29.5818    21.4941 0.0000e+00
 172.502407      5.941  38.072142    16.2689    6.27495      5.891    29.6514    21.5789 0.0000e+00
 172.502413      6.378  38.011379    16.1452    6.32291      6.325    29.6907    21.6364 0.0000e+00
 172.502419      6.819  37.952091    16.0489    6.36649      6.762    29.7109    21.6731 0.0000e+00
 172.502425      7.261  37.897619    15.9761    6.40516      7.200    29.7177    21.6944 0.0000e+00
 172.502431      7.708  37.848754    15.9203    6.43709      7.644    29.7167    21.7058 0.0000e+00
 172.502436      8.157  37.810408    15.8785    6.42773      8.089    29.7144    21.7132 0.0000e+00
 172.502442      8.599  37.785818    15.8483    6.39435      8.527    29.7154    21.7206 0.0000e+00
 172.502448      9.028  37.773574    15.8178    6.37358      8.952    29.7274    21.7365 0.0000e+00
 172.502454      9.454  37.768539    15.7736    6.41414      9.375    29.7561    21.7681 0.0000e+00
 172.502459      9.891  37.767347    15.7086    6.43042      9.808    29.8038    21.8189 0.0000e+00
 172.502465     10.346  37.770070    15.6170    6.43875     10.259    29.8752    21.8936 0.0000e+00
 172.502471     10.809  37.772463    15.4981    6.32285     10.719    29.9673    21.9900 0.0000e+00
 172.502477     11.267  37.765352    15.3545    6.07662     11.173    30.0704    22.1000 0.0000e+00
 172.502483     11.724  37.739222    15.1890    5.69064     11.626    30.1739    22.2150 0.0000e+00
 172.502488     12.178  37.685553    15.0182    5.20141     12.076    30.2577    22.3157 0.0000e+00
 172.502494     12.620  37.614055    14.8204    4.72003     12.514    30.3470    22.4260 0.0000e+00
 172.502500     13.052  37.525798    14.4568    4.32016     12.943    30.5520    22.6595 0.0000e+00
 172.502506     13.486  37.342879    13.8699    4.08127     13.373    30.8518    23.0104 0.0000e+00
 172.502512     13.926  37.051832    13.2192    4.00739     13.809    31.1094    23.3385 0.0000e+00
 172.502517     14.377  36.784309    12.6036    4.00491     14.257    31.3656    23.6554 0.0000e+00
 172.502523     14.835  36.587189    11.9983    4.02077     14.711    31.6862    24.0173 0.0000e+00
 172.502529     15.297  36.399354    11.4488    4.01435     15.169    31.9748    24.3414 0.0000e+00
 172.502535     15.762  36.209643    11.0425    3.99597     15.630    32.1417    24.5434 0.0000e+00
 172.502541     16.233  36.055960    10.7851    3.95458     16.097    32.2153    24.6456 0.0000e+00
 172.502546     16.711  35.949123    10.6208    3.89984     16.571    32.2537    24.7039 0.0000e+00
 172.502552     17.188  35.872181    10.5023    3.84200     17.044    32.2816    24.7459 0.0000e+00
 172.502558     17.655  35.811067    10.4045    3.77720     17.507    32.3069    24.7823 0.0000e+00
 172.502564     18.113  35.759940    10.3061    3.71968     17.961    32.3430    24.8270 0.0000e+00
 172.502569     18.569  35.713385    10.1991    3.68242     18.413    32.3914    24.8827 0.0000e+00
 172.502575     19.032  35.676570    10.1021    3.67929     18.872    32.4408    24.9375 0.0000e+00
 172.502581     19.503  35.669889    10.0224    3.70072     19.339    32.5054    25.0012 0.0000e+00
 172.502587     19.985  35.681598     9.9585    3.72849     19.817    32.5746    25.0658 0.0000e+00
 172.502593     20.468  35.686354     9.9165    3.75699     20.296    32.6172    25.1060 0.0000e+00
 172.502598     20.946  35.683741     9.8919    3.77303     20.770    32.6366    25.1252 0.0000e+00
 172.502604     21.419  35.678094     9.8747    3.78589     21.239    32.6462    25.1355 0.0000e+00
 172.502610     21.895  35.670830     9.8616    3.79600     21.711    32.6504    25.1410 0.0000e+00
 172.502616     22.383  35.664579     9.8489    3.77907     22.195    32.6554    25.1470 0.0000e+00
 172.502622     22.885  35.659395     9.8308    3.75516     22.693    32.6663    25.1585 0.0000e+00
 172.502627     23.394  35.652833     9.8101    3.74234     23.197    32.6782    25.1712 0.0000e+00
 172.502633     23.904  35.644534     9.7954    3.73590     23.703    32.6828    25.1772 0.0000e+00
 172.502639     24.413  35.637426     9.7885    3.74261     24.208    32.6816    25.1774 0.0000e+00
 172.502645     24.916  35.633223     9.7864    3.74289     24.707    32.6790    25.1758 0.0000e+00
 172.502650     25.405  35.631346     9.7873    3.74588     25.191    32.6761    25.1733 0.0000e+00
 172.502656     25.873  35.631517     9.7903    3.74904     25.655    32.6733    25.1707 0.0000e+00
 172.502662     26.317  35.633384     9.7916    3.75642     26.096    32.6738    25.1709 0.0000e+00
 172.502668     26.746  35.632694     9.7885    3.76206     26.521    32.6758    25.1729 0.0000e+00
 172.502674     27.172  35.626829     9.7844    3.74732     26.943    32.6733    25.1717 0.0000e+00
 172.502679     27.592  35.621407     9.7821    3.75268     27.360    32.6697    25.1692 0.0000e+00
 172.502685     27.997  35.619273     9.7810    3.76816     27.761    32.6683    25.1684 0.0000e+00
 172.502691     28.380  35.618123     9.7805    3.77730     28.141    32.6674    25.1678 0.0000e+00
 172.502697     28.731  35.616968     9.7804    3.78131     28.489    32.6662    25.1668 0.0000e+00
 172.502703     29.039  35.615931     9.7815    3.78058     28.795    32.6640    25.1649 0.0000e+00
 172.502708     29.287  35.615855     9.7855    3.77930     29.041    32.6602    25.1613 0.0000e+00
 172.502714     29.468  35.618304     9.7914    3.77782     29.220    32.6573    25.1580 -9.990e-29
 172.502720     29.579  35.622602     9.7959    3.78076     29.330    32.6575    25.1575 -9.990e-29
 172.502726     29.618  35.625496     9.7980    3.78649     29.369    32.6585    25.1580 -9.990e-29
 172.502731     29.581  35.625785     9.7982    3.79510     29.332    32.6587    25.1580 -9.990e-29
 172.502737     29.460  35.623839     9.7964    3.79742     29.212    32.6584    25.1581 -9.990e-29
 172.502743     29.260  35.620414     9.7935    3.79447     29.014    32.6576    25.1579 0.0000e+00
 172.502749     28.995  35.617096     9.7913    3.79513     28.751    32.6563    25.1573 0.0000e+00
 172.502755     28.673  35.615051     9.7904    3.80544     28.432    32.6552    25.1566 0.0000e+00
 172.502760     28.303  35.613784     9.7899    3.80678     28.065    32.6545    25.1561 0.0000e+00
 172.502766     27.900  35.612152     9.7889    3.80983     27.665    32.6539    25.1558 0.0000e+00
 172.502772     27.477  35.610210     9.7879    3.80400     27.246    32.6531    25.1553 0.0000e+00
 172.502778     27.038  35.608718     9.7883    3.80124     26.811    32.6514    25.1539 0.0000e+00
 172.502784     26.587  35.607917     9.7907    3.79889     26.363    32.6486    25.1513 0.0000e+00
 172.502789     26.136  35.608409     9.7941    3.80226     25.916    32.6462    25.1489 0.0000e+00
 172.502795     25.685  35.610276     9.7967    3.80558     25.469    32.6459    25.1483 0.0000e+00
 172.502801     25.231  35.612073     9.7966    3.80665     25.019    32.6481    25.1499 0.0000e+00
 172.502807     24.771  35.611697     9.7930    3.81453     24.563    32.6511    25.1529 0.0000e+00
 172.502813     24.305  35.607514     9.7889    3.81970     24.101    32.6508    25.1533 0.0000e+00
 172.502818     23.839  35.602345     9.7876    3.84597     23.639    32.6469    25.1505 0.0000e+00
 172.502824     23.372  35.599934     9.7902    3.87699     23.176    32.6423    25.1464 0.0000e+00
 172.502830     22.897  35.600977     9.7981    3.90021     22.705    32.6364    25.1405 0.0000e+00
 172.502836     22.403  35.604049     9.8141    3.93035     22.215    32.6253    25.1292 0.0000e+00
 172.502841     21.890  35.607066     9.8374    3.95240     21.706    32.6075    25.1115 0.0000e+00
 172.502847     21.368  35.610117     9.8595    3.96827     21.189    32.5908    25.0948 0.0000e+00
 172.502853     20.855  35.612773     9.8736    3.99004     20.680    32.5810    25.0848 0.0000e+00
