data/oxygen options/ONMS/Olympic_Coast_National_Marine_Sanctuary_Hypoxia_Survey_CTD_Data_2004_2015/raw_data/2005/CTD_CE60_062105faed.cnv
* Sea-Bird SBE19 Data File:
* FileName = C:\hypoxia CTD data\CE60_062105.hex
* Software Version 1.1.5
* Temperature SN = 2997
* Conductivity SN = 2997
* System UpLoad Time = Jun 21 2005 16:30:53
* SEACAT PROFILER V3.1c SN 2997   06/21/05  16:30:26.967
* strain gauge pressure sensor: S/N = 184829,  range = 3000 psia,  tc = 40
# nquan = 9                                 
# nvalues = 661                         
# units = specified
# name 0 = timeJ: Julian Days
# name 1 = prSM: Pressure, Strain Gauge [db]
# name 2 = c0mS/cm: Conductivity [mS/cm]
# name 3 = t090C: Temperature [ITS-90, deg C]
# name 4 = oxML/L: Oxygen, Beckman/YSI [ml/l]
# name 5 = depSM: Depth [salt water, m], lat = 47.5
# name 6 = sal00: Salinity, Practical [PSU]
# name 7 = sigma-é00: Density [sigma-theta, kg/m^3]
# name 8 = flag: flag
# span 0 = 172.628275, 172.632095       
# span 1 =     -3.824,     60.552       
# span 2 =   0.233413,  37.888513       
# span 3 =     8.5726,    16.6623       
# span 4 =   -0.09775,   24.13592       
# span 5 =     -3.792,     60.038       
# span 6 =     0.1402,    33.3329       
# span 7 =    -0.7371,    25.8800       
# span 8 = 0.0000e+00, 0.0000e+00       
# interval = seconds: 0.5
# start_time = Jun 21 2005 15:04:43 [Instrument's time stamp, header]
# bad_flag = -9.990e-29
*END*
[from data line 321]
 172.630133      2.023  35.911728    16.6562    6.55537      2.006    27.5227    19.8617 -9.990e-29
 172.630139      2.021  35.911923    16.6563    6.55175      2.004    27.5228    19.8618 -9.990e-29
 172.630145      2.018  35.911781    16.6564    6.54653      2.001    27.5226    19.8616 -9.990e-29
 172.630150      2.015  35.911680    16.6560    6.54236      1.998    27.5228    19.8619 -9.990e-29
 172.630156      2.011  35.912056    16.6554    6.53969      1.994    27.5235    19.8626 -9.990e-29
 172.630162      2.007  35.912859    16.6548    6.54287      1.990    27.5246    19.8635 -9.990e-29
 172.630168      2.001  35.913485    16.6547    6.54161      1.984    27.5252    19.8640 -9.990e-29
 172.630174      1.994  35.913659    16.6551    6.53929      1.977    27.5251    19.8638 -9.990e-29
 172.630179      1.985  35.913620    16.6556    6.53944      1.968    27.5247    19.8634 -9.990e-29
 172.630185      1.977  35.913328    16.6559    6.54021      1.960    27.5243    19.8630 -9.990e-29
 172.630191      1.975  35.912963    16.6558    6.53773      1.959    27.5240    19.8629 -9.990e-29
 172.630197      1.979  35.912607    16.6558    6.54149      1.962    27.5237    19.8626 -9.990e-29
 172.630203      1.988  35.912357    16.6562    6.54672      1.971    27.5232    19.8622 -9.990e-29
 172.630208      1.999  35.912448    16.6567    6.54749      1.982    27.5230    19.8618 -9.990e-29
 172.630214      2.008  35.912452    16.6569    6.54402      1.991    27.5228    19.8617 -9.990e-29
 172.630220      2.016  35.912382    16.6568    6.54149      1.999    27.5228    19.8617 -9.990e-29
 172.630226      2.024  35.912714    16.6565    6.54398      2.007    27.5233    19.8622 -9.990e-29
 172.630231      2.032  35.913339    16.6564    6.54917      2.015    27.5239    19.8626 -9.990e-29
 172.630237      2.035  35.913978    16.6563    6.54767      2.018    27.5245    19.8631 -9.990e-29
 172.630243      2.031  35.914372    16.6560    6.54253      2.014    27.5251    19.8636 -9.990e-29
 172.630249      2.023  35.914496    16.6560    6.53840      2.006    27.5252    19.8637 -9.990e-29
 172.630255      2.015  35.914525    16.6564    6.54032      1.998    27.5249    19.8634 -9.990e-29
 172.630260      2.010  35.914505    16.6567    6.53992      1.993    27.5247    19.8632 -9.990e-29
 172.630266      2.014  35.914421    16.6564    6.53310      1.997    27.5248    19.8634 -9.990e-29
 172.630272      2.020  35.914170    16.6559    6.52870      2.003    27.5250    19.8636 -9.990e-29
 172.630278      2.027  35.913987    16.6559    6.53837      2.010    27.5248    19.8634 -9.990e-29
 172.630284      2.033  35.914195    16.6560    6.54316      2.016    27.5249    19.8635 -9.990e-29
 172.630289      2.040  35.914520    16.6559    6.53822      2.023    27.5253    19.8638 -9.990e-29
 172.630295      2.048  35.914844    16.6558    6.52926      2.031    27.5256    19.8641 -9.990e-29
 172.630301      2.057  35.915048    16.6561    6.52874      2.040    27.5256    19.8640 -9.990e-29
 172.630307      2.064  35.914854    16.6562    6.53640      2.047    27.5253    19.8638 -9.990e-29
 172.630313      2.065  35.914573    16.6559    6.54695      2.048    27.5253    19.8638 -9.990e-29
 172.630318      2.064  35.914401    16.6554    6.54446      2.047    27.5255    19.8641 -9.990e-29
 172.630324      2.066  35.914118    16.6550    6.52643      2.049    27.5255    19.8642 -9.990e-29
 172.630330      2.071  35.913915    16.6549    6.51568      2.054    27.5254    19.8641 -9.990e-29
 172.630336      2.078  35.914092    16.6550    6.52289      2.061    27.5255    19.8642 -9.990e-29
 172.630341      2.088  35.914333    16.6552    6.53471      2.071    27.5256    19.8642 -9.990e-29
 172.630347      2.099  35.914409    16.6554    6.53812      2.081    27.5255    19.8641 -9.990e-29
 172.630353      2.101  35.914430    16.6555    6.53597      2.083    27.5254    19.8640 -9.990e-29
 172.630359      2.091  35.914433    16.6554    6.52742      2.074    27.5255    19.8641 -9.990e-29
 172.630365      2.072  35.914429    16.6554    6.52551      2.055    27.5255    19.8641 -9.990e-29
 172.630370      2.057  35.914423    16.6554    6.53222      2.040    27.5255    19.8641 -9.990e-29
 172.630376      2.056  35.914417    16.6556    6.53439      2.039    27.5254    19.8639 -9.990e-29
 172.630382      2.070  35.914413    16.6560    6.53196      2.053    27.5251    19.8636 -9.990e-29
 172.630388      2.087  35.914415    16.6562    6.52988      2.070    27.5250    19.8635 -9.990e-29
 172.630394      2.095  35.914425    16.6563    6.52741      2.078    27.5249    19.8634 -9.990e-29
 172.630399      2.095  35.914443    16.6562    6.53631      2.078    27.5250    19.8635 -9.990e-29
 172.630405      2.094  35.914470    16.6558    6.54193      2.077    27.5253    19.8638 -9.990e-29
 172.630411      2.099  35.914517    16.6553    6.52965      2.081    27.5257    19.8642 -9.990e-29
 172.630417      2.107  35.914627    16.6550    6.51996      2.089    27.5260    19.8645 -9.990e-29
 172.630422      2.122  35.914922    16.6551    6.52113      2.104    27.5261    19.8646 -9.990e-29
 172.630428      2.142  35.915211    16.6553    6.53235      2.124    27.5262    19.8647 -9.990e-29
 172.630434      2.165  35.915295    16.6553    6.54510      2.147    27.5263    19.8647 -9.990e-29
 172.630440      2.184  35.915262    16.6553    6.54011      2.166    27.5263    19.8647 -9.990e-29
 172.630446      2.197  35.915046    16.6556    6.52895      2.179    27.5259    19.8643 -9.990e-29
 172.630451      2.207  35.914894    16.6558    6.52496      2.189    27.5256    19.8641 -9.990e-29
 172.630457      2.225  35.915142    16.6559    6.52904      2.206    27.5257    19.8642 -9.990e-29
 172.630463      2.256  35.915537    16.6560    6.53481      2.237    27.5260    19.8643 -9.990e-29
 172.630469      2.296  35.915461    16.6560    6.54018      2.277    27.5259    19.8643 -9.990e-29
 172.630475      2.338  35.914791    16.6558    6.52325      2.318    27.5255    19.8640 -9.990e-29
 172.630480      2.373  35.914290    16.6557    6.52226      2.353    27.5251    19.8637 -9.990e-29
 172.630486      2.409  35.914386    16.6557    6.53023      2.389    27.5252    19.8638 -9.990e-29
 172.630492      2.456  35.914626    16.6557    6.53149      2.435    27.5254    19.8639 -9.990e-29
 172.630498      2.527  35.914745    16.6557    6.52636      2.506    27.5254    19.8640 -9.990e-29
 172.630503      2.630  35.914878    16.6553    6.50132      2.608    27.5258    19.8643 -9.990e-29
 172.630509      2.771  35.915182    16.6549    6.49189      2.748    27.5263    19.8648 0.0000e+00
 172.630515      2.955  35.915476    16.6549    6.51436      2.930    27.5265    19.8650 0.0000e+00
 172.630521      3.181  35.915570    16.6550    6.54316      3.154    27.5264    19.8649 0.0000e+00
 172.630527      3.451  35.916126    16.6550    6.58961      3.422    27.5268    19.8652 0.0000e+00
 172.630532      3.768  35.918980    16.6548    6.61456      3.737    27.5293    19.8672 0.0000e+00
 172.630538      4.124  35.927354    16.6552    6.55797      4.090    27.5360    19.8722 0.0000e+00
 172.630544      4.502  35.947343    16.6583    6.42043      4.464    27.5507    19.8828 0.0000e+00
 172.630550      4.901  35.993799    16.6623    6.23554      4.860    27.5874    19.9100 0.0000e+00
 172.630556      5.329  36.083788    16.6475    6.06758      5.284    27.6739    19.9796 0.0000e+00
 172.630561      5.788  36.217298    16.5751    5.96726      5.740    27.8376    20.1209 0.0000e+00
 172.630567      6.269  36.369368    16.4161    5.94563      6.217    28.0784    20.3405 0.0000e+00
 172.630573      6.763  36.510064    16.1571    5.96868      6.706    28.3823    20.6303 0.0000e+00
 172.630579      7.268  36.668279    15.8046    6.02762      7.207    28.7728    21.0065 0.0000e+00
 172.630584      7.782  36.900168    15.4294    6.12301      7.717    29.2513    21.4545 0.0000e+00
 172.630590      8.303  37.155436    15.1369    6.21084      8.234    29.6962    21.8586 0.0000e+00
 172.630596      8.831  37.354931    14.9730    6.30922      8.757    29.9986    22.1257 0.0000e+00
 172.630602      9.364  37.498756    14.9038    6.38207      9.286    30.1802    22.2800 0.0000e+00
 172.630608      9.904  37.590739    14.8768    6.40631      9.821    30.2833    22.3650 0.0000e+00
 172.630613     10.444  37.637395    14.8625    6.43979     10.357    30.3360    22.4086 0.0000e+00
 172.630619     10.978  37.661645    14.8468    6.39140     10.886    30.3697    22.4379 0.0000e+00
 172.630625     11.500  37.672243    14.8227    6.32604     11.404    30.3978    22.4646 0.0000e+00
 172.630631     12.010  37.674317    14.7889    6.29454     11.909    30.4259    22.4933 0.0000e+00
 172.630637     12.510  37.672289    14.7445    6.27390     12.405    30.4586    22.5278 0.0000e+00
 172.630642     13.006  37.665106    14.6838    6.27060     12.897    30.4994    22.5719 0.0000e+00
 172.630648     13.496  37.647084    14.6027    6.26783     13.383    30.5466    22.6252 0.0000e+00
 172.630654     13.973  37.613787    14.5210    6.30257     13.856    30.5807    22.6684 0.0000e+00
 172.630660     14.436  37.579105    14.4670    6.33830     14.315    30.5917    22.6881 0.0000e+00
 172.630666     14.891  37.565728    14.4344    6.37763     14.766    30.6052    22.7052 0.0000e+00
 172.630671     15.343  37.579330    14.4146    6.43954     15.214    30.6330    22.7307 0.0000e+00
 172.630677     15.806  37.644743    14.4146    6.47971     15.673    30.6921    22.7763 0.0000e+00
 172.630683     16.286  37.768402    14.4082    6.54825     16.149    30.8091    22.8678 0.0000e+00
 172.630689     16.781  37.870087    14.3566    6.66299     16.640    30.9424    22.9812 0.0000e+00
 172.630694     17.279  37.888513    14.2557    6.81510     17.134    31.0399    23.0771 0.0000e+00
 172.630700     17.774  37.843179    14.1284    6.93582     17.625    31.1007    23.1501 0.0000e+00
 172.630706     18.262  37.776232    13.9761    7.00079     18.109    31.1623    23.2287 0.0000e+00
 172.630712     18.746  37.688650    13.7900    6.87378     18.589    31.2326    23.3206 0.0000e+00
 172.630718     19.229  37.564552    13.5938    6.61543     19.068    31.2778    23.3948 0.0000e+00
 172.630723     19.713  37.433019    13.4061    6.26298     19.548    31.3093    23.4564 0.0000e+00
 172.630729     20.195  37.311523    13.2237    5.84172     20.025    31.3459    23.5206 0.0000e+00
 172.630735     20.670  37.198949    12.9837    5.43544     20.496    31.4386    23.6392 0.0000e+00
 172.630741     21.136  37.067387    12.5817    5.04630     20.959    31.6499    23.8799 0.0000e+00
 172.630747     21.591  36.838380    12.0852    4.72846     21.410    31.8512    24.1293 0.0000e+00
 172.630752     22.044  36.548572    11.6930    4.54282     21.859    31.9068    24.2446 0.0000e+00
 172.630758     22.493  36.336278    11.4747    4.43182     22.304    31.8879    24.2694 0.0000e+00
 172.630764     22.924  36.231736    11.3577    4.35402     22.731    31.8865    24.2893 0.0000e+00
 172.630770     23.339  36.174516    11.2255    4.28432     23.143    31.9446    24.3580 0.0000e+00
 172.630775     23.756  36.100607    11.0374    4.18812     23.556    32.0353    24.4617 0.0000e+00
 172.630781     24.184  35.997775    10.8576    4.11223     23.981    32.0906    24.5361 0.0000e+00
 172.630787     24.620  35.903233    10.7293    4.06411     24.413    32.1091    24.5727 0.0000e+00
 172.630793     25.059  35.832145    10.6398    4.04632     24.848    32.1168    24.5942 0.0000e+00
 172.630799     25.497  35.778808    10.5470    4.04714     25.283    32.1452    24.6322 0.0000e+00
 172.630804     25.938  35.723080    10.4185    4.03133     25.720    32.2028    24.6989 0.0000e+00
 172.630810     26.384  35.648929    10.2858    4.01522     26.162    32.2459    24.7549 0.0000e+00
 172.630816     26.837  35.585832    10.1899    3.99572     26.611    32.2674    24.7878 0.0000e+00
 172.630822     27.297  35.555566    10.1238    3.96980     27.067    32.2956    24.8208 0.0000e+00
 172.630828     27.758  35.537349    10.0640    3.92607     27.524    32.3304    24.8579 0.0000e+00
 172.630833     28.219  35.513018     9.9909    3.88471     27.982    32.3710    24.9017 0.0000e+00
 172.630839     28.686  35.470280     9.8964    3.84794     28.445    32.4123    24.9495 0.0000e+00
 172.630845     29.161  35.403134     9.7896    3.81649     28.916    32.4399    24.9886 0.0000e+00
 172.630851     29.649  35.330774     9.6789    3.79903     29.399    32.4657    25.0268 0.0000e+00
 172.630856     30.152  35.269358     9.5641    3.79419     29.898    32.5065    25.0773 0.0000e+00
 172.630862     30.667  35.207588     9.4560    3.79814     30.409    32.5410    25.1216 0.0000e+00
 172.630868     31.188  35.144346     9.3782    3.81655     30.925    32.5465    25.1384 0.0000e+00
 172.630874     31.706  35.102896     9.3389    3.84730     31.439    32.5394    25.1390 0.0000e+00
 172.630880     32.220  35.095754     9.3270    3.86502     31.949    32.5426    25.1435 0.0000e+00
 172.630885     32.737  35.117283     9.3295    3.86924     32.461    32.5623    25.1585 0.0000e+00
 172.630891     33.260  35.156919     9.3411    3.86502     32.980    32.5923    25.1801 0.0000e+00
 172.630897     33.783  35.208066     9.3618    3.86150     33.498    32.6259    25.2031 0.0000e+00
 172.630903     34.302  35.273870     9.3822    3.86236     34.013    32.6748    25.2380 0.0000e+00
 172.630909     34.819  35.347866     9.3814    3.83705     34.525    32.7514    25.2981 0.0000e+00
 172.630914     35.337  35.400320     9.3520    3.81847     35.039    32.8322    25.3659 0.0000e+00
 172.630920     35.861  35.413138     9.3089    3.79533     35.559    32.8848    25.4140 0.0000e+00
 172.630926     36.392  35.401144     9.2652    3.75525     36.085    32.9124    25.4425 0.0000e+00
 172.630932     36.931  35.383633     9.2212    3.71745     36.619    32.9347    25.4669 0.0000e+00
 172.630937     37.477  35.365254     9.1710    3.65606     37.161    32.9618    25.4961 0.0000e+00
 172.630943     38.028  35.345012     9.1099    3.57198     37.707    32.9971    25.5333 0.0000e+00
 172.630949     38.575  35.323917     9.0404    3.49818     38.249    33.0394    25.5774 0.0000e+00
 172.630955     39.114  35.303522     8.9735    3.41529     38.784    33.0801    25.6198 0.0000e+00
 172.630961     39.651  35.285747     8.9167    3.33252     39.316    33.1143    25.6554 0.0000e+00
 172.630966     40.185  35.272082     8.8651    3.24763     39.846    33.1479    25.6897 0.0000e+00
 172.630972     40.711  35.261652     8.8178    3.17817     40.367    33.1810    25.7230 0.0000e+00
 172.630978     41.234  35.255651     8.7839    3.12121     40.886    33.2063    25.7480 0.0000e+00
 172.630984     41.755  35.255013     8.7655    3.08541     41.402    33.2226    25.7637 0.0000e+00
 172.630990     42.271  35.256053     8.7571    3.07273     41.914    33.2313    25.7718 0.0000e+00
 172.630995     42.772  35.257323     8.7538    3.06755     42.411    33.2355    25.7756 0.0000e+00
 172.631001     43.255  35.258807     8.7523    3.07604     42.889    33.2383    25.7780 0.0000e+00
 172.631007     43.729  35.259092     8.7518    3.07705     43.359    33.2388    25.7785 0.0000e+00
 172.631013     44.203  35.258536     8.7517    3.07968     43.829    33.2381    25.7780 0.0000e+00
 172.631019     44.681  35.258055     8.7512    3.08938     44.303    33.2379    25.7779 0.0000e+00
 172.631024     45.169  35.257541     8.7500    3.08923     44.787    33.2382    25.7784 0.0000e+00
 172.631030     45.668  35.256845     8.7478    3.08998     45.282    33.2393    25.7796 0.0000e+00
 172.631036     46.175  35.256137     8.7442    3.08436     45.785    33.2417    25.7820 0.0000e+00
 172.631042     46.683  35.255008     8.7399    3.07931     46.288    33.2444    25.7847 0.0000e+00
 172.631047     47.188  35.253047     8.7358    3.06428     46.789    33.2459    25.7866 0.0000e+00
