data/oxygen options/ONMS/Olympic_Coast_National_Marine_Sanctuary_Hypoxia_Survey_CTD_Data_2004_2015/raw_data/2005/CTD_TH35_070705faed.cnv
* Sea-Bird SBE19 Data File:
* FileName = C:\Hypoxia Data\TH35_070705.hex
* Software Version 1.1.6
* Temperature SN = 2997
* Conductivity SN = 2997
* System UpLoad Time = Jul 07 2005 09:56:34
* SEACAT PROFILER V3.1c SN 2997   07/07/05  09:55:42.488
* strain gauge pressure sensor: S/N = 184829,  range = 3000 psia,  tc = 40
# nquan = 9                                 
# nvalues = 870                         
# units = specified
# name 0 = timeJ: Julian Days
# name 1 = prSM: Pressure, Strain Gauge [db]
# name 2 = c0mS/cm: Conductivity [mS/cm]
# name 3 = t090C: Temperature [ITS-90, deg C]
# name 4 = oxML/L: Oxygen, Beckman/YSI [ml/l]
# name 5 = depSM: Depth [salt water, m], lat = 47.5
# name 6 = sal00: Salinity, Practical [PSU]
# name 7 = sigma-é00: Density [sigma-theta, kg/m^3]
# name 8 = flag: flag
# span 0 = 188.395891, 188.400920       
# span 1 =     -3.791,     35.566       
# span 2 =   0.796005,  38.973130       
# span 3 =     8.9638,    15.8341       
# span 4 =   -0.11346,   23.38564       
# span 5 =     -3.759,     35.266       
# span 6 =     0.4795,    32.9251       
# span 7 =    -0.6534,    25.4975       
# span 8 = 0.0000e+00, 0.0000e+00       
# interval = seconds: 0.5
# start_time = Jul 07 2005 09:30:05 [Instrument's time stamp, header]
# bad_flag = -9.990e-29
*END*
[from data line 161]
 188.396823      3.402  38.288813    13.9281   10.76483      3.374    31.6784    23.6363 -9.990e-29
 188.396829      3.413  38.292012    13.9292   10.73927      3.384    31.6804    23.6377 -9.990e-29
 188.396834      3.452  38.292215    13.9271   10.76240      3.423    31.6823    23.6396 -9.990e-29
 188.396840      3.509  38.290817    13.9223   10.78094      3.480    31.6850    23.6426 -9.990e-29
 188.396846      3.562  38.287074    13.9173   10.82249      3.532    31.6856    23.6441 -9.990e-29
 188.396852      3.594  38.282725    13.9155   10.81731      3.564    31.6831    23.6425 -9.990e-29
 188.396858      3.598  38.281506    13.9171   10.80280      3.568    31.6806    23.6403 -9.990e-29
 188.396863      3.582  38.283471    13.9195   10.76903      3.552    31.6805    23.6397 -9.990e-29
 188.396869      3.562  38.285634    13.9194   10.77993      3.532    31.6826    23.6413 -9.990e-29
 188.396875      3.551  38.285275    13.9172   10.79712      3.521    31.6841    23.6429 -9.990e-29
 188.396881      3.551  38.283041    13.9153   10.80351      3.521    31.6836    23.6429 -9.990e-29
 188.396887      3.559  38.281000    13.9148   10.81034      3.529    31.6821    23.6419 -9.990e-29
 188.396892      3.566  38.280359    13.9155   10.75870      3.536    31.6809    23.6408 -9.990e-29
 188.396898      3.573  38.281384    13.9164   10.74308      3.543    31.6811    23.6408 -9.990e-29
 188.396904      3.588  38.282638    13.9162   10.75865      3.558    31.6824    23.6419 -9.990e-29
 188.396910      3.618  38.282432    13.9143   10.78382      3.588    31.6838    23.6433 -9.990e-29
 188.396916      3.655  38.280492    13.9125   10.80055      3.624    31.6835    23.6434 -9.990e-29
 188.396921      3.684  38.278720    13.9131   10.77700      3.653    31.6813    23.6417 -9.990e-29
 188.396927      3.700  38.279238    13.9155   10.76804      3.669    31.6798    23.6400 -9.990e-29
 188.396933      3.707  38.281617    13.9179   10.73008      3.676    31.6800    23.6397 -9.990e-29
 188.396939      3.714  38.283982    13.9186   10.70663      3.683    31.6816    23.6408 -9.990e-29
 188.396944      3.726  38.284442    13.9176   10.71779      3.695    31.6829    23.6419 -9.990e-29
 188.396950      3.744  38.283053    13.9167   10.73996      3.713    31.6823    23.6417 -9.990e-29
 188.396956      3.764  38.281889    13.9167   10.76945      3.733    31.6813    23.6409 -9.990e-29
 188.396962      3.780  38.281640    13.9174   10.76282      3.748    31.6805    23.6401 -9.990e-29
 188.396968      3.788  38.281975    13.9183   10.75562      3.756    31.6800    23.6396 -9.990e-29
 188.396973      3.793  38.282781    13.9186   10.74667      3.761    31.6805    23.6399 -9.990e-29
 188.396979      3.803  38.283451    13.9180   10.71319      3.771    31.6816    23.6409 -9.990e-29
 188.396985      3.819  38.283201    13.9172   10.71159      3.787    31.6820    23.6414 -9.990e-29
 188.396991      3.835  38.282259    13.9172   10.71033      3.803    31.6812    23.6407 -9.990e-29
 188.396997      3.842  38.282172    13.9180   10.72335      3.810    31.6804    23.6400 -9.990e-29
 188.397002      3.836  38.283385    13.9192   10.71517      3.804    31.6806    23.6398 -9.990e-29
 188.397008      3.825  38.284714    13.9205   10.71691      3.793    31.6807    23.6397 -9.990e-29
 188.397014      3.823  38.285688    13.9210   10.75223      3.791    31.6812    23.6399 -9.990e-29
 188.397020      3.832  38.285928    13.9205   10.74602      3.800    31.6818    23.6405 -9.990e-29
 188.397025      3.854  38.285195    13.9197   10.74174      3.822    31.6818    23.6407 -9.990e-29
 188.397031      3.881  38.284194    13.9189   10.72708      3.849    31.6815    23.6406 -9.990e-29
 188.397037      3.899  38.283272    13.9182   10.73225      3.866    31.6813    23.6406 -9.990e-29
 188.397043      3.902  38.282883    13.9186   10.72294      3.869    31.6806    23.6399 -9.990e-29
 188.397049      3.902  38.283631    13.9204   10.70074      3.869    31.6798    23.6390 -9.990e-29
 188.397054      3.906  38.285393    13.9225   10.70852      3.873    31.6797    23.6385 -9.990e-29
 188.397060      3.918  38.287157    13.9228   10.70209      3.885    31.6810    23.6395 -9.990e-29
 188.397066      3.935  38.287352    13.9208   10.74529      3.902    31.6829    23.6413 -9.990e-29
 188.397072      3.950  38.285676    13.9187   10.75935      3.917    31.6830    23.6418 -9.990e-29
 188.397078      3.955  38.283823    13.9190   10.73185      3.922    31.6811    23.6403 -9.990e-29
 188.397083      3.946  38.283810    13.9221   10.71649      3.913    31.6785    23.6377 -9.990e-29
 188.397089      3.927  38.286180    13.9258   10.71473      3.894    31.6777    23.6362 -9.990e-29
 188.397095      3.909  38.289046    13.9269   10.74635      3.876    31.6794    23.6374 -9.990e-29
 188.397101      3.904  38.289502    13.9249   10.74402      3.871    31.6815    23.6394 -9.990e-29
 188.397106      3.917  38.287601    13.9222   10.73636      3.884    31.6819    23.6403 -9.990e-29
 188.397112      3.942  38.285857    13.9207   10.71847      3.909    31.6816    23.6403 -9.990e-29
 188.397118      3.971  38.285308    13.9195   10.72369      3.938    31.6820    23.6409 -9.990e-29
 188.397124      3.995  38.284663    13.9171   10.75363      3.962    31.6834    23.6424 -9.990e-29
 188.397130      4.016  38.282499    13.9145   10.74760      3.982    31.6835    23.6431 -9.990e-29
 188.397135      4.031  38.280420    13.9146   10.75908      3.997    31.6815    23.6415 -9.990e-29
 188.397141      4.037  38.281263    13.9180   10.71080      4.003    31.6795    23.6393 -9.990e-29
 188.397147      4.039  38.285029    13.9221   10.69686      4.005    31.6796    23.6385 -9.990e-29
 188.397153      4.044  38.288891    13.9238   10.68893      4.010    31.6818    23.6398 -9.990e-29
 188.397159      4.059  38.290149    13.9223   10.68968      4.025    31.6841    23.6420 -9.990e-29
 188.397164      4.084  38.288239    13.9195   10.70656      4.050    31.6847    23.6429 -9.990e-29
 188.397170      4.111  38.285105    13.9184   10.71556      4.077    31.6827    23.6416 -9.990e-29
 188.397176      4.130  38.283856    13.9196   10.74955      4.095    31.6805    23.6397 -9.990e-29
 188.397182      4.142  38.285071    13.9217   10.73015      4.107    31.6799    23.6388 -9.990e-29
 188.397188      4.152  38.287007    13.9232   10.73436      4.117    31.6805    23.6389 -9.990e-29
 188.397193      4.161  38.288322    13.9236   10.71217      4.126    31.6814    23.6395 -9.990e-29
 188.397199      4.164  38.288528    13.9240   10.70440      4.129    31.6812    23.6394 -9.990e-29
 188.397205      4.159  38.288461    13.9253   10.71073      4.124    31.6801    23.6382 -9.990e-29
 188.397211      4.148  38.289152    13.9270   10.70865      4.113    31.6793    23.6373 -9.990e-29
 188.397216      4.136  38.290405    13.9284   10.74553      4.101    31.6793    23.6370 -9.990e-29
 188.397222      4.125  38.291649    13.9284   10.74148      4.091    31.6805    23.6379 -9.990e-29
 188.397228      4.125  38.291739    13.9261   10.74868      4.091    31.6825    23.6399 -9.990e-29
 188.397234      4.138  38.289677    13.9225   10.75573      4.103    31.6835    23.6414 -9.990e-29
 188.397240      4.162  38.286641    13.9202   10.72391      4.127    31.6826    23.6412 -9.990e-29
 188.397245      4.185  38.284754    13.9198   10.71294      4.150    31.6812    23.6402 -9.990e-29
 188.397251      4.200  38.284301    13.9199   10.71419      4.165    31.6807    23.6398 -9.990e-29
 188.397257      4.208  38.284119    13.9198   10.73638      4.173    31.6806    23.6397 -9.990e-29
 188.397263      4.210  38.283967    13.9205   10.74443      4.175    31.6799    23.6390 -9.990e-29
 188.397269      4.205  38.284765    13.9227   10.72738      4.170    31.6788    23.6378 -9.990e-29
 188.397274      4.194  38.287018    13.9255   10.70075      4.159    31.6786    23.6370 -9.990e-29
 188.397280      4.185  38.289805    13.9278   10.67702      4.150    31.6792    23.6371 -9.990e-29
 188.397286      4.188  38.291796    13.9293   10.67133      4.153    31.6798    23.6372 -9.990e-29
 188.397292      4.210  38.292844    13.9294   10.66788      4.175    31.6807    23.6379 -9.990e-29
 188.397297      4.247  38.292668    13.9273   10.69784      4.212    31.6823    23.6395 -9.990e-29
 188.397303      4.289  38.290473    13.9238   10.71561      4.253    31.6831    23.6409 -9.990e-29
 188.397309      4.321  38.287070    13.9205   10.73595      4.285    31.6827    23.6412 -9.990e-29
 188.397315      4.332  38.284090    13.9194   10.71039      4.296    31.6808    23.6400 -9.990e-29
 188.397321      4.324  38.283541    13.9212   10.69061      4.288    31.6789    23.6381 -9.990e-29
 188.397326      4.312  38.285811    13.9237   10.69120      4.276    31.6789    23.6376 -9.990e-29
 188.397332      4.313  38.288134    13.9240   10.68202      4.277    31.6808    23.6390 -9.990e-29
 188.397338      4.324  38.288001    13.9213   10.71958      4.288    31.6829    23.6412 -9.990e-29
 188.397344      4.331  38.285235    13.9194   10.71119      4.295    31.6819    23.6408 -9.990e-29
 188.397350      4.326  38.283435    13.9215   10.71977      4.290    31.6785    23.6378 -9.990e-29
 188.397355      4.310  38.285809    13.9250   10.70056      4.274    31.6778    23.6365 -9.990e-29
 188.397361      4.298  38.289353    13.9256   10.68268      4.262    31.6806    23.6386 -9.990e-29
 188.397367      4.303  38.289822    13.9223   10.69922      4.267    31.6838    23.6417 -9.990e-29
 188.397373      4.316  38.286720    13.9183   10.70110      4.280    31.6842    23.6428 -9.990e-29
 188.397378      4.326  38.283202    13.9180   10.70612      4.290    31.6812    23.6406 -9.990e-29
 188.397384      4.327  38.283547    13.9212   10.70003      4.291    31.6789    23.6381 -9.990e-29
 188.397390      4.326  38.287094    13.9243   10.72663      4.290    31.6796    23.6380 -9.990e-29
 188.397396      4.331  38.289597    13.9248   10.72000      4.295    31.6815    23.6394 -9.990e-29
 188.397402      4.345  38.289347    13.9232   10.72344      4.309    31.6826    23.6406 -9.990e-29
 188.397407      4.366  38.287696    13.9215   10.72965      4.330    31.6824    23.6408 -9.990e-29
 188.397413      4.387  38.286368    13.9207   10.73613      4.350    31.6819    23.6405 -9.990e-29
 188.397419      4.404  38.285832    13.9206   10.74286      4.367    31.6814    23.6402 -9.990e-29
 188.397425      4.414  38.285934    13.9209   10.73077      4.377    31.6813    23.6400 -9.990e-29
 188.397431      4.414  38.286249    13.9213   10.74150      4.377    31.6812    23.6399 -9.990e-29
 188.397436      4.407  38.286638    13.9222   10.73442      4.370    31.6809    23.6395 -9.990e-29
 188.397442      4.399  38.287618    13.9246   10.73997      4.362    31.6798    23.6381 -9.990e-29
 188.397448      4.388  38.289934    13.9276   10.72674      4.351    31.6795    23.6373 -9.990e-29
 188.397454      4.378  38.292750    13.9292   10.72122      4.341    31.6807    23.6379 -9.990e-29
 188.397459      4.376  38.294213    13.9292   10.71934      4.339    31.6821    23.6390 -9.990e-29
 188.397465      4.387  38.294030    13.9281   10.73664      4.350    31.6828    23.6398 -9.990e-29
 188.397471      4.412  38.292519    13.9257   10.74751      4.375    31.6834    23.6407 -9.990e-29
 188.397477      4.448  38.289909    13.9227   10.72613      4.411    31.6834    23.6414 -9.990e-29
 188.397483      4.484  38.287204    13.9210   10.71867      4.447    31.6823    23.6408 -9.990e-29
 188.397488      4.510  38.285844    13.9206   10.72794      4.472    31.6814    23.6402 -9.990e-29
 188.397494      4.523  38.285698    13.9195   10.75807      4.485    31.6822    23.6410 -9.990e-29
 188.397500      4.528  38.284888    13.9169   10.77120      4.490    31.6836    23.6426 -9.990e-29
 188.397506      4.530  38.282333    13.9155   10.76793      4.492    31.6824    23.6420 -9.990e-29
 188.397512      4.525  38.280797    13.9173   10.79184      4.487    31.6795    23.6394 -9.990e-29
 188.397517      4.513  38.282716    13.9203   10.80322      4.475    31.6788    23.6382 -9.990e-29
 188.397523      4.501  38.285601    13.9227   10.76112      4.463    31.6795    23.6383 -9.990e-29
 188.397529      4.496  38.287692    13.9242   10.76055      4.458    31.6801    23.6385 -9.990e-29
 188.397535      4.508  38.288972    13.9242   10.76897      4.470    31.6813    23.6394 -9.990e-29
 188.397541      4.533  38.288906    13.9232   10.77420      4.495    31.6821    23.6402 -9.990e-29
 188.397546      4.555  38.287967    13.9223   10.76983      4.517    31.6819    23.6403 -9.990e-29
 188.397552      4.567  38.287144    13.9223   10.75040      4.529    31.6812    23.6397 -9.990e-29
 188.397558      4.569  38.287020    13.9229   10.77671      4.531    31.6806    23.6391 -9.990e-29
 188.397564      4.567  38.287432    13.9231   10.78057      4.529    31.6808    23.6392 -9.990e-29
 188.397569      4.569  38.287246    13.9226   10.77364      4.531    31.6810    23.6395 -9.990e-29
 188.397575      4.575  38.286216    13.9222   10.75915      4.537    31.6804    23.6391 -9.990e-29
 188.397581      4.576  38.285772    13.9227   10.75367      4.538    31.6796    23.6384 -9.990e-29
 188.397587      4.569  38.286441    13.9235   10.78498      4.531    31.6795    23.6382 -9.990e-29
 188.397593      4.557  38.287433    13.9235   10.79021      4.519    31.6805    23.6389 -9.990e-29
 188.397598      4.548  38.287829    13.9231   10.80012      4.510    31.6812    23.6395 -9.990e-29
 188.397604      4.541  38.287596    13.9242   10.77626      4.503    31.6800    23.6384 -9.990e-29
 188.397610      4.532  38.288105    13.9269   10.79747      4.494    31.6783    23.6365 -9.990e-29
 188.397616      4.528  38.290035    13.9292   10.81019      4.490    31.6782    23.6360 -9.990e-29
 188.397622      4.539  38.292032    13.9295   10.81219      4.501    31.6798    23.6371 -9.990e-29
 188.397627      4.560  38.292276    13.9281   10.81874      4.522    31.6811    23.6385 -9.990e-29
 188.397633      4.589  38.291092    13.9269   10.79724      4.551    31.6810    23.6386 -9.990e-29
 188.397639      4.622  38.290264    13.9268   10.81135      4.583    31.6803    23.6381 -9.990e-29
 188.397645      4.651  38.290370    13.9272   10.80885      4.612    31.6801    23.6378 -9.990e-29
 188.397650      4.662  38.290989    13.9280   10.81454      4.623    31.6800    23.6376 -9.990e-29
 188.397656      4.658  38.291823    13.9291   10.81708      4.619    31.6799    23.6373 -9.990e-29
 188.397662      4.646  38.292863    13.9301   10.80373      4.607    31.6800    23.6372 -9.990e-29
 188.397668      4.630  38.293814    13.9303   10.80191      4.591    31.6807    23.6377 -9.990e-29
 188.397674      4.613  38.294261    13.9296   10.78844      4.574    31.6817    23.6386 -9.990e-29
 188.397679      4.598  38.294241    13.9287   10.74698      4.560    31.6824    23.6394 -9.990e-29
 188.397685      4.585  38.293728    13.9284   10.76349      4.547    31.6822    23.6392 -9.990e-29
 188.397691      4.576  38.293158    13.9285   10.76023      4.538    31.6816    23.6388 -9.990e-29
 188.397697      4.576  38.292892    13.9280   10.76226      4.538    31.6818    23.6390 -9.990e-29
 188.397703      4.585  38.292016    13.9268   10.77001      4.547    31.6820    23.6394 -9.990e-29
 188.397708      4.607  38.290484    13.9252   10.76667      4.568    31.6819    23.6396 -9.990e-29
 188.397714      4.644  38.289056    13.9234   10.77905      4.605    31.6820    23.6401 -9.990e-29
 188.397720      4.685  38.287511    13.9213   10.77094      4.646    31.6823    23.6408 -9.990e-29
 188.397726      4.724  38.285471    13.9188   10.79103      4.685    31.6825    23.6414 -9.990e-29
 188.397731      4.760  38.283578    13.9176   10.76677      4.720    31.6817    23.6410 -9.990e-29
 188.397737      4.782  38.283235    13.9184   10.75335      4.742    31.6807    23.6401 -9.990e-29
