data/oxygen options/ONMS/Olympic_Coast_National_Marine_Sanctuary_Hypoxia_Survey_CTD_Data_2004_2015/raw_data/2005/CTD_TH50_081505faed.cnv
* Sea-Bird SBE19 Data File:
* FileName = C:\Hypoxia Data\TH50_081505.hex
* Software Version 1.1.6
* Temperature SN = 2997
* Conductivity SN = 2997
* System UpLoad Time = Aug 15 2005 18:30:28
* SEACAT PROFILER V3.1c SN 2997   08/15/05  18:29:35.985
* strain gauge pressure sensor: S/N = 184829,  range = 3000 psia,  tc = 40
# nquan = 9                                 
# nvalues = 624                         
# units = specified
# name 0 = timeJ: Julian Days
# name 1 = prSM: Pressure, Strain Gauge [db]
# name 2 = c0mS/cm: Conductivity [mS/cm]
# name 3 = t090C: Temperature [ITS-90, deg C]
# name 4 = oxML/L: Oxygen, Beckman/YSI [ml/l]
# name 5 = depSM: Depth [salt water, m], lat = 47.5
# name 6 = sal00: Salinity, Practical [PSU]
# name 7 = sigma-é00: Density [sigma-theta, kg/m^3]
# name 8 = flag: flag
# span 0 = 227.724387, 227.727992       
# span 1 =     -0.450,     52.673       
# span 2 =   1.513525,  36.981852       
# span 3 =     7.4070,    12.6388       
# span 4 =  -13.26474,   29.30894       
# span 5 =     -0.446,     52.227       
# span 6 =     1.0384,    33.7796       
# span 7 =     0.3318,    26.4015       
# span 8 = 0.0000e+00, 0.0000e+00       
# interval = seconds: 0.5
# start_time = Aug 15 2005 17:23:07 [Instrument's time stamp, header]
# bad_flag = -9.990e-29
*END*
[from data line 321]
 227.726244      4.793  36.699434    11.9794    6.84021      4.753    31.8145    24.1200 -9.990e-29
 227.726250      4.782  36.704894    11.9849    6.83625      4.742    31.8151    24.1195 -9.990e-29
 227.726256      4.775  36.707226    11.9892    6.82587      4.735    31.8137    24.1176 -9.990e-29
 227.726262      4.772  36.708422    11.9925    6.83005      4.732    31.8120    24.1157 -9.990e-29
 227.726267      4.772  36.708957    11.9942    6.83173      4.732    31.8111    24.1146 -9.990e-29
 227.726273      4.777  36.708984    11.9957    6.81652      4.737    31.8098    24.1134 -9.990e-29
 227.726279      4.782  36.709663    11.9977    6.80271      4.742    31.8087    24.1122 -9.990e-29
 227.726285      4.783  36.710780    11.9989    6.79628      4.743    31.8088    24.1120 -9.990e-29
 227.726291      4.784  36.711582    11.9957    6.80560      4.744    31.8123    24.1153 -9.990e-29
 227.726296      4.789  36.709776    11.9843    6.81723      4.749    31.8203    24.1236 -9.990e-29
 227.726302      4.796  36.702954    11.9683    6.81376      4.756    31.8274    24.1321 -9.990e-29
 227.726308      4.799  36.693799    11.9601    6.79865      4.759    31.8255    24.1322 -9.990e-29
 227.726314      4.799  36.689726    11.9678    6.79881      4.759    31.8150    24.1226 -9.990e-29
 227.726319      4.797  36.695397    11.9831    6.81881      4.757    31.8074    24.1139 -9.990e-29
 227.726325      4.796  36.704354    11.9889    6.83452      4.756    31.8111    24.1157 -9.990e-29
 227.726331      4.800  36.706115    11.9807    6.83664      4.760    31.8198    24.1239 -9.990e-29
 227.726337      4.805  36.700790    11.9764    6.83737      4.765    31.8184    24.1236 -9.990e-29
 227.726343      4.803  36.700344    11.9887    6.83064      4.763    31.8074    24.1128 -9.990e-29
 227.726348      4.795  36.709229    12.0056    6.81867      4.755    31.8016    24.1052 -9.990e-29
 227.726354      4.788  36.717981    12.0126    6.78319      4.748    31.8041    24.1058 -9.990e-29
 227.726360      4.785  36.720332    12.0070    6.76066      4.745    31.8111    24.1123 -9.990e-29
 227.726366      4.788  36.717180    11.9938    6.76953      4.748    31.8193    24.1211 -9.990e-29
 227.726372      4.795  36.711054    11.9751    6.78440      4.755    31.8294    24.1324 -9.990e-29
 227.726377      4.808  36.701074    11.9490    6.80702      4.768    31.8420    24.1470 -9.990e-29
 227.726383      4.822  36.685708    11.9286    6.80486      4.782    31.8446    24.1528 -9.990e-29
 227.726389      4.831  36.673625    11.9319    6.79953      4.791    31.8301    24.1409 -9.990e-29
 227.726395      4.831  36.676185    11.9546    6.80173      4.791    31.8132    24.1236 -9.990e-29
 227.726400      4.825  36.690629    11.9748    6.81191      4.785    31.8099    24.1173 -9.990e-29
 227.726406      4.822  36.702573    11.9786    6.82237      4.782    31.8182    24.1231 -9.990e-29
 227.726412      4.822  36.703839    11.9730    6.82116      4.782    31.8242    24.1287 -9.990e-29
 227.726418      4.817  36.699487    11.9712    6.82491      4.777    31.8215    24.1270 -9.990e-29
 227.726424      4.805  36.697732    11.9760    6.81820      4.765    31.8157    24.1216 -9.990e-29
 227.726429      4.795  36.700720    11.9819    6.82001      4.755    31.8136    24.1189 -9.990e-29
 227.726435      4.790  36.704583    11.9837    6.81411      4.750    31.8158    24.1203 -9.990e-29
 227.726441      4.790  36.705506    11.9806    6.80408      4.750    31.8193    24.1236 -9.990e-29
 227.726447      4.796  36.703601    11.9760    6.80255      4.756    31.8214    24.1260 -9.990e-29
 227.726453      4.802  36.700813    11.9739    6.80078      4.762    31.8205    24.1257 -9.990e-29
 227.726458      4.806  36.699594    11.9749    6.80225      4.766    31.8185    24.1240 -9.990e-29
 227.726464      4.811  36.700561    11.9761    6.81264      4.771    31.8184    24.1237 -9.990e-29
 227.726470      4.823  36.701640    11.9738    6.80436      4.783    31.8214    24.1264 -9.990e-29
 227.726476      4.842  36.700347    11.9676    6.79821      4.802    31.8254    24.1307 -9.990e-29
 227.726481      4.865  36.695518    11.9632    6.80442      4.824    31.8245    24.1308 -9.990e-29
 227.726487      4.885  36.691931    11.9655    6.81002      4.844    31.8191    24.1262 -9.990e-29
 227.726493      4.899  36.693775    11.9720    6.80712      4.858    31.8153    24.1220 -9.990e-29
 227.726499      4.908  36.697527    11.9785    6.80262      4.867    31.8134    24.1193 -9.990e-29
 227.726505      4.913  36.700339    11.9827    6.79732      4.872    31.8125    24.1179 -9.990e-29
 227.726510      4.913  36.702223    11.9832    6.81840      4.872    31.8139    24.1189 -9.990e-29
 227.726516      4.914  36.702327    11.9788    6.82746      4.873    31.8177    24.1227 -9.990e-29
 227.726522      4.919  36.699852    11.9722    6.81747      4.878    31.8210    24.1264 -9.990e-29
 227.726528      4.924  36.696543    11.9701    6.79571      4.883    31.8196    24.1257 -9.990e-29
 227.726534      4.926  36.696395    11.9758    6.78785      4.885    31.8146    24.1208 -9.990e-29
 227.726539      4.929  36.700886    11.9827    6.79787      4.888    31.8130    24.1183 -9.990e-29
 227.726545      4.942  36.705347    11.9814    6.81652      4.901    31.8184    24.1227 -9.990e-29
 227.726551      4.964  36.703950    11.9716    6.81505      4.923    31.8254    24.1300 -9.990e-29
 227.726557      4.990  36.697638    11.9638    6.80634      4.948    31.8260    24.1319 -9.990e-29
 227.726563      5.017  36.693690    11.9657    6.82276      4.975    31.8206    24.1273 -9.990e-29
 227.726568      5.047  36.696928    11.9719    6.85343      5.005    31.8184    24.1244 -9.990e-29
 227.726574      5.080  36.702134    11.9733    6.90153      5.038    31.8222    24.1271 -9.990e-29
 227.726580      5.120  36.702789    11.9718    6.91917      5.077    31.8241    24.1289 -9.990e-29
 227.726586      5.169  36.701448    11.9759    6.88205      5.126    31.8193    24.1244 -9.990e-29
 227.726591      5.230  36.703609    11.9878    6.82216      5.186    31.8112    24.1159 -9.990e-29
 227.726597      5.316  36.710468    11.9980    6.75341      5.272    31.8090    24.1124 -9.990e-29
 227.726603      5.448  36.716589    11.9907    6.71825      5.402    31.8211    24.1231 0.0000e+00
 227.726609      5.644  36.713872    11.9558    6.72091      5.597    31.8482    24.1506 0.0000e+00
 227.726615      5.904  36.700380    11.8796    6.69616      5.855    31.9003    24.2050 0.0000e+00
 227.726620      6.214  36.673259    11.7605    6.61295      6.162    31.9762    24.2858 0.0000e+00
 227.726626      6.565  36.632788    11.6227    6.43814      6.510    32.0556    24.3726 0.0000e+00
 227.726632      6.947  36.579938    11.4842    6.17199      6.889    32.1239    24.4507 0.0000e+00
 227.726638      7.356  36.508701    11.3492    5.83150      7.294    32.1715    24.5120 0.0000e+00
 227.726644      7.789  36.425557    11.2134    5.41793      7.724    32.2083    24.5648 0.0000e+00
 227.726649      8.233  36.334567    11.0572    4.95901      8.164    32.2553    24.6290 0.0000e+00
 227.726655      8.684  36.212509    10.8442    4.53882      8.611    32.3218    24.7181 0.0000e+00
 227.726661      9.144  36.016605    10.5680    4.17391      9.067    32.3711    24.8042 0.0000e+00
 227.726667      9.621  35.752507    10.2900    3.91906      9.540    32.3535    24.8378 0.0000e+00
 227.726672     10.124  35.509292    10.0636    3.74683     10.039    32.3101    24.8418 0.0000e+00
 227.726678     10.651  35.343294     9.8784    3.62807     10.562    32.3073    24.8703 0.0000e+00
 227.726684     11.197  35.224862     9.7134    3.55997     11.103    32.3346    24.9185 0.0000e+00
 227.726690     11.758  35.123305     9.5777    3.52324     11.660    32.3528    24.9547 0.0000e+00
 227.726696     12.328  35.045011     9.4795    3.51621     12.225    32.3610    24.9769 0.0000e+00
 227.726701     12.908  34.997676     9.3971    3.51330     12.800    32.3866    25.0101 0.0000e+00
 227.726707     13.501  34.965250     9.3156    3.51628     13.388    32.4269    25.0545 0.0000e+00
 227.726713     14.098  34.935873     9.2497    3.52320     13.980    32.4562    25.0878 0.0000e+00
 227.726719     14.693  34.914082     9.2063    3.52216     14.570    32.4729    25.1078 0.0000e+00
 227.726725     15.288  34.899953     9.1728    3.51376     15.160    32.4886    25.1253 0.0000e+00
 227.726730     15.876  34.888647     9.1377    3.51323     15.743    32.5086    25.1465 0.0000e+00
 227.726736     16.457  34.877970     9.0993    3.50633     16.319    32.5323    25.1711 0.0000e+00
 227.726742     17.033  34.868251     9.0631    3.49994     16.890    32.5551    25.1945 0.0000e+00
 227.726748     17.607  34.859977     9.0327    3.50755     17.459    32.5741    25.2141 0.0000e+00
 227.726753     18.181  34.853874     9.0043    3.50247     18.028    32.5935    25.2338 0.0000e+00
 227.726759     18.758  34.850203     8.9741    3.49583     18.601    32.6171    25.2570 0.0000e+00
 227.726765     19.340  34.847425     8.9457    3.48820     19.178    32.6401    25.2793 0.0000e+00
 227.726771     19.925  34.844070     8.9219    3.48380     19.758    32.6582    25.2972 0.0000e+00
 227.726777     20.509  34.840136     8.8994    3.49834     20.337    32.6745    25.3135 0.0000e+00
 227.726782     21.090  34.836536     8.8751    3.54140     20.913    32.6929    25.3316 0.0000e+00
 227.726788     21.666  34.834627     8.8486    3.61974     21.484    32.7151    25.3531 0.0000e+00
 227.726794     22.231  34.835779     8.8204    3.71211     22.044    32.7421    25.3786 0.0000e+00
 227.726800     22.783  34.839276     8.7919    3.80738     22.592    32.7718    25.4062 0.0000e+00
 227.726806     23.323  34.842486     8.7656    3.90777     23.127    32.7992    25.4318 0.0000e+00
 227.726811     23.855  34.844633     8.7442    3.97942     23.655    32.8211    25.4522 0.0000e+00
 227.726817     24.387  34.846329     8.7262    4.02870     24.182    32.8393    25.4692 0.0000e+00
 227.726823     24.928  34.847583     8.7072    4.05173     24.718    32.8580    25.4868 0.0000e+00
 227.726829     25.482  34.847258     8.6806    4.05972     25.268    32.8821    25.5097 0.0000e+00
 227.726834     26.046  34.843230     8.6394    4.05131     25.827    32.9160    25.5426 0.0000e+00
 227.726840     26.613  34.832923     8.5845    4.02555     26.389    32.9561    25.5823 0.0000e+00
 227.726846     27.180  34.816602     8.5271    3.98997     26.951    32.9923    25.6194 0.0000e+00
 227.726852     27.750  34.799398     8.4828    3.93551     27.517    33.0153    25.6442 0.0000e+00
 227.726858     28.321  34.786387     8.4633    3.89416     28.083    33.0196    25.6505 0.0000e+00
 227.726863     28.890  34.780947     8.4581    3.85943     28.647    33.0185    25.6504 0.0000e+00
 227.726869     29.450  34.780294     8.4395    3.84819     29.202    33.0350    25.6662 0.0000e+00
 227.726875     29.992  34.775144     8.3924    3.90371     29.740    33.0735    25.7034 0.0000e+00
 227.726881     30.513  34.760306     8.3165    4.00016     30.256    33.1290    25.7583 0.0000e+00
 227.726887     31.015  34.735050     8.2206    4.11262     30.754    33.1925    25.8224 0.0000e+00
 227.726892     31.490  34.701005     8.1268    4.17922     31.225    33.2449    25.8774 0.0000e+00
 227.726898     31.934  34.664332     8.0630    4.16501     31.665    33.2662    25.9035 0.0000e+00
 227.726904     32.337  34.637773     8.0568    4.10409     32.065    33.2436    25.8867 0.0000e+00
 227.726910     32.686  34.638022     8.1123    4.03345     32.411    33.1911    25.8373 0.0000e+00
 227.726916     32.983  34.662030     8.1821    4.00319     32.705    33.1504    25.7951 0.0000e+00
 227.726921     33.249  34.685188     8.2057    4.02793     32.969    33.1526    25.7934 0.0000e+00
 227.726927     33.520  34.691298     8.1627    4.07761     33.238    33.1996    25.8366 0.0000e+00
 227.726933     33.816  34.675069     8.0716    4.12665     33.531    33.2686    25.9042 0.0000e+00
 227.726939     34.144  34.638969     7.9678    4.15831     33.856    33.3287    25.9666 0.0000e+00
 227.726944     34.508  34.597633     7.8809    4.17133     34.217    33.3673    26.0095 0.0000e+00
 227.726950     34.905  34.565995     7.8197    4.16730     34.611    33.3917    26.0376 0.0000e+00
 227.726956     35.325  34.547251     7.7752    4.15318     35.027    33.4140    26.0615 0.0000e+00
 227.726962     35.762  34.536571     7.7394    4.13007     35.460    33.4367    26.0845 0.0000e+00
 227.726968     36.205  34.530351     7.7137    4.11150     35.900    33.4544    26.1022 0.0000e+00
 227.726973     36.640  34.527012     7.7007    4.10663     36.331    33.4631    26.1109 0.0000e+00
 227.726979     37.056  34.526017     7.6992    4.10776     36.743    33.4633    26.1112 0.0000e+00
 227.726985     37.448  34.527710     7.7056    4.09249     37.132    33.4588    26.1068 0.0000e+00
 227.726991     37.826  34.530980     7.7134    4.07896     37.507    33.4546    26.1024 0.0000e+00
 227.726997     38.204  34.532895     7.7126    4.06891     37.882    33.4573    26.1046 0.0000e+00
 227.727002     38.598  34.530963     7.7000    4.06438     38.272    33.4671    26.1141 0.0000e+00
 227.727008     39.021  34.526528     7.6846    4.05628     38.692    33.4770    26.1241 0.0000e+00
 227.727014     39.473  34.523764     7.6732    4.03877     39.140    33.4847    26.1318 0.0000e+00
 227.727020     39.950  34.523465     7.6660    4.02590     39.613    33.4911    26.1379 0.0000e+00
 227.727025     40.446  34.524102     7.6623    4.00654     40.105    33.4951    26.1416 0.0000e+00
 227.727031     40.960  34.525396     7.6588    3.97743     40.614    33.4997    26.1456 0.0000e+00
 227.727037     41.491  34.526823     7.6502    3.94958     41.141    33.5092    26.1544 0.0000e+00
 227.727043     42.033  34.527477     7.6345    3.91508     41.678    33.5248    26.1689 0.0000e+00
 227.727049     42.579  34.527666     7.6126    3.84461     42.219    33.5459    26.1886 0.0000e+00
 227.727054     43.124  34.529316     7.5844    3.76655     42.760    33.5746    26.2152 0.0000e+00
 227.727060     43.669  34.534060     7.5516    3.68788     43.300    33.6112    26.2486 0.0000e+00
 227.727066     44.210  34.540927     7.5195    3.61530     43.836    33.6495    26.2833 0.0000e+00
 227.727072     44.740  34.547854     7.4947    3.57462     44.362    33.6808    26.3114 0.0000e+00
 227.727078     45.253  34.552854     7.4801    3.54435     44.870    33.7001    26.3287 0.0000e+00
 227.727083     45.747  34.555294     7.4717    3.51847     45.360    33.7107    26.3382 0.0000e+00
 227.727089     46.221  34.557300     7.4630    3.49819     45.830    33.7211    26.3476 0.0000e+00
 227.727095     46.683  34.559295     7.4496    3.47105     46.288    33.7361    26.3613 0.0000e+00
 227.727101     47.153  34.560573     7.4319    3.45492     46.754    33.7545    26.3783 0.0000e+00
 227.727106     47.637  34.561711     7.4180    3.44107     47.234    33.7690    26.3917 0.0000e+00
 227.727112     48.125  34.562538     7.4114    3.43805     47.718    33.7761    26.3982 0.0000e+00
 227.727118     48.616  34.563028     7.4090    3.42812     48.205    33.7787    26.4006 0.0000e+00
 227.727124     49.101  34.563267     7.4081    3.43879     48.685    33.7796    26.4015 0.0000e+00
 227.727130     49.574  34.563005     7.4077    3.44521     49.154    33.7795    26.4014 0.0000e+00
 227.727135     50.034  34.562448     7.4073    3.43777     49.610    33.7791    26.4012 0.0000e+00
 227.727141     50.481  34.561970     7.4072    3.44734     50.054    33.7784    26.4007 0.0000e+00
 227.727147     50.905  34.561490     7.4072    3.44324     50.474    33.7777    26.4001 0.0000e+00
 227.727153     51.299  34.560922     7.4071    3.44296     50.865    33.7770    26.3996 0.0000e+00
 227.727159     51.662  34.560627     7.4071    3.45638     51.224    33.7765    26.3992 0.0000e+00
