data/oxygen options/ONMS/Olympic_Coast_National_Marine_Sanctuary_Hypoxia_Survey_CTD_Data_2004_2015/raw_data/2005/CTD_TH90_062205faed.cnv
* Sea-Bird SBE19 Data File:
* FileName = C:\hypoxia CTD data\TH90_062205.hex
* Software Version 1.1.5
* Temperature SN = 2997
* Conductivity SN = 2997
* System UpLoad Time = Jun 22 2005 12:48:49
* SEACAT PROFILER V3.1c SN 2997   06/22/05  12:48:28.746
* strain gauge pressure sensor: S/N = 184829,  range = 3000 psia,  tc = 40
# nquan = 9                                 
# nvalues = 964                         
# units = specified
# name 0 = timeJ: Julian Days
# name 1 = prSM: Pressure, Strain Gauge [db]
# name 2 = c0mS/cm: Conductivity [mS/cm]
# name 3 = t090C: Temperature [ITS-90, deg C]
# name 4 = oxML/L: Oxygen, Beckman/YSI [ml/l]
# name 5 = depSM: Depth [salt water, m], lat = 47.5
# name 6 = sal00: Salinity, Practical [PSU]
# name 7 = sigma-é00: Density [sigma-theta, kg/m^3]
# name 8 = flag: flag
# span 0 = 173.487627, 173.493200       
# span 1 =     -4.138,     91.847       
# span 2 =   0.451249,  38.302561       
# span 3 =     7.7972,    15.1149       
# span 4 =  -14.40905,   24.84026       
# span 5 =     -4.104,     91.060       
# span 6 =     0.2715,    33.6755       
# span 7 =    -0.7054,    26.2639       
# span 8 = 0.0000e+00, 0.0000e+00       
# interval = seconds: 0.5
# start_time = Jun 22 2005 11:42:11 [Instrument's time stamp, header]
# bad_flag = -9.990e-29
*END*
[from data line 481]
 173.490411      2.483  38.110108    14.4507    7.01452      2.462    31.0904    23.0754 -9.990e-29
 173.490417      2.485  38.110327    14.4503    7.03050      2.464    31.0910    23.0759 -9.990e-29
 173.490422      2.499  38.110879    14.4486    7.04260      2.478    31.0928    23.0777 -9.990e-29
 173.490428      2.521  38.110817    14.4463    7.04571      2.500    31.0946    23.0795 -9.990e-29
 173.490434      2.541  38.109684    14.4452    7.03875      2.520    31.0944    23.0796 -9.990e-29
 173.490440      2.547  38.108210    14.4458    7.02704      2.526    31.0926    23.0781 -9.990e-29
 173.490446      2.539  38.107407    14.4461    7.03750      2.518    31.0917    23.0773 -9.990e-29
 173.490451      2.529  38.106744    14.4432    7.04189      2.508    31.0934    23.0792 -9.990e-29
 173.490457      2.530  38.103261    14.4358    7.05744      2.509    31.0962    23.0829 -9.990e-29
 173.490463      2.546  38.095100    14.4263    7.06326      2.525    31.0964    23.0850 -9.990e-29
 173.490469      2.570  38.085385    14.4201    7.06853      2.549    31.0925    23.0834 -9.990e-29
 173.490475      2.585  38.079648    14.4194    7.07314      2.563    31.0879    23.0799 -9.990e-29
 173.490480      2.590  38.079753    14.4220    7.06008      2.568    31.0859    23.0778 -9.990e-29
 173.490486      2.591  38.083013    14.4254    7.03999      2.569    31.0861    23.0773 -9.990e-29
 173.490492      2.595  38.086468    14.4281    7.02662      2.573    31.0871    23.0775 -9.990e-29
 173.490498      2.605  38.089096    14.4284    7.03563      2.583    31.0892    23.0791 -9.990e-29
 173.490503      2.626  38.089337    14.4257    7.06719      2.604    31.0916    23.0815 -9.990e-29
 173.490509      2.655  38.086373    14.4225    7.07486      2.633    31.0914    23.0820 -9.990e-29
 173.490515      2.686  38.082963    14.4215    7.05123      2.664    31.0891    23.0805 -9.990e-29
 173.490521      2.717  38.081833    14.4225    7.05213      2.694    31.0873    23.0788 -9.990e-29
 173.490527      2.753  38.082579    14.4239    7.05306      2.730    31.0868    23.0782 -9.990e-29
 173.490532      2.814  38.083931    14.4246    7.05152      2.790    31.0875    23.0786 -9.990e-29
 173.490538      2.921  38.084871    14.4240    7.05256      2.897    31.0888    23.0797 -9.990e-29
 173.490544      3.072  38.084393    14.4225    7.05175      3.046    31.0895    23.0805 0.0000e+00
 173.490550      3.251  38.082962    14.4207    7.06604      3.224    31.0896    23.0810 0.0000e+00
 173.490556      3.452  38.081454    14.4178    7.06568      3.423    31.0905    23.0823 0.0000e+00
 173.490561      3.684  38.078958    14.4130    7.05885      3.653    31.0920    23.0844 0.0000e+00
 173.490567      3.954  38.073811    14.4074    7.05618      3.921    31.0917    23.0854 0.0000e+00
 173.490573      4.256  38.067544    14.4018    7.04089      4.220    31.0904    23.0855 0.0000e+00
 173.490579      4.589  38.062435    14.3946    7.05625      4.551    31.0914    23.0878 0.0000e+00
 173.490584      4.961  38.056138    14.3859    7.07226      4.920    31.0925    23.0905 0.0000e+00
 173.490590      5.375  38.047526    14.3777    7.08487      5.330    31.0911    23.0911 0.0000e+00
 173.490596      5.819  38.040239    14.3706    7.10459      5.770    31.0900    23.0918 0.0000e+00
 173.490602      6.277  38.036315    14.3641    7.08489      6.225    31.0915    23.0943 0.0000e+00
 173.490608      6.740  38.032744    14.3568    7.10772      6.684    31.0939    23.0977 0.0000e+00
 173.490613      7.214  38.025302    14.3469    7.07687      7.154    31.0949    23.1005 0.0000e+00
 173.490619      7.701  38.014138    14.3342    7.06960      7.637    31.0948    23.1030 0.0000e+00
 173.490625      8.195  38.001734    14.3171    7.10154      8.126    31.0971    23.1083 0.0000e+00
 173.490631      8.688  37.986108    14.2885    7.14826      8.615    31.1056    23.1208 0.0000e+00
 173.490637      9.177  37.960985    14.2444    7.17393      9.100    31.1181    23.1395 0.0000e+00
 173.490642      9.661  37.924252    14.1882    7.15906      9.580    31.1296    23.1600 0.0000e+00
 173.490648     10.135  37.877380    14.1359    7.14901     10.050    31.1288    23.1701 0.0000e+00
 173.490654     10.599  37.833557    14.1019    7.17331     10.510    31.1160    23.1671 0.0000e+00
 173.490660     11.057  37.810595    14.0626    7.21573     10.964    31.1265    23.1833 0.0000e+00
 173.490666     11.518  37.786821    13.9888    7.23263     11.422    31.1643    23.2274 0.0000e+00
 173.490671     11.993  37.731634    13.8905    7.23858     11.893    31.1931    23.2696 0.0000e+00
 173.490677     12.488  37.658358    13.7876    7.18740     12.383    31.2090    23.3027 0.0000e+00
 173.490683     12.998  37.587031    13.6779    7.11280     12.889    31.2323    23.3427 0.0000e+00
 173.490689     13.523  37.512799    13.5486    6.97066     13.410    31.2690    23.3969 0.0000e+00
 173.490694     14.062  37.425259    13.3929    6.72667     13.944    31.3151    23.4634 0.0000e+00
 173.490700     14.610  37.322056    13.1969    6.51883     14.488    31.3800    23.5521 0.0000e+00
 173.490706     15.160  37.195649    12.9398    6.31347     15.033    31.4741    23.6750 0.0000e+00
 173.490712     15.709  37.022694    12.6327    6.14302     15.577    31.5668    23.8057 0.0000e+00
 173.490718     16.257  36.808056    12.3089    6.04815     16.121    31.6345    23.9194 0.0000e+00
 173.490723     16.800  36.589042    11.9725    5.89863     16.659    31.7091    24.0398 0.0000e+00
 173.490729     17.335  36.366823    11.6189    5.71481     17.190    31.7958    24.1717 0.0000e+00
 173.490735     17.861  36.122027    11.3018    5.52834     17.711    31.8295    24.2548 0.0000e+00
 173.490741     18.374  35.889828    11.1142    5.36018     18.220    31.7633    24.2365 0.0000e+00
 173.490747     18.871  35.751334    11.0526    5.22352     18.713    31.6799    24.1825 0.0000e+00
 173.490752     19.360  35.714109    10.9774    5.10971     19.198    31.7079    24.2174 0.0000e+00
 173.490758     19.845  35.660073    10.8220    5.01570     19.678    31.7889    24.3074 0.0000e+00
 173.490764     20.336  35.534544    10.6615    4.95489     20.165    31.8037    24.3465 0.0000e+00
 173.490770     20.838  35.419049    10.5356    4.88247     20.663    31.7982    24.3637 0.0000e+00
 173.490775     21.345  35.337824    10.4366    4.82882     21.166    31.8033    24.3845 0.0000e+00
 173.490781     21.851  35.266608    10.3734    4.75230     21.667    31.7871    24.3825 0.0000e+00
 173.490787     22.354  35.221971    10.3339    4.67197     22.166    31.7767    24.3811 0.0000e+00
 173.490793     22.856  35.199298    10.2898    4.59414     22.664    31.7924    24.4007 0.0000e+00
 173.490799     23.362  35.175061    10.2343    4.52898     23.166    31.8164    24.4287 0.0000e+00
 173.490804     23.881  35.146072    10.1795    4.50637     23.680    31.8352    24.4525 0.0000e+00
 173.490810     24.410  35.118501    10.1327    4.50687     24.205    31.8483    24.4705 0.0000e+00
 173.490816     24.937  35.093117    10.0958    4.49317     24.727    31.8550    24.4818 0.0000e+00
 173.490822     25.451  35.071361    10.0732    4.52484     25.237    31.8527    24.4838 0.0000e+00
 173.490828     25.952  35.059516    10.0654    4.49976     25.734    31.8474    24.4809 0.0000e+00
 173.490833     26.442  35.057457    10.0606    4.48863     26.220    31.8494    24.4833 0.0000e+00
 173.490839     26.926  35.056811    10.0461    4.49684     26.700    31.8613    24.4950 0.0000e+00
 173.490845     27.409  35.052774    10.0222    4.49735     27.178    31.8781    24.5120 0.0000e+00
 173.490851     27.893  35.045553     9.9936    4.51013     27.658    31.8958    24.5305 0.0000e+00
 173.490856     28.373  35.033345     9.9655    4.49771     28.134    31.9080    24.5447 0.0000e+00
 173.490862     28.846  35.017228     9.9480    4.47852     28.603    31.9070    24.5468 0.0000e+00
 173.490868     29.312  35.007081     9.9441    4.47292     29.065    31.9000    24.5419 0.0000e+00
 173.490874     29.780  35.008410     9.9386    4.46652     29.529    31.9060    24.5475 0.0000e+00
 173.490880     30.257  35.011191     9.9197    4.44553     30.002    31.9253    24.5657 0.0000e+00
 173.490885     30.750  35.009585     9.8969    4.42578     30.491    31.9436    24.5838 0.0000e+00
 173.490891     31.258  35.010401     9.8796    4.40586     30.995    31.9596    24.5990 0.0000e+00
 173.490897     31.781  35.015825     9.8668    4.37563     31.513    31.9762    24.6141 0.0000e+00
 173.490903     32.317  35.022416     9.8539    4.35631     32.045    31.9941    24.6302 0.0000e+00
 173.490909     32.861  35.026604     9.8362    4.33346     32.584    32.0138    24.6485 0.0000e+00
 173.490914     33.407  35.025545     9.8109    4.29250     33.126    32.0350    24.6691 0.0000e+00
 173.490920     33.949  35.018364     9.7727    4.26452     33.663    32.0614    24.6960 0.0000e+00
 173.490926     34.490  35.004437     9.7227    4.24000     34.199    32.0916    24.7277 0.0000e+00
 173.490932     35.027  34.987594     9.6784    4.22090     34.732    32.1137    24.7521 0.0000e+00
 173.490938     35.559  34.978425     9.6504    4.19611     35.259    32.1291    24.7687 0.0000e+00
 173.490943     36.075  34.980372     9.6305    4.15932     35.771    32.1487    24.7872 0.0000e+00
 173.490949     36.570  34.982552     9.6109    4.12592     36.262    32.1683    24.8056 0.0000e+00
 173.490955     37.045  34.976634     9.5871    4.09122     36.733    32.1833    24.8212 0.0000e+00
 173.490961     37.510  34.964797     9.5451    4.06483     37.194    32.2087    24.8478 0.0000e+00
 173.490966     37.977  34.944130     9.4821    4.06060     37.657    32.2439    24.8854 0.0000e+00
 173.490972     38.454  34.917890     9.4219    4.02962     38.130    32.2710    24.9162 0.0000e+00
 173.490978     38.941  34.904318     9.3814    4.01817     38.612    32.2934    24.9401 0.0000e+00
 173.490984     39.436  34.906590     9.3576    4.02899     39.103    32.3170    24.9624 0.0000e+00
 173.490990     39.935  34.913691     9.3424    4.02062     39.598    32.3378    24.9811 0.0000e+00
 173.490995     40.437  34.922172     9.3290    4.02963     40.096    32.3585    24.9993 0.0000e+00
 173.491001     40.935  34.932666     9.3150    4.03196     40.589    32.3817    25.0197 0.0000e+00
 173.491007     41.417  34.942887     9.3034    4.00306     41.067    32.4025    25.0379 0.0000e+00
 173.491013     41.881  34.949622     9.2931    3.97764     41.527    32.4186    25.0521 0.0000e+00
 173.491019     42.335  34.952300     9.2744    3.94964     41.977    32.4381    25.0703 0.0000e+00
 173.491024     42.789  34.953351     9.2446    3.91886     42.427    32.4661    25.0969 0.0000e+00
 173.491030     43.252  34.954159     9.2121    3.91595     42.887    32.4963    25.1256 0.0000e+00
 173.491036     43.719  34.953537     9.1843    3.89600     43.350    32.5208    25.1491 0.0000e+00
 173.491042     44.182  34.951191     9.1653    3.87050     43.809    32.5355    25.1636 0.0000e+00
 173.491047     44.634  34.949012     9.1564    3.86676     44.257    32.5411    25.1695 0.0000e+00
 173.491053     45.077  34.948555     9.1541    3.85443     44.696    32.5426    25.1710 0.0000e+00
 173.491059     45.520  34.949749     9.1489    3.86286     45.135    32.5484    25.1763 0.0000e+00
 173.491065     45.974  34.951925     9.1333    3.86136     45.585    32.5647    25.1915 0.0000e+00
 173.491071     46.439  34.956283     9.1110    3.87100     46.046    32.5893    25.2143 0.0000e+00
 173.491076     46.914  34.968055     9.0907    3.90570     46.517    32.6199    25.2414 0.0000e+00
 173.491082     47.399  34.987781     9.0764    3.94473     46.998    32.6532    25.2697 0.0000e+00
 173.491088     47.887  35.009224     9.0637    3.97426     47.482    32.6869    25.2981 0.0000e+00
 173.491094     48.376  35.030117     9.0420    4.00379     47.967    32.7283    25.3339 0.0000e+00
 173.491100     48.865  35.052511     9.0094    4.01138     48.451    32.7814    25.3805 0.0000e+00
 173.491105     49.352  35.073729     8.9775    4.01400     48.934    32.8326    25.4256 0.0000e+00
 173.491111     49.838  35.087282     8.9548    4.04028     49.416    32.8675    25.4564 0.0000e+00
 173.491117     50.328  35.094396     8.9401    4.06938     49.902    32.8883    25.4750 0.0000e+00
 173.491123     50.824  35.102851     8.9276    4.09737     50.394    32.9084    25.4927 0.0000e+00
 173.491128     51.319  35.116802     8.9091    4.11293     50.884    32.9399    25.5202 0.0000e+00
 173.491134     51.801  35.133538     8.8833    4.09239     51.362    32.9811    25.5565 0.0000e+00
 173.491140     52.258  35.146958     8.8623    4.03874     51.815    33.0144    25.5858 0.0000e+00
 173.491146     52.686  35.153073     8.8500    3.95470     52.240    33.0320    25.6015 0.0000e+00
 173.491152     53.094  35.151801     8.8298    3.84999     52.644    33.0493    25.6182 0.0000e+00
 173.491157     53.500  35.141998     8.7824    3.74235     53.047    33.0831    25.6520 0.0000e+00
 173.491163     53.913  35.117875     8.7135    3.62684     53.456    33.1221    25.6931 0.0000e+00
 173.491169     54.324  35.082022     8.6537    3.54938     53.864    33.1403    25.7165 0.0000e+00
 173.491175     54.722  35.051651     8.6228    3.50910     54.258    33.1372    25.7188 0.0000e+00
 173.491181     55.110  35.037825     8.6172    3.48275     54.643    33.1277    25.7123 0.0000e+00
 173.491186     55.505  35.036669     8.6172    3.45620     55.034    33.1263    25.7112 0.0000e+00
 173.491192     55.918  35.035981     8.6019    3.40810     55.444    33.1397    25.7241 0.0000e+00
 173.491198     56.355  35.025310     8.5746    3.36020     55.877    33.1539    25.7394 0.0000e+00
 173.491204     56.813  35.008926     8.5501    3.32950     56.331    33.1595    25.7474 0.0000e+00
 173.491209     57.288  34.996369     8.5311    3.30567     56.802    33.1639    25.7538 0.0000e+00
 173.491215     57.775  34.988823     8.5132    3.29250     57.285    33.1726    25.7633 0.0000e+00
 173.491221     58.268  34.982947     8.4945    3.25984     57.774    33.1837    25.7749 0.0000e+00
 173.491227     58.758  34.977623     8.4711    3.21837     58.259    33.1999    25.7911 0.0000e+00
 173.491233     59.248  34.972472     8.4338    3.18925     58.745    33.2294    25.8199 0.0000e+00
 173.491238     59.743  34.964544     8.3851    3.15599     59.236    33.2668    25.8565 0.0000e+00
 173.491244     60.243  34.953911     8.3378    3.13703     59.731    33.3000    25.8897 0.0000e+00
 173.491250     60.748  34.944322     8.2992    3.11466     60.232    33.3262    25.9160 0.0000e+00
 173.491256     61.255  34.936993     8.2697    3.09209     60.735    33.3461    25.9361 0.0000e+00
 173.491262     61.758  34.931110     8.2441    3.07863     61.233    33.3640    25.9539 0.0000e+00
 173.491267     62.250  34.925542     8.2094    3.05406     61.721    33.3908    25.9801 0.0000e+00
 173.491273     62.736  34.919021     8.1559    3.02853     62.203    33.4346    26.0224 0.0000e+00
 173.491279     63.232  34.910135     8.0981    3.00616     62.695    33.4801    26.0667 0.0000e+00
 173.491285     63.742  34.899920     8.0569    2.98363     63.200    33.5083    26.0949 0.0000e+00
 173.491291     64.261  34.892120     8.0301    2.97204     63.715    33.5254    26.1123 0.0000e+00
 173.491296     64.775  34.886969     8.0083    2.95919     64.224    33.5405    26.1274 0.0000e+00
 173.491302     65.274  34.882631     7.9900    2.94296     64.719    33.5532    26.1401 0.0000e+00
 173.491308     65.759  34.878920     7.9766    2.94545     65.200    33.5619    26.1488 0.0000e+00
 173.491314     66.227  34.875924     7.9700    2.93010     65.664    33.5648    26.1521 0.0000e+00
 173.491319     66.674  34.874684     7.9687    2.91740     66.107    33.5645    26.1521 0.0000e+00
 173.491325     67.111  34.875224     7.9662    2.92910     66.540    33.5673    26.1546 0.0000e+00
