data/oxygen options/ONMS/Olympic_Coast_National_Marine_Sanctuary_Hypoxia_Survey_CTD_Data_2004_2015/raw_data/2005/CTD_CE30_052505faedb.cnv
* Sea-Bird SBE19 Data File:
* FileName = C:\Documents and Settings\kirner.PTANGELES\Desktop\hypoxia CTD data\CE30__052505.hex
* Software Version 1.1.5
* Temperature SN = 2997
* Conductivity SN = 2997
* System UpLoad Time = May 25 2005 18:10:41
* SEACAT PROFILER V3.1c SN 2997   05/25/05  18:09:23.289
* strain gauge pressure sensor: S/N = 184829,  range = 3000 psia,  tc = 40
# nquan = 9
# nvalues = 29                          
# units = specified
# name 0 = timeJ: Julian Days
# name 1 = prSM: Pressure, Strain Gauge [db]
# name 2 = c0mS/cm: Conductivity [mS/cm]
# name 3 = t090C: Temperature [ITS-90, deg C]
# name 4 = oxML/L: Oxygen, Beckman/YSI [ml/l]
# name 5 = depSM: Depth [salt water, m], lat = 47.5
# name 6 = sal00: Salinity, Practical [PSU]
# name 7 = sigma-é00: Density [sigma-theta, kg/m^3]
# name 8 = flag: flag
# span 0 = 145.681133, 145.681549       
# span 1 =      2.000,     30.000       
# span 2 =  33.327507,  36.160671       
# span 3 =    10.7513,    14.4418       
# span 4 =    4.96209,    6.28835       
# span 5 =      1.983,     29.747       
# span 6 =    27.0408,    31.9020       
# span 7 =    19.9591,    24.4079       
# span 8 = 0.0000e+00, 0.0000e+00       
# interval = decibars: 1                
# start_time = May 25 2005 16:17:32 [Instrument's time stamp, header]
# bad_flag = -9.990e-29
*END*
 145.681133      2.000  33.599450    14.4418    6.23864      1.983    27.0408    19.9591 0.0000e+00
 145.681158      3.000  33.327507    13.9978    6.28835      2.975    27.1075    20.0978 0.0000e+00
 145.681178      4.000  33.339515    13.8641    6.20050      3.967    27.2124    20.2047 0.0000e+00
 145.681195      5.000  33.615279    13.7591    5.95380      4.958    27.5364    20.4749 0.0000e+00
 145.681210      6.000  34.059594    13.5260    5.77050      5.950    28.1102    20.9624 0.0000e+00
 145.681224      7.000  34.656443    13.1873    5.77447      6.941    28.9115    21.6461 0.0000e+00
 145.681237      8.000  35.272995    12.9549    5.83167      7.933    29.6623    22.2706 0.0000e+00
 145.681250      9.000  35.542646    12.8816    5.85285      8.925    29.9723    22.5242 0.0000e+00
 145.681264     10.000  35.628270    12.8540    5.85123      9.916    30.0740    22.6081 0.0000e+00
 145.681277     11.000  35.666756    12.8198    5.84040     10.908    30.1369    22.6633 0.0000e+00
 145.681291     12.000  35.725176    12.7793    5.83516     11.900    30.2237    22.7382 0.0000e+00
 145.681304     13.000  35.780528    12.7110    5.75496     12.891    30.3302    22.8335 0.0000e+00
 145.681316     14.000  35.888546    12.5928    5.57808     13.883    30.5271    23.0082 0.0000e+00
 145.681329     15.000  36.035830    12.3857    5.45089     14.874    30.8351    23.2855 0.0000e+00
 145.681343     16.000  36.160671    11.9648    5.35786     15.866    31.3039    23.7269 0.0000e+00
 145.681356     17.000  36.109116    11.6370    5.30357     16.858    31.5304    23.9623 0.0000e+00
 145.681370     18.000  36.028842    11.5037    5.30165     17.849    31.5653    24.0134 0.0000e+00
 145.681384     19.000  35.996452    11.4356    5.32584     18.841    31.5914    24.0460 0.0000e+00
 145.681398     20.000  35.972263    11.3953    5.33962     19.832    31.6019    24.0613 0.0000e+00
 145.681411     21.000  35.961705    11.3614    5.33370     20.824    31.6202    24.0816 0.0000e+00
 145.681425     22.000  35.939209    11.3222    5.26231     21.815    31.6313    24.0972 0.0000e+00
 145.681439     23.000  35.912920    11.2439    5.19076     22.807    31.6723    24.1430 0.0000e+00
 145.681454     24.000  35.846874    11.1308    5.10038     23.798    31.7044    24.1879 0.0000e+00
 145.681468     25.000  35.812055    11.0680    5.05933     24.790    31.7239    24.2141 0.0000e+00
 145.681482     26.000  35.784137    11.0124    5.02291     25.782    31.7440    24.2395 0.0000e+00
 145.681495     27.000  35.765576    10.9612    4.99146     26.773    31.7695    24.2683 0.0000e+00
 145.681510     28.000  35.754613    10.9088    4.97024     27.764    31.8037    24.3040 0.0000e+00
 145.681527     29.000  35.742678    10.8300    4.96753     28.756    31.8599    24.3615 0.0000e+00
 145.681549     30.000  35.716454    10.7513    4.96209     29.747    31.9020    24.4079 0.0000e+00
