data/oxygen options/ONMS/Olympic_Coast_National_Marine_Sanctuary_Hypoxia_Survey_CTD_Data_2004_2015/raw_data/2005/CTD_CA30_083005faedb.cnv
* Sea-Bird SBE19 Data File:
* FileName = C:\hypoxia CTD data\CA30_083005.hex
* Software Version 1.1.5
* Temperature SN = 2997
* Conductivity SN = 2997
* System UpLoad Time = Aug 30 2005 17:15:38
** Cape Alava 30m 083905
* SEACAT PROFILER V3.1c SN 2997   08/30/05  17:13:56.771
# nquan = 9
# nvalues = 30                          
# units = specified
# name 0 = timeJ: Julian Days
# name 1 = prSM: Pressure, Strain Gauge [db]
# name 2 = c0mS/cm: Conductivity [mS/cm]
# name 3 = t090C: Temperature [ITS-90, deg C]
# name 4 = oxML/L: Oxygen, Beckman/YSI [ml/l]
# name 5 = depSM: Depth [salt water, m], lat = 47.5
# name 6 = sal00: Salinity, Practical [PSU]
# name 7 = sigma-é00: Density [sigma-theta, kg/m^3]
# name 8 = flag: flag
# span 0 = 242.629264, 242.629654       
# span 1 =      3.000,     32.000       
# span 2 =  35.208191,  38.101725       
# span 3 =     8.5918,    13.5393       
# span 4 =    4.09140,    6.77779       
# span 5 =      2.975,     31.730       
# span 6 =    31.8211,    33.3561       
# span 7 =    23.8249,    25.8876       
# span 8 = 0.0000e+00, 0.0000e+00       
# interval = decibars: 1                
# start_time = Aug 30 2005 15:03:07 [Instrument's time stamp, header]
# bad_flag = -9.990e-29
*END*
 242.629264      3.000  38.094786    13.5393    6.71344      2.975    31.8211    23.8249 0.0000e+00
 242.629293      4.000  38.101725    13.5379    6.73077      3.966    31.8283    23.8309 0.0000e+00
 242.629312      5.000  38.096025    13.5076    6.77779      4.958    31.8479    23.8521 0.0000e+00
 242.629325      6.000  38.074275    13.4452    6.50569      5.950    31.8793    23.8888 0.0000e+00
 242.629336      7.000  38.042524    13.2907    6.36278      6.942    31.9788    23.9965 0.0000e+00
 242.629347      8.000  37.942919    12.8865    6.26123      7.933    32.2272    24.2678 0.0000e+00
 242.629358      9.000  37.739350    12.3985    6.14844      8.925    32.4520    24.5358 0.0000e+00
 242.629369     10.000  37.514169    12.0053    6.04606      9.916    32.5764    24.7065 0.0000e+00
 242.629380     11.000  37.338703    11.7184    5.86956     10.908    32.6573    24.8225 0.0000e+00
 242.629391     12.000  37.136886    11.3595    5.52981     11.899    32.7767    24.9807 0.0000e+00
 242.629402     13.000  36.923483    11.1397    5.23910     12.891    32.7617    25.0084 0.0000e+00
 242.629415     14.000  36.769679    10.7720    5.04308     13.883    32.9380    25.2105 0.0000e+00
 242.629427     15.000  36.386791    10.2188    4.80908     14.874    33.0547    25.3965 0.0000e+00
 242.629439     16.000  36.139741     9.9243    4.66705     15.866    33.0730    25.4603 0.0000e+00
 242.629451     17.000  35.971649     9.6833    4.59525     16.857    33.1226    25.5389 0.0000e+00
 242.629464     18.000  35.803192     9.4758    4.57617     17.849    33.1408    25.5870 0.0000e+00
 242.629477     19.000  35.710322     9.4234    4.58445     18.840    33.0932    25.5582 0.0000e+00
 242.629493     20.000  35.743154     9.4351    4.64707     19.832    33.1158    25.5740 0.0000e+00
 242.629506     21.000  35.693874     9.3334    4.74299     20.824    33.1587    25.6240 0.0000e+00
 242.629519     22.000  35.693006     9.2924    4.76925     21.815    33.1954    25.6593 0.0000e+00
 242.629532     23.000  35.696629     9.2622    4.69363     22.807    33.2268    25.6887 0.0000e+00
 242.629546     24.000  35.677609     9.2057    4.61108     23.798    33.2593    25.7231 0.0000e+00
 242.629558     25.000  35.593861     9.0338    4.48218     24.790    33.3325    25.8076 0.0000e+00
 242.629571     26.000  35.462554     8.8989    4.41955     25.781    33.3217    25.8203 0.0000e+00
 242.629582     27.000  35.404410     8.8460    4.37460     26.773    33.3101    25.8195 0.0000e+00
 242.629593     28.000  35.383176     8.8232    4.30430     27.765    33.3089    25.8221 0.0000e+00
 242.629604     29.000  35.367585     8.7833    4.23269     28.756    33.3297    25.8446 0.0000e+00
 242.629617     30.000  35.325228     8.7213    4.16258     29.747    33.3431    25.8647 0.0000e+00
 242.629632     31.000  35.263951     8.6389    4.10695     30.739    33.3561    25.8876 0.0000e+00
 242.629654     32.000  35.208191     8.5918    4.09140     31.730    33.3414    25.8834 0.0000e+00
