data/oxygen options/ONMS/Olympic_Coast_National_Marine_Sanctuary_Hypoxia_Survey_CTD_Data_2004_2015/raw_data/2005/CTD_CA50_083005faed.cnv
* Sea-Bird SBE19 Data File:
* FileName = C:\hypoxia CTD data\CA50_083005.hex
* Software Version 1.1.5
* Temperature SN = 2997
* Conductivity SN = 2997
* System UpLoad Time = Aug 30 2005 17:22:28
** Cape Alava 50m 083005
* SEACAT PROFILER V3.1c SN 2997   08/30/05  17:20:39.485
# nquan = 9                                 
# nvalues = 633                         
# units = specified
# name 0 = timeJ: Julian Days
# name 1 = prSM: Pressure, Strain Gauge [db]
# name 2 = c0mS/cm: Conductivity [mS/cm]
# name 3 = t090C: Temperature [ITS-90, deg C]
# name 4 = oxML/L: Oxygen, Beckman/YSI [ml/l]
# name 5 = depSM: Depth [salt water, m], lat = 47.5
# name 6 = sal00: Salinity, Practical [PSU]
# name 7 = sigma-é00: Density [sigma-theta, kg/m^3]
# name 8 = flag: flag
# span 0 = 242.656181, 242.659838       
# span 1 =     -3.540,     51.160       
# span 2 =   0.815977,  38.329667       
# span 3 =     7.7892,    13.8826       
# span 4 =   -0.12036,   25.77557       
# span 5 =     -3.510,     50.727       
# span 6 =     0.5198,    33.4727       
# span 7 =    -0.2953,    26.1055       
# span 8 = 0.0000e+00, 0.0000e+00       
# interval = seconds: 0.5
# start_time = Aug 30 2005 15:44:54 [Instrument's time stamp, header]
# bad_flag = -9.990e-29
*END*
[from data line 321]
 242.658038      2.721  38.313570    13.8763    6.53272      2.698    31.7442    23.6977 -9.990e-29
 242.658044      2.720  38.312892    13.8766    6.53169      2.697    31.7433    23.6969 -9.990e-29
 242.658050      2.707  38.314696    13.8769    6.52930      2.684    31.7448    23.6980 -9.990e-29
 242.658056      2.691  38.316341    13.8770    6.52862      2.669    31.7462    23.6990 -9.990e-29
 242.658061      2.679  38.316658    13.8768    6.53140      2.657    31.7467    23.6994 -9.990e-29
 242.658067      2.674  38.316634    13.8767    6.52755      2.652    31.7467    23.6995 -9.990e-29
 242.658073      2.671  38.315677    13.8769    6.52658      2.649    31.7457    23.6987 -9.990e-29
 242.658079      2.668  38.315318    13.8770    6.53018      2.646    31.7453    23.6983 -9.990e-29
 242.658084      2.662  38.318444    13.8770    6.52880      2.640    31.7482    23.7006 -9.990e-29
 242.658090      2.655  38.321936    13.8771    6.52958      2.633    31.7513    23.7030 -9.990e-29
 242.658096      2.644  38.323160    13.8770    6.52860      2.622    31.7525    23.7039 -9.990e-29
 242.658102      2.630  38.323188    13.8769    6.52217      2.608    31.7526    23.7040 -9.990e-29
 242.658108      2.617  38.323182    13.8768    6.53038      2.595    31.7527    23.7041 -9.990e-29
 242.658113      2.611  38.323699    13.8766    6.53161      2.589    31.7534    23.7046 -9.990e-29
 242.658119      2.617  38.324307    13.8766    6.52746      2.595    31.7539    23.7051 -9.990e-29
 242.658125      2.630  38.324698    13.8768    6.52752      2.608    31.7541    23.7052 -9.990e-29
 242.658131      2.643  38.324833    13.8771    6.52999      2.621    31.7540    23.7050 -9.990e-29
 242.658137      2.653  38.324893    13.8775    6.52746      2.631    31.7537    23.7047 -9.990e-29
 242.658142      2.661  38.324962    13.8777    6.53513      2.639    31.7536    23.7046 -9.990e-29
 242.658148      2.666  38.325131    13.8776    6.52501      2.644    31.7538    23.7048 -9.990e-29
 242.658154      2.673  38.325068    13.8773    6.52676      2.651    31.7540    23.7050 -9.990e-29
 242.658160      2.687  38.324694    13.8770    6.52865      2.665    31.7539    23.7050 -9.990e-29
 242.658166      2.706  38.324631    13.8768    6.52898      2.683    31.7540    23.7051 -9.990e-29
 242.658171      2.720  38.324798    13.8768    6.52722      2.697    31.7542    23.7052 -9.990e-29
 242.658177      2.727  38.324858    13.8769    6.51870      2.704    31.7541    23.7052 -9.990e-29
 242.658183      2.728  38.324893    13.8770    6.53280      2.705    31.7541    23.7051 -9.990e-29
 242.658189      2.727  38.324950    13.8768    6.53741      2.704    31.7543    23.7053 -9.990e-29
 242.658194      2.727  38.325109    13.8765    6.53212      2.704    31.7547    23.7057 -9.990e-29
 242.658200      2.729  38.325024    13.8762    6.51843      2.706    31.7549    23.7059 -9.990e-29
 242.658206      2.734  38.324583    13.8762    6.52441      2.711    31.7545    23.7056 -9.990e-29
 242.658212      2.736  38.324322    13.8764    6.54549      2.713    31.7540    23.7052 -9.990e-29
 242.658218      2.737  38.324457    13.8765    6.54181      2.714    31.7541    23.7052 -9.990e-29
 242.658223      2.741  38.324609    13.8763    6.52779      2.718    31.7544    23.7055 -9.990e-29
 242.658229      2.743  38.324421    13.8761    6.50583      2.720    31.7544    23.7055 -9.990e-29
 242.658235      2.739  38.324204    13.8763    6.50547      2.716    31.7540    23.7052 -9.990e-29
 242.658241      2.733  38.324233    13.8766    6.53672      2.710    31.7538    23.7050 -9.990e-29
 242.658247      2.735  38.324547    13.8768    6.53795      2.712    31.7539    23.7050 -9.990e-29
 242.658252      2.743  38.325008    13.8770    6.51769      2.720    31.7542    23.7052 -9.990e-29
 242.658258      2.745  38.325109    13.8773    6.49720      2.722    31.7540    23.7050 -9.990e-29
 242.658264      2.734  38.324989    13.8776    6.49825      2.711    31.7537    23.7047 -9.990e-29
 242.658270      2.721  38.325050    13.8779    6.51514      2.698    31.7535    23.7045 -9.990e-29
 242.658275      2.726  38.324814    13.8783    6.52306      2.703    31.7529    23.7040 -9.990e-29
 242.658281      2.750  38.324531    13.8787    6.51879      2.727    31.7523    23.7034 -9.990e-29
 242.658287      2.777  38.324947    13.8790    6.51347      2.754    31.7525    23.7035 -9.990e-29
 242.658293      2.797  38.325498    13.8791    6.52624      2.774    31.7529    23.7038 -9.990e-29
 242.658299      2.806  38.325794    13.8791    6.53305      2.783    31.7531    23.7040 -9.990e-29
 242.658304      2.810  38.326230    13.8793    6.53590      2.787    31.7534    23.7041 -9.990e-29
 242.658310      2.816  38.326823    13.8797    6.52822      2.792    31.7536    23.7042 -9.990e-29
 242.658316      2.830  38.327237    13.8800    6.51489      2.806    31.7537    23.7042 -9.990e-29
 242.658322      2.848  38.327461    13.8802    6.52413      2.824    31.7538    23.7042 -9.990e-29
 242.658328      2.867  38.327789    13.8804    6.53816      2.843    31.7539    23.7043 -9.990e-29
 242.658333      2.885  38.328094    13.8804    6.54427      2.861    31.7542    23.7045 -9.990e-29
 242.658339      2.892  38.328219    13.8803    6.52849      2.868    31.7544    23.7047 -9.990e-29
 242.658345      2.887  38.328327    13.8803    6.51276      2.863    31.7545    23.7048 -9.990e-29
 242.658351      2.873  38.327998    13.8801    6.52769      2.849    31.7543    23.7047 -9.990e-29
 242.658356      2.861  38.327349    13.8800    6.54093      2.837    31.7538    23.7043 -9.990e-29
 242.658362      2.860  38.327197    13.8803    6.53970      2.836    31.7534    23.7040 -9.990e-29
 242.658368      2.865  38.327335    13.8806    6.52114      2.841    31.7533    23.7038 -9.990e-29
 242.658374      2.872  38.327385    13.8809    6.51095      2.848    31.7531    23.7036 -9.990e-29
 242.658380      2.882  38.327407    13.8811    6.51877      2.858    31.7530    23.7034 -9.990e-29
 242.658385      2.895  38.327427    13.8811    6.52843      2.871    31.7530    23.7034 -9.990e-29
 242.658391      2.908  38.327470    13.8809    6.52729      2.884    31.7532    23.7036 -9.990e-29
 242.658397      2.913  38.327587    13.8806    6.52560      2.889    31.7535    23.7040 -9.990e-29
 242.658403      2.906  38.327932    13.8804    6.53207      2.882    31.7540    23.7044 -9.990e-29
 242.658409      2.891  38.328399    13.8803    6.53013      2.867    31.7545    23.7048 -9.990e-29
 242.658414      2.880  38.328487    13.8802    6.52105      2.856    31.7547    23.7050 -9.990e-29
 242.658420      2.884  38.328312    13.8802    6.51776      2.860    31.7545    23.7048 -9.990e-29
 242.658426      2.905  38.328199    13.8805    6.51969      2.881    31.7542    23.7045 -9.990e-29
 242.658432      2.931  38.327992    13.8805    6.53417      2.907    31.7540    23.7043 -9.990e-29
 242.658437      2.950  38.327973    13.8801    6.53066      2.925    31.7543    23.7046 -9.990e-29
 242.658443      2.960  38.328111    13.8799    6.52322      2.935    31.7546    23.7049 -9.990e-29
 242.658449      2.965  38.328026    13.8802    6.51737      2.940    31.7542    23.7046 -9.990e-29
 242.658455      2.971  38.328162    13.8806    6.51542      2.946    31.7540    23.7044 -9.990e-29
 242.658461      2.976  38.328697    13.8811    6.51588      2.951    31.7541    23.7043 -9.990e-29
 242.658466      2.987  38.329220    13.8816    6.52256      2.962    31.7542    23.7043 -9.990e-29
 242.658472      3.003  38.329303    13.8816    6.51668      2.978    31.7542    23.7043 -9.990e-29
 242.658478      3.018  38.329053    13.8815    6.52322      2.993    31.7541    23.7042 -9.990e-29
 242.658484      3.027  38.329256    13.8818    6.53082      3.002    31.7540    23.7041 -9.990e-29
 242.658490      3.036  38.329616    13.8822    6.53608      3.011    31.7540    23.7040 -9.990e-29
 242.658495      3.054  38.329488    13.8826    6.52849      3.028    31.7536    23.7036 -9.990e-29
 242.658501      3.085  38.329261    13.8826    6.52889      3.059    31.7533    23.7034 -9.990e-29
 242.658507      3.133  38.329189    13.8825    6.52752      3.107    31.7533    23.7034 -9.990e-29
 242.658513      3.196  38.329175    13.8823    6.54164      3.169    31.7535    23.7036 -9.990e-29
 242.658519      3.270  38.329196    13.8820    6.53794      3.243    31.7537    23.7038 -9.990e-29
 242.658524      3.354  38.329275    13.8820    6.54814      3.326    31.7537    23.7039 -9.990e-29
 242.658530      3.459  38.329514    13.8824    6.59005      3.430    31.7536    23.7037 -9.990e-29
 242.658536      3.599  38.329667    13.8826    6.62253      3.569    31.7535    23.7036 0.0000e+00
 242.658542      3.788  38.329375    13.8822    6.64444      3.756    31.7535    23.7037 0.0000e+00
 242.658547      4.038  38.328804    13.8807    6.62648      4.004    31.7541    23.7044 0.0000e+00
 242.658553      4.356  38.327753    13.8766    6.52470      4.320    31.7564    23.7071 0.0000e+00
 242.658559      4.732  38.325376    13.8662    6.41720      4.692    31.7627    23.7140 0.0000e+00
 242.658565      5.148  38.319058    13.8418    6.30740      5.105    31.7769    23.7299 0.0000e+00
 242.658571      5.592  38.302613    13.7935    6.16130      5.545    31.8015    23.7588 0.0000e+00
 242.658576      6.058  38.268129    13.6984    6.03167      6.007    31.8484    23.8142 0.0000e+00
 242.658582      6.541  38.198223    13.5260    5.92306      6.486    31.9270    23.9096 0.0000e+00
 242.658588      7.038  38.071464    13.2851    5.80656      6.979    32.0106    24.0221 0.0000e+00
 242.658594      7.547  37.902782    13.0249    5.62629      7.484    32.0715    24.1205 0.0000e+00
 242.658600      8.060  37.751577    12.7761    5.47343      7.993    32.1397    24.2216 0.0000e+00
 242.658605      8.569  37.643886    12.5423    5.23976      8.497    32.2368    24.3418 0.0000e+00
 242.658611      9.072  37.544305    12.2757    5.02224      8.996    32.3708    24.4963 0.0000e+00
 242.658617      9.578  37.382823    11.9163    4.84243      9.498    32.5273    24.6849 0.0000e+00
 242.658623     10.099  37.113448    11.5346    4.67097     10.014    32.5998    24.8114 0.0000e+00
 242.658628     10.638  36.821102    11.2309    4.56098     10.549    32.5808    24.8514 0.0000e+00
 242.658634     11.191  36.606579    10.9930    4.49068     11.097    32.5796    24.8927 0.0000e+00
 242.658640     11.746  36.443945    10.7936    4.41264     11.648    32.5953    24.9399 0.0000e+00
 242.658646     12.292  36.299652    10.6430    4.35849     12.189    32.5856    24.9585 0.0000e+00
 242.658652     12.829  36.194332    10.5208    4.33046     12.722    32.5893    24.9824 0.0000e+00
 242.658657     13.370  36.104705    10.3994    4.29683     13.258    32.6080    25.0177 0.0000e+00
 242.658663     13.923  35.997586    10.2864    4.26713     13.806    32.6015    25.0318 0.0000e+00
 242.658669     14.486  35.893279    10.1880    4.22964     14.365    32.5845    25.0352 0.0000e+00
 242.658675     15.051  35.801258    10.1046    4.19743     14.925    32.5663    25.0350 0.0000e+00
 242.658681     15.611  35.722706    10.0337    4.15806     15.480    32.5504    25.0344 0.0000e+00
 242.658686     16.161  35.662752     9.9651    4.13121     16.025    32.5512    25.0464 0.0000e+00
 242.658692     16.691  35.610394     9.8979    4.10287     16.551    32.5585    25.0632 0.0000e+00
 242.658698     17.197  35.559156     9.8407    4.07576     17.053    32.5578    25.0721 0.0000e+00
 242.658704     17.682  35.516390     9.7915    4.04480     17.534    32.5585    25.0807 0.0000e+00
 242.658709     18.159  35.483920     9.7297    3.99525     18.007    32.5811    25.1085 0.0000e+00
 242.658715     18.650  35.443109     9.6450    3.97397     18.494    32.6160    25.1495 0.0000e+00
 242.658721     19.165  35.384381     9.5526    3.97202     19.004    32.6397    25.1830 0.0000e+00
 242.658727     19.698  35.322481     9.4639    3.96707     19.533    32.6567    25.2106 0.0000e+00
 242.658733     20.245  35.265673     9.3705    3.98325     20.075    32.6833    25.2463 0.0000e+00
 242.658738     20.801  35.206023     9.2661    3.99647     20.626    32.7171    25.2893 0.0000e+00
 242.658744     21.360  35.140780     9.1683    4.01903     21.181    32.7391    25.3220 0.0000e+00
 242.658750     21.919  35.084397     9.0970    4.11791     21.735    32.7459    25.3386 0.0000e+00
 242.658756     22.475  35.046323     9.0481    4.28762     22.286    32.7512    25.3504 0.0000e+00
 242.658762     23.020  35.015568     9.0078    4.53314     22.827    32.7561    25.3605 0.0000e+00
 242.658767     23.555  34.984184     8.9490    4.79534     23.357    32.7774    25.3864 0.0000e+00
 242.658773     24.089  34.929935     8.8573    5.00176     23.887    32.8054    25.4225 0.0000e+00
 242.658779     24.629  34.841582     8.7657    5.17111     24.422    32.7976    25.4305 0.0000e+00
 242.658785     25.180  34.759386     8.7003    5.28378     24.968    32.7719    25.4204 0.0000e+00
 242.658791     25.740  34.704338     8.6574    5.37963     25.524    32.7537    25.4127 0.0000e+00
 242.658796     26.300  34.668041     8.6259    5.42710     26.079    32.7446    25.4104 0.0000e+00
 242.658802     26.857  34.641321     8.5939    5.45743     26.631    32.7460    25.4163 0.0000e+00
 242.658808     27.414  34.613202     8.5596    5.46250     27.183    32.7480    25.4231 0.0000e+00
 242.658814     27.967  34.583740     8.5289    5.44082     27.732    32.7453    25.4256 0.0000e+00
 242.658819     28.513  34.560728     8.5035    5.41814     28.273    32.7444    25.4287 0.0000e+00
 242.658825     29.049  34.547103     8.4820    5.36999     28.805    32.7498    25.4362 0.0000e+00
 242.658831     29.568  34.539821     8.4627    5.32353     29.319    32.7598    25.4469 0.0000e+00
 242.658837     30.076  34.535890     8.4319    5.28942     29.823    32.7841    25.4706 0.0000e+00
 242.658843     30.574  34.526695     8.3817    5.21765     30.317    32.8209    25.5070 0.0000e+00
 242.658848     31.069  34.510060     8.3296    5.12881     30.807    32.8517    25.5389 0.0000e+00
 242.658854     31.574  34.497988     8.2870    5.02689     31.308    32.8785    25.5663 0.0000e+00
 242.658860     32.097  34.495111     8.2459    4.90739     31.827    32.9137    25.6000 0.0000e+00
 242.658866     32.631  34.499261     8.2034    4.84102     32.356    32.9577    25.6408 0.0000e+00
 242.658872     33.169  34.508673     8.1677    4.76547     32.890    33.0010    25.6801 0.0000e+00
 242.658877     33.702  34.519066     8.1450    4.71125     33.418    33.0332    25.7086 0.0000e+00
 242.658883     34.220  34.528591     8.1303    4.67402     33.932    33.0569    25.7294 0.0000e+00
 242.658889     34.724  34.537044     8.1121    4.62116     34.431    33.0829    25.7525 0.0000e+00
 242.658895     35.219  34.543356     8.0881    4.59099     34.922    33.1120    25.7789 0.0000e+00
 242.658900     35.707  34.548089     8.0657    4.55124     35.406    33.1380    25.8026 0.0000e+00
 242.658906     36.180  34.552503     8.0503    4.49859     35.875    33.1571    25.8198 0.0000e+00
 242.658912     36.630  34.556867     8.0436    4.45515     36.321    33.1679    25.8293 0.0000e+00
 242.658918     37.060  34.559704     8.0393    4.36991     36.747    33.1748    25.8353 0.0000e+00
 242.658924     37.485  34.560305     8.0220    4.25085     37.169    33.1916    25.8511 0.0000e+00
 242.658929     37.923  34.563391     7.9886    4.15279     37.603    33.2264    25.8833 0.0000e+00
 242.658935     38.381  34.570832     7.9548    4.05594     38.057    33.2663    25.9195 0.0000e+00
 242.658941     38.849  34.577967     7.9300    3.98850     38.521    33.2973    25.9475 0.0000e+00
 242.658947     39.318  34.582525     7.9096    3.92322     38.986    33.3214    25.9694 0.0000e+00
 242.658953     39.784  34.586088     7.8906    3.88670     39.448    33.3431    25.9892 0.0000e+00
