data/oxygen options/ONMS/Olympic_Coast_National_Marine_Sanctuary_Hypoxia_Survey_CTD_Data_2004_2015/raw_data/2005/CTD_CE60_052505faed.cnv
* Sea-Bird SBE19 Data File:
* FileName = C:\Documents and Settings\kirner.PTANGELES\Desktop\hypoxia CTD data\CE60__052505.hex
* Software Version 1.1.5
* Temperature SN = 2997
* Conductivity SN = 2997
* System UpLoad Time = May 25 2005 18:06:05
* SEACAT PROFILER V3.1c SN 2997   05/25/05  18:05:01.700
* strain gauge pressure sensor: S/N = 184829,  range = 3000 psia,  tc = 40
# nquan = 9                                 
# nvalues = 787                         
# units = specified
# name 0 = timeJ: Julian Days
# name 1 = prSM: Pressure, Strain Gauge [db]
# name 2 = c0mS/cm: Conductivity [mS/cm]
# name 3 = t090C: Temperature [ITS-90, deg C]
# name 4 = oxML/L: Oxygen, Beckman/YSI [ml/l]
# name 5 = depSM: Depth [salt water, m], lat = 47.5
# name 6 = sal00: Salinity, Practical [PSU]
# name 7 = sigma-é00: Density [sigma-theta, kg/m^3]
# name 8 = flag: flag
# span 0 = 145.558808, 145.563356       
# span 1 =     -3.671,     61.204       
# span 2 =   0.165325,  36.388266       
# span 3 =     8.8267,    14.6918       
# span 4 =   -0.11717,   26.06127       
# span 5 =     -3.640,     60.684       
# span 6 =     0.0992,    33.3398       
# span 7 =    -0.7747,    25.8460       
# span 8 = 0.0000e+00, 0.0000e+00       
# interval = seconds: 0.5
# start_time = May 25 2005 13:24:41 [Instrument's time stamp, header]
# bad_flag = -9.990e-29
*END*
[from data line 481]
 145.561591      2.633  33.593019    14.5590    6.23598      2.611    26.9534    19.8681 -9.990e-29
 145.561597      2.634  33.593754    14.5608    6.23557      2.612    26.9528    19.8673 -9.990e-29
 145.561603      2.627  33.595151    14.5625    6.23279      2.605    26.9529    19.8670 -9.990e-29
 145.561609      2.620  33.596273    14.5639    6.23389      2.598    26.9529    19.8667 -9.990e-29
 145.561615      2.617  33.596935    14.5655    6.23155      2.595    26.9524    19.8660 -9.990e-29
 145.561620      2.617  33.597461    14.5676    6.23058      2.595    26.9514    19.8648 -9.990e-29
 145.561626      2.620  33.598542    14.5695    6.23405      2.598    26.9510    19.8642 -9.990e-29
 145.561632      2.627  33.599924    14.5699    6.23712      2.605    26.9520    19.8648 -9.990e-29
 145.561638      2.634  33.600074    14.5696    6.24736      2.612    26.9523    19.8651 -9.990e-29
 145.561644      2.633  33.599178    14.5701    6.25324      2.611    26.9512    19.8642 -9.990e-29
 145.561649      2.623  33.598831    14.5697    6.24654      2.601    26.9512    19.8642 -9.990e-29
 145.561655      2.613  33.598555    14.5681    6.23991      2.591    26.9520    19.8652 -9.990e-29
 145.561661      2.607  33.597971    14.5679    6.22583      2.585    26.9517    19.8649 -9.990e-29
 145.561667      2.603  33.597969    14.5676    6.20095      2.581    26.9519    19.8652 -9.990e-29
 145.561672      2.606  33.597410    14.5653    6.18635      2.584    26.9530    19.8665 -9.990e-29
 145.561678      2.620  33.595539    14.5630    6.19343      2.598    26.9529    19.8669 -9.990e-29
 145.561684      2.643  33.594332    14.5577    6.22146      2.621    26.9555    19.8699 -9.990e-29
 145.561690      2.670  33.592726    14.5403    6.25403      2.648    26.9661    19.8816 -9.990e-29
 145.561696      2.704  33.585203    14.5126    6.28681      2.681    26.9786    19.8968 -9.990e-29
 145.561701      2.743  33.571807    14.4930    6.29674      2.720    26.9803    19.9020 -9.990e-29
 145.561707      2.780  33.562119    14.4971    6.29306      2.757    26.9688    19.8923 -9.990e-29
 145.561713      2.819  33.565061    14.5228    6.28364      2.795    26.9536    19.8755 -9.990e-29
 145.561719      2.874  33.579494    14.5512    6.22963      2.850    26.9467    19.8645 -9.990e-29
 145.561725      2.957  33.593826    14.5625    6.16990      2.932    26.9516    19.8660 -9.990e-29
 145.561730      3.070  33.597456    14.5541    6.12379      3.044    26.9606    19.8746 -9.990e-29
 145.561736      3.214  33.591295    14.5321    6.11532      3.187    26.9703    19.8865 0.0000e+00
 145.561742      3.396  33.581126    14.4880    6.13744      3.368    26.9918    19.9119 0.0000e+00
 145.561748      3.618  33.565144    14.4022    6.15224      3.588    27.0372    19.9639 0.0000e+00
 145.561753      3.886  33.533233    14.2866    6.15659      3.854    27.0893    20.0270 0.0000e+00
 145.561759      4.200  33.489343    14.1838    6.16365      4.165    27.1219    20.0725 0.0000e+00
 145.561765      4.550  33.453945    14.1133    6.14775      4.512    27.1395    20.0999 0.0000e+00
 145.561771      4.927  33.435287    14.0667    6.16944      4.886    27.1554    20.1213 0.0000e+00
 145.561777      5.327  33.431435    14.0332    6.17074      5.282    27.1754    20.1433 0.0000e+00
 145.561782      5.736  33.446197    14.0045    6.16167      5.688    27.2088    20.1746 0.0000e+00
 145.561788      6.147  33.481862    13.9762    6.11235      6.096    27.2608    20.2202 0.0000e+00
 145.561794      6.563  33.529361    13.9486    6.04241      6.508    27.3230    20.2736 0.0000e+00
 145.561800      6.994  33.587000    13.9180    5.98651      6.936    27.3966    20.3363 0.0000e+00
 145.561806      7.447  33.665482    13.8766    5.98444      7.385    27.4969    20.4216 0.0000e+00
 145.561811      7.920  33.763507    13.8158    6.02879      7.854    27.6290    20.5353 0.0000e+00
 145.561817      8.401  33.896307    13.7154    6.09539      8.331    27.8218    20.7035 0.0000e+00
 145.561823      8.877  34.158539    13.5704    6.14822      8.803    28.1665    20.9974 0.0000e+00
 145.561829      9.354  34.587069    13.4248    6.16622      9.276    28.6672    21.4119 0.0000e+00
 145.561834      9.836  35.020090    13.3169    6.16378      9.754    29.1475    21.8035 0.0000e+00
 145.561840     10.318  35.314060    13.2426    6.14773     10.232    29.4763    22.0718 0.0000e+00
 145.561846     10.799  35.489228    13.1894    6.13868     10.709    29.6799    22.2393 0.0000e+00
 145.561852     11.274  35.598038    13.1444    6.12837     11.180    29.8160    22.3532 0.0000e+00
 145.561858     11.743  35.680146    13.0886    6.12074     11.645    29.9361    22.4567 0.0000e+00
 145.561863     12.212  35.783338    13.0179    6.09956     12.110    30.0880    22.5878 0.0000e+00
 145.561869     12.683  35.908383    12.9460    6.08858     12.577    30.2620    22.7360 0.0000e+00
 145.561875     13.162  36.019028    12.8806    6.09028     13.052    30.4179    22.8691 0.0000e+00
 145.561881     13.653  36.099617    12.8172    6.08956     13.539    30.5444    22.9791 0.0000e+00
 145.561887     14.157  36.160014    12.7541    6.09305     14.038    30.6521    23.0745 0.0000e+00
 145.561892     14.669  36.207836    12.6963    6.07703     14.546    30.7440    23.1566 0.0000e+00
 145.561898     15.182  36.239535    12.6460    6.06720     15.055    30.8148    23.2209 0.0000e+00
 145.561904     15.694  36.260345    12.6067    6.08264     15.562    30.8664    23.2683 0.0000e+00
 145.561910     16.205  36.274435    12.5765    6.08868     16.069    30.9043    23.3034 0.0000e+00
 145.561916     16.717  36.284866    12.5452    6.10356     16.577    30.9397    23.3367 0.0000e+00
 145.561921     17.236  36.300480    12.5123    6.11859     17.091    30.9814    23.3752 0.0000e+00
 145.561927     17.762  36.323011    12.4865    6.13907     17.613    31.0238    23.4129 0.0000e+00
 145.561933     18.285  36.345472    12.4717    6.15662     18.132    31.0571    23.4415 0.0000e+00
 145.561939     18.800  36.360780    12.4651    6.17576     18.642    31.0769    23.4581 0.0000e+00
 145.561944     19.306  36.368579    12.4631    6.18820     19.144    31.0858    23.4654 0.0000e+00
 145.561950     19.800  36.372521    12.4627    6.18688     19.634    31.0897    23.4685 0.0000e+00
 145.561956     20.285  36.374480    12.4620    6.18829     20.115    31.0919    23.4703 0.0000e+00
 145.561962     20.765  36.375368    12.4605    6.18895     20.591    31.0938    23.4721 0.0000e+00
 145.561968     21.246  36.376353    12.4575    6.18451     21.068    31.0971    23.4752 0.0000e+00
 145.561973     21.731  36.377612    12.4523    6.18250     21.548    31.1024    23.4803 0.0000e+00
 145.561979     22.223  36.378563    12.4448    6.16546     22.036    31.1093    23.4871 0.0000e+00
 145.561985     22.719  36.378777    12.4352    6.16024     22.528    31.1172    23.4950 0.0000e+00
 145.561991     23.219  36.377960    12.4231    6.16041     23.024    31.1263    23.5043 0.0000e+00
 145.561997     23.726  36.375567    12.4103    6.13486     23.527    31.1344    23.5131 0.0000e+00
 145.562002     24.234  36.371753    12.3999    6.12417     24.030    31.1392    23.5187 0.0000e+00
 145.562008     24.741  36.367581    12.3914    6.11166     24.533    31.1421    23.5226 0.0000e+00
 145.562014     25.249  36.363636    12.3829    6.10833     25.037    31.1452    23.5266 0.0000e+00
 145.562020     25.752  36.360248    12.3729    6.11224     25.535    31.1501    23.5322 0.0000e+00
 145.562025     26.244  36.357925    12.3621    6.09351     26.023    31.1566    23.5393 0.0000e+00
 145.562031     26.721  36.356918    12.3539    6.09056     26.496    31.1623    23.5453 0.0000e+00
 145.562037     27.185  36.356988    12.3474    6.09020     26.956    31.1676    23.5506 0.0000e+00
 145.562043     27.643  36.357650    12.3372    6.09260     27.410    31.1765    23.5594 0.0000e+00
 145.562049     28.108  36.358646    12.3249    6.10262     27.872    31.1875    23.5703 0.0000e+00
 145.562054     28.587  36.360728    12.3159    6.10660     28.346    31.1968    23.5791 0.0000e+00
 145.562060     29.081  36.364412    12.3107    6.11070     28.836    31.2044    23.5860 0.0000e+00
 145.562066     29.588  36.368422    12.3072    6.12329     29.339    31.2109    23.5918 0.0000e+00
 145.562072     30.101  36.371358    12.3040    6.13134     29.848    31.2162    23.5965 0.0000e+00
 145.562078     30.614  36.373194    12.3008    6.13712     30.356    31.2204    23.6003 0.0000e+00
 145.562083     31.131  36.374677    12.2978    6.13443     30.869    31.2241    23.6038 0.0000e+00
 145.562089     31.654  36.376086    12.2952    6.13792     31.387    31.2274    23.6068 0.0000e+00
 145.562095     32.182  36.377600    12.2932    6.14853     31.911    31.2303    23.6095 0.0000e+00
 145.562101     32.710  36.379538    12.2922    6.14821     32.434    31.2328    23.6116 0.0000e+00
 145.562106     33.230  36.381660    12.2913    6.15115     32.950    31.2354    23.6138 0.0000e+00
 145.562112     33.735  36.383416    12.2905    6.14612     33.451    31.2375    23.6156 0.0000e+00
 145.562118     34.225  36.384327    12.2899    6.14026     33.937    31.2387    23.6166 0.0000e+00
 145.562124     34.699  36.384468    12.2895    6.14843     34.407    31.2390    23.6169 0.0000e+00
 145.562130     35.168  36.384573    12.2889    6.15727     34.872    31.2394    23.6174 0.0000e+00
 145.562135     35.639  36.385324    12.2883    6.16023     35.339    31.2404    23.6183 0.0000e+00
 145.562141     36.112  36.386588    12.2871    6.16758     35.807    31.2424    23.6201 0.0000e+00
 145.562147     36.588  36.387788    12.2843    6.17826     36.279    31.2457    23.6232 0.0000e+00
 145.562153     37.072  36.388266    12.2790    6.18345     36.759    31.2504    23.6278 0.0000e+00
 145.562159     37.559  36.387521    12.2715    6.18017     37.242    31.2558    23.6334 0.0000e+00
 145.562164     38.043  36.385665    12.2626    6.14338     37.722    31.2612    23.6393 0.0000e+00
 145.562170     38.519  36.383007    12.2510    6.08746     38.194    31.2682    23.6468 0.0000e+00
 145.562176     38.985  36.379350    12.2335    6.00748     38.656    31.2791    23.6586 0.0000e+00
 145.562182     39.448  36.373727    12.2069    5.92480     39.115    31.2958    23.6764 0.0000e+00
 145.562187     39.921  36.364228    12.1632    5.84010     39.584    31.3230    23.7057 0.0000e+00
 145.562193     40.404  36.345460    12.0909    5.76187     40.063    31.3655    23.7520 0.0000e+00
 145.562199     40.897  36.310321    11.9883    5.70892     40.552    31.4178    23.8115 0.0000e+00
 145.562205     41.399  36.258477    11.8694    5.66939     41.049    31.4679    23.8722 0.0000e+00
 145.562211     41.898  36.198713    11.7527    5.65501     41.544    31.5087    23.9251 0.0000e+00
 145.562216     42.387  36.140461    11.6493    5.62534     42.029    31.5399    23.9680 0.0000e+00
 145.562222     42.864  36.088437    11.5638    5.57056     42.502    31.5619    24.0006 0.0000e+00
 145.562228     43.324  36.045008    11.4946    5.47697     42.958    31.5784    24.0259 0.0000e+00
 145.562234     43.767  36.011110    11.4286    5.34640     43.397    31.6016    24.0556 0.0000e+00
 145.562240     44.205  35.979082    11.3478    5.20317     43.831    31.6392    24.0993 0.0000e+00
 145.562245     44.651  35.937593    11.2392    5.03217     44.274    31.6916    24.1593 0.0000e+00
 145.562251     45.109  35.885126    11.0849    4.84460     44.728    31.7729    24.2497 0.0000e+00
 145.562257     45.574  35.817858    10.8793    4.65089     45.189    31.8845    24.3724 0.0000e+00
 145.562263     46.041  35.735215    10.6512    4.46158     45.652    32.0015    24.5028 0.0000e+00
 145.562269     46.506  35.652555    10.4340    4.30370     46.113    32.1097    24.6241 0.0000e+00
 145.562274     46.968  35.582398    10.2410    4.17225     46.571    32.2099    24.7348 0.0000e+00
 145.562280     47.436  35.527018    10.0711    4.06070     47.035    32.3051    24.8374 0.0000e+00
 145.562286     47.917  35.483727     9.9158    3.97521     47.512    32.4001    24.9372 0.0000e+00
 145.562292     48.413  35.448017     9.7785    3.90372     48.003    32.4871    25.0277 0.0000e+00
 145.562297     48.917  35.418769     9.6709    3.83687     48.503    32.5543    25.0977 0.0000e+00
 145.562303     49.418  35.402354     9.5862    3.77691     49.000    32.6141    25.1581 0.0000e+00
 145.562309     49.904  35.403013     9.5135    3.72076     49.482    32.6807    25.2219 0.0000e+00
 145.562315     50.366  35.413756     9.4547    3.69057     49.940    32.7452    25.2818 0.0000e+00
 145.562321     50.796  35.425726     9.4137    3.66632     50.366    32.7949    25.3272 0.0000e+00
 145.562326     51.207  35.434697     9.3875    3.64416     50.773    32.8279    25.3572 0.0000e+00
 145.562332     51.610  35.440112     9.3696    3.61640     51.173    32.8498    25.3771 0.0000e+00
 145.562338     52.011  35.443593     9.3552    3.56142     51.570    32.8664    25.3925 0.0000e+00
 145.562344     52.414  35.446428     9.3406    3.49412     51.970    32.8826    25.4074 0.0000e+00
 145.562350     52.827  35.448482     9.3214    3.41009     52.379    32.9022    25.4258 0.0000e+00
 145.562355     53.250  35.449706     9.2879    3.28351     52.799    32.9341    25.4561 0.0000e+00
 145.562361     53.681  35.451743     9.2230    3.13375     53.226    32.9959    25.5148 0.0000e+00
 145.562367     54.121  35.455076     9.1215    2.99317     53.662    33.0932    25.6070 0.0000e+00
 145.562373     54.569  35.456313     9.0123    2.87323     54.106    33.1960    25.7046 0.0000e+00
 145.562378     55.024  35.453182     8.9306    2.81134     54.557    33.2689    25.7745 0.0000e+00
 145.562384     55.479  35.448229     8.8838    2.78329     55.009    33.3074    25.8120 0.0000e+00
 145.562390     55.926  35.444372     8.8615    2.77199     55.452    33.3241    25.8285 0.0000e+00
 145.562396     56.362  35.442074     8.8513    2.78112     55.884    33.3311    25.8356 0.0000e+00
 145.562402     56.791  35.439961     8.8446    2.79044     56.309    33.3350    25.8397 0.0000e+00
 145.562407     57.214  35.436910     8.8389    2.80285     56.729    33.3369    25.8421 0.0000e+00
 145.562413     57.632  35.433909     8.8344    2.82225     57.143    33.3378    25.8435 0.0000e+00
 145.562419     58.045  35.432016     8.8308    2.83151     57.552    33.3391    25.8450 0.0000e+00
 145.562425     58.456  35.430963     8.8286    2.83759     57.960    33.3398    25.8460 0.0000e+00
 145.562431     58.863  35.430480     8.8280    2.84856     58.363    33.3397    25.8460 0.0000e+00
 145.562436     59.264  35.430495     8.8281    2.84553     58.761    33.3394    25.8458 0.0000e+00
 145.562442     59.649  35.430482     8.8281    2.84039     59.143    33.3393    25.8456 0.0000e+00
 145.562448     60.009  35.429875     8.8279    2.84137     59.500    33.3386    25.8452 0.0000e+00
 145.562454     60.336  35.428998     8.8274    2.84102     59.824    33.3380    25.8448 0.0000e+00
 145.562459     60.627  35.428377     8.8269    2.83663     60.112    33.3377    25.8446 0.0000e+00
 145.562465     60.869  35.427759     8.8267    2.84079     60.352    33.3372    25.8442 0.0000e+00
 145.562471     61.048  35.426894     8.8273    2.83565     60.530    33.3356    25.8429 -9.990e-29
 145.562477     61.159  35.426321     8.8285    2.83770     60.640    33.3338    25.8413 -9.990e-29
 145.562483     61.204  35.426412     8.8300    2.84718     60.684    33.3325    25.8401 -9.990e-29
 145.562488     61.187  35.427306     8.8317    2.85425     60.667    33.3318    25.8393 -9.990e-29
 145.562494     61.105  35.428527     8.8328    2.84321     60.586    33.3321    25.8393 -9.990e-29
 145.562500     60.958  35.428914     8.8332    2.84207     60.440    33.3322    25.8393 0.0000e+00
 145.562506     60.754  35.428438     8.8335    2.83623     60.238    33.3315    25.8388 0.0000e+00
