data/oxygen options/ONMS/Olympic_Coast_National_Marine_Sanctuary_Hypoxia_Survey_CTD_Data_2004_2015/raw_data/2005/CTD_TH35_062205faed.cnv
* Sea-Bird SBE19 Data File:
* FileName = C:\hypoxia CTD data\TH35_062205.hex
* Software Version 1.1.5
* Temperature SN = 2997
* Conductivity SN = 2997
* System UpLoad Time = Jun 22 2005 12:32:43
* SEACAT PROFILER V3.1c SN 2997   06/22/05  12:32:18.486
* strain gauge pressure sensor: S/N = 184829,  range = 3000 psia,  tc = 40
# nquan = 9                                 
# nvalues = 559                         
# units = specified
# name 0 = timeJ: Julian Days
# name 1 = prSM: Pressure, Strain Gauge [db]
# name 2 = c0mS/cm: Conductivity [mS/cm]
# name 3 = t090C: Temperature [ITS-90, deg C]
# name 4 = oxML/L: Oxygen, Beckman/YSI [ml/l]
# name 5 = depSM: Depth [salt water, m], lat = 47.5
# name 6 = sal00: Salinity, Practical [PSU]
# name 7 = sigma-é00: Density [sigma-theta, kg/m^3]
# name 8 = flag: flag
# span 0 = 173.417072, 173.420301       
# span 1 =     -3.103,     35.492       
# span 2 =   4.341211,  38.207742       
# span 3 =     8.7745,    15.2652       
# span 4 =   -0.09596,   24.68806       
# span 5 =     -3.077,     35.193       
# span 6 =     3.2732,    33.0665       
# span 7 =     1.6138,    25.6392       
# span 8 = 0.0000e+00, 0.0000e+00       
# interval = seconds: 0.5
# start_time = Jun 22 2005 10:00:35 [Instrument's time stamp, header]
# bad_flag = -9.990e-29
*END*
 173.417072     -3.103 -9.990e-29    14.3098   -0.09587     -3.077 -9.990e-29 -9.990e-29 -9.990e-29
 173.417078     -3.033   6.221494    14.5824   -0.09586     -3.008     4.3212     2.4961 -9.990e-29
 173.417083     -2.944  15.323755    14.8805   -0.09585     -2.919    11.3230     7.8172 -9.990e-29
 173.417089     -2.833  27.017756    15.0704   -0.09593     -2.809    20.9244    15.1376 -9.990e-29
 173.417095     -2.711  34.326534    15.1648   -0.09594     -2.688    27.1829    19.9209 -9.990e-29
 173.417101     -2.595  36.784722    15.2157   -0.09591     -2.573    29.3121    21.5462 -9.990e-29
 173.417106     -2.496  37.600393    15.2374   -0.09584     -2.475    30.0185    22.0848 -9.990e-29
 173.417112     -2.410  37.876116    15.2444   -0.09581     -2.390    30.2580    22.2674 -9.990e-29
 173.417118     -2.333  37.982399    15.2480   -0.09582     -2.314    30.3496    22.3371 -9.990e-29
 173.417124     -2.265  38.034474    15.2503   -0.09586     -2.246    30.3941    22.3708 -9.990e-29
 173.417130     -2.204  38.063697    15.2517   -0.09591     -2.186    30.4189    22.3896 -9.990e-29
 173.417135     -2.148  38.082734    15.2526   -0.09587     -2.130    30.4351    22.4019 -9.990e-29
 173.417141     -2.096  38.091231    15.2525   -0.09585     -2.079    30.4428    22.4078 -9.990e-29
 173.417147     -2.054  38.073657    15.2518   -0.09585     -2.037    30.4277    22.3963 -9.990e-29
 173.417153     -2.025  38.036372    15.2532   -0.09590     -2.008    30.3934    22.3697 -9.990e-29
 173.417159     -2.001  38.023398    15.2581   -0.09592     -1.984    30.3781    22.3568 -9.990e-29
 173.417164     -1.976  38.052838    15.2625   -0.09593     -1.960    30.4008    22.3734 -9.990e-29
 173.417170     -1.950  38.094458    15.2624   -0.09591     -1.934    30.4379    22.4019 -9.990e-29
 173.417176     -1.920  38.118559    15.2592   -0.09588     -1.904    30.4618    22.4210 -9.990e-29
 173.417182     -1.890  38.116955    15.2561   -0.09587     -1.874    30.4628    22.4224 -9.990e-29
 173.417188     -1.864  38.095426    15.2542   -0.09590     -1.848    30.4451    22.4092 -9.990e-29
 173.417193     -1.848  38.081417    15.2531   -0.09591     -1.833    30.4335    22.4005 -9.990e-29
 173.417199     -1.834  38.094456    15.2525   -0.09588     -1.819    30.4455    22.4099 -9.990e-29
 173.417205     -1.813  38.109363    15.2519   -0.09585     -1.798    30.4592    22.4206 -9.990e-29
 173.417211     -1.785  38.097843    15.2508   -0.09585     -1.770    30.4498    22.4136 -9.990e-29
 173.417216     -1.755  38.065916    15.2490   -0.09589     -1.740    30.4228    22.3932 -9.990e-29
 173.417222     -1.727  38.038944    15.2479   -0.09588     -1.713    30.3997    22.3756 -9.990e-29
 173.417228     -1.703  38.036557    15.2488   -0.09586     -1.689    30.3969    22.3733 -9.990e-29
 173.417234     -1.685  38.056197    15.2512   -0.09585     -1.671    30.4125    22.3848 -9.990e-29
 173.417240     -1.668  38.074756    15.2534   -0.09585     -1.654    30.4273    22.3957 -9.990e-29
 173.417245     -1.647  38.072733    15.2542   -0.09587     -1.633    30.4248    22.3936 -9.990e-29
 173.417251     -1.624  38.056470    15.2543   -0.09588     -1.610    30.4103    22.3824 -9.990e-29
 173.417257     -1.603  38.054269    15.2554   -0.09587     -1.590    30.4075    22.3800 -9.990e-29
 173.417263     -1.578  38.076719    15.2572   -0.09585     -1.565    30.4260    22.3939 -9.990e-29
 173.417269     -1.547  38.099412    15.2584   -0.09583     -1.534    30.4453    22.4084 -9.990e-29
 173.417274     -1.517  38.098822    15.2589   -0.09583     -1.504    30.4443    22.4076 -9.990e-29
 173.417280     -1.490  38.086006    15.2595   -0.09588     -1.478    30.4325    22.3984 -9.990e-29
 173.417286     -1.464  38.087129    15.2604   -0.09588     -1.452    30.4328    22.3984 -9.990e-29
 173.417292     -1.438  38.099266    15.2608   -0.09594     -1.426    30.4432    22.4064 -9.990e-29
 173.417297     -1.411  38.105010    15.2604   -0.09596     -1.399    30.4486    22.4106 -9.990e-29
 173.417303     -1.384  38.101430    15.2597   -0.09588     -1.372    30.4460    22.4087 -9.990e-29
 173.417309     -1.361  38.092229    15.2592   -0.09583     -1.350    30.4382    22.4028 -9.990e-29
 173.417315     -1.339  38.086517    15.2590   -0.09583     -1.328    30.4333    22.3991 -9.990e-29
 173.417321     -1.317  38.095811    15.2592   -0.09587     -1.306    30.4413    22.4053 -9.990e-29
 173.417326     -1.287  38.115741    15.2589   -0.09588     -1.276    30.4593    22.4191 -9.990e-29
 173.417332     -1.236  38.130319    15.2570   -0.09593     -1.226    30.4737    22.4306 -9.990e-29
 173.417338     -1.175  38.125392    15.2500   -0.09588     -1.165    30.4747    22.4329 -9.990e-29
 173.417344     -1.125  38.105112    15.2382   -0.09584     -1.116    30.4658    22.4286 -9.990e-29
 173.417350     -1.096  38.091301    15.2327   -0.09583     -1.087    30.4578    22.4236 -9.990e-29
 173.417355     -1.077  38.093088    15.2398   -0.09585     -1.068    30.4539    22.4191 -9.990e-29
 173.417361     -1.056  38.108993    15.2500   -0.09587     -1.047    30.4601    22.4217 -9.990e-29
 173.417367     -1.025  38.132801    15.2550   -0.09590     -1.016    30.4774    22.4339 -9.990e-29
 173.417373     -0.987  38.148647    15.2545   -0.09584     -0.979    30.4918    22.4451 -9.990e-29
 173.417378     -0.953  38.144636    15.2488   -0.09581     -0.945    30.4927    22.4470 -9.990e-29
 173.417384     -0.934  38.128383    15.2428   -0.09581     -0.926    30.4829    22.4407 -9.990e-29
 173.417390     -0.927  38.119788    15.2440   -0.09583     -0.919    30.4743    22.4339 -9.990e-29
 173.417396     -0.920  38.127084    15.2508   -0.09585     -0.912    30.4755    22.4334 -9.990e-29
 173.417402     -0.900  38.144359    15.2562   -0.09587     -0.892    30.4867    22.4408 -9.990e-29
 173.417407     -0.869  38.158253    15.2567   -0.09583     -0.862    30.4986    22.4499 -9.990e-29
 173.417413     -0.848  38.157631    15.2522   -0.09581     -0.841    30.5016    22.4531 -9.990e-29
 173.417419     -0.847  38.147337    15.2488   -0.09582     -0.840    30.4951    22.4488 -9.990e-29
 173.417425     -0.853  38.141752    15.2523   -0.09583     -0.846    30.4874    22.4422 -9.990e-29
 173.417431     -0.841  38.148640    15.2594   -0.09585     -0.834    30.4880    22.4411 -9.990e-29
 173.417436     -0.803  38.164347    15.2633   -0.09588     -0.796    30.4989    22.4487 -9.990e-29
 173.417442     -0.753  38.176790    15.2624   -0.09590     -0.747    30.5106    22.4579 -9.990e-29
 173.417448     -0.708  38.176826    15.2588   -0.09591     -0.702    30.5135    22.4608 -9.990e-29
 173.417454     -0.679  38.167932    15.2567   -0.09589     -0.673    30.5072    22.4564 -9.990e-29
 173.417459     -0.664  38.160747    15.2591   -0.09585     -0.658    30.4989    22.4496 -9.990e-29
 173.417465     -0.649  38.162019    15.2632   -0.09584     -0.644    30.4969    22.4471 -9.990e-29
 173.417471     -0.621  38.169585    15.2652   -0.09585     -0.616    30.5020    22.4507 -9.990e-29
 173.417477     -0.581  38.173406    15.2632   -0.09586     -0.576    30.5070    22.4549 -9.990e-29
 173.417483     -0.545  38.167425    15.2568   -0.09591     -0.540    30.5066    22.4560 -9.990e-29
 173.417488     -0.519  38.157754    15.2482   -0.09592     -0.515    30.5047    22.4563 -9.990e-29
 173.417494     -0.501  38.150071    15.2412   -0.09587     -0.497    30.5033    22.4568 -9.990e-29
 173.417500     -0.490  38.144291    15.2386   -0.09584     -0.486    30.5001    22.4549 -9.990e-29
 173.417506     -0.480  38.141744    15.2422   -0.09585     -0.476    30.4951    22.4503 -9.990e-29
 173.417512     -0.464  38.145266    15.2501   13.66131     -0.460    30.4921    22.4462 -9.990e-29
 173.417517     -0.439  38.152888    15.2564   23.28057     -0.435    30.4939    22.4463 -9.990e-29
 173.417523     -0.413  38.156328    15.2572   24.68806     -0.410    30.4964    22.4480 -9.990e-29
 173.417529     -0.392  38.151266    15.2515   21.68860     -0.389    30.4963    22.4492 -9.990e-29
 173.417535     -0.384  38.143918    15.2419   14.15159     -0.381    30.4972    22.4520 -9.990e-29
 173.417541     -0.389  38.140815    15.2372   11.22176     -0.386    30.4981    22.4537 -9.990e-29
 173.417546     -0.393  38.143493    15.2422   11.23263     -0.390    30.4966    22.4514 -9.990e-29
 173.417552     -0.384  38.153342    15.2505   11.20697     -0.381    30.4989    22.4514 -9.990e-29
 173.417558     -0.362  38.166731    15.2559   11.20916     -0.359    30.5066    22.4562 -9.990e-29
 173.417564     -0.339  38.174656    15.2588   11.20281     -0.336    30.5114    22.4593 -9.990e-29
 173.417569     -0.324  38.179897    15.2610   11.20231     -0.321    30.5143    22.4610 -9.990e-29
 173.417575     -0.319  38.188384    15.2628   11.19829     -0.316    30.5205    22.4654 -9.990e-29
 173.417581     -0.312  38.195794    15.2636   11.19636     -0.309    30.5264    22.4698 -9.990e-29
 173.417587     -0.297  38.200856    15.2627   11.19667     -0.295    30.5316    22.4740 -9.990e-29
 173.417593     -0.266  38.203094    15.2607   11.19418     -0.264    30.5352    22.4771 -9.990e-29
 173.417598     -0.228  38.202190    15.2593   10.35502     -0.226    30.5355    22.4776 -9.990e-29
 173.417604     -0.197  38.201492    15.2594    7.11423     -0.195    30.5347    22.4771 -9.990e-29
 173.417610     -0.178  38.201813    15.2606    5.00577     -0.177    30.5341    22.4763 -9.990e-29
 173.417616     -0.168  38.202523    15.2623    4.11866     -0.167    30.5334    22.4754 -9.990e-29
 173.417622     -0.155  38.203512    15.2635    4.54146     -0.154    30.5333    22.4751 -9.990e-29
 173.417627     -0.133  38.204481    15.2636    5.82102     -0.132    30.5341    22.4757 -9.990e-29
 173.417633     -0.098  38.204545    15.2629    6.36997     -0.097    30.5347    22.4763 -9.990e-29
 173.417639     -0.061  38.203853    15.2622    6.61965     -0.060    30.5346    22.4764 -9.990e-29
 173.417645     -0.033  38.203790    15.2619    6.74216     -0.033    30.5348    22.4766 -9.990e-29
 173.417650     -0.016  38.204336    15.2619    6.79318     -0.016    30.5353    22.4769 -9.990e-29
 173.417656     -0.005  38.204600    15.2617    6.82422     -0.005    30.5356    22.4773 -9.990e-29
 173.417662      0.009  38.204437    15.2611    6.86651      0.009    30.5360    22.4777 -9.990e-29
 173.417668      0.032  38.203697    15.2602    6.87561      0.032    30.5360    22.4779 -9.990e-29
 173.417674      0.060  38.202579    15.2592    6.88038      0.059    30.5358    22.4779 -9.990e-29
 173.417679      0.088  38.201900    15.2587    6.86858      0.087    30.5355    22.4779 -9.990e-29
 173.417685      0.111  38.201941    15.2588    6.85287      0.110    30.5355    22.4778 -9.990e-29
 173.417691      0.132  38.202260    15.2591    6.85308      0.131    30.5355    22.4778 -9.990e-29
 173.417697      0.153  38.202224    15.2591    6.85390      0.152    30.5355    22.4777 -9.990e-29
 173.417703      0.174  38.201851    15.2589    6.85519      0.173    30.5353    22.4776 -9.990e-29
 173.417708      0.193  38.201828    15.2589    6.84994      0.191    30.5353    22.4776 -9.990e-29
 173.417714      0.206  38.202190    15.2591    6.84128      0.204    30.5355    22.4777 -9.990e-29
 173.417720      0.219  38.202364    15.2593    6.82731      0.217    30.5354    22.4777 -9.990e-29
 173.417726      0.236  38.202084    15.2590    6.81869      0.234    30.5354    22.4777 -9.990e-29
 173.417731      0.259  38.201043    15.2586    6.81018      0.257    30.5348    22.4773 -9.990e-29
 173.417737      0.286  38.200161    15.2585    6.81003      0.284    30.5341    22.4768 -9.990e-29
 173.417743      0.304  38.200569    15.2586    6.81551      0.301    30.5344    22.4770 -9.990e-29
 173.417749      0.307  38.201193    15.2589    6.80245      0.304    30.5347    22.4772 -9.990e-29
 173.417755      0.303  38.201245    15.2593    6.78334      0.300    30.5344    22.4769 -9.990e-29
 173.417760      0.304  38.200299    15.2596    6.77677      0.301    30.5333    22.4760 -9.990e-29
 173.417766      0.316  38.199401    15.2597    6.78348      0.313    30.5325    22.4753 -9.990e-29
 173.417772      0.339  38.200223    15.2597    6.79622      0.336    30.5332    22.4758 -9.990e-29
 173.417778      0.365  38.201122    15.2597    6.79102      0.362    30.5340    22.4764 -9.990e-29
 173.417784      0.384  38.200555    15.2599    6.77540      0.381    30.5333    22.4759 -9.990e-29
 173.417789      0.398  38.199515    15.2602    6.76814      0.395    30.5321    22.4749 -9.990e-29
 173.417795      0.410  38.199473    15.2601    6.75927      0.407    30.5322    22.4750 -9.990e-29
 173.417801      0.422  38.200406    15.2596    6.75573      0.418    30.5334    22.4760 -9.990e-29
 173.417807      0.434  38.201336    15.2591    6.75431      0.430    30.5346    22.4771 -9.990e-29
 173.417813      0.448  38.201841    15.2591    6.74858      0.444    30.5351    22.4774 -9.990e-29
 173.417818      0.464  38.202041    15.2593    6.74254      0.460    30.5351    22.4774 -9.990e-29
 173.417824      0.483  38.202206    15.2598    6.73980      0.479    30.5348    22.4771 -9.990e-29
 173.417830      0.507  38.202559    15.2601    6.74608      0.503    30.5349    22.4771 -9.990e-29
 173.417836      0.532  38.203015    15.2600    6.75492      0.528    30.5354    22.4775 -9.990e-29
 173.417841      0.553  38.203061    15.2600    6.74941      0.548    30.5354    22.4775 -9.990e-29
 173.417847      0.565  38.202760    15.2603    6.73785      0.560    30.5349    22.4770 -9.990e-29
 173.417853      0.569  38.202837    15.2610    6.72302      0.564    30.5344    22.4765 -9.990e-29
 173.417859      0.567  38.203397    15.2619    6.71441      0.562    30.5342    22.4762 -9.990e-29
 173.417865      0.561  38.204067    15.2622    6.73070      0.556    30.5346    22.4764 -9.990e-29
 173.417870      0.560  38.204621    15.2618    6.72789      0.555    30.5354    22.4771 -9.990e-29
 173.417876      0.565  38.204680    15.2615    6.72048      0.560    30.5357    22.4774 -9.990e-29
 173.417882      0.566  38.204326    15.2616    6.71276      0.561    30.5353    22.4770 -9.990e-29
 173.417888      0.565  38.204212    15.2616    6.70468      0.560    30.5352    22.4770 -9.990e-29
 173.417894      0.569  38.204187    15.2615    6.70657      0.564    30.5352    22.4770 -9.990e-29
 173.417899      0.582  38.203663    15.2617    6.70657      0.577    30.5346    22.4765 -9.990e-29
 173.417905      0.603  38.202504    15.2621    6.69588      0.598    30.5333    22.4754 -9.990e-29
 173.417911      0.622  38.201973    15.2624    6.69567      0.617    30.5325    22.4748 -9.990e-29
 173.417917      0.638  38.203047    15.2626    6.69409      0.633    30.5333    22.4753 -9.990e-29
 173.417922      0.651  38.204355    15.2629    6.69042      0.646    30.5343    22.4760 -9.990e-29
 173.417928      0.666  38.205400    15.2636    6.68668      0.660    30.5346    22.4761 -9.990e-29
 173.417934      0.688  38.206456    15.2643    6.67855      0.682    30.5350    22.4763 -9.990e-29
 173.417940      0.716  38.207255    15.2646    6.68893      0.710    30.5355    22.4766 -9.990e-29
 173.417946      0.741  38.207742    15.2643    6.70159      0.735    30.5361    22.4771 -9.990e-29
 173.417951      0.757  38.207447    15.2635    6.69872      0.751    30.5365    22.4776 -9.990e-29
 173.417957      0.765  38.206539    15.2627    6.68404      0.759    30.5363    22.4776 -9.990e-29
 173.417963      0.770  38.206053    15.2622    6.65945      0.764    30.5363    22.4777 -9.990e-29
 173.417969      0.772  38.205906    15.2618    6.65221      0.766    30.5365    22.4779 -9.990e-29
 173.417975      0.775  38.205343    15.2614    6.68364      0.769    30.5363    22.4779 -9.990e-29
 173.417980      0.779  38.204739    15.2612    6.68568      0.772    30.5359    22.4776 -9.990e-29
 173.417986      0.782  38.204412    15.2610    6.66896      0.775    30.5357    22.4775 -9.990e-29
 173.417992      0.782  38.203929    15.2606    6.65178      0.775    30.5356    22.4775 -9.990e-29
