data/oxygen options/ONMS/Olympic_Coast_National_Marine_Sanctuary_Hypoxia_Survey_CTD_Data_2004_2015/raw_data/2005/CTD_TH80_062205faed.cnv
* Sea-Bird SBE19 Data File:
* FileName = C:\hypoxia CTD data\TH80_062205.hex
* Software Version 1.1.5
* Temperature SN = 2997
* Conductivity SN = 2997
* System UpLoad Time = Jun 22 2005 13:24:02
* SEACAT PROFILER V3.1c SN 2997   06/22/05  13:23:42.690
* strain gauge pressure sensor: S/N = 184829,  range = 3000 psia,  tc = 40
# nquan = 9                                 
# nvalues = 1502                        
# units = specified
# name 0 = timeJ: Julian Days
# name 1 = prSM: Pressure, Strain Gauge [db]
# name 2 = c0mS/cm: Conductivity [mS/cm]
# name 3 = t090C: Temperature [ITS-90, deg C]
# name 4 = oxML/L: Oxygen, Beckman/YSI [ml/l]
# name 5 = depSM: Depth [salt water, m], lat = 47.5
# name 6 = sal00: Salinity, Practical [PSU]
# name 7 = sigma-é00: Density [sigma-theta, kg/m^3]
# name 8 = flag: flag
# span 0 = 173.549294, 173.557980       
# span 1 =     -1.987,     82.839       
# span 2 =   0.260956,  38.635502       
# span 3 =     7.8755,    16.7174       
# span 4 =  -14.34843,   24.59306       
# span 5 =     -1.970,     82.131       
# span 6 =     0.1496,    33.5740       
# span 7 =    -1.0592,    26.1733       
# span 8 = 0.0000e+00, 0.0000e+00       
# interval = seconds: 0.5
# start_time = Jun 22 2005 13:10:59 [Instrument's time stamp, header]
# bad_flag = -9.990e-29
*END*
[from data line 1121]
 173.555781     74.414  34.805919     7.8806    2.72557     73.780    33.5718    26.1708 0.0000e+00
 173.555787     74.022  34.805864     7.8808    2.72151     73.391    33.5718    26.1707 0.0000e+00
 173.555793     73.599  34.805862     7.8807    2.71940     72.972    33.5721    26.1709 0.0000e+00
 173.555799     73.147  34.805875     7.8807    2.73167     72.524    33.5723    26.1711 0.0000e+00
 173.555804     72.665  34.805884     7.8811    2.72933     72.046    33.5721    26.1709 0.0000e+00
 173.555810     72.165  34.805864     7.8817    2.72711     71.550    33.5718    26.1706 0.0000e+00
 173.555816     71.667  34.805756     7.8817    2.71111     71.057    33.5719    26.1706 0.0000e+00
 173.555822     71.191  34.805381     7.8814    2.70548     70.585    33.5720    26.1708 0.0000e+00
 173.555828     70.748  34.804764     7.8813    2.71551     70.146    33.5717    26.1705 0.0000e+00
 173.555833     70.333  34.804169     7.8812    2.72019     69.734    33.5713    26.1702 0.0000e+00
 173.555839     69.923  34.803886     7.8811    2.72588     69.328    33.5713    26.1702 0.0000e+00
 173.555845     69.496  34.804059     7.8812    2.72369     68.904    33.5716    26.1704 0.0000e+00
 173.555851     69.051  34.804320     7.8816    2.71922     68.463    33.5717    26.1705 0.0000e+00
 173.555856     68.606  34.804423     7.8820    2.71922     68.022    33.5716    26.1704 0.0000e+00
 173.555862     68.180  34.804468     7.8820    2.71222     67.600    33.5719    26.1705 0.0000e+00
 173.555868     67.780  34.804481     7.8819    2.70972     67.203    33.5722    26.1708 0.0000e+00
 173.555874     67.394  34.804443     7.8821    2.70152     66.821    33.5721    26.1707 0.0000e+00
 173.555880     66.996  34.804267     7.8831    2.69340     66.426    33.5712    26.1698 0.0000e+00
 173.555885     66.571  34.804239     7.8862    2.68592     66.005    33.5684    26.1671 0.0000e+00
 173.555891     66.116  34.804846     7.8915    2.67595     65.554    33.5641    26.1630 0.0000e+00
 173.555897     65.642  34.805741     7.8968    2.66370     65.084    33.5602    26.1592 0.0000e+00
 173.555903     65.161  34.806399     7.9013    2.66427     64.607    33.5568    26.1559 0.0000e+00
 173.555909     64.685  34.807106     7.9054    2.66792     64.135    33.5539    26.1529 0.0000e+00
 173.555914     64.226  34.808208     7.9090    2.67304     63.680    33.5518    26.1508 0.0000e+00
 173.555920     63.785  34.809460     7.9134    2.68631     63.243    33.5491    26.1480 0.0000e+00
 173.555926     63.347  34.810813     7.9202    2.69429     62.809    33.5443    26.1432 0.0000e+00
 173.555932     62.902  34.812354     7.9305    2.70837     62.368    33.5362    26.1354 0.0000e+00
 173.555938     62.450  34.814420     7.9446    2.71508     61.919    33.5251    26.1246 0.0000e+00
 173.555943     62.001  34.817489     7.9590    2.72387     61.474    33.5148    26.1144 0.0000e+00
 173.555949     61.570  34.820575     7.9704    2.73168     61.047    33.5074    26.1069 0.0000e+00
 173.555955     61.163  34.823275     7.9813    2.73628     60.644    33.5001    26.0995 0.0000e+00
 173.555961     60.776  34.826915     7.9939    2.75299     60.260    33.4921    26.0914 0.0000e+00
 173.555966     60.401  34.831271     8.0059    2.76069     59.888    33.4854    26.0844 0.0000e+00
 173.555972     60.031  34.834828     8.0161    2.78161     59.521    33.4796    26.0784 0.0000e+00
 173.555978     59.657  34.837251     8.0290    2.80328     59.151    33.4700    26.0689 0.0000e+00
 173.555984     59.262  34.840054     8.0488    2.85106     58.759    33.4543    26.0537 0.0000e+00
 173.555990     58.838  34.844696     8.0745    2.91379     58.339    33.4349    26.0347 0.0000e+00
 173.555995     58.390  34.850043     8.1075    2.99502     57.894    33.4093    26.0097 0.0000e+00
 173.556001     57.921  34.855348     8.1506    3.08117     57.430    33.3742    25.9757 0.0000e+00
 173.556007     57.436  34.861486     8.1959    3.14829     56.949    33.3378    25.9405 0.0000e+00
 173.556013     56.944  34.868204     8.2330    3.18992     56.461    33.3100    25.9131 0.0000e+00
 173.556019     56.451  34.874345     8.2610    3.19503     55.972    33.2902    25.8934 0.0000e+00
 173.556024     55.956  34.879661     8.2858    3.19384     55.481    33.2726    25.8759 0.0000e+00
 173.556030     55.457  34.885047     8.3137    3.19202     54.987    33.2521    25.8557 0.0000e+00
 173.556036     54.957  34.892047     8.3469    3.19149     54.491    33.2284    25.8321 0.0000e+00
 173.556042     54.462  34.900993     8.3783    3.20596     54.000    33.2084    25.8117 0.0000e+00
 173.556047     53.987  34.909212     8.4005    3.20872     53.529    33.1964    25.7990 0.0000e+00
 173.556053     53.546  34.914744     8.4129    3.20605     53.092    33.1908    25.7927 0.0000e+00
 173.556059     53.140  34.918209     8.4192    3.20726     52.690    33.1887    25.7901 0.0000e+00
 173.556065     52.764  34.920269     8.4227    3.20411     52.317    33.1877    25.7888 0.0000e+00
 173.556071     52.404  34.921396     8.4247    3.22375     51.960    33.1872    25.7881 0.0000e+00
 173.556076     52.035  34.921934     8.4262    3.24297     51.594    33.1865    25.7873 0.0000e+00
 173.556082     51.641  34.922003     8.4300    3.28908     51.204    33.1832    25.7841 0.0000e+00
 173.556088     51.207  34.922218     8.4381    3.32605     50.773    33.1760    25.7773 0.0000e+00
 173.556094     50.732  34.923388     8.4521    3.38342     50.302    33.1643    25.7659 0.0000e+00
 173.556100     50.224  34.925354     8.4735    3.42041     49.799    33.1465    25.7487 0.0000e+00
 173.556105     49.694  34.927341     8.5072    3.42824     49.273    33.1172    25.7207 0.0000e+00
 173.556111     49.155  34.929723     8.5539    3.44885     48.739    33.0761    25.6814 0.0000e+00
 173.556117     48.624  34.933964     8.6001    3.44841     48.213    33.0376    25.6442 0.0000e+00
 173.556123     48.113  34.940084     8.6319    3.46436     47.706    33.0145    25.6213 0.0000e+00
 173.556128     47.630  34.945569     8.6464    3.46638     47.227    33.0070    25.6131 0.0000e+00
 173.556134     47.173  34.948736     8.6497    3.47223     46.774    33.0074    25.6130 0.0000e+00
 173.556140     46.734  34.950414     8.6508    3.47767     46.339    33.0083    25.6135 0.0000e+00
 173.556146     46.307  34.951124     8.6574    3.48393     45.915    33.0031    25.6084 0.0000e+00
 173.556152     45.894  34.952338     8.6730    3.51238     45.506    32.9900    25.5958 0.0000e+00
 173.556157     45.500  34.956197     8.6917    3.52447     45.115    32.9768    25.5825 0.0000e+00
 173.556163     45.117  34.960523     8.7103    3.55941     44.736    32.9642    25.5698 0.0000e+00
 173.556169     44.731  34.963765     8.7339    3.60475     44.353    32.9458    25.5518 0.0000e+00
 173.556175     44.342  34.967970     8.7602    3.65158     43.967    32.9259    25.5322 0.0000e+00
 173.556181     43.944  34.971984     8.7855    3.69422     43.573    32.9068    25.5133 0.0000e+00
 173.556186     43.531  34.973840     8.8152    3.71931     43.163    32.8814    25.4888 0.0000e+00
 173.556192     43.097  34.975421     8.8510    3.74396     42.733    32.8500    25.4587 0.0000e+00
 173.556198     42.644  34.977680     8.8845    3.75783     42.284    32.8216    25.4313 0.0000e+00
 173.556204     42.178  34.979115     8.9094    3.76622     41.822    32.8003    25.4107 0.0000e+00
 173.556209     41.707  34.978807     8.9263    3.79000     41.355    32.7846    25.3958 0.0000e+00
 173.556215     41.240  34.976875     8.9367    3.80368     40.892    32.7732    25.3853 0.0000e+00
 173.556221     40.778  34.974075     8.9481    3.80847     40.434    32.7600    25.3731 0.0000e+00
 173.556227     40.320  34.970002     8.9680    3.82129     39.980    32.7376    25.3525 0.0000e+00
 173.556233     39.872  34.963113     8.9900    3.85162     39.535    32.7104    25.3278 0.0000e+00
 173.556238     39.435  34.954836     9.0060    3.89107     39.102    32.6873    25.3072 0.0000e+00
 173.556244     39.002  34.948112     9.0186    3.93280     38.673    32.6689    25.2909 0.0000e+00
 173.556250     38.568  34.942913     9.0410    3.98249     38.243    32.6431    25.2672 0.0000e+00
 173.556256     38.131  34.937316     9.0848    4.02150     37.809    32.5974    25.2246 0.0000e+00
 173.556262     37.684  34.927743     9.1450    4.07080     37.366    32.5326    25.1645 0.0000e+00
 173.556267     37.224  34.912053     9.2144    4.11164     36.910    32.4534    25.0916 0.0000e+00
 173.556273     36.760  34.893980     9.2817    4.14383     36.450    32.3739    25.0188 0.0000e+00
 173.556279     36.302  34.880799     9.3253    4.18414     35.996    32.3210    24.9706 0.0000e+00
 173.556285     35.854  34.876214     9.3439    4.19003     35.552    32.2997    24.9510 0.0000e+00
 173.556291     35.419  34.876345     9.3538    4.21864     35.120    32.2911    24.9427 0.0000e+00
 173.556296     34.984  34.876316     9.3628    4.25054     34.689    32.2831    24.9350 0.0000e+00
 173.556302     34.531  34.873832     9.3822    4.27881     34.240    32.2633    24.9164 0.0000e+00
 173.556308     34.049  34.866686     9.4191    4.30516     33.762    32.2229    24.8790 0.0000e+00
 173.556314     33.537  34.856545     9.4580    4.30861     33.254    32.1778    24.8375 0.0000e+00
 173.556319     33.005  34.849490     9.4864    4.31585     32.727    32.1453    24.8076 0.0000e+00
 173.556325     32.474  34.847878     9.5053    4.32686     32.200    32.1269    24.7902 0.0000e+00
 173.556331     31.966  34.849553     9.5173    4.32696     31.697    32.1181    24.7814 0.0000e+00
 173.556337     31.492  34.852256     9.5250    4.33573     31.227    32.1142    24.7771 0.0000e+00
 173.556343     31.047  34.854537     9.5336    4.34375     30.786    32.1090    24.7717 0.0000e+00
 173.556348     30.624  34.856622     9.5477    4.36383     30.366    32.0987    24.7614 0.0000e+00
 173.556354     30.222  34.859033     9.5628    4.38695     29.968    32.0879    24.7505 0.0000e+00
 173.556360     29.837  34.861610     9.5723    4.42198     29.586    32.0822    24.7445 0.0000e+00
 173.556366     29.452  34.863853     9.5812    4.46112     29.204    32.0767    24.7388 0.0000e+00
 173.556372     29.044  34.865375     9.6037    4.51626     28.800    32.0583    24.7208 0.0000e+00
 173.556377     28.594  34.869874     9.6444    4.55832     28.353    32.0268    24.6896 0.0000e+00
 173.556383     28.096  34.878847     9.6895    4.58388     27.860    31.9960    24.6583 0.0000e+00
 173.556389     27.557  34.884069     9.7295    4.61812     27.325    31.9660    24.6284 0.0000e+00
 173.556395     26.997  34.882970     9.7661    4.66154     26.770    31.9326    24.5964 0.0000e+00
 173.556400     26.441  34.885289     9.7933    4.72331     26.219    31.9111    24.5752 0.0000e+00
 173.556406     25.913  34.892991     9.8061    4.77985     25.695    31.9078    24.5706 0.0000e+00
 173.556412     25.422  34.898965     9.8197    4.85075     25.208    31.9021    24.5638 0.0000e+00
 173.556418     24.954  34.906684     9.8535    4.95273     24.744    31.8802    24.5413 0.0000e+00
 173.556424     24.493  34.926425     9.9259    5.07136     24.287    31.8365    24.4953 0.0000e+00
 173.556429     24.034  34.973284    10.0332    5.19749     23.832    31.7896    24.4411 0.0000e+00
 173.556435     23.582  35.044154    10.1305    5.32091     23.384    31.7757    24.4142 0.0000e+00
 173.556441     23.139  35.104060    10.1882    5.41626     22.945    31.7856    24.4123 0.0000e+00
 173.556447     22.703  35.137606    10.2182    5.53087     22.512    31.7932    24.4133 0.0000e+00
 173.556453     22.266  35.154772    10.2608    5.63308     22.079    31.7733    24.3907 0.0000e+00
 173.556458     21.817  35.181240    10.3483    5.70502     21.634    31.7236    24.3372 0.0000e+00
 173.556464     21.351  35.241076    10.4573    5.75413     21.172    31.6886    24.2916 0.0000e+00
 173.556470     20.867  35.314284    10.5461    5.85276     20.692    31.6846    24.2735 0.0000e+00
 173.556476     20.368  35.369564    10.6067    6.07196     20.197    31.6872    24.2652 0.0000e+00
 173.556481     19.862  35.404963    10.6540    6.34665     19.695    31.6816    24.2527 0.0000e+00
 173.556487     19.354  35.432369    10.7027    6.67695     19.192    31.6668    24.2329 0.0000e+00
 173.556493     18.842  35.460853    10.7776    7.02614     18.684    31.6304    24.1917 0.0000e+00
 173.556499     18.323  35.506524    10.9268    7.30111     18.169    31.5472    24.1011 0.0000e+00
 173.556505     17.799  35.608409    11.2060    7.53610     17.650    31.4085    23.9445 0.0000e+00
 173.556510     17.274  35.810981    11.6199    7.72638     17.129    31.2554    23.7519 0.0000e+00
 173.556516     16.758  36.097348    12.0580    7.77602     16.617    31.1644    23.6016 0.0000e+00
 173.556522     16.261  36.385784    12.3687    7.76608     16.125    31.1816    23.5572 0.0000e+00
 173.556528     15.786  36.597338    12.5666    7.69351     15.654    31.2186    23.5486 0.0000e+00
 173.556534     15.323  36.732734    12.8052    7.63688     15.195    31.1495    23.4497 0.0000e+00
 173.556539     14.869  36.877788    13.0850    7.64748     14.744    31.0561    23.3235 0.0000e+00
 173.556545     14.424  37.033043    13.2763    7.72082     14.303    31.0451    23.2776 0.0000e+00
 173.556551     13.986  37.113431    13.3949    7.80202     13.869    31.0235    23.2376 0.0000e+00
 173.556557     13.554  37.156102    13.5255    7.82611     13.440    30.9572    23.1606 0.0000e+00
 173.556563     13.119  37.239830    13.6723    7.75156     13.009    30.9161    23.0996 0.0000e+00
 173.556568     12.669  37.345610    13.8492    7.60727     12.563    30.8713    23.0295 0.0000e+00
 173.556574     12.191  37.451891    14.0852    7.45918     12.089    30.7798    22.9112 0.0000e+00
 173.556580     11.689  37.581523    14.3532    7.35058     11.591    30.6849    22.7832 0.0000e+00
 173.556586     11.174  37.737466    14.5707    7.28427     11.080    30.6543    22.7147 0.0000e+00
 173.556591     10.661  37.867502    14.6909    7.27034     10.572    30.6770    22.7071 0.0000e+00
 173.556597     10.167  37.938148    14.7428    7.27879     10.082    30.6999    22.7139 0.0000e+00
 173.556603      9.703  37.970730    14.7695    7.29297      9.622    30.7083    22.7148 0.0000e+00
 173.556609      9.263  37.990189    14.7885    7.27316      9.185    30.7110    22.7129 0.0000e+00
 173.556615      8.826  38.002830    14.8010    7.23553      8.752    30.7127    22.7115 0.0000e+00
 173.556620      8.377  38.008112    14.8221    7.22494      8.307    30.7010    22.6980 0.0000e+00
 173.556626      7.914  38.022035    14.8606    7.18809      7.848    30.6834    22.6764 0.0000e+00
 173.556632      7.450  38.053053    14.8964    7.21459      7.388    30.6832    22.6687 0.0000e+00
 173.556638      7.002  38.081951    14.9149    7.22782      6.943    30.6948    22.6737 0.0000e+00
 173.556644      6.575  38.097347    14.9205    7.22512      6.520    30.7043    22.6798 0.0000e+00
 173.556649      6.169  38.102939    14.9247    7.21116      6.117    30.7062    22.6804 0.0000e+00
 173.556655      5.787  38.107290    14.9414    7.16469      5.739    30.6971    22.6698 0.0000e+00
 173.556661      5.436  38.121232    14.9763    7.13921      5.391    30.6823    22.6510 0.0000e+00
 173.556667      5.117  38.149320    15.0230    7.14234      5.074    30.6709    22.6324 0.0000e+00
 173.556672      4.837  38.193663    15.0681    7.13965      4.797    30.6753    22.6262 0.0000e+00
 173.556678      4.604  38.241037    15.0971    7.11947      4.566    30.6950    22.6351 0.0000e+00
 173.556684      4.419  38.265441    15.1094    7.10041      4.382    30.7072    22.6419 0.0000e+00
 173.556690      4.276  38.266883    15.1196    7.08083      4.240    30.7005    22.6346 -9.990e-29
 173.556696      4.168  38.272507    15.1339    7.07138      4.133    30.6944    22.6268 -9.990e-29
