data/oxygen options/ONMS/Olympic_Coast_National_Marine_Sanctuary_Hypoxia_Survey_CTD_Data_2004_2015/raw_data/2005/CTD_TH80_070705faed.cnv
* Sea-Bird SBE19 Data File:
* FileName = C:\Hypoxia Data\TH80_070705.hex
* Software Version 1.1.6
* Temperature SN = 2997
* Conductivity SN = 2997
* System UpLoad Time = Jul 07 2005 11:43:09
* SEACAT PROFILER V3.1c SN 2997   07/07/05  11:42:35.142
* strain gauge pressure sensor: S/N = 184829,  range = 3000 psia,  tc = 40
# nquan = 9                                 
# nvalues = 802                         
# units = specified
# name 0 = timeJ: Julian Days
# name 1 = prSM: Pressure, Strain Gauge [db]
# name 2 = c0mS/cm: Conductivity [mS/cm]
# name 3 = t090C: Temperature [ITS-90, deg C]
# name 4 = oxML/L: Oxygen, Beckman/YSI [ml/l]
# name 5 = depSM: Depth [salt water, m], lat = 47.5
# name 6 = sal00: Salinity, Practical [PSU]
# name 7 = sigma-é00: Density [sigma-theta, kg/m^3]
# name 8 = flag: flag
# span 0 = 188.457083, 188.461719       
# span 1 =     -3.095,     80.948       
# span 2 =   0.974332,  38.478362       
# span 3 =     7.7274,    14.7661       
# span 4 =   -0.11678,   22.96113       
# span 5 =     -3.069,     80.257       
# span 6 =     0.6079,    33.6728       
# span 7 =    -0.3857,    26.2724       
# span 8 = 0.0000e+00, 0.0000e+00       
# interval = seconds: 0.5
# start_time = Jul 07 2005 10:58:12 [Instrument's time stamp, header]
# bad_flag = -9.990e-29
*END*
[from data line 481]
 188.459867     44.684  35.190786     9.2399    4.67760     44.306    32.7146    25.2920 0.0000e+00
 188.459873     45.215  35.198141     9.2393    4.66876     44.833    32.7226    25.2983 0.0000e+00
 188.459878     45.729  35.205981     9.2378    4.65100     45.342    32.7318    25.3058 0.0000e+00
 188.459884     46.222  35.211281     9.2354    4.62101     45.831    32.7393    25.3120 0.0000e+00
 188.459890     46.689  35.213241     9.2320    4.57508     46.294    32.7442    25.3164 0.0000e+00
 188.459896     47.136  35.212780     9.2245    4.52496     46.737    32.7504    25.3224 0.0000e+00
 188.459902     47.577  35.209275     9.2018    4.44910     47.174    32.7674    25.3393 0.0000e+00
 188.459907     48.029  35.199167     9.1515    4.29640     47.623    32.8030    25.3751 0.0000e+00
 188.459913     48.502  35.179067     9.0764    4.11560     48.092    32.8511    25.4246 0.0000e+00
 188.459919     49.001  35.151882     8.9957    3.91822     48.586    32.8972    25.4733 0.0000e+00
 188.459925     49.520  35.134610     8.9269    3.74893     49.101    32.9427    25.5197 0.0000e+00
 188.459931     50.048  35.133356     8.8716    3.65671     49.624    32.9926    25.5672 0.0000e+00
 188.459936     50.577  35.129052     8.8237    3.59846     50.149    33.0324    25.6059 0.0000e+00
 188.459942     51.102  35.112581     8.7819    3.56846     50.669    33.0539    25.6292 0.0000e+00
 188.459948     51.621  35.091682     8.7421    3.53979     51.184    33.0689    25.6471 0.0000e+00
 188.459954     52.131  35.070995     8.6948    3.50047     51.689    33.0912    25.6718 0.0000e+00
 188.459959     52.624  35.047031     8.6479    3.49270     52.178    33.1098    25.6935 0.0000e+00
 188.459965     53.102  35.024829     8.6211    3.48931     52.652    33.1113    25.6988 0.0000e+00
 188.459971     53.565  35.014578     8.6183    3.48994     53.111    33.1030    25.6927 0.0000e+00
 188.459977     54.018  35.015491     8.6184    3.50190     53.560    33.1036    25.6932 0.0000e+00
 188.459983     54.476  35.015884     8.5979    3.51085     54.014    33.1230    25.7116 0.0000e+00
 188.459988     54.951  35.005631     8.5603    3.53156     54.485    33.1473    25.7363 0.0000e+00
 188.459994     55.444  34.990122     8.5187    3.54824     54.974    33.1698    25.7603 0.0000e+00
 188.460000     55.952  34.976140     8.4783    3.55272     55.478    33.1929    25.7845 0.0000e+00
 188.460006     56.472  34.964092     8.4435    3.55414     55.993    33.2127    25.8053 0.0000e+00
 188.460012     57.005  34.954720     8.4157    3.55068     56.521    33.2288    25.8221 0.0000e+00
 188.460017     57.541  34.947852     8.3929    3.53961     57.053    33.2428    25.8365 0.0000e+00
 188.460023     58.062  34.941610     8.3730    3.52717     57.569    33.2547    25.8489 0.0000e+00
 188.460029     58.560  34.934950     8.3570    3.51711     58.063    33.2626    25.8574 0.0000e+00
 188.460035     59.037  34.929075     8.3482    3.50453     58.536    33.2644    25.8602 0.0000e+00
 188.460041     59.500  34.926238     8.3453    3.51111     58.995    33.2640    25.8603 0.0000e+00
 188.460046     59.959  34.926013     8.3434    3.51618     59.450    33.2653    25.8616 0.0000e+00
 188.460052     60.412  34.924734     8.3403    3.52436     59.899    33.2667    25.8632 0.0000e+00
 188.460058     60.862  34.921813     8.3375    3.52564     60.345    33.2660    25.8631 0.0000e+00
 188.460064     61.322  34.919520     8.3357    3.52700     60.801    33.2651    25.8626 0.0000e+00
 188.460069     61.794  34.918158     8.3336    3.52795     61.269    33.2654    25.8632 0.0000e+00
 188.460075     62.276  34.917028     8.3307    3.52977     61.747    33.2667    25.8647 0.0000e+00
 188.460081     62.766  34.915742     8.3279    3.52428     62.233    33.2678    25.8660 0.0000e+00
 188.460087     63.268  34.914266     8.3257    3.52121     62.730    33.2681    25.8665 0.0000e+00
 188.460093     63.773  34.912871     8.3238    3.51971     63.231    33.2682    25.8669 0.0000e+00
 188.460098     64.277  34.911936     8.3214    3.49414     63.731    33.2692    25.8681 0.0000e+00
 188.460104     64.772  34.911332     8.3164    3.47565     64.221    33.2731    25.8718 0.0000e+00
 188.460110     65.251  34.910249     8.3076    3.46526     64.696    33.2800    25.8786 0.0000e+00
 188.460116     65.716  34.908360     8.2970    3.46196     65.157    33.2878    25.8863 0.0000e+00
 188.460122     66.170  34.905946     8.2872    3.47570     65.607    33.2944    25.8929 0.0000e+00
 188.460127     66.620  34.903146     8.2787    3.48401     66.053    33.2992    25.8980 0.0000e+00
 188.460133     67.074  34.900148     8.2713    3.47592     66.503    33.3028    25.9020 0.0000e+00
 188.460139     67.535  34.897436     8.2639    3.45833     66.960    33.3068    25.9062 0.0000e+00
 188.460145     68.003  34.894754     8.2542    3.42870     67.424    33.3129    25.9124 0.0000e+00
 188.460150     68.472  34.891325     8.2404    3.39341     67.889    33.3221    25.9217 0.0000e+00
 188.460156     68.940  34.886495     8.2225    3.36135     68.353    33.3338    25.9335 0.0000e+00
 188.460162     69.401  34.879988     8.2010    3.31913     68.810    33.3471    25.9472 0.0000e+00
 188.460168     69.854  34.872091     8.1757    3.29702     69.259    33.3625    25.9630 0.0000e+00
 188.460174     70.303  34.863481     8.1468    3.29205     69.704    33.3806    25.9815 0.0000e+00
 188.460179     70.752  34.855567     8.1128    3.28398     70.149    33.4044    26.0052 0.0000e+00
 188.460185     71.197  34.848440     8.0672    3.28467     70.591    33.4401    26.0400 0.0000e+00
 188.460191     71.635  34.839878     8.0081    3.27435     71.025    33.4872    26.0857 0.0000e+00
 188.460197     72.062  34.829109     7.9430    3.25635     71.448    33.5379    26.1350 0.0000e+00
 188.460203     72.480  34.817461     7.8841    3.24507     71.862    33.5818    26.1780 0.0000e+00
 188.460208     72.890  34.806767     7.8433    3.23251     72.269    33.6093    26.2057 0.0000e+00
 188.460214     73.293  34.799010     7.8215    3.22966     72.668    33.6218    26.2186 0.0000e+00
 188.460220     73.684  34.794488     7.8116    3.23704     73.056    33.6263    26.2236 0.0000e+00
 188.460226     74.062  34.792207     7.8062    3.24788     73.431    33.6289    26.2264 0.0000e+00
 188.460231     74.444  34.790240     7.8003    3.25923     73.809    33.6323    26.2300 0.0000e+00
 188.460237     74.848  34.787086     7.7929    3.26575     74.210    33.6359    26.2338 0.0000e+00
 188.460243     75.280  34.783581     7.7843    3.25358     74.638    33.6402    26.2385 0.0000e+00
 188.460249     75.733  34.780096     7.7753    3.24355     75.087    33.6449    26.2435 0.0000e+00
 188.460255     76.200  34.776465     7.7671    3.23921     75.550    33.6487    26.2477 0.0000e+00
 188.460260     76.675  34.773445     7.7588    3.25729     76.021    33.6532    26.2524 0.0000e+00
 188.460266     77.147  34.770929     7.7484    3.26047     76.489    33.6603    26.2595 0.0000e+00
 188.460272     77.614  34.768361     7.7383    3.25076     76.952    33.6671    26.2663 0.0000e+00
 188.460278     78.070  34.766237     7.7317    3.24487     77.404    33.6710    26.2703 0.0000e+00
 188.460284     78.511  34.765085     7.7286    3.24866     77.841    33.6725    26.2720 0.0000e+00
 188.460289     78.931  34.764483     7.7274    3.25555     78.257    33.6728    26.2724 0.0000e+00
 188.460295     79.321  34.764186     7.7274    3.25504     78.644    33.6723    26.2720 0.0000e+00
 188.460301     79.673  34.764915     7.7286    3.25609     78.993    33.6718    26.2714 0.0000e+00
 188.460307     79.980  34.766520     7.7308    3.25231     79.297    33.6713    26.2707 0.0000e+00
 188.460312     80.242  34.767774     7.7329    3.24988     79.557    33.6705    26.2698 0.0000e+00
 188.460318     80.470  34.768105     7.7329    3.25019     79.783    33.6707    26.2699 0.0000e+00
 188.460324     80.664  34.766831     7.7307    3.24400     79.975    33.6714    26.2708 0.0000e+00
 188.460330     80.815  34.764497     7.7291    3.24423     80.125    33.6703    26.2702 -9.990e-29
 188.460336     80.912  34.763594     7.7297    3.26273     80.221    33.6687    26.2689 -9.990e-29
 188.460341     80.948  34.764596     7.7309    3.25018     80.257    33.6686    26.2686 -9.990e-29
 188.460347     80.921  34.765473     7.7321    3.24436     80.230    33.6684    26.2683 -9.990e-29
 188.460353     80.833  34.765152     7.7335    3.24176     80.143    33.6668    26.2668 -9.990e-29
 188.460359     80.688  34.764327     7.7345    3.25026     79.999    33.6650    26.2652 0.0000e+00
 188.460365     80.493  34.764141     7.7347    3.26028     79.806    33.6647    26.2650 0.0000e+00
 188.460370     80.262  34.764906     7.7332    3.25874     79.577    33.6671    26.2670 0.0000e+00
 188.460376     80.001  34.764841     7.7306    3.25394     79.318    33.6696    26.2694 0.0000e+00
 188.460382     79.715  34.762737     7.7289    3.24813     79.034    33.6691    26.2693 0.0000e+00
 188.460388     79.415  34.760275     7.7282    3.25047     78.737    33.6673    26.2680 0.0000e+00
 188.460394     79.113  34.759219     7.7282    3.24891     78.438    33.6663    26.2672 0.0000e+00
 188.460399     78.811  34.759283     7.7284    3.26004     78.138    33.6663    26.2672 0.0000e+00
 188.460405     78.502  34.759432     7.7288    3.27103     77.832    33.6663    26.2670 0.0000e+00
 188.460411     78.175  34.759304     7.7298    3.26114     77.508    33.6653    26.2661 0.0000e+00
 188.460417     77.822  34.759288     7.7318    3.26859     77.158    33.6635    26.2644 0.0000e+00
 188.460422     77.442  34.759364     7.7356    3.27434     76.781    33.6601    26.2612 0.0000e+00
 188.460428     77.046  34.759074     7.7423    3.28438     76.389    33.6535    26.2551 0.0000e+00
 188.460434     76.645  34.759153     7.7505    3.27770     75.991    33.6459    26.2479 0.0000e+00
 188.460440     76.246  34.759712     7.7573    3.28287     75.596    33.6401    26.2423 0.0000e+00
 188.460446     75.851  34.759815     7.7618    3.27552     75.204    33.6361    26.2385 0.0000e+00
 188.460451     75.466  34.760164     7.7657    3.28885     74.822    33.6329    26.2354 0.0000e+00
 188.460457     75.093  34.761786     7.7704    3.28545     74.453    33.6303    26.2327 0.0000e+00
 188.460463     74.737  34.764042     7.7738    3.25940     74.100    33.6296    26.2316 0.0000e+00
 188.460469     74.405  34.765459     7.7732    3.26672     73.771    33.6318    26.2335 0.0000e+00
 188.460475     74.098  34.765125     7.7693    3.25359     73.466    33.6354    26.2369 0.0000e+00
 188.460480     73.809  34.763719     7.7658    3.26100     73.180    33.6374    26.2389 0.0000e+00
 188.460486     73.525  34.762728     7.7658    3.26361     72.898    33.6365    26.2382 0.0000e+00
 188.460492     73.230  34.763074     7.7700    3.26978     72.606    33.6329    26.2348 0.0000e+00
 188.460498     72.919  34.764654     7.7793    3.27179     72.298    33.6258    26.2279 0.0000e+00
 188.460503     72.595  34.767334     7.7928    3.30249     71.976    33.6158    26.2181 0.0000e+00
 188.460509     72.261  34.770765     7.8070    3.31713     71.645    33.6060    26.2083 0.0000e+00
 188.460515     71.918  34.773358     7.8255    3.34911     71.305    33.5911    26.1939 0.0000e+00
 188.460521     71.562  34.775770     7.8636    3.36899     70.952    33.5572    26.1617 0.0000e+00
 188.460527     71.186  34.781219     7.9321    3.37057     70.580    33.4975    26.1048 0.0000e+00
 188.460532     70.788  34.791928     8.0156    3.39359     70.185    33.4292    26.0390 0.0000e+00
 188.460538     70.377  34.806486     8.0870    3.39360     69.778    33.3768    25.9874 0.0000e+00
 188.460544     69.975  34.820773     8.1349    3.40233     69.379    33.3467    25.9566 0.0000e+00
 188.460550     69.601  34.831996     8.1602    3.39708     69.008    33.3347    25.9435 0.0000e+00
 188.460556     69.267  34.838875     8.1699    3.39029     68.677    33.3330    25.9407 0.0000e+00
 188.460561     68.972  34.842183     8.1760    3.39487     68.385    33.3308    25.9381 0.0000e+00
 188.460567     68.707  34.844653     8.1834    3.39740     68.122    33.3266    25.9337 0.0000e+00
 188.460573     68.455  34.848457     8.1893    3.41487     67.872    33.3251    25.9317 0.0000e+00
 188.460579     68.204  34.852501     8.1930    3.43150     67.624    33.3260    25.9318 0.0000e+00
 188.460584     67.942  34.854333     8.1964    3.44584     67.364    33.3249    25.9304 0.0000e+00
 188.460590     67.657  34.854712     8.2025    3.46204     67.081    33.3196    25.9254 0.0000e+00
 188.460596     67.344  34.856385     8.2153    3.48074     66.771    33.3094    25.9154 0.0000e+00
 188.460602     67.003  34.861022     8.2334    3.50273     66.433    33.2973    25.9033 0.0000e+00
 188.460608     66.640  34.867519     8.2511    3.49346     66.073    33.2876    25.8930 0.0000e+00
 188.460613     66.256  34.873329     8.2643    3.48052     65.692    33.2814    25.8862 0.0000e+00
 188.460619     65.852  34.877232     8.2727    3.48689     65.292    33.2778    25.8821 0.0000e+00
 188.460625     65.434  34.879390     8.2805    3.49561     64.878    33.2729    25.8771 0.0000e+00
 188.460631     65.007  34.881002     8.2920    3.53799     64.454    33.2639    25.8683 0.0000e+00
 188.460637     64.577  34.883656     8.3051    3.54745     64.028    33.2545    25.8590 0.0000e+00
 188.460642     64.152  34.886969     8.3140    3.53416     63.607    33.2498    25.8540 0.0000e+00
 188.460648     63.754  34.889195     8.3180    3.53413     63.212    33.2486    25.8524 0.0000e+00
 188.460654     63.395  34.889944     8.3196    3.52480     62.856    33.2480    25.8517 0.0000e+00
 188.460660     63.082  34.890218     8.3204    3.53627     62.546    33.2477    25.8513 0.0000e+00
 188.460666     62.805  34.890942     8.3211    3.53514     62.271    33.2480    25.8514 0.0000e+00
 188.460671     62.536  34.891958     8.3212    3.51921     62.005    33.2491    25.8523 0.0000e+00
 188.460677     62.255  34.892376     8.3210    3.52810     61.726    33.2498    25.8529 0.0000e+00
 188.460683     61.952  34.892192     8.3214    3.53768     61.426    33.2494    25.8525 0.0000e+00
 188.460689     61.634  34.892283     8.3227    3.54783     61.110    33.2484    25.8515 0.0000e+00
 188.460694     61.305  34.892768     8.3244    3.53746     60.784    33.2475    25.8505 0.0000e+00
 188.460700     60.963  34.893173     8.3261    3.52884     60.445    33.2464    25.8494 0.0000e+00
 188.460706     60.606  34.893478     8.3282    3.53565     60.091    33.2449    25.8480 0.0000e+00
 188.460712     60.239  34.894088     8.3304    3.54419     59.728    33.2437    25.8466 0.0000e+00
 188.460718     59.862  34.894696     8.3318    3.53432     59.354    33.2432    25.8460 0.0000e+00
 188.460723     59.478  34.894991     8.3329    3.53215     58.973    33.2426    25.8454 0.0000e+00
 188.460729     59.087  34.895367     8.3345    3.52953     58.585    33.2417    25.8444 0.0000e+00
 188.460735     58.696  34.895766     8.3363    3.52947     58.198    33.2406    25.8433 0.0000e+00
 188.460741     58.321  34.896161     8.3376    3.52625     57.826    33.2400    25.8426 0.0000e+00
 188.460747     57.977  34.896518     8.3380    3.52581     57.485    33.2401    25.8427 0.0000e+00
 188.460752     57.659  34.896754     8.3386    3.53610     57.170    33.2400    25.8424 0.0000e+00
 188.460758     57.357  34.897184     8.3403    3.55581     56.870    33.2389    25.8414 0.0000e+00
 188.460764     57.058  34.897819     8.3444    3.58033     56.574    33.2359    25.8384 0.0000e+00
 188.460770     56.758  34.898945     8.3556    3.60141     56.277    33.2266    25.8294 0.0000e+00
 188.460775     56.453  34.902063     8.3775    3.62302     55.974    33.2094    25.8126 0.0000e+00
 188.460781     56.143  34.907965     8.4037    3.65079     55.667    33.1911    25.7943 0.0000e+00
