data/oxygen options/ONMS/Olympic_Coast_National_Marine_Sanctuary_Hypoxia_Survey_CTD_Data_2004_2015/raw_data/2005/CTD_CA80_081505faed.cnv
* Sea-Bird SBE19 Data File:
* FileName = C:\Hypoxia Data\CA8-_081505.hex
* Software Version 1.1.6
* Temperature SN = 2997
* Conductivity SN = 2997
* System UpLoad Time = Aug 15 2005 14:46:38
* SEACAT PROFILER V3.1c SN 2997   08/15/05  14:45:55.013
* strain gauge pressure sensor: S/N = 184829,  range = 3000 psia,  tc = 40
# nquan = 9                                 
# nvalues = 776                         
# units = specified
# name 0 = timeJ: Julian Days
# name 1 = prSM: Pressure, Strain Gauge [db]
# name 2 = c0mS/cm: Conductivity [mS/cm]
# name 3 = t090C: Temperature [ITS-90, deg C]
# name 4 = oxML/L: Oxygen, Beckman/YSI [ml/l]
# name 5 = depSM: Depth [salt water, m], lat = 47.5
# name 6 = sal00: Salinity, Practical [PSU]
# name 7 = sigma-é00: Density [sigma-theta, kg/m^3]
# name 8 = flag: flag
# span 0 = 227.579699, 227.584184       
# span 1 =     -3.140,     80.728       
# span 2 =   3.164003,  37.441020       
# span 3 =     7.2103,    13.2952       
# span 4 =   -0.10146,   27.89452       
# span 5 =     -3.114,     80.039       
# span 6 =     2.1821,    33.9026       
# span 7 =     1.0529,    26.5262       
# span 8 = 0.0000e+00, 0.0000e+00       
# interval = seconds: 0.5
# start_time = Aug 15 2005 13:54:46 [Instrument's time stamp, header]
# bad_flag = -9.990e-29
*END*
[from data line 641]
 227.583409     62.127  34.454820     7.4400    3.57607     61.599    33.6247    26.2753 0.0000e+00
 227.583414     61.643  34.455469     7.4430    3.58015     61.119    33.6227    26.2733 0.0000e+00
 227.583420     61.188  34.455867     7.4448    3.59579     60.668    33.6216    26.2722 0.0000e+00
 227.583426     60.763  34.455980     7.4474    3.62188     60.247    33.6194    26.2701 0.0000e+00
 227.583432     60.354  34.455953     7.4524    3.66317     59.842    33.6147    26.2657 0.0000e+00
 227.583438     59.943  34.455742     7.4625    3.72383     59.434    33.6049    26.2565 0.0000e+00
 227.583443     59.516  34.455057     7.4792    3.79077     59.011    33.5882    26.2410 0.0000e+00
 227.583449     59.074  34.453540     7.4995    3.83155     58.573    33.5671    26.2216 0.0000e+00
 227.583455     58.616  34.451403     7.5206    3.87077     58.119    33.5446    26.2009 0.0000e+00
 227.583461     58.140  34.448597     7.5415    3.91240     57.647    33.5216    26.1798 0.0000e+00
 227.583466     57.650  34.444741     7.5591    3.94641     57.161    33.5007    26.1609 0.0000e+00
 227.583472     57.157  34.440857     7.5715    3.97124     56.672    33.4848    26.1466 0.0000e+00
 227.583478     56.668  34.438492     7.5807    3.97844     56.187    33.4736    26.1365 0.0000e+00
 227.583484     56.182  34.437854     7.5888    3.98415     55.706    33.4654    26.1289 0.0000e+00
 227.583490     55.699  34.438086     7.5957    3.98076     55.227    33.4592    26.1230 0.0000e+00
 227.583495     55.225  34.438373     7.6006    3.99205     54.757    33.4550    26.1190 0.0000e+00
 227.583501     54.764  34.438533     7.6046    3.99843     54.300    33.4516    26.1158 0.0000e+00
 227.583507     54.305  34.439334     7.6112    4.01472     53.845    33.4463    26.1107 0.0000e+00
 227.583513     53.832  34.441277     7.6256    4.03500     53.376    33.4348    26.0995 0.0000e+00
 227.583519     53.339  34.444143     7.6496    4.06031     52.887    33.4150    26.0806 0.0000e+00
 227.583524     52.833  34.447264     7.6745    4.07625     52.385    33.3947    26.0611 0.0000e+00
 227.583530     52.331  34.449193     7.6910    4.08478     51.888    33.3812    26.0481 0.0000e+00
 227.583536     51.846  34.449696     7.6989    4.08678     51.407    33.3744    26.0416 0.0000e+00
 227.583542     51.382  34.450005     7.7019    4.10200     50.947    33.3721    26.0394 0.0000e+00
 227.583547     50.934  34.450531     7.7026    4.11776     50.503    33.3722    26.0393 0.0000e+00
 227.583553     50.497  34.450848     7.7042    4.12844     50.069    33.3712    26.0383 0.0000e+00
 227.583559     50.055  34.450809     7.7106    4.13679     49.631    33.3653    26.0327 0.0000e+00
 227.583565     49.593  34.450918     7.7250    4.15347     49.173    33.3518    26.0201 0.0000e+00
 227.583571     49.106  34.451873     7.7450    4.16961     48.690    33.3339    26.0031 0.0000e+00
 227.583576     48.607  34.453820     7.7628    4.19451     48.196    33.3192    25.9890 0.0000e+00
 227.583582     48.111  34.456550     7.7747    4.22107     47.704    33.3110    25.9809 0.0000e+00
 227.583588     47.624  34.459216     7.7819    4.24698     47.221    33.3072    25.9768 0.0000e+00
 227.583594     47.146  34.460888     7.7902    4.25350     46.747    33.3013    25.9710 0.0000e+00
 227.583600     46.668  34.462669     7.8112    4.26651     46.273    33.2834    25.9539 0.0000e+00
 227.583605     46.181  34.468048     7.8537    4.28702     45.790    33.2489    25.9206 0.0000e+00
 227.583611     45.683  34.480828     7.9071    4.31251     45.297    33.2120    25.8839 0.0000e+00
 227.583617     45.182  34.497304     7.9457    4.33668     44.800    33.1931    25.8635 0.0000e+00
 227.583623     44.683  34.507495     7.9601    4.35186     44.305    33.1906    25.8594 0.0000e+00
 227.583628     44.190  34.509301     7.9657    4.36227     43.816    33.1874    25.8561 0.0000e+00
 227.583634     43.705  34.509614     7.9809    4.37418     43.336    33.1736    25.8430 0.0000e+00
 227.583640     43.222  34.513890     8.0053    4.38468     42.857    33.1552    25.8250 0.0000e+00
 227.583646     42.734  34.521097     8.0270    4.39247     42.373    33.1426    25.8119 0.0000e+00
 227.583652     42.237  34.527386     8.0404    4.40919     41.880    33.1368    25.8055 0.0000e+00
 227.583657     41.736  34.531052     8.0506    4.42094     41.383    33.1313    25.7996 0.0000e+00
 227.583663     41.228  34.533619     8.0638    4.42607     40.880    33.1218    25.7902 0.0000e+00
 227.583669     40.706  34.537385     8.0800    4.42731     40.362    33.1108    25.7792 0.0000e+00
 227.583675     40.167  34.542320     8.0977    4.42887     39.828    33.0995    25.7678 0.0000e+00
 227.583681     39.611  34.547713     8.1179    4.44345     39.277    33.0865    25.7545 0.0000e+00
 227.583686     39.040  34.554025     8.1390    4.46739     38.711    33.0735    25.7413 0.0000e+00
 227.583692     38.467  34.560699     8.1561    4.50200     38.142    33.0648    25.7318 0.0000e+00
 227.583698     37.901  34.565422     8.1670    4.54559     37.581    33.0598    25.7263 0.0000e+00
 227.583704     37.344  34.567204     8.1768    4.59651     37.029    33.0527    25.7193 0.0000e+00
 227.583709     36.796  34.567856     8.1996    4.63177     36.486    33.0322    25.6998 0.0000e+00
 227.583715     36.255  34.571606     8.2391    4.67284     35.949    32.9992    25.6681 0.0000e+00
 227.583721     35.726  34.580086     8.2746    4.68905     35.425    32.9751    25.6440 0.0000e+00
 227.583727     35.213  34.588343     8.2902    4.70517     34.916    32.9695    25.6372 0.0000e+00
 227.583733     34.711  34.592254     8.2904    4.71432     34.418    32.9737    25.6404 0.0000e+00
 227.583738     34.198  34.592551     8.2881    4.71428     33.910    32.9764    25.6429 0.0000e+00
 227.583744     33.656  34.592427     8.2969    4.72152     33.372    32.9682    25.6352 0.0000e+00
 227.583750     33.076  34.595631     8.3184    4.73081     32.797    32.9517    25.6191 0.0000e+00
 227.583756     32.463  34.602503     8.3418    4.74426     32.190    32.9374    25.6043 0.0000e+00
 227.583762     31.843  34.609309     8.3585    4.75515     31.575    32.9292    25.5954 0.0000e+00
 227.583767     31.245  34.613352     8.3669    4.76374     30.982    32.9259    25.5915 0.0000e+00
 227.583773     30.677  34.614980     8.3703    4.77053     30.419    32.9247    25.5901 0.0000e+00
 227.583779     30.129  34.615802     8.3744    4.77190     29.875    32.9220    25.5873 0.0000e+00
 227.583785     29.583  34.617468     8.3854    4.76838     29.334    32.9137    25.5792 0.0000e+00
 227.583791     29.026  34.621631     8.4071    4.77271     28.782    32.8981    25.5637 0.0000e+00
 227.583796     28.453  34.628792     8.4338    4.76822     28.214    32.8810    25.5463 0.0000e+00
 227.583802     27.869  34.637281     8.4582    4.74694     27.635    32.8674    25.5320 0.0000e+00
 227.583808     27.280  34.646644     8.4772    4.72024     27.051    32.8599    25.5232 0.0000e+00
 227.583814     26.688  34.655912     8.4903    4.68806     26.464    32.8577    25.5195 0.0000e+00
 227.583819     26.096  34.662867     8.5010    4.68769     25.877    32.8553    25.5160 0.0000e+00
 227.583825     25.506  34.668931     8.5139    4.70880     25.292    32.8499    25.5098 0.0000e+00
 227.583831     24.924  34.677138     8.5291    4.71404     24.714    32.8447    25.5034 0.0000e+00
 227.583837     24.359  34.687217     8.5432    4.68731     24.154    32.8424    25.4995 0.0000e+00
 227.583843     23.809  34.695789     8.5614    4.65348     23.609    32.8348    25.4907 0.0000e+00
 227.583848     23.265  34.703067     8.6062    4.62722     23.070    32.8010    25.4575 0.0000e+00
 227.583854     22.723  34.722676     8.6891    4.69517     22.532    32.7450    25.4010 0.0000e+00
 227.583860     22.185  34.763378     8.7770    4.79692     21.999    32.7065    25.3574 0.0000e+00
 227.583866     21.657  34.806008     8.8282    4.87074     21.475    32.7040    25.3476 0.0000e+00
 227.583872     21.131  34.827255     8.8507    4.90598     20.954    32.7057    25.3454 0.0000e+00
 227.583877     20.590  34.829113     8.9077    4.88846     20.417    32.6554    25.2972 0.0000e+00
 227.583883     20.021  34.836480     9.0426    4.89073     19.853    32.5396    25.1856 0.0000e+00
 227.583889     19.422  34.883834     9.2223    4.91376     19.259    32.4250    25.0679 0.0000e+00
 227.583895     18.803  34.985847     9.3861    4.97481     18.645    32.3818    25.0082 0.0000e+00
 227.583900     18.178  35.113419     9.4940    5.05364     18.025    32.4155    25.0172 0.0000e+00
 227.583906     17.569  35.215434     9.5434    5.10914     17.422    32.4756    25.0562 0.0000e+00
 227.583912     16.987  35.265136     9.5647    5.15718     16.845    32.5075    25.0777 0.0000e+00
 227.583918     16.426  35.284035     9.5968    5.22433     16.288    32.4980    25.0651 0.0000e+00
 227.583924     15.871  35.307427     9.6883    5.29982     15.738    32.4394    25.0045 0.0000e+00
 227.583929     15.321  35.373229     9.8403    5.43154     15.193    32.3699    24.9254 0.0000e+00
 227.583935     14.779  35.481721     9.9752    5.54751     14.655    32.3592    24.8949 0.0000e+00
 227.583941     14.251  35.570139    10.0457    5.62701     14.132    32.3858    24.9039 0.0000e+00
 227.583947     13.739  35.610647    10.0741    5.70018     13.624    32.4016    24.9115 0.0000e+00
 227.583953     13.238  35.625886    10.1171    5.73872     13.127    32.3787    24.8865 0.0000e+00
 227.583958     12.737  35.651323    10.2371    5.77782     12.630    32.2975    24.8030 0.0000e+00
 227.583964     12.234  35.738255    10.4254    5.85731     12.132    32.2178    24.7091 0.0000e+00
 227.583970     11.727  35.883732    10.6053    5.93915     11.629    32.2043    24.6680 0.0000e+00
 227.583976     11.218  36.018792    10.7316    6.11552     11.124    32.2276    24.6644 0.0000e+00
 227.583981     10.721  36.114426    10.8102    6.24698     10.631    32.2536    24.6709 0.0000e+00
 227.583987     10.248  36.173146    10.8848    6.34686     10.162    32.2464    24.6523 0.0000e+00
 227.583993      9.798  36.220003    10.9970    6.38998      9.716    32.1943    24.5922 0.0000e+00
 227.583999      9.369  36.295615    11.1350    6.32811      9.291    32.1483    24.5321 0.0000e+00
 227.584005      8.957  36.378011    11.2982    6.28805      8.882    32.0872    24.4555 0.0000e+00
 227.584010      8.564  36.462688    11.4772    6.26148      8.492    32.0148    24.3673 0.0000e+00
 227.584016      8.194  36.563884    11.5948    6.29015      8.125    32.0120    24.3438 0.0000e+00
 227.584022      7.854  36.625348    11.6065    6.37549      7.788    32.0618    24.3804 0.0000e+00
 227.584028      7.538  36.616363    11.5678    6.47731      7.475    32.0867    24.4067 0.0000e+00
 227.584034      7.235  36.591142    11.5576    6.60260      7.174    32.0711    24.3964 0.0000e+00
 227.584039      6.935  36.601284    11.5986    6.75864      6.877    32.0456    24.3692 0.0000e+00
 227.584045      6.627  36.640674    11.7230    6.91320      6.572    31.9767    24.2930 0.0000e+00
 227.584051      6.308  36.720333    11.9498    7.01288      6.255    31.8593    24.1603 0.0000e+00
 227.584057      5.984  36.851149    12.1895    7.07749      5.934    31.7810    24.0551 0.0000e+00
 227.584062      5.660  36.974848    12.3681    7.09121      5.613    31.7481    23.9961 0.0000e+00
 227.584068      5.345  37.055660    12.5045    7.12714      5.300    31.7100    23.9408 0.0000e+00
 227.584074      5.049  37.114462    12.6195    7.19674      5.007    31.6692    23.8873 0.0000e+00
 227.584080      4.770  37.165197    12.7034    7.24970      4.730    31.6469    23.8540 0.0000e+00
 227.584086      4.499  37.202629    12.7434    7.27378      4.461    31.6489    23.8478 0.0000e+00
 227.584091      4.231  37.217802    12.7486    7.21681      4.196    31.6590    23.8547 0.0000e+00
 227.584097      3.967  37.213019    12.7818    7.22132      3.934    31.6268    23.8233 0.0000e+00
 227.584103      3.708  37.230699    12.8881    7.09907      3.677    31.5547    23.7470 0.0000e+00
 227.584109      3.452  37.297215    13.0142    6.94783      3.423    31.5124    23.6899 0.0000e+00
 227.584115      3.207  37.367783    13.0919    6.80997      3.180    31.5142    23.6761 0.0000e+00
 227.584120      2.981  37.404170    13.1129    6.57709      2.956    31.5309    23.6850 0.0000e+00
 227.584126      2.781  37.409499    13.1042    6.48451      2.758    31.5433    23.6962 0.0000e+00
 227.584132      2.609  37.400423    13.0866 -9.990e-29      2.587    31.5494    23.7044 0.0000e+00
 227.584138      2.456  37.388397    13.0629 -9.990e-29      2.435    31.5579    23.7156 0.0000e+00
 227.584144      2.322  37.368039    13.0310 -9.990e-29      2.303    31.5654    23.7276 -9.990e-29
 227.584149      2.216  37.340242    12.9952 -9.990e-29      2.197    31.5691    23.7374 -9.990e-29
 227.584155      2.134  37.316170    12.9640 -9.990e-29      2.116    31.5725    23.7461 -9.990e-29
 227.584161      2.068  37.294006    12.9351 -9.990e-29      2.051    31.5758    23.7542 -9.990e-29
 227.584167      2.017  37.262135    12.8989 -9.990e-29      2.000    31.5760    23.7614 -9.990e-29
 227.584172      1.983  37.220118    12.8592 -9.990e-29      1.966    31.5695    23.7640 -9.990e-29
 227.584178      1.963  37.180906    12.8404 -9.990e-29      1.947    31.5482    23.7512 -9.990e-29
 227.584184      1.957  37.153338 -9.990e-29 -9.990e-29      1.941 -9.990e-29 -9.990e-29 -9.990e-29
