data/oxygen options/ONMS/Olympic_Coast_National_Marine_Sanctuary_Hypoxia_Survey_CTD_Data_2004_2015/raw_data/2005/CTD_CE50_081605faedb.cnv
* Sea-Bird SBE19 Data File:
* FileName = C:\Hypoxia Data\CE50_081605.hex
* Software Version 1.1.6
* Temperature SN = 2997
* Conductivity SN = 2997
* System UpLoad Time = Aug 16 2005 11:20:16
* SEACAT PROFILER V3.1c SN 2997   08/16/05  11:19:43.010
* strain gauge pressure sensor: S/N = 184829,  range = 3000 psia,  tc = 40
# nquan = 9
# nvalues = 49                          
# units = specified
# name 0 = timeJ: Julian Days
# name 1 = prSM: Pressure, Strain Gauge [db]
# name 2 = c0mS/cm: Conductivity [mS/cm]
# name 3 = t090C: Temperature [ITS-90, deg C]
# name 4 = oxML/L: Oxygen, Beckman/YSI [ml/l]
# name 5 = depSM: Depth [salt water, m], lat = 47.5
# name 6 = sal00: Salinity, Practical [PSU]
# name 7 = sigma-é00: Density [sigma-theta, kg/m^3]
# name 8 = flag: flag
# span 0 = 218.840558, 228.470111       
# span 1 =      2.000,     51.000       
# span 2 =   7.861048,  45.358933       
# span 3 =     7.2293,    11.9454       
# span 4 =   -0.10510,    8.62482       
# span 5 =      1.983,     50.569       
# span 6 =     5.7324,    40.3048       
# span 7 =     3.9487,    30.8487       
# span 8 = 0.0000e+00, 0.0000e+00       
# interval = decibars: 1                
# start_time = Aug 16 2005 11:12:39 [Instrument's time stamp, header]
# bad_flag = -9.990e-29
*END*
 228.467316      2.000   7.861048    11.9454   -0.10500      1.983     5.7324     3.9487 0.0000e+00
 228.467346      3.000  45.358933    11.0776   -0.10510      2.975    40.3048    30.8487 0.0000e+00
 218.840558      5.000  35.419752    10.6149    8.34295      4.958    31.4852    24.0452 0.0000e+00
 228.469557      6.000  36.941083    11.0075    8.62482      5.950    32.9002    25.1395 0.0000e+00
 228.469571      7.000  36.886797    10.8726    8.40920      6.942    32.9670    25.2154 0.0000e+00
 228.469583      8.000  36.811697    10.7363    8.01671      7.933    33.0148    25.2764 0.0000e+00
 228.469594      9.000  36.725504    10.6319    7.61287      8.925    33.0226    25.3007 0.0000e+00
 228.469605     10.000  36.638938    10.5205    7.34154      9.916    33.0364    25.3307 0.0000e+00
 228.469615     11.000  36.530441    10.4085    7.18599     10.908    33.0287    25.3440 0.0000e+00
 228.469627     12.000  36.456780    10.3570    7.00137     11.899    33.0009    25.3312 0.0000e+00
 228.469638     13.000  36.422918    10.2943    6.73542     12.891    33.0233    25.3593 0.0000e+00
 228.469649     14.000  36.334076    10.1654    6.33058     13.883    33.0506    25.4025 0.0000e+00
 228.469660     15.000  36.205576    10.0479    5.87810     14.874    33.0272    25.4041 0.0000e+00
 228.469669     16.000  36.131032     9.9606    5.39450     15.866    33.0310    25.4215 0.0000e+00
 228.469679     17.000  36.025044     9.7681    4.83669     16.857    33.0991    25.5066 0.0000e+00
 228.469688     18.000  35.818160     9.4878    4.43540     17.849    33.1451    25.5883 0.0000e+00
 228.469699     19.000  35.588123     9.2706    4.21425     18.840    33.1086    25.5948 0.0000e+00
 228.469709     20.000  35.459082     9.1682    4.18789     19.832    33.0694    25.5805 0.0000e+00
 228.469719     21.000  35.400484     9.1064    4.18945     20.824    33.0656    25.5873 0.0000e+00
 228.469729     22.000  35.360224     9.0590    4.18114     21.815    33.0674    25.5962 0.0000e+00
 228.469739     23.000  35.343095     8.9835    4.15974     22.807    33.1193    25.6486 0.0000e+00
 228.469749     24.000  35.284525     8.8822    4.14821     23.798    33.1524    25.6903 0.0000e+00
 228.469760     25.000  35.242974     8.8232    4.14223     24.790    33.1636    25.7083 0.0000e+00
 228.469771     26.000  35.205679     8.7486    4.13582     25.781    33.1941    25.7436 0.0000e+00
 228.469781     27.000  35.177036     8.6911    4.17817     26.773    33.2175    25.7709 0.0000e+00
 228.469792     28.000  35.162395     8.6294    4.28289     27.765    33.2596    25.8134 0.0000e+00
 228.469802     29.000  35.156458     8.5555    4.30941     28.756    33.3225    25.8740 0.0000e+00
 228.469813     30.000  35.147862     8.5189    4.30260     29.748    33.3477    25.8993 0.0000e+00
 228.469823     31.000  35.144195     8.5089    4.29189     30.739    33.3528    25.9049 0.0000e+00
 228.469835     32.000  35.136810     8.4679    4.20830     31.730    33.3834    25.9351 0.0000e+00
 228.469849     33.000  35.112051     8.3894    3.92564     32.722    33.4312    25.9844 0.0000e+00
 228.469862     34.000  35.036427     8.2167    3.55108     33.714    33.5150    26.0760 0.0000e+00
 228.469875     35.000  34.894046     7.9152    3.22621     34.705    33.6518    26.2280 0.0000e+00
 228.469886     36.000  34.726188     7.7068    3.06686     35.697    33.6720    26.2741 0.0000e+00
 228.469898     37.000  34.676742     7.6695    3.01178     36.688    33.6544    26.2657 0.0000e+00
 228.469908     38.000  34.664322     7.6147    2.93066     37.679    33.6935    26.3043 0.0000e+00
 228.469919     39.000  34.632169     7.5267    2.82057     38.671    33.7437    26.3564 0.0000e+00
 228.469931     40.000  34.606638     7.4579    2.71747     39.663    33.7825    26.3966 0.0000e+00
 228.469942     41.000  34.564540     7.3794    2.62587     40.654    33.8129    26.4316 0.0000e+00
 228.469954     42.000  34.521316     7.3171    2.56343     41.645    33.8263    26.4509 0.0000e+00
 228.469966     43.000  34.503484     7.2859    2.52023     42.637    33.8369    26.4636 0.0000e+00
 228.469977     44.000  34.493276     7.2663    2.48928     43.628    33.8446    26.4724 0.0000e+00
 228.469988     45.000  34.486700     7.2580    2.48516     44.620    33.8450    26.4739 0.0000e+00
 228.470001     46.000  34.484705     7.2555    2.47237     45.611    33.8448    26.4741 0.0000e+00
 228.470013     47.000  34.481499     7.2470    2.44125     46.602    33.8491    26.4787 0.0000e+00
 228.470026     48.000  34.476792     7.2405    2.45440     47.594    33.8499    26.4803 0.0000e+00
 228.470041     49.000  34.477407     7.2409    2.44165     48.585    33.8497    26.4801 0.0000e+00
 228.470060     50.000  34.473287     7.2340    2.41554     49.577    33.8514    26.4824 0.0000e+00
 228.470111     51.000  34.464822     7.2293    2.42958     50.569    33.8464    26.4791 0.0000e+00
