data/oxygen options/ONMS/Olympic_Coast_National_Marine_Sanctuary_Hypoxia_Survey_CTD_Data_2004_2015/raw_data/2005/CTD_CA45_052405faed.cnv
* Sea-Bird SBE19 Data File:
* FileName = C:\Documents and Settings\kirner.PTANGELES\Desktop\hypoxia CTD data\CA45_052405.hex
* Software Version 1.1.5
* Temperature SN = 2997
* Conductivity SN = 2997
* System UpLoad Time = May 24 2005 15:26:06
* SEACAT PROFILER V3.1c SN 2997   05/24/05  15:25:17.596
* strain gauge pressure sensor: S/N = 184829,  range = 3000 psia,  tc = 40
# nquan = 9                                 
# nvalues = 704                         
# units = specified
# name 0 = timeJ: Julian Days
# name 1 = prSM: Pressure, Strain Gauge [db]
# name 2 = c0mS/cm: Conductivity [mS/cm]
# name 3 = t090C: Temperature [ITS-90, deg C]
# name 4 = oxML/L: Oxygen, Beckman/YSI [ml/l]
# name 5 = depSM: Depth [salt water, m], lat = 47.5
# name 6 = sal00: Salinity, Practical [PSU]
# name 7 = sigma-é00: Density [sigma-theta, kg/m^3]
# name 8 = flag: flag
# span 0 = 144.564734, 144.568802       
# span 1 =     -3.817,     46.471       
# span 2 =   0.204951,  36.542492       
# span 3 =    11.1461,    14.3497       
# span 4 =   -0.12229,   25.80371       
# span 5 =     -3.785,     46.078       
# span 6 =     0.1274,    32.2584       
# span 7 =    -0.5356,    24.6150       
# span 8 = 0.0000e+00, 0.0000e+00       
# interval = seconds: 0.5
# start_time = May 24 2005 13:33:13 [Instrument's time stamp, header]
# bad_flag = -9.990e-29
*END*
[from data line 321]
 144.566591      1.847  33.356833    14.2172    6.13902      1.832    26.9807    19.9570 -9.990e-29
 144.566597      1.849  33.356024    14.2214    6.14034      1.834    26.9770    19.9534 -9.990e-29
 144.566603      1.852  33.355505    14.2187    6.14948      1.837    26.9784    19.9550 -9.990e-29
 144.566609      1.861  33.356266    14.2081    6.15375      1.845    26.9865    19.9633 -9.990e-29
 144.566615      1.872  33.358200    14.1988    6.15878      1.856    26.9947    19.9715 -9.990e-29
 144.566620      1.878  33.358840    14.1984    6.15788      1.862    26.9956    19.9722 -9.990e-29
 144.566626      1.875  33.356794    14.2040    6.15504      1.859    26.9898    19.9667 -9.990e-29
 144.566632      1.866  33.354933    14.2121    6.15044      1.850    26.9825    19.9595 -9.990e-29
 144.566638      1.860  33.354139    14.2196    6.14540      1.844    26.9766    19.9534 -9.990e-29
 144.566644      1.861  33.353353    14.2248    6.14489      1.845    26.9722    19.9491 -9.990e-29
 144.566649      1.868  33.352649    14.2269    6.15451      1.852    26.9701    19.9470 -9.990e-29
 144.566655      1.883  33.352770    14.2262    6.15819      1.867    26.9707    19.9476 -9.990e-29
 144.566661      1.901  33.353874    14.2264    6.14172      1.885    26.9716    19.9482 -9.990e-29
 144.566667      1.916  33.354072    14.2293    6.12881      1.900    26.9697    19.9462 -9.990e-29
 144.566672      1.923  33.353064    14.2315    6.12138      1.907    26.9673    19.9439 -9.990e-29
 144.566678      1.929  33.352865    14.2288    6.13302      1.913    26.9690    19.9458 -9.990e-29
 144.566684      1.941  33.354330    14.2190    6.14138      1.925    26.9771    19.9540 -9.990e-29
 144.566690      1.961  33.357172    14.2071    6.13420      1.945    26.9880    19.9647 -9.990e-29
 144.566696      1.977  33.360135    14.2023    6.11900      1.960    26.9940    19.9702 -9.990e-29
 144.566701      1.981  33.361000    14.2052    6.10997      1.964    26.9927    19.9687 -9.990e-29
 144.566707      1.978  33.359794    14.2050    6.11254      1.961    26.9918    19.9680 -9.990e-29
 144.566713      1.976  33.359952    14.1932    6.11573      1.959    27.0001    19.9768 -9.990e-29
 144.566719      1.980  33.363928    14.1756    6.11346      1.963    27.0160    19.9925 -9.990e-29
 144.566725      1.985  33.369175    14.1630    6.12019      1.968    27.0295    20.0053 -9.990e-29
 144.566730      1.987  33.372038    14.1569    6.12761      1.970    27.0363    20.0118 -9.990e-29
 144.566736      1.987  33.372967    14.1544    6.12237      1.970    27.0389    20.0143 -9.990e-29
 144.566742      1.985  33.373198    14.1556    6.12362      1.968    27.0383    20.0136 -9.990e-29
 144.566748      1.980  33.372474    14.1602    6.11406      1.963    27.0344    20.0097 -9.990e-29
 144.566753      1.972  33.370950    14.1654    6.12400      1.956    27.0294    20.0048 -9.990e-29
 144.566759      1.965  33.369396    14.1667    6.12309      1.949    27.0271    20.0028 -9.990e-29
 144.566765      1.967  33.369100    14.1621    6.12081      1.951    27.0301    20.0060 -9.990e-29
 144.566771      1.983  33.370228    14.1557    6.11383      1.966    27.0356    20.0114 -9.990e-29
 144.566777      2.009  33.371482    14.1529    6.12235      1.992    27.0386    20.0144 -9.990e-29
 144.566782      2.034  33.372290    14.1532    6.12516      2.017    27.0391    20.0147 -9.990e-29
 144.566788      2.046  33.372604    14.1540    6.11530      2.029    27.0389    20.0143 -9.990e-29
 144.566794      2.047  33.372840    14.1524    6.10747      2.030    27.0402    20.0157 -9.990e-29
 144.566800      2.049  33.374433    14.1456    6.09608      2.032    27.0464    20.0218 -9.990e-29
 144.566806      2.058  33.377825    14.1387    6.11326      2.041    27.0542    20.0292 -9.990e-29
 144.566811      2.064  33.380252    14.1353    6.12237      2.047    27.0588    20.0333 -9.990e-29
 144.566817      2.068  33.381024    14.1313    6.11558      2.051    27.0623    20.0368 -9.990e-29
 144.566823      2.075  33.382849    14.1280    6.10291      2.058    27.0662    20.0405 -9.990e-29
 144.566829      2.085  33.384235    14.1269    6.09565      2.068    27.0682    20.0423 -9.990e-29
 144.566834      2.099  33.383667    14.1237    6.10839      2.081    27.0700    20.0442 -9.990e-29
 144.566840      2.118  33.383187    14.1181    6.11392      2.100    27.0735    20.0480 -9.990e-29
 144.566846      2.138  33.383275    14.1130    6.11250      2.120    27.0771    20.0518 -9.990e-29
 144.566852      2.148  33.383487    14.1097    6.11388      2.130    27.0796    20.0544 -9.990e-29
 144.566858      2.141  33.384108    14.1087    6.10471      2.123    27.0809    20.0556 -9.990e-29
 144.566863      2.124  33.384852    14.1108    6.11422      2.106    27.0801    20.0545 -9.990e-29
 144.566869      2.108  33.384476    14.1157    6.12090      2.090    27.0763    20.0507 -9.990e-29
 144.566875      2.099  33.382486    14.1206    6.12091      2.081    27.0711    20.0457 -9.990e-29
 144.566881      2.093  33.380160    14.1240    6.10662      2.076    27.0666    20.0416 -9.990e-29
 144.566887      2.093  33.378889    14.1268    6.09404      2.076    27.0635    20.0387 -9.990e-29
 144.566892      2.096  33.378667    14.1305    6.10608      2.078    27.0607    20.0358 -9.990e-29
 144.566898      2.104  33.378083    14.1348    6.11833      2.086    27.0572    20.0322 -9.990e-29
 144.566904      2.113  33.376367    14.1376    6.12821      2.095    27.0537    20.0290 -9.990e-29
 144.566910      2.114  33.375162    14.1383    6.11412      2.096    27.0521    20.0276 -9.990e-29
 144.566916      2.109  33.375671    14.1394    6.09630      2.091    27.0518    20.0272 -9.990e-29
 144.566921      2.104  33.376338    14.1417    6.09810      2.086    27.0508    20.0259 -9.990e-29
 144.566927      2.105  33.375818    14.1429    6.11807      2.087    27.0495    20.0247 -9.990e-29
 144.566933      2.106  33.375108    14.1423    6.12277      2.088    27.0493    20.0246 -9.990e-29
 144.566939      2.100  33.374951    14.1421    6.12883      2.082    27.0493    20.0247 -9.990e-29
 144.566944      2.086  33.375142    14.1433    6.12884      2.069    27.0486    20.0239 -9.990e-29
 144.566950      2.071  33.375382    14.1460    6.11531      2.054    27.0469    20.0221 -9.990e-29
 144.566956      2.063  33.374879    14.1517    6.10467      2.046    27.0425    20.0176 -9.990e-29
 144.566962      2.067  33.372410    14.1611    6.10424      2.050    27.0337    20.0090 -9.990e-29
 144.566968      2.077  33.368054    14.1694    6.11994      2.060    27.0240    19.9998 -9.990e-29
 144.566973      2.090  33.364414    14.1727    6.13262      2.073    27.0184    19.9949 -9.990e-29
 144.566979      2.104  33.363371    14.1716    6.13321      2.086    27.0183    19.9950 -9.990e-29
 144.566985      2.114  33.364106    14.1693    6.12066      2.096    27.0205    19.9972 -9.990e-29
 144.566991      2.125  33.365364    14.1694    6.11471      2.107    27.0216    19.9980 -9.990e-29
 144.566997      2.142  33.366025    14.1740    6.12012      2.124    27.0189    19.9950 -9.990e-29
 144.567002      2.163  33.364738    14.1802    6.12417      2.145    27.0135    19.9896 -9.990e-29
 144.567008      2.180  33.362595    14.1836    6.11491      2.162    27.0092    19.9856 -9.990e-29
 144.567014      2.189  33.361790    14.1845    6.09815      2.171    27.0078    19.9844 -9.990e-29
 144.567020      2.192  33.361818    14.1848    6.10279      2.174    27.0076    19.9842 -9.990e-29
 144.567025      2.193  33.361602    14.1851    6.11772      2.175    27.0072    19.9838 -9.990e-29
 144.567031      2.196  33.361421    14.1856    6.12652      2.178    27.0067    19.9833 -9.990e-29
 144.567037      2.197  33.361604    14.1864    6.12130      2.179    27.0063    19.9829 -9.990e-29
 144.567043      2.191  33.361839    14.1874    6.11168      2.173    27.0058    19.9823 -9.990e-29
 144.567049      2.184  33.361886    14.1889    6.10359      2.166    27.0048    19.9812 -9.990e-29
 144.567054      2.182  33.361817    14.1909    6.11967      2.164    27.0034    19.9797 -9.990e-29
 144.567060      2.190  33.361547    14.1925    6.12601      2.172    27.0020    19.9784 -9.990e-29
 144.567066      2.205  33.361284    14.1935    6.12417      2.187    27.0011    19.9774 -9.990e-29
 144.567072      2.218  33.361246    14.1952    6.10989      2.199    26.9998    19.9762 -9.990e-29
 144.567078      2.226  33.361388    14.1984    6.09912      2.207    26.9977    19.9739 -9.990e-29
 144.567083      2.229  33.361348    14.2028    6.11214      2.210    26.9946    19.9706 -9.990e-29
 144.567089      2.229  33.360518    14.2065    6.12895      2.210    26.9913    19.9674 -9.990e-29
 144.567095      2.225  33.359481    14.2086    6.13288      2.206    26.9889    19.9651 -9.990e-29
 144.567101      2.216  33.359103    14.2115    6.11340      2.197    26.9865    19.9627 -9.990e-29
 144.567106      2.202  33.358326    14.2184    6.10051      2.184    26.9810    19.9571 -9.990e-29
 144.567112      2.187  33.356123    14.2243    6.09523      2.169    26.9750    19.9513 -9.990e-29
 144.567118      2.178  33.354609    14.2202    6.10775      2.160    26.9765    19.9532 -9.990e-29
 144.567124      2.178  33.356256    14.2090    6.11530      2.160    26.9857    19.9626 -9.990e-29
 144.567130      2.184  33.359347    14.2016    6.11001      2.166    26.9937    19.9702 -9.990e-29
 144.567135      2.187  33.360724    14.2021    6.10576      2.169    26.9946    19.9707 -9.990e-29
 144.567141      2.184  33.359985    14.2060    6.09401      2.166    26.9912    19.9674 -9.990e-29
 144.567147      2.177  33.358393    14.2074    6.09242      2.159    26.9888    19.9652 -9.990e-29
 144.567153      2.176  33.357755    14.2058    6.11087      2.158    26.9893    19.9660 -9.990e-29
 144.567159      2.181  33.358349    14.2044    6.11123      2.163    26.9908    19.9674 -9.990e-29
 144.567164      2.182  33.358733    14.2046    6.10956      2.164    26.9910    19.9675 -9.990e-29
 144.567170      2.181  33.358866    14.2064    6.10404      2.163    26.9899    19.9663 -9.990e-29
 144.567176      2.185  33.358931    14.2092    6.10127      2.167    26.9880    19.9643 -9.990e-29
 144.567182      2.199  33.358461    14.2123    6.10554      2.181    26.9854    19.9617 -9.990e-29
 144.567187      2.225  33.357399    14.2157    6.11309      2.206    26.9821    19.9585 -9.990e-29
 144.567193      2.258  33.356018    14.2186    6.11251      2.239    26.9788    19.9554 -9.990e-29
 144.567199      2.290  33.354727    14.2202    6.11019      2.271    26.9765    19.9533 -9.990e-29
 144.567205      2.308  33.354051    14.2210    6.11451      2.289    26.9754    19.9522 -9.990e-29
 144.567211      2.315  33.354219    14.2222    6.11866      2.296    26.9747    19.9515 -9.990e-29
 144.567216      2.319  33.354339    14.2250    6.11960      2.300    26.9728    19.9495 -9.990e-29
 144.567222      2.324  33.352898    14.2295    6.11303      2.305    26.9684    19.9452 -9.990e-29
 144.567228      2.331  33.349663    14.2345    6.10710      2.312    26.9620    19.9393 -9.990e-29
 144.567234      2.341  33.346495    14.2387    6.10473      2.321    26.9563    19.9340 -9.990e-29
 144.567240      2.354  33.344781    14.2422    6.11149      2.334    26.9523    19.9303 -9.990e-29
 144.567245      2.366  33.343923    14.2445    6.12009      2.346    26.9499    19.9280 -9.990e-29
 144.567251      2.369  33.343346    14.2449    6.11922      2.349    26.9491    19.9273 -9.990e-29
 144.567257      2.361  33.343410    14.2440    6.11245      2.341    26.9498    19.9280 -9.990e-29
 144.567263      2.344  33.344205    14.2434    6.10375      2.324    26.9509    19.9290 -9.990e-29
 144.567269      2.326  33.345118    14.2435    6.10492      2.307    26.9517    19.9296 -9.990e-29
 144.567274      2.315  33.345695    14.2438    6.11157      2.296    26.9520    19.9297 -9.990e-29
 144.567280      2.313  33.346150    14.2437    6.11062      2.294    26.9525    19.9301 -9.990e-29
 144.567286      2.317  33.346539    14.2435    6.10395      2.298    26.9530    19.9305 -9.990e-29
 144.567292      2.322  33.346826    14.2441    6.10028      2.303    26.9528    19.9303 -9.990e-29
 144.567297      2.329  33.346840    14.2463    6.10814      2.310    26.9513    19.9287 -9.990e-29
 144.567303      2.338  33.346047    14.2491    6.12457      2.318    26.9486    19.9261 -9.990e-29
 144.567309      2.345  33.345077    14.2506    6.12185      2.325    26.9467    19.9243 -9.990e-29
 144.567315      2.348  33.344887    14.2506    6.10480      2.328    26.9465    19.9242 -9.990e-29
 144.567321      2.345  33.345790    14.2512    6.09710      2.325    26.9469    19.9244 -9.990e-29
 144.567326      2.337  33.346756    14.2544    6.10728      2.317    26.9456    19.9227 -9.990e-29
 144.567332      2.328  33.346279    14.2601    6.12149      2.309    26.9412    19.9182 -9.990e-29
 144.567338      2.320  33.344851    14.2666    6.12262      2.301    26.9354    19.9124 -9.990e-29
 144.567344      2.310  33.343376    14.2707    6.11618      2.291    26.9312    19.9084 -9.990e-29
 144.567350      2.297  33.342698    14.2717    6.10588      2.278    26.9299    19.9072 -9.990e-29
 144.567355      2.293  33.343043    14.2731    6.10067      2.274    26.9293    19.9064 -9.990e-29
 144.567361      2.301  33.343199    14.2768    6.11110      2.282    26.9268    19.9038 -9.990e-29
 144.567367      2.310  33.342259    14.2821    6.11335      2.291    26.9223    19.8993 -9.990e-29
 144.567373      2.307  33.340657    14.2866    6.12381      2.288    26.9177    19.8949 -9.990e-29
 144.567378      2.292  33.339628    14.2889    6.11547      2.273    26.9152    19.8925 -9.990e-29
 144.567384      2.277  33.339487    14.2899    6.10850      2.258    26.9144    19.8917 -9.990e-29
 144.567390      2.273  33.339496    14.2925    6.11094      2.254    26.9126    19.8898 -9.990e-29
 144.567396      2.281  33.338554    14.2978    6.11885      2.262    26.9081    19.8853 -9.990e-29
 144.567402      2.293  33.336532    14.3025    6.12016      2.274    26.9030    19.8804 -9.990e-29
 144.567407      2.305  33.334664    14.3047    6.11826      2.286    26.8998    19.8775 -9.990e-29
 144.567413      2.317  33.333829    14.3057    6.11312      2.298    26.8984    19.8762 -9.990e-29
 144.567419      2.330  33.334044    14.3066    6.10787      2.311    26.8979    19.8757 -9.990e-29
 144.567425      2.346  33.334482    14.3075    6.11024      2.326    26.8977    19.8753 -9.990e-29
 144.567431      2.366  33.334055    14.3085    6.11018      2.346    26.8966    19.8743 -9.990e-29
 144.567436      2.389  33.332760    14.3099    6.11556      2.369    26.8945    19.8724 -9.990e-29
 144.567442      2.415  33.331680    14.3114    6.13210      2.395    26.8925    19.8705 -9.990e-29
 144.567448      2.435  33.331623    14.3125    6.12850      2.415    26.8916    19.8697 -9.990e-29
 144.567454      2.452  33.332521    14.3133    6.11249      2.432    26.8919    19.8697 -9.990e-29
 144.567459      2.475  33.333896    14.3140    6.10409      2.454    26.8926    19.8702 -9.990e-29
 144.567465      2.509  33.334789    14.3157    6.11167      2.488    26.8922    19.8695 -9.990e-29
 144.567471      2.556  33.334716    14.3179    6.14190      2.535    26.8906    19.8678 -9.990e-29
 144.567477      2.617  33.334146    14.3191    6.15786      2.595    26.8893    19.8666 -9.990e-29
 144.567483      2.684  33.333448    14.3193    6.17453      2.662    26.8885    19.8659 -9.990e-29
 144.567488      2.760  33.333380    14.3189    6.17345      2.737    26.8887    19.8661 -9.990e-29
 144.567494      2.848  33.334418    14.3181    6.05901      2.824    26.8901    19.8674 -9.990e-29
 144.567500      2.963  33.336272    14.3140    5.93352      2.938    26.8946    19.8717 -9.990e-29
 144.567506      3.125  33.338619    14.2987    5.81580      3.099    26.9072    19.8845 0.0000e+00
