data/oxygen options/ONMS/Olympic_Coast_National_Marine_Sanctuary_Hypoxia_Survey_CTD_Data_2004_2015/raw_data/2005/CTD_CE50_062105faedb.cnv
* Sea-Bird SBE19 Data File:
* FileName = C:\hypoxia CTD data\CE50_062105.hex
* Software Version 1.1.5
* Temperature SN = 2997
* Conductivity SN = 2997
* System UpLoad Time = Jun 21 2005 16:27:16
* SEACAT PROFILER V3.1c SN 2997   06/21/05  16:26:18.074
* strain gauge pressure sensor: S/N = 184829,  range = 3000 psia,  tc = 40
# nquan = 9
# nvalues = 50                          
# units = specified
# name 0 = timeJ: Julian Days
# name 1 = prSM: Pressure, Strain Gauge [db]
# name 2 = c0mS/cm: Conductivity [mS/cm]
# name 3 = t090C: Temperature [ITS-90, deg C]
# name 4 = oxML/L: Oxygen, Beckman/YSI [ml/l]
# name 5 = depSM: Depth [salt water, m], lat = 47.5
# name 6 = sal00: Salinity, Practical [PSU]
# name 7 = sigma-é00: Density [sigma-theta, kg/m^3]
# name 8 = flag: flag
# span 0 = 172.620957, 172.621706       
# span 1 =      3.000,     52.000       
# span 2 =  35.287351,  38.166714       
# span 3 =     8.9788,    16.5390       
# span 4 =    3.22191,    6.52584       
# span 5 =      2.975,     51.559       
# span 6 =    27.6367,    33.0609       
# span 7 =    19.9750,    25.6032       
# span 8 = 0.0000e+00, 0.0000e+00       
# interval = decibars: 1                
# start_time = Jun 21 2005 14:50:48 [Instrument's time stamp, header]
# bad_flag = -9.990e-29
*END*
 172.620957      3.000  35.951314    16.5390    6.52584      2.975    27.6367    19.9750 0.0000e+00
 172.620980      4.000  35.975096    16.5102    6.47625      3.967    27.6765    20.0119 0.0000e+00
 172.620997      5.000  36.029354    16.4407    6.42848      4.958    27.7706    20.0993 0.0000e+00
 172.621012      6.000  36.096971    16.3593    6.23204      5.950    27.8849    20.2048 0.0000e+00
 172.621027      7.000  36.235032    16.0861    6.02448      6.942    28.1957    20.5027 0.0000e+00
 172.621042      8.000  36.685499    15.6429    5.86965      7.933    28.9056    21.1433 0.0000e+00
 172.621058      9.000  36.989524    15.2711    6.07050      8.925    29.4489    21.6400 0.0000e+00
 172.621071     10.000  37.360544    15.1100    6.22562      9.916    29.8987    22.0201 0.0000e+00
 172.621084     11.000  37.764975    15.1054    6.36310     10.908    30.2616    22.3002 0.0000e+00
 172.621096     12.000  38.080876    14.9918    6.38926     11.899    30.6318    22.6091 0.0000e+00
 172.621108     13.000  38.166714    14.8097    6.39720     12.891    30.8518    22.8168 0.0000e+00
 172.621121     14.000  38.098355    14.5262    6.40632     13.882    31.0150    23.0019 0.0000e+00
 172.621133     15.000  37.872291    14.1053    6.33099     14.874    31.1469    23.1905 0.0000e+00
 172.621146     16.000  37.591118    13.6275    6.38323     15.866    31.2763    23.3866 0.0000e+00
 172.621158     17.000  37.267367    13.0910    6.40450     16.858    31.4156    23.6001 0.0000e+00
 172.621169     18.000  36.994311    12.7525    6.34853     17.849    31.4389    23.6838 0.0000e+00
 172.621181     19.000  36.848887    12.5555    6.18910     18.841    31.4652    23.7418 0.0000e+00
 172.621191     20.000  36.745941    12.3743    5.85504     19.832    31.5187    23.8175 0.0000e+00
 172.621203     21.000  36.624950    12.0874    5.27053     20.823    31.6445    23.9686 0.0000e+00
 172.621214     22.000  36.391874    11.5397    4.49751     21.815    31.8861    24.2563 0.0000e+00
 172.621226     23.000  36.086070    10.9252    3.95396     22.807    32.1191    24.5467 0.0000e+00
 172.621237     24.000  35.811233    10.3817    3.75654     23.798    32.3245    24.8000 0.0000e+00
 172.621247     25.000  35.557550    10.0706    3.76823     24.790    32.3461    24.8690 0.0000e+00
 172.621259     26.000  35.457649     9.9475    3.83247     25.781    32.3548    24.8962 0.0000e+00
 172.621269     27.000  35.438151     9.8508    3.89015     26.773    32.4214    24.9641 0.0000e+00
 172.621280     28.000  35.411862     9.7607    3.88409     27.764    32.4753    25.0210 0.0000e+00
 172.621291     29.000  35.382457     9.6357    3.83268     28.756    32.5579    25.1059 0.0000e+00
 172.621303     30.000  35.379838     9.4882    3.73126     29.747    32.6890    25.2321 0.0000e+00
 172.621314     31.000  35.391534     9.3499    3.64163     30.739    32.8270    25.3621 0.0000e+00
 172.621326     32.000  35.389513     9.2766    3.61986     31.731    32.8918    25.4246 0.0000e+00
 172.621338     33.000  35.396833     9.2666    3.62728     32.722    32.9082    25.4389 0.0000e+00
 172.621350     34.000  35.408968     9.2732    3.62199     33.713    32.9142    25.4426 0.0000e+00
 172.621363     35.000  35.409719     9.2293    3.63209     34.705    32.9550    25.4815 0.0000e+00
 172.621375     36.000  35.393271     9.1895    3.63633     35.697    32.9744    25.5029 0.0000e+00
 172.621387     37.000  35.385338     9.1741    3.57449     36.688    32.9798    25.5097 0.0000e+00
 172.621398     38.000  35.378279     9.1408    3.46611     37.679    33.0030    25.5331 0.0000e+00
 172.621409     39.000  35.365046     9.0914    3.38750     38.671    33.0346    25.5657 0.0000e+00
 172.621421     40.000  35.345054     9.0494    3.33953     39.662    33.0523    25.5862 0.0000e+00
 172.621433     41.000  35.328494     9.0301    3.31381     40.653    33.0526    25.5894 0.0000e+00
 172.621446     42.000  35.321196     9.0237    3.30318     41.645    33.0505    25.5888 0.0000e+00
 172.621458     43.000  35.316755     9.0148    3.28855     42.637    33.0537    25.5927 0.0000e+00
 172.621471     44.000  35.311418     9.0071    3.27921     43.628    33.0549    25.5949 0.0000e+00
 172.621483     45.000  35.308169     9.0029    3.27772     44.620    33.0550    25.5955 0.0000e+00
 172.621496     46.000  35.305229     8.9952    3.25310     45.611    33.0586    25.5996 0.0000e+00
 172.621509     47.000  35.300611     8.9871    3.24405     46.602    33.0608    25.6027 0.0000e+00
 172.621523     48.000  35.299123     8.9865    3.24539     47.594    33.0594    25.6017 0.0000e+00
 172.621539     49.000  35.298719     8.9840    3.23706     48.585    33.0609    25.6032 0.0000e+00
 172.621556     50.000  35.295169     8.9807    3.23515     49.577    33.0598    25.6029 0.0000e+00
 172.621577     51.000  35.294919     8.9834    3.22191     50.568    33.0565    25.5999 0.0000e+00
 172.621706     52.000  35.287351     8.9788    3.22679     51.559    33.0525    25.5975 0.0000e+00
