data/oxygen options/ONMS/Olympic_Coast_National_Marine_Sanctuary_Hypoxia_Survey_CTD_Data_2004_2015/raw_data/2005/CTD_TH100_062205faed.cnv
* Sea-Bird SBE19 Data File:
* FileName = C:\hypoxia CTD data\TH100_062205.hex
* Software Version 1.1.5
* Temperature SN = 2997
* Conductivity SN = 2997
* System UpLoad Time = Jun 22 2005 12:10:44
* SEACAT PROFILER V3.1c SN 2997   06/22/05  12:10:22.290
* strain gauge pressure sensor: S/N = 184829,  range = 3000 psia,  tc = 40
# nquan = 9                                 
# nvalues = 852                         
# units = specified
# name 0 = timeJ: Julian Days
# name 1 = prSM: Pressure, Strain Gauge [db]
# name 2 = c0mS/cm: Conductivity [mS/cm]
# name 3 = t090C: Temperature [ITS-90, deg C]
# name 4 = oxML/L: Oxygen, Beckman/YSI [ml/l]
# name 5 = depSM: Depth [salt water, m], lat = 47.5
# name 6 = sal00: Salinity, Practical [PSU]
# name 7 = sigma-é00: Density [sigma-theta, kg/m^3]
# name 8 = flag: flag
# span 0 = 173.500671, 173.505596       
# span 1 =     -3.724,    101.316       
# span 2 =   0.535936,  39.114292       
# span 3 =     7.7310,    15.1724       
# span 4 =   -0.11021,   24.76346       
# span 5 =     -3.693,    100.446       
# span 6 =     0.3294,    33.7068       
# span 7 =    -0.5568,    26.2981       
# span 8 = 0.0000e+00, 0.0000e+00       
# interval = seconds: 0.5
# start_time = Jun 22 2005 12:00:58 [Instrument's time stamp, header]
# bad_flag = -9.990e-29
*END*
[from data line 321]
 173.502529      1.847  39.111206    15.1684    6.22348      1.832    31.4172    23.1755 -9.990e-29
 173.502535      1.848  39.111315    15.1679    6.22191      1.833    31.4177    23.1760 -9.990e-29
 173.502541      1.851  39.110850    15.1676    6.20707      1.836    31.4175    23.1759 -9.990e-29
 173.502546      1.851  39.110320    15.1676    6.21206      1.836    31.4171    23.1756 -9.990e-29
 173.502552      1.853  39.110142    15.1675    6.22716      1.838    31.4170    23.1755 -9.990e-29
 173.502558      1.862  39.110084    15.1674    6.21415      1.846    31.4170    23.1756 -9.990e-29
 173.502564      1.872  39.110072    15.1676    6.20689      1.856    31.4168    23.1754 -9.990e-29
 173.502569      1.878  39.110094    15.1681    6.19424      1.862    31.4165    23.1750 -9.990e-29
 173.502575      1.878  39.110184    15.1685    6.20290      1.862    31.4162    23.1747 -9.990e-29
 173.502581      1.881  39.110465    15.1690    6.21995      1.865    31.4161    23.1745 -9.990e-29
 173.502587      1.893  39.110756    15.1692    6.21937      1.877    31.4162    23.1745 -9.990e-29
 173.502593      1.909  39.110889    15.1691    6.21830      1.893    31.4164    23.1747 -9.990e-29
 173.502598      1.922  39.111045    15.1693    6.21767      1.906    31.4163    23.1746 -9.990e-29
 173.502604      1.928  39.111437    15.1698    6.22248      1.912    31.4163    23.1745 -9.990e-29
 173.502610      1.933  39.112030    15.1702    6.23098      1.917    31.4165    23.1746 -9.990e-29
 173.502616      1.940  39.112497    15.1705    6.21630      1.924    31.4167    23.1746 -9.990e-29
 173.502622      1.946  39.112903    15.1706    6.20480      1.930    31.4169    23.1748 -9.990e-29
 173.502627      1.948  39.113234    15.1705    6.20524      1.932    31.4173    23.1752 -9.990e-29
 173.502633      1.948  39.113375    15.1709    6.21723      1.932    31.4171    23.1749 -9.990e-29
 173.502639      1.956  39.113518    15.1717    6.22741      1.940    31.4166    23.1743 -9.990e-29
 173.502645      1.973  39.113858    15.1724    6.21505      1.957    31.4163    23.1740 -9.990e-29
 173.502650      1.987  39.114292    15.1724    6.21091      1.970    31.4167    23.1743 -9.990e-29
 173.502656      1.989  39.114281    15.1720    6.20744      1.972    31.4170    23.1746 -9.990e-29
 173.502662      1.990  39.113814    15.1716    6.21569      1.973    31.4169    23.1746 -9.990e-29
 173.502668      1.996  39.113394    15.1711    6.22224      1.979    31.4170    23.1747 -9.990e-29
 173.502674      2.005  39.113026    15.1708    6.21557      1.988    31.4169    23.1747 -9.990e-29
 173.502679      2.013  39.112786    15.1709    6.20810      1.996    31.4166    23.1745 -9.990e-29
 173.502685      2.020  39.112917    15.1709    6.20837      2.003    31.4167    23.1746 -9.990e-29
 173.502691      2.027  39.113039    15.1705    6.21190      2.010    31.4171    23.1750 -9.990e-29
 173.502697      2.034  39.112756    15.1702    6.21573      2.017    31.4171    23.1750 -9.990e-29
 173.502703      2.042  39.112257    15.1703    6.20699      2.025    31.4166    23.1746 -9.990e-29
 173.502708      2.050  39.112001    15.1706    6.20115      2.033    31.4161    23.1742 -9.990e-29
 173.502714      2.061  39.112212    15.1709    6.21255      2.044    31.4160    23.1741 -9.990e-29
 173.502720      2.073  39.112617    15.1709    6.21028      2.056    31.4164    23.1744 -9.990e-29
 173.502726      2.088  39.112636    15.1705    6.20499      2.071    31.4167    23.1747 -9.990e-29
 173.502731      2.104  39.112299    15.1702    6.19913      2.086    31.4167    23.1747 -9.990e-29
 173.502737      2.115  39.112284    15.1701    6.19716      2.097    31.4167    23.1748 -9.990e-29
 173.502743      2.129  39.112574    15.1699    6.20162      2.111    31.4171    23.1751 -9.990e-29
 173.502749      2.148  39.112438    15.1694    6.21096      2.130    31.4174    23.1755 -9.990e-29
 173.502755      2.172  39.111700    15.1690    6.20793      2.154    31.4171    23.1753 -9.990e-29
 173.502760      2.192  39.111062    15.1688    6.20671      2.174    31.4166    23.1750 -9.990e-29
 173.502766      2.205  39.110798    15.1687    6.21520      2.187    31.4165    23.1749 -9.990e-29
 173.502772      2.212  39.110560    15.1688    6.22108      2.194    31.4162    23.1747 -9.990e-29
 173.502778      2.219  39.110596    15.1690    6.21991      2.200    31.4161    23.1745 -9.990e-29
 173.502784      2.234  39.111145    15.1693    6.20767      2.215    31.4163    23.1746 -9.990e-29
 173.502789      2.262  39.111817    15.1696    6.20558      2.243    31.4167    23.1748 -9.990e-29
 173.502795      2.305  39.112005    15.1696    6.21079      2.286    31.4168    23.1750 -9.990e-29
 173.502801      2.365  39.111384    15.1689    6.22159      2.345    31.4168    23.1751 -9.990e-29
 173.502807      2.448  39.110418    15.1677    6.21652      2.428    31.4169    23.1754 -9.990e-29
 173.502813      2.553  39.109489    15.1670    6.20391      2.532    31.4165    23.1753 -9.990e-29
 173.502818      2.678  39.109024    15.1670    6.19064      2.656    31.4161    23.1750 0.0000e+00
 173.502824      2.833  39.109510    15.1671    6.18297      2.809    31.4164    23.1752 0.0000e+00
 173.502830      3.034  39.109898    15.1665    6.20093      3.009    31.4171    23.1759 0.0000e+00
 173.502836      3.295  39.109010    15.1652    6.20561      3.267    31.4173    23.1763 0.0000e+00
 173.502841      3.615  39.107329    15.1644    6.22580      3.585    31.4163    23.1757 0.0000e+00
 173.502847      3.986  39.106525    15.1646    6.24179      3.953    31.4153    23.1749 0.0000e+00
 173.502853      4.391  39.107191    15.1642    6.29264      4.354    31.4161    23.1756 0.0000e+00
 173.502859      4.814  39.107392    15.1602    6.36068      4.774    31.4193    23.1790 0.0000e+00
 173.502865      5.248  39.104014    15.1503    6.37769      5.204    31.4240    23.1848 0.0000e+00
 173.502870      5.695  39.094779    15.1343    6.37434      5.647    31.4285    23.1916 0.0000e+00
 173.502876      6.158  39.080818    15.1114    6.34189      6.107    31.4342    23.2009 0.0000e+00
 173.502882      6.635  39.060889    15.0789    6.30295      6.580    31.4422    23.2141 0.0000e+00
 173.502888      7.124  39.029155    15.0288    6.35947      7.064    31.4539    23.2338 0.0000e+00
 173.502894      7.621  38.977500    14.9310    6.46077      7.557    31.4860    23.2794 0.0000e+00
 173.502899      8.120  38.872369    14.7401    6.55457      8.052    31.5454    23.3656 0.0000e+00
 173.502905      8.613  38.655459    14.4330    6.64765      8.541    31.5981    23.4706 0.0000e+00
 173.502911      9.103  38.307323    14.0517    6.66604      9.027    31.5916    23.5443 0.0000e+00
 173.502917      9.598  37.911717    13.6626    6.63317      9.518    31.5466    23.5884 0.0000e+00
 173.502922     10.106  37.567566    13.2769    6.59034     10.021    31.5450    23.6639 0.0000e+00
 173.502928     10.619  37.269061    12.9136    6.49740     10.530    31.5669    23.7517 0.0000e+00
 173.502934     11.132  37.001691    12.6325    6.43781     11.039    31.5489    23.7918 0.0000e+00
 173.502940     11.648  36.799171    12.4451    6.44222     11.550    31.5133    23.7998 0.0000e+00
 173.502946     12.169  36.664478    12.3168    6.41319     12.067    31.4924    23.8077 0.0000e+00
 173.502951     12.695  36.572719    12.2185    6.37802     12.589    31.4871    23.8219 0.0000e+00
 173.502957     13.225  36.502438    12.1323    6.30030     13.114    31.4921    23.8419 0.0000e+00
 173.502963     13.758  36.436709    12.0569    6.15285     13.643    31.4923    23.8560 0.0000e+00
 173.502969     14.295  36.375335    11.9924    6.00650     14.175    31.4875    23.8642 0.0000e+00
 173.502975     14.826  36.323361    11.9200    5.81752     14.702    31.4984    23.8860 0.0000e+00
 173.502980     15.347  36.266969    11.8132    5.61119     15.218    31.5342    23.9333 0.0000e+00
 173.502986     15.865  36.183651    11.6422    5.41573     15.732    31.5986    24.0143 0.0000e+00
 173.502992     16.384  36.051441    11.4133    5.24694     16.247    31.6652    24.1072 0.0000e+00
 173.502998     16.906  35.880174    11.1919    5.12103     16.764    31.6874    24.1638 0.0000e+00
 173.503003     17.435  35.725142    11.0145    5.01409     17.289    31.6876    24.1951 0.0000e+00
 173.503009     17.971  35.605519    10.8791    4.95540     17.820    31.6862    24.2176 0.0000e+00
 173.503015     18.508  35.508638    10.7937    4.92799     18.353    31.6640    24.2150 0.0000e+00
 173.503021     19.043  35.447680    10.7473    4.91964     18.883    31.6435    24.2071 0.0000e+00
 173.503027     19.580  35.418694    10.7142    4.93448     19.416    31.6432    24.2125 0.0000e+00
 173.503032     20.119  35.398703    10.6858    4.94240     19.950    31.6477    24.2209 0.0000e+00
 173.503038     20.651  35.381774    10.6638    4.93454     20.478    31.6497    24.2263 0.0000e+00
 173.503044     21.173  35.369983    10.6444    4.93817     20.995    31.6546    24.2334 0.0000e+00
 173.503050     21.682  35.360482    10.6208    4.93359     21.500    31.6654    24.2458 0.0000e+00
 173.503056     22.181  35.348994    10.5908    4.91831     21.995    31.6798    24.2621 0.0000e+00
 173.503061     22.672  35.334757    10.5570    4.90299     22.482    31.6948    24.2796 0.0000e+00
 173.503067     23.153  35.318391    10.5260    4.88846     22.958    31.7052    24.2930 0.0000e+00
 173.503073     23.624  35.302162    10.5012    4.85810     23.425    31.7104    24.3012 0.0000e+00
 173.503079     24.089  35.289637    10.4772    4.84108     23.887    31.7186    24.3117 0.0000e+00
 173.503084     24.556  35.279793    10.4484    4.82736     24.350    31.7337    24.3283 0.0000e+00
 173.503090     25.038  35.268455    10.4181    4.82152     24.828    31.7485    24.3450 0.0000e+00
 173.503096     25.541  35.256186    10.3927    4.81054     25.326    31.7582    24.3569 0.0000e+00
 173.503102     26.057  35.246227    10.3750    4.80094     25.838    31.7635    24.3640 0.0000e+00
 173.503108     26.581  35.239855    10.3649    4.79210     26.357    31.7657    24.3674 0.0000e+00
 173.503113     27.112  35.236400    10.3588    4.78786     26.884    31.7674    24.3697 0.0000e+00
 173.503119     27.651  35.234041    10.3501    4.79747     27.418    31.7724    24.3751 0.0000e+00
 173.503125     28.191  35.229616    10.3330    4.76291     27.954    31.7827    24.3860 0.0000e+00
 173.503131     28.726  35.220574    10.3061    4.73071     28.484    31.7969    24.4016 0.0000e+00
 173.503137     29.251  35.208296    10.2727    4.70233     29.005    31.8136    24.4202 0.0000e+00
 173.503142     29.770  35.195453    10.2392    4.66370     29.519    31.8299    24.4385 0.0000e+00
 173.503148     30.289  35.182840    10.2094    4.64025     30.034    31.8432    24.4538 0.0000e+00
 173.503154     30.812  35.171558    10.1805    4.62466     30.553    31.8570    24.4694 0.0000e+00
 173.503160     31.334  35.162238    10.1475    4.57459     31.070    31.8764    24.4901 0.0000e+00
 173.503166     31.849  35.151403    10.1086    4.53590     31.581    31.8995    24.5145 0.0000e+00
 173.503171     32.360  35.135800    10.0633    4.47812     32.087    31.9235    24.5407 0.0000e+00
 173.503177     32.875  35.114787    10.0163    4.41846     32.598    31.9436    24.5642 0.0000e+00
 173.503183     33.400  35.091717     9.9753    4.37167     33.119    31.9563    24.5808 0.0000e+00
 173.503189     33.934  35.072808     9.9382    4.32037     33.648    31.9697    24.5974 0.0000e+00
 173.503194     34.469  35.055245     9.8922    4.27744     34.178    31.9925    24.6227 0.0000e+00
 173.503200     35.001  35.026802     9.8226    4.22978     34.706    32.0252    24.6596 0.0000e+00
 173.503206     35.528  34.974759     9.7361    4.20919     35.228    32.0490    24.6922 0.0000e+00
 173.503212     36.051  34.909309     9.6663    4.18283     35.747    32.0443    24.6999 0.0000e+00
 173.503218     36.565  34.864800     9.6307    4.15530     36.257    32.0304    24.6948 0.0000e+00
 173.503223     37.062  34.850804     9.6169    4.14534     36.749    32.0282    24.6953 0.0000e+00
 173.503229     37.546  34.848071     9.6075    4.12102     37.229    32.0336    24.7010 0.0000e+00
 173.503235     38.021  34.842848     9.5918    4.11266     37.700    32.0420    24.7101 0.0000e+00
 173.503241     38.492  34.830958     9.5634    4.11228     38.167    32.0550    24.7249 0.0000e+00
 173.503247     38.960  34.810548     9.5223    4.09428     38.631    32.0707    24.7437 0.0000e+00
 173.503252     39.418  34.782415     9.4819    4.08110     39.085    32.0778    24.7557 0.0000e+00
 173.503258     39.868  34.758357     9.4554    4.09153     39.531    32.0767    24.7591 0.0000e+00
 173.503264     40.315  34.752801     9.4460    4.11912     39.975    32.0792    24.7625 0.0000e+00
 173.503270     40.772  34.773452     9.4510    4.14679     40.428    32.0957    24.7746 0.0000e+00
 173.503275     41.246  34.819800     9.4580    4.18063     40.898    32.1367    24.8056 0.0000e+00
 173.503281     41.733  34.871221     9.4558    4.21004     41.381    32.1912    24.8485 0.0000e+00
 173.503287     42.222  34.908257     9.4483    4.25129     41.865    32.2357    24.8845 0.0000e+00
 173.503293     42.704  34.937110     9.4492    4.32563     42.343    32.2643    24.9067 0.0000e+00
 173.503299     43.181  34.973811     9.4708    4.38250     42.816    32.2823    24.9173 0.0000e+00
 173.503304     43.658  35.031962     9.5037    4.38422     43.289    32.3120    24.9353 0.0000e+00
 173.503310     44.135  35.099949     9.5172    4.33927     43.762    32.3693    24.9778 0.0000e+00
 173.503316     44.612  35.142276     9.4937    4.26575     44.235    32.4337    25.0319 0.0000e+00
 173.503322     45.094  35.142498     9.4441    4.17688     44.713    32.4786    25.0750 0.0000e+00
 173.503328     45.582  35.110988     9.3922    4.11104     45.197    32.4931    25.0946 0.0000e+00
 173.503333     46.072  35.073545     9.3520    4.07157     45.682    32.4909    25.0993 0.0000e+00
 173.503339     46.567  35.048612     9.3232    4.04951     46.173    32.4912    25.1041 0.0000e+00
 173.503345     47.071  35.035995     9.3031    4.05920     46.673    32.4962    25.1112 0.0000e+00
 173.503351     47.583  35.032865     9.2895    4.08065     47.180    32.5051    25.1204 0.0000e+00
 173.503356     48.093  35.037271     9.2795    4.09919     47.686    32.5185    25.1325 0.0000e+00
 173.503362     48.594  35.046099     9.2695    4.15150     48.183    32.5365    25.1481 0.0000e+00
 173.503368     49.089  35.058772     9.2527    4.20345     48.674    32.5647    25.1728 0.0000e+00
 173.503374     49.583  35.077032     9.2270    4.23585     49.163    32.6068    25.2098 0.0000e+00
 173.503380     50.082  35.097741     9.1997    4.28236     49.658    32.6529    25.2502 0.0000e+00
 173.503385     50.588  35.115982     9.1767    4.31866     50.160    32.6926    25.2849 0.0000e+00
 173.503391     51.095  35.131388     9.1591    4.34403     50.662    32.7245    25.3125 0.0000e+00
 173.503397     51.597  35.143738     9.1467    4.37386     51.160    32.7484    25.3332 0.0000e+00
 173.503403     52.091  35.152102     9.1383    4.36477     51.650    32.7646    25.3472 0.0000e+00
 173.503409     52.578  35.157523     9.1335    4.36431     52.133    32.7744    25.3556 0.0000e+00
 173.503414     53.065  35.161044     9.1302    4.36766     52.615    32.7808    25.3612 0.0000e+00
 173.503420     53.556  35.162858     9.1246    4.35211     53.102    32.7876    25.3674 0.0000e+00
 173.503426     54.057  35.163686     9.1163    4.34106     53.599    32.7959    25.3752 0.0000e+00
 173.503432     54.571  35.164617     9.1061    4.33145     54.108    32.8060    25.3848 0.0000e+00
 173.503437     55.090  35.166316     9.0934    4.32159     54.623    32.8193    25.3971 0.0000e+00
 173.503443     55.607  35.168229     9.0789    4.32102     55.135    32.8344    25.4112 0.0000e+00
