data/oxygen options/ONMS/Olympic_Coast_National_Marine_Sanctuary_Hypoxia_Survey_CTD_Data_2004_2015/raw_data/2005/CTD_CE30_060805faed.cnv
* Sea-Bird SBE19 Data File:
* FileName = C:\hypoxia CTD data\CE30_060805.hex
* Software Version 1.1.5
* Temperature SN = 2997
* Conductivity SN = 2997
* System UpLoad Time = Jun 08 2005 15:57:05
* SEACAT PROFILER V3.1c SN 2997   06/08/05  15:56:10.115
* strain gauge pressure sensor: S/N = 184829,  range = 3000 psia,  tc = 40
# nquan = 9                                 
# nvalues = 509                         
# units = specified
# name 0 = timeJ: Julian Days
# name 1 = prSM: Pressure, Strain Gauge [db]
# name 2 = c0mS/cm: Conductivity [mS/cm]
# name 3 = t090C: Temperature [ITS-90, deg C]
# name 4 = oxML/L: Oxygen, Beckman/YSI [ml/l]
# name 5 = depSM: Depth [salt water, m], lat = 47.5
# name 6 = sal00: Salinity, Practical [PSU]
# name 7 = sigma-é00: Density [sigma-theta, kg/m^3]
# name 8 = flag: flag
# span 0 = 159.552905, 159.555845       
# span 1 =     -3.384,     29.663       
# span 2 =   0.643995,  36.479928       
# span 3 =    11.2413,    15.1416       
# span 4 =   -0.09749,   25.11140       
# span 5 =     -3.356,     29.413       
# span 6 =     0.4059,    31.9893       
# span 7 =    -0.3924,    24.3900       
# span 8 = 0.0000e+00, 0.0000e+00       
# interval = seconds: 0.5
# start_time = Jun 08 2005 13:16:11 [Instrument's time stamp, header]
# bad_flag = -9.990e-29
*END*
 159.552905     -3.382 -9.990e-29    13.6291   -0.09735     -3.354 -9.990e-29 -9.990e-29 -9.990e-29
 159.552911     -3.384   0.643995    13.6652   -0.09731     -3.356     0.4059    -0.3924 -9.990e-29
 159.552917     -3.362   1.038121    13.7773   -0.09729     -3.334     0.6650    -0.2066 -9.990e-29
 159.552922     -3.311   2.138795    14.0012   -0.09726     -3.283     1.4115     0.3401 -9.990e-29
 159.552928     -3.233   5.258304    14.2916   -0.09725     -3.206     3.6373     2.0145 -9.990e-29
 159.552934     -3.121  11.749251    14.5783   -0.09728     -3.095     8.5592     5.7500 -9.990e-29
 159.552940     -2.987  20.951173    14.7973   -0.09735     -2.962    15.9486    11.3755 -9.990e-29
 159.552946     -2.856  29.370077    14.9108   -0.09739     -2.832    23.0307    16.7844 -9.990e-29
 159.552951     -2.744  33.890369    14.9567   -0.09744     -2.721    26.9434    19.7797 -9.990e-29
 159.552957     -2.658  35.405505    14.9857   -0.09737     -2.636    28.2603    20.7858 -9.990e-29
 159.552963     -2.597  35.943567    15.0069   -0.09732     -2.575    28.7215    21.1361 -9.990e-29
 159.552969     -2.552  36.137899    15.0180   -0.09731     -2.531    28.8857    21.2600 -9.990e-29
 159.552975     -2.512  36.206720    15.0223   -0.09733     -2.491    28.9436    21.3036 -9.990e-29
 159.552980     -2.470  36.242951    15.0217   -0.09736     -2.449    28.9761    21.3287 -9.990e-29
 159.552986     -2.419  36.267463    15.0161   -0.09737     -2.399    29.0020    21.3498 -9.990e-29
 159.552992     -2.352  36.273165    15.0073   -0.09736     -2.332    29.0136    21.3606 -9.990e-29
 159.552998     -2.277  36.253678    14.9963   -0.09732     -2.258    29.0044    21.3558 -9.990e-29
 159.553003     -2.211  36.218380    14.9869   -0.09730     -2.193    28.9800    21.3390 -9.990e-29
 159.553009     -2.158  36.198178    14.9859   -0.09728     -2.140    28.9628    21.3260 -9.990e-29
 159.553015     -2.115  36.214393    14.9917   -0.09728     -2.097    28.9729    21.3325 -9.990e-29
 159.553021     -2.075  36.251671    14.9973   -0.09729     -2.058    29.0018    21.3536 -9.990e-29
 159.553027     -2.031  36.277889    14.9996   -0.09734     -2.014    29.0234    21.3697 -9.990e-29
 159.553032     -1.988  36.279259    14.9994   -0.09735     -1.971    29.0247    21.3708 -9.990e-29
 159.553038     -1.953  36.261570    14.9997   -0.09734     -1.937    29.0088    21.3585 -9.990e-29
 159.553044     -1.924  36.239961    15.0041   -0.09733     -1.908    28.9863    21.3403 -9.990e-29
 159.553050     -1.902  36.229393    15.0121   -0.09733     -1.886    28.9710    21.3268 -9.990e-29
 159.553056     -1.886  36.230389    15.0194   -0.09732     -1.870    28.9665    21.3218 -9.990e-29
 159.553061     -1.867  36.237587    15.0226   -0.09729     -1.851    28.9705    21.3242 -9.990e-29
 159.553067     -1.844  36.248286    15.0216   -0.09727     -1.829    28.9807    21.3323 -9.990e-29
 159.553073     -1.823  36.259406    15.0188   -0.09728     -1.808    28.9927    21.3421 -9.990e-29
 159.553079     -1.804  36.264505    15.0163   -0.09734     -1.789    28.9990    21.3475 -9.990e-29
 159.553084     -1.781  36.252472    15.0143   -0.09734     -1.766    28.9898    21.3408 -9.990e-29
 159.553090     -1.756  36.227488    15.0130   -0.09737     -1.741    28.9686    21.3248 -9.990e-29
 159.553096     -1.732  36.214589    15.0130   -0.09732     -1.718    28.9572    21.3160 -9.990e-29
 159.553102     -1.709  36.221844    15.0143   -0.09730     -1.695    28.9626    21.3199 -9.990e-29
 159.553108     -1.684  36.232047    15.0162   -0.09733     -1.670    28.9703    21.3254 -9.990e-29
 159.553113     -1.655  36.237534    15.0183   -0.09733     -1.641    28.9736    21.3275 -9.990e-29
 159.553119     -1.621  36.249020    15.0201   -0.09732     -1.607    28.9824    21.3339 -9.990e-29
 159.553125     -1.585  36.268398    15.0203   -0.09732     -1.572    28.9995    21.3470 -9.990e-29
 159.553131     -1.552  36.277807    15.0180   -0.09735     -1.539    29.0095    21.3552 -9.990e-29
 159.553137     -1.524  36.261794    15.0122   -0.09735     -1.511    28.9996    21.3488 -9.990e-29
 159.553142     -1.499  36.233807    15.0064   -0.09733     -1.486    28.9790    21.3342 -9.990e-29
 159.553148     -1.477  36.225534    15.0068   -0.09731     -1.465    28.9714    21.3282 -9.990e-29
 159.553154     -1.455  36.243924    15.0114   -0.09734     -1.443    28.9843    21.3372 -9.990e-29
 159.553160     -1.432  36.265310    15.0148   -0.09734     -1.420    29.0007    21.3491 -9.990e-29
 159.553166     -1.408  36.264415    15.0159   -0.09737     -1.396    28.9991    21.3477 -9.990e-29
 159.553171     -1.380  36.245127    15.0154   -0.09740     -1.368    28.9824    21.3349 -9.990e-29
 159.553177     -1.350  36.235035    15.0141   -0.09738     -1.339    28.9744    21.3290 -9.990e-29
 159.553183     -1.325  36.239783    15.0130   -0.09734     -1.314    28.9794    21.3331 -9.990e-29
 159.553189     -1.309  36.238824    15.0122   -0.09734     -1.298    28.9791    21.3331 -9.990e-29
 159.553194     -1.296  36.229232    15.0122   -0.09735     -1.285    28.9706    21.3265 -9.990e-29
 159.553200     -1.280  36.231335    15.0134   -0.09736     -1.269    28.9716    21.3270 -9.990e-29
 159.553206     -1.265  36.245170    15.0140   -0.09738     -1.254    28.9834    21.3360 -9.990e-29
 159.553212     -1.255  36.246045    15.0108   -0.09746     -1.245    28.9865    21.3391 -9.990e-29
 159.553218     -1.244  36.228435    15.0034   -0.09747     -1.234    28.9764    21.3328 -9.990e-29
 159.553223     -1.227  36.212073    14.9965   -0.09736     -1.217    28.9670    21.3270 -9.990e-29
 159.553229     -1.204  36.207700    14.9961   -0.09735     -1.194    28.9634    21.3243 -9.990e-29
 159.553235     -1.172  36.214005    15.0012   -0.09737     -1.162    28.9652    21.3246 -9.990e-29
 159.553241     -1.135  36.228775    15.0063   -0.09749     -1.126    28.9745    21.3307 -9.990e-29
 159.553247     -1.093  36.239219    15.0076   -0.09746     -1.084    28.9828    21.3369 -9.990e-29
 159.553252     -1.049  36.232948    15.0031   -0.09736     -1.040    28.9805    21.3361 -9.990e-29
 159.553258     -1.009  36.219017    14.9907   -0.09735     -1.001    28.9773    21.3362 -9.990e-29
 159.553264     -0.973  36.211411    14.9752   -0.09738     -0.965    28.9821    21.3430 -9.990e-29
 159.553270     -0.936  36.212357    14.9719   -0.09744     -0.928    28.9853    21.3463 -9.990e-29
 159.553275     -0.895  36.221469    14.9836   -0.09740     -0.888    28.9847    21.3434 -9.990e-29
 159.553281     -0.856  36.236351    14.9928   -0.09737     -0.849    28.9911    21.3464 -9.990e-29
 159.553287     -0.820  36.242677    14.9848   -0.09738     -0.813    29.0027    21.3569 -9.990e-29
 159.553293     -0.791  36.235466    14.9690   -0.09741     -0.784    29.0080    21.3643 -9.990e-29
 159.553299     -0.766  36.230932    14.9685   -0.09740     -0.760    29.0043    21.3616 -9.990e-29
 159.553304     -0.739  36.238203    14.9832   -0.09738     -0.733    28.9999    21.3551 -9.990e-29
 159.553310     -0.712  36.250186    14.9932   -0.09737     -0.706    29.0031    21.3555 -9.990e-29
 159.553316     -0.689  36.252053    14.9896   -0.09736     -0.683    29.0074    21.3595 -9.990e-29
 159.553322     -0.672  36.242410    14.9820   -0.09736     -0.666    29.0045    21.3589 -9.990e-29
 159.553328     -0.664  36.237036    14.9832   -0.09740     -0.658    28.9988    21.3543 -9.990e-29
 159.553333     -0.661  36.240014    14.9899   -0.09741     -0.655    28.9965    21.3511 -9.990e-29
 159.553339     -0.649  36.240769    14.9921   -0.09738     -0.644    28.9955    21.3499 -9.990e-29
 159.553345     -0.619  36.235301    14.9905   -0.09737     -0.614    28.9918    21.3474 -9.990e-29
 159.553351     -0.582  36.230937    14.9916   -0.09738     -0.577    28.9871    21.3435 -9.990e-29
 159.553356     -0.549  36.230864    14.9964   -0.09739     -0.544    28.9835    21.3397 -9.990e-29
 159.553362     -0.517  36.231093    15.0011   14.34235     -0.513    28.9802    21.3362 -9.990e-29
 159.553368     -0.489  36.230283    15.0037   23.78155     -0.485    28.9775    21.3336 -9.990e-29
 159.553374     -0.467  36.228514    15.0020   25.11140     -0.463    28.9772    21.3338 -9.990e-29
 159.553380     -0.450  36.225146    14.9963   21.94698     -0.446    28.9784    21.3359 -9.990e-29
 159.553385     -0.436  36.222452    14.9932   14.18384     -0.432    28.9783    21.3365 -9.990e-29
 159.553391     -0.425  36.223605    14.9961   11.42054     -0.421    28.9772    21.3350 -9.990e-29
 159.553397     -0.417  36.226815    14.9997   11.43216     -0.414    28.9774    21.3344 -9.990e-29
 159.553403     -0.410  36.227986    14.9999   11.41251     -0.407    28.9783    21.3350 -9.990e-29
 159.553409     -0.404  36.229836    14.9999   11.41273     -0.401    28.9799    21.3363 -9.990e-29
 159.553414     -0.398  36.242720    15.0064   11.41283     -0.395    28.9866    21.3400 -9.990e-29
 159.553420     -0.394  36.283853    15.0186   11.41030     -0.391    29.0140    21.3586 -9.990e-29
 159.553426     -0.389  36.344197    15.0284   11.40807     -0.386    29.0603    21.3921 -9.990e-29
 159.553432     -0.384  36.384818    15.0331   11.41109     -0.381    29.0929    21.4162 -9.990e-29
 159.553438     -0.379  36.399362    15.0348   11.40538     -0.376    29.1045    21.4248 -9.990e-29
 159.553443     -0.373  36.404455    15.0346   11.39262     -0.370    29.1092    21.4284 -9.990e-29
 159.553449     -0.365  36.405244    15.0337    8.51656     -0.362    29.1106    21.4297 -9.990e-29
 159.553455     -0.356  36.404497    15.0327    5.44292     -0.353    29.1106    21.4299 -9.990e-29
 159.553461     -0.345  36.404060    15.0319    3.84785     -0.342    29.1108    21.4303 -9.990e-29
 159.553466     -0.330  36.403948    15.0314    3.59866     -0.327    29.1111    21.4306 -9.990e-29
 159.553472     -0.312  36.404047    15.0310    4.85413     -0.309    29.1115    21.4309 -9.990e-29
 159.553478     -0.288  36.403964    15.0307    5.81356     -0.286    29.1116    21.4311 -9.990e-29
 159.553484     -0.258  36.403627    15.0308    6.19302     -0.256    29.1113    21.4308 -9.990e-29
 159.553490     -0.224  36.403744    15.0317    6.40651     -0.222    29.1107    21.4302 -9.990e-29
 159.553495     -0.192  36.404506    15.0327    6.52002     -0.190    29.1106    21.4299 -9.990e-29
 159.553501     -0.164  36.405280    15.0334    6.58161     -0.163    29.1108    21.4299 -9.990e-29
 159.553507     -0.139  36.406015    15.0337    6.61236     -0.138    29.1112    21.4301 -9.990e-29
 159.553513     -0.115  36.406606    15.0338    6.62769     -0.114    29.1116    21.4305 -9.990e-29
 159.553519     -0.090  36.406757    15.0342    6.62271     -0.089    29.1114    21.4302 -9.990e-29
 159.553524     -0.063  36.407265    15.0353    6.61865     -0.062    29.1111    21.4297 -9.990e-29
 159.553530     -0.032  36.408286    15.0372    6.61582     -0.032    29.1105    21.4289 -9.990e-29
 159.553536      0.001  36.409533    15.0392    6.61358      0.001    29.1102    21.4282 -9.990e-29
 159.553542      0.029  36.411024    15.0399    6.61667      0.029    29.1110    21.4287 -9.990e-29
 159.553547      0.049  36.411979    15.0389    6.61082      0.049    29.1125    21.4301 -9.990e-29
 159.553553      0.064  36.411467    15.0371    6.60996      0.063    29.1134    21.4312 -9.990e-29
 159.553559      0.077  36.409961    15.0357    6.60554      0.076    29.1131    21.4312 -9.990e-29
 159.553565      0.094  36.408856    15.0350    6.60362      0.093    29.1126    21.4310 -9.990e-29
 159.553571      0.113  36.408394    15.0347    6.58187      0.112    29.1125    21.4309 -9.990e-29
 159.553576      0.130  36.407998    15.0347    6.57933      0.129    29.1121    21.4307 -9.990e-29
 159.553582      0.145  36.407737    15.0351    6.57982      0.144    29.1116    21.4302 -9.990e-29
 159.553588      0.161  36.407859    15.0354    6.57378      0.160    29.1114    21.4300 -9.990e-29
 159.553594      0.178  36.408001    15.0353    6.57167      0.177    29.1116    21.4302 -9.990e-29
 159.553600      0.196  36.407828    15.0349    6.56586      0.194    29.1118    21.4304 -9.990e-29
 159.553605      0.218  36.407709    15.0345    6.55947      0.216    29.1120    21.4306 -9.990e-29
 159.553611      0.245  36.408081    15.0335    6.54342      0.243    29.1130    21.4316 -9.990e-29
 159.553617      0.278  36.408354    15.0310    6.54603      0.276    29.1151    21.4337 -9.990e-29
 159.553623      0.315  36.407808    15.0280    6.54134      0.312    29.1168    21.4357 -9.990e-29
 159.553628      0.346  36.406681    15.0261    6.54306      0.343    29.1172    21.4364 -9.990e-29
 159.553634      0.360  36.405168    15.0252    6.54502      0.357    29.1166    21.4361 -9.990e-29
 159.553640      0.357  36.402761    15.0240    6.52253      0.354    29.1153    21.4354 -9.990e-29
 159.553646      0.351  36.399627    15.0228    6.51353      0.348    29.1134    21.4342 -9.990e-29
 159.553652      0.350  36.397575    15.0230    6.51689      0.347    29.1115    21.4326 -9.990e-29
 159.553657      0.349  36.397799    15.0239    6.51942      0.346    29.1110    21.4321 -9.990e-29
 159.553663      0.348  36.398920    15.0242    6.52113      0.345    29.1118    21.4326 -9.990e-29
 159.553669      0.352  36.399072    15.0237    6.51625      0.349    29.1123    21.4331 -9.990e-29
 159.553675      0.356  36.398463    15.0232    6.50830      0.353    29.1121    21.4331 -9.990e-29
 159.553681      0.361  36.397965    15.0233    6.50193      0.358    29.1116    21.4327 -9.990e-29
 159.553686      0.371  36.398038    15.0240    6.49865      0.368    29.1111    21.4322 -9.990e-29
 159.553692      0.386  36.398786    15.0250    6.49751      0.383    29.1110    21.4319 -9.990e-29
 159.553698      0.409  36.399528    15.0260    6.50317      0.406    29.1110    21.4316 -9.990e-29
 159.553704      0.431  36.400136    15.0267    6.50533      0.427    29.1110    21.4315 -9.990e-29
 159.553709      0.442  36.400862    15.0277    6.49205      0.438    29.1109    21.4312 -9.990e-29
 159.553715      0.441  36.401557    15.0292    6.48975      0.437    29.1104    21.4305 -9.990e-29
 159.553721      0.438  36.402590    15.0303    6.47704      0.434    29.1105    21.4303 -9.990e-29
 159.553727      0.441  36.403659    15.0304    6.47798      0.437    29.1113    21.4310 -9.990e-29
 159.553733      0.455  36.403952    15.0303    6.47456      0.451    29.1117    21.4312 -9.990e-29
 159.553738      0.471  36.403864    15.0297    6.47232      0.467    29.1120    21.4317 -9.990e-29
 159.553744      0.482  36.403282    15.0285    6.47306      0.478    29.1124    21.4322 -9.990e-29
 159.553750      0.493  36.401992    15.0277    6.47439      0.489    29.1118    21.4319 -9.990e-29
 159.553756      0.509  36.401083    15.0277    6.47971      0.505    29.1110    21.4313 -9.990e-29
 159.553762      0.527  36.401028    15.0279    6.46986      0.523    29.1108    21.4311 -9.990e-29
 159.553767      0.544  36.401195    15.0280    6.45386      0.539    29.1109    21.4311 -9.990e-29
 159.553773      0.560  36.401252    15.0279    6.44483      0.555    29.1110    21.4313 -9.990e-29
 159.553779      0.577  36.401276    15.0279    6.45147      0.572    29.1110    21.4313 -9.990e-29
 159.553785      0.596  36.401306    15.0276    6.45211      0.591    29.1113    21.4315 -9.990e-29
 159.553791      0.614  36.401385    15.0267    6.45344      0.609    29.1120    21.4323 -9.990e-29
 159.553796      0.628  36.401062    15.0252    6.44006      0.623    29.1128    21.4332 -9.990e-29
 159.553802      0.638  36.399907    15.0229    6.43640      0.633    29.1135    21.4342 -9.990e-29
 159.553808      0.650  36.397508    15.0197    6.45178      0.645    29.1138    21.4351 -9.990e-29
 159.553814      0.668  36.394034    15.0171    6.45411      0.662    29.1126    21.4347 -9.990e-29
 159.553819      0.689  36.391583    15.0164    6.45444      0.683    29.1109    21.4336 -9.990e-29
 159.553825      0.707  36.391375    15.0175    6.43246      0.701    29.1099    21.4326 -9.990e-29
