data/oxygen options/ONMS/Olympic_Coast_National_Marine_Sanctuary_Hypoxia_Survey_CTD_Data_2004_2015/raw_data/2005/CTD_CE60_070605faed.cnv
* Sea-Bird SBE19 Data File:
* FileName = C:\Hypoxia Data\CE60_070605.hex
* Software Version 1.1.6
* Temperature SN = 2997
* Conductivity SN = 2997
* System UpLoad Time = Jul 06 2005 16:11:28
* SEACAT PROFILER V3.1c SN 2997   07/06/05  16:11:56.607
* strain gauge pressure sensor: S/N = 184829,  range = 3000 psia,  tc = 40
# nquan = 9                                 
# nvalues = 1085                        
# units = specified
# name 0 = timeJ: Julian Days
# name 1 = prSM: Pressure, Strain Gauge [db]
# name 2 = c0mS/cm: Conductivity [mS/cm]
# name 3 = t090C: Temperature [ITS-90, deg C]
# name 4 = oxML/L: Oxygen, Beckman/YSI [ml/l]
# name 5 = depSM: Depth [salt water, m], lat = 47.5
# name 6 = sal00: Salinity, Practical [PSU]
# name 7 = sigma-é00: Density [sigma-theta, kg/m^3]
# name 8 = flag: flag
# span 0 = 187.617882, 187.624155       
# span 1 =     -3.745,     60.181       
# span 2 =   0.483467, 224.000700       
# span 3 =     7.8657,    43.3344       
# span 4 =   -0.11319,   22.81526       
# span 5 =     -3.714,     59.670       
# span 6 =     0.2853,    37.7918       
# span 7 =    -0.8302,    26.2248       
# span 8 = 0.0000e+00, 0.0000e+00       
# interval = seconds: 0.5
# start_time = Jul 06 2005 14:49:45 [Instrument's time stamp, header]
# bad_flag = -9.990e-29
*END*
 187.617882     -3.745 -9.990e-29    15.9700   -0.11319     -3.714 -9.990e-29 -9.990e-29 -9.990e-29
 187.617888     -3.710   0.483467    15.9698   -0.11318     -3.679     0.2853    -0.8302 -9.990e-29
 187.617894     -3.676   0.483807    15.9695   -0.11317     -3.645     0.2855    -0.8300 -9.990e-29
 187.617899     -3.642   0.485011    15.9684   -0.08136     -3.612     0.2862    -0.8292 -9.990e-29
 187.617905     -3.601   0.486468    15.9664   -0.09435     -3.571     0.2871    -0.8282 -9.990e-29
 187.617911     -3.555   0.488272    15.9636   -0.09448     -3.525     0.2882    -0.8269 -9.990e-29
 187.617917     -3.505   0.493383    15.9593   -0.09419     -3.476     0.2914    -0.8238 -9.990e-29
 187.617922     -3.448   0.510093    15.9526   -0.09424     -3.419     0.3016    -0.8148 -9.990e-29
 187.617928     -3.380   0.561791    15.9444   -0.09426     -3.352     0.3332    -0.7891 -9.990e-29
 187.617934     -3.298   0.717223    15.9372   -0.09427     -3.271     0.4290    -0.7139 -9.990e-29
 187.617940     -3.195   1.182522    15.9315   -0.09445     -3.168     0.7220    -0.4870 -9.990e-29
 187.617946     -3.070   2.568107    15.9219   -0.09487     -3.044     1.6312     0.2142 -9.990e-29
 187.617951     -2.914   6.700909    15.9006   -0.09506     -2.890     4.5255     2.4377 -9.990e-29
 187.617957     -2.709  19.076914    15.8625   -0.09503     -2.686    14.0160     9.6992 -9.990e-29
 187.617963     -2.451  34.730575    15.8117   -0.09478     -2.431    27.0897    19.7135 -9.990e-29
 187.617969     -2.153  40.360066    15.7639   -0.09461     -2.135    32.0500    23.5321 -9.990e-29
 187.617975     -1.831  39.494586    15.7309   -0.09456     -1.816    31.3110    22.9715 -9.990e-29
 187.617980     -1.494  39.422071    15.7085   -0.09454     -1.482    31.2646    22.9407 -9.990e-29
 187.617986     -1.145  39.482690    15.6768   -0.09453     -1.135    31.3431    23.0081 -9.990e-29
 187.617992     -0.797  39.486930    15.6102   -0.09452     -0.790    31.3997    23.0662 -9.990e-29
 187.617998     -0.471  39.451697    15.5166   -0.09452     -0.467    31.4430    23.1199 -9.990e-29
 187.618003     -0.188  39.387822    15.4506   -0.09467     -0.186    31.4388    23.1311 -9.990e-29
 187.618009      0.035  39.335249    15.4532   -0.09475      0.035    31.3899    23.0929 -9.990e-29
 187.618015      0.205  39.314207    15.5064   -0.09478      0.203    31.3288    23.0343 -9.990e-29
 187.618021      0.340  39.306754    15.5616   -0.09480      0.337    31.2783    22.9835 -9.990e-29
 187.618027      0.458  39.311966    15.5931   -0.09487      0.454    31.2579    22.9609 -9.990e-29
 187.618032      0.570  39.335724    15.6058   -0.09498      0.565    31.2688    22.9665 -9.990e-29
 187.618038      0.674  39.369365    15.6101   -0.09504      0.668    31.2951    22.9858 -9.990e-29
 187.618044      0.761  39.399448    15.6081   -0.09509      0.755    31.3233    23.0080 -9.990e-29
 187.618050      0.824  39.416755    15.5926   -0.09505      0.817    31.3510    23.0326 -9.990e-29
 187.618056      0.865  39.419154    15.5619   -0.09496      0.858    31.3775    23.0597 -9.990e-29
 187.618061      0.897  39.404834    15.5303   -0.09488      0.890    31.3899    23.0762 -9.990e-29
 187.618067      0.929  39.378856    15.5063   -0.09501      0.921    31.3860    23.0784 -9.990e-29
 187.618073      0.969  39.356537    15.4824   -0.09501      0.961    31.3852    23.0830 -9.990e-29
 187.618079      1.014  39.346292    15.4534   -0.09500      1.006    31.3992    23.1000 -9.990e-29
 187.618084      1.063  39.341224    15.4239   -0.09496      1.054    31.4182    23.1211 -9.990e-29
 187.618090      1.119  39.327314    15.4002   -0.09489      1.110    31.4248    23.1313 -9.990e-29
 187.618096      1.182  39.302875    15.3858   -0.09481      1.172    31.4145    23.1265 -9.990e-29
 187.618102      1.242  39.286960    15.3871   -0.09487      1.232    31.3993    23.1145 -9.990e-29
 187.618108      1.287  39.301010    15.4040   -0.09496      1.276    31.3983    23.1101 -9.990e-29
 187.618113      1.306  39.333499    15.4174   -0.09496      1.295    31.4165    23.1211 -9.990e-29
 187.618119      1.305  39.347004    15.4163   -0.09493      1.294    31.4294    23.1313 -9.990e-29
 187.618125      1.306  39.328163    15.4130   -0.09486      1.295    31.4152    23.1212 -9.990e-29
 187.618131      1.324  39.296208    15.4158   -0.09489      1.313    31.3846    23.0970 -9.990e-29
 187.618137      1.362  39.280931    15.4259   -0.09497      1.351    31.3629    23.0781 -9.990e-29
 187.618142      1.410  39.295090    15.4442   -0.09500      1.398    31.3609    23.0726 -9.990e-29
 187.618148      1.456  39.325067    15.4576   -0.09501      1.444    31.3768    23.0819 -9.990e-29
 187.618154      1.500  39.344676    15.4508   -0.09499      1.487    31.3997    23.1010 -9.990e-29
 187.618160      1.546  39.344203    15.4319   -0.09498      1.533    31.4143    23.1164 -9.990e-29
 187.618166      1.590  39.340448    15.4208   -0.09497      1.577    31.4198    23.1230 -9.990e-29
 187.618171      1.628  39.352557    15.4260   -0.09502      1.614    31.4264    23.1270 -9.990e-29
 187.618177      1.658  39.374828    15.4369   -0.09503      1.644    31.4375    23.1331 -9.990e-29
 187.618183      1.682  39.382017    15.4375   -0.09501      1.668    31.4434    23.1375 -9.990e-29
 187.618189      1.706  39.366919    15.4274   -0.09500      1.692    31.4381    23.1356 -9.990e-29
 187.618194      1.735  39.340296    15.4163   -0.09501      1.721    31.4232    23.1266 -9.990e-29
 187.618200      1.771  39.314366    15.4081   -0.09503      1.756    31.4067    23.1157 -9.990e-29
 187.618206      1.812  39.302268    15.4036   -0.09503      1.797    31.3995    23.1111 -9.990e-29
 187.618212      1.849  39.313148    15.4037   -0.09503      1.834    31.4091    23.1185 -9.990e-29
 187.618218      1.874  39.336864    15.4047   -0.09504      1.858    31.4294    23.1339 -9.990e-29
 187.618223      1.889  39.346736    15.4011   -0.09494      1.873    31.4411    23.1436 -9.990e-29
 187.618229      1.896  39.334647    15.3951   -0.09499      1.880    31.4351    23.1403 -9.990e-29
 187.618235      1.895  39.321538    15.3931   -0.09504      1.879    31.4250    23.1330 -9.990e-29
 187.618241      1.885  39.326423    15.3970   -0.09503      1.869    31.4263    23.1331 -9.990e-29
 187.618247      1.871  39.334536    15.4023   -0.09502      1.855    31.4292    23.1343 -9.990e-29
 187.618252      1.864  39.318586    15.4038   -0.09501      1.848    31.4139    23.1221 -9.990e-29
 187.618258      1.873  39.286513    15.4015   -0.09493      1.857    31.3871    23.1021 -9.990e-29
 187.618264      1.897  39.266270    15.3987   -0.09485      1.881    31.3714    23.0905 -9.990e-29
 187.618270      1.935  39.270727    15.4033   -0.09489      1.919    31.3716    23.0898 -9.990e-29
 187.618275      1.975  39.289594    15.4126   -0.09494      1.959    31.3810    23.0949 -9.990e-29
 187.618281      2.008  39.300944    15.4122   -0.09496      1.991    31.3914    23.1030 -9.990e-29
 187.618287      2.032  39.298631    15.4036   -0.09496      2.015    31.3962    23.1086 -9.990e-29
 187.618293      2.051  39.291950    15.3980   -0.09495      2.034    31.3947    23.1087 -9.990e-29
 187.618299      2.072  39.292782    15.3991   -0.09487      2.055    31.3946    23.1083 -9.990e-29
 187.618304      2.097  39.306197    15.4101   -0.09478      2.079    31.3977    23.1083 -9.990e-29
 187.618310      2.121  39.324314    15.4312   -0.09483      2.103    31.3970    23.1032 -9.990e-29
 187.618316      2.139  39.337109    15.4483   -0.09499      2.121    31.3947    23.0977 -9.990e-29
 187.618322      2.151  39.340364    15.4476   -0.09503      2.133    31.3982    23.1005 -9.990e-29
 187.618328      2.167  39.337337    15.4363   -0.09504      2.149    31.4045    23.1078 -9.990e-29
 187.618333      2.192  39.335815    15.4279   -0.09500      2.174    31.4098    23.1138 -9.990e-29
 187.618339      2.224  39.338852    15.4272   -0.09492      2.205    31.4131    23.1164 -9.990e-29
 187.618345      2.255  39.344918    15.4366   -0.09488      2.236    31.4109    23.1128 -9.990e-29
 187.618351      2.283  39.353722    15.4562   -0.09491      2.264    31.4031    23.1025 -9.990e-29
 187.618356      2.307  39.363014    15.4708   -0.09502      2.288    31.3997    23.0967 -9.990e-29
 187.618362      2.327  39.365027    15.4611   -0.09511      2.308    31.4092    23.1061 -9.990e-29
 187.618368      2.354  39.354635    15.4319   -0.09514      2.334    31.4233    23.1233 -9.990e-29
 187.618374      2.384  39.335972    15.4059   -0.09508      2.364    31.4275    23.1321 -9.990e-29
 187.618380      2.412  39.324575    15.3970   -0.09492      2.392    31.4244    23.1317 -9.990e-29
 187.618385      2.438  39.333882    15.4069   12.69814      2.418    31.4248    23.1299 -9.990e-29
 187.618391      2.462  39.352213    15.4260   21.51983      2.441    31.4258    23.1265 -9.990e-29
 187.618397      2.478  39.361412    15.4360   22.81526      2.457    31.4260    23.1245 -9.990e-29
 187.618403      2.494  39.358639    15.4252   20.04427      2.473    31.4322    23.1316 -9.990e-29
 187.618409      2.514  39.349773    15.3975   13.07971      2.493    31.4464    23.1485 -9.990e-29
 187.618414      2.535  39.340983    15.3696   10.43575      2.514    31.4609    23.1657 -9.990e-29
 187.618420      2.550  39.335166    15.3596   10.47210      2.529    31.4637    23.1701 -9.990e-29
 187.618426      2.552  39.337494    15.3763   10.46901      2.531    31.4524    23.1578 -9.990e-29
 187.618432      2.535  39.345490    15.4037   10.50026      2.514    31.4376    23.1404 -9.990e-29
 187.618438      2.505  39.339560    15.4096   10.53676      2.484    31.4276    23.1315 -9.990e-29
 187.618443      2.474  39.297817    15.3910   10.56729      2.453    31.4054    23.1184 -9.990e-29
 187.618449      2.464  39.234203    15.3706   10.59661      2.443    31.3650    23.0918 -9.990e-29
 187.618455      2.482  39.190143    15.3570   10.62642      2.461    31.3366    23.0729 -9.990e-29
 187.618461      2.525  39.171424    15.3431   10.65992      2.504    31.3310    23.0716 -9.990e-29
 187.618466      2.578  39.157605    15.3291   10.70202      2.556    31.3299    23.0737 -9.990e-29
 187.618472      2.615  39.144318    15.3259   10.74471      2.593    31.3206    23.0673 -9.990e-29
 187.618478      2.621  39.140802    15.3330   10.77171      2.599    31.3118    23.0590 -9.990e-29
 187.618484      2.609  39.146885    15.3380    8.78549      2.587    31.3132    23.0590 -9.990e-29
 187.618490      2.601  39.151082    15.3384    6.41519      2.579    31.3166    23.0615 -9.990e-29
 187.618495      2.603  39.150616    15.3397    5.17893      2.581    31.3152    23.0601 -9.990e-29
 187.618501      2.612  39.150514    15.3406    4.98033      2.590    31.3144    23.0593 -9.990e-29
 187.618507      2.625  39.150673    15.3341    5.95128      2.603    31.3197    23.0648 -9.990e-29
 187.618513      2.645  39.146295    15.3112    6.77394      2.623    31.3340    23.0808 -9.990e-29
 187.618519      2.680  39.130458    15.2687    7.10021      2.658    31.3538    23.1052 -9.990e-29
 187.618524      2.717  39.096663    15.2272    7.24495      2.694    31.3568    23.1164 -9.990e-29
 187.618530      2.739  39.062143    15.2158    7.28499      2.716    31.3351    23.1022 -9.990e-29
 187.618536      2.742  39.054931    15.2344    7.30425      2.719    31.3138    23.0818 -9.990e-29
 187.618542      2.740  39.071606    15.2556    7.32906      2.717    31.3118    23.0757 -9.990e-29
 187.618547      2.749  39.088444    15.2581    7.38166      2.726    31.3248    23.0851 -9.990e-29
 187.618553      2.778  39.088117    15.2417    7.42494      2.755    31.3376    23.0985 -9.990e-29
 187.618559      2.821  39.071913    15.2215    7.41814      2.797    31.3392    23.1041 -9.990e-29
 187.618565      2.864  39.054722    15.2155    7.39139      2.840    31.3287    23.0973 -9.990e-29
 187.618571      2.895  39.050108    15.2302    7.36906      2.871    31.3128    23.0819 -9.990e-29
 187.618576      2.919  39.064288    15.2503    7.38878      2.895    31.3094    23.0750 -9.990e-29
 187.618582      2.943  39.081990    15.2536    7.41693      2.918    31.3225    23.0844 -9.990e-29
 187.618588      2.975  39.079742    15.2434    7.42423      2.950    31.3287    23.0913 -9.990e-29
 187.618594      3.011  39.060197    15.2388    7.40123      2.986    31.3149    23.0817 -9.990e-29
 187.618600      3.042  39.046689    15.2429    7.35755      3.017    31.2995    23.0690 -9.990e-29
 187.618605      3.060  39.051709    15.2498    7.37217      3.034    31.2985    23.0667 -9.990e-29
 187.618611      3.072  39.065708    15.2505    7.39695      3.046    31.3104    23.0757 -9.990e-29
 187.618617      3.082  39.069974    15.2351    7.40067      3.056    31.3265    23.0915 -9.990e-29
 187.618623      3.091  39.056180    15.2145    7.37867      3.065    31.3307    23.0991 -9.990e-29
 187.618628      3.095  39.039776    15.2064    7.36055      3.069    31.3225    23.0945 -9.990e-29
 187.618634      3.091  39.036465    15.2089    7.36499      3.065    31.3175    23.0902 -9.990e-29
 187.618640      3.081  39.041267    15.2073    7.39221      3.055    31.3231    23.0948 -9.990e-29
 187.618646      3.075  39.040957    15.1923    7.39830      3.049    31.3348    23.1070 -9.990e-29
 187.618652      3.076  39.027833    15.1756    7.38534      3.050    31.3364    23.1119 -9.990e-29
 187.618657      3.075  39.014127    15.1721    7.38215      3.049    31.3270    23.1053 -9.990e-29
 187.618663      3.073  39.014092    15.1784    7.40237      3.047    31.3219    23.1001 -9.990e-29
 187.618669      3.086  39.022629    15.1842    7.42616      3.060    31.3249    23.1011 -9.990e-29
 187.618675      3.115  39.028687    15.1853    7.40920      3.089    31.3294    23.1044 -9.990e-29
 187.618681      3.146  39.027448    15.1876    7.36735      3.120    31.3265    23.1016 -9.990e-29
 187.618686      3.166  39.027357    15.2004    7.31937      3.140    31.3162    23.0909 -9.990e-29
 187.618692      3.178  39.038389    15.2225    7.31478      3.151    31.3084    23.0802 -9.990e-29
 187.618698      3.195  39.057307    15.2380    7.35546      3.168    31.3129    23.0803 -9.990e-29
 187.618704      3.226  39.068395    15.2305    7.37806      3.199    31.3288    23.0941 -9.990e-29
 187.618709      3.261  39.057278    15.2069    7.39457      3.234    31.3377    23.1061 -9.990e-29
 187.618715      3.286  39.034939    15.1930    7.39165      3.259    31.3288    23.1023 -9.990e-29
 187.618721      3.300  39.025435    15.1987    7.37553      3.272    31.3158    23.0910 -9.990e-29
 187.618727      3.306  39.034037    15.2132    7.35525      3.278    31.3119    23.0849 -9.990e-29
 187.618733      3.300  39.048654    15.2267    7.32560      3.272    31.3141    23.0837 -9.990e-29
 187.618738      3.285  39.059613    15.2383    7.29087      3.258    31.3147    23.0816 -9.990e-29
 187.618744      3.269  39.066949    15.2471    7.31224      3.242    31.3142    23.0794 -9.990e-29
 187.618750      3.264  39.072597    15.2441    7.36343      3.237    31.3216    23.0857 -9.990e-29
 187.618756      3.278  39.070628    15.2240    7.36312      3.251    31.3359    23.1011 -9.990e-29
 187.618762      3.308  39.056742    15.1962    7.38518      3.280    31.3457    23.1146 -9.990e-29
 187.618767      3.338  39.035420    15.1801    7.34136      3.310    31.3395    23.1133 -9.990e-29
 187.618773      3.349  39.021978    15.1901    7.29690      3.321    31.3195    23.0957 -9.990e-29
 187.618779      3.342  39.032137    15.2159    7.29758      3.314    31.3080    23.0813 -9.990e-29
 187.618785      3.333  39.054201    15.2326    7.31203      3.305    31.3144    23.0826 -9.990e-29
 187.618791      3.335  39.065992    15.2261    7.34853      3.307    31.3301    23.0961 -9.990e-29
 187.618796      3.348  39.058002    15.1999    7.38287      3.320    31.3439    23.1124 -9.990e-29
 187.618802      3.363  39.033044    15.1739    7.36877      3.335    31.3424    23.1168 -9.990e-29
