data/oxygen options/ONMS/Olympic_Coast_National_Marine_Sanctuary_Hypoxia_Survey_CTD_Data_2004_2015/raw_data/2005/CTD_TH40_062205faed.cnv
* Sea-Bird SBE19 Data File:
* FileName = C:\hypoxia CTD data\TH40_062205.hex
* Software Version 1.1.5
* Temperature SN = 2997
* Conductivity SN = 2997
* System UpLoad Time = Jun 22 2005 12:33:43
* SEACAT PROFILER V3.1c SN 2997   06/22/05  12:33:23.420
* strain gauge pressure sensor: S/N = 184829,  range = 3000 psia,  tc = 40
# nquan = 9                                 
# nvalues = 569                         
# units = specified
# name 0 = timeJ: Julian Days
# name 1 = prSM: Pressure, Strain Gauge [db]
# name 2 = c0mS/cm: Conductivity [mS/cm]
# name 3 = t090C: Temperature [ITS-90, deg C]
# name 4 = oxML/L: Oxygen, Beckman/YSI [ml/l]
# name 5 = depSM: Depth [salt water, m], lat = 47.5
# name 6 = sal00: Salinity, Practical [PSU]
# name 7 = sigma-é00: Density [sigma-theta, kg/m^3]
# name 8 = flag: flag
# span 0 = 173.426887, 173.430174       
# span 1 =     -2.729,     41.389       
# span 2 =   2.769923,  38.240215       
# span 3 =     8.6825,    15.3055       
# span 4 =   -0.09603,   24.74331       
# span 5 =     -2.706,     41.039       
# span 6 =     1.8196,    33.0941       
# span 7 =     0.5456,    25.6751       
# span 8 = 0.0000e+00, 0.0000e+00       
# interval = seconds: 0.5
# start_time = Jun 22 2005 10:14:43 [Instrument's time stamp, header]
# bad_flag = -9.990e-29
*END*
 173.426887     -2.729 -9.990e-29    15.2643   -0.09580     -2.706 -9.990e-29 -9.990e-29 -9.990e-29
 173.426892     -2.701  38.012590    15.2774   -0.09582     -2.678    30.3538    22.3340 -9.990e-29
 173.426898     -2.654  38.058298    15.2827   -0.09581     -2.632    30.3903    22.3609 -9.990e-29
 173.426904     -2.589  38.095397    15.2793   -0.09578     -2.567    30.4259    22.3890 -9.990e-29
 173.426910     -2.522  38.109972    15.2730   -0.09578     -2.501    30.4437    22.4041 -9.990e-29
 173.426916     -2.467  38.114538    15.2717   -0.09582     -2.446    30.4487    22.4082 -9.990e-29
 173.426921     -2.420  38.117995    15.2776   -0.09583     -2.400    30.4472    22.4058 -9.990e-29
 173.426927     -2.374  38.121986    15.2845   -0.09578     -2.354    30.4454    22.4029 -9.990e-29
 173.426933     -2.329  38.122909    15.2877   -0.09578     -2.310    30.4437    22.4009 -9.990e-29
 173.426939     -2.289  38.115126    15.2878   -0.09583     -2.270    30.4367    22.3955 -9.990e-29
 173.426944     -2.249  38.102327    15.2864   -0.09585     -2.230    30.4264    22.3879 -9.990e-29
 173.426950     -2.212  38.091053    15.2848   -0.09584     -2.194    30.4176    22.3815 -9.990e-29
 173.426956     -2.184  38.088193    15.2838   -0.09579     -2.166    30.4158    22.3803 -9.990e-29
 173.426962     -2.164  38.100072    15.2838   -0.09577     -2.146    30.4264    22.3885 -9.990e-29
 173.426968     -2.140  38.115092    15.2844   -0.09576     -2.122    30.4392    22.3982 -9.990e-29
 173.426973     -2.109  38.110694    15.2851   -0.09581     -2.091    30.4348    22.3946 -9.990e-29
 173.426979     -2.062  38.090036    15.2857   -0.09581     -2.045    30.4159    22.3800 -9.990e-29
 173.426985     -1.998  38.086197    15.2861   -0.09594     -1.981    30.4122    22.3771 -9.990e-29
 173.426991     -1.930  38.102518    15.2848   -0.09603     -1.914    30.4277    22.3893 -9.990e-29
 173.426997     -1.873  38.101346    15.2806   -0.09590     -1.857    30.4299    22.3918 -9.990e-29
 173.427002     -1.839  38.081165    15.2775   -0.09580     -1.824    30.4143    22.3806 -9.990e-29
 173.427008     -1.823  38.078493    15.2796   -0.09582     -1.808    30.4103    22.3770 -9.990e-29
 173.427014     -1.809  38.100468    15.2842   -0.09582     -1.794    30.4263    22.3883 -9.990e-29
 173.427020     -1.778  38.125954    15.2865   -0.09593     -1.763    30.4471    22.4039 -9.990e-29
 173.427025     -1.733  38.138500    15.2831   -0.09596     -1.719    30.4609    22.4152 -9.990e-29
 173.427031     -1.688  38.127395    15.2675   -0.09588     -1.674    30.4631    22.4202 -9.990e-29
 173.427037     -1.653  38.100875    15.2406   -0.09583     -1.639    30.4604    22.4239 -9.990e-29
 173.427043     -1.629  38.082518    15.2247   -0.09579     -1.615    30.4564    22.4242 -9.990e-29
 173.427049     -1.615  38.078741    15.2356   -0.09577     -1.602    30.4446    22.4128 -9.990e-29
 173.427054     -1.603  38.090715    15.2576   -0.09580     -1.590    30.4382    22.4031 -9.990e-29
 173.427060     -1.578  38.112571    15.2704   -0.09582     -1.565    30.4477    22.4077 -9.990e-29
 173.427066     -1.543  38.117412    15.2665   -0.09584     -1.530    30.4550    22.4142 -9.990e-29
 173.427072     -1.508  38.099405    15.2511   -0.09588     -1.495    30.4509    22.4143 -9.990e-29
 173.427078     -1.480  38.082263    15.2438   -0.09583     -1.468    30.4413    22.4085 -9.990e-29
 173.427083     -1.462  38.077949    15.2535   -0.09580     -1.450    30.4299    22.3977 -9.990e-29
 173.427089     -1.448  38.083557    15.2684   -0.09581     -1.436    30.4234    22.3895 -9.990e-29
 173.427095     -1.432  38.094827    15.2794   -0.09582     -1.420    30.4249    22.3883 -9.990e-29
 173.427101     -1.410  38.111130    15.2860   -0.09582     -1.398    30.4342    22.3940 -9.990e-29
 173.427106     -1.376  38.127890    15.2886   -0.09580     -1.365    30.4471    22.4034 -9.990e-29
 173.427112     -1.336  38.127678    15.2862   -0.09580     -1.325    30.4487    22.4052 -9.990e-29
 173.427118     -1.300  38.106892    15.2789   -0.09583     -1.289    30.4359    22.3969 -9.990e-29
 173.427124     -1.271  38.086659    15.2728   -0.09582     -1.260    30.4227    22.3880 -9.990e-29
 173.427130     -1.247  38.082115    15.2742   -0.09582     -1.237    30.4175    22.3837 -9.990e-29
 173.427135     -1.221  38.091170    15.2800   -0.09580     -1.211    30.4211    22.3852 -9.990e-29
 173.427141     -1.189  38.104627    15.2846   -0.09578     -1.179    30.4294    22.3907 -9.990e-29
 173.427147     -1.151  38.109626    15.2868   -0.09579     -1.141    30.4322    22.3923 -9.990e-29
 173.427153     -1.111  38.101662    15.2877   -0.09582     -1.102    30.4244    22.3861 -9.990e-29
 173.427159     -1.065  38.093159    15.2883   -0.09583     -1.056    30.4164    22.3798 -9.990e-29
 173.427164     -1.015  38.096944    15.2890   -0.09586     -1.007    30.4192    22.3818 -9.990e-29
 173.427170     -0.966  38.106331    15.2894   -0.09589     -0.958    30.4272    22.3879 -9.990e-29
 173.427176     -0.924  38.103590    15.2888   -0.09590     -0.916    30.4252    22.3865 -9.990e-29
 173.427182     -0.889  38.091282    15.2877   -0.09590     -0.882    30.4151    22.3790 -9.990e-29
 173.427188     -0.857  38.089498    15.2879   -0.09583     -0.850    30.4133    22.3776 -9.990e-29
 173.427193     -0.824  38.104319    15.2891   -0.09581     -0.817    30.4256    22.3867 -9.990e-29
 173.427199     -0.793  38.123581    15.2898   -0.09582     -0.786    30.4421    22.3993 -9.990e-29
 173.427205     -0.757  38.130386    15.2886   -0.09584     -0.751    30.4491    22.4049 -9.990e-29
 173.427211     -0.715  38.118708    15.2837   -0.09583     -0.709    30.4425    22.4009 -9.990e-29
 173.427216     -0.676  38.100505    15.2747   -0.09577     -0.670    30.4333    22.3958 -9.990e-29
 173.427222     -0.651  38.088572    15.2650   -0.09577     -0.646    30.4302    22.3955 -9.990e-29
 173.427228     -0.642  38.083305    15.2589   -0.09578     -0.637    30.4302    22.3968 -9.990e-29
 173.427234     -0.645  38.082212    15.2598   -0.09585     -0.640    30.4286    22.3953 -9.990e-29
 173.427240     -0.647  38.087806    15.2682   -0.09591     -0.642    30.4270    22.3923 -9.990e-29
 173.427245     -0.640  38.103664    15.2779   -0.09588     -0.635    30.4336    22.3953 -9.990e-29
 173.427251     -0.631  38.120129    15.2811   -0.09580     -0.626    30.4457    22.4040 -9.990e-29
 173.427257     -0.633  38.121058    15.2776   -0.09576     -0.628    30.4493    22.4074 -9.990e-29
 173.427263     -0.646  38.114470    15.2762   -0.09578     -0.641    30.4445    22.4041 -9.990e-29
 173.427269     -0.654  38.121913    15.2816   -0.09579     -0.649    30.4469    22.4048 -9.990e-29
 173.427274     -0.636  38.143822    15.2870   -0.09582     -0.631    30.4622    22.4154 -9.990e-29
 173.427280     -0.591  38.159535    15.2842   -0.09579     -0.586    30.4783    22.4284 -9.990e-29
 173.427286     -0.537  38.155839    15.2722   -0.09579     -0.533    30.4843    22.4356 -9.990e-29
 173.427292     -0.492  38.139627    15.2605   -0.09580     -0.488    30.4790    22.4340 -9.990e-29
 173.427297     -0.462  38.125784    15.2614   -0.09581     -0.458    30.4660    22.4238 -9.990e-29
 173.427303     -0.441  38.126744    15.2732   -0.09584     -0.437    30.4577    22.4148 -9.990e-29
 173.427309     -0.423  38.144390    15.2848   -0.09584     -0.419    30.4643    22.4175 -9.990e-29
 173.427315     -0.407  38.164716    15.2894   -0.09583     -0.404    30.4788    22.4276 -9.990e-29
 173.427321     -0.392  38.168320    15.2872   14.06021     -0.389    30.4837    22.4319 -9.990e-29
 173.427326     -0.376  38.157812    15.2839   23.40649     -0.373    30.4769    22.4274 -9.990e-29
 173.427332     -0.360  38.152319    15.2850   24.74331     -0.357    30.4712    22.4227 -9.990e-29
 173.427338     -0.342  38.154657    15.2879   21.65442     -0.339    30.4710    22.4220 -9.990e-29
 173.427344     -0.321  38.153967    15.2878   14.02075     -0.318    30.4705    22.4216 -9.990e-29
 173.427350     -0.299  38.146569    15.2832   11.24324     -0.297    30.4675    22.4203 -9.990e-29
 173.427355     -0.280  38.138910    15.2775   11.25056     -0.278    30.4651    22.4196 -9.990e-29
 173.427361     -0.258  38.135968    15.2761   11.22781     -0.256    30.4635    22.4188 -9.990e-29
 173.427367     -0.228  38.137790    15.2796   11.22266     -0.226    30.4624    22.4172 -9.990e-29
 173.427373     -0.195  38.145167    15.2856   11.21986     -0.193    30.4643    22.4173 -9.990e-29
 173.427378     -0.171  38.166859    15.2923   11.21467     -0.170    30.4784    22.4267 -9.990e-29
 173.427384     -0.155  38.200425    15.2972   11.21008     -0.154    30.5044    22.4457 -9.990e-29
 173.427390     -0.141  38.223922    15.2995   11.20739     -0.140    30.5235    22.4598 -9.990e-29
 173.427396     -0.123  38.232268    15.3005   11.20250     -0.122    30.5301    22.4647 -9.990e-29
 173.427402     -0.097  38.234956    15.3009   11.19721     -0.096    30.5322    22.4662 -9.990e-29
 173.427407     -0.070  38.235616    15.3012   10.33679     -0.069    30.5325    22.4664 -9.990e-29
 173.427413     -0.051  38.235735    15.3015    7.06224     -0.051    30.5324    22.4663 -9.990e-29
 173.427419     -0.045  38.236075    15.3017    4.97181     -0.045    30.5325    22.4663 -9.990e-29
 173.427425     -0.047  38.236576    15.3021    4.11799     -0.047    30.5327    22.4663 -9.990e-29
 173.427431     -0.049  38.236828    15.3023    4.57232     -0.049    30.5327    22.4664 -9.990e-29
 173.427436     -0.045  38.236654    15.3022    5.85333     -0.045    30.5327    22.4663 -9.990e-29
 173.427442     -0.036  38.236429    15.3020    6.37108     -0.036    30.5326    22.4663 -9.990e-29
 173.427448     -0.022  38.236457    15.3020    6.61618     -0.022    30.5326    22.4663 -9.990e-29
 173.427454     -0.002  38.236823    15.3020    6.74902     -0.002    30.5329    22.4666 -9.990e-29
 173.427459      0.027  38.237498    15.3021    6.80862      0.027    30.5335    22.4670 -9.990e-29
 173.427465      0.060  38.237745    15.3022    6.83688      0.059    30.5336    22.4670 -9.990e-29
 173.427471      0.089  38.237378    15.3022    6.86874      0.088    30.5333    22.4668 -9.990e-29
 173.427477      0.105  38.237074    15.3019    6.88285      0.104    30.5332    22.4668 -9.990e-29
 173.427483      0.114  38.237032    15.3015    6.88434      0.113    30.5335    22.4671 -9.990e-29
 173.427488      0.126  38.237245    15.3012    6.86420      0.125    30.5339    22.4675 -9.990e-29
 173.427494      0.145  38.237481    15.3011    6.84238      0.144    30.5342    22.4677 -9.990e-29
 173.427500      0.168  38.237540    15.3010    6.84911      0.167    30.5343    22.4678 -9.990e-29
 173.427506      0.193  38.237543    15.3008    6.87648      0.191    30.5344    22.4680 -9.990e-29
 173.427512      0.217  38.237541    15.3009    6.86664      0.215    30.5344    22.4679 -9.990e-29
 173.427517      0.232  38.237579    15.3013    6.83261      0.230    30.5341    22.4676 -9.990e-29
 173.427523      0.236  38.237750    15.3022    6.79969      0.234    30.5335    22.4670 -9.990e-29
 173.427529      0.233  38.238328    15.3034    6.81450      0.231    30.5331    22.4664 -9.990e-29
 173.427535      0.235  38.239007    15.3037    6.83035      0.233    30.5335    22.4666 -9.990e-29
 173.427541      0.252  38.239058    15.3031    6.82399      0.250    30.5340    22.4672 -9.990e-29
 173.427546      0.276  38.238595    15.3026    6.80259      0.274    30.5340    22.4672 -9.990e-29
 173.427552      0.295  38.238167    15.3027    6.78422      0.293    30.5335    22.4669 -9.990e-29
 173.427558      0.311  38.238369    15.3032    6.79519      0.308    30.5333    22.4666 -9.990e-29
 173.427564      0.334  38.238954    15.3036    6.80724      0.331    30.5335    22.4667 -9.990e-29
 173.427569      0.364  38.239067    15.3035    6.80135      0.361    30.5336    22.4668 -9.990e-29
 173.427575      0.391  38.238904    15.3035    6.78166      0.388    30.5335    22.4667 -9.990e-29
 173.427581      0.404  38.238851    15.3038    6.76838      0.401    30.5332    22.4664 -9.990e-29
 173.427587      0.407  38.238885    15.3042    6.76592      0.404    30.5329    22.4661 -9.990e-29
 173.427593      0.419  38.239095    15.3045    6.77787      0.416    30.5329    22.4660 -9.990e-29
 173.427598      0.443  38.239249    15.3047    6.77072      0.439    30.5328    22.4659 -9.990e-29
 173.427604      0.474  38.239036    15.3047    6.74787      0.470    30.5326    22.4658 -9.990e-29
 173.427610      0.505  38.238771    15.3045    6.74302      0.501    30.5326    22.4658 -9.990e-29
 173.427616      0.529  38.238684    15.3042    6.74713      0.525    30.5327    22.4659 -9.990e-29
 173.427622      0.547  38.238683    15.3039    6.76139      0.542    30.5329    22.4662 -9.990e-29
 173.427627      0.565  38.238787    15.3038    6.75399      0.560    30.5331    22.4663 -9.990e-29
 173.427633      0.580  38.239148    15.3041    6.73979      0.575    30.5332    22.4663 -9.990e-29
 173.427639      0.588  38.239697    15.3046    6.72656      0.583    30.5333    22.4663 -9.990e-29
 173.427645      0.595  38.240053    15.3049    6.72343      0.590    30.5333    22.4663 -9.990e-29
 173.427650      0.609  38.240142    15.3046    6.73342      0.604    30.5337    22.4666 -9.990e-29
 173.427656      0.636  38.240093    15.3042    6.73138      0.631    30.5339    22.4669 -9.990e-29
 173.427662      0.668  38.239849    15.3040    6.71837      0.662    30.5338    22.4669 -9.990e-29
 173.427668      0.691  38.239657    15.3040    6.71234      0.685    30.5337    22.4667 -9.990e-29
 173.427674      0.701  38.239829    15.3042    6.70877      0.695    30.5337    22.4667 -9.990e-29
 173.427679      0.709  38.240044    15.3044    6.71072      0.703    30.5337    22.4667 -9.990e-29
 173.427685      0.718  38.240037    15.3045    6.71742      0.712    30.5336    22.4666 -9.990e-29
 173.427691      0.730  38.239808    15.3044    6.71188      0.724    30.5335    22.4665 -9.990e-29
 173.427697      0.740  38.239623    15.3045    6.71292      0.734    30.5332    22.4663 -9.990e-29
 173.427703      0.746  38.239805    15.3048    6.70426      0.740    30.5332    22.4662 -9.990e-29
 173.427708      0.751  38.240046    15.3052    6.69933      0.745    30.5331    22.4660 -9.990e-29
 173.427714      0.760  38.240118    15.3055    6.69820      0.754    30.5329    22.4658 -9.990e-29
 173.427720      0.775  38.240125    15.3054    6.70408      0.769    30.5330    22.4659 -9.990e-29
 173.427726      0.795  38.240089    15.3050    6.70070      0.788    30.5332    22.4662 -9.990e-29
 173.427731      0.818  38.239970    15.3043    6.69296      0.811    30.5337    22.4667 -9.990e-29
 173.427737      0.837  38.239618    15.3038    6.68068      0.830    30.5337    22.4668 -9.990e-29
 173.427743      0.849  38.239134    15.3038    6.67476      0.842    30.5333    22.4665 -9.990e-29
 173.427749      0.859  38.239003    15.3038    6.67537      0.852    30.5332    22.4664 -9.990e-29
 173.427755      0.876  38.239060    15.3033    6.66626      0.869    30.5336    22.4668 -9.990e-29
 173.427760      0.901  38.238831    15.3025    6.65743      0.893    30.5340    22.4673 -9.990e-29
 173.427766      0.926  38.238582    15.3018    6.65353      0.918    30.5343    22.4677 -9.990e-29
 173.427772      0.946  38.238553    15.3016    6.66270      0.938    30.5345    22.4679 -9.990e-29
 173.427778      0.957  38.238711    15.3022    6.67727      0.949    30.5341    22.4675 -9.990e-29
 173.427784      0.961  38.239279    15.3029    6.67864      0.953    30.5341    22.4673 -9.990e-29
 173.427789      0.956  38.239902    15.3030    6.66423      0.948    30.5346    22.4676 -9.990e-29
 173.427795      0.947  38.239737    15.3028    6.64323      0.939    30.5346    22.4677 -9.990e-29
 173.427801      0.942  38.239135    15.3026    6.63556      0.934    30.5342    22.4674 -9.990e-29
 173.427807      0.950  38.238989    15.3026    6.64347      0.942    30.5341    22.4673 -9.990e-29
