data/oxygen options/ONMS/Olympic_Coast_National_Marine_Sanctuary_Hypoxia_Survey_CTD_Data_2004_2015/raw_data/2005/CTD_CE40_062105faed.cnv
* Sea-Bird SBE19 Data File:
* FileName = C:\hypoxia CTD data\CE40_062105.hex
* Software Version 1.1.5
* Temperature SN = 2997
* Conductivity SN = 2997
* System UpLoad Time = Jun 21 2005 12:36:51
* SEACAT PROFILER V3.1c SN 2997   06/21/05  12:36:20.595
* strain gauge pressure sensor: S/N = 184829,  range = 3000 psia,  tc = 40
# nquan = 9                                 
# nvalues = 1224                        
# units = specified
# name 0 = timeJ: Julian Days
# name 1 = prSM: Pressure, Strain Gauge [db]
# name 2 = c0mS/cm: Conductivity [mS/cm]
# name 3 = t090C: Temperature [ITS-90, deg C]
# name 4 = oxML/L: Oxygen, Beckman/YSI [ml/l]
# name 5 = depSM: Depth [salt water, m], lat = 47.5
# name 6 = sal00: Salinity, Practical [PSU]
# name 7 = sigma-é00: Density [sigma-theta, kg/m^3]
# name 8 = flag: flag
# span 0 = 172.512928, 172.520006       
# span 1 =     -4.347,     43.745       
# span 2 =   0.345262,  38.246405       
# span 3 =     9.0683,    16.7213       
# span 4 =   -0.11484,   23.39244       
# span 5 =     -4.311,     43.375       
# span 6 =     0.2046,    32.9849       
# span 7 =    -0.8086,    25.5302       
# span 8 = 0.0000e+00, 0.0000e+00       
# interval = seconds: 0.5
# start_time = Jun 21 2005 12:18:37 [Instrument's time stamp, header]
# bad_flag = -9.990e-29
*END*
[from data line 321]
 172.514786      1.627  36.196121    16.6978    6.51588      1.613    27.7359    20.0157 -9.990e-29
 172.514792      1.631  36.196591    16.6976    6.52082      1.617    27.7365    20.0162 -9.990e-29
 172.514797      1.639  36.196749    16.6962    6.52567      1.625    27.7376    20.0173 -9.990e-29
 172.514803      1.653  36.196250    16.6946    6.52683      1.639    27.7382    20.0182 -9.990e-29
 172.514809      1.664  36.195557    16.6938    6.52138      1.650    27.7382    20.0184 -9.990e-29
 172.514815      1.670  36.195433    16.6937    6.51461      1.656    27.7382    20.0184 -9.990e-29
 172.514821      1.670  36.195718    16.6934    6.50868      1.656    27.7386    20.0188 -9.990e-29
 172.514826      1.669  36.195676    16.6929    6.51508      1.655    27.7389    20.0191 -9.990e-29
 172.514832      1.671  36.195256    16.6927    6.52811      1.657    27.7387    20.0190 -9.990e-29
 172.514838      1.672  36.195026    16.6932    6.52845      1.658    27.7382    20.0185 -9.990e-29
 172.514844      1.667  36.195246    16.6940    6.52682      1.653    27.7378    20.0180 -9.990e-29
 172.514850      1.657  36.195654    16.6946    6.52289      1.643    27.7377    20.0178 -9.990e-29
 172.514855      1.645  36.195677    16.6948    6.51501      1.631    27.7376    20.0177 -9.990e-29
 172.514861      1.638  36.195354    16.6949    6.51770      1.624    27.7373    20.0174 -9.990e-29
 172.514867      1.641  36.195381    16.6950    6.51622      1.627    27.7372    20.0174 -9.990e-29
 172.514873      1.650  36.195802    16.6952    6.52681      1.636    27.7375    20.0175 -9.990e-29
 172.514878      1.655  36.196062    16.6952    6.52574      1.641    27.7377    20.0176 -9.990e-29
 172.514884      1.655  36.195953    16.6955    6.52409      1.641    27.7374    20.0173 -9.990e-29
 172.514890      1.652  36.195895    16.6963    6.51294      1.638    27.7368    20.0167 -9.990e-29
 172.514896      1.656  36.196376    16.6972    6.50846      1.642    27.7366    20.0163 -9.990e-29
 172.514902      1.670  36.196923    16.6979    6.50637      1.656    27.7365    20.0162 -9.990e-29
 172.514907      1.692  36.197152    16.6984    6.52240      1.678    27.7364    20.0159 -9.990e-29
 172.514913      1.714  36.197374    16.6985    6.52929      1.700    27.7365    20.0160 -9.990e-29
 172.514919      1.729  36.197331    16.6980    6.51612      1.715    27.7368    20.0164 -9.990e-29
 172.514925      1.733  36.196968    16.6978    6.50289      1.719    27.7366    20.0163 -9.990e-29
 172.514931      1.732  36.196928    16.6990    6.49472      1.718    27.7358    20.0153 -9.990e-29
 172.514936      1.734  36.197725    16.7007    6.49800      1.720    27.7353    20.0146 -9.990e-29
 172.514942      1.743  36.198746    16.7007    6.51101      1.728    27.7361    20.0152 -9.990e-29
 172.514948      1.755  36.198556    16.6990    6.51502      1.740    27.7371    20.0164 -9.990e-29
 172.514954      1.767  36.197468    16.6978    6.51624      1.752    27.7370    20.0166 -9.990e-29
 172.514959      1.776  36.196839    16.6980    6.51399      1.761    27.7364    20.0160 -9.990e-29
 172.514965      1.777  36.196958    16.6990    6.51673      1.762    27.7358    20.0153 -9.990e-29
 172.514971      1.776  36.197427    16.6997    6.51773      1.761    27.7357    20.0151 -9.990e-29
 172.514977      1.776  36.197757    16.6994    6.51777      1.761    27.7362    20.0156 -9.990e-29
 172.514983      1.777  36.197835    16.6986    6.51677      1.762    27.7368    20.0162 -9.990e-29
 172.514988      1.779  36.197772    16.6978    6.51034      1.764    27.7373    20.0168 -9.990e-29
 172.514994      1.782  36.197490    16.6969    6.50494      1.767    27.7377    20.0173 -9.990e-29
 172.515000      1.788  36.197178    16.6963    6.50402      1.773    27.7378    20.0175 -9.990e-29
 172.515006      1.795  36.196987    16.6960    6.50512      1.780    27.7379    20.0176 -9.990e-29
 172.515012      1.805  36.196668    16.6957    6.51227      1.790    27.7378    20.0176 -9.990e-29
 172.515017      1.818  36.196360    16.6953    6.51514      1.803    27.7378    20.0177 -9.990e-29
 172.515023      1.831  36.196221    16.6948    6.51509      1.816    27.7380    20.0180 -9.990e-29
 172.515029      1.840  36.196069    16.6944    6.50454      1.825    27.7382    20.0182 -9.990e-29
 172.515035      1.850  36.195710    16.6940    6.49539      1.835    27.7381    20.0183 -9.990e-29
 172.515041      1.865  36.195043    16.6933    6.49895      1.849    27.7381    20.0184 -9.990e-29
 172.515046      1.884  36.194304    16.6923    6.50357      1.868    27.7381    20.0186 -9.990e-29
 172.515052      1.898  36.194007    16.6915    6.51174      1.882    27.7384    20.0190 -9.990e-29
 172.515058      1.904  36.194325    16.6916    6.51072      1.888    27.7386    20.0192 -9.990e-29
 172.515064      1.902  36.194942    16.6927    6.50783      1.886    27.7384    20.0187 -9.990e-29
 172.515069      1.896  36.195567    16.6942    6.49579      1.880    27.7379    20.0180 -9.990e-29
 172.515075      1.895  36.195919    16.6958    6.49454      1.879    27.7371    20.0170 -9.990e-29
 172.515081      1.903  36.195912    16.6977    6.50581      1.887    27.7357    20.0156 -9.990e-29
 172.515087      1.916  36.196107    16.6994    6.51299      1.900    27.7347    20.0145 -9.990e-29
 172.515093      1.927  36.196769    16.7002    6.51353      1.911    27.7347    20.0143 -9.990e-29
 172.515098      1.931  36.197105    16.7003    6.51249      1.915    27.7350    20.0144 -9.990e-29
 172.515104      1.929  36.197011    16.7001    6.50997      1.913    27.7350    20.0145 -9.990e-29
 172.515110      1.926  36.196926    16.6999    6.50468      1.910    27.7351    20.0146 -9.990e-29
 172.515116      1.929  36.196744    16.6999    6.50257      1.913    27.7349    20.0145 -9.990e-29
 172.515122      1.939  36.196791    16.6999    6.49407      1.923    27.7350    20.0145 -9.990e-29
 172.515127      1.947  36.197138    16.6996    6.49679      1.931    27.7355    20.0150 -9.990e-29
 172.515133      1.951  36.197131    16.6995    6.50294      1.935    27.7355    20.0150 -9.990e-29
 172.515139      1.950  36.196769    16.6993    6.50905      1.934    27.7353    20.0150 -9.990e-29
 172.515145      1.944  36.196696    16.6986    6.50294      1.928    27.7358    20.0154 -9.990e-29
 172.515150      1.937  36.196819    16.6982    6.49735      1.921    27.7362    20.0158 -9.990e-29
 172.515156      1.933  36.196751    16.6993    6.49631      1.917    27.7353    20.0150 -9.990e-29
 172.515162      1.932  36.196966    16.7017    6.49154      1.916    27.7339    20.0133 -9.990e-29
 172.515168      1.938  36.197759    16.7038    6.50370      1.922    27.7331    20.0122 -9.990e-29
 172.515174      1.946  36.198511    16.7044    6.50583      1.930    27.7333    20.0123 -9.990e-29
 172.515179      1.946  36.198552    16.7036    6.50241      1.930    27.7339    20.0129 -9.990e-29
 172.515185      1.940  36.197942    16.7024    6.49672      1.924    27.7342    20.0134 -9.990e-29
 172.515191      1.938  36.197555    16.7024    6.49475      1.922    27.7339    20.0131 -9.990e-29
 172.515197      1.939  36.198004    16.7034    6.50270      1.923    27.7336    20.0127 -9.990e-29
 172.515203      1.942  36.198772    16.7043    6.50669      1.926    27.7336    20.0125 -9.990e-29
 172.515208      1.945  36.199209    16.7048    6.50330      1.929    27.7336    20.0124 -9.990e-29
 172.515214      1.943  36.199343    16.7052    6.49748      1.927    27.7335    20.0122 -9.990e-29
 172.515220      1.935  36.199360    16.7054    6.50007      1.919    27.7333    20.0121 -9.990e-29
 172.515226      1.926  36.199288    16.7055    6.50229      1.910    27.7332    20.0120 -9.990e-29
 172.515231      1.924  36.199039    16.7056    6.49993      1.908    27.7329    20.0117 -9.990e-29
 172.515237      1.928  36.198849    16.7057    6.49786      1.912    27.7327    20.0115 -9.990e-29
 172.515243      1.930  36.199032    16.7060    6.50045      1.914    27.7327    20.0114 -9.990e-29
 172.515249      1.926  36.199277    16.7063    6.49760      1.910    27.7327    20.0113 -9.990e-29
 172.515255      1.916  36.199355    16.7061    6.49840      1.900    27.7329    20.0115 -9.990e-29
 172.515260      1.903  36.199378    16.7058    6.49726      1.887    27.7331    20.0118 -9.990e-29
 172.515266      1.895  36.199382    16.7060    6.49165      1.879    27.7330    20.0116 -9.990e-29
 172.515272      1.896  36.199380    16.7063    6.48393      1.880    27.7328    20.0114 -9.990e-29
 172.515278      1.906  36.199376    16.7063    6.48657      1.890    27.7327    20.0114 -9.990e-29
 172.515284      1.921  36.199372    16.7060    6.49298      1.905    27.7329    20.0116 -9.990e-29
 172.515289      1.934  36.199370    16.7057    6.49815      1.918    27.7331    20.0119 -9.990e-29
 172.515295      1.941  36.199373    16.7057    6.50126      1.925    27.7331    20.0119 -9.990e-29
 172.515301      1.942  36.199390    16.7061    6.49332      1.926    27.7329    20.0116 -9.990e-29
 172.515307      1.943  36.199450    16.7067    6.49034      1.927    27.7325    20.0112 -9.990e-29
 172.515312      1.951  36.199642    16.7073    6.48695      1.935    27.7323    20.0108 -9.990e-29
 172.515318      1.972  36.200227    16.7076    6.48223      1.956    27.7326    20.0110 -9.990e-29
 172.515324      2.002  36.200874    16.7073    6.48819      1.985    27.7333    20.0116 -9.990e-29
 172.515330      2.031  36.200767    16.7070    6.49061      2.014    27.7334    20.0118 -9.990e-29
 172.515336      2.047  36.200332    16.7071    6.49401      2.030    27.7330    20.0114 -9.990e-29
 172.515341      2.052  36.200113    16.7072    6.49810      2.035    27.7327    20.0112 -9.990e-29
 172.515347      2.054  36.199827    16.7074    6.49218      2.037    27.7323    20.0108 -9.990e-29
 172.515353      2.058  36.199660    16.7076    6.48765      2.041    27.7320    20.0106 -9.990e-29
 172.515359      2.065  36.199955    16.7077    6.49012      2.048    27.7322    20.0107 -9.990e-29
 172.515365      2.073  36.200553    16.7080    6.49000      2.056    27.7325    20.0109 -9.990e-29
 172.515370      2.085  36.201137    16.7083    6.48857      2.068    27.7328    20.0110 -9.990e-29
 172.515376      2.101  36.201371    16.7080    6.48935      2.083    27.7332    20.0114 -9.990e-29
 172.515382      2.117  36.201014    16.7069    6.48768      2.099    27.7337    20.0120 -9.990e-29
 172.515388      2.126  36.200155    16.7056    6.48728      2.108    27.7338    20.0124 -9.990e-29
 172.515394      2.124  36.199338    16.7052    6.49322      2.106    27.7334    20.0122 -9.990e-29
 172.515399      2.116  36.199161    16.7058    6.49064      2.098    27.7328    20.0116 -9.990e-29
 172.515405      2.110  36.199395    16.7068    6.49270      2.092    27.7324    20.0110 -9.990e-29
 172.515411      2.109  36.199797    16.7076    6.48377      2.091    27.7321    20.0107 -9.990e-29
 172.515417      2.113  36.200350    16.7077    6.48066      2.095    27.7325    20.0110 -9.990e-29
 172.515422      2.123  36.200678    16.7068    6.48132      2.105    27.7334    20.0118 -9.990e-29
 172.515428      2.139  36.200663    16.7050    6.49512      2.121    27.7347    20.0132 -9.990e-29
 172.515434      2.158  36.200295    16.7034    6.50236      2.140    27.7355    20.0141 -9.990e-29
 172.515440      2.172  36.199647    16.7033    6.48970      2.154    27.7350    20.0138 -9.990e-29
 172.515446      2.179  36.199544    16.7048    6.47927      2.161    27.7338    20.0126 -9.990e-29
 172.515451      2.183  36.200415    16.7067    6.48414      2.165    27.7333    20.0117 -9.990e-29
 172.515457      2.193  36.201187    16.7078    6.49504      2.175    27.7332    20.0114 -9.990e-29
 172.515463      2.213  36.201212    16.7081    6.49005      2.195    27.7330    20.0112 -9.990e-29
 172.515469      2.241  36.201093    16.7082    6.48749      2.222    27.7328    20.0110 -9.990e-29
 172.515475      2.269  36.201237    16.7087    6.49177      2.250    27.7326    20.0107 -9.990e-29
 172.515480      2.301  36.201843    16.7094    6.48637      2.282    27.7326    20.0106 -9.990e-29
 172.515486      2.346  36.202605    16.7102    6.50225      2.326    27.7327    20.0105 -9.990e-29
 172.515492      2.411  36.202864    16.7109    6.48999      2.391    27.7324    20.0101 -9.990e-29
 172.515498      2.496  36.202972    16.7108    6.45110      2.475    27.7325    20.0102 -9.990e-29
 172.515503      2.595  36.203080    16.7099    6.43687      2.573    27.7332    20.0110 -9.990e-29
 172.515509      2.708  36.202778    16.7071    6.45359      2.685    27.7348    20.0129 -9.990e-29
 172.515515      2.851  36.202229    16.6981    6.48714      2.827    27.7405    20.0192 0.0000e+00
 172.515521      3.026  36.201270    16.6736    6.49110      3.001    27.7566    20.0370 0.0000e+00
 172.515527      3.217  36.199187    16.6335    6.44794      3.190    27.7825    20.0657 0.0000e+00
 172.515532      3.408  36.197133    16.6003    6.41533      3.380    27.8037    20.0893 0.0000e+00
 172.515538      3.584  36.196855    16.5914    6.42176      3.554    27.8095    20.0958 0.0000e+00
 172.515544      3.747  36.199099    16.5918    6.46550      3.716    27.8111    20.0969 0.0000e+00
 172.515550      3.906  36.208537    16.5688    6.50567      3.873    27.8351    20.1204 0.0000e+00
 172.515556      4.059  36.238321    16.5154    6.49723      4.025    27.8976    20.1800 0.0000e+00
 172.515561      4.202  36.297339    16.4747    6.46332      4.167    27.9763    20.2494 -9.990e-29
 172.515567      4.316  36.343748    16.4855    6.43802      4.280    28.0084    20.2716 -9.990e-29
 172.515573      4.397  36.323929    16.5241    6.42994      4.360    27.9645    20.2294 -9.990e-29
 172.515579      4.458  36.272558    16.5385    6.43616      4.421    27.9106    20.1849 -9.990e-29
 172.515584      4.511  36.259630    16.5128    6.44587      4.473    27.9174    20.1958 -9.990e-29
 172.515590      4.556  36.293715    16.4748    6.44346      4.518    27.9731    20.2468 -9.990e-29
 172.515596      4.591  36.337857    16.4513    6.44077      4.553    28.0272    20.2935 -9.990e-29
 172.515602      4.619  36.362895    16.4415    6.44021      4.580    28.0555    20.3174 -9.990e-29
 172.515608      4.641  36.370253    16.4346    6.43554      4.602    28.0667    20.3274 -9.990e-29
 172.515613      4.658  36.377595    16.4246    6.43240      4.619    28.0800    20.3398 -9.990e-29
 172.515619      4.672  36.391913    16.4133    6.43210      4.633    28.1002    20.3578 -9.990e-29
 172.515625      4.683  36.407074    16.4038    6.43402      4.644    28.1198    20.3749 -9.990e-29
 172.515631      4.692  36.418631    16.3957    6.43472      4.653    28.1354    20.3887 -9.990e-29
 172.515637      4.701  36.426858    16.3864    6.44690      4.662    28.1490    20.4012 -9.990e-29
 172.515642      4.709  36.435444    16.3744    6.45810      4.670    28.1648    20.4159 -9.990e-29
 172.515648      4.716  36.446870    16.3647    6.46444      4.677    28.1815    20.4308 -9.990e-29
 172.515654      4.724  36.456194    16.3633    6.46150      4.685    28.1904    20.4380 -9.990e-29
 172.515660      4.733  36.457912    16.3697    6.45961      4.693    28.1874    20.4342 -9.990e-29
 172.515666      4.738  36.452636    16.3773    6.46320      4.698    28.1775    20.4250 -9.990e-29
 172.515671      4.737  36.443431    16.3811    6.46963      4.697    28.1669    20.4161 -9.990e-29
 172.515677      4.734  36.434289    16.3820    6.47041      4.694    28.1585    20.4094 -9.990e-29
 172.515683      4.732  36.428727    16.3808    6.46268      4.692    28.1545    20.4066 -9.990e-29
 172.515689      4.731  36.427747    16.3779    6.45477      4.691    28.1558    20.4082 -9.990e-29
 172.515694      4.732  36.429488    16.3774    6.44460      4.692    28.1576    20.4097 -9.990e-29
 172.515700      4.733  36.427867    16.3800    6.44978      4.693    28.1544    20.4067 -9.990e-29
