data/oxygen options/ONMS/Olympic_Coast_National_Marine_Sanctuary_Hypoxia_Survey_CTD_Data_2004_2015/raw_data/2005/CTD_CE70_081605faed.cnv
* Sea-Bird SBE19 Data File:
* FileName = C:\Hypoxia Data\CE70_081605.hex
* Software Version 1.1.6
* Temperature SN = 2997
* Conductivity SN = 2997
* System UpLoad Time = Aug 16 2005 12:44:48
* SEACAT PROFILER V3.1c SN 2997   08/16/05  12:43:13.445
* strain gauge pressure sensor: S/N = 184829,  range = 3000 psia,  tc = 40
# nquan = 9                                 
# nvalues = 657                         
# units = specified
# name 0 = timeJ: Julian Days
# name 1 = prSM: Pressure, Strain Gauge [db]
# name 2 = c0mS/cm: Conductivity [mS/cm]
# name 3 = t090C: Temperature [ITS-90, deg C]
# name 4 = oxML/L: Oxygen, Beckman/YSI [ml/l]
# name 5 = depSM: Depth [salt water, m], lat = 47.5
# name 6 = sal00: Salinity, Practical [PSU]
# name 7 = sigma-é00: Density [sigma-theta, kg/m^3]
# name 8 = flag: flag
# span 0 = 228.486852, 228.490648       
# span 1 =     -3.192,     71.983       
# span 2 =   1.791276,  36.577860       
# span 3 =     7.0698,    12.5569       
# span 4 =   -0.10542,   29.92706       
# span 5 =     -3.165,     71.370       
# span 6 =     1.2170,    33.9179       
# span 7 =     0.3873,    26.5575       
# span 8 = 0.0000e+00, 0.0000e+00       
# interval = seconds: 0.5
# start_time = Aug 16 2005 11:41:04 [Instrument's time stamp, header]
# bad_flag = -9.990e-29
*END*
 228.486852     -3.192 -9.990e-29    12.5569   -0.10527     -3.165 -9.990e-29 -9.990e-29 -9.990e-29
 228.486858     -3.076   1.791276    12.5133   -0.10526     -3.050     1.2170     0.3873 -9.990e-29
 228.486863     -2.937   4.507488    12.3822   -0.10515     -2.913     3.2433     1.9754 -9.990e-29
 228.486869     -2.773  12.562585    12.1263   -0.10507     -2.750     9.8091     7.0839 -9.990e-29
 228.486875     -2.581  24.416701    11.8065   -0.10513     -2.559    20.3898    15.3031 -9.990e-29
 228.486881     -2.370  31.839697    11.5302   -0.10520     -2.350    27.5118    20.8627 -9.990e-29
 228.486887     -2.152  33.787679    11.3635   -0.10523     -2.134    29.5133    22.4443 -9.990e-29
 228.486892     -1.944  34.559436    11.2833   -0.10517     -1.928    30.3274    23.0905 -9.990e-29
 228.486898     -1.757  35.484162    11.2362   -0.10509     -1.742    31.2692    23.8305 -9.990e-29
 228.486904     -1.594  36.180926    11.2123   -0.10502     -1.581    31.9728    24.3816 -9.990e-29
 228.486910     -1.451  36.429416    11.2162   -0.10502     -1.439    32.2135    24.5681 -9.990e-29
 228.486916     -1.324  36.502675    11.2364   -0.10505     -1.313    32.2678    24.6068 -9.990e-29
 228.486921     -1.205  36.521424    11.2501   -0.10505     -1.195    32.2742    24.6093 -9.990e-29
 228.486927     -1.090  36.525296    11.2445   -0.10511     -1.081    32.2828    24.6170 -9.990e-29
 228.486933     -0.986  36.530730    11.2308   -0.10514     -0.978    32.3001    24.6329 -9.990e-29
 228.486939     -0.903  36.539418    11.2287   -0.10517     -0.895    32.3105    24.6413 -9.990e-29
 228.486944     -0.848  36.547290    11.2440   -0.10517     -0.841    32.3048    24.6342 -9.990e-29
 228.486950     -0.817  36.545823    11.2648   -0.10515     -0.810    32.2851    24.6152 -9.990e-29
 228.486956     -0.801  36.539280    11.2794   -0.10518     -0.794    32.2659    24.5976 -9.990e-29
 228.486962     -0.789  36.543670    11.2865   -0.10516     -0.782    32.2640    24.5949 -9.990e-29
 228.486968     -0.768  36.554249    11.2877   -0.10522     -0.762    32.2733    24.6019 -9.990e-29
 228.486973     -0.729  36.549286    11.2812   -0.10529     -0.723    32.2741    24.6037 -9.990e-29
 228.486979     -0.676  36.532875    11.2680   -0.10531     -0.670    32.2695    24.6025 -9.990e-29
 228.486985     -0.625  36.526929    11.2551   -0.10530     -0.620    32.2750    24.6090 -9.990e-29
 228.486991     -0.584  36.530299    11.2466   -0.10530     -0.579    32.2857    24.6189 -9.990e-29
 228.486997     -0.555  36.529582    11.2424   -0.10531     -0.550    32.2887    24.6219 -9.990e-29
 228.487002     -0.533  36.525554    11.2405   -0.10531     -0.529    32.2864    24.6205 -9.990e-29
 228.487008     -0.506  36.525232    11.2377   -0.10530     -0.502    32.2885    24.6226 -9.990e-29
 228.487014     -0.474  36.525997    11.2303   -0.10530     -0.470    32.2957    24.6296 -9.990e-29
 228.487020     -0.443  36.525559    11.2155   -0.10528     -0.439    32.3082    24.6419 -9.990e-29
 228.487025     -0.416  36.526189    11.1951   -0.10525     -0.413    32.3268    24.6600 -9.990e-29
 228.487031     -0.389  36.525974    11.1767   -0.10524     -0.386    32.3427    24.6756 -9.990e-29
 228.487037     -0.363  36.535334    11.1681   -0.10526     -0.360    32.3595    24.6902 -9.990e-29
 228.487043     -0.339  36.560626    11.1701   -0.10529     -0.336    32.3826    24.7078 -9.990e-29
 228.487049     -0.320  36.577860    11.1778   -0.10533     -0.317    32.3928    24.7144 -9.990e-29
 228.487054     -0.301  36.565764    11.1855   -0.10539     -0.298    32.3741    24.6985 -9.990e-29
 228.487060     -0.276  36.534059    11.1896   -0.10541     -0.274    32.3393    24.6707 -9.990e-29
 228.487066     -0.244  36.507823    11.1902   -0.10535     -0.242    32.3129    24.6501 -9.990e-29
 228.487072     -0.206  36.502039    11.1896   -0.10533     -0.204    32.3077    24.6462 -9.990e-29
 228.487078     -0.170  36.516339    11.1894   -0.10517     -0.169    32.3220    24.6573 -9.990e-29
 228.487083     -0.136  36.542361    11.1890   -0.10519     -0.135    32.3479    24.6775 -9.990e-29
 228.487089     -0.107  36.565503    11.1853   -0.10533     -0.106    32.3739    24.6984 -9.990e-29
 228.487095     -0.091  36.572932    11.1768   -0.10533     -0.090    32.3887    24.7114 -9.990e-29
 228.487101     -0.085  36.566756    11.1671   -0.10533     -0.084    32.3912    24.7150 -9.990e-29
 228.487106     -0.080  36.553373    11.1603   -0.10524     -0.079    32.3840    24.7107 -9.990e-29
 228.487112     -0.069  36.529572    11.1584   -0.10518     -0.068    32.3622    24.6941 -9.990e-29
 228.487118     -0.041  36.503483    11.1633   -0.10529     -0.041    32.3322    24.6698 -9.990e-29
 228.487124      0.000  36.503741    11.1796   -0.10538      0.000    32.3181    24.6560 -9.990e-29
 228.487130      0.041  36.531302    11.2010   -0.10541      0.041    32.3264    24.6587 -9.990e-29
 228.487135      0.075  36.551748    11.2055   -0.10540      0.074    32.3426    24.6704 -9.990e-29
 228.487141      0.105  36.549774    11.1903   -0.10538      0.104    32.3540    24.6820 -9.990e-29
 228.487147      0.132  36.536267    11.1754   -0.10529      0.131    32.3537    24.6845 -9.990e-29
 228.487153      0.158  36.534208    11.1753   -0.10523      0.157    32.3518    24.6830 -9.990e-29
 228.487159      0.181  36.553799    11.1881   -0.10533      0.179    32.3598    24.6869 -9.990e-29
 228.487164      0.193  36.572980    11.1961   -0.10542      0.191    32.3717    24.6947 -9.990e-29
 228.487170      0.196  36.573077    11.1873   -0.10542      0.194    32.3795    24.7024 -9.990e-29
 228.487176      0.202  36.553155    11.1719   -0.10540      0.200    32.3734    24.7004 -9.990e-29
 228.487182      0.224  36.520356    11.1607   -0.10537      0.222    32.3510    24.6849 -9.990e-29
 228.487188      0.264  36.492683    11.1555   -0.10530      0.262    32.3283    24.6682 -9.990e-29
 228.487193      0.312  36.490488    11.1602   -0.10530      0.309    32.3219    24.6624 -9.990e-29
 228.487199      0.353  36.514258    11.1750   -0.10537      0.350    32.3323    24.6679 -9.990e-29
 228.487205      0.378  36.539659    11.1845   -0.10542      0.375    32.3490    24.6792 -9.990e-29
 228.487211      0.388  36.545655    11.1770   -0.10541      0.385    32.3615    24.6902 -9.990e-29
 228.487216      0.396  36.530762    11.1614   -0.10541      0.393    32.3605    24.6922 -9.990e-29
 228.487222      0.411  36.506586    11.1503   -0.10532      0.408    32.3465    24.6833 -9.990e-29
 228.487228      0.431  36.493656    11.1481   -0.10523      0.427    32.3356    24.6753 -9.990e-29
 228.487234      0.447  36.504501    11.1563   -0.10530      0.443    32.3391    24.6765 -9.990e-29
 228.487240      0.458  36.525591    11.1695   -0.10536      0.454    32.3483    24.6813 -9.990e-29
 228.487245      0.466  36.535189    11.1760   -0.10539      0.462    32.3520    24.6830 -9.990e-29
 228.487251      0.483  36.526519    11.1713   -0.10541      0.479    32.3476    24.6804 -9.990e-29
 228.487257      0.516  36.503780    11.1613   -0.10541      0.512    32.3340    24.6716 -9.990e-29
 228.487263      0.564  36.480448    11.1546   -0.10539      0.559    32.3169    24.6595 -9.990e-29
 228.487269      0.614  36.478176    11.1598   -0.10534      0.609    32.3100    24.6533 -9.990e-29
 228.487274      0.655  36.498470    11.1778   -0.10528      0.650    32.3142    24.6533 -9.990e-29
 228.487280      0.681  36.517970    11.1924   -0.10535      0.675    32.3206    24.6557 -9.990e-29
 228.487286      0.695  36.522912    11.1895   -0.10540      0.689    32.3280    24.6619 -9.990e-29
 228.487292      0.705  36.516018    11.1765   -0.10541      0.699    32.3326    24.6678 -9.990e-29
 228.487297      0.717  36.504418    11.1655   -0.10542      0.711    32.3308    24.6684 -9.990e-29
 228.487303      0.731  36.494564    11.1588   16.80832      0.725    32.3270    24.6666 -9.990e-29
 228.487309      0.747  36.489070    11.1559   28.31461      0.741    32.3241    24.6649 -9.990e-29
 228.487315      0.764  36.491314    11.1594   29.92706      0.758    32.3233    24.6636 -9.990e-29
 228.487321      0.773  36.503779    11.1710   26.26047      0.767    32.3254    24.6632 -9.990e-29
 228.487326      0.776  36.517341    11.1823   17.08661      0.770    32.3288    24.6638 -9.990e-29
 228.487332      0.784  36.515930    11.1829   13.59627      0.777    32.3269    24.6622 -9.990e-29
 228.487338      0.811  36.493234    11.1745   13.61288      0.804    32.3119    24.6521 -9.990e-29
 228.487344      0.856  36.463349    11.1653   13.59089      0.849    32.2905    24.6371 -9.990e-29
 228.487350      0.898  36.449844    11.1613   13.59660      0.891    32.2807    24.6302 -9.990e-29
 228.487355      0.924  36.453268    11.1617   13.59255      0.916    32.2837    24.6325 -9.990e-29
 228.487361      0.932  36.446832    11.1640   13.59572      0.924    32.2754    24.6256 -9.990e-29
 228.487367      0.925  36.424251    11.1703   11.92374      0.917    32.2476    24.6029 -9.990e-29
 228.487373      0.917  36.407620    11.1770    6.82562      0.909    32.2254    24.5844 -9.990e-29
 228.487378      0.920  36.402292    11.1764    3.66089      0.912    32.2207    24.5808 -9.990e-29
 228.487384      0.937  36.399536    11.1685    2.40440      0.929    32.2248    24.5855 -9.990e-29
 228.487390      0.967  36.396854    11.1587    3.22649      0.959    32.2308    24.5918 -9.990e-29
 228.487396      0.998  36.394648    11.1509    5.19368      0.990    32.2354    24.5968 -9.990e-29
 228.487402      1.019  36.393391    11.1472    5.99616      1.010    32.2374    24.5990 -9.990e-29
 228.487407      1.027  36.393137    11.1477    6.38969      1.018    32.2367    24.5984 -9.990e-29
 228.487413      1.027  36.393598    11.1483    6.59950      1.018    32.2367    24.5982 -9.990e-29
 228.487419      1.028  36.393758    11.1477    6.71482      1.019    32.2373    24.5989 -9.990e-29
 228.487425      1.033  36.393325    11.1474    6.79483      1.024    32.2372    24.5988 -9.990e-29
 228.487431      1.044  36.392894    11.1460    6.83894      1.035    32.2380    24.5997 -9.990e-29
 228.487436      1.061  36.392506    11.1437    6.86271      1.052    32.2396    24.6013 -9.990e-29
 228.487442      1.081  36.392254    11.1437    6.85801      1.072    32.2393    24.6011 -9.990e-29
 228.487448      1.100  36.392415    11.1469    6.85502      1.091    32.2367    24.5985 -9.990e-29
 228.487454      1.120  36.392695    11.1508    6.86408      1.111    32.2335    24.5954 -9.990e-29
 228.487459      1.138  36.392959    11.1518    6.86772      1.128    32.2329    24.5947 -9.990e-29
 228.487465      1.151  36.393051    11.1490    6.87469      1.141    32.2355    24.5972 -9.990e-29
 228.487471      1.164  36.392588    11.1459    6.87067      1.154    32.2377    24.5995 -9.990e-29
 228.487477      1.182  36.392126    11.1452    6.88065      1.172    32.2379    24.5997 -9.990e-29
 228.487483      1.202  36.392221    11.1457    6.87004      1.192    32.2375    24.5994 -9.990e-29
 228.487488      1.221  36.392493    11.1467    6.86074      1.211    32.2369    24.5987 -9.990e-29
 228.487494      1.240  36.392795    11.1472    6.85002      1.230    32.2367    24.5985 -9.990e-29
 228.487500      1.261  36.393020    11.1462    6.87049      1.250    32.2378    24.5995 -9.990e-29
 228.487506      1.284  36.392960    11.1424    6.88950      1.273    32.2411    24.6027 -9.990e-29
 228.487512      1.307  36.392589    11.1364    6.88547      1.296    32.2460    24.6076 -9.990e-29
 228.487517      1.323  36.392025    11.1342    6.85203      1.312    32.2473    24.6091 -9.990e-29
 228.487523      1.328  36.391689    11.1419    6.79422      1.317    32.2403    24.6022 -9.990e-29
 228.487529      1.323  36.391743    11.1583    6.74906      1.312    32.2259    24.5881 -9.990e-29
 228.487535      1.317  36.392871    11.1746    6.74399      1.306    32.2128    24.5750 -9.990e-29
 228.487541      1.324  36.394951    11.1808    6.76929      1.313    32.2094    24.5713 -9.990e-29
 228.487546      1.352  36.396326    11.1734    6.80724      1.341    32.2172    24.5787 -9.990e-29
 228.487552      1.391  36.396082    11.1568    6.83221      1.379    32.2315    24.5927 -9.990e-29
 228.487558      1.438  36.394507    11.1434    6.83745      1.426    32.2417    24.6030 -9.990e-29
 228.487564      1.486  36.392916    11.1406    6.84016      1.474    32.2425    24.6042 -9.990e-29
 228.487569      1.529  36.392040    11.1442    6.83382      1.516    32.2385    24.6004 -9.990e-29
 228.487575      1.562  36.391498    11.1486    6.80664      1.549    32.2341    24.5962 -9.990e-29
 228.487581      1.583  36.391152    11.1523    6.78477      1.570    32.2305    24.5928 -9.990e-29
 228.487587      1.593  36.391306    11.1563    6.77088      1.580    32.2272    24.5894 -9.990e-29
 228.487593      1.597  36.392178    11.1607    6.76575      1.584    32.2242    24.5863 -9.990e-29
 228.487598      1.599  36.393436    11.1645    6.75815      1.586    32.2221    24.5840 -9.990e-29
 228.487604      1.600  36.394514    11.1686    6.72817      1.587    32.2195    24.5813 -9.990e-29
 228.487610      1.599  36.395164    11.1745    6.71086      1.586    32.2150    24.5768 -9.990e-29
 228.487616      1.597  36.395690    11.1801    6.71161      1.584    32.2106    24.5724 -9.990e-29
 228.487622      1.602  36.396230    11.1807    6.73130      1.589    32.2106    24.5723 -9.990e-29
 228.487627      1.627  36.396380    11.1734    6.76690      1.613    32.2172    24.5786 -9.990e-29
 228.487633      1.669  36.395782    11.1618    6.78801      1.655    32.2267    24.5881 -9.990e-29
 228.487639      1.710  36.394757    11.1547    6.79716      1.696    32.2319    24.5934 -9.990e-29
 228.487645      1.736  36.394174    11.1539    6.78399      1.722    32.2320    24.5937 -9.990e-29
 228.487650      1.747  36.393811    11.1562    6.76347      1.732    32.2296    24.5914 -9.990e-29
 228.487656      1.753  36.393179    11.1602    6.74640      1.738    32.2255    24.5875 -9.990e-29
 228.487662      1.760  36.393116    11.1634    6.74565      1.745    32.2226    24.5847 -9.990e-29
 228.487668      1.766  36.393533    11.1636    6.76049      1.751    32.2229    24.5848 -9.990e-29
 228.487674      1.773  36.393303    11.1612    6.76399      1.758    32.2248    24.5867 -9.990e-29
 228.487679      1.781  36.392679    11.1591    6.76062      1.766    32.2260    24.5880 -9.990e-29
 228.487685      1.791  36.392509    11.1616    6.72952      1.776    32.2236    24.5858 -9.990e-29
 228.487691      1.799  36.393123    11.1682    6.70314      1.784    32.2184    24.5806 -9.990e-29
 228.487697      1.801  36.394214    11.1743    6.70014      1.786    32.2142    24.5762 -9.990e-29
 228.487703      1.805  36.394992    11.1775    6.71160      1.790    32.2121    24.5740 -9.990e-29
 228.487708      1.822  36.395371    11.1784    6.71178      1.807    32.2117    24.5735 -9.990e-29
 228.487714      1.843  36.395857    11.1792    6.69871      1.828    32.2115    24.5732 -9.990e-29
 228.487720      1.856  36.396534    11.1826    6.68360      1.841    32.2092    24.5708 -9.990e-29
 228.487726      1.863  36.397739    11.1888    6.67718      1.847    32.2049    24.5664 -9.990e-29
 228.487731      1.872  36.399395    11.1944    6.67405      1.856    32.2017    24.5629 -9.990e-29
 228.487737      1.884  36.400344    11.1970    6.66290      1.868    32.2003    24.5614 -9.990e-29
 228.487743      1.888  36.400728    11.2000    6.65313      1.872    32.1981    24.5591 -9.990e-29
 228.487749      1.874  36.402177    11.2060    6.64147      1.858    32.1942    24.5550 -9.990e-29
 228.487755      1.851  36.404940    11.2101    6.63944      1.836    32.1934    24.5536 -9.990e-29
 228.487760      1.833  36.405967    11.2084    6.63873      1.818    32.1959    24.5559 -9.990e-29
 228.487766      1.834  36.403824    11.2016    6.66407      1.819    32.1997    24.5601 -9.990e-29
 228.487772      1.852  36.400139    11.1910    6.69126      1.837    32.2054    24.5664 -9.990e-29
