data/oxygen options/ONMS/Olympic_Coast_National_Marine_Sanctuary_Hypoxia_Survey_CTD_Data_2004_2015/raw_data/2005/CTD_CE50_081605faed.cnv
* Sea-Bird SBE19 Data File:
* FileName = C:\Hypoxia Data\CE50_081605.hex
* Software Version 1.1.6
* Temperature SN = 2997
* Conductivity SN = 2997
* System UpLoad Time = Aug 16 2005 11:20:16
* SEACAT PROFILER V3.1c SN 2997   08/16/05  11:19:43.010
* strain gauge pressure sensor: S/N = 184829,  range = 3000 psia,  tc = 40
# nquan = 9                                 
# nvalues = 642                         
# units = specified
# name 0 = timeJ: Julian Days
# name 1 = prSM: Pressure, Strain Gauge [db]
# name 2 = c0mS/cm: Conductivity [mS/cm]
# name 3 = t090C: Temperature [ITS-90, deg C]
# name 4 = oxML/L: Oxygen, Beckman/YSI [ml/l]
# name 5 = depSM: Depth [salt water, m], lat = 47.5
# name 6 = sal00: Salinity, Practical [PSU]
# name 7 = sigma-é00: Density [sigma-theta, kg/m^3]
# name 8 = flag: flag
# span 0 = 228.467118, 228.470828       
# span 1 =      1.235,     50.886       
# span 2 =   0.496087,  37.215795       
# span 3 =     7.2302,    12.4719       
# span 4 =   -0.12433,   28.94234       
# span 5 =      1.225,     50.455       
# span 6 =     0.3193,    33.8526       
# span 7 =    -0.3064,    26.4833       
# span 8 = 0.0000e+00, 0.0000e+00       
# interval = seconds: 0.5
# start_time = Aug 16 2005 11:12:39 [Instrument's time stamp, header]
# bad_flag = -9.990e-29
*END*
 228.467118      1.261 -9.990e-29    12.4627   -0.12433      1.250 -9.990e-29 -9.990e-29 -9.990e-29
 228.467124      1.268   0.544038    12.4630   -0.12432      1.257     0.3514    -0.2804 -9.990e-29
 228.467130      1.266   0.539374    12.4633   -0.12432      1.255     0.3482    -0.2829 -9.990e-29
 228.467135      1.258   0.533332    12.4636   -0.12432      1.247     0.3442    -0.2860 -9.990e-29
 228.467141      1.257   0.527838    12.4639   -0.12432      1.247     0.3405    -0.2889 -9.990e-29
 228.467147      1.259   0.523699    12.4643   -0.12433      1.248     0.3378    -0.2911 -9.990e-29
 228.467153      1.254   0.520385    12.4647   -0.12433      1.244     0.3356    -0.2929 -9.990e-29
 228.467159      1.247   0.517177    12.4649   -0.12433      1.237     0.3334    -0.2946 -9.990e-29
 228.467164      1.242   0.514236    12.4649   -0.12433      1.232     0.3315    -0.2961 -9.990e-29
 228.467170      1.239   0.512445    12.4649   -0.12432      1.229     0.3303    -0.2971 -9.990e-29
 228.467176      1.237   0.512191    12.4653   -0.12432      1.227     0.3301    -0.2973 -9.990e-29
 228.467182      1.235   0.512581    12.4660   -0.12432      1.225     0.3303    -0.2971 -9.990e-29
 228.467187      1.235   0.511918    12.4665   -0.12432      1.225     0.3299    -0.2976 -9.990e-29
 228.467193      1.236   0.509876    12.4666   -0.12432      1.226     0.3285    -0.2986 -9.990e-29
 228.467199      1.238   0.507613    12.4664   -0.12432      1.228     0.3270    -0.2998 -9.990e-29
 228.467205      1.241   0.505440    12.4665   -0.12431      1.231     0.3256    -0.3009 -9.990e-29
 228.467211      1.246   0.503234    12.4669   -0.12431      1.236     0.3241    -0.3021 -9.990e-29
 228.467216      1.252   0.501382    12.4676   -0.12430      1.242     0.3229    -0.3032 -9.990e-29
 228.467222      1.261   0.500189    12.4684   -0.12431      1.250     0.3221    -0.3039 -9.990e-29
 228.467228      1.272   0.499729    12.4690   -0.12431      1.261     0.3218    -0.3042 -9.990e-29
 228.467234      1.287   0.499944    12.4693   -0.12431      1.276     0.3219    -0.3041 -9.990e-29
 228.467240      1.301   0.500566    12.4696   -0.12432      1.290     0.3223    -0.3038 -9.990e-29
 228.467245      1.313   0.500764    12.4700   -0.12433      1.302     0.3225    -0.3038 -9.990e-29
 228.467251      1.326   0.499693    12.4706   -0.12431      1.315     0.3217    -0.3044 -9.990e-29
 228.467257      1.341   0.497590    12.4712   -0.12431      1.330     0.3203    -0.3056 -9.990e-29
 228.467263      1.356   0.496087    12.4716   -0.10275      1.345     0.3193    -0.3064 -9.990e-29
 228.467269      1.375   0.497064    12.4719   -0.10396      1.364     0.3200    -0.3060 -9.990e-29
 228.467274      1.405   0.500716    12.4717   -0.10440      1.393     0.3224    -0.3040 -9.990e-29
 228.467280      1.445   0.506370    12.4713   -0.10444      1.433     0.3262    -0.3010 -9.990e-29
 228.467286      1.501   0.517128    12.4703   -0.10459      1.488     0.3333    -0.2953 -9.990e-29
 228.467292      1.570   0.547334    12.4664   -0.10482      1.557     0.3535    -0.2791 -9.990e-29
 228.467297      1.648   0.642255    12.4553   -0.10496      1.634     0.4174    -0.2280 -9.990e-29
 228.467303      1.737   0.938435    12.4247   -0.10499      1.722     0.6197    -0.0666 -9.990e-29
 228.467309      1.845   1.840764    12.3358   -0.10503      1.830     1.2582     0.4411 -9.990e-29
 228.467315      1.985   4.542922    12.1113   -0.10504      1.968     3.2938     2.0485 0.0000e+00
 228.467321      2.156  12.618397    11.7818   -0.10500      2.138     9.9466     7.2374 0.0000e+00
 228.467326      2.349  24.795789    11.5178   -0.10500      2.329    20.8972    15.7412 0.0000e+00
 228.467332      2.549  33.049321    11.3803   -0.10507      2.528    28.7849    21.8761 0.0000e+00
 228.467338      2.740  35.904535    11.3050   -0.10513      2.717    31.6200    24.0911 0.0000e+00
 228.467344      2.904  36.862149    11.2478   -0.10502      2.880    32.6095    24.8705 0.0000e+00
 228.467350      3.034  37.132236    11.2029   -0.10498      3.009    32.9155    25.1166 -9.990e-29
 228.467355      3.134  37.166322    11.1752   -0.10493      3.108    32.9739    25.1669 -9.990e-29
 228.467361      3.215  37.155103    11.1608   -0.10492      3.188    32.9757    25.1709 -9.990e-29
 228.467367      3.287  37.146430    11.1559   -0.10497      3.260    32.9715    25.1685 -9.990e-29
 228.467373      3.353  37.140518    11.1552   -0.10500      3.325    32.9663    25.1646 -9.990e-29
 228.467378      3.414  37.138461    11.1504   -0.10501      3.385    32.9685    25.1672 -9.990e-29
 228.467384      3.461  37.143130    11.1427   -0.10500      3.432    32.9800    25.1775 -9.990e-29
 228.467390      3.489  37.145057    11.1439   -0.10504      3.460    32.9808    25.1779 -9.990e-29
 228.467396      3.503  37.132796    11.1578   -0.10515      3.474    32.9563    25.1563 -9.990e-29
 228.467402      3.512  37.118043    11.1741   -0.10522      3.483    32.9271    25.1307 -9.990e-29
 228.467407      3.523  37.117025    11.1841   -0.10525      3.494    32.9171    25.1212 -9.990e-29
 228.467413      3.530  37.126714    11.1834   -0.10526      3.501    32.9273    25.1292 -9.990e-29
 228.467419      3.531  37.138730    11.1727   -0.10527      3.502    32.9488    25.1478 -9.990e-29
 228.467425      3.529  37.148352    11.1580   -0.10525      3.500    32.9714    25.1681 -9.990e-29
 228.467431      3.533  37.155517    11.1426   -0.10524      3.503    32.9923    25.1871 -9.990e-29
 228.467436      3.543  37.171466    11.1289   -0.10524      3.513    33.0204    25.2114 -9.990e-29
 228.467442      3.552  37.200647    11.1158   -0.10526      3.522    33.0610    25.2453 -9.990e-29
 228.467448      3.555  37.215795    11.0983   -0.10527      3.525    33.0917    25.2723 -9.990e-29
 228.467454      3.553  37.193932    11.0794   -0.10523      3.523    33.0871    25.2721 -9.990e-29
 228.467459      3.546  37.155262    11.0655   -0.10524      3.516    33.0613    25.2545 -9.990e-29
 228.467465      3.533  37.129546    11.0591   -0.10526      3.503    33.0416    25.2403 -9.990e-29
 228.467471      3.518  37.120073    11.0598   -0.10529      3.489    33.0316    25.2324 -9.990e-29
 228.467477      3.508  37.110851    11.0635   -0.10529      3.479    33.0192    25.2221 -9.990e-29
 228.467483      3.512  37.096321    11.0659   -0.10531      3.483    33.0026    25.2088 -9.990e-29
 228.467488      3.529  37.088519    11.0658   -0.10532      3.500    32.9950    25.2029 -9.990e-29
 228.467494      3.551  37.089390    11.0630   -0.10530      3.521    32.9984    25.2060 -9.990e-29
 228.467500      3.577  37.089446    11.0579   -0.10526      3.547    33.0030    25.2105 -9.990e-29
 228.467506      3.604  37.091571    11.0528   -0.10525      3.574    33.0097    25.2166 -9.990e-29
 228.467512      3.624  37.110942    11.0492   -0.10528      3.594    33.0321    25.2347 -9.990e-29
 228.467517      3.630  37.138626    11.0459   -0.10531      3.600    33.0625    25.2589 -9.990e-29
 228.467523      3.624  37.145926    11.0418   -0.10531      3.594    33.0734    25.2681 -9.990e-29
 228.467529      3.612  37.133609    11.0382   -0.10531      3.582    33.0644    25.2618 -9.990e-29
 228.467535      3.603  37.121151    11.0361   -0.10532      3.573    33.0540    25.2540 -9.990e-29
 228.467541      3.600  37.114378    11.0357   -0.10526      3.570    33.0476    25.2492 -9.990e-29
 228.467546      3.604  37.108192    11.0363   -0.10525      3.574    33.0410    25.2439 -9.990e-29
 228.467552      3.614  37.107250    11.0376   -0.10524      3.584    33.0389    25.2420 -9.990e-29
 228.467558      3.627  37.123763    11.0390   -0.10525      3.597    33.0540    25.2535 -9.990e-29
 228.467564      3.639  37.145547    11.0393   -0.10526      3.609    33.0753    25.2700 -9.990e-29
 228.467569      3.652  37.147257    11.0384   -0.10525      3.621    33.0778    25.2721 -9.990e-29
 228.467575      3.661  37.130057    11.0373   -0.10524      3.630    33.0617    25.2598 -9.990e-29
 228.467581      3.664  37.113643    11.0368   -0.10524      3.633    33.0459    25.2476 -9.990e-29
 228.467587      3.663  37.105857    11.0372   -0.10523      3.632    33.0378    25.2413 -9.990e-29
 228.467593      3.665  37.105857    11.0389   -0.10523      3.634    33.0363    25.2398 -9.990e-29
 228.467598      3.668  37.120380    11.0413   -0.10525      3.637    33.0485    25.2489 -9.990e-29
 228.467604      3.673  37.146365    11.0433   -0.10526      3.642    33.0725    25.2671 -9.990e-29
 228.467610      3.681  37.164631    11.0433   -0.10525      3.650    33.0906    25.2812 -9.990e-29
 228.467616      3.687  37.169257    11.0410   -0.10522      3.656    33.0972    25.2868 -9.990e-29
 228.467622      3.688  37.169783    11.0389   -0.10521      3.657    33.0996    25.2891 -9.990e-29
 228.467627      3.688  37.175327    11.0388   -0.10521      3.657    33.1052    25.2934 -9.990e-29
 228.467633      3.692  37.186000    11.0403   -0.10521      3.661    33.1144    25.3003 -9.990e-29
 228.467639      3.694  37.194729    11.0419   -0.10521      3.663    33.1216    25.3057 -9.990e-29
 228.467645      3.692  37.197455    11.0423   -0.10521      3.661    33.1240    25.3074 -9.990e-29
 228.467650      3.689  37.194457    11.0417   -0.10523      3.658    33.1216    25.3056 -9.990e-29
 228.467656      3.690  37.187352    11.0417   -0.10526      3.659    33.1145    25.3002 -9.990e-29
 228.467662      3.694  37.179012    11.0429   -0.10524      3.663    33.1052    25.2927 -9.990e-29
 228.467668      3.702  37.175709    11.0456   -0.10523      3.671    33.0995    25.2877 -9.990e-29
 228.467674      3.714  37.183138    11.0494   -0.10512      3.683    33.1034    25.2901 -9.990e-29
 228.467679      3.726  37.196071    11.0526   -0.10506      3.695    33.1133    25.2973 -9.990e-29
 228.467685      3.732  37.201477    11.0529   -0.10517      3.701    33.1184    25.3012 -9.990e-29
 228.467691      3.730  37.197037    11.0512   -0.10524      3.699    33.1155    25.2993 -9.990e-29
 228.467697      3.731  37.193664    11.0499   -0.10528      3.700    33.1134    25.2978 -9.990e-29
 228.467703      3.733  37.195839    11.0490   -0.10528      3.702    33.1163    25.3003 -9.990e-29
 228.467708      3.733  37.193571    11.0475   -0.10526      3.702    33.1154    25.2998 -9.990e-29
 228.467714      3.735  37.181597    11.0483   -0.10517      3.704    33.1028    25.2899 -9.990e-29
 228.467720      3.743  37.176486    11.0597   -0.10500      3.712    33.0875    25.2759 -9.990e-29
 228.467726      3.753  37.188256    11.0816   -0.10502      3.722    33.0794    25.2657 -9.990e-29
 228.467731      3.759  37.197275    11.0943   -0.10521      3.728    33.0769    25.2615 -9.990e-29
 228.467737      3.755  37.189219    11.0859   -0.10531      3.724    33.0765    25.2627 -9.990e-29
 228.467743      3.746  37.167940    11.0688   15.60738      3.715    33.0708    25.2613 -9.990e-29
 228.467749      3.743  37.141528    11.0559   27.19544      3.712    33.0563    25.2523 -9.990e-29
 228.467755      3.756  37.123000    11.0509   28.94234      3.725    33.0424    25.2424 -9.990e-29
 228.467760      3.777  37.124106    11.0588   25.53164      3.745    33.0364    25.2363 -9.990e-29
 228.467766      3.789  37.144641    11.0844   16.81443      3.757    33.0337    25.2297 -9.990e-29
 228.467772      3.786  37.168809    11.1126   13.17528      3.754    33.0323    25.2235 -9.990e-29
 228.467778      3.771  37.177811    11.1142   13.20565      3.739    33.0398    25.2291 -9.990e-29
 228.467784      3.752  37.165717    11.0877   13.19333      3.721    33.0516    25.2430 -9.990e-29
 228.467789      3.735  37.136045    11.0574   13.20894      3.704    33.0495    25.2468 -9.990e-29
 228.467795      3.725  37.092982    11.0354   13.22285      3.694    33.0267    25.2329 -9.990e-29
 228.467801      3.721  37.034627    11.0220   13.24350      3.690    32.9809    25.1997 -9.990e-29
 228.467807      3.722  36.972339    11.0168   13.25957      3.691    32.9238    25.1562 -9.990e-29
 228.467813      3.729  36.934665    11.0166   13.27336      3.698    32.8867    25.1273 -9.990e-29
 228.467818      3.741  36.922409    11.0166   13.28330      3.710    32.8745    25.1178 -9.990e-29
 228.467824      3.760  36.918114    11.0150   13.28763      3.729    32.8717    25.1159 -9.990e-29
 228.467830      3.787  36.915498    11.0126   13.29040      3.755    32.8712    25.1160 -9.990e-29
 228.467836      3.819  36.913324    11.0103   10.70017      3.787    32.8711    25.1163 -9.990e-29
 228.467841      3.846  36.911504    11.0086    7.61180      3.814    32.8708    25.1164 -9.990e-29
 228.467847      3.857  36.909852    11.0078    6.01012      3.825    32.8699    25.1158 -9.990e-29
 228.467853      3.851  36.908408    11.0069    5.69659      3.819    32.8693    25.1155 -9.990e-29
 228.467859      3.838  36.906924    11.0050    6.88163      3.806    32.8695    25.1160 -9.990e-29
 228.467865      3.820  36.905100    11.0041    7.91284      3.788    32.8685    25.1154 -9.990e-29
 228.467870      3.797  36.903863    11.0072    8.28227      3.765    32.8645    25.1117 -9.990e-29
 228.467876      3.768  36.905484    11.0150    8.49251      3.737    32.8592    25.1062 -9.990e-29
 228.467882      3.738  36.910998    11.0244    8.58696      3.707    32.8562    25.1022 -9.990e-29
 228.467888      3.723  36.918220    11.0291    8.63075      3.692    32.8592    25.1037 -9.990e-29
 228.467894      3.731  36.922196    11.0257    8.66182      3.700    32.8662    25.1097 -9.990e-29
 228.467899      3.757  36.919815    11.0179    8.67614      3.726    32.8708    25.1147 -9.990e-29
 228.467905      3.791  36.914064    11.0112    8.70462      3.759    32.8711    25.1161 -9.990e-29
 228.467911      3.818  36.909605    11.0082    8.71650      3.786    32.8693    25.1153 -9.990e-29
 228.467917      3.827  36.907777    11.0089    8.73076      3.795    32.8669    25.1133 -9.990e-29
 228.467922      3.817  36.907815    11.0120    8.71842      3.785    32.8641    25.1106 -9.990e-29
 228.467928      3.803  36.909763    11.0154    8.72476      3.771    32.8630    25.1091 -9.990e-29
 228.467934      3.794  36.912291    11.0174    8.71958      3.762    32.8638    25.1093 -9.990e-29
 228.467940      3.795  36.913156    11.0176    8.72507      3.763    32.8644    25.1098 -9.990e-29
 228.467946      3.803  36.912949    11.0153    8.73043      3.771    32.8663    25.1117 -9.990e-29
 228.467951      3.808  36.911389    11.0120    8.72467      3.776    32.8677    25.1133 -9.990e-29
 228.467957      3.811  36.908633    11.0114    8.71656      3.779    32.8655    25.1117 -9.990e-29
 228.467963      3.817  36.907728    11.0125    8.70022      3.785    32.8636    25.1101 -9.990e-29
 228.467969      3.825  36.908583    11.0112    8.69545      3.793    32.8656    25.1119 -9.990e-29
 228.467975      3.838  36.907849    11.0072    8.69342      3.806    32.8685    25.1148 -9.990e-29
 228.467980      3.850  36.905102    11.0033    8.70784      3.818    32.8692    25.1161 -9.990e-29
 228.467986      3.859  36.902843    11.0020    8.71454      3.827    32.8682    25.1155 -9.990e-29
 228.467992      3.860  36.902538    11.0043    8.70919      3.828    32.8658    25.1132 -9.990e-29
 228.467998      3.850  36.904336    11.0077    8.69610      3.818    32.8645    25.1117 -9.990e-29
 228.468003      3.837  36.906705    11.0093    8.67861      3.805    32.8655    25.1121 -9.990e-29
 228.468009      3.827  36.907751    11.0086    8.68568      3.795    32.8671    25.1135 -9.990e-29
 228.468015      3.822  36.907184    11.0065    8.70062      3.790    32.8684    25.1149 -9.990e-29
 228.468021      3.819  36.905362    11.0051    8.69871      3.787    32.8679    25.1147 -9.990e-29
 228.468027      3.816  36.903778    11.0059    8.68087      3.784    32.8656    25.1128 -9.990e-29
 228.468032      3.811  36.904239    11.0074    8.66475      3.779    32.8647    25.1119 -9.990e-29
 228.468038      3.812  36.905672    11.0075    8.66414      3.780    32.8661    25.1129 -9.990e-29
