data/oxygen options/ONMS/Olympic_Coast_National_Marine_Sanctuary_Hypoxia_Survey_CTD_Data_2004_2015/raw_data/2005/CTD_CA50_070705faed.cnv
* Sea-Bird SBE19 Data File:
* FileName = C:\Hypoxia Data\CA50_070705.hex
* Software Version 1.1.6
* Temperature SN = 2997
* Conductivity SN = 2997
* System UpLoad Time = Jul 07 2005 13:51:10
* SEACAT PROFILER V3.1c SN 2997   07/07/05  13:50:35.909
* strain gauge pressure sensor: S/N = 184829,  range = 3000 psia,  tc = 40
# nquan = 9                                 
# nvalues = 920                         
# units = specified
# name 0 = timeJ: Julian Days
# name 1 = prSM: Pressure, Strain Gauge [db]
# name 2 = c0mS/cm: Conductivity [mS/cm]
# name 3 = t090C: Temperature [ITS-90, deg C]
# name 4 = oxML/L: Oxygen, Beckman/YSI [ml/l]
# name 5 = depSM: Depth [salt water, m], lat = 47.5
# name 6 = sal00: Salinity, Practical [PSU]
# name 7 = sigma-é00: Density [sigma-theta, kg/m^3]
# name 8 = flag: flag
# span 0 = 188.568912, 188.574230       
# span 1 =     -3.371,     50.828       
# span 2 =   0.459542,  38.413517       
# span 3 =     7.8526,    14.5287       
# span 4 =   -0.11758,   25.87343       
# span 5 =     -3.343,     50.398       
# span 6 =     0.2804,    33.4799       
# span 7 =    -0.6108,    26.1022       
# span 8 = 0.0000e+00, 0.0000e+00       
# interval = seconds: 0.5
# start_time = Jul 07 2005 13:39:14 [Instrument's time stamp, header]
# bad_flag = -9.990e-29
*END*
[from data line 481]
 188.571696     21.718  35.281058     9.8854    4.49416     21.536    32.2331    24.8113 -9.990e-29
 188.571701     21.833  35.277172     9.8844    4.50344     21.650    32.2300    24.8091 -9.990e-29
 188.571707     21.914  35.278311     9.8877    4.51346     21.730    32.2281    24.8071 -9.990e-29
 188.571713     21.961  35.280934     9.8917    4.52211     21.777    32.2272    24.8057 -9.990e-29
 188.571719     21.983  35.281240     9.8941    4.51866     21.798    32.2254    24.8039 -9.990e-29
 188.571725     21.988  35.279632     9.8946    4.51561     21.803    32.2233    24.8022 -9.990e-29
 188.571730     21.986  35.278447     9.8953    4.51794     21.801    32.2214    24.8007 -9.990e-29
 188.571736     21.985  35.278342     9.8963    4.52029     21.800    32.2204    24.7997 -9.990e-29
 188.571742     21.994  35.278054     9.8949    4.50285     21.809    32.2214    24.8007 -9.990e-29
 188.571748     22.022  35.276078     9.8901    4.48953     21.837    32.2237    24.8033 -9.990e-29
 188.571753     22.070  35.272579     9.8834    4.48962     21.885    32.2261    24.8062 -9.990e-29
 188.571759     22.128  35.269058     9.8772    4.50584     21.942    32.2280    24.8088 -9.990e-29
 188.571765     22.184  35.266424     9.8735    4.51038     21.998    32.2286    24.8099 -9.990e-29
 188.571771     22.224  35.265644     9.8734    4.51041     22.037    32.2279    24.8093 -9.990e-29
 188.571777     22.238  35.266797     9.8759    4.50366     22.051    32.2268    24.8081 -9.990e-29
 188.571782     22.230  35.268052     9.8782    4.49639     22.043    32.2261    24.8071 -9.990e-29
 188.571788     22.221  35.268279     9.8784    4.50074     22.034    32.2261    24.8071 -9.990e-29
 188.571794     22.229  35.267219     9.8762    4.50658     22.042    32.2270    24.8081 -9.990e-29
 188.571800     22.253  35.265142     9.8739    4.49216     22.066    32.2269    24.8085 -9.990e-29
 188.571806     22.287  35.263761     9.8733    4.47763     22.100    32.2261    24.8079 -9.990e-29
 188.571811     22.329  35.264035     9.8722    4.47499     22.141    32.2273    24.8090 -9.990e-29
 188.571817     22.376  35.264085     9.8671    4.48064     22.188    32.2319    24.8135 -9.990e-29
 188.571823     22.419  35.262293     9.8581    4.48024     22.231    32.2381    24.8198 -9.990e-29
 188.571829     22.448  35.259634     9.8503    4.47785     22.259    32.2424    24.8244 -9.990e-29
 188.571834     22.456  35.258163     9.8490    4.47881     22.267    32.2420    24.8243 -9.990e-29
 188.571840     22.440  35.258156     9.8530    4.48883     22.252    32.2385    24.8209 -9.990e-29
 188.571846     22.412  35.258479     9.8580    4.50567     22.224    32.2343    24.8168 -9.990e-29
 188.571852     22.385  35.259001     9.8613    4.51221     22.197    32.2319    24.8144 -9.990e-29
 188.571858     22.360  35.259299     9.8638    4.51654     22.172    32.2300    24.8125 -9.990e-29
 188.571863     22.334  35.259769     9.8673    4.50637     22.146    32.2274    24.8099 -9.990e-29
 188.571869     22.314  35.261036     9.8707    4.50207     22.127    32.2256    24.8080 -9.990e-29
 188.571875     22.307  35.261984     9.8722    4.48935     22.120    32.2252    24.8074 -9.990e-29
 188.571881     22.322  35.261636     9.8716    4.48637     22.135    32.2254    24.8077 -9.990e-29
 188.571887     22.360  35.260088     9.8687    4.47598     22.172    32.2264    24.8089 -9.990e-29
 188.571892     22.409  35.258638     9.8632    4.47698     22.221    32.2298    24.8125 -9.990e-29
 188.571898     22.461  35.257591     9.8570    4.48369     22.272    32.2343    24.8170 -9.990e-29
 188.571904     22.510  35.256671     9.8547    4.48673     22.321    32.2354    24.8182 -9.990e-29
 188.571910     22.550  35.256889     9.8569    4.48029     22.361    32.2336    24.8165 -9.990e-29
 188.571916     22.577  35.257971     9.8593    4.47793     22.387    32.2326    24.8153 -9.990e-29
 188.571921     22.587  35.258554     9.8589    4.47958     22.397    32.2335    24.8161 -9.990e-29
 188.571927     22.589  35.258293     9.8564    4.47644     22.399    32.2355    24.8180 -9.990e-29
 188.571933     22.592  35.257400     9.8542    4.48106     22.402    32.2365    24.8192 -9.990e-29
 188.571939     22.592  35.256365     9.8533    4.48819     22.402    32.2363    24.8192 -9.990e-29
 188.571944     22.589  35.255490     9.8534    4.48296     22.399    32.2353    24.8184 -9.990e-29
 188.571950     22.591  35.254724     9.8537    4.49202     22.401    32.2343    24.8175 -9.990e-29
 188.571956     22.603  35.254168     9.8538    4.48398     22.413    32.2336    24.8170 -9.990e-29
 188.571962     22.620  35.253639     9.8527    4.46900     22.430    32.2341    24.8175 -9.990e-29
 188.571968     22.641  35.252989     9.8500    4.46220     22.451    32.2358    24.8193 -9.990e-29
 188.571973     22.667  35.252474     9.8465    4.46844     22.477    32.2384    24.8219 -9.990e-29
 188.571979     22.694  35.251963     9.8449    4.47918     22.503    32.2393    24.8229 -9.990e-29
 188.571985     22.720  35.251894     9.8469    4.50613     22.529    32.2374    24.8211 -9.990e-29
 188.571991     22.747  35.252733     9.8506    4.51515     22.556    32.2350    24.8186 -9.990e-29
 188.571997     22.777  35.253352     9.8546    4.53325     22.586    32.2320    24.8156 -9.990e-29
 188.572002     22.819  35.253456     9.8588    4.52225     22.627    32.2283    24.8120 -9.990e-29
 188.572008     22.899  35.253743     9.8615    4.50337     22.707    32.2262    24.8099 -9.990e-29
 188.572014     23.037  35.254037     9.8594    4.45639     22.843    32.2283    24.8119 0.0000e+00
 188.572020     23.244  35.253607     9.8492    4.38617     23.049    32.2369    24.8203 0.0000e+00
 188.572025     23.514  35.251879     9.8268    4.29669     23.316    32.2550    24.8381 0.0000e+00
 188.572031     23.840  35.248231     9.7866    4.19599     23.640    32.2872    24.8698 0.0000e+00
 188.572037     24.212  35.240596     9.7237    4.08908     24.009    32.3357    24.9180 0.0000e+00
 188.572043     24.616  35.224952     9.6328    3.98079     24.409    32.4014    24.9840 0.0000e+00
 188.572049     25.039  35.197249     9.5171    3.88937     24.829    32.4775    25.0621 0.0000e+00
 188.572054     25.473  35.159221     9.3969    3.81466     25.259    32.5473    25.1359 0.0000e+00
 188.572060     25.908  35.119571     9.2940    3.76234     25.690    32.6001    25.1935 0.0000e+00
 188.572066     26.329  35.085956     9.2162    3.73210     26.108    32.6363    25.2341 0.0000e+00
 188.572072     26.728  35.059500     9.1619    3.69461     26.503    32.6584    25.2600 0.0000e+00
 188.572078     27.110  35.038544     9.1217    3.65046     26.882    32.6734    25.2781 0.0000e+00
 188.572083     27.485  35.022042     9.0748    3.58043     27.254    32.6992    25.3056 0.0000e+00
 188.572089     27.870  35.003678     9.0092    3.52477     27.636    32.7403    25.3480 0.0000e+00
 188.572095     28.271  34.976341     8.9350    3.44479     28.033    32.7801    25.3907 0.0000e+00
 188.572101     28.684  34.944497     8.8596    3.38736     28.443    32.8163    25.4308 0.0000e+00
 188.572106     29.102  34.915566     8.7750    3.34176     28.857    32.8643    25.4814 0.0000e+00
 188.572112     29.512  34.886834     8.6794    3.31115     29.264    32.9229    25.5419 0.0000e+00
 188.572118     29.902  34.855297     8.5881    3.30712     29.650    32.9747    25.5965 0.0000e+00
 188.572124     30.263  34.828218     8.5172    3.30085     30.008    33.0123    25.6367 0.0000e+00
 188.572130     30.579  34.810957     8.4751    3.29623     30.322    33.0334    25.6596 0.0000e+00
 188.572135     30.837  34.801780     8.4664    3.32212     30.577    33.0318    25.6596 0.0000e+00
 188.572141     31.035  34.799648     8.4858    3.34362     30.774    33.0113    25.6406 0.0000e+00
 188.572147     31.186  34.804511     8.5141    3.35292     30.923    32.9899    25.6195 -9.990e-29
 188.572153     31.308  34.812760     8.5292    3.36729     31.044    32.9844    25.6130 -9.990e-29
 188.572159     31.409  34.816899     8.5249    3.35643     31.144    32.9927    25.6201 -9.990e-29
 188.572164     31.487  34.815722     8.5134    3.35895     31.222    33.0022    25.6293 -9.990e-29
 188.572170     31.543  34.814390     8.5020    3.34271     31.277    33.0114    25.6383 -9.990e-29
 188.572176     31.581  34.812243     8.4919    3.32796     31.315    33.0186    25.6454 -9.990e-29
 188.572182     31.601  34.808657     8.4852    3.32769     31.335    33.0211    25.6484 -9.990e-29
 188.572188     31.607  34.806694     8.4784    3.32557     31.341    33.0254    25.6528 -9.990e-29
 188.572193     31.606  34.803735     8.4693    3.33658     31.340    33.0308    25.6584 -9.990e-29
 188.572199     31.616  34.798073     8.4587    3.33564     31.350    33.0347    25.6631 -9.990e-29
 188.572205     31.641  34.791687     8.4472    3.31687     31.375    33.0388    25.6680 -9.990e-29
 188.572211     31.676  34.785592     8.4367    3.31309     31.409    33.0422    25.6722 -9.990e-29
 188.572216     31.712  34.781186     8.4288    3.31222     31.445    33.0449    25.6756 -9.990e-29
 188.572222     31.741  34.778756     8.4259    3.31752     31.474    33.0451    25.6761 -9.990e-29
 188.572228     31.754  34.778423     8.4278    3.31631     31.487    33.0429    25.6742 -9.990e-29
 188.572234     31.754  34.779738     8.4310    3.32586     31.487    33.0413    25.6724 -9.990e-29
 188.572240     31.739  34.780526     8.4342    3.32728     31.472    33.0391    25.6702 -9.990e-29
 188.572245     31.719  34.780717     8.4361    3.32631     31.452    33.0376    25.6687 -9.990e-29
 188.572251     31.703  34.780565     8.4343    3.32365     31.436    33.0391    25.6702 -9.990e-29
 188.572257     31.696  34.778747     8.4316    3.32193     31.429    33.0397    25.6711 -9.990e-29
 188.572263     31.692  34.776762     8.4316    3.33375     31.425    33.0376    25.6694 -9.990e-29
 188.572269     31.688  34.776445     8.4330    3.34013     31.421    33.0360    25.6679 -9.990e-29
 188.572274     31.682  34.776810     8.4346    3.34379     31.415    33.0349    25.6668 -9.990e-29
 188.572280     31.675  34.777220     8.4374    3.33623     31.408    33.0327    25.6647 -9.990e-29
 188.572286     31.670  34.778221     8.4405    3.33278     31.403    33.0308    25.6628 -9.990e-29
 188.572292     31.672  34.779466     8.4415    3.32814     31.405    33.0312    25.6629 -9.990e-29
 188.572297     31.680  34.779249     8.4395    3.32227     31.413    33.0329    25.6645 -9.990e-29
 188.572303     31.686  34.777280     8.4366    3.33671     31.419    33.0335    25.6655 -9.990e-29
 188.572309     31.679  34.775415     8.4362    3.34133     31.412    33.0319    25.6643 -9.990e-29
 188.572315     31.656  34.775089     8.4390    3.34525     31.389    33.0289    25.6615 -9.990e-29
 188.572321     31.631  34.775864     8.4428    3.33998     31.365    33.0262    25.6588 -9.990e-29
 188.572326     31.618  34.776531     8.4447    3.32755     31.352    33.0251    25.6577 -9.990e-29
 188.572332     31.625  34.776295     8.4423    3.32673     31.359    33.0271    25.6596 -9.990e-29
 188.572338     31.649  34.774843     8.4359    3.32836     31.382    33.0316    25.6641 -9.990e-29
 188.572344     31.672  34.773041     8.4302    3.33203     31.405    33.0350    25.6676 -9.990e-29
 188.572350     31.677  34.772407     8.4304    3.33523     31.410    33.0342    25.6669 -9.990e-29
 188.572355     31.659  34.773211     8.4360    3.33530     31.392    33.0298    25.6626 -9.990e-29
 188.572361     31.633  34.774282     8.4414    3.33625     31.367    33.0259    25.6587 -9.990e-29
 188.572367     31.620  34.774802     8.4419    3.32875     31.354    33.0259    25.6587 -9.990e-29
 188.572373     31.627  34.774347     8.4372    3.32744     31.361    33.0299    25.6625 -9.990e-29
 188.572378     31.650  34.772871     8.4321    3.32780     31.383    33.0331    25.6658 -9.990e-29
 188.572384     31.678  34.771766     8.4316    3.32923     31.411    33.0324    25.6653 -9.990e-29
 188.572390     31.700  34.771796     8.4360    3.33925     31.433    33.0283    25.6614 -9.990e-29
 188.572396     31.714  34.772437     8.4412    3.34917     31.447    33.0241    25.6574 -9.990e-29
 188.572402     31.723  34.773423     8.4439    3.34504     31.456    33.0226    25.6558 -9.990e-29
 188.572407     31.738  34.774386     8.4446    3.34532     31.471    33.0229    25.6560 -9.990e-29
 188.572413     31.764  34.774926     8.4457    3.34220     31.496    33.0224    25.6554 -9.990e-29
 188.572419     31.797  34.775204     8.4482    3.34846     31.529    33.0204    25.6534 -9.990e-29
 188.572425     31.837  34.775589     8.4516    3.35465     31.569    33.0176    25.6507 -9.990e-29
 188.572431     31.893  34.776031     8.4546    3.35649     31.624    33.0152    25.6484 -9.990e-29
 188.572436     31.986  34.775998     8.4563    3.35647     31.717    33.0135    25.6468 -9.990e-29
 188.572442     32.136  34.775446     8.4551    3.34234     31.865    33.0140    25.6474 0.0000e+00
 188.572448     32.352  34.774759     8.4475    3.32663     32.079    33.0203    25.6535 0.0000e+00
 188.572454     32.634  34.773580     8.4333    3.31023     32.359    33.0322    25.6650 0.0000e+00
 188.572459     32.980  34.771457     8.4181    3.31190     32.702    33.0441    25.6766 0.0000e+00
 188.572465     33.376  34.769482     8.4063    3.31656     33.095    33.0529    25.6852 0.0000e+00
 188.572471     33.807  34.768936     8.3972    3.30743     33.522    33.0607    25.6927 0.0000e+00
 188.572477     34.259  34.769647     8.3887    3.30030     33.970    33.0692    25.7007 0.0000e+00
 188.572483     34.729  34.770873     8.3797    3.28288     34.436    33.0787    25.7095 0.0000e+00
 188.572488     35.207  34.771444     8.3686    3.26989     34.910    33.0896    25.7197 0.0000e+00
 188.572494     35.682  34.770434     8.3529    3.25732     35.381    33.1030    25.7326 0.0000e+00
 188.572500     36.141  34.767610     8.3340    3.23106     35.836    33.1176    25.7469 0.0000e+00
 188.572506     36.574  34.763687     8.3151    3.19512     36.266    33.1311    25.7602 0.0000e+00
 188.572512     36.983  34.759592     8.2936    3.14528     36.671    33.1468    25.7758 0.0000e+00
 188.572517     37.379  34.753783     8.2645    3.11602     37.064    33.1679    25.7967 0.0000e+00
 188.572523     37.767  34.744678     8.2260    3.09192     37.448    33.1945    25.8233 0.0000e+00
 188.572529     38.153  34.733023     8.1792    3.10158     37.831    33.2262    25.8551 0.0000e+00
 188.572535     38.534  34.720652     8.1286    3.13305     38.209    33.2608    25.8898 0.0000e+00
 188.572541     38.905  34.710681     8.0843    3.14079     38.577    33.2921    25.9208 0.0000e+00
 188.572546     39.256  34.704938     8.0552    3.15965     38.925    33.3135    25.9419 0.0000e+00
 188.572552     39.583  34.701920     8.0394    3.16029     39.249    33.3251    25.9534 0.0000e+00
 188.572558     39.886  34.699836     8.0306    3.15760     39.549    33.3312    25.9594 0.0000e+00
 188.572564     40.158  34.698142     8.0249    3.16743     39.819    33.3347    25.9630 0.0000e+00
 188.572569     40.391  34.696815     8.0202    3.17756     40.050    33.3376    25.9660 0.0000e+00
 188.572575     40.578  34.695766     8.0167    3.17807     40.235    33.3397    25.9682 0.0000e+00
 188.572581     40.719  34.695273     8.0157    3.17393     40.375    33.3401    25.9686 -9.990e-29
 188.572587     40.819  34.695798     8.0160    3.16504     40.474    33.3403    25.9687 -9.990e-29
 188.572593     40.887  34.696357     8.0158    3.16227     40.542    33.3411    25.9694 -9.990e-29
 188.572598     40.929  34.696011     8.0153    3.16771     40.583    33.3412    25.9695 -9.990e-29
 188.572604     40.946  34.694859     8.0155    3.18020     40.600    33.3397    25.9684 -9.990e-29
 188.572610     40.954  34.693605     8.0167    3.18622     40.608    33.3373    25.9662 -9.990e-29
