data/oxygen options/ONMS/Olympic_Coast_National_Marine_Sanctuary_Hypoxia_Survey_CTD_Data_2004_2015/raw_data/2005/CTD_TH50_081505faedb.cnv
* Sea-Bird SBE19 Data File:
* FileName = C:\Hypoxia Data\TH50_081505.hex
* Software Version 1.1.6
* Temperature SN = 2997
* Conductivity SN = 2997
* System UpLoad Time = Aug 15 2005 18:30:28
* SEACAT PROFILER V3.1c SN 2997   08/15/05  18:29:35.985
* strain gauge pressure sensor: S/N = 184829,  range = 3000 psia,  tc = 40
# nquan = 9
# nvalues = 50                          
# units = specified
# name 0 = timeJ: Julian Days
# name 1 = prSM: Pressure, Strain Gauge [db]
# name 2 = c0mS/cm: Conductivity [mS/cm]
# name 3 = t090C: Temperature [ITS-90, deg C]
# name 4 = oxML/L: Oxygen, Beckman/YSI [ml/l]
# name 5 = depSM: Depth [salt water, m], lat = 47.5
# name 6 = sal00: Salinity, Practical [PSU]
# name 7 = sigma-é00: Density [sigma-theta, kg/m^3]
# name 8 = flag: flag
# span 0 = 209.000186, 227.727166       
# span 1 =      1.000,     52.000       
# span 2 =  33.697310,  37.663651       
# span 3 =     7.4072,    12.5464       
# span 4 =   -0.10279,    6.66970       
# span 5 =      0.992,     51.559       
# span 6 =    29.2044,    33.7801       
# span 7 =    22.1394,    26.4019       
# span 8 = 0.0000e+00, 0.0000e+00       
# interval = decibars: 1                
# start_time = Aug 15 2005 17:23:07 [Instrument's time stamp, header]
# bad_flag = -9.990e-29
*END*
 227.724438      1.000  34.688441    12.5464   -0.10279      0.992    29.4542    22.1873 0.0000e+00
 227.724464      2.000  37.663651    12.2111   -0.10266      1.983    32.5241    24.6257 0.0000e+00
 209.000186      5.000  33.697310    11.0047    6.16579      4.958    29.2044    22.1394 0.0000e+00
 227.726617      6.000  36.692354    11.8443    6.66970      5.950    31.9229    24.2290 0.0000e+00
 227.726633      7.000  36.568623    11.4692    6.12471      6.941    32.1259    24.4549 0.0000e+00
 227.726646      8.000  36.382082    11.1389    5.19847      7.933    32.2306    24.5953 0.0000e+00
 227.726659      9.000  36.089271    10.6652    4.27712      8.924    32.3574    24.7768 0.0000e+00
 227.726671     10.000  35.566563    10.1064    3.76332      9.916    32.3299    24.8503 0.0000e+00
 227.726682     11.000  35.259011     9.7684    3.57675     10.908    32.3202    24.8983 0.0000e+00
 227.726693     12.000  35.091840     9.5389    3.52258     11.900    32.3555    24.9631 0.0000e+00
 227.726702     13.000  34.988478     9.3831    3.51262     12.891    32.3898    25.0148 0.0000e+00
 227.726712     14.000  34.939965     9.2569    3.52119     13.883    32.4539    25.0849 0.0000e+00
 227.726722     15.000  34.906670     9.1888    3.51795     14.874    32.4811    25.1169 0.0000e+00
 227.726731     16.000  34.886665     9.1286    3.51094     15.866    32.5148    25.1528 0.0000e+00
 227.726742     17.000  34.868824     9.0652    3.50031     16.857    32.5538    25.1931 0.0000e+00
 227.726752     18.000  34.855531     9.0130    3.50563     17.849    32.5873    25.2276 0.0000e+00
 227.726762     19.000  34.849158     8.9624    3.49257     18.841    32.6267    25.2663 0.0000e+00
 227.726772     20.000  34.843664     8.9186    3.48310     19.832    32.6607    25.2997 0.0000e+00
 227.726781     21.000  34.837021     8.8793    3.52814     20.824    32.6895    25.3284 0.0000e+00
 227.726792     22.000  34.835063     8.8321    3.67247     21.815    32.7306    25.3678 0.0000e+00
 227.726802     23.000  34.840609     8.7814    3.84838     22.807    32.7828    25.4164 0.0000e+00
 227.726813     24.000  34.844960     8.7401    3.98746     23.799    32.8251    25.4560 0.0000e+00
 227.726824     25.000  34.847054     8.7017    4.04595     24.790    32.8625    25.4911 0.0000e+00
 227.726834     26.000  34.843459     8.6424    4.05155     25.781    32.9135    25.5402 0.0000e+00
 227.726844     27.000  34.822515     8.5456    4.00246     26.773    32.9813    25.6079 0.0000e+00
 227.726855     28.000  34.793886     8.4756    3.91773     27.765    33.0161    25.6459 0.0000e+00
 227.726864     29.000  34.782459     8.4524    3.86295     28.756    33.0254    25.6567 0.0000e+00
 227.726875     30.000  34.775091     8.3919    3.90420     29.748    33.0740    25.7038 0.0000e+00
 227.726887     31.000  34.732375     8.2223    4.09619     30.739    33.1881    25.8187 0.0000e+00
 227.726899     32.000  34.660778     8.0793    4.13009     31.731    33.2470    25.8860 0.0000e+00
 227.726916     33.000  34.662096     8.1702    4.01783     32.722    33.1618    25.8058 0.0000e+00
 227.726937     34.000  34.669805     8.0472    4.14102     33.714    33.2861    25.9215 0.0000e+00
 227.726951     35.000  34.562400     7.8058    4.16740     34.705    33.4011    26.0470 0.0000e+00
 227.726965     36.000  34.532893     7.7250    4.12012     35.696    33.4464    26.0942 0.0000e+00
 227.726978     37.000  34.527208     7.7029    4.10313     36.688    33.4610    26.1089 0.0000e+00
 227.726994     38.000  34.531860     7.7128    4.07437     37.680    33.4560    26.1036 0.0000e+00
 227.727008     39.000  34.527232     7.6868    4.05377     38.671    33.4757    26.1227 0.0000e+00
 227.727020     40.000  34.524343     7.6678    4.02248     39.663    33.4902    26.1370 0.0000e+00
 227.727031     41.000  34.525599     7.6566    3.97507     40.654    33.5020    26.1478 0.0000e+00
 227.727043     42.000  34.527421     7.6353    3.91706     41.645    33.5240    26.1681 0.0000e+00
 227.727053     43.000  34.528675     7.5920    3.78571     42.637    33.5667    26.2079 0.0000e+00
 227.727064     44.000  34.537994     7.5320    3.64303     43.628    33.6342    26.2695 0.0000e+00
 227.727075     45.000  34.550397     7.4872    3.55918     44.619    33.6906    26.3202 0.0000e+00
 227.727086     46.000  34.556393     7.4670    3.50750     45.611    33.7163    26.3433 0.0000e+00
 227.727099     47.000  34.560253     7.4384    3.45900     46.602    33.7479    26.3722 0.0000e+00
 227.727110     48.000  34.562395     7.4115    3.43667     47.594    33.7759    26.3981 0.0000e+00
 227.727123     49.000  34.563296     7.4077    3.43257     48.585    33.7801    26.4019 0.0000e+00
 227.727135     50.000  34.562491     7.4074    3.44319     49.577    33.7790    26.4011 0.0000e+00
 227.727149     51.000  34.561327     7.4072    3.44313     50.568    33.7775    26.4000 0.0000e+00
 227.727166     52.000  34.560854     7.4078    3.45963     51.559    33.7759    26.3986 0.0000e+00
