data/oxygen options/ONMS/Olympic_Coast_National_Marine_Sanctuary_Hypoxia_Survey_CTD_Data_2004_2015/raw_data/2005/CTD_TH60_081505faed.cnv
* Sea-Bird SBE19 Data File:
* FileName = C:\Hypoxia Data\TH60_081505.hex
* Software Version 1.1.6
* Temperature SN = 2997
* Conductivity SN = 2997
* System UpLoad Time = Aug 15 2005 18:27:42
* SEACAT PROFILER V3.1c SN 2997   08/15/05  18:26:42.323
* strain gauge pressure sensor: S/N = 184829,  range = 3000 psia,  tc = 40
# nquan = 9                                 
# nvalues = 953                         
# units = specified
# name 0 = timeJ: Julian Days
# name 1 = prSM: Pressure, Strain Gauge [db]
# name 2 = c0mS/cm: Conductivity [mS/cm]
# name 3 = t090C: Temperature [ITS-90, deg C]
# name 4 = oxML/L: Oxygen, Beckman/YSI [ml/l]
# name 5 = depSM: Depth [salt water, m], lat = 47.5
# name 6 = sal00: Salinity, Practical [PSU]
# name 7 = sigma-é00: Density [sigma-theta, kg/m^3]
# name 8 = flag: flag
# span 0 = 227.706435, 227.711944       
# span 1 =     -2.193,     59.213       
# span 2 =   0.403190,  37.284393       
# span 3 =     7.4040,    13.5877       
# span 4 =   -0.10221,   28.33912       
# span 5 =     -2.175,     58.710       
# span 6 =     0.2508,    33.8000       
# span 7 =    -0.5025,    26.4182       
# span 8 = 0.0000e+00, 0.0000e+00       
# interval = seconds: 0.5
# start_time = Aug 15 2005 16:57:16 [Instrument's time stamp, header]
# bad_flag = -9.990e-29
*END*
 227.706435     -2.193 -9.990e-29    13.5867   -0.10125     -2.175 -9.990e-29 -9.990e-29 -9.990e-29
 227.706441     -2.170   0.403190    13.5877   -0.10130     -2.152     0.2508    -0.5025 -9.990e-29
 227.706447     -2.137   0.435464    13.5871   -0.10145     -2.119     0.2715    -0.4863 -9.990e-29
 227.706453     -2.086   0.536537    13.5830   -0.10160     -2.069     0.3367    -0.4350 -9.990e-29
 227.706458     -2.014   0.847272    13.5690   -0.10176     -1.997     0.5410    -0.2744 -9.990e-29
 227.706464     -1.914   1.774272    13.5254   -0.10192     -1.898     1.1736     0.2222 -9.990e-29
 227.706470     -1.778   4.517047    13.4112   -0.10202     -1.763     3.1642     1.7774 -9.990e-29
 227.706476     -1.611  12.681615    13.2342   -0.10207     -1.598     9.6241     6.7804 -9.990e-29
 227.706481     -1.418  24.783552    13.0690   -0.10210     -1.406    20.0431    14.8268 -9.990e-29
 227.706487     -1.206  32.301303    12.9378   -0.10212     -1.196    26.9231    20.1568 -9.990e-29
 227.706493     -0.985  34.454695    12.8252   -0.10213     -0.977    29.0031    21.7852 -9.990e-29
 227.706499     -0.777  35.792416    12.7388   -0.10215     -0.771    30.3242    22.8233 -9.990e-29
 227.706505     -0.589  36.789094    12.6753   -0.10211     -0.584    31.3164    23.6033 -9.990e-29
 227.706510     -0.413  37.145529    12.6193   -0.10216     -0.410    31.7010    23.9118 -9.990e-29
 227.706516     -0.243  37.221473    12.5663   -0.10219     -0.241    31.8178    24.0124 -9.990e-29
 227.706522     -0.076  37.210758    12.5231   -0.10220     -0.075    31.8441    24.0410 -9.990e-29
 227.706528      0.093  37.192232    12.4944   -0.10221      0.092    31.8507    24.0516 -9.990e-29
 227.706534      0.268  37.184411    12.4776   -0.10219      0.266    31.8574    24.0600 -9.990e-29
 227.706539      0.438  37.183635    12.4680   -0.10211      0.434    31.8647    24.0675 0.0000e+00
 227.706545      0.597  37.183863    12.4611   -0.10209      0.592    31.8708    24.0734 0.0000e+00
 227.706551      0.751  37.183199    12.4541   -0.10212      0.745    31.8760    24.0788 0.0000e+00
 227.706557      0.905  37.185288    12.4459   -0.10216      0.897    31.8849    24.0873 0.0000e+00
 227.706562      1.051  37.201932    12.4381   -0.10218      1.042    31.9073    24.1061 0.0000e+00
 227.706568      1.178  37.225644    12.4332   -0.10216      1.168    31.9341    24.1278 -9.990e-29
 227.706574      1.282  37.227513    12.4316   -0.10212      1.271    31.9372    24.1305 -9.990e-29
 227.706580      1.363  37.211756    12.4328   -0.10210      1.352    31.9211    24.1178 -9.990e-29
 227.706586      1.433  37.200029    12.4362   -0.10208      1.421    31.9070    24.1062 -9.990e-29
 227.706591      1.495  37.201980    12.4402   -0.10205      1.483    31.9054    24.1043 -9.990e-29
 227.706597      1.544  37.225862    12.4431   -0.10204      1.531    31.9257    24.1194 -9.990e-29
 227.706603      1.580  37.260943    12.4441   -0.10205      1.567    31.9583    24.1445 -9.990e-29
 227.706609      1.605  37.275529    12.4436   -0.10207      1.592    31.9727    24.1557 -9.990e-29
 227.706615      1.620  37.258269    12.4446   -0.10207      1.606    31.9553    24.1421 -9.990e-29
 227.706620      1.631  37.228817    12.4506   -0.10207      1.617    31.9221    24.1152 -9.990e-29
 227.706626      1.647  37.209079    12.4611   -0.10207      1.633    31.8944    24.0918 -9.990e-29
 227.706632      1.673  37.204190    12.4723   -0.10207      1.659    31.8802    24.0786 -9.990e-29
 227.706638      1.706  37.204874    12.4809   -0.10207      1.692    31.8735    24.0719 -9.990e-29
 227.706644      1.740  37.205360    12.4865   -0.10204      1.725    31.8692    24.0675 -9.990e-29
 227.706649      1.774  37.211389    12.4897   -0.10201      1.759    31.8723    24.0692 -9.990e-29
 227.706655      1.808  37.222075    12.4912   -0.10200      1.793    31.8812    24.0758 -9.990e-29
 227.706661      1.842  37.226475    12.4920   -0.10202      1.827    31.8847    24.0784 -9.990e-29
 227.706667      1.868  37.220969    12.4927   -0.10202      1.852    31.8788    24.0737 -9.990e-29
 227.706672      1.884  37.209476    12.4930   -0.10201      1.868    31.8676    24.0650 -9.990e-29
 227.706678      1.896  37.199149    12.4927   -0.10200      1.880    31.8580    24.0576 -9.990e-29
 227.706684      1.907  37.195333    12.4932   -0.10201      1.891    31.8539    24.0543 -9.990e-29
 227.706690      1.920  37.195789    12.4953   -0.10202      1.904    31.8526    24.0529 -9.990e-29
 227.706696      1.939  37.196683    12.4983   -0.10202      1.923    31.8509    24.0510 -9.990e-29
 227.706701      1.966  37.203741    12.5006   -0.10199      1.950    31.8557    24.0543 -9.990e-29
 227.706707      1.992  37.223615    12.5020   -0.10198      1.975    31.8734    24.0677 -9.990e-29
 227.706713      2.017  37.245275    12.5028   -0.10189      2.000    31.8933    24.0830 -9.990e-29
 227.706719      2.041  37.253904    12.5030   -0.10189      2.024    31.9014    24.0892 -9.990e-29
 227.706725      2.066  37.252079    12.5029   -0.10202      2.049    31.8997    24.0880 -9.990e-29
 227.706730      2.090  37.253117    12.5029   -0.10209      2.073    31.9007    24.0887 -9.990e-29
 227.706736      2.109  37.261251    12.5032   -0.10207      2.091    31.9082    24.0945 -9.990e-29
 227.706742      2.129  37.265498    12.5037   -0.10205      2.111    31.9118    24.0972 -9.990e-29
 227.706748      2.156  37.259229    12.5050   -0.10200      2.138    31.9047    24.0914 -9.990e-29
 227.706753      2.187  37.253199    12.5095   -0.10195      2.169    31.8951    24.0832 -9.990e-29
 227.706759      2.215  37.261285    12.5210   -0.10202      2.197    31.8931    24.0794 -9.990e-29
 227.706765      2.235  37.278050    12.5345   -0.10209      2.216    31.8976    24.0803 -9.990e-29
 227.706771      2.237  37.284393    12.5340   -0.10209      2.218    31.9040    24.0854 -9.990e-29
 227.706777      2.228  37.273675    12.5172   -0.10207      2.209    31.9081    24.0917 -9.990e-29
 227.706782      2.227  37.249603    12.4996   -0.10198      2.208    31.9001    24.0889 -9.990e-29
 227.706788      2.247  37.223312    12.4916   -0.10193      2.228    31.8818    24.0762 -9.990e-29
 227.706794      2.282  37.217551    12.4944   -0.10205      2.263    31.8739    24.0696 -9.990e-29
 227.706800      2.316  37.237016    12.5045   -0.10213      2.297    31.8839    24.0754 -9.990e-29
 227.706806      2.338  37.257792    12.5100   -0.10212      2.318    31.8990    24.0861 -9.990e-29
 227.706811      2.351  37.262763    12.5020   -0.10212      2.331    31.9105    24.0965 -9.990e-29
 227.706817      2.363  37.254679    12.4878   -0.10204      2.343    31.9149    24.1026 -9.990e-29
 227.706823      2.375  37.245240    12.4800   -0.10201      2.355    31.9125    24.1022 -9.990e-29
 227.706829      2.380  37.247704    12.4863   -0.10209      2.360    31.9095    24.0987 -9.990e-29
 227.706834      2.377  37.261471    12.5025   -0.10215      2.357    31.9089    24.0951 -9.990e-29
 227.706840      2.371  37.271292    12.5098   -0.10214      2.351    31.9120    24.0962 -9.990e-29
 227.706846      2.365  37.266754    12.4986   -0.10210      2.345    31.9172    24.1024 -9.990e-29
 227.706852      2.373  37.246907    12.4812   -0.10202      2.353    31.9131    24.1024 -9.990e-29
 227.706858      2.402  37.220665    12.4709   -0.10204      2.382    31.8968    24.0918 -9.990e-29
 227.706863      2.447  37.210845    12.4731   -0.10211      2.427    31.8856    24.0827 -9.990e-29
 227.706869      2.489  37.225705    12.4847   -0.10215      2.468    31.8899    24.0838 -9.990e-29
 227.706875      2.518  37.241358    12.4904   -0.10216      2.497    31.8999    24.0905 -9.990e-29
 227.706881      2.540  37.240023    12.4817   -0.10215      2.519    31.9060    24.0969 -9.990e-29
 227.706887      2.565  37.227263    12.4685   -0.10214      2.544    31.9051    24.0987 -9.990e-29
 227.706892      2.594  37.217515    12.4643   -0.10215      2.572    31.8993    24.0950 -9.990e-29
 227.706898      2.617  37.223622    12.4735   16.16962      2.595    31.8973    24.0917 -9.990e-29
 227.706904      2.626  37.238627    12.4862   26.82889      2.604    31.9008    24.0920 -9.990e-29
 227.706910      2.626  37.243884    12.4872   28.33912      2.604    31.9050    24.0951 -9.990e-29
 227.706916      2.630  37.235798    12.4757   24.79352      2.608    31.9071    24.0988 -9.990e-29
 227.706921      2.647  37.222704    12.4622   16.03770      2.625    31.9060    24.1006 -9.990e-29
 227.706927      2.674  37.212985    12.4537   12.87254      2.652    31.9040    24.1006 -9.990e-29
 227.706933      2.704  37.213914    12.4508   12.88201      2.681    31.9073    24.1038 -9.990e-29
 227.706939      2.730  37.222847    12.4504   12.87133      2.707    31.9162    24.1107 -9.990e-29
 227.706944      2.749  37.225939    12.4482   12.87757      2.726    31.9210    24.1148 -9.990e-29
 227.706950      2.763  37.214460    12.4433   12.88344      2.740    31.9142    24.1105 -9.990e-29
 227.706956      2.773  37.182685    12.4390   12.89219      2.750    31.8875    24.0907 -9.990e-29
 227.706962      2.779  37.139324    12.4376   12.89427      2.756    31.8473    24.0598 -9.990e-29
 227.706968      2.782  37.110724    12.4382   12.89734      2.759    31.8196    24.0381 -9.990e-29
 227.706973      2.782  37.100855    12.4390    9.56828      2.759    31.8095    24.0302 -9.990e-29
 227.706979      2.779  37.097726    12.4391    5.78671      2.756    31.8064    24.0278 -9.990e-29
 227.706985      2.777  37.096648    12.4382    3.86896      2.754    31.8061    24.0277 -9.990e-29
 227.706991      2.784  37.095669    12.4364    3.56086      2.761    31.8067    24.0285 -9.990e-29
 227.706997      2.801  37.094651    12.4345    5.09359      2.778    31.8074    24.0294 -9.990e-29
 227.707002      2.820  37.093967    12.4322    6.32477      2.796    31.8086    24.0308 -9.990e-29
 227.707008      2.839  37.093309    12.4299    6.77213      2.815    31.8100    24.0323 -9.990e-29
 227.707014      2.853  37.092405    12.4301    7.00475      2.829    31.8089    24.0314 -9.990e-29
 227.707020      2.861  37.092336    12.4331    7.11552      2.837    31.8063    24.0288 -9.990e-29
 227.707025      2.866  37.093616    12.4360    7.19025      2.842    31.8051    24.0273 -9.990e-29
 227.707031      2.874  37.094634    12.4371    7.24710      2.850    31.8051    24.0272 -9.990e-29
 227.707037      2.884  37.094548    12.4356    7.26834      2.860    31.8063    24.0284 -9.990e-29
 227.707043      2.898  37.093290    12.4326    7.26948      2.874    31.8076    24.0300 -9.990e-29
 227.707049      2.916  37.091472    12.4303    7.25269      2.892    31.8078    24.0306 -9.990e-29
 227.707054      2.939  37.090639    12.4275    7.25987      2.914    31.8094    24.0323 -9.990e-29
 227.707060      2.965  37.089728    12.4218    7.27310      2.940    31.8133    24.0364 -9.990e-29
 227.707066      2.983  37.086447    12.4163    7.28126      2.958    31.8149    24.0387 -9.990e-29
 227.707072      2.980  37.082634    12.4161    7.27808      2.955    31.8114    24.0360 -9.990e-29
 227.707078      2.957  37.082220    12.4213    7.26419      2.932    31.8066    24.0313 -9.990e-29
 227.707083      2.925  37.085258    12.4273    7.24929      2.901    31.8044    24.0285 -9.990e-29
 227.707089      2.907  37.088555    12.4297    7.23654      2.883    31.8056    24.0289 -9.990e-29
 227.707095      2.920  37.089826    12.4278    7.24094      2.896    31.8084    24.0314 -9.990e-29
 227.707101      2.947  37.089132    12.4248    7.24496      2.922    31.8102    24.0335 -9.990e-29
 227.707106      2.964  37.087835    12.4238    7.24651      2.939    31.8098    24.0333 -9.990e-29
 227.707112      2.968  37.087612    12.4251    7.22798      2.943    31.8085    24.0321 -9.990e-29
 227.707118      2.973  37.088770    12.4269    7.21768      2.948    31.8081    24.0314 -9.990e-29
 227.707124      2.986  37.089537    12.4268    7.20992      2.961    31.8089    24.0321 -9.990e-29
 227.707130      3.010  37.088738    12.4243    7.21573      2.985    31.8103    24.0336 -9.990e-29
 227.707135      3.040  37.087035    12.4214    7.20666      3.015    31.8111    24.0348 -9.990e-29
 227.707141      3.071  37.085567    12.4196    7.19781      3.045    31.8112    24.0352 -9.990e-29
 227.707147      3.101  37.084666    12.4184    7.19245      3.075    31.8113    24.0355 -9.990e-29
 227.707153      3.130  37.083733    12.4170    7.18643      3.104    31.8116    24.0360 -9.990e-29
 227.707159      3.157  37.082310    12.4148    7.19685      3.131    31.8121    24.0368 -9.990e-29
 227.707164      3.176  37.080765    12.4126    7.19842      3.149    31.8125    24.0375 -9.990e-29
 227.707170      3.181  37.080044    12.4140    7.19892      3.154    31.8106    24.0358 -9.990e-29
 227.707176      3.175  37.081434    12.4198    7.19112      3.148    31.8070    24.0319 -9.990e-29
 227.707182      3.162  37.084732    12.4257    7.18410      3.136    31.8052    24.0294 -9.990e-29
 227.707188      3.152  37.087605    12.4289    7.18237      3.126    31.8052    24.0288 -9.990e-29
 227.707193      3.158  37.088836    12.4295    7.18045      3.132    31.8059    24.0292 -9.990e-29
 227.707199      3.180  37.088944    12.4286    7.18068      3.153    31.8068    24.0300 -9.990e-29
 227.707205      3.212  37.088631    12.4275    7.16805      3.185    31.8074    24.0307 -9.990e-29
 227.707211      3.247  37.088600    12.4272    7.16651      3.220    31.8076    24.0310 -9.990e-29
 227.707216      3.278  37.088806    12.4278    7.17471      3.251    31.8073    24.0306 -9.990e-29
 227.707222      3.304  37.088957    12.4286    7.17781      3.276    31.8067    24.0300 -9.990e-29
 227.707228      3.326  37.089251    12.4292    7.16701      3.298    31.8065    24.0297 -9.990e-29
 227.707234      3.345  37.089519    12.4296    7.14629      3.317    31.8064    24.0296 -9.990e-29
 227.707240      3.362  37.089555    12.4296    7.13701      3.334    31.8064    24.0296 -9.990e-29
 227.707245      3.379  37.089404    12.4287    7.14667      3.351    31.8070    24.0302 -9.990e-29
 227.707251      3.397  37.088862    12.4258    7.16284      3.369    31.8090    24.0323 -9.990e-29
 227.707257      3.413  37.087203    12.4227    7.15734      3.384    31.8100    24.0337 -9.990e-29
 227.707263      3.418  37.085576    12.4238    7.14314      3.389    31.8075    24.0315 -9.990e-29
 227.707269      3.414  37.086295    12.4276    7.13164      3.385    31.8050    24.0289 -9.990e-29
 227.707274      3.409  37.088071    12.4297    7.12562      3.381    31.8049    24.0284 -9.990e-29
 227.707280      3.406  37.088784    12.4287    7.13492      3.378    31.8064    24.0298 -9.990e-29
 227.707286      3.410  37.088262    12.4251    7.13644      3.382    31.8090    24.0324 -9.990e-29
 227.707292      3.421  37.086370    12.4217    7.14011      3.392    31.8100    24.0339 -9.990e-29
 227.707297      3.427  37.084507    12.4216    7.13278      3.398    31.8084    24.0326 -9.990e-29
 227.707303      3.424  37.084671    12.4235    7.12561      3.395    31.8069    24.0311 -9.990e-29
 227.707309      3.420  37.085955    12.4245    7.12424      3.391    31.8073    24.0312 -9.990e-29
 227.707315      3.420  37.086703    12.4242    7.12127      3.391    31.8082    24.0320 -9.990e-29
 227.707321      3.427  37.086791    12.4235    7.12070      3.398    31.8089    24.0327 -9.990e-29
 227.707326      3.446  37.086894    12.4229    7.11192      3.417    31.8095    24.0333 -9.990e-29
 227.707332      3.474  37.087147    12.4213    7.11035      3.445    31.8111    24.0348 -9.990e-29
 227.707338      3.505  37.086761    12.4182    7.11995      3.476    31.8134    24.0371 -9.990e-29
 227.707344      3.536  37.085220    12.4156    7.12029      3.506    31.8141    24.0382 -9.990e-29
 227.707350      3.570  37.083270    12.4151    7.12392      3.540    31.8126    24.0372 -9.990e-29
 227.707355      3.599  37.082233    12.4165    7.10768      3.569    31.8104    24.0352 -9.990e-29
