data/oxygen options/ONMS/Olympic_Coast_National_Marine_Sanctuary_Hypoxia_Survey_CTD_Data_2004_2015/raw_data/2005/CTD_TH50_062205faed.cnv
* Sea-Bird SBE19 Data File:
* FileName = C:\hypoxia CTD data\TH50_062205.hex
* Software Version 1.1.5
* Temperature SN = 2997
* Conductivity SN = 2997
* System UpLoad Time = Jun 22 2005 12:34:47
* SEACAT PROFILER V3.1c SN 2997   06/22/05  12:34:27.116
* strain gauge pressure sensor: S/N = 184829,  range = 3000 psia,  tc = 40
# nquan = 9                                 
# nvalues = 745                         
# units = specified
# name 0 = timeJ: Julian Days
# name 1 = prSM: Pressure, Strain Gauge [db]
# name 2 = c0mS/cm: Conductivity [mS/cm]
# name 3 = t090C: Temperature [ITS-90, deg C]
# name 4 = oxML/L: Oxygen, Beckman/YSI [ml/l]
# name 5 = depSM: Depth [salt water, m], lat = 47.5
# name 6 = sal00: Salinity, Practical [PSU]
# name 7 = sigma-é00: Density [sigma-theta, kg/m^3]
# name 8 = flag: flag
# span 0 = 173.437164, 173.441470       
# span 1 =     -3.499,     51.001       
# span 2 =   0.508830,  38.205642       
# span 3 =     8.3567,    15.2974       
# span 4 =  -14.11131,   24.70212       
# span 5 =     -3.470,     50.569       
# span 6 =     0.3148,    33.3091       
# span 7 =    -0.5211,    25.8921       
# span 8 = 0.0000e+00, 0.0000e+00       
# interval = seconds: 0.5
# start_time = Jun 22 2005 10:29:31 [Instrument's time stamp, header]
# bad_flag = -9.990e-29
*END*
[from data line 481]
 173.439948      2.387  38.198936    15.2873    6.54888      2.367    30.5099    22.4520 -9.990e-29
 173.439954      2.400  38.199055    15.2875    6.54388      2.380    30.5098    22.4520 -9.990e-29
 173.439959      2.420  38.199064    15.2880    6.54772      2.400    30.5094    22.4516 -9.990e-29
 173.439965      2.443  38.198977    15.2886    6.54575      2.423    30.5089    22.4510 -9.990e-29
 173.439971      2.463  38.199051    15.2887    6.54417      2.442    30.5088    22.4510 -9.990e-29
 173.439977      2.477  38.199380    15.2882    6.54000      2.456    30.5095    22.4516 -9.990e-29
 173.439983      2.486  38.199638    15.2877    6.54245      2.465    30.5101    22.4522 -9.990e-29
 173.439988      2.489  38.199585    15.2876    6.53591      2.468    30.5102    22.4522 -9.990e-29
 173.439994      2.488  38.199499    15.2879    6.52987      2.467    30.5099    22.4519 -9.990e-29
 173.440000      2.487  38.199801    15.2886    6.52019      2.466    30.5096    22.4516 -9.990e-29
 173.440006      2.490  38.200312    15.2891    6.52649      2.469    30.5096    22.4515 -9.990e-29
 173.440012      2.492  38.200566    15.2889    6.53574      2.471    30.5100    22.4518 -9.990e-29
 173.440017      2.489  38.200317    15.2884    6.54490      2.468    30.5102    22.4521 -9.990e-29
 173.440023      2.482  38.199772    15.2883    6.54316      2.461    30.5098    22.4518 -9.990e-29
 173.440029      2.470  38.199302    15.2887    6.54261      2.449    30.5091    22.4511 -9.990e-29
 173.440035      2.457  38.199379    15.2893    6.53782      2.436    30.5087    22.4507 -9.990e-29
 173.440041      2.449  38.200083    15.2897    6.53544      2.429    30.5090    22.4509 -9.990e-29
 173.440046      2.451  38.200645    15.2898    6.53654      2.431    30.5094    22.4512 -9.990e-29
 173.440052      2.464  38.200672    15.2898    6.53994      2.443    30.5094    22.4512 -9.990e-29
 173.440058      2.482  38.200736    15.2897    6.55312      2.461    30.5096    22.4513 -9.990e-29
 173.440064      2.500  38.200898    15.2895    6.55007      2.479    30.5098    22.4516 -9.990e-29
 173.440069      2.515  38.200790    15.2895    6.54159      2.494    30.5097    22.4515 -9.990e-29
 173.440075      2.526  38.200805    15.2894    6.53794      2.505    30.5098    22.4516 -9.990e-29
 173.440081      2.539  38.200939    15.2895    6.55486      2.518    30.5099    22.4516 -9.990e-29
 173.440087      2.563  38.200787    15.2900    6.54873      2.542    30.5093    22.4511 -9.990e-29
 173.440093      2.600  38.200685    15.2905    6.54632      2.578    30.5088    22.4506 -9.990e-29
 173.440098      2.643  38.201033    15.2910    6.54427      2.621    30.5088    22.4504 -9.990e-29
 173.440104      2.692  38.201712    15.2915    6.54437      2.670    30.5089    22.4505 -9.990e-29
 173.440110      2.754  38.202480    15.2921    6.55430      2.731    30.5091    22.4505 -9.990e-29
 173.440116      2.840  38.203216    15.2927    6.54348      2.816    30.5093    22.4505 -9.990e-29
 173.440122      2.961  38.203757    15.2928    6.52256      2.936    30.5097    22.4507 -9.990e-29
 173.440127      3.125  38.203681    15.2922    6.52544      3.099    30.5100    22.4511 0.0000e+00
 173.440133      3.336  38.202863    15.2910    6.52764      3.308    30.5101    22.4515 0.0000e+00
 173.440139      3.597  38.201872    15.2896    6.53945      3.567    30.5102    22.4519 0.0000e+00
 173.440145      3.903  38.201042    15.2885    6.54159      3.870    30.5103    22.4521 0.0000e+00
 173.440150      4.246  38.200365    15.2874    6.59351      4.211    30.5104    22.4525 0.0000e+00
 173.440156      4.625  38.199473    15.2862    6.66447      4.586    30.5104    22.4528 0.0000e+00
 173.440162      5.031  38.198273    15.2849    6.72714      4.989    30.5102    22.4529 0.0000e+00
 173.440168      5.458  38.197381    15.2832    6.75447      5.412    30.5106    22.4536 0.0000e+00
 173.440174      5.899  38.196704    15.2799    6.73782      5.850    30.5124    22.4557 0.0000e+00
 173.440179      6.346  38.195313    15.2725    6.56706      6.293    30.5167    22.4606 0.0000e+00
 173.440185      6.800  38.191888    15.2562    6.40871      6.743    30.5262    22.4714 0.0000e+00
 173.440191      7.262  38.184640    15.2151    6.23466      7.201    30.5515    22.4997 0.0000e+00
 173.440197      7.737  38.168366    15.1011    6.15540      7.672    30.6258    22.5812 0.0000e+00
 173.440203      8.230  38.124146    14.8576    6.20085      8.161    30.7773    22.7493 0.0000e+00
 173.440208      8.737  38.017108    14.5008    6.25739      8.664    30.9637    22.9675 0.0000e+00
 173.440214      9.253  37.842464    14.1002    6.35152      9.176    31.1260    23.1752 0.0000e+00
 173.440220      9.775  37.644333    13.6604    6.37505      9.693    31.3008    23.3990 0.0000e+00
 173.440226     10.300  37.413056    13.2038    6.32174     10.214    31.4611    23.6133 0.0000e+00
 173.440231     10.821  37.149162    12.8431    6.25386     10.730    31.5125    23.7233 0.0000e+00
 173.440237     11.337  36.945939    12.6096    6.15412     11.242    31.5151    23.7700 0.0000e+00
 173.440243     11.848  36.822783    12.4580    6.04036     11.749    31.5249    23.8063 0.0000e+00
 173.440249     12.352  36.740443    12.3498    5.94673     12.249    31.5371    23.8361 0.0000e+00
 173.440255     12.855  36.675424    12.2534    5.87576     12.747    31.5559    23.8688 0.0000e+00
 173.440260     13.368  36.608278    12.1776    5.82855     13.256    31.5553    23.8825 0.0000e+00
 173.440266     13.885  36.557094    12.1323    5.77745     13.769    31.5442    23.8823 0.0000e+00
 173.440272     14.400  36.530401    12.1054    5.73359     14.279    31.5411    23.8849 0.0000e+00
 173.440278     14.920  36.513877    12.0890    5.69779     14.795    31.5389    23.8862 0.0000e+00
 173.440284     15.445  36.502843    12.0779    5.66633     15.316    31.5374    23.8872 0.0000e+00
 173.440289     15.970  36.494895    12.0661    5.64101     15.836    31.5396    23.8910 0.0000e+00
 173.440295     16.493  36.486696    12.0475    5.58134     16.355    31.5472    23.9004 0.0000e+00
 173.440301     17.009  36.474578    12.0186    5.56036     16.866    31.5598    23.9155 0.0000e+00
 173.440307     17.513  36.455812    11.9798    5.54365     17.366    31.5743    23.9339 0.0000e+00
 173.440313     18.012  36.430582    11.9281    5.51398     17.861    31.5936    23.9584 0.0000e+00
 173.440318     18.515  36.398859    11.8572    5.52395     18.360    31.6230    23.9942 0.0000e+00
 173.440324     19.025  36.359247    11.7666    5.53884     18.865    31.6615    24.0407 0.0000e+00
 173.440330     19.540  36.309362    11.6767    5.57122     19.376    31.6896    24.0789 0.0000e+00
 173.440336     20.054  36.258907    11.6147    5.60270     19.886    31.6934    24.0930 0.0000e+00
 173.440341     20.557  36.225789    11.5828    5.62173     20.384    31.6883    24.0948 0.0000e+00
 173.440347     21.047  36.210104    11.5675    5.63333     20.870    31.6859    24.0958 0.0000e+00
 173.440353     21.530  36.200993    11.5526    5.63977     21.349    31.6896    24.1013 0.0000e+00
 173.440359     22.019  36.187965    11.5170    5.59204     21.834    31.7072    24.1214 0.0000e+00
 173.440365     22.533  36.162596    11.4520    5.47516     22.344    31.7380    24.1570 0.0000e+00
 173.440370     23.070  36.128601    11.3652    5.27960     22.876    31.7791    24.2045 0.0000e+00
 173.440376     23.618  36.092208    11.2611    5.01023     23.420    31.8330    24.2649 0.0000e+00
 173.440382     24.167  36.051391    11.1386    4.70644     23.964    31.8987    24.3376 0.0000e+00
 173.440388     24.716  36.002709    10.9939    4.41852     24.508    31.9762    24.4233 0.0000e+00
 173.440394     25.264  35.945686    10.8237    4.16293     25.052    32.0682    24.5246 0.0000e+00
 173.440399     25.812  35.879939    10.6302    3.98077     25.595    32.1726    24.6393 0.0000e+00
 173.440405     26.361  35.801855    10.4271    3.86089     26.139    32.2739    24.7529 0.0000e+00
 173.440411     26.908  35.715473    10.2384    3.78465     26.682    32.3548    24.8478 0.0000e+00
 173.440417     27.449  35.634509    10.0827    3.74746     27.218    32.4120    24.9185 0.0000e+00
 173.440422     27.983  35.567563     9.9670    3.72554     27.748    32.4478    24.9656 0.0000e+00
 173.440428     28.512  35.516700     9.8845    3.69615     28.272    32.4702    24.9967 0.0000e+00
 173.440434     29.034  35.477403     9.8244    3.66751     28.790    32.4841    25.0175 0.0000e+00
 173.440440     29.549  35.447132     9.7832    3.64087     29.300    32.4903    25.0290 0.0000e+00
 173.440446     30.054  35.430337     9.7518    3.62417     29.801    32.5013    25.0427 0.0000e+00
 173.440451     30.553  35.423092     9.7186    3.60580     30.296    32.5237    25.0656 0.0000e+00
 173.440457     31.046  35.414587     9.6839    3.61560     30.785    32.5462    25.0889 0.0000e+00
 173.440463     31.532  35.401303     9.6511    3.65489     31.266    32.5621    25.1066 0.0000e+00
 173.440469     32.016  35.385679     9.6114    3.67860     31.746    32.5819    25.1285 0.0000e+00
 173.440475     32.506  35.364795     9.5613    3.68799     32.232    32.6058    25.1553 0.0000e+00
 173.440480     33.004  35.338245     9.5169    3.65353     32.726    32.6187    25.1726 0.0000e+00
 173.440486     33.504  35.317131     9.4896    3.60518     33.222    32.6217    25.1793 0.0000e+00
 173.440492     33.994  35.306904     9.4710    3.59423     33.708    32.6279    25.1872 0.0000e+00
 173.440498     34.476  35.299499     9.4406    3.61052     34.185    32.6478    25.2076 0.0000e+00
 173.440503     34.968  35.282215     9.3737    3.63919     34.673    32.6908    25.2520 0.0000e+00
 173.440509     35.479  35.241512     9.2559    3.67107     35.180    32.7565    25.3220 0.0000e+00
 173.440515     36.004  35.177471     9.1154    3.66888     35.700    32.8192    25.3932 0.0000e+00
 173.440521     36.538  35.116230     9.0037    3.63677     36.230    32.8584    25.4415 0.0000e+00
 173.440527     37.075  35.080359     8.9317    3.57923     36.762    32.8874    25.4754 0.0000e+00
 173.440532     37.612  35.065702     8.8772    3.48954     37.295    32.9224    25.5113 0.0000e+00
 173.440538     38.154  35.059963     8.8273    3.39637     37.832    32.9625    25.5504 0.0000e+00
 173.440544     38.699  35.056019     8.7804    3.30659     38.372    33.0018    25.5884 0.0000e+00
 173.440550     39.237  35.050261     8.7376    3.24952     38.906    33.0354    25.6213 0.0000e+00
 173.440556     39.754  35.043387     8.7113    3.20751     39.418    33.0525    25.6388 0.0000e+00
 173.440561     40.249  35.040775     8.7140    3.15912     39.909    33.0471    25.6341 0.0000e+00
 173.440567     40.732  35.044518     8.7122    3.07406     40.388    33.0524    25.6386 0.0000e+00
 173.440573     41.217  35.046684     8.6590    2.98052     40.869    33.1042    25.6873 0.0000e+00
 173.440579     41.714  35.038370     8.5769    2.89366     41.362    33.1723    25.7531 0.0000e+00
 173.440584     42.223  35.024170     8.5152    2.83311     41.866    33.2151    25.7961 0.0000e+00
 173.440590     42.748  35.014266     8.4800    2.79521     42.387    33.2376    25.8191 0.0000e+00
 173.440596     43.287  35.009426     8.4564    2.77262     42.921    33.2545    25.8359 0.0000e+00
 173.440602     43.828  35.006525     8.4366    2.75801     43.458    33.2699    25.8509 0.0000e+00
 173.440608     44.363  35.004468     8.4202    2.75869     43.988    33.2829    25.8637 0.0000e+00
 173.440613     44.892  35.002168     8.4067    2.76260     44.512    33.2930    25.8736 0.0000e+00
 173.440619     45.409  34.998773     8.3951    2.75744     45.025    33.3002    25.8810 0.0000e+00
 173.440625     45.905  34.994777     8.3849    2.75118     45.517    33.3053    25.8866 0.0000e+00
 173.440631     46.382  34.989868     8.3755    2.74903     45.990    33.3088    25.8907 0.0000e+00
 173.440637     46.848  34.983644     8.3680    2.75943     46.452    33.3091    25.8921 0.0000e+00
 173.440642     47.304  34.978431     8.3631    2.76516     46.904    33.3080    25.8920 0.0000e+00
 173.440648     47.747  34.975102     8.3601    2.75573     47.343    33.3071    25.8918 0.0000e+00
 173.440654     48.178  34.972556     8.3588    2.76271     47.770    33.3055    25.8907 0.0000e+00
 173.440660     48.593  34.970740     8.3584    2.75772     48.182    33.3037    25.8894 0.0000e+00
 173.440666     48.992  34.969640     8.3579    2.76117     48.577    33.3029    25.8888 0.0000e+00
 173.440671     49.372  34.968902     8.3571    2.76293     48.954    33.3027    25.8887 0.0000e+00
 173.440677     49.723  34.968296     8.3567    2.76880     49.302    33.3022    25.8885 0.0000e+00
 173.440683     50.036  34.967595     8.3567    2.76215     49.612    33.3014    25.8878 0.0000e+00
 173.440689     50.311  34.966634     8.3573    2.76089     49.885    33.2996    25.8863 0.0000e+00
 173.440694     50.548  34.965835     8.3586    2.76799     50.120    33.2975    25.8844 0.0000e+00
 173.440700     50.740  34.965837     8.3607    2.77367     50.310    33.2954    25.8825 0.0000e+00
 173.440706     50.878  34.967228     8.3627    2.77208     50.447    33.2949    25.8818 -9.990e-29
 173.440712     50.963  34.969083     8.3634    2.77303     50.531    33.2962    25.8827 -9.990e-29
 173.440718     51.001  34.969415     8.3635    2.76799     50.569    33.2964    25.8829 -9.990e-29
 173.440723     50.992  34.968691     8.3640    2.77032     50.560    33.2952    25.8818 -9.990e-29
 173.440729     50.938  34.968215     8.3646    2.77069     50.507    33.2941    25.8809 -9.990e-29
 173.440735     50.834  34.967376     8.3646    2.77856     50.404    33.2933    25.8803 -9.990e-29
 173.440741     50.674  34.965641     8.3639    2.77022     50.245    33.2922    25.8795 0.0000e+00
 173.440747     50.456  34.963523     8.3626    2.77587     50.029    33.2913    25.8790 0.0000e+00
 173.440752     50.192  34.962149     8.3622    2.77218     49.767    33.2903    25.8783 0.0000e+00
 173.440758     49.900  34.962516     8.3631    2.77044     49.478    33.2900    25.8779 0.0000e+00
 173.440764     49.590  34.964019     8.3640    2.76200     49.170    33.2909    25.8784 0.0000e+00
 173.440770     49.264  34.965325     8.3636    2.77182     48.847    33.2928    25.8800 0.0000e+00
 173.440775     48.915  34.964837     8.3618    2.77090     48.501    33.2941    25.8813 0.0000e+00
 173.440781     48.528  34.962491     8.3600    2.77120     48.117    33.2935    25.8811 0.0000e+00
 173.440787     48.101  34.960230     8.3593    2.78061     47.694    33.2920    25.8800 0.0000e+00
 173.440793     47.650  34.958989     8.3597    2.76888     47.247    33.2905    25.8788 0.0000e+00
 173.440799     47.191  34.958822     8.3613    2.76342     46.792    33.2890    25.8774 0.0000e+00
 173.440804     46.735  34.959535     8.3634    2.77362     46.340    33.2880    25.8763 0.0000e+00
 173.440810     46.286  34.960425     8.3656    2.77598     45.895    33.2871    25.8752 0.0000e+00
 173.440816     45.847  34.961023     8.3682    2.79517     45.459    33.2855    25.8735 0.0000e+00
 173.440822     45.410  34.961595     8.3724    2.81168     45.026    33.2823    25.8704 0.0000e+00
 173.440828     44.964  34.962930     8.3806    2.83589     44.584    33.2762    25.8643 0.0000e+00
 173.440833     44.504  34.965710     8.3936    2.85275     44.128    33.2670    25.8552 0.0000e+00
 173.440839     44.028  34.969187     8.4099    2.86752     43.656    33.2555    25.8437 0.0000e+00
 173.440845     43.547  34.971858     8.4268    2.88553     43.179    33.2426    25.8311 0.0000e+00
 173.440851     43.071  34.973390     8.4410    2.88584     42.707    33.2311    25.8199 0.0000e+00
 173.440856     42.609  34.974174     8.4495    2.89991     42.249    33.2241    25.8131 0.0000e+00
 173.440862     42.161  34.974724     8.4532    2.92112     41.805    33.2214    25.8104 0.0000e+00
