data/oxygen options/ONMS/Olympic_Coast_National_Marine_Sanctuary_Hypoxia_Survey_CTD_Data_2004_2015/raw_data/2005/CTD_TH90_062205faed.cnv
* Sea-Bird SBE19 Data File:
* FileName = C:\hypoxia CTD data\TH90_062205.hex
* Software Version 1.1.5
* Temperature SN = 2997
* Conductivity SN = 2997
* System UpLoad Time = Jun 22 2005 12:48:49
* SEACAT PROFILER V3.1c SN 2997   06/22/05  12:48:28.746
* strain gauge pressure sensor: S/N = 184829,  range = 3000 psia,  tc = 40
# nquan = 9                                 
# nvalues = 964                         
# units = specified
# name 0 = timeJ: Julian Days
# name 1 = prSM: Pressure, Strain Gauge [db]
# name 2 = c0mS/cm: Conductivity [mS/cm]
# name 3 = t090C: Temperature [ITS-90, deg C]
# name 4 = oxML/L: Oxygen, Beckman/YSI [ml/l]
# name 5 = depSM: Depth [salt water, m], lat = 47.5
# name 6 = sal00: Salinity, Practical [PSU]
# name 7 = sigma-é00: Density [sigma-theta, kg/m^3]
# name 8 = flag: flag
# span 0 = 173.487627, 173.493200       
# span 1 =     -4.138,     91.847       
# span 2 =   0.451249,  38.302561       
# span 3 =     7.7972,    15.1149       
# span 4 =  -14.40905,   24.84026       
# span 5 =     -4.104,     91.060       
# span 6 =     0.2715,    33.6755       
# span 7 =    -0.7054,    26.2639       
# span 8 = 0.0000e+00, 0.0000e+00       
# interval = seconds: 0.5
# start_time = Jun 22 2005 11:42:11 [Instrument's time stamp, header]
# bad_flag = -9.990e-29
*END*
[from data line 801]
 173.492263     53.690  35.100446     8.8181    4.10867     53.235    33.0063    25.5863 0.0000e+00
 173.492269     53.280  35.094784     8.8479    4.09821     52.829    32.9729    25.5555 0.0000e+00
 173.492274     52.867  35.089262     8.8824    4.08446     52.419    32.9352    25.5207 0.0000e+00
 173.492280     52.455  35.082684     8.9036    4.09048     52.011    32.9089    25.4968 0.0000e+00
 173.492286     52.039  35.075817     8.9132    4.08482     51.598    32.8931    25.4829 0.0000e+00
 173.492292     51.608  35.070164     8.9233    4.04797     51.171    32.8780    25.4696 0.0000e+00
 173.492297     51.154  35.063794     8.9484    4.01710     50.721    32.8484    25.4425 0.0000e+00
 173.492303     50.672  35.051579     8.9894    3.98729     50.243    32.7980    25.3967 0.0000e+00
 173.492309     50.179  35.032367     9.0255    3.98587     49.754    32.7450    25.3495 0.0000e+00
 173.492315     49.700  35.013623     9.0439    3.98879     49.279    32.7088    25.3184 0.0000e+00
 173.492321     49.241  35.002880     9.0500    3.97217     48.824    32.6923    25.3045 0.0000e+00
 173.492326     48.796  34.999277     9.0525    3.95640     48.383    32.6865    25.2995 0.0000e+00
 173.492332     48.348  34.994648     9.0602    3.93299     47.939    32.6748    25.2892 0.0000e+00
 173.492338     47.888  34.980578     9.0790    3.92648     47.483    32.6432    25.2615 0.0000e+00
 173.492344     47.414  34.955682     9.1039    3.91523     47.013    32.5948    25.2197 0.0000e+00
 173.492350     46.931  34.931053     9.1269    3.92643     46.534    32.5485    25.1799 0.0000e+00
 173.492355     46.447  34.918145     9.1480    3.93186     46.054    32.5161    25.1512 0.0000e+00
 173.492361     45.974  34.915448     9.1660    3.95884     45.585    32.4971    25.1335 0.0000e+00
 173.492367     45.519  34.916567     9.1772    3.97969     45.134    32.4882    25.1248 0.0000e+00
 173.492373     45.080  34.918515     9.1840    4.00038     44.699    32.4843    25.1207 0.0000e+00
 173.492378     44.642  34.919969     9.1906    4.03166     44.265    32.4799    25.1162 0.0000e+00
 173.492384     44.190  34.919502     9.2041    4.04499     43.816    32.4674    25.1043 0.0000e+00
 173.492390     43.720  34.917614     9.2307    4.06853     43.351    32.4414    25.0798 0.0000e+00
 173.492396     43.233  34.915710     9.2620    4.08233     42.868    32.4113    25.0513 0.0000e+00
 173.492402     42.728  34.912375     9.2886    4.08773     42.367    32.3839    25.0257 0.0000e+00
 173.492407     42.210  34.905409     9.3092    4.08059     41.853    32.3583    25.0024 0.0000e+00
 173.492413     41.690  34.895621     9.3247    4.07790     41.338    32.3345    24.9813 0.0000e+00
 173.492419     41.181  34.885101     9.3379    4.08180     40.833    32.3119    24.9616 0.0000e+00
 173.492425     40.698  34.876086     9.3477    4.11195     40.354    32.2940    24.9460 0.0000e+00
 173.492431     40.245  34.871134     9.3504    4.14130     39.905    32.2867    24.9398 0.0000e+00
 173.492436     39.813  34.872053     9.3512    4.16860     39.477    32.2871    24.9400 0.0000e+00
 173.492442     39.393  34.873905     9.3605    4.19965     39.060    32.2808    24.9336 0.0000e+00
 173.492448     38.976  34.873550     9.3943    4.22054     38.647    32.2501    24.9043 0.0000e+00
 173.492454     38.555  34.880045     9.4619    4.25862     38.230    32.1962    24.8513 0.0000e+00
 173.492459     38.129  34.898126     9.5350    4.29190     37.807    32.1493    24.8030 0.0000e+00
 173.492465     37.694  34.918828     9.5815    4.31507     37.376    32.1290    24.7797 0.0000e+00
 173.492471     37.239  34.930529     9.6064    4.31631     36.925    32.1189    24.7678 0.0000e+00
 173.492477     36.759  34.932024     9.6267    4.31848     36.449    32.1025    24.7517 0.0000e+00
 173.492483     36.272  34.929238     9.6494    4.32576     35.966    32.0796    24.7302 0.0000e+00
 173.492488     35.801  34.928551     9.6671    4.34517     35.499    32.0633    24.7146 0.0000e+00
 173.492494     35.361  34.930731     9.6719    4.36479     35.063    32.0614    24.7123 0.0000e+00
 173.492500     34.944  34.931403     9.6790    4.38175     34.649    32.0559    24.7069 0.0000e+00
 173.492506     34.527  34.932028     9.7049    4.41308     34.236    32.0337    24.6853 0.0000e+00
 173.492512     34.094  34.936801     9.7427    4.42880     33.807    32.0051    24.6569 0.0000e+00
 173.492517     33.642  34.947227     9.7791    4.44260     33.359    31.9835    24.6342 0.0000e+00
 173.492523     33.180  34.960397     9.8056    4.44347     32.900    31.9736    24.6221 0.0000e+00
 173.492529     32.718  34.969962     9.8182    4.45011     32.442    31.9723    24.6190 0.0000e+00
 173.492535     32.261  34.972984     9.8197    4.47267     31.989    31.9743    24.6203 0.0000e+00
 173.492541     31.805  34.972565     9.8182    4.48321     31.537    31.9754    24.6214 0.0000e+00
 173.492546     31.343  34.970391     9.8238    4.50527     31.079    31.9684    24.6150 0.0000e+00
 173.492552     30.874  34.964684     9.8426    4.52093     30.614    31.9461    24.5946 0.0000e+00
 173.492558     30.404  34.954003     9.8675    4.54365     30.148    31.9135    24.5650 0.0000e+00
 173.492564     29.940  34.942050     9.8861    4.54962     29.688    31.8851    24.5398 0.0000e+00
 173.492569     29.493  34.936436     9.8953    4.55226     29.245    31.8715    24.5277 0.0000e+00
 173.492575     29.059  34.937532     9.8987    4.55842     28.814    31.8698    24.5258 0.0000e+00
 173.492581     28.627  34.940078     9.9007    4.56382     28.386    31.8708    24.5263 0.0000e+00
 173.492587     28.195  34.941304     9.9071    4.57269     27.958    31.8665    24.5219 0.0000e+00
 173.492593     27.767  34.942287     9.9192    4.57814     27.533    31.8570    24.5125 0.0000e+00
 173.492598     27.336  34.943777     9.9327    4.59444     27.106    31.8468    24.5023 0.0000e+00
 173.492604     26.896  34.945523     9.9490    4.61995     26.670    31.8344    24.4899 0.0000e+00
 173.492610     26.449  34.948735     9.9705    4.66690     26.227    31.8189    24.4743 0.0000e+00
 173.492616     26.001  34.954334     9.9903    4.72186     25.782    31.8073    24.4620 0.0000e+00
 173.492622     25.553  34.961384    10.0056    4.79349     25.338    31.8012    24.4547 0.0000e+00
 173.492627     25.098  34.968078    10.0286    4.87894     24.887    31.7879    24.4406 0.0000e+00
 173.492633     24.624  34.977181    10.0782    4.97485     24.417    31.7537    24.4057 0.0000e+00
 173.492639     24.127  34.999710    10.1516    5.04895     23.924    31.7123    24.3613 0.0000e+00
 173.492645     23.622  35.035995    10.2157    5.08802     23.424    31.6929    24.3355 0.0000e+00
 173.492650     23.133  35.067157    10.2451    5.13360     22.939    31.6987    24.3352 0.0000e+00
 173.492656     22.671  35.079826    10.2483    5.18347     22.481    31.7089    24.3425 0.0000e+00
 173.492662     22.236  35.079137    10.2522    5.23040     22.049    31.7049    24.3388 0.0000e+00
 173.492668     21.818  35.081555    10.2731    5.27629     21.635    31.6893    24.3231 0.0000e+00
 173.492674     21.395  35.096469    10.3229    5.40488     21.215    31.6610    24.2927 0.0000e+00
 173.492679     20.949  35.128627    10.4125    5.59368     20.773    31.6154    24.2421 0.0000e+00
 173.492685     20.476  35.187273    10.5230    5.85157     20.304    31.5782    24.1945 0.0000e+00
 173.492691     19.985  35.262594    10.6263    6.03309     19.817    31.5640    24.1659 0.0000e+00
 173.492697     19.488  35.334504    10.7099    6.16059     19.324    31.5634    24.1511 0.0000e+00
 173.492703     18.991  35.387905    10.7809    6.37174     18.832    31.5553    24.1326 0.0000e+00
 173.492708     18.496  35.430669    10.9023    6.66536     18.341    31.4933    24.0635 0.0000e+00
 173.492714     18.007  35.525433    11.1449    7.08327     17.856    31.3792    23.9325 0.0000e+00
 173.492720     17.527  35.730720    11.4372    7.38982     17.380    31.3317    23.8439 0.0000e+00
 173.492726     17.055  35.967603    11.6198    7.51735     16.912    31.4075    23.8700 0.0000e+00
 173.492731     16.582  36.077646    11.7132    7.55243     16.443    31.4352    23.8747 0.0000e+00
 173.492737     16.103  36.103916    11.9158    7.54860     15.968    31.2900    23.7251 0.0000e+00
 173.492743     15.624  36.236220    12.3094    7.65258     15.493    31.0886    23.4962 0.0000e+00
 173.492749     15.146  36.525920    12.7272    7.76683     15.019    31.0187    23.3633 0.0000e+00
 173.492755     14.679  36.838957    12.9645    7.78793     14.556    31.1186    23.3951 0.0000e+00
 173.492760     14.226  37.005137    13.0103    7.73140     14.107    31.2371    23.4779 0.0000e+00
 173.492766     13.781  37.006683    13.0230    7.63250     13.666    31.2283    23.4686 0.0000e+00
 173.492772     13.332  36.986452    13.1667    7.60524     13.220    31.0915    23.3349 0.0000e+00
 173.492778     12.871  37.093542    13.4113    7.65138     12.763    30.9921    23.2101 0.0000e+00
 173.492784     12.405  37.290150    13.5957    7.70350     12.301    31.0249    23.1989 0.0000e+00
 173.492789     11.940  37.424584    13.6795    7.69152     11.840    31.0813    23.2257 0.0000e+00
 173.492795     11.475  37.469778    13.7251    7.60659     11.379    31.0862    23.2204 0.0000e+00
 173.492801     10.995  37.489955    13.8040    7.48823     10.903    31.0411    23.1697 0.0000e+00
 173.492807     10.497  37.549038    13.9474    7.38629     10.409    30.9799    23.0935 0.0000e+00
 173.492813      9.990  37.663552    14.0964    7.32535      9.906    30.9651    23.0519 0.0000e+00
 173.492818      9.491  37.774762    14.1935    7.29894      9.412    30.9890    23.0504 0.0000e+00
 173.492824      9.010  37.841420    14.2392    7.27664      8.935    31.0133    23.0598 0.0000e+00
 173.492830      8.554  37.871115    14.2516    7.29880      8.482    31.0306    23.0705 0.0000e+00
 173.492836      8.125  37.876540    14.2486    7.30604      8.057    31.0381    23.0769 0.0000e+00
 173.492841      7.720  37.872225    14.2466    7.29191      7.655    31.0359    23.0756 0.0000e+00
 173.492847      7.336  37.873172    14.2599    7.26384      7.275    31.0262    23.0654 0.0000e+00
 173.492853      6.970  37.888494    14.2887    7.22964      6.912    31.0172    23.0526 0.0000e+00
 173.492859      6.624  37.917308    14.3191    7.20788      6.569    31.0192    23.0478 0.0000e+00
 173.492865      6.301  37.947559    14.3388    7.19229      6.248    31.0310    23.0529 0.0000e+00
 173.492870      6.006  37.965747    14.3456    7.18973      5.956    31.0422    23.0601 0.0000e+00
 173.492876      5.742  37.969772    14.3436    7.19126      5.694    31.0476    23.0646 0.0000e+00
 173.492882      5.506  37.966688    14.3378    7.19994      5.460    31.0495    23.0673 0.0000e+00
 173.492888      5.290  37.961919    14.3331    7.19551      5.246    31.0491    23.0679 0.0000e+00
 173.492894      5.089  37.959202    14.3336    7.19174      5.046    31.0463    23.0657 0.0000e+00
 173.492899      4.896  37.962205    14.3388    7.18640      4.855    31.0449    23.0635 0.0000e+00
 173.492905      4.702  37.969882    14.3481    7.16554      4.663    31.0445    23.0613 0.0000e+00
 173.492911      4.507  37.980132    14.3630    7.15322      4.469    31.0419    23.0562 0.0000e+00
 173.492917      4.316  37.995966    14.3804    7.13181      4.280    31.0424    23.0530 0.0000e+00
 173.492922      4.134  38.015503    14.3921    7.10959      4.099    31.0509    23.0571 0.0000e+00
 173.492928      3.966  38.027780    14.3965    7.10700      3.933    31.0586    23.0621 0.0000e+00
 173.492934      3.816  38.030662    14.3996    7.11589      3.784    31.0588    23.0616 0.0000e+00
 173.492940      3.676  38.033042    14.4013    7.13657      3.645    31.0596    23.0619 0.0000e+00
 173.492946      3.535  38.035290    14.4001    7.12957      3.505    31.0627    23.0645 0.0000e+00
 173.492951      3.384  38.034795    14.3997    7.12864      3.356    31.0626    23.0646 0.0000e+00
 173.492957      3.229  38.035384    14.4011    7.06214      3.202    31.0621    23.0639 0.0000e+00
 173.492963      3.082  38.037845    14.4027    7.06783      3.056    31.0631    23.0643 0.0000e+00
 173.492969      2.956  38.040410    14.4052    6.99361      2.931    31.0635    23.0641 -9.990e-29
 173.492975      2.855  38.043700    14.4074    6.89666      2.831    31.0647    23.0646 -9.990e-29
 173.492980      2.760  38.046493    14.4068    6.78245      2.737    31.0678    23.0670 -9.990e-29
 173.492986      2.651  38.045782    14.4062    6.62287      2.629    31.0676    23.0671 -9.990e-29
 173.492992      2.527  38.045105    14.4084    6.49506      2.506    31.0653    23.0648 -9.990e-29
 173.492998      2.392  38.047486    14.4108    6.47981      2.372    31.0656    23.0645 0.0000e+00
 173.493003      2.258  38.049930    14.4091    6.34174      2.239    31.0692    23.0677 -9.990e-29
 173.493009      2.140  38.047287    14.4001    7.23952      2.122    31.0741    23.0733 -9.990e-29
 173.493015      2.042  38.037718    14.3851    7.22964      2.025    31.0775    23.0790 -9.990e-29
 173.493021      1.962  38.025851    14.3699    7.22547      1.946    31.0789    23.0832 -9.990e-29
 173.493027      1.895  38.012689    14.3570    7.32597      1.879    31.0773    23.0847 -9.990e-29
 173.493032      1.841  37.991336    14.3422    7.42988      1.826    31.0698    23.0819 -9.990e-29
 173.493038      1.801  37.945097    14.3206    7.49293      1.786    31.0451    23.0673 -9.990e-29
 173.493044      1.768  37.835875    14.2936    7.53258      1.753    30.9673    23.0129 -9.990e-29
 173.493050      1.736  37.555053    14.2676    7.55983      1.722    30.7324    22.8372 -9.990e-29
 173.493056      1.707  36.760730    14.2466    7.57384      1.693    30.0271    22.2978 -9.990e-29
 173.493061      1.683  34.412873    14.2303    7.57527      1.669    27.9187    20.6767 -9.990e-29
 173.493067      1.664  27.400631    14.2189    7.56308      1.650    21.7180    15.9092 -9.990e-29
 173.493073      1.651  16.439934    14.2128   -6.11212      1.637    12.4312     8.7809 -9.990e-29
 173.493079      1.648   8.243818    14.2098  -13.50913      1.634     5.8986     3.7663 -9.990e-29
 173.493084      1.652   4.759081    14.2074  -14.40905      1.638     3.2771     1.7498 -9.990e-29
 173.493090      1.657   3.331412    14.2051  -10.47820      1.643     2.2431     0.9531 -9.990e-29
 173.493096      1.664   2.646595    14.2032   -1.74680      1.650     1.7582     0.5791 -9.990e-29
 173.493102      1.670   2.249075    14.2015   -0.27127      1.656     1.4806     0.3649 -9.990e-29
 173.493108      1.670   2.004127    14.1993   -0.17716      1.656     1.3113     0.2343 -9.990e-29
 173.493113      1.669   1.848262    14.1954   -0.14187      1.655     1.2043     0.1522 -9.990e-29
 173.493119      1.671   1.779024    14.1904   -0.12178      1.657     1.1570     0.1164 -9.990e-29
 173.493125      1.672   1.801774    14.1864   -0.11724      1.658     1.1727     0.1291 -9.990e-29
 173.493131      1.667   1.905220    14.1838   -0.11741      1.653     1.2437     0.1843 -9.990e-29
 173.493137      1.661   2.034142    14.1808   -0.11756      1.647     1.3326     0.2535 -9.990e-29
 173.493142      1.658   2.175611    14.1764   -0.11777      1.644     1.4306     0.3299 -9.990e-29
 173.493148      1.661   2.402236    14.1713 -9.990e-29      1.647     1.5884     0.4526 -9.990e-29
 173.493154      1.675   2.841315    14.1673 -9.990e-29      1.661     1.8970     0.6915 -9.990e-29
 173.493160      1.692   3.310692    14.1652 -9.990e-29      1.678     2.2306     0.9492 -9.990e-29
 173.493166      1.705   3.378641    14.1641 -9.990e-29      1.691     2.2792     0.9869 -9.990e-29
 173.493171      1.715   3.168107    14.1634 -9.990e-29      1.701     2.1290     0.8711 -9.990e-29
 173.493177      1.723   3.088906    14.1632 -9.990e-29      1.709     2.0727     0.8277 -9.990e-29
