data/oxygen options/ONMS/Olympic_Coast_National_Marine_Sanctuary_Hypoxia_Survey_CTD_Data_2004_2015/raw_data/2005/CTD_TH80_060705faed.cnv
* Sea-Bird SBE19 Data File:
* FileName = C:\hypoxia CTD data\TH80_060705.hex
* Software Version 1.1.5
* Temperature SN = 2997
* Conductivity SN = 2997
* System UpLoad Time = Jun 07 2005 12:43:55
* SEACAT PROFILER V3.1c SN 2997   06/07/05  12:42:57.071
* strain gauge pressure sensor: S/N = 184829,  range = 3000 psia,  tc = 40
# nquan = 9                                 
# nvalues = 1375                        
# units = specified
# name 0 = timeJ: Julian Days
# name 1 = prSM: Pressure, Strain Gauge [db]
# name 2 = c0mS/cm: Conductivity [mS/cm]
# name 3 = t090C: Temperature [ITS-90, deg C]
# name 4 = oxML/L: Oxygen, Beckman/YSI [ml/l]
# name 5 = depSM: Depth [salt water, m], lat = 47.5
# name 6 = sal00: Salinity, Practical [PSU]
# name 7 = sigma-é00: Density [sigma-theta, kg/m^3]
# name 8 = flag: flag
# span 0 = 158.484977, 158.492928       
# span 1 =     -3.867,     81.663       
# span 2 =   0.239385,  37.142785       
# span 3 =     7.7164,    13.4235       
# span 4 =   -0.12281,   26.84851       
# span 5 =     -3.835,     80.965       
# span 6 =     0.1497,    33.6893       
# span 7 =    -0.4978,    26.2870       
# span 8 = 0.0000e+00, 0.0000e+00       
# interval = seconds: 0.5
# start_time = Jun 07 2005 11:38:22 [Instrument's time stamp, header]
# bad_flag = -9.990e-29
*END*
[from data line 801]
 158.489612     45.247  35.028209     9.0097    3.76439     44.864    32.7575    25.3617 0.0000e+00
 158.489618     45.714  35.051667     9.0152    3.75980     45.327    32.7766    25.3758 0.0000e+00
 158.489624     46.188  35.070881     9.0162    3.74354     45.797    32.7954    25.3903 0.0000e+00
 158.489630     46.652  35.091839     9.0097    3.74537     46.257    32.8229    25.4129 0.0000e+00
 158.489635     47.092  35.113321     8.9955    3.71620     46.694    32.8582    25.4427 0.0000e+00
 158.489641     47.508  35.128083     8.9801    3.68828     47.106    32.8876    25.4682 0.0000e+00
 158.489647     47.895  35.134491     8.9685    3.65783     47.490    32.9048    25.4835 0.0000e+00
 158.489653     48.248  35.136595     8.9564    3.63245     47.840    32.9181    25.4957 0.0000e+00
 158.489659     48.573  35.136625     8.9357    3.62098     48.162    32.9371    25.5139 0.0000e+00
 158.489664     48.873  35.134052     8.9038    3.61075     48.459    32.9639    25.5398 0.0000e+00
 158.489670     49.137  35.128799     8.8689    3.60071     48.721    32.9907    25.5662 0.0000e+00
 158.489676     49.353  35.122823     8.8455    3.60065     48.935    33.0062    25.5819 0.0000e+00
 158.489682     49.517  35.118793     8.8436    3.59691     49.098    33.0036    25.5802 -9.990e-29
 158.489688     49.638  35.117487     8.8579    3.59691     49.218    32.9889    25.5665 -9.990e-29
 158.489693     49.739  35.117153     8.8713    3.59560     49.318    32.9761    25.5544 -9.990e-29
 158.489699     49.838  35.116780     8.8686    3.57003     49.416    32.9781    25.5564 -9.990e-29
 158.489705     49.941  35.116428     8.8499    3.55384     49.518    32.9951    25.5726 -9.990e-29
 158.489711     50.050  35.115625     8.8251    3.53780     49.626    33.0173    25.5938 -9.990e-29
 158.489716     50.164  35.113852     8.8012    3.52481     49.739    33.0377    25.6134 -9.990e-29
 158.489722     50.270  35.110979     8.7830    3.52518     49.844    33.0516    25.6272 -9.990e-29
 158.489728     50.356  35.108207     8.7726    3.51067     49.930    33.0583    25.6341 -9.990e-29
 158.489734     50.419  35.106874     8.7679    3.51869     49.992    33.0613    25.6371 -9.990e-29
 158.489740     50.455  35.106875     8.7659    3.53205     50.028    33.0632    25.6389 -9.990e-29
 158.489745     50.462  35.107079     8.7655    3.55151     50.035    33.0637    25.6394 -9.990e-29
 158.489751     50.445  35.106632     8.7684    3.56602     50.018    33.0606    25.6365 -9.990e-29
 158.489757     50.410  35.106050     8.7766    3.57073     49.983    33.0523    25.6287 -9.990e-29
 158.489763     50.366  35.106235     8.7906    3.58707     49.940    33.0395    25.6165 -9.990e-29
 158.489769     50.320  35.107426     8.8069    3.59696     49.894    33.0256    25.6031 -9.990e-29
 158.489774     50.284  35.108966     8.8189    3.60451     49.858    33.0160    25.5938 -9.990e-29
 158.489780     50.264  35.110100     8.8241    3.60694     49.838    33.0124    25.5901 -9.990e-29
 158.489786     50.262  35.110656     8.8260    3.59491     49.836    33.0112    25.5889 -9.990e-29
 158.489792     50.274  35.110809     8.8280    3.57511     49.848    33.0095    25.5872 -9.990e-29
 158.489797     50.301  35.110757     8.8272    3.56083     49.875    33.0101    25.5879 -9.990e-29
 158.489803     50.353  35.110424     8.8160    3.53707     49.927    33.0202    25.5975 -9.990e-29
 158.489809     50.430  35.109359     8.7907    3.53113     50.003    33.0426    25.6190 -9.990e-29
 158.489815     50.514  35.106138     8.7605    3.51667     50.086    33.0674    25.6430 -9.990e-29
 158.489821     50.586  35.100380     8.7424    3.51335     50.158    33.0782    25.6543 -9.990e-29
 158.489826     50.629  35.095608     8.7430    3.51572     50.200    33.0727    25.6498 -9.990e-29
 158.489832     50.641  35.094975     8.7509    3.51310     50.212    33.0646    25.6423 -9.990e-29
 158.489838     50.635  35.097066     8.7548    3.52924     50.206    33.0632    25.6406 -9.990e-29
 158.489844     50.625  35.099057     8.7557    3.53119     50.196    33.0644    25.6414 -9.990e-29
 158.489850     50.613  35.100236     8.7585    3.53644     50.184    33.0630    25.6399 -9.990e-29
 158.489855     50.600  35.101049     8.7635    3.55809     50.172    33.0592    25.6362 -9.990e-29
 158.489861     50.583  35.101451     8.7692    3.55433     50.155    33.0543    25.6315 -9.990e-29
 158.489867     50.563  35.101787     8.7745    3.56986     50.135    33.0498    25.6270 -9.990e-29
 158.489873     50.538  35.102501     8.7801    3.56217     50.110    33.0453    25.6227 -9.990e-29
 158.489878     50.510  35.103796     8.7884    3.55375     50.082    33.0389    25.6164 -9.990e-29
 158.489884     50.487  35.105711     8.7970    3.55424     50.060    33.0329    25.6104 -9.990e-29
 158.489890     50.475  35.107247     8.7979    3.54872     50.048    33.0337    25.6109 -9.990e-29
 158.489896     50.478  35.107085     8.7895    3.55134     50.051    33.0414    25.6181 -9.990e-29
 158.489902     50.491  35.105010     8.7799    3.54544     50.063    33.0481    25.6249 -9.990e-29
 158.489907     50.508  35.102736     8.7760    3.53815     50.080    33.0494    25.6265 -9.990e-29
 158.489913     50.525  35.102272     8.7764    3.53631     50.097    33.0485    25.6258 -9.990e-29
 158.489919     50.547  35.102994     8.7754    3.53779     50.119    33.0502    25.6272 -9.990e-29
 158.489925     50.576  35.103059     8.7705    3.54201     50.148    33.0548    25.6316 -9.990e-29
 158.489931     50.604  35.102551     8.7661    3.53136     50.176    33.0584    25.6351 -9.990e-29
 158.489936     50.630  35.102471     8.7668    3.53588     50.201    33.0576    25.6344 -9.990e-29
 158.489942     50.655  35.102707     8.7710    3.53795     50.226    33.0539    25.6309 -9.990e-29
 158.489948     50.681  35.103009     8.7738    3.54069     50.252    33.0516    25.6286 -9.990e-29
 158.489954     50.709  35.103218     8.7720    3.55208     50.280    33.0535    25.6304 -9.990e-29
 158.489959     50.741  35.103050     8.7684    3.54432     50.311    33.0567    25.6334 -9.990e-29
 158.489965     50.775  35.102837     8.7684    3.54582     50.345    33.0565    25.6332 -9.990e-29
 158.489971     50.809  35.102854     8.7723    3.54710     50.379    33.0528    25.6298 -9.990e-29
 158.489977     50.849  35.103118     8.7755    3.54868     50.418    33.0501    25.6272 -9.990e-29
 158.489983     50.903  35.103417     8.7754    3.55438     50.472    33.0505    25.6275 -9.990e-29
 158.489988     50.972  35.103029     8.7738    3.54848     50.540    33.0515    25.6285 -9.990e-29
 158.489994     51.063  35.101994     8.7737    3.54060     50.631    33.0505    25.6278 -9.990e-29
 158.490000     51.180  35.101731     8.7744    3.52806     50.747    33.0495    25.6269 -9.990e-29
 158.490006     51.331  35.102447     8.7717    3.50863     50.896    33.0527    25.6298 0.0000e+00
 158.490012     51.525  35.102292     8.7601    3.49018     51.089    33.0633    25.6399 0.0000e+00
 158.490017     51.772  35.099934     8.7379    3.45801     51.333    33.0814    25.6575 0.0000e+00
 158.490023     52.064  35.095031     8.7095    3.44901     51.623    33.1027    25.6785 0.0000e+00
 158.490029     52.387  35.088326     8.6818    3.42644     51.943    33.1215    25.6975 0.0000e+00
 158.490035     52.735  35.081523     8.6599    3.41015     52.288    33.1347    25.7112 0.0000e+00
 158.490041     53.110  35.075630     8.6425    3.39243     52.660    33.1446    25.7216 0.0000e+00
 158.490046     53.504  35.070631     8.6241    3.37280     53.051    33.1564    25.7337 0.0000e+00
 158.490052     53.914  35.065458     8.6013    3.35689     53.457    33.1722    25.7496 0.0000e+00
 158.490058     54.340  35.058816     8.5763    3.33730     53.879    33.1885    25.7662 0.0000e+00
 158.490064     54.779  35.051370     8.5544    3.32471     54.315    33.2011    25.7793 0.0000e+00
 158.490069     55.224  35.044955     8.5375    3.31886     54.756    33.2100    25.7889 0.0000e+00
 158.490075     55.674  35.039981     8.5236    3.29826     55.202    33.2176    25.7970 0.0000e+00
 158.490081     56.129  35.035974     8.5089    3.28499     55.653    33.2270    25.8066 0.0000e+00
 158.490087     56.577  35.032068     8.4881    3.24952     56.097    33.2423    25.8218 0.0000e+00
 158.490093     57.015  35.026412     8.4613    3.24344     56.531    33.2614    25.8408 0.0000e+00
 158.490098     57.439  35.018744     8.4340    3.22468     56.952    33.2789    25.8586 0.0000e+00
 158.490104     57.838  35.011167     8.4099    3.20497     57.347    33.2935    25.8737 0.0000e+00
 158.490110     58.204  35.004782     8.3908    3.20241     57.710    33.3046    25.8853 0.0000e+00
 158.490116     58.538  34.999474     8.3772    3.18822     58.041    33.3117    25.8929 0.0000e+00
 158.490122     58.844  34.995445     8.3659    3.18385     58.345    33.3180    25.8996 0.0000e+00
 158.490127     59.125  34.992361     8.3529    3.18035     58.623    33.3269    25.9085 0.0000e+00
 158.490133     59.378  34.988909     8.3403    3.17202     58.874    33.3351    25.9168 0.0000e+00
 158.490139     59.593  34.985526     8.3334    3.17293     59.087    33.3380    25.9201 0.0000e+00
 158.490145     59.766  34.983860     8.3327    3.16718     59.259    33.3368    25.9193 0.0000e+00
 158.490150     59.908  34.983925     8.3335    3.16272     59.399    33.3360    25.9186 0.0000e+00
 158.490156     60.033  34.984123     8.3307    3.15132     59.523    33.3388    25.9212 -9.990e-29
 158.490162     60.145  34.982472     8.3219    3.14077     59.634    33.3454    25.9276 -9.990e-29
 158.490168     60.246  34.979011     8.3055    3.12247     59.734    33.3572    25.9394 -9.990e-29
 158.490174     60.338  34.974169     8.2823    3.10041     59.826    33.3740    25.9561 -9.990e-29
 158.490179     60.415  34.968211     8.2603    3.09462     59.902    33.3886    25.9708 -9.990e-29
 158.490185     60.468  34.963278     8.2470    3.09118     59.955    33.3960    25.9785 -9.990e-29
 158.490191     60.497  34.960632     8.2415    3.10630     59.983    33.3984    25.9813 -9.990e-29
 158.490197     60.503  34.959542     8.2415    3.11341     59.989    33.3972    25.9803 -9.990e-29
 158.490203     60.488  34.959672     8.2470    3.12895     59.974    33.3921    25.9755 -9.990e-29
 158.490208     60.453  34.960630     8.2597    3.14413     59.940    33.3811    25.9650 -9.990e-29
 158.490214     60.410  34.962571     8.2777    3.15629     59.897    33.3661    25.9505 -9.990e-29
 158.490220     60.374  34.965837     8.2913    3.17003     59.861    33.3566    25.9411 -9.990e-29
 158.490226     60.349  34.968057     8.2936    3.17512     59.837    33.3568    25.9409 -9.990e-29
 158.490231     60.331  34.967706     8.2902    3.18611     59.819    33.3597    25.9436 -9.990e-29
 158.490237     60.310  34.966558     8.2919    3.19064     59.798    33.3569    25.9412 -9.990e-29
 158.490243     60.280  34.967003     8.3037    3.18854     59.768    33.3462    25.9310 -9.990e-29
 158.490249     60.248  34.970190     8.3201    3.19106     59.736    33.3340    25.9190 -9.990e-29
 158.490255     60.229  34.974761     8.3313    3.17891     59.718    33.3282    25.9128 -9.990e-29
 158.490260     60.234  34.977839     8.3317    3.17369     59.723    33.3311    25.9150 -9.990e-29
 158.490266     60.265  34.977925     8.3194    3.16484     59.753    33.3429    25.9261 -9.990e-29
 158.490272     60.309  34.974573     8.2997    3.14613     59.797    33.3580    25.9409 -9.990e-29
 158.490278     60.352  34.968914     8.2859    3.13851     59.840    33.3650    25.9485 -9.990e-29
 158.490284     60.385  34.965172     8.2837    3.12519     59.872    33.3632    25.9473 -9.990e-29
 158.490289     60.410  34.965075     8.2840    3.12279     59.897    33.3628    25.9470 -9.990e-29
 158.490295     60.437  34.965685     8.2776    3.12189     59.924    33.3695    25.9532 -9.990e-29
 158.490301     60.468  34.964451     8.2667    3.13249     59.955    33.3785    25.9619 -9.990e-29
 158.490307     60.495  34.961966     8.2598    3.12718     59.981    33.3824    25.9660 -9.990e-29
 158.490312     60.512  34.960521     8.2605    3.13476     59.998    33.3802    25.9642 -9.990e-29
 158.490318     60.517  34.960984     8.2676    3.14746     60.003    33.3739    25.9582 -9.990e-29
 158.490324     60.517  34.962846     8.2784    3.15133     60.003    33.3657    25.9501 -9.990e-29
 158.490330     60.526  34.965224     8.2873    3.16424     60.012    33.3597    25.9441 -9.990e-29
 158.490336     60.544  34.966804     8.2896    3.16122     60.030    33.3592    25.9434 -9.990e-29
 158.490341     60.564  34.966889     8.2882    3.16567     60.050    33.3606    25.9447 -9.990e-29
 158.490347     60.578  34.966150     8.2905    3.16652     60.064    33.3576    25.9420 -9.990e-29
 158.490353     60.583  34.966401     8.2987    3.16385     60.069    33.3501    25.9349 -9.990e-29
 158.490359     60.589  34.968533     8.3075    3.15550     60.075    33.3440    25.9288 -9.990e-29
 158.490365     60.607  34.970902     8.3085    3.14308     60.092    33.3456    25.9298 -9.990e-29
 158.490370     60.645  34.971060     8.2978    3.14075     60.130    33.3559    25.9395 -9.990e-29
 158.490376     60.699  34.968095     8.2811    3.12817     60.184    33.3686    25.9520 -9.990e-29
 158.490382     60.760  34.963658     8.2676    3.12222     60.244    33.3767    25.9603 -9.990e-29
 158.490388     60.820  34.960237     8.2594    3.10979     60.304    33.3808    25.9648 -9.990e-29
 158.490394     60.878  34.958309     8.2529    3.10973     60.361    33.3849    25.9690 -9.990e-29
 158.490399     60.933  34.956978     8.2465    3.10488     60.416    33.3895    25.9736 -9.990e-29
 158.490405     60.976  34.955588     8.2420    3.10840     60.458    33.3923    25.9764 -9.990e-29
 158.490411     60.997  34.954523     8.2415    3.11570     60.479    33.3917    25.9760 -9.990e-29
 158.490417     60.998  34.954601     8.2447    3.12078     60.480    33.3887    25.9732 -9.990e-29
 158.490422     60.991  34.955362     8.2498    3.12890     60.473    33.3847    25.9693 -9.990e-29
 158.490428     60.993  34.956136     8.2547    3.12408     60.475    33.3808    25.9655 -9.990e-29
 158.490434     61.021  34.956833     8.2576    3.12343     60.503    33.3788    25.9635 -9.990e-29
 158.490440     61.089  34.957261     8.2583    3.11684     60.570    33.3786    25.9632 -9.990e-29
 158.490446     61.202  34.957427     8.2577    3.11846     60.682    33.3792    25.9638 -9.990e-29
 158.490451     61.359  34.957551     8.2557    3.10905     60.838    33.3812    25.9657 0.0000e+00
 158.490457     61.561  34.957234     8.2504    3.09385     61.038    33.3858    25.9701 0.0000e+00
 158.490463     61.808  34.956048     8.2395    3.07257     61.283    33.3948    25.9788 0.0000e+00
 158.490469     62.099  34.953530     8.2232    3.05026     61.571    33.4075    25.9912 0.0000e+00
 158.490475     62.431  34.949681     8.2052    3.04178     61.901    33.4204    26.0040 0.0000e+00
 158.490480     62.794  34.945531     8.1891    3.02150     62.260    33.4311    26.0148 0.0000e+00
 158.490486     63.179  34.941705     8.1769    3.02291     62.642    33.4385    26.0224 0.0000e+00
 158.490492     63.574  34.938700     8.1676    2.99971     63.034    33.4440    26.0281 0.0000e+00
 158.490498     63.972  34.936424     8.1582    2.99118     63.428    33.4503    26.0345 0.0000e+00
 158.490503     64.364  34.934080     8.1482    2.98908     63.817    33.4572    26.0413 0.0000e+00
 158.490509     64.744  34.931339     8.1397    2.98297     64.194    33.4622    26.0465 0.0000e+00
 158.490515     65.115  34.928463     8.1339    2.98562     64.561    33.4645    26.0492 0.0000e+00
 158.490521     65.484  34.926097     8.1296    2.97189     64.927    33.4659    26.0510 0.0000e+00
 158.490527     65.857  34.924444     8.1252    2.96976     65.297    33.4682    26.0534 0.0000e+00
