data/oxygen options/ONMS/Olympic_Coast_National_Marine_Sanctuary_Hypoxia_Survey_CTD_Data_2004_2015/raw_data/2005/CTD_CA20_062205faed.cnv
* Sea-Bird SBE19 Data File:
* FileName = C:\hypoxia CTD data\CA20_062205.hex
* Software Version 1.1.5
* Temperature SN = 2997
* Conductivity SN = 2997
* System UpLoad Time = Jun 22 2005 16:41:29
* SEACAT PROFILER V3.1c SN 2997   06/22/05  16:41:09.921
* strain gauge pressure sensor: S/N = 184829,  range = 3000 psia,  tc = 40
# nquan = 9                                 
# nvalues = 670                         
# units = specified
# name 0 = timeJ: Julian Days
# name 1 = prSM: Pressure, Strain Gauge [db]
# name 2 = c0mS/cm: Conductivity [mS/cm]
# name 3 = t090C: Temperature [ITS-90, deg C]
# name 4 = oxML/L: Oxygen, Beckman/YSI [ml/l]
# name 5 = depSM: Depth [salt water, m], lat = 47.5
# name 6 = sal00: Salinity, Practical [PSU]
# name 7 = sigma-é00: Density [sigma-theta, kg/m^3]
# name 8 = flag: flag
# span 0 = 173.678819, 173.682691       
# span 1 =     -2.833,     22.217       
# span 2 =   2.548106,  38.240710       
# span 3 =    10.7470,    14.7794       
# span 4 =   -0.09738,   25.54018       
# span 5 =     -2.809,     22.030       
# span 6 =     1.6723,    32.1848       
# span 7 =     0.4548,    24.6259       
# span 8 = 0.0000e+00, 0.0000e+00       
# interval = seconds: 0.5
# start_time = Jun 22 2005 16:17:30 [Instrument's time stamp, header]
# bad_flag = -9.990e-29
*END*
[from data line 161]
 173.679751      3.538  38.074498    14.4815    6.35410      3.508    31.0331    23.0248 -9.990e-29
 173.679757      3.557  38.070928    14.4744    6.36813      3.527    31.0355    23.0282 -9.990e-29
 173.679763      3.580  38.066128    14.4669    6.37135      3.550    31.0371    23.0310 -9.990e-29
 173.679769      3.603  38.060999    14.4631    6.36863      3.573    31.0355    23.0305 -9.990e-29
 173.679774      3.620  38.058243    14.4656    6.36846      3.590    31.0310    23.0266 -9.990e-29
 173.679780      3.627  38.060362    14.4707    6.36244      3.597    31.0288    23.0238 -9.990e-29
 173.679786      3.634  38.064583    14.4735    6.38362      3.604    31.0304    23.0245 -9.990e-29
 173.679792      3.649  38.066450    14.4745    6.39599      3.619    31.0313    23.0249 -9.990e-29
 173.679797      3.669  38.066779    14.4763    6.40759      3.638    31.0302    23.0237 -9.990e-29
 173.679803      3.692  38.067702    14.4799    6.41647      3.661    31.0281    23.0214 -9.990e-29
 173.679809      3.718  38.069898    14.4859    6.41821      3.687    31.0253    23.0179 -9.990e-29
 173.679815      3.749  38.073502    14.4953    6.43279      3.718    31.0210    23.0127 -9.990e-29
 173.679821      3.787  38.078842    14.5084    6.43623      3.755    31.0154    23.0056 -9.990e-29
 173.679826      3.831  38.086879    14.5201    6.43395      3.799    31.0133    23.0016 -9.990e-29
 173.679832      3.874  38.094321    14.5253    6.42208      3.842    31.0159    23.0025 -9.990e-29
 173.679838      3.910  38.097080    14.5264    6.42200      3.877    31.0175    23.0035 -9.990e-29
 173.679844      3.935  38.097725    14.5272    6.42556      3.902    31.0174    23.0033 -9.990e-29
 173.679850      3.944  38.098809    14.5281    6.42880      3.911    31.0177    23.0033 -9.990e-29
 173.679855      3.942  38.098981    14.5283    6.43934      3.909    31.0177    23.0033 -9.990e-29
 173.679861      3.939  38.098481    14.5286    6.42769      3.906    31.0170    23.0027 -9.990e-29
 173.679867      3.943  38.098895    14.5293    6.43137      3.910    31.0168    23.0024 -9.990e-29
 173.679873      3.957  38.099664    14.5319    6.40915      3.924    31.0154    23.0008 -9.990e-29
 173.679878      3.979  38.101824    14.5377    6.42686      3.946    31.0127    22.9975 -9.990e-29
 173.679884      4.001  38.106023    14.5421    6.44826      3.968    31.0130    22.9968 -9.990e-29
 173.679890      4.012  38.108334    14.5433    6.44661      3.978    31.0141    22.9974 -9.990e-29
 173.679896      4.005  38.108483    14.5453    6.43939      3.972    31.0127    22.9959 -9.990e-29
 173.679902      3.986  38.110041    14.5485    6.42075      3.953    31.0115    22.9943 -9.990e-29
 173.679907      3.973  38.112292    14.5498    6.40680      3.940    31.0125    22.9948 -9.990e-29
 173.679913      3.977  38.112641    14.5490    6.40719      3.944    31.0135    22.9957 -9.990e-29
 173.679919      3.994  38.111567    14.5475    6.41630      3.961    31.0137    22.9962 -9.990e-29
 173.679925      4.008  38.109888    14.5466    6.41902      3.975    31.0129    22.9958 -9.990e-29
 173.679931      4.007  38.108740    14.5474    6.41725      3.974    31.0112    22.9943 -9.990e-29
 173.679936      3.992  38.109405    14.5486    6.40961      3.959    31.0109    22.9938 -9.990e-29
 173.679942      3.977  38.110536    14.5485    6.41153      3.944    31.0120    22.9947 -9.990e-29
 173.679948      3.981  38.110848    14.5475    6.40607      3.948    31.0131    22.9957 -9.990e-29
 173.679954      4.001  38.110768    14.5470    6.41329      3.968    31.0134    22.9961 -9.990e-29
 173.679959      4.033  38.110761    14.5475    6.41087      3.999    31.0130    22.9956 -9.990e-29
 173.679965      4.063  38.110825    14.5490    6.41849      4.029    31.0118    22.9944 -9.990e-29
 173.679971      4.078  38.111616    14.5517    6.43191      4.044    31.0104    22.9928 -9.990e-29
 173.679977      4.075  38.113636    14.5554    6.43228      4.041    31.0092    22.9911 -9.990e-29
 173.679983      4.061  38.116223    14.5591    6.43191      4.027    31.0086    22.9899 -9.990e-29
 173.679988      4.044  38.118351    14.5615    6.41924      4.010    31.0087    22.9894 -9.990e-29
 173.679994      4.035  38.119501    14.5639    6.42399      4.001    31.0078    22.9882 -9.990e-29
 173.680000      4.044  38.120659    14.5674    6.42128      4.010    31.0060    22.9862 -9.990e-29
 173.680006      4.065  38.122819    14.5703    6.43672      4.031    31.0057    22.9853 -9.990e-29
 173.680012      4.093  38.124944    14.5717    6.42327      4.059    31.0065    22.9856 -9.990e-29
 173.680017      4.115  38.125950    14.5727    6.41278      4.081    31.0066    22.9855 -9.990e-29
 173.680023      4.126  38.126628    14.5746    6.41904      4.092    31.0057    22.9844 -9.990e-29
 173.680029      4.128  38.127891    14.5767    6.42205      4.094    31.0051    22.9835 -9.990e-29
 173.680035      4.128  38.129188    14.5773    6.41338      4.094    31.0058    22.9839 -9.990e-29
 173.680041      4.130  38.129456    14.5759    6.40262      4.095    31.0072    22.9853 -9.990e-29
 173.680046      4.141  38.128502    14.5740    6.39705      4.106    31.0078    22.9862 -9.990e-29
 173.680052      4.168  38.127310    14.5716    6.40350      4.133    31.0086    22.9873 -9.990e-29
 173.680058      4.206  38.125982    14.5669    6.40986      4.171    31.0112    22.9902 -9.990e-29
 173.680064      4.247  38.123317    14.5628    6.41083      4.212    31.0120    22.9917 -9.990e-29
 173.680069      4.276  38.120818    14.5646    6.41155      4.240    31.0083    22.9885 -9.990e-29
 173.680075      4.281  38.121890    14.5710    6.40373      4.245    31.0042    22.9840 -9.990e-29
 173.680081      4.267  38.125726    14.5757    6.39976      4.231    31.0039    22.9828 -9.990e-29
 173.680087      4.251  38.128476    14.5757    6.38258      4.215    31.0064    22.9847 -9.990e-29
 173.680093      4.240  38.128214    14.5716    6.37938      4.205    31.0094    22.9879 -9.990e-29
 173.680098      4.232  38.125161    14.5660    6.38103      4.197    31.0112    22.9904 -9.990e-29
 173.680104      4.229  38.121426    14.5619    6.38731      4.194    31.0110    22.9912 -9.990e-29
 173.680110      4.233  38.119330    14.5604    6.38739      4.198    31.0103    22.9909 -9.990e-29
 173.680116      4.250  38.118890    14.5603    6.37270      4.214    31.0100    22.9907 -9.990e-29
 173.680122      4.276  38.118968    14.5603    6.38324      4.240    31.0101    22.9908 -9.990e-29
 173.680127      4.304  38.119115    14.5610    6.39957      4.268    31.0096    22.9903 -9.990e-29
 173.680133      4.327  38.119537    14.5627    6.42172      4.291    31.0087    22.9892 -9.990e-29
 173.680139      4.339  38.120245    14.5654    6.41340      4.303    31.0071    22.9874 -9.990e-29
 173.680145      4.335  38.121631    14.5700    6.40638      4.299    31.0047    22.9846 -9.990e-29
 173.680150      4.325  38.124433    14.5763    6.41290      4.289    31.0022    22.9814 -9.990e-29
 173.680156      4.325  38.128470    14.5821    6.41404      4.289    31.0013    22.9794 -9.990e-29
 173.680162      4.343  38.132407    14.5856    6.42348      4.307    31.0020    22.9793 -9.990e-29
 173.680168      4.371  38.134776    14.5866    6.40887      4.334    31.0034    22.9801 -9.990e-29
 173.680174      4.395  38.135379    14.5862    6.39467      4.358    31.0042    22.9808 -9.990e-29
 173.680179      4.407  38.135029    14.5854    6.38732      4.370    31.0045    22.9813 -9.990e-29
 173.680185      4.413  38.134389    14.5845    6.38715      4.376    31.0047    22.9815 -9.990e-29
 173.680191      4.417  38.133739    14.5833    6.40393      4.380    31.0050    22.9821 -9.990e-29
 173.680197      4.419  38.132784    14.5824    6.40526      4.382    31.0049    22.9822 -9.990e-29
 173.680203      4.420  38.131942    14.5827    6.39612      4.383    31.0039    22.9813 -9.990e-29
 173.680208      4.424  38.132344    14.5838    6.38905      4.387    31.0034    22.9807 -9.990e-29
 173.680214      4.439  38.133415    14.5845    6.38613      4.402    31.0038    22.9809 -9.990e-29
 173.680220      4.467  38.134349    14.5848    6.40795      4.430    31.0044    22.9813 -9.990e-29
 173.680226      4.501  38.135279    14.5855    6.39733      4.463    31.0046    22.9813 -9.990e-29
 173.680231      4.534  38.135773    14.5862    6.37674      4.496    31.0045    22.9811 -9.990e-29
 173.680237      4.556  38.134999    14.5851    6.36302      4.518    31.0047    22.9814 -9.990e-29
 173.680243      4.560  38.133051    14.5811    6.35258      4.522    31.0061    22.9834 -9.990e-29
 173.680249      4.554  38.130329    14.5748    6.34135      4.516    31.0087    22.9867 -9.990e-29
 173.680255      4.551  38.126573    14.5652    6.34496      4.513    31.0130    22.9920 -9.990e-29
 173.680260      4.555  38.120330    14.5541    6.33733      4.517    31.0162    22.9967 -9.990e-29
 173.680266      4.561  38.113370    14.5499    6.33383      4.523    31.0132    22.9954 -9.990e-29
 173.680272      4.563  38.112115    14.5535    6.32298      4.525    31.0092    22.9915 -9.990e-29
 173.680278      4.559  38.116012    14.5550    6.31152      4.521    31.0115    22.9930 -9.990e-29
 173.680284      4.558  38.117360    14.5497    6.32916      4.520    31.0170    22.9983 -9.990e-29
 173.680289      4.561  38.113475    14.5420    6.33678      4.523    31.0196    23.0019 -9.990e-29
 173.680295      4.558  38.108152    14.5378    6.33941      4.520    31.0182    23.0017 -9.990e-29
 173.680301      4.554  38.105509    14.5393    6.32879      4.516    31.0146    22.9986 -9.990e-29
 173.680307      4.562  38.106507    14.5433    6.31578      4.524    31.0123    22.9960 -9.990e-29
 173.680313      4.577  38.109116    14.5455    6.32826      4.539    31.0129    22.9960 -9.990e-29
 173.680318      4.592  38.110646    14.5447    6.34723      4.554    31.0149    22.9977 -9.990e-29
 173.680324      4.607  38.110337    14.5434    6.34668      4.568    31.0156    22.9986 -9.990e-29
 173.680330      4.621  38.109461    14.5441    6.33298      4.582    31.0143    22.9974 -9.990e-29
 173.680336      4.629  38.109652    14.5469    6.33441      4.590    31.0122    22.9952 -9.990e-29
 173.680341      4.636  38.111727    14.5496    6.33565      4.597    31.0119    22.9944 -9.990e-29
 173.680347      4.651  38.113970    14.5494    6.34133      4.612    31.0141    22.9962 -9.990e-29
 173.680353      4.670  38.113765    14.5471    6.33977      4.631    31.0158    22.9979 -9.990e-29
 173.680359      4.679  38.111963    14.5462    6.32945      4.640    31.0149    22.9974 -9.990e-29
 173.680365      4.673  38.111208    14.5479    6.33193      4.634    31.0128    22.9955 -9.990e-29
 173.680370      4.664  38.112175    14.5500    6.32421      4.625    31.0120    22.9944 -9.990e-29
 173.680376      4.665  38.113354    14.5506    6.32101      4.626    31.0126    22.9947 -9.990e-29
 173.680382      4.676  38.113514    14.5499    6.33509      4.637    31.0133    22.9954 -9.990e-29
 173.680388      4.690  38.112871    14.5490    6.32589      4.651    31.0134    22.9957 -9.990e-29
 173.680394      4.701  38.112251    14.5486    6.31331      4.662    31.0132    22.9956 -9.990e-29
 173.680399      4.713  38.111952    14.5482    6.30964      4.674    31.0132    22.9957 -9.990e-29
 173.680405      4.724  38.111576    14.5478    6.30664      4.685    31.0132    22.9958 -9.990e-29
 173.680411      4.736  38.111183    14.5474    6.33309      4.696    31.0132    22.9958 -9.990e-29
 173.680417      4.746  38.110811    14.5471    6.34963      4.706    31.0131    22.9958 -9.990e-29
 173.680422      4.744  38.110527    14.5472    6.34004      4.704    31.0127    22.9955 -9.990e-29
 173.680428      4.728  38.111074    14.5493    6.32943      4.688    31.0116    22.9942 -9.990e-29
 173.680434      4.701  38.113182    14.5536    6.33164      4.662    31.0100    22.9921 -9.990e-29
 173.680440      4.672  38.116300    14.5583    6.33516      4.633    31.0091    22.9904 -9.990e-29
 173.680446      4.654  38.118978    14.5610    6.34047      4.615    31.0094    22.9901 -9.990e-29
 173.680451      4.649  38.120303    14.5611    6.34438      4.610    31.0105    22.9909 -9.990e-29
 173.680457      4.654  38.120363    14.5609    6.33844      4.615    31.0107    22.9911 -9.990e-29
 173.680463      4.659  38.120922    14.5623    6.32842      4.620    31.0101    22.9904 -9.990e-29
 173.680469      4.665  38.122165    14.5646    6.33394      4.626    31.0094    22.9894 -9.990e-29
 173.680475      4.676  38.122948    14.5672    6.33415      4.637    31.0080    22.9878 -9.990e-29
 173.680480      4.685  38.124316    14.5693    6.33111      4.646    31.0076    22.9870 -9.990e-29
 173.680486      4.676  38.125852    14.5700    6.33820      4.637    31.0084    22.9875 -9.990e-29
 173.680492      4.639  38.126240    14.5695    6.32758      4.600    31.0092    22.9882 -9.990e-29
 173.680498      4.580  38.125998    14.5688    6.31796      4.542    31.0095    22.9886 -9.990e-29
 173.680503      4.517  38.125366    14.5685    6.32557      4.479    31.0092    22.9884 -9.990e-29
 173.680509      4.472  38.124627    14.5688    6.33012      4.435    31.0083    22.9877 -9.990e-29
 173.680515      4.458  38.124482    14.5694    6.33468      4.421    31.0077    22.9871 -9.990e-29
 173.680521      4.475  38.124738    14.5702    6.34339      4.438    31.0073    22.9866 -9.990e-29
 173.680527      4.512  38.125179    14.5713    6.35029      4.474    31.0068    22.9860 -9.990e-29
 173.680532      4.553  38.125832    14.5733    6.34929      4.515    31.0058    22.9848 -9.990e-29
 173.680538      4.588  38.127008    14.5767    6.35541      4.550    31.0041    22.9828 -9.990e-29
 173.680544      4.611  38.129153    14.5805    6.35637      4.572    31.0030    22.9811 -9.990e-29
 173.680550      4.615  38.131763    14.5834    6.34641      4.576    31.0031    22.9806 -9.990e-29
 173.680556      4.595  38.133834    14.5846    6.34382      4.557    31.0040    22.9810 -9.990e-29
 173.680561      4.560  38.134764    14.5862    6.34258      4.522    31.0036    22.9804 -9.990e-29
 173.680567      4.528  38.135795    14.5888    6.34238      4.490    31.0025    22.9790 -9.990e-29
 173.680573      4.515  38.137184    14.5894    6.33592      4.477    31.0032    22.9794 -9.990e-29
 173.680579      4.523  38.136860    14.5868    6.32457      4.485    31.0050    22.9813 -9.990e-29
 173.680584      4.548  38.134953    14.5822    6.32016      4.510    31.0070    22.9838 -9.990e-29
 173.680590      4.585  38.132289    14.5770    6.32691      4.547    31.0087    22.9862 -9.990e-29
 173.680596      4.627  38.129242    14.5752    6.34857      4.588    31.0074    22.9856 -9.990e-29
 173.680602      4.663  38.128480    14.5790    6.36028      4.624    31.0036    22.9819 -9.990e-29
 173.680608      4.684  38.131228    14.5857    6.35549      4.645    31.0007    22.9783 -9.990e-29
 173.680613      4.690  38.135542    14.5919    6.33751      4.651    30.9997    22.9762 -9.990e-29
 173.680619      4.695  38.139324    14.5950    6.33116      4.656    31.0006    22.9763 -9.990e-29
 173.680625      4.707  38.140893    14.5933    6.33306      4.668    31.0034    22.9788 -9.990e-29
 173.680631      4.723  38.139538    14.5873    6.33873      4.684    31.0070    22.9828 -9.990e-29
 173.680637      4.736  38.135699    14.5817    6.33864      4.696    31.0080    22.9847 -9.990e-29
 173.680642      4.738  38.132109    14.5814    6.34814      4.698    31.0050    22.9824 -9.990e-29
 173.680648      4.728  38.132392    14.5861    6.35636      4.688    31.0015    22.9788 -9.990e-29
 173.680654      4.715  38.136365    14.5911    6.35003      4.676    31.0011    22.9774 -9.990e-29
 173.680660      4.707  38.139796    14.5930    6.33296      4.668    31.0027    22.9782 -9.990e-29
 173.680666      4.712  38.139972    14.5932    6.32199      4.673    31.0027    22.9782 -9.990e-29
