data/oxygen options/ONMS/Olympic_Coast_National_Marine_Sanctuary_Hypoxia_Survey_CTD_Data_2004_2015/raw_data/2005/CTD_CA100_083005faed.cnv
* Sea-Bird SBE19 Data File:
* FileName = C:\hypoxia CTD data\CA100_083005.hex
* Software Version 1.1.5
* Temperature SN = 2997
* Conductivity SN = 2997
* System UpLoad Time = Aug 30 2005 17:33:32
** Cape Alava100m 083005
* SEACAT PROFILER V3.1c SN 2997   08/30/05  17:31:55.314
# nquan = 9                                 
# nvalues = 1481                        
# units = specified
# name 0 = timeJ: Julian Days
# name 1 = prSM: Pressure, Strain Gauge [db]
# name 2 = c0mS/cm: Conductivity [mS/cm]
# name 3 = t090C: Temperature [ITS-90, deg C]
# name 4 = oxML/L: Oxygen, Beckman/YSI [ml/l]
# name 5 = depSM: Depth [salt water, m], lat = 47.5
# name 6 = sal00: Salinity, Practical [PSU]
# name 7 = sigma-é00: Density [sigma-theta, kg/m^3]
# name 8 = flag: flag
# span 0 = 242.691100, 242.699664       
# span 1 =     -2.845,    100.972       
# span 2 =   0.329013,  38.111126       
# span 3 =     7.4714,    13.8726       
# span 4 =   -0.12028,   26.46279       
# span 5 =     -2.821,    100.105       
# span 6 =     0.2031,    33.6677       
# span 7 =    -0.5547,    26.3051       
# span 8 = 0.0000e+00, 0.0000e+00       
# interval = seconds: 0.5
# start_time = Aug 30 2005 16:35:11 [Instrument's time stamp, header]
# bad_flag = -9.990e-29
*END*
[from data line 641]
 242.694809     43.291  34.708115     8.1465    2.92659     42.925    33.2283    25.8616 -9.990e-29
 242.694815     43.332  34.706750     8.1440    2.91785     42.966    33.2292    25.8627 -9.990e-29
 242.694821     43.353  34.705813     8.1428    2.92349     42.987    33.2293    25.8630 -9.990e-29
 242.694826     43.354  34.705175     8.1418    2.92123     42.988    33.2296    25.8634 -9.990e-29
 242.694832     43.341  34.704545     8.1399    2.92446     42.975    33.2307    25.8645 -9.990e-29
 242.694838     43.319  34.703644     8.1382    2.91268     42.953    33.2314    25.8653 -9.990e-29
 242.694844     43.294  34.702953     8.1377    2.91467     42.928    33.2311    25.8652 -9.990e-29
 242.694850     43.266  34.702669     8.1377    2.92686     42.900    33.2308    25.8650 -9.990e-29
 242.694855     43.243  34.702415     8.1383    2.93088     42.878    33.2300    25.8642 -9.990e-29
 242.694861     43.233  34.702410     8.1392    2.93632     42.868    33.2292    25.8634 -9.990e-29
 242.694867     43.237  34.702648     8.1394    2.92385     42.872    33.2292    25.8634 -9.990e-29
 242.694873     43.254  34.702326     8.1386    2.91998     42.889    33.2296    25.8639 -9.990e-29
 242.694878     43.278  34.701576     8.1372    2.91360     42.912    33.2302    25.8645 -9.990e-29
 242.694884     43.305  34.701078     8.1356    2.92857     42.939    33.2311    25.8655 -9.990e-29
 242.694890     43.317  34.700728     8.1345    2.92776     42.951    33.2318    25.8662 -9.990e-29
 242.694896     43.307  34.700618     8.1352    2.92064     42.941    33.2310    25.8655 -9.990e-29
 242.694902     43.279  34.701159     8.1370    2.91959     42.913    33.2299    25.8643 -9.990e-29
 242.694907     43.249  34.701953     8.1384    2.92141     42.884    33.2294    25.8637 -9.990e-29
 242.694913     43.235  34.702375     8.1389    2.92783     42.870    33.2294    25.8636 -9.990e-29
 242.694919     43.246  34.702430     8.1385    2.93047     42.881    33.2298    25.8640 -9.990e-29
 242.694925     43.277  34.702190     8.1375    2.92945     42.911    33.2305    25.8647 -9.990e-29
 242.694931     43.317  34.701898     8.1368    2.91879     42.951    33.2309    25.8651 -9.990e-29
 242.694936     43.354  34.701721     8.1367    2.92525     42.988    33.2307    25.8650 -9.990e-29
 242.694942     43.379  34.701423     8.1371    2.93416     43.012    33.2300    25.8644 -9.990e-29
 242.694948     43.395  34.701165     8.1378    2.93016     43.028    33.2291    25.8636 -9.990e-29
 242.694954     43.399  34.701163     8.1392    2.92985     43.032    33.2278    25.8623 -9.990e-29
 242.694959     43.386  34.701415     8.1411    2.92521     43.019    33.2262    25.8608 -9.990e-29
 242.694965     43.365  34.701696     8.1418    2.92451     42.999    33.2259    25.8605 -9.990e-29
 242.694971     43.350  34.701820     8.1422    2.93484     42.984    33.2256    25.8602 -9.990e-29
 242.694977     43.354  34.701953     8.1436    2.94263     42.988    33.2245    25.8591 -9.990e-29
 242.694983     43.377  34.702273     8.1447    2.93769     43.010    33.2237    25.8583 -9.990e-29
 242.694988     43.408  34.702646     8.1442    2.93480     43.041    33.2246    25.8591 -9.990e-29
 242.694994     43.444  34.702445     8.1434    2.93078     43.077    33.2251    25.8596 -9.990e-29
 242.695000     43.496  34.701965     8.1441    2.93061     43.128    33.2239    25.8586 -9.990e-29
 242.695006     43.568  34.702247     8.1455    2.93265     43.200    33.2229    25.8575 -9.990e-29
 242.695012     43.655  34.703104     8.1458    2.94917     43.286    33.2234    25.8580 -9.990e-29
 242.695017     43.755  34.703437     8.1453    2.94764     43.385    33.2242    25.8586 -9.990e-29
 242.695023     43.865  34.703129     8.1453    2.93439     43.494    33.2239    25.8584 -9.990e-29
 242.695029     43.988  34.702888     8.1457    2.91739     43.616    33.2232    25.8578 -9.990e-29
 242.695035     44.136  34.702952     8.1446    2.88836     43.763    33.2242    25.8587 0.0000e+00
 242.695041     44.327  34.702847     8.1395    2.86951     43.952    33.2288    25.8631 0.0000e+00
 242.695046     44.569  34.701313     8.1267    2.84012     44.192    33.2392    25.8732 0.0000e+00
 242.695052     44.856  34.696865     8.0991    2.80153     44.477    33.2605    25.8940 0.0000e+00
 242.695058     45.185  34.686372     8.0547    2.75711     44.803    33.2914    25.9247 0.0000e+00
 242.695064     45.556  34.669293     8.0077    2.72816     45.171    33.3177    25.9523 0.0000e+00
 242.695069     45.962  34.652561     7.9725    2.70492     45.573    33.3332    25.9696 0.0000e+00
 242.695075     46.394  34.641883     7.9509    2.68476     46.002    33.3422    25.9798 0.0000e+00
 242.695081     46.847  34.637024     7.9384    2.67065     46.451    33.3487    25.9867 0.0000e+00
 242.695087     47.314  34.635420     7.9299    2.66217     46.914    33.3549    25.9928 0.0000e+00
 242.695093     47.788  34.634365     7.9211    2.65110     47.384    33.3619    25.9996 0.0000e+00
 242.695098     48.255  34.632449     7.9103    2.65012     47.847    33.3699    26.0075 0.0000e+00
 242.695104     48.707  34.629356     7.9003    2.65352     48.295    33.3760    26.0137 0.0000e+00
 242.695110     49.142  34.626001     7.8934    2.66351     48.726    33.3788    26.0169 0.0000e+00
 242.695116     49.563  34.623513     7.8862    2.67701     49.143    33.3828    26.0212 0.0000e+00
 242.695122     49.975  34.620251     7.8753    2.72503     49.552    33.3895    26.0280 0.0000e+00
 242.695127     50.388  34.614106     7.8617    2.81483     49.961    33.3958    26.0349 0.0000e+00
 242.695133     50.797  34.606412     7.8466    2.94677     50.367    33.4018    26.0418 0.0000e+00
 242.695139     51.186  34.598678     7.8306    3.05504     50.753    33.4086    26.0495 0.0000e+00
 242.695145     51.541  34.590114     7.8172    3.09438     51.104    33.4121    26.0542 0.0000e+00
 242.695150     51.850  34.582749     7.8128    3.07137     51.411    33.4082    26.0518 0.0000e+00
 242.695156     52.109  34.581331     7.8188    3.00864     51.668    33.4009    26.0451 0.0000e+00
 242.695162     52.319  34.585647     7.8282    2.92905     51.876    33.3964    26.0403 0.0000e+00
 242.695168     52.487  34.590240     7.8343    2.85833     52.042    33.3954    26.0386 0.0000e+00
 242.695174     52.615  34.592264     7.8386    2.81915     52.169    33.3934    26.0364 -9.990e-29
 242.695179     52.705  34.593859     7.8419    2.82286     52.258    33.3919    26.0348 -9.990e-29
 242.695185     52.768  34.595470     7.8419    2.85336     52.321    33.3936    26.0361 -9.990e-29
 242.695191     52.813  34.595321     7.8386    2.89171     52.366    33.3966    26.0389 -9.990e-29
 242.695197     52.842  34.593216     7.8352    2.91957     52.394    33.3976    26.0402 -9.990e-29
 242.695203     52.857  34.590831     7.8338    2.91387     52.409    33.3963    26.0394 -9.990e-29
 242.695208     52.859  34.590028     7.8351    2.89105     52.411    33.3942    26.0376 -9.990e-29
 242.695214     52.857  34.590856     7.8390    2.89904     52.409    33.3914    26.0348 -9.990e-29
 242.695220     52.868  34.592738     7.8420    2.95115     52.420    33.3905    26.0337 -9.990e-29
 242.695226     52.900  34.594260     7.8384    3.05055     52.452    33.3956    26.0382 -9.990e-29
 242.695231     52.952  34.592410     7.8280    3.14298     52.503    33.4035    26.0459 -9.990e-29
 242.695237     53.014  34.586402     7.8172    3.20424     52.565    33.4074    26.0505 -9.990e-29
 242.695243     53.069  34.580555     7.8118    3.20690     52.619    33.4063    26.0504 -9.990e-29
 242.695249     53.095  34.578280     7.8124    3.13911     52.645    33.4032    26.0480 -9.990e-29
 242.695255     53.084  34.578780     7.8173    3.07229     52.634    33.3991    26.0440 -9.990e-29
 242.695260     53.054  34.581038     7.8243    3.01216     52.604    33.3948    26.0396 -9.990e-29
 242.695266     53.018  34.584144     7.8304    2.98459     52.569    33.3923    26.0368 -9.990e-29
 242.695272     52.989  34.586635     7.8329    2.97296     52.540    33.3926    26.0367 -9.990e-29
 242.695278     52.976  34.587348     7.8336    2.95150     52.527    33.3927    26.0366 -9.990e-29
 242.695284     52.979  34.587798     7.8362    2.90893     52.530    33.3907    26.0347 -9.990e-29
 242.695289     52.989  34.590265     7.8408    2.86561     52.540    33.3890    26.0326 -9.990e-29
 242.695295     52.999  34.593367     7.8458    2.82841     52.550    33.3875    26.0308 -9.990e-29
 242.695301     53.010  34.595633     7.8498    2.82774     52.561    33.3861    26.0291 -9.990e-29
 242.695307     53.026  34.597090     7.8518    2.84131     52.577    33.3857    26.0285 -9.990e-29
 242.695313     53.044  34.597434     7.8514    2.87494     52.595    33.3865    26.0291 -9.990e-29
 242.695318     53.060  34.596366     7.8490    2.95789     52.610    33.3876    26.0304 -9.990e-29
 242.695324     53.077  34.594700     7.8435    3.09780     52.627    33.3911    26.0339 -9.990e-29
 242.695330     53.099  34.593010     7.8319    3.25353     52.649    33.4004    26.0429 -9.990e-29
 242.695336     53.127  34.588475     7.8167    3.35364     52.677    33.4100    26.0527 -9.990e-29
 242.695341     53.147  34.581767     7.8072    3.34341     52.697    33.4119    26.0555 -9.990e-29
 242.695347     53.143  34.578507     7.8081    3.26234     52.693    33.4076    26.0520 -9.990e-29
 242.695353     53.110  34.579380     7.8164    3.15746     52.660    33.4006    26.0453 -9.990e-29
 242.695359     53.054  34.582180     7.8261    3.07705     52.604    33.3943    26.0390 -9.990e-29
 242.695365     52.993  34.585587     7.8330    3.02769     52.544    33.3914    26.0357 -9.990e-29
 242.695370     52.941  34.587977     7.8362    3.00082     52.492    33.3909    26.0348 -9.990e-29
 242.695376     52.899  34.589167     7.8372    2.99133     52.451    33.3913    26.0350 -9.990e-29
 242.695382     52.872  34.589618     7.8370    3.01404     52.424    33.3920    26.0355 -9.990e-29
 242.695388     52.871  34.589367     7.8358    3.06048     52.423    33.3928    26.0364 -9.990e-29
 242.695394     52.896  34.588633     7.8331    3.12742     52.448    33.3946    26.0382 -9.990e-29
 242.695399     52.940  34.587550     7.8280    3.21223     52.491    33.3983    26.0418 -9.990e-29
 242.695405     52.994  34.585230     7.8209    3.31494     52.545    33.4026    26.0462 -9.990e-29
 242.695411     53.044  34.581934     7.8126    3.41233     52.595    33.4070    26.0509 -9.990e-29
 242.695417     53.080  34.578863     7.8031    3.45895     52.630    33.4128    26.0568 -9.990e-29
 242.695422     53.096  34.575835     7.7961    3.48723     52.646    33.4162    26.0605 -9.990e-29
 242.695428     53.084  34.573850     7.7959    3.45379     52.634    33.4143    26.0590 -9.990e-29
 242.695434     53.044  34.573617     7.7992    3.39444     52.595    33.4109    26.0559 -9.990e-29
 242.695440     52.989  34.573136     7.8009    3.35205     52.540    33.4088    26.0540 -9.990e-29
 242.695446     52.948  34.571199     7.8007    3.32057     52.499    33.4069    26.0525 -9.990e-29
 242.695451     52.941  34.569704     7.8006    3.33807     52.492    33.4054    26.0514 -9.990e-29
 242.695457     52.974  34.570015     7.8004    3.35515     52.525    33.4059    26.0518 -9.990e-29
 242.695463     53.036  34.570860     7.7996    3.37923     52.587    33.4076    26.0532 -9.990e-29
 242.695469     53.117  34.571116     7.7991    3.40272     52.667    33.4083    26.0538 -9.990e-29
 242.695475     53.215  34.570556     7.7987    3.39037     52.764    33.4080    26.0537 -9.990e-29
 242.695480     53.335  34.569545     7.7979    3.39597     52.883    33.4076    26.0535 -9.990e-29
 242.695486     53.499  34.568970     7.7970    3.40110     53.046    33.4078    26.0538 0.0000e+00
 242.695492     53.720  34.569180     7.7962    3.41955     53.265    33.4087    26.0546 0.0000e+00
 242.695498     53.999  34.569889     7.7946    3.49150     53.541    33.4109    26.0565 0.0000e+00
 242.695503     54.330  34.570911     7.7912    3.56432     53.869    33.4151    26.0603 0.0000e+00
 242.695509     54.695  34.572480     7.7855    3.64974     54.231    33.4220    26.0666 0.0000e+00
 242.695515     55.077  34.574436     7.7773    3.73976     54.610    33.4318    26.0755 0.0000e+00
 242.695521     55.473  34.576013     7.7664    3.81466     55.003    33.4438    26.0865 0.0000e+00
 242.695527     55.886  34.576501     7.7557    3.87080     55.412    33.4544    26.0963 0.0000e+00
 242.695532     56.315  34.575421     7.7476    3.90500     55.837    33.4608    26.1026 0.0000e+00
 242.695538     56.751  34.572443     7.7410    3.92506     56.270    33.4637    26.1058 0.0000e+00
 242.695544     57.183  34.568070     7.7363    3.92596     56.698    33.4633    26.1062 0.0000e+00
 242.695550     57.608  34.564869     7.7335    3.92112     57.119    33.4624    26.1058 0.0000e+00
 242.695556     58.031  34.563608     7.7300    3.92006     57.539    33.4642    26.1078 0.0000e+00
 242.695561     58.458  34.561475     7.7251    3.91908     57.962    33.4664    26.1102 0.0000e+00
 242.695567     58.887  34.557857     7.7200    3.92069     58.387    33.4672    26.1116 0.0000e+00
 242.695573     59.311  34.554648     7.7157    3.92357     58.808    33.4677    26.1126 0.0000e+00
 242.695579     59.718  34.552605     7.7132    3.91376     59.211    33.4677    26.1130 0.0000e+00
 242.695584     60.095  34.551795     7.7119    3.90553     59.585    33.4679    26.1133 0.0000e+00
 242.695590     60.442  34.551689     7.7079    3.89241     59.929    33.4714    26.1167 0.0000e+00
 242.695596     60.767  34.550456     7.7005    3.87459     60.251    33.4771    26.1222 0.0000e+00
 242.695602     61.078  34.548127     7.6930    3.86847     60.559    33.4816    26.1268 0.0000e+00
 242.695608     61.369  34.547193     7.6877    3.86559     60.848    33.4856    26.1307 0.0000e+00
 242.695613     61.629  34.548080     7.6848    3.87419     61.106    33.4892    26.1340 0.0000e+00
 242.695619     61.849  34.549156     7.6845    3.88036     61.324    33.4906    26.1351 0.0000e+00
 242.695625     62.021  34.549605     7.6855    3.87192     61.494    33.4900    26.1345 0.0000e+00
 242.695631     62.152  34.549457     7.6864    3.85590     61.624    33.4889    26.1335 -9.990e-29
 242.695637     62.259  34.549068     7.6869    3.85624     61.730    33.4880    26.1327 -9.990e-29
 242.695642     62.353  34.549035     7.6870    3.86036     61.823    33.4878    26.1325 -9.990e-29
 242.695648     62.437  34.549307     7.6860    3.86647     61.907    33.4890    26.1336 -9.990e-29
 242.695654     62.501  34.549680     7.6851    3.87181     61.970    33.4902    26.1347 -9.990e-29
 242.695660     62.538  34.550081     7.6857    3.86757     62.007    33.4901    26.1345 -9.990e-29
 242.695666     62.550  34.549917     7.6868    3.86150     62.019    33.4888    26.1334 -9.990e-29
 242.695671     62.550  34.549525     7.6871    3.86739     62.019    33.4881    26.1328 -9.990e-29
 242.695677     62.547  34.549495     7.6870    3.86276     62.016    33.4882    26.1329 -9.990e-29
 242.695683     62.537  34.549781     7.6869    3.87678     62.006    33.4886    26.1332 -9.990e-29
 242.695689     62.510  34.550196     7.6871    3.88905     61.979    33.4889    26.1334 -9.990e-29
 242.695694     62.464  34.550165     7.6873    3.87505     61.933    33.4887    26.1332 -9.990e-29
 242.695700     62.415  34.549640     7.6872    3.86434     61.885    33.4882    26.1329 -9.990e-29
 242.695706     62.383  34.549036     7.6868    3.86175     61.853    33.4880    26.1327 -9.990e-29
 242.695712     62.385  34.548666     7.6864    3.85652     61.855    33.4879    26.1328 -9.990e-29
 242.695718     62.420  34.548591     7.6858    3.86233     61.890    33.4884    26.1332 -9.990e-29
 242.695723     62.474  34.548704     7.6846    3.87041     61.943    33.4897    26.1344 -9.990e-29
