data/oxygen options/ONMS/Olympic_Coast_National_Marine_Sanctuary_Hypoxia_Survey_CTD_Data_2004_2015/raw_data/2005/CTD_CE40_062105faed.cnv
* Sea-Bird SBE19 Data File:
* FileName = C:\hypoxia CTD data\CE40_062105.hex
* Software Version 1.1.5
* Temperature SN = 2997
* Conductivity SN = 2997
* System UpLoad Time = Jun 21 2005 12:36:51
* SEACAT PROFILER V3.1c SN 2997   06/21/05  12:36:20.595
* strain gauge pressure sensor: S/N = 184829,  range = 3000 psia,  tc = 40
# nquan = 9                                 
# nvalues = 1224                        
# units = specified
# name 0 = timeJ: Julian Days
# name 1 = prSM: Pressure, Strain Gauge [db]
# name 2 = c0mS/cm: Conductivity [mS/cm]
# name 3 = t090C: Temperature [ITS-90, deg C]
# name 4 = oxML/L: Oxygen, Beckman/YSI [ml/l]
# name 5 = depSM: Depth [salt water, m], lat = 47.5
# name 6 = sal00: Salinity, Practical [PSU]
# name 7 = sigma-é00: Density [sigma-theta, kg/m^3]
# name 8 = flag: flag
# span 0 = 172.512928, 172.520006       
# span 1 =     -4.347,     43.745       
# span 2 =   0.345262,  38.246405       
# span 3 =     9.0683,    16.7213       
# span 4 =   -0.11484,   23.39244       
# span 5 =     -4.311,     43.375       
# span 6 =     0.2046,    32.9849       
# span 7 =    -0.8086,    25.5302       
# span 8 = 0.0000e+00, 0.0000e+00       
# interval = seconds: 0.5
# start_time = Jun 21 2005 12:18:37 [Instrument's time stamp, header]
# bad_flag = -9.990e-29
*END*
[from data line 641]
 172.516638     11.708  38.010725    15.4748    6.34288     11.610    30.1951    22.1701 -9.990e-29
 172.516644     11.692  38.007549    15.4749    6.34646     11.594    30.1922    22.1679 -9.990e-29
 172.516649     11.676  38.004741    15.4749    6.34303     11.578    30.1898    22.1660 -9.990e-29
 172.516655     11.671  38.003593    15.4747    6.32889     11.573    30.1889    22.1653 -9.990e-29
 172.516661     11.681  38.003681    15.4737    6.32466     11.583    30.1897    22.1662 -9.990e-29
 172.516667     11.704  38.005108    15.4715    6.33216     11.606    30.1927    22.1689 -9.990e-29
 172.516672     11.732  38.008081    15.4687    6.35691     11.634    30.1974    22.1732 -9.990e-29
 172.516678     11.753  38.012061    15.4669    6.36532     11.655    30.2023    22.1774 -9.990e-29
 172.516684     11.757  38.015052    15.4674    6.34950     11.659    30.2046    22.1790 -9.990e-29
 172.516690     11.744  38.014294    15.4694    6.33654     11.646    30.2024    22.1769 -9.990e-29
 172.516696     11.721  38.009884    15.4711    6.32747     11.623    30.1972    22.1725 -9.990e-29
 172.516701     11.699  38.005463    15.4718    6.32624     11.601    30.1928    22.1689 -9.990e-29
 172.516707     11.687  38.003536    15.4716    6.34858     11.589    30.1912    22.1678 -9.990e-29
 172.516713     11.678  38.003202    15.4713    6.34869     11.580    30.1912    22.1678 -9.990e-29
 172.516719     11.668  38.003441    15.4713    6.34037     11.570    30.1914    22.1680 -9.990e-29
 172.516725     11.657  38.003437    15.4719    6.33014     11.559    30.1909    22.1675 -9.990e-29
 172.516730     11.647  38.002048    15.4722    6.32873     11.549    30.1895    22.1663 -9.990e-29
 172.516736     11.647  38.000772    15.4716    6.33918     11.549    30.1888    22.1659 -9.990e-29
 172.516742     11.661  38.001821    15.4698    6.34726     11.563    30.1911    22.1681 -9.990e-29
 172.516748     11.686  38.004897    15.4678    6.34717     11.588    30.1953    22.1718 -9.990e-29
 172.516753     11.711  38.008481    15.4670    6.34846     11.613    30.1991    22.1748 -9.990e-29
 172.516759     11.723  38.010045    15.4680    6.34394     11.625    30.1997    22.1751 -9.990e-29
 172.516765     11.721  38.008292    15.4695    6.34827     11.623    30.1970    22.1727 -9.990e-29
 172.516771     11.707  38.004798    15.4707    6.33838     11.609    30.1930    22.1694 -9.990e-29
 172.516777     11.690  38.001620    15.4712    6.33653     11.592    30.1898    22.1668 -9.990e-29
 172.516782     11.677  38.000117    15.4709    6.34177     11.579    30.1887    22.1660 -9.990e-29
 172.516788     11.676  38.000514    15.4704    6.34292     11.578    30.1895    22.1667 -9.990e-29
 172.516794     11.690  38.001645    15.4703    6.34557     11.592    30.1905    22.1676 -9.990e-29
 172.516800     11.717  38.002199    15.4706    6.33664     11.619    30.1908    22.1677 -9.990e-29
 172.516806     11.750  38.001778    15.4710    6.32722     11.652    30.1901    22.1671 -9.990e-29
 172.516811     11.786  38.000929    15.4711    6.33667     11.687    30.1893    22.1664 -9.990e-29
 172.516817     11.828  38.000747    15.4708    6.35517     11.729    30.1893    22.1665 -9.990e-29
 172.516823     11.870  38.001536    15.4708    6.35548     11.771    30.1900    22.1670 -9.990e-29
 172.516829     11.902  38.002091    15.4715    6.35149     11.802    30.1899    22.1668 -9.990e-29
 172.516834     11.926  38.000895    15.4724    6.35209     11.826    30.1882    22.1653 -9.990e-29
 172.516840     11.956  37.998582    15.4729    6.35658     11.856    30.1858    22.1633 -9.990e-29
 172.516846     12.012  37.997103    15.4728    6.35578     11.911    30.1845    22.1624 -9.990e-29
 172.516852     12.104  37.997275    15.4721    6.33921     12.003    30.1852    22.1630 -9.990e-29
 172.516858     12.236  37.998755    15.4704    6.30656     12.134    30.1877    22.1654 0.0000e+00
 172.516863     12.405  38.001257    15.4670    6.29271     12.301    30.1925    22.1698 0.0000e+00
 172.516869     12.612  38.005860    15.4597    6.28970     12.506    30.2021    22.1787 0.0000e+00
 172.516875     12.855  38.014763    15.4446    6.29246     12.747    30.2214    22.1969 0.0000e+00
 172.516881     13.138  38.030848    15.4173    6.31563     13.028    30.2565    22.2297 0.0000e+00
 172.516887     13.453  38.055916    15.3768    6.32000     13.340    30.3098    22.2794 0.0000e+00
 172.516892     13.791  38.087482    15.3302    6.34119     13.675    30.3736    22.3384 0.0000e+00
 172.516898     14.146  38.119384    15.2856    6.39551     14.027    30.4363    22.3962 0.0000e+00
 172.516904     14.520  38.152637    15.2435    6.44893     14.398    30.4984    22.4530 0.0000e+00
 172.516910     14.916  38.195100    15.1970    6.48985     14.791    30.5722    22.5197 0.0000e+00
 172.516916     15.329  38.235510    15.1348    6.48301     15.201    30.6567    22.5979 0.0000e+00
 172.516921     15.751  38.246405    15.0583    6.40771     15.619    30.7262    22.6677 0.0000e+00
 172.516927     16.171  38.225464    14.9820    6.27855     16.035    30.7673    22.7156 0.0000e+00
 172.516933     16.576  38.191846    14.8959    6.10252     16.437    30.8048    22.7627 0.0000e+00
 172.516939     16.972  38.144442    14.7577    5.84162     16.830    30.8714    22.8430 0.0000e+00
 172.516944     17.370  38.058154    14.5277    5.54168     17.224    30.9762    22.9718 0.0000e+00
 172.516950     17.774  37.911560    14.1969    5.21260     17.625    31.1080    23.1417 0.0000e+00
 172.516956     18.181  37.707692    13.7905    4.86124     18.028    31.2500    23.3339 0.0000e+00
 172.516962     18.582  37.474130    13.3336    4.61161     18.426    31.4077    23.5467 0.0000e+00
 172.516968     18.972  37.233039    12.8292    4.46110     18.813    31.6001    23.7939 0.0000e+00
 172.516973     19.347  36.976336    12.2898    4.41665     19.185    31.8104    24.0594 0.0000e+00
 172.516979     19.700  36.698651    11.7546    4.45396     19.535    32.0004    24.3059 0.0000e+00
 172.516985     20.029  36.419886    11.2929    4.55510     19.861    32.1282    24.4886 0.0000e+00
 172.516991     20.329  36.176414    10.9996    4.65179     20.158    32.1446    24.5532 0.0000e+00
 172.516997     20.592  36.024176    10.9465    4.75242     20.419    32.0405    24.4815 0.0000e+00
 172.517002     20.816  36.006208    11.1011    4.83321     20.641    31.8881    24.3359 0.0000e+00
 172.517008     21.000  36.101847    11.3269    4.84662     20.824    31.7868    24.2172 0.0000e+00
 172.517014     21.148  36.244616    11.4945    4.88186     20.970    31.7820    24.1836 -9.990e-29
 172.517020     21.270  36.364763    11.5535    4.89508     21.091    31.8483    24.2244 -9.990e-29
 172.517025     21.373  36.404989    11.5256    4.86958     21.194    31.9115    24.2785 -9.990e-29
 172.517031     21.455  36.365684    11.4197    4.83900     21.275    31.9645    24.3388 -9.990e-29
 172.517037     21.518  36.264519    11.2816    4.74111     21.337    31.9851    24.3794 -9.990e-29
 172.517043     21.560  36.139266    11.2406    4.64772     21.379    31.8977    24.3188 -9.990e-29
 172.517049     21.585  36.093674    11.2705    4.61271     21.404    31.8272    24.2586 -9.990e-29
 172.517054     21.608  36.119042    11.2467    4.55973     21.427    31.8726    24.2982 -9.990e-29
 172.517060     21.641  36.123038    11.1698    4.53358     21.459    31.9431    24.3666 -9.990e-29
 172.517066     21.688  36.105390    11.0348    4.49175     21.506    32.0431    24.4682 -9.990e-29
 172.517072     21.738  36.039187    10.8445    4.45486     21.555    32.1441    24.5800 -9.990e-29
 172.517078     21.778  35.909574    10.7154    4.46918     21.595    32.1288    24.5904 -9.990e-29
 172.517083     21.797  35.819522    10.7068    4.48050     21.614    32.0468    24.5281 -9.990e-29
 172.517089     21.796  35.811487    10.7553    4.50643     21.613    31.9964    24.4804 -9.990e-29
 172.517095     21.785  35.841637    10.7730    4.50085     21.602    32.0108    24.4886 -9.990e-29
 172.517101     21.771  35.858787    10.7338    4.48172     21.588    32.0622    24.5354 -9.990e-29
 172.517106     21.765  35.835914    10.6902    4.45839     21.582    32.0777    24.5550 -9.990e-29
 172.517112     21.777  35.802501    10.6716    4.43135     21.594    32.0608    24.5450 -9.990e-29
 172.517118     21.801  35.773958    10.6586    4.41610     21.618    32.0438    24.5340 -9.990e-29
 172.517124     21.832  35.743790    10.6216    4.40114     21.649    32.0462    24.5422 -9.990e-29
 172.517130     21.863  35.714939    10.5550    4.40286     21.679    32.0759    24.5768 -9.990e-29
 172.517135     21.892  35.690037    10.4938    4.41247     21.708    32.1049    24.6098 -9.990e-29
 172.517141     21.916  35.672295    10.4626    4.42448     21.732    32.1147    24.6227 -9.990e-29
 172.517147     21.928  35.664562    10.4589    4.44222     21.744    32.1102    24.6198 -9.990e-29
 172.517153     21.924  35.667720    10.4706    4.45206     21.740    32.1031    24.6123 -9.990e-29
 172.517159     21.910  35.675876    10.4885    4.46552     21.726    32.0955    24.6033 -9.990e-29
 172.517164     21.891  35.686443    10.5104    4.45932     21.707    32.0867    24.5928 -9.990e-29
 172.517170     21.872  35.701173    10.5284    4.45756     21.688    32.0856    24.5888 -9.990e-29
 172.517176     21.855  35.712790    10.5319    4.45361     21.671    32.0941    24.5949 -9.990e-29
 172.517182     21.849  35.713796    10.5199    4.44513     21.666    32.1057    24.6059 -9.990e-29
 172.517188     21.855  35.704407    10.5031    4.44142     21.671    32.1111    24.6130 -9.990e-29
 172.517193     21.872  35.692280    10.4922    4.43859     21.688    32.1086    24.6129 -9.990e-29
 172.517199     21.891  35.684780    10.4858    4.44984     21.707    32.1067    24.6126 -9.990e-29
 172.517205     21.910  35.680861    10.4791    4.46486     21.726    32.1087    24.6152 -9.990e-29
 172.517211     21.929  35.676409    10.4740    4.46216     21.745    32.1088    24.6161 -9.990e-29
 172.517216     21.950  35.671085    10.4783    4.45972     21.766    32.0996    24.6083 -9.990e-29
 172.517222     21.974  35.671796    10.4897    4.45074     21.789    32.0903    24.5991 -9.990e-29
 172.517228     21.998  35.679482    10.4950    4.45834     21.813    32.0933    24.6005 -9.990e-29
 172.517234     22.016  35.684199    10.4922    4.47434     21.831    32.1005    24.6066 -9.990e-29
 172.517240     22.024  35.682701    10.4916    4.47567     21.839    32.0995    24.6059 -9.990e-29
 172.517245     22.019  35.682513    10.4961    4.46706     21.834    32.0953    24.6019 -9.990e-29
 172.517251     21.999  35.685056    10.4983    4.46694     21.814    32.0960    24.6020 -9.990e-29
 172.517257     21.982  35.683623    10.4952    4.46839     21.797    32.0973    24.6036 -9.990e-29
 172.517263     21.982  35.677977    10.4897    4.46879     21.797    32.0965    24.6039 -9.990e-29
 172.517269     22.001  35.672357    10.4827    4.47482     21.816    32.0970    24.6055 -9.990e-29
 172.517274     22.026  35.667110    10.4761    4.47270     21.841    32.0976    24.6071 -9.990e-29
 172.517280     22.046  35.662519    10.4741    4.46953     21.861    32.0947    24.6052 -9.990e-29
 172.517286     22.058  35.661422    10.4760    4.46865     21.873    32.0920    24.6027 -9.990e-29
 172.517292     22.062  35.663465    10.4782    4.46793     21.877    32.0921    24.6024 -9.990e-29
 172.517297     22.060  35.665758    10.4796    4.45595     21.875    32.0931    24.6030 -9.990e-29
 172.517303     22.051  35.666867    10.4811    4.44935     21.866    32.0929    24.6026 -9.990e-29
 172.517309     22.039  35.667142    10.4822    4.44661     21.854    32.0922    24.6019 -9.990e-29
 172.517315     22.031  35.667500    10.4798    4.43736     21.846    32.0947    24.6042 -9.990e-29
 172.517321     22.027  35.665611    10.4695    4.43837     21.842    32.1019    24.6116 -9.990e-29
 172.517326     22.023  35.657265    10.4529    4.44339     21.838    32.1082    24.6193 -9.990e-29
 172.517332     22.018  35.644220    10.4409    4.44175     21.833    32.1057    24.6194 -9.990e-29
 172.517338     22.003  35.635419    10.4413    4.47135     21.818    32.0966    24.6122 -9.990e-29
 172.517344     21.969  35.635933    10.4516    4.46879     21.784    32.0880    24.6038 -9.990e-29
 172.517350     21.922  35.643633    10.4653    4.46111     21.738    32.0837    24.5981 -9.990e-29
 172.517355     21.877  35.653641    10.4759    4.45038     21.693    32.0843    24.5968 -9.990e-29
 172.517361     21.847  35.660237    10.4801    4.44702     21.664    32.0872    24.5983 -9.990e-29
 172.517367     21.844  35.661560    10.4772    4.45377     21.661    32.0911    24.6019 -9.990e-29
 172.517373     21.866  35.658248    10.4657    4.46164     21.682    32.0979    24.6091 -9.990e-29
 172.517378     21.900  35.649239    10.4499    4.45420     21.716    32.1028    24.6156 -9.990e-29
 172.517384     21.924  35.638208    10.4406    4.44865     21.740    32.1000    24.6150 -9.990e-29
 172.517390     21.934  35.632862    10.4431    4.45426     21.750    32.0924    24.6087 -9.990e-29
 172.517396     21.932  35.635589    10.4525    4.46473     21.748    32.0869    24.6027 -9.990e-29
 172.517402     21.928  35.642726    10.4606    4.46479     21.744    32.0869    24.6014 -9.990e-29
 172.517407     21.926  35.648085    10.4651    4.45486     21.742    32.0883    24.6017 -9.990e-29
 172.517413     21.925  35.650397    10.4686    4.46216     21.741    32.0875    24.6005 -9.990e-29
 172.517419     21.931  35.652180    10.4710    4.45872     21.747    32.0872    24.5998 -9.990e-29
 172.517425     21.950  35.653000    10.4692    4.46315     21.766    32.0896    24.6020 -9.990e-29
 172.517431     21.986  35.650578    10.4642    4.46641     21.801    32.0915    24.6044 -9.990e-29
 172.517436     22.027  35.646723    10.4621    4.46497     21.842    32.0895    24.6032 -9.990e-29
 172.517442     22.063  35.645817    10.4646    4.47487     21.878    32.0864    24.6003 -9.990e-29
 172.517448     22.093  35.647761    10.4691    4.47531     21.907    32.0844    24.5980 -9.990e-29
 172.517454     22.122  35.650654    10.4729    4.48205     21.936    32.0839    24.5970 -9.990e-29
 172.517459     22.160  35.653298    10.4741    4.46951     21.974    32.0855    24.5980 -9.990e-29
 172.517465     22.211  35.654167    10.4725    4.48271     22.024    32.0877    24.6000 -9.990e-29
 172.517471     22.273  35.652733    10.4692    4.48932     22.086    32.0892    24.6017 -9.990e-29
 172.517477     22.350  35.649877    10.4641    4.48356     22.162    32.0908    24.6038 -9.990e-29
 172.517483     22.443  35.645706    10.4574    4.46377     22.254    32.0925    24.6063 -9.990e-29
 172.517488     22.553  35.640816    10.4521    4.42355     22.364    32.0922    24.6070 -9.990e-29
 172.517494     22.684  35.637647    10.4494    4.37216     22.493    32.0914    24.6068 0.0000e+00
 172.517500     22.834  35.637010    10.4455    4.33053     22.642    32.0941    24.6096 0.0000e+00
 172.517506     23.013  35.635804    10.4289    4.28696     22.820    32.1075    24.6228 0.0000e+00
 172.517512     23.233  35.626807    10.3815    4.24308     23.038    32.1402    24.6563 0.0000e+00
 172.517517     23.491  35.599697    10.3012    4.17977     23.294    32.1840    24.7040 0.0000e+00
 172.517523     23.781  35.558119    10.2179    4.13160     23.581    32.2160    24.7429 0.0000e+00
 172.517529     24.101  35.525101    10.1623    4.07976     23.898    32.2320    24.7647 0.0000e+00
 172.517535     24.442  35.514893    10.1376    4.02454     24.237    32.2435    24.7779 0.0000e+00
 172.517541     24.794  35.522830    10.1278    3.98790     24.586    32.2601    24.7924 0.0000e+00
 172.517546     25.160  35.544338    10.1100    3.94862     24.948    32.2975    24.8246 0.0000e+00
 172.517552     25.541  35.568842    10.0721    3.93893     25.326    32.3560    24.8765 0.0000e+00
