data/oxygen options/ONMS/Olympic_Coast_National_Marine_Sanctuary_Hypoxia_Survey_CTD_Data_2004_2015/raw_data/2005/CTD_TH60_060705faed.cnv
* Sea-Bird SBE19 Data File:
* FileName = C:\hypoxia CTD data\TH60_060705.hex
* Software Version 1.1.5
* Temperature SN = 2997
* Conductivity SN = 2997
* System UpLoad Time = Jun 07 2005 12:40:28
* SEACAT PROFILER V3.1c SN 2997   06/07/05  12:39:26.793
* strain gauge pressure sensor: S/N = 184829,  range = 3000 psia,  tc = 40
# nquan = 9                                 
# nvalues = 713                         
# units = specified
# name 0 = timeJ: Julian Days
# name 1 = prSM: Pressure, Strain Gauge [db]
# name 2 = c0mS/cm: Conductivity [mS/cm]
# name 3 = t090C: Temperature [ITS-90, deg C]
# name 4 = oxML/L: Oxygen, Beckman/YSI [ml/l]
# name 5 = depSM: Depth [salt water, m], lat = 47.5
# name 6 = sal00: Salinity, Practical [PSU]
# name 7 = sigma-é00: Density [sigma-theta, kg/m^3]
# name 8 = flag: flag
# span 0 = 158.466285, 158.470405       
# span 1 =     -3.960,     60.682       
# span 2 =   0.225150,  37.380556       
# span 3 =     8.3199,    14.4436       
# span 4 =   -0.12216,   25.88874       
# span 5 =     -3.927,     60.167       
# span 6 =     0.1400,    33.3519       
# span 7 =    -0.5326,    25.9329       
# span 8 = 0.0000e+00, 0.0000e+00       
# interval = seconds: 0.5
# start_time = Jun 07 2005 11:11:27 [Instrument's time stamp, header]
# bad_flag = -9.990e-29
*END*
 158.466285     -3.930 -9.990e-29    13.1573   -0.12200     -3.897 -9.990e-29 -9.990e-29 -9.990e-29
 158.466291     -3.943   0.233515    13.1587   -0.12199     -3.910     0.1452    -0.5282 -9.990e-29
 158.466296     -3.956   0.234009    13.1599   -0.12199     -3.923     0.1455    -0.5281 -9.990e-29
 158.466302     -3.960   0.234199    13.1609   -0.12200     -3.927     0.1456    -0.5281 -9.990e-29
 158.466308     -3.952   0.233784    13.1621   -0.12199     -3.919     0.1453    -0.5285 -9.990e-29
 158.466314     -3.936   0.232763    13.1634   -0.12198     -3.903     0.1447    -0.5292 -9.990e-29
 158.466319     -3.919   0.231439    13.1648   -0.12200     -3.886     0.1439    -0.5300 -9.990e-29
 158.466325     -3.904   0.230265    13.1663   -0.12199     -3.871     0.1431    -0.5308 -9.990e-29
 158.466331     -3.885   0.229339    13.1677   -0.12200     -3.853     0.1425    -0.5314 -9.990e-29
 158.466337     -3.859   0.228537    13.1688   -0.12201     -3.827     0.1420    -0.5320 -9.990e-29
 158.466343     -3.831   0.227897    13.1698   -0.12203     -3.799     0.1416    -0.5324 -9.990e-29
 158.466348     -3.808   0.227675    13.1705   -0.12205     -3.776     0.1415    -0.5326 -9.990e-29
 158.466354     -3.784   0.228132    13.1711   -0.12206     -3.752     0.1418    -0.5325 -9.990e-29
 158.466360     -3.758   0.228766    13.1718   -0.12205     -3.727     0.1422    -0.5322 -9.990e-29
 158.466366     -3.733   0.228759    13.1720   -0.12204     -3.702     0.1421    -0.5323 -9.990e-29
 158.466372     -3.703   0.228105    13.1714   -0.12204     -3.672     0.1417    -0.5325 -9.990e-29
 158.466377     -3.669   0.227593    13.1702   -0.12205     -3.638     0.1414    -0.5326 -9.990e-29
 158.466383     -3.643   0.228206    13.1681   -0.12207     -3.613     0.1418    -0.5320 -9.990e-29
 158.466389     -3.623   0.229652    13.1647   -0.12210     -3.593     0.1427    -0.5309 -9.990e-29
 158.466395     -3.604   0.230533    13.1606   -0.12210     -3.574     0.1433    -0.5299 -9.990e-29
 158.466400     -3.584   0.230358    13.1572   -0.12210     -3.554     0.1432    -0.5295 -9.990e-29
 158.466406     -3.561   0.229451    13.1558   -0.12208     -3.531     0.1426    -0.5298 -9.990e-29
 158.466412     -3.536   0.228265    13.1564   -0.12211     -3.507     0.1419    -0.5305 -9.990e-29
 158.466418     -3.505   0.227438    13.1573   -0.12212     -3.476     0.1414    -0.5310 -9.990e-29
 158.466424     -3.467   0.226976    13.1569   -0.12211     -3.438     0.1411    -0.5312 -9.990e-29
 158.466429     -3.424   0.226263    13.1549   -0.12211     -3.395     0.1406    -0.5312 -9.990e-29
 158.466435     -3.377   0.225458    13.1514   -0.12216     -3.349     0.1401    -0.5312 -9.990e-29
 158.466441     -3.328   0.225150    13.1473   -0.11356     -3.300     0.1400    -0.5308 -9.990e-29
 158.466447     -3.286   0.225485    13.1443   -0.10159     -3.259     0.1402    -0.5302 -9.990e-29
 158.466453     -3.253   0.227463    13.1433   -0.09838     -3.226     0.1414    -0.5291 -9.990e-29
 158.466458     -3.223   0.232058    13.1425   -0.09810     -3.196     0.1443    -0.5268 -9.990e-29
 158.466464     -3.193   0.240408    13.1410   -0.09802     -3.166     0.1496    -0.5225 -9.990e-29
 158.466470     -3.158   0.260319    13.1417   -0.09805     -3.132     0.1622    -0.5128 -9.990e-29
 158.466476     -3.111   0.318340    13.1477   -0.09811     -3.085     0.1990    -0.4848 -9.990e-29
 158.466481     -3.053   0.494607    13.1662   -0.09814     -3.028     0.3128    -0.3986 -9.990e-29
 158.466487     -2.985   1.025250    13.2265   -0.09807     -2.960     0.6657    -0.1319 -9.990e-29
 158.466493     -2.903   2.615021    13.4159   -0.09801     -2.879     1.7716     0.7001 -9.990e-29
 158.466499     -2.805   7.382507    13.7515   -0.09800     -2.782     5.3023     3.3769 -9.990e-29
 158.466505     -2.690  16.644455    14.0725   -0.09805     -2.668    12.6457     8.9690 -9.990e-29
 158.466510     -2.554  26.809688    14.2631   -0.09802     -2.533    21.1807    15.4880 -9.990e-29
 158.466516     -2.407  33.262932    14.3511   -0.09800     -2.387    26.8052    19.7954 -9.990e-29
 158.466522     -2.260  35.900480    14.3844   -0.09800     -2.241    29.1453    21.5903 -9.990e-29
 158.466528     -2.120  36.768569    14.3907   -0.09802     -2.102    29.9240    22.1888 -9.990e-29
 158.466534     -1.996  37.026366    14.3903   -0.09803     -1.979    30.1575    22.3688 -9.990e-29
 158.466539     -1.889  37.099509    14.3949   -0.09800     -1.873    30.2201    22.4161 -9.990e-29
 158.466545     -1.795  37.141630    14.4022   -0.09799     -1.780    30.2525    22.4395 -9.990e-29
 158.466551     -1.714  37.185358    14.4070   -0.09802     -1.700    30.2883    22.4661 -9.990e-29
 158.466557     -1.641  37.218362    14.4085   -0.09806     -1.627    30.3169    22.4879 -9.990e-29
 158.466563     -1.578  37.225786    14.4081   -0.09800     -1.565    30.3240    22.4934 -9.990e-29
 158.466568     -1.531  37.222602    14.4078   -0.09798     -1.518    30.3213    22.4914 -9.990e-29
 158.466574     -1.492  37.235437    14.4079   -0.09797     -1.480    30.3328    22.5003 -9.990e-29
 158.466580     -1.455  37.254509    14.4081   -0.09798     -1.443    30.3499    22.5134 -9.990e-29
 158.466586     -1.421  37.258725    14.4085   -0.09801     -1.409    30.3534    22.5160 -9.990e-29
 158.466591     -1.392  37.250368    14.4086   -0.09802     -1.380    30.3458    22.5101 -9.990e-29
 158.466597     -1.368  37.248044    14.4083   -0.09813     -1.357    30.3439    22.5087 -9.990e-29
 158.466603     -1.350  37.258778    14.4081   -0.09804     -1.339    30.3538    22.5164 -9.990e-29
 158.466609     -1.342  37.261575    14.4081   -0.09799     -1.331    30.3563    22.5183 -9.990e-29
 158.466615     -1.343  37.243926    14.4082   -0.09801     -1.332    30.3402    22.5059 -9.990e-29
 158.466620     -1.348  37.233360    14.4087   -0.09802     -1.337    30.3303    22.4982 -9.990e-29
 158.466626     -1.347  37.253951    14.4096   -0.09804     -1.336    30.3482    22.5118 -9.990e-29
 158.466632     -1.325  37.281583    14.4097   -0.09817     -1.314    30.3731    22.5310 -9.990e-29
 158.466638     -1.281  37.290314    14.4071   -0.09813     -1.270    30.3831    22.5392 -9.990e-29
 158.466644     -1.229  37.281717    14.3976   -0.09808     -1.219    30.3827    22.5409 -9.990e-29
 158.466649     -1.192  37.266229    14.3865   -0.09807     -1.182    30.3774    22.5390 -9.990e-29
 158.466655     -1.181  37.255189    14.3872   -0.09812     -1.171    30.3668    22.5308 -9.990e-29
 158.466661     -1.181  37.257455    14.3961   -0.09810     -1.171    30.3619    22.5251 -9.990e-29
 158.466667     -1.167  37.271023    14.4016   -0.09801     -1.157    30.3699    22.5301 -9.990e-29
 158.466672     -1.130  37.275317    14.3995   -0.09800     -1.121    30.3754    22.5348 -9.990e-29
 158.466678     -1.084  37.260949    14.3867   -0.09804     -1.075    30.3724    22.5352 -9.990e-29
 158.466684     -1.044  37.242998    14.3709   -0.09804     -1.035    30.3685    22.5354 -9.990e-29
 158.466690     -1.011  37.232326    14.3695   -0.09808     -1.003    30.3599    22.5291 -9.990e-29
 158.466696     -0.983  37.228747    14.3797   -0.09805     -0.975    30.3487    22.5183 -9.990e-29
 158.466701     -0.958  37.224706    14.3843   -0.09801     -0.950    30.3414    22.5118 -9.990e-29
 158.466707     -0.935  37.215402    14.3814   -0.09801     -0.927    30.3352    22.5076 -9.990e-29
 158.466713     -0.913  37.210330    14.3834   -0.09804     -0.905    30.3291    22.5024 -9.990e-29
 158.466719     -0.885  37.219579    14.3935   -0.09805     -0.878    30.3295    22.5007 -9.990e-29
 158.466725     -0.846  37.242048    14.4031   -0.09810     -0.839    30.3423    22.5086 -9.990e-29
 158.466730     -0.798  37.260612    14.4065   -0.09805     -0.791    30.3565    22.5188 -9.990e-29
 158.466736     -0.749  37.255747    14.4035   -0.09802     -0.743    30.3544    22.5178 -9.990e-29
 158.466742     -0.710  37.236135    14.3981   -0.09803     -0.704    30.3408    22.5085 -9.990e-29
 158.466748     -0.679  37.226686    14.3970   -0.09804     -0.673    30.3331    22.5028 -9.990e-29
 158.466753     -0.649  37.236139    14.4006   -0.09805     -0.644    30.3389    22.5065 -9.990e-29
 158.466759     -0.618  37.256933    14.4037   -0.09806     -0.613    30.3553    22.5185 -9.990e-29
 158.466765     -0.589  37.271391    14.4028   -0.09804     -0.584    30.3691    22.5293 -9.990e-29
 158.466771     -0.568  37.264607    14.3962   -0.09802     -0.563    30.3681    22.5299 -9.990e-29
 158.466777     -0.558  37.247191    14.3891   -0.09803     -0.553    30.3579    22.5235 -9.990e-29
 158.466782     -0.555  37.240816    14.3904   -0.09803     -0.550    30.3511    22.5180 -9.990e-29
 158.466788     -0.549  37.250466    14.3981   -0.09804     -0.544    30.3538    22.5185 -9.990e-29
 158.466794     -0.536  37.262112    14.4039   -0.09804     -0.532    30.3598    22.5219 -9.990e-29
 158.466800     -0.514  37.258781    14.4052   -0.09802     -0.510    30.3557    22.5185 -9.990e-29
 158.466806     -0.488  37.244472    14.4032   -0.09802     -0.484    30.3443    22.5101 -9.990e-29
 158.466811     -0.464  37.233784    14.4011   -0.09804     -0.460    30.3363    22.5044 -9.990e-29
 158.466817     -0.444  37.231559    14.4019   -0.09805     -0.440    30.3336    22.5022 -9.990e-29
 158.466823     -0.428  37.238219    14.4053   -0.09809     -0.424    30.3370    22.5041 -9.990e-29
 158.466829     -0.413  37.249209    14.4083   -0.09808     -0.410    30.3446    22.5093 -9.990e-29
 158.466834     -0.401  37.252291    14.4091   -0.09807     -0.398    30.3467    22.5108 -9.990e-29
 158.466840     -0.388  37.244311    14.4086   -0.09806     -0.385    30.3399    22.5056 -9.990e-29
 158.466846     -0.376  37.235965    14.4082   -0.09807     -0.373    30.3327    22.5001 -9.990e-29
 158.466852     -0.362  37.234098    14.4087   -0.09809     -0.359    30.3306    22.4984 -9.990e-29
 158.466858     -0.347  37.238490    14.4091   -0.09808     -0.344    30.3342    22.5012 -9.990e-29
 158.466863     -0.329  37.242685    14.4074   -0.09807     -0.326    30.3394    22.5055 -9.990e-29
 158.466869     -0.311  37.238843    14.4013   -0.09807     -0.308    30.3406    22.5077 -9.990e-29
 158.466875     -0.300  37.230839    14.3934   -0.09810     -0.297    30.3396    22.5085 -9.990e-29
 158.466881     -0.297  37.227094    14.3907   -0.09812     -0.295    30.3383    22.5081 -9.990e-29
 158.466887     -0.292  37.227688    14.3934   -0.09813     -0.290    30.3367    22.5063 -9.990e-29
 158.466892     -0.280  37.227831    14.3955   -0.09808     -0.278    30.3352    22.5047 -9.990e-29
 158.466898     -0.261  37.225495    14.3936   -0.09805     -0.259    30.3346    22.5046 -9.990e-29
 158.466904     -0.235  37.222639    14.3908   -0.09803     -0.233    30.3342    22.5049 -9.990e-29
 158.466910     -0.202  37.221653    14.3914   -0.09803     -0.200    30.3328    22.5037 -9.990e-29
 158.466916     -0.170  37.222367    14.3935   -0.09804     -0.169    30.3318    22.5025 -9.990e-29
 158.466921     -0.141  37.221833    14.3914   14.70007     -0.140    30.3329    22.5038 -9.990e-29
 158.466927     -0.117  37.219363    14.3847   24.49999     -0.116    30.3359    22.5075 -9.990e-29
 158.466933     -0.106  37.217862    14.3787   25.88874     -0.105    30.3393    22.5113 -9.990e-29
 158.466939     -0.106  37.218155    14.3788   22.66375     -0.105    30.3395    22.5114 -9.990e-29
 158.466944     -0.109  37.220098    14.3867   14.68445     -0.108    30.3350    22.5064 -9.990e-29
 158.466950     -0.107  37.225185    14.3978   11.77780     -0.106    30.3309    22.5010 -9.990e-29
 158.466956     -0.096  37.232936    14.4065   11.79194     -0.095    30.3311    22.4993 -9.990e-29
 158.466962     -0.079  37.238009    14.4108   11.75934     -0.078    30.3324    22.4994 -9.990e-29
 158.466968     -0.058  37.238785    14.4124   11.75570     -0.058    30.3318    22.4986 -9.990e-29
 158.466973     -0.038  37.245299    14.4144   11.75586     -0.038    30.3361    22.5015 -9.990e-29
 158.466979     -0.025  37.274112    14.4174   11.75062     -0.025    30.3599    22.5192 -9.990e-29
 158.466985     -0.023  37.318243    14.4200   11.74587     -0.023    30.3978    22.5479 -9.990e-29
 158.466991     -0.028  37.347948    14.4215   11.74304     -0.028    30.4235    22.5674 -9.990e-29
 158.466997     -0.026  37.359120    14.4222   11.73908     -0.026    30.4331    22.5746 -9.990e-29
 158.467002     -0.005  37.363876    14.4224   11.73494     -0.005    30.4372    22.5778 -9.990e-29
 158.467008      0.031  37.365219    14.4223   11.73142      0.031    30.4385    22.5788 -9.990e-29
 158.467014      0.065  37.364951    14.4223   10.02189      0.064    30.4382    22.5786 -9.990e-29
 158.467020      0.085  37.364974    14.4229    6.81716      0.084    30.4378    22.5781 -9.990e-29
 158.467025      0.102  37.365894    14.4238    4.98050      0.101    30.4379    22.5780 -9.990e-29
 158.467031      0.124  37.366708    14.4244    4.36011      0.123    30.4382    22.5781 -9.990e-29
 158.467037      0.149  37.366828    14.4249    5.13410      0.148    30.4379    22.5778 -9.990e-29
 158.467043      0.170  37.366986    14.4259    6.26575      0.169    30.4372    22.5771 -9.990e-29
 158.467049      0.180  37.367962    14.4281    6.69679      0.178    30.4364    22.5760 -9.990e-29
 158.467054      0.180  37.369945    14.4308    6.92637      0.178    30.4361    22.5752 -9.990e-29
 158.467060      0.177  37.372224    14.4321    7.03866      0.176    30.4371    22.5757 -9.990e-29
 158.467066      0.181  37.373362    14.4311    7.10312      0.179    30.4389    22.5773 -9.990e-29
 158.467072      0.196  37.372643    14.4290    7.14390      0.194    30.4399    22.5785 -9.990e-29
 158.467078      0.218  37.370802    14.4275    7.17430      0.216    30.4394    22.5784 -9.990e-29
 158.467083      0.240  37.369320    14.4277    7.18417      0.238    30.4379    22.5772 -9.990e-29
 158.467089      0.256  37.369593    14.4289    7.17692      0.254    30.4372    22.5764 -9.990e-29
 158.467095      0.265  37.370872    14.4300    7.15721      0.263    30.4375    22.5764 -9.990e-29
 158.467101      0.279  37.371507    14.4306    7.14530      0.277    30.4376    22.5764 -9.990e-29
 158.467106      0.296  37.371794    14.4309    7.15758      0.294    30.4376    22.5763 -9.990e-29
 158.467112      0.311  37.372128    14.4310    7.17280      0.308    30.4378    22.5765 -9.990e-29
 158.467118      0.319  37.372400    14.4311    7.15971      0.316    30.4380    22.5766 -9.990e-29
 158.467124      0.320  37.372984    14.4320    7.14113      0.317    30.4378    22.5763 -9.990e-29
 158.467130      0.321  37.374107    14.4343    7.11045      0.318    30.4370    22.5752 -9.990e-29
 158.467135      0.328  37.376157    14.4369    7.11099      0.325    30.4368    22.5745 -9.990e-29
 158.467141      0.347  37.378512    14.4378    7.13159      0.344    30.4383    22.5754 -9.990e-29
 158.467147      0.374  37.379275    14.4365    7.13149      0.371    30.4400    22.5770 -9.990e-29
 158.467153      0.403  37.377791    14.4351    7.12499      0.400    30.4397    22.5771 -9.990e-29
 158.467159      0.427  37.376016    14.4352    7.09846      0.423    30.4380    22.5758 -9.990e-29
 158.467164      0.443  37.376076    14.4354    7.09343      0.439    30.4379    22.5757 -9.990e-29
 158.467170      0.457  37.376379    14.4339    7.10859      0.453    30.4393    22.5771 -9.990e-29
 158.467176      0.474  37.374536    14.4310    7.10261      0.470    30.4399    22.5781 -9.990e-29
 158.467182      0.490  37.371465    14.4297    7.08606      0.486    30.4382    22.5770 -9.990e-29
 158.467187      0.499  37.370369    14.4322    7.06144      0.495    30.4352    22.5743 -9.990e-29
 158.467193      0.496  37.373162    14.4366    7.05917      0.492    30.4343    22.5726 -9.990e-29
 158.467199      0.489  37.377405    14.4396    7.06876      0.485    30.4358    22.5732 -9.990e-29
 158.467205      0.492  37.379233    14.4401    7.06805      0.488    30.4370    22.5740 -9.990e-29
