data/oxygen options/ONMS/Olympic_Coast_National_Marine_Sanctuary_Hypoxia_Survey_CTD_Data_2004_2015/raw_data/2005/CTD_CA30_062205faed.cnv
* Sea-Bird SBE19 Data File:
* FileName = C:\hypoxia CTD data\CA30_062205.hex
* Software Version 1.1.5
* Temperature SN = 2997
* Conductivity SN = 2997
* System UpLoad Time = Jun 22 2005 16:40:25
* SEACAT PROFILER V3.1c SN 2997   06/22/05  16:40:05.600
* strain gauge pressure sensor: S/N = 184829,  range = 3000 psia,  tc = 40
# nquan = 9                                 
# nvalues = 468                         
# units = specified
# name 0 = timeJ: Julian Days
# name 1 = prSM: Pressure, Strain Gauge [db]
# name 2 = c0mS/cm: Conductivity [mS/cm]
# name 3 = t090C: Temperature [ITS-90, deg C]
# name 4 = oxML/L: Oxygen, Beckman/YSI [ml/l]
# name 5 = depSM: Depth [salt water, m], lat = 47.5
# name 6 = sal00: Salinity, Practical [PSU]
# name 7 = sigma-é00: Density [sigma-theta, kg/m^3]
# name 8 = flag: flag
# span 0 = 173.672731, 173.675434       
# span 1 =     -1.871,     28.104       
# span 2 =   3.146661,  38.495673       
# span 3 =     9.4424,    15.1779       
# span 4 =   -0.09611,   25.25578       
# span 5 =     -1.855,     27.868       
# span 6 =     2.5634,    32.6811       
# span 7 =     1.1220,    25.2321       
# span 8 = 0.0000e+00, 0.0000e+00       
# interval = seconds: 0.5
# start_time = Jun 22 2005 16:08:44 [Instrument's time stamp, header]
# bad_flag = -9.990e-29
*END*
[from data line 161]
 173.673663      2.209  38.494351    15.1759    7.14250      2.191    30.8601    22.7452 -9.990e-29
 173.673669      2.241  38.494252    15.1758    7.13584      2.222    30.8600    22.7452 -9.990e-29
 173.673675      2.266  38.494304    15.1757    7.13882      2.247    30.8601    22.7454 -9.990e-29
 173.673681      2.280  38.494023    15.1754    7.14824      2.261    30.8601    22.7454 -9.990e-29
 173.673686      2.290  38.493604    15.1753    7.15183      2.271    30.8598    22.7452 -9.990e-29
 173.673692      2.299  38.493619    15.1755    7.14967      2.280    30.8597    22.7450 -9.990e-29
 173.673698      2.309  38.494095    15.1761    7.13201      2.290    30.8596    22.7449 -9.990e-29
 173.673704      2.323  38.494555    15.1769    7.12389      2.304    30.8594    22.7445 -9.990e-29
 173.673709      2.348  38.495059    15.1771    7.13231      2.328    30.8597    22.7447 -9.990e-29
 173.673715      2.381  38.495168    15.1765    7.14683      2.361    30.8602    22.7453 -9.990e-29
 173.673721      2.411  38.494475    15.1761    7.15146      2.391    30.8599    22.7451 -9.990e-29
 173.673727      2.423  38.493748    15.1763    7.14581      2.403    30.8591    22.7444 -9.990e-29
 173.673733      2.413  38.493706    15.1769    7.13246      2.393    30.8586    22.7439 -9.990e-29
 173.673738      2.394  38.494302    15.1771    7.13455      2.374    30.8590    22.7442 -9.990e-29
 173.673744      2.381  38.494658    15.1765    7.13856      2.361    30.8598    22.7449 -9.990e-29
 173.673750      2.386  38.494698    15.1756    7.13214      2.366    30.8605    22.7457 -9.990e-29
 173.673756      2.410  38.494484    15.1750    7.12738      2.390    30.8608    22.7460 -9.990e-29
 173.673762      2.445  38.493739    15.1747    7.11736      2.425    30.8604    22.7457 -9.990e-29
 173.673767      2.486  38.493161    15.1740    7.12517      2.465    30.8604    22.7459 -9.990e-29
 173.673773      2.527  38.492549    15.1726    7.12689      2.506    30.8609    22.7466 -9.990e-29
 173.673779      2.561  38.491093    15.1712    7.13018      2.540    30.8607    22.7468 -9.990e-29
 173.673785      2.582  38.489666    15.1710    7.12681      2.560    30.8596    22.7459 -9.990e-29
 173.673791      2.587  38.489738    15.1718    7.11760      2.565    30.8590    22.7453 -9.990e-29
 173.673796      2.581  38.490853    15.1727    7.12331      2.559    30.8593    22.7454 -9.990e-29
 173.673802      2.576  38.491702    15.1735    7.12588      2.554    30.8594    22.7453 -9.990e-29
 173.673808      2.581  38.492303    15.1743    7.10654      2.559    30.8593    22.7451 -9.990e-29
 173.673814      2.590  38.492907    15.1747    7.10043      2.568    30.8596    22.7451 -9.990e-29
 173.673819      2.602  38.493208    15.1744    7.10738      2.580    30.8601    22.7456 -9.990e-29
 173.673825      2.616  38.493053    15.1733    7.11818      2.594    30.8608    22.7464 -9.990e-29
 173.673831      2.634  38.492244    15.1713    7.11874      2.612    30.8616    22.7475 -9.990e-29
 173.673837      2.652  38.490275    15.1695    7.11200      2.630    30.8613    22.7476 -9.990e-29
 173.673843      2.663  38.487891    15.1690    7.10154      2.641    30.8596    22.7463 -9.990e-29
 173.673848      2.668  38.486971    15.1693    7.10672      2.646    30.8585    22.7455 -9.990e-29
 173.673854      2.675  38.487418    15.1692    7.11422      2.653    30.8590    22.7459 -9.990e-29
 173.673860      2.685  38.487593    15.1685    7.12031      2.663    30.8597    22.7465 -9.990e-29
 173.673866      2.686  38.487178    15.1682    7.11761      2.664    30.8595    22.7465 -9.990e-29
 173.673872      2.669  38.486750    15.1688    7.09489      2.647    30.8587    22.7457 -9.990e-29
 173.673877      2.641  38.486865    15.1694    7.09932      2.619    30.8583    22.7453 -9.990e-29
 173.673883      2.619  38.487686    15.1696    7.10033      2.597    30.8589    22.7457 -9.990e-29
 173.673889      2.608  38.488075    15.1691    7.10533      2.586    30.8597    22.7464 -9.990e-29
 173.673895      2.605  38.487440    15.1684    7.11369      2.583    30.8596    22.7465 -9.990e-29
 173.673900      2.605  38.486624    15.1680    7.10949      2.583    30.8592    22.7463 -9.990e-29
 173.673906      2.608  38.486232    15.1681    7.09984      2.586    30.8588    22.7460 -9.990e-29
 173.673912      2.613  38.486308    15.1682    7.09231      2.591    30.8588    22.7459 -9.990e-29
 173.673918      2.621  38.486402    15.1679    7.09384      2.599    30.8591    22.7462 -9.990e-29
 173.673924      2.634  38.486088    15.1673    7.08877      2.612    30.8593    22.7465 -9.990e-29
 173.673929      2.647  38.485518    15.1666    7.10249      2.625    30.8593    22.7467 -9.990e-29
 173.673935      2.652  38.485060    15.1661    7.09578      2.630    30.8593    22.7468 -9.990e-29
 173.673941      2.650  38.484674    15.1657    7.09359      2.628    30.8593    22.7468 -9.990e-29
 173.673947      2.649  38.484415    15.1654    7.09037      2.627    30.8593    22.7469 -9.990e-29
 173.673953      2.654  38.484508    15.1651    7.08232      2.632    30.8596    22.7472 -9.990e-29
 173.673958      2.660  38.484525    15.1649    7.09060      2.638    30.8598    22.7474 -9.990e-29
 173.673964      2.660  38.484497    15.1653    7.09240      2.638    30.8594    22.7471 -9.990e-29
 173.673970      2.650  38.484955    15.1660    7.09550      2.628    30.8593    22.7468 -9.990e-29
 173.673976      2.636  38.485397    15.1664    7.09641      2.614    30.8594    22.7468 -9.990e-29
 173.673981      2.635  38.485298    15.1665    7.09429      2.613    30.8592    22.7466 -9.990e-29
 173.673987      2.652  38.485100    15.1669    7.08439      2.630    30.8587    22.7462 -9.990e-29
 173.673993      2.679  38.485108    15.1678    7.06764      2.657    30.8580    22.7454 -9.990e-29
 173.673999      2.708  38.485900    15.1688    7.07875      2.685    30.8579    22.7451 -9.990e-29
 173.674005      2.735  38.487420    15.1695    7.10252      2.712    30.8587    22.7456 -9.990e-29
 173.674010      2.755  38.488338    15.1702    7.09622      2.732    30.8590    22.7456 -9.990e-29
 173.674016      2.766  38.488763    15.1709    7.09042      2.743    30.8588    22.7454 -9.990e-29
 173.674022      2.765  38.489271    15.1714    7.06843      2.742    30.8589    22.7453 -9.990e-29
 173.674028      2.759  38.489427    15.1720    7.06172      2.736    30.8585    22.7449 -9.990e-29
 173.674034      2.761  38.489449    15.1725    7.07574      2.738    30.8582    22.7445 -9.990e-29
 173.674039      2.772  38.489935    15.1725    7.08092      2.749    30.8586    22.7449 -9.990e-29
 173.674045      2.783  38.490420    15.1722    7.07992      2.760    30.8592    22.7454 -9.990e-29
 173.674051      2.787  38.490439    15.1720    7.07738      2.764    30.8594    22.7456 -9.990e-29
 173.674057      2.784  38.490584    15.1723    7.08157      2.761    30.8593    22.7455 -9.990e-29
 173.674062      2.786  38.491058    15.1728    7.07745      2.763    30.8593    22.7454 -9.990e-29
 173.674068      2.803  38.491383    15.1732    7.06875      2.780    30.8593    22.7453 -9.990e-29
 173.674074      2.831  38.491438    15.1735    7.05533      2.807    30.8591    22.7451 -9.990e-29
 173.674080      2.859  38.491308    15.1732    7.06210      2.835    30.8592    22.7452 -9.990e-29
 173.674086      2.876  38.490826    15.1723    7.07296      2.852    30.8595    22.7456 -9.990e-29
 173.674091      2.879  38.489919    15.1721    7.08551      2.855    30.8588    22.7451 -9.990e-29
 173.674097      2.872  38.489627    15.1731    7.08236      2.848    30.8578    22.7441 -9.990e-29
 173.674103      2.863  38.490694    15.1743    7.06800      2.839    30.8578    22.7439 -9.990e-29
 173.674109      2.856  38.491747    15.1748    7.05067      2.832    30.8584    22.7442 -9.990e-29
 173.674115      2.855  38.491956    15.1751    7.05722      2.831    30.8583    22.7441 -9.990e-29
 173.674120      2.865  38.492169    15.1756    7.07858      2.841    30.8581    22.7438 -9.990e-29
 173.674126      2.876  38.492678    15.1760    7.08003      2.852    30.8582    22.7438 -9.990e-29
 173.674132      2.878  38.493048    15.1763    7.06865      2.854    30.8583    22.7439 -9.990e-29
 173.674138      2.865  38.493221    15.1769    7.05869      2.841    30.8580    22.7435 -9.990e-29
 173.674144      2.846  38.493435    15.1777    7.03439      2.822    30.8576    22.7430 -9.990e-29
 173.674149      2.837  38.493797    15.1779    7.06608      2.813    30.8578    22.7431 -9.990e-29
 173.674155      2.841  38.494233    15.1777    7.07722      2.817    30.8583    22.7435 -9.990e-29
 173.674161      2.845  38.494569    15.1776    7.06750      2.821    30.8587    22.7438 -9.990e-29
 173.674167      2.838  38.494677    15.1774    7.05726      2.814    30.8589    22.7441 -9.990e-29
 173.674172      2.818  38.494499    15.1772    7.03789      2.794    30.8589    22.7441 -9.990e-29
 173.674178      2.797  38.494345    15.1775    7.04550      2.774    30.8586    22.7438 -9.990e-29
 173.674184      2.787  38.494559    15.1779    7.05850      2.764    30.8585    22.7436 -9.990e-29
 173.674190      2.787  38.494853    15.1779    7.05579      2.764    30.8587    22.7438 -9.990e-29
 173.674196      2.789  38.495042    15.1778    7.06075      2.766    30.8590    22.7440 -9.990e-29
 173.674201      2.788  38.495364    15.1776    7.06658      2.765    30.8594    22.7444 -9.990e-29
 173.674207      2.788  38.495673    15.1767    7.05391      2.765    30.8604    22.7453 -9.990e-29
 173.674213      2.799  38.495247    15.1746    7.05420      2.776    30.8617    22.7468 -9.990e-29
 173.674219      2.820  38.493503    15.1715    7.05552      2.796    30.8625    22.7481 -9.990e-29
 173.674225      2.845  38.490343    15.1685    7.03865      2.821    30.8621    22.7484 -9.990e-29
 173.674230      2.866  38.487151    15.1671    7.06659      2.842    30.8603    22.7473 -9.990e-29
 173.674236      2.873  38.485825    15.1676    7.08101      2.849    30.8587    22.7460 -9.990e-29
 173.674242      2.852  38.486263    15.1689    7.05199      2.828    30.8581    22.7453 -9.990e-29
 173.674248      2.807  38.487350    15.1700    7.02883      2.784    30.8582    22.7451 -9.990e-29
 173.674253      2.757  38.488280    15.1707    7.01241      2.734    30.8585    22.7452 -9.990e-29
 173.674259      2.719  38.488597    15.1709    7.03020      2.696    30.8587    22.7453 -9.990e-29
 173.674265      2.703  38.488151    15.1706    7.06225      2.680    30.8585    22.7452 -9.990e-29
 173.674271      2.709  38.487456    15.1702    7.07644      2.686    30.8582    22.7451 -9.990e-29
 173.674277      2.720  38.487254    15.1699    7.05889      2.697    30.8583    22.7452 -9.990e-29
 173.674282      2.720  38.487260    15.1694    7.04177      2.697    30.8587    22.7456 -9.990e-29
 173.674288      2.713  38.486906    15.1682    7.03675      2.690    30.8593    22.7463 -9.990e-29
 173.674294      2.716  38.486267    15.1669    7.05792      2.693    30.8597    22.7469 -9.990e-29
 173.674300      2.732  38.485598    15.1661    7.06830      2.709    30.8598    22.7471 -9.990e-29
 173.674306      2.751  38.485116    15.1658    7.05599      2.728    30.8596    22.7470 -9.990e-29
 173.674311      2.765  38.484724    15.1660    7.04313      2.742    30.8591    22.7466 -9.990e-29
 173.674317      2.779  38.484445    15.1664    7.03447      2.756    30.8585    22.7461 -9.990e-29
 173.674323      2.802  38.484456    15.1669    7.03629      2.779    30.8581    22.7457 -9.990e-29
 173.674329      2.837  38.484758    15.1677    7.04886      2.813    30.8577    22.7452 -9.990e-29
 173.674334      2.876  38.485739    15.1685    7.05698      2.852    30.8580    22.7452 -9.990e-29
 173.674340      2.913  38.487009    15.1688    7.05959      2.889    30.8588    22.7458 -9.990e-29
 173.674346      2.943  38.487445    15.1686    7.04264      2.918    30.8594    22.7463 -9.990e-29
 173.674352      2.963  38.487052    15.1684    7.03187      2.938    30.8592    22.7462 -9.990e-29
 173.674358      2.979  38.486412    15.1684    7.03548      2.954    30.8586    22.7457 -9.990e-29
 173.674363      2.995  38.485780    15.1688    7.05936      2.970    30.8577    22.7450 -9.990e-29
 173.674369      3.010  38.485422    15.1693    7.06653      2.985    30.8570    22.7443 -9.990e-29
 173.674375      3.018  38.485408    15.1694    7.04979      2.993    30.8569    22.7442 -9.990e-29
 173.674381      3.021  38.485703    15.1693    7.03628      2.996    30.8572    22.7445 -9.990e-29
 173.674387      3.024  38.486125    15.1695    7.04578      2.999    30.8575    22.7446 -9.990e-29
 173.674392      3.035  38.486104    15.1693    7.05588      3.010    30.8576    22.7448 -9.990e-29
 173.674398      3.059  38.485597    15.1680    7.05925      3.033    30.8582    22.7455 -9.990e-29
 173.674404      3.092  38.484476    15.1659    7.05251      3.066    30.8588    22.7464 -9.990e-29
 173.674410      3.126  38.482912    15.1643    7.05721      3.100    30.8586    22.7467 -9.990e-29
 173.674416      3.148  38.482172    15.1642    7.05640      3.122    30.8581    22.7462 -9.990e-29
 173.674421      3.161  38.482376    15.1648    7.04408      3.135    30.8578    22.7459 -9.990e-29
 173.674427      3.169  38.482659    15.1653    7.02968      3.143    30.8576    22.7457 -9.990e-29
 173.674433      3.173  38.482822    15.1655    7.03202      3.146    30.8576    22.7456 -9.990e-29
 173.674439      3.177  38.483071    15.1655    7.04962      3.150    30.8578    22.7458 -9.990e-29
 173.674444      3.186  38.483163    15.1650    7.05216      3.159    30.8583    22.7463 -9.990e-29
 173.674450      3.201  38.482647    15.1642    7.05587      3.174    30.8585    22.7465 -9.990e-29
 173.674456      3.218  38.481943    15.1637    7.05033      3.191    30.8582    22.7465 -9.990e-29
 173.674462      3.230  38.481778    15.1638    7.04811      3.203    30.8580    22.7463 -9.990e-29
 173.674468      3.237  38.481917    15.1641    7.04661      3.210    30.8579    22.7461 -9.990e-29
 173.674473      3.248  38.481971    15.1641    7.04351      3.221    30.8579    22.7462 -9.990e-29
 173.674479      3.265  38.481998    15.1639    7.03840      3.238    30.8581    22.7463 -9.990e-29
 173.674485      3.280  38.482021    15.1637    7.03824      3.253    30.8583    22.7465 -9.990e-29
 173.674491      3.289  38.482057    15.1637    7.05077      3.262    30.8583    22.7465 -9.990e-29
 173.674497      3.293  38.482138    15.1634    7.04863      3.265    30.8586    22.7468 -9.990e-29
 173.674502      3.292  38.482358    15.1627    7.03977      3.264    30.8594    22.7476 -9.990e-29
 173.674508      3.291  38.481874    15.1621    7.03492      3.264    30.8594    22.7477 -9.990e-29
 173.674514      3.298  38.480589    15.1620    7.04668      3.270    30.8583    22.7469 -9.990e-29
 173.674520      3.317  38.480141    15.1622    7.05431      3.289    30.8578    22.7464 -9.990e-29
 173.674525      3.346  38.480481    15.1625    7.04583      3.318    30.8578    22.7464 -9.990e-29
 173.674531      3.373  38.480926    15.1626    7.03848      3.345    30.8581    22.7466 -9.990e-29
 173.674537      3.388  38.481493    15.1626    7.03400      3.360    30.8586    22.7470 -9.990e-29
 173.674543      3.392  38.481802    15.1627    7.05017      3.364    30.8588    22.7472 -9.990e-29
 173.674549      3.388  38.481689    15.1630    7.05455      3.360    30.8585    22.7468 -9.990e-29
 173.674554      3.377  38.481552    15.1633    7.04830      3.349    30.8581    22.7465 -9.990e-29
 173.674560      3.363  38.481755    15.1635    7.04850      3.335    30.8582    22.7465 -9.990e-29
 173.674566      3.353  38.481994    15.1635    7.04423      3.325    30.8584    22.7466 -9.990e-29
 173.674572      3.354  38.482013    15.1632    7.03806      3.326    30.8586    22.7469 -9.990e-29
 173.674578      3.372  38.481824    15.1623    7.03260      3.344    30.8592    22.7475 -9.990e-29
