data/oxygen options/ONMS/Olympic_Coast_National_Marine_Sanctuary_Hypoxia_Survey_CTD_Data_2004_2015/raw_data/2005/CTD_TH60_083105faedb.cnv
* Sea-Bird SBE19 Data File:
* FileName = C:\hypoxia CTD data\TH60_083105.hex
* Software Version 1.1.5
* Temperature SN = 2997
* Conductivity SN = 2997
* System UpLoad Time = Aug 31 2005 15:38:50
** Teahwhit Head 083105 60m
* SEACAT PROFILER V3.1c SN 2997   08/31/05  15:34:37.106
# nquan = 9
# nvalues = 60                          
# units = specified
# name 0 = timeJ: Julian Days
# name 1 = prSM: Pressure, Strain Gauge [db]
# name 2 = c0mS/cm: Conductivity [mS/cm]
# name 3 = t090C: Temperature [ITS-90, deg C]
# name 4 = oxML/L: Oxygen, Beckman/YSI [ml/l]
# name 5 = depSM: Depth [salt water, m], lat = 47.5
# name 6 = sal00: Salinity, Practical [PSU]
# name 7 = sigma-é00: Density [sigma-theta, kg/m^3]
# name 8 = flag: flag
# span 0 = 243.474341, 243.475097       
# span 1 =      3.000,     62.000       
# span 2 =  34.545148,  38.295270       
# span 3 =     7.4828,    13.3831       
# span 4 =    2.98231,    7.32754       
# span 5 =      2.975,     61.474       
# span 6 =    32.1389,    33.7293       
# span 7 =    24.1018,    26.3513       
# span 8 = 0.0000e+00, 0.0000e+00       
# interval = decibars: 1                
# start_time = Aug 31 2005 11:19:54 [Instrument's time stamp, header]
# bad_flag = -9.990e-29
*END*
 243.474341      3.000  38.295270    13.3831    7.31445      2.975    32.1389    24.1018 0.0000e+00
 243.474364      4.000  38.170719    13.1920    7.14989      3.966    32.1834    24.1741 0.0000e+00
 243.474380      5.000  38.080108    13.0341    7.02727      4.958    32.2318    24.2426 0.0000e+00
 243.474394      6.000  37.997995    12.8258    7.02476      5.950    32.3316    24.3605 0.0000e+00
 243.474407      7.000  37.889878    12.5741    7.04638      6.941    32.4446    24.4966 0.0000e+00
 243.474418      8.000  37.773883    12.3705    7.08842      7.933    32.5094    24.5858 0.0000e+00
 243.474430      9.000  37.691227    12.2432    7.11594      8.925    32.5401    24.6337 0.0000e+00
 243.474441     10.000  37.623130    12.1451    7.07354      9.916    32.5596    24.6673 0.0000e+00
 243.474452     11.000  37.570452    12.0647    7.01448     10.908    32.5785    24.6971 0.0000e+00
 243.474464     12.000  37.505744    11.9480    6.98142     11.900    32.6175    24.7492 0.0000e+00
 243.474475     13.000  37.420593    11.8181    6.98741     12.891    32.6485    24.7973 0.0000e+00
 243.474486     14.000  37.350398    11.7261    7.02543     13.883    32.6606    24.8238 0.0000e+00
 243.474497     15.000  37.312621    11.6691    7.13902     14.874    32.6736    24.8443 0.0000e+00
 243.474506     16.000  37.300244    11.6352    7.32754     15.866    32.6910    24.8641 0.0000e+00
 243.474518     17.000  37.302383    11.6018    7.26140     16.858    32.7221    24.8943 0.0000e+00
 243.474528     18.000  37.285554    11.5453    6.86173     17.849    32.7552    24.9304 0.0000e+00
 243.474539     19.000  37.234032    11.3953    6.38107     18.841    32.8375    25.0216 0.0000e+00
 243.474550     20.000  37.032823    10.9542    5.90681     19.832    33.0334    25.2527 0.0000e+00
 243.474560     21.000  36.638438    10.4251    5.47018     20.824    33.1178    25.4108 0.0000e+00
 243.474571     22.000  36.313354    10.0886    5.06136     21.815    33.0963    25.4514 0.0000e+00
 243.474581     23.000  36.102243     9.7717    4.65502     22.807    33.1720    25.5632 0.0000e+00
 243.474593     24.000  35.835194     9.4054    4.28631     23.799    33.2364    25.6731 0.0000e+00
 243.474604     25.000  35.554422     9.0297    4.02916     24.790    33.2954    25.7792 0.0000e+00
 243.474616     26.000  35.306542     8.7479    3.86095     25.781    33.3004    25.8271 0.0000e+00
 243.474629     27.000  35.152273     8.5906    3.73662     26.773    33.2861    25.8400 0.0000e+00
 243.474641     28.000  35.078232     8.4725    3.58530     27.765    33.3191    25.8839 0.0000e+00
 243.474654     29.000  34.958649     8.2942    3.46968     28.756    33.3609    25.9435 0.0000e+00
 243.474666     30.000  34.831635     8.1336    3.44893     29.747    33.3782    25.9810 0.0000e+00
 243.474678     31.000  34.736549     8.0136    3.49364     30.739    33.3907    26.0085 0.0000e+00
 243.474688     32.000  34.680932     7.9519    3.53891     31.730    33.3897    26.0168 0.0000e+00
 243.474700     33.000  34.657089     7.9253    3.56155     32.722    33.3893    26.0203 0.0000e+00
 243.474711     34.000  34.643713     7.8994    3.57507     33.714    33.3992    26.0319 0.0000e+00
 243.474722     35.000  34.627848     7.8577    3.60528     34.705    33.4216    26.0556 0.0000e+00
 243.474735     36.000  34.608364     7.7896    3.66724     35.697    33.4655    26.0999 0.0000e+00
 243.474747     37.000  34.582350     7.7082    3.71322     36.688    33.5153    26.1508 0.0000e+00
 243.474759     38.000  34.563780     7.6609    3.70265     37.679    33.5404    26.1773 0.0000e+00
 243.474772     39.000  34.556236     7.6331    3.66157     38.671    33.5587    26.1956 0.0000e+00
 243.474784     40.000  34.550332     7.6121    3.61697     39.663    33.5721    26.2092 0.0000e+00
 243.474796     41.000  34.545148     7.5954    3.51289     40.654    33.5821    26.2195 0.0000e+00
 243.474807     42.000  34.546320     7.5829    3.34411     41.645    33.5950    26.2314 0.0000e+00
 243.474819     43.000  34.555043     7.5682    3.18264     42.637    33.6181    26.2516 0.0000e+00
 243.474829     44.000  34.568529     7.5513    3.07893     43.628    33.6486    26.2780 0.0000e+00
 243.474842     45.000  34.581824     7.5438    3.03151     44.619    33.6698    26.2958 0.0000e+00
 243.474854     46.000  34.593949     7.5436    3.01980     45.611    33.6827    26.3059 0.0000e+00
 243.474867     47.000  34.594511     7.5362    3.03328     46.602    33.6899    26.3128 0.0000e+00
 243.474879     48.000  34.594478     7.5285    3.03314     47.594    33.6969    26.3194 0.0000e+00
 243.474891     49.000  34.594621     7.5213    3.04024     48.585    33.7035    26.3256 0.0000e+00
 243.474902     50.000  34.594080     7.5154    3.04926     49.577    33.7082    26.3302 0.0000e+00
 243.474914     51.000  34.593024     7.5117    3.05021     50.568    33.7102    26.3322 0.0000e+00
 243.474927     52.000  34.591876     7.5088    3.03774     51.560    33.7113    26.3335 0.0000e+00
 243.474939     53.000  34.590751     7.5069    3.03321     52.551    33.7114    26.3339 0.0000e+00
 243.474952     54.000  34.589971     7.5055    3.03700     53.542    33.7115    26.3342 0.0000e+00
 243.474965     55.000  34.591345     7.5026    3.02510     54.534    33.7152    26.3376 0.0000e+00
 243.474978     56.000  34.592234     7.4987    3.01233     55.525    33.7195    26.3415 0.0000e+00
 243.474990     57.000  34.591567     7.4918    3.00035     56.516    33.7250    26.3467 0.0000e+00
 243.475002     58.000  34.589951     7.4866    2.99247     57.508    33.7278    26.3497 0.0000e+00
 243.475015     59.000  34.589436     7.4841    3.00452     58.499    33.7293    26.3512 0.0000e+00
 243.475029     60.000  34.589714     7.4839    2.98829     59.491    33.7293    26.3513 0.0000e+00
 243.475048     61.000  34.588898     7.4828    2.98231     60.482    33.7290    26.3513 0.0000e+00
 243.475097     62.000  34.588963     7.4844    2.99279     61.474    33.7270    26.3494 0.0000e+00
