data/oxygen options/ONMS/Olympic_Coast_National_Marine_Sanctuary_Hypoxia_Survey_CTD_Data_2004_2015/raw_data/2005/CTD_TH100_062205faedb.cnv
* Sea-Bird SBE19 Data File:
* FileName = C:\hypoxia CTD data\TH100_062205.hex
* Software Version 1.1.5
* Temperature SN = 2997
* Conductivity SN = 2997
* System UpLoad Time = Jun 22 2005 12:10:44
* SEACAT PROFILER V3.1c SN 2997   06/22/05  12:10:22.290
* strain gauge pressure sensor: S/N = 184829,  range = 3000 psia,  tc = 40
# nquan = 9
# nvalues = 99                          
# units = specified
# name 0 = timeJ: Julian Days
# name 1 = prSM: Pressure, Strain Gauge [db]
# name 2 = c0mS/cm: Conductivity [mS/cm]
# name 3 = t090C: Temperature [ITS-90, deg C]
# name 4 = oxML/L: Oxygen, Beckman/YSI [ml/l]
# name 5 = depSM: Depth [salt water, m], lat = 47.5
# name 6 = sal00: Salinity, Practical [PSU]
# name 7 = sigma-é00: Density [sigma-theta, kg/m^3]
# name 8 = flag: flag
# span 0 = 173.502828, 173.504058       
# span 1 =      3.000,    101.000       
# span 2 =  34.759726,  39.109270       
# span 3 =     7.7313,    15.1664       
# span 4 =    2.75672,    6.67830       
# span 5 =      2.975,    100.133       
# span 6 =    31.4159,    33.7065       
# span 7 =    23.1754,    26.2979       
# span 8 = 0.0000e+00, 0.0000e+00       
# interval = decibars: 1                
# start_time = Jun 22 2005 12:00:58 [Instrument's time stamp, header]
# bad_flag = -9.990e-29
*END*
 173.502828      3.000  39.109270    15.1664    6.19729      2.975    31.4167    23.1756 0.0000e+00
 173.502847      4.000  39.107009    15.1644    6.25356      3.967    31.4159    23.1754 0.0000e+00
 173.502862      5.000  39.105742    15.1555    6.36571      4.958    31.4215    23.1817 0.0000e+00
 173.502874      6.000  39.086329    15.1202    6.35721      5.950    31.4321    23.1974 0.0000e+00
 173.502887      7.000  39.039613    15.0451    6.32781      6.941    31.4502    23.2275 0.0000e+00
 173.502898      8.000  38.909242    14.8070    6.53073      7.933    31.5245    23.3354 0.0000e+00
 173.502910      9.000  38.417611    14.1570    6.67830      8.925    31.6062    23.5340 0.0000e+00
 173.502921     10.000  37.629200    13.3547    6.60504      9.916    31.5385    23.6438 0.0000e+00
 173.502932     11.000  37.061872    12.6883    6.45007     10.908    31.5594    23.7895 0.0000e+00
 173.502944     12.000  36.696079    12.3462    6.42417     11.899    31.4980    23.8066 0.0000e+00
 173.502954     13.000  36.530189    12.1676    6.33579     12.891    31.4891    23.8330 0.0000e+00
 173.502966     14.000  36.409291    12.0284    6.08612     13.883    31.4899    23.8594 0.0000e+00
 173.502977     15.000  36.304211    11.8795    5.74417     14.874    31.5141    23.9056 0.0000e+00
 173.502988     16.000  36.138850    11.5684    5.37728     15.866    31.6180    24.0426 0.0000e+00
 173.502999     17.000  35.853985    11.1724    5.11056     16.857    31.6784    24.1601 0.0000e+00
 173.503009     18.000  35.598377    10.8710    4.95134     17.849    31.6862    24.2190 0.0000e+00
 173.503021     19.000  35.442619    10.7402    4.91500     18.841    31.6447    24.2092 0.0000e+00
 173.503031     20.000  35.398965    10.6901    4.94049     19.832    31.6443    24.2175 0.0000e+00
 173.503042     21.000  35.373160    10.6503    4.93618     20.824    31.6527    24.2309 0.0000e+00
 173.503054     22.000  35.353318    10.6026    4.92525     21.815    31.6740    24.2556 0.0000e+00
 173.503065     23.000  35.324062    10.5358    4.89303     22.807    31.7024    24.2892 0.0000e+00
 173.503078     24.000  35.291237    10.4812    4.84258     23.798    31.7167    24.3095 0.0000e+00
 173.503089     25.000  35.269424    10.4212    4.81901     24.790    31.7468    24.3432 0.0000e+00
 173.503101     26.000  35.246609    10.3739    4.80199     25.781    31.7648    24.3652 0.0000e+00
 173.503112     27.000  35.236211    10.3586    4.78767     26.773    31.7674    24.3697 0.0000e+00
 173.503123     28.000  35.231365    10.3401    4.77947     27.764    31.7784    24.3814 0.0000e+00
 173.503134     29.000  35.214248    10.2888    4.71583     28.756    31.8055    24.4112 0.0000e+00
 173.503145     30.000  35.189863    10.2261    4.65380     29.747    31.8357    24.4452 0.0000e+00
 173.503156     31.000  35.168454    10.1682    4.60329     30.739    31.8646    24.4774 0.0000e+00
 173.503167     32.000  35.145962    10.0939    4.51639     31.730    31.9070    24.5228 0.0000e+00
 173.503178     33.000  35.108623    10.0078    4.40997     32.722    31.9448    24.5665 0.0000e+00
 173.503189     34.000  35.071455     9.9305    4.31712     33.713    31.9752    24.6029 0.0000e+00
 173.503200     35.000  35.026849     9.8227    4.22987     34.705    32.0251    24.6595 0.0000e+00
 173.503211     36.000  34.919404     9.6688    4.18699     35.696    32.0524    24.7058 0.0000e+00
 173.503223     37.000  34.842461     9.6097    4.14200     36.688    32.0261    24.6949 0.0000e+00
 173.503235     38.000  34.840906     9.5882    4.11589     37.679    32.0433    24.7117 0.0000e+00
 173.503247     39.000  34.803617     9.5159    4.09216     38.671    32.0693    24.7436 0.0000e+00
 173.503260     40.000  34.759726     9.4559    4.10354     39.662    32.0776    24.7597 0.0000e+00
 173.503272     41.000  34.796223     9.4545    4.16314     40.654    32.1158    24.7898 0.0000e+00
 173.503284     42.000  34.891902     9.4520    4.23222     41.645    32.2157    24.8683 0.0000e+00
 173.503297     43.000  34.959377     9.4605    4.36142     42.636    32.2769    24.9147 0.0000e+00
 173.503308     44.000  35.077943     9.5159    4.36258     43.628    32.3480    24.9614 0.0000e+00
 173.503321     45.000  35.154133     9.4625    4.19973     44.620    32.4739    25.0683 0.0000e+00
 173.503333     46.000  35.083364     9.3549    4.06821     45.611    32.4984    25.1047 0.0000e+00
 173.503344     47.000  35.033187     9.3024    4.04761     46.602    32.4940    25.1096 0.0000e+00
 173.503355     48.000  35.033918     9.2799    4.09557     47.594    32.5147    25.1294 0.0000e+00
 173.503367     49.000  35.055179     9.2574    4.19130     48.586    32.5567    25.1658 0.0000e+00
 173.503379     50.000  35.093294     9.2053    4.27290     49.576    32.6432    25.2418 0.0000e+00
 173.503390     51.000  35.129387     9.1608    4.34269     50.568    32.7209    25.3095 0.0000e+00
 173.503402     52.000  35.151691     9.1385    4.37522     51.560    32.7640    25.3467 0.0000e+00
 173.503414     53.000  35.161359     9.1299    4.36538     52.551    32.7815    25.3617 0.0000e+00
 173.503425     54.000  35.164056     9.1182    4.34277     53.542    32.7945    25.3738 0.0000e+00
 173.503436     55.000  35.165830     9.0963    4.32320     54.534    32.8161    25.3942 0.0000e+00
 173.503448     56.000  35.169657     9.0676    4.31956     55.525    32.8461    25.4222 0.0000e+00
 173.503460     57.000  35.174468     9.0398    4.28971     56.517    32.8763    25.4502 0.0000e+00
 173.503471     58.000  35.176386     9.0000    4.28165     57.508    32.9146    25.4864 0.0000e+00
 173.503484     59.000  35.175493     8.9617    4.27749     58.499    32.9487    25.5190 0.0000e+00
 173.503495     60.000  35.176316     8.9370    4.19139     59.490    32.9721    25.5412 0.0000e+00
 173.503507     61.000  35.175961     8.8847    4.00531     60.482    33.0199    25.5868 0.0000e+00
 173.503519     62.000  35.156517     8.7714    3.73355     61.473    33.1048    25.6708 0.0000e+00
 173.503532     63.000  35.085459     8.6347    3.55268     62.465    33.1577    25.7333 0.0000e+00
 173.503546     64.000  35.036146     8.6021    3.52749     63.456    33.1360    25.7213 0.0000e+00
 173.503562     65.000  35.039359     8.5988    3.48334     64.447    33.1420    25.7265 0.0000e+00
 173.503575     66.000  35.013279     8.5344    3.37930     65.439    33.1746    25.7618 0.0000e+00
 173.503587     67.000  34.976782     8.4791    3.30432     66.430    33.1877    25.7805 0.0000e+00
 173.503598     68.000  34.964755     8.4278    3.21151     67.421    33.2229    25.8158 0.0000e+00
 173.503608     69.000  34.949102     8.3315    3.15548     68.413    33.2968    25.8883 0.0000e+00
 173.503620     70.000  34.924692     8.2066    3.11845     69.404    33.3889    25.9792 0.0000e+00
 173.503631     71.000  34.904907     8.1376    3.07132     70.396    33.4332    26.0241 0.0000e+00
 173.503645     72.000  34.900799     8.0995    3.05413     71.386    33.4647    26.0545 0.0000e+00
 173.503658     73.000  34.885255     8.0013    3.01961     72.378    33.5415    26.1293 0.0000e+00
 173.503671     74.000  34.869631     7.9317    2.98344     73.369    33.5911    26.1785 0.0000e+00
 173.503684     75.000  34.858364     7.8933    2.95224     74.361    33.6156    26.2033 0.0000e+00
 173.503698     76.000  34.851560     7.8752    2.94034     75.352    33.6252    26.2135 0.0000e+00
 173.503710     77.000  34.847110     7.8598    2.91703     76.343    33.6348    26.2234 0.0000e+00
 173.503723     78.000  34.843890     7.8410    2.90116     77.334    33.6490    26.2373 0.0000e+00
 173.503736     79.000  34.840135     7.8226    2.88396     78.326    33.6622    26.2503 0.0000e+00
 173.503749     80.000  34.836982     7.8084    2.84553     79.317    33.6721    26.2601 0.0000e+00
 173.503762     81.000  34.829429     7.7836    2.81772     80.308    33.6874    26.2758 0.0000e+00
 173.503773     82.000  34.821854     7.7613    2.80278     81.300    33.7004    26.2892 0.0000e+00
 173.503785     83.000  34.816124     7.7494    2.78164     82.291    33.7052    26.2947 0.0000e+00
 173.503797     84.000  34.812478     7.7436    2.77511     83.282    33.7065    26.2965 0.0000e+00
 173.503810     85.000  34.810533     7.7410    2.78104     84.273    33.7064    26.2969 0.0000e+00
 173.503825     86.000  34.811339     7.7431    2.78367     85.264    33.7047    26.2953 0.0000e+00
 173.503841     87.000  34.810753     7.7410    2.77855     86.256    33.7056    26.2964 0.0000e+00
 173.503855     88.000  34.808216     7.7370    2.77518     87.247    33.7064    26.2974 0.0000e+00
 173.503870     89.000  34.806688     7.7349    2.77442     88.238    33.7061    26.2977 0.0000e+00
 173.503882     90.000  34.804845     7.7327    2.76791     89.229    33.7059    26.2978 0.0000e+00
 173.503895     91.000  34.805096     7.7325    2.77459     90.221    33.7059    26.2978 0.0000e+00
 173.503908     92.000  34.805670     7.7325    2.77037     91.212    33.7060    26.2979 0.0000e+00
 173.503921     93.000  34.803924     7.7313    2.76375     92.203    33.7048    26.2972 0.0000e+00
 173.503934     94.000  34.803732     7.7314    2.77140     93.194    33.7041    26.2966 0.0000e+00
 173.503948     95.000  34.804739     7.7325    2.77006     94.185    33.7036    26.2960 0.0000e+00
 173.503961     96.000  34.805017     7.7316    2.76102     95.177    33.7043    26.2967 0.0000e+00
 173.503974     97.000  34.805083     7.7313    2.77534     96.168    33.7041    26.2966 0.0000e+00
 173.503986     98.000  34.805374     7.7315    2.76518     97.159    33.7038    26.2965 0.0000e+00
 173.504003     99.000  34.805799     7.7316    2.77237     98.150    33.7036    26.2963 0.0000e+00
 173.504028    100.000  34.806532     7.7327    2.76215     99.141    33.7030    26.2956 0.0000e+00
 173.504058    101.000  34.806652     7.7322    2.75672    100.133    33.7030    26.2957 0.0000e+00
