data/oxygen options/ONMS/Olympic_Coast_National_Marine_Sanctuary_Hypoxia_Survey_CTD_Data_2004_2015/raw_data/2005/CTD_CA60_070705faed.cnv
* Sea-Bird SBE19 Data File:
* FileName = C:\Hypoxia Data\CA60_070705.hex
* Software Version 1.1.6
* Temperature SN = 2997
* Conductivity SN = 2997
* System UpLoad Time = Jul 07 2005 14:35:54
* SEACAT PROFILER V3.1c SN 2997   07/07/05  14:35:19.477
* strain gauge pressure sensor: S/N = 184829,  range = 3000 psia,  tc = 40
# nquan = 9                                 
# nvalues = 633                         
# units = specified
# name 0 = timeJ: Julian Days
# name 1 = prSM: Pressure, Strain Gauge [db]
# name 2 = c0mS/cm: Conductivity [mS/cm]
# name 3 = t090C: Temperature [ITS-90, deg C]
# name 4 = oxML/L: Oxygen, Beckman/YSI [ml/l]
# name 5 = depSM: Depth [salt water, m], lat = 47.5
# name 6 = sal00: Salinity, Practical [PSU]
# name 7 = sigma-é00: Density [sigma-theta, kg/m^3]
# name 8 = flag: flag
# span 0 = 188.561725, 188.565382       
# span 1 =     -2.586,     61.336       
# span 2 =  16.296967,  38.583448       
# span 3 =     7.6791,    14.6133       
# span 4 =   -0.09724,   25.15220       
# span 5 =     -2.564,     60.815       
# span 6 =    12.2721,    33.6637       
# span 7 =     8.6361,    26.2719       
# span 8 = 0.0000e+00, 0.0000e+00       
# interval = seconds: 0.5
# start_time = Jul 07 2005 13:28:53 [Instrument's time stamp, header]
# bad_flag = -9.990e-29
*END*
[from data line 161]
 188.562656      1.559  38.577554    14.5996    7.60672      1.546    31.3948    23.2789 -9.990e-29
 188.562662      1.592  38.572638    14.5926    7.60918      1.579    31.3960    23.2813 -9.990e-29
 188.562668      1.622  38.565538    14.5891    7.59991      1.608    31.3924    23.2792 -9.990e-29
 188.562674      1.644  38.563058    14.5902    7.60224      1.630    31.3892    23.2766 -9.990e-29
 188.562679      1.660  38.564701    14.5904    7.60795      1.646    31.3905    23.2776 -9.990e-29
 188.562685      1.669  38.564250    14.5879    7.60674      1.655    31.3922    23.2793 -9.990e-29
 188.562691      1.672  38.562236    14.5867    7.60581      1.658    31.3913    23.2789 -9.990e-29
 188.562697      1.670  38.562711    14.5878    7.59287      1.656    31.3908    23.2783 -9.990e-29
 188.562703      1.667  38.564632    14.5878    7.59678      1.653    31.3926    23.2797 -9.990e-29
 188.562708      1.671  38.564397    14.5852    7.61780      1.657    31.3945    23.2817 -9.990e-29
 188.562714      1.683  38.561141    14.5828    7.61633      1.669    31.3935    23.2814 -9.990e-29
 188.562720      1.694  38.558384    14.5836    7.60533      1.680    31.3903    23.2788 -9.990e-29
 188.562726      1.701  38.559748    14.5889    7.58375      1.687    31.3873    23.2753 -9.990e-29
 188.562731      1.704  38.565935    14.5962    7.57906      1.690    31.3870    23.2736 -9.990e-29
 188.562737      1.709  38.572862    14.5987    7.58614      1.695    31.3912    23.2763 -9.990e-29
 188.562743      1.719  38.573508    14.5935    7.60640      1.705    31.3960    23.2811 -9.990e-29
 188.562749      1.730  38.567061    14.5873    7.61402      1.716    31.3952    23.2818 -9.990e-29
 188.562755      1.736  38.560637    14.5865    7.60712      1.722    31.3900    23.2779 -9.990e-29
 188.562760      1.733  38.560261    14.5894    7.59687      1.719    31.3873    23.2753 -9.990e-29
 188.562766      1.727  38.563754    14.5919    7.58705      1.713    31.3885    23.2756 -9.990e-29
 188.562772      1.733  38.566247    14.5934    7.58725      1.719    31.3895    23.2761 -9.990e-29
 188.562778      1.750  38.567147    14.5944    7.60013      1.735    31.3895    23.2759 -9.990e-29
 188.562784      1.771  38.567662    14.5952    7.60560      1.756    31.3893    23.2756 -9.990e-29
 188.562789      1.789  38.568484    14.5967    7.60028      1.774    31.3888    23.2749 -9.990e-29
 188.562795      1.800  38.570715    14.5992    7.59409      1.785    31.3888    23.2744 -9.990e-29
 188.562801      1.809  38.573972    14.6020    7.59112      1.794    31.3895    23.2743 -9.990e-29
 188.562807      1.822  38.576437    14.6040    7.59145      1.807    31.3901    23.2744 -9.990e-29
 188.562813      1.840  38.577478    14.6050    7.59245      1.825    31.3903    23.2743 -9.990e-29
 188.562818      1.862  38.577369    14.6051    7.59139      1.846    31.3901    23.2741 -9.990e-29
 188.562824      1.887  38.577094    14.6048    7.59943      1.871    31.3901    23.2742 -9.990e-29
 188.562830      1.908  38.577416    14.6050    7.59594      1.892    31.3902    23.2742 -9.990e-29
 188.562836      1.921  38.578209    14.6055    7.59271      1.905    31.3905    23.2744 -9.990e-29
 188.562841      1.932  38.578855    14.6052    7.59244      1.916    31.3913    23.2751 -9.990e-29
 188.562847      1.945  38.578542    14.6031    7.59352      1.929    31.3927    23.2766 -9.990e-29
 188.562853      1.958  38.576300    14.5998    7.59721      1.942    31.3933    23.2778 -9.990e-29
 188.562859      1.966  38.572510    14.5982    7.60193      1.950    31.3912    23.2764 -9.990e-29
 188.562865      1.971  38.571101    14.6005    7.58233      1.955    31.3881    23.2735 -9.990e-29
 188.562870      1.972  38.574128    14.6044    7.56589      1.956    31.3877    23.2724 -9.990e-29
 188.562876      1.974  38.577780    14.6063    7.56023      1.958    31.3894    23.2734 -9.990e-29
 188.562882      1.986  38.579083    14.6042    7.56409      1.969    31.3923    23.2760 -9.990e-29
 188.562888      2.008  38.577539    14.5978    7.58941      1.991    31.3961    23.2803 -9.990e-29
 188.562894      2.029  38.571658    14.5918    7.58978      2.012    31.3956    23.2812 -9.990e-29
 188.562899      2.038  38.564823    14.5909    7.59305      2.021    31.3901    23.2771 -9.990e-29
 188.562905      2.030  38.563070    14.5921    7.57826      2.013    31.3876    23.2749 -9.990e-29
 188.562911      2.014  38.564629    14.5916    7.57810      1.997    31.3894    23.2764 -9.990e-29
 188.562917      2.006  38.564854    14.5903    7.58463      1.989    31.3906    23.2777 -9.990e-29
 188.562922      2.014  38.564055    14.5885    7.58752      1.997    31.3914    23.2786 -9.990e-29
 188.562928      2.034  38.562860    14.5867    7.58931      2.017    31.3917    23.2793 -9.990e-29
 188.562934      2.054  38.561364    14.5872    7.57710      2.037    31.3900    23.2778 -9.990e-29
 188.562940      2.068  38.562064    14.5891    7.57289      2.051    31.3891    23.2767 -9.990e-29
 188.562946      2.080  38.564217    14.5877    7.56788      2.063    31.3921    23.2794 -9.990e-29
 188.562951      2.096  38.563411    14.5814    7.59975      2.078    31.3965    23.2840 -9.990e-29
 188.562957      2.116  38.557458    14.5751    7.61951      2.098    31.3962    23.2851 -9.990e-29
 188.562963      2.133  38.550768    14.5725    7.61041      2.115    31.3922    23.2826 -9.990e-29
 188.562969      2.136  38.548448    14.5725    7.59938      2.118    31.3901    23.2810 -9.990e-29
 188.562975      2.129  38.549094    14.5740    7.57449      2.111    31.3895    23.2802 -9.990e-29
 188.562980      2.124  38.550768    14.5763    7.59546      2.106    31.3891    23.2794 -9.990e-29
 188.562986      2.125  38.552908    14.5776    7.61202      2.107    31.3900    23.2799 -9.990e-29
 188.562992      2.133  38.553886    14.5778    7.60447      2.115    31.3908    23.2804 -9.990e-29
 188.562998      2.144  38.553894    14.5783    7.58344      2.126    31.3904    23.2800 -9.990e-29
 188.563003      2.149  38.554632    14.5796    7.55798      2.131    31.3900    23.2794 -9.990e-29
 188.563009      2.149  38.555968    14.5806    7.57062      2.131    31.3904    23.2795 -9.990e-29
 188.563015      2.153  38.556326    14.5792    7.59661      2.135    31.3918    23.2809 -9.990e-29
 188.563021      2.164  38.554509    14.5754    7.60001      2.146    31.3932    23.2828 -9.990e-29
 188.563027      2.177  38.550907    14.5710    7.58247      2.159    31.3935    23.2839 -9.990e-29
 188.563032      2.177  38.548014    14.5690    7.57070      2.159    31.3925    23.2836 -9.990e-29
 188.563038      2.170  38.548149    14.5702    7.58468      2.152    31.3917    23.2827 -9.990e-29
 188.563044      2.168  38.549818    14.5699    7.59917      2.150    31.3934    23.2841 -9.990e-29
 188.563050      2.175  38.548521    14.5654    7.59961      2.157    31.3959    23.2869 -9.990e-29
 188.563056      2.188  38.543099    14.5600    7.59133      2.170    31.3953    23.2876 -9.990e-29
 188.563061      2.198  38.537549    14.5572    7.58589      2.180    31.3926    23.2861 -9.990e-29
 188.563067      2.202  38.535133    14.5573    7.59310      2.184    31.3903    23.2843 -9.990e-29
 188.563073      2.200  38.535440    14.5589    7.60593      2.182    31.3893    23.2832 -9.990e-29
 188.563079      2.192  38.536644    14.5617    7.60619      2.174    31.3881    23.2817 -9.990e-29
 188.563084      2.182  38.538674    14.5653    7.59379      2.164    31.3871    23.2801 -9.990e-29
 188.563090      2.178  38.542001    14.5683    7.58870      2.160    31.3876    23.2800 -9.990e-29
 188.563096      2.183  38.544901    14.5693    7.59105      2.165    31.3895    23.2812 -9.990e-29
 188.563102      2.199  38.545639    14.5679    7.59754      2.181    31.3913    23.2828 -9.990e-29
 188.563108      2.221  38.544087    14.5650    7.60308      2.202    31.3922    23.2842 -9.990e-29
 188.563113      2.243  38.541545    14.5616    7.58397      2.224    31.3926    23.2852 -9.990e-29
 188.563119      2.261  38.539119    14.5564    7.56934      2.242    31.3946    23.2878 -9.990e-29
 188.563125      2.278  38.535264    14.5474    7.58653      2.259    31.3984    23.2926 -9.990e-29
 188.563131      2.293  38.529895    14.5346    7.61671      2.274    31.4039    23.2995 -9.990e-29
 188.563137      2.313  38.523151    14.5203    7.64389      2.294    31.4093    23.3067 -9.990e-29
 188.563142      2.338  38.511657    14.5071    7.64328      2.318    31.4096    23.3096 -9.990e-29
 188.563148      2.358  38.496920    14.4985    7.62766      2.338    31.4031    23.3065 -9.990e-29
 188.563154      2.365  38.486216    14.4963    7.62669      2.345    31.3952    23.3008 -9.990e-29
 188.563160      2.363  38.483225    14.4983    7.62850      2.343    31.3909    23.2971 -9.990e-29
 188.563166      2.361  38.485084    14.5009    7.63155      2.341    31.3905    23.2962 -9.990e-29
 188.563171      2.364  38.487548    14.5031    7.62074      2.344    31.3909    23.2961 -9.990e-29
 188.563177      2.367  38.489421    14.5056    7.61243      2.347    31.3906    23.2953 -9.990e-29
 188.563183      2.366  38.491525    14.5076    7.61961      2.346    31.3909    23.2951 -9.990e-29
 188.563189      2.365  38.492745    14.5073    7.61605      2.345    31.3922    23.2962 -9.990e-29
 188.563194      2.369  38.491909    14.5068    7.60957      2.349    31.3919    23.2961 -9.990e-29
 188.563200      2.373  38.491837    14.5091    7.60535      2.353    31.3899    23.2941 -9.990e-29
 188.563206      2.374  38.495242    14.5149    7.60678      2.354    31.3883    23.2917 -9.990e-29
 188.563212      2.375  38.501060    14.5217    7.61343      2.355    31.3881    23.2901 -9.990e-29
 188.563218      2.382  38.506397    14.5265    7.62255      2.362    31.3891    23.2898 -9.990e-29
 188.563223      2.394  38.509963    14.5294    7.61177      2.374    31.3900    23.2899 -9.990e-29
 188.563229      2.409  38.512596    14.5324    7.59443      2.389    31.3899    23.2892 -9.990e-29
 188.563235      2.422  38.515569    14.5381    7.59234      2.402    31.3880    23.2866 -9.990e-29
 188.563241      2.435  38.520607    14.5465    7.60483      2.415    31.3858    23.2831 -9.990e-29
 188.563247      2.444  38.527703    14.5532    7.61441      2.424    31.3868    23.2825 -9.990e-29
 188.563252      2.445  38.532864    14.5561    7.60634      2.425    31.3891    23.2837 -9.990e-29
 188.563258      2.444  38.534565    14.5579    7.58142      2.424    31.3892    23.2834 -9.990e-29
 188.563264      2.448  38.535081    14.5601    7.57944      2.428    31.3879    23.2819 -9.990e-29
 188.563270      2.461  38.536229    14.5613    7.58534      2.440    31.3880    23.2817 -9.990e-29
 188.563275      2.481  38.537864    14.5604    7.59479      2.460    31.3902    23.2836 -9.990e-29
 188.563281      2.500  38.537684    14.5591    7.58580      2.479    31.3910    23.2845 -9.990e-29
 188.563287      2.510  38.536575    14.5594    7.57706      2.489    31.3898    23.2835 -9.990e-29
 188.563293      2.514  38.536990    14.5609    7.58644      2.493    31.3890    23.2825 -9.990e-29
 188.563299      2.518  38.538929    14.5612    7.60334      2.497    31.3905    23.2836 -9.990e-29
 188.563304      2.524  38.539937    14.5575    7.61835      2.503    31.3944    23.2874 -9.990e-29
 188.563310      2.527  38.535754    14.5522    7.60931      2.506    31.3949    23.2889 -9.990e-29
 188.563316      2.524  38.529785    14.5528    7.59643      2.503    31.3890    23.2842 -9.990e-29
 188.563322      2.510  38.530901    14.5606    7.59118      2.489    31.3837    23.2785 -9.990e-29
 188.563328      2.492  38.539473    14.5703    7.58598      2.471    31.3836    23.2764 -9.990e-29
 188.563333      2.483  38.548988    14.5752    7.59115      2.462    31.3883    23.2790 -9.990e-29
 188.563339      2.486  38.552510    14.5728    7.59304      2.465    31.3934    23.2835 -9.990e-29
 188.563345      2.496  38.548572    14.5675    7.60229      2.475    31.3941    23.2851 -9.990e-29
 188.563351      2.507  38.543149    14.5631    7.60674      2.486    31.3928    23.2850 -9.990e-29
 188.563356      2.518  38.539673    14.5599    7.60422      2.497    31.3922    23.2852 -9.990e-29
 188.563362      2.536  38.536880    14.5598    7.60382      2.515    31.3897    23.2834 -9.990e-29
 188.563368      2.551  38.536098    14.5630    7.58205      2.530    31.3864    23.2801 -9.990e-29
 188.563374      2.558  38.539095    14.5659    7.57198      2.537    31.3868    23.2798 -9.990e-29
 188.563380      2.564  38.543140    14.5651    7.59663      2.543    31.3911    23.2833 -9.990e-29
 188.563385      2.578  38.543538    14.5563    7.62809      2.556    31.3986    23.2909 -9.990e-29
 188.563391      2.598  38.535219    14.5394    7.63413      2.576    31.4047    23.2992 -9.990e-29
 188.563397      2.617  38.518875    14.5259    7.61274      2.595    31.4008    23.2990 -9.990e-29
 188.563403      2.625  38.506373    14.5274    7.58801      2.603    31.3882    23.2890 -9.990e-29
 188.563409      2.625  38.508528    14.5411    7.56931      2.603    31.3791    23.2791 -9.990e-29
 188.563414      2.625  38.522047    14.5519    7.58752      2.603    31.3826    23.2795 -9.990e-29
 188.563420      2.629  38.531868    14.5507    7.59041      2.607    31.3925    23.2874 -9.990e-29
 188.563426      2.632  38.529781    14.5443    7.58931      2.610    31.3958    23.2913 -9.990e-29
 188.563432      2.632  38.524232    14.5410    7.58589      2.610    31.3934    23.2901 -9.990e-29
 188.563437      2.632  38.522409    14.5413    7.58379      2.610    31.3915    23.2886 -9.990e-29
 188.563443      2.636  38.522446    14.5418    7.60679      2.614    31.3912    23.2882 -9.990e-29
 188.563449      2.645  38.521595    14.5411    7.61844      2.623    31.3910    23.2882 -9.990e-29
 188.563455      2.655  38.520408    14.5417    7.61100      2.633    31.3894    23.2869 -9.990e-29
 188.563461      2.658  38.521796    14.5455    7.59271      2.636    31.3876    23.2847 -9.990e-29
 188.563466      2.650  38.526493    14.5531    7.57908      2.628    31.3857    23.2816 -9.990e-29
 188.563472      2.634  38.535160    14.5617    7.57377      2.612    31.3866    23.2806 -9.990e-29
 188.563478      2.624  38.543653    14.5648    7.58478      2.602    31.3918    23.2839 -9.990e-29
 188.563484      2.625  38.544235    14.5609    7.59607      2.603    31.3955    23.2876 -9.990e-29
 188.563490      2.635  38.538252    14.5550    7.59462      2.613    31.3948    23.2883 -9.990e-29
 188.563495      2.646  38.532315    14.5532    7.59456      2.624    31.3909    23.2856 -9.990e-29
 188.563501      2.653  38.531414    14.5561    7.58306      2.631    31.3877    23.2826 -9.990e-29
 188.563507      2.662  38.534911    14.5607    7.57763      2.640    31.3872    23.2812 -9.990e-29
 188.563513      2.677  38.539062    14.5661    7.57940      2.655    31.3866    23.2796 -9.990e-29
 188.563519      2.695  38.543800    14.5709    7.57684      2.672    31.3870    23.2789 -9.990e-29
 188.563524      2.709  38.548157    14.5730    7.57892      2.686    31.3892    23.2802 -9.990e-29
 188.563530      2.715  38.550095    14.5729    7.58355      2.692    31.3911    23.2816 -9.990e-29
 188.563536      2.717  38.549963    14.5721    7.59211      2.694    31.3916    23.2822 -9.990e-29
 188.563542      2.721  38.548151    14.5703    7.58699      2.698    31.3914    23.2825 -9.990e-29
 188.563547      2.727  38.545615    14.5674    7.58986      2.704    31.3914    23.2831 -9.990e-29
 188.563553      2.735  38.543468    14.5655    7.58657      2.712    31.3910    23.2832 -9.990e-29
 188.563559      2.741  38.542217    14.5659    7.59931      2.718    31.3896    23.2820 -9.990e-29
 188.563565      2.741  38.542444    14.5683    7.60028      2.718    31.3878    23.2801 -9.990e-29
 188.563571      2.735  38.544457    14.5723    7.59817      2.712    31.3864    23.2782 -9.990e-29
