data/oxygen options/ONMS/Olympic_Coast_National_Marine_Sanctuary_Hypoxia_Survey_CTD_Data_2004_2015/raw_data/2005/CTD_CE50_070605faed.cnv
* Sea-Bird SBE19 Data File:
* FileName = C:\Hypoxia Data\CE50_070605.hex
* Software Version 1.1.6
* Temperature SN = 2997
* Conductivity SN = 2997
* System UpLoad Time = Jul 06 2005 14:37:33
* SEACAT PROFILER V3.1c SN 2997   07/06/05  14:37:53.484
* strain gauge pressure sensor: S/N = 184829,  range = 3000 psia,  tc = 40
# nquan = 9                                 
# nvalues = 993                         
# units = specified
# name 0 = timeJ: Julian Days
# name 1 = prSM: Pressure, Strain Gauge [db]
# name 2 = c0mS/cm: Conductivity [mS/cm]
# name 3 = t090C: Temperature [ITS-90, deg C]
# name 4 = oxML/L: Oxygen, Beckman/YSI [ml/l]
# name 5 = depSM: Depth [salt water, m], lat = 47.5
# name 6 = sal00: Salinity, Practical [PSU]
# name 7 = sigma-é00: Density [sigma-theta, kg/m^3]
# name 8 = flag: flag
# span 0 = 187.602569, 187.608310       
# span 1 =     -4.043,     50.183       
# span 2 =   0.520535,  39.331175       
# span 3 =     8.2295,    15.3436       
# span 4 =  -14.07607,   23.88999       
# span 5 =     -4.009,     49.758       
# span 6 =     0.3151,    33.4309       
# span 7 =    -0.6550,    26.0083       
# span 8 = 0.0000e+00, 0.0000e+00       
# interval = seconds: 0.5
# start_time = Jul 06 2005 14:27:42 [Instrument's time stamp, header]
# bad_flag = -9.990e-29
*END*
[from data line 161]
 187.603501      3.130  39.254728    15.2045    7.59232      3.104    31.5161    23.2439 -9.990e-29
 187.603507      3.166  39.231752    15.1942    7.57481      3.140    31.5039    23.2367 -9.990e-29
 187.603513      3.193  39.222341    15.1974    7.55954      3.166    31.4929    23.2275 -9.990e-29
 187.603519      3.209  39.227965    15.2039    7.55478      3.182    31.4927    23.2260 -9.990e-29
 187.603524      3.216  39.236489    15.2069    7.54914      3.189    31.4979    23.2293 -9.990e-29
 187.603530      3.217  39.239650    15.2016    7.56511      3.190    31.5049    23.2359 -9.990e-29
 187.603536      3.221  39.233251    15.1855    7.57594      3.194    31.5122    23.2450 -9.990e-29
 187.603542      3.228  39.216616    15.1659    7.57815      3.201    31.5130    23.2498 -9.990e-29
 187.603547      3.231  39.198418    15.1544    7.56427      3.204    31.5060    23.2469 -9.990e-29
 187.603553      3.226  39.188607    15.1540    7.55460      3.199    31.4975    23.2405 -9.990e-29
 187.603559      3.215  39.188684    15.1579    7.56622      3.188    31.4945    23.2373 -9.990e-29
 187.603565      3.208  39.192579    15.1555    7.59208      3.181    31.4999    23.2420 -9.990e-29
 187.603571      3.211  39.190905    15.1415    7.60368      3.184    31.5097    23.2525 -9.990e-29
 187.603576      3.231  39.178632    15.1253    7.59780      3.204    31.5117    23.2575 -9.990e-29
 187.603582      3.259  39.164637    15.1231    7.56720      3.232    31.5009    23.2497 -9.990e-29
 187.603588      3.280  39.163913    15.1378    7.55321      3.253    31.4884    23.2369 -9.990e-29
 187.603594      3.286  39.178294    15.1551    7.55747      3.259    31.4874    23.2324 -9.990e-29
 187.603600      3.288  39.193860    15.1600    7.56652      3.261    31.4974    23.2391 -9.990e-29
 187.603605      3.297  39.197717    15.1487    7.55627      3.269    31.5099    23.2511 -9.990e-29
 187.603611      3.315  39.187162    15.1302    7.53483      3.287    31.5154    23.2593 -9.990e-29
 187.603617      3.333  39.170562    15.1188    7.55284      3.305    31.5097    23.2574 -9.990e-29
 187.603623      3.345  39.161120    15.1170    7.57171      3.317    31.5026    23.2523 -9.990e-29
 187.603628      3.347  39.159144    15.1172    7.60224      3.319    31.5007    23.2508 -9.990e-29
 187.603634      3.343  39.158073    15.1135    7.59955      3.315    31.5027    23.2532 -9.990e-29
 187.603640      3.338  39.154238    15.1075    7.57712      3.310    31.5041    23.2555 -9.990e-29
 187.603646      3.335  39.149257    15.1062    7.57136      3.307    31.5007    23.2532 -9.990e-29
 187.603652      3.343  39.149393    15.1127    7.56269      3.315    31.4956    23.2478 -9.990e-29
 187.603657      3.366  39.157072    15.1241    7.55244      3.338    31.4933    23.2436 -9.990e-29
 187.603663      3.398  39.168509    15.1311    7.54057      3.370    31.4979    23.2457 -9.990e-29
 187.603669      3.423  39.174274    15.1269    7.53843      3.394    31.5064    23.2531 -9.990e-29
 187.603675      3.439  39.169157    15.1150    7.55429      3.410    31.5114    23.2595 -9.990e-29
 187.603681      3.450  39.158117    15.0991    7.58922      3.421    31.5143    23.2652 -9.990e-29
 187.603686      3.455  39.144387    15.0821    7.59535      3.426    31.5157    23.2699 -9.990e-29
 187.603692      3.447  39.128728    15.0733    7.59560      3.418    31.5087    23.2664 -9.990e-29
 187.603698      3.432  39.120552    15.0768    7.57352      3.403    31.4986    23.2578 -9.990e-29
 187.603704      3.417  39.125219    15.0852    7.55666      3.388    31.4960    23.2541 -9.990e-29
 187.603709      3.409  39.133810    15.0915    7.55654      3.381    31.4987    23.2547 -9.990e-29
 187.603715      3.417  39.138149    15.0958    7.55597      3.388    31.4991    23.2542 -9.990e-29
 187.603721      3.436  39.140660    15.0977    7.57456      3.407    31.4998    23.2543 -9.990e-29
 187.603727      3.451  39.143011    15.0965    7.57342      3.422    31.5029    23.2569 -9.990e-29
 187.603733      3.454  39.142728    15.0941    7.56456      3.425    31.5045    23.2587 -9.990e-29
 187.603738      3.450  39.140558    15.0926    7.55390      3.421    31.5038    23.2585 -9.990e-29
 187.603744      3.448  39.138659    15.0923    7.54603      3.419    31.5023    23.2574 -9.990e-29
 187.603750      3.454  39.138424    15.0902    7.55306      3.425    31.5038    23.2590 -9.990e-29
 187.603756      3.479  39.136739    15.0839    7.56559      3.450    31.5074    23.2631 -9.990e-29
 187.603762      3.519  39.130799    15.0755    7.57165      3.490    31.5088    23.2660 -9.990e-29
 187.603767      3.560  39.123342    15.0696    7.56437      3.530    31.5068    23.2657 -9.990e-29
 187.603773      3.593  39.118447    15.0683    7.55602      3.563    31.5035    23.2634 -9.990e-29
 187.603779      3.609  39.117439    15.0694    7.56773      3.579    31.5017    23.2618 -9.990e-29
 187.603785      3.616  39.118414    15.0701    7.56753      3.586    31.5020    23.2619 -9.990e-29
 187.603791      3.625  39.120430    15.0687    7.58117      3.595    31.5049    23.2645 -9.990e-29
 187.603796      3.634  39.120567    15.0669    7.57507      3.604    31.5065    23.2661 -9.990e-29
 187.603802      3.634  39.118448    15.0673    7.56040      3.604    31.5043    23.2643 -9.990e-29
 187.603808      3.629  39.117982    15.0687    7.55447      3.599    31.5027    23.2628 -9.990e-29
 187.603814      3.628  39.118547    15.0703    7.55598      3.598    31.5020    23.2618 -9.990e-29
 187.603819      3.640  39.119216    15.0717    7.57246      3.610    31.5014    23.2611 -9.990e-29
 187.603825      3.665  39.119761    15.0721    7.57050      3.634    31.5016    23.2612 -9.990e-29
 187.603831      3.696  39.119791    15.0727    7.55007      3.665    31.5011    23.2607 -9.990e-29
 187.603837      3.726  39.120468    15.0738    7.53793      3.695    31.5008    23.2602 -9.990e-29
 187.603843      3.750  39.122135    15.0737    7.55846      3.719    31.5024    23.2614 -9.990e-29
 187.603848      3.767  39.123089    15.0700    7.57164      3.736    31.5062    23.2652 -9.990e-29
 187.603854      3.785  39.120675    15.0629    7.58286      3.753    31.5098    23.2694 -9.990e-29
 187.603860      3.799  39.114484    15.0570    7.56120      3.767    31.5090    23.2701 -9.990e-29
 187.603866      3.806  39.108600    15.0551    7.54915      3.774    31.5052    23.2676 -9.990e-29
 187.603872      3.807  39.106397    15.0557    7.55237      3.775    31.5028    23.2656 -9.990e-29
 187.603877      3.806  39.106619    15.0561    7.57037      3.774    31.5026    23.2654 -9.990e-29
 187.603883      3.808  39.107321    15.0560    7.57302      3.776    31.5033    23.2660 -9.990e-29
 187.603889      3.807  39.107759    15.0566    7.55906      3.775    31.5032    23.2658 -9.990e-29
 187.603895      3.801  39.107955    15.0586    7.54935      3.769    31.5018    23.2642 -9.990e-29
 187.603900      3.792  39.109295    15.0614    7.54935      3.760    31.5008    23.2628 -9.990e-29
 187.603906      3.793  39.112446    15.0641    7.55859      3.761    31.5014    23.2628 -9.990e-29
 187.603912      3.812  39.115443    15.0648    7.56089      3.780    31.5035    23.2642 -9.990e-29
 187.603918      3.842  39.116112    15.0628    7.56523      3.810    31.5057    23.2664 -9.990e-29
 187.603924      3.873  39.114228    15.0615    7.56850      3.841    31.5051    23.2661 -9.990e-29
 187.603929      3.898  39.112888    15.0623    7.56052      3.865    31.5032    23.2645 -9.990e-29
 187.603935      3.913  39.113671    15.0630    7.56410      3.880    31.5034    23.2645 -9.990e-29
 187.603941      3.925  39.114257    15.0619    7.56232      3.892    31.5048    23.2658 -9.990e-29
 187.603947      3.938  39.113185    15.0595    7.55421      3.905    31.5057    23.2671 -9.990e-29
 187.603953      3.953  39.110711    15.0563    7.55257      3.920    31.5061    23.2680 -9.990e-29
 187.603958      3.971  39.107464    15.0532    7.54746      3.938    31.5057    23.2684 -9.990e-29
 187.603964      3.989  39.104164    15.0517    7.56225      3.956    31.5039    23.2673 -9.990e-29
 187.603970      4.000  39.102580    15.0523    7.56539      3.967    31.5020    23.2657 -9.990e-29
 187.603976      3.999  39.103406    15.0536    7.55693      3.966    31.5017    23.2652 -9.990e-29
 187.603981      3.992  39.104940    15.0546    7.54858      3.959    31.5023    23.2654 -9.990e-29
 187.603987      3.986  39.106052    15.0548    7.54517      3.953    31.5031    23.2660 -9.990e-29
 187.603993      3.984  39.106543    15.0531    7.56310      3.951    31.5049    23.2678 -9.990e-29
 187.603999      3.988  39.105578    15.0501    7.57805      3.955    31.5065    23.2696 -9.990e-29
 187.604005      3.994  39.102999    15.0490    7.57370      3.961    31.5050    23.2688 -9.990e-29
 187.604010      3.991  39.101732    15.0525    7.55694      3.958    31.5011    23.2650 -9.990e-29
 187.604016      3.982  39.104581    15.0584    7.55207      3.949    31.4989    23.2620 -9.990e-29
 187.604022      3.977  39.109740    15.0624    7.55470      3.944    31.5003    23.2623 -9.990e-29
 187.604028      3.986  39.113440    15.0618    7.55677      3.953    31.5041    23.2653 -9.990e-29
 187.604034      4.004  39.113331    15.0572    7.54931      3.971    31.5077    23.2691 -9.990e-29
 187.604039      4.028  39.109275    15.0530    7.54409      3.994    31.5074    23.2698 -9.990e-29
 187.604045      4.056  39.104844    15.0505    7.54002      4.022    31.5055    23.2688 -9.990e-29
 187.604051      4.081  39.102548    15.0455    7.55288      4.047    31.5074    23.2714 -9.990e-29
 187.604057      4.099  39.098770    15.0365    7.56574      4.065    31.5113    23.2762 -9.990e-29
 187.604063      4.109  39.090163    15.0296    7.55795      4.075    31.5091    23.2760 -9.990e-29
 187.604068      4.102  39.082645    15.0294    7.56026      4.068    31.5025    23.2710 -9.990e-29
 187.604074      4.077  39.083025    15.0329    7.56161      4.043    31.5000    23.2684 -9.990e-29
 187.604080      4.047  39.086765    15.0361    7.56648      4.013    31.5008    23.2683 -9.990e-29
 187.604086      4.021  39.089323    15.0375    7.56223      3.987    31.5020    23.2689 -9.990e-29
 187.604091      4.007  39.090755    15.0369    7.55096      3.974    31.5038    23.2704 -9.990e-29
 187.604097      4.008  39.090734    15.0369    7.55020      3.975    31.5038    23.2704 -9.990e-29
 187.604103      4.019  39.091485    15.0386    7.55103      3.985    31.5031    23.2695 -9.990e-29
 187.604109      4.034  39.093453    15.0405    7.55403      4.000    31.5033    23.2693 -9.990e-29
 187.604115      4.044  39.094779    15.0418    7.56089      4.010    31.5034    23.2691 -9.990e-29
 187.604120      4.046  39.095556    15.0431    7.55814      4.012    31.5031    23.2685 -9.990e-29
 187.604126      4.043  39.096266    15.0440    7.55226      4.009    31.5030    23.2683 -9.990e-29
 187.604132      4.046  39.096741    15.0426    7.54909      4.012    31.5046    23.2698 -9.990e-29
 187.604138      4.057  39.095380    15.0380    7.54895      4.023    31.5070    23.2727 -9.990e-29
 187.604144      4.082  39.090935    15.0331    7.55463      4.048    31.5070    23.2737 -9.990e-29
 187.604149      4.118  39.086462    15.0309    7.56412      4.084    31.5047    23.2724 -9.990e-29
 187.604155      4.147  39.084976    15.0309    7.56091      4.112    31.5034    23.2714 -9.990e-29
 187.604161      4.157  39.085621    15.0315    7.55757      4.122    31.5035    23.2713 -9.990e-29
 187.604167      4.148  39.086458    15.0315    7.55731      4.113    31.5042    23.2719 -9.990e-29
 187.604172      4.126  39.086364    15.0303    7.56165      4.092    31.5051    23.2728 -9.990e-29
 187.604178      4.100  39.085224    15.0286    7.56407      4.066    31.5055    23.2735 -9.990e-29
 187.604184      4.078  39.083767    15.0288    7.56194      4.044    31.5040    23.2723 -9.990e-29
 187.604190      4.058  39.084546    15.0325    7.55198      4.024    31.5017    23.2698 -9.990e-29
 187.604196      4.044  39.088606    15.0376    7.54609      4.010    31.5013    23.2683 -9.990e-29
 187.604201      4.039  39.092955    15.0411    7.54162      4.005    31.5024    23.2684 -9.990e-29
 187.604207      4.047  39.094985    15.0415    7.54812      4.013    31.5039    23.2695 -9.990e-29
 187.604213      4.072  39.094605    15.0399    7.55910      4.038    31.5048    23.2705 -9.990e-29
 187.604219      4.112  39.093001    15.0378    7.54984      4.078    31.5050    23.2712 -9.990e-29
 187.604225      4.157  39.091405    15.0376    7.54384      4.122    31.5037    23.2702 -9.990e-29
 187.604230      4.192  39.091060    15.0413    7.54294      4.157    31.5004    23.2669 -9.990e-29
 187.604236      4.211  39.093193    15.0491    7.53029      4.176    31.4961    23.2619 -9.990e-29
 187.604242      4.216  39.098412    15.0557    7.53734      4.181    31.4954    23.2600 -9.990e-29
 187.604248      4.211  39.103586    15.0547    7.53254      4.176    31.5009    23.2644 -9.990e-29
 187.604253      4.203  39.103281    15.0483    7.55042      4.168    31.5058    23.2695 -9.990e-29
 187.604259      4.202  39.098222    15.0418    7.56208      4.167    31.5065    23.2714 -9.990e-29
 187.604265      4.211  39.093450    15.0375    7.55347      4.176    31.5056    23.2717 -9.990e-29
 187.604271      4.223  39.091023    15.0378    7.54339      4.188    31.5032    23.2698 -9.990e-29
 187.604277      4.229  39.091635    15.0432    7.53113      4.194    31.4994    23.2657 -9.990e-29
 187.604282      4.234  39.096105    15.0498    7.54716      4.199    31.4981    23.2633 -9.990e-29
 187.604288      4.247  39.101428    15.0512    7.55457      4.212    31.5018    23.2658 -9.990e-29
 187.604294      4.269  39.101808    15.0459    7.55830      4.233    31.5064    23.2705 -9.990e-29
 187.604300      4.289  39.096639    15.0422    7.54767      4.253    31.5047    23.2700 -9.990e-29
 187.604306      4.299  39.093617    15.0470    7.52960      4.263    31.4981    23.2639 -9.990e-29
 187.604311      4.300  39.098815    15.0581    7.53899      4.264    31.4938    23.2582 -9.990e-29
 187.604317      4.297  39.109071    15.0672    7.53890      4.261    31.4957    23.2577 -9.990e-29
 187.604323      4.296  39.116754    15.0674    7.53671      4.260    31.5024    23.2628 -9.990e-29
 187.604329      4.304  39.115852    15.0608    7.53951      4.268    31.5069    23.2677 -9.990e-29
 187.604334      4.320  39.109098    15.0561    7.54179      4.284    31.5047    23.2670 -9.990e-29
 187.604340      4.341  39.106002    15.0555    7.55390      4.305    31.5024    23.2653 -9.990e-29
 187.604346      4.359  39.106929    15.0545    7.55828      4.323    31.5040    23.2668 -9.990e-29
 187.604352      4.368  39.105268    15.0563    7.54187      4.331    31.5010    23.2642 -9.990e-29
 187.604358      4.364  39.105541    15.0662    7.52833      4.328    31.4933    23.2561 -9.990e-29
 187.604363      4.351  39.114848    15.0787    7.52671      4.315    31.4916    23.2521 -9.990e-29
 187.604369      4.336  39.127096    15.0837    7.53948      4.300    31.4986    23.2564 -9.990e-29
 187.604375      4.328  39.131138    15.0789    7.56150      4.292    31.5061    23.2632 -9.990e-29
 187.604381      4.329  39.125083    15.0717    7.56204      4.293    31.5064    23.2650 -9.990e-29
 187.604387      4.335  39.118256    15.0708    7.54591      4.299    31.5010    23.2610 -9.990e-29
 187.604392      4.339  39.118948    15.0792    7.52729      4.303    31.4949    23.2545 -9.990e-29
 187.604398      4.341  39.128083    15.0915    7.51221      4.305    31.4932    23.2506 -9.990e-29
 187.604404      4.349  39.139337    15.0989    7.52107      4.313    31.4973    23.2522 -9.990e-29
 187.604410      4.368  39.145290    15.0971    7.53955      4.331    31.5041    23.2578 -9.990e-29
 187.604416      4.396  39.143232    15.0885    7.55285      4.359    31.5092    23.2635 -9.990e-29
