data/oxygen options/ONMS/Olympic_Coast_National_Marine_Sanctuary_Hypoxia_Survey_CTD_Data_2004_2015/raw_data/2005/CTD_TH60_062205faed.cnv
* Sea-Bird SBE19 Data File:
* FileName = C:\hypoxia CTD data\TH60_062205.hex
* Software Version 1.1.5
* Temperature SN = 2997
* Conductivity SN = 2997
* System UpLoad Time = Jun 22 2005 12:35:49
* SEACAT PROFILER V3.1c SN 2997   06/22/05  12:35:29.676
* strain gauge pressure sensor: S/N = 184829,  range = 3000 psia,  tc = 40
# nquan = 9                                 
# nvalues = 661                         
# units = specified
# name 0 = timeJ: Julian Days
# name 1 = prSM: Pressure, Strain Gauge [db]
# name 2 = c0mS/cm: Conductivity [mS/cm]
# name 3 = t090C: Temperature [ITS-90, deg C]
# name 4 = oxML/L: Oxygen, Beckman/YSI [ml/l]
# name 5 = depSM: Depth [salt water, m], lat = 47.5
# name 6 = sal00: Salinity, Practical [PSU]
# name 7 = sigma-é00: Density [sigma-theta, kg/m^3]
# name 8 = flag: flag
# span 0 = 173.447801, 173.451620       
# span 1 =     -3.256,     60.833       
# span 2 =   4.549687,  38.240147       
# span 3 =     8.1322,    15.2474       
# span 4 =   -0.09619,   24.65255       
# span 5 =     -3.229,     60.316       
# span 6 =     3.1099,    33.4428       
# span 7 =     1.5947,    26.0311       
# span 8 = 0.0000e+00, 0.0000e+00       
# interval = seconds: 0.5
# start_time = Jun 22 2005 10:44:50 [Instrument's time stamp, header]
# bad_flag = -9.990e-29
*END*
[from data line 161]
 173.448733      1.422  38.235085    15.2398    6.75460      1.410    30.5793    22.5156 -9.990e-29
 173.448738      1.419  38.235349    15.2397    6.75518      1.407    30.5796    22.5159 -9.990e-29
 173.448744      1.425  38.235384    15.2389    6.74749      1.413    30.5803    22.5165 -9.990e-29
 173.448750      1.444  38.234690    15.2375    6.74187      1.432    30.5807    22.5172 -9.990e-29
 173.448756      1.477  38.233473    15.2362    6.75180      1.465    30.5806    22.5174 -9.990e-29
 173.448762      1.518  38.232366    15.2351    6.75540      1.505    30.5805    22.5175 -9.990e-29
 173.448767      1.553  38.231587    15.2345    6.76329      1.540    30.5803    22.5175 -9.990e-29
 173.448773      1.575  38.231228    15.2344    6.75809      1.562    30.5800    22.5173 -9.990e-29
 173.448779      1.585  38.231383    15.2347    6.73983      1.572    30.5799    22.5172 -9.990e-29
 173.448785      1.588  38.231708    15.2354    6.73182      1.575    30.5797    22.5168 -9.990e-29
 173.448791      1.594  38.232089    15.2361    6.72204      1.581    30.5795    22.5165 -9.990e-29
 173.448796      1.606  38.232485    15.2363    6.72515      1.593    30.5796    22.5166 -9.990e-29
 173.448802      1.622  38.232314    15.2360    6.73274      1.608    30.5797    22.5167 -9.990e-29
 173.448808      1.634  38.231919    15.2361    6.73714      1.620    30.5793    22.5164 -9.990e-29
 173.448814      1.637  38.232468    15.2364    6.72237      1.623    30.5795    22.5165 -9.990e-29
 173.448819      1.638  38.233582    15.2366    6.71776      1.624    30.5804    22.5171 -9.990e-29
 173.448825      1.643  38.233953    15.2365    6.72274      1.629    30.5808    22.5174 -9.990e-29
 173.448831      1.659  38.233527    15.2359    6.73280      1.645    30.5809    22.5176 -9.990e-29
 173.448837      1.681  38.232870    15.2350    6.74270      1.667    30.5810    22.5179 -9.990e-29
 173.448843      1.702  38.232238    15.2345    6.73665      1.688    30.5808    22.5179 -9.990e-29
 173.448848      1.720  38.231922    15.2346    6.72748      1.706    30.5804    22.5176 -9.990e-29
 173.448854      1.736  38.232074    15.2349    6.72247      1.722    30.5803    22.5174 -9.990e-29
 173.448860      1.751  38.232346    15.2348    6.72495      1.736    30.5806    22.5177 -9.990e-29
 173.448866      1.765  38.231990    15.2342    6.72813      1.750    30.5808    22.5179 -9.990e-29
 173.448872      1.776  38.231104    15.2338    6.72394      1.761    30.5803    22.5177 -9.990e-29
 173.448877      1.779  38.230761    15.2342    6.71334      1.764    30.5797    22.5171 -9.990e-29
 173.448883      1.775  38.231074    15.2347    6.70808      1.760    30.5796    22.5169 -9.990e-29
 173.448889      1.764  38.231351    15.2349    6.70808      1.749    30.5797    22.5169 -9.990e-29
 173.448895      1.748  38.231412    15.2348    6.71716      1.733    30.5798    22.5171 -9.990e-29
 173.448900      1.733  38.231352    15.2344    6.72358      1.719    30.5801    22.5174 -9.990e-29
 173.448906      1.716  38.231100    15.2342    6.72202      1.702    30.5800    22.5173 -9.990e-29
 173.448912      1.701  38.230894    15.2344    6.71343      1.687    30.5797    22.5170 -9.990e-29
 173.448918      1.694  38.231031    15.2347    6.70206      1.680    30.5796    22.5169 -9.990e-29
 173.448924      1.701  38.231148    15.2347    6.69992      1.687    30.5797    22.5170 -9.990e-29
 173.448929      1.722  38.230851    15.2343    6.71285      1.708    30.5797    22.5171 -9.990e-29
 173.448935      1.753  38.230315    15.2339    6.72395      1.738    30.5795    22.5170 -9.990e-29
 173.448941      1.784  38.229959    15.2337    6.72893      1.769    30.5794    22.5170 -9.990e-29
 173.448947      1.804  38.229879    15.2339    6.72194      1.789    30.5791    22.5167 -9.990e-29
 173.448953      1.814  38.229980    15.2346    6.70680      1.799    30.5787    22.5162 -9.990e-29
 173.448958      1.823  38.230406    15.2353    6.69289      1.808    30.5785    22.5160 -9.990e-29
 173.448964      1.837  38.231177    15.2356    6.69225      1.822    30.5789    22.5162 -9.990e-29
 173.448970      1.856  38.231649    15.2354    6.70103      1.841    30.5795    22.5167 -9.990e-29
 173.448976      1.877  38.231342    15.2350    6.71286      1.861    30.5795    22.5168 -9.990e-29
 173.448981      1.889  38.230980    15.2350    6.70810      1.873    30.5792    22.5166 -9.990e-29
 173.448987      1.883  38.231214    15.2356    6.69520      1.867    30.5790    22.5162 -9.990e-29
 173.448993      1.868  38.231805    15.2366    6.68544      1.852    30.5787    22.5158 -9.990e-29
 173.448999      1.861  38.232433    15.2375    6.68008      1.845    30.5786    22.5155 -9.990e-29
 173.449005      1.868  38.232824    15.2379    6.68577      1.852    30.5786    22.5155 -9.990e-29
 173.449010      1.887  38.232951    15.2379    6.69100      1.871    30.5787    22.5156 -9.990e-29
 173.449016      1.910  38.232996    15.2380    6.69403      1.894    30.5787    22.5155 -9.990e-29
 173.449022      1.926  38.233029    15.2390    6.68945      1.910    30.5779    22.5147 -9.990e-29
 173.449028      1.927  38.233666    15.2407    6.69306      1.911    30.5772    22.5138 -9.990e-29
 173.449034      1.921  38.235206    15.2419    6.68487      1.905    30.5776    22.5138 -9.990e-29
 173.449039      1.922  38.236349    15.2416    6.67575      1.906    30.5788    22.5149 -9.990e-29
 173.449045      1.934  38.235828    15.2400    6.66951      1.918    30.5796    22.5158 -9.990e-29
 173.449051      1.952  38.234083    15.2381    6.69618      1.936    30.5795    22.5162 -9.990e-29
 173.449057      1.966  38.232725    15.2368    6.70434      1.950    30.5793    22.5163 -9.990e-29
 173.449063      1.963  38.232196    15.2363    6.70367      1.947    30.5793    22.5163 -9.990e-29
 173.449068      1.944  38.231799    15.2363    6.68915      1.928    30.5789    22.5161 -9.990e-29
 173.449074      1.919  38.231579    15.2366    6.66984      1.903    30.5785    22.5157 -9.990e-29
 173.449080      1.905  38.231817    15.2371    6.67280      1.889    30.5783    22.5154 -9.990e-29
 173.449086      1.913  38.232281    15.2372    6.68269      1.897    30.5787    22.5157 -9.990e-29
 173.449091      1.940  38.232480    15.2372    6.68844      1.924    30.5788    22.5158 -9.990e-29
 173.449097      1.965  38.232691    15.2376    6.69213      1.949    30.5787    22.5156 -9.990e-29
 173.449103      1.973  38.233205    15.2381    6.68545      1.957    30.5788    22.5156 -9.990e-29
 173.449109      1.966  38.233596    15.2384    6.67789      1.950    30.5789    22.5156 -9.990e-29
 173.449115      1.955  38.233837    15.2393    6.65746      1.939    30.5784    22.5150 -9.990e-29
 173.449120      1.952  38.234262    15.2406    6.65416      1.936    30.5778    22.5142 -9.990e-29
 173.449126      1.962  38.234888    15.2409    6.66724      1.946    30.5781    22.5144 -9.990e-29
 173.449132      1.985  38.234879    15.2396    6.68043      1.968    30.5791    22.5155 -9.990e-29
 173.449138      2.018  38.233674    15.2374    6.68481      2.001    30.5797    22.5164 -9.990e-29
 173.449144      2.055  38.231921    15.2355    6.68178      2.038    30.5796    22.5168 -9.990e-29
 173.449149      2.089  38.230657    15.2348    6.67655      2.072    30.5790    22.5165 -9.990e-29
 173.449155      2.115  38.230452    15.2347    6.67541      2.097    30.5789    22.5164 -9.990e-29
 173.449161      2.133  38.230482    15.2337    6.68748      2.115    30.5797    22.5172 -9.990e-29
 173.449167      2.150  38.229677    15.2322    6.68991      2.132    30.5801    22.5179 -9.990e-29
 173.449172      2.163  38.228659    15.2315    6.68964      2.145    30.5798    22.5178 -9.990e-29
 173.449178      2.166  38.228324    15.2319    6.67243      2.148    30.5792    22.5172 -9.990e-29
 173.449184      2.162  38.228797    15.2331    6.65959      2.144    30.5787    22.5166 -9.990e-29
 173.449190      2.154  38.229600    15.2342    6.65870      2.136    30.5785    22.5162 -9.990e-29
 173.449196      2.153  38.230131    15.2348    6.66188      2.135    30.5785    22.5161 -9.990e-29
 173.449201      2.169  38.230552    15.2351    6.66953      2.151    30.5787    22.5161 -9.990e-29
 173.449207      2.195  38.230875    15.2354    6.66210      2.177    30.5787    22.5161 -9.990e-29
 173.449213      2.219  38.230981    15.2356    6.66594      2.200    30.5786    22.5160 -9.990e-29
 173.449219      2.237  38.231019    15.2358    6.67707      2.218    30.5785    22.5159 -9.990e-29
 173.449225      2.248  38.231046    15.2358    6.68159      2.229    30.5785    22.5159 -9.990e-29
 173.449230      2.247  38.231102    15.2357    6.67015      2.228    30.5787    22.5160 -9.990e-29
 173.449236      2.244  38.231264    15.2359    6.66755      2.225    30.5786    22.5159 -9.990e-29
 173.449242      2.250  38.231748    15.2363    6.65769      2.231    30.5788    22.5160 -9.990e-29
 173.449248      2.266  38.232641    15.2368    6.67101      2.247    30.5792    22.5162 -9.990e-29
 173.449253      2.285  38.233451    15.2373    6.67866      2.266    30.5795    22.5163 -9.990e-29
 173.449259      2.303  38.233576    15.2377    6.67595      2.284    30.5793    22.5161 -9.990e-29
 173.449265      2.317  38.233181    15.2378    6.66575      2.298    30.5788    22.5157 -9.990e-29
 173.449271      2.325  38.232863    15.2375    6.64942      2.306    30.5788    22.5157 -9.990e-29
 173.449277      2.330  38.232758    15.2370    6.65205      2.311    30.5791    22.5161 -9.990e-29
 173.449282      2.337  38.232724    15.2367    6.67021      2.317    30.5793    22.5163 -9.990e-29
 173.449288      2.347  38.232717    15.2370    6.67021      2.327    30.5790    22.5160 -9.990e-29
 173.449294      2.356  38.232728    15.2374    6.66310      2.336    30.5787    22.5157 -9.990e-29
 173.449300      2.356  38.232771    15.2377    6.64875      2.336    30.5785    22.5155 -9.990e-29
 173.449306      2.348  38.232905    15.2381    6.63829      2.328    30.5783    22.5153 -9.990e-29
 173.449311      2.339  38.233306    15.2388    6.64911      2.319    30.5782    22.5150 -9.990e-29
 173.449317      2.332  38.233949    15.2395    6.66043      2.313    30.5782    22.5148 -9.990e-29
 173.449323      2.328  38.234573    15.2398    6.66519      2.309    30.5785    22.5150 -9.990e-29
 173.449329      2.326  38.234888    15.2400    6.65195      2.307    30.5786    22.5151 -9.990e-29
 173.449334      2.326  38.234751    15.2402    6.64147      2.307    30.5784    22.5148 -9.990e-29
 173.449340      2.328  38.234543    15.2402    6.66071      2.309    30.5782    22.5147 -9.990e-29
 173.449346      2.332  38.234547    15.2402    6.67929      2.313    30.5782    22.5147 -9.990e-29
 173.449352      2.334  38.234767    15.2400    6.66978      2.315    30.5785    22.5150 -9.990e-29
 173.449358      2.330  38.234937    15.2395    6.65281      2.311    30.5791    22.5155 -9.990e-29
 173.449363      2.324  38.234722    15.2389    6.64060      2.305    30.5794    22.5159 -9.990e-29
 173.449369      2.320  38.234398    15.2384    6.65284      2.301    30.5795    22.5160 -9.990e-29
 173.449375      2.318  38.234092    15.2377    6.66587      2.299    30.5797    22.5164 -9.990e-29
 173.449381      2.317  38.233397    15.2371    6.66905      2.298    30.5796    22.5164 -9.990e-29
 173.449387      2.314  38.232507    15.2374    6.65037      2.295    30.5786    22.5156 -9.990e-29
 173.449392      2.303  38.232479    15.2385    6.64242      2.284    30.5777    22.5147 -9.990e-29
 173.449398      2.293  38.233276    15.2394    6.64761      2.274    30.5777    22.5145 -9.990e-29
 173.449404      2.296  38.233719    15.2392    6.65311      2.277    30.5782    22.5149 -9.990e-29
 173.449410      2.311  38.233278    15.2384    6.66306      2.292    30.5785    22.5153 -9.990e-29
 173.449416      2.328  38.232486    15.2380    6.66318      2.309    30.5781    22.5151 -9.990e-29
 173.449421      2.338  38.232529    15.2385    6.64663      2.318    30.5777    22.5147 -9.990e-29
 173.449427      2.347  38.233465    15.2393    6.63692      2.327    30.5779    22.5147 -9.990e-29
 173.449433      2.359  38.234298    15.2397    6.64331      2.339    30.5783    22.5149 -9.990e-29
 173.449439      2.376  38.234458    15.2396    6.65344      2.356    30.5786    22.5151 -9.990e-29
 173.449444      2.393  38.234159    15.2394    6.66245      2.373    30.5784    22.5150 -9.990e-29
 173.449450      2.404  38.234122    15.2393    6.65741      2.384    30.5785    22.5151 -9.990e-29
 173.449456      2.405  38.234296    15.2394    6.64643      2.385    30.5786    22.5151 -9.990e-29
 173.449462      2.400  38.234355    15.2396    6.63464      2.380    30.5785    22.5150 -9.990e-29
 173.449468      2.398  38.234378    15.2393    6.66099      2.378    30.5787    22.5153 -9.990e-29
 173.449473      2.402  38.234395    15.2391    6.66241      2.382    30.5789    22.5154 -9.990e-29
 173.449479      2.409  38.234429    15.2394    6.65311      2.389    30.5787    22.5152 -9.990e-29
 173.449485      2.410  38.234526    15.2398    6.63898      2.390    30.5784    22.5150 -9.990e-29
 173.449491      2.406  38.234814    15.2402    6.61801      2.386    30.5784    22.5148 -9.990e-29
 173.449497      2.409  38.235116    15.2409    6.62574      2.389    30.5781    22.5145 -9.990e-29
 173.449502      2.428  38.235276    15.2415    6.65313      2.408    30.5778    22.5141 -9.990e-29
 173.449508      2.456  38.235509    15.2417    6.65891      2.435    30.5778    22.5141 -9.990e-29
 173.449514      2.477  38.235564    15.2419    6.65646      2.456    30.5777    22.5140 -9.990e-29
 173.449520      2.479  38.235511    15.2424    6.64882      2.458    30.5773    22.5135 -9.990e-29
 173.449525      2.468  38.235840    15.2429    6.63320      2.447    30.5772    22.5133 -9.990e-29
 173.449531      2.459  38.236432    15.2430    6.63805      2.438    30.5776    22.5137 -9.990e-29
 173.449537      2.461  38.236954    15.2427    6.63805      2.440    30.5783    22.5143 -9.990e-29
 173.449543      2.473  38.236980    15.2422    6.64912      2.452    30.5787    22.5147 -9.990e-29
 173.449549      2.489  38.236548    15.2418    6.64798      2.468    30.5787    22.5147 -9.990e-29
 173.449554      2.495  38.236201    15.2416    6.64693      2.474    30.5785    22.5146 -9.990e-29
 173.449560      2.493  38.236035    15.2413    6.65016      2.472    30.5786    22.5148 -9.990e-29
 173.449566      2.490  38.235831    15.2406    6.64823      2.469    30.5790    22.5152 -9.990e-29
 173.449572      2.496  38.235316    15.2398    6.64240      2.475    30.5791    22.5155 -9.990e-29
 173.449578      2.515  38.234367    15.2390    6.63904      2.494    30.5789    22.5155 -9.990e-29
 173.449583      2.543  38.233400    15.2383    6.63650      2.522    30.5786    22.5154 -9.990e-29
 173.449589      2.571  38.232810    15.2377    6.64683      2.550    30.5785    22.5155 -9.990e-29
 173.449595      2.586  38.232367    15.2372    6.65827      2.564    30.5785    22.5156 -9.990e-29
 173.449601      2.585  38.232041    15.2370    6.65107      2.563    30.5784    22.5155 -9.990e-29
 173.449606      2.573  38.231960    15.2373    6.64666      2.552    30.5781    22.5152 -9.990e-29
 173.449612      2.562  38.232015    15.2378    6.64599      2.541    30.5777    22.5148 -9.990e-29
 173.449618      2.563  38.232281    15.2381    6.64733      2.542    30.5777    22.5148 -9.990e-29
 173.449624      2.578  38.232552    15.2382    6.65014      2.556    30.5779    22.5149 -9.990e-29
 173.449630      2.593  38.232631    15.2383    6.64556      2.571    30.5779    22.5148 -9.990e-29
 173.449635      2.597  38.232620    15.2388    6.63731      2.575    30.5775    22.5144 -9.990e-29
 173.449641      2.591  38.233067    15.2396    6.64412      2.569    30.5772    22.5141 -9.990e-29
 173.449647      2.583  38.234005    15.2403    6.65362      2.561    30.5775    22.5142 -9.990e-29
