data/oxygen options/ONMS/Olympic_Coast_National_Marine_Sanctuary_Hypoxia_Survey_CTD_Data_2004_2015/raw_data/2005/CTD_TH40_070705faed.cnv
* Sea-Bird SBE19 Data File:
* FileName = C:\Hypoxia Data\TH40_070705.hex
* Software Version 1.1.6
* Temperature SN = 2997
* Conductivity SN = 2997
* System UpLoad Time = Jul 07 2005 10:02:41
* SEACAT PROFILER V3.1c SN 2997   07/07/05  10:02:17.844
* strain gauge pressure sensor: S/N = 184829,  range = 3000 psia,  tc = 40
# nquan = 9                                 
# nvalues = 569                         
# units = specified
# name 0 = timeJ: Julian Days
# name 1 = prSM: Pressure, Strain Gauge [db]
# name 2 = c0mS/cm: Conductivity [mS/cm]
# name 3 = t090C: Temperature [ITS-90, deg C]
# name 4 = oxML/L: Oxygen, Beckman/YSI [ml/l]
# name 5 = depSM: Depth [salt water, m], lat = 47.5
# name 6 = sal00: Salinity, Practical [PSU]
# name 7 = sigma-é00: Density [sigma-theta, kg/m^3]
# name 8 = flag: flag
# span 0 = 188.406678, 188.409965       
# span 1 =     -3.237,     40.227       
# span 2 =   4.528083,  38.842528       
# span 3 =     8.7781,    15.1147       
# span 4 =   -0.09743,   23.88371       
# span 5 =     -3.210,     39.887       
# span 6 =     3.6040,    33.0589       
# span 7 =     2.0480,    25.6327       
# span 8 = 0.0000e+00, 0.0000e+00       
# interval = seconds: 0.5
# start_time = Jul 07 2005 09:45:37 [Instrument's time stamp, header]
# bad_flag = -9.990e-29
*END*
[from data line 321]
 188.408536      2.443  38.577864    14.4003   11.04018      2.423    31.5565    23.4451 -9.990e-29
 188.408542      2.444  38.579015    14.4153   11.01865      2.424    31.5453    23.4334 -9.990e-29
 188.408547      2.441  38.588811    14.4449   11.03478      2.421    31.5301    23.4155 -9.990e-29
 188.408553      2.443  38.609090    14.4670   11.06829      2.423    31.5306    23.4113 -9.990e-29
 188.408559      2.451  38.624263    14.4578   11.13833      2.431    31.5519    23.4296 -9.990e-29
 188.408565      2.456  38.616985    14.4286   11.07193      2.435    31.5690    23.4489 -9.990e-29
 188.408571      2.454  38.596623    14.4154   11.01274      2.434    31.5613    23.4457 -9.990e-29
 188.408576      2.445  38.589304    14.4303   10.97422      2.425    31.5425    23.4281 -9.990e-29
 188.408582      2.434  38.601519    14.4474   10.98365      2.414    31.5397    23.4224 -9.990e-29
 188.408588      2.427  38.613653    14.4384   11.05623      2.407    31.5580    23.4384 -9.990e-29
 188.408594      2.428  38.608235    14.4023   11.10502      2.408    31.5825    23.4648 -9.990e-29
 188.408600      2.434  38.585333    14.3698   11.08670      2.414    31.5882    23.4759 -9.990e-29
 188.408605      2.435  38.564884    14.3622   11.04850      2.415    31.5757    23.4679 -9.990e-29
 188.408611      2.429  38.558868    14.3734   10.99946      2.409    31.5611    23.4543 -9.990e-29
 188.408617      2.418  38.564297    14.3929   10.96949      2.398    31.5502    23.4418 -9.990e-29
 188.408623      2.415  38.579992    14.3938   10.95875      2.395    31.5637    23.4521 -9.990e-29
 188.408628      2.429  38.584817    14.3553   10.93670      2.409    31.5995    23.4877 -9.990e-29
 188.408634      2.451  38.561089    14.3010   10.93785      2.431    31.6223    23.5164 -9.990e-29
 188.408640      2.470  38.526524    14.2715   10.91727      2.449    31.6148    23.5168 -9.990e-29
 188.408646      2.483  38.509616    14.2695   10.91715      2.462    31.6010    23.5066 -9.990e-29
 188.408652      2.492  38.511358    14.2600   10.92929      2.471    31.6104    23.5158 -9.990e-29
 188.408657      2.500  38.507143    14.2294   10.94784      2.479    31.6316    23.5384 -9.990e-29
 188.408663      2.513  38.489666    14.2033   10.96530      2.492    31.6369    23.5480 -9.990e-29
 188.408669      2.522  38.476002    14.2043   10.98717      2.501    31.6236    23.5375 -9.990e-29
 188.408675      2.521  38.477647    14.2244   10.94071      2.500    31.6087    23.5218 -9.990e-29
 188.408681      2.513  38.488368    14.2377   10.91889      2.492    31.6076    23.5182 -9.990e-29
 188.408686      2.505  38.494414    14.2294   10.94995      2.484    31.6199    23.5294 -9.990e-29
 188.408692      2.507  38.488705    14.2122   10.99453      2.486    31.6288    23.5398 -9.990e-29
 188.408698      2.518  38.479336    14.2081   11.01701      2.497    31.6236    23.5366 -9.990e-29
 188.408704      2.531  38.477922    14.2195   11.09537      2.510    31.6129    23.5261 -9.990e-29
 188.408709      2.542  38.484251    14.2346   11.05749      2.521    31.6064    23.5179 -9.990e-29
 188.408715      2.551  38.491611    14.2519   11.02630      2.530    31.5989    23.5086 -9.990e-29
 188.408721      2.564  38.499720    14.2741   11.03517      2.543    31.5882    23.4957 -9.990e-29
 188.408727      2.586  38.509853    14.2932   11.00830      2.564    31.5818    23.4869 -9.990e-29
 188.408733      2.614  38.518135    14.3023   11.04415      2.592    31.5819    23.4851 -9.990e-29
 188.408738      2.640  38.522147    14.3071   11.08459      2.618    31.5817    23.4839 -9.990e-29
 188.408744      2.659  38.524993    14.3226   11.11509      2.637    31.5716    23.4729 -9.990e-29
 188.408750      2.666  38.536071    14.3525   11.05326      2.644    31.5573    23.4557 -9.990e-29
 188.408756      2.668  38.555565    14.3757   11.00341      2.646    31.5561    23.4500 -9.990e-29
 188.408762      2.672  38.566276    14.3749   11.00450      2.650    31.5666    23.4582 -9.990e-29
 188.408767      2.682  38.560058    14.3556   11.00251      2.660    31.5766    23.4700 -9.990e-29
 188.408773      2.701  38.546008    14.3311   10.99825      2.678    31.5838    23.4806 -9.990e-29
 188.408779      2.723  38.533432    14.3108   11.01384      2.700    31.5889    23.4887 -9.990e-29
 188.408785      2.744  38.526303    14.2965   11.00738      2.721    31.5941    23.4956 -9.990e-29
 188.408791      2.759  38.523517    14.2894   11.00413      2.736    31.5973    23.4996 -9.990e-29
 188.408796      2.769  38.521901    14.2873   10.99590      2.746    31.5976    23.5002 -9.990e-29
 188.408802      2.780  38.519242    14.2808   11.00828      2.757    31.6004    23.5038 -9.990e-29
 188.408808      2.800  38.514150    14.2664   11.04497      2.777    31.6076    23.5123 -9.990e-29
 188.408814      2.836  38.505916    14.2496   11.08034      2.812    31.6138    23.5205 -9.990e-29
 188.408819      2.889  38.495819    14.2430   11.05777      2.865    31.6099    23.5189 -9.990e-29
 188.408825      2.958  38.491064    14.2529   11.02251      2.933    31.5974    23.5073 -9.990e-29
 188.408831      3.039  38.495881    14.2692   10.94626      3.014    31.5885    23.4970 -9.990e-29
 188.408837      3.139  38.504268    14.2753   10.86614      3.113    31.5911    23.4978 -9.990e-29
 188.408843      3.270  38.507139    14.2576   10.78786      3.243    31.6082    23.5146 0.0000e+00
 188.408848      3.447  38.497591    14.2140   10.74645      3.418    31.6351    23.5443 0.0000e+00
 188.408854      3.675  38.476834    14.1513   10.68011      3.644    31.6674    23.5822 0.0000e+00
 188.408860      3.952  38.447396    14.0826   10.62427      3.919    31.6968    23.6190 0.0000e+00
 188.408866      4.267  38.413122    14.0260   10.59511      4.231    31.7118    23.6421 0.0000e+00
 188.408872      4.609  38.383184    13.9877   10.54675      4.570    31.7157    23.6530 0.0000e+00
 188.408877      4.975  38.360191    13.9641   10.52184      4.933    31.7138    23.6564 0.0000e+00
 188.408883      5.361  38.344239    13.9499   10.55868      5.316    31.7107    23.6569 0.0000e+00
 188.408889      5.767  38.334722    13.9405   10.53821      5.719    31.7095    23.6579 0.0000e+00
 188.408895      6.186  38.328399    13.9337   10.53336      6.134    31.7092    23.6590 0.0000e+00
 188.408900      6.603  38.324045    13.9260   10.53047      6.548    31.7113    23.6623 0.0000e+00
 188.408906      7.022  38.318573    13.9136   10.49016      6.963    31.7164    23.6687 0.0000e+00
 188.408912      7.451  38.308529    13.8979   10.48069      7.389    31.7199    23.6746 0.0000e+00
 188.408918      7.896  38.296142    13.8829   10.51637      7.830    31.7207    23.6783 0.0000e+00
 188.408924      8.356  38.285564    13.8720   10.51502      8.286    31.7198    23.6798 0.0000e+00
 188.408929      8.826  38.278868    13.8639   10.50835      8.752    31.7201    23.6817 0.0000e+00
 188.408935      9.301  38.274332    13.8536   10.51218      9.223    31.7242    23.6870 0.0000e+00
 188.408941      9.782  38.268066    13.8397   10.46990      9.700    31.7298    23.6941 0.0000e+00
 188.408947     10.273  38.258921    13.8216   10.46823     10.187    31.7361    23.7027 0.0000e+00
 188.408953     10.773  38.244714    13.7944   10.48342     10.683    31.7453    23.7153 0.0000e+00
 188.408958     11.269  38.218195    13.7602   10.45468     11.175    31.7489    23.7250 0.0000e+00
 188.408964     11.760  38.182057    13.7304   10.44891     11.662    31.7399    23.7241 0.0000e+00
 188.408970     12.250  38.153089    13.7095   10.44682     12.147    31.7303    23.7209 0.0000e+00
 188.408976     12.742  38.136884    13.6910   10.45179     12.635    31.7304    23.7247 0.0000e+00
 188.408981     13.236  38.126890    13.6652   10.43990     13.125    31.7423    23.7391 0.0000e+00
 188.408987     13.734  38.115305    13.6265   10.42986     13.619    31.7635    23.7633 0.0000e+00
 188.408993     14.234  38.093888    13.5821   10.36774     14.115    31.7803    23.7852 0.0000e+00
 188.408999     14.738  38.065406    13.5399   10.31983     14.614    31.7887    23.8002 0.0000e+00
 188.409005     15.247  38.037781    13.4962   10.29853     15.119    31.7992    23.8170 0.0000e+00
 188.409010     15.760  38.009421    13.4474   10.30912     15.628    31.8133    23.8376 0.0000e+00
 188.409016     16.275  37.978319    13.4014   10.28156     16.139    31.8225    23.8539 0.0000e+00
 188.409022     16.791  37.950587    13.3651   10.25723     16.650    31.8267    23.8644 0.0000e+00
 188.409028     17.307  37.930099    13.3319   10.22569     17.162    31.8351    23.8775 0.0000e+00
 188.409034     17.821  37.910760    13.2901   10.16439     17.672    31.8518    23.8986 0.0000e+00
 188.409039     18.336  37.883520    13.2378   10.11234     18.182    31.8699    23.9230 0.0000e+00
 188.409045     18.854  37.847307    13.1821   10.08364     18.696    31.8825    23.9437 0.0000e+00
 188.409051     19.372  37.808710    13.1269   10.02596     19.209    31.8924    23.9622 0.0000e+00
 188.409057     19.882  37.771134    13.0694    9.96252     19.715    31.9052    23.9834 0.0000e+00
 188.409063     20.383  37.732059    13.0072    9.87891     20.212    31.9206    24.0075 0.0000e+00
 188.409068     20.877  37.690328    12.9468    9.78559     20.702    31.9320    24.0281 0.0000e+00
 188.409074     21.370  37.651340    12.8927    9.71715     21.191    31.9407    24.0453 0.0000e+00
 188.409080     21.860  37.617981    12.8382    9.66907     21.676    31.9550    24.0670 0.0000e+00
 188.409086     22.338  37.582691    12.7842    9.64287     22.150    31.9671    24.0868 0.0000e+00
 188.409091     22.810  37.545436    12.7398    9.66037     22.618    31.9693    24.0970 0.0000e+00
 188.409097     23.284  37.515901    12.6975    9.70575     23.088    31.9769    24.1111 0.0000e+00
 188.409103     23.760  37.487141    12.6459    9.72920     23.560    31.9932    24.1336 0.0000e+00
 188.409109     24.240  37.449323    12.5935    9.70763     24.036    32.0016    24.1502 0.0000e+00
 188.409115     24.727  37.413067    12.5475    9.69484     24.519    32.0060    24.1624 0.0000e+00
 188.409120     25.223  37.384900    12.4929    9.68140     25.011    32.0255    24.1879 0.0000e+00
 188.409126     25.725  37.351850    12.4085    9.63823     25.509    32.0657    24.2351 0.0000e+00
 188.409132     26.227  37.297245    12.2992    9.55548     26.006    32.1068    24.2876 0.0000e+00
 188.409138     26.718  37.226142    12.1919    5.22649     26.493    32.1304    24.3261 0.0000e+00
 188.409144     27.195  37.158605    12.0995    2.09370     26.966    32.1447    24.3545 0.0000e+00
 188.409149     27.662  37.098133    12.0233    2.08614     27.429    32.1519    24.3742 0.0000e+00
 188.409155     28.121  37.043631    11.9704    2.95457     27.884    32.1447    24.3785 0.0000e+00
 188.409161     28.569  37.005331    11.9216    5.11671     28.329    32.1496    24.3913 0.0000e+00
 188.409167     29.014  36.975815    11.8188    5.67126     28.770    32.2098    24.4569 0.0000e+00
 188.409172     29.467  36.905547    11.6503    5.16529     29.219    32.2876    24.5482 0.0000e+00
 188.409178     29.935  36.780944    11.4643    4.93837     29.683    32.3281    24.6135 0.0000e+00
 188.409184     30.419  36.652234    11.2791    4.63292     30.163    32.3640    24.6746 0.0000e+00
 188.409190     30.911  36.530500    11.1004    4.32992     30.651    32.4011    24.7353 0.0000e+00
 188.409196     31.400  36.408645    10.9476    4.06600     31.136    32.4153    24.7732 0.0000e+00
 188.409201     31.878  36.305766    10.8046    3.83308     31.610    32.4396    24.8171 0.0000e+00
 188.409207     32.341  36.214668    10.6459    3.56989     32.069    32.4896    24.8836 0.0000e+00
 188.409213     32.789  36.114719    10.4737    3.31254     32.513    32.5431    24.9548 0.0000e+00
 188.409219     33.224  36.006003    10.3063    3.05751     32.944    32.5837    25.0149 0.0000e+00
 188.409225     33.650  35.901582    10.1642    2.87691     33.366    32.6060    25.0563 0.0000e+00
 188.409230     34.071  35.815190    10.0351    2.76610     33.784    32.6348    25.1003 0.0000e+00
 188.409236     34.492  35.737503     9.8801    2.61590     34.201    32.6960    25.1738 0.0000e+00
 188.409242     34.916  35.641094     9.7073    2.47413     34.622    32.7545    25.2479 0.0000e+00
 188.409248     35.344  35.534690     9.5689    2.39804     35.046    32.7717    25.2838 0.0000e+00
 188.409253     35.776  35.457412     9.4887    2.34376     35.474    32.7655    25.2919 0.0000e+00
 188.409259     36.211  35.418806     9.4557    2.31805     35.906    32.7558    25.2896 0.0000e+00
 188.409265     36.634  35.405980     9.4379    2.28630     36.325    32.7587    25.2948 0.0000e+00
 188.409271     37.024  35.400624     9.4090    2.24126     36.712    32.7795    25.3156 0.0000e+00
 188.409277     37.372  35.391593     9.3861    2.21460     37.057    32.7910    25.3283 0.0000e+00
 188.409282     37.684  35.385829     9.3832    2.20681     37.366    32.7876    25.3261 0.0000e+00
 188.409288     37.974  35.382292     9.3708    2.19143     37.654    32.7952    25.3341 0.0000e+00
 188.409294     38.257  35.370018     9.3369    2.16452     37.934    32.8135    25.3538 0.0000e+00
 188.409300     38.539  35.349951     9.2815    2.15276     38.214    32.8436    25.3861 0.0000e+00
 188.409306     38.819  35.324413     9.1789    2.13011     38.491    32.9116    25.4556 0.0000e+00
 188.409311     39.099  35.276651     9.0389    2.11354     38.769    32.9914    25.5401 0.0000e+00
 188.409317     39.375  35.210740     8.9154    2.11014     39.043    33.0374    25.5954 0.0000e+00
 188.409323     39.635  35.158124     8.8435    2.09694     39.300    33.0493    25.6159 0.0000e+00
 188.409329     39.861  35.132638     8.8171    2.09687     39.525    33.0472    25.6183 0.0000e+00
 188.409334     40.038  35.125431     8.8083    2.09819     39.700    33.0478    25.6201 -9.990e-29
 188.409340     40.160  35.121762     8.7970    2.09955     39.821    33.0544    25.6271 -9.990e-29
 188.409346     40.225  35.113859     8.7833    2.11356     39.885    33.0589    25.6327 -9.990e-29
 188.409352     40.227  35.104007     8.7781    2.13604     39.887    33.0534    25.6292 -9.990e-29
 188.409358     40.151  35.099736     8.7907    2.16124     39.812    33.0373    25.6146 -9.990e-29
 188.409363     39.997  35.105925     8.8212    2.18745     39.659    33.0154    25.5928 0.0000e+00
 188.409369     39.781  35.119535     8.8584    2.20554     39.445    32.9951    25.5711 0.0000e+00
 188.409375     39.524  35.132854     8.8888    2.21655     39.190    32.9808    25.5552 0.0000e+00
 188.409381     39.239  35.142831     8.9043    2.24242     38.908    32.9770    25.5498 0.0000e+00
 188.409387     38.933  35.148126     8.9093    2.26869     38.604    32.9780    25.5498 0.0000e+00
 188.409392     38.617  35.149004     8.9131    2.29941     38.291    32.9755    25.5473 0.0000e+00
 188.409398     38.301  35.149369     8.9144    2.34493     37.978    32.9748    25.5465 0.0000e+00
 188.409404     37.985  35.148512     8.9129    2.39102     37.665    32.9755    25.5473 0.0000e+00
 188.409410     37.664  35.146902     8.9226    2.44198     37.346    32.9649    25.5375 0.0000e+00
 188.409416     37.319  35.151288     8.9673    2.48006     37.004    32.9282    25.5018 0.0000e+00
 188.409421     36.939  35.169686     9.0617    2.52527     36.627    32.8602    25.4338 0.0000e+00
 188.409427     36.525  35.206928     9.1783    2.56897     36.217    32.7915    25.3617 0.0000e+00
 188.409433     36.083  35.252050     9.2717    2.63148     35.779    32.7526    25.3165 0.0000e+00
 188.409439     35.626  35.287230     9.3335    2.73868     35.326    32.7325    25.2909 0.0000e+00
 188.409444     35.166  35.311669     9.3828    2.84737     34.870    32.7127    25.2676 0.0000e+00
 188.409450     34.712  35.335469     9.4338    2.93881     34.419    32.6908    25.2423 0.0000e+00
