data/oxygen options/ONMS/Olympic_Coast_National_Marine_Sanctuary_Hypoxia_Survey_CTD_Data_2004_2015/raw_data/2005/CTD_TH60_062205faed.cnv
* Sea-Bird SBE19 Data File:
* FileName = C:\hypoxia CTD data\TH60_062205.hex
* Software Version 1.1.5
* Temperature SN = 2997
* Conductivity SN = 2997
* System UpLoad Time = Jun 22 2005 12:35:49
* SEACAT PROFILER V3.1c SN 2997   06/22/05  12:35:29.676
* strain gauge pressure sensor: S/N = 184829,  range = 3000 psia,  tc = 40
# nquan = 9                                 
# nvalues = 661                         
# units = specified
# name 0 = timeJ: Julian Days
# name 1 = prSM: Pressure, Strain Gauge [db]
# name 2 = c0mS/cm: Conductivity [mS/cm]
# name 3 = t090C: Temperature [ITS-90, deg C]
# name 4 = oxML/L: Oxygen, Beckman/YSI [ml/l]
# name 5 = depSM: Depth [salt water, m], lat = 47.5
# name 6 = sal00: Salinity, Practical [PSU]
# name 7 = sigma-é00: Density [sigma-theta, kg/m^3]
# name 8 = flag: flag
# span 0 = 173.447801, 173.451620       
# span 1 =     -3.256,     60.833       
# span 2 =   4.549687,  38.240147       
# span 3 =     8.1322,    15.2474       
# span 4 =   -0.09619,   24.65255       
# span 5 =     -3.229,     60.316       
# span 6 =     3.1099,    33.4428       
# span 7 =     1.5947,    26.0311       
# span 8 = 0.0000e+00, 0.0000e+00       
# interval = seconds: 0.5
# start_time = Jun 22 2005 10:44:50 [Instrument's time stamp, header]
# bad_flag = -9.990e-29
*END*
[from data line 481]
 173.450584     49.713  34.937893     8.3300    2.90645     49.292    33.2953    25.8870 0.0000e+00
 173.450590     50.201  34.932431     8.3090    2.86319     49.776    33.3092    25.9011 0.0000e+00
 173.450596     50.687  34.928444     8.2903    2.83225     50.258    33.3225    25.9143 0.0000e+00
 173.450602     51.166  34.926195     8.2738    2.79124     50.733    33.3355    25.9270 0.0000e+00
 173.450608     51.640  34.926027     8.2599    2.76959     51.203    33.3483    25.9391 0.0000e+00
 173.450613     52.110  34.927142     8.2499    2.74506     51.669    33.3588    25.9488 0.0000e+00
 173.450619     52.574  34.928781     8.2423    2.72911     52.129    33.3675    25.9568 0.0000e+00
 173.450625     53.042  34.930887     8.2333    2.73100     52.593    33.3781    25.9664 0.0000e+00
 173.450631     53.521  34.933472     8.2216    2.72301     53.067    33.3917    25.9789 0.0000e+00
 173.450637     54.013  34.935504     8.2093    2.70698     53.555    33.4053    25.9914 0.0000e+00
 173.450642     54.509  34.935775     8.1991    2.69910     54.047    33.4151    26.0006 0.0000e+00
 173.450648     55.003  34.934651     8.1919    2.68414     54.537    33.4205    26.0060 0.0000e+00
 173.450654     55.497  34.932882     8.1865    2.69828     55.026    33.4236    26.0091 0.0000e+00
 173.450660     55.988  34.930918     8.1812    2.69807     55.513    33.4263    26.0121 0.0000e+00
 173.450666     56.461  34.928947     8.1767    2.70011     55.982    33.4283    26.0143 0.0000e+00
 173.450671     56.901  34.927152     8.1737    2.69580     56.418    33.4290    26.0153 0.0000e+00
 173.450677     57.308  34.925950     8.1694    2.68841     56.822    33.4316    26.0180 0.0000e+00
 173.450683     57.687  34.923745     8.1600    2.68810     57.198    33.4381    26.0245 0.0000e+00
 173.450689     58.048  34.918165     8.1486    2.69682     57.555    33.4428    26.0299 0.0000e+00
 173.450694     58.392  34.911307     8.1425    2.69670     57.896    33.4412    26.0295 0.0000e+00
 173.450700     58.709  34.908048     8.1447    2.69011     58.211    33.4355    26.0247 0.0000e+00
 173.450706     58.996  34.909092     8.1517    2.68724     58.495    33.4298    26.0192 0.0000e+00
 173.450712     59.272  34.911916     8.1539    2.67517     58.769    33.4306    26.0195 0.0000e+00
 173.450718     59.554  34.912447     8.1464    2.67554     59.048    33.4381    26.0266 0.0000e+00
 173.450723     59.839  34.908040     8.1371    2.66882     59.331    33.4422    26.0311 0.0000e+00
 173.450729     60.111  34.902920     8.1328    2.67267     59.601    33.4407    26.0306 0.0000e+00
 173.450735     60.354  34.900916     8.1329    2.65996     59.842    33.4384    26.0288 0.0000e+00
 173.450741     60.551  34.901044     8.1354    2.66886     60.037    33.4360    26.0266 0.0000e+00
 173.450747     60.696  34.902361     8.1379    2.66986     60.181    33.4350    26.0254 -9.990e-29
 173.450752     60.788  34.903829     8.1381    2.66658     60.272    33.4363    26.0264 -9.990e-29
 173.450758     60.833  34.903489     8.1362    2.65916     60.316    33.4377    26.0278 -9.990e-29
 173.450764     60.830  34.901460     8.1345    2.66056     60.313    33.4372    26.0276 -9.990e-29
 173.450770     60.775  34.900090     8.1337    2.66738     60.259    33.4365    26.0272 -9.990e-29
 173.450775     60.664  34.899805     8.1328    2.67410     60.149    33.4371    26.0278 -9.990e-29
 173.450781     60.494  34.899113     8.1322    2.67225     59.980    33.4371    26.0278 0.0000e+00
 173.450787     60.267  34.898221     8.1331    2.66718     59.755    33.4353    26.0264 0.0000e+00
 173.450793     59.991  34.898194     8.1347    2.66704     59.482    33.4339    26.0250 0.0000e+00
 173.450799     59.676  34.898445     8.1353    2.66849     59.169    33.4338    26.0248 0.0000e+00
 173.450804     59.343  34.898201     8.1347    2.67803     58.839    33.4342    26.0252 0.0000e+00
 173.450810     59.007  34.897710     8.1345    2.67358     58.506    33.4341    26.0251 0.0000e+00
 173.450816     58.678  34.897450     8.1360    2.67871     58.180    33.4325    26.0237 0.0000e+00
 173.450822     58.360  34.897647     8.1381    2.67181     57.865    33.4309    26.0221 0.0000e+00
 173.450828     58.051  34.898014     8.1399    2.68221     57.558    33.4297    26.0209 0.0000e+00
 173.450833     57.738  34.898493     8.1419    2.68724     57.248    33.4284    26.0196 0.0000e+00
 173.450839     57.411  34.899733     8.1455    2.69148     56.924    33.4265    26.0175 0.0000e+00
 173.450845     57.058  34.902275     8.1514    2.70722     56.574    33.4237    26.0145 0.0000e+00
 173.450851     56.672  34.905595     8.1589    2.70463     56.191    33.4203    26.0107 0.0000e+00
 173.450856     56.260  34.908527     8.1666    2.71071     55.783    33.4163    26.0064 0.0000e+00
 173.450862     55.829  34.911067     8.1738    2.70554     55.356    33.4123    26.0022 0.0000e+00
 173.450868     55.383  34.913814     8.1795    2.71161     54.913    33.4100    25.9995 0.0000e+00
 173.450874     54.913  34.915960     8.1844    2.72550     54.447    33.4079    25.9971 0.0000e+00
 173.450880     54.415  34.917014     8.1912    2.73900     53.954    33.4027    25.9921 0.0000e+00
 173.450885     53.901  34.917834     8.2012    2.74705     53.444    33.3943    25.9840 0.0000e+00
 173.450891     53.389  34.918405     8.2118    2.76155     52.937    33.3851    25.9752 0.0000e+00
 173.450897     52.890  34.918379     8.2178    2.76391     52.442    33.3796    25.9699 0.0000e+00
 173.450903     52.405  34.918299     8.2197    2.80617     51.961    33.3779    25.9683 0.0000e+00
 173.450909     51.934  34.918070     8.2248    2.84254     51.494    33.3731    25.9638 0.0000e+00
 173.450914     51.469  34.916281     8.2382    2.87621     51.033    33.3586    25.9504 0.0000e+00
 173.450920     51.004  34.911677     8.2574    2.90513     50.572    33.3358    25.9296 0.0000e+00
 173.450926     50.550  34.905979     8.2756    2.92615     50.122    33.3127    25.9088 0.0000e+00
 173.450932     50.124  34.902816     8.2861    2.93883     49.700    33.2996    25.8969 0.0000e+00
 173.450938     49.737  34.902473     8.2867    2.94416     49.316    33.2988    25.8962 0.0000e+00
 173.450943     49.374  34.902825     8.2817    2.95775     48.956    33.3041    25.9011 0.0000e+00
 173.450949     48.998  34.903795     8.2816    2.97332     48.583    33.3054    25.9021 0.0000e+00
 173.450955     48.582  34.905564     8.2957    3.03066     48.171    33.2941    25.8912 0.0000e+00
 173.450961     48.124  34.907693     8.3273    3.08768     47.717    33.2667    25.8649 0.0000e+00
 173.450966     47.644  34.911913     8.3679    3.13382     47.241    33.2330    25.8324 0.0000e+00
 173.450972     47.156  34.918258     8.3965    3.16845     46.757    33.2129    25.8124 0.0000e+00
 173.450978     46.664  34.922874     8.4067    3.18211     46.269    33.2084    25.8073 0.0000e+00
 173.450984     46.166  34.924088     8.4158    3.21536     45.776    33.2013    25.8004 0.0000e+00
 173.450990     45.666  34.925220     8.4358    3.24967     45.280    33.1839    25.7837 0.0000e+00
 173.450995     45.161  34.928910     8.4622    3.31340     44.779    33.1632    25.7635 0.0000e+00
 173.451001     44.653  34.933925     8.4889    3.35925     44.276    33.1436    25.7441 0.0000e+00
 173.451007     44.158  34.939119     8.5132    3.41538     43.785    33.1265    25.7270 0.0000e+00
 173.451013     43.689  34.944146     8.5338    3.47119     43.320    33.1127    25.7130 0.0000e+00
 173.451019     43.257  34.947878     8.5522    3.51571     42.891    33.0995    25.6999 0.0000e+00
 173.451024     42.859  34.950262     8.5720    3.56566     42.497    33.0837    25.6845 0.0000e+00
 173.451030     42.482  34.952809     8.5881    3.58474     42.123    33.0714    25.6724 0.0000e+00
 173.451036     42.116  34.955007     8.5930    3.60542     41.760    33.0693    25.6700 0.0000e+00
 173.451042     41.754  34.955314     8.5970    3.61826     41.401    33.0661    25.6669 0.0000e+00
 173.451047     41.387  34.955274     8.6119    3.66542     41.037    33.0522    25.6538 0.0000e+00
 173.451053     41.003  34.956526     8.6306    3.71680     40.657    33.0363    25.6384 0.0000e+00
 173.451059     40.596  34.957947     8.6469    3.76228     40.253    33.0227    25.6253 0.0000e+00
 173.451065     40.151  34.958643     8.6676    3.80576     39.812    33.0043    25.6077 0.0000e+00
 173.451071     39.659  34.958996     8.7020    3.80319     39.324    32.9728    25.5777 0.0000e+00
 173.451076     39.122  34.960611     8.7507    3.77756     38.792    32.9294    25.5363 0.0000e+00
 173.451082     38.553  34.966215     8.8078    3.72666     38.228    32.8825    25.4908 0.0000e+00
 173.451088     37.970  34.977133     8.8709    3.70708     37.650    32.8357    25.4444 0.0000e+00
 173.451094     37.397  34.994489     8.9294    3.70892     37.082    32.8000    25.4073 0.0000e+00
 173.451100     36.849  35.016223     8.9557    3.73735     36.538    32.7986    25.4021 0.0000e+00
 173.451105     36.329  35.029292     8.9382    3.76493     36.023    32.8286    25.4283 0.0000e+00
 173.451111     35.838  35.023120     8.9073    3.77025     35.536    32.8509    25.4506 0.0000e+00
 173.451117     35.376  35.007993     8.9034    3.77606     35.078    32.8390    25.4419 0.0000e+00
 173.451123     34.933  35.000744     8.9380    3.77167     34.639    32.7997    25.4057 0.0000e+00
 173.451128     34.502  35.001802     8.9953    3.77289     34.211    32.7481    25.3564 0.0000e+00
 173.451134     34.083  35.000253     9.0491    3.77822     33.796    32.6972    25.3082 0.0000e+00
 173.451140     33.671  34.990688     9.0818    3.79398     33.387    32.6575    25.2720 0.0000e+00
 173.451146     33.259  34.978314     9.0962    3.82422     32.979    32.6316    25.2495 0.0000e+00
 173.451152     32.844  34.971319     9.1046    3.84771     32.567    32.6169    25.2366 0.0000e+00
 173.451157     32.415  34.971603     9.1202    3.88073     32.142    32.6031    25.2234 0.0000e+00
 173.451163     31.968  34.979558     9.1655    3.92283     31.699    32.5701    25.1905 0.0000e+00
 173.451169     31.494  35.006923     9.2492    3.99627     31.229    32.5222    25.1398 0.0000e+00
 173.451175     30.990  35.057681     9.3496    4.09158     30.729    32.4834    25.0936 0.0000e+00
 173.451181     30.466  35.116001     9.4502    4.17876     30.210    32.4523    25.0532 0.0000e+00
 173.451186     29.936  35.174465     9.5440    4.24913     29.684    32.4276    25.0189 0.0000e+00
 173.451192     29.405  35.227527     9.6385    4.33858     29.158    32.3968    24.9796 0.0000e+00
 173.451198     28.868  35.269724     9.7652    4.39786     28.625    32.3261    24.9038 0.0000e+00
 173.451204     28.326  35.324268     9.9269    4.42561     28.088    32.2369    24.8077 0.0000e+00
 173.451209     27.795  35.403925    10.0764    4.41496     27.561    32.1845    24.7421 0.0000e+00
 173.451215     27.297  35.477026    10.1653    4.37956     27.067    32.1795    24.7233 0.0000e+00
 173.451221     26.847  35.514385    10.1887    4.33884     26.621    32.1965    24.7327 0.0000e+00
 173.451227     26.443  35.521566    10.1807    4.33548     26.221    32.2110    24.7454 0.0000e+00
 173.451233     26.063  35.519944    10.1678    4.37695     25.844    32.2210    24.7553 0.0000e+00
 173.451238     25.683  35.516897    10.1592    4.47192     25.467    32.2258    24.7604 0.0000e+00
 173.451244     25.279  35.513414    10.1685    4.60937     25.066    32.2142    24.7498 0.0000e+00
 173.451250     24.837  35.517191    10.2138    4.79244     24.628    32.1779    24.7140 0.0000e+00
 173.451256     24.361  35.534955    10.3072    4.98988     24.156    32.1133    24.6479 0.0000e+00
 173.451262     23.853  35.575264    10.4511    5.19879     23.653    32.0270    24.5563 0.0000e+00
 173.451267     23.319  35.639183    10.6520    5.38289     23.123    31.9148    24.4347 0.0000e+00
 173.451273     22.773  35.723946    10.8822    5.52108     22.582    31.7986    24.3046 0.0000e+00
 173.451279     22.232  35.818145    11.0574    5.59784     22.045    31.7402    24.2286 0.0000e+00
 173.451285     21.711  35.884280    11.1357    5.62830     21.529    31.7379    24.2131 0.0000e+00
 173.451291     21.221  35.908551    11.1518    5.64139     21.043    31.7481    24.2181 0.0000e+00
 173.451296     20.757  35.913837    11.1489    5.68808     20.583    31.7560    24.2248 0.0000e+00
 173.451302     20.300  35.914118    11.1565    5.75672     20.130    31.7499    24.2187 0.0000e+00
 173.451308     19.836  35.912574    11.1864    5.81338     19.670    31.7228    24.1923 0.0000e+00
 173.451314     19.359  35.912380    11.2222    5.88270     19.197    31.6920    24.1620 0.0000e+00
 173.451319     18.879  35.914403    11.2474    5.95018     18.721    31.6725    24.1424 0.0000e+00
 173.451325     18.404  35.915930    11.2654    6.04308     18.250    31.6587    24.1285 0.0000e+00
 173.451331     17.932  35.916767    11.2850    6.19264     17.782    31.6429    24.1128 0.0000e+00
 173.451337     17.464  35.920836    11.3162    6.41339     17.318    31.6203    24.0897 0.0000e+00
 173.451343     17.000  35.934690    11.3629    6.78454     16.857    31.5941    24.0610 0.0000e+00
 173.451348     16.532  35.961105    11.4380    7.18699     16.393    31.5559    24.0179 0.0000e+00
 173.451354     16.051  36.008395    11.5747    7.51607     15.916    31.4857    23.9389 0.0000e+00
 173.451360     15.561  36.096452    11.7593    7.68598     15.431    31.4149    23.8505 0.0000e+00
 173.451366     15.066  36.213741    11.9468    7.62938     14.940    31.3701    23.7815 0.0000e+00
 173.451372     14.558  36.329967    12.1299    7.46872     14.436    31.3282    23.7153 0.0000e+00
 173.451377     14.040  36.445386    12.3005    7.31197     13.922    31.2961    23.6587 0.0000e+00
 173.451383     13.517  36.556928    12.4264    7.22338     13.404    31.2976    23.6362 0.0000e+00
 173.451389     12.996  36.635042    12.4838    7.17262     12.887    31.3243    23.6461 0.0000e+00
 173.451395     12.484  36.662240    12.4894    7.13422     12.379    31.3457    23.6615 0.0000e+00
 173.451400     11.984  36.660234    12.4935    7.01362     11.884    31.3405    23.6568 0.0000e+00
 173.451406     11.489  36.665607    12.5298    6.83088     11.393    31.3156    23.6306 0.0000e+00
 173.451412     10.995  36.692251    12.5955    6.75023     10.903    31.2864    23.5956 0.0000e+00
 173.451418     10.498  36.735315    12.6827    6.78837     10.410    31.2551    23.5547 0.0000e+00
 173.451424     10.011  36.789428    12.7968    7.08613      9.927    31.2119    23.4995 0.0000e+00
 173.451429      9.549  36.861149    12.9031    7.42687      9.469    31.1920    23.4636 0.0000e+00
 173.451435      9.117  36.923320    12.9623    7.61633      9.041    31.2018    23.4598 0.0000e+00
 173.451441      8.701  36.950076    13.0294    7.58403      8.628    31.1719    23.4236 0.0000e+00
 173.451447      8.278  36.987208    13.2241    7.35058      8.209    31.0473    23.2894 0.0000e+00
 173.451453      7.838  37.085352    13.6449    7.19737      7.772    30.7976    23.0134 0.0000e+00
 173.451458      7.379  37.304709    14.1813    7.10755      7.317    30.5709    22.7304 0.0000e+00
 173.451464      6.911  37.607474    14.5751    7.09061      6.853    30.5350    22.6218 0.0000e+00
 173.451470      6.459  37.827095    14.7543    7.05175      6.405    30.5923    22.6285 0.0000e+00
 173.451476      6.041  37.917797    14.8110    6.95949      5.990    30.6294    22.6452 0.0000e+00
 173.451481      5.656  37.941703    14.8460    6.90829      5.609    30.6236    22.6333 0.0000e+00
 173.451487      5.297  37.958191    14.9160    6.89298      5.253    30.5836    22.5878 0.0000e+00
 173.451493      4.963  37.997654    14.9892    6.91761      4.922    30.5618    22.5555 0.0000e+00
 173.451499      4.657  38.037559    15.0193    6.86756      4.618    30.5740    22.5586 0.0000e+00
