data/oxygen options/ONMS/Olympic_Coast_National_Marine_Sanctuary_Hypoxia_Survey_CTD_Data_2004_2015/raw_data/2005/CTD_TH70_081505faedb.cnv
* Sea-Bird SBE19 Data File:
* FileName = C:\Hypoxia Data\TH70_081505.hex
* Software Version 1.1.6
* Temperature SN = 2997
* Conductivity SN = 2997
* System UpLoad Time = Aug 15 2005 18:25:22
* SEACAT PROFILER V3.1c SN 2997   08/15/05  18:24:36.631
* strain gauge pressure sensor: S/N = 184829,  range = 3000 psia,  tc = 40
# nquan = 9
# nvalues = 67                          
# units = specified
# name 0 = timeJ: Julian Days
# name 1 = prSM: Pressure, Strain Gauge [db]
# name 2 = c0mS/cm: Conductivity [mS/cm]
# name 3 = t090C: Temperature [ITS-90, deg C]
# name 4 = oxML/L: Oxygen, Beckman/YSI [ml/l]
# name 5 = depSM: Depth [salt water, m], lat = 47.5
# name 6 = sal00: Salinity, Practical [PSU]
# name 7 = sigma-é00: Density [sigma-theta, kg/m^3]
# name 8 = flag: flag
# span 0 =   2.805290, 228.393948       
# span 1 =      0.078,     72.000       
# span 2 =   0.448231,  36.293780       
# span 3 =     0.1365,    10.9119       
# span 4 =    0.08011,    6.39833       
# span 5 =      0.077,     71.387       
# span 6 =     0.3978,    33.8116       
# span 7 =     0.3037,    26.4283       
# span 8 = 0.0000e+00, 0.0000e+00       
# interval = decibars: 1                
# start_time = Aug 15 2005 16:38:26 [Instrument's time stamp, header]
# bad_flag = -9.990e-29
*END*
   2.805290      1.000   0.448231     0.1365    0.08011      0.077     0.3978     0.3037 0.0000e+00
 217.163626      6.000  34.698556    10.5638    6.20128      5.950    30.7923    23.5091 0.0000e+00
 227.696079      7.000  36.293780    10.9119    6.39833      6.942    32.3434    24.7230 0.0000e+00
 227.696098      8.000  36.077172    10.5858    6.32824      7.933    32.4163    24.8363 0.0000e+00
 227.696115      9.000  35.859640    10.3350    6.38532      8.925    32.4213    24.8829 0.0000e+00
 227.696133     10.000  35.725268    10.2177    6.26804      9.916    32.3904    24.8787 0.0000e+00
 227.696155     11.000  35.670805    10.0787    6.18979     10.908    32.4595    24.9559 0.0000e+00
 227.696177     12.000  35.449834     9.8485    6.17776     11.899    32.4419    24.9802 0.0000e+00
 228.393948     14.000  35.376787     9.6778    6.14735     13.883    32.5363    25.0857 0.0000e+00
 227.696551     15.000  35.225760     9.5967    6.03990     14.875    32.4391    25.0191 0.0000e+00
 227.696567     16.000  35.194211     9.5293    5.89289     15.866    32.4673    25.0520 0.0000e+00
 227.696579     17.000  35.146358     9.4574    5.73898     16.858    32.4830    25.0758 0.0000e+00
 227.696590     18.000  35.103090     9.3850    5.52054     17.849    32.5038    25.1037 0.0000e+00
 227.696601     19.000  35.062238     9.2969    5.30419     18.841    32.5413    25.1470 0.0000e+00
 227.696614     20.000  34.991801     9.1102    5.05576     19.832    32.6387    25.2526 0.0000e+00
 227.696630     21.000  34.899823     8.8961    4.88287     20.824    32.7396    25.3649 0.0000e+00
 227.696652     22.000  34.860242     8.8219    5.10818     21.815    32.7663    25.3973 0.0000e+00
 227.696860     23.000  34.858080     8.7889    4.81050     22.807    32.7941    25.4242 0.0000e+00
 227.696938     24.000  34.869893     8.7817    4.63926     23.798    32.8127    25.4398 0.0000e+00
 227.696957     25.000  34.887343     8.7759    4.52341     24.790    32.8359    25.4589 0.0000e+00
 227.696972     26.000  34.879639     8.7182    4.48512     25.781    32.8809    25.5031 0.0000e+00
 227.696987     27.000  34.850987     8.6406    4.53002     26.773    32.9226    25.5475 0.0000e+00
 227.697001     28.000  34.808633     8.5567    4.54550     27.764    32.9558    25.5864 0.0000e+00
 227.697016     29.000  34.782747     8.5174    4.55872     28.756    32.9649    25.5994 0.0000e+00
 227.697030     30.000  34.770262     8.4977    4.56975     29.747    32.9697    25.6062 0.0000e+00
 227.697048     31.000  34.756325     8.4768    4.59141     30.739    32.9741    25.6128 0.0000e+00
 227.697069     32.000  34.741800     8.4659    4.58129     31.730    32.9685    25.6100 0.0000e+00
 227.697335     33.000  34.742327     8.4655    4.60224     32.722    32.9690    25.6106 0.0000e+00
 227.697360     34.000  34.726121     8.4376    4.66807     33.713    32.9775    25.6214 0.0000e+00
 227.697377     35.000  34.710475     8.4167    4.66198     34.705    32.9801    25.6267 0.0000e+00
 227.697392     36.000  34.693880     8.3703    4.63761     35.696    33.0057    25.6536 0.0000e+00
 227.697405     37.000  34.657785     8.2676    4.64056     36.688    33.0635    25.7143 0.0000e+00
 227.697417     38.000  34.622039     8.1927    4.66077     37.679    33.0956    25.7506 0.0000e+00
 227.697430     39.000  34.602616     8.1588    4.63585     38.671    33.1066    25.7642 0.0000e+00
 227.697443     40.000  34.593505     8.1435    4.65590     39.662    33.1108    25.7698 0.0000e+00
 227.697463     41.000  34.589745     8.1405    4.65985     40.654    33.1093    25.7690 0.0000e+00
 227.697692     42.000  34.584164     8.1327    4.67005     41.645    33.1102    25.7710 0.0000e+00
 227.697787     43.000  34.580422     8.1246    4.66093     42.637    33.1133    25.7746 0.0000e+00
 227.697809     44.000  34.578093     8.1078    4.64886     43.628    33.1263    25.7873 0.0000e+00
 227.697824     45.000  34.568890     8.0758    4.64075     44.619    33.1463    25.8078 0.0000e+00
 227.697838     46.000  34.556586     8.0433    4.64286     45.611    33.1635    25.8260 0.0000e+00
 227.697851     47.000  34.549353     8.0148    4.60188     46.603    33.1823    25.8449 0.0000e+00
 227.697865     48.000  34.544453     7.9913    4.55399     47.594    33.1988    25.8614 0.0000e+00
 227.697878     49.000  34.538712     7.9487    4.48415     48.586    33.2328    25.8943 0.0000e+00
 227.697893     50.000  34.528301     7.8874    4.47201     49.577    33.2795    25.9399 0.0000e+00
 227.697915     51.000  34.524821     7.8971    4.51949     50.568    33.2661    25.9279 0.0000e+00
 227.698116     52.000  34.517840     7.8653    4.44202     51.559    33.2884    25.9501 0.0000e+00
 227.698199     53.000  34.517676     7.8239    4.36519     52.551    33.3273    25.9866 0.0000e+00
 227.698216     54.000  34.520413     7.7893    4.24104     53.542    33.3628    26.0195 0.0000e+00
 227.698231     55.000  34.523034     7.7359    4.08865     54.534    33.4163    26.0693 0.0000e+00
 227.698246     56.000  34.525431     7.6365    3.88326     55.525    33.5140    26.1603 0.0000e+00
 227.698260     57.000  34.527380     7.5476    3.68838     56.517    33.6015    26.2417 0.0000e+00
 227.698274     58.000  34.543069     7.4757    3.51621     57.508    33.6877    26.3197 0.0000e+00
 227.698288     59.000  34.564497     7.4338    3.39175     58.499    33.7512    26.3756 0.0000e+00
 227.698304     60.000  34.581829     7.4049    3.35329     59.491    33.7977    26.4163 0.0000e+00
 227.698329     61.000  34.588698     7.3977    3.35840     60.482    33.8116    26.4283 0.0000e+00
 227.698592     62.000  34.582089     7.3959    3.35485     61.473    33.8057    26.4239 0.0000e+00
 227.698690     63.000  34.581600     7.3951    3.36155     62.465    33.8055    26.4239 0.0000e+00
 227.698710     64.000  34.580599     7.3940    3.35594     63.456    33.8050    26.4237 0.0000e+00
 227.698725     65.000  34.580825     7.3929    3.35030     64.447    33.8058    26.4244 0.0000e+00
 227.698738     66.000  34.580680     7.3928    3.35958     65.438    33.8053    26.4241 0.0000e+00
 227.698750     67.000  34.581426     7.3926    3.35498     66.430    33.8058    26.4245 0.0000e+00
 227.698763     68.000  34.581933     7.3927    3.36315     67.421    33.8058    26.4245 0.0000e+00
 227.698777     69.000  34.582068     7.3928    3.36190     68.413    33.8054    26.4242 0.0000e+00
 227.698793     70.000  34.582542     7.3925    3.36862     69.404    33.8056    26.4244 0.0000e+00
 227.698809     71.000  34.583350     7.3928    3.35213     70.395    33.8058    26.4245 0.0000e+00
 227.698829     72.000  34.583723     7.3929    3.35871     71.387    33.8056    26.4243 0.0000e+00
