data/oxygen options/ONMS/Olympic_Coast_National_Marine_Sanctuary_Hypoxia_Survey_CTD_Data_2004_2015/raw_data/2005/CTD_CA40_052405faedb.cnv
* Sea-Bird SBE19 Data File:
* FileName = C:\Documents and Settings\kirner.PTANGELES\Desktop\hypoxia CTD data\CA40_052405.hex
* Software Version 1.1.5
* Temperature SN = 2997
* Conductivity SN = 2997
* System UpLoad Time = May 24 2005 15:24:44
* SEACAT PROFILER V3.1c SN 2997   05/24/05  15:23:55.282
* strain gauge pressure sensor: S/N = 184829,  range = 3000 psia,  tc = 40
# nquan = 9
# nvalues = 42                          
# units = specified
# name 0 = timeJ: Julian Days
# name 1 = prSM: Pressure, Strain Gauge [db]
# name 2 = c0mS/cm: Conductivity [mS/cm]
# name 3 = t090C: Temperature [ITS-90, deg C]
# name 4 = oxML/L: Oxygen, Beckman/YSI [ml/l]
# name 5 = depSM: Depth [salt water, m], lat = 47.5
# name 6 = sal00: Salinity, Practical [PSU]
# name 7 = sigma-é00: Density [sigma-theta, kg/m^3]
# name 8 = flag: flag
# span 0 = 144.555478, 144.556020       
# span 1 =      3.000,     44.000       
# span 2 =  33.544803,  36.132217       
# span 3 =    11.0578,    14.3880       
# span 4 =    5.25363,    5.92011       
# span 5 =      2.975,     43.628       
# span 6 =    27.0323,    31.9629       
# span 7 =    19.9631,    24.4020       
# span 8 = 0.0000e+00, 0.0000e+00       
# interval = decibars: 1                
# start_time = May 24 2005 13:16:37 [Instrument's time stamp, header]
# bad_flag = -9.990e-29
*END*
 144.555478      3.000  33.548943    14.3880    5.92011      2.975    27.0323    19.9631 0.0000e+00
 144.555501      4.000  33.544803    14.0325    5.78120      3.966    27.2789    20.2230 0.0000e+00
 144.555518      5.000  33.761788    13.5229    5.53882      4.958    27.8403    20.7548 0.0000e+00
 144.555534      6.000  34.251491    13.1014    5.62624      5.950    28.6028    21.4239 0.0000e+00
 144.555548      7.000  35.251979    12.6448    5.72638      6.942    29.8863    22.5023 0.0000e+00
 144.555561      8.000  35.594423    12.5168    5.77943      7.933    30.3129    22.8565 0.0000e+00
 144.555573      9.000  35.767079    12.4280    5.80757      8.925    30.5479    23.0551 0.0000e+00
 144.555585     10.000  35.867121    12.3767    5.82110      9.917    30.6841    23.1702 0.0000e+00
 144.555597     11.000  35.903500    12.3500    5.82061     10.908    30.7401    23.2186 0.0000e+00
 144.555609     12.000  35.924504    12.3326    5.80857     11.899    30.7739    23.2480 0.0000e+00
 144.555621     13.000  35.946910    12.2991    5.81044     12.891    30.8224    23.2918 0.0000e+00
 144.555633     14.000  35.987772    12.2561    5.82726     13.883    30.8964    23.3571 0.0000e+00
 144.555644     15.000  36.017134    12.2306    5.83142     14.874    30.9450    23.3996 0.0000e+00
 144.555656     16.000  36.031217    12.2097    5.81766     15.866    30.9754    23.4270 0.0000e+00
 144.555667     17.000  36.046046    12.1846    5.78890     16.858    31.0099    23.4585 0.0000e+00
 144.555679     18.000  36.067171    12.1316    5.75104     17.849    31.0738    23.5178 0.0000e+00
 144.555692     19.000  36.101749    12.0399    5.67943     18.841    31.1829    23.6193 0.0000e+00
 144.555704     20.000  36.119764    11.9632    5.61488     19.832    31.2640    23.6963 0.0000e+00
 144.555717     21.000  36.128859    11.8519    5.56126     20.824    31.3658    23.7957 0.0000e+00
 144.555729     22.000  36.132217    11.7410    5.52393     21.815    31.4624    23.8908 0.0000e+00
 144.555742     23.000  36.126165    11.6789    5.50639     22.806    31.5087    23.9381 0.0000e+00
 144.555753     24.000  36.121059    11.6379    5.50468     23.798    31.5382    23.9684 0.0000e+00
 144.555766     25.000  36.118230    11.6007    5.48814     24.790    31.5667    23.9972 0.0000e+00
 144.555778     26.000  36.117271    11.5530    5.48644     25.781    31.6060    24.0365 0.0000e+00
 144.555790     27.000  36.116699    11.5042    5.50638     26.773    31.6467    24.0768 0.0000e+00
 144.555802     28.000  36.118034    11.4721    5.47508     27.764    31.6750    24.1046 0.0000e+00
 144.555815     29.000  36.117950    11.4424    5.43302     28.756    31.7000    24.1294 0.0000e+00
 144.555827     30.000  36.112346    11.3794    5.40898     29.747    31.7482    24.1780 0.0000e+00
 144.555839     31.000  36.108244    11.3359    5.40869     30.739    31.7812    24.2115 0.0000e+00
 144.555851     32.000  36.104850    11.2988    5.36975     31.731    31.8094    24.2400 0.0000e+00
 144.555863     33.000  36.099369    11.2504    5.31820     32.722    31.8454    24.2766 0.0000e+00
 144.555875     34.000  36.088122    11.1900    5.28779     33.714    31.8861    24.3190 0.0000e+00
 144.555885     35.000  36.076087    11.1320    5.26194     34.705    31.9242    24.3589 0.0000e+00
 144.555896     36.000  36.064351    11.0999    5.25363     35.696    31.9400    24.3768 0.0000e+00
 144.555907     37.000  36.061407    11.0916    5.26708     36.688    31.9440    24.3814 0.0000e+00
 144.555918     38.000  36.060589    11.0767    5.27549     37.679    31.9557    24.3932 0.0000e+00
 144.555931     39.000  36.056897    11.0664    5.27922     38.671    31.9606    24.3988 0.0000e+00
 144.555943     40.000  36.054807    11.0633    5.25894     39.662    31.9608    24.3996 0.0000e+00
 144.555956     41.000  36.054059    11.0604    5.26865     40.653    31.9622    24.4012 0.0000e+00
 144.555968     42.000  36.053444    11.0584    5.27865     41.645    31.9629    24.4020 0.0000e+00
 144.555982     43.000  36.053197    11.0578    5.28147     42.636    31.9627    24.4020 0.0000e+00
 144.556020     44.000  36.053143    11.0609    5.28342     43.628    31.9596    24.3991 0.0000e+00
