data/oxygen options/ONMS/Olympic_Coast_National_Marine_Sanctuary_Hypoxia_Survey_CTD_Data_2004_2015/raw_data/2005/CTD_CA60_083005faed.cnv
* Sea-Bird SBE19 Data File:
* FileName = C:\hypoxia CTD data\CA60_083005.hex
* Software Version 1.1.5
* Temperature SN = 2997
* Conductivity SN = 2997
* System UpLoad Time = Aug 30 2005 17:24:38
** Cape Alava 60m 083005
* SEACAT PROFILER V3.1c SN 2997   08/30/05  17:22:56.333
# nquan = 9                                 
# nvalues = 629                         
# units = specified
# name 0 = timeJ: Julian Days
# name 1 = prSM: Pressure, Strain Gauge [db]
# name 2 = c0mS/cm: Conductivity [mS/cm]
# name 3 = t090C: Temperature [ITS-90, deg C]
# name 4 = oxML/L: Oxygen, Beckman/YSI [ml/l]
# name 5 = depSM: Depth [salt water, m], lat = 47.5
# name 6 = sal00: Salinity, Practical [PSU]
# name 7 = sigma-é00: Density [sigma-theta, kg/m^3]
# name 8 = flag: flag
# span 0 = 242.663993, 242.667627       
# span 1 =     -3.356,     61.082       
# span 2 =   1.064434,  39.066866       
# span 3 =     7.6998,    14.6910       
# span 4 =   -0.09668,   25.08666       
# span 5 =     -3.328,     60.563       
# span 6 =     0.6760,    33.5157       
# span 7 =    -0.2527,    26.1523       
# span 8 = 0.0000e+00, 0.0000e+00       
# interval = seconds: 0.5
# start_time = Aug 30 2005 15:56:09 [Instrument's time stamp, header]
# bad_flag = -9.990e-29
*END*
[from data line 161]
 242.664925      1.450  39.060554    14.6809    7.22735      1.438    31.7663    23.5481 -9.990e-29
 242.664931      1.442  39.060746    14.6810    7.20993      1.430    31.7664    23.5481 -9.990e-29
 242.664936      1.436  39.060654    14.6815    7.20534      1.424    31.7659    23.5477 -9.990e-29
 242.664942      1.439  39.060727    14.6819    7.21797      1.427    31.7657    23.5474 -9.990e-29
 242.664948      1.452  39.061070    14.6821    7.23671      1.440    31.7658    23.5474 -9.990e-29
 242.664954      1.466  39.061590    14.6819    7.24546      1.454    31.7664    23.5480 -9.990e-29
 242.664959      1.475  39.061864    14.6814    7.24018      1.463    31.7671    23.5486 -9.990e-29
 242.664965      1.475  39.061705    14.6811    7.21616      1.463    31.7672    23.5487 -9.990e-29
 242.664971      1.474  39.061468    14.6814    7.20383      1.462    31.7667    23.5483 -9.990e-29
 242.664977      1.485  39.061409    14.6818    7.21295      1.473    31.7663    23.5479 -9.990e-29
 242.664983      1.509  39.061458    14.6820    7.24830      1.496    31.7662    23.5478 -9.990e-29
 242.664988      1.534  39.061687    14.6823    7.24850      1.521    31.7662    23.5477 -9.990e-29
 242.664994      1.549  39.061849    14.6825    7.23330      1.536    31.7662    23.5476 -9.990e-29
 242.665000      1.551  39.061606    14.6824    7.21288      1.538    31.7660    23.5475 -9.990e-29
 242.665006      1.544  39.061204    14.6824    7.19009      1.531    31.7656    23.5473 -9.990e-29
 242.665012      1.541  39.061235    14.6827    7.21695      1.528    31.7654    23.5470 -9.990e-29
 242.665017      1.553  39.061750    14.6829    7.23475      1.540    31.7657    23.5472 -9.990e-29
 242.665023      1.579  39.062323    14.6827    7.22854      1.566    31.7664    23.5478 -9.990e-29
 242.665029      1.597  39.062606    14.6826    7.21396      1.584    31.7667    23.5481 -9.990e-29
 242.665035      1.597  39.062423    14.6828    7.19895      1.584    31.7664    23.5478 -9.990e-29
 242.665041      1.587  39.062097    14.6833    7.20013      1.574    31.7657    23.5471 -9.990e-29
 242.665046      1.583  39.061762    14.6837    7.20948      1.570    31.7651    23.5465 -9.990e-29
 242.665052      1.598  39.061544    14.6839    7.20814      1.585    31.7647    23.5462 -9.990e-29
 242.665058      1.633  39.061720    14.6839    7.21639      1.619    31.7649    23.5463 -9.990e-29
 242.665064      1.673  39.061974    14.6840    7.22937      1.659    31.7650    23.5464 -9.990e-29
 242.665069      1.703  39.062090    14.6842    7.23496      1.689    31.7649    23.5463 -9.990e-29
 242.665075      1.725  39.062229    14.6842    7.21554      1.711    31.7650    23.5464 -9.990e-29
 242.665081      1.746  39.062586    14.6841    7.20639      1.731    31.7654    23.5467 -9.990e-29
 242.665087      1.766  39.063084    14.6839    7.19203      1.751    31.7660    23.5473 -9.990e-29
 242.665093      1.786  39.063273    14.6833    7.21912      1.771    31.7667    23.5479 -9.990e-29
 242.665098      1.808  39.062851    14.6824    7.23000      1.793    31.7670    23.5483 -9.990e-29
 242.665104      1.825  39.061825    14.6822    7.20932      1.810    31.7663    23.5478 -9.990e-29
 242.665110      1.826  39.061079    14.6828    7.20521      1.811    31.7651    23.5468 -9.990e-29
 242.665116      1.813  39.061308    14.6834    7.20018      1.798    31.7648    23.5464 -9.990e-29
 242.665122      1.804  39.061704    14.6832    7.20804      1.789    31.7654    23.5469 -9.990e-29
 242.665127      1.811  39.061683    14.6824    7.21159      1.796    31.7660    23.5475 -9.990e-29
 242.665133      1.835  39.061226    14.6817    7.21145      1.820    31.7661    23.5478 -9.990e-29
 242.665139      1.863  39.060854    14.6815    7.21395      1.847    31.7659    23.5477 -9.990e-29
 242.665145      1.881  39.061201    14.6815    7.22102      1.865    31.7663    23.5479 -9.990e-29
 242.665150      1.881  39.061613    14.6816    7.21970      1.865    31.7665    23.5481 -9.990e-29
 242.665156      1.873  39.061526    14.6819    7.20421      1.857    31.7662    23.5478 -9.990e-29
 242.665162      1.867  39.061391    14.6823    7.19227      1.851    31.7658    23.5474 -9.990e-29
 242.665168      1.869  39.061600    14.6828    7.19491      1.853    31.7656    23.5471 -9.990e-29
 242.665174      1.877  39.061879    14.6834    7.21158      1.861    31.7653    23.5468 -9.990e-29
 242.665179      1.889  39.062047    14.6837    7.21668      1.873    31.7652    23.5467 -9.990e-29
 242.665185      1.901  39.062335    14.6836    7.20181      1.885    31.7656    23.5469 -9.990e-29
 242.665191      1.914  39.062577    14.6836    7.18085      1.898    31.7658    23.5471 -9.990e-29
 242.665197      1.928  39.062541    14.6837    7.18434      1.912    31.7657    23.5470 -9.990e-29
 242.665203      1.949  39.062750    14.6838    7.19671      1.933    31.7658    23.5471 -9.990e-29
 242.665208      1.978  39.063488    14.6841    7.21299      1.961    31.7662    23.5473 -9.990e-29
 242.665214      2.004  39.064068    14.6844    7.21839      1.987    31.7664    23.5475 -9.990e-29
 242.665220      2.016  39.064146    14.6843    7.21280      1.999    31.7666    23.5476 -9.990e-29
 242.665226      2.015  39.063835    14.6838    7.19624      1.998    31.7667    23.5478 -9.990e-29
 242.665231      2.012  39.063289    14.6834    7.19225      1.995    31.7665    23.5478 -9.990e-29
 242.665237      2.022  39.062909    14.6832    7.19728      2.005    31.7664    23.5477 -9.990e-29
 242.665243      2.045  39.062760    14.6830    7.20490      2.028    31.7664    23.5477 -9.990e-29
 242.665249      2.068  39.062652    14.6829    7.21273      2.051    31.7664    23.5477 -9.990e-29
 242.665255      2.082  39.062450    14.6831    7.21154      2.065    31.7660    23.5474 -9.990e-29
 242.665260      2.087  39.062450    14.6835    7.19989      2.070    31.7657    23.5471 -9.990e-29
 242.665266      2.091  39.062660    14.6838    7.20358      2.074    31.7656    23.5470 -9.990e-29
 242.665272      2.099  39.062809    14.6840    7.20785      2.081    31.7656    23.5469 -9.990e-29
 242.665278      2.112  39.063104    14.6841    7.20450      2.094    31.7658    23.5470 -9.990e-29
 242.665284      2.127  39.063387    14.6841    7.20219      2.109    31.7660    23.5472 -9.990e-29
 242.665289      2.135  39.063482    14.6841    7.19685      2.117    31.7661    23.5473 -9.990e-29
 242.665295      2.132  39.063521    14.6841    7.21105      2.114    31.7661    23.5473 -9.990e-29
 242.665301      2.124  39.063567    14.6842    7.22470      2.106    31.7661    23.5472 -9.990e-29
 242.665307      2.118  39.063689    14.6844    7.21338      2.100    31.7661    23.5472 -9.990e-29
 242.665313      2.118  39.064058    14.6847    7.19204      2.100    31.7661    23.5472 -9.990e-29
 242.665318      2.119  39.064613    14.6848    7.18566      2.101    31.7666    23.5475 -9.990e-29
 242.665324      2.118  39.064981    14.6849    7.19427      2.100    31.7668    23.5476 -9.990e-29
 242.665330      2.114  39.065099    14.6852    7.20845      2.096    31.7667    23.5475 -9.990e-29
 242.665336      2.107  39.065131    14.6852    7.21196      2.089    31.7667    23.5475 -9.990e-29
 242.665341      2.101  39.065131    14.6849    7.20741      2.083    31.7670    23.5478 -9.990e-29
 242.665347      2.100  39.065105    14.6848    7.19427      2.082    31.7670    23.5478 -9.990e-29
 242.665353      2.109  39.065029    14.6848    7.19625      2.091    31.7669    23.5478 -9.990e-29
 242.665359      2.131  39.064808    14.6844    7.19486      2.113    31.7671    23.5479 -9.990e-29
 242.665365      2.159  39.064158    14.6839    7.20707      2.141    31.7669    23.5479 -9.990e-29
 242.665370      2.180  39.063342    14.6837    7.20721      2.162    31.7663    23.5475 -9.990e-29
 242.665376      2.184  39.062960    14.6838    7.21505      2.166    31.7659    23.5471 -9.990e-29
 242.665382      2.177  39.063072    14.6840    7.19743      2.159    31.7658    23.5471 -9.990e-29
 242.665388      2.171  39.063273    14.6841    7.18167      2.153    31.7659    23.5471 -9.990e-29
 242.665394      2.179  39.063280    14.6841    7.15758      2.161    31.7659    23.5471 -9.990e-29
 242.665399      2.201  39.063674    14.6841    7.18909      2.183    31.7663    23.5474 -9.990e-29
 242.665405      2.230  39.064425    14.6841    7.21798      2.211    31.7669    23.5479 -9.990e-29
 242.665411      2.255  39.064859    14.6842    7.20201      2.236    31.7672    23.5481 -9.990e-29
 242.665417      2.260  39.064999    14.6844    7.19279      2.241    31.7672    23.5480 -9.990e-29
 242.665422      2.241  39.065036    14.6847    7.18233      2.222    31.7670    23.5478 -9.990e-29
 242.665428      2.216  39.065026    14.6848    7.17935      2.197    31.7669    23.5477 -9.990e-29
 242.665434      2.198  39.064961    14.6846    7.19381      2.180    31.7670    23.5479 -9.990e-29
 242.665440      2.186  39.064763    14.6842    7.21380      2.168    31.7672    23.5481 -9.990e-29
 242.665446      2.168  39.064170    14.6842    7.19454      2.150    31.7666    23.5477 -9.990e-29
 242.665451      2.133  39.063517    14.6850    7.18209      2.115    31.7654    23.5465 -9.990e-29
 242.665457      2.089  39.063621    14.6856    7.16364      2.072    31.7650    23.5461 -9.990e-29
 242.665463      2.048  39.064065    14.6859    7.16097      2.031    31.7652    23.5462 -9.990e-29
 242.665469      2.025  39.064326    14.6861    7.17853      2.008    31.7653    23.5462 -9.990e-29
 242.665475      2.029  39.064758    14.6864    7.19274      2.012    31.7654    23.5463 -9.990e-29
 242.665480      2.049  39.065381    14.6865    7.20470      2.032    31.7659    23.5466 -9.990e-29
 242.665486      2.071  39.065908    14.6864    7.19790      2.054    31.7664    23.5470 -9.990e-29
 242.665492      2.084  39.065922    14.6863    7.18437      2.067    31.7665    23.5471 -9.990e-29
 242.665498      2.087  39.065447    14.6863    7.17729      2.070    31.7661    23.5468 -9.990e-29
 242.665503      2.094  39.064976    14.6867    7.19320      2.077    31.7653    23.5461 -9.990e-29
 242.665509      2.118  39.065009    14.6872    7.21056      2.100    31.7650    23.5457 -9.990e-29
 242.665515      2.157  39.065595    14.6873    7.20601      2.139    31.7654    23.5460 -9.990e-29
 242.665521      2.195  39.065837    14.6871    7.19474      2.177    31.7658    23.5464 -9.990e-29
 242.665527      2.227  39.064937    14.6872    7.16155      2.208    31.7649    23.5457 -9.990e-29
 242.665532      2.255  39.062262    14.6876    7.17922      2.236    31.7621    23.5434 -9.990e-29
 242.665538      2.281  39.057053    14.6881    7.21163      2.262    31.7570    23.5394 -9.990e-29
 242.665544      2.305  39.049101    14.6883    7.21032      2.286    31.7496    23.5337 -9.990e-29
 242.665550      2.326  39.040148    14.6882    7.18656      2.307    31.7415    23.5275 -9.990e-29
 242.665556      2.337  39.037331    14.6880    7.16434      2.317    31.7392    23.5257 -9.990e-29
 242.665561      2.337  39.041949    14.6880    7.16511      2.317    31.7433    23.5289 -9.990e-29
 242.665567      2.341  39.045578    14.6882    7.19481      2.321    31.7465    23.5313 -9.990e-29
 242.665573      2.360  39.046332    14.6884    7.21325      2.340    31.7470    23.5316 -9.990e-29
 242.665579      2.391  39.049150    14.6884    7.21123      2.371    31.7495    23.5336 -9.990e-29
 242.665584      2.416  39.054425    14.6883    7.18660      2.396    31.7544    23.5373 -9.990e-29
 242.665590      2.424  39.055171    14.6882    7.16221      2.404    31.7551    23.5379 -9.990e-29
 242.665596      2.422  39.050706    14.6883    7.16923      2.402    31.7510    23.5347 -9.990e-29
 242.665602      2.424  39.043494    14.6885    7.18968      2.404    31.7443    23.5295 -9.990e-29
 242.665608      2.431  39.035703    14.6885    7.19318      2.411    31.7372    23.5241 -9.990e-29
 242.665613      2.433  39.031535    14.6885    7.17981      2.413    31.7335    23.5212 -9.990e-29
 242.665619      2.427  39.026557    14.6885    7.15916      2.407    31.7290    23.5177 -9.990e-29
 242.665625      2.417  39.014136    14.6884    7.15237      2.397    31.7178    23.5092 -9.990e-29
 242.665631      2.415  38.990619    14.6882    7.16962      2.395    31.6967    23.4929 -9.990e-29
 242.665637      2.429  38.967283    14.6878    7.19891      2.409    31.6759    23.4770 -9.990e-29
 242.665642      2.452  38.970793    14.6874    7.20010      2.432    31.6794    23.4797 -9.990e-29
 242.665648      2.468  38.997979    14.6871    7.20162      2.447    31.7042    23.4990 -9.990e-29
 242.665654      2.469  39.021149    14.6870    7.19220      2.448    31.7253    23.5152 -9.990e-29
 242.665660      2.464  39.034742    14.6868    7.18079      2.443    31.7377    23.5249 -9.990e-29
 242.665666      2.466  39.042303    14.6865    7.17441      2.445    31.7448    23.5304 -9.990e-29
 242.665671      2.478  39.046627    14.6865    7.19499      2.457    31.7487    23.5334 -9.990e-29
 242.665677      2.494  39.051800    14.6869    7.21004      2.473    31.7531    23.5367 -9.990e-29
 242.665683      2.497  39.055190    14.6875    7.21962      2.476    31.7557    23.5385 -9.990e-29
 242.665689      2.483  39.056834    14.6878    7.19861      2.462    31.7569    23.5394 -9.990e-29
 242.665694      2.464  39.058367    14.6879    7.19105      2.443    31.7582    23.5404 -9.990e-29
 242.665700      2.456  39.057350    14.6880    7.16387      2.435    31.7572    23.5396 -9.990e-29
 242.665706      2.467  39.056360    14.6883    7.20821      2.446    31.7561    23.5387 -9.990e-29
 242.665712      2.489  39.060252    14.6886    7.21437      2.468    31.7594    23.5411 -9.990e-29
 242.665718      2.506  39.064682    14.6888    7.20379      2.485    31.7632    23.5441 -9.990e-29
 242.665723      2.506  39.066027    14.6887    7.19318      2.485    31.7645    23.5451 -9.990e-29
 242.665729      2.491  39.066082    14.6886    7.18017      2.470    31.7646    23.5452 -9.990e-29
 242.665735      2.470  39.065487    14.6887    7.18526      2.449    31.7640    23.5447 -9.990e-29
 242.665741      2.461  39.064578    14.6888    7.18686      2.440    31.7631    23.5440 -9.990e-29
 242.665747      2.472  39.063831    14.6887    7.19718      2.451    31.7625    23.5436 -9.990e-29
 242.665752      2.493  39.063375    14.6885    7.20034      2.472    31.7623    23.5434 -9.990e-29
 242.665758      2.510  39.063169    14.6885    7.19776      2.489    31.7621    23.5433 -9.990e-29
 242.665764      2.515  39.061818    14.6885    7.19007      2.494    31.7609    23.5423 -9.990e-29
 242.665770      2.518  39.059208    14.6885    7.19063      2.497    31.7585    23.5405 -9.990e-29
 242.665775      2.526  39.055229    14.6884    7.19547      2.505    31.7550    23.5378 -9.990e-29
 242.665781      2.536  39.045704    14.6883    7.20058      2.515    31.7464    23.5312 -9.990e-29
 242.665787      2.548  39.026352    14.6882    7.18663      2.527    31.7290    23.5178 -9.990e-29
 242.665793      2.568  39.004469    14.6883    7.18509      2.547    31.7091    23.5025 -9.990e-29
 242.665799      2.593  38.998559    14.6883    7.18437      2.571    31.7037    23.4983 -9.990e-29
 242.665804      2.615  39.006354    14.6882    7.20001      2.593    31.7108    23.5038 -9.990e-29
 242.665810      2.628  39.015815    14.6883    7.20683      2.606    31.7193    23.5104 -9.990e-29
 242.665816      2.633  39.030587    14.6884    7.20946      2.611    31.7326    23.5206 -9.990e-29
 242.665822      2.638  39.046250    14.6883    7.19787      2.616    31.7469    23.5316 -9.990e-29
 242.665828      2.647  39.055650    14.6880    7.19295      2.625    31.7556    23.5384 -9.990e-29
 242.665833      2.662  39.060666    14.6875    7.19229      2.640    31.7606    23.5423 -9.990e-29
 242.665839      2.679  39.062942    14.6873    7.19323      2.657    31.7628    23.5441 -9.990e-29
