data/oxygen options/ONMS/Olympic_Coast_National_Marine_Sanctuary_Hypoxia_Survey_CTD_Data_2004_2015/raw_data/2005/CTD_CA100_070705faed.cnv
* Sea-Bird SBE19 Data File:
* FileName = C:\Hypoxia Data\CA100_070705.hex
* Software Version 1.1.6
* Temperature SN = 2997
* Conductivity SN = 2997
* System UpLoad Time = Jul 07 2005 13:53:36
* SEACAT PROFILER V3.1c SN 2997   07/07/05  13:52:47.369
* strain gauge pressure sensor: S/N = 184829,  range = 3000 psia,  tc = 40
# nquan = 9                                 
# nvalues = 828                         
# units = specified
# name 0 = timeJ: Julian Days
# name 1 = prSM: Pressure, Strain Gauge [db]
# name 2 = c0mS/cm: Conductivity [mS/cm]
# name 3 = t090C: Temperature [ITS-90, deg C]
# name 4 = oxML/L: Oxygen, Beckman/YSI [ml/l]
# name 5 = depSM: Depth [salt water, m], lat = 47.5
# name 6 = sal00: Salinity, Practical [PSU]
# name 7 = sigma-é00: Density [sigma-theta, kg/m^3]
# name 8 = flag: flag
# span 0 = 188.530289, 188.535075       
# span 1 =     -1.422,     99.924       
# span 2 =   0.536983,  38.225402       
# span 3 =     7.3177,    16.0616       
# span 4 =   -0.09891,   20.35922       
# span 5 =     -1.410,     99.066       
# span 6 =     0.3172,    33.8932       
# span 7 =    -0.8179,    26.5031       
# span 8 = 0.0000e+00, 0.0000e+00       
# interval = seconds: 0.5
# start_time = Jul 07 2005 12:43:37 [Instrument's time stamp, header]
# bad_flag = -9.990e-29
*END*
 188.530289     -1.422 -9.990e-29    16.0616   -0.09854     -1.410 -9.990e-29 -9.990e-29 -9.990e-29
 188.530295     -1.400   0.536983    16.0459   -0.09844     -1.388     0.3172    -0.8179 -9.990e-29
 188.530301     -1.353   0.903085    15.9949   -0.09862     -1.342     0.5442    -0.6344 -9.990e-29
 188.530307     -1.274   1.983652    15.8789   -0.09863     -1.263     1.2437    -0.0767 -9.990e-29
 188.530313     -1.156   5.185621    15.6682   -0.09863     -1.146     3.4609     1.6610 -9.990e-29
 188.530318     -1.010  11.985166    15.2501   -0.09861     -1.002     8.5967     5.6658 -9.990e-29
 188.530324     -0.853  21.738467    14.6582   -0.09862     -0.846    16.6630    11.9484 -9.990e-29
 188.530330     -0.681  30.740419    14.1971   -0.09866     -0.675    24.6655    18.1794 -9.990e-29
 188.530336     -0.499  35.624872    13.9857   -0.09870     -0.495    29.1962    21.7098 -9.990e-29
 188.530341     -0.319  37.297155    13.9180   -0.09868     -0.316    30.7764    22.9422 -9.990e-29
 188.530347     -0.151  37.917305    13.9082   -0.09870     -0.150    31.3541    23.3899 -9.990e-29
 188.530353     -0.002  38.148928    13.9038   -0.09871     -0.002    31.5708    23.5582 -9.990e-29
 188.530359      0.124  38.177993    13.8984   -0.09879      0.123    31.6020    23.5833 -9.990e-29
 188.530365      0.229  38.126782    13.8992   -0.09880      0.227    31.5541    23.5462 -9.990e-29
 188.530370      0.313  38.086245    13.8993   -0.09876      0.310    31.5167    23.5173 -9.990e-29
 188.530376      0.382  38.065666    13.8935   -0.09865      0.379    31.5025    23.5075 -9.990e-29
 188.530382      0.436  38.057757    13.8845   -0.09861      0.432    31.5025    23.5094 -9.990e-29
 188.530388      0.479  38.056419    13.8771   -0.09858      0.475    31.5074    23.5146 -9.990e-29
 188.530394      0.518  38.048612    13.8703   -0.09882      0.514    31.5057    23.5147 -9.990e-29
 188.530399      0.550  38.040149    13.8603   -0.09891      0.545    31.5061    23.5170 -9.990e-29
 188.530405      0.574  38.044380    13.8499   -0.09878      0.569    31.5186    23.5287 -9.990e-29
 188.530411      0.591  38.056250    13.8437   -0.09870      0.586    31.5346    23.5424 -9.990e-29
 188.530417      0.607  38.048924    13.8423   -0.09877      0.602    31.5290    23.5383 -9.990e-29
 188.530422      0.630  38.020442    13.8437   -0.09884      0.625    31.5015    23.5169 -9.990e-29
 188.530428      0.664  38.018595    13.8495   -0.09881      0.658    31.4951    23.5107 -9.990e-29
 188.530434      0.696  38.075088    13.8617   -0.09885      0.690    31.5371    23.5407 -9.990e-29
 188.530440      0.716  38.144631    13.8631   -0.09890      0.710    31.6001    23.5890 -9.990e-29
 188.530446      0.725  38.149980    13.8409   -0.09891      0.719    31.6233    23.6114 -9.990e-29
 188.530451      0.733  38.090940    13.8176   -0.09885      0.727    31.5880    23.5889 -9.990e-29
 188.530457      0.744  38.034568    13.8101   -0.09873      0.738    31.5421    23.5550 -9.990e-29
 188.530463      0.755  38.036888    13.8107   -0.09870      0.749    31.5438    23.5561 -9.990e-29
 188.530469      0.762  38.094777    13.8098   -0.09855      0.756    31.5979    23.5981 -9.990e-29
 188.530475      0.769  38.132280    13.8040   -0.09867      0.763    31.6373    23.6297 -9.990e-29
 188.530480      0.778  38.110754    13.7964   -0.09882      0.772    31.6237    23.6208 -9.990e-29
 188.530486      0.785  38.082778    13.7927   -0.09881      0.778    31.6009    23.6039 -9.990e-29
 188.530492      0.789  38.073260    13.7945   -0.09877      0.782    31.5907    23.5956 -9.990e-29
 188.530498      0.792  38.046476    13.7996   -0.09876      0.785    31.5617    23.5722 -9.990e-29
 188.530503      0.798  38.003124    13.8057   -0.09883      0.791    31.5167    23.5362 -9.990e-29
 188.530509      0.810  37.993601    13.8151   -0.09890      0.803    31.5002    23.5216 -9.990e-29
 188.530515      0.831  38.050037    13.8360   -0.09881      0.824    31.5351    23.5443 -9.990e-29
 188.530521      0.857  38.134358    13.8596   -0.09879      0.850    31.5934    23.5846 -9.990e-29
 188.530527      0.882  38.172760    13.8612   -0.09864      0.875    31.6275    23.6106 -9.990e-29
 188.530532      0.906  38.141820    13.8405   -0.09872      0.898    31.6160    23.6059 -9.990e-29
 188.530538      0.937  38.078767    13.8182   -0.09875      0.929    31.5762    23.5796 -9.990e-29
 188.530544      0.966  38.050916    13.8079   -0.09876      0.958    31.5589    23.5684 -9.990e-29
 188.530550      0.987  38.085018    13.8095   -0.09875      0.979    31.5891    23.5914 -9.990e-29
 188.530556      1.007  38.119942    13.8105   -0.09873      0.999    31.6205    23.6154 -9.990e-29
 188.530561      1.030  38.096215    13.8047   -0.09871      1.021    31.6034    23.6034 -9.990e-29
 188.530567      1.054  38.044977    13.8019   -0.09867      1.045    31.5584    23.5692 -9.990e-29
 188.530573      1.072  38.044808    13.8158   -0.09864      1.063    31.5468    23.5574 -9.990e-29
 188.530579      1.080  38.098805    13.8374   -0.09854      1.071    31.5788    23.5778 -9.990e-29
 188.530584      1.080  38.132547    13.8403   -0.09836      1.071    31.6076    23.5994 -9.990e-29
 188.530590      1.075  38.122007    13.8265   -0.09860      1.066    31.6092    23.6035 -9.990e-29
 188.530596      1.073  38.113669    13.8157   -0.09879      1.064    31.6104    23.6066 -9.990e-29
 188.530602      1.080  38.133393    13.8128   -0.09886      1.071    31.6310    23.6231 -9.990e-29
 188.530608      1.094  38.159763    13.8155   -0.09879      1.085    31.6531    23.6396 -9.990e-29
 188.530613      1.118  38.180787    13.8240   -0.09872      1.109    31.6655    23.6474 -9.990e-29
 188.530619      1.148  38.200903    13.8395   -0.09851      1.138    31.6713    23.6488 -9.990e-29
 188.530625      1.177  38.216608    13.8640   -0.09857      1.167    31.6655    23.6394 -9.990e-29
 188.530631      1.200  38.225247    13.8974   -0.09871      1.190    31.6460    23.6175 -9.990e-29
 188.530637      1.208  38.225402    13.9144   -0.09872      1.198    31.6321    23.6033 -9.990e-29
 188.530642      1.204  38.212755    13.8907   -0.09864      1.194    31.6400    23.6142 -9.990e-29
 188.530648      1.198  38.179388    13.8501   -0.09838      1.188    31.6427    23.6245 -9.990e-29
 188.530654      1.203  38.126769    13.8237   -0.09849      1.193    31.6159    23.6092 -9.990e-29
 188.530660      1.220  38.083400    13.8210   -0.09870      1.210    31.5780    23.5805 -9.990e-29
 188.530666      1.238  38.088429    13.8462   -0.09875      1.228    31.5620    23.5630 -9.990e-29
 188.530671      1.248  38.132252    13.8789   -0.09874      1.238    31.5755    23.5668 -9.990e-29
 188.530677      1.255  38.158848    13.8836   -0.09851      1.245    31.5961    23.5818 -9.990e-29
 188.530683      1.265  38.152610    13.8646   -0.09835      1.254    31.6060    23.5933 -9.990e-29
 188.530689      1.278  38.143330    13.8583   -0.09852      1.267    31.6026    23.5919 -9.990e-29
 188.530694      1.290  38.153926    13.8849   -0.09865      1.279    31.5905    23.5772 -9.990e-29
 188.530700      1.298  38.177169    13.9186   -0.09870      1.287    31.5842    23.5655 -9.990e-29
 188.530706      1.307  38.185678    13.9145   -0.09858      1.296    31.5954    23.5750 -9.990e-29
 188.530712      1.322  38.169453    13.8781   -0.09827      1.311    31.6104    23.5939 -9.990e-29
 188.530718      1.343  38.143289    13.8508   -0.09837      1.332    31.6087    23.5982 -9.990e-29
 188.530723      1.372  38.137320    13.8615   -0.09871      1.361    31.5944    23.5850 -9.990e-29
 188.530729      1.402  38.161481    13.9057   -0.09881      1.390    31.5803    23.5651 -9.990e-29
 188.530735      1.422  38.185687    13.9372   -0.09882      1.410    31.5767    23.5559 -9.990e-29
 188.530741      1.434  38.188333    13.9238   -0.09866      1.422    31.5902    23.5690 -9.990e-29
 188.530747      1.443  38.174602    13.8911   11.06391      1.431    31.6044    23.5867 -9.990e-29
 188.530752      1.449  38.164296    13.8826   19.33677      1.437    31.6019    23.5865 -9.990e-29
 188.530758      1.452  38.173352    13.9170   20.35922      1.440    31.5819    23.5641 -9.990e-29
 188.530764      1.453  38.189119    13.9597   18.29596      1.441    31.5614    23.5395 -9.990e-29
 188.530770      1.451  38.188828    13.9519   12.15028      1.439    31.5675    23.5458 -9.990e-29
 188.530775      1.452  38.163088    13.8963    9.47652      1.440    31.5895    23.5741 -9.990e-29
 188.530781      1.463  38.116815    13.8442    9.53206      1.451    31.5897    23.5848 -9.990e-29
 188.530787      1.481  38.084736    13.8306    9.56057      1.469    31.5713    23.5734 -9.990e-29
 188.530793      1.491  38.092447    13.8501    9.61515      1.479    31.5624    23.5625 -9.990e-29
 188.530799      1.487  38.091848    13.8547    9.67082      1.475    31.5580    23.5583 -9.990e-29
 188.530804      1.484  38.011993    13.8213    9.72690      1.472    31.5118    23.5293 -9.990e-29
 188.530810      1.489  37.879860    13.7833    9.78409      1.477    31.4210    23.4669 -9.990e-29
 188.530816      1.503  37.788434    13.7611    9.82874      1.490    31.3548    23.4203 -9.990e-29
 188.530822      1.521  37.751488    13.7497    9.87448      1.508    31.3300    23.4034 -9.990e-29
 188.530828      1.534  37.735975    13.7470    9.91541      1.521    31.3179    23.3946 -9.990e-29
 188.530833      1.536  37.732947    13.7490    9.95371      1.523    31.3135    23.3908 -9.990e-29
 188.530839      1.537  37.734958    13.7498    9.99121      1.524    31.3147    23.3915 -9.990e-29
 188.530845      1.546  37.734558    13.7473   10.02185      1.533    31.3163    23.3933 -9.990e-29
 188.530851      1.567  37.730616    13.7420   10.04377      1.554    31.3170    23.3949 -9.990e-29
 188.530856      1.597  37.724565    13.7354   10.06938      1.584    31.3168    23.3961 -9.990e-29
 188.530862      1.634  37.718393    13.7308   10.06771      1.620    31.3149    23.3955 -9.990e-29
 188.530868      1.672  37.715049    13.7312    9.15820      1.658    31.3114    23.3928 -9.990e-29
 188.530874      1.696  37.716200    13.7354    7.41922      1.682    31.3091    23.3901 -9.990e-29
 188.530880      1.703  37.719976    13.7400    6.46650      1.689    31.3088    23.3890 -9.990e-29
 188.530885      1.702  37.723522    13.7438    6.19081      1.688    31.3090    23.3883 -9.990e-29
 188.530891      1.703  37.726479    13.7469    6.68003      1.689    31.3092    23.3879 -9.990e-29
 188.530897      1.708  37.728829    13.7490    7.34873      1.694    31.3096    23.3878 -9.990e-29
 188.530903      1.715  37.729741    13.7494    7.60622      1.701    31.3101    23.3881 -9.990e-29
 188.530909      1.723  37.729270    13.7484    7.77497      1.709    31.3105    23.3886 -9.990e-29
 188.530914      1.737  37.728432    13.7469    7.89762      1.722    31.3109    23.3892 -9.990e-29
 188.530920      1.755  37.727195    13.7459    7.95597      1.740    31.3106    23.3892 -9.990e-29
 188.530926      1.769  37.726111    13.7482    7.98404      1.754    31.3077    23.3865 -9.990e-29
 188.530932      1.775  37.728181    13.7546    7.99842      1.760    31.3044    23.3827 -9.990e-29
 188.530937      1.777  37.734444    13.7614    8.02397      1.762    31.3046    23.3815 -9.990e-29
 188.530943      1.785  37.740314    13.7637    8.06600      1.770    31.3082    23.3837 -9.990e-29
 188.530949      1.804  37.741242    13.7609    8.10981      1.789    31.3113    23.3867 -9.990e-29
 188.530955      1.826  37.737866    13.7566    8.12258      1.811    31.3117    23.3879 -9.990e-29
 188.530961      1.839  37.734059    13.7547    8.12491      1.824    31.3097    23.3867 -9.990e-29
 188.530966      1.840  37.733116    13.7552    8.14764      1.825    31.3084    23.3857 -9.990e-29
 188.530972      1.834  37.734300    13.7562    8.16858      1.819    31.3087    23.3857 -9.990e-29
 188.530978      1.829  37.735785    13.7564    8.19288      1.814    31.3099    23.3866 -9.990e-29
 188.530984      1.828  37.736150    13.7553    8.19709      1.813    31.3112    23.3877 -9.990e-29
 188.530990      1.832  37.734722    13.7543    8.20125      1.817    31.3107    23.3876 -9.990e-29
 188.530995      1.840  37.733484    13.7548    8.21118      1.825    31.3091    23.3863 -9.990e-29
 188.531001      1.854  37.733550    13.7567    8.23258      1.839    31.3076    23.3847 -9.990e-29
 188.531007      1.874  37.734407    13.7591    8.26093      1.858    31.3064    23.3833 -9.990e-29
 188.531013      1.898  37.735670    13.7610    8.26192      1.882    31.3060    23.3826 -9.990e-29
 188.531019      1.913  37.737325    13.7623    8.27286      1.897    31.3065    23.3827 -9.990e-29
 188.531024      1.913  37.740077    13.7629    8.27441      1.897    31.3086    23.3842 -9.990e-29
 188.531030      1.905  37.741992    13.7618    8.29342      1.889    31.3112    23.3865 -9.990e-29
 188.531036      1.903  37.740771    13.7606    8.32955      1.887    31.3111    23.3866 -9.990e-29
 188.531042      1.905  37.739289    13.7612    8.33484      1.889    31.3092    23.3851 -9.990e-29
 188.531047      1.909  37.739508    13.7630    8.32653      1.893    31.3080    23.3837 -9.990e-29
 188.531053      1.914  37.740608    13.7654    8.30241      1.898    31.3070    23.3825 -9.990e-29
 188.531059      1.920  37.742388    13.7681    8.29899      1.904    31.3064    23.3815 -9.990e-29
 188.531065      1.933  37.744430    13.7711    8.33225      1.917    31.3059    23.3805 -9.990e-29
 188.531071      1.952  37.747227    13.7732    8.36183      1.936    31.3067    23.3807 -9.990e-29
 188.531076      1.967  37.749474    13.7734    8.36513      1.951    31.3086    23.3821 -9.990e-29
 188.531082      1.970  37.749130    13.7738    8.36428      1.954    31.3080    23.3816 -9.990e-29
 188.531088      1.969  37.749115    13.7761    8.35662      1.953    31.3061    23.3796 -9.990e-29
 188.531094      1.977  37.751666    13.7771    8.37663      1.960    31.3076    23.3806 -9.990e-29
 188.531100      2.000  37.752907    13.7737    8.39305      1.983    31.3115    23.3843 -9.990e-29
 188.531105      2.029  37.749459    13.7692    8.38746      2.012    31.3120    23.3856 -9.990e-29
 188.531111      2.050  37.745148    13.7681    8.40273      2.033    31.3089    23.3834 -9.990e-29
 188.531117      2.056  37.744334    13.7701    8.40665      2.039    31.3066    23.3812 -9.990e-29
 188.531123      2.051  37.745939    13.7723    8.41225      2.034    31.3062    23.3805 -9.990e-29
 188.531128      2.043  37.747632    13.7728    8.41634      2.026    31.3074    23.3813 -9.990e-29
 188.531134      2.036  37.747757    13.7716    8.40959      2.019    31.3085    23.3824 -9.990e-29
 188.531140      2.034  37.746493    13.7703    8.41842      2.017    31.3084    23.3826 -9.990e-29
 188.531146      2.041  37.745535    13.7683    8.43127      2.024    31.3091    23.3836 -9.990e-29
 188.531152      2.054  37.743055    13.7618    8.45768      2.037    31.3122    23.3872 -9.990e-29
 188.531157      2.069  37.736322    13.7506    8.48203      2.052    31.3151    23.3917 -9.990e-29
 188.531163      2.086  37.725904    13.7400    8.48984      2.069    31.3141    23.3931 -9.990e-29
 188.531169      2.103  37.715868    13.7379    8.47114      2.085    31.3066    23.3877 -9.990e-29
 188.531175      2.112  37.713592    13.7462    8.45602      2.094    31.2977    23.3792 -9.990e-29
 188.531181      2.109  37.721099    13.7595    8.45067      2.091    31.2937    23.3734 -9.990e-29
 188.531186      2.099  37.733828    13.7698    8.46068      2.081    31.2971    23.3740 -9.990e-29
 188.531192      2.094  37.744652    13.7703    8.47896      2.077    31.3067    23.3813 -9.990e-29
 188.531198      2.102  37.745588    13.7638    8.48712      2.084    31.3128    23.3873 -9.990e-29
 188.531204      2.115  37.739019    13.7584    8.49228      2.097    31.3112    23.3871 -9.990e-29
 188.531209      2.124  37.734146    13.7565    8.49597      2.106    31.3082    23.3852 -9.990e-29
