data/oxygen options/ONMS/Olympic_Coast_National_Marine_Sanctuary_Hypoxia_Survey_CTD_Data_2004_2015/raw_data/2005/CTD_CE10_052505faed.cnv
* Sea-Bird SBE19 Data File:
* FileName = C:\Documents and Settings\kirner.PTANGELES\Desktop\hypoxia CTD data\CE10__052505.hex
* Software Version 1.1.5
* Temperature SN = 2997
* Conductivity SN = 2997
* System UpLoad Time = May 25 2005 18:13:41
* SEACAT PROFILER V3.1c SN 2997   05/25/05  18:12:57.252
* strain gauge pressure sensor: S/N = 184829,  range = 3000 psia,  tc = 40
# nquan = 9                                 
# nvalues = 434                         
# units = specified
# name 0 = timeJ: Julian Days
# name 1 = prSM: Pressure, Strain Gauge [db]
# name 2 = c0mS/cm: Conductivity [mS/cm]
# name 3 = t090C: Temperature [ITS-90, deg C]
# name 4 = oxML/L: Oxygen, Beckman/YSI [ml/l]
# name 5 = depSM: Depth [salt water, m], lat = 47.5
# name 6 = sal00: Salinity, Practical [PSU]
# name 7 = sigma-é00: Density [sigma-theta, kg/m^3]
# name 8 = flag: flag
# span 0 = 145.697002, 145.699508       
# span 1 =     -3.958,     11.665       
# span 2 =  11.878442,  35.972887       
# span 3 =    12.6311,    16.1176       
# span 4 =   -0.09852,   23.90066       
# span 5 =     -3.925,     11.567       
# span 6 =     8.4290,    30.5761       
# span 7 =     5.4680,    23.0388       
# span 8 = 0.0000e+00, 0.0000e+00       
# interval = seconds: 0.5
# start_time = May 25 2005 16:43:41 [Instrument's time stamp, header]
# bad_flag = -9.990e-29
*END*
[from data line 161]
 145.697934      0.280  34.111197    14.9878    6.43045      0.278    27.1153    19.9055 -9.990e-29
 145.697940      0.294  34.109445    14.9832    6.42102      0.292    27.1170    19.9077 -9.990e-29
 145.697946      0.301  34.108060    14.9823    6.41242      0.298    27.1164    19.9074 -9.990e-29
 145.697951      0.305  34.107440    14.9822    6.40250      0.302    27.1159    19.9071 -9.990e-29
 145.697957      0.310  34.107322    14.9796    6.41445      0.307    27.1176    19.9089 -9.990e-29
 145.697963      0.318  34.106992    14.9740    6.41767      0.315    27.1212    19.9128 -9.990e-29
 145.697969      0.327  34.106016    14.9664    6.42866      0.324    27.1256    19.9178 -9.990e-29
 145.697975      0.336  34.103655    14.9598    6.43230      0.333    27.1281    19.9210 -9.990e-29
 145.697980      0.339  34.100687    14.9587    6.41840      0.336    27.1262    19.9198 -9.990e-29
 145.697986      0.338  34.099883    14.9653    6.41081      0.335    27.1209    19.9144 -9.990e-29
 145.697992      0.333  34.101855    14.9754    6.40021      0.330    27.1157    19.9083 -9.990e-29
 145.697998      0.326  34.104751    14.9838    6.39708      0.323    27.1124    19.9041 -9.990e-29
 145.698003      0.327  34.107394    14.9858    6.41030      0.324    27.1133    19.9044 -9.990e-29
 145.698009      0.339  34.107710    14.9802    6.41555      0.336    27.1175    19.9087 -9.990e-29
 145.698015      0.359  34.105566    14.9741    6.42286      0.356    27.1198    19.9118 -9.990e-29
 145.698021      0.376  34.104270    14.9731    6.42036      0.373    27.1194    19.9116 -9.990e-29
 145.698027      0.382  34.104899    14.9795    6.41285      0.379    27.1155    19.9073 -9.990e-29
 145.698032      0.382  34.107732    14.9919    6.40301      0.379    27.1094    19.9001 -9.990e-29
 145.698038      0.384  34.112629    15.0041    6.38827      0.381    27.1053    19.8944 -9.990e-29
 145.698044      0.392  34.117155    15.0113    6.38941      0.389    27.1043    19.8922 -9.990e-29
 145.698050      0.404  34.119508    15.0103    6.38862      0.401    27.1070    19.8945 -9.990e-29
 145.698056      0.415  34.118906    15.0028    6.39240      0.412    27.1117    19.8996 -9.990e-29
 145.698061      0.426  34.116233    14.9921    6.39195      0.422    27.1167    19.9057 -9.990e-29
 145.698067      0.438  34.112971    14.9803    6.38852      0.434    27.1220    19.9122 -9.990e-29
 145.698073      0.451  34.109256    14.9755    6.39387      0.447    27.1221    19.9132 -9.990e-29
 145.698079      0.467  34.107425    14.9794    6.39836      0.463    27.1178    19.9091 -9.990e-29
 145.698084      0.487  34.108398    14.9816    6.39883      0.483    27.1171    19.9081 -9.990e-29
 145.698090      0.511  34.108431    14.9791    6.38686      0.507    27.1188    19.9100 -9.990e-29
 145.698096      0.536  34.106454    14.9776    6.37061      0.532    27.1181    19.9097 -9.990e-29
 145.698102      0.557  34.105439    14.9808    6.36509      0.552    27.1150    19.9067 -9.990e-29
 145.698108      0.575  34.107398    14.9849    6.36268      0.570    27.1139    19.9050 -9.990e-29
 145.698113      0.594  34.109902    14.9822    6.37573      0.589    27.1180    19.9087 -9.990e-29
 145.698119      0.611  34.108449    14.9691    6.39230      0.606    27.1257    19.9173 -9.990e-29
 145.698125      0.625  34.102228    14.9529    6.40235      0.620    27.1315    19.9251 -9.990e-29
 145.698131      0.634  34.095837    14.9471    6.39920      0.629    27.1299    19.9250 -9.990e-29
 145.698137      0.641  34.094208    14.9575    6.38395      0.636    27.1212    19.9163 -9.990e-29
 145.698142      0.645  34.097969    14.9759    6.37522      0.640    27.1118    19.9052 -9.990e-29
 145.698148      0.646  34.104293    14.9897    6.37620      0.641    27.1078    19.8993 -9.990e-29
 145.698154      0.650  34.108724    14.9936    6.38116      0.645    27.1090    19.8995 -9.990e-29
 145.698160      0.660  34.109335    14.9911    6.38003      0.654    27.1113    19.9017 -9.990e-29
 145.698166      0.673  34.108068    14.9883    6.37054      0.667    27.1121    19.9029 -9.990e-29
 145.698171      0.681  34.107158    14.9878    6.35722      0.675    27.1116    19.9027 -9.990e-29
 145.698177      0.681  34.107077    14.9882    6.35176      0.675    27.1113    19.9023 -9.990e-29
 145.698183      0.676  34.107160    14.9859    6.35481      0.670    27.1130    19.9041 -9.990e-29
 145.698189      0.675  34.106400    14.9788    6.36274      0.669    27.1172    19.9088 -9.990e-29
 145.698194      0.682  34.103788    14.9709    6.36746      0.676    27.1204    19.9128 -9.990e-29
 145.698200      0.689  34.100329    14.9679    6.35940      0.683    27.1194    19.9127 -9.990e-29
 145.698206      0.688  34.098699    14.9702    6.35126      0.682    27.1164    19.9099 -9.990e-29
 145.698212      0.683  34.099530    14.9748    6.35743      0.677    27.1139    19.9071 -9.990e-29
 145.698218      0.683  34.101691    14.9774    6.35962      0.677    27.1140    19.9066 -9.990e-29
 145.698223      0.691  34.103024    14.9758    6.36514      0.685    27.1163    19.9087 -9.990e-29
 145.698229      0.704  34.101948    14.9734    6.36198      0.698    27.1170    19.9098 -9.990e-29
 145.698235      0.719  34.100395    14.9735    6.35846      0.713    27.1156    19.9086 -9.990e-29
 145.698241      0.735  34.100221    14.9760    6.35856      0.729    27.1137    19.9067 -9.990e-29
 145.698247      0.756  34.101197    14.9808    6.36429      0.750    27.1112    19.9038 -9.990e-29
 145.698252      0.780  34.103508    14.9857    6.36302      0.773    27.1098    19.9017 -9.990e-29
 145.698258      0.807  34.105754    14.9870    6.35136      0.800    27.1109    19.9023 -9.990e-29
 145.698264      0.829  34.105890    14.9868    6.35140      0.822    27.1112    19.9025 -9.990e-29
 145.698270      0.843  34.105784    14.9886    6.35330      0.836    27.1098    19.9011 -9.990e-29
 145.698275      0.855  34.106979    14.9916    6.36103      0.848    27.1088    19.8997 -9.990e-29
 145.698281      0.869  34.108271    14.9941    6.35697      0.862    27.1082    19.8987 -9.990e-29
 145.698287      0.883  34.109145    14.9955    6.34169      0.876    27.1080    19.8983 -9.990e-29
 145.698293      0.892  34.109648    14.9964    6.34177      0.885    27.1078    19.8980 -9.990e-29
 145.698299      0.901  34.109894    14.9976    6.34453      0.893    27.1072    19.8972 -9.990e-29
 145.698304      0.916  34.110217    14.9985    6.34157      0.908    27.1068    19.8968 -9.990e-29
 145.698310      0.928  34.110489    14.9990    6.33689      0.920    27.1067    19.8966 -9.990e-29
 145.698316      0.931  34.110517    14.9991    6.32936      0.923    27.1067    19.8966 -9.990e-29
 145.698322      0.928  34.110340    14.9987    6.33833      0.920    27.1068    19.8967 -9.990e-29
 145.698328      0.924  34.110287    14.9989    6.34917      0.916    27.1066    19.8965 -9.990e-29
 145.698333      0.922  34.110854    15.0001    6.35050      0.914    27.1063    19.8960 -9.990e-29
 145.698339      0.927  34.111677    15.0020    6.34468      0.919    27.1057    19.8952 -9.990e-29
 145.698345      0.935  34.112178    15.0039    6.33867      0.927    27.1048    19.8941 -9.990e-29
 145.698351      0.946  34.112469    15.0072    6.33712      0.938    27.1028    19.8919 -9.990e-29
 145.698356      0.965  34.114062    15.0156    6.33760      0.957    27.0984    19.8868 -9.990e-29
 145.698362      0.985  34.119084    15.0266    6.32927      0.977    27.0952    19.8821 -9.990e-29
 145.698368      0.995  34.125268    15.0307    6.33004      0.987    27.0978    19.8832 -9.990e-29
 145.698374      0.995  34.126852    15.0275    6.33619      0.987    27.1014    19.8866 -9.990e-29
 145.698380      0.993  34.124272    15.0255    6.33541      0.985    27.1005    19.8864 -9.990e-29
 145.698385      0.994  34.123062    15.0285    6.33767      0.986    27.0974    19.8834 -9.990e-29
 145.698391      0.997  34.125534    15.0337    6.33390      0.989    27.0959    19.8812 -9.990e-29
 145.698397      1.003  34.129383    15.0369    6.32253      0.995    27.0971    19.8814 -9.990e-29
 145.698403      1.013  34.130779    15.0380    6.32183      1.005    27.0976    19.8816 -9.990e-29
 145.698409      1.027  34.129905    15.0400    6.32202      1.018    27.0954    19.8795 -9.990e-29
 145.698414      1.045  34.129525    15.0431    6.31677      1.036    27.0929    19.8769 -9.990e-29
 145.698420      1.066  34.130254    15.0452    6.32436      1.057    27.0921    19.8759 -9.990e-29
 145.698426      1.080  34.131384    15.0452    6.32501      1.071    27.0931    19.8767 -9.990e-29
 145.698432      1.090  34.132179    15.0439    6.32294      1.081    27.0947    19.8781 -9.990e-29
 145.698438      1.101  34.132574    15.0433    6.32205      1.092    27.0955    19.8788 -9.990e-29
 145.698443      1.108  34.133088    15.0441    6.32342      1.099    27.0954    19.8786 -9.990e-29
 145.698449      1.112  34.133839    15.0462    6.31940      1.103    27.0946    19.8776 -9.990e-29
 145.698455      1.118  34.135265    15.0504    6.31793      1.109    27.0929    19.8754 -9.990e-29
 145.698461      1.122  34.138701    15.0557    6.31847      1.113    27.0923    19.8738 -9.990e-29
 145.698466      1.125  34.143116    15.0589    6.32130      1.116    27.0939    19.8745 -9.990e-29
 145.698472      1.129  34.145428    15.0592    6.32507      1.120    27.0958    19.8758 -9.990e-29
 145.698478      1.133  34.145352    15.0588    6.32197      1.124    27.0960    19.8760 -9.990e-29
 145.698484      1.130  34.144464    15.0598    6.31166      1.121    27.0945    19.8747 -9.990e-29
 145.698490      1.127  34.144373    15.0624    6.30955      1.118    27.0926    19.8727 -9.990e-29
 145.698495      1.130  34.145513    15.0650    6.31295      1.121    27.0918    19.8716 -9.990e-29
 145.698501      1.140  34.146597    15.0665    6.31243      1.130    27.0917    19.8712 -9.990e-29
 145.698507      1.150  34.147386    15.0675    6.30542      1.140    27.0917    19.8710 -9.990e-29
 145.698513      1.155  34.148365    15.0680    6.29740      1.145    27.0922    19.8713 -9.990e-29
 145.698519      1.156  34.149152    15.0668    6.29028      1.146    27.0938    19.8727 -9.990e-29
 145.698524      1.157  34.149112    15.0635    6.29432      1.147    27.0960    19.8751 -9.990e-29
 145.698530      1.163  34.148185    15.0562    6.29530      1.153    27.1002    19.8799 -9.990e-29
 145.698536      1.169  34.146250    15.0459    6.29164      1.159    27.1057    19.8862 -9.990e-29
 145.698542      1.173  34.143525    15.0399    6.29140      1.163    27.1074    19.8887 -9.990e-29
 145.698547      1.173  34.141972    15.0410    6.29302      1.163    27.1053    19.8869 -9.990e-29
 145.698553      1.171  34.142317    15.0448    6.29490      1.161    27.1030    19.8843 -9.990e-29
 145.698559      1.170  34.142770    15.0470    6.29423      1.160    27.1018    19.8830 -9.990e-29
 145.698565      1.174  34.142251    15.0466    6.29881      1.164    27.1017    19.8829 -9.990e-29
 145.698571      1.180  34.141184    15.0447    6.29975      1.170    27.1020    19.8836 -9.990e-29
 145.698576      1.183  34.140383    15.0426    6.29624      1.173    27.1028    19.8846 -9.990e-29
 145.698582      1.184  34.139893    15.0420    6.28644      1.174    27.1028    19.8847 -9.990e-29
 145.698588      1.183  34.139617    15.0440    6.27295      1.173    27.1011    19.8831 -9.990e-29
 145.698594      1.179  34.139740    15.0458    6.26866      1.169    27.1000    19.8818 -9.990e-29
 145.698600      1.178  34.139862    15.0426    6.27504      1.168    27.1023    19.8843 -9.990e-29
 145.698605      1.182  34.139019    15.0326    6.28430      1.172    27.1085    19.8911 -9.990e-29
 145.698611      1.187  34.136085    15.0200    6.28844      1.177    27.1146    19.8984 -9.990e-29
 145.698617      1.191  34.131623    15.0135    6.28579      1.181    27.1152    19.9002 -9.990e-29
 145.698623      1.194  34.128646    15.0171    6.28833      1.184    27.1101    19.8955 -9.990e-29
 145.698628      1.199  34.129340    15.0249    6.29061      1.189    27.1053    19.8902 -9.990e-29
 145.698634      1.211  34.132382    15.0293    6.28347      1.201    27.1049    19.8890 -9.990e-29
 145.698640      1.227  34.134538    15.0290    6.27874      1.217    27.1070    19.8907 -9.990e-29
 145.698646      1.243  34.134757    15.0276    6.27865      1.233    27.1082    19.8919 -9.990e-29
 145.698652      1.257  34.134446    15.0269    6.28940      1.247    27.1084    19.8922 -9.990e-29
 145.698657      1.264  34.134302    15.0239    6.28874      1.253    27.1103    19.8943 -9.990e-29
 145.698663      1.270  34.133568    15.0173    6.28139      1.259    27.1143    19.8986 -9.990e-29
 145.698669      1.280  34.131260    15.0132    6.26778      1.269    27.1151    19.9001 -9.990e-29
 145.698675      1.289  34.129341    15.0176    6.25588      1.278    27.1103    19.8956 -9.990e-29
 145.698681      1.298  34.130848    15.0253    6.25444      1.287    27.1063    19.8909 -9.990e-29
 145.698686      1.316  34.133863    15.0258    6.26971      1.305    27.1086    19.8926 -9.990e-29
 145.698692      1.341  34.134554    15.0151    6.28146      1.330    27.1166    19.9009 -9.990e-29
 145.698698      1.360  34.131596    14.9982    6.29431      1.349    27.1257    19.9114 -9.990e-29
 145.698704      1.372  34.126646    14.9873    6.28158      1.361    27.1289    19.9161 -9.990e-29
 145.698709      1.376  34.123744    14.9903    6.26445      1.365    27.1243    19.9119 -9.990e-29
 145.698715      1.373  34.124615    15.0016    6.26533      1.362    27.1172    19.9041 -9.990e-29
 145.698721      1.366  34.127610    15.0096    6.27171      1.355    27.1143    19.9003 -9.990e-29
 145.698727      1.365  34.129994    15.0078    6.27886      1.354    27.1177    19.9032 -9.990e-29
 145.698733      1.369  34.129900    14.9998    6.27967      1.358    27.1231    19.9090 -9.990e-29
 145.698738      1.370  34.128318    14.9953    6.27453      1.359    27.1248    19.9113 -9.990e-29
 145.698744      1.363  34.127617    14.9979    6.26424      1.352    27.1224    19.9089 -9.990e-29
 145.698750      1.353  34.128536    15.0039    6.25676      1.342    27.1191    19.9051 -9.990e-29
 145.698756      1.347  34.130052    15.0083    6.25115      1.336    27.1174    19.9029 -9.990e-29
 145.698762      1.348  34.130818    15.0061    6.26464      1.337    27.1196    19.9050 -9.990e-29
 145.698767      1.354  34.130172    14.9962    6.27810      1.343    27.1259    19.9119 -9.990e-29
 145.698773      1.360  34.128929    14.9846    6.27262      1.349    27.1328    19.9196 -9.990e-29
 145.698779      1.367  34.128228    14.9800    6.25991      1.356    27.1354    19.9225 -9.990e-29
 145.698785      1.374  34.128247    14.9817    6.24978      1.363    27.1342    19.9213 -9.990e-29
 145.698791      1.387  34.128443    14.9819    6.25867      1.375    27.1342    19.9213 -9.990e-29
 145.698796      1.406  34.128511    14.9801    6.27337      1.394    27.1355    19.9226 -9.990e-29
 145.698802      1.424  34.128540    14.9797    6.27456      1.412    27.1358    19.9229 -9.990e-29
 145.698808      1.434  34.128561    14.9806    6.26379      1.422    27.1352    19.9223 -9.990e-29
 145.698814      1.432  34.128595    14.9820    6.25407      1.420    27.1343    19.9213 -9.990e-29
 145.698819      1.426  34.128682    14.9836    6.24797      1.414    27.1332    19.9202 -9.990e-29
 145.698825      1.429  34.128931    14.9828    6.25566      1.417    27.1340    19.9209 -9.990e-29
 145.698831      1.442  34.129112    14.9785    6.25958      1.430    27.1372    19.9242 -9.990e-29
 145.698837      1.455  34.128900    14.9739    6.24861      1.443    27.1402    19.9275 -9.990e-29
 145.698843      1.463  34.128567    14.9723    6.24442      1.451    27.1410    19.9284 -9.990e-29
 145.698848      1.460  34.128221    14.9732    6.25036      1.448    27.1400    19.9275 -9.990e-29
