data/oxygen options/ONMS/Olympic_Coast_National_Marine_Sanctuary_Hypoxia_Survey_CTD_Data_2004_2015/raw_data/2005/CTD_CE50_062105faed.cnv
* Sea-Bird SBE19 Data File:
* FileName = C:\hypoxia CTD data\CE50_062105.hex
* Software Version 1.1.5
* Temperature SN = 2997
* Conductivity SN = 2997
* System UpLoad Time = Jun 21 2005 16:27:16
* SEACAT PROFILER V3.1c SN 2997   06/21/05  16:26:18.074
* strain gauge pressure sensor: S/N = 184829,  range = 3000 psia,  tc = 40
# nquan = 9                                 
# nvalues = 682                         
# units = specified
# name 0 = timeJ: Julian Days
# name 1 = prSM: Pressure, Strain Gauge [db]
# name 2 = c0mS/cm: Conductivity [mS/cm]
# name 3 = t090C: Temperature [ITS-90, deg C]
# name 4 = oxML/L: Oxygen, Beckman/YSI [ml/l]
# name 5 = depSM: Depth [salt water, m], lat = 47.5
# name 6 = sal00: Salinity, Practical [PSU]
# name 7 = sigma-é00: Density [sigma-theta, kg/m^3]
# name 8 = flag: flag
# span 0 = 172.618611, 172.622552       
# span 1 =     -4.296,     52.420       
# span 2 =   0.430707,  38.167414       
# span 3 =     8.9786,    16.5462       
# span 4 =   -0.11581,   23.83853       
# span 5 =     -4.260,     51.976       
# span 6 =     0.2588,    33.0613       
# span 7 =    -0.7103,    25.6037       
# span 8 = 0.0000e+00, 0.0000e+00       
# interval = seconds: 0.5
# start_time = Jun 21 2005 14:50:48 [Instrument's time stamp, header]
# bad_flag = -9.990e-29
*END*
 172.618611     -4.296 -9.990e-29    15.0848   -0.11580     -4.260 -9.990e-29 -9.990e-29 -9.990e-29
 172.618617     -4.264   0.432143    15.0832   -0.11581     -4.228     0.2597    -0.7103 -9.990e-29
 172.618623     -4.236   0.433654    15.0802   -0.11580     -4.201     0.2606    -0.7091 -9.990e-29
 172.618628     -4.208   0.433749    15.0776   -0.10266     -4.173     0.2607    -0.7086 -9.990e-29
 172.618634     -4.175   0.432003    15.0758   -0.09671     -4.140     0.2596    -0.7092 -9.990e-29
 172.618640     -4.140   0.430707    15.0744   -0.09473     -4.105     0.2588    -0.7096 -9.990e-29
 172.618646     -4.103   0.432569    15.0737   -0.09458     -4.069     0.2600    -0.7086 -9.990e-29
 172.618652     -4.063   0.443030    15.0744   -0.09453     -4.029     0.2665    -0.7037 -9.990e-29
 172.618657     -4.014   0.473822    15.0781   -0.09458     -3.981     0.2855    -0.6895 -9.990e-29
 172.618663     -3.951   0.555650    15.0893   -0.09463     -3.918     0.3363    -0.6519 -9.990e-29
 172.618669     -3.880   0.788747    15.1225   -0.09462     -3.848     0.4830    -0.5434 -9.990e-29
 172.618675     -3.796   1.478366    15.2213   -0.09457     -3.764     0.9283    -0.2148 -9.990e-29
 172.618681     -3.693   3.542892    15.4832   -0.09454     -3.662     2.3184     0.8141 -9.990e-29
 172.618686     -3.574   9.736134    15.8888   -0.09452     -3.544     6.7611     4.1504 -9.990e-29
 172.618692     -3.439  19.978885    16.2297   -0.09453     -3.410    14.6052    10.0788 -9.990e-29
 172.618698     -3.289  28.689058    16.4064   -0.09459     -3.262    21.6125    15.3950 -9.990e-29
 172.618704     -3.127  33.129376    16.4811   -0.09460     -3.101    25.2831    18.1859 -9.990e-29
 172.618709     -2.964  34.895557    16.5076   -0.09455     -2.939    26.7613    19.3115 -9.990e-29
 172.618715     -2.815  35.459726    16.5116   -0.09452     -2.792    27.2384    19.6758 -9.990e-29
 172.618721     -2.691  35.612835    16.5099   -0.09452     -2.669    27.3699    19.7769 -9.990e-29
 172.618727     -2.594  35.658858    16.5109   -0.09455     -2.572    27.4084    19.8062 -9.990e-29
 172.618733     -2.518  35.705729    16.5147   -0.09456     -2.497    27.4457    19.8340 -9.990e-29
 172.618738     -2.453  35.757671    16.5188   -0.09462     -2.433    27.4872    19.8648 -9.990e-29
 172.618744     -2.390  35.793151    16.5207   -0.09455     -2.370    27.5161    19.8865 -9.990e-29
 172.618750     -2.331  35.800642    16.5202   -0.09452     -2.312    27.5228    19.8918 -9.990e-29
 172.618756     -2.280  35.776715    16.5183   -0.09455     -2.261    27.5037    19.8776 -9.990e-29
 172.618762     -2.238  35.742203    16.5170   -0.09456     -2.219    27.4752    19.8560 -9.990e-29
 172.618767     -2.198  35.741952    16.5178   -0.09469     -2.180    27.4744    19.8552 -9.990e-29
 172.618773     -2.153  35.780148    16.5199   -0.09472     -2.135    27.5055    19.8786 -9.990e-29
 172.618779     -2.105  35.813006    16.5203   -0.09462     -2.087    27.5332    19.8997 -9.990e-29
 172.618785     -2.059  35.812050    16.5149   -0.09457     -2.042    27.5361    19.9031 -9.990e-29
 172.618791     -2.016  35.789497    16.5083   -0.09459     -1.999    27.5214    19.8933 -9.990e-29
 172.618796     -1.979  35.778666    16.5100   -0.09459     -1.962    27.5110    19.8850 -9.990e-29
 172.618802     -1.948  35.793184    16.5163   -0.09457     -1.932    27.5190    19.8897 -9.990e-29
 172.618808     -1.918  35.812075    16.5171   -0.09453     -1.902    27.5346    19.9015 -9.990e-29
 172.618814     -1.883  35.806180    16.5047   -0.09452     -1.867    27.5380    19.9069 -9.990e-29
 172.618819     -1.844  35.777771    16.4832   -0.09452     -1.829    27.5286    19.9043 -9.990e-29
 172.618825     -1.808  35.754601    16.4742   -0.09453     -1.793    27.5150    19.8959 -9.990e-29
 172.618831     -1.776  35.749541    16.4862   -0.09453     -1.761    27.5024    19.8836 -9.990e-29
 172.618837     -1.747  35.759237    16.5034   -0.09453     -1.732    27.4989    19.8771 -9.990e-29
 172.618843     -1.719  35.768617    16.5138   -0.09453     -1.705    27.4997    19.8755 -9.990e-29
 172.618848     -1.690  35.761077    16.5179   -0.09451     -1.676    27.4905    19.8675 -9.990e-29
 172.618854     -1.663  35.745104    16.5198   -0.09451     -1.649    27.4755    19.8557 -9.990e-29
 172.618860     -1.643  35.746532    16.5222   -0.09452     -1.629    27.4751    19.8548 -9.990e-29
 172.618866     -1.630  35.771785    16.5250   -0.09451     -1.616    27.4947    19.8692 -9.990e-29
 172.618872     -1.616  35.800749    16.5273   -0.09451     -1.603    27.5178    19.8864 -9.990e-29
 172.618877     -1.593  35.815455    16.5292   -0.09455     -1.580    27.5290    19.8946 -9.990e-29
 172.618883     -1.566  35.815926    16.5306   -0.09456     -1.553    27.5284    19.8938 -9.990e-29
 172.618889     -1.540  35.810114    16.5311   -0.09456     -1.527    27.5231    19.8896 -9.990e-29
 172.618895     -1.515  35.804883    16.5309   -0.09455     -1.502    27.5188    19.8864 -9.990e-29
 172.618900     -1.489  35.806188    16.5307   -0.09452     -1.477    27.5201    19.8874 -9.990e-29
 172.618906     -1.469  35.815808    16.5307   -0.09451     -1.457    27.5282    19.8936 -9.990e-29
 172.618912     -1.452  35.826980    16.5308   -0.09455     -1.440    27.5377    19.9009 -9.990e-29
 172.618918     -1.435  35.831650    16.5310   -0.09456     -1.423    27.5415    19.9038 -9.990e-29
 172.618924     -1.408  35.830476    16.5311   -0.09463     -1.396    27.5405    19.9029 -9.990e-29
 172.618929     -1.364  35.826974    16.5310   -0.09463     -1.353    27.5375    19.9007 -9.990e-29
 172.618935     -1.318  35.814270    16.5300   -0.09456     -1.307    27.5274    19.8931 -9.990e-29
 172.618941     -1.283  35.790598    16.5281   -0.09456     -1.272    27.5085    19.8791 -9.990e-29
 172.618947     -1.263  35.774326    16.5267   -0.09457     -1.252    27.4956    19.8695 -9.990e-29
 172.618953     -1.246  35.778555    16.5271   -0.09459     -1.236    27.4989    19.8720 -9.990e-29
 172.618958     -1.220  35.798307    16.5280   -0.09465     -1.210    27.5151    19.8842 -9.990e-29
 172.618964     -1.182  35.817346    16.5264   -0.09472     -1.172    27.5324    19.8978 -9.990e-29
 172.618970     -1.144  35.815122    16.5182   -0.09475     -1.134    27.5361    19.9025 -9.990e-29
 172.618976     -1.114  35.792628    16.5055   -0.09475     -1.105    27.5257    19.8972 -9.990e-29
 172.618981     -1.097  35.775413    16.5002   -0.09474     -1.088    27.5146    19.8900 -9.990e-29
 172.618987     -1.086  35.777558    16.5065   -0.09473     -1.077    27.5121    19.8867 -9.990e-29
 172.618993     -1.071  35.790745    16.5144   -0.09475     -1.062    27.5180    19.8894 -9.990e-29
 172.618999     -1.049  35.794468    16.5152   -0.09487     -1.040    27.5206    19.8912 -9.990e-29
 172.619005     -1.018  35.779715    16.5049   -0.09492     -1.010    27.5151    19.8892 -9.990e-29
 172.619010     -0.979  35.762173    16.4844   -0.09479     -0.971    27.5142    19.8931 -9.990e-29
 172.619016     -0.939  35.752688    16.4627   -0.09466     -0.931    27.5210    19.9031 -9.990e-29
 172.619022     -0.900  35.748179    16.4488   -0.09462     -0.892    27.5267    19.9105 -9.990e-29
 172.619028     -0.863  35.745466    16.4440   -0.09469     -0.856    27.5276    19.9123 -9.990e-29
 172.619034     -0.830  35.743206    16.4437   -0.09480     -0.823    27.5259    19.9110 -9.990e-29
 172.619039     -0.799  35.740662    16.4399   -0.09472     -0.792    27.5263    19.9122 -9.990e-29
 172.619045     -0.773  35.737843    16.4245   -0.09462     -0.767    27.5345    19.9218 -9.990e-29
 172.619051     -0.754  35.734952    16.4023   -0.09458     -0.748    27.5473    19.9365 -9.990e-29
 172.619057     -0.742  35.732095    16.3968   -0.09458     -0.736    27.5486    19.9387 -9.990e-29
 172.619063     -0.730  35.732224    16.4219   -0.09459     -0.724    27.5315    19.9201 -9.990e-29
 172.619068     -0.709  35.738904    16.4579   -0.09466     -0.703    27.5124    19.8976 -9.990e-29
 172.619074     -0.679  35.745939    16.4748   -0.09472     -0.673    27.5068    19.8896 -9.990e-29
 172.619080     -0.649  35.744812    16.4647   -0.09475     -0.644    27.5128    19.8964 -9.990e-29
 172.619086     -0.632  35.740790    16.4513   -0.09473     -0.627    27.5185    19.9037 -9.990e-29
 172.619091     -0.617  35.742565    16.4604   -0.09465     -0.612    27.5138    19.8981 -9.990e-29
 172.619097     -0.587  35.751976    16.4852   -0.09462     -0.582    27.5048    19.8857 -9.990e-29
 172.619103     -0.548  35.765906    16.5053   -0.09462     -0.543    27.5029    19.8798 -9.990e-29
 172.619109     -0.514  35.775497    16.5133   12.08047     -0.510    27.5055    19.8801 -9.990e-29
 172.619115     -0.488  35.772273    16.5072   22.25130     -0.484    27.5070    19.8826 -9.990e-29
 172.619120     -0.468  35.759263    16.4889   23.83853     -0.464    27.5084    19.8877 -9.990e-29
 172.619126     -0.453  35.747751    16.4681   21.21115     -0.449    27.5129    19.8957 -9.990e-29
 172.619132     -0.442  35.743165    16.4571   14.18377     -0.438    27.5165    19.9009 -9.990e-29
 172.619138     -0.429  35.744467    16.4630   10.84333     -0.425    27.5136    19.8974 -9.990e-29
 172.619144     -0.411  35.750063    16.4805   10.85445     -0.408    27.5063    19.8880 -9.990e-29
 172.619149     -0.389  35.757357    16.4961   10.81490     -0.386    27.5018    19.8811 -9.990e-29
 172.619155     -0.372  35.762656    16.5020   10.80527     -0.369    27.5023    19.8801 -9.990e-29
 172.619161     -0.362  35.771382    16.5065   10.79306     -0.359    27.5066    19.8825 -9.990e-29
 172.619167     -0.354  35.809787    16.5187   10.78317     -0.351    27.5310    19.8984 -9.990e-29
 172.619172     -0.344  35.874173    16.5312   10.77171     -0.341    27.5773    19.9311 -9.990e-29
 172.619178     -0.330  35.918674    16.5374   10.76193     -0.327    27.6110    19.9555 -9.990e-29
 172.619184     -0.313  35.934268    16.5402   10.75220     -0.310    27.6223    19.9636 -9.990e-29
 172.619190     -0.295  35.940106    16.5415   10.74292     -0.293    27.6264    19.9665 -9.990e-29
 172.619196     -0.284  35.942325    16.5421   10.73546     -0.282    27.6279    19.9675 -9.990e-29
 172.619201     -0.282  35.942800    16.5423    9.69236     -0.280    27.6281    19.9676 -9.990e-29
 172.619207     -0.287  35.942762    16.5427    6.84024     -0.285    27.6278    19.9673 -9.990e-29
 172.619213     -0.289  35.942757    16.5432    5.11951     -0.287    27.6275    19.9669 -9.990e-29
 172.619219     -0.285  35.942814    16.5437    4.46891     -0.283    27.6272    19.9666 -9.990e-29
 172.619225     -0.274  35.943046    16.5440    4.98116     -0.272    27.6272    19.9665 -9.990e-29
 172.619230     -0.259  35.943240    16.5439    6.05917     -0.257    27.6274    19.9667 -9.990e-29
 172.619236     -0.249  35.943129    16.5434    6.47619     -0.247    27.6277    19.9670 -9.990e-29
 172.619242     -0.243  35.943162    16.5430    6.68049     -0.241    27.6280    19.9673 -9.990e-29
 172.619248     -0.232  35.943420    16.5430    6.78485     -0.230    27.6282    19.9675 -9.990e-29
 172.619253     -0.210  35.943721    16.5428    6.84731     -0.208    27.6286    19.9678 -9.990e-29
 172.619259     -0.181  35.944505    16.5421    6.88152     -0.179    27.6297    19.9689 -9.990e-29
 172.619265     -0.151  35.945170    16.5418    6.89449     -0.150    27.6305    19.9695 -9.990e-29
 172.619271     -0.123  35.944958    16.5422    6.89088     -0.122    27.6300    19.9691 -9.990e-29
 172.619277     -0.095  35.944741    16.5425    6.88021     -0.094    27.6296    19.9687 -9.990e-29
 172.619282     -0.066  35.944829    16.5426    6.87737     -0.065    27.6296    19.9687 -9.990e-29
 172.619288     -0.032  35.944813    16.5424    6.86794     -0.032    27.6297    19.9688 -9.990e-29
 172.619294      0.003  35.945269    16.5413    6.86968      0.003    27.6308    19.9699 -9.990e-29
 172.619300      0.033  35.946840    16.5399    6.86962      0.033    27.6331    19.9720 -9.990e-29
 172.619306      0.052  35.948294    16.5397    6.85998      0.052    27.6345    19.9731 -9.990e-29
 172.619311      0.056  35.948244    16.5407    6.85774      0.056    27.6338    19.9723 -9.990e-29
 172.619317      0.055  35.947216    16.5414    6.84838      0.055    27.6324    19.9711 -9.990e-29
 172.619323      0.061  35.946120    16.5416    6.84366      0.060    27.6313    19.9702 -9.990e-29
 172.619329      0.079  35.945775    16.5413    6.83894      0.078    27.6313    19.9702 -9.990e-29
 172.619334      0.105  35.946127    16.5408    6.82723      0.104    27.6319    19.9708 -9.990e-29
 172.619340      0.129  35.946543    16.5401    6.82811      0.128    27.6327    19.9716 -9.990e-29
 172.619346      0.143  35.946844    16.5397    6.83171      0.142    27.6332    19.9721 -9.990e-29
 172.619352      0.153  35.946885    16.5401    6.83141      0.152    27.6330    19.9718 -9.990e-29
 172.619358      0.163  35.946540    16.5411    6.81558      0.162    27.6320    19.9709 -9.990e-29
 172.619363      0.175  35.945914    16.5419    6.80261      0.174    27.6309    19.9699 -9.990e-29
 172.619369      0.188  35.945301    16.5420    6.79713      0.186    27.6303    19.9694 -9.990e-29
 172.619375      0.204  35.945010    16.5417    6.80279      0.202    27.6303    19.9694 -9.990e-29
 172.619381      0.224  35.945219    16.5415    6.80587      0.222    27.6306    19.9697 -9.990e-29
 172.619387      0.245  35.945649    16.5418    6.79410      0.243    27.6307    19.9697 -9.990e-29
 172.619392      0.259  35.945760    16.5424    6.78080      0.257    27.6304    19.9694 -9.990e-29
 172.619398      0.268  35.945142    16.5431    6.76578      0.266    27.6294    19.9684 -9.990e-29
 172.619404      0.280  35.944096    16.5436    6.76418      0.278    27.6282    19.9674 -9.990e-29
 172.619410      0.301  35.943478    16.5436    6.77547      0.298    27.6276    19.9670 -9.990e-29
 172.619416      0.327  35.943590    16.5433    6.77982      0.324    27.6279    19.9673 -9.990e-29
 172.619421      0.352  35.944025    16.5430    6.77883      0.349    27.6285    19.9678 -9.990e-29
 172.619427      0.369  35.944245    16.5429    6.76138      0.366    27.6288    19.9680 -9.990e-29
 172.619433      0.375  35.943987    16.5433    6.75710      0.372    27.6283    19.9675 -9.990e-29
 172.619439      0.374  35.943474    16.5440    6.75126      0.371    27.6273    19.9666 -9.990e-29
 172.619444      0.371  35.943147    16.5442    6.75103      0.368    27.6269    19.9663 -9.990e-29
 172.619450      0.369  35.943137    16.5438    6.75818      0.366    27.6272    19.9666 -9.990e-29
 172.619456      0.373  35.943436    16.5430    6.75574      0.370    27.6280    19.9674 -9.990e-29
 172.619462      0.378  35.943886    16.5425    6.74263      0.375    27.6287    19.9680 -9.990e-29
 172.619468      0.386  35.943971    16.5424    6.73720      0.383    27.6289    19.9682 -9.990e-29
 172.619473      0.400  35.943809    16.5427    6.73849      0.397    27.6285    19.9678 -9.990e-29
 172.619479      0.418  35.943749    16.5434    6.73562      0.415    27.6280    19.9673 -9.990e-29
 172.619485      0.436  35.943717    16.5442    6.73411      0.432    27.6274    19.9666 -9.990e-29
 172.619491      0.451  35.943676    16.5442    6.73504      0.447    27.6273    19.9666 -9.990e-29
 172.619497      0.460  35.943575    16.5438    6.72084      0.456    27.6275    19.9668 -9.990e-29
 172.619502      0.468  35.943285    16.5436    6.72477      0.464    27.6274    19.9668 -9.990e-29
 172.619508      0.479  35.942983    16.5437    6.72535      0.475    27.6271    19.9665 -9.990e-29
 172.619514      0.495  35.942834    16.5440    6.72181      0.491    27.6268    19.9662 -9.990e-29
 172.619520      0.511  35.942645    16.5439    6.72204      0.507    27.6267    19.9662 -9.990e-29
 172.619525      0.526  35.942729    16.5434    6.71065      0.522    27.6271    19.9666 -9.990e-29
 172.619531      0.543  35.943203    16.5429    6.71307      0.538    27.6278    19.9673 -9.990e-29
