data/oxygen options/ONMS/Olympic_Coast_National_Marine_Sanctuary_Hypoxia_Survey_CTD_Data_2004_2015/raw_data/2005/CTD_CA80_083005faed.cnv
* Sea-Bird SBE19 Data File:
* FileName = C:\hypoxia CTD data\CA80_083005.hex
* Software Version 1.1.5
* Temperature SN = 2997
* Conductivity SN = 2997
* System UpLoad Time = Aug 30 2005 17:29:06
** Cape Alava 80m  083005
* SEACAT PROFILER V3.1c SN 2997   08/30/05  17:27:18.914
# nquan = 9                                 
# nvalues = 741                         
# units = specified
# name 0 = timeJ: Julian Days
# name 1 = prSM: Pressure, Strain Gauge [db]
# name 2 = c0mS/cm: Conductivity [mS/cm]
# name 3 = t090C: Temperature [ITS-90, deg C]
# name 4 = oxML/L: Oxygen, Beckman/YSI [ml/l]
# name 5 = depSM: Depth [salt water, m], lat = 47.5
# name 6 = sal00: Salinity, Practical [PSU]
# name 7 = sigma-é00: Density [sigma-theta, kg/m^3]
# name 8 = flag: flag
# span 0 = 242.677535, 242.681817       
# span 1 =     -2.923,     80.989       
# span 2 =   1.799498,  38.301940       
# span 3 =     7.5729,    13.9910       
# span 4 =   -0.09866,   26.00094       
# span 5 =     -2.899,     80.297       
# span 6 =     1.2632,    33.5934       
# span 7 =     0.3196,    26.2321       
# span 8 = 0.0000e+00, 0.0000e+00       
# interval = seconds: 0.5
# start_time = Aug 30 2005 16:15:39 [Instrument's time stamp, header]
# bad_flag = -9.990e-29
*END*
 242.677535     -2.923 -9.990e-29    13.6957   -0.09851     -2.899 -9.990e-29 -9.990e-29 -9.990e-29
 242.677541     -2.879   2.063620    13.7213   -0.09855     -2.855     1.3690     0.3466 -9.990e-29
 242.677546     -2.822   2.573737    13.7552   -0.09856     -2.798     1.7269     0.6187 -9.990e-29
 242.677552     -2.749   3.674627    13.7918   -0.09858     -2.726     2.5158     1.2231 -9.990e-29
 242.677558     -2.655   6.526043    13.8301   -0.09863     -2.633     4.6365     2.8526 -9.990e-29
 242.677564     -2.535  12.410764    13.8750   -0.09866     -2.514     9.2468     6.3912 -9.990e-29
 242.677569     -2.388  20.725942    13.9171   -0.09865     -2.368    16.1220    11.6646 -9.990e-29
 242.677575     -2.231  28.639008    13.9315   -0.09857     -2.212    22.9715    16.9266 -9.990e-29
 242.677581     -2.085  33.761550    13.9197   -0.09855     -2.068    27.5561    20.4586 -9.990e-29
 242.677587     -1.957  36.400109    13.9039   -0.09857     -1.941    29.9666    22.3201 -9.990e-29
 242.677593     -1.843  37.597798    13.8922   -0.09859     -1.828    31.0739    23.1769 -9.990e-29
 242.677598     -1.735  37.989849    13.8824   -0.09857     -1.721    31.4425    23.4634 -9.990e-29
 242.677604     -1.632  38.113605    13.8722   -0.09852     -1.618    31.5649    23.5599 -9.990e-29
 242.677610     -1.540  38.153734    13.8620   -0.09851     -1.527    31.6102    23.5970 -9.990e-29
 242.677616     -1.465  38.163206    13.8556   -0.09853     -1.453    31.6242    23.6091 -9.990e-29
 242.677622     -1.406  38.158600    13.8581   -0.09853     -1.394    31.6179    23.6037 -9.990e-29
 242.677627     -1.357  38.156798    13.8685   -0.09853     -1.346    31.6076    23.5937 -9.990e-29
 242.677633     -1.305  38.166644    13.8783   -0.09854     -1.294    31.6086    23.5925 -9.990e-29
 242.677639     -1.247  38.178857    13.8827   -0.09856     -1.237    31.6163    23.5975 -9.990e-29
 242.677645     -1.188  38.178906    13.8840   -0.09853     -1.178    31.6152    23.5964 -9.990e-29
 242.677650     -1.136  38.169690    13.8873   -0.09851     -1.127    31.6040    23.5870 -9.990e-29
 242.677656     -1.098  38.168676    13.8946   -0.09853     -1.089    31.5970    23.5802 -9.990e-29
 242.677662     -1.058  38.180146    13.9017   -0.09853     -1.049    31.6017    23.5824 -9.990e-29
 242.677668     -1.001  38.189136    13.9045   -0.09851     -0.993    31.6077    23.5864 -9.990e-29
 242.677674     -0.935  38.185230    13.9034   -0.09848     -0.927    31.6050    23.5845 -9.990e-29
 242.677679     -0.877  38.176707    13.8998   -0.09846     -0.870    31.6001    23.5815 -9.990e-29
 242.677685     -0.834  38.176349    13.8959   -0.09843     -0.827    31.6029    23.5845 -9.990e-29
 242.677691     -0.797  38.182587    13.8956   -0.09842     -0.790    31.6089    23.5892 -9.990e-29
 242.677697     -0.761  38.186376    13.9004   -0.09840     -0.755    31.6084    23.5878 -9.990e-29
 242.677703     -0.722  38.186628    13.9073   -0.09838     -0.716    31.6030    23.5822 -9.990e-29
 242.677708     -0.679  38.184829    13.9124   -0.09838     -0.673    31.5971    23.5767 -9.990e-29
 242.677714     -0.637  38.177488    13.9149   -0.09839     -0.632    31.5883    23.5693 -9.990e-29
 242.677720     -0.606  38.167748    13.9174   -0.09839     -0.601    31.5772    23.5603 -9.990e-29
 242.677726     -0.589  38.167890    13.9229   -0.09836     -0.584    31.5728    23.5558 -9.990e-29
 242.677731     -0.580  38.180936    13.9325   -0.09833     -0.575    31.5770    23.5570 -9.990e-29
 242.677737     -0.570  38.195704    13.9435   -0.09834     -0.565    31.5815    23.5583 -9.990e-29
 242.677743     -0.554  38.201065    13.9522   -0.09836     -0.549    31.5793    23.5548 -9.990e-29
 242.677749     -0.531  38.199148    13.9603   -0.09837     -0.527    31.5709    23.5467 -9.990e-29
 242.677755     -0.501  38.199768    13.9693   -0.09840     -0.497    31.5640    23.5396 -9.990e-29
 242.677760     -0.464  38.202098    13.9758   -0.09835     -0.460    31.5608    23.5358 -9.990e-29
 242.677766     -0.428  38.196374    13.9781   -0.09832     -0.424    31.5537    23.5298 -9.990e-29
 242.677772     -0.398  38.184529    13.9787   -0.09835     -0.395    31.5423    23.5209 -9.990e-29
 242.677778     -0.377  38.180526    13.9807   -0.09836     -0.374    31.5370    23.5163 -9.990e-29
 242.677784     -0.359  38.191394    13.9841   -0.09842     -0.356    31.5442    23.5212 -9.990e-29
 242.677789     -0.339  38.209217    13.9867   -0.09845     -0.336    31.5584    23.5317 -9.990e-29
 242.677795     -0.316  38.217406    13.9867   -0.09839     -0.313    31.5659    23.5375 -9.990e-29
 242.677801     -0.293  38.208397    13.9827   -0.09836     -0.291    31.5609    23.5344 -9.990e-29
 242.677807     -0.275  38.193766    13.9779   -0.09836     -0.273    31.5514    23.5280 -9.990e-29
 242.677812     -0.264  38.189930    13.9781   -0.09837     -0.262    31.5477    23.5252 -9.990e-29
 242.677818     -0.248  38.203018    13.9819   -0.09843     -0.246    31.5566    23.5313 -9.990e-29
 242.677824     -0.223  38.222465    13.9828   -0.09849     -0.221    31.5737    23.5443 -9.990e-29
 242.677830     -0.192  38.226554    13.9763   -0.09845     -0.190    31.5828    23.5526 -9.990e-29
 242.677836     -0.165  38.214037    13.9643   -0.09840     -0.164    31.5811    23.5538 -9.990e-29
 242.677841     -0.149  38.204147    13.9582   -0.09835     -0.148    31.5771    23.5519 -9.990e-29
 242.677847     -0.139  38.202794    13.9636   -0.09837     -0.138    31.5714    23.5464 -9.990e-29
 242.677853     -0.130  38.206518    13.9723   -0.09838     -0.129    31.5677    23.5417 -9.990e-29
 242.677859     -0.117  38.211898    13.9761   -0.09844     -0.116    31.5695    23.5424 -9.990e-29
 242.677865     -0.095  38.210995    13.9713   -0.09841     -0.094    31.5726    23.5458 -9.990e-29
 242.677870     -0.071  38.202636    13.9578   -0.09836     -0.070    31.5760    23.5511 -9.990e-29
 242.677876     -0.056  38.195333    13.9464   -0.09837     -0.056    31.5786    23.5555 -9.990e-29
 242.677882     -0.050  38.193399    13.9486   -0.09837     -0.050    31.5750    23.5523 -9.990e-29
 242.677888     -0.040  38.195964    13.9611   -0.09843     -0.040    31.5671    23.5436 -9.990e-29
 242.677894     -0.015  38.202546    13.9727   -0.09841     -0.015    31.5636    23.5386 -9.990e-29
 242.677899      0.016  38.210733    13.9765   -0.09834      0.016    31.5680    23.5412 -9.990e-29
 242.677905      0.039  38.212404    13.9708   -0.09835      0.039    31.5742    23.5471 -9.990e-29
 242.677911      0.047  38.205889    13.9622   -0.09836      0.047    31.5753    23.5497 -9.990e-29
 242.677917      0.049  38.203285    13.9623   -0.09841      0.049    31.5728    23.5478 -9.990e-29
 242.677922      0.057  38.211241    13.9699   -0.09844      0.057    31.5739    23.5471 -9.990e-29
 242.677928      0.073  38.223565    13.9746   -0.09836      0.072    31.5814    23.5519 -9.990e-29
 242.677934      0.089  38.226991    13.9711   -0.09833      0.088    31.5874    23.5572 -9.990e-29
 242.677940      0.101  38.219388    13.9641   -0.09834      0.100    31.5861    23.5577 -9.990e-29
 242.677946      0.110  38.215326    13.9642   -0.09836      0.109    31.5823    23.5547 -9.990e-29
 242.677951      0.121  38.221196    13.9718   -0.09839      0.120    31.5815    23.5525 -9.990e-29
 242.677957      0.139  38.232511    13.9773   -0.09836      0.138    31.5873    23.5559 -9.990e-29
 242.677963      0.161  38.238585    13.9742   -0.09834      0.160    31.5955    23.5628 -9.990e-29
 242.677969      0.180  38.232966    13.9640   15.13050      0.178    31.5987    23.5674 -9.990e-29
 242.677975      0.188  38.226139    13.9585   24.69226      0.186    31.5969    23.5671 -9.990e-29
 242.677980      0.191  38.228099    13.9646   26.00094      0.189    31.5937    23.5634 -9.990e-29
 242.677986      0.205  38.240361    13.9738   22.74888      0.203    31.5974    23.5644 -9.990e-29
 242.677992      0.236  38.256308    13.9779   14.66318      0.234    31.6087    23.5723 -9.990e-29
 242.677998      0.272  38.261897    13.9760   11.82869      0.270    31.6154    23.5778 -9.990e-29
 242.678003      0.300  38.256197    13.9725   11.83247      0.297    31.6130    23.5767 -9.990e-29
 242.678009      0.312  38.251829    13.9737   11.81100      0.309    31.6080    23.5726 -9.990e-29
 242.678015      0.317  38.254212    13.9789   11.80628      0.314    31.6059    23.5700 -9.990e-29
 242.678021      0.329  38.262626    13.9843   11.79337      0.326    31.6092    23.5714 -9.990e-29
 242.678027      0.352  38.276539    13.9886   11.78386      0.349    31.6185    23.5777 -9.990e-29
 242.678032      0.385  38.290978    13.9909   11.77075      0.382    31.6298    23.5860 -9.990e-29
 242.678038      0.416  38.299422    13.9910   11.76195      0.413    31.6375    23.5919 -9.990e-29
 242.678044      0.434  38.301940    13.9896   11.74897      0.430    31.6410    23.5948 -9.990e-29
 242.678050      0.440  38.301916    13.9882   11.73873      0.436    31.6421    23.5960 -9.990e-29
 242.678056      0.444  38.301031    13.9876   11.73112      0.440    31.6418    23.5959 -9.990e-29
 242.678061      0.450  38.300378    13.9870   10.99888      0.446    31.6417    23.5959 -9.990e-29
 242.678067      0.459  38.299675    13.9859    7.73410      0.455    31.6419    23.5963 -9.990e-29
 242.678073      0.470  38.298572    13.9849    5.65801      0.466    31.6417    23.5964 -9.990e-29
 242.678079      0.485  38.297872    13.9852    4.85108      0.481    31.6408    23.5956 -9.990e-29
 242.678084      0.504  38.297230    13.9864    5.28960      0.500    31.6392    23.5941 -9.990e-29
 242.678090      0.530  38.296939    13.9864    6.62324      0.526    31.6390    23.5939 -9.990e-29
 242.678096      0.558  38.297763    13.9854    7.15376      0.553    31.6405    23.5953 -9.990e-29
 242.678102      0.583  38.298585    13.9846    7.38086      0.578    31.6419    23.5966 -9.990e-29
 242.678108      0.601  38.298846    13.9837    7.51433      0.596    31.6429    23.5975 -9.990e-29
 242.678113      0.615  38.298361    13.9826    7.60372      0.610    31.6434    23.5981 -9.990e-29
 242.678119      0.624  38.297073    13.9816    7.64331      0.619    31.6430    23.5980 -9.990e-29
 242.678125      0.629  38.296099    13.9810    7.66039      0.624    31.6426    23.5978 -9.990e-29
 242.678131      0.631  38.295851    13.9802    7.64655      0.626    31.6430    23.5983 -9.990e-29
 242.678137      0.634  38.295465    13.9781    7.63577      0.629    31.6444    23.5998 -9.990e-29
 242.678142      0.647  38.294455    13.9742    7.66292      0.642    31.6467    23.6024 -9.990e-29
 242.678148      0.670  38.292064    13.9681    7.68408      0.664    31.6495    23.6058 -9.990e-29
 242.678154      0.697  38.286815    13.9614    7.67950      0.691    31.6502    23.6077 -9.990e-29
 242.678160      0.721  38.280150    13.9574    7.64546      0.715    31.6473    23.6063 -9.990e-29
 242.678166      0.734  38.273865    13.9575    7.61908      0.728    31.6414    23.6017 -9.990e-29
 242.678171      0.738  38.265774    13.9590    7.61769      0.732    31.6328    23.5947 -9.990e-29
 242.678177      0.746  38.260261    13.9570    7.63152      0.740    31.6293    23.5925 -9.990e-29
 242.678183      0.765  38.263466    13.9525    7.65041      0.759    31.6360    23.5985 -9.990e-29
 242.678189      0.791  38.269038    13.9496    7.64684      0.784    31.6435    23.6049 -9.990e-29
 242.678194      0.810  38.271533    13.9491    7.64244      0.803    31.6462    23.6071 -9.990e-29
 242.678200      0.821  38.272619    13.9504    7.62319      0.814    31.6461    23.6068 -9.990e-29
 242.678206      0.827  38.273773    13.9524    7.62959      0.820    31.6455    23.6059 -9.990e-29
 242.678212      0.838  38.275441    13.9529    7.63860      0.831    31.6466    23.6067 -9.990e-29
 242.678218      0.860  38.275951    13.9524    7.65961      0.853    31.6475    23.6075 -9.990e-29
 242.678223      0.888  38.275451    13.9550    7.65370      0.881    31.6449    23.6049 -9.990e-29
 242.678229      0.916  38.277788    13.9620    7.64443      0.908    31.6413    23.6007 -9.990e-29
 242.678235      0.943  38.283303    13.9691    7.64416      0.935    31.6405    23.5987 -9.990e-29
 242.678241      0.969  38.288158    13.9732    7.63826      0.961    31.6416    23.5987 -9.990e-29
 242.678247      0.996  38.291007    13.9756    7.63872      0.988    31.6422    23.5987 -9.990e-29
 242.678252      1.025  38.292873    13.9776    7.62326      1.016    31.6423    23.5983 -9.990e-29
 242.678258      1.056  38.293464    13.9789    7.60695      1.047    31.6417    23.5976 -9.990e-29
 242.678264      1.075  38.293023    13.9792    7.60839      1.066    31.6411    23.5970 -9.990e-29
 242.678270      1.078  38.293221    13.9792    7.62840      1.069    31.6413    23.5972 -9.990e-29
 242.678275      1.071  38.294338    13.9791    7.64107      1.062    31.6424    23.5981 -9.990e-29
 242.678281      1.063  38.295075    13.9794    7.63243      1.054    31.6428    23.5983 -9.990e-29
 242.678287      1.050  38.295302    13.9807    7.62145      1.041    31.6420    23.5974 -9.990e-29
 242.678293      1.031  38.295892    13.9822    7.60812      1.022    31.6413    23.5966 -9.990e-29
 242.678299      1.016  38.296522    13.9830    7.62306      1.008    31.6412    23.5964 -9.990e-29
 242.678304      1.018  38.296921    13.9836    7.63169      1.010    31.6411    23.5961 -9.990e-29
 242.678310      1.038  38.297631    13.9839    7.62565      1.029    31.6415    23.5964 -9.990e-29
 242.678316      1.063  38.298490    13.9839    7.60743      1.054    31.6422    23.5970 -9.990e-29
 242.678322      1.082  38.298969    13.9839    7.60469      1.073    31.6427    23.5973 -9.990e-29
 242.678328      1.097  38.299155    13.9843    7.62515      1.088    31.6425    23.5971 -9.990e-29
 242.678333      1.117  38.299304    13.9849    7.62811      1.108    31.6422    23.5967 -9.990e-29
 242.678339      1.143  38.299626    13.9855    7.61062      1.133    31.6419    23.5964 -9.990e-29
 242.678345      1.168  38.300001    13.9860    7.59729      1.158    31.6419    23.5963 -9.990e-29
 242.678351      1.191  38.300377    13.9860    7.60118      1.181    31.6422    23.5965 -9.990e-29
 242.678356      1.215  38.300703    13.9850    7.60639      1.205    31.6433    23.5976 -9.990e-29
 242.678362      1.248  38.300303    13.9834    7.61094      1.238    31.6443    23.5986 -9.990e-29
 242.678368      1.283  38.299213    13.9825    7.60736      1.272    31.6440    23.5986 -9.990e-29
 242.678374      1.309  38.298233    13.9831    7.59952      1.298    31.6426    23.5974 -9.990e-29
 242.678380      1.324  38.298310    13.9847    7.60902      1.313    31.6413    23.5961 -9.990e-29
 242.678385      1.333  38.299556    13.9856    7.59944      1.322    31.6417    23.5962 -9.990e-29
 242.678391      1.340  38.300277    13.9844    7.57810      1.329    31.6434    23.5978 -9.990e-29
 242.678397      1.347  38.299202    13.9809    7.54716      1.336    31.6453    23.5999 -9.990e-29
 242.678403      1.357  38.296592    13.9747    7.53433      1.346    31.6480    23.6033 -9.990e-29
 242.678409      1.377  38.292901    13.9656    7.55367      1.366    31.6520    23.6083 -9.990e-29
 242.678414      1.402  38.288268    13.9565    7.55119      1.390    31.6553    23.6126 -9.990e-29
 242.678420      1.426  38.282692    13.9530    7.54582      1.414    31.6530    23.6116 -9.990e-29
 242.678426      1.441  38.278842    13.9574    7.54729      1.429    31.6458    23.6052 -9.990e-29
 242.678432      1.445  38.281127    13.9651    7.54639      1.433    31.6416    23.6003 -9.990e-29
 242.678438      1.447  38.286992    13.9696    7.54759      1.435    31.6433    23.6007 -9.990e-29
 242.678443      1.458  38.289687    13.9694    7.54482      1.446    31.6459    23.6028 -9.990e-29
 242.678449      1.481  38.288331    13.9670    7.53867      1.469    31.6466    23.6038 -9.990e-29
 242.678455      1.507  38.286177    13.9654    7.55260      1.494    31.6460    23.6036 -9.990e-29
