data/oxygen options/ONMS/Olympic_Coast_National_Marine_Sanctuary_Hypoxia_Survey_CTD_Data_2004_2015/raw_data/2005/CTD_CA80_083005faed.cnv
* Sea-Bird SBE19 Data File:
* FileName = C:\hypoxia CTD data\CA80_083005.hex
* Software Version 1.1.5
* Temperature SN = 2997
* Conductivity SN = 2997
* System UpLoad Time = Aug 30 2005 17:29:06
** Cape Alava 80m  083005
* SEACAT PROFILER V3.1c SN 2997   08/30/05  17:27:18.914
# nquan = 9                                 
# nvalues = 741                         
# units = specified
# name 0 = timeJ: Julian Days
# name 1 = prSM: Pressure, Strain Gauge [db]
# name 2 = c0mS/cm: Conductivity [mS/cm]
# name 3 = t090C: Temperature [ITS-90, deg C]
# name 4 = oxML/L: Oxygen, Beckman/YSI [ml/l]
# name 5 = depSM: Depth [salt water, m], lat = 47.5
# name 6 = sal00: Salinity, Practical [PSU]
# name 7 = sigma-é00: Density [sigma-theta, kg/m^3]
# name 8 = flag: flag
# span 0 = 242.677535, 242.681817       
# span 1 =     -2.923,     80.989       
# span 2 =   1.799498,  38.301940       
# span 3 =     7.5729,    13.9910       
# span 4 =   -0.09866,   26.00094       
# span 5 =     -2.899,     80.297       
# span 6 =     1.2632,    33.5934       
# span 7 =     0.3196,    26.2321       
# span 8 = 0.0000e+00, 0.0000e+00       
# interval = seconds: 0.5
# start_time = Aug 30 2005 16:15:39 [Instrument's time stamp, header]
# bad_flag = -9.990e-29
*END*
[from data line 641]
 242.681244     38.742  34.832231     8.5279    3.33912     38.415    33.0027    25.6276 0.0000e+00
 242.681250     38.219  34.862674     8.5727    3.36992     37.897    32.9930    25.6133 0.0000e+00
 242.681256     37.705  34.884636     8.5973    3.39799     37.387    32.9934    25.6098 0.0000e+00
 242.681262     37.188  34.895481     8.6202    3.42422     36.874    32.9836    25.5987 0.0000e+00
 242.681267     36.652  34.908017     8.6667    3.45434     36.343    32.9537    25.5681 0.0000e+00
 242.681273     36.089  34.938981     8.7361    3.49392     35.785    32.9218    25.5325 0.0000e+00
 242.681279     35.501  34.983714     8.7977    3.52030     35.202    32.9116    25.5150 0.0000e+00
 242.681285     34.895  35.019490     8.8333    3.55366     34.601    32.9162    25.5131 0.0000e+00
 242.681291     34.278  35.038552     8.8491    3.58127     33.989    32.9217    25.5150 0.0000e+00
 242.681296     33.662  35.046731     8.8575    3.60189     33.378    32.9227    25.5145 0.0000e+00
 242.681302     33.055  35.048235     8.8776    3.63593     32.776    32.9059    25.4982 0.0000e+00
 242.681308     32.457  35.053501     8.9230    3.67004     32.184    32.8696    25.4627 0.0000e+00
 242.681314     31.868  35.070691     8.9777    3.69811     31.600    32.8372    25.4288 0.0000e+00
 242.681319     31.294  35.090239     9.0125    3.70691     31.030    32.8256    25.4144 0.0000e+00
 242.681325     30.736  35.100123     9.0240    3.70475     30.477    32.8255    25.4125 0.0000e+00
 242.681331     30.189  35.101785     9.0284    3.69846     29.935    32.8235    25.4101 0.0000e+00
 242.681337     29.644  35.101391     9.0364    3.70290     29.394    32.8159    25.4030 0.0000e+00
 242.681343     29.097  35.102362     9.0473    3.72426     28.852    32.8071    25.3944 0.0000e+00
 242.681348     28.545  35.104331     9.0578    3.75781     28.305    32.7997    25.3870 0.0000e+00
 242.681354     27.989  35.105462     9.0684    3.78644     27.754    32.7914    25.3788 0.0000e+00
 242.681360     27.431  35.105608     9.0825    3.80233     27.200    32.7788    25.3667 0.0000e+00
 242.681366     26.875  35.104987     9.1076    3.82028     26.649    32.7553    25.3444 0.0000e+00
 242.681372     26.320  35.106718     9.1614    3.84992     26.099    32.7079    25.2988 0.0000e+00
 242.681377     25.763  35.118178     9.2504    3.89568     25.546    32.6385    25.2305 0.0000e+00
 242.681383     25.200  35.139536     9.3456    3.94229     24.988    32.5739    25.1649 0.0000e+00
 242.681389     24.629  35.162864     9.4141    3.99815     24.422    32.5358    25.1242 0.0000e+00
 242.681395     24.056  35.181747     9.4569    4.03851     23.854    32.5166    25.1023 0.0000e+00
 242.681400     23.484  35.196176     9.5001    4.08821     23.287    32.4925    25.0765 0.0000e+00
 242.681406     22.909  35.214773     9.5698    4.13701     22.717    32.4487    25.0311 0.0000e+00
 242.681412     22.327  35.250589     9.6618    4.15934     22.139    32.4025    24.9801 0.0000e+00
 242.681418     21.733  35.300951     9.7420    4.17368     21.550    32.3819    24.9510 0.0000e+00
 242.681424     21.141  35.342792     9.7919    4.18791     20.963    32.3799    24.9412 0.0000e+00
 242.681429     20.569  35.366352     9.8176    4.20926     20.396    32.3810    24.9379 0.0000e+00
 242.681435     20.023  35.378976     9.8306    4.22840     19.855    32.3824    24.9368 0.0000e+00
 242.681441     19.494  35.387436     9.8404    4.25839     19.330    32.3824    24.9353 0.0000e+00
 242.681447     18.971  35.394629     9.8560    4.28725     18.812    32.3759    24.9276 0.0000e+00
 242.681453     18.440  35.402882     9.8942    4.30109     18.285    32.3503    24.9013 0.0000e+00
 242.681458     17.886  35.424342     9.9618    4.29212     17.736    32.3117    24.8601 0.0000e+00
 242.681464     17.302  35.465779    10.0398    4.29461     17.157    32.2842    24.8257 0.0000e+00
 242.681470     16.700  35.512397    10.1043    4.33832     16.560    32.2740    24.8070 0.0000e+00
 242.681476     16.095  35.546786    10.1523    4.50668     15.960    32.2662    24.7929 0.0000e+00
 242.681481     15.506  35.570549    10.1982    4.73261     15.376    32.2495    24.7723 0.0000e+00
 242.681487     14.937  35.599708    10.2566    4.95580     14.812    32.2272    24.7451 0.0000e+00
 242.681493     14.382  35.640094    10.3393    5.20359     14.261    32.1947    24.7058 0.0000e+00
 242.681499     13.831  35.691205    10.4793    5.42593     13.715    32.1223    24.6257 0.0000e+00
 242.681505     13.275  35.773008    10.7594    5.61878     13.164    31.9582    24.4498 0.0000e+00
 242.681510     12.705  35.957042    11.1825    5.76115     12.599    31.7727    24.2317 0.0000e+00
 242.681516     12.122  36.266708    11.5797    5.81502     12.020    31.7342    24.1308 0.0000e+00
 242.681522     11.545  36.563839    11.8141    5.82600     11.448    31.8220    24.1564 0.0000e+00
 242.681528     10.988  36.726098    11.9137    5.83707     10.896    31.8939    24.1939 0.0000e+00
 242.681534     10.455  36.787151    11.9595    5.85384     10.367    31.9138    24.2009 0.0000e+00
 242.681539      9.940  36.816684    11.9885    5.89436      9.857    31.9177    24.1985 0.0000e+00
 242.681545      9.434  36.832795    12.0226    5.97120      9.355    31.9042    24.1818 0.0000e+00
 242.681551      8.925  36.853065    12.0850    6.10729      8.850    31.8706    24.1441 0.0000e+00
 242.681557      8.416  36.901743    12.1796    6.29847      8.346    31.8370    24.1004 0.0000e+00
 242.681563      7.915  36.973110    12.2947    6.53924      7.849    31.8077    24.0562 0.0000e+00
 242.681568      7.434  37.052454    12.4258    6.79480      7.372    31.7726    24.0042 0.0000e+00
 242.681574      6.986  37.147479    12.5751    7.07020      6.928    31.7372    23.9484 0.0000e+00
 242.681580      6.571  37.269418    12.7272    7.34455      6.516    31.7249    23.9098 0.0000e+00
 242.681586      6.176  37.395291    12.8998    7.57444      6.124    31.6991    23.8566 0.0000e+00
 242.681591      5.794  37.525313    13.1415    7.75417      5.746    31.6196    23.7480 0.0000e+00
 242.681597      5.425  37.692700    13.4156    7.84784      5.380    31.5487    23.6392 0.0000e+00
 242.681603      5.067  37.871689    13.6114    7.86119      5.025    31.5534    23.6038 0.0000e+00
 242.681609      4.718  37.984710    13.6976    7.80045      4.679    31.5871    23.6125 0.0000e+00
 242.681615      4.383  38.025516    13.7521    7.67983      4.346    31.5801    23.5961 0.0000e+00
 242.681620      4.062  38.067642    13.8235    7.47851      4.028    31.5604    23.5664 0.0000e+00
 242.681626      3.750  38.130829    13.8838    7.26872      3.719    31.5692    23.5610 0.0000e+00
 242.681632      3.450  38.179336    13.9102    7.05099      3.421    31.5923    23.5735 0.0000e+00
 242.681638      3.171  38.197682    13.9174    6.82563      3.145    31.6034    23.5806 0.0000e+00
 242.681644      2.924  38.199708    13.9233    6.76876      2.900    31.6005    23.5771 0.0000e+00
 242.681649      2.707  38.201041    13.9227    6.53656      2.684    31.6023    23.5786 0.0000e+00
 242.681655      2.526  38.190021    13.9008    7.40806      2.505    31.6102    23.5892 0.0000e+00
 242.681661      2.376  38.158148    13.8562    6.97502      2.356    31.6176    23.6040 -9.990e-29
 242.681667      2.253  38.121273    13.8025    7.59579      2.234    31.6278    23.6228 -9.990e-29
 242.681672      2.152  38.087453    13.7532    7.41420      2.134    31.6373    23.6400 -9.990e-29
 242.681678      2.069  38.044137    13.7074    7.51710      2.052    31.6351    23.6475 -9.990e-29
 242.681684      2.001  37.968351    13.6546    7.65161      1.984    31.6085    23.6376 -9.990e-29
 242.681690      1.948  37.826359    13.5931    7.56933      1.932    31.5277    23.5875 -9.990e-29
 242.681696      1.908  37.514659    13.5337    7.57467      1.892    31.2874    23.4137 -9.990e-29
 242.681701      1.877  36.682155    13.4830    7.51597      1.861    30.5570    22.8595 -9.990e-29
 242.681707      1.854  34.263718    13.4390    7.59493      1.839    28.3624    21.1737 -9.990e-29
 242.681713      1.842  27.085247    13.4039    7.59774      1.827    21.9018    16.1998 -9.990e-29
 242.681719      1.843  16.448368    13.3816    7.65187      1.828    12.7089     9.1307 -9.990e-29
 242.681725      1.855   9.401859    13.3681    7.66235      1.840     6.9437     4.6972 -9.990e-29
 242.681730      1.868   6.764986    13.3582    7.60527      1.852     4.8776     3.1068 -9.990e-29
 242.681736      1.876   5.370491    13.3500    7.48314      1.860     3.8114     2.2855 -9.990e-29
 242.681742      1.878   4.381441    13.3430    7.43392      1.862     3.0684     1.7129 -9.990e-29
 242.681748      1.880   3.586980    13.3383    7.46390      1.864     2.4808     1.2594 -9.990e-29
 242.681753      1.876   3.090859    13.3354    7.41894      1.860     2.1187     0.9797 -9.990e-29
 242.681759      1.868   3.043629    13.3337    7.48779      1.852     2.0845     0.9535 -9.990e-29
 242.681765      1.858   3.371735    13.3328 -9.990e-29      1.842     2.3235     1.1385 -9.990e-29
 242.681771      1.846   3.641736    13.3324 -9.990e-29      1.831     2.5215     1.2916 -9.990e-29
 242.681777      1.836   3.531519    13.3319 -9.990e-29      1.821     2.4406     1.2292 -9.990e-29
 242.681782      1.830   3.176923    13.3310 -9.990e-29      1.815     2.1815     1.0289 -9.990e-29
 242.681788      1.825   2.793965    13.3292 -9.990e-29      1.810     1.9042     0.8146 -9.990e-29
 242.681794      1.816   2.477918    13.3265 -9.990e-29      1.801     1.6773     0.6394 -9.990e-29
 242.681800      1.806   2.242142    13.3232 -9.990e-29      1.791     1.5095     0.5098 -9.990e-29
 242.681806      1.800   2.048171    13.3199 -9.990e-29      1.785     1.3722     0.4039 -9.990e-29
 242.681811      1.796   1.893254    13.3184 -9.990e-29      1.781     1.2632     0.3196 -9.990e-29
 242.681817      1.795   1.799498 -9.990e-29 -9.990e-29      1.780 -9.990e-29 -9.990e-29 -9.990e-29
