data/oxygen options/ONMS/Olympic_Coast_National_Marine_Sanctuary_Hypoxia_Survey_CTD_Data_2004_2015/raw_data/2005/CTD_CA100_070705faed.cnv
* Sea-Bird SBE19 Data File:
* FileName = C:\Hypoxia Data\CA100_070705.hex
* Software Version 1.1.6
* Temperature SN = 2997
* Conductivity SN = 2997
* System UpLoad Time = Jul 07 2005 13:53:36
* SEACAT PROFILER V3.1c SN 2997   07/07/05  13:52:47.369
* strain gauge pressure sensor: S/N = 184829,  range = 3000 psia,  tc = 40
# nquan = 9                                 
# nvalues = 828                         
# units = specified
# name 0 = timeJ: Julian Days
# name 1 = prSM: Pressure, Strain Gauge [db]
# name 2 = c0mS/cm: Conductivity [mS/cm]
# name 3 = t090C: Temperature [ITS-90, deg C]
# name 4 = oxML/L: Oxygen, Beckman/YSI [ml/l]
# name 5 = depSM: Depth [salt water, m], lat = 47.5
# name 6 = sal00: Salinity, Practical [PSU]
# name 7 = sigma-é00: Density [sigma-theta, kg/m^3]
# name 8 = flag: flag
# span 0 = 188.530289, 188.535075       
# span 1 =     -1.422,     99.924       
# span 2 =   0.536983,  38.225402       
# span 3 =     7.3177,    16.0616       
# span 4 =   -0.09891,   20.35922       
# span 5 =     -1.410,     99.066       
# span 6 =     0.3172,    33.8932       
# span 7 =    -0.8179,    26.5031       
# span 8 = 0.0000e+00, 0.0000e+00       
# interval = seconds: 0.5
# start_time = Jul 07 2005 12:43:37 [Instrument's time stamp, header]
# bad_flag = -9.990e-29
*END*
[from data line 161]
 188.531221      2.155  37.732478    13.7524    8.51017      2.137    31.3100    23.3874 -9.990e-29
 188.531227      2.178  37.729557    13.7474    8.49894      2.160    31.3114    23.3895 -9.990e-29
 188.531233      2.197  37.724176    13.7441    8.49436      2.179    31.3091    23.3884 -9.990e-29
 188.531238      2.211  37.720947    13.7445    8.50377      2.193    31.3058    23.3858 -9.990e-29
 188.531244      2.219  37.721745    13.7462    8.50488      2.200    31.3052    23.3849 -9.990e-29
 188.531250      2.223  37.723720    13.7463    8.52177      2.204    31.3069    23.3863 -9.990e-29
 188.531256      2.222  37.723349    13.7469    8.52817      2.203    31.3061    23.3855 -9.990e-29
 188.531262      2.216  37.722393    13.7515    8.50613      2.197    31.3014    23.3810 -9.990e-29
 188.531267      2.210  37.725761    13.7584    8.49574      2.192    31.2989    23.3777 -9.990e-29
 188.531273      2.211  37.732347    13.7628    8.51129      2.193    31.3014    23.3787 -9.990e-29
 188.531279      2.219  37.736926    13.7645    8.52741      2.200    31.3042    23.3805 -9.990e-29
 188.531285      2.227  37.738890    13.7660    8.54141      2.208    31.3048    23.3807 -9.990e-29
 188.531291      2.231  37.740868    13.7676    8.54972      2.212    31.3053    23.3808 -9.990e-29
 188.531296      2.231  37.743268    13.7694    8.55523      2.212    31.3061    23.3810 -9.990e-29
 188.531302      2.227  37.745375    13.7712    8.54412      2.208    31.3066    23.3810 -9.990e-29
 188.531308      2.223  37.746087    13.7734    8.52467      2.204    31.3054    23.3797 -9.990e-29
 188.531314      2.228  37.746366    13.7779    8.51547      2.209    31.3020    23.3761 -9.990e-29
 188.531319      2.241  37.749962    13.7831    8.52069      2.222    31.3011    23.3744 -9.990e-29
 188.531325      2.255  37.754954    13.7839    8.53905      2.236    31.3050    23.3772 -9.990e-29
 188.531331      2.266  37.755671    13.7775    8.55327      2.247    31.3109    23.3831 -9.990e-29
 188.531337      2.276  37.750279    13.7695    8.54864      2.257    31.3124    23.3859 -9.990e-29
 188.531343      2.280  37.743381    13.7688    8.54464      2.261    31.3067    23.3815 -9.990e-29
 188.531348      2.279  37.743174    13.7741    8.54538      2.260    31.3021    23.3770 -9.990e-29
 188.531354      2.281  37.748831    13.7773    8.54985      2.262    31.3047    23.3784 -9.990e-29
 188.531360      2.287  37.751647    13.7739    8.56406      2.268    31.3101    23.3832 -9.990e-29
 188.531366      2.292  37.747539    13.7662    8.56331      2.273    31.3126    23.3867 -9.990e-29
 188.531372      2.298  37.739455    13.7604    8.55466      2.279    31.3099    23.3857 -9.990e-29
 188.531377      2.303  37.733451    13.7591    8.55795      2.284    31.3054    23.3825 -9.990e-29
 188.531383      2.310  37.732188    13.7589    8.58103      2.291    31.3044    23.3818 -9.990e-29
 188.531389      2.317  37.732310    13.7576    8.57885      2.298    31.3056    23.3830 -9.990e-29
 188.531395      2.325  37.731189    13.7565    8.56047      2.306    31.3054    23.3831 -9.990e-29
 188.531400      2.336  37.730148    13.7570    8.54465      2.316    31.3040    23.3819 -9.990e-29
 188.531406      2.345  37.730615    13.7575    8.55458      2.325    31.3041    23.3818 -9.990e-29
 188.531412      2.349  37.731543    13.7563    8.58160      2.329    31.3059    23.3835 -9.990e-29
 188.531418      2.352  37.730816    13.7538    8.58648      2.332    31.3073    23.3850 -9.990e-29
 188.531424      2.358  37.728600    13.7522    8.56847      2.338    31.3065    23.3848 -9.990e-29
 188.531429      2.365  37.727562    13.7534    8.56649      2.345    31.3046    23.3831 -9.990e-29
 188.531435      2.367  37.729693    13.7556    8.59016      2.347    31.3048    23.3827 -9.990e-29
 188.531441      2.370  37.732241    13.7549    8.60655      2.350    31.3077    23.3851 -9.990e-29
 188.531447      2.373  37.730764    13.7512    8.61500      2.353    31.3093    23.3872 -9.990e-29
 188.531453      2.377  37.726109    13.7487    8.59608      2.357    31.3071    23.3859 -9.990e-29
 188.531458      2.387  37.723298    13.7496    8.59382      2.367    31.3037    23.3832 -9.990e-29
 188.531464      2.394  37.724766    13.7516    8.59740      2.374    31.3035    23.3826 -9.990e-29
 188.531470      2.394  37.727433    13.7517    8.59164      2.374    31.3058    23.3844 -9.990e-29
 188.531476      2.396  37.727579    13.7505    8.58607      2.376    31.3070    23.3855 -9.990e-29
 188.531481      2.401  37.725971    13.7498    8.58696      2.381    31.3060    23.3849 -9.990e-29
 188.531487      2.404  37.724965    13.7500    8.58273      2.384    31.3050    23.3840 -9.990e-29
 188.531493      2.410  37.724913    13.7502    8.58504      2.390    31.3047    23.3838 -9.990e-29
 188.531499      2.423  37.725199    13.7498    8.60079      2.403    31.3053    23.3843 -9.990e-29
 188.531505      2.440  37.724534    13.7494    8.59803      2.420    31.3050    23.3842 -9.990e-29
 188.531510      2.454  37.723726    13.7511    8.59360      2.434    31.3029    23.3822 -9.990e-29
 188.531516      2.460  37.725634    13.7548    8.57712      2.439    31.3016    23.3805 -9.990e-29
 188.531522      2.465  37.729450    13.7577    8.57082      2.444    31.3028    23.3808 -9.990e-29
 188.531528      2.476  37.731863    13.7575    8.59348      2.455    31.3052    23.3827 -9.990e-29
 188.531534      2.494  37.731059    13.7542    8.61007      2.473    31.3071    23.3848 -9.990e-29
 188.531539      2.512  37.727660    13.7507    8.61197      2.491    31.3068    23.3853 -9.990e-29
 188.531545      2.527  37.724438    13.7499    8.60554      2.506    31.3045    23.3837 -9.990e-29
 188.531551      2.539  37.723838    13.7518    8.60204      2.518    31.3024    23.3817 -9.990e-29
 188.531557      2.551  37.725632    13.7543    8.60598      2.530    31.3020    23.3809 -9.990e-29
 188.531563      2.561  37.727736    13.7553    8.62499      2.540    31.3031    23.3815 -9.990e-29
 188.531568      2.572  37.728483    13.7542    8.61785      2.551    31.3047    23.3830 -9.990e-29
 188.531574      2.583  37.727201    13.7521    8.60933      2.561    31.3052    23.3838 -9.990e-29
 188.531580      2.591  37.725559    13.7519    8.62252      2.569    31.3039    23.3828 -9.990e-29
 188.531586      2.592  37.725864    13.7535    8.62198      2.570    31.3029    23.3817 -9.990e-29
 188.531591      2.592  37.727415    13.7553    8.61787      2.570    31.3028    23.3813 -9.990e-29
 188.531597      2.593  37.728928    13.7579    8.59762      2.571    31.3021    23.3802 -9.990e-29
 188.531603      2.596  37.731312    13.7614    8.57973      2.574    31.3014    23.3790 -9.990e-29
 188.531609      2.601  37.734392    13.7636    8.59403      2.579    31.3025    23.3794 -9.990e-29
 188.531615      2.604  37.736121    13.7647    8.61062      2.582    31.3032    23.3797 -9.990e-29
 188.531620      2.601  37.737132    13.7663    8.61663      2.579    31.3028    23.3791 -9.990e-29
 188.531626      2.592  37.738787    13.7694    8.60205      2.570    31.3018    23.3777 -9.990e-29
 188.531632      2.577  37.741624    13.7723    8.59073      2.555    31.3021    23.3773 -9.990e-29
 188.531638      2.558  37.744389    13.7728    8.59488      2.537    31.3042    23.3789 -9.990e-29
 188.531644      2.544  37.744616    13.7715    8.60526      2.523    31.3055    23.3801 -9.990e-29
 188.531649      2.541  37.743181    13.7682    8.61642      2.520    31.3069    23.3818 -9.990e-29
 188.531655      2.549  37.739866    13.7643    8.60935      2.528    31.3070    23.3827 -9.990e-29
 188.531661      2.561  37.735874    13.7616    8.61260      2.540    31.3055    23.3821 -9.990e-29
 188.531667      2.572  37.733742    13.7583    8.61980      2.551    31.3062    23.3833 -9.990e-29
 188.531672      2.585  37.730639    13.7535    8.62628      2.563    31.3073    23.3851 -9.990e-29
 188.531678      2.598  37.725807    13.7499    8.62471      2.576    31.3057    23.3847 -9.990e-29
 188.531684      2.614  37.722908    13.7494    8.61902      2.592    31.3035    23.3830 -9.990e-29
 188.531690      2.630  37.723138    13.7501    8.61913      2.608    31.3031    23.3826 -9.990e-29
 188.531696      2.641  37.725130    13.7501    8.62576      2.619    31.3049    23.3840 -9.990e-29
 188.531701      2.652  37.727067    13.7498    8.63131      2.630    31.3070    23.3856 -9.990e-29
 188.531707      2.665  37.727057    13.7500    8.62546      2.643    31.3068    23.3854 -9.990e-29
 188.531713      2.672  37.725656    13.7513    8.62283      2.650    31.3044    23.3834 -9.990e-29
 188.531719      2.673  37.725491    13.7522    8.62608      2.651    31.3035    23.3825 -9.990e-29
 188.531725      2.677  37.726355    13.7496    8.63602      2.655    31.3065    23.3853 -9.990e-29
 188.531730      2.687  37.723807    13.7435    8.63868      2.665    31.3091    23.3885 -9.990e-29
 188.531736      2.702  37.717263    13.7395    8.64668      2.679    31.3063    23.3872 -9.990e-29
 188.531742      2.708  37.713148    13.7413    8.64592      2.685    31.3010    23.3828 -9.990e-29
 188.531748      2.699  37.714954    13.7476    8.64125      2.676    31.2976    23.3788 -9.990e-29
 188.531753      2.676  37.721174    13.7558    8.63538      2.654    31.2966    23.3764 -9.990e-29
 188.531759      2.652  37.729455    13.7626    8.62506      2.630    31.2987    23.3767 -9.990e-29
 188.531765      2.642  37.735709    13.7652    8.62502      2.620    31.3024    23.3790 -9.990e-29
 188.531771      2.651  37.737072    13.7634    8.64505      2.629    31.3051    23.3814 -9.990e-29
 188.531777      2.665  37.734249    13.7605    8.65172      2.643    31.3049    23.3818 -9.990e-29
 188.531782      2.672  37.730776    13.7603    8.62813      2.650    31.3018    23.3795 -9.990e-29
 188.531788      2.674  37.730442    13.7624    8.62624      2.652    31.2998    23.3775 -9.990e-29
 188.531794      2.674  37.732252    13.7634    8.61738      2.652    31.3006    23.3780 -9.990e-29
 188.531800      2.673  37.733019    13.7612    8.62616      2.651    31.3031    23.3804 -9.990e-29
 188.531806      2.675  37.730974    13.7564    8.63886      2.653    31.3052    23.3829 -9.990e-29
 188.531811      2.680  37.726764    13.7508    8.63639      2.658    31.3059    23.3846 -9.990e-29
 188.531817      2.679  37.722638    13.7470    8.63394      2.657    31.3052    23.3848 -9.990e-29
 188.531823      2.668  37.719831    13.7463    8.63752      2.646    31.3031    23.3834 -9.990e-29
 188.531829      2.652  37.719656    13.7468    8.63981      2.630    31.3026    23.3828 -9.990e-29
 188.531834      2.646  37.720766    13.7453    8.63851      2.624    31.3048    23.3849 -9.990e-29
 188.531840      2.661  37.719045    13.7410    8.64267      2.639    31.3067    23.3872 -9.990e-29
 188.531846      2.692  37.714453    13.7358    8.66070      2.670    31.3067    23.3883 -9.990e-29
 188.531852      2.722  37.709851    13.7318    8.67680      2.699    31.3057    23.3883 -9.990e-29
 188.531858      2.742  37.706398    13.7311    8.67532      2.719    31.3031    23.3864 -9.990e-29
 188.531863      2.751  37.705668    13.7338    8.64973      2.728    31.3002    23.3836 -9.990e-29
 188.531869      2.755  37.708378    13.7377    8.62899      2.732    31.2995    23.3823 -9.990e-29
 188.531875      2.755  37.711982    13.7408    8.62485      2.732    31.3003    23.3823 -9.990e-29
 188.531881      2.754  37.714568    13.7429    8.63109      2.731    31.3010    23.3824 -9.990e-29
 188.531887      2.761  37.716230    13.7438    8.63909      2.738    31.3018    23.3829 -9.990e-29
 188.531892      2.772  37.716951    13.7444    8.63178      2.749    31.3020    23.3829 -9.990e-29
 188.531898      2.771  37.717700    13.7461    8.63023      2.748    31.3013    23.3820 -9.990e-29
 188.531904      2.761  37.719487    13.7477    8.63551      2.738    31.3016    23.3819 -9.990e-29
 188.531910      2.764  37.720777    13.7477    8.63281      2.741    31.3028    23.3829 -9.990e-29
 188.531916      2.781  37.720497    13.7453    8.64380      2.758    31.3045    23.3846 -9.990e-29
 188.531921      2.798  37.718284    13.7408    8.66045      2.775    31.3061    23.3868 -9.990e-29
 188.531927      2.813  37.714563    13.7382    8.67650      2.790    31.3048    23.3863 -9.990e-29
 188.531933      2.823  37.712793    13.7407    8.67448      2.799    31.3011    23.3830 -9.990e-29
 188.531939      2.819  37.715108    13.7469    8.64335      2.795    31.2982    23.3795 -9.990e-29
 188.531944      2.802  37.720678    13.7539    8.62020      2.779    31.2977    23.3776 -9.990e-29
 188.531950      2.783  37.726845    13.7586    8.61529      2.760    31.2995    23.3781 -9.990e-29
 188.531956      2.778  37.729506    13.7597    8.63264      2.755    31.3011    23.3791 -9.990e-29
 188.531962      2.791  37.728854    13.7591    8.66212      2.768    31.3010    23.3791 -9.990e-29
 188.531968      2.809  37.728518    13.7587    8.66656      2.786    31.3010    23.3792 -9.990e-29
 188.531973      2.823  37.729182    13.7582    8.66069      2.799    31.3020    23.3801 -9.990e-29
 188.531979      2.827  37.729496    13.7578    8.65090      2.803    31.3026    23.3807 -9.990e-29
 188.531985      2.827  37.729328    13.7597    8.63995      2.803    31.3009    23.3790 -9.990e-29
 188.531991      2.826  37.731268    13.7647    8.64219      2.802    31.2986    23.3762 -9.990e-29
 188.531997      2.825  37.736229    13.7684    8.65122      2.801    31.3002    23.3766 -9.990e-29
 188.532002      2.824  37.739059    13.7688    8.65896      2.800    31.3025    23.3783 -9.990e-29
 188.532008      2.822  37.738496    13.7688    8.65044      2.798    31.3019    23.3779 -9.990e-29
 188.532014      2.820  37.738845    13.7697    8.63243      2.796    31.3015    23.3774 -9.990e-29
 188.532020      2.817  37.740023    13.7701    8.63211      2.793    31.3023    23.3779 -9.990e-29
 188.532025      2.817  37.739682    13.7696    8.63922      2.793    31.3024    23.3781 -9.990e-29
 188.532031      2.825  37.738501    13.7694    8.64897      2.801    31.3014    23.3774 -9.990e-29
 188.532037      2.837  37.738840    13.7697    8.65946      2.813    31.3015    23.3774 -9.990e-29
 188.532043      2.845  37.740039    13.7700    8.65305      2.821    31.3024    23.3780 -9.990e-29
 188.532049      2.846  37.740340    13.7706    8.63474      2.822    31.3022    23.3777 -9.990e-29
 188.532054      2.848  37.740154    13.7717    8.62598      2.824    31.3011    23.3767 -9.990e-29
 188.532060      2.859  37.740364    13.7732    8.63018      2.835    31.3001    23.3756 -9.990e-29
 188.532066      2.871  37.741262    13.7747    8.64959      2.847    31.2997    23.3750 -9.990e-29
 188.532072      2.878  37.742371    13.7757    8.65248      2.854    31.2999    23.3749 -9.990e-29
 188.532078      2.879  37.743497    13.7768    8.63398      2.855    31.3000    23.3748 -9.990e-29
 188.532083      2.875  37.745029    13.7781    8.62332      2.851    31.3004    23.3748 -9.990e-29
 188.532089      2.869  37.746776    13.7782    8.63137      2.845    31.3019    23.3760 -9.990e-29
 188.532095      2.866  37.747152    13.7760    8.64828      2.842    31.3040    23.3781 -9.990e-29
 188.532101      2.865  37.744987    13.7726    8.64348      2.841    31.3048    23.3794 -9.990e-29
 188.532106      2.867  37.741330    13.7702    8.63945      2.843    31.3034    23.3788 -9.990e-29
 188.532112      2.870  37.738044    13.7703    8.63332      2.846    31.3003    23.3763 -9.990e-29
 188.532118      2.876  37.737485    13.7725    8.63849      2.852    31.2980    23.3741 -9.990e-29
 188.532124      2.885  37.740601    13.7739    8.65114      2.861    31.2997    23.3752 -9.990e-29
 188.532130      2.897  37.742584    13.7731    8.65016      2.873    31.3022    23.3772 -9.990e-29
 188.532135      2.909  37.741039    13.7741    8.63869      2.885    31.2999    23.3753 -9.990e-29
