data/oxygen options/ONMS/Olympic_Coast_National_Marine_Sanctuary_Hypoxia_Survey_CTD_Data_2004_2015/raw_data/2005/CTD_TH40_070705faedb.cnv
* Sea-Bird SBE19 Data File:
* FileName = C:\Hypoxia Data\TH40_070705.hex
* Software Version 1.1.6
* Temperature SN = 2997
* Conductivity SN = 2997
* System UpLoad Time = Jul 07 2005 10:02:41
* SEACAT PROFILER V3.1c SN 2997   07/07/05  10:02:17.844
* strain gauge pressure sensor: S/N = 184829,  range = 3000 psia,  tc = 40
# nquan = 9
# nvalues = 38                          
# units = specified
# name 0 = timeJ: Julian Days
# name 1 = prSM: Pressure, Strain Gauge [db]
# name 2 = c0mS/cm: Conductivity [mS/cm]
# name 3 = t090C: Temperature [ITS-90, deg C]
# name 4 = oxML/L: Oxygen, Beckman/YSI [ml/l]
# name 5 = depSM: Depth [salt water, m], lat = 47.5
# name 6 = sal00: Salinity, Practical [PSU]
# name 7 = sigma-é00: Density [sigma-theta, kg/m^3]
# name 8 = flag: flag
# span 0 = 188.408837, 188.409354       
# span 1 =      3.000,     40.000       
# span 2 =  35.095016,  38.535828       
# span 3 =     8.7784,    14.3240       
# span 4 =    2.12404,   10.84640       
# span 5 =      2.975,     39.662       
# span 6 =    31.5800,    33.0438       
# span 7 =    23.4792,    25.6217       
# span 8 = 0.0000e+00, 0.0000e+00       
# interval = decibars: 1                
# start_time = Jul 07 2005 09:45:37 [Instrument's time stamp, header]
# bad_flag = -9.990e-29
*END*
 188.408837      3.000  38.535828    14.3240   10.84640      2.975    31.5800    23.4792 0.0000e+00
 188.408861      4.000  38.442486    14.0779   10.62535      3.966    31.6961    23.6194 0.0000e+00
 188.408878      5.000  38.361037    13.9651   10.54079      4.958    31.7138    23.6562 0.0000e+00
 188.408892      6.000  38.330829    13.9364   10.53563      5.950    31.7093    23.6585 0.0000e+00
 188.408906      7.000  38.317400    13.9131   10.50129      6.942    31.7157    23.6683 0.0000e+00
 188.408919      8.000  38.293852    13.8815   10.51395      7.933    31.7197    23.6778 0.0000e+00
 188.408931      9.000  38.277565    13.8600   10.51063      8.925    31.7220    23.6840 0.0000e+00
 188.408944     10.000  38.263867    13.8315   10.47024      9.916    31.7326    23.6980 0.0000e+00
 188.408955     11.000  38.232132    13.7784   10.46905     10.908    31.7468    23.7197 0.0000e+00
 188.408967     12.000  38.167898    13.7202   10.44797     11.900    31.7352    23.7225 0.0000e+00
 188.408979     13.000  38.131488    13.6776   10.44582     12.891    31.7364    23.7320 0.0000e+00
 188.408990     14.000  38.104158    13.6031   10.39804     13.883    31.7725    23.7749 0.0000e+00
 188.409002     15.000  38.051199    13.5174   10.30851     14.874    31.7941    23.8089 0.0000e+00
 188.409013     16.000  37.994856    13.4260   10.29558     15.866    31.8175    23.8451 0.0000e+00
 188.409024     17.000  37.942886    13.3521   10.24402     16.857    31.8303    23.8698 0.0000e+00
 188.409036     18.000  37.900434    13.2704   10.14623     17.849    31.8586    23.9078 0.0000e+00
 188.409047     19.000  37.835560    13.1665   10.06393     18.840    31.8845    23.9483 0.0000e+00
 188.409058     20.000  37.761527    13.0534    9.93814     19.832    31.9096    23.9899 0.0000e+00
 188.409070     21.000  37.680899    12.9345    9.77247     20.824    31.9334    24.0316 0.0000e+00
 188.409082     22.000  37.607491    12.8222    9.66565     21.815    31.9585    24.0728 0.0000e+00
 188.409093     23.000  37.534122    12.7232    9.68172     22.806    31.9725    24.1027 0.0000e+00
 188.409106     24.000  37.468232    12.6197    9.71842     23.798    31.9974    24.1419 0.0000e+00
 188.409118     25.000  37.397208    12.5176    9.68734     24.790    32.0162    24.1760 0.0000e+00
 188.409129     26.000  37.322763    12.3499    9.59467     25.781    32.0879    24.2634 0.0000e+00
 188.409142     27.000  37.186510    12.1365    3.39671     26.773    32.1398    24.3438 0.0000e+00
 188.409153     28.000  37.056784    11.9796    2.38810     27.764    32.1495    24.3805 0.0000e+00
 188.409166     29.000  36.963840    11.7999    5.27632     28.756    32.2147    24.4641 0.0000e+00
 188.409179     30.000  36.754060    11.4366    4.86681     29.748    32.3262    24.6168 0.0000e+00
 188.409191     31.000  36.508828    11.0793    4.29135     30.739    32.3983    24.7367 0.0000e+00
 188.409203     32.000  36.284247    10.7595    3.75847     31.731    32.4581    24.8393 0.0000e+00
 188.409216     33.000  36.061809    10.3924    3.18877     32.722    32.5627    24.9839 0.0000e+00
 188.409229     34.000  35.834251    10.0507    2.78179     33.713    32.6401    25.1018 0.0000e+00
 188.409243     35.000  35.616151     9.6858    2.47498     34.705    32.7487    25.2467 0.0000e+00
 188.409256     36.000  35.436982     9.4710    2.33011     35.696    32.7606    25.2909 0.0000e+00
 188.409271     37.000  35.399780     9.4116    2.24821     36.688    32.7762    25.3127 0.0000e+00
 188.409289     38.000  35.378790     9.3622    2.18582     37.679    32.7994    25.3387 0.0000e+00
 188.409309     39.000  35.286651     9.0926    2.12404     38.671    32.9523    25.5010 0.0000e+00
 188.409354     40.000  35.095016     8.7784    2.15093     39.662    33.0438    25.6217 0.0000e+00
