data/oxygen options/ONMS/Olympic_Coast_National_Marine_Sanctuary_Hypoxia_Survey_CTD_Data_2004_2015/raw_data/2005/CTD_TH35_070705faedb.cnv
* Sea-Bird SBE19 Data File:
* FileName = C:\Hypoxia Data\TH35_070705.hex
* Software Version 1.1.6
* Temperature SN = 2997
* Conductivity SN = 2997
* System UpLoad Time = Jul 07 2005 09:56:34
* SEACAT PROFILER V3.1c SN 2997   07/07/05  09:55:42.488
* strain gauge pressure sensor: S/N = 184829,  range = 3000 psia,  tc = 40
# nquan = 9
# nvalues = 28                          
# units = specified
# name 0 = timeJ: Julian Days
# name 1 = prSM: Pressure, Strain Gauge [db]
# name 2 = c0mS/cm: Conductivity [mS/cm]
# name 3 = t090C: Temperature [ITS-90, deg C]
# name 4 = oxML/L: Oxygen, Beckman/YSI [ml/l]
# name 5 = depSM: Depth [salt water, m], lat = 47.5
# name 6 = sal00: Salinity, Practical [PSU]
# name 7 = sigma-é00: Density [sigma-theta, kg/m^3]
# name 8 = flag: flag
# span 0 = 187.035885, 188.399965       
# span 1 =      6.000,     35.000       
# span 2 =  35.168885,  38.269667       
# span 3 =     9.0009,    13.8919       
# span 4 =    7.85408,   11.03151       
# span 5 =      5.950,     34.705       
# span 6 =    31.5661,    32.9164       
# span 7 =    23.6524,    25.4873       
# span 8 = 0.0000e+00, 0.0000e+00       
# interval = decibars: 1                
# start_time = Jul 07 2005 09:30:05 [Instrument's time stamp, header]
# bad_flag = -9.990e-29
*END*
 188.398655      6.000  38.269667    13.8919   11.03151      5.950    31.6896    23.6524 0.0000e+00
 188.398678      7.000  38.237777    13.8402   10.88168      6.941    31.7024    23.6729 0.0000e+00
 188.398694      8.000  38.180133    13.7494   10.91321      7.933    31.7239    23.7078 0.0000e+00
 188.398712      9.000  38.136208    13.6807   10.85495      8.925    31.7398    23.7339 0.0000e+00
 188.398734     10.000  38.113576    13.6124   10.71738      9.916    31.7751    23.7750 0.0000e+00
 188.398759     11.000  38.025630    13.4932   10.79822     10.908    31.7920    23.8120 0.0000e+00
 187.035885     13.000  37.708521    13.3429   10.76380     12.891    31.5661    23.6533 0.0000e+00
 188.399108     14.000  37.964103    13.3946   10.73676     13.883    31.8158    23.8500 0.0000e+00
 188.399124     15.000  37.906985    13.2742   10.72180     14.874    31.8626    23.9101 0.0000e+00
 188.399138     16.000  37.804483    13.1508   10.71715     15.866    31.8696    23.9398 0.0000e+00
 188.399151     17.000  37.750493    13.0933   10.66101     16.857    31.8668    23.9490 0.0000e+00
 188.399165     18.000  37.715242    13.0408   10.55874     17.849    31.8775    23.9675 0.0000e+00
 188.399177     19.000  37.673699    12.9635   10.42109     18.841    31.9031    24.0024 0.0000e+00
 188.399192     20.000  37.617909    12.8681   10.39897     19.832    31.9304    24.0421 0.0000e+00
 188.399208     21.000  37.525000    12.7492   10.57479     20.824    31.9427    24.0746 0.0000e+00
 188.399236     22.000  37.523292    12.8636   10.67333     21.814    31.8439    23.9762 0.0000e+00
 188.399460     23.000  37.255397    12.3211    9.76917     22.807    32.0494    24.2388 0.0000e+00
 188.399500     24.000  36.937832    11.5633    8.99717     23.799    32.3970    24.6489 0.0000e+00
 188.399516     25.000  36.395277    10.9292    8.69563     24.790    32.4210    24.7809 0.0000e+00
 188.399531     26.000  36.288303    10.7884    8.34633     25.782    32.4392    24.8195 0.0000e+00
 188.399545     27.000  36.063812    10.3027    8.00144     26.772    32.6479    25.0654 0.0000e+00
 188.399557     28.000  35.756166     9.9389    7.85408     27.764    32.6645    25.1394 0.0000e+00
 188.399569     29.000  35.630427     9.8192    7.86530     28.756    32.6447    25.1436 0.0000e+00
 188.399583     30.000  35.570622     9.7090    8.01366     29.747    32.6832    25.1918 0.0000e+00
 188.399601     31.000  35.515789     9.6931    8.21278     30.739    32.6412    25.1615 0.0000e+00
 188.028127     33.000  35.303894     9.4152    8.09294     32.722    32.6663    25.2238 0.0000e+00
 188.399931     34.000  35.285626     9.1804    7.92859     33.713    32.8722    25.4245 0.0000e+00
 188.399965     35.000  35.168885     9.0009    7.95071     34.705    32.9164    25.4873 0.0000e+00
