data/oxygen options/ONMS/Olympic_Coast_National_Marine_Sanctuary_Hypoxia_Survey_CTD_Data_2004_2015/raw_data/2005/CTD_TH40_052405faed.cnv
* Sea-Bird SBE19 Data File:
* FileName = C:\Documents and Settings\kirner.PTANGELES\Desktop\hypoxia CTD data\TH50__052405.hex
* Software Version 1.1.5
* Temperature SN = 2997
* Conductivity SN = 2997
* System UpLoad Time = May 24 2005 18:25:23
* SEACAT PROFILER V3.1c SN 2997   05/24/05  18:24:19.351
* strain gauge pressure sensor: S/N = 184829,  range = 3000 psia,  tc = 40
# nquan = 9                                 
# nvalues = 629                         
# units = specified
# name 0 = timeJ: Julian Days
# name 1 = prSM: Pressure, Strain Gauge [db]
# name 2 = c0mS/cm: Conductivity [mS/cm]
# name 3 = t090C: Temperature [ITS-90, deg C]
# name 4 = oxML/L: Oxygen, Beckman/YSI [ml/l]
# name 5 = depSM: Depth [salt water, m], lat = 47.5
# name 6 = sal00: Salinity, Practical [PSU]
# name 7 = sigma-é00: Density [sigma-theta, kg/m^3]
# name 8 = flag: flag
# span 0 = 144.727627, 144.731262       
# span 1 =     -3.071,     42.752       
# span 2 =   0.716735,  36.103698       
# span 3 =     9.5459,    14.2677       
# span 4 =   -0.12313,   26.40805       
# span 5 =     -3.045,     42.391       
# span 6 =     0.4638,    32.5249       
# span 7 =    -0.2321,    25.0936       
# span 8 = 0.0000e+00, 0.0000e+00       
# interval = seconds: 0.5
# start_time = May 24 2005 17:27:47 [Instrument's time stamp, header]
# bad_flag = -9.990e-29
*END*
[from data line 161]
 144.728559      1.374  32.477558    14.2391    6.76100      1.363    26.1804    19.3368 -9.990e-29
 144.728565      1.397  32.480187    14.2442    6.75599      1.385    26.1793    19.3349 -9.990e-29
 144.728571      1.419  32.473417    14.2488    6.74487      1.407    26.1702    19.3270 -9.990e-29
 144.728576      1.433  32.458313    14.2497    6.72087      1.421    26.1561    19.3160 -9.990e-29
 144.728582      1.438  32.433233    14.2480    6.71440      1.426    26.1349    19.3000 -9.990e-29
 144.728588      1.441  32.406770    14.2463    6.72441      1.429    26.1125    19.2831 -9.990e-29
 144.728594      1.440  32.400799    14.2456    6.71710      1.428    26.1076    19.2795 -9.990e-29
 144.728600      1.441  32.409044    14.2455    6.69472      1.429    26.1150    19.2852 -9.990e-29
 144.728605      1.448  32.410562    14.2457    6.66964      1.436    26.1162    19.2861 -9.990e-29
 144.728611      1.460  32.403461    14.2460    6.66561      1.448    26.1097    19.2810 -9.990e-29
 144.728617      1.479  32.404056    14.2467    6.70971      1.467    26.1098    19.2809 -9.990e-29
 144.728623      1.502  32.420989    14.2476    6.70185      1.489    26.1242    19.2919 -9.990e-29
 144.728628      1.522  32.440420    14.2482    6.68180      1.509    26.1411    19.3048 -9.990e-29
 144.728634      1.531  32.449037    14.2485    6.66658      1.518    26.1486    19.3105 -9.990e-29
 144.728640      1.529  32.447689    14.2484    6.66108      1.516    26.1475    19.3096 -9.990e-29
 144.728646      1.531  32.441867    14.2483    6.67139      1.518    26.1424    19.3057 -9.990e-29
 144.728652      1.544  32.438944    14.2481    6.66879      1.531    26.1399    19.3038 -9.990e-29
 144.728657      1.560  32.446796    14.2480    6.66654      1.547    26.1469    19.3093 -9.990e-29
 144.728663      1.563  32.456844    14.2482    6.66149      1.550    26.1558    19.3160 -9.990e-29
 144.728669      1.550  32.459515    14.2482    6.64869      1.537    26.1581    19.3179 -9.990e-29
 144.728675      1.537  32.461737    14.2479    6.63029      1.524    26.1603    19.3196 -9.990e-29
 144.728681      1.540  32.467601    14.2473    6.62050      1.527    26.1660    19.3241 -9.990e-29
 144.728686      1.559  32.473165    14.2458    6.61138      1.546    26.1719    19.3289 -9.990e-29
 144.728692      1.583  32.478009    14.2414    6.64939      1.570    26.1792    19.3354 -9.990e-29
 144.728698      1.599  32.488034    14.2352    6.64967      1.586    26.1923    19.3467 -9.990e-29
 144.728704      1.606  32.500361    14.2337    6.63457      1.593    26.2043    19.3563 -9.990e-29
 144.728709      1.603  32.500612    14.2399    6.61270      1.590    26.2004    19.3520 -9.990e-29
 144.728715      1.595  32.487443    14.2480    6.59099      1.582    26.1831    19.3371 -9.990e-29
 144.728721      1.594  32.474679    14.2532    6.60246      1.581    26.1683    19.3247 -9.990e-29
 144.728727      1.608  32.466605    14.2552    6.61216      1.595    26.1597    19.3177 -9.990e-29
 144.728733      1.629  32.458624    14.2556    6.61088      1.615    26.1523    19.3119 -9.990e-29
 144.728738      1.647  32.450186    14.2554    6.59808      1.633    26.1449    19.3063 -9.990e-29
 144.728744      1.657  32.444614    14.2547    6.57981      1.643    26.1404    19.3030 -9.990e-29
 144.728750      1.666  32.442329    14.2523    6.57773      1.652    26.1400    19.3031 -9.990e-29
 144.728756      1.681  32.443091    14.2455    6.59237      1.667    26.1453    19.3085 -9.990e-29
 144.728762      1.705  32.456327    14.2342    6.59968      1.691    26.1647    19.3257 -9.990e-29
 144.728767      1.726  32.483441    14.2244    6.59571      1.712    26.1955    19.3513 -9.990e-29
 144.728773      1.736  32.506794    14.2223    6.58084      1.722    26.2177    19.3688 -9.990e-29
 144.728779      1.740  32.512141    14.2268    6.56572      1.725    26.2195    19.3693 -9.990e-29
 144.728785      1.747  32.504371    14.2302    6.55771      1.732    26.2102    19.3615 -9.990e-29
 144.728791      1.763  32.501707    14.2303    6.56839      1.748    26.2078    19.3596 -9.990e-29
 144.728796      1.779  32.507889    14.2311    6.57366      1.764    26.2127    19.3632 -9.990e-29
 144.728802      1.783  32.509313    14.2327    6.57269      1.768    26.2129    19.3631 -9.990e-29
 144.728808      1.773  32.505079    14.2326    6.57252      1.758    26.2092    19.3602 -9.990e-29
 144.728814      1.754  32.503554    14.2319    6.56153      1.739    26.2083    19.3597 -9.990e-29
 144.728819      1.744  32.503272    14.2332    6.55552      1.729    26.2072    19.3586 -9.990e-29
 144.728825      1.750  32.498259    14.2370    6.54529      1.735    26.2002    19.3524 -9.990e-29
 144.728831      1.769  32.489121    14.2404    6.54312      1.754    26.1897    19.3437 -9.990e-29
 144.728837      1.793  32.482170    14.2395    6.54407      1.778    26.1841    19.3396 -9.990e-29
 144.728843      1.815  32.483832    14.2335    6.55970      1.800    26.1897    19.3450 -9.990e-29
 144.728848      1.828  32.492966    14.2276    6.56203      1.813    26.2018    19.3555 -9.990e-29
 144.728854      1.828  32.490938    14.2283    6.54444      1.813    26.1995    19.3536 -9.990e-29
 144.728860      1.824  32.443109    14.2346    6.52945      1.809    26.1526    19.3163 -9.990e-29
 144.728866      1.829  32.366398    14.2390    6.51599      1.814    26.0813    19.2605 -9.990e-29
 144.728872      1.843  32.348480    14.2375    6.51989      1.828    26.0663    19.2493 -9.990e-29
 144.728877      1.862  32.405258    14.2315    6.53493      1.846    26.1210    19.2925 -9.990e-29
 144.728883      1.879  32.467874    14.2253    6.54248      1.863    26.1810    19.3399 -9.990e-29
 144.728889      1.883  32.498230    14.2250    6.53692      1.867    26.2082    19.3610 -9.990e-29
 144.728895      1.874  32.488052    14.2307    6.52269      1.858    26.1953    19.3499 -9.990e-29
 144.728900      1.860  32.454594    14.2363    6.51626      1.844    26.1617    19.3229 -9.990e-29
 144.728906      1.851  32.434501    14.2373    6.52164      1.836    26.1431    19.3085 -9.990e-29
 144.728912      1.862  32.440213    14.2338    6.52289      1.846    26.1506    19.3149 -9.990e-29
 144.728918      1.888  32.464782    14.2292    6.52008      1.872    26.1756    19.3350 -9.990e-29
 144.728924      1.914  32.491665    14.2272    6.51258      1.898    26.2009    19.3549 -9.990e-29
 144.728929      1.929  32.504597    14.2286    6.50706      1.913    26.2115    19.3627 -9.990e-29
 144.728935      1.928  32.504013    14.2318    6.50402      1.912    26.2088    19.3601 -9.990e-29
 144.728941      1.922  32.497544    14.2345    6.51297      1.906    26.2012    19.3537 -9.990e-29
 144.728947      1.922  32.492821    14.2354    6.52318      1.906    26.1964    19.3498 -9.990e-29
 144.728953      1.933  32.493639    14.2351    6.51687      1.917    26.1973    19.3506 -9.990e-29
 144.728958      1.950  32.497173    14.2357    6.49936      1.934    26.2000    19.3526 -9.990e-29
 144.728964      1.967  32.497493    14.2395    6.49115      1.951    26.1977    19.3501 -9.990e-29
 144.728970      1.981  32.490548    14.2455    6.46685      1.964    26.1875    19.3410 -9.990e-29
 144.728976      1.991  32.480529    14.2503    6.52113      1.974    26.1753    19.3307 -9.990e-29
 144.728981      2.000  32.473696    14.2521    6.51860      1.983    26.1680    19.3247 -9.990e-29
 144.728987      2.002  32.471591    14.2513    6.49847      1.985    26.1667    19.3238 -9.990e-29
 144.728993      1.995  32.473094    14.2507    6.48846      1.978    26.1684    19.3253 -9.990e-29
 144.728999      1.985  32.473490    14.2515    6.45861      1.968    26.1682    19.3250 -9.990e-29
 144.729005      1.986  32.471631    14.2514    6.47033      1.969    26.1666    19.3238 -9.990e-29
 144.729010      2.002  32.473448    14.2494    6.51073      1.985    26.1696    19.3265 -9.990e-29
 144.729016      2.024  32.479129    14.2466    6.49218      2.007    26.1765    19.3324 -9.990e-29
 144.729022      2.038  32.486727    14.2447    6.47363      2.021    26.1846    19.3389 -9.990e-29
 144.729028      2.036  32.491809    14.2454    6.43646      2.019    26.1887    19.3419 -9.990e-29
 144.729034      2.026  32.488827    14.2469    6.44996      2.009    26.1850    19.3388 -9.990e-29
 144.729039      2.024  32.484455    14.2475    6.48955      2.007    26.1807    19.3354 -9.990e-29
 144.729045      2.036  32.483332    14.2467    6.47941      2.019    26.1802    19.3352 -9.990e-29
 144.729051      2.048  32.482844    14.2455    6.46934      2.031    26.1806    19.3357 -9.990e-29
 144.729057      2.048  32.481597    14.2461    6.45179      2.031    26.1791    19.3344 -9.990e-29
 144.729063      2.041  32.477375    14.2479    6.45422      2.024    26.1741    19.3302 -9.990e-29
 144.729068      2.045  32.472217    14.2490    6.47708      2.028    26.1688    19.3259 -9.990e-29
 144.729074      2.062  32.471019    14.2490    6.47159      2.045    26.1677    19.3251 -9.990e-29
 144.729080      2.081  32.473313    14.2489    6.45842      2.064    26.1698    19.3267 -9.990e-29
 144.729086      2.092  32.476002    14.2497    6.44711      2.075    26.1716    19.3280 -9.990e-29
 144.729091      2.093  32.475951    14.2512    6.45557      2.076    26.1706    19.3269 -9.990e-29
 144.729097      2.095  32.472539    14.2521    6.45793      2.078    26.1669    19.3239 -9.990e-29
 144.729103      2.101  32.467388    14.2513    6.44805      2.083    26.1629    19.3209 -9.990e-29
 144.729109      2.112  32.460922    14.2485    6.44043      2.094    26.1590    19.3185 -9.990e-29
 144.729115      2.129  32.456856    14.2449    6.43422      2.111    26.1578    19.3183 -9.990e-29
 144.729120      2.152  32.462660    14.2426    6.45629      2.134    26.1645    19.3239 -9.990e-29
 144.729126      2.179  32.475433    14.2414    6.46954      2.161    26.1767    19.3335 -9.990e-29
 144.729132      2.203  32.485318    14.2410    6.46042      2.185    26.1858    19.3406 -9.990e-29
 144.729138      2.217  32.489809    14.2425    6.44862      2.198    26.1888    19.3426 -9.990e-29
 144.729144      2.217  32.487617    14.2458    6.44140      2.198    26.1846    19.3387 -9.990e-29
 144.729149      2.213  32.480869    14.2490    6.45332      2.195    26.1764    19.3318 -9.990e-29
 144.729155      2.216  32.475704    14.2514    6.45838      2.197    26.1702    19.3265 -9.990e-29
 144.729161      2.228  32.472530    14.2529    6.45219      2.209    26.1663    19.3233 -9.990e-29
 144.729167      2.239  32.469923    14.2540    6.43821      2.220    26.1633    19.3207 -9.990e-29
 144.729172      2.247  32.467774    14.2551    6.42258      2.228    26.1606    19.3184 -9.990e-29
 144.729178      2.256  32.464347    14.2557    6.42268      2.237    26.1572    19.3157 -9.990e-29
 144.729184      2.271  32.461243    14.2554    6.43068      2.252    26.1546    19.3137 -9.990e-29
 144.729190      2.289  32.463295    14.2544    6.44190      2.270    26.1571    19.3159 -9.990e-29
 144.729196      2.302  32.467644    14.2548    6.43368      2.283    26.1607    19.3185 -9.990e-29
 144.729201      2.303  32.464967    14.2566    6.43046      2.284    26.1571    19.3154 -9.990e-29
 144.729207      2.292  32.455062    14.2580    6.43042      2.273    26.1473    19.3076 -9.990e-29
 144.729213      2.277  32.444902    14.2583    6.42307      2.258    26.1381    19.3005 -9.990e-29
 144.729219      2.269  32.437757    14.2573    6.42395      2.250    26.1324    19.2963 -9.990e-29
 144.729225      2.280  32.436437    14.2537    6.42105      2.261    26.1336    19.2980 -9.990e-29
 144.729230      2.308  32.433585    14.2496    6.45471      2.289    26.1339    19.2989 -9.990e-29
 144.729236      2.337  32.419803    14.2485    6.45066      2.317    26.1223    19.2903 -9.990e-29
 144.729242      2.356  32.403056    14.2492    6.42861      2.336    26.1069    19.2783 -9.990e-29
 144.729248      2.362  32.400241    14.2501    6.41498      2.342    26.1038    19.2757 -9.990e-29
 144.729253      2.355  32.416578    14.2510    6.40593      2.335    26.1177    19.2863 -9.990e-29
 144.729259      2.343  32.435192    14.2511    6.41184      2.323    26.1343    19.2989 -9.990e-29
 144.729265      2.339  32.445610    14.2498    6.43172      2.319    26.1444    19.3070 -9.990e-29
 144.729271      2.338  32.451085    14.2477    6.43559      2.318    26.1507    19.3123 -9.990e-29
 144.729277      2.331  32.452760    14.2456    6.42869      2.312    26.1536    19.3149 -9.990e-29
 144.729282      2.322  32.453995    14.2447    6.40954      2.303    26.1553    19.3164 -9.990e-29
 144.729288      2.319  32.450278    14.2452    6.40638      2.300    26.1517    19.3135 -9.990e-29
 144.729294      2.326  32.444506    14.2454    6.40354      2.307    26.1464    19.3094 -9.990e-29
 144.729300      2.339  32.451963    14.2448    6.44170      2.319    26.1535    19.3149 -9.990e-29
 144.729306      2.355  32.461867    14.2439    6.44510      2.335    26.1629    19.3224 -9.990e-29
 144.729311      2.371  32.459973    14.2413    6.41890      2.351    26.1629    19.3229 -9.990e-29
 144.729317      2.379  32.452730    14.2383    6.40032      2.359    26.1585    19.3201 -9.990e-29
 144.729323      2.380  32.434969    14.2380    6.37609      2.360    26.1429    19.3082 -9.990e-29
 144.729329      2.386  32.412710    14.2376    6.39401      2.366    26.1233    19.2932 -9.990e-29
 144.729334      2.406  32.421843    14.2337    6.42795      2.386    26.1341    19.3022 -9.990e-29
 144.729340      2.430  32.459424    14.2291    6.43009      2.410    26.1707    19.3313 -9.990e-29
 144.729346      2.436  32.487595    14.2273    6.41892      2.416    26.1970    19.3519 -9.990e-29
 144.729352      2.422  32.492369    14.2291    6.39914      2.402    26.2001    19.3539 -9.990e-29
 144.729358      2.403  32.481240    14.2324    6.39215      2.383    26.1879    19.3439 -9.990e-29
 144.729363      2.400  32.470193    14.2344    6.39880      2.380    26.1767    19.3349 -9.990e-29
 144.729369      2.416  32.471965    14.2344    6.41971      2.396    26.1783    19.3361 -9.990e-29
 144.729375      2.440  32.482765    14.2338    6.40173      2.420    26.1883    19.3439 -9.990e-29
 144.729381      2.456  32.490102    14.2342    6.38503      2.435    26.1946    19.3487 -9.990e-29
 144.729387      2.457  32.489756    14.2354    6.37953      2.436    26.1934    19.3476 -9.990e-29
 144.729392      2.451  32.485195    14.2350    6.37903      2.431    26.1897    19.3447 -9.990e-29
 144.729398      2.451  32.483233    14.2301    6.39590      2.431    26.1912    19.3469 -9.990e-29
 144.729404      2.456  32.491907    14.2191    6.40512      2.435    26.2064    19.3607 -9.990e-29
 144.729410      2.464  32.514947    14.2074    6.40631      2.443    26.2349    19.3849 -9.990e-29
 144.729416      2.473  32.538813    14.2045    6.40059      2.452    26.2581    19.4034 -9.990e-29
 144.729421      2.482  32.541537    14.2104    6.39165      2.461    26.2566    19.4010 -9.990e-29
 144.729427      2.489  32.523955    14.2177    6.38894      2.468    26.2359    19.3837 -9.990e-29
 144.729433      2.500  32.499613    14.2205    6.39031      2.479    26.2123    19.3650 -9.990e-29
 144.729439      2.512  32.485371    14.2181    6.39423      2.491    26.2012    19.3570 -9.990e-29
 144.729444      2.521  32.492507    14.2146    6.39113      2.500    26.2100    19.3644 -9.990e-29
 144.729450      2.526  32.506448    14.2137    6.39482      2.505    26.2230    19.3746 -9.990e-29
 144.729456      2.530  32.510488    14.2156    6.39661      2.509    26.2253    19.3760 -9.990e-29
 144.729462      2.532  32.505538    14.2183    6.39821      2.511    26.2191    19.3706 -9.990e-29
 144.729468      2.531  32.499571    14.2208    6.39044      2.510    26.2121    19.3648 -9.990e-29
 144.729473      2.533  32.495286    14.2220    6.37807      2.512    26.2074    19.3610 -9.990e-29
