data/oxygen options/ONMS/Olympic_Coast_National_Marine_Sanctuary_Hypoxia_Survey_CTD_Data_2004_2015/raw_data/2005/CTD_TH90_070705faed.cnv
* Sea-Bird SBE19 Data File:
* FileName = C:\Hypoxia Data\TH90_070705.hex
* Software Version 1.1.6
* Temperature SN = 2997
* Conductivity SN = 2997
* System UpLoad Time = Jul 07 2005 11:41:55
* SEACAT PROFILER V3.1c SN 2997   07/07/05  11:41:10.228
* strain gauge pressure sensor: S/N = 184829,  range = 3000 psia,  tc = 40
# nquan = 9                                 
# nvalues = 806                         
# units = specified
# name 0 = timeJ: Julian Days
# name 1 = prSM: Pressure, Strain Gauge [db]
# name 2 = c0mS/cm: Conductivity [mS/cm]
# name 3 = t090C: Temperature [ITS-90, deg C]
# name 4 = oxML/L: Oxygen, Beckman/YSI [ml/l]
# name 5 = depSM: Depth [salt water, m], lat = 47.5
# name 6 = sal00: Salinity, Practical [PSU]
# name 7 = sigma-é00: Density [sigma-theta, kg/m^3]
# name 8 = flag: flag
# span 0 = 188.468623, 188.473281       
# span 1 =     -3.645,     90.856       
# span 2 =   2.178426,  38.911391       
# span 3 =     7.6390,    15.2107       
# span 4 =   -0.09580,   23.17756       
# span 5 =     -3.615,     90.078       
# span 6 =     1.4144,    33.7278       
# span 7 =     0.2427,    26.3274       
# span 8 = 0.0000e+00, 0.0000e+00       
# interval = seconds: 0.5
# start_time = Jul 07 2005 11:14:49 [Instrument's time stamp, header]
# bad_flag = -9.990e-29
*END*
 188.468623     -3.645 -9.990e-29    14.6269   -0.09568     -3.615 -9.990e-29 -9.990e-29 -9.990e-29
 188.468628     -3.512   2.178426    14.6825   -0.09565     -3.483     1.4144     0.2427 -9.990e-29
 188.468634     -3.365   4.896414    14.7914   -0.09566     -3.337     3.3283     1.7002 -9.990e-29
 188.468640     -3.189  12.165902    14.9303   -0.09567     -3.162     8.8082     5.8822 -9.990e-29
 188.468646     -2.985  22.755482    15.0665   -0.09565     -2.960    17.3362    12.3889 -9.990e-29
 188.468652     -2.772  30.709330    15.1675   -0.09565     -2.749    24.0334    17.5026 -9.990e-29
 188.468657     -2.560  34.868375    15.2098   -0.09567     -2.539    27.6270    20.2526 -9.990e-29
 188.468663     -2.367  37.245659    15.2077   -0.09576     -2.347    29.7264    21.8665 -9.990e-29
 188.468669     -2.209  38.326363    15.1872   -0.09580     -2.191    30.7030    22.6219 -9.990e-29
 188.468675     -2.091  38.684085    15.1675   -0.09574     -2.074    31.0376    22.8835 -9.990e-29
 188.468681     -1.999  38.807025    15.1591   -0.09574     -1.982    31.1541    22.9749 -9.990e-29
 188.468686     -1.919  38.847898    15.1570   -0.09571     -1.903    31.1923    23.0047 -9.990e-29
 188.468692     -1.843  38.860655    15.1556   -0.09573     -1.828    31.2047    23.0147 -9.990e-29
 188.468698     -1.773  38.864569    15.1553   -0.09575     -1.758    31.2085    23.0176 -9.990e-29
 188.468704     -1.714  38.867123    15.1531   -0.09574     -1.700    31.2125    23.0211 -9.990e-29
 188.468709     -1.659  38.867254    15.1433   -0.09574     -1.645    31.2204    23.0293 -9.990e-29
 188.468715     -1.602  38.860110    15.1281   -0.09573     -1.589    31.2261    23.0370 -9.990e-29
 188.468721     -1.550  38.846282    15.1186   -0.09572     -1.537    31.2213    23.0353 -9.990e-29
 188.468727     -1.508  38.832033    15.1179   -0.09576     -1.495    31.2091    23.0261 -9.990e-29
 188.468733     -1.477  38.829793    15.1211   -0.09576     -1.465    31.2045    23.0219 -9.990e-29
 188.468738     -1.450  38.842201    15.1243   -0.09577     -1.438    31.2130    23.0278 -9.990e-29
 188.468744     -1.418  38.854410    15.1256   -0.09568     -1.406    31.2229    23.0351 -9.990e-29
 188.468750     -1.375  38.856918    15.1262   -0.09560     -1.364    31.2247    23.0363 -9.990e-29
 188.468756     -1.326  38.849725    15.1274   -0.09560     -1.315    31.2172    23.0303 -9.990e-29
 188.468762     -1.277  38.838405    15.1286   -0.09562     -1.266    31.2061    23.0215 -9.990e-29
 188.468767     -1.223  38.833127    15.1297   -0.09564     -1.213    31.2005    23.0170 -9.990e-29
 188.468773     -1.168  38.836408    15.1297   -0.09566     -1.158    31.2034    23.0192 -9.990e-29
 188.468779     -1.110  38.841425    15.1283   -0.09565     -1.101    31.2090    23.0238 -9.990e-29
 188.468785     -1.055  38.839183    15.1277   -0.09564     -1.046    31.2075    23.0228 -9.990e-29
 188.468791     -1.017  38.831199    15.1330   -0.09566     -1.009    31.1961    23.0129 -9.990e-29
 188.468796     -0.997  38.829282    15.1483   -0.09565     -0.989    31.1822    22.9989 -9.990e-29
 188.468802     -0.982  38.841553    15.1672   -0.09563     -0.974    31.1781    22.9917 -9.990e-29
 188.468808     -0.957  38.864203    15.1790   -0.09563     -0.949    31.1890    22.9975 -9.990e-29
 188.468814     -0.917  38.877533    15.1812   -0.09564     -0.909    31.1991    23.0049 -9.990e-29
 188.468819     -0.867  38.871854    15.1775   -0.09564     -0.860    31.1970    23.0040 -9.990e-29
 188.468825     -0.822  38.860934    15.1721   -0.09566     -0.815    31.1915    23.0009 -9.990e-29
 188.468831     -0.787  38.857155    15.1691   -0.09568     -0.780    31.1905    23.0008 -9.990e-29
 188.468837     -0.760  38.862790    15.1687   -0.09562     -0.754    31.1958    23.0050 -9.990e-29
 188.468843     -0.740  38.871346    15.1687   -0.09557     -0.734    31.2035    23.0109 -9.990e-29
 188.468848     -0.724  38.872376    15.1687   -0.09557     -0.718    31.2044    23.0116 -9.990e-29
 188.468854     -0.708  38.868955    15.1694   -0.09560     -0.702    31.2008    23.0087 -9.990e-29
 188.468860     -0.683  38.873369    15.1713   -0.09560     -0.677    31.2032    23.0101 -9.990e-29
 188.468866     -0.646  38.883672    15.1736   -0.09565     -0.641    31.2105    23.0153 -9.990e-29
 188.468872     -0.608  38.886138    15.1736   -0.09568     -0.603    31.2127    23.0170 -9.990e-29
 188.468877     -0.584  38.877341    15.1699   -0.09564     -0.579    31.2078    23.0140 -9.990e-29
 188.468883     -0.581  38.868008    15.1689   -0.09562     -0.576    31.2003    23.0084 -9.990e-29
 188.468889     -0.589  38.867032    15.1766   -0.09562     -0.584    31.1933    23.0014 -9.990e-29
 188.468895     -0.593  38.875937    15.1872   -0.09562     -0.588    31.1928    22.9987 -9.990e-29
 188.468900     -0.580  38.890348    15.1932   -0.09563     -0.575    31.2009    23.0037 -9.990e-29
 188.468906     -0.549  38.899215    15.1931   -0.09564     -0.544    31.2089    23.0098 -9.990e-29
 188.468912     -0.511  38.894188    15.1868   -0.09565     -0.507    31.2094    23.0116 -9.990e-29
 188.468918     -0.476  38.880925    15.1765   -0.09564     -0.472    31.2057    23.0110 -9.990e-29
 188.468924     -0.446  38.871492    15.1707   -0.09563     -0.442    31.2019    23.0093 -9.990e-29
 188.468929     -0.420  38.868476    15.1740   -0.09563     -0.416    31.1966    23.0045 -9.990e-29
 188.468935     -0.396  38.868433    15.1810   -0.09565     -0.393    31.1909    22.9986 -9.990e-29
 188.468941     -0.372  38.867960    15.1856   -0.09564     -0.369    31.1868    22.9945 -9.990e-29
 188.468947     -0.346  38.864202    15.1864   -0.09561     -0.343    31.1828    22.9913 -9.990e-29
 188.468953     -0.318  38.858902    15.1845   -0.09560     -0.315    31.1796    22.9892 -9.990e-29
 188.468958     -0.285  38.855112    15.1819   -0.09561     -0.283    31.1783    22.9887 -9.990e-29
 188.468964     -0.250  38.852846    15.1807   -0.09564     -0.248    31.1772    22.9881 -9.990e-29
 188.468970     -0.218  38.851348    15.1821   -0.09569     -0.216    31.1747    22.9859 -9.990e-29
 188.468976     -0.193  38.850321    15.1843   -0.09569     -0.191    31.1721    22.9834 -9.990e-29
 188.468981     -0.171  38.848976    15.1842   -0.09562     -0.170    31.1709    22.9826 -9.990e-29
 188.468987     -0.153  38.847784    15.1825   -0.09559     -0.152    31.1712    22.9831 -9.990e-29
 188.468993     -0.137  38.848543    15.1839   -0.09558     -0.136    31.1708    22.9825 -9.990e-29
 188.468999     -0.117  38.852846    15.1891   -0.09559     -0.116    31.1705    22.9812 -9.990e-29
 188.469005     -0.088  38.859719    15.1930   -0.09563     -0.087    31.1735    22.9827 -9.990e-29
 188.469010     -0.052  38.862640    15.1901   -0.09566     -0.052    31.1784    22.9870 -9.990e-29
 188.469016     -0.016  38.859918    15.1796   -0.09566     -0.016    31.1843    22.9938 -9.990e-29
 188.469022      0.014  38.858038    15.1690   -0.09561      0.014    31.1911    23.0013 -9.990e-29
 188.469028      0.035  38.859003    15.1694   -0.09559      0.035    31.1916    23.0016 -9.990e-29
 188.469034      0.050  38.861871    15.1814   -0.09558      0.050    31.1846    22.9937 -9.990e-29
 188.469039      0.062  38.867680    15.1947   -0.09558      0.061    31.1792    22.9867 -9.990e-29
 188.469045      0.083  38.872978    15.2010   -0.09558      0.082    31.1789    22.9851 -9.990e-29
 188.469051      0.112  38.872512    15.1987   -0.09557      0.111    31.1803    22.9867 -9.990e-29
 188.469057      0.139  38.868488    15.1900   -0.09561      0.138    31.1836    22.9911 -9.990e-29
 188.469063      0.153  38.865658    15.1818   -0.09568      0.152    31.1876    22.9959 -9.990e-29
 188.469068      0.154  38.864755    15.1821   13.67991      0.153    31.1866    22.9951 -9.990e-29
 188.469074      0.152  38.865154    15.1911   21.99065      0.151    31.1798    22.9879 -9.990e-29
 188.469080      0.155  38.866282    15.2013   23.17756      0.154    31.1727    22.9802 -9.990e-29
 188.469086      0.166  38.866861    15.2076   20.32607      0.165    31.1682    22.9754 -9.990e-29
 188.469091      0.188  38.866564    15.2106   13.14496      0.186    31.1655    22.9727 -9.990e-29
 188.469097      0.221  38.866701    15.2107   10.60413      0.219    31.1655    22.9727 -9.990e-29
 188.469103      0.258  38.866915    15.2044   10.62826      0.256    31.1707    22.9781 -9.990e-29
 188.469109      0.290  38.866390    15.1888   10.62360      0.288    31.1827    22.9906 -9.990e-29
 188.469115      0.315  38.867250    15.1689   10.64878      0.312    31.1993    23.0077 -9.990e-29
 188.469120      0.333  38.870661    15.1492   10.65930      0.330    31.2180    23.0263 -9.990e-29
 188.469126      0.346  38.876698    15.1230   10.66297      0.343    31.2443    23.0521 -9.990e-29
 188.469132      0.358  38.874356    15.0902   10.67397      0.355    31.2684    23.0777 -9.990e-29
 188.469138      0.376  38.852677    15.0677   10.68626      0.373    31.2669    23.0814 -9.990e-29
 188.469144      0.392  38.832134    15.0645   10.68675      0.389    31.2511    23.0699 -9.990e-29
 188.469149      0.397  38.830784    15.0718   10.68137      0.394    31.2440    23.0629 -9.990e-29
 188.469155      0.398  38.838989    15.0770   10.67486      0.395    31.2472    23.0642 -9.990e-29
 188.469161      0.401  38.843589    15.0705   10.67253      0.398    31.2565    23.0728 -9.990e-29
 188.469167      0.413  38.835597    15.0584    9.99389      0.410    31.2590    23.0773 -9.990e-29
 188.469172      0.429  38.822890    15.0560    7.34883      0.425    31.2495    23.0705 -9.990e-29
 188.469178      0.445  38.823881    15.0606    5.66120      0.441    31.2468    23.0674 -9.990e-29
 188.469184      0.464  38.832616    15.0596    4.99927      0.460    31.2554    23.0742 -9.990e-29
 188.469190      0.486  38.832154    15.0544    5.39243      0.482    31.2591    23.0782 -9.990e-29
 188.469196      0.512  38.826389    15.0516    6.50944      0.508    31.2562    23.0766 -9.990e-29
 188.469201      0.536  38.824483    15.0508    6.97589      0.532    31.2551    23.0759 -9.990e-29
 188.469207      0.547  38.825033    15.0514    7.17336      0.542    31.2551    23.0758 -9.990e-29
 188.469213      0.550  38.825987    15.0550    7.26816      0.545    31.2531    23.0734 -9.990e-29
 188.469219      0.557  38.829198    15.0597    7.31247      0.552    31.2522    23.0718 -9.990e-29
 188.469225      0.572  38.833361    15.0616    7.35358      0.567    31.2544    23.0731 -9.990e-29
 188.469230      0.598  38.834510    15.0594    7.39868      0.593    31.2572    23.0757 -9.990e-29
 188.469236      0.632  38.831958    15.0544    7.42817      0.627    31.2589    23.0780 -9.990e-29
 188.469242      0.662  38.826248    15.0499    7.43165      0.656    31.2573    23.0778 -9.990e-29
 188.469248      0.682  38.820442    15.0474    7.41435      0.676    31.2541    23.0759 -9.990e-29
 188.469253      0.698  38.818035    15.0455    7.41239      0.692    31.2535    23.0758 -9.990e-29
 188.469259      0.716  38.817520    15.0426    7.42690      0.710    31.2553    23.0778 -9.990e-29
 188.469265      0.731  38.815426    15.0400    7.45351      0.725    31.2555    23.0785 -9.990e-29
 188.469271      0.736  38.812347    15.0408    7.44771      0.730    31.2521    23.0758 -9.990e-29
 188.469277      0.732  38.812611    15.0452    7.43202      0.726    31.2489    23.0723 -9.990e-29
 188.469282      0.727  38.817150    15.0505    7.41160      0.721    31.2487    23.0710 -9.990e-29
 188.469288      0.729  38.823061    15.0535    7.42358      0.723    31.2516    23.0726 -9.990e-29
 188.469294      0.747  38.826469    15.0522    7.44684      0.741    31.2557    23.0761 -9.990e-29
 188.469300      0.781  38.824648    15.0473    7.44729      0.774    31.2579    23.0788 -9.990e-29
 188.469306      0.818  38.819681    15.0423    7.44637      0.811    31.2575    23.0796 -9.990e-29
 188.469311      0.842  38.815620    15.0402    7.45355      0.835    31.2555    23.0785 -9.990e-29
 188.469317      0.854  38.814920    15.0405    7.44819      0.847    31.2546    23.0777 -9.990e-29
 188.469323      0.865  38.816104    15.0413    7.44841      0.858    31.2551    23.0779 -9.990e-29
 188.469329      0.884  38.816286    15.0424    7.43960      0.877    31.2543    23.0771 -9.990e-29
 188.469334      0.911  38.816292    15.0442    7.43746      0.903    31.2529    23.0756 -9.990e-29
 188.469340      0.939  38.817271    15.0464    7.43652      0.931    31.2520    23.0745 -9.990e-29
 188.469346      0.967  38.819049    15.0485    7.43773      0.959    31.2519    23.0739 -9.990e-29
 188.469352      0.991  38.821203    15.0499    7.44037      0.983    31.2527    23.0743 -9.990e-29
 188.469358      1.005  38.822879    15.0509    7.43918      0.997    31.2534    23.0746 -9.990e-29
 188.469363      1.010  38.824080    15.0516    7.43810      1.002    31.2539    23.0748 -9.990e-29
 188.469369      1.015  38.824923    15.0507    7.43609      1.007    31.2554    23.0762 -9.990e-29
 188.469375      1.023  38.823739    15.0485    7.44330      1.014    31.2561    23.0772 -9.990e-29
 188.469381      1.037  38.821199    15.0481    7.43958      1.028    31.2541    23.0757 -9.990e-29
 188.469387      1.051  38.821219    15.0514    7.43398      1.042    31.2515    23.0730 -9.990e-29
 188.469392      1.059  38.824953    15.0566    7.41267      1.050    31.2507    23.0713 -9.990e-29
 188.469398      1.061  38.830097    15.0602    7.41087      1.052    31.2524    23.0718 -9.990e-29
 188.469404      1.065  38.833421    15.0592    7.41963      1.056    31.2562    23.0750 -9.990e-29
 188.469410      1.077  38.831517    15.0550    7.42832      1.068    31.2578    23.0771 -9.990e-29
 188.469416      1.093  38.825781    15.0535    7.41804      1.084    31.2539    23.0744 -9.990e-29
 188.469421      1.105  38.824278    15.0595    7.40526      1.096    31.2477    23.0684 -9.990e-29
 188.469427      1.109  38.831741    15.0706    7.40001      1.100    31.2456    23.0644 -9.990e-29
 188.469433      1.111  38.843546    15.0801    7.39463      1.102    31.2486    23.0646 -9.990e-29
 188.469439      1.119  38.852445    15.0849    7.39620      1.110    31.2527    23.0668 -9.990e-29
 188.469444      1.138  38.856292    15.0848    7.38489      1.128    31.2562    23.0695 -9.990e-29
 188.469450      1.164  38.854617    15.0820    7.38295      1.154    31.2569    23.0707 -9.990e-29
 188.469456      1.191  38.850805    15.0814    7.39760      1.181    31.2540    23.0685 -9.990e-29
 188.469462      1.216  38.851561    15.0829    7.40662      1.206    31.2535    23.0678 -9.990e-29
 188.469468      1.241  38.854533    15.0848    7.40054      1.231    31.2546    23.0683 -9.990e-29
 188.469473      1.263  38.856400    15.0899    7.39492      1.252    31.2522    23.0653 -9.990e-29
 188.469479      1.275  38.862467    15.1013    7.38007      1.264    31.2485    23.0601 -9.990e-29
 188.469485      1.278  38.876901    15.1169    7.35808      1.267    31.2490    23.0571 -9.990e-29
 188.469491      1.280  38.893716    15.1291    7.34850      1.269    31.2543    23.0586 -9.990e-29
 188.469497      1.286  38.903372    15.1358    7.35181      1.275    31.2576    23.0597 -9.990e-29
 188.469502      1.297  38.906975    15.1406    7.35218      1.286    31.2570    23.0582 -9.990e-29
 188.469508      1.312  38.911024    15.1419    7.35824      1.301    31.2595    23.0599 -9.990e-29
 188.469514      1.329  38.911391    15.1378    7.37082      1.318    31.2631    23.0635 -9.990e-29
 188.469520      1.340  38.905207    15.1332    7.37493      1.329    31.2613    23.0631 -9.990e-29
 188.469525      1.346  38.900504    15.1285    7.37173      1.335    31.2608    23.0637 -9.990e-29
 188.469531      1.356  38.896066    15.1229    7.36115      1.345    31.2613    23.0653 -9.990e-29
 188.469537      1.375  38.889911    15.1222    7.35409      1.364    31.2564    23.0616 -9.990e-29
 188.469543      1.399  38.890667    15.1247    7.36544      1.387    31.2550    23.0601 -9.990e-29
