data/oxygen options/ONMS/Olympic_Coast_National_Marine_Sanctuary_Hypoxia_Survey_CTD_Data_2004_2015/raw_data/2005/CTD_CA70_052405faed.cnv
* Sea-Bird SBE19 Data File:
* FileName = C:\Documents and Settings\kirner.PTANGELES\Desktop\hypoxia CTD data\CA70_052405.hex
* Software Version 1.1.5
* Temperature SN = 2997
* Conductivity SN = 2997
* System UpLoad Time = May 24 2005 15:30:20
* SEACAT PROFILER V3.1c SN 2997   05/24/05  15:29:27.490
* strain gauge pressure sensor: S/N = 184829,  range = 3000 psia,  tc = 40
# nquan = 9                                 
# nvalues = 749                         
# units = specified
# name 0 = timeJ: Julian Days
# name 1 = prSM: Pressure, Strain Gauge [db]
# name 2 = c0mS/cm: Conductivity [mS/cm]
# name 3 = t090C: Temperature [ITS-90, deg C]
# name 4 = oxML/L: Oxygen, Beckman/YSI [ml/l]
# name 5 = depSM: Depth [salt water, m], lat = 47.5
# name 6 = sal00: Salinity, Practical [PSU]
# name 7 = sigma-é00: Density [sigma-theta, kg/m^3]
# name 8 = flag: flag
# span 0 = 144.589132, 144.593461       
# span 1 =     -3.268,     72.200       
# span 2 =   0.555087,  37.075344       
# span 3 =     8.4058,    14.1634       
# span 4 =   -0.10194,   26.98603       
# span 5 =     -3.241,     71.585       
# span 6 =     0.3535,    33.4921       
# span 7 =    -0.3510,    26.0294       
# span 8 = 0.0000e+00, 0.0000e+00       
# interval = seconds: 0.5
# start_time = May 24 2005 14:08:21 [Instrument's time stamp, header]
# bad_flag = -9.990e-29
*END*
[from data line 481]
 144.591916     33.301  36.799208    11.8352    6.08694     33.020    32.0228    24.3089 0.0000e+00
 144.591921     33.814  36.845934    11.8240    6.08713     33.529    32.0775    24.3534 0.0000e+00
 144.591927     34.316  36.897651    11.8181    6.07930     34.027    32.1325    24.3972 0.0000e+00
 144.591933     34.805  36.951530    11.8156    6.06435     34.512    32.1866    24.4397 0.0000e+00
 144.591939     35.278  36.994547    11.8149    6.05152     34.981    32.2287    24.4725 0.0000e+00
 144.591944     35.734  37.025736    11.8154    6.03917     35.433    32.2583    24.4954 0.0000e+00
 144.591950     36.181  37.050033    11.8160    6.03859     35.876    32.2812    24.5131 0.0000e+00
 144.591956     36.631  37.066165    11.8158    6.02954     36.322    32.2968    24.5252 0.0000e+00
 144.591962     37.096  37.073562    11.8147    6.03578     36.783    32.3047    24.5316 0.0000e+00
 144.591968     37.579  37.075344    11.8125    6.04920     37.262    32.3082    24.5347 0.0000e+00
 144.591973     38.072  37.074431    11.8079    6.06773     37.751    32.3111    24.5378 0.0000e+00
 144.591979     38.569  37.070711    11.7983    6.06148     38.244    32.3156    24.5431 0.0000e+00
 144.591985     39.066  37.062012    11.7815    6.01008     38.736    32.3216    24.5508 0.0000e+00
 144.591991     39.562  37.046251    11.7589    5.92231     39.228    32.3257    24.5582 0.0000e+00
 144.591997     40.054  37.025390    11.7304    5.81978     39.716    32.3300    24.5668 0.0000e+00
 144.592002     40.542  37.000194    11.6871    5.70969     40.200    32.3431    24.5848 0.0000e+00
 144.592008     41.029  36.961164    11.6132    5.60330     40.683    32.3693    24.6187 0.0000e+00
 144.592014     41.511  36.894372    11.4956    5.50002     41.160    32.4068    24.6692 0.0000e+00
 144.592020     41.984  36.790371    11.3373    5.38554     41.629    32.4436    24.7263 0.0000e+00
 144.592025     42.444  36.651781    11.1671    5.27103     42.085    32.4570    24.7672 0.0000e+00
 144.592031     42.896  36.504066    11.0196    5.18518     42.534    32.4412    24.7810 0.0000e+00
 144.592037     43.346  36.379574    10.9048    5.07908     42.980    32.4193    24.7841 0.0000e+00
 144.592043     43.798  36.286098    10.8060    4.97739     43.428    32.4138    24.7970 0.0000e+00
 144.592049     44.254  36.205501    10.6984    4.88653     43.880    32.4288    24.8274 0.0000e+00
 144.592054     44.718  36.113835    10.5761    4.80282     44.340    32.4458    24.8617 0.0000e+00
 144.592060     45.194  36.009964    10.4490    4.74321     44.812    32.4549    24.8905 0.0000e+00
 144.592066     45.682  35.908993    10.3194    4.67255     45.296    32.4690    24.9236 0.0000e+00
 144.592072     46.171  35.811383    10.1963    4.61732     45.781    32.4807    24.9534 0.0000e+00
 144.592078     46.649  35.720956    10.0975    4.54745     46.254    32.4778    24.9677 0.0000e+00
 144.592083     47.120  35.652225    10.0220    4.48172     46.721    32.4759    24.9787 0.0000e+00
 144.592089     47.594  35.602661     9.9576    4.42047     47.191    32.4833    24.9952 0.0000e+00
 144.592095     48.074  35.561090     9.8962    4.35018     47.667    32.4962    25.0154 0.0000e+00
 144.592101     48.562  35.523080     9.8312    4.28707     48.151    32.5159    25.0415 0.0000e+00
 144.592106     49.050  35.484460     9.7592    4.23782     48.635    32.5414    25.0732 0.0000e+00
 144.592112     49.530  35.442489     9.6820    4.18423     49.111    32.5682    25.1067 0.0000e+00
 144.592118     50.008  35.398927     9.6052    4.12437     49.585    32.5931    25.1386 0.0000e+00
 144.592124     50.493  35.359017     9.5374    4.07828     50.065    32.6136    25.1656 0.0000e+00
 144.592130     50.985  35.327825     9.4884    4.01925     50.553    32.6260    25.1832 0.0000e+00
 144.592135     51.477  35.307463     9.4599    3.98226     51.041    32.6308    25.1915 0.0000e+00
 144.592141     51.962  35.296543     9.4423    3.94447     51.522    32.6354    25.1980 0.0000e+00
 144.592147     52.442  35.290015     9.4209    3.89478     51.998    32.6480    25.2112 0.0000e+00
 144.592153     52.921  35.283080     9.3759    3.85504     52.473    32.6817    25.2448 0.0000e+00
 144.592159     53.399  35.270400     9.3040    3.80415     52.946    32.7342    25.2973 0.0000e+00
 144.592164     53.869  35.250748     9.2335    3.74836     53.412    32.7784    25.3430 0.0000e+00
 144.592170     54.327  35.234902     9.1828    3.68797     53.866    32.8084    25.3745 0.0000e+00
 144.592176     54.775  35.232538     9.1435    3.63463     54.311    32.8419    25.4069 0.0000e+00
 144.592182     55.217  35.243840     9.1088    3.58216     54.749    32.8854    25.4464 0.0000e+00
 144.592187     55.655  35.262552     9.0817    3.54850     55.183    32.9296    25.4853 0.0000e+00
 144.592193     56.087  35.278845     9.0637    3.52992     55.611    32.9630    25.5143 0.0000e+00
 144.592199     56.506  35.289753     9.0542    3.51741     56.027    32.9830    25.5314 0.0000e+00
 144.592205     56.910  35.296905     9.0535    3.50799     56.427    32.9909    25.5377 0.0000e+00
 144.592211     57.302  35.298046     9.0562    3.48355     56.816    32.9894    25.5361 0.0000e+00
 144.592216     57.695  35.295244     9.0504    3.44614     57.205    32.9916    25.5388 0.0000e+00
 144.592222     58.105  35.295960     9.0298    3.40175     57.612    33.0113    25.5574 0.0000e+00
 144.592228     58.541  35.301137     9.0011    3.35052     58.044    33.0431    25.5868 0.0000e+00
 144.592234     58.996  35.306450     8.9739    3.29669     58.495    33.0738    25.6150 0.0000e+00
 144.592240     59.462  35.308872     8.9499    3.24908     58.957    33.0984    25.6381 0.0000e+00
 144.592245     59.933  35.308247     8.9251    3.20203     59.424    33.1207    25.6594 0.0000e+00
 144.592251     60.402  35.305404     8.8959    3.14484     59.889    33.1447    25.6828 0.0000e+00
 144.592257     60.858  35.301020     8.8629    3.07182     60.341    33.1708    25.7083 0.0000e+00
 144.592263     61.303  35.296520     8.8259    3.00486     60.782    33.2005    25.7373 0.0000e+00
 144.592269     61.737  35.292049     8.7815    2.93823     61.213    33.2372    25.7730 0.0000e+00
 144.592274     62.164  35.286111     8.7263    2.87823     61.636    33.2826    25.8170 0.0000e+00
 144.592280     62.590  35.277496     8.6605    2.83466     62.058    33.3353    25.8685 0.0000e+00
 144.592286     63.018  35.266470     8.5923    2.81088     62.483    33.3879    25.9201 0.0000e+00
 144.592292     63.448  35.254567     8.5338    2.79516     62.909    33.4305    25.9625 0.0000e+00
 144.592297     63.877  35.243269     8.4903    2.79012     63.334    33.4596    25.9919 0.0000e+00
 144.592303     64.310  35.233182     8.4603    2.79047     63.763    33.4773    26.0103 0.0000e+00
 144.592309     64.754  35.224848     8.4415    2.78476     64.203    33.4861    26.0201 0.0000e+00
 144.592315     65.207  35.218909     8.4312    2.78335     64.653    33.4894    26.0242 0.0000e+00
 144.592321     65.663  35.215275     8.4257    2.78052     65.105    33.4906    26.0260 0.0000e+00
 144.592326     66.118  35.213005     8.4225    2.77895     65.556    33.4910    26.0268 0.0000e+00
 144.592332     66.570  35.211299     8.4203    2.77807     66.004    33.4911    26.0272 0.0000e+00
 144.592338     67.023  35.209549     8.4181    2.78646     66.453    33.4911    26.0276 0.0000e+00
 144.592344     67.479  35.207650     8.4158    2.78670     66.905    33.4911    26.0279 0.0000e+00
 144.592350     67.939  35.206419     8.4140    2.78187     67.361    33.4913    26.0283 0.0000e+00
 144.592355     68.387  35.205879     8.4126    2.77944     67.805    33.4918    26.0290 0.0000e+00
 144.592361     68.812  35.205294     8.4115    2.77507     68.226    33.4921    26.0294 0.0000e+00
 144.592367     69.208  35.204430     8.4109    2.77958     68.619    33.4915    26.0290 0.0000e+00
 144.592373     69.577  35.203800     8.4116    2.77063     68.985    33.4900    26.0278 0.0000e+00
 144.592378     69.915  35.204233     8.4135    2.76947     69.320    33.4885    26.0263 0.0000e+00
 144.592384     70.223  35.205730     8.4150    2.76910     69.625    33.4885    26.0261 0.0000e+00
 144.592390     70.513  35.206907     8.4142    2.76949     69.913    33.4904    26.0277 0.0000e+00
 144.592396     70.797  35.205956     8.4114    2.77186     70.194    33.4919    26.0293 0.0000e+00
 144.592402     71.077  35.203279     8.4089    2.76959     70.472    33.4914    26.0292 0.0000e+00
 144.592407     71.342  35.201460     8.4081    2.76639     70.734    33.4901    26.0283 0.0000e+00
 144.592413     71.578  35.201423     8.4087    2.76321     70.968    33.4893    26.0277 0.0000e+00
 144.592419     71.778  35.201980     8.4096    2.76687     71.167    33.4890    26.0273 0.0000e+00
 144.592425     71.938  35.202175     8.4102    2.75867     71.325    33.4885    26.0268 -9.990e-29
 144.592431     72.057  35.202256     8.4108    2.75347     71.443    33.4880    26.0263 -9.990e-29
 144.592436     72.136  35.202879     8.4117    2.76183     71.521    33.4878    26.0260 -9.990e-29
 144.592442     72.181  35.203740     8.4121    2.76692     71.566    33.4883    26.0263 -9.990e-29
 144.592448     72.199  35.203730     8.4113    2.76120     71.584    33.4890    26.0270 -9.990e-29
 144.592454     72.200  35.202262     8.4091    2.75948     71.585    33.4896    26.0278 -9.990e-29
 144.592459     72.183  35.200168     8.4069    2.75046     71.568    33.4894    26.0280 -9.990e-29
 144.592465     72.144  35.198570     8.4058    2.75250     71.529    33.4888    26.0277 -9.990e-29
 144.592471     72.081  35.197564     8.4059    2.75870     71.467    33.4877    26.0268 -9.990e-29
 144.592477     71.988  35.196917     8.4069    2.76084     71.375    33.4861    26.0254 -9.990e-29
 144.592483     71.860  35.196875     8.4083    2.75730     71.248    33.4848    26.0242 0.0000e+00
 144.592488     71.689  35.197369     8.4095    2.75545     71.078    33.4842    26.0236 0.0000e+00
 144.592494     71.477  35.197923     8.4100    2.76959     70.868    33.4845    26.0237 0.0000e+00
 144.592500     71.241  35.198145     8.4101    2.76770     70.634    33.4847    26.0238 0.0000e+00
 144.592506     70.994  35.197759     8.4101    2.75537     70.389    33.4844    26.0236 0.0000e+00
 144.592512     70.744  35.197358     8.4101    2.74875     70.142    33.4841    26.0234 0.0000e+00
 144.592517     70.486  35.197518     8.4103    2.75785     69.886    33.4842    26.0234 0.0000e+00
 144.592523     70.213  35.197879     8.4105    2.75315     69.615    33.4845    26.0236 0.0000e+00
 144.592529     69.920  35.197788     8.4107    2.76327     69.325    33.4844    26.0235 0.0000e+00
 144.592535     69.606  35.197114     8.4113    2.76862     69.013    33.4832    26.0225 0.0000e+00
 144.592541     69.269  35.196629     8.4120    2.76061     68.679    33.4822    26.0216 0.0000e+00
 144.592546     68.906  35.196234     8.4125    2.76424     68.320    33.4815    26.0209 0.0000e+00
 144.592552     68.523  35.195389     8.4129    2.77351     67.940    33.4804    26.0200 0.0000e+00
 144.592558     68.114  35.194640     8.4134    2.77488     67.534    33.4793    26.0191 0.0000e+00
 144.592564     67.677  35.194657     8.4141    2.77790     67.101    33.4789    26.0186 0.0000e+00
 144.592569     67.216  35.194891     8.4153    2.78121     66.644    33.4782    26.0179 0.0000e+00
 144.592575     66.750  35.194523     8.4169    2.78305     66.182    33.4765    26.0163 0.0000e+00
 144.592581     66.301  35.194173     8.4183    2.79160     65.737    33.4750    26.0149 0.0000e+00
 144.592587     65.882  35.193926     8.4190    2.78809     65.322    33.4743    26.0142 0.0000e+00
 144.592593     65.492  35.193442     8.4193    2.78367     64.935    33.4737    26.0137 0.0000e+00
 144.592598     65.120  35.193187     8.4199    2.76665     64.566    33.4730    26.0131 0.0000e+00
 144.592604     64.750  35.193370     8.4211    2.77355     64.200    33.4722    26.0123 0.0000e+00
 144.592610     64.372  35.193662     8.4229    2.79264     63.825    33.4710    26.0110 0.0000e+00
 144.592616     63.979  35.193879     8.4261    2.81512     63.435    33.4684    26.0085 0.0000e+00
 144.592622     63.562  35.194300     8.4323    2.83456     63.022    33.4631    26.0034 0.0000e+00
 144.592627     63.118  35.195473     8.4437    2.86348     62.582    33.4537    25.9943 0.0000e+00
 144.592633     62.642  35.198208     8.4682    2.88911     62.110    33.4336    25.9748 0.0000e+00
 144.592639     62.135  35.202783     8.5169    2.93931     61.607    33.3925    25.9352 0.0000e+00
 144.592645     61.607  35.210071     8.5875    2.99452     61.084    33.3337    25.8784 0.0000e+00
 144.592650     61.081  35.220830     8.6566    3.03980     60.562    33.2802    25.8258 0.0000e+00
 144.592656     60.581  35.231858     8.6954    3.07209     60.067    33.2555    25.8005 0.0000e+00
 144.592662     60.129  35.238264     8.7053    3.10039     59.618    33.2531    25.7971 0.0000e+00
 144.592668     59.724  35.240204     8.7212    3.13522     59.217    33.2404    25.7847 0.0000e+00
 144.592674     59.355  35.243086     8.7534    3.15465     58.851    33.2134    25.7586 0.0000e+00
 144.592679     59.005  35.248516     8.7775    3.18789     58.504    33.1966    25.7418 0.0000e+00
 144.592685     58.658  35.252533     8.7945    3.22606     58.160    33.1851    25.7301 0.0000e+00
 144.592691     58.295  35.254902     8.8254    3.26277     57.800    33.1588    25.7047 0.0000e+00
 144.592697     57.911  35.258794     8.8640    3.29795     57.420    33.1270    25.6738 0.0000e+00
 144.592703     57.506  35.263803     8.8937    3.32525     57.018    33.1047    25.6517 0.0000e+00
 144.592708     57.080  35.267652     8.9137    3.33962     56.596    33.0903    25.6373 0.0000e+00
 144.592714     56.637  35.270446     8.9274    3.35100     56.157    33.0806    25.6276 0.0000e+00
 144.592720     56.186  35.272563     8.9354    3.35963     55.709    33.0756    25.6224 0.0000e+00
 144.592726     55.737  35.273475     8.9413    3.39096     55.264    33.0712    25.6181 0.0000e+00
 144.592731     55.288  35.273291     8.9521    3.42018     54.819    33.0612    25.6085 0.0000e+00
 144.592737     54.831  35.272336     8.9709    3.48296     54.366    33.0429    25.5913 0.0000e+00
 144.592743     54.366  35.269909     8.9916    3.52898     53.905    33.0214    25.5712 0.0000e+00
 144.592749     53.900  35.265027     9.0106    3.57392     53.443    32.9989    25.5506 0.0000e+00
 144.592755     53.439  35.257925     9.0304    3.61226     52.986    32.9733    25.5275 0.0000e+00
 144.592760     52.999  35.249801     9.0489    3.66284     52.550    32.9480    25.5047 0.0000e+00
 144.592766     52.588  35.242731     9.0639    3.72630     52.142    32.9269    25.4859 0.0000e+00
 144.592772     52.211  35.236272     9.0773    3.77746     51.769    32.9080    25.4690 0.0000e+00
 144.592778     51.858  35.230799     9.0933    3.83452     51.419    32.8877    25.4506 0.0000e+00
 144.592784     51.504  35.225753     9.1209    3.89178     51.068    32.8572    25.4224 0.0000e+00
 144.592789     51.137  35.219460     9.1778    3.95608     50.704    32.7984    25.3674 0.0000e+00
 144.592795     50.755  35.216437     9.2625    4.01942     50.325    32.7177    25.2909 0.0000e+00
 144.592801     50.367  35.218832     9.3333    4.06609     49.941    32.6556    25.2311 0.0000e+00
 144.592807     49.987  35.223692     9.3620    4.09682     49.564    32.6346    25.2101 0.0000e+00
 144.592813     49.612  35.226873     9.3659    4.11787     49.192    32.6345    25.2094 0.0000e+00
 144.592818     49.223  35.227594     9.3754    4.16006     48.806    32.6267    25.2018 0.0000e+00
 144.592824     48.803  35.229631     9.4084    4.20511     48.390    32.5989    25.1748 0.0000e+00
 144.592830     48.355  35.237950     9.4658    4.28904     47.946    32.5555    25.1316 0.0000e+00
