data/oxygen options/ONMS/Olympic_Coast_National_Marine_Sanctuary_Hypoxia_Survey_CTD_Data_2004_2015/raw_data/2005/CTD_CA45_062205faed.cnv
* Sea-Bird SBE19 Data File:
* FileName = C:\hypoxia CTD data\CA45_062205.hex
* Software Version 1.1.5
* Temperature SN = 2997
* Conductivity SN = 2997
* System UpLoad Time = Jun 22 2005 16:38:14
* SEACAT PROFILER V3.1c SN 2997   06/22/05  16:37:49.628
* strain gauge pressure sensor: S/N = 184829,  range = 3000 psia,  tc = 40
# nquan = 9                                 
# nvalues = 600                         
# units = specified
# name 0 = timeJ: Julian Days
# name 1 = prSM: Pressure, Strain Gauge [db]
# name 2 = c0mS/cm: Conductivity [mS/cm]
# name 3 = t090C: Temperature [ITS-90, deg C]
# name 4 = oxML/L: Oxygen, Beckman/YSI [ml/l]
# name 5 = depSM: Depth [salt water, m], lat = 47.5
# name 6 = sal00: Salinity, Practical [PSU]
# name 7 = sigma-é00: Density [sigma-theta, kg/m^3]
# name 8 = flag: flag
# span 0 = 173.658692, 173.662159       
# span 1 =     -3.016,     46.368       
# span 2 =   2.859395,  38.561527       
# span 3 =     8.4457,    14.8587       
# span 4 =   -0.09677,   25.05567       
# span 5 =     -2.991,     45.976       
# span 6 =     1.8767,    33.2808       
# span 7 =     0.5725,    25.8559       
# span 8 = 0.0000e+00, 0.0000e+00       
# interval = seconds: 0.5
# start_time = Jun 22 2005 15:48:31 [Instrument's time stamp, header]
# bad_flag = -9.990e-29
*END*
[from data line 481]
 173.661476     45.423  35.019989     8.4484    3.59872     45.039    33.2722    25.8510 0.0000e+00
 173.661481     45.679  35.021326     8.4500    3.60410     45.293    33.2720    25.8506 0.0000e+00
 173.661487     45.898  35.021656     8.4507    3.60477     45.510    33.2716    25.8502 0.0000e+00
 173.661493     46.079  35.020807     8.4506    3.61180     45.689    33.2707    25.8495 0.0000e+00
 173.661499     46.218  35.019655     8.4506    3.60876     45.827    33.2694    25.8485 -9.990e-29
 173.661505     46.311  35.018881     8.4507    3.60900     45.919    33.2684    25.8477 -9.990e-29
 173.661510     46.358  35.018928     8.4501    3.60400     45.966    33.2690    25.8483 -9.990e-29
 173.661516     46.368  35.018723     8.4492    3.60152     45.976    33.2697    25.8489 -9.990e-29
 173.661522     46.341  35.016121     8.4486    3.60450     45.949    33.2675    25.8473 -9.990e-29
 173.661528     46.271  35.013817     8.4482    3.60081     45.880    33.2655    25.8458 -9.990e-29
 173.661534     46.158  35.014908     8.4481    3.59576     45.768    33.2668    25.8468 -9.990e-29
 173.661539     46.004  35.016922     8.4485    3.60700     45.615    33.2686    25.8482 0.0000e+00
 173.661545     45.806  35.018062     8.4491    3.60452     45.419    33.2693    25.8487 0.0000e+00
 173.661551     45.557  35.018728     8.4491    3.60822     45.172    33.2701    25.8493 0.0000e+00
 173.661557     45.254  35.018124     8.4476    3.60774     44.871    33.2711    25.8502 0.0000e+00
 173.661563     44.915  35.016007     8.4464    3.59575     44.535    33.2701    25.8497 0.0000e+00
 173.661568     44.567  35.014044     8.4461    3.60479     44.190    33.2685    25.8484 0.0000e+00
 173.661574     44.221  35.012984     8.4459    3.60686     43.847    33.2677    25.8479 0.0000e+00
 173.661580     43.876  35.012536     8.4459    3.60915     43.505    33.2674    25.8476 0.0000e+00
 173.661586     43.520  35.012663     8.4465    3.60414     43.152    33.2671    25.8473 0.0000e+00
 173.661591     43.133  35.012976     8.4470    3.61331     42.769    33.2672    25.8473 0.0000e+00
 173.661597     42.713  35.012769     8.4468    3.61725     42.352    33.2673    25.8474 0.0000e+00
 173.661603     42.272  35.011771     8.4466    3.60549     41.915    33.2667    25.8469 0.0000e+00
 173.661609     41.819  35.010895     8.4469    3.60967     41.466    33.2657    25.8461 0.0000e+00
 173.661615     41.359  35.010657     8.4473    3.61102     41.010    33.2653    25.8457 0.0000e+00
 173.661620     40.903  35.010184     8.4478    3.61232     40.558    33.2645    25.8450 0.0000e+00
 173.661626     40.460  35.009407     8.4483    3.61160     40.118    33.2634    25.8441 0.0000e+00
 173.661632     40.036  35.008975     8.4489    3.61203     39.698    33.2626    25.8433 0.0000e+00
 173.661638     39.629  35.008875     8.4495    3.60553     39.294    33.2621    25.8429 0.0000e+00
 173.661644     39.230  35.008977     8.4500    3.62500     38.899    33.2619    25.8426 0.0000e+00
 173.661649     38.835  35.008856     8.4507    3.62883     38.507    33.2613    25.8420 0.0000e+00
 173.661655     38.441  35.008353     8.4529    3.64825     38.117    33.2589    25.8398 0.0000e+00
 173.661661     38.036  35.008479     8.4600    3.68144     37.715    33.2525    25.8337 0.0000e+00
 173.661667     37.606  35.009965     8.4777    3.73587     37.289    33.2376    25.8193 0.0000e+00
 173.661672     37.154  35.011429     8.5108    3.81007     36.841    33.2082    25.7912 0.0000e+00
 173.661678     36.698  35.012583     8.5519    3.87743     36.388    33.1709    25.7558 0.0000e+00
 173.661684     36.253  35.015531     8.5820    3.94006     35.947    33.1460    25.7317 0.0000e+00
 173.661690     35.814  35.018607     8.6025    4.00694     35.512    33.1302    25.7162 0.0000e+00
 173.661696     35.373  35.019757     8.6508    4.06672     35.075    33.0863    25.6744 0.0000e+00
 173.661701     34.921  35.021640     8.7461    4.13516     34.627    32.9995    25.5918 0.0000e+00
 173.661707     34.455  35.023966     8.8517    4.17164     34.165    32.9040    25.5007 0.0000e+00
 173.661713     33.972  35.021993     8.9327    4.17838     33.686    32.8271    25.4280 0.0000e+00
 173.661719     33.472  35.014233     8.9923    4.14696     33.190    32.7643    25.3695 0.0000e+00
 173.661725     32.955  35.001573     9.0476    4.13385     32.677    32.7005    25.3110 0.0000e+00
 173.661730     32.429  34.983405     9.1109    4.11400     32.156    32.6238    25.2411 0.0000e+00
 173.661736     31.905  34.962984     9.1854    4.09217     31.636    32.5348    25.1598 0.0000e+00
 173.661742     31.399  34.946729     9.2614    4.09390     31.135    32.4491    25.0807 0.0000e+00
 173.661748     30.920  34.937646     9.3181    4.09825     30.660    32.3885    25.0244 0.0000e+00
 173.661753     30.480  34.935972     9.3427    4.11127     30.223    32.3647    25.0018 0.0000e+00
 173.661759     30.082  34.940051     9.3407    4.13683     29.829    32.3708    25.0070 0.0000e+00
 173.661765     29.709  34.946927     9.3318    4.16758     29.459    32.3861    25.0204 0.0000e+00
 173.661771     29.333  34.951197     9.3366    4.21014     29.086    32.3864    25.0198 0.0000e+00
 173.661777     28.926  34.950702     9.3646    4.25695     28.683    32.3607    24.9952 0.0000e+00
 173.661782     28.474  34.949264     9.4172    4.30885     28.234    32.3119    24.9487 0.0000e+00
 173.661788     27.979  34.947766     9.4856    4.35025     27.744    32.2489    24.8886 0.0000e+00
 173.661794     27.444  34.947582     9.5562    4.39867     27.213    32.1855    24.8278 0.0000e+00
 173.661800     26.877  34.953523     9.6255    4.42987     26.651    32.1298    24.7731 0.0000e+00
 173.661806     26.302  34.969041     9.6912    4.45198     26.081    32.0872    24.7292 0.0000e+00
 173.661811     25.746  34.990177     9.7382    4.48882     25.530    32.0670    24.7058 0.0000e+00
 173.661817     25.225  35.007005     9.7631    4.50945     25.013    32.0622    24.6980 0.0000e+00
 173.661823     24.740  35.017872     9.7810    4.51645     24.532    32.0575    24.6914 0.0000e+00
 173.661829     24.282  35.026624     9.8014    4.51182     24.078    32.0485    24.6810 0.0000e+00
 173.661834     23.838  35.034284     9.8342    4.51400     23.638    32.0273    24.6592 0.0000e+00
 173.661840     23.403  35.048265     9.8790    4.54373     23.206    32.0019    24.6320 0.0000e+00
 173.661846     22.977  35.070394     9.9136    4.58877     22.784    31.9938    24.6200 0.0000e+00
 173.661852     22.561  35.087576     9.9291    4.67791     22.371    31.9976    24.6205 0.0000e+00
 173.661858     22.139  35.094700     9.9409    4.78042     21.953    31.9946    24.6162 0.0000e+00
 173.661863     21.698  35.099590     9.9756    4.91798     21.516    31.9690    24.5905 0.0000e+00
 173.661869     21.227  35.116056    10.0610    5.06355     21.049    31.9104    24.5307 0.0000e+00
 173.661875     20.722  35.162690    10.1938    5.16709     20.548    31.8407    24.4543 0.0000e+00
 173.661881     20.193  35.240005    10.3390    5.24740     20.023    31.7912    24.3915 0.0000e+00
 173.661887     19.653  35.326648    10.4782    5.28627     19.488    31.7565    24.3410 0.0000e+00
 173.661892     19.116  35.414829    10.6054    5.32528     18.956    31.7339    24.3018 0.0000e+00
 173.661898     18.598  35.502735    10.6980    5.35591     18.442    31.7410    24.2915 0.0000e+00
 173.661904     18.105  35.561268    10.7435    5.41183     17.953    31.7598    24.2983 0.0000e+00
 173.661910     17.631  35.575990    10.7575    5.45819     17.483    31.7625    24.2979 0.0000e+00
 173.661916     17.167  35.571033    10.7619    5.46863     17.023    31.7539    24.2905 0.0000e+00
 173.661921     16.696  35.561660    10.7982    5.54578     16.556    31.7134    24.2527 0.0000e+00
 173.661927     16.211  35.567331    10.8898    5.62728     16.075    31.6400    24.1797 0.0000e+00
 173.661933     15.723  35.607379    11.0005    5.79125     15.591    31.5843    24.1172 0.0000e+00
 173.661939     15.247  35.667367    11.0947    6.04512     15.119    31.5626    24.0838 0.0000e+00
 173.661944     14.792  35.722458    11.1647    6.31254     14.668    31.5569    24.0671 0.0000e+00
 173.661950     14.359  35.763709    11.2277    6.64203     14.239    31.5436    24.0456 0.0000e+00
 173.661956     13.929  35.807455    11.3438    6.96998     13.812    31.4874    23.9814 0.0000e+00
 173.661962     13.474  35.892971    11.6362    7.27596     13.361    31.3227    23.8011 0.0000e+00
 173.661968     12.988  36.116340    12.1189    7.51225     12.879    31.1333    23.5662 0.0000e+00
 173.661973     12.473  36.481013    12.5946    7.59469     12.369    31.0865    23.4409 0.0000e+00
 173.661979     11.939  36.807126    12.9474    7.56253     11.839    31.1038    23.3869 0.0000e+00
 173.661985     11.399  37.023808    13.2356    7.49039     11.304    31.0708    23.3054 0.0000e+00
 173.661991     10.857  37.215937    13.5047    7.42170     10.766    31.0306    23.2213 0.0000e+00
 173.661997     10.318  37.418778    13.7292    7.40665     10.232    31.0363    23.1810 0.0000e+00
 173.662002      9.794  37.595501    13.8743    7.41282      9.712    31.0818    23.1869 0.0000e+00
 173.662008      9.298  37.707538    13.9472    7.42138      9.220    31.1260    23.2063 0.0000e+00
 173.662014      8.833  37.760741    13.9784    7.39634      8.759    31.1498    23.2183 0.0000e+00
 173.662020      8.392  37.787372    14.0162    7.35868      8.322    31.1438    23.2059 0.0000e+00
 173.662025      7.962  37.825752    14.1146    7.30919      7.895    31.0996    23.1518 0.0000e+00
 173.662031      7.534  37.916960    14.2558    7.24128      7.471    31.0694    23.0995 0.0000e+00
 173.662037      7.102  38.046317    14.3708    7.14828      7.043    31.0949    23.0955 0.0000e+00
 173.662043      6.664  38.142899    14.4561    7.04589      6.608    31.1143    23.0928 0.0000e+00
 173.662049      6.218  38.207632    14.5546    6.96058      6.166    31.0942    23.0568 0.0000e+00
 173.662054      5.765  38.301608    14.6565    6.90846      5.717    31.0978    23.0383 0.0000e+00
 173.662060      5.315  38.404306    14.7221    6.85981      5.271    31.1383    23.0557 0.0000e+00
 173.662066      4.887  38.462527    14.7505    6.83323      4.846    31.1682    23.0728 0.0000e+00
 173.662072      4.491  38.484371    14.7609    6.70429      4.453    31.1797    23.0794 0.0000e+00
 173.662078      4.120  38.493370    14.7625    6.54796      4.086    31.1867    23.0845 0.0000e+00
 173.662083      3.766  38.494796    14.7609    6.40048      3.735    31.1894    23.0869 0.0000e+00
 173.662089      3.438  38.494477    14.7591    6.23437      3.409    31.1907    23.0882 0.0000e+00
 173.662095      3.149  38.497038    14.7553    6.05068      3.123    31.1961    23.0932 0.0000e+00
 173.662101      2.905  38.495237    14.7484    6.09544      2.881    31.2001    23.0977 0.0000e+00
 173.662106      2.699  38.485553    14.7402 -9.990e-29      2.676    31.1980    23.0978 0.0000e+00
 173.662112      2.524  38.468537    14.7265 -9.990e-29      2.503    31.1937    23.0974 0.0000e+00
 173.662118      2.381  38.441134    14.6984 -9.990e-29      2.361    31.1916    23.1016 -9.990e-29
 173.662124      2.273  38.407191    14.6577 -9.990e-29      2.254    31.1936    23.1117 -9.990e-29
 173.662130      2.197  38.382590    14.6174 -9.990e-29      2.179    31.2037    23.1280 -9.990e-29
 173.662135      2.146  38.374912    14.5878 -9.990e-29      2.128    31.2206    23.1471 -9.990e-29
 173.662141      2.110  38.365497    14.5624 -9.990e-29      2.092    31.2325    23.1616 -9.990e-29
 173.662147      2.089  38.337297    14.5331 -9.990e-29      2.072    31.2305    23.1662 -9.990e-29
 173.662153      2.076  38.300943    14.5177 -9.990e-29      2.059    31.2099    23.1536 -9.990e-29
 173.662159      2.070  38.274710 -9.990e-29 -9.990e-29      2.053 -9.990e-29 -9.990e-29 -9.990e-29
