data/oxygen options/ONMS/Olympic_Coast_National_Marine_Sanctuary_Hypoxia_Survey_CTD_Data_2004_2015/raw_data/2005/CTD_TH90_062205faedb.cnv
* Sea-Bird SBE19 Data File:
* FileName = C:\hypoxia CTD data\TH90_062205.hex
* Software Version 1.1.5
* Temperature SN = 2997
* Conductivity SN = 2997
* System UpLoad Time = Jun 22 2005 12:48:49
* SEACAT PROFILER V3.1c SN 2997   06/22/05  12:48:28.746
* strain gauge pressure sensor: S/N = 184829,  range = 3000 psia,  tc = 40
# nquan = 9
# nvalues = 89                          
# units = specified
# name 0 = timeJ: Julian Days
# name 1 = prSM: Pressure, Strain Gauge [db]
# name 2 = c0mS/cm: Conductivity [mS/cm]
# name 3 = t090C: Temperature [ITS-90, deg C]
# name 4 = oxML/L: Oxygen, Beckman/YSI [ml/l]
# name 5 = depSM: Depth [salt water, m], lat = 47.5
# name 6 = sal00: Salinity, Practical [PSU]
# name 7 = sigma-é00: Density [sigma-theta, kg/m^3]
# name 8 = flag: flag
# span 0 = 173.490544, 173.491665       
# span 1 =      3.000,     91.000       
# span 2 =  34.829277,  38.086410       
# span 3 =     7.7974,    14.4251       
# span 4 =    2.79446,    7.21954       
# span 5 =      2.975,     90.221       
# span 6 =    31.0893,    33.6744       
# span 7 =    23.0799,    26.2630       
# span 8 = 0.0000e+00, 0.0000e+00       
# interval = decibars: 1                
# start_time = Jun 22 2005 11:42:11 [Instrument's time stamp, header]
# bad_flag = -9.990e-29
*END*
 173.490544      3.000  38.086410    14.4251    7.06452      2.975    31.0893    23.0799 0.0000e+00
 173.490568      4.000  38.072963    14.4068    7.05151      3.966    31.0914    23.0853 0.0000e+00
 173.490585      5.000  38.054919    14.3855    7.07160      4.958    31.0917    23.0899 0.0000e+00
 173.490598      6.000  38.039041    14.3682    7.09368      5.950    31.0908    23.0929 0.0000e+00
 173.490611      7.000  38.028794    14.3515    7.09223      6.942    31.0945    23.0992 0.0000e+00
 173.490623      8.000  38.006807    14.3242    7.08521      7.933    31.0960    23.1060 0.0000e+00
 173.490635      9.000  37.971189    14.2624    7.16627      8.924    31.1129    23.1318 0.0000e+00
 173.490646     10.000  37.893132    14.1510    7.15329      9.916    31.1310    23.1687 0.0000e+00
 173.490659     11.000  37.807513    14.0675    7.20201     10.908    31.1198    23.1771 0.0000e+00
 173.490671     12.000  37.725577    13.8889    7.21954     11.900    31.1888    23.2666 0.0000e+00
 173.490683     13.000  37.586753    13.6775    7.11259     12.891    31.2324    23.3429 0.0000e+00
 173.490694     14.000  37.438210    13.4166    6.77968     13.883    31.3077    23.4530 0.0000e+00
 173.490704     15.000  37.236729    13.0260    6.37062     14.875    31.4413    23.6329 0.0000e+00
 173.490715     16.000  36.910057    12.4615    6.09062     15.866    31.6033    23.8664 0.0000e+00
 173.490725     17.000  36.505159    11.8377    5.82470     16.858    31.7430    24.0906 0.0000e+00
 173.490737     18.000  36.058747    11.2738    5.48482     17.849    31.7915    24.2300 0.0000e+00
 173.490748     19.000  35.764340    11.0373    5.19875     18.841    31.7058    24.2052 0.0000e+00
 173.490760     20.000  35.609878    10.7671    5.00213     19.832    31.7868    24.3152 0.0000e+00
 173.490771     21.000  35.398443    10.5095    4.86750     20.824    31.8003    24.3698 0.0000e+00
 173.490783     22.000  35.257890    10.3671    4.72668     21.815    31.7838    24.3810 0.0000e+00
 173.490795     23.000  35.193364    10.2720    4.57787     22.807    31.8020    24.4111 0.0000e+00
 173.490805     24.000  35.139992    10.1710    4.51433     23.798    31.8365    24.4549 0.0000e+00
 173.490817     25.000  35.091499    10.0977    4.50856     24.790    31.8516    24.4789 0.0000e+00
 173.490828     26.000  35.063152    10.0672    4.49710     25.782    31.8495    24.4822 0.0000e+00
 173.490840     27.000  35.055430    10.0391    4.49659     26.773    31.8660    24.4998 0.0000e+00
 173.490852     28.000  35.041563     9.9871    4.50298     27.764    31.8975    24.5329 0.0000e+00
 173.490864     29.000  35.014434     9.9488    4.47807     28.756    31.9034    24.5438 0.0000e+00
 173.490877     30.000  35.009847     9.9295    4.45641     29.747    31.9154    24.5564 0.0000e+00
 173.490888     31.000  35.009992     9.8884    4.41598     30.739    31.9515    24.5913 0.0000e+00
 173.490899     32.000  35.018693     9.8617    4.36831     31.730    31.9836    24.6207 0.0000e+00
 173.490910     33.000  35.025216     9.8281    4.31952     32.722    32.0196    24.6543 0.0000e+00
 173.490921     34.000  35.014368     9.7630    4.26454     33.713    32.0660    24.7011 0.0000e+00
 173.490932     35.000  34.988390     9.6807    4.22195     34.705    32.1125    24.7508 0.0000e+00
 173.490942     36.000  34.977500     9.6317    4.16771     35.696    32.1447    24.7839 0.0000e+00
 173.490954     37.000  34.979631     9.5909    4.09513     36.688    32.1830    24.8203 0.0000e+00
 173.490967     38.000  34.941647     9.4811    4.05073     37.680    32.2423    24.8843 0.0000e+00
 173.490979     39.000  34.911198     9.3872    4.02796     38.671    32.2952    24.9406 0.0000e+00
 173.490990     40.000  34.915605     9.3420    4.02484     39.662    32.3401    24.9829 0.0000e+00
 173.491002     41.000  34.934248     9.3139    4.01886     40.654    32.3843    25.0219 0.0000e+00
 173.491015     42.000  34.949433     9.2867    3.96988     41.645    32.4241    25.0574 0.0000e+00
 173.491027     43.000  34.953692     9.2296    3.91844     42.637    32.4800    25.1101 0.0000e+00
 173.491040     44.000  34.952290     9.1719    3.88143     43.629    32.5306    25.1588 0.0000e+00
 173.491052     45.000  34.948212     9.1521    3.85698     44.620    32.5440    25.1725 0.0000e+00
 173.491065     46.000  34.952729     9.1306    3.86516     45.611    32.5680    25.1945 0.0000e+00
 173.491077     47.000  34.974564     9.0899    3.91723     46.602    32.6274    25.2474 0.0000e+00
 173.491089     48.000  35.014039     9.0570    3.98042     47.594    32.6980    25.3078 0.0000e+00
 173.491101     49.000  35.058295     9.0000    4.01006     48.585    32.7960    25.3934 0.0000e+00
 173.491113     50.000  35.088478     8.9514    4.05124     49.577    32.8719    25.4604 0.0000e+00
 173.491125     51.000  35.108453     8.9205    4.10151     50.568    32.9208    25.5035 0.0000e+00
 173.491137     52.000  35.139311     8.8742    4.06678     51.559    32.9955    25.5692 0.0000e+00
 173.491150     53.000  35.148193     8.8253    3.86801     52.551    33.0498    25.6193 0.0000e+00
 173.491164     54.000  35.105613     8.6995    3.61827     53.543    33.1224    25.6954 0.0000e+00
 173.491179     55.000  35.038923     8.6133    3.48622     54.534    33.1326    25.7167 0.0000e+00
 173.491193     56.000  35.031768     8.5963    3.40174     55.525    33.1405    25.7256 0.0000e+00
 173.491206     57.000  35.003995     8.5432    3.32165     56.516    33.1607    25.7494 0.0000e+00
 173.491218     58.000  34.986256     8.5047    3.27709     57.508    33.1778    25.7687 0.0000e+00
 173.491230     59.000  34.975081     8.4526    3.20403     58.499    33.2145    25.8054 0.0000e+00
 173.491241     60.000  34.959116     8.3608    3.14610     59.490    33.2839    25.8736 0.0000e+00
 173.491253     61.000  34.940685     8.2846    3.10344     60.482    33.3361    25.9260 0.0000e+00
 173.491264     62.000  34.928375     8.2270    3.06649     61.473    33.3772    25.9668 0.0000e+00
 173.491276     63.000  34.914354     8.1254    3.01654     62.465    33.4587    26.0458 0.0000e+00
 173.491288     64.000  34.896047     8.0436    2.97789     63.456    33.5168    26.1035 0.0000e+00
 173.491299     65.000  34.885069     8.0002    2.95172     64.447    33.5461    26.1330 0.0000e+00
 173.491311     66.000  34.877369     7.9731    2.93768     65.439    33.5635    26.1506 0.0000e+00
 173.491323     67.000  34.874659     7.9668    2.92151     66.430    33.5662    26.1537 0.0000e+00
 173.491337     68.000  34.870773     7.9487    2.91029     67.421    33.5788    26.1663 0.0000e+00
 173.491350     69.000  34.865254     7.9314    2.88397     68.413    33.5891    26.1768 0.0000e+00
 173.491363     70.000  34.863411     7.9153    2.84599     69.404    33.6022    26.1895 0.0000e+00
 173.491376     71.000  34.855477     7.8757    2.80110     70.395    33.6313    26.2181 0.0000e+00
 173.491387     72.000  34.847095     7.8402    2.79446     71.387    33.6560    26.2428 0.0000e+00
 173.491398     73.000  34.841155     7.8195    2.80313     72.378    33.6691    26.2561 0.0000e+00
 173.491409     74.000  34.837416     7.8128    2.80992     73.369    33.6711    26.2586 0.0000e+00
 173.491421     75.000  34.836010     7.8115    2.81991     74.361    33.6704    26.2583 0.0000e+00
 173.491434     76.000  34.837540     7.8175    2.82767     75.352    33.6658    26.2538 0.0000e+00
 173.491449     77.000  34.839956     7.8222    2.82704     76.343    33.6634    26.2512 0.0000e+00
 173.491464     78.000  34.836058     7.8111    2.82561     77.334    33.6694    26.2576 0.0000e+00
 173.491476     79.000  34.833526     7.8063    2.81862     78.326    33.6708    26.2594 0.0000e+00
 173.491488     80.000  34.831879     7.8035    2.82297     79.317    33.6713    26.2602 0.0000e+00
 173.491499     81.000  34.830845     7.8015    2.82848     80.308    33.6716    26.2608 0.0000e+00
 173.491511     82.000  34.833369     7.8010    2.82593     81.300    33.6744    26.2630 0.0000e+00
 173.491524     83.000  34.834461     7.8022    2.82556     82.291    33.6739    26.2625 0.0000e+00
 173.491539     84.000  34.832940     7.8007    2.82019     83.282    33.6733    26.2622 0.0000e+00
 173.491554     85.000  34.830063     7.7976    2.82237     84.273    33.6727    26.2622 0.0000e+00
 173.491566     86.000  34.829280     7.7974    2.81822     85.264    33.6715    26.2613 0.0000e+00
 173.491579     87.000  34.829277     7.7984    2.80826     86.256    33.6701    26.2601 0.0000e+00
 173.491591     88.000  34.829873     7.7982    2.81727     87.247    33.6704    26.2604 0.0000e+00
 173.491605     89.000  34.831858     7.7987    2.80931     88.238    33.6716    26.2613 0.0000e+00
 173.491622     90.000  34.832788     7.7988    2.82130     89.229    33.6720    26.2616 0.0000e+00
 173.491665     91.000  34.830931     7.8000    2.81559     90.221    33.6684    26.2586 0.0000e+00
