data/oxygen options/ONMS/Olympic_Coast_National_Marine_Sanctuary_Hypoxia_Survey_CTD_Data_2004_2015/raw_data/2005/CTD_TH60_081505faedb.cnv
* Sea-Bird SBE19 Data File:
* FileName = C:\Hypoxia Data\TH60_081505.hex
* Software Version 1.1.6
* Temperature SN = 2997
* Conductivity SN = 2997
* System UpLoad Time = Aug 15 2005 18:27:42
* SEACAT PROFILER V3.1c SN 2997   08/15/05  18:26:42.323
* strain gauge pressure sensor: S/N = 184829,  range = 3000 psia,  tc = 40
# nquan = 9
# nvalues = 55                          
# units = specified
# name 0 = timeJ: Julian Days
# name 1 = prSM: Pressure, Strain Gauge [db]
# name 2 = c0mS/cm: Conductivity [mS/cm]
# name 3 = t090C: Temperature [ITS-90, deg C]
# name 4 = oxML/L: Oxygen, Beckman/YSI [ml/l]
# name 5 = depSM: Depth [salt water, m], lat = 47.5
# name 6 = sal00: Salinity, Practical [PSU]
# name 7 = sigma-é00: Density [sigma-theta, kg/m^3]
# name 8 = flag: flag
# span 0 =   7.638638, 227.711053       
# span 1 =      0.202,     59.000       
# span 2 =   1.243791,  36.997686       
# span 3 =     0.4152,    12.3511       
# span 4 =    0.22172,    6.59528       
# span 5 =      0.200,     58.499       
# span 6 =     1.0680,    33.7966       
# span 7 =     0.8072,    26.4149       
# span 8 = 0.0000e+00, 0.0000e+00       
# interval = decibars: 1                
# start_time = Aug 15 2005 16:57:16 [Instrument's time stamp, header]
# bad_flag = -9.990e-29
*END*
   7.638638      1.000   1.243791     0.4152    0.22172      0.200     1.0680     0.8072 0.0000e+00
 227.218134      6.000  36.997686    12.3511    6.59528      5.950    31.7692    24.0119 0.0000e+00
 227.710458      7.000  36.932938    11.9013    6.26452      6.942    32.1063    24.3608 0.0000e+00
 227.710471      8.000  36.583758    11.3453    6.16649      7.933    32.2483    24.5722 0.0000e+00
 227.710482      9.000  36.365504    11.0572    6.11075      8.925    32.2855    24.6525 0.0000e+00
 227.710493     10.000  36.227774    10.8724    5.97026      9.916    32.3115    24.7051 0.0000e+00
 227.710503     11.000  36.143812    10.7675    5.79999     10.908    32.3203    24.7303 0.0000e+00
 227.710513     12.000  36.082751    10.6195    5.69115     11.900    32.3902    24.8103 0.0000e+00
 227.710523     13.000  35.910131    10.3190    5.66069     12.891    32.4847    24.9351 0.0000e+00
 227.710532     14.000  35.685742    10.0075    5.62993     13.883    32.5373    25.0284 0.0000e+00
 227.710542     15.000  35.464083     9.7626    5.48264     14.875    32.5326    25.0652 0.0000e+00
 227.710552     16.000  35.326300     9.5967    5.22427     15.866    32.5415    25.0991 0.0000e+00
 227.710562     17.000  35.241882     9.4680    4.89514     16.857    32.5714    25.1432 0.0000e+00
 227.710573     18.000  35.177075     9.3611    4.55850     17.849    32.6016    25.1840 0.0000e+00
 227.710583     19.000  35.148459     9.2788    4.40773     18.840    32.6469    25.2324 0.0000e+00
 227.710593     20.000  35.136580     9.2298    4.34041     19.832    32.6790    25.2653 0.0000e+00
 227.710603     21.000  35.120897     9.1752    4.21007     20.823    32.7123    25.3000 0.0000e+00
 227.710613     22.000  35.075865     9.0664    4.01782     21.815    32.7652    25.3585 0.0000e+00
 227.710623     23.000  35.006454     8.9454    3.84907     22.807    32.8042    25.4079 0.0000e+00
 227.710633     24.000  34.943483     8.8310    3.80206     23.798    32.8439    25.4567 0.0000e+00
 227.710643     25.000  34.895869     8.7479    3.88096     24.790    32.8707    25.4905 0.0000e+00
 227.710653     26.000  34.871071     8.6984    3.97597     25.782    32.8903    25.5134 0.0000e+00
 227.710664     27.000  34.861955     8.6695    4.04733     26.773    32.9072    25.5311 0.0000e+00
 227.710673     28.000  34.853580     8.6383    4.12116     27.764    32.9270    25.5514 0.0000e+00
 227.710683     29.000  34.838661     8.6014    4.17123     28.756    32.9453    25.5714 0.0000e+00
 227.710693     30.000  34.823351     8.5729    4.24241     29.747    32.9553    25.5835 0.0000e+00
 227.710703     31.000  34.811489     8.5403    4.30352     30.739    32.9728    25.6022 0.0000e+00
 227.710715     32.000  34.796204     8.5138    4.31755     31.730    32.9810    25.6127 0.0000e+00
 227.710726     33.000  34.784325     8.4659    4.38927     32.722    33.0129    25.6449 0.0000e+00
 227.710737     34.000  34.737637     8.3430    4.48051     33.714    33.0784    25.7147 0.0000e+00
 227.710748     35.000  34.678144     8.2331    4.52335     34.705    33.1184    25.7625 0.0000e+00
 227.710758     36.000  34.639143     8.1626    4.54362     35.696    33.1431    25.7923 0.0000e+00
 227.710768     37.000  34.619157     8.1099    4.56140     36.688    33.1712    25.8222 0.0000e+00
 227.710777     38.000  34.601491     8.0803    4.54254     37.679    33.1800    25.8334 0.0000e+00
 227.710788     39.000  34.595927     8.0702    4.49410     38.671    33.1832    25.8375 0.0000e+00
 227.710798     40.000  34.588338     8.0333    4.47232     39.662    33.2096    25.8636 0.0000e+00
 227.710808     41.000  34.570670     7.9710    4.44329     40.654    33.2495    25.9040 0.0000e+00
 227.710820     42.000  34.547351     7.8834    4.38558     41.645    33.3075    25.9623 0.0000e+00
 227.710831     43.000  34.522800     7.8202    4.32288     42.637    33.3410    25.9978 0.0000e+00
 227.710841     44.000  34.518926     7.7963    4.27665     43.628    33.3593    26.0156 0.0000e+00
 227.710852     45.000  34.520069     7.7838    4.25351     44.620    33.3720    26.0274 0.0000e+00
 227.710863     46.000  34.522060     7.7732    4.21840     45.611    33.3838    26.0383 0.0000e+00
 227.710874     47.000  34.525000     7.7579    4.17690     46.602    33.4011    26.0541 0.0000e+00
 227.710885     48.000  34.525572     7.7373    4.14257     47.594    33.4210    26.0727 0.0000e+00
 227.710897     49.000  34.527601     7.7059    4.04121     48.585    33.4528    26.1022 0.0000e+00
 227.710910     50.000  34.532042     7.6588    3.85588     49.576    33.5025    26.1480 0.0000e+00
 227.710922     51.000  34.544471     7.5653    3.62920     50.568    33.6057    26.2425 0.0000e+00
 227.710935     52.000  34.564027     7.4763    3.47122     51.559    33.7126    26.3392 0.0000e+00
 227.710947     53.000  34.572889     7.4356    3.41372     52.551    33.7614    26.3833 0.0000e+00
 227.710959     54.000  34.573408     7.4203    3.41578     53.542    33.7764    26.3972 0.0000e+00
 227.710971     55.000  34.573556     7.4154    3.42886     54.534    33.7809    26.4015 0.0000e+00
 227.710983     56.000  34.574912     7.4133    3.42835     55.525    33.7838    26.4041 0.0000e+00
 227.710995     57.000  34.578287     7.4115    3.40846     56.516    33.7888    26.4083 0.0000e+00
 227.711010     58.000  34.582106     7.4106    3.41787     57.508    33.7934    26.4120 0.0000e+00
 227.711053     59.000  34.583419     7.4083    3.38994     58.499    33.7966    26.4149 0.0000e+00
