data/oxygen options/ONMS/Olympic_Coast_National_Marine_Sanctuary_Hypoxia_Survey_CTD_Data_2004_2015/raw_data/2005/CTD_CE30_062105faed.cnv
* Sea-Bird SBE19 Data File:
* FileName = C:\hypoxia CTD data\CE30_062105.hex
* Software Version 1.1.5
* Temperature SN = 2997
* Conductivity SN = 2997
* System UpLoad Time = Jun 21 2005 16:22:14
* SEACAT PROFILER V3.1c SN 2997   06/21/05  16:21:30.476
* strain gauge pressure sensor: S/N = 184829,  range = 3000 psia,  tc = 40
# nquan = 9                                 
# nvalues = 528                         
# units = specified
# name 0 = timeJ: Julian Days
# name 1 = prSM: Pressure, Strain Gauge [db]
# name 2 = c0mS/cm: Conductivity [mS/cm]
# name 3 = t090C: Temperature [ITS-90, deg C]
# name 4 = oxML/L: Oxygen, Beckman/YSI [ml/l]
# name 5 = depSM: Depth [salt water, m], lat = 47.5
# name 6 = sal00: Salinity, Practical [PSU]
# name 7 = sigma-é00: Density [sigma-theta, kg/m^3]
# name 8 = flag: flag
# span 0 = 172.500081, 172.503131       
# span 1 =     -3.861,     29.618       
# span 2 =   0.494898,  38.112255       
# span 3 =     9.7804,    16.9037       
# span 4 =   -0.11458,   23.20180       
# span 5 =     -3.829,     29.369       
# span 6 =     0.2957,    32.6828       
# span 7 =    -0.7435,    25.1774       
# span 8 = 0.0000e+00, 0.0000e+00       
# interval = seconds: 0.5
# start_time = Jun 21 2005 12:00:07 [Instrument's time stamp, header]
# bad_flag = -9.990e-29
*END*
[from data line 481]
 172.502865     19.883  35.614678     9.8953    4.06969     19.716    32.5638    25.0678 0.0000e+00
 172.502870     19.414  35.614768     9.9270    4.11162     19.251    32.5355    25.0405 0.0000e+00
 172.502876     18.945  35.612778     9.9815    4.11072     18.786    32.4846    24.9917 0.0000e+00
 172.502882     18.476  35.609967    10.0520    4.11510     18.321    32.4186    24.9286 0.0000e+00
 172.502888     18.007  35.611553    10.1374    4.14763     17.856    32.3440    24.8561 0.0000e+00
 172.502894     17.533  35.619092    10.2304    4.29435     17.386    32.2689    24.7820 0.0000e+00
 172.502899     17.055  35.633676    10.3089    4.50731     16.912    32.2140    24.7260 0.0000e+00
 172.502905     16.572  35.656824    10.3625    4.75131     16.433    32.1900    24.6982 0.0000e+00
 172.502911     16.083  35.679055    10.4166    4.99838     15.948    32.1646    24.6693 0.0000e+00
 172.502917     15.592  35.700314    10.5433    5.26012     15.461    32.0743    24.5774 0.0000e+00
 172.502922     15.096  35.747273    10.8668    5.58883     14.969    31.8383    24.3380 0.0000e+00
 172.502928     14.594  35.869091    11.4383    6.02996     14.472    31.4667    23.9485 0.0000e+00
 172.502934     14.090  36.072910    12.1008    6.47154     13.972    31.1064    23.5487 0.0000e+00
 172.502940     13.588  36.283513    12.6616    6.80434     13.474    30.8442    23.2407 0.0000e+00
 172.502946     13.091  36.453841    13.1224    6.92086     12.981    30.6301    22.9868 0.0000e+00
 172.502951     12.593  36.623310    13.5950    6.89523     12.488    30.4093    22.7236 0.0000e+00
 172.502957     12.097  36.835750    14.0970    6.83613     11.996    30.2082    22.4680 0.0000e+00
 172.502963     11.609  37.075069    14.5417    6.83880     11.512    30.0790    22.2776 0.0000e+00
 172.502969     11.133  37.285320    14.8242    6.89650     11.040    30.0499    22.1965 0.0000e+00
 172.502975     10.669  37.413300    14.8903    6.96212     10.580    30.1137    22.2317 0.0000e+00
 172.502980     10.207  37.447494    14.7966    6.98948     10.122    30.2169    22.3308 0.0000e+00
 172.502986      9.741  37.407194    14.7465    6.98547      9.659    30.2198    22.3434 0.0000e+00
 172.502992      9.265  37.363157    14.9348    6.96051      9.187    30.0351    22.1619 0.0000e+00
 172.502998      8.776  37.410833    15.2898    6.95534      8.703    29.8066    21.9110 0.0000e+00
 172.503003      8.277  37.522919    15.5900    6.90739      8.208    29.6790    21.7486 0.0000e+00
 172.503009      7.778  37.609467    15.7603    6.81845      7.713    29.6273    21.6721 0.0000e+00
 172.503015      7.287  37.662034    15.8545    6.74117      7.226    29.6030    21.6329 0.0000e+00
 172.503021      6.805  37.709272    15.9232    6.66729      6.748    29.5932    21.6103 0.0000e+00
 172.503027      6.337  37.758114    15.9940    6.65469      6.284    29.5831    21.5871 0.0000e+00
 172.503032      5.883  37.804156    16.0683    6.69343      5.834    29.5681    21.5592 0.0000e+00
 172.503038      5.439  37.839262    16.1322    6.68029      5.394    29.5512    21.5322 0.0000e+00
 172.503044      5.003  37.862026    16.1793    6.63340      4.961    29.5362    21.5103 0.0000e+00
 172.503050      4.573  37.882627    16.2335    6.45966      4.535    29.5140    21.4813 0.0000e+00
 172.503056      4.151  37.903311    16.3434    6.27166      4.116    29.4509    21.4085 0.0000e+00
 172.503061      3.740  37.914092    16.5000    6.05734      3.709    29.3451    21.2925 0.0000e+00
 172.503067      3.340  37.888410    16.6405    5.89697      3.312    29.2206    21.1655 0.0000e+00
 172.503073      2.960  37.790923    16.7360    5.74506      2.935    29.0679    21.0271 0.0000e+00
 172.503079      2.614  37.639730    16.7896 -9.990e-29      2.592    28.9003    20.8867 0.0000e+00
 172.503084      2.309  37.504122    16.8034 -9.990e-29      2.290    28.7749    20.7875 0.0000e+00
 172.503090      2.052  37.416956    16.7803 -9.990e-29      2.035    28.7171    20.7485 0.0000e+00
 172.503096      1.844  37.355667    16.7336 -9.990e-29      1.829    28.6983    20.7446 0.0000e+00
 172.503102      1.679  37.303024    16.6779 -9.990e-29      1.665    28.6932    20.7531 -9.990e-29
 172.503108      1.557  37.279670    16.6215 -9.990e-29      1.544    28.7136    20.7814 -9.990e-29
 172.503113      1.469  37.301000    16.5669 -9.990e-29      1.457    28.7710    20.8376 -9.990e-29
 172.503119      1.405  37.346098    16.5110 -9.990e-29      1.393    28.8499    20.9105 -9.990e-29
 172.503125      1.366  37.393219    16.4823 -9.990e-29      1.355    28.9111    20.9637 -9.990e-29
 172.503131      1.353  37.433409 -9.990e-29 -9.990e-29      1.342 -9.990e-29 -9.990e-29 -9.990e-29
