data/oxygen options/ONMS/Olympic_Coast_National_Marine_Sanctuary_Hypoxia_Survey_CTD_Data_2004_2015/raw_data/2005/CTD_CA70_052405faedb.cnv
* Sea-Bird SBE19 Data File:
* FileName = C:\Documents and Settings\kirner.PTANGELES\Desktop\hypoxia CTD data\CA70_052405.hex
* Software Version 1.1.5
* Temperature SN = 2997
* Conductivity SN = 2997
* System UpLoad Time = May 24 2005 15:30:20
* SEACAT PROFILER V3.1c SN 2997   05/24/05  15:29:27.490
* strain gauge pressure sensor: S/N = 184829,  range = 3000 psia,  tc = 40
# nquan = 9
# nvalues = 70                          
# units = specified
# name 0 = timeJ: Julian Days
# name 1 = prSM: Pressure, Strain Gauge [db]
# name 2 = c0mS/cm: Conductivity [mS/cm]
# name 3 = t090C: Temperature [ITS-90, deg C]
# name 4 = oxML/L: Oxygen, Beckman/YSI [ml/l]
# name 5 = depSM: Depth [salt water, m], lat = 47.5
# name 6 = sal00: Salinity, Practical [PSU]
# name 7 = sigma-é00: Density [sigma-theta, kg/m^3]
# name 8 = flag: flag
# span 0 = 144.591525, 144.592469       
# span 1 =      3.000,     72.000       
# span 2 =  32.563880,  37.075799       
# span 3 =     8.4085,    14.1790       
# span 4 =    2.75773,    6.35897       
# span 5 =      2.975,     71.387       
# span 6 =    26.3138,    33.4918       
# span 7 =    19.4513,    26.0292       
# span 8 = 0.0000e+00, 0.0000e+00       
# interval = decibars: 1                
# start_time = May 24 2005 14:08:21 [Instrument's time stamp, header]
# bad_flag = -9.990e-29
*END*
 144.591525      3.000  32.582138    14.1790    6.16522      2.975    26.3138    19.4513 0.0000e+00
 144.591552      4.000  32.563880    14.0287    6.07143      3.967    26.3999    19.5468 0.0000e+00
 144.591571      5.000  32.565869    13.7248    5.85713      4.958    26.6104    19.7678 0.0000e+00
 144.591587      6.000  32.982074    13.4663    5.75296      5.950    27.1698    20.2484 0.0000e+00
 144.591602      7.000  34.000675    13.1859    5.71707      6.941    28.3077    21.1800 0.0000e+00
 144.591617      8.000  34.518808    13.0365    5.77686      7.934    28.8982    21.6645 0.0000e+00
 144.591633      9.000  34.919339    12.9284    5.82732      8.924    29.3532    22.0366 0.0000e+00
 144.591648     10.000  35.011348    12.9389    5.99698      9.917    29.4306    22.0944 0.0000e+00
 144.591662     11.000  35.368383    12.9662    6.22559     10.908    29.7420    22.3301 0.0000e+00
 144.591674     12.000  35.840438    12.9614    6.24811     11.899    30.1864    22.6747 0.0000e+00
 144.591686     13.000  36.185404    12.9421    6.27392     12.891    30.5245    22.9398 0.0000e+00
 144.591697     14.000  36.519510    12.8329    6.33649     13.883    30.9267    23.2719 0.0000e+00
 144.591708     15.000  36.653742    12.6560    6.35897     14.874    31.1985    23.5160 0.0000e+00
 144.591720     16.000  36.632947    12.5252    6.33182     15.866    31.2867    23.6091 0.0000e+00
 144.591731     17.000  36.585409    12.4273    6.30163     16.857    31.3226    23.6555 0.0000e+00
 144.591742     18.000  36.523730    12.3436    6.28803     17.849    31.3333    23.6795 0.0000e+00
 144.591753     19.000  36.474621    12.2948    6.29038     18.840    31.3268    23.6836 0.0000e+00
 144.591765     20.000  36.468755    12.2798    6.26425     19.832    31.3334    23.6915 0.0000e+00
 144.591776     21.000  36.468735    12.2524    6.20768     20.823    31.3558    23.7141 0.0000e+00
 144.591787     22.000  36.440922    12.1977    6.12160     21.815    31.3747    23.7390 0.0000e+00
 144.591799     23.000  36.403095    12.1437    6.05021     22.807    31.3833    23.7556 0.0000e+00
 144.591810     24.000  36.386024    12.0900    6.01081     23.799    31.4116    23.7876 0.0000e+00
 144.591822     25.000  36.381310    12.0161    5.93071     24.789    31.4689    23.8457 0.0000e+00
 144.591834     26.000  36.379511    11.9509    5.88843     25.781    31.5219    23.8987 0.0000e+00
 144.591846     27.000  36.373527    11.8921    5.91074     26.773    31.5654    23.9434 0.0000e+00
 144.591858     28.000  36.365286    11.8445    5.95641     27.764    31.5975    23.9770 0.0000e+00
 144.591869     29.000  36.423571    11.8694    6.00601     28.756    31.6323    23.9994 0.0000e+00
 144.591880     30.000  36.590689    11.9183    6.03547     29.747    31.7515    24.0830 0.0000e+00
 144.591891     31.000  36.667018    11.9120    6.06203     30.739    31.8301    24.1452 0.0000e+00
 144.591901     32.000  36.704534    11.8817    6.08815     31.730    31.8919    24.1987 0.0000e+00
 144.591913     33.000  36.774187    11.8450    6.09034     32.722    31.9903    24.2819 0.0000e+00
 144.591923     34.000  36.865779    11.8225    6.08367     33.714    32.0980    24.3696 0.0000e+00
 144.591935     35.000  36.968736    11.8155    6.05901     34.705    32.2033    24.4527 0.0000e+00
 144.591948     36.000  37.040893    11.8157    6.03800     35.697    32.2726    24.5065 0.0000e+00
 144.591961     37.000  37.074682    11.8152    6.03172     36.688    32.3054    24.5320 0.0000e+00
 144.591973     38.000  37.075799    11.8093    6.06315     37.680    32.3113    24.5377 0.0000e+00
 144.591984     39.000  37.064793    11.7862    6.03161     38.671    32.3202    24.5489 0.0000e+00
 144.591996     40.000  37.029900    11.7359    5.83911     39.662    32.3296    24.5655 0.0000e+00
 144.592007     41.000  36.968579    11.6294    5.60941     40.654    32.3624    24.6104 0.0000e+00
 144.592020     42.000  36.775405    11.3279    5.38092     41.645    32.4372    24.7229 0.0000e+00
 144.592032     43.000  36.477550    11.0015    5.15899     42.637    32.4308    24.7760 0.0000e+00
 144.592046     44.000  36.251431    10.7582    4.93771     43.628    32.4216    24.8113 0.0000e+00
 144.592058     45.000  36.053199    10.5012    4.76550     44.620    32.4517    24.8791 0.0000e+00
 144.592070     46.000  35.844912    10.2386    4.63523     45.611    32.4767    24.9432 0.0000e+00
 144.592082     47.000  35.665661    10.0359    4.49887     46.602    32.4771    24.9774 0.0000e+00
 144.592094     48.000  35.563568     9.9037    4.36273     47.594    32.4920    25.0109 0.0000e+00
 144.592106     49.000  35.488181     9.7689    4.23792     48.585    32.5364    25.0677 0.0000e+00
 144.592118     50.000  35.401033     9.6098    4.13011     49.577    32.5911    25.1363 0.0000e+00
 144.592130     51.000  35.333256     9.4995    4.02502     50.568    32.6214    25.1778 0.0000e+00
 144.592142     52.000  35.298348     9.4405    3.93650     51.560    32.6389    25.2010 0.0000e+00
 144.592154     53.000  35.279502     9.3553    3.84463     52.551    32.6969    25.2600 0.0000e+00
 144.592166     54.000  35.246368     9.2219    3.72981     53.542    32.7845    25.3496 0.0000e+00
 144.592179     55.000  35.238168     9.1258    3.60791     54.534    32.8640    25.4270 0.0000e+00
 144.592192     56.000  35.275491     9.0648    3.52901     55.525    32.9585    25.5106 0.0000e+00
 144.592206     57.000  35.297099     9.0530    3.49969     56.517    32.9915    25.5383 0.0000e+00
 144.592220     58.000  35.295672     9.0386    3.41599     57.508    33.0028    25.5494 0.0000e+00
 144.592234     59.000  35.305489     8.9749    3.29873     58.499    33.0718    25.6133 0.0000e+00
 144.592246     60.000  35.306633     8.9197    3.19141     59.490    33.1240    25.6628 0.0000e+00
 144.592259     61.000  35.299480     8.8502    3.05025     60.482    33.1810    25.7182 0.0000e+00
 144.592272     62.000  35.288529     8.7488    2.90083     61.474    33.2641    25.7991 0.0000e+00
 144.592286     63.000  35.266578     8.5983    2.81522     62.465    33.3824    25.9149 0.0000e+00
 144.592299     64.000  35.240657     8.4858    2.79232     63.456    33.4612    25.9938 0.0000e+00
 144.592312     65.000  35.221519     8.4355    2.78392     64.447    33.4882    26.0226 0.0000e+00
 144.592325     66.000  35.213209     8.4226    2.77922     65.439    33.4912    26.0269 0.0000e+00
 144.592338     67.000  35.209598     8.4182    2.78366     66.430    33.4911    26.0275 0.0000e+00
 144.592350     68.000  35.206628     8.4140    2.78110     67.421    33.4915    26.0285 0.0000e+00
 144.592364     69.000  35.204877     8.4112    2.77736     68.413    33.4918    26.0292 0.0000e+00
 144.592380     70.000  35.204559     8.4136    2.76893     69.404    33.4887    26.0265 0.0000e+00
 144.592400     71.000  35.204388     8.4105    2.76931     70.395    33.4911    26.0287 0.0000e+00
 144.592469     72.000  35.197692     8.4085    2.75773     71.387    33.4854    26.0247 0.0000e+00
