data/oxygen options/ONMS/Olympic_Coast_National_Marine_Sanctuary_Hypoxia_Survey_CTD_Data_2004_2015/raw_data/2005/CTD_CA100_081505faed.cnv
* Sea-Bird SBE19 Data File:
* FileName = C:\Hypoxia Data\CA100_081505.hex
* Software Version 1.1.6
* Temperature SN = 2997
* Conductivity SN = 2997
* System UpLoad Time = Aug 15 2005 14:47:56
* SEACAT PROFILER V3.1c SN 2997   08/15/05  14:47:11.735
* strain gauge pressure sensor: S/N = 184829,  range = 3000 psia,  tc = 40
# nquan = 9                                 
# nvalues = 929                         
# units = specified
# name 0 = timeJ: Julian Days
# name 1 = prSM: Pressure, Strain Gauge [db]
# name 2 = c0mS/cm: Conductivity [mS/cm]
# name 3 = t090C: Temperature [ITS-90, deg C]
# name 4 = oxML/L: Oxygen, Beckman/YSI [ml/l]
# name 5 = depSM: Depth [salt water, m], lat = 47.5
# name 6 = sal00: Salinity, Practical [PSU]
# name 7 = sigma-é00: Density [sigma-theta, kg/m^3]
# name 8 = flag: flag
# span 0 = 227.604005, 227.609375       
# span 1 =      0.812,     98.806       
# span 2 =   0.618159,  37.347523       
# span 3 =     7.1295,    13.4078       
# span 4 =  -13.85351,   27.59479       
# span 5 =      0.805,     97.958       
# span 6 =     0.3996,    33.9111       
# span 7 =    -0.2594,    26.5443       
# span 8 = 0.0000e+00, 0.0000e+00       
# interval = seconds: 0.5
# start_time = Aug 15 2005 14:29:46 [Instrument's time stamp, header]
# bad_flag = -9.990e-29
*END*
[from data line 161]
 227.604936      4.101  37.247150    12.9008    7.28870      4.067    31.5595    23.7483 -9.990e-29
 227.604942      4.095  37.246613    12.9000    7.26146      4.061    31.5596    23.7486 -9.990e-29
 227.604948      4.102  37.245687    12.8999    7.25690      4.068    31.5588    23.7480 -9.990e-29
 227.604954      4.125  37.245375    12.9007    7.26330      4.091    31.5579    23.7471 -9.990e-29
 227.604959      4.153  37.246382    12.9016    7.27788      4.118    31.5580    23.7470 -9.990e-29
 227.604965      4.172  37.247801    12.9021    7.27670      4.137    31.5590    23.7476 -9.990e-29
 227.604971      4.169  37.248153    12.9023    7.27089      4.134    31.5591    23.7477 -9.990e-29
 227.604977      4.149  37.247905    12.9025    7.25674      4.114    31.5587    23.7474 -9.990e-29
 227.604983      4.127  37.247843    12.9027    7.25466      4.093    31.5585    23.7472 -9.990e-29
 227.604988      4.115  37.247879    12.9027    7.26520      4.081    31.5586    23.7472 -9.990e-29
 227.604994      4.112  37.248059    12.9025    7.27539      4.078    31.5589    23.7475 -9.990e-29
 227.605000      4.114  37.248061    12.9022    7.27750      4.080    31.5591    23.7478 -9.990e-29
 227.605006      4.121  37.247881    12.9020    7.25166      4.087    31.5591    23.7478 -9.990e-29
 227.605012      4.128  37.247837    12.9013    7.23822      4.094    31.5597    23.7483 -9.990e-29
 227.605017      4.137  37.247304    12.8999    7.23271      4.102    31.5603    23.7491 -9.990e-29
 227.605023      4.156  37.246128    12.8968    7.23795      4.121    31.5618    23.7509 -9.990e-29
 227.605029      4.183  37.243859    12.8923    7.24528      4.148    31.5634    23.7530 -9.990e-29
 227.605035      4.202  37.240270    12.8897    7.24586      4.167    31.5622    23.7525 -9.990e-29
 227.605041      4.205  37.238421    12.8913    7.23525      4.170    31.5591    23.7498 -9.990e-29
 227.605046      4.198  37.240327    12.8946    7.24059      4.163    31.5582    23.7485 -9.990e-29
 227.605052      4.192  37.243480    12.8964    7.23240      4.157    31.5596    23.7493 -9.990e-29
 227.605058      4.200  37.244789    12.8959    7.23204      4.165    31.5613    23.7506 -9.990e-29
 227.605064      4.223  37.243755    12.8936    7.23564      4.188    31.5622    23.7518 -9.990e-29
 227.605069      4.249  37.241239    12.8904    7.24141      4.213    31.5625    23.7526 -9.990e-29
 227.605075      4.267  37.238367    12.8878    7.25370      4.231    31.5620    23.7527 -9.990e-29
 227.605081      4.273  37.236351    12.8871    7.22861      4.237    31.5606    23.7518 -9.990e-29
 227.605087      4.269  37.236424    12.8904    7.19625      4.233    31.5580    23.7491 -9.990e-29
 227.605093      4.258  37.239798    12.8994    7.17439      4.222    31.5536    23.7440 -9.990e-29
 227.605098      4.253  37.248165    12.9087    7.15934      4.217    31.5538    23.7423 -9.990e-29
 227.605104      4.265  37.256975    12.9058    7.17367      4.229    31.5645    23.7512 -9.990e-29
 227.605110      4.292  37.253863    12.8862    7.19305      4.256    31.5779    23.7654 -9.990e-29
 227.605116      4.318  37.235799    12.8648    7.21693      4.282    31.5787    23.7701 -9.990e-29
 227.605122      4.331  37.217946    12.8624    7.21737      4.295    31.5639    23.7591 -9.990e-29
 227.605127      4.329  37.217428    12.8802    7.21678      4.293    31.5485    23.7438 -9.990e-29
 227.605133      4.316  37.234104    12.9057    7.19922      4.280    31.5430    23.7346 -9.990e-29
 227.605139      4.303  37.258238    12.9265    7.18740      4.267    31.5484    23.7347 -9.990e-29
 227.605145      4.302  37.277148    12.9324    7.19760      4.266    31.5613    23.7436 -9.990e-29
 227.605150      4.314  37.280162    12.9223    7.19692      4.278    31.5725    23.7542 -9.990e-29
 227.605156      4.335  37.269615    12.9046    7.21780      4.299    31.5774    23.7614 -9.990e-29
 227.605162      4.358  37.254995    12.8937    7.21726      4.322    31.5727    23.7599 -9.990e-29
 227.605168      4.366  37.247645    12.8986    7.19259      4.330    31.5617    23.7504 -9.990e-29
 227.605174      4.357  37.254577    12.9169    7.16714      4.321    31.5529    23.7401 -9.990e-29
 227.605179      4.343  37.273250    12.9373    7.15367      4.307    31.5535    23.7366 -9.990e-29
 227.605185      4.335  37.292671    12.9471    7.17124      4.299    31.5636    23.7425 -9.990e-29
 227.605191      4.338  37.300040    12.9387    7.20218      4.302    31.5776    23.7550 -9.990e-29
 227.605197      4.350  37.290043    12.9176    7.21445      4.314    31.5858    23.7654 -9.990e-29
 227.605203      4.366  37.270098    12.9040    7.20635      4.330    31.5783    23.7622 -9.990e-29
 227.605208      4.368  37.259027    12.9120    7.19932      4.331    31.5612    23.7475 -9.990e-29
 227.605214      4.352  37.267854    12.9334    7.18367      4.316    31.5517    23.7360 -9.990e-29
 227.605220      4.331  37.287030    12.9512    7.16908      4.295    31.5549    23.7350 -9.990e-29
 227.605226      4.315  37.301186    12.9572    7.15361      4.279    31.5632    23.7403 -9.990e-29
 227.605231      4.308  37.305645    12.9554    7.12069      4.272    31.5689    23.7450 -9.990e-29
 227.605237      4.310  37.304671    12.9517    7.11045      4.274    31.5711    23.7474 -9.990e-29
 227.605243      4.321  37.303691    12.9439    7.12587      4.285    31.5767    23.7533 -9.990e-29
 227.605249      4.336  37.300833    12.9251    7.14230      4.300    31.5897    23.7670 -9.990e-29
 227.605255      4.354  37.290037    12.9014    7.15055      4.318    31.5993    23.7790 -9.990e-29
 227.605260      4.374  37.274850    12.8931    7.15105      4.337    31.5919    23.7749 -9.990e-29
 227.605266      4.390  37.267539    12.9095    7.13627      4.353    31.5713    23.7558 -9.990e-29
 227.605272      4.394  37.275731    12.9327    7.13343      4.357    31.5597    23.7423 -9.990e-29
 227.605278      4.395  37.291834    12.9422    7.13740      4.358    31.5669    23.7460 -9.990e-29
 227.605284      4.405  37.299747    12.9353    7.13786      4.368    31.5801    23.7576 -9.990e-29
 227.605289      4.427  37.295445    12.9236    7.13338      4.390    31.5858    23.7643 -9.990e-29
 227.605295      4.447  37.288892    12.9197    7.14678      4.410    31.5829    23.7628 -9.990e-29
 227.605301      4.455  37.284800    12.9238    7.15637      4.418    31.5756    23.7563 -9.990e-29
 227.605307      4.450  37.283314    12.9269    7.15442      4.413    31.5716    23.7526 -9.990e-29
 227.605313      4.442  37.284689    12.9268    7.15531      4.405    31.5730    23.7537 -9.990e-29
 227.605318      4.434  37.286832    12.9320    7.15156      4.397    31.5707    23.7509 -9.990e-29
 227.605324      4.426  37.292038    12.9455    7.16339      4.389    31.5643    23.7434 -9.990e-29
 227.605330      4.417  37.302195    12.9599    7.16975      4.380    31.5619    23.7387 -9.990e-29
 227.605336      4.410  37.312338    12.9688    7.17527      4.373    31.5640    23.7386 -9.990e-29
 227.605341      4.409  37.317483    12.9717    7.16352      4.372    31.5665    23.7400 -9.990e-29
 227.605347      4.411  37.318321    12.9717    7.15168      4.374    31.5672    23.7406 -9.990e-29
 227.605353      4.415  37.318769    12.9733    7.15819      4.378    31.5663    23.7395 -9.990e-29
 227.605359      4.426  37.321104    12.9775    7.17199      4.389    31.5650    23.7377 -9.990e-29
 227.605365      4.436  37.324510    12.9815    7.18614      4.399    31.5649    23.7368 -9.990e-29
 227.605370      4.433  37.327355    12.9844    7.17915      4.396    31.5651    23.7365 -9.990e-29
 227.605376      4.416  37.330062    12.9890    7.16855      4.379    31.5639    23.7346 -9.990e-29
 227.605382      4.398  37.335117    12.9966    7.16125      4.361    31.5623    23.7319 -9.990e-29
 227.605388      4.390  37.342527    13.0020    7.16056      4.353    31.5648    23.7328 -9.990e-29
 227.605394      4.395  37.347028    13.0006    7.17143      4.358    31.5702    23.7372 -9.990e-29
 227.605399      4.411  37.344526    12.9948    7.18415      4.374    31.5726    23.7403 -9.990e-29
 227.605405      4.424  37.337288    12.9902    7.17382      4.387    31.5697    23.7388 -9.990e-29
 227.605411      4.423  37.331360    12.9901    7.14434      4.386    31.5642    23.7346 -9.990e-29
 227.605417      4.408  37.330048    12.9924    7.11598      4.371    31.5610    23.7317 -9.990e-29
 227.605422      4.391  37.331036    12.9918    7.10834      4.354    31.5625    23.7330 -9.990e-29
 227.605428      4.384  37.330597    12.9825    7.13074      4.347    31.5698    23.7405 -9.990e-29
 227.605434      4.390  37.323662    12.9584    7.14349      4.353    31.5834    23.7556 -9.990e-29
 227.605440      4.405  37.301551    12.9268    7.15098      4.368    31.5889    23.7660 -9.990e-29
 227.605446      4.422  37.270678    12.9082    7.16007      4.385    31.5753    23.7591 -9.990e-29
 227.605451      4.434  37.253805    12.9116    7.15494      4.397    31.5566    23.7440 -9.990e-29
 227.605457      4.437  37.259837    12.9299    7.14797      4.400    31.5470    23.7330 -9.990e-29
 227.605463      4.435  37.280555    12.9484    7.14663      4.398    31.5511    23.7326 -9.990e-29
 227.605469      4.437  37.298725    12.9551    7.15698      4.400    31.5626    23.7402 -9.990e-29
 227.605475      4.447  37.302696    12.9498    7.17830      4.410    31.5708    23.7476 -9.990e-29
 227.605480      4.462  37.294968    12.9399    7.18923      4.425    31.5717    23.7502 -9.990e-29
 227.605486      4.473  37.283749    12.9342    7.17899      4.436    31.5659    23.7468 -9.990e-29
 227.605492      4.474  37.278758    12.9358    7.16265      4.437    31.5599    23.7418 -9.990e-29
 227.605498      4.464  37.282314    12.9434    7.15279      4.427    31.5569    23.7381 -9.990e-29
 227.605503      4.456  37.290751    12.9523    7.15487      4.419    31.5574    23.7368 -9.990e-29
 227.605509      4.461  37.299063    12.9541    7.15115      4.424    31.5638    23.7413 -9.990e-29
 227.605515      4.480  37.300957    12.9460    7.15528      4.443    31.5723    23.7495 -9.990e-29
 227.605521      4.506  37.293918    12.9342    7.16793      4.468    31.5755    23.7542 -9.990e-29
 227.605527      4.528  37.282025    12.9261    7.17874      4.490    31.5710    23.7524 -9.990e-29
 227.605532      4.534  37.273536    12.9241    7.17999      4.496    31.5647    23.7478 -9.990e-29
 227.605538      4.524  37.272274    12.9255    7.16785      4.486    31.5624    23.7457 -9.990e-29
 227.605544      4.506  37.274317    12.9282    7.16053      4.468    31.5620    23.7450 -9.990e-29
 227.605550      4.489  37.276788    12.9306    7.15972      4.451    31.5624    23.7448 -9.990e-29
 227.605556      4.478  37.278503    12.9307    7.16883      4.441    31.5639    23.7459 -9.990e-29
 227.605561      4.479  37.277828    12.9293    7.17981      4.442    31.5644    23.7466 -9.990e-29
 227.605567      4.485  37.276113    12.9281    7.16951      4.448    31.5638    23.7464 -9.990e-29
 227.605573      4.495  37.275001    12.9272    7.17153      4.457    31.5635    23.7463 -9.990e-29
 227.605579      4.504  37.274136    12.9259    7.16689      4.466    31.5638    23.7468 -9.990e-29
 227.605584      4.508  37.272930    12.9249    7.16869      4.470    31.5635    23.7467 -9.990e-29
 227.605590      4.513  37.272023    12.9248    7.16696      4.475    31.5627    23.7462 -9.990e-29
 227.605596      4.522  37.271894    12.9247    7.16476      4.484    31.5627    23.7461 -9.990e-29
 227.605602      4.535  37.271814    12.9245    7.17052      4.497    31.5628    23.7463 -9.990e-29
 227.605608      4.551  37.271681    12.9246    7.16489      4.513    31.5625    23.7461 -9.990e-29
 227.605613      4.560  37.271886    12.9248    7.15934      4.522    31.5626    23.7460 -9.990e-29
 227.605619      4.560  37.272144    12.9252    7.16121      4.522    31.5625    23.7459 -9.990e-29
 227.605625      4.555  37.272242    12.9259    7.16550      4.517    31.5620    23.7454 -9.990e-29
 227.605631      4.548  37.272319    12.9265    7.16719      4.510    31.5616    23.7449 -9.990e-29
 227.605637      4.540  37.271922    12.9262    7.16208      4.502    31.5614    23.7449 -9.990e-29
 227.605642      4.533  37.271088    12.9251    7.16946      4.495    31.5616    23.7452 -9.990e-29
 227.605648      4.533  37.270393    12.9230    7.19382      4.495    31.5627    23.7465 -9.990e-29
 227.605654      4.538  37.268913    12.9179    7.20449      4.500    31.5655    23.7497 -9.990e-29
 227.605660      4.545  37.263559    12.9110    7.20401      4.507    31.5662    23.7516 -9.990e-29
 227.605666      4.545  37.255609    12.9086    7.18669      4.507    31.5607    23.7478 -9.990e-29
 227.605671      4.535  37.253534    12.9135    7.17408      4.497    31.5547    23.7422 -9.990e-29
 227.605677      4.518  37.260177    12.9209    7.17636      4.480    31.5548    23.7408 -9.990e-29
 227.605683      4.506  37.268700    12.9253    7.18728      4.468    31.5592    23.7433 -9.990e-29
 227.605689      4.506  37.272528    12.9253    7.18652      4.468    31.5628    23.7461 -9.990e-29
 227.605694      4.515  37.271165    12.9223    7.17189      4.477    31.5640    23.7476 -9.990e-29
 227.605700      4.529  37.267287    12.9187    7.17114      4.491    31.5633    23.7478 -9.990e-29
 227.605706      4.548  37.263578    12.9157    7.17211      4.510    31.5623    23.7476 -9.990e-29
 227.605712      4.569  37.260706    12.9116    7.18923      4.531    31.5630    23.7490 -9.990e-29
 227.605718      4.586  37.255968    12.9067    7.19475      4.548    31.5627    23.7496 -9.990e-29
 227.605723      4.590  37.250340    12.9052    7.19631      4.552    31.5586    23.7468 -9.990e-29
 227.605729      4.578  37.249219    12.9087    7.19103      4.540    31.5546    23.7430 -9.990e-29
 227.605735      4.554  37.253359    12.9140    7.17810      4.516    31.5541    23.7416 -9.990e-29
 227.605741      4.532  37.258751    12.9176    7.17162      4.494    31.5562    23.7425 -9.990e-29
 227.605747      4.529  37.262498    12.9182    7.17729      4.491    31.5592    23.7447 -9.990e-29
 227.605752      4.540  37.263433    12.9166    7.18024      4.502    31.5615    23.7468 -9.990e-29
 227.605758      4.553  37.261687    12.9147    7.19383      4.515    31.5614    23.7471 -9.990e-29
 227.605764      4.560  37.259423    12.9143    7.19798      4.522    31.5596    23.7458 -9.990e-29
 227.605770      4.558  37.258675    12.9160    7.18727      4.520    31.5575    23.7438 -9.990e-29
 227.605775      4.546  37.260131    12.9185    7.17544      4.508    31.5568    23.7428 -9.990e-29
 227.605781      4.532  37.262934    12.9198    7.16914      4.494    31.5583    23.7437 -9.990e-29
 227.605787      4.528  37.264659    12.9184    7.18165      4.490    31.5611    23.7462 -9.990e-29
 227.605793      4.533  37.263689    12.9151    7.20532      4.495    31.5629    23.7482 -9.990e-29
 227.605799      4.540  37.260416    12.9122    7.20788      4.502    31.5623    23.7483 -9.990e-29
 227.605804      4.541  37.257210    12.9121    7.19631      4.503    31.5593    23.7460 -9.990e-29
 227.605810      4.530  37.257092    12.9148    7.18316      4.492    31.5570    23.7437 -9.990e-29
 227.605816      4.513  37.260467    12.9187    7.16569      4.475    31.5569    23.7429 -9.990e-29
 227.605822      4.499  37.264551    12.9213    7.17273      4.461    31.5586    23.7437 -9.990e-29
 227.605828      4.503  37.266385    12.9206    7.18261      4.465    31.5609    23.7456 -9.990e-29
 227.605833      4.518  37.265055    12.9179    7.19351      4.480    31.5619    23.7469 -9.990e-29
 227.605839      4.530  37.262159    12.9162    7.19130      4.492    31.5606    23.7462 -9.990e-29
 227.605845      4.531  37.260569    12.9164    7.18359      4.493    31.5589    23.7448 -9.990e-29
 227.605851      4.524  37.261534    12.9177    7.18519      4.486    31.5588    23.7445 -9.990e-29
