data/oxygen options/ONMS/Olympic_Coast_National_Marine_Sanctuary_Hypoxia_Survey_CTD_Data_2004_2015/raw_data/2005/CTD_CA30_052405faed.cnv
* Sea-Bird SBE19 Data File:
* FileName = C:\Documents and Settings\kirner.PTANGELES\Desktop\hypoxia CTD data\CA30_052405.hex
* Software Version 1.1.5
* Temperature SN = 2997
* Conductivity SN = 2997
* System UpLoad Time = May 24 2005 15:22:54
* SEACAT PROFILER V3.1c SN 2997   05/24/05  15:22:06.604
* strain gauge pressure sensor: S/N = 184829,  range = 3000 psia,  tc = 40
# nquan = 9                                 
# nvalues = 1248                        
# units = specified
# name 0 = timeJ: Julian Days
# name 1 = prSM: Pressure, Strain Gauge [db]
# name 2 = c0mS/cm: Conductivity [mS/cm]
# name 3 = t090C: Temperature [ITS-90, deg C]
# name 4 = oxML/L: Oxygen, Beckman/YSI [ml/l]
# name 5 = depSM: Depth [salt water, m], lat = 47.5
# name 6 = sal00: Salinity, Practical [PSU]
# name 7 = sigma-é00: Density [sigma-theta, kg/m^3]
# name 8 = flag: flag
# span 0 = 144.543299, 144.550515       
# span 1 =     -4.192,     30.050       
# span 2 =   1.182726,  36.131374       
# span 3 =    11.7534,    14.2966       
# span 4 =  -13.03458,   25.92222       
# span 5 =     -4.157,     29.797       
# span 6 =     0.7594,    31.4471       
# span 7 =    -0.1531,    23.8768       
# span 8 = 0.0000e+00, 0.0000e+00       
# interval = seconds: 0.5
# start_time = May 24 2005 13:02:21 [Instrument's time stamp, header]
# bad_flag = -9.990e-29
*END*
[from data line 801]
 144.547934     13.921  36.046219    12.1160    5.79692     13.804    31.0682    23.5163 -9.990e-29
 144.547940     13.937  36.041797    12.1245    5.78831     13.820    31.0569    23.5059 -9.990e-29
 144.547946     13.963  36.038292    12.1249    5.78620     13.846    31.0532    23.5030 -9.990e-29
 144.547951     13.997  36.038319    12.1145    5.79042     13.880    31.0619    23.5116 -9.990e-29
 144.547957     14.037  36.042471    12.0990    5.80906     13.919    31.0787    23.5276 -9.990e-29
 144.547963     14.072  36.048430    12.0889    5.82755     13.954    31.0928    23.5403 -9.990e-29
 144.547969     14.091  36.052359    12.0907    5.83180     13.973    31.0951    23.5418 -9.990e-29
 144.547975     14.097  36.051079    12.1024    5.81872     13.979    31.0841    23.5311 -9.990e-29
 144.547980     14.097  36.045119    12.1171    5.80632     13.979    31.0662    23.5145 -9.990e-29
 144.547986     14.096  36.038304    12.1273    5.80424     13.978    31.0512    23.5010 -9.990e-29
 144.547992     14.098  36.034442    12.1272    5.80752     13.980    31.0476    23.4982 -9.990e-29
 144.547998     14.108  36.035674    12.1180    5.83012     13.990    31.0564    23.5067 -9.990e-29
 144.548003     14.118  36.040837    12.1098    5.83218     14.000    31.0682    23.5174 -9.990e-29
 144.548009     14.112  36.044474    12.1118    5.82985     13.994    31.0700    23.5184 -9.990e-29
 144.548015     14.084  36.042458    12.1216    5.82471     13.966    31.0599    23.5088 -9.990e-29
 144.548021     14.049  36.037138    12.1307    5.81115     13.931    31.0473    23.4973 -9.990e-29
 144.548027     14.028  36.033193    12.1341    5.81740     13.910    31.0407    23.4916 -9.990e-29
 144.548032     14.028  36.032653    12.1315    5.82664     13.910    31.0423    23.4933 -9.990e-29
 144.548038     14.039  36.034796    12.1262    5.83032     13.921    31.0488    23.4993 -9.990e-29
 144.548044     14.045  36.037431    12.1231    5.84921     13.927    31.0539    23.5038 -9.990e-29
 144.548050     14.034  36.038457    12.1257    5.84279     13.916    31.0527    23.5024 -9.990e-29
 144.548056     14.006  36.036994    12.1345    5.82573     13.889    31.0440    23.4941 -9.990e-29
 144.548061     13.975  36.033328    12.1456    5.82247     13.858    31.0313    23.4822 -9.990e-29
 144.548067     13.961  36.029296    12.1528    5.81935     13.844    31.0215    23.4732 -9.990e-29
 144.548073     13.971  36.026810    12.1523    5.81994     13.854    31.0195    23.4718 -9.990e-29
 144.548079     14.002  36.027041    12.1448    5.82472     13.885    31.0259    23.4782 -9.990e-29
 144.548084     14.043  36.030294    12.1353    5.82859     13.925    31.0369    23.4884 -9.990e-29
 144.548090     14.081  36.034174    12.1290    5.83669     13.963    31.0458    23.4965 -9.990e-29
 144.548096     14.103  36.035996    12.1283    5.85664     13.985    31.0482    23.4984 -9.990e-29
 144.548102     14.108  36.035381    12.1333    5.86174     13.990    31.0434    23.4938 -9.990e-29
 144.548108     14.099  36.032624    12.1438    5.86286     13.981    31.0321    23.4831 -9.990e-29
 144.548113     14.090  36.027971    12.1568    5.86155     13.972    31.0168    23.4689 -9.990e-29
 144.548119     14.097  36.022502    12.1660    5.80765     13.979    31.0040    23.4572 -9.990e-29
 144.548125     14.141  36.019019    12.1662    5.76553     14.022    31.0005    23.4545 -9.990e-29
 144.548131     14.242  36.020167    12.1576    5.73403     14.123    31.0087    23.4624 -9.990e-29
 144.548137     14.399  36.024670    12.1396    5.70848     14.278    31.0278    23.4806 0.0000e+00
 144.548142     14.595  36.031240    12.1040    5.70805     14.473    31.0636    23.5149 0.0000e+00
 144.548148     14.817  36.043023    12.0491    5.68877     14.693    31.1205    23.5691 0.0000e+00
 144.548154     15.050  36.061144    11.9965    5.67466     14.924    31.1817    23.6263 0.0000e+00
 144.548160     15.275  36.078354    11.9672    5.66988     15.147    31.2227    23.6634 0.0000e+00
 144.548166     15.484  36.086745    11.9622    5.66563     15.354    31.2348    23.6738 0.0000e+00
 144.548171     15.686  36.086275    11.9671    5.68559     15.554    31.2302    23.6693 0.0000e+00
 144.548177     15.885  36.083595    11.9652    5.70390     15.752    31.2291    23.6688 0.0000e+00
 144.548183     16.078  36.084662    11.9554    5.71642     15.943    31.2383    23.6777 0.0000e+00
 144.548189     16.255  36.087717    11.9466    5.70640     16.119    31.2485    23.6873 0.0000e+00
 144.548194     16.406  36.089541    11.9449    5.71696     16.268    31.2516    23.6900 0.0000e+00
 144.548200     16.533  36.088824    11.9516    5.70026     16.394    31.2453    23.6839 -9.990e-29
 144.548206     16.655  36.085164    11.9603    5.68533     16.515    31.2344    23.6738 -9.990e-29
 144.548212     16.802  36.081716    11.9645    5.67555     16.661    31.2275    23.6677 0.0000e+00
 144.548218     16.983  36.080612    11.9610    5.66339     16.841    31.2293    23.6698 0.0000e+00
 144.548223     17.194  36.082062    11.9457    5.66967     17.050    31.2435    23.6835 0.0000e+00
 144.548229     17.425  36.087438    11.9212    5.66892     17.279    31.2691    23.7079 0.0000e+00
 144.548235     17.662  36.094933    11.9010    5.66942     17.514    31.2932    23.7303 0.0000e+00
 144.548241     17.886  36.099957    11.8925    5.66282     17.736    31.3051    23.7411 0.0000e+00
 144.548247     18.080  36.101910    11.8920    5.66069     17.928    31.3073    23.7429 0.0000e+00
 144.548252     18.237  36.102264    11.8938    5.66869     18.084    31.3060    23.7416 -9.990e-29
 144.548258     18.353  36.101487    11.8947    5.67388     18.199    31.3045    23.7402 -9.990e-29
 144.548264     18.431  36.100786    11.8932    5.68132     18.276    31.3050    23.7409 -9.990e-29
 144.548270     18.480  36.100906    11.8900    5.67764     18.325    31.3078    23.7437 -9.990e-29
 144.548275     18.517  36.101446    11.8885    5.67788     18.362    31.3096    23.7453 -9.990e-29
 144.548281     18.561  36.101442    11.8904    5.68944     18.405    31.3080    23.7437 -9.990e-29
 144.548287     18.622  36.100327    11.8932    5.68195     18.466    31.3045    23.7406 -9.990e-29
 144.548293     18.698  36.098855    11.8952    5.70835     18.541    31.3014    23.7378 -9.990e-29
 144.548299     18.774  36.097867    11.8964    5.69410     18.616    31.2994    23.7360 -9.990e-29
 144.548304     18.844  36.097723    11.8972    5.68147     18.686    31.2986    23.7352 -9.990e-29
 144.548310     18.903  36.098231    11.8985    5.67512     18.744    31.2979    23.7345 -9.990e-29
 144.548316     18.946  36.098383    11.9000    5.66389     18.787    31.2968    23.7333 -9.990e-29
 144.548322     18.972  36.097819    11.9006    5.68125     18.813    31.2958    23.7324 -9.990e-29
 144.548328     18.987  36.097467    11.8996    5.66838     18.828    31.2963    23.7330 -9.990e-29
 144.548333     18.996  36.097978    11.8966    5.69885     18.837    31.2993    23.7359 -9.990e-29
 144.548339     19.004  36.098909    11.8912    5.69429     18.845    31.3047    23.7411 -9.990e-29
 144.548345     19.029  36.099820    11.8847    5.66290     18.869    31.3110    23.7472 -9.990e-29
 144.548351     19.088  36.100801    11.8805    5.64161     18.928    31.3155    23.7514 -9.990e-29
 144.548356     19.187  36.101479    11.8791    5.62156     19.026    31.3173    23.7530 -9.990e-29
 144.548362     19.317  36.101632    11.8765    5.65099     19.155    31.3195    23.7553 0.0000e+00
 144.548368     19.471  36.102582    11.8679    5.66020     19.308    31.3276    23.7631 0.0000e+00
 144.548374     19.633  36.105594    11.8556    5.65586     19.468    31.3408    23.7756 0.0000e+00
 144.548380     19.783  36.109076    11.8477    5.64599     19.617    31.3508    23.7848 0.0000e+00
 144.548385     19.918  36.110373    11.8468    5.63918     19.751    31.3527    23.7865 0.0000e+00
 144.548391     20.046  36.109529    11.8495    5.65289     19.878    31.3496    23.7835 0.0000e+00
 144.548397     20.176  36.108217    11.8524    5.66247     20.007    31.3458    23.7801 0.0000e+00
 144.548403     20.312  36.107489    11.8539    5.65873     20.141    31.3438    23.7782 0.0000e+00
 144.548409     20.444  36.107497    11.8544    5.65182     20.272    31.3433    23.7778 -9.990e-29
 144.548414     20.557  36.107688    11.8549    5.65357     20.384    31.3431    23.7775 -9.990e-29
 144.548420     20.639  36.107753    11.8557    5.65780     20.466    31.3424    23.7768 -9.990e-29
 144.548426     20.693  36.107776    11.8567    5.65601     20.519    31.3416    23.7760 -9.990e-29
 144.548432     20.721  36.107784    11.8573    5.65624     20.547    31.3411    23.7755 -9.990e-29
 144.548438     20.725  36.107786    11.8573    5.65372     20.551    31.3411    23.7755 -9.990e-29
 144.548443     20.710  36.107783    11.8565    5.66528     20.536    31.3417    23.7762 -9.990e-29
 144.548449     20.684  36.107771    11.8551    5.67796     20.510    31.3429    23.7773 -9.990e-29
 144.548455     20.652  36.107732    11.8539    5.66732     20.479    31.3439    23.7783 -9.990e-29
 144.548461     20.627  36.107613    11.8530    5.65221     20.454    31.3446    23.7790 -9.990e-29
 144.548466     20.618  36.107254    11.8523    5.62807     20.445    31.3448    23.7793 -9.990e-29
 144.548472     20.635  36.106736    11.8522    5.64565     20.462    31.3444    23.7790 -9.990e-29
 144.548478     20.682  36.106490    11.8525    5.65731     20.508    31.3439    23.7786 -9.990e-29
 144.548484     20.750  36.106745    11.8527    5.66584     20.576    31.3439    23.7786 -9.990e-29
 144.548490     20.817  36.107279    11.8526    5.65173     20.642    31.3445    23.7790 -9.990e-29
 144.548495     20.871  36.107678    11.8525    5.64909     20.696    31.3450    23.7794 -9.990e-29
 144.548501     20.915  36.107913    11.8518    5.65202     20.739    31.3457    23.7801 -9.990e-29
 144.548507     20.955  36.108294    11.8487    5.65620     20.779    31.3487    23.7830 -9.990e-29
 144.548513     20.987  36.109329    11.8429    5.66269     20.811    31.3546    23.7886 -9.990e-29
 144.548519     20.991  36.111274    11.8397    5.66232     20.815    31.3592    23.7928 -9.990e-29
 144.548524     20.945  36.112233    11.8427    5.65156     20.769    31.3576    23.7910 -9.990e-29
 144.548530     20.852  36.110676    11.8480    5.66089     20.677    31.3516    23.7854 -9.990e-29
 144.548536     20.738  36.108450    11.8512    5.66813     20.564    31.3468    23.7811 -9.990e-29
 144.548542     20.636  36.107073    11.8525    5.66341     20.463    31.3445    23.7790 -9.990e-29
 144.548547     20.569  36.106394    11.8531    5.65880     20.396    31.3433    23.7780 -9.990e-29
 144.548553     20.550  36.106070    11.8535    5.65683     20.377    31.3427    23.7774 -9.990e-29
 144.548559     20.577  36.105667    11.8544    5.64657     20.404    31.3415    23.7764 -9.990e-29
 144.548565     20.639  36.105209    11.8558    5.64125     20.466    31.3399    23.7749 -9.990e-29
 144.548571     20.719  36.105203    11.8570    5.65238     20.545    31.3388    23.7738 -9.990e-29
 144.548576     20.796  36.105639    11.8577    5.65451     20.621    31.3386    23.7735 -9.990e-29
 144.548582     20.858  36.105973    11.8579    5.65483     20.683    31.3388    23.7736 -9.990e-29
 144.548588     20.906  36.106086    11.8581    5.66428     20.730    31.3387    23.7735 -9.990e-29
 144.548594     20.941  36.106130    11.8583    5.66666     20.765    31.3385    23.7734 -9.990e-29
 144.548600     20.967  36.106160    11.8583    5.66519     20.791    31.3386    23.7734 -9.990e-29
 144.548605     20.984  36.106215    11.8579    5.66450     20.808    31.3389    23.7738 -9.990e-29
 144.548611     20.995  36.106366    11.8569    5.65381     20.819    31.3399    23.7747 -9.990e-29
 144.548617     20.994  36.106813    11.8566    5.63772     20.818    31.3406    23.7753 -9.990e-29
 144.548623     20.975  36.107027    11.8581    5.66799     20.799    31.3396    23.7742 -9.990e-29
 144.548628     20.934  36.106170    11.8605    5.67457     20.758    31.3367    23.7716 -9.990e-29
 144.548634     20.884  36.104781    11.8627    5.66925     20.709    31.3336    23.7687 -9.990e-29
 144.548640     20.833  36.103810    11.8641    5.66427     20.658    31.3315    23.7668 -9.990e-29
 144.548646     20.795  36.103644    11.8639    5.64710     20.620    31.3315    23.7669 -9.990e-29
 144.548652     20.790  36.104061    11.8625    5.65581     20.615    31.3331    23.7684 -9.990e-29
 144.548657     20.816  36.104496    11.8608    5.67370     20.641    31.3349    23.7701 -9.990e-29
 144.548663     20.854  36.104967    11.8596    5.67266     20.679    31.3364    23.7714 -9.990e-29
 144.548669     20.881  36.105539    11.8595    5.67210     20.706    31.3370    23.7719 -9.990e-29
 144.548675     20.886  36.105849    11.8599    5.66106     20.711    31.3370    23.7718 -9.990e-29
 144.548681     20.881  36.105746    11.8600    5.64245     20.706    31.3368    23.7717 -9.990e-29
 144.548686     20.889  36.105653    11.8594    5.63704     20.714    31.3372    23.7721 -9.990e-29
 144.548692     20.918  36.106004    11.8571    5.64735     20.742    31.3394    23.7743 -9.990e-29
 144.548698     20.965  36.106707    11.8514    5.66212     20.789    31.3449    23.7796 -9.990e-29
 144.548704     21.017  36.108137    11.8446    5.65445     20.841    31.3520    23.7863 -9.990e-29
 144.548709     21.055  36.109956    11.8420    5.64407     20.878    31.3559    23.7898 -9.990e-29
 144.548715     21.074  36.110660    11.8435    5.63754     20.897    31.3553    23.7891 -9.990e-29
 144.548721     21.074  36.110063    11.8453    5.63314     20.897    31.3532    23.7871 -9.990e-29
 144.548727     21.056  36.109046    11.8463    5.65302     20.879    31.3514    23.7855 -9.990e-29
 144.548733     21.019  36.108497    11.8471    5.67065     20.843    31.3502    23.7845 -9.990e-29
 144.548738     20.963  36.108241    11.8474    5.65810     20.787    31.3498    23.7841 -9.990e-29
 144.548744     20.900  36.107937    11.8455    5.64843     20.725    31.3511    23.7854 -9.990e-29
 144.548750     20.845  36.108301    11.8418    5.64595     20.670    31.3546    23.7888 -9.990e-29
 144.548756     20.817  36.109256    11.8391    5.64040     20.642    31.3578    23.7918 -9.990e-29
 144.548762     20.818  36.109833    11.8388    5.63628     20.643    31.3586    23.7925 -9.990e-29
 144.548767     20.840  36.109677    11.8387    5.63568     20.665    31.3585    23.7924 -9.990e-29
 144.548773     20.871  36.109701    11.8372    5.62431     20.696    31.3598    23.7937 -9.990e-29
 144.548779     20.900  36.110493    11.8344    5.63265     20.725    31.3629    23.7966 -9.990e-29
 144.548785     20.930  36.111427    11.8302    5.64287     20.754    31.3673    23.8008 -9.990e-29
 144.548791     20.967  36.112623    11.8258    5.63995     20.791    31.3722    23.8054 -9.990e-29
 144.548796     21.008  36.113991    11.8235    5.63604     20.832    31.3754    23.8083 -9.990e-29
 144.548802     21.048  36.114549    11.8230    5.63136     20.871    31.3764    23.8092 -9.990e-29
 144.548808     21.085  36.114479    11.8226    5.63574     20.908    31.3766    23.8094 -9.990e-29
 144.548814     21.121  36.114246    11.8216    5.64238     20.944    31.3772    23.8101 -9.990e-29
 144.548819     21.155  36.114096    11.8197    5.64522     20.977    31.3787    23.8115 -9.990e-29
 144.548825     21.180  36.114390    11.8186    5.64457     21.002    31.3799    23.8127 -9.990e-29
 144.548831     21.188  36.114394    11.8202    5.64853     21.010    31.3785    23.8113 -9.990e-29
 144.548837     21.177  36.113551    11.8246    5.65024     20.999    31.3740    23.8070 -9.990e-29
 144.548843     21.154  36.112417    11.8302    5.65592     20.976    31.3682    23.8015 -9.990e-29
 144.548848     21.131  36.111162    11.8350    5.65295     20.954    31.3629    23.7966 -9.990e-29
