data/oxygen options/ONMS/Olympic_Coast_National_Marine_Sanctuary_Hypoxia_Survey_CTD_Data_2004_2015/raw_data/2005/CTD_CA90_083005faed.cnv
* Sea-Bird SBE19 Data File:
* FileName = C:\hypoxia CTD data\CA90_083005.hex
* Software Version 1.1.5
* Temperature SN = 2997
* Conductivity SN = 2997
* System UpLoad Time = Aug 30 2005 17:31:24
** Cape Alava 90m 083005
* SEACAT PROFILER V3.1c SN 2997   08/30/05  17:29:35.742
# nquan = 9                                 
# nvalues = 785                         
# units = specified
# name 0 = timeJ: Julian Days
# name 1 = prSM: Pressure, Strain Gauge [db]
# name 2 = c0mS/cm: Conductivity [mS/cm]
# name 3 = t090C: Temperature [ITS-90, deg C]
# name 4 = oxML/L: Oxygen, Beckman/YSI [ml/l]
# name 5 = depSM: Depth [salt water, m], lat = 47.5
# name 6 = sal00: Salinity, Practical [PSU]
# name 7 = sigma-é00: Density [sigma-theta, kg/m^3]
# name 8 = flag: flag
# span 0 = 242.684144, 242.688681       
# span 1 =     -2.984,     91.880       
# span 2 =   0.690125,  38.164521       
# span 3 =     7.5194,    13.8474       
# span 4 =   -0.11985,   26.26587       
# span 5 =     -2.959,     91.093       
# span 6 =     0.4349,    33.6329       
# span 7 =    -0.3841,    26.2709       
# span 8 = 0.0000e+00, 0.0000e+00       
# interval = seconds: 0.5
# start_time = Aug 30 2005 16:25:10 [Instrument's time stamp, header]
# bad_flag = -9.990e-29
*END*
 242.684144     -2.984 -9.990e-29    13.7685   -0.11985     -2.959 -9.990e-29 -9.990e-29 -9.990e-29
 242.684149     -2.962   0.731667    13.7667   -0.11983     -2.937     0.4621    -0.3626 -9.990e-29
 242.684155     -2.945   0.728286    13.7658   -0.11983     -2.920     0.4599    -0.3641 -9.990e-29
 242.684161     -2.932   0.732750    13.7658   -0.11983     -2.908     0.4629    -0.3619 -9.990e-29
 242.684167     -2.914   0.744909    13.7660   -0.11984     -2.890     0.4708    -0.3557 -9.990e-29
 242.684172     -2.890   0.757130    13.7658   -0.11984     -2.866     0.4789    -0.3494 -9.990e-29
 242.684178     -2.867   0.765198    13.7650   -0.11985     -2.843     0.4842    -0.3452 -9.990e-29
 242.684184     -2.848   0.764340    13.7640   -0.11982     -2.824     0.4836    -0.3455 -9.990e-29
 242.684190     -2.831   0.750078    13.7636   -0.11983     -2.807     0.4743    -0.3527 -9.990e-29
 242.684196     -2.815   0.727795    13.7643   -0.11983     -2.792     0.4596    -0.3642 -9.990e-29
 242.684201     -2.799   0.708272    13.7655   -0.11982     -2.776     0.4468    -0.3743 -9.990e-29
 242.684207     -2.783   0.697647    13.7659   -0.11983     -2.760     0.4399    -0.3797 -9.990e-29
 242.684213     -2.766   0.695620    13.7655   -0.11984     -2.743     0.4385    -0.3807 -9.990e-29
 242.684219     -2.745   0.699491    13.7653   -0.11984     -2.722     0.4411    -0.3787 -9.990e-29
 242.684225     -2.720   0.703332    13.7657   -0.11982     -2.697     0.4436    -0.3768 -9.990e-29
 242.684230     -2.690   0.700062    13.7668   -0.11974     -2.668     0.4414    -0.3786 -9.990e-29
 242.684236     -2.652   0.692535    13.7684   -0.11957     -2.630     0.4365    -0.3827 -9.990e-29
 242.684242     -2.608   0.690125    13.7694   -0.11946     -2.586     0.4349    -0.3841 -9.990e-29
 242.684248     -2.564   0.693503    13.7700   -0.10121     -2.543     0.4371    -0.3824 -9.990e-29
 242.684253     -2.521   0.694974    13.7707   -0.09889     -2.500     0.4381    -0.3818 -9.990e-29
 242.684259     -2.473   0.692621    13.7708   -0.09891     -2.452     0.4365    -0.3830 -9.990e-29
 242.684265     -2.413   0.690518    13.7695   -0.09893     -2.393     0.4352    -0.3839 -9.990e-29
 242.684271     -2.339   0.697510    13.7675   -0.09894     -2.319     0.4397    -0.3800 -9.990e-29
 242.684277     -2.258   0.740112    13.7662   -0.09896     -2.239     0.4677    -0.3582 -9.990e-29
 242.684282     -2.171   0.874574    13.7663   -0.09899     -2.153     0.5563    -0.2894 -9.990e-29
 242.684288     -2.077   1.242469    13.7684   -0.09901     -2.060     0.8026    -0.0986 -9.990e-29
 242.684294     -1.967   2.232271    13.7699   -0.09900     -1.951     1.4853     0.4299 -9.990e-29
 242.684300     -1.829   4.925756    13.7647   -0.09899     -1.814     3.4386     1.9391 -9.990e-29
 242.684306     -1.662  12.590824    13.7538   -0.09899     -1.648     9.4214     6.5444 -9.990e-29
 242.684311     -1.474  24.411827    13.7452   -0.09900     -1.462    19.3687    14.1898 -9.990e-29
 242.684317     -1.265  33.047481    13.7410   -0.09901     -1.254    27.0368    20.0931 -9.990e-29
 242.684323     -1.035  36.385325    13.7376   -0.09901     -1.026    30.0827    22.4429 -9.990e-29
 242.684329     -0.790  37.488726    13.7325   -0.09901     -0.783    31.1024    23.2310 -9.990e-29
 242.684334     -0.545  37.853595    13.7262   -0.09899     -0.540    31.4444    23.4964 -9.990e-29
 242.684340     -0.326  37.977672    13.7209   -0.09897     -0.323    31.5634    23.5894 -9.990e-29
 242.684346     -0.159  38.019131    13.7173   -0.09896     -0.158    31.6046    23.6219 -9.990e-29
 242.684352     -0.041  38.033279    13.7153   -0.09896     -0.041    31.6193    23.6337 -9.990e-29
 242.684358      0.053  38.045180    13.7146   -0.09896      0.053    31.6309    23.6428 -9.990e-29
 242.684363      0.145  38.055031    13.7148   -0.09897      0.144    31.6398    23.6496 -9.990e-29
 242.684369      0.237  38.056370    13.7147   -0.09898      0.235    31.6411    23.6506 -9.990e-29
 242.684375      0.317  38.052137    13.7142   -0.09898      0.314    31.6375    23.6480 -9.990e-29
 242.684381      0.379  38.048498    13.7149   -0.09897      0.376    31.6336    23.6448 -9.990e-29
 242.684387      0.422  38.049048    13.7190   -0.09897      0.418    31.6307    23.6417 -9.990e-29
 242.684392      0.452  38.053429    13.7259   -0.09896      0.448    31.6290    23.6391 -9.990e-29
 242.684398      0.481  38.057980    13.7324   -0.09897      0.477    31.6279    23.6369 -9.990e-29
 242.684404      0.514  38.058710    13.7360   -0.09898      0.510    31.6256    23.6344 -9.990e-29
 242.684410      0.549  38.054944    13.7366   -0.09902      0.544    31.6216    23.6312 -9.990e-29
 242.684416      0.580  38.049545    13.7350   -0.09900      0.575    31.6179    23.6286 -9.990e-29
 242.684421      0.604  38.044885    13.7323   -0.09895      0.599    31.6158    23.6276 -9.990e-29
 242.684427      0.624  38.042074    13.7292   -0.09894      0.619    31.6157    23.6281 -9.990e-29
 242.684433      0.640  38.043005    13.7274   -0.09896      0.635    31.6181    23.6303 -9.990e-29
 242.684439      0.657  38.049513    13.7283   -0.09899      0.652    31.6233    23.6342 -9.990e-29
 242.684444      0.685  38.058528    13.7303   -0.09900      0.679    31.6300    23.6390 -9.990e-29
 242.684450      0.727  38.062471    13.7301   -0.09901      0.721    31.6338    23.6419 -9.990e-29
 242.684456      0.771  38.059904    13.7262   -0.09899      0.765    31.6346    23.6434 -9.990e-29
 242.684462      0.804  38.056411    13.7218   -0.09897      0.797    31.6350    23.6445 -9.990e-29
 242.684468      0.815  38.054658    13.7223   -0.09895      0.808    31.6330    23.6429 -9.990e-29
 242.684473      0.809  38.055705    13.7269   -0.09895      0.802    31.6302    23.6398 -9.990e-29
 242.684479      0.807  38.062100    13.7296   -0.09898      0.800    31.6339    23.6421 -9.990e-29
 242.684485      0.825  38.070626    13.7274   -0.09901      0.818    31.6436    23.6500 -9.990e-29
 242.684491      0.861  38.074741    13.7223   -0.09899      0.854    31.6516    23.6572 -9.990e-29
 242.684497      0.896  38.074353    13.7177   -0.09896      0.889    31.6550    23.6608 -9.990e-29
 242.684502      0.914  38.072342    13.7161   -0.09893      0.906    31.6544    23.6607 -9.990e-29
 242.684508      0.918  38.069421    13.7190   -0.09893      0.910    31.6493    23.6562 -9.990e-29
 242.684514      0.919  38.067897    13.7252   -0.09894      0.911    31.6428    23.6499 -9.990e-29
 242.684520      0.931  38.069698    13.7310   -0.09895      0.923    31.6397    23.6463 -9.990e-29
 242.684525      0.958  38.071092    13.7323   -0.09897      0.950    31.6399    23.6462 -9.990e-29
 242.684531      0.995  38.069485    13.7281   -0.09896      0.987    31.6419    23.6485 -9.990e-29
 242.684537      1.026  38.067254    13.7243   -0.09894      1.017    31.6429    23.6501 -9.990e-29
 242.684543      1.045  38.065384    13.7268   -0.09893      1.036    31.6391    23.6467 -9.990e-29
 242.684549      1.056  38.064215    13.7340   -0.09893      1.047    31.6321    23.6398 -9.990e-29
 242.684554      1.071  38.065587    13.7407   -0.09894      1.062    31.6278    23.6352 -9.990e-29
 242.684560      1.093  38.069118    13.7443   -0.09896      1.084    31.6281    23.6347 -9.990e-29
 242.684566      1.124  38.071141    13.7446   -0.09896      1.115    31.6297    23.6359 -9.990e-29
 242.684572      1.162  38.069899    13.7419   -0.09895      1.152    31.6308    23.6372 -9.990e-29
 242.684578      1.196  38.067695    13.7386   -0.09895      1.186    31.6315    23.6384 -9.990e-29
 242.684583      1.220  38.066669    13.7386   -0.09894      1.210    31.6305    23.6377 -9.990e-29
 242.684589      1.239  38.068290    13.7422   -0.09896      1.229    31.6290    23.6358 -9.990e-29
 242.684595      1.260  38.073070    13.7461   -0.09896      1.249    31.6302    23.6359 -9.990e-29
 242.684601      1.284  38.077319    13.7479   -0.09897      1.273    31.6326    23.6375 -9.990e-29
 242.684606      1.312  38.076642    13.7467   -0.09897      1.301    31.6330    23.6380 -9.990e-29
 242.684612      1.341  38.072412    13.7432   -0.09896      1.330    31.6320    23.6379 -9.990e-29
 242.684618      1.361  38.069120    13.7398   -0.09896      1.350    31.6317    23.6384 -9.990e-29
 242.684624      1.365  38.068575    13.7384   -0.09896      1.354    31.6324    23.6392 -9.990e-29
 242.684630      1.361  38.071206    13.7385   -0.09897      1.350    31.6347    23.6410 -9.990e-29
 242.684635      1.361  38.076625    13.7385   -0.09896      1.350    31.6397    23.6448 -9.990e-29
 242.684641      1.371  38.081435    13.7377   -0.09895      1.360    31.6448    23.6489 -9.990e-29
 242.684647      1.386  38.081988    13.7356   -0.09895      1.374    31.6471    23.6511 -9.990e-29
 242.684653      1.398  38.079055    13.7331   -0.09896      1.386    31.6464    23.6511 -9.990e-29
 242.684659      1.405  38.076608    13.7321   -0.09895      1.393    31.6450    23.6502 -9.990e-29
 242.684664      1.411  38.076465    13.7328   -0.09894      1.399    31.6443    23.6495 -9.990e-29
 242.684670      1.425  38.077348    13.7338   -0.09893      1.413    31.6443    23.6493 -9.990e-29
 242.684676      1.448  38.077100    13.7343   -0.09894      1.436    31.6436    23.6487 -9.990e-29
 242.684682      1.472  38.075424    13.7349   -0.09896      1.460    31.6415    23.6470 -9.990e-29
 242.684688      1.495  38.074044    13.7369   -0.09895      1.483    31.6386    23.6443 -9.990e-29
 242.684693      1.519  38.073397    13.7395   -0.09893      1.506    31.6359    23.6416 -9.990e-29
 242.684699      1.545  38.072652    13.7408   -0.09893      1.532    31.6341    23.6400 -9.990e-29
 242.684705      1.570  38.071972    13.7413   -0.09895      1.557    31.6330    23.6391 -9.990e-29
 242.684711      1.592  38.072164    13.7432   -0.09897      1.579    31.6316    23.6376 -9.990e-29
 242.684716      1.616  38.073519    13.7464   -0.09894      1.603    31.6302    23.6359 -9.990e-29
 242.684722      1.644  38.075070    13.7483   -0.09893      1.630    31.6301    23.6354 -9.990e-29
 242.684728      1.670  38.074995    13.7465   15.16466      1.656    31.6315    23.6369 -9.990e-29
 242.684734      1.689  38.073788    13.7437   24.87510      1.675    31.6327    23.6383 -9.990e-29
 242.684740      1.705  38.073798    13.7443   26.26587      1.691    31.6322    23.6378 -9.990e-29
 242.684745      1.717  38.075630    13.7471   22.96844      1.703    31.6316    23.6368 -9.990e-29
 242.684751      1.727  38.077274    13.7471   14.84739      1.713    31.6331    23.6380 -9.990e-29
 242.684757      1.735  38.077028    13.7432   11.93104      1.721    31.6361    23.6411 -9.990e-29
 242.684763      1.742  38.076280    13.7403   11.93359      1.727    31.6378    23.6430 -9.990e-29
 242.684769      1.748  38.076872    13.7420   11.90848      1.733    31.6369    23.6420 -9.990e-29
 242.684774      1.757  38.080184    13.7440   11.90085      1.742    31.6383    23.6426 -9.990e-29
 242.684780      1.775  38.085618    13.7424   11.88791      1.760    31.6447    23.6479 -9.990e-29
 242.684786      1.795  38.091478    13.7403   11.87667      1.780    31.6518    23.6538 -9.990e-29
 242.684792      1.804  38.097762    13.7416   11.86787      1.789    31.6565    23.6572 -9.990e-29
 242.684797      1.799  38.103343    13.7458   11.85687      1.784    31.6582    23.6577 -9.990e-29
 242.684803      1.783  38.107284    13.7500   11.84718      1.768    31.6584    23.6570 -9.990e-29
 242.684809      1.770  38.109263    13.7526   11.83701      1.755    31.6581    23.6562 -9.990e-29
 242.684815      1.770  38.108589    13.7542   11.81592      1.755    31.6562    23.6544 -9.990e-29
 242.684821      1.788  38.107203    13.7557    8.95076      1.773    31.6536    23.6521 -9.990e-29
 242.684826      1.821  38.108896    13.7571    6.08718      1.806    31.6540    23.6521 -9.990e-29
 242.684832      1.854  38.112596    13.7579    4.71270      1.839    31.6568    23.6541 -9.990e-29
 242.684838      1.872  38.113731    13.7585    4.60863      1.856    31.6573    23.6544 -9.990e-29
 242.684844      1.875  38.112725    13.7589    5.92020      1.859    31.6561    23.6533 -9.990e-29
 242.684850      1.878  38.112759    13.7596    6.82334      1.862    31.6555    23.6528 -9.990e-29
 242.684855      1.897  38.113910    13.7605    7.15614      1.881    31.6558    23.6528 -9.990e-29
 242.684861      1.933  38.114383    13.7612    7.32901      1.917    31.6557    23.6526 -9.990e-29
 242.684867      1.968  38.113714    13.7616    7.39518      1.952    31.6547    23.6518 -9.990e-29
 242.684873      1.986  38.112709    13.7616    7.42793      1.969    31.6538    23.6510 -9.990e-29
 242.684878      1.989  38.112285    13.7614    7.45044      1.972    31.6536    23.6509 -9.990e-29
 242.684884      1.989  38.111893    13.7613    7.48854      1.972    31.6533    23.6507 -9.990e-29
 242.684890      2.000  38.112141    13.7617    7.51667      1.983    31.6532    23.6505 -9.990e-29
 242.684896      2.022  38.115047    13.7622    7.50495      2.005    31.6554    23.6522 -9.990e-29
 242.684902      2.049  38.118324    13.7624    7.49850      2.032    31.6583    23.6544 -9.990e-29
 242.684907      2.072  38.119617    13.7622    7.48572      2.055    31.6596    23.6554 -9.990e-29
 242.684913      2.090  38.120093    13.7625    7.48397      2.073    31.6598    23.6555 -9.990e-29
 242.684919      2.113  38.120954    13.7636    7.48354      2.095    31.6597    23.6552 -9.990e-29
 242.684925      2.145  38.122231    13.7646    7.47160      2.127    31.6600    23.6553 -9.990e-29
 242.684931      2.176  38.122829    13.7644    7.46801      2.158    31.6608    23.6559 -9.990e-29
 242.684936      2.196  38.121869    13.7629    7.45498      2.178    31.6611    23.6564 -9.990e-29
 242.684942      2.200  38.119195    13.7595    7.45823      2.182    31.6614    23.6574 -9.990e-29
 242.684948      2.199  38.115735    13.7544    7.46225      2.181    31.6624    23.6592 -9.990e-29
 242.684954      2.200  38.113612    13.7515    7.46395      2.182    31.6629    23.6601 -9.990e-29
 242.684959      2.200  38.113366    13.7523    7.47211      2.182    31.6620    23.6593 -9.990e-29
 242.684965      2.194  38.114111    13.7543    7.45782      2.176    31.6610    23.6581 -9.990e-29
 242.684971      2.186  38.115164    13.7564    7.44356      2.168    31.6603    23.6571 -9.990e-29
 242.684977      2.183  38.116253    13.7584    7.43395      2.165    31.6596    23.6562 -9.990e-29
 242.684983      2.191  38.117713    13.7599    7.44278      2.173    31.6597    23.6560 -9.990e-29
 242.684988      2.209  38.119255    13.7606    7.45259      2.191    31.6606    23.6565 -9.990e-29
 242.684994      2.234  38.120136    13.7607    7.45793      2.215    31.6613    23.6570 -9.990e-29
 242.685000      2.260  38.120414    13.7606    7.45367      2.241    31.6616    23.6573 -9.990e-29
 242.685006      2.280  38.120467    13.7604    7.42895      2.261    31.6618    23.6575 -9.990e-29
 242.685012      2.290  38.120368    13.7610    7.42850      2.271    31.6612    23.6569 -9.990e-29
 242.685017      2.296  38.120552    13.7630    7.41969      2.277    31.6598    23.6554 -9.990e-29
 242.685023      2.302  38.121833    13.7653    7.45339      2.283    31.6590    23.6544 -9.990e-29
 242.685029      2.308  38.123679    13.7663    7.46857      2.289    31.6599    23.6548 -9.990e-29
 242.685035      2.311  38.124634    13.7665    7.46307      2.292    31.6606    23.6553 -9.990e-29
 242.685041      2.302  38.124853    13.7670    7.43841      2.283    31.6604    23.6551 -9.990e-29
 242.685046      2.285  38.125195    13.7681    7.40731      2.266    31.6598    23.6544 -9.990e-29
 242.685052      2.277  38.125561    13.7692    7.40648      2.258    31.6593    23.6537 -9.990e-29
 242.685058      2.284  38.125886    13.7698    7.43417      2.265    31.6591    23.6535 -9.990e-29
 242.685064      2.303  38.126049    13.7691    7.45415      2.284    31.6598    23.6542 -9.990e-29
