data/oxygen options/ONMS/Olympic_Coast_National_Marine_Sanctuary_Hypoxia_Survey_CTD_Data_2004_2015/raw_data/2005/CTD_TH30_052405faedb.cnv
* Sea-Bird SBE19 Data File:
* FileName = C:\Documents and Settings\kirner.PTANGELES\Desktop\hypoxia CTD data\TH35_052405.hex
* Software Version 1.1.5
* Temperature SN = 2997
* Conductivity SN = 2997
* System UpLoad Time = May 24 2005 18:28:48
* SEACAT PROFILER V3.1c SN 2997   05/24/05  18:27:43.407
* strain gauge pressure sensor: S/N = 184829,  range = 3000 psia,  tc = 40
# nquan = 9
# nvalues = 28                          
# units = specified
# name 0 = timeJ: Julian Days
# name 1 = prSM: Pressure, Strain Gauge [db]
# name 2 = c0mS/cm: Conductivity [mS/cm]
# name 3 = t090C: Temperature [ITS-90, deg C]
# name 4 = oxML/L: Oxygen, Beckman/YSI [ml/l]
# name 5 = depSM: Depth [salt water, m], lat = 47.5
# name 6 = sal00: Salinity, Practical [PSU]
# name 7 = sigma-é00: Density [sigma-theta, kg/m^3]
# name 8 = flag: flag
# span 0 = -1.222e+00, 144.747710       
# span 1 =     -0.036,     30.000       
# span 2 =  -0.276664,  35.919424       
# span 3 =    -0.1135,    13.4429       
# span 4 =   -0.04929,    6.02362       
# span 5 =     -0.036,     29.748       
# span 6 =    -0.2279,    31.3906       
# span 7 =    -0.1698,    23.8645       
# span 8 = 0.0000e+00, 0.0000e+00       
# interval = decibars: 1                
# start_time = May 24 2005 17:50:08 [Instrument's time stamp, header]
# bad_flag = -9.990e-29
*END*
 -1.222e+00      1.000  -0.276664    -0.1135   -0.04929     -0.036    -0.2279    -0.1698 0.0000e+00
 134.522742      4.000  30.448954    12.4947    5.42515      3.967    25.0804    18.6907 0.0000e+00
 144.746494      5.000  34.399064    13.3210    5.91113      4.958    28.5673    21.3541 0.0000e+00
 144.746784      6.000  33.892554    13.3500    5.80699      5.950    28.0862    20.9777 0.0000e+00
 144.746844      7.000  34.239289    13.3291    5.81229      6.941    28.4199    21.2393 0.0000e+00
 144.746859      8.000  34.635335    13.3688    5.88226      7.933    28.7542    21.4897 0.0000e+00
 144.746872      9.000  34.879409    13.4107    5.95568      8.925    28.9467    21.6304 0.0000e+00
 144.746886     10.000  35.120673    13.4429    6.01176      9.916    29.1439    21.7764 0.0000e+00
 144.746902     11.000  35.232725    13.4145    6.02362     10.908    29.2686    21.8782 0.0000e+00
 144.746926     12.000  35.193266    13.4064    5.96420     11.900    29.2380    21.8561 0.0000e+00
 144.747154     13.000  35.323792    13.3614    5.93859     12.891    29.3926    21.9843 0.0000e+00
 144.747222     14.000  35.330530    13.2563    5.83336     13.883    29.4796    22.0718 0.0000e+00
 144.747239     15.000  35.287785    13.0990    5.79801     14.874    29.5617    22.1654 0.0000e+00
 144.747252     16.000  35.337563    13.0207    5.80067     15.866    29.6687    22.2632 0.0000e+00
 144.747265     17.000  35.422883    12.9688    5.77870     16.858    29.7886    22.3658 0.0000e+00
 144.747275     18.000  35.482738    12.9043    5.74088     17.849    29.8950    22.4603 0.0000e+00
 144.747287     19.000  35.496724    12.8594    5.72598     18.841    29.9432    22.5061 0.0000e+00
 144.747298     20.000  35.495318    12.8434    5.72055     19.832    29.9541    22.5176 0.0000e+00
 144.747311     21.000  35.493165    12.8392    5.75402     20.824    29.9550    22.5191 0.0000e+00
 144.747325     22.000  35.501180    12.8397    5.78020     21.815    29.9617    22.5243 0.0000e+00
 144.747345     23.000  35.511067    12.8402    5.79898     22.807    29.9702    22.5308 0.0000e+00
 144.747648     24.000  35.497333    12.8292    5.73035     23.798    29.9657    22.5294 0.0000e+00
 144.747639     25.000  35.536423    12.8028    5.76054     24.790    30.0229    22.5787 0.0000e+00
 144.747653     26.000  35.631992    12.7684    5.73901     25.781    30.1396    22.6754 0.0000e+00
 144.747666     27.000  35.709758    12.7222    5.48555     26.772    30.2492    22.7691 0.0000e+00
 144.747678     28.000  35.785972    12.5461    5.13739     27.765    30.4625    22.9673 0.0000e+00
 144.747692     29.000  35.885241    12.0211    4.90423     28.756    30.9874    23.4713 0.0000e+00
 144.747710     30.000  35.919424    11.5788    5.09035     29.748    31.3906    23.8645 0.0000e+00
