data/oxygen options/ONMS/Olympic_Coast_National_Marine_Sanctuary_Hypoxia_Survey_CTD_Data_2004_2015/raw_data/2005/CTD_CA70_083005faed.cnv
* Sea-Bird SBE19 Data File:
* FileName = C:\hypoxia CTD data\CA70_083005.hex
* Software Version 1.1.5
* Temperature SN = 2997
* Conductivity SN = 2997
* System UpLoad Time = Aug 30 2005 17:26:50
** Cape Alava 70m 083005
* SEACAT PROFILER V3.1c SN 2997   08/30/05  17:25:12.101
# nquan = 9                                 
# nvalues = 682                         
# units = specified
# name 0 = timeJ: Julian Days
# name 1 = prSM: Pressure, Strain Gauge [db]
# name 2 = c0mS/cm: Conductivity [mS/cm]
# name 3 = t090C: Temperature [ITS-90, deg C]
# name 4 = oxML/L: Oxygen, Beckman/YSI [ml/l]
# name 5 = depSM: Depth [salt water, m], lat = 47.5
# name 6 = sal00: Salinity, Practical [PSU]
# name 7 = sigma-é00: Density [sigma-theta, kg/m^3]
# name 8 = flag: flag
# span 0 = 242.670995, 242.674936       
# span 1 =     -3.355,     71.046       
# span 2 =   0.905941,  38.575419       
# span 3 =     7.6367,    14.3134       
# span 4 =   -0.11883,   25.56021       
# span 5 =     -3.327,     70.441       
# span 6 =     0.5729,    33.5484       
# span 7 =    -0.3169,    26.1873       
# span 8 = 0.0000e+00, 0.0000e+00       
# interval = seconds: 0.5
# start_time = Aug 30 2005 16:06:14 [Instrument's time stamp, header]
# bad_flag = -9.990e-29
*END*
[from data line 321]
 242.672853      3.084  38.526032    14.2401    7.72751      3.058    31.6398    23.5426 -9.990e-29
 242.672859      3.094  38.524719    14.2396    7.75027      3.068    31.6390    23.5421 -9.990e-29
 242.672865      3.104  38.524624    14.2410    7.74445      3.078    31.6378    23.5409 -9.990e-29
 242.672870      3.106  38.526189    14.2422    7.75211      3.080    31.6383    23.5410 -9.990e-29
 242.672876      3.104  38.527018    14.2428    7.75747      3.078    31.6385    23.5410 -9.990e-29
 242.672882      3.106  38.525979    14.2453    7.75125      3.080    31.6355    23.5382 -9.990e-29
 242.672888      3.122  38.524500    14.2503    7.75479      3.096    31.6301    23.5330 -9.990e-29
 242.672894      3.147  38.524539    14.2550    7.75943      3.121    31.6263    23.5291 -9.990e-29
 242.672899      3.167  38.526715    14.2579    7.77118      3.141    31.6259    23.5282 -9.990e-29
 242.672905      3.174  38.528888    14.2598    7.77980      3.147    31.6263    23.5281 -9.990e-29
 242.672911      3.169  38.529474    14.2608    7.77911      3.143    31.6260    23.5277 -9.990e-29
 242.672917      3.156  38.530384    14.2616    7.76581      3.130    31.6262    23.5276 -9.990e-29
 242.672922      3.142  38.531715    14.2642    7.75766      3.116    31.6253    23.5264 -9.990e-29
 242.672928      3.135  38.533567    14.2686    7.77627      3.109    31.6234    23.5240 -9.990e-29
 242.672934      3.139  38.538417    14.2732    7.78680      3.113    31.6240    23.5236 -9.990e-29
 242.672940      3.146  38.544324    14.2759    7.77470      3.120    31.6272    23.5255 -9.990e-29
 242.672946      3.142  38.546830    14.2746    7.76112      3.116    31.6306    23.5283 -9.990e-29
 242.672951      3.129  38.545359    14.2705    7.76629      3.103    31.6326    23.5307 -9.990e-29
 242.672957      3.117  38.542441    14.2670    7.78392      3.091    31.6328    23.5316 -9.990e-29
 242.672963      3.120  38.539242    14.2668    7.79417      3.094    31.6300    23.5295 -9.990e-29
 242.672969      3.136  38.536550    14.2697    7.78447      3.110    31.6252    23.5252 -9.990e-29
 242.672975      3.159  38.536391    14.2732    7.77523      3.133    31.6222    23.5222 -9.990e-29
 242.672980      3.182  38.539119    14.2749    7.78688      3.155    31.6233    23.5226 -9.990e-29
 242.672986      3.197  38.542768    14.2761    7.79542      3.170    31.6256    23.5242 -9.990e-29
 242.672992      3.205  38.545479    14.2777    7.79557      3.178    31.6268    23.5248 -9.990e-29
 242.672998      3.212  38.545827    14.2781    7.77757      3.185    31.6268    23.5247 -9.990e-29
 242.673003      3.213  38.544280    14.2772    7.77474      3.186    31.6261    23.5244 -9.990e-29
 242.673009      3.204  38.543270    14.2776    7.79180      3.177    31.6249    23.5233 -9.990e-29
 242.673015      3.189  38.544259    14.2796    7.81743      3.162    31.6241    23.5223 -9.990e-29
 242.673021      3.180  38.546889    14.2813    7.82171      3.153    31.6251    23.5228 -9.990e-29
 242.673027      3.181  38.549627    14.2820    7.82457      3.154    31.6271    23.5241 -9.990e-29
 242.673032      3.182  38.551645    14.2827    7.82619      3.155    31.6283    23.5249 -9.990e-29
 242.673038      3.184  38.552834    14.2847    7.82265      3.157    31.6278    23.5241 -9.990e-29
 242.673044      3.192  38.554787    14.2881    7.81197      3.165    31.6268    23.5226 -9.990e-29
 242.673050      3.205  38.558431    14.2916    7.78410      3.178    31.6272    23.5223 -9.990e-29
 242.673056      3.221  38.561900    14.2925    7.75009      3.194    31.6297    23.5239 -9.990e-29
 242.673061      3.236  38.563096    14.2864    7.72906      3.209    31.6357    23.5299 -9.990e-29
 242.673067      3.252  38.559693    14.2702    7.71733      3.225    31.6459    23.5411 -9.990e-29
 242.673073      3.264  38.548284    14.2501    7.70131      3.237    31.6519    23.5499 -9.990e-29
 242.673079      3.269  38.532169    14.2374    7.69006      3.242    31.6476    23.5492 -9.990e-29
 242.673084      3.268  38.522957    14.2352    7.69049      3.241    31.6410    23.5445 -9.990e-29
 242.673090      3.266  38.524070    14.2363    7.71522      3.239    31.6411    23.5444 -9.990e-29
 242.673096      3.269  38.529703    14.2344    7.74151      3.242    31.6478    23.5499 -9.990e-29
 242.673102      3.283  38.534476    14.2310    7.75331      3.256    31.6549    23.5561 -9.990e-29
 242.673108      3.301  38.535412    14.2319    7.74219      3.273    31.6551    23.5560 -9.990e-29
 242.673113      3.310  38.533759    14.2385    7.73532      3.282    31.6481    23.5493 -9.990e-29
 242.673119      3.311  38.532543    14.2441    7.74658      3.283    31.6424    23.5438 -9.990e-29
 242.673125      3.313  38.532378    14.2440    7.74810      3.285    31.6424    23.5438 -9.990e-29
 242.673131      3.320  38.530422    14.2411    7.74921      3.292    31.6429    23.5448 -9.990e-29
 242.673137      3.328  38.526307    14.2396    7.73728      3.300    31.6404    23.5432 -9.990e-29
 242.673142      3.333  38.524072    14.2406    7.72244      3.305    31.6375    23.5407 -9.990e-29
 242.673148      3.336  38.524655    14.2431    7.73071      3.308    31.6360    23.5391 -9.990e-29
 242.673154      3.337  38.525461    14.2448    7.74607      3.309    31.6354    23.5382 -9.990e-29
 242.673160      3.336  38.524753    14.2449    7.76801      3.308    31.6346    23.5376 -9.990e-29
 242.673166      3.338  38.523822    14.2438    7.78982      3.310    31.6347    23.5379 -9.990e-29
 242.673171      3.346  38.523106    14.2448    7.79413      3.318    31.6332    23.5365 -9.990e-29
 242.673177      3.357  38.522764    14.2523    7.79380      3.329    31.6268    23.5300 -9.990e-29
 242.673183      3.372  38.526257    14.2640    7.81291      3.344    31.6204    23.5227 -9.990e-29
 242.673189      3.395  38.535429    14.2745    7.85855      3.367    31.6202    23.5203 -9.990e-29
 242.673194      3.429  38.546800    14.2810    7.83676      3.400    31.6252    23.5229 -9.990e-29
 242.673200      3.475  38.553652    14.2837    7.86263      3.446    31.6292    23.5254 -9.990e-29
 242.673206      3.532  38.555021    14.2849    7.87380      3.502    31.6295    23.5254 -9.990e-29
 242.673212      3.603  38.554410    14.2856    7.90242      3.573    31.6283    23.5243 -9.990e-29
 242.673218      3.702  38.553801    14.2861    7.92027      3.671    31.6273    23.5235 -9.990e-29
 242.673223      3.836  38.554620    14.2863    7.89505      3.804    31.6279    23.5238 0.0000e+00
 242.673229      4.003  38.556269    14.2840    7.80092      3.970    31.6312    23.5269 0.0000e+00
 242.673235      4.207  38.555891    14.2745    7.65019      4.172    31.6385    23.5345 0.0000e+00
 242.673241      4.447  38.549607    14.2494    7.44584      4.410    31.6533    23.5511 0.0000e+00
 242.673247      4.725  38.530715    14.2015    7.12034      4.686    31.6751    23.5779 0.0000e+00
 242.673252      5.047  38.494768    14.1152    6.76929      5.005    31.7130    23.6248 0.0000e+00
 242.673258      5.416  38.435891    13.9630    6.35753      5.371    31.7842    23.7110 0.0000e+00
 242.673264      5.838  38.327166    13.7600    5.95353      5.789    31.8520    23.8045 0.0000e+00
 242.673270      6.311  38.175598    13.5492    5.58002      6.258    31.8867    23.8738 0.0000e+00
 242.673275      6.821  38.028634    13.3208    5.26212      6.764    31.9406    23.9609 0.0000e+00
 242.673281      7.358  37.873665    13.0582    4.99430      7.296    32.0160    24.0710 0.0000e+00
 242.673287      7.910  37.686283    12.7734    4.75854      7.844    32.0801    24.1760 0.0000e+00
 242.673293      8.465  37.477374    12.4693    4.61225      8.394    32.1406    24.2811 0.0000e+00
 242.673299      9.020  37.248727    12.1578    4.49950      8.945    32.1887    24.3772 0.0000e+00
 242.673304      9.576  37.018985    11.8527    4.42586      9.496    32.2302    24.4661 0.0000e+00
 242.673310     10.133  36.809798    11.5414    4.38360     10.048    32.2972    24.5751 0.0000e+00
 242.673316     10.689  36.613021    11.2217    4.32846     10.600    32.3841    24.7001 0.0000e+00
 242.673322     11.241  36.422466    10.9307    4.29776     11.147    32.4525    24.8047 0.0000e+00
 242.673328     11.794  36.254254    10.6946    4.24431     11.695    32.4946    24.8786 0.0000e+00
 242.673333     12.349  36.111669    10.5110    4.19655     12.246    32.5155    24.9266 0.0000e+00
 242.673339     12.899  35.985632    10.3755    4.15563     12.791    32.5100    24.9454 0.0000e+00
 242.673345     13.445  35.885211    10.2764    4.10873     13.332    32.4975    24.9524 0.0000e+00
 242.673351     13.990  35.811586    10.1947    4.06157     13.873    32.4963    24.9652 0.0000e+00
 242.673356     14.532  35.750656    10.1156    3.99320     14.410    32.5055    24.9857 0.0000e+00
 242.673362     15.067  35.691798    10.0348    3.92804     14.941    32.5184    25.0092 0.0000e+00
 242.673368     15.594  35.632195     9.9600    3.89492     15.463    32.5251    25.0268 0.0000e+00
 242.673374     16.117  35.582056     9.8870    3.86767     15.982    32.5398    25.0504 0.0000e+00
 242.673380     16.644  35.537855     9.7918    3.84654     16.504    32.5806    25.0979 0.0000e+00
 242.673385     17.178  35.480440     9.6734    3.82439     17.034    32.6291    25.1551 0.0000e+00
 242.673391     17.720  35.421811     9.5670    3.79860     17.571    32.6656    25.2008 0.0000e+00
 242.673397     18.268  35.393089     9.4986    3.79254     18.115    32.6982    25.2374 0.0000e+00
 242.673403     18.820  35.394067     9.4618    3.80681     18.662    32.7326    25.2702 0.0000e+00
 242.673409     19.369  35.399673     9.4390    3.79752     19.206    32.7589    25.2945 0.0000e+00
 242.673414     19.910  35.398863     9.4200    3.80461     19.743    32.7752    25.3103 0.0000e+00
 242.673420     20.445  35.394468     9.4031    3.80508     20.273    32.7860    25.3214 0.0000e+00
 242.673426     20.976  35.389026     9.3896    3.81108     20.800    32.7925    25.3286 0.0000e+00
 242.673432     21.513  35.384237     9.3798    3.84209     21.332    32.7963    25.3332 0.0000e+00
 242.673438     22.059  35.380433     9.3734    3.85638     21.874    32.7980    25.3356 0.0000e+00
 242.673443     22.611  35.377576     9.3693    3.87766     22.421    32.7986    25.3367 0.0000e+00
 242.673449     23.161  35.375769     9.3666    3.89709     22.966    32.7989    25.3374 0.0000e+00
 242.673455     23.705  35.374276     9.3641    3.90017     23.506    32.7995    25.3382 0.0000e+00
 242.673461     24.245  35.372217     9.3604    3.89100     24.041    32.8005    25.3396 0.0000e+00
 242.673466     24.780  35.370201     9.3552    3.84060     24.572    32.8029    25.3424 0.0000e+00
 242.673472     25.307  35.368333     9.3475    3.78595     25.094    32.8078    25.3475 0.0000e+00
 242.673478     25.814  35.365233     9.3322    3.70800     25.597    32.8185    25.3582 0.0000e+00
 242.673484     26.302  35.357318     9.2923    3.61952     26.081    32.8467    25.3867 0.0000e+00
 242.673490     26.779  35.333464     9.2071    3.55064     26.554    32.9003    25.4421 0.0000e+00
 242.673495     27.259  35.279798     9.0771    3.51497     27.030    32.9646    25.5130 0.0000e+00
 242.673501     27.751  35.196507     8.9290    3.53144     27.518    33.0152    25.5757 0.0000e+00
 242.673507     28.252  35.105370     8.7861    3.55172     28.014    33.0529    25.6273 0.0000e+00
 242.673513     28.751  35.022179     8.6561    3.57494     28.509    33.0870    25.6740 0.0000e+00
 242.673519     29.241  34.939680     8.5640    3.60927     28.995    33.0863    25.6875 0.0000e+00
 242.673524     29.720  34.872846     8.5250    3.65543     29.470    33.0523    25.6668 0.0000e+00
 242.673530     30.197  34.842960     8.4944    3.72484     29.943    33.0493    25.6691 0.0000e+00
 242.673536     30.693  34.819678     8.4330    3.77732     30.435    33.0821    25.7041 0.0000e+00
 242.673542     31.218  34.775313     8.3625    3.83320     30.955    33.1012    25.7297 0.0000e+00
 242.673547     31.768  34.728619     8.3106    3.87514     31.500    33.1004    25.7368 0.0000e+00
 242.673553     32.335  34.696911     8.2775    3.90163     32.063    33.0977    25.7396 0.0000e+00
 242.673559     32.911  34.676565     8.2553    3.91924     32.634    33.0968    25.7422 0.0000e+00
 242.673565     33.492  34.661734     8.2389    3.94936     33.210    33.0963    25.7443 0.0000e+00
 242.673571     34.071  34.650005     8.2251    3.97295     33.784    33.0966    25.7465 0.0000e+00
 242.673576     34.642  34.639741     8.2116    3.99574     34.350    33.0981    25.7498 0.0000e+00
 242.673582     35.199  34.629578     8.1981    4.00945     34.902    33.0998    25.7531 0.0000e+00
 242.673588     35.735  34.619406     8.1864    4.03011     35.434    33.0998    25.7548 0.0000e+00
 242.673594     36.250  34.610225     8.1775    4.06647     35.944    33.0982    25.7549 0.0000e+00
 242.673600     36.750  34.602673     8.1687    4.11963     36.440    33.0983    25.7563 0.0000e+00
 242.673605     37.243  34.595638     8.1538    4.19841     36.929    33.1046    25.7634 0.0000e+00
 242.673611     37.738  34.585336     8.1278    4.26602     37.420    33.1180    25.7778 0.0000e+00
 242.673617     38.244  34.569233     8.0965    4.33245     37.921    33.1302    25.7920 0.0000e+00
 242.673623     38.765  34.552195     8.0712    4.38990     38.438    33.1358    25.8000 0.0000e+00
 242.673628     39.295  34.540635     8.0559    4.40970     38.963    33.1377    25.8038 0.0000e+00
 242.673634     39.825  34.534821     8.0478    4.43983     39.489    33.1389    25.8060 0.0000e+00
 242.673640     40.350  34.532032     8.0427    4.46241     40.009    33.1405    25.8080 0.0000e+00
 242.673646     40.869  34.529658     8.0374    4.49754     40.524    33.1427    25.8105 0.0000e+00
 242.673652     41.387  34.527329     8.0321    4.54849     41.037    33.1450    25.8131 0.0000e+00
 242.673657     41.905  34.526412     8.0284    4.56289     41.551    33.1473    25.8154 0.0000e+00
 242.673663     42.418  34.526797     8.0271    4.56279     42.060    33.1487    25.8167 0.0000e+00
 242.673669     42.920  34.527867     8.0275    4.56145     42.557    33.1493    25.8171 0.0000e+00
 242.673675     43.414  34.529357     8.0274    4.54191     43.047    33.1507    25.8183 0.0000e+00
 242.673681     43.905  34.531002     8.0256    4.53883     43.534    33.1539    25.8211 0.0000e+00
 242.673686     44.399  34.533867     8.0225    4.52961     44.024    33.1597    25.8260 0.0000e+00
 242.673692     44.902  34.539522     8.0188    4.50279     44.522    33.1690    25.8339 0.0000e+00
 242.673698     45.410  34.547653     8.0155    4.47560     45.026    33.1806    25.8435 0.0000e+00
 242.673704     45.915  34.556759     8.0135    4.45793     45.527    33.1919    25.8527 0.0000e+00
 242.673709     46.414  34.565520     8.0127    4.43979     46.021    33.2018    25.8606 0.0000e+00
 242.673715     46.913  34.573835     8.0122    4.41375     46.516    33.2109    25.8678 0.0000e+00
 242.673721     47.410  34.582693     8.0105    4.40541     47.009    33.2217    25.8766 0.0000e+00
 242.673727     47.897  34.592125     8.0081    4.39371     47.492    33.2339    25.8864 0.0000e+00
 242.673733     48.377  34.600125     8.0060    4.36085     47.968    33.2442    25.8948 0.0000e+00
 242.673738     48.853  34.604461     8.0025    4.34211     48.440    33.2519    25.9014 0.0000e+00
 242.673744     49.334  34.605859     7.9949    4.30663     48.916    33.2604    25.9092 0.0000e+00
 242.673750     49.831  34.606735     7.9826    4.29067     49.409    33.2728    25.9207 0.0000e+00
 242.673756     50.340  34.607689     7.9663    4.25998     49.914    33.2891    25.9359 0.0000e+00
 242.673762     50.855  34.607740     7.9480    4.21489     50.424    33.3063    25.9521 0.0000e+00
 242.673767     51.376  34.606384     7.9310    4.18068     50.941    33.3208    25.9660 0.0000e+00
