data/oxygen options/ONMS/Olympic_Coast_National_Marine_Sanctuary_Hypoxia_Survey_CTD_Data_2004_2015/raw_data/2005/CTD_CE60_070605faed.cnv
* Sea-Bird SBE19 Data File:
* FileName = C:\Hypoxia Data\CE60_070605.hex
* Software Version 1.1.6
* Temperature SN = 2997
* Conductivity SN = 2997
* System UpLoad Time = Jul 06 2005 16:11:28
* SEACAT PROFILER V3.1c SN 2997   07/06/05  16:11:56.607
* strain gauge pressure sensor: S/N = 184829,  range = 3000 psia,  tc = 40
# nquan = 9                                 
# nvalues = 1085                        
# units = specified
# name 0 = timeJ: Julian Days
# name 1 = prSM: Pressure, Strain Gauge [db]
# name 2 = c0mS/cm: Conductivity [mS/cm]
# name 3 = t090C: Temperature [ITS-90, deg C]
# name 4 = oxML/L: Oxygen, Beckman/YSI [ml/l]
# name 5 = depSM: Depth [salt water, m], lat = 47.5
# name 6 = sal00: Salinity, Practical [PSU]
# name 7 = sigma-é00: Density [sigma-theta, kg/m^3]
# name 8 = flag: flag
# span 0 = 187.617882, 187.624155       
# span 1 =     -3.745,     60.181       
# span 2 =   0.483467, 224.000700       
# span 3 =     7.8657,    43.3344       
# span 4 =   -0.11319,   22.81526       
# span 5 =     -3.714,     59.670       
# span 6 =     0.2853,    37.7918       
# span 7 =    -0.8302,    26.2248       
# span 8 = 0.0000e+00, 0.0000e+00       
# interval = seconds: 0.5
# start_time = Jul 06 2005 14:49:45 [Instrument's time stamp, header]
# bad_flag = -9.990e-29
*END*
[from data line 641]
 187.621591     35.385  35.150237     8.9263    3.43723     35.087    32.9660    25.5377 0.0000e+00
 187.621597     35.803  35.147457     8.9210    3.45429     35.501    32.9678    25.5400 0.0000e+00
 187.621603     36.222  35.144879     8.9162    3.44022     35.917    32.9694    25.5420 0.0000e+00
 187.621609     36.645  35.142417     8.9113    3.41576     36.336    32.9712    25.5442 0.0000e+00
 187.621615     37.075  35.140141     8.9064    3.38445     36.762    32.9732    25.5465 0.0000e+00
 187.621620     37.501  35.139487     8.8999    3.34497     37.185    32.9784    25.5515 0.0000e+00
 187.621626     37.915  35.139010     8.8874    3.34411     37.595    32.9893    25.5620 0.0000e+00
 187.621632     38.322  35.133017     8.8604    3.36614     37.999    33.0080    25.5808 0.0000e+00
 187.621638     38.727  35.115186     8.8139    3.41395     38.400    33.0324    25.6072 0.0000e+00
 187.621644     39.126  35.083031     8.7560    3.44514     38.796    33.0526    25.6320 0.0000e+00
 187.621649     39.511  35.046356     8.7004    3.45690     39.177    33.0659    25.6509 0.0000e+00
 187.621655     39.866  35.019022     8.6578    3.44414     39.529    33.0769    25.6661 0.0000e+00
 187.621661     40.177  35.004360     8.6422    3.41580     39.838    33.0760    25.6677 0.0000e+00
 187.621667     40.438  35.000736     8.6588    3.41562     40.097    33.0566    25.6500 0.0000e+00
 187.621672     40.656  35.007785     8.6854    3.40247     40.313    33.0390    25.6321 0.0000e+00
 187.621678     40.849  35.019755     8.6898    3.39994     40.504    33.0474    25.6380 0.0000e+00
 187.621684     41.030  35.025138     8.6652    3.38921     40.684    33.0759    25.6642 0.0000e+00
 187.621690     41.198  35.018776     8.6299    3.36614     40.850    33.1022    25.6901 0.0000e+00
 187.621696     41.350  35.006751     8.6047    3.35611     41.001    33.1131    25.7025 0.0000e+00
 187.621701     41.480  34.998799     8.5946    3.34749     41.130    33.1141    25.7049 -9.990e-29
 187.621707     41.569  34.996631     8.5934    3.34360     41.218    33.1130    25.7041 -9.990e-29
 187.621713     41.610  34.996780     8.5950    3.36216     41.259    33.1116    25.7028 -9.990e-29
 187.621719     41.603  34.997191     8.5952    3.38789     41.252    33.1118    25.7030 -9.990e-29
 187.621725     41.550  34.996160     8.5937    3.40201     41.199    33.1122    25.7035 -9.990e-29
 187.621730     41.478  34.992863     8.5926    3.42727     41.128    33.1098    25.7018 -9.990e-29
 187.621736     41.417  34.987943     8.5944    3.42699     41.067    33.1030    25.6962 -9.990e-29
 187.621742     41.384  34.984362     8.5975    3.42832     41.034    33.0963    25.6905 -9.990e-29
 187.621748     41.391  34.982940     8.5975    3.42514     41.041    33.0948    25.6893 -9.990e-29
 187.621753     41.436  34.981775     8.5934    3.40252     41.086    33.0974    25.6920 -9.990e-29
 187.621759     41.511  34.981547     8.5884    3.37783     41.160    33.1018    25.6962 -9.990e-29
 187.621765     41.599  34.983621     8.5856    3.35726     41.248    33.1066    25.7003 -9.990e-29
 187.621771     41.680  34.987389     8.5847    3.34491     41.328    33.1113    25.7042 -9.990e-29
 187.621777     41.737  34.991135     8.5851    3.34558     41.384    33.1149    25.7069 -9.990e-29
 187.621782     41.758  34.993117     8.5866    3.35640     41.405    33.1155    25.7072 -9.990e-29
 187.621788     41.739  34.992601     8.5882    3.36639     41.386    33.1135    25.7054 -9.990e-29
 187.621794     41.692  34.990574     8.5887    3.37415     41.340    33.1109    25.7033 -9.990e-29
 187.621800     41.631  34.988808     8.5883    3.38458     41.279    33.1095    25.7022 -9.990e-29
 187.621806     41.573  34.987742     8.5874    3.38013     41.222    33.1092    25.7021 -9.990e-29
 187.621811     41.536  34.986509     8.5859    3.38540     41.185    33.1094    25.7025 -9.990e-29
 187.621817     41.531  34.984577     8.5843    3.39229     41.180    33.1088    25.7023 -9.990e-29
 187.621823     41.556  34.982722     8.5836    3.38608     41.205    33.1075    25.7014 -9.990e-29
 187.621829     41.598  34.982386     8.5838    3.39370     41.247    33.1070    25.7009 -9.990e-29
 187.621834     41.636  34.983670     8.5842    3.39051     41.284    33.1079    25.7016 -9.990e-29
 187.621840     41.665  34.984913     8.5846    3.38985     41.313    33.1088    25.7023 -9.990e-29
 187.621846     41.692  34.984958     8.5845    3.39842     41.340    33.1090    25.7024 -9.990e-29
 187.621852     41.726  34.983855     8.5836    3.39129     41.374    33.1086    25.7023 -9.990e-29
 187.621858     41.769  34.982928     8.5831    3.38959     41.416    33.1081    25.7019 -9.990e-29
 187.621863     41.811  34.983175     8.5835    3.39519     41.458    33.1080    25.7018 -9.990e-29
 187.621869     41.843  34.983793     8.5841    3.38828     41.490    33.1080    25.7017 -9.990e-29
 187.621875     41.862  34.984475     8.5845    3.39091     41.508    33.1084    25.7019 -9.990e-29
 187.621881     41.869  34.984997     8.5847    3.38845     41.515    33.1087    25.7022 -9.990e-29
 187.621887     41.868  34.984926     8.5848    3.38135     41.514    33.1086    25.7020 -9.990e-29
 187.621892     41.869  34.984717     8.5847    3.38978     41.515    33.1084    25.7019 -9.990e-29
 187.621898     41.876  34.984643     8.5849    3.39206     41.522    33.1082    25.7017 -9.990e-29
 187.621904     41.885  34.984596     8.5853    3.38681     41.531    33.1077    25.7013 -9.990e-29
 187.621910     41.892  34.984506     8.5855    3.39358     41.538    33.1075    25.7011 -9.990e-29
 187.621916     41.902  34.984242     8.5852    3.39198     41.548    33.1075    25.7011 -9.990e-29
 187.621921     41.919  34.983441     8.5842    3.39419     41.565    33.1075    25.7013 -9.990e-29
 187.621927     41.946  34.982149     8.5833    3.40270     41.592    33.1070    25.7010 -9.990e-29
 187.621933     41.979  34.981434     8.5833    3.40135     41.624    33.1063    25.7004 -9.990e-29
 187.621939     42.011  34.982017     8.5841    3.38815     41.656    33.1061    25.7002 -9.990e-29
 187.621944     42.042  34.982983     8.5849    3.38382     41.687    33.1064    25.7003 -9.990e-29
 187.621950     42.072  34.983368     8.5853    3.37368     41.717    33.1064    25.7002 -9.990e-29
 187.621956     42.103  34.983676     8.5854    3.38888     41.747    33.1066    25.7004 -9.990e-29
 187.621962     42.134  34.984308     8.5857    3.39738     41.778    33.1070    25.7006 -9.990e-29
 187.621968     42.162  34.984975     8.5860    3.37807     41.806    33.1074    25.7009 -9.990e-29
 187.621973     42.192  34.985435     8.5861    3.36712     41.836    33.1077    25.7012 -9.990e-29
 187.621979     42.236  34.985732     8.5860    3.35248     41.879    33.1081    25.7015 -9.990e-29
 187.621985     42.305  34.986251     8.5855    3.34977     41.948    33.1091    25.7023 -9.990e-29
 187.621991     42.403  34.987117     8.5845    3.37148     42.045    33.1109    25.7039 -9.990e-29
 187.621997     42.520  34.988913     8.5834    3.37739     42.161    33.1138    25.7063 -9.990e-29
 187.622002     42.641  34.991221     8.5834    3.37949     42.281    33.1161    25.7082 -9.990e-29
 187.622008     42.765  34.991502     8.5840    3.35095     42.404    33.1158    25.7078 -9.990e-29
 187.622014     42.909  34.989560     8.5828    3.26173     42.546    33.1148    25.7073 0.0000e+00
 187.622020     43.100  34.988400     8.5773    3.12111     42.736    33.1187    25.7111 0.0000e+00
 187.622025     43.353  34.990393     8.5615    2.93528     42.987    33.1355    25.7267 0.0000e+00
 187.622031     43.667  34.997064     8.5200    2.72361     43.298    33.1814    25.7689 0.0000e+00
 187.622037     44.030  35.009451     8.4377    2.54077     43.658    33.2718    25.8523 0.0000e+00
 187.622043     44.419  35.016029     8.3309    2.41510     44.044    33.3797    25.9530 0.0000e+00
 187.622049     44.823  35.003129     8.2390    2.33807     44.444    33.4532    26.0244 0.0000e+00
 187.622054     45.237  34.980989     8.1777    2.31665     44.855    33.4879    26.0608 0.0000e+00
 187.622060     45.662  34.963222     8.1382    2.30055     45.276    33.5066    26.0813 0.0000e+00
 187.622066     46.099  34.949652     8.1112    2.29870     45.709    33.5177    26.0940 0.0000e+00
 187.622072     46.549  34.938422     8.0888    2.28198     46.155    33.5270    26.1046 0.0000e+00
 187.622078     47.013  34.928373     8.0619    2.24500     46.615    33.5418    26.1202 0.0000e+00
 187.622083     47.481  34.918426     8.0263    2.20573     47.079    33.5651    26.1438 0.0000e+00
 187.622089     47.944  34.908008     7.9875    2.16402     47.538    33.5909    26.1698 0.0000e+00
 187.622095     48.398  34.897222     7.9536    2.13297     47.988    33.6118    26.1911 0.0000e+00
 187.622101     48.837  34.887174     7.9279    2.11736     48.424    33.6255    26.2057 0.0000e+00
 187.622106     49.255  34.879021     7.9102    2.10252     48.838    33.6336    26.2147 0.0000e+00
 187.622112     49.645  34.873084     7.8986    2.10297     49.225    33.6383    26.2200 0.0000e+00
 187.622118     50.001  34.868716     7.8912    2.10088     49.578    33.6405    26.2229 0.0000e+00
 187.622124     50.316  34.865686     7.8879    2.10682     49.890    33.6403    26.2232 0.0000e+00
 187.622130     50.576  34.864422     7.8897    2.13238     50.148    33.6371    26.2204 0.0000e+00
 187.622135     50.773  34.864907     7.8962    2.14587     50.343    33.6313    26.2149 0.0000e+00
 187.622141     50.909  34.866652     7.9062    2.14783     50.478    33.6234    26.2073 -9.990e-29
 187.622147     51.007  34.869731     7.9151    2.15069     50.575    33.6181    26.2018 -9.990e-29
 187.622153     51.103  34.872635     7.9138    2.14216     50.670    33.6224    26.2054 -9.990e-29
 187.622159     51.219  34.871383     7.9028    2.14349     50.785    33.6316    26.2142 -9.990e-29
 187.622164     51.350  34.866540     7.8925    2.13916     50.915    33.6363    26.2194 0.0000e+00
 187.622170     51.475  34.862849     7.8883    2.12918     51.039    33.6363    26.2200 -9.990e-29
 187.622176     51.572  34.862099     7.8893    2.12730     51.135    33.6345    26.2184 -9.990e-29
 187.622182     51.634  34.863275     7.8931    2.12572     51.197    33.6321    26.2160 -9.990e-29
 187.622188     51.669  34.864568     7.8960    2.12743     51.231    33.6307    26.2144 -9.990e-29
 187.622193     51.684  34.864892     7.8962    2.14120     51.246    33.6308    26.2145 -9.990e-29
 187.622199     51.680  34.864668     7.8944    2.13358     51.242    33.6323    26.2160 -9.990e-29
 187.622205     51.660  34.864147     7.8920    2.12858     51.222    33.6341    26.2177 -9.990e-29
 187.622211     51.637  34.863185     7.8901    2.12234     51.200    33.6349    26.2186 -9.990e-29
 187.622216     51.621  34.862172     7.8883    2.11398     51.184    33.6355    26.2194 -9.990e-29
 187.622222     51.617  34.860868     7.8860    2.12036     51.180    33.6364    26.2204 -9.990e-29
 187.622228     51.619  34.859203     7.8843    2.11146     51.182    33.6362    26.2205 -9.990e-29
 187.622234     51.618  34.858311     7.8839    2.12041     51.181    33.6356    26.2201 -9.990e-29
 187.622240     51.616  34.858111     7.8840    2.12564     51.179    33.6353    26.2198 -9.990e-29
 187.622245     51.620  34.857765     7.8840    2.11474     51.183    33.6350    26.2196 -9.990e-29
 187.622251     51.635  34.857361     7.8837    2.12308     51.198    33.6348    26.2195 -9.990e-29
 187.622257     51.661  34.856912     7.8832    2.11465     51.223    33.6348    26.2195 -9.990e-29
 187.622263     51.697  34.856369     7.8829    2.11697     51.259    33.6345    26.2193 -9.990e-29
 187.622269     51.732  34.856118     7.8828    2.12223     51.294    33.6343    26.2192 -9.990e-29
 187.622274     51.750  34.856372     7.8830    2.11341     51.312    33.6344    26.2192 -9.990e-29
 187.622280     51.745  34.856898     7.8832    2.11557     51.307    33.6347    26.2195 -9.990e-29
 187.622286     51.725  34.857264     7.8835    2.10879     51.287    33.6349    26.2195 -9.990e-29
 187.622292     51.701  34.857389     7.8839    2.11621     51.263    33.6346    26.2193 -9.990e-29
 187.622297     51.675  34.857429     7.8842    2.12112     51.237    33.6344    26.2191 -9.990e-29
 187.622303     51.651  34.857426     7.8842    2.11585     51.214    33.6344    26.2191 -9.990e-29
 187.622309     51.636  34.857367     7.8836    2.11587     51.199    33.6349    26.2196 -9.990e-29
 187.622315     51.637  34.857164     7.8828    2.09847     51.200    33.6355    26.2201 -9.990e-29
 187.622321     51.658  34.856536     7.8826    2.10406     51.220    33.6350    26.2198 -9.990e-29
 187.622326     51.697  34.855756     7.8825    2.11604     51.259    33.6342    26.2192 -9.990e-29
 187.622332     51.748  34.855454     7.8823    2.12081     51.310    33.6341    26.2191 -9.990e-29
 187.622338     51.804  34.855217     7.8821    2.12621     51.365    33.6340    26.2191 -9.990e-29
 187.622344     51.862  34.854716     7.8818    2.11416     51.423    33.6337    26.2189 -9.990e-29
 187.622350     51.912  34.854392     7.8816    2.10943     51.472    33.6335    26.2188 -9.990e-29
 187.622355     51.944  34.854364     7.8817    2.11686     51.504    33.6334    26.2187 -9.990e-29
 187.622361     51.956  34.854581     7.8821    2.10598     51.516    33.6332    26.2185 -9.990e-29
 187.622367     51.949  34.854762     7.8825    2.11316     51.509    33.6330    26.2183 -9.990e-29
 187.622373     51.923  34.854575     7.8827    2.10589     51.483    33.6326    26.2179 -9.990e-29
 187.622378     51.881  34.854323     7.8828    2.11154     51.442    33.6323    26.2176 -9.990e-29
 187.622384     51.835  34.854219     7.8830    2.11830     51.396    33.6320    26.2174 -9.990e-29
 187.622390     51.810  34.854115     7.8830    2.10929     51.371    33.6319    26.2173 -9.990e-29
 187.622396     51.817  34.853865     7.8827    2.11610     51.378    33.6319    26.2174 -9.990e-29
 187.622402     51.847  34.853686     7.8820    2.10727     51.408    33.6324    26.2178 -9.990e-29
 187.622407     51.885  34.853889     7.8816    2.11530     51.446    33.6330    26.2184 -9.990e-29
 187.622413     51.916  34.854171     7.8817    2.10448     51.476    33.6332    26.2185 -9.990e-29
 187.622419     51.930  34.854336     7.8822    2.09918     51.490    33.6329    26.2182 -9.990e-29
 187.622425     51.924  34.854592     7.8824    2.10835     51.484    33.6330    26.2182 -9.990e-29
 187.622431     51.897  34.854708     7.8822    2.11000     51.457    33.6333    26.2185 -9.990e-29
 187.622436     51.851  34.854270     7.8821    2.12379     51.412    33.6329    26.2182 -9.990e-29
 187.622442     51.801  34.853802     7.8822    2.10963     51.362    33.6324    26.2178 -9.990e-29
 187.622448     51.769  34.853793     7.8824    2.10993     51.330    33.6322    26.2176 -9.990e-29
 187.622454     51.770  34.853662     7.8822    2.11027     51.331    33.6322    26.2177 -9.990e-29
 187.622459     51.804  34.853224     7.8818    2.10982     51.365    33.6321    26.2177 -9.990e-29
 187.622465     51.856  34.853004     7.8817    2.11525     51.417    33.6320    26.2175 -9.990e-29
 187.622471     51.905  34.853258     7.8821    2.10530     51.465    33.6318    26.2174 -9.990e-29
 187.622477     51.931  34.853751     7.8826    2.11044     51.491    33.6319    26.2173 -9.990e-29
 187.622483     51.932  34.854009     7.8828    2.10532     51.492    33.6319    26.2174 -9.990e-29
 187.622488     51.921  34.853803     7.8829    2.11273     51.481    33.6316    26.2171 -9.990e-29
 187.622494     51.906  34.853411     7.8828    2.10863     51.466    33.6313    26.2169 -9.990e-29
 187.622500     51.886  34.853419     7.8827    2.10583     51.446    33.6314    26.2170 -9.990e-29
 187.622506     51.864  34.853827     7.8828    2.11467     51.425    33.6318    26.2172 -9.990e-29
