data/oxygen options/ONMS/Olympic_Coast_National_Marine_Sanctuary_Hypoxia_Survey_CTD_Data_2004_2015/raw_data/2005/CTD_CA100_052405faed.cnv
* Sea-Bird SBE19 Data File:
* FileName = C:\Documents and Settings\kirner.PTANGELES\Desktop\hypoxia CTD data\CA100_052405.hex
* Software Version 1.1.5
* Temperature SN = 2997
* Conductivity SN = 2997
* System UpLoad Time = May 24 2005 15:39:39
* SEACAT PROFILER V3.1c SN 2997   05/24/05  15:38:26.197
* strain gauge pressure sensor: S/N = 184829,  range = 3000 psia,  tc = 40
# nquan = 9                                 
# nvalues = 951                         
# units = specified
# name 0 = timeJ: Julian Days
# name 1 = prSM: Pressure, Strain Gauge [db]
# name 2 = c0mS/cm: Conductivity [mS/cm]
# name 3 = t090C: Temperature [ITS-90, deg C]
# name 4 = oxML/L: Oxygen, Beckman/YSI [ml/l]
# name 5 = depSM: Depth [salt water, m], lat = 47.5
# name 6 = sal00: Salinity, Practical [PSU]
# name 7 = sigma-é00: Density [sigma-theta, kg/m^3]
# name 8 = flag: flag
# span 0 = 144.622164, 144.627662       
# span 1 =     -3.237,    100.812       
# span 2 =   0.865778,  36.990586       
# span 3 =     8.0912,    14.0488       
# span 4 =  -13.61488,   26.72489       
# span 5 =     -3.210,     99.946       
# span 6 =     0.5572,    33.6295       
# span 7 =    -0.2249,    26.1824       
# span 8 = 0.0000e+00, 0.0000e+00       
# interval = seconds: 0.5
# start_time = May 24 2005 14:55:55 [Instrument's time stamp, header]
# bad_flag = -9.990e-29
*END*
[from data line 161]
 144.623096      0.780  32.115140    13.9957    6.52288      0.773    26.0212    19.2616 -9.990e-29
 144.623102      0.790  32.115481    13.9961    6.50600      0.783    26.0213    19.2616 -9.990e-29
 144.623108      0.798  32.115912    13.9968    6.48390      0.791    26.0212    19.2614 -9.990e-29
 144.623113      0.806  32.116455    13.9974    6.50217      0.799    26.0212    19.2613 -9.990e-29
 144.623119      0.816  32.116721    13.9979    6.51202      0.809    26.0211    19.2611 -9.990e-29
 144.623125      0.831  32.116513    13.9981    6.52373      0.824    26.0208    19.2608 -9.990e-29
 144.623131      0.842  32.116121    13.9983    6.49521      0.835    26.0203    19.2604 -9.990e-29
 144.623137      0.847  32.116150    13.9987    6.46261      0.840    26.0201    19.2602 -9.990e-29
 144.623142      0.849  32.116644    13.9991    6.41844      0.842    26.0203    19.2602 -9.990e-29
 144.623148      0.858  32.117152    13.9988    6.35546      0.851    26.0209    19.2608 -9.990e-29
 144.623154      0.873  32.117236    13.9976    6.32047      0.866    26.0218    19.2617 -9.990e-29
 144.623160      0.884  32.116458    13.9963    6.24843      0.877    26.0220    19.2621 -9.990e-29
 144.623166      0.877  32.115468    13.9968    6.21386      0.870    26.0207    19.2610 -9.990e-29
 144.623171      0.857  32.115753    13.9988    6.21280      0.850    26.0197    19.2598 -9.990e-29
 144.623177      0.845  32.117138    14.0003    6.22432      0.838    26.0199    19.2597 -9.990e-29
 144.623183      0.855  32.118120    14.0002    6.26844      0.848    26.0208    19.2604 -9.990e-29
 144.623189      0.885  32.118335    13.9993    6.29513      0.878    26.0216    19.2612 -9.990e-29
 144.623194      0.914  32.117515    13.9990    6.29849      0.906    26.0211    19.2609 -9.990e-29
 144.623200      0.929  32.114572    14.0013    6.29766      0.921    26.0169    19.2572 -9.990e-29
 144.623206      0.930  32.107270    14.0054    6.29455      0.922    26.0076    19.2492 -9.990e-29
 144.623212      0.929  32.085320    14.0076    6.30554      0.921    25.9865    19.2325 -9.990e-29
 144.623218      0.940  32.068772    14.0062    6.31028      0.932    25.9726    19.2221 -9.990e-29
 144.623223      0.963  32.086000    14.0035    6.32086      0.955    25.9898    19.2359 -9.990e-29
 144.623229      0.986  32.108435    14.0016    6.32265      0.978    26.0112    19.2527 -9.990e-29
 144.623235      1.004  32.116127    14.0016    6.33647      0.996    26.0181    19.2580 -9.990e-29
 144.623241      1.016  32.119339    14.0026    6.35633      1.008    26.0203    19.2595 -9.990e-29
 144.623247      1.024  32.120681    14.0023    6.35629      1.015    26.0217    19.2607 -9.990e-29
 144.623252      1.032  32.120827    14.0004    6.35254      1.023    26.0231    19.2621 -9.990e-29
 144.623258      1.045  32.119980    13.9992    6.34872      1.036    26.0231    19.2624 -9.990e-29
 144.623264      1.060  32.119259    13.9996    6.35496      1.051    26.0222    19.2616 -9.990e-29
 144.623270      1.073  32.119391    14.0000    6.35764      1.064    26.0220    19.2614 -9.990e-29
 144.623275      1.085  32.119440    13.9996    6.34569      1.076    26.0223    19.2617 -9.990e-29
 144.623281      1.098  32.118918    13.9990    6.33385      1.089    26.0223    19.2618 -9.990e-29
 144.623287      1.111  32.118818    13.9991    6.32226      1.102    26.0221    19.2617 -9.990e-29
 144.623293      1.127  32.119572    13.9999    6.32834      1.118    26.0222    19.2616 -9.990e-29
 144.623299      1.144  32.120513    14.0007    6.31954      1.134    26.0225    19.2617 -9.990e-29
 144.623304      1.162  32.121222    14.0011    6.31406      1.152    26.0229    19.2619 -9.990e-29
 144.623310      1.179  32.121533    14.0014    6.31504      1.169    26.0230    19.2619 -9.990e-29
 144.623316      1.203  32.121305    14.0016    6.32693      1.193    26.0226    19.2616 -9.990e-29
 144.623322      1.230  32.120803    14.0016    6.33786      1.220    26.0222    19.2612 -9.990e-29
 144.623328      1.254  32.120487    14.0019    6.34014      1.244    26.0217    19.2608 -9.990e-29
 144.623333      1.267  32.120503    14.0027    6.33730      1.256    26.0211    19.2602 -9.990e-29
 144.623339      1.270  32.120879    14.0038    6.32167      1.259    26.0207    19.2597 -9.990e-29
 144.623345      1.272  32.121562    14.0049    6.31554      1.261    26.0206    19.2594 -9.990e-29
 144.623351      1.282  32.122351    14.0060    6.32520      1.271    26.0206    19.2591 -9.990e-29
 144.623356      1.304  32.123186    14.0074    6.33107      1.293    26.0204    19.2587 -9.990e-29
 144.623362      1.332  32.124067    14.0091    6.33847      1.321    26.0200    19.2581 -9.990e-29
 144.623368      1.354  32.125054    14.0103    6.33137      1.343    26.0201    19.2579 -9.990e-29
 144.623374      1.368  32.125790    14.0107    6.32546      1.357    26.0205    19.2581 -9.990e-29
 144.623380      1.373  32.126144    14.0111    6.31964      1.362    26.0205    19.2581 -9.990e-29
 144.623385      1.376  32.126593    14.0120    6.32111      1.365    26.0203    19.2578 -9.990e-29
 144.623391      1.385  32.127185    14.0126    6.32348      1.373    26.0204    19.2577 -9.990e-29
 144.623397      1.400  32.127597    14.0125    6.31803      1.388    26.0208    19.2581 -9.990e-29
 144.623403      1.414  32.127827    14.0127    6.31905      1.402    26.0209    19.2581 -9.990e-29
 144.623409      1.423  32.128186    14.0136    6.31514      1.411    26.0206    19.2577 -9.990e-29
 144.623414      1.427  32.128600    14.0145    6.32008      1.415    26.0204    19.2574 -9.990e-29
 144.623420      1.428  32.129070    14.0152    6.32737      1.416    26.0203    19.2572 -9.990e-29
 144.623426      1.425  32.129667    14.0155    6.32058      1.413    26.0207    19.2574 -9.990e-29
 144.623432      1.418  32.130077    14.0157    6.30844      1.406    26.0209    19.2575 -9.990e-29
 144.623437      1.411  32.130293    14.0161    6.30265      1.399    26.0208    19.2574 -9.990e-29
 144.623443      1.412  32.130610    14.0166    6.31180      1.400    26.0208    19.2572 -9.990e-29
 144.623449      1.421  32.130898    14.0170    6.31769      1.409    26.0208    19.2572 -9.990e-29
 144.623455      1.429  32.130988    14.0173    6.31416      1.417    26.0206    19.2570 -9.990e-29
 144.623461      1.435  32.131006    14.0177    6.30650      1.423    26.0204    19.2567 -9.990e-29
 144.623466      1.436  32.130984    14.0185    6.30045      1.424    26.0198    19.2561 -9.990e-29
 144.623472      1.439  32.131461    14.0196    6.30561      1.427    26.0195    19.2557 -9.990e-29
 144.623478      1.451  32.132521    14.0202    6.30778      1.439    26.0200    19.2560 -9.990e-29
 144.623484      1.474  32.133344    14.0205    6.30603      1.462    26.0206    19.2563 -9.990e-29
 144.623490      1.500  32.133913    14.0208    6.31025      1.487    26.0209    19.2565 -9.990e-29
 144.623495      1.523  32.134436    14.0211    6.30603      1.510    26.0211    19.2566 -9.990e-29
 144.623501      1.539  32.134494    14.0213    6.30047      1.526    26.0210    19.2565 -9.990e-29
 144.623507      1.550  32.134174    14.0213    6.29687      1.537    26.0208    19.2563 -9.990e-29
 144.623513      1.557  32.134176    14.0212    6.29433      1.544    26.0208    19.2564 -9.990e-29
 144.623519      1.564  32.134510    14.0211    6.29786      1.551    26.0212    19.2567 -9.990e-29
 144.623524      1.576  32.134509    14.0211    6.30278      1.563    26.0212    19.2567 -9.990e-29
 144.623530      1.588  32.134179    14.0211    6.30913      1.575    26.0209    19.2565 -9.990e-29
 144.623536      1.595  32.134210    14.0208    6.30509      1.582    26.0211    19.2567 -9.990e-29
 144.623542      1.595  32.134648    14.0207    6.29863      1.582    26.0216    19.2571 -9.990e-29
 144.623547      1.598  32.134966    14.0208    6.28528      1.585    26.0218    19.2572 -9.990e-29
 144.623553      1.608  32.135033    14.0209    6.28721      1.595    26.0218    19.2572 -9.990e-29
 144.623559      1.626  32.134947    14.0211    6.28616      1.612    26.0216    19.2570 -9.990e-29
 144.623565      1.648  32.134599    14.0214    6.28967      1.634    26.0210    19.2565 -9.990e-29
 144.623571      1.668  32.134095    14.0219    6.28811      1.654    26.0202    19.2558 -9.990e-29
 144.623576      1.682  32.133889    14.0223    6.28013      1.668    26.0198    19.2554 -9.990e-29
 144.623582      1.691  32.134088    14.0224    6.28134      1.677    26.0199    19.2554 -9.990e-29
 144.623588      1.696  32.134401    14.0219    6.29727      1.682    26.0205    19.2560 -9.990e-29
 144.623594      1.697  32.134503    14.0212    6.30024      1.683    26.0211    19.2566 -9.990e-29
 144.623600      1.695  32.134541    14.0208    6.29033      1.681    26.0214    19.2569 -9.990e-29
 144.623605      1.688  32.134947    14.0209    6.27923      1.674    26.0217    19.2571 -9.990e-29
 144.623611      1.678  32.135148    14.0214    6.27754      1.664    26.0215    19.2569 -9.990e-29
 144.623617      1.666  32.134860    14.0220    6.28884      1.652    26.0209    19.2563 -9.990e-29
 144.623623      1.662  32.134827    14.0224    6.29071      1.648    26.0206    19.2560 -9.990e-29
 144.623628      1.664  32.135012    14.0228    6.29077      1.650    26.0205    19.2558 -9.990e-29
 144.623634      1.665  32.135107    14.0230    6.28317      1.651    26.0204    19.2557 -9.990e-29
 144.623640      1.660  32.135246    14.0233    6.28063      1.646    26.0203    19.2556 -9.990e-29
 144.623646      1.654  32.135622    14.0241    6.28683      1.640    26.0201    19.2553 -9.990e-29
 144.623652      1.653  32.136183    14.0248    6.28552      1.639    26.0202    19.2552 -9.990e-29
 144.623657      1.663  32.136562    14.0248    6.27629      1.649    26.0205    19.2554 -9.990e-29
 144.623663      1.680  32.136712    14.0247    6.27242      1.666    26.0207    19.2556 -9.990e-29
 144.623669      1.697  32.136841    14.0247    6.27652      1.683    26.0208    19.2557 -9.990e-29
 144.623675      1.709  32.137127    14.0247    6.28800      1.695    26.0211    19.2559 -9.990e-29
 144.623681      1.719  32.137395    14.0245    6.29361      1.705    26.0214    19.2562 -9.990e-29
 144.623686      1.726  32.137451    14.0245    6.28671      1.712    26.0215    19.2563 -9.990e-29
 144.623692      1.732  32.137375    14.0247    6.27164      1.718    26.0213    19.2561 -9.990e-29
 144.623698      1.736  32.137073    14.0247    6.26149      1.722    26.0210    19.2559 -9.990e-29
 144.623704      1.743  32.136709    14.0245    6.27351      1.728    26.0208    19.2557 -9.990e-29
 144.623709      1.758  32.136364    14.0243    6.29126      1.743    26.0206    19.2556 -9.990e-29
 144.623715      1.772  32.136146    14.0243    6.28188      1.757    26.0204    19.2555 -9.990e-29
 144.623721      1.775  32.136331    14.0244    6.27283      1.760    26.0205    19.2555 -9.990e-29
 144.623727      1.767  32.136613    14.0246    6.25919      1.752    26.0206    19.2556 -9.990e-29
 144.623733      1.755  32.136814    14.0252    6.26207      1.740    26.0204    19.2553 -9.990e-29
 144.623738      1.747  32.137210    14.0257    6.27731      1.732    26.0204    19.2552 -9.990e-29
 144.623744      1.751  32.137774    14.0257    6.27500      1.736    26.0209    19.2556 -9.990e-29
 144.623750      1.763  32.138145    14.0255    6.26552      1.748    26.0214    19.2560 -9.990e-29
 144.623756      1.767  32.138266    14.0256    6.26310      1.752    26.0214    19.2560 -9.990e-29
 144.623762      1.759  32.138303    14.0261    6.26236      1.744    26.0211    19.2557 -9.990e-29
 144.623767      1.751  32.138312    14.0270    6.26347      1.736    26.0205    19.2551 -9.990e-29
 144.623773      1.756  32.138313    14.0278    6.26492      1.741    26.0200    19.2545 -9.990e-29
 144.623779      1.773  32.138316    14.0282    6.26263      1.758    26.0197    19.2542 -9.990e-29
 144.623785      1.792  32.138329    14.0283    6.27599      1.777    26.0197    19.2541 -9.990e-29
 144.623791      1.804  32.138379    14.0285    6.28540      1.789    26.0196    19.2540 -9.990e-29
 144.623796      1.811  32.138538    14.0289    6.28074      1.796    26.0195    19.2539 -9.990e-29
 144.623802      1.813  32.139026    14.0297    6.27198      1.798    26.0193    19.2536 -9.990e-29
 144.623808      1.814  32.139938    14.0312    6.26497      1.799    26.0192    19.2532 -9.990e-29
 144.623814      1.818  32.141375    14.0330    6.26492      1.803    26.0192    19.2529 -9.990e-29
 144.623819      1.831  32.143020    14.0339    6.27424      1.816    26.0201    19.2534 -9.990e-29
 144.623825      1.853  32.143714    14.0336    6.27140      1.838    26.0209    19.2541 -9.990e-29
 144.623831      1.873  32.143267    14.0333    6.26603      1.857    26.0207    19.2540 -9.990e-29
 144.623837      1.883  32.142771    14.0340    6.26241      1.867    26.0198    19.2531 -9.990e-29
 144.623843      1.884  32.143252    14.0357    6.27157      1.868    26.0191    19.2522 -9.990e-29
 144.623848      1.880  32.144797    14.0371    6.27130      1.864    26.0195    19.2523 -9.990e-29
 144.623854      1.880  32.146110    14.0373    6.26273      1.864    26.0205    19.2531 -9.990e-29
 144.623860      1.887  32.146151    14.0371    6.25670      1.871    26.0207    19.2532 -9.990e-29
 144.623866      1.903  32.145540    14.0372    6.23860      1.887    26.0201    19.2527 -9.990e-29
 144.623872      1.928  32.145151    14.0373    6.23886      1.912    26.0197    19.2524 -9.990e-29
 144.623877      1.960  32.145033    14.0373    6.24760      1.944    26.0196    19.2523 -9.990e-29
 144.623883      1.988  32.145035    14.0372    6.25889      1.971    26.0196    19.2524 -9.990e-29
 144.623889      2.001  32.145165    14.0374    6.25508      1.984    26.0196    19.2523 -9.990e-29
 144.623895      1.995  32.145602    14.0382    6.24703      1.978    26.0194    19.2520 -9.990e-29
 144.623900      1.974  32.146373    14.0397    6.23677      1.958    26.0191    19.2515 -9.990e-29
 144.623906      1.954  32.147395    14.0411    6.22711      1.938    26.0191    19.2512 -9.990e-29
 144.623912      1.955  32.148357    14.0419    6.23919      1.939    26.0194    19.2513 -9.990e-29
 144.623918      1.982  32.148871    14.0420    6.25000      1.965    26.0198    19.2516 -9.990e-29
 144.623924      2.019  32.149067    14.0416    6.25924      2.002    26.0202    19.2520 -9.990e-29
 144.623929      2.042  32.149212    14.0412    6.26851      2.025    26.0206    19.2524 -9.990e-29
 144.623935      2.042  32.149506    14.0413    6.26529      2.025    26.0208    19.2525 -9.990e-29
 144.623941      2.025  32.149785    14.0416    6.25604      2.008    26.0209    19.2525 -9.990e-29
 144.623947      2.004  32.149869    14.0420    6.25133      1.987    26.0207    19.2523 -9.990e-29
 144.623953      1.985  32.149878    14.0424    6.24487      1.968    26.0204    19.2520 -9.990e-29
 144.623958      1.977  32.149831    14.0426    6.24410      1.960    26.0203    19.2518 -9.990e-29
 144.623964      1.983  32.149674    14.0418    6.25140      1.966    26.0207    19.2523 -9.990e-29
 144.623970      2.000  32.149202    14.0401    6.25514      1.983    26.0214    19.2532 -9.990e-29
 144.623976      2.019  32.148356    14.0389    6.25636      2.002    26.0214    19.2534 -9.990e-29
 144.623981      2.037  32.147695    14.0392    6.23982      2.020    26.0206    19.2528 -9.990e-29
 144.623987      2.052  32.148023    14.0406    6.23939      2.035    26.0200    19.2520 -9.990e-29
 144.623993      2.061  32.149222    14.0417    6.24427      2.044    26.0203    19.2520 -9.990e-29
 144.623999      2.067  32.150099    14.0419    6.24892      2.050    26.0209    19.2525 -9.990e-29
 144.624005      2.076  32.150149    14.0415    6.25496      2.059    26.0213    19.2528 -9.990e-29
 144.624010      2.088  32.150005    14.0411    6.24469      2.071    26.0214    19.2530 -9.990e-29
