data/oxygen options/ONMS/Olympic_Coast_National_Marine_Sanctuary_Hypoxia_Survey_CTD_Data_2004_2015/raw_data/2005/CTD_TH100_062205faed.cnv
* Sea-Bird SBE19 Data File:
* FileName = C:\hypoxia CTD data\TH100_062205.hex
* Software Version 1.1.5
* Temperature SN = 2997
* Conductivity SN = 2997
* System UpLoad Time = Jun 22 2005 12:10:44
* SEACAT PROFILER V3.1c SN 2997   06/22/05  12:10:22.290
* strain gauge pressure sensor: S/N = 184829,  range = 3000 psia,  tc = 40
# nquan = 9                                 
# nvalues = 852                         
# units = specified
# name 0 = timeJ: Julian Days
# name 1 = prSM: Pressure, Strain Gauge [db]
# name 2 = c0mS/cm: Conductivity [mS/cm]
# name 3 = t090C: Temperature [ITS-90, deg C]
# name 4 = oxML/L: Oxygen, Beckman/YSI [ml/l]
# name 5 = depSM: Depth [salt water, m], lat = 47.5
# name 6 = sal00: Salinity, Practical [PSU]
# name 7 = sigma-é00: Density [sigma-theta, kg/m^3]
# name 8 = flag: flag
# span 0 = 173.500671, 173.505596       
# span 1 =     -3.724,    101.316       
# span 2 =   0.535936,  39.114292       
# span 3 =     7.7310,    15.1724       
# span 4 =   -0.11021,   24.76346       
# span 5 =     -3.693,    100.446       
# span 6 =     0.3294,    33.7068       
# span 7 =    -0.5568,    26.2981       
# span 8 = 0.0000e+00, 0.0000e+00       
# interval = seconds: 0.5
# start_time = Jun 22 2005 12:00:58 [Instrument's time stamp, header]
# bad_flag = -9.990e-29
*END*
[from data line 641]
 173.504381     81.401  34.802956     7.7533    2.81101     80.706    33.6880    26.2806 0.0000e+00
 173.504387     81.020  34.803763     7.7579    2.80901     80.328    33.6846    26.2773 0.0000e+00
 173.504392     80.644  34.805069     7.7639    2.81327     79.955    33.6804    26.2731 0.0000e+00
 173.504398     80.280  34.806934     7.7672    2.81339     79.595    33.6794    26.2718 0.0000e+00
 173.504404     79.930  34.807922     7.7670    2.82848     79.248    33.6808    26.2730 0.0000e+00
 173.504410     79.581  34.807672     7.7671    2.83606     78.902    33.6806    26.2728 0.0000e+00
 173.504416     79.210  34.807531     7.7707    2.86747     78.534    33.6772    26.2696 0.0000e+00
 173.504421     78.801  34.808429     7.7809    2.88472     78.128    33.6685    26.2613 0.0000e+00
 173.504427     78.360  34.811001     7.7982    2.89927     77.691    33.6548    26.2480 0.0000e+00
 173.504433     77.905  34.815313     7.8170    2.91468     77.240    33.6415    26.2348 0.0000e+00
 173.504439     77.457  34.819831     7.8307    2.92799     76.796    33.6333    26.2264 0.0000e+00
 173.504444     77.032  34.822737     7.8385    2.93758     76.375    33.6291    26.2220 0.0000e+00
 173.504450     76.624  34.823986     7.8441    2.93937     75.970    33.6253    26.2181 0.0000e+00
 173.504456     76.220  34.824684     7.8511    2.94452     75.570    33.6195    26.2125 0.0000e+00
 173.504462     75.819  34.825761     7.8596    2.93593     75.172    33.6126    26.2059 0.0000e+00
 173.504468     75.430  34.827534     7.8657    2.95280     74.787    33.6089    26.2021 0.0000e+00
 173.504473     75.058  34.829002     7.8668    2.95408     74.418    33.6095    26.2024 0.0000e+00
 173.504479     74.698  34.829323     7.8651    2.96619     74.061    33.6117    26.2044 0.0000e+00
 173.504485     74.334  34.828926     7.8658    2.98317     73.700    33.6108    26.2035 0.0000e+00
 173.504491     73.956  34.828961     7.8712    3.00759     73.326    33.6058    26.1988 0.0000e+00
 173.504497     73.557  34.830033     7.8820    3.01572     72.930    33.5967    26.1901 0.0000e+00
 173.504502     73.129  34.831892     7.9035    3.04352     72.506    33.5783    26.1725 0.0000e+00
 173.504508     72.670  34.835335     7.9397    3.07080     72.051    33.5474    26.1430 0.0000e+00
 173.504514     72.190  34.841029     7.9841    3.11263     71.575    33.5111    26.1080 0.0000e+00
 173.504520     71.701  34.847600     8.0226    3.15224     71.090    33.4815    26.0791 0.0000e+00
 173.504525     71.218  34.853164     8.0466    3.17090     70.611    33.4648    26.0624 0.0000e+00
 173.504531     70.754  34.856742     8.0633    3.18294     70.151    33.4528    26.0506 0.0000e+00
 173.504537     70.304  34.859188     8.0990    3.21559     69.705    33.4216    26.0208 0.0000e+00
 173.504543     69.862  34.864887     8.1686    3.24164     69.267    33.3616    25.9634 0.0000e+00
 173.504549     69.430  34.877515     8.2436    3.28419     68.839    33.3040    25.9070 0.0000e+00
 173.504554     69.009  34.892049     8.2897    3.30842     68.422    33.2759    25.8781 0.0000e+00
 173.504560     68.594  34.900972     8.3073    3.32816     68.010    33.2689    25.8700 0.0000e+00
 173.504566     68.172  34.903865     8.3162    3.34859     67.592    33.2638    25.8646 0.0000e+00
 173.504572     67.728  34.904590     8.3363    3.37428     67.152    33.2457    25.8475 0.0000e+00
 173.504578     67.261  34.908039     8.3741    3.39081     66.689    33.2139    25.8168 0.0000e+00
 173.504583     66.774  34.916006     8.4171    3.42704     66.206    33.1820    25.7854 0.0000e+00
 173.504589     66.271  34.925103     8.4527    3.44319     65.707    33.1584    25.7614 0.0000e+00
 173.504595     65.758  34.932890     8.4800    3.45624     65.199    33.1411    25.7438 0.0000e+00
 173.504601     65.249  34.940791     8.5015    3.45510     64.694    33.1295    25.7314 0.0000e+00
 173.504606     64.764  34.949255     8.5146    3.44315     64.213    33.1263    25.7270 0.0000e+00
 173.504612     64.314  34.954999     8.5163    3.42887     63.767    33.1310    25.7304 0.0000e+00
 173.504618     63.900  34.955596     8.5120    3.43355     63.357    33.1359    25.7348 0.0000e+00
 173.504624     63.518  34.954647     8.5107    3.45308     62.978    33.1363    25.7353 0.0000e+00
 173.504630     63.156  34.956493     8.5168    3.50508     62.619    33.1326    25.7315 0.0000e+00
 173.504635     62.795  34.961349     8.5286    3.58836     62.261    33.1268    25.7252 0.0000e+00
 173.504641     62.413  34.968400     8.5438    3.71611     61.883    33.1202    25.7177 0.0000e+00
 173.504647     61.994  34.976955     8.5727    3.86865     61.467    33.1023    25.6992 0.0000e+00
 173.504653     61.531  34.995619     8.6292    4.04484     61.008    33.0692    25.6647 0.0000e+00
 173.504659     61.031  35.032460     8.7079    4.19321     60.513    33.0345    25.6255 0.0000e+00
 173.504664     60.504  35.075498     8.7899    4.31597     59.990    33.0034    25.5885 0.0000e+00
 173.504670     59.960  35.109248     8.8590    4.35898     59.451    32.9746    25.5553 0.0000e+00
 173.504676     59.414  35.129392     8.9060    4.36650     58.910    32.9522    25.5305 0.0000e+00
 173.504682     58.891  35.138699     8.9300    4.35198     58.391    32.9399    25.5171 0.0000e+00
 173.504687     58.411  35.142305     8.9380    4.32989     57.915    32.9364    25.5131 0.0000e+00
 173.504693     57.976  35.143906     8.9394    4.32053     57.484    32.9370    25.5134 0.0000e+00
 173.504699     57.581  35.145079     8.9380    4.31792     57.092    32.9397    25.5157 0.0000e+00
 173.504705     57.207  35.145705     8.9353    4.31257     56.722    32.9430    25.5187 0.0000e+00
 173.504711     56.833  35.145497     8.9362    4.32037     56.351    32.9421    25.5179 0.0000e+00
 173.504716     56.442  35.144735     8.9465    4.32464     55.963    32.9320    25.5083 0.0000e+00
 173.504722     56.032  35.144083     8.9679    4.33192     55.557    32.9117    25.4891 0.0000e+00
 173.504728     55.610  35.143794     8.9935    4.34220     55.138    32.8879    25.4664 0.0000e+00
 173.504734     55.187  35.143483     9.0114    4.35294     54.719    32.8712    25.4506 0.0000e+00
 173.504740     54.764  35.143301     9.0190    4.35729     54.300    32.8642    25.4439 0.0000e+00
 173.504745     54.328  35.143572     9.0240    4.36471     53.867    32.8600    25.4399 0.0000e+00
 173.504751     53.875  35.143538     9.0370    4.36454     53.418    32.8482    25.4286 0.0000e+00
 173.504757     53.402  35.142032     9.0615    4.36684     52.949    32.8242    25.4060 0.0000e+00
 173.504763     52.907  35.139289     9.0865    4.37225     52.459    32.7986    25.3820 0.0000e+00
 173.504769     52.407  35.136699     9.1015    4.35891     51.963    32.7823    25.3669 0.0000e+00
 173.504774     51.924  35.135300     9.1072    4.36340     51.484    32.7758    25.3609 0.0000e+00
 173.504780     51.468  35.134915     9.1083    4.36007     51.032    32.7746    25.3598 0.0000e+00
 173.504786     51.035  35.135034     9.1090    4.36921     50.603    32.7743    25.3594 0.0000e+00
 173.504792     50.626  35.135256     9.1109    4.35802     50.197    32.7730    25.3581 0.0000e+00
 173.504797     50.242  35.134755     9.1160    4.33482     49.817    32.7679    25.3533 0.0000e+00
 173.504803     49.870  35.132305     9.1267    4.31661     49.448    32.7557    25.3421 0.0000e+00
 173.504809     49.501  35.126878     9.1407    4.32023     49.082    32.7374    25.3255 0.0000e+00
 173.504815     49.127  35.119648     9.1518    4.33267     48.711    32.7199    25.3101 0.0000e+00
 173.504821     48.742  35.113871     9.1569    4.30988     48.329    32.7094    25.3011 0.0000e+00
 173.504826     48.334  35.110817     9.1608    4.27250     47.925    32.7029    25.2953 0.0000e+00
 173.504832     47.895  35.106414     9.1725    4.21384     47.490    32.6878    25.2817 0.0000e+00
 173.504838     47.427  35.094231     9.1955    4.15610     47.026    32.6543    25.2519 0.0000e+00
 173.504844     46.933  35.070919     9.2222    4.12403     46.536    32.6060    25.2099 0.0000e+00
 173.504850     46.425  35.042397     9.2403    4.10662     46.032    32.5603    25.1713 0.0000e+00
 173.504855     45.923  35.020534     9.2467    4.11912     45.535    32.5321    25.1482 0.0000e+00
 173.504861     45.441  35.010384     9.2473    4.14057     45.057    32.5213    25.1397 0.0000e+00
 173.504867     44.982  35.009817     9.2486    4.17636     44.602    32.5197    25.1382 0.0000e+00
 173.504873     44.543  35.014159     9.2545    4.20931     44.166    32.5190    25.1367 0.0000e+00
 173.504878     44.118  35.018743     9.2690    4.24834     43.745    32.5108    25.1280 0.0000e+00
 173.504884     43.696  35.023525     9.3012    4.29983     43.327    32.4866    25.1040 0.0000e+00
 173.504890     43.276  35.033957     9.3514    4.35587     42.910    32.4519    25.0689 0.0000e+00
 173.504896     42.866  35.053310     9.3991    4.38153     42.504    32.4288    25.0432 0.0000e+00
 173.504902     42.466  35.074892     9.4291    4.38956     42.107    32.4239    25.0346 0.0000e+00
 173.504907     42.062  35.089378     9.4455    4.36136     41.707    32.4241    25.0322 0.0000e+00
 173.504913     41.642  35.094241     9.4549    4.31665     41.290    32.4208    25.0281 0.0000e+00
 173.504919     41.196  35.087007     9.4557    4.25801     40.848    32.4129    25.0217 0.0000e+00
 173.504925     40.722  35.055804     9.4479    4.20163     40.378    32.3881    25.0036 0.0000e+00
 173.504931     40.224  35.002207     9.4421    4.16759     39.884    32.3386    24.9658 0.0000e+00
 173.504936     39.703  34.948387     9.4444    4.14769     39.368    32.2815    24.9208 0.0000e+00
 173.504942     39.170  34.896593     9.4472    4.15455     38.839    32.2261    24.8771 0.0000e+00
 173.504948     38.637  34.834397     9.4481    4.14290     38.311    32.1617    24.8266 0.0000e+00
 173.504954     38.119  34.777548     9.4530    4.15148     37.797    32.0993    24.7771 0.0000e+00
 173.504959     37.632  34.756212     9.4594    4.16254     37.315    32.0719    24.7546 0.0000e+00
 173.504965     37.185  34.762135     9.4657    4.18994     36.871    32.0725    24.7541 0.0000e+00
 173.504971     36.770  34.763988     9.4800    4.20351     36.460    32.0618    24.7435 0.0000e+00
 173.504977     36.374  34.759767     9.5046    4.20237     36.067    32.0357    24.7191 0.0000e+00
 173.504983     35.979  34.762917     9.5345    4.21971     35.676    32.0124    24.6961 0.0000e+00
 173.504988     35.575  34.775410     9.5645    4.24343     35.275    31.9986    24.6805 0.0000e+00
 173.504994     35.161  34.790372     9.5866    4.30282     34.865    31.9943    24.6737 0.0000e+00
 173.505000     34.744  34.799742     9.5985    4.33176     34.451    31.9935    24.6711 0.0000e+00
 173.505006     34.320  34.803697     9.6083    4.36300     34.031    31.9890    24.6660 0.0000e+00
 173.505012     33.870  34.806966     9.6289    4.39353     33.585    31.9742    24.6511 0.0000e+00
 173.505017     33.383  34.812798     9.6798    4.43374     33.102    31.9351    24.6124 0.0000e+00
 173.505023     32.866  34.839632     9.7595    4.47908     32.589    31.8919    24.5658 0.0000e+00
 173.505029     32.341  34.895789     9.8248    4.50323     32.069    31.8914    24.5548 0.0000e+00
 173.505035     31.827  34.942372     9.8466    4.52415     31.559    31.9195    24.5732 0.0000e+00
 173.505041     31.330  34.952387     9.8438    4.53714     31.066    31.9324    24.5837 0.0000e+00
 173.505046     30.846  34.946502     9.8468    4.55952     30.586    31.9240    24.5766 0.0000e+00
 173.505052     30.377  34.948838     9.8737    4.58217     30.121    31.9027    24.5557 0.0000e+00
 173.505058     29.925  34.964762     9.9188    4.60476     29.673    31.8792    24.5299 0.0000e+00
 173.505064     29.492  34.988045     9.9617    4.63742     29.244    31.8651    24.5119 0.0000e+00
 173.505069     29.081  35.011070     9.9953    4.67813     28.836    31.8589    24.5015 0.0000e+00
 173.505075     28.691  35.030361    10.0255    4.72956     28.450    31.8520    24.4911 0.0000e+00
 173.505081     28.310  35.046432    10.0560    4.77864     28.072    31.8415    24.4779 0.0000e+00
 173.505087     27.922  35.060546    10.0850    4.82501     27.687    31.8304    24.4645 0.0000e+00
 173.505093     27.512  35.071353    10.1229    4.84843     27.281    31.8081    24.4408 0.0000e+00
 173.505098     27.069  35.084871    10.1810    4.89135     26.841    31.7709    24.4022 0.0000e+00
 173.505104     26.601  35.109046    10.2397    4.90033     26.377    31.7440    24.3714 0.0000e+00
 173.505110     26.120  35.133523    10.2787    4.90232     25.900    31.7347    24.3576 0.0000e+00
 173.505116     25.638  35.148917    10.2982    4.89687     25.422    31.7333    24.3533 0.0000e+00
 173.505122     25.172  35.157279    10.3033    4.89648     24.960    31.7374    24.3556 0.0000e+00
 173.505127     24.739  35.160245    10.3022    4.92226     24.531    31.7415    24.3590 0.0000e+00
 173.505133     24.340  35.160666    10.3043    4.93459     24.135    31.7403    24.3577 0.0000e+00
 173.505139     23.961  35.161917    10.3131    4.95338     23.760    31.7340    24.3513 0.0000e+00
 173.505145     23.575  35.165116    10.3289    4.96368     23.377    31.7236    24.3405 0.0000e+00
 173.505150     23.168  35.170055    10.3567    4.98296     22.973    31.7045    24.3210 0.0000e+00
 173.505156     22.743  35.179966    10.3929    4.99397     22.552    31.6830    24.2981 0.0000e+00
 173.505162     22.317  35.194625    10.4194    4.99080     22.130    31.6748    24.2873 0.0000e+00
 173.505168     21.899  35.205002    10.4296    4.99042     21.715    31.6764    24.2868 0.0000e+00
 173.505174     21.495  35.208138    10.4313    4.99725     21.314    31.6783    24.2880 0.0000e+00
 173.505179     21.103  35.208231    10.4322    5.01148     20.926    31.6777    24.2874 0.0000e+00
 173.505185     20.724  35.208221    10.4363    5.04922     20.550    31.6743    24.2840 0.0000e+00
 173.505191     20.355  35.210346    10.4441    5.07718     20.184    31.6698    24.2792 0.0000e+00
 173.505197     19.987  35.214649    10.4583    5.12532     19.819    31.6619    24.2706 0.0000e+00
 173.505203     19.607  35.221275    10.4887    5.15802     19.442    31.6423    24.2502 0.0000e+00
 173.505208     19.215  35.234023    10.5391    5.16816     19.054    31.6114    24.2176 0.0000e+00
 173.505214     18.809  35.254766    10.5905    5.18166     18.651    31.5877    24.1904 0.0000e+00
 173.505220     18.399  35.275862    10.6210    5.19307     18.245    31.5824    24.1811 0.0000e+00
 173.505226     17.996  35.287337    10.6316    5.26491     17.845    31.5848    24.1812 0.0000e+00
 173.505231     17.602  35.290499    10.6369    5.33882     17.454    31.5836    24.1793 0.0000e+00
 173.505237     17.212  35.292946    10.6468    5.43921     17.068    31.5776    24.1729 0.0000e+00
 173.505243     16.822  35.298512    10.6639    5.55461     16.681    31.5685    24.1629 0.0000e+00
 173.505249     16.421  35.308463    10.7037    5.67398     16.283    31.5442    24.1372 0.0000e+00
 173.505255     16.000  35.333276    10.7947    5.75234     15.866    31.4905    24.0798 0.0000e+00
 173.505260     15.563  35.397638    10.9217    5.78281     15.433    31.4453    24.0227 0.0000e+00
 173.505266     15.116  35.490953    11.0282    5.80317     14.989    31.4462    24.0049 0.0000e+00
 173.505272     14.668  35.563876    11.0792    5.84635     14.545    31.4744    24.0179 0.0000e+00
 173.505278     14.235  35.590897    11.0814    5.97551     14.116    31.4993    24.0369 0.0000e+00
 173.505284     13.822  35.585093    11.0750    6.16076     13.706    31.4992    24.0379 0.0000e+00
 173.505289     13.424  35.581352    11.0980    6.37218     13.312    31.4760    24.0159 0.0000e+00
 173.505295     13.035  35.604970    11.1682    6.62010     12.926    31.4394    23.9751 0.0000e+00
