data/oxygen options/ONMS/Olympic_Coast_National_Marine_Sanctuary_Hypoxia_Survey_CTD_Data_2004_2015/raw_data/2005/CTD_CE70_081605faed.cnv
* Sea-Bird SBE19 Data File:
* FileName = C:\Hypoxia Data\CE70_081605.hex
* Software Version 1.1.6
* Temperature SN = 2997
* Conductivity SN = 2997
* System UpLoad Time = Aug 16 2005 12:44:48
* SEACAT PROFILER V3.1c SN 2997   08/16/05  12:43:13.445
* strain gauge pressure sensor: S/N = 184829,  range = 3000 psia,  tc = 40
# nquan = 9                                 
# nvalues = 657                         
# units = specified
# name 0 = timeJ: Julian Days
# name 1 = prSM: Pressure, Strain Gauge [db]
# name 2 = c0mS/cm: Conductivity [mS/cm]
# name 3 = t090C: Temperature [ITS-90, deg C]
# name 4 = oxML/L: Oxygen, Beckman/YSI [ml/l]
# name 5 = depSM: Depth [salt water, m], lat = 47.5
# name 6 = sal00: Salinity, Practical [PSU]
# name 7 = sigma-é00: Density [sigma-theta, kg/m^3]
# name 8 = flag: flag
# span 0 = 228.486852, 228.490648       
# span 1 =     -3.192,     71.983       
# span 2 =   1.791276,  36.577860       
# span 3 =     7.0698,    12.5569       
# span 4 =   -0.10542,   29.92706       
# span 5 =     -3.165,     71.370       
# span 6 =     1.2170,    33.9179       
# span 7 =     0.3873,    26.5575       
# span 8 = 0.0000e+00, 0.0000e+00       
# interval = seconds: 0.5
# start_time = Aug 16 2005 11:41:04 [Instrument's time stamp, header]
# bad_flag = -9.990e-29
*END*
[from data line 161]
 228.487784      1.908  36.392018    11.1787    6.68588      1.892    32.2081    24.5707 -9.990e-29
 228.487789      1.924  36.390762    11.1813    6.65057      1.908    32.2046    24.5675 -9.990e-29
 228.487795      1.930  36.390716    11.1853    6.64703      1.914    32.2010    24.5640 -9.990e-29
 228.487801      1.934  36.391254    11.1878    6.65356      1.918    32.1994    24.5623 -9.990e-29
 228.487807      1.944  36.391971    11.1882    6.65366      1.928    32.1997    24.5625 -9.990e-29
 228.487812      1.967  36.392141    11.1877    6.65158      1.951    32.2003    24.5630 -9.990e-29
 228.487818      1.999  36.391988    11.1875    6.64593      1.982    32.2003    24.5631 -9.990e-29
 228.487824      2.033  36.391865    11.1878    6.64169      2.016    32.1999    24.5627 -9.990e-29
 228.487830      2.068  36.391604    11.1881    6.64517      2.051    32.1994    24.5622 -9.990e-29
 228.487836      2.102  36.391417    11.1883    6.64638      2.084    32.1990    24.5619 -9.990e-29
 228.487841      2.127  36.391609    11.1887    6.64597      2.109    32.1989    24.5617 -9.990e-29
 228.487847      2.142  36.391872    11.1893    6.64169      2.124    32.1986    24.5614 -9.990e-29
 228.487853      2.147  36.391994    11.1903    6.62469      2.129    32.1978    24.5606 -9.990e-29
 228.487859      2.148  36.392136    11.1911    6.62346      2.130    32.1973    24.5601 -9.990e-29
 228.487865      2.151  36.392484    11.1911    6.62482      2.133    32.1976    24.5603 -9.990e-29
 228.487870      2.159  36.392939    11.1906    6.63751      2.141    32.1985    24.5611 -9.990e-29
 228.487876      2.166  36.392982    11.1903    6.64719      2.148    32.1988    24.5614 -9.990e-29
 228.487882      2.174  36.392670    11.1903    6.63632      2.156    32.1985    24.5611 -9.990e-29
 228.487888      2.183  36.392705    11.1903    6.63082      2.165    32.1985    24.5612 -9.990e-29
 228.487894      2.194  36.393129    11.1901    6.61703      2.176    32.1991    24.5617 -9.990e-29
 228.487899      2.206  36.393385    11.1896    6.62450      2.188    32.1998    24.5623 -9.990e-29
 228.487905      2.222  36.393250    11.1890    6.63639      2.203    32.2002    24.5627 -9.990e-29
 228.487911      2.237  36.393104    11.1887    6.63440      2.218    32.2003    24.5628 -9.990e-29
 228.487917      2.248  36.393309    11.1888    6.63739      2.229    32.2004    24.5629 -9.990e-29
 228.487922      2.257  36.393574    11.1892    6.62677      2.238    32.2003    24.5628 -9.990e-29
 228.487928      2.263  36.393689    11.1894    6.63125      2.244    32.2002    24.5627 -9.990e-29
 228.487934      2.267  36.393803    11.1894    6.63427      2.248    32.2004    24.5628 -9.990e-29
 228.487940      2.270  36.394065    11.1897    6.62556      2.251    32.2004    24.5627 -9.990e-29
 228.487946      2.271  36.394261    11.1900    6.61304      2.252    32.2003    24.5626 -9.990e-29
 228.487951      2.270  36.394091    11.1898    6.61385      2.251    32.2003    24.5626 -9.990e-29
 228.487957      2.273  36.393886    11.1891    6.62975      2.254    32.2007    24.5631 -9.990e-29
 228.487963      2.282  36.393930    11.1884    6.64601      2.263    32.2014    24.5637 -9.990e-29
 228.487969      2.295  36.394279    11.1881    6.64494      2.276    32.2020    24.5642 -9.990e-29
 228.487975      2.308  36.394836    11.1885    6.62035      2.289    32.2021    24.5643 -9.990e-29
 228.487980      2.322  36.395219    11.1886    6.61745      2.303    32.2024    24.5645 -9.990e-29
 228.487986      2.342  36.395374    11.1874    6.62819      2.322    32.2036    24.5656 -9.990e-29
 228.487992      2.374  36.395505    11.1848    6.64502      2.354    32.2060    24.5680 -9.990e-29
 228.487998      2.411  36.395785    11.1819    6.66401      2.391    32.2088    24.5707 -9.990e-29
 228.488003      2.438  36.396021    11.1803    6.65581      2.418    32.2104    24.5722 -9.990e-29
 228.488009      2.444  36.395963    11.1806    6.64227      2.424    32.2101    24.5719 -9.990e-29
 228.488015      2.435  36.396091    11.1823    6.62997      2.415    32.2087    24.5705 -9.990e-29
 228.488021      2.426  36.396573    11.1832    6.63613      2.406    32.2084    24.5701 -9.990e-29
 228.488027      2.425  36.396930    11.1825    6.63816      2.405    32.2094    24.5710 -9.990e-29
 228.488032      2.432  36.397075    11.1815    6.64597      2.412    32.2104    24.5720 -9.990e-29
 228.488038      2.444  36.397199    11.1811    6.64665      2.424    32.2109    24.5724 -9.990e-29
 228.488044      2.453  36.397464    11.1809    6.63829      2.433    32.2113    24.5728 -9.990e-29
 228.488050      2.459  36.397657    11.1800    6.65211      2.438    32.2123    24.5737 -9.990e-29
 228.488056      2.471  36.397474    11.1777    6.66827      2.450    32.2141    24.5755 -9.990e-29
 228.488061      2.491  36.397227    11.1749    6.67920      2.470    32.2163    24.5777 -9.990e-29
 228.488067      2.510  36.397147    11.1733    6.67604      2.489    32.2176    24.5790 -9.990e-29
 228.488073      2.521  36.397122    11.1736    6.66985      2.500    32.2173    24.5788 -9.990e-29
 228.488079      2.522  36.397117    11.1751    6.66252      2.501    32.2160    24.5775 -9.990e-29
 228.488084      2.515  36.397120    11.1763    6.65855      2.494    32.2150    24.5765 -9.990e-29
 228.488090      2.510  36.397135    11.1759    6.66468      2.489    32.2153    24.5768 -9.990e-29
 228.488096      2.510  36.397178    11.1749    6.65117      2.489    32.2163    24.5777 -9.990e-29
 228.488102      2.511  36.397303    11.1752    6.64888      2.490    32.2161    24.5775 -9.990e-29
 228.488108      2.508  36.397675    11.1771    6.65127      2.487    32.2148    24.5762 -9.990e-29
 228.488113      2.503  36.398227    11.1787    6.65040      2.482    32.2140    24.5752 -9.990e-29
 228.488119      2.497  36.398570    11.1787    6.66126      2.476    32.2143    24.5755 -9.990e-29
 228.488125      2.501  36.398599    11.1769    6.66295      2.480    32.2159    24.5771 -9.990e-29
 228.488131      2.517  36.398349    11.1726    6.66464      2.496    32.2194    24.5806 -9.990e-29
 228.488137      2.544  36.398045    11.1673    6.68137      2.523    32.2238    24.5849 -9.990e-29
 228.488142      2.569  36.397841    11.1644    6.68742      2.548    32.2261    24.5872 -9.990e-29
 228.488148      2.586  36.397459    11.1649    6.68104      2.564    32.2253    24.5865 -9.990e-29
 228.488154      2.597  36.396947    11.1677    6.65937      2.575    32.2223    24.5837 -9.990e-29
 228.488160      2.601  36.396180    11.1708    6.63469      2.579    32.2188    24.5804 -9.990e-29
 228.488166      2.599  36.395254    11.1724    6.64147      2.577    32.2165    24.5783 -9.990e-29
 228.488171      2.594  36.394613    11.1720    6.65089      2.572    32.2162    24.5782 -9.990e-29
 228.488177      2.597  36.393962    11.1712    6.65534      2.575    32.2163    24.5784 -9.990e-29
 228.488183      2.605  36.393553    11.1716    6.64528      2.583    32.2155    24.5777 -9.990e-29
 228.488189      2.612  36.393958    11.1743    6.62946      2.590    32.2136    24.5757 -9.990e-29
 228.488194      2.614  36.394591    11.1793    6.61303      2.592    32.2098    24.5719 -9.990e-29
 228.488200      2.615  36.395172    11.1834    6.61037      2.593    32.2068    24.5688 -9.990e-29
 228.488206      2.623  36.395915    11.1838    6.61408      2.601    32.2072    24.5691 -9.990e-29
 228.488212      2.644  36.396126    11.1818    6.61942      2.622    32.2091    24.5709 -9.990e-29
 228.488218      2.670  36.395524    11.1803    6.62842      2.648    32.2098    24.5718 -9.990e-29
 228.488223      2.690  36.394985    11.1798    6.63123      2.668    32.2097    24.5718 -9.990e-29
 228.488229      2.701  36.394909    11.1790    6.62878      2.678    32.2104    24.5724 -9.990e-29
 228.488235      2.708  36.394630    11.1773    6.63369      2.685    32.2116    24.5736 -9.990e-29
 228.488241      2.716  36.393772    11.1753    6.64364      2.693    32.2125    24.5747 -9.990e-29
 228.488247      2.725  36.392872    11.1732    6.65915      2.702    32.2134    24.5758 -9.990e-29
 228.488252      2.736  36.392410    11.1717    6.66098      2.713    32.2143    24.5767 -9.990e-29
 228.488258      2.745  36.392326    11.1719    6.65081      2.722    32.2140    24.5765 -9.990e-29
 228.488264      2.749  36.392503    11.1738    6.63809      2.726    32.2125    24.5750 -9.990e-29
 228.488270      2.743  36.392989    11.1774    6.61762      2.720    32.2099    24.5723 -9.990e-29
 228.488275      2.723  36.393867    11.1836    6.60403      2.700    32.2053    24.5676 -9.990e-29
 228.488281      2.696  36.395554    11.1909    6.59477      2.673    32.2006    24.5627 -9.990e-29
 228.488287      2.678  36.398048    11.1940    6.58720      2.656    32.2003    24.5619 -9.990e-29
 228.488293      2.679  36.399431    11.1901    6.59199      2.657    32.2051    24.5663 -9.990e-29
 228.488299      2.701  36.398177    11.1839    6.61169      2.678    32.2093    24.5707 -9.990e-29
 228.488304      2.732  36.395968    11.1798    6.64458      2.709    32.2107    24.5725 -9.990e-29
 228.488310      2.757  36.394896    11.1773    6.65468      2.734    32.2118    24.5738 -9.990e-29
 228.488316      2.764  36.394640    11.1748    6.65521      2.741    32.2137    24.5758 -9.990e-29
 228.488322      2.754  36.394286    11.1727    6.63827      2.731    32.2152    24.5773 -9.990e-29
 228.488328      2.739  36.393914    11.1711    6.63667      2.716    32.2163    24.5784 -9.990e-29
 228.488333      2.732  36.393577    11.1697    6.64577      2.709    32.2172    24.5793 -9.990e-29
 228.488339      2.735  36.393378    11.1682    6.64693      2.712    32.2183    24.5805 -9.990e-29
 228.488345      2.745  36.393605    11.1680    6.64426      2.722    32.2187    24.5808 -9.990e-29
 228.488351      2.749  36.393990    11.1705    6.62247      2.726    32.2169    24.5790 -9.990e-29
 228.488356      2.739  36.394475    11.1763    6.60814      2.716    32.2123    24.5744 -9.990e-29
 228.488362      2.724  36.395696    11.1835    6.59612      2.701    32.2072    24.5691 -9.990e-29
 228.488368      2.715  36.397589    11.1871    6.61023      2.692    32.2059    24.5675 -9.990e-29
 228.488374      2.724  36.398747    11.1849    6.62636      2.701    32.2090    24.5703 -9.990e-29
 228.488380      2.756  36.398464    11.1795    6.64055      2.733    32.2134    24.5747 -9.990e-29
 228.488385      2.795  36.397475    11.1750    6.63286      2.772    32.2163    24.5778 -9.990e-29
 228.488391      2.829  36.396695    11.1741    6.61701      2.805    32.2164    24.5779 -9.990e-29
 228.488397      2.849  36.396754    11.1771    6.60336      2.825    32.2138    24.5754 -9.990e-29
 228.488403      2.858  36.397718    11.1824    6.60351      2.834    32.2101    24.5716 -9.990e-29
 228.488409      2.861  36.399181    11.1868    6.60498      2.837    32.2077    24.5689 -9.990e-29
 228.488414      2.856  36.400283    11.1879    6.59514      2.832    32.2078    24.5688 -9.990e-29
 228.488420      2.849  36.400241    11.1880    6.58935      2.825    32.2077    24.5687 -9.990e-29
 228.488426      2.847  36.400110    11.1895    6.58484      2.823    32.2062    24.5673 -9.990e-29
 228.488432      2.855  36.400830    11.1897    6.59483      2.831    32.2068    24.5677 -9.990e-29
 228.488438      2.869  36.401107    11.1878    6.58720      2.845    32.2087    24.5695 -9.990e-29
 228.488443      2.881  36.400743    11.1890    6.56258      2.857    32.2073    24.5682 -9.990e-29
 228.488449      2.888  36.401485    11.1963    6.53775      2.864    32.2016    24.5625 -9.990e-29
 228.488455      2.894  36.404309    11.2053    6.54147      2.870    32.1965    24.5570 -9.990e-29
 228.488461      2.904  36.407925    11.2041    6.56573      2.880    32.2011    24.5608 -9.990e-29
 228.488466      2.919  36.407056    11.1852    6.58837      2.895    32.2168    24.5763 -9.990e-29
 228.488472      2.939  36.396610    11.1623    6.58970      2.914    32.2266    24.5879 -9.990e-29
 228.488478      2.958  36.383398    11.1541    6.57719      2.933    32.2207    24.5849 -9.990e-29
 228.488484      2.959  36.379507    11.1633    6.56217      2.934    32.2088    24.5740 -9.990e-29
 228.488490      2.938  36.385901    11.1806    6.55412      2.913    32.2000    24.5641 -9.990e-29
 228.488495      2.911  36.395394    11.1921    6.55627      2.887    32.1993    24.5615 -9.990e-29
 228.488501      2.898  36.400449    11.1880    6.56328      2.874    32.2079    24.5688 -9.990e-29
 228.488507      2.907  36.396590    11.1739    6.56118      2.883    32.2164    24.5780 -9.990e-29
 228.488513      2.933  36.387636    11.1642    6.55969      2.909    32.2161    24.5794 -9.990e-29
 228.488519      2.965  36.382387    11.1631    6.55304      2.940    32.2118    24.5764 -9.990e-29
 228.488524      2.993  36.382801    11.1625    6.56176      2.968    32.2128    24.5772 -9.990e-29
 228.488530      3.019  36.383248    11.1524    6.57922      2.994    32.2220    24.5862 -9.990e-29
 228.488536      3.048  36.377588    11.1345    6.59212      3.023    32.2321    24.5972 -9.990e-29
 228.488542      3.074  36.367798    11.1235    6.59614      3.048    32.2321    24.5991 -9.990e-29
 228.488547      3.086  36.362680    11.1293    6.58977      3.060    32.2220    24.5902 -9.990e-29
 228.488553      3.079  36.367731    11.1496    6.58737      3.053    32.2092    24.5767 -9.990e-29
 228.488559      3.059  36.380704    11.1731    6.58763      3.033    32.2014    24.5665 -9.990e-29
 228.488565      3.036  36.393093    11.1878    6.58965      3.011    32.2007    24.5633 -9.990e-29
 228.488571      3.026  36.399544    11.1890    6.59068      3.001    32.2060    24.5673 -9.990e-29
 228.488576      3.037  36.400806    11.1822    6.58662      3.012    32.2132    24.5741 -9.990e-29
 228.488582      3.061  36.400238    11.1799    6.58957      3.035    32.2147    24.5756 -9.990e-29
 228.488588      3.082  36.402119    11.1854    6.59195      3.056    32.2117    24.5723 -9.990e-29
 228.488594      3.090  36.405578    11.1913    6.59040      3.064    32.2099    24.5699 -9.990e-29
 228.488600      3.080  36.406805    11.1947    6.58041      3.054    32.2082    24.5679 -9.990e-29
 228.488605      3.057  36.406308    11.1963    6.58028      3.031    32.2063    24.5662 -9.990e-29
 228.488611      3.030  36.405657    11.1961    6.58988      3.005    32.2058    24.5658 -9.990e-29
 228.488617      3.016  36.405100    11.1942    6.59225      2.991    32.2070    24.5671 -9.990e-29
 228.488623      3.022  36.404444    11.1907    6.60169      2.997    32.2094    24.5695 -9.990e-29
 228.488628      3.040  36.403367    11.1873    6.60464      3.015    32.2113    24.5716 -9.990e-29
 228.488634      3.055  36.402106    11.1864    6.59041      3.029    32.2108    24.5714 -9.990e-29
 228.488640      3.058  36.401770    11.1879    6.57337      3.032    32.2092    24.5699 -9.990e-29
 228.488646      3.055  36.402461    11.1918    6.56008      3.029    32.2064    24.5671 -9.990e-29
 228.488652      3.049  36.403970    11.1974    6.56293      3.024    32.2030    24.5634 -9.990e-29
 228.488657      3.039  36.406059    11.1992    6.56793      3.014    32.2035    24.5635 -9.990e-29
 228.488663      3.030  36.406457    11.1952    6.57697      3.005    32.2074    24.5672 -9.990e-29
 228.488669      3.029  36.404565    11.1903    6.57529      3.004    32.2098    24.5700 -9.990e-29
 228.488675      3.041  36.402338    11.1884    6.57656      3.016    32.2093    24.5699 -9.990e-29
 228.488681      3.062  36.401281    11.1896    6.57864      3.036    32.2072    24.5681 -9.990e-29
 228.488686      3.085  36.401658    11.1926    6.57488      3.059    32.2049    24.5658 -9.990e-29
 228.488692      3.103  36.402839    11.1956    6.57896      3.077    32.2035    24.5641 -9.990e-29
 228.488698      3.113  36.404147    11.1984    6.57898      3.087    32.2023    24.5627 -9.990e-29
