data/oxygen options/ONMS/Olympic_Coast_National_Marine_Sanctuary_Hypoxia_Survey_CTD_Data_2004_2015/raw_data/2005/CTD_CA60_070705faed.cnv
* Sea-Bird SBE19 Data File:
* FileName = C:\Hypoxia Data\CA60_070705.hex
* Software Version 1.1.6
* Temperature SN = 2997
* Conductivity SN = 2997
* System UpLoad Time = Jul 07 2005 14:35:54
* SEACAT PROFILER V3.1c SN 2997   07/07/05  14:35:19.477
* strain gauge pressure sensor: S/N = 184829,  range = 3000 psia,  tc = 40
# nquan = 9                                 
# nvalues = 633                         
# units = specified
# name 0 = timeJ: Julian Days
# name 1 = prSM: Pressure, Strain Gauge [db]
# name 2 = c0mS/cm: Conductivity [mS/cm]
# name 3 = t090C: Temperature [ITS-90, deg C]
# name 4 = oxML/L: Oxygen, Beckman/YSI [ml/l]
# name 5 = depSM: Depth [salt water, m], lat = 47.5
# name 6 = sal00: Salinity, Practical [PSU]
# name 7 = sigma-é00: Density [sigma-theta, kg/m^3]
# name 8 = flag: flag
# span 0 = 188.561725, 188.565382       
# span 1 =     -2.586,     61.336       
# span 2 =  16.296967,  38.583448       
# span 3 =     7.6791,    14.6133       
# span 4 =   -0.09724,   25.15220       
# span 5 =     -2.564,     60.815       
# span 6 =    12.2721,    33.6637       
# span 7 =     8.6361,    26.2719       
# span 8 = 0.0000e+00, 0.0000e+00       
# interval = seconds: 0.5
# start_time = Jul 07 2005 13:28:53 [Instrument's time stamp, header]
# bad_flag = -9.990e-29
*END*
[from data line 481]
 188.564508     58.228  34.704125     7.6839    3.47215     57.734    33.6598    26.2681 0.0000e+00
 188.564514     58.658  34.704624     7.6839    3.47998     58.160    33.6601    26.2684 0.0000e+00
 188.564520     59.059  34.705094     7.6848    3.47119     58.558    33.6596    26.2678 0.0000e+00
 188.564525     59.427  34.705586     7.6863    3.46435     58.923    33.6585    26.2668 0.0000e+00
 188.564531     59.760  34.705997     7.6878    3.45032     59.253    33.6573    26.2656 0.0000e+00
 188.564537     60.063  34.706308     7.6878    3.45982     59.553    33.6575    26.2658 0.0000e+00
 188.564543     60.345  34.706182     7.6851    3.46769     59.833    33.6598    26.2680 0.0000e+00
 188.564549     60.612  34.705447     7.6812    3.46008     60.097    33.6627    26.2708 0.0000e+00
 188.564554     60.859  34.704614     7.6791    3.44884     60.342    33.6637    26.2719 0.0000e+00
 188.564560     61.073  34.704251     7.6792    3.44999     60.554    33.6631    26.2714 0.0000e+00
 188.564566     61.233  34.704434     7.6803    3.46198     60.713    33.6622    26.2705 -9.990e-29
 188.564572     61.323  34.704842     7.6813    3.46768     60.802    33.6616    26.2700 -9.990e-29
 188.564578     61.336  34.704894     7.6819    3.46499     60.815    33.6611    26.2695 -9.990e-29
 188.564583     61.269  34.704660     7.6821    3.45201     60.749    33.6607    26.2691 -9.990e-29
 188.564589     61.131  34.704389     7.6819    3.45619     60.612    33.6606    26.2691 0.0000e+00
 188.564595     60.942  34.703720     7.6820    3.47770     60.424    33.6599    26.2685 0.0000e+00
 188.564601     60.721  34.702883     7.6821    3.48608     60.205    33.6590    26.2678 0.0000e+00
 188.564606     60.474  34.702444     7.6819    3.48760     59.960    33.6588    26.2677 0.0000e+00
 188.564612     60.200  34.702381     7.6816    3.46791     59.689    33.6592    26.2680 0.0000e+00
 188.564618     59.892  34.702048     7.6807    3.45792     59.384    33.6599    26.2687 0.0000e+00
 188.564624     59.562  34.701002     7.6798    3.45851     59.056    33.6598    26.2687 0.0000e+00
 188.564630     59.222  34.700093     7.6795    3.46217     58.719    33.6592    26.2683 0.0000e+00
 188.564635     58.868  34.699791     7.6799    3.47594     58.368    33.6587    26.2678 0.0000e+00
 188.564641     58.487  34.699695     7.6808    3.47713     57.991    33.6579    26.2671 0.0000e+00
 188.564647     58.070  34.699679     7.6816    3.48387     57.577    33.6573    26.2665 0.0000e+00
 188.564653     57.631  34.699160     7.6822    3.48380     57.142    33.6564    26.2657 0.0000e+00
 188.564659     57.191  34.698011     7.6826    3.48028     56.706    33.6550    26.2645 0.0000e+00
 188.564664     56.766  34.696943     7.6830    3.48500     56.284    33.6536    26.2634 0.0000e+00
 188.564670     56.355  34.696218     7.6837    3.47800     55.877    33.6524    26.2623 0.0000e+00
 188.564676     55.949  34.695993     7.6845    3.48327     55.475    33.6515    26.2615 0.0000e+00
 188.564682     55.538  34.695966     7.6852    3.51284     55.067    33.6510    26.2610 0.0000e+00
 188.564687     55.118  34.695544     7.6861    3.52328     54.651    33.6499    26.2600 0.0000e+00
 188.564693     54.687  34.694725     7.6881    3.53959     54.223    33.6473    26.2576 0.0000e+00
 188.564699     54.245  34.693539     7.6922    3.54722     53.785    33.6423    26.2531 0.0000e+00
 188.564705     53.802  34.691528     7.6987    3.54905     53.346    33.6340    26.2457 0.0000e+00
 188.564711     53.375  34.688814     7.7049    3.57013     52.923    33.6253    26.2379 0.0000e+00
 188.564716     52.969  34.686829     7.7079    3.57241     52.520    33.6205    26.2337 0.0000e+00
 188.564722     52.573  34.686292     7.7093    3.58513     52.128    33.6187    26.2321 0.0000e+00
 188.564728     52.177  34.686488     7.7133    3.58522     51.735    33.6153    26.2288 0.0000e+00
 188.564734     51.763  34.686558     7.7236    3.57133     51.325    33.6056    26.2197 0.0000e+00
 188.564740     51.322  34.685473     7.7403    3.53920     50.887    33.5885    26.2039 0.0000e+00
 188.564745     50.855  34.682911     7.7591    3.46101     50.424    33.5679    26.1850 0.0000e+00
 188.564751     50.368  34.679942     7.7796    3.37335     49.942    33.5452    26.1642 0.0000e+00
 188.564757     49.868  34.676539     7.8063    3.29635     49.446    33.5161    26.1375 0.0000e+00
 188.564763     49.370  34.672091     7.8369    3.24470     48.952    33.4822    26.1064 0.0000e+00
 188.564769     48.885  34.668523     7.8614    3.22120     48.471    33.4551    26.0815 0.0000e+00
 188.564774     48.411  34.667809     7.8741    3.18632     48.001    33.4424    26.0697 0.0000e+00
 188.564780     47.949  34.669004     7.8817    3.14626     47.543    33.4366    26.0640 0.0000e+00
 188.564786     47.504  34.669785     7.8943    3.10230     47.102    33.4256    26.0535 0.0000e+00
 188.564792     47.077  34.668955     7.9138    3.09324     46.679    33.4062    26.0355 0.0000e+00
 188.564797     46.667  34.667088     7.9324    3.10046     46.272    33.3867    26.0174 0.0000e+00
 188.564803     46.277  34.665624     7.9403    3.10437     45.886    33.3777    26.0093 0.0000e+00
 188.564809     45.905  34.665979     7.9421    3.10221     45.517    33.3766    26.0081 0.0000e+00
 188.564815     45.534  34.666948     7.9504    3.08460     45.149    33.3698    26.0016 0.0000e+00
 188.564821     45.154  34.667024     7.9711    3.07981     44.772    33.3504    25.9833 0.0000e+00
 188.564826     44.758  34.667427     8.0014    3.08558     44.380    33.3221    25.9566 0.0000e+00
 188.564832     44.342  34.668696     8.0289    3.09739     43.967    33.2975    25.9333 0.0000e+00
 188.564838     43.905  34.670286     8.0520    3.10971     43.534    33.2774    25.9141 0.0000e+00
 188.564844     43.446  34.672643     8.0886    3.12292     43.079    33.2454    25.8836 0.0000e+00
 188.564850     42.965  34.678354     8.1434    3.13446     42.602    33.1997    25.8397 0.0000e+00
 188.564855     42.470  34.688311     8.1940    3.14871     42.111    33.1627    25.8031 0.0000e+00
 188.564861     41.971  34.697859     8.2226    3.16962     41.616    33.1460    25.7858 0.0000e+00
 188.564867     41.481  34.702923     8.2323    3.19404     41.131    33.1425    25.7816 0.0000e+00
 188.564873     41.001  34.704103     8.2383    3.20405     40.655    33.1383    25.7774 0.0000e+00
 188.564878     40.528  34.704659     8.2566    3.21620     40.186    33.1218    25.7618 0.0000e+00
 188.564884     40.060  34.708136     8.2863    3.21671     39.722    33.0978    25.7385 0.0000e+00
 188.564890     39.607  34.714686     8.3131    3.22379     39.273    33.0797    25.7203 0.0000e+00
 188.564896     39.178  34.720716     8.3275    3.23536     38.847    33.0727    25.7127 0.0000e+00
 188.564902     38.771  34.724184     8.3331    3.24721     38.444    33.0713    25.7107 0.0000e+00
 188.564907     38.373  34.726356     8.3379    3.25762     38.049    33.0693    25.7084 0.0000e+00
 188.564913     37.969  34.727889     8.3493    3.26060     37.649    33.0604    25.6997 0.0000e+00
 188.564919     37.544  34.729705     8.3699    3.26809     37.227    33.0431    25.6831 0.0000e+00
 188.564925     37.097  34.733105     8.3905    3.28281     36.784    33.0276    25.6678 0.0000e+00
 188.564931     36.639  34.736460     8.4041    3.30971     36.330    33.0186    25.6587 0.0000e+00
 188.564936     36.175  34.738643     8.4141    3.34650     35.870    33.0117    25.6518 0.0000e+00
 188.564942     35.695  34.740888     8.4287    3.36873     35.394    33.0007    25.6410 0.0000e+00
 188.564948     35.192  34.743950     8.4601    3.38425     34.895    32.9747    25.6159 0.0000e+00
 188.564954     34.663  34.750792     8.5087    3.40742     34.371    32.9367    25.5788 0.0000e+00
 188.564959     34.117  34.763250     8.5537    3.42837     33.829    32.9081    25.5495 0.0000e+00
 188.564965     33.575  34.776080     8.5793    3.45299     33.292    32.8980    25.5377 0.0000e+00
 188.564971     33.054  34.783980     8.5876    3.46937     32.776    32.8988    25.5371 0.0000e+00
 188.564977     32.554  34.786284     8.5888    3.48057     32.280    32.9003    25.5381 0.0000e+00
 188.564983     32.074  34.786069     8.5951    3.49277     31.804    32.8945    25.5325 0.0000e+00
 188.564988     31.617  34.788657     8.6173    3.52738     31.351    32.8767    25.5153 0.0000e+00
 188.564994     31.180  34.799179     8.6583    3.55597     30.917    32.8498    25.4880 0.0000e+00
 188.565000     30.752  34.817651     8.7017    3.58225     30.493    32.8291    25.4651 0.0000e+00
 188.565006     30.324  34.834512     8.7327    3.60921     30.069    32.8182    25.4518 0.0000e+00
 188.565012     29.884  34.843103     8.7563    3.61697     29.632    32.8055    25.4382 0.0000e+00
 188.565017     29.428  34.847600     8.7772    3.61683     29.180    32.7911    25.4237 0.0000e+00
 188.565023     28.954  34.851760     8.7943    3.62135     28.710    32.7798    25.4123 0.0000e+00
 188.565029     28.467  34.855529     8.8094    3.62212     28.227    32.7700    25.4022 0.0000e+00
 188.565035     27.976  34.858894     8.8235    3.65542     27.741    32.7607    25.3928 0.0000e+00
 188.565041     27.486  34.861859     8.8340    3.67532     27.255    32.7543    25.3862 0.0000e+00
 188.565046     26.997  34.863899     8.8409    3.68720     26.770    32.7503    25.3819 0.0000e+00
 188.565052     26.508  34.865497     8.8525    3.71326     26.285    32.7415    25.3732 0.0000e+00
 188.565058     26.021  34.868787     8.8835    3.74372     25.802    32.7165    25.3489 0.0000e+00
 188.565064     25.539  34.877595     8.9393    3.78960     25.324    32.6745    25.3074 0.0000e+00
 188.565069     25.067  34.895261     8.9938    3.83883     24.856    32.6430    25.2743 0.0000e+00
 188.565075     24.605  34.913951     9.0224    3.87476     24.398    32.6364    25.2646 0.0000e+00
 188.565081     24.143  34.923843     9.0405    3.90705     23.940    32.6303    25.2570 0.0000e+00
 188.565087     23.670  34.929168     9.0824    3.94458     23.471    32.5976    25.2249 0.0000e+00
 188.565093     23.177  34.943757     9.1538    3.97388     22.982    32.5477    25.1746 0.0000e+00
 188.565098     22.667  34.970805     9.2161    4.01170     22.477    32.5190    25.1424 0.0000e+00
 188.565104     22.155  34.993688     9.2475    4.02692     21.969    32.5143    25.1337 0.0000e+00
 188.565110     21.659  35.004254     9.2614    4.05000     21.477    32.5127    25.1303 0.0000e+00
 188.565116     21.185  35.008759     9.2725    4.08272     21.007    32.5075    25.1245 0.0000e+00
 188.565122     20.722  35.012653     9.2918    4.11755     20.548    32.4941    25.1110 0.0000e+00
 188.565127     20.252  35.018887     9.3286    4.15745     20.082    32.4673    25.0842 0.0000e+00
 188.565133     19.771  35.032972     9.3799    4.20116     19.605    32.4355    25.0511 0.0000e+00
 188.565139     19.287  35.055750     9.4300    4.24753     19.125    32.4137    25.0261 0.0000e+00
 188.565145     18.808  35.074995     9.4735    4.27592     18.650    32.3943    25.0040 0.0000e+00
 188.565150     18.332  35.084985     9.5103    4.29290     18.178    32.3715    24.9803 0.0000e+00
 188.565156     17.856  35.088399     9.5372    4.29811     17.706    32.3509    24.9599 0.0000e+00
 188.565162     17.379  35.085875     9.5573    4.28713     17.233    32.3305    24.9406 0.0000e+00
 188.565168     16.904  35.080221     9.5712    4.27616     16.762    32.3124    24.9242 0.0000e+00
 188.565174     16.432  35.076236     9.5743    4.27337     16.294    32.3057    24.9185 0.0000e+00
 188.565179     15.958  35.075899     9.5706    4.29547     15.824    32.3089    24.9216 0.0000e+00
 188.565185     15.478  35.076523     9.5740    4.36220     15.348    32.3067    24.9193 0.0000e+00
 188.565191     14.982  35.075018     9.5913    4.41375     14.856    32.2898    24.9033 0.0000e+00
 188.565197     14.465  35.073862     9.6195    4.44725     14.344    32.2635    24.8782 0.0000e+00
 188.565203     13.936  35.078801     9.6588    4.49027     13.819    32.2335    24.8484 0.0000e+00
 188.565208     13.408  35.094185     9.7183    4.54194     13.296    32.1961    24.8096 0.0000e+00
 188.565214     12.892  35.124274     9.8029    4.64704     12.784    32.1513    24.7609 0.0000e+00
 188.565220     12.396  35.167711     9.9000    4.80662     12.292    32.1091    24.7120 0.0000e+00
 188.565226     11.923  35.214785     9.9894    4.96317     11.823    32.0775    24.6727 0.0000e+00
 188.565231     11.465  35.258222    10.0522    5.15901     11.369    32.0659    24.6533 0.0000e+00
 188.565237     11.009  35.291674    10.1107    5.32925     10.917    32.0480    24.6296 0.0000e+00
 188.565243     10.548  35.332832    10.2489    5.47354     10.460    31.9676    24.5439 0.0000e+00
 188.565249     10.079  35.426666    10.4988    5.57939      9.995    31.8425    24.4042 0.0000e+00
 188.565255      9.600  35.577193    10.7807    5.67051      9.520    31.7469    24.2816 0.0000e+00
 188.565260      9.121  35.738454    11.0089    5.81616      9.045    31.7090    24.2125 0.0000e+00
 188.565266      8.649  35.868736    11.1541    6.02825      8.577    31.7122    24.1895 0.0000e+00
 188.565272      8.188  35.949495    11.2382    6.24856      8.120    31.7192    24.1802 0.0000e+00
 188.565278      7.739  36.003789    11.3094    6.50094      7.674    31.7113    24.1614 0.0000e+00
 188.565284      7.294  36.068149    11.4416    6.88855      7.233    31.6610    24.0987 0.0000e+00
 188.565289      6.844  36.181863    11.7203    7.33493      6.787    31.5341    23.9499 0.0000e+00
 188.565295      6.383  36.401232    12.1270    7.79838      6.330    31.4022    23.7730 0.0000e+00
 188.565301      5.922  36.703639    12.5394    8.12448      5.872    31.3459    23.6521 0.0000e+00
 188.565307      5.470  36.989924    12.8504    8.23960      5.424    31.3584    23.6024 0.0000e+00
 188.565313      5.032  37.189349    13.0380    8.02798      4.990    31.3907    23.5911 0.0000e+00
 188.565318      4.610  37.308255    13.2113    7.61267      4.571    31.3591    23.5328 0.0000e+00
 188.565324      4.204  37.444112    13.5263    7.23828      4.169    31.2271    23.3687 0.0000e+00
 188.565330      3.816  37.709659    13.9416 -9.990e-29      3.784    31.1345    23.2138 0.0000e+00
 188.565336      3.456  38.044514    14.2610 -9.990e-29      3.427    31.1830    23.1860 0.0000e+00
 188.565341      3.136  38.268174    14.4166 -9.990e-29      3.110    31.2612    23.2141 0.0000e+00
 188.565347      2.865  38.359253    14.4519 -9.990e-29      2.841    31.3156    23.2487 0.0000e+00
 188.565353      2.648  38.382602    14.4089 -9.990e-29      2.626    31.3717    23.3009 0.0000e+00
 188.565359      2.479  38.339650    14.3326 -9.990e-29      2.458    31.3945    23.3343 0.0000e+00
 188.565365      2.347  38.253896    14.2465 -9.990e-29      2.327    31.3862    23.3457 -9.990e-29
 188.565370      2.253  38.149530    14.1567 -9.990e-29      2.234    31.3639    23.3469 -9.990e-29
 188.565376      2.199  38.011337    14.1122 -9.990e-29      2.181    31.2735    23.2863 -9.990e-29
 188.565382      2.181  37.865932 -9.990e-29 -9.990e-29      2.163 -9.990e-29 -9.990e-29 -9.990e-29
