data/oxygen options/ONMS/Olympic_Coast_National_Marine_Sanctuary_Hypoxia_Survey_CTD_Data_2004_2015/raw_data/2005/CTD_CA60_081505faed.cnv
* Sea-Bird SBE19 Data File:
* FileName = C:\Hypoxia Data\CA60_081505.hex
* Software Version 1.1.6
* Temperature SN = 2997
* Conductivity SN = 2997
* System UpLoad Time = Aug 15 2005 14:43:49
* SEACAT PROFILER V3.1c SN 2997   08/15/05  14:42:59.689
* strain gauge pressure sensor: S/N = 184829,  range = 3000 psia,  tc = 40
# nquan = 9                                 
# nvalues = 682                         
# units = specified
# name 0 = timeJ: Julian Days
# name 1 = prSM: Pressure, Strain Gauge [db]
# name 2 = c0mS/cm: Conductivity [mS/cm]
# name 3 = t090C: Temperature [ITS-90, deg C]
# name 4 = oxML/L: Oxygen, Beckman/YSI [ml/l]
# name 5 = depSM: Depth [salt water, m], lat = 47.5
# name 6 = sal00: Salinity, Practical [PSU]
# name 7 = sigma-é00: Density [sigma-theta, kg/m^3]
# name 8 = flag: flag
# span 0 = 227.563993, 227.567934       
# span 1 =     -2.073,     61.482       
# span 2 =   0.415970,  37.462960       
# span 3 =     7.2370,    13.8043       
# span 4 =   -0.11987,   27.02846       
# span 5 =     -2.056,     60.960       
# span 6 =     0.2576,    33.8923       
# span 7 =    -0.5263,    26.5096       
# span 8 = 0.0000e+00, 0.0000e+00       
# interval = seconds: 0.5
# start_time = Aug 15 2005 13:32:09 [Instrument's time stamp, header]
# bad_flag = -9.990e-29
*END*
[from data line 481]
 227.566777     39.181  34.693190     8.2267    3.46284     38.850    33.1385    25.7793 0.0000e+00
 227.566782     39.748  34.683705     8.1857    3.43835     39.412    33.1669    25.8076 0.0000e+00
 227.566788     40.310  34.674346     8.1446    3.45530     39.970    33.1956    25.8362 0.0000e+00
 227.566794     40.877  34.662144     8.1028    3.46750     40.532    33.2219    25.8631 0.0000e+00
 227.566800     41.450  34.646138     8.0593    3.45744     41.100    33.2459    25.8883 0.0000e+00
 227.566806     42.020  34.628518     8.0146    3.44125     41.665    33.2693    25.9132 0.0000e+00
 227.566811     42.575  34.613436     7.9715    3.46865     42.215    33.2939    25.9389 0.0000e+00
 227.566817     43.108  34.602068     7.9317    3.56328     42.744    33.3194    25.9647 0.0000e+00
 227.566823     43.615  34.590087     7.8959    3.70095     43.246    33.3405    25.9865 0.0000e+00
 227.566829     44.097  34.574406     7.8633    3.84156     43.724    33.3547    26.0023 0.0000e+00
 227.566834     44.561  34.557094     7.8345    3.92641     44.184    33.3634    26.0134 0.0000e+00
 227.566840     45.009  34.542530     7.8136    3.97088     44.628    33.3676    26.0196 0.0000e+00
 227.566846     45.440  34.534275     7.8036    3.96170     45.056    33.3681    26.0215 0.0000e+00
 227.566852     45.857  34.532529     7.8004    3.93229     45.469    33.3691    26.0227 0.0000e+00
 227.566858     46.277  34.533841     7.7912    3.87969     45.886    33.3791    26.0319 0.0000e+00
 227.566863     46.718  34.531557     7.7678    3.82892     46.323    33.3988    26.0508 0.0000e+00
 227.566869     47.183  34.524315     7.7346    3.80565     46.784    33.4227    26.0743 0.0000e+00
 227.566875     47.666  34.517597     7.6990    3.77366     47.263    33.4494    26.1005 0.0000e+00
 227.566881     48.170  34.512534     7.6654    3.77148     47.762    33.4760    26.1262 0.0000e+00
 227.566887     48.695  34.506855     7.6394    3.76205     48.283    33.4947    26.1446 0.0000e+00
 227.566892     49.238  34.501390     7.6228    3.74283     48.821    33.5045    26.1547 0.0000e+00
 227.566898     49.794  34.498380     7.6088    3.70794     49.372    33.5145    26.1645 0.0000e+00
 227.566904     50.359  34.497170     7.5890    3.64581     49.933    33.5320    26.1811 0.0000e+00
 227.566910     50.924  34.496145     7.5613    3.59416     50.493    33.5574    26.2050 0.0000e+00
 227.566916     51.477  34.495061     7.5241    3.51282     51.041    33.5919    26.2375 0.0000e+00
 227.566921     52.018  34.492468     7.4781    3.41032     51.577    33.6334    26.2766 0.0000e+00
 227.566927     52.558  34.487149     7.4293    3.27155     52.113    33.6747    26.3160 0.0000e+00
 227.566933     53.099  34.479856     7.3772    3.11037     52.649    33.7172    26.3568 0.0000e+00
 227.566939     53.639  34.469828     7.3209    2.98088     53.184    33.7610    26.3991 0.0000e+00
 227.566944     54.168  34.457704     7.2734    2.87341     53.709    33.7939    26.4316 0.0000e+00
 227.566950     54.682  34.450292     7.2480    2.81629     54.218    33.8104    26.4482 0.0000e+00
 227.566956     55.176  34.453396     7.2443    2.77963     54.708    33.8172    26.4540 0.0000e+00
 227.566962     55.646  34.460495     7.2514    2.72183     55.174    33.8177    26.4535 0.0000e+00
 227.566968     56.105  34.467040     7.2598    2.66196     55.629    33.8164    26.4513 0.0000e+00
 227.566973     56.570  34.485686     7.2668    2.61036     56.090    33.8297    26.4607 0.0000e+00
 227.566979     57.048  34.515515     7.2729    2.58568     56.564    33.8560    26.4806 0.0000e+00
 227.566985     57.541  34.538571     7.2782    2.57762     57.053    33.8757    26.4954 0.0000e+00
 227.566991     58.041  34.550844     7.2819    2.57751     57.548    33.8852    26.5023 0.0000e+00
 227.566997     58.538  34.556932     7.2836    2.57400     58.041    33.8899    26.5058 0.0000e+00
 227.567002     59.020  34.559347     7.2842    2.56723     58.519    33.8917    26.5072 0.0000e+00
 227.567008     59.475  34.560191     7.2844    2.58547     58.970    33.8922    26.5075 0.0000e+00
 227.567014     59.890  34.560591     7.2846    2.59532     59.382    33.8922    26.5075 0.0000e+00
 227.567020     60.247  34.561081     7.2849    2.60561     59.735    33.8923    26.5076 0.0000e+00
 227.567025     60.537  34.561755     7.2855    2.61458     60.023    33.8923    26.5075 0.0000e+00
 227.567031     60.759  34.561832     7.2862    2.60619     60.243    33.8916    26.5068 0.0000e+00
 227.567037     60.929  34.560855     7.2865    2.61145     60.412    33.8902    26.5057 0.0000e+00
 227.567043     61.070  34.559770     7.2862    2.60198     60.551    33.8892    26.5049 0.0000e+00
 227.567049     61.199  34.559376     7.2860    2.60170     60.679    33.8889    26.5047 -9.990e-29
 227.567054     61.317  34.559152     7.2866    2.60439     60.796    33.8880    26.5040 -9.990e-29
 227.567060     61.408  34.558804     7.2876    2.61191     60.886    33.8866    26.5027 -9.990e-29
 227.567066     61.462  34.558992     7.2884    2.61696     60.940    33.8860    26.5021 -9.990e-29
 227.567072     61.482  34.559409     7.2884    2.62136     60.960    33.8865    26.5025 -9.990e-29
 227.567078     61.474  34.558934     7.2878    2.61805     60.952    33.8865    26.5026 -9.990e-29
 227.567083     61.438  34.557496     7.2870    2.61909     60.916    33.8858    26.5021 -9.990e-29
 227.567089     61.366  34.555987     7.2860    2.62384     60.845    33.8851    26.5018 -9.990e-29
 227.567095     61.250  34.554640     7.2852    2.61978     60.730    33.8845    26.5014 -9.990e-29
 227.567101     61.086  34.553344     7.2854    2.61457     60.567    33.8830    26.5002 0.0000e+00
 227.567106     60.870  34.553177     7.2864    2.60635     60.353    33.8819    26.4992 0.0000e+00
 227.567112     60.591  34.554481     7.2870    2.59942     60.076    33.8829    26.4999 0.0000e+00
 227.567118     60.248  34.555635     7.2864    2.60222     59.736    33.8849    26.5015 0.0000e+00
 227.567124     59.854  34.555942     7.2857    2.60120     59.346    33.8861    26.5026 0.0000e+00
 227.567130     59.427  34.555818     7.2853    2.59943     58.923    33.8866    26.5030 0.0000e+00
 227.567135     58.982  34.555104     7.2851    2.60028     58.481    33.8862    26.5027 0.0000e+00
 227.567141     58.533  34.553976     7.2850    2.59939     58.036    33.8853    26.5020 0.0000e+00
 227.567147     58.090  34.553180     7.2848    2.59566     57.597    33.8848    26.5017 0.0000e+00
 227.567153     57.656  34.552781     7.2844    2.58836     57.167    33.8850    26.5019 0.0000e+00
 227.567159     57.219  34.552255     7.2836    2.59143     56.734    33.8854    26.5023 0.0000e+00
 227.567164     56.764  34.551467     7.2814    2.60331     56.283    33.8870    26.5038 0.0000e+00
 227.567170     56.289  34.548809     7.2764    2.61438     55.812    33.8892    26.5062 0.0000e+00
 227.567176     55.797  34.541304     7.2659    2.63751     55.324    33.8915    26.5096 0.0000e+00
 227.567182     55.296  34.524556     7.2508    2.67218     54.827    33.8883    26.5091 0.0000e+00
 227.567187     54.796  34.498101     7.2393    2.70211     54.331    33.8710    26.4971 0.0000e+00
 227.567193     54.303  34.477680     7.2370    2.74426     53.843    33.8512    26.4818 0.0000e+00
 227.567199     53.821  34.474183     7.2407    2.84052     53.365    33.8440    26.4756 0.0000e+00
 227.567205     53.349  34.475104     7.2510    2.98489     52.897    33.8352    26.4672 0.0000e+00
 227.567211     52.874  34.471587     7.2803    3.17694     52.426    33.8029    26.4377 0.0000e+00
 227.567216     52.379  34.466235     7.3318    3.35929     51.935    33.7470    26.3866 0.0000e+00
 227.567222     51.861  34.460885     7.3859    3.49622     51.422    33.6888    26.3331 0.0000e+00
 227.567228     51.331  34.457942     7.4245    3.58873     50.896    33.6483    26.2959 0.0000e+00
 227.567234     50.802  34.457983     7.4452    3.62675     50.372    33.6285    26.2774 0.0000e+00
 227.567240     50.292  34.458840     7.4547    3.65245     49.866    33.6205    26.2697 0.0000e+00
 227.567245     49.802  34.459425     7.4614    3.69131     49.380    33.6149    26.2644 0.0000e+00
 227.567251     49.319  34.459408     7.4766    3.73757     48.902    33.6003    26.2508 0.0000e+00
 227.567257     48.832  34.457650     7.5063    3.78469     48.419    33.5699    26.2227 0.0000e+00
 227.567263     48.337  34.454615     7.5411    3.79532     47.928    33.5332    26.1889 0.0000e+00
 227.567269     47.827  34.453551     7.5732    3.79146     47.422    33.5013    26.1593 0.0000e+00
 227.567274     47.301  34.456414     7.6055    3.79353     46.901    33.4736    26.1328 0.0000e+00
 227.567280     46.768  34.462548     7.6355    3.80281     46.372    33.4516    26.1112 0.0000e+00
 227.567286     46.244  34.468933     7.6555    3.82687     45.853    33.4395    26.0989 0.0000e+00
 227.567292     45.739  34.472887     7.6645    3.85323     45.352    33.4353    26.0943 0.0000e+00
 227.567297     45.242  34.474650     7.6711    3.85154     44.859    33.4311    26.0900 0.0000e+00
 227.567303     44.736  34.475459     7.6936    3.79919     44.358    33.4106    26.0707 0.0000e+00
 227.567309     44.212  34.478639     7.7410    3.70577     43.838    33.3688    26.0311 0.0000e+00
 227.567315     43.677  34.487876     7.7965    3.61848     43.308    33.3259    25.9894 0.0000e+00
 227.567321     43.142  34.502041     7.8382    3.56322     42.777    33.3015    25.9642 0.0000e+00
 227.567326     42.622  34.515373     7.8584    3.56574     42.262    33.2968    25.9575 0.0000e+00
 227.567332     42.121  34.523247     7.8644    3.61203     41.765    33.2997    25.9590 0.0000e+00
 227.567338     41.637  34.525525     7.8707    3.64566     41.285    33.2964    25.9554 0.0000e+00
 227.567344     41.158  34.526374     7.8960    3.64598     40.810    33.2734    25.9337 0.0000e+00
 227.567350     40.664  34.533659     7.9517    3.60969     40.321    33.2284    25.8903 0.0000e+00
 227.567355     40.151  34.550369     8.0220    3.54423     39.812    33.1798    25.8418 0.0000e+00
 227.567361     39.625  34.571889     8.0803    3.52628     39.291    33.1477    25.8081 0.0000e+00
 227.567367     39.093  34.591617     8.1167    3.56855     38.763    33.1345    25.7924 0.0000e+00
 227.567373     38.562  34.605046     8.1385    3.68299     38.237    33.1285    25.7844 0.0000e+00
 227.567378     38.026  34.612722     8.1657    3.84165     37.705    33.1112    25.7668 0.0000e+00
 227.567384     37.479  34.619846     8.2138    3.99936     37.163    33.0736    25.7303 0.0000e+00
 227.567390     36.918  34.632001     8.2743    4.12245     36.607    33.0299    25.6869 0.0000e+00
 227.567396     36.356  34.649707     8.3289    4.19965     36.049    32.9976    25.6535 0.0000e+00
 227.567402     35.804  34.668562     8.3678    4.25078     35.502    32.9813    25.6349 0.0000e+00
 227.567407     35.260  34.682896     8.3990    4.27969     34.963    32.9675    25.6194 0.0000e+00
 227.567413     34.715  34.694460     8.4515    4.30078     34.422    32.9308    25.5828 0.0000e+00
 227.567419     34.166  34.713636     8.5307    4.32878     33.878    32.8774    25.5289 0.0000e+00
 227.567425     33.620  34.741338     8.5992    4.33964     33.337    32.8430    25.4916 0.0000e+00
 227.567431     33.096  34.764629     8.6346    4.34025     32.817    32.8348    25.4798 0.0000e+00
 227.567436     32.593  34.776470     8.6490    4.31317     32.318    32.8340    25.4770 0.0000e+00
 227.567442     32.074  34.781457     8.6635    4.25735     31.804    32.8260    25.4685 0.0000e+00
 227.567448     31.518  34.788492     8.6956    4.20350     31.253    32.8039    25.4463 0.0000e+00
 227.567454     30.929  34.807519     8.7453    4.18331     30.669    32.7780    25.4184 0.0000e+00
 227.567459     30.317  34.837568     8.7977    4.20661     30.062    32.7612    25.3972 0.0000e+00
 227.567465     29.701  34.866587     8.8387    4.26300     29.451    32.7539    25.3852 0.0000e+00
 227.567471     29.104  34.885638     8.8628    4.37401     28.859    32.7518    25.3798 0.0000e+00
 227.567477     28.524  34.891555     8.8793    4.50845     28.284    32.7430    25.3703 0.0000e+00
 227.567483     27.960  34.887754     8.9011    4.66180     27.725    32.7192    25.3483 0.0000e+00
 227.567488     27.418  34.879269     8.9271    4.80344     27.187    32.6867    25.3188 0.0000e+00
 227.567494     26.898  34.869741     8.9490    4.88509     26.672    32.6568    25.2921 0.0000e+00
 227.567500     26.392  34.862171     8.9607    4.95443     26.170    32.6384    25.2758 0.0000e+00
 227.567506     25.895  34.859178     8.9664    5.04577     25.677    32.6303    25.2686 0.0000e+00
 227.567512     25.395  34.861822     8.9837    5.15671     25.182    32.6174    25.2558 0.0000e+00
 227.567517     24.879  34.868399     9.0294    5.28258     24.670    32.5826    25.2214 0.0000e+00
 227.567523     24.338  34.883194     9.1031    5.40789     24.133    32.5308    25.1694 0.0000e+00
 227.567529     23.777  34.912486     9.1944    5.50068     23.577    32.4780    25.1138 0.0000e+00
 227.567535     23.203  34.958344     9.2972    5.53082     23.008    32.4322    25.0617 0.0000e+00
 227.567541     22.622  35.019704     9.3999    5.52739     22.432    32.4025    25.0222 0.0000e+00
 227.567546     22.044  35.085905     9.4811    5.50496     21.859    32.3972    25.0051 0.0000e+00
 227.567552     21.488  35.138730     9.5262    5.48663     21.308    32.4108    25.0085 0.0000e+00
 227.567558     20.966  35.166790     9.5368    5.50551     20.790    32.4302    25.0219 0.0000e+00
 227.567564     20.469  35.170517     9.5302    5.54719     20.297    32.4402    25.0308 0.0000e+00
 227.567569     19.984  35.163860     9.5306    5.62160     19.816    32.4333    25.0253 0.0000e+00
 227.567575     19.496  35.165409     9.5556    5.71132     19.332    32.4125    25.0050 0.0000e+00
 227.567581     18.992  35.183956     9.6207    5.74941     18.833    32.3729    24.9636 0.0000e+00
 227.567587     18.465  35.234140     9.7271    5.72712     18.310    32.3286    24.9117 0.0000e+00
 227.567593     17.920  35.320652     9.8534    5.72111     17.770    32.3036    24.8715 0.0000e+00
 227.567598     17.362  35.418707     9.9938    5.81265     17.216    32.2776    24.8282 0.0000e+00
 227.567604     16.792  35.526208    10.1428    6.00170     16.651    32.2536    24.7847 0.0000e+00
 227.567610     16.218  35.643556    10.2595    6.21139     16.082    32.2682    24.7765 0.0000e+00
 227.567616     15.649  35.728225    10.3297    6.35246     15.518    32.2911    24.7826 0.0000e+00
 227.567622     15.098  35.772604    10.3898    6.38439     14.971    32.2825    24.7657 0.0000e+00
 227.567627     14.557  35.815705    10.5117    6.35126     14.435    32.2179    24.6946 0.0000e+00
 227.567633     14.015  35.909959    10.7790    6.36351     13.898    32.0766    24.5387 0.0000e+00
 227.567639     13.476  36.119372    11.1440    6.40153     13.363    31.9653    24.3882 0.0000e+00
 227.567645     12.959  36.396867    11.4042    6.46343     12.850    32.0119    24.3782 0.0000e+00
 227.567650     12.485  36.565269    11.4603    6.52672     12.380    32.1281    24.4583 0.0000e+00
 227.567656     12.057  36.575024    11.4474    6.57878     11.956    32.1490    24.4769 0.0000e+00
 227.567662     11.669  36.568157    11.5023    6.66524     11.571    32.0948    24.4249 0.0000e+00
 227.567668     11.309  36.624660    11.6062    6.71249     11.214    32.0600    24.3791 0.0000e+00
 227.567674     10.967  36.698180    11.7288    6.77932     10.875    32.0257    24.3301 0.0000e+00
 227.567679     10.639  36.767884    11.8778    6.82289     10.550    31.9652    24.2558 0.0000e+00
 227.567685     10.325  36.849915    12.0271    6.79914     10.239    31.9165    24.1905 0.0000e+00
 227.567691     10.034  36.930868    12.1563    6.77648      9.950    31.8841    24.1413 0.0000e+00
