data/oxygen options/ONMS/Olympic_Coast_National_Marine_Sanctuary_Hypoxia_Survey_CTD_Data_2004_2015/raw_data/2005/CTD_CA80_062205faed.cnv
* Sea-Bird SBE19 Data File:
* FileName = C:\hypoxia CTD data\CA90_062205.hex
* Software Version 1.1.5
* Temperature SN = 2997
* Conductivity SN = 2997
* System UpLoad Time = Jun 22 2005 16:32:51
* SEACAT PROFILER V3.1c SN 2997   06/22/05  16:32:17.924
* strain gauge pressure sensor: S/N = 184829,  range = 3000 psia,  tc = 40
# nquan = 9                                 
# nvalues = 756                         
# units = specified
# name 0 = timeJ: Julian Days
# name 1 = prSM: Pressure, Strain Gauge [db]
# name 2 = c0mS/cm: Conductivity [mS/cm]
# name 3 = t090C: Temperature [ITS-90, deg C]
# name 4 = oxML/L: Oxygen, Beckman/YSI [ml/l]
# name 5 = depSM: Depth [salt water, m], lat = 47.5
# name 6 = sal00: Salinity, Practical [PSU]
# name 7 = sigma-é00: Density [sigma-theta, kg/m^3]
# name 8 = flag: flag
# span 0 = 173.625035, 173.629404       
# span 1 =     -2.373,     80.745       
# span 2 =   6.674459,  38.009664       
# span 3 =     7.7834,    14.1156       
# span 4 =   -0.09885,   26.91302       
# span 5 =     -2.353,     80.055       
# span 6 =     6.7467,    33.6658       
# span 7 =     4.5227,    26.2570       
# span 8 = 0.0000e+00, 0.0000e+00       
# interval = seconds: 0.5
# start_time = Jun 22 2005 15:00:03 [Instrument's time stamp, header]
# bad_flag = -9.990e-29
*END*
[from data line 321]
 173.626892      3.217  37.970307    14.0798    6.86582      3.190    31.2619    23.2840 -9.990e-29
 173.626898      3.236  37.968499    14.0692    6.85772      3.209    31.2688    23.2915 -9.990e-29
 173.626904      3.247  37.961063    14.0571    6.83153      3.220    31.2718    23.2963 -9.990e-29
 173.626910      3.241  37.945382    14.0466    6.79207      3.214    31.2659    23.2939 -9.990e-29
 173.626916      3.223  37.931957    14.0369    6.76397      3.196    31.2615    23.2924 -9.990e-29
 173.626921      3.205  37.923084    14.0270    6.77681      3.178    31.2614    23.2944 -9.990e-29
 173.626927      3.202  37.913666    14.0083    6.82135      3.175    31.2680    23.3032 -9.990e-29
 173.626933      3.218  37.892275    13.9702    6.84916      3.191    31.2793    23.3197 -9.990e-29
 173.626939      3.242  37.848905    13.9215    6.85975      3.215    31.2790    23.3294 -9.990e-29
 173.626944      3.258  37.797517    13.8935    6.85443      3.231    31.2545    23.3162 -9.990e-29
 173.626950      3.258  37.769982    13.9055    6.84162      3.231    31.2195    23.2867 -9.990e-29
 173.626956      3.247  37.786221    13.9426    6.84206      3.220    31.2043    23.2674 -9.990e-29
 173.626962      3.237  37.834238    13.9756    6.84436      3.210    31.2216    23.2741 -9.990e-29
 173.626968      3.240  37.874876    13.9897    6.83832      3.213    31.2475    23.2912 -9.990e-29
 173.626973      3.256  37.886623    13.9928    6.84954      3.229    31.2557    23.2969 -9.990e-29
 173.626979      3.277  37.884595    13.9981    6.87114      3.250    31.2496    23.2911 -9.990e-29
 173.626985      3.293  37.887408    14.0074    6.87614      3.265    31.2446    23.2854 -9.990e-29
 173.626991      3.296  37.897134    14.0164    6.87033      3.268    31.2462    23.2848 -9.990e-29
 173.626997      3.290  37.908240    14.0271    6.86281      3.263    31.2477    23.2838 -9.990e-29
 173.627002      3.283  37.920401    14.0396    6.84754      3.256    31.2487    23.2820 -9.990e-29
 173.627008      3.284  37.933014    14.0472    6.85593      3.257    31.2541    23.2846 -9.990e-29
 173.627014      3.296  37.939910    14.0480    6.84792      3.268    31.2598    23.2888 -9.990e-29
 173.627020      3.316  37.938519    14.0477    6.83828      3.288    31.2587    23.2881 -9.990e-29
 173.627025      3.334  37.935966    14.0493    6.84111      3.306    31.2551    23.2850 -9.990e-29
 173.627031      3.340  37.936144    14.0514    6.84039      3.312    31.2535    23.2833 -9.990e-29
 173.627037      3.341  37.937050    14.0508    6.83464      3.313    31.2549    23.2845 -9.990e-29
 173.627043      3.340  37.935974    14.0427    6.83492      3.312    31.2605    23.2904 -9.990e-29
 173.627049      3.337  37.928126    14.0293    6.84462      3.309    31.2641    23.2960 -9.990e-29
 173.627054      3.332  37.914263    14.0212    6.84729      3.304    31.2580    23.2929 -9.990e-29
 173.627060      3.324  37.905631    14.0224    6.84150      3.296    31.2491    23.2858 -9.990e-29
 173.627066      3.314  37.907548    14.0277    6.81994      3.286    31.2466    23.2828 -9.990e-29
 173.627072      3.301  37.913601    14.0344    6.80201      3.273    31.2467    23.2815 -9.990e-29
 173.627078      3.292  37.921214    14.0373    6.80568      3.264    31.2513    23.2845 -9.990e-29
 173.627083      3.299  37.924842    14.0283    6.81975      3.271    31.2619    23.2945 -9.990e-29
 173.627089      3.323  37.916995    14.0086    6.82736      3.295    31.2707    23.3053 -9.990e-29
 173.627095      3.353  37.898434    13.9921    6.82464      3.325    31.2671    23.3059 -9.990e-29
 173.627101      3.373  37.881428    13.9873    6.82984      3.345    31.2554    23.2978 -9.990e-29
 173.627106      3.377  37.875832    13.9864    6.83913      3.349    31.2510    23.2946 -9.990e-29
 173.627112      3.368  37.873065    13.9830    6.85302      3.340    31.2512    23.2954 -9.990e-29
 173.627118      3.355  37.867763    13.9825    6.83958      3.327    31.2467    23.2921 -9.990e-29
 173.627124      3.342  37.868568    13.9923    6.83053      3.314    31.2395    23.2846 -9.990e-29
 173.627130      3.326  37.883851    14.0042    6.81535      3.298    31.2439    23.2855 -9.990e-29
 173.627135      3.312  37.905391    14.0053    6.80422      3.284    31.2628    23.2998 -9.990e-29
 173.627141      3.312  37.916489    13.9982    6.80668      3.284    31.2787    23.3136 -9.990e-29
 173.627147      3.330  37.914008    13.9931    6.79958      3.302    31.2806    23.3161 -9.990e-29
 173.627153      3.353  37.904737    13.9928    6.80306      3.325    31.2723    23.3098 -9.990e-29
 173.627159      3.372  37.894256    13.9900    6.81899      3.344    31.2650    23.3046 -9.990e-29
 173.627164      3.382  37.882038    13.9815    6.83346      3.354    31.2606    23.3030 -9.990e-29
 173.627170      3.388  37.868049    13.9744    6.85586      3.360    31.2536    23.2990 -9.990e-29
 173.627176      3.392  37.858865    13.9734    6.87579      3.364    31.2459    23.2933 -9.990e-29
 173.627182      3.385  37.857373    13.9801    6.85439      3.357    31.2391    23.2867 -9.990e-29
 173.627187      3.362  37.864378    13.9977    6.82303      3.334    31.2313    23.2771 -9.990e-29
 173.627193      3.329  37.884723    14.0239    6.80834      3.301    31.2287    23.2698 -9.990e-29
 173.627199      3.308  37.916365    14.0455    6.81435      3.280    31.2402    23.2743 -9.990e-29
 173.627205      3.312  37.941482    14.0492    6.83496      3.284    31.2602    23.2889 -9.990e-29
 173.627211      3.338  37.941402    14.0358    6.84469      3.310    31.2710    23.3000 -9.990e-29
 173.627216      3.371  37.920503    14.0203    6.84606      3.343    31.2644    23.2981 -9.990e-29
 173.627222      3.400  37.900824    14.0192    6.83465      3.372    31.2473    23.2851 -9.990e-29
 173.627228      3.418  37.899296    14.0328    6.84559      3.389    31.2348    23.2727 -9.990e-29
 173.627234      3.426  37.915552    14.0482    6.85168      3.397    31.2372    23.2714 -9.990e-29
 173.627240      3.438  37.933683    14.0557    6.86329      3.409    31.2478    23.2780 -9.990e-29
 173.627245      3.463  37.941404    14.0565    6.87380      3.434    31.2542    23.2828 -9.990e-29
 173.627251      3.503  37.941716    14.0543    6.87081      3.474    31.2562    23.2848 -9.990e-29
 173.627257      3.564  37.939516    14.0500    6.83148      3.534    31.2577    23.2868 -9.990e-29
 173.627263      3.655  37.935226    14.0434    6.80131      3.624    31.2591    23.2892 -9.990e-29
 173.627269      3.776  37.927042    14.0368    6.75834      3.744    31.2569    23.2889 -9.990e-29
 173.627274      3.928  37.919745    14.0333    6.76223      3.895    31.2530    23.2866 0.0000e+00
 173.627280      4.116  37.920423    14.0215    6.82634      4.082    31.2631    23.2968 0.0000e+00
 173.627286      4.346  37.914266    13.9766    6.90806      4.310    31.2939    23.3297 0.0000e+00
 173.627292      4.622  37.872866    13.9010    6.99910      4.583    31.3172    23.3631 0.0000e+00
 173.627297      4.939  37.807754    13.8372    7.11226      4.898    31.3092    23.3698 0.0000e+00
 173.627303      5.287  37.774547    13.8093    7.24705      5.243    31.3012    23.3693 0.0000e+00
 173.627309      5.660  37.791753    13.7993    7.34947      5.613    31.3251    23.3897 0.0000e+00
 173.627315      6.058  37.823964    13.7822    7.40356      6.007    31.3686    23.4268 0.0000e+00
 173.627321      6.491  37.837282    13.7484    7.22278      6.437    31.4084    23.4643 0.0000e+00
 173.627326      6.960  37.825341    13.6992    6.89813      6.902    31.4375    23.4967 0.0000e+00
 173.627332      7.457  37.794081    13.6403    6.55709      7.395    31.4568    23.5234 0.0000e+00
 173.627338      7.975  37.750036    13.5738    6.27522      7.908    31.4705    23.5473 0.0000e+00
 173.627344      8.508  37.700074    13.4697    6.25869      8.437    31.5097    23.5984 0.0000e+00
 173.627350      9.044  37.618498    13.2594    6.30981      8.968    31.6075    23.7156 0.0000e+00
 173.627355      9.569  37.431850    12.9323    6.36600      9.489    31.7050    23.8550 0.0000e+00
 173.627361     10.078  37.122293    12.5982    6.30361      9.994    31.6925    23.9095 0.0000e+00
 173.627367     10.566  36.807534    12.3977    6.12912     10.478    31.5615    23.8460 0.0000e+00
 173.627373     11.021  36.613990    12.4273    5.96207     10.929    31.3522    23.6782 0.0000e+00
 173.627378     11.437  36.644625    12.5964    5.81023     11.341    31.2404    23.5597 0.0000e+00
 173.627384     11.829  36.826954    12.6302    5.68125     11.730    31.3849    23.6652 0.0000e+00
 173.627390     12.224  36.859620    12.3853    5.55136     12.122    31.6210    23.8945 0.0000e+00
 173.627396     12.649  36.615778    11.9782    5.47169     12.543    31.7317    24.0562 0.0000e+00
 173.627402     13.114  36.243570    11.6285    5.45205     13.004    31.6696    24.0719 0.0000e+00
 173.627407     13.613  35.957626    11.4337    5.44302     13.499    31.5574    24.0198 0.0000e+00
 173.627413     14.136  35.823452    11.3457    5.46347     14.018    31.5013    23.9919 0.0000e+00
 173.627419     14.673  35.769158    11.3045    5.48351     14.550    31.4831    23.9851 0.0000e+00
 173.627425     15.216  35.745301    11.2812    5.50699     15.088    31.4795    23.9864 0.0000e+00
 173.627431     15.761  35.734070    11.2675    5.52767     15.629    31.4800    23.9892 0.0000e+00
 173.627436     16.304  35.731692    11.2628    5.54086     16.167    31.4814    23.9911 0.0000e+00
 173.627442     16.837  35.736664    11.2657    5.56020     16.696    31.4836    23.9923 0.0000e+00
 173.627448     17.359  35.744949    11.2709    5.60252     17.213    31.4870    23.9941 0.0000e+00
 173.627454     17.879  35.751325    11.2760    5.65809     17.729    31.4887    23.9945 0.0000e+00
 173.627459     18.403  35.758116    11.2867    5.72000     18.249    31.4860    23.9905 0.0000e+00
 173.627465     18.940  35.774929    11.3071    5.75863     18.781    31.4848    23.9860 0.0000e+00
 173.627471     19.494  35.805672    11.3350    5.73936     19.330    31.4909    23.9858 0.0000e+00
 173.627477     20.056  35.847034    11.3684    5.69014     19.888    31.5025    23.9889 0.0000e+00
 173.627483     20.617  35.896410    11.4078    5.65123     20.444    31.5169    23.9931 0.0000e+00
 173.627488     21.177  35.959640    11.4458    5.61030     20.999    31.5459    24.0089 0.0000e+00
 173.627494     21.738  36.040852    11.4561    5.60603     21.555    31.6161    24.0615 0.0000e+00
 173.627500     22.289  36.116568    11.4119    5.65228     22.102    31.7276    24.1561 0.0000e+00
 173.627506     22.818  36.147572    11.3243    5.74993     22.626    31.8330    24.2537 0.0000e+00
 173.627512     23.319  36.137070    11.2373    5.88092     23.123    31.8977    24.3194 0.0000e+00
 173.627517     23.796  36.131034    11.1858    5.96972     23.596    31.9362    24.3584 0.0000e+00
 173.627523     24.252  36.156709    11.1737    5.98972     24.048    31.9717    24.3882 0.0000e+00
 173.627529     24.686  36.203446    11.1786    5.99965     24.479    32.0132    24.4196 0.0000e+00
 173.627535     25.102  36.239910    11.1788    5.96095     24.891    32.0487    24.4472 0.0000e+00
 173.627541     25.511  36.250231    11.1618    5.92848     25.297    32.0735    24.4695 0.0000e+00
 173.627546     25.928  36.244799    11.1138    5.91850     25.710    32.1098    24.5062 0.0000e+00
 173.627552     26.358  36.225337    11.0335    5.94396     26.136    32.1607    24.5599 0.0000e+00
 173.627558     26.797  36.182145    10.9443    6.02867     26.572    32.1960    24.6031 0.0000e+00
 173.627564     27.241  36.131624    10.8723    6.12539     27.012    32.2090    24.6258 0.0000e+00
 173.627569     27.682  36.102825    10.8270    6.22272     27.449    32.2201    24.6423 0.0000e+00
 173.627575     28.116  36.100494    10.8047    6.32155     27.879    32.2372    24.6595 0.0000e+00
 173.627581     28.538  36.108604    10.7934    6.41667     28.298    32.2551    24.6754 0.0000e+00
 173.627587     28.956  36.111600    10.7760    6.47787     28.712    32.2732    24.6925 0.0000e+00
 173.627593     29.379  36.111224    10.7433    6.49170     29.132    32.3015    24.7202 0.0000e+00
 173.627598     29.811  36.108645    10.7025    6.44158     29.560    32.3348    24.7532 0.0000e+00
 173.627604     30.255  36.095369    10.6568    6.33811     30.000    32.3619    24.7822 0.0000e+00
 173.627610     30.710  36.066014    10.5933    6.23020     30.451    32.3888    24.8140 0.0000e+00
 173.627616     31.173  36.016184    10.5014    6.14427     30.910    32.4204    24.8545 0.0000e+00
 173.627622     31.654  35.939976    10.3921    6.08802     31.387    32.4413    24.8893 0.0000e+00
 173.627627     32.157  35.846212    10.2914    6.05992     31.886    32.4368    24.9029 0.0000e+00
 173.627633     32.681  35.762348    10.2161    6.07392     32.406    32.4194    24.9020 0.0000e+00
 173.627639     33.219  35.706045    10.1673    6.08428     32.939    32.4060    24.8998 0.0000e+00
 173.627645     33.764  35.674526    10.1384    6.10603     33.479    32.3999    24.8998 0.0000e+00
 173.627650     34.308  35.658262    10.1202    6.16378     34.019    32.3995    24.9026 0.0000e+00
 173.627656     34.842  35.648444    10.1002    6.22503     34.548    32.4072    24.9120 0.0000e+00
 173.627662     35.362  35.634768    10.0712    6.26774     35.064    32.4192    24.9261 0.0000e+00
 173.627668     35.863  35.611883    10.0407    6.27203     35.561    32.4231    24.9343 0.0000e+00
 173.627674     36.333  35.588507    10.0245    6.25010     36.027    32.4138    24.9297 0.0000e+00
 173.627679     36.769  35.576064    10.0299    6.22178     36.459    32.3962    24.9151 0.0000e+00
 173.627685     37.180  35.579252    10.0399    6.21045     36.866    32.3903    24.9088 0.0000e+00
 173.627691     37.594  35.586609    10.0248    6.21429     37.277    32.4111    24.9275 0.0000e+00
 173.627697     38.033  35.572061     9.9759    6.22628     37.712    32.4400    24.9582 0.0000e+00
 173.627703     38.497  35.529660     9.9107    6.22707     38.172    32.4554    24.9810 0.0000e+00
 173.627708     38.988  35.478546     9.8473    6.21672     38.659    32.4603    24.9953 0.0000e+00
 173.627714     39.502  35.431840     9.7889    6.22785     39.169    32.4652    25.0087 0.0000e+00
 173.627720     40.029  35.388913     9.7309    6.21595     39.691    32.4735    25.0247 0.0000e+00
 173.627726     40.565  35.345766     9.6706    6.22028     40.222    32.4837    25.0424 0.0000e+00
 173.627731     41.109  35.298669     9.6088    6.24671     40.762    32.4912    25.0583 0.0000e+00
 173.627737     41.657  35.248717     9.5444    6.27311     41.305    32.4982    25.0741 0.0000e+00
 173.627743     42.197  35.198240     9.4769    6.29240     41.841    32.5074    25.0922 0.0000e+00
 173.627749     42.717  35.146065     9.4182    6.28369     42.356    32.5068    25.1012 0.0000e+00
 173.627755     43.211  35.101088     9.3900    6.25977     42.846    32.4860    25.0894 0.0000e+00
 173.627760     43.681  35.081800     9.3928    6.25002     43.312    32.4634    25.0713 0.0000e+00
 173.627766     44.136  35.086007     9.3939    6.24458     43.763    32.4665    25.0736 0.0000e+00
 173.627772     44.590  35.082867     9.3693    6.21231     44.213    32.4854    25.0923 0.0000e+00
 173.627778     45.062  35.058098     9.3275    6.20441     44.681    32.4977    25.1085 0.0000e+00
 173.627784     45.554  35.027999     9.2850    6.19621     45.169    32.5051    25.1210 0.0000e+00
 173.627789     46.064  35.003438     9.2455    6.20007     45.674    32.5155    25.1354 0.0000e+00
 173.627795     46.585  34.979678     9.2051    6.19489     46.191    32.5275    25.1512 0.0000e+00
 173.627801     47.105  34.951930     9.1678    6.17468     46.707    32.5327    25.1611 0.0000e+00
 173.627807     47.614  34.925222     9.1421    6.15366     47.211    32.5283    25.1617 0.0000e+00
