data/oxygen options/ONMS/Olympic_Coast_National_Marine_Sanctuary_Hypoxia_Survey_CTD_Data_2004_2015/raw_data/2005/CTD_TH35_081505faed.cnv
* Sea-Bird SBE19 Data File:
* FileName = C:\Hypoxia Data\TH35_081505.hex
* Software Version 1.1.6
* Temperature SN = 2997
* Conductivity SN = 2997
* System UpLoad Time = Aug 15 2005 18:33:18
* SEACAT PROFILER V3.1c SN 2997   08/15/05  18:32:28.215
* strain gauge pressure sensor: S/N = 184829,  range = 3000 psia,  tc = 40
# nquan = 9                                 
# nvalues = 578                         
# units = specified
# name 0 = timeJ: Julian Days
# name 1 = prSM: Pressure, Strain Gauge [db]
# name 2 = c0mS/cm: Conductivity [mS/cm]
# name 3 = t090C: Temperature [ITS-90, deg C]
# name 4 = oxML/L: Oxygen, Beckman/YSI [ml/l]
# name 5 = depSM: Depth [salt water, m], lat = 47.5
# name 6 = sal00: Salinity, Practical [PSU]
# name 7 = sigma-é00: Density [sigma-theta, kg/m^3]
# name 8 = flag: flag
# span 0 = 227.743657, 227.746997       
# span 1 =     -3.372,     36.650       
# span 2 =   0.616363,  36.963518       
# span 3 =     7.5362,    12.7833       
# span 4 =   -0.12323,   29.39188       
# span 5 =     -3.344,     36.341       
# span 6 =     0.3970,    33.6461       
# span 7 =    -0.2798,    26.2779       
# span 8 = 0.0000e+00, 0.0000e+00       
# interval = seconds: 0.5
# start_time = Aug 15 2005 17:50:52 [Instrument's time stamp, header]
# bad_flag = -9.990e-29
*END*
[from data line 161]
 227.744589      2.435  36.348423    11.3748    6.12133      2.415    31.9944    24.3696 -9.990e-29
 227.744595      2.425  36.413591    11.4402    6.11470      2.405    32.0015    24.3634 -9.990e-29
 227.744601      2.423  36.482652    11.4571    6.10900      2.403    32.0543    24.4014 -9.990e-29
 227.744606      2.438  36.486771    11.4030    6.09314      2.418    32.1053    24.4507 -9.990e-29
 227.744612      2.463  36.426409    11.3121    6.08408      2.442    32.1252    24.4825 -9.990e-29
 227.744618      2.485  36.341643    11.2495    6.06669      2.464    32.0966    24.4714 -9.990e-29
 227.744624      2.502  36.288213    11.2497    6.05619      2.481    32.0439    24.4304 -9.990e-29
 227.744630      2.516  36.289619    11.2991    6.07396      2.495    32.0024    24.3893 -9.990e-29
 227.744635      2.527  36.330335    11.3494    6.08096      2.506    31.9986    24.3775 -9.990e-29
 227.744641      2.535  36.370449    11.3496    6.08122      2.514    32.0378    24.4078 -9.990e-29
 227.744647      2.542  36.365328    11.3044    6.07952      2.521    32.0720    24.4425 -9.990e-29
 227.744653      2.547  36.324417    11.2698    6.04970      2.526    32.0620    24.4409 -9.990e-29
 227.744659      2.552  36.301384    11.2745    6.04267      2.531    32.0353    24.4193 -9.990e-29
 227.744664      2.555  36.313165    11.2925    6.03398      2.534    32.0312    24.4129 -9.990e-29
 227.744670      2.559  36.331159    11.2925    6.03620      2.538    32.0488    24.4266 -9.990e-29
 227.744676      2.566  36.335063    11.2661    6.02707      2.545    32.0756    24.4521 -9.990e-29
 227.744682      2.582  36.315507    11.2340    5.99897      2.560    32.0843    24.4646 -9.990e-29
 227.744688      2.600  36.285667    11.2252    5.99338      2.578    32.0627    24.4494 -9.990e-29
 227.744693      2.611  36.276395    11.2350    5.99236      2.589    32.0450    24.4339 -9.990e-29
 227.744699      2.621  36.287093    11.2378    6.00658      2.599    32.0531    24.4397 -9.990e-29
 227.744705      2.635  36.294453    11.2220    6.01762      2.613    32.0741    24.4588 -9.990e-29
 227.744711      2.650  36.284740    11.2030    6.00987      2.628    32.0811    24.4676 -9.990e-29
 227.744716      2.657  36.266308    11.2013    6.00632      2.635    32.0644    24.4550 -9.990e-29
 227.744722      2.657  36.258310    11.2138    5.98960      2.635    32.0457    24.4382 -9.990e-29
 227.744728      2.659  36.264094    11.2278    5.97676      2.637    32.0392    24.4306 -9.990e-29
 227.744734      2.668  36.275109    11.2303    5.96211      2.646    32.0478    24.4369 -9.990e-29
 227.744740      2.678  36.277445    11.2140    5.94316      2.656    32.0643    24.4526 -9.990e-29
 227.744745      2.684  36.264687    11.1890    5.93906      2.662    32.0736    24.4642 -9.990e-29
 227.744751      2.680  36.245615    11.1660    5.92445      2.658    32.0748    24.4693 -9.990e-29
 227.744757      2.671  36.227313    11.1476    5.91524      2.649    32.0729    24.4710 -9.990e-29
 227.744763      2.664  36.212286    11.1348    5.91115      2.642    32.0692    24.4705 -9.990e-29
 227.744769      2.664  36.203481    11.1299    5.91795      2.642    32.0648    24.4679 -9.990e-29
 227.744774      2.670  36.203171    11.1303    5.92195      2.648    32.0642    24.4673 -9.990e-29
 227.744780      2.684  36.207012    11.1265    5.92794      2.662    32.0713    24.4735 -9.990e-29
 227.744786      2.705  36.204423    11.1170    5.92312      2.682    32.0770    24.4796 -9.990e-29
 227.744792      2.730  36.193633    11.1140    5.92174      2.707    32.0690    24.4739 -9.990e-29
 227.744797      2.754  36.188289    11.1255    5.91835      2.731    32.0537    24.4600 -9.990e-29
 227.744803      2.773  36.197517    11.1424    5.91438      2.750    32.0480    24.4526 -9.990e-29
 227.744809      2.788  36.212871    11.1483    5.91836      2.765    32.0580    24.4593 -9.990e-29
 227.744815      2.800  36.219499    11.1354    5.91272      2.777    32.0758    24.4754 -9.990e-29
 227.744821      2.810  36.209420    11.1133    5.90180      2.787    32.0851    24.4866 -9.990e-29
 227.744826      2.819  36.188818    11.1020    5.90440      2.795    32.0747    24.4805 -9.990e-29
 227.744832      2.827  36.177881    11.1083    5.89444      2.803    32.0584    24.4667 -9.990e-29
 227.744838      2.835  36.185566    11.1178    5.88808      2.811    32.0577    24.4645 -9.990e-29
 227.744844      2.843  36.195762    11.1154    5.87842      2.819    32.0698    24.4743 -9.990e-29
 227.744850      2.852  36.192907    11.1032    5.86326      2.828    32.0776    24.4826 -9.990e-29
 227.744855      2.863  36.180484    11.0941    5.86204      2.839    32.0733    24.4808 -9.990e-29
 227.744861      2.875  36.172765    11.0924    5.88146      2.851    32.0672    24.4764 -9.990e-29
 227.744867      2.890  36.172909    11.0901    5.90592      2.866    32.0693    24.4784 -9.990e-29
 227.744873      2.909  36.171011    11.0824    5.92901      2.885    32.0742    24.4836 -9.990e-29
 227.744878      2.929  36.163417    11.0770    5.92570      2.905    32.0714    24.4823 -9.990e-29
 227.744884      2.942  36.157941    11.0868    5.91627      2.917    32.0574    24.4698 -9.990e-29
 227.744890      2.945  36.166339    11.1154    5.90768      2.920    32.0408    24.4518 -9.990e-29
 227.744896      2.943  36.191394    11.1459    5.90274      2.918    32.0389    24.4449 -9.990e-29
 227.744902      2.943  36.218290    11.1534    5.87725      2.918    32.0588    24.4591 -9.990e-29
 227.744907      2.951  36.223456    11.1343    5.86952      2.926    32.0805    24.4794 -9.990e-29
 227.744913      2.966  36.203695    11.1094    5.87434      2.941    32.0828    24.4855 -9.990e-29
 227.744919      2.985  36.182000    11.0905    5.88712      2.960    32.0779    24.4850 -9.990e-29
 227.744925      3.002  36.168686    11.0750    5.90541      2.977    32.0783    24.4881 -9.990e-29
 227.744931      3.012  36.158327    11.0675    5.90074      2.987    32.0746    24.4865 -9.990e-29
 227.744936      3.017  36.153365    11.0816    5.90761      2.992    32.0574    24.4707 -9.990e-29
 227.744942      3.017  36.165124    11.1164    5.89720      2.992    32.0387    24.4500 -9.990e-29
 227.744948      3.016  36.193575    11.1524    5.90438      2.991    32.0353    24.4410 -9.990e-29
 227.744954      3.022  36.221705    11.1683    5.90499      2.997    32.0492    24.4489 -9.990e-29
 227.744959      3.036  36.235438    11.1489    5.89636      3.011    32.0796    24.4760 -9.990e-29
 227.744965      3.050  36.219451    11.1103    5.89197      3.025    32.0975    24.4968 -9.990e-29
 227.744971      3.061  36.183268    11.0961    5.89098      3.035    32.0742    24.4812 -9.990e-29
 227.744977      3.065  36.168911    11.1194    5.89879      3.039    32.0398    24.4503 -9.990e-29
 227.744983      3.059  36.190866    11.1446    5.87768      3.033    32.0395    24.4456 -9.990e-29
 227.744988      3.050  36.213916    11.1437    5.85970      3.025    32.0629    24.4640 -9.990e-29
 227.744994      3.051  36.210486    11.1263    5.83776      3.026    32.0747    24.4762 -9.990e-29
 227.745000      3.066  36.195634    11.1030    5.83247      3.040    32.0804    24.4848 -9.990e-29
 227.745006      3.092  36.178712    11.0759    5.85109      3.066    32.0874    24.4950 -9.990e-29
 227.745012      3.117  36.156774    11.0549    5.85259      3.091    32.0841    24.4961 -9.990e-29
 227.745017      3.130  36.139813    11.0516    5.86514      3.104    32.0702    24.4859 -9.990e-29
 227.745023      3.133  36.138846    11.0635    5.87203      3.107    32.0589    24.4750 -9.990e-29
 227.745029      3.133  36.150336    11.0793    5.86901      3.107    32.0564    24.4703 -9.990e-29
 227.745035      3.136  36.162124    11.0972    5.87844      3.110    32.0524    24.4640 -9.990e-29
 227.745041      3.141  36.173668    11.1173    5.88144      3.115    32.0463    24.4557 -9.990e-29
 227.745046      3.149  36.188026    11.1267    5.89614      3.123    32.0522    24.4587 -9.990e-29
 227.745052      3.160  36.195184    11.1184    5.90092      3.134    32.0665    24.4712 -9.990e-29
 227.745058      3.175  36.187305    11.1082    5.90907      3.148    32.0676    24.4739 -9.990e-29
 227.745064      3.190  36.176312    11.1117    5.91195      3.163    32.0537    24.4625 -9.990e-29
 227.745069      3.199  36.177261    11.1257    5.89062      3.172    32.0425    24.4513 -9.990e-29
 227.745075      3.196  36.188610    11.1422    5.86808      3.169    32.0393    24.4459 -9.990e-29
 227.745081      3.187  36.201942    11.1528    5.84819      3.160    32.0432    24.4470 -9.990e-29
 227.745087      3.179  36.210361    11.1424    5.83210      3.152    32.0605    24.4623 -9.990e-29
 227.745093      3.177  36.202104    11.1081    5.83248      3.150    32.0823    24.4853 -9.990e-29
 227.745098      3.179  36.175134    11.0714    5.80676      3.152    32.0877    24.4960 -9.990e-29
 227.745104      3.182  36.148436    11.0532    5.78092      3.155    32.0773    24.4911 -9.990e-29
 227.745110      3.178  36.136868    11.0563    5.79549      3.151    32.0632    24.4796 -9.990e-29
 227.745116      3.166  36.140696    11.0743    5.85111      3.140    32.0513    24.4672 -9.990e-29
 227.745122      3.158  36.157169    11.0952    5.90642      3.132    32.0493    24.4619 -9.990e-29
 227.745127      3.162  36.175732    11.1041    5.95597      3.136    32.0598    24.4686 -9.990e-29
 227.745133      3.175  36.180766    11.1072    5.96314      3.148    32.0620    24.4698 -9.990e-29
 227.745139      3.188  36.178988    11.1284    5.96329      3.161    32.0418    24.4503 -9.990e-29
 227.745145      3.198  36.193258    11.1845    6.00661      3.171    32.0070    24.4133 -9.990e-29
 227.745150      3.210  36.236989    11.2738    6.09005      3.183    31.9724    24.3706 -9.990e-29
 227.745156      3.229  36.312979    11.3538    6.18657      3.202    31.9776    24.3603 -9.990e-29
 227.745162      3.252  36.384059    11.3699    6.26119      3.225    32.0332    24.4006 -9.990e-29
 227.745168      3.272  36.393621    11.3480    6.27970      3.245    32.0615    24.4266 -9.990e-29
 227.745174      3.282  36.372937    11.3720    6.26136      3.255    32.0204    24.3904 -9.990e-29
 227.745179      3.278  36.399843    11.4648    6.21437      3.251    31.9664    24.3317 -9.990e-29
 227.745185      3.268  36.486088    11.5709    6.15115      3.241    31.9589    24.3068 -9.990e-29
 227.745191      3.265  36.577884    11.6282    6.11048      3.238    31.9988    24.3274 -9.990e-29
 227.745197      3.272  36.620450    11.6194    6.10916      3.245    32.0478    24.3670 -9.990e-29
 227.745203      3.290  36.607199    11.5467    6.09322      3.263    32.0978    24.4191 -9.990e-29
 227.745208      3.316  36.536735    11.4306    6.08510      3.288    32.1298    24.4648 -9.990e-29
 227.745214      3.339  36.427813    11.3410    6.03134      3.311    32.1011    24.4586 -9.990e-29
 227.745220      3.348  36.352192    11.3349    5.98957      3.320    32.0323    24.4062 -9.990e-29
 227.745226      3.342  36.355926    11.3860    5.95563      3.314    31.9916    24.3655 -9.990e-29
 227.745231      3.330  36.406405    11.4353    5.91833      3.302    31.9983    24.3618 -9.990e-29
 227.745237      3.320  36.440846    11.4445    5.90078      3.292    32.0240    24.3801 -9.990e-29
 227.745243      3.320  36.432288    11.3786    5.88033      3.292    32.0728    24.4299 -9.990e-29
 227.745249      3.329  36.368211    11.2602    5.85582      3.301    32.1130    24.4822 -9.990e-29
 227.745255      3.341  36.271965    11.1754    5.85716      3.313    32.0923    24.4812 -9.990e-29
 227.745260      3.350  36.216506    11.1598    5.84941      3.322    32.0513    24.4521 -9.990e-29
 227.745266      3.359  36.219816    11.1797    5.83880      3.331    32.0372    24.4377 -9.990e-29
 227.745272      3.367  36.239190    11.1966    5.81260      3.339    32.0416    24.4380 -9.990e-29
 227.745278      3.375  36.249436    11.2028    5.76666      3.347    32.0463    24.4406 -9.990e-29
 227.745284      3.383  36.255810    11.1904    5.73064      3.355    32.0633    24.4560 -9.990e-29
 227.745289      3.396  36.249429    11.1445    5.69611      3.368    32.0970    24.4904 -9.990e-29
 227.745295      3.420  36.211694    11.0862    5.71436      3.391    32.1107    24.5113 -9.990e-29
 227.745301      3.447  36.162382    11.0514    5.81020      3.418    32.0925    24.5033 -9.990e-29
 227.745307      3.467  36.134416    11.0477    5.93722      3.438    32.0681    24.4850 -9.990e-29
 227.745313      3.476  36.130302    11.0614    6.02942      3.447    32.0521    24.4701 -9.990e-29
 227.745318      3.475  36.139501    11.0884    6.09938      3.446    32.0377    24.4541 -9.990e-29
 227.745324      3.467  36.165306    11.1571    6.09589      3.438    32.0033    24.4152 -9.990e-29
 227.745330      3.462  36.238762    11.2723    6.03223      3.433    31.9754    24.3731 -9.990e-29
 227.745336      3.462  36.352953    11.3786    5.95092      3.433    31.9951    24.3695 -9.990e-29
 227.745341      3.469  36.443145    11.4347    5.92289      3.440    32.0347    24.3902 -9.990e-29
 227.745347      3.482  36.489996    11.4318    5.92658      3.453    32.0830    24.4282 -9.990e-29
 227.745353      3.502  36.509451    11.3529    5.96127      3.473    32.1706    24.5105 -9.990e-29
 227.745359      3.522  36.451199    11.2210    5.99330      3.493    32.2286    24.5792 -9.990e-29
 227.745365      3.531  36.307095    11.1282    5.99826      3.502    32.1680    24.5485 -9.990e-29
 227.745370      3.529  36.207403    11.1260    5.98220      3.500    32.0717    24.4740 -9.990e-29
 227.745376      3.520  36.207575    11.1987    5.94866      3.491    32.0086    24.4121 -9.990e-29
 227.745382      3.508  36.271371    11.3201    5.91171      3.479    31.9659    24.3572 -9.990e-29
 227.745388      3.500  36.381802    11.4074    5.87787      3.471    31.9984    24.3669 -9.990e-29
 227.745394      3.501  36.450056    11.3660    5.81891      3.472    32.1011    24.4541 -9.990e-29
 227.745399      3.510  36.391096    11.2345    5.74583      3.481    32.1578    24.5217 -9.990e-29
 227.745405      3.524  36.269318    11.1200    5.70903      3.495    32.1380    24.5265 -9.990e-29
 227.745411      3.535  36.178593    11.0640    5.72063      3.505    32.0975    24.5049 -9.990e-29
 227.745417      3.540  36.139782    11.0488    5.76659      3.510    32.0724    24.4881 -9.990e-29
 227.745422      3.543  36.135315    11.0424    5.80786      3.513    32.0736    24.4902 -9.990e-29
 227.745428      3.553  36.133997    11.0299    5.82328      3.523    32.0832    24.4999 -9.990e-29
 227.745434      3.566  36.122857    11.0271    5.82818      3.536    32.0747    24.4937 -9.990e-29
 227.745440      3.570  36.117879    11.0553    5.83697      3.540    32.0452    24.4658 -9.990e-29
 227.745446      3.566  36.135967    11.1166    5.83553      3.536    32.0096    24.4273 -9.990e-29
 227.745451      3.562  36.188339    11.1715    5.83328      3.532    32.0133    24.4205 -9.990e-29
 227.745457      3.562  36.246142    11.1661    5.81981      3.532    32.0749    24.4694 -9.990e-29
 227.745463      3.561  36.243475    11.1148    5.79916      3.531    32.1170    24.5112 -9.990e-29
 227.745469      3.555  36.190816    11.0732    5.78392      3.525    32.1015    24.5064 -9.990e-29
 227.745475      3.549  36.152518    11.0600    5.75903      3.519    32.0752    24.4883 -9.990e-29
 227.745480      3.549  36.142546    11.0598    5.73901      3.519    32.0656    24.4809 -9.990e-29
 227.745486      3.561  36.142547    11.0536    5.72230      3.531    32.0710    24.4861 -9.990e-29
 227.745492      3.586  36.139065    11.0333    5.70746      3.556    32.0853    24.5008 -9.990e-29
 227.745498      3.620  36.124096    11.0091    5.70982      3.590    32.0916    24.5100 -9.990e-29
 227.745503      3.653  36.105712    10.9937    5.72612      3.622    32.0869    24.5091 -9.990e-29
