data/oxygen options/ONMS/Olympic_Coast_National_Marine_Sanctuary_Hypoxia_Survey_CTD_Data_2004_2015/raw_data/2005/CTD_TH80_060705faed.cnv
* Sea-Bird SBE19 Data File:
* FileName = C:\hypoxia CTD data\TH80_060705.hex
* Software Version 1.1.5
* Temperature SN = 2997
* Conductivity SN = 2997
* System UpLoad Time = Jun 07 2005 12:43:55
* SEACAT PROFILER V3.1c SN 2997   06/07/05  12:42:57.071
* strain gauge pressure sensor: S/N = 184829,  range = 3000 psia,  tc = 40
# nquan = 9                                 
# nvalues = 1375                        
# units = specified
# name 0 = timeJ: Julian Days
# name 1 = prSM: Pressure, Strain Gauge [db]
# name 2 = c0mS/cm: Conductivity [mS/cm]
# name 3 = t090C: Temperature [ITS-90, deg C]
# name 4 = oxML/L: Oxygen, Beckman/YSI [ml/l]
# name 5 = depSM: Depth [salt water, m], lat = 47.5
# name 6 = sal00: Salinity, Practical [PSU]
# name 7 = sigma-é00: Density [sigma-theta, kg/m^3]
# name 8 = flag: flag
# span 0 = 158.484977, 158.492928       
# span 1 =     -3.867,     81.663       
# span 2 =   0.239385,  37.142785       
# span 3 =     7.7164,    13.4235       
# span 4 =   -0.12281,   26.84851       
# span 5 =     -3.835,     80.965       
# span 6 =     0.1497,    33.6893       
# span 7 =    -0.4978,    26.2870       
# span 8 = 0.0000e+00, 0.0000e+00       
# interval = seconds: 0.5
# start_time = Jun 07 2005 11:38:22 [Instrument's time stamp, header]
# bad_flag = -9.990e-29
*END*
[from data line 1281]
 158.492390     21.621  35.121584    10.5243    5.37018     21.439    31.5112    24.1421 0.0000e+00
 158.492396     21.091  35.167385    10.5740    5.40145     20.914    31.5140    24.1359 0.0000e+00
 158.492402     20.602  35.197630    10.5911    5.42489     20.429    31.5296    24.1451 0.0000e+00
 158.492407     20.151  35.203901    10.5946    5.45655     19.982    31.5330    24.1471 0.0000e+00
 158.492413     19.716  35.205795    10.5970    5.49398     19.551    31.5330    24.1467 0.0000e+00
 158.492419     19.271  35.209214    10.6068    5.51532     19.109    31.5281    24.1412 0.0000e+00
 158.492425     18.799  35.214245    10.6421    5.53797     18.641    31.5028    24.1155 0.0000e+00
 158.492431     18.305  35.238263    10.7005    5.53957     18.151    31.4765    24.0851 0.0000e+00
 158.492436     17.800  35.282471    10.7510    5.54773     17.651    31.4771    24.0769 0.0000e+00
 158.492442     17.295  35.318373    10.7776    5.57555     17.150    31.4900    24.0823 0.0000e+00
 158.492448     16.800  35.335559    10.7840    5.64130     16.659    31.5017    24.0904 0.0000e+00
 158.492454     16.322  35.340710    10.7808    5.73425     16.185    31.5097    24.0972 0.0000e+00
 158.492459     15.857  35.338470    10.7891    5.81528     15.724    31.5006    24.0886 0.0000e+00
 158.492465     15.387  35.343248    10.8363    5.94151     15.258    31.4649    24.0527 0.0000e+00
 158.492471     14.901  35.377124    10.9428    6.10034     14.776    31.4072    23.9894 0.0000e+00
 158.492477     14.400  35.457244    11.0980    6.32000     14.279    31.3537    23.9208 0.0000e+00
 158.492483     13.897  35.575520    11.2633    6.55847     13.781    31.3292    23.8727 0.0000e+00
 158.492488     13.397  35.702423    11.4056    6.77203     13.285    31.3325    23.8501 0.0000e+00
 158.492494     12.903  35.812647    11.5221    6.98436     12.795    31.3414    23.8361 0.0000e+00
 158.492500     12.413  35.900692    11.6447    7.17116     12.309    31.3234    23.8002 0.0000e+00
 158.492506     11.921  35.989232    11.8303    7.35738     11.821    31.2529    23.7118 0.0000e+00
 158.492512     11.432  36.125138    12.0775    7.50619     11.336    31.1769    23.6076 0.0000e+00
 158.492517     10.955  36.301805    12.2882    7.58355     10.863    31.1706    23.5636 0.0000e+00
 158.492523     10.495  36.435212    12.3981    7.64326     10.407    31.2065    23.5709 0.0000e+00
 158.492529     10.045  36.486856    12.4469    7.66818      9.961    31.2153    23.5685 0.0000e+00
 158.492535      9.596  36.500978    12.4966    7.66946      9.516    31.1876    23.5377 0.0000e+00
 158.492541      9.151  36.525035    12.5584    7.69046      9.074    31.1594    23.5042 0.0000e+00
 158.492546      8.710  36.560276    12.6140    7.68151      8.637    31.1470    23.4840 0.0000e+00
 158.492552      8.272  36.587541    12.6627    7.62944      8.203    31.1327    23.4637 0.0000e+00
 158.492558      7.843  36.607883    12.7124    7.56915      7.777    31.1111    23.4375 0.0000e+00
 158.492564      7.437  36.631065    12.7526    7.50507      7.375    31.1000    23.4212 0.0000e+00
 158.492569      7.073  36.654376    12.7546    7.45818      7.014    31.1205    23.4367 0.0000e+00
 158.492575      6.760  36.661257    12.7115    7.44671      6.703    31.1627    23.4776 0.0000e+00
 158.492581      6.500  36.641842    12.6615    7.43878      6.446    31.1858    23.5050 0.0000e+00
 158.492587      6.287  36.614001    12.6483    7.45608      6.234    31.1704    23.4956 0.0000e+00
 158.492593      6.100  36.605663    12.6723    7.46611      6.049    31.1428    23.4696 0.0000e+00
 158.492598      5.934  36.618609    12.7012    7.48109      5.884    31.1312    23.4552 0.0000e+00
 158.492604      5.794  36.634224    12.7195    7.52305      5.746    31.1309    23.4514 -9.990e-29
 158.492610      5.680  36.643068    12.7368    7.58159      5.633    31.1250    23.4436 -9.990e-29
 158.492616      5.581  36.649665    12.7587    7.62255      5.534    31.1133    23.4303 -9.990e-29
 158.492622      5.486  36.660581    12.7789    7.66831      5.440    31.1070    23.4215 -9.990e-29
 158.492627      5.389  36.673005    12.7992    7.69114      5.344    31.1020    23.4138 -9.990e-29
 158.492633      5.292  36.687255    12.8281    7.70908      5.248    31.0917    23.4003 -9.990e-29
 158.492639      5.207  36.707209    12.8628    7.71906      5.163    31.0820    23.3861 -9.990e-29
 158.492645      5.136  36.726028    12.8940    7.71457      5.093    31.0741    23.3740 -9.990e-29
 158.492650      5.071  36.739657    12.9140    7.71602      5.029    31.0705    23.3674 -9.990e-29
 158.492656      5.003  36.749082    12.9241    7.72162      4.961    31.0711    23.3659 -9.990e-29
 158.492662      4.933  36.755661    12.9298    7.73682      4.892    31.0726    23.3660 -9.990e-29
 158.492668      4.864  36.759946    12.9311    7.73023      4.823    31.0756    23.3681 -9.990e-29
 158.492674      4.804  36.760361    12.9303    7.72201      4.764    31.0767    23.3690 -9.990e-29
 158.492679      4.763  36.760265    12.9332    7.70687      4.723    31.0742    23.3666 -9.990e-29
 158.492685      4.743  36.764016    12.9423    7.70261      4.703    31.0703    23.3618 -9.990e-29
 158.492691      4.741  36.772131    12.9544    7.72124      4.701    31.0680    23.3577 -9.990e-29
 158.492697      4.755  36.781408    12.9625    7.72947      4.715    31.0700    23.3577 -9.990e-29
 158.492703      4.767  36.785713    12.9642    7.74632      4.727    31.0727    23.3594 -9.990e-29
 158.492708      4.761  36.784620    12.9649    7.74293      4.721    31.0711    23.3580 -9.990e-29
 158.492714      4.737  36.785082    12.9690    7.74159      4.697    31.0682    23.3550 -9.990e-29
 158.492720      4.707  36.789399    12.9754    7.72759      4.668    31.0670    23.3528 -9.990e-29
 158.492726      4.684  36.794353    12.9809    7.71925      4.645    31.0671    23.3519 -9.990e-29
 158.492731      4.677  36.798141    12.9828    7.71592      4.638    31.0691    23.3531 -9.990e-29
 158.492737      4.681  36.800210    12.9809    7.70693      4.642    31.0726    23.3561 -9.990e-29
 158.492743      4.687  36.799954    12.9773    7.71300      4.648    31.0753    23.3589 -9.990e-29
 158.492749      4.688  36.798152    12.9743    7.71352      4.649    31.0761    23.3601 -9.990e-29
 158.492755      4.674  36.796325    12.9732    7.71299      4.635    31.0753    23.3597 -9.990e-29
 158.492760      4.645  36.795400    12.9735    7.71175      4.606    31.0742    23.3588 -9.990e-29
 158.492766      4.612  36.795826    12.9739    7.70270      4.573    31.0743    23.3588 -9.990e-29
 158.492772      4.585  36.797049    12.9754    7.68386      4.547    31.0742    23.3584 -9.990e-29
 158.492778      4.563  36.799020    12.9772    7.68310      4.525    31.0746    23.3584 -9.990e-29
 158.492784      4.536  36.801001    12.9771    7.68892      4.498    31.0765    23.3599 -9.990e-29
 158.492789      4.498  36.801149    12.9755    7.71658      4.460    31.0780    23.3613 -9.990e-29
 158.492795      4.442  36.799659    12.9741    7.76853      4.405    31.0778    23.3614 -9.990e-29
 158.492801      4.356  36.798470    12.9756    7.77903      4.320    31.0755    23.3594 -9.990e-29
 158.492807      4.235  36.799923    12.9852    7.79958      4.200    31.0690    23.3525 -9.990e-29
 158.492813      4.083  36.807637    13.0084    7.78992      4.049    31.0573    23.3389 0.0000e+00
 158.492818      3.909  36.825728    13.0420    7.77377      3.876    31.0468    23.3243 0.0000e+00
 158.492824      3.723  36.851962    13.0694    7.79452      3.692    31.0490    23.3207 0.0000e+00
 158.492830      3.533  36.871416    13.0805    7.76456      3.503    31.0582    23.3257 0.0000e+00
 158.492836      3.341  36.876387    13.0838    7.67254      3.313    31.0603    23.3266 0.0000e+00
 158.492841      3.147  36.877438    13.0906    7.52083      3.121    31.0558    23.3218 0.0000e+00
 158.492847      2.957  36.882700    13.1175    7.24833      2.932    31.0388    23.3034 0.0000e+00
 158.492853      2.774  36.903114    13.1790    7.12250      2.751    31.0077    23.2674 0.0000e+00
 158.492859      2.605  36.953002    13.2539    6.90765      2.583    30.9932    23.2416 0.0000e+00
 158.492865      2.451  37.013083    13.3044    6.52451      2.431    31.0082    23.2433 0.0000e+00
 158.492870      2.312  37.044589    13.3201    7.31218      2.293    31.0248    23.2530 -9.990e-29
 158.492876      2.190  37.042437    13.3100 -9.990e-29      2.172    31.0310    23.2598 -9.990e-29
 158.492882      2.092  37.023958    13.2829 -9.990e-29      2.075    31.0360    23.2690 -9.990e-29
 158.492888      2.016  36.995921    13.2439 -9.990e-29      1.999    31.0417    23.2810 -9.990e-29
 158.492894      1.960  36.952346    13.1925 -9.990e-29      1.944    31.0430    23.2920 -9.990e-29
 158.492899      1.926  36.886720    13.1343 -9.990e-29      1.910    31.0292    23.2927 -9.990e-29
 158.492905      1.906  36.788366    13.0837 -9.990e-29      1.890    30.9785    23.2634 -9.990e-29
 158.492911      1.892  36.589506    13.0482 -9.990e-29      1.876    30.8213    23.1486 -9.990e-29
 158.492917      1.878  36.056384    13.0260 -9.990e-29      1.862    30.3405    22.7812 -9.990e-29
 158.492922      1.867  34.493304    13.0178 -9.990e-29      1.851    28.8909    21.6622 -9.990e-29
 158.492928      1.864  29.826809 -9.990e-29 -9.990e-29      1.848 -9.990e-29 -9.990e-29 -9.990e-29
