data/oxygen options/ONMS/Olympic_Coast_National_Marine_Sanctuary_Hypoxia_Survey_CTD_Data_2004_2015/raw_data/2005/CTD_CE100_062105faed.cnv
* Sea-Bird SBE19 Data File:
* FileName = C:\hypoxia CTD data\CE100_062105.hex
* Software Version 1.1.5
* Temperature SN = 2997
* Conductivity SN = 2997
* System UpLoad Time = Jun 21 2005 16:39:25
* SEACAT PROFILER V3.1c SN 2997   06/21/05  16:38:56.398
* strain gauge pressure sensor: S/N = 184829,  range = 3000 psia,  tc = 40
# nquan = 9                                 
# nvalues = 878                         
# units = specified
# name 0 = timeJ: Julian Days
# name 1 = prSM: Pressure, Strain Gauge [db]
# name 2 = c0mS/cm: Conductivity [mS/cm]
# name 3 = t090C: Temperature [ITS-90, deg C]
# name 4 = oxML/L: Oxygen, Beckman/YSI [ml/l]
# name 5 = depSM: Depth [salt water, m], lat = 47.5
# name 6 = sal00: Salinity, Practical [PSU]
# name 7 = sigma-é00: Density [sigma-theta, kg/m^3]
# name 8 = flag: flag
# span 0 = 172.669595, 172.674670       
# span 1 =     -3.506,    103.258       
# span 2 =   1.328606,  37.764684       
# span 3 =     7.4996,    16.6799       
# span 4 =   -0.09500,   24.34810       
# span 5 =     -3.477,    102.371       
# span 6 =     0.8349,    33.8218       
# span 7 =    -0.2506,    26.4210       
# span 8 = 0.0000e+00, 0.0000e+00       
# interval = seconds: 0.5
# start_time = Jun 21 2005 16:04:13 [Instrument's time stamp, header]
# bad_flag = -9.990e-29
*END*
[from data line 481]
 172.672378     44.522  35.220571     9.3367    3.75341     44.146    32.6569    25.2315 0.0000e+00
 172.672384     44.952  35.218457     9.3188    3.72494     44.572    32.6709    25.2453 0.0000e+00
 172.672390     45.384  35.214773     9.2937    3.70978     45.000    32.6898    25.2641 0.0000e+00
 172.672396     45.818  35.213556     9.2643    3.68918     45.431    32.7153    25.2887 0.0000e+00
 172.672402     46.252  35.219892     9.2314    3.68415     45.861    32.7518    25.3224 0.0000e+00
 172.672407     46.681  35.230444     9.1984    3.66680     46.286    32.7928    25.3598 0.0000e+00
 172.672413     47.101  35.239081     9.1710    3.64475     46.703    32.8268    25.3906 0.0000e+00
 172.672419     47.518  35.242726     9.1482    3.63166     47.116    32.8514    25.4135 0.0000e+00
 172.672425     47.941  35.242861     9.1270    3.60687     47.535    32.8709    25.4321 0.0000e+00
 172.672431     48.376  35.241338     9.1062    3.58878     47.967    32.8883    25.4490 0.0000e+00
 172.672436     48.824  35.238359     9.0812    3.57339     48.411    32.9081    25.4684 0.0000e+00
 172.672442     49.290  35.233870     9.0516    3.56467     48.873    32.9306    25.4907 0.0000e+00
 172.672448     49.767  35.228043     9.0263    3.56037     49.346    32.9477    25.5081 0.0000e+00
 172.672454     50.244  35.222626     9.0103    3.55506     49.819    32.9567    25.5176 0.0000e+00
 172.672459     50.713  35.218795     9.0019    3.54413     50.284    32.9603    25.5217 0.0000e+00
 172.672465     51.169  35.216476     8.9985    3.52655     50.736    32.9608    25.5227 0.0000e+00
 172.672471     51.612  35.215371     8.9937    3.52022     51.175    32.9639    25.5259 0.0000e+00
 172.672477     52.048  35.212877     8.9759    3.53836     51.607    32.9776    25.5394 0.0000e+00
 172.672483     52.492  35.203980     8.9365    3.56620     52.047    33.0048    25.5668 0.0000e+00
 172.672488     52.955  35.183540     8.8839    3.60180     52.506    33.0321    25.5964 0.0000e+00
 172.672494     53.437  35.156251     8.8380    3.62670     52.984    33.0462    25.6145 0.0000e+00
 172.672500     53.935  35.134486     8.8055    3.65456     53.478    33.0535    25.6253 0.0000e+00
 172.672506     54.445  35.121162     8.7816    3.66891     53.983    33.0616    25.6353 0.0000e+00
 172.672512     54.967  35.113637     8.7636    3.69037     54.501    33.0703    25.6449 0.0000e+00
 172.672517     55.490  35.111394     8.7511    3.70032     55.019    33.0794    25.6539 0.0000e+00
 172.672523     56.001  35.112556     8.7433    3.70963     55.526    33.0877    25.6616 0.0000e+00
 172.672529     56.498  35.114175     8.7374    3.72125     56.019    33.0947    25.6680 0.0000e+00
 172.672535     56.992  35.115037     8.7316    3.73024     56.509    33.1007    25.6737 0.0000e+00
 172.672541     57.492  35.117409     8.7256    3.73872     57.004    33.1086    25.6808 0.0000e+00
 172.672546     58.001  35.124444     8.7204    3.73107     57.509    33.1206    25.6910 0.0000e+00
 172.672552     58.516  35.134305     8.7149    3.73400     58.019    33.1359    25.7038 0.0000e+00
 172.672558     59.036  35.141630     8.7065    3.73878     58.535    33.1512    25.7171 0.0000e+00
 172.672564     59.557  35.144407     8.6944    3.74260     59.051    33.1652    25.7299 0.0000e+00
 172.672569     60.068  35.143530     8.6806    3.74636     59.558    33.1770    25.7413 0.0000e+00
 172.672575     60.563  35.140623     8.6695    3.71197     60.049    33.1841    25.7486 0.0000e+00
 172.672581     61.039  35.137967     8.6621    3.67717     60.521    33.1880    25.7528 0.0000e+00
 172.672587     61.498  35.135936     8.6527    3.61231     60.976    33.1945    25.7593 0.0000e+00
 172.672593     61.951  35.131252     8.6337    3.53309     61.425    33.2072    25.7722 0.0000e+00
 172.672598     62.413  35.119907     8.6037    3.48294     61.883    33.2233    25.7894 0.0000e+00
 172.672604     62.886  35.101906     8.5697    3.44700     62.352    33.2361    25.8046 0.0000e+00
 172.672610     63.356  35.084070     8.5410    3.46301     62.818    33.2441    25.8153 0.0000e+00
 172.672616     63.818  35.074558     8.5195    3.49631     63.276    33.2542    25.8264 0.0000e+00
 172.672622     64.276  35.073007     8.4996    3.52852     63.730    33.2711    25.8427 0.0000e+00
 172.672627     64.731  35.073415     8.4766    3.54124     64.181    33.2930    25.8634 0.0000e+00
 172.672633     65.176  35.072394     8.4528    3.53961     64.622    33.3142    25.8836 0.0000e+00
 172.672639     65.609  35.069695     8.4349    3.52028     65.051    33.3281    25.8972 0.0000e+00
 172.672645     66.038  35.066752     8.4233    3.46916     65.476    33.3357    25.9049 0.0000e+00
 172.672650     66.463  35.064116     8.4095    3.40839     65.898    33.3458    25.9149 0.0000e+00
 172.672656     66.887  35.059386     8.3867    3.31200     66.318    33.3622    25.9312 0.0000e+00
 172.672662     67.322  35.051852     8.3573    3.20482     66.749    33.3819    25.9511 0.0000e+00
 172.672668     67.777  35.044358     8.3251    3.12231     67.200    33.4043    25.9735 0.0000e+00
 172.672674     68.240  35.037555     8.2914    3.04295     67.659    33.4289    25.9979 0.0000e+00
 172.672679     68.703  35.029646     8.2602    3.00747     68.118    33.4500    26.0191 0.0000e+00
 172.672685     69.167  35.020725     8.2350    2.98880     68.578    33.4643    26.0341 0.0000e+00
 172.672691     69.629  35.011780     8.2157    2.98270     69.036    33.4730    26.0438 0.0000e+00
 172.672697     70.086  35.003204     8.2002    2.99846     69.489    33.4784    26.0504 0.0000e+00
 172.672703     70.532  34.995326     8.1854    2.99087     69.931    33.4840    26.0569 0.0000e+00
 172.672708     70.961  34.987723     8.1700    3.00115     70.357    33.4904    26.0642 0.0000e+00
 172.672714     71.372  34.980337     8.1549    2.99386     70.764    33.4967    26.0715 0.0000e+00
 172.672720     71.768  34.973965     8.1355    2.98340     71.157    33.5083    26.0834 0.0000e+00
 172.672726     72.158  34.965147     8.1048    2.97480     71.543    33.5281    26.1035 0.0000e+00
 172.672731     72.550  34.950528     8.0636    2.95087     71.932    33.5517    26.1282 0.0000e+00
 172.672737     72.946  34.933029     8.0187    2.93621     72.324    33.5759    26.1538 0.0000e+00
 172.672743     73.343  34.915657     7.9795    2.89969     72.718    33.5948    26.1744 0.0000e+00
 172.672749     73.736  34.901019     7.9510    2.87927     73.108    33.6063    26.1876 0.0000e+00
 172.672755     74.128  34.890327     7.9305    2.85350     73.496    33.6144    26.1969 0.0000e+00
 172.672760     74.523  34.882206     7.9146    2.82424     73.888    33.6208    26.2043 0.0000e+00
 172.672766     74.921  34.875910     7.9003    2.80535     74.282    33.6276    26.2118 0.0000e+00
 172.672772     75.320  34.870322     7.8852    2.76013     74.678    33.6360    26.2205 0.0000e+00
 172.672778     75.722  34.864150     7.8673    2.73180     75.076    33.6464    26.2314 0.0000e+00
 172.672784     76.130  34.856444     7.8464    2.70396     75.481    33.6581    26.2436 0.0000e+00
 172.672789     76.548  34.847010     7.8257    2.66472     75.895    33.6678    26.2542 0.0000e+00
 172.672795     76.978  34.837277     7.8066    2.64848     76.321    33.6755    26.2631 0.0000e+00
 172.672801     77.421  34.828272     7.7863    2.61590     76.760    33.6853    26.2736 0.0000e+00
 172.672807     77.875  34.818629     7.7636    2.59913     77.210    33.6966    26.2858 0.0000e+00
 172.672812     78.340  34.807813     7.7439    2.57955     77.671    33.7038    26.2944 0.0000e+00
 172.672818     78.820  34.798773     7.7312    2.56100     78.147    33.7061    26.2980 0.0000e+00
 172.672824     79.311  34.793458     7.7231    2.54764     78.634    33.7080    26.3007 0.0000e+00
 172.672830     79.800  34.790378     7.7154    2.52879     79.119    33.7119    26.3049 0.0000e+00
 172.672836     80.278  34.787660     7.7059    2.51713     79.593    33.7180    26.3110 0.0000e+00
 172.672841     80.735  34.784474     7.6961    2.50377     80.046    33.7238    26.3170 0.0000e+00
 172.672847     81.171  34.781049     7.6894    2.47557     80.478    33.7264    26.3200 0.0000e+00
 172.672853     81.589  34.778976     7.6852    2.45582     80.892    33.7280    26.3219 0.0000e+00
 172.672859     81.996  34.778287     7.6767    2.39964     81.296    33.7353    26.3289 0.0000e+00
 172.672865     82.412  34.774692     7.6585    2.32333     81.708    33.7489    26.3421 0.0000e+00
 172.672870     82.845  34.765635     7.6303    2.25442     82.137    33.7663    26.3599 0.0000e+00
 172.672876     83.296  34.752489     7.5959    2.15964     82.584    33.7853    26.3797 0.0000e+00
 172.672882     83.766  34.737898     7.5649    2.09287     83.050    33.7994    26.3953 0.0000e+00
 172.672888     84.245  34.726501     7.5433    2.04150     83.525    33.8079    26.4050 0.0000e+00
 172.672894     84.729  34.719903     7.5301    1.98809     84.005    33.8134    26.4112 0.0000e+00
 172.672899     85.220  34.716024     7.5229    1.97928     84.491    33.8159    26.4143 0.0000e+00
 172.672905     85.711  34.713604     7.5189    1.95619     84.978    33.8170    26.4157 0.0000e+00
 172.672911     86.198  34.712213     7.5160    1.94967     85.461    33.8181    26.4169 0.0000e+00
 172.672917     86.682  34.711669     7.5142    1.95012     85.941    33.8190    26.4179 0.0000e+00
 172.672922     87.160  34.711802     7.5133    1.93951     86.414    33.8198    26.4187 0.0000e+00
 172.672928     87.633  34.712220     7.5125    1.94516     86.883    33.8208    26.4196 0.0000e+00
 172.672934     88.105  34.712353     7.5115    1.93540     87.351    33.8217    26.4204 0.0000e+00
 172.672940     88.580  34.711811     7.5105    1.93550     87.822    33.8218    26.4207 0.0000e+00
 172.672946     89.059  34.710988     7.5098    1.94258     88.297    33.8214    26.4205 0.0000e+00
 172.672951     89.538  34.710461     7.5096    1.94695     88.771    33.8208    26.4200 0.0000e+00
 172.672957     90.014  34.710081     7.5098    1.94389     89.243    33.8200    26.4193 0.0000e+00
 172.672963     90.477  34.709894     7.5104    1.95280     89.702    33.8190    26.4185 0.0000e+00
 172.672969     90.920  34.710205     7.5112    1.94892     90.141    33.8183    26.4179 0.0000e+00
 172.672975     91.344  34.710860     7.5115    1.95730     90.562    33.8185    26.4180 0.0000e+00
 172.672980     91.760  34.711048     7.5111    1.96089     90.974    33.8189    26.4184 0.0000e+00
 172.672986     92.172  34.710452     7.5106    1.95567     91.382    33.8185    26.4181 0.0000e+00
 172.672992     92.581  34.709956     7.5106    1.96079     91.788    33.8178    26.4176 0.0000e+00
 172.672998     92.993  34.710011     7.5105    1.95560     92.196    33.8178    26.4176 0.0000e+00
 172.673003     93.416  34.710123     7.5100    1.95210     92.615    33.8182    26.4180 0.0000e+00
 172.673009     93.855  34.709878     7.5092    1.95399     93.051    33.8185    26.4183 0.0000e+00
 172.673015     94.308  34.709502     7.5083    1.94124     93.500    33.8187    26.4187 0.0000e+00
 172.673021     94.771  34.709047     7.5075    1.94337     93.958    33.8188    26.4188 0.0000e+00
 172.673027     95.238  34.708463     7.5068    1.93972     94.421    33.8186    26.4188 0.0000e+00
 172.673032     95.709  34.708084     7.5062    1.92754     94.888    33.8186    26.4188 0.0000e+00
 172.673038     96.185  34.707962     7.5058    1.93852     95.360    33.8186    26.4189 0.0000e+00
 172.673044     96.660  34.707926     7.5054    1.94212     95.831    33.8187    26.4191 0.0000e+00
 172.673050     97.137  34.707921     7.5051    1.94187     96.304    33.8188    26.4192 0.0000e+00
 172.673056     97.615  34.707933     7.5048    1.94526     96.777    33.8188    26.4193 0.0000e+00
 172.673061     98.090  34.707973     7.5047    1.93490     97.248    33.8188    26.4192 0.0000e+00
 172.673067     98.555  34.708086     7.5049    1.92767     97.709    33.8185    26.4190 0.0000e+00
 172.673073     99.000  34.708416     7.5053    1.93003     98.150    33.8182    26.4187 0.0000e+00
 172.673079     99.428  34.708838     7.5055    1.92389     98.574    33.8183    26.4188 0.0000e+00
 172.673084     99.849  34.708786     7.5051    1.92771     98.992    33.8184    26.4189 0.0000e+00
 172.673090    100.268  34.708186     7.5043    1.93109     99.407    33.8183    26.4190 0.0000e+00
 172.673096    100.682  34.707540     7.5033    1.93300     99.817    33.8184    26.4192 0.0000e+00
 172.673102    101.080  34.707104     7.5023    1.92939    100.212    33.8187    26.4196 0.0000e+00
 172.673108    101.448  34.707044     7.5018    1.92772    100.577    33.8190    26.4199 0.0000e+00
 172.673113    101.783  34.707278     7.5014    1.92060    100.909    33.8194    26.4203 0.0000e+00
 172.673119    102.095  34.707183     7.5006    1.92068    101.218    33.8200    26.4208 0.0000e+00
 172.673125    102.391  34.706636     7.4998    1.91681    101.511    33.8200    26.4210 0.0000e+00
 172.673131    102.662  34.706031     7.4996    1.91661    101.780    33.8194    26.4205 0.0000e+00
 172.673137    102.894  34.705683     7.4996    1.92715    102.010    33.8189    26.4202 0.0000e+00
 172.673142    103.070  34.705689     7.4998    1.93082    102.184    33.8187    26.4199 -9.990e-29
 172.673148    103.184  34.705498     7.5006    1.92702    102.297    33.8176    26.4190 -9.990e-29
 172.673154    103.244  34.704859     7.5014    1.92321    102.357    33.8161    26.4177 -9.990e-29
 172.673160    103.258  34.703482     7.5016    1.92040    102.371    33.8144    26.4163 -9.990e-29
 172.673166    103.223  34.701778     7.5014    1.91438    102.336    33.8128    26.4151 -9.990e-29
 172.673171    103.136  34.701400     7.5012    1.93089    102.250    33.8126    26.4150 -9.990e-29
 172.673177    102.996  34.702408     7.5011    1.92697    102.111    33.8139    26.4160 0.0000e+00
 172.673183    102.794  34.703908     7.5010    1.92023    101.911    33.8157    26.4174 0.0000e+00
 172.673189    102.534  34.705101     7.5009    1.92607    101.653    33.8172    26.4186 0.0000e+00
 172.673194    102.243  34.705338     7.5008    1.91559    101.365    33.8177    26.4190 0.0000e+00
 172.673200    101.949  34.704942     7.5010    1.91868    101.073    33.8172    26.4186 0.0000e+00
 172.673206    101.663  34.704514     7.5011    1.92764    100.790    33.8168    26.4183 0.0000e+00
 172.673212    101.380  34.704049     7.5011    1.92048    100.509    33.8164    26.4180 0.0000e+00
 172.673218    101.090  34.703492     7.5014    1.92199    100.222    33.8157    26.4173 0.0000e+00
 172.673223    100.784  34.703226     7.5015    1.92775     99.918    33.8154    26.4171 0.0000e+00
 172.673229    100.459  34.703459     7.5018    1.92066     99.596    33.8156    26.4172 0.0000e+00
 172.673235    100.124  34.703944     7.5023    1.92210     99.264    33.8158    26.4172 0.0000e+00
 172.673241     99.788  34.704212     7.5026    1.92821     98.931    33.8159    26.4173 0.0000e+00
 172.673247     99.446  34.704067     7.5028    1.92813     98.592    33.8157    26.4171 0.0000e+00
 172.673252     99.086  34.703878     7.5030    1.93166     98.235    33.8155    26.4169 0.0000e+00
 172.673258     98.706  34.703960     7.5032    1.93006     97.859    33.8156    26.4170 0.0000e+00
 172.673264     98.320  34.703864     7.5034    1.91904     97.476    33.8155    26.4168 0.0000e+00
 172.673270     97.943  34.703470     7.5040    1.91724     97.103    33.8146    26.4161 0.0000e+00
 172.673275     97.579  34.703379     7.5047    1.92456     96.742    33.8140    26.4155 0.0000e+00
 172.673281     97.222  34.703476     7.5051    1.92782     96.388    33.8139    26.4154 0.0000e+00
 172.673287     96.860  34.703334     7.5054    1.92345     96.029    33.8136    26.4151 0.0000e+00
 172.673293     96.486  34.703328     7.5057    1.92051     95.658    33.8135    26.4150 0.0000e+00
