data/oxygen options/ONMS/Olympic_Coast_National_Marine_Sanctuary_Hypoxia_Survey_CTD_Data_2004_2015/raw_data/2005/CTD_CE90_060805faedb.cnv
* Sea-Bird SBE19 Data File:
* FileName = C:\hypoxia CTD data\CE90_060805.hex
* Software Version 1.1.5
* Temperature SN = 2997
* Conductivity SN = 2997
* System UpLoad Time = Jun 08 2005 16:06:00
* SEACAT PROFILER V3.1c SN 2997   06/08/05  16:05:21.395
* strain gauge pressure sensor: S/N = 184829,  range = 3000 psia,  tc = 40
# nquan = 9
# nvalues = 92                          
# units = specified
# name 0 = timeJ: Julian Days
# name 1 = prSM: Pressure, Strain Gauge [db]
# name 2 = c0mS/cm: Conductivity [mS/cm]
# name 3 = t090C: Temperature [ITS-90, deg C]
# name 4 = oxML/L: Oxygen, Beckman/YSI [ml/l]
# name 5 = depSM: Depth [salt water, m], lat = 47.5
# name 6 = sal00: Salinity, Practical [PSU]
# name 7 = sigma-é00: Density [sigma-theta, kg/m^3]
# name 8 = flag: flag
# span 0 = 159.647294, 159.648427       
# span 1 =      3.000,     94.000       
# span 2 =  34.763098,  37.185305       
# span 3 =     7.6300,    14.7013       
# span 4 =    2.10533,    7.81202       
# span 5 =      2.975,     93.194       
# span 6 =    30.0550,    33.7711       
# span 7 =    22.2280,    26.3612       
# span 8 = 0.0000e+00, 0.0000e+00       
# interval = decibars: 1                
# start_time = Jun 08 2005 15:28:12 [Instrument's time stamp, header]
# bad_flag = -9.990e-29
*END*
 159.647294      3.000  37.185305    14.7013    7.10275      2.975    30.0579    22.2280 0.0000e+00
 159.647316      4.000  37.143817    14.6563    7.03734      3.966    30.0550    22.2351 0.0000e+00
 159.647330      5.000  37.149812    14.5889    7.13537      4.958    30.1122    22.2932 0.0000e+00
 159.647342      6.000  37.071687    14.4487    7.58650      5.950    30.1501    22.3513 0.0000e+00
 159.647353      7.000  36.932614    14.2072    7.81202      6.942    30.2119    22.4484 0.0000e+00
 159.647364      8.000  36.753588    13.9549    7.62000      7.933    30.2463    22.5259 0.0000e+00
 159.647374      9.000  36.644717    13.7503    7.33258      8.925    30.3074    22.6139 0.0000e+00
 159.647384     10.000  36.582673    13.5477    7.06579      9.916    30.4103    22.7337 0.0000e+00
 159.647395     11.000  36.570694    13.3559    6.86058     10.908    30.5520    22.8808 0.0000e+00
 159.647406     12.000  36.575091    13.1751    6.70605     11.900    30.7011    23.0314 0.0000e+00
 159.647417     13.000  36.572704    12.9817    6.54286     12.891    30.8553    23.1882 0.0000e+00
 159.647429     14.000  36.563861    12.8219    6.44096     13.882    30.9772    23.3131 0.0000e+00
 159.647439     15.000  36.581147    12.6482    6.32844     14.874    31.1361    23.4693 0.0000e+00
 159.647450     16.000  36.669663    12.4408    6.13333     15.866    31.3921    23.7068 0.0000e+00
 159.647460     17.000  36.747862    12.2429    5.88093     16.857    31.6326    23.9303 0.0000e+00
 159.647471     18.000  36.658218    11.9972    5.61350     17.849    31.7543    24.0703 0.0000e+00
 159.647483     19.000  36.421310    11.7058    5.38053     18.841    31.7735    24.1385 0.0000e+00
 159.647494     20.000  36.165383    11.4495    5.25906     19.832    31.7438    24.1618 0.0000e+00
 159.647506     21.000  35.973048    11.2633    5.26549     20.824    31.7154    24.1731 0.0000e+00
 159.647517     22.000  35.893704    11.1897    5.38397     21.815    31.7006    24.1745 0.0000e+00
 159.647528     23.000  35.904314    11.1931    5.60955     22.806    31.7077    24.1794 0.0000e+00
 159.647540     24.000  36.000765    11.2541    5.93482     23.799    31.7493    24.2010 0.0000e+00
 159.647551     25.000  36.196450    11.3576    6.16087     24.790    31.8512    24.2619 0.0000e+00
 159.647563     26.000  36.437316    11.4547    6.08061     25.781    32.0024    24.3620 0.0000e+00
 159.647574     27.000  36.527527    11.3760    5.87101     26.773    32.1583    24.4973 0.0000e+00
 159.647586     28.000  36.411042    11.2165    5.69240     27.765    32.1828    24.5449 0.0000e+00
 159.647597     29.000  36.274544    10.9932    5.55746     28.756    32.2434    24.6314 0.0000e+00
 159.647607     30.000  36.122608    10.8587    5.43119     29.747    32.2109    24.6297 0.0000e+00
 159.647619     31.000  36.054779    10.7160    5.23395     30.739    32.2688    24.6995 0.0000e+00
 159.647629     32.000  35.916575    10.5270    4.98287     31.731    32.2978    24.7545 0.0000e+00
 159.647641     33.000  35.741850    10.3193    4.76367     32.722    32.3066    24.7967 0.0000e+00
 159.647651     34.000  35.574302    10.1435    4.65456     33.714    32.2940    24.8164 0.0000e+00
 159.647662     35.000  35.442105     9.9715    4.73609     34.705    32.3136    24.8603 0.0000e+00
 159.647674     36.000  35.317308     9.8835    5.17242     35.697    32.2653    24.8371 0.0000e+00
 159.647684     37.000  35.371130     9.9834    5.63058     36.688    32.2302    24.7932 0.0000e+00
 159.647696     38.000  35.562060    10.0917    5.67206     37.679    32.3262    24.8503 0.0000e+00
 159.647707     39.000  35.613545    10.0599    5.40048     38.671    32.4063    24.9180 0.0000e+00
 159.647718     40.000  35.524267     9.9265    5.13171     39.662    32.4350    24.9625 0.0000e+00
 159.647730     41.000  35.421397     9.8373    5.01304     40.654    32.4103    24.9579 0.0000e+00
 159.647742     42.000  35.379456     9.7791    4.95079     41.645    32.4195    24.9747 0.0000e+00
 159.647755     43.000  35.339489     9.7156    4.84311     42.636    32.4356    24.9976 0.0000e+00
 159.647766     44.000  35.291217     9.6300    4.61137     43.628    32.4632    25.0330 0.0000e+00
 159.647778     45.000  35.220800     9.5156    4.34603     44.620    32.4942    25.0757 0.0000e+00
 159.647790     46.000  35.140467     9.3997    4.08428     45.611    32.5165    25.1117 0.0000e+00
 159.647801     47.000  35.066189     9.2893    3.87895     46.602    32.5399    25.1476 0.0000e+00
 159.647812     48.000  34.999886     9.1846    3.77229     47.594    32.5665    25.1850 0.0000e+00
 159.647825     49.000  34.961510     9.1252    3.74716     48.585    32.5806    25.2053 0.0000e+00
 159.647838     50.000  34.951359     9.1004    3.78279     49.577    32.5923    25.2183 0.0000e+00
 159.647850     51.000  34.951418     9.0834    3.83746     50.568    32.6076    25.2330 0.0000e+00
 159.647862     52.000  34.964107     9.0728    3.89237     51.560    32.6299    25.2521 0.0000e+00
 159.647874     53.000  34.989071     9.0628    3.94134     52.551    32.6645    25.2808 0.0000e+00
 159.647886     54.000  35.012791     9.0475    3.96159     53.542    32.7027    25.3130 0.0000e+00
 159.647897     55.000  35.038925     9.0192    3.96687     54.534    32.7554    25.3587 0.0000e+00
 159.647910     56.000  35.074793     8.9739    3.93903     55.525    32.8340    25.4273 0.0000e+00
 159.647923     57.000  35.090378     8.9332    3.85514     56.517    32.8875    25.4756 0.0000e+00
 159.647938     58.000  35.090347     8.8895    3.75773     57.508    32.9275    25.5136 0.0000e+00
 159.647951     59.000  35.087892     8.8311    3.64294     58.499    32.9787    25.5628 0.0000e+00
 159.647962     60.000  35.082073     8.7526    3.53791     59.491    33.0452    25.6270 0.0000e+00
 159.647974     61.000  35.070951     8.6804    3.48046     60.482    33.1005    25.6815 0.0000e+00
 159.647986     62.000  35.062006     8.6317    3.42716     61.473    33.1363    25.7170 0.0000e+00
 159.647998     63.000  35.052312     8.5907    3.39959     62.464    33.1641    25.7451 0.0000e+00
 159.648011     64.000  35.042756     8.5579    3.34982     63.456    33.1844    25.7659 0.0000e+00
 159.648024     65.000  35.043385     8.5430    3.21432     64.447    33.1986    25.7793 0.0000e+00
 159.648035     66.000  35.076300     8.5487    3.03348     65.439    33.2275    25.8011 0.0000e+00
 159.648048     67.000  35.125960     8.5638    2.81646     66.430    33.2651    25.8282 0.0000e+00
 159.648060     68.000  35.180999     8.5682    2.64622     67.421    33.3184    25.8694 0.0000e+00
 159.648072     69.000  35.217799     8.5477    2.62585     68.413    33.3760    25.9177 0.0000e+00
 159.648084     70.000  35.209297     8.5094    2.65458     69.404    33.4029    25.9446 0.0000e+00
 159.648096     71.000  35.179531     8.4567    2.64343     70.395    33.4209    25.9668 0.0000e+00
 159.648108     72.000  35.155047     8.3976    2.55728     71.387    33.4507    25.9991 0.0000e+00
 159.648120     73.000  35.137060     8.3445    2.45509     72.378    33.4817    26.0313 0.0000e+00
 159.648134     74.000  35.127114     8.3028    2.37519     73.369    33.5103    26.0601 0.0000e+00
 159.648148     75.000  35.116362     8.2509    2.26932     74.360    33.5480    26.0974 0.0000e+00
 159.648164     76.000  35.097342     8.1846    2.18897     75.352    33.5906    26.1408 0.0000e+00
 159.648177     77.000  35.082843     8.1370    2.14084     76.343    33.6204    26.1713 0.0000e+00
 159.648191     78.000  35.069339     8.1107    2.12028     77.334    33.6308    26.1833 0.0000e+00
 159.648205     79.000  35.049649     8.0538    2.12963     78.326    33.6639    26.2177 0.0000e+00
 159.648218     80.000  34.991564     7.9405    2.11573     79.317    33.7104    26.2709 0.0000e+00
 159.648231     81.000  34.939205     7.8657    2.10568     80.308    33.7260    26.2941 0.0000e+00
 159.648245     82.000  34.910897     7.8195    2.11037     81.299    33.7398    26.3118 0.0000e+00
 159.648258     83.000  34.882135     7.7819    2.12735     82.291    33.7447    26.3210 0.0000e+00
 159.648271     84.000  34.865744     7.7665    2.12490     83.282    33.7416    26.3208 0.0000e+00
 159.648285     85.000  34.859061     7.7598    2.13000     84.274    33.7404    26.3209 0.0000e+00
 159.648300     86.000  34.855008     7.7577    2.13201     85.264    33.7376    26.3190 0.0000e+00
 159.648315     87.000  34.853568     7.7572    2.13999     86.256    33.7361    26.3179 0.0000e+00
 159.648330     88.000  34.852689     7.7557    2.13739     87.247    33.7360    26.3181 0.0000e+00
 159.648345     89.000  34.849034     7.7524    2.15381     88.238    33.7348    26.3177 0.0000e+00
 159.648360     90.000  34.847245     7.7506    2.14269     89.229    33.7342    26.3174 0.0000e+00
 159.648375     91.000  34.844666     7.7456    2.12337     90.220    33.7357    26.3194 0.0000e+00
 159.648388     92.000  34.834698     7.7136    2.11310     91.212    33.7556    26.3396 0.0000e+00
 159.648405     93.000  34.791138     7.6486    2.10533     92.203    33.7711    26.3612 0.0000e+00
 159.648427     94.000  34.763098     7.6300    2.12015     93.194    33.7585    26.3540 0.0000e+00
