data/oxygen options/ONMS/Olympic_Coast_National_Marine_Sanctuary_Hypoxia_Survey_CTD_Data_2004_2015/raw_data/2005/CTD_CE10_062105faed.cnv
* Sea-Bird SBE19 Data File:
* FileName = C:\hypoxia CTD data\CE10_062105.hex
* Software Version 1.1.5
* Temperature SN = 2997
* Conductivity SN = 2997
* System UpLoad Time = Jun 21 2005 16:18:25
* SEACAT PROFILER V3.1c SN 2997   06/21/05  16:17:44.263
* strain gauge pressure sensor: S/N = 184829,  range = 3000 psia,  tc = 40
# nquan = 9                                 
# nvalues = 509                         
# units = specified
# name 0 = timeJ: Julian Days
# name 1 = prSM: Pressure, Strain Gauge [db]
# name 2 = c0mS/cm: Conductivity [mS/cm]
# name 3 = t090C: Temperature [ITS-90, deg C]
# name 4 = oxML/L: Oxygen, Beckman/YSI [ml/l]
# name 5 = depSM: Depth [salt water, m], lat = 47.5
# name 6 = sal00: Salinity, Practical [PSU]
# name 7 = sigma-é00: Density [sigma-theta, kg/m^3]
# name 8 = flag: flag
# span 0 = 172.460903, 172.463843       
# span 1 =     -4.344,      9.522       
# span 2 =   0.005669,  36.808687       
# span 3 =    14.0389,    17.5625       
# span 4 =   -0.10893,   23.04982       
# span 5 =     -4.308,      9.442       
# span 6 =     0.0104,    30.0037       
# span 7 =    -1.3148,    22.3220       
# span 8 = 0.0000e+00, 0.0000e+00       
# interval = seconds: 0.5
# start_time = Jun 21 2005 11:03:42 [Instrument's time stamp, header]
# bad_flag = -9.990e-29
*END*
[from data line 161]
 172.461834      0.152  33.047731    16.3208    6.22429      0.151    25.3144    18.2445 -9.990e-29
 172.461840      0.169  33.310179    16.2820    6.41784      0.168    25.5616    18.4421 -9.990e-29
 172.461846      0.187  33.632846    16.2520    6.48890      0.185    25.8550    18.6732 -9.990e-29
 172.461852      0.204  33.793774    16.2361    6.51296      0.202    26.0023    18.7894 -9.990e-29
 172.461858      0.216  33.859030    16.2378    6.54039      0.214    26.0567    18.8307 -9.990e-29
 172.461863      0.228  33.820346    16.2568    6.55722      0.226    26.0114    18.7919 -9.990e-29
 172.461869      0.245  33.640134    16.2769    6.57575      0.243    25.8451    18.6602 -9.990e-29
 172.461875      0.264  33.472010    16.2847    6.53369      0.262    25.6972    18.5453 -9.990e-29
 172.461881      0.279  33.425750    16.2859    6.50692      0.277    25.6571    18.5144 -9.990e-29
 172.461887      0.284  33.418377    16.2895    6.50928      0.282    25.6486    18.5071 -9.990e-29
 172.461892      0.286  33.384581    16.2916    6.57684      0.284    25.6185    18.4836 -9.990e-29
 172.461898      0.293  33.357170    16.2775    6.59750      0.291    25.6043    18.4757 -9.990e-29
 172.461904      0.309  33.468232    16.2427    6.55435      0.306    25.7210    18.5726 -9.990e-29
 172.461910      0.331  33.785709    16.2086    6.55025      0.328    26.0133    18.8037 -9.990e-29
 172.461916      0.352  34.091880    16.1956    6.58981      0.349    26.2828    19.0130 -9.990e-29
 172.461921      0.369  34.182504    16.2004    6.64924      0.366    26.3570    19.0687 -9.990e-29
 172.461927      0.384  34.094342    16.2093    6.66788      0.381    26.2759    19.0047 -9.990e-29
 172.461933      0.396  33.979929    16.2210    6.61136      0.393    26.1707    18.9216 -9.990e-29
 172.461939      0.403  33.888436    16.2512    6.50613      0.400    26.0730    18.8402 -9.990e-29
 172.461944      0.401  33.633420    16.3110    6.44303      0.398    25.8173    18.6316 -9.990e-29
 172.461950      0.399  33.062560    16.3819    6.44718      0.396    25.2882    18.2114 -9.990e-29
 172.461956      0.404  32.406931    16.4165    6.50894      0.401    24.7132    17.7639 -9.990e-29
 172.461962      0.417  32.208031    16.3919    6.58287      0.414    24.5608    17.6526 -9.990e-29
 172.461968      0.438  32.569834    16.3465    6.53428      0.434    24.8940    17.9173 -9.990e-29
 172.461973      0.461  32.973685    16.3309    6.44005      0.457    25.2452    18.1894 -9.990e-29
 172.461979      0.475  33.031448    16.3520    6.43131      0.471    25.2808    18.2121 -9.990e-29
 172.461985      0.479  32.771377    16.3818    6.50032      0.475    25.0422    18.0231 -9.990e-29
 172.461991      0.484  32.465764    16.3907    6.54884      0.480    24.7787    17.8196 -9.990e-29
 172.461997      0.493  32.428122    16.3658    6.53044      0.489    24.7624    17.8124 -9.990e-29
 172.462002      0.507  32.755589    16.3206    6.47388      0.503    25.0671    18.0553 -9.990e-29
 172.462008      0.523  33.224842    16.2901    6.49883      0.519    25.4839    18.3809 -9.990e-29
 172.462014      0.537  33.475486    16.3003    6.51689      0.533    25.6900    18.5365 -9.990e-29
 172.462020      0.550  33.287565    16.3319    6.60337      0.545    25.5104    18.3922 -9.990e-29
 172.462025      0.564  32.919775    16.3422    6.49308      0.559    25.1924    18.1466 -9.990e-29
 172.462031      0.579  32.866113    16.3428    6.37647      0.574    25.1467    18.1114 -9.990e-29
 172.462037      0.591  32.953635    16.3793    6.36065      0.586    25.1977    18.1427 -9.990e-29
 172.462043      0.602  32.635130    16.4346    6.41554      0.597    24.8943    17.8986 -9.990e-29
 172.462049      0.620  32.112772    16.4462    6.49157      0.615    24.4473    17.5542 -9.990e-29
 172.462054      0.652  32.060872    16.3935    6.48451      0.647    24.4358    17.5566 -9.990e-29
 172.462060      0.691  32.622006    16.3241    6.44228      0.685    24.9519    17.9664 -9.990e-29
 172.462066      0.721  33.282210    16.2964    6.41822      0.715    25.5285    18.4136 -9.990e-29
 172.462072      0.733  33.512161    16.3237    6.48345      0.727    25.7061    18.5437 -9.990e-29
 172.462078      0.726  33.193755    16.3648    6.44410      0.720    25.4100    18.3082 -9.990e-29
 172.462083      0.718  32.773053    16.3617    6.42893      0.712    25.0561    18.0381 -9.990e-29
 172.462089      0.721  32.866759    16.3198    6.40848      0.715    25.1616    18.1278 -9.990e-29
 172.462095      0.731  33.287812    16.2865    6.48200      0.725    25.5395    18.4242 -9.990e-29
 172.462101      0.744  33.514659    16.2708    6.56594      0.738    25.7422    18.5828 -9.990e-29
 172.462106      0.760  33.559526    16.2523    6.57328      0.754    25.7923    18.6251 -9.990e-29
 172.462112      0.778  33.685611    16.2358    6.49326      0.772    25.9102    18.7189 -9.990e-29
 172.462118      0.788  33.872734    16.2551    6.38376      0.781    26.0569    18.8271 -9.990e-29
 172.462124      0.788  33.751753    16.3227    6.40450      0.781    25.9101    18.7001 -9.990e-29
 172.462130      0.782  33.096907    16.3985    6.42917      0.775    25.3067    18.2219 -9.990e-29
 172.462135      0.779  32.360062    16.4284    6.46108      0.772    24.6663    17.7255 -9.990e-29
 172.462141      0.785  32.174471    16.4098    6.41899      0.778    24.5214    17.6187 -9.990e-29
 172.462147      0.803  32.431699    16.3878    6.36783      0.796    24.7517    17.7995 -9.990e-29
 172.462153      0.819  32.646773    16.3953    6.33941      0.812    24.9285    17.9332 -9.990e-29
 172.462159      0.832  32.547343    16.4138    6.38341      0.825    24.8331    17.8563 -9.990e-29
 172.462164      0.850  32.359351    16.4001    6.45830      0.843    24.6831    17.7444 -9.990e-29
 172.462170      0.874  32.545835    16.3473    6.46985      0.867    24.8731    17.9011 -9.990e-29
 172.462176      0.893  33.115668    16.2964    6.44813      0.886    25.3872    18.3055 -9.990e-29
 172.462182      0.896  33.569718    16.2841    6.39088      0.889    25.7804    18.6092 -9.990e-29
 172.462188      0.882  33.564795    16.3026    6.40172      0.875    25.7643    18.5928 -9.990e-29
 172.462193      0.864  33.325189    16.3211    6.45465      0.857    25.5491    18.4241 -9.990e-29
 172.462199      0.854  33.162900    16.3210    6.48139      0.847    25.4116    18.3189 -9.990e-29
 172.462205      0.854  33.169132    16.3083    6.45648      0.847    25.4250    18.3319 -9.990e-29
 172.462211      0.861  33.264226    16.3040    6.42420      0.854    25.5083    18.3966 -9.990e-29
 172.462216      0.867  33.277453    16.3176    6.42336      0.860    25.5109    18.3956 -9.990e-29
 172.462222      0.871  33.096445    16.3363    6.47025      0.864    25.3456    18.2651 -9.990e-29
 172.462228      0.879  32.884355    16.3422    6.49647      0.872    25.1624    18.1236 -9.990e-29
 172.462234      0.891  32.881114    16.3338    6.50097      0.884    25.1649    18.1273 -9.990e-29
 172.462240      0.908  33.049349    16.3292    6.47992      0.900    25.3102    18.2395 -9.990e-29
 172.462245      0.926  33.160671    16.3534    6.42705      0.918    25.3891    18.2947 -9.990e-29
 172.462251      0.938  32.945522    16.4073    6.38549      0.930    25.1731    18.1178 -9.990e-29
 172.462257      0.942  32.407794    16.4586    6.40328      0.934    24.6878    17.7355 -9.990e-29
 172.462263      0.940  31.929104    16.4830    6.42640      0.932    24.2706    17.4111 -9.990e-29
 172.462269      0.937  31.757418    16.4868    6.43511      0.929    24.1242    17.2984 -9.990e-29
 172.462274      0.934  31.754018    16.4865    6.38466      0.926    24.1216    17.2964 -9.990e-29
 172.462280      0.930  31.725040    16.4910    6.29232      0.922    24.0946    17.2748 -9.990e-29
 172.462286      0.924  31.628473    16.4974    6.31090      0.916    24.0098    17.2086 -9.990e-29
 172.462292      0.921  31.547837    16.4990    6.36702      0.913    23.9413    17.1558 -9.990e-29
 172.462297      0.929  31.542522    16.4894    6.41301      0.921    23.9425    17.1589 -9.990e-29
 172.462303      0.948  31.662564    16.4658    6.39138      0.940    24.0573    17.2517 -9.990e-29
 172.462309      0.971  32.004712    16.4351    6.35244      0.963    24.3631    17.4922 -9.990e-29
 172.462315      0.991  32.362474    16.4072    6.35774      0.983    24.6813    17.7415 -9.990e-29
 172.462321      1.006  32.419220    16.3945    6.38237      0.998    24.7370    17.7868 -9.990e-29
 172.462326      1.015  32.274975    16.3920    6.40643      1.007    24.6169    17.6955 -9.990e-29
 172.462332      1.020  32.259505    16.3687    6.38212      1.011    24.6182    17.7015 -9.990e-29
 172.462338      1.020  32.605099    16.3303    6.36088      1.011    24.9337    17.9511 -9.990e-29
 172.462344      1.017  33.072662    16.3190    6.34654      1.009    25.3364    18.2618 -9.990e-29
 172.462350      1.014  33.152779    16.3326    6.35066      1.006    25.3956    18.3042 -9.990e-29
 172.462355      1.019  32.951162    16.3332    6.43337      1.010    25.2245    18.1731 -9.990e-29
 172.462361      1.036  32.942465    16.3126    6.40497      1.027    25.2302    18.1818 -9.990e-29
 172.462367      1.059  33.185133    16.2955    6.36706      1.050    25.4466    18.3512 -9.990e-29
 172.462373      1.076  33.384174    16.3009    6.32032      1.067    25.6120    18.4766 -9.990e-29
 172.462378      1.084  33.346649    16.3213    6.32123      1.075    25.5671    18.4379 -9.990e-29
 172.462384      1.088  33.172116    16.3366    6.34415      1.079    25.4094    18.3139 -9.990e-29
 172.462390      1.097  33.067686    16.3351    6.35986      1.088    25.3219    18.2473 -9.990e-29
 172.462396      1.110  33.113185    16.3175    6.38732      1.101    25.3716    18.2891 -9.990e-29
 172.462402      1.121  33.265063    16.2964    6.33244      1.112    25.5138    18.4024 -9.990e-29
 172.462407      1.125  33.442311    16.2983    6.29409      1.116    25.6630    18.5162 -9.990e-29
 172.462413      1.123  33.380323    16.3248    6.28301      1.114    25.5934    18.4573 -9.990e-29
 172.462419      1.120  33.070353    16.3351    6.30470      1.111    25.3242    18.2490 -9.990e-29
 172.462425      1.123  32.996119    16.3055    6.35692      1.114    25.2801    18.2215 -9.990e-29
 172.462431      1.137  33.308562    16.2542    6.37064      1.128    25.5777    18.4604 -9.990e-29
 172.462436      1.159  33.740171    16.2130    6.36321      1.149    25.9714    18.7707 -9.990e-29
 172.462442      1.176  34.036023    16.1984    6.34051      1.166    26.2331    18.9743 -9.990e-29
 172.462448      1.183  34.099144    16.2073    6.32528      1.173    26.2811    19.0091 -9.990e-29
 172.462454      1.182  33.950917    16.2282    6.33548      1.172    26.1410    18.8973 -9.990e-29
 172.462459      1.184  33.722621    16.2420    6.33291      1.174    25.9376    18.7386 -9.990e-29
 172.462465      1.192  33.651710    16.2404    6.33646      1.182    25.8783    18.6935 -9.990e-29
 172.462471      1.203  33.743946    16.2326    6.33107      1.193    25.9618    18.7592 -9.990e-29
 172.462477      1.212  33.849985    16.2267    6.34234      1.202    26.0560    18.8325 -9.990e-29
 172.462483      1.221  33.909477    16.2230    6.35096      1.211    26.1091    18.8740 -9.990e-29
 172.462488      1.230  33.932810    16.2179    6.35008      1.220    26.1323    18.8929 -9.990e-29
 172.462494      1.240  33.971821    16.2118    6.34351      1.230    26.1695    18.9227 -9.990e-29
 172.462500      1.247  34.024159    16.2103    6.31791      1.237    26.2151    18.9580 -9.990e-29
 172.462506      1.247  34.041923    16.2166    6.31768      1.237    26.2261    18.9650 -9.990e-29
 172.462512      1.245  34.000594    16.2259    6.33394      1.235    26.1848    18.9314 -9.990e-29
 172.462517      1.245  33.929673    16.2297    6.39144      1.235    26.1219    18.8824 -9.990e-29
 172.462523      1.246  33.899339    16.2281    6.39055      1.236    26.0971    18.8637 -9.990e-29
 172.462529      1.248  33.911168    16.2300    6.31683      1.238    26.1059    18.8701 -9.990e-29
 172.462535      1.253  33.881738    16.2415    6.29145      1.243    26.0733    18.8426 -9.990e-29
 172.462541      1.259  33.774041    16.2538    6.29961      1.248    25.9736    18.7637 -9.990e-29
 172.462546      1.273  33.676457    16.2486    6.38991      1.262    25.8940    18.7038 -9.990e-29
 172.462552      1.298  33.729511    16.2205    6.43567      1.287    25.9574    18.7584 -9.990e-29
 172.462558      1.329  33.960789    16.1907    6.42645      1.318    26.1739    18.9306 -9.990e-29
 172.462564      1.349  34.207392    16.1868    6.38271      1.338    26.3870    19.0946 -9.990e-29
 172.462569      1.348  34.232686    16.2246    6.32848      1.337    26.3836    19.0839 -9.990e-29
 172.462575      1.329  33.875363    16.2923    6.29908      1.318    26.0347    18.8022 -9.990e-29
 172.462581      1.313  33.265843    16.3415    6.31338      1.302    25.4856    18.3712 -9.990e-29
 172.462587      1.312  32.884639    16.3401    6.29798      1.301    25.1638    18.1252 -9.990e-29
 172.462593      1.320  32.987163    16.3083    6.33900      1.309    25.2706    18.2137 -9.990e-29
 172.462598      1.335  33.325226    16.2802    6.37305      1.324    25.5751    18.4529 -9.990e-29
 172.462604      1.354  33.578633    16.2684    6.40058      1.343    25.7979    18.6260 -9.990e-29
 172.462610      1.368  33.649325    16.2697    6.37366      1.357    25.8572    18.6711 -9.990e-29
 172.462616      1.374  33.608013    16.2846    6.31522      1.363    25.8125    18.6336 -9.990e-29
 172.462622      1.373  33.465724    16.3104    6.31350      1.362    25.6750    18.5228 -9.990e-29
 172.462627      1.369  33.235564    16.3310    6.34257      1.358    25.4667    18.3589 -9.990e-29
 172.462633      1.371  33.092505    16.3300    6.39149      1.360    25.3461    18.2669 -9.990e-29
 172.462639      1.377  33.164041    16.3055    6.43630      1.366    25.4223    18.3304 -9.990e-29
 172.462645      1.381  33.431815    16.2794    6.41519      1.369    25.6661    18.5227 -9.990e-29
 172.462650      1.378  33.677403    16.2836    6.35773      1.366    25.8721    18.6795 -9.990e-29
 172.462656      1.369  33.589462    16.3218    6.33729      1.358    25.7727    18.5952 -9.990e-29
 172.462662      1.356  33.197541    16.3684    6.32923      1.345    25.4107    18.3080 -9.990e-29
 172.462668      1.347  32.793766    16.3942    6.34173      1.336    25.0531    18.0288 -9.990e-29
 172.462674      1.346  32.620784    16.3921    6.37286      1.335    24.9084    17.9185 -9.990e-29
 172.462679      1.354  32.686621    16.3797    6.36979      1.343    24.9717    17.9696 -9.990e-29
 172.462685      1.366  32.788298    16.3749    6.36151      1.355    25.0605    18.0386 -9.990e-29
 172.462691      1.374  32.793024    16.3866    6.32544      1.363    25.0572    18.0336 -9.990e-29
 172.462697      1.376  32.667308    16.4114    6.27959      1.365    24.9356    17.9352 -9.990e-29
 172.462703      1.374  32.454168    16.4313    6.28405      1.363    24.7436    17.7840 -9.990e-29
 172.462708      1.378  32.320386    16.4340    6.29141      1.366    24.6293    17.6960 -9.990e-29
 172.462714      1.392  32.344722    16.4251    6.31104      1.380    24.6552    17.7178 -9.990e-29
 172.462720      1.412  32.423494    16.4111    6.29248      1.400    24.7302    17.7781 -9.990e-29
 172.462726      1.432  32.520554    16.3954    6.27517      1.420    24.8217    17.8515 -9.990e-29
 172.462731      1.449  32.630289    16.3848    6.28389      1.437    24.9209    17.9297 -9.990e-29
 172.462737      1.462  32.693399    16.3766    6.30167      1.450    24.9793    17.9761 -9.990e-29
 172.462743      1.475  32.758726    16.3556    6.35455      1.463    25.0476    18.0329 -9.990e-29
 172.462749      1.486  32.943055    16.3128    6.38034      1.474    25.2304    18.1820 -9.990e-29
