data/oxygen options/ONMS/Olympic_Coast_National_Marine_Sanctuary_Hypoxia_Survey_CTD_Data_2004_2015/raw_data/2005/CTD_CA60_062205faed.cnv
* Sea-Bird SBE19 Data File:
* FileName = C:\hypoxia CTD data\CA60_062205.hex
* Software Version 1.1.5
* Temperature SN = 2997
* Conductivity SN = 2997
* System UpLoad Time = Jun 22 2005 16:35:45
* SEACAT PROFILER V3.1c SN 2997   06/22/05  16:35:21.472
* strain gauge pressure sensor: S/N = 184829,  range = 3000 psia,  tc = 40
# nquan = 9                                 
# nvalues = 684                         
# units = specified
# name 0 = timeJ: Julian Days
# name 1 = prSM: Pressure, Strain Gauge [db]
# name 2 = c0mS/cm: Conductivity [mS/cm]
# name 3 = t090C: Temperature [ITS-90, deg C]
# name 4 = oxML/L: Oxygen, Beckman/YSI [ml/l]
# name 5 = depSM: Depth [salt water, m], lat = 47.5
# name 6 = sal00: Salinity, Practical [PSU]
# name 7 = sigma-é00: Density [sigma-theta, kg/m^3]
# name 8 = flag: flag
# span 0 = 173.642315, 173.646267       
# span 1 =      0.145,     61.495       
# span 2 =   1.498183,  38.367398       
# span 3 =     8.0856,    14.2998       
# span 4 =   -0.11830,   26.06469       
# span 5 =      0.144,     60.973       
# span 6 =     0.9664,    33.5199       
# span 7 =    -0.0288,    26.0994       
# span 8 = 0.0000e+00, 0.0000e+00       
# interval = seconds: 0.5
# start_time = Jun 22 2005 15:24:56 [Instrument's time stamp, header]
# bad_flag = -9.990e-29
*END*
[from data line 161]
 173.643247      3.002  37.956823    14.2141    6.99890      2.977    31.1410    23.1632 -9.990e-29
 173.643252      3.024  37.958859    14.2150    7.00378      2.999    31.1421    23.1639 -9.990e-29
 173.643258      3.032  37.959804    14.2146    7.00314      3.007    31.1433    23.1649 -9.990e-29
 173.643264      3.023  37.959236    14.2140    6.98749      2.998    31.1433    23.1650 -9.990e-29
 173.643270      3.009  37.958078    14.2138    6.97284      2.984    31.1424    23.1644 -9.990e-29
 173.643275      3.007  37.957032    14.2138    6.96864      2.982    31.1414    23.1636 -9.990e-29
 173.643281      3.019  37.956387    14.2135    6.97866      2.994    31.1411    23.1634 -9.990e-29
 173.643287      3.036  37.955843    14.2131    6.98920      3.011    31.1409    23.1633 -9.990e-29
 173.643293      3.044  37.955235    14.2128    6.97960      3.019    31.1406    23.1632 -9.990e-29
 173.643299      3.040  37.954872    14.2129    6.96489      3.015    31.1402    23.1628 -9.990e-29
 173.643304      3.028  37.954833    14.2131    6.95655      3.003    31.1400    23.1626 -9.990e-29
 173.643310      3.016  37.955065    14.2131    6.96894      2.991    31.1402    23.1628 -9.990e-29
 173.643316      3.011  37.955319    14.2128    6.98045      2.986    31.1407    23.1632 -9.990e-29
 173.643322      3.017  37.955372    14.2125    6.97592      2.992    31.1410    23.1635 -9.990e-29
 173.643328      3.032  37.955296    14.2124    6.96852      3.007    31.1410    23.1635 -9.990e-29
 173.643333      3.046  37.954989    14.2123    6.95759      3.021    31.1408    23.1634 -9.990e-29
 173.643339      3.057  37.954601    14.2121    6.95891      3.031    31.1406    23.1633 -9.990e-29
 173.643345      3.065  37.954177    14.2121    6.96968      3.039    31.1402    23.1630 -9.990e-29
 173.643351      3.067  37.953710    14.2121    6.96881      3.041    31.1397    23.1627 -9.990e-29
 173.643356      3.058  37.953700    14.2124    6.96429      3.032    31.1395    23.1624 -9.990e-29
 173.643362      3.042  37.954133    14.2128    6.95823      3.017    31.1396    23.1624 -9.990e-29
 173.643368      3.027  37.954464    14.2132    6.94391      3.002    31.1396    23.1623 -9.990e-29
 173.643374      3.020  37.954575    14.2133    6.94174      2.995    31.1396    23.1623 -9.990e-29
 173.643380      3.025  37.954615    14.2133    6.93794      3.000    31.1396    23.1623 -9.990e-29
 173.643385      3.038  37.954638    14.2134    6.94550      3.013    31.1395    23.1623 -9.990e-29
 173.643391      3.052  37.954676    14.2136    6.95113      3.027    31.1394    23.1621 -9.990e-29
 173.643397      3.059  37.954779    14.2138    6.94828      3.033    31.1393    23.1620 -9.990e-29
 173.643403      3.054  37.955083    14.2143    6.94493      3.028    31.1392    23.1618 -9.990e-29
 173.643409      3.046  37.955994    14.2156    6.93485      3.021    31.1390    23.1614 -9.990e-29
 173.643414      3.048  37.957604    14.2170    6.92605      3.023    31.1393    23.1614 -9.990e-29
 173.643420      3.059  37.959258    14.2178    6.92756      3.033    31.1402    23.1619 -9.990e-29
 173.643426      3.068  37.960356    14.2181    6.93607      3.042    31.1410    23.1624 -9.990e-29
 173.643432      3.071  37.960680    14.2183    6.93639      3.045    31.1411    23.1624 -9.990e-29
 173.643438      3.076  37.960662    14.2189    6.92954      3.050    31.1406    23.1619 -9.990e-29
 173.643443      3.084  37.960839    14.2195    6.92094      3.058    31.1403    23.1616 -9.990e-29
 173.643449      3.090  37.960888    14.2201    6.91849      3.064    31.1398    23.1611 -9.990e-29
 173.643455      3.097  37.960871    14.2206    6.92266      3.071    31.1394    23.1607 -9.990e-29
 173.643461      3.103  37.961328    14.2207    6.93211      3.077    31.1397    23.1609 -9.990e-29
 173.643466      3.109  37.961746    14.2204    6.92651      3.083    31.1404    23.1614 -9.990e-29
 173.643472      3.116  37.961562    14.2201    6.91936      3.090    31.1404    23.1616 -9.990e-29
 173.643478      3.120  37.961093    14.2200    6.90483      3.094    31.1401    23.1613 -9.990e-29
 173.643484      3.117  37.960834    14.2202    6.90263      3.091    31.1397    23.1610 -9.990e-29
 173.643490      3.110  37.961001    14.2201    6.91349      3.084    31.1399    23.1612 -9.990e-29
 173.643495      3.104  37.961255    14.2200    6.91861      3.078    31.1402    23.1614 -9.990e-29
 173.643501      3.099  37.961374    14.2204    6.91784      3.073    31.1400    23.1612 -9.990e-29
 173.643507      3.093  37.961518    14.2212    6.92064      3.067    31.1395    23.1606 -9.990e-29
 173.643513      3.091  37.961878    14.2221    6.90870      3.065    31.1391    23.1601 -9.990e-29
 173.643519      3.102  37.962374    14.2230    6.90807      3.076    31.1388    23.1597 -9.990e-29
 173.643524      3.126  37.963107    14.2237    6.90026      3.100    31.1389    23.1597 -9.990e-29
 173.643530      3.151  37.963934    14.2240    6.91201      3.125    31.1394    23.1600 -9.990e-29
 173.643536      3.166  37.964274    14.2243    6.92511      3.140    31.1395    23.1600 -9.990e-29
 173.643542      3.169  37.964579    14.2248    6.92301      3.143    31.1394    23.1598 -9.990e-29
 173.643547      3.159  37.965258    14.2256    6.91727      3.133    31.1394    23.1596 -9.990e-29
 173.643553      3.145  37.966094    14.2267    6.90818      3.119    31.1392    23.1593 -9.990e-29
 173.643559      3.142  37.967079    14.2281    6.90592      3.116    31.1390    23.1588 -9.990e-29
 173.643565      3.154  37.968406    14.2292    6.89847      3.128    31.1393    23.1588 -9.990e-29
 173.643571      3.174  37.969603    14.2297    6.89872      3.147    31.1400    23.1593 -9.990e-29
 173.643576      3.195  37.970020    14.2300    6.91382      3.168    31.1401    23.1593 -9.990e-29
 173.643582      3.204  37.970214    14.2301    6.92400      3.177    31.1402    23.1594 -9.990e-29
 173.643588      3.195  37.970442    14.2303    6.92950      3.168    31.1403    23.1594 -9.990e-29
 173.643594      3.175  37.970448    14.2309    6.90578      3.148    31.1398    23.1589 -9.990e-29
 173.643600      3.159  37.970801    14.2321    6.89829      3.133    31.1392    23.1581 -9.990e-29
 173.643605      3.160  37.971974    14.2331    6.89221      3.134    31.1394    23.1581 -9.990e-29
 173.643611      3.178  37.973287    14.2338    6.91647      3.151    31.1401    23.1585 -9.990e-29
 173.643617      3.196  37.974251    14.2344    6.92400      3.169    31.1405    23.1586 -9.990e-29
 173.643623      3.200  37.975028    14.2348    6.90957      3.173    31.1408    23.1589 -9.990e-29
 173.643628      3.188  37.975531    14.2359    6.89555      3.161    31.1404    23.1583 -9.990e-29
 173.643634      3.170  37.976429    14.2378    6.88358      3.144    31.1397    23.1574 -9.990e-29
 173.643640      3.156  37.977799    14.2392    6.88970      3.130    31.1398    23.1572 -9.990e-29
 173.643646      3.158  37.978664    14.2395    6.90197      3.132    31.1404    23.1575 -9.990e-29
 173.643652      3.172  37.979057    14.2391    6.90616      3.146    31.1411    23.1581 -9.990e-29
 173.643657      3.183  37.978942    14.2382    6.90227      3.156    31.1417    23.1588 -9.990e-29
 173.643663      3.181  37.978163    14.2373    6.90323      3.154    31.1417    23.1590 -9.990e-29
 173.643669      3.172  37.977365    14.2370    6.89330      3.146    31.1412    23.1587 -9.990e-29
 173.643675      3.168  37.977167    14.2379    6.89543      3.142    31.1403    23.1578 -9.990e-29
 173.643681      3.177  37.977868    14.2395    6.90287      3.150    31.1397    23.1570 -9.990e-29
 173.643686      3.195  37.979280    14.2409    6.89918      3.168    31.1398    23.1568 -9.990e-29
 173.643692      3.215  37.980482    14.2416    6.89612      3.188    31.1403    23.1571 -9.990e-29
 173.643698      3.229  37.980832    14.2416    6.89161      3.202    31.1406    23.1573 -9.990e-29
 173.643704      3.234  37.980798    14.2415    6.88333      3.207    31.1407    23.1574 -9.990e-29
 173.643709      3.235  37.980893    14.2418    6.88625      3.208    31.1405    23.1572 -9.990e-29
 173.643715      3.241  37.981247    14.2428    6.88451      3.214    31.1401    23.1566 -9.990e-29
 173.643721      3.260  37.982331    14.2444    6.88554      3.233    31.1397    23.1560 -9.990e-29
 173.643727      3.293  37.983910    14.2463    6.88903      3.265    31.1396    23.1556 -9.990e-29
 173.643733      3.330  37.985096    14.2473    6.88746      3.302    31.1399    23.1556 -9.990e-29
 173.643738      3.360  37.985791    14.2470    6.88966      3.332    31.1408    23.1563 -9.990e-29
 173.643744      3.377  37.986176    14.2464    6.89019      3.349    31.1416    23.1571 -9.990e-29
 173.643750      3.382  37.986215    14.2460    6.88509      3.354    31.1420    23.1574 -9.990e-29
 173.643756      3.384  37.985780    14.2458    6.87870      3.356    31.1417    23.1573 -9.990e-29
 173.643762      3.382  37.985423    14.2459    6.88277      3.354    31.1413    23.1569 -9.990e-29
 173.643767      3.372  37.985798    14.2463    6.87479      3.344    31.1413    23.1569 -9.990e-29
 173.643773      3.359  37.986293    14.2467    6.87918      3.331    31.1415    23.1569 -9.990e-29
 173.643779      3.345  37.986453    14.2471    6.87771      3.317    31.1413    23.1567 -9.990e-29
 173.643785      3.329  37.986502    14.2475    6.87993      3.301    31.1410    23.1564 -9.990e-29
 173.643791      3.316  37.986514    14.2476    6.88458      3.288    31.1410    23.1563 -9.990e-29
 173.643796      3.311  37.986514    14.2471    6.87484      3.283    31.1414    23.1567 -9.990e-29
 173.643802      3.316  37.986512    14.2465    6.87208      3.288    31.1418    23.1572 -9.990e-29
 173.643808      3.323  37.986512    14.2463    6.87471      3.295    31.1420    23.1574 -9.990e-29
 173.643814      3.326  37.986524    14.2464    6.88457      3.298    31.1419    23.1573 -9.990e-29
 173.643819      3.326  37.986569    14.2468    6.88872      3.298    31.1417    23.1570 -9.990e-29
 173.643825      3.320  37.986716    14.2471    6.88261      3.292    31.1415    23.1569 -9.990e-29
 173.643831      3.302  37.987170    14.2473    6.86779      3.274    31.1418    23.1570 -9.990e-29
 173.643837      3.279  37.987983    14.2478    6.86302      3.252    31.1422    23.1572 -9.990e-29
 173.643843      3.264  37.988568    14.2482    6.86424      3.237    31.1424    23.1573 -9.990e-29
 173.643848      3.260  37.988591    14.2483    6.88401      3.233    31.1423    23.1572 -9.990e-29
 173.643854      3.261  37.988654    14.2486    6.88664      3.234    31.1421    23.1570 -9.990e-29
 173.643860      3.260  37.988849    14.2492    6.88541      3.233    31.1418    23.1567 -9.990e-29
 173.643866      3.256  37.988882    14.2501    6.88556      3.229    31.1411    23.1559 -9.990e-29
 173.643872      3.258  37.989368    14.2508    6.86733      3.231    31.1410    23.1557 -9.990e-29
 173.643877      3.270  37.990402    14.2512    6.88053      3.243    31.1416    23.1561 -9.990e-29
 173.643883      3.288  37.991129    14.2515    6.86189      3.261    31.1420    23.1564 -9.990e-29
 173.643889      3.302  37.991403    14.2516    6.87339      3.274    31.1422    23.1565 -9.990e-29
 173.643895      3.298  37.991598    14.2515    6.89550      3.270    31.1425    23.1567 -9.990e-29
 173.643900      3.273  37.991984    14.2514    6.88762      3.246    31.1429    23.1570 -9.990e-29
 173.643906      3.234  37.992521    14.2516    6.88437      3.207    31.1432    23.1573 -9.990e-29
 173.643912      3.198  37.992811    14.2519    6.86278      3.171    31.1433    23.1572 -9.990e-29
 173.643918      3.182  37.992693    14.2521    6.84555      3.155    31.1430    23.1570 -9.990e-29
 173.643924      3.188  37.992578    14.2523    6.85227      3.161    31.1428    23.1567 -9.990e-29
 173.643929      3.209  37.992883    14.2526    6.87005      3.182    31.1428    23.1567 -9.990e-29
 173.643935      3.223  37.993464    14.2530    6.87756      3.196    31.1430    23.1568 -9.990e-29
 173.643941      3.216  37.993978    14.2537    6.86664      3.189    31.1429    23.1566 -9.990e-29
 173.643947      3.190  37.994558    14.2547    6.85727      3.163    31.1426    23.1561 -9.990e-29
 173.643953      3.166  37.995425    14.2557    6.85785      3.140    31.1426    23.1559 -9.990e-29
 173.643958      3.158  37.996063    14.2563    6.85886      3.132    31.1427    23.1559 -9.990e-29
 173.643964      3.168  37.996211    14.2562    6.87840      3.142    31.1429    23.1561 -9.990e-29
 173.643970      3.181  37.996074    14.2558    6.88072      3.154    31.1431    23.1563 -9.990e-29
 173.643976      3.187  37.996039    14.2558    6.88485      3.160    31.1431    23.1563 -9.990e-29
 173.643981      3.186  37.996629    14.2564    6.87972      3.159    31.1431    23.1562 -9.990e-29
 173.643987      3.186  37.997517    14.2572    6.86133      3.159    31.1433    23.1562 -9.990e-29
 173.643993      3.192  37.998213    14.2579    6.86837      3.165    31.1434    23.1561 -9.990e-29
 173.643999      3.203  37.999094    14.2583    6.87434      3.176    31.1439    23.1564 -9.990e-29
 173.644005      3.217  38.000220    14.2585    6.87499      3.190    31.1447    23.1570 -9.990e-29
 173.644010      3.225  38.000860    14.2587    6.87602      3.198    31.1451    23.1573 -9.990e-29
 173.644016      3.225  38.000751    14.2589    6.86493      3.198    31.1449    23.1570 -9.990e-29
 173.644022      3.219  38.000318    14.2590    6.86242      3.192    31.1444    23.1566 -9.990e-29
 173.644028      3.217  38.000114    14.2589    6.86474      3.190    31.1443    23.1566 -9.990e-29
 173.644034      3.223  38.000437    14.2588    6.87175      3.196    31.1447    23.1569 -9.990e-29
 173.644039      3.232  38.001166    14.2587    6.88528      3.205    31.1454    23.1575 -9.990e-29
 173.644045      3.236  38.001600    14.2587    6.88766      3.209    31.1458    23.1578 -9.990e-29
 173.644051      3.232  38.001201    14.2588    6.87560      3.205    31.1454    23.1574 -9.990e-29
 173.644057      3.224  38.000567    14.2589    6.86879      3.197    31.1447    23.1569 -9.990e-29
 173.644062      3.220  38.000544    14.2591    6.85893      3.193    31.1445    23.1567 -9.990e-29
 173.644068      3.223  38.001113    14.2595    6.86022      3.196    31.1447    23.1568 -9.990e-29
 173.644074      3.234  38.001919    14.2598    6.86781      3.207    31.1452    23.1571 -9.990e-29
 173.644080      3.254  38.002923    14.2601    6.87191      3.227    31.1459    23.1575 -9.990e-29
 173.644086      3.283  38.003790    14.2603    6.87379      3.256    31.1465    23.1580 -9.990e-29
 173.644091      3.316  38.004001    14.2606    6.86711      3.288    31.1464    23.1579 -9.990e-29
 173.644097      3.341  38.003845    14.2610    6.85876      3.313    31.1460    23.1574 -9.990e-29
 173.644103      3.361  38.004243    14.2617    6.85753      3.333    31.1457    23.1571 -9.990e-29
 173.644109      3.379  38.005735    14.2625    6.86420      3.351    31.1465    23.1575 -9.990e-29
 173.644115      3.395  38.007516    14.2630    6.87197      3.367    31.1477    23.1583 -9.990e-29
 173.644120      3.399  38.008044    14.2632    6.87174      3.371    31.1480    23.1585 -9.990e-29
 173.644126      3.388  38.007470    14.2633    6.86782      3.360    31.1474    23.1581 -9.990e-29
 173.644132      3.370  38.007279    14.2637    6.86046      3.342    31.1469    23.1576 -9.990e-29
 173.644138      3.360  38.007786    14.2650    6.85842      3.332    31.1463    23.1569 -9.990e-29
 173.644144      3.367  38.008555    14.2667    6.85915      3.339    31.1456    23.1560 -9.990e-29
 173.644149      3.387  38.009500    14.2677    6.87050      3.359    31.1457    23.1558 -9.990e-29
 173.644155      3.408  38.010206    14.2680    6.87170      3.380    31.1461    23.1561 -9.990e-29
 173.644161      3.418  38.010502    14.2681    6.87926      3.389    31.1463    23.1562 -9.990e-29
