data/oxygen options/ONMS/Olympic_Coast_National_Marine_Sanctuary_Hypoxia_Survey_CTD_Data_2004_2015/raw_data/2005/CTD_CA60_060705faed.cnv
* Sea-Bird SBE19 Data File:
* FileName = C:\hypoxia CTD data\CA60_060705.hex
* Software Version 1.1.5
* Temperature SN = 2997
* Conductivity SN = 2997
* System UpLoad Time = Jun 07 2005 15:30:57
* SEACAT PROFILER V3.1c SN 2997   06/07/05  15:29:58.004
* strain gauge pressure sensor: S/N = 184829,  range = 3000 psia,  tc = 40
# nquan = 9                                 
# nvalues = 710                         
# units = specified
# name 0 = timeJ: Julian Days
# name 1 = prSM: Pressure, Strain Gauge [db]
# name 2 = c0mS/cm: Conductivity [mS/cm]
# name 3 = t090C: Temperature [ITS-90, deg C]
# name 4 = oxML/L: Oxygen, Beckman/YSI [ml/l]
# name 5 = depSM: Depth [salt water, m], lat = 47.5
# name 6 = sal00: Salinity, Practical [PSU]
# name 7 = sigma-é00: Density [sigma-theta, kg/m^3]
# name 8 = flag: flag
# span 0 = 158.593553, 158.597656       
# span 1 =     -2.985,     61.973       
# span 2 =   0.403192,  37.286145       
# span 3 =     7.6127,    13.3570       
# span 4 =   -0.12456,   27.73832       
# span 5 =     -2.960,     61.447       
# span 6 =     0.2589,    33.7575       
# span 7 =    -0.3356,    26.3542       
# span 8 = 0.0000e+00, 0.0000e+00       
# interval = seconds: 0.5
# start_time = Jun 07 2005 14:14:43 [Instrument's time stamp, header]
# bad_flag = -9.990e-29
*END*
 158.593553     -2.985 -9.990e-29    12.3223   -0.12456     -2.960 -9.990e-29 -9.990e-29 -9.990e-29
 158.593559     -2.963   0.410625    12.3214   -0.10167     -2.938     0.2638    -0.3318 -9.990e-29
 158.593565     -2.942   0.406733    12.3209   -0.10053     -2.917     0.2612    -0.3338 -9.990e-29
 158.593571     -2.917   0.403192    12.3212   -0.10049     -2.893     0.2589    -0.3356 -9.990e-29
 158.593576     -2.881   0.409697    12.3221   -0.10048     -2.857     0.2632    -0.3324 -9.990e-29
 158.593582     -2.833   0.435874    12.3235   -0.10050     -2.809     0.2805    -0.3190 -9.990e-29
 158.593588     -2.773   0.491724    12.3270   -0.10046     -2.750     0.3176    -0.2904 -9.990e-29
 158.593594     -2.703   0.615484    12.3388   -0.10048     -2.680     0.4006    -0.2271 -9.990e-29
 158.593600     -2.618   0.939952    12.3764   -0.10056     -2.596     0.6215    -0.0593 -9.990e-29
 158.593605     -2.511   1.873695    12.4913   -0.10055     -2.490     1.2767     0.4364 -9.990e-29
 158.593611     -2.373   4.650059    12.7289   -0.10050     -2.353     3.3222     1.9918 -9.990e-29
 158.593617     -2.199  12.844957    13.0007   -0.10049     -2.181     9.8182     6.9649 -9.990e-29
 158.593623     -2.011  25.021859    13.1670   -0.10049     -1.994    20.2027    14.9329 -9.990e-29
 158.593628     -1.841  33.083980    13.2286   -0.10056     -1.826    27.4351    20.4980 -9.990e-29
 158.593634     -1.695  35.740299    13.2503   -0.10058     -1.681    29.8698    22.3741 -9.990e-29
 158.593640     -1.564  36.614510    13.2580   -0.10054     -1.551    30.6761    22.9956 -9.990e-29
 158.593646     -1.442  36.906469    13.2582   -0.10051     -1.430    30.9479    23.2056 -9.990e-29
 158.593652     -1.332  37.003799    13.2543   -0.10053     -1.321    31.0418    23.2790 -9.990e-29
 158.593657     -1.239  37.021155    13.2504   -0.10060     -1.229    31.0611    23.2947 -9.990e-29
 158.593663     -1.170  37.014231    13.2494   -0.10058     -1.160    31.0555    23.2905 -9.990e-29
 158.593669     -1.116  37.028224    13.2502   -0.10056     -1.107    31.0678    23.2999 -9.990e-29
 158.593675     -1.066  37.055454    13.2495   -0.10052     -1.057    31.0938    23.3201 -9.990e-29
 158.593681     -1.024  37.067198    13.2459   -0.10049     -1.015    31.1077    23.3316 -9.990e-29
 158.593686     -0.993  37.052780    13.2415   -0.10050     -0.985    31.0978    23.3248 -9.990e-29
 158.593692     -0.961  37.024409    13.2386   -0.10055     -0.953    31.0737    23.3067 -9.990e-29
 158.593698     -0.923  37.017754    13.2378   -0.10054     -0.915    31.0681    23.3026 -9.990e-29
 158.593704     -0.876  37.041353    13.2370   -0.10050     -0.869    31.0908    23.3203 -9.990e-29
 158.593709     -0.825  37.058274    13.2345   -0.10049     -0.818    31.1086    23.3345 -9.990e-29
 158.593715     -0.780  37.043992    13.2322   -0.10049     -0.773    31.0971    23.3261 -9.990e-29
 158.593721     -0.743  37.024917    13.2325   -0.10048     -0.737    31.0791    23.3121 -9.990e-29
 158.593727     -0.711  37.033969    13.2358   -0.10046     -0.705    31.0848    23.3159 -9.990e-29
 158.593733     -0.683  37.062491    13.2408   -0.10045     -0.677    31.1073    23.3323 -9.990e-29
 158.593738     -0.656  37.087967    13.2451   -0.10046     -0.651    31.1276    23.3471 -9.990e-29
 158.593744     -0.628  37.094477    13.2470   -0.10051     -0.623    31.1321    23.3502 -9.990e-29
 158.593750     -0.603  37.075585    13.2475   -0.10052     -0.598    31.1140    23.3362 -9.990e-29
 158.593756     -0.586  37.053239    13.2486   -0.10058     -0.581    31.0923    23.3191 -9.990e-29
 158.593762     -0.578  37.055437    13.2508   -0.10057     -0.573    31.0925    23.3189 -9.990e-29
 158.593767     -0.569  37.073919    13.2537   -0.10047     -0.564    31.1074    23.3298 -9.990e-29
 158.593773     -0.558  37.086242    13.2563   -0.10042     -0.553    31.1168    23.3366 -9.990e-29
 158.593779     -0.549  37.089797    13.2580   -0.10043     -0.544    31.1187    23.3377 -9.990e-29
 158.593785     -0.537  37.094956    13.2590   -0.10048     -0.533    31.1227    23.3406 -9.990e-29
 158.593791     -0.517  37.105260    13.2592   -0.10049     -0.513    31.1321    23.3479 -9.990e-29
 158.593796     -0.493  37.108676    13.2579   -0.10062     -0.489    31.1364    23.3514 -9.990e-29
 158.593802     -0.471  37.090715    13.2525   -0.10067     -0.467    31.1240    23.3429 -9.990e-29
 158.593808     -0.453  37.058300    13.2452   -0.10058     -0.449    31.0997    23.3256 -9.990e-29
 158.593814     -0.440  37.036660    13.2450   -0.10051     -0.436    31.0797    23.3101 -9.990e-29
 158.593819     -0.429  37.037910    13.2536   -0.10052     -0.425    31.0738    23.3039 -9.990e-29
 158.593825     -0.417  37.059814    13.2624   -0.10053     -0.414    31.0871    23.3124 -9.990e-29
 158.593831     -0.393  37.092345    13.2656   -0.10054     -0.390    31.1148    23.3332 -9.990e-29
 158.593837     -0.357  37.113847    13.2614   -0.10058     -0.354    31.1383    23.3522 -9.990e-29
 158.593843     -0.319  37.105909    13.2450   -0.10058     -0.316    31.1443    23.3600 -9.990e-29
 158.593848     -0.288  37.080405    13.2209   -0.10058     -0.286    31.1402    23.3616 -9.990e-29
 158.593854     -0.268  37.063924    13.2089   -0.10056     -0.266    31.1346    23.3596 -9.990e-29
 158.593860     -0.253  37.059752    13.2177   -0.10051     -0.251    31.1235    23.3493 -9.990e-29
 158.593866     -0.234  37.062909    13.2337   -0.10045     -0.232    31.1134    23.3384 -9.990e-29
 158.593872     -0.204  37.070897    13.2440   -0.10047     -0.202    31.1124    23.3356 -9.990e-29
 158.593877     -0.167  37.071401    13.2456   -0.10048     -0.166    31.1115    23.3346 -9.990e-29
 158.593883     -0.132  37.059514    13.2399   -0.10051     -0.131    31.1051    23.3308 -9.990e-29
 158.593889     -0.106  37.049140    13.2321   -0.10055     -0.105    31.1018    23.3297 -9.990e-29
 158.593895     -0.088  37.049467    13.2283   -0.10050     -0.087    31.1052    23.3331 -9.990e-29
 158.593900     -0.081  37.053662    13.2289   -0.10050     -0.080    31.1086    23.3356 -9.990e-29
 158.593906     -0.083  37.053883    13.2335   -0.10050     -0.082    31.1050    23.3320 -9.990e-29
 158.593912     -0.083  37.057181    13.2432   -0.10053     -0.082    31.1002    23.3263 -9.990e-29
 158.593918     -0.072  37.074148    13.2546   -0.10056     -0.071    31.1067    23.3291 -9.990e-29
 158.593924     -0.049  37.096028    13.2618   -0.10052     -0.049    31.1212    23.3389 -9.990e-29
 158.593929     -0.017  37.102107    13.2613   -0.10051     -0.017    31.1273    23.3437 -9.990e-29
 158.593935      0.014  37.088180    13.2541   -0.10051      0.014    31.1202    23.3396 -9.990e-29
 158.593941      0.035  37.073281    13.2483   -0.10057      0.035    31.1110    23.3337 -9.990e-29
 158.593947      0.050  37.070660    13.2504   -0.10064      0.050    31.1068    23.3300 -9.990e-29
 158.593953      0.064  37.075723    13.2554   -0.10054      0.063    31.1075    23.3296 -9.990e-29
 158.593958      0.080  37.076738    13.2558   -0.10042      0.079    31.1081    23.3300 -9.990e-29
 158.593964      0.101  37.068916    13.2503   -0.10038      0.100    31.1053    23.3289 -9.990e-29
 158.593970      0.124  37.061484    13.2453   -0.10043      0.123    31.1024    23.3276 -9.990e-29
 158.593976      0.145  37.061386    13.2472   -0.10047      0.144    31.1008    23.3260 -9.990e-29
 158.593981      0.170  37.066269    13.2513   -0.10054      0.169    31.1019    23.3261 -9.990e-29
 158.593987      0.198  37.068087    13.2476   -0.10045      0.196    31.1067    23.3305 -9.990e-29
 158.593993      0.215  37.063124    13.2345   -0.10038      0.213    31.1127    23.3377 -9.990e-29
 158.593999      0.220  37.059929    13.2264   -0.10039      0.218    31.1164    23.3421 -9.990e-29
 158.594005      0.218  37.064923    13.2371   -0.10041      0.216    31.1123    23.3369 -9.990e-29
 158.594010      0.220  37.081422    13.2579   -0.10047      0.218    31.1107    23.3316 -9.990e-29
 158.594016      0.235  37.110700    13.2722   -0.10045      0.233    31.1263    23.3408 -9.990e-29
 158.594022      0.260  37.137983    13.2731   -0.10039      0.258    31.1510    23.3597 -9.990e-29
 158.594028      0.284  37.142474    13.2622   -0.10040      0.282    31.1641    23.3720 -9.990e-29
 158.594034      0.295  37.128504    13.2529   -0.10042      0.293    31.1587    23.3696 -9.990e-29
 158.594039      0.299  37.121778    13.2585   15.75998      0.297    31.1478    23.3601 -9.990e-29
 158.594045      0.309  37.134664    13.2720   26.25546      0.306    31.1488    23.3582 -9.990e-29
 158.594051      0.329  37.156888    13.2803   27.73832      0.326    31.1627    23.3674 -9.990e-29
 158.594057      0.356  37.167633    13.2780   24.28292      0.353    31.1746    23.3770 -9.990e-29
 158.594063      0.380  37.159941    13.2702   15.73153      0.377    31.1738    23.3779 -9.990e-29
 158.594068      0.393  37.150504    13.2692   12.60648      0.390    31.1658    23.3720 -9.990e-29
 158.594074      0.400  37.153124    13.2759   12.60880      0.397    31.1628    23.3683 -9.990e-29
 158.594080      0.407  37.162344    13.2801   12.57544      0.404    31.1679    23.3715 -9.990e-29
 158.594086      0.409  37.164123    13.2771   12.56852      0.406    31.1720    23.3752 -9.990e-29
 158.594091      0.402  37.160303    13.2752   12.56419      0.399    31.1700    23.3740 -9.990e-29
 158.594097      0.395  37.172736    13.2810   12.55720      0.392    31.1769    23.3782 -9.990e-29
 158.594103      0.399  37.201200    13.2879   12.54532      0.396    31.1978    23.3930 -9.990e-29
 158.594109      0.419  37.220858    13.2893   12.53387      0.416    31.2149    23.4060 -9.990e-29
 158.594115      0.448  37.225981    13.2871   12.52491      0.444    31.2215    23.4115 -9.990e-29
 158.594120      0.470  37.225670    13.2865   12.51742      0.466    31.2217    23.4118 -9.990e-29
 158.594126      0.484  37.226266    13.2891   12.51224      0.480    31.2201    23.4100 -9.990e-29
 158.594132      0.497  37.229148    13.2909   12.50397      0.493    31.2213    23.4106 -9.990e-29
 158.594138      0.516  37.229773    13.2885   11.94584      0.512    31.2239    23.4131 -9.990e-29
 158.594144      0.538  37.226759    13.2833    8.81356      0.534    31.2253    23.4152 -9.990e-29
 158.594149      0.554  37.222842    13.2805    6.60273      0.549    31.2240    23.4147 -9.990e-29
 158.594155      0.562  37.221238    13.2834    5.61364      0.557    31.2201    23.4111 -9.990e-29
 158.594161      0.567  37.224319    13.2889    5.86632      0.562    31.2184    23.4088 -9.990e-29
 158.594167      0.578  37.228927    13.2923    7.12350      0.573    31.2199    23.4093 -9.990e-29
 158.594172      0.599  37.231140    13.2933    7.69241      0.594    31.2212    23.4100 -9.990e-29
 158.594178      0.627  37.231693    13.2933    7.93597      0.622    31.2217    23.4104 -9.990e-29
 158.594184      0.653  37.231911    13.2931    8.08508      0.648    31.2220    23.4107 -9.990e-29
 158.594190      0.667  37.232108    13.2937    8.16394      0.661    31.2217    23.4104 -9.990e-29
 158.594196      0.677  37.232571    13.2956    8.18553      0.671    31.2206    23.4091 -9.990e-29
 158.594201      0.686  37.233945    13.2980    8.18550      0.680    31.2199    23.4081 -9.990e-29
 158.594207      0.696  37.235844    13.2987    8.17789      0.690    31.2211    23.4089 -9.990e-29
 158.594213      0.710  37.236340    13.2950    8.18440      0.704    31.2246    23.4123 -9.990e-29
 158.594219      0.735  37.232756    13.2845    8.20558      0.729    31.2298    23.4185 -9.990e-29
 158.594225      0.768  37.223705    13.2694    8.21819      0.762    31.2338    23.4245 -9.990e-29
 158.594230      0.801  37.211166    13.2583    8.20876      0.794    31.2312    23.4246 -9.990e-29
 158.594236      0.826  37.201440    13.2589    8.19056      0.819    31.2216    23.4171 -9.990e-29
 158.594242      0.834  37.202331    13.2671    8.18070      0.827    31.2157    23.4110 -9.990e-29
 158.594248      0.834  37.211122    13.2732    8.17829      0.827    31.2189    23.4122 -9.990e-29
 158.594253      0.840  37.217128    13.2737    8.18124      0.833    31.2241    23.4161 -9.990e-29
 158.594259      0.856  37.216610    13.2727    8.18156      0.849    31.2244    23.4166 -9.990e-29
 158.594265      0.878  37.213393    13.2751    8.17582      0.871    31.2194    23.4123 -9.990e-29
 158.594271      0.900  37.212186    13.2799    8.16044      0.892    31.2144    23.4074 -9.990e-29
 158.594277      0.919  37.214017    13.2837    8.14914      0.911    31.2130    23.4056 -9.990e-29
 158.594282      0.936  37.217416    13.2857    8.13193      0.928    31.2145    23.4064 -9.990e-29
 158.594288      0.952  37.221698    13.2865    8.13850      0.944    31.2178    23.4088 -9.990e-29
 158.594294      0.969  37.224739    13.2855    8.13291      0.961    31.2215    23.4118 -9.990e-29
 158.594300      0.986  37.224814    13.2837    8.12600      0.978    31.2230    23.4133 -9.990e-29
 158.594306      1.001  37.224276    13.2829    8.11365      0.993    31.2231    23.4136 -9.990e-29
 158.594311      1.011  37.224662    13.2833    8.11000      1.003    31.2232    23.4136 -9.990e-29
 158.594317      1.020  37.225376    13.2846    8.10347      1.011    31.2228    23.4130 -9.990e-29
 158.594323      1.034  37.226260    13.2862    8.10457      1.025    31.2223    23.4123 -9.990e-29
 158.594329      1.053  37.227384    13.2875    8.10410      1.044    31.2223    23.4120 -9.990e-29
 158.594334      1.074  37.228574    13.2888    8.10682      1.065    31.2223    23.4118 -9.990e-29
 158.594340      1.090  37.229747    13.2908    8.10338      1.081    31.2217    23.4110 -9.990e-29
 158.594346      1.098  37.231353    13.2931    8.08946      1.089    31.2213    23.4102 -9.990e-29
 158.594352      1.103  37.233301    13.2950    8.06932      1.094    31.2216    23.4100 -9.990e-29
 158.594358      1.113  37.234838    13.2950    8.05664      1.104    31.2230    23.4112 -9.990e-29
 158.594363      1.134  37.234660    13.2929    8.05930      1.125    31.2246    23.4128 -9.990e-29
 158.594369      1.161  37.233101    13.2908    8.08353      1.151    31.2248    23.4134 -9.990e-29
 158.594375      1.185  37.231460    13.2893    8.09330      1.175    31.2245    23.4134 -9.990e-29
 158.594381      1.194  37.229800    13.2901    8.07584      1.184    31.2223    23.4116 -9.990e-29
 158.594387      1.189  37.230405    13.2942    8.05846      1.179    31.2195    23.4086 -9.990e-29
 158.594392      1.182  37.234092    13.2990    8.04312      1.172    31.2190    23.4073 -9.990e-29
 158.594398      1.186  37.237937    13.3029    8.05235      1.176    31.2194    23.4068 -9.990e-29
 158.594404      1.200  37.240913    13.3060    8.06546      1.190    31.2196    23.4064 -9.990e-29
 158.594410      1.217  37.243633    13.3083    8.05855      1.207    31.2203    23.4064 -9.990e-29
 158.594416      1.233  37.245809    13.3101    8.04951      1.223    31.2208    23.4065 -9.990e-29
 158.594421      1.247  37.246988    13.3124    8.03534      1.237    31.2200    23.4054 -9.990e-29
 158.594427      1.254  37.248192    13.3169    8.01886      1.244    31.2175    23.4026 -9.990e-29
 158.594433      1.262  37.251598    13.3226    8.02137      1.251    31.2160    23.4003 -9.990e-29
 158.594439      1.283  37.256713    13.3268    8.03467      1.272    31.2173    23.4005 -9.990e-29
 158.594444      1.307  37.260275    13.3287    8.03978      1.296    31.2190    23.4014 -9.990e-29
 158.594450      1.324  37.261436    13.3293    8.02356      1.313    31.2196    23.4018 -9.990e-29
 158.594456      1.330  37.261756    13.3298    8.00442      1.319    31.2195    23.4016 -9.990e-29
 158.594462      1.331  37.262234    13.3307    7.99840      1.320    31.2192    23.4012 -9.990e-29
 158.594468      1.335  37.262957    13.3318    8.01172      1.324    31.2190    23.4008 -9.990e-29
 158.594473      1.345  37.263779    13.3325    8.02892      1.334    31.2192    23.4008 -9.990e-29
