data/oxygen options/ONMS/Olympic_Coast_National_Marine_Sanctuary_Hypoxia_Survey_CTD_Data_2004_2015/raw_data/2005/CTD_CA100_081505faedb.cnv
* Sea-Bird SBE19 Data File:
* FileName = C:\Hypoxia Data\CA100_081505.hex
* Software Version 1.1.6
* Temperature SN = 2997
* Conductivity SN = 2997
* System UpLoad Time = Aug 15 2005 14:47:56
* SEACAT PROFILER V3.1c SN 2997   08/15/05  14:47:11.735
* strain gauge pressure sensor: S/N = 184829,  range = 3000 psia,  tc = 40
# nquan = 9
# nvalues = 97                          
# units = specified
# name 0 = timeJ: Julian Days
# name 1 = prSM: Pressure, Strain Gauge [db]
# name 2 = c0mS/cm: Conductivity [mS/cm]
# name 3 = t090C: Temperature [ITS-90, deg C]
# name 4 = oxML/L: Oxygen, Beckman/YSI [ml/l]
# name 5 = depSM: Depth [salt water, m], lat = 47.5
# name 6 = sal00: Salinity, Practical [PSU]
# name 7 = sigma-é00: Density [sigma-theta, kg/m^3]
# name 8 = flag: flag
# span 0 = 211.020040, 227.607292       
# span 1 =      1.000,     98.000       
# span 2 =  14.631621,  38.022954       
# span 3 =     7.1310,    13.1804       
# span 4 =   -0.10129,    6.73299       
# span 5 =      0.992,     97.159       
# span 6 =    11.1484,    33.9105       
# span 7 =     7.9562,    26.5437       
# span 8 = 0.0000e+00, 0.0000e+00       
# interval = decibars: 1                
# start_time = Aug 15 2005 14:29:46 [Instrument's time stamp, header]
# bad_flag = -9.990e-29
*END*
 227.604014      1.000  14.631621    13.1804   -0.10107      0.992    11.1484     7.9562 0.0000e+00
 227.604042      2.000  36.255604    12.9472   -0.10129      1.983    30.5989    22.9967 0.0000e+00
 227.604078      3.000  38.022954    12.8946   -0.10120      2.974    32.2902    24.3144 0.0000e+00
 211.020040      5.000  34.526728    11.9497    6.48317      4.958    29.2626    22.0221 0.0000e+00
 227.606230      6.000  37.222784    12.8070    6.73299      5.950    31.6141    23.8087 0.0000e+00
 227.606246      7.000  37.135478    12.5442    6.60768      6.942    31.7518    23.9656 0.0000e+00
 227.606259      8.000  37.088878    12.3919    6.63398      7.933    31.8359    24.0597 0.0000e+00
 227.606270      9.000  37.061777    12.3177    6.39466      8.925    31.8726    24.1022 0.0000e+00
 227.606280     10.000  37.041214    12.2356    6.05248      9.917    31.9224    24.1562 0.0000e+00
 227.606291     11.000  36.998811    12.0490    5.83014     10.908    32.0409    24.2829 0.0000e+00
 227.606300     12.000  36.853003    11.6169    5.67534     11.900    32.2728    24.5424 0.0000e+00
 227.606310     13.000  36.565080    11.1698    5.49852     12.891    32.3816    24.7073 0.0000e+00
 227.606319     14.000  36.338027    10.9066    5.31471     13.883    32.3889    24.7596 0.0000e+00
 227.606330     15.000  36.236590    10.7545    5.19491     14.874    32.4225    24.8122 0.0000e+00
 227.606340     16.000  36.098594    10.4847    5.12916     15.866    32.5244    24.9380 0.0000e+00
 227.606349     17.000  35.871945    10.1482    5.09831     16.857    32.5977    25.0522 0.0000e+00
 227.606359     18.000  35.636228     9.8800    5.11234     17.849    32.6003    25.0989 0.0000e+00
 227.606370     19.000  35.483042     9.7027    5.11305     18.841    32.6043    25.1310 0.0000e+00
 227.606380     20.000  35.365230     9.5913    5.06418     19.832    32.5845    25.1336 0.0000e+00
 227.606390     21.000  35.299052     9.5153    4.95687     20.823    32.5853    25.1466 0.0000e+00
 227.606399     22.000  35.249136     9.4158    4.83364     21.815    32.6241    25.1930 0.0000e+00
 227.606409     23.000  35.177454     9.2511    4.71390     22.807    32.7003    25.2787 0.0000e+00
 227.606420     24.000  35.095349     9.1122    4.61702     23.798    32.7423    25.3334 0.0000e+00
 227.606430     25.000  35.040150     9.0088    4.58563     24.790    32.7798    25.3790 0.0000e+00
 227.606441     26.000  34.986112     8.8844    4.61485     25.781    32.8380    25.4439 0.0000e+00
 227.606452     27.000  34.908194     8.7439    4.66194     26.773    32.8864    25.5034 0.0000e+00
 227.606463     28.000  34.837561     8.6352    4.69433     27.765    32.9130    25.5409 0.0000e+00
 227.606475     29.000  34.768312     8.5008    4.72575     28.756    32.9652    25.6022 0.0000e+00
 227.606485     30.000  34.700750     8.3687    4.75666     29.747    33.0172    25.6628 0.0000e+00
 227.606496     31.000  34.654895     8.2983    4.75540     30.739    33.0342    25.6867 0.0000e+00
 227.606506     32.000  34.634188     8.2688    4.74366     31.731    33.0396    25.6954 0.0000e+00
 227.606516     33.000  34.624315     8.2511    4.69990     32.722    33.0454    25.7025 0.0000e+00
 227.606528     34.000  34.617943     8.2222    4.61829     33.714    33.0653    25.7224 0.0000e+00
 227.606539     35.000  34.605561     8.1664    4.52902     34.705    33.1043    25.7613 0.0000e+00
 227.606549     36.000  34.595200     8.1066    4.49817     35.696    33.1493    25.8054 0.0000e+00
 227.606561     37.000  34.582582     8.0801    4.50614     36.688    33.1605    25.8181 0.0000e+00
 227.606571     38.000  34.573377     8.0674    4.51800     37.680    33.1623    25.8214 0.0000e+00
 227.606582     39.000  34.566893     8.0572    4.53253     38.671    33.1646    25.8247 0.0000e+00
 227.606591     40.000  34.562166     8.0424    4.51318     39.663    33.1731    25.8336 0.0000e+00
 227.606602     41.000  34.555070     8.0163    4.50455     40.654    33.1898    25.8505 0.0000e+00
 227.606612     42.000  34.546327     7.9945    4.50725     41.645    33.2007    25.8623 0.0000e+00
 227.606622     43.000  34.539537     7.9745    4.51335     42.637    33.2119    25.8740 0.0000e+00
 227.606632     44.000  34.531252     7.9472    4.50475     43.628    33.2285    25.8911 0.0000e+00
 227.606643     45.000  34.519703     7.9203    4.47401     44.620    33.2413    25.9051 0.0000e+00
 227.606654     46.000  34.516454     7.9109    4.44424     45.611    33.2464    25.9104 0.0000e+00
 227.606665     47.000  34.502936     7.8263    4.39709     46.603    33.3121    25.9742 0.0000e+00
 227.606675     48.000  34.475139     7.7610    4.37013     47.594    33.3442    26.0089 0.0000e+00
 227.606686     49.000  34.464700     7.7319    4.35677     48.586    33.3603    26.0257 0.0000e+00
 227.606696     50.000  34.460000     7.7175    4.34472     49.577    33.3685    26.0343 0.0000e+00
 227.606705     51.000  34.459498     7.7085    4.32538     50.568    33.3762    26.0416 0.0000e+00
 227.606716     52.000  34.460207     7.7011    4.31471     51.560    33.3835    26.0485 0.0000e+00
 227.606726     53.000  34.461166     7.6934    4.28267     52.551    33.3915    26.0558 0.0000e+00
 227.606737     54.000  34.460080     7.6807    4.23376     53.543    33.4020    26.0659 0.0000e+00
 227.606748     55.000  34.458505     7.6599    4.16411     54.534    33.4199    26.0830 0.0000e+00
 227.606758     56.000  34.459298     7.6310    4.14238     55.525    33.4479    26.1091 0.0000e+00
 227.606768     57.000  34.463251     7.6044    4.08306     56.516    33.4773    26.1360 0.0000e+00
 227.606778     58.000  34.468259     7.5871    4.04573     57.508    33.4990    26.1555 0.0000e+00
 227.606788     59.000  34.470587     7.5745    4.02992     58.499    33.5132    26.1685 0.0000e+00
 227.606799     60.000  34.474175     7.5665    4.00808     59.490    33.5244    26.1784 0.0000e+00
 227.606810     61.000  34.482434     7.5608    3.96001     60.482    33.5382    26.1902 0.0000e+00
 227.606822     62.000  34.488370     7.5343    3.89195     61.473    33.5698    26.2187 0.0000e+00
 227.606834     63.000  34.489443     7.5090    3.85679     62.465    33.5949    26.2422 0.0000e+00
 227.606846     64.000  34.484550     7.4939    3.85202     63.456    33.6038    26.2512 0.0000e+00
 227.606858     65.000  34.479774     7.4861    3.84720     64.447    33.6056    26.2538 0.0000e+00
 227.606868     66.000  34.477554     7.4805    3.82439     65.439    33.6082    26.2566 0.0000e+00
 227.606879     67.000  34.475429     7.4716    3.78334     66.430    33.6141    26.2625 0.0000e+00
 227.606890     68.000  34.473053     7.4530    3.71154     67.421    33.6290    26.2769 0.0000e+00
 227.606901     69.000  34.470352     7.4263    3.64442     68.413    33.6515    26.2984 0.0000e+00
 227.606913     70.000  34.468552     7.4131    3.61738     69.404    33.6620    26.3085 0.0000e+00
 227.606927     71.000  34.469274     7.4152    3.61812     70.395    33.6601    26.3068 0.0000e+00
 227.606943     72.000  34.468478     7.4113    3.62180     71.387    33.6626    26.3093 0.0000e+00
 227.606957     73.000  34.466822     7.4080    3.61824     72.378    33.6636    26.3105 0.0000e+00
 227.606970     74.000  34.467266     7.4064    3.58547     73.370    33.6651    26.3119 0.0000e+00
 227.606982     75.000  34.472441     7.4006    3.51739     74.361    33.6758    26.3212 0.0000e+00
 227.606996     76.000  34.482008     7.3923    3.45828     75.352    33.6938    26.3366 0.0000e+00
 227.607010     77.000  34.486645     7.3797    3.37876     76.343    33.7106    26.3516 0.0000e+00
 227.607023     78.000  34.498370     7.3682    3.29649     77.334    33.7341    26.3716 0.0000e+00
 227.607036     79.000  34.513599     7.3666    3.26063     78.326    33.7517    26.3858 0.0000e+00
 227.607050     80.000  34.527654     7.3647    3.23704     79.317    33.7684    26.3991 0.0000e+00
 227.607064     81.000  34.529667     7.3611    3.22009     80.308    33.7735    26.4037 0.0000e+00
 227.607079     82.000  34.528537     7.3490    3.17206     81.299    33.7836    26.4134 0.0000e+00
 227.607091     83.000  34.529181     7.3359    3.12038     82.290    33.7967    26.4255 0.0000e+00
 227.607103     84.000  34.532095     7.3252    3.08897     83.282    33.8098    26.4373 0.0000e+00
 227.607114     85.000  34.531812     7.3168    3.05561     84.273    33.8173    26.4444 0.0000e+00
 227.607126     86.000  34.528725     7.3058    3.01737     85.264    33.8241    26.4513 0.0000e+00
 227.607138     87.000  34.523439     7.2900    2.95719     86.256    33.8333    26.4608 0.0000e+00
 227.607153     88.000  34.516474     7.2617    2.81043     87.247    33.8530    26.4802 0.0000e+00
 227.607168     89.000  34.492339     7.2025    2.65754     88.238    33.8841    26.5130 0.0000e+00
 227.607182     90.000  34.479190     7.1805    2.58515     89.230    33.8908    26.5213 0.0000e+00
 227.607195     91.000  34.471790     7.1616    2.55040     90.221    33.9009    26.5319 0.0000e+00
 227.607207     92.000  34.464742     7.1476    2.52273     91.212    33.9064    26.5382 0.0000e+00
 227.607217     93.000  34.461565     7.1423    2.51069     92.203    33.9077    26.5399 0.0000e+00
 227.607230     94.000  34.460467     7.1397    2.50811     93.194    33.9086    26.5410 0.0000e+00
 227.607244     95.000  34.460151     7.1393    2.50507     94.185    33.9081    26.5407 0.0000e+00
 227.607259     96.000  34.458429     7.1351    2.49066     95.176    33.9099    26.5427 0.0000e+00
 227.607274     97.000  34.455730     7.1310    2.48799     96.168    33.9105    26.5437 0.0000e+00
 227.607292     98.000  34.456015     7.1310    2.49072     97.159    33.9103    26.5436 0.0000e+00
