data/oxygen options/ONMS/Olympic_Coast_National_Marine_Sanctuary_Hypoxia_Survey_CTD_Data_2004_2015/raw_data/2005/CTD_CA45_052405faed.cnv
* Sea-Bird SBE19 Data File:
* FileName = C:\Documents and Settings\kirner.PTANGELES\Desktop\hypoxia CTD data\CA45_052405.hex
* Software Version 1.1.5
* Temperature SN = 2997
* Conductivity SN = 2997
* System UpLoad Time = May 24 2005 15:26:06
* SEACAT PROFILER V3.1c SN 2997   05/24/05  15:25:17.596
* strain gauge pressure sensor: S/N = 184829,  range = 3000 psia,  tc = 40
# nquan = 9                                 
# nvalues = 704                         
# units = specified
# name 0 = timeJ: Julian Days
# name 1 = prSM: Pressure, Strain Gauge [db]
# name 2 = c0mS/cm: Conductivity [mS/cm]
# name 3 = t090C: Temperature [ITS-90, deg C]
# name 4 = oxML/L: Oxygen, Beckman/YSI [ml/l]
# name 5 = depSM: Depth [salt water, m], lat = 47.5
# name 6 = sal00: Salinity, Practical [PSU]
# name 7 = sigma-é00: Density [sigma-theta, kg/m^3]
# name 8 = flag: flag
# span 0 = 144.564734, 144.568802       
# span 1 =     -3.817,     46.471       
# span 2 =   0.204951,  36.542492       
# span 3 =    11.1461,    14.3497       
# span 4 =   -0.12229,   25.80371       
# span 5 =     -3.785,     46.078       
# span 6 =     0.1274,    32.2584       
# span 7 =    -0.5356,    24.6150       
# span 8 = 0.0000e+00, 0.0000e+00       
# interval = seconds: 0.5
# start_time = May 24 2005 13:33:13 [Instrument's time stamp, header]
# bad_flag = -9.990e-29
*END*
 144.564734     -3.817 -9.990e-29    13.1145   -0.12222     -3.785 -9.990e-29 -9.990e-29 -9.990e-29
 144.564740     -3.802   0.209295    13.1139   -0.12223     -3.770     0.1301    -0.5342 -9.990e-29
 144.564745     -3.790   0.208352    13.1128   -0.12225     -3.758     0.1295    -0.5345 -9.990e-29
 144.564751     -3.776   0.206631    13.1112   -0.12228     -3.745     0.1285    -0.5351 -9.990e-29
 144.564757     -3.756   0.205164    13.1094   -0.12226     -3.725     0.1275    -0.5356 -9.990e-29
 144.564763     -3.728   0.204951    13.1078   -0.12229     -3.697     0.1274    -0.5355 -9.990e-29
 144.564769     -3.693   0.205709    13.1068   -0.12214     -3.662     0.1279    -0.5350 -9.990e-29
 144.564774     -3.656   0.206968    13.1063   -0.10316     -3.626     0.1287    -0.5343 -9.990e-29
 144.564780     -3.612   0.208191    13.1061   -0.10091     -3.582     0.1295    -0.5337 -9.990e-29
 144.564786     -3.564   0.208420    13.1056   -0.10051     -3.534     0.1296    -0.5335 -9.990e-29
 144.564792     -3.512   0.209071    13.1037   -0.10045     -3.483     0.1300    -0.5329 -9.990e-29
 144.564797     -3.454   0.216553    13.1002   -0.10070     -3.425     0.1347    -0.5288 -9.990e-29
 144.564803     -3.386   0.246387    13.0993   -0.10088     -3.358     0.1535    -0.5140 -9.990e-29
 144.564809     -3.303   0.340570    13.1100   -0.10117     -3.275     0.2134    -0.4687 -9.990e-29
 144.564815     -3.196   0.618026    13.1508   -0.10169     -3.169     0.3940    -0.3334 -9.990e-29
 144.564821     -3.054   1.430954    13.2791   -0.10205     -3.029     0.9424     0.0759 -9.990e-29
 144.564826     -2.876   3.852167    13.5492   -0.10210     -2.852     2.6617     1.3700 -9.990e-29
 144.564832     -2.668  11.002372    13.8751   -0.10212     -2.646     8.1187     5.5243 -9.990e-29
 144.564838     -2.434  21.809711    14.0962   -0.10207     -2.414    16.9663    12.2817 -9.990e-29
 144.564844     -2.180  29.281308    14.1657   -0.10189     -2.162    23.3973    17.2100 -9.990e-29
 144.564850     -1.921  31.949473    14.1308   -0.10188     -1.905    25.7834    19.0523 -9.990e-29
 144.564855     -1.673  32.843932    14.0324   -0.10203     -1.659    26.6503    19.7389 -9.990e-29
 144.564861     -1.455  33.149481    13.8808   -0.10192     -1.443    27.0308    20.0614 -9.990e-29
 144.564867     -1.276  33.280818    13.7072   -0.10200     -1.265    27.2722    20.2810 -9.990e-29
 144.564873     -1.130  33.387848    13.5723   -0.10199     -1.121    27.4657    20.4562 -9.990e-29
 144.564878     -1.024  33.471476    13.4996   -0.10192     -1.015    27.5942    20.5692 -9.990e-29
 144.564884     -0.953  33.514289    13.4776   -0.10188     -0.945    27.6491    20.6159 -9.990e-29
 144.564890     -0.900  33.546472    13.4943   -0.10183     -0.892    27.6664    20.6260 -9.990e-29
 144.564896     -0.850  33.565552    13.5245   -0.10156     -0.843    27.6620    20.6168 -9.990e-29
 144.564902     -0.799  33.557200    13.5344   -0.10110     -0.792    27.6472    20.6035 -9.990e-29
 144.564907     -0.757  33.542820    13.5277   -0.10079     -0.751    27.6389    20.5984 -9.990e-29
 144.564913     -0.738  33.539701    13.5229   -0.10086     -0.732    27.6395    20.5998 -9.990e-29
 144.564919     -0.750  33.543151    13.5175   -0.10088     -0.744    27.6466    20.6062 -9.990e-29
 144.564925     -0.784  33.548824    13.5186   -0.10093     -0.777    27.6510    20.6094 -9.990e-29
 144.564931     -0.830  33.562071    13.5360   -0.10105     -0.823    27.6505    20.6057 -9.990e-29
 144.564936     -0.887  33.579278    13.5692   -0.10102     -0.880    27.6422    20.5930 -9.990e-29
 144.564942     -0.955  33.588664    13.6317   -0.10085     -0.947    27.6057    20.5528 -9.990e-29
 144.564948     -1.028  33.587078    13.7434   -0.10079     -1.019    27.5241    20.4682 -9.990e-29
 144.564954     -1.099  33.574679    13.8855   -0.10073     -1.090    27.4113    20.3537 -9.990e-29
 144.564959     -1.155  33.543935    13.9942   -0.10064     -1.145    27.3064    20.2517 -9.990e-29
 144.564965     -1.191  33.492014    14.0303   -0.10058     -1.181    27.2341    20.1889 -9.990e-29
 144.564971     -1.214  33.443341    14.0193   -0.10067     -1.204    27.1981    20.1633 -9.990e-29
 144.564977     -1.229  33.442357    13.9998   -0.10079     -1.219    27.2110    20.1770 -9.990e-29
 144.564983     -1.237  33.482734    13.9917   -0.10064     -1.227    27.2531    20.2110 -9.990e-29
 144.564988     -1.244  33.500070    14.0090   -0.10048     -1.234    27.2564    20.2103 -9.990e-29
 144.564994     -1.254  33.479946    14.0475   -0.10042     -1.244    27.2112    20.1678 -9.990e-29
 144.565000     -1.263  33.454966    14.0889   -0.10058     -1.252    27.1595    20.1200 -9.990e-29
 144.565006     -1.264  33.432766    14.1244   -0.10074     -1.253    27.1147    20.0784 -9.990e-29
 144.565012     -1.252  33.408443    14.1497   -0.10058     -1.242    27.0751    20.0430 -9.990e-29
 144.565017     -1.230  33.394435    14.1578   -0.10052     -1.220    27.0569    20.0273 -9.990e-29
 144.565023     -1.210  33.404603    14.1519   -0.10053     -1.200    27.0701    20.0387 -9.990e-29
 144.565029     -1.200  33.418905    14.1558   -0.10055     -1.190    27.0802    20.0457 -9.990e-29
 144.565035     -1.189  33.407116    14.1865   -0.10077     -1.179    27.0481    20.0150 -9.990e-29
 144.565041     -1.170  33.378202    14.2220   -0.10075     -1.160    26.9974    19.9689 -9.990e-29
 144.565046     -1.149  33.359771    14.2283   -0.10068     -1.139    26.9765    19.9516 -9.990e-29
 144.565052     -1.137  33.361466    14.2036   -0.10064     -1.128    26.9953    19.9709 -9.990e-29
 144.565058     -1.134  33.372691    14.1858   -0.10060     -1.125    27.0178    19.9917 -9.990e-29
 144.565064     -1.128  33.375374    14.1980   -0.10065     -1.119    27.0116    19.9846 -9.990e-29
 144.565069     -1.104  33.365265    14.2139   -0.10075     -1.095    26.9915    19.9660 -9.990e-29
 144.565075     -1.061  33.352445    14.2097   -0.10070     -1.052    26.9829    19.9602 -9.990e-29
 144.565081     -1.014  33.351798    14.1854   -0.10062     -1.006    26.9993    19.9776 -9.990e-29
 144.565087     -0.976  33.366414    14.1567   -0.10058     -0.968    27.0324    20.0087 -9.990e-29
 144.565093     -0.945  33.376014    14.1485   -0.10056     -0.937    27.0468    20.0214 -9.990e-29
 144.565098     -0.916  33.369317    14.1600   -0.10061     -0.908    27.0327    20.0083 -9.990e-29
 144.565104     -0.885  33.358711    14.1727   -0.10069     -0.878    27.0143    19.9916 -9.990e-29
 144.565110     -0.852  33.354179    14.1762   -0.10064     -0.845    27.0078    19.9859 -9.990e-29
 144.565116     -0.818  33.359234    14.1680   -0.10059     -0.811    27.0180    19.9954 -9.990e-29
 144.565122     -0.790  33.368316    14.1594   -0.10055     -0.783    27.0322    20.0080 -9.990e-29
 144.565127     -0.770  33.368340    14.1656   -0.10053     -0.764    27.0279    20.0035 -9.990e-29
 144.565133     -0.752  33.361602    14.1833   -0.10052     -0.746    27.0094    19.9858 -9.990e-29
 144.565139     -0.728  33.357078    14.1978   -0.10062     -0.722    26.9953    19.9720 -9.990e-29
 144.565145     -0.695  33.355489    14.2006   -0.10067     -0.689    26.9919    19.9689 -9.990e-29
 144.565150     -0.664  33.357547    14.1921   -0.10060     -0.658    26.9996    19.9765 -9.990e-29
 144.565156     -0.647  33.360418    14.1846   -0.10056     -0.642    27.0074    19.9840 -9.990e-29
 144.565162     -0.641  33.357308    14.1907   -0.10055     -0.636    27.0004    19.9774 -9.990e-29
 144.565168     -0.633  33.349697    14.2063   -0.10055     -0.628    26.9827    19.9607 -9.990e-29
 144.565174     -0.616  33.343715    14.2199   -0.10052     -0.611    26.9678    19.9466 -9.990e-29
 144.565179     -0.591  33.340383    14.2256   -0.10056     -0.586    26.9609    19.9401 -9.990e-29
 144.565185     -0.562  33.340330    14.2200   -0.10071     -0.557    26.9647    19.9442 -9.990e-29
 144.565191     -0.531  33.344636    14.2060   -0.10062     -0.527    26.9783    19.9574 -9.990e-29
 144.565197     -0.505  33.346738    14.1986   -0.10046     -0.501    26.9854    19.9643 -9.990e-29
 144.565203     -0.486  33.343857    14.2058   -0.10039     -0.482    26.9778    19.9570 -9.990e-29
 144.565208     -0.472  33.342261    14.2175   -0.10037     -0.468    26.9682    19.9473 -9.990e-29
 144.565214     -0.460  33.342090    14.2251   -0.10040     -0.456    26.9627    19.9416 -9.990e-29
 144.565220     -0.443  33.340900    14.2282   -0.10045     -0.439    26.9595    19.9385 -9.990e-29
 144.565226     -0.425  33.339375    14.2248   -0.10045     -0.421    26.9605    19.9400 -9.990e-29
 144.565231     -0.410  33.341113    14.2111   -0.10041     -0.407    26.9716    19.9512 -9.990e-29
 144.565237     -0.399  33.347339    14.2013   -0.10039     -0.396    26.9840    19.9627 -9.990e-29
 144.565243     -0.398  33.350124    14.2184   -0.10037     -0.395    26.9746    19.9521 -9.990e-29
 144.565249     -0.401  33.346481    14.2547   -0.10040     -0.398    26.9460    19.9229 -9.990e-29
 144.565255     -0.401  33.342781    14.2838   14.46769     -0.398    26.9225    19.8990 -9.990e-29
 144.565260     -0.388  33.341968    14.2959   24.37194     -0.385    26.9133    19.8896 -9.990e-29
 144.565266     -0.363  33.342431    14.2945   25.80371     -0.360    26.9147    19.8909 -9.990e-29
 144.565272     -0.335  33.342578    14.2885   22.67356     -0.332    26.9190    19.8954 -9.990e-29
 144.565278     -0.317  33.340949    14.2882   14.78534     -0.314    26.9177    19.8945 -9.990e-29
 144.565284     -0.307  33.338198    14.2957   11.82183     -0.304    26.9101    19.8871 -9.990e-29
 144.565289     -0.295  33.336286    14.3040   11.85529     -0.293    26.9026    19.8797 -9.990e-29
 144.565295     -0.278  33.333811    14.3070   11.82555     -0.276    26.8983    19.8758 -9.990e-29
 144.565301     -0.253  33.330303    14.3034   11.83602     -0.251    26.8977    19.8761 -9.990e-29
 144.565307     -0.224  33.328957    14.2985   11.84351     -0.222    26.8998    19.8787 -9.990e-29
 144.565313     -0.196  33.334171    14.2969   11.85397     -0.194    26.9056    19.8835 -9.990e-29
 144.565318     -0.174  33.344514    14.2951   11.86753     -0.173    26.9161    19.8919 -9.990e-29
 144.565324     -0.154  33.351384    14.2874   11.87818     -0.153    26.9276    19.9023 -9.990e-29
 144.565330     -0.137  33.352756    14.2734   11.88578     -0.136    26.9385    19.9135 -9.990e-29
 144.565336     -0.128  33.352167    14.2632   11.89789     -0.127    26.9451    19.9205 -9.990e-29
 144.565341     -0.142  33.351660    14.2678    9.31642     -0.141    26.9414    19.9168 -9.990e-29
 144.565347     -0.173  33.352260    14.2849    5.86203     -0.172    26.9301    19.9047 -9.990e-29
 144.565353     -0.208  33.354231    14.3037    3.90519     -0.206    26.9188    19.8923 -9.990e-29
 144.565359     -0.230  33.356866    14.3160    3.35261     -0.228    26.9126    19.8851 -9.990e-29
 144.565365     -0.230  33.358666    14.3196    4.41784     -0.228    26.9117    19.8837 -9.990e-29
 144.565370     -0.207  33.359259    14.3168    5.50388     -0.205    26.9142    19.8861 -9.990e-29
 144.565376     -0.172  33.358901    14.3130    5.94090     -0.171    26.9165    19.8887 -9.990e-29
 144.565382     -0.135  33.357702    14.3122    6.21226     -0.134    26.9160    19.8884 -9.990e-29
 144.565388     -0.100  33.355768    14.3128    6.34474     -0.099    26.9138    19.8866 -9.990e-29
 144.565394     -0.067  33.353349    14.3119    6.41229     -0.066    26.9123    19.8856 -9.990e-29
 144.565399     -0.043  33.351726    14.3115    6.42845     -0.043    26.9111    19.8848 -9.990e-29
 144.565405     -0.027  33.351565    14.3127    6.44240     -0.027    26.9101    19.8838 -9.990e-29
 144.565411     -0.009  33.352115    14.3097    6.46545     -0.009    26.9127    19.8864 -9.990e-29
 144.565417      0.016  33.353574    14.2925    6.49020      0.016    26.9259    19.9000 -9.990e-29
 144.565422      0.046  33.356234    14.2618    6.50025      0.046    26.9496    19.9243 -9.990e-29
 144.565428      0.074  33.359183    14.2389    6.48986      0.073    26.9682    19.9431 -9.990e-29
 144.565434      0.093  33.360211    14.2395    6.48324      0.092    26.9687    19.9434 -9.990e-29
 144.565440      0.105  33.358467    14.2519    6.47492      0.104    26.9585    19.9331 -9.990e-29
 144.565446      0.122  33.356131    14.2596    6.47834      0.121    26.9511    19.9258 -9.990e-29
 144.565451      0.156  33.354598    14.2617    6.48459      0.155    26.9482    19.9232 -9.990e-29
 144.565457      0.198  33.353157    14.2647    6.48529      0.196    26.9448    19.9200 -9.990e-29
 144.565463      0.235  33.351584    14.2715    6.47571      0.233    26.9387    19.9140 -9.990e-29
 144.565469      0.257  33.350787    14.2807    6.46688      0.255    26.9316    19.9067 -9.990e-29
 144.565475      0.265  33.351402    14.2901    6.46884      0.263    26.9256    19.9002 -9.990e-29
 144.565480      0.267  33.352768    14.2992    6.47014      0.265    26.9205    19.8945 -9.990e-29
 144.565486      0.269  33.353920    14.3062    6.45845      0.267    26.9166    19.8901 -9.990e-29
 144.565492      0.274  33.354726    14.3109    6.44529      0.272    26.9141    19.8872 -9.990e-29
 144.565498      0.287  33.355154    14.3150    6.43892      0.285    26.9116    19.8845 -9.990e-29
 144.565503      0.309  33.355226    14.3198    6.43857      0.306    26.9083    19.8811 -9.990e-29
 144.565509      0.338  33.355049    14.3243    6.44050      0.335    26.9050    19.8776 -9.990e-29
 144.565515      0.366  33.354400    14.3267    6.43084      0.363    26.9028    19.8754 -9.990e-29
 144.565521      0.387  33.352987    14.3268    6.40597      0.384    26.9015    19.8744 -9.990e-29
 144.565527      0.397  33.351178    14.3259    6.40720      0.394    26.9005    19.8738 -9.990e-29
 144.565532      0.403  33.350495    14.3252    6.41044      0.400    26.9003    19.8738 -9.990e-29
 144.565538      0.408  33.350599    14.3247    6.40752      0.405    26.9008    19.8743 -9.990e-29
 144.565544      0.408  33.349400    14.3248    6.40275      0.405    26.8996    19.8734 -9.990e-29
 144.565550      0.399  33.346990    14.3263    6.39025      0.396    26.8964    19.8706 -9.990e-29
 144.565556      0.389  33.344652    14.3283    6.38943      0.386    26.8930    19.8675 -9.990e-29
 144.565561      0.390  33.344325    14.3297    6.39809      0.387    26.8917    19.8663 -9.990e-29
 144.565567      0.407  33.346705    14.3300    6.38481      0.404    26.8936    19.8677 -9.990e-29
 144.565573      0.437  33.349374    14.3296    6.37208      0.433    26.8963    19.8698 -9.990e-29
 144.565579      0.468  33.350857    14.3293    6.36992      0.464    26.8978    19.8711 -9.990e-29
 144.565584      0.489  33.351461    14.3295    6.37426      0.485    26.8982    19.8713 -9.990e-29
 144.565590      0.499  33.350881    14.3310    6.38228      0.495    26.8966    19.8698 -9.990e-29
 144.565596      0.496  33.350036    14.3337    6.37203      0.492    26.8940    19.8673 -9.990e-29
 144.565602      0.487  33.350614    14.3365    6.35444      0.483    26.8926    19.8656 -9.990e-29
 144.565608      0.481  33.351716    14.3380    6.35116      0.477    26.8925    19.8653 -9.990e-29
 144.565613      0.493  33.352582    14.3376    6.35096      0.489    26.8936    19.8662 -9.990e-29
 144.565619      0.523  33.353260    14.3356    6.35009      0.519    26.8956    19.8681 -9.990e-29
 144.565625      0.560  33.352985    14.3332    6.35084      0.555    26.8970    19.8696 -9.990e-29
 144.565631      0.593  33.351960    14.3318    6.34684      0.588    26.8970    19.8700 -9.990e-29
 144.565637      0.621  33.351071    14.3323    6.34509      0.616    26.8959    19.8690 -9.990e-29
 144.565642      0.645  33.351385    14.3330    6.34577      0.640    26.8956    19.8687 -9.990e-29
 144.565648      0.666  33.352770    14.3322    6.33780      0.660    26.8974    19.8702 -9.990e-29
 144.565654      0.686  33.353723    14.3320    6.34303      0.680    26.8984    19.8710 -9.990e-29
