data/oxygen options/ONMS/Olympic_Coast_National_Marine_Sanctuary_Hypoxia_Survey_CTD_Data_2004_2015/raw_data/2005/CTD_CA100_052405faed.cnv
* Sea-Bird SBE19 Data File:
* FileName = C:\Documents and Settings\kirner.PTANGELES\Desktop\hypoxia CTD data\CA100_052405.hex
* Software Version 1.1.5
* Temperature SN = 2997
* Conductivity SN = 2997
* System UpLoad Time = May 24 2005 15:39:39
* SEACAT PROFILER V3.1c SN 2997   05/24/05  15:38:26.197
* strain gauge pressure sensor: S/N = 184829,  range = 3000 psia,  tc = 40
# nquan = 9                                 
# nvalues = 951                         
# units = specified
# name 0 = timeJ: Julian Days
# name 1 = prSM: Pressure, Strain Gauge [db]
# name 2 = c0mS/cm: Conductivity [mS/cm]
# name 3 = t090C: Temperature [ITS-90, deg C]
# name 4 = oxML/L: Oxygen, Beckman/YSI [ml/l]
# name 5 = depSM: Depth [salt water, m], lat = 47.5
# name 6 = sal00: Salinity, Practical [PSU]
# name 7 = sigma-é00: Density [sigma-theta, kg/m^3]
# name 8 = flag: flag
# span 0 = 144.622164, 144.627662       
# span 1 =     -3.237,    100.812       
# span 2 =   0.865778,  36.990586       
# span 3 =     8.0912,    14.0488       
# span 4 =  -13.61488,   26.72489       
# span 5 =     -3.210,     99.946       
# span 6 =     0.5572,    33.6295       
# span 7 =    -0.2249,    26.1824       
# span 8 = 0.0000e+00, 0.0000e+00       
# interval = seconds: 0.5
# start_time = May 24 2005 14:55:55 [Instrument's time stamp, header]
# bad_flag = -9.990e-29
*END*
[from data line 641]
 144.625874     99.765  35.053847     8.0925    2.32863     98.908    33.6214    26.1790 -9.990e-29
 144.625880     99.815  35.053513     8.0924    2.32535     98.958    33.6211    26.1788 -9.990e-29
 144.625885     99.904  35.053507     8.0925    2.32209     99.046    33.6210    26.1787 -9.990e-29
 144.625891    100.029  35.053258     8.0925    2.31695     99.170    33.6206    26.1784 -9.990e-29
 144.625897    100.181  35.052992     8.0921    2.32579     99.321    33.6207    26.1785 -9.990e-29
 144.625903    100.340  35.052909     8.0915    2.32743     99.478    33.6211    26.1789 0.0000e+00
 144.625909    100.486  35.052896     8.0912    2.32217     99.623    33.6213    26.1791 -9.990e-29
 144.625914    100.607  35.052929     8.0914    2.32210     99.743    33.6211    26.1789 -9.990e-29
 144.625920    100.698  35.053048     8.0919    2.32607     99.833    33.6207    26.1785 -9.990e-29
 144.625926    100.760  35.053410     8.0923    2.32260     99.895    33.6207    26.1785 -9.990e-29
 144.625932    100.797  35.053933     8.0928    2.33137     99.931    33.6207    26.1784 -9.990e-29
 144.625937    100.812  35.054189     8.0934    2.31698     99.946    33.6204    26.1781 -9.990e-29
 144.625943    100.806  35.053958     8.0939    2.31257     99.940    33.6197    26.1775 -9.990e-29
 144.625949    100.778  35.053490     8.0941    2.32861     99.913    33.6190    26.1769 -9.990e-29
 144.625955    100.726  35.053280     8.0940    2.32442     99.861    33.6189    26.1768 -9.990e-29
 144.625961    100.648  35.053605     8.0938    2.32894     99.784    33.6195    26.1773 -9.990e-29
 144.625966    100.542  35.054337     8.0938    2.33271     99.679    33.6203    26.1780 -9.990e-29
 144.625972    100.414  35.054769     8.0937    2.32275     99.552    33.6209    26.1785 0.0000e+00
 144.625978    100.274  35.054353     8.0937    2.31708     99.413    33.6205    26.1782 0.0000e+00
 144.625984    100.125  35.053654     8.0939    2.32108     99.265    33.6197    26.1774 0.0000e+00
 144.625990     99.963  35.053420     8.0939    2.32067     99.105    33.6195    26.1773 0.0000e+00
 144.625995     99.772  35.053337     8.0936    2.32523     98.915    33.6198    26.1776 0.0000e+00
 144.626001     99.536  35.052732     8.0931    2.32722     98.681    33.6197    26.1776 0.0000e+00
 144.626007     99.254  35.051917     8.0928    2.31647     98.402    33.6193    26.1773 0.0000e+00
 144.626013     98.936  35.051483     8.0930    2.32218     98.087    33.6188    26.1769 0.0000e+00
 144.626019     98.602  35.051414     8.0935    2.32426     97.756    33.6184    26.1765 0.0000e+00
 144.626024     98.272  35.051617     8.0937    2.32593     97.429    33.6186    26.1766 0.0000e+00
 144.626030     97.955  35.051801     8.0938    2.32679     97.114    33.6188    26.1767 0.0000e+00
 144.626036     97.641  35.051651     8.0942    2.32402     96.803    33.6184    26.1764 0.0000e+00
 144.626042     97.312  35.051525     8.0952    2.32390     96.477    33.6175    26.1755 0.0000e+00
 144.626047     96.971  35.051816     8.0965    2.33037     96.139    33.6167    26.1747 0.0000e+00
 144.626053     96.633  35.052349     8.0975    2.33189     95.804    33.6165    26.1743 0.0000e+00
 144.626059     96.311  35.052714     8.0981    2.33223     95.485    33.6164    26.1742 0.0000e+00
 144.626065     96.010  35.052836     8.0983    2.32995     95.187    33.6165    26.1743 0.0000e+00
 144.626071     95.732  35.052879     8.0984    2.33311     94.911    33.6166    26.1743 0.0000e+00
 144.626076     95.469  35.052899     8.0985    2.33509     94.650    33.6167    26.1743 0.0000e+00
 144.626082     95.204  35.052920     8.0986    2.32751     94.388    33.6167    26.1743 0.0000e+00
 144.626088     94.927  35.052966     8.0990    2.33011     94.113    33.6165    26.1741 0.0000e+00
 144.626094     94.644  35.053098     8.1000    2.32729     93.833    33.6158    26.1734 0.0000e+00
 144.626100     94.353  35.053492     8.1013    2.32832     93.544    33.6151    26.1727 0.0000e+00
 144.626105     94.048  35.054110     8.1025    2.32223     93.242    33.6148    26.1722 0.0000e+00
 144.626111     93.732  35.054652     8.1037    2.33204     92.929    33.6144    26.1717 0.0000e+00
 144.626117     93.401  35.055280     8.1048    2.32826     92.601    33.6141    26.1714 0.0000e+00
 144.626123     93.047  35.056270     8.1066    2.32815     92.250    33.6136    26.1707 0.0000e+00
 144.626128     92.678  35.057820     8.1108    2.32775     91.884    33.6114    26.1683 0.0000e+00
 144.626134     92.304  35.060876     8.1186    2.32213     91.513    33.6074    26.1640 0.0000e+00
 144.626140     91.923  35.066148     8.1296    2.33957     91.136    33.6026    26.1586 0.0000e+00
 144.626146     91.535  35.072816     8.1413    2.34926     90.751    33.5987    26.1538 0.0000e+00
 144.626152     91.152  35.079118     8.1501    2.34313     90.371    33.5972    26.1513 0.0000e+00
 144.626157     90.782  35.083366     8.1546    2.33765     90.005    33.5976    26.1509 0.0000e+00
 144.626163     90.436  35.085060     8.1554    2.34422     89.662    33.5988    26.1518 0.0000e+00
 144.626169     90.118  35.084778     8.1547    2.33175     89.346    33.5993    26.1523 0.0000e+00
 144.626175     89.820  35.083826     8.1560    2.34549     89.051    33.5972    26.1504 0.0000e+00
 144.626181     89.528  35.084296     8.1593    2.35209     88.762    33.5946    26.1479 0.0000e+00
 144.626186     89.219  35.086253     8.1623    2.34998     88.455    33.5940    26.1470 0.0000e+00
 144.626192     88.877  35.087817     8.1659    2.35300     88.116    33.5924    26.1452 0.0000e+00
 144.626198     88.511  35.089389     8.1711    2.34473     87.753    33.5892    26.1419 0.0000e+00
 144.626204     88.136  35.091944     8.1754    2.35514     87.382    33.5880    26.1403 0.0000e+00
 144.626209     87.761  35.093843     8.1771    2.36422     87.010    33.5886    26.1405 0.0000e+00
 144.626215     87.398  35.094257     8.1774    2.37250     86.650    33.5889    26.1407 0.0000e+00
 144.626221     87.045  35.094299     8.1779    2.36446     86.300    33.5886    26.1404 0.0000e+00
 144.626227     86.688  35.094585     8.1803    2.36159     85.946    33.5868    26.1386 0.0000e+00
 144.626233     86.320  35.096053     8.1853    2.35803     85.582    33.5838    26.1355 0.0000e+00
 144.626238     85.945  35.098978     8.1908    2.36308     85.210    33.5818    26.1331 0.0000e+00
 144.626244     85.560  35.101653     8.1949    2.37734     84.828    33.5809    26.1318 0.0000e+00
 144.626250     85.158  35.103161     8.1989    2.36836     84.430    33.5789    26.1296 0.0000e+00
 144.626256     84.734  35.104390     8.2050    2.38002     84.010    33.5745    26.1253 0.0000e+00
 144.626262     84.300  35.106417     8.2122    2.37708     83.579    33.5700    26.1206 0.0000e+00
 144.626267     83.879  35.109142     8.2171    2.39172     83.162    33.5684    26.1187 0.0000e+00
 144.626273     83.487  35.111156     8.2187    2.39917     82.773    33.5692    26.1190 0.0000e+00
 144.626279     83.126  35.111782     8.2203    2.41294     82.416    33.5685    26.1183 0.0000e+00
 144.626285     82.779  35.112416     8.2261    2.43157     82.072    33.5638    26.1137 0.0000e+00
 144.626291     82.435  35.115021     8.2422    2.46863     81.731    33.5514    26.1015 0.0000e+00
 144.626296     82.093  35.122507     8.2692    2.49781     81.392    33.5337    26.0836 0.0000e+00
 144.626302     81.752  35.135326     8.2915    2.52503     81.054    33.5262    26.0744 0.0000e+00
 144.626308     81.407  35.145342     8.3004    2.57650     80.712    33.5285    26.0748 0.0000e+00
 144.626314     81.050  35.147412     8.3100    2.63556     80.358    33.5217    26.0681 0.0000e+00
 144.626319     80.667  35.149346     8.3368    2.70445     79.978    33.4984    26.0458 0.0000e+00
 144.626325     80.253  35.159325     8.3787    2.76748     79.568    33.4693    26.0166 0.0000e+00
 144.626331     79.827  35.174954     8.4210    2.79598     79.145    33.4458    25.9918 0.0000e+00
 144.626337     79.411  35.189045     8.4498    2.82246     78.733    33.4336    25.9779 0.0000e+00
 144.626343     79.022  35.197410     8.4631    2.84626     78.347    33.4300    25.9730 0.0000e+00
 144.626348     78.666  35.199435     8.4719    2.85510     77.995    33.4240    25.9670 0.0000e+00
 144.626354     78.336  35.199507     8.4832    2.86738     77.667    33.4135    25.9570 0.0000e+00
 144.626360     78.012  35.202394     8.4972    2.87316     77.346    33.4034    25.9470 0.0000e+00
 144.626366     77.673  35.208021     8.5196    2.88954     77.010    33.3883    25.9317 0.0000e+00
 144.626372     77.319  35.215677     8.5513    2.91685     76.659    33.3666    25.9099 0.0000e+00
 144.626377     76.966  35.224371     8.5820    2.96624     76.309    33.3469    25.8898 0.0000e+00
 144.626383     76.622  35.232446     8.6091    3.01592     75.968    33.3300    25.8724 0.0000e+00
 144.626389     76.276  35.239473     8.6511    3.07890     75.625    33.2979    25.8408 0.0000e+00
 144.626395     75.921  35.246990     8.7220    3.13571     75.274    33.2393    25.7840 0.0000e+00
 144.626400     75.558  35.258305     8.7956    3.18122     74.914    33.1824    25.7280 0.0000e+00
 144.626406     75.204  35.271144     8.8395    3.20994     74.563    33.1549    25.6997 0.0000e+00
 144.626412     74.870  35.279667     8.8568    3.22226     74.232    33.1478    25.6915 0.0000e+00
 144.626418     74.548  35.283492     8.8634    3.25776     73.912    33.1457    25.6889 0.0000e+00
 144.626424     74.213  35.284372     8.8733    3.29848     73.580    33.1376    25.6809 0.0000e+00
 144.626429     73.847  35.284615     8.8986    3.33415     73.218    33.1144    25.6588 0.0000e+00
 144.626435     73.459  35.286239     8.9344    3.36148     72.833    33.0829    25.6286 0.0000e+00
 144.626441     73.069  35.286937     8.9608    3.36957     72.446    33.0592    25.6059 0.0000e+00
 144.626447     72.695  35.286538     8.9704    3.37860     72.076    33.0501    25.5973 0.0000e+00
 144.626453     72.340  35.288455     8.9729    3.40151     71.724    33.0499    25.5967 0.0000e+00
 144.626458     71.990  35.290778     8.9766    3.43961     71.377    33.0490    25.5955 0.0000e+00
 144.626464     71.622  35.289888     8.9849    3.47390     71.012    33.0406    25.5875 0.0000e+00
 144.626470     71.226  35.286290     9.0003    3.51116     70.619    33.0227    25.5711 0.0000e+00
 144.626476     70.815  35.279687     9.0199    3.54696     70.212    32.9978    25.5486 0.0000e+00
 144.626481     70.418  35.269698     9.0334    3.56733     69.818    32.9751    25.5287 0.0000e+00
 144.626487     70.057  35.263207     9.0376    3.60060     69.461    32.9646    25.5199 0.0000e+00
 144.626493     69.730  35.263351     9.0417    3.63205     69.136    32.9611    25.5165 0.0000e+00
 144.626499     69.417  35.261367     9.0508    3.66229     68.826    32.9508    25.5069 0.0000e+00
 144.626505     69.093  35.254621     9.0613    3.69342     68.505    32.9342    25.4923 0.0000e+00
 144.626510     68.747  35.248145     9.0722    3.72525     68.162    32.9176    25.4776 0.0000e+00
 144.626516     68.378  35.240047     9.0847    3.76021     67.796    32.8978    25.4601 0.0000e+00
 144.626522     67.988  35.227952     9.0970    3.80491     67.409    32.8741    25.4396 0.0000e+00
 144.626528     67.586  35.215931     9.1067    3.82769     67.011    32.8528    25.4215 0.0000e+00
 144.626534     67.190  35.205354     9.1142    3.83012     66.618    32.8351    25.4065 0.0000e+00
 144.626539     66.808  35.195027     9.1202    3.83535     66.240    32.8191    25.3929 0.0000e+00
 144.626545     66.446  35.186334     9.1237    3.83009     65.881    32.8070    25.3829 0.0000e+00
 144.626551     66.111  35.182278     9.1248    3.82725     65.549    32.8019    25.3788 0.0000e+00
 144.626557     65.803  35.183070     9.1262    3.83816     65.243    32.8016    25.3783 0.0000e+00
 144.626563     65.511  35.183052     9.1287    3.84739     64.954    32.7994    25.3762 0.0000e+00
 144.626568     65.211  35.179971     9.1309    3.84217     64.657    32.7943    25.3719 0.0000e+00
 144.626574     64.890  35.177576     9.1336    3.84759     64.338    32.7895    25.3677 0.0000e+00
 144.626580     64.549  35.174930     9.1372    3.85582     64.000    32.7836    25.3625 0.0000e+00
 144.626586     64.194  35.169639     9.1400    3.86164     63.648    32.7757    25.3559 0.0000e+00
 144.626591     63.839  35.165315     9.1417    3.87641     63.296    32.7699    25.3510 0.0000e+00
 144.626597     63.486  35.163494     9.1443    3.88540     62.946    32.7657    25.3474 0.0000e+00
 144.626603     63.125  35.159519     9.1509    3.90747     62.589    32.7557    25.3385 0.0000e+00
 144.626609     62.751  35.147543     9.1604    3.92806     62.218    32.7348    25.3206 0.0000e+00
 144.626615     62.374  35.130671     9.1682    3.94266     61.844    32.7103    25.3002 0.0000e+00
 144.626620     62.004  35.119499     9.1727    3.94593     61.477    32.6948    25.2874 0.0000e+00
 144.626626     61.643  35.115407     9.1760    3.96058     61.119    32.6877    25.2813 0.0000e+00
 144.626632     61.290  35.113511     9.1795    3.98168     60.769    32.6827    25.2768 0.0000e+00
 144.626638     60.939  35.112420     9.1838    4.01997     60.421    32.6778    25.2723 0.0000e+00
 144.626644     60.589  35.112374     9.1903    4.06924     60.075    32.6719    25.2667 0.0000e+00
 144.626649     60.240  35.112764     9.2046    4.11753     59.729    32.6594    25.2547 0.0000e+00
 144.626655     59.886  35.113003     9.2391    4.17232     59.378    32.6283    25.2248 0.0000e+00
 144.626661     59.526  35.113981     9.2931    4.21378     59.021    32.5802    25.1787 0.0000e+00
 144.626667     59.168  35.118137     9.3394    4.23836     58.666    32.5424    25.1418 0.0000e+00
 144.626672     58.821  35.124303     9.3595    4.26625     58.322    32.5306    25.1294 0.0000e+00
 144.626678     58.491  35.126710     9.3625    4.29415     57.995    32.5305    25.1288 0.0000e+00
 144.626684     58.169  35.125228     9.3634    4.32296     57.675    32.5283    25.1270 0.0000e+00
 144.626690     57.842  35.124622     9.3716    4.37893     57.351    32.5204    25.1195 0.0000e+00
 144.626696     57.504  35.128018     9.3979    4.44271     57.016    32.5002    25.0994 0.0000e+00
 144.626701     57.154  35.139956     9.4474    4.50578     56.669    32.4677    25.0661 0.0000e+00
 144.626707     56.795  35.163469     9.5102    4.57554     56.313    32.4351    25.0306 0.0000e+00
 144.626713     56.429  35.196848     9.5723    4.61740     55.950    32.4133    25.0036 0.0000e+00
 144.626719     56.061  35.234163     9.6241    4.60530     55.586    32.4049    24.9887 0.0000e+00
 144.626725     55.695  35.267446     9.6641    4.61321     55.223    32.4030    24.9807 0.0000e+00
 144.626730     55.338  35.292883     9.6971    4.64406     54.869    32.3994    24.9725 0.0000e+00
 144.626736     54.994  35.311894     9.7196    4.71799     54.528    32.3986    24.9683 0.0000e+00
 144.626742     54.670  35.323493     9.7281    4.86038     54.207    32.4030    24.9703 0.0000e+00
 144.626748     54.372  35.328589     9.7362    4.98913     53.911    32.4010    24.9674 0.0000e+00
 144.626753     54.088  35.337356     9.7642    5.12122     53.630    32.3848    24.9502 0.0000e+00
 144.626759     53.802  35.360374     9.8453    5.23539     53.346    32.3356    24.8985 0.0000e+00
 144.626765     53.498  35.417692    10.0323    5.34967     53.045    32.2266    24.7827 0.0000e+00
 144.626771     53.171  35.557715    10.3034    5.46728     52.720    32.1272    24.6599 0.0000e+00
 144.626777     52.826  35.774845    10.5351    5.54494     52.378    32.1401    24.6308 0.0000e+00
 144.626782     52.474  35.959427    10.6566    5.63021     52.029    32.2172    24.6700 0.0000e+00
 144.626788     52.123  36.045333    10.6931    5.68364     51.681    32.2707    24.7053 0.0000e+00
