data/oxygen options/ONMS/Olympic_Coast_National_Marine_Sanctuary_Hypoxia_Survey_CTD_Data_2004_2015/raw_data/2005/CTD_TH35_070705faed.cnv
* Sea-Bird SBE19 Data File:
* FileName = C:\Hypoxia Data\TH35_070705.hex
* Software Version 1.1.6
* Temperature SN = 2997
* Conductivity SN = 2997
* System UpLoad Time = Jul 07 2005 09:56:34
* SEACAT PROFILER V3.1c SN 2997   07/07/05  09:55:42.488
* strain gauge pressure sensor: S/N = 184829,  range = 3000 psia,  tc = 40
# nquan = 9                                 
# nvalues = 870                         
# units = specified
# name 0 = timeJ: Julian Days
# name 1 = prSM: Pressure, Strain Gauge [db]
# name 2 = c0mS/cm: Conductivity [mS/cm]
# name 3 = t090C: Temperature [ITS-90, deg C]
# name 4 = oxML/L: Oxygen, Beckman/YSI [ml/l]
# name 5 = depSM: Depth [salt water, m], lat = 47.5
# name 6 = sal00: Salinity, Practical [PSU]
# name 7 = sigma-é00: Density [sigma-theta, kg/m^3]
# name 8 = flag: flag
# span 0 = 188.395891, 188.400920       
# span 1 =     -3.791,     35.566       
# span 2 =   0.796005,  38.973130       
# span 3 =     8.9638,    15.8341       
# span 4 =   -0.11346,   23.38564       
# span 5 =     -3.759,     35.266       
# span 6 =     0.4795,    32.9251       
# span 7 =    -0.6534,    25.4975       
# span 8 = 0.0000e+00, 0.0000e+00       
# interval = seconds: 0.5
# start_time = Jul 07 2005 09:30:05 [Instrument's time stamp, header]
# bad_flag = -9.990e-29
*END*
[from data line 641]
 188.399601     31.026  35.504659     9.6801    8.22120     30.765    32.6416    25.1640 0.0000e+00
 188.399606     31.218  35.532628     9.7562    8.22735     30.955    32.6011    25.1199 0.0000e+00
 188.399612     31.363  35.582344     9.8164    8.19986     31.099    32.5972    25.1070 -9.990e-29
 188.399618     31.485  35.611901     9.8368    8.14332     31.220    32.6087    25.1127 -9.990e-29
 188.399624     31.598  35.616429     9.8267    8.10094     31.332    32.6224    25.1251 -9.990e-29
 188.399630     31.704  35.606454     9.7804    8.08669     31.437    32.6542    25.1575 -9.990e-29
 188.399635     31.810  35.574274     9.6931    8.05644     31.542    32.7006    25.2080 -9.990e-29
 188.399641     31.914  35.520138     9.5919    8.02966     31.645    32.7373    25.2531 -9.990e-29
 188.399647     32.006  35.462104     9.5236    8.01578     31.736    32.7401    25.2664 -9.990e-29
 188.399653     32.075  35.426474     9.5075    8.02529     31.805    32.7182    25.2518 -9.990e-29
 188.399659     32.115  35.420646     9.5265    8.05869     31.844    32.6949    25.2305 -9.990e-29
 188.399664     32.135  35.431782     9.5536    8.12596     31.864    32.6816    25.2158 -9.990e-29
 188.399670     32.143  35.446132     9.5736    8.19055     31.872    32.6781    25.2098 -9.990e-29
 188.399676     32.145  35.457599     9.5840    8.20906     31.874    32.6804    25.2099 -9.990e-29
 188.399682     32.137  35.463530     9.5871    8.21476     31.866    32.6836    25.2119 -9.990e-29
 188.399688     32.118  35.463416     9.5917    8.20003     31.847    32.6793    25.2078 -9.990e-29
 188.399693     32.095  35.464946     9.6039    8.17667     31.825    32.6698    25.1984 -9.990e-29
 188.399699     32.075  35.472392     9.6181    8.18074     31.805    32.6645    25.1920 -9.990e-29
 188.399705     32.066  35.481100     9.6230    8.16768     31.796    32.6690    25.1947 -9.990e-29
 188.399711     32.072  35.483053     9.6104    8.13462     31.802    32.6824    25.2072 -9.990e-29
 188.399716     32.096  35.474121     9.5750    8.10506     31.826    32.7055    25.2310 -9.990e-29
 188.399722     32.141  35.452479     9.5198    8.07861     31.870    32.7336    25.2619 -9.990e-29
 188.399728     32.193  35.418971     9.4677    8.06600     31.922    32.7468    25.2806 -9.990e-29
 188.399734     32.232  35.388323     9.4448    8.08315     31.960    32.7362    25.2760 -9.990e-29
 188.399740     32.250  35.375148     9.4518    8.11593     31.978    32.7163    25.2593 -9.990e-29
 188.399745     32.247  35.378676     9.4689    8.12362     31.975    32.7043    25.2472 -9.990e-29
 188.399751     32.235  35.387900     9.4815    8.14178     31.963    32.7023    25.2436 -9.990e-29
 188.399757     32.227  35.394373     9.4863    8.14012     31.956    32.7045    25.2446 -9.990e-29
 188.399763     32.222  35.396069     9.4852    8.14405     31.951    32.7073    25.2469 -9.990e-29
 188.399769     32.212  35.394684     9.4854    8.13934     31.941    32.7057    25.2456 -9.990e-29
 188.399774     32.196  35.395087     9.4901    8.16124     31.925    32.7018    25.2418 -9.990e-29
 188.399780     32.181  35.398366     9.4949    8.16028     31.910    32.7008    25.2403 -9.990e-29
 188.399786     32.175  35.401035     9.4955    8.15717     31.904    32.7030    25.2419 -9.990e-29
 188.399792     32.186  35.401040     9.4883    8.15031     31.915    32.7096    25.2482 -9.990e-29
 188.399797     32.210  35.396696     9.4731    8.14388     31.939    32.7190    25.2580 -9.990e-29
 188.399803     32.232  35.387248     9.4619    8.14741     31.960    32.7195    25.2602 -9.990e-29
 188.399809     32.241  35.380268     9.4676    8.17018     31.969    32.7071    25.2496 -9.990e-29
 188.399815     32.236  35.383813     9.4847    8.14455     31.964    32.6951    25.2375 -9.990e-29
 188.399821     32.236  35.393628     9.4969    8.11689     31.964    32.6941    25.2347 -9.990e-29
 188.399826     32.256  35.399810     9.4930    8.11073     31.984    32.7040    25.2431 -9.990e-29
 188.399832     32.299  35.396583     9.4712    8.10680     32.027    32.7206    25.2595 -9.990e-29
 188.399838     32.349  35.384122     9.4425    8.12986     32.077    32.7340    25.2746 -9.990e-29
 188.399844     32.389  35.368785     9.4276    8.18290     32.116    32.7318    25.2753 -9.990e-29
 188.399850     32.409  35.360940     9.4354    8.16659     32.136    32.7166    25.2622 -9.990e-29
 188.399855     32.405  35.365245     9.4563    8.19073     32.132    32.7019    25.2474 -9.990e-29
 188.399861     32.385  35.376216     9.4774    8.20386     32.112    32.6939    25.2377 -9.990e-29
 188.399867     32.366  35.386612     9.4912    8.20886     32.093    32.6920    25.2340 -9.990e-29
 188.399873     32.368  35.392911     9.4960    8.22835     32.095    32.6941    25.2349 -9.990e-29
 188.399878     32.403  35.394539     9.4940    8.26121     32.130    32.6976    25.2379 -9.990e-29
 188.399884     32.466  35.392539     9.4882    8.27671     32.193    32.7008    25.2414 -9.990e-29
 188.399890     32.551  35.388719     9.4820    8.26159     32.277    32.7025    25.2437 -9.990e-29
 188.399896     32.660  35.384703     9.4782    8.21729     32.385    32.7018    25.2437 -9.990e-29
 188.399902     32.791  35.382410     9.4750    8.16823     32.515    32.7023    25.2447 0.0000e+00
 188.399907     32.948  35.381016     9.4622    8.13122     32.670    32.7125    25.2547 0.0000e+00
 188.399913     33.142  35.374166     9.4282    8.10563     32.863    32.7364    25.2788 0.0000e+00
 188.399919     33.380  35.357204     9.3697    8.03070     33.099    32.7724    25.3163 0.0000e+00
 188.399925     33.661  35.329924     9.2879    7.97539     33.377    32.8192    25.3660 0.0000e+00
 188.399931     33.967  35.291816     9.1879    7.92702     33.681    32.8717    25.4229 0.0000e+00
 188.399936     34.276  35.244182     9.0914    7.90189     33.987    32.9113    25.4691 0.0000e+00
 188.399942     34.570  35.199161     9.0258    7.92440     34.279    32.9251    25.4901 0.0000e+00
 188.399948     34.832  35.170691     8.9948    7.92717     34.538    32.9240    25.4942 0.0000e+00
 188.399954     35.054  35.158338     8.9828    7.92670     34.758    32.9222    25.4946 0.0000e+00
 188.399959     35.241  35.153458     8.9760    7.92526     34.944    32.9233    25.4966 0.0000e+00
 188.399965     35.397  35.149533     8.9713    7.94137     35.099    32.9235    25.4975 -9.990e-29
 188.399971     35.510  35.146363     8.9717    7.95977     35.211    32.9198    25.4945 -9.990e-29
 188.399977     35.566  35.146436     8.9767    7.96218     35.266    32.9152    25.4901 -9.990e-29
 188.399983     35.556  35.148158     8.9855    7.97637     35.256    32.9089    25.4838 -9.990e-29
 188.399988     35.479  35.150450     8.9929    7.99792     35.180    32.9045    25.4792 -9.990e-29
 188.399994     35.352  35.151876     8.9913    7.99443     35.054    32.9075    25.4818 0.0000e+00
 188.400000     35.209  35.149845     8.9879    8.01031     34.912    32.9086    25.4832 0.0000e+00
 188.400006     35.084  35.148374     8.9902    8.00718     34.788    32.9050    25.4800 -9.990e-29
 188.400012     34.990  35.149976     8.9953    8.01132     34.695    32.9020    25.4768 -9.990e-29
 188.400017     34.925  35.151735     9.0031    8.03366     34.631    32.8966    25.4714 -9.990e-29
 188.400023     34.886  35.154303     9.0162    8.06984     34.592    32.8872    25.4620 -9.990e-29
 188.400029     34.869  35.159975     9.0268    8.04951     34.575    32.8833    25.4573 -9.990e-29
 188.400035     34.870  35.164535     9.0220    8.03958     34.576    32.8925    25.4652 -9.990e-29
 188.400041     34.880  35.161722     9.0047    8.02432     34.586    32.9055    25.4782 -9.990e-29
 188.400046     34.896  35.153385     8.9879    7.99985     34.602    32.9124    25.4862 -9.990e-29
 188.400052     34.914  35.145776     8.9780    7.98163     34.620    32.9136    25.4887 -9.990e-29
 188.400058     34.926  35.141627     8.9736    7.99513     34.632    32.9134    25.4892 -9.990e-29
 188.400064     34.934  35.139877     8.9728    7.99816     34.640    32.9123    25.4884 -9.990e-29
 188.400069     34.942  35.139303     8.9750    8.02271     34.647    32.9097    25.4860 -9.990e-29
 188.400075     34.943  35.139691     8.9789    8.02826     34.648    32.9065    25.4829 -9.990e-29
 188.400081     34.927  35.140424     8.9832    8.03133     34.633    32.9033    25.4797 -9.990e-29
 188.400087     34.895  35.140979     8.9872    8.07098     34.601    32.9001    25.4767 -9.990e-29
 188.400093     34.843  35.142095     8.9951    8.11089     34.549    32.8940    25.4706 -9.990e-29
 188.400098     34.777  35.146010     9.0177    8.10943     34.484    32.8772    25.4540 -9.990e-29
 188.400104     34.715  35.157958     9.0468    8.08296     34.422    32.8628    25.4381 -9.990e-29
 188.400110     34.677  35.173327     9.0616    8.06540     34.385    32.8651    25.4376 -9.990e-29
 188.400116     34.678  35.180116     9.0582    8.05522     34.386    32.8753    25.4461 -9.990e-29
 188.400122     34.715  35.176745     9.0420    8.06311     34.422    32.8867    25.4576 -9.990e-29
 188.400127     34.763  35.167701     9.0251    8.05752     34.470    32.8929    25.4651 -9.990e-29
 188.400133     34.797  35.160554     9.0151    8.03780     34.504    32.8947    25.4681 -9.990e-29
 188.400139     34.810  35.157552     9.0094    8.02976     34.517    32.8969    25.4707 -9.990e-29
 188.400145     34.815  35.155262     9.0043    8.05143     34.522    32.8992    25.4733 -9.990e-29
 188.400150     34.821  35.152323     8.9962    8.05010     34.527    32.9036    25.4780 -9.990e-29
 188.400156     34.825  35.147633     8.9878    8.05129     34.531    32.9065    25.4816 -9.990e-29
 188.400162     34.822  35.143356     8.9831    8.04272     34.528    32.9064    25.4822 -9.990e-29
 188.400168     34.817  35.141648     8.9808    8.04978     34.524    32.9068    25.4829 -9.990e-29
 188.400174     34.813  35.140804     8.9793    8.06019     34.520    32.9073    25.4835 -9.990e-29
 188.400179     34.810  35.139709     8.9792    8.07565     34.517    32.9063    25.4827 -9.990e-29
 188.400185     34.808  35.139158     8.9805    8.06918     34.515    32.9045    25.4811 -9.990e-29
 188.400191     34.803  35.139546     8.9841    8.05341     34.510    32.9016    25.4783 -9.990e-29
 188.400197     34.790  35.140844     8.9941    8.05779     34.497    32.8937    25.4705 -9.990e-29
 188.400203     34.776  35.145353     9.0079    8.04710     34.483    32.8856    25.4621 -9.990e-29
 188.400208     34.778  35.152370     9.0113    8.03806     34.485    32.8897    25.4648 -9.990e-29
 188.400214     34.805  35.153891     9.0003    8.03700     34.512    32.9015    25.4757 -9.990e-29
 188.400220     34.850  35.148034     8.9862    8.01641     34.556    32.9084    25.4833 -9.990e-29
 188.400226     34.897  35.141578     8.9769    8.00948     34.603    32.9103    25.4862 -9.990e-29
 188.400231     34.939  35.137692     8.9716    8.01202     34.644    32.9111    25.4877 -9.990e-29
 188.400237     34.973  35.135127     8.9684    8.03214     34.678    32.9114    25.4884 -9.990e-29
 188.400243     34.997  35.133276     8.9663    8.04280     34.702    32.9114    25.4888 -9.990e-29
 188.400249     35.004  35.131924     8.9646    8.05942     34.709    32.9116    25.4892 -9.990e-29
 188.400255     34.989  35.130962     8.9638    8.07490     34.694    32.9113    25.4891 -9.990e-29
 188.400260     34.958  35.130800     8.9645    8.08801     34.663    32.9105    25.4884 -9.990e-29
 188.400266     34.915  35.131233     8.9662    8.11740     34.621    32.9094    25.4872 -9.990e-29
 188.400272     34.868  35.131729     8.9672    8.11395     34.574    32.9090    25.4868 -9.990e-29
 188.400278     34.821  35.131842     8.9674    8.11271     34.527    32.9090    25.4867 -9.990e-29
 188.400284     34.775  35.131734     8.9677    8.09538     34.482    32.9086    25.4864 -9.990e-29
 188.400289     34.728  35.131834     8.9675    8.07128     34.435    32.9089    25.4866 -9.990e-29
 188.400295     34.677  35.131726     8.9666    8.06406     34.385    32.9097    25.4874 -9.990e-29
 188.400301     34.619  35.131278     8.9660    7.99829     34.327    32.9098    25.4875 -9.990e-29
 188.400307     34.549  35.131025     8.9666    7.96269     34.258    32.9090    25.4868 -9.990e-29
 188.400313     34.464  35.131203     8.9689    7.94181     34.174    32.9071    25.4850 -9.990e-29
 188.400318     34.362  35.132060     8.9723    7.94024     34.072    32.9049    25.4827 -9.990e-29
 188.400324     34.240  35.133629     8.9748    7.96197     33.951    32.9043    25.4818 -9.990e-29
 188.400330     34.088  35.134652     8.9772    7.98676     33.801    32.9032    25.4806 0.0000e+00
 188.400336     33.896  35.134824     8.9866    8.01852     33.610    32.8947    25.4725 0.0000e+00
 188.400341     33.659  35.137749     9.0160    8.05745     33.375    32.8707    25.4491 0.0000e+00
 188.400347     33.371  35.150141     9.0749    8.13499     33.090    32.8293    25.4075 0.0000e+00
 188.400353     33.031  35.176766     9.1580    8.18858     32.753    32.7806    25.3563 0.0000e+00
 188.400359     32.648  35.215582     9.2516    8.26171     32.373    32.7349    25.3058 0.0000e+00
 188.400365     32.235  35.259508     9.3401    8.34016     31.963    32.6994    25.2639 0.0000e+00
 188.400370     31.804  35.300992     9.4144    8.40060     31.536    32.6744    25.2325 0.0000e+00
 188.400376     31.358  35.335957     9.4813    8.46097     31.094    32.6495    25.2024 0.0000e+00
 188.400382     30.894  35.367890     9.5578    8.49712     30.634    32.6128    25.1614 0.0000e+00
 188.400388     30.409  35.406318     9.6482    8.51658     30.153    32.5703    25.1135 0.0000e+00
 188.400394     29.913  35.455970     9.7312    8.48336     29.661    32.5461    25.0811 0.0000e+00
 188.400399     29.432  35.504033     9.7833    8.42920     29.184    32.5482    25.0742 0.0000e+00
 188.400405     28.973  35.532778     9.8034    8.37940     28.729    32.5595    25.0797 0.0000e+00
 188.400411     28.532  35.541883     9.8023    8.34855     28.292    32.5699    25.0881 0.0000e+00
 188.400417     28.107  35.539024     9.7982    8.35741     27.871    32.5709    25.0895 0.0000e+00
 188.400422     27.693  35.535540     9.8113    8.35892     27.460    32.5557    25.0755 0.0000e+00
 188.400428     27.279  35.545856     9.8441    8.39340     27.050    32.5368    25.0553 0.0000e+00
 188.400434     26.857  35.569161     9.8946    8.47430     26.631    32.5151    25.0300 0.0000e+00
 188.400440     26.414  35.601789     9.9807    8.65989     26.192    32.4709    24.9813 0.0000e+00
 188.400446     25.941  35.656989    10.1213    8.95437     25.723    32.4008    24.9033 0.0000e+00
 188.400451     25.447  35.748395    10.3079    9.34942     25.233    32.3266    24.8141 0.0000e+00
 188.400457     24.940  35.868969    10.5179    9.79797     24.730    32.2612    24.7275 0.0000e+00
 188.400463     24.420  36.002919    10.7463   10.28704     24.215    32.1933    24.6354 0.0000e+00
 188.400469     23.895  36.150053    11.0135   10.73134     23.694    32.1049    24.5200 0.0000e+00
 188.400475     23.372  36.322707    11.3445   11.08567     23.176    31.9868    24.3696 0.0000e+00
 188.400480     22.858  36.531921    11.7312   11.37289     22.666    31.8575    24.1994 0.0000e+00
 188.400486     22.357  36.782533    12.1121   11.52303     22.169    31.7743    24.0647 0.0000e+00
 188.400492     21.877  37.041504    12.4118   11.56284     21.693    31.7682    24.0038 0.0000e+00
 188.400498     21.412  37.239846    12.6038   11.52516     21.232    31.7949    23.9881 0.0000e+00
 188.400503     20.951  37.355004    12.7148   11.47666     20.775    31.8107    23.9790 0.0000e+00
 188.400509     20.484  37.420586    12.7837   11.40914     20.312    31.8149    23.9690 0.0000e+00
 188.400515     20.013  37.465756    12.8320   11.36093     19.845    31.8171    23.9614 0.0000e+00
