data/oxygen options/ONMS/Olympic_Coast_National_Marine_Sanctuary_Hypoxia_Survey_CTD_Data_2004_2015/raw_data/2005/CTD_CA90_060705faed.cnv
* Sea-Bird SBE19 Data File:
* FileName = C:\hypoxia CTD data\CA90_060705.hex
* Software Version 1.1.5
* Temperature SN = 2997
* Conductivity SN = 2997
* System UpLoad Time = Jun 07 2005 15:24:18
* SEACAT PROFILER V3.1c SN 2997   06/07/05  15:23:21.936
* strain gauge pressure sensor: S/N = 184829,  range = 3000 psia,  tc = 40
# nquan = 9                                 
# nvalues = 813                         
# units = specified
# name 0 = timeJ: Julian Days
# name 1 = prSM: Pressure, Strain Gauge [db]
# name 2 = c0mS/cm: Conductivity [mS/cm]
# name 3 = t090C: Temperature [ITS-90, deg C]
# name 4 = oxML/L: Oxygen, Beckman/YSI [ml/l]
# name 5 = depSM: Depth [salt water, m], lat = 47.5
# name 6 = sal00: Salinity, Practical [PSU]
# name 7 = sigma-é00: Density [sigma-theta, kg/m^3]
# name 8 = flag: flag
# span 0 = 158.574294, 158.578993       
# span 1 =     -3.035,     91.432       
# span 2 =   0.539425,  36.576978       
# span 3 =     7.2397,    12.6705       
# span 4 =   -0.12354,   28.33120       
# span 5 =     -3.010,     90.649       
# span 6 =     0.3465,    33.8671       
# span 7 =    -0.3086,    26.4937       
# span 8 = 0.0000e+00, 0.0000e+00       
# interval = seconds: 0.5
# start_time = Jun 07 2005 13:46:59 [Instrument's time stamp, header]
# bad_flag = -9.990e-29
*END*
[from data line 321]
 158.576152      2.044  36.549705    12.4904    6.12044      2.027    31.2420    23.5808 -9.990e-29
 158.576157      2.037  36.549650    12.4892    6.12403      2.020    31.2430    23.5818 -9.990e-29
 158.576163      2.044  36.548919    12.4859    6.12734      2.027    31.2450    23.5840 -9.990e-29
 158.576169      2.057  36.545987    12.4825    6.12782      2.040    31.2450    23.5847 -9.990e-29
 158.576175      2.067  36.542561    12.4823    6.12928      2.050    31.2420    23.5823 -9.990e-29
 158.576181      2.066  36.542490    12.4854    6.12972      2.049    31.2393    23.5797 -9.990e-29
 158.576186      2.056  36.545687    12.4887    6.12941      2.039    31.2396    23.5793 -9.990e-29
 158.576192      2.043  36.548575    12.4908    6.12192      2.026    31.2406    23.5797 -9.990e-29
 158.576198      2.036  36.549966    12.4923    6.12026      2.019    31.2407    23.5794 -9.990e-29
 158.576204      2.038  36.551163    12.4939    6.11506      2.021    31.2405    23.5790 -9.990e-29
 158.576209      2.049  36.552653    12.4961    6.11169      2.032    31.2401    23.5782 -9.990e-29
 158.576215      2.070  36.554747    12.4981    6.12176      2.053    31.2404    23.5781 -9.990e-29
 158.576221      2.094  36.556323    12.4978    6.12565      2.077    31.2421    23.5795 -9.990e-29
 158.576227      2.110  36.555564    12.4965    6.12445      2.092    31.2425    23.5800 -9.990e-29
 158.576233      2.114  36.554831    12.4969    6.12420      2.096    31.2415    23.5792 -9.990e-29
 158.576238      2.107  36.555961    12.4977    6.11318      2.089    31.2419    23.5793 -9.990e-29
 158.576244      2.092  36.557101    12.4973    6.11182      2.075    31.2433    23.5805 -9.990e-29
 158.576250      2.081  36.556980    12.4944    6.12021      2.064    31.2456    23.5828 -9.990e-29
 158.576256      2.083  36.554323    12.4890    6.12252      2.066    31.2476    23.5854 -9.990e-29
 158.576262      2.092  36.548962    12.4852    6.11390      2.075    31.2456    23.5846 -9.990e-29
 158.576267      2.101  36.544975    12.4847    6.10682      2.083    31.2422    23.5821 -9.990e-29
 158.576273      2.107  36.544902    12.4844    6.10427      2.089    31.2424    23.5823 -9.990e-29
 158.576279      2.114  36.545290    12.4822    6.11403      2.096    31.2446    23.5844 -9.990e-29
 158.576285      2.126  36.543299    12.4796    6.11981      2.108    31.2449    23.5851 -9.990e-29
 158.576291      2.140  36.540771    12.4782    6.11217      2.122    31.2436    23.5844 -9.990e-29
 158.576296      2.149  36.539951    12.4778    6.11751      2.131    31.2432    23.5841 -9.990e-29
 158.576302      2.149  36.540315    12.4779    6.12450      2.131    31.2434    23.5843 -9.990e-29
 158.576308      2.144  36.540674    12.4799    6.12538      2.126    31.2421    23.5829 -9.990e-29
 158.576314      2.142  36.542075    12.4850    6.12212      2.124    31.2392    23.5797 -9.990e-29
 158.576319      2.143  36.546396    12.4910    6.10486      2.125    31.2383    23.5779 -9.990e-29
 158.576325      2.143  36.551556    12.4946    6.10898      2.125    31.2402    23.5787 -9.990e-29
 158.576331      2.147  36.554350    12.4964    6.11392      2.129    31.2414    23.5792 -9.990e-29
 158.576337      2.154  36.556272    12.4983    6.13010      2.136    31.2417    23.5790 -9.990e-29
 158.576343      2.156  36.558773    12.4997    6.12806      2.138    31.2429    23.5797 -9.990e-29
 158.576348      2.158  36.559588    12.4998    6.11754      2.140    31.2436    23.5802 -9.990e-29
 158.576354      2.169  36.558132    12.4999    6.11257      2.151    31.2421    23.5791 -9.990e-29
 158.576360      2.184  36.557519    12.5011    6.07470      2.166    31.2405    23.5776 -9.990e-29
 158.576366      2.206  36.559185    12.5039    6.11500      2.188    31.2397    23.5765 -9.990e-29
 158.576372      2.234  36.561994    12.5080    6.11574      2.215    31.2390    23.5752 -9.990e-29
 158.576377      2.259  36.565213    12.5118    6.08781      2.240    31.2389    23.5744 -9.990e-29
 158.576383      2.269  36.568097    12.5138    6.07878      2.250    31.2400    23.5748 -9.990e-29
 158.576389      2.264  36.570016    12.5147    6.06069      2.245    31.2410    23.5755 -9.990e-29
 158.576395      2.258  36.571292    12.5154    6.08582      2.239    31.2417    23.5758 -9.990e-29
 158.576400      2.262  36.571956    12.5159    6.12028      2.243    31.2419    23.5759 -9.990e-29
 158.576406      2.277  36.571405    12.5155    6.12706      2.258    31.2417    23.5758 -9.990e-29
 158.576412      2.290  36.570031    12.5145    6.13370      2.271    31.2412    23.5756 -9.990e-29
 158.576418      2.295  36.568988    12.5143    6.12192      2.276    31.2404    23.5750 -9.990e-29
 158.576424      2.301  36.569122    12.5150    6.12691      2.282    31.2399    23.5746 -9.990e-29
 158.576429      2.319  36.570228    12.5148    6.11386      2.300    31.2411    23.5755 -9.990e-29
 158.576435      2.356  36.570973    12.5129    6.10795      2.336    31.2434    23.5777 -9.990e-29
 158.576441      2.410  36.570098    12.5095    6.14646      2.390    31.2454    23.5798 -9.990e-29
 158.576447      2.475  36.566990    12.5065    6.15209      2.454    31.2449    23.5800 -9.990e-29
 158.576453      2.552  36.563664    12.5065    6.14755      2.531    31.2417    23.5775 -9.990e-29
 158.576458      2.645  36.563525    12.5087    6.16251      2.623    31.2397    23.5756 -9.990e-29
 158.576464      2.760  36.565820    12.5097    6.19268      2.737    31.2410    23.5764 -9.990e-29
 158.576470      2.910  36.566872    12.5051    6.22403      2.886    31.2458    23.5810 0.0000e+00
 158.576476      3.111  36.563029    12.4907    6.18654      3.085    31.2540    23.5901 0.0000e+00
 158.576481      3.377  36.551963    12.4630    6.07765      3.349    31.2664    23.6049 0.0000e+00
 158.576487      3.707  36.531250    12.4155    5.89615      3.676    31.2861    23.6291 0.0000e+00
 158.576493      4.089  36.494570    12.3376    5.69692      4.055    31.3160    23.6669 0.0000e+00
 158.576499      4.508  36.434500    12.2112    5.55136      4.470    31.3642    23.7278 0.0000e+00
 158.576505      4.957  36.340464    12.0083    5.44371      4.916    31.4443    23.8276 0.0000e+00
 158.576510      5.425  36.199210    11.7106    5.34284      5.380    31.5597    23.9715 0.0000e+00
 158.576516      5.901  36.010222    11.3506    5.21567      5.852    31.6830    24.1320 0.0000e+00
 158.576522      6.376  35.792868    11.0171    5.07574      6.323    31.7567    24.2482 0.0000e+00
 158.576528      6.849  35.588660    10.7799    4.94151      6.792    31.7601    24.2920 0.0000e+00
 158.576534      7.322  35.443717    10.6289    4.84006      7.261    31.7472    24.3078 0.0000e+00
 158.576539      7.795  35.360948    10.5081    4.74790      7.730    31.7697    24.3460 0.0000e+00
 158.576545      8.271  35.303397    10.3781    4.66712      8.202    31.8256    24.4114 0.0000e+00
 158.576551      8.756  35.244200    10.2443    4.58676      8.683    31.8833    24.4789 0.0000e+00
 158.576557      9.255  35.183458    10.1350    4.50987      9.178    31.9182    24.5243 0.0000e+00
 158.576562      9.770  35.133219    10.0568    4.42244      9.688    31.9363    24.5514 0.0000e+00
 158.576568     10.298  35.098227     9.9937    4.33955     10.212    31.9565    24.5776 0.0000e+00
 158.576574     10.836  35.073845     9.9300    4.25084     10.745    31.9880    24.6126 0.0000e+00
 158.576580     11.375  35.053892     9.8477    4.16347     11.280    32.0406    24.6671 0.0000e+00
 158.576586     11.911  35.031370     9.7395    4.10205     11.811    32.1138    24.7419 0.0000e+00
 158.576591     12.444  35.004261     9.6270    4.04472     12.340    32.1865    24.8169 0.0000e+00
 158.576597     12.973  34.979568     9.5366    4.00329     12.864    32.2422    24.8749 0.0000e+00
 158.576603     13.494  34.963022     9.4773    3.99349     13.381    32.2784    24.9127 0.0000e+00
 158.576609     14.005  34.953834     9.4442    3.98652     13.888    32.2986    24.9338 0.0000e+00
 158.576615     14.518  34.949820     9.4263    4.00511     14.396    32.3104    24.9459 0.0000e+00
 158.576620     15.036  34.948973     9.4156    4.01105     14.910    32.3189    24.9543 0.0000e+00
 158.576626     15.557  34.949591     9.4082    4.02191     15.427    32.3260    24.9610 0.0000e+00
 158.576632     16.089  34.950804     9.4017    4.04081     15.954    32.3329    24.9674 0.0000e+00
 158.576638     16.626  34.951974     9.3951    4.05143     16.487    32.3398    24.9739 0.0000e+00
 158.576644     17.158  34.952970     9.3876    4.06520     17.014    32.3474    24.9810 0.0000e+00
 158.576649     17.677  34.953426     9.3797    4.06531     17.529    32.3548    24.9880 0.0000e+00
 158.576655     18.185  34.952818     9.3728    4.06652     18.032    32.3602    24.9934 0.0000e+00
 158.576661     18.678  34.951446     9.3666    4.06957     18.521    32.3642    24.9975 0.0000e+00
 158.576667     19.159  34.950270     9.3603    4.06704     18.998    32.3684    25.0018 0.0000e+00
 158.576672     19.636  34.950517     9.3535    4.06017     19.471    32.3746    25.0077 0.0000e+00
 158.576678     20.118  34.952503     9.3458    4.03378     19.949    32.3834    25.0159 0.0000e+00
 158.576684     20.606  34.955505     9.3360    4.01948     20.433    32.3952    25.0266 0.0000e+00
 158.576690     21.098  34.958469     9.3211    3.99088     20.921    32.4115    25.0418 0.0000e+00
 158.576696     21.594  34.960849     9.2987    3.97251     21.413    32.4341    25.0629 0.0000e+00
 158.576701     22.100  34.963565     9.2686    3.94898     21.914    32.4640    25.0911 0.0000e+00
 158.576707     22.618  34.967423     9.2333    3.91844     22.428    32.4999    25.1247 0.0000e+00
 158.576713     23.149  34.971388     9.1980    3.90105     22.955    32.5359    25.1585 0.0000e+00
 158.576719     23.685  34.973443     9.1672    3.87617     23.486    32.5659    25.1868 0.0000e+00
 158.576725     24.216  34.972389     9.1425    3.86044     24.012    32.5872    25.2073 0.0000e+00
 158.576730     24.740  34.969046     9.1240    3.84540     24.532    32.6004    25.2206 0.0000e+00
 158.576736     25.265  34.965108     9.1104    3.83639     25.053    32.6085    25.2291 0.0000e+00
 158.576742     25.782  34.961480     9.1008    3.82905     25.565    32.6133    25.2343 0.0000e+00
 158.576748     26.286  34.958355     9.0938    3.81875     26.065    32.6163    25.2377 0.0000e+00
 158.576753     26.782  34.955480     9.0873    3.80188     26.557    32.6190    25.2409 0.0000e+00
 158.576759     27.281  34.952374     9.0792    3.78583     27.052    32.6230    25.2453 0.0000e+00
 158.576765     27.793  34.948248     9.0688    3.78450     27.559    32.6280    25.2509 0.0000e+00
 158.576771     28.321  34.943198     9.0574    3.77551     28.083    32.6330    25.2566 0.0000e+00
 158.576777     28.860  34.938890     9.0459    3.77668     28.617    32.6388    25.2629 0.0000e+00
 158.576782     29.402  34.936854     9.0333    3.78313     29.155    32.6480    25.2721 0.0000e+00
 158.576788     29.943  34.938287     9.0176    3.78730     29.691    32.6637    25.2868 0.0000e+00
 158.576794     30.483  34.944529     8.9972    3.80296     30.226    32.6887    25.3095 0.0000e+00
 158.576800     31.026  34.956042     8.9723    3.79660     30.765    32.7233    25.3405 0.0000e+00
 158.576806     31.576  34.970784     8.9448    3.78872     31.310    32.7637    25.3765 0.0000e+00
 158.576811     32.132  34.985414     8.9174    3.77009     31.861    32.8040    25.4122 0.0000e+00
 158.576817     32.689  34.997557     8.8923    3.73429     32.414    32.8396    25.4440 0.0000e+00
 158.576823     33.245  35.006012     8.8692    3.70551     32.965    32.8696    25.4710 0.0000e+00
 158.576829     33.791  35.011385     8.8463    3.68487     33.506    32.8961    25.4954 0.0000e+00
 158.576834     34.325  35.015217     8.8216    3.66827     34.036    32.9228    25.5201 0.0000e+00
 158.576840     34.846  35.018682     8.7956    3.63483     34.552    32.9504    25.5457 0.0000e+00
 158.576846     35.354  35.023582     8.7725    3.61910     35.056    32.9768    25.5699 0.0000e+00
 158.576852     35.846  35.031952     8.7576    3.60876     35.544    32.9992    25.5898 0.0000e+00
 158.576858     36.323  35.041481     8.7470    3.59992     36.017    33.0188    25.6068 0.0000e+00
 158.576863     36.796  35.053086     8.7315    3.61910     36.486    33.0452    25.6299 0.0000e+00
 158.576869     37.275  35.073260     8.7150    3.63294     36.961    33.0815    25.6609 0.0000e+00
 158.576875     37.772  35.097495     8.7059    3.63379     37.453    33.1152    25.6887 0.0000e+00
 158.576881     38.283  35.117729     8.7016    3.64827     37.960    33.1402    25.7089 0.0000e+00
 158.576887     38.798  35.132895     8.6973    3.64366     38.471    33.1599    25.7250 0.0000e+00
 158.576892     39.311  35.143019     8.6926    3.62340     38.979    33.1747    25.7373 0.0000e+00
 158.576898     39.821  35.150375     8.6850    3.61513     39.485    33.1893    25.7500 0.0000e+00
 158.576904     40.325  35.156350     8.6717    3.59037     39.985    33.2078    25.7665 0.0000e+00
 158.576910     40.823  35.159370     8.6548    3.57142     40.478    33.2267    25.7839 0.0000e+00
 158.576916     41.312  35.158964     8.6378    3.54906     40.963    33.2420    25.7985 0.0000e+00
 158.576921     41.787  35.155141     8.6232    3.53652     41.434    33.2515    25.8082 0.0000e+00
 158.576927     42.251  35.149518     8.6110    3.51481     41.894    33.2568    25.8142 0.0000e+00
 158.576933     42.710  35.144114     8.5978    3.49645     42.349    33.2634    25.8214 0.0000e+00
 158.576939     43.178  35.137881     8.5830    3.47726     42.813    33.2705    25.8293 0.0000e+00
 158.576944     43.662  35.130907     8.5696    3.43640     43.293    33.2756    25.8353 0.0000e+00
 158.576950     44.159  35.125658     8.5577    3.40526     43.786    33.2811    25.8414 0.0000e+00
 158.576956     44.661  35.122409     8.5460    3.37031     44.283    33.2884    25.8489 0.0000e+00
 158.576962     45.168  35.119620     8.5340    3.32796     44.786    33.2966    25.8572 0.0000e+00
 158.576968     45.673  35.116362     8.5193    3.30189     45.287    33.3068    25.8674 0.0000e+00
 158.576973     46.169  35.111643     8.4959    3.25613     45.779    33.3237    25.8842 0.0000e+00
 158.576979     46.653  35.103085     8.4622    3.20781     46.258    33.3463    25.9071 0.0000e+00
 158.576985     47.132  35.089917     8.4255    3.18371     46.733    33.3669    25.9288 0.0000e+00
 158.576991     47.613  35.075874     8.3940    3.14919     47.210    33.3817    25.9451 0.0000e+00
 158.576997     48.099  35.064642     8.3699    3.12812     47.692    33.3924    25.9572 0.0000e+00
 158.577002     48.589  35.056366     8.3518    3.11731     48.178    33.4006    25.9663 0.0000e+00
 158.577008     49.081  35.050088     8.3385    3.08945     48.666    33.4064    25.9729 0.0000e+00
 158.577014     49.567  35.045834     8.3292    3.07104     49.147    33.4105    25.9775 0.0000e+00
 158.577020     50.049  35.043527     8.3224    3.05027     49.625    33.4143    25.9815 0.0000e+00
 158.577025     50.527  35.042321     8.3169    3.03400     50.099    33.4180    25.9852 0.0000e+00
 158.577031     50.998  35.041717     8.3125    3.01933     50.566    33.4213    25.9885 0.0000e+00
 158.577037     51.462  35.041460     8.3093    3.00167     51.026    33.4239    25.9910 0.0000e+00
 158.577043     51.922  35.041196     8.3065    2.98477     51.482    33.4260    25.9931 0.0000e+00
 158.577049     52.383  35.040564     8.3030    2.95894     51.939    33.4285    25.9956 0.0000e+00
 158.577054     52.847  35.039271     8.2974    2.94224     52.399    33.4322    25.9993 0.0000e+00
 158.577060     53.319  35.037265     8.2869    2.92317     52.867    33.4399    26.0069 0.0000e+00
 158.577066     53.798  35.033543     8.2650    2.89014     53.342    33.4565    26.0233 0.0000e+00
