data/oxygen options/ONMS/Olympic_Coast_National_Marine_Sanctuary_Hypoxia_Survey_CTD_Data_2004_2015/raw_data/2005/CTD_CA20_062205faed.cnv
* Sea-Bird SBE19 Data File:
* FileName = C:\hypoxia CTD data\CA20_062205.hex
* Software Version 1.1.5
* Temperature SN = 2997
* Conductivity SN = 2997
* System UpLoad Time = Jun 22 2005 16:41:29
* SEACAT PROFILER V3.1c SN 2997   06/22/05  16:41:09.921
* strain gauge pressure sensor: S/N = 184829,  range = 3000 psia,  tc = 40
# nquan = 9                                 
# nvalues = 670                         
# units = specified
# name 0 = timeJ: Julian Days
# name 1 = prSM: Pressure, Strain Gauge [db]
# name 2 = c0mS/cm: Conductivity [mS/cm]
# name 3 = t090C: Temperature [ITS-90, deg C]
# name 4 = oxML/L: Oxygen, Beckman/YSI [ml/l]
# name 5 = depSM: Depth [salt water, m], lat = 47.5
# name 6 = sal00: Salinity, Practical [PSU]
# name 7 = sigma-é00: Density [sigma-theta, kg/m^3]
# name 8 = flag: flag
# span 0 = 173.678819, 173.682691       
# span 1 =     -2.833,     22.217       
# span 2 =   2.548106,  38.240710       
# span 3 =    10.7470,    14.7794       
# span 4 =   -0.09738,   25.54018       
# span 5 =     -2.809,     22.030       
# span 6 =     1.6723,    32.1848       
# span 7 =     0.4548,    24.6259       
# span 8 = 0.0000e+00, 0.0000e+00       
# interval = seconds: 0.5
# start_time = Jun 22 2005 16:17:30 [Instrument's time stamp, header]
# bad_flag = -9.990e-29
*END*
[from data line 641]
 173.682529      2.869  38.237424    14.7794    5.97950      2.845    30.9431    22.8932 0.0000e+00
 173.682535      2.699  38.239810    14.7784    5.86033      2.676    30.9461    22.8957 0.0000e+00
 173.682541      2.541  38.240710    14.7757    5.84491      2.520    30.9491    22.8986 0.0000e+00
 173.682546      2.395  38.239083    14.7711    5.89409      2.375    30.9513    22.9013 0.0000e+00
 173.682552      2.260  38.233883    14.7645    5.92357      2.241    30.9519    22.9032 -9.990e-29
 173.682558      2.143  38.224346    14.7540    7.05352      2.125    30.9517    22.9052 -9.990e-29
 173.682564      2.056  38.211215    14.7390    7.16636      2.039    30.9518    22.9085 -9.990e-29
 173.682569      1.992  38.199418    14.7238    7.21314      1.975    30.9533    22.9128 -9.990e-29
 173.682575      1.942  38.190048    14.7119    7.20637      1.926    30.9543    22.9161 -9.990e-29
 173.682581      1.905  38.175095    14.7021    7.14697      1.889    30.9487    22.9138 -9.990e-29
 173.682587      1.877  38.136863    14.6906    7.20064      1.861    30.9233    22.8966 -9.990e-29
 173.682593      1.857  38.033348    14.6749    7.22561      1.841    30.8424    22.8376 -9.990e-29
 173.682598      1.838  37.746720    14.6573    7.28810      1.823    30.5978    22.6529 -9.990e-29
 173.682604      1.817  36.917238    14.6412    7.34446      1.802    29.8637    22.0909 -9.990e-29
 173.682610      1.795  34.454627    14.6273    7.39741      1.780    27.6717    20.4068 -9.990e-29
 173.682616      1.776  27.093910    14.6167    7.40699      1.761    21.2326    15.4614 -9.990e-29
 173.682622      1.757  15.894061    14.6109    7.40985      1.742    11.8617     8.2766 -9.990e-29
 173.682627      1.739   8.187911    14.6083    7.44191      1.724     5.7962     3.6252 -9.990e-29
 173.682633      1.720   5.646487    14.6063    7.47080      1.706     3.8930     2.1633 -9.990e-29
 173.682639      1.703   5.184786    14.6041 -9.990e-29      1.689     3.5544     1.9031 -9.990e-29
 173.682645      1.695   5.094793    14.6021 -9.990e-29      1.681     3.4888     1.8530 -9.990e-29
 173.682650      1.696   4.494217    14.6005 -9.990e-29      1.682     3.0524     1.5174 -9.990e-29
 173.682656      1.698   3.680785    14.5992 -9.990e-29      1.684     2.4686     1.0681 -9.990e-29
 173.682662      1.700   3.065583    14.5981 -9.990e-29      1.686     2.0334     0.7330 -9.990e-29
 173.682668      1.706   2.678741    14.5970 -9.990e-29      1.692     1.7630     0.5246 -9.990e-29
 173.682674      1.714   2.548106    14.5962 -9.990e-29      1.700     1.6723     0.4548 -9.990e-29
 173.682679      1.720   2.599441    14.5960 -9.990e-29      1.706     1.7079     0.4823 -9.990e-29
 173.682685      1.723   2.668007    14.5960 -9.990e-29      1.709     1.7556     0.5190 -9.990e-29
 173.682691      1.724   2.665893 -9.990e-29 -9.990e-29      1.710 -9.990e-29 -9.990e-29 -9.990e-29
