data/oxygen options/ONMS/Olympic_Coast_National_Marine_Sanctuary_Hypoxia_Survey_CTD_Data_2004_2015/raw_data/2005/CTD_CA30_052405faedb.cnv
* Sea-Bird SBE19 Data File:
* FileName = C:\Documents and Settings\kirner.PTANGELES\Desktop\hypoxia CTD data\CA30_052405.hex
* Software Version 1.1.5
* Temperature SN = 2997
* Conductivity SN = 2997
* System UpLoad Time = May 24 2005 15:22:54
* SEACAT PROFILER V3.1c SN 2997   05/24/05  15:22:06.604
* strain gauge pressure sensor: S/N = 184829,  range = 3000 psia,  tc = 40
# nquan = 9
# nvalues = 28                          
# units = specified
# name 0 = timeJ: Julian Days
# name 1 = prSM: Pressure, Strain Gauge [db]
# name 2 = c0mS/cm: Conductivity [mS/cm]
# name 3 = t090C: Temperature [ITS-90, deg C]
# name 4 = oxML/L: Oxygen, Beckman/YSI [ml/l]
# name 5 = depSM: Depth [salt water, m], lat = 47.5
# name 6 = sal00: Salinity, Practical [PSU]
# name 7 = sigma-é00: Density [sigma-theta, kg/m^3]
# name 8 = flag: flag
# span 0 = 140.821522, 144.549064       
# span 1 =      2.000,     30.000       
# span 2 =  33.554941,  36.130774       
# span 3 =    11.7541,    13.7401       
# span 4 =    5.58431,    5.93410       
# span 5 =      1.984,     29.747       
# span 6 =    27.4939,    31.4456       
# span 7 =    20.4457,    23.8756       
# span 8 = 0.0000e+00, 0.0000e+00       
# interval = decibars: 1                
# start_time = May 24 2005 13:02:21 [Instrument's time stamp, header]
# bad_flag = -9.990e-29
*END*
 144.545532      2.000  33.554941    13.7401    5.88513      1.984    27.4939    20.4457 0.0000e+00
 144.545563      3.000  34.132945    13.2884    5.80722      2.975    28.3531    21.1954 0.0000e+00
 144.545581      4.000  34.563271    13.0159    5.76412      3.967    28.9563    21.7131 0.0000e+00
 144.545597      5.000  35.175638    12.7006    5.93410      4.958    29.7729    22.4040 0.0000e+00
 144.545619      6.000  35.462210    12.6417    5.87661      5.950    30.0886    22.6594 0.0000e+00
 144.545958      7.000  35.678482    12.4969    5.91654      6.941    30.4087    22.9344 0.0000e+00
 144.547431      8.000  35.682126    12.5161    5.87425      7.933    30.3963    22.9212 0.0000e+00
 144.547375      9.000  35.724517    12.4663    5.85760      8.925    30.4763    22.9924 0.0000e+00
 144.547395     10.000  35.847241    12.3761    5.89232      9.916    30.6657    23.1561 0.0000e+00
 144.547418     11.000  35.971069    12.3191    5.89628     10.908    30.8297    23.2937 0.0000e+00
 140.821522     13.000  35.082295    11.8593    5.62963     12.891    30.1882    22.8385 0.0000e+00
 144.548038     14.000  36.019359    12.1523    5.73500     13.882    31.0124    23.4663 0.0000e+00
 144.548153     15.000  36.057674    12.0243    5.68325     14.874    31.1553    23.6007 0.0000e+00
 144.548181     16.000  36.084759    11.9595    5.70436     15.866    31.2350    23.6744 0.0000e+00
 144.548217     17.000  36.083288    11.9489    5.67293     16.858    31.2421    23.6819 0.0000e+00
 144.548244     18.000  36.101490    11.8867    5.66350     17.849    31.3114    23.7470 0.0000e+00
 144.548333     19.000  36.101283    11.8782    5.65786     18.841    31.3179    23.7537 0.0000e+00
 144.548389     20.000  36.108616    11.8502    5.65240     19.832    31.3481    23.7823 0.0000e+00
 144.548744     21.000  36.109419    11.8382    5.63940     20.823    31.3586    23.7926 0.0000e+00
 144.548908     22.000  36.113281    11.8240    5.63526     21.815    31.3739    23.8071 0.0000e+00
 144.548939     23.000  36.114806    11.8091    5.58431     22.807    31.3875    23.8204 0.0000e+00
 144.548954     24.000  36.123865    11.7746    5.59511     23.798    31.4250    23.8558 0.0000e+00
 144.548969     25.000  36.127317    11.7630    5.59081     24.790    31.4378    23.8678 0.0000e+00
 144.548983     26.000  36.127881    11.7576    5.58691     25.781    31.4425    23.8724 0.0000e+00
 144.548998     27.000  36.128707    11.7548    5.59068     26.773    31.4453    23.8752 0.0000e+00
 144.549014     28.000  36.128912    11.7541    5.58595     27.764    31.4456    23.8756 0.0000e+00
 144.549034     29.000  36.129683    11.7588    5.59700     28.756    31.4420    23.8719 0.0000e+00
 144.549064     30.000  36.130774    11.7632    5.58721     29.747    31.4389    23.8688 0.0000e+00
