data/oxygen options/ONMS/Olympic_Coast_National_Marine_Sanctuary_Hypoxia_Survey_CTD_Data_2004_2015/raw_data/2005/CTD_CE20_081605faed.cnv
* Sea-Bird SBE19 Data File:
* FileName = C:\Hypoxia Data\CE20_081605.hex
* Software Version 1.1.6
* Temperature SN = 2997
* Conductivity SN = 2997
* System UpLoad Time = Aug 16 2005 10:33:49
* SEACAT PROFILER V3.1c SN 2997   08/16/05  10:33:11.341
* strain gauge pressure sensor: S/N = 184829,  range = 3000 psia,  tc = 40
# nquan = 9                                 
# nvalues = 1328                        
# units = specified
# name 0 = timeJ: Julian Days
# name 1 = prSM: Pressure, Strain Gauge [db]
# name 2 = c0mS/cm: Conductivity [mS/cm]
# name 3 = t090C: Temperature [ITS-90, deg C]
# name 4 = oxML/L: Oxygen, Beckman/YSI [ml/l]
# name 5 = depSM: Depth [salt water, m], lat = 47.5
# name 6 = sal00: Salinity, Practical [PSU]
# name 7 = sigma-é00: Density [sigma-theta, kg/m^3]
# name 8 = flag: flag
# span 0 = 228.424838, 228.432517       
# span 1 =     -3.945,     21.777       
# span 2 =   0.024997,  36.381654       
# span 3 =     7.6959,    11.7503       
# span 4 =  -13.05327,   31.01576       
# span 5 =     -3.912,     21.594       
# span 6 =     0.0187,    33.9292       
# span 7 =    -0.4578,    26.4772       
# span 8 = 0.0000e+00, 0.0000e+00       
# interval = seconds: 0.5
# start_time = Aug 16 2005 10:11:46 [Instrument's time stamp, header]
# bad_flag = -9.990e-29
*END*
[from data line 961]
 228.430399      3.227  36.260028     9.9955    7.85339      3.200    33.1358    25.4973 -9.990e-29
 228.430405      3.219  36.274368    10.0121    7.80977      3.192    33.1351    25.4940 -9.990e-29
 228.430411      3.220  36.288641    10.0167    7.74654      3.193    33.1454    25.5012 -9.990e-29
 228.430417      3.227  36.292162    10.0011    7.65731      3.200    33.1633    25.5178 -9.990e-29
 228.430422      3.243  36.279538     9.9640    7.58776      3.216    33.1845    25.5406 -9.990e-29
 228.430428      3.264  36.250763     9.9135    7.55413      3.237    33.2017    25.5624 -9.990e-29
 228.430434      3.279  36.211209     9.8741    7.54737      3.252    33.1976    25.5658 -9.990e-29
 228.430440      3.275  36.181030     9.8622    7.56527      3.248    33.1778    25.5523 -9.990e-29
 228.430446      3.252  36.172689     9.8702    7.59180      3.225    33.1620    25.5386 -9.990e-29
 228.430451      3.222  36.178421     9.8868    7.62227      3.195    33.1526    25.5285 -9.990e-29
 228.430457      3.200  36.192412     9.8995    7.64095      3.173    33.1551    25.5284 -9.990e-29
 228.430463      3.197  36.204163     9.9028    7.63938      3.170    33.1641    25.5348 -9.990e-29
 228.430469      3.212  36.206917     9.9010    7.62826      3.185    33.1685    25.5386 -9.990e-29
 228.430475      3.235  36.205470     9.8974    7.62385      3.208    33.1704    25.5406 -9.990e-29
 228.430480      3.250  36.201820     9.8951    7.63460      3.223    33.1688    25.5398 -9.990e-29
 228.430486      3.249  36.198951     9.8941    7.63911      3.222    33.1668    25.5384 -9.990e-29
 228.430492      3.235  36.198083     9.8929    7.62390      3.208    33.1670    25.5388 -9.990e-29
 228.430498      3.218  36.197498     9.8932    7.60319      3.191    33.1661    25.5380 -9.990e-29
 228.430503      3.204  36.198103     9.8955    7.57555      3.177    33.1646    25.5365 -9.990e-29
 228.430509      3.201  36.200704     9.8957    7.55656      3.174    33.1671    25.5384 -9.990e-29
 228.430515      3.213  36.200921     9.8853    7.54234      3.186    33.1769    25.5477 -9.990e-29
 228.430521      3.232  36.190636     9.8662    7.54156      3.205    33.1840    25.5564 -9.990e-29
 228.430527      3.247  36.173518     9.8509    7.55523      3.220    33.1806    25.5564 -9.990e-29
 228.430532      3.254  36.162071     9.8447    7.56272      3.227    33.1746    25.5527 -9.990e-29
 228.430538      3.254  36.158974     9.8488    7.58257      3.227    33.1677    25.5466 -9.990e-29
 228.430544      3.250  36.164019     9.8622    7.59539      3.223    33.1605    25.5388 -9.990e-29
 228.430550      3.252  36.174962     9.8783    7.61012      3.225    33.1568    25.5333 -9.990e-29
 228.430556      3.264  36.185649     9.8917    7.64885      3.237    33.1554    25.5299 -9.990e-29
 228.430561      3.282  36.194633     9.8980    7.67571      3.255    33.1588    25.5315 -9.990e-29
 228.430567      3.299  36.199318     9.8970    7.69954      3.271    33.1644    25.5361 -9.990e-29
 228.430573      3.312  36.198103     9.8967    7.72001      3.284    33.1635    25.5354 -9.990e-29
 228.430579      3.321  36.198904     9.9018    7.73360      3.293    33.1596    25.5315 -9.990e-29
 228.430584      3.327  36.205590     9.9089    7.74459      3.299    33.1599    25.5305 -9.990e-29
 228.430590      3.326  36.212498     9.9217    7.73433      3.298    33.1551    25.5247 -9.990e-29
 228.430596      3.314  36.222673     9.9476    7.72478      3.286    33.1417    25.5099 -9.990e-29
 228.430602      3.295  36.243514     9.9693    7.66928      3.267    33.1430    25.5073 -9.990e-29
 228.430608      3.275  36.259072     9.9567    7.60756      3.248    33.1704    25.5308 -9.990e-29
 228.430613      3.266  36.243556     9.9125    7.55700      3.239    33.1953    25.5576 -9.990e-29
 228.430619      3.272  36.204887     9.8724    7.54438      3.245    33.1928    25.5623 -9.990e-29
 228.430625      3.280  36.176181     9.8592    7.55354      3.253    33.1756    25.5511 -9.990e-29
 228.430631      3.283  36.170740     9.8618    7.54862      3.256    33.1677    25.5445 -9.990e-29
 228.430637      3.285  36.175695     9.8589    7.52592      3.258    33.1754    25.5510 -9.990e-29
 228.430642      3.290  36.173542     9.8444    7.47670      3.263    33.1866    25.5621 -9.990e-29
 228.430648      3.294  36.160293     9.8326    7.41866      3.266    33.1839    25.5620 -9.990e-29
 228.430654      3.298  36.150806     9.8353    7.35981      3.270    33.1718    25.5520 -9.990e-29
 228.430660      3.306  36.154861     9.8391    7.29898      3.278    33.1724    25.5519 -9.990e-29
 228.430666      3.314  36.161040     9.8175    7.24326      3.286    33.1986    25.5760 -9.990e-29
 228.430671      3.323  36.150107     9.7606    7.19773      3.295    33.2399    25.6176 -9.990e-29
 228.430677      3.338  36.115341     9.6935    7.19934      3.310    33.2664    25.6494 -9.990e-29
 228.430683      3.350  36.077118     9.6629    7.24155      3.322    33.2556    25.6459 -9.990e-29
 228.430689      3.349  36.062965     9.6887    7.31115      3.321    33.2172    25.6117 -9.990e-29
 228.430694      3.335  36.078111     9.7439    7.35995      3.307    33.1817    25.5749 -9.990e-29
 228.430700      3.318  36.109658     9.7868    7.36689      3.290    33.1744    25.5621 -9.990e-29
 228.430706      3.314  36.135195     9.7925    7.33154      3.286    33.1953    25.5775 -9.990e-29
 228.430712      3.333  36.134955     9.7648    7.28647      3.305    33.2206    25.6018 -9.990e-29
 228.430718      3.367  36.111433     9.7253    7.25412      3.339    33.2330    25.6180 -9.990e-29
 228.430723      3.405  36.083734     9.7000    7.23881      3.377    33.2280    25.6183 -9.990e-29
 228.430729      3.442  36.069874     9.7011    7.27116      3.413    33.2128    25.6062 -9.990e-29
 228.430735      3.470  36.074354     9.7138    7.30209      3.441    33.2056    25.5985 -9.990e-29
 228.430741      3.491  36.085198     9.7196    7.32576      3.462    33.2113    25.6021 -9.990e-29
 228.430747      3.517  36.091635     9.7167    7.34030      3.488    33.2206    25.6098 -9.990e-29
 228.430752      3.551  36.094402     9.7120    7.31280      3.521    33.2278    25.6161 -9.990e-29
 228.430758      3.598  36.095511     9.7141    7.27670      3.568    33.2269    25.6151 -9.990e-29
 228.430764      3.659  36.095879     9.7246    7.17943      3.628    33.2176    25.6061 -9.990e-29
 228.430770      3.739  36.098236     9.7257    7.01198      3.708    33.2189    25.6070 -9.990e-29
 228.430775      3.842  36.096750     9.6956    6.80770      3.810    33.2452    25.6325 -9.990e-29
 228.430781      3.975  36.079348     9.6298    6.57927      3.942    33.2882    25.6769 -9.990e-29
 228.430787      4.142  36.046376     9.5448    6.37622      4.107    33.3332    25.7259 -9.990e-29
 228.430793      4.341  36.006016     9.4610    6.17827      4.305    33.3696    25.7680 -9.990e-29
 228.430799      4.568  35.961073     9.3842    5.94197      4.530    33.3948    25.8001 -9.990e-29
 228.430804      4.820  35.909918     9.3200    5.71412      4.780    33.4018    25.8159 -9.990e-29
 228.430810      5.092  35.862830     9.2738    5.42485      5.049    33.3962    25.8189 -9.990e-29
 228.430816      5.380  35.831586     9.2291    5.06156      5.335    33.4055    25.8334 -9.990e-29
 228.430822      5.689  35.801988     9.1579    4.63581      5.641    33.4414    25.8729 -9.990e-29
 228.430828      6.026  35.747459     9.0302    4.13963      5.976    33.5046    25.9426 -9.990e-29
 228.430833      6.395  35.640144     8.8275    3.66843      6.342    33.5839    26.0365 -9.990e-29
 228.430839      6.794  35.467030     8.5780    3.25588      6.737    33.6389    26.1182 -9.990e-29
 228.430845      7.211  35.261926     8.3455    2.96414      7.151    33.6439    26.1574 -9.990e-29
 228.430851      7.633  35.082683     8.1753    2.79117      7.569    33.6162    26.1613 -9.990e-29
 228.430856      8.052  34.960499     8.0591    2.70254      7.985    33.5972    26.1636 -9.990e-29
 228.430862      8.467  34.883789     7.9681    2.68867      8.396    33.6024    26.1811 -9.990e-29
 228.430868      8.877  34.827612     7.9006    2.68482      8.803    33.6070    26.1946 -9.990e-29
 228.430874      9.278  34.788807     7.8624    2.70263      9.200    33.6020    26.1962 -9.990e-29
 228.430880      9.662  34.768878     7.8440    2.73375      9.581    33.5981    26.1958 -9.990e-29
 228.430885     10.024  34.759177     7.8341    2.76973      9.940    33.5971    26.1965 -9.990e-29
 228.430891     10.366  34.752927     7.8262    2.79671     10.279    33.5978    26.1982 0.0000e+00
 228.430897     10.686  34.747393     7.8194    2.82455     10.597    33.5983    26.1995 0.0000e+00
 228.430903     10.977  34.743040     7.8170    2.85044     10.885    33.5958    26.1979 0.0000e+00
 228.430909     11.227  34.741907     7.8233    2.88777     11.133    33.5883    26.1912 0.0000e+00
 228.430914     11.430  34.746963     7.8387    2.91665     11.334    33.5788    26.1815 0.0000e+00
 228.430920     11.591  34.758217     7.8532    2.92435     11.494    33.5769    26.1779 0.0000e+00
 228.430926     11.723  34.767686     7.8527    2.91535     11.625    33.5875    26.1862 -9.990e-29
 228.430932     11.837  34.765574     7.8368    2.88792     11.738    33.6005    26.1988 -9.990e-29
 228.430938     11.929  34.752428     7.8203    2.86541     11.829    33.6022    26.2025 -9.990e-29
 228.430943     11.998  34.739309     7.8141    2.85084     11.898    33.5941    26.1970 -9.990e-29
 228.430949     12.035  34.734505     7.8154    2.84673     11.934    33.5876    26.1918 -9.990e-29
 228.430955     12.034  34.734968     7.8161    2.85230     11.933    33.5874    26.1915 -9.990e-29
 228.430961     12.003  34.734024     7.8134    2.85337     11.902    33.5890    26.1932 -9.990e-29
 228.430966     11.958  34.730973     7.8103    2.85219     11.858    33.5888    26.1934 -9.990e-29
 228.430972     11.917  34.728474     7.8092    2.85226     11.817    33.5872    26.1923 -9.990e-29
 228.430978     11.898  34.727117     7.8083    2.85007     11.798    33.5866    26.1920 -9.990e-29
 228.430984     11.910  34.725653     7.8065    2.84884     11.810    33.5867    26.1924 -9.990e-29
 228.430990     11.948  34.723808     7.8048    2.84482     11.848    33.5864    26.1924 -9.990e-29
 228.430995     12.002  34.722482     7.8045    2.83808     11.901    33.5852    26.1915 -9.990e-29
 228.431001     12.054  34.722708     7.8060    2.83758     11.953    33.5840    26.1903 -9.990e-29
 228.431007     12.086  34.724782     7.8084    2.84022     11.985    33.5839    26.1899 -9.990e-29
 228.431013     12.092  34.727540     7.8101    2.84184     11.991    33.5852    26.1907 -9.990e-29
 228.431019     12.077  34.729053     7.8094    2.84135     11.976    33.5875    26.1926 -9.990e-29
 228.431024     12.047  34.727410     7.8070    2.83236     11.946    33.5881    26.1934 -9.990e-29
 228.431030     12.010  34.723781     7.8055    2.82782     11.909    33.5856    26.1917 -9.990e-29
 228.431036     11.980  34.721735     7.8053    2.82352     11.880    33.5837    26.1901 -9.990e-29
 228.431042     11.973  34.721346     7.8056    2.82968     11.873    33.5830    26.1895 -9.990e-29
 228.431047     11.983  34.721531     7.8066    2.82381     11.883    33.5822    26.1888 -9.990e-29
 228.431053     11.995  34.722535     7.8081    2.81912     11.895    33.5818    26.1883 -9.990e-29
 228.431059     12.000  34.723452     7.8087    2.81413     11.900    33.5822    26.1885 -9.990e-29
 228.431065     12.003  34.723259     7.8076    2.80932     11.902    33.5831    26.1893 -9.990e-29
 228.431071     12.008  34.721695     7.8054    2.80925     11.907    33.5835    26.1900 -9.990e-29
 228.431076     12.017  34.719476     7.8036    2.81297     11.916    33.5828    26.1898 -9.990e-29
 228.431082     12.024  34.718125     7.8036    2.82500     11.923    33.5814    26.1886 -9.990e-29
 228.431088     12.023  34.718641     7.8043    2.82404     11.922    33.5813    26.1884 -9.990e-29
 228.431094     12.013  34.719466     7.8043    2.82622     11.912    33.5822    26.1891 -9.990e-29
 228.431100     12.006  34.718895     7.8040    2.81807     11.905    33.5818    26.1889 -9.990e-29
 228.431105     12.014  34.717848     7.8035    2.80849     11.913    33.5812    26.1885 -9.990e-29
 228.431111     12.039  34.716609     7.8029    2.80277     11.938    33.5804    26.1880 -9.990e-29
 228.431117     12.072  34.715203     7.8024    2.81041     11.971    33.5794    26.1872 -9.990e-29
 228.431123     12.109  34.714557     7.8022    2.80947     12.008    33.5789    26.1868 -9.990e-29
 228.431128     12.137  34.714926     7.8026    2.82051     12.035    33.5789    26.1868 -9.990e-29
 228.431134     12.146  34.715677     7.8028    2.81730     12.044    33.5795    26.1872 -9.990e-29
 228.431140     12.138  34.715566     7.8029    2.81412     12.036    33.5793    26.1870 -9.990e-29
 228.431146     12.123  34.715002     7.8031    2.80219     12.021    33.5785    26.1864 -9.990e-29
 228.431152     12.115  34.714913     7.8029    2.79737     12.014    33.5786    26.1865 -9.990e-29
 228.431157     12.116  34.714619     7.8026    2.80126     12.015    33.5785    26.1865 -9.990e-29
 228.431163     12.122  34.714285     7.8031    2.79710     12.020    33.5777    26.1858 -9.990e-29
 228.431169     12.126  34.714584     7.8042    2.80252     12.024    33.5770    26.1850 -9.990e-29
 228.431175     12.123  34.715352     7.8048    2.80956     12.021    33.5772    26.1851 -9.990e-29
 228.431181     12.118  34.715928     7.8045    2.80649     12.017    33.5781    26.1859 -9.990e-29
 228.431186     12.122  34.715958     7.8041    2.79358     12.020    33.5785    26.1863 -9.990e-29
 228.431192     12.145  34.715479     7.8036    2.79650     12.043    33.5785    26.1863 -9.990e-29
 228.431198     12.183  34.714411     7.8030    2.79635     12.081    33.5779    26.1860 -9.990e-29
 228.431204     12.227  34.713569     7.8028    2.80998     12.125    33.5772    26.1854 -9.990e-29
 228.431209     12.263  34.713510     7.8031    2.81058     12.160    33.5768    26.1851 -9.990e-29
 228.431215     12.279  34.713590     7.8033    2.79887     12.176    33.5767    26.1850 -9.990e-29
 228.431221     12.272  34.713351     7.8031    2.78840     12.169    33.5766    26.1849 -9.990e-29
 228.431227     12.251  34.713032     7.8028    2.79237     12.148    33.5766    26.1849 -9.990e-29
 228.431233     12.232  34.712765     7.8023    2.79946     12.130    33.5768    26.1852 -9.990e-29
 228.431238     12.220  34.712193     7.8022    2.79764     12.118    33.5763    26.1848 -9.990e-29
 228.431244     12.213  34.711673     7.8028    2.80478     12.111    33.5751    26.1838 -9.990e-29
 228.431250     12.204  34.711632     7.8032    2.79574     12.102    33.5747    26.1834 -9.990e-29
 228.431256     12.197  34.711450     7.8030    2.80302     12.095    33.5747    26.1835 -9.990e-29
 228.431262     12.206  34.710881     7.8023    2.79985     12.104    33.5748    26.1836 -9.990e-29
 228.431267     12.239  34.710286     7.8014    2.79669     12.136    33.5750    26.1839 -9.990e-29
 228.431273     12.284  34.709992     7.8010    2.79107     12.181    33.5750    26.1840 -9.990e-29
 228.431279     12.325  34.710163     7.8014    2.79569     12.222    33.5748    26.1838 -9.990e-29
 228.431285     12.354  34.710465     7.8020    2.79345     12.251    33.5745    26.1835 -9.990e-29
 228.431291     12.370  34.710736     7.8024    2.79327     12.266    33.5744    26.1833 -9.990e-29
 228.431296     12.365  34.710772     7.8023    2.78825     12.261    33.5746    26.1834 -9.990e-29
 228.431302     12.342  34.710056     7.8020    2.79217     12.239    33.5741    26.1831 -9.990e-29
 228.431308     12.322  34.709316     7.8015    2.79026     12.219    33.5738    26.1830 -9.990e-29
 228.431314     12.321  34.709244     7.8008    2.79022     12.218    33.5744    26.1835 -9.990e-29
