data/oxygen options/ONMS/Olympic_Coast_National_Marine_Sanctuary_Hypoxia_Survey_CTD_Data_2004_2015/raw_data/2005/CTD_CE60_062105faed.cnv
* Sea-Bird SBE19 Data File:
* FileName = C:\hypoxia CTD data\CE60_062105.hex
* Software Version 1.1.5
* Temperature SN = 2997
* Conductivity SN = 2997
* System UpLoad Time = Jun 21 2005 16:30:53
* SEACAT PROFILER V3.1c SN 2997   06/21/05  16:30:26.967
* strain gauge pressure sensor: S/N = 184829,  range = 3000 psia,  tc = 40
# nquan = 9                                 
# nvalues = 661                         
# units = specified
# name 0 = timeJ: Julian Days
# name 1 = prSM: Pressure, Strain Gauge [db]
# name 2 = c0mS/cm: Conductivity [mS/cm]
# name 3 = t090C: Temperature [ITS-90, deg C]
# name 4 = oxML/L: Oxygen, Beckman/YSI [ml/l]
# name 5 = depSM: Depth [salt water, m], lat = 47.5
# name 6 = sal00: Salinity, Practical [PSU]
# name 7 = sigma-é00: Density [sigma-theta, kg/m^3]
# name 8 = flag: flag
# span 0 = 172.628275, 172.632095       
# span 1 =     -3.824,     60.552       
# span 2 =   0.233413,  37.888513       
# span 3 =     8.5726,    16.6623       
# span 4 =   -0.09775,   24.13592       
# span 5 =     -3.792,     60.038       
# span 6 =     0.1402,    33.3329       
# span 7 =    -0.7371,    25.8800       
# span 8 = 0.0000e+00, 0.0000e+00       
# interval = seconds: 0.5
# start_time = Jun 21 2005 15:04:43 [Instrument's time stamp, header]
# bad_flag = -9.990e-29
*END*
[from data line 161]
 172.629207      0.727  35.912036    16.6547    6.67822      0.721    27.5244    19.8633 -9.990e-29
 172.629213      0.735  35.911816    16.6547    6.67462      0.729    27.5242    19.8632 -9.990e-29
 172.629219      0.747  35.912062    16.6547    6.66844      0.741    27.5244    19.8634 -9.990e-29
 172.629225      0.763  35.912549    16.6544    6.67020      0.757    27.5250    19.8639 -9.990e-29
 172.629230      0.783  35.912811    16.6541    6.66382      0.776    27.5254    19.8643 -9.990e-29
 172.629236      0.806  35.912646    16.6541    6.66204      0.799    27.5253    19.8642 -9.990e-29
 172.629242      0.824  35.912400    16.6546    6.65703      0.817    27.5247    19.8636 -9.990e-29
 172.629248      0.839  35.912310    16.6548    6.66294      0.832    27.5245    19.8634 -9.990e-29
 172.629253      0.854  35.912265    16.6545    6.66903      0.847    27.5247    19.8636 -9.990e-29
 172.629259      0.868  35.912214    16.6544    6.66277      0.861    27.5247    19.8636 -9.990e-29
 172.629265      0.877  35.912095    16.6545    6.65727      0.870    27.5245    19.8635 -9.990e-29
 172.629271      0.881  35.911757    16.6546    6.64920      0.874    27.5242    19.8632 -9.990e-29
 172.629277      0.880  35.911314    16.6547    6.64410      0.873    27.5237    19.8628 -9.990e-29
 172.629282      0.879  35.911305    16.6547    6.64972      0.872    27.5237    19.8628 -9.990e-29
 172.629288      0.887  35.911726    16.6543    6.65313      0.880    27.5244    19.8634 -9.990e-29
 172.629294      0.903  35.912025    16.6537    6.64529      0.895    27.5250    19.8640 -9.990e-29
 172.629300      0.920  35.912048    16.6534    6.64981      0.912    27.5252    19.8643 -9.990e-29
 172.629306      0.936  35.911831    16.6533    6.66019      0.928    27.5251    19.8642 -9.990e-29
 172.629311      0.950  35.911651    16.6532    6.65061      0.942    27.5250    19.8642 -9.990e-29
 172.629317      0.964  35.911836    16.6531    6.63453      0.956    27.5252    19.8644 -9.990e-29
 172.629323      0.980  35.912080    16.6536    6.62428      0.972    27.5251    19.8641 -9.990e-29
 172.629329      0.997  35.912155    16.6540    6.63144      0.989    27.5249    19.8639 -9.990e-29
 172.629334      1.012  35.912168    16.6539    6.64144      1.004    27.5250    19.8640 -9.990e-29
 172.629340      1.023  35.912141    16.6535    6.64556      1.014    27.5252    19.8642 -9.990e-29
 172.629346      1.031  35.912047    16.6534    6.62889      1.022    27.5252    19.8643 -9.990e-29
 172.629352      1.034  35.911766    16.6536    6.62634      1.025    27.5248    19.8639 -9.990e-29
 172.629358      1.039  35.911491    16.6540    6.63313      1.030    27.5243    19.8634 -9.990e-29
 172.629363      1.050  35.911423    16.6543    6.63012      1.041    27.5240    19.8632 -9.990e-29
 172.629369      1.062  35.911480    16.6547    6.62855      1.053    27.5238    19.8629 -9.990e-29
 172.629375      1.073  35.911746    16.6549    6.62128      1.064    27.5239    19.8629 -9.990e-29
 172.629381      1.083  35.912021    16.6548    6.62322      1.074    27.5242    19.8632 -9.990e-29
 172.629387      1.093  35.912117    16.6550    6.63266      1.084    27.5241    19.8631 -9.990e-29
 172.629392      1.108  35.912170    16.6555    6.62432      1.099    27.5238    19.8627 -9.990e-29
 172.629398      1.129  35.912258    16.6559    6.62257      1.120    27.5236    19.8625 -9.990e-29
 172.629404      1.148  35.912505    16.6560    6.61917      1.138    27.5238    19.8626 -9.990e-29
 172.629410      1.162  35.912688    16.6558    6.62785      1.152    27.5241    19.8629 -9.990e-29
 172.629416      1.173  35.912497    16.6555    6.62708      1.163    27.5241    19.8629 -9.990e-29
 172.629421      1.181  35.912244    16.6552    6.61561      1.171    27.5241    19.8630 -9.990e-29
 172.629427      1.187  35.912159    16.6551    6.60701      1.177    27.5241    19.8630 -9.990e-29
 172.629433      1.190  35.912135    16.6552    6.60362      1.180    27.5240    19.8629 -9.990e-29
 172.629439      1.192  35.912148    16.6551    6.61932      1.182    27.5241    19.8630 -9.990e-29
 172.629444      1.196  35.912222    16.6551    6.61745      1.186    27.5241    19.8631 -9.990e-29
 172.629450      1.208  35.912465    16.6552    6.60451      1.198    27.5243    19.8631 -9.990e-29
 172.629456      1.218  35.912647    16.6552    6.59783      1.208    27.5244    19.8633 -9.990e-29
 172.629462      1.220  35.912455    16.6552    6.60061      1.210    27.5242    19.8631 -9.990e-29
 172.629468      1.222  35.912201    16.6552    6.60872      1.212    27.5240    19.8630 -9.990e-29
 172.629473      1.233  35.912116    16.6552    6.60932      1.223    27.5240    19.8629 -9.990e-29
 172.629479      1.249  35.912094    16.6551    6.60684      1.239    27.5240    19.8630 -9.990e-29
 172.629485      1.263  35.912112    16.6550    6.60933      1.252    27.5241    19.8631 -9.990e-29
 172.629491      1.270  35.912199    16.6549    6.61187      1.259    27.5242    19.8632 -9.990e-29
 172.629497      1.277  35.912479    16.6550    6.60903      1.266    27.5244    19.8633 -9.990e-29
 172.629502      1.283  35.912771    16.6551    6.60712      1.272    27.5246    19.8634 -9.990e-29
 172.629508      1.285  35.912911    16.6550    6.60317      1.274    27.5248    19.8636 -9.990e-29
 172.629514      1.287  35.913093    16.6550    6.60747      1.276    27.5249    19.8637 -9.990e-29
 172.629520      1.293  35.913006    16.6551    6.59817      1.282    27.5248    19.8636 -9.990e-29
 172.629525      1.303  35.912541    16.6551    6.59059      1.292    27.5244    19.8632 -9.990e-29
 172.629531      1.315  35.912207    16.6552    6.58827      1.304    27.5240    19.8630 -9.990e-29
 172.629537      1.324  35.912125    16.6553    6.58949      1.313    27.5239    19.8628 -9.990e-29
 172.629543      1.336  35.912194    16.6552    6.59661      1.325    27.5240    19.8629 -9.990e-29
 172.629549      1.350  35.912513    16.6553    6.59882      1.339    27.5242    19.8631 -9.990e-29
 172.629554      1.361  35.912953    16.6553    6.59389      1.350    27.5246    19.8634 -9.990e-29
 172.629560      1.363  35.912988    16.6551    6.59778      1.352    27.5247    19.8635 -9.990e-29
 172.629566      1.361  35.912669    16.6549    6.59888      1.350    27.5246    19.8635 -9.990e-29
 172.629572      1.369  35.912702    16.6550    6.59517      1.358    27.5245    19.8634 -9.990e-29
 172.629578      1.390  35.913137    16.6551    6.58567      1.378    27.5248    19.8636 -9.990e-29
 172.629583      1.414  35.913441    16.6553    6.58156      1.402    27.5250    19.8637 -9.990e-29
 172.629589      1.433  35.913465    16.6555    6.58293      1.421    27.5248    19.8635 -9.990e-29
 172.629595      1.448  35.913247    16.6556    6.59029      1.436    27.5246    19.8633 -9.990e-29
 172.629601      1.461  35.913064    16.6557    6.59674      1.449    27.5243    19.8631 -9.990e-29
 172.629606      1.473  35.913241    16.6557    6.59232      1.461    27.5245    19.8632 -9.990e-29
 172.629612      1.483  35.913460    16.6555    6.58085      1.471    27.5248    19.8635 -9.990e-29
 172.629618      1.493  35.913458    16.6553    6.57641      1.481    27.5249    19.8637 -9.990e-29
 172.629624      1.503  35.913241    16.6553    6.58684      1.490    27.5248    19.8635 -9.990e-29
 172.629630      1.514  35.913086    16.6553    6.58834      1.501    27.5246    19.8634 -9.990e-29
 172.629635      1.527  35.913353    16.6551    6.58083      1.514    27.5250    19.8637 -9.990e-29
 172.629641      1.542  35.913847    16.6547    6.57192      1.529    27.5257    19.8643 -9.990e-29
 172.629647      1.557  35.914112    16.6545    6.57261      1.544    27.5260    19.8647 -9.990e-29
 172.629653      1.567  35.913948    16.6547    6.58207      1.554    27.5258    19.8644 -9.990e-29
 172.629659      1.578  35.913704    16.6550    6.58555      1.565    27.5253    19.8640 -9.990e-29
 172.629664      1.591  35.913621    16.6551    6.58381      1.578    27.5252    19.8639 -9.990e-29
 172.629670      1.597  35.913595    16.6551    6.57608      1.584    27.5252    19.8639 -9.990e-29
 172.629676      1.598  35.913600    16.6552    6.57702      1.585    27.5251    19.8638 -9.990e-29
 172.629682      1.601  35.913648    16.6553    6.57707      1.588    27.5251    19.8638 -9.990e-29
 172.629687      1.612  35.913811    16.6555    6.57545      1.599    27.5251    19.8637 -9.990e-29
 172.629693      1.626  35.914126    16.6555    6.57354      1.612    27.5253    19.8639 -9.990e-29
 172.629699      1.636  35.914458    16.6555    6.57157      1.622    27.5256    19.8641 -9.990e-29
 172.629705      1.638  35.914510    16.6555    6.56873      1.624    27.5257    19.8642 -9.990e-29
 172.629711      1.638  35.914362    16.6554    6.56861      1.624    27.5256    19.8641 -9.990e-29
 172.629716      1.638  35.914200    16.6556    6.57574      1.624    27.5253    19.8639 -9.990e-29
 172.629722      1.639  35.913818    16.6560    6.57744      1.625    27.5247    19.8633 -9.990e-29
 172.629728      1.641  35.913278    16.6562    6.58287      1.627    27.5241    19.8628 -9.990e-29
 172.629734      1.645  35.912990    16.6562    6.58732      1.631    27.5239    19.8626 -9.990e-29
 172.629740      1.649  35.913138    16.6560    6.57712      1.635    27.5241    19.8629 -9.990e-29
 172.629745      1.656  35.913369    16.6558    6.56766      1.642    27.5245    19.8632 -9.990e-29
 172.629751      1.665  35.913442    16.6559    6.56973      1.651    27.5245    19.8632 -9.990e-29
 172.629757      1.672  35.913462    16.6563    6.58030      1.658    27.5242    19.8629 -9.990e-29
 172.629763      1.674  35.913464    16.6564    6.57833      1.660    27.5241    19.8628 -9.990e-29
 172.629769      1.670  35.913461    16.6560    6.56914      1.656    27.5244    19.8631 -9.990e-29
 172.629774      1.662  35.913458    16.6558    6.56769      1.648    27.5246    19.8632 -9.990e-29
 172.629780      1.651  35.913461    16.6559    6.56976      1.637    27.5245    19.8632 -9.990e-29
 172.629786      1.647  35.913482    16.6564    6.57255      1.633    27.5242    19.8628 -9.990e-29
 172.629792      1.653  35.913558    16.6570    6.56830      1.639    27.5238    19.8624 -9.990e-29
 172.629797      1.664  35.913800    16.6571    6.56870      1.650    27.5239    19.8625 -9.990e-29
 172.629803      1.675  35.913980    16.6568    6.57028      1.661    27.5243    19.8628 -9.990e-29
 172.629809      1.684  35.913787    16.6565    6.57329      1.670    27.5243    19.8629 -9.990e-29
 172.629815      1.698  35.913532    16.6566    6.56976      1.684    27.5241    19.8627 -9.990e-29
 172.629821      1.712  35.913445    16.6569    6.55284      1.698    27.5238    19.8624 -9.990e-29
 172.629826      1.723  35.913420    16.6570    6.55882      1.709    27.5237    19.8623 -9.990e-29
 172.629832      1.732  35.913431    16.6570    6.56652      1.718    27.5237    19.8623 -9.990e-29
 172.629838      1.740  35.913504    16.6570    6.57600      1.725    27.5237    19.8624 -9.990e-29
 172.629844      1.747  35.913745    16.6574    6.57658      1.732    27.5237    19.8622 -9.990e-29
 172.629850      1.753  35.913925    16.6578    6.56710      1.738    27.5235    19.8620 -9.990e-29
 172.629855      1.758  35.913731    16.6579    6.55673      1.743    27.5233    19.8618 -9.990e-29
 172.629861      1.764  35.913475    16.6579    6.55957      1.749    27.5231    19.8617 -9.990e-29
 172.629867      1.771  35.913385    16.6578    6.56362      1.756    27.5231    19.8617 -9.990e-29
 172.629873      1.779  35.913352    16.6577    6.56205      1.764    27.5231    19.8617 -9.990e-29
 172.629878      1.783  35.913340    16.6579    6.56674      1.768    27.5230    19.8616 -9.990e-29
 172.629884      1.781  35.913342    16.6581    6.56101      1.766    27.5228    19.8614 -9.990e-29
 172.629890      1.777  35.913371    16.6581    6.56090      1.762    27.5229    19.8615 -9.990e-29
 172.629896      1.773  35.913474    16.6579    6.56352      1.758    27.5231    19.8617 -9.990e-29
 172.629902      1.771  35.913800    16.6578    6.56113      1.756    27.5234    19.8620 -9.990e-29
 172.629907      1.769  35.914229    16.6577    6.56767      1.754    27.5239    19.8623 -9.990e-29
 172.629913      1.769  35.914222    16.6575    6.56446      1.754    27.5240    19.8625 -9.990e-29
 172.629919      1.769  35.913779    16.6575    6.55880      1.754    27.5236    19.8622 -9.990e-29
 172.629925      1.770  35.913440    16.6576    6.56570      1.755    27.5233    19.8619 -9.990e-29
 172.629931      1.772  35.913322    16.6577    6.56648      1.757    27.5231    19.8617 -9.990e-29
 172.629936      1.775  35.913278    16.6578    6.56050      1.760    27.5230    19.8616 -9.990e-29
 172.629942      1.779  35.913257    16.6578    6.54942      1.764    27.5230    19.8616 -9.990e-29
 172.629948      1.785  35.913243    16.6576    6.54148      1.770    27.5231    19.8617 -9.990e-29
 172.629954      1.793  35.913226    16.6575    6.55305      1.778    27.5231    19.8618 -9.990e-29
 172.629959      1.803  35.913191    16.6576    6.56112      1.788    27.5230    19.8617 -9.990e-29
 172.629965      1.815  35.913101    16.6575    6.56517      1.800    27.5230    19.8617 -9.990e-29
 172.629971      1.828  35.912845    16.6573    6.55998      1.813    27.5229    19.8617 -9.990e-29
 172.629977      1.832  35.912651    16.6574    6.55023      1.817    27.5227    19.8615 -9.990e-29
 172.629983      1.828  35.912831    16.6575    6.54310      1.813    27.5228    19.8615 -9.990e-29
 172.629988      1.829  35.913073    16.6575    6.54773      1.814    27.5230    19.8617 -9.990e-29
 172.629994      1.843  35.913149    16.6575    6.55332      1.828    27.5231    19.8617 -9.990e-29
 172.630000      1.862  35.913170    16.6577    6.55493      1.846    27.5229    19.8616 -9.990e-29
 172.630006      1.875  35.913173    16.6578    6.55111      1.859    27.5229    19.8615 -9.990e-29
 172.630012      1.879  35.913168    16.6579    6.55027      1.863    27.5228    19.8614 -9.990e-29
 172.630017      1.877  35.913158    16.6580    6.54843      1.861    27.5227    19.8614 -9.990e-29
 172.630023      1.879  35.913142    16.6581    6.55422      1.863    27.5226    19.8613 -9.990e-29
 172.630029      1.889  35.913106    16.6582    6.55388      1.873    27.5225    19.8612 -9.990e-29
 172.630035      1.903  35.913012    16.6582    6.55123      1.887    27.5225    19.8611 -9.990e-29
 172.630041      1.914  35.912746    16.6579    6.55039      1.898    27.5224    19.8612 -9.990e-29
 172.630046      1.918  35.912520    16.6576    6.54466      1.902    27.5224    19.8612 -9.990e-29
 172.630052      1.919  35.912605    16.6576    6.54286      1.903    27.5225    19.8613 -9.990e-29
 172.630058      1.926  35.912561    16.6576    6.54959      1.910    27.5225    19.8613 -9.990e-29
 172.630064      1.944  35.912339    16.6574    6.54803      1.928    27.5224    19.8613 -9.990e-29
 172.630069      1.965  35.912213    16.6573    6.55948      1.949    27.5224    19.8613 -9.990e-29
 172.630075      1.978  35.912024    16.6574    6.55214      1.961    27.5221    19.8611 -9.990e-29
 172.630081      1.984  35.912090    16.6577    6.54564      1.967    27.5220    19.8609 -9.990e-29
 172.630087      1.987  35.912506    16.6579    6.55179      1.970    27.5222    19.8610 -9.990e-29
 172.630093      1.992  35.912716    16.6580    6.54583      1.975    27.5223    19.8611 -9.990e-29
 172.630098      2.004  35.912450    16.6580    6.55236      1.987    27.5221    19.8609 -9.990e-29
 172.630104      2.019  35.911921    16.6576    6.54762      2.002    27.5219    19.8608 -9.990e-29
 172.630110      2.028  35.911557    16.6571    6.54259      2.011    27.5219    19.8610 -9.990e-29
 172.630116      2.030  35.911439    16.6568    6.54108      2.013    27.5220    19.8611 -9.990e-29
 172.630122      2.028  35.911420    16.6566    6.54144      2.011    27.5222    19.8612 -9.990e-29
