data/oxygen options/ONMS/Olympic_Coast_National_Marine_Sanctuary_Hypoxia_Survey_CTD_Data_2004_2015/raw_data/2005/CTD_TH50_052405faed.cnv
* Sea-Bird SBE19 Data File:
* FileName = C:\Documents and Settings\kirner.PTANGELES\Desktop\hypoxia CTD data\TH60__052405.hex
* Software Version 1.1.5
* Temperature SN = 2997
* Conductivity SN = 2997
* System UpLoad Time = May 24 2005 18:23:35
* SEACAT PROFILER V3.1c SN 2997   05/24/05  18:22:10.777
* strain gauge pressure sensor: S/N = 184829,  range = 3000 psia,  tc = 40
# nquan = 9                                 
# nvalues = 626                         
# units = specified
# name 0 = timeJ: Julian Days
# name 1 = prSM: Pressure, Strain Gauge [db]
# name 2 = c0mS/cm: Conductivity [mS/cm]
# name 3 = t090C: Temperature [ITS-90, deg C]
# name 4 = oxML/L: Oxygen, Beckman/YSI [ml/l]
# name 5 = depSM: Depth [salt water, m], lat = 47.5
# name 6 = sal00: Salinity, Practical [PSU]
# name 7 = sigma-é00: Density [sigma-theta, kg/m^3]
# name 8 = flag: flag
# span 0 = 144.720799, 144.724416       
# span 1 =     -2.967,     52.273       
# span 2 =   1.181689,  36.197482       
# span 3 =     9.3064,    14.2970       
# span 4 =   -0.10104,   26.40118       
# span 5 =     -2.942,     51.830       
# span 6 =     0.7704,    32.6675       
# span 7 =    -0.0629,    25.2445       
# span 8 = 0.0000e+00, 0.0000e+00       
# interval = seconds: 0.5
# start_time = May 24 2005 17:17:57 [Instrument's time stamp, header]
# bad_flag = -9.990e-29
*END*
[from data line 481]
 144.723582     47.733  35.199346     9.3119    4.23311     47.329    32.6562    25.2350 0.0000e+00
 144.723588     48.231  35.202174     9.3098    4.23470     47.823    32.6609    25.2389 0.0000e+00
 144.723594     48.734  35.204604     9.3085    4.22729     48.322    32.6643    25.2418 0.0000e+00
 144.723600     49.226  35.206490     9.3076    4.23053     48.809    32.6669    25.2440 0.0000e+00
 144.723605     49.692  35.207529     9.3078    4.23167     49.271    32.6675    25.2445 0.0000e+00
 144.723611     50.120  35.207975     9.3098    4.22047     49.696    32.6660    25.2430 0.0000e+00
 144.723617     50.501  35.208424     9.3117    4.21126     50.073    32.6645    25.2415 0.0000e+00
 144.723623     50.843  35.208368     9.3111    4.19807     50.412    32.6649    25.2419 0.0000e+00
 144.723628     51.159  35.206629     9.3097    4.18988     50.726    32.6642    25.2416 0.0000e+00
 144.723634     51.449  35.204268     9.3095    4.19193     51.013    32.6619    25.2398 0.0000e+00
 144.723640     51.696  35.203199     9.3100    4.18949     51.258    32.6602    25.2384 0.0000e+00
 144.723646     51.894  35.203134     9.3113    4.18852     51.454    32.6588    25.2372 0.0000e+00
 144.723652     52.049  35.204003     9.3132    4.17839     51.608    32.6579    25.2362 -9.990e-29
 144.723657     52.160  35.205861     9.3144    4.19313     51.718    32.6587    25.2366 -9.990e-29
 144.723663     52.231  35.207277     9.3146    4.21452     51.789    32.6599    25.2375 -9.990e-29
 144.723669     52.267  35.207913     9.3143    4.21369     51.824    32.6609    25.2383 -9.990e-29
 144.723675     52.273  35.208076     9.3135    4.21860     51.830    32.6618    25.2391 -9.990e-29
 144.723681     52.251  35.206880     9.3120    4.22132     51.808    32.6619    25.2395 -9.990e-29
 144.723686     52.189  35.204431     9.3107    4.21817     51.747    32.6606    25.2386 -9.990e-29
 144.723692     52.086  35.202525     9.3105    4.23033     51.645    32.6589    25.2373 -9.990e-29
 144.723698     51.937  35.202002     9.3118    4.22421     51.497    32.6572    25.2358 0.0000e+00
 144.723704     51.739  35.202743     9.3132    4.21514     51.301    32.6568    25.2352 0.0000e+00
 144.723709     51.490  35.202952     9.3118    4.22174     51.054    32.6584    25.2367 0.0000e+00
 144.723715     51.202  35.200683     9.3091    4.20979     50.768    32.6586    25.2373 0.0000e+00
 144.723721     50.893  35.198540     9.3084    4.21117     50.462    32.6572    25.2363 0.0000e+00
 144.723727     50.579  35.198731     9.3096    4.20018     50.151    32.6564    25.2355 0.0000e+00
 144.723733     50.261  35.199848     9.3107    4.19785     49.835    32.6567    25.2356 0.0000e+00
 144.723738     49.936  35.200597     9.3104    4.21723     49.513    32.6579    25.2366 0.0000e+00
 144.723744     49.595  35.200312     9.3091    4.23698     49.175    32.6590    25.2376 0.0000e+00
 144.723750     49.231  35.199193     9.3081    4.26021     48.814    32.6589    25.2377 0.0000e+00
 144.723756     48.846  35.198009     9.3075    4.27297     48.433    32.6584    25.2374 0.0000e+00
 144.723762     48.448  35.196323     9.3068    4.26913     48.038    32.6575    25.2368 0.0000e+00
 144.723767     48.052  35.193589     9.3065    4.28014     47.645    32.6551    25.2349 0.0000e+00
 144.723773     47.670  35.191229     9.3064    4.28235     47.267    32.6529    25.2333 0.0000e+00
 144.723779     47.304  35.190040     9.3066    4.28793     46.904    32.6517    25.2322 0.0000e+00
 144.723785     46.944  35.189018     9.3076    4.30879     46.547    32.6499    25.2307 0.0000e+00
 144.723791     46.575  35.187378     9.3097    4.30663     46.181    32.6464    25.2276 0.0000e+00
 144.723796     46.190  35.183513     9.3126    4.32505     45.799    32.6400    25.2221 0.0000e+00
 144.723802     45.800  35.176774     9.3154    4.34050     45.413    32.6306    25.2144 0.0000e+00
 144.723808     45.418  35.169969     9.3175    4.35280     45.034    32.6219    25.2072 0.0000e+00
 144.723814     45.050  35.166379     9.3201    4.39122     44.669    32.6160    25.2021 0.0000e+00
 144.723819     44.693  35.165725     9.3272    4.41578     44.315    32.6090    25.1955 0.0000e+00
 144.723825     44.338  35.164910     9.3441    4.42725     43.963    32.5929    25.1803 0.0000e+00
 144.723831     43.975  35.162306     9.3702    4.41357     43.603    32.5666    25.1556 0.0000e+00
 144.723837     43.602  35.158384     9.3945    4.42489     43.234    32.5406    25.1314 0.0000e+00
 144.723843     43.225  35.155226     9.4084    4.45226     42.860    32.5249    25.1169 0.0000e+00
 144.723848     42.846  35.154251     9.4145    4.51078     42.484    32.5185    25.1109 0.0000e+00
 144.723854     42.462  35.154744     9.4190    4.60593     42.103    32.5151    25.1075 0.0000e+00
 144.723860     42.075  35.156263     9.4277    4.67078     41.720    32.5090    25.1013 0.0000e+00
 144.723866     41.677  35.160293     9.4502    4.68514     41.325    32.4929    25.0851 0.0000e+00
 144.723872     41.260  35.172787     9.5118    4.74112     40.912    32.4500    25.0418 0.0000e+00
 144.723877     40.827  35.211543     9.6546    4.80936     40.482    32.3610    24.9492 0.0000e+00
 144.723883     40.389  35.319289     9.8530    4.89991     40.048    32.2927    24.8636 0.0000e+00
 144.723889     39.960  35.479927     9.9934    5.02618     39.623    32.3302    24.8697 0.0000e+00
 144.723895     39.553  35.580830    10.0377    5.11680     39.219    32.3928    24.9112 0.0000e+00
 144.723900     39.171  35.592891    10.0608    5.22517     38.840    32.3845    24.9009 0.0000e+00
 144.723906     38.810  35.609048    10.1216    5.29669     38.482    32.3466    24.8612 0.0000e+00
 144.723912     38.466  35.673846    10.2536    5.34972     38.141    32.2944    24.7983 0.0000e+00
 144.723918     38.129  35.783434    10.4471    5.39580     37.807    32.2327    24.7176 0.0000e+00
 144.723924     37.791  35.921357    10.6086    5.41906     37.472    32.2278    24.6862 0.0000e+00
 144.723929     37.446  36.018681    10.6908    5.43088     37.130    32.2524    24.6912 0.0000e+00
 144.723935     37.086  36.054408    10.7300    5.39886     36.773    32.2535    24.6853 0.0000e+00
 144.723941     36.702  36.063890    10.7557    5.37619     36.392    32.2404    24.6707 0.0000e+00
 144.723947     36.289  36.049144    10.7609    5.34095     35.983    32.2214    24.6549 0.0000e+00
 144.723953     35.856  35.987167    10.7420    5.33922     35.554    32.1766    24.6233 0.0000e+00
 144.723958     35.422  35.902440    10.7298    5.32307     35.123    32.1033    24.5684 0.0000e+00
 144.723964     35.003  35.866483    10.7296    5.31650     34.708    32.0679    24.5408 0.0000e+00
 144.723970     34.592  35.862207    10.7294    5.31899     34.300    32.0640    24.5378 0.0000e+00
 144.723976     34.173  35.836832    10.7534    5.39540     33.885    32.0180    24.4978 0.0000e+00
 144.723981     33.740  35.805884    10.8303    5.52094     33.456    31.9203    24.4085 0.0000e+00
 144.723987     33.304  35.806049    10.9189    5.66268     33.023    31.8436    24.3334 0.0000e+00
 144.723993     32.871  35.831402    10.9680    5.79315     32.594    31.8262    24.3113 0.0000e+00
 144.723999     32.440  35.844017    11.0255    5.83772     32.167    31.7890    24.2724 0.0000e+00
 144.724005     32.004  35.862996    11.1888    5.87824     31.734    31.6670    24.1488 0.0000e+00
 144.724010     31.553  35.934972    11.4544    5.91177     31.287    31.5103    23.9799 0.0000e+00
 144.724016     31.089  36.024730    11.6845    5.94504     30.827    31.4024    23.8547 0.0000e+00
 144.724022     30.627  36.061916    11.8072    6.00995     30.369    31.3350    23.7802 0.0000e+00
 144.724028     30.187  36.068159    11.8719    6.03546     29.933    31.2868    23.7309 0.0000e+00
 144.724034     29.770  36.079323    11.9315    6.07925     29.519    31.2477    23.6897 0.0000e+00
 144.724039     29.362  36.086779    11.9985    6.09663     29.115    31.1989    23.6396 0.0000e+00
 144.724045     28.950  36.092642    12.0878    6.10534     28.706    31.1302    23.5699 0.0000e+00
 144.724051     28.525  36.101951    12.2089    6.09233     28.285    31.0387    23.4765 0.0000e+00
 144.724057     28.082  36.113130    12.3167    6.06750     27.846    30.9603    23.3958 0.0000e+00
 144.724063     27.617  36.119812    12.3868    6.04919     27.385    30.9091    23.3430 0.0000e+00
 144.724068     27.136  36.120296    12.4313    6.03369     26.908    30.8732    23.3068 0.0000e+00
 144.724074     26.654  36.117509    12.4524    6.01934     26.430    30.8534    23.2875 0.0000e+00
 144.724080     26.185  36.116739    12.4564    6.01953     25.965    30.8495    23.2838 0.0000e+00
 144.724086     25.727  36.120352    12.4578    5.99836     25.511    30.8520    23.2854 0.0000e+00
 144.724091     25.273  36.124216    12.4663    6.01728     25.061    30.8489    23.2814 0.0000e+00
 144.724097     24.816  36.124532    12.4800    6.02793     24.607    30.8381    23.2705 0.0000e+00
 144.724103     24.361  36.121180    12.4941    6.02696     24.156    30.8235    23.2565 0.0000e+00
 144.724109     23.908  36.115880    12.5103    6.03163     23.707    30.8054    23.2395 0.0000e+00
 144.724115     23.442  36.108317    12.5310    6.01887     23.245    30.7815    23.2170 0.0000e+00
 144.724120     22.955  36.097398    12.5588    6.01851     22.762    30.7486    23.1863 0.0000e+00
 144.724126     22.449  36.081483    12.5916    6.02766     22.260    30.7070    23.1479 0.0000e+00
 144.724132     21.931  36.060683    12.6170    6.01178     21.747    30.6669    23.1120 0.0000e+00
 144.724138     21.410  36.043173    12.6319    5.99043     21.230    30.6384    23.0872 0.0000e+00
 144.724144     20.889  36.029186    12.6493    5.96816     20.714    30.6113    23.0629 0.0000e+00
 144.724149     20.362  36.000657    12.6759    5.94354     20.191    30.5630    23.0205 0.0000e+00
 144.724155     19.836  35.953772    12.7027    5.94266     19.670    30.4973    22.9646 0.0000e+00
 144.724161     19.320  35.910704    12.7204    5.94472     19.158    30.4427    22.9189 0.0000e+00
 144.724167     18.823  35.887503    12.7271    5.94776     18.665    30.4156    22.8967 0.0000e+00
 144.724172     18.348  35.882976    12.7254    5.97279     18.194    30.4129    22.8949 0.0000e+00
 144.724178     17.886  35.890550    12.7247    5.98703     17.736    30.4208    22.9011 0.0000e+00
 144.724184     17.425  35.896797    12.7340    5.99943     17.279    30.4194    22.8982 0.0000e+00
 144.724190     16.953  35.888757    12.7530    6.01013     16.811    30.3967    22.8771 0.0000e+00
 144.724196     16.460  35.870868    12.7810    6.00592     16.322    30.3575    22.8415 0.0000e+00
 144.724201     15.951  35.845650    12.8136    6.00904     15.817    30.3079    22.7969 0.0000e+00
 144.724207     15.438  35.815387    12.8377    6.01383     15.309    30.2604    22.7555 0.0000e+00
 144.724213     14.938  35.795260    12.8489    6.01827     14.813    30.2327    22.7320 0.0000e+00
 144.724219     14.451  35.787615    12.8532    6.01556     14.330    30.2223    22.7231 0.0000e+00
 144.724225     13.969  35.784528    12.8574    6.00655     13.852    30.2162    22.7176 0.0000e+00
 144.724230     13.482  35.780781    12.8659    6.00932     13.369    30.2061    22.7081 0.0000e+00
 144.724236     12.990  35.773080    12.8761    6.00718     12.881    30.1910    22.6945 0.0000e+00
 144.724242     12.481  35.763511    12.8821    6.00807     12.376    30.1774    22.6828 0.0000e+00
 144.724248     11.950  35.755598    12.8832    5.99481     11.850    30.1693    22.6763 0.0000e+00
 144.724253     11.419  35.750584    12.8830    5.98808     11.323    30.1650    22.6730 0.0000e+00
 144.724259     10.899  35.748536    12.8842    6.01726     10.808    30.1623    22.6707 0.0000e+00
 144.724265     10.385  35.746182    12.8874    6.00334     10.298    30.1577    22.6665 0.0000e+00
 144.724271      9.873  35.738161    12.8929    6.01431      9.790    30.1460    22.6564 0.0000e+00
 144.724277      9.368  35.723892    12.9001    6.03143      9.290    30.1271    22.6404 0.0000e+00
 144.724282      8.887  35.709038    12.9060    6.03472      8.813    30.1087    22.6250 0.0000e+00
 144.724288      8.440  35.699607    12.9085    6.03751      8.369    30.0981    22.6163 0.0000e+00
 144.724294      8.026  35.695941    12.9095    6.03947      7.959    30.0940    22.6130 0.0000e+00
 144.724300      7.626  35.694667    12.9129    6.13029      7.562    30.0903    22.6094 0.0000e+00
 144.724306      7.211  35.691852    12.9242    6.30913      7.151    30.0788    22.5984 0.0000e+00
 144.724311      6.762  35.680759    12.9542    6.46389      6.705    30.0448    22.5664 0.0000e+00
 144.724317      6.291  35.645482    13.0122    6.49385      6.238    29.9661    22.4944 0.0000e+00
 144.724323      5.813  35.560105    13.0992    6.43563      5.764    29.8182    22.3634 0.0000e+00
 144.724329      5.337  35.372472    13.2398    6.32482      5.292    29.5344    22.1171 0.0000e+00
 144.724334      4.871  35.011819    13.4536    6.12561      4.830    29.0375    21.6920 0.0000e+00
 144.724340      4.427  34.476599    13.6746    5.96694      4.390    28.3816    21.1430 0.0000e+00
 144.724346      4.017  33.952885    13.7994    5.77225      3.983    27.8139    20.6809 0.0000e+00
 144.724352      3.649  33.717711    13.8123    5.66158      3.619    27.5915    20.5070 0.0000e+00
 144.724358      3.319  33.765823    13.8144    5.75095      3.291    27.6337    20.5391 0.0000e+00
 144.724363      3.016  33.826243    13.8872 -9.990e-29      2.991    27.6362    20.5268 0.0000e+00
 144.724369      2.746  33.739087    13.9813 -9.990e-29      2.723    27.4902    20.3959 0.0000e+00
 144.724375      2.527  33.596067    14.0117 -9.990e-29      2.506    27.3397    20.2740 0.0000e+00
 144.724381      2.360  33.583691    13.9584 -9.990e-29      2.340    27.3665    20.3050 -9.990e-29
 144.724387      2.240  33.703983    13.8500 -9.990e-29      2.221    27.5525    20.4695 -9.990e-29
 144.724392      2.156  33.821422    13.7414 -9.990e-29      2.138    27.7371    20.6330 -9.990e-29
 144.724398      2.096  33.863356    13.6767 -9.990e-29      2.078    27.8221    20.7110 -9.990e-29
 144.724404      2.059  33.838597    13.6506 -9.990e-29      2.042    27.8185    20.7133 -9.990e-29
 144.724410      2.041  33.797060    13.6434 -9.990e-29      2.024    27.7859    20.6896 -9.990e-29
 144.724416      2.036  33.776391 -9.990e-29 -9.990e-29      2.019 -9.990e-29 -9.990e-29 -9.990e-29
