data/oxygen options/ONMS/Olympic_Coast_National_Marine_Sanctuary_Hypoxia_Survey_CTD_Data_2004_2015/raw_data/2005/CTD_CE80_070605faed.cnv
* Sea-Bird SBE19 Data File:
* FileName = C:\Hypoxia Data\CE80_070605.hex
* Software Version 1.1.6
* Temperature SN = 2997
* Conductivity SN = 2997
* System UpLoad Time = Jul 06 2005 16:14:17
* SEACAT PROFILER V3.1c SN 2997   07/06/05  16:14:49.759
* strain gauge pressure sensor: S/N = 184829,  range = 3000 psia,  tc = 40
# nquan = 9                                 
# nvalues = 770                         
# units = specified
# name 0 = timeJ: Julian Days
# name 1 = prSM: Pressure, Strain Gauge [db]
# name 2 = c0mS/cm: Conductivity [mS/cm]
# name 3 = t090C: Temperature [ITS-90, deg C]
# name 4 = oxML/L: Oxygen, Beckman/YSI [ml/l]
# name 5 = depSM: Depth [salt water, m], lat = 47.5
# name 6 = sal00: Salinity, Practical [PSU]
# name 7 = sigma-é00: Density [sigma-theta, kg/m^3]
# name 8 = flag: flag
# span 0 = 187.642002, 187.646453       
# span 1 =     -3.735,     81.954       
# span 2 =   0.677800,  39.664050       
# span 3 =     7.4078,    15.8566       
# span 4 =   -0.09403,   23.16126       
# span 5 =     -3.704,     81.254       
# span 6 =     0.4100,    33.8262       
# span 7 =    -0.6420,    26.4368       
# span 8 = 0.0000e+00, 0.0000e+00       
# interval = seconds: 0.5
# start_time = Jul 06 2005 15:24:29 [Instrument's time stamp, header]
# bad_flag = -9.990e-29
*END*
[from data line 481]
 187.644786     51.934  34.995687     8.2758    3.08252     51.494    33.4070    25.9827 0.0000e+00
 187.644792     52.411  34.982674     8.2181    3.17011     51.967    33.4478    26.0234 0.0000e+00
 187.644797     52.912  34.945493     8.1586    3.23715     52.464    33.4648    26.0456 0.0000e+00
 187.644803     53.432  34.912464     8.1149    3.28329     52.979    33.4711    26.0570 0.0000e+00
 187.644809     53.959  34.894073     8.0827    3.31398     53.502    33.4820    26.0704 0.0000e+00
 187.644815     54.479  34.882593     8.0635    3.33602     54.017    33.4879    26.0778 0.0000e+00
 187.644821     54.987  34.874656     8.0540    3.34526     54.521    33.4883    26.0795 0.0000e+00
 187.644826     55.481  34.869756     8.0492    3.34748     55.011    33.4874    26.0795 0.0000e+00
 187.644832     55.958  34.867146     8.0462    3.34247     55.483    33.4872    26.0799 0.0000e+00
 187.644838     56.418  34.865585     8.0406    3.32750     55.939    33.4907    26.0834 0.0000e+00
 187.644844     56.870  34.862987     8.0276    3.31162     56.388    33.5002    26.0928 0.0000e+00
 187.644850     57.324  34.857569     8.0093    3.30605     56.838    33.5117    26.1045 0.0000e+00
 187.644855     57.790  34.850511     7.9904    3.30031     57.300    33.5220    26.1154 0.0000e+00
 187.644861     58.265  34.843609     7.9713    3.30244     57.771    33.5327    26.1266 0.0000e+00
 187.644867     58.747  34.836623     7.9534    3.29815     58.248    33.5422    26.1367 0.0000e+00
 187.644873     59.227  34.830323     7.9411    3.28225     58.724    33.5470    26.1423 0.0000e+00
 187.644878     59.698  34.826953     7.9336    3.26355     59.191    33.5504    26.1460 0.0000e+00
 187.644884     60.164  34.825377     7.9243    3.24307     59.653    33.5574    26.1529 0.0000e+00
 187.644890     60.637  34.821809     7.9096    3.20503     60.122    33.5675    26.1630 0.0000e+00
 187.644896     61.127  34.815414     7.8898    3.16625     60.608    33.5795    26.1753 0.0000e+00
 187.644902     61.629  34.807752     7.8653    3.11218     61.106    33.5946    26.1907 0.0000e+00
 187.644907     62.135  34.799251     7.8368    3.05035     61.607    33.6127    26.2091 0.0000e+00
 187.644913     62.636  34.789782     7.8054    2.97326     62.104    33.6325    26.2292 0.0000e+00
 187.644919     63.131  34.779604     7.7702    2.87998     62.595    33.6553    26.2522 0.0000e+00
 187.644925     63.618  34.767471     7.7269    2.80872     63.077    33.6839    26.2809 0.0000e+00
 187.644931     64.097  34.751771     7.6785    2.71129     63.552    33.7136    26.3112 0.0000e+00
 187.644936     64.568  34.734546     7.6351    2.62593     64.019    33.7368    26.3358 0.0000e+00
 187.644942     65.029  34.719167     7.6000    2.54723     64.476    33.7541    26.3543 0.0000e+00
 187.644948     65.477  34.705856     7.5677    2.46375     64.920    33.7709    26.3722 0.0000e+00
 187.644954     65.921  34.692550     7.5344    2.41354     65.360    33.7886    26.3909 0.0000e+00
 187.644959     66.362  34.678317     7.5036    2.37909     65.798    33.8030    26.4066 0.0000e+00
 187.644965     66.787  34.665475     7.4822    2.37095     66.219    33.8097    26.4149 0.0000e+00
 187.644971     67.178  34.657631     7.4734    2.35879     66.606    33.8096    26.4161 0.0000e+00
 187.644977     67.537  34.654967     7.4741    2.36151     66.962    33.8059    26.4130 0.0000e+00
 187.644983     67.881  34.655047     7.4782    2.35191     67.303    33.8018    26.4093 0.0000e+00
 187.644988     68.237  34.656295     7.4783    2.32469     67.656    33.8029    26.4101 0.0000e+00
 187.644994     68.613  34.655893     7.4687    2.30058     68.029    33.8116    26.4183 0.0000e+00
 187.645000     69.005  34.651061     7.4539    2.27377     68.418    33.8206    26.4275 0.0000e+00
 187.645006     69.399  34.644324     7.4433    2.26092     68.808    33.8235    26.4313 0.0000e+00
 187.645012     69.781  34.640147     7.4388    2.25874     69.187    33.8231    26.4316 0.0000e+00
 187.645017     70.154  34.638560     7.4364    2.26073     69.557    33.8236    26.4323 0.0000e+00
 187.645023     70.533  34.636883     7.4336    2.25168     69.932    33.8243    26.4333 0.0000e+00
 187.645029     70.922  34.634559     7.4310    2.25736     70.318    33.8241    26.4335 0.0000e+00
 187.645035     71.307  34.632971     7.4299    2.25481     70.700    33.8233    26.4330 0.0000e+00
 187.645041     71.672  34.632803     7.4302    2.25638     71.061    33.8227    26.4325 0.0000e+00
 187.645046     72.018  34.633266     7.4303    2.25804     71.404    33.8229    26.4327 0.0000e+00
 187.645052     72.355  34.632733     7.4288    2.25276     71.739    33.8236    26.4335 0.0000e+00
 187.645058     72.699  34.631052     7.4261    2.27097     72.080    33.8243    26.4343 0.0000e+00
 187.645064     73.044  34.629345     7.4228    2.28403     72.422    33.8255    26.4358 0.0000e+00
 187.645069     73.378  34.627574     7.4199    2.28015     72.753    33.8262    26.4368 0.0000e+00
 187.645075     73.689  34.625617     7.4187    2.28231     73.061    33.8251    26.4361 0.0000e+00
 187.645081     73.967  34.624226     7.4189    2.27246     73.337    33.8233    26.4346 0.0000e+00
 187.645087     74.220  34.623783     7.4200    2.26703     73.587    33.8216    26.4331 0.0000e+00
 187.645093     74.477  34.624258     7.4214    2.26522     73.842    33.8206    26.4322 0.0000e+00
 187.645098     74.760  34.625164     7.4221    2.26627     74.123    33.8208    26.4322 0.0000e+00
 187.645104     75.073  34.625467     7.4211    2.28614     74.433    33.8219    26.4333 0.0000e+00
 187.645110     75.415  34.624449     7.4183    2.27281     74.772    33.8234    26.4348 0.0000e+00
 187.645116     75.777  34.622434     7.4152    2.27195     75.131    33.8241    26.4358 0.0000e+00
 187.645122     76.149  34.620655     7.4138    2.27718     75.500    33.8233    26.4354 0.0000e+00
 187.645127     76.524  34.620100     7.4133    2.27773     75.871    33.8230    26.4352 0.0000e+00
 187.645133     76.905  34.620023     7.4122    2.28881     76.249    33.8238    26.4360 0.0000e+00
 187.645139     77.295  34.619201     7.4108    2.28790     76.636    33.8241    26.4364 0.0000e+00
 187.645145     77.688  34.618217     7.4102    2.27836     77.025    33.8234    26.4360 0.0000e+00
 187.645150     78.076  34.617999     7.4103    2.27730     77.410    33.8229    26.4356 0.0000e+00
 187.645156     78.453  34.618253     7.4104    2.27029     77.783    33.8229    26.4356 0.0000e+00
 187.645162     78.822  34.618193     7.4100    2.28569     78.149    33.8231    26.4358 0.0000e+00
 187.645168     79.189  34.617738     7.4097    2.28435     78.513    33.8227    26.4355 0.0000e+00
 187.645174     79.552  34.617401     7.4097    2.27712     78.873    33.8221    26.4351 0.0000e+00
 187.645179     79.900  34.617290     7.4097    2.27638     79.218    33.8218    26.4349 0.0000e+00
 187.645185     80.230  34.617255     7.4093    2.27203     79.545    33.8220    26.4351 0.0000e+00
 187.645191     80.544  34.617248     7.4089    2.27737     79.856    33.8223    26.4353 0.0000e+00
 187.645197     80.843  34.617258     7.4087    2.28102     80.153    33.8223    26.4354 0.0000e+00
 187.645203     81.114  34.617296     7.4088    2.28812     80.421    33.8221    26.4352 0.0000e+00
 187.645208     81.346  34.617410     7.4092    2.28186     80.651    33.8218    26.4349 0.0000e+00
 187.645214     81.536  34.617748     7.4097    2.27312     80.840    33.8215    26.4346 0.0000e+00
 187.645220     81.692  34.618201     7.4100    2.27716     80.994    33.8217    26.4347 0.0000e+00
 187.645226     81.819  34.618250     7.4095    2.27712     81.120    33.8222    26.4352 -9.990e-29
 187.645231     81.913  34.617398     7.4084    2.27500     81.213    33.8223    26.4354 -9.990e-29
 187.645237     81.954  34.616190     7.4078    2.27537     81.254    33.8215    26.4349 -9.990e-29
 187.645243     81.911  34.615815     7.4079    2.28670     81.211    33.8210    26.4345 -9.990e-29
 187.645249     81.763  34.615772     7.4081    2.28359     81.065    33.8209    26.4343 0.0000e+00
 187.645255     81.515  34.615441     7.4085    2.28527     80.819    33.8202    26.4338 0.0000e+00
 187.645260     81.184  34.615502     7.4087    2.27441     80.491    33.8203    26.4338 0.0000e+00
 187.645266     80.805  34.615479     7.4086    2.26772     80.115    33.8205    26.4340 0.0000e+00
 187.645272     80.418  34.614784     7.4083    2.27125     79.731    33.8202    26.4338 0.0000e+00
 187.645278     80.041  34.614175     7.4082    2.28014     79.358    33.8199    26.4335 0.0000e+00
 187.645284     79.672  34.613962     7.4082    2.27780     78.992    33.8198    26.4335 0.0000e+00
 187.645289     79.303  34.613862     7.4084    2.27649     78.626    33.8197    26.4333 0.0000e+00
 187.645295     78.933  34.613743     7.4089    2.27465     78.259    33.8192    26.4329 0.0000e+00
 187.645301     78.569  34.613449     7.4093    2.28021     77.898    33.8187    26.4324 0.0000e+00
 187.645307     78.216  34.613149     7.4095    2.27852     77.549    33.8184    26.4321 0.0000e+00
 187.645312     77.870  34.613008     7.4095    2.27663     77.206    33.8184    26.4321 0.0000e+00
 187.645318     77.517  34.612838     7.4099    2.27531     76.856    33.8180    26.4317 0.0000e+00
 187.645324     77.147  34.612972     7.4110    2.25894     76.489    33.8172    26.4310 0.0000e+00
 187.645330     76.759  34.613587     7.4127    2.25868     76.104    33.8164    26.4301 0.0000e+00
 187.645336     76.354  34.614386     7.4143    2.25859     75.703    33.8159    26.4295 0.0000e+00
 187.645341     75.930  34.615312     7.4152    2.25490     75.282    33.8162    26.4296 0.0000e+00
 187.645347     75.492  34.615922     7.4158    2.26722     74.848    33.8165    26.4298 0.0000e+00
 187.645353     75.045  34.615910     7.4164    2.26196     74.405    33.8162    26.4294 0.0000e+00
 187.645359     74.596  34.615821     7.4171    2.26127     73.960    33.8156    26.4288 0.0000e+00
 187.645365     74.149  34.616099     7.4181    2.25621     73.517    33.8151    26.4283 0.0000e+00
 187.645370     73.711  34.616558     7.4194    2.26012     73.083    33.8146    26.4277 0.0000e+00
 187.645376     73.283  34.616689     7.4206    2.25751     72.658    33.8138    26.4269 0.0000e+00
 187.645382     72.864  34.616669     7.4214    2.25013     72.243    33.8132    26.4263 0.0000e+00
 187.645388     72.462  34.617034     7.4220    2.24937     71.845    33.8132    26.4262 0.0000e+00
 187.645394     72.084  34.617151     7.4220    2.24789     71.470    33.8135    26.4264 0.0000e+00
 187.645399     71.725  34.616620     7.4217    2.25202     71.114    33.8134    26.4264 0.0000e+00
 187.645405     71.378  34.616415     7.4219    2.25414     70.770    33.8131    26.4262 0.0000e+00
 187.645411     71.039  34.616822     7.4229    2.25300     70.434    33.8127    26.4257 0.0000e+00
 187.645417     70.693  34.617266     7.4246    2.24613     70.091    33.8117    26.4247 0.0000e+00
 187.645422     70.338  34.617776     7.4263    2.25177     69.739    33.8108    26.4237 0.0000e+00
 187.645428     69.971  34.618473     7.4272    2.25810     69.375    33.8108    26.4236 0.0000e+00
 187.645434     69.585  34.619166     7.4278    2.25761     68.993    33.8112    26.4238 0.0000e+00
 187.645440     69.170  34.619661     7.4293    2.27302     68.581    33.8105    26.4230 0.0000e+00
 187.645446     68.712  34.620057     7.4331    2.30004     68.127    33.8074    26.4201 0.0000e+00
 187.645451     68.211  34.620883     7.4406    2.33993     67.631    33.8012    26.4141 0.0000e+00
 187.645457     67.688  34.622680     7.4505    2.37345     67.112    33.7938    26.4069 0.0000e+00
 187.645463     67.167  34.625606     7.4588    2.41048     66.596    33.7891    26.4020 0.0000e+00
 187.645469     66.668  34.628523     7.4655    2.45979     66.101    33.7860    26.3986 0.0000e+00
 187.645475     66.193  34.630841     7.4794    2.54302     65.630    33.7752    26.3881 0.0000e+00
 187.645480     65.738  34.635654     7.5090    2.62665     65.179    33.7518    26.3656 0.0000e+00
 187.645486     65.303  34.647701     7.5445    2.68428     64.748    33.7306    26.3438 0.0000e+00
 187.645492     64.894  34.664549     7.5696    2.73430     64.342    33.7246    26.3355 0.0000e+00
 187.645498     64.516  34.677278     7.5848    2.76868     63.968    33.7238    26.3327 0.0000e+00
 187.645503     64.162  34.683438     7.5975    2.80973     63.617    33.7183    26.3266 0.0000e+00
 187.645509     63.813  34.686766     7.6117    2.87716     63.271    33.7083    26.3167 0.0000e+00
 187.645515     63.452  34.690216     7.6384    2.95249     62.913    33.6863    26.2956 0.0000e+00
 187.645521     63.069  34.698409     7.6838    3.03361     62.533    33.6514    26.2616 0.0000e+00
 187.645527     62.660  34.713504     7.7320    3.11404     62.128    33.6213    26.2310 0.0000e+00
 187.645532     62.229  34.729864     7.7694    3.18160     61.700    33.6030    26.2113 0.0000e+00
 187.645538     61.783  34.742424     7.8005    3.22638     61.258    33.5868    26.1940 0.0000e+00
 187.645544     61.329  34.751704     7.8322    3.25903     60.808    33.5664    26.1734 0.0000e+00
 187.645550     60.870  34.760569     7.8618    3.28641     60.353    33.5477    26.1544 0.0000e+00
 187.645556     60.413  34.769651     7.8819    3.29744     59.900    33.5383    26.1441 0.0000e+00
 187.645561     59.962  34.776509     7.8906    3.29330     59.453    33.5376    26.1422 0.0000e+00
 187.645567     59.522  34.780223     7.8916    3.29040     59.017    33.5408    26.1446 0.0000e+00
 187.645573     59.097  34.781279     7.8928    3.28070     58.595    33.5410    26.1446 0.0000e+00
 187.645579     58.679  34.781106     7.9061    3.28482     58.181    33.5282    26.1326 0.0000e+00
 187.645584     58.264  34.785095     7.9310    3.29668     57.770    33.5088    26.1137 0.0000e+00
 187.645590     57.855  34.794095     7.9532    3.29521     57.364    33.4973    26.1015 0.0000e+00
 187.645596     57.461  34.801631     7.9661    3.30413     56.973    33.4932    26.0963 0.0000e+00
 187.645602     57.082  34.805441     7.9721    3.30656     56.598    33.4917    26.0943 0.0000e+00
 187.645608     56.706  34.807265     7.9752    3.30427     56.225    33.4909    26.0932 0.0000e+00
 187.645613     56.324  34.808431     7.9837    3.31026     55.846    33.4842    26.0866 0.0000e+00
 187.645619     55.926  34.811633     8.0017    3.30847     55.452    33.4706    26.0733 0.0000e+00
 187.645625     55.514  34.818354     8.0214    3.29413     55.043    33.4591    26.0614 0.0000e+00
 187.645631     55.105  34.825240     8.0344    3.29336     54.638    33.4542    26.0557 0.0000e+00
 187.645637     54.714  34.829166     8.0405    3.29791     54.250    33.4527    26.0536 0.0000e+00
 187.645642     54.343  34.830904     8.0428    3.29948     53.882    33.4526    26.0531 0.0000e+00
 187.645648     53.981  34.831668     8.0440    3.31079     53.523    33.4524    26.0528 0.0000e+00
 187.645654     53.613  34.831933     8.0467    3.28236     53.159    33.4503    26.0508 0.0000e+00
 187.645660     53.230  34.832632     8.0536    3.22521     52.779    33.4446    26.0453 0.0000e+00
 187.645666     52.827  34.835833     8.0678    3.17061     52.379    33.4347    26.0354 0.0000e+00
 187.645671     52.409  34.843581     8.0912    3.09706     51.965    33.4208    26.0210 0.0000e+00
 187.645677     51.984  34.857255     8.1201    3.04034     51.544    33.4080    26.0067 0.0000e+00
 187.645683     51.559  34.874369     8.1426    3.02563     51.122    33.4050    26.0010 0.0000e+00
 187.645689     51.141  34.886373     8.1545    3.01758     50.708    33.4066    26.0005 0.0000e+00
 187.645694     50.737  34.891918     8.1631    3.03267     50.307    33.4045    25.9976 0.0000e+00
 187.645700     50.353  34.896178     8.1693    3.04847     49.927    33.4033    25.9957 0.0000e+00
