data/oxygen options/ONMS/Olympic_Coast_National_Marine_Sanctuary_Hypoxia_Survey_CTD_Data_2004_2015/raw_data/2005/CTD_TH40_052405faed.cnv
* Sea-Bird SBE19 Data File:
* FileName = C:\Documents and Settings\kirner.PTANGELES\Desktop\hypoxia CTD data\TH50__052405.hex
* Software Version 1.1.5
* Temperature SN = 2997
* Conductivity SN = 2997
* System UpLoad Time = May 24 2005 18:25:23
* SEACAT PROFILER V3.1c SN 2997   05/24/05  18:24:19.351
* strain gauge pressure sensor: S/N = 184829,  range = 3000 psia,  tc = 40
# nquan = 9                                 
# nvalues = 629                         
# units = specified
# name 0 = timeJ: Julian Days
# name 1 = prSM: Pressure, Strain Gauge [db]
# name 2 = c0mS/cm: Conductivity [mS/cm]
# name 3 = t090C: Temperature [ITS-90, deg C]
# name 4 = oxML/L: Oxygen, Beckman/YSI [ml/l]
# name 5 = depSM: Depth [salt water, m], lat = 47.5
# name 6 = sal00: Salinity, Practical [PSU]
# name 7 = sigma-é00: Density [sigma-theta, kg/m^3]
# name 8 = flag: flag
# span 0 = 144.727627, 144.731262       
# span 1 =     -3.071,     42.752       
# span 2 =   0.716735,  36.103698       
# span 3 =     9.5459,    14.2677       
# span 4 =   -0.12313,   26.40805       
# span 5 =     -3.045,     42.391       
# span 6 =     0.4638,    32.5249       
# span 7 =    -0.2321,    25.0936       
# span 8 = 0.0000e+00, 0.0000e+00       
# interval = seconds: 0.5
# start_time = May 24 2005 17:27:47 [Instrument's time stamp, header]
# bad_flag = -9.990e-29
*END*
[from data line 321]
 144.729485      2.553  32.499809    14.2222    6.38013      2.532    26.2113    19.3639 -9.990e-29
 144.729491      2.564  32.504018    14.2238    6.39161      2.543    26.2140    19.3656 -9.990e-29
 144.729497      2.571  32.505782    14.2238    6.40169      2.550    26.2156    19.3669 -9.990e-29
 144.729502      2.565  32.508579    14.2226    6.40196      2.544    26.2189    19.3696 -9.990e-29
 144.729508      2.551  32.509982    14.2218    6.38514      2.530    26.2207    19.3712 -9.990e-29
 144.729514      2.541  32.509629    14.2211    6.38627      2.520    26.2208    19.3714 -9.990e-29
 144.729520      2.538  32.510418    14.2201    6.36949      2.517    26.2222    19.3727 -9.990e-29
 144.729525      2.546  32.510605    14.2183    6.37910      2.525    26.2236    19.3741 -9.990e-29
 144.729531      2.566  32.513809    14.2149    6.37563      2.545    26.2287    19.3788 -9.990e-29
 144.729537      2.587  32.523748    14.2112    6.37710      2.565    26.2401    19.3882 -9.990e-29
 144.729543      2.595  32.533509    14.2102    6.40232      2.573    26.2495    19.3956 -9.990e-29
 144.729549      2.589  32.533139    14.2139    6.37385      2.567    26.2467    19.3927 -9.990e-29
 144.729554      2.572  32.514304    14.2206    6.33605      2.551    26.2253    19.3750 -9.990e-29
 144.729560      2.556  32.470390    14.2251    6.32583      2.535    26.1831    19.3416 -9.990e-29
 144.729566      2.552  32.427462    14.2216    6.32365      2.531    26.1472    19.3147 -9.990e-29
 144.729572      2.564  32.437556    14.2051    6.36454      2.543    26.1674    19.3334 -9.990e-29
 144.729578      2.589  32.501254    14.1774    6.38523      2.567    26.2430    19.3970 -9.990e-29
 144.729583      2.616  32.580218    14.1530    6.37246      2.594    26.3301    19.4688 -9.990e-29
 144.729589      2.629  32.637414    14.1445    6.37234      2.607    26.3870    19.5143 -9.990e-29
 144.729595      2.621  32.650483    14.1496    6.36076      2.599    26.3952    19.5196 -9.990e-29
 144.729601      2.604  32.637411    14.1584    6.35146      2.582    26.3775    19.5043 -9.990e-29
 144.729606      2.598  32.622802    14.1641    6.33787      2.576    26.3606    19.4902 -9.990e-29
 144.729612      2.607  32.614085    14.1666    6.32936      2.585    26.3511    19.4824 -9.990e-29
 144.729618      2.623  32.610293    14.1647    6.32783      2.601    26.3490    19.4811 -9.990e-29
 144.729624      2.644  32.616464    14.1552    6.33787      2.622    26.3609    19.4922 -9.990e-29
 144.729630      2.665  32.641391    14.1397    6.34949      2.643    26.3938    19.5205 -9.990e-29
 144.729635      2.679  32.677973    14.1222    6.35578      2.657    26.4385    19.5583 -9.990e-29
 144.729641      2.684  32.718397    14.1093    6.37289      2.662    26.4835    19.5955 -9.990e-29
 144.729647      2.684  32.744279    14.1068    6.36917      2.662    26.5084    19.6151 -9.990e-29
 144.729653      2.683  32.739702    14.1122    6.35824      2.661    26.5006    19.6081 -9.990e-29
 144.729659      2.682  32.721541    14.1174    6.34698      2.660    26.4807    19.5918 -9.990e-29
 144.729664      2.684  32.713220    14.1199    6.34074      2.662    26.4716    19.5843 -9.990e-29
 144.729670      2.693  32.715981    14.1234    6.36052      2.671    26.4717    19.5836 -9.990e-29
 144.729676      2.707  32.709417    14.1257    6.37312      2.684    26.4642    19.5774 -9.990e-29
 144.729682      2.716  32.697671    14.1249    6.35372      2.693    26.4542    19.5699 -9.990e-29
 144.729688      2.719  32.693669    14.1249    6.33998      2.696    26.4507    19.5672 -9.990e-29
 144.729693      2.719  32.688717    14.1261    6.34321      2.696    26.4454    19.5629 -9.990e-29
 144.729699      2.724  32.685188    14.1259    6.35519      2.701    26.4424    19.5606 -9.990e-29
 144.729705      2.735  32.688470    14.1226    6.37933      2.712    26.4476    19.5653 -9.990e-29
 144.729711      2.745  32.695101    14.1176    6.37303      2.722    26.4569    19.5734 -9.990e-29
 144.729716      2.749  32.704401    14.1141    6.35531      2.726    26.4676    19.5824 -9.990e-29
 144.729722      2.752  32.715890    14.1151    6.35530      2.729    26.4772    19.5896 -9.990e-29
 144.729728      2.763  32.716313    14.1218    6.35487      2.740    26.4730    19.5850 -9.990e-29
 144.729734      2.782  32.699517    14.1312    6.36728      2.759    26.4516    19.5666 -9.990e-29
 144.729740      2.803  32.681406    14.1381    6.36734      2.780    26.4306    19.5492 -9.990e-29
 144.729745      2.817  32.670336    14.1399    6.35999      2.793    26.4195    19.5403 -9.990e-29
 144.729751      2.822  32.665747    14.1386    6.36592      2.798    26.4163    19.5380 -9.990e-29
 144.729757      2.823  32.666559    14.1389    6.37017      2.799    26.4168    19.5384 -9.990e-29
 144.729763      2.823  32.662832    14.1435    6.36835      2.799    26.4103    19.5325 -9.990e-29
 144.729769      2.822  32.644553    14.1487    6.36770      2.798    26.3904    19.5162 -9.990e-29
 144.729774      2.821  32.627690    14.1496    6.35430      2.797    26.3747    19.5039 -9.990e-29
 144.729780      2.819  32.630103    14.1480    6.36087      2.795    26.3780    19.5067 -9.990e-29
 144.729786      2.816  32.638759    14.1474    6.36915      2.792    26.3861    19.5131 -9.990e-29
 144.729792      2.812  32.642782    14.1479    6.35827      2.789    26.3894    19.5155 -9.990e-29
 144.729797      2.807  32.643053    14.1492    6.34691      2.784    26.3887    19.5148 -9.990e-29
 144.729803      2.801  32.641048    14.1533    6.33812      2.778    26.3842    19.5104 -9.990e-29
 144.729809      2.792  32.634092    14.1587    6.34672      2.769    26.3743    19.5018 -9.990e-29
 144.729815      2.786  32.625797    14.1594    6.36700      2.763    26.3664    19.4956 -9.990e-29
 144.729821      2.785  32.630315    14.1538    6.37614      2.762    26.3742    19.5027 -9.990e-29
 144.729826      2.786  32.648629    14.1471    6.36857      2.763    26.3952    19.5201 -9.990e-29
 144.729832      2.784  32.668171    14.1460    6.38175      2.761    26.4134    19.5344 -9.990e-29
 144.729838      2.778  32.671284    14.1545    6.37729      2.755    26.4104    19.5304 -9.990e-29
 144.729844      2.774  32.652028    14.1712    6.37988      2.751    26.3818    19.5051 -9.990e-29
 144.729850      2.774  32.616108    14.1871    6.36996      2.751    26.3389    19.4689 -9.990e-29
 144.729855      2.775  32.578948    14.1933    6.34389      2.752    26.3015    19.4390 -9.990e-29
 144.729861      2.777  32.565526    14.1923    6.35414      2.754    26.2902    19.4304 -9.990e-29
 144.729867      2.788  32.572515    14.1917    6.36252      2.765    26.2968    19.4357 -9.990e-29
 144.729873      2.806  32.579536    14.1934    6.36157      2.783    26.3019    19.4393 -9.990e-29
 144.729878      2.813  32.580818    14.1945    6.35468      2.790    26.3023    19.4394 -9.990e-29
 144.729884      2.806  32.579184    14.1942    6.34725      2.783    26.3010    19.4385 -9.990e-29
 144.729890      2.793  32.575816    14.1946    6.34793      2.770    26.2978    19.4359 -9.990e-29
 144.729896      2.782  32.571266    14.1953    6.35879      2.759    26.2932    19.4322 -9.990e-29
 144.729902      2.781  32.571791    14.1953    6.36092      2.758    26.2937    19.4326 -9.990e-29
 144.729907      2.789  32.574169    14.1950    6.34713      2.766    26.2960    19.4344 -9.990e-29
 144.729913      2.799  32.573722    14.1945    6.32732      2.776    26.2960    19.4345 -9.990e-29
 144.729919      2.807  32.574893    14.1940    6.33746      2.784    26.2973    19.4357 -9.990e-29
 144.729925      2.813  32.578680    14.1928    6.35122      2.790    26.3015    19.4391 -9.990e-29
 144.729931      2.819  32.584527    14.1904    6.36094      2.795    26.3084    19.4449 -9.990e-29
 144.729936      2.823  32.594065    14.1880    6.34790      2.799    26.3185    19.4531 -9.990e-29
 144.729942      2.823  32.602079    14.1885    6.32792      2.799    26.3254    19.4583 -9.990e-29
 144.729948      2.814  32.597398    14.1920    6.32283      2.790    26.3188    19.4526 -9.990e-29
 144.729954      2.803  32.582740    14.1938    6.32955      2.780    26.3045    19.4412 -9.990e-29
 144.729959      2.804  32.574423    14.1879    6.32033      2.781    26.3011    19.4397 -9.990e-29
 144.729965      2.816  32.588252    14.1722    6.31488      2.792    26.3241    19.4605 -9.990e-29
 144.729971      2.831  32.627533    14.1533    6.31949      2.807    26.3721    19.5011 -9.990e-29
 144.729977      2.846  32.671794    14.1377    6.31995      2.822    26.4223    19.5428 -9.990e-29
 144.729983      2.857  32.703837    14.1264    6.29552      2.833    26.4587    19.5731 -9.990e-29
 144.729988      2.858  32.724355    14.1209    6.27545      2.834    26.4808    19.5912 -9.990e-29
 144.729994      2.848  32.728757    14.1159    6.27021      2.824    26.4882    19.5978 -9.990e-29
 144.730000      2.838  32.732995    14.1035    6.28451      2.814    26.5005    19.6097 -9.990e-29
 144.730006      2.842  32.764574    14.0837    6.30530      2.818    26.5423    19.6458 -9.990e-29
 144.730012      2.860  32.810682    14.0558    6.32560      2.836    26.6029    19.6979 -9.990e-29
 144.730017      2.879  32.871152    14.0238    6.34354      2.855    26.6792    19.7629 -9.990e-29
 144.730023      2.888  32.952075    14.0088    6.34418      2.864    26.7623    19.8298 -9.990e-29
 144.730029      2.888  32.982581    14.0285    6.34856      2.864    26.7760    19.8365 -9.990e-29
 144.730035      2.884  32.909750    14.0678    6.33819      2.860    26.6834    19.7576 -9.990e-29
 144.730041      2.874  32.803460    14.0951    6.32893      2.850    26.5693    19.6644 -9.990e-29
 144.730046      2.867  32.757350    14.1023    6.31554      2.843    26.5231    19.6274 -9.990e-29
 144.730052      2.875  32.763741    14.1023    6.31707      2.851    26.5288    19.6318 -9.990e-29
 144.730058      2.899  32.768400    14.1039    6.33766      2.875    26.5319    19.6338 -9.990e-29
 144.730064      2.923  32.761844    14.1067    6.33706      2.899    26.5241    19.6273 -9.990e-29
 144.730069      2.927  32.754942    14.1083    6.31837      2.903    26.5168    19.6214 -9.990e-29
 144.730075      2.908  32.749694    14.1091    6.32675      2.884    26.5116    19.6172 -9.990e-29
 144.730081      2.881  32.739100    14.1096    6.32624      2.857    26.5017    19.6095 -9.990e-29
 144.730087      2.865  32.726404    14.1094    6.33263      2.841    26.4905    19.6009 -9.990e-29
 144.730093      2.864  32.726617    14.1112    6.32344      2.840    26.4895    19.5997 -9.990e-29
 144.730098      2.870  32.732176    14.1144    6.30030      2.846    26.4923    19.6013 -9.990e-29
 144.730104      2.878  32.735361    14.1133    6.28746      2.854    26.4959    19.6042 -9.990e-29
 144.730110      2.890  32.746578    14.1072    6.30046      2.866    26.5101    19.6164 -9.990e-29
 144.730116      2.905  32.764534    14.0981    6.32292      2.881    26.5324    19.6354 -9.990e-29
 144.730122      2.924  32.781786    14.0840    6.36478      2.900    26.5575    19.6575 -9.990e-29
 144.730127      2.946  32.812928    14.0696    6.36904      2.921    26.5954    19.6894 -9.990e-29
 144.730133      2.961  32.846804    14.0678    6.35179      2.936    26.6270    19.7141 -9.990e-29
 144.730139      2.973  32.841718    14.0854    6.31783      2.948    26.6103    19.6978 -9.990e-29
 144.730145      2.989  32.797050    14.1196    6.30631      2.964    26.5467    19.6422 -9.990e-29
 144.730150      3.019  32.718801    14.1493    6.33788      2.994    26.4563    19.5668 -9.990e-29
 144.730156      3.070  32.645529    14.1520    6.33091      3.044    26.3890    19.5144 -9.990e-29
 144.730162      3.141  32.646528    14.1369    6.33484      3.115    26.4001    19.5260 -9.990e-29
 144.730168      3.222  32.695119    14.1250    6.34601      3.195    26.4517    19.5680 -9.990e-29
 144.730174      3.303  32.721602    14.1205    6.32865      3.275    26.4785    19.5895 -9.990e-29
 144.730179      3.375  32.724856    14.1184    6.35134      3.347    26.4828    19.5932 -9.990e-29
 144.730185      3.436  32.727706    14.1163    6.32711      3.407    26.4868    19.5967 -9.990e-29
 144.730191      3.487  32.732268    14.1146    6.29710      3.458    26.4920    19.6010 -9.990e-29
 144.730197      3.546  32.736216    14.1131    6.29173      3.516    26.4965    19.6048 -9.990e-29
 144.730203      3.630  32.740329    14.1090    6.30105      3.600    26.5030    19.6106 -9.990e-29
 144.730208      3.743  32.753452    14.0989    6.33498      3.712    26.5217    19.6269 -9.990e-29
 144.730214      3.875  32.784675    14.0813    6.32511      3.843    26.5617    19.6612 0.0000e+00
 144.730220      4.010  32.831916    14.0650    6.33771      3.976    26.6152    19.7056 0.0000e+00
 144.730226      4.138  32.862334    14.0651    6.33246      4.103    26.6424    19.7265 0.0000e+00
 144.730231      4.264  32.841950    14.0780    6.29412      4.228    26.6151    19.7030 0.0000e+00
 144.730237      4.396  32.800178    14.0889    6.21287      4.359    26.5702    19.6663 0.0000e+00
 144.730243      4.538  32.776020    14.0894    6.09489      4.500    26.5481    19.6492 0.0000e+00
 144.730249      4.690  32.775931    14.0717    6.02463      4.651    26.5602    19.6619 0.0000e+00
 144.730255      4.858  32.816604    14.0255    5.96193      4.817    26.6284    19.7235 0.0000e+00
 144.730260      5.057  32.918644    13.9316    5.94750      5.015    26.7851    19.8624 0.0000e+00
 144.730266      5.303  33.128443    13.7768    5.96666      5.259    27.0827    20.1217 0.0000e+00
 144.730272      5.600  33.519505    13.5932    5.97952      5.553    27.5682    20.5315 0.0000e+00
 144.730278      5.936  34.027583    13.4400    6.01072      5.886    28.1437    21.0049 0.0000e+00
 144.730284      6.303  34.459689    13.3396    6.03254      6.250    28.6150    21.3879 0.0000e+00
 144.730289      6.698  34.761365    13.2773    6.02780      6.642    28.9400    21.6508 0.0000e+00
 144.730295      7.117  34.999047    13.2384    6.02930      7.057    29.1892    21.8507 0.0000e+00
 144.730301      7.553  35.174021    13.2091    6.01300      7.490    29.3735    21.9988 0.0000e+00
 144.730307      8.003  35.289170    13.1725    5.99447      7.936    29.5084    22.1100 0.0000e+00
 144.730313      8.470  35.388699    13.1210    5.97109      8.399    29.6407    22.2222 0.0000e+00
 144.730318      8.953  35.478045    13.0630    5.95798      8.878    29.7690    22.3325 0.0000e+00
 144.730324      9.451  35.546822    13.0153    5.96220      9.372    29.8704    22.4200 0.0000e+00
 144.730330      9.959  35.597017    12.9857    5.94865      9.876    29.9404    22.4797 0.0000e+00
 144.730336     10.473  35.627703    12.9696    5.94878     10.385    29.9816    22.5147 0.0000e+00
 144.730341     10.985  35.641659    12.9610    5.94575     10.893    30.0013    22.5315 0.0000e+00
 144.730347     11.500  35.646828    12.9562    5.95496     11.404    30.0097    22.5390 0.0000e+00
 144.730353     12.019  35.648977    12.9527    5.97087     11.918    30.0143    22.5432 0.0000e+00
 144.730359     12.542  35.650965    12.9492    5.96646     12.437    30.0187    22.5473 0.0000e+00
 144.730365     13.063  35.655437    12.9463    5.96732     12.954    30.0250    22.5527 0.0000e+00
 144.730370     13.577  35.664425    12.9421    5.97150     13.463    30.0365    22.5625 0.0000e+00
 144.730376     14.087  35.680374    12.9329    5.97941     13.969    30.0586    22.5813 0.0000e+00
 144.730382     14.600  35.704922    12.9221    5.99943     14.478    30.0899    22.6076 0.0000e+00
 144.730388     15.122  35.731551    12.9147    6.00458     14.995    30.1205    22.6327 0.0000e+00
 144.730394     15.654  35.752027    12.9107    6.01042     15.523    30.1427    22.6506 0.0000e+00
 144.730399     16.189  35.766173    12.9087    6.01881     16.053    30.1573    22.6623 0.0000e+00
