data/oxygen options/ONMS/Olympic_Coast_National_Marine_Sanctuary_Hypoxia_Survey_CTD_Data_2004_2015/raw_data/2005/CTD_TH35_052405faed.cnv
* Sea-Bird SBE19 Data File:
* FileName = C:\Documents and Settings\kirner.PTANGELES\Desktop\hypoxia CTD data\TH40_052405.hex
* Software Version 1.1.5
* Temperature SN = 2997
* Conductivity SN = 2997
* System UpLoad Time = May 24 2005 18:27:09
* SEACAT PROFILER V3.1c SN 2997   05/24/05  18:25:58.383
* strain gauge pressure sensor: S/N = 184829,  range = 3000 psia,  tc = 40
# nquan = 9                                 
# nvalues = 563                         
# units = specified
# name 0 = timeJ: Julian Days
# name 1 = prSM: Pressure, Strain Gauge [db]
# name 2 = c0mS/cm: Conductivity [mS/cm]
# name 3 = t090C: Temperature [ITS-90, deg C]
# name 4 = oxML/L: Oxygen, Beckman/YSI [ml/l]
# name 5 = depSM: Depth [salt water, m], lat = 47.5
# name 6 = sal00: Salinity, Practical [PSU]
# name 7 = sigma-é00: Density [sigma-theta, kg/m^3]
# name 8 = flag: flag
# span 0 = 144.734225, 144.737477       
# span 1 =     -2.926,     37.025       
# span 2 =   1.981601,  36.153027       
# span 3 =    10.0549,    14.3747       
# span 4 =   -0.10118,   26.40303       
# span 5 =     -2.902,     36.713       
# span 6 =     1.4873,    32.4294       
# span 7 =     0.4635,    24.9045       
# span 8 = 0.0000e+00, 0.0000e+00       
# interval = seconds: 0.5
# start_time = May 24 2005 17:37:17 [Instrument's time stamp, header]
# bad_flag = -9.990e-29
*END*
 144.734225     -2.926 -9.990e-29    13.2946   -0.10117     -2.902 -9.990e-29 -9.990e-29 -9.990e-29
 144.734230     -2.811   3.210766    13.4465   -0.10109     -2.788     2.1997     1.0272 -9.990e-29
 144.734236     -2.673   8.893695    13.7153   -0.10110     -2.651     6.4824     4.2905 -9.990e-29
 144.734242     -2.519  17.627760    13.9644   -0.10109     -2.498    13.4977     9.6412 -9.990e-29
 144.734248     -2.359  24.112371    14.1379   -0.10109     -2.339    18.9155    13.7711 -9.990e-29
 144.734253     -2.205  27.362209    14.2531   -0.10108     -2.187    21.6664    15.8631 -9.990e-29
 144.734259     -2.067  29.507722    14.3025   -0.10105     -2.050    23.5135    17.2733 -9.990e-29
 144.734265     -1.959  30.926680    14.3044   -0.10102     -1.943    24.7622    18.2330 -9.990e-29
 144.734271     -1.882  31.619971    14.2958   -0.10098     -1.866    25.3814    18.7109 -9.990e-29
 144.734277     -1.832  31.853593    14.3024   -0.10100     -1.817    25.5843    18.8656 -9.990e-29
 144.734282     -1.801  31.914433    14.3192   -0.10101     -1.786    25.6272    18.8953 -9.990e-29
 144.734288     -1.773  31.921204    14.3313   -0.10100     -1.758    25.6252    18.8914 -9.990e-29
 144.734294     -1.740  31.917172    14.3380   -0.10100     -1.725    25.6171    18.8840 -9.990e-29
 144.734300     -1.707  31.907667    14.3427   -0.10100     -1.693    25.6056    18.8742 -9.990e-29
 144.734306     -1.681  31.900802    14.3483   -0.10102     -1.667    25.5958    18.8655 -9.990e-29
 144.734311     -1.659  31.898681    14.3567   -0.10105     -1.645    25.5884    18.8582 -9.990e-29
 144.734317     -1.642  31.901893    14.3660   -0.10106     -1.628    25.5851    18.8538 -9.990e-29
 144.734323     -1.622  31.905246    14.3718   -0.10106     -1.608    25.5842    18.8520 -9.990e-29
 144.734329     -1.592  31.910460    14.3730   -0.10105     -1.579    25.5881    18.8547 -9.990e-29
 144.734334     -1.548  31.921181    14.3713   -0.10104     -1.535    25.5987    18.8632 -9.990e-29
 144.734340     -1.500  31.927100    14.3683   -0.10104     -1.487    25.6059    18.8694 -9.990e-29
 144.734346     -1.455  31.931680    14.3647   -0.10103     -1.443    25.6123    18.8750 -9.990e-29
 144.734352     -1.405  31.944441    14.3609   -0.10103     -1.393    25.6261    18.8864 -9.990e-29
 144.734358     -1.342  31.959473    14.3576   -0.10106     -1.331    25.6416    18.8989 -9.990e-29
 144.734363     -1.267  31.966053    14.3553   -0.10108     -1.256    25.6489    18.9050 -9.990e-29
 144.734369     -1.187  31.958435    14.3539   -0.10108     -1.177    25.6431    18.9008 -9.990e-29
 144.734375     -1.116  31.943884    14.3530   -0.10107     -1.107    25.6307    18.8915 -9.990e-29
 144.734381     -1.061  31.934991    14.3520   -0.10105     -1.052    25.6235    18.8861 -9.990e-29
 144.734387     -1.026  31.936200    14.3514   -0.10108     -1.017    25.6249    18.8873 -9.990e-29
 144.734392     -1.007  31.943009    14.3516   -0.10109     -0.999    25.6308    18.8918 -9.990e-29
 144.734398     -0.984  31.948300    14.3519   -0.10106     -0.976    25.6353    18.8952 -9.990e-29
 144.734404     -0.947  31.951896    14.3514   -0.10104     -0.939    25.6388    18.8980 -9.990e-29
 144.734410     -0.894  31.954720    14.3504   -0.10107     -0.887    25.6420    18.9007 -9.990e-29
 144.734416     -0.831  31.948825    14.3492   -0.10108     -0.824    25.6375    18.8975 -9.990e-29
 144.734421     -0.770  31.932004    14.3478   -0.10110     -0.764    25.6235    18.8870 -9.990e-29
 144.734427     -0.715  31.918304    14.3469   -0.10109     -0.709    25.6119    18.8782 -9.990e-29
 144.734433     -0.664  31.920329    14.3465   -0.10107     -0.658    25.6140    18.8799 -9.990e-29
 144.734439     -0.614  31.934108    14.3461   -0.10108     -0.609    25.6265    18.8896 -9.990e-29
 144.734444     -0.565  31.942760    14.3455   -0.10106     -0.560    25.6345    18.8959 -9.990e-29
 144.734450     -0.522  31.938822    14.3446   -0.10104     -0.518    25.6316    18.8938 -9.990e-29
 144.734456     -0.487  31.939509    14.3436   -0.10106     -0.483    25.6329    18.8950 -9.990e-29
 144.734462     -0.459  31.954757    14.3422   -0.10108     -0.455    25.6473    18.9064 -9.990e-29
 144.734468     -0.435  31.964602    14.3398   -0.10108     -0.431    25.6576    18.9148 -9.990e-29
 144.734473     -0.414  31.957006    14.3365   -0.10109     -0.411    25.6530    18.9119 -9.990e-29
 144.734479     -0.394  31.947111    14.3350   -0.10108     -0.391    25.6453    18.9062 -9.990e-29
 144.734485     -0.374  31.949232    14.3364   -0.10104     -0.371    25.6462    18.9067 -9.990e-29
 144.734491     -0.353  31.959523    14.3386   -0.10103     -0.350    25.6539    18.9121 -9.990e-29
 144.734497     -0.330  31.966543    14.3406   -0.10106     -0.327    25.6588    18.9155 -9.990e-29
 144.734502     -0.302  31.971299    14.3423   -0.10108     -0.299    25.6619    18.9175 -9.990e-29
 144.734508     -0.269  31.979626    14.3433   -0.10113     -0.267    25.6686    18.9225 -9.990e-29
 144.734514     -0.233  31.983067    14.3433   -0.10118     -0.231    25.6716    18.9249 -9.990e-29
 144.734520     -0.203  31.973372    14.3427   -0.10108     -0.201    25.6634    18.9187 -9.990e-29
 144.734525     -0.183  31.958959    14.3421   -0.10105     -0.181    25.6510    18.9092 -9.990e-29
 144.734531     -0.162  31.950363    14.3419   -0.10106     -0.161    25.6435    18.9035 -9.990e-29
 144.734537     -0.140  31.950742    14.3422   -0.10105     -0.139    25.6436    18.9036 -9.990e-29
 144.734543     -0.114  31.964017    14.3415   -0.10108     -0.113    25.6559    18.9131 -9.990e-29
 144.734549     -0.078  31.984966    14.3376   -0.10110     -0.077    25.6770    18.9301 -9.990e-29
 144.734554     -0.040  31.996187    14.3280   -0.10111     -0.040    25.6933    18.9446 -9.990e-29
 144.734560     -0.014  31.994201    14.3137   -0.10111     -0.014    25.7010    18.9533 -9.990e-29
 144.734566     -0.006  31.993783    14.3061   -0.10110     -0.006    25.7057    18.9584 -9.990e-29
 144.734572     -0.008  32.001709    14.3128   -0.10109     -0.008    25.7083    18.9590 -9.990e-29
 144.734578     -0.003  32.015149    14.3242   -0.10109     -0.003    25.7126    18.9602 -9.990e-29
 144.734583      0.014  32.028541    14.3305   -0.10109      0.014    25.7203    18.9649 -9.990e-29
 144.734589      0.036  32.030657    14.3306   -0.10111      0.036    25.7222    18.9662 -9.990e-29
 144.734595      0.064  32.023253    14.3263   -0.10115      0.063    25.7184    18.9642 -9.990e-29
 144.734601      0.099  32.017241    14.3215   -0.10110      0.098    25.7163    18.9635 -9.990e-29
 144.734606      0.136  32.013622    14.3186   -0.10104      0.135    25.7150    18.9631 -9.990e-29
 144.734612      0.168  32.010424    14.3175   -0.10103      0.167    25.7128    18.9616 -9.990e-29
 144.734618      0.193  32.008477    14.3179   -0.10103      0.191    25.7108    18.9600 -9.990e-29
 144.734624      0.220  32.010842    14.3193   -0.10104      0.218    25.7120    18.9606 -9.990e-29
 144.734630      0.257  32.018481    14.3206   -0.10108      0.255    25.7179    18.9649 -9.990e-29
 144.734635      0.292  32.023142    14.3199   -0.10110      0.290    25.7225    18.9686 -9.990e-29
 144.734641      0.320  32.019327    14.3159   -0.10109      0.317    25.7218    18.9688 -9.990e-29
 144.734647      0.338  32.014327    14.3138   -0.10111      0.335    25.7187    18.9669 -9.990e-29
 144.734653      0.342  32.012733    14.3200   -0.10113      0.339    25.7132    18.9614 -9.990e-29
 144.734659      0.342  32.015834    14.3309   -0.10114      0.339    25.7087    18.9558 -9.990e-29
 144.734664      0.350  32.025015    14.3388   -0.10111      0.347    25.7116    18.9565 -9.990e-29
 144.734670      0.367  32.033521    14.3412   15.16125      0.364    25.7176    18.9606 -9.990e-29
 144.734676      0.389  32.034816    14.3374   25.01907      0.386    25.7212    18.9642 -9.990e-29
 144.734682      0.415  32.031240    14.3294   26.40303      0.412    25.7233    18.9674 -9.990e-29
 144.734688      0.436  32.027604    14.3229   23.08534      0.432    25.7244    18.9695 -9.990e-29
 144.734693      0.454  32.024716    14.3186   14.91321      0.450    25.7247    18.9706 -9.990e-29
 144.734699      0.470  32.022697    14.3136   12.02562      0.466    25.7262    18.9727 -9.990e-29
 144.734705      0.482  32.022267    14.3093   12.04906      0.478    25.7287    18.9754 -9.990e-29
 144.734711      0.494  32.022346    14.3101   12.02497      0.490    25.7282    18.9749 -9.990e-29
 144.734716      0.511  32.022531    14.3168   12.03318      0.507    25.7239    18.9703 -9.990e-29
 144.734722      0.534  32.024799    14.3253   12.03679      0.530    25.7203    18.9659 -9.990e-29
 144.734728      0.560  32.033349    14.3317   12.04288      0.555    25.7236    18.9672 -9.990e-29
 144.734734      0.583  32.046747    14.3361   12.04287      0.578    25.7326    18.9732 -9.990e-29
 144.734740      0.600  32.054333    14.3397   12.04575      0.595    25.7369    18.9758 -9.990e-29
 144.734745      0.612  32.056191    14.3422   12.04739      0.607    25.7369    18.9753 -9.990e-29
 144.734751      0.623  32.059892    14.3426   12.04557      0.618    25.7399    18.9776 -9.990e-29
 144.734757      0.644  32.062580    14.3401   10.36907      0.639    25.7440    18.9812 -9.990e-29
 144.734763      0.675  32.064529    14.3344    6.69056      0.669    25.7495    18.9865 -9.990e-29
 144.734769      0.709  32.071193    14.3285    4.49478      0.703    25.7593    18.9952 -9.990e-29
 144.734774      0.741  32.080303    14.3259    3.68112      0.735    25.7691    19.0033 -9.990e-29
 144.734780      0.765  32.085005    14.3274    4.42512      0.759    25.7723    19.0054 -9.990e-29
 144.734786      0.776  32.081532    14.3307    5.73192      0.770    25.7670    19.0007 -9.990e-29
 144.734792      0.780  32.073710    14.3332    6.23146      0.773    25.7584    18.9936 -9.990e-29
 144.734797      0.787  32.068533    14.3331    6.49433      0.780    25.7539    18.9902 -9.990e-29
 144.734803      0.800  32.069798    14.3279    6.65389      0.793    25.7584    18.9947 -9.990e-29
 144.734809      0.821  32.084850    14.3171    6.75246      0.814    25.7790    19.0126 -9.990e-29
 144.734815      0.846  32.110836    14.3076    6.80050      0.839    25.8084    19.0371 -9.990e-29
 144.734821      0.864  32.126425    14.3086    6.82282      0.857    25.8215    19.0470 -9.990e-29
 144.734826      0.869  32.117710    14.3191    6.83531      0.862    25.8068    19.0336 -9.990e-29
 144.734832      0.868  32.091612    14.3290    6.83744      0.861    25.7770    19.0088 -9.990e-29
 144.734838      0.875  32.071102    14.3338    6.82742      0.868    25.7557    18.9914 -9.990e-29
 144.734844      0.895  32.059705    14.3376    6.81478      0.888    25.7430    18.9809 -9.990e-29
 144.734850      0.923  32.047883    14.3409    6.80393      0.915    25.7303    18.9705 -9.990e-29
 144.734855      0.950  32.045139    14.3414    6.81864      0.942    25.7275    18.9683 -9.990e-29
 144.734861      0.964  32.050109    14.3399    6.82394      0.956    25.7329    18.9727 -9.990e-29
 144.734867      0.961  32.054342    14.3386    6.80996      0.953    25.7376    18.9765 -9.990e-29
 144.734873      0.947  32.059053    14.3396    6.78094      0.939    25.7411    18.9791 -9.990e-29
 144.734878      0.932  32.058248    14.3430    6.76263      0.924    25.7381    18.9761 -9.990e-29
 144.734884      0.929  32.048666    14.3459    6.76274      0.921    25.7277    18.9675 -9.990e-29
 144.734890      0.941  32.041116    14.3460    6.77440      0.933    25.7209    18.9623 -9.990e-29
 144.734896      0.966  32.042954    14.3446    6.78341      0.958    25.7235    18.9645 -9.990e-29
 144.734902      0.988  32.047719    14.3441    6.77035      0.980    25.7280    18.9681 -9.990e-29
 144.734907      0.994  32.047810    14.3453    6.75163      0.986    25.7273    18.9673 -9.990e-29
 144.734913      0.995  32.045080    14.3462    6.73307      0.987    25.7243    18.9648 -9.990e-29
 144.734919      1.003  32.043223    14.3452    6.71503      0.995    25.7233    18.9643 -9.990e-29
 144.734925      1.023  32.045422    14.3417    6.73267      1.014    25.7276    18.9683 -9.990e-29
 144.734931      1.052  32.055780    14.3369    6.73777      1.043    25.7399    18.9787 -9.990e-29
 144.734936      1.079  32.071351    14.3328    6.72586      1.070    25.7565    18.9922 -9.990e-29
 144.734942      1.092  32.082692    14.3299    6.70628      1.083    25.7685    19.0020 -9.990e-29
 144.734948      1.094  32.083676    14.3287    6.69609      1.085    25.7701    19.0035 -9.990e-29
 144.734954      1.091  32.079567    14.3275    6.70738      1.082    25.7673    19.0016 -9.990e-29
 144.734959      1.093  32.082835    14.3219    6.71236      1.084    25.7739    19.0078 -9.990e-29
 144.734965      1.104  32.102899    14.3141    6.70999      1.095    25.7969    19.0270 -9.990e-29
 144.734971      1.121  32.124498    14.3098    6.69872      1.112    25.8189    19.0448 -9.990e-29
 144.734977      1.140  32.128810    14.3090    6.68406      1.130    25.8233    19.0483 -9.990e-29
 144.734983      1.162  32.124951    14.3114    6.67662      1.152    25.8183    19.0440 -9.990e-29
 144.734988      1.185  32.116745    14.3166    6.68651      1.175    25.8075    19.0347 -9.990e-29
 144.734994      1.206  32.102220    14.3217    6.68681      1.196    25.7912    19.0211 -9.990e-29
 144.735000      1.222  32.088910    14.3250    6.68337      1.212    25.7772    19.0097 -9.990e-29
 144.735006      1.229  32.079247    14.3277    6.68464      1.219    25.7668    19.0012 -9.990e-29
 144.735012      1.233  32.070998    14.3312    6.66712      1.223    25.7572    18.9931 -9.990e-29
 144.735017      1.238  32.064376    14.3354    6.67062      1.228    25.7485    18.9856 -9.990e-29
 144.735023      1.248  32.058405    14.3397    6.66970      1.238    25.7404    18.9785 -9.990e-29
 144.735029      1.269  32.050731    14.3429    6.66892      1.258    25.7314    18.9710 -9.990e-29
 144.735035      1.292  32.044577    14.3446    6.66415      1.281    25.7248    18.9656 -9.990e-29
 144.735041      1.308  32.042388    14.3451    6.65186      1.297    25.7225    18.9637 -9.990e-29
 144.735046      1.316  32.042371    14.3452    6.64385      1.305    25.7225    18.9636 -9.990e-29
 144.735052      1.327  32.042829    14.3454    6.63885      1.316    25.7227    18.9638 -9.990e-29
 144.735058      1.344  32.042699    14.3454    6.63937      1.333    25.7226    18.9637 -9.990e-29
 144.735064      1.364  32.042373    14.3452    6.64621      1.353    25.7224    18.9636 -9.990e-29
 144.735069      1.382  32.043103    14.3448    6.63988      1.370    25.7234    18.9644 -9.990e-29
 144.735075      1.392  32.044748    14.3440    6.62579      1.380    25.7253    18.9661 -9.990e-29
 144.735081      1.401  32.046144    14.3432    6.62345      1.389    25.7271    18.9676 -9.990e-29
 144.735087      1.417  32.046357    14.3433    6.62443      1.405    25.7272    18.9677 -9.990e-29
 144.735093      1.445  32.044557    14.3440    6.62047      1.433    25.7252    18.9659 -9.990e-29
 144.735098      1.484  32.042270    14.3450    6.61624      1.472    25.7224    18.9637 -9.990e-29
 144.735104      1.522  32.038694    14.3463    6.61496      1.509    25.7184    18.9603 -9.990e-29
 144.735110      1.545  32.032429    14.3477    6.62530      1.532    25.7119    18.9550 -9.990e-29
 144.735116      1.547  32.028573    14.3494    6.63230      1.534    25.7074    18.9512 -9.990e-29
 144.735122      1.530  32.028154    14.3516    6.61599      1.517    25.7055    18.9494 -9.990e-29
 144.735127      1.504  32.027258    14.3547    6.60319      1.491    25.7027    18.9466 -9.990e-29
 144.735133      1.479  32.025817    14.3591    6.59694      1.467    25.6985    18.9425 -9.990e-29
 144.735139      1.471  32.026399    14.3630    6.59275      1.459    25.6965    18.9401 -9.990e-29
 144.735145      1.487  32.029228    14.3629    6.58859      1.475    25.6990    18.9421 -9.990e-29
