data/oxygen options/ONMS/Olympic_Coast_National_Marine_Sanctuary_Hypoxia_Survey_CTD_Data_2004_2015/raw_data/2005/CTD_TH70_070705faed.cnv
* Sea-Bird SBE19 Data File:
* FileName = C:\Hypoxia Data\TH70_070705.hex
* Software Version 1.1.6
* Temperature SN = 2997
* Conductivity SN = 2997
* System UpLoad Time = Jul 07 2005 10:54:13
* SEACAT PROFILER V3.1c SN 2997   07/07/05  10:53:41.421
* strain gauge pressure sensor: S/N = 184829,  range = 3000 psia,  tc = 40
# nquan = 9                                 
# nvalues = 696                         
# units = specified
# name 0 = timeJ: Julian Days
# name 1 = prSM: Pressure, Strain Gauge [db]
# name 2 = c0mS/cm: Conductivity [mS/cm]
# name 3 = t090C: Temperature [ITS-90, deg C]
# name 4 = oxML/L: Oxygen, Beckman/YSI [ml/l]
# name 5 = depSM: Depth [salt water, m], lat = 47.5
# name 6 = sal00: Salinity, Practical [PSU]
# name 7 = sigma-é00: Density [sigma-theta, kg/m^3]
# name 8 = flag: flag
# span 0 = 188.446447, 188.450469       
# span 1 =     -1.419,     69.604       
# span 2 =  34.779487,  38.222738       
# span 3 =     7.8085,    14.4859       
# span 4 =   -0.09800,   23.06676       
# span 5 =     -1.407,     69.011       
# span 6 =    31.0090,    33.6158       
# span 7 =    23.0484,    26.2156       
# span 8 = 0.0000e+00, 0.0000e+00       
# interval = seconds: 0.5
# start_time = Jul 07 2005 10:42:53 [Instrument's time stamp, header]
# bad_flag = -9.990e-29
*END*
 188.446447     -1.419 -9.990e-29    14.4859   -0.09768     -1.407 -9.990e-29 -9.990e-29 -9.990e-29
 188.446453     -1.337  38.198987    14.4324   -0.09763     -1.326    31.1873    23.1537 -9.990e-29
 188.446458     -1.256  38.222738    14.4057   -0.09760     -1.246    31.2303    23.1925 -9.990e-29
 188.446464     -1.183  38.180858    14.3926   -0.09754     -1.173    31.2028    23.1740 -9.990e-29
 188.446470     -1.125  38.115090    14.3851   -0.09761     -1.116    31.1490    23.1340 -9.990e-29
 188.446476     -1.089  38.080205    14.3802   -0.09770     -1.080    31.1212    23.1136 -9.990e-29
 188.446481     -1.063  38.067274    14.3770   -0.09772     -1.054    31.1120    23.1072 -9.990e-29
 188.446487     -1.032  38.061322    14.3750   -0.09772     -1.023    31.1082    23.1047 -9.990e-29
 188.446493     -0.995  38.057255    14.3745   -0.09772     -0.987    31.1049    23.1022 -9.990e-29
 188.446499     -0.958  38.049689    14.3757   -0.09778     -0.950    31.0970    23.0959 -9.990e-29
 188.446505     -0.919  38.038106    14.3785   -0.09777     -0.911    31.0842    23.0855 -9.990e-29
 188.446510     -0.870  38.041870    14.3850   -0.09786     -0.863    31.0824    23.0827 -9.990e-29
 188.446516     -0.818  38.071646    14.3923   -0.09785     -0.811    31.1036    23.0976 -9.990e-29
 188.446522     -0.771  38.094815    14.3893   -0.09787     -0.765    31.1271    23.1163 -9.990e-29
 188.446528     -0.723  38.076684    14.3764   -0.09787     -0.717    31.1209    23.1142 -9.990e-29
 188.446534     -0.657  38.032380    14.3646   -0.09784     -0.652    31.0901    23.0929 -9.990e-29
 188.446539     -0.574  37.999895    14.3562   -0.09783     -0.569    31.0673    23.0770 -9.990e-29
 188.446545     -0.486  37.991473    14.3448   -0.09782     -0.482    31.0687    23.0805 -9.990e-29
 188.446551     -0.399  37.996481    14.3290   -0.09780     -0.396    31.0859    23.0970 -9.990e-29
 188.446557     -0.313  38.005925    14.3126   -0.09778     -0.310    31.1077    23.1172 -9.990e-29
 188.446563     -0.226  38.018408    14.2991   -0.09774     -0.224    31.1299    23.1371 -9.990e-29
 188.446568     -0.145  38.028172    14.2928   -0.09783     -0.144    31.1438    23.1491 -9.990e-29
 188.446574     -0.079  38.025271    14.2933   -0.09785     -0.078    31.1407    23.1467 -9.990e-29
 188.446580     -0.026  38.010917    14.2988   -0.09782     -0.026    31.1232    23.1320 -9.990e-29
 188.446586      0.015  37.992365    14.3068   -0.09784      0.015    31.0999    23.1124 -9.990e-29
 188.446591      0.053  37.975763    14.3116   -0.09787      0.053    31.0809    23.0967 -9.990e-29
 188.446597      0.093  37.969299    14.3107   -0.09791      0.092    31.0757    23.0929 -9.990e-29
 188.446603      0.134  37.978413    14.3094   -0.09792      0.133    31.0850    23.1004 -9.990e-29
 188.446609      0.171  38.005758    14.3144   -0.09793      0.170    31.1059    23.1154 -9.990e-29
 188.446615      0.200  38.037349    14.3192   -0.09798      0.198    31.1308    23.1337 -9.990e-29
 188.446620      0.229  38.044676    14.3141   -0.09797      0.227    31.1416    23.1430 -9.990e-29
 188.446626      0.263  38.025766    14.3046   -0.09798      0.261    31.1320    23.1376 -9.990e-29
 188.446632      0.300  38.007043    14.2980   -0.09800      0.297    31.1202    23.1299 -9.990e-29
 188.446638      0.335  38.009568    14.2930   -0.09797      0.332    31.1265    23.1358 -9.990e-29
 188.446644      0.364  38.022156    14.2863   -0.09792      0.361    31.1434    23.1501 -9.990e-29
 188.446649      0.386  38.017879    14.2779   -0.09792      0.383    31.1462    23.1541 -9.990e-29
 188.446655      0.402  37.997799    14.2705   -0.09792      0.399    31.1339    23.1461 -9.990e-29
 188.446661      0.422  37.980046    14.2626   -0.09791      0.418    31.1241    23.1401 -9.990e-29
 188.446667      0.446  37.971269    14.2528   -0.09789      0.442    31.1239    23.1421 -9.990e-29
 188.446672      0.468  37.968214    14.2453   -0.09785      0.464    31.1272    23.1461 -9.990e-29
 188.446678      0.481  37.970765    14.2432   -0.09789      0.477    31.1312    23.1496 -9.990e-29
 188.446684      0.486  37.975068    14.2459   -0.09796      0.482    31.1330    23.1504 -9.990e-29
 188.446690      0.491  37.968384    14.2510   -0.09798      0.487    31.1227    23.1415 -9.990e-29
 188.446696      0.505  37.958104    14.2554   -0.09799      0.501    31.1098    23.1306 -9.990e-29
 188.446701      0.533  37.967571    14.2580   -0.09788      0.529    31.1163    23.1351 -9.990e-29
 188.446707      0.569  37.994304    14.2590   -0.09785      0.564    31.1399    23.1531 -9.990e-29
 188.446713      0.603  38.015654    14.2607   -0.09798      0.598    31.1580    23.1667 -9.990e-29
 188.446719      0.626  38.029836    14.2671   -0.09799      0.621    31.1658    23.1714 -9.990e-29
 188.446725      0.638  38.042893    14.2748   -0.09795      0.633    31.1714    23.1742 -9.990e-29
 188.446730      0.647  38.041984    14.2736   -0.09780      0.642    31.1716    23.1745 -9.990e-29
 188.446736      0.667  38.018083    14.2613   -0.09775      0.661    31.1597    23.1679 -9.990e-29
 188.446742      0.698  37.986473    14.2484   -0.09784      0.692    31.1413    23.1563 -9.990e-29
 188.446748      0.731  37.977393    14.2501   -0.09795      0.725    31.1316    23.1485 -9.990e-29
 188.446753      0.753  37.996151    14.2648   -0.09797      0.747    31.1368    23.1495 -9.990e-29
 188.446759      0.764  38.012266    14.2689   -0.09796      0.758    31.1482    23.1575 -9.990e-29
 188.446765      0.770  38.009684    14.2549   -0.09786      0.764    31.1572    23.1672 -9.990e-29
 188.446771      0.787  38.001267    14.2459   -0.09787      0.780    31.1567    23.1688 -9.990e-29
 188.446777      0.811  38.007799    14.2608   -0.09794      0.804    31.1507    23.1610 -9.990e-29
 188.446782      0.830  38.030169    14.2899   -0.09794      0.823    31.1476    23.1527 -9.990e-29
 188.446788      0.841  38.044390    14.3044   -0.09782      0.834    31.1489    23.1507 -9.990e-29
 188.446794      0.849  38.041981    14.2918   -0.09783      0.842    31.1568    23.1594 -9.990e-29
 188.446800      0.864  38.030992    14.2667   -0.09792      0.857    31.1670    23.1724 -9.990e-29
 188.446806      0.885  38.019247    14.2498   -0.09795      0.878    31.1700    23.1782 -9.990e-29
 188.446811      0.907  38.020840    14.2523   -0.09788      0.899    31.1694    23.1772 -9.990e-29
 188.446817      0.927  38.037924    14.2659   -0.09780      0.919    31.1740    23.1780 -9.990e-29
 188.446823      0.944  38.048439    14.2690   -0.09785      0.936    31.1811    23.1828 -9.990e-29
 188.446829      0.962  38.042888    14.2616   -0.09792      0.954    31.1820    23.1850 -9.990e-29
 188.446834      0.980  38.039710    14.2653   -0.09797      0.972    31.1761    23.1797 -9.990e-29
 188.446840      0.995  38.048164    14.2802   -0.09797      0.987    31.1718    23.1733 -9.990e-29
 188.446846      1.005  38.052630    14.2824   -0.09796      0.997    31.1741    23.1746 -9.990e-29
 188.446852      1.014  38.043957    14.2690   -0.09786      1.006    31.1770    23.1796 -9.990e-29
 188.446858      1.027  38.036420    14.2628   -0.09773      1.018    31.1751    23.1794 -9.990e-29
 188.446863      1.041  38.042443    14.2743   -0.09765      1.032    31.1713    23.1742 -9.990e-29
 188.446869      1.052  38.052139    14.2869   -0.09765      1.043    31.1700    23.1705 -9.990e-29
 188.446875      1.065  38.051546    14.2830   -0.09771      1.056    31.1726    23.1733 -9.990e-29
 188.446881      1.086  38.042719    14.2670   13.86734      1.077    31.1774    23.1804 -9.990e-29
 188.446887      1.110  38.033558    14.2524   22.16445      1.101    31.1808    23.1860 -9.990e-29
 188.446892      1.132  38.027587    14.2473   23.06676      1.123    31.1795    23.1860 -9.990e-29
 188.446898      1.149  38.029212    14.2585   20.18985      1.139    31.1719    23.1779 -9.990e-29
 188.446904      1.161  38.041192    14.2896   13.02105      1.151    31.1578    23.1606 -9.990e-29
 188.446910      1.169  38.056540    14.3295   10.51688      1.159    31.1396    23.1384 -9.990e-29
 188.446916      1.174  38.066033    14.3581   10.55439      1.164    31.1252    23.1214 -9.990e-29
 188.446921      1.180  38.066107    14.3626   10.55541      1.170    31.1217    23.1177 -9.990e-29
 188.446927      1.193  38.056342    14.3410   10.57782      1.183    31.1302    23.1287 -9.990e-29
 188.446933      1.208  38.033856    14.3003   10.59055      1.198    31.1424    23.1466 -9.990e-29
 188.446939      1.222  37.981603    14.2581   10.61205      1.212    31.1288    23.1447 -9.990e-29
 188.446944      1.236  37.908461    14.2315   10.63048      1.226    31.0835    23.1153 -9.990e-29
 188.446950      1.252  37.859946    14.2213   10.65721      1.242    31.0474    23.0896 -9.990e-29
 188.446956      1.270  37.843745    14.2191   10.67359      1.259    31.0344    23.0800 -9.990e-29
 188.446962      1.286  37.838846    14.2190   10.68753      1.275    31.0300    23.0766 -9.990e-29
 188.446968      1.299  37.837071    14.2190   10.70301      1.288    31.0284    23.0753 -9.990e-29
 188.446973      1.308  37.836090    14.2193   10.70919      1.297    31.0273    23.0744 -9.990e-29
 188.446979      1.309  37.835750    14.2205   10.72029      1.298    31.0260    23.0732 -9.990e-29
 188.446985      1.304  37.836194    14.2219   10.69239      1.293    31.0253    23.0723 -9.990e-29
 188.446991      1.304  37.836928    14.2211    8.66014      1.293    31.0266    23.0735 -9.990e-29
 188.446997      1.318  37.836163    14.2159    6.71347      1.307    31.0301    23.0773 -9.990e-29
 188.447002      1.342  37.832353    14.2087    5.78143      1.331    31.0324    23.0805 -9.990e-29
 188.447008      1.366  37.827746    14.2063    5.72022      1.355    31.0301    23.0792 -9.990e-29
 188.447014      1.378  37.826327    14.2106    6.66959      1.366    31.0253    23.0747 -9.990e-29
 188.447020      1.383  37.829039    14.2186    7.29130      1.371    31.0214    23.0700 -9.990e-29
 188.447025      1.393  37.834486    14.2244    7.53481      1.381    31.0217    23.0691 -9.990e-29
 188.447031      1.415  37.838752    14.2213    7.70518      1.403    31.0281    23.0746 -9.990e-29
 188.447037      1.446  37.836908    14.2094    7.81345      1.434    31.0359    23.0831 -9.990e-29
 188.447043      1.473  37.829336    14.2002    7.86421      1.461    31.0364    23.0854 -9.990e-29
 188.447049      1.487  37.823359    14.2021    7.88573      1.475    31.0294    23.0796 -9.990e-29
 188.447054      1.488  37.824498    14.2103    7.88771      1.476    31.0239    23.0736 -9.990e-29
 188.447060      1.489  37.829819    14.2175    7.90601      1.477    31.0229    23.0714 -9.990e-29
 188.447066      1.503  37.834116    14.2200    7.93986      1.490    31.0248    23.0724 -9.990e-29
 188.447072      1.531  37.834743    14.2183    7.96784      1.518    31.0268    23.0742 -9.990e-29
 188.447078      1.561  37.832013    14.2165    7.97056      1.548    31.0257    23.0738 -9.990e-29
 188.447083      1.584  37.830171    14.2176    7.94648      1.571    31.0231    23.0716 -9.990e-29
 188.447089      1.599  37.831843    14.2200    7.94367      1.586    31.0227    23.0708 -9.990e-29
 188.447095      1.618  37.834244    14.2203    7.96745      1.604    31.0247    23.0722 -9.990e-29
 188.447101      1.640  37.834444    14.2171    7.98507      1.626    31.0274    23.0750 -9.990e-29
 188.447106      1.660  37.832185    14.2137    7.99949      1.646    31.0281    23.0762 -9.990e-29
 188.447112      1.669  37.829536    14.2135    8.00837      1.655    31.0258    23.0745 -9.990e-29
 188.447118      1.668  37.828606    14.2150    8.01000      1.654    31.0238    23.0726 -9.990e-29
 188.447124      1.670  37.829313    14.2162    8.01328      1.656    31.0234    23.0721 -9.990e-29
 188.447130      1.684  37.830392    14.2172    8.01077      1.670    31.0236    23.0720 -9.990e-29
 188.447135      1.705  37.831075    14.2179    8.00969      1.691    31.0237    23.0719 -9.990e-29
 188.447141      1.728  37.831747    14.2187    8.01463      1.714    31.0236    23.0717 -9.990e-29
 188.447147      1.749  37.832778    14.2200    8.02423      1.734    31.0235    23.0714 -9.990e-29
 188.447153      1.770  37.834456    14.2208    8.03029      1.755    31.0244    23.0719 -9.990e-29
 188.447159      1.791  37.836250    14.2203    8.02935      1.776    31.0264    23.0736 -9.990e-29
 188.447164      1.815  37.836102    14.2185    8.03339      1.800    31.0277    23.0749 -9.990e-29
 188.447170      1.839  37.833096    14.2152    8.04618      1.824    31.0276    23.0755 -9.990e-29
 188.447176      1.854  37.828849    14.2117    8.05427      1.839    31.0266    23.0754 -9.990e-29
 188.447182      1.855  37.825940    14.2134    8.05048      1.840    31.0225    23.0720 -9.990e-29
 188.447188      1.841  37.827233    14.2235    8.02852      1.826    31.0156    23.0646 -9.990e-29
 188.447193      1.823  37.835394    14.2379    8.01650      1.808    31.0115    23.0585 -9.990e-29
 188.447199      1.814  37.847292    14.2473    8.01921      1.799    31.0148    23.0591 -9.990e-29
 188.447205      1.821  37.854124    14.2462    8.03414      1.806    31.0219    23.0648 -9.990e-29
 188.447211      1.845  37.852669    14.2350    8.04602      1.830    31.0296    23.0730 -9.990e-29
 188.447216      1.875  37.844921    14.2219    8.05326      1.859    31.0330    23.0783 -9.990e-29
 188.447222      1.896  37.835697    14.2195    8.04585      1.880    31.0265    23.0738 -9.990e-29
 188.447228      1.900  37.833449    14.2281    8.03099      1.884    31.0176    23.0651 -9.990e-29
 188.447234      1.895  37.839107    14.2377    8.03533      1.879    31.0150    23.0612 -9.990e-29
 188.447240      1.895  37.845641    14.2408    8.05097      1.879    31.0185    23.0632 -9.990e-29
 188.447245      1.904  37.847190    14.2374    8.05731      1.888    31.0226    23.0671 -9.990e-29
 188.447251      1.923  37.844146    14.2323    8.04931      1.907    31.0239    23.0692 -9.990e-29
 188.447257      1.948  37.840868    14.2296    8.04235      1.932    31.0231    23.0691 -9.990e-29
 188.447263      1.968  37.839720    14.2305    8.04130      1.952    31.0213    23.0676 -9.990e-29
 188.447269      1.975  37.841418    14.2308    8.05126      1.959    31.0226    23.0685 -9.990e-29
 188.447274      1.976  37.841501    14.2275    8.06203      1.959    31.0254    23.0713 -9.990e-29
 188.447280      1.973  37.837842    14.2262    8.04668      1.957    31.0231    23.0698 -9.990e-29
 188.447286      1.967  37.837347    14.2320    8.02656      1.951    31.0180    23.0646 -9.990e-29
 188.447292      1.961  37.843284    14.2419    8.02509      1.945    31.0154    23.0607 -9.990e-29
 188.447297      1.965  37.851237    14.2476    8.04111      1.949    31.0181    23.0616 -9.990e-29
 188.447303      1.981  37.854433    14.2430    8.04467      1.964    31.0247    23.0676 -9.990e-29
 188.447309      2.012  37.849291    14.2316    8.05534      1.995    31.0292    23.0734 -9.990e-29
 188.447315      2.050  37.839617    14.2235    8.05334      2.033    31.0268    23.0732 -9.990e-29
 188.447321      2.081  37.833266    14.2229    8.06499      2.064    31.0215    23.0693 -9.990e-29
 188.447326      2.099  37.833549    14.2256    8.06101      2.081    31.0196    23.0672 -9.990e-29
 188.447332      2.109  37.836359    14.2266    8.05432      2.091    31.0214    23.0684 -9.990e-29
 188.447338      2.120  37.836476    14.2264    8.04767      2.102    31.0216    23.0686 -9.990e-29
 188.447344      2.133  37.835186    14.2276    8.04129      2.115    31.0195    23.0667 -9.990e-29
 188.447350      2.144  37.836381    14.2275    8.04848      2.126    31.0206    23.0676 -9.990e-29
 188.447355      2.159  37.837176    14.2243    8.05246      2.141    31.0239    23.0708 -9.990e-29
 188.447361      2.177  37.834710    14.2215    8.06159      2.159    31.0239    23.0714 -9.990e-29
 188.447367      2.193  37.832431    14.2219    8.06642      2.175    31.0215    23.0695 -9.990e-29
