data/oxygen options/ONMS/Olympic_Coast_National_Marine_Sanctuary_Hypoxia_Survey_CTD_Data_2004_2015/raw_data/2005/CTD_CA50_060705faed.cnv
* Sea-Bird SBE19 Data File:
* FileName = C:\hypoxia CTD data\CA50_060705.hex
* Software Version 1.1.5
* Temperature SN = 2997
* Conductivity SN = 2997
* System UpLoad Time = Jun 07 2005 15:35:13
* SEACAT PROFILER V3.1c SN 2997   06/07/05  15:34:05.032
* strain gauge pressure sensor: S/N = 184829,  range = 3000 psia,  tc = 40
# nquan = 9                                 
# nvalues = 699                         
# units = specified
# name 0 = timeJ: Julian Days
# name 1 = prSM: Pressure, Strain Gauge [db]
# name 2 = c0mS/cm: Conductivity [mS/cm]
# name 3 = t090C: Temperature [ITS-90, deg C]
# name 4 = oxML/L: Oxygen, Beckman/YSI [ml/l]
# name 5 = depSM: Depth [salt water, m], lat = 47.5
# name 6 = sal00: Salinity, Practical [PSU]
# name 7 = sigma-é00: Density [sigma-theta, kg/m^3]
# name 8 = flag: flag
# span 0 = 158.600984, 158.605023       
# span 1 =     -3.379,     52.182       
# span 2 =   0.345413,  37.700337       
# span 3 =     8.2834,    14.5980       
# span 4 =   -0.12419,   26.27735       
# span 5 =     -3.351,     51.740       
# span 6 =     0.2197,    33.3890       
# span 7 =    -0.3900,    25.9652       
# span 8 = 0.0000e+00, 0.0000e+00       
# interval = seconds: 0.5
# start_time = Jun 07 2005 14:25:25 [Instrument's time stamp, header]
# bad_flag = -9.990e-29
*END*
[from data line 161]
 158.601916      1.066  37.688301    14.5759    7.75429      1.057    30.6095    22.6788 -9.990e-29
 158.601921      1.089  37.686381    14.5759    7.84868      1.080    30.6077    22.6775 -9.990e-29
 158.601927      1.103  37.686921    14.5771    7.88659      1.094    30.6073    22.6769 -9.990e-29
 158.601933      1.109  37.688428    14.5788    7.90369      1.100    30.6073    22.6765 -9.990e-29
 158.601939      1.113  37.690135    14.5808    7.89508      1.104    30.6073    22.6761 -9.990e-29
 158.601944      1.119  37.692103    14.5825    7.89881      1.110    30.6077    22.6761 -9.990e-29
 158.601950      1.127  37.693620    14.5831    7.90881      1.118    30.6086    22.6766 -9.990e-29
 158.601956      1.137  37.693936    14.5827    7.90400      1.128    30.6092    22.6772 -9.990e-29
 158.601962      1.147  37.693501    14.5823    7.90044      1.137    30.6091    22.6772 -9.990e-29
 158.601968      1.152  37.692887    14.5824    7.88119      1.142    30.6085    22.6767 -9.990e-29
 158.601973      1.153  37.692986    14.5826    7.86708      1.143    30.6084    22.6766 -9.990e-29
 158.601979      1.153  37.693398    14.5820    7.84558      1.143    30.6093    22.6774 -9.990e-29
 158.601985      1.158  37.692457    14.5807    7.85337      1.148    30.6094    22.6778 -9.990e-29
 158.601991      1.164  37.690621    14.5795    7.87560      1.154    30.6087    22.6775 -9.990e-29
 158.601997      1.162  37.689398    14.5794    7.86526      1.152    30.6077    22.6767 -9.990e-29
 158.602002      1.147  37.689428    14.5808    7.84762      1.137    30.6066    22.6756 -9.990e-29
 158.602008      1.128  37.690779    14.5830    7.81405      1.119    30.6061    22.6747 -9.990e-29
 158.602014      1.116  37.692480    14.5845    7.79552      1.107    30.6065    22.6747 -9.990e-29
 158.602020      1.114  37.693463    14.5850    7.83226      1.105    30.6070    22.6750 -9.990e-29
 158.602025      1.123  37.693947    14.5847    7.84148      1.114    30.6076    22.6755 -9.990e-29
 158.602031      1.138  37.694044    14.5845    7.82372      1.128    30.6079    22.6758 -9.990e-29
 158.602037      1.148  37.693913    14.5851    7.81073      1.138    30.6073    22.6752 -9.990e-29
 158.602043      1.150  37.694531    14.5864    7.78609      1.140    30.6068    22.6746 -9.990e-29
 158.602049      1.155  37.696187    14.5872    7.80133      1.145    30.6077    22.6751 -9.990e-29
 158.602054      1.169  37.697194    14.5863    7.81560      1.159    30.6093    22.6765 -9.990e-29
 158.602060      1.185  37.696121    14.5847    7.78992      1.175    30.6096    22.6770 -9.990e-29
 158.602066      1.193  37.694369    14.5841    7.76059      1.183    30.6085    22.6763 -9.990e-29
 158.602072      1.192  37.694120    14.5847    7.73492      1.182    30.6078    22.6756 -9.990e-29
 158.602078      1.193  37.695070    14.5838    7.72255      1.183    30.6093    22.6770 -9.990e-29
 158.602083      1.214  37.694026    14.5776    7.72929      1.204    30.6133    22.6814 -9.990e-29
 158.602089      1.251  37.687385    14.5659    7.73129      1.241    30.6165    22.6863 -9.990e-29
 158.602095      1.291  37.675297    14.5551    7.72195      1.280    30.6141    22.6866 -9.990e-29
 158.602101      1.322  37.664104    14.5504    7.71171      1.311    30.6076    22.6827 -9.990e-29
 158.602106      1.342  37.659662    14.5501    7.71465      1.331    30.6038    22.6798 -9.990e-29
 158.602112      1.358  37.659999    14.5502    7.71844      1.347    30.6041    22.6800 -9.990e-29
 158.602118      1.370  37.659985    14.5496    7.73004      1.359    30.6045    22.6804 -9.990e-29
 158.602124      1.370  37.659071    14.5505    7.73140      1.359    30.6030    22.6791 -9.990e-29
 158.602130      1.362  37.659991    14.5540    7.71509      1.351    30.6011    22.6769 -9.990e-29
 158.602135      1.360  37.664000    14.5581    7.70243      1.349    30.6015    22.6763 -9.990e-29
 158.602141      1.366  37.668624    14.5598    7.69238      1.355    30.6043    22.6781 -9.990e-29
 158.602147      1.381  37.669961    14.5584    7.69919      1.369    30.6066    22.6802 -9.990e-29
 158.602153      1.403  37.668143    14.5568    7.70022      1.391    30.6062    22.6802 -9.990e-29
 158.602159      1.423  37.665822    14.5567    7.69947      1.411    30.6042    22.6787 -9.990e-29
 158.602164      1.440  37.664979    14.5573    7.69128      1.428    30.6029    22.6776 -9.990e-29
 158.602170      1.453  37.665640    14.5581    7.67392      1.441    30.6029    22.6774 -9.990e-29
 158.602176      1.464  37.666473    14.5597    7.68083      1.452    30.6024    22.6767 -9.990e-29
 158.602182      1.473  37.668056    14.5627    7.68666      1.461    30.6015    22.6754 -9.990e-29
 158.602188      1.482  37.671406    14.5666    7.68931      1.470    30.6014    22.6745 -9.990e-29
 158.602193      1.490  37.675412    14.5691    7.68359      1.478    30.6031    22.6753 -9.990e-29
 158.602199      1.494  37.677592    14.5689    7.68729      1.482    30.6052    22.6769 -9.990e-29
 158.602205      1.494  37.676956    14.5673    7.68017      1.482    30.6059    22.6778 -9.990e-29
 158.602211      1.499  37.675491    14.5665    7.67674      1.486    30.6052    22.6774 -9.990e-29
 158.602216      1.513  37.675198    14.5669    7.66773      1.500    30.6046    22.6769 -9.990e-29
 158.602222      1.537  37.675717    14.5676    7.67328      1.524    30.6045    22.6767 -9.990e-29
 158.602228      1.564  37.676086    14.5685    7.68129      1.551    30.6041    22.6762 -9.990e-29
 158.602234      1.588  37.676264    14.5694    7.67564      1.575    30.6035    22.6756 -9.990e-29
 158.602240      1.610  37.676518    14.5701    7.66374      1.597    30.6032    22.6752 -9.990e-29
 158.602245      1.626  37.677217    14.5706    7.66160      1.612    30.6035    22.6753 -9.990e-29
 158.602251      1.635  37.678198    14.5714    7.66180      1.621    30.6037    22.6753 -9.990e-29
 158.602257      1.640  37.679116    14.5728    7.66231      1.626    30.6034    22.6748 -9.990e-29
 158.602263      1.646  37.680665    14.5743    7.66780      1.632    30.6036    22.6746 -9.990e-29
 158.602269      1.649  37.682696    14.5750    7.65952      1.635    30.6049    22.6755 -9.990e-29
 158.602274      1.645  37.683457    14.5750    7.65893      1.631    30.6056    22.6760 -9.990e-29
 158.602280      1.639  37.682871    14.5748    7.65122      1.625    30.6052    22.6758 -9.990e-29
 158.602286      1.638  37.682431    14.5749    7.64550      1.624    30.6048    22.6754 -9.990e-29
 158.602292      1.647  37.682703    14.5755    7.63885      1.633    30.6045    22.6751 -9.990e-29
 158.602297      1.661  37.683517    14.5764    7.64249      1.647    30.6046    22.6749 -9.990e-29
 158.602303      1.673  37.684303    14.5767    7.63797      1.659    30.6050    22.6752 -9.990e-29
 158.602309      1.681  37.684457    14.5766    7.63487      1.667    30.6052    22.6754 -9.990e-29
 158.602315      1.683  37.684212    14.5764    7.63225      1.669    30.6052    22.6754 -9.990e-29
 158.602321      1.686  37.683832    14.5758    7.61612      1.672    30.6053    22.6756 -9.990e-29
 158.602326      1.692  37.682839    14.5740    7.60742      1.678    30.6058    22.6764 -9.990e-29
 158.602332      1.703  37.680499    14.5705    7.61351      1.689    30.6065    22.6776 -9.990e-29
 158.602338      1.718  37.676527    14.5667    7.62963      1.704    30.6059    22.6779 -9.990e-29
 158.602344      1.732  37.672385    14.5653    7.62176      1.718    30.6032    22.6762 -9.990e-29
 158.602350      1.731  37.670430    14.5668    7.62103      1.717    30.6003    22.6736 -9.990e-29
 158.602355      1.716  37.672010    14.5691    7.61029      1.702    30.5999    22.6728 -9.990e-29
 158.602361      1.698  37.675333    14.5704    7.60708      1.684    30.6019    22.6741 -9.990e-29
 158.602367      1.693  37.677008    14.5706    7.61060      1.679    30.6032    22.6751 -9.990e-29
 158.602373      1.710  37.677057    14.5700    7.60593      1.696    30.6037    22.6756 -9.990e-29
 158.602378      1.741  37.676698    14.5692    7.61744      1.726    30.6040    22.6760 -9.990e-29
 158.602384      1.770  37.676039    14.5698    7.61143      1.755    30.6030    22.6751 -9.990e-29
 158.602390      1.788  37.675914    14.5721    7.60031      1.773    30.6010    22.6731 -9.990e-29
 158.602396      1.796  37.676743    14.5748    7.59203      1.781    30.5997    22.6715 -9.990e-29
 158.602402      1.797  37.677974    14.5759    7.57356      1.782    30.5999    22.6714 -9.990e-29
 158.602407      1.796  37.679022    14.5745    7.58017      1.781    30.6019    22.6733 -9.990e-29
 158.602413      1.803  37.679052    14.5720    7.58172      1.788    30.6039    22.6754 -9.990e-29
 158.602419      1.816  37.677551    14.5703    7.59648      1.801    30.6039    22.6757 -9.990e-29
 158.602425      1.829  37.675887    14.5700    7.59993      1.814    30.6026    22.6748 -9.990e-29
 158.602431      1.834  37.675769    14.5712    7.59243      1.819    30.6016    22.6737 -9.990e-29
 158.602436      1.831  37.677040    14.5735    7.59131      1.816    30.6009    22.6727 -9.990e-29
 158.602442      1.829  37.679154    14.5763    7.58840      1.814    30.6006    22.6719 -9.990e-29
 158.602448      1.832  37.682127    14.5801    7.60240      1.817    30.6003    22.6709 -9.990e-29
 158.602454      1.839  37.685999    14.5844    7.60459      1.824    30.6004    22.6701 -9.990e-29
 158.602459      1.847  37.690325    14.5872    7.60424      1.832    30.6021    22.6708 -9.990e-29
 158.602465      1.848  37.693584    14.5880    7.60182      1.833    30.6044    22.6724 -9.990e-29
 158.602471      1.842  37.694515    14.5876    7.58661      1.827    30.6056    22.6734 -9.990e-29
 158.602477      1.842  37.693800    14.5869    7.57466      1.827    30.6055    22.6735 -9.990e-29
 158.602483      1.855  37.693294    14.5868    7.56058      1.840    30.6051    22.6732 -9.990e-29
 158.602488      1.879  37.693447    14.5871    7.56579      1.863    30.6050    22.6731 -9.990e-29
 158.602494      1.907  37.693341    14.5869    7.59160      1.891    30.6051    22.6731 -9.990e-29
 158.602500      1.927  37.692836    14.5864    7.60027      1.911    30.6050    22.6732 -9.990e-29
 158.602506      1.928  37.692379    14.5864    7.58285      1.912    30.6046    22.6729 -9.990e-29
 158.602512      1.914  37.692485    14.5872    7.56988      1.898    30.6041    22.6723 -9.990e-29
 158.602517      1.902  37.693297    14.5883    7.54673      1.886    30.6039    22.6720 -9.990e-29
 158.602523      1.899  37.694217    14.5892    7.56517      1.883    30.6041    22.6719 -9.990e-29
 158.602529      1.905  37.694794    14.5894    7.58288      1.889    30.6044    22.6721 -9.990e-29
 158.602535      1.913  37.694677    14.5887    7.58024      1.897    30.6049    22.6726 -9.990e-29
 158.602541      1.909  37.693709    14.5880    7.57248      1.893    30.6045    22.6725 -9.990e-29
 158.602546      1.893  37.692846    14.5877    7.55706      1.877    30.6040    22.6721 -9.990e-29
 158.602552      1.881  37.692619    14.5871    7.55810      1.865    30.6043    22.6725 -9.990e-29
 158.602558      1.890  37.692166    14.5860    7.56993      1.874    30.6047    22.6731 -9.990e-29
 158.602564      1.912  37.690889    14.5850    7.56371      1.896    30.6043    22.6730 -9.990e-29
 158.602569      1.932  37.689327    14.5845    7.55764      1.916    30.6033    22.6723 -9.990e-29
 158.602575      1.945  37.688203    14.5846    7.55874      1.929    30.6022    22.6714 -9.990e-29
 158.602581      1.953  37.688262    14.5849    7.56502      1.937    30.6020    22.6712 -9.990e-29
 158.602587      1.956  37.689586    14.5853    7.56816      1.940    30.6029    22.6718 -9.990e-29
 158.602593      1.960  37.690576    14.5856    7.56614      1.944    30.6036    22.6723 -9.990e-29
 158.602598      1.967  37.690870    14.5862    7.55463      1.951    30.6034    22.6720 -9.990e-29
 158.602604      1.976  37.691424    14.5874    7.55480      1.959    30.6029    22.6714 -9.990e-29
 158.602610      1.981  37.692419    14.5897    7.56340      1.964    30.6020    22.6702 -9.990e-29
 158.602616      1.984  37.694620    14.5922    7.56662      1.967    30.6020    22.6697 -9.990e-29
 158.602622      1.983  37.697599    14.5930    7.55435      1.966    30.6041    22.6711 -9.990e-29
 158.602627      1.981  37.698600    14.5921    7.55229      1.964    30.6057    22.6725 -9.990e-29
 158.602633      1.979  37.697277    14.5917    7.54522      1.962    30.6048    22.6719 -9.990e-29
 158.602639      1.988  37.696355    14.5926    7.55106      1.971    30.6033    22.6706 -9.990e-29
 158.602645      2.007  37.697411    14.5936    7.55480      1.990    30.6034    22.6705 -9.990e-29
 158.602650      2.030  37.698489    14.5936    7.54619      2.013    30.6044    22.6712 -9.990e-29
 158.602656      2.048  37.698224    14.5930    7.54168      2.031    30.6046    22.6715 -9.990e-29
 158.602662      2.055  37.697946    14.5926    7.54693      2.038    30.6047    22.6717 -9.990e-29
 158.602668      2.051  37.697845    14.5930    7.55524      2.034    30.6043    22.6713 -9.990e-29
 158.602674      2.044  37.697787    14.5941    7.54501      2.027    30.6034    22.6703 -9.990e-29
 158.602679      2.039  37.698260    14.5957    7.53725      2.022    30.6025    22.6694 -9.990e-29
 158.602685      2.034  37.699335    14.5974    7.52654      2.017    30.6022    22.6687 -9.990e-29
 158.602691      2.035  37.700202    14.5980    7.53689      2.018    30.6025    22.6688 -9.990e-29
 158.602697      2.044  37.700337    14.5972    7.54193      2.027    30.6032    22.6696 -9.990e-29
 158.602703      2.059  37.699922    14.5954    7.53791      2.042    30.6043    22.6707 -9.990e-29
 158.602708      2.076  37.698408    14.5930    7.52861      2.059    30.6048    22.6716 -9.990e-29
 158.602714      2.097  37.696018    14.5907    7.52791      2.079    30.6044    22.6719 -9.990e-29
 158.602720      2.117  37.694055    14.5887    7.54275      2.099    30.6042    22.6721 -9.990e-29
 158.602726      2.131  37.692708    14.5874    7.53874      2.113    30.6040    22.6722 -9.990e-29
 158.602731      2.135  37.691864    14.5876    7.53223      2.117    30.6031    22.6715 -9.990e-29
 158.602737      2.128  37.692079    14.5889    7.51456      2.110    30.6023    22.6706 -9.990e-29
 158.602743      2.115  37.693082    14.5896    7.51749      2.097    30.6026    22.6707 -9.990e-29
 158.602749      2.104  37.693405    14.5893    7.53014      2.086    30.6032    22.6712 -9.990e-29
 158.602755      2.101  37.692360    14.5886    7.53699      2.083    30.6028    22.6710 -9.990e-29
 158.602760      2.113  37.691362    14.5882    7.54207      2.095    30.6022    22.6706 -9.990e-29
 158.602766      2.129  37.691327    14.5883    7.52255      2.111    30.6021    22.6705 -9.990e-29
 158.602772      2.140  37.691647    14.5888    7.51030      2.122    30.6020    22.6703 -9.990e-29
 158.602778      2.141  37.692188    14.5901    7.52878      2.123    30.6014    22.6697 -9.990e-29
 158.602784      2.136  37.693672    14.5921    7.54345      2.118    30.6012    22.6691 -9.990e-29
 158.602789      2.134  37.695836    14.5935    7.53578      2.116    30.6020    22.6694 -9.990e-29
 158.602795      2.135  37.697084    14.5939    7.52280      2.117    30.6029    22.6700 -9.990e-29
 158.602801      2.134  37.697399    14.5944    7.50655      2.116    30.6027    22.6698 -9.990e-29
 158.602807      2.136  37.697762    14.5944    7.50713      2.118    30.6031    22.6700 -9.990e-29
 158.602813      2.144  37.697536    14.5927    7.52930      2.126    30.6042    22.6713 -9.990e-29
 158.602818      2.156  37.695862    14.5896    7.52493      2.138    30.6051    22.6726 -9.990e-29
 158.602824      2.164  37.692753    14.5874    7.50428      2.146    30.6040    22.6723 -9.990e-29
 158.602830      2.163  37.690233    14.5872    7.49905      2.145    30.6019    22.6707 -9.990e-29
