data/oxygen options/ONMS/Olympic_Coast_National_Marine_Sanctuary_Hypoxia_Survey_CTD_Data_2004_2015/raw_data/2005/CTD_TH100_083105faed.cnv
* Sea-Bird SBE19 Data File:
* FileName = C:\hypoxia CTD data\TH100_083105.hex
* Software Version 1.1.5
* Temperature SN = 2997
* Conductivity SN = 2997
* System UpLoad Time = Aug 31 2005 15:28:08
** Teahwhit Head 083105 100m
* SEACAT PROFILER V3.1c SN 2997   08/31/05  15:23:21.873
# nquan = 9                                 
# nvalues = 882                         
# units = specified
# name 0 = timeJ: Julian Days
# name 1 = prSM: Pressure, Strain Gauge [db]
# name 2 = c0mS/cm: Conductivity [mS/cm]
# name 3 = t090C: Temperature [ITS-90, deg C]
# name 4 = oxML/L: Oxygen, Beckman/YSI [ml/l]
# name 5 = depSM: Depth [salt water, m], lat = 47.5
# name 6 = sal00: Salinity, Practical [PSU]
# name 7 = sigma-é00: Density [sigma-theta, kg/m^3]
# name 8 = flag: flag
# span 0 = 243.518750, 243.523848       
# span 1 =     -3.527,    104.232       
# span 2 =   0.400073,  39.067170       
# span 3 =     7.3191,    15.0783       
# span 4 =  -12.97868,   24.43001       
# span 5 =     -3.498,    103.336       
# span 6 =     0.2452,    33.8287       
# span 7 =    -0.5895,    26.4530       
# span 8 = 0.0000e+00, 0.0000e+00       
# interval = seconds: 0.5
# start_time = Aug 31 2005 12:27:00 [Instrument's time stamp, header]
# bad_flag = -9.990e-29
*END*
[from data line 161]
 243.519682      1.017  38.942650    14.9436    8.62160      1.009    31.4470    23.2465 -9.990e-29
 243.519688      1.041  38.942242    14.9379    8.57427      1.032    31.4512    23.2509 -9.990e-29
 243.519693      1.067  38.935703    14.9383    8.54519      1.058    31.4450    23.2461 -9.990e-29
 243.519699      1.087  38.935632    14.9521    8.56526      1.078    31.4338    23.2345 -9.990e-29
 243.519705      1.099  38.950350    14.9673    8.62976      1.090    31.4348    23.2321 -9.990e-29
 243.519711      1.107  38.965826    14.9660    8.64022      1.098    31.4498    23.2438 -9.990e-29
 243.519716      1.121  38.962319    14.9522    8.58527      1.112    31.4577    23.2529 -9.990e-29
 243.519722      1.142  38.946380    14.9499    8.51751      1.132    31.4452    23.2438 -9.990e-29
 243.519728      1.162  38.944437    14.9738    8.48358      1.152    31.4242    23.2225 -9.990e-29
 243.519734      1.178  38.970164    15.0064    8.48971      1.168    31.4211    23.2132 -9.990e-29
 243.519740      1.192  39.005137    15.0144    8.48274      1.182    31.4461    23.2307 -9.990e-29
 243.519745      1.205  39.011862    14.9970    8.45566      1.195    31.4661    23.2498 -9.990e-29
 243.519751      1.216  38.989782    14.9856    8.46711      1.206    31.4555    23.2441 -9.990e-29
 243.519757      1.227  38.978452    14.9892    8.53167      1.217    31.4424    23.2332 -9.990e-29
 243.519763      1.239  38.985762    14.9877    8.64258      1.229    31.4502    23.2395 -9.990e-29
 243.519769      1.252  38.986120    14.9671    8.71925      1.242    31.4671    23.2569 -9.990e-29
 243.519774      1.267  38.965428    14.9367    8.68228      1.256    31.4729    23.2679 -9.990e-29
 243.519780      1.280  38.934804    14.9201    8.56878      1.269    31.4588    23.2606 -9.990e-29
 243.519786      1.285  38.919040    14.9315    8.47894      1.274    31.4354    23.2401 -9.990e-29
 243.519792      1.281  38.930768    14.9659    8.46266      1.270    31.4183    23.2196 -9.990e-29
 243.519797      1.277  38.968234    14.9946    8.53209      1.266    31.4288    23.2216 -9.990e-29
 243.519803      1.277  39.002871    14.9883    8.62276      1.266    31.4650    23.2508 -9.990e-29
 243.519809      1.284  38.994497    14.9570    8.64425      1.273    31.4827    23.2711 -9.990e-29
 243.519815      1.305  38.954956    14.9312    8.61759      1.294    31.4679    23.2653 -9.990e-29
 243.519821      1.326  38.925761    14.9248    8.59100      1.315    31.4468    23.2504 -9.990e-29
 243.519826      1.333  38.921265    14.9351    8.59623      1.322    31.4345    23.2387 -9.990e-29
 243.519832      1.330  38.934907    14.9476    8.59588      1.319    31.4367    23.2377 -9.990e-29
 243.519838      1.329  38.948984    14.9484    8.55353      1.318    31.4487    23.2468 -9.990e-29
 243.519844      1.336  38.948617    14.9448    8.48493      1.325    31.4513    23.2495 -9.990e-29
 243.519850      1.346  38.943981    14.9534    8.44522      1.335    31.4402    23.2392 -9.990e-29
 243.519855      1.355  38.953016    14.9725    8.47291      1.344    31.4329    23.2295 -9.990e-29
 243.519861      1.369  38.971503    14.9845    8.56740      1.358    31.4399    23.2323 -9.990e-29
 243.519867      1.392  38.982029    14.9747    8.65229      1.380    31.4572    23.2477 -9.990e-29
 243.519873      1.418  38.971153    14.9494    8.66474      1.406    31.4678    23.2613 -9.990e-29
 243.519878      1.435  38.944575    14.9330    8.60303      1.423    31.4571    23.2565 -9.990e-29
 243.519884      1.444  38.926874    14.9373    8.50106      1.432    31.4377    23.2407 -9.990e-29
 243.519890      1.451  38.929220    14.9583    8.43679      1.439    31.4229    23.2248 -9.990e-29
 243.519896      1.456  38.949694    14.9834    8.45721      1.444    31.4211    23.2181 -9.990e-29
 243.519902      1.458  38.975775    14.9934    8.53218      1.446    31.4365    23.2278 -9.990e-29
 243.519907      1.462  38.984473    14.9801    8.60899      1.450    31.4550    23.2449 -9.990e-29
 243.519913      1.474  38.969445    14.9526    8.64782      1.462    31.4637    23.2574 -9.990e-29
 243.519919      1.489  38.942631    14.9296    8.62164      1.477    31.4581    23.2580 -9.990e-29
 243.519925      1.504  38.922688    14.9248    8.55743      1.491    31.4440    23.2482 -9.990e-29
 243.519931      1.516  38.921164    14.9371    8.50759      1.503    31.4327    23.2369 -9.990e-29
 243.519936      1.520  38.936025    14.9598    8.49498      1.507    31.4278    23.2283 -9.990e-29
 243.519942      1.523  38.959602    14.9830    8.50645      1.510    31.4303    23.2253 -9.990e-29
 243.519948      1.528  38.981833    14.9933    8.51761      1.515    31.4420    23.2321 -9.990e-29
 243.519954      1.536  38.990860    14.9866    8.49027      1.523    31.4555    23.2439 -9.990e-29
 243.519959      1.546  38.981338    14.9768    8.45818      1.533    31.4548    23.2455 -9.990e-29
 243.519965      1.560  38.969183    14.9790    8.45120      1.547    31.4421    23.2352 -9.990e-29
 243.519971      1.575  38.974089    14.9888    8.48779      1.562    31.4387    23.2305 -9.990e-29
 243.519977      1.587  38.988011    14.9876    8.54908      1.574    31.4521    23.2411 -9.990e-29
 243.519983      1.601  38.986887    14.9697    8.59134      1.588    31.4655    23.2552 -9.990e-29
 243.519988      1.621  38.966423    14.9503    8.60025      1.607    31.4627    23.2572 -9.990e-29
 243.519994      1.646  38.945893    14.9407    8.55847      1.632    31.4520    23.2510 -9.990e-29
 243.520000      1.669  38.937745    14.9394    8.48593      1.655    31.4457    23.2464 -9.990e-29
 243.520006      1.685  38.938406    14.9486    8.43153      1.671    31.4389    23.2392 -9.990e-29
 243.520012      1.693  38.948760    14.9692    8.44213      1.679    31.4316    23.2292 -9.990e-29
 243.520017      1.693  38.969152    14.9884    8.49470      1.679    31.4345    23.2273 -9.990e-29
 243.520023      1.693  38.985829    14.9891    8.53348      1.679    31.4489    23.2383 -9.990e-29
 243.520029      1.693  38.983456    14.9715    8.52119      1.679    31.4610    23.2513 -9.990e-29
 243.520035      1.694  38.963367    14.9581    8.47617      1.680    31.4537    23.2486 -9.990e-29
 243.520041      1.699  38.949260    14.9650    8.44835      1.685    31.4355    23.2331 -9.990e-29
 243.520046      1.705  38.958222    14.9814    8.46362      1.691    31.4303    23.2256 -9.990e-29
 243.520052      1.707  38.976961    14.9877    8.49664      1.693    31.4421    23.2333 -9.990e-29
 243.520058      1.706  38.983910    14.9792    8.52064      1.692    31.4552    23.2452 -9.990e-29
 243.520064      1.702  38.974883    14.9666    8.51603      1.688    31.4572    23.2495 -9.990e-29
 243.520069      1.699  38.961408    14.9607    8.48640      1.685    31.4498    23.2450 -9.990e-29
 243.520075      1.701  38.955247    14.9627    8.45458      1.687    31.4427    23.2391 -9.990e-29
 243.520081      1.703  38.958281    14.9693    8.44861      1.689    31.4401    23.2357 -9.990e-29
 243.520087      1.707  38.965584    14.9757    8.47729      1.693    31.4415    23.2354 -9.990e-29
 243.520093      1.716  38.972312    14.9760    8.50515      1.702    31.4473    23.2398 -9.990e-29
 243.520098      1.726  38.973420    14.9679    8.52473      1.712    31.4548    23.2474 -9.990e-29
 243.520104      1.735  38.965905    14.9584    8.50948      1.721    31.4557    23.2501 -9.990e-29
 243.520110      1.743  38.956576    14.9579    8.48703      1.728    31.4477    23.2440 -9.990e-29
 243.520116      1.749  38.957112    14.9662    8.48537      1.734    31.4415    23.2375 -9.990e-29
 243.520122      1.756  38.965425    14.9748    8.46980      1.741    31.4421    23.2361 -9.990e-29
 243.520127      1.762  38.971850    14.9788    8.45522      1.747    31.4446    23.2372 -9.990e-29
 243.520133      1.768  38.974864    14.9786    8.44699      1.753    31.4475    23.2394 -9.990e-29
 243.520139      1.776  38.974564    14.9785    8.44889      1.761    31.4473    23.2393 -9.990e-29
 243.520145      1.784  38.974478    14.9806    8.47321      1.769    31.4455    23.2375 -9.990e-29
 243.520150      1.795  38.977861    14.9793    8.50474      1.780    31.4496    23.2409 -9.990e-29
 243.520156      1.807  38.978009    14.9715    8.51126      1.792    31.4560    23.2475 -9.990e-29
 243.520162      1.823  38.971198    14.9611    8.51033      1.808    31.4583    23.2515 -9.990e-29
 243.520168      1.843  38.962747    14.9544    8.50141      1.828    31.4561    23.2512 -9.990e-29
 243.520174      1.865  38.956534    14.9539    8.50864      1.849    31.4509    23.2473 -9.990e-29
 243.520179      1.881  38.954746    14.9548    8.53033      1.865    31.4485    23.2453 -9.990e-29
 243.520185      1.887  38.955565    14.9534    8.54891      1.871    31.4504    23.2470 -9.990e-29
 243.520191      1.889  38.954293    14.9524    8.52028      1.873    31.4501    23.2470 -9.990e-29
 243.520197      1.891  38.952606    14.9558    8.43857      1.875    31.4458    23.2430 -9.990e-29
 243.520203      1.889  38.954431    14.9689    8.34567      1.873    31.4369    23.2333 -9.990e-29
 243.520208      1.882  38.964449    14.9930    8.31254      1.866    31.4265    23.2202 -9.990e-29
 243.520214      1.879  38.985367    15.0160    8.37585      1.863    31.4268    23.2155 -9.990e-29
 243.520220      1.884  39.005820    15.0182    8.49629      1.868    31.4434    23.2278 -9.990e-29
 243.520226      1.897  39.005972    14.9950    8.59896      1.881    31.4622    23.2473 -9.990e-29
 243.520231      1.915  38.983236    14.9658    8.60657      1.899    31.4653    23.2558 -9.990e-29
 243.520237      1.930  38.956101    14.9521    8.51012      1.914    31.4519    23.2485 -9.990e-29
 243.520243      1.939  38.942794    14.9600    8.35613      1.923    31.4336    23.2327 -9.990e-29
 243.520249      1.943  38.950812    14.9895    8.27485      1.927    31.4170    23.2137 -9.990e-29
 243.520255      1.942  38.983555    15.0320    8.32794      1.926    31.4123    23.2009 -9.990e-29
 243.520260      1.939  39.030841    15.0553    8.46926      1.923    31.4360    23.2142 -9.990e-29
 243.520266      1.944  39.057570    15.0338    8.56624      1.928    31.4773    23.2506 -9.990e-29
 243.520272      1.957  39.036015    14.9876    8.55664      1.941    31.4951    23.2742 -9.990e-29
 243.520278      1.965  38.986250    14.9596    8.45119      1.949    31.4730    23.2631 -9.990e-29
 243.520284      1.961  38.957466    14.9705    8.34278      1.945    31.4383    23.2341 -9.990e-29
 243.520289      1.952  38.971856    15.0072    8.33071      1.936    31.4217    23.2135 -9.990e-29
 243.520295      1.952  39.009901    15.0415    8.36145      1.936    31.4283    23.2112 -9.990e-29
 243.520301      1.960  39.038203    15.0510    8.40373      1.944    31.4460    23.2229 -9.990e-29
 243.520307      1.969  39.040104    15.0373    8.39971      1.953    31.4588    23.2356 -9.990e-29
 243.520312      1.973  39.023761    15.0266    8.32310      1.957    31.4527    23.2332 -9.990e-29
 243.520318      1.975  39.013946    15.0366    8.24542      1.959    31.4358    23.2181 -9.990e-29
 243.520324      1.977  39.026179    15.0591    8.22221      1.960    31.4287    23.2078 -9.990e-29
 243.520330      1.985  39.049851    15.0761    8.31242      1.968    31.4363    23.2100 -9.990e-29
 243.520336      1.995  39.067170    15.0708    8.48939      1.978    31.4561    23.2264 -9.990e-29
 243.520341      2.003  39.065903    15.0350    8.61866      1.986    31.4838    23.2553 -9.990e-29
 243.520347      2.014  39.034836    14.9813    8.60757      1.997    31.4991    23.2786 -9.990e-29
 243.520353      2.033  38.980232    14.9463    8.48526      2.016    31.4782    23.2700 -9.990e-29
 243.520359      2.052  38.945391    14.9590    8.33976      2.035    31.4367    23.2353 -9.990e-29
 243.520365      2.060  38.961253    15.0087    8.27229      2.043    31.4109    23.2049 -9.990e-29
 243.520370      2.058  39.011384    15.0560    8.29164      2.041    31.4179    23.2002 -9.990e-29
 243.520376      2.053  39.053256    15.0688    8.34684      2.036    31.4452    23.2184 -9.990e-29
 243.520382      2.050  39.056338    15.0520    8.37716      2.033    31.4615    23.2345 -9.990e-29
 243.520388      2.049  39.035416    15.0315    8.37005      2.032    31.4592    23.2372 -9.990e-29
 243.520394      2.049  39.018691    15.0266    8.34040      2.032    31.4481    23.2297 -9.990e-29
 243.520399      2.051  39.019762    15.0391    8.32107      2.034    31.4390    23.2200 -9.990e-29
 243.520405      2.055  39.036129    15.0572    8.31532      2.038    31.4392    23.2163 -9.990e-29
 243.520411      2.060  39.052599    15.0708    8.30262      2.043    31.4430    23.2163 -9.990e-29
 243.520417      2.068  39.061413    15.0770    8.27366      2.051    31.4459    23.2172 -9.990e-29
 243.520422      2.078  39.063678    15.0783    8.23723      2.061    31.4469    23.2177 -9.990e-29
 243.520428      2.092  39.063543    15.0777    8.24482      2.075    31.4473    23.2181 -9.990e-29
 243.520434      2.110  39.063640    15.0728    8.30842      2.092    31.4513    23.2222 -9.990e-29
 243.520440      2.134  39.059617    15.0589    8.43098      2.116    31.4588    23.2310 -9.990e-29
 243.520446      2.160  39.045552    15.0316    8.56882      2.142    31.4682    23.2441 -9.990e-29
 243.520451      2.181  39.018964    14.9906    8.63716      2.163    31.4773    23.2598 -9.990e-29
 243.520457      2.196  38.980865    14.9517    8.59166      2.178    31.4744    23.2659 -9.990e-29
 243.520463      2.200  38.944963    14.9415    8.45340      2.182    31.4503    23.2495 -9.990e-29
 243.520469      2.190  38.934060    14.9677    8.33144      2.172    31.4194    23.2202 -9.990e-29
 243.520475      2.173  38.956609    15.0097    8.31237      2.155    31.4059    23.2008 -9.990e-29
 243.520480      2.161  38.999492    15.0413    8.40012      2.143    31.4190    23.2042 -9.990e-29
 243.520486      2.158  39.037445    15.0441    8.50824      2.140    31.4508    23.2280 -9.990e-29
 243.520492      2.163  39.039756    15.0182    8.52029      2.145    31.4737    23.2512 -9.990e-29
 243.520498      2.173  39.004472    14.9937    8.42726      2.155    31.4618    23.2472 -9.990e-29
 243.520503      2.179  38.977665    14.9965    8.29648      2.161    31.4355    23.2264 -9.990e-29
 243.520509      2.178  38.987533    15.0249    8.25289      2.160    31.4215    23.2095 -9.990e-29
 243.520515      2.173  39.024794    15.0588    8.33151      2.155    31.4277    23.2071 -9.990e-29
 243.520521      2.179  39.062852    15.0610    8.47650      2.161    31.4600    23.2315 -9.990e-29
 243.520527      2.198  39.059915    15.0182    8.58938      2.180    31.4918    23.2651 -9.990e-29
 243.520532      2.224  39.010402    14.9628    8.61407      2.205    31.4920    23.2771 -9.990e-29
 243.520538      2.249  38.954874    14.9295    8.55330      2.230    31.4689    23.2664 -9.990e-29
 243.520544      2.264  38.928665    14.9264    8.49031      2.245    31.4478    23.2508 -9.990e-29
 243.520550      2.263  38.932718    14.9423    8.46183      2.244    31.4386    23.2404 -9.990e-29
 243.520556      2.261  38.949439    14.9597    8.46487      2.242    31.4397    23.2375 -9.990e-29
 243.520561      2.266  38.963551    14.9653    8.47242      2.247    31.4478    23.2426 -9.990e-29
 243.520567      2.272  38.965274    14.9601    8.43672      2.253    31.4536    23.2481 -9.990e-29
 243.520573      2.277  38.957477    14.9580    8.40508      2.258    31.4483    23.2444 -9.990e-29
 243.520579      2.282  38.954451    14.9674    8.41138      2.263    31.4380    23.2345 -9.990e-29
 243.520584      2.285  38.963941    14.9795    8.45994      2.266    31.4368    23.2310 -9.990e-29
 243.520590      2.288  38.974486    14.9796    8.51897      2.269    31.4462    23.2382 -9.990e-29
 243.520596      2.290  38.970987    14.9651    8.52967      2.271    31.4547    23.2479 -9.990e-29
