data/oxygen options/ONMS/Olympic_Coast_National_Marine_Sanctuary_Hypoxia_Survey_CTD_Data_2004_2015/raw_data/2005/CTD_CA45_083005faed.cnv
* Sea-Bird SBE19 Data File:
* FileName = C:\hypoxia CTD data\CA45_083005.hex
* Software Version 1.1.5
* Temperature SN = 2997
* Conductivity SN = 2997
* System UpLoad Time = Aug 30 2005 17:20:06
** Cape Alave 45m 083005
* SEACAT PROFILER V3.1c SN 2997   08/30/05  17:18:35.117
# nquan = 9                                 
# nvalues = 644                         
# units = specified
# name 0 = timeJ: Julian Days
# name 1 = prSM: Pressure, Strain Gauge [db]
# name 2 = c0mS/cm: Conductivity [mS/cm]
# name 3 = t090C: Temperature [ITS-90, deg C]
# name 4 = oxML/L: Oxygen, Beckman/YSI [ml/l]
# name 5 = depSM: Depth [salt water, m], lat = 47.5
# name 6 = sal00: Salinity, Practical [PSU]
# name 7 = sigma-é00: Density [sigma-theta, kg/m^3]
# name 8 = flag: flag
# span 0 = 242.648542, 242.652263       
# span 1 =     -3.775,     44.149       
# span 2 =   2.769477,  38.176301       
# span 3 =     7.8639,    13.9630       
# span 4 =   -0.09925,   25.97574       
# span 5 =     -3.744,     43.776       
# span 6 =     1.8564,    33.4529       
# span 7 =     0.6904,    26.0791       
# span 8 = 0.0000e+00, 0.0000e+00       
# interval = seconds: 0.5
# start_time = Aug 30 2005 15:33:54 [Instrument's time stamp, header]
# bad_flag = -9.990e-29
*END*
[from data line 481]
 242.651325     15.208  35.468406     9.5161    4.49245     15.081    32.7609    25.2835 0.0000e+00
 242.651331     15.676  35.279515     9.3873    4.55749     15.545    32.6842    25.2443 0.0000e+00
 242.651337     16.141  35.211361     9.3030    4.67648     16.006    32.6909    25.2629 0.0000e+00
 242.651343     16.624  35.165738     9.2207    4.77295     16.485    32.7189    25.2979 0.0000e+00
 242.651348     17.126  35.097906     9.1356    4.85731     16.982    32.7266    25.3174 0.0000e+00
 242.651354     17.636  35.017829     9.0517    4.92625     17.488    32.7205    25.3257 0.0000e+00
 242.651360     18.148  34.945782     8.9788    5.01411     17.996    32.7125    25.3308 0.0000e+00
 242.651366     18.661  34.890433     8.9142    5.10929     18.504    32.7141    25.3422 0.0000e+00
 242.651372     19.172  34.842767     8.8481    5.21152     19.011    32.7252    25.3610 0.0000e+00
 242.651377     19.686  34.791911     8.7755    5.33415     19.521    32.7389    25.3829 0.0000e+00
 242.651383     20.207  34.735070     8.6970    5.40985     20.037    32.7518    25.4051 0.0000e+00
 242.651389     20.740  34.674359     8.6163    5.45843     20.566    32.7627    25.4259 0.0000e+00
 242.651395     21.285  34.614022     8.5366    5.47382     21.106    32.7730    25.4461 0.0000e+00
 242.651400     21.842  34.560476     8.4663    5.44686     21.659    32.7817    25.4635 0.0000e+00
 242.651406     22.409  34.522467     8.4123    5.39976     22.221    32.7917    25.4794 0.0000e+00
 242.651412     22.973  34.501994     8.3698    5.33329     22.780    32.8094    25.4996 0.0000e+00
 242.651418     23.524  34.492484     8.3344    5.27389     23.326    32.8321    25.5227 0.0000e+00
 242.651424     24.059  34.488533     8.3063    5.20709     23.857    32.8539    25.5440 0.0000e+00
 242.651429     24.577  34.487108     8.2794    5.14247     24.370    32.8774    25.5664 0.0000e+00
 242.651435     25.082  34.483498     8.2500    5.06321     24.871    32.9008    25.5892 0.0000e+00
 242.651441     25.580  34.478493     8.2236    4.97794     25.365    32.9200    25.6081 0.0000e+00
 242.651447     26.072  34.478306     8.2024    4.89751     25.853    32.9395    25.6266 0.0000e+00
 242.651453     26.561  34.483244     8.1835    4.81818     26.338    32.9622    25.6472 0.0000e+00
 242.651458     27.052  34.490917     8.1645    4.76640     26.824    32.9880    25.6702 0.0000e+00
 242.651464     27.550  34.500339     8.1449    4.72511     27.318    33.0163    25.6953 0.0000e+00
 242.651470     28.061  34.510058     8.1274    4.69248     27.825    33.0428    25.7187 0.0000e+00
 242.651476     28.588  34.518456     8.1140    4.67490     28.347    33.0642    25.7374 0.0000e+00
 242.651481     29.130  34.524954     8.1041    4.64184     28.885    33.0802    25.7514 0.0000e+00
 242.651487     29.683  34.530925     8.0950    4.60359     29.433    33.0949    25.7643 0.0000e+00
 242.651493     30.240  34.539282     8.0832    4.55281     29.985    33.1146    25.7816 0.0000e+00
 242.651499     30.798  34.550516     8.0648    4.45887     30.539    33.1437    25.8071 0.0000e+00
 242.651505     31.354  34.560544     8.0380    4.30511     31.090    33.1796    25.8392 0.0000e+00
 242.651510     31.900  34.565920     8.0058    4.13331     31.631    33.2156    25.8722 0.0000e+00
 242.651516     32.437  34.568761     7.9739    3.94775     32.164    33.2487    25.9028 0.0000e+00
 242.651522     32.969  34.573411     7.9450    3.80010     32.691    33.2809    25.9324 0.0000e+00
 242.651528     33.488  34.580457     7.9191    3.68816     33.206    33.3129    25.9612 0.0000e+00
 242.651534     33.979  34.588638     7.9002    3.60681     33.693    33.3394    25.9848 0.0000e+00
 242.651539     34.440  34.595961     7.8913    3.55034     34.150    33.3556    25.9988 0.0000e+00
 242.651545     34.878  34.600977     7.8883    3.48213     34.584    33.3636    26.0056 0.0000e+00
 242.651551     35.309  34.605325     7.8842    3.41867     35.011    33.3720    26.0127 0.0000e+00
 242.651557     35.751  34.613118     7.8771    3.36721     35.450    33.3869    26.0255 0.0000e+00
 242.651563     36.219  34.625779     7.8704    3.32251     35.914    33.4066    26.0420 0.0000e+00
 242.651568     36.718  34.638328     7.8670    3.30758     36.408    33.4231    26.0554 0.0000e+00
 242.651574     37.238  34.646758     7.8662    3.31631     36.924    33.4327    26.0631 0.0000e+00
 242.651580     37.763  34.652213     7.8666    3.31260     37.444    33.4379    26.0671 0.0000e+00
 242.651586     38.289  34.656360     7.8675    3.32607     37.966    33.4412    26.0696 0.0000e+00
 242.651591     38.815  34.659683     7.8686    3.33415     38.487    33.4435    26.0712 0.0000e+00
 242.651597     39.340  34.662687     7.8694    3.33327     39.008    33.4457    26.0728 0.0000e+00
 242.651603     39.860  34.665451     7.8690    3.34335     39.524    33.4488    26.0753 0.0000e+00
 242.651609     40.364  34.667176     7.8676    3.35561     40.023    33.4517    26.0779 0.0000e+00
 242.651615     40.847  34.667358     7.8663    3.36060     40.502    33.4529    26.0790 0.0000e+00
 242.651620     41.305  34.666797     7.8657    3.36100     40.956    33.4527    26.0789 0.0000e+00
 242.651626     41.738  34.666425     7.8654    3.35765     41.385    33.4524    26.0787 0.0000e+00
 242.651632     42.146  34.666306     7.8651    3.35242     41.790    33.4524    26.0787 0.0000e+00
 242.651638     42.526  34.666281     7.8646    3.36417     42.167    33.4526    26.0790 0.0000e+00
 242.651644     42.872  34.666315     7.8644    3.36930     42.510    33.4527    26.0791 0.0000e+00
 242.651649     43.186  34.666451     7.8649    3.36278     42.821    33.4522    26.0787 0.0000e+00
 242.651655     43.466  34.666871     7.8655    3.35165     43.099    33.4519    26.0784 0.0000e+00
 242.651661     43.707  34.667011     7.8652    3.34996     43.338    33.4523    26.0787 0.0000e+00
 242.651667     43.909  34.665939     7.8644    3.34953     43.538    33.4518    26.0784 0.0000e+00
 242.651672     44.063  34.664468     7.8639    3.35883     43.691    33.4506    26.0776 -9.990e-29
 242.651678     44.149  34.663999     7.8643    3.35769     43.776    33.4497    26.0768 -9.990e-29
 242.651684     44.146  34.664466     7.8652    3.35110     43.773    33.4493    26.0764 -9.990e-29
 242.651690     44.055  34.664810     7.8658    3.35329     43.683    33.4492    26.0762 -9.990e-29
 242.651696     43.891  34.664369     7.8662    3.34739     43.520    33.4484    26.0755 0.0000e+00
 242.651701     43.673  34.663676     7.8665    3.35012     43.304    33.4475    26.0747 0.0000e+00
 242.651707     43.418  34.663495     7.8667    3.35371     43.051    33.4472    26.0745 0.0000e+00
 242.651713     43.131  34.663587     7.8672    3.34955     42.767    33.4470    26.0742 0.0000e+00
 242.651719     42.805  34.663514     7.8677    3.35083     42.443    33.4466    26.0738 0.0000e+00
 242.651725     42.434  34.663182     7.8676    3.34298     42.076    33.4465    26.0738 0.0000e+00
 242.651730     42.020  34.662151     7.8670    3.34991     41.665    33.4461    26.0736 0.0000e+00
 242.651736     41.573  34.660731     7.8666    3.34877     41.222    33.4452    26.0729 0.0000e+00
 242.651742     41.109  34.659835     7.8667    3.34969     40.762    33.4444    26.0722 0.0000e+00
 242.651748     40.633  34.659393     7.8673    3.34478     40.290    33.4435    26.0715 0.0000e+00
 242.651753     40.139  34.658820     7.8682    3.34231     39.800    33.4423    26.0704 0.0000e+00
 242.651759     39.631  34.657354     7.8687    3.33279     39.296    33.4405    26.0689 0.0000e+00
 242.651765     39.123  34.654726     7.8689    3.33919     38.793    33.4377    26.0667 0.0000e+00
 242.651771     38.625  34.651920     7.8688    3.34475     38.299    33.4351    26.0646 0.0000e+00
 242.651777     38.136  34.649684     7.8681    3.35338     37.814    33.4336    26.0635 0.0000e+00
 242.651782     37.650  34.647843     7.8677    3.34508     37.332    33.4322    26.0625 0.0000e+00
 242.651788     37.162  34.646186     7.8674    3.34605     36.849    33.4309    26.0615 0.0000e+00
 242.651794     36.671  34.643066     7.8664    3.37154     36.362    33.4288    26.0600 0.0000e+00
 242.651800     36.179  34.637129     7.8654    3.39520     35.874    33.4236    26.0560 0.0000e+00
 242.651806     35.690  34.630553     7.8654    3.45232     35.389    33.4168    26.0507 0.0000e+00
 242.651811     35.207  34.624102     7.8674    3.53155     34.910    33.4082    26.0436 0.0000e+00
 242.651817     34.724  34.615904     7.8725    3.64550     34.431    33.3948    26.0323 0.0000e+00
 242.651823     34.229  34.604000     7.8816    3.76650     33.941    33.3735    26.0143 0.0000e+00
 242.651829     33.718  34.588774     7.8929    3.90895     33.434    33.3467    25.9916 0.0000e+00
 242.651834     33.200  34.576835     7.9049    4.10141     32.920    33.3227    25.9710 0.0000e+00
 242.651840     32.665  34.571326     7.9245    4.29996     32.390    33.2983    25.9490 0.0000e+00
 242.651846     32.101  34.564347     7.9589    4.49188     31.831    33.2584    25.9126 0.0000e+00
 242.651852     31.512  34.552202     8.0006    4.62754     31.247    33.2061    25.8655 0.0000e+00
 242.651858     30.914  34.541123     8.0346    4.71042     30.654    33.1623    25.8261 0.0000e+00
 242.651863     30.326  34.533164     8.0541    4.76231     30.071    33.1356    25.8023 0.0000e+00
 242.651869     29.756  34.527256     8.0620    4.78075     29.506    33.1221    25.7906 0.0000e+00
 242.651875     29.204  34.523938     8.0665    4.79444     28.958    33.1146    25.7840 0.0000e+00
 242.651881     28.658  34.519914     8.0761    4.82601     28.417    33.1015    25.7723 0.0000e+00
 242.651887     28.112  34.510943     8.0927    4.87332     27.875    33.0765    25.7502 0.0000e+00
 242.651892     27.558  34.497958     8.1114    4.92943     27.326    33.0453    25.7230 0.0000e+00
 242.651898     27.006  34.485511     8.1282    5.00724     26.779    33.0165    25.6979 0.0000e+00
 242.651904     26.463  34.475510     8.1433    5.08412     26.240    32.9919    25.6764 0.0000e+00
 242.651910     25.919  34.466958     8.1606    5.19149     25.701    32.9668    25.6541 0.0000e+00
 242.651916     25.366  34.457986     8.1872    5.30701     25.153    32.9325    25.6233 0.0000e+00
 242.651921     24.807  34.445602     8.2232    5.39294     24.598    32.8859    25.5814 0.0000e+00
 242.651927     24.249  34.433481     8.2610    5.45627     24.045    32.8379    25.5382 0.0000e+00
 242.651933     23.700  34.427889     8.2975    5.51654     23.501    32.7982    25.5016 0.0000e+00
 242.651939     23.162  34.426983     8.3332    5.58652     22.967    32.7642    25.4696 0.0000e+00
 242.651944     22.636  34.428447     8.3628    5.65027     22.446    32.7384    25.4450 0.0000e+00
 242.651950     22.123  34.431999     8.3825    5.68868     21.937    32.7241    25.4308 0.0000e+00
 242.651956     21.619  34.436779     8.4005    5.65083     21.437    32.7126    25.4192 0.0000e+00
 242.651962     21.115  34.445244     8.4356    5.54425     20.938    32.6892    25.3955 0.0000e+00
 242.651968     20.595  34.465323     8.5112    5.37923     20.422    32.6405    25.3460 0.0000e+00
 242.651973     20.052  34.511458     8.6264    5.23059     19.884    32.5828    25.2834 0.0000e+00
 242.651979     19.489  34.586874     8.7426    5.16308     19.325    32.5550    25.2440 0.0000e+00
 242.651985     18.918  34.666024     8.8225    5.14932     18.759    32.5645    25.2392 0.0000e+00
 242.651991     18.354  34.717699     8.8670    5.17852     18.200    32.5777    25.2427 0.0000e+00
 242.651997     17.799  34.743003     8.9058    5.17260     17.650    32.5687    25.2296 0.0000e+00
 242.652002     17.240  34.770084     8.9805    5.13329     17.095    32.5287    25.1867 0.0000e+00
 242.652008     16.662  34.826086     9.1274    5.15032     16.522    32.4529    25.1045 0.0000e+00
 242.652014     16.066  34.930751     9.3493    5.24852     15.931    32.3597    24.9967 0.0000e+00
 242.652020     15.475  35.088551     9.6328    5.48468     15.345    32.2661    24.8781 0.0000e+00
 242.652025     14.916  35.304187     9.9400    5.77397     14.791    32.2107    24.7848 0.0000e+00
 242.652031     14.394  35.558014    10.2219    6.01005     14.273    32.2163    24.7424 0.0000e+00
 242.652037     13.895  35.789374    10.4806    6.12920     13.779    32.2194    24.7010 0.0000e+00
 242.652043     13.395  35.980056    10.7496    6.12153     13.283    32.1724    24.6183 0.0000e+00
 242.652049     12.871  36.160844    11.0604    6.05977     12.763    32.0792    24.4915 0.0000e+00
 242.652054     12.310  36.368747    11.3843    5.95269     12.207    32.0019    24.3740 0.0000e+00
 242.652060     11.725  36.587577    11.6255    5.83049     11.627    32.0071    24.3345 0.0000e+00
 242.652066     11.133  36.740689    11.7507    5.80814     11.040    32.0480    24.3434 0.0000e+00
 242.652072     10.543  36.808012    11.8091    5.82832     10.455    32.0631    24.3445 0.0000e+00
 242.652078      9.962  36.835621    11.8544    5.98342      9.879    32.0511    24.3268 0.0000e+00
 242.652083      9.390  36.864834    11.9116    6.17257      9.311    32.0303    24.3001 0.0000e+00
 242.652089      8.825  36.907690    11.9829    6.30749      8.751    32.0107    24.2717 0.0000e+00
 242.652095      8.266  36.959095    12.0864    6.43383      8.197    31.9717    24.2222 0.0000e+00
 242.652101      7.710  37.032649    12.2669    6.49925      7.646    31.8884    24.1239 0.0000e+00
 242.652106      7.158  37.156343    12.5593    6.58860      7.098    31.7588    23.9682 0.0000e+00
 242.652112      6.612  37.369507    12.8885    6.66370      6.557    31.6841    23.8472 0.0000e+00
 242.652118      6.084  37.629453    13.1048    6.66808      6.033    31.7479    23.8544 0.0000e+00
 242.652124      5.588  37.788779    13.1842    6.61756      5.541    31.8310    23.9032 0.0000e+00
 242.652130      5.121  37.825023    13.2106    6.52064      5.078    31.8431    23.9073 0.0000e+00
 242.652135      4.669  37.824688    13.2620    6.40716      4.630    31.7999    23.8638 0.0000e+00
 242.652141      4.222  37.852385    13.3564    6.18641      4.187    31.7472    23.8043 0.0000e+00
 242.652147      3.790  37.927094    13.4375    6.00707      3.758    31.7495    23.7900 0.0000e+00
 242.652153      3.386  37.992526    13.4723    5.84386      3.358    31.7816    23.8079 0.0000e+00
 242.652159      3.017  38.016493    13.4754    5.74675      2.992    31.8015    23.8226 0.0000e+00
 242.652164      2.690  38.013584    13.4629    5.76082      2.668    31.8093    23.8311 0.0000e+00
 242.652170      2.409  37.991706    13.4425    5.79586      2.389    31.8061    23.8327 0.0000e+00
 242.652176      2.178  37.955900    13.4096    6.89741      2.160    31.8002    23.8347 0.0000e+00
 242.652182      1.995  37.916749    13.3606    7.04652      1.978    31.8046    23.8478 0.0000e+00
 242.652188      1.857  37.887666    13.3092    7.15196      1.841    31.8205    23.8702 -9.990e-29
 242.652193      1.756  37.865203    13.2693    7.24739      1.741    31.8329    23.8877 -9.990e-29
 242.652199      1.680  37.831175    13.2332    7.30233      1.666    31.8313    23.8936 -9.990e-29
 242.652205      1.624  37.762634    13.1855    7.26966      1.610    31.8070    23.8842 -9.990e-29
 242.652211      1.582  37.624829    13.1259 -9.990e-29      1.569    31.7276    23.8345 -9.990e-29
 242.652216      1.546  37.314212    13.0660 -9.990e-29      1.533    31.4861    23.6594 -9.990e-29
 242.652222      1.513  36.485037    13.0130 -9.990e-29      1.500    30.7522    23.1020 -9.990e-29
 242.652228      1.482  34.087808    12.9675 -9.990e-29      1.470    28.5527    21.4103 -9.990e-29
 242.652234      1.450  26.986214    12.9312 -9.990e-29      1.438    22.0860    16.4254 -9.990e-29
 242.652240      1.421  16.056388    12.9076 -9.990e-29      1.409    12.5350     9.0711 -9.990e-29
