data/oxygen options/ONMS/Olympic_Coast_National_Marine_Sanctuary_Hypoxia_Survey_CTD_Data_2004_2015/raw_data/2005/CTD_CA40_060705faedb.cnv
* Sea-Bird SBE19 Data File:
* FileName = C:\hypoxia CTD data\CA40_060705.hex
* Software Version 1.1.5
* Temperature SN = 2997
* Conductivity SN = 2997
* System UpLoad Time = Jun 07 2005 15:41:56
* SEACAT PROFILER V3.1c SN 2997   06/07/05  15:40:51.488
* strain gauge pressure sensor: S/N = 184829,  range = 3000 psia,  tc = 40
# nquan = 9
# nvalues = 36                          
# units = specified
# name 0 = timeJ: Julian Days
# name 1 = prSM: Pressure, Strain Gauge [db]
# name 2 = c0mS/cm: Conductivity [mS/cm]
# name 3 = t090C: Temperature [ITS-90, deg C]
# name 4 = oxML/L: Oxygen, Beckman/YSI [ml/l]
# name 5 = depSM: Depth [salt water, m], lat = 47.5
# name 6 = sal00: Salinity, Practical [PSU]
# name 7 = sigma-é00: Density [sigma-theta, kg/m^3]
# name 8 = flag: flag
# span 0 = 158.621601, 158.622070       
# span 1 =      3.000,     38.000       
# span 2 =  35.518252,  37.406994       
# span 3 =     9.7731,    14.0564       
# span 4 =    4.07822,    7.13007       
# span 5 =      2.975,     37.679       
# span 6 =    30.7652,    32.5688       
# span 7 =    22.9055,    25.0916       
# span 8 = 0.0000e+00, 0.0000e+00       
# interval = decibars: 1                
# start_time = Jun 07 2005 14:51:52 [Instrument's time stamp, header]
# bad_flag = -9.990e-29
*END*
 158.621601      3.000  37.406994    14.0564    7.13007      2.975    30.7652    22.9055 0.0000e+00
 158.621620      4.000  37.374417    13.9715    7.09076      3.966    30.8029    22.9519 0.0000e+00
 158.621635      5.000  37.289431    13.7961    7.09869      4.958    30.8652    23.0354 0.0000e+00
 158.621648      6.000  37.175854    13.6358    7.08010      5.950    30.8892    23.0860 0.0000e+00
 158.621660      7.000  37.110590    13.5694    7.09562      6.941    30.8821    23.0937 0.0000e+00
 158.621674      8.000  37.097412    13.5647    7.01233      7.933    30.8733    23.0878 0.0000e+00
 158.621688      9.000  37.094293    13.5151    6.66717      8.925    30.9101    23.1262 0.0000e+00
 158.621699     10.000  37.080846    13.3864    6.12648      9.916    31.0016    23.2223 0.0000e+00
 158.621710     11.000  37.013049    13.0898    5.73543     10.908    31.1804    23.4185 0.0000e+00
 158.621722     12.000  36.846321    12.6268    5.58943     11.899    31.4063    23.6823 0.0000e+00
 158.621732     13.000  36.617437    12.1812    5.55852     12.891    31.5614    23.8863 0.0000e+00
 158.621743     14.000  36.427938    11.9168    5.54398     13.882    31.6023    23.9670 0.0000e+00
 158.621753     15.000  36.317482    11.7736    5.50319     14.874    31.6168    24.0046 0.0000e+00
 158.621764     16.000  36.261001    11.6308    5.32888     15.866    31.6833    24.0821 0.0000e+00
 158.621775     17.000  36.182718    11.4311    5.09975     16.858    31.7778    24.1916 0.0000e+00
 158.621786     18.000  36.109315    11.2402    4.88465     17.849    31.8702    24.2974 0.0000e+00
 158.621798     19.000  36.001757    10.9460    4.66708     18.841    32.0195    24.4652 0.0000e+00
 158.621809     20.000  35.860893    10.6493    4.49568     19.832    32.1393    24.6099 0.0000e+00
 158.621819     21.000  35.762250    10.4283    4.37957     20.824    32.2355    24.7226 0.0000e+00
 158.621830     22.000  35.704440    10.2786    4.34447     21.815    32.3100    24.8060 0.0000e+00
 158.621841     23.000  35.678111    10.2112    4.35612     22.807    32.3431    24.8431 0.0000e+00
 158.621853     24.000  35.668738    10.1919    4.37723     23.798    32.3505    24.8521 0.0000e+00
 158.621865     25.000  35.668148    10.1795    4.37719     24.790    32.3606    24.8621 0.0000e+00
 158.621877     26.000  35.655808    10.1474    4.38043     25.781    32.3763    24.8798 0.0000e+00
 158.621889     27.000  35.644011    10.1181    4.36137     26.773    32.3901    24.8956 0.0000e+00
 158.621900     28.000  35.637142    10.0990    4.32654     27.764    32.3999    24.9062 0.0000e+00
 158.621911     29.000  35.635909    10.0816    4.31034     28.756    32.4138    24.9201 0.0000e+00
 158.621923     30.000  35.633854    10.0491    4.28627     29.748    32.4404    24.9462 0.0000e+00
 158.621938     31.000  35.622440    10.0215    4.24330     30.739    32.4531    24.9608 0.0000e+00
 158.621956     32.000  35.607989     9.9597    4.17036     31.730    32.4936    25.0027 0.0000e+00
 158.621974     33.000  35.569307     9.8632    4.11298     32.722    32.5409    25.0555 0.0000e+00
 158.621989     34.000  35.545766     9.8203    4.08188     33.714    32.5552    25.0738 0.0000e+00
 158.622004     35.000  35.538596     9.8046    4.09587     34.705    32.5617    25.0813 0.0000e+00
 158.622018     36.000  35.529826     9.7916    4.08631     35.697    32.5641    25.0853 0.0000e+00
 158.622035     37.000  35.524106     9.7795    4.08077     36.688    32.5688    25.0910 0.0000e+00
 158.622070     38.000  35.518252     9.7731    4.07822     37.679    32.5681    25.0916 0.0000e+00
