data/oxygen options/ONMS/Olympic_Coast_National_Marine_Sanctuary_Hypoxia_Survey_CTD_Data_2004_2015/raw_data/2005/CTD_CA40_070705faed.cnv
* Sea-Bird SBE19 Data File:
* FileName = C:\Hypoxia Data\CA40_070705.hex
* Software Version 1.1.6
* Temperature SN = 2997
* Conductivity SN = 2997
* System UpLoad Time = Jul 07 2005 14:56:20
* SEACAT PROFILER V3.1c SN 2997   07/07/05  14:55:01.344
* strain gauge pressure sensor: S/N = 184829,  range = 3000 psia,  tc = 40
# nquan = 9                                 
# nvalues = 553                         
# units = specified
# name 0 = timeJ: Julian Days
# name 1 = prSM: Pressure, Strain Gauge [db]
# name 2 = c0mS/cm: Conductivity [mS/cm]
# name 3 = t090C: Temperature [ITS-90, deg C]
# name 4 = oxML/L: Oxygen, Beckman/YSI [ml/l]
# name 5 = depSM: Depth [salt water, m], lat = 47.5
# name 6 = sal00: Salinity, Practical [PSU]
# name 7 = sigma-é00: Density [sigma-theta, kg/m^3]
# name 8 = flag: flag
# span 0 = 188.590833, 188.594028       
# span 1 =     -2.845,     42.004       
# span 2 =   3.134904,  38.474109       
# span 3 =     8.8339,    14.6842       
# span 4 =   -0.10015,   25.60179       
# span 5 =     -2.821,     41.649       
# span 6 =     2.1664,    32.9992       
# span 7 =     1.0541,    25.5764       
# span 8 = 0.0000e+00, 0.0000e+00       
# interval = seconds: 0.5
# start_time = Jul 07 2005 14:10:48 [Instrument's time stamp, header]
# bad_flag = -9.990e-29
*END*
[from data line 161]
 188.591765      1.347  38.169222    13.7371    8.05701      1.336    31.7265    23.7122 -9.990e-29
 188.591771      1.353  38.151410    13.7200    8.01251      1.342    31.7242    23.7138 -9.990e-29
 188.591777      1.351  38.139892    13.7264    7.96393      1.340    31.7083    23.7002 -9.990e-29
 188.591782      1.344  38.149594    13.7489    7.96405      1.333    31.6986    23.6882 -9.990e-29
 188.591788      1.345  38.170458    13.7667    7.99135      1.334    31.7032    23.6881 -9.990e-29
 188.591794      1.363  38.186004    13.7677    7.99699      1.352    31.7167    23.6984 -9.990e-29
 188.591800      1.389  38.185004    13.7604    8.00540      1.377    31.7218    23.7038 -9.990e-29
 188.591806      1.414  38.176231    13.7604    8.00428      1.402    31.7137    23.6975 -9.990e-29
 188.591811      1.434  38.175471    13.7718    8.02150      1.422    31.7036    23.6874 -9.990e-29
 188.591817      1.455  38.185641    13.7907    8.02544      1.443    31.6974    23.6788 -9.990e-29
 188.591823      1.482  38.203479    13.8149    8.02929      1.470    31.6938    23.6712 -9.990e-29
 188.591829      1.513  38.227539    13.8392    8.01033      1.500    31.6960    23.6679 -9.990e-29
 188.591834      1.542  38.250649    13.8581    7.99069      1.529    31.7017    23.6685 -9.990e-29
 188.591840      1.561  38.266054    13.8739    7.98418      1.548    31.7028    23.6661 -9.990e-29
 188.591846      1.572  38.276916    13.8890    7.97284      1.559    31.7004    23.6612 -9.990e-29
 188.591852      1.580  38.287071    13.9002    7.98604      1.567    31.7005    23.6590 -9.990e-29
 188.591858      1.580  38.294923    13.9049    8.00828      1.567    31.7038    23.6606 -9.990e-29
 188.591863      1.574  38.298049    13.9044    8.03250      1.561    31.7071    23.6633 -9.990e-29
 188.591869      1.570  38.296141    13.9020    8.06044      1.557    31.7074    23.6639 -9.990e-29
 188.591875      1.570  38.291707    13.9079    8.07453      1.557    31.6984    23.6558 -9.990e-29
 188.591881      1.576  38.294547    13.9300    8.08037      1.563    31.6828    23.6393 -9.990e-29
 188.591887      1.587  38.312377    13.9611    8.07013      1.574    31.6736    23.6258 -9.990e-29
 188.591892      1.604  38.337006    13.9959    8.04904      1.591    31.6676    23.6141 -9.990e-29
 188.591898      1.625  38.359780    14.0331    8.02111      1.611    31.6579    23.5990 -9.990e-29
 188.591904      1.646  38.383031    14.0607    8.01332      1.632    31.6566    23.5924 -9.990e-29
 188.591910      1.668  38.404117    14.0706    8.03002      1.654    31.6678    23.5990 -9.990e-29
 188.591916      1.689  38.414712    14.0692    8.02498      1.675    31.6787    23.6077 -9.990e-29
 188.591921      1.702  38.416052    14.0651    8.01283      1.688    31.6832    23.6120 -9.990e-29
 188.591927      1.702  38.416661    14.0607    7.99750      1.688    31.6874    23.6162 -9.990e-29
 188.591933      1.699  38.415111    14.0573    7.98242      1.685    31.6888    23.6179 -9.990e-29
 188.591939      1.705  38.408779    14.0580    8.00744      1.691    31.6824    23.6129 -9.990e-29
 188.591944      1.721  38.405493    14.0622    8.02947      1.707    31.6759    23.6070 -9.990e-29
 188.591950      1.739  38.407609    14.0667    8.03454      1.724    31.6742    23.6047 -9.990e-29
 188.591956      1.751  38.411223    14.0690    8.03646      1.736    31.6756    23.6053 -9.990e-29
 188.591962      1.754  38.412745    14.0709    8.03437      1.739    31.6754    23.6048 -9.990e-29
 188.591968      1.753  38.413650    14.0778    8.02602      1.738    31.6706    23.5997 -9.990e-29
 188.591973      1.756  38.419077    14.0956    8.02876      1.741    31.6609    23.5886 -9.990e-29
 188.591979      1.768  38.432903    14.1221    8.01929      1.753    31.6518    23.5761 -9.990e-29
 188.591985      1.781  38.452818    14.1456    8.00517      1.766    31.6508    23.5705 -9.990e-29
 188.591991      1.786  38.468926    14.1568    8.00058      1.771    31.6564    23.5725 -9.990e-29
 188.591997      1.789  38.474109    14.1534    7.99391      1.774    31.6639    23.5790 -9.990e-29
 188.592002      1.794  38.469680    14.1451    7.98992      1.779    31.6667    23.5828 -9.990e-29
 188.592008      1.802  38.464887    14.1427    7.97793      1.787    31.6642    23.5815 -9.990e-29
 188.592014      1.812  38.464560    14.1434    7.97090      1.797    31.6634    23.5806 -9.990e-29
 188.592020      1.822  38.465461    14.1427    7.97520      1.807    31.6648    23.5819 -9.990e-29
 188.592025      1.828  38.465432    14.1413    7.98436      1.813    31.6659    23.5830 -9.990e-29
 188.592031      1.834  38.464439    14.1370    7.99792      1.819    31.6685    23.5859 -9.990e-29
 188.592037      1.840  38.461166    14.1248    8.01034      1.825    31.6755    23.5938 -9.990e-29
 188.592043      1.839  38.452937    14.1074    8.02159      1.824    31.6823    23.6026 -9.990e-29
 188.592049      1.831  38.442244    14.0992    8.00285      1.816    31.6792    23.6019 -9.990e-29
 188.592054      1.823  38.438393    14.1095    7.96435      1.808    31.6672    23.5906 -9.990e-29
 188.592060      1.819  38.445784    14.1273    7.93818      1.804    31.6594    23.5809 -9.990e-29
 188.592066      1.819  38.456326    14.1347    7.93713      1.804    31.6630    23.5821 -9.990e-29
 188.592072      1.827  38.459406    14.1255    7.95885      1.812    31.6733    23.5920 -9.990e-29
 188.592078      1.849  38.451852    14.1024    7.96308      1.834    31.6854    23.6060 -9.990e-29
 188.592083      1.876  38.435939    14.0773    7.96954      1.860    31.6914    23.6158 -9.990e-29
 188.592089      1.894  38.419619    14.0649    7.96386      1.878    31.6866    23.6147 -9.990e-29
 188.592095      1.899  38.411977    14.0668    7.95928      1.883    31.6780    23.6077 -9.990e-29
 188.592101      1.901  38.414043    14.0761    7.96071      1.885    31.6723    23.6013 -9.990e-29
 188.592106      1.903  38.421844    14.0865    7.95884      1.887    31.6709    23.5981 -9.990e-29
 188.592112      1.910  38.430084    14.0903    7.94283      1.894    31.6753    23.6008 -9.990e-29
 188.592118      1.923  38.432372    14.0814    7.93516      1.907    31.6847    23.6099 -9.990e-29
 188.592124      1.937  38.424474    14.0714    7.95287      1.921    31.6857    23.6127 -9.990e-29
 188.592130      1.960  38.416619    14.0755    7.97479      1.944    31.6751    23.6037 -9.990e-29
 188.592135      1.990  38.421893    14.0790    8.01382      1.973    31.6771    23.6044 -9.990e-29
 188.592141      2.019  38.427140    14.0684    8.01277      2.002    31.6906    23.6170 -9.990e-29
 188.592147      2.034  38.418609    14.0613    7.97919      2.017    31.6886    23.6170 -9.990e-29
 188.592153      2.037  38.412416    14.0736    7.93708      2.020    31.6728    23.6022 -9.990e-29
 188.592159      2.037  38.421621    14.1004    7.92520      2.020    31.6592    23.5863 -9.990e-29
 188.592164      2.042  38.439429    14.1236    7.94268      2.025    31.6565    23.5794 -9.990e-29
 188.592170      2.056  38.455378    14.1158    7.97005      2.039    31.6775    23.5972 -9.990e-29
 188.592176      2.073  38.448121    14.0742    7.99629      2.056    31.7051    23.6270 -9.990e-29
 188.592182      2.083  38.413602    14.0374    7.99551      2.066    31.7036    23.6335 -9.990e-29
 188.592187      2.094  38.386566    14.0275    7.96421      2.077    31.6870    23.6226 -9.990e-29
 188.592193      2.108  38.383684    14.0304    7.89616      2.090    31.6819    23.6181 -9.990e-29
 188.592199      2.124  38.385964    14.0362    7.82129      2.106    31.6792    23.6149 -9.990e-29
 188.592205      2.137  38.384114    14.0450    7.80302      2.119    31.6703    23.6062 -9.990e-29
 188.592211      2.150  38.388013    14.0420    7.84402      2.132    31.6763    23.6114 -9.990e-29
 188.592216      2.161  38.389966    13.9975    7.89432      2.143    31.7148    23.6502 -9.990e-29
 188.592222      2.177  38.358934    13.9107    7.91936      2.159    31.7578    23.7011 -9.990e-29
 188.592228      2.198  38.292251    13.8348    7.93112      2.180    31.7591    23.7175 -9.990e-29
 188.592234      2.217  38.236733    13.8156    7.91153      2.198    31.7237    23.6941 -9.990e-29
 188.592240      2.231  38.228830    13.8426    7.89777      2.212    31.6941    23.6658 -9.990e-29
 188.592245      2.242  38.250703    13.8836    7.89421      2.223    31.6804    23.6469 -9.990e-29
 188.592251      2.249  38.272255    13.9110    7.89758      2.230    31.6777    23.6392 -9.990e-29
 188.592257      2.253  38.285778    13.9081    7.89203      2.234    31.6925    23.6513 -9.990e-29
 188.592263      2.254  38.287631    13.8809    7.87709      2.235    31.7167    23.6754 -9.990e-29
 188.592269      2.254  38.271877    13.8580    7.86453      2.235    31.7211    23.6835 -9.990e-29
 188.592274      2.250  38.257518    13.8577    7.86656      2.231    31.7081    23.6735 -9.990e-29
 188.592280      2.244  38.263539    13.8602    7.89071      2.225    31.7116    23.6757 -9.990e-29
 188.592286      2.239  38.269362    13.8428    7.90705      2.220    31.7313    23.6945 -9.990e-29
 188.592292      2.239  38.254148    13.8111    7.90506      2.220    31.7435    23.7103 -9.990e-29
 188.592297      2.239  38.225662    13.7897    7.88475      2.220    31.7349    23.7080 -9.990e-29
 188.592303      2.236  38.207051    13.7941    7.88302      2.217    31.7140    23.6910 -9.990e-29
 188.592309      2.234  38.210511    13.8133    7.87284      2.215    31.7014    23.6773 -9.990e-29
 188.592315      2.241  38.228873    13.8269    7.87155      2.222    31.7071    23.6790 -9.990e-29
 188.592321      2.257  38.243437    13.8253    7.86488      2.238    31.7218    23.6907 -9.990e-29
 188.592326      2.275  38.241100    13.8159    7.86518      2.256    31.7274    23.6969 -9.990e-29
 188.592332      2.292  38.232209    13.8106    7.89097      2.273    31.7236    23.6950 -9.990e-29
 188.592338      2.304  38.230148    13.8107    7.92602      2.285    31.7216    23.6935 -9.990e-29
 188.592344      2.305  38.232164    13.8134    7.93841      2.286    31.7212    23.6927 -9.990e-29
 188.592350      2.293  38.234216    13.8189    7.93215      2.274    31.7186    23.6895 -9.990e-29
 188.592355      2.277  38.238480    13.8312    7.90555      2.258    31.7124    23.6822 -9.990e-29
 188.592361      2.264  38.247841    13.8535    7.88949      2.245    31.7026    23.6701 -9.990e-29
 188.592367      2.262  38.264684    13.8763    7.89376      2.243    31.6993    23.6630 -9.990e-29
 188.592373      2.271  38.281186    13.8833    7.89180      2.252    31.7087    23.6688 -9.990e-29
 188.592378      2.287  38.283457    13.8743    7.90174      2.268    31.7183    23.6780 -9.990e-29
 188.592384      2.307  38.273972    13.8620    7.90336      2.288    31.7197    23.6816 -9.990e-29
 188.592390      2.323  38.266448    13.8552    7.91756      2.304    31.7183    23.6819 -9.990e-29
 188.592396      2.333  38.263748    13.8578    7.92022      2.314    31.7137    23.6778 -9.990e-29
 188.592402      2.336  38.265637    13.8686    7.89946      2.316    31.7065    23.6701 -9.990e-29
 188.592407      2.338  38.271267    13.8835    7.89513      2.318    31.6994    23.6616 -9.990e-29
 188.592413      2.343  38.278049    13.8961    7.89499      2.323    31.6953    23.6558 -9.990e-29
 188.592419      2.351  38.284374    13.8980    7.90789      2.331    31.6995    23.6587 -9.990e-29
 188.592425      2.362  38.286341    13.8887    7.92255      2.342    31.7090    23.6679 -9.990e-29
 188.592431      2.374  38.283213    13.8776    7.90260      2.354    31.7153    23.6750 -9.990e-29
 188.592436      2.382  38.278673    13.8763    7.87428      2.362    31.7122    23.6729 -9.990e-29
 188.592442      2.387  38.279003    13.8866    7.86829      2.367    31.7040    23.6645 -9.990e-29
 188.592448      2.390  38.287446    13.8966    7.88401      2.370    31.7035    23.6621 -9.990e-29
 188.592454      2.395  38.296190    13.8906    7.88205      2.375    31.7165    23.6733 -9.990e-29
 188.592459      2.401  38.292219    13.8692    7.88111      2.381    31.7305    23.6885 -9.990e-29
 188.592465      2.402  38.274732    13.8529    7.88963      2.382    31.7278    23.6898 -9.990e-29
 188.592471      2.393  38.260232    13.8548    7.90905      2.373    31.7129    23.6778 -9.990e-29
 188.592477      2.377  38.262472    13.8639    7.92610      2.357    31.7075    23.6718 -9.990e-29
 188.592483      2.362  38.274901    13.8650    7.92669      2.342    31.7180    23.6797 -9.990e-29
 188.592488      2.352  38.278758    13.8657    7.90709      2.332    31.7210    23.6819 -9.990e-29
 188.592494      2.345  38.275265    13.8805    7.90100      2.325    31.7056    23.6669 -9.990e-29
 188.592500      2.341  38.284443    13.8996    7.90353      2.321    31.6983    23.6574 -9.990e-29
 188.592506      2.341  38.302263    13.9048    7.89752      2.321    31.7104    23.6657 -9.990e-29
 188.592512      2.343  38.306501    13.8967    7.91503      2.323    31.7210    23.6756 -9.990e-29
 188.592517      2.348  38.294959    13.8891    7.89861      2.328    31.7166    23.6737 -9.990e-29
 188.592523      2.357  38.285903    13.8883    7.87531      2.337    31.7089    23.6680 -9.990e-29
 188.592529      2.370  38.287447    13.8918    7.88971      2.350    31.7075    23.6661 -9.990e-29
 188.592535      2.388  38.292115    13.8953    7.91005      2.368    31.7089    23.6665 -9.990e-29
 188.592541      2.411  38.292670    13.8920    7.94488      2.391    31.7121    23.6697 -9.990e-29
 188.592546      2.434  38.288171    13.8782    7.95717      2.414    31.7193    23.6780 -9.990e-29
 188.592552      2.440  38.277111    13.8731    7.91668      2.420    31.7133    23.6745 -9.990e-29
 188.592558      2.425  38.271663    13.8924    7.88469      2.405    31.6924    23.6544 -9.990e-29
 188.592564      2.401  38.287555    13.9147    7.89480      2.381    31.6887    23.6469 -9.990e-29
 188.592569      2.384  38.307835    13.9213    7.89934      2.364    31.7019    23.6558 -9.990e-29
 188.592575      2.386  38.315804    13.9087    7.91216      2.366    31.7196    23.6721 -9.990e-29
 188.592581      2.407  38.313122    13.8740    7.88534      2.387    31.7458    23.6994 -9.990e-29
 188.592587      2.434  38.290047    13.8411    7.82476      2.414    31.7517    23.7106 -9.990e-29
 188.592593      2.458  38.258434    13.8407    7.81831      2.437    31.7229    23.6884 -9.990e-29
 188.592598      2.476  38.256327    13.8536    7.83877      2.455    31.7103    23.6760 -9.990e-29
 188.592604      2.492  38.266890    13.8387    7.86723      2.471    31.7323    23.6961 -9.990e-29
 188.592610      2.512  38.248122    13.7873    7.89437      2.491    31.7575    23.7259 -9.990e-29
 188.592616      2.533  38.197442    13.7335    7.90100      2.512    31.7552    23.7350 -9.990e-29
 188.592622      2.548  38.147108    13.7223    7.92259      2.527    31.7179    23.7085 -9.990e-29
 188.592627      2.554  38.141045    13.7455    7.93976      2.533    31.6931    23.6846 -9.990e-29
 188.592633      2.555  38.169472    13.7610    7.93160      2.534    31.7065    23.6919 -9.990e-29
 188.592639      2.555  38.185044    13.7601    7.90965      2.534    31.7217    23.7038 -9.990e-29
 188.592645      2.555  38.179928    13.7573    7.83219      2.534    31.7193    23.7025 -9.990e-29
 188.592650      2.555  38.174791    13.7635    7.77459      2.534    31.7094    23.6936 -9.990e-29
 188.592656      2.555  38.184095    13.7780    7.79396      2.534    31.7060    23.6881 -9.990e-29
 188.592662      2.558  38.203979    13.7818    7.85472      2.537    31.7212    23.6991 -9.990e-29
 188.592668      2.569  38.212166    13.7522    7.91812      2.548    31.7533    23.7298 -9.990e-29
 188.592674      2.585  38.186485    13.6964    7.94943      2.563    31.7758    23.7584 -9.990e-29
 188.592679      2.598  38.131959    13.6575    7.93651      2.576    31.7575    23.7521 -9.990e-29
