data/oxygen options/ONMS/Olympic_Coast_National_Marine_Sanctuary_Hypoxia_Survey_CTD_Data_2004_2015/raw_data/2005/CTD_CA90_070705faed.cnv
* Sea-Bird SBE19 Data File:
* FileName = C:\Hypoxia Data\CA90_070705.hex
* Software Version 1.1.6
* Temperature SN = 2997
* Conductivity SN = 2997
* System UpLoad Time = Jul 07 2005 13:07:03
* SEACAT PROFILER V3.1c SN 2997   07/07/05  13:06:42.652
* strain gauge pressure sensor: S/N = 184829,  range = 3000 psia,  tc = 40
# nquan = 9                                 
# nvalues = 1434                        
# units = specified
# name 0 = timeJ: Julian Days
# name 1 = prSM: Pressure, Strain Gauge [db]
# name 2 = c0mS/cm: Conductivity [mS/cm]
# name 3 = t090C: Temperature [ITS-90, deg C]
# name 4 = oxML/L: Oxygen, Beckman/YSI [ml/l]
# name 5 = depSM: Depth [salt water, m], lat = 47.5
# name 6 = sal00: Salinity, Practical [PSU]
# name 7 = sigma-é00: Density [sigma-theta, kg/m^3]
# name 8 = flag: flag
# span 0 = 188.537245, 188.545538       
# span 1 =     -2.442,     90.585       
# span 2 =   3.873972,  37.764205       
# span 3 =     7.4947,    13.8975       
# span 4 =   -0.09998,   25.79779       
# span 5 =     -2.422,     89.809       
# span 6 =     2.9535,    33.8268       
# span 7 =     1.5834,    26.4230       
# span 8 = 0.0000e+00, 0.0000e+00       
# interval = seconds: 0.5
# start_time = Jul 07 2005 12:53:38 [Instrument's time stamp, header]
# bad_flag = -9.990e-29
*END*
[from data line 481]
 188.540029     12.656  35.235223     9.9219    4.59558     12.550    32.1579    24.7466 -9.990e-29
 188.540035     12.784  35.241661     9.9218    4.55063     12.677    32.1645    24.7517 0.0000e+00
 188.540041     12.961  35.243348     9.9056    4.48080     12.852    32.1806    24.7669 0.0000e+00
 188.540046     13.196  35.231312     9.8755    4.41489     13.085    32.1951    24.7832 0.0000e+00
 188.540052     13.493  35.203334     9.8309    4.35189     13.380    32.2064    24.7993 0.0000e+00
 188.540058     13.848  35.166402     9.7712    4.28712     13.732    32.2221    24.8213 0.0000e+00
 188.540064     14.251  35.126575     9.7086    4.23090     14.132    32.2374    24.8435 0.0000e+00
 188.540069     14.683  35.087900     9.6551    4.17932     14.560    32.2458    24.8586 0.0000e+00
 188.540075     15.135  35.055217     9.6113    4.14764     15.008    32.2515    24.8702 0.0000e+00
 188.540081     15.601  35.030340     9.5725    4.13853     15.470    32.2607    24.8837 0.0000e+00
 188.540087     16.077  35.011477     9.5378    4.11171     15.942    32.2724    24.8984 0.0000e+00
 188.540093     16.561  34.998131     9.5114    4.09011     16.422    32.2823    24.9104 0.0000e+00
 188.540098     17.057  34.992117     9.4940    4.07390     16.914    32.2916    24.9204 0.0000e+00
 188.540104     17.552  34.993810     9.4803    4.07569     17.405    32.3055    24.9334 0.0000e+00
 188.540110     18.030  35.000411     9.4642    4.06380     17.879    32.3265    24.9525 0.0000e+00
 188.540116     18.485  35.006137     9.4422    4.04785     18.330    32.3521    24.9760 0.0000e+00
 188.540122     18.910  35.005722     9.4194    4.02870     18.751    32.3721    24.9953 0.0000e+00
 188.540127     19.299  35.000846     9.4064    4.00128     19.137    32.3787    25.0025 0.0000e+00
 188.540133     19.646  34.997329     9.3966    3.99014     19.481    32.3838    25.0080 0.0000e+00
 188.540139     19.953  34.993272     9.3728    3.97341     19.786    32.4010    25.0253 0.0000e+00
 188.540145     20.220  34.982699     9.3432    3.95575     20.050    32.4168    25.0424 0.0000e+00
 188.540150     20.450  34.970569     9.3313    3.93510     20.278    32.4150    25.0429 0.0000e+00
 188.540156     20.642  34.966485     9.3331    3.91043     20.469    32.4091    25.0379 0.0000e+00
 188.540162     20.806  34.967794     9.3188    3.89614     20.631    32.4234    25.0514 0.0000e+00
 188.540168     20.951  34.962220     9.2820    3.89281     20.775    32.4510    25.0788 0.0000e+00
 188.540174     21.079  34.948495     9.2495    3.88738     20.902    32.4663    25.0959 -9.990e-29
 188.540179     21.180  34.938585     9.2368    3.89527     21.002    32.4676    25.0989 -9.990e-29
 188.540185     21.253  34.936079     9.2390    3.89084     21.075    32.4629    25.0949 -9.990e-29
 188.540191     21.305  34.937065     9.2462    3.89871     21.126    32.4574    25.0895 -9.990e-29
 188.540197     21.345  34.939488     9.2474    3.91518     21.166    32.4588    25.0904 -9.990e-29
 188.540203     21.371  34.939288     9.2469    3.92045     21.192    32.4590    25.0906 -9.990e-29
 188.540208     21.381  34.937880     9.2560    3.91524     21.201    32.4493    25.0816 -9.990e-29
 188.540214     21.379  34.940668     9.2648    3.89638     21.199    32.4442    25.0762 -9.990e-29
 188.540220     21.373  34.943516     9.2604    3.88160     21.194    32.4511    25.0823 -9.990e-29
 188.540226     21.372  34.941251     9.2462    3.89339     21.193    32.4617    25.0928 -9.990e-29
 188.540231     21.381  34.935897     9.2304    3.90297     21.201    32.4705    25.1022 -9.990e-29
 188.540237     21.398  34.930400     9.2209    3.90187     21.218    32.4735    25.1060 -9.990e-29
 188.540243     21.423  34.927516     9.2201    3.88595     21.243    32.4712    25.1044 -9.990e-29
 188.540249     21.442  34.927876     9.2240    3.88768     21.262    32.4680    25.1013 -9.990e-29
 188.540255     21.454  34.929148     9.2273    3.88837     21.274    32.4663    25.0994 -9.990e-29
 188.540260     21.467  34.929663     9.2265    3.89091     21.287    32.4676    25.1005 -9.990e-29
 188.540266     21.486  34.928982     9.2229    3.89160     21.306    32.4702    25.1031 -9.990e-29
 188.540272     21.509  34.927877     9.2205    3.87054     21.328    32.4712    25.1043 -9.990e-29
 188.540278     21.533  34.927110     9.2191    3.86489     21.352    32.4717    25.1049 -9.990e-29
 188.540284     21.564  34.926216     9.2155    3.86832     21.383    32.4740    25.1073 -9.990e-29
 188.540289     21.602  34.924558     9.2091    3.88093     21.421    32.4781    25.1115 -9.990e-29
 188.540295     21.643  34.922163     9.2032    3.88749     21.461    32.4810    25.1147 -9.990e-29
 188.540301     21.681  34.920317     9.2016    3.87692     21.499    32.4805    25.1146 -9.990e-29
 188.540307     21.708  34.919915     9.2039    3.86098     21.526    32.4780    25.1122 -9.990e-29
 188.540313     21.728  34.920414     9.2058    3.86385     21.546    32.4768    25.1110 -9.990e-29
 188.540318     21.749  34.920793     9.2035    3.87696     21.566    32.4792    25.1133 -9.990e-29
 188.540324     21.774  34.919874     9.1985    3.88203     21.591    32.4828    25.1169 -9.990e-29
 188.540330     21.795  34.918111     9.1969    3.87354     21.612    32.4825    25.1168 -9.990e-29
 188.540336     21.809  34.917630     9.2002    3.86082     21.626    32.4790    25.1136 -9.990e-29
 188.540341     21.821  34.918906     9.2034    3.85752     21.638    32.4774    25.1118 -9.990e-29
 188.540347     21.845  34.920272     9.2016    3.86399     21.662    32.4804    25.1145 -9.990e-29
 188.540353     21.888  34.919623     9.1947    3.86613     21.704    32.4860    25.1199 -9.990e-29
 188.540359     21.937  34.916650     9.1880    3.85601     21.753    32.4890    25.1233 -9.990e-29
 188.540365     21.985  34.914111     9.1858    3.84615     21.800    32.4884    25.1232 -9.990e-29
 188.540370     22.026  34.913660     9.1865    3.85212     21.841    32.4872    25.1222 -9.990e-29
 188.540376     22.057  34.914127     9.1872    3.86155     21.872    32.4871    25.1220 -9.990e-29
 188.540382     22.085  34.914450     9.1862    3.85663     21.900    32.4883    25.1231 -9.990e-29
 188.540388     22.116  34.913935     9.1840    3.85584     21.930    32.4898    25.1246 -9.990e-29
 188.540394     22.149  34.913014     9.1836    3.84007     21.963    32.4892    25.1242 -9.990e-29
 188.540399     22.184  34.913257     9.1840    3.84427     21.998    32.4890    25.1240 -9.990e-29
 188.540405     22.224  34.913861     9.1815    3.85938     22.037    32.4919    25.1267 -9.990e-29
 188.540411     22.264  34.912823     9.1775    3.85100     22.077    32.4945    25.1293 -9.990e-29
 188.540417     22.301  34.910999     9.1763    3.84659     22.114    32.4937    25.1288 -9.990e-29
 188.540422     22.333  34.910435     9.1772    3.83497     22.145    32.4922    25.1276 -9.990e-29
 188.540428     22.363  34.910935     9.1760    3.82736     22.175    32.4938    25.1290 -9.990e-29
 188.540434     22.396  34.910918     9.1718    3.85363     22.208    32.4976    25.1327 -9.990e-29
 188.540440     22.427  34.909798     9.1693    3.86561     22.239    32.4987    25.1339 -9.990e-29
 188.540446     22.449  34.908879     9.1729    3.86668     22.260    32.4945    25.1300 -9.990e-29
 188.540451     22.467  34.909732     9.1791    3.86678     22.278    32.4897    25.1253 -9.990e-29
 188.540457     22.495  34.911247     9.1817    3.85249     22.306    32.4889    25.1243 -9.990e-29
 188.540463     22.557  34.911516     9.1807    3.84670     22.368    32.4901    25.1253 -9.990e-29
 188.540469     22.669  34.910899     9.1791    3.84967     22.479    32.4908    25.1262 -9.990e-29
 188.540475     22.834  34.910250     9.1765    3.83126     22.642    32.4925    25.1279 0.0000e+00
 188.540480     23.049  34.909262     9.1710    3.80636     22.855    32.4964    25.1318 0.0000e+00
 188.540486     23.307  34.907730     9.1609    3.79195     23.111    32.5039    25.1393 0.0000e+00
 188.540492     23.604  34.905289     9.1450    3.78116     23.406    32.5157    25.1510 0.0000e+00
 188.540498     23.936  34.901480     9.1254    3.77464     23.735    32.5295    25.1649 0.0000e+00
 188.540503     24.295  34.897382     9.1064    3.76410     24.091    32.5425    25.1780 0.0000e+00
 188.540509     24.670  34.894251     9.0911    3.76468     24.463    32.5530    25.1887 0.0000e+00
 188.540515     25.050  34.892386     9.0802    3.76517     24.839    32.5609    25.1965 0.0000e+00
 188.540521     25.429  34.891533     9.0725    3.76681     25.215    32.5669    25.2024 0.0000e+00
 188.540527     25.811  34.891104     9.0659    3.74727     25.594    32.5723    25.2077 0.0000e+00
 188.540532     26.202  34.890521     9.0576    3.71716     25.982    32.5791    25.2143 0.0000e+00
 188.540538     26.610  34.889562     9.0452    3.67288     26.386    32.5893    25.2242 0.0000e+00
 188.540544     27.040  34.888063     9.0266    3.63494     26.813    32.6046    25.2391 0.0000e+00
 188.540550     27.494  34.885700     8.9957    3.59371     27.263    32.6303    25.2640 0.0000e+00
 188.540556     27.970  34.881557     8.9433    3.56391     27.735    32.6739    25.3063 0.0000e+00
 188.540561     28.456  34.871784     8.8758    3.52474     28.217    32.7257    25.3573 0.0000e+00
 188.540567     28.932  34.854552     8.8179    3.49562     28.689    32.7609    25.3938 0.0000e+00
 188.540573     29.385  34.837139     8.7830    3.49431     29.138    32.7748    25.4101 0.0000e+00
 188.540579     29.814  34.826577     8.7655    3.48888     29.563    32.7798    25.4166 0.0000e+00
 188.540584     30.217  34.821661     8.7569    3.51507     29.963    32.7824    25.4200 0.0000e+00
 188.540590     30.582  34.819188     8.7540    3.52145     30.325    32.7823    25.4204 0.0000e+00
 188.540596     30.887  34.818095     8.7592    3.53183     30.627    32.7762    25.4149 0.0000e+00
 188.540602     31.124  34.819160     8.7764    3.54868     30.862    32.7613    25.4006 0.0000e+00
 188.540608     31.302  34.823796     8.7978    3.55945     31.038    32.7463    25.3855 0.0000e+00
 188.540613     31.446  34.829771     8.8106    3.55897     31.181    32.7407    25.3791 0.0000e+00
 188.540619     31.578  34.833277     8.8120    3.55843     31.312    32.7430    25.3807 0.0000e+00
 188.540625     31.706  34.833945     8.8062    3.55914     31.439    32.7490    25.3863 -9.990e-29
 188.540631     31.825  34.832665     8.7999    3.55605     31.557    32.7534    25.3907 -9.990e-29
 188.540637     31.931  34.831088     8.7975    3.55412     31.662    32.7539    25.3915 -9.990e-29
 188.540642     32.021  34.830469     8.7968    3.54721     31.751    32.7539    25.3916 -9.990e-29
 188.540648     32.097  34.829974     8.7935    3.52770     31.827    32.7564    25.3941 -9.990e-29
 188.540654     32.164  34.828379     8.7849    3.52827     31.893    32.7626    25.4003 -9.990e-29
 188.540660     32.221  34.825234     8.7739    3.53353     31.950    32.7695    25.4073 -9.990e-29
 188.540666     32.265  34.821948     8.7687    3.53486     31.993    32.7708    25.4092 -9.990e-29
 188.540671     32.288  34.820860     8.7690    3.53751     32.016    32.7694    25.4080 -9.990e-29
 188.540677     32.293  34.821072     8.7685    3.52293     32.021    32.7701    25.4087 -9.990e-29
 188.540683     32.288  34.820618     8.7678    3.52248     32.016    32.7703    25.4089 -9.990e-29
 188.540689     32.282  34.820572     8.7689    3.53435     32.010    32.7692    25.4079 -9.990e-29
 188.540694     32.283  34.821431     8.7696    3.53622     32.011    32.7695    25.4080 -9.990e-29
 188.540700     32.290  34.822091     8.7691    3.53525     32.018    32.7706    25.4090 -9.990e-29
 188.540706     32.292  34.822308     8.7685    3.52613     32.020    32.7714    25.4097 -9.990e-29
 188.540712     32.280  34.822367     8.7671    3.52326     32.008    32.7728    25.4110 -9.990e-29
 188.540718     32.257  34.821782     8.7635    3.52105     31.985    32.7755    25.4136 -9.990e-29
 188.540723     32.231  34.820330     8.7598    3.51757     31.960    32.7774    25.4157 -9.990e-29
 188.540729     32.213  34.818873     8.7574    3.51295     31.942    32.7781    25.4166 -9.990e-29
 188.540735     32.210  34.817706     8.7548    3.51213     31.939    32.7793    25.4180 -9.990e-29
 188.540741     32.218  34.816390     8.7516    3.51726     31.947    32.7809    25.4197 -9.990e-29
 188.540747     32.233  34.814848     8.7481    3.51022     31.961    32.7825    25.4215 -9.990e-29
 188.540752     32.256  34.813262     8.7449    3.50390     31.984    32.7838    25.4230 -9.990e-29
 188.540758     32.284  34.811755     8.7423    3.50288     32.012    32.7846    25.4240 -9.990e-29
 188.540764     32.310  34.810548     8.7406    3.51203     32.038    32.7849    25.4245 -9.990e-29
 188.540770     32.332  34.810266     8.7404    3.52149     32.060    32.7848    25.4245 -9.990e-29
 188.540775     32.346  34.811087     8.7414    3.51937     32.074    32.7847    25.4243 -9.990e-29
 188.540781     32.351  34.811856     8.7422    3.50312     32.078    32.7848    25.4242 -9.990e-29
 188.540787     32.349  34.811909     8.7427    3.50367     32.077    32.7844    25.4238 -9.990e-29
 188.540793     32.345  34.811873     8.7427    3.51971     32.073    32.7843    25.4238 -9.990e-29
 188.540799     32.344  34.811693     8.7418    3.53002     32.072    32.7850    25.4244 -9.990e-29
 188.540804     32.345  34.811121     8.7415    3.52182     32.073    32.7847    25.4242 -9.990e-29
 188.540810     32.340  34.811070     8.7421    3.50581     32.068    32.7840    25.4236 -9.990e-29
 188.540816     32.328  34.811464     8.7423    3.50582     32.056    32.7843    25.4238 -9.990e-29
 188.540822     32.317  34.811140     8.7417    3.51708     32.045    32.7845    25.4240 -9.990e-29
 188.540828     32.315  34.810223     8.7411    3.52008     32.043    32.7841    25.4238 -9.990e-29
 188.540833     32.322  34.809724     8.7410    3.51922     32.050    32.7837    25.4235 -9.990e-29
 188.540839     32.330  34.810093     8.7413    3.51529     32.058    32.7838    25.4235 -9.990e-29
 188.540845     32.339  34.810695     8.7414    3.51426     32.067    32.7843    25.4239 -9.990e-29
 188.540851     32.363  34.810643     8.7409    3.51832     32.090    32.7847    25.4243 -9.990e-29
 188.540856     32.411  34.809864     8.7399    3.51313     32.138    32.7848    25.4246 -9.990e-29
 188.540862     32.479  34.808993     8.7393    3.51902     32.205    32.7844    25.4243 -9.990e-29
 188.540868     32.553  34.808544     8.7394    3.52164     32.279    32.7838    25.4239 -9.990e-29
 188.540874     32.625  34.808471     8.7400    3.52295     32.350    32.7831    25.4233 -9.990e-29
 188.540880     32.701  34.808669     8.7406    3.52154     32.426    32.7828    25.4229 -9.990e-29
 188.540885     32.797  34.808836     8.7409    3.51217     32.521    32.7826    25.4227 -9.990e-29
 188.540891     32.932  34.808626     8.7404    3.51088     32.655    32.7828    25.4229 0.0000e+00
 188.540897     33.120  34.808315     8.7387    3.50559     32.841    32.7840    25.4241 0.0000e+00
 188.540903     33.363  34.808044     8.7350    3.49483     33.082    32.7870    25.4270 0.0000e+00
 188.540909     33.656  34.807441     8.7282    3.47593     33.372    32.7925    25.4324 0.0000e+00
 188.540914     33.992  34.806255     8.7190    3.46828     33.706    32.7997    25.4394 0.0000e+00
 188.540920     34.362  34.804579     8.7095    3.46661     34.072    32.8065    25.4463 0.0000e+00
 188.540926     34.756  34.802972     8.6981    3.46600     34.463    32.8152    25.4548 0.0000e+00
 188.540932     35.161  34.801521     8.6830    3.46555     34.865    32.8275    25.4668 0.0000e+00
 188.540938     35.562  34.799964     8.6696    3.45645     35.262    32.8382    25.4772 0.0000e+00
 188.540943     35.958  34.799019     8.6619    3.44295     35.655    32.8442    25.4830 0.0000e+00
