data/oxygen options/ONMS/Olympic_Coast_National_Marine_Sanctuary_Hypoxia_Survey_CTD_Data_2004_2015/raw_data/2005/CTD_CA45_062205faed.cnv
* Sea-Bird SBE19 Data File:
* FileName = C:\hypoxia CTD data\CA45_062205.hex
* Software Version 1.1.5
* Temperature SN = 2997
* Conductivity SN = 2997
* System UpLoad Time = Jun 22 2005 16:38:14
* SEACAT PROFILER V3.1c SN 2997   06/22/05  16:37:49.628
* strain gauge pressure sensor: S/N = 184829,  range = 3000 psia,  tc = 40
# nquan = 9                                 
# nvalues = 600                         
# units = specified
# name 0 = timeJ: Julian Days
# name 1 = prSM: Pressure, Strain Gauge [db]
# name 2 = c0mS/cm: Conductivity [mS/cm]
# name 3 = t090C: Temperature [ITS-90, deg C]
# name 4 = oxML/L: Oxygen, Beckman/YSI [ml/l]
# name 5 = depSM: Depth [salt water, m], lat = 47.5
# name 6 = sal00: Salinity, Practical [PSU]
# name 7 = sigma-é00: Density [sigma-theta, kg/m^3]
# name 8 = flag: flag
# span 0 = 173.658692, 173.662159       
# span 1 =     -3.016,     46.368       
# span 2 =   2.859395,  38.561527       
# span 3 =     8.4457,    14.8587       
# span 4 =   -0.09677,   25.05567       
# span 5 =     -2.991,     45.976       
# span 6 =     1.8767,    33.2808       
# span 7 =     0.5725,    25.8559       
# span 8 = 0.0000e+00, 0.0000e+00       
# interval = seconds: 0.5
# start_time = Jun 22 2005 15:48:31 [Instrument's time stamp, header]
# bad_flag = -9.990e-29
*END*
[from data line 321]
 173.660550      3.098  38.550371    14.7759    6.81076      3.072    31.2277    23.1132 -9.990e-29
 173.660556      3.109  38.550010    14.7764    6.81926      3.083    31.2270    23.1126 -9.990e-29
 173.660561      3.112  38.550169    14.7775    6.81902      3.086    31.2263    23.1118 -9.990e-29
 173.660567      3.112  38.551067    14.7784    6.80287      3.086    31.2264    23.1116 -9.990e-29
 173.660573      3.113  38.552231    14.7790    6.79150      3.087    31.2269    23.1119 -9.990e-29
 173.660579      3.114  38.552980    14.7795    6.79865      3.088    31.2272    23.1120 -9.990e-29
 173.660584      3.116  38.553200    14.7797    6.81245      3.090    31.2272    23.1120 -9.990e-29
 173.660590      3.120  38.553195    14.7798    6.81553      3.094    31.2272    23.1119 -9.990e-29
 173.660596      3.120  38.552967    14.7798    6.80785      3.094    31.2269    23.1118 -9.990e-29
 173.660602      3.114  38.552785    14.7798    6.79585      3.088    31.2268    23.1117 -9.990e-29
 173.660608      3.108  38.552975    14.7798    6.79570      3.082    31.2270    23.1118 -9.990e-29
 173.660613      3.116  38.553240    14.7798    6.80256      3.090    31.2272    23.1120 -9.990e-29
 173.660619      3.133  38.553382    14.7798    6.80707      3.107    31.2273    23.1121 -9.990e-29
 173.660625      3.144  38.553601    14.7799    6.81571      3.118    31.2274    23.1121 -9.990e-29
 173.660631      3.140  38.553635    14.7800    6.81006      3.114    31.2274    23.1121 -9.990e-29
 173.660637      3.127  38.553541    14.7803    6.80523      3.101    31.2271    23.1118 -9.990e-29
 173.660642      3.115  38.553763    14.7810    6.80055      3.089    31.2267    23.1113 -9.990e-29
 173.660648      3.116  38.554048    14.7818    6.79651      3.090    31.2263    23.1109 -9.990e-29
 173.660654      3.132  38.554226    14.7822    6.80895      3.106    31.2262    23.1107 -9.990e-29
 173.660660      3.154  38.554544    14.7820    6.81267      3.128    31.2266    23.1111 -9.990e-29
 173.660666      3.175  38.554875    14.7818    6.80989      3.148    31.2270    23.1114 -9.990e-29
 173.660671      3.189  38.555109    14.7820    6.79836      3.162    31.2271    23.1114 -9.990e-29
 173.660677      3.190  38.555566    14.7827    6.80118      3.163    31.2269    23.1112 -9.990e-29
 173.660683      3.181  38.556306    14.7835    6.81818      3.154    31.2270    23.1110 -9.990e-29
 173.660689      3.164  38.557202    14.7839    6.81574      3.138    31.2275    23.1113 -9.990e-29
 173.660694      3.147  38.557777    14.7841    6.80246      3.121    31.2278    23.1116 -9.990e-29
 173.660700      3.133  38.557689    14.7841    6.78951      3.107    31.2278    23.1115 -9.990e-29
 173.660706      3.125  38.557390    14.7841    6.79137      3.099    31.2275    23.1113 -9.990e-29
 173.660712      3.132  38.557054    14.7841    6.81346      3.106    31.2272    23.1111 -9.990e-29
 173.660718      3.154  38.556801    14.7843    6.83056      3.128    31.2268    23.1107 -9.990e-29
 173.660723      3.179  38.556867    14.7844    6.81856      3.152    31.2268    23.1107 -9.990e-29
 173.660729      3.192  38.556787    14.7843    6.79969      3.165    31.2268    23.1107 -9.990e-29
 173.660735      3.190  38.556464    14.7845    6.78094      3.163    31.2263    23.1103 -9.990e-29
 173.660741      3.184  38.556598    14.7847    6.78357      3.157    31.2263    23.1102 -9.990e-29
 173.660747      3.185  38.557377    14.7850    6.79660      3.158    31.2267    23.1105 -9.990e-29
 173.660752      3.186  38.558169    14.7854    6.80250      3.159    31.2271    23.1107 -9.990e-29
 173.660758      3.180  38.558358    14.7859    6.79238      3.153    31.2269    23.1105 -9.990e-29
 173.660764      3.167  38.558204    14.7867    6.78001      3.141    31.2261    23.1097 -9.990e-29
 173.660770      3.158  38.558073    14.7875    6.78716      3.132    31.2254    23.1089 -9.990e-29
 173.660775      3.165  38.556679    14.7878    6.79269      3.139    31.2239    23.1077 -9.990e-29
 173.660781      3.190  38.554981    14.7874    6.80044      3.163    31.2226    23.1069 -9.990e-29
 173.660787      3.220  38.555770    14.7870    6.79065      3.193    31.2237    23.1077 -9.990e-29
 173.660793      3.244  38.557866    14.7874    6.78973      3.217    31.2252    23.1089 -9.990e-29
 173.660799      3.261  38.559585    14.7882    6.79156      3.234    31.2261    23.1094 -9.990e-29
 173.660804      3.267  38.560796    14.7887    6.78853      3.240    31.2268    23.1098 -9.990e-29
 173.660810      3.258  38.561425    14.7887    6.79594      3.231    31.2274    23.1103 -9.990e-29
 173.660816      3.238  38.561527    14.7883    6.79941      3.211    31.2278    23.1107 -9.990e-29
 173.660822      3.218  38.561179    14.7878    6.79199      3.191    31.2279    23.1108 -9.990e-29
 173.660828      3.210  38.560791    14.7874    6.78756      3.183    31.2279    23.1109 -9.990e-29
 173.660833      3.218  38.560348    14.7870    6.78045      3.191    31.2278    23.1109 -9.990e-29
 173.660839      3.246  38.559761    14.7862    6.80648      3.219    31.2279    23.1112 -9.990e-29
 173.660845      3.296  38.559312    14.7846    6.81211      3.268    31.2288    23.1122 -9.990e-29
 173.660851      3.358  38.558344    14.7828    6.80412      3.330    31.2293    23.1130 -9.990e-29
 173.660856      3.420  38.556627    14.7815    6.79948      3.391    31.2288    23.1128 -9.990e-29
 173.660862      3.476  38.555175    14.7807    6.79631      3.447    31.2281    23.1125 -9.990e-29
 173.660868      3.540  38.553678    14.7802    6.80248      3.510    31.2271    23.1118 -9.990e-29
 173.660874      3.631  38.551762    14.7794    6.80876      3.601    31.2260    23.1112 -9.990e-29
 173.660880      3.765  38.549060    14.7783    6.80781      3.734    31.2244    23.1102 0.0000e+00
 173.660885      3.945  38.542472    14.7770    6.81602      3.912    31.2194    23.1066 0.0000e+00
 173.660891      4.166  38.537175    14.7748    6.81171      4.131    31.2163    23.1047 0.0000e+00
 173.660897      4.421  38.540069    14.7711    6.80725      4.384    31.2218    23.1097 0.0000e+00
 173.660903      4.713  38.543174    14.7676    6.84260      4.674    31.2273    23.1147 0.0000e+00
 173.660909      5.043  38.542156    14.7659    6.86076      5.001    31.2276    23.1153 0.0000e+00
 173.660914      5.407  38.541766    14.7653    6.88423      5.362    31.2276    23.1154 0.0000e+00
 173.660920      5.802  38.542546    14.7619    6.88805      5.753    31.2309    23.1187 0.0000e+00
 173.660926      6.225  38.540426    14.7510    6.85083      6.173    31.2376    23.1261 0.0000e+00
 173.660932      6.666  38.529717    14.7318    6.82353      6.610    31.2432    23.1345 0.0000e+00
 173.660937      7.121  38.510099    14.7057    6.82942      7.061    31.2462    23.1424 0.0000e+00
 173.660943      7.584  38.485078    14.6693    6.88436      7.521    31.2527    23.1550 0.0000e+00
 173.660949      8.055  38.450953    14.6050    6.98316      7.988    31.2734    23.1844 0.0000e+00
 173.660955      8.538  38.387398    14.4910    7.05020      8.467    31.3075    23.2345 0.0000e+00
 173.660961      9.038  38.274109    14.3425    6.96256      8.962    31.3243    23.2783 0.0000e+00
 173.660966      9.556  38.134948    14.2033    6.84618      9.476    31.3099    23.2959 0.0000e+00
 173.660972     10.092  38.017598    14.0929    6.75358     10.008    31.2919    23.3047 0.0000e+00
 173.660978     10.642  37.933748    14.0037    6.74167     10.553    31.2873    23.3193 0.0000e+00
 173.660984     11.197  37.870779    13.9044    6.82617     11.103    31.3101    23.3570 0.0000e+00
 173.660990     11.751  37.801295    13.7603    6.86533     11.653    31.3634    23.4274 0.0000e+00
 173.660995     12.295  37.690342    13.5808    6.76587     12.192    31.4077    23.4975 0.0000e+00
 173.661001     12.827  37.548057    13.3903    6.46047     12.720    31.4320    23.5542 0.0000e+00
 173.661007     13.341  37.403351    13.2172    6.09300     13.229    31.4397    23.5943 0.0000e+00
 173.661013     13.831  37.265071    13.1162    5.75121     13.715    31.3936    23.5784 0.0000e+00
 173.661019     14.304  37.179782    13.0244    5.55906     14.184    31.3894    23.5930 0.0000e+00
 173.661024     14.776  37.113861    12.7204    5.42977     14.652    31.5801    23.7992 0.0000e+00
 173.661030     15.260  36.882896    12.1732    5.25164     15.132    31.8216    24.0898 0.0000e+00
 173.661036     15.758  36.477756    11.6388    5.13640     15.626    31.8872    24.2390 0.0000e+00
 173.661042     16.270  36.111746    11.2971    5.04020     16.134    31.8241    24.2514 0.0000e+00
 173.661047     16.796  35.898290    11.1218    4.99065     16.655    31.7657    24.2370 0.0000e+00
 173.661053     17.327  35.797624    11.0344    4.95295     17.182    31.7419    24.2338 0.0000e+00
 173.661059     17.852  35.756149    10.9839    4.88534     17.702    31.7444    24.2446 0.0000e+00
 173.661065     18.367  35.751006    10.9441    4.84608     18.213    31.7736    24.2743 0.0000e+00
 173.661071     18.876  35.755091    10.8874    4.78771     18.718    31.8266    24.3254 0.0000e+00
 173.661076     19.384  35.732864    10.7861    4.69834     19.221    31.8925    24.3942 0.0000e+00
 173.661082     19.899  35.670889    10.6495    4.60639     19.732    31.9500    24.4625 0.0000e+00
 173.661088     20.423  35.581216    10.5101    4.51879     20.252    31.9825    24.5116 0.0000e+00
 173.661094     20.951  35.489409    10.3834    4.46618     20.775    32.0018    24.5481 0.0000e+00
 173.661100     21.475  35.410886    10.2706    4.43597     21.295    32.0222    24.5830 0.0000e+00
 173.661105     21.988  35.344023    10.1763    4.43223     21.803    32.0380    24.6111 0.0000e+00
 173.661111     22.486  35.291528    10.0967    4.44465     22.297    32.0553    24.6379 0.0000e+00
 173.661117     22.956  35.249485    10.0274    4.46190     22.763    32.0741    24.6640 0.0000e+00
 173.661123     23.396  35.212218     9.9802    4.48679     23.199    32.0781    24.6749 0.0000e+00
 173.661128     23.806  35.190515     9.9688    4.48144     23.606    32.0661    24.6674 0.0000e+00
 173.661134     24.185  35.190127     9.9958    4.46964     23.982    32.0416    24.6438 0.0000e+00
 173.661140     24.533  35.205987    10.0266    4.45051     24.327    32.0302    24.6299 0.0000e+00
 173.661146     24.878  35.218822    10.0091    4.37446     24.669    32.0585    24.6549 0.0000e+00
 173.661152     25.245  35.204218     9.9466    4.32418     25.033    32.0991    24.6968 0.0000e+00
 173.661157     25.637  35.168448     9.8761    4.27366     25.421    32.1254    24.7289 0.0000e+00
 173.661163     26.045  35.131592     9.8082    4.24553     25.826    32.1483    24.7579 0.0000e+00
 173.661169     26.456  35.098255     9.7397    4.24629     26.234    32.1754    24.7902 0.0000e+00
 173.661175     26.857  35.068205     9.6806    4.24193     26.631    32.1975    24.8170 0.0000e+00
 173.661181     27.241  35.047274     9.6477    4.25248     27.012    32.2054    24.8286 0.0000e+00
 173.661186     27.597  35.039441     9.6447    4.24659     27.365    32.2000    24.8248 0.0000e+00
 173.661192     27.926  35.040363     9.6578    4.23936     27.691    32.1890    24.8142 0.0000e+00
 173.661198     28.246  35.043920     9.6679    4.22142     28.008    32.1835    24.8082 0.0000e+00
 173.661204     28.577  35.044714     9.6619    4.18047     28.337    32.1895    24.8139 0.0000e+00
 173.661209     28.939  35.040389     9.6297    4.13100     28.695    32.2138    24.8380 0.0000e+00
 173.661215     29.347  35.030735     9.5696    4.06364     29.100    32.2577    24.8820 0.0000e+00
 173.661221     29.797  35.015717     9.4998    4.01438     29.546    32.3050    24.9301 0.0000e+00
 173.661227     30.275  35.001600     9.4392    3.97037     30.020    32.3449    24.9711 0.0000e+00
 173.661233     30.774  34.993599     9.3872    3.94574     30.515    32.3835    25.0095 0.0000e+00
 173.661238     31.289  34.991629     9.3282    3.94878     31.026    32.4347    25.0589 0.0000e+00
 173.661244     31.821  34.994679     9.2507    3.95707     31.553    32.5081    25.1285 0.0000e+00
 173.661250     32.365  35.002829     9.1671    3.97783     32.092    32.5925    25.2078 0.0000e+00
 173.661256     32.908  35.018474     9.1013    4.01003     32.631    32.6687    25.2777 0.0000e+00
 173.661262     33.437  35.038861     9.0585    4.04674     33.155    32.7289    25.3315 0.0000e+00
 173.661267     33.945  35.056905     9.0252    4.07230     33.659    32.7781    25.3752 0.0000e+00
 173.661273     34.424  35.070809     8.9873    4.08215     34.134    32.8273    25.4196 0.0000e+00
 173.661279     34.879  35.081673     8.9375    4.04872     34.585    32.8844    25.4721 0.0000e+00
 173.661285     35.319  35.088787     8.8739    3.99067     35.021    32.9506    25.5338 0.0000e+00
 173.661291     35.740  35.090927     8.8071    3.92401     35.439    33.0148    25.5944 0.0000e+00
 173.661296     36.141  35.088640     8.7601    3.84177     35.836    33.0560    25.6339 0.0000e+00
 173.661302     36.525  35.086099     8.7340    3.77317     36.217    33.0776    25.6548 0.0000e+00
 173.661308     36.899  35.084892     8.6942    3.69500     36.588    33.1134    25.6890 0.0000e+00
 173.661314     37.270  35.078303     8.6241    3.64588     36.956    33.1720    25.7456 0.0000e+00
 173.661319     37.645  35.063660     8.5522    3.59608     37.327    33.2240    25.7974 0.0000e+00
 173.661325     38.026  35.049409     8.5031    3.58680     37.705    33.2550    25.8292 0.0000e+00
 173.661331     38.404  35.041145     8.4762    3.57474     38.080    33.2715    25.8462 0.0000e+00
 173.661337     38.759  35.037310     8.4636    3.57520     38.432    33.2792    25.8541 0.0000e+00
 173.661343     39.076  35.035532     8.4598    3.58907     38.746    33.2808    25.8559 0.0000e+00
 173.661348     39.344  35.035621     8.4634    3.61049     39.012    33.2774    25.8527 0.0000e+00
 173.661354     39.561  35.038201     8.4743    3.63228     39.227    33.2697    25.8450 0.0000e+00
 173.661360     39.726  35.041051     8.4856    3.62466     39.391    33.2620    25.8373 -9.990e-29
 173.661366     39.850  35.040629     8.4878    3.63203     39.514    33.2594    25.8349 -9.990e-29
 173.661372     39.959  35.037444     8.4826    3.62954     39.622    33.2609    25.8369 -9.990e-29
 173.661377     40.084  35.035047     8.4758    3.63178     39.746    33.2647    25.8409 0.0000e+00
 173.661383     40.251  35.032995     8.4685    3.62804     39.911    33.2693    25.8457 0.0000e+00
 173.661389     40.470  35.029617     8.4616    3.62450     40.128    33.2722    25.8489 0.0000e+00
 173.661395     40.738  35.026524     8.4571    3.62126     40.394    33.2731    25.8503 0.0000e+00
 173.661400     41.042  35.025140     8.4553    3.62376     40.695    33.2731    25.8507 0.0000e+00
 173.661406     41.363  35.025246     8.4553    3.62827     41.014    33.2731    25.8506 0.0000e+00
 173.661412     41.684  35.026365     8.4557    3.62696     41.332    33.2738    25.8511 0.0000e+00
 173.661418     41.999  35.027692     8.4561    3.61216     41.644    33.2746    25.8517 0.0000e+00
 173.661424     42.311  35.028138     8.4560    3.61914     41.954    33.2751    25.8521 0.0000e+00
 173.661429     42.626  35.027120     8.4540    3.62515     42.266    33.2757    25.8529 0.0000e+00
 173.661435     42.957  35.024349     8.4507    3.61388     42.594    33.2758    25.8534 0.0000e+00
 173.661441     43.307  35.021123     8.4482    3.60383     42.941    33.2746    25.8529 0.0000e+00
 173.661447     43.673  35.019251     8.4468    3.60564     43.304    33.2737    25.8524 0.0000e+00
 173.661453     44.049  35.018426     8.4461    3.61223     43.677    33.2734    25.8523 0.0000e+00
 173.661458     44.424  35.018052     8.4457    3.61874     44.048    33.2732    25.8522 0.0000e+00
 173.661464     44.788  35.018133     8.4458    3.60927     44.409    33.2730    25.8520 0.0000e+00
