data/oxygen options/ONMS/Olympic_Coast_National_Marine_Sanctuary_Hypoxia_Survey_CTD_Data_2004_2015/raw_data/2005/CTD_CE10_052505faed.cnv
* Sea-Bird SBE19 Data File:
* FileName = C:\Documents and Settings\kirner.PTANGELES\Desktop\hypoxia CTD data\CE10__052505.hex
* Software Version 1.1.5
* Temperature SN = 2997
* Conductivity SN = 2997
* System UpLoad Time = May 25 2005 18:13:41
* SEACAT PROFILER V3.1c SN 2997   05/25/05  18:12:57.252
* strain gauge pressure sensor: S/N = 184829,  range = 3000 psia,  tc = 40
# nquan = 9                                 
# nvalues = 434                         
# units = specified
# name 0 = timeJ: Julian Days
# name 1 = prSM: Pressure, Strain Gauge [db]
# name 2 = c0mS/cm: Conductivity [mS/cm]
# name 3 = t090C: Temperature [ITS-90, deg C]
# name 4 = oxML/L: Oxygen, Beckman/YSI [ml/l]
# name 5 = depSM: Depth [salt water, m], lat = 47.5
# name 6 = sal00: Salinity, Practical [PSU]
# name 7 = sigma-é00: Density [sigma-theta, kg/m^3]
# name 8 = flag: flag
# span 0 = 145.697002, 145.699508       
# span 1 =     -3.958,     11.665       
# span 2 =  11.878442,  35.972887       
# span 3 =    12.6311,    16.1176       
# span 4 =   -0.09852,   23.90066       
# span 5 =     -3.925,     11.567       
# span 6 =     8.4290,    30.5761       
# span 7 =     5.4680,    23.0388       
# span 8 = 0.0000e+00, 0.0000e+00       
# interval = seconds: 0.5
# start_time = May 25 2005 16:43:41 [Instrument's time stamp, header]
# bad_flag = -9.990e-29
*END*
[from data line 321]
 145.698860      1.457  34.127971    14.9670    6.27163      1.445    27.1441    19.9319 -9.990e-29
 145.698866      1.461  34.128287    14.9576    6.26611      1.449    27.1509    19.9391 -9.990e-29
 145.698872      1.464  34.128757    14.9535    6.24973      1.452    27.1542    19.9424 -9.990e-29
 145.698877      1.465  34.128881    14.9584    6.24545      1.453    27.1509    19.9389 -9.990e-29
 145.698883      1.464  34.128814    14.9645    6.24834      1.452    27.1466    19.9343 -9.990e-29
 145.698889      1.467  34.129021    14.9631    6.26180      1.455    27.1477    19.9355 -9.990e-29
 145.698895      1.476  34.129215    14.9533    6.27147      1.464    27.1547    19.9429 -9.990e-29
 145.698900      1.489  34.128529    14.9428    6.26331      1.477    27.1614    19.9501 -9.990e-29
 145.698906      1.502  34.127164    14.9412    6.25309      1.489    27.1613    19.9504 -9.990e-29
 145.698912      1.516  34.126657    14.9479    6.24656      1.503    27.1562    19.9451 -9.990e-29
 145.698918      1.531  34.127442    14.9543    6.23936      1.518    27.1524    19.9409 -9.990e-29
 145.698924      1.550  34.128321    14.9538    6.23364      1.537    27.1536    19.9419 -9.990e-29
 145.698929      1.572  34.128220    14.9480    6.25521      1.559    27.1575    19.9461 -9.990e-29
 145.698935      1.599  34.127560    14.9416    6.29294      1.586    27.1613    19.9504 -9.990e-29
 145.698941      1.634  34.127137    14.9358    6.31216      1.620    27.1650    19.9543 -9.990e-29
 145.698947      1.678  34.126940    14.9305    6.34157      1.664    27.1685    19.9581 -9.990e-29
 145.698953      1.734  34.126701    14.9320    6.30949      1.720    27.1672    19.9568 -9.990e-29
 145.698958      1.805  34.126655    14.9447    6.27883      1.790    27.1583    19.9474 -9.990e-29
 145.698964      1.897  34.127295    14.9579    6.23878      1.881    27.1497    19.9381 -9.990e-29
 145.698970      2.019  34.128347    14.9555    6.16714      2.002    27.1522    19.9405 -9.990e-29
 145.698976      2.183  34.129530    14.9250    6.09465      2.165    27.1744    19.9638 0.0000e+00
 145.698981      2.391  34.131298    14.8539    5.99411      2.371    27.2254    20.0175 0.0000e+00
 145.698987      2.640  34.136005    14.7377    5.87805      2.618    27.3106    20.1067 0.0000e+00
 145.698993      2.928  34.151598    14.5788    5.77737      2.904    27.4360    20.2353 0.0000e+00
 145.698999      3.255  34.187641    14.3821    5.72081      3.228    27.6074    20.4068 0.0000e+00
 145.699005      3.623  34.249572    14.1526    5.70834      3.593    27.8272    20.6217 0.0000e+00
 145.699010      4.028  34.367810    13.8868    5.69670      3.994    28.1267    20.9050 0.0000e+00
 145.699016      4.467  34.552002    13.6091    5.67237      4.430    28.4990    21.2463 0.0000e+00
 145.699022      4.924  34.768008    13.3790    5.62973      4.883    28.8697    21.5769 0.0000e+00
 145.699028      5.386  34.999426    13.2213    5.57160      5.341    29.2033    21.8648 0.0000e+00
 145.699034      5.853  35.208900    13.1144    5.52085      5.804    29.4798    22.0990 0.0000e+00
 145.699039      6.324  35.369060    13.0368    5.46324      6.271    29.6890    22.2756 0.0000e+00
 145.699045      6.795  35.496098    12.9805    5.42488      6.738    29.8515    22.4119 0.0000e+00
 145.699051      7.263  35.591197    12.9406    5.40794      7.202    29.9717    22.5124 0.0000e+00
 145.699057      7.721  35.652197    12.9101    5.40105      7.656    30.0527    22.5809 0.0000e+00
 145.699063      8.167  35.692023    12.8807    5.39268      8.099    30.1132    22.6333 0.0000e+00
 145.699068      8.597  35.726760    12.8488    5.36163      8.525    30.1710    22.6841 0.0000e+00
 145.699074      9.014  35.767394    12.8214    5.34035      8.939    30.2308    22.7356 0.0000e+00
 145.699080      9.414  35.806422    12.8017    5.31612      9.335    30.2831    22.7798 0.0000e+00
 145.699086      9.793  35.830835    12.7784    5.31915      9.711    30.3245    22.8163 0.0000e+00
 145.699091     10.153  35.850746    12.7446    5.26641     10.068    30.3703    22.8581 0.0000e+00
 145.699097     10.497  35.878118    12.7076    5.27926     10.409    30.4257    22.9080 0.0000e+00
 145.699103     10.820  35.912435    12.6750    5.28914     10.729    30.4842    22.9594 0.0000e+00
 145.699109     11.113  35.945618    12.6488    5.28371     11.020    30.5366    23.0049 0.0000e+00
 145.699115     11.356  35.965461    12.6333    5.30878     11.261    30.5678    23.0320 0.0000e+00
 145.699120     11.531  35.972618    12.6313    5.30784     11.434    30.5761    23.0388 -9.990e-29
 145.699126     11.632  35.972887    12.6336    5.33487     11.535    30.5745    23.0371 -9.990e-29
 145.699132     11.665  35.971106    12.6323    5.36210     11.567    30.5738    23.0369 -9.990e-29
 145.699138     11.636  35.971814    12.6311    5.37194     11.539    30.5755    23.0384 -9.990e-29
 145.699144     11.544  35.972035    12.6340    5.38238     11.447    30.5734    23.0362 -9.990e-29
 145.699149     11.391  35.967575    12.6430    5.38176     11.296    30.5619    23.0256 0.0000e+00
 145.699155     11.189  35.954169    12.6549    5.39466     11.095    30.5397    23.0062 0.0000e+00
 145.699161     10.950  35.936930    12.6623    5.41188     10.858    30.5175    22.9876 0.0000e+00
 145.699167     10.681  35.929880    12.6646    5.41358     10.592    30.5091    22.9807 0.0000e+00
 145.699172     10.387  35.930912    12.6679    5.43066     10.300    30.5075    22.9788 0.0000e+00
 145.699178     10.073  35.927950    12.6768    5.43823      9.989    30.4977    22.9695 0.0000e+00
 145.699184      9.746  35.915926    12.6903    5.45309      9.664    30.4756    22.9498 0.0000e+00
 145.699190      9.414  35.897871    12.7016    5.48568      9.335    30.4496    22.9275 0.0000e+00
 145.699196      9.087  35.885033    12.7071    5.52147      9.011    30.4332    22.9138 0.0000e+00
 145.699201      8.765  35.881045    12.7126    5.56991      8.692    30.4251    22.9065 0.0000e+00
 145.699207      8.445  35.875548    12.7265    5.60725      8.374    30.4088    22.8913 0.0000e+00
 145.699213      8.123  35.858972    12.7597    5.63041      8.055    30.3666    22.8524 0.0000e+00
 145.699219      7.800  35.817064    12.8117    5.64379      7.735    30.2857    22.7798 0.0000e+00
 145.699225      7.485  35.751134    12.8571    5.66987      7.422    30.1876    22.6954 0.0000e+00
 145.699230      7.189  35.701106    12.8794    5.68843      7.129    30.1231    22.6412 0.0000e+00
 145.699236      6.914  35.683263    12.8874    5.73157      6.856    30.1001    22.6219 0.0000e+00
 145.699242      6.660  35.675506    12.8931    5.78055      6.604    30.0884    22.6118 0.0000e+00
 145.699248      6.426  35.666934    12.9073    5.83514      6.372    30.0692    22.5942 0.0000e+00
 145.699253      6.217  35.645560    12.9396    5.87665      6.165    30.0237    22.5528 0.0000e+00
 145.699259      6.034  35.580083    12.9803    5.89190      5.984    29.9304    22.4729 0.0000e+00
 145.699265      5.885  35.488596    13.0071    5.90095      5.836    29.8239    22.3855 -9.990e-29
 145.699271      5.772  35.433563    13.0166    5.91745      5.724    29.7652    22.3383 -9.990e-29
 145.699277      5.692  35.417858    13.0206    5.92269      5.644    29.7474    22.3238 -9.990e-29
 145.699282      5.641  35.409335    13.0262    5.92051      5.594    29.7351    22.3132 -9.990e-29
 145.699288      5.610  35.397749    13.0314    5.91856      5.563    29.7203    22.3007 -9.990e-29
 145.699294      5.589  35.390636    13.0364    5.91830      5.542    29.7097    22.2916 -9.990e-29
 145.699300      5.572  35.385801    13.0428    5.92692      5.525    29.7002    22.2830 -9.990e-29
 145.699306      5.559  35.373436    13.0479    5.93510      5.513    29.6847    22.2701 -9.990e-29
 145.699311      5.549  35.361720    13.0505    5.93531      5.503    29.6718    22.2596 -9.990e-29
 145.699317      5.537  35.356336    13.0541    5.93150      5.491    29.6640    22.2528 -9.990e-29
 145.699323      5.513  35.350666    13.0602    5.92983      5.467    29.6539    22.2439 -9.990e-29
 145.699329      5.472  35.341072    13.0651    5.93351      5.426    29.6412    22.2331 -9.990e-29
 145.699334      5.415  35.333822    13.0669    5.93757      5.370    29.6330    22.2265 -9.990e-29
 145.699340      5.343  35.333267    13.0682    5.93289      5.298    29.6315    22.2251 -9.990e-29
 145.699346      5.252  35.333060    13.0702    5.93070      5.208    29.6298    22.2234 -9.990e-29
 145.699352      5.144  35.329563    13.0720    5.94583      5.101    29.6252    22.2195 -9.990e-29
 145.699358      5.025  35.325962    13.0747    5.92252      4.983    29.6198    22.2148 -9.990e-29
 145.699363      4.896  35.321942    13.0797    5.93051      4.855    29.6122    22.2079 0.0000e+00
 145.699369      4.758  35.314387    13.0856    5.94527      4.718    29.6006    22.1979 0.0000e+00
 145.699375      4.605  35.304434    13.0911    6.00229      4.567    29.5871    22.1864 0.0000e+00
 145.699381      4.433  35.292829    13.1014    6.08810      4.396    29.5684    22.1699 0.0000e+00
 145.699387      4.244  35.267465    13.1285    6.19215      4.209    29.5238    22.1303 0.0000e+00
 145.699392      4.042  35.201252    13.1760    6.17153      4.008    29.4256    22.0453 0.0000e+00
 145.699398      3.831  35.098400    13.2397    6.17813      3.799    29.2813    21.9215 0.0000e+00
 145.699404      3.612  34.996675    13.3415    6.16578      3.582    29.1094    21.7692 0.0000e+00
 145.699410      3.382  34.884897    13.4818    6.12606      3.354    28.9000    21.5804 0.0000e+00
 145.699416      3.149  34.762580    13.6007    6.18460      3.123    28.6984    21.4017 0.0000e+00
 145.699421      2.919  34.676853    13.6618    6.25062      2.895    28.5744    21.2942 0.0000e+00
 145.699427      2.695  34.637321    13.6877    6.29178      2.672    28.5191    21.2465 0.0000e+00
 145.699433      2.479  34.624927    13.7198    6.32724      2.458    28.4841    21.2132 0.0000e+00
 145.699439      2.271  34.609703    13.8195    6.25735      2.252    28.3964    21.1261 0.0000e+00
 145.699444      2.066  34.539399    13.9877    6.11569      2.049    28.2090    20.9485 0.0000e+00
 145.699450      1.863  34.432933    14.1396    5.95704      1.847    28.0023    20.7591 0.0000e+00
 145.699456      1.667  34.374251    14.2941 -9.990e-29      1.653    27.8381    20.6019 0.0000e+00
 145.699462      1.482  34.318218    14.4769 -9.990e-29      1.470    27.6572    20.4260 0.0000e+00
 145.699468      1.314  34.218167    14.5956 -9.990e-29      1.303    27.4839    20.2688 0.0000e+00
 145.699473      1.169  34.153140    14.6220 -9.990e-29      1.159    27.4075    20.2047 -9.990e-29
 145.699479      1.051  34.140160    14.6081 -9.990e-29      1.042    27.4058    20.2061 -9.990e-29
 145.699485      0.956  34.129436    14.5834 -9.990e-29      0.948    27.4137    20.2172 -9.990e-29
 145.699491      0.883  34.105547    14.5566 -9.990e-29      0.876    27.4114    20.2208 -9.990e-29
 145.699497      0.836  34.083155    14.5370 -9.990e-29      0.829    27.4053    20.2200 -9.990e-29
 145.699502      0.811  34.073313    14.5302 -9.990e-29      0.804    27.4013    20.2184 -9.990e-29
 145.699508      0.803  34.075784 -9.990e-29 -9.990e-29      0.796 -9.990e-29 -9.990e-29 -9.990e-29
