data/oxygen options/ONMS/Olympic_Coast_National_Marine_Sanctuary_Hypoxia_Survey_CTD_Data_2004_2015/raw_data/2005/CTD_TH50_081505faed.cnv
* Sea-Bird SBE19 Data File:
* FileName = C:\Hypoxia Data\TH50_081505.hex
* Software Version 1.1.6
* Temperature SN = 2997
* Conductivity SN = 2997
* System UpLoad Time = Aug 15 2005 18:30:28
* SEACAT PROFILER V3.1c SN 2997   08/15/05  18:29:35.985
* strain gauge pressure sensor: S/N = 184829,  range = 3000 psia,  tc = 40
# nquan = 9                                 
# nvalues = 624                         
# units = specified
# name 0 = timeJ: Julian Days
# name 1 = prSM: Pressure, Strain Gauge [db]
# name 2 = c0mS/cm: Conductivity [mS/cm]
# name 3 = t090C: Temperature [ITS-90, deg C]
# name 4 = oxML/L: Oxygen, Beckman/YSI [ml/l]
# name 5 = depSM: Depth [salt water, m], lat = 47.5
# name 6 = sal00: Salinity, Practical [PSU]
# name 7 = sigma-é00: Density [sigma-theta, kg/m^3]
# name 8 = flag: flag
# span 0 = 227.724387, 227.727992       
# span 1 =     -0.450,     52.673       
# span 2 =   1.513525,  36.981852       
# span 3 =     7.4070,    12.6388       
# span 4 =  -13.26474,   29.30894       
# span 5 =     -0.446,     52.227       
# span 6 =     1.0384,    33.7796       
# span 7 =     0.3318,    26.4015       
# span 8 = 0.0000e+00, 0.0000e+00       
# interval = seconds: 0.5
# start_time = Aug 15 2005 17:23:07 [Instrument's time stamp, header]
# bad_flag = -9.990e-29
*END*
[from data line 161]
 227.725318      4.103  36.700328    11.9702    6.85242      4.069    31.8235    24.1287 -9.990e-29
 227.725324      4.101  36.701738    11.9682    6.85707      4.067    31.8266    24.1315 -9.990e-29
 227.725330      4.099  36.703124    11.9574    6.86689      4.065    31.8371    24.1416 -9.990e-29
 227.725336      4.106  36.699051    11.9384    6.87249      4.072    31.8494    24.1547 -9.990e-29
 227.725341      4.120  36.688022    11.9270    6.86122      4.086    31.8485    24.1561 -9.990e-29
 227.725347      4.136  36.680567    11.9347    6.84807      4.101    31.8347    24.1440 -9.990e-29
 227.725353      4.149  36.685812    11.9497    6.84950      4.114    31.8270    24.1352 -9.990e-29
 227.725359      4.165  36.694492    11.9558    6.85393      4.130    31.8301    24.1365 -9.990e-29
 227.725365      4.189  36.695758    11.9500    6.85663      4.154    31.8363    24.1424 -9.990e-29
 227.725370      4.214  36.689625    11.9397    6.85579      4.179    31.8392    24.1465 -9.990e-29
 227.725376      4.228  36.682501    11.9342    6.85215      4.193    31.8370    24.1458 -9.990e-29
 227.725382      4.229  36.680590    11.9340    6.85249      4.194    31.8353    24.1446 -9.990e-29
 227.725388      4.221  36.682469    11.9349    6.87160      4.186    31.8364    24.1452 -9.990e-29
 227.725394      4.212  36.683919    11.9365    6.87697      4.177    31.8364    24.1449 -9.990e-29
 227.725399      4.205  36.684636    11.9375    6.87120      4.170    31.8362    24.1446 -9.990e-29
 227.725405      4.195  36.683899    11.9382    6.85188      4.160    31.8349    24.1435 -9.990e-29
 227.725411      4.179  36.681292    11.9494    6.83469      4.144    31.8229    24.1321 -9.990e-29
 227.725417      4.162  36.686243    11.9673    6.84634      4.127    31.8124    24.1206 -9.990e-29
 227.725422      4.158  36.697506    11.9693    6.86400      4.123    31.8215    24.1273 -9.990e-29
 227.725428      4.166  36.698145    11.9567    6.86035      4.131    31.8329    24.1385 -9.990e-29
 227.725434      4.177  36.690144    11.9452    6.85138      4.142    31.8350    24.1422 -9.990e-29
 227.725440      4.189  36.683586    11.9388    6.82425      4.154    31.8341    24.1427 -9.990e-29
 227.725446      4.202  36.679822    11.9383    6.83450      4.167    31.8309    24.1403 -9.990e-29
 227.725451      4.216  36.680007    11.9415    6.84939      4.181    31.8283    24.1378 -9.990e-29
 227.725457      4.233  36.681026    11.9418    6.86596      4.198    31.8291    24.1383 -9.990e-29
 227.725463      4.249  36.679759    11.9387    6.87449      4.213    31.8305    24.1399 -9.990e-29
 227.725469      4.254  36.678448    11.9399    6.87575      4.218    31.8282    24.1379 -9.990e-29
 227.725475      4.242  36.679834    11.9492    6.87347      4.207    31.8216    24.1311 -9.990e-29
 227.725480      4.225  36.685209    11.9625    6.86392      4.190    31.8154    24.1239 -9.990e-29
 227.725486      4.212  36.692211    11.9742    6.84437      4.177    31.8122    24.1192 -9.990e-29
 227.725492      4.206  36.697289    11.9817    6.82392      4.171    31.8107    24.1167 -9.990e-29
 227.725498      4.210  36.700494    11.9817    6.81703      4.175    31.8138    24.1191 -9.990e-29
 227.725503      4.225  36.700497    11.9698    6.80380      4.190    31.8239    24.1291 -9.990e-29
 227.725509      4.248  36.693946    11.9459    6.79135      4.213    31.8380    24.1445 -9.990e-29
 227.725515      4.271  36.679401    11.9206    6.78577      4.235    31.8456    24.1550 -9.990e-29
 227.725521      4.296  36.663825    11.9036    6.78363      4.260    31.8451    24.1577 -9.990e-29
 227.725527      4.325  36.654490    11.8885    6.78286      4.289    31.8490    24.1635 -9.990e-29
 227.725532      4.350  36.646237    11.8735    6.77089      4.314    31.8538    24.1701 -9.990e-29
 227.725538      4.365  36.637037    11.8704    6.74738      4.329    31.8476    24.1658 -9.990e-29
 227.725544      4.367  36.636494    11.8828    6.77234      4.331    31.8364    24.1549 -9.990e-29
 227.725550      4.359  36.647252    11.8950    6.81430      4.323    31.8364    24.1526 -9.990e-29
 227.725556      4.351  36.655621    11.8872    6.86999      4.315    31.8512    24.1655 -9.990e-29
 227.725561      4.345  36.648660    11.8616    6.91566      4.309    31.8663    24.1820 -9.990e-29
 227.725567      4.334  36.630554    11.8516    6.87856      4.298    31.8574    24.1769 -9.990e-29
 227.725573      4.307  36.623146    11.8876    6.84608      4.271    31.8195    24.1408 -9.990e-29
 227.725579      4.271  36.645712    11.9529    6.82766      4.235    31.7855    24.1024 -9.990e-29
 227.725584      4.246  36.686847    12.0001    6.83483      4.211    31.7849    24.0933 -9.990e-29
 227.725590      4.246  36.713377    12.0029    6.86813      4.211    31.8081    24.1107 -9.990e-29
 227.725596      4.268  36.711912    11.9720    6.86481      4.232    31.8331    24.1358 -9.990e-29
 227.725602      4.297  36.692293    11.9394    6.83704      4.261    31.8420    24.1487 -9.990e-29
 227.725608      4.320  36.672100    11.9331    6.80086      4.284    31.8279    24.1389 -9.990e-29
 227.725613      4.335  36.669826    11.9492    6.81050      4.299    31.8119    24.1236 -9.990e-29
 227.725619      4.348  36.682436    11.9655    6.84126      4.312    31.8101    24.1192 -9.990e-29
 227.725625      4.368  36.692541    11.9590    6.87188      4.331    31.8254    24.1323 -9.990e-29
 227.725631      4.396  36.686712    11.9305    6.89029      4.359    31.8441    24.1521 -9.990e-29
 227.725637      4.417  36.670646    11.9199    6.87382      4.380    31.8377    24.1490 -9.990e-29
 227.725642      4.414  36.668902    11.9462    6.86700      4.377    31.8135    24.1254 -9.990e-29
 227.725648      4.398  36.686441    11.9823    6.86093      4.361    31.7997    24.1080 -9.990e-29
 227.725654      4.387  36.705157    12.0043    6.84415      4.350    31.7989    24.1034 -9.990e-29
 227.725660      4.389  36.714131    12.0115    6.84793      4.352    31.8014    24.1040 -9.990e-29
 227.725666      4.401  36.715810    12.0090    6.85251      4.364    31.8052    24.1073 -9.990e-29
 227.725671      4.414  36.713563    12.0015    6.87612      4.377    31.8094    24.1120 -9.990e-29
 227.725677      4.426  36.709446    11.9931    6.90184      4.389    31.8126    24.1160 -9.990e-29
 227.725683      4.436  36.705823    11.9882    6.90098      4.399    31.8133    24.1175 -9.990e-29
 227.725689      4.447  36.704596    11.9915    6.87613      4.410    31.8093    24.1138 -9.990e-29
 227.725694      4.453  36.707497    12.0027    6.83459      4.416    31.8025    24.1064 -9.990e-29
 227.725700      4.451  36.713912    12.0178    6.79967      4.414    31.7958    24.0985 -9.990e-29
 227.725706      4.446  36.721746    12.0293    6.79419      4.409    31.7936    24.0946 -9.990e-29
 227.725712      4.445  36.726873    12.0248    6.78634      4.408    31.8024    24.1022 -9.990e-29
 227.725718      4.457  36.723801    11.9976    6.79292      4.420    31.8226    24.1230 -9.990e-29
 227.725723      4.479  36.708445    11.9579    6.81947      4.442    31.8417    24.1451 -9.990e-29
 227.725729      4.494  36.684448    11.9267    6.84655      4.456    31.8452    24.1536 -9.990e-29
 227.725735      4.500  36.665231    11.9199    6.85360      4.462    31.8324    24.1449 -9.990e-29
 227.725741      4.502  36.661615    11.9416    6.85529      4.464    31.8104    24.1238 -9.990e-29
 227.725747      4.494  36.676067    11.9793    6.84886      4.456    31.7922    24.1027 -9.990e-29
 227.725752      4.476  36.699823    12.0115    6.85201      4.439    31.7876    24.0933 -9.990e-29
 227.725758      4.461  36.718029    12.0261    6.86513      4.424    31.7927    24.0945 -9.990e-29
 227.725764      4.460  36.725252    12.0253    6.85844      4.423    31.8004    24.1006 -9.990e-29
 227.725770      4.473  36.724409    12.0179    6.85446      4.436    31.8059    24.1062 -9.990e-29
 227.725775      4.491  36.719990    12.0128    6.86137      4.453    31.8059    24.1072 -9.990e-29
 227.725781      4.509  36.716761    12.0128    6.87564      4.471    31.8028    24.1048 -9.990e-29
 227.725787      4.523  36.716586    12.0167    6.87621      4.485    31.7993    24.1014 -9.990e-29
 227.725793      4.537  36.718117    12.0239    6.87185      4.499    31.7947    24.0964 -9.990e-29
 227.725799      4.553  36.721155    12.0332    6.86425      4.515    31.7896    24.0908 -9.990e-29
 227.725804      4.563  36.726394    12.0428    6.85779      4.525    31.7865    24.0866 -9.990e-29
 227.725810      4.564  36.732411    12.0495    6.84919      4.526    31.7866    24.0854 -9.990e-29
 227.725816      4.560  36.736018    12.0477    6.85455      4.522    31.7916    24.0896 -9.990e-29
 227.725822      4.559  36.734739    12.0383    6.84536      4.521    31.7984    24.0966 -9.990e-29
 227.725828      4.565  36.730236    12.0302    6.84398      4.527    31.8009    24.1001 -9.990e-29
 227.725833      4.575  36.727162    12.0269    6.84205      4.537    31.8008    24.1006 -9.990e-29
 227.725839      4.581  36.726463    12.0244    6.83352      4.543    31.8022    24.1022 -9.990e-29
 227.725845      4.582  36.725523    12.0202    6.84212      4.544    31.8049    24.1051 -9.990e-29
 227.725851      4.584  36.723649    12.0154    6.86099      4.546    31.8072    24.1077 -9.990e-29
 227.725856      4.583  36.721711    12.0123    6.86139      4.545    31.8080    24.1089 -9.990e-29
 227.725862      4.573  36.720487    12.0115    6.85828      4.535    31.8075    24.1087 -9.990e-29
 227.725868      4.554  36.720028    12.0146    6.85716      4.516    31.8044    24.1057 -9.990e-29
 227.725874      4.534  36.721405    12.0208    6.85855      4.496    31.8005    24.1015 -9.990e-29
 227.725880      4.524  36.724775    12.0235    6.84543      4.486    31.8014    24.1017 -9.990e-29
 227.725885      4.523  36.726221    12.0209    6.81405      4.485    31.8050    24.1050 -9.990e-29
 227.725891      4.528  36.724312    12.0175    6.81211      4.490    31.8061    24.1065 -9.990e-29
 227.725897      4.538  36.721548    12.0147    6.81623      4.500    31.8058    24.1068 -9.990e-29
 227.725903      4.549  36.719291    12.0042    6.83199      4.511    31.8126    24.1140 -9.990e-29
 227.725909      4.560  36.713412    11.9828    6.82842      4.522    31.8252    24.1277 -9.990e-29
 227.725914      4.569  36.701119    11.9676    6.82369      4.531    31.8263    24.1314 -9.990e-29
 227.725920      4.573  36.692377    11.9760    6.82020      4.535    31.8107    24.1177 -9.990e-29
 227.725926      4.573  36.698516    11.9986    6.83045      4.535    31.7973    24.1032 -9.990e-29
 227.725932      4.577  36.712577    12.0119    6.85166      4.539    31.7995    24.1024 -9.990e-29
 227.725937      4.589  36.719110    12.0102    6.86283      4.551    31.8073    24.1087 -9.990e-29
 227.725943      4.606  36.717299    12.0047    6.85777      4.568    31.8102    24.1120 -9.990e-29
 227.725949      4.621  36.714826    12.0052    6.84273      4.582    31.8074    24.1098 -9.990e-29
 227.725955      4.631  36.715122    12.0128    6.84136      4.592    31.8012    24.1035 -9.990e-29
 227.725961      4.635  36.718582    12.0223    6.84157      4.596    31.7964    24.0981 -9.990e-29
 227.725966      4.634  36.723091    12.0280    6.83904      4.595    31.7959    24.0966 -9.990e-29
 227.725972      4.629  36.725690    12.0282    6.83445      4.590    31.7982    24.0984 -9.990e-29
 227.725978      4.618  36.725363    12.0253    6.82861      4.579    31.8004    24.1006 -9.990e-29
 227.725984      4.605  36.723920    12.0189    6.83638      4.567    31.8045    24.1050 -9.990e-29
 227.725990      4.599  36.721681    12.0076    6.83991      4.561    31.8120    24.1129 -9.990e-29
 227.725995      4.603  36.716784    11.9980    6.84174      4.565    31.8154    24.1173 -9.990e-29
 227.726001      4.612  36.711673    11.9968    6.83490      4.573    31.8115    24.1145 -9.990e-29
 227.726007      4.620  36.710744    12.0037    6.83153      4.581    31.8047    24.1080 -9.990e-29
 227.726013      4.622  36.714441    12.0133    6.83370      4.583    31.8001    24.1026 -9.990e-29
 227.726019      4.618  36.719842    12.0192    6.84384      4.579    31.8003    24.1017 -9.990e-29
 227.726024      4.613  36.722938    12.0185    6.84750      4.574    31.8039    24.1046 -9.990e-29
 227.726030      4.614  36.721691    12.0143    6.84128      4.575    31.8062    24.1072 -9.990e-29
 227.726036      4.622  36.718926    12.0139    6.83154      4.583    31.8039    24.1055 -9.990e-29
 227.726042      4.628  36.718810    12.0191    6.82723      4.589    31.7994    24.1010 -9.990e-29
 227.726047      4.633  36.721748    12.0240    6.83503      4.594    31.7980    24.0990 -9.990e-29
 227.726053      4.642  36.724368    12.0235    6.84196      4.603    31.8010    24.1014 -9.990e-29
 227.726059      4.651  36.723999    12.0192    6.84650      4.612    31.8043    24.1048 -9.990e-29
 227.726065      4.656  36.721832    12.0168    6.83616      4.617    31.8042    24.1052 -9.990e-29
 227.726071      4.658  36.721148    12.0189    6.82552      4.619    31.8018    24.1029 -9.990e-29
 227.726076      4.656  36.722715    12.0218    6.80880      4.617    31.8008    24.1016 -9.990e-29
 227.726082      4.655  36.724138    12.0188    6.80421      4.616    31.8047    24.1052 -9.990e-29
 227.726088      4.660  36.722271    12.0064    6.81082      4.621    31.8135    24.1143 -9.990e-29
 227.726094      4.665  36.715187    11.9905    6.82174      4.626    31.8203    24.1225 -9.990e-29
 227.726100      4.667  36.706341    11.9790    6.81536      4.628    31.8215    24.1256 -9.990e-29
 227.726105      4.666  36.700197    11.9744    6.80792      4.627    31.8195    24.1249 -9.990e-29
 227.726111      4.663  36.697530    11.9766    6.81472      4.624    31.8151    24.1210 -9.990e-29
 227.726117      4.657  36.698711    11.9825    6.81800      4.618    31.8112    24.1169 -9.990e-29
 227.726123      4.651  36.703072    11.9852    6.82193      4.612    31.8131    24.1179 -9.990e-29
 227.726128      4.654  36.705775    11.9802    6.81108      4.615    31.8200    24.1241 -9.990e-29
 227.726134      4.666  36.703139    11.9736    6.79870      4.627    31.8231    24.1278 -9.990e-29
 227.726140      4.680  36.699500    11.9760    6.80670      4.641    31.8175    24.1230 -9.990e-29
 227.726146      4.692  36.701223    11.9852    6.81200      4.653    31.8113    24.1165 -9.990e-29
 227.726152      4.703  36.706678    11.9889    6.82334      4.664    31.8134    24.1174 -9.990e-29
 227.726157      4.713  36.708561    11.9809    6.82957      4.674    31.8220    24.1256 -9.990e-29
 227.726163      4.724  36.703217    11.9698    6.83564      4.685    31.8264    24.1310 -9.990e-29
 227.726169      4.735  36.696423    11.9713    6.84887      4.695    31.8185    24.1247 -9.990e-29
 227.726175      4.748  36.698181    11.9840    6.84629      4.708    31.8094    24.1152 -9.990e-29
 227.726181      4.763  36.705787    11.9949    6.82488      4.723    31.8074    24.1117 -9.990e-29
 227.726186      4.777  36.710319    12.0015    6.79602      4.737    31.8061    24.1095 -9.990e-29
 227.726192      4.786  36.712778    12.0060    6.77973      4.746    31.8047    24.1075 -9.990e-29
 227.726198      4.796  36.715324    12.0049    6.77614      4.756    31.8081    24.1103 -9.990e-29
 227.726204      4.812  36.714624    11.9921    6.78599      4.772    31.8183    24.1206 -9.990e-29
 227.726209      4.830  36.706944    11.9684    6.79574      4.790    31.8311    24.1350 -9.990e-29
 227.726215      4.842  36.692700    11.9457    6.80012      4.802    31.8368    24.1435 -9.990e-29
 227.726221      4.846  36.678132    11.9385    6.80400      4.805    31.8288    24.1387 -9.990e-29
 227.726227      4.841  36.673531    11.9473    6.82103      4.801    31.8169    24.1278 -9.990e-29
 227.726233      4.828  36.680607    11.9602    6.84027      4.788    31.8127    24.1222 -9.990e-29
