data/oxygen options/ONMS/Olympic_Coast_National_Marine_Sanctuary_Hypoxia_Survey_CTD_Data_2004_2015/raw_data/2005/CTD_CE90_070605faed.cnv
* Sea-Bird SBE19 Data File:
* FileName = C:\Hypoxia Data\CE90_070605.hex
* Software Version 1.1.6
* Temperature SN = 2997
* Conductivity SN = 2997
* System UpLoad Time = Jul 06 2005 16:15:37
* SEACAT PROFILER V3.1c SN 2997   07/06/05  16:16:10.167
* strain gauge pressure sensor: S/N = 184829,  range = 3000 psia,  tc = 40
# nquan = 9                                 
# nvalues = 828                         
# units = specified
# name 0 = timeJ: Julian Days
# name 1 = prSM: Pressure, Strain Gauge [db]
# name 2 = c0mS/cm: Conductivity [mS/cm]
# name 3 = t090C: Temperature [ITS-90, deg C]
# name 4 = oxML/L: Oxygen, Beckman/YSI [ml/l]
# name 5 = depSM: Depth [salt water, m], lat = 47.5
# name 6 = sal00: Salinity, Practical [PSU]
# name 7 = sigma-é00: Density [sigma-theta, kg/m^3]
# name 8 = flag: flag
# span 0 = 187.654155, 187.658941       
# span 1 =     -3.833,     93.339       
# span 2 =   0.812050,  39.896113       
# span 3 =     7.2386,    16.0658       
# span 4 =   -0.11363,   22.72837       
# span 5 =     -3.801,     92.539       
# span 6 =     0.4900,    33.8875       
# span 7 =    -0.6400,    26.5076       
# span 8 = 0.0000e+00, 0.0000e+00       
# interval = seconds: 0.5
# start_time = Jul 06 2005 15:41:59 [Instrument's time stamp, header]
# bad_flag = -9.990e-29
*END*
[from data line 801]
 187.658791     10.308  39.090749    15.3521    6.51658     10.222    31.2492    23.0069 0.0000e+00
 187.658796      9.759  39.199290    15.4072    6.54760      9.677    31.3021    23.0357 0.0000e+00
 187.658802      9.235  39.233645    15.4182    6.57497      9.158    31.3241    23.0502 0.0000e+00
 187.658808      8.743  39.242445    15.4225    6.59992      8.670    31.3287    23.0528 0.0000e+00
 187.658814      8.282  39.253136    15.4344    6.59029      8.213    31.3289    23.0503 0.0000e+00
 187.658819      7.842  39.271556    15.4634    6.58328      7.776    31.3223    23.0390 0.0000e+00
 187.658825      7.413  39.301511    15.5248    6.55372      7.351    31.3003    23.0086 0.0000e+00
 187.658831      6.986  39.359946    15.6130    6.85783      6.928    31.2822    22.9755 0.0000e+00
 187.658837      6.549  39.448491    15.7026    7.47251      6.494    31.2897    22.9616 0.0000e+00
 187.658843      6.097  39.534325    15.7861    7.46413      6.046    31.2995    22.9507 0.0000e+00
 187.658848      5.635  39.607941    15.8660    6.24157      5.588    31.3014    22.9345 0.0000e+00
 187.658854      5.181  39.676638    15.9265    6.24868      5.138    31.3142    22.9309 0.0000e+00
 187.658860      4.748  39.712546    15.9559    5.96749      4.708    31.3227    22.9309 0.0000e+00
 187.658866      4.338  39.682780    15.9640    5.70469      4.302    31.2903    22.9042 0.0000e+00
 187.658872      3.947  39.542618    15.9707    5.66889      3.914    31.1620    22.8043 0.0000e+00
 187.658877      3.572  39.120891    15.9914    5.64733      3.542    30.7763    22.5034 0.0000e+00
 187.658883      3.223  37.929904    16.0160    5.60065      3.196    29.7174    21.6852 0.0000e+00
 187.658889      2.920  34.417014    16.0237 -9.990e-29      2.896    26.6745    19.3500 0.0000e+00
 187.658895      2.679  27.155357    16.0100 -9.990e-29      2.657    20.5466    14.6619 0.0000e+00
 187.658900      2.491  19.804885    15.9740 -9.990e-29      2.470    14.5583    10.0924 0.0000e+00
 187.658906      2.342  20.380864    15.9122 -9.990e-29      2.322    15.0440    10.4753 -9.990e-29
 187.658912      2.226  27.755647    15.8461 -9.990e-29      2.207    21.1333    15.1439 -9.990e-29
 187.658918      2.139  33.308352    15.8065 -9.990e-29      2.121    25.8664    18.7768 -9.990e-29
 187.658924      2.077  36.129257    15.7867 -9.990e-29      2.060    28.3182    20.6614 -9.990e-29
 187.658929      2.035  38.167681    15.7630 -9.990e-29      2.018    30.1166    22.0470 -9.990e-29
 187.658935      2.011  39.073367    15.7483 -9.990e-29      1.994    30.9244    22.6707 -9.990e-29
 187.658941      2.003  39.333769 -9.990e-29 -9.990e-29      1.986 -9.990e-29 -9.990e-29 -9.990e-29
