data/oxygen options/ONMS/Olympic_Coast_National_Marine_Sanctuary_Hypoxia_Survey_CTD_Data_2004_2015/raw_data/2005/CTD_TH60_052405faed.cnv
* Sea-Bird SBE19 Data File:
* FileName = C:\Documents and Settings\kirner.PTANGELES\Desktop\hypoxia CTD data\TH70_052405.hex
* Software Version 1.1.5
* Temperature SN = 2997
* Conductivity SN = 2997
* System UpLoad Time = May 24 2005 18:21:16
* SEACAT PROFILER V3.1c SN 2997   05/24/05  18:20:03.585
* strain gauge pressure sensor: S/N = 184829,  range = 3000 psia,  tc = 40
# nquan = 9                                 
# nvalues = 722                         
# units = specified
# name 0 = timeJ: Julian Days
# name 1 = prSM: Pressure, Strain Gauge [db]
# name 2 = c0mS/cm: Conductivity [mS/cm]
# name 3 = t090C: Temperature [ITS-90, deg C]
# name 4 = oxML/L: Oxygen, Beckman/YSI [ml/l]
# name 5 = depSM: Depth [salt water, m], lat = 47.5
# name 6 = sal00: Salinity, Practical [PSU]
# name 7 = sigma-é00: Density [sigma-theta, kg/m^3]
# name 8 = flag: flag
# span 0 = 144.713333, 144.717506       
# span 1 =     -2.694,     62.510       
# span 2 =   1.396945,  36.342714       
# span 3 =     9.1013,    14.4084       
# span 4 =   -0.10069,   26.82313       
# span 5 =     -2.672,     61.979       
# span 6 =     0.9258,    32.9243       
# span 7 =     0.1012,    25.4779       
# span 8 = 0.0000e+00, 0.0000e+00       
# interval = seconds: 0.5
# start_time = May 24 2005 17:07:12 [Instrument's time stamp, header]
# bad_flag = -9.990e-29
*END*
[from data line 161]
 144.714265      1.204  33.098821    14.3531    6.44873      1.194    26.6564    19.6806 -9.990e-29
 144.714271      1.222  33.101529    14.3532    6.43528      1.212    26.6587    19.6824 -9.990e-29
 144.714277      1.227  33.101626    14.3535    6.44369      1.217    26.6586    19.6822 -9.990e-29
 144.714282      1.220  33.099809    14.3543    6.46155      1.210    26.6564    19.6804 -9.990e-29
 144.714288      1.209  33.100386    14.3555    6.43852      1.199    26.6561    19.6799 -9.990e-29
 144.714294      1.197  33.100771    14.3565    6.42771      1.187    26.6558    19.6794 -9.990e-29
 144.714300      1.189  33.097000    14.3570    6.40390      1.179    26.6521    19.6765 -9.990e-29
 144.714306      1.191  33.089657    14.3570    6.39738      1.181    26.6455    19.6715 -9.990e-29
 144.714311      1.208  33.082967    14.3563    6.42283      1.198    26.6400    19.6674 -9.990e-29
 144.714317      1.237  33.086510    14.3547    6.43022      1.227    26.6443    19.6710 -9.990e-29
 144.714323      1.263  33.100534    14.3532    6.41613      1.252    26.6578    19.6817 -9.990e-29
 144.714329      1.271  33.105633    14.3528    6.40279      1.260    26.6626    19.6854 -9.990e-29
 144.714334      1.265  33.097401    14.3530    6.40179      1.254    26.6552    19.6797 -9.990e-29
 144.714340      1.262  33.088967    14.3526    6.40684      1.251    26.6479    19.6742 -9.990e-29
 144.714346      1.270  33.085906    14.3528    6.41258      1.259    26.6450    19.6719 -9.990e-29
 144.714352      1.285  33.084145    14.3539    6.39986      1.274    26.6427    19.6699 -9.990e-29
 144.714358      1.301  33.081340    14.3537    6.39537      1.290    26.6403    19.6681 -9.990e-29
 144.714363      1.313  33.081602    14.3522    6.40471      1.302    26.6416    19.6694 -9.990e-29
 144.714369      1.326  33.081366    14.3507    6.42333      1.315    26.6424    19.6703 -9.990e-29
 144.714375      1.343  33.074719    14.3499    6.40716      1.332    26.6370    19.6663 -9.990e-29
 144.714381      1.354  33.070735    14.3500    6.38871      1.343    26.6334    19.6635 -9.990e-29
 144.714387      1.361  33.077560    14.3513    6.36528      1.350    26.6386    19.6673 -9.990e-29
 144.714392      1.373  33.084683    14.3531    6.38927      1.362    26.6437    19.6708 -9.990e-29
 144.714398      1.395  33.090962    14.3532    6.40995      1.383    26.6492    19.6751 -9.990e-29
 144.714404      1.419  33.097490    14.3513    6.39935      1.407    26.6563    19.6809 -9.990e-29
 144.714410      1.435  33.098967    14.3488    6.38515      1.423    26.6594    19.6837 -9.990e-29
 144.714416      1.444  33.096809    14.3465    6.36862      1.432    26.6590    19.6839 -9.990e-29
 144.714421      1.453  33.091505    14.3452    6.37413      1.441    26.6552    19.6812 -9.990e-29
 144.714427      1.469  33.076550    14.3455    6.39189      1.457    26.6417    19.6708 -9.990e-29
 144.714433      1.488  33.060030    14.3465    6.38355      1.476    26.6262    19.6587 -9.990e-29
 144.714439      1.503  33.064197    14.3475    6.36761      1.490    26.6293    19.6608 -9.990e-29
 144.714444      1.506  33.075561    14.3488    6.36040      1.493    26.6385    19.6677 -9.990e-29
 144.714450      1.497  33.076215    14.3496    6.34984      1.485    26.6385    19.6676 -9.990e-29
 144.714456      1.489  33.067036    14.3489    6.35569      1.477    26.6308    19.6618 -9.990e-29
 144.714462      1.494  33.060452    14.3466    6.36701      1.482    26.6266    19.6589 -9.990e-29
 144.714468      1.512  33.077393    14.3443    6.36772      1.499    26.6432    19.6722 -9.990e-29
 144.714473      1.531  33.099542    14.3439    6.37509      1.518    26.6632    19.6877 -9.990e-29
 144.714479      1.541  33.108803    14.3457    6.37266      1.528    26.6702    19.6927 -9.990e-29
 144.714485      1.537  33.116407    14.3506    6.35839      1.524    26.6736    19.6944 -9.990e-29
 144.714491      1.523  33.116807    14.3580    6.35805      1.510    26.6689    19.6893 -9.990e-29
 144.714497      1.511  33.109983    14.3635    6.34419      1.498    26.6591    19.6806 -9.990e-29
 144.714502      1.514  33.108139    14.3641    6.34555      1.501    26.6570    19.6789 -9.990e-29
 144.714508      1.535  33.108264    14.3619    6.35214      1.522    26.6586    19.6806 -9.990e-29
 144.714514      1.568  33.104368    14.3601    6.35453      1.555    26.6564    19.6792 -9.990e-29
 144.714520      1.598  33.100791    14.3596    6.35854      1.585    26.6535    19.6771 -9.990e-29
 144.714525      1.617  33.098369    14.3598    6.35668      1.603    26.6512    19.6753 -9.990e-29
 144.714531      1.628  33.086034    14.3604    6.35273      1.614    26.6398    19.6664 -9.990e-29
 144.714537      1.634  33.069762    14.3622    6.34579      1.620    26.6241    19.6539 -9.990e-29
 144.714543      1.646  33.058687    14.3649    6.34176      1.632    26.6124    19.6444 -9.990e-29
 144.714549      1.664  33.034684    14.3666    6.33821      1.650    26.5898    19.6267 -9.990e-29
 144.714554      1.680  32.999383    14.3663    6.34913      1.666    26.5586    19.6027 -9.990e-29
 144.714560      1.691  32.983618    14.3653    6.35043      1.677    26.5452    19.5927 -9.990e-29
 144.714566      1.698  32.998879    14.3653    6.33408      1.684    26.5588    19.6031 -9.990e-29
 144.714572      1.701  33.021809    14.3664    6.32958      1.687    26.5785    19.6180 -9.990e-29
 144.714578      1.701  33.024704    14.3676    6.33483      1.687    26.5802    19.6191 -9.990e-29
 144.714583      1.702  33.019277    14.3676    6.34251      1.688    26.5754    19.6154 -9.990e-29
 144.714589      1.711  33.029681    14.3653    6.33896      1.697    26.5862    19.6242 -9.990e-29
 144.714595      1.731  33.051302    14.3629    6.32886      1.717    26.6071    19.6408 -9.990e-29
 144.714601      1.754  33.069823    14.3628    6.32765      1.739    26.6237    19.6535 -9.990e-29
 144.714606      1.772  33.081921    14.3649    6.34641      1.757    26.6330    19.6603 -9.990e-29
 144.714612      1.782  33.088042    14.3680    6.34006      1.767    26.6363    19.6622 -9.990e-29
 144.714618      1.786  33.089627    14.3726    6.32596      1.771    26.6346    19.6600 -9.990e-29
 144.714624      1.783  33.085435    14.3785    6.30242      1.768    26.6268    19.6528 -9.990e-29
 144.714630      1.778  33.077167    14.3834    6.29655      1.763    26.6161    19.6436 -9.990e-29
 144.714635      1.778  33.073421    14.3858    6.31894      1.763    26.6111    19.6393 -9.990e-29
 144.714641      1.787  33.074254    14.3854    6.32272      1.772    26.6121    19.6401 -9.990e-29
 144.714647      1.799  33.077981    14.3841    6.32180      1.784    26.6163    19.6436 -9.990e-29
 144.714653      1.801  33.081732    14.3842    6.31353      1.786    26.6196    19.6461 -9.990e-29
 144.714659      1.793  33.080987    14.3848    6.30071      1.778    26.6185    19.6452 -9.990e-29
 144.714664      1.787  33.079802    14.3841    6.29371      1.772    26.6180    19.6449 -9.990e-29
 144.714670      1.792  33.081650    14.3820    6.29388      1.777    26.6210    19.6477 -9.990e-29
 144.714676      1.803  33.085637    14.3802    6.30664      1.788    26.6258    19.6517 -9.990e-29
 144.714682      1.813  33.089802    14.3801    6.30860      1.798    26.6296    19.6546 -9.990e-29
 144.714688      1.814  33.091297    14.3814    6.31756      1.799    26.6300    19.6547 -9.990e-29
 144.714693      1.805  33.087635    14.3838    6.31142      1.790    26.6251    19.6505 -9.990e-29
 144.714699      1.800  33.075063    14.3865    6.29642      1.785    26.6121    19.6399 -9.990e-29
 144.714705      1.810  33.058119    14.3877    6.29683      1.795    26.5962    19.6274 -9.990e-29
 144.714711      1.837  33.054571    14.3876    6.32266      1.822    26.5931    19.6251 -9.990e-29
 144.714716      1.872  33.065298    14.3881    6.31143      1.856    26.6023    19.6320 -9.990e-29
 144.714722      1.907  33.072102    14.3896    6.30709      1.891    26.6073    19.6356 -9.990e-29
 144.714728      1.926  33.070611    14.3916    6.30193      1.910    26.6046    19.6331 -9.990e-29
 144.714734      1.929  33.064447    14.3932    6.29627      1.913    26.5980    19.6277 -9.990e-29
 144.714740      1.935  33.057726    14.3936    6.31981      1.919    26.5917    19.6228 -9.990e-29
 144.714745      1.953  33.054947    14.3932    6.29439      1.937    26.5895    19.6212 -9.990e-29
 144.714751      1.979  33.052036    14.3921    6.30086      1.962    26.5877    19.6200 -9.990e-29
 144.714757      2.002  33.041754    14.3913    6.30959      1.985    26.5791    19.6136 -9.990e-29
 144.714763      2.010  33.011149    14.3917    6.29906      1.993    26.5516    19.5923 -9.990e-29
 144.714769      2.005  32.928392    14.3913    6.28075      1.988    26.4782    19.5360 -9.990e-29
 144.714774      1.999  32.867704    14.3890    6.27967      1.982    26.4258    19.4961 -9.990e-29
 144.714780      1.999  32.919660    14.3869    6.28098      1.982    26.4735    19.5332 -9.990e-29
 144.714786      2.002  32.981506    14.3870    6.29211      1.985    26.5284    19.5754 -9.990e-29
 144.714792      2.004  32.961436    14.3884    6.29291      1.987    26.5096    19.5607 -9.990e-29
 144.714797      2.004  32.860720    14.3902    6.28574      1.987    26.4188    19.4905 -9.990e-29
 144.714803      2.002  32.795010    14.3932    6.27965      1.985    26.3583    19.4434 -9.990e-29
 144.714809      2.004  32.858827    14.3963    6.27909      1.987    26.4130    19.4848 -9.990e-29
 144.714815      2.017  32.919283    14.3970    6.28487      2.000    26.4662    19.5256 -9.990e-29
 144.714821      2.043  32.923632    14.3953    6.28729      2.026    26.4713    19.5298 -9.990e-29
 144.714826      2.070  32.949416    14.3936    6.29242      2.053    26.4953    19.5487 -9.990e-29
 144.714832      2.082  32.995717    14.3934    6.29407      2.065    26.5367    19.5805 -9.990e-29
 144.714838      2.072  33.024529    14.3948    6.28837      2.055    26.5613    19.5992 -9.990e-29
 144.714844      2.049  33.034490    14.3982    6.27187      2.032    26.5679    19.6036 -9.990e-29
 144.714850      2.027  33.041695    14.4028    6.26405      2.010    26.5711    19.6052 -9.990e-29
 144.714855      2.017  33.042872    14.4058    6.27389      2.000    26.5701    19.6038 -9.990e-29
 144.714861      2.025  33.041845    14.4063    6.28044      2.008    26.5689    19.6027 -9.990e-29
 144.714867      2.045  33.048464    14.4055    6.28555      2.028    26.5753    19.6078 -9.990e-29
 144.714873      2.066  33.051391    14.4043    6.29289      2.049    26.5787    19.6107 -9.990e-29
 144.714878      2.077  33.042210    14.4036    6.28472      2.060    26.5710    19.6049 -9.990e-29
 144.714884      2.079  33.030546    14.4042    6.28147      2.062    26.5603    19.5965 -9.990e-29
 144.714890      2.080  33.026075    14.4052    6.27059      2.063    26.5556    19.5927 -9.990e-29
 144.714896      2.084  33.022289    14.4051    6.26656      2.067    26.5523    19.5902 -9.990e-29
 144.714902      2.093  33.012469    14.4033    6.28662      2.076    26.5448    19.5848 -9.990e-29
 144.714907      2.105  33.009872    14.3998    6.28298      2.087    26.5449    19.5856 -9.990e-29
 144.714913      2.118  33.025058    14.3970    6.27337      2.100    26.5603    19.5980 -9.990e-29
 144.714919      2.125  33.041298    14.3983    6.28384      2.107    26.5738    19.6081 -9.990e-29
 144.714925      2.120  33.039906    14.4024    6.27913      2.102    26.5698    19.6042 -9.990e-29
 144.714931      2.109  33.031365    14.4061    6.27159      2.091    26.5597    19.5957 -9.990e-29
 144.714936      2.103  33.028954    14.4081    6.26140      2.085    26.5562    19.5926 -9.990e-29
 144.714942      2.111  33.028912    14.4084    6.24775      2.093    26.5559    19.5923 -9.990e-29
 144.714948      2.128  33.027833    14.4079    6.25626      2.110    26.5553    19.5920 -9.990e-29
 144.714954      2.152  33.027090    14.4065    6.27602      2.134    26.5556    19.5925 -9.990e-29
 144.714959      2.176  33.025143    14.4041    6.27403      2.158    26.5555    19.5929 -9.990e-29
 144.714965      2.183  33.023892    14.3997    6.27200      2.165    26.5574    19.5952 -9.990e-29
 144.714971      2.171  33.022799    14.3934    6.25747      2.153    26.5607    19.5990 -9.990e-29
 144.714977      2.155  33.022097    14.3874    6.25214      2.137    26.5642    19.6029 -9.990e-29
 144.714983      2.152  33.030387    14.3818    6.26191      2.134    26.5754    19.6126 -9.990e-29
 144.714988      2.161  33.049769    14.3755    6.26206      2.143    26.5970    19.6305 -9.990e-29
 144.714994      2.175  33.072469    14.3700    6.27592      2.157    26.6210    19.6500 -9.990e-29
 144.715000      2.185  33.090097    14.3673    6.28169      2.167    26.6385    19.6641 -9.990e-29
 144.715006      2.188  33.099828    14.3678    6.27713      2.170    26.6468    19.6704 -9.990e-29
 144.715012      2.189  33.100634    14.3712    6.26621      2.171    26.6452    19.6684 -9.990e-29
 144.715017      2.196  33.094161    14.3758    6.26514      2.178    26.6363    19.6607 -9.990e-29
 144.715023      2.214  33.084679    14.3800    6.25741      2.196    26.6250    19.6511 -9.990e-29
 144.715029      2.240  33.079172    14.3833    6.26687      2.221    26.6178    19.6449 -9.990e-29
 144.715035      2.267  33.079836    14.3853    6.26213      2.248    26.6170    19.6439 -9.990e-29
 144.715041      2.287  33.081964    14.3863    6.25606      2.268    26.6182    19.6447 -9.990e-29
 144.715046      2.294  33.082241    14.3871    6.25798      2.275    26.6179    19.6443 -9.990e-29
 144.715052      2.289  33.079366    14.3876    6.24832      2.270    26.6150    19.6419 -9.990e-29
 144.715058      2.283  33.076241    14.3874    6.25666      2.264    26.6124    19.6399 -9.990e-29
 144.715064      2.289  33.072632    14.3867    6.25304      2.270    26.6096    19.6380 -9.990e-29
 144.715069      2.308  33.064862    14.3853    6.25666      2.289    26.6037    19.6337 -9.990e-29
 144.715075      2.328  33.057712    14.3837    6.24044      2.309    26.5984    19.6299 -9.990e-29
 144.715081      2.337  33.060153    14.3818    6.27285      2.317    26.6019    19.6330 -9.990e-29
 144.715087      2.328  33.068164    14.3792    6.23762      2.309    26.6108    19.6404 -9.990e-29
 144.715093      2.295  33.070018    14.3778    6.23024      2.276    26.6134    19.6426 -9.990e-29
 144.715098      2.250  33.056990    14.3795    6.23885      2.231    26.6006    19.6325 -9.990e-29
 144.715104      2.214  33.040301    14.3821    6.21618      2.196    26.5840    19.6192 -9.990e-29
 144.715110      2.204  33.043667    14.3831    6.23227      2.186    26.5863    19.6208 -9.990e-29
 144.715116      2.213  33.058138    14.3828    6.26315      2.195    26.5994    19.6309 -9.990e-29
 144.715122      2.221  33.068276    14.3822    6.24295      2.202    26.6089    19.6383 -9.990e-29
 144.715127      2.213  33.073595    14.3821    6.21908      2.195    26.6137    19.6420 -9.990e-29
 144.715133      2.186  33.070550    14.3826    6.22393      2.168    26.6106    19.6395 -9.990e-29
 144.715139      2.156  33.061819    14.3814    6.22707      2.138    26.6037    19.6344 -9.990e-29
 144.715145      2.144  33.057626    14.3774    6.26331      2.126    26.6027    19.6345 -9.990e-29
 144.715150      2.151  33.065285    14.3729    6.27075      2.133    26.6126    19.6430 -9.990e-29
 144.715156      2.167  33.075963    14.3717    6.24509      2.149    26.6229    19.6512 -9.990e-29
 144.715162      2.175  33.073647    14.3733    6.22651      2.157    26.6198    19.6484 -9.990e-29
 144.715168      2.171  33.051892    14.3748    6.23296      2.153    26.5994    19.6324 -9.990e-29
 144.715174      2.168  33.013646    14.3746    6.24253      2.150    26.5655    19.6064 -9.990e-29
 144.715179      2.178  32.994790    14.3722    6.25395      2.160    26.5503    19.5952 -9.990e-29
