data/oxygen options/ONMS/Olympic_Coast_National_Marine_Sanctuary_Hypoxia_Survey_CTD_Data_2004_2015/raw_data/2005/CTD_CE60_052505faed.cnv
* Sea-Bird SBE19 Data File:
* FileName = C:\Documents and Settings\kirner.PTANGELES\Desktop\hypoxia CTD data\CE60__052505.hex
* Software Version 1.1.5
* Temperature SN = 2997
* Conductivity SN = 2997
* System UpLoad Time = May 25 2005 18:06:05
* SEACAT PROFILER V3.1c SN 2997   05/25/05  18:05:01.700
* strain gauge pressure sensor: S/N = 184829,  range = 3000 psia,  tc = 40
# nquan = 9                                 
# nvalues = 787                         
# units = specified
# name 0 = timeJ: Julian Days
# name 1 = prSM: Pressure, Strain Gauge [db]
# name 2 = c0mS/cm: Conductivity [mS/cm]
# name 3 = t090C: Temperature [ITS-90, deg C]
# name 4 = oxML/L: Oxygen, Beckman/YSI [ml/l]
# name 5 = depSM: Depth [salt water, m], lat = 47.5
# name 6 = sal00: Salinity, Practical [PSU]
# name 7 = sigma-é00: Density [sigma-theta, kg/m^3]
# name 8 = flag: flag
# span 0 = 145.558808, 145.563356       
# span 1 =     -3.671,     61.204       
# span 2 =   0.165325,  36.388266       
# span 3 =     8.8267,    14.6918       
# span 4 =   -0.11717,   26.06127       
# span 5 =     -3.640,     60.684       
# span 6 =     0.0992,    33.3398       
# span 7 =    -0.7747,    25.8460       
# span 8 = 0.0000e+00, 0.0000e+00       
# interval = seconds: 0.5
# start_time = May 25 2005 13:24:41 [Instrument's time stamp, header]
# bad_flag = -9.990e-29
*END*
[from data line 641]
 145.562517     60.239  35.427559     8.8363    2.84160     59.728    33.3282    25.8357 0.0000e+00
 145.562523     59.947  35.428262     8.8375    2.84275     59.438    33.3280    25.8353 0.0000e+00
 145.562529     59.636  35.427861     8.8378    2.84788     59.130    33.3274    25.8348 0.0000e+00
 145.562535     59.308  35.426962     8.8371    2.83770     58.805    33.3273    25.8348 0.0000e+00
 145.562541     58.958  35.426065     8.8348    2.83520     58.458    33.3287    25.8363 0.0000e+00
 145.562546     58.590  35.423991     8.8327    2.83454     58.093    33.3286    25.8366 0.0000e+00
 145.562552     58.207  35.421914     8.8318    2.83535     57.713    33.3275    25.8358 0.0000e+00
 145.562558     57.800  35.421008     8.8317    2.83815     57.310    33.3268    25.8353 0.0000e+00
 145.562564     57.371  35.420078     8.8317    2.83690     56.884    33.3260    25.8347 0.0000e+00
 145.562569     56.929  35.417903     8.8318    2.83573     56.446    33.3239    25.8330 0.0000e+00
 145.562575     56.490  35.414966     8.8325    2.84989     56.011    33.3203    25.8301 0.0000e+00
 145.562581     56.064  35.412975     8.8337    2.87458     55.589    33.3173    25.8275 0.0000e+00
 145.562587     55.654  35.412095     8.8365    2.90802     55.182    33.3140    25.8245 0.0000e+00
 145.562593     55.254  35.411732     8.8451    2.94607     54.786    33.3057    25.8166 0.0000e+00
 145.562598     54.853  35.411979     8.8657    2.99359     54.388    33.2868    25.7986 0.0000e+00
 145.562604     54.443  35.412060     8.8999    3.04689     53.981    33.2550    25.7684 0.0000e+00
 145.562610     54.031  35.412099     8.9393    3.10821     53.573    33.2184    25.7336 0.0000e+00
 145.562616     53.629  35.413291     8.9725    3.15922     53.175    33.1888    25.7052 0.0000e+00
 145.562622     53.241  35.415008     8.9950    3.21934     52.790    33.1697    25.6868 0.0000e+00
 145.562627     52.866  35.416199     9.0114    3.30919     52.418    33.1558    25.6733 0.0000e+00
 145.562633     52.490  35.416794     9.0408    3.44131     52.045    33.1292    25.6479 0.0000e+00
 145.562639     52.100  35.415921     9.1023    3.58029     51.659    33.0713    25.5929 0.0000e+00
 145.562645     51.687  35.411874     9.1852    3.71311     51.249    32.9905    25.5165 0.0000e+00
 145.562650     51.250  35.404880     9.2620    3.82053     50.816    32.9126    25.4434 0.0000e+00
 145.562656     50.793  35.396855     9.3207    3.89165     50.363    32.8505    25.3855 0.0000e+00
 145.562662     50.332  35.387223     9.3652    3.93015     49.906    32.7999    25.3388 0.0000e+00
 145.562668     49.889  35.374948     9.3917    3.95573     49.467    32.7632    25.3059 0.0000e+00
 145.562674     49.467  35.367796     9.3983    3.98304     49.048    32.7500    25.2945 0.0000e+00
 145.562679     49.056  35.370272     9.4058    4.07407     48.641    32.7458    25.2901 0.0000e+00
 145.562685     48.650  35.371121     9.4420    4.21256     48.238    32.7138    25.2592 0.0000e+00
 145.562691     48.249  35.363642     9.5142    4.32965     47.841    32.6405    25.1903 0.0000e+00
 145.562697     47.855  35.353575     9.6021    4.47409     47.450    32.5505    25.1058 0.0000e+00
 145.562703     47.463  35.347699     9.6977    4.60556     47.061    32.4582    25.0182 0.0000e+00
 145.562708     47.069  35.350544     9.8217    4.75411     46.671    32.3497    24.9133 0.0000e+00
 145.562714     46.682  35.365374     9.9653    4.88500     46.287    32.2364    24.8012 0.0000e+00
 145.562720     46.309  35.389008    10.0862    4.97674     45.917    32.1528    24.7160 0.0000e+00
 145.562726     45.941  35.412630    10.1671    5.07966     45.553    32.1050    24.6653 0.0000e+00
 145.562731     45.578  35.432460    10.2376    5.21937     45.193    32.0627    24.6206 0.0000e+00
 145.562737     45.217  35.454793    10.3674    5.38610     44.835    31.9709    24.5272 0.0000e+00
 145.562743     44.857  35.502706    10.5585    5.56531     44.478    31.8515    24.4018 0.0000e+00
 145.562749     44.497  35.574507    10.7142    5.68663     44.121    31.7874    24.3253 0.0000e+00
 145.562755     44.125  35.628613    10.8200    5.76371     43.752    31.7493    24.2774 0.0000e+00
 145.562760     43.732  35.664342    10.9548    5.83294     43.362    31.6682    24.1910 0.0000e+00
 145.562766     43.314  35.719841    11.1366    5.88501     42.948    31.5667    24.0802 0.0000e+00
 145.562772     42.878  35.797931    11.3077    5.96679     42.516    31.4970    23.9959 0.0000e+00
 145.562778     42.439  35.869895    11.4213    6.03818     42.080    31.4706    23.9552 0.0000e+00
 145.562784     42.008  35.919606    11.4833    6.08019     41.653    31.4665    23.9409 0.0000e+00
 145.562789     41.583  35.950602    11.5246    6.10411     41.232    31.4618    23.9298 0.0000e+00
 145.562795     41.159  35.972849    11.5922    6.11268     40.811    31.4262    23.8900 0.0000e+00
 145.562801     40.737  36.009866    11.7186    6.14532     40.393    31.3553    23.8122 0.0000e+00
 145.562807     40.322  36.079630    11.8631    6.18659     39.982    31.3012    23.7439 0.0000e+00
 145.562813     39.917  36.156319    11.9662    6.22367     39.580    31.2886    23.7153 0.0000e+00
 145.562818     39.522  36.205983    12.0162    6.24098     39.188    31.2946    23.7108 0.0000e+00
 145.562824     39.128  36.225924    12.0376    6.25299     38.798    31.2960    23.7079 0.0000e+00
 145.562830     38.728  36.232111    12.0713    6.25033     38.401    31.2738    23.6845 0.0000e+00
 145.562836     38.314  36.247951    12.1295    6.25393     37.991    31.2405    23.6479 0.0000e+00
 145.562841     37.884  36.277761    12.1851    6.24130     37.564    31.2228    23.6239 0.0000e+00
 145.562847     37.445  36.303557    12.2210    6.22860     37.129    31.2177    23.6133 0.0000e+00
 145.562853     37.004  36.319392    12.2407    6.21433     36.692    31.2166    23.6087 0.0000e+00
 145.562859     36.567  36.329589    12.2494    6.20121     36.259    31.2193    23.6092 0.0000e+00
 145.562865     36.136  36.334871    12.2508    6.20320     35.831    31.2233    23.6120 0.0000e+00
 145.562870     35.705  36.336695    12.2497    6.19930     35.404    31.2261    23.6144 0.0000e+00
 145.562876     35.263  36.336948    12.2521    6.18749     34.966    31.2245    23.6127 0.0000e+00
 145.562882     34.800  36.338230    12.2610    6.18637     34.507    31.2185    23.6064 0.0000e+00
 145.562888     34.312  36.342265    12.2711    6.17542     34.023    31.2142    23.6011 0.0000e+00
 145.562894     33.810  36.346040    12.2769    6.17078     33.525    31.2131    23.5992 0.0000e+00
 145.562899     33.314  36.347882    12.2793    6.16414     33.033    31.2131    23.5987 0.0000e+00
 145.562905     32.839  36.349145    12.2802    6.15736     32.562    31.2137    23.5991 0.0000e+00
 145.562911     32.389  36.349852    12.2800    6.15406     32.116    31.2148    23.5999 0.0000e+00
 145.562917     31.961  36.349843    12.2791    6.15542     31.692    31.2157    23.6007 0.0000e+00
 145.562922     31.554  36.349682    12.2779    6.16025     31.288    31.2167    23.6017 0.0000e+00
 145.562928     31.158  36.349174    12.2774    6.15339     30.896    31.2168    23.6019 0.0000e+00
 145.562934     30.758  36.348220    12.2796    6.15154     30.499    31.2142    23.5995 0.0000e+00
 145.562940     30.340  36.347805    12.2833    6.15033     30.085    31.2109    23.5962 0.0000e+00
 145.562946     29.899  36.347393    12.2862    6.14481     29.647    31.2082    23.5936 0.0000e+00
 145.562951     29.437  36.345891    12.2887    6.13873     29.189    31.2049    23.5905 0.0000e+00
 145.562957     28.958  36.344118    12.2923    6.13028     28.714    31.2004    23.5864 0.0000e+00
 145.562963     28.472  36.343094    12.2966    6.13042     28.232    31.1960    23.5822 0.0000e+00
 145.562969     27.985  36.342592    12.2997    6.13325     27.750    31.1932    23.5794 0.0000e+00
 145.562975     27.501  36.341401    12.3011    6.13828     27.270    31.1911    23.5775 0.0000e+00
 145.562980     27.022  36.339076    12.3020    6.13614     26.795    31.1883    23.5751 0.0000e+00
 145.562986     26.549  36.336459    12.3053    6.14434     26.326    31.1832    23.5706 0.0000e+00
 145.562992     26.077  36.333444    12.3132    6.15994     25.858    31.1740    23.5619 0.0000e+00
 145.562998     25.605  36.329953    12.3242    6.17650     25.390    31.1617    23.5503 0.0000e+00
 145.563003     25.134  36.327140    12.3362    6.19025     24.923    31.1492    23.5384 0.0000e+00
 145.563009     24.655  36.325752    12.3505    6.19755     24.448    31.1362    23.5257 0.0000e+00
 145.563015     24.168  36.326936    12.3677    6.20191     23.965    31.1233    23.5124 0.0000e+00
 145.563021     23.688  36.331719    12.3823    6.20573     23.489    31.1159    23.5040 0.0000e+00
 145.563027     23.228  36.337699    12.3895    6.21321     23.033    31.1158    23.5025 0.0000e+00
 145.563032     22.784  36.341082    12.3915    6.22122     22.593    31.1176    23.5035 0.0000e+00
 145.563038     22.345  36.341339    12.3936    6.23951     22.157    31.1162    23.5021 0.0000e+00
 145.563044     21.904  36.340496    12.4024    6.25039     21.720    31.1083    23.4943 0.0000e+00
 145.563050     21.459  36.341354    12.4185    6.25751     21.279    31.0960    23.4817 0.0000e+00
 145.563056     21.003  36.344498    12.4334    6.26294     20.827    31.0868    23.4718 0.0000e+00
 145.563061     20.529  36.346836    12.4446    6.24660     20.357    31.0800    23.4644 0.0000e+00
 145.563067     20.039  36.347564    12.4554    6.24102     19.871    31.0719    23.4561 0.0000e+00
 145.563073     19.543  36.347657    12.4640    6.24295     19.379    31.0651    23.4492 0.0000e+00
 145.563079     19.041  36.346683    12.4681    6.23335     18.881    31.0610    23.4452 0.0000e+00
 145.563084     18.542  36.345029    12.4689    6.21724     18.386    31.0589    23.4435 0.0000e+00
 145.563090     18.050  36.343299    12.4683    6.20462     17.899    31.0580    23.4428 0.0000e+00
 145.563096     17.570  36.340870    12.4674    6.19593     17.423    31.0566    23.4419 0.0000e+00
 145.563102     17.105  36.336751    12.4672    6.21131     16.962    31.0530    23.4392 0.0000e+00
 145.563108     16.655  36.330498    12.4686    6.23085     16.515    31.0461    23.4335 0.0000e+00
 145.563113     16.213  36.323305    12.4726    6.23769     16.077    31.0362    23.4251 0.0000e+00
 145.563119     15.768  36.316236    12.4838    6.23528     15.636    31.0204    23.4107 0.0000e+00
 145.563125     15.313  36.302672    12.5066    6.25301     15.185    30.9889    23.3820 0.0000e+00
 145.563131     14.849  36.279106    12.5403    6.28301     14.725    30.9390    23.3370 0.0000e+00
 145.563137     14.380  36.256173    12.5792    6.32852     14.259    30.8855    23.2883 0.0000e+00
 145.563142     13.912  36.240308    12.6148    6.37515     13.795    30.8415    23.2475 0.0000e+00
 145.563148     13.444  36.226625    12.6500    6.41282     13.331    30.8000    23.2087 0.0000e+00
 145.563154     12.967  36.204740    12.7048    6.40234     12.858    30.7348    23.1478 0.0000e+00
 145.563160     12.478  36.159496    12.7862    6.35750     12.373    30.6263    23.0483 0.0000e+00
 145.563166     11.983  36.086081    12.8757    6.34399     11.883    30.4852    22.9221 0.0000e+00
 145.563171     11.493  35.997070    12.9510    6.40598     11.397    30.3414    22.7965 0.0000e+00
 145.563177     11.016  35.913965    12.9996    6.51432     10.924    30.2251    22.6972 0.0000e+00
 145.563183     10.551  35.859415    13.0245    6.56558     10.463    30.1545    22.6378 0.0000e+00
 145.563189     10.095  35.830223    13.0464    6.50407     10.011    30.1100    22.5992 0.0000e+00
 145.563194      9.644  35.790280    13.0957    6.39763      9.563    30.0339    22.5309 0.0000e+00
 145.563200      9.200  35.668950    13.1955    6.31133      9.123    29.8426    22.3638 0.0000e+00
 145.563206      8.767  35.376224    13.3261    6.33824      8.694    29.4698    22.0506 0.0000e+00
 145.563212      8.353  34.960760    13.4138    6.43825      8.283    29.0195    21.6859 0.0000e+00
 145.563218      7.961  34.684820    13.4128    6.52312      7.894    28.7665    21.4908 0.0000e+00
 145.563223      7.589  34.731537    13.3742    6.54502      7.526    28.8388    21.5540 0.0000e+00
 145.563229      7.228  34.931718    13.3776    6.49301      7.168    29.0207    21.6938 0.0000e+00
 145.563235      6.874  34.973785    13.4615    6.41703      6.817    28.9958    21.6584 0.0000e+00
 145.563241      6.520  34.734441    13.6067    6.33656      6.465    28.6670    21.3764 0.0000e+00
 145.563247      6.167  34.316649    13.7512    6.29845      6.115    28.1788    20.9717 0.0000e+00
 145.563252      5.820  33.922310    13.8491    6.30495      5.771    27.7496    20.6218 0.0000e+00
 145.563258      5.488  33.687040    13.8965    6.32559      5.442    27.5028    20.4223 0.0000e+00
 145.563264      5.172  33.595893    13.9150    7.31534      5.129    27.4074    20.3451 0.0000e+00
 145.563270      4.864  33.563785    13.9295    7.42354      4.823    27.3682    20.3121 0.0000e+00
 145.563275      4.553  33.542865    13.9602    7.44083      4.515    27.3276    20.2748 0.0000e+00
 145.563281      4.236  33.504680    14.0152    6.30666      4.201    27.2544    20.2076 0.0000e+00
 145.563287      3.918  33.442590    14.0914    6.24994      3.885    27.1449    20.1084 0.0000e+00
 145.563293      3.606  33.389259    14.1812    6.43141      3.576    27.0342    20.0055 0.0000e+00
 145.563299      3.309  33.327390    14.2637    7.11975      3.281    26.9215    19.9023 0.0000e+00
 145.563304      3.033  33.135275    14.3282 -9.990e-29      3.008    26.7054    19.7233 0.0000e+00
 145.563310      2.779  32.505780    14.3890 -9.990e-29      2.756    26.1040    19.2485 0.0000e+00
 145.563316      2.552  30.566528    14.4493 -9.990e-29      2.531    24.3518    17.8894 0.0000e+00
 145.563322      2.362  24.704399    14.4862 -9.990e-29      2.342    19.2505    13.9647 0.0000e+00
 145.563328      2.215  16.114566    14.4796 -9.990e-29      2.197    12.0810     8.4671 -9.990e-29
 145.563333      2.106  12.173632    14.4360 -9.990e-29      2.088     8.9256     6.0544 -9.990e-29
 145.563339      2.027  16.419321    14.3791 -9.990e-29      2.010    12.3613     8.6992 -9.990e-29
 145.563345      1.975  23.824461    14.3318 -9.990e-29      1.959    18.5741    13.4739 -9.990e-29
 145.563351      1.944  26.721757    14.3131 -9.990e-29      1.928    21.0760    15.3984 -9.990e-29
 145.563356      1.934  23.339497 -9.990e-29 -9.990e-29      1.918 -9.990e-29 -9.990e-29 -9.990e-29
