data/oxygen options/ONMS/Olympic_Coast_National_Marine_Sanctuary_Hypoxia_Survey_CTD_Data_2004_2015/raw_data/2005/CTD_TH70_070705faed.cnv
* Sea-Bird SBE19 Data File:
* FileName = C:\Hypoxia Data\TH70_070705.hex
* Software Version 1.1.6
* Temperature SN = 2997
* Conductivity SN = 2997
* System UpLoad Time = Jul 07 2005 10:54:13
* SEACAT PROFILER V3.1c SN 2997   07/07/05  10:53:41.421
* strain gauge pressure sensor: S/N = 184829,  range = 3000 psia,  tc = 40
# nquan = 9                                 
# nvalues = 696                         
# units = specified
# name 0 = timeJ: Julian Days
# name 1 = prSM: Pressure, Strain Gauge [db]
# name 2 = c0mS/cm: Conductivity [mS/cm]
# name 3 = t090C: Temperature [ITS-90, deg C]
# name 4 = oxML/L: Oxygen, Beckman/YSI [ml/l]
# name 5 = depSM: Depth [salt water, m], lat = 47.5
# name 6 = sal00: Salinity, Practical [PSU]
# name 7 = sigma-é00: Density [sigma-theta, kg/m^3]
# name 8 = flag: flag
# span 0 = 188.446447, 188.450469       
# span 1 =     -1.419,     69.604       
# span 2 =  34.779487,  38.222738       
# span 3 =     7.8085,    14.4859       
# span 4 =   -0.09800,   23.06676       
# span 5 =     -1.407,     69.011       
# span 6 =    31.0090,    33.6158       
# span 7 =    23.0484,    26.2156       
# span 8 = 0.0000e+00, 0.0000e+00       
# interval = seconds: 0.5
# start_time = Jul 07 2005 10:42:53 [Instrument's time stamp, header]
# bad_flag = -9.990e-29
*END*
[from data line 161]
 188.447378      2.209  37.835685    14.2286    8.04993      2.191    31.0191    23.0662 -9.990e-29
 188.447384      2.219  37.838836    14.2290    8.04414      2.200    31.0216    23.0681 -9.990e-29
 188.447390      2.234  37.839284    14.2266    8.05573      2.215    31.0240    23.0704 -9.990e-29
 188.447396      2.253  37.837074    14.2248    8.07868      2.234    31.0234    23.0703 -9.990e-29
 188.447402      2.269  37.835432    14.2257    8.08132      2.250    31.0212    23.0684 -9.990e-29
 188.447407      2.272  37.836100    14.2297    8.05985      2.253    31.0186    23.0656 -9.990e-29
 188.447413      2.260  37.839411    14.2368    8.04265      2.241    31.0159    23.0621 -9.990e-29
 188.447419      2.245  37.845300    14.2442    8.02111      2.226    31.0153    23.0601 -9.990e-29
 188.447425      2.241  37.850971    14.2474    8.02713      2.222    31.0179    23.0615 -9.990e-29
 188.447431      2.250  37.852777    14.2453    8.03124      2.231    31.0213    23.0645 -9.990e-29
 188.447436      2.269  37.850888    14.2395    8.02547      2.250    31.0242    23.0679 -9.990e-29
 188.447442      2.290  37.846719    14.2315    8.03583      2.271    31.0268    23.0716 -9.990e-29
 188.447448      2.312  37.840323    14.2222    8.04950      2.293    31.0284    23.0747 -9.990e-29
 188.447454      2.335  37.833271    14.2129    8.07424      2.315    31.0295    23.0774 -9.990e-29
 188.447459      2.356  37.827942    14.2057    8.07600      2.336    31.0304    23.0796 -9.990e-29
 188.447465      2.368  37.824527    14.2047    8.05719      2.348    31.0281    23.0780 -9.990e-29
 188.447471      2.368  37.824083    14.2122    8.03813      2.348    31.0216    23.0715 -9.990e-29
 188.447477      2.359  37.829385    14.2229    8.02401      2.339    31.0179    23.0664 -9.990e-29
 188.447483      2.355  37.837414    14.2276    8.04495      2.335    31.0214    23.0682 -9.990e-29
 188.447488      2.364  37.840378    14.2239    8.04513      2.344    31.0271    23.0734 -9.990e-29
 188.447494      2.381  37.836631    14.2171    8.04281      2.361    31.0291    23.0763 -9.990e-29
 188.447500      2.399  37.831275    14.2130    8.04063      2.379    31.0275    23.0759 -9.990e-29
 188.447506      2.411  37.828951    14.2128    8.04259      2.391    31.0256    23.0745 -9.990e-29
 188.447512      2.418  37.829368    14.2137    8.05699      2.398    31.0252    23.0740 -9.990e-29
 188.447517      2.428  37.829720    14.2138    8.06601      2.408    31.0255    23.0742 -9.990e-29
 188.447523      2.443  37.829362    14.2146    8.05628      2.423    31.0245    23.0733 -9.990e-29
 188.447529      2.454  37.830065    14.2202    8.02637      2.434    31.0206    23.0691 -9.990e-29
 188.447535      2.459  37.833895    14.2325    8.01510      2.438    31.0142    23.0617 -9.990e-29
 188.447541      2.461  37.842596    14.2464    8.00818      2.440    31.0110    23.0563 -9.990e-29
 188.447546      2.469  37.852075    14.2501    8.02714      2.448    31.0167    23.0600 -9.990e-29
 188.447552      2.485  37.851987    14.2407    8.03276      2.464    31.0241    23.0676 -9.990e-29
 188.447558      2.499  37.842785    14.2319    8.03751      2.478    31.0228    23.0684 -9.990e-29
 188.447564      2.510  37.836880    14.2342    8.04748      2.489    31.0156    23.0624 -9.990e-29
 188.447569      2.518  37.840982    14.2434    8.04752      2.497    31.0119    23.0577 -9.990e-29
 188.447575      2.522  37.849910    14.2509    8.04372      2.501    31.0140    23.0578 -9.990e-29
 188.447581      2.525  37.856507    14.2545    8.04241      2.504    31.0172    23.0594 -9.990e-29
 188.447587      2.524  37.859483    14.2587    8.02865      2.503    31.0165    23.0581 -9.990e-29
 188.447593      2.517  37.862251    14.2678    8.02638      2.496    31.0117    23.0525 -9.990e-29
 188.447598      2.503  37.869067    14.2786    8.01455      2.482    31.0093    23.0484 -9.990e-29
 188.447604      2.494  37.877248    14.2842    8.02045      2.473    31.0122    23.0495 -9.990e-29
 188.447610      2.497  37.880887    14.2823    8.02066      2.476    31.0171    23.0536 -9.990e-29
 188.447616      2.513  37.878677    14.2728    8.01764      2.492    31.0227    23.0599 -9.990e-29
 188.447622      2.539  37.869919    14.2596    8.02023      2.518    31.0253    23.0646 -9.990e-29
 188.447627      2.568  37.858645    14.2520    8.02636      2.547    31.0211    23.0630 -9.990e-29
 188.447633      2.593  37.853940    14.2521    8.03172      2.571    31.0167    23.0596 -9.990e-29
 188.447639      2.607  37.855701    14.2518    8.02510      2.585    31.0186    23.0611 -9.990e-29
 188.447645      2.611  37.855624    14.2481    8.01233      2.589    31.0215    23.0641 -9.990e-29
 188.447650      2.614  37.852491    14.2459    8.01251      2.592    31.0204    23.0637 -9.990e-29
 188.447656      2.620  37.851665    14.2459    8.01553      2.598    31.0196    23.0631 -9.990e-29
 188.447662      2.630  37.852613    14.2437    8.02868      2.608    31.0222    23.0656 -9.990e-29
 188.447668      2.640  37.850994    14.2386    8.03328      2.618    31.0249    23.0686 -9.990e-29
 188.447674      2.647  37.846338    14.2346    8.02405      2.625    31.0238    23.0687 -9.990e-29
 188.447679      2.654  37.842536    14.2335    8.03398      2.632    31.0212    23.0669 -9.990e-29
 188.447685      2.668  37.841815    14.2327    8.05302      2.646    31.0212    23.0670 -9.990e-29
 188.447691      2.684  37.841535    14.2330    8.06152      2.662    31.0207    23.0666 -9.990e-29
 188.447697      2.694  37.841890    14.2393    8.04455      2.671    31.0160    23.0616 -9.990e-29
 188.447703      2.696  37.847282    14.2519    8.01172      2.673    31.0108    23.0550 -9.990e-29
 188.447708      2.694  37.857617    14.2644    8.00385      2.671    31.0102    23.0520 -9.990e-29
 188.447714      2.696  37.867614    14.2707    8.00050      2.673    31.0142    23.0538 -9.990e-29
 188.447720      2.707  37.872667    14.2689    8.03127      2.684    31.0203    23.0589 -9.990e-29
 188.447726      2.722  37.870549    14.2623    8.02746      2.699    31.0236    23.0628 -9.990e-29
 188.447731      2.731  37.864610    14.2562    8.01577      2.708    31.0231    23.0637 -9.990e-29
 188.447737      2.724  37.859834    14.2508    8.01312      2.701    31.0231    23.0648 -9.990e-29
 188.447743      2.711  37.856025    14.2433    8.00670      2.688    31.0256    23.0683 -9.990e-29
 188.447749      2.703  37.852036    14.2333    8.01955      2.680    31.0300    23.0737 -9.990e-29
 188.447755      2.704  37.847603    14.2217    8.04431      2.681    31.0353    23.0802 -9.990e-29
 188.447760      2.710  37.840743    14.2109    8.05322      2.687    31.0377    23.0842 -9.990e-29
 188.447766      2.713  37.832970    14.2058    8.04143      2.690    31.0347    23.0830 -9.990e-29
 188.447772      2.708  37.829064    14.2075    8.03617      2.685    31.0298    23.0788 -9.990e-29
 188.447778      2.699  37.829426    14.2131    8.03368      2.676    31.0256    23.0745 -9.990e-29
 188.447784      2.695  37.832864    14.2182    8.03125      2.672    31.0247    23.0727 -9.990e-29
 188.447789      2.699  37.837239    14.2176    8.03945      2.676    31.0292    23.0763 -9.990e-29
 188.447795      2.712  37.837734    14.2097    8.02977      2.689    31.0360    23.0831 -9.990e-29
 188.447801      2.730  37.832215    14.2026    8.02308      2.707    31.0366    23.0851 -9.990e-29
 188.447807      2.746  37.826225    14.2032    8.02839      2.723    31.0307    23.0804 -9.990e-29
 188.447813      2.757  37.825240    14.2067    8.02145      2.734    31.0269    23.0768 -9.990e-29
 188.447818      2.763  37.826268    14.2057    8.02774      2.740    31.0287    23.0783 -9.990e-29
 188.447824      2.768  37.825078    14.2006    8.03450      2.745    31.0317    23.0817 -9.990e-29
 188.447830      2.779  37.821773    14.1956    8.03710      2.756    31.0327    23.0835 -9.990e-29
 188.447836      2.790  37.818681    14.1929    8.04302      2.767    31.0320    23.0835 -9.990e-29
 188.447841      2.799  37.817291    14.1940    8.02988      2.776    31.0299    23.0817 -9.990e-29
 188.447847      2.806  37.818559    14.1998    8.02982      2.783    31.0264    23.0778 -9.990e-29
 188.447853      2.811  37.823620    14.2069    8.03812      2.788    31.0253    23.0755 -9.990e-29
 188.447859      2.815  37.829696    14.2129    8.04828      2.791    31.0260    23.0748 -9.990e-29
 188.447865      2.817  37.832555    14.2171    8.04392      2.793    31.0252    23.0733 -9.990e-29
 188.447870      2.815  37.832647    14.2192    8.02524      2.791    31.0236    23.0717 -9.990e-29
 188.447876      2.803  37.832340    14.2206    8.02335      2.780    31.0222    23.0703 -9.990e-29
 188.447882      2.789  37.832905    14.2218    8.03868      2.766    31.0218    23.0697 -9.990e-29
 188.447888      2.781  37.833971    14.2218    8.04246      2.758    31.0228    23.0705 -9.990e-29
 188.447894      2.775  37.834156    14.2230    8.02910      2.752    31.0220    23.0696 -9.990e-29
 188.447899      2.764  37.834822    14.2287    8.00366      2.741    31.0180    23.0654 -9.990e-29
 188.447905      2.754  37.839098    14.2367    8.00878      2.731    31.0155    23.0618 -9.990e-29
 188.447911      2.752  37.845391    14.2397    8.02480      2.729    31.0188    23.0638 -9.990e-29
 188.447917      2.762  37.847511    14.2315    8.05878      2.739    31.0273    23.0720 -9.990e-29
 188.447922      2.780  37.842115    14.2191    8.04536      2.757    31.0324    23.0784 -9.990e-29
 188.447928      2.795  37.834906    14.2153    8.01862      2.772    31.0288    23.0765 -9.990e-29
 188.447934      2.799  37.833649    14.2215    8.00724      2.776    31.0227    23.0705 -9.990e-29
 188.447940      2.801  37.838345    14.2297    8.00631      2.778    31.0204    23.0670 -9.990e-29
 188.447946      2.814  37.843475    14.2314    8.02782      2.790    31.0237    23.0692 -9.990e-29
 188.447951      2.839  37.844101    14.2208    8.05424      2.815    31.0328    23.0784 -9.990e-29
 188.447957      2.864  37.837694    14.2050    8.05212      2.840    31.0396    23.0869 -9.990e-29
 188.447963      2.879  37.828043    14.1992    8.03383      2.855    31.0355    23.0849 -9.990e-29
 188.447969      2.884  37.824146    14.2044    8.01604      2.860    31.0278    23.0779 -9.990e-29
 188.447975      2.888  37.826408    14.2124    8.00379      2.864    31.0234    23.0729 -9.990e-29
 188.447980      2.895  37.830553    14.2166    8.01152      2.871    31.0238    23.0723 -9.990e-29
 188.447986      2.907  37.833692    14.2098    8.02462      2.883    31.0321    23.0801 -9.990e-29
 188.447992      2.923  37.831038    14.1927    8.03843      2.899    31.0434    23.0924 -9.990e-29
 188.447998      2.942  37.822417    14.1780    8.04409      2.917    31.0474    23.0984 -9.990e-29
 188.448003      2.954  37.815397    14.1754    8.03528      2.929    31.0431    23.0956 -9.990e-29
 188.448009      2.957  37.815191    14.1788    8.02492      2.932    31.0401    23.0927 -9.990e-29
 188.448015      2.956  37.817590    14.1801    8.02325      2.931    31.0413    23.0933 -9.990e-29
 188.448021      2.958  37.818502    14.1793    8.03958      2.933    31.0427    23.0946 -9.990e-29
 188.448027      2.964  37.818580    14.1786    8.04116      2.939    31.0434    23.0952 -9.990e-29
 188.448032      2.965  37.818486    14.1806    8.03658      2.940    31.0417    23.0935 -9.990e-29
 188.448038      2.963  37.819214    14.1870    8.01591      2.938    31.0372    23.0887 -9.990e-29
 188.448044      2.964  37.821732    14.1934    8.01288      2.939    31.0344    23.0852 -9.990e-29
 188.448050      2.974  37.823786    14.1926    8.03372      2.949    31.0369    23.0873 -9.990e-29
 188.448056      2.993  37.821943    14.1837    8.04576      2.968    31.0423    23.0934 -9.990e-29
 188.448061      3.018  37.816550    14.1733    8.05081      2.993    31.0458    23.0981 -9.990e-29
 188.448067      3.038  37.811628    14.1717    8.03006      3.013    31.0426    23.0960 -9.990e-29
 188.448073      3.041  37.811263    14.1807    8.02119      3.016    31.0350    23.0883 -9.990e-29
 188.448079      3.027  37.815525    14.1923    8.03046      3.002    31.0296    23.0818 -9.990e-29
 188.448084      3.009  37.821680    14.1991    8.03439      2.984    31.0297    23.0805 -9.990e-29
 188.448090      2.998  37.826160    14.1992    8.02682      2.973    31.0337    23.0836 -9.990e-29
 188.448096      2.994  37.826526    14.1971    8.01859      2.969    31.0357    23.0855 -9.990e-29
 188.448102      2.991  37.825509    14.1965    8.02446      2.966    31.0353    23.0853 -9.990e-29
 188.448108      2.994  37.825673    14.1941    8.04148      2.969    31.0374    23.0874 -9.990e-29
 188.448113      3.008  37.824428    14.1850    8.05046      2.983    31.0436    23.0940 -9.990e-29
 188.448119      3.028  37.818991    14.1742    8.04467      3.003    31.0473    23.0991 -9.990e-29
 188.448125      3.044  37.812765    14.1701    8.03696      3.019    31.0449    23.0981 -9.990e-29
 188.448131      3.048  37.810343    14.1710    8.04792      3.023    31.0419    23.0957 -9.990e-29
 188.448137      3.045  37.810732    14.1730    8.06945      3.020    31.0407    23.0943 -9.990e-29
 188.448142      3.042  37.812202    14.1759    8.06743      3.017    31.0397    23.0929 -9.990e-29
 188.448148      3.045  37.813909    14.1797    8.04623      3.020    31.0382    23.0910 -9.990e-29
 188.448154      3.048  37.815321    14.1855    8.03367      3.023    31.0348    23.0872 -9.990e-29
 188.448160      3.047  37.817759    14.1927    8.03720      3.022    31.0313    23.0830 -9.990e-29
 188.448166      3.048  37.821105    14.1966    8.04458      3.023    31.0312    23.0821 -9.990e-29
 188.448171      3.054  37.822529    14.1962    8.03616      3.028    31.0328    23.0835 -9.990e-29
 188.448177      3.062  37.821687    14.1971    8.01755      3.036    31.0313    23.0821 -9.990e-29
 188.448183      3.067  37.821940    14.2032    8.00614      3.041    31.0266    23.0773 -9.990e-29
 188.448189      3.070  37.825301    14.2126    8.01283      3.044    31.0221    23.0719 -9.990e-29
 188.448194      3.075  37.831202    14.2176    8.01454      3.049    31.0235    23.0719 -9.990e-29
 188.448200      3.088  37.834049    14.2139    8.01698      3.062    31.0291    23.0770 -9.990e-29
 188.448206      3.104  37.830349    14.2094    8.02710      3.078    31.0293    23.0781 -9.990e-29
 188.448212      3.116  37.826942    14.2097    8.03564      3.090    31.0260    23.0754 -9.990e-29
 188.448218      3.120  37.827693    14.2120    8.04026      3.094    31.0248    23.0740 -9.990e-29
 188.448223      3.117  37.829672    14.2149    8.02754      3.091    31.0243    23.0731 -9.990e-29
 188.448229      3.107  37.831592    14.2192    8.01339      3.081    31.0226    23.0709 -9.990e-29
 188.448235      3.097  37.834328    14.2242    8.00846      3.071    31.0211    23.0687 -9.990e-29
 188.448241      3.100  37.838162    14.2277    8.01292      3.074    31.0217    23.0685 -9.990e-29
 188.448247      3.116  37.840913    14.2270    8.02222      3.090    31.0248    23.0710 -9.990e-29
 188.448252      3.133  37.840079    14.2236    8.02286      3.107    31.0268    23.0732 -9.990e-29
 188.448258      3.139  37.837348    14.2223    8.01531      3.113    31.0253    23.0723 -9.990e-29
 188.448264      3.135  37.836927    14.2244    8.01421      3.109    31.0233    23.0703 -9.990e-29
 188.448270      3.129  37.838809    14.2271    8.01999      3.103    31.0228    23.0694 -9.990e-29
 188.448275      3.129  37.840455    14.2276    8.02357      3.103    31.0239    23.0702 -9.990e-29
 188.448281      3.140  37.840694    14.2244    8.04574      3.114    31.0267    23.0730 -9.990e-29
 188.448287      3.157  37.838720    14.2178    8.05412      3.131    31.0302    23.0770 -9.990e-29
 188.448293      3.179  37.834705    14.2123    8.04751      3.152    31.0309    23.0787 -9.990e-29
