data/oxygen options/ONMS/Olympic_Coast_National_Marine_Sanctuary_Hypoxia_Survey_CTD_Data_2004_2015/raw_data/2005/CTD_TH30a_083105faedb.cnv
* Sea-Bird SBE19 Data File:
* FileName = C:\hypoxia CTD data\TH30a_083105.hex
* Software Version 1.1.5
* Temperature SN = 2997
* Conductivity SN = 2997
* System UpLoad Time = Aug 31 2005 15:52:14
** Teahwhit Head 083105 30m
* SEACAT PROFILER V3.1c SN 2997   08/31/05  15:48:14.473
# nquan = 9
# nvalues = 28                          
# units = specified
# name 0 = timeJ: Julian Days
# name 1 = prSM: Pressure, Strain Gauge [db]
# name 2 = c0mS/cm: Conductivity [mS/cm]
# name 3 = t090C: Temperature [ITS-90, deg C]
# name 4 = oxML/L: Oxygen, Beckman/YSI [ml/l]
# name 5 = depSM: Depth [salt water, m], lat = 47.5
# name 6 = sal00: Salinity, Practical [PSU]
# name 7 = sigma-é00: Density [sigma-theta, kg/m^3]
# name 8 = flag: flag
# span 0 = 243.408933, 243.409240       
# span 1 =      4.000,     31.000       
# span 2 =  34.866800,  38.261264       
# span 3 =     8.0628,    12.6051       
# span 4 =    2.90265,    7.19813       
# span 5 =      3.967,     30.739       
# span 6 =    32.7732,    33.5073       
# span 7 =    24.7452,    26.0839       
# span 8 = 0.0000e+00, 0.0000e+00       
# interval = decibars: 1                
# start_time = Aug 31 2005 09:45:22 [Instrument's time stamp, header]
# bad_flag = -9.990e-29
*END*
 243.408933      4.000  38.261264    12.6051    7.19813      3.967    32.7732    24.7452 0.0000e+00
 243.408952      5.000  38.217401    12.3382    6.76877      4.959    32.9643    24.9446 0.0000e+00
 243.408964      6.000  38.010215    12.0153    6.78801      5.950    33.0491    25.0714 0.0000e+00
 243.408977      7.000  37.810474    11.8076    6.71174      6.941    33.0392    25.1025 0.0000e+00
 243.408988      8.000  37.700569    11.6879    6.62208      7.933    33.0382    25.1239 0.0000e+00
 243.409000      9.000  37.625148    11.5577    6.44088      8.925    33.0802    25.1805 0.0000e+00
 243.409011     10.000  37.497108    11.3275    6.11658      9.916    33.1605    25.2847 0.0000e+00
 243.409023     11.000  37.336336    11.1121    5.74832     10.908    33.1954    25.3507 0.0000e+00
 243.409035     12.000  37.138194    10.7479    5.31003     11.899    33.3286    25.5188 0.0000e+00
 243.409046     13.000  36.787883    10.2854    4.96835     12.891    33.3998    25.6543 0.0000e+00
 243.409058     14.000  36.485347     9.9576    4.74144     13.883    33.3950    25.7061 0.0000e+00
 243.409068     15.000  36.289160     9.7199    4.52169     14.874    33.4147    25.7611 0.0000e+00
 243.409079     16.000  36.117122     9.5370    4.34063     15.866    33.4078    25.7857 0.0000e+00
 243.409089     17.000  36.007299     9.4117    4.17821     16.858    33.4111    25.8087 0.0000e+00
 243.409100     18.000  35.866347     9.1613    3.97836     17.849    33.4994    25.9179 0.0000e+00
 243.409111     19.000  35.637144     8.9175    3.81393     18.840    33.4898    25.9488 0.0000e+00
 243.409120     20.000  35.488083     8.7893    3.72033     19.832    33.4544    25.9411 0.0000e+00
 243.409131     21.000  35.427607     8.7094    3.63478     20.824    33.4661    25.9627 0.0000e+00
 243.409141     22.000  35.342524     8.5896    3.48872     21.815    33.4895    25.9995 0.0000e+00
 243.409150     23.000  35.237755     8.4712    3.30113     22.807    33.4910    26.0187 0.0000e+00
 243.409161     24.000  35.146891     8.3533    3.13146     23.798    33.5066    26.0489 0.0000e+00
 243.409170     25.000  35.059795     8.2551    3.03299     24.790    33.5073    26.0642 0.0000e+00
 243.409180     26.000  35.000841     8.1926    2.98406     25.781    33.5039    26.0708 0.0000e+00
 243.409191     27.000  34.958720     8.1544    2.95582     26.773    33.4951    26.0696 0.0000e+00
 243.409200     28.000  34.936881     8.1231    2.93954     27.764    33.5013    26.0792 0.0000e+00
 243.409211     29.000  34.906889     8.0894    2.93247     28.756    33.5010    26.0839 0.0000e+00
 243.409224     30.000  34.880535     8.0681    2.90265     29.747    33.4928    26.0806 0.0000e+00
 243.409240     31.000  34.866800     8.0628    2.90329     30.739    33.4828    26.0736 0.0000e+00
