data/oxygen options/ONMS/Olympic_Coast_National_Marine_Sanctuary_Hypoxia_Survey_CTD_Data_2004_2015/raw_data/2005/CTD_CE70_060805faed.cnv
* Sea-Bird SBE19 Data File:
* FileName = C:\hypoxia CTD data\CE70_060805.hex
* Software Version 1.1.5
* Temperature SN = 2997
* Conductivity SN = 2997
* System UpLoad Time = Jun 08 2005 16:03:02
* SEACAT PROFILER V3.1c SN 2997   06/08/05  16:02:24.637
* strain gauge pressure sensor: S/N = 184829,  range = 3000 psia,  tc = 40
# nquan = 9                                 
# nvalues = 1257                        
# units = specified
# name 0 = timeJ: Julian Days
# name 1 = prSM: Pressure, Strain Gauge [db]
# name 2 = c0mS/cm: Conductivity [mS/cm]
# name 3 = t090C: Temperature [ITS-90, deg C]
# name 4 = oxML/L: Oxygen, Beckman/YSI [ml/l]
# name 5 = depSM: Depth [salt water, m], lat = 47.5
# name 6 = sal00: Salinity, Practical [PSU]
# name 7 = sigma-é00: Density [sigma-theta, kg/m^3]
# name 8 = flag: flag
# span 0 = 159.624225, 159.631493       
# span 1 =     -4.077,     72.256       
# span 2 =   0.939709,  37.244518       
# span 3 =     8.2523,    15.6292       
# span 4 =   -0.09615,   24.40784       
# span 5 =     -4.043,     71.640       
# span 6 =     0.6002,    33.4987       
# span 7 =    -0.2501,    26.0578       
# span 8 = 0.0000e+00, 0.0000e+00       
# interval = seconds: 0.5
# start_time = Jun 08 2005 14:58:53 [Instrument's time stamp, header]
# bad_flag = -9.990e-29
*END*
 159.624225     -4.077 -9.990e-29    13.7284   -0.09589     -4.043 -9.990e-29 -9.990e-29 -9.990e-29
 159.624230     -4.055   0.939709    13.7277   -0.09595     -4.021     0.6002    -0.2501 -9.990e-29
 159.624236     -4.019   1.387707    13.7350   -0.09600     -3.985     0.9019    -0.0171 -9.990e-29
 159.624242     -3.957   2.532764    13.7625   -0.09602     -3.924     1.6975     0.5950 -9.990e-29
 159.624248     -3.874   5.605418    13.8532   -0.09596     -3.842     3.9384     2.3114 -9.990e-29
 159.624253     -3.778  11.920573    14.1368   -0.09591     -3.747     8.7933     6.0012 -9.990e-29
 159.624259     -3.670  20.861605    14.6450   -0.09589     -3.639    15.9362    11.3936 -9.990e-29
 159.624265     -3.549  29.209228    15.1331   -0.09591     -3.519    22.7627    16.5348 -9.990e-29
 159.624271     -3.411  33.978039    15.4136   -0.09595     -3.383    26.7083    19.5047 -9.990e-29
 159.624277     -3.260  35.731473    15.5338   -0.09591     -3.233    28.1538    20.5890 -9.990e-29
 159.624282     -3.104  36.342763    15.5766   -0.09589     -3.078    28.6576    20.9667 -9.990e-29
 159.624288     -2.949  36.537300    15.5846   -0.09588     -2.924    28.8220    21.0913 -9.990e-29
 159.624294     -2.807  36.567202    15.5815   -0.09589     -2.784    28.8504    21.1137 -9.990e-29
 159.624300     -2.691  36.570486    15.5817   -0.09587     -2.669    28.8531    21.1158 -9.990e-29
 159.624306     -2.601  36.604253    15.5881   -0.09586     -2.579    28.8780    21.1335 -9.990e-29
 159.624311     -2.528  36.656348    15.5961   -0.09587     -2.507    28.9177    21.1623 -9.990e-29
 159.624317     -2.462  36.691951    15.6014   -0.09593     -2.441    28.9450    21.1821 -9.990e-29
 159.624323     -2.404  36.693509    15.6032   -0.09593     -2.384    28.9450    21.1818 -9.990e-29
 159.624329     -2.355  36.669849    15.6028   -0.09590     -2.335    28.9246    21.1661 -9.990e-29
 159.624334     -2.310  36.655048    15.6022   -0.09585     -2.291    28.9121    21.1566 -9.990e-29
 159.624340     -2.273  36.674246    15.6023   -0.09583     -2.254    28.9288    21.1695 -9.990e-29
 159.624346     -2.244  36.704275    15.6031   -0.09589     -2.225    28.9545    21.1890 -9.990e-29
 159.624352     -2.217  36.719587    15.6044   -0.09591     -2.199    28.9669    21.1983 -9.990e-29
 159.624358     -2.187  36.727156    15.6055   -0.09602     -2.169    28.9728    21.2025 -9.990e-29
 159.624363     -2.155  36.736533    15.6069   -0.09609     -2.137    28.9799    21.2078 -9.990e-29
 159.624369     -2.125  36.736126    15.6088   -0.09591     -2.107    28.9782    21.2060 -9.990e-29
 159.624375     -2.094  36.707467    15.6100   -0.09584     -2.077    28.9522    21.1858 -9.990e-29
 159.624381     -2.064  36.666755    15.6114   -0.09590     -2.047    28.9155    21.1573 -9.990e-29
 159.624387     -2.034  36.657290    15.6146   -0.09591     -2.017    28.9048    21.1485 -9.990e-29
 159.624392     -1.997  36.684973    15.6177   -0.09599     -1.980    28.9268    21.1647 -9.990e-29
 159.624398     -1.956  36.713841    15.6161   -0.09608     -1.940    28.9532    21.1853 -9.990e-29
 159.624404     -1.915  36.706702    15.6026   -0.09594     -1.899    28.9569    21.1910 -9.990e-29
 159.624410     -1.882  36.668075    15.5787   -0.09582     -1.866    28.9405    21.1836 -9.990e-29
 159.624416     -1.859  36.639556    15.5667   -0.09581     -1.843    28.9243    21.1737 -9.990e-29
 159.624421     -1.839  36.640891    15.5795   -0.09586     -1.824    28.9161    21.1646 -9.990e-29
 159.624427     -1.812  36.671065    15.5988   -0.09587     -1.797    28.9284    21.1699 -9.990e-29
 159.624433     -1.778  36.710329    15.6070   -0.09586     -1.763    28.9568    21.1900 -9.990e-29
 159.624439     -1.746  36.715735    15.6003   -0.09583     -1.731    28.9664    21.1988 -9.990e-29
 159.624444     -1.728  36.684978    15.5822   -0.09585     -1.714    28.9527    21.1922 -9.990e-29
 159.624450     -1.722  36.658934    15.5715   -0.09588     -1.708    28.9378    21.1830 -9.990e-29
 159.624456     -1.720  36.655044    15.5837   -0.09587     -1.706    28.9254    21.1709 -9.990e-29
 159.624462     -1.712  36.673178    15.6062   -0.09583     -1.698    28.9248    21.1656 -9.990e-29
 159.624468     -1.691  36.710055    15.6215   -0.09582     -1.677    28.9459    21.1785 -9.990e-29
 159.624473     -1.653  36.740290    15.6278   -0.09582     -1.639    28.9677    21.1939 -9.990e-29
 159.624479     -1.610  36.736374    15.6292   -0.09587     -1.597    28.9632    21.1902 -9.990e-29
 159.624485     -1.573  36.707684    15.6290   -0.09588     -1.560    28.9383    21.1710 -9.990e-29
 159.624491     -1.541  36.691681    15.6285   -0.09589     -1.528    28.9246    21.1607 -9.990e-29
 159.624497     -1.515  36.701250    15.6266   -0.09592     -1.502    28.9344    21.1686 -9.990e-29
 159.624502     -1.491  36.715522    15.6239   -0.09591     -1.479    28.9488    21.1803 -9.990e-29
 159.624508     -1.470  36.717098    15.6224   -0.09587     -1.458    28.9513    21.1825 -9.990e-29
 159.624514     -1.452  36.716507    15.6230   -0.09590     -1.440    28.9503    21.1816 -9.990e-29
 159.624520     -1.438  36.732045    15.6247   -0.09592     -1.426    28.9627    21.1907 -9.990e-29
 159.624525     -1.418  36.754728    15.6255   -0.09593     -1.406    28.9820    21.2054 -9.990e-29
 159.624531     -1.391  36.763230    15.6246   -0.09593     -1.379    28.9901    21.2118 -9.990e-29
 159.624537     -1.363  36.747598    15.6221   -0.09594     -1.352    28.9782    21.2032 -9.990e-29
 159.624543     -1.337  36.716164    15.6171   -0.09599     -1.326    28.9543    21.1859 -9.990e-29
 159.624549     -1.311  36.690958    15.6103   -0.09600     -1.300    28.9372    21.1743 -9.990e-29
 159.624554     -1.283  36.682126    15.6068   -0.09606     -1.272    28.9321    21.1710 -9.990e-29
 159.624560     -1.253  36.688564    15.6081   -0.09611     -1.243    28.9367    21.1744 -9.990e-29
 159.624566     -1.222  36.703732    15.6092   -0.09610     -1.212    28.9492    21.1837 -9.990e-29
 159.624572     -1.192  36.708620    15.6076   -0.09608     -1.182    28.9546    21.1882 -9.990e-29
 159.624578     -1.162  36.695184    15.6043   -0.09609     -1.152    28.9453    21.1817 -9.990e-29
 159.624583     -1.129  36.678050    15.5991   -0.09610     -1.120    28.9341    21.1743 -9.990e-29
 159.624589     -1.096  36.668596    15.5902   -0.09611     -1.087    28.9323    21.1748 -9.990e-29
 159.624595     -1.066  36.666006    15.5778   -0.09610     -1.057    28.9391    21.1827 -9.990e-29
 159.624601     -1.035  36.664603    15.5621   -0.09608     -1.026    28.9494    21.1939 -9.990e-29
 159.624606     -1.012  36.661969    15.5432   -0.09608     -1.004    28.9609    21.2068 -9.990e-29
 159.624612     -0.997  36.661337    15.5280   -0.09608     -0.989    28.9715    21.2182 -9.990e-29
 159.624618     -0.979  36.662441    15.5227   -0.09610     -0.971    28.9764    21.2231 -9.990e-29
 159.624624     -0.951  36.665084    15.5237   -0.09612     -0.943    28.9780    21.2241 -9.990e-29
 159.624630     -0.916  36.668322    15.5250   -0.09613     -0.908    28.9798    21.2253 -9.990e-29
 159.624635     -0.875  36.666396    15.5244   -0.09613     -0.868    28.9786    21.2244 -9.990e-29
 159.624641     -0.840  36.660120    15.5236   -0.09613     -0.833    28.9736    21.2208 -9.990e-29
 159.624647     -0.811  36.655721    15.5253   -0.09614     -0.804    28.9685    21.2165 -9.990e-29
 159.624653     -0.784  36.654640    15.5291   -0.09615     -0.777    28.9648    21.2128 -9.990e-29
 159.624659     -0.756  36.654334    15.5319   -0.09613     -0.750    28.9624    21.2104 -9.990e-29
 159.624664     -0.721  36.652168    15.5314   -0.09613     -0.715    28.9609    21.2094 -9.990e-29
 159.624670     -0.678  36.648640    15.5272   -0.09613     -0.672    28.9609    21.2102 -9.990e-29
 159.624676     -0.635  36.646352    15.5212   -0.09614     -0.630    28.9632    21.2133 -9.990e-29
 159.624682     -0.604  36.645634    15.5162   13.47481     -0.599    28.9663    21.2167 -9.990e-29
 159.624687     -0.586  36.645546    15.5131   23.01051     -0.581    28.9685    21.2191 -9.990e-29
 159.624693     -0.576  36.645426    15.5108   24.40784     -0.571    28.9701    21.2208 -9.990e-29
 159.624699     -0.564  36.644572    15.5088   21.45581     -0.559    28.9708    21.2218 -9.990e-29
 159.624705     -0.551  36.643543    15.5075   14.01748     -0.546    28.9708    21.2221 -9.990e-29
 159.624711     -0.544  36.643789    15.5081   11.10148     -0.539    28.9706    21.2218 -9.990e-29
 159.624716     -0.543  36.646218    15.5099   11.11343     -0.538    28.9714    21.2220 -9.990e-29
 159.624722     -0.538  36.650158    15.5116   11.09019     -0.534    28.9736    21.2234 -9.990e-29
 159.624728     -0.529  36.654715    15.5134   11.09211     -0.525    28.9763    21.2250 -9.990e-29
 159.624734     -0.525  36.664862    15.5174   11.09161     -0.521    28.9822    21.2288 -9.990e-29
 159.624740     -0.525  36.700873    15.5242   11.09311     -0.521    29.0089    21.2477 -9.990e-29
 159.624745     -0.521  36.759197    15.5306   11.09176     -0.517    29.0553    21.2821 -9.990e-29
 159.624751     -0.508  36.799866    15.5350   11.09035     -0.504    29.0878    21.3060 -9.990e-29
 159.624757     -0.489  36.815445    15.5384   11.08965     -0.485    29.0989    21.3139 -9.990e-29
 159.624763     -0.472  36.822800    15.5414   11.03405     -0.468    29.1032    21.3165 -9.990e-29
 159.624769     -0.461  36.826709    15.5448    8.07696     -0.457    29.1041    21.3165 -9.990e-29
 159.624774     -0.454  36.830161    15.5484    5.12690     -0.450    29.1045    21.3160 -9.990e-29
 159.624780     -0.446  36.833288    15.5511    3.63472     -0.442    29.1052    21.3160 -9.990e-29
 159.624786     -0.433  36.835234    15.5519    3.47555     -0.429    29.1063    21.3167 -9.990e-29
 159.624792     -0.419  36.836367    15.5506    4.77406     -0.416    29.1083    21.3185 -9.990e-29
 159.624797     -0.406  36.835414    15.5491    5.68029     -0.403    29.1086    21.3190 -9.990e-29
 159.624803     -0.395  36.833927    15.5499    6.04115     -0.392    29.1067    21.3174 -9.990e-29
 159.624809     -0.383  36.835547    15.5526    6.23901     -0.380    29.1061    21.3163 -9.990e-29
 159.624815     -0.371  36.838525    15.5544    6.33309     -0.368    29.1074    21.3169 -9.990e-29
 159.624821     -0.358  36.839001    15.5535    6.38266     -0.355    29.1084    21.3180 -9.990e-29
 159.624826     -0.342  36.837069    15.5533    6.41018     -0.339    29.1069    21.3168 -9.990e-29
 159.624832     -0.323  36.836338    15.5571    6.42498     -0.320    29.1034    21.3133 -9.990e-29
 159.624838     -0.304  36.839215    15.5631    6.43123     -0.301    29.1015    21.3106 -9.990e-29
 159.624844     -0.288  36.843946    15.5665    6.42493     -0.286    29.1032    21.3111 -9.990e-29
 159.624850     -0.270  36.846766    15.5662    6.43401     -0.268    29.1059    21.3132 -9.990e-29
 159.624855     -0.248  36.846968    15.5646    6.43404     -0.246    29.1072    21.3146 -9.990e-29
 159.624861     -0.229  36.845962    15.5634    6.43108     -0.227    29.1072    21.3149 -9.990e-29
 159.624867     -0.218  36.845227    15.5641    6.42776     -0.216    29.1060    21.3138 -9.990e-29
 159.624873     -0.212  36.846041    15.5672    6.41500     -0.210    29.1045    21.3120 -9.990e-29
 159.624878     -0.208  36.847826    15.5710    6.40602     -0.206    29.1032    21.3102 -9.990e-29
 159.624884     -0.196  36.850176    15.5736    6.39553     -0.194    29.1034    21.3098 -9.990e-29
 159.624890     -0.172  36.852320    15.5754    6.39948     -0.171    29.1039    21.3098 -9.990e-29
 159.624896     -0.138  36.853771    15.5772    6.39933     -0.137    29.1038    21.3093 -9.990e-29
 159.624902     -0.101  36.854800    15.5783    6.39229     -0.100    29.1039    21.3092 -9.990e-29
 159.624907     -0.067  36.855113    15.5786    6.37169     -0.066    29.1040    21.3091 -9.990e-29
 159.624913     -0.037  36.855146    15.5788    6.36371     -0.037    29.1038    21.3090 -9.990e-29
 159.624919     -0.006  36.854961    15.5784    6.37200     -0.006    29.1040    21.3092 -9.990e-29
 159.624925      0.032  36.853208    15.5766    6.38021      0.032    29.1037    21.3094 -9.990e-29
 159.624931      0.076  36.848690    15.5746    6.37447      0.075    29.1012    21.3079 -9.990e-29
 159.624936      0.115  36.838764    15.5738    6.35549      0.114    29.0931    21.3018 -9.990e-29
 159.624942      0.140  36.827595    15.5735    6.33978      0.139    29.0835    21.2945 -9.990e-29
 159.624948      0.152  36.826471    15.5717    6.33812      0.151    29.0839    21.2952 -9.990e-29
 159.624954      0.160  36.833906    15.5653    6.35327      0.159    29.0951    21.3052 -9.990e-29
 159.624959      0.168  36.838892    15.5538    6.35151      0.167    29.1079    21.3175 -9.990e-29
 159.624965      0.179  36.836873    15.5432    6.33717      0.178    29.1140    21.3244 -9.990e-29
 159.624971      0.187  36.831144    15.5399    6.32260      0.185    29.1114    21.3231 -9.990e-29
 159.624977      0.189  36.828648    15.5422    6.31067      0.187    29.1075    21.3197 -9.990e-29
 159.624983      0.190  36.831107    15.5432    6.31007      0.188    29.1089    21.3205 -9.990e-29
 159.624988      0.194  36.832275    15.5362    6.32851      0.192    29.1151    21.3268 -9.990e-29
 159.624994      0.201  36.825868    15.5224    6.33659      0.199    29.1197    21.3333 -9.990e-29
 159.625000      0.211  36.814567    15.5136    6.33536      0.209    29.1162    21.3325 -9.990e-29
 159.625006      0.221  36.808541    15.5147    6.33184      0.219    29.1101    21.3276 -9.990e-29
 159.625012      0.228  36.810412    15.5209    6.32131      0.226    29.1072    21.3240 -9.990e-29
 159.625017      0.235  36.815948    15.5302    6.31399      0.233    29.1052    21.3205 -9.990e-29
 159.625023      0.249  36.824128    15.5418    6.31173      0.247    29.1038    21.3169 -9.990e-29
 159.625029      0.265  36.833531    15.5516    6.30843      0.263    29.1048    21.3156 -9.990e-29
 159.625035      0.275  36.839882    15.5573    6.29816      0.273    29.1062    21.3154 -9.990e-29
 159.625041      0.277  36.842684    15.5601    6.29859      0.275    29.1066    21.3151 -9.990e-29
 159.625046      0.274  36.844000    15.5609    6.29165      0.272    29.1072    21.3154 -9.990e-29
 159.625052      0.275  36.843912    15.5587    6.28611      0.273    29.1087    21.3171 -9.990e-29
 159.625058      0.285  36.841747    15.5539    6.29321      0.283    29.1103    21.3193 -9.990e-29
 159.625064      0.303  36.837991    15.5495    6.28271      0.300    29.1103    21.3202 -9.990e-29
 159.625069      0.328  36.834934    15.5481    6.27777      0.325    29.1086    21.3193 -9.990e-29
 159.625075      0.351  36.834110    15.5495    6.28132      0.348    29.1069    21.3176 -9.990e-29
 159.625081      0.370  36.835546    15.5520    6.28001      0.367    29.1063    21.3166 -9.990e-29
 159.625087      0.386  36.837800    15.5544    6.28826      0.383    29.1065    21.3163 -9.990e-29
 159.625093      0.401  36.839398    15.5567    6.29121      0.398    29.1062    21.3155 -9.990e-29
 159.625098      0.414  36.840795    15.5592    6.27680      0.411    29.1055    21.3145 -9.990e-29
 159.625104      0.428  36.842741    15.5622    6.26854      0.424    29.1050    21.3135 -9.990e-29
 159.625110      0.443  36.845034    15.5659    6.25950      0.439    29.1043    21.3122 -9.990e-29
 159.625116      0.464  36.847934    15.5709    6.24649      0.460    29.1032    21.3102 -9.990e-29
 159.625122      0.492  36.851953    15.5759    6.24583      0.488    29.1030    21.3090 -9.990e-29
 159.625127      0.521  36.855727    15.5759    6.23925      0.517    29.1063    21.3115 -9.990e-29
 159.625133      0.549  36.855323    15.5688    6.24884      0.544    29.1112    21.3168 -9.990e-29
 159.625139      0.572  36.849091    15.5577    6.25896      0.567    29.1139    21.3213 -9.990e-29
 159.625145      0.589  36.840501    15.5456    6.26644      0.584    29.1153    21.3249 -9.990e-29
