data/oxygen options/ONMS/Olympic_Coast_National_Marine_Sanctuary_Hypoxia_Survey_CTD_Data_2004_2015/raw_data/2005/CTD_CE20_081605faed.cnv
* Sea-Bird SBE19 Data File:
* FileName = C:\Hypoxia Data\CE20_081605.hex
* Software Version 1.1.6
* Temperature SN = 2997
* Conductivity SN = 2997
* System UpLoad Time = Aug 16 2005 10:33:49
* SEACAT PROFILER V3.1c SN 2997   08/16/05  10:33:11.341
* strain gauge pressure sensor: S/N = 184829,  range = 3000 psia,  tc = 40
# nquan = 9                                 
# nvalues = 1328                        
# units = specified
# name 0 = timeJ: Julian Days
# name 1 = prSM: Pressure, Strain Gauge [db]
# name 2 = c0mS/cm: Conductivity [mS/cm]
# name 3 = t090C: Temperature [ITS-90, deg C]
# name 4 = oxML/L: Oxygen, Beckman/YSI [ml/l]
# name 5 = depSM: Depth [salt water, m], lat = 47.5
# name 6 = sal00: Salinity, Practical [PSU]
# name 7 = sigma-é00: Density [sigma-theta, kg/m^3]
# name 8 = flag: flag
# span 0 = 228.424838, 228.432517       
# span 1 =     -3.945,     21.777       
# span 2 =   0.024997,  36.381654       
# span 3 =     7.6959,    11.7503       
# span 4 =  -13.05327,   31.01576       
# span 5 =     -3.912,     21.594       
# span 6 =     0.0187,    33.9292       
# span 7 =    -0.4578,    26.4772       
# span 8 = 0.0000e+00, 0.0000e+00       
# interval = seconds: 0.5
# start_time = Aug 16 2005 10:11:46 [Instrument's time stamp, header]
# bad_flag = -9.990e-29
*END*
[from data line 641]
 228.428547      0.772  36.335674     9.9102   31.01576      0.766    33.2924    25.6337 -9.990e-29
 228.428553      0.779  36.357743     9.9336   27.24662      0.772    33.2932    25.6305 -9.990e-29
 228.428559      0.780  36.364579     9.9346   17.78123      0.773    33.2993    25.6350 -9.990e-29
 228.428565      0.783  36.350766     9.9128   14.12216      0.776    33.3053    25.6434 -9.990e-29
 228.428571      0.800  36.321488     9.8886   14.14753      0.793    33.2978    25.6416 -9.990e-29
 228.428576      0.838  36.288224     9.8734   14.10816      0.831    33.2779    25.6286 -9.990e-29
 228.428582      0.882  36.277315     9.8671   14.09898      0.875    33.2726    25.6255 -9.990e-29
 228.428588      0.917  36.284346     9.8606   14.11999      0.909    33.2858    25.6368 -9.990e-29
 228.428594      0.937  36.264901     9.8456   14.12479      0.929    33.2798    25.6346 -9.990e-29
 228.428600      0.943  36.216647     9.8278   14.12388      0.935    33.2469    25.6119 -9.990e-29
 228.428605      0.945  36.180708     9.8165   11.44704      0.937    33.2207    25.5933 -9.990e-29
 228.428611      0.951  36.166967     9.8152    6.91560      0.943    33.2078    25.5835 -9.990e-29
 228.428617      0.965  36.163871     9.8236    4.35503      0.957    33.1969    25.5736 -9.990e-29
 228.428623      0.984  36.166772     9.8429    3.57537      0.976    33.1821    25.5588 -9.990e-29
 228.428628      1.005  36.174536     9.8763    4.81438      0.997    33.1592    25.5354 -9.990e-29
 228.428634      1.030  36.190269     9.9140    6.41265      1.021    33.1406    25.5146 -9.990e-29
 228.428640      1.055  36.213687     9.9380    7.02058      1.046    33.1424    25.5120 -9.990e-29
 228.428646      1.074  36.233448     9.9476    7.37217      1.065    33.1537    25.5192 -9.990e-29
 228.428652      1.088  36.242867     9.9516    7.57739      1.079    33.1596    25.5232 -9.990e-29
 228.428657      1.107  36.246140     9.9511    7.70373      1.098    33.1633    25.5262 -9.990e-29
 228.428663      1.131  36.247676     9.9500    7.77329      1.122    33.1659    25.5284 -9.990e-29
 228.428669      1.154  36.251812     9.9524    7.82482      1.144    33.1679    25.5295 -9.990e-29
 228.428675      1.172  36.254939     9.9599    7.86324      1.162    33.1642    25.5254 -9.990e-29
 228.428681      1.188  36.255636     9.9757    7.88948      1.178    33.1504    25.5120 -9.990e-29
 228.428686      1.202  36.263061     9.9943    7.88351      1.192    33.1408    25.5014 -9.990e-29
 228.428692      1.215  36.276451    10.0033    7.87019      1.205    33.1462    25.5041 -9.990e-29
 228.428698      1.227  36.283181    10.0027    7.85483      1.217    33.1536    25.5099 -9.990e-29
 228.428704      1.240  36.283240     9.9995    7.85243      1.230    33.1566    25.5128 -9.990e-29
 228.428709      1.255  36.282297     9.9865    7.85149      1.245    33.1675    25.5235 -9.990e-29
 228.428715      1.267  36.271226     9.9668    7.83783      1.256    33.1744    25.5322 -9.990e-29
 228.428721      1.274  36.254874     9.9597    7.83098      1.263    33.1643    25.5255 -9.990e-29
 228.428727      1.275  36.250668     9.9616    7.82379      1.264    33.1582    25.5204 -9.990e-29
 228.428733      1.272  36.252417     9.9615    7.81193      1.261    33.1601    25.5219 -9.990e-29
 228.428738      1.268  36.251782     9.9607    7.79856      1.257    33.1602    25.5221 -9.990e-29
 228.428744      1.267  36.251826     9.9590    7.78119      1.256    33.1618    25.5237 -9.990e-29
 228.428750      1.269  36.251467     9.9540    7.76329      1.258    33.1660    25.5278 -9.990e-29
 228.428756      1.275  36.247966     9.9448    7.75917      1.264    33.1709    25.5332 -9.990e-29
 228.428762      1.279  36.240563     9.9327    7.75071      1.268    33.1745    25.5380 -9.990e-29
 228.428767      1.279  36.231146     9.9215    7.72529      1.268    33.1752    25.5404 -9.990e-29
 228.428773      1.282  36.223399     9.9135    7.71027      1.271    33.1747    25.5413 -9.990e-29
 228.428779      1.303  36.219311     9.9083    7.71586      1.292    33.1753    25.5427 -9.990e-29
 228.428785      1.341  36.217337     9.9039    7.72860      1.330    33.1773    25.5450 -9.990e-29
 228.428791      1.387  36.214826     9.8994    7.74916      1.375    33.1789    25.5469 -9.990e-29
 228.428796      1.427  36.211216     9.8979    7.75121      1.415    33.1766    25.5454 -9.990e-29
 228.428802      1.446  36.209525     9.9020    7.76213      1.434    33.1711    25.5404 -9.990e-29
 228.428808      1.441  36.212525     9.9097    7.76808      1.429    33.1670    25.5360 -9.990e-29
 228.428814      1.428  36.218590     9.9176    7.76095      1.416    33.1660    25.5338 -9.990e-29
 228.428819      1.425  36.225135     9.9241    7.76753      1.413    33.1666    25.5333 -9.990e-29
 228.428825      1.435  36.230220     9.9281    7.77144      1.423    33.1681    25.5338 -9.990e-29
 228.428831      1.454  36.232199     9.9315    7.78316      1.442    33.1670    25.5323 -9.990e-29
 228.428837      1.476  36.233694     9.9363    7.79020      1.464    33.1641    25.5293 -9.990e-29
 228.428843      1.496  36.237240     9.9392    7.78613      1.484    33.1651    25.5295 -9.990e-29
 228.428848      1.517  36.239698     9.9390    7.76751      1.504    33.1677    25.5316 -9.990e-29
 228.428854      1.540  36.239282     9.9399    7.77100      1.527    33.1665    25.5305 -9.990e-29
 228.428860      1.567  36.239344     9.9444    7.78750      1.554    33.1624    25.5266 -9.990e-29
 228.428866      1.598  36.242193     9.9493    7.81492      1.585    33.1608    25.5245 -9.990e-29
 228.428872      1.632  36.244879     9.9518    7.83010      1.618    33.1612    25.5244 -9.990e-29
 228.428877      1.658  36.245921     9.9554    7.82214      1.644    33.1589    25.5220 -9.990e-29
 228.428883      1.669  36.248934     9.9622    7.81370      1.655    33.1557    25.5184 -9.990e-29
 228.428889      1.671  36.254553     9.9686    7.79573      1.657    33.1556    25.5172 -9.990e-29
 228.428895      1.671  36.259039     9.9729    7.78289      1.657    33.1562    25.5170 -9.990e-29
 228.428900      1.675  36.261628     9.9753    7.78467      1.661    33.1566    25.5169 -9.990e-29
 228.428906      1.678  36.263511     9.9733    7.78501      1.664    33.1604    25.5202 -9.990e-29
 228.428912      1.676  36.262137     9.9650    7.76741      1.662    33.1666    25.5264 -9.990e-29
 228.428918      1.673  36.256217     9.9486    7.73796      1.659    33.1756    25.5362 -9.990e-29
 228.428924      1.677  36.245130     9.9310    7.69330      1.663    33.1805    25.5430 -9.990e-29
 228.428929      1.690  36.234263     9.9244    7.64628      1.676    33.1755    25.5402 -9.990e-29
 228.428935      1.702  36.231533     9.9258    7.58112      1.688    33.1715    25.5368 -9.990e-29
 228.428941      1.711  36.232159     9.9231    7.53827      1.697    33.1746    25.5396 -9.990e-29
 228.428947      1.721  36.228544     9.8976    7.47616      1.707    33.1944    25.5593 -9.990e-29
 228.428953      1.742  36.208004     9.8395    7.45012      1.727    33.2270    25.5944 -9.990e-29
 228.428958      1.771  36.165565     9.7818    7.46690      1.756    33.2369    25.6117 -9.990e-29
 228.428964      1.791  36.127612     9.7703    7.52091      1.776    33.2087    25.5916 -9.990e-29
 228.428970      1.797  36.124257     9.8046    7.58850      1.782    33.1736    25.5585 -9.990e-29
 228.428976      1.793  36.153236     9.8457    7.64595      1.778    33.1653    25.5453 -9.990e-29
 228.428981      1.787  36.183637     9.8716    7.69115      1.772    33.1725    25.5466 -9.990e-29
 228.428987      1.783  36.198232     9.8896    7.71595      1.768    33.1708    25.5423 -9.990e-29
 228.428993      1.781  36.208621     9.9056    7.71924      1.766    33.1667    25.5364 -9.990e-29
 228.428999      1.780  36.221351     9.9181    7.69033      1.765    33.1682    25.5354 -9.990e-29
 228.429005      1.785  36.230950     9.9263    7.66168      1.770    33.1704    25.5358 -9.990e-29
 228.429010      1.805  36.235062     9.9225    7.63021      1.790    33.1781    25.5424 -9.990e-29
 228.429016      1.840  36.230746     9.9038    7.62615      1.825    33.1909    25.5556 -9.990e-29
 228.429022      1.881  36.217277     9.8861    7.61036      1.865    33.1934    25.5605 -9.990e-29
 228.429028      1.912  36.204715     9.8797    7.60032      1.896    33.1865    25.5561 -9.990e-29
 228.429034      1.928  36.200398     9.8766    7.60006      1.912    33.1849    25.5554 -9.990e-29
 228.429039      1.934  36.197988     9.8724    7.60149      1.918    33.1863    25.5572 -9.990e-29
 228.429045      1.933  36.194816     9.8756    7.59658      1.917    33.1802    25.5519 -9.990e-29
 228.429051      1.931  36.198974     9.8842    7.57909      1.915    33.1765    25.5476 -9.990e-29
 228.429057      1.932  36.207013     9.8850    7.57264      1.916    33.1839    25.5533 -9.990e-29
 228.429062      1.931  36.206083     9.8768    7.55971      1.915    33.1905    25.5598 -9.990e-29
 228.429068      1.928  36.197733     9.8659    7.57116      1.912    33.1921    25.5628 -9.990e-29
 228.429074      1.932  36.189880     9.8576    7.57816      1.916    33.1917    25.5639 -9.990e-29
 228.429080      1.943  36.185492     9.8544    7.56492      1.927    33.1902    25.5632 -9.990e-29
 228.429086      1.958  36.184305     9.8524    7.56187      1.942    33.1908    25.5640 -9.990e-29
 228.429091      1.980  36.183034     9.8499    7.58266      1.963    33.1918    25.5652 -9.990e-29
 228.429097      2.013  36.181089     9.8511    7.61534      1.996    33.1887    25.5626 -9.990e-29
 228.429103      2.050  36.182026     9.8569    7.66442      2.033    33.1843    25.5582 -9.990e-29
 228.429109      2.083  36.186517     9.8636    7.71139      2.066    33.1827    25.5558 -9.990e-29
 228.429115      2.108  36.190996     9.8735    7.73688      2.090    33.1781    25.5506 -9.990e-29
 228.429120      2.121  36.197494     9.8907    7.77402      2.103    33.1689    25.5406 -9.990e-29
 228.429126      2.123  36.209614     9.9116    7.80092      2.105    33.1620    25.5318 -9.990e-29
 228.429132      2.118  36.223311     9.9328    7.80884      2.100    33.1565    25.5239 -9.990e-29
 228.429138      2.115  36.236646     9.9496    7.80843      2.097    33.1546    25.5196 -9.990e-29
 228.429144      2.118  36.247198     9.9545    7.77544      2.100    33.1608    25.5237 -9.990e-29
 228.429149      2.122  36.248836     9.9522    7.77313      2.104    33.1646    25.5270 -9.990e-29
 228.429155      2.124  36.245973     9.9490    7.78156      2.106    33.1647    25.5276 -9.990e-29
 228.429161      2.128  36.243747     9.9438    7.78124      2.110    33.1672    25.5304 -9.990e-29
 228.429167      2.138  36.240852     9.9396    7.78106      2.120    33.1681    25.5318 -9.990e-29
 228.429172      2.152  36.239579     9.9425    7.77937      2.134    33.1641    25.5282 -9.990e-29
 228.429178      2.165  36.242699     9.9536    7.78766      2.147    33.1571    25.5209 -9.990e-29
 228.429184      2.182  36.251547     9.9653    7.82146      2.164    33.1553    25.5176 -9.990e-29
 228.429190      2.205  36.260523     9.9698    7.83918      2.187    33.1603    25.5207 -9.990e-29
 228.429196      2.223  36.262511     9.9741    7.85045      2.204    33.1584    25.5185 -9.990e-29
 228.429201      2.227  36.264073     9.9835    7.83770      2.208    33.1513    25.5114 -9.990e-29
 228.429207      2.223  36.270638     9.9925    7.80316      2.204    33.1497    25.5087 -9.990e-29
 228.429213      2.219  36.277484     9.9972    7.78374      2.200    33.1524    25.5099 -9.990e-29
 228.429219      2.223  36.280826     9.9960    7.74718      2.204    33.1569    25.5137 -9.990e-29
 228.429225      2.240  36.280058     9.9824    7.72794      2.221    33.1686    25.5251 -9.990e-29
 228.429230      2.266  36.271896     9.9544    7.69931      2.247    33.1860    25.5433 -9.990e-29
 228.429236      2.294  36.253853     9.9301    7.69659      2.275    33.1900    25.5505 -9.990e-29
 228.429242      2.318  36.239421     9.9237    7.71575      2.299    33.1812    25.5447 -9.990e-29
 228.429248      2.336  36.238494     9.9282    7.75190      2.316    33.1761    25.5400 -9.990e-29
 228.429253      2.347  36.241399     9.9400    7.80114      2.327    33.1682    25.5318 -9.990e-29
 228.429259      2.349  36.247506     9.9574    7.80633      2.329    33.1584    25.5213 -9.990e-29
 228.429265      2.342  36.258213     9.9704    7.80400      2.322    33.1573    25.5183 -9.990e-29
 228.429271      2.334  36.264790     9.9794    7.81717      2.315    33.1558    25.5156 -9.990e-29
 228.429277      2.328  36.269264     9.9925    7.84459      2.309    33.1483    25.5075 -9.990e-29
 228.429282      2.324  36.278706    10.0076    7.87249      2.305    33.1440    25.5017 -9.990e-29
 228.429288      2.322  36.289985    10.0141    7.87589      2.303    33.1495    25.5049 -9.990e-29
 228.429294      2.322  36.294011    10.0088    7.85943      2.303    33.1585    25.5128 -9.990e-29
 228.429300      2.328  36.288849    10.0010    7.85195      2.309    33.1604    25.5156 -9.990e-29
 228.429306      2.345  36.283303    10.0020    7.85620      2.325    33.1538    25.5103 -9.990e-29
 228.429311      2.369  36.285100    10.0141    7.88517      2.349    33.1445    25.5010 -9.990e-29
 228.429317      2.394  36.293812    10.0282    7.90053      2.374    33.1404    25.4954 -9.990e-29
 228.429323      2.408  36.303652    10.0360    7.91199      2.388    33.1433    25.4963 -9.990e-29
 228.429329      2.403  36.309219    10.0389    7.89368      2.383    33.1463    25.4982 -9.990e-29
 228.429334      2.389  36.311191    10.0394    7.87111      2.369    33.1478    25.4993 -9.990e-29
 228.429340      2.380  36.311062    10.0367    7.85010      2.360    33.1502    25.5016 -9.990e-29
 228.429346      2.385  36.307520    10.0320    7.85795      2.365    33.1509    25.5030 -9.990e-29
 228.429352      2.401  36.302555    10.0298    7.88044      2.381    33.1479    25.5010 -9.990e-29
 228.429358      2.419  36.300182    10.0325    7.89966      2.399    33.1430    25.4967 -9.990e-29
 228.429363      2.433  36.301145    10.0379    7.91249      2.413    33.1390    25.4927 -9.990e-29
 228.429369      2.438  36.304467    10.0435    7.90409      2.418    33.1372    25.4904 -9.990e-29
 228.429375      2.439  36.309523    10.0501    7.90794      2.419    33.1363    25.4885 -9.990e-29
 228.429381      2.446  36.316321    10.0594    7.92053      2.426    33.1347    25.4857 -9.990e-29
 228.429387      2.462  36.324392    10.0683    7.93372      2.441    33.1347    25.4842 -9.990e-29
 228.429392      2.484  36.331039    10.0725    7.93435      2.463    33.1376    25.4858 -9.990e-29
 228.429398      2.502  36.333913    10.0721    7.91535      2.481    33.1409    25.4884 -9.990e-29
 228.429404      2.507  36.333483    10.0691    7.90289      2.486    33.1432    25.4907 -9.990e-29
 228.429410      2.505  36.331421    10.0644    7.89155      2.484    33.1454    25.4932 -9.990e-29
 228.429416      2.503  36.328341    10.0586    7.89924      2.482    33.1476    25.4959 -9.990e-29
 228.429421      2.506  36.324624    10.0542    7.90273      2.485    33.1478    25.4969 -9.990e-29
 228.429427      2.509  36.321483    10.0544    7.91622      2.488    33.1445    25.4942 -9.990e-29
 228.429433      2.510  36.321461    10.0588    7.92074      2.489    33.1404    25.4903 -9.990e-29
 228.429439      2.506  36.325089    10.0630    7.90567      2.485    33.1402    25.4894 -9.990e-29
 228.429444      2.504  36.328233    10.0649    7.89320      2.483    33.1417    25.4903 -9.990e-29
 228.429450      2.506  36.328919    10.0658    7.89383      2.485    33.1416    25.4900 -9.990e-29
 228.429456      2.514  36.329186    10.0660    7.91508      2.493    33.1416    25.4900 -9.990e-29
 228.429462      2.527  36.329392    10.0656    7.91953      2.506    33.1422    25.4905 -9.990e-29
