data/oxygen options/ONMS/Olympic_Coast_National_Marine_Sanctuary_Hypoxia_Survey_CTD_Data_2004_2015/raw_data/2005/CTD_TH70_062205faed.cnv
* Sea-Bird SBE19 Data File:
* FileName = C:\hypoxia CTD data\TH70_062205.hex
* Software Version 1.1.5
* Temperature SN = 2997
* Conductivity SN = 2997
* System UpLoad Time = Jun 22 2005 12:47:45
* SEACAT PROFILER V3.1c SN 2997   06/22/05  12:47:17.684
* strain gauge pressure sensor: S/N = 184829,  range = 3000 psia,  tc = 40
# nquan = 9                                 
# nvalues = 724                         
# units = specified
# name 0 = timeJ: Julian Days
# name 1 = prSM: Pressure, Strain Gauge [db]
# name 2 = c0mS/cm: Conductivity [mS/cm]
# name 3 = t090C: Temperature [ITS-90, deg C]
# name 4 = oxML/L: Oxygen, Beckman/YSI [ml/l]
# name 5 = depSM: Depth [salt water, m], lat = 47.5
# name 6 = sal00: Salinity, Practical [PSU]
# name 7 = sigma-é00: Density [sigma-theta, kg/m^3]
# name 8 = flag: flag
# span 0 = 173.458113, 173.462297       
# span 1 =     -3.411,     71.605       
# span 2 =   3.191187,  38.239804       
# span 3 =     7.9992,    15.1848       
# span 4 =   -0.09611,   24.49970       
# span 5 =     -3.383,     70.995       
# span 6 =     2.1163,    33.5272       
# span 7 =     0.7811,    26.1180       
# span 8 = 0.0000e+00, 0.0000e+00       
# interval = seconds: 0.5
# start_time = Jun 22 2005 10:59:41 [Instrument's time stamp, header]
# bad_flag = -9.990e-29
*END*
 173.458113     -3.411 -9.990e-29    14.4890   -0.09599     -3.383 -9.990e-29 -9.990e-29 -9.990e-29
 173.458119     -3.344  11.736016    14.6964   -0.09601     -3.316     8.5231     5.7028 -9.990e-29
 173.458125     -3.243  22.458548    14.9082   -0.09600     -3.216    17.1580    12.2818 -9.990e-29
 173.458131     -3.118  31.536137    15.0371   -0.09600     -3.092    24.8309    18.1409 -9.990e-29
 173.458137     -2.992  35.818824    15.1019   -0.09602     -2.967    28.5418    20.9780 -9.990e-29
 173.458142     -2.876  37.326564    15.1381   -0.09605     -2.852    29.8513    21.9772 -9.990e-29
 173.458148     -2.778  37.842544    15.1549   -0.09603     -2.755    30.2973    22.3167 -9.990e-29
 173.458154     -2.695  38.017392    15.1610   -0.09601     -2.673    30.4483    22.4315 -9.990e-29
 173.458160     -2.626  38.076450    15.1643   -0.09602     -2.604    30.4983    22.4693 -9.990e-29
 173.458166     -2.571  38.109374    15.1668   -0.09605     -2.550    30.5257    22.4898 -9.990e-29
 173.458171     -2.522  38.133202    15.1681   -0.09607     -2.501    30.5459    22.5051 -9.990e-29
 173.458177     -2.472  38.142748    15.1678   -0.09604     -2.451    30.5546    22.5118 -9.990e-29
 173.458183     -2.422  38.144073    15.1654   -0.09602     -2.402    30.5576    22.5147 -9.990e-29
 173.458189     -2.376  38.145738    15.1617   -0.09602     -2.356    30.5620    22.5188 -9.990e-29
 173.458194     -2.338  38.146101    15.1583   -0.09605     -2.319    30.5649    22.5218 -9.990e-29
 173.458200     -2.308  38.140658    15.1562   -0.09605     -2.289    30.5617    22.5198 -9.990e-29
 173.458206     -2.288  38.139044    15.1556   -0.09609     -2.269    30.5607    22.5192 -9.990e-29
 173.458212     -2.270  38.148143    15.1555   -0.09608     -2.251    30.5689    22.5255 -9.990e-29
 173.458218     -2.243  38.155470    15.1547   -0.09604     -2.224    30.5761    22.5312 -9.990e-29
 173.458223     -2.209  38.147861    15.1534   -0.09603     -2.191    30.5703    22.5270 -9.990e-29
 173.458229     -2.176  38.129818    15.1527   -0.09606     -2.158    30.5547    22.5152 -9.990e-29
 173.458235     -2.145  38.123342    15.1533   -0.09606     -2.127    30.5485    22.5102 -9.990e-29
 173.458241     -2.111  38.136689    15.1545   -0.09605     -2.093    30.5594    22.5184 -9.990e-29
 173.458247     -2.070  38.149017    15.1545   -0.09607     -2.053    30.5704    22.5269 -9.990e-29
 173.458252     -2.030  38.142608    15.1513   -0.09607     -2.013    30.5672    22.5251 -9.990e-29
 173.458258     -1.991  38.125809    15.1459   -0.09607     -1.974    30.5564    22.5179 -9.990e-29
 173.458264     -1.955  38.115550    15.1438   -0.09603     -1.939    30.5489    22.5126 -9.990e-29
 173.458270     -1.925  38.116727    15.1467   -0.09602     -1.909    30.5477    22.5110 -9.990e-29
 173.458275     -1.894  38.129287    15.1503   -0.09604     -1.878    30.5560    22.5167 -9.990e-29
 173.458281     -1.856  38.142555    15.1519   -0.09606     -1.841    30.5666    22.5245 -9.990e-29
 173.458287     -1.813  38.140071    15.1520   -0.09611     -1.798    30.5643    22.5227 -9.990e-29
 173.458293     -1.766  38.126438    15.1516   -0.09610     -1.751    30.5524    22.5137 -9.990e-29
 173.458299     -1.717  38.120565    15.1510   -0.09606     -1.703    30.5476    22.5101 -9.990e-29
 173.458304     -1.676  38.121414    15.1494   -0.09606     -1.662    30.5496    22.5120 -9.990e-29
 173.458310     -1.648  38.118402    15.1482   -0.09606     -1.634    30.5479    22.5109 -9.990e-29
 173.458316     -1.627  38.122158    15.1497   -0.09606     -1.613    30.5500    22.5122 -9.990e-29
 173.458322     -1.603  38.139997    15.1520   -0.09607     -1.590    30.5641    22.5226 -9.990e-29
 173.458328     -1.571  38.157628    15.1514   -0.09607     -1.558    30.5803    22.5352 -9.990e-29
 173.458333     -1.533  38.159918    15.1453   -0.09607     -1.520    30.5871    22.5417 -9.990e-29
 173.458339     -1.499  38.149984    15.1371   -0.09608     -1.486    30.5846    22.5415 -9.990e-29
 173.458345     -1.476  38.141008    15.1355   -0.09603     -1.464    30.5779    22.5367 -9.990e-29
 173.458351     -1.453  38.137910    15.1418   -0.09602     -1.441    30.5702    22.5294 -9.990e-29
 173.458356     -1.421  38.139426    15.1488   -0.09604     -1.409    30.5661    22.5248 -9.990e-29
 173.458362     -1.382  38.138666    15.1523   -0.09605     -1.370    30.5626    22.5214 -9.990e-29
 173.458368     -1.341  38.131319    15.1530   -0.09609     -1.330    30.5555    22.5158 -9.990e-29
 173.458374     -1.306  38.123918    15.1528   -0.09604     -1.295    30.5491    22.5108 -9.990e-29
 173.458380     -1.277  38.119560    15.1520   -0.09601     -1.266    30.5458    22.5085 -9.990e-29
 173.458385     -1.258  38.115864    15.1503   -0.09601     -1.248    30.5438    22.5073 -9.990e-29
 173.458391     -1.247  38.114135    15.1495   -0.09602     -1.237    30.5429    22.5068 -9.990e-29
 173.458397     -1.234  38.119423    15.1513   -0.09605     -1.224    30.5462    22.5090 -9.990e-29
 173.458403     -1.215  38.136037    15.1539   -0.09605     -1.205    30.5590    22.5182 -9.990e-29
 173.458409     -1.189  38.157026    15.1542   -0.09600     -1.179    30.5775    22.5324 -9.990e-29
 173.458414     -1.162  38.165566    15.1502   -0.09599     -1.152    30.5882    22.5415 -9.990e-29
 173.458420     -1.150  38.161329    15.1451   -0.09601     -1.140    30.5884    22.5427 -9.990e-29
 173.458426     -1.160  38.159482    15.1463   -0.09601     -1.150    30.5858    22.5405 -9.990e-29
 173.458432     -1.173  38.166600    15.1524   -0.09606     -1.163    30.5874    22.5404 -9.990e-29
 173.458438     -1.158  38.178774    15.1567   -0.09600     -1.148    30.5949    22.5453 -9.990e-29
 173.458443     -1.119  38.185939    15.1563   -0.09596     -1.110    30.6016    22.5505 -9.990e-29
 173.458449     -1.079  38.183691    15.1531   -0.09595     -1.070    30.6021    22.5515 -9.990e-29
 173.458455     -1.053  38.178633    15.1535   -0.09597     -1.044    30.5972    22.5477 -9.990e-29
 173.458461     -1.035  38.178103    15.1594   -0.09598     -1.026    30.5921    22.5426 -9.990e-29
 173.458466     -1.010  38.184262    15.1653   -0.09601     -1.002    30.5930    22.5420 -9.990e-29
 173.458472     -0.978  38.191364    15.1670   -0.09601     -0.970    30.5980    22.5455 -9.990e-29
 173.458478     -0.954  38.190996    15.1633   -0.09598     -0.946    30.6006    22.5482 -9.990e-29
 173.458484     -0.956  38.184413    15.1592   -0.09598     -0.948    30.5979    22.5470 -9.990e-29
 173.458490     -0.986  38.181412    15.1632   -0.09599     -0.978    30.5921    22.5417 -9.990e-29
 173.458495     -1.020  38.188148    15.1725   -0.09601     -1.011    30.5909    22.5388 -9.990e-29
 173.458501     -1.033  38.200204    15.1782   -0.09603     -1.024    30.5972    22.5424 -9.990e-29
 173.458507     -1.019  38.207361    15.1787   -0.09602     -1.010    30.6031    22.5469 -9.990e-29
 173.458513     -0.985  38.206888    15.1753   -0.09602     -0.977    30.6054    22.5493 -9.990e-29
 173.458519     -0.951  38.202146    15.1703   -0.09602     -0.943    30.6050    22.5502 -9.990e-29
 173.458524     -0.930  38.196410    15.1681   -0.09602     -0.922    30.6016    22.5480 -9.990e-29
 173.458530     -0.918  38.193309    15.1696   -0.09602     -0.910    30.5977    22.5447 -9.990e-29
 173.458536     -0.893  38.194381    15.1716   -0.09603     -0.886    30.5971    22.5438 -9.990e-29
 173.458542     -0.840  38.196072    15.1710   -0.09605     -0.833    30.5990    22.5454 -9.990e-29
 173.458547     -0.768  38.193973    15.1674   13.91408     -0.762    30.5999    22.5469 -9.990e-29
 173.458553     -0.699  38.189834    15.1640   23.16727     -0.693    30.5989    22.5468 -9.990e-29
 173.458559     -0.645  38.186614    15.1636   24.49970     -0.640    30.5963    22.5449 -9.990e-29
 173.458565     -0.602  38.184004    15.1646   21.43980     -0.597    30.5932    22.5423 -9.990e-29
 173.458571     -0.565  38.181393    15.1653   13.89170     -0.560    30.5903    22.5399 -9.990e-29
 173.458576     -0.530  38.179290    15.1658   11.13782     -0.526    30.5880    22.5380 -9.990e-29
 173.458582     -0.495  38.177758    15.1647   11.15058     -0.491    30.5875    22.5379 -9.990e-29
 173.458588     -0.462  38.177062    15.1616   11.13375     -0.458    30.5893    22.5399 -9.990e-29
 173.458594     -0.434  38.178581    15.1606   11.14251     -0.430    30.5914    22.5418 -9.990e-29
 173.458600     -0.409  38.183284    15.1648   11.14768     -0.406    30.5923    22.5416 -9.990e-29
 173.458605     -0.384  38.195260    15.1703   11.14971     -0.381    30.5987    22.5453 -9.990e-29
 173.458611     -0.359  38.212591    15.1732   11.15433     -0.356    30.6119    22.5548 -9.990e-29
 173.458617     -0.337  38.224237    15.1741   11.15646     -0.334    30.6215    22.5621 -9.990e-29
 173.458623     -0.323  38.228404    15.1746   11.15921     -0.320    30.6248    22.5645 -9.990e-29
 173.458628     -0.318  38.229587    15.1754   11.16195     -0.315    30.6253    22.5647 -9.990e-29
 173.458634     -0.313  38.230551    15.1764   10.96791     -0.310    30.6253    22.5645 -9.990e-29
 173.458640     -0.298  38.232086    15.1765    8.00241     -0.296    30.6266    22.5655 -9.990e-29
 173.458646     -0.268  38.232376    15.1758    5.55151     -0.266    30.6274    22.5662 -9.990e-29
 173.458652     -0.236  38.231872    15.1751    4.38304     -0.234    30.6275    22.5665 -9.990e-29
 173.458657     -0.218  38.231648    15.1747    4.41776     -0.216    30.6276    22.5666 -9.990e-29
 173.458663     -0.220  38.231465    15.1744    5.68219     -0.218    30.6277    22.5667 -9.990e-29
 173.458669     -0.228  38.231145    15.1743    6.37813     -0.226    30.6275    22.5666 -9.990e-29
 173.458675     -0.225  38.230885    15.1745    6.66769     -0.223    30.6271    22.5663 -9.990e-29
 173.458681     -0.203  38.230963    15.1747    6.84016     -0.201    30.6270    22.5661 -9.990e-29
 173.458686     -0.169  38.230988    15.1748    6.91672     -0.168    30.6269    22.5661 -9.990e-29
 173.458692     -0.137  38.230496    15.1754    6.94019     -0.136    30.6260    22.5652 -9.990e-29
 173.458698     -0.115  38.228893    15.1768    6.94996     -0.114    30.6235    22.5630 -9.990e-29
 173.458704     -0.097  38.224666    15.1784    6.95723     -0.096    30.6185    22.5588 -9.990e-29
 173.458709     -0.078  38.219534    15.1787    6.97345     -0.077    30.6137    22.5550 -9.990e-29
 173.458715     -0.055  38.218498    15.1768    6.98345     -0.055    30.6142    22.5559 -9.990e-29
 173.458721     -0.032  38.220802    15.1743    6.99338     -0.032    30.6182    22.5595 -9.990e-29
 173.458727     -0.016  38.221729    15.1727    6.99165     -0.016    30.6203    22.5614 -9.990e-29
 173.458733     -0.010  38.218651    15.1719    6.98425     -0.010    30.6181    22.5599 -9.990e-29
 173.458738     -0.010  38.215939    15.1718    6.97016     -0.010    30.6158    22.5582 -9.990e-29
 173.458744     -0.003  38.219016    15.1721    6.95861     -0.003    30.6183    22.5600 -9.990e-29
 173.458750      0.021  38.223076    15.1718    6.97096      0.021    30.6222    22.5630 -9.990e-29
 173.458756      0.054  38.224621    15.1713    6.97073      0.054    30.6239    22.5645 -9.990e-29
 173.458762      0.085  38.225216    15.1710    6.96041      0.084    30.6247    22.5651 -9.990e-29
 173.458767      0.109  38.225153    15.1707    6.94826      0.108    30.6248    22.5653 -9.990e-29
 173.458773      0.117  38.224414    15.1706    6.93474      0.116    30.6243    22.5649 -9.990e-29
 173.458779      0.111  38.223758    15.1707    6.93549      0.110    30.6236    22.5644 -9.990e-29
 173.458785      0.102  38.223496    15.1713    6.93296      0.101    30.6229    22.5637 -9.990e-29
 173.458791      0.104  38.223344    15.1722    6.92037      0.103    30.6221    22.5629 -9.990e-29
 173.458796      0.120  38.223162    15.1726    6.91095      0.119    30.6216    22.5624 -9.990e-29
 173.458802      0.147  38.221092    15.1720    6.90544      0.146    30.6202    22.5615 -9.990e-29
 173.458808      0.178  38.217800    15.1713    6.90629      0.177    30.6178    22.5598 -9.990e-29
 173.458814      0.208  38.216813    15.1712    6.89936      0.206    30.6170    22.5592 -9.990e-29
 173.458819      0.228  38.219122    15.1716    6.90132      0.226    30.6187    22.5604 -9.990e-29
 173.458825      0.242  38.222821    15.1722    6.89698      0.240    30.6215    22.5625 -9.990e-29
 173.458831      0.253  38.225612    15.1727    6.89452      0.251    30.6236    22.5640 -9.990e-29
 173.458837      0.262  38.226412    15.1730    6.88946      0.260    30.6241    22.5643 -9.990e-29
 173.458843      0.270  38.225197    15.1729    6.88207      0.268    30.6231    22.5635 -9.990e-29
 173.458848      0.278  38.221117    15.1724    6.87644      0.276    30.6199    22.5612 -9.990e-29
 173.458854      0.289  38.217165    15.1719    6.88091      0.287    30.6167    22.5588 -9.990e-29
 173.458860      0.310  38.218363    15.1718    6.87773      0.307    30.6179    22.5597 -9.990e-29
 173.458866      0.338  38.221826    15.1723    6.87525      0.335    30.6205    22.5617 -9.990e-29
 173.458872      0.364  38.224319    15.1729    6.86436      0.361    30.6223    22.5629 -9.990e-29
 173.458877      0.388  38.226365    15.1731    6.85617      0.385    30.6239    22.5642 -9.990e-29
 173.458883      0.410  38.227330    15.1732    6.85989      0.407    30.6247    22.5647 -9.990e-29
 173.458889      0.427  38.227382    15.1734    6.86163      0.423    30.6246    22.5646 -9.990e-29
 173.458895      0.437  38.227716    15.1734    6.85760      0.433    30.6249    22.5648 -9.990e-29
 173.458900      0.445  38.228220    15.1737    6.84971      0.441    30.6251    22.5649 -9.990e-29
 173.458906      0.454  38.227886    15.1741    6.84430      0.450    30.6245    22.5644 -9.990e-29
 173.458912      0.466  38.226272    15.1741    6.84455      0.462    30.6231    22.5633 -9.990e-29
 173.458918      0.481  38.224592    15.1742    6.84351      0.477    30.6215    22.5620 -9.990e-29
 173.458924      0.496  38.225099    15.1743    6.84249      0.492    30.6218    22.5623 -9.990e-29
 173.458929      0.504  38.227350    15.1744    6.83999      0.500    30.6238    22.5637 -9.990e-29
 173.458935      0.501  38.228737    15.1745    6.83842      0.497    30.6249    22.5646 -9.990e-29
 173.458941      0.494  38.228871    15.1747    6.83065      0.490    30.6249    22.5645 -9.990e-29
 173.458947      0.497  38.229054    15.1745    6.81691      0.493    30.6252    22.5648 -9.990e-29
 173.458953      0.509  38.228413    15.1737    6.81196      0.505    30.6253    22.5650 -9.990e-29
 173.458958      0.528  38.227219    15.1724    6.82951      0.524    30.6252    22.5653 -9.990e-29
 173.458964      0.550  38.227248    15.1711    6.83538      0.545    30.6262    22.5663 -9.990e-29
 173.458970      0.567  38.227419    15.1707    6.83375      0.562    30.6267    22.5668 -9.990e-29
 173.458976      0.577  38.227400    15.1711    6.82078      0.572    30.6264    22.5664 -9.990e-29
 173.458981      0.585  38.227730    15.1720    6.79833      0.580    30.6259    22.5659 -9.990e-29
 173.458987      0.600  38.227169    15.1729    6.80934      0.595    30.6247    22.5648 -9.990e-29
 173.458993      0.622  38.226656    15.1738    6.81326      0.617    30.6236    22.5637 -9.990e-29
 173.458999      0.644  38.228315    15.1746    6.81534      0.639    30.6244    22.5642 -9.990e-29
 173.459005      0.660  38.230432    15.1752    6.80461      0.654    30.6258    22.5652 -9.990e-29
 173.459010      0.662  38.231348    15.1759    6.78820      0.656    30.6261    22.5652 -9.990e-29
 173.459016      0.654  38.231725    15.1767    6.78847      0.649    30.6258    22.5648 -9.990e-29
 173.459022      0.653  38.231506    15.1769    6.79690      0.648    30.6255    22.5645 -9.990e-29
 173.459028      0.662  38.230967    15.1762    6.80371      0.656    30.6255    22.5647 -9.990e-29
 173.459034      0.675  38.231075    15.1755    6.79710      0.669    30.6262    22.5654 -9.990e-29
