data/oxygen options/ONMS/Olympic_Coast_National_Marine_Sanctuary_Hypoxia_Survey_CTD_Data_2004_2015/raw_data/2005/CTD_TH50_052405faedb.cnv
* Sea-Bird SBE19 Data File:
* FileName = C:\Documents and Settings\kirner.PTANGELES\Desktop\hypoxia CTD data\TH60__052405.hex
* Software Version 1.1.5
* Temperature SN = 2997
* Conductivity SN = 2997
* System UpLoad Time = May 24 2005 18:23:35
* SEACAT PROFILER V3.1c SN 2997   05/24/05  18:22:10.777
* strain gauge pressure sensor: S/N = 184829,  range = 3000 psia,  tc = 40
# nquan = 9
# nvalues = 50                          
# units = specified
# name 0 = timeJ: Julian Days
# name 1 = prSM: Pressure, Strain Gauge [db]
# name 2 = c0mS/cm: Conductivity [mS/cm]
# name 3 = t090C: Temperature [ITS-90, deg C]
# name 4 = oxML/L: Oxygen, Beckman/YSI [ml/l]
# name 5 = depSM: Depth [salt water, m], lat = 47.5
# name 6 = sal00: Salinity, Practical [PSU]
# name 7 = sigma-é00: Density [sigma-theta, kg/m^3]
# name 8 = flag: flag
# span 0 = 144.722935, 144.723682       
# span 1 =      3.000,     52.000       
# span 2 =  32.860503,  36.192082       
# span 3 =     9.3080,    14.2664       
# span 4 =    4.19747,    6.18342       
# span 5 =      2.975,     51.559       
# span 6 =    26.5019,    32.6669       
# span 7 =    19.5789,    25.2438       
# span 8 = 0.0000e+00, 0.0000e+00       
# interval = decibars: 1                
# start_time = May 24 2005 17:17:57 [Instrument's time stamp, header]
# bad_flag = -9.990e-29
*END*
 144.722935      3.000  32.860503    14.2664    6.18342      2.975    26.5019    19.5789 0.0000e+00
 144.722963      4.000  33.090237    14.0493    5.97020      3.966    26.8581    19.8957 0.0000e+00
 144.722983      5.000  33.938116    13.5753    5.92902      4.958    27.9624    20.8389 0.0000e+00
 144.723000      6.000  35.058200    13.1576    6.00764      5.950    29.3051    21.9558 0.0000e+00
 144.723016      7.000  35.639088    13.0082    5.97974      6.942    29.9628    22.4927 0.0000e+00
 144.723031      8.000  35.622159    12.9896    5.96333      7.933    29.9615    22.4953 0.0000e+00
 144.723046      9.000  35.687778    12.9366    5.95988      8.925    30.0645    22.5850 0.0000e+00
 144.723061     10.000  35.725034    12.9216    5.95882      9.916    30.1108    22.6238 0.0000e+00
 144.723075     11.000  35.733407    12.9076    5.95788     10.908    30.1294    22.6408 0.0000e+00
 144.723089     12.000  35.747779    12.8953    5.97456     11.899    30.1524    22.6609 0.0000e+00
 144.723103     13.000  35.775705    12.8923    5.98774     12.891    30.1805    22.6833 0.0000e+00
 144.723116     14.000  35.790477    12.8882    5.98956     13.883    30.1972    22.6970 0.0000e+00
 144.723131     15.000  35.796645    12.8853    5.98109     14.874    30.2049    22.7036 0.0000e+00
 144.723145     16.000  35.806647    12.8702    5.98305     15.866    30.2260    22.7227 0.0000e+00
 144.723158     17.000  35.818953    12.8608    5.99777     16.857    30.2447    22.7390 0.0000e+00
 144.723171     18.000  35.820550    12.8562    5.98167     17.849    30.2494    22.7436 0.0000e+00
 144.723185     19.000  35.823820    12.8459    5.92634     18.840    30.2604    22.7541 0.0000e+00
 144.723200     20.000  35.852862    12.7861    5.92676     19.832    30.3352    22.8233 0.0000e+00
 144.723216     21.000  35.942256    12.7270    5.92047     20.824    30.4665    22.9361 0.0000e+00
 144.723235     22.000  35.955099    12.7145    5.92092     21.815    30.4883    22.9554 0.0000e+00
 144.723250     23.000  36.011545    12.6722    5.93477     22.807    30.5753    23.0307 0.0000e+00
 144.723263     24.000  36.072006    12.6361    5.94580     23.799    30.6612    23.1041 0.0000e+00
 144.723276     25.000  36.107008    12.5945    5.94950     24.790    30.7278    23.1635 0.0000e+00
 144.723290     26.000  36.128355    12.5552    5.93614     25.782    30.7797    23.2112 0.0000e+00
 144.723304     27.000  36.150921    12.5239    5.93300     26.773    30.8262    23.2531 0.0000e+00
 144.723318     28.000  36.164412    12.4825    5.93543     27.765    30.8726    23.2968 0.0000e+00
 144.723332     29.000  36.179311    12.4219    5.85651     28.756    30.9362    23.3575 0.0000e+00
 144.723346     30.000  36.187480    12.3397    5.67355     29.748    31.0114    23.4311 0.0000e+00
 144.723359     31.000  36.174655    12.1215    5.71008     30.739    31.1799    23.6023 0.0000e+00
 144.723373     32.000  36.147604    11.8512    5.67758     31.731    31.3800    23.8072 0.0000e+00
 144.723386     33.000  36.192082    11.6856    5.33652     32.722    31.5628    23.9792 0.0000e+00
 144.723401     34.000  36.167541    11.4680    5.19062     33.713    31.7245    24.1439 0.0000e+00
 144.723415     35.000  35.960459    10.9074    5.23041     34.705    32.0054    24.4614 0.0000e+00
 144.723429     36.000  35.906199    10.8320    5.30052     35.696    32.0173    24.4837 0.0000e+00
 144.723443     37.000  36.067145    10.8852    5.22238     36.688    32.1298    24.5620 0.0000e+00
 144.723457     38.000  36.140093    10.7932    5.06174     37.680    32.2826    24.6970 0.0000e+00
 144.723470     39.000  36.079613    10.5214    4.75687     38.671    32.4627    24.8841 0.0000e+00
 144.723484     40.000  35.880701    10.2272    4.59264     39.662    32.5256    24.9830 0.0000e+00
 144.723496     41.000  35.628527     9.8379    4.49310     40.654    32.6205    25.1218 0.0000e+00
 144.723510     42.000  35.344756     9.6045    4.42709     41.645    32.5419    25.0986 0.0000e+00
 144.723524     43.000  35.295407     9.5276    4.38970     42.637    32.5606    25.1256 0.0000e+00
 144.723537     44.000  35.223043     9.4404    4.34416     43.629    32.5652    25.1433 0.0000e+00
 144.723549     45.000  35.193451     9.3790    4.30057     44.620    32.5902    25.1726 0.0000e+00
 144.723561     46.000  35.188247     9.3371    4.26134     45.611    32.6226    25.2046 0.0000e+00
 144.723574     47.000  35.194593     9.3186    4.25382     46.602    32.6455    25.2255 0.0000e+00
 144.723585     48.000  35.200873     9.3107    4.23354     47.594    32.6588    25.2372 0.0000e+00
 144.723597     49.000  35.205643     9.3080    4.22881     48.585    32.6657    25.2430 0.0000e+00
 144.723609     50.000  35.207976     9.3089    4.22578     49.577    32.6669    25.2438 0.0000e+00
 144.723626     51.000  35.206913     9.3105    4.19747     50.568    32.6638    25.2412 0.0000e+00
 144.723682     52.000  35.201850     9.3118    4.20579     51.559    32.6570    25.2356 0.0000e+00
