data/oxygen options/ONMS/Olympic_Coast_National_Marine_Sanctuary_Hypoxia_Survey_CTD_Data_2004_2015/raw_data/2005/CTD_CA90_083005faed.cnv
* Sea-Bird SBE19 Data File:
* FileName = C:\hypoxia CTD data\CA90_083005.hex
* Software Version 1.1.5
* Temperature SN = 2997
* Conductivity SN = 2997
* System UpLoad Time = Aug 30 2005 17:31:24
** Cape Alava 90m 083005
* SEACAT PROFILER V3.1c SN 2997   08/30/05  17:29:35.742
# nquan = 9                                 
# nvalues = 785                         
# units = specified
# name 0 = timeJ: Julian Days
# name 1 = prSM: Pressure, Strain Gauge [db]
# name 2 = c0mS/cm: Conductivity [mS/cm]
# name 3 = t090C: Temperature [ITS-90, deg C]
# name 4 = oxML/L: Oxygen, Beckman/YSI [ml/l]
# name 5 = depSM: Depth [salt water, m], lat = 47.5
# name 6 = sal00: Salinity, Practical [PSU]
# name 7 = sigma-é00: Density [sigma-theta, kg/m^3]
# name 8 = flag: flag
# span 0 = 242.684144, 242.688681       
# span 1 =     -2.984,     91.880       
# span 2 =   0.690125,  38.164521       
# span 3 =     7.5194,    13.8474       
# span 4 =   -0.11985,   26.26587       
# span 5 =     -2.959,     91.093       
# span 6 =     0.4349,    33.6329       
# span 7 =    -0.3841,    26.2709       
# span 8 = 0.0000e+00, 0.0000e+00       
# interval = seconds: 0.5
# start_time = Aug 30 2005 16:25:10 [Instrument's time stamp, header]
# bad_flag = -9.990e-29
*END*
[from data line 161]
 242.685075      2.328  38.124986    13.7658    7.42508      2.309    31.6615    23.6562 -9.990e-29
 242.685081      2.314  38.124034    13.7647    7.41346      2.295    31.6616    23.6564 -9.990e-29
 242.685087      2.296  38.123274    13.7648    7.42059      2.277    31.6608    23.6558 -9.990e-29
 242.685093      2.292  38.123380    13.7656    7.43652      2.273    31.6602    23.6552 -9.990e-29
 242.685098      2.305  38.123941    13.7660    7.44321      2.286    31.6604    23.6553 -9.990e-29
 242.685104      2.327  38.124027    13.7656    7.43217      2.308    31.6608    23.6557 -9.990e-29
 242.685110      2.342  38.123759    13.7656    7.43510      2.322    31.6606    23.6555 -9.990e-29
 242.685116      2.348  38.123905    13.7662    7.42874      2.328    31.6602    23.6551 -9.990e-29
 242.685122      2.353  38.124666    13.7667    7.41959      2.333    31.6605    23.6552 -9.990e-29
 242.685127      2.362  38.125380    13.7668    7.42332      2.342    31.6611    23.6556 -9.990e-29
 242.685133      2.375  38.125321    13.7661    7.42147      2.355    31.6616    23.6562 -9.990e-29
 242.685139      2.393  38.124417    13.7653    7.43534      2.373    31.6614    23.6562 -9.990e-29
 242.685145      2.413  38.123714    13.7654    7.45233      2.393    31.6607    23.6556 -9.990e-29
 242.685150      2.428  38.123960    13.7666    7.45139      2.408    31.6599    23.6547 -9.990e-29
 242.685156      2.434  38.124928    13.7685    7.44100      2.414    31.6592    23.6538 -9.990e-29
 242.685162      2.437  38.126231    13.7705    7.42819      2.417    31.6588    23.6531 -9.990e-29
 242.685168      2.444  38.127367    13.7717    7.43090      2.424    31.6588    23.6529 -9.990e-29
 242.685174      2.461  38.128176    13.7722    7.42625      2.440    31.6591    23.6530 -9.990e-29
 242.685179      2.484  38.128623    13.7725    7.43234      2.463    31.6593    23.6531 -9.990e-29
 242.685185      2.506  38.128748    13.7726    7.43740      2.485    31.6593    23.6531 -9.990e-29
 242.685191      2.525  38.128723    13.7726    7.43410      2.504    31.6593    23.6531 -9.990e-29
 242.685197      2.542  38.128519    13.7721    7.43898      2.521    31.6595    23.6534 -9.990e-29
 242.685203      2.557  38.127871    13.7711    7.43071      2.536    31.6597    23.6537 -9.990e-29
 242.685208      2.573  38.127042    13.7702    7.41932      2.552    31.6597    23.6539 -9.990e-29
 242.685214      2.588  38.126615    13.7700    7.42412      2.566    31.6595    23.6537 -9.990e-29
 242.685220      2.601  38.126586    13.7705    7.43790      2.579    31.6590    23.6533 -9.990e-29
 242.685226      2.608  38.126921    13.7711    7.43347      2.586    31.6588    23.6530 -9.990e-29
 242.685231      2.614  38.127512    13.7716    7.42133      2.592    31.6590    23.6530 -9.990e-29
 242.685237      2.623  38.128030    13.7716    7.40481      2.601    31.6594    23.6534 -9.990e-29
 242.685243      2.636  38.128049    13.7700    7.40343      2.614    31.6608    23.6548 -9.990e-29
 242.685249      2.654  38.127040    13.7672    7.43288      2.632    31.6621    23.6564 -9.990e-29
 242.685255      2.673  38.125347    13.7657    7.43543      2.651    31.6618    23.6564 -9.990e-29
 242.685260      2.686  38.124644    13.7669    7.42734      2.664    31.6602    23.6549 -9.990e-29
 242.685266      2.691  38.125678    13.7687    7.42585      2.669    31.6596    23.6541 -9.990e-29
 242.685272      2.690  38.127029    13.7698    7.41615      2.668    31.6600    23.6542 -9.990e-29
 242.685278      2.698  38.127703    13.7705    7.42715      2.675    31.6600    23.6541 -9.990e-29
 242.685284      2.718  38.128042    13.7711    7.44774      2.695    31.6598    23.6538 -9.990e-29
 242.685289      2.740  38.128507    13.7720    7.44402      2.717    31.6595    23.6534 -9.990e-29
 242.685295      2.757  38.129160    13.7731    7.44003      2.734    31.6592    23.6529 -9.990e-29
 242.685301      2.764  38.129757    13.7746    7.43846      2.741    31.6585    23.6521 -9.990e-29
 242.685307      2.762  38.130536    13.7760    7.43202      2.739    31.6581    23.6515 -9.990e-29
 242.685313      2.765  38.131421    13.7767    7.43197      2.742    31.6583    23.6515 -9.990e-29
 242.685318      2.777  38.131918    13.7769    7.43693      2.754    31.6586    23.6517 -9.990e-29
 242.685324      2.789  38.132133    13.7772    7.43044      2.766    31.6585    23.6516 -9.990e-29
 242.685330      2.799  38.132359    13.7780    7.43189      2.776    31.6581    23.6511 -9.990e-29
 242.685336      2.806  38.132903    13.7794    7.43818      2.783    31.6574    23.6503 -9.990e-29
 242.685341      2.812  38.133934    13.7815    7.44125      2.789    31.6567    23.6493 -9.990e-29
 242.685347      2.817  38.135149    13.7831    7.43620      2.793    31.6565    23.6488 -9.990e-29
 242.685353      2.821  38.135933    13.7836    7.42765      2.797    31.6568    23.6489 -9.990e-29
 242.685359      2.825  38.136214    13.7837    7.42679      2.801    31.6569    23.6490 -9.990e-29
 242.685365      2.828  38.136373    13.7840    7.43333      2.804    31.6568    23.6489 -9.990e-29
 242.685370      2.830  38.136628    13.7846    7.44220      2.806    31.6566    23.6486 -9.990e-29
 242.685376      2.833  38.137323    13.7854    7.43870      2.809    31.6566    23.6484 -9.990e-29
 242.685382      2.836  38.138268    13.7863    7.42273      2.812    31.6567    23.6483 -9.990e-29
 242.685388      2.839  38.139048    13.7873    7.41492      2.815    31.6566    23.6480 -9.990e-29
 242.685394      2.843  38.139588    13.7880    7.41976      2.819    31.6565    23.6478 -9.990e-29
 242.685399      2.851  38.140052    13.7882    7.43046      2.827    31.6568    23.6480 -9.990e-29
 242.685405      2.870  38.140503    13.7880    7.43254      2.846    31.6573    23.6485 -9.990e-29
 242.685411      2.891  38.140428    13.7871    7.42232      2.867    31.6580    23.6492 -9.990e-29
 242.685417      2.903  38.139732    13.7858    7.41032      2.879    31.6584    23.6498 -9.990e-29
 242.685422      2.907  38.138612    13.7839    7.41506      2.883    31.6590    23.6505 -9.990e-29
 242.685428      2.911  38.137265    13.7811    7.41935      2.887    31.6600    23.6519 -9.990e-29
 242.685434      2.921  38.135582    13.7780    7.42581      2.897    31.6610    23.6533 -9.990e-29
 242.685440      2.936  38.133569    13.7763    7.41338      2.911    31.6606    23.6533 -9.990e-29
 242.685446      2.953  38.132472    13.7766    7.40740      2.928    31.6593    23.6523 -9.990e-29
 242.685451      2.966  38.132516    13.7773    7.40734      2.941    31.6587    23.6517 -9.990e-29
 242.685457      2.974  38.132643    13.7774    7.41081      2.949    31.6588    23.6517 -9.990e-29
 242.685463      2.983  38.132465    13.7772    7.42256      2.958    31.6588    23.6518 -9.990e-29
 242.685469      2.989  38.132313    13.7774    7.42011      2.964    31.6585    23.6515 -9.990e-29
 242.685475      2.992  38.132550    13.7776    7.40809      2.967    31.6585    23.6515 -9.990e-29
 242.685480      3.002  38.132936    13.7774    7.39909      2.977    31.6590    23.6519 -9.990e-29
 242.685486      3.018  38.132871    13.7761    7.39487      2.993    31.6600    23.6530 -9.990e-29
 242.685492      3.032  38.131714    13.7742    7.40635      3.007    31.6605    23.6537 -9.990e-29
 242.685498      3.043  38.130170    13.7734    7.40757      3.018    31.6598    23.6533 -9.990e-29
 242.685503      3.050  38.129551    13.7735    7.40820      3.025    31.6591    23.6528 -9.990e-29
 242.685509      3.054  38.129599    13.7741    7.40311      3.028    31.6587    23.6523 -9.990e-29
 242.685515      3.055  38.129821    13.7753    7.41564      3.029    31.6579    23.6515 -9.990e-29
 242.685521      3.058  38.130518    13.7766    7.42117      3.032    31.6574    23.6509 -9.990e-29
 242.685527      3.067  38.131505    13.7777    7.42424      3.041    31.6574    23.6506 -9.990e-29
 242.685532      3.078  38.132420    13.7787    7.42313      3.052    31.6575    23.6505 -9.990e-29
 242.685538      3.087  38.133369    13.7798    7.40585      3.061    31.6574    23.6502 -9.990e-29
 242.685544      3.096  38.134499    13.7813    7.40722      3.070    31.6572    23.6497 -9.990e-29
 242.685550      3.104  38.136203    13.7837    7.41386      3.078    31.6568    23.6489 -9.990e-29
 242.685556      3.113  38.137953    13.7863    7.41868      3.087    31.6563    23.6480 -9.990e-29
 242.685561      3.123  38.138535    13.7874    7.42775      3.097    31.6559    23.6475 -9.990e-29
 242.685567      3.129  38.138171    13.7867    7.41524      3.103    31.6562    23.6478 -9.990e-29
 242.685573      3.130  38.137876    13.7860    7.40612      3.104    31.6565    23.6482 -9.990e-29
 242.685579      3.132  38.137829    13.7858    7.40355      3.106    31.6566    23.6483 -9.990e-29
 242.685584      3.145  38.137787    13.7855    7.41017      3.119    31.6568    23.6486 -9.990e-29
 242.685590      3.164  38.137702    13.7850    7.42207      3.138    31.6571    23.6489 -9.990e-29
 242.685596      3.184  38.137464    13.7844    7.41972      3.157    31.6574    23.6492 -9.990e-29
 242.685602      3.197  38.137325    13.7840    7.41798      3.170    31.6576    23.6495 -9.990e-29
 242.685608      3.199  38.137106    13.7834    7.39899      3.172    31.6579    23.6498 -9.990e-29
 242.685613      3.194  38.136522    13.7823    7.39429      3.167    31.6582    23.6503 -9.990e-29
 242.685619      3.191  38.135923    13.7805    7.40699      3.164    31.6592    23.6514 -9.990e-29
 242.685625      3.193  38.135078    13.7790    7.41327      3.166    31.6596    23.6521 -9.990e-29
 242.685631      3.198  38.133988    13.7787    7.41807      3.171    31.6589    23.6515 -9.990e-29
 242.685637      3.195  38.133451    13.7795    7.40179      3.168    31.6577    23.6505 -9.990e-29
 242.685642      3.182  38.133880    13.7805    7.39476      3.155    31.6573    23.6500 -9.990e-29
 242.685648      3.162  38.134729    13.7808    7.39395      3.136    31.6578    23.6503 -9.990e-29
 242.685654      3.145  38.134894    13.7800    7.40503      3.119    31.6586    23.6511 -9.990e-29
 242.685660      3.144  38.134042    13.7792    7.40568      3.118    31.6585    23.6512 -9.990e-29
 242.685666      3.159  38.133290    13.7792    7.40828      3.133    31.6578    23.6506 -9.990e-29
 242.685671      3.177  38.133325    13.7794    7.42047      3.150    31.6577    23.6505 -9.990e-29
 242.685677      3.192  38.133637    13.7796    7.41647      3.165    31.6578    23.6505 -9.990e-29
 242.685683      3.204  38.134087    13.7802    7.40599      3.177    31.6577    23.6503 -9.990e-29
 242.685689      3.210  38.134722    13.7809    7.38459      3.183    31.6577    23.6502 -9.990e-29
 242.685694      3.210  38.135275    13.7817    7.38319      3.183    31.6576    23.6499 -9.990e-29
 242.685700      3.213  38.135929    13.7832    7.39779      3.186    31.6569    23.6491 -9.990e-29
 242.685706      3.223  38.137002    13.7854    7.41180      3.196    31.6561    23.6481 -9.990e-29
 242.685712      3.241  38.138250    13.7870    7.42621      3.214    31.6559    23.6476 -9.990e-29
 242.685718      3.260  38.139101    13.7871    7.41761      3.233    31.6566    23.6481 -9.990e-29
 242.685723      3.267  38.139013    13.7863    7.39978      3.240    31.6572    23.6487 -9.990e-29
 242.685729      3.268  38.138436    13.7858    7.38974      3.241    31.6571    23.6487 -9.990e-29
 242.685735      3.276  38.138290    13.7857    7.38735      3.249    31.6570    23.6487 -9.990e-29
 242.685741      3.290  38.138387    13.7858    7.40258      3.263    31.6570    23.6487 -9.990e-29
 242.685747      3.304  38.138303    13.7858    7.41063      3.276    31.6569    23.6486 -9.990e-29
 242.685752      3.309  38.137932    13.7856    7.41361      3.281    31.6568    23.6485 -9.990e-29
 242.685758      3.302  38.137347    13.7850    7.40664      3.274    31.6567    23.6486 -9.990e-29
 242.685764      3.292  38.136895    13.7839    7.39005      3.264    31.6572    23.6492 -9.990e-29
 242.685770      3.289  38.136543    13.7829    7.38711      3.262    31.6577    23.6498 -9.990e-29
 242.685775      3.298  38.136391    13.7820    7.39347      3.270    31.6583    23.6505 -9.990e-29
 242.685781      3.315  38.136241    13.7804    7.39406      3.287    31.6595    23.6517 -9.990e-29
 242.685787      3.329  38.135342    13.7789    7.39222      3.301    31.6599    23.6523 -9.990e-29
 242.685793      3.332  38.134181    13.7782    7.38669      3.304    31.6594    23.6521 -9.990e-29
 242.685799      3.329  38.133460    13.7772    7.38389      3.301    31.6596    23.6524 -9.990e-29
 242.685804      3.327  38.132785    13.7756    7.38757      3.299    31.6603    23.6532 -9.990e-29
 242.685810      3.336  38.131825    13.7745    7.39098      3.308    31.6603    23.6535 -9.990e-29
 242.685816      3.356  38.130990    13.7747    7.39400      3.328    31.6593    23.6527 -9.990e-29
 242.685822      3.374  38.130857    13.7756    7.40455      3.346    31.6585    23.6519 -9.990e-29
 242.685828      3.385  38.131254    13.7763    7.40389      3.357    31.6582    23.6516 -9.990e-29
 242.685833      3.392  38.131594    13.7766    7.40082      3.364    31.6583    23.6515 -9.990e-29
 242.685839      3.401  38.131777    13.7765    7.39162      3.373    31.6586    23.6518 -9.990e-29
 242.685845      3.412  38.132054    13.7764    7.38877      3.383    31.6589    23.6520 -9.990e-29
 242.685851      3.422  38.132241    13.7763    7.39242      3.393    31.6591    23.6522 -9.990e-29
 242.685856      3.426  38.132034    13.7762    7.38844      3.397    31.6590    23.6522 -9.990e-29
 242.685862      3.430  38.131722    13.7758    7.38592      3.401    31.6591    23.6523 -9.990e-29
 242.685868      3.438  38.131459    13.7750    7.38457      3.409    31.6595    23.6528 -9.990e-29
 242.685874      3.446  38.130901    13.7739    7.38407      3.417    31.6599    23.6533 -9.990e-29
 242.685880      3.450  38.129872    13.7727    7.38230      3.421    31.6599    23.6536 -9.990e-29
 242.685885      3.452  38.128689    13.7717    7.37300      3.423    31.6596    23.6536 -9.990e-29
 242.685891      3.450  38.128025    13.7711    7.37962      3.421    31.6595    23.6536 -9.990e-29
 242.685897      3.449  38.128123    13.7710    7.39058      3.420    31.6597    23.6537 -9.990e-29
 242.685903      3.448  38.128558    13.7712    7.39058      3.419    31.6599    23.6539 -9.990e-29
 242.685909      3.445  38.128796    13.7713    7.38998      3.416    31.6601    23.6540 -9.990e-29
 242.685914      3.437  38.128601    13.7709    7.38571      3.408    31.6602    23.6542 -9.990e-29
 242.685920      3.426  38.128281    13.7710    7.37886      3.397    31.6599    23.6539 -9.990e-29
 242.685926      3.418  38.127976    13.7718    7.38021      3.389    31.6589    23.6530 -9.990e-29
 242.685932      3.423  38.127287    13.7728    7.37674      3.394    31.6575    23.6516 -9.990e-29
 242.685937      3.434  38.125863    13.7733    7.38711      3.405    31.6557    23.6502 -9.990e-29
 242.685943      3.446  38.124056    13.7734    7.39181      3.417    31.6540    23.6488 -9.990e-29
 242.685949      3.454  38.122267    13.7732    7.38244      3.425    31.6525    23.6477 -9.990e-29
 242.685955      3.459  38.120361    13.7730    7.37461      3.430    31.6509    23.6465 -9.990e-29
 242.685961      3.462  38.120290    13.7731    7.37560      3.433    31.6507    23.6464 -9.990e-29
 242.685966      3.466  38.123090    13.7735    7.37956      3.437    31.6530    23.6481 -9.990e-29
 242.685972      3.477  38.125770    13.7742    7.38513      3.448    31.6549    23.6494 -9.990e-29
 242.685978      3.494  38.127425    13.7748    7.39511      3.465    31.6559    23.6500 -9.990e-29
 242.685984      3.515  38.128584    13.7751    7.38618      3.486    31.6567    23.6506 -9.990e-29
 242.685990      3.533  38.128555    13.7750    7.38224      3.503    31.6568    23.6507 -9.990e-29
