data/oxygen options/ONMS/Olympic_Coast_National_Marine_Sanctuary_Hypoxia_Survey_CTD_Data_2004_2015/raw_data/2005/CTD_CE80_081605faed.cnv
* Sea-Bird SBE19 Data File:
* FileName = C:\Hypoxia Data\CE80_081605.hex
* Software Version 1.1.6
* Temperature SN = 2997
* Conductivity SN = 2997
* System UpLoad Time = Aug 16 2005 12:46:33
* SEACAT PROFILER V3.1c SN 2997   08/16/05  12:45:42.121
* strain gauge pressure sensor: S/N = 184829,  range = 3000 psia,  tc = 40
# nquan = 9                                 
# nvalues = 703                         
# units = specified
# name 0 = timeJ: Julian Days
# name 1 = prSM: Pressure, Strain Gauge [db]
# name 2 = c0mS/cm: Conductivity [mS/cm]
# name 3 = t090C: Temperature [ITS-90, deg C]
# name 4 = oxML/L: Oxygen, Beckman/YSI [ml/l]
# name 5 = depSM: Depth [salt water, m], lat = 47.5
# name 6 = sal00: Salinity, Practical [PSU]
# name 7 = sigma-é00: Density [sigma-theta, kg/m^3]
# name 8 = flag: flag
# span 0 = 228.495949, 228.500012       
# span 1 =     -2.088,     83.164       
# span 2 =   9.109637,  36.546440       
# span 3 =     7.1014,    11.4285       
# span 4 =   -0.10533,   29.98462       
# span 5 =     -2.071,     82.453       
# span 6 =    12.9539,    33.9356       
# span 7 =     9.6692,    26.5673       
# span 8 = 0.0000e+00, 0.0000e+00       
# interval = seconds: 0.5
# start_time = Aug 16 2005 11:54:10 [Instrument's time stamp, header]
# bad_flag = -9.990e-29
*END*
 228.495949     -2.088 -9.990e-29    11.4285   -0.10510     -2.071 -9.990e-29 -9.990e-29 -9.990e-29
 228.495955     -1.972  36.530902    11.3707   -0.10511     -1.956    32.1784    24.5133 -9.990e-29
 228.495961     -1.862  36.546440    11.3349   -0.10513     -1.846    32.2248    24.5558 -9.990e-29
 228.495966     -1.772  36.536208    11.3133   -0.10520     -1.757    32.2336    24.5665 -9.990e-29
 228.495972     -1.702  36.493280    11.2984   -0.10524     -1.688    32.2045    24.5465 -9.990e-29
 228.495978     -1.648  36.445663    11.2910   -0.10524     -1.634    32.1642    24.5165 -9.990e-29
 228.495984     -1.600  36.408393    11.2929   -0.10522     -1.587    32.1260    24.4864 -9.990e-29
 228.495990     -1.548  36.385626    11.2987   -0.10519     -1.535    32.0986    24.4641 -9.990e-29
 228.495995     -1.488  36.390203    11.3025   -0.10513     -1.476    32.0997    24.4643 -9.990e-29
 228.496001     -1.430  36.409182    11.3040   -0.10512     -1.418    32.1170    24.4775 -9.990e-29
 228.496007     -1.378  36.407330    11.3025   -0.10516     -1.367    32.1165    24.4773 -9.990e-29
 228.496013     -1.325  36.384446    11.2929   -0.10520     -1.314    32.1024    24.4681 -9.990e-29
 228.496019     -1.266  36.363882    11.2767   -0.10520     -1.255    32.0963    24.4662 -9.990e-29
 228.496024     -1.212  36.357498    11.2660   -0.10517     -1.202    32.0993    24.4705 -9.990e-29
 228.496030     -1.172  36.359049    11.2665   -0.10507     -1.162    32.1004    24.4712 -9.990e-29
 228.496036     -1.143  36.351557    11.2730   -0.10499     -1.133    32.0873    24.4599 -9.990e-29
 228.496042     -1.110  36.336272    11.2803   -0.10515     -1.101    32.0660    24.4420 -9.990e-29
 228.496047     -1.068  36.331537    11.2867   -0.10521     -1.059    32.0557    24.4330 -9.990e-29
 228.496053     -1.021  36.347888    11.2910   -0.10518     -1.012    32.0680    24.4417 -9.990e-29
 228.496059     -0.976  36.370141    11.2906   -0.10517     -0.968    32.0902    24.4590 -9.990e-29
 228.496065     -0.938  36.370235    11.2866   -0.10518     -0.930    32.0937    24.4625 -9.990e-29
 228.496071     -0.901  36.351125    11.2846   -0.10518     -0.893    32.0767    24.4496 -9.990e-29
 228.496076     -0.854  36.341192    11.2916   -0.10520     -0.847    32.0609    24.4361 -9.990e-29
 228.496082     -0.806  36.356377    11.3087   -0.10523     -0.799    32.0609    24.4330 -9.990e-29
 228.496088     -0.775  36.383304    11.3169   -0.10527     -0.769    32.0801    24.4465 -9.990e-29
 228.496094     -0.765  36.394534    11.3038   -0.10529     -0.759    32.1025    24.4663 -9.990e-29
 228.496100     -0.761  36.381519    11.2853   -0.10527     -0.755    32.1059    24.4722 -9.990e-29
 228.496105     -0.747  36.360583    11.2749   -0.10525     -0.741    32.0944    24.4651 -9.990e-29
 228.496111     -0.712  36.358790    11.2710   -0.10527     -0.706    32.0960    24.4670 -9.990e-29
 228.496117     -0.664  36.379379    11.2695   -0.10528     -0.658    32.1175    24.4840 -9.990e-29
 228.496123     -0.616  36.396552    11.2673   -0.10529     -0.611    32.1362    24.4990 -9.990e-29
 228.496128     -0.574  36.399025    11.2636   -0.10527     -0.569    32.1419    24.5040 -9.990e-29
 228.496134     -0.534  36.393485    11.2588   -0.10526     -0.530    32.1406    24.5039 -9.990e-29
 228.496140     -0.500  36.381542    11.2539   -0.10527     -0.496    32.1331    24.4990 -9.990e-29
 228.496146     -0.472  36.362437    11.2499   -0.10527     -0.468    32.1179    24.4878 -9.990e-29
 228.496152     -0.449  36.342687    11.2475   -0.10524     -0.445    32.1005    24.4748 -9.990e-29
 228.496157     -0.430  36.335797    11.2466   -0.10523     -0.426    32.0946    24.4703 -9.990e-29
 228.496163     -0.413  36.346066    11.2469   -0.10523     -0.410    32.1044    24.4778 -9.990e-29
 228.496169     -0.398  36.355248    11.2480   -0.10522     -0.395    32.1124    24.4839 -9.990e-29
 228.496175     -0.383  36.347573    11.2492   -0.10522     -0.380    32.1038    24.4770 -9.990e-29
 228.496181     -0.368  36.333021    11.2500   -0.10521     -0.365    32.0888    24.4652 -9.990e-29
 228.496186     -0.350  36.327544    11.2507   -0.10519     -0.347    32.0828    24.4604 -9.990e-29
 228.496192     -0.331  36.333399    11.2512   -0.10523     -0.328    32.0882    24.4645 -9.990e-29
 228.496198     -0.307  36.339353    11.2514   -0.10524     -0.304    32.0938    24.4688 -9.990e-29
 228.496204     -0.278  36.340472    11.2517   -0.10519     -0.276    32.0946    24.4694 -9.990e-29
 228.496209     -0.242  36.349489    11.2531   -0.10510     -0.240    32.1023    24.4751 -9.990e-29
 228.496215     -0.196  36.369481    11.2557   -0.10519     -0.194    32.1196    24.4881 -9.990e-29
 228.496221     -0.146  36.386195    11.2581   -0.10525     -0.145    32.1339    24.4988 -9.990e-29
 228.496227     -0.106  36.393902    11.2597   -0.10528     -0.105    32.1401    24.5033 -9.990e-29
 228.496233     -0.082  36.397858    11.2620   -0.10527     -0.081    32.1419    24.5044 -9.990e-29
 228.496238     -0.072  36.400559    11.2631   -0.10526     -0.071    32.1436    24.5055 -9.990e-29
 228.496244     -0.072  36.398902    11.2606   -0.10515     -0.071    32.1442    24.5064 -9.990e-29
 228.496250     -0.073  36.393511    11.2611   -0.10505     -0.072    32.1384    24.5018 -9.990e-29
 228.496256     -0.075  36.393487    11.2716   -0.10514     -0.074    32.1293    24.4928 -9.990e-29
 228.496262     -0.083  36.398823    11.2828   -0.10526     -0.082    32.1247    24.4873 -9.990e-29
 228.496267     -0.087  36.395910    11.2823   -0.10528     -0.086    32.1223    24.4855 -9.990e-29
 228.496273     -0.077  36.375845    11.2745   -0.10527     -0.076    32.1094    24.4769 -9.990e-29
 228.496279     -0.047  36.343869    11.2677   -0.10521     -0.047    32.0839    24.4583 -9.990e-29
 228.496285      0.001  36.317375    11.2647   -0.10512      0.001    32.0605    24.4406 -9.990e-29
 228.496291      0.057  36.313213    11.2715   -0.10508      0.057    32.0505    24.4316 -9.990e-29
 228.496296      0.103  36.332025    11.2905   -0.10512      0.102    32.0524    24.4297 -9.990e-29
 228.496302      0.125  36.356297    11.3048   -0.10516      0.124    32.0638    24.4360 -9.990e-29
 228.496308      0.128  36.366829    11.2968   -0.10522      0.127    32.0811    24.4509 -9.990e-29
 228.496314      0.131  36.359189    11.2759   -0.10526      0.130    32.0918    24.4629 -9.990e-29
 228.496319      0.145  36.342850    11.2606   -0.10526      0.144    32.0890    24.4635 -9.990e-29
 228.496325      0.173  36.335864    11.2606   -0.10526      0.172    32.0822    24.4582 -9.990e-29
 228.496331      0.206  36.349125    11.2771   -0.10525      0.204    32.0808    24.4542 -9.990e-29
 228.496337      0.239  36.368933    11.2989   -0.10523      0.237    32.0813    24.4506 -9.990e-29
 228.496343      0.261  36.378543    11.3101   -0.10513      0.259    32.0809    24.4484 -9.990e-29
 228.496348      0.269  36.378463    11.3060   -0.10505      0.267    32.0844    24.4518 -9.990e-29
 228.496354      0.276  36.374226    11.2932   -0.10510      0.274    32.0914    24.4595 -9.990e-29
 228.496360      0.292  36.368622    11.2791   -0.10523      0.290    32.0982    24.4673 -9.990e-29
 228.496366      0.316  36.360935    11.2676   -0.10530      0.313    32.1006    24.4713 -9.990e-29
 228.496372      0.352  36.350470    11.2605   -0.10533      0.349    32.0965    24.4693 -9.990e-29
 228.496377      0.397  36.345167    11.2586   -0.10532      0.394    32.0930    24.4669 -9.990e-29
 228.496383      0.441  36.351996    11.2631   16.45880      0.437    32.0957    24.4683 -9.990e-29
 228.496389      0.473  36.365508    11.2769   28.24578      0.469    32.0970    24.4668 -9.990e-29
 228.496395      0.489  36.377390    11.2983   29.98462      0.485    32.0900    24.4575 -9.990e-29
 228.496400      0.483  36.383322    11.3128   26.35724      0.479    32.0832    24.4497 -9.990e-29
 228.496406      0.465  36.381145    11.3062   17.23077      0.461    32.0868    24.4536 -9.990e-29
 228.496412      0.449  36.370234    11.2841   13.61564      0.445    32.0953    24.4642 -9.990e-29
 228.496418      0.449  36.349530    11.2622   13.62844      0.445    32.0941    24.4671 -9.990e-29
 228.496424      0.469  36.322855    11.2476   13.60024      0.465    32.0806    24.4593 -9.990e-29
 228.496429      0.504  36.303448    11.2397   13.60013      0.500    32.0684    24.4512 -9.990e-29
 228.496435      0.546  36.297980    11.2353   13.61064      0.541    32.0668    24.4508 -9.990e-29
 228.496441      0.579  36.287967    11.2318   12.70984      0.574    32.0600    24.4461 -9.990e-29
 228.496447      0.596  36.261763    11.2297    7.33504      0.591    32.0361    24.4279 -9.990e-29
 228.496453      0.604  36.239968    11.2306    3.44827      0.599    32.0139    24.4105 -9.990e-29
 228.496458      0.607  36.232240    11.2338    1.66975      0.602    32.0036    24.4018 -9.990e-29
 228.496464      0.610  36.229983    11.2365    2.04265      0.605    31.9990    24.3978 -9.990e-29
 228.496470      0.616  36.229094    11.2384    4.23393      0.611    31.9965    24.3955 -9.990e-29
 228.496476      0.627  36.228413    11.2397    5.28876      0.622    31.9947    24.3939 -9.990e-29
 228.496481      0.647  36.228182    11.2383    5.76788      0.642    31.9957    24.3949 -9.990e-29
 228.496487      0.678  36.228119    11.2338    6.02737      0.672    31.9995    24.3987 -9.990e-29
 228.496493      0.712  36.227605    11.2309    6.16609      0.706    32.0015    24.4007 -9.990e-29
 228.496499      0.744  36.227102    11.2312    6.24364      0.738    32.0007    24.4001 -9.990e-29
 228.496505      0.768  36.227085    11.2316    6.29714      0.762    32.0004    24.3997 -9.990e-29
 228.496510      0.780  36.226994    11.2315    6.33185      0.773    32.0003    24.3997 -9.990e-29
 228.496516      0.785  36.226733    11.2343    6.33410      0.778    31.9977    24.3971 -9.990e-29
 228.496522      0.788  36.227104    11.2402    6.32816      0.781    31.9929    24.3924 -9.990e-29
 228.496528      0.790  36.228066    11.2452    6.34370      0.783    31.9895    24.3889 -9.990e-29
 228.496534      0.798  36.228684    11.2462    6.34469      0.791    31.9892    24.3885 -9.990e-29
 228.496539      0.823  36.228689    11.2433    6.37117      0.816    31.9917    24.3910 -9.990e-29
 228.496545      0.856  36.228677    11.2410    6.36128      0.849    31.9937    24.3929 -9.990e-29
 228.496551      0.883  36.229777    11.2478    6.32759      0.876    31.9889    24.3879 -9.990e-29
 228.496557      0.893  36.234042    11.2666    6.29593      0.886    31.9767    24.3752 -9.990e-29
 228.496563      0.887  36.243257    11.2908    6.27462      0.880    31.9648    24.3616 -9.990e-29
 228.496568      0.881  36.255715    11.3103    6.28507      0.874    31.9601    24.3545 -9.990e-29
 228.496574      0.896  36.266190    11.3135    6.30444      0.889    31.9676    24.3597 -9.990e-29
 228.496580      0.933  36.266810    11.3012    6.31618      0.925    31.9789    24.3706 -9.990e-29
 228.496586      0.974  36.257874    11.2915    6.31270      0.966    31.9785    24.3721 -9.990e-29
 228.496591      1.003  36.252165    11.2990    6.30546      0.995    31.9664    24.3613 -9.990e-29
 228.496597      1.018  36.258352    11.3193    6.30043      1.010    31.9549    24.3488 -9.990e-29
 228.496603      1.025  36.272369    11.3372    6.27597      1.016    31.9531    24.3442 -9.990e-29
 228.496609      1.036  36.283215    11.3462    6.26582      1.027    31.9559    24.3448 -9.990e-29
 228.496615      1.061  36.286880    11.3495    6.26142      1.052    31.9566    24.3447 -9.990e-29
 228.496620      1.094  36.287157    11.3498    6.25230      1.085    31.9566    24.3447 -9.990e-29
 228.496626      1.127  36.286685    11.3474    6.25227      1.118    31.9582    24.3464 -9.990e-29
 228.496632      1.162  36.285422    11.3405    6.25400      1.152    31.9629    24.3513 -9.990e-29
 228.496638      1.198  36.281148    11.3268    6.25711      1.188    31.9706    24.3597 -9.990e-29
 228.496644      1.233  36.271557    11.3082    6.26649      1.223    31.9773    24.3682 -9.990e-29
 228.496649      1.265  36.258464    11.2960    6.26367      1.254    31.9750    24.3686 -9.990e-29
 228.496655      1.287  36.251349    11.2976    6.24834      1.276    31.9667    24.3618 -9.990e-29
 228.496661      1.296  36.256449    11.3069    6.25073      1.285    31.9636    24.3578 -9.990e-29
 228.496667      1.297  36.266568    11.3171    6.23755      1.286    31.9647    24.3568 -9.990e-29
 228.496672      1.298  36.273164    11.3250    6.23625      1.287    31.9643    24.3551 -9.990e-29
 228.496678      1.305  36.275516    11.3268    6.22815      1.294    31.9651    24.3554 -9.990e-29
 228.496684      1.317  36.273779    11.3234    6.22150      1.306    31.9663    24.3569 -9.990e-29
 228.496690      1.335  36.269571    11.3207    6.23082      1.324    31.9645    24.3560 -9.990e-29
 228.496696      1.356  36.267188    11.3177    6.22475      1.345    31.9648    24.3567 -9.990e-29
 228.496701      1.374  36.264573    11.3119    6.22466      1.363    31.9672    24.3597 -9.990e-29
 228.496707      1.384  36.259920    11.3078    6.21609      1.372    31.9662    24.3596 -9.990e-29
 228.496713      1.387  36.257678    11.3071    6.20557      1.375    31.9646    24.3585 -9.990e-29
 228.496719      1.389  36.258780    11.3061    6.20547      1.377    31.9666    24.3602 -9.990e-29
 228.496725      1.397  36.259647    11.3010    6.20444      1.385    31.9718    24.3652 -9.990e-29
 228.496730      1.416  36.256390    11.2911    6.22065      1.404    31.9772    24.3712 -9.990e-29
 228.496736      1.443  36.248591    11.2821    6.21307      1.431    31.9773    24.3729 -9.990e-29
 228.496742      1.472  36.241552    11.2798    6.20593      1.460    31.9724    24.3695 -9.990e-29
 228.496748      1.495  36.239900    11.2816    6.18761      1.483    31.9692    24.3667 -9.990e-29
 228.496753      1.511  36.240869    11.2812    6.19494      1.498    31.9705    24.3677 -9.990e-29
 228.496759      1.523  36.240144    11.2773    6.20372      1.510    31.9732    24.3705 -9.990e-29
 228.496765      1.538  36.237319    11.2723    6.20890      1.525    31.9748    24.3726 -9.990e-29
 228.496771      1.552  36.233673    11.2693    6.20998      1.539    31.9738    24.3724 -9.990e-29
 228.496777      1.557  36.231632    11.2700    6.19873      1.544    31.9712    24.3702 -9.990e-29
 228.496782      1.549  36.232400    11.2744    6.18477      1.536    31.9681    24.3671 -9.990e-29
 228.496788      1.537  36.235316    11.2810    6.17907      1.524    31.9652    24.3637 -9.990e-29
 228.496794      1.537  36.239220    11.2869    6.17738      1.524    31.9640    24.3616 -9.990e-29
 228.496800      1.552  36.242030    11.2891    6.17591      1.539    31.9648    24.3619 -9.990e-29
 228.496806      1.576  36.242448    11.2876    6.16524      1.563    31.9665    24.3635 -9.990e-29
 228.496811      1.605  36.241032    11.2846    6.15795      1.592    31.9677    24.3649 -9.990e-29
 228.496817      1.637  36.239257    11.2822    6.16621      1.623    31.9680    24.3656 -9.990e-29
 228.496823      1.666  36.238120    11.2791    6.18042      1.652    31.9696    24.3674 -9.990e-29
 228.496829      1.690  36.236662    11.2752    6.19091      1.676    31.9715    24.3696 -9.990e-29
 228.496834      1.709  36.234620    11.2742    6.18228      1.695    31.9704    24.3689 -9.990e-29
 228.496840      1.721  36.234318    11.2777    6.16456      1.707    31.9671    24.3657 -9.990e-29
 228.496846      1.726  36.236473    11.2829    6.16418      1.712    31.9647    24.3629 -9.990e-29
 228.496852      1.734  36.238911    11.2858    6.17064      1.720    31.9645    24.3623 -9.990e-29
 228.496858      1.745  36.239838    11.2842    6.17799      1.730    31.9668    24.3643 -9.990e-29
 228.496863      1.755  36.238807    11.2811    6.16585      1.740    31.9685    24.3662 -9.990e-29
 228.496869      1.764  36.237248    11.2813    6.15270      1.749    31.9668    24.3648 -9.990e-29
