data/oxygen options/ONMS/Olympic_Coast_National_Marine_Sanctuary_Hypoxia_Survey_CTD_Data_2004_2015/raw_data/2005/CTD_CA100_052405faedb.cnv
* Sea-Bird SBE19 Data File:
* FileName = C:\Documents and Settings\kirner.PTANGELES\Desktop\hypoxia CTD data\CA100_052405.hex
* Software Version 1.1.5
* Temperature SN = 2997
* Conductivity SN = 2997
* System UpLoad Time = May 24 2005 15:39:39
* SEACAT PROFILER V3.1c SN 2997   05/24/05  15:38:26.197
* strain gauge pressure sensor: S/N = 184829,  range = 3000 psia,  tc = 40
# nquan = 9
# nvalues = 98                          
# units = specified
# name 0 = timeJ: Julian Days
# name 1 = prSM: Pressure, Strain Gauge [db]
# name 2 = c0mS/cm: Conductivity [mS/cm]
# name 3 = t090C: Temperature [ITS-90, deg C]
# name 4 = oxML/L: Oxygen, Beckman/YSI [ml/l]
# name 5 = depSM: Depth [salt water, m], lat = 47.5
# name 6 = sal00: Salinity, Practical [PSU]
# name 7 = sigma-é00: Density [sigma-theta, kg/m^3]
# name 8 = flag: flag
# span 0 = 144.624518, 144.625835       
# span 1 =      3.000,    100.000       
# span 2 =  32.134049,  36.991137       
# span 3 =     8.0928,    14.0500       
# span 4 =    2.32666,    6.40331       
# span 5 =      2.975,     99.141       
# span 6 =    26.0259,    33.6289       
# span 7 =    19.2547,    26.1821       
# span 8 = 0.0000e+00, 0.0000e+00       
# interval = decibars: 1                
# start_time = May 24 2005 14:55:55 [Instrument's time stamp, header]
# bad_flag = -9.990e-29
*END*
 144.624518      3.000  32.162070    14.0500    6.24856      2.975    26.0259    19.2547 0.0000e+00
 144.624541      4.000  32.151390    14.0180    6.17878      3.967    26.0376    19.2700 0.0000e+00
 144.624556      5.000  32.134049    13.9513    6.08738      4.958    26.0668    19.3054 0.0000e+00
 144.624571      6.000  32.166485    13.7858    5.88461      5.950    26.2080    19.4460 0.0000e+00
 144.624583      7.000  32.631772    13.4952    5.90999      6.941    26.8309    19.9816 0.0000e+00
 144.624596      8.000  34.041764    13.0707    6.15207      7.933    28.4366    21.3016 0.0000e+00
 144.624607      9.000  35.696997    12.7351    6.33092      8.924    30.2373    22.7572 0.0000e+00
 144.624619     10.000  36.353036    12.5310    6.40331      9.916    31.0193    23.4009 0.0000e+00
 144.624630     11.000  36.641896    12.4154    6.35321     10.908    31.3889    23.7090 0.0000e+00
 144.624640     12.000  36.730497    12.3536    6.27995     11.900    31.5245    23.8257 0.0000e+00
 144.624651     13.000  36.720238    12.2754    6.24803     12.891    31.5801    23.8834 0.0000e+00
 144.624660     14.000  36.673253    12.1445    6.21852     13.882    31.6453    23.9584 0.0000e+00
 144.624670     15.000  36.612550    12.0269    6.12451     14.874    31.6863    24.0121 0.0000e+00
 144.624680     16.000  36.612269    11.9684    6.02163     15.866    31.7354    24.0609 0.0000e+00
 144.624690     17.000  36.699305    11.9477    6.00206     16.857    31.8364    24.1432 0.0000e+00
 144.624702     18.000  36.766397    11.9405    6.01852     17.849    31.9070    24.1993 0.0000e+00
 144.624713     19.000  36.791715    11.9420    6.02381     18.841    31.9297    24.2167 0.0000e+00
 144.624725     20.000  36.796540    11.9350    6.06210     19.832    31.9400    24.2260 0.0000e+00
 144.624736     21.000  36.814251    11.9276    6.09254     20.823    31.9630    24.2452 0.0000e+00
 144.624745     22.000  36.836715    11.9219    6.12612     21.816    31.9892    24.2666 0.0000e+00
 144.624756     23.000  36.856685    11.9152    6.15126     22.807    32.0138    24.2870 0.0000e+00
 144.624767     24.000  36.870219    11.9079    6.17425     23.798    32.0327    24.3030 0.0000e+00
 144.624777     25.000  36.876590    11.9008    6.18696     24.790    32.0446    24.3136 0.0000e+00
 144.624788     26.000  36.880667    11.8939    6.18393     25.782    32.0541    24.3222 0.0000e+00
 144.624799     27.000  36.880642    11.8878    6.18892     26.773    32.0589    24.3271 0.0000e+00
 144.624812     28.000  36.879329    11.8854    6.17319     27.764    32.0593    24.3278 0.0000e+00
 144.624824     29.000  36.878652    11.8843    6.16590     28.756    32.0591    24.3280 0.0000e+00
 144.624835     30.000  36.876075    11.8825    6.16508     29.747    32.0578    24.3273 0.0000e+00
 144.624846     31.000  36.878059    11.8821    6.19692     30.739    32.0596    24.3288 0.0000e+00
 144.624855     32.000  36.885385    11.8816    6.23225     31.731    32.0668    24.3345 0.0000e+00
 144.624866     33.000  36.905677    11.8809    6.23000     32.722    32.0866    24.3500 0.0000e+00
 144.624876     34.000  36.936649    11.8805    6.23938     33.713    32.1165    24.3733 0.0000e+00
 144.624887     35.000  36.966345    11.8803    6.27363     34.705    32.1450    24.3955 0.0000e+00
 144.624900     36.000  36.991137    11.8802    6.24465     35.696    32.1686    24.4139 0.0000e+00
 144.624913     37.000  36.982111    11.8721    6.14321     36.688    32.1665    24.4137 0.0000e+00
 144.624925     38.000  36.987948    11.8318    6.09230     37.679    32.2066    24.4523 0.0000e+00
 144.624936     39.000  36.967024    11.7266    6.08262     38.671    32.2770    24.5263 0.0000e+00
 144.624946     40.000  36.888015    11.6360    6.09116     39.662    32.2786    24.5440 0.0000e+00
 144.624956     41.000  36.852667    11.5925    6.08024     40.654    32.2817    24.5544 0.0000e+00
 144.624966     42.000  36.849270    11.5763    6.08383     41.645    32.2921    24.5654 0.0000e+00
 144.624978     43.000  36.852544    11.5713    6.09149     42.637    32.2992    24.5719 0.0000e+00
 144.624990     44.000  36.855778    11.5734    6.09637     43.628    32.3001    24.5722 0.0000e+00
 144.625004     45.000  36.857599    11.5752    6.09328     44.619    32.2999    24.5718 0.0000e+00
 144.625017     46.000  36.855580    11.5688    6.09736     45.611    32.3031    24.5755 0.0000e+00
 144.625029     47.000  36.853548    11.5659    6.09037     46.602    32.3032    24.5760 0.0000e+00
 144.625040     48.000  36.853082    11.5655    6.10943     47.594    32.3027    24.5758 0.0000e+00
 144.625050     49.000  36.853684    11.5644    6.08323     48.585    32.3038    24.5769 0.0000e+00
 144.625062     50.000  36.852459    11.5575    6.09500     49.577    32.3082    24.5816 0.0000e+00
 144.625072     51.000  36.837727    11.5290    6.07484     50.568    32.3183    24.5947 0.0000e+00
 144.625085     52.000  36.807758    11.5001    5.92973     51.559    32.3139    24.5964 0.0000e+00
 144.625098     53.000  36.769593    11.4109    5.68594     52.551    32.3542    24.6438 0.0000e+00
 144.625111     54.000  36.608299    11.1567    5.42185     53.543    32.4185    24.7392 0.0000e+00
 144.625123     55.000  36.353821    10.8597    5.11493     54.534    32.4286    24.7994 0.0000e+00
 144.625136     56.000  36.104502    10.5522    4.86058     55.525    32.4529    24.8715 0.0000e+00
 144.625148     57.000  35.843890    10.2204    4.71621     56.516    32.4872    24.9547 0.0000e+00
 144.625160     58.000  35.592890     9.9139    4.53934     57.508    32.5082    25.0221 0.0000e+00
 144.625172     59.000  35.417953     9.7116    4.36015     58.499    32.5123    25.0584 0.0000e+00
 144.625183     60.000  35.319596     9.5764    4.24174     59.491    32.5337    25.0970 0.0000e+00
 144.625197     61.000  35.246703     9.4856    4.19447     60.482    32.5409    25.1173 0.0000e+00
 144.625210     62.000  35.198958     9.4035    4.14897     61.473    32.5660    25.1501 0.0000e+00
 144.625224     63.000  35.160544     9.3244    4.07633     62.464    32.5981    25.1878 0.0000e+00
 144.625237     64.000  35.147182     9.2612    3.99464     63.456    32.6415    25.2318 0.0000e+00
 144.625250     65.000  35.142609     9.2171    3.94919     64.447    32.6767    25.2663 0.0000e+00
 144.625262     66.000  35.141038     9.1848    3.89837     65.439    32.7042    25.2929 0.0000e+00
 144.625274     67.000  35.153864     9.1577    3.86910     66.430    32.7419    25.3267 0.0000e+00
 144.625286     68.000  35.183851     9.1452    3.84827     67.421    32.7840    25.3615 0.0000e+00
 144.625299     69.000  35.202229     9.1388    3.85046     68.413    32.8084    25.3818 0.0000e+00
 144.625313     70.000  35.209959     9.1315    3.84396     69.404    32.8227    25.3940 0.0000e+00
 144.625329     71.000  35.223419     9.1300    3.79275     70.395    32.8376    25.4060 0.0000e+00
 144.625344     72.000  35.235397     9.1066    3.67480     71.387    32.8711    25.4359 0.0000e+00
 144.625357     73.000  35.263513     9.0654    3.54431     72.378    32.9379    25.4947 0.0000e+00
 144.625370     74.000  35.295634     9.0319    3.45043     73.369    33.0019    25.5499 0.0000e+00
 144.625384     75.000  35.308955     9.0122    3.35866     74.361    33.0335    25.5778 0.0000e+00
 144.625398     76.000  35.319560     8.9666    3.26173     75.352    33.0865    25.6264 0.0000e+00
 144.625412     77.000  35.326192     8.9142    3.19509     76.343    33.1418    25.6779 0.0000e+00
 144.625427     78.000  35.320198     8.8727    3.10155     77.334    33.1738    25.7094 0.0000e+00
 144.625444     79.000  35.311960     8.7778    2.94433     78.326    33.2537    25.7867 0.0000e+00
 144.625459     80.000  35.280250     8.6029    2.81771     79.317    33.3845    25.9161 0.0000e+00
 144.625472     81.000  35.247932     8.4767    2.71829     80.308    33.4696    26.0020 0.0000e+00
 144.625485     82.000  35.219728     8.3951    2.57995     81.299    33.5169    26.0514 0.0000e+00
 144.625500     83.000  35.188310     8.3164    2.46025     82.291    33.5580    26.0956 0.0000e+00
 144.625516     84.000  35.161114     8.2650    2.40355     83.282    33.5778    26.1189 0.0000e+00
 144.625532     85.000  35.142736     8.2332    2.39405     84.273    33.5882    26.1318 0.0000e+00
 144.625547     86.000  35.129346     8.2130    2.38589     85.265    33.5929    26.1385 0.0000e+00
 144.625561     87.000  35.124405     8.2031    2.38331     86.256    33.5966    26.1429 0.0000e+00
 144.625575     88.000  35.118675     8.1916    2.38313     87.247    33.6010    26.1481 0.0000e+00
 144.625589     89.000  35.114698     8.1857    2.38294     88.238    33.6019    26.1498 0.0000e+00
 144.625606     90.000  35.109286     8.1768    2.38058     89.229    33.6043    26.1529 0.0000e+00
 144.625623     91.000  35.105731     8.1707    2.36808     90.221    33.6058    26.1550 0.0000e+00
 144.625638     92.000  35.101401     8.1626    2.34523     91.212    33.6085    26.1584 0.0000e+00
 144.625651     93.000  35.095954     8.1461    2.34022     92.203    33.6180    26.1683 0.0000e+00
 144.625664     94.000  35.083666     8.1206    2.34646     93.194    33.6289    26.1807 0.0000e+00
 144.625677     95.000  35.072549     8.1089    2.33743     94.185    33.6278    26.1816 0.0000e+00
 144.625692     96.000  35.066615     8.1039    2.34065     95.177    33.6259    26.1808 0.0000e+00
 144.625708     97.000  35.063013     8.1014    2.33931     96.168    33.6240    26.1797 0.0000e+00
 144.625725     98.000  35.060787     8.0972    2.33882     97.159    33.6252    26.1812 0.0000e+00
 144.625742     99.000  35.058534     8.0937    2.33168     98.150    33.6256    26.1821 0.0000e+00
 144.625835    100.000  35.056096     8.0928    2.32666     99.141    33.6234    26.1805 0.0000e+00
