data/oxygen options/ONMS/Olympic_Coast_National_Marine_Sanctuary_Hypoxia_Survey_CTD_Data_2004_2015/raw_data/2005/CTD_TH100_060705faed.cnv
* Sea-Bird SBE19 Data File:
* FileName = C:\hypoxia CTD data\TH100_060705.hex
* Software Version 1.1.5
* Temperature SN = 2997
* Conductivity SN = 2997
* System UpLoad Time = Jun 07 2005 12:49:48
* SEACAT PROFILER V3.1c SN 2997   06/07/05  12:48:34.761
* strain gauge pressure sensor: S/N = 184829,  range = 3000 psia,  tc = 40
# nquan = 9                                 
# nvalues = 865                         
# units = specified
# name 0 = timeJ: Julian Days
# name 1 = prSM: Pressure, Strain Gauge [db]
# name 2 = c0mS/cm: Conductivity [mS/cm]
# name 3 = t090C: Temperature [ITS-90, deg C]
# name 4 = oxML/L: Oxygen, Beckman/YSI [ml/l]
# name 5 = depSM: Depth [salt water, m], lat = 47.5
# name 6 = sal00: Salinity, Practical [PSU]
# name 7 = sigma-é00: Density [sigma-theta, kg/m^3]
# name 8 = flag: flag
# span 0 = 158.509664, 158.514664       
# span 1 =     -3.626,    103.569       
# span 2 =   0.284649,  36.475236       
# span 3 =     7.3814,    12.7434       
# span 4 =   -0.12442,   27.80747       
# span 5 =     -3.596,    102.679       
# span 6 =     0.1805,    33.8403       
# span 7 =    -0.4144,    26.4536       
# span 8 = 0.0000e+00, 0.0000e+00       
# interval = seconds: 0.5
# start_time = Jun 07 2005 12:13:55 [Instrument's time stamp, header]
# bad_flag = -9.990e-29
*END*
[from data line 481]
 158.512448     46.093  35.004171     9.3742    4.22596     45.703    32.3994    25.0242 0.0000e+00
 158.512454     46.602  35.005733     9.3661    4.20897     46.208    32.4081    25.0324 0.0000e+00
 158.512459     47.123  35.006894     9.3549    4.20617     46.724    32.4192    25.0428 0.0000e+00
 158.512465     47.659  35.009195     9.3399    4.20712     47.256    32.4349    25.0575 0.0000e+00
 158.512471     48.201  35.013828     9.3182    4.22590     47.793    32.4592    25.0799 0.0000e+00
 158.512477     48.734  35.020237     9.2879    4.25570     48.322    32.4931    25.1112 0.0000e+00
 158.512483     49.247  35.027236     9.2522    4.26161     48.830    32.5325    25.1477 0.0000e+00
 158.512488     49.740  35.035169     9.2184    4.28451     49.319    32.5713    25.1834 0.0000e+00
 158.512494     50.210  35.044880     9.1982    4.34420     49.785    32.5996    25.2087 0.0000e+00
 158.512500     50.661  35.052478     9.1891    4.43234     50.232    32.6156    25.2226 0.0000e+00
 158.512506     51.104  35.057984     9.1729    4.54131     50.671    32.6359    25.2411 0.0000e+00
 158.512512     51.542  35.073214     9.1481    4.63253     51.105    32.6741    25.2749 0.0000e+00
 158.512517     51.974  35.098279     9.1284    4.65931     51.534    32.7180    25.3123 0.0000e+00
 158.512523     52.405  35.118934     9.1164    4.64115     51.961    32.7502    25.3394 0.0000e+00
 158.512529     52.845  35.130185     9.1052    4.60006     52.397    32.7720    25.3582 0.0000e+00
 158.512535     53.305  35.134685     9.0912    4.52431     52.853    32.7893    25.3740 0.0000e+00
 158.512541     53.794  35.134497     9.0764    4.47423     53.338    32.8025    25.3866 0.0000e+00
 158.512546     54.308  35.132722     9.0620    4.42805     53.848    32.8137    25.3977 0.0000e+00
 158.512552     54.838  35.132588     9.0449    4.39473     54.373    32.8291    25.4124 0.0000e+00
 158.512558     55.378  35.135583     9.0250    4.37727     54.908    32.8503    25.4321 0.0000e+00
 158.512564     55.928  35.140640     9.0076    4.35037     55.454    32.8714    25.4514 0.0000e+00
 158.512569     56.485  35.144395     8.9917    4.32821     56.006    32.8898    25.4682 0.0000e+00
 158.512575     57.039  35.146234     8.9693    4.31677     56.555    32.9122    25.4892 0.0000e+00
 158.512581     57.576  35.148032     8.9406    4.29049     57.088    32.9404    25.5158 0.0000e+00
 158.512587     58.093  35.149370     8.9137    4.26922     57.600    32.9665    25.5404 0.0000e+00
 158.512593     58.588  35.149774     8.8920    4.25878     58.091    32.9868    25.5597 0.0000e+00
 158.512598     59.059  35.149767     8.8712    4.23743     58.558    33.0060    25.5779 0.0000e+00
 158.512604     59.505  35.148763     8.8471    4.20117     59.000    33.0271    25.5983 0.0000e+00
 158.512610     59.939  35.146531     8.8209    4.16596     59.430    33.0490    25.6194 0.0000e+00
 158.512616     60.375  35.144565     8.7957    4.11749     59.862    33.0702    25.6400 0.0000e+00
 158.512622     60.814  35.143595     8.7751    4.09743     60.298    33.0883    25.6573 0.0000e+00
 158.512627     61.255  35.142873     8.7617    4.09351     60.735    33.0998    25.6684 0.0000e+00
 158.512633     61.701  35.141981     8.7546    4.08867     61.177    33.1053    25.6738 0.0000e+00
 158.512639     62.149  35.141398     8.7517    4.09915     61.621    33.1072    25.6757 0.0000e+00
 158.512645     62.594  35.141454     8.7504    4.10229     62.062    33.1083    25.6768 0.0000e+00
 158.512650     63.035  35.141652     8.7485    4.08930     62.499    33.1101    25.6785 0.0000e+00
 158.512656     63.478  35.141123     8.7455    4.08939     62.939    33.1121    25.6805 0.0000e+00
 158.512662     63.934  35.139713     8.7428    4.07482     63.391    33.1129    25.6816 0.0000e+00
 158.512668     64.411  35.138895     8.7416    4.03872     63.863    33.1130    25.6819 0.0000e+00
 158.512674     64.910  35.139810     8.7419    3.99904     64.358    33.1134    25.6822 0.0000e+00
 158.512679     65.423  35.142544     8.7430    3.92682     64.867    33.1150    25.6833 0.0000e+00
 158.512685     65.940  35.147927     8.7436    3.85964     65.379    33.1199    25.6870 0.0000e+00
 158.512691     66.452  35.155275     8.7432    3.81988     65.887    33.1277    25.6932 0.0000e+00
 158.512697     66.953  35.161477     8.7418    3.78016     66.383    33.1353    25.6993 0.0000e+00
 158.512703     67.441  35.165262     8.7392    3.78174     66.867    33.1415    25.7046 0.0000e+00
 158.512708     67.908  35.167179     8.7355    3.79508     67.330    33.1467    25.7093 0.0000e+00
 158.512714     68.350  35.167530     8.7319    3.79029     67.768    33.1503    25.7126 0.0000e+00
 158.512720     68.773  35.166770     8.7284    3.79352     68.188    33.1525    25.7149 0.0000e+00
 158.512726     69.187  35.165557     8.7219    3.78979     68.598    33.1572    25.7196 0.0000e+00
 158.512731     69.602  35.163384     8.7104    3.78813     69.009    33.1655    25.7278 0.0000e+00
 158.512737     70.023  35.159585     8.6967    3.79726     69.427    33.1741    25.7367 0.0000e+00
 158.512743     70.446  35.155252     8.6835    3.78864     69.846    33.1818    25.7448 0.0000e+00
 158.512749     70.868  35.151321     8.6714    3.76951     70.264    33.1888    25.7521 0.0000e+00
 158.512755     71.291  35.148143     8.6594    3.75126     70.684    33.1965    25.7600 0.0000e+00
 158.512760     71.720  35.145955     8.6468    3.71712     71.109    33.2059    25.7693 0.0000e+00
 158.512766     72.165  35.145190     8.6357    3.68129     71.550    33.2153    25.7784 0.0000e+00
 158.512772     72.630  35.145936     8.6267    3.63069     72.011    33.2243    25.7868 0.0000e+00
 158.512778     73.104  35.146371     8.6168    3.56529     72.481    33.2339    25.7958 0.0000e+00
 158.512784     73.576  35.144819     8.6028    3.49630     72.949    33.2452    25.8068 0.0000e+00
 158.512789     74.037  35.139759     8.5806    3.43152     73.406    33.2605    25.8223 0.0000e+00
 158.512795     74.487  35.126674     8.5460    3.36322     73.852    33.2791    25.8421 0.0000e+00
 158.512801     74.929  35.101561     8.5028    3.30168     74.290    33.2932    25.8597 0.0000e+00
 158.512807     75.356  35.069045     8.4647    3.26234     74.713    33.2947    25.8667 0.0000e+00
 158.512813     75.757  35.041256     8.4399    3.22482     75.111    33.2886    25.8656 0.0000e+00
 158.512818     76.137  35.024855     8.4230    3.20582     75.488    33.2871    25.8670 0.0000e+00
 158.512824     76.511  35.014214     8.4057    3.18499     75.858    33.2920    25.8735 0.0000e+00
 158.512830     76.889  35.002421     8.3860    3.14907     76.233    33.2980    25.8811 0.0000e+00
 158.512836     77.276  34.989999     8.3643    3.11865     76.617    33.3052    25.8901 0.0000e+00
 158.512841     77.669  34.978312     8.3382    3.07576     77.006    33.3174    25.9035 0.0000e+00
 158.512847     78.072  34.964660     8.3049    3.02344     77.406    33.3343    25.9218 0.0000e+00
 158.512853     78.494  34.946522     8.2660    2.97802     77.824    33.3517    25.9413 0.0000e+00
 158.512859     78.936  34.926051     8.2259    2.93272     78.262    33.3679    25.9599 0.0000e+00
 158.512865     79.388  34.908453     8.1866    2.89121     78.710    33.3863    25.9803 0.0000e+00
 158.512870     79.840  34.895473     8.1474    2.87472     79.158    33.4096    26.0043 0.0000e+00
 158.512876     80.286  34.884923     8.1098    2.86145     79.600    33.4340    26.0291 0.0000e+00
 158.512882     80.725  34.876176     8.0766    2.85412     80.036    33.4562    26.0514 0.0000e+00
 158.512888     81.160  34.869886     8.0486    2.85772     80.467    33.4760    26.0711 0.0000e+00
 158.512894     81.584  34.864936     8.0274    2.84888     80.887    33.4908    26.0858 0.0000e+00
 158.512899     81.980  34.860876     8.0163    2.85149     81.280    33.4969    26.0922 0.0000e+00
 158.512905     82.345  34.859565     8.0157    2.86315     81.641    33.4959    26.0915 0.0000e+00
 158.512911     82.693  34.860923     8.0215    2.86587     81.986    33.4916    26.0873 0.0000e+00
 158.512917     83.042  34.862823     8.0256    2.86345     82.332    33.4896    26.0851 0.0000e+00
 158.512922     83.402  34.863866     8.0192    2.85684     82.689    33.4966    26.0916 0.0000e+00
 158.512928     83.777  34.861511     8.0028    2.83901     83.061    33.5096    26.1042 0.0000e+00
 158.512934     84.172  34.855411     7.9840    2.81547     83.452    33.5210    26.1159 0.0000e+00
 158.512940     84.579  34.848635     7.9641    2.79017     83.856    33.5326    26.1279 0.0000e+00
 158.512946     84.993  34.841102     7.9410    2.76229     84.266    33.5465    26.1422 0.0000e+00
 158.512951     85.404  34.831726     7.9184    2.73516     84.674    33.5580    26.1545 0.0000e+00
 158.512957     85.809  34.822565     7.9012    2.70247     85.075    33.5645    26.1622 0.0000e+00
 158.512963     86.208  34.815967     7.8817    2.67449     85.471    33.5760    26.1740 0.0000e+00
 158.512969     86.605  34.808164     7.8481    2.64216     85.864    33.5997    26.1976 0.0000e+00
 158.512975     87.008  34.793786     7.8057    2.61250     86.264    33.6249    26.2236 0.0000e+00
 158.512980     87.418  34.776638     7.7685    2.58537     86.670    33.6422    26.2425 0.0000e+00
 158.512986     87.825  34.762990     7.7447    2.57173     87.073    33.6503    26.2523 0.0000e+00
 158.512992     88.227  34.754808     7.7350    2.55846     87.472    33.6507    26.2540 0.0000e+00
 158.512998     88.623  34.751818     7.7269    2.55645     87.864    33.6551    26.2587 0.0000e+00
 158.513003     89.016  34.748895     7.7078    2.54690     88.254    33.6702    26.2733 0.0000e+00
 158.513009     89.416  34.740450     7.6823    2.51569     88.651    33.6856    26.2890 0.0000e+00
 158.513015     89.821  34.729229     7.6609    2.49495     89.052    33.6940    26.2987 0.0000e+00
 158.513021     90.228  34.720438     7.6449    2.47272     89.455    33.6998    26.3056 0.0000e+00
 158.513027     90.636  34.714674     7.6295    2.44959     89.860    33.7083    26.3145 0.0000e+00
 158.513032     91.046  34.709284     7.6069    2.43561     90.266    33.7242    26.3303 0.0000e+00
 158.513038     91.463  34.700430     7.5744    2.41708     90.680    33.7460    26.3520 0.0000e+00
 158.513044     91.892  34.687506     7.5396    2.39966     91.105    33.7656    26.3724 0.0000e+00
 158.513050     92.330  34.674011     7.5118    2.39207     91.539    33.7779    26.3860 0.0000e+00
 158.513056     92.772  34.663798     7.4931    2.38291     91.977    33.7848    26.3941 0.0000e+00
 158.513061     93.210  34.657810     7.4813    2.38041     92.411    33.7896    26.3995 0.0000e+00
 158.513067     93.639  34.654211     7.4749    2.37785     92.836    33.7917    26.4021 0.0000e+00
 158.513073     94.055  34.652113     7.4724    2.36577     93.249    33.7917    26.4024 0.0000e+00
 158.513079     94.461  34.651509     7.4702    2.36421     93.651    33.7929    26.4038 0.0000e+00
 158.513084     94.860  34.650463     7.4656    2.36945     94.047    33.7961    26.4069 0.0000e+00
 158.513090     95.265  34.647567     7.4594    2.37076     94.448    33.7988    26.4099 0.0000e+00
 158.513096     95.684  34.644558     7.4522    2.37044     94.863    33.8024    26.4137 0.0000e+00
 158.513102     96.115  34.642458     7.4434    2.36139     95.291    33.8085    26.4198 0.0000e+00
 158.513108     96.550  34.640136     7.4339    2.35056     95.722    33.8150    26.4263 0.0000e+00
 158.513113     96.987  34.637287     7.4255    2.35764     96.155    33.8199    26.4313 0.0000e+00
 158.513119     97.429  34.634584     7.4179    2.33923     96.593    33.8241    26.4357 0.0000e+00
 158.513125     97.873  34.631774     7.4100    2.32922     97.033    33.8286    26.4404 0.0000e+00
 158.513131     98.314  34.628464     7.4023    2.33291     97.470    33.8323    26.4444 0.0000e+00
 158.513137     98.745  34.625273     7.3963    2.32578     97.897    33.8345    26.4469 0.0000e+00
 158.513142     99.161  34.622980     7.3927    2.32474     98.310    33.8353    26.4481 0.0000e+00
 158.513148     99.556  34.621878     7.3917    2.32872     98.701    33.8349    26.4479 0.0000e+00
 158.513154     99.932  34.621606     7.3928    2.31812     99.074    33.8333    26.4466 0.0000e+00
 158.513160    100.285  34.621789     7.3946    2.31772     99.424    33.8316    26.4449 0.0000e+00
 158.513166    100.622  34.622291     7.3945    2.31628     99.758    33.8321    26.4453 0.0000e+00
 158.513171    100.956  34.622653     7.3911    2.31786    100.089    33.8356    26.4486 0.0000e+00
 158.513177    101.295  34.621865     7.3863    2.32621    100.425    33.8393    26.4522 0.0000e+00
 158.513183    101.638  34.619998     7.3830    2.31706    100.765    33.8403    26.4535 0.0000e+00
 158.513189    101.978  34.618673     7.3817    2.31005    101.102    33.8400    26.4534 0.0000e+00
 158.513194    102.303  34.618370     7.3814    2.31586    101.424    33.8398    26.4533 0.0000e+00
 158.513200    102.599  34.618686     7.3815    2.30623    101.717    33.8399    26.4534 0.0000e+00
 158.513206    102.855  34.619482     7.3819    2.31127    101.971    33.8403    26.4536 0.0000e+00
 158.513212    103.065  34.620141     7.3827    2.30648    102.179    33.8401    26.4533 0.0000e+00
 158.513218    103.231  34.620426     7.3834    2.29780    102.344    33.8397    26.4529 -9.990e-29
 158.513223    103.354  34.620719     7.3841    2.31043    102.466    33.8392    26.4525 -9.990e-29
 158.513229    103.438  34.620854     7.3850    2.30621    102.549    33.8385    26.4517 -9.990e-29
 158.513235    103.493  34.620454     7.3860    2.30957    102.604    33.8370    26.4504 -9.990e-29
 158.513241    103.530  34.619554     7.3868    2.31242    102.640    33.8352    26.4489 -9.990e-29
 158.513247    103.556  34.619200     7.3874    2.30366    102.666    33.8343    26.4481 -9.990e-29
 158.513252    103.569  34.620047     7.3878    2.31225    102.679    33.8348    26.4484 -9.990e-29
 158.513258    103.569  34.620984     7.3880    2.31374    102.679    33.8356    26.4491 -9.990e-29
 158.513264    103.560  34.621586     7.3879    2.31525    102.670    33.8364    26.4497 -9.990e-29
 158.513270    103.539  34.622097     7.3876    2.31664    102.649    33.8372    26.4504 -9.990e-29
 158.513275    103.498  34.622083     7.3873    2.30621    102.608    33.8375    26.4507 -9.990e-29
 158.513281    103.437  34.621530     7.3869    2.31250    102.548    33.8373    26.4506 -9.990e-29
 158.513287    103.349  34.620826     7.3862    2.31397    102.461    33.8373    26.4506 -9.990e-29
 158.513293    103.235  34.620156     7.3857    2.30850    102.348    33.8371    26.4506 -9.990e-29
 158.513299    103.092  34.619753     7.3858    2.31590    102.206    33.8366    26.4502 0.0000e+00
 158.513304    102.905  34.619647     7.3861    2.30782    102.021    33.8363    26.4499 0.0000e+00
 158.513310    102.664  34.619698     7.3864    2.31450    101.782    33.8362    26.4497 0.0000e+00
 158.513316    102.370  34.619421     7.3864    2.31775    101.490    33.8360    26.4496 0.0000e+00
 158.513322    102.034  34.618451     7.3861    2.31591    101.157    33.8354    26.4492 0.0000e+00
 158.513328    101.673  34.617743     7.3858    2.32492    100.800    33.8351    26.4490 0.0000e+00
 158.513333    101.302  34.617482     7.3854    2.31663    100.432    33.8354    26.4493 0.0000e+00
 158.513339    100.924  34.616768     7.3848    2.31461    100.057    33.8354    26.4493 0.0000e+00
 158.513345    100.541  34.615775     7.3843    2.31223     99.678    33.8350    26.4491 0.0000e+00
 158.513351    100.166  34.614869     7.3841    2.31030     99.306    33.8344    26.4486 0.0000e+00
 158.513356     99.809  34.614529     7.3844    2.31288     98.952    33.8339    26.4482 0.0000e+00
 158.513362     99.461  34.614869     7.3852    2.31281     98.607    33.8337    26.4479 0.0000e+00
