data/oxygen options/ONMS/Olympic_Coast_National_Marine_Sanctuary_Hypoxia_Survey_CTD_Data_2004_2015/raw_data/2005/CTD_CE40_081605faedb.cnv
* Sea-Bird SBE19 Data File:
* FileName = C:\Hypoxia Data\CE40_081605.hex
* Software Version 1.1.6
* Temperature SN = 2997
* Conductivity SN = 2997
* System UpLoad Time = Aug 16 2005 11:07:54
* SEACAT PROFILER V3.1c SN 2997   08/16/05  11:07:22.753
* strain gauge pressure sensor: S/N = 184829,  range = 3000 psia,  tc = 40
# nquan = 9
# nvalues = 36                          
# units = specified
# name 0 = timeJ: Julian Days
# name 1 = prSM: Pressure, Strain Gauge [db]
# name 2 = c0mS/cm: Conductivity [mS/cm]
# name 3 = t090C: Temperature [ITS-90, deg C]
# name 4 = oxML/L: Oxygen, Beckman/YSI [ml/l]
# name 5 = depSM: Depth [salt water, m], lat = 47.5
# name 6 = sal00: Salinity, Practical [PSU]
# name 7 = sigma-é00: Density [sigma-theta, kg/m^3]
# name 8 = flag: flag
# span 0 = 228.459999, 228.460404       
# span 1 =      4.000,     39.000       
# span 2 =  34.516340,  36.788389       
# span 3 =     7.3606,    10.8938       
# span 4 =    2.53842,    7.30952       
# span 5 =      3.966,     38.671       
# span 6 =    32.8515,    33.7939       
# span 7 =    25.1217,    26.4183       
# span 8 = 0.0000e+00, 0.0000e+00       
# interval = decibars: 1                
# start_time = Aug 16 2005 10:58:47 [Instrument's time stamp, header]
# bad_flag = -9.990e-29
*END*
 228.459999      4.000  36.788389    10.8938    7.30952      3.966    32.8515    25.1217 0.0000e+00
 228.460019      5.000  36.568766    10.5273    6.16740      4.958    32.9619    25.2714 0.0000e+00
 228.460032      6.000  36.320993    10.2952    5.68682      5.950    32.9228    25.2807 0.0000e+00
 228.460044      7.000  36.201740    10.1275    5.60517      6.941    32.9543    25.3336 0.0000e+00
 228.460054      8.000  36.090517     9.9695    5.69010      7.933    32.9852    25.3842 0.0000e+00
 228.460065      9.000  36.021382     9.8891    5.75651      8.925    32.9879    25.3997 0.0000e+00
 228.460076     10.000  36.007053     9.8429    5.70004      9.917    33.0152    25.4287 0.0000e+00
 228.460086     11.000  35.973657     9.7346    5.64960     10.908    33.0800    25.4971 0.0000e+00
 228.460096     12.000  35.881451     9.6396    5.88301     11.899    33.0727    25.5071 0.0000e+00
 228.460106     13.000  35.896321     9.6413    6.11775     12.891    33.0859    25.5171 0.0000e+00
 228.460116     14.000  35.946835     9.6561    6.21478     13.882    33.1236    25.5441 0.0000e+00
 228.460125     15.000  35.962955     9.6290    6.14343     14.874    33.1647    25.5807 0.0000e+00
 228.460135     16.000  35.940841     9.5402    5.90233     15.865    33.2237    25.6412 0.0000e+00
 228.460145     17.000  35.893761     9.3814    5.45953     16.858    33.3223    25.7441 0.0000e+00
 228.460155     18.000  35.748272     9.1084    4.79288     17.849    33.4264    25.8692 0.0000e+00
 228.460166     19.000  35.502954     8.8093    4.10033     18.840    33.4516    25.9359 0.0000e+00
 228.460177     20.000  35.275168     8.5198    3.56594     19.832    33.4857    26.0072 0.0000e+00
 228.460188     21.000  35.066149     8.2646    3.29367     20.824    33.5069    26.0623 0.0000e+00
 228.460199     22.000  34.899267     8.0506    3.19336     21.815    33.5333    26.1148 0.0000e+00
 228.460208     23.000  34.760948     7.8718    3.14893     22.807    33.5566    26.1594 0.0000e+00
 228.460219     24.000  34.687208     7.7936    3.09989     23.798    33.5521    26.1672 0.0000e+00
 228.460228     25.000  34.680885     7.7524    2.97180     24.790    33.5845    26.1986 0.0000e+00
 228.460239     26.000  34.660770     7.6394    2.80822     25.782    33.6716    26.2834 0.0000e+00
 228.460249     27.000  34.613820     7.5161    2.65400     26.773    33.7400    26.3547 0.0000e+00
 228.460260     28.000  34.574952     7.4267    2.55757     27.765    33.7844    26.4023 0.0000e+00
 228.460271     29.000  34.545608     7.3851    2.53842     28.756    33.7926    26.4146 0.0000e+00
 228.460282     30.000  34.536040     7.3749    2.54026     29.747    33.7917    26.4154 0.0000e+00
 228.460292     31.000  34.530697     7.3663    2.55277     30.739    33.7939    26.4183 0.0000e+00
 228.460303     32.000  34.525000     7.3618    2.57137     31.730    33.7916    26.4172 0.0000e+00
 228.460314     33.000  34.522097     7.3613    2.57020     32.722    33.7884    26.4147 0.0000e+00
 228.460325     34.000  34.520538     7.3610    2.57083     33.713    33.7865    26.4133 0.0000e+00
 228.460336     35.000  34.518968     7.3608    2.57323     34.705    33.7845    26.4118 0.0000e+00
 228.460348     36.000  34.518352     7.3607    2.56498     35.697    33.7834    26.4109 0.0000e+00
 228.460361     37.000  34.516731     7.3606    2.55887     36.688    33.7813    26.4093 0.0000e+00
 228.460375     38.000  34.518125     7.3628    2.56868     37.680    33.7802    26.4081 0.0000e+00
 228.460404     39.000  34.516340     7.3624    2.56136     38.671    33.7782    26.4066 0.0000e+00
