data/oxygen options/ONMS/Olympic_Coast_National_Marine_Sanctuary_Hypoxia_Survey_CTD_Data_2004_2015/raw_data/2005/CTD_CE100_081605faed.cnv
* Sea-Bird SBE19 Data File:
* FileName = C:\Hypoxia Data\CE100_081605.hex
* Software Version 1.1.6
* Temperature SN = 2997
* Conductivity SN = 2997
* System UpLoad Time = Aug 16 2005 12:49:12
* SEACAT PROFILER V3.1c SN 2997   08/16/05  12:48:07.521
* strain gauge pressure sensor: S/N = 184829,  range = 3000 psia,  tc = 40
# nquan = 9                                 
# nvalues = 800                         
# units = specified
# name 0 = timeJ: Julian Days
# name 1 = prSM: Pressure, Strain Gauge [db]
# name 2 = c0mS/cm: Conductivity [mS/cm]
# name 3 = t090C: Temperature [ITS-90, deg C]
# name 4 = oxML/L: Oxygen, Beckman/YSI [ml/l]
# name 5 = depSM: Depth [salt water, m], lat = 47.5
# name 6 = sal00: Salinity, Practical [PSU]
# name 7 = sigma-é00: Density [sigma-theta, kg/m^3]
# name 8 = flag: flag
# span 0 = 228.519329, 228.523953       
# span 1 =      0.653,    103.978       
# span 2 =  12.560004,  36.692851       
# span 3 =     7.1171,    11.6609       
# span 4 =   -0.10463,   29.32046       
# span 5 =      0.648,    103.084       
# span 6 =    16.9211,    33.9555       
# span 7 =    12.7092,    26.5777       
# span 8 = 0.0000e+00, 0.0000e+00       
# interval = seconds: 0.5
# start_time = Aug 16 2005 12:27:50 [Instrument's time stamp, header]
# bad_flag = -9.990e-29
*END*
[from data line 641]
 228.523038     78.034  34.607507     7.3715    2.98735     77.368    33.8494    26.4619 0.0000e+00
 228.523044     77.484  34.620973     7.3951    2.99693     76.823    33.8413    26.4522 0.0000e+00
 228.523050     76.933  34.641153     7.4235    3.00977     76.277    33.8357    26.4438 0.0000e+00
 228.523056     76.396  34.667491     7.4442    3.00455     75.744    33.8443    26.4476 0.0000e+00
 228.523061     75.891  34.685780     7.4529    2.99718     75.244    33.8559    26.4555 0.0000e+00
 228.523067     75.428  34.691265     7.4554    3.00581     74.785    33.8597    26.4581 0.0000e+00
 228.523073     75.000  34.691825     7.4566    3.00667     74.361    33.8593    26.4576 0.0000e+00
 228.523079     74.583  34.692694     7.4572    3.02086     73.947    33.8599    26.4580 0.0000e+00
 228.523084     74.151  34.693347     7.4559    3.02996     73.519    33.8620    26.4599 0.0000e+00
 228.523090     73.685  34.690732     7.4520    3.03211     73.057    33.8632    26.4614 0.0000e+00
 228.523096     73.185  34.683606     7.4461    3.03274     72.561    33.8615    26.4608 0.0000e+00
 228.523102     72.667  34.672559     7.4374    3.05071     72.048    33.8583    26.4595 0.0000e+00
 228.523108     72.144  34.656877     7.4260    3.08638     71.529    33.8526    26.4567 0.0000e+00
 228.523113     71.621  34.639198     7.4105    3.12859     71.011    33.8488    26.4559 0.0000e+00
 228.523119     71.101  34.618372     7.3878    3.17196     70.495    33.8487    26.4589 0.0000e+00
 228.523125     70.582  34.585133     7.3631    3.20519     69.981    33.8369    26.4532 0.0000e+00
 228.523131     70.072  34.547294     7.3468    3.22026     69.475    33.8120    26.4358 0.0000e+00
 228.523137     69.580  34.523911     7.3404    3.22946     68.988    33.7930    26.4218 0.0000e+00
 228.523142     69.114  34.516318     7.3394    3.22825     68.526    33.7860    26.4164 0.0000e+00
 228.523148     68.673  34.516073     7.3408    3.22865     68.089    33.7845    26.4151 0.0000e+00
 228.523154     68.247  34.518928     7.3435    3.24437     67.666    33.7852    26.4152 0.0000e+00
 228.523160     67.813  34.522521     7.3460    3.28623     67.236    33.7869    26.4162 0.0000e+00
 228.523166     67.352  34.523237     7.3480    3.35059     66.779    33.7859    26.4151 0.0000e+00
 228.523171     66.856  34.517546     7.3517    3.43152     66.287    33.7764    26.4071 0.0000e+00
 228.523177     66.323  34.506831     7.3583    3.51554     65.759    33.7586    26.3921 0.0000e+00
 228.523183     65.763  34.496985     7.3676    3.58864     65.204    33.7391    26.3755 0.0000e+00
 228.523189     65.190  34.490582     7.3783    3.65738     64.636    33.7220    26.3605 0.0000e+00
 228.523194     64.620  34.485814     7.3871    3.68943     64.071    33.7085    26.3487 0.0000e+00
 228.523200     64.067  34.481934     7.3913    3.70386     63.522    33.7005    26.3418 0.0000e+00
 228.523206     63.544  34.479378     7.3916    3.69258     63.004    33.6977    26.3395 0.0000e+00
 228.523212     63.051  34.478667     7.3906    3.69392     62.515    33.6981    26.3400 0.0000e+00
 228.523218     62.582  34.478856     7.3898    3.70720     62.050    33.6993    26.3410 0.0000e+00
 228.523223     62.134  34.477954     7.3900    3.72495     61.606    33.6983    26.3402 0.0000e+00
 228.523229     61.694  34.475322     7.3910    3.76628     61.170    33.6947    26.3373 0.0000e+00
 228.523235     61.244  34.471374     7.3922    3.82299     60.724    33.6895    26.3330 0.0000e+00
 228.523241     60.768  34.466453     7.3943    3.87663     60.252    33.6823    26.3270 0.0000e+00
 228.523247     60.257  34.459042     7.3980    3.91781     59.745    33.6709    26.3175 0.0000e+00
 228.523252     59.712  34.449913     7.4035    3.93967     59.205    33.6560    26.3050 0.0000e+00
 228.523258     59.147  34.442592     7.4110    3.93559     58.645    33.6410    26.2921 0.0000e+00
 228.523264     58.575  34.437971     7.4193    3.92707     58.078    33.6282    26.2809 0.0000e+00
 228.523270     58.012  34.435499     7.4276    3.91511     57.520    33.6177    26.2715 0.0000e+00
 228.523275     57.469  34.434686     7.4347    3.91109     56.981    33.6102    26.2646 0.0000e+00
 228.523281     56.954  34.435012     7.4379    3.90726     56.471    33.6077    26.2622 0.0000e+00
 228.523287     56.474  34.435796     7.4376    3.89117     55.995    33.6091    26.2633 0.0000e+00
 228.523293     56.022  34.436405     7.4387    3.84106     55.547    33.6089    26.2630 0.0000e+00
 228.523299     55.583  34.437091     7.4446    3.72233     55.112    33.6042    26.2584 0.0000e+00
 228.523304     55.139  34.438210     7.4586    3.57683     54.672    33.5920    26.2469 0.0000e+00
 228.523310     54.677  34.440693     7.4822    3.41065     54.213    33.5721    26.2278 0.0000e+00
 228.523316     54.198  34.445049     7.5073    3.30382     53.739    33.5527    26.2091 0.0000e+00
 228.523322     53.710  34.449800     7.5242    3.26385     53.255    33.5418    26.1981 0.0000e+00
 228.523328     53.221  34.453442     7.5316    3.21376     52.770    33.5388    26.1947 0.0000e+00
 228.523333     52.725  34.455233     7.5364    3.16824     52.278    33.5363    26.1920 0.0000e+00
 228.523339     52.207  34.456441     7.5507    3.08172     51.765    33.5241    26.1804 0.0000e+00
 228.523345     51.652  34.460922     7.5860    2.98111     51.215    33.4951    26.1526 0.0000e+00
 228.523351     51.051  34.473530     7.6403    2.93232     50.619    33.4567    26.1147 0.0000e+00
 228.523356     50.411  34.493698     7.6979    2.90400     49.984    33.4234    26.0802 0.0000e+00
 228.523362     49.761  34.514133     7.7479    2.91531     49.340    33.3977    26.0529 0.0000e+00
 228.523368     49.136  34.531827     7.7830    2.94787     48.720    33.3834    26.0366 0.0000e+00
 228.523374     48.560  34.544040     7.8021    2.98372     48.149    33.3785    26.0299 0.0000e+00
 228.523380     48.035  34.549130     7.8175    3.02881     47.629    33.3695    26.0206 0.0000e+00
 228.523385     47.545  34.554450     7.8364    3.07609     47.143    33.3573    26.0084 0.0000e+00
 228.523391     47.071  34.563172     7.8649    3.12917     46.673    33.3397    25.9904 0.0000e+00
 228.523397     46.605  34.575717     7.9061    3.17553     46.211    33.3140    25.9642 0.0000e+00
 228.523403     46.139  34.591999     7.9444    3.21678     45.749    33.2951    25.9438 0.0000e+00
 228.523409     45.668  34.605141     7.9687    3.27350     45.282    33.2863    25.9333 0.0000e+00
 228.523414     45.192  34.611934     7.9837    3.37862     44.810    33.2795    25.9258 0.0000e+00
 228.523420     44.702  34.615279     7.9959    3.55324     44.324    33.2717    25.9178 0.0000e+00
 228.523426     44.190  34.616837     8.0168    3.78882     43.816    33.2537    25.9007 0.0000e+00
 228.523432     43.647  34.616446     8.0555    4.03101     43.278    33.2168    25.8660 0.0000e+00
 228.523438     43.069  34.615268     8.1027    4.23983     42.705    33.1711    25.8232 0.0000e+00
 228.523443     42.467  34.613979     8.1438    4.39555     42.108    33.1311    25.7858 0.0000e+00
 228.523449     41.865  34.611989     8.1738    4.48038     41.511    33.1010    25.7577 0.0000e+00
 228.523455     41.286  34.609463     8.1917    4.51967     40.937    33.0817    25.7399 0.0000e+00
 228.523461     40.740  34.607527     8.1989    4.55473     40.396    33.0731    25.7321 0.0000e+00
 228.523466     40.226  34.607530     8.2029    4.59626     39.886    33.0696    25.7287 0.0000e+00
 228.523472     39.737  34.608359     8.2146    4.68087     39.402    33.0597    25.7192 0.0000e+00
 228.523478     39.264  34.608320     8.2441    4.75875     38.933    33.0321    25.6932 0.0000e+00
 228.523484     38.792  34.608481     8.2864    4.83491     38.465    32.9927    25.6560 0.0000e+00
 228.523490     38.323  34.610180     8.3210    4.88493     38.000    32.9623    25.6270 0.0000e+00
 228.523495     37.857  34.612888     8.3405    4.90678     37.538    32.9471    25.6122 0.0000e+00
 228.523501     37.375  34.616300     8.3554    4.93892     37.060    32.9370    25.6020 0.0000e+00
 228.523507     36.870  34.620486     8.3784    4.95371     36.559    32.9201    25.5854 0.0000e+00
 228.523513     36.344  34.627669     8.4141    4.96432     36.038    32.8946    25.5600 0.0000e+00
 228.523519     35.800  34.639019     8.4556    4.96579     35.498    32.8680    25.5330 0.0000e+00
 228.523524     35.244  34.650429     8.4918    4.93295     34.947    32.8466    25.5107 0.0000e+00
 228.523530     34.673  34.660866     8.5221    4.87571     34.381    32.8296    25.4928 0.0000e+00
 228.523536     34.095  34.674539     8.5594    4.79805     33.808    32.8096    25.4715 0.0000e+00
 228.523542     33.523  34.693430     8.6079    4.74164     33.241    32.7846    25.4446 0.0000e+00
 228.523547     32.969  34.716200     8.6546    4.68861     32.691    32.7655    25.4224 0.0000e+00
 228.523553     32.431  34.738459     8.6851    4.61357     32.158    32.7608    25.4141 0.0000e+00
 228.523559     31.896  34.751778     8.7010    4.48906     31.627    32.7603    25.4113 0.0000e+00
 228.523565     31.356  34.755988     8.7210    4.31785     31.092    32.7464    25.3974 0.0000e+00
 228.523571     30.807  34.765119     8.7664    4.15742     30.548    32.7142    25.3652 0.0000e+00
 228.523576     30.235  34.795269     8.8324    4.03203     29.980    32.6851    25.3322 0.0000e+00
 228.523582     29.638  34.839552     8.8853    3.97828     29.389    32.6828    25.3223 0.0000e+00
 228.523588     29.037  34.871254     8.9112    3.97779     28.793    32.6922    25.3257 0.0000e+00
 228.523594     28.455  34.884451     8.9214    4.03313     28.216    32.6968    25.3277 0.0000e+00
 228.523600     27.896  34.890025     8.9268    4.13145     27.661    32.6979    25.3277 0.0000e+00
 228.523605     27.356  34.893172     8.9366    4.25899     27.126    32.6924    25.3218 0.0000e+00
 228.523611     26.821  34.898090     8.9654    4.39645     26.595    32.6713    25.3008 0.0000e+00
 228.523617     26.279  34.915823     9.0167    4.50776     26.058    32.6428    25.2706 0.0000e+00
 228.523623     25.728  34.948712     9.0721    4.58757     25.512    32.6264    25.2491 0.0000e+00
 228.523628     25.178  34.980073     9.1170    4.62269     24.966    32.6180    25.2355 0.0000e+00
 228.523634     24.627  35.002398     9.1515    4.63401     24.420    32.6098    25.2236 0.0000e+00
 228.523640     24.065  35.019121     9.1872    4.61621     23.863    32.5947    25.2062 0.0000e+00
 228.523646     23.488  35.033486     9.2374    4.57188     23.291    32.5640    25.1742 0.0000e+00
 228.523652     22.896  35.052879     9.2945    4.50178     22.704    32.5322    25.1403 0.0000e+00
 228.523657     22.298  35.075693     9.3469    4.41312     22.111    32.5083    25.1133 0.0000e+00
 228.523663     21.705  35.093118     9.3917    4.32813     21.523    32.4858    25.0886 0.0000e+00
 228.523669     21.120  35.101491     9.4205    4.26818     20.943    32.4685    25.0705 0.0000e+00
 228.523675     20.550  35.100774     9.4279    4.24296     20.377    32.4613    25.0636 0.0000e+00
 228.523681     20.001  35.095069     9.4218    4.26020     19.833    32.4612    25.0645 0.0000e+00
 228.523686     19.476  35.088549     9.4150    4.30243     19.313    32.4609    25.0654 0.0000e+00
 228.523692     18.968  35.083735     9.4174    4.35508     18.809    32.4540    25.0596 0.0000e+00
 228.523698     18.460  35.083738     9.4408    4.45346     18.305    32.4330    25.0395 0.0000e+00
 228.523704     17.940  35.088564     9.5156    4.56288     17.790    32.3706    24.9787 0.0000e+00
 228.523709     17.393  35.101842     9.6572    4.69489     17.247    32.2569    24.8671 0.0000e+00
 228.523715     16.821  35.136795     9.8366    4.86058     16.680    32.1323    24.7406 0.0000e+00
 228.523721     16.228  35.205840    10.0446    5.02962     16.092    32.0177    24.6170 0.0000e+00
 228.523727     15.621  35.323139    10.2871    5.23758     15.490    31.9221    24.5021 0.0000e+00
 228.523733     15.007  35.486465    10.5141    5.41053     14.881    31.8867    24.4362 0.0000e+00
 228.523738     14.399  35.643952    10.6551    5.54220     14.278    31.9206    24.4385 0.0000e+00
 228.523744     13.805  35.730347    10.6801    5.65286     13.689    31.9849    24.4843 0.0000e+00
 228.523750     13.226  35.735301    10.6263    5.81152     13.115    32.0372    24.5343 0.0000e+00
 228.523756     12.658  35.699089    10.6220    6.02732     12.552    32.0052    24.5100 0.0000e+00
 228.523762     12.097  35.711914    10.7676    6.25927     11.996    31.8909    24.3960 0.0000e+00
 228.523767     11.535  35.840191    10.9991    6.44858     11.438    31.8168    24.2982 0.0000e+00
 228.523773     10.976  36.013855    11.1960    6.51209     10.884    31.8176    24.2642 0.0000e+00
 228.523779     10.426  36.143782    11.3113    6.49594     10.339    31.8457    24.2655 0.0000e+00
 228.523785      9.903  36.215425    11.3622    6.44107      9.820    31.8721    24.2770 0.0000e+00
 228.523791      9.428  36.245289    11.3809    6.38520      9.349    31.8853    24.2839 0.0000e+00
 228.523796      9.009  36.255830    11.3869    6.35396      8.934    31.8906    24.2869 0.0000e+00
 228.523802      8.637  36.261108    11.3859    6.33436      8.565    31.8968    24.2919 0.0000e+00
 228.523808      8.289  36.261994    11.3818    6.30674      8.220    31.9014    24.2962 0.0000e+00
 228.523814      7.933  36.259112    11.3838    6.28834      7.867    31.8970    24.2924 0.0000e+00
 228.523819      7.548  36.262073    11.3907    6.27841      7.485    31.8941    24.2889 0.0000e+00
 228.523825      7.129  36.270340    11.3963    6.87953      7.069    31.8975    24.2905 0.0000e+00
 228.523831      6.689  36.276992    11.4013    6.20771      6.633    31.8998    24.2915 0.0000e+00
 228.523837      6.239  36.282493    11.4068    6.15994      6.187    31.9007    24.2911 0.0000e+00
 228.523843      5.787  36.287452    11.4124    6.09930      5.739    31.9009    24.2903 0.0000e+00
 228.523848      5.348  36.289513    11.4167    5.97123      5.303    31.8993    24.2883 0.0000e+00
 228.523854      4.932  36.283578    11.4186    5.85158      4.891    31.8921    24.2823 0.0000e+00
 228.523860      4.548  36.256692    11.4227    5.73589      4.510    31.8624    24.2585 0.0000e+00
 228.523866      4.196  36.174132    11.4343    5.62785      4.161    31.7720    24.1862 0.0000e+00
 228.523872      3.866  35.924135    11.4566    5.62511      3.834    31.5092    23.9780 0.0000e+00
 228.523877      3.560  35.162160    11.4864    5.65742      3.530    30.7432    23.3778 0.0000e+00
 228.523883      3.292  32.839720    11.5031    6.38233      3.264    28.4879    21.6245 0.0000e+00
 228.523889      3.069  31.077221    11.4907    7.04506      3.043    26.8113    20.3263 0.0000e+00
 228.523895      2.888  32.804460    11.4581    7.28892      2.864    28.4888    21.6330 0.0000e+00
 228.523900      2.740  35.122581    11.4208 -9.990e-29      2.717    30.7596    23.4021 -9.990e-29
 228.523906      2.629  35.879069    11.3852 -9.990e-29      2.607    31.5266    24.0043 -9.990e-29
 228.523912      2.552  36.094906    11.3506 -9.990e-29      2.531    31.7672    24.1974 -9.990e-29
 228.523918      2.495  36.094877    11.3151 -9.990e-29      2.474    31.7978    24.2275 -9.990e-29
 228.523924      2.452  35.920989    11.2817 -9.990e-29      2.432    31.6563    24.1234 -9.990e-29
 228.523929      2.418  35.375590    11.2552 -9.990e-29      2.398    31.1452    23.7309 -9.990e-29
 228.523935      2.392  33.752222    11.2362 -9.990e-29      2.372    29.5790    22.5175 -9.990e-29
 228.523941      2.373  28.903770    11.2237 -9.990e-29      2.353    24.9297    18.9118 -9.990e-29
 228.523947      2.358  20.295018    11.2190 -9.990e-29      2.338    16.9211    12.7092 -9.990e-29
 228.523953      2.352  12.560004 -9.990e-29 -9.990e-29      2.332 -9.990e-29 -9.990e-29 -9.990e-29
