data/oxygen options/ONMS/Olympic_Coast_National_Marine_Sanctuary_Hypoxia_Survey_CTD_Data_2004_2015/raw_data/2005/CTD_CE80_062105faed.cnv
* Sea-Bird SBE19 Data File:
* FileName = C:\hypoxia CTD data\CE80_062105.hex
* Software Version 1.1.5
* Temperature SN = 2997
* Conductivity SN = 2997
* System UpLoad Time = Jun 21 2005 16:35:43
* SEACAT PROFILER V3.1c SN 2997   06/21/05  16:35:18.730
* strain gauge pressure sensor: S/N = 184829,  range = 3000 psia,  tc = 40
# nquan = 9                                 
# nvalues = 766                         
# units = specified
# name 0 = timeJ: Julian Days
# name 1 = prSM: Pressure, Strain Gauge [db]
# name 2 = c0mS/cm: Conductivity [mS/cm]
# name 3 = t090C: Temperature [ITS-90, deg C]
# name 4 = oxML/L: Oxygen, Beckman/YSI [ml/l]
# name 5 = depSM: Depth [salt water, m], lat = 47.5
# name 6 = sal00: Salinity, Practical [PSU]
# name 7 = sigma-é00: Density [sigma-theta, kg/m^3]
# name 8 = flag: flag
# span 0 = 172.644884, 172.649311       
# span 1 =     -3.623,     82.646       
# span 2 =   0.268268,  37.661227       
# span 3 =     8.0386,    16.7538       
# span 4 =   -0.11723,   24.23776       
# span 5 =     -3.593,     81.940       
# span 6 =     0.1614,    33.6021       
# span 7 =    -0.7187,    26.1713       
# span 8 = 0.0000e+00, 0.0000e+00       
# interval = seconds: 0.5
# start_time = Jun 21 2005 15:28:38 [Instrument's time stamp, header]
# bad_flag = -9.990e-29
*END*
[from data line 321]
 172.646742      2.560  35.818063    16.7461    6.54699      2.539    27.3816    19.7338 -9.990e-29
 172.646748      2.579  35.818361    16.7458    6.54387      2.557    27.3821    19.7342 -9.990e-29
 172.646753      2.595  35.817519    16.7453    6.55010      2.573    27.3817    19.7341 -9.990e-29
 172.646759      2.605  35.816106    16.7451    6.56436      2.583    27.3806    19.7333 -9.990e-29
 172.646765      2.612  35.815046    16.7450    6.55452      2.590    27.3798    19.7327 -9.990e-29
 172.646771      2.624  35.814057    16.7449    6.53993      2.602    27.3790    19.7321 -9.990e-29
 172.646777      2.639  35.813511    16.7448    6.54415      2.617    27.3786    19.7318 -9.990e-29
 172.646782      2.654  35.813810    16.7447    6.55247      2.632    27.3789    19.7321 -9.990e-29
 172.646788      2.663  35.814800    16.7448    6.55541      2.641    27.3797    19.7327 -9.990e-29
 172.646794      2.661  35.816127    16.7450    6.54729      2.639    27.3807    19.7334 -9.990e-29
 172.646800      2.652  35.816764    16.7451    6.53318      2.630    27.3812    19.7337 -9.990e-29
 172.646806      2.645  35.816448    16.7453    6.53169      2.623    27.3808    19.7334 -9.990e-29
 172.646811      2.643  35.816449    16.7458    6.54352      2.621    27.3804    19.7330 -9.990e-29
 172.646817      2.647  35.817897    16.7466    6.55113      2.625    27.3811    19.7333 -9.990e-29
 172.646823      2.651  35.819931    16.7469    6.55326      2.629    27.3826    19.7344 -9.990e-29
 172.646829      2.649  35.820785    16.7467    6.53845      2.627    27.3835    19.7351 -9.990e-29
 172.646834      2.639  35.820486    16.7465    6.53088      2.617    27.3834    19.7351 -9.990e-29
 172.646840      2.629  35.819765    16.7468    6.53382      2.607    27.3826    19.7344 -9.990e-29
 172.646846      2.628  35.819349    16.7475    6.53763      2.606    27.3817    19.7336 -9.990e-29
 172.646852      2.640  35.820937    16.7481    6.54831      2.618    27.3827    19.7342 -9.990e-29
 172.646858      2.657  35.823851    16.7479    6.55348      2.635    27.3853    19.7362 -9.990e-29
 172.646863      2.667  35.824136    16.7472    6.55262      2.645    27.3860    19.7369 -9.990e-29
 172.646869      2.671  35.821620    16.7465    6.54258      2.649    27.3843    19.7358 -9.990e-29
 172.646875      2.677  35.819123    16.7463    6.54535      2.655    27.3823    19.7343 -9.990e-29
 172.646881      2.691  35.817809    16.7468    6.54564      2.669    27.3809    19.7331 -9.990e-29
 172.646887      2.709  35.819297    16.7477    6.54299      2.686    27.3815    19.7334 -9.990e-29
 172.646892      2.724  35.823336    16.7487    6.53157      2.701    27.3843    19.7353 -9.990e-29
 172.646898      2.731  35.827474    16.7496    6.52448      2.708    27.3872    19.7373 -9.990e-29
 172.646904      2.732  35.831067    16.7501    6.53351      2.709    27.3899    19.7392 -9.990e-29
 172.646910      2.731  35.832750    16.7498    6.53613      2.708    27.3915    19.7406 -9.990e-29
 172.646916      2.733  35.831412    16.7491    6.54138      2.710    27.3908    19.7402 -9.990e-29
 172.646921      2.732  35.828639    16.7482    6.53872      2.709    27.3891    19.7391 -9.990e-29
 172.646927      2.725  35.825229    16.7472    6.53069      2.702    27.3869    19.7376 -9.990e-29
 172.646933      2.716  35.821126    16.7463    6.53190      2.693    27.3840    19.7356 -9.990e-29
 172.646939      2.712  35.817036    16.7457    6.54463      2.689    27.3810    19.7334 -9.990e-29
 172.646944      2.718  35.814801    16.7454    6.54746      2.695    27.3793    19.7322 -9.990e-29
 172.646950      2.730  35.815376    16.7453    6.54701      2.707    27.3798    19.7326 -9.990e-29
 172.646956      2.739  35.816170    16.7450    6.54406      2.716    27.3807    19.7334 -9.990e-29
 172.646962      2.742  35.814887    16.7446    6.53432      2.719    27.3799    19.7328 -9.990e-29
 172.646968      2.744  35.812629    16.7447    6.53541      2.721    27.3779    19.7313 -9.990e-29
 172.646973      2.754  35.811999    16.7458    6.54002      2.731    27.3766    19.7301 -9.990e-29
 172.646979      2.771  35.814970    16.7472    6.54639      2.748    27.3782    19.7310 -9.990e-29
 172.646985      2.788  35.818783    16.7477    6.53559      2.765    27.3811    19.7331 -9.990e-29
 172.646991      2.803  35.819001    16.7472    6.52815      2.780    27.3816    19.7336 -9.990e-29
 172.646997      2.817  35.817040    16.7464    6.53527      2.793    27.3805    19.7329 -9.990e-29
 172.647002      2.825  35.815332    16.7455    6.53910      2.801    27.3796    19.7324 -9.990e-29
 172.647008      2.824  35.813831    16.7448    6.54353      2.800    27.3788    19.7320 -9.990e-29
 172.647014      2.818  35.812199    16.7442    6.53675      2.794    27.3779    19.7314 -9.990e-29
 172.647020      2.812  35.810479    16.7439    6.53109      2.789    27.3766    19.7305 -9.990e-29
 172.647025      2.804  35.809724    16.7438    6.53708      2.781    27.3760    19.7301 -9.990e-29
 172.647031      2.795  35.810025    16.7439    6.54416      2.772    27.3762    19.7302 -9.990e-29
 172.647037      2.787  35.811204    16.7444    6.54086      2.764    27.3769    19.7306 -9.990e-29
 172.647043      2.786  35.813132    16.7449    6.54047      2.763    27.3782    19.7315 -9.990e-29
 172.647049      2.786  35.813873    16.7450    6.53273      2.763    27.3787    19.7319 -9.990e-29
 172.647054      2.782  35.812714    16.7448    6.54362      2.759    27.3779    19.7313 -9.990e-29
 172.647060      2.780  35.811451    16.7445    6.54510      2.757    27.3770    19.7307 -9.990e-29
 172.647066      2.784  35.810625    16.7440    6.53602      2.761    27.3767    19.7305 -9.990e-29
 172.647072      2.792  35.809675    16.7436    6.52710      2.769    27.3761    19.7302 -9.990e-29
 172.647078      2.807  35.808995    16.7434    6.52668      2.784    27.3757    19.7299 -9.990e-29
 172.647083      2.825  35.808778    16.7437    6.54126      2.801    27.3753    19.7295 -9.990e-29
 172.647089      2.842  35.809275    16.7441    6.54707      2.818    27.3754    19.7296 -9.990e-29
 172.647095      2.860  35.810568    16.7443    6.54005      2.836    27.3764    19.7302 -9.990e-29
 172.647101      2.880  35.810996    16.7440    6.53831      2.856    27.3770    19.7307 -9.990e-29
 172.647106      2.903  35.809427    16.7435    6.52815      2.879    27.3760    19.7301 -9.990e-29
 172.647112      2.930  35.807113    16.7433    6.52954      2.906    27.3741    19.7287 -9.990e-29
 172.647118      2.968  35.805996    16.7433    6.52910      2.943    27.3732    19.7280 -9.990e-29
 172.647124      3.024  35.806248    16.7433    6.52514      2.999    27.3734    19.7281 -9.990e-29
 172.647130      3.091  35.806503    16.7434    6.53176      3.065    27.3735    19.7282 -9.990e-29
 172.647135      3.167  35.806517    16.7435    6.54561      3.141    27.3734    19.7281 -9.990e-29
 172.647141      3.259  35.806851    16.7438    6.60191      3.232    27.3735    19.7281 -9.990e-29
 172.647147      3.379  35.807928    16.7444    6.66393      3.351    27.3739    19.7283 -9.990e-29
 172.647153      3.534  35.811725    16.7456    6.58774      3.504    27.3763    19.7299 0.0000e+00
 172.647159      3.729  35.823284    16.7478    6.42209      3.698    27.3845    19.7357 0.0000e+00
 172.647164      3.968  35.852391    16.7507    6.17866      3.935    27.4071    19.7524 0.0000e+00
 172.647170      4.258  35.922699    16.7414    5.97506      4.222    27.4730    19.8049 0.0000e+00
 172.647176      4.600  36.072431    16.6895    5.93987      4.562    27.6356    19.9409 0.0000e+00
 172.647182      4.987  36.278078    16.5619    5.97492      4.945    27.8988    20.1708 0.0000e+00
 172.647188      5.404  36.474070    16.3163    6.12307      5.359    28.2388    20.4854 0.0000e+00
 172.647193      5.839  36.694639    15.9376    6.26244      5.790    28.6999    20.9217 0.0000e+00
 172.647199      6.290  36.981528    15.5317    6.34814      6.237    29.2474    21.4296 0.0000e+00
 172.647205      6.757  37.254051    15.2389    6.37268      6.700    29.7070    21.8452 0.0000e+00
 172.647211      7.229  37.443156    15.0768    6.35254      7.169    29.9982    22.1035 0.0000e+00
 172.647216      7.696  37.561995    14.9932    6.32465      7.632    30.1683    22.2520 0.0000e+00
 172.647222      8.151  37.625949    14.9445    6.34022      8.083    30.2629    22.3351 0.0000e+00
 172.647228      8.603  37.651832    14.8912    6.39119      8.531    30.3273    22.3958 0.0000e+00
 172.647234      9.063  37.661227    14.8028    6.40864      8.987    30.4043    22.4737 0.0000e+00
 172.647240      9.536  37.656538    14.6871    6.35872      9.456    30.4904    22.5642 0.0000e+00
 172.647245     10.012  37.639337    14.5873    6.27428      9.928    30.5530    22.6332 0.0000e+00
 172.647251     10.488  37.624784    14.5220    6.17457     10.400    30.5911    22.6761 0.0000e+00
 172.647257     10.964  37.620344    14.4598    6.07203     10.872    30.6360    22.7236 0.0000e+00
 172.647263     11.436  37.608839    14.3509    6.04209     11.340    30.7116    22.8043 0.0000e+00
 172.647269     11.908  37.564244    14.1772    6.05926     11.808    30.8091    22.9150 0.0000e+00
 172.647274     12.391  37.475859    13.9678    6.10312     12.287    30.8957    23.0244 0.0000e+00
 172.647280     12.883  37.360946    13.7671    6.17056     12.775    30.9514    23.1079 0.0000e+00
 172.647286     13.382  37.250164    13.6039    6.17543     13.270    30.9809    23.1633 0.0000e+00
 172.647292     13.886  37.161164    13.4804    6.08674     13.770    30.9984    23.2013 0.0000e+00
 172.647297     14.389  37.093537    13.3889    5.93837     14.268    31.0097    23.2282 0.0000e+00
 172.647303     14.888  37.042293    13.3165    5.70589     14.763    31.0208    23.2509 0.0000e+00
 172.647309     15.390  37.000747    13.2293    5.43482     15.261    31.0529    23.2929 0.0000e+00
 172.647315     15.891  36.953279    13.0721    5.17071     15.758    31.1370    23.3886 0.0000e+00
 172.647321     16.391  36.869651    12.8108    4.90780     16.254    31.2735    23.5446 0.0000e+00
 172.647326     16.894  36.731967    12.4640    4.69018     16.752    31.4314    23.7329 0.0000e+00
 172.647332     17.404  36.560143    12.0919    4.54481     17.258    31.5799    23.9175 0.0000e+00
 172.647338     17.917  36.388542    11.7547    4.45134     17.767    31.7005    24.0731 0.0000e+00
 172.647344     18.434  36.238345    11.4592    4.40028     18.279    31.8074    24.2095 0.0000e+00
 172.647350     18.953  36.100948    11.1944    4.38888     18.794    31.9012    24.3296 0.0000e+00
 172.647355     19.471  35.962397    10.9809    4.37365     19.308    31.9499    24.4050 0.0000e+00
 172.647361     19.989  35.834672    10.8244    4.36479     19.821    31.9597    24.4399 0.0000e+00
 172.647367     20.505  35.725690    10.7051    4.35776     20.333    31.9556    24.4573 0.0000e+00
 172.647373     21.018  35.631920    10.6126    4.35656     20.842    31.9430    24.4634 0.0000e+00
 172.647378     21.529  35.557231    10.5431    4.34899     21.348    31.9292    24.4645 0.0000e+00
 172.647384     22.043  35.502907    10.4860    4.34186     21.858    31.9247    24.4707 0.0000e+00
 172.647390     22.553  35.460949    10.4266    4.33531     22.364    31.9347    24.4886 0.0000e+00
 172.647396     23.057  35.415745    10.3624    4.32406     22.863    31.9456    24.5079 0.0000e+00
 172.647402     23.562  35.364173    10.3051    4.32852     23.364    31.9440    24.5163 0.0000e+00
 172.647407     24.071  35.322087    10.2631    4.34106     23.869    31.9385    24.5191 0.0000e+00
 172.647413     24.580  35.297808    10.2360    4.35293     24.373    31.9378    24.5230 0.0000e+00
 172.647419     25.094  35.285839    10.2172    4.36789     24.883    31.9421    24.5295 0.0000e+00
 172.647425     25.614  35.276918    10.2007    4.36609     25.399    31.9474    24.5365 0.0000e+00
 172.647431     26.139  35.268095    10.1862    4.32892     25.919    31.9511    24.5418 0.0000e+00
 172.647436     26.674  35.266078    10.1777    4.27764     26.450    31.9563    24.5473 0.0000e+00
 172.647442     27.217  35.279366    10.1784    4.21076     26.988    31.9688    24.5569 0.0000e+00
 172.647448     27.765  35.317805    10.1833    4.14309     27.531    32.0030    24.5827 0.0000e+00
 172.647454     28.319  35.376565    10.1710    4.08576     28.081    32.0728    24.6392 0.0000e+00
 172.647459     28.875  35.420169    10.1136    4.03425     28.632    32.1674    24.7226 0.0000e+00
 172.647465     29.426  35.410875    10.0145    3.99697     29.178    32.2460    24.8003 0.0000e+00
 172.647471     29.969  35.351405     9.9073    3.97794     29.717    32.2813    24.8455 0.0000e+00
 172.647477     30.508  35.279598     9.8122    3.96389     30.251    32.2933    24.8705 0.0000e+00
 172.647483     31.048  35.216833     9.7406    3.95554     30.787    32.2934    24.8822 0.0000e+00
 172.647488     31.589  35.171875     9.7020    3.96952     31.323    32.2819    24.8796 0.0000e+00
 172.647494     32.130  35.158180     9.6867    3.95489     31.859    32.2815    24.8817 0.0000e+00
 172.647500     32.673  35.165299     9.6783    3.95138     32.398    32.2960    24.8945 0.0000e+00
 172.647506     33.223  35.175229     9.6687    3.94907     32.943    32.3146    24.9105 0.0000e+00
 172.647512     33.778  35.184371     9.6578    3.93665     33.493    32.3335    24.9270 0.0000e+00
 172.647517     34.329  35.191999     9.6456    3.93244     34.040    32.3520    24.9435 0.0000e+00
 172.647523     34.868  35.197606     9.6258    3.92706     34.574    32.3753    24.9649 0.0000e+00
 172.647529     35.398  35.196873     9.5972    3.91827     35.100    32.4001    24.9889 0.0000e+00
 172.647535     35.924  35.188238     9.5649    3.90813     35.621    32.4202    25.0098 0.0000e+00
 172.647541     36.441  35.176420     9.5306    3.90672     36.134    32.4389    25.0299 0.0000e+00
 172.647546     36.952  35.162451     9.4952    3.88608     36.640    32.4564    25.0493 0.0000e+00
 172.647552     37.463  35.146177     9.4616    3.87466     37.147    32.4699    25.0653 0.0000e+00
 172.647558     37.968  35.129418     9.4307    3.85618     37.648    32.4805    25.0785 0.0000e+00
 172.647564     38.466  35.113903     9.3994    3.83564     38.141    32.4927    25.0931 0.0000e+00
 172.647569     38.963  35.100220     9.3640    3.82734     38.634    32.5106    25.1127 0.0000e+00
 172.647575     39.460  35.087477     9.3267    3.80930     39.127    32.5312    25.1347 0.0000e+00
 172.647581     39.954  35.077717     9.2938    3.80819     39.617    32.5508    25.1553 0.0000e+00
 172.647587     40.444  35.074153     9.2664    3.80314     40.103    32.5719    25.1761 0.0000e+00
 172.647593     40.926  35.073686     9.2418    3.80546     40.580    32.5937    25.1970 0.0000e+00
 172.647598     41.400  35.073985     9.2202    3.79959     41.050    32.6135    25.2160 0.0000e+00
 172.647604     41.872  35.078788     9.2036    3.79668     41.518    32.6334    25.2342 0.0000e+00
 172.647610     42.346  35.088867     9.1903    3.78782     41.988    32.6558    25.2538 0.0000e+00
 172.647616     42.821  35.100257     9.1764    3.76523     42.459    32.6801    25.2750 0.0000e+00
 172.647622     43.299  35.110180     9.1582    3.73425     42.933    32.7068    25.2988 0.0000e+00
 172.647627     43.783  35.118391     9.1339    3.70385     43.413    32.7374    25.3265 0.0000e+00
 172.647633     44.276  35.124602     9.1016    3.67283     43.902    32.7733    25.3597 0.0000e+00
 172.647639     44.774  35.128103     9.0631    3.65401     44.396    32.8122    25.3962 0.0000e+00
 172.647645     45.269  35.129611     9.0252    3.63199     44.886    32.8485    25.4305 0.0000e+00
 172.647650     45.756  35.129986     8.9934    3.60719     45.369    32.8781    25.4586 0.0000e+00
 172.647656     46.232  35.130822     8.9696    3.59828     45.841    32.9007    25.4801 0.0000e+00
