data/oxygen options/ONMS/Olympic_Coast_National_Marine_Sanctuary_Hypoxia_Survey_CTD_Data_2004_2015/raw_data/2005/CTD_CE90_052505faed.cnv
* Sea-Bird SBE19 Data File:
* FileName = C:\Documents and Settings\kirner.PTANGELES\Desktop\hypoxia CTD data\CE90__052505.hex
* Software Version 1.1.5
* Temperature SN = 2997
* Conductivity SN = 2997
* System UpLoad Time = May 25 2005 17:57:54
* SEACAT PROFILER V3.1c SN 2997   05/25/05  17:57:01.947
* strain gauge pressure sensor: S/N = 184829,  range = 3000 psia,  tc = 40
# nquan = 9                                 
# nvalues = 1042                        
# units = specified
# name 0 = timeJ: Julian Days
# name 1 = prSM: Pressure, Strain Gauge [db]
# name 2 = c0mS/cm: Conductivity [mS/cm]
# name 3 = t090C: Temperature [ITS-90, deg C]
# name 4 = oxML/L: Oxygen, Beckman/YSI [ml/l]
# name 5 = depSM: Depth [salt water, m], lat = 47.5
# name 6 = sal00: Salinity, Practical [PSU]
# name 7 = sigma-é00: Density [sigma-theta, kg/m^3]
# name 8 = flag: flag
# span 0 = 145.531898, 145.537922       
# span 1 =     -4.083,     91.957       
# span 2 =   0.209713,  36.754370       
# span 3 =     7.3666,    14.6895       
# span 4 =   -0.09926,   26.78786       
# span 5 =     -4.049,     91.169       
# span 6 =     0.1271,    33.9249       
# span 7 =    -0.6876,    26.5166       
# span 8 = 0.0000e+00, 0.0000e+00       
# interval = seconds: 0.5
# start_time = May 25 2005 12:45:56 [Instrument's time stamp, header]
# bad_flag = -9.990e-29
*END*
[from data line 321]
 145.533756      1.751  34.392525    14.6003    6.27817      1.736    27.6356    20.3845 -9.990e-29
 145.533762      1.758  34.387943    14.5968    6.27961      1.743    27.6340    20.3840 -9.990e-29
 145.533767      1.766  34.385837    14.5965    6.27653      1.751    27.6324    20.3828 -9.990e-29
 145.533773      1.770  34.386209    14.5976    6.26748      1.755    27.6319    20.3822 -9.990e-29
 145.533779      1.767  34.387315    14.5988    6.26693      1.752    27.6320    20.3821 -9.990e-29
 145.533785      1.764  34.388956    14.5984    6.27212      1.749    27.6338    20.3835 -9.990e-29
 145.533791      1.770  34.389405    14.5952    6.26642      1.755    27.6365    20.3862 -9.990e-29
 145.533796      1.776  34.386464    14.5915    6.27466      1.761    27.6365    20.3869 -9.990e-29
 145.533802      1.776  34.382945    14.5893    6.27531      1.761    27.6349    20.3862 -9.990e-29
 145.533808      1.773  34.380887    14.5868    6.26853      1.758    27.6348    20.3866 -9.990e-29
 145.533814      1.770  34.378110    14.5838    6.26074      1.755    27.6345    20.3870 -9.990e-29
 145.533819      1.769  34.374842    14.5845    6.25666      1.754    27.6311    20.3842 -9.990e-29
 145.533825      1.768  34.375139    14.5884    6.27693      1.753    27.6286    20.3815 -9.990e-29
 145.533831      1.768  34.378841    14.5868    6.29303      1.753    27.6330    20.3852 -9.990e-29
 145.533837      1.769  34.376879    14.5776    6.29718      1.754    27.6378    20.3908 -9.990e-29
 145.533843      1.770  34.367767    14.5717    6.27587      1.755    27.6339    20.3890 -9.990e-29
 145.533848      1.769  34.362340    14.5790    6.25579      1.754    27.6239    20.3798 -9.990e-29
 145.533854      1.759  34.369061    14.5983    6.25991      1.744    27.6161    20.3699 -9.990e-29
 145.533860      1.750  34.389048    14.6148    6.27118      1.735    27.6222    20.3713 -9.990e-29
 145.533866      1.749  34.406361    14.6116    6.28280      1.734    27.6399    20.3855 -9.990e-29
 145.533872      1.756  34.402055    14.5938    6.26150      1.741    27.6487    20.3959 -9.990e-29
 145.533877      1.767  34.384413    14.5828    6.24754      1.752    27.6408    20.3921 -9.990e-29
 145.533883      1.775  34.374758    14.5873    6.24023      1.760    27.6290    20.3821 -9.990e-29
 145.533889      1.779  34.378154    14.5945    6.24658      1.764    27.6269    20.3790 -9.990e-29
 145.533895      1.785  34.382879    14.5878    6.26453      1.770    27.6359    20.3873 -9.990e-29
 145.533900      1.793  34.376744    14.5657    6.28278      1.778    27.6461    20.3996 -9.990e-29
 145.533906      1.803  34.358865    14.5416    6.28119      1.788    27.6473    20.4054 -9.990e-29
 145.533912      1.812  34.340160    14.5295    6.26781      1.797    27.6392    20.4016 -9.990e-29
 145.533918      1.815  34.332682    14.5343    6.25214      1.800    27.6292    20.3929 -9.990e-29
 145.533924      1.819  34.339915    14.5496    6.26318      1.804    27.6247    20.3864 -9.990e-29
 145.533929      1.822  34.355252    14.5598    6.27765      1.807    27.6312    20.3893 -9.990e-29
 145.533935      1.825  34.363280    14.5567    6.29225      1.810    27.6405    20.3971 -9.990e-29
 145.533941      1.836  34.357896    14.5501    6.28224      1.821    27.6404    20.3983 -9.990e-29
 145.533947      1.849  34.350989    14.5512    6.26351      1.834    27.6335    20.3928 -9.990e-29
 145.533953      1.850  34.351289    14.5635    6.25325      1.835    27.6250    20.3838 -9.990e-29
 145.533958      1.848  34.361442    14.5794    6.26769      1.833    27.6227    20.3788 -9.990e-29
 145.533964      1.853  34.373691    14.5823    6.26685      1.838    27.6316    20.3851 -9.990e-29
 145.533970      1.863  34.372991    14.5700    6.26436      1.847    27.6397    20.3938 -9.990e-29
 145.533976      1.877  34.361780    14.5566    6.25298      1.861    27.6392    20.3961 -9.990e-29
 145.533981      1.889  34.352023    14.5541    6.25091      1.873    27.6323    20.3913 -9.990e-29
 145.533987      1.901  34.351452    14.5611    6.26691      1.885    27.6268    20.3857 -9.990e-29
 145.533993      1.909  34.359868    14.5655    6.27736      1.893    27.6312    20.3882 -9.990e-29
 145.533999      1.915  34.367758    14.5613    6.28273      1.899    27.6412    20.3967 -9.990e-29
 145.534005      1.922  34.370520    14.5540    6.27983      1.906    27.6489    20.4041 -9.990e-29
 145.534010      1.927  34.372029    14.5547    6.26688      1.911    27.6497    20.4046 -9.990e-29
 145.534016      1.921  34.374300    14.5663    6.25745      1.905    27.6435    20.3974 -9.990e-29
 145.534022      1.905  34.376622    14.5770    6.25929      1.889    27.6380    20.3910 -9.990e-29
 145.534028      1.889  34.377043    14.5790    6.26922      1.873    27.6369    20.3898 -9.990e-29
 145.534034      1.882  34.374073    14.5779    6.27356      1.866    27.6350    20.3886 -9.990e-29
 145.534039      1.883  34.371598    14.5789    6.28036      1.867    27.6321    20.3862 -9.990e-29
 145.534045      1.888  34.373041    14.5825    6.27432      1.872    27.6309    20.3845 -9.990e-29
 145.534051      1.893  34.376402    14.5898    6.27452      1.877    27.6287    20.3813 -9.990e-29
 145.534057      1.897  34.381674    14.6012    6.27740      1.881    27.6253    20.3764 -9.990e-29
 145.534063      1.898  34.390841    14.6119    6.26935      1.882    27.6258    20.3746 -9.990e-29
 145.534068      1.891  34.399868    14.6192    6.26154      1.875    27.6287    20.3754 -9.990e-29
 145.534074      1.880  34.405098    14.6246    6.25253      1.864    27.6295    20.3749 -9.990e-29
 145.534080      1.872  34.408458    14.6282    6.25556      1.856    27.6299    20.3745 -9.990e-29
 145.534086      1.871  34.409944    14.6290    6.25151      1.855    27.6307    20.3749 -9.990e-29
 145.534091      1.878  34.408735    14.6258    6.26385      1.862    27.6319    20.3765 -9.990e-29
 145.534097      1.893  34.404896    14.6191    6.26482      1.877    27.6332    20.3789 -9.990e-29
 145.534103      1.912  34.398914    14.6134    6.27169      1.896    27.6319    20.3790 -9.990e-29
 145.534109      1.928  34.395139    14.6101    6.27692      1.912    27.6309    20.3789 -9.990e-29
 145.534115      1.938  34.395261    14.6070    6.25384      1.922    27.6332    20.3813 -9.990e-29
 145.534120      1.943  34.394394    14.6089    6.24786      1.927    27.6311    20.3793 -9.990e-29
 145.534126      1.942  34.395864    14.6186    6.26213      1.926    27.6255    20.3731 -9.990e-29
 145.534132      1.936  34.404430    14.6270    6.27172      1.920    27.6272    20.3726 -9.990e-29
 145.534138      1.929  34.410773    14.6230    6.28613      1.913    27.6357    20.3800 -9.990e-29
 145.534144      1.928  34.404292    14.6085    6.28032      1.912    27.6402    20.3864 -9.990e-29
 145.534149      1.934  34.390359    14.6006    6.25561      1.918    27.6334    20.3828 -9.990e-29
 145.534155      1.939  34.385708    14.6077    6.22748      1.923    27.6242    20.3743 -9.990e-29
 145.534161      1.938  34.394777    14.6203    6.21339      1.922    27.6234    20.3710 -9.990e-29
 145.534167      1.936  34.406675    14.6254    6.22767      1.920    27.6303    20.3754 -9.990e-29
 145.534172      1.937  34.410361    14.6120    6.25303      1.921    27.6431    20.3879 -9.990e-29
 145.534178      1.940  34.397861    14.5779    6.27377      1.924    27.6562    20.4049 -9.990e-29
 145.534184      1.947  34.368199    14.5417    6.26756      1.931    27.6555    20.4117 -9.990e-29
 145.534190      1.953  34.338433    14.5250    6.25124      1.937    27.6409    20.4038 -9.990e-29
 145.534196      1.955  34.327160    14.5300    6.22658      1.939    27.6273    20.3923 -9.990e-29
 145.534201      1.952  34.333910    14.5442    6.21122      1.936    27.6232    20.3863 -9.990e-29
 145.534207      1.949  34.346939    14.5528    6.22028      1.933    27.6287    20.3888 -9.990e-29
 145.534213      1.949  34.354475    14.5482    6.24403      1.933    27.6387    20.3974 -9.990e-29
 145.534219      1.953  34.350314    14.5306    6.27006      1.937    27.6475    20.4077 -9.990e-29
 145.534225      1.961  34.335070    14.5110    6.28420      1.945    27.6478    20.4119 -9.990e-29
 145.534230      1.970  34.319243    14.5054    6.28030      1.954    27.6377    20.4053 -9.990e-29
 145.534236      1.974  34.316474    14.5187    6.27040      1.958    27.6258    20.3934 -9.990e-29
 145.534242      1.976  34.330353    14.5400    6.25727      1.959    27.6230    20.3870 -9.990e-29
 145.534248      1.979  34.349113    14.5553    6.23654      1.962    27.6288    20.3884 -9.990e-29
 145.534253      1.987  34.358535    14.5644    6.22882      1.970    27.6308    20.3880 -9.990e-29
 145.534259      1.997  34.362216    14.5719    6.22924      1.980    27.6287    20.3850 -9.990e-29
 145.534265      2.006  34.367305    14.5726    6.24094      1.989    27.6327    20.3879 -9.990e-29
 145.534271      2.013  34.368255    14.5604    6.26031      1.996    27.6423    20.3977 -9.990e-29
 145.534277      2.019  34.357925    14.5422    6.26912      2.002    27.6460    20.4042 -9.990e-29
 145.534282      2.025  34.342155    14.5314    6.27729      2.008    27.6396    20.4015 -9.990e-29
 145.534288      2.027  34.333545    14.5322    6.27609      2.010    27.6314    20.3950 -9.990e-29
 145.534294      2.020  34.334622    14.5410    6.26729      2.003    27.6261    20.3892 -9.990e-29
 145.534300      2.013  34.341211    14.5554    6.24724      1.996    27.6217    20.3829 -9.990e-29
 145.534306      2.014  34.352567    14.5718    6.24152      1.997    27.6202    20.3784 -9.990e-29
 145.534311      2.018  34.366458    14.5813    6.24780      2.001    27.6258    20.3808 -9.990e-29
 145.534317      2.022  34.373940    14.5774    6.26030      2.005    27.6352    20.3889 -9.990e-29
 145.534323      2.026  34.369294    14.5644    6.26918      2.009    27.6403    20.3954 -9.990e-29
 145.534329      2.029  34.358098    14.5551    6.25822      2.012    27.6370    20.3947 -9.990e-29
 145.534334      2.029  34.352322    14.5579    6.24797      2.012    27.6298    20.3886 -9.990e-29
 145.534340      2.021  34.357153    14.5678    6.23700      2.004    27.6271    20.3845 -9.990e-29
 145.534346      2.012  34.366134    14.5741    6.23404      1.995    27.6306    20.3860 -9.990e-29
 145.534352      2.015  34.370502    14.5707    6.23942      1.998    27.6369    20.3915 -9.990e-29
 145.534358      2.031  34.365991    14.5596    6.23802      2.014    27.6408    20.3967 -9.990e-29
 145.534363      2.051  34.355554    14.5484    6.24596      2.034    27.6395    20.3980 -9.990e-29
 145.534369      2.068  34.346571    14.5410    6.25347      2.051    27.6367    20.3973 -9.990e-29
 145.534375      2.080  34.341634    14.5360    6.26627      2.063    27.6359    20.3977 -9.990e-29
 145.534381      2.086  34.338638    14.5312    6.26962      2.069    27.6366    20.3992 -9.990e-29
 145.534387      2.088  34.335266    14.5288    6.26398      2.071    27.6353    20.3987 -9.990e-29
 145.534392      2.085  34.333186    14.5350    6.25410      2.068    27.6290    20.3926 -9.990e-29
 145.534398      2.078  34.338030    14.5479    6.25201      2.061    27.6242    20.3863 -9.990e-29
 145.534404      2.070  34.348406    14.5580    6.25020      2.053    27.6263    20.3859 -9.990e-29
 145.534410      2.064  34.356287    14.5599    6.24646      2.047    27.6319    20.3899 -9.990e-29
 145.534416      2.061  34.358170    14.5560    6.23794      2.044    27.6364    20.3941 -9.990e-29
 145.534421      2.061  34.356567    14.5514    6.23546      2.044    27.6382    20.3964 -9.990e-29
 145.534427      2.062  34.354381    14.5501    6.24254      2.045    27.6372    20.3959 -9.990e-29
 145.534433      2.071  34.352616    14.5494    6.24126      2.054    27.6361    20.3952 -9.990e-29
 145.534439      2.090  34.350039    14.5442    6.24265      2.073    27.6375    20.3973 -9.990e-29
 145.534444      2.114  34.344892    14.5382    6.24752      2.096    27.6372    20.3983 -9.990e-29
 145.534450      2.131  34.340402    14.5362    6.25931      2.113    27.6346    20.3967 -9.990e-29
 145.534456      2.137  34.339544    14.5378    6.26710      2.119    27.6327    20.3949 -9.990e-29
 145.534462      2.133  34.341171    14.5426    6.27156      2.115    27.6307    20.3924 -9.990e-29
 145.534468      2.120  34.344647    14.5500    6.25696      2.102    27.6286    20.3893 -9.990e-29
 145.534473      2.099  34.350120    14.5585    6.24301      2.081    27.6274    20.3867 -9.990e-29
 145.534479      2.079  34.356479    14.5662    6.24184      2.062    27.6276    20.3853 -9.990e-29
 145.534485      2.066  34.362113    14.5714    6.24149      2.049    27.6290    20.3852 -9.990e-29
 145.534491      2.064  34.365565    14.5729    6.25085      2.047    27.6310    20.3865 -9.990e-29
 145.534497      2.070  34.365832    14.5719    6.24479      2.053    27.6319    20.3874 -9.990e-29
 145.534502      2.074  34.365511    14.5717    6.23747      2.057    27.6318    20.3873 -9.990e-29
 145.534508      2.072  34.366974    14.5733    6.24025      2.055    27.6319    20.3871 -9.990e-29
 145.534514      2.069  34.369366    14.5758    6.24805      2.052    27.6323    20.3869 -9.990e-29
 145.534520      2.074  34.371949    14.5773    6.25465      2.057    27.6335    20.3876 -9.990e-29
 145.534525      2.090  34.373684    14.5743    6.26083      2.073    27.6372    20.3910 -9.990e-29
 145.534531      2.110  34.370716    14.5678    6.26025      2.092    27.6392    20.3938 -9.990e-29
 145.534537      2.122  34.364130    14.5658    6.25613      2.104    27.6347    20.3908 -9.990e-29
 145.534543      2.124  34.361956    14.5712    6.23903      2.106    27.6289    20.3853 -9.990e-29
 145.534549      2.115  34.366895    14.5797    6.23750      2.097    27.6273    20.3823 -9.990e-29
 145.534554      2.103  34.374322    14.5855    6.24091      2.085    27.6298    20.3830 -9.990e-29
 145.534560      2.100  34.379004    14.5843    6.24848      2.082    27.6348    20.3871 -9.990e-29
 145.534566      2.106  34.377657    14.5732    6.25007      2.088    27.6415    20.3945 -9.990e-29
 145.534572      2.118  34.367921    14.5561    6.22375      2.100    27.6450    20.4007 -9.990e-29
 145.534578      2.131  34.352507    14.5449    6.20451      2.113    27.6392    20.3985 -9.990e-29
 145.534583      2.138  34.342245    14.5454    6.21289      2.120    27.6297    20.3911 -9.990e-29
 145.534589      2.139  34.344185    14.5470    6.24554      2.121    27.6303    20.3912 -9.990e-29
 145.534595      2.143  34.348019    14.5323    6.27625      2.125    27.6442    20.4048 -9.990e-29
 145.534601      2.151  34.335879    14.5001    6.27366      2.133    27.6562    20.4206 -9.990e-29
 145.534606      2.154  34.306712    14.4776    6.25481      2.136    27.6462    20.4174 -9.990e-29
 145.534612      2.148  34.286639    14.4896    6.24181      2.130    27.6198    20.3947 -9.990e-29
 145.534618      2.137  34.299330    14.5228    6.24264      2.119    27.6075    20.3785 -9.990e-29
 145.534624      2.128  34.329752    14.5445    6.24536      2.110    27.6192    20.3832 -9.990e-29
 145.534630      2.127  34.346725    14.5425    6.25195      2.109    27.6358    20.3963 -9.990e-29
 145.534635      2.131  34.342619    14.5317    6.25328      2.113    27.6398    20.4016 -9.990e-29
 145.534641      2.139  34.332702    14.5279    6.25456      2.121    27.6336    20.3976 -9.990e-29
 145.534647      2.145  34.330648    14.5302    6.24610      2.127    27.6302    20.3945 -9.990e-29
 145.534653      2.150  34.334834    14.5337    6.23809      2.132    27.6314    20.3947 -9.990e-29
 145.534659      2.154  34.339630    14.5394    6.23400      2.136    27.6316    20.3938 -9.990e-29
 145.534664      2.158  34.345264    14.5449    6.24136      2.140    27.6327    20.3935 -9.990e-29
 145.534670      2.162  34.349715    14.5439    6.25043      2.144    27.6374    20.3973 -9.990e-29
