data/oxygen options/ONMS/Olympic_Coast_National_Marine_Sanctuary_Hypoxia_Survey_CTD_Data_2004_2015/raw_data/2005/CTD_CA50_060705faed.cnv
* Sea-Bird SBE19 Data File:
* FileName = C:\hypoxia CTD data\CA50_060705.hex
* Software Version 1.1.5
* Temperature SN = 2997
* Conductivity SN = 2997
* System UpLoad Time = Jun 07 2005 15:35:13
* SEACAT PROFILER V3.1c SN 2997   06/07/05  15:34:05.032
* strain gauge pressure sensor: S/N = 184829,  range = 3000 psia,  tc = 40
# nquan = 9                                 
# nvalues = 699                         
# units = specified
# name 0 = timeJ: Julian Days
# name 1 = prSM: Pressure, Strain Gauge [db]
# name 2 = c0mS/cm: Conductivity [mS/cm]
# name 3 = t090C: Temperature [ITS-90, deg C]
# name 4 = oxML/L: Oxygen, Beckman/YSI [ml/l]
# name 5 = depSM: Depth [salt water, m], lat = 47.5
# name 6 = sal00: Salinity, Practical [PSU]
# name 7 = sigma-é00: Density [sigma-theta, kg/m^3]
# name 8 = flag: flag
# span 0 = 158.600984, 158.605023       
# span 1 =     -3.379,     52.182       
# span 2 =   0.345413,  37.700337       
# span 3 =     8.2834,    14.5980       
# span 4 =   -0.12419,   26.27735       
# span 5 =     -3.351,     51.740       
# span 6 =     0.2197,    33.3890       
# span 7 =    -0.3900,    25.9652       
# span 8 = 0.0000e+00, 0.0000e+00       
# interval = seconds: 0.5
# start_time = Jun 07 2005 14:25:25 [Instrument's time stamp, header]
# bad_flag = -9.990e-29
*END*
 158.600984     -3.364 -9.990e-29    12.4899   -0.12415     -3.336 -9.990e-29 -9.990e-29 -9.990e-29
 158.600990     -3.369   0.416114    12.4915   -0.12413     -3.341     0.2663    -0.3503 -9.990e-29
 158.600995     -3.376   0.415173    12.4935   -0.12412     -3.348     0.2656    -0.3510 -9.990e-29
 158.601001     -3.379   0.412720    12.4956   -0.12412     -3.351     0.2640    -0.3525 -9.990e-29
 158.601007     -3.373   0.410475    12.4978   -0.12411     -3.345     0.2625    -0.3540 -9.990e-29
 158.601013     -3.355   0.410620    12.5000   -0.12410     -3.327     0.2626    -0.3542 -9.990e-29
 158.601019     -3.333   0.412795    12.5021   -0.12408     -3.305     0.2640    -0.3533 -9.990e-29
 158.601024     -3.310   0.416204    12.5038   -0.12406     -3.282     0.2662    -0.3518 -9.990e-29
 158.601030     -3.290   0.419848    12.5051   -0.12406     -3.263     0.2686    -0.3501 -9.990e-29
 158.601036     -3.269   0.422118    12.5070   -0.12408     -3.242     0.2701    -0.3492 -9.990e-29
 158.601042     -3.240   0.423271    12.5100   -0.12411     -3.213     0.2709    -0.3489 -9.990e-29
 158.601047     -3.200   0.424291    12.5136   -0.12411     -3.173     0.2715    -0.3489 -9.990e-29
 158.601053     -3.154   0.424322    12.5168   -0.12409     -3.128     0.2715    -0.3493 -9.990e-29
 158.601059     -3.114   0.421744    12.5197   -0.12406     -3.088     0.2698    -0.3510 -9.990e-29
 158.601065     -3.084   0.417001    12.5230   -0.12406     -3.058     0.2666    -0.3538 -9.990e-29
 158.601071     -3.059   0.413199    12.5267   -0.12407     -3.033     0.2641    -0.3562 -9.990e-29
 158.601076     -3.032   0.413035    12.5297   -0.12409     -3.007     0.2640    -0.3567 -9.990e-29
 158.601082     -3.003   0.415182    12.5305   -0.12407     -2.978     0.2654    -0.3557 -9.990e-29
 158.601088     -2.969   0.415850    12.5287   -0.12405     -2.944     0.2658    -0.3551 -9.990e-29
 158.601094     -2.932   0.413714    12.5263   -0.12402     -2.908     0.2645    -0.3559 -9.990e-29
 158.601100     -2.899   0.410362    12.5265   -0.12404     -2.875     0.2622    -0.3577 -9.990e-29
 158.601105     -2.871   0.407429    12.5300   -0.12406     -2.847     0.2603    -0.3596 -9.990e-29
 158.601111     -2.847   0.404887    12.5344   -0.12406     -2.823     0.2586    -0.3615 -9.990e-29
 158.601117     -2.826   0.401565    12.5364   -0.12403     -2.802     0.2564    -0.3634 -9.990e-29
 158.601123     -2.806   0.397474    12.5357   -0.12400     -2.783     0.2537    -0.3654 -9.990e-29
 158.601128     -2.785   0.394369    12.5349   -0.12398     -2.762     0.2517    -0.3669 -9.990e-29
 158.601134     -2.763   0.393657    12.5369   -0.12400     -2.740     0.2512    -0.3675 -9.990e-29
 158.601140     -2.738   0.394945    12.5411   -0.12403     -2.715     0.2520    -0.3674 -9.990e-29
 158.601146     -2.712   0.396072    12.5444   -0.12404     -2.689     0.2527    -0.3673 -9.990e-29
 158.601152     -2.689   0.394659    12.5448   -0.12404     -2.667     0.2518    -0.3680 -9.990e-29
 158.601157     -2.663   0.391043    12.5443   -0.12404     -2.641     0.2494    -0.3698 -9.990e-29
 158.601163     -2.631   0.387612    12.5462   -0.12406     -2.609     0.2472    -0.3718 -9.990e-29
 158.601169     -2.601   0.385341    12.5512   -0.12407     -2.579     0.2457    -0.3736 -9.990e-29
 158.601175     -2.575   0.383975    12.5568   -0.12407     -2.554     0.2447    -0.3750 -9.990e-29
 158.601181     -2.550   0.383357    12.5593   -0.12405     -2.529     0.2443    -0.3756 -9.990e-29
 158.601186     -2.526   0.382665    12.5575   -0.12403     -2.505     0.2439    -0.3758 -9.990e-29
 158.601192     -2.502   0.380979    12.5540   -0.12404     -2.481     0.2428    -0.3762 -9.990e-29
 158.601198     -2.475   0.378824    12.5514   -0.12406     -2.454     0.2414    -0.3770 -9.990e-29
 158.601204     -2.447   0.377213    12.5497   -0.12407     -2.427     0.2404    -0.3776 -9.990e-29
 158.601209     -2.423   0.376770    12.5477   -0.12410     -2.403     0.2401    -0.3775 -9.990e-29
 158.601215     -2.399   0.377462    12.5450   -0.12414     -2.379     0.2405    -0.3768 -9.990e-29
 158.601221     -2.379   0.377440    12.5431   -0.12417     -2.359     0.2405    -0.3766 -9.990e-29
 158.601227     -2.362   0.375014    12.5442   -0.12417     -2.342     0.2389    -0.3780 -9.990e-29
 158.601233     -2.338   0.370833    12.5479   -0.12416     -2.319     0.2362    -0.3806 -9.990e-29
 158.601238     -2.305   0.366532    12.5507   -0.12416     -2.286     0.2334    -0.3831 -9.990e-29
 158.601244     -2.269   0.363588    12.5499   -0.12417     -2.250     0.2314    -0.3845 -9.990e-29
 158.601250     -2.234   0.361958    12.5465   -0.12416     -2.215     0.2304    -0.3849 -9.990e-29
 158.601256     -2.195   0.360023    12.5420   -0.12418     -2.177     0.2292    -0.3854 -9.990e-29
 158.601262     -2.157   0.356871    12.5360   -0.12419     -2.139     0.2271    -0.3862 -9.990e-29
 158.601267     -2.123   0.352736    12.5289   -0.12419     -2.105     0.2245    -0.3874 -9.990e-29
 158.601273     -2.098   0.348761    12.5230   -0.12419     -2.081     0.2219    -0.3887 -9.990e-29
 158.601279     -2.078   0.346303    12.5201   -0.10115     -2.061     0.2203    -0.3896 -9.990e-29
 158.601285     -2.058   0.345413    12.5197   -0.09861     -2.041     0.2197    -0.3900 -9.990e-29
 158.601291     -2.029   0.346015    12.5198   -0.09789     -2.012     0.2201    -0.3897 -9.990e-29
 158.601296     -1.989   0.350022    12.5195   -0.09786     -1.972     0.2228    -0.3876 -9.990e-29
 158.601302     -1.944   0.362778    12.5200   -0.09795     -1.928     0.2311    -0.3812 -9.990e-29
 158.601308     -1.891   0.399077    12.5247   -0.09791     -1.875     0.2548    -0.3632 -9.990e-29
 158.601314     -1.826   0.502328    12.5430   -0.09783     -1.811     0.3229    -0.3123 -9.990e-29
 158.601319     -1.754   0.805764    12.6014   -0.09788     -1.739     0.5263    -0.1609 -9.990e-29
 158.601325     -1.670   1.716741    12.7784   -0.09787     -1.656     1.1558     0.3065 -9.990e-29
 158.601331     -1.566   4.456550    13.1928   -0.09774     -1.553     3.1369     1.7863 -9.990e-29
 158.601337     -1.437  12.678274    13.7594   -0.09766     -1.425     9.4908     6.5968 -9.990e-29
 158.601343     -1.295  25.014699    14.1898   -0.09763     -1.284    19.6661    14.3382 -9.990e-29
 158.601348     -1.145  33.236816    14.3883   -0.09775     -1.135    26.7558    19.7501 -9.990e-29
 158.601354     -0.988  35.935929    14.4520   -0.09779     -0.980    29.1260    21.5617 -9.990e-29
 158.601360     -0.834  36.773208    14.4649   -0.09789     -0.827    29.8705    22.1324 -9.990e-29
 158.601366     -0.701  37.053509    14.4739   -0.09775     -0.695    30.1166    22.3201 -9.990e-29
 158.601372     -0.591  37.205545    14.4873   -0.09764     -0.586    30.2434    22.4151 -9.990e-29
 158.601377     -0.506  37.272758    14.4985   -0.09763     -0.502    30.2954    22.4528 -9.990e-29
 158.601383     -0.446  37.270745    14.5083   -0.09772     -0.442    30.2859    22.4435 -9.990e-29
 158.601389     -0.401  37.296116    14.5189   -0.09773     -0.398    30.3005    22.4526 -9.990e-29
 158.601395     -0.362  37.372060    14.5256   -0.09790     -0.359    30.3639    22.5000 -9.990e-29
 158.601400     -0.321  37.428226    14.5241   -0.09775     -0.318    30.4158    22.5403 -9.990e-29
 158.601406     -0.279  37.417251    14.5124   -0.09767     -0.277    30.4150    22.5421 -9.990e-29
 158.601412     -0.247  37.360974    14.5001   -0.09767     -0.245    30.3738    22.5129 -9.990e-29
 158.601418     -0.232  37.326276    14.5040   -0.09770     -0.230    30.3394    22.4856 -9.990e-29
 158.601424     -0.223  37.350473    14.5187   -0.09775     -0.221    30.3497    22.4905 -9.990e-29
 158.601429     -0.209  37.410314    14.5284   -0.09776     -0.207    30.3962    22.5243 -9.990e-29
 158.601435     -0.182  37.452678    14.5273   -0.09777     -0.180    30.4353    22.5547 -9.990e-29
 158.601441     -0.151  37.440966    14.5104   -0.09766     -0.150    30.4380    22.5602 -9.990e-29
 158.601447     -0.130  37.397721    14.4902   -0.09759     -0.129    30.4147    22.5465 -9.990e-29
 158.601453     -0.122  37.379153    14.4918   -0.09758     -0.121    30.3967    22.5322 -9.990e-29
 158.601458     -0.114  37.404265    14.5092   -0.09765     -0.113    30.4057    22.5356 -9.990e-29
 158.601464     -0.097  37.444293    14.5238   -0.09767     -0.096    30.4304    22.5516 -9.990e-29
 158.601470     -0.074  37.459520    14.5318   -0.09788     -0.073    30.4379    22.5557 -9.990e-29
 158.601476     -0.051  37.433813    14.5342   -0.09780     -0.051    30.4128    22.5359 -9.990e-29
 158.601481     -0.037  37.382830    14.5331   -0.09765     -0.037    30.3676    22.5013 -9.990e-29
 158.601487     -0.035  37.336763    14.5323   -0.09760     -0.035    30.3266    22.4699 -9.990e-29
 158.601493     -0.040  37.322261    14.5354   -0.09765     -0.040    30.3111    22.4573 -9.990e-29
 158.601499     -0.044  37.357583    14.5407   -0.09767     -0.044    30.3389    22.4776 -9.990e-29
 158.601505     -0.038  37.430946    14.5437   -0.09783     -0.038    30.4028    22.5262 -9.990e-29
 158.601510     -0.018  37.488750    14.5400   -0.09782     -0.018    30.4579    22.5694 -9.990e-29
 158.601516      0.008  37.489179    14.5203   -0.09767      0.008    30.4737    22.5857 -9.990e-29
 158.601522      0.029  37.449648    14.4930   -0.09759      0.029    30.4594    22.5803 -9.990e-29
 158.601528      0.044  37.421787    14.4892   -0.09762      0.044    30.4372    22.5640 -9.990e-29
 158.601534      0.056  37.432402    14.5108   -0.09765      0.056    30.4298    22.5539 -9.990e-29
 158.601539      0.076  37.468168    14.5324   -0.09764      0.075    30.4452    22.5612 -9.990e-29
 158.601545      0.108  37.493219    14.5402   -0.09764      0.107    30.4617    22.5723 -9.990e-29
 158.601551      0.146  37.479281    14.5289   -0.09763      0.145    30.4580    22.5718 -9.990e-29
 158.601557      0.176  37.438079    14.5077   -0.09756      0.175    30.4373    22.5603 -9.990e-29
 158.601563      0.191  37.408358    14.5030   -0.09753      0.189    30.4142    22.5434 -9.990e-29
 158.601568      0.196  37.408273    14.5215   -0.09757      0.194    30.3996    22.5284 -9.990e-29
 158.601574      0.200  37.432112    14.5438   -0.09761      0.198    30.4037    22.5269 -9.990e-29
 158.601580      0.211  37.460637    14.5570   -0.09769      0.209    30.4191    22.5360 -9.990e-29
 158.601586      0.236  37.463474    14.5618   -0.09787      0.234    30.4179    22.5341 -9.990e-29
 158.601591      0.266  37.438259    14.5628   -0.09775      0.264    30.3943    22.5157 -9.990e-29
 158.601597      0.291  37.416448    14.5634   -0.09765      0.289    30.3741    22.5001 -9.990e-29
 158.601603      0.309  37.414968    14.5648   -0.09761      0.306    30.3717    22.4979 -9.990e-29
 158.601609      0.320  37.427936    14.5668   -0.09764      0.317    30.3818    22.5053 -9.990e-29
 158.601615      0.329  37.457512    14.5680   -0.09765      0.326    30.4076    22.5249 -9.990e-29
 158.601620      0.346  37.498279    14.5656   -0.09780      0.343    30.4463    22.5552 -9.990e-29
 158.601626      0.371  37.515431    14.5527   -0.09793      0.368    30.4719    22.5776 -9.990e-29
 158.601632      0.398  37.491469    14.5235   -0.09784      0.395    30.4731    22.5846 -9.990e-29
 158.601638      0.419  37.456716    14.4980   -0.09766      0.416    30.4617    22.5811 -9.990e-29
 158.601644      0.433  37.442812    14.5024   -0.09766      0.429    30.4457    22.5678 -9.990e-29
 158.601649      0.443  37.450296    14.5248   -0.09765      0.439    30.4349    22.5549 -9.990e-29
 158.601655      0.460  37.464477    14.5408   -0.09764      0.456    30.4351    22.5518 -9.990e-29
 158.601661      0.483  37.472310    14.5428   -0.09776      0.479    30.4406    22.5556 -9.990e-29
 158.601667      0.503  37.464072    14.5258   -0.09773      0.499    30.4465    22.5636 -9.990e-29
 158.601672      0.511  37.442817    14.4916   -0.09766      0.507    30.4541    22.5766 -9.990e-29
 158.601678      0.509  37.426773    14.4665   -0.09765      0.505    30.4593    22.5858 -9.990e-29
 158.601684      0.504  37.423728    14.4743   -0.09765      0.500    30.4505    22.5773 -9.990e-29
 158.601690      0.509  37.432433    14.5008   -0.09778      0.505    30.4375    22.5619 -9.990e-29
 158.601696      0.529  37.456093    14.5218   -0.09779      0.525    30.4424    22.5613 -9.990e-29
 158.601701      0.560  37.481401    14.5320   -0.09766      0.555    30.4573    22.5706 -9.990e-29
 158.601707      0.592  37.485664    14.5292   -0.09757      0.587    30.4633    22.5759 -9.990e-29
 158.601713      0.618  37.472904    14.5182   -0.09759      0.613    30.4604    22.5759 -9.990e-29
 158.601719      0.641  37.462778    14.5173   -0.09760      0.636    30.4520    22.5696 -9.990e-29
 158.601725      0.660  37.463127    14.5288   -0.09771      0.654    30.4433    22.5605 -9.990e-29
 158.601730      0.679  37.467899    14.5367   -0.09787      0.673    30.4414    22.5574 -9.990e-29
 158.601736      0.692  37.464975    14.5283   -0.09789      0.686    30.4453    22.5622 -9.990e-29
 158.601742      0.698  37.453295    14.5094   -0.09775      0.692    30.4496    22.5694 -9.990e-29
 158.601748      0.701  37.447043    14.5042   -0.09762      0.695    30.4480    22.5692 -9.990e-29
 158.601753      0.709  37.455297    14.5215   -0.09762      0.703    30.4419    22.5610 -9.990e-29
 158.601759      0.727  37.477867    14.5440   -0.09763      0.721    30.4446    22.5584 -9.990e-29
 158.601765      0.752  37.503932    14.5544   -0.09777      0.746    30.4600    22.5681 -9.990e-29
 158.601771      0.778  37.508827    14.5438   15.05328      0.772    30.4727    22.5801 -9.990e-29
 158.601777      0.797  37.489014    14.5114   24.89847      0.790    30.4803    22.5926 -9.990e-29
 158.601782      0.806  37.469146    14.4762   26.27735      0.799    30.4899    22.6073 -9.990e-29
 158.601788      0.805  37.461460    14.4675   22.96176      0.798    30.4898    22.6091 -9.990e-29
 158.601794      0.800  37.464145    14.4909   14.83320      0.793    30.4739    22.5919 -9.990e-29
 158.601800      0.798  37.476313    14.5224   11.93021      0.791    30.4601    22.5748 -9.990e-29
 158.601806      0.804  37.492342    14.5392   11.92882      0.797    30.4614    22.5724 -9.990e-29
 158.601811      0.817  37.497184    14.5326   11.89452      0.810    30.4710    22.5811 -9.990e-29
 158.601817      0.835  37.488917    14.5131   11.88199      0.828    30.4788    22.5911 -9.990e-29
 158.601823      0.849  37.493007    14.5111   11.86965      0.842    30.4841    22.5956 -9.990e-29
 158.601829      0.857  37.538491    14.5350   11.85533      0.850    30.5064    22.6079 -9.990e-29
 158.601834      0.864  37.611439    14.5600   11.84181      0.857    30.5527    22.6383 -9.990e-29
 158.601840      0.873  37.662193    14.5732   11.82535      0.866    30.5881    22.6629 -9.990e-29
 158.601846      0.881  37.681622    14.5793   11.80924      0.874    30.6008    22.6714 -9.990e-29
 158.601852      0.886  37.688936    14.5832   11.79763      0.879    30.6044    22.6733 -9.990e-29
 158.601858      0.886  37.692235    14.5868   11.78682      0.879    30.6045    22.6727 -9.990e-29
 158.601863      0.886  37.695384    14.5889   11.77414      0.879    30.6057    22.6732 -9.990e-29
 158.601869      0.895  37.697564    14.5888   11.76835      0.888    30.6078    22.6748 -9.990e-29
 158.601875      0.913  37.697787    14.5870    9.76460      0.905    30.6094    22.6764 -9.990e-29
 158.601881      0.933  37.696380    14.5849    7.17852      0.925    30.6097    22.6771 -9.990e-29
 158.601887      0.951  37.694299    14.5840    5.83474      0.943    30.6086    22.6764 -9.990e-29
 158.601892      0.970  37.693285    14.5843    5.54099      0.962    30.6074    22.6754 -9.990e-29
 158.601898      0.990  37.693699    14.5838    6.45411      0.982    30.6082    22.6761 -9.990e-29
 158.601904      1.012  37.693879    14.5814    7.29571      1.004    30.6102    22.6782 -9.990e-29
