data/oxygen options/ONMS/Olympic_Coast_National_Marine_Sanctuary_Hypoxia_Survey_CTD_Data_2004_2015/raw_data/2005/CTD_CA50_083005faed.cnv
* Sea-Bird SBE19 Data File:
* FileName = C:\hypoxia CTD data\CA50_083005.hex
* Software Version 1.1.5
* Temperature SN = 2997
* Conductivity SN = 2997
* System UpLoad Time = Aug 30 2005 17:22:28
** Cape Alava 50m 083005
* SEACAT PROFILER V3.1c SN 2997   08/30/05  17:20:39.485
# nquan = 9                                 
# nvalues = 633                         
# units = specified
# name 0 = timeJ: Julian Days
# name 1 = prSM: Pressure, Strain Gauge [db]
# name 2 = c0mS/cm: Conductivity [mS/cm]
# name 3 = t090C: Temperature [ITS-90, deg C]
# name 4 = oxML/L: Oxygen, Beckman/YSI [ml/l]
# name 5 = depSM: Depth [salt water, m], lat = 47.5
# name 6 = sal00: Salinity, Practical [PSU]
# name 7 = sigma-é00: Density [sigma-theta, kg/m^3]
# name 8 = flag: flag
# span 0 = 242.656181, 242.659838       
# span 1 =     -3.540,     51.160       
# span 2 =   0.815977,  38.329667       
# span 3 =     7.7892,    13.8826       
# span 4 =   -0.12036,   25.77557       
# span 5 =     -3.510,     50.727       
# span 6 =     0.5198,    33.4727       
# span 7 =    -0.2953,    26.1055       
# span 8 = 0.0000e+00, 0.0000e+00       
# interval = seconds: 0.5
# start_time = Aug 30 2005 15:44:54 [Instrument's time stamp, header]
# bad_flag = -9.990e-29
*END*
[from data line 481]
 242.658964     40.695  34.593458     7.8672    3.78822     40.351    33.3730    26.0161 0.0000e+00
 242.658970     41.146  34.594745     7.8540    3.70606     40.799    33.3867    26.0288 0.0000e+00
 242.658976     41.607  34.594484     7.8356    3.58929     41.256    33.4039    26.0449 0.0000e+00
 242.658981     42.088  34.595685     7.8162    3.47807     41.732    33.4235    26.0632 0.0000e+00
 242.658987     42.584  34.600130     7.8014    3.39778     42.224    33.4422    26.0800 0.0000e+00
 242.658993     43.080  34.606454     7.7947    3.34044     42.716    33.4552    26.0912 0.0000e+00
 242.658999     43.561  34.612617     7.7942    3.34578     43.193    33.4621    26.0967 0.0000e+00
 242.659005     44.022  34.617304     7.7955    3.32544     43.650    33.4656    26.0993 0.0000e+00
 242.659010     44.472  34.619665     7.7955    3.32842     44.096    33.4680    26.1011 0.0000e+00
 242.659016     44.923  34.620045     7.7948    3.33088     44.543    33.4688    26.1019 0.0000e+00
 242.659022     45.377  34.620075     7.7941    3.31156     44.993    33.4693    26.1024 0.0000e+00
 242.659028     45.829  34.620355     7.7936    3.33914     45.441    33.4699    26.1029 0.0000e+00
 242.659034     46.270  34.620698     7.7936    3.34067     45.879    33.4700    26.1031 0.0000e+00
 242.659039     46.685  34.621563     7.7940    3.33820     46.290    33.4704    26.1033 0.0000e+00
 242.659045     47.070  34.622981     7.7948    3.33712     46.672    33.4710    26.1036 0.0000e+00
 242.659051     47.433  34.624039     7.7954    3.32743     47.032    33.4714    26.1038 0.0000e+00
 242.659057     47.785  34.623909     7.7945    3.33416     47.381    33.4719    26.1044 0.0000e+00
 242.659063     48.129  34.622979     7.7925    3.34038     47.722    33.4727    26.1053 0.0000e+00
 242.659068     48.454  34.622255     7.7915    3.33315     48.044    33.4727    26.1055 0.0000e+00
 242.659074     48.747  34.622450     7.7921    3.33610     48.334    33.4722    26.1050 0.0000e+00
 242.659080     49.005  34.623265     7.7933    3.33005     48.590    33.4718    26.1045 0.0000e+00
 242.659086     49.236  34.623547     7.7943    3.33268     48.819    33.4710    26.1038 0.0000e+00
 242.659091     49.454  34.623112     7.7943    3.33455     49.035    33.4705    26.1033 0.0000e+00
 242.659097     49.669  34.622504     7.7938    3.33362     49.249    33.4702    26.1032 0.0000e+00
 242.659103     49.877  34.622035     7.7940    3.33345     49.455    33.4694    26.1025 0.0000e+00
 242.659109     50.067  34.622204     7.7950    3.33744     49.643    33.4685    26.1017 0.0000e+00
 242.659115     50.237  34.623236     7.7959    3.33508     49.812    33.4687    26.1017 0.0000e+00
 242.659120     50.399  34.624269     7.7956    3.32439     49.972    33.4700    26.1028 0.0000e+00
 242.659126     50.562  34.623879     7.7938    3.33279     50.134    33.4712    26.1040 0.0000e+00
 242.659132     50.728  34.622109     7.7917    3.32121     50.298    33.4713    26.1043 0.0000e+00
 242.659138     50.887  34.620524     7.7903    3.31706     50.456    33.4708    26.1042 0.0000e+00
 242.659144     51.023  34.619815     7.7900    3.32004     50.591    33.4703    26.1038 -9.990e-29
 242.659149     51.119  34.619599     7.7904    3.31362     50.686    33.4696    26.1033 -9.990e-29
 242.659155     51.160  34.619586     7.7909    3.32040     50.727    33.4691    26.1028 -9.990e-29
 242.659161     51.136  34.619761     7.7908    3.32412     50.703    33.4694    26.1030 -9.990e-29
 242.659167     51.040  34.619798     7.7901    3.32538     50.608    33.4702    26.1037 -9.990e-29
 242.659172     50.872  34.619190     7.7897    3.32198     50.441    33.4700    26.1036 0.0000e+00
 242.659178     50.637  34.618250     7.7898    3.32009     50.208    33.4690    26.1028 0.0000e+00
 242.659184     50.350  34.617409     7.7902    3.31183     49.924    33.4678    26.1019 0.0000e+00
 242.659190     50.028  34.616673     7.7904    3.31948     49.604    33.4670    26.1012 0.0000e+00
 242.659196     49.680  34.616185     7.7901    3.32298     49.259    33.4669    26.1012 0.0000e+00
 242.659201     49.309  34.615860     7.7898    3.31786     48.892    33.4671    26.1013 0.0000e+00
 242.659207     48.913  34.615830     7.7896    3.31688     48.499    33.4674    26.1016 0.0000e+00
 242.659213     48.484  34.616058     7.7894    3.31481     48.074    33.4680    26.1021 0.0000e+00
 242.659219     48.024  34.615731     7.7892    3.31651     47.618    33.4681    26.1022 0.0000e+00
 242.659225     47.547  34.614979     7.7892    3.31391     47.145    33.4675    26.1017 0.0000e+00
 242.659230     47.061  34.614486     7.7897    3.32589     46.663    33.4667    26.1010 0.0000e+00
 242.659236     46.565  34.614160     7.7907    3.32246     46.171    33.4657    26.1000 0.0000e+00
 242.659242     46.053  34.613574     7.7917    3.32267     45.664    33.4643    26.0988 0.0000e+00
 242.659248     45.523  34.612509     7.7926    3.33431     45.138    33.4626    26.0973 0.0000e+00
 242.659253     44.983  34.611233     7.7933    3.33509     44.603    33.4608    26.0958 0.0000e+00
 242.659259     44.446  34.610291     7.7938    3.35163     44.070    33.4595    26.0947 0.0000e+00
 242.659265     43.912  34.609556     7.7936    3.36395     43.541    33.4592    26.0945 0.0000e+00
 242.659271     43.377  34.608051     7.7927    3.39328     43.010    33.4587    26.0942 0.0000e+00
 242.659277     42.841  34.605458     7.7917    3.43327     42.479    33.4571    26.0931 0.0000e+00
 242.659282     42.300  34.602247     7.7916    3.51785     41.943    33.4540    26.0907 0.0000e+00
 242.659288     41.750  34.598625     7.7946    3.65805     41.397    33.4475    26.0852 0.0000e+00
 242.659294     41.194  34.594251     7.8061    3.81347     40.846    33.4321    26.0713 0.0000e+00
 242.659300     40.630  34.587224     7.8318    3.97191     40.287    33.4002    26.0426 0.0000e+00
 242.659306     40.053  34.576587     7.8670    4.09639     39.715    33.3554    26.0023 0.0000e+00
 242.659311     39.473  34.566100     7.8986    4.15682     39.140    33.3142    25.9654 0.0000e+00
 242.659317     38.913  34.559166     7.9185    4.20741     38.585    33.2881    25.9420 0.0000e+00
 242.659323     38.388  34.555521     7.9253    4.22507     38.064    33.2780    25.9330 0.0000e+00
 242.659329     37.895  34.554801     7.9261    4.26407     37.575    33.2767    25.9319 0.0000e+00
 242.659334     37.416  34.554933     7.9323    4.35029     37.100    33.2711    25.9266 0.0000e+00
 242.659340     36.933  34.552173     7.9493    4.46635     36.621    33.2522    25.9093 0.0000e+00
 242.659346     36.436  34.545646     7.9791    4.59409     36.129    33.2172    25.8774 0.0000e+00
 242.659352     35.924  34.536184     8.0154    4.71423     35.621    33.1729    25.8373 0.0000e+00
 242.659358     35.398  34.525753     8.0460    4.80528     35.100    33.1330    25.8015 0.0000e+00
 242.659363     34.860  34.517268     8.0695    4.87758     34.566    33.1020    25.7737 0.0000e+00
 242.659369     34.309  34.510079     8.0900    4.93206     34.020    33.0752    25.7497 0.0000e+00
 242.659375     33.748  34.501336     8.1082    5.01560     33.464    33.0490    25.7265 0.0000e+00
 242.659381     33.184  34.492284     8.1266    5.10891     32.904    33.0223    25.7028 0.0000e+00
 242.659387     32.621  34.484872     8.1550    5.20474     32.346    32.9880    25.6717 0.0000e+00
 242.659392     32.056  34.474833     8.1973    5.28586     31.786    32.9378    25.6261 0.0000e+00
 242.659398     31.496  34.461118     8.2411    5.33814     31.231    32.8825    25.5762 0.0000e+00
 242.659404     30.957  34.451233     8.2738    5.37130     30.696    32.8417    25.5393 0.0000e+00
 242.659410     30.452  34.448267     8.2930    5.39190     30.196    32.8208    25.5201 0.0000e+00
 242.659416     29.982  34.448280     8.3039    5.40788     29.730    32.8109    25.5107 0.0000e+00
 242.659421     29.531  34.449057     8.3123    5.43189     29.282    32.8041    25.5041 0.0000e+00
 242.659427     29.073  34.451641     8.3245    5.45224     28.828    32.7956    25.4957 0.0000e+00
 242.659433     28.598  34.456679     8.3575    5.48148     28.357    32.7704    25.4710 0.0000e+00
 242.659439     28.100  34.466408     8.4136    5.49380     27.864    32.7287    25.4299 0.0000e+00
 242.659444     27.578  34.481473     8.4685    5.46618     27.346    32.6939    25.3944 0.0000e+00
 242.659450     27.037  34.497867     8.5120    5.39978     26.810    32.6711    25.3700 0.0000e+00
 242.659456     26.481  34.517287     8.5537    5.30894     26.258    32.6531    25.3496 0.0000e+00
 242.659462     25.909  34.545463     8.5954    5.20836     25.691    32.6444    25.3365 0.0000e+00
 242.659468     25.322  34.577932     8.6301    5.13629     25.109    32.6467    25.3330 0.0000e+00
 242.659473     24.731  34.604190     8.6590    5.07880     24.523    32.6478    25.3294 0.0000e+00
 242.659479     24.150  34.627870     8.6844    4.99896     23.947    32.6494    25.3268 0.0000e+00
 242.659485     23.587  34.651407     8.7028    4.88101     23.389    32.6573    25.3302 0.0000e+00
 242.659491     23.042  34.664717     8.7281    4.70391     22.848    32.6481    25.3192 0.0000e+00
 242.659497     22.501  34.677706     8.7845    4.49983     22.312    32.6100    25.2807 0.0000e+00
 242.659502     21.951  34.726196     8.8662    4.31206     21.767    32.5857    25.2491 0.0000e+00
 242.659508     21.387  34.810946     8.9488    4.14675     21.207    32.5984    25.2462 0.0000e+00
 242.659514     20.807  34.887455     9.0343    4.07092     20.632    32.5997    25.2340 0.0000e+00
 242.659520     20.214  34.946768     9.1406    4.03690     20.044    32.5642    25.1896 0.0000e+00
 242.659525     19.615  35.012494     9.2593    4.04697     19.450    32.5241    25.1395 0.0000e+00
 242.659531     19.025  35.085957     9.3600    4.08470     18.865    32.5084    25.1112 0.0000e+00
 242.659537     18.457  35.150212     9.4222    4.14487     18.302    32.5182    25.1090 0.0000e+00
 242.659543     17.922  35.190059     9.4547    4.22623     17.772    32.5298    25.1129 0.0000e+00
 242.659549     17.420  35.208196     9.4795    4.27091     17.274    32.5262    25.1060 0.0000e+00
 242.659554     16.932  35.219290     9.5113    4.30940     16.790    32.5089    25.0874 0.0000e+00
 242.659560     16.427  35.238700     9.5682    4.35549     16.289    32.4775    25.0537 0.0000e+00
 242.659566     15.885  35.280540     9.6655    4.43309     15.752    32.4326    25.0029 0.0000e+00
 242.659572     15.311  35.347907     9.7865    4.51756     15.183    32.3925    24.9519 0.0000e+00
 242.659578     14.720  35.428607     9.8858    4.57044     14.597    32.3855    24.9302 0.0000e+00
 242.659583     14.124  35.491236     9.9467    4.58737     14.006    32.3947    24.9273 0.0000e+00
 242.659589     13.529  35.526268    10.0085    4.60415     13.416    32.3750    24.9017 0.0000e+00
 242.659595     12.927  35.572027    10.1097    4.71578     12.819    32.3310    24.8506 0.0000e+00
 242.659601     12.318  35.663746    10.2334    4.91311     12.215    32.3134    24.8161 0.0000e+00
 242.659606     11.715  35.779647    10.3358    5.16906     11.617    32.3391    24.8188 0.0000e+00
 242.659612     11.125  35.863491    10.4097    5.45965     11.032    32.3577    24.8208 0.0000e+00
 242.659618     10.547  35.913291    10.4937    5.68990     10.459    32.3332    24.7874 0.0000e+00
 242.659624      9.972  35.970802    10.6628    5.91005      9.889    32.2411    24.6867 0.0000e+00
 242.659630      9.403  36.098139    10.9818    6.09682      9.324    32.0874    24.5117 0.0000e+00
 242.659635      8.842  36.355204    11.4266    6.31291      8.768    31.9535    24.3287 0.0000e+00
 242.659641      8.291  36.712485    11.8583    6.57387      8.222    31.9293    24.2315 0.0000e+00
 242.659647      7.763  37.048143    12.1258    6.76527      7.698    32.0238    24.2553 0.0000e+00
 242.659653      7.272  37.229451    12.2493    6.86758      7.211    32.0923    24.2853 0.0000e+00
 242.659659      6.815  37.275627    12.3525    6.95781      6.758    32.0484    24.2318 0.0000e+00
 242.659664      6.381  37.323992    12.5252    6.98412      6.328    31.9475    24.1209 0.0000e+00
 242.659670      5.963  37.436798    12.8173    7.00474      5.913    31.8077    23.9566 0.0000e+00
 242.659676      5.561  37.599594    13.1747    6.94258      5.515    31.6617    23.7741 0.0000e+00
 242.659682      5.174  37.776497    13.4740    6.88484      5.131    31.5785    23.6506 0.0000e+00
 242.659687      4.804  37.940678    13.6461    6.78397      4.764    31.5888    23.6242 0.0000e+00
 242.659693      4.453  38.068097    13.7145    6.63073      4.416    31.6505    23.6580 0.0000e+00
 242.659699      4.120  38.133834    13.7382    6.42918      4.086    31.6918    23.6852 0.0000e+00
 242.659705      3.796  38.156263    13.7653    6.11001      3.764    31.6903    23.6785 0.0000e+00
 242.659711      3.469  38.178756    13.8076    5.99405      3.440    31.6763    23.6591 0.0000e+00
 242.659716      3.140  38.207744    13.8409    5.90143      3.114    31.6757    23.6519 0.0000e+00
 242.659722      2.826  38.210655    13.8473    5.80183      2.802    31.6732    23.6487 0.0000e+00
 242.659728      2.547  38.139225    13.8231    6.23685      2.526    31.6273    23.6182 0.0000e+00
 242.659734      2.313  38.055259    13.7731    6.79561      2.294    31.5911    23.6003 0.0000e+00
 242.659740      2.127  38.061045    13.7128    6.84846      2.109    31.6462    23.6551 0.0000e+00
 242.659745      1.982  38.084660    13.6541    7.05513      1.965    31.7167    23.7213 -9.990e-29
 242.659751      1.868  38.052705    13.5887    7.30568      1.852    31.7414    23.7535 -9.990e-29
 242.659757      1.779  37.976401    13.5079    7.28707      1.764    31.7376    23.7667 -9.990e-29
 242.659763      1.712  37.851026    13.4241    7.29372      1.698    31.6906    23.7470 -9.990e-29
 242.659769      1.668  37.623814    13.3539    7.29720      1.654    31.5370    23.6423 -9.990e-29
 242.659774      1.640  37.079292    13.2992    7.28321      1.626    31.0744    23.2955 -9.990e-29
 242.659780      1.621  35.558714    13.2516    7.44912      1.607    29.6992    22.2421 -9.990e-29
 242.659786      1.607  31.088469    13.2089 -9.990e-29      1.594    25.6240    19.1042 -9.990e-29
 242.659792      1.591  22.257038    13.1775 -9.990e-29      1.578    17.7656    13.0546 -9.990e-29
 242.659797      1.578  12.708464    13.1609 -9.990e-29      1.565     9.6643     6.8224 -9.990e-29
 242.659803      1.570   7.198644    13.1539 -9.990e-29      1.557     5.2413     3.4162 -9.990e-29
 242.659809      1.563   5.172937    13.1501 -9.990e-29      1.550     3.6810     2.2126 -9.990e-29
 242.659815      1.553   4.314458    13.1477 -9.990e-29      1.540     3.0339     1.7129 -9.990e-29
 242.659821      1.542   3.996465    13.1470 -9.990e-29      1.529     2.7967     1.5296 -9.990e-29
 242.659826      1.535   4.144482    13.1476 -9.990e-29      1.522     2.9069     1.6148 -9.990e-29
 242.659832      1.531   4.616895    13.1480 -9.990e-29      1.518     3.2609     1.8883 -9.990e-29
 242.659838      1.530   4.993637 -9.990e-29 -9.990e-29      1.517 -9.990e-29 -9.990e-29 -9.990e-29
