data/oxygen options/ONMS/Olympic_Coast_National_Marine_Sanctuary_Hypoxia_Survey_CTD_Data_2004_2015/raw_data/2005/CTD_TH60_060705faed.cnv
* Sea-Bird SBE19 Data File:
* FileName = C:\hypoxia CTD data\TH60_060705.hex
* Software Version 1.1.5
* Temperature SN = 2997
* Conductivity SN = 2997
* System UpLoad Time = Jun 07 2005 12:40:28
* SEACAT PROFILER V3.1c SN 2997   06/07/05  12:39:26.793
* strain gauge pressure sensor: S/N = 184829,  range = 3000 psia,  tc = 40
# nquan = 9                                 
# nvalues = 713                         
# units = specified
# name 0 = timeJ: Julian Days
# name 1 = prSM: Pressure, Strain Gauge [db]
# name 2 = c0mS/cm: Conductivity [mS/cm]
# name 3 = t090C: Temperature [ITS-90, deg C]
# name 4 = oxML/L: Oxygen, Beckman/YSI [ml/l]
# name 5 = depSM: Depth [salt water, m], lat = 47.5
# name 6 = sal00: Salinity, Practical [PSU]
# name 7 = sigma-é00: Density [sigma-theta, kg/m^3]
# name 8 = flag: flag
# span 0 = 158.466285, 158.470405       
# span 1 =     -3.960,     60.682       
# span 2 =   0.225150,  37.380556       
# span 3 =     8.3199,    14.4436       
# span 4 =   -0.12216,   25.88874       
# span 5 =     -3.927,     60.167       
# span 6 =     0.1400,    33.3519       
# span 7 =    -0.5326,    25.9329       
# span 8 = 0.0000e+00, 0.0000e+00       
# interval = seconds: 0.5
# start_time = Jun 07 2005 11:11:27 [Instrument's time stamp, header]
# bad_flag = -9.990e-29
*END*
[from data line 641]
 158.469994     27.706  35.379371     9.3182    3.91845     27.473    32.8451    25.3813 0.0000e+00
 158.470000     27.241  35.387533     9.3377    4.01172     27.012    32.8358    25.3709 0.0000e+00
 158.470006     26.787  35.393763     9.3482    4.12256     26.562    32.8328    25.3668 0.0000e+00
 158.470012     26.335  35.397965     9.3645    4.25247     26.114    32.8223    25.3561 0.0000e+00
 158.470017     25.876  35.402945     9.4317    4.39618     25.658    32.7661    25.3013 0.0000e+00
 158.470023     25.395  35.422630     9.5786    4.55054     25.182    32.6524    25.1889 0.0000e+00
 158.470029     24.894  35.466449     9.7541    4.67032     24.685    32.5383    25.0711 0.0000e+00
 158.470035     24.386  35.517708     9.8846    4.75625     24.181    32.4729    24.9987 0.0000e+00
 158.470041     23.883  35.554522     9.9519    4.77993     23.682    32.4500    24.9697 0.0000e+00
 158.470046     23.386  35.572755     9.9768    4.77433     23.190    32.4463    24.9627 0.0000e+00
 158.470052     22.894  35.578801     9.9932    4.75212     22.702    32.4379    24.9534 0.0000e+00
 158.470058     22.401  35.583536    10.0261    4.74594     22.213    32.4134    24.9289 0.0000e+00
 158.470064     21.910  35.594956    10.0658    4.75685     21.726    32.3896    24.9037 0.0000e+00
 158.470069     21.428  35.608106    10.0915    4.77688     21.248    32.3801    24.8920 0.0000e+00
 158.470075     20.954  35.614737    10.1019    4.76011     20.778    32.3777    24.8884 0.0000e+00
 158.470081     20.480  35.615854    10.1108    4.75302     20.308    32.3711    24.8817 0.0000e+00
 158.470087     19.996  35.616314    10.1353    4.73355     19.828    32.3498    24.8611 0.0000e+00
 158.470093     19.502  35.620097    10.1868    4.76995     19.338    32.3079    24.8197 0.0000e+00
 158.470098     19.001  35.631689    10.2567    4.87905     18.842    32.2576    24.7688 0.0000e+00
 158.470104     18.503  35.650290    10.3183    5.00548     18.348    32.2218    24.7305 0.0000e+00
 158.470110     18.016  35.668756    10.3589    5.18453     17.865    32.2045    24.7102 0.0000e+00
 158.470116     17.529  35.684253    10.4025    5.35555     17.382    32.1817    24.6850 0.0000e+00
 158.470122     17.037  35.701758    10.5051    5.54597     16.894    32.1088    24.6108 0.0000e+00
 158.470127     16.539  35.740130    10.6926    5.74165     16.400    31.9825    24.4804 0.0000e+00
 158.470133     16.029  35.812409    10.9066    5.90942     15.895    31.8678    24.3540 0.0000e+00
 158.470139     15.504  35.888270    11.0794    6.06742     15.374    31.7930    24.2657 0.0000e+00
 158.470145     14.970  35.937143    11.1962    6.23576     14.845    31.7405    24.2042 0.0000e+00
 158.470150     14.434  35.966484    11.2731    6.51411     14.313    31.7033    24.1617 0.0000e+00
 158.470156     13.902  35.986852    11.3373    6.87544     13.786    31.6683    24.1231 0.0000e+00
 158.470162     13.374  36.000754    11.4270    7.24744     13.262    31.6053    24.0581 0.0000e+00
 158.470168     12.854  36.019449    11.5718    7.44327     12.746    31.5002    23.9506 0.0000e+00
 158.470174     12.349  36.060581    11.7429    7.48386     12.246    31.3953    23.8382 0.0000e+00
 158.470179     11.855  36.119015    11.8948    7.51091     11.756    31.3239    23.7551 0.0000e+00
 158.470185     11.371  36.168960    12.0346    7.56308     11.276    31.2548    23.6759 0.0000e+00
 158.470191     10.896  36.217049    12.1579    7.75968     10.805    31.1981    23.6091 0.0000e+00
 158.470197     10.427  36.278646    12.1939    7.99758     10.340    31.2272    23.6250 0.0000e+00
 158.470203      9.962  36.313107    12.1326    8.16391      9.879    31.3116    23.7018 0.0000e+00
 158.470208      9.502  36.300247    12.1215    8.18768      9.422    31.3088    23.7016 0.0000e+00
 158.470214      9.039  36.306475    12.3542    8.04237      8.963    31.1210    23.5128 0.0000e+00
 158.470220      8.565  36.419130    12.8793    7.84080      8.493    30.7963    23.1620 0.0000e+00
 158.470226      8.085  36.664477    13.4776    7.67238      8.017    30.5426    22.8496 0.0000e+00
 158.470231      7.610  36.936784    13.8861    7.55419      7.546    30.4684    22.7111 0.0000e+00
 158.470237      7.149  37.105215    14.0799    7.43730      7.089    30.4693    22.6727 0.0000e+00
 158.470243      6.701  37.172970    14.1562    7.29519      6.645    30.4709    22.6585 0.0000e+00
 158.470249      6.261  37.197933    14.1938    7.15650      6.209    30.4642    22.6456 0.0000e+00
 158.470255      5.825  37.208924    14.2419    7.07049      5.776    30.4364    22.6144 0.0000e+00
 158.470260      5.400  37.222846    14.2935    7.04483      5.355    30.4086    22.5824 0.0000e+00
 158.470266      4.994  37.239757    14.3220    7.00254      4.952    30.4017    22.5712 0.0000e+00
 158.470272      4.609  37.249691    14.3277    6.93079      4.570    30.4064    22.5736 0.0000e+00
 158.470278      4.240  37.250767    14.3251    6.82044      4.205    30.4096    22.5766 0.0000e+00
 158.470284      3.875  37.248349    14.3321    6.60428      3.843    30.4020    22.5693 0.0000e+00
 158.470289      3.516  37.253793    14.3517    6.46921      3.487    30.3917    22.5573 0.0000e+00
 158.470295      3.180  37.268750    14.3670    6.28408      3.153    30.3934    22.5555 0.0000e+00
 158.470301      2.874  37.278396    14.3686    6.19922      2.850    30.4010    22.5610 0.0000e+00
 158.470307      2.596  37.275411    14.3584    6.14390      2.574    30.4064    22.5672 0.0000e+00
 158.470313      2.351  37.259184    14.3398    6.74092      2.331    30.4063    22.5710 0.0000e+00
 158.470318      2.147  37.229953    14.3115    7.19430      2.129    30.4021    22.5736 0.0000e+00
 158.470324      1.986  37.196411    14.2717    7.15950      1.969    30.4030    22.5824 0.0000e+00
 158.470330      1.852  37.171036    14.2316    7.06985      1.837    30.4115    22.5972 -9.990e-29
 158.470336      1.740  37.152514    14.2027    7.19607      1.725    30.4175    22.6076 -9.990e-29
 158.470341      1.654  37.118386    14.1761    7.32886      1.640    30.4074    22.6053 -9.990e-29
 158.470347      1.586  37.028747    14.1361    7.39116      1.573    30.3573    22.5747 -9.990e-29
 158.470353      1.534  36.802209    14.0850 -9.990e-29      1.521    30.1909    22.4568 -9.990e-29
 158.470359      1.488  36.201769    14.0350 -9.990e-29      1.476    29.6828    22.0751 -9.990e-29
 158.470365      1.447  34.483474    13.9916 -9.990e-29      1.435    28.1558    20.9067 -9.990e-29
 158.470370      1.416  29.393824    13.9566 -9.990e-29      1.404    23.6228    17.4230 -9.990e-29
 158.470376      1.398  20.147323    13.9323 -9.990e-29      1.386    15.6246    11.2800 -9.990e-29
 158.470382      1.391  11.190978    13.9182 -9.990e-29      1.379     8.2594     5.6257 -9.990e-29
 158.470388      1.390   6.610631    13.9103 -9.990e-29      1.378     4.6909     2.8827 -9.990e-29
 158.470394      1.392   5.150775    13.9053 -9.990e-29      1.380     3.5932     2.0379 -9.990e-29
 158.470399      1.396   4.281809    13.9032 -9.990e-29      1.384     2.9512     1.5432 -9.990e-29
 158.470405      1.399   3.603285 -9.990e-29 -9.990e-29      1.387 -9.990e-29 -9.990e-29 -9.990e-29
