data/oxygen options/ONMS/Olympic_Coast_National_Marine_Sanctuary_Hypoxia_Survey_CTD_Data_2004_2015/raw_data/2005/CTD_CA100_060705faed.cnv
* Sea-Bird SBE19 Data File:
* FileName = C:\hypoxia CTD data\CA100_060705.hex
* Software Version 1.1.5
* Temperature SN = 2997
* Conductivity SN = 2997
* System UpLoad Time = Jun 07 2005 15:21:59
* SEACAT PROFILER V3.1c SN 2997   06/07/05  15:20:44.165
* strain gauge pressure sensor: S/N = 184829,  range = 3000 psia,  tc = 40
# nquan = 9                                 
# nvalues = 1734                        
# units = specified
# name 0 = timeJ: Julian Days
# name 1 = prSM: Pressure, Strain Gauge [db]
# name 2 = c0mS/cm: Conductivity [mS/cm]
# name 3 = t090C: Temperature [ITS-90, deg C]
# name 4 = oxML/L: Oxygen, Beckman/YSI [ml/l]
# name 5 = depSM: Depth [salt water, m], lat = 47.5
# name 6 = sal00: Salinity, Practical [PSU]
# name 7 = sigma-é00: Density [sigma-theta, kg/m^3]
# name 8 = flag: flag
# span 0 = 158.562326, 158.572355       
# span 1 =     -3.784,     97.481       
# span 2 =   0.363482,  37.034186       
# span 3 =     7.1604,    14.7549       
# span 4 =  -13.94105,   25.69822       
# span 5 =     -3.752,     96.645       
# span 6 =     0.2198,    33.8831       
# span 7 =    -0.6888,    26.5162       
# span 8 = 0.0000e+00, 0.0000e+00       
# interval = seconds: 0.5
# start_time = Jun 07 2005 13:29:45 [Instrument's time stamp, header]
# bad_flag = -9.990e-29
*END*
[from data line 321]
 158.564184      2.158  36.331097    12.2093    6.11772      2.140    31.2678    23.6534 -9.990e-29
 158.564190      2.161  36.330636    12.2112    6.11393      2.143    31.2658    23.6515 -9.990e-29
 158.564196      2.160  36.333195    12.2136    6.10031      2.142    31.2662    23.6514 -9.990e-29
 158.564201      2.162  36.336020    12.2136    6.08851      2.144    31.2689    23.6535 -9.990e-29
 158.564207      2.174  36.336154    12.2115    6.09304      2.156    31.2708    23.6553 -9.990e-29
 158.564213      2.191  36.333778    12.2100    6.10924      2.173    31.2698    23.6548 -9.990e-29
 158.564219      2.205  36.331893    12.2104    6.11515      2.187    31.2676    23.6531 -9.990e-29
 158.564225      2.210  36.331912    12.2122    6.11197      2.192    31.2661    23.6516 -9.990e-29
 158.564230      2.201  36.333299    12.2143    6.11137      2.183    31.2657    23.6509 -9.990e-29
 158.564236      2.186  36.335102    12.2164    6.10579      2.168    31.2657    23.6505 -9.990e-29
 158.564242      2.181  36.336926    12.2190    6.11185      2.163    31.2653    23.6497 -9.990e-29
 158.564248      2.194  36.338965    12.2219    6.12112      2.176    31.2648    23.6487 -9.990e-29
 158.564253      2.218  36.341136    12.2233    6.11660      2.199    31.2657    23.6492 -9.990e-29
 158.564259      2.238  36.342411    12.2231    6.10774      2.219    31.2671    23.6503 -9.990e-29
 158.564265      2.245  36.342248    12.2230    6.08006      2.226    31.2670    23.6502 -9.990e-29
 158.564271      2.245  36.342116    12.2235    6.10134      2.226    31.2664    23.6497 -9.990e-29
 158.564277      2.242  36.342962    12.2239    6.11414      2.223    31.2669    23.6500 -9.990e-29
 158.564282      2.235  36.343672    12.2234    6.12181      2.216    31.2680    23.6510 -9.990e-29
 158.564288      2.225  36.343516    12.2224    6.12590      2.206    31.2687    23.6517 -9.990e-29
 158.564294      2.214  36.342848    12.2220    6.09538      2.196    31.2684    23.6515 -9.990e-29
 158.564300      2.212  36.342459    12.2232    6.09142      2.194    31.2670    23.6502 -9.990e-29
 158.564306      2.221  36.343516    12.2267    6.10169      2.202    31.2651    23.6481 -9.990e-29
 158.564311      2.238  36.346871    12.2324    6.10905      2.219    31.2635    23.6458 -9.990e-29
 158.564317      2.256  36.351951    12.2372    6.11496      2.237    31.2644    23.6456 -9.990e-29
 158.564323      2.268  36.355440    12.2377    6.10705      2.249    31.2673    23.6478 -9.990e-29
 158.564329      2.269  36.354705    12.2351    6.09447      2.250    31.2688    23.6494 -9.990e-29
 158.564334      2.264  36.351571    12.2329    6.10359      2.245    31.2676    23.6489 -9.990e-29
 158.564340      2.262  36.349151    12.2324    6.10497      2.243    31.2657    23.6475 -9.990e-29
 158.564346      2.266  36.348706    12.2331    6.11652      2.247    31.2647    23.6466 -9.990e-29
 158.564352      2.273  36.349645    12.2338    6.10333      2.254    31.2650    23.6467 -9.990e-29
 158.564358      2.278  36.350420    12.2345    6.07795      2.259    31.2652    23.6467 -9.990e-29
 158.564363      2.287  36.350943    12.2366    6.10185      2.268    31.2639    23.6453 -9.990e-29
 158.564369      2.303  36.352474    12.2404    6.11366      2.284    31.2622    23.6433 -9.990e-29
 158.564375      2.325  36.354255    12.2443    6.12082      2.306    31.2606    23.6414 -9.990e-29
 158.564381      2.344  36.355859    12.2466    6.11516      2.324    31.2602    23.6406 -9.990e-29
 158.564387      2.354  36.357744    12.2461    6.08949      2.334    31.2625    23.6424 -9.990e-29
 158.564392      2.355  36.357943    12.2441    6.10280      2.335    31.2643    23.6443 -9.990e-29
 158.564398      2.355  36.356721    12.2426    6.11410      2.335    31.2644    23.6446 -9.990e-29
 158.564404      2.359  36.356376    12.2423    6.11600      2.339    31.2643    23.6446 -9.990e-29
 158.564410      2.363  36.357012    12.2426    6.10941      2.343    31.2647    23.6448 -9.990e-29
 158.564416      2.359  36.357797    12.2424    6.08894      2.339    31.2656    23.6456 -9.990e-29
 158.564421      2.346  36.357537    12.2423    6.10238      2.326    31.2654    23.6455 -9.990e-29
 158.564427      2.337  36.357007    12.2428    6.11571      2.317    31.2645    23.6447 -9.990e-29
 158.564433      2.339  36.357746    12.2435    6.11077      2.319    31.2646    23.6446 -9.990e-29
 158.564439      2.344  36.358874    12.2441    6.10402      2.324    31.2652    23.6450 -9.990e-29
 158.564444      2.339  36.359653    12.2449    6.09954      2.319    31.2653    23.6449 -9.990e-29
 158.564450      2.324  36.360371    12.2463    6.09629      2.305    31.2648    23.6442 -9.990e-29
 158.564456      2.311  36.361424    12.2473    6.10577      2.292    31.2650    23.6442 -9.990e-29
 158.564462      2.308  36.362345    12.2471    6.10334      2.289    31.2660    23.6450 -9.990e-29
 158.564468      2.310  36.362115    12.2466    6.09678      2.291    31.2662    23.6453 -9.990e-29
 158.564473      2.312  36.361549    12.2466    6.10236      2.293    31.2657    23.6449 -9.990e-29
 158.564479      2.316  36.361571    12.2465    6.09659      2.297    31.2658    23.6450 -9.990e-29
 158.564485      2.322  36.361647    12.2459    6.09303      2.303    31.2664    23.6455 -9.990e-29
 158.564491      2.329  36.361314    12.2451    6.09243      2.310    31.2667    23.6459 -9.990e-29
 158.564497      2.339  36.360686    12.2447    6.08575      2.319    31.2664    23.6458 -9.990e-29
 158.564502      2.351  36.360603    12.2452    6.08878      2.331    31.2659    23.6453 -9.990e-29
 158.564508      2.367  36.361513    12.2466    6.09249      2.347    31.2656    23.6448 -9.990e-29
 158.564514      2.383  36.362945    12.2480    6.08277      2.363    31.2658    23.6447 -9.990e-29
 158.564520      2.392  36.364000    12.2483    6.08855      2.372    31.2666    23.6452 -9.990e-29
 158.564525      2.391  36.363841    12.2480    6.08922      2.371    31.2667    23.6454 -9.990e-29
 158.564531      2.383  36.363373    12.2484    6.08547      2.363    31.2659    23.6447 -9.990e-29
 158.564537      2.376  36.363652    12.2497    6.09172      2.356    31.2651    23.6438 -9.990e-29
 158.564543      2.374  36.364489    12.2509    6.08597      2.354    31.2649    23.6434 -9.990e-29
 158.564549      2.378  36.365315    12.2503    6.08051      2.358    31.2662    23.6446 -9.990e-29
 158.564554      2.387  36.364984    12.2478    6.08676      2.367    31.2679    23.6464 -9.990e-29
 158.564560      2.401  36.363053    12.2445    6.08682      2.381    31.2688    23.6477 -9.990e-29
 158.564566      2.419  36.360308    12.2422    6.08993      2.399    31.2681    23.6476 -9.990e-29
 158.564572      2.431  36.358132    12.2420    6.09645      2.411    31.2662    23.6461 -9.990e-29
 158.564578      2.431  36.357546    12.2432    6.09095      2.411    31.2647    23.6447 -9.990e-29
 158.564583      2.414  36.358323    12.2450    6.08248      2.394    31.2639    23.6438 -9.990e-29
 158.564589      2.387  36.359814    12.2467    6.07380      2.367    31.2639    23.6435 -9.990e-29
 158.564595      2.367  36.361202    12.2476    6.07276      2.347    31.2645    23.6438 -9.990e-29
 158.564601      2.363  36.362096    12.2476    6.08042      2.343    31.2654    23.6444 -9.990e-29
 158.564606      2.377  36.362564    12.2472    6.08989      2.357    31.2661    23.6451 -9.990e-29
 158.564612      2.397  36.362667    12.2474    6.08191      2.377    31.2661    23.6450 -9.990e-29
 158.564618      2.410  36.363099    12.2489    6.07249      2.390    31.2652    23.6441 -9.990e-29
 158.564624      2.418  36.364433    12.2509    6.07890      2.398    31.2648    23.6434 -9.990e-29
 158.564630      2.429  36.366201    12.2524    6.08115      2.409    31.2653    23.6434 -9.990e-29
 158.564635      2.444  36.367394    12.2535    6.09296      2.424    31.2655    23.6434 -9.990e-29
 158.564641      2.457  36.367918    12.2544    6.08765      2.436    31.2652    23.6430 -9.990e-29
 158.564647      2.463  36.368470    12.2551    6.06950      2.442    31.2652    23.6429 -9.990e-29
 158.564653      2.462  36.369220    12.2560    6.07552      2.441    31.2651    23.6427 -9.990e-29
 158.564659      2.459  36.370046    12.2570    6.07792      2.438    31.2651    23.6424 -9.990e-29
 158.564664      2.463  36.370925    12.2581    6.08897      2.442    31.2650    23.6422 -9.990e-29
 158.564670      2.477  36.371907    12.2590    6.09292      2.456    31.2652    23.6422 -9.990e-29
 158.564676      2.499  36.372615    12.2598    6.08615      2.478    31.2652    23.6420 -9.990e-29
 158.564682      2.521  36.372871    12.2611    6.07532      2.500    31.2643    23.6411 -9.990e-29
 158.564687      2.544  36.373572    12.2637    6.07533      2.523    31.2628    23.6395 -9.990e-29
 158.564693      2.575  36.375649    12.2671    6.07710      2.553    31.2619    23.6381 -9.990e-29
 158.564699      2.611  36.378506    12.2698    6.09748      2.589    31.2624    23.6380 -9.990e-29
 158.564705      2.646  36.380902    12.2714    6.09476      2.624    31.2634    23.6384 -9.990e-29
 158.564711      2.677  36.382665    12.2720    6.09065      2.655    31.2645    23.6392 -9.990e-29
 158.564716      2.712  36.383340    12.2716    6.07107      2.689    31.2655    23.6401 -9.990e-29
 158.564722      2.761  36.382703    12.2712    6.07801      2.738    31.2652    23.6399 -9.990e-29
 158.564728      2.835  36.382145    12.2712    6.07779      2.811    31.2646    23.6395 -9.990e-29
 158.564734      2.943  36.382042    12.2704    6.06719      2.918    31.2652    23.6400 -9.990e-29
 158.564740      3.083  36.381132    12.2681    6.05221      3.057    31.2662    23.6412 0.0000e+00
 158.564745      3.245  36.379322    12.2646    6.03120      3.218    31.2673    23.6428 0.0000e+00
 158.564751      3.415  36.376997    12.2582    6.02529      3.386    31.2703    23.6463 0.0000e+00
 158.564757      3.593  36.372174    12.2451    6.03746      3.563    31.2766    23.6536 0.0000e+00
 158.564763      3.780  36.361220    12.2256    6.05760      3.748    31.2823    23.6617 0.0000e+00
 158.564769      3.973  36.344666    12.2053    6.06107      3.940    31.2834    23.6663 0.0000e+00
 158.564774      4.152  36.328471    12.1867    6.04878      4.117    31.2834    23.6697 0.0000e+00
 158.564780      4.305  36.312899    12.1754    6.03566      4.269    31.2779    23.6676 -9.990e-29
 158.564786      4.428  36.301848    12.1797    6.02427      4.391    31.2636    23.6558 -9.990e-29
 158.564792      4.520  36.306930    12.1907    6.02116      4.482    31.2593    23.6503 -9.990e-29
 158.564797      4.582  36.318093    12.1889    6.01699      4.544    31.2714    23.6601 -9.990e-29
 158.564803      4.620  36.312094    12.1700    6.00878      4.581    31.2815    23.6714 -9.990e-29
 158.564809      4.639  36.289905    12.1470    6.01502      4.600    31.2795    23.6741 -9.990e-29
 158.564815      4.653  36.271839    12.1249    6.01779      4.614    31.2806    23.6791 -9.990e-29
 158.564821      4.677  36.257912    12.1025    6.02101      4.638    31.2860    23.6874 -9.990e-29
 158.564826      4.711  36.240203    12.0885    6.02841      4.672    31.2807    23.6859 -9.990e-29
 158.564832      4.746  36.230977    12.0863    6.03181      4.706    31.2737    23.6809 -9.990e-29
 158.564838      4.770  36.233065    12.0905    6.03170      4.730    31.2722    23.6789 -9.990e-29
 158.564844      4.784  36.238031    12.0968    6.03379      4.744    31.2717    23.6773 -9.990e-29
 158.564850      4.795  36.244083    12.1017    6.03355      4.755    31.2734    23.6778 -9.990e-29
 158.564855      4.798  36.249197    12.1044    6.03007      4.758    31.2760    23.6793 -9.990e-29
 158.564861      4.794  36.251778    12.1062    6.03229      4.754    31.2770    23.6797 -9.990e-29
 158.564867      4.796  36.252462    12.1063    6.03254      4.756    31.2776    23.6802 -9.990e-29
 158.564873      4.811  36.251040    12.1022    6.02274      4.771    31.2796    23.6825 -9.990e-29
 158.564878      4.837  36.246736    12.0953    6.01299      4.797    31.2813    23.6851 -9.990e-29
 158.564884      4.867  36.241097    12.0898    6.02694      4.826    31.2804    23.6854 -9.990e-29
 158.564890      4.894  36.236692    12.0873    6.02716      4.853    31.2783    23.6842 -9.990e-29
 158.564896      4.911  36.234371    12.0872    6.03848      4.870    31.2762    23.6826 -9.990e-29
 158.564902      4.915  36.233838    12.0879    6.03962      4.874    31.2751    23.6816 -9.990e-29
 158.564907      4.911  36.234381    12.0887    6.02097      4.870    31.2749    23.6814 -9.990e-29
 158.564913      4.908  36.235598    12.0897    6.01550      4.867    31.2752    23.6814 -9.990e-29
 158.564919      4.912  36.236869    12.0900    6.01599      4.871    31.2762    23.6821 -9.990e-29
 158.564925      4.925  36.237082    12.0894    6.03496      4.884    31.2769    23.6828 -9.990e-29
 158.564931      4.938  36.235958    12.0894    6.05156      4.897    31.2758    23.6819 -9.990e-29
 158.564936      4.945  36.235358    12.0925    6.05333      4.904    31.2727    23.6789 -9.990e-29
 158.564942      4.941  36.238405    12.0988    6.04944      4.900    31.2703    23.6759 -9.990e-29
 158.564948      4.930  36.244672    12.1061    6.04704      4.889    31.2702    23.6745 -9.990e-29
 158.564954      4.921  36.250739    12.1142    6.05306      4.880    31.2693    23.6723 -9.990e-29
 158.564959      4.920  36.257405    12.1226    6.05598      4.879    31.2686    23.6702 -9.990e-29
 158.564965      4.929  36.264585    12.1285    6.03705      4.888    31.2706    23.6706 -9.990e-29
 158.564971      4.939  36.268957    12.1343    6.02483      4.898    31.2699    23.6690 -9.990e-29
 158.564977      4.946  36.274664    12.1399    6.02284      4.905    31.2707    23.6686 -9.990e-29
 158.564983      4.950  36.280905    12.1380    6.02791      4.909    31.2782    23.6748 -9.990e-29
 158.564988      4.958  36.278617    12.1260    6.03181      4.917    31.2861    23.6831 -9.990e-29
 158.564994      4.972  36.266992    12.1119    6.04907      4.930    31.2867    23.6862 -9.990e-29
 158.565000      4.986  36.253513    12.1087    6.06375      4.944    31.2765    23.6789 -9.990e-29
 158.565006      4.988  36.250480    12.1186    6.06220      4.946    31.2653    23.6684 -9.990e-29
 158.565012      4.977  36.260009    12.1320    6.06776      4.935    31.2632    23.6643 -9.990e-29
 158.565017      4.962  36.271255    12.1437    6.06753      4.921    31.2642    23.6629 -9.990e-29
 158.565023      4.950  36.280148    12.1553    6.06745      4.909    31.2630    23.6598 -9.990e-29
 158.565029      4.949  36.289576    12.1664    6.06834      4.908    31.2628    23.6576 -9.990e-29
 158.565035      4.959  36.299211    12.1730    6.05377      4.918    31.2665    23.6592 -9.990e-29
 158.565041      4.968  36.304518    12.1757    6.01521      4.926    31.2693    23.6609 -9.990e-29
 158.565046      4.967  36.305283    12.1785    6.00438      4.925    31.2677    23.6591 -9.990e-29
 158.565052      4.966  36.307009    12.1779    6.02377      4.924    31.2699    23.6609 -9.990e-29
 158.565058      4.972  36.306389    12.1638    6.03697      4.930    31.2811    23.6722 -9.990e-29
 158.565064      4.982  36.293624    12.1299    6.05169      4.940    31.2972    23.6910 -9.990e-29
 158.565069      4.988  36.263468    12.0974    6.05681      4.946    31.2955    23.6957 -9.990e-29
 158.565075      4.978  36.237384    12.1004    6.04610      4.936    31.2680    23.6738 -9.990e-29
 158.565081      4.946  36.246182    12.1305    6.04636      4.905    31.2512    23.6553 -9.990e-29
 158.565087      4.908  36.274667    12.1557    6.04284      4.867    31.2575    23.6554 -9.990e-29
 158.565093      4.882  36.293535    12.1634    6.03419      4.841    31.2691    23.6630 -9.990e-29
 158.565098      4.880  36.297114    12.1568    6.03712      4.839    31.2781    23.6712 -9.990e-29
