data/oxygen options/ONMS/Olympic_Coast_National_Marine_Sanctuary_Hypoxia_Survey_CTD_Data_2004_2015/raw_data/2005/CTD_CA30_060705faedb.cnv
* Sea-Bird SBE19 Data File:
* FileName = C:\hypoxia CTD data\CA30_060705.hex
* Software Version 1.1.5
* Temperature SN = 2997
* Conductivity SN = 2997
* System UpLoad Time = Jun 07 2005 15:44:13
* SEACAT PROFILER V3.1c SN 2997   06/07/05  15:43:14.015
* strain gauge pressure sensor: S/N = 184829,  range = 3000 psia,  tc = 40
# nquan = 9
# nvalues = 25                          
# units = specified
# name 0 = timeJ: Julian Days
# name 1 = prSM: Pressure, Strain Gauge [db]
# name 2 = c0mS/cm: Conductivity [mS/cm]
# name 3 = t090C: Temperature [ITS-90, deg C]
# name 4 = oxML/L: Oxygen, Beckman/YSI [ml/l]
# name 5 = depSM: Depth [salt water, m], lat = 47.5
# name 6 = sal00: Salinity, Practical [PSU]
# name 7 = sigma-é00: Density [sigma-theta, kg/m^3]
# name 8 = flag: flag
# span 0 = 158.626626, 158.626975       
# span 1 =      3.000,     27.000       
# span 2 =  35.711988,  37.298730       
# span 3 =    10.3204,    13.9534       
# span 4 =    4.47908,    7.18595       
# span 5 =      2.975,     26.773       
# span 6 =    30.7483,    32.2874       
# span 7 =    22.9134,    24.7814       
# span 8 = 0.0000e+00, 0.0000e+00       
# interval = decibars: 1                
# start_time = Jun 07 2005 14:59:11 [Instrument's time stamp, header]
# bad_flag = -9.990e-29
*END*
 158.626626      3.000  37.298730    13.9534    7.18595      2.975    30.7483    22.9134 0.0000e+00
 158.626651      4.000  37.276276    13.8836    7.08859      3.967    30.7832    22.9544 0.0000e+00
 158.626667      5.000  37.192661    13.7208    7.04455      4.958    30.8366    23.0283 0.0000e+00
 158.626680      6.000  37.124096    13.5878    7.03744      5.950    30.8801    23.0885 0.0000e+00
 158.626693      7.000  37.089982    13.5264    6.92291      6.941    30.8978    23.1143 0.0000e+00
 158.626704      8.000  37.078029    13.4965    6.58357      7.933    30.9105    23.1300 0.0000e+00
 158.626717      9.000  37.056056    13.3961    6.26013      8.925    30.9711    23.1968 0.0000e+00
 158.626730     10.000  36.938645    13.0424    6.00141      9.916    31.1501    23.4042 0.0000e+00
 158.626744     11.000  36.798755    12.7552    5.78246     10.908    31.2548    23.5406 0.0000e+00
 158.626758     12.000  36.726780    12.5335    5.73430     11.900    31.3705    23.6724 0.0000e+00
 158.626774     13.000  36.640300    12.2927    5.72486     12.891    31.4891    23.8097 0.0000e+00
 158.626792     14.000  36.584619    12.2145    5.54097     13.883    31.5014    23.8338 0.0000e+00
 158.626808     15.000  36.502367    11.9568    5.26779     14.874    31.6397    23.9888 0.0000e+00
 158.626821     16.000  36.356858    11.6193    5.06791     15.866    31.7862    24.1643 0.0000e+00
 158.626833     17.000  36.198632    11.3198    4.90182     16.858    31.8892    24.2981 0.0000e+00
 158.626845     18.000  36.075250    11.0742    4.79215     17.849    31.9806    24.4126 0.0000e+00
 158.626857     19.000  35.956427    10.8361    4.71746     18.841    32.0706    24.5241 0.0000e+00
 158.626867     20.000  35.866210    10.6829    4.72013     19.832    32.1150    24.5852 0.0000e+00
 158.626879     21.000  35.820238    10.5997    4.69166     20.824    32.1419    24.6206 0.0000e+00
 158.626891     22.000  35.799194    10.5734    4.61262     21.816    32.1437    24.6265 0.0000e+00
 158.626904     23.000  35.784365    10.4817    4.51306     22.807    32.2095    24.6933 0.0000e+00
 158.626916     24.000  35.744592    10.3723    4.47908     23.798    32.2662    24.7561 0.0000e+00
 158.626928     25.000  35.720246    10.3204    4.48643     24.790    32.2874    24.7814 0.0000e+00
 158.626941     26.000  35.711988    10.3212    4.53348     25.781    32.2780    24.7740 0.0000e+00
 158.626975     27.000  35.712500    10.3315    4.55310     26.773    32.2688    24.7651 0.0000e+00
