data/oxygen options/ONMS/Olympic_Coast_National_Marine_Sanctuary_Hypoxia_Survey_CTD_Data_2004_2015/raw_data/2005/CTD_CA20_070705faed.cnv
* Sea-Bird SBE19 Data File:
* FileName = C:\Hypoxia Data\CA20_070705.hex
* Software Version 1.1.6
* Temperature SN = 2997
* Conductivity SN = 2997
* System UpLoad Time = Jul 07 2005 14:58:38
* SEACAT PROFILER V3.1c SN 2997   07/07/05  14:58:03.107
* strain gauge pressure sensor: S/N = 184829,  range = 3000 psia,  tc = 40
# nquan = 9                                 
# nvalues = 512                         
# units = specified
# name 0 = timeJ: Julian Days
# name 1 = prSM: Pressure, Strain Gauge [db]
# name 2 = c0mS/cm: Conductivity [mS/cm]
# name 3 = t090C: Temperature [ITS-90, deg C]
# name 4 = oxML/L: Oxygen, Beckman/YSI [ml/l]
# name 5 = depSM: Depth [salt water, m], lat = 47.5
# name 6 = sal00: Salinity, Practical [PSU]
# name 7 = sigma-é00: Density [sigma-theta, kg/m^3]
# name 8 = flag: flag
# span 0 = 188.601840, 188.604797       
# span 1 =     -3.293,     21.602       
# span 2 =   0.688797,  38.186141       
# span 3 =     9.6239,    14.2958       
# span 4 =   -0.11814,   26.36943       
# span 5 =     -3.266,     21.421       
# span 6 =     0.4284,    32.8537       
# span 7 =    -0.4629,    25.3368       
# span 8 = 0.0000e+00, 0.0000e+00       
# interval = seconds: 0.5
# start_time = Jul 07 2005 14:26:39 [Instrument's time stamp, header]
# bad_flag = -9.990e-29
*END*
[from data line 161]
 188.602772      1.848  37.879612    13.2939    7.10926      1.833    31.8257    23.8773 -9.990e-29
 188.602778      1.852  37.878552    13.2908    7.11025      1.837    31.8273    23.8792 -9.990e-29
 188.602784      1.853  37.875879    13.2869    7.09612      1.838    31.8281    23.8805 -9.990e-29
 188.602789      1.856  37.871959    13.2842    7.09311      1.841    31.8267    23.8800 -9.990e-29
 188.602795      1.865  37.869424    13.2847    7.09656      1.849    31.8239    23.8777 -9.990e-29
 188.602801      1.877  37.870508    13.2880    7.09966      1.861    31.8221    23.8757 -9.990e-29
 188.602807      1.888  37.873856    13.2921    7.08517      1.872    31.8218    23.8747 -9.990e-29
 188.602813      1.903  37.877208    13.2954    7.07458      1.887    31.8222    23.8743 -9.990e-29
 188.602818      1.923  37.879992    13.2972    7.07810      1.907    31.8233    23.8748 -9.990e-29
 188.602824      1.945  37.881439    13.2970    7.08231      1.929    31.8248    23.8760 -9.990e-29
 188.602830      1.970  37.880683    13.2949    7.09035      1.954    31.8258    23.8772 -9.990e-29
 188.602836      1.992  37.878402    13.2945    7.07936      1.975    31.8240    23.8759 -9.990e-29
 188.602841      2.004  37.878288    13.2978    7.07497      1.987    31.8212    23.8730 -9.990e-29
 188.602847      2.009  37.881878    13.3013    7.07196      1.992    31.8216    23.8727 -9.990e-29
 188.602853      2.018  37.884990    13.3016    7.08000      2.001    31.8243    23.8747 -9.990e-29
 188.602859      2.035  37.884490    13.2985    7.08326      2.018    31.8264    23.8769 -9.990e-29
 188.602865      2.057  37.881403    13.2948    7.07424      2.040    31.8266    23.8778 -9.990e-29
 188.602870      2.081  37.878347    13.2926    7.06998      2.064    31.8255    23.8775 -9.990e-29
 188.602876      2.105  37.876859    13.2915    7.06815      2.087    31.8251    23.8773 -9.990e-29
 188.602882      2.120  37.876081    13.2888    7.08142      2.102    31.8266    23.8790 -9.990e-29
 188.602888      2.129  37.873860    13.2830    7.08210      2.111    31.8294    23.8823 -9.990e-29
 188.602894      2.136  37.868361    13.2783    7.07467      2.118    31.8281    23.8823 -9.990e-29
 188.602899      2.137  37.863473    13.2808    7.05545      2.119    31.8215    23.8766 -9.990e-29
 188.602905      2.128  37.866145    13.2899    7.05414      2.110    31.8164    23.8709 -9.990e-29
 188.602911      2.117  37.874895    13.2975    7.05851      2.099    31.8182    23.8708 -9.990e-29
 188.602917      2.116  37.881204    13.2959    7.06901      2.098    31.8254    23.8767 -9.990e-29
 188.602922      2.125  37.878914    13.2876    7.07659      2.107    31.8302    23.8821 -9.990e-29
 188.602928      2.137  37.871148    13.2816    7.07431      2.119    31.8280    23.8815 -9.990e-29
 188.602934      2.142  37.866063    13.2825    7.06571      2.124    31.8225    23.8771 -9.990e-29
 188.602940      2.138  37.866976    13.2894    7.05375      2.120    31.8176    23.8719 -9.990e-29
 188.602946      2.133  37.873987    13.3000    7.04040      2.115    31.8153    23.8680 -9.990e-29
 188.602951      2.139  37.885234    13.3077    7.04418      2.121    31.8193    23.8697 -9.990e-29
 188.602957      2.156  37.892167    13.3056    7.04151      2.138    31.8276    23.8764 -9.990e-29
 188.602963      2.181  37.888334    13.2967    7.04765      2.163    31.8314    23.8812 -9.990e-29
 188.602969      2.212  37.879288    13.2887    7.05206      2.194    31.8296    23.8814 -9.990e-29
 188.602975      2.238  37.872600    13.2852    7.05578      2.219    31.8263    23.8795 -9.990e-29
 188.602980      2.252  37.870011    13.2859    7.04830      2.233    31.8233    23.8770 -9.990e-29
 188.602986      2.259  37.870315    13.2880    7.03923      2.240    31.8218    23.8755 -9.990e-29
 188.602992      2.264  37.871680    13.2903    7.04420      2.245    31.8212    23.8745 -9.990e-29
 188.602998      2.267  37.873690    13.2933    7.03708      2.248    31.8205    23.8734 -9.990e-29
 188.603003      2.273  37.876226    13.2966    7.03181      2.254    31.8201    23.8725 -9.990e-29
 188.603009      2.285  37.878750    13.3002    7.02443      2.266    31.8195    23.8713 -9.990e-29
 188.603015      2.302  37.881830    13.3038    7.04374      2.283    31.8194    23.8705 -9.990e-29
 188.603021      2.319  37.885651    13.3036    7.05691      2.300    31.8231    23.8734 -9.990e-29
 188.603027      2.337  37.886341    13.2964    7.08319      2.317    31.8297    23.8800 -9.990e-29
 188.603032      2.354  37.879219    13.2891    7.07121      2.334    31.8292    23.8810 -9.990e-29
 188.603038      2.362  37.871057    13.2941    7.03671      2.342    31.8174    23.8708 -9.990e-29
 188.603044      2.357  37.875092    13.3144    7.01074      2.337    31.8042    23.8566 -9.990e-29
 188.603050      2.344  37.894464    13.3364    7.00372      2.324    31.8039    23.8521 -9.990e-29
 188.603056      2.334  37.915749    13.3438    7.01946      2.315    31.8176    23.8612 -9.990e-29
 188.603061      2.339  37.921352    13.3335    7.04071      2.319    31.8314    23.8739 -9.990e-29
 188.603067      2.360  37.909221    13.3123    7.06717      2.340    31.8378    23.8831 -9.990e-29
 188.603073      2.385  37.888987    13.2948    7.06085      2.365    31.8335    23.8832 -9.990e-29
 188.603079      2.403  37.875175    13.2946    7.04432      2.383    31.8208    23.8734 -9.990e-29
 188.603084      2.411  37.878531    13.3117    7.02281      2.391    31.8096    23.8614 -9.990e-29
 188.603090      2.414  37.896240    13.3333    7.02619      2.394    31.8081    23.8559 -9.990e-29
 188.603096      2.420  37.914904    13.3419    7.04099      2.400    31.8184    23.8622 -9.990e-29
 188.603102      2.434  37.919040    13.3323    7.04299      2.414    31.8303    23.8732 -9.990e-29
 188.603108      2.452  37.908004    13.3174    7.04401      2.432    31.8324    23.8778 -9.990e-29
 188.603113      2.464  37.895132    13.3119    7.03456      2.443    31.8249    23.8732 -9.990e-29
 188.603119      2.461  37.891305    13.3170    7.04070      2.440    31.8171    23.8661 -9.990e-29
 188.603125      2.451  37.897028    13.3237    7.02401      2.431    31.8169    23.8646 -9.990e-29
 188.603131      2.447  37.903112    13.3263    7.01387      2.427    31.8204    23.8668 -9.990e-29
 188.603137      2.453  37.904217    13.3265    7.01543      2.433    31.8212    23.8674 -9.990e-29
 188.603142      2.465  37.904068    13.3256    7.01391      2.444    31.8218    23.8681 -9.990e-29
 188.603148      2.479  37.904154    13.3231    7.03058      2.458    31.8240    23.8702 -9.990e-29
 188.603154      2.497  37.902351    13.3190    7.02366      2.476    31.8257    23.8724 -9.990e-29
 188.603160      2.514  37.897383    13.3166    7.00047      2.493    31.8231    23.8708 -9.990e-29
 188.603166      2.529  37.893848    13.3188    7.01011      2.508    31.8180    23.8664 -9.990e-29
 188.603171      2.541  37.896570    13.3221    7.02704      2.520    31.8177    23.8656 -9.990e-29
 188.603177      2.552  37.900771    13.3240    7.05652      2.531    31.8201    23.8670 -9.990e-29
 188.603183      2.563  37.903085    13.3253    7.06078      2.542    31.8211    23.8676 -9.990e-29
 188.603189      2.569  37.904361    13.3275    7.05217      2.548    31.8205    23.8667 -9.990e-29
 188.603194      2.567  37.906306    13.3346    7.03184      2.546    31.8164    23.8621 -9.990e-29
 188.603200      2.561  37.912080    13.3481    7.03670      2.540    31.8105    23.8548 -9.990e-29
 188.603206      2.555  37.920974    13.3671    7.06144      2.534    31.8029    23.8452 -9.990e-29
 188.603212      2.549  37.935880    13.3842    7.04621      2.528    31.8026    23.8416 -9.990e-29
 188.603218      2.538  37.953687    13.3891    7.00865      2.517    31.8151    23.8503 -9.990e-29
 188.603223      2.516  37.958886    13.3855    6.99375      2.495    31.8230    23.8571 -9.990e-29
 188.603229      2.492  37.953933    13.3835    7.00244      2.471    31.8200    23.8552 -9.990e-29
 188.603235      2.480  37.951298    13.3850    7.04734      2.459    31.8163    23.8520 -9.990e-29
 188.603241      2.489  37.949716    13.3885    7.07590      2.468    31.8119    23.8479 -9.990e-29
 188.603247      2.510  37.943719    13.3933    7.08480      2.489    31.8023    23.8396 -9.990e-29
 188.603252      2.528  37.938217    13.3997    7.08030      2.507    31.7918    23.8302 -9.990e-29
 188.603258      2.535  37.944388    13.4106    7.07109      2.514    31.7885    23.8254 -9.990e-29
 188.603264      2.536  37.961493    13.4288    7.05615      2.515    31.7893    23.8224 -9.990e-29
 188.603270      2.535  37.983175    13.4486    7.03453      2.514    31.7930    23.8213 -9.990e-29
 188.603275      2.532  38.001888    13.4601    7.02646      2.511    31.8008    23.8251 -9.990e-29
 188.603281      2.528  38.011177    13.4621    7.03025      2.507    31.8078    23.8301 -9.990e-29
 188.603287      2.526  38.014455    13.4546    7.03865      2.505    31.8171    23.8388 -9.990e-29
 188.603293      2.534  38.011047    13.4342    7.05191      2.513    31.8310    23.8536 -9.990e-29
 188.603299      2.553  37.992482    13.4084    7.03828      2.532    31.8352    23.8620 -9.990e-29
 188.603304      2.576  37.966532    13.4006    7.02927      2.554    31.8175    23.8498 -9.990e-29
 188.603310      2.596  37.959162    13.4193    7.02836      2.574    31.7950    23.8287 -9.990e-29
 188.603316      2.609  37.979045    13.4388    7.03079      2.587    31.7973    23.8266 -9.990e-29
 188.603322      2.621  38.001089    13.4333    7.05421      2.599    31.8224    23.8471 -9.990e-29
 188.603328      2.636  37.997486    13.4126    7.06383      2.614    31.8363    23.8620 -9.990e-29
 188.603333      2.652  37.976896    13.4038    7.05452      2.630    31.8244    23.8546 -9.990e-29
 188.603339      2.661  37.969629    13.4135    7.04166      2.639    31.8096    23.8412 -9.990e-29
 188.603345      2.664  37.981128    13.4251    7.01891      2.642    31.8106    23.8397 -9.990e-29
 188.603351      2.669  37.990268    13.4279    7.01518      2.647    31.8168    23.8439 -9.990e-29
 188.603356      2.680  37.988486    13.4241    7.03257      2.658    31.8183    23.8458 -9.990e-29
 188.603362      2.695  37.982944    13.4165    7.01962      2.672    31.8195    23.8482 -9.990e-29
 188.603368      2.705  37.976345    13.4094    7.00300      2.682    31.8192    23.8494 -9.990e-29
 188.603374      2.707  37.971665    13.4051    7.00132      2.684    31.8185    23.8497 -9.990e-29
 188.603380      2.706  37.968269    13.4008    7.01333      2.683    31.8189    23.8509 -9.990e-29
 188.603385      2.710  37.963309    13.3937    7.02926      2.687    31.8202    23.8533 -9.990e-29
 188.603391      2.723  37.958023    13.3814    7.02509      2.700    31.8255    23.8599 -9.990e-29
 188.603397      2.742  37.948165    13.3676    7.02953      2.719    31.8278    23.8644 -9.990e-29
 188.603403      2.755  37.935730    13.3602    7.02162      2.732    31.8224    23.8617 -9.990e-29
 188.603409      2.755  37.931055    13.3608    6.97227      2.732    31.8175    23.8578 -9.990e-29
 188.603414      2.746  37.934072    13.3658    6.94551      2.723    31.8162    23.8557 -9.990e-29
 188.603420      2.736  37.939825    13.3702    6.94603      2.713    31.8179    23.8562 -9.990e-29
 188.603426      2.733  37.945889    13.3640    6.96225      2.710    31.8287    23.8658 -9.990e-29
 188.603432      2.741  37.943526    13.3360    6.96934      2.718    31.8499    23.8877 -9.990e-29
 188.603438      2.756  37.918368    13.2963    6.97646      2.733    31.8596    23.9031 -9.990e-29
 188.603443      2.770  37.880056    13.2716    6.98291      2.747    31.8444    23.8962 -9.990e-29
 188.603449      2.780  37.858258    13.2717    6.98470      2.757    31.8240    23.8804 -9.990e-29
 188.603455      2.787  37.861476    13.2860    6.97594      2.764    31.8150    23.8706 -9.990e-29
 188.603461      2.791  37.876045    13.2992    6.96170      2.768    31.8176    23.8700 -9.990e-29
 188.603466      2.793  37.886619    13.3035    6.96275      2.770    31.8239    23.8740 -9.990e-29
 188.603472      2.796  37.888793    13.2992    6.97627      2.773    31.8295    23.8792 -9.990e-29
 188.603478      2.806  37.884347    13.2905    7.01234      2.783    31.8326    23.8834 -9.990e-29
 188.603484      2.818  37.875763    13.2844    7.01590      2.794    31.8297    23.8823 -9.990e-29
 188.603490      2.825  37.869541    13.2870    6.98815      2.801    31.8217    23.8756 -9.990e-29
 188.603495      2.824  37.871400    13.2986    6.97484      2.800    31.8137    23.8672 -9.990e-29
 188.603501      2.821  37.882135    13.3118    6.96250      2.797    31.8127    23.8638 -9.990e-29
 188.603507      2.832  37.895306    13.3169    6.97280      2.808    31.8208    23.8690 -9.990e-29
 188.603513      2.855  37.902117    13.3084    6.98090      2.831    31.8343    23.8811 -9.990e-29
 188.603519      2.879  37.894825    13.2919    6.98089      2.855    31.8412    23.8897 -9.990e-29
 188.603524      2.894  37.877169    13.2818    6.98354      2.870    31.8332    23.8855 -9.990e-29
 188.603530      2.896  37.867104    13.2827    6.97955      2.872    31.8230    23.8775 -9.990e-29
 188.603536      2.889  37.869152    13.2871    6.98176      2.865    31.8212    23.8752 -9.990e-29
 188.603542      2.882  37.873138    13.2882    6.98650      2.858    31.8240    23.8772 -9.990e-29
 188.603547      2.878  37.873162    13.2861    6.97741      2.854    31.8258    23.8790 -9.990e-29
 188.603553      2.878  37.870377    13.2838    6.97350      2.854    31.8251    23.8789 -9.990e-29
 188.603559      2.880  37.867799    13.2819    6.96745      2.856    31.8243    23.8786 -9.990e-29
 188.603565      2.885  37.866476    13.2796    6.96756      2.861    31.8250    23.8796 -9.990e-29
 188.603571      2.893  37.865203    13.2747    6.97507      2.869    31.8279    23.8828 -9.990e-29
 188.603576      2.906  37.861159    13.2681    6.98014      2.882    31.8296    23.8855 -9.990e-29
 188.603582      2.919  37.855680    13.2641    6.98190      2.895    31.8279    23.8849 -9.990e-29
 188.603588      2.924  37.852674    13.2638    6.98438      2.900    31.8253    23.8830 -9.990e-29
 188.603594      2.923  37.852616    13.2656    6.98601      2.899    31.8237    23.8814 -9.990e-29
 188.603600      2.923  37.854304    13.2676    6.96944      2.899    31.8236    23.8809 -9.990e-29
 188.603605      2.930  37.856062    13.2684    6.96897      2.906    31.8246    23.8815 -9.990e-29
 188.603611      2.942  37.856310    13.2672    6.97677      2.917    31.8258    23.8827 -9.990e-29
 188.603617      2.958  37.854815    13.2634    6.98414      2.933    31.8276    23.8848 -9.990e-29
 188.603623      2.968  37.851265    13.2593    6.98253      2.943    31.8277    23.8857 -9.990e-29
 188.603628      2.971  37.847653    13.2584    6.97126      2.946    31.8251    23.8839 -9.990e-29
 188.603634      2.965  37.847012    13.2620    6.98052      2.940    31.8215    23.8804 -9.990e-29
 188.603640      2.951  37.849606    13.2679    6.99161      2.926    31.8190    23.8773 -9.990e-29
 188.603646      2.931  37.854407    13.2721    6.99310      2.907    31.8200    23.8772 -9.990e-29
 188.603652      2.914  37.858282    13.2760    6.98035      2.890    31.8203    23.8767 -9.990e-29
 188.603657      2.902  37.861910    13.2827    6.96071      2.878    31.8181    23.8737 -9.990e-29
 188.603663      2.894  37.868448    13.2881    6.96237      2.870    31.8197    23.8739 -9.990e-29
 188.603669      2.895  37.873150    13.2866    6.96805      2.871    31.8254    23.8785 -9.990e-29
 188.603675      2.909  37.870510    13.2791    6.98027      2.885    31.8292    23.8830 -9.990e-29
 188.603681      2.927  37.863176    13.2726    6.98905      2.903    31.8278    23.8831 -9.990e-29
 188.603686      2.939  37.858193    13.2710    6.98270      2.914    31.8244    23.8809 -9.990e-29
