data/oxygen options/ONMS/Olympic_Coast_National_Marine_Sanctuary_Hypoxia_Survey_CTD_Data_2004_2015/raw_data/2005/CTD_CA40_083005faedb.cnv
* Sea-Bird SBE19 Data File:
* FileName = C:\hypoxia CTD data\CA40_083005.hex
* Software Version 1.1.5
* Temperature SN = 2997
* Conductivity SN = 2997
* System UpLoad Time = Aug 30 2005 17:17:59
** Cape Alava 40m 0883005
* SEACAT PROFILER V3.1c SN 2997   08/30/05  17:16:09.713
# nquan = 9
# nvalues = 37                          
# units = specified
# name 0 = timeJ: Julian Days
# name 1 = prSM: Pressure, Strain Gauge [db]
# name 2 = c0mS/cm: Conductivity [mS/cm]
# name 3 = t090C: Temperature [ITS-90, deg C]
# name 4 = oxML/L: Oxygen, Beckman/YSI [ml/l]
# name 5 = depSM: Depth [salt water, m], lat = 47.5
# name 6 = sal00: Salinity, Practical [PSU]
# name 7 = sigma-é00: Density [sigma-theta, kg/m^3]
# name 8 = flag: flag
# span 0 = 242.638278, 242.639829       
# span 1 =      6.000,     42.000       
# span 2 =  34.712452,  38.056223       
# span 3 =     8.0095,    13.3978       
# span 4 =    3.32327,    6.68375       
# span 5 =      5.950,     41.645       
# span 6 =    31.9021,    33.4801       
# span 7 =    23.9159,    26.0703       
# span 8 = 0.0000e+00, 0.0000e+00       
# interval = decibars: 1                
# start_time = Aug 30 2005 15:15:49 [Instrument's time stamp, header]
# bad_flag = -9.990e-29
*END*
 242.638278      6.000  38.056223    13.3978    6.68375      5.950    31.9021    23.9159 0.0000e+00
 242.638296      7.000  37.990710    13.1130    6.59315      6.942    32.0801    24.1098 0.0000e+00
 242.638309      8.000  37.864469    12.7625    6.13245      7.933    32.2581    24.3160 0.0000e+00
 242.638322      9.000  37.722072    12.3555    5.64680      8.924    32.4722    24.5598 0.0000e+00
 242.638334     10.000  37.326417    11.6532    5.44909      9.916    32.7033    24.8699 0.0000e+00
 242.638347     11.000  36.862140    11.0477    5.44715     10.908    32.7839    25.0419 0.0000e+00
 242.638365     12.000  36.515270    10.7153    5.50412     11.899    32.7364    25.0636 0.0000e+00
 242.638681     13.000  36.374187    10.4712    5.39131     12.891    32.8140    25.1658 0.0000e+00
 242.638793     14.000  36.192839    10.2108    5.21436     13.883    32.8666    25.2512 0.0000e+00
 242.638810     15.000  36.028063     9.9858    4.93994     14.874    32.9038    25.3180 0.0000e+00
 242.638822     16.000  35.973365     9.8743    4.76615     15.866    32.9494    25.3722 0.0000e+00
 242.638835     17.000  35.869256     9.6343    4.61331     16.857    33.0627    25.5002 0.0000e+00
 242.638848     18.000  35.690115     9.3498    4.36545     17.849    33.1409    25.6073 0.0000e+00
 242.638861     19.000  35.576385     9.1862    4.11501     18.841    33.1748    25.6600 0.0000e+00
 242.638875     20.000  35.428838     8.9625    3.87444     19.832    33.2296    25.7382 0.0000e+00
 242.638891     21.000  35.188625     8.7981    3.89363     20.824    33.1321    25.6874 0.0000e+00
 242.638914     22.000  35.187103     8.9200    4.07777     21.815    33.0163    25.5779 0.0000e+00
 242.639129     23.000  34.907324     8.5395    3.55506     22.807    33.0781    25.6846 0.0000e+00
 242.639188     24.000  34.788795     8.3978    3.40187     23.799    33.0856    25.7120 0.0000e+00
 242.639203     25.000  34.736210     8.3595    3.40715     24.790    33.0657    25.7021 0.0000e+00
 242.639217     26.000  34.720857     8.3436    3.40150     25.782    33.0638    25.7031 0.0000e+00
 242.639228     27.000  34.712452     8.3350    3.37236     26.773    33.0626    25.7034 0.0000e+00
 242.639239     28.000  34.714954     8.3130    3.32327     27.764    33.0854    25.7246 0.0000e+00
 242.639250     29.000  34.718708     8.2749    3.36132     28.756    33.1249    25.7612 0.0000e+00
 242.639262     30.000  34.733481     8.2581    3.49482     29.747    33.1558    25.7881 0.0000e+00
 242.639276     31.000  34.810630     8.2801    3.71203     30.739    33.2164    25.8323 0.0000e+00
 242.639294     32.000  34.919011     8.3015    3.72843     31.731    33.3106    25.9030 0.0000e+00
 242.639558     33.000  34.955448     8.3091    3.78400     32.722    33.3415    25.9262 0.0000e+00
 242.639722     34.000  34.972442     8.3176    3.82053     33.714    33.3510    25.9324 0.0000e+00
 242.639738     35.000  34.995776     8.3300    3.84765     34.705    33.3635    25.9403 0.0000e+00
 242.639750     36.000  35.007165     8.3332    3.85276     35.697    33.3721    25.9466 0.0000e+00
 242.639761     37.000  35.009029     8.3305    3.82045     36.688    33.3761    25.9502 0.0000e+00
 242.639772     38.000  35.007165     8.3103    3.73627     37.680    33.3929    25.9663 0.0000e+00
 242.639783     39.000  34.990782     8.2698    3.65185     38.671    33.4135    25.9885 0.0000e+00
 242.639796     40.000  34.959212     8.2117    3.53606     39.662    33.4349    26.0140 0.0000e+00
 242.639810     41.000  34.891905     8.0887    3.42933     40.654    33.4801    26.0677 0.0000e+00
 242.639829     42.000  34.810455     8.0095    3.41317     41.645    33.4685    26.0703 0.0000e+00
