data/oxygen options/ONMS/Olympic_Coast_National_Marine_Sanctuary_Hypoxia_Survey_CTD_Data_2004_2015/raw_data/2005/CTD_CE50_060805faed.cnv
* Sea-Bird SBE19 Data File:
* FileName = C:\hypoxia CTD data\CE50_060805.hex
* Software Version 1.1.5
* Temperature SN = 2997
* Conductivity SN = 2997
* System UpLoad Time = Jun 08 2005 16:00:10
* SEACAT PROFILER V3.1c SN 2997   06/08/05  15:59:32.701
* strain gauge pressure sensor: S/N = 184829,  range = 3000 psia,  tc = 40
# nquan = 9                                 
# nvalues = 704                         
# units = specified
# name 0 = timeJ: Julian Days
# name 1 = prSM: Pressure, Strain Gauge [db]
# name 2 = c0mS/cm: Conductivity [mS/cm]
# name 3 = t090C: Temperature [ITS-90, deg C]
# name 4 = oxML/L: Oxygen, Beckman/YSI [ml/l]
# name 5 = depSM: Depth [salt water, m], lat = 47.5
# name 6 = sal00: Salinity, Practical [PSU]
# name 7 = sigma-é00: Density [sigma-theta, kg/m^3]
# name 8 = flag: flag
# span 0 = 159.596412, 159.600480       
# span 1 =     -3.779,     51.408       
# span 2 =   0.631820,  36.966133       
# span 3 =     9.2875,    15.7894       
# span 4 =   -0.09567,   22.97818       
# span 5 =     -3.747,     50.973       
# span 6 =     0.3800,    32.8957       
# span 7 =    -0.6865,    25.4257       
# span 8 = 0.0000e+00, 0.0000e+00       
# interval = seconds: 0.5
# start_time = Jun 08 2005 14:18:50 [Instrument's time stamp, header]
# bad_flag = -9.990e-29
*END*
[from data line 321]
 159.598270      2.119  36.718632    15.7198    6.10782      2.101    28.8802    21.1071 -9.990e-29
 159.598275      2.119  36.718873    15.7194    6.11304      2.101    28.8807    21.1075 -9.990e-29
 159.598281      2.116  36.718658    15.7188    6.11403      2.098    28.8810    21.1079 -9.990e-29
 159.598287      2.111  36.718261    15.7187    6.10124      2.093    28.8807    21.1077 -9.990e-29
 159.598293      2.107  36.718274    15.7190    6.10486      2.089    28.8805    21.1074 -9.990e-29
 159.598299      2.108  36.718713    15.7192    6.10486      2.090    28.8807    21.1076 -9.990e-29
 159.598304      2.114  36.719044    15.7193    6.10469      2.096    28.8809    21.1077 -9.990e-29
 159.598310      2.126  36.719146    15.7193    6.10171      2.108    28.8810    21.1078 -9.990e-29
 159.598316      2.141  36.719155    15.7192    6.09994      2.123    28.8811    21.1079 -9.990e-29
 159.598322      2.149  36.719083    15.7191    6.10183      2.131    28.8811    21.1079 -9.990e-29
 159.598328      2.153  36.718833    15.7188    6.10554      2.135    28.8811    21.1080 -9.990e-29
 159.598333      2.156  36.718073    15.7180    6.10684      2.138    28.8810    21.1081 -9.990e-29
 159.598339      2.159  36.716909    15.7173    6.10049      2.141    28.8805    21.1078 -9.990e-29
 159.598345      2.163  36.716593    15.7173    6.09565      2.145    28.8802    21.1076 -9.990e-29
 159.598351      2.166  36.717264    15.7175    6.09472      2.148    28.8807    21.1079 -9.990e-29
 159.598356      2.174  36.717574    15.7172    6.10004      2.156    28.8812    21.1084 -9.990e-29
 159.598362      2.187  36.717375    15.7157    6.08898      2.169    28.8821    21.1094 -9.990e-29
 159.598368      2.197  36.716402    15.7104    6.08258      2.179    28.8851    21.1128 -9.990e-29
 159.598374      2.206  36.712235    15.7003    6.08177      2.188    28.8888    21.1179 -9.990e-29
 159.598380      2.218  36.703803    15.6895    6.07989      2.199    28.8893    21.1206 -9.990e-29
 159.598385      2.229  36.694441    15.6785    6.09560      2.210    28.8892    21.1228 -9.990e-29
 159.598391      2.236  36.684557    15.6621    6.09322      2.217    28.8925    21.1289 -9.990e-29
 159.598397      2.239  36.667699    15.6467    6.09212      2.220    28.8890    21.1296 -9.990e-29
 159.598403      2.238  36.651101    15.6409    6.09881      2.219    28.8788    21.1229 -9.990e-29
 159.598409      2.239  36.646266    15.6376    6.10732      2.220    28.8769    21.1222 -9.990e-29
 159.598414      2.244  36.645625    15.6342    6.11304      2.225    28.8789    21.1244 -9.990e-29
 159.598420      2.251  36.644396    15.6321    6.10942      2.232    28.8793    21.1252 -9.990e-29
 159.598426      2.255  36.642622    15.6314    6.10343      2.236    28.8783    21.1246 -9.990e-29
 159.598432      2.256  36.640741    15.6382    6.10358      2.237    28.8717    21.1181 -9.990e-29
 159.598437      2.255  36.646336    15.6498    6.09250      2.236    28.8681    21.1128 -9.990e-29
 159.598443      2.252  36.657336    15.6548    6.09139      2.233    28.8741    21.1163 -9.990e-29
 159.598449      2.250  36.662058    15.6507    6.09974      2.231    28.8812    21.1227 -9.990e-29
 159.598455      2.254  36.658390    15.6442    6.09909      2.235    28.8827    21.1253 -9.990e-29
 159.598461      2.259  36.652656    15.6408    6.10393      2.240    28.8802    21.1240 -9.990e-29
 159.598466      2.263  36.648421    15.6418    6.10470      2.244    28.8757    21.1204 -9.990e-29
 159.598472      2.264  36.647885    15.6456    6.10333      2.245    28.8725    21.1171 -9.990e-29
 159.598478      2.268  36.652014    15.6496    6.10538      2.249    28.8732    21.1168 -9.990e-29
 159.598484      2.278  36.657345    15.6524    6.09913      2.259    28.8758    21.1182 -9.990e-29
 159.598490      2.292  36.660894    15.6541    6.09530      2.273    28.8777    21.1192 -9.990e-29
 159.598495      2.306  36.662910    15.6556    6.10521      2.287    28.8783    21.1194 -9.990e-29
 159.598501      2.316  36.664398    15.6575    6.10834      2.297    28.8782    21.1190 -9.990e-29
 159.598507      2.320  36.665099    15.6599    6.10908      2.301    28.8771    21.1176 -9.990e-29
 159.598513      2.320  36.665386    15.6631    6.10588      2.301    28.8750    21.1153 -9.990e-29
 159.598519      2.322  36.666763    15.6665    6.10682      2.303    28.8737    21.1136 -9.990e-29
 159.598524      2.326  36.668823    15.6693    6.10431      2.307    28.8735    21.1128 -9.990e-29
 159.598530      2.333  36.670951    15.6712    6.10263      2.314    28.8740    21.1127 -9.990e-29
 159.598536      2.341  36.673741    15.6731    6.09018      2.321    28.8750    21.1131 -9.990e-29
 159.598542      2.348  36.676990    15.6742    6.07103      2.328    28.8770    21.1144 -9.990e-29
 159.598547      2.350  36.678861    15.6734    6.07629      2.330    28.8793    21.1163 -9.990e-29
 159.598553      2.352  36.678487    15.6692    6.08340      2.332    28.8820    21.1193 -9.990e-29
 159.598559      2.357  36.674807    15.6569    6.10259      2.337    28.8878    21.1264 -9.990e-29
 159.598565      2.366  36.662916    15.6372    6.12297      2.346    28.8918    21.1337 -9.990e-29
 159.598571      2.376  36.644338    15.6225    6.11806      2.356    28.8862    21.1326 -9.990e-29
 159.598576      2.378  36.631865    15.6222    6.10939      2.358    28.8755    21.1245 -9.990e-29
 159.598582      2.368  36.632968    15.6337    6.09088      2.348    28.8681    21.1163 -9.990e-29
 159.598588      2.350  36.644630    15.6484    6.09288      2.330    28.8676    21.1127 -9.990e-29
 159.598594      2.336  36.658854    15.6570    6.09868      2.316    28.8737    21.1156 -9.990e-29
 159.598600      2.333  36.666014    15.6544    6.09864      2.314    28.8819    21.1224 -9.990e-29
 159.598605      2.336  36.661646    15.6446    6.09828      2.316    28.8852    21.1271 -9.990e-29
 159.598611      2.343  36.651702    15.6387    6.09136      2.323    28.8809    21.1250 -9.990e-29
 159.598617      2.352  36.647588    15.6402    6.08975      2.332    28.8762    21.1211 -9.990e-29
 159.598623      2.365  36.650545    15.6412    6.09582      2.345    28.8780    21.1223 -9.990e-29
 159.598628      2.383  36.651618    15.6367    6.09994      2.363    28.8822    21.1265 -9.990e-29
 159.598634      2.402  36.647193    15.6321    6.10187      2.382    28.8817    21.1271 -9.990e-29
 159.598640      2.415  36.642583    15.6326    6.09849      2.395    28.8773    21.1236 -9.990e-29
 159.598646      2.418  36.641733    15.6376    6.08075      2.398    28.8729    21.1191 -9.990e-29
 159.598652      2.417  36.645749    15.6437    6.08949      2.397    28.8720    21.1171 -9.990e-29
 159.598657      2.420  36.652698    15.6463    6.09991      2.400    28.8761    21.1198 -9.990e-29
 159.598663      2.426  36.655588    15.6425    6.11135      2.406    28.8814    21.1246 -9.990e-29
 159.598669      2.428  36.650987    15.6352    6.11601      2.408    28.8828    21.1272 -9.990e-29
 159.598675      2.421  36.643412    15.6331    6.09923      2.401    28.8777    21.1238 -9.990e-29
 159.598681      2.406  36.641263    15.6396    6.09262      2.386    28.8710    21.1173 -9.990e-29
 159.598686      2.389  36.647839    15.6495    6.09434      2.369    28.8696    21.1140 -9.990e-29
 159.598692      2.382  36.657892    15.6555    6.09279      2.362    28.8740    21.1161 -9.990e-29
 159.598698      2.385  36.663522    15.6552    6.08580      2.365    28.8791    21.1201 -9.990e-29
 159.598704      2.394  36.662708    15.6528    6.08937      2.374    28.8802    21.1214 -9.990e-29
 159.598709      2.409  36.659972    15.6516    6.09096      2.389    28.8786    21.1205 -9.990e-29
 159.598715      2.427  36.658956    15.6511    6.09583      2.407    28.8781    21.1202 -9.990e-29
 159.598721      2.441  36.658864    15.6501    6.10908      2.421    28.8788    21.1210 -9.990e-29
 159.598727      2.447  36.657890    15.6497    6.10661      2.427    28.8782    21.1206 -9.990e-29
 159.598733      2.446  36.657538    15.6520    6.10424      2.426    28.8762    21.1186 -9.990e-29
 159.598738      2.442  36.660141    15.6561    6.09936      2.422    28.8755    21.1172 -9.990e-29
 159.598744      2.443  36.664123    15.6597    6.09118      2.423    28.8763    21.1170 -9.990e-29
 159.598750      2.450  36.666947    15.6636    6.08613      2.430    28.8760    21.1159 -9.990e-29
 159.598756      2.453  36.670138    15.6687    6.09642      2.433    28.8750    21.1141 -9.990e-29
 159.598762      2.454  36.675145    15.6729    6.10249      2.434    28.8763    21.1142 -9.990e-29
 159.598767      2.457  36.679116    15.6732    6.10503      2.436    28.8796    21.1166 -9.990e-29
 159.598773      2.457  36.678935    15.6712    6.10774      2.436    28.8809    21.1181 -9.990e-29
 159.598779      2.450  36.676604    15.6726    6.09303      2.430    28.8778    21.1154 -9.990e-29
 159.598785      2.441  36.677984    15.6802    6.08497      2.421    28.8735    21.1104 -9.990e-29
 159.598791      2.436  36.685475    15.6889    6.08284      2.416    28.8737    21.1087 -9.990e-29
 159.598796      2.441  36.692808    15.6910    6.08270      2.421    28.8786    21.1120 -9.990e-29
 159.598802      2.451  36.692944    15.6867    6.09194      2.431    28.8818    21.1154 -9.990e-29
 159.598808      2.462  36.687748    15.6788    6.09306      2.441    28.8830    21.1181 -9.990e-29
 159.598814      2.475  36.680384    15.6711    6.09155      2.454    28.8822    21.1191 -9.990e-29
 159.598819      2.487  36.673925    15.6700    6.09290      2.466    28.8774    21.1156 -9.990e-29
 159.598825      2.495  36.674334    15.6762    6.08764      2.474    28.8732    21.1111 -9.990e-29
 159.598831      2.498  36.681035    15.6833    6.09069      2.477    28.8739    21.1101 -9.990e-29
 159.598837      2.496  36.687263    15.6867    6.10721      2.475    28.8768    21.1116 -9.990e-29
 159.598843      2.491  36.688990    15.6878    6.10877      2.470    28.8775    21.1119 -9.990e-29
 159.598848      2.486  36.689080    15.6903    6.10909      2.465    28.8758    21.1100 -9.990e-29
 159.598854      2.484  36.692138    15.6962    6.09990      2.463    28.8742    21.1075 -9.990e-29
 159.598860      2.481  36.698318    15.7048    6.07651      2.460    28.8733    21.1050 -9.990e-29
 159.598866      2.478  36.705768    15.7131    6.06466      2.457    28.8737    21.1036 -9.990e-29
 159.598872      2.478  36.712649    15.7175    6.06584      2.457    28.8765    21.1048 -9.990e-29
 159.598877      2.481  36.716362    15.7157    6.07476      2.460    28.8811    21.1086 -9.990e-29
 159.598883      2.487  36.714572    15.7056    6.09528      2.466    28.8869    21.1153 -9.990e-29
 159.598889      2.497  36.706014    15.6854    6.10243      2.476    28.8942    21.1252 -9.990e-29
 159.598895      2.511  36.687688    15.6637    6.09095      2.490    28.8940    21.1297 -9.990e-29
 159.598900      2.526  36.666552    15.6561    6.08062      2.505    28.8811    21.1214 -9.990e-29
 159.598906      2.539  36.659836    15.6612    6.06628      2.518    28.8715    21.1130 -9.990e-29
 159.598912      2.551  36.665867    15.6657    6.07644      2.530    28.8734    21.1135 -9.990e-29
 159.598918      2.562  36.670259    15.6626    6.09769      2.541    28.8795    21.1189 -9.990e-29
 159.598924      2.573  36.668217    15.6511    6.11213      2.552    28.8862    21.1264 -9.990e-29
 159.598929      2.584  36.658143    15.6367    6.11472      2.562    28.8879    21.1308 -9.990e-29
 159.598935      2.593  36.642863    15.6308    6.10198      2.571    28.8788    21.1251 -9.990e-29
 159.598941      2.591  36.635637    15.6392    6.07618      2.569    28.8664    21.1138 -9.990e-29
 159.598947      2.577  36.644770    15.6538    6.06524      2.555    28.8637    21.1086 -9.990e-29
 159.598953      2.565  36.660571    15.6631    6.06519      2.544    28.8707    21.1120 -9.990e-29
 159.598958      2.562  36.669351    15.6623    6.07162      2.541    28.8790    21.1185 -9.990e-29
 159.598964      2.562  36.667682    15.6517    6.08351      2.541    28.8853    21.1256 -9.990e-29
 159.598970      2.563  36.657265    15.6355    6.08828      2.542    28.8880    21.1312 -9.990e-29
 159.598976      2.564  36.642153    15.6222    6.08531      2.543    28.8845    21.1313 -9.990e-29
 159.598981      2.565  36.630785    15.6192    6.08733      2.544    28.8767    21.1260 -9.990e-29
 159.598987      2.566  36.629307    15.6233    6.08416      2.545    28.8724    21.1219 -9.990e-29
 159.598993      2.567  36.634060    15.6262    6.09099      2.546    28.8745    21.1228 -9.990e-29
 159.598999      2.569  36.637927    15.6269    6.09011      2.548    28.8773    21.1249 -9.990e-29
 159.599005      2.572  36.639340    15.6289    6.08772      2.551    28.8771    21.1243 -9.990e-29
 159.599010      2.574  36.640742    15.6336    6.08860      2.553    28.8749    21.1215 -9.990e-29
 159.599016      2.578  36.644563    15.6387    6.08122      2.556    28.8745    21.1202 -9.990e-29
 159.599022      2.582  36.649170    15.6407    6.08713      2.560    28.8771    21.1217 -9.990e-29
 159.599028      2.588  36.650616    15.6396    6.09257      2.566    28.8792    21.1235 -9.990e-29
 159.599034      2.596  36.649147    15.6381    6.09044      2.574    28.8790    21.1237 -9.990e-29
 159.599039      2.605  36.647852    15.6389    6.08945      2.583    28.8773    21.1222 -9.990e-29
 159.599045      2.613  36.648928    15.6425    6.07463      2.591    28.8756    21.1201 -9.990e-29
 159.599051      2.616  36.652126    15.6460    6.06999      2.594    28.8758    21.1196 -9.990e-29
 159.599057      2.618  36.654982    15.6471    6.07329      2.596    28.8775    21.1206 -9.990e-29
 159.599063      2.624  36.655700    15.6456    6.07987      2.602    28.8792    21.1223 -9.990e-29
 159.599068      2.633  36.654117    15.6436    6.09856      2.611    28.8793    21.1228 -9.990e-29
 159.599074      2.643  36.652045    15.6433    6.10240      2.621    28.8777    21.1216 -9.990e-29
 159.599080      2.645  36.651767    15.6452    6.09331      2.623    28.8761    21.1199 -9.990e-29
 159.599086      2.640  36.653471    15.6492    6.08656      2.618    28.8746    21.1180 -9.990e-29
 159.599091      2.635  36.657188    15.6555    6.07726      2.613    28.8733    21.1156 -9.990e-29
 159.599097      2.635  36.662827    15.6633    6.08555      2.613    28.8725    21.1133 -9.990e-29
 159.599103      2.640  36.669501    15.6693    6.08958      2.618    28.8740    21.1132 -9.990e-29
 159.599109      2.649  36.674333    15.6713    6.09088      2.627    28.8767    21.1148 -9.990e-29
 159.599115      2.660  36.675358    15.6720    6.09135      2.638    28.8771    21.1150 -9.990e-29
 159.599120      2.669  36.675628    15.6737    6.08649      2.647    28.8761    21.1138 -9.990e-29
 159.599126      2.680  36.677182    15.6777    6.08578      2.658    28.8745    21.1118 -9.990e-29
 159.599132      2.698  36.680972    15.6834    6.08555      2.675    28.8737    21.1099 -9.990e-29
 159.599138      2.726  36.686446    15.6871    6.08203      2.703    28.8758    21.1107 -9.990e-29
 159.599144      2.759  36.689690    15.6876    6.08617      2.736    28.8782    21.1125 -9.990e-29
 159.599149      2.792  36.689983    15.6874    6.10791      2.769    28.8786    21.1128 -9.990e-29
 159.599155      2.822  36.689398    15.6871    6.11074      2.798    28.8783    21.1127 -9.990e-29
 159.599161      2.857  36.688837    15.6865    6.11329      2.833    28.8782    21.1127 -9.990e-29
 159.599167      2.905  36.688672    15.6861    6.11343      2.881    28.8784    21.1129 -9.990e-29
 159.599172      2.972  36.688684    15.6867    6.09512      2.947    28.8779    21.1125 -9.990e-29
 159.599178      3.055  36.689450    15.6878    6.06827      3.029    28.8778    21.1121 -9.990e-29
 159.599184      3.166  36.691431    15.6868    6.04013      3.140    28.8802    21.1142 -9.990e-29
