data/oxygen options/ONMS/Olympic_Coast_National_Marine_Sanctuary_Hypoxia_Survey_CTD_Data_2004_2015/raw_data/2005/CTD_TH80_070705faed.cnv
* Sea-Bird SBE19 Data File:
* FileName = C:\Hypoxia Data\TH80_070705.hex
* Software Version 1.1.6
* Temperature SN = 2997
* Conductivity SN = 2997
* System UpLoad Time = Jul 07 2005 11:43:09
* SEACAT PROFILER V3.1c SN 2997   07/07/05  11:42:35.142
* strain gauge pressure sensor: S/N = 184829,  range = 3000 psia,  tc = 40
# nquan = 9                                 
# nvalues = 802                         
# units = specified
# name 0 = timeJ: Julian Days
# name 1 = prSM: Pressure, Strain Gauge [db]
# name 2 = c0mS/cm: Conductivity [mS/cm]
# name 3 = t090C: Temperature [ITS-90, deg C]
# name 4 = oxML/L: Oxygen, Beckman/YSI [ml/l]
# name 5 = depSM: Depth [salt water, m], lat = 47.5
# name 6 = sal00: Salinity, Practical [PSU]
# name 7 = sigma-é00: Density [sigma-theta, kg/m^3]
# name 8 = flag: flag
# span 0 = 188.457083, 188.461719       
# span 1 =     -3.095,     80.948       
# span 2 =   0.974332,  38.478362       
# span 3 =     7.7274,    14.7661       
# span 4 =   -0.11678,   22.96113       
# span 5 =     -3.069,     80.257       
# span 6 =     0.6079,    33.6728       
# span 7 =    -0.3857,    26.2724       
# span 8 = 0.0000e+00, 0.0000e+00       
# interval = seconds: 0.5
# start_time = Jul 07 2005 10:58:12 [Instrument's time stamp, header]
# bad_flag = -9.990e-29
*END*
 188.457083     -3.091 -9.990e-29    14.7256   -0.11668     -3.065 -9.990e-29 -9.990e-29 -9.990e-29
 188.457089     -3.094   1.035818    14.7250   -0.11666     -3.068     0.6478    -0.3558 -9.990e-29
 188.457095     -3.095   1.022500    14.7242   -0.11665     -3.069     0.6392    -0.3624 -9.990e-29
 188.457101     -3.088   1.007324    14.7235   -0.11666     -3.062     0.6293    -0.3700 -9.990e-29
 188.457106     -3.073   0.995572    14.7229   -0.11668     -3.047     0.6216    -0.3758 -9.990e-29
 188.457112     -3.053   0.988217    14.7220   -0.11672     -3.028     0.6169    -0.3794 -9.990e-29
 188.457118     -3.036   0.983219    14.7206   -0.11675     -3.011     0.6136    -0.3817 -9.990e-29
 188.457124     -3.020   0.978350    14.7191   -0.11678     -2.995     0.6105    -0.3839 -9.990e-29
 188.457130     -3.001   0.974332    14.7182   -0.11678     -2.976     0.6079    -0.3857 -9.990e-29
 188.457135     -2.978   0.974685    14.7178   -0.11673     -2.953     0.6081    -0.3855 -9.990e-29
 188.457141     -2.952   0.982654    14.7171   -0.11677     -2.927     0.6133    -0.3814 -9.990e-29
 188.457147     -2.926   0.999436    14.7155   -0.11676     -2.902     0.6243    -0.3727 -9.990e-29
 188.457153     -2.895   1.021335    14.7126   -0.09685     -2.871     0.6386    -0.3612 -9.990e-29
 188.457159     -2.853   1.038168    14.7080   -0.09664     -2.829     0.6496    -0.3519 -9.990e-29
 188.457164     -2.800   1.042982    14.7023   -0.09662     -2.777     0.6529    -0.3486 -9.990e-29
 188.457170     -2.742   1.037757    14.6971   -0.09662     -2.719     0.6496    -0.3504 -9.990e-29
 188.457176     -2.681   1.030506    14.6935   -0.09664     -2.659     0.6449    -0.3534 -9.990e-29
 188.457182     -2.611   1.043736    14.6920   -0.09666     -2.589     0.6535    -0.3465 -9.990e-29
 188.457188     -2.528   1.133365    14.6918   -0.09670     -2.507     0.7123    -0.3011 -9.990e-29
 188.457193     -2.432   1.447742    14.6923   -0.09673     -2.412     0.9202    -0.1403 -9.990e-29
 188.457199     -2.325   2.386624    14.6956   -0.09674     -2.306     1.5568     0.3506 -9.990e-29
 188.457205     -2.199   5.159697    14.7105   -0.09670     -2.181     3.5266     1.8653 -9.990e-29
 188.457211     -2.043  13.468277    14.7374   -0.09666     -2.026     9.8808     6.7367 -9.990e-29
 188.457216     -1.860  25.948356    14.7588   -0.09668     -1.844    20.1761    14.6236 -9.990e-29
 188.457222     -1.668  34.288232    14.7661   -0.09669     -1.654    27.4270    20.1903 -9.990e-29
 188.457228     -1.480  37.076576    14.7649   -0.09669     -1.468    29.9130    22.1031 -9.990e-29
 188.457234     -1.302  38.001485    14.7581   -0.09669     -1.291    30.7490    22.7482 -9.990e-29
 188.457240     -1.142  38.306854    14.7484   -0.09669     -1.132    31.0317    22.9679 -9.990e-29
 188.457245     -1.009  38.405475    14.7413   -0.09669     -1.001    31.1263    23.0422 -9.990e-29
 188.457251     -0.903  38.433915    14.7411   -0.09669     -0.895    31.1521    23.0621 -9.990e-29
 188.457257     -0.825  38.438533    14.7469   -0.09669     -0.818    31.1516    23.0605 -9.990e-29
 188.457263     -0.770  38.438413    14.7526   -0.09671     -0.764    31.1469    23.0557 -9.990e-29
 188.457269     -0.717  38.442395    14.7535   -0.09671     -0.711    31.1497    23.0577 -9.990e-29
 188.457274     -0.651  38.449090    14.7513   -0.09671     -0.646    31.1575    23.0642 -9.990e-29
 188.457280     -0.580  38.453990    14.7499   -0.09670     -0.575    31.1630    23.0687 -9.990e-29
 188.457286     -0.517  38.459169    14.7508   -0.09670     -0.513    31.1669    23.0716 -9.990e-29
 188.457292     -0.466  38.462584    14.7520   -0.09670     -0.462    31.1690    23.0729 -9.990e-29
 188.457297     -0.428  38.459840    14.7524   -0.09671     -0.424    31.1662    23.0707 -9.990e-29
 188.457303     -0.397  38.456278    14.7520   -0.09669     -0.394    31.1633    23.0685 -9.990e-29
 188.457309     -0.366  38.455031    14.7505   -0.09670     -0.363    31.1634    23.0689 -9.990e-29
 188.457315     -0.334  38.453905    14.7478   -0.09670     -0.331    31.1645    23.0703 -9.990e-29
 188.457321     -0.302  38.451986    14.7459   -0.09670     -0.299    31.1643    23.0706 -9.990e-29
 188.457326     -0.277  38.450108    14.7459   -0.09670     -0.275    31.1626    23.0693 -9.990e-29
 188.457332     -0.261  38.449156    14.7472   -0.09670     -0.259    31.1607    23.0675 -9.990e-29
 188.457338     -0.251  38.447888    14.7484   -0.09669     -0.249    31.1586    23.0656 -9.990e-29
 188.457344     -0.235  38.445764    14.7491   -0.09668     -0.233    31.1561    23.0636 -9.990e-29
 188.457350     -0.214  38.444468    14.7494   -0.09670     -0.212    31.1547    23.0624 -9.990e-29
 188.457355     -0.194  38.444543    14.7495   -0.09671     -0.192    31.1547    23.0624 -9.990e-29
 188.457361     -0.175  38.446115    14.7492   -0.09669     -0.174    31.1563    23.0637 -9.990e-29
 188.457367     -0.150  38.449626    14.7479   -0.09668     -0.149    31.1605    23.0672 -9.990e-29
 188.457373     -0.126  38.452491    14.7467   -0.09671     -0.125    31.1641    23.0702 -9.990e-29
 188.457378     -0.108  38.455194    14.7471   -0.09672     -0.107    31.1662    23.0718 -9.990e-29
 188.457384     -0.083  38.457999    14.7489   -0.09671     -0.082    31.1672    23.0722 -9.990e-29
 188.457390     -0.053  38.457945    14.7511   -0.09671     -0.053    31.1654    23.0704 -9.990e-29
 188.457396     -0.017  38.457789    14.7521   -0.09671     -0.017    31.1645    23.0694 -9.990e-29
 188.457402      0.025  38.460156    14.7508   -0.09670      0.025    31.1676    23.0721 -9.990e-29
 188.457407      0.072  38.463742    14.7502   -0.09670      0.071    31.1713    23.0751 -9.990e-29
 188.457413      0.111  38.467186    14.7512   -0.09671      0.110    31.1736    23.0766 -9.990e-29
 188.457419      0.126  38.468936    14.7500   -0.09671      0.125    31.1762    23.0788 -9.990e-29
 188.457425      0.123  38.467427    14.7459   -0.09672      0.122    31.1781    23.0812 -9.990e-29
 188.457431      0.118  38.463479    14.7430   -0.09671      0.117    31.1768    23.0809 -9.990e-29
 188.457436      0.125  38.459708    14.7425   -0.09671      0.124    31.1738    23.0786 -9.990e-29
 188.457442      0.147  38.457285    14.7426   -0.09671      0.146    31.1716    23.0769 -9.990e-29
 188.457448      0.183  38.458053    14.7435   -0.09671      0.181    31.1715    23.0766 -9.990e-29
 188.457454      0.220  38.462501    14.7453   -0.09670      0.218    31.1741    23.0782 -9.990e-29
 188.457459      0.250  38.465930    14.7462   -0.09670      0.248    31.1764    23.0799 -9.990e-29
 188.457465      0.274  38.464527    14.7454   -0.09670      0.272    31.1758    23.0796 -9.990e-29
 188.457471      0.297  38.460935    14.7441   -0.09670      0.295    31.1736    23.0781 -9.990e-29
 188.457477      0.322  38.458806    14.7436   -0.09670      0.319    31.1721    23.0771 -9.990e-29
 188.457483      0.349  38.458134    14.7441   -0.09670      0.346    31.1710    23.0762 -9.990e-29
 188.457488      0.376  38.459170    14.7450   -0.09669      0.373    31.1713    23.0761 -9.990e-29
 188.457494      0.397  38.461642    14.7463   -0.09670      0.394    31.1724    23.0768 -9.990e-29
 188.457500      0.409  38.462140    14.7477   -0.09670      0.406    31.1718    23.0760 -9.990e-29
 188.457506      0.416  38.460233    14.7489   -0.09673      0.413    31.1691    23.0736 -9.990e-29
 188.457512      0.423  38.459017    14.7497   -0.09676      0.419    31.1673    23.0721 -9.990e-29
 188.457517      0.430  38.459703    14.7504   -0.09676      0.426    31.1674    23.0720 -9.990e-29
 188.457523      0.443  38.460430    14.7511   -0.09672      0.439    31.1675    23.0720 -9.990e-29
 188.457529      0.467  38.459950    14.7514   -0.09672      0.463    31.1668    23.0714 -9.990e-29
 188.457535      0.493  38.460454    14.7513   -0.09673      0.489    31.1673    23.0718 -9.990e-29
 188.457541      0.512  38.463204    14.7505   -0.09673      0.508    31.1704    23.0744 -9.990e-29
 188.457546      0.521  38.466844    14.7484   -0.09673      0.517    31.1754    23.0786 -9.990e-29
 188.457552      0.523  38.468404    14.7438   -0.09672      0.519    31.1805    23.0835 -9.990e-29
 188.457558      0.528  38.466625    14.7364   -0.09671      0.524    31.1848    23.0884 -9.990e-29
 188.457564      0.540  38.463088    14.7293   -0.09673      0.535    31.1873    23.0918 -9.990e-29
 188.457569      0.556  38.460958    14.7276   -0.09675      0.551    31.1867    23.0917 -9.990e-29
 188.457575      0.568  38.464150    14.7319   -0.09675      0.563    31.1862    23.0904 -9.990e-29
 188.457581      0.578  38.469653    14.7364   -0.09673      0.573    31.1875    23.0905 -9.990e-29
 188.457587      0.593  38.470810    14.7375   -0.09672      0.588    31.1877    23.0904 -9.990e-29
 188.457593      0.616  38.468071    14.7367   -0.09671      0.611    31.1858    23.0891 -9.990e-29
 188.457598      0.639  38.467350    14.7370   -0.09673      0.634    31.1849    23.0884 -9.990e-29
 188.457604      0.659  38.470514    14.7386   -0.09674      0.653    31.1865    23.0892 -9.990e-29
 188.457610      0.677  38.472276    14.7385   -0.09674      0.671    31.1882    23.0905 -9.990e-29
 188.457616      0.700  38.469964    14.7351   -0.09674      0.694    31.1888    23.0917 -9.990e-29
 188.457622      0.732  38.466693    14.7306   -0.09675      0.726    31.1894    23.0932 -9.990e-29
 188.457627      0.767  38.465982    14.7294   -0.09676      0.761    31.1897    23.0937 -9.990e-29
 188.457633      0.795  38.469152    14.7330   13.30647      0.788    31.1897    23.0929 -9.990e-29
 188.457639      0.813  38.473165    14.7374   21.68772      0.806    31.1898    23.0920 -9.990e-29
 188.457645      0.822  38.473861    14.7384   22.96113      0.815    31.1896    23.0917 -9.990e-29
 188.457650      0.828  38.471637    14.7361   20.15940      0.821    31.1895    23.0920 -9.990e-29
 188.457656      0.834  38.469726    14.7336   13.08539      0.827    31.1897    23.0928 -9.990e-29
 188.457662      0.841  38.468972    14.7322   10.55558      0.834    31.1902    23.0934 -9.990e-29
 188.457668      0.854  38.468398    14.7311   10.59902      0.847    31.1905    23.0939 -9.990e-29
 188.457674      0.878  38.467265    14.7293   10.59916      0.871    31.1909    23.0946 -9.990e-29
 188.457679      0.910  38.465214    14.7266   10.62115      0.902    31.1912    23.0954 -9.990e-29
 188.457685      0.940  38.461778    14.7234   10.64193      0.932    31.1907    23.0957 -9.990e-29
 188.457691      0.960  38.455208    14.7208   10.65210      0.952    31.1868    23.0933 -9.990e-29
 188.457697      0.977  38.447425    14.7206   10.67836      0.969    31.1800    23.0880 -9.990e-29
 188.457703      0.995  38.443783    14.7219   10.69959      0.987    31.1756    23.0844 -9.990e-29
 188.457708      1.016  38.443379    14.7216   10.71560      1.008    31.1755    23.0844 -9.990e-29
 188.457714      1.041  38.441777    14.7195   10.73372      1.032    31.1757    23.0850 -9.990e-29
 188.457720      1.068  38.439113    14.7183   10.73719      1.059    31.1743    23.0841 -9.990e-29
 188.457726      1.089  38.438031    14.7198   10.74851      1.080    31.1721    23.0821 -9.990e-29
 188.457731      1.102  38.439358    14.7225   10.76200      1.093    31.1711    23.0808 -9.990e-29
 188.457737      1.108  38.441523    14.7241   10.76430      1.099    31.1718    23.0810 -9.990e-29
 188.457743      1.111  38.442394    14.7243    9.66783      1.102    31.1724    23.0814 -9.990e-29
 188.457749      1.120  38.442040    14.7246    7.41995      1.111    31.1719    23.0809 -9.990e-29
 188.457755      1.135  38.442261    14.7257    6.17615      1.126    31.1712    23.0802 -9.990e-29
 188.457760      1.149  38.443376    14.7276    5.79198      1.139    31.1706    23.0794 -9.990e-29
 188.457766      1.159  38.445219    14.7304    6.38076      1.149    31.1701    23.0783 -9.990e-29
 188.457772      1.165  38.448030    14.7337    7.24834      1.155    31.1700    23.0775 -9.990e-29
 188.457778      1.171  38.451097    14.7371    7.56449      1.161    31.1700    23.0769 -9.990e-29
 188.457784      1.184  38.454051    14.7403    7.72900      1.174    31.1701    23.0763 -9.990e-29
 188.457789      1.198  38.456934    14.7439    7.80782      1.188    31.1698    23.0753 -9.990e-29
 188.457795      1.211  38.459131    14.7486    7.83781      1.201    31.1680    23.0729 -9.990e-29
 188.457801      1.223  38.461353    14.7538    7.85443      1.213    31.1659    23.0702 -9.990e-29
 188.457807      1.236  38.465091    14.7578    7.86813      1.226    31.1660    23.0694 -9.990e-29
 188.457812      1.250  38.469737    14.7598    7.87799      1.240    31.1686    23.0710 -9.990e-29
 188.457818      1.261  38.473270    14.7601    7.89185      1.250    31.1716    23.0732 -9.990e-29
 188.457824      1.266  38.474239    14.7589    7.89266      1.255    31.1734    23.0749 -9.990e-29
 188.457830      1.270  38.473004    14.7570    7.88842      1.259    31.1738    23.0756 -9.990e-29
 188.457836      1.278  38.471286    14.7552    7.89249      1.267    31.1737    23.0759 -9.990e-29
 188.457841      1.289  38.469600    14.7522    7.89794      1.278    31.1746    23.0772 -9.990e-29
 188.457847      1.305  38.466820    14.7482    7.90136      1.294    31.1752    23.0786 -9.990e-29
 188.457853      1.326  38.463167    14.7458    7.90783      1.315    31.1739    23.0780 -9.990e-29
 188.457859      1.350  38.461061    14.7466    7.91466      1.339    31.1713    23.0759 -9.990e-29
 188.457865      1.369  38.462182    14.7494    7.91395      1.358    31.1701    23.0743 -9.990e-29
 188.457870      1.385  38.465220    14.7521    7.90648      1.373    31.1707    23.0742 -9.990e-29
 188.457876      1.402  38.467497    14.7533    7.90504      1.390    31.1717    23.0748 -9.990e-29
 188.457882      1.419  38.468123    14.7532    7.91087      1.407    31.1724    23.0753 -9.990e-29
 188.457888      1.431  38.467936    14.7530    7.91082      1.419    31.1724    23.0753 -9.990e-29
 188.457894      1.440  38.467807    14.7539    7.91364      1.428    31.1715    23.0745 -9.990e-29
 188.457899      1.446  38.468690    14.7559    7.91477      1.434    31.1707    23.0735 -9.990e-29
 188.457905      1.449  38.470640    14.7579    7.90836      1.437    31.1709    23.0732 -9.990e-29
 188.457911      1.453  38.472331    14.7583    7.91019      1.441    31.1721    23.0740 -9.990e-29
 188.457917      1.469  38.472657    14.7562    7.90975      1.457    31.1740    23.0760 -9.990e-29
 188.457922      1.496  38.470932    14.7526    7.91257      1.484    31.1754    23.0777 -9.990e-29
 188.457928      1.527  38.467661    14.7497    7.90985      1.514    31.1747    23.0779 -9.990e-29
 188.457934      1.557  38.465212    14.7489    7.91290      1.544    31.1731    23.0768 -9.990e-29
 188.457940      1.579  38.464807    14.7497    7.92375      1.566    31.1721    23.0759 -9.990e-29
 188.457946      1.589  38.465345    14.7511    7.92099      1.576    31.1715    23.0751 -9.990e-29
 188.457951      1.589  38.466422    14.7530    7.91999      1.576    31.1709    23.0742 -9.990e-29
 188.457957      1.582  38.468354    14.7545    7.90830      1.569    31.1715    23.0744 -9.990e-29
 188.457963      1.581  38.470355    14.7542    7.90526      1.568    31.1735    23.0760 -9.990e-29
 188.457969      1.595  38.470609    14.7520    7.89987      1.582    31.1755    23.0780 -9.990e-29
 188.457975      1.615  38.468334    14.7486    7.91835      1.602    31.1762    23.0792 -9.990e-29
 188.457980      1.631  38.464423    14.7444    7.93483      1.617    31.1760    23.0800 -9.990e-29
 188.457986      1.639  38.459830    14.7394    7.93648      1.625    31.1759    23.0809 -9.990e-29
 188.457992      1.640  38.454600    14.7345    7.92798      1.626    31.1751    23.0813 -9.990e-29
 188.457998      1.637  38.450175    14.7316    7.90891      1.623    31.1734    23.0806 -9.990e-29
 188.458003      1.640  38.449068    14.7300    7.90795      1.626    31.1737    23.0812 -9.990e-29
