data/oxygen options/ONMS/Olympic_Coast_National_Marine_Sanctuary_Hypoxia_Survey_CTD_Data_2004_2015/raw_data/2005/CTD_CA80_081505faed.cnv
* Sea-Bird SBE19 Data File:
* FileName = C:\Hypoxia Data\CA8-_081505.hex
* Software Version 1.1.6
* Temperature SN = 2997
* Conductivity SN = 2997
* System UpLoad Time = Aug 15 2005 14:46:38
* SEACAT PROFILER V3.1c SN 2997   08/15/05  14:45:55.013
* strain gauge pressure sensor: S/N = 184829,  range = 3000 psia,  tc = 40
# nquan = 9                                 
# nvalues = 776                         
# units = specified
# name 0 = timeJ: Julian Days
# name 1 = prSM: Pressure, Strain Gauge [db]
# name 2 = c0mS/cm: Conductivity [mS/cm]
# name 3 = t090C: Temperature [ITS-90, deg C]
# name 4 = oxML/L: Oxygen, Beckman/YSI [ml/l]
# name 5 = depSM: Depth [salt water, m], lat = 47.5
# name 6 = sal00: Salinity, Practical [PSU]
# name 7 = sigma-é00: Density [sigma-theta, kg/m^3]
# name 8 = flag: flag
# span 0 = 227.579699, 227.584184       
# span 1 =     -3.140,     80.728       
# span 2 =   3.164003,  37.441020       
# span 3 =     7.2103,    13.2952       
# span 4 =   -0.10146,   27.89452       
# span 5 =     -3.114,     80.039       
# span 6 =     2.1821,    33.9026       
# span 7 =     1.0529,    26.5262       
# span 8 = 0.0000e+00, 0.0000e+00       
# interval = seconds: 0.5
# start_time = Aug 15 2005 13:54:46 [Instrument's time stamp, header]
# bad_flag = -9.990e-29
*END*
[from data line 161]
 227.580631      3.157  37.231245    12.6706    6.91464      3.131    31.7377    23.9305 -9.990e-29
 227.580637      3.155  37.235437    12.6760    6.90005      3.129    31.7371    23.9290 -9.990e-29
 227.580642      3.168  37.237759    12.6743    6.89839      3.142    31.7408    23.9322 -9.990e-29
 227.580648      3.191  37.236824    12.6690    6.90290      3.164    31.7443    23.9360 -9.990e-29
 227.580654      3.215  37.234193    12.6636    6.89779      3.188    31.7464    23.9386 -9.990e-29
 227.580660      3.233  37.231963    12.6606    6.89118      3.206    31.7468    23.9395 -9.990e-29
 227.580666      3.243  37.231086    12.6606    6.87997      3.216    31.7460    23.9388 -9.990e-29
 227.580671      3.245  37.230955    12.6616    6.87751      3.218    31.7450    23.9379 -9.990e-29
 227.580677      3.243  37.230835    12.6608    6.87101      3.216    31.7456    23.9385 -9.990e-29
 227.580683      3.246  37.230567    12.6577    6.86727      3.219    31.7479    23.9409 -9.990e-29
 227.580689      3.259  37.229797    12.6540    6.86044      3.232    31.7503    23.9434 -9.990e-29
 227.580694      3.278  37.228621    12.6512    6.85630      3.251    31.7515    23.9449 -9.990e-29
 227.580700      3.295  37.227714    12.6490    6.85560      3.267    31.7525    23.9461 -9.990e-29
 227.580706      3.307  37.226990    12.6464    6.87126      3.279    31.7540    23.9478 -9.990e-29
 227.580712      3.316  37.226044    12.6445    6.87781      3.288    31.7547    23.9487 -9.990e-29
 227.580718      3.321  37.225298    12.6452    6.87943      3.293    31.7534    23.9475 -9.990e-29
 227.580723      3.323  37.225441    12.6488    6.87906      3.295    31.7505    23.9446 -9.990e-29
 227.580729      3.323  37.226662    12.6535    6.88099      3.295    31.7477    23.9415 -9.990e-29
 227.580735      3.324  37.227788    12.6562    6.88399      3.296    31.7465    23.9401 -9.990e-29
 227.580741      3.335  37.228078    12.6565    6.86436      3.307    31.7465    23.9400 -9.990e-29
 227.580747      3.356  37.228484    12.6558    6.84006      3.328    31.7475    23.9409 -9.990e-29
 227.580752      3.381  37.228988    12.6540    6.82826      3.353    31.7495    23.9428 -9.990e-29
 227.580758      3.407  37.228581    12.6491    6.83590      3.379    31.7532    23.9466 -9.990e-29
 227.580764      3.436  37.226721    12.6394    6.84964      3.407    31.7596    23.9534 -9.990e-29
 227.580770      3.464  37.223172    12.6280    6.87099      3.435    31.7658    23.9605 -9.990e-29
 227.580775      3.482  37.218248    12.6249    6.87566      3.453    31.7638    23.9594 -9.990e-29
 227.580781      3.477  37.215478    12.6337    6.86962      3.448    31.7537    23.9500 -9.990e-29
 227.580787      3.453  37.216774    12.6457    6.85396      3.424    31.7448    23.9408 -9.990e-29
 227.580793      3.430  37.218256    12.6522    6.84699      3.401    31.7408    23.9364 -9.990e-29
 227.580799      3.424  37.218540    12.6506    6.82691      3.395    31.7424    23.9380 -9.990e-29
 227.580804      3.435  37.218572    12.6415    6.85463      3.406    31.7501    23.9457 -9.990e-29
 227.580810      3.450  37.217277    12.6313    6.88172      3.421    31.7575    23.9533 -9.990e-29
 227.580816      3.457  37.215171    12.6297    6.87348      3.428    31.7568    23.9531 -9.990e-29
 227.580822      3.453  37.215613    12.6392    6.87449      3.424    31.7492    23.9454 -9.990e-29
 227.580828      3.441  37.219750    12.6523    6.84584      3.412    31.7421    23.9374 -9.990e-29
 227.580833      3.438  37.224125    12.6595    6.84563      3.409    31.7402    23.9346 -9.990e-29
 227.580839      3.457  37.226166    12.6577    6.85790      3.428    31.7436    23.9376 -9.990e-29
 227.580845      3.490  37.225795    12.6506    6.86171      3.461    31.7493    23.9433 -9.990e-29
 227.580851      3.522  37.223642    12.6444    6.85601      3.493    31.7524    23.9469 -9.990e-29
 227.580856      3.539  37.221884    12.6427    6.82785      3.509    31.7522    23.9471 -9.990e-29
 227.580862      3.536  37.221539    12.6431    6.80149      3.506    31.7515    23.9465 -9.990e-29
 227.580868      3.532  37.221586    12.6412    6.79785      3.502    31.7532    23.9481 -9.990e-29
 227.580874      3.542  37.220970    12.6326    6.80119      3.512    31.7598    23.9549 -9.990e-29
 227.580880      3.563  37.218311    12.6150    6.82572      3.533    31.7721    23.9678 -9.990e-29
 227.580885      3.579  37.211186    12.5998    6.83017      3.549    31.7782    23.9754 -9.990e-29
 227.580891      3.579  37.204113    12.6021    6.82327      3.549    31.7695    23.9683 -9.990e-29
 227.580897      3.563  37.205603    12.6151    6.81970      3.533    31.7600    23.9584 -9.990e-29
 227.580903      3.542  37.212031    12.6252    6.80771      3.512    31.7576    23.9546 -9.990e-29
 227.580909      3.532  37.216272    12.6289    6.81746      3.502    31.7585    23.9546 -9.990e-29
 227.580914      3.545  37.217816    12.6261    6.82160      3.515    31.7623    23.9581 -9.990e-29
 227.580920      3.578  37.217044    12.6177    6.82615      3.548    31.7687    23.9646 -9.990e-29
 227.580926      3.612  37.212928    12.6108    6.83865      3.582    31.7706    23.9674 -9.990e-29
 227.580932      3.631  37.208953    12.6130    6.83461      3.601    31.7649    23.9626 -9.990e-29
 227.580938      3.637  37.210472    12.6209    6.82746      3.607    31.7597    23.9571 -9.990e-29
 227.580943      3.639  37.215023    12.6280    6.81197      3.609    31.7580    23.9544 -9.990e-29
 227.580949      3.641  37.218583    12.6333    6.78240      3.611    31.7569    23.9526 -9.990e-29
 227.580955      3.644  37.220854    12.6358    6.78036      3.614    31.7570    23.9521 -9.990e-29
 227.580961      3.651  37.221503    12.6310    6.78925      3.620    31.7616    23.9566 -9.990e-29
 227.580966      3.667  37.219153    12.6141    6.80108      3.636    31.7737    23.9692 -9.990e-29
 227.580972      3.690  37.210674    12.5907    6.81430      3.659    31.7854    23.9827 -9.990e-29
 227.580978      3.712  37.198218    12.5810    6.81998      3.681    31.7817    23.9817 -9.990e-29
 227.580984      3.727  37.193776    12.5938    6.82048      3.696    31.7667    23.9676 -9.990e-29
 227.580990      3.729  37.201514    12.6149    6.80773      3.698    31.7562    23.9555 -9.990e-29
 227.580995      3.725  37.212119    12.6289    6.80858      3.694    31.7545    23.9515 -9.990e-29
 227.581001      3.723  37.217866    12.6302    6.80556      3.692    31.7588    23.9546 -9.990e-29
 227.581007      3.726  37.217453    12.6219    6.80661      3.695    31.7654    23.9613 -9.990e-29
 227.581013      3.734  37.213138    12.6133    6.80536      3.703    31.7686    23.9654 -9.990e-29
 227.581019      3.749  37.209265    12.6114    6.79144      3.718    31.7665    23.9642 -9.990e-29
 227.581024      3.767  37.209080    12.6158    6.78890      3.736    31.7626    23.9603 -9.990e-29
 227.581030      3.784  37.211773    12.6189    6.79353      3.752    31.7626    23.9597 -9.990e-29
 227.581036      3.803  37.213646    12.6143    6.79840      3.771    31.7682    23.9649 -9.990e-29
 227.581042      3.823  37.212151    12.6021    6.79530      3.791    31.7771    23.9741 -9.990e-29
 227.581047      3.843  37.206980    12.5923    6.79802      3.811    31.7804    23.9786 -9.990e-29
 227.581053      3.854  37.201894    12.5944    6.78397      3.822    31.7738    23.9731 -9.990e-29
 227.581059      3.858  37.202446    12.6034    6.76793      3.826    31.7667    23.9659 -9.990e-29
 227.581065      3.859  37.206567    12.6079    6.76942      3.827    31.7669    23.9651 -9.990e-29
 227.581071      3.857  37.208537    12.6008    6.76028      3.825    31.7747    23.9725 -9.990e-29
 227.581076      3.856  37.204819    12.5833    6.74889      3.824    31.7860    23.9846 -9.990e-29
 227.581082      3.865  37.195505    12.5679    6.73110      3.833    31.7901    23.9907 -9.990e-29
 227.581088      3.884  37.187244    12.5639    6.71963      3.852    31.7856    23.9880 -9.990e-29
 227.581094      3.906  37.185841    12.5659    6.72068      3.873    31.7826    23.9853 -9.990e-29
 227.581100      3.928  37.188862    12.5631    6.73267      3.895    31.7878    23.9899 -9.990e-29
 227.581105      3.952  37.190804    12.5526    6.76065      3.919    31.7985    24.0002 -9.990e-29
 227.581111      3.979  37.190333    12.5408    6.77093      3.946    31.8081    24.0098 -9.990e-29
 227.581117      4.002  37.189439    12.5404    6.77228      3.969    31.8075    24.0095 -9.990e-29
 227.581123      4.009  37.189734    12.5574    6.77130      3.976    31.7934    23.9953 -9.990e-29
 227.581128      4.006  37.193106    12.5783    6.77193      3.973    31.7790    23.9801 -9.990e-29
 227.581134      4.005  37.197888    12.5857    6.77996      3.972    31.7773    23.9774 -9.990e-29
 227.581140      4.011  37.198504    12.5794    6.77385      3.977    31.7832    23.9832 -9.990e-29
 227.581146      4.019  37.194665    12.5710    6.77254      3.985    31.7866    23.9875 -9.990e-29
 227.581152      4.021  37.190794    12.5694    6.77419      3.987    31.7843    23.9860 -9.990e-29
 227.581157      4.014  37.190142    12.5734    6.75841      3.980    31.7803    23.9821 -9.990e-29
 227.581163      4.001  37.192404    12.5773    6.75591      3.968    31.7792    23.9805 -9.990e-29
 227.581169      3.990  37.194434    12.5768    6.74783      3.957    31.7815    23.9824 -9.990e-29
 227.581175      3.984  37.193899    12.5712    6.76868      3.951    31.7858    23.9867 -9.990e-29
 227.581181      3.983  37.191215    12.5641    6.78666      3.950    31.7892    23.9908 -9.990e-29
 227.581186      3.987  37.187854    12.5614    6.77637      3.954    31.7883    23.9906 -9.990e-29
 227.581192      3.992  37.186069    12.5675    6.76577      3.959    31.7814    23.9841 -9.990e-29
 227.581198      3.994  37.189092    12.5792    6.74362      3.961    31.7744    23.9764 -9.990e-29
 227.581204      3.997  37.195350    12.5873    6.74616      3.964    31.7735    23.9742 -9.990e-29
 227.581209      4.010  37.199174    12.5837    6.75324      3.976    31.7802    23.9800 -9.990e-29
 227.581215      4.038  37.196702    12.5690    6.76411      4.004    31.7903    23.9906 -9.990e-29
 227.581221      4.071  37.188569    12.5569    6.76917      4.037    31.7927    23.9949 -9.990e-29
 227.581227      4.089  37.183003    12.5577    6.75615      4.055    31.7868    23.9901 -9.990e-29
 227.581233      4.089  37.184919    12.5676    6.73966      4.055    31.7802    23.9831 -9.990e-29
 227.581238      4.083  37.190706    12.5765    6.73181      4.049    31.7782    23.9799 -9.990e-29
 227.581244      4.084  37.195750    12.5735    6.74948      4.050    31.7855    23.9861 -9.990e-29
 227.581250      4.096  37.193888    12.5611    6.76738      4.062    31.7942    23.9952 -9.990e-29
 227.581256      4.113  37.186570    12.5527    6.76447      4.079    31.7944    23.9969 -9.990e-29
 227.581262      4.116  37.182551    12.5530    6.74907      4.082    31.7903    23.9937 -9.990e-29
 227.581267      4.104  37.182641    12.5624    6.73516      4.070    31.7824    23.9858 -9.990e-29
 227.581273      4.086  37.186963    12.5780    6.73747      4.052    31.7734    23.9759 -9.990e-29
 227.581279      4.077  37.195118    12.5850    6.74531      4.043    31.7752    23.9759 -9.990e-29
 227.581285      4.078  37.198922    12.5740    6.75163      4.044    31.7881    23.9880 -9.990e-29
 227.581291      4.085  37.193362    12.5558    6.75675      4.051    31.7982    23.9993 -9.990e-29
 227.581296      4.092  37.183930    12.5476    6.76554      4.058    31.7962    23.9993 -9.990e-29
 227.581302      4.093  37.179924    12.5547    6.76906      4.059    31.7864    23.9903 -9.990e-29
 227.581308      4.089  37.183853    12.5692    6.75987      4.055    31.7779    23.9810 -9.990e-29
 227.581314      4.084  37.190864    12.5775    6.75356      4.050    31.7775    23.9791 -9.990e-29
 227.581319      4.086  37.194051    12.5756    6.76591      4.052    31.7821    23.9831 -9.990e-29
 227.581325      4.095  37.192627    12.5717    6.76961      4.061    31.7841    23.9853 -9.990e-29
 227.581331      4.104  37.190872    12.5706    6.75879      4.070    31.7833    23.9850 -9.990e-29
 227.581337      4.108  37.190373    12.5721    6.74633      4.074    31.7816    23.9833 -9.990e-29
 227.581343      4.108  37.191028    12.5761    6.72460      4.074    31.7788    23.9804 -9.990e-29
 227.581348      4.108  37.193718    12.5794    6.73276      4.074    31.7786    23.9796 -9.990e-29
 227.581354      4.116  37.196426    12.5776    6.75099      4.082    31.7827    23.9831 -9.990e-29
 227.581360      4.134  37.195483    12.5706    6.76289      4.099    31.7877    23.9884 -9.990e-29
 227.581366      4.153  37.191320    12.5632    6.77797      4.118    31.7900    23.9915 -9.990e-29
 227.581372      4.167  37.186803    12.5623    6.76860      4.132    31.7865    23.9890 -9.990e-29
 227.581377      4.167  37.186005    12.5712    6.76599      4.132    31.7782    23.9809 -9.990e-29
 227.581383      4.155  37.190671    12.5851    6.75986      4.120    31.7709    23.9726 -9.990e-29
 227.581389      4.141  37.197493    12.5950    6.75004      4.106    31.7690    23.9692 -9.990e-29
 227.581395      4.137  37.202115    12.5947    6.74934      4.102    31.7737    23.9729 -9.990e-29
 227.581400      4.149  37.201740    12.5848    6.75852      4.114    31.7817    23.9810 -9.990e-29
 227.581406      4.172  37.196435    12.5739    6.77003      4.137    31.7858    23.9863 -9.990e-29
 227.581412      4.194  37.190910    12.5704    6.78241      4.159    31.7835    23.9851 -9.990e-29
 227.581418      4.206  37.189575    12.5755    6.78908      4.171    31.7779    23.9799 -9.990e-29
 227.581424      4.206  37.192337    12.5872    6.79489      4.171    31.7707    23.9720 -9.990e-29
 227.581429      4.204  37.197273    12.6017    6.80222      4.169    31.7631    23.9634 -9.990e-29
 227.581435      4.204  37.202563    12.6135    6.79428      4.169    31.7582    23.9573 -9.990e-29
 227.581441      4.206  37.206857    12.6201    6.77805      4.171    31.7567    23.9549 -9.990e-29
 227.581447      4.210  37.209718    12.6224    6.76595      4.175    31.7575    23.9551 -9.990e-29
 227.581453      4.217  37.211045    12.6197    6.75897      4.182    31.7610    23.9583 -9.990e-29
 227.581458      4.226  37.209809    12.6111    6.75652      4.191    31.7671    23.9647 -9.990e-29
 227.581464      4.238  37.205492    12.5982    6.75547      4.203    31.7739    23.9724 -9.990e-29
 227.581470      4.250  37.199070    12.5876    6.75942      4.214    31.7767    23.9766 -9.990e-29
 227.581476      4.259  37.193761    12.5857    6.76188      4.223    31.7733    23.9743 -9.990e-29
 227.581481      4.268  37.193144    12.5883    6.77219      4.232    31.7705    23.9717 -9.990e-29
 227.581487      4.280  37.195839    12.5887    6.78556      4.244    31.7727    23.9733 -9.990e-29
 227.581493      4.285  37.197595    12.5892    6.79028      4.249    31.7740    23.9742 -9.990e-29
 227.581499      4.280  37.197956    12.5953    6.78407      4.244    31.7691    23.9693 -9.990e-29
 227.581505      4.269  37.200212    12.6059    6.77312      4.233    31.7624    23.9620 -9.990e-29
 227.581510      4.261  37.205133    12.6146    6.75992      4.225    31.7597    23.9583 -9.990e-29
 227.581516      4.261  37.209195    12.6170    6.74802      4.225    31.7615    23.9592 -9.990e-29
 227.581522      4.281  37.209970    12.6099    6.75302      4.245    31.7682    23.9658 -9.990e-29
 227.581528      4.315  37.206819    12.5925    6.75551      4.279    31.7799    23.9782 -9.990e-29
 227.581534      4.346  37.198350    12.5769    6.75600      4.310    31.7850    23.9851 -9.990e-29
 227.581539      4.358  37.190098    12.5783    6.76369      4.322    31.7760    23.9778 -9.990e-29
 227.581545      4.352  37.191247    12.5922    6.76253      4.316    31.7654    23.9669 -9.990e-29
