data/oxygen options/ONMS/Olympic_Coast_National_Marine_Sanctuary_Hypoxia_Survey_CTD_Data_2004_2015/raw_data/2005/CTD_TH60_052405faed.cnv
* Sea-Bird SBE19 Data File:
* FileName = C:\Documents and Settings\kirner.PTANGELES\Desktop\hypoxia CTD data\TH70_052405.hex
* Software Version 1.1.5
* Temperature SN = 2997
* Conductivity SN = 2997
* System UpLoad Time = May 24 2005 18:21:16
* SEACAT PROFILER V3.1c SN 2997   05/24/05  18:20:03.585
* strain gauge pressure sensor: S/N = 184829,  range = 3000 psia,  tc = 40
# nquan = 9                                 
# nvalues = 722                         
# units = specified
# name 0 = timeJ: Julian Days
# name 1 = prSM: Pressure, Strain Gauge [db]
# name 2 = c0mS/cm: Conductivity [mS/cm]
# name 3 = t090C: Temperature [ITS-90, deg C]
# name 4 = oxML/L: Oxygen, Beckman/YSI [ml/l]
# name 5 = depSM: Depth [salt water, m], lat = 47.5
# name 6 = sal00: Salinity, Practical [PSU]
# name 7 = sigma-é00: Density [sigma-theta, kg/m^3]
# name 8 = flag: flag
# span 0 = 144.713333, 144.717506       
# span 1 =     -2.694,     62.510       
# span 2 =   1.396945,  36.342714       
# span 3 =     9.1013,    14.4084       
# span 4 =   -0.10069,   26.82313       
# span 5 =     -2.672,     61.979       
# span 6 =     0.9258,    32.9243       
# span 7 =     0.1012,    25.4779       
# span 8 = 0.0000e+00, 0.0000e+00       
# interval = seconds: 0.5
# start_time = May 24 2005 17:07:12 [Instrument's time stamp, header]
# bad_flag = -9.990e-29
*END*
[from data line 641]
 144.717043     27.045  36.140373    12.3647    6.03212     26.818    30.9471    23.3765 0.0000e+00
 144.717049     26.632  36.144498    12.3908    6.04177     26.408    30.9297    23.3581 0.0000e+00
 144.717054     26.203  36.154289    12.4234    6.04707     25.983    30.9123    23.3386 0.0000e+00
 144.717060     25.775  36.168786    12.4474    6.03754     25.558    30.9065    23.3296 0.0000e+00
 144.717066     25.366  36.179292    12.4585    6.01803     25.153    30.9075    23.3283 0.0000e+00
 144.717072     24.990  36.183564    12.4636    6.02206     24.780    30.9075    23.3273 0.0000e+00
 144.717078     24.648  36.185622    12.4683    6.02073     24.441    30.9057    23.3250 0.0000e+00
 144.717083     24.322  36.186532    12.4727    6.02751     24.118    30.9031    23.3222 0.0000e+00
 144.717089     23.989  36.185826    12.4765    6.02096     23.787    30.8994    23.3186 0.0000e+00
 144.717095     23.634  36.184243    12.4818    5.99940     23.435    30.8937    23.3132 0.0000e+00
 144.717101     23.257  36.181917    12.4888    5.99656     23.062    30.8859    23.3058 0.0000e+00
 144.717106     22.868  36.178554    12.4940    5.99578     22.676    30.8786    23.2992 0.0000e+00
 144.717112     22.481  36.175840    12.4956    6.00806     22.292    30.8749    23.2960 0.0000e+00
 144.717118     22.097  36.175207    12.4951    6.02057     21.911    30.8748    23.2960 0.0000e+00
 144.717124     21.708  36.175253    12.4951    6.00906     21.526    30.8750    23.2962 0.0000e+00
 144.717130     21.307  36.174919    12.4977    6.01324     21.128    30.8727    23.2939 0.0000e+00
 144.717135     20.889  36.175444    12.5022    6.02143     20.714    30.8697    23.2907 0.0000e+00
 144.717141     20.458  36.176967    12.5074    6.01765     20.286    30.8670    23.2876 0.0000e+00
 144.717147     20.016  36.178157    12.5150    6.02037     19.848    30.8621    23.2824 0.0000e+00
 144.717153     19.566  36.178922    12.5282    6.01476     19.402    30.8522    23.2722 0.0000e+00
 144.717159     19.117  36.176360    12.5456    6.01060     18.957    30.8357    23.2561 0.0000e+00
 144.717164     18.682  36.167059    12.5598    6.00833     18.525    30.8154    23.2377 0.0000e+00
 144.717170     18.274  36.157687    12.5655    6.01247     18.121    30.8020    23.2263 0.0000e+00
 144.717176     17.891  36.155379    12.5681    6.01792     17.741    30.7979    23.2226 0.0000e+00
 144.717182     17.522  36.153699    12.5746    6.00923     17.375    30.7911    23.2161 0.0000e+00
 144.717187     17.147  36.144801    12.5859    5.99670     17.003    30.7736    23.2004 0.0000e+00
 144.717193     16.753  36.129716    12.6017    5.98442     16.613    30.7466    23.1765 0.0000e+00
 144.717199     16.338  36.110200    12.6171    5.97516     16.201    30.7157    23.1497 0.0000e+00
 144.717205     15.915  36.091075    12.6267    5.98562     15.782    30.6900    23.1280 0.0000e+00
 144.717211     15.496  36.079930    12.6309    5.98236     15.366    30.6762    23.1165 0.0000e+00
 144.717216     15.085  36.076486    12.6331    5.98889     14.959    30.6713    23.1123 0.0000e+00
 144.717222     14.675  36.075035    12.6372    5.99919     14.552    30.6668    23.1080 0.0000e+00
 144.717228     14.254  36.070281    12.6445    6.00230     14.135    30.6565    23.0987 0.0000e+00
 144.717234     13.816  36.061493    12.6518    6.02644     13.700    30.6425    23.0864 0.0000e+00
 144.717240     13.368  36.053776    12.6578    6.03878     13.256    30.6305    23.0760 0.0000e+00
 144.717245     12.912  36.049740    12.6673    6.04932     12.804    30.6191    23.0654 0.0000e+00
 144.717251     12.447  36.047370    12.6835    6.07200     12.343    30.6039    23.0505 0.0000e+00
 144.717257     11.983  36.045754    12.7011    6.07792     11.883    30.5883    23.0351 0.0000e+00
 144.717263     11.533  36.042740    12.7127    6.09654     11.436    30.5763    23.0236 0.0000e+00
 144.717269     11.107  36.036557    12.7175    6.10696     11.014    30.5667    23.0152 0.0000e+00
 144.717274     10.708  36.032425    12.7190    6.09666     10.618    30.5618    23.0111 0.0000e+00
 144.717280     10.331  36.032689    12.7216    6.09275     10.245    30.5600    23.0093 0.0000e+00
 144.717286      9.970  36.029293    12.7296    6.08920      9.887    30.5505    23.0004 0.0000e+00
 144.717292      9.615  36.011544    12.7477    6.08733      9.535    30.5193    22.9728 0.0000e+00
 144.717297      9.256  35.973717    12.7771    6.07039      9.179    30.4601    22.9214 0.0000e+00
 144.717303      8.891  35.920328    12.8098    6.05396      8.817    30.3837    22.8561 0.0000e+00
 144.717309      8.523  35.867100    12.8362    6.04022      8.452    30.3127    22.7961 0.0000e+00
 144.717315      8.158  35.829416    12.8526    6.09239      8.090    30.2644    22.7556 0.0000e+00
 144.717321      7.812  35.809744    12.8605    6.07702      7.747    30.2397    22.7350 0.0000e+00
 144.717326      7.488  35.803168    12.8651    6.04874      7.425    30.2300    22.7266 0.0000e+00
 144.717332      7.165  35.800926    12.8735    6.06248      7.105    30.2213    22.7183 0.0000e+00
 144.717338      6.832  35.792179    12.8901    6.12109      6.775    30.2000    22.6986 0.0000e+00
 144.717344      6.497  35.773112    12.9105    6.29446      6.443    30.1660    22.6685 0.0000e+00
 144.717350      6.173  35.750267    12.9286    6.46760      6.121    30.1303    22.6374 0.0000e+00
 144.717355      5.869  35.728509    12.9570    6.55084      5.820    30.0875    22.5989 0.0000e+00
 144.717361      5.584  35.682758    13.0240    6.52529      5.537    29.9918    22.5121 0.0000e+00
 144.717367      5.303  35.552017    13.1873    6.42238      5.259    29.7419    22.2875 0.0000e+00
 144.717373      5.012  35.196726    13.4651    6.35720      4.970    29.1988    21.8143 0.0000e+00
 144.717378      4.711  34.601187    13.7327    6.31499      4.672    28.4521    21.1860 0.0000e+00
 144.717384      4.410  34.072920    13.8835    6.29602      4.373    27.8617    20.7014 0.0000e+00
 144.717390      4.120  33.812916    13.9428    6.24580      4.086    27.5839    20.4757 0.0000e+00
 144.717396      3.843  33.735753    13.9598    6.07757      3.811    27.5022    20.4094 0.0000e+00
 144.717402      3.579  33.742490    13.9785    5.87549      3.549    27.4950    20.4002 0.0000e+00
 144.717407      3.329  33.739546    14.0389    5.81624      3.301    27.4494    20.3532 0.0000e+00
 144.717413      3.093  33.636122    14.1380    5.77986      3.067    27.2862    20.2080 0.0000e+00
 144.717419      2.874  33.433313    14.2334    5.84173      2.850    27.0375    19.9976 0.0000e+00
 144.717425      2.675  33.233420    14.2868    6.50890      2.653    26.8217    19.8210 0.0000e+00
 144.717431      2.500  33.117409    14.2921    7.01219      2.479    26.7145    19.7374 0.0000e+00
 144.717436      2.352  33.076887    14.2617    7.16103      2.332    26.6993    19.7317 -9.990e-29
 144.717442      2.228  33.092017    14.2124    7.19997      2.209    26.7469    19.7781 -9.990e-29
 144.717448      2.129  33.152151    14.1564    7.11996      2.111    26.8396    19.8604 -9.990e-29
 144.717454      2.059  33.236589    14.0915 -9.990e-29      2.042    26.9605    19.9663 -9.990e-29
 144.717459      2.016  33.306594    14.0145 -9.990e-29      1.999    27.0773    20.0713 -9.990e-29
 144.717465      1.994  33.259907    13.9368 -9.990e-29      1.977    27.0899    20.0961 -9.990e-29
 144.717471      1.983  32.835310    13.8729 -9.990e-29      1.966    26.7519    19.8481 -9.990e-29
 144.717477      1.978  31.328789    13.8266 -9.990e-29      1.961    25.4292    18.8382 -9.990e-29
 144.717483      1.979  26.667183    13.7974 -9.990e-29      1.962    21.3110    15.6741 -9.990e-29
 144.717488      1.981  18.234506    13.7836 -9.990e-29      1.964    14.0690    10.1103 -9.990e-29
 144.717494      1.980  10.108997    13.7787 -9.990e-29      1.963     7.4282     5.0084 -9.990e-29
 144.717500      1.976   5.634148    13.7775 -9.990e-29      1.959     3.9674     2.3449 -9.990e-29
 144.717506      1.973   3.866707 -9.990e-29 -9.990e-29      1.957 -9.990e-29 -9.990e-29 -9.990e-29
