data/oxygen options/ONMS/Olympic_Coast_National_Marine_Sanctuary_Hypoxia_Survey_CTD_Data_2004_2015/raw_data/2005/CTD_CE100_070605faed.cnv
* Sea-Bird SBE19 Data File:
* FileName = C:\Hypoxia Data\CE90_070605.hex
* Software Version 1.1.6
* Temperature SN = 2997
* Conductivity SN = 2997
* System UpLoad Time = Jul 06 2005 16:03:46
* SEACAT PROFILER V3.1c SN 2997   07/06/05  16:04:20.156
* strain gauge pressure sensor: S/N = 184829,  range = 3000 psia,  tc = 40
# nquan = 9                                 
# nvalues = 838                         
# units = specified
# name 0 = timeJ: Julian Days
# name 1 = prSM: Pressure, Strain Gauge [db]
# name 2 = c0mS/cm: Conductivity [mS/cm]
# name 3 = t090C: Temperature [ITS-90, deg C]
# name 4 = oxML/L: Oxygen, Beckman/YSI [ml/l]
# name 5 = depSM: Depth [salt water, m], lat = 47.5
# name 6 = sal00: Salinity, Practical [PSU]
# name 7 = sigma-é00: Density [sigma-theta, kg/m^3]
# name 8 = flag: flag
# span 0 = 187.663623, 187.668466       
# span 1 =     -3.546,     98.962       
# span 2 =   1.157472,  39.872028       
# span 3 =     7.1858,    16.1000       
# span 4 =   -0.09362,   23.79768       
# span 5 =     -3.516,     98.113       
# span 6 =     0.7252,    33.9047       
# span 7 =    -0.3153,    26.5297       
# span 8 = 0.0000e+00, 0.0000e+00       
# interval = seconds: 0.5
# start_time = Jul 06 2005 15:55:37 [Instrument's time stamp, header]
# bad_flag = -9.990e-29
*END*
[from data line 641]
 187.667332     81.694  34.649604     7.5628    2.63098     80.996    33.7070    26.3229 0.0000e+00
 187.667338     81.278  34.667896     7.5972    2.64705     80.584    33.6936    26.3074 0.0000e+00
 187.667344     80.859  34.685960     7.6195    2.66945     80.168    33.6917    26.3028 0.0000e+00
 187.667350     80.452  34.697618     7.6300    2.68001     79.765    33.6943    26.3033 0.0000e+00
 187.667355     80.066  34.702727     7.6350    2.69052     79.382    33.6952    26.3032 0.0000e+00
 187.667361     79.689  34.704738     7.6408    2.71025     79.009    33.6919    26.2998 0.0000e+00
 187.667367     79.301  34.707453     7.6543    2.72130     78.624    33.6819    26.2901 0.0000e+00
 187.667373     78.894  34.714487     7.6758    2.74046     78.221    33.6689    26.2767 0.0000e+00
 187.667378     78.474  34.724567     7.6948    2.76921     77.804    33.6616    26.2683 0.0000e+00
 187.667384     78.046  34.731516     7.7074    2.79386     77.380    33.6571    26.2629 0.0000e+00
 187.667390     77.619  34.735073     7.7197    2.81020     76.957    33.6493    26.2550 0.0000e+00
 187.667396     77.199  34.739982     7.7336    2.81828     76.540    33.6413    26.2467 0.0000e+00
 187.667402     76.798  34.746624     7.7449    2.81660     76.143    33.6377    26.2423 0.0000e+00
 187.667407     76.424  34.751524     7.7511    2.82343     75.772    33.6372    26.2410 0.0000e+00
 187.667413     76.071  34.753929     7.7554    2.83707     75.422    33.6358    26.2392 0.0000e+00
 187.667419     75.733  34.755926     7.7619    2.84599     75.087    33.6319    26.2352 0.0000e+00
 187.667425     75.402  34.758494     7.7703    2.86288     74.759    33.6267    26.2299 0.0000e+00
 187.667431     75.057  34.761131     7.7810    2.88536     74.417    33.6193    26.2226 0.0000e+00
 187.667436     74.689  34.765110     7.7957    2.88927     74.052    33.6096    26.2128 0.0000e+00
 187.667442     74.299  34.770688     7.8093    2.91161     73.666    33.6027    26.2054 0.0000e+00
 187.667448     73.893  34.775214     7.8181    2.92246     73.263    33.5993    26.2014 0.0000e+00
 187.667454     73.476  34.777997     7.8246    2.92752     72.850    33.5962    26.1981 0.0000e+00
 187.667459     73.045  34.779946     7.8332    2.95266     72.423    33.5902    26.1921 0.0000e+00
 187.667465     72.604  34.782539     7.8449    2.95883     71.985    33.5820    26.1839 0.0000e+00
 187.667471     72.158  34.786429     7.8560    2.97444     71.543    33.5757    26.1773 0.0000e+00
 187.667477     71.718  34.790076     7.8651    2.99136     71.107    33.5710    26.1724 0.0000e+00
 187.667483     71.295  34.792740     7.8736    3.01173     70.688    33.5659    26.1671 0.0000e+00
 187.667488     70.886  34.795171     7.8839    3.04387     70.282    33.5588    26.1600 0.0000e+00
 187.667494     70.484  34.798368     7.9048    3.08110     69.884    33.5424    26.1441 0.0000e+00
 187.667500     70.083  34.806033     7.9406    3.09833     69.486    33.5164    26.1184 0.0000e+00
 187.667506     69.689  34.818295     7.9761    3.11376     69.096    33.4957    26.0970 0.0000e+00
 187.667512     69.310  34.827961     7.9985    3.12584     68.720    33.4847    26.0851 0.0000e+00
 187.667517     68.952  34.833350     8.0101    3.14499     68.365    33.4796    26.0793 0.0000e+00
 187.667523     68.609  34.837171     8.0167    3.16160     68.025    33.4775    26.0767 0.0000e+00
 187.667529     68.265  34.839474     8.0233    3.16471     67.684    33.4738    26.0729 0.0000e+00
 187.667535     67.901  34.840524     8.0353    3.18576     67.323    33.4636    26.0631 0.0000e+00
 187.667541     67.506  34.841159     8.0556    3.20829     66.932    33.4451    26.0456 0.0000e+00
 187.667546     67.078  34.842223     8.0779    3.23320     66.507    33.4251    26.0266 0.0000e+00
 187.667552     66.624  34.843452     8.0936    3.27153     66.057    33.4117    26.0137 0.0000e+00
 187.667558     66.156  34.843685     8.1040    3.30379     65.593    33.4023    26.0048 0.0000e+00
 187.667564     65.679  34.842677     8.1143    3.33889     65.120    33.3916    25.9949 0.0000e+00
 187.667569     65.190  34.840767     8.1242    3.36437     64.636    33.3804    25.9846 0.0000e+00
 187.667575     64.694  34.838772     8.1320    3.40333     64.144    33.3710    25.9761 0.0000e+00
 187.667581     64.208  34.837955     8.1401    3.43586     63.662    33.3627    25.9684 0.0000e+00
 187.667587     63.734  34.838352     8.1548    3.45606     63.192    33.3494    25.9557 0.0000e+00
 187.667593     63.273  34.839932     8.1771    3.46660     62.735    33.3301    25.9373 0.0000e+00
 187.667598     62.834  34.844800     8.1967    3.46831     62.300    33.3168    25.9240 0.0000e+00
 187.667604     62.430  34.851601     8.2046    3.48327     61.900    33.3167    25.9227 0.0000e+00
 187.667610     62.068  34.854831     8.2044    3.50453     61.541    33.3205    25.9257 0.0000e+00
 187.667616     61.731  34.854316     8.2043    3.52342     61.207    33.3202    25.9255 0.0000e+00
 187.667622     61.399  34.853854     8.2102    3.56130     60.878    33.3143    25.9200 0.0000e+00
 187.667627     61.055  34.855627     8.2268    3.60357     60.536    33.3006    25.9067 0.0000e+00
 187.667633     60.695  34.860312     8.2516    3.64321     60.180    33.2822    25.8886 0.0000e+00
 187.667639     60.319  34.866306     8.2724    3.68424     59.807    33.2691    25.8752 0.0000e+00
 187.667645     59.932  34.870954     8.2827    3.71659     59.423    33.2644    25.8700 0.0000e+00
 187.667650     59.529  34.873168     8.2881    3.74465     59.024    33.2619    25.8672 0.0000e+00
 187.667656     59.097  34.873661     8.2983    3.77260     58.595    33.2529    25.8587 0.0000e+00
 187.667662     58.630  34.873650     8.3180    3.77259     58.132    33.2345    25.8413 0.0000e+00
 187.667668     58.138  34.873117     8.3440    3.78839     57.645    33.2096    25.8178 0.0000e+00
 187.667674     57.631  34.870791     8.3761    3.80257     57.142    33.1771    25.7875 0.0000e+00
 187.667679     57.124  34.865817     8.4130    3.79817     56.639    33.1374    25.7508 0.0000e+00
 187.667685     56.637  34.859976     8.4400    3.81062     56.157    33.1060    25.7222 0.0000e+00
 187.667691     56.188  34.857256     8.4455    3.79973     55.711    33.0982    25.7152 0.0000e+00
 187.667697     55.794  34.859084     8.4396    3.80554     55.321    33.1059    25.7221 0.0000e+00
 187.667703     55.449  34.862297     8.4414    3.82073     54.979    33.1077    25.7233 0.0000e+00
 187.667708     55.137  34.863328     8.4556    3.82588     54.670    33.0956    25.7116 0.0000e+00
 187.667714     54.832  34.862426     8.4716    3.83791     54.367    33.0798    25.6968 0.0000e+00
 187.667720     54.508  34.861748     8.4800    3.84730     54.046    33.0713    25.6889 0.0000e+00
 187.667726     54.148  34.862071     8.4831    3.86866     53.689    33.0689    25.6866 0.0000e+00
 187.667731     53.755  34.862703     8.4889    3.88382     53.299    33.0644    25.6821 0.0000e+00
 187.667737     53.337  34.862805     8.4977    3.89946     52.885    33.0564    25.6745 0.0000e+00
 187.667743     52.903  34.862512     8.5056    3.93260     52.455    33.0489    25.6674 0.0000e+00
 187.667749     52.454  34.862555     8.5141    3.95921     52.010    33.0412    25.6601 0.0000e+00
 187.667755     51.988  34.862991     8.5312    4.00690     51.548    33.0258    25.6455 0.0000e+00
 187.667760     51.506  34.863842     8.5651    4.04165     51.070    32.9953    25.6164 0.0000e+00
 187.667766     51.009  34.866801     8.6119    4.09125     50.577    32.9549    25.5776 0.0000e+00
 187.667772     50.511  34.873013     8.6543    4.14610     50.083    32.9222    25.5455 0.0000e+00
 187.667778     50.029  34.880115     8.6762    4.20266     49.605    32.9094    25.5322 0.0000e+00
 187.667784     49.577  34.884692     8.6780    4.28823     49.157    32.9128    25.5345 0.0000e+00
 187.667789     49.155  34.886130     8.6777    4.42613     48.739    32.9148    25.5361 0.0000e+00
 187.667795     48.759  34.887467     8.7033    4.61023     48.346    32.8925    25.5148 0.0000e+00
 187.667801     48.378  34.895529     8.7571    4.77835     47.969    32.8512    25.4742 0.0000e+00
 187.667807     48.012  34.912092     8.8091    4.87741     47.606    32.8205    25.4421 0.0000e+00
 187.667813     47.662  34.926729     8.8456    4.92996     47.259    32.8022    25.4221 0.0000e+00
 187.667818     47.315  34.931870     8.8656    4.99225     46.915    32.7892    25.4089 0.0000e+00
 187.667824     46.940  34.931016     8.8711    5.09627     46.543    32.7834    25.4035 0.0000e+00
 187.667830     46.517  34.929014     8.8873    5.21435     46.124    32.7665    25.3878 0.0000e+00
 187.667836     46.045  34.930483     8.9279    5.34769     45.656    32.7308    25.3536 0.0000e+00
 187.667841     45.537  34.937754     8.9742    5.42996     45.152    32.6960    25.3191 0.0000e+00
 187.667847     45.017  34.946512     9.0107    5.47493     44.636    32.6718    25.2945 0.0000e+00
 187.667853     44.510  34.953871     9.0302    5.50360     44.134    32.6617    25.2836 0.0000e+00
 187.667859     44.031  34.959006     9.0307    5.51617     43.659    32.6668    25.2875 0.0000e+00
 187.667865     43.576  34.959806     9.0281    5.57133     43.208    32.6703    25.2905 0.0000e+00
 187.667870     43.132  34.959583     9.0412    5.63043     42.768    32.6582    25.2791 0.0000e+00
 187.667876     42.694  34.964766     9.0843    5.69290     42.333    32.6242    25.2457 0.0000e+00
 187.667882     42.258  34.983386     9.1558    5.73949     41.901    32.5783    25.1986 0.0000e+00
 187.667888     41.827  35.015046     9.2232    5.76610     41.474    32.5497    25.1656 0.0000e+00
 187.667894     41.412  35.044229     9.2621    5.79137     41.062    32.5445    25.1554 0.0000e+00
 187.667899     41.017  35.060532     9.2764    5.80071     40.671    32.5485    25.1562 0.0000e+00
 187.667905     40.628  35.065529     9.2811    5.81906     40.285    32.5495    25.1563 0.0000e+00
 187.667911     40.230  35.066449     9.2891    5.83037     39.890    32.5434    25.1502 0.0000e+00
 187.667917     39.806  35.070127     9.3116    5.88035     39.470    32.5269    25.1337 0.0000e+00
 187.667922     39.347  35.083707     9.3544    5.95828     39.015    32.5021    25.1076 0.0000e+00
 187.667928     38.857  35.110162     9.4078    6.03675     38.529    32.4811    25.0826 0.0000e+00
 187.667934     38.351  35.142167     9.4599    6.12797     38.027    32.4669    25.0632 0.0000e+00
 187.667940     37.846  35.176437     9.5068    6.20603     37.527    32.4598    25.0502 0.0000e+00
 187.667946     37.347  35.210470     9.5500    6.26213     37.032    32.4558    25.0401 0.0000e+00
 187.667951     36.852  35.238078     9.6048    6.29661     36.541    32.4347    25.0148 0.0000e+00
 187.667957     36.359  35.273098     9.6765    6.31663     36.052    32.4061    24.9807 0.0000e+00
 187.667963     35.872  35.322427     9.7367    6.29968     35.570    32.4023    24.9681 0.0000e+00
 187.667969     35.394  35.359351     9.7730    6.31355     35.096    32.4075    24.9661 0.0000e+00
 187.667975     34.929  35.377618     9.7976    6.32727     34.635    32.4042    24.9595 0.0000e+00
 187.667980     34.476  35.392628     9.8107    6.32504     34.185    32.4078    24.9602 0.0000e+00
 187.667986     34.033  35.400295     9.8084    6.33509     33.746    32.4179    24.9685 0.0000e+00
 187.667992     33.592  35.394028     9.8052    6.32689     33.309    32.4146    24.9664 0.0000e+00
 187.667998     33.144  35.387340     9.8301    6.36996     32.865    32.3856    24.9397 0.0000e+00
 187.668003     32.684  35.405508     9.8871    6.40586     32.409    32.3531    24.9049 0.0000e+00
 187.668009     32.219  35.449208     9.9467    6.44770     31.948    32.3442    24.8882 0.0000e+00
 187.668015     31.747  35.490380     9.9890    6.48286     31.480    32.3483    24.8844 0.0000e+00
 187.668021     31.261  35.516100    10.0252    6.47908     30.998    32.3421    24.8736 0.0000e+00
 187.668027     30.752  35.539931    10.0779    6.47541     30.493    32.3193    24.8470 0.0000e+00
 187.668032     30.219  35.576836    10.1481    6.47616     29.965    32.2942    24.8157 0.0000e+00
 187.668038     29.674  35.626134    10.2188    6.50045     29.424    32.2811    24.7937 0.0000e+00
 187.668044     29.128  35.677319    10.2721    6.52504     28.883    32.2854    24.7881 0.0000e+00
 187.668050     28.597  35.715682    10.2953    6.55229     28.356    32.3036    24.7983 0.0000e+00
 187.668056     28.090  35.729600    10.2975    6.55620     27.854    32.3158    24.8075 0.0000e+00
 187.668061     27.601  35.726988    10.3063    6.54712     27.369    32.3056    24.7980 0.0000e+00
 187.668067     27.115  35.729598    10.3437    6.54081     26.887    32.2752    24.7680 0.0000e+00
 187.668073     26.628  35.756605    10.4020    6.54362     26.404    32.2507    24.7391 0.0000e+00
 187.668079     26.152  35.803654    10.4495    6.55858     25.932    32.2559    24.7351 0.0000e+00
 187.668084     25.702  35.842665    10.4687    6.60254     25.486    32.2782    24.7491 0.0000e+00
 187.668090     25.280  35.857269    10.4750    6.66560     25.067    32.2874    24.7552 0.0000e+00
 187.668096     24.873  35.861343    10.4940    6.72738     24.664    32.2748    24.7421 0.0000e+00
 187.668102     24.462  35.878821    10.5295    6.76878     24.256    32.2610    24.7253 0.0000e+00
 187.668108     24.030  35.907779    10.5758    6.80924     23.828    32.2491    24.7082 0.0000e+00
 187.668113     23.563  35.936931    10.6497    6.83048     23.365    32.2131    24.6674 0.0000e+00
 187.668119     23.052  35.990578    10.7573    6.87245     22.858    32.1719    24.6168 0.0000e+00
 187.668125     22.508  36.083629    10.8597    6.92264     22.319    32.1745    24.6010 0.0000e+00
 187.668131     21.959  36.171966    10.9191    6.95529     21.775    32.2101    24.6183 0.0000e+00
 187.668137     21.427  36.215850    10.9421    6.95994     21.247    32.2335    24.6325 0.0000e+00
 187.668142     20.908  36.227842    10.9617    6.93905     20.732    32.2284    24.6251 0.0000e+00
 187.668148     20.385  36.239077    11.0167    6.91698     20.214    32.1915    24.5867 0.0000e+00
 187.668154     19.856  36.280797    11.1089    6.93130     19.689    32.1521    24.5399 0.0000e+00
 187.668160     19.333  36.354805    11.1879    6.93782     19.171    32.1562    24.5290 0.0000e+00
 187.668166     18.834  36.414571    11.2276    6.94276     18.676    32.1805    24.5408 0.0000e+00
 187.668171     18.367  36.438881    11.2477    6.88902     18.213    32.1870    24.5423 0.0000e+00
 187.668177     17.918  36.449515    11.2709    6.86287     17.768    32.1774    24.5307 0.0000e+00
 187.668183     17.472  36.462338    11.3215    6.85845     17.325    32.1460    24.4973 0.0000e+00
 187.668189     17.022  36.496691    11.4046    6.90034     16.879    32.1075    24.4525 0.0000e+00
 187.668194     16.565  36.559691    11.4873    7.03241     16.426    32.0975    24.4298 0.0000e+00
 187.668200     16.097  36.620964    11.5552    7.12108     15.962    32.0986    24.4184 0.0000e+00
 187.668206     15.615  36.662981    11.6424    7.13725     15.484    32.0642    24.3759 0.0000e+00
 187.668212     15.113  36.710940    11.7874    6.95384     14.986    31.9859    24.2886 0.0000e+00
 187.668218     14.590  36.802442    11.9922    6.77635     14.468    31.8989    24.1834 0.0000e+00
 187.668223     14.054  36.942307    12.2166    6.65135     13.936    31.8421    24.0976 0.0000e+00
 187.668229     13.522  37.095557    12.4146    6.82350     13.409    31.8208    24.0438 0.0000e+00
 187.668235     13.005  37.229927    12.5826    7.22160     12.896    31.8068    24.0011 0.0000e+00
 187.668241     12.507  37.349103    12.6905    7.49611     12.402    31.8290    23.9976 0.0000e+00
 187.668247     12.031  37.423040    12.7037    7.56908     11.930    31.8881    24.0409 0.0000e+00
