data/oxygen options/ONMS/Olympic_Coast_National_Marine_Sanctuary_Hypoxia_Survey_CTD_Data_2004_2015/raw_data/2005/CTD_TH100_060705faedb.cnv
* Sea-Bird SBE19 Data File:
* FileName = C:\hypoxia CTD data\TH100_060705.hex
* Software Version 1.1.5
* Temperature SN = 2997
* Conductivity SN = 2997
* System UpLoad Time = Jun 07 2005 12:49:48
* SEACAT PROFILER V3.1c SN 2997   06/07/05  12:48:34.761
* strain gauge pressure sensor: S/N = 184829,  range = 3000 psia,  tc = 40
# nquan = 9
# nvalues = 101                         
# units = specified
# name 0 = timeJ: Julian Days
# name 1 = prSM: Pressure, Strain Gauge [db]
# name 2 = c0mS/cm: Conductivity [mS/cm]
# name 3 = t090C: Temperature [ITS-90, deg C]
# name 4 = oxML/L: Oxygen, Beckman/YSI [ml/l]
# name 5 = depSM: Depth [salt water, m], lat = 47.5
# name 6 = sal00: Salinity, Practical [PSU]
# name 7 = sigma-é00: Density [sigma-theta, kg/m^3]
# name 8 = flag: flag
# span 0 = 158.511920, 158.513250       
# span 1 =      3.000,    103.000       
# span 2 =  34.618927,  36.476618       
# span 3 =     7.3818,    12.7472       
# span 4 =    2.30904,    6.70179       
# span 5 =      2.975,    102.115       
# span 6 =    30.9604,    33.8401       
# span 7 =    23.3141,    26.4535       
# span 8 = 0.0000e+00, 0.0000e+00       
# interval = decibars: 1                
# start_time = Jun 07 2005 12:13:55 [Instrument's time stamp, header]
# bad_flag = -9.990e-29
*END*
 158.511920      3.000  36.476618    12.7472    6.70179      2.975    30.9604    23.3141 0.0000e+00
 158.511946      4.000  36.399843    12.6260    6.50083      3.966    30.9871    23.3578 0.0000e+00
 158.511966      5.000  36.291222    12.4304    6.24598      4.958    31.0450    23.4395 0.0000e+00
 158.511982      6.000  36.068996    12.0596    6.07608      5.950    31.1402    23.5822 0.0000e+00
 158.511996      7.000  35.828039    11.7603    5.95453      6.942    31.1580    23.6508 0.0000e+00
 158.512008      8.000  35.715852    11.5770    5.91586      7.933    31.2029    23.7187 0.0000e+00
 158.512020      9.000  35.607702    11.4582    5.88167      8.925    31.1975    23.7358 0.0000e+00
 158.512031     10.000  35.561757    11.3972    5.82433      9.916    31.2039    23.7515 0.0000e+00
 158.512043     11.000  35.555038    11.3469    5.74370     10.908    31.2395    23.7881 0.0000e+00
 158.512055     12.000  35.515164    11.2567    5.67291     11.900    31.2765    23.8328 0.0000e+00
 158.512067     13.000  35.420871    11.1455    5.57340     12.891    31.2782    23.8537 0.0000e+00
 158.512079     14.000  35.323644    11.0446    5.44999     13.883    31.2681    23.8635 0.0000e+00
 158.512092     15.000  35.270321    10.9539    5.32175     14.874    31.2924    23.8982 0.0000e+00
 158.512104     16.000  35.220547    10.7884    5.19552     15.866    31.3844    23.9984 0.0000e+00
 158.512115     17.000  35.161144    10.6667    5.14525     16.857    31.4297    24.0544 0.0000e+00
 158.512126     18.000  35.119850    10.6101    5.12283     17.849    31.4369    24.0697 0.0000e+00
 158.512136     19.000  35.092624    10.5656    5.11367     18.840    31.4478    24.0857 0.0000e+00
 158.512147     20.000  35.067674    10.5270    5.07727     19.832    31.4558    24.0985 0.0000e+00
 158.512159     21.000  35.044185    10.4889    5.08559     20.824    31.4649    24.1121 0.0000e+00
 158.512169     22.000  35.020298    10.4595    5.13517     21.815    31.4661    24.1180 0.0000e+00
 158.512181     23.000  35.018658    10.4582    5.18304     22.807    31.4651    24.1175 0.0000e+00
 158.512192     24.000  35.034360    10.4742    5.17977     23.799    31.4665    24.1158 0.0000e+00
 158.512203     25.000  35.076196    10.4861    5.06936     24.790    31.4976    24.1380 0.0000e+00
 158.512214     26.000  35.105320    10.4254    4.86139     25.781    31.5788    24.2116 0.0000e+00
 158.512226     27.000  35.075321    10.3212    4.63070     26.773    31.6389    24.2759 0.0000e+00
 158.512237     28.000  35.005501    10.1198    4.42395     27.765    31.7444    24.3916 0.0000e+00
 158.512248     29.000  34.884401     9.9391    4.34075     28.756    31.7804    24.4494 0.0000e+00
 158.512259     30.000  34.852344     9.8781    4.34026     29.747    31.8013    24.4757 0.0000e+00
 158.512269     31.000  34.871314     9.8586    4.37054     30.739    31.8373    24.5071 0.0000e+00
 158.512280     32.000  34.900357     9.8494    4.40280     31.730    31.8744    24.5376 0.0000e+00
 158.512292     33.000  34.923646     9.8477    4.39640     32.722    31.8991    24.5571 0.0000e+00
 158.512305     34.000  34.927796     9.8401    4.34249     33.713    31.9096    24.5665 0.0000e+00
 158.512318     35.000  34.943873     9.7690    4.29143     34.705    31.9886    24.6398 0.0000e+00
 158.512329     36.000  34.953060     9.6780    4.26788     35.696    32.0784    24.7247 0.0000e+00
 158.512340     37.000  34.949767     9.6283    4.26553     36.688    32.1190    24.7644 0.0000e+00
 158.512351     38.000  34.954347     9.6128    4.25047     37.679    32.1371    24.7810 0.0000e+00
 158.512362     39.000  34.958356     9.6019    4.22409     38.671    32.1505    24.7933 0.0000e+00
 158.512373     40.000  34.956482     9.5833    4.17560     39.662    32.1649    24.8075 0.0000e+00
 158.512385     41.000  34.948028     9.5437    4.14685     40.654    32.1913    24.8345 0.0000e+00
 158.512398     42.000  34.937158     9.4821    4.14707     41.645    32.2350    24.8785 0.0000e+00
 158.512411     43.000  34.942706     9.4489    4.17656     42.637    32.2701    24.9113 0.0000e+00
 158.512424     44.000  34.961248     9.4243    4.22027     43.628    32.3109    24.9471 0.0000e+00
 158.512435     45.000  34.991694     9.3923    4.24854     44.620    32.3707    24.9989 0.0000e+00
 158.512447     46.000  35.004871     9.3748    4.22888     45.611    32.3996    25.0243 0.0000e+00
 158.512458     47.000  35.006836     9.3582    4.20443     46.602    32.4162    25.0400 0.0000e+00
 158.512469     48.000  35.011852     9.3270    4.21710     47.594    32.4492    25.0707 0.0000e+00
 158.512480     49.000  35.023846     9.2695    4.25903     48.585    32.5134    25.1300 0.0000e+00
 158.512491     50.000  35.040438     9.2067    4.31577     49.577    32.5873    25.1977 0.0000e+00
 158.512505     51.000  35.057200     9.1775    4.50916     50.568    32.6310    25.2365 0.0000e+00
 158.512518     52.000  35.097812     9.1298    4.64813     51.559    32.7162    25.3107 0.0000e+00
 158.512531     53.000  35.130009     9.1004    4.56778     52.551    32.7761    25.3622 0.0000e+00
 158.512543     54.000  35.133548     9.0707    4.45694     53.542    32.8067    25.3908 0.0000e+00
 158.512554     55.000  35.134037     9.0384    4.39266     54.533    32.8365    25.4192 0.0000e+00
 158.512564     56.000  35.140932     9.0063    4.34807     55.525    32.8729    25.4527 0.0000e+00
 158.512575     57.000  35.146060     8.9707    4.31782     56.516    32.9107    25.4878 0.0000e+00
 158.512586     58.000  35.149214     8.9184    4.27218     57.508    32.9620    25.5362 0.0000e+00
 158.512598     59.000  35.149961     8.8735    4.24244     58.499    33.0041    25.5761 0.0000e+00
 158.512611     60.000  35.146449     8.8180    4.15686     59.490    33.0516    25.6220 0.0000e+00
 158.512624     61.000  35.143341     8.7701    4.09755     60.482    33.0926    25.6615 0.0000e+00
 158.512637     62.000  35.141559     8.7519    4.09378     61.473    33.1073    25.6758 0.0000e+00
 158.512650     63.000  35.141419     8.7483    4.09367     62.465    33.1100    25.6785 0.0000e+00
 158.512663     64.000  35.139624     8.7431    4.06237     63.456    33.1125    25.6813 0.0000e+00
 158.512675     65.000  35.140863     8.7424    3.97865     64.447    33.1140    25.6826 0.0000e+00
 158.512686     66.000  35.149616     8.7432    3.86321     65.439    33.1220    25.6887 0.0000e+00
 158.512698     67.000  35.161053     8.7411    3.79252     66.430    33.1355    25.6996 0.0000e+00
 158.512709     68.000  35.166803     8.7346    3.79106     67.421    33.1471    25.7097 0.0000e+00
 158.512723     69.000  35.166136     8.7249    3.79163     68.413    33.1550    25.7174 0.0000e+00
 158.512737     70.000  35.159560     8.6975    3.79135     69.404    33.1734    25.7360 0.0000e+00
 158.512751     71.000  35.150460     8.6678    3.76272     70.395    33.1912    25.7546 0.0000e+00
 158.512764     72.000  35.145295     8.6396    3.69513     71.387    33.2118    25.7750 0.0000e+00
 158.512777     73.000  35.146237     8.6189    3.58343     72.378    33.2318    25.7938 0.0000e+00
 158.512789     74.000  35.137343     8.5778    3.43514     73.369    33.2607    25.8228 0.0000e+00
 158.512802     75.000  35.091956     8.4957    3.30107     74.360    33.2898    25.8581 0.0000e+00
 158.512816     76.000  35.029613     8.4280    3.21093     75.352    33.2874    25.8665 0.0000e+00
 158.512832     77.000  34.998686     8.3801    3.14354     76.343    33.2996    25.8833 0.0000e+00
 158.512846     78.000  34.965743     8.3085    3.03400     77.334    33.3321    25.9195 0.0000e+00
 158.512860     79.000  34.924116     8.2207    2.92897     78.325    33.3707    25.9629 0.0000e+00
 158.512872     80.000  34.892090     8.1340    2.87115     79.317    33.4187    26.0134 0.0000e+00
 158.512886     81.000  34.871909     8.0583    2.85512     80.309    33.4690    26.0642 0.0000e+00
 158.512900     82.000  34.861460     8.0185    2.85446     81.299    33.4954    26.0907 0.0000e+00
 158.512916     83.000  34.862506     8.0220    2.86173     82.290    33.4927    26.0881 0.0000e+00
 158.512931     84.000  34.858349     7.9926    2.82628     83.282    33.5159    26.1107 0.0000e+00
 158.512946     85.000  34.840346     7.9408    2.76203     84.273    33.5459    26.1418 0.0000e+00
 158.512960     86.000  34.819443     7.8919    2.68910     85.265    33.5700    26.1679 0.0000e+00
 158.512975     87.000  34.793135     7.8083    2.61412     86.256    33.6217    26.2207 0.0000e+00
 158.512989     88.000  34.759768     7.7416    2.56633     87.247    33.6498    26.2523 0.0000e+00
 158.513003     89.000  34.747273     7.7063    2.54015     88.238    33.6699    26.2733 0.0000e+00
 158.513018     90.000  34.725375     7.6542    2.48519     89.229    33.6963    26.3015 0.0000e+00
 158.513032     91.000  34.708918     7.6059    2.43644     90.221    33.7248    26.3308 0.0000e+00
 158.513045     92.000  34.683617     7.5338    2.39986     91.212    33.7670    26.3743 0.0000e+00
 158.513059     93.000  34.660600     7.4868    2.38151     92.203    33.7874    26.3970 0.0000e+00
 158.513072     94.000  34.653010     7.4732    2.36988     93.194    33.7919    26.4025 0.0000e+00
 158.513086     95.000  34.649237     7.4631    2.37005     94.186    33.7971    26.4081 0.0000e+00
 158.513100     96.000  34.642847     7.4460    2.36541     95.177    33.8064    26.4178 0.0000e+00
 158.513113     97.000  34.637271     7.4255    2.34897     96.168    33.8198    26.4312 0.0000e+00
 158.513127     98.000  34.630730     7.4078    2.33259     97.159    33.8295    26.4414 0.0000e+00
 158.513140     99.000  34.623799     7.3939    2.32494     98.150    33.8351    26.4478 0.0000e+00
 158.513155    100.000  34.621573     7.3929    2.32123     99.141    33.8331    26.4464 0.0000e+00
 158.513172    101.000  34.622291     7.3905    2.32006    100.133    33.8358    26.4488 0.0000e+00
 158.513189    102.000  34.618927     7.3818    2.31417    101.124    33.8401    26.4535 0.0000e+00
 158.513250    103.000  34.619597     7.3838    2.30904    102.115    33.8385    26.4519 0.0000e+00
