data/oxygen options/ONMS/Olympic_Coast_National_Marine_Sanctuary_Hypoxia_Survey_CTD_Data_2004_2015/raw_data/2005/CTD_CE90_081605faed.cnv
* Sea-Bird SBE19 Data File:
* FileName = C:\Hypoxia Data\CE90_081605.hex
* Software Version 1.1.6
* Temperature SN = 2997
* Conductivity SN = 2997
* System UpLoad Time = Aug 16 2005 12:22:45
* SEACAT PROFILER V3.1c SN 2997   08/16/05  12:22:04.789
* strain gauge pressure sensor: S/N = 184829,  range = 3000 psia,  tc = 40
# nquan = 9                                 
# nvalues = 1503                        
# units = specified
# name 0 = timeJ: Julian Days
# name 1 = prSM: Pressure, Strain Gauge [db]
# name 2 = c0mS/cm: Conductivity [mS/cm]
# name 3 = t090C: Temperature [ITS-90, deg C]
# name 4 = oxML/L: Oxygen, Beckman/YSI [ml/l]
# name 5 = depSM: Depth [salt water, m], lat = 47.5
# name 6 = sal00: Salinity, Practical [PSU]
# name 7 = sigma-é00: Density [sigma-theta, kg/m^3]
# name 8 = flag: flag
# span 0 = 228.505486, 228.514178       
# span 1 =     -2.827,     92.913       
# span 2 =   3.717418,  36.515314       
# span 3 =     7.1483,    12.1747       
# span 4 =   -0.10501,   29.85673       
# span 5 =     -2.803,     92.117       
# span 6 =     2.8445,    33.9367       
# span 7 =     1.7946,    26.5608       
# span 8 = 0.0000e+00, 0.0000e+00       
# interval = seconds: 0.5
# start_time = Aug 16 2005 12:07:54 [Instrument's time stamp, header]
# bad_flag = -9.990e-29
*END*
[from data line 481]
 228.508270     12.753  36.038192    10.9879    5.77815     12.646    32.0215    24.4593 -9.990e-29
 228.508275     12.793  36.038116    10.9883    5.77845     12.686    32.0210    24.4589 -9.990e-29
 228.508281     12.825  36.037962    10.9888    5.77851     12.718    32.0204    24.4584 -9.990e-29
 228.508287     12.849  36.037529    10.9893    5.76106     12.741    32.0195    24.4576 -9.990e-29
 228.508293     12.873  36.037553    10.9895    5.75837     12.765    32.0194    24.4575 -9.990e-29
 228.508299     12.900  36.038067    10.9891    5.76090     12.792    32.0202    24.4582 -9.990e-29
 228.508304     12.922  36.038260    10.9877    5.76482     12.814    32.0216    24.4595 -9.990e-29
 228.508310     12.941  36.037260    10.9858    5.77633     12.833    32.0223    24.4604 -9.990e-29
 228.508316     12.963  36.035598    10.9850    5.77156     12.854    32.0213    24.4598 -9.990e-29
 228.508322     12.980  36.034978    10.9855    5.77052     12.871    32.0203    24.4589 -9.990e-29
 228.508328     12.985  36.035129    10.9862    5.76908     12.876    32.0198    24.4584 -9.990e-29
 228.508333     12.982  36.035124    10.9860    5.76770     12.873    32.0200    24.4585 -9.990e-29
 228.508339     12.976  36.034952    10.9849    5.75972     12.867    32.0208    24.4594 -9.990e-29
 228.508345     12.966  36.034376    10.9842    5.75684     12.857    32.0208    24.4595 -9.990e-29
 228.508351     12.951  36.033744    10.9842    5.76347     12.843    32.0202    24.4590 -9.990e-29
 228.508356     12.931  36.033331    10.9841    5.76651     12.823    32.0199    24.4588 -9.990e-29
 228.508362     12.909  36.033139    10.9840    5.76617     12.801    32.0198    24.4587 -9.990e-29
 228.508368     12.895  36.033471    10.9839    5.75852     12.787    32.0202    24.4591 -9.990e-29
 228.508374     12.898  36.033642    10.9834    5.75390     12.790    32.0208    24.4596 -9.990e-29
 228.508380     12.913  36.033313    10.9830    5.75905     12.805    32.0208    24.4597 -9.990e-29
 228.508385     12.938  36.033162    10.9828    5.77120     12.830    32.0209    24.4598 -9.990e-29
 228.508391     12.973  36.032981    10.9824    5.76674     12.864    32.0210    24.4600 -9.990e-29
 228.508397     13.017  36.032525    10.9821    5.75917     12.908    32.0208    24.4599 -9.990e-29
 228.508403     13.064  36.032298    10.9816    5.75364     12.955    32.0210    24.4601 -9.990e-29
 228.508409     13.108  36.031994    10.9809    5.74704     12.998    32.0213    24.4605 -9.990e-29
 228.508414     13.144  36.031201    10.9803    5.75678     13.034    32.0210    24.4603 -9.990e-29
 228.508420     13.165  36.030536    10.9804    5.77559     13.055    32.0203    24.4597 -9.990e-29
 228.508426     13.165  36.030790    10.9819    5.79404     13.055    32.0192    24.4587 -9.990e-29
 228.508432     13.143  36.032296    10.9848    5.80932     13.033    32.0182    24.4573 -9.990e-29
 228.508438     13.115  36.034812    10.9884    5.80190     13.005    32.0175    24.4562 -9.990e-29
 228.508443     13.104  36.037765    10.9916    5.79331     12.994    32.0177    24.4558 -9.990e-29
 228.508449     13.136  36.040042    10.9931    5.77533     13.026    32.0186    24.4562 -9.990e-29
 228.508455     13.230  36.040751    10.9925    5.76241     13.119    32.0198    24.4572 -9.990e-29
 228.508461     13.392  36.040274    10.9896    5.75978     13.280    32.0218    24.4593 0.0000e+00
 228.508466     13.618  36.038530    10.9838    5.77138     13.504    32.0250    24.4628 0.0000e+00
 228.508472     13.903  36.034867    10.9731    5.77179     13.787    32.0306    24.4691 0.0000e+00
 228.508478     14.234  36.028319    10.9559    5.72307     14.115    32.0390    24.4786 0.0000e+00
 228.508484     14.595  36.018558    10.9345    5.61921     14.473    32.0479    24.4893 0.0000e+00
 228.508490     14.964  36.007698    10.9143    5.47999     14.839    32.0547    24.4981 0.0000e+00
 228.508495     15.333  35.998069    10.8967    5.32596     15.204    32.0604    24.5056 0.0000e+00
 228.508501     15.706  35.989716    10.8707    5.16817     15.574    32.0747    24.5213 0.0000e+00
 228.508507     16.096  35.976540    10.8054    5.02514     15.961    32.1187    24.5669 0.0000e+00
 228.508513     16.509  35.941523    10.6627    4.91235     16.371    32.2092    24.6620 0.0000e+00
 228.508519     16.955  35.863202    10.4656    4.82910     16.813    32.3052    24.7705 0.0000e+00
 228.508524     17.437  35.762169    10.3045    4.83509     17.291    32.3469    24.8303 0.0000e+00
 228.508530     17.942  35.695996    10.2254    4.86309     17.791    32.3506    24.8466 0.0000e+00
 228.508536     18.456  35.679005    10.2005    4.93826     18.301    32.3555    24.8546 0.0000e+00
 228.508542     18.968  35.686261    10.1909    5.04510     18.809    32.3712    24.8684 0.0000e+00
 228.508547     19.469  35.699947    10.1690    5.13236     19.306    32.4043    24.8979 0.0000e+00
 228.508553     19.944  35.711392    10.1194    5.21297     19.777    32.4601    24.9497 0.0000e+00
 228.508559     20.371  35.711179    10.0503    5.25999     20.200    32.5217    25.0093 0.0000e+00
 228.508565     20.731  35.696769     9.9928    5.29333     20.557    32.5588    25.0478 0.0000e+00
 228.508571     21.012  35.679768     9.9746    5.31847     20.836    32.5578    25.0501 0.0000e+00
 228.508576     21.219  35.672248     9.9915    5.31416     21.041    32.5349    25.0294 0.0000e+00
 228.508582     21.371  35.677060    10.0159    5.29999     21.192    32.5177    25.0119 -9.990e-29
 228.508588     21.488  35.684354    10.0339    5.26901     21.308    32.5089    25.0020 -9.990e-29
 228.508594     21.597  35.687596    10.0514    5.25701     21.416    32.4964    24.9894 -9.990e-29
 228.508600     21.712  35.691111    10.0634    5.25267     21.530    32.4891    24.9817 -9.990e-29
 228.508605     21.832  35.693976    10.0571    5.24916     21.649    32.4976    24.9894 -9.990e-29
 228.508611     21.943  35.691597    10.0425    5.24667     21.759    32.5083    25.0001 -9.990e-29
 228.508617     22.031  35.686965    10.0332    5.23985     21.846    32.5119    25.0045 -9.990e-29
 228.508623     22.093  35.683988    10.0201    5.24179     21.907    32.5206    25.0135 -9.990e-29
 228.508628     22.133  35.677565     9.9973    5.24098     21.947    32.5346    25.0282 -9.990e-29
 228.508634     22.154  35.664172     9.9836    5.26066     21.968    32.5334    25.0295 -9.990e-29
 228.508640     22.156  35.655662     9.9917    5.27099     21.970    32.5175    25.0158 -9.990e-29
 228.508646     22.137  35.661422    10.0014    5.28447     21.951    32.5146    25.0119 -9.990e-29
 228.508652     22.094  35.670059     9.9970    5.28826     21.908    32.5273    25.0226 -9.990e-29
 228.508657     22.046  35.672901     9.9878    5.28344     21.861    32.5385    25.0328 -9.990e-29
 228.508663     22.016  35.673739     9.9794    5.29033     21.831    32.5469    25.0408 -9.990e-29
 228.508669     22.010  35.672564     9.9681    5.28454     21.825    32.5559    25.0497 -9.990e-29
 228.508675     22.023  35.666680     9.9561    5.28341     21.838    32.5608    25.0554 -9.990e-29
 228.508681     22.049  35.658888     9.9504    5.29604     21.864    32.5580    25.0542 -9.990e-29
 228.508686     22.080  35.655049     9.9519    5.29365     21.895    32.5527    25.0499 -9.990e-29
 228.508692     22.109  35.656204     9.9552    5.28433     21.923    32.5509    25.0479 -9.990e-29
 228.508698     22.135  35.658838     9.9567    5.28532     21.949    32.5522    25.0487 -9.990e-29
 228.508704     22.158  35.660291     9.9571    5.28227     21.972    32.5533    25.0495 -9.990e-29
 228.508709     22.181  35.660816     9.9573    5.29412     21.995    32.5537    25.0497 -9.990e-29
 228.508715     22.204  35.661107     9.9571    5.29994     22.018    32.5541    25.0501 -9.990e-29
 228.508721     22.225  35.660984     9.9580    5.29320     22.038    32.5532    25.0492 -9.990e-29
 228.508727     22.237  35.661401     9.9600    5.29238     22.050    32.5518    25.0478 -9.990e-29
 228.508733     22.236  35.662345     9.9598    5.28723     22.049    32.5529    25.0487 -9.990e-29
 228.508738     22.227  35.661705     9.9572    5.29452     22.040    32.5546    25.0505 -9.990e-29
 228.508744     22.212  35.659745     9.9565    5.30671     22.025    32.5533    25.0495 -9.990e-29
 228.508750     22.192  35.659453     9.9601    5.31800     22.006    32.5498    25.0462 -9.990e-29
 228.508756     22.168  35.661556     9.9663    5.32566     21.982    32.5463    25.0425 -9.990e-29
 228.508762     22.149  35.664925     9.9720    5.31609     21.963    32.5446    25.0402 -9.990e-29
 228.508767     22.146  35.667882     9.9731    5.31345     21.960    32.5466    25.0416 -9.990e-29
 228.508773     22.171  35.667639     9.9680    5.29009     21.985    32.5509    25.0458 -9.990e-29
 228.508779     22.222  35.663869     9.9591    5.26471     22.035    32.5551    25.0506 -9.990e-29
 228.508785     22.280  35.657707     9.9502    5.24058     22.093    32.5569    25.0534 -9.990e-29
 228.508791     22.328  35.651019     9.9435    5.21378     22.140    32.5561    25.0539 -9.990e-29
 228.508796     22.361  35.646094     9.9346    5.18703     22.173    32.5591    25.0577 -9.990e-29
 228.508802     22.384  35.639720     9.9133    5.16641     22.196    32.5719    25.0712 -9.990e-29
 228.508808     22.404  35.622273     9.8809    5.17478     22.216    32.5834    25.0855 -9.990e-29
 228.508814     22.418  35.594594     9.8592    5.17937     22.230    32.5748    25.0824 -9.990e-29
 228.508819     22.417  35.577517     9.8607    5.21306     22.229    32.5561    25.0676 -9.990e-29
 228.508825     22.398  35.581898     9.8734    5.24875     22.210    32.5491    25.0600 -9.990e-29
 228.508831     22.359  35.594505     9.8848    5.27794     22.171    32.5517    25.0601 -9.990e-29
 228.508837     22.303  35.604672     9.8996    5.29906     22.116    32.5487    25.0553 -9.990e-29
 228.508843     22.238  35.617543     9.9254    5.33392     22.051    32.5385    25.0431 -9.990e-29
 228.508848     22.173  35.636819     9.9552    5.31305     21.987    32.5312    25.0325 -9.990e-29
 228.508854     22.117  35.653437     9.9762    5.30482     21.931    32.5292    25.0275 -9.990e-29
 228.508860     22.087  35.660961     9.9833    5.27848     21.901    32.5304    25.0273 -9.990e-29
 228.508866     22.099  35.662698     9.9771    5.24978     21.913    32.5378    25.0340 -9.990e-29
 228.508872     22.149  35.660962     9.9583    5.24454     21.963    32.5529    25.0490 -9.990e-29
 228.508877     22.219  35.653433     9.9265    5.23961     22.032    32.5739    25.0706 -9.990e-29
 228.508883     22.288  35.631186     9.8969    5.24827     22.101    32.5780    25.0787 -9.990e-29
 228.508889     22.334  35.606039     9.8959    5.24533     22.146    32.5534    25.0596 -9.990e-29
 228.508895     22.348  35.607804     9.9168    5.25164     22.160    32.5363    25.0429 -9.990e-29
 228.508900     22.340  35.627607     9.9328    5.26366     22.152    32.5420    25.0446 -9.990e-29
 228.508906     22.325  35.639706     9.9333    5.27281     22.137    32.5538    25.0538 -9.990e-29
 228.508912     22.316  35.639488     9.9226    5.28384     22.129    32.5633    25.0629 -9.990e-29
 228.508918     22.311  35.631147     9.9150    5.28012     22.124    32.5617    25.0629 -9.990e-29
 228.508924     22.303  35.625421     9.9206    5.28672     22.116    32.5508    25.0535 -9.990e-29
 228.508929     22.286  35.630927     9.9325    5.29652     22.099    32.5457    25.0476 -9.990e-29
 228.508935     22.264  35.640421     9.9386    5.31395     22.077    32.5498    25.0498 -9.990e-29
 228.508941     22.244  35.643570     9.9385    5.34141     22.057    32.5531    25.0524 -9.990e-29
 228.508947     22.224  35.642328     9.9409    5.33234     22.037    32.5497    25.0493 -9.990e-29
 228.508953     22.198  35.644567     9.9510    5.30494     22.012    32.5429    25.0423 -9.990e-29
 228.508958     22.175  35.652145     9.9637    5.27935     21.989    32.5391    25.0373 -9.990e-29
 228.508964     22.169  35.660021     9.9692    5.24521     21.983    32.5421    25.0387 -9.990e-29
 228.508970     22.192  35.664117     9.9594    5.22432     22.006    32.5551    25.0505 -9.990e-29
 228.508976     22.247  35.663166     9.9336    5.19460     22.060    32.5774    25.0722 -9.990e-29
 228.508981     22.320  35.654775     9.9012    5.18092     22.133    32.5981    25.0937 -9.990e-29
 228.508987     22.385  35.638216     9.8759    5.18438     22.197    32.6041    25.1025 -9.990e-29
 228.508993     22.422  35.618879     9.8676    5.21350     22.234    32.5919    25.0944 -9.990e-29
 228.508999     22.427  35.606107     9.8747    5.24654     22.239    32.5725    25.0781 -9.990e-29
 228.509005     22.406  35.605284     9.8879    5.28685     22.218    32.5598    25.0660 -9.990e-29
 228.509010     22.357  35.609515     9.9033    5.30628     22.169    32.5502    25.0559 -9.990e-29
 228.509016     22.287  35.614911     9.9245    5.32529     22.100    32.5366    25.0418 -9.990e-29
 228.509022     22.210  35.628669     9.9499    5.32399     22.023    32.5277    25.0307 -9.990e-29
 228.509028     22.149  35.646711     9.9696    5.29265     21.963    32.5283    25.0279 -9.990e-29
 228.509034     22.121  35.657776     9.9782    5.25798     21.935    32.5318    25.0292 -9.990e-29
 228.509039     22.137  35.660922     9.9754    5.20357     21.951    32.5375    25.0341 -9.990e-29
 228.509045     22.197  35.659228     9.9555    5.16042     22.011    32.5537    25.0500 -9.990e-29
 228.509051     22.289  35.647634     9.9097    5.12886     22.102    32.5832    25.0806 -9.990e-29
 228.509057     22.389  35.614604     9.8531    5.08852     22.201    32.6007    25.1036 -9.990e-29
 228.509063     22.473  35.571040     9.8203    5.09517     22.284    32.5860    25.0975 -9.990e-29
 228.509068     22.529  35.551355     9.8200    5.13448     22.340    32.5662    25.0821 -9.990e-29
 228.509074     22.561  35.559562     9.8317    5.19388     22.371    32.5640    25.0785 -9.990e-29
 228.509080     22.583  35.568474     9.8395    5.27076     22.393    32.5660    25.0788 -9.990e-29
 228.509086     22.607  35.568670     9.8482    5.33544     22.417    32.5583    25.0714 -9.990e-29
 228.509091     22.632  35.572752     9.8710    5.34941     22.442    32.5419    25.0548 -9.990e-29
 228.509097     22.670  35.591769     9.9062    5.32351     22.480    32.5294    25.0393 -9.990e-29
 228.509103     22.743  35.620240     9.9379    5.25274     22.552    32.5297    25.0343 -9.990e-29
 228.509109     22.879  35.642867     9.9511    5.15095     22.687    32.5407    25.0407 0.0000e+00
 228.509115     23.094  35.650020     9.9322    5.03668     22.900    32.5650    25.0627 0.0000e+00
 228.509120     23.393  35.636105     9.8670    4.88271     23.196    32.6096    25.1083 0.0000e+00
 228.509126     23.765  35.587056     9.7544    4.73510     23.565    32.6615    25.1673 0.0000e+00
 228.509132     24.196  35.498023     9.6123    4.56857     23.993    32.6995    25.2201 0.0000e+00
 228.509138     24.675  35.387646     9.4729    4.41858     24.468    32.7132    25.2534 0.0000e+00
 228.509144     25.185  35.282536     9.3656    4.29984     24.973    32.7029    25.2625 0.0000e+00
 228.509149     25.711  35.205666     9.2885    4.18818     25.495    32.6940    25.2678 0.0000e+00
 228.509155     26.245  35.155428     9.2117    4.08448     26.024    32.7122    25.2943 0.0000e+00
 228.509161     26.777  35.106864     9.1104    3.99430     26.552    32.7547    25.3435 0.0000e+00
 228.509167     27.295  35.043425     9.0034    3.92204     27.065    32.7872    25.3856 0.0000e+00
 228.509172     27.785  34.980864     8.9378    3.89712     27.551    32.7824    25.3921 0.0000e+00
 228.509178     28.247  34.948988     8.9213    3.87962     28.009    32.7642    25.3804 0.0000e+00
 228.509184     28.695  34.947320     8.9049    3.88653     28.454    32.7774    25.3933 0.0000e+00
