data/oxygen options/ONMS/Olympic_Coast_National_Marine_Sanctuary_Hypoxia_Survey_CTD_Data_2004_2015/raw_data/2005/CTD_TH100_052405faedb.cnv
* Sea-Bird SBE19 Data File:
* FileName = C:\Documents and Settings\kirner.PTANGELES\Desktop\hypoxia CTD data\TH100_052405.hex
* Software Version 1.1.5
* Temperature SN = 2997
* Conductivity SN = 2997
* System UpLoad Time = May 24 2005 18:40:13
* SEACAT PROFILER V3.1c SN 2997   05/24/05  18:39:07.426
* strain gauge pressure sensor: S/N = 184829,  range = 3000 psia,  tc = 40
# nquan = 9
# nvalues = 100                         
# units = specified
# name 0 = timeJ: Julian Days
# name 1 = prSM: Pressure, Strain Gauge [db]
# name 2 = c0mS/cm: Conductivity [mS/cm]
# name 3 = t090C: Temperature [ITS-90, deg C]
# name 4 = oxML/L: Oxygen, Beckman/YSI [ml/l]
# name 5 = depSM: Depth [salt water, m], lat = 47.5
# name 6 = sal00: Salinity, Practical [PSU]
# name 7 = sigma-é00: Density [sigma-theta, kg/m^3]
# name 8 = flag: flag
# span 0 = 144.674252, 144.675551       
# span 1 =      4.000,    103.000       
# span 2 =  35.209308,  37.057705       
# span 3 =     8.4372,    13.5404       
# span 4 =    2.95393,    6.62832       
# span 5 =      3.967,    102.115       
# span 6 =    29.3828,    33.4617       
# span 7 =    21.9416,    26.0017       
# span 8 = 0.0000e+00, 0.0000e+00       
# interval = decibars: 1                
# start_time = May 24 2005 16:07:42 [Instrument's time stamp, header]
# bad_flag = -9.990e-29
*END*
 144.674252      4.000  35.455960    13.5404    6.03101      3.967    29.3828    21.9416 0.0000e+00
 144.674271      5.000  36.148609    12.8078    6.24006      4.958    30.6038    23.0266 0.0000e+00
 144.674284      6.000  36.488754    12.4491    6.43793      5.950    31.2174    23.5696 0.0000e+00
 144.674297      7.000  36.546024    12.3344    6.48361      6.942    31.3666    23.7068 0.0000e+00
 144.674311      8.000  36.539146    12.3224    6.42145      7.933    31.3697    23.7115 0.0000e+00
 144.674325      9.000  36.532389    12.2793    6.43701      8.925    31.3990    23.7422 0.0000e+00
 144.674336     10.000  36.538895    12.2276    6.53347      9.917    31.4481    23.7900 0.0000e+00
 144.674348     11.000  36.558809    12.2112    6.62832     10.908    31.4806    23.8182 0.0000e+00
 144.674359     12.000  36.594046    12.2132    6.62526     11.899    31.5122    23.8424 0.0000e+00
 144.674370     13.000  36.630211    12.1848    6.44399     12.891    31.5704    23.8928 0.0000e+00
 144.674381     14.000  36.609134    12.0675    6.09711     13.883    31.6490    23.9756 0.0000e+00
 144.674393     15.000  36.508000    11.8922    5.75628     14.874    31.7001    24.0475 0.0000e+00
 144.674405     16.000  36.312503    11.6267    5.58860     15.866    31.7369    24.1244 0.0000e+00
 144.674416     17.000  36.103629    11.4078    5.68118     16.858    31.7206    24.1512 0.0000e+00
 144.674428     18.000  36.063780    11.3816    5.93312     17.849    31.7038    24.1429 0.0000e+00
 144.674439     19.000  36.242905    11.5134    6.18894     18.841    31.7649    24.1668 0.0000e+00
 144.674451     20.000  36.474297    11.6783    6.37514     19.832    31.8481    24.2015 0.0000e+00
 144.674462     21.000  36.665896    11.8002    6.47492     20.824    31.9288    24.2421 0.0000e+00
 144.674472     22.000  36.789014    11.8740    6.50438     21.815    31.9842    24.2716 0.0000e+00
 144.674483     23.000  36.859819    11.9214    6.47237     22.806    32.0115    24.2840 0.0000e+00
 144.674494     24.000  36.921947    11.9499    6.43967     23.798    32.0466    24.3061 0.0000e+00
 144.674505     25.000  36.974661    11.9368    6.37853     24.790    32.1083    24.3563 0.0000e+00
 144.674518     26.000  36.995354    11.9098    6.33629     25.782    32.1512    24.3947 0.0000e+00
 144.674529     27.000  36.995092    11.8553    6.32119     26.773    32.1977    24.4408 0.0000e+00
 144.674542     28.000  37.008506    11.8087    6.31743     27.764    32.2507    24.4905 0.0000e+00
 144.674554     29.000  37.014893    11.8049    6.29150     28.756    32.2597    24.4983 0.0000e+00
 144.674565     30.000  37.015427    11.7907    6.28451     29.748    32.2721    24.5105 0.0000e+00
 144.674576     31.000  37.001349    11.7779    6.26102     30.739    32.2692    24.5106 0.0000e+00
 144.674585     32.000  36.993834    11.7681    6.25985     31.731    32.2700    24.5131 0.0000e+00
 144.674596     33.000  36.986303    11.7593    6.27499     32.722    32.2699    24.5146 0.0000e+00
 144.674607     34.000  36.993775    11.7622    6.25226     33.713    32.2742    24.5175 0.0000e+00
 144.674620     35.000  37.010779    11.7703    6.25331     34.705    32.2833    24.5230 0.0000e+00
 144.674634     36.000  37.031027    11.7770    6.26832     35.696    32.2967    24.5322 0.0000e+00
 144.674648     37.000  37.035764    11.7802    6.28055     36.688    32.2981    24.5327 0.0000e+00
 144.674661     38.000  37.042932    11.7877    6.27250     37.679    32.2981    24.5314 0.0000e+00
 144.674672     39.000  37.053209    11.7933    6.29527     38.671    32.3029    24.5341 0.0000e+00
 144.674684     40.000  37.057705    11.7909    6.27029     39.663    32.3088    24.5392 0.0000e+00
 144.674694     41.000  37.048095    11.7728    6.26080     40.654    32.3149    24.5473 0.0000e+00
 144.674706     42.000  37.031753    11.7574    6.25689     41.645    32.3119    24.5478 0.0000e+00
 144.674718     43.000  37.025123    11.7528    6.24408     42.637    32.3091    24.5465 0.0000e+00
 144.674731     44.000  37.026493    11.7532    6.25268     43.628    32.3097    24.5469 0.0000e+00
 144.674745     45.000  37.023322    11.7481    6.27055     44.620    32.3106    24.5486 0.0000e+00
 144.674758     46.000  37.017811    11.7379    6.25147     45.611    32.3137    24.5529 0.0000e+00
 144.674770     47.000  37.005955    11.7168    6.15613     46.602    32.3201    24.5618 0.0000e+00
 144.674782     48.000  36.979021    11.6670    6.10143     47.594    32.3369    24.5838 0.0000e+00
 144.674793     49.000  36.909663    11.5311    6.19183     48.585    32.3875    24.6479 0.0000e+00
 144.674804     50.000  36.730901    11.3316    6.12848     49.576    32.3869    24.6834 0.0000e+00
 144.674817     51.000  36.553768    11.2110    5.93058     50.568    32.3183    24.6517 0.0000e+00
 144.674830     52.000  36.466295    11.0102    5.91531     51.560    32.4084    24.7573 0.0000e+00
 144.674845     53.000  36.091480    10.4975    5.86971     52.551    32.4898    24.9095 0.0000e+00
 144.674858     54.000  35.782718    10.2537    5.78595     53.542    32.3971    24.8788 0.0000e+00
 144.674872     55.000  35.663802    10.0341    5.73598     54.534    32.4733    24.9748 0.0000e+00
 144.674883     56.000  35.467869     9.8810    5.66378     55.525    32.4118    24.9522 0.0000e+00
 144.674894     57.000  35.419278     9.8244    5.63450     56.516    32.4128    24.9623 0.0000e+00
 144.674906     58.000  35.373141     9.7484    5.61171     57.508    32.4338    24.9911 0.0000e+00
 144.674917     59.000  35.327390     9.6994    5.65864     58.499    32.4308    24.9968 0.0000e+00
 144.674930     60.000  35.301922     9.6439    5.78705     59.491    32.4545    25.0243 0.0000e+00
 144.674941     61.000  35.249674     9.5559    5.79251     60.482    32.4802    25.0585 0.0000e+00
 144.674954     62.000  35.224466     9.5042    5.66395     61.473    32.5007    25.0830 0.0000e+00
 144.674966     63.000  35.222417     9.4816    5.57190     62.464    32.5187    25.1006 0.0000e+00
 144.674980     64.000  35.232090     9.4799    5.54253     63.456    32.5297    25.1095 0.0000e+00
 144.674993     65.000  35.234678     9.4641    5.49829     64.447    32.5463    25.1250 0.0000e+00
 144.675006     66.000  35.215906     9.4056    5.42379     65.439    32.5797    25.1606 0.0000e+00
 144.675017     67.000  35.209308     9.3862    5.32313     66.430    32.5902    25.1719 0.0000e+00
 144.675030     68.000  35.218212     9.3627    5.22142     67.421    32.6203    25.1991 0.0000e+00
 144.675044     69.000  35.224505     9.3299    5.14464     68.413    32.6562    25.2325 0.0000e+00
 144.675057     70.000  35.226040     9.3232    5.08958     69.404    32.6635    25.2392 0.0000e+00
 144.675070     71.000  35.222604     9.2912    5.00879     70.396    32.6888    25.2641 0.0000e+00
 144.675082     72.000  35.220860     9.2709    4.94897     71.386    32.7052    25.2801 0.0000e+00
 144.675094     73.000  35.223751     9.2626    4.90327     72.378    32.7152    25.2893 0.0000e+00
 144.675107     74.000  35.228155     9.2554    4.87958     73.369    32.7259    25.2989 0.0000e+00
 144.675121     75.000  35.234762     9.2510    4.83132     74.361    32.7363    25.3078 0.0000e+00
 144.675135     76.000  35.240249     9.2404    4.73344     75.352    32.7513    25.3211 0.0000e+00
 144.675147     77.000  35.251232     9.2143    4.54466     76.343    32.7861    25.3525 0.0000e+00
 144.675159     78.000  35.271961     9.1833    4.32095     77.335    32.8356    25.3961 0.0000e+00
 144.675173     79.000  35.292846     9.1584    4.16653     78.326    32.8798    25.4346 0.0000e+00
 144.675187     80.000  35.311279     9.1430    4.10091     79.317    32.9126    25.4628 0.0000e+00
 144.675203     81.000  35.313604     9.1307    4.04178     80.308    32.9259    25.4751 0.0000e+00
 144.675218     82.000  35.323072     9.1100    3.92628     81.300    32.9544    25.5007 0.0000e+00
 144.675232     83.000  35.326953     9.0782    3.72314     82.291    32.9874    25.5315 0.0000e+00
 144.675245     84.000  35.337494     8.9946    3.54158     83.282    33.0755    25.6135 0.0000e+00
 144.675257     85.000  35.346355     8.9111    3.42422     84.273    33.1621    25.6944 0.0000e+00
 144.675270     86.000  35.337244     8.8551    3.40389     85.264    33.2044    25.7362 0.0000e+00
 144.675284     87.000  35.327494     8.8364    3.42496     86.256    33.2113    25.7446 0.0000e+00
 144.675299     88.000  35.327525     8.8447    3.45152     87.247    33.2030    25.7368 0.0000e+00
 144.675314     89.000  35.326148     8.8345    3.43630     88.238    33.2108    25.7445 0.0000e+00
 144.675327     90.000  35.320937     8.8156    3.36654     89.230    33.2226    25.7567 0.0000e+00
 144.675340     91.000  35.315463     8.7831    3.28905     90.221    33.2468    25.7807 0.0000e+00
 144.675352     92.000  35.303977     8.7028    3.20380     91.211    33.3098    25.8424 0.0000e+00
 144.675366     93.000  35.282083     8.6269    3.12404     92.203    33.3578    25.8917 0.0000e+00
 144.675382     94.000  35.279240     8.5954    3.06534     93.194    33.3841    25.9171 0.0000e+00
 144.675399     95.000  35.244369     8.4951    2.99480     94.185    33.4418    25.9777 0.0000e+00
 144.675416     96.000  35.233196     8.4835    2.97837     95.176    33.4406    25.9785 0.0000e+00
 144.675431     97.000  35.221541     8.4477    2.96374     96.168    33.4617    26.0006 0.0000e+00
 144.675445     98.000  35.215377     8.4406    2.95741     97.159    33.4615    26.0015 0.0000e+00
 144.675459     99.000  35.215790     8.4418    2.96717     98.150    33.4604    26.0004 0.0000e+00
 144.675474    100.000  35.213298     8.4376    2.96480     99.141    33.4612    26.0017 0.0000e+00
 144.675490    101.000  35.214196     8.4386    2.95819    100.132    33.4608    26.0012 0.0000e+00
 144.675507    102.000  35.213531     8.4376    2.96280    101.124    33.4606    26.0012 0.0000e+00
 144.675551    103.000  35.211257     8.4372    2.95393    102.115    33.4580    25.9993 0.0000e+00
