data/oxygen options/ONMS/Olympic_Coast_National_Marine_Sanctuary_Hypoxia_Survey_CTD_Data_2004_2015/raw_data/2005/CTD_CE40_060805faed.cnv
* Sea-Bird SBE19 Data File:
* FileName = C:\hypoxia CTD data\CE40_060805.hex
* Software Version 1.1.5
* Temperature SN = 2997
* Conductivity SN = 2997
* System UpLoad Time = Jun 08 2005 15:58:33
* SEACAT PROFILER V3.1c SN 2997   06/08/05  15:57:44.235
* strain gauge pressure sensor: S/N = 184829,  range = 3000 psia,  tc = 40
# nquan = 9                                 
# nvalues = 1156                        
# units = specified
# name 0 = timeJ: Julian Days
# name 1 = prSM: Pressure, Strain Gauge [db]
# name 2 = c0mS/cm: Conductivity [mS/cm]
# name 3 = t090C: Temperature [ITS-90, deg C]
# name 4 = oxML/L: Oxygen, Beckman/YSI [ml/l]
# name 5 = depSM: Depth [salt water, m], lat = 47.5
# name 6 = sal00: Salinity, Practical [PSU]
# name 7 = sigma-é00: Density [sigma-theta, kg/m^3]
# name 8 = flag: flag
# span 0 = 159.564282, 159.570966       
# span 1 =     -3.841,     41.985       
# span 2 =   0.166568,  36.778331       
# span 3 =     9.9121,    15.5960       
# span 4 =   -0.12142,   24.67416       
# span 5 =     -3.809,     41.630       
# span 6 =     0.1029,    32.5585       
# span 7 =    -0.5877,    25.0611       
# span 8 = 0.0000e+00, 0.0000e+00       
# interval = seconds: 0.5
# start_time = Jun 08 2005 13:32:34 [Instrument's time stamp, header]
# bad_flag = -9.990e-29
*END*
[from data line 321]
 159.566140      2.019  36.541484    15.5496    6.11816      2.002    28.8496    21.1201 -9.990e-29
 159.566146      2.019  36.540605    15.5480    6.10791      2.002    28.8500    21.1207 -9.990e-29
 159.566152      2.018  36.539451    15.5470    6.10348      2.001    28.8497    21.1207 -9.990e-29
 159.566157      2.017  36.538729    15.5471    6.10947      2.000    28.8490    21.1201 -9.990e-29
 159.566163      2.015  36.538604    15.5476    6.11330      1.998    28.8485    21.1197 -9.990e-29
 159.566169      2.012  36.538912    15.5480    6.11872      1.995    28.8485    21.1196 -9.990e-29
 159.566175      2.009  36.539509    15.5483    6.11684      1.992    28.8488    21.1197 -9.990e-29
 159.566181      2.005  36.540074    15.5489    6.11408      1.988    28.8489    21.1197 -9.990e-29
 159.566186      2.004  36.540804    15.5498    6.11096      1.987    28.8488    21.1194 -9.990e-29
 159.566192      2.014  36.541558    15.5503    6.11009      1.997    28.8491    21.1196 -9.990e-29
 159.566198      2.037  36.541664    15.5503    6.10964      2.020    28.8492    21.1196 -9.990e-29
 159.566204      2.060  36.541269    15.5501    6.10904      2.043    28.8490    21.1195 -9.990e-29
 159.566209      2.072  36.540973    15.5497    6.10603      2.055    28.8490    21.1196 -9.990e-29
 159.566215      2.075  36.540946    15.5484    6.10046      2.058    28.8500    21.1206 -9.990e-29
 159.566221      2.077  36.540035    15.5447    6.11090      2.060    28.8519    21.1229 -9.990e-29
 159.566227      2.081  36.536470    15.5395    6.11936      2.064    28.8525    21.1245 -9.990e-29
 159.566233      2.090  36.531670    15.5365    6.12338      2.073    28.8505    21.1236 -9.990e-29
 159.566238      2.098  36.529334    15.5371    6.11795      2.080    28.8480    21.1215 -9.990e-29
 159.566244      2.099  36.530275    15.5398    6.10917      2.081    28.8469    21.1201 -9.990e-29
 159.566250      2.091  36.532947    15.5427    6.10361      2.074    28.8471    21.1196 -9.990e-29
 159.566256      2.083  36.535872    15.5449    6.10364      2.066    28.8481    21.1199 -9.990e-29
 159.566262      2.079  36.537909    15.5460    6.10696      2.062    28.8490    21.1204 -9.990e-29
 159.566267      2.078  36.538418    15.5454    6.11206      2.061    28.8499    21.1212 -9.990e-29
 159.566273      2.080  36.537520    15.5444    6.11524      2.063    28.8499    21.1214 -9.990e-29
 159.566279      2.086  36.536268    15.5440    6.11031      2.069    28.8491    21.1209 -9.990e-29
 159.566285      2.092  36.535798    15.5448    6.10320      2.075    28.8481    21.1199 -9.990e-29
 159.566291      2.093  36.536612    15.5468    6.09981      2.076    28.8473    21.1189 -9.990e-29
 159.566296      2.094  36.538675    15.5493    6.10422      2.077    28.8473    21.1184 -9.990e-29
 159.566302      2.104  36.540821    15.5511    6.11020      2.086    28.8479    21.1184 -9.990e-29
 159.566308      2.128  36.541990    15.5523    6.10736      2.110    28.8480    21.1183 -9.990e-29
 159.566314      2.158  36.542627    15.5527    6.10052      2.140    28.8483    21.1184 -9.990e-29
 159.566319      2.184  36.543023    15.5523    6.09763      2.166    28.8489    21.1190 -9.990e-29
 159.566325      2.202  36.543153    15.5520    6.10165      2.184    28.8492    21.1193 -9.990e-29
 159.566331      2.215  36.543194    15.5521    6.11108      2.197    28.8492    21.1192 -9.990e-29
 159.566337      2.223  36.543204    15.5523    6.11118      2.204    28.8490    21.1191 -9.990e-29
 159.566343      2.227  36.543202    15.5526    6.10283      2.208    28.8488    21.1188 -9.990e-29
 159.566348      2.226  36.543190    15.5528    6.09818      2.207    28.8487    21.1187 -9.990e-29
 159.566354      2.225  36.543158    15.5529    6.10326      2.206    28.8486    21.1186 -9.990e-29
 159.566360      2.228  36.543067    15.5528    6.10769      2.209    28.8485    21.1186 -9.990e-29
 159.566366      2.232  36.542802    15.5520    6.10006      2.213    28.8489    21.1190 -9.990e-29
 159.566372      2.231  36.542016    15.5510    6.09512      2.212    28.8489    21.1193 -9.990e-29
 159.566377      2.227  36.541346    15.5508    6.09893      2.208    28.8485    21.1190 -9.990e-29
 159.566383      2.223  36.541585    15.5506    6.10530      2.204    28.8489    21.1193 -9.990e-29
 159.566389      2.226  36.541937    15.5501    6.10621      2.207    28.8495    21.1199 -9.990e-29
 159.566395      2.239  36.542127    15.5500    6.09927      2.220    28.8498    21.1201 -9.990e-29
 159.566400      2.252  36.542411    15.5507    6.09614      2.233    28.8495    21.1198 -9.990e-29
 159.566406      2.262  36.542422    15.5514    6.09847      2.243    28.8490    21.1192 -9.990e-29
 159.566412      2.271  36.542177    15.5519    6.10423      2.252    28.8484    21.1187 -9.990e-29
 159.566418      2.278  36.542287    15.5526    6.10498      2.259    28.8480    21.1182 -9.990e-29
 159.566424      2.280  36.542900    15.5534    6.09924      2.261    28.8479    21.1180 -9.990e-29
 159.566429      2.273  36.543713    15.5545    6.09320      2.254    28.8479    21.1177 -9.990e-29
 159.566435      2.259  36.544689    15.5554    6.09266      2.240    28.8481    21.1177 -9.990e-29
 159.566441      2.248  36.545451    15.5556    6.09776      2.229    28.8486    21.1180 -9.990e-29
 159.566447      2.242  36.545335    15.5553    6.10236      2.223    28.8487    21.1182 -9.990e-29
 159.566453      2.238  36.544748    15.5552    6.09985      2.219    28.8483    21.1179 -9.990e-29
 159.566458      2.230  36.544592    15.5553    6.09874      2.211    28.8481    21.1177 -9.990e-29
 159.566464      2.222  36.544661    15.5553    6.10006      2.203    28.8481    21.1177 -9.990e-29
 159.566470      2.218  36.544485    15.5546    6.09727      2.199    28.8485    21.1182 -9.990e-29
 159.566476      2.218  36.543833    15.5529    6.09355      2.199    28.8491    21.1190 -9.990e-29
 159.566481      2.225  36.542397    15.5503    6.09283      2.206    28.8498    21.1201 -9.990e-29
 159.566487      2.241  36.539948    15.5472    6.09005      2.222    28.8499    21.1208 -9.990e-29
 159.566493      2.258  36.537146    15.5445    6.09809      2.239    28.8494    21.1210 -9.990e-29
 159.566499      2.273  36.535301    15.5426    6.09822      2.254    28.8492    21.1213 -9.990e-29
 159.566505      2.286  36.534198    15.5418    6.10191      2.267    28.8488    21.1211 -9.990e-29
 159.566510      2.299  36.533487    15.5421    6.10684      2.280    28.8479    21.1204 -9.990e-29
 159.566516      2.312  36.533344    15.5426    6.10700      2.293    28.8475    21.1199 -9.990e-29
 159.566522      2.326  36.533018    15.5427    6.10281      2.307    28.8471    21.1196 -9.990e-29
 159.566528      2.343  36.532637    15.5425    6.09312      2.323    28.8469    21.1195 -9.990e-29
 159.566534      2.362  36.532816    15.5426    6.10542      2.342    28.8470    21.1196 -9.990e-29
 159.566539      2.386  36.533235    15.5432    6.09552      2.366    28.8469    21.1194 -9.990e-29
 159.566545      2.416  36.533893    15.5438    6.09549      2.396    28.8470    21.1194 -9.990e-29
 159.566551      2.453  36.534547    15.5438    6.11683      2.433    28.8476    21.1198 -9.990e-29
 159.566557      2.496  36.534389    15.5435    6.10388      2.475    28.8476    21.1199 -9.990e-29
 159.566563      2.544  36.533770    15.5432    6.09582      2.523    28.8473    21.1197 -9.990e-29
 159.566568      2.603  36.533549    15.5435    6.12701      2.581    28.8469    21.1193 -9.990e-29
 159.566574      2.682  36.533994    15.5447    6.11266      2.660    28.8464    21.1187 -9.990e-29
 159.566580      2.781  36.535137    15.5455    6.09122      2.758    28.8467    21.1188 -9.990e-29
 159.566586      2.898  36.535702    15.5438    6.08640      2.874    28.8484    21.1205 -9.990e-29
 159.566591      3.033  36.534200    15.5399    6.07840      3.008    28.8499    21.1224 0.0000e+00
 159.566597      3.184  36.531431    15.5317    6.09267      3.157    28.8535    21.1269 0.0000e+00
 159.566603      3.354  36.527069    15.5099    6.11353      3.326    28.8655    21.1408 0.0000e+00
 159.566609      3.540  36.515859    15.4730    6.11592      3.510    28.8826    21.1618 0.0000e+00
 159.566615      3.733  36.500798    15.4369    6.12399      3.702    28.8958    21.1796 0.0000e+00
 159.566620      3.919  36.492076    15.4079    6.14755      3.886    28.9093    21.1962 0.0000e+00
 159.566626      4.093  36.485908    15.3716    6.16645      4.059    28.9305    21.2202 0.0000e+00
 159.566632      4.257  36.470698    15.3276    6.17409      4.221    28.9494    21.2441 0.0000e+00
 159.566638      4.405  36.448593    15.2945    6.17194      4.368    28.9543    21.2548 -9.990e-29
 159.566644      4.526  36.432725    15.2803    6.15970      4.488    28.9507    21.2551 -9.990e-29
 159.566649      4.618  36.427158    15.2821    6.16418      4.579    28.9444    21.2499 -9.990e-29
 159.566655      4.687  36.428387    15.2877    6.16814      4.648    28.9414    21.2463 -9.990e-29
 159.566661      4.737  36.430762    15.2855    6.17191      4.697    28.9451    21.2496 -9.990e-29
 159.566667      4.772  36.430165    15.2770    6.16858      4.732    28.9508    21.2558 -9.990e-29
 159.566672      4.798  36.427484    15.2657    6.16136      4.758    28.9567    21.2628 -9.990e-29
 159.566678      4.826  36.423072    15.2529    6.16664      4.786    28.9623    21.2697 -9.990e-29
 159.566684      4.861  36.417776    15.2399    6.18506      4.820    28.9672    21.2763 -9.990e-29
 159.566690      4.901  36.412943    15.2298    6.19379      4.860    28.9703    21.2808 -9.990e-29
 159.566696      4.936  36.410537    15.2252    6.19523      4.895    28.9716    21.2828 -9.990e-29
 159.566701      4.955  36.410715    15.2238    6.18209      4.914    28.9728    21.2840 -9.990e-29
 159.566707      4.961  36.410348    15.2229    6.17424      4.920    28.9731    21.2844 -9.990e-29
 159.566713      4.965  36.408386    15.2220    6.18044      4.924    28.9720    21.2838 -9.990e-29
 159.566719      4.976  36.406701    15.2204    6.19158      4.934    28.9717    21.2839 -9.990e-29
 159.566725      4.992  36.406413    15.2189    6.19752      4.950    28.9726    21.2848 -9.990e-29
 159.566730      5.009  36.407141    15.2189    6.19395      4.967    28.9732    21.2853 -9.990e-29
 159.566736      5.023  36.407611    15.2203    6.18335      4.981    28.9726    21.2846 -9.990e-29
 159.566742      5.031  36.406771    15.2229    6.17544      4.989    28.9699    21.2820 -9.990e-29
 159.566748      5.039  36.405744    15.2247    6.18121      4.997    28.9677    21.2799 -9.990e-29
 159.566753      5.054  36.405404    15.2233    6.19409      5.012    28.9684    21.2807 -9.990e-29
 159.566759      5.078  36.405301    15.2206    6.20142      5.036    28.9703    21.2827 -9.990e-29
 159.566765      5.101  36.405860    15.2197    6.19899      5.058    28.9715    21.2838 -9.990e-29
 159.566771      5.113  36.406706    15.2212    6.18470      5.070    28.9711    21.2832 -9.990e-29
 159.566777      5.118  36.406725    15.2245    6.18137      5.075    28.9687    21.2807 -9.990e-29
 159.566782      5.118  36.406506    15.2279    6.19077      5.075    28.9660    21.2779 -9.990e-29
 159.566788      5.123  36.406877    15.2282    6.19144      5.080    28.9661    21.2779 -9.990e-29
 159.566794      5.132  36.407217    15.2250    6.19369      5.089    28.9687    21.2806 -9.990e-29
 159.566800      5.139  36.406859    15.2224    6.19988      5.096    28.9703    21.2824 -9.990e-29
 159.566806      5.138  36.406447    15.2225    6.20104      5.095    28.9699    21.2820 -9.990e-29
 159.566811      5.131  36.406554    15.2234    6.19504      5.088    28.9693    21.2814 -9.990e-29
 159.566817      5.116  36.406763    15.2236    6.19130      5.073    28.9694    21.2814 -9.990e-29
 159.566823      5.097  36.406795    15.2237    6.18657      5.054    28.9693    21.2813 -9.990e-29
 159.566829      5.081  36.406694    15.2233    6.18834      5.039    28.9695    21.2816 -9.990e-29
 159.566834      5.072  36.406326    15.2218    6.18778      5.030    28.9703    21.2825 -9.990e-29
 159.566840      5.069  36.405765    15.2208    6.18825      5.027    28.9706    21.2829 -9.990e-29
 159.566846      5.071  36.405385    15.2211    6.18342      5.029    28.9700    21.2824 -9.990e-29
 159.566852      5.075  36.405241    15.2216    6.18834      5.033    28.9695    21.2819 -9.990e-29
 159.566858      5.077  36.405143    15.2210    6.19688      5.035    28.9699    21.2823 -9.990e-29
 159.566863      5.080  36.404959    15.2192    6.19359      5.038    28.9710    21.2836 -9.990e-29
 159.566869      5.090  36.405008    15.2174    6.18361      5.047    28.9724    21.2850 -9.990e-29
 159.566875      5.103  36.405918    15.2171    6.17782      5.060    28.9734    21.2859 -9.990e-29
 159.566881      5.111  36.408344    15.2182    6.19332      5.068    28.9748    21.2867 -9.990e-29
 159.566887      5.110  36.411034    15.2189    6.20131      5.067    28.9766    21.2880 -9.990e-29
 159.566892      5.100  36.410849    15.2183    6.20531      5.057    28.9769    21.2883 -9.990e-29
 159.566898      5.086  36.408102    15.2172    6.20191      5.043    28.9753    21.2873 -9.990e-29
 159.566904      5.073  36.405862    15.2166    6.18559      5.031    28.9738    21.2862 -9.990e-29
 159.566910      5.071  36.405068    15.2170    6.18475      5.029    28.9728    21.2854 -9.990e-29
 159.566916      5.084  36.405224    15.2179    6.18860      5.042    28.9722    21.2848 -9.990e-29
 159.566921      5.107  36.406541    15.2188    6.19666      5.064    28.9727    21.2850 -9.990e-29
 159.566927      5.134  36.409654    15.2197    6.20366      5.091    28.9748    21.2864 -9.990e-29
 159.566933      5.158  36.412550    15.2201    6.19777      5.115    28.9771    21.2880 -9.990e-29
 159.566939      5.177  36.411801    15.2200    6.19689      5.134    28.9765    21.2876 -9.990e-29
 159.566944      5.195  36.408652    15.2203    6.20174      5.152    28.9735    21.2852 -9.990e-29
 159.566950      5.223  36.406755    15.2205    6.20254      5.179    28.9716    21.2838 -9.990e-29
 159.566956      5.266  36.406946    15.2203    6.18284      5.222    28.9719    21.2841 -9.990e-29
 159.566962      5.323  36.407803    15.2199    6.19848      5.279    28.9730    21.2849 -9.990e-29
 159.566968      5.390  36.408226    15.2197    6.16333      5.345    28.9734    21.2854 -9.990e-29
 159.566973      5.465  36.408218    15.2198    6.15070      5.419    28.9733    21.2853 -9.990e-29
 159.566979      5.554  36.407771    15.2191    6.16773      5.508    28.9734    21.2855 -9.990e-29
 159.566985      5.662  36.406850    15.2165    6.19159      5.615    28.9745    21.2869 -9.990e-29
 159.566991      5.797  36.405911    15.2098    6.23329      5.749    28.9786    21.2914 0.0000e+00
 159.566997      5.967  36.405386    15.1915    6.22742      5.917    28.9916    21.3052 0.0000e+00
 159.567002      6.173  36.403453    15.1586    6.16559      6.121    29.0141    21.3295 0.0000e+00
 159.567008      6.413  36.398659    15.1219    6.12788      6.359    29.0369    21.3548 0.0000e+00
 159.567014      6.684  36.395821    15.0796    6.09043      6.628    29.0657    21.3858 0.0000e+00
 159.567020      6.987  36.402924    15.0104    6.13593      6.929    29.1233    21.4446 0.0000e+00
 159.567025      7.323  36.433918    14.8982    6.27438      7.262    29.2345    21.5535 0.0000e+00
 159.567031      7.685  36.498727    14.7377    6.40107      7.621    29.4128    21.7241 0.0000e+00
 159.567037      8.052  36.582832    14.5334    6.48093      7.985    29.6432    21.9436 0.0000e+00
 159.567043      8.410  36.658183    14.3272    6.43430      8.340    29.8694    22.1600 0.0000e+00
 159.567049      8.751  36.704110    14.1825    6.32336      8.678    30.0229    22.3078 0.0000e+00
 159.567054      9.080  36.721818    14.1107    6.27015      9.004    30.0948    22.3778 0.0000e+00
