data/oxygen options/ONMS/Olympic_Coast_National_Marine_Sanctuary_Hypoxia_Survey_CTD_Data_2004_2015/raw_data/2005/CTD_CA90_081505faed.cnv
* Sea-Bird SBE19 Data File:
* FileName = C:\Hypoxia Data\CA90_081505.hex
* Software Version 1.1.6
* Temperature SN = 2997
* Conductivity SN = 2997
* System UpLoad Time = Aug 15 2005 14:26:54
* SEACAT PROFILER V3.1c SN 2997   08/15/05  14:26:07.816
* strain gauge pressure sensor: S/N = 184829,  range = 3000 psia,  tc = 40
# nquan = 9                                 
# nvalues = 1449                        
# units = specified
# name 0 = timeJ: Julian Days
# name 1 = prSM: Pressure, Strain Gauge [db]
# name 2 = c0mS/cm: Conductivity [mS/cm]
# name 3 = t090C: Temperature [ITS-90, deg C]
# name 4 = oxML/L: Oxygen, Beckman/YSI [ml/l]
# name 5 = depSM: Depth [salt water, m], lat = 47.5
# name 6 = sal00: Salinity, Practical [PSU]
# name 7 = sigma-é00: Density [sigma-theta, kg/m^3]
# name 8 = flag: flag
# span 0 = 227.590220, 227.598600       
# span 1 =     -3.587,     90.961       
# span 2 =   0.939845,  37.459046       
# span 3 =     7.1368,    13.3108       
# span 4 =  -13.52336,   27.79073       
# span 5 =     -3.557,     90.182       
# span 6 =     0.6067,    33.9066       
# span 7 =    -0.1888,    26.5395       
# span 8 = 0.0000e+00, 0.0000e+00       
# interval = seconds: 0.5
# start_time = Aug 15 2005 14:09:55 [Instrument's time stamp, header]
# bad_flag = -9.990e-29
*END*
[from data line 641]
 227.593929     31.282  34.604808     8.2584    4.60299     31.019    33.0186    25.6804 0.0000e+00
 227.593935     31.520  34.600581     8.2502    4.61105     31.255    33.0217    25.6841 0.0000e+00
 227.593941     31.709  34.599240     8.2503    4.61498     31.442    33.0201    25.6828 0.0000e+00
 227.593947     31.842  34.600108     8.2546    4.61410     31.574    33.0169    25.6797 -9.990e-29
 227.593953     31.932  34.600970     8.2564    4.61665     31.663    33.0161    25.6788 -9.990e-29
 227.593958     32.007  34.600726     8.2537    4.61207     31.737    33.0184    25.6809 -9.990e-29
 227.593964     32.084  34.599608     8.2486    4.61292     31.814    33.0219    25.6845 -9.990e-29
 227.593970     32.159  34.597802     8.2443    4.61131     31.888    33.0240    25.6868 -9.990e-29
 227.593976     32.224  34.596255     8.2431    4.61267     31.953    33.0235    25.6865 -9.990e-29
 227.593981     32.276  34.596261     8.2450    4.61729     32.004    33.0217    25.6848 -9.990e-29
 227.593987     32.309  34.597817     8.2485    4.62928     32.037    33.0200    25.6830 -9.990e-29
 227.593993     32.320  34.599628     8.2519    4.62081     32.048    33.0187    25.6815 -9.990e-29
 227.593999     32.319  34.600738     8.2542    4.61777     32.047    33.0178    25.6804 -9.990e-29
 227.594005     32.318  34.600943     8.2555    4.61010     32.046    33.0168    25.6794 -9.990e-29
 227.594010     32.327  34.600509     8.2550    4.61523     32.055    33.0168    25.6795 -9.990e-29
 227.594016     32.353  34.599414     8.2516    4.61700     32.080    33.0188    25.6816 -9.990e-29
 227.594022     32.395  34.597311     8.2472    4.60956     32.122    33.0207    25.6837 -9.990e-29
 227.594028     32.439  34.595314     8.2443    4.60370     32.166    33.0213    25.6846 -9.990e-29
 227.594034     32.473  34.594676     8.2432    4.60169     32.199    33.0216    25.6850 -9.990e-29
 227.594039     32.497  34.595097     8.2428    4.60750     32.223    33.0224    25.6857 -9.990e-29
 227.594045     32.511  34.595449     8.2423    4.61285     32.237    33.0232    25.6864 -9.990e-29
 227.594051     32.516  34.595076     8.2418    4.61004     32.242    33.0233    25.6866 -9.990e-29
 227.594057     32.513  34.594594     8.2418    4.60815     32.239    33.0228    25.6862 -9.990e-29
 227.594063     32.502  34.594476     8.2424    4.61509     32.228    33.0221    25.6856 -9.990e-29
 227.594068     32.486  34.594555     8.2431    4.62520     32.212    33.0216    25.6850 -9.990e-29
 227.594074     32.472  34.594932     8.2436    4.62389     32.198    33.0215    25.6849 -9.990e-29
 227.594080     32.469  34.594984     8.2435    4.61425     32.195    33.0216    25.6850 -9.990e-29
 227.594086     32.480  34.594213     8.2429    4.60197     32.206    33.0214    25.6849 -9.990e-29
 227.594091     32.502  34.593265     8.2421    4.59868     32.228    33.0211    25.6848 -9.990e-29
 227.594097     32.532  34.592550     8.2411    4.61133     32.258    33.0213    25.6851 -9.990e-29
 227.594103     32.563  34.592229     8.2403    4.61737     32.289    33.0217    25.6855 -9.990e-29
 227.594109     32.581  34.592428     8.2404    4.61313     32.307    33.0218    25.6856 -9.990e-29
 227.594115     32.581  34.592845     8.2411    4.61000     32.307    33.0216    25.6853 -9.990e-29
 227.594120     32.578  34.592908     8.2417    4.60696     32.304    33.0211    25.6848 -9.990e-29
 227.594126     32.582  34.592693     8.2414    4.60991     32.308    33.0211    25.6849 -9.990e-29
 227.594132     32.600  34.592471     8.2400    4.61188     32.325    33.0222    25.6860 -9.990e-29
 227.594138     32.624  34.591939     8.2388    4.61412     32.349    33.0228    25.6866 -9.990e-29
 227.594144     32.637  34.591502     8.2387    4.62732     32.362    33.0224    25.6863 -9.990e-29
 227.594149     32.633  34.591690     8.2395    4.61785     32.358    33.0218    25.6858 -9.990e-29
 227.594155     32.615  34.592186     8.2408    4.61452     32.340    33.0212    25.6850 -9.990e-29
 227.594161     32.596  34.592524     8.2418    4.61112     32.321    33.0206    25.6844 -9.990e-29
 227.594167     32.586  34.592587     8.2421    4.60130     32.311    33.0204    25.6842 -9.990e-29
 227.594172     32.589  34.592453     8.2415    4.60589     32.314    33.0208    25.6846 -9.990e-29
 227.594178     32.605  34.591937     8.2408    4.60672     32.330    33.0209    25.6848 -9.990e-29
 227.594184     32.632  34.591467     8.2406    4.60748     32.357    33.0206    25.6846 -9.990e-29
 227.594190     32.667  34.591530     8.2404    4.61213     32.392    33.0208    25.6848 -9.990e-29
 227.594196     32.707  34.591643     8.2395    4.60628     32.431    33.0218    25.6857 -9.990e-29
 227.594201     32.751  34.591389     8.2384    4.62185     32.475    33.0225    25.6864 -9.990e-29
 227.594207     32.802  34.590982     8.2383    4.62105     32.526    33.0221    25.6862 -9.990e-29
 227.594213     32.858  34.590993     8.2395    4.63637     32.581    33.0210    25.6851 -9.990e-29
 227.594219     32.919  34.591432     8.2409    4.64089     32.642    33.0201    25.6842 -9.990e-29
 227.594225     32.993  34.591756     8.2419    4.62498     32.715    33.0195    25.6836 -9.990e-29
 227.594230     33.098  34.591828     8.2420    4.61575     32.819    33.0194    25.6835 -9.990e-29
 227.594236     33.253  34.591740     8.2409    4.60152     32.973    33.0203    25.6843 0.0000e+00
 227.594242     33.472  34.591369     8.2369    4.58213     33.190    33.0236    25.6875 0.0000e+00
 227.594248     33.756  34.590213     8.2272    4.55814     33.472    33.0313    25.6950 0.0000e+00
 227.594253     34.093  34.587286     8.2107    4.54366     33.806    33.0436    25.7071 0.0000e+00
 227.594259     34.471  34.582597     8.1918    4.52124     34.180    33.0562    25.7198 0.0000e+00
 227.594265     34.880  34.577733     8.1755    4.51052     34.586    33.0662    25.7301 0.0000e+00
 227.594271     35.311  34.574045     8.1617    4.49649     35.013    33.0751    25.7391 0.0000e+00
 227.594277     35.754  34.571648     8.1476    4.47669     35.453    33.0857    25.7495 0.0000e+00
 227.594282     36.194  34.569575     8.1345    4.46849     35.889    33.0956    25.7592 0.0000e+00
 227.594288     36.620  34.567295     8.1251    4.46147     36.311    33.1019    25.7655 0.0000e+00
 227.594294     37.030  34.565117     8.1187    4.45722     36.718    33.1054    25.7692 0.0000e+00
 227.594300     37.428  34.563492     8.1140    4.45048     37.112    33.1079    25.7719 0.0000e+00
 227.594306     37.823  34.562486     8.1099    4.44152     37.504    33.1106    25.7746 0.0000e+00
 227.594311     38.222  34.561310     8.1046    4.43909     37.899    33.1141    25.7782 0.0000e+00
 227.594317     38.630  34.559507     8.0968    4.42196     38.304    33.1194    25.7834 0.0000e+00
 227.594323     39.047  34.556906     8.0863    4.43166     38.717    33.1264    25.7905 0.0000e+00
 227.594329     39.470  34.553396     8.0731    4.42918     39.137    33.1349    25.7991 0.0000e+00
 227.594334     39.887  34.549330     8.0570    4.40860     39.550    33.1456    25.8099 0.0000e+00
 227.594340     40.291  34.544881     8.0405    4.40794     39.951    33.1563    25.8207 0.0000e+00
 227.594346     40.681  34.540271     8.0265    4.40475     40.338    33.1645    25.8292 0.0000e+00
 227.594352     41.052  34.536069     8.0160    4.40281     40.705    33.1698    25.8349 0.0000e+00
 227.594358     41.395  34.532828     8.0074    4.41558     41.045    33.1743    25.8397 0.0000e+00
 227.594363     41.696  34.530140     8.0001    4.42880     41.344    33.1782    25.8438 0.0000e+00
 227.594369     41.944  34.527772     7.9964    4.43121     41.590    33.1791    25.8450 0.0000e+00
 227.594375     42.135  34.527041     7.9991    4.42967     41.779    33.1757    25.8420 0.0000e+00
 227.594381     42.272  34.528646     8.0084    4.42675     41.915    33.1685    25.8350 -9.990e-29
 227.594387     42.372  34.531917     8.0185    4.42133     42.014    33.1624    25.8287 -9.990e-29
 227.594392     42.454  34.534481     8.0218    4.42635     42.095    33.1619    25.8279 -9.990e-29
 227.594398     42.528  34.534149     8.0189    4.42329     42.169    33.1643    25.8302 -9.990e-29
 227.594404     42.594  34.531596     8.0147    4.43033     42.234    33.1655    25.8317 -9.990e-29
 227.594410     42.648  34.529016     8.0111    4.42870     42.288    33.1661    25.8328 -9.990e-29
 227.594416     42.684  34.528381     8.0088    4.43580     42.323    33.1676    25.8343 -9.990e-29
 227.594421     42.702  34.529398     8.0078    4.43274     42.341    33.1697    25.8360 -9.990e-29
 227.594427     42.709  34.530422     8.0065    4.42311     42.348    33.1720    25.8380 -9.990e-29
 227.594433     42.721  34.530564     8.0027    4.43045     42.360    33.1757    25.8415 -9.990e-29
 227.594439     42.745  34.529255     7.9969    4.42382     42.384    33.1798    25.8456 -9.990e-29
 227.594444     42.783  34.526983     7.9923    4.43359     42.422    33.1817    25.8477 -9.990e-29
 227.594450     42.822  34.525189     7.9906    4.42978     42.460    33.1814    25.8477 -9.990e-29
 227.594456     42.845  34.524272     7.9910    4.42075     42.483    33.1800    25.8466 -9.990e-29
 227.594462     42.852  34.524116     7.9919    4.42126     42.490    33.1790    25.8457 -9.990e-29
 227.594468     42.841  34.524502     7.9924    4.41276     42.479    33.1790    25.8456 -9.990e-29
 227.594473     42.816  34.524814     7.9927    4.42390     42.454    33.1790    25.8456 -9.990e-29
 227.594479     42.785  34.524897     7.9929    4.43573     42.424    33.1789    25.8455 -9.990e-29
 227.594485     42.749  34.524853     7.9931    4.43874     42.388    33.1787    25.8453 -9.990e-29
 227.594491     42.712  34.524613     7.9943    4.43231     42.351    33.1773    25.8440 -9.990e-29
 227.594497     42.682  34.524407     7.9960    4.41963     42.321    33.1755    25.8423 -9.990e-29
 227.594502     42.675  34.524510     7.9964    4.41603     42.314    33.1753    25.8421 -9.990e-29
 227.594508     42.700  34.524489     7.9951    4.41041     42.339    33.1765    25.8432 -9.990e-29
 227.594514     42.749  34.524307     7.9936    4.41496     42.388    33.1777    25.8444 -9.990e-29
 227.594520     42.804  34.524271     7.9927    4.41871     42.442    33.1785    25.8451 -9.990e-29
 227.594525     42.844  34.524319     7.9930    4.42006     42.482    33.1782    25.8449 -9.990e-29
 227.594531     42.857  34.524503     7.9938    4.42880     42.495    33.1776    25.8443 -9.990e-29
 227.594537     42.854  34.524497     7.9942    4.43842     42.492    33.1772    25.8439 -9.990e-29
 227.594543     42.850  34.524282     7.9940    4.43326     42.488    33.1772    25.8439 -9.990e-29
 227.594549     42.855  34.524125     7.9935    4.43058     42.493    33.1775    25.8443 -9.990e-29
 227.594554     42.864  34.523805     7.9928    4.41852     42.502    33.1778    25.8446 -9.990e-29
 227.594560     42.870  34.523444     7.9919    4.42977     42.508    33.1783    25.8451 -9.990e-29
 227.594566     42.863  34.523112     7.9914    4.42943     42.501    33.1784    25.8453 -9.990e-29
 227.594572     42.841  34.522914     7.9922    4.42829     42.479    33.1775    25.8444 -9.990e-29
 227.594578     42.805  34.523135     7.9943    4.42143     42.443    33.1757    25.8427 -9.990e-29
 227.594583     42.765  34.523499     7.9969    4.40933     42.404    33.1737    25.8407 -9.990e-29
 227.594589     42.738  34.523921     7.9984    4.41095     42.377    33.1727    25.8398 -9.990e-29
 227.594595     42.733  34.524393     7.9977    4.42688     42.372    33.1739    25.8408 -9.990e-29
 227.594601     42.750  34.524415     7.9960    4.43489     42.389    33.1755    25.8423 -9.990e-29
 227.594606     42.777  34.524005     7.9952    4.43070     42.416    33.1758    25.8427 -9.990e-29
 227.594612     42.804  34.523726     7.9956    4.42537     42.442    33.1751    25.8421 -9.990e-29
 227.594618     42.828  34.523753     7.9967    4.42698     42.466    33.1741    25.8411 -9.990e-29
 227.594624     42.854  34.524111     7.9972    4.42288     42.492    33.1740    25.8409 -9.990e-29
 227.594630     42.894  34.524709     7.9965    4.41851     42.532    33.1753    25.8421 -9.990e-29
 227.594635     42.948  34.524653     7.9952    4.41550     42.585    33.1764    25.8431 -9.990e-29
 227.594641     43.005  34.523855     7.9946    4.42871     42.642    33.1761    25.8430 -9.990e-29
 227.594647     43.045  34.523482     7.9949    4.43752     42.681    33.1754    25.8424 -9.990e-29
 227.594653     43.068  34.523586     7.9954    4.43465     42.704    33.1750    25.8420 -9.990e-29
 227.594659     43.083  34.523733     7.9961    4.43871     42.719    33.1745    25.8415 -9.990e-29
 227.594664     43.100  34.524108     7.9974    4.43558     42.736    33.1737    25.8407 -9.990e-29
 227.594670     43.133  34.524643     7.9987    4.42436     42.769    33.1730    25.8400 -9.990e-29
 227.594676     43.196  34.524919     7.9990    4.42330     42.831    33.1730    25.8399 -9.990e-29
 227.594682     43.298  34.524735     7.9981    4.41469     42.932    33.1736    25.8405 -9.990e-29
 227.594687     43.440  34.524395     7.9965    4.41662     43.073    33.1747    25.8416 0.0000e+00
 227.594693     43.625  34.523997     7.9939    4.42625     43.256    33.1766    25.8435 0.0000e+00
 227.594699     43.854  34.522998     7.9893    4.43133     43.483    33.1798    25.8467 0.0000e+00
 227.594705     44.130  34.521175     7.9820    4.44368     43.757    33.1847    25.8516 0.0000e+00
 227.594711     44.448  34.518326     7.9725    4.44782     44.072    33.1905    25.8575 0.0000e+00
 227.594716     44.804  34.514005     7.9631    4.44066     44.425    33.1946    25.8622 0.0000e+00
 227.594722     45.194  34.509725     7.9563    4.42916     44.812    33.1963    25.8645 0.0000e+00
 227.594728     45.609  34.507612     7.9507    4.39426     45.223    33.1992    25.8676 0.0000e+00
 227.594734     46.037  34.506514     7.9432    4.37508     45.648    33.2050    25.8732 0.0000e+00
 227.594740     46.471  34.504392     7.9302    4.35479     46.078    33.2148    25.8828 0.0000e+00
 227.594745     46.904  34.500648     7.9105    4.35306     46.507    33.2294    25.8971 0.0000e+00
 227.594751     47.334  34.495318     7.8880    4.36232     46.934    33.2449    25.9125 0.0000e+00
 227.594757     47.755  34.489691     7.8687    4.35999     47.351    33.2570    25.9249 0.0000e+00
 227.594763     48.150  34.485216     7.8567    4.35844     47.743    33.2635    25.9317 0.0000e+00
 227.594769     48.510  34.482636     7.8535    4.35070     48.099    33.2636    25.9323 0.0000e+00
 227.594774     48.837  34.482419     7.8583    4.33721     48.424    33.2586    25.9277 0.0000e+00
 227.594780     49.144  34.484259     7.8666    4.32806     48.728    33.2526    25.9217 0.0000e+00
 227.594786     49.445  34.486674     7.8715    4.32500     49.026    33.2503    25.9193 0.0000e+00
 227.594792     49.746  34.487830     7.8681    4.28866     49.325    33.2547    25.9232 0.0000e+00
 227.594797     50.054  34.487016     7.8494    4.24868     49.630    33.2715    25.9391 0.0000e+00
 227.594803     50.381  34.482575     7.8143    4.21208     49.954    33.3000    25.9666 0.0000e+00
 227.594809     50.729  34.474742     7.7758    4.18163     50.299    33.3282    25.9943 0.0000e+00
 227.594815     51.082  34.468194     7.7438    4.16967     50.649    33.3517    26.0173 0.0000e+00
 227.594821     51.416  34.464269     7.7213    4.15414     50.981    33.3688    26.0340 0.0000e+00
 227.594826     51.714  34.461637     7.7111    4.15609     51.276    33.3756    26.0408 0.0000e+00
 227.594832     51.965  34.460693     7.7133    4.17060     51.525    33.3724    26.0380 0.0000e+00
 227.594838     52.164  34.461285     7.7244    4.18049     51.722    33.3623    26.0284 0.0000e+00
 227.594844     52.314  34.462508     7.7360    4.17650     51.871    33.3524    26.0190 -9.990e-29
