data/oxygen options/ONMS/Olympic_Coast_National_Marine_Sanctuary_Hypoxia_Survey_CTD_Data_2004_2015/raw_data/2005/CTD_CA100_060705faed.cnv
* Sea-Bird SBE19 Data File:
* FileName = C:\hypoxia CTD data\CA100_060705.hex
* Software Version 1.1.5
* Temperature SN = 2997
* Conductivity SN = 2997
* System UpLoad Time = Jun 07 2005 15:21:59
* SEACAT PROFILER V3.1c SN 2997   06/07/05  15:20:44.165
* strain gauge pressure sensor: S/N = 184829,  range = 3000 psia,  tc = 40
# nquan = 9                                 
# nvalues = 1734                        
# units = specified
# name 0 = timeJ: Julian Days
# name 1 = prSM: Pressure, Strain Gauge [db]
# name 2 = c0mS/cm: Conductivity [mS/cm]
# name 3 = t090C: Temperature [ITS-90, deg C]
# name 4 = oxML/L: Oxygen, Beckman/YSI [ml/l]
# name 5 = depSM: Depth [salt water, m], lat = 47.5
# name 6 = sal00: Salinity, Practical [PSU]
# name 7 = sigma-é00: Density [sigma-theta, kg/m^3]
# name 8 = flag: flag
# span 0 = 158.562326, 158.572355       
# span 1 =     -3.784,     97.481       
# span 2 =   0.363482,  37.034186       
# span 3 =     7.1604,    14.7549       
# span 4 =  -13.94105,   25.69822       
# span 5 =     -3.752,     96.645       
# span 6 =     0.2198,    33.8831       
# span 7 =    -0.6888,    26.5162       
# span 8 = 0.0000e+00, 0.0000e+00       
# interval = seconds: 0.5
# start_time = Jun 07 2005 13:29:45 [Instrument's time stamp, header]
# bad_flag = -9.990e-29
*END*
[from data line 641]
 158.566036     12.192  35.214841    10.4661    5.25917     12.090    31.6586    24.2666 -9.990e-29
 158.566042     12.330  35.215453    10.4616    5.17083     12.227    31.6631    24.2708 0.0000e+00
 158.566047     12.516  35.214204    10.4421    5.05842     12.411    31.6787    24.2863 0.0000e+00
 158.566053     12.746  35.209979    10.3963    4.92362     12.639    31.7143    24.3218 0.0000e+00
 158.566059     13.021  35.199376    10.3118    4.81878     12.912    31.7773    24.3851 0.0000e+00
 158.566065     13.338  35.173289    10.2013    4.71518     13.226    31.8479    24.4585 0.0000e+00
 158.566071     13.683  35.130554    10.1043    4.63916     13.568    31.8901    24.5075 0.0000e+00
 158.566076     14.047  35.089845    10.0386    4.59935     13.929    31.9068    24.5314 0.0000e+00
 158.566082     14.429  35.063001     9.9912    4.59290     14.308    31.9213    24.5506 0.0000e+00
 158.566088     14.826  35.045033     9.9512    4.58590     14.702    31.9383    24.5705 0.0000e+00
 158.566094     15.235  35.032145     9.9162    4.57722     15.107    31.9561    24.5900 0.0000e+00
 158.566100     15.643  35.023391     9.8896    4.54337     15.512    31.9706    24.6057 0.0000e+00
 158.566105     16.036  35.018291     9.8766    4.50577     15.902    31.9768    24.6127 0.0000e+00
 158.566111     16.416  35.017316     9.8728    4.45192     16.278    31.9790    24.6150 0.0000e+00
 158.566117     16.797  35.019149     9.8561    4.35991     16.656    31.9955    24.6307 0.0000e+00
 158.566123     17.195  35.016690     9.8042    4.28623     17.051    32.0389    24.6730 0.0000e+00
 158.566128     17.609  35.004968     9.7215    4.18171     17.461    32.1005    24.7345 0.0000e+00
 158.566134     18.037  34.988523     9.6253    4.09868     17.886    32.1696    24.8040 0.0000e+00
 158.566140     18.471  34.968953     9.5332    4.04821     18.316    32.2320    24.8676 0.0000e+00
 158.566146     18.895  34.949287     9.4642    4.02979     18.736    32.2737    24.9112 0.0000e+00
 158.566152     19.300  34.938030     9.4217    4.04460     19.138    32.3003    24.9388 0.0000e+00
 158.566157     19.676  34.934719     9.3947    4.06691     19.511    32.3211    24.9594 0.0000e+00
 158.566163     20.013  34.934915     9.3774    4.09319     19.845    32.3368    24.9744 0.0000e+00
 158.566169     20.298  34.937180     9.3764    4.12788     20.128    32.3399    24.9770 0.0000e+00
 158.566175     20.524  34.940034     9.4034    4.15709     20.352    32.3184    24.9558 0.0000e+00
 158.566181     20.696  34.942222     9.4489    4.16731     20.522    32.2795    24.9182 0.0000e+00
 158.566186     20.831  34.943284     9.4725    4.16913     20.656    32.2592    24.8986 -9.990e-29
 158.566192     20.940  34.942390     9.4561    4.15053     20.764    32.2731    24.9120 -9.990e-29
 158.566198     21.026  34.940589     9.4282    4.13136     20.849    32.2963    24.9347 -9.990e-29
 158.566204     21.091  34.941083     9.4138    4.11968     20.914    32.3098    24.9475 -9.990e-29
 158.566209     21.143  34.943392     9.4067    4.09620     20.965    32.3186    24.9555 -9.990e-29
 158.566215     21.193  34.944411     9.3936    4.07559     21.015    32.3314    24.9676 -9.990e-29
 158.566221     21.250  34.942124     9.3733    4.07294     21.072    32.3474    24.9833 -9.990e-29
 158.566227     21.312  34.937956     9.3556    4.07377     21.133    32.3591    24.9953 -9.990e-29
 158.566233     21.371  34.935305     9.3482    4.06891     21.192    32.3630    24.9995 -9.990e-29
 158.566238     21.418  34.935105     9.3486    4.07469     21.238    32.3624    24.9990 -9.990e-29
 158.566244     21.450  34.936515     9.3503    4.07644     21.270    32.3623    24.9987 -9.990e-29
 158.566250     21.476  34.937481     9.3495    4.07553     21.296    32.3640    25.0001 -9.990e-29
 158.566256     21.504  34.936477     9.3464    4.07577     21.323    32.3658    25.0020 -9.990e-29
 158.566262     21.538  34.934399     9.3432    4.07092     21.357    32.3665    25.0031 -9.990e-29
 158.566267     21.569  34.932949     9.3423    4.07768     21.388    32.3658    25.0027 -9.990e-29
 158.566273     21.596  34.932986     9.3428    4.07497     21.415    32.3654    25.0023 -9.990e-29
 158.566279     21.617  34.933424     9.3434    4.08032     21.435    32.3653    25.0021 -9.990e-29
 158.566285     21.628  34.933155     9.3440    4.08413     21.446    32.3645    25.0014 -9.990e-29
 158.566291     21.634  34.932931     9.3445    4.08109     21.452    32.3638    25.0007 -9.990e-29
 158.566296     21.645  34.933006     9.3442    4.07440     21.463    32.3642    25.0011 -9.990e-29
 158.566302     21.669  34.932347     9.3426    4.07148     21.487    32.3649    25.0019 -9.990e-29
 158.566308     21.713  34.930626     9.3401    4.07264     21.531    32.3654    25.0027 -9.990e-29
 158.566314     21.774  34.928902     9.3375    4.06788     21.591    32.3659    25.0035 -9.990e-29
 158.566319     21.845  34.928229     9.3356    4.07740     21.662    32.3669    25.0046 -9.990e-29
 158.566325     21.912  34.928257     9.3348    4.08522     21.728    32.3677    25.0053 -9.990e-29
 158.566331     21.966  34.928452     9.3348    4.08272     21.782    32.3678    25.0054 -9.990e-29
 158.566337     22.008  34.929061     9.3354    4.08014     21.823    32.3679    25.0054 -9.990e-29
 158.566343     22.040  34.929767     9.3359    4.07556     21.855    32.3682    25.0055 -9.990e-29
 158.566348     22.063  34.929819     9.3355    4.06778     21.878    32.3686    25.0059 -9.990e-29
 158.566354     22.075  34.929273     9.3352    4.06502     21.890    32.3683    25.0057 -9.990e-29
 158.566360     22.068  34.929074     9.3356    4.08054     21.883    32.3677    25.0052 -9.990e-29
 158.566366     22.038  34.929505     9.3358    4.08499     21.853    32.3680    25.0054 -9.990e-29
 158.566372     21.986  34.929450     9.3359    4.08291     21.801    32.3679    25.0053 -9.990e-29
 158.566377     21.927  34.928824     9.3367    4.07549     21.743    32.3665    25.0041 -9.990e-29
 158.566383     21.883  34.928465     9.3375    4.06770     21.699    32.3654    25.0031 -9.990e-29
 158.566389     21.871  34.927885     9.3372    4.07599     21.687    32.3651    25.0029 -9.990e-29
 158.566395     21.901  34.926865     9.3361    4.07710     21.717    32.3651    25.0031 -9.990e-29
 158.566400     21.960  34.926276     9.3350    4.07218     21.776    32.3654    25.0035 -9.990e-29
 158.566406     22.022  34.926443     9.3346    4.07018     21.837    32.3659    25.0040 -9.990e-29
 158.566412     22.067  34.927016     9.3353    4.06295     21.882    32.3659    25.0038 -9.990e-29
 158.566418     22.093  34.927622     9.3358    4.07245     21.907    32.3660    25.0039 -9.990e-29
 158.566424     22.105  34.927940     9.3355    4.07670     21.919    32.3666    25.0044 -9.990e-29
 158.566429     22.104  34.927823     9.3354    4.07803     21.918    32.3666    25.0044 -9.990e-29
 158.566435     22.095  34.927664     9.3357    4.08053     21.909    32.3662    25.0040 -9.990e-29
 158.566441     22.085  34.927802     9.3357    4.07757     21.900    32.3663    25.0041 -9.990e-29
 158.566447     22.083  34.927851     9.3353    4.07795     21.898    32.3667    25.0045 -9.990e-29
 158.566453     22.093  34.927303     9.3346    4.06539     21.907    32.3668    25.0046 -9.990e-29
 158.566458     22.110  34.926539     9.3340    4.06913     21.924    32.3665    25.0045 -9.990e-29
 158.566464     22.128  34.926213     9.3341    4.07844     21.942    32.3661    25.0042 -9.990e-29
 158.566470     22.138  34.926441     9.3349    4.08203     21.952    32.3656    25.0037 -9.990e-29
 158.566476     22.139  34.926953     9.3359    4.08097     21.953    32.3652    25.0032 -9.990e-29
 158.566481     22.133  34.927300     9.3363    4.07514     21.947    32.3652    25.0032 -9.990e-29
 158.566487     22.128  34.927375     9.3360    4.06623     21.942    32.3656    25.0035 -9.990e-29
 158.566493     22.134  34.927268     9.3354    4.06623     21.948    32.3660    25.0039 -9.990e-29
 158.566499     22.155  34.926826     9.3346    4.06808     21.969    32.3663    25.0042 -9.990e-29
 158.566505     22.188  34.926010     9.3339    4.07630     22.002    32.3660    25.0042 -9.990e-29
 158.566510     22.226  34.925404     9.3337    4.07483     22.039    32.3656    25.0039 -9.990e-29
 158.566516     22.268  34.925309     9.3336    4.07411     22.081    32.3656    25.0038 -9.990e-29
 158.566522     22.312  34.925215     9.3332    4.07791     22.125    32.3658    25.0041 -9.990e-29
 158.566528     22.352  34.924992     9.3322    4.07857     22.164    32.3665    25.0048 -9.990e-29
 158.566534     22.382  34.925080     9.3312    4.07489     22.194    32.3674    25.0057 -9.990e-29
 158.566539     22.396  34.925591     9.3308    4.07252     22.208    32.3683    25.0065 -9.990e-29
 158.566545     22.390  34.926266     9.3309    4.07545     22.202    32.3689    25.0069 -9.990e-29
 158.566551     22.364  34.926877     9.3314    4.05966     22.176    32.3691    25.0070 -9.990e-29
 158.566557     22.320  34.927113     9.3320    4.07264     22.133    32.3688    25.0067 -9.990e-29
 158.566563     22.265  34.926726     9.3325    4.07974     22.078    32.3680    25.0059 -9.990e-29
 158.566568     22.203  34.925756     9.3332    4.08258     22.017    32.3664    25.0046 -9.990e-29
 158.566574     22.143  34.924588     9.3345    4.08261     21.957    32.3641    25.0025 -9.990e-29
 158.566580     22.102  34.923905     9.3358    4.07264     21.916    32.3622    25.0009 -9.990e-29
 158.566586     22.100  34.923914     9.3362    4.06477     21.914    32.3618    25.0005 -9.990e-29
 158.566591     22.140  34.924066     9.3354    4.05784     21.954    32.3627    25.0013 -9.990e-29
 158.566597     22.209  34.923996     9.3339    4.07270     22.022    32.3640    25.0026 -9.990e-29
 158.566603     22.284  34.924166     9.3322    4.08501     22.097    32.3656    25.0041 -9.990e-29
 158.566609     22.349  34.924797     9.3314    4.07778     22.161    32.3670    25.0053 -9.990e-29
 158.566615     22.396  34.925043     9.3315    4.06950     22.208    32.3671    25.0054 -9.990e-29
 158.566620     22.427  34.924666     9.3320    4.07411     22.239    32.3663    25.0047 -9.990e-29
 158.566626     22.457  34.924282     9.3326    4.07829     22.268    32.3653    25.0038 -9.990e-29
 158.566632     22.502  34.923933     9.3329    4.08176     22.313    32.3647    25.0033 -9.990e-29
 158.566638     22.567  34.923714     9.3329    4.08731     22.377    32.3644    25.0031 -9.990e-29
 158.566644     22.658  34.923889     9.3331    4.07963     22.468    32.3644    25.0030 -9.990e-29
 158.566649     22.784  34.924124     9.3335    4.07501     22.593    32.3642    25.0028 0.0000e+00
 158.566655     22.962  34.924169     9.3333    4.07122     22.769    32.3643    25.0030 0.0000e+00
 158.566661     23.203  34.924081     9.3315    4.06407     23.008    32.3658    25.0044 0.0000e+00
 158.566667     23.510  34.924299     9.3272    4.06207     23.312    32.3698    25.0082 0.0000e+00
 158.566672     23.876  34.925671     9.3195    4.03991     23.675    32.3780    25.0158 0.0000e+00
 158.566678     24.286  34.928336     9.3083    4.01279     24.082    32.3907    25.0275 0.0000e+00
 158.566684     24.729  34.931916     9.2946    3.98954     24.521    32.4066    25.0422 0.0000e+00
 158.566690     25.193  34.935572     9.2780    3.96861     24.981    32.4252    25.0594 0.0000e+00
 158.566696     25.670  34.938001     9.2577    3.96139     25.454    32.4460    25.0788 0.0000e+00
 158.566701     26.156  34.939070     9.2339    3.93646     25.936    32.4685    25.1002 0.0000e+00
 158.566707     26.644  34.939637     9.2080    3.91431     26.420    32.4924    25.1230 0.0000e+00
 158.566713     27.126  34.941006     9.1832    3.88494     26.898    32.5162    25.1455 0.0000e+00
 158.566719     27.602  34.943310     9.1619    3.87992     27.370    32.5378    25.1657 0.0000e+00
 158.566725     28.079  34.945125     9.1426    3.85000     27.843    32.5571    25.1839 0.0000e+00
 158.566730     28.551  34.946058     9.1214    3.82826     28.311    32.5772    25.2029 0.0000e+00
 158.566736     29.006  34.945662     9.0975    3.80965     28.762    32.5985    25.2233 0.0000e+00
 158.566742     29.434  34.943400     9.0763    3.78128     29.186    32.6154    25.2398 0.0000e+00
 158.566748     29.829  34.940168     9.0607    3.78353     29.578    32.6261    25.2507 0.0000e+00
 158.566753     30.182  34.937254     9.0477    3.79066     29.928    32.6349    25.2596 0.0000e+00
 158.566759     30.480  34.935247     9.0360    3.79884     30.223    32.6434    25.2681 0.0000e+00
 158.566765     30.714  34.934826     9.0292    3.80686     30.455    32.6491    25.2736 0.0000e+00
 158.566771     30.880  34.934861     9.0300    3.80416     30.620    32.6483    25.2729 -9.990e-29
 158.566777     30.994  34.933149     9.0344    3.79866     30.733    32.6425    25.2676 -9.990e-29
 158.566782     31.080  34.931325     9.0380    3.80003     30.818    32.6372    25.2629 -9.990e-29
 158.566788     31.156  34.930878     9.0392    3.81412     30.894    32.6356    25.2615 -9.990e-29
 158.566794     31.227  34.930651     9.0383    3.82541     30.964    32.6362    25.2621 -9.990e-29
 158.566800     31.285  34.930339     9.0372    3.81289     31.022    32.6368    25.2628 -9.990e-29
 158.566806     31.328  34.930080     9.0366    3.80430     31.064    32.6371    25.2631 -9.990e-29
 158.566811     31.369  34.929523     9.0355    3.79978     31.105    32.6375    25.2636 -9.990e-29
 158.566817     31.419  34.929045     9.0323    3.79802     31.154    32.6399    25.2660 -9.990e-29
 158.566823     31.484  34.929125     9.0260    3.80770     31.219    32.6458    25.2715 -9.990e-29
 158.566829     31.556  34.929305     9.0187    3.80357     31.290    32.6526    25.2780 -9.990e-29
 158.566834     31.615  34.929257     9.0143    3.79112     31.349    32.6566    25.2818 -9.990e-29
 158.566840     31.647  34.928912     9.0136    3.79916     31.380    32.6569    25.2821 -9.990e-29
 158.566846     31.653  34.928363     9.0151    3.80807     31.386    32.6549    25.2804 -9.990e-29
 158.566852     31.648  34.927995     9.0169    3.81632     31.381    32.6529    25.2785 -9.990e-29
 158.566858     31.639  34.927874     9.0185    3.81587     31.373    32.6513    25.2770 -9.990e-29
 158.566863     31.621  34.927836     9.0212    3.81187     31.355    32.6488    25.2746 -9.990e-29
 158.566869     31.594  34.927825     9.0245    3.81191     31.328    32.6457    25.2717 -9.990e-29
 158.566875     31.568  34.927824     9.0279    3.81242     31.302    32.6426    25.2688 -9.990e-29
 158.566881     31.555  34.927826     9.0312    3.81297     31.289    32.6396    25.2659 -9.990e-29
 158.566887     31.558  34.927834     9.0334    3.80571     31.292    32.6376    25.2640 -9.990e-29
 158.566892     31.577  34.927853     9.0342    3.79695     31.311    32.6369    25.2633 -9.990e-29
 158.566898     31.613  34.927907     9.0342    3.80361     31.347    32.6369    25.2633 -9.990e-29
 158.566904     31.665  34.928063     9.0312    3.81223     31.398    32.6398    25.2660 -9.990e-29
 158.566910     31.727  34.928525     9.0208    3.81979     31.460    32.6498    25.2755 -9.990e-29
 158.566916     31.791  34.929903     9.0042    3.81551     31.523    32.6665    25.2911 -9.990e-29
 158.566921     31.838  34.933469     8.9935    3.81123     31.570    32.6800    25.3033 -9.990e-29
 158.566927     31.860  34.936123     8.9989    3.81426     31.592    32.6778    25.3008 -9.990e-29
 158.566933     31.862  34.933545     9.0135    3.81792     31.594    32.6617    25.2859 -9.990e-29
 158.566939     31.852  34.929580     9.0254    3.82187     31.584    32.6466    25.2723 -9.990e-29
 158.566944     31.843  34.927908     9.0313    3.81189     31.575    32.6395    25.2658 -9.990e-29
 158.566950     31.852  34.927419     9.0333    3.80102     31.584    32.6371    25.2636 -9.990e-29
