data/oxygen options/ONMS/Olympic_Coast_National_Marine_Sanctuary_Hypoxia_Survey_CTD_Data_2004_2015/raw_data/2005/CTD_CA50_062205faed.cnv
* Sea-Bird SBE19 Data File:
* FileName = C:\hypoxia CTD data\CA50_062205.hex
* Software Version 1.1.5
* Temperature SN = 2997
* Conductivity SN = 2997
* System UpLoad Time = Jun 22 2005 16:36:58
* SEACAT PROFILER V3.1c SN 2997   06/22/05  16:36:30.120
* strain gauge pressure sensor: S/N = 184829,  range = 3000 psia,  tc = 40
# nquan = 9                                 
# nvalues = 1028                        
# units = specified
# name 0 = timeJ: Julian Days
# name 1 = prSM: Pressure, Strain Gauge [db]
# name 2 = c0mS/cm: Conductivity [mS/cm]
# name 3 = t090C: Temperature [ITS-90, deg C]
# name 4 = oxML/L: Oxygen, Beckman/YSI [ml/l]
# name 5 = depSM: Depth [salt water, m], lat = 47.5
# name 6 = sal00: Salinity, Practical [PSU]
# name 7 = sigma-é00: Density [sigma-theta, kg/m^3]
# name 8 = flag: flag
# span 0 = 173.649757, 173.655700       
# span 1 =     -3.134,     50.537       
# span 2 =   0.684344,  38.850552       
# span 3 =     8.2994,    15.0040       
# span 4 =   -0.09617,   24.95058       
# span 5 =     -3.108,     50.109       
# span 6 =     0.4234,    33.4038       
# span 7 =    -0.4952,    25.9767       
# span 8 = 0.0000e+00, 0.0000e+00       
# interval = seconds: 0.5
# start_time = Jun 22 2005 15:35:39 [Instrument's time stamp, header]
# bad_flag = -9.990e-29
*END*
[from data line 481]
 173.652541     49.749  35.034381     8.3357    3.45711     49.328    33.3921    25.9621 0.0000e+00
 173.652546     49.991  35.026106     8.3182    3.46299     49.568    33.3998    25.9708 0.0000e+00
 173.652552     50.217  35.017603     8.3066    3.46542     49.792    33.4017    25.9740 0.0000e+00
 173.652558     50.403  35.013209     8.3014    3.46972     49.976    33.4019    25.9749 -9.990e-29
 173.652564     50.519  35.012461     8.2994    3.46272     50.091    33.4030    25.9761 -9.990e-29
 173.652569     50.537  35.013229     8.2994    3.46648     50.109    33.4038    25.9767 -9.990e-29
 173.652575     50.454  35.013555     8.2998    3.47763     50.027    33.4038    25.9766 -9.990e-29
 173.652581     50.288  35.012773     8.3004    3.48239     49.862    33.4025    25.9755 0.0000e+00
 173.652587     50.047  35.011922     8.3009    3.48164     49.623    33.4012    25.9744 0.0000e+00
 173.652593     49.738  35.011016     8.3008    3.47381     49.317    33.4005    25.9739 0.0000e+00
 173.652598     49.377  35.009433     8.3009    3.47011     48.959    33.3989    25.9726 0.0000e+00
 173.652604     48.986  35.007891     8.3021    3.46746     48.571    33.3963    25.9704 0.0000e+00
 173.652610     48.592  35.007164     8.3036    3.48510     48.181    33.3943    25.9686 0.0000e+00
 173.652616     48.213  35.006871     8.3046    3.49679     47.805    33.3932    25.9676 0.0000e+00
 173.652622     47.850  35.006090     8.3075    3.53815     47.445    33.3898    25.9645 0.0000e+00
 173.652627     47.497  35.006046     8.3160    3.58737     47.095    33.3818    25.9569 0.0000e+00
 173.652633     47.145  35.007268     8.3343    3.66106     46.746    33.3659    25.9417 0.0000e+00
 173.652639     46.779  35.008607     8.3740    3.75915     46.383    33.3299    25.9075 0.0000e+00
 173.652645     46.391  35.010751     8.4452    3.88042     45.999    33.2650    25.8459 0.0000e+00
 173.652650     45.975  35.015465     8.5344    3.99730     45.586    33.1861    25.7705 0.0000e+00
 173.652656     45.535  35.023458     8.6147    4.10792     45.150    33.1194    25.7060 0.0000e+00
 173.652662     45.079  35.032533     8.6772    4.20188     44.698    33.0706    25.6582 0.0000e+00
 173.652668     44.614  35.040261     8.7345    4.28847     44.237    33.0254    25.6140 0.0000e+00
 173.652674     44.154  35.048016     8.8034    4.41425     43.781    32.9695    25.5597 0.0000e+00
 173.652679     43.709  35.057762     8.8850    4.57778     43.340    32.9041    25.4958 0.0000e+00
 173.652685     43.280  35.069076     8.9698    4.76343     42.914    32.8376    25.4306 0.0000e+00
 173.652691     42.861  35.083065     9.0432    4.95781     42.499    32.7846    25.3777 0.0000e+00
 173.652697     42.442  35.098239     9.1000    5.16865     42.083    32.7483    25.3403 0.0000e+00
 173.652703     42.014  35.114126     9.1905    5.38213     41.659    32.6819    25.2741 0.0000e+00
 173.652708     41.568  35.146342     9.3629    5.57684     41.217    32.5579    25.1499 0.0000e+00
 173.652714     41.099  35.210401     9.5776    5.71864     40.752    32.4291    25.0149 0.0000e+00
 173.652720     40.621  35.294205     9.7575    5.73270     40.278    32.3528    24.9261 0.0000e+00
 173.652726     40.150  35.366598     9.8633    5.66187     39.811    32.3317    24.8923 0.0000e+00
 173.652731     39.700  35.406447     9.9042    5.49970     39.365    32.3357    24.8887 0.0000e+00
 173.652737     39.280  35.415367     9.9219    5.31683     38.948    32.3290    24.8806 0.0000e+00
 173.652743     38.884  35.408658     9.9417    5.13944     38.556    32.3047    24.8583 0.0000e+00
 173.652749     38.493  35.389174     9.9538    4.94370     38.168    32.2743    24.8326 0.0000e+00
 173.652755     38.076  35.357872     9.9579    4.76248     37.755    32.2391    24.8044 0.0000e+00
 173.652760     37.611  35.325740     9.9622    4.61972     37.294    32.2029    24.7755 0.0000e+00
 173.652766     37.108  35.281916     9.9689    4.53959     36.795    32.1528    24.7353 0.0000e+00
 173.652772     36.595  35.225738     9.9833    4.53111     36.286    32.0834    24.6787 0.0000e+00
 173.652778     36.093  35.188845     9.9992    4.54316     35.789    32.0322    24.6361 0.0000e+00
 173.652784     35.618  35.179815    10.0126    4.56633     35.318    32.0114    24.6177 0.0000e+00
 173.652789     35.169  35.181592    10.0324    4.60995     34.873    31.9958    24.6023 0.0000e+00
 173.652795     34.736  35.189287    10.0695    4.67412     34.443    31.9710    24.5768 0.0000e+00
 173.652801     34.312  35.212627    10.1214    4.77485     34.023    31.9489    24.5510 0.0000e+00
 173.652807     33.896  35.247442    10.1666    4.85061     33.610    31.9443    24.5398 0.0000e+00
 173.652813     33.483  35.274594    10.2002    4.89419     33.201    31.9422    24.5326 0.0000e+00
 173.652818     33.062  35.293884    10.2447    4.98626     32.783    31.9225    24.5099 0.0000e+00
 173.652824     32.626  35.319854    10.3368    5.09558     32.351    31.8679    24.4518 0.0000e+00
 173.652830     32.163  35.382113    10.4793    5.27174     31.892    31.8057    24.3793 0.0000e+00
 173.652836     31.677  35.490261    10.6142    5.46046     31.410    31.7960    24.3489 0.0000e+00
 173.652841     31.190  35.594006    10.7042    5.59866     30.927    31.8210    24.3529 0.0000e+00
 173.652847     30.717  35.659621    10.7685    5.76275     30.458    31.8304    24.3491 0.0000e+00
 173.652853     30.263  35.705690    10.8520    5.88337     30.008    31.8037    24.3139 0.0000e+00
 173.652859     29.815  35.761161    11.0323    5.95974     29.564    31.7026    24.2039 0.0000e+00
 173.652865     29.361  35.895540    11.3015    6.00745     29.114    31.6033    24.0793 0.0000e+00
 173.652870     28.909  36.088993    11.5093    6.00331     28.666    31.6146    24.0510 0.0000e+00
 173.652876     28.470  36.193035    11.6004    6.01833     28.230    31.6382    24.0529 0.0000e+00
 173.652882     28.056  36.207438    11.6432    6.06023     27.820    31.6159    24.0278 0.0000e+00
 173.652888     27.667  36.212585    11.6752    6.12039     27.434    31.5938    24.0049 0.0000e+00
 173.652894     27.285  36.213693    11.7083    6.20751     27.055    31.5668    23.9780 0.0000e+00
 173.652899     26.887  36.220675    11.7603    6.27709     26.661    31.5296    23.9396 0.0000e+00
 173.652905     26.460  36.248477    11.8482    6.31395     26.237    31.4822    23.8868 0.0000e+00
 173.652911     26.008  36.297752    11.9698    6.32554     25.789    31.4272    23.8219 0.0000e+00
 173.652917     25.534  36.368635    12.1015    6.31421     25.319    31.3847    23.7646 0.0000e+00
 173.652922     25.048  36.454194    12.2142    6.31666     24.837    31.3723    23.7341 0.0000e+00
 173.652928     24.566  36.535112    12.2887    6.35482     24.360    31.3875    23.7319 0.0000e+00
 173.652934     24.104  36.592053    12.3263    6.41313     23.901    31.4105    23.7427 0.0000e+00
 173.652940     23.662  36.619126    12.3392    6.46680     23.463    31.4257    23.7521 0.0000e+00
 173.652946     23.225  36.624430    12.3451    6.51483     23.030    31.4260    23.7512 0.0000e+00
 173.652951     22.779  36.623479    12.3812    6.50601     22.588    31.3951    23.7204 0.0000e+00
 173.652957     22.315  36.649236    12.4713    6.50235     22.128    31.3445    23.6643 0.0000e+00
 173.652963     21.836  36.719804    12.5897    6.51806     21.653    31.3131    23.6176 0.0000e+00
 173.652969     21.352  36.808189    12.6948    6.60933     21.173    31.3097    23.5949 0.0000e+00
 173.652975     20.885  36.883134    12.7656    6.76657     20.710    31.3220    23.5909 0.0000e+00
 173.652980     20.446  36.934152    12.8036    6.92386     20.274    31.3388    23.5966 0.0000e+00
 173.652986     20.031  36.960345    12.8365    7.04896     19.863    31.3363    23.5884 0.0000e+00
 173.652992     19.616  36.980977    12.9156    7.11938     19.451    31.2905    23.5377 0.0000e+00
 173.652998     19.175  37.033116    13.0934    7.16145     19.014    31.1930    23.4278 0.0000e+00
 173.653003     18.694  37.158831    13.3497    7.19863     18.537    31.1007    23.3063 0.0000e+00
 173.653009     18.184  37.347454    13.5819    7.26499     18.031    31.0869    23.2497 0.0000e+00
 173.653015     17.672  37.506232    13.7321    7.30932     17.524    31.1118    23.2389 0.0000e+00
 173.653021     17.177  37.601893    13.8153    7.30676     17.033    31.1327    23.2383 0.0000e+00
 173.653027     16.702  37.669528    13.8667    7.24206     16.562    31.1535    23.2440 0.0000e+00
 173.653032     16.234  37.727587    13.9455    7.15075     16.098    31.1432    23.2201 0.0000e+00
 173.653038     15.756  37.810898    14.0882    7.09101     15.624    31.1044    23.1611 0.0000e+00
 173.653044     15.263  37.947571    14.2451    7.06250     15.135    31.1030    23.1279 0.0000e+00
 173.653050     14.758  38.093862    14.3453    7.04083     14.634    31.1558    23.1480 0.0000e+00
 173.653056     14.242  38.181295    14.3906    7.00747     14.123    31.1990    23.1719 0.0000e+00
 173.653061     13.713  38.214341    14.4259    6.96722     13.598    31.2008    23.1660 0.0000e+00
 173.653067     13.168  38.244961    14.4684    6.94058     13.058    31.1946    23.1524 0.0000e+00
 173.653073     12.618  38.290455    14.5027    6.93682     12.512    31.2085    23.1559 0.0000e+00
 173.653079     12.089  38.327949    14.5211    6.93524     11.988    31.2279    23.1670 0.0000e+00
 173.653084     11.593  38.346903    14.5320    6.92587     11.496    31.2365    23.1714 0.0000e+00
 173.653090     11.121  38.356921    14.5407    6.90981     11.028    31.2388    23.1713 0.0000e+00
 173.653096     10.654  38.364661    14.5528    6.89519     10.565    31.2362    23.1668 0.0000e+00
 173.653102     10.190  38.376544    14.5764    6.90472     10.105    31.2282    23.1556 0.0000e+00
 173.653108      9.728  38.400592    14.6068    6.92112      9.647    31.2257    23.1474 0.0000e+00
 173.653113      9.269  38.432443    14.6312    6.92503      9.191    31.2351    23.1495 0.0000e+00
 173.653119      8.819  38.456830    14.6506    6.88322      8.745    31.2417    23.1505 0.0000e+00
 173.653125      8.373  38.474334    14.6792    6.84769      8.303    31.2347    23.1391 0.0000e+00
 173.653131      7.926  38.502720    14.7287    6.79749      7.860    31.2208    23.1180 0.0000e+00
 173.653137      7.482  38.555746    14.7900    6.74393      7.419    31.2197    23.1042 0.0000e+00
 173.653142      7.061  38.622820    14.8419    6.71128      7.002    31.2387    23.1078 0.0000e+00
 173.653148      6.686  38.678435    14.8732    6.69776      6.630    31.2638    23.1205 0.0000e+00
 173.653154      6.377  38.709290    14.8851    6.71971      6.324    31.2821    23.1321 0.0000e+00
 173.653160      6.140  38.717866    14.8872    6.74367      6.089    31.2882    23.1364 0.0000e+00
 173.653166      5.969  38.718436    14.8849    6.75829      5.919    31.2907    23.1387 -9.990e-29
 173.653171      5.847  38.716274    14.8781    6.73860      5.798    31.2942    23.1429 -9.990e-29
 173.653177      5.759  38.709086    14.8730    6.72296      5.711    31.2919    23.1422 -9.990e-29
 173.653183      5.695  38.705822    14.8753    6.71460      5.647    31.2871    23.1380 -9.990e-29
 173.653189      5.651  38.711128    14.8843    6.71621      5.604    31.2847    23.1342 -9.990e-29
 173.653194      5.615  38.722009    14.8935    6.71942      5.568    31.2871    23.1342 -9.990e-29
 173.653200      5.573  38.732808    14.8963    6.71286      5.526    31.2946    23.1393 -9.990e-29
 173.653206      5.521  38.736076    14.8937    6.70947      5.475    31.2996    23.1438 -9.990e-29
 173.653212      5.470  38.732835    14.8901    6.70691      5.424    31.2996    23.1445 -9.990e-29
 173.653218      5.433  38.728888    14.8889    6.70856      5.388    31.2971    23.1428 -9.990e-29
 173.653223      5.416  38.728535    14.8912    6.71959      5.371    31.2949    23.1406 -9.990e-29
 173.653229      5.410  38.732452    14.8945    6.71702      5.365    31.2958    23.1406 -9.990e-29
 173.653235      5.401  38.736355    14.8979    6.70759      5.356    31.2966    23.1405 -9.990e-29
 173.653241      5.389  38.739865    14.9021    6.70008      5.344    31.2964    23.1394 -9.990e-29
 173.653247      5.382  38.744885    14.9056    6.68743      5.337    31.2981    23.1400 -9.990e-29
 173.653252      5.384  38.749161    14.9077    6.69176      5.339    31.3002    23.1412 -9.990e-29
 173.653258      5.390  38.751126    14.9089    6.69673      5.345    31.3010    23.1416 -9.990e-29
 173.653264      5.392  38.751732    14.9090    6.70221      5.347    31.3015    23.1419 -9.990e-29
 173.653270      5.386  38.751790    14.9085    6.70648      5.341    31.3019    23.1424 -9.990e-29
 173.653275      5.376  38.751941    14.9079    6.69285      5.331    31.3026    23.1430 -9.990e-29
 173.653281      5.370  38.751822    14.9075    6.68276      5.325    31.3028    23.1432 -9.990e-29
 173.653287      5.371  38.751270    14.9080    6.68594      5.326    31.3019    23.1425 -9.990e-29
 173.653293      5.376  38.751787    14.9089    6.68723      5.331    31.3016    23.1421 -9.990e-29
 173.653299      5.376  38.753493    14.9090    6.69126      5.331    31.3031    23.1432 -9.990e-29
 173.653304      5.368  38.754731    14.9084    6.69539      5.323    31.3047    23.1445 -9.990e-29
 173.653310      5.350  38.754343    14.9085    6.68456      5.305    31.3043    23.1442 -9.990e-29
 173.653316      5.325  38.754051    14.9102    6.67645      5.280    31.3026    23.1426 -9.990e-29
 173.653322      5.301  38.756263    14.9128    6.67432      5.257    31.3026    23.1419 -9.990e-29
 173.653328      5.289  38.759436    14.9141    6.67232      5.245    31.3044    23.1431 -9.990e-29
 173.653333      5.301  38.760506    14.9135    6.67612      5.257    31.3058    23.1443 -9.990e-29
 173.653339      5.333  38.759774    14.9125    6.68678      5.288    31.3059    23.1446 -9.990e-29
 173.653345      5.371  38.759063    14.9121    6.69361      5.326    31.3056    23.1444 -9.990e-29
 173.653351      5.400  38.758538    14.9128    6.69323      5.355    31.3046    23.1435 -9.990e-29
 173.653356      5.408  38.758616    14.9146    6.68768      5.363    31.3032    23.1421 -9.990e-29
 173.653362      5.397  38.760513    14.9169    6.68169      5.352    31.3031    23.1415 -9.990e-29
 173.653368      5.378  38.763952    14.9186    6.68208      5.333    31.3048    23.1424 -9.990e-29
 173.653374      5.363  38.766781    14.9187    6.69264      5.318    31.3073    23.1443 -9.990e-29
 173.653380      5.356  38.767162    14.9174    6.69450      5.311    31.3086    23.1457 -9.990e-29
 173.653385      5.355  38.765597    14.9160    6.68331      5.310    31.3084    23.1457 -9.990e-29
 173.653391      5.361  38.763919    14.9158    6.67507      5.316    31.3070    23.1447 -9.990e-29
 173.653397      5.374  38.763811    14.9165    6.67743      5.329    31.3063    23.1441 -9.990e-29
 173.653403      5.396  38.765125    14.9156    6.68386      5.351    31.3082    23.1457 -9.990e-29
 173.653409      5.422  38.764558    14.9109    6.69776      5.377    31.3115    23.1492 -9.990e-29
 173.653414      5.447  38.759667    14.9056    6.69843      5.401    31.3113    23.1502 -9.990e-29
 173.653420      5.463  38.754580    14.9054    6.69101      5.417    31.3069    23.1469 -9.990e-29
 173.653426      5.467  38.754846    14.9100    6.68388      5.421    31.3035    23.1432 -9.990e-29
 173.653432      5.464  38.759693    14.9149    6.68039      5.418    31.3039    23.1425 -9.990e-29
 173.653438      5.457  38.764919    14.9174    6.68688      5.411    31.3066    23.1441 -9.990e-29
 173.653443      5.446  38.767395    14.9179    6.69536      5.400    31.3084    23.1454 -9.990e-29
 173.653449      5.431  38.767611    14.9178    6.68323      5.386    31.3087    23.1456 -9.990e-29
 173.653455      5.410  38.767533    14.9180    6.66657      5.365    31.3085    23.1454 -9.990e-29
