data/oxygen options/ONMS/Olympic_Coast_National_Marine_Sanctuary_Hypoxia_Survey_CTD_Data_2004_2015/raw_data/2005/CTD_TH30b_083105faed.cnv
* Sea-Bird SBE19 Data File:
* FileName = C:\hypoxia CTD data\TH30b_083105.hex
* Software Version 1.1.5
* Temperature SN = 2997
* Conductivity SN = 2997
* System UpLoad Time = Aug 31 2005 15:50:41
** Teahwhit Head 083105 30m
* SEACAT PROFILER V3.1c SN 2997   08/31/05  15:46:35.171
# nquan = 9                                 
# nvalues = 498                         
# units = specified
# name 0 = timeJ: Julian Days
# name 1 = prSM: Pressure, Strain Gauge [db]
# name 2 = c0mS/cm: Conductivity [mS/cm]
# name 3 = t090C: Temperature [ITS-90, deg C]
# name 4 = oxML/L: Oxygen, Beckman/YSI [ml/l]
# name 5 = depSM: Depth [salt water, m], lat = 47.5
# name 6 = sal00: Salinity, Practical [PSU]
# name 7 = sigma-é00: Density [sigma-theta, kg/m^3]
# name 8 = flag: flag
# span 0 = 243.416424, 243.419300       
# span 1 =     -3.110,     30.533       
# span 2 =   0.484744,  38.210593       
# span 3 =     7.9931,    13.3166       
# span 4 =   -0.12133,   25.64936       
# span 5 =     -3.084,     30.276       
# span 6 =     0.3053,    33.5448       
# span 7 =    -0.4233,    26.1158       
# span 8 = 0.0000e+00, 0.0000e+00       
# interval = seconds: 0.5
# start_time = Aug 31 2005 09:59:39 [Instrument's time stamp, header]
# bad_flag = -9.990e-29
*END*
 243.416424     -3.106 -9.990e-29    13.3166   -0.12133     -3.080 -9.990e-29 -9.990e-29 -9.990e-29
 243.416429     -3.110   0.485979    13.3154   -0.12126     -3.084     0.3060    -0.4233 -9.990e-29
 243.416435     -3.108   0.486286    13.3133   -0.12130     -3.082     0.3063    -0.4228 -9.990e-29
 243.416441     -3.098   0.485913    13.3098   -0.10214     -3.072     0.3060    -0.4226 -9.990e-29
 243.416447     -3.078   0.484918    13.3056   -0.10100     -3.052     0.3054    -0.4225 -9.990e-29
 243.416453     -3.044   0.484744    13.3018   -0.10108     -3.019     0.3053    -0.4220 -9.990e-29
 243.416458     -3.004   0.487933    13.2992   -0.10111     -2.979     0.3074    -0.4201 -9.990e-29
 243.416464     -2.959   0.500957    13.2973   -0.10117     -2.934     0.3159    -0.4132 -9.990e-29
 243.416470     -2.903   0.542291    13.2942   -0.10118     -2.879     0.3429    -0.3918 -9.990e-29
 243.416476     -2.827   0.667602    13.2859   -0.10116     -2.803     0.4254    -0.3266 -9.990e-29
 243.416481     -2.730   1.030111    13.2615   -0.10116     -2.707     0.6684    -0.1344 -9.990e-29
 243.416487     -2.612   2.008908    13.1904   -0.10116     -2.590     1.3491     0.4032 -9.990e-29
 243.416493     -2.468   4.692770    13.0446   -0.10116     -2.447     3.3272     1.9535 -9.990e-29
 243.416499     -2.298  12.499899    12.8687   -0.10115     -2.279     9.5664     6.7905 -9.990e-29
 243.416505     -2.104  24.519283    12.7435   -0.10116     -2.086    19.9795    14.8332 -9.990e-29
 243.416510     -1.900  33.145526    12.6820   -0.10115     -1.884    27.8907    20.9516 -9.990e-29
 243.416516     -1.697  36.426053    12.6528   -0.10115     -1.683    30.9921    23.3564 -9.990e-29
 243.416522     -1.505  37.546712    12.6396   -0.10119     -1.492    32.0653    24.1900 -9.990e-29
 243.416528     -1.337  37.923207    12.6365   -0.10119     -1.326    32.4260    24.4700 -9.990e-29
 243.416534     -1.194  38.055869    12.6380   -0.10119     -1.184    32.5509    24.5666 -9.990e-29
 243.416539     -1.069  38.103650    12.6400   -0.10117     -1.060    32.5947    24.6001 -9.990e-29
 243.416545     -0.952  38.114577    12.6404   -0.10114     -0.944    32.6047    24.6077 -9.990e-29
 243.416551     -0.841  38.114459    12.6395   -0.10112     -0.834    32.6053    24.6084 -9.990e-29
 243.416557     -0.741  38.119990    12.6396   -0.10113     -0.735    32.6104    24.6124 -9.990e-29
 243.416563     -0.663  38.131836    12.6408   -0.10115     -0.657    32.6206    24.6201 -9.990e-29
 243.416568     -0.620  38.137768    12.6400   -0.10114     -0.615    32.6270    24.6251 -9.990e-29
 243.416574     -0.616  38.134500    12.6369   -0.10113     -0.611    32.6265    24.6254 -9.990e-29
 243.416580     -0.644  38.125549    12.6343   -0.10113     -0.639    32.6203    24.6210 -9.990e-29
 243.416586     -0.688  38.114709    12.6338   -0.10113     -0.682    32.6104    24.6135 -9.990e-29
 243.416591     -0.742  38.111105    12.6365   -0.10114     -0.736    32.6047    24.6085 -9.990e-29
 243.416597     -0.815  38.118368    12.6417   -0.10114     -0.808    32.6071    24.6094 -9.990e-29
 243.416603     -0.913  38.129377    12.6449   -0.10114     -0.905    32.6149    24.6148 -9.990e-29
 243.416609     -1.033  38.135839    12.6436   -0.10114     -1.024    32.6222    24.6207 -9.990e-29
 243.416615     -1.150  38.136859    12.6400   -0.10114     -1.140    32.6263    24.6246 -9.990e-29
 243.416620     -1.252  38.135507    12.6375   -0.10114     -1.242    32.6272    24.6258 -9.990e-29
 243.416626     -1.335  38.136734    12.6373   -0.10114     -1.324    32.6286    24.6269 -9.990e-29
 243.416632     -1.398  38.142758    12.6385   -0.10115     -1.386    32.6333    24.6303 -9.990e-29
 243.416638     -1.439  38.147613    12.6398   -0.10116     -1.427    32.6369    24.6328 -9.990e-29
 243.416644     -1.465  38.147138    12.6399   -0.10115     -1.453    32.6363    24.6324 -9.990e-29
 243.416649     -1.487  38.142406    12.6390   -0.10116     -1.475    32.6326    24.6296 -9.990e-29
 243.416655     -1.506  38.136665    12.6380   -0.10116     -1.493    32.6280    24.6263 -9.990e-29
 243.416661     -1.515  38.134059    12.6374   -0.10115     -1.502    32.6261    24.6249 -9.990e-29
 243.416667     -1.510  38.135065    12.6375   -0.10115     -1.497    32.6269    24.6255 -9.990e-29
 243.416672     -1.495  38.137682    12.6377   -0.10113     -1.483    32.6292    24.6273 -9.990e-29
 243.416678     -1.477  38.139811    12.6373   -0.10113     -1.465    32.6316    24.6292 -9.990e-29
 243.416684     -1.460  38.138706    12.6361   -0.10112     -1.448    32.6316    24.6294 -9.990e-29
 243.416690     -1.443  38.134035    12.6351   -0.10114     -1.431    32.6280    24.6268 -9.990e-29
 243.416696     -1.428  38.130250    12.6351   -0.10115     -1.416    32.6244    24.6240 -9.990e-29
 243.416701     -1.419  38.129059    12.6360   -0.10114     -1.407    32.6225    24.6224 -9.990e-29
 243.416707     -1.412  38.125530    12.6373   -0.10114     -1.400    32.6180    24.6186 -9.990e-29
 243.416713     -1.401  38.118908    12.6384   -0.10114     -1.389    32.6107    24.6128 -9.990e-29
 243.416719     -1.386  38.115527    12.6395   -0.10115     -1.374    32.6065    24.6093 -9.990e-29
 243.416725     -1.370  38.120440    12.6413   -0.10116     -1.359    32.6096    24.6114 -9.990e-29
 243.416730     -1.356  38.130685    12.6436   -0.10115     -1.345    32.6174    24.6170 -9.990e-29
 243.416736     -1.340  38.137509    12.6447   -0.10114     -1.329    32.6230    24.6211 -9.990e-29
 243.416742     -1.316  38.137133    12.6438   -0.10110     -1.305    32.6234    24.6216 -9.990e-29
 243.416748     -1.286  38.133006    12.6418   -0.10108     -1.275    32.6212    24.6202 -9.990e-29
 243.416753     -1.258  38.129743    12.6401   -0.10108     -1.248    32.6195    24.6193 -9.990e-29
 243.416759     -1.233  38.130307    12.6396   -0.10113     -1.223    32.6205    24.6201 -9.990e-29
 243.416765     -1.210  38.133789    12.6400   -0.10114     -1.200    32.6234    24.6223 -9.990e-29
 243.416771     -1.184  38.134759    12.6404   -0.10113     -1.174    32.6240    24.6227 -9.990e-29
 243.416777     -1.149  38.129486    12.6409   -0.10111     -1.139    32.6185    24.6184 -9.990e-29
 243.416782     -1.106  38.122179    12.6425   -0.10108     -1.097    32.6102    24.6116 -9.990e-29
 243.416788     -1.062  38.122187    12.6476   -0.10108     -1.053    32.6057    24.6072 -9.990e-29
 243.416794     -1.026  38.130664    12.6562   -0.10112     -1.017    32.6063    24.6060 -9.990e-29
 243.416800     -1.009  38.138743    12.6624   -0.10113     -1.001    32.6087    24.6066 -9.990e-29
 243.416806     -1.010  38.140954    12.6613   -0.10113     -1.002    32.6117    24.6092 -9.990e-29
 243.416811     -1.012  38.137467    12.6553   -0.10113     -1.004    32.6136    24.6118 -9.990e-29
 243.416817     -0.998  38.130387    12.6505   -0.10110     -0.990    32.6110    24.6107 -9.990e-29
 243.416823     -0.966  38.125441    12.6508   -0.10109     -0.958    32.6060    24.6068 -9.990e-29
 243.416829     -0.924  38.129516    12.6568   -0.10112     -0.916    32.6047    24.6046 -9.990e-29
 243.416834     -0.882  38.139653    12.6632   -0.10113     -0.875    32.6088    24.6065 -9.990e-29
 243.416840     -0.850  38.145273    12.6628   -0.10115     -0.843    32.6145    24.6110 -9.990e-29
 243.416846     -0.825  38.144357    12.6559   -0.10115     -0.818    32.6196    24.6163 -9.990e-29
 243.416852     -0.798  38.142439    12.6493   -0.10115     -0.791    32.6234    24.6206 -9.990e-29
 243.416858     -0.762  38.143154    12.6471   -0.10115     -0.756    32.6260    24.6230 -9.990e-29
 243.416863     -0.720  38.146918    12.6500   -0.10113     -0.714    32.6271    24.6232 -9.990e-29
 243.416869     -0.678  38.150918    12.6558   -0.10112     -0.672    32.6258    24.6212 -9.990e-29
 243.416875     -0.637  38.152095    12.6577   -0.10114     -0.632    32.6253    24.6204 -9.990e-29
 243.416881     -0.590  38.149236    12.6531   -0.10117     -0.585    32.6265    24.6222 -9.990e-29
 243.416887     -0.529  38.145287    12.6472   -0.10119     -0.525    32.6279    24.6244 -9.990e-29
 243.416892     -0.456  38.144539    12.6441   -0.10117     -0.452    32.6298    24.6265 -9.990e-29
 243.416898     -0.375  38.144895    12.6432   -0.10116     -0.372    32.6309    24.6275 -9.990e-29
 243.416904     -0.292  38.144044    12.6433   -0.10115     -0.290    32.6300    24.6268 -9.990e-29
 243.416910     -0.216  38.144240    12.6449   -0.10113     -0.214    32.6287    24.6255 -9.990e-29
 243.416916     -0.150  38.146326    12.6481   -0.10115     -0.149    32.6279    24.6243 -9.990e-29
 243.416921     -0.094  38.147495    12.6495   14.29992     -0.093    32.6278    24.6239 -9.990e-29
 243.416927     -0.045  38.145405    12.6473   24.17911     -0.045    32.6277    24.6243 -9.990e-29
 243.416933      0.001  38.139535    12.6439   25.64936      0.001    32.6250    24.6229 -9.990e-29
 243.416939      0.051  38.128811    12.6417   22.58270      0.051    32.6167    24.6168 -9.990e-29
 243.416944      0.107  38.117466    12.6416   14.78290      0.106    32.6060    24.6085 -9.990e-29
 243.416950      0.161  38.116196    12.6446   11.72611      0.160    32.6021    24.6050 -9.990e-29
 243.416956      0.203  38.125011    12.6494   11.77450      0.201    32.6063    24.6073 -9.990e-29
 243.416962      0.228  38.131566    12.6518   11.77680      0.226    32.6105    24.6101 -9.990e-29
 243.416968      0.237  38.131166    12.6496   11.81059      0.235    32.6120    24.6117 -9.990e-29
 243.416973      0.238  38.127227    12.6451   11.83589      0.236    32.6122    24.6127 -9.990e-29
 243.416979      0.238  38.119007    12.6410   11.86409      0.236    32.6079    24.6101 -9.990e-29
 243.416985      0.238  38.106786    12.6381   11.89002      0.236    32.5988    24.6036 -9.990e-29
 243.416991      0.245  38.097286    12.6365   11.92347      0.243    32.5911    24.5980 -9.990e-29
 243.416997      0.258  38.093566    12.6358   11.94433      0.256    32.5881    24.5959 -9.990e-29
 243.417002      0.274  38.092932    12.6358   11.96624      0.272    32.5875    24.5954 -9.990e-29
 243.417008      0.285  38.092878    12.6362   10.17546      0.283    32.5871    24.5950 -9.990e-29
 243.417014      0.288  38.092234    12.6367    6.75610      0.286    32.5861    24.5941 -9.990e-29
 243.417020      0.288  38.091845    12.6376    4.86349      0.286    32.5849    24.5930 -9.990e-29
 243.417025      0.292  38.093459    12.6387    4.27109      0.290    32.5855    24.5933 -9.990e-29
 243.417031      0.305  38.097571    12.6400    5.15553      0.302    32.5883    24.5952 -9.990e-29
 243.417037      0.325  38.104077    12.6411    6.40201      0.322    32.5935    24.5990 -9.990e-29
 243.417043      0.343  38.109333    12.6409    6.85144      0.340    32.5987    24.6031 -9.990e-29
 243.417049      0.357  38.108031    12.6399    7.09699      0.354    32.5983    24.6030 -9.990e-29
 243.417054      0.371  38.103508    12.6390    7.22119      0.368    32.5948    24.6004 -9.990e-29
 243.417060      0.391  38.100971    12.6380    7.29291      0.388    32.5932    24.5994 -9.990e-29
 243.417066      0.414  38.098745    12.6372    7.34047      0.411    32.5918    24.5984 -9.990e-29
 243.417072      0.437  38.096126    12.6366    7.37075      0.433    32.5898    24.5970 -9.990e-29
 243.417078      0.462  38.095252    12.6361    7.38423      0.458    32.5894    24.5968 -9.990e-29
 243.417083      0.489  38.095543    12.6358    7.38837      0.485    32.5899    24.5972 -9.990e-29
 243.417089      0.522  38.095165    12.6356    7.40031      0.518    32.5897    24.5971 -9.990e-29
 243.417095      0.557  38.094196    12.6354    7.41977      0.552    32.5890    24.5966 -9.990e-29
 243.417101      0.588  38.093052    12.6350    7.42037      0.583    32.5882    24.5961 -9.990e-29
 243.417106      0.614  38.091909    12.6350    7.40528      0.609    32.5871    24.5952 -9.990e-29
 243.417112      0.635  38.091510    12.6354    7.40107      0.630    32.5864    24.5946 -9.990e-29
 243.417118      0.653  38.091905    12.6358    7.41515      0.648    32.5864    24.5945 -9.990e-29
 243.417124      0.669  38.091963    12.6360    7.42670      0.663    32.5863    24.5944 -9.990e-29
 243.417130      0.685  38.091222    12.6366    7.40997      0.679    32.5850    24.5933 -9.990e-29
 243.417135      0.701  38.090399    12.6374    7.38259      0.695    32.5836    24.5920 -9.990e-29
 243.417141      0.718  38.089541    12.6382    7.36324      0.712    32.5820    24.5907 -9.990e-29
 243.417147      0.737  38.088271    12.6388    7.37501      0.731    32.5803    24.5892 -9.990e-29
 243.417153      0.760  38.087154    12.6392    7.40155      0.754    32.5789    24.5880 -9.990e-29
 243.417159      0.783  38.087702    12.6397    7.41981      0.776    32.5790    24.5880 -9.990e-29
 243.417164      0.800  38.090661    12.6397    7.41311      0.793    32.5818    24.5902 -9.990e-29
 243.417170      0.808  38.093446    12.6385    7.39448      0.801    32.5855    24.5933 -9.990e-29
 243.417176      0.810  38.091926    12.6371    7.37923      0.803    32.5852    24.5934 -9.990e-29
 243.417182      0.817  38.088007    12.6368    7.38616      0.810    32.5818    24.5907 -9.990e-29
 243.417188      0.832  38.087692    12.6373    7.39726      0.825    32.5810    24.5901 -9.990e-29
 243.417193      0.852  38.089447    12.6375    7.40471      0.845    32.5825    24.5912 -9.990e-29
 243.417199      0.867  38.089452    12.6373    7.39352      0.860    32.5827    24.5913 -9.990e-29
 243.417205      0.867  38.088842    12.6371    7.37472      0.860    32.5823    24.5911 -9.990e-29
 243.417211      0.858  38.087934    12.6371    7.37463      0.851    32.5814    24.5904 -9.990e-29
 243.417216      0.847  38.086647    12.6369    7.38299      0.840    32.5804    24.5896 -9.990e-29
 243.417222      0.842  38.084958    12.6364    7.39790      0.835    32.5792    24.5888 -9.990e-29
 243.417228      0.847  38.082865    12.6362    7.38627      0.840    32.5774    24.5874 -9.990e-29
 243.417234      0.859  38.082075    12.6363    7.37544      0.852    32.5765    24.5868 -9.990e-29
 243.417240      0.869  38.082103    12.6364    7.36202      0.862    32.5765    24.5867 -9.990e-29
 243.417245      0.874  38.081873    12.6365    7.36653      0.867    32.5762    24.5864 -9.990e-29
 243.417251      0.878  38.082208    12.6372    7.38848      0.871    32.5759    24.5861 -9.990e-29
 243.417257      0.886  38.084125    12.6381    7.38220      0.879    32.5769    24.5867 -9.990e-29
 243.417263      0.894  38.086823    12.6382    7.38455      0.887    32.5794    24.5886 -9.990e-29
 243.417269      0.899  38.086616    12.6373    7.38662      0.891    32.5800    24.5892 -9.990e-29
 243.417274      0.900  38.082676    12.6364    7.38758      0.892    32.5770    24.5871 -9.990e-29
 243.417280      0.903  38.079292    12.6363    7.37194      0.895    32.5739    24.5847 -9.990e-29
 243.417286      0.911  38.079254    12.6369    7.37405      0.903    32.5733    24.5842 -9.990e-29
 243.417292      0.924  38.081396    12.6375    7.36746      0.916    32.5748    24.5852 -9.990e-29
 243.417297      0.945  38.083535    12.6375    7.36969      0.937    32.5768    24.5868 -9.990e-29
 243.417303      0.970  38.082924    12.6367    7.36589      0.962    32.5769    24.5870 -9.990e-29
 243.417309      0.991  38.078757    12.6359    7.35776      0.983    32.5737    24.5846 -9.990e-29
 243.417315      1.002  38.075021    12.6357    7.36441      0.994    32.5703    24.5820 -9.990e-29
 243.417321      1.004  38.074591    12.6356    7.35239      0.996    32.5699    24.5818 -9.990e-29
 243.417326      1.005  38.075221    12.6353    7.35098      0.997    32.5708    24.5825 -9.990e-29
 243.417332      1.009  38.074395    12.6349    7.34549      1.001    32.5704    24.5823 -9.990e-29
 243.417338      1.017  38.072705    12.6348    7.36162      1.009    32.5688    24.5811 -9.990e-29
 243.417344      1.029  38.071830    12.6352    7.36120      1.020    32.5676    24.5801 -9.990e-29
