data/oxygen options/ONMS/Olympic_Coast_National_Marine_Sanctuary_Hypoxia_Survey_CTD_Data_2004_2015/raw_data/2005/CTD_TH30b_083105faed.cnv
* Sea-Bird SBE19 Data File:
* FileName = C:\hypoxia CTD data\TH30b_083105.hex
* Software Version 1.1.5
* Temperature SN = 2997
* Conductivity SN = 2997
* System UpLoad Time = Aug 31 2005 15:50:41
** Teahwhit Head 083105 30m
* SEACAT PROFILER V3.1c SN 2997   08/31/05  15:46:35.171
# nquan = 9                                 
# nvalues = 498                         
# units = specified
# name 0 = timeJ: Julian Days
# name 1 = prSM: Pressure, Strain Gauge [db]
# name 2 = c0mS/cm: Conductivity [mS/cm]
# name 3 = t090C: Temperature [ITS-90, deg C]
# name 4 = oxML/L: Oxygen, Beckman/YSI [ml/l]
# name 5 = depSM: Depth [salt water, m], lat = 47.5
# name 6 = sal00: Salinity, Practical [PSU]
# name 7 = sigma-é00: Density [sigma-theta, kg/m^3]
# name 8 = flag: flag
# span 0 = 243.416424, 243.419300       
# span 1 =     -3.110,     30.533       
# span 2 =   0.484744,  38.210593       
# span 3 =     7.9931,    13.3166       
# span 4 =   -0.12133,   25.64936       
# span 5 =     -3.084,     30.276       
# span 6 =     0.3053,    33.5448       
# span 7 =    -0.4233,    26.1158       
# span 8 = 0.0000e+00, 0.0000e+00       
# interval = seconds: 0.5
# start_time = Aug 31 2005 09:59:39 [Instrument's time stamp, header]
# bad_flag = -9.990e-29
*END*
[from data line 321]
 243.418281      2.182  38.077686    12.6487    7.34192      2.164    32.5611    24.5725 -9.990e-29
 243.418287      2.174  38.074655    12.6490    7.33302      2.156    32.5579    24.5700 -9.990e-29
 243.418293      2.172  38.074328    12.6499    7.33486      2.154    32.5569    24.5689 -9.990e-29
 243.418299      2.179  38.076827    12.6508    7.33666      2.161    32.5584    24.5700 -9.990e-29
 243.418304      2.191  38.079873    12.6511    7.34603      2.173    32.5611    24.5720 -9.990e-29
 243.418310      2.201  38.080791    12.6509    7.35680      2.183    32.5621    24.5728 -9.990e-29
 243.418316      2.205  38.079681    12.6506    7.35217      2.187    32.5613    24.5723 -9.990e-29
 243.418322      2.204  38.077862    12.6502    7.34985      2.186    32.5599    24.5713 -9.990e-29
 243.418328      2.201  38.076269    12.6497    7.34100      2.183    32.5589    24.5705 -9.990e-29
 243.418333      2.205  38.075578    12.6498    7.34394      2.187    32.5581    24.5699 -9.990e-29
 243.418339      2.216  38.078231    12.6509    7.36483      2.197    32.5597    24.5709 -9.990e-29
 243.418345      2.227  38.084394    12.6516    7.35255      2.208    32.5649    24.5749 -9.990e-29
 243.418351      2.233  38.086575    12.6513    7.33899      2.214    32.5673    24.5767 -9.990e-29
 243.418356      2.235  38.082071    12.6508    7.32466      2.216    32.5634    24.5739 -9.990e-29
 243.418362      2.234  38.077210    12.6505    7.31954      2.215    32.5591    24.5705 -9.990e-29
 243.418368      2.233  38.075040    12.6506    7.33125      2.214    32.5569    24.5688 -9.990e-29
 243.418374      2.241  38.074907    12.6508    7.34175      2.222    32.5566    24.5686 -9.990e-29
 243.418380      2.258  38.076069    12.6508    7.34167      2.239    32.5577    24.5694 -9.990e-29
 243.418385      2.273  38.076707    12.6507    7.34892      2.254    32.5584    24.5700 -9.990e-29
 243.418391      2.279  38.075424    12.6508    7.34160      2.260    32.5571    24.5689 -9.990e-29
 243.418397      2.279  38.072746    12.6512    7.32844      2.260    32.5542    24.5666 -9.990e-29
 243.418403      2.278  38.070707    12.6514    7.31794      2.259    32.5521    24.5649 -9.990e-29
 243.418409      2.276  38.070509    12.6512    7.32017      2.257    32.5520    24.5650 -9.990e-29
 243.418414      2.273  38.071326    12.6509    7.33092      2.254    32.5531    24.5658 -9.990e-29
 243.418420      2.268  38.073121    12.6507    7.33839      2.249    32.5550    24.5673 -9.990e-29
 243.418426      2.262  38.074357    12.6505    7.33791      2.243    32.5563    24.5684 -9.990e-29
 243.418432      2.254  38.072750    12.6506    7.31637      2.235    32.5547    24.5671 -9.990e-29
 243.418438      2.244  38.070079    12.6510    7.31111      2.225    32.5518    24.5648 -9.990e-29
 243.418443      2.239  38.068388    12.6515    7.31104      2.220    32.5498    24.5632 -9.990e-29
 243.418449      2.247  38.067100    12.6520    7.31227      2.228    32.5481    24.5618 -9.990e-29
 243.418455      2.261  38.065056    12.6524    7.31226      2.242    32.5458    24.5599 -9.990e-29
 243.418461      2.273  38.064572    12.6526    7.31809      2.254    32.5452    24.5594 -9.990e-29
 243.418466      2.283  38.066122    12.6527    7.31462      2.264    32.5466    24.5604 -9.990e-29
 243.418472      2.293  38.065036    12.6527    7.31672      2.274    32.5455    24.5596 -9.990e-29
 243.418478      2.303  38.062666    12.6526    7.31788      2.284    32.5434    24.5580 -9.990e-29
 243.418484      2.317  38.062578    12.6525    7.31655      2.298    32.5434    24.5580 -9.990e-29
 243.418490      2.342  38.064092    12.6524    7.32637      2.322    32.5449    24.5592 -9.990e-29
 243.418495      2.374  38.067541    12.6526    7.33731      2.354    32.5480    24.5615 -9.990e-29
 243.418501      2.411  38.071348    12.6528    7.32079      2.391    32.5514    24.5642 -9.990e-29
 243.418507      2.456  38.072173    12.6530    7.32131      2.435    32.5520    24.5646 -9.990e-29
 243.418513      2.510  38.070551    12.6534    7.34457      2.489    32.5501    24.5630 -9.990e-29
 243.418519      2.579  38.069362    12.6537    7.39676      2.557    32.5487    24.5619 -9.990e-29
 243.418524      2.665  38.070942    12.6541    7.44630      2.643    32.5498    24.5627 -9.990e-29
 243.418530      2.776  38.075711    12.6544    7.45390      2.753    32.5540    24.5659 -9.990e-29
 243.418536      2.912  38.082174    12.6541    7.43056      2.888    32.5604    24.5709 0.0000e+00
 243.418542      3.071  38.089412    12.6529    7.39972      3.045    32.5683    24.5772 0.0000e+00
 243.418547      3.253  38.098113    12.6505    7.34259      3.226    32.5785    24.5857 0.0000e+00
 243.418553      3.475  38.114287    12.6429    7.27191      3.446    32.6004    24.6041 0.0000e+00
 243.418559      3.751  38.147181    12.6084    7.16679      3.720    32.6616    24.6581 0.0000e+00
 243.418565      4.085  38.192439    12.5244    7.04944      4.051    32.7777    24.7643 0.0000e+00
 243.418571      4.478  38.210593    12.4060    6.94949      4.441    32.8985    24.8806 0.0000e+00
 243.418576      4.920  38.168654    12.2933    6.85064      4.879    32.9570    24.9475 0.0000e+00
 243.418582      5.396  38.100440    12.2062    6.77891      5.351    32.9678    24.9724 0.0000e+00
 243.418588      5.895  38.045666    12.1320    6.72060      5.846    32.9803    24.9961 0.0000e+00
 243.418594      6.409  37.999156    12.0511    6.66651      6.355    33.0066    25.0317 0.0000e+00
 243.418600      6.937  37.944327    11.9519    6.63150      6.879    33.0411    25.0772 0.0000e+00
 243.418605      7.474  37.868087    11.8301    6.58810      7.411    33.0751    25.1262 0.0000e+00
 243.418611      8.016  37.771417    11.6910    6.57512      7.949    33.1046    25.1749 0.0000e+00
 243.418617      8.564  37.668430    11.5433    6.55505      8.492    33.1357    25.2262 0.0000e+00
 243.418623      9.113  37.564252    11.4057    6.52025      9.037    33.1566    25.2676 0.0000e+00
 243.418628      9.656  37.465778    11.2992    6.49504      9.575    33.1552    25.2858 0.0000e+00
 243.418634     10.189  37.389746    11.2131    6.39114     10.104    33.1575    25.3031 0.0000e+00
 243.418640     10.712  37.331224    11.1238    6.27037     10.622    33.1799    25.3365 0.0000e+00
 243.418646     11.227  37.271625    11.0299    6.08381     11.133    33.2055    25.3732 0.0000e+00
 243.418652     11.747  37.208873    10.9317    5.84023     11.649    33.2319    25.4112 0.0000e+00
 243.418657     12.279  37.142856    10.8086    5.58281     12.176    33.2777    25.4686 0.0000e+00
 243.418663     12.819  37.053963    10.6405    5.31471     12.712    33.3419    25.5480 0.0000e+00
 243.418669     13.361  36.918437    10.4425    5.07300     13.249    33.3869    25.6175 0.0000e+00
 243.418675     13.907  36.755199    10.2341    4.86399     13.790    33.4137    25.6741 0.0000e+00
 243.418681     14.453  36.590501    10.0177    4.65905     14.332    33.4463    25.7361 0.0000e+00
 243.418686     14.995  36.420599     9.8133    4.48579     14.869    33.4624    25.7829 0.0000e+00
 243.418692     15.537  36.262279     9.6369    4.34228     15.407    33.4642    25.8134 0.0000e+00
 243.418698     16.085  36.125897     9.4945    4.22746     15.950    33.4565    25.8307 0.0000e+00
 243.418704     16.634  36.010687     9.3929    4.14461     16.495    33.4324    25.8283 0.0000e+00
 243.418709     17.181  35.929535     9.3182    4.07981     17.037    33.4181    25.8292 0.0000e+00
 243.418715     17.728  35.871784     9.2434    4.02270     17.579    33.4281    25.8490 0.0000e+00
 243.418721     18.269  35.810891     9.1485    3.95065     18.116    33.4537    25.8842 0.0000e+00
 243.418727     18.801  35.732385     9.0367    3.89096     18.643    33.4769    25.9201 0.0000e+00
 243.418733     19.324  35.641479     8.9364    3.82780     19.162    33.4764    25.9354 0.0000e+00
 243.418738     19.841  35.562164     8.8684    3.79011     19.674    33.4574    25.9312 0.0000e+00
 243.418744     20.364  35.512016     8.8232    3.76617     20.193    33.4473    25.9304 0.0000e+00
 243.418750     20.904  35.479670     8.7855    3.74882     20.728    33.4488    25.9374 0.0000e+00
 243.418756     21.462  35.449473     8.7512    3.73405     21.282    33.4492    25.9431 0.0000e+00
 243.418762     22.026  35.420411     8.7196    3.70127     21.841    33.4483    25.9473 0.0000e+00
 243.418767     22.589  35.394108     8.6931    3.68542     22.399    33.4455    25.9492 0.0000e+00
 243.418773     23.158  35.372500     8.6759    3.67957     22.963    33.4388    25.9466 0.0000e+00
 243.418779     23.734  35.358177     8.6540    3.67481     23.535    33.4442    25.9542 0.0000e+00
 243.418785     24.315  35.337660     8.6078    3.64479     24.111    33.4661    25.9784 0.0000e+00
 243.418791     24.905  35.293135     8.5461    3.59696     24.696    33.4774    25.9968 0.0000e+00
 243.418796     25.502  35.237564     8.4976    3.52318     25.288    33.4646    25.9941 0.0000e+00
 243.418802     26.097  35.199444     8.4728    3.43813     25.878    33.4476    25.9845 0.0000e+00
 243.418808     26.678  35.185125     8.4544    3.35086     26.454    33.4496    25.9889 0.0000e+00
 243.418814     27.233  35.173839     8.4222    3.23894     27.004    33.4680    26.0083 0.0000e+00
 243.418819     27.756  35.142703     8.3672    3.11221     27.522    33.4872    26.0316 0.0000e+00
 243.418825     28.242  35.093938     8.2836    3.02518     28.004    33.5149    26.0659 0.0000e+00
 243.418831     28.691  35.030922     8.1819    2.92391     28.450    33.5448    26.1046 0.0000e+00
 243.418837     29.106  34.952043     8.0960    2.87348     28.861    33.5428    26.1158 0.0000e+00
 243.418843     29.488  34.885543     8.0428    2.84606     29.240    33.5226    26.1078 0.0000e+00
 243.418848     29.836  34.847570     8.0131    2.84119     29.585    33.5104    26.1025 0.0000e+00
 243.418854     30.138  34.825611     7.9983    2.86316     29.884    33.5009    26.0973 0.0000e+00
 243.418860     30.370  34.813938     7.9931    2.88111     30.114    33.4933    26.0921 0.0000e+00
 243.418866     30.508  34.809888     7.9951    2.90811     30.251    33.4870    26.0868 -9.990e-29
 243.418872     30.533  34.811436     8.0037    2.92764     30.276    33.4804    26.0804 -9.990e-29
 243.418877     30.432  34.817299     8.0186    2.96325     30.176    33.4725    26.0720 -9.990e-29
 243.418883     30.215  34.827460     8.0411    2.98620     29.961    33.4619    26.0604 0.0000e+00
 243.418889     29.909  34.846518     8.0601    2.99030     29.657    33.4642    26.0594 0.0000e+00
 243.418895     29.535  34.862910     8.0584    2.99006     29.286    33.4835    26.0748 0.0000e+00
 243.418900     29.109  34.857596     8.0486    2.99001     28.864    33.4874    26.0793 0.0000e+00
 243.418906     28.637  34.844257     8.0573    3.00030     28.396    33.4651    26.0604 0.0000e+00
 243.418912     28.136  34.849405     8.0822    3.01214     27.899    33.4470    26.0426 0.0000e+00
 243.418918     27.631  34.870392     8.1011    3.02192     27.399    33.4516    26.0434 0.0000e+00
 243.418924     27.135  34.885333     8.1050    3.03841     26.907    33.4640    26.0525 0.0000e+00
 243.418929     26.657  34.886149     8.1039    3.06254     26.433    33.4662    26.0544 0.0000e+00
 243.418935     26.194  34.883482     8.1133    3.11067     25.974    33.4546    26.0439 0.0000e+00
 243.418941     25.744  34.893414     8.1396    3.17299     25.528    33.4403    26.0288 0.0000e+00
 243.418947     25.300  34.918551     8.1719    3.25709     25.087    33.4364    26.0209 0.0000e+00
 243.418953     24.849  34.939739     8.2013    3.36903     24.640    33.4311    26.0124 0.0000e+00
 243.418958     24.385  34.951056     8.2362    3.47708     24.180    33.4102    25.9908 0.0000e+00
 243.418964     23.908  34.969859     8.2798    3.58003     23.707    33.3889    25.9675 0.0000e+00
 243.418970     23.418  34.999940     8.3283    3.68297     23.221    33.3749    25.9493 0.0000e+00
 243.418976     22.909  35.036588     8.3925    3.74083     22.717    33.3531    25.9225 0.0000e+00
 243.418981     22.383  35.089453     8.4809    3.76591     22.195    33.3255    25.8875 0.0000e+00
 243.418987     21.850  35.164024     8.5706    3.78831     21.666    33.3196    25.8693 0.0000e+00
 243.418993     21.317  35.237553     8.6304    3.77599     21.138    33.3408    25.8767 0.0000e+00
 243.418999     20.794  35.280307     8.6509    3.77422     20.619    33.3667    25.8938 0.0000e+00
 243.419005     20.286  35.291592     8.6410    3.79549     20.116    33.3881    25.9121 0.0000e+00
 243.419010     19.795  35.284239     8.6197    3.81799     19.629    33.4007    25.9253 0.0000e+00
 243.419016     19.320  35.265844     8.6102    3.89007     19.158    33.3906    25.9188 0.0000e+00
 243.419022     18.851  35.256741     8.6345    3.98794     18.693    33.3583    25.8897 0.0000e+00
 243.419028     18.380  35.282364     8.7157    4.08681     18.226    33.3088    25.8385 0.0000e+00
 243.419034     17.903  35.360636     8.8397    4.22184     17.753    33.2745    25.7924 0.0000e+00
 243.419039     17.415  35.469246     8.9599    4.33356     17.269    33.2754    25.7744 0.0000e+00
 243.419045     16.915  35.559641     9.0749    4.49645     16.773    33.2622    25.7459 0.0000e+00
 243.419051     16.402  35.643637     9.1951    4.67820     16.264    33.2374    25.7075 0.0000e+00
 243.419057     15.871  35.737404     9.2961    4.89093     15.738    33.2407    25.6939 0.0000e+00
 243.419063     15.333  35.813514     9.3715    5.14290     15.204    33.2494    25.6886 0.0000e+00
 243.419068     14.800  35.870897     9.4575    5.38627     14.676    33.2289    25.6587 0.0000e+00
 243.419074     14.277  35.940688     9.6101    5.67665     14.157    33.1596    25.5798 0.0000e+00
 243.419080     13.760  36.072241     9.8306    5.92469     13.645    33.0913    25.4902 0.0000e+00
 243.419086     13.242  36.262702    10.0674    6.14132     13.131    33.0682    25.4327 0.0000e+00
 243.419091     12.716  36.450416    10.2862    6.28056     12.609    33.0585    25.3882 0.0000e+00
 243.419097     12.182  36.617170    10.4461    6.35301     12.080    33.0811    25.3785 0.0000e+00
 243.419103     11.649  36.735859    10.5282    6.45310     11.551    33.1259    25.3992 0.0000e+00
 243.419109     11.117  36.781446    10.5824    6.61742     11.024    33.1226    25.3872 0.0000e+00
 243.419115     10.583  36.808595    10.6824    6.85365     10.494    33.0593    25.3205 0.0000e+00
 243.419120     10.047  36.888855    10.8266    7.03318      9.963    33.0092    25.2564 0.0000e+00
 243.419126      9.508  37.012630    10.9547    7.10080      9.428    33.0171    25.2399 0.0000e+00
 243.419132      8.968  37.111169    11.0746    7.09044      8.893    33.0072    25.2109 0.0000e+00
 243.419138      8.420  37.188624    11.2343    7.05140      8.350    32.9408    25.1307 0.0000e+00
 243.419144      7.864  37.300086    11.4378    7.10462      7.798    32.8691    25.0382 0.0000e+00
 243.419149      7.313  37.451212    11.6336    7.20769      7.252    32.8434    24.9825 0.0000e+00
 243.419155      6.773  37.593451    11.7575    7.33602      6.716    32.8726    24.9824 0.0000e+00
 243.419161      6.245  37.680431    11.7880    7.39496      6.193    32.9304    25.0216 0.0000e+00
 243.419167      5.730  37.697523    11.7865    7.48431      5.682    32.9486    25.0360 0.0000e+00
 243.419172      5.227  37.683262    11.8668    7.55339      5.183    32.8639    24.9553 0.0000e+00
 243.419178      4.741  37.731931    12.0575    7.48537      4.701    32.7433    24.8262 0.0000e+00
 243.419184      4.269  37.873656    12.2701    7.32245      4.233    32.6940    24.7479 0.0000e+00
 243.419190      3.816  38.022084    12.3998    6.99938      3.784    32.7234    24.7460 0.0000e+00
 243.419196      3.395  38.086929    12.4149    6.93283      3.367    32.7726    24.7812 0.0000e+00
