data/oxygen options/ONMS/Olympic_Coast_National_Marine_Sanctuary_Hypoxia_Survey_CTD_Data_2004_2015/raw_data/2005/CTD_CA100_081505faed.cnv
* Sea-Bird SBE19 Data File:
* FileName = C:\Hypoxia Data\CA100_081505.hex
* Software Version 1.1.6
* Temperature SN = 2997
* Conductivity SN = 2997
* System UpLoad Time = Aug 15 2005 14:47:56
* SEACAT PROFILER V3.1c SN 2997   08/15/05  14:47:11.735
* strain gauge pressure sensor: S/N = 184829,  range = 3000 psia,  tc = 40
# nquan = 9                                 
# nvalues = 929                         
# units = specified
# name 0 = timeJ: Julian Days
# name 1 = prSM: Pressure, Strain Gauge [db]
# name 2 = c0mS/cm: Conductivity [mS/cm]
# name 3 = t090C: Temperature [ITS-90, deg C]
# name 4 = oxML/L: Oxygen, Beckman/YSI [ml/l]
# name 5 = depSM: Depth [salt water, m], lat = 47.5
# name 6 = sal00: Salinity, Practical [PSU]
# name 7 = sigma-é00: Density [sigma-theta, kg/m^3]
# name 8 = flag: flag
# span 0 = 227.604005, 227.609375       
# span 1 =      0.812,     98.806       
# span 2 =   0.618159,  37.347523       
# span 3 =     7.1295,    13.4078       
# span 4 =  -13.85351,   27.59479       
# span 5 =      0.805,     97.958       
# span 6 =     0.3996,    33.9111       
# span 7 =    -0.2594,    26.5443       
# span 8 = 0.0000e+00, 0.0000e+00       
# interval = seconds: 0.5
# start_time = Aug 15 2005 14:29:46 [Instrument's time stamp, header]
# bad_flag = -9.990e-29
*END*
[from data line 801]
 227.608640      2.244  37.153809    12.8296    7.23497      2.225    31.5316    23.7404 -9.990e-29
 227.608646      2.212  37.043325    12.7968    7.36642      2.194    31.4546    23.6871 -9.990e-29
 227.608652      2.192  36.749311    12.7548    7.39936      2.174    31.2119    23.5073 -9.990e-29
 227.608657      2.183  35.938637    12.7120    7.39365      2.165    30.4823    22.9508 -9.990e-29
 227.608663      2.183  33.582001    12.6762    7.37737      2.165    28.3005    21.2697 -9.990e-29
 227.608669      2.189  26.574237    12.6513    7.40074      2.171    21.8765    16.3121 -9.990e-29
 227.608675      2.193  15.869162    12.6375    7.51704      2.175    12.4646     9.0581 -9.990e-29
 227.608681      2.190   8.232293    12.6311    7.58121      2.172     6.1367     4.1796 -9.990e-29
 227.608686      2.181   5.112247    12.6282    7.60953      2.163     3.6850     2.2856 -9.990e-29
 227.608692      2.165   3.784125    12.6265    7.60585      2.147     2.6751     1.5042 -9.990e-29
 227.608698      2.144   3.342143    12.6245    7.57946      2.126     2.3448     1.2485 -9.990e-29
 227.608704      2.127   3.318617    12.6224    7.57394      2.109     2.3274     1.2353 -9.990e-29
 227.608709      2.117   3.241154    12.6209    7.57126      2.099     2.2699     1.1910 -9.990e-29
 227.608715      2.112   2.960948    12.6197    7.56532      2.094     2.0626     1.0304 -9.990e-29
 227.608721      2.112   2.647594    12.6180    7.56043      2.094     1.8324     0.8521 -9.990e-29
 227.608727      2.114   2.401983    12.6161   -5.59426      2.096     1.6534     0.7134 -9.990e-29
 227.608733      2.113   2.210901    12.6145  -12.81018      2.095     1.5149     0.6061 -9.990e-29
 227.608738      2.114   2.069386    12.6133  -13.85351      2.096     1.4129     0.5271 -9.990e-29
 227.608744      2.120   1.969164    12.6120  -10.19794      2.102     1.3410     0.4714 -9.990e-29
 227.608750      2.127   1.886508    12.6106   -1.87051      2.109     1.2818     0.4256 -9.990e-29
 227.608756      2.133   1.827764    12.6089   -0.34615      2.115     1.2399     0.3932 -9.990e-29
 227.608762      2.141   1.786761    12.6071   -0.19284      2.123     1.2107     0.3708 -9.990e-29
 227.608767      2.153   1.747120    12.6055   -0.14374      2.135     1.1825     0.3491 -9.990e-29
 227.608773      2.164   1.707048    12.6042   -0.12750      2.146     1.1541     0.3271 -9.990e-29
 227.608779      2.175   1.658622    12.6030   -0.12290      2.157     1.1197     0.3006 -9.990e-29
 227.608785      2.183   1.607198    12.6017   -0.12303      2.165     1.0833     0.2725 -9.990e-29
 227.608791      2.184   1.568557    12.6003   -0.12313      2.166     1.0560     0.2514 -9.990e-29
 227.608796      2.182   1.549999    12.5993   -0.12321      2.164     1.0429     0.2414 -9.990e-29
 227.608802      2.182   1.538433    12.5989   -0.12328      2.164     1.0348     0.2351 -9.990e-29
 227.608808      2.178   1.507896    12.5987   -0.12334      2.160     1.0132     0.2183 -9.990e-29
 227.608814      2.168   1.475935    12.5981   -0.12337      2.150     0.9907     0.2009 -9.990e-29
 227.608819      2.153   1.524778    12.5973   -0.12341      2.135     1.0252     0.2278 -9.990e-29
 227.608825      2.143   1.736747    12.5966   -0.12347      2.125     1.1754     0.3447 -9.990e-29
 227.608831      2.136   2.030413    12.5961   -0.12345      2.118     1.3855     0.5080 -9.990e-29
 227.608837      2.127   2.211239    12.5957   -0.12345      2.109     1.5159     0.6093 -9.990e-29
 227.608843      2.121   2.216159    12.5950   -0.12343      2.103     1.5195     0.6121 -9.990e-29
 227.608848      2.121   2.107799    12.5937   -0.12325      2.103     1.4413     0.5516 -9.990e-29
 227.608854      2.126   1.963728    12.5923   -0.12310      2.108     1.3378     0.4713 -9.990e-29
 227.608860      2.139   1.829427    12.5915   -0.12290      2.121     1.2417     0.3968 -9.990e-29
 227.608866      2.154   1.714534    12.5914   -0.12272      2.136     1.1598     0.3332 -9.990e-29
 227.608872      2.169   1.620139    12.5918   -0.12270      2.151     1.0928     0.2810 -9.990e-29
 227.608877      2.184   1.539696    12.5919   -0.12288      2.166     1.0358     0.2368 -9.990e-29
 227.608883      2.197   1.465276    12.5913   -0.12309      2.179     0.9834     0.1961 -9.990e-29
 227.608889      2.208   1.413619    12.5903   -0.12327      2.190     0.9471     0.1679 -9.990e-29
 227.608895      2.218   1.411322    12.5897   -0.12337      2.199     0.9455     0.1668 -9.990e-29
 227.608900      2.218   1.460389    12.5896   -0.12336      2.199     0.9800     0.1936 -9.990e-29
 227.608906      2.214   1.579637    12.5892   -0.12332      2.196     1.0642     0.2591 -9.990e-29
 227.608912      2.213   1.789819    12.5878   -0.12331      2.195     1.2135     0.3754 -9.990e-29
 227.608918      2.212   2.060375    12.5862   -0.12336      2.194     1.4074     0.5262 -9.990e-29
 227.608924      2.205   2.338554    12.5852   -0.12344      2.187     1.6086     0.6825 -9.990e-29
 227.608929      2.197   2.536721    12.5848   -0.12350      2.179     1.7529     0.7946 -9.990e-29
 227.608935      2.191   2.553769    12.5841   -0.12353      2.173     1.7654     0.8044 -9.990e-29
 227.608941      2.187   2.382449    12.5822   -0.12350      2.169     1.6406     0.7078 -9.990e-29
 227.608947      2.185   2.120244    12.5793   -0.12347      2.167     1.4508     0.5608 -9.990e-29
 227.608953      2.180   1.881651    12.5771   -0.12352      2.162     1.2795     0.4279 -9.990e-29
 227.608958      2.172   1.737087    12.5764   -0.12358      2.154     1.1763     0.3479 -9.990e-29
 227.608964      2.166   1.691929    12.5768   -0.12364      2.148     1.1441     0.3228 -9.990e-29
 227.608970      2.155   1.691517    12.5771   -0.12366      2.137     1.1438     0.3226 -9.990e-29
 227.608976      2.139   1.669264    12.5765   -0.12366      2.121     1.1281     0.3104 -9.990e-29
 227.608981      2.127   1.599940    12.5754   -0.12364      2.109     1.0789     0.2723 -9.990e-29
 227.608987      2.126   1.507647    12.5752   -0.12365      2.108     1.0137     0.2216 -9.990e-29
 227.608993      2.135   1.431912    12.5760   -0.12368      2.117     0.9603     0.1800 -9.990e-29
 227.608999      2.142   1.395491    12.5766   -0.12371      2.124     0.9347     0.1600 -9.990e-29
 227.609005      2.144   1.389214    12.5764   -0.12374      2.126     0.9303     0.1566 -9.990e-29
 227.609010      2.145   1.375308    12.5754   -0.12374      2.127     0.9205     0.1492 -9.990e-29
 227.609016      2.146   1.325242    12.5743   -0.12372      2.128     0.8855     0.1220 -9.990e-29
 227.609022      2.149   1.250494    12.5742   -0.12371      2.131     0.8332     0.0814 -9.990e-29
 227.609028      2.157   1.181776    12.5753   -0.12371      2.139     0.7854     0.0440 -9.990e-29
 227.609034      2.160   1.137865    12.5769   -0.12373      2.142     0.7548     0.0200 -9.990e-29
 227.609039      2.158   1.117351    12.5779   -0.12372      2.140     0.7406     0.0088 -9.990e-29
 227.609045      2.161   1.103424    12.5780   -0.12372      2.143     0.7309     0.0013 -9.990e-29
 227.609051      2.168   1.079178    12.5776   -0.12373      2.150     0.7142    -0.0117 -9.990e-29
 227.609057      2.176   1.041131    12.5775   -0.12376      2.158     0.6879    -0.0321 -9.990e-29
 227.609062      2.185   0.998460    12.5785   -0.12378      2.167     0.6585    -0.0552 -9.990e-29
 227.609068      2.191   0.966382    12.5801   -0.12379      2.173     0.6364    -0.0726 -9.990e-29
 227.609074      2.191   0.954269    12.5812   -0.12380      2.173     0.6280    -0.0792 -9.990e-29
 227.609080      2.184   0.955399    12.5811   -0.12379      2.166     0.6288    -0.0786 -9.990e-29
 227.609086      2.174   0.955746    12.5802   -0.12379      2.156     0.6291    -0.0783 -9.990e-29
 227.609091      2.165   0.950783    12.5798   -0.12379      2.147     0.6257    -0.0809 -9.990e-29
 227.609097      2.157   0.946651    12.5803   -0.12381      2.139     0.6228    -0.0831 -9.990e-29
 227.609103      2.148   0.944496    12.5811   -0.12381      2.130     0.6213    -0.0844 -9.990e-29
 227.609109      2.139   0.933679    12.5817   -0.12381      2.121     0.6139    -0.0903 -9.990e-29
 227.609115      2.133   0.905877    12.5822   -0.12380      2.115     0.5948    -0.1052 -9.990e-29
 227.609120      2.133   0.867285    12.5829   -0.12379      2.115     0.5684    -0.1258 -9.990e-29
 227.609126      2.141   0.832452    12.5843   -0.12379      2.123     0.5447    -0.1445 -9.990e-29
 227.609132      2.151   0.809286    12.5863   -0.12381      2.133     0.5289    -0.1570 -9.990e-29
 227.609138      2.157   0.794075    12.5876   -0.12382      2.139     0.5185    -0.1653 -9.990e-29
 227.609144      2.158   0.780959    12.5875   -0.12381      2.140     0.5096    -0.1722 -9.990e-29
 227.609149      2.163   0.769642    12.5867   -0.12381      2.145     0.5019    -0.1781 -9.990e-29
 227.609155      2.173   0.761117    12.5863   -0.12380      2.155     0.4962    -0.1825 -9.990e-29
 227.609161      2.179   0.754556    12.5867   -0.12381      2.161     0.4917    -0.1860 -9.990e-29
 227.609167      2.179   0.750084    12.5877   -0.12382      2.161     0.4887    -0.1885 -9.990e-29
 227.609172      2.175   0.748393    12.5885   -0.12382      2.157     0.4875    -0.1895 -9.990e-29
 227.609178      2.172   0.748892    12.5881   -0.12382      2.154     0.4879    -0.1892 -9.990e-29
 227.609184      2.169   0.749473    12.5870   -0.12382      2.151     0.4883    -0.1888 -9.990e-29
 227.609190      2.168   0.748141    12.5866   -0.12382      2.150     0.4874    -0.1894 -9.990e-29
 227.609196      2.163   0.744782    12.5876   -0.12382      2.145     0.4851    -0.1913 -9.990e-29
 227.609201      2.153   0.739355    12.5893   -0.12381      2.135     0.4814    -0.1944 -9.990e-29
 227.609207      2.148   0.731278    12.5902   -0.12380      2.130     0.4759    -0.1988 -9.990e-29
 227.609213      2.150   0.723093    12.5900   -0.12380      2.132     0.4704    -0.2031 -9.990e-29
 227.609219      2.160   0.718860    12.5899   -0.12381      2.142     0.4675    -0.2053 -9.990e-29
 227.609225      2.175   0.717372    12.5909   -0.12382      2.157     0.4665    -0.2062 -9.990e-29
 227.609230      2.186   0.712762    12.5923   -0.12383      2.168     0.4634    -0.2088 -9.990e-29
 227.609236      2.190   0.702764    12.5933   -0.12383      2.172     0.4566    -0.2142 -9.990e-29
 227.609242      2.188   0.691239    12.5935   -0.12382      2.170     0.4488    -0.2203 -9.990e-29
 227.609248      2.179   0.683340    12.5932   -0.12382      2.161     0.4435    -0.2244 -9.990e-29
 227.609253      2.163   0.682400    12.5930   -0.12381      2.145     0.4429    -0.2249 -9.990e-29
 227.609259      2.142   0.688828    12.5934   -0.12381      2.124     0.4472    -0.2215 -9.990e-29
 227.609265      2.125   0.697888    12.5944   -0.12382      2.107     0.4533    -0.2169 -9.990e-29
 227.609271      2.115   0.700585    12.5954   -0.12383      2.097     0.4551    -0.2156 -9.990e-29
 227.609277      2.109   0.692752    12.5959   -0.12385      2.091     0.4498    -0.2198 -9.990e-29
 227.609282      2.110   0.679471    12.5963   -0.12384      2.092     0.4409    -0.2268 -9.990e-29
 227.609288      2.111   0.666325    12.5970   -0.12383      2.093     0.4320    -0.2338 -9.990e-29
 227.609294      2.109   0.654642    12.5980   -0.12382      2.091     0.4241    -0.2401 -9.990e-29
 227.609300      2.109   0.646037    12.5991   -0.12383      2.091     0.4184    -0.2447 -9.990e-29
 227.609306      2.109   0.642900    12.5999   -0.12382      2.091     0.4162    -0.2465 -9.990e-29
 227.609311      2.106   0.643821    12.6000   -0.12380      2.088     0.4169    -0.2460 -9.990e-29
 227.609317      2.104   0.644483    12.5991   -0.12380      2.086     0.4173    -0.2455 -9.990e-29
 227.609323      2.107   0.642441    12.5979 -9.990e-29      2.089     0.4159    -0.2465 -9.990e-29
 227.609329      2.115   0.637190    12.5977 -9.990e-29      2.097     0.4124    -0.2492 -9.990e-29
 227.609334      2.125   0.629492    12.5988 -9.990e-29      2.107     0.4072    -0.2533 -9.990e-29
 227.609340      2.128   0.622392    12.6000 -9.990e-29      2.110     0.4025    -0.2572 -9.990e-29
 227.609346      2.121   0.618625    12.6002 -9.990e-29      2.103     0.3999    -0.2592 -9.990e-29
 227.609352      2.107   0.618159    12.5999 -9.990e-29      2.089     0.3996    -0.2594 -9.990e-29
 227.609358      2.094   0.620927    12.6005 -9.990e-29      2.077     0.4015    -0.2580 -9.990e-29
 227.609363      2.085   0.627290    12.6022 -9.990e-29      2.068     0.4057    -0.2549 -9.990e-29
 227.609369      2.080   0.634090    12.6032 -9.990e-29      2.063     0.4103    -0.2515 -9.990e-29
 227.609375      2.078   0.636530 -9.990e-29 -9.990e-29      2.061 -9.990e-29 -9.990e-29 -9.990e-29
