data/oxygen options/ONMS/Olympic_Coast_National_Marine_Sanctuary_Hypoxia_Survey_CTD_Data_2004_2015/raw_data/2005/CTD_TH60_083105faed.cnv
* Sea-Bird SBE19 Data File:
* FileName = C:\hypoxia CTD data\TH60_083105.hex
* Software Version 1.1.5
* Temperature SN = 2997
* Conductivity SN = 2997
* System UpLoad Time = Aug 31 2005 15:38:50
** Teahwhit Head 083105 60m
* SEACAT PROFILER V3.1c SN 2997   08/31/05  15:34:37.106
# nquan = 9                                 
# nvalues = 716                         
# units = specified
# name 0 = timeJ: Julian Days
# name 1 = prSM: Pressure, Strain Gauge [db]
# name 2 = c0mS/cm: Conductivity [mS/cm]
# name 3 = t090C: Temperature [ITS-90, deg C]
# name 4 = oxML/L: Oxygen, Beckman/YSI [ml/l]
# name 5 = depSM: Depth [salt water, m], lat = 47.5
# name 6 = sal00: Salinity, Practical [PSU]
# name 7 = sigma-é00: Density [sigma-theta, kg/m^3]
# name 8 = flag: flag
# span 0 = 243.472153, 243.476291       
# span 1 =     -3.317,     62.281       
# span 2 =   1.167887,  38.382728       
# span 3 =     7.4823,    13.4744       
# span 4 =   -0.10021,   26.45859       
# span 5 =     -3.289,     61.752       
# span 6 =     0.7665,    33.7295       
# span 7 =    -0.0294,    26.3517       
# span 8 = 0.0000e+00, 0.0000e+00       
# interval = seconds: 0.5
# start_time = Aug 31 2005 11:19:54 [Instrument's time stamp, header]
# bad_flag = -9.990e-29
*END*
[from data line 641]
 243.475862     16.598  37.206205    11.5850    7.25990     16.459    32.6432    24.8361 0.0000e+00
 243.475868     16.268  37.215172    11.5986    7.24624     16.132    32.6402    24.8312 0.0000e+00
 243.475874     15.934  37.217416    11.6041    7.24908     15.800    32.6376    24.8283 0.0000e+00
 243.475880     15.596  37.216497    11.6146    7.25236     15.465    32.6276    24.8186 0.0000e+00
 243.475885     15.255  37.219044    11.6389    7.25807     15.127    32.6089    24.7995 0.0000e+00
 243.475891     14.914  37.230136    11.6682    7.25751     14.789    32.5941    24.7827 0.0000e+00
 243.475897     14.572  37.243815    11.6987    7.22636     14.450    32.5808    24.7667 0.0000e+00
 243.475903     14.230  37.259261    11.7338    7.20264     14.111    32.5651    24.7481 0.0000e+00
 243.475909     13.891  37.280250    11.7635    7.20211     13.775    32.5596    24.7384 0.0000e+00
 243.475914     13.560  37.298323    11.7792    7.21549     13.446    32.5636    24.7386 0.0000e+00
 243.475920     13.236  37.306742    11.7896    7.27046     13.125    32.5628    24.7360 0.0000e+00
 243.475926     12.916  37.314496    11.7986    7.30248     12.808    32.5626    24.7342 0.0000e+00
 243.475932     12.601  37.321271    11.8042    7.31853     12.495    32.5644    24.7346 0.0000e+00
 243.475937     12.288  37.322646    11.8213    7.33768     12.185    32.5509    24.7209 0.0000e+00
 243.475943     11.970  37.335599    11.8639    7.34910     11.870    32.5263    24.6940 0.0000e+00
 243.475949     11.644  37.367865    11.9258    7.37909     11.546    32.5036    24.6649 0.0000e+00
 243.475955     11.306  37.410314    11.9901    7.39631     11.211    32.4887    24.6414 0.0000e+00
 243.475961     10.957  37.453939    12.0416    7.40857     10.865    32.4862    24.6298 0.0000e+00
 243.475966     10.599  37.487941    12.0809    7.39152     10.510    32.4849    24.6215 0.0000e+00
 243.475972     10.236  37.513926    12.1168    7.34098     10.150    32.4789    24.6101 0.0000e+00
 243.475978      9.869  37.539634    12.1542    7.29506      9.786    32.4713    24.5971 0.0000e+00
 243.475984      9.502  37.565700    12.1906    7.25646      9.422    32.4649    24.5854 0.0000e+00
 243.475990      9.136  37.588190    12.2182    7.28602      9.060    32.4628    24.5785 0.0000e+00
 243.475995      8.774  37.602889    12.2328    7.34474      8.701    32.4644    24.5770 0.0000e+00
 243.476001      8.414  37.608653    12.2360    7.39108      8.344    32.4673    24.5786 0.0000e+00
 243.476007      8.055  37.608126    12.2360    7.41193      7.988    32.4669    24.5783 0.0000e+00
 243.476013      7.695  37.607339    12.2545    7.38975      7.631    32.4503    24.5619 0.0000e+00
 243.476019      7.329  37.618704    12.3137    7.39270      7.268    32.4101    24.5195 0.0000e+00
 243.476024      6.958  37.655130    12.4056    7.40359      6.900    32.3657    24.4677 0.0000e+00
 243.476030      6.589  37.708543    12.5020    7.42913      6.534    32.3339    24.4247 0.0000e+00
 243.476036      6.224  37.759319    12.5765    7.42285      6.172    32.3184    24.3984 0.0000e+00
 243.476042      5.870  37.793857    12.6173    7.39041      5.821    32.3164    24.3890 0.0000e+00
 243.476047      5.529  37.806633    12.6510    7.27731      5.483    32.2998    24.3697 0.0000e+00
 243.476053      5.194  37.816379    12.7110    7.34129      5.151    32.2578    24.3256 0.0000e+00
 243.476059      4.859  37.844506    12.7865    7.35468      4.818    32.2201    24.2818 0.0000e+00
 243.476065      4.530  37.881971    12.8439    7.22343      4.492    32.2068    24.2604 0.0000e+00
 243.476071      4.207  37.910877    12.8778    7.08626      4.172    32.2054    24.2527 0.0000e+00
 243.476076      3.885  37.927722    12.9226    6.89258      3.853    32.1833    24.2269 0.0000e+00
 243.476082      3.566  37.956098    13.0044    6.71427      3.536    32.1407    24.1779 0.0000e+00
 243.476088      3.260  38.015333    13.1069    6.68162      3.233    32.1097    24.1339 0.0000e+00
 243.476094      2.977  38.085702    13.1913    6.53248      2.952    32.1046    24.1133 0.0000e+00
 243.476100      2.724  38.134295    13.2320    7.13613      2.701    32.1159    24.1140 0.0000e+00
 243.476105      2.512  38.142356    13.2300    7.19846      2.491    32.1252    24.1216 0.0000e+00
 243.476111      2.343  38.118409    13.1985    6.98355      2.323    32.1294    24.1311 0.0000e+00
 243.476117      2.212  38.083252    13.1538    6.93561      2.194    32.1343    24.1436 -9.990e-29
 243.476123      2.110  38.041609    13.1023    6.96242      2.092    32.1388    24.1572 -9.990e-29
 243.476128      2.030  37.976087    13.0376    6.97532      2.013    32.1320    24.1647 -9.990e-29
 243.476134      1.967  37.850917    12.9594    6.97921      1.951    32.0803    24.1399 -9.990e-29
 243.476140      1.918  37.585567    12.8803    7.00848      1.902    31.8968    24.0132 -9.990e-29
 243.476146      1.880  36.917086    12.8122    7.05823      1.864    31.3228    23.5821 -9.990e-29
 243.476152      1.849  35.015844    12.7616    7.10153      1.834    29.5761    22.2402 -9.990e-29
 243.476157      1.824  29.390583    12.7308    7.11537      1.809    24.3897    18.2381 -9.990e-29
 243.476163      1.803  19.767436    12.7164    7.09410      1.788    15.7973    11.6141 -9.990e-29
 243.476169      1.785  11.213965    12.7116    7.05999      1.770     8.5424     6.0242 -9.990e-29
 243.476175      1.769   6.802174    12.7109    7.03175      1.754     4.9901     3.2834 -9.990e-29
 243.476181      1.754   4.906194    12.7114    7.08264      1.739     3.5191     2.1464 -9.990e-29
 243.476186      1.743   3.898560    12.7117    7.17223      1.728     2.7550     1.5551 -9.990e-29
 243.476192      1.739   3.264835    12.7114    7.25614      1.724     2.2821     1.1888 -9.990e-29
 243.476198      1.739   2.837806    12.7110    7.24137      1.724     1.9672     0.9448 -9.990e-29
 243.476204      1.738   2.546832    12.7107    7.12119      1.723     1.7545     0.7799 -9.990e-29
 243.476209      1.736   2.370991    12.7100    6.96487      1.722     1.6269     0.6809 -9.990e-29
 243.476215      1.732   2.272377    12.7089    6.82391      1.718     1.5556     0.6258 -9.990e-29
 243.476221      1.727   2.255516    12.7079    6.73451      1.713     1.5434     0.6165 -9.990e-29
 243.476227      1.724   2.349551    12.7069    6.72040      1.710     1.6115     0.6694 -9.990e-29
 243.476233      1.728   2.467786    12.7054    6.69567      1.714     1.6973     0.7362 -9.990e-29
 243.476238      1.734   2.502487    12.7034 -9.990e-29      1.720     1.7226     0.7561 -9.990e-29
 243.476244      1.739   2.471051    12.7017 -9.990e-29      1.724     1.6998     0.7386 -9.990e-29
 243.476250      1.742   2.467038    12.7008 -9.990e-29      1.727     1.6970     0.7365 -9.990e-29
 243.476256      1.745   2.526741    12.7003 -9.990e-29      1.730     1.7404     0.7702 -9.990e-29
 243.476262      1.747   2.612612    12.6996 -9.990e-29      1.732     1.8030     0.8189 -9.990e-29
 243.476267      1.749   2.728654    12.6985 -9.990e-29      1.734     1.8879     0.8848 -9.990e-29
 243.476273      1.750   2.977949    12.6970 -9.990e-29      1.735     2.0710     1.0270 -9.990e-29
 243.476279      1.750   3.371312    12.6955 -9.990e-29      1.735     2.3621     1.2528 -9.990e-29
 243.476285      1.751   3.636664    12.6949 -9.990e-29      1.736     2.5599     1.4062 -9.990e-29
 243.476291      1.751   3.582833 -9.990e-29 -9.990e-29      1.736 -9.990e-29 -9.990e-29 -9.990e-29
