data/oxygen options/ONMS/Olympic_Coast_National_Marine_Sanctuary_Hypoxia_Survey_CTD_Data_2004_2015/raw_data/2005/CTD_TH40_062205faed.cnv
* Sea-Bird SBE19 Data File:
* FileName = C:\hypoxia CTD data\TH40_062205.hex
* Software Version 1.1.5
* Temperature SN = 2997
* Conductivity SN = 2997
* System UpLoad Time = Jun 22 2005 12:33:43
* SEACAT PROFILER V3.1c SN 2997   06/22/05  12:33:23.420
* strain gauge pressure sensor: S/N = 184829,  range = 3000 psia,  tc = 40
# nquan = 9                                 
# nvalues = 569                         
# units = specified
# name 0 = timeJ: Julian Days
# name 1 = prSM: Pressure, Strain Gauge [db]
# name 2 = c0mS/cm: Conductivity [mS/cm]
# name 3 = t090C: Temperature [ITS-90, deg C]
# name 4 = oxML/L: Oxygen, Beckman/YSI [ml/l]
# name 5 = depSM: Depth [salt water, m], lat = 47.5
# name 6 = sal00: Salinity, Practical [PSU]
# name 7 = sigma-é00: Density [sigma-theta, kg/m^3]
# name 8 = flag: flag
# span 0 = 173.426887, 173.430174       
# span 1 =     -2.729,     41.389       
# span 2 =   2.769923,  38.240215       
# span 3 =     8.6825,    15.3055       
# span 4 =   -0.09603,   24.74331       
# span 5 =     -2.706,     41.039       
# span 6 =     1.8196,    33.0941       
# span 7 =     0.5456,    25.6751       
# span 8 = 0.0000e+00, 0.0000e+00       
# interval = seconds: 0.5
# start_time = Jun 22 2005 10:14:43 [Instrument's time stamp, header]
# bad_flag = -9.990e-29
*END*
[from data line 481]
 173.429670     30.710  35.087513     8.9665    3.34236     30.451    32.8656    25.4528 0.0000e+00
 173.429676     30.204  35.110501     9.0004    3.41785     29.950    32.8584    25.4418 0.0000e+00
 173.429682     29.721  35.121015     9.0073    3.47634     29.471    32.8631    25.4445 0.0000e+00
 173.429688     29.262  35.129148     9.0256    3.54396     29.016    32.8549    25.4352 0.0000e+00
 173.429693     28.823  35.152468     9.1116    3.59995     28.580    32.8000    25.3787 0.0000e+00
 173.429699     28.396  35.190676     9.2962    3.67353     28.157    32.6703    25.2481 0.0000e+00
 173.429705     27.982  35.245375     9.5018    3.72013     27.747    32.5394    25.1130 0.0000e+00
 173.429711     27.586  35.307084     9.6219    3.78467     27.354    32.4939    25.0581 0.0000e+00
 173.429716     27.211  35.344871     9.6485    3.84297     26.982    32.5087    25.0653 0.0000e+00
 173.429722     26.844  35.351982     9.6437    3.93280     26.618    32.5204    25.0752 0.0000e+00
 173.429728     26.471  35.348011     9.6582    4.09580     26.248    32.5034    25.0596 0.0000e+00
 173.429734     26.082  35.348965     9.7413    4.32895     25.863    32.4295    24.9884 0.0000e+00
 173.429740     25.667  35.374609     9.9285    4.59515     25.451    32.2877    24.8470 0.0000e+00
 173.429745     25.224  35.443997    10.1703    4.79292     25.012    32.1427    24.6938 0.0000e+00
 173.429751     24.752  35.542017    10.3876    4.94051     24.544    32.0492    24.5844 0.0000e+00
 173.429757     24.257  35.634014    10.5617    5.06387     24.053    31.9883    24.5074 0.0000e+00
 173.429763     23.745  35.708151    10.7099    5.17379     23.545    31.9326    24.4386 0.0000e+00
 173.429769     23.227  35.770809    10.8449    5.27060     23.032    31.8772    24.3723 0.0000e+00
 173.429774     22.712  35.830434    10.9460    5.33693     22.521    31.8486    24.3324 0.0000e+00
 173.429780     22.209  35.877407    10.9650    5.42758     22.022    31.8787    24.3525 0.0000e+00
 173.429786     21.727  35.881876    10.9257    5.57945     21.545    31.9174    24.3895 0.0000e+00
 173.429792     21.263  35.857673    10.9523    5.76993     21.084    31.8706    24.3484 0.0000e+00
 173.429797     20.814  35.871764    11.0980    5.93007     20.639    31.7585    24.2357 0.0000e+00
 173.429803     20.381  35.941797    11.2573    6.04180     20.210    31.6902    24.1545 0.0000e+00
 173.429809     19.971  36.010893    11.3416    6.09380     19.803    31.6856    24.1359 0.0000e+00
 173.429815     19.584  36.040021    11.3851    6.13322     19.420    31.6769    24.1214 0.0000e+00
 173.429821     19.203  36.051797    11.4229    6.19081     19.042    31.6562    24.0986 0.0000e+00
 173.429826     18.808  36.068660    11.4510    6.26803     18.650    31.6487    24.0878 0.0000e+00
 173.429832     18.392  36.082821    11.4870    6.36784     18.238    31.6319    24.0682 0.0000e+00
 173.429838     17.953  36.098029    11.5366    6.44835     17.802    31.6046    24.0381 0.0000e+00
 173.429844     17.490  36.119989    11.5840    6.47666     17.343    31.5857    24.0149 0.0000e+00
 173.429850     16.998  36.140984    11.6392    6.53723     16.855    31.5593    23.9844 0.0000e+00
 173.429855     16.472  36.167713    11.7198    6.65115     16.334    31.5169    23.9369 0.0000e+00
 173.429861     15.917  36.212835    11.8114    6.80423     15.784    31.4832    23.8940 0.0000e+00
 173.429867     15.352  36.266996    11.8864    6.93367     15.223    31.4722    23.8718 0.0000e+00
 173.429873     14.798  36.310475    11.9404    6.89369     14.674    31.4688    23.8592 0.0000e+00
 173.429878     14.267  36.339591    11.9927    6.75087     14.147    31.4529    23.8373 0.0000e+00
 173.429884     13.758  36.362902    12.0811    6.60372     13.643    31.4011    23.7808 0.0000e+00
 173.429890     13.265  36.405891    12.2479    6.57245     13.154    31.3026    23.6735 0.0000e+00
 173.429896     12.790  36.511866    12.4515    6.74159     12.683    31.2342    23.5823 0.0000e+00
 173.429902     12.339  36.651119    12.5672    6.95738     12.236    31.2704    23.5886 0.0000e+00
 173.429907     11.898  36.721144    12.5743    6.98824     11.798    31.3311    23.6342 0.0000e+00
 173.429913     11.453  36.714985    12.5935    6.87124     11.357    31.3095    23.6138 0.0000e+00
 173.429919     10.993  36.722021    12.7683    6.67835     10.901    31.1715    23.4737 0.0000e+00
 173.429925     10.510  36.824518    13.1415    6.56137     10.422    30.9619    23.2395 0.0000e+00
 173.429931     10.007  37.042491    13.5914    6.62303      9.923    30.8002    23.0262 0.0000e+00
 173.429936      9.495  37.297059    13.9815    6.76763      9.416    30.7219    22.8876 0.0000e+00
 173.429942      8.979  37.507704    14.2600    6.90892      8.904    30.6927    22.8083 0.0000e+00
 173.429948      8.466  37.647503    14.4230    6.96560      8.395    30.6906    22.7732 0.0000e+00
 173.429954      7.962  37.706643    14.5552    6.93117      7.895    30.6399    22.7067 0.0000e+00
 173.429959      7.459  37.750565    14.7590    6.88246      7.397    30.5194    22.5714 0.0000e+00
 173.429965      6.960  37.865328    14.9830    6.82404      6.902    30.4475    22.4690 0.0000e+00
 173.429971      6.480  38.002624    15.1259    6.79819      6.426    30.4591    22.4476 0.0000e+00
 173.429977      6.023  38.083645    15.1792    6.80204      5.973    30.4900    22.4600 0.0000e+00
 173.429983      5.589  38.111031    15.1730    6.79773      5.542    30.5194    22.4839 0.0000e+00
 173.429988      5.177  38.106183    15.1394    6.75916      5.134    30.5414    22.5080 0.0000e+00
 173.429994      4.778  38.086761    15.1164    6.69380      4.738    30.5421    22.5134 0.0000e+00
 173.430000      4.387  38.073975    15.1380    6.63706      4.350    30.5140    22.4872 0.0000e+00
 173.430006      4.009  38.091152    15.1961    6.52115      3.976    30.4843    22.4519 0.0000e+00
 173.430012      3.656  38.133144    15.2453    6.34008      3.625    30.4835    22.4408 0.0000e+00
 173.430017      3.329  38.164527    15.2659    6.12626      3.301    30.4956    22.4457 0.0000e+00
 173.430023      3.021  38.174443    15.2681    6.04110      2.996    30.5028    22.4507 0.0000e+00
 173.430029      2.725  38.175564    15.2633    5.99971      2.702    30.5076    22.4555 0.0000e+00
 173.430035      2.448  38.172193    15.2565    6.01175      2.428    30.5100    22.4588 0.0000e+00
 173.430041      2.206  38.160957    15.2409    6.64817      2.188    30.5122    22.4638 0.0000e+00
 173.430046      2.010  38.139215    15.2082    7.14979      1.993    30.5184    22.4755 0.0000e+00
 173.430052      1.856  38.110509    15.1644    7.26963      1.841    30.5270    22.4915 -9.990e-29
 173.430058      1.734  38.080870    15.1213    7.18637      1.720    30.5342    22.5062 -9.990e-29
 173.430064      1.644  38.044988    15.0785    7.29745      1.630    30.5355    22.5163 -9.990e-29
 173.430069      1.585  37.988102    15.0312    7.42868      1.572    30.5217    22.5157 -9.990e-29
 173.430075      1.542  37.889880    14.9851    7.45312      1.529    30.4698    22.4855 -9.990e-29
 173.430081      1.501  37.679364    14.9462    7.49748      1.488    30.3118    22.3721 -9.990e-29
 173.430087      1.466  37.116797    14.9137    7.51188      1.454    29.8340    22.0113 -9.990e-29
 173.430093      1.438  35.477882    14.8840    7.52524      1.426    28.3967    20.9119 -9.990e-29
 173.430098      1.410  30.602070    14.8553    7.52064      1.398    24.1309    17.6399 -9.990e-29
 173.430104      1.383  21.576271    14.8311    7.40678      1.371    16.4539    11.7567 -9.990e-29
 173.430110      1.361  12.384150    14.8131    7.42797      1.350     9.0054     6.0532 -9.990e-29
 173.430116      1.348   7.193457    14.7989    7.44996      1.337     5.0199     2.9988 -9.990e-29
 173.430122      1.344   5.363471    14.7876 -9.990e-29      1.333     3.6681     1.9621 -9.990e-29
 173.430127      1.347   4.472903    14.7779 -9.990e-29      1.336     3.0233     1.4678 -9.990e-29
 173.430133      1.354   3.793572    14.7691 -9.990e-29      1.343     2.5380     1.0957 -9.990e-29
 173.430139      1.361   3.397321    14.7616 -9.990e-29      1.350     2.2580     0.8812 -9.990e-29
 173.430145      1.373   3.090824    14.7560 -9.990e-29      1.362     2.0430     0.7164 -9.990e-29
 173.430150      1.391   2.820321    14.7516 -9.990e-29      1.379     1.8544     0.5718 -9.990e-29
 173.430156      1.407   2.769923    14.7471 -9.990e-29      1.395     1.8196     0.5456 -9.990e-29
 173.430162      1.417   3.151740    14.7419 -9.990e-29      1.405     2.0864     0.7520 -9.990e-29
 173.430168      1.423   3.652687    14.7391 -9.990e-29      1.411     2.4399     1.0247 -9.990e-29
 173.430174      1.425   3.742473 -9.990e-29 -9.990e-29      1.413 -9.990e-29 -9.990e-29 -9.990e-29
