data/oxygen options/ONMS/Olympic_Coast_National_Marine_Sanctuary_Hypoxia_Survey_CTD_Data_2004_2015/raw_data/2005/CTD_CA20_070705faed.cnv
* Sea-Bird SBE19 Data File:
* FileName = C:\Hypoxia Data\CA20_070705.hex
* Software Version 1.1.6
* Temperature SN = 2997
* Conductivity SN = 2997
* System UpLoad Time = Jul 07 2005 14:58:38
* SEACAT PROFILER V3.1c SN 2997   07/07/05  14:58:03.107
* strain gauge pressure sensor: S/N = 184829,  range = 3000 psia,  tc = 40
# nquan = 9                                 
# nvalues = 512                         
# units = specified
# name 0 = timeJ: Julian Days
# name 1 = prSM: Pressure, Strain Gauge [db]
# name 2 = c0mS/cm: Conductivity [mS/cm]
# name 3 = t090C: Temperature [ITS-90, deg C]
# name 4 = oxML/L: Oxygen, Beckman/YSI [ml/l]
# name 5 = depSM: Depth [salt water, m], lat = 47.5
# name 6 = sal00: Salinity, Practical [PSU]
# name 7 = sigma-é00: Density [sigma-theta, kg/m^3]
# name 8 = flag: flag
# span 0 = 188.601840, 188.604797       
# span 1 =     -3.293,     21.602       
# span 2 =   0.688797,  38.186141       
# span 3 =     9.6239,    14.2958       
# span 4 =   -0.11814,   26.36943       
# span 5 =     -3.266,     21.421       
# span 6 =     0.4284,    32.8537       
# span 7 =    -0.4629,    25.3368       
# span 8 = 0.0000e+00, 0.0000e+00       
# interval = seconds: 0.5
# start_time = Jul 07 2005 14:26:39 [Instrument's time stamp, header]
# bad_flag = -9.990e-29
*END*
[from data line 321]
 188.603698      2.953  37.859037    13.2729    6.97756      2.928    31.8236    23.8799 -9.990e-29
 188.603704      2.969  37.859816    13.2727    6.98729      2.944    31.8245    23.8806 -9.990e-29
 188.603709      2.990  37.859576    13.2719    6.99304      2.965    31.8249    23.8811 -9.990e-29
 188.603715      3.004  37.857997    13.2714    6.99481      2.979    31.8239    23.8804 -9.990e-29
 188.603721      3.004  37.856898    13.2719    6.97928      2.979    31.8224    23.8792 -9.990e-29
 188.603727      2.993  37.857614    13.2727    6.97163      2.968    31.8224    23.8790 -9.990e-29
 188.603733      2.979  37.858855    13.2729    6.97347      2.954    31.8234    23.8797 -9.990e-29
 188.603738      2.971  37.858911    13.2721    6.98500      2.946    31.8242    23.8805 -9.990e-29
 188.603744      2.972  37.857854    13.2712    6.98151      2.947    31.8239    23.8805 -9.990e-29
 188.603750      2.977  37.857079    13.2716    6.97949      2.952    31.8229    23.8796 -9.990e-29
 188.603756      2.979  37.857793    13.2734    6.97496      2.954    31.8220    23.8785 -9.990e-29
 188.603762      2.977  37.859825    13.2750    6.96642      2.952    31.8226    23.8787 -9.990e-29
 188.603767      2.981  37.861396    13.2753    6.98272      2.956    31.8238    23.8796 -9.990e-29
 188.603773      2.990  37.861236    13.2749    6.98073      2.965    31.8240    23.8798 -9.990e-29
 188.603779      2.996  37.860252    13.2746    6.96808      2.971    31.8233    23.8793 -9.990e-29
 188.603785      3.000  37.859933    13.2748    6.96994      2.975    31.8228    23.8789 -9.990e-29
 188.603791      3.006  37.860413    13.2756    6.97834      2.981    31.8226    23.8786 -9.990e-29
 188.603796      3.014  37.861209    13.2778    7.00129      2.989    31.8215    23.8773 -9.990e-29
 188.603802      3.026  37.862820    13.2829    7.01540      3.001    31.8188    23.8742 -9.990e-29
 188.603808      3.038  37.867394    13.2909    7.01916      3.013    31.8163    23.8707 -9.990e-29
 188.603814      3.045  37.874859    13.3002    7.02644      3.020    31.8156    23.8682 -9.990e-29
 188.603819      3.050  37.881706    13.3132    7.04063      3.025    31.8111    23.8622 -9.990e-29
 188.603825      3.055  37.892017    13.3330    7.04169      3.029    31.8042    23.8530 -9.990e-29
 188.603831      3.066  37.910565    13.3520    7.01500      3.040    31.8056    23.8503 -9.990e-29
 188.603837      3.075  37.928433    13.3633    6.99309      3.049    31.8129    23.8537 -9.990e-29
 188.603843      3.074  37.937478    13.3685    6.97763      3.048    31.8170    23.8558 -9.990e-29
 188.603848      3.071  37.939106    13.3680    6.97986      3.045    31.8189    23.8574 -9.990e-29
 188.603854      3.079  37.936612    13.3602    6.99295      3.053    31.8231    23.8622 -9.990e-29
 188.603860      3.099  37.929473    13.3450    6.98783      3.073    31.8291    23.8699 -9.990e-29
 188.603866      3.123  37.915460    13.3283    6.99662      3.097    31.8300    23.8738 -9.990e-29
 188.603872      3.144  37.900003    13.3170    7.00888      3.118    31.8250    23.8722 -9.990e-29
 188.603877      3.155  37.890530    13.3158    7.01863      3.129    31.8171    23.8664 -9.990e-29
 188.603883      3.153  37.890107    13.3262    7.01250      3.127    31.8080    23.8573 -9.990e-29
 188.603889      3.141  37.899287    13.3413    6.99740      3.115    31.8040    23.8512 -9.990e-29
 188.603895      3.128  37.912921    13.3543    6.98811      3.102    31.8059    23.8501 -9.990e-29
 188.603900      3.120  37.925076    13.3622    6.99992      3.094    31.8106    23.8522 -9.990e-29
 188.603906      3.123  37.932329    13.3629    6.99534      3.097    31.8168    23.8568 -9.990e-29
 188.603912      3.135  37.932576    13.3590    6.99239      3.109    31.8203    23.8603 -9.990e-29
 188.603918      3.155  37.928391    13.3547    6.99461      3.129    31.8200    23.8609 -9.990e-29
 188.603924      3.173  37.924286    13.3504    6.98859      3.146    31.8197    23.8616 -9.990e-29
 188.603929      3.192  37.920392    13.3436    6.97610      3.165    31.8218    23.8645 -9.990e-29
 188.603935      3.216  37.913758    13.3358    6.96146      3.189    31.8221    23.8663 -9.990e-29
 188.603941      3.244  37.906193    13.3310    6.96113      3.217    31.8190    23.8648 -9.990e-29
 188.603947      3.269  37.901628    13.3282    6.97617      3.242    31.8171    23.8639 -9.990e-29
 188.603953      3.283  37.898459    13.3228    6.99783      3.256    31.8186    23.8662 -9.990e-29
 188.603958      3.282  37.894144    13.3130    6.99721      3.255    31.8228    23.8713 -9.990e-29
 188.603964      3.273  37.887418    13.3051    6.99058      3.246    31.8231    23.8731 -9.990e-29
 188.603970      3.261  37.882218    13.3063    6.98590      3.234    31.8172    23.8684 -9.990e-29
 188.603976      3.251  37.885634    13.3132    6.99300      3.224    31.8147    23.8650 -9.990e-29
 188.603981      3.242  37.892692    13.3187    6.99421      3.215    31.8167    23.8655 -9.990e-29
 188.603987      3.234  37.895981    13.3217    6.98564      3.207    31.8173    23.8653 -9.990e-29
 188.603993      3.226  37.898212    13.3255    6.97365      3.199    31.8162    23.8637 -9.990e-29
 188.603999      3.218  37.903487    13.3287    6.97285      3.191    31.8184    23.8648 -9.990e-29
 188.604005      3.208  37.907068    13.3274    6.96808      3.181    31.8229    23.8685 -9.990e-29
 188.604010      3.206  37.904201    13.3225    6.96664      3.179    31.8243    23.8706 -9.990e-29
 188.604016      3.218  37.898922    13.3140    6.95612      3.191    31.8264    23.8739 -9.990e-29
 188.604022      3.239  37.891490    13.3057    6.95724      3.212    31.8264    23.8756 -9.990e-29
 188.604028      3.255  37.884337    13.3036    6.97785      3.228    31.8215    23.8722 -9.990e-29
 188.604034      3.264  37.883072    13.3044    7.00582      3.237    31.8196    23.8706 -9.990e-29
 188.604039      3.267  37.883767    13.3049    7.04312      3.240    31.8199    23.8707 -9.990e-29
 188.604045      3.263  37.885673    13.3091    7.05736      3.236    31.8181    23.8685 -9.990e-29
 188.604051      3.257  37.892459    13.3177    7.04590      3.230    31.8173    23.8661 -9.990e-29
 188.604057      3.256  37.899715    13.3326    7.01599      3.229    31.8116    23.8588 -9.990e-29
 188.604063      3.265  37.910393    13.3643    6.98952      3.238    31.7951    23.8398 -9.990e-29
 188.604068      3.285  37.938177    13.4016    6.99156      3.258    31.7899    23.8283 -9.990e-29
 188.604074      3.317  37.969082    13.4070    7.03685      3.289    31.8142    23.8461 -9.990e-29
 188.604080      3.359  37.967491    13.3745    7.03419      3.331    31.8399    23.8723 -9.990e-29
 188.604086      3.404  37.934666    13.3446    7.04194      3.376    31.8342    23.8739 -9.990e-29
 188.604091      3.451  37.907607    13.3470    7.04932      3.422    31.8069    23.8523 -9.990e-29
 188.604097      3.504  37.910800    13.3700    7.05441      3.475    31.7907    23.8352 -9.990e-29
 188.604103      3.565  37.934478    13.3848    7.05327      3.535    31.8004    23.8398 -9.990e-29
 188.604109      3.643  37.952452    13.3848    7.02645      3.613    31.8171    23.8527 -9.990e-29
 188.604115      3.751  37.955611    13.3839    6.96509      3.720    31.8208    23.8557 -9.990e-29
 188.604120      3.897  37.954907    13.3805    6.92225      3.864    31.8229    23.8580 0.0000e+00
 188.604126      4.084  37.949964    13.3628    6.87340      4.050    31.8330    23.8694 0.0000e+00
 188.604132      4.326  37.933076    13.3254    6.82930      4.290    31.8484    23.8887 0.0000e+00
 188.604138      4.629  37.902483    13.2672    6.78908      4.590    31.8684    23.9157 0.0000e+00
 188.604144      4.990  37.856093    13.1985    6.75720      4.948    31.8824    23.9400 0.0000e+00
 188.604149      5.403  37.804397    13.1354    6.73526      5.358    31.8867    23.9558 0.0000e+00
 188.604155      5.859  37.759780    13.0840    6.69860      5.810    31.8878    23.9667 0.0000e+00
 188.604161      6.347  37.724434    13.0334    6.65341      6.294    31.8969    23.9837 0.0000e+00
 188.604167      6.848  37.688237    12.9745    6.60823      6.791    31.9122    24.0070 0.0000e+00
 188.604172      7.362  37.643300    12.9115    6.55538      7.300    31.9228    24.0275 0.0000e+00
 188.604178      7.890  37.597000    12.8461    6.49627      7.824    31.9341    24.0489 0.0000e+00
 188.604184      8.429  37.552089    12.7784    6.43625      8.358    31.9486    24.0732 0.0000e+00
 188.604190      8.969  37.508126    12.7090    6.36360      8.894    31.9655    24.0997 0.0000e+00
 188.604196      9.506  37.465369    12.6383    6.32699      9.426    31.9847    24.1281 0.0000e+00
 188.604201     10.041  37.423438    12.5732    6.29875      9.957    31.9999    24.1524 0.0000e+00
 188.604207     10.578  37.386423    12.5185    6.25505     10.489    32.0110    24.1714 0.0000e+00
 188.604213     11.120  37.356553    12.4662    6.20682     11.027    32.0269    24.1937 0.0000e+00
 188.604219     11.665  37.325399    12.4096    6.11831     11.567    32.0452    24.2186 0.0000e+00
 188.604225     12.207  37.287306    12.3568    6.06268     12.105    32.0537    24.2352 0.0000e+00
 188.604230     12.749  37.252605    12.3110    5.99325     12.642    32.0594    24.2483 0.0000e+00
 188.604236     13.288  37.225491    12.2601    5.88628     13.177    32.0768    24.2714 0.0000e+00
 188.604242     13.827  37.196162    12.1762    5.72706     13.711    32.1204    24.3209 0.0000e+00
 188.604248     14.360  37.147380    12.0351    5.47895     14.240    32.1947    24.4049 0.0000e+00
 188.604253     14.883  37.062325    11.8643    5.24100     14.758    32.2600    24.4872 0.0000e+00
 188.604259     15.400  36.958800    11.7145    5.03287     15.271    32.2894    24.5376 0.0000e+00
 188.604265     15.914  36.872586    11.5817    4.80885     15.781    32.3209    24.5863 0.0000e+00
 188.604271     16.427  36.800289    11.3989    4.60534     16.289    32.4100    24.6885 0.0000e+00
 188.604277     16.942  36.693154    11.1318    4.41402     16.800    32.5397    24.8372 0.0000e+00
 188.604282     17.453  36.528880    10.8482    4.26454     17.307    32.6287    24.9564 0.0000e+00
 188.604288     17.954  36.360923    10.6151    4.17512     17.803    32.6693    25.0286 0.0000e+00
 188.604294     18.444  36.229950    10.4341    4.17347     18.289    32.7004    25.0839 0.0000e+00
 188.604300     18.919  36.126683    10.2845    4.09207     18.760    32.7310    25.1332 0.0000e+00
 188.604306     19.375  36.037308    10.1421    4.07128     19.212    32.7693    25.1871 0.0000e+00
 188.604311     19.807  35.948600    10.0046    4.01703     19.641    32.8039    25.2371 0.0000e+00
 188.604317     20.208  35.862247     9.8931    3.93952     20.038    32.8173    25.2661 0.0000e+00
 188.604323     20.570  35.793726     9.8180    3.93548     20.397    32.8158    25.2773 0.0000e+00
 188.604329     20.882  35.749209     9.7658    3.93499     20.707    32.8178    25.2874 0.0000e+00
 188.604334     21.137  35.720340     9.7148    3.98612     20.960    32.8348    25.3090 0.0000e+00
 188.604340     21.340  35.691046     9.6612    4.05935     21.161    32.8537    25.3326 0.0000e+00
 188.604346     21.489  35.657588     9.6259    4.09618     21.309    32.8517    25.3368 -9.990e-29
 188.604352     21.579  35.636461     9.6239    4.13442     21.398    32.8318    25.3216 -9.990e-29
 188.604358     21.602  35.634248     9.6656    4.18637     21.421    32.7914    25.2833 -9.990e-29
 188.604363     21.554  35.653041     9.7562    4.24466     21.373    32.7281    25.2190 -9.990e-29
 188.604369     21.433  35.706687     9.8654    4.27866     21.253    32.6837    25.1664 -9.990e-29
 188.604375     21.235  35.787114     9.9231    4.28738     21.057    32.7132    25.1799 0.0000e+00
 188.604381     20.965  35.827221     9.8927    4.30017     20.789    32.7817    25.2384 0.0000e+00
 188.604387     20.636  35.788570     9.8418    4.34021     20.463    32.7888    25.2523 0.0000e+00
 188.604392     20.264  35.741867     9.8470    4.42860     20.094    32.7367    25.2108 0.0000e+00
 188.604398     19.870  35.745376     9.9092    4.48335     19.703    32.6840    25.1594 0.0000e+00
 188.604404     19.461  35.789191     9.9839    4.51955     19.298    32.6611    25.1291 0.0000e+00
 188.604410     19.039  35.839792    10.0460    4.58383     18.879    32.6564    25.1151 0.0000e+00
 188.604416     18.605  35.875528    10.1339    4.70350     18.449    32.6135    25.0669 0.0000e+00
 188.604421     18.167  35.925567    10.2761    4.90475     18.015    32.5364    24.9828 0.0000e+00
 188.604427     17.731  36.012347    10.4165    5.10432     17.582    32.4981    24.9292 0.0000e+00
 188.604433     17.298  36.094608    10.5020    5.30784     17.153    32.5044    24.9195 0.0000e+00
 188.604439     16.863  36.139659    10.5705    5.51448     16.722    32.4885    24.8954 0.0000e+00
 188.604444     16.415  36.180129    10.7292    5.72138     16.277    32.3881    24.7898 0.0000e+00
 188.604450     15.947  36.282330    11.0304    5.93692     15.813    32.2240    24.6095 0.0000e+00
 188.604456     15.463  36.467030    11.3562    6.12329     15.333    32.1212    24.4718 0.0000e+00
 188.604462     14.980  36.652512    11.5680    6.25124     14.854    32.1187    24.4317 0.0000e+00
 188.604468     14.510  36.762628    11.6640    6.33666     14.388    32.1429    24.4330 0.0000e+00
 188.604473     14.043  36.810261    11.7158    6.40622     13.925    32.1445    24.4248 0.0000e+00
 188.604479     13.563  36.837653    11.8051    6.46403     13.449    32.0941    24.3693 0.0000e+00
 188.604485     13.066  36.890874    11.9653    6.48300     12.957    32.0078    24.2728 0.0000e+00
 188.604491     12.557  36.989301    12.1275    6.48534     12.452    31.9638    24.2086 0.0000e+00
 188.604497     12.053  37.084189    12.2159    6.47570     11.952    31.9796    24.2043 0.0000e+00
 188.604502     11.562  37.130506    12.2422    6.46236     11.465    32.0017    24.2165 0.0000e+00
 188.604508     11.085  37.141825    12.2520    6.49389     10.992    32.0044    24.2167 0.0000e+00
 188.604514     10.620  37.147277    12.2621    6.54671     10.531    32.0012    24.2123 0.0000e+00
 188.604520     10.167  37.156383    12.2799    6.63918     10.082    31.9949    24.2041 0.0000e+00
 188.604525      9.720  37.167272    12.3236    6.76552      9.639    31.9682    24.1751 0.0000e+00
 188.604531      9.271  37.186058    12.4133    6.87166      9.193    31.9100    24.1131 0.0000e+00
 188.604537      8.822  37.236115    12.5365    6.96911      8.748    31.8533    24.0458 0.0000e+00
 188.604543      8.379  37.317463    12.6351    7.01709      8.309    31.8474    24.0224 0.0000e+00
 188.604549      7.946  37.378767    12.6909    7.03858      7.880    31.8586    24.0203 0.0000e+00
 188.604554      7.531  37.405347    12.7420    7.03873      7.468    31.8408    23.9967 0.0000e+00
 188.604560      7.142  37.438840    12.8060    6.97954      7.082    31.8187    23.9673 0.0000e+00
 188.604566      6.787  37.493071    12.8680    6.90665      6.730    31.8179    23.9547 0.0000e+00
 188.604572      6.475  37.543905    12.9082    6.84725      6.421    31.8321    23.9579 0.0000e+00
 188.604578      6.212  37.572778    12.9167    6.82248      6.160    31.8523    23.9719 0.0000e+00
 188.604583      6.000  37.576706    12.9009    6.80558      5.950    31.8694    23.9882 0.0000e+00
 188.604589      5.837  37.565990    12.8682    6.78371      5.788    31.8869    24.0081 0.0000e+00
 188.604595      5.711  37.544856    12.8275    6.76119      5.663    31.9013    24.0271 -9.990e-29
 188.604601      5.614  37.514847    12.8026    6.74367      5.567    31.8940    24.0262 -9.990e-29
 188.604606      5.541  37.498199    12.8046    6.75723      5.495    31.8766    24.0124 -9.990e-29
 188.604612      5.481  37.503555    12.8264    6.79593      5.435    31.8633    23.9979 -9.990e-29
