data/oxygen options/ONMS/Olympic_Coast_National_Marine_Sanctuary_Hypoxia_Survey_CTD_Data_2004_2015/raw_data/2005/CTD_TH30d_083105faedb.cnv
* Sea-Bird SBE19 Data File:
* FileName = C:\hypoxia CTD data\TH30d_083105.hex
* Software Version 1.1.5
* Temperature SN = 2997
* Conductivity SN = 2997
* System UpLoad Time = Aug 31 2005 15:46:58
** Teahwhit Head 083105 30m
* SEACAT PROFILER V3.1c SN 2997   08/31/05  15:42:23.718
# nquan = 9
# nvalues = 31                          
# units = specified
# name 0 = timeJ: Julian Days
# name 1 = prSM: Pressure, Strain Gauge [db]
# name 2 = c0mS/cm: Conductivity [mS/cm]
# name 3 = t090C: Temperature [ITS-90, deg C]
# name 4 = oxML/L: Oxygen, Beckman/YSI [ml/l]
# name 5 = depSM: Depth [salt water, m], lat = 47.5
# name 6 = sal00: Salinity, Practical [PSU]
# name 7 = sigma-é00: Density [sigma-theta, kg/m^3]
# name 8 = flag: flag
# span 0 = 243.435872, 243.436237       
# span 1 =      3.000,     33.000       
# span 2 =  34.763363,  38.356269       
# span 3 =     7.9452,    12.9192       
# span 4 =    2.92549,    7.85396       
# span 5 =      2.975,     32.722       
# span 6 =    32.5918,    33.5306       
# span 7 =    24.5437,    26.0956       
# span 8 = 0.0000e+00, 0.0000e+00       
# interval = decibars: 1                
# start_time = Aug 31 2005 10:24:34 [Instrument's time stamp, header]
# bad_flag = -9.990e-29
*END*
 243.435872      3.000  38.356269    12.9192    7.85396      2.975    32.5918    24.5437 0.0000e+00
 243.435896      4.000  38.355627    12.8220    7.34989      3.967    32.6747    24.6269 0.0000e+00
 243.435912      5.000  38.325468    12.5306    6.86407      4.958    32.8991    24.8572 0.0000e+00
 243.435925      6.000  38.153791    12.1881    6.64000      5.950    33.0349    25.0279 0.0000e+00
 243.435937      7.000  37.932014    11.9374    6.63100      6.942    33.0421    25.0807 0.0000e+00
 243.435948      8.000  37.752259    11.6983    6.60993      7.933    33.0795    25.1540 0.0000e+00
 243.435960      9.000  37.603251    11.5140    6.52986      8.925    33.0978    25.2022 0.0000e+00
 243.435971     10.000  37.469716    11.3176    6.37939      9.917    33.1424    25.2726 0.0000e+00
 243.435982     11.000  37.329952    11.1267    6.17547     10.908    33.1759    25.3329 0.0000e+00
 243.435993     12.000  37.205054    10.9157    5.94274     11.899    33.2425    25.4222 0.0000e+00
 243.436005     13.000  37.021005    10.5929    5.44893     12.891    33.3523    25.5644 0.0000e+00
 243.436018     14.000  36.685765    10.2167    4.92943     13.883    33.3594    25.6348 0.0000e+00
 243.436029     15.000  36.397599     9.8715    4.63793     14.875    33.3851    25.7129 0.0000e+00
 243.436041     16.000  36.018715     9.3922    4.44379     15.866    33.4416    25.8356 0.0000e+00
 243.436051     17.000  35.651758     9.1624    4.36027     16.857    33.2761    25.7430 0.0000e+00
 243.436062     18.000  35.674750     9.1853    4.29775     17.849    33.2781    25.7410 0.0000e+00
 243.436072     19.000  35.733719     9.1529    4.19501     18.841    33.3691    25.8173 0.0000e+00
 243.436083     20.000  35.705199     9.0683    4.05349     19.832    33.4184    25.8693 0.0000e+00
 243.436094     21.000  35.639376     8.9710    3.88184     20.823    33.4408    25.9022 0.0000e+00
 243.436104     22.000  35.560443     8.8590    3.70406     21.815    33.4634    25.9374 0.0000e+00
 243.436114     23.000  35.460658     8.7066    3.53357     22.807    33.5025    25.9917 0.0000e+00
 243.436124     24.000  35.309014     8.5082    3.39057     23.798    33.5306    26.0442 0.0000e+00
 243.436134     25.000  35.140956     8.3346    3.28806     24.790    33.5176    26.0603 0.0000e+00
 243.436144     26.000  35.016751     8.2140    3.21487     25.782    33.5004    26.0648 0.0000e+00
 243.436154     27.000  34.942749     8.1571    3.12291     26.773    33.4755    26.0538 0.0000e+00
 243.436165     28.000  34.916301     8.1235    3.05060     27.764    33.4789    26.0615 0.0000e+00
 243.436176     29.000  34.891814     8.0804    3.00614     28.756    33.4936    26.0794 0.0000e+00
 243.436187     30.000  34.853303     8.0303    2.96326     29.747    33.4999    26.0918 0.0000e+00
 243.436198     31.000  34.817174     7.9963    2.94124     30.739    33.4934    26.0917 0.0000e+00
 243.436210     32.000  34.795118     7.9710    2.92914     31.730    33.4936    26.0956 0.0000e+00
 243.436237     33.000  34.763363     7.9452    2.92549     32.722    33.4839    26.0917 0.0000e+00
