data/oxygen options/ONMS/Olympic_Coast_National_Marine_Sanctuary_Hypoxia_Survey_CTD_Data_2004_2015/raw_data/2005/CTD_CE70_062105faedb.cnv
* Sea-Bird SBE19 Data File:
* FileName = C:\hypoxia CTD data\CE70_062105.hex
* Software Version 1.1.5
* Temperature SN = 2997
* Conductivity SN = 2997
* System UpLoad Time = Jun 21 2005 16:34:25
* SEACAT PROFILER V3.1c SN 2997   06/21/05  16:34:01.489
* strain gauge pressure sensor: S/N = 184829,  range = 3000 psia,  tc = 40
# nquan = 9
# nvalues = 69                          
# units = specified
# name 0 = timeJ: Julian Days
# name 1 = prSM: Pressure, Strain Gauge [db]
# name 2 = c0mS/cm: Conductivity [mS/cm]
# name 3 = t090C: Temperature [ITS-90, deg C]
# name 4 = oxML/L: Oxygen, Beckman/YSI [ml/l]
# name 5 = depSM: Depth [salt water, m], lat = 47.5
# name 6 = sal00: Salinity, Practical [PSU]
# name 7 = sigma-é00: Density [sigma-theta, kg/m^3]
# name 8 = flag: flag
# span 0 = 172.638561, 172.639405       
# span 1 =      3.000,     71.000       
# span 2 =  35.072889,  37.599473       
# span 3 =     8.2466,    16.8133       
# span 4 =    2.42178,    6.53598       
# span 5 =      2.975,     70.395       
# span 6 =    27.4888,    33.5085       
# span 7 =    19.8009,    26.0665       
# span 8 = 0.0000e+00, 0.0000e+00       
# interval = decibars: 1                
# start_time = Jun 21 2005 15:16:12 [Instrument's time stamp, header]
# bad_flag = -9.990e-29
*END*
 172.638561      3.000  35.998872    16.8133    6.49234      2.975    27.4888    19.8009 0.0000e+00
 172.638579      4.000  36.071261    16.7986    6.12194      3.966    27.5600    19.8587 0.0000e+00
 172.638595      5.000  36.346472    16.5620    6.17129      4.958    27.9577    20.2158 0.0000e+00
 172.638609      6.000  36.750815    15.9313    6.26947      5.950    28.7532    20.9640 0.0000e+00
 172.638622      7.000  37.010255    15.5083    6.33334      6.942    29.2890    21.4666 0.0000e+00
 172.638634      8.000  37.182936    15.2830    6.36305      7.933    29.6104    21.7617 0.0000e+00
 172.638648      9.000  37.328443    15.1910    6.36610      8.925    29.8086    21.9336 0.0000e+00
 172.638661     10.000  37.390025    15.1271    6.38339      9.917    29.9115    22.0263 0.0000e+00
 172.638674     11.000  37.435031    15.0778    6.44224     10.908    29.9889    22.0963 0.0000e+00
 172.638686     12.000  37.460950    15.0440    6.53598     11.900    30.0376    22.1408 0.0000e+00
 172.638697     13.000  37.520768    14.9790    6.41660     12.891    30.1406    22.2338 0.0000e+00
 172.638708     14.000  37.594155    14.8631    6.17250     13.883    30.2954    22.3774 0.0000e+00
 172.638719     15.000  37.599473    14.5979    6.10709     14.874    30.5068    22.5956 0.0000e+00
 172.638731     16.000  37.506187    14.1787    6.10917     15.866    30.7534    22.8719 0.0000e+00
 172.638741     17.000  37.349065    13.8529    6.03871     16.857    30.8699    23.0278 0.0000e+00
 172.638752     18.000  37.246092    13.6542    5.86442     17.849    30.9347    23.1177 0.0000e+00
 172.638763     19.000  37.144798    13.3835    5.57930     18.841    31.0602    23.2682 0.0000e+00
 172.638774     20.000  36.969237    12.9670    5.28921     19.832    31.2372    23.4863 0.0000e+00
 172.638786     21.000  36.729565    12.4299    4.97895     20.824    31.4566    23.7586 0.0000e+00
 172.638797     22.000  36.424574    11.8618    4.63632     21.815    31.6428    24.0085 0.0000e+00
 172.638808     23.000  36.190334    11.4586    4.35880     22.807    31.7591    24.1722 0.0000e+00
 172.638819     24.000  36.086983    11.1604    4.25734     23.798    31.9148    24.3463 0.0000e+00
 172.638830     25.000  35.961377    10.8651    4.26507     24.790    32.0475    24.5013 0.0000e+00
 172.638841     26.000  35.805374    10.6532    4.26354     25.781    32.0780    24.5617 0.0000e+00
 172.638853     27.000  35.666205    10.4892    4.24417     26.773    32.0830    24.5936 0.0000e+00
 172.638866     28.000  35.591119    10.3527    4.24020     27.764    32.1278    24.6517 0.0000e+00
 172.638877     29.000  35.513651    10.1969    4.17100     28.756    32.1876    24.7244 0.0000e+00
 172.638888     30.000  35.475332    10.1249    4.08975     29.747    32.2125    24.7559 0.0000e+00
 172.638899     31.000  35.458182    10.0318    4.02678     30.739    32.2777    24.8222 0.0000e+00
 172.638910     32.000  35.403983     9.8846    3.98140     31.730    32.3541    24.9062 0.0000e+00
 172.638921     33.000  35.309699     9.7387    3.89905     32.722    32.3888    24.9571 0.0000e+00
 172.638933     34.000  35.247046     9.6562    3.84938     33.714    32.3987    24.9783 0.0000e+00
 172.638945     35.000  35.226106     9.5136    3.80274     34.705    32.5058    25.0849 0.0000e+00
 172.638956     36.000  35.190365     9.4016    3.75634     35.696    32.5704    25.1534 0.0000e+00
 172.638967     37.000  35.186451     9.3353    3.75244     36.688    32.6264    25.2077 0.0000e+00
 172.638979     38.000  35.160847     9.2353    3.73833     37.679    32.6909    25.2741 0.0000e+00
 172.638990     39.000  35.136547     9.1428    3.70331     38.671    32.7502    25.3350 0.0000e+00
 172.639003     40.000  35.136793     9.0773    3.64764     39.663    32.8102    25.3923 0.0000e+00
 172.639013     41.000  35.162884     8.9954    3.57727     40.654    32.9126    25.4852 0.0000e+00
 172.639025     42.000  35.173551     8.9175    3.52485     41.645    32.9955    25.5622 0.0000e+00
 172.639037     43.000  35.169387     8.8661    3.49194     42.637    33.0385    25.6040 0.0000e+00
 172.639049     44.000  35.166279     8.8472    3.46479     43.628    33.0524    25.6178 0.0000e+00
 172.639061     45.000  35.183075     8.8244    3.40903     44.620    33.0907    25.6514 0.0000e+00
 172.639074     46.000  35.201630     8.7631    3.32365     45.611    33.1671    25.7206 0.0000e+00
 172.639087     47.000  35.205100     8.7015    3.22460     46.602    33.2280    25.7779 0.0000e+00
 172.639100     48.000  35.197330     8.6440    3.12885     47.594    33.2734    25.8223 0.0000e+00
 172.639114     49.000  35.178377     8.5699    3.05080     48.585    33.3229    25.8723 0.0000e+00
 172.639125     50.000  35.152563     8.5021    3.00153     49.576    33.3592    25.9112 0.0000e+00
 172.639137     51.000  35.137549     8.4720    2.96591     50.568    33.3714    25.9253 0.0000e+00
 172.639149     52.000  35.133753     8.4606    2.91146     51.559    33.3777    25.9320 0.0000e+00
 172.639162     53.000  35.129477     8.4328    2.83679     52.551    33.3991    25.9529 0.0000e+00
 172.639173     54.000  35.126676     8.4130    2.78663     53.542    33.4144    25.9680 0.0000e+00
 172.639186     55.000  35.127599     8.4052    2.74687     54.534    33.4223    25.9754 0.0000e+00
 172.639199     56.000  35.128870     8.4006    2.71191     55.525    33.4276    25.9802 0.0000e+00
 172.639212     57.000  35.129089     8.3915    2.70445     56.516    33.4360    25.9883 0.0000e+00
 172.639224     58.000  35.119757     8.3596    2.70583     57.508    33.4560    26.0087 0.0000e+00
 172.639236     59.000  35.107193     8.3310    2.66852     58.499    33.4693    26.0235 0.0000e+00
 172.639248     60.000  35.100653     8.3136    2.64744     59.490    33.4785    26.0334 0.0000e+00
 172.639261     61.000  35.098434     8.3081    2.63676     60.482    33.4809    26.0360 0.0000e+00
 172.639274     62.000  35.097384     8.3074    2.63004     61.473    33.4801    26.0356 0.0000e+00
 172.639286     63.000  35.096908     8.3075    2.63315     62.464    33.4789    26.0346 0.0000e+00
 172.639298     64.000  35.097464     8.3071    2.63095     63.456    33.4795    26.0351 0.0000e+00
 172.639309     65.000  35.096737     8.3070    2.62861     64.447    33.4783    26.0342 0.0000e+00
 172.639321     66.000  35.096357     8.3080    2.62587     65.439    33.4765    26.0327 0.0000e+00
 172.639333     67.000  35.097153     8.3083    2.60279     66.430    33.4765    26.0327 0.0000e+00
 172.639345     68.000  35.095666     8.3001    2.53805     67.421    33.4823    26.0385 0.0000e+00
 172.639358     69.000  35.087452     8.2741    2.46559     68.413    33.4980    26.0546 0.0000e+00
 172.639371     70.000  35.078689     8.2528    2.42178     69.404    33.5085    26.0661 0.0000e+00
 172.639405     71.000  35.072889     8.2466    2.44211     70.395    33.5077    26.0665 0.0000e+00
