data/oxygen options/ONMS/Olympic_Coast_National_Marine_Sanctuary_Hypoxia_Survey_CTD_Data_2004_2015/raw_data/2005/CTD_TH50_062205faed.cnv
* Sea-Bird SBE19 Data File:
* FileName = C:\hypoxia CTD data\TH50_062205.hex
* Software Version 1.1.5
* Temperature SN = 2997
* Conductivity SN = 2997
* System UpLoad Time = Jun 22 2005 12:34:47
* SEACAT PROFILER V3.1c SN 2997   06/22/05  12:34:27.116
* strain gauge pressure sensor: S/N = 184829,  range = 3000 psia,  tc = 40
# nquan = 9                                 
# nvalues = 745                         
# units = specified
# name 0 = timeJ: Julian Days
# name 1 = prSM: Pressure, Strain Gauge [db]
# name 2 = c0mS/cm: Conductivity [mS/cm]
# name 3 = t090C: Temperature [ITS-90, deg C]
# name 4 = oxML/L: Oxygen, Beckman/YSI [ml/l]
# name 5 = depSM: Depth [salt water, m], lat = 47.5
# name 6 = sal00: Salinity, Practical [PSU]
# name 7 = sigma-é00: Density [sigma-theta, kg/m^3]
# name 8 = flag: flag
# span 0 = 173.437164, 173.441470       
# span 1 =     -3.499,     51.001       
# span 2 =   0.508830,  38.205642       
# span 3 =     8.3567,    15.2974       
# span 4 =  -14.11131,   24.70212       
# span 5 =     -3.470,     50.569       
# span 6 =     0.3148,    33.3091       
# span 7 =    -0.5211,    25.8921       
# span 8 = 0.0000e+00, 0.0000e+00       
# interval = seconds: 0.5
# start_time = Jun 22 2005 10:29:31 [Instrument's time stamp, header]
# bad_flag = -9.990e-29
*END*
 173.437164     -3.499 -9.990e-29    14.0678   -0.11889     -3.470 -9.990e-29 -9.990e-29 -9.990e-29
 173.437170     -3.470   0.522474    14.0689   -0.11889     -3.441     0.3236    -0.5121 -9.990e-29
 173.437176     -3.445   0.523489    14.0704   -0.11891     -3.416     0.3243    -0.5118 -9.990e-29
 173.437182     -3.421   0.526166    14.0716   -0.11890     -3.392     0.3260    -0.5106 -9.990e-29
 173.437187     -3.393   0.528528    14.0724   -0.11890     -3.365     0.3275    -0.5096 -9.990e-29
 173.437193     -3.369   0.527993    14.0731   -0.11890     -3.341     0.3271    -0.5099 -9.990e-29
 173.437199     -3.354   0.525515    14.0741   -0.11891     -3.326     0.3255    -0.5113 -9.990e-29
 173.437205     -3.344   0.523706    14.0761   -0.11892     -3.316     0.3244    -0.5125 -9.990e-29
 173.437211     -3.334   0.523479    14.0788   -0.11893     -3.306     0.3242    -0.5130 -9.990e-29
 173.437216     -3.324   0.522684    14.0809   -0.11892     -3.296     0.3237    -0.5137 -9.990e-29
 173.437222     -3.311   0.519152    14.0810   -0.11891     -3.283     0.3214    -0.5155 -9.990e-29
 173.437228     -3.297   0.514831    14.0797   -0.11891     -3.270     0.3187    -0.5174 -9.990e-29
 173.437234     -3.279   0.513387    14.0789   -0.11890     -3.252     0.3178    -0.5180 -9.990e-29
 173.437240     -3.257   0.515666    14.0792   -0.11891     -3.230     0.3192    -0.5169 -9.990e-29
 173.437245     -3.229   0.518610    14.0793   -0.11891     -3.202     0.3211    -0.5155 -9.990e-29
 173.437251     -3.194   0.518381    14.0783   -0.11892     -3.167     0.3209    -0.5155 -9.990e-29
 173.437257     -3.154   0.515229    14.0767   -0.11891     -3.128     0.3189    -0.5168 -9.990e-29
 173.437263     -3.114   0.512161    14.0757   -0.11891     -3.088     0.3170    -0.5182 -9.990e-29
 173.437269     -3.076   0.510633    14.0763   -0.11890     -3.050     0.3160    -0.5190 -9.990e-29
 173.437274     -3.038   0.510825    14.0779   -0.11890     -3.013     0.3161    -0.5192 -9.990e-29
 173.437280     -2.997   0.512441    14.0796   -0.11889     -2.972     0.3171    -0.5186 -9.990e-29
 173.437286     -2.956   0.514309    14.0804   -0.11890     -2.931     0.3183    -0.5178 -9.990e-29
 173.437292     -2.920   0.515038    14.0804   -0.11890     -2.896     0.3188    -0.5174 -9.990e-29
 173.437297     -2.890   0.513939    14.0801   -0.11891     -2.866     0.3181    -0.5179 -9.990e-29
 173.437303     -2.866   0.511763    14.0801   -0.11890     -2.842     0.3167    -0.5190 -9.990e-29
 173.437309     -2.845   0.510049    14.0807   -0.11889     -2.821     0.3156    -0.5199 -9.990e-29
 173.437315     -2.827   0.509284    14.0818   -0.11889     -2.803     0.3151    -0.5205 -9.990e-29
 173.437321     -2.810   0.509003    14.0829   -0.11890     -2.787     0.3149    -0.5208 -9.990e-29
 173.437326     -2.792   0.508830    14.0839   -0.11890     -2.769     0.3148    -0.5210 -9.990e-29
 173.437332     -2.774   0.509091    14.0843   -0.11891     -2.751     0.3150    -0.5209 -9.990e-29
 173.437338     -2.753   0.510135    14.0840   -0.11890     -2.730     0.3156    -0.5204 -9.990e-29
 173.437344     -2.729   0.511136    14.0837   -0.11890     -2.706     0.3163    -0.5198 -9.990e-29
 173.437350     -2.699   0.511212    14.0840   -0.11889     -2.676     0.3163    -0.5199 -9.990e-29
 173.437355     -2.667   0.510467    14.0846   -0.11889     -2.645     0.3158    -0.5203 -9.990e-29
 173.437361     -2.638   0.509569    14.0853   -0.11890     -2.616     0.3153    -0.5209 -9.990e-29
 173.437367     -2.612   0.509543    14.0857   -0.11890     -2.590     0.3152    -0.5209 -9.990e-29
 173.437373     -2.581   0.510909    14.0857   -0.11890     -2.559     0.3161    -0.5203 -9.990e-29
 173.437378     -2.548   0.512714    14.0856   -0.11889     -2.527     0.3173    -0.5193 -9.990e-29
 173.437384     -2.516   0.513487    14.0857   -0.11889     -2.495     0.3178    -0.5190 -9.990e-29
 173.437390     -2.487   0.512595    14.0860   -0.11890     -2.466     0.3172    -0.5195 -9.990e-29
 173.437396     -2.463   0.511065    14.0863   -0.11890     -2.442     0.3162    -0.5203 -9.990e-29
 173.437402     -2.438   0.511296    14.0863   -0.11890     -2.418     0.3164    -0.5201 -9.990e-29
 173.437407     -2.411   0.514150    14.0860   -0.11892     -2.391     0.3182    -0.5187 -9.990e-29
 173.437413     -2.384   0.517335    14.0858   -0.11893     -2.364     0.3202    -0.5171 -9.990e-29
 173.437419     -2.355   0.517890    14.0862   -0.11894     -2.335     0.3206    -0.5169 -9.990e-29
 173.437425     -2.328   0.515444    14.0871   -0.11894     -2.309     0.3190    -0.5182 -9.990e-29
 173.437431     -2.304   0.512283    14.0879   -0.11894     -2.285     0.3170    -0.5199 -9.990e-29
 173.437436     -2.282   0.510294    14.0878   -0.11895     -2.263     0.3157    -0.5209 -9.990e-29
 173.437442     -2.261   0.509598    14.0870   -0.11898     -2.242     0.3153    -0.5211 -9.990e-29
 173.437448     -2.239   0.509823    14.0859   -0.11898     -2.220     0.3154    -0.5208 -9.990e-29
 173.437454     -2.214   0.510713    14.0839   -0.11898     -2.196     0.3160    -0.5201 -9.990e-29
 173.437459     -2.186   0.512350    14.0809   -0.11897     -2.168     0.3171    -0.5188 -9.990e-29
 173.437465     -2.157   0.515253    14.0779   -0.11899     -2.139     0.3189    -0.5169 -9.990e-29
 173.437471     -2.129   0.518857    14.0759   -0.11901     -2.111     0.3213    -0.5149 -9.990e-29
 173.437477     -2.100   0.520759    14.0748   -0.11901     -2.082     0.3225    -0.5138 -9.990e-29
 173.437483     -2.074   0.519615    14.0726   -0.11901     -2.057     0.3218    -0.5140 -9.990e-29
 173.437488     -2.051   0.517781    14.0685   -0.11900     -2.034     0.3206    -0.5143 -9.990e-29
 173.437494     -2.028   0.518913    14.0645   -0.11901     -2.011     0.3214    -0.5132 -9.990e-29
 173.437500     -1.997   0.522857    14.0627   -0.11904     -1.980     0.3239    -0.5109 -9.990e-29
 173.437506     -1.966   0.525447    14.0627   -0.11904     -1.950     0.3256    -0.5097 -9.990e-29
 173.437512     -1.941   0.524035    14.0620   -0.11903     -1.925     0.3247    -0.5103 -9.990e-29
 173.437517     -1.921   0.520068    14.0591   -0.11903     -1.905     0.3222    -0.5118 -9.990e-29
 173.437523     -1.904   0.517131    14.0556   -0.11902     -1.888     0.3203    -0.5127 -9.990e-29
 173.437529     -1.889   0.517407    14.0536   -0.11905     -1.873     0.3205    -0.5123 -9.990e-29
 173.437535     -1.875   0.519602    14.0534   -0.11906     -1.859     0.3219    -0.5112 -9.990e-29
 173.437541     -1.862   0.521099    14.0533   -0.11905     -1.846     0.3229    -0.5104 -9.990e-29
 173.437546     -1.848   0.520566    14.0511   -0.11905     -1.833     0.3226    -0.5104 -9.990e-29
 173.437552     -1.833   0.518957    14.0473   -0.11904     -1.818     0.3216    -0.5106 -9.990e-29
 173.437558     -1.820   0.519118    14.0448   -0.11903     -1.805     0.3217    -0.5102 -9.990e-29
 173.437564     -1.808   0.522927    14.0445   -0.11905     -1.793     0.3241    -0.5082 -9.990e-29
 173.437569     -1.792   0.528810    14.0451   -0.11907     -1.777     0.3279    -0.5054 -9.990e-29
 173.437575     -1.775   0.533522    14.0446   -0.11907     -1.760     0.3309    -0.5030 -9.990e-29
 173.437581     -1.761   0.535030    14.0421   -0.11907     -1.746     0.3319    -0.5019 -9.990e-29
 173.437587     -1.753   0.533680    14.0392   -0.11904     -1.738     0.3310    -0.5021 -9.990e-29
 173.437593     -1.754   0.531556    14.0381   -0.11903     -1.739     0.3297    -0.5030 -9.990e-29
 173.437598     -1.752   0.530263    14.0389   -0.11903     -1.737     0.3289    -0.5038 -9.990e-29
 173.437604     -1.735   0.530294    14.0403   -0.11903     -1.721     0.3289    -0.5040 -9.990e-29
 173.437610     -1.709   0.531692    14.0407   -0.11901     -1.695     0.3298    -0.5033 -9.990e-29
 173.437616     -1.681   0.533551    14.0391   -0.11866     -1.667     0.3310    -0.5022 -9.990e-29
 173.437622     -1.650   0.533914    14.0368   -0.11875     -1.636     0.3312    -0.5016 -9.990e-29
 173.437627     -1.617   0.532710    14.0364   -0.11875     -1.604     0.3304    -0.5022 -9.990e-29
 173.437633     -1.586   0.531108    14.0384   -0.11863     -1.573     0.3294    -0.5033 -9.990e-29
 173.437639     -1.554   0.529190    14.0413   -0.11848     -1.541     0.3282    -0.5047 -9.990e-29
 173.437645     -1.523   0.529945    14.0424   -0.11852     -1.510     0.3286    -0.5044 -9.990e-29
 173.437650     -1.495   0.538816    14.0396   -0.11842     -1.483     0.3343    -0.4996 -9.990e-29
 173.437656     -1.470   0.560980    14.0332   -0.11822     -1.458     0.3486    -0.4876 -9.990e-29
 173.437662     -1.440   0.609351    14.0271   -0.09902     -1.428     0.3798    -0.4626 -9.990e-29
 173.437668     -1.400   0.714046    14.0237   -0.09659     -1.388     0.4477    -0.4094 -9.990e-29
 173.437674     -1.351   0.922601    14.0219   -0.09596     -1.340     0.5844    -0.3031 -9.990e-29
 173.437679     -1.300   1.169192    14.0217   -0.09587     -1.289     0.7483    -0.1760 -9.990e-29
 173.437685     -1.250   1.321094    14.0233   -0.09589     -1.240     0.8503    -0.0972 -9.990e-29
 173.437691     -1.200   1.445504    14.0280   -0.09597     -1.190     0.9343    -0.0329 -9.990e-29
 173.437697     -1.141   1.689991    14.0453   -0.09595     -1.131     1.1003     0.0932 -9.990e-29
 173.437703     -1.075   2.129176    14.0926   -0.09588     -1.066     1.4015     0.3194 -9.990e-29
 173.437708     -1.000   3.072293    14.1921   -0.09590     -0.992     2.0594     0.8132 -9.990e-29
 173.437714     -0.913   5.698589    14.4120   -0.09590     -0.905     3.9511     2.2378 -9.990e-29
 173.437720     -0.808  13.522558    14.7511   -0.09585     -0.801     9.9203     6.7646 -9.990e-29
 173.437726     -0.687  25.436154    15.0427   -0.09584     -0.681    19.5968    14.1254 -9.990e-29
 173.437731     -0.563  33.687825    15.1907   -0.09582     -0.558    26.6053    19.4719 -9.990e-29
 173.437737     -0.450  36.612662    15.2423   -0.09582     -0.446    29.1394    21.4079 -9.990e-29
 173.437743     -0.358  37.560975    15.2520   -0.09589     -0.355    29.9717    22.0457 -9.990e-29
 173.437749     -0.289  37.853879    15.2556   -0.09588     -0.287    30.2288    22.2426 -9.990e-29
 173.437755     -0.230  37.949808    15.2663   -0.09583     -0.228    30.3057    22.2995 -9.990e-29
 173.437760     -0.170  37.995769    15.2769   -0.09582     -0.169    30.3384    22.3223 -9.990e-29
 173.437766     -0.113  38.011571    15.2822   -0.09586     -0.112    30.3483    22.3288 -9.990e-29
 173.437772     -0.067  38.007663    15.2844   -0.09587     -0.066    30.3431    22.3244 -9.990e-29
 173.437778     -0.036  38.019248    15.2861   -0.09584     -0.036    30.3521    22.3309 -9.990e-29
 173.437784     -0.011  38.050591    15.2884   -0.09583     -0.011    30.3781    22.3504 -9.990e-29
 173.437789      0.016  38.075651    15.2903   -0.09582      0.016    30.3989    22.3660 -9.990e-29
 173.437795      0.049  38.081326    15.2903   -0.09587      0.049    30.4039    22.3699 -9.990e-29
 173.437801      0.075  38.062316    15.2884   -0.09588      0.074    30.3885    22.3584 -9.990e-29
 173.437807      0.092  38.035930    15.2869   -0.09594      0.091    30.3662    22.3416 -9.990e-29
 173.437813      0.110  38.043294    15.2870   -0.09594      0.109    30.3727    22.3465 -9.990e-29
 173.437818      0.135  38.075192    15.2871   -0.09588      0.134    30.4009    22.3682 -9.990e-29
 173.437824      0.163  38.085574    15.2860   -0.09588      0.162    30.4110    22.3762 -9.990e-29
 173.437830      0.184  38.073171    15.2849   -0.09588      0.182    30.4008    22.3686 -9.990e-29
 173.437836      0.194  38.070272    15.2849   -0.09589      0.192    30.3982    22.3666 -9.990e-29
 173.437841      0.204  38.083700    15.2849   -0.09589      0.202    30.4101    22.3758 -9.990e-29
 173.437847      0.217  38.092695    15.2828   -0.09589      0.215    30.4197    22.3836 -9.990e-29
 173.437853      0.235  38.081800    15.2765   -0.09585      0.233    30.4149    22.3813 -9.990e-29
 173.437859      0.254  38.056713    15.2672   -0.09584      0.252    30.3998    22.3717 -9.990e-29
 173.437865      0.267  38.035055    15.2621   -0.09586      0.265    30.3845    22.3610 -9.990e-29
 173.437870      0.275  38.028359    15.2650   -0.09588      0.273    30.3763    22.3541 -9.990e-29
 173.437876      0.288  38.040065    15.2710   -0.09592      0.286    30.3821    22.3572 -9.990e-29
 173.437882      0.309  38.055528    15.2762   -0.09596      0.306    30.3918    22.3636 -9.990e-29
 173.437888      0.337  38.055764    15.2794   -0.09589      0.334    30.3895    22.3611 -9.990e-29
 173.437894      0.359  38.044473    15.2794   -0.09586      0.356    30.3795    22.3534 -9.990e-29
 173.437899      0.370  38.034287    15.2780   -0.09588      0.367    30.3715    22.3476 -9.990e-29
 173.437905      0.373  38.035753    15.2783   -0.09589      0.370    30.3726    22.3484 -9.990e-29
 173.437911      0.379  38.054949    15.2795   -0.09593      0.376    30.3887    22.3605 -9.990e-29
 173.437917      0.390  38.080463    15.2791   -0.09590      0.387    30.4117    22.3782 -9.990e-29
 173.437922      0.405  38.087433    15.2742   -0.09591      0.402    30.4217    22.3870 -9.990e-29
 173.437928      0.415  38.070019    15.2638   -0.09589      0.412    30.4142    22.3835 -9.990e-29
 173.437934      0.416  38.050439    15.2565   -0.09587      0.413    30.4025    22.3760 -9.990e-29
 173.437940      0.418  38.046899    15.2604   -0.09585      0.415    30.3963    22.3704 -9.990e-29
 173.437946      0.428  38.059733    15.2693   -0.09588      0.424    30.4008    22.3720 -9.990e-29
 173.437951      0.443  38.075774    15.2737   -0.09589      0.439    30.4117    22.3794 -9.990e-29
 173.437957      0.461  38.074919    15.2709   -0.09592      0.457    30.4131    22.3811 -9.990e-29
 173.437963      0.481  38.058281    15.2652   -0.09590      0.477    30.4027    22.3743 -9.990e-29
 173.437969      0.502  38.046871    15.2647   -0.09585      0.498    30.3929    22.3669 -9.990e-29
 173.437975      0.519  38.048477    15.2693   -0.09585      0.515    30.3908    22.3643 -9.990e-29
 173.437980      0.535  38.051226    15.2734   -0.09587      0.531    30.3901    22.3629 -9.990e-29
 173.437986      0.550  38.048134    15.2755   -0.09589      0.545    30.3857    22.3590 -9.990e-29
 173.437992      0.570  38.053036    15.2769   -0.09593      0.565    30.3890    22.3613 -9.990e-29
 173.437998      0.595  38.068551    15.2770   -0.09589      0.590    30.4027    22.3718 -9.990e-29
 173.438003      0.619  38.072749    15.2735   -0.09584      0.614    30.4091    22.3775 -9.990e-29
 173.438009      0.634  38.060582    15.2684   -0.09585      0.629    30.4022    22.3733 -9.990e-29
 173.438015      0.638  38.052288    15.2673   -0.09586      0.633    30.3957    22.3685 -9.990e-29
 173.438021      0.635  38.059811    15.2707   -0.09587      0.630    30.3997    22.3709 -9.990e-29
 173.438027      0.633  38.079166    15.2738   -0.09589      0.628    30.4145    22.3816 -9.990e-29
 173.438032      0.636  38.096349    15.2734   -0.09590      0.631    30.4301    22.3937 -9.990e-29
 173.438038      0.641  38.095022    15.2682   -0.09589      0.636    30.4330    22.3970 -9.990e-29
 173.438044      0.644  38.080715    15.2629   -0.09586      0.639    30.4244    22.3915 -9.990e-29
 173.438050      0.648  38.073621    15.2650   -0.09586      0.643    30.4164    22.3849 -9.990e-29
 173.438056      0.663  38.080551    15.2723   -0.09586      0.657    30.4169    22.3837 -9.990e-29
 173.438061      0.690  38.095050    15.2782   -0.09587      0.684    30.4252    22.3889 -9.990e-29
 173.438067      0.721  38.101688    15.2799   -0.09590      0.715    30.4298    22.3920 -9.990e-29
 173.438073      0.750  38.091938    15.2778   -0.09597      0.744    30.4228    22.3871 -9.990e-29
 173.438079      0.771  38.078046    15.2736   -0.09591      0.765    30.4137    22.3810 -9.990e-29
 173.438084      0.781  38.070100    15.2699   -0.09587      0.774    30.4095    22.3785 -9.990e-29
