data/oxygen options/ONMS/Olympic_Coast_National_Marine_Sanctuary_Hypoxia_Survey_CTD_Data_2004_2015/raw_data/2005/CTD_CA70_062205faedb.cnv
* Sea-Bird SBE19 Data File:
* FileName = C:\hypoxia CTD data\CA70_062205.hex
* Software Version 1.1.5
* Temperature SN = 2997
* Conductivity SN = 2997
* System UpLoad Time = Jun 22 2005 15:21:25
* SEACAT PROFILER V3.1c SN 2997   06/22/05  15:21:14.304
* strain gauge pressure sensor: S/N = 184829,  range = 3000 psia,  tc = 40
# nquan = 9
# nvalues = 63                          
# units = specified
# name 0 = timeJ: Julian Days
# name 1 = prSM: Pressure, Strain Gauge [db]
# name 2 = c0mS/cm: Conductivity [mS/cm]
# name 3 = t090C: Temperature [ITS-90, deg C]
# name 4 = oxML/L: Oxygen, Beckman/YSI [ml/l]
# name 5 = depSM: Depth [salt water, m], lat = 47.5
# name 6 = sal00: Salinity, Practical [PSU]
# name 7 = sigma-é00: Density [sigma-theta, kg/m^3]
# name 8 = flag: flag
# span 0 = -1.291e+00, 174.237522       
# span 1 =     -0.045,     70.000       
# span 2 =  -0.281909,  37.896620       
# span 3 =    -0.1047,    14.0439       
# span 4 =   -0.05048,    6.84614       
# span 5 =     -0.045,     69.403       
# span 6 =    -0.2321,    33.6160       
# span 7 =    -0.1728,    26.2061       
# span 8 = 0.0000e+00, 0.0000e+00       
# interval = decibars: 1                
# start_time = Jun 22 2005 15:10:28 [Instrument's time stamp, header]
# bad_flag = -9.990e-29
*END*
 -1.291e+00      1.000  -0.281909    -0.1047   -0.05048     -0.045    -0.2321    -0.1728 0.0000e+00
 171.302926      6.000  37.410678    13.8882    6.69888      5.950    30.7974    22.9375 0.0000e+00
 173.634567      7.000  37.896620    14.0439    6.82031      6.942    31.2220    23.2606 0.0000e+00
 173.634582      8.000  37.865754    14.0086    6.79425      7.933    31.2220    23.2678 0.0000e+00
 173.634597      9.000  37.832537    13.9706    6.79337      8.925    31.2220    23.2756 0.0000e+00
 173.634613     10.000  37.781886    13.8939    6.81609      9.916    31.2373    23.3029 0.0000e+00
 173.634632     11.000  37.704897    13.8337    6.82789     10.908    31.2150    23.2979 0.0000e+00
 169.552749     13.000  36.736133    13.4198    6.53654     12.891    30.4765    22.7645 0.0000e+00
 173.635073     14.000  37.523875    13.6411    6.57622     13.883    31.2035    23.3278 0.0000e+00
 173.635092     15.000  37.379034    13.4847    6.61429     14.874    31.1966    23.3537 0.0000e+00
 173.635108     16.000  37.320509    13.3715    6.83200     15.866    31.2344    23.4053 0.0000e+00
 173.635121     17.000  37.341791    13.3833    6.84614     16.858    31.2442    23.4106 0.0000e+00
 173.635132     18.000  37.434849    13.4445    6.68508     17.849    31.2801    23.4263 0.0000e+00
 173.635145     19.000  37.470521    13.3459    6.50005     18.841    31.3940    23.5338 0.0000e+00
 173.635157     20.000  37.282722    13.1183    6.52413     19.832    31.4060    23.5877 0.0000e+00
 173.635173     21.000  37.049577    12.9465    6.47621     20.824    31.3289    23.5614 0.0000e+00
 173.635199     22.000  37.034015    12.9960    6.37556     21.815    31.2730    23.5086 0.0000e+00
 173.635414     23.000  36.570722    12.4882    6.37822     22.807    31.2554    23.5919 0.0000e+00
 173.635463     24.000  36.580285    12.5205    6.37847     23.798    31.2374    23.5721 0.0000e+00
 173.635478     25.000  36.775333    12.6533    6.41517     24.790    31.3116    23.6044 0.0000e+00
 173.635490     26.000  36.940566    12.7053    6.42566     25.781    31.4244    23.6818 0.0000e+00
 173.635502     27.000  37.050699    12.7123    6.39601     26.773    31.5223    23.7564 0.0000e+00
 173.635516     28.000  37.068540    12.7061    6.36958     27.764    31.5440    23.7744 0.0000e+00
 173.635534     29.000  37.065781    12.7032    6.32382     28.756    31.5434    23.7744 0.0000e+00
 173.635553     30.000  37.067547    12.7156    6.54106     29.748    31.5343    23.7651 0.0000e+00
 173.635571     31.000  37.187580    12.8579    6.50482     30.739    31.5285    23.7332 0.0000e+00
 173.635593     32.000  37.632889    13.1562    6.38304     31.731    31.6986    23.8070 0.0000e+00
 173.635878     33.000  37.452482    13.0026    6.46010     32.722    31.6565    23.8043 0.0000e+00
 173.635914     34.000  37.485782    13.0286    6.53184     33.713    31.6656    23.8064 0.0000e+00
 173.635931     35.000  37.590885    13.1068    6.61210     34.705    31.6986    23.8167 0.0000e+00
 173.635944     36.000  37.740377    13.1275    6.63450     35.696    31.8212    23.9075 0.0000e+00
 173.635958     37.000  37.784330    13.0711    6.55303     36.688    31.9094    23.9867 0.0000e+00
 173.635971     38.000  37.731304    12.9125    6.40868     37.679    31.9929    24.0823 0.0000e+00
 173.635986     39.000  37.542643    12.5460    6.34853     38.671    32.1250    24.2552 0.0000e+00
 173.636000     40.000  37.222903    12.0972    6.49036     39.663    32.2034    24.4006 0.0000e+00
 173.636020     41.000  36.843699    11.7908    6.56544     40.654    32.1011    24.3781 0.0000e+00
 174.237522     43.000  36.528539    11.2851    6.28932     42.636    32.2537    24.5933 0.0000e+00
 173.636488     44.000  36.372643    11.1901    6.21958     43.628    32.1615    24.5333 0.0000e+00
 173.636501     45.000  36.344088    11.1316    6.24589     44.620    32.1841    24.5612 0.0000e+00
 173.636513     46.000  36.278047    11.0304    6.19561     45.611    32.2071    24.5970 0.0000e+00
 173.636528     47.000  36.240350    10.9703    6.26175     46.602    32.2223    24.6194 0.0000e+00
 173.636543     48.000  36.173589    10.7619    6.33959     47.594    32.3393    24.7468 0.0000e+00
 173.636558     49.000  35.964579    10.4052    6.18442     48.585    32.4468    24.8917 0.0000e+00
 173.636576     50.000  35.725720    10.0881    6.31572     49.577    32.4896    24.9784 0.0000e+00
 172.294956     52.000  34.871107     9.3771    6.19668     51.559    32.2192    24.8739 0.0000e+00
 173.636882     53.000  35.114642     9.3984    6.23808     52.551    32.4879    25.0897 0.0000e+00
 173.636897     54.000  35.056590     9.3344    6.22459     53.543    32.4859    25.0983 0.0000e+00
 173.636910     55.000  35.031618     9.2855    6.21441     54.534    32.5042    25.1204 0.0000e+00
 173.636923     56.000  34.985361     9.2268    6.17856     55.525    32.5095    25.1339 0.0000e+00
 173.636939     57.000  34.967526     9.1938    6.15736     56.517    32.5206    25.1477 0.0000e+00
 173.636955     58.000  34.928519     9.1204    5.69614     57.508    32.5469    25.1798 0.0000e+00
 173.636971     59.000  34.959006     9.0573    4.75666     58.499    32.6358    25.2592 0.0000e+00
 173.636987     60.000  35.043924     8.8183    4.11024     59.491    32.9445    25.5379 0.0000e+00
 173.637286     61.000  35.048928     8.7188    3.97263     60.482    33.0417    25.6294 0.0000e+00
 173.637345     62.000  35.051827     8.5673    3.71865     61.473    33.1862    25.7658 0.0000e+00
 173.637362     63.000  35.048847     8.4231    3.56476     62.465    33.3184    25.8914 0.0000e+00
 173.637377     64.000  35.014897     8.2630    3.39258     63.456    33.4339    26.0060 0.0000e+00
 173.637392     65.000  34.969260     8.1631    3.28516     64.447    33.4802    26.0571 0.0000e+00
 173.637407     66.000  34.950429     8.1116    3.18181     65.439    33.5088    26.0873 0.0000e+00
 173.637423     67.000  34.907531     7.9944    3.05505     66.430    33.5748    26.1563 0.0000e+00
 173.637438     68.000  34.870805     7.9330    3.00740     67.421    33.5940    26.1805 0.0000e+00
 173.637456     69.000  34.863416     7.9138    3.00392     68.413    33.6041    26.1912 0.0000e+00
 173.637481     70.000  34.841562     7.8766    2.99139     69.403    33.6160    26.2061 0.0000e+00
