data/oxygen options/ONMS/Olympic_Coast_National_Marine_Sanctuary_Hypoxia_Survey_CTD_Data_2004_2015/raw_data/2005/CTD_CA30_070705faed.cnv
* Sea-Bird SBE19 Data File:
* FileName = C:\Hypoxia Data\CA30_070705.hex
* Software Version 1.1.6
* Temperature SN = 2997
* Conductivity SN = 2997
* System UpLoad Time = Jul 07 2005 14:57:32
* SEACAT PROFILER V3.1c SN 2997   07/07/05  14:56:55.088
* strain gauge pressure sensor: S/N = 184829,  range = 3000 psia,  tc = 40
# nquan = 9                                 
# nvalues = 505                         
# units = specified
# name 0 = timeJ: Julian Days
# name 1 = prSM: Pressure, Strain Gauge [db]
# name 2 = c0mS/cm: Conductivity [mS/cm]
# name 3 = t090C: Temperature [ITS-90, deg C]
# name 4 = oxML/L: Oxygen, Beckman/YSI [ml/l]
# name 5 = depSM: Depth [salt water, m], lat = 47.5
# name 6 = sal00: Salinity, Practical [PSU]
# name 7 = sigma-é00: Density [sigma-theta, kg/m^3]
# name 8 = flag: flag
# span 0 = 188.595833, 188.598750       
# span 1 =     -1.333,     32.734       
# span 2 =  35.223745,  38.458525       
# span 3 =     9.0134,    14.1139       
# span 4 =   -0.09931,   26.47014       
# span 5 =     -1.322,     32.458       
# span 6 =    30.9715,    32.9727       
# span 7 =    23.0799,    25.5274       
# span 8 = 0.0000e+00, 0.0000e+00       
# interval = seconds: 0.5
# start_time = Jul 07 2005 14:18:00 [Instrument's time stamp, header]
# bad_flag = -9.990e-29
*END*
 188.595833     -1.333 -9.990e-29    13.9265   -0.09909     -1.322 -9.990e-29 -9.990e-29 -9.990e-29
 188.595839     -1.222  37.564603    13.9810   -0.09905     -1.212    30.9715    23.0799 -9.990e-29
 188.595845     -1.096  37.806665    13.9523   -0.09902     -1.087    31.2168    23.2750 -9.990e-29
 188.595851     -0.967  38.040606    13.8524   -0.09919     -0.959    31.5136    23.5244 -9.990e-29
 188.595856     -0.854  38.167777    13.7204   -0.09931     -0.847    31.7399    23.7258 -9.990e-29
 188.595862     -0.770  38.180700    13.6118   -0.09923     -0.764    31.8420    23.8265 -9.990e-29
 188.595868     -0.719  38.130314    13.5646   -0.09849     -0.713    31.8345    23.8302 -9.990e-29
 188.595874     -0.688  38.073599    13.5756   -0.09822     -0.682    31.7727    23.7802 -9.990e-29
 188.595880     -0.663  38.036432    13.6146   -0.09867     -0.657    31.7058    23.7207 -9.990e-29
 188.595885     -0.634  38.020509    13.6535   -0.09876     -0.629    31.6588    23.6766 -9.990e-29
 188.595891     -0.595  38.015318    13.6744   -0.09876     -0.590    31.6367    23.6553 -9.990e-29
 188.595897     -0.552  38.012322    13.6681   -0.09888     -0.547    31.6391    23.6585 -9.990e-29
 188.595903     -0.514  38.013757    13.6438   -0.09898     -0.510    31.6605    23.6799 -9.990e-29
 188.595909     -0.485  38.022157    13.6411   -0.09903     -0.481    31.6705    23.6881 -9.990e-29
 188.595914     -0.461  38.030266    13.7061   -0.09901     -0.457    31.6243    23.6394 -9.990e-29
 188.595920     -0.441  38.044452    13.8189   -0.09891     -0.437    31.5445    23.5550 -9.990e-29
 188.595926     -0.425  38.098265    13.8811   -0.09872     -0.421    31.5430    23.5412 -9.990e-29
 188.595932     -0.403  38.182749    13.8570   -0.09837     -0.400    31.6407    23.6216 -9.990e-29
 188.595937     -0.368  38.222169    13.8087   -0.09821     -0.365    31.7169    23.6902 -9.990e-29
 188.595943     -0.335  38.207451    13.7727   -0.09854     -0.332    31.7331    23.7100 -9.990e-29
 188.595949     -0.312  38.199228    13.7425   -0.09847     -0.309    31.7505    23.7295 -9.990e-29
 188.595955     -0.289  38.194432    13.7178   -0.09846     -0.287    31.7665    23.7469 -9.990e-29
 188.595961     -0.263  38.167648    13.7085   -0.09860     -0.261    31.7494    23.7355 -9.990e-29
 188.595966     -0.241  38.137622    13.7236   -0.09889     -0.239    31.7091    23.7014 -9.990e-29
 188.595972     -0.227  38.121024    13.7680   -0.09867     -0.225    31.6570    23.6522 -9.990e-29
 188.595978     -0.215  38.119334    13.8400   -0.09887     -0.213    31.5961    23.5906 -9.990e-29
 188.595984     -0.196  38.134282    13.9163   -0.09897     -0.194    31.5472    23.5373 -9.990e-29
 188.595990     -0.165  38.169596    13.9526   -0.09884     -0.164    31.5499    23.5320 -9.990e-29
 188.595995     -0.120  38.210168    13.9447   -0.09871     -0.119    31.5937    23.5674 -9.990e-29
 188.596001     -0.065  38.217056    13.9307   -0.09859     -0.064    31.6115    23.5841 -9.990e-29
 188.596007     -0.016  38.190532    13.9087   -0.09848     -0.016    31.6051    23.5836 -9.990e-29
 188.596013      0.023  38.170443    13.8616   -0.09845      0.023    31.6254    23.6088 -9.990e-29
 188.596019      0.055  38.168758    13.8183   -0.09856      0.055    31.6595    23.6439 -9.990e-29
 188.596024      0.081  38.165336    13.7955   -0.09864      0.080    31.6752    23.6606 -9.990e-29
 188.596030      0.103  38.155658    13.7712   -0.09837      0.102    31.6863    23.6741 -9.990e-29
 188.596036      0.122  38.151546    13.7582   -0.09836      0.121    31.6932    23.6821 -9.990e-29
 188.596042      0.140  38.147012    13.7796   -0.09838      0.139    31.6713    23.6609 -9.990e-29
 188.596047      0.157  38.143352    13.8216   -0.09839      0.156    31.6333    23.6230 -9.990e-29
 188.596053      0.179  38.152565    13.8687   -0.09842      0.178    31.6030    23.5901 -9.990e-29
 188.596059      0.212  38.170168    13.9087   -0.09843      0.210    31.5863    23.5691 -9.990e-29
 188.596065      0.250  38.178748    13.9231   -0.09831      0.248    31.5824    23.5631 -9.990e-29
 188.596071      0.277  38.172422    13.9127   -0.09822      0.275    31.5851    23.5673 -9.990e-29
 188.596076      0.287  38.166935    13.9114   -0.09816      0.285    31.5811    23.5645 -9.990e-29
 188.596082      0.289  38.174100    13.9342   -0.09807      0.287    31.5689    23.5505 -9.990e-29
 188.596088      0.295  38.199595    13.9568   -0.09802      0.293    31.5738    23.5497 -9.990e-29
 188.596094      0.312  38.233156    13.9682   -0.09808      0.309    31.5953    23.5640 -9.990e-29
 188.596100      0.338  38.241065    13.9725   -0.09810      0.335    31.5991    23.5660 -9.990e-29
 188.596105      0.373  38.218783    13.9739   -0.09819      0.370    31.5774    23.5490 -9.990e-29
 188.596111      0.405  38.197799    13.9864   -0.09818      0.402    31.5479    23.5236 -9.990e-29
 188.596117      0.424  38.192816    14.0172   -0.09812      0.420    31.5180    23.4943 -9.990e-29
 188.596123      0.431  38.195001    14.0520   -0.09807      0.427    31.4916    23.4668 -9.990e-29
 188.596128      0.435  38.197226    14.0782   -0.09809      0.431    31.4722    23.4465 -9.990e-29
 188.596134      0.445  38.208132    14.0974   -0.09810      0.441    31.4665    23.4382 -9.990e-29
 188.596140      0.465  38.239518    14.1104   -0.09818      0.461    31.4847    23.4495 -9.990e-29
 188.596146      0.492  38.276081    14.1139   -0.09819      0.488    31.5153    23.4724 -9.990e-29
 188.596152      0.520  38.280249    14.1049   -0.09810      0.516    31.5265    23.4829 -9.990e-29
 188.596157      0.543  38.251466    14.0901   -0.09808      0.538    31.5122    23.4749 -9.990e-29
 188.596163      0.556  38.229938    14.0857   -0.09811      0.551    31.4960    23.4633 -9.990e-29
 188.596169      0.566  38.229643    14.0955   -0.09815      0.561    31.4877    23.4549 -9.990e-29
 188.596175      0.581  38.238459    14.1078   -0.09825      0.576    31.4858    23.4509 -9.990e-29
 188.596181      0.603  38.246322    14.1121   -0.09819      0.598    31.4895    23.4529 -9.990e-29
 188.596186      0.623  38.242458    14.1042   -0.09808      0.618    31.4924    23.4567 -9.990e-29
 188.596192      0.641  38.228507    14.0902   -0.09804      0.636    31.4910    23.4585 -9.990e-29
 188.596198      0.659  38.220699    14.0851   -0.09810      0.653    31.4880    23.4573 -9.990e-29
 188.596204      0.685  38.227185    14.0926   -0.09810      0.679    31.4878    23.4556 -9.990e-29
 188.596209      0.715  38.244327    14.1010   -0.09816      0.709    31.4967    23.4607 -9.990e-29
 188.596215      0.744  38.259136    14.0996   -0.09814      0.738    31.5114    23.4723 -9.990e-29
 188.596221      0.763  38.255518    14.0846   -0.09808      0.757    31.5203    23.4823 -9.990e-29
 188.596227      0.770  38.240484    14.0674   -0.09811      0.764    31.5206    23.4860 -9.990e-29
 188.596233      0.770  38.237796    14.0665   -0.09814      0.764    31.5189    23.4849 -9.990e-29
 188.596238      0.771  38.257385    14.0802   -0.09815      0.765    31.5256    23.4873 -9.990e-29
 188.596244      0.778  38.293448    14.0928   -0.09823      0.772    31.5484    23.5023 -9.990e-29
 188.596250      0.791  38.325695    14.0966   -0.09829      0.784    31.5748    23.5219 -9.990e-29
 188.596256      0.807  38.326507    14.0910   -0.09831      0.800    31.5802    23.5272 -9.990e-29
 188.596262      0.818  38.302636    14.0809   -0.09837      0.811    31.5665    23.5187 -9.990e-29
 188.596267      0.824  38.290177    14.0768   15.41808      0.817    31.5585    23.5133 -9.990e-29
 188.596273      0.836  38.300059    14.0798   25.14890      0.829    31.5651    23.5178 -9.990e-29
 188.596279      0.857  38.319709    14.0810   26.47014      0.850    31.5821    23.5307 -9.990e-29
 188.596285      0.885  38.328827    14.0755   23.02834      0.878    31.5950    23.5418 -9.990e-29
 188.596291      0.913  38.315506    14.0606   14.75979      0.905    31.5949    23.5448 -9.990e-29
 188.596296      0.935  38.296257    14.0353   11.96900      0.927    31.5980    23.5524 -9.990e-29
 188.596302      0.951  38.286977    14.0069   11.97676      0.943    31.6128    23.5696 -9.990e-29
 188.596308      0.971  38.288247    13.9803   11.95694      0.963    31.6358    23.5928 -9.990e-29
 188.596314      0.997  38.296202    13.9507   11.96102      0.989    31.6675    23.6232 -9.990e-29
 188.596319      1.026  38.298500    13.9114   11.96518      1.017    31.7020    23.6579 -9.990e-29
 188.596325      1.056  38.276944    13.8746   11.95927      1.047    31.7125    23.6735 -9.990e-29
 188.596331      1.079  38.241545    13.8724   11.94235      1.070    31.6816    23.6501 -9.990e-29
 188.596337      1.093  38.238819    13.9130   11.92595      1.084    31.6457    23.6141 -9.990e-29
 188.596343      1.104  38.284247    13.9708   11.91965      1.095    31.6399    23.5979 -9.990e-29
 188.596348      1.116  38.343664    14.0172   11.91955      1.107    31.6564    23.6011 -9.990e-29
 188.596354      1.125  38.385865    14.0381   11.92320      1.116    31.6780    23.6135 -9.990e-29
 188.596360      1.129  38.401559    14.0367   11.92263      1.120    31.6935    23.6258 -9.990e-29
 188.596366      1.127  38.397155    14.0258   11.92663      1.118    31.6985    23.6318 -9.990e-29
 188.596372      1.123  38.384788    14.0188   11.42734      1.114    31.6929    23.6289 -9.990e-29
 188.596377      1.126  38.377190    14.0257    8.57855      1.117    31.6802    23.6177 -9.990e-29
 188.596383      1.140  38.384475    14.0485    6.65076      1.130    31.6681    23.6038 -9.990e-29
 188.596389      1.166  38.407437    14.0762    5.83454      1.156    31.6664    23.5968 -9.990e-29
 188.596395      1.197  38.434118    14.0917    6.13062      1.187    31.6782    23.6026 -9.990e-29
 188.596400      1.222  38.446869    14.0881    7.32585      1.212    31.6928    23.6147 -9.990e-29
 188.596406      1.240  38.439755    14.0720    7.85225      1.230    31.6995    23.6232 -9.990e-29
 188.596412      1.249  38.422420    14.0550    8.07680      1.239    31.6976    23.6252 -9.990e-29
 188.596418      1.257  38.408264    14.0427    8.18232      1.247    31.6947    23.6255 -9.990e-29
 188.596424      1.267  38.399219    14.0357    8.21467      1.256    31.6921    23.6249 -9.990e-29
 188.596429      1.279  38.393372    14.0334    8.22219      1.268    31.6887    23.6227 -9.990e-29
 188.596435      1.296  38.391955    14.0345    8.23854      1.285    31.6864    23.6208 -9.990e-29
 188.596441      1.318  38.393693    14.0399    8.26214      1.307    31.6836    23.6175 -9.990e-29
 188.596447      1.341  38.399839    14.0460    8.27824      1.330    31.6842    23.6167 -9.990e-29
 188.596453      1.360  38.405182    14.0468    8.28388      1.349    31.6885    23.6198 -9.990e-29
 188.596458      1.370  38.403440    14.0472    8.27342      1.359    31.6865    23.6182 -9.990e-29
 188.596464      1.378  38.403006    14.0543    8.25446      1.366    31.6803    23.6120 -9.990e-29
 188.596470      1.391  38.410647    14.0672    8.24448      1.379    31.6767    23.6065 -9.990e-29
 188.596476      1.415  38.423146    14.0828    8.22847      1.403    31.6753    23.6023 -9.990e-29
 188.596481      1.447  38.437593    14.0971    8.22297      1.435    31.6768    23.6005 -9.990e-29
 188.596487      1.480  38.450875    14.1050    8.21100      1.468    31.6825    23.6033 -9.990e-29
 188.596493      1.509  38.457763    14.1063    8.20109      1.496    31.6877    23.6070 -9.990e-29
 188.596499      1.527  38.458525    14.1050    8.20051      1.514    31.6895    23.6087 -9.990e-29
 188.596505      1.534  38.457037    14.1031    8.19893      1.521    31.6897    23.6092 -9.990e-29
 188.596510      1.540  38.454175    14.1006    8.18901      1.527    31.6891    23.6093 -9.990e-29
 188.596516      1.550  38.451228    14.0970    8.19153      1.537    31.6894    23.6102 -9.990e-29
 188.596522      1.563  38.448248    14.0915    8.15610      1.550    31.6911    23.6127 -9.990e-29
 188.596528      1.581  38.443001    14.0859    8.13706      1.568    31.6909    23.6137 -9.990e-29
 188.596534      1.605  38.438642    14.0815    8.15009      1.592    31.6905    23.6143 -9.990e-29
 188.596539      1.637  38.438388    14.0718    8.18859      1.623    31.6983    23.6223 -9.990e-29
 188.596545      1.673  38.439710    14.0515    8.22959      1.659    31.7162    23.6402 -9.990e-29
 188.596551      1.709  38.438259    14.0292    8.22508      1.695    31.7332    23.6580 -9.990e-29
 188.596557      1.733  38.431211    14.0241    8.18255      1.719    31.7309    23.6572 -9.990e-29
 188.596563      1.734  38.423215    14.0460    8.14480      1.720    31.7055    23.6332 -9.990e-29
 188.596568      1.717  38.426805    14.0778    8.12075      1.703    31.6827    23.6090 -9.990e-29
 188.596574      1.698  38.443971    14.0966    8.12604      1.684    31.6830    23.6054 -9.990e-29
 188.596580      1.687  38.456295    14.0947    8.12750      1.673    31.6958    23.6157 -9.990e-29
 188.596586      1.689  38.449369    14.0796    8.12716      1.675    31.7019    23.6235 -9.990e-29
 188.596591      1.700  38.430227    14.0663    8.11460      1.686    31.6953    23.6211 -9.990e-29
 188.596597      1.711  38.417094    14.0596    8.11191      1.697    31.6887    23.6174 -9.990e-29
 188.596603      1.720  38.413207    14.0531    8.12647      1.706    31.6905    23.6201 -9.990e-29
 188.596609      1.726  38.407772    14.0403    8.15450      1.712    31.6960    23.6270 -9.990e-29
 188.596615      1.735  38.394663    14.0213    8.15199      1.721    31.6996    23.6337 -9.990e-29
 188.596620      1.750  38.376032    14.0066    8.15670      1.735    31.6946    23.6328 -9.990e-29
 188.596626      1.766  38.364052    14.0049    8.14057      1.751    31.6850    23.6257 -9.990e-29
 188.596632      1.773  38.365742    14.0112    8.14131      1.758    31.6814    23.6216 -9.990e-29
 188.596638      1.777  38.373817    14.0128    8.16920      1.762    31.6875    23.6260 -9.990e-29
 188.596644      1.783  38.375485    14.0043    8.14481      1.768    31.6960    23.6343 -9.990e-29
 188.596649      1.786  38.364562    13.9976    8.09759      1.771    31.6915    23.6322 -9.990e-29
 188.596655      1.782  38.356210    14.0049    8.06923      1.767    31.6778    23.6201 -9.990e-29
 188.596661      1.776  38.365651    14.0188    8.06214      1.761    31.6750    23.6152 -9.990e-29
 188.596667      1.775  38.381353    14.0208    8.09350      1.760    31.6878    23.6246 -9.990e-29
 188.596672      1.788  38.384994    13.9964    8.11842      1.773    31.7112    23.6477 -9.990e-29
 188.596678      1.816  38.362361    13.9585    8.13262      1.801    31.7217    23.6635 -9.990e-29
 188.596684      1.847  38.325347    13.9324    8.12112      1.832    31.7091    23.6591 -9.990e-29
 188.596690      1.876  38.301433    13.9129    8.12192      1.860    31.7031    23.6585 -9.990e-29
 188.596696      1.904  38.280035    13.9039    8.12070      1.888    31.6908    23.6508 -9.990e-29
 188.596701      1.929  38.270199    13.9164    8.11411      1.913    31.6714    23.6333 -9.990e-29
 188.596707      1.943  38.286847    13.9215    8.11086      1.927    31.6826    23.6409 -9.990e-29
 188.596713      1.944  38.288796    13.9116    8.09016      1.928    31.6925    23.6506 -9.990e-29
 188.596719      1.935  38.274164    13.9107    8.10747      1.919    31.6798    23.6409 -9.990e-29
 188.596725      1.929  38.276164    13.9152    8.11972      1.913    31.6779    23.6386 -9.990e-29
 188.596730      1.938  38.284560    13.9105    8.12701      1.922    31.6895    23.6485 -9.990e-29
 188.596736      1.959  38.280821    13.9032    8.10681      1.943    31.6921    23.6519 -9.990e-29
 188.596742      1.980  38.274546    13.9066    8.08355      1.963    31.6835    23.6446 -9.990e-29
 188.596748      1.998  38.279799    13.9212    8.09894      1.981    31.6763    23.6361 -9.990e-29
 188.596753      2.014  38.294047    13.9377    8.11396      1.997    31.6758    23.6324 -9.990e-29
