data/oxygen options/ONMS/Olympic_Coast_National_Marine_Sanctuary_Hypoxia_Survey_CTD_Data_2004_2015/raw_data/2005/CTD_CA30_062205faedb.cnv
* Sea-Bird SBE19 Data File:
* FileName = C:\hypoxia CTD data\CA30_062205.hex
* Software Version 1.1.5
* Temperature SN = 2997
* Conductivity SN = 2997
* System UpLoad Time = Jun 22 2005 16:40:25
* SEACAT PROFILER V3.1c SN 2997   06/22/05  16:40:05.600
* strain gauge pressure sensor: S/N = 184829,  range = 3000 psia,  tc = 40
# nquan = 9
# nvalues = 25                          
# units = specified
# name 0 = timeJ: Julian Days
# name 1 = prSM: Pressure, Strain Gauge [db]
# name 2 = c0mS/cm: Conductivity [mS/cm]
# name 3 = t090C: Temperature [ITS-90, deg C]
# name 4 = oxML/L: Oxygen, Beckman/YSI [ml/l]
# name 5 = depSM: Depth [salt water, m], lat = 47.5
# name 6 = sal00: Salinity, Practical [PSU]
# name 7 = sigma-é00: Density [sigma-theta, kg/m^3]
# name 8 = flag: flag
# span 0 = 173.674656, 173.674965       
# span 1 =      4.000,     28.000       
# span 2 =  35.407007,  38.480728       
# span 3 =     9.5500,    15.1679       
# span 4 =    3.86346,    7.09531       
# span 5 =      3.966,     27.765       
# span 6 =    30.8536,    32.6612       
# span 7 =    22.7421,    25.2004       
# span 8 = 0.0000e+00, 0.0000e+00       
# interval = decibars: 1                
# start_time = Jun 22 2005 16:08:44 [Instrument's time stamp, header]
# bad_flag = -9.990e-29
*END*
 173.674656      4.000  38.480728    15.1679    7.09531      3.966    30.8536    22.7421 0.0000e+00
 173.674674      5.000  38.460782    15.0960    6.66803      4.958    30.8921    22.7870 0.0000e+00
 173.674688      6.000  38.329857    14.7927    6.51937      5.950    31.0146    22.9456 0.0000e+00
 173.674701      7.000  38.052566    14.4153    6.40701      6.942    31.0649    23.0631 0.0000e+00
 173.674713      8.000  37.871891    14.2312    6.15349      7.933    31.0479    23.0880 0.0000e+00
 173.674726      9.000  37.810414    14.1129    5.92862      8.924    31.0866    23.1421 0.0000e+00
 173.674738     10.000  37.689950    13.7393    5.68707      9.916    31.2784    23.3659 0.0000e+00
 173.674749     11.000  37.405849    13.3403    5.53177     10.908    31.3414    23.4940 0.0000e+00
 173.674760     12.000  37.259845    13.0981    5.56904     11.899    31.4045    23.5902 0.0000e+00
 173.674771     13.000  37.053532    12.6852    5.62451     12.891    31.5532    23.7851 0.0000e+00
 173.674782     14.000  36.824498    12.3964    5.52080     13.883    31.5774    23.8586 0.0000e+00
 173.674794     15.000  36.716627    12.2627    5.32175     14.874    31.5865    23.8909 0.0000e+00
 173.674806     16.000  36.624519    11.9696    4.98059     15.866    31.7462    24.0691 0.0000e+00
 173.674818     17.000  36.391186    11.5056    4.63980     16.857    31.9171    24.2864 0.0000e+00
 173.674829     18.000  36.184362    11.1176    4.38113     17.849    32.0504    24.4591 0.0000e+00
 173.674841     19.000  36.000649    10.7330    4.24820     18.841    32.2051    24.6467 0.0000e+00
 173.674852     20.000  35.848887    10.4432    4.22930     19.832    32.3095    24.7777 0.0000e+00
 173.674865     21.000  35.744252    10.2822    4.23686     20.824    32.3472    24.8345 0.0000e+00
 173.674879     22.000  35.688343    10.2043    4.21505     21.815    32.3600    24.8575 0.0000e+00
 173.674892     23.000  35.660386    10.1365    4.14819     22.807    32.3919    24.8937 0.0000e+00
 173.674904     24.000  35.617735    10.0129    4.08500     23.798    32.4592    24.9668 0.0000e+00
 173.674916     25.000  35.556106     9.8925    4.06442     24.790    32.5046    25.0222 0.0000e+00
 173.674929     26.000  35.511370     9.7983    4.02624     25.782    32.5436    25.0681 0.0000e+00
 173.674943     27.000  35.474016     9.7393    3.92493     26.773    32.5585    25.0894 0.0000e+00
 173.674965     28.000  35.407007     9.5500    3.86346     27.765    32.6612    25.2004 0.0000e+00
