data/oxygen options/ONMS/Olympic_Coast_National_Marine_Sanctuary_Hypoxia_Survey_CTD_Data_2004_2015/raw_data/2005/CTD_CA90_081505faed.cnv
* Sea-Bird SBE19 Data File:
* FileName = C:\Hypoxia Data\CA90_081505.hex
* Software Version 1.1.6
* Temperature SN = 2997
* Conductivity SN = 2997
* System UpLoad Time = Aug 15 2005 14:26:54
* SEACAT PROFILER V3.1c SN 2997   08/15/05  14:26:07.816
* strain gauge pressure sensor: S/N = 184829,  range = 3000 psia,  tc = 40
# nquan = 9                                 
# nvalues = 1449                        
# units = specified
# name 0 = timeJ: Julian Days
# name 1 = prSM: Pressure, Strain Gauge [db]
# name 2 = c0mS/cm: Conductivity [mS/cm]
# name 3 = t090C: Temperature [ITS-90, deg C]
# name 4 = oxML/L: Oxygen, Beckman/YSI [ml/l]
# name 5 = depSM: Depth [salt water, m], lat = 47.5
# name 6 = sal00: Salinity, Practical [PSU]
# name 7 = sigma-é00: Density [sigma-theta, kg/m^3]
# name 8 = flag: flag
# span 0 = 227.590220, 227.598600       
# span 1 =     -3.587,     90.961       
# span 2 =   0.939845,  37.459046       
# span 3 =     7.1368,    13.3108       
# span 4 =  -13.52336,   27.79073       
# span 5 =     -3.557,     90.182       
# span 6 =     0.6067,    33.9066       
# span 7 =    -0.1888,    26.5395       
# span 8 = 0.0000e+00, 0.0000e+00       
# interval = seconds: 0.5
# start_time = Aug 15 2005 14:09:55 [Instrument's time stamp, header]
# bad_flag = -9.990e-29
*END*
 227.590220     -3.587 -9.990e-29    13.2858   -0.12108     -3.557 -9.990e-29 -9.990e-29 -9.990e-29
 227.590226     -3.579   1.692080    13.2869   -0.12110     -3.549     1.1234     0.2154 -9.990e-29
 227.590231     -3.568   1.635471    13.2880   -0.12113     -3.538     1.0840     0.1846 -9.990e-29
 227.590237     -3.555   1.562398    13.2890   -0.12115     -3.525     1.0331     0.1450 -9.990e-29
 227.590243     -3.537   1.502517    13.2899   -0.12115     -3.508     0.9916     0.1127 -9.990e-29
 227.590249     -3.519   1.465716    13.2906   -0.12114     -3.490     0.9661     0.0928 -9.990e-29
 227.590255     -3.507   1.443457    13.2907   -0.12115     -3.478     0.9507     0.0809 -9.990e-29
 227.590260     -3.501   1.431961    13.2902   -0.12114     -3.472     0.9428     0.0748 -9.990e-29
 227.590266     -3.492   1.423648    13.2894   -0.12116     -3.463     0.9371     0.0704 -9.990e-29
 227.590272     -3.480   1.400027    13.2890   -0.12119     -3.451     0.9208     0.0579 -9.990e-29
 227.590278     -3.471   1.355684    13.2890   -0.12121     -3.442     0.8902     0.0342 -9.990e-29
 227.590284     -3.467   1.300304    13.2891   -0.12122     -3.438     0.8522     0.0046 -9.990e-29
 227.590289     -3.457   1.244942    13.2893   -0.12117     -3.428     0.8142    -0.0249 -9.990e-29
 227.590295     -3.436   1.199012    13.2899   -0.12110     -3.407     0.7828    -0.0494 -9.990e-29
 227.590301     -3.405   1.168412    13.2903   -0.12116     -3.377     0.7619    -0.0656 -9.990e-29
 227.590307     -3.369   1.157282    13.2905   -0.12120     -3.341     0.7543    -0.0716 -9.990e-29
 227.590313     -3.338   1.156333    13.2908   -0.12121     -3.310     0.7537    -0.0721 -9.990e-29
 227.590318     -3.311   1.152097    13.2919   -0.12122     -3.283     0.7508    -0.0745 -9.990e-29
 227.590324     -3.286   1.140036    13.2936   -0.12122     -3.259     0.7425    -0.0811 -9.990e-29
 227.590330     -3.266   1.108508    13.2958   -0.12122     -3.239     0.7210    -0.0981 -9.990e-29
 227.590336     -3.236   1.059861    13.2981   -0.12120     -3.209     0.6880    -0.1241 -9.990e-29
 227.590341     -3.186   1.020216    13.2996   -0.12119     -3.159     0.6611    -0.1452 -9.990e-29
 227.590347     -3.130   1.016598    13.2999   -0.12120     -3.104     0.6586    -0.1471 -9.990e-29
 227.590353     -3.078   1.053616    13.2998   -0.12120     -3.052     0.6837    -0.1276 -9.990e-29
 227.590359     -3.026   1.085211    13.3005   -0.12117     -3.001     0.7051    -0.1111 -9.990e-29
 227.590365     -2.974   1.067522    13.3025   -0.10010     -2.949     0.6931    -0.1207 -9.990e-29
 227.590370     -2.929   1.020238    13.3050   -0.10027     -2.905     0.6610    -0.1459 -9.990e-29
 227.590376     -2.888   0.976292    13.3073   -0.10031     -2.864     0.6313    -0.1693 -9.990e-29
 227.590382     -2.842   0.946987    13.3090   -0.10031     -2.818     0.6115    -0.1849 -9.990e-29
 227.590388     -2.790   0.939845    13.3102   -0.10031     -2.767     0.6067    -0.1888 -9.990e-29
 227.590394     -2.724   0.968090    13.3108   -0.10032     -2.701     0.6257    -0.1741 -9.990e-29
 227.590399     -2.640   1.074375    13.3103   -0.10037     -2.618     0.6976    -0.1182 -9.990e-29
 227.590405     -2.541   1.383774    13.3083   -0.10042     -2.520     0.9091     0.0463 -9.990e-29
 227.590411     -2.425   2.291623    13.3025   -0.10045     -2.405     1.5455     0.5404 -9.990e-29
 227.590417     -2.284   5.011163    13.2867   -0.10048     -2.265     3.5459     2.0894 -9.990e-29
 227.590422     -2.114  13.145152    13.2615   -0.10065     -2.096     9.9982     7.0642 -9.990e-29
 227.590428     -1.921  25.317715    13.2398   -0.10075     -1.905    20.4259    15.0921 -9.990e-29
 227.590434     -1.715  33.416125    13.2278   -0.10088     -1.701    27.7407    20.7340 -9.990e-29
 227.590440     -1.494  36.114157    13.2209   -0.10101     -1.482    30.2402    22.6660 -9.990e-29
 227.590446     -1.250  37.021559    13.2133   -0.10108     -1.240    31.0918    23.3257 -9.990e-29
 227.590451     -0.970  37.325799    13.2005   -0.10111     -0.962    31.3865    23.5561 -9.990e-29
 227.590457     -0.664  37.423591    13.1836   -0.10129     -0.658    31.4919    23.6408 -9.990e-29
 227.590463     -0.348  37.452650    13.1650   -0.10134     -0.345    31.5344    23.6774 -9.990e-29
 227.590469     -0.035  37.459046    13.1388   -0.10133     -0.035    31.5621    23.7039 -9.990e-29
 227.590475      0.276  37.454141    13.1012   -0.10126      0.274    31.5886    23.7318 0.0000e+00
 227.590480      0.587  37.435913    13.0572   -0.10117      0.582    31.6080    23.7554 0.0000e+00
 227.590486      0.896  37.404766    13.0102   -0.10115      0.889    31.6178    23.7721 0.0000e+00
 227.590492      1.193  37.376403    12.9645   -0.10125      1.183    31.6292    23.7898 0.0000e+00
 227.590498      1.458  37.361264    12.9275   -0.10133      1.446    31.6457    23.8098 0.0000e+00
 227.590503      1.679  37.354333    12.8946   -0.10134      1.665    31.6666    23.8324 0.0000e+00
 227.590509      1.856  37.343028    12.8598   -0.10122      1.841    31.6851    23.8533 0.0000e+00
 227.590515      1.998  37.322400    12.8371   -0.10121      1.981    31.6845    23.8573 -9.990e-29
 227.590521      2.112  37.305914    12.8373   -0.10133      2.094    31.6688    23.8451 -9.990e-29
 227.590527      2.205  37.297978    12.8541   -0.10137      2.187    31.6472    23.8251 -9.990e-29
 227.590532      2.289  37.291966    12.8718   -0.10137      2.270    31.6267    23.8058 -9.990e-29
 227.590538      2.369  37.289996    12.8720   -0.10137      2.349    31.6246    23.8042 -9.990e-29
 227.590544      2.440  37.293968    12.8521   -0.10134      2.420    31.6450    23.8238 -9.990e-29
 227.590550      2.504  37.301366    12.8307   -0.10120      2.483    31.6698    23.8472 -9.990e-29
 227.590556      2.559  37.313116    12.8278   -0.10118      2.538    31.6834    23.8582 -9.990e-29
 227.590561      2.598  37.328091    12.8396   -0.10133      2.576    31.6876    23.8592 -9.990e-29
 227.590567      2.613  37.337123    12.8420   -0.10143      2.591    31.6941    23.8638 -9.990e-29
 227.590573      2.614  37.332101    12.8281   -0.10147      2.592    31.7010    23.8718 -9.990e-29
 227.590579      2.619  37.313663    12.8138   -0.10146      2.597    31.6956    23.8704 -9.990e-29
 227.590584      2.640  37.292594    12.8069   -0.10146      2.618    31.6815    23.8608 -9.990e-29
 227.590590      2.683  37.282896    12.8077   -0.10155      2.661    31.6716    23.8530 -9.990e-29
 227.590596      2.742  37.292421    12.8213   -0.10164      2.719    31.6692    23.8485 -9.990e-29
 227.590602      2.800  37.313715    12.8413   -0.10163      2.777    31.6725    23.8472 -9.990e-29
 227.590608      2.844  37.328654    12.8421   -0.10161      2.820    31.6859    23.8575 -9.990e-29
 227.590613      2.871  37.330838    12.8147   -0.10162      2.847    31.7110    23.8821 -9.990e-29
 227.590619      2.887  37.325463    12.7796   -0.10163      2.863    31.7354    23.9078 -9.990e-29
 227.590625      2.903  37.322784    12.7566   -0.10163      2.879    31.7522    23.9252 -9.990e-29
 227.590631      2.920  37.328795    12.7468   -0.10162      2.896    31.7661    23.9379 -9.990e-29
 227.590637      2.933  37.334152    12.7381   -0.10162      2.909    31.7785    23.9491 -9.990e-29
 227.590642      2.949  37.326962    12.7208   -0.10162      2.924    31.7862    23.9585 -9.990e-29
 227.590648      2.968  37.307208    12.6999   -0.10163      2.943    31.7851    23.9616 -9.990e-29
 227.590654      2.983  37.287844    12.6863   -0.10157      2.958    31.7782    23.9589 -9.990e-29
 227.590660      2.995  37.284583    12.6817   -0.10151      2.970    31.7790    23.9604 -9.990e-29
 227.590666      3.008  37.296475    12.6821   -0.10161      2.983    31.7899    23.9688 -9.990e-29
 227.590671      3.020  37.304076    12.6854   -0.10168      2.995    31.7944    23.9715 -9.990e-29
 227.590677      3.032  37.295124    12.6906   -0.10172      3.007    31.7815    23.9606 -9.990e-29
 227.590683      3.052  37.276227    12.6949   -0.10171      3.027    31.7599    23.9431 -9.990e-29
 227.590689      3.086  37.259800    12.6952   -0.10170      3.060    31.7441    23.9308 -9.990e-29
 227.590694      3.131  37.253140    12.6924   -0.10162      3.105    31.7401    23.9282 -9.990e-29
 227.590700      3.179  37.260301    12.6937   -0.10166      3.152    31.7458    23.9324 -9.990e-29
 227.590706      3.219  37.279089    12.7027   -0.10172      3.192    31.7560    23.9385 -9.990e-29
 227.590712      3.246  37.296454    12.7072   -0.10175      3.219    31.7687    23.9475 -9.990e-29
 227.590718      3.256  37.301374    12.6957   -0.10175      3.229    31.7830    23.9608 -9.990e-29
 227.590723      3.259  37.292598    12.6771   -0.10173      3.232    31.7904    23.9701 -9.990e-29
 227.590729      3.268  37.275288    12.6622   -0.10172      3.241    31.7865    23.9699 -9.990e-29
 227.590735      3.283  37.261168    12.6549   -0.10169      3.256    31.7793    23.9657 -9.990e-29
 227.590741      3.297  37.264530    12.6586   -0.10172      3.269    31.7793    23.9651 -9.990e-29
 227.590747      3.307  37.282038    12.6669   -0.10174      3.279    31.7889    23.9709 -9.990e-29
 227.590752      3.317  37.291643    12.6662   -0.10174      3.289    31.7986    23.9786 -9.990e-29
 227.590758      3.336  37.283758    12.6556   -0.10176      3.308    31.8001    23.9817 -9.990e-29
 227.590764      3.367  37.268098    12.6441   -0.10177      3.339    31.7949    23.9799 -9.990e-29
 227.590770      3.402  37.259149    12.6374   -0.10176      3.374    31.7921    23.9790 -9.990e-29
 227.590775      3.434  37.265201    12.6371   -0.10170      3.405    31.7981    23.9837 -9.990e-29
 227.590781      3.458  37.280334    12.6409   -0.10165      3.429    31.8092    23.9916 -9.990e-29
 227.590787      3.466  37.292234    12.6440   -0.10173      3.437    31.8179    23.9977 -9.990e-29
 227.590793      3.460  37.294934    12.6431   -0.10176      3.431    31.8212    24.0005 -9.990e-29
 227.590799      3.450  37.289264    12.6403   -0.10178      3.421    31.8182    23.9987 -9.990e-29
 227.590804      3.446  37.278359    12.6381   -0.10177      3.417    31.8097    23.9925 -9.990e-29
 227.590810      3.451  37.265099    12.6349   -0.10174      3.422    31.7998    23.9855 -9.990e-29
 227.590816      3.470  37.254272    12.6318   -0.10166      3.441    31.7922    23.9801 -9.990e-29
 227.590822      3.496  37.255031    12.6363   -0.10169      3.467    31.7891    23.9769 -9.990e-29
 227.590828      3.516  37.267863    12.6493   -0.10167      3.487    31.7903    23.9753 -9.990e-29
 227.590833      3.530  37.278506    12.6584   -0.10166      3.501    31.7927    23.9754 -9.990e-29
 227.590839      3.540  37.276510    12.6556   -0.10172      3.510    31.7931    23.9763 -9.990e-29
 227.590845      3.558  37.261498    12.6475   15.89645      3.528    31.7857    23.9721 -9.990e-29
 227.590851      3.587  37.240411    12.6402   26.31033      3.557    31.7719    23.9628 -9.990e-29
 227.590856      3.622  37.228910    12.6392   27.79073      3.592    31.7618    23.9552 -9.990e-29
 227.590862      3.647  37.237490    12.6496   24.31444      3.617    31.7611    23.9527 -9.990e-29
 227.590868      3.656  37.254632    12.6649   15.71791      3.625    31.7645    23.9524 -9.990e-29
 227.590874      3.653  37.260044    12.6753   12.61890      3.622    31.7609    23.9476 -9.990e-29
 227.590880      3.651  37.248643    12.6801   12.63732      3.620    31.7460    23.9351 -9.990e-29
 227.590885      3.668  37.228821    12.6766   12.62563      3.637    31.7302    23.9235 -9.990e-29
 227.590891      3.712  37.211761    12.6611   12.63291      3.681    31.7270    23.9241 -9.990e-29
 227.590897      3.769  37.201674    12.6390   12.64271      3.738    31.7360    23.9353 -9.990e-29
 227.590903      3.813  37.188508    12.6231   12.64734      3.781    31.7369    23.9390 -9.990e-29
 227.590909      3.834  37.169318    12.6249   12.65248      3.802    31.7172    23.9234 -9.990e-29
 227.590914      3.838  37.158365    12.6453   12.65544      3.806    31.6896    23.8981 -9.990e-29
 227.590920      3.834  37.160703    12.6728   12.66189      3.802    31.6687    23.8767 -9.990e-29
 227.590926      3.829  37.169393    12.6907   10.88623      3.797    31.6619    23.8680 -9.990e-29
 227.590932      3.832  37.176435    12.6949    6.70444      3.800    31.6651    23.8696 -9.990e-29
 227.590938      3.848  37.178363    12.6928    4.26394      3.816    31.6687    23.8728 -9.990e-29
 227.590943      3.872  37.177780    12.6893    3.40899      3.840    31.6710    23.8753 -9.990e-29
 227.590949      3.899  37.176731    12.6868    4.28987      3.866    31.6721    23.8767 -9.990e-29
 227.590955      3.922  37.176072    12.6858    5.84728      3.889    31.6723    23.8770 -9.990e-29
 227.590961      3.937  37.176054    12.6847    6.42478      3.904    31.6732    23.8779 -9.990e-29
 227.590966      3.949  37.176091    12.6800    6.69650      3.916    31.6772    23.8819 -9.990e-29
 227.590972      3.965  37.174552    12.6682    6.85221      3.932    31.6857    23.8907 -9.990e-29
 227.590978      3.984  37.169948    12.6482    6.94966      3.951    31.6981    23.9042 -9.990e-29
 227.590984      4.004  37.161745    12.6271    7.01647      3.971    31.7081    23.9159 -9.990e-29
 227.590990      4.013  37.152464    12.6185    7.07342      3.979    31.7065    23.9163 -9.990e-29
 227.590995      4.003  37.148791    12.6271    7.10141      3.970    31.6958    23.9064 -9.990e-29
 227.591001      3.983  37.152551    12.6462    7.11251      3.950    31.6833    23.8931 -9.990e-29
 227.591007      3.963  37.159784    12.6668    7.11334      3.930    31.6728    23.8810 -9.990e-29
 227.591013      3.952  37.167800    12.6804    7.10670      3.919    31.6690    23.8755 -9.990e-29
 227.591019      3.956  37.173273    12.6851    7.10659      3.923    31.6703    23.8755 -9.990e-29
 227.591024      3.976  37.174533    12.6857    7.09261      3.943    31.6709    23.8759 -9.990e-29
 227.591030      4.000  37.174384    12.6849    7.07376      3.967    31.6715    23.8765 -9.990e-29
 227.591036      4.022  37.174307    12.6824    7.04921      3.988    31.6735    23.8785 -9.990e-29
 227.591042      4.048  37.173640    12.6775    7.03862      4.014    31.6770    23.8822 -9.990e-29
 227.591047      4.078  37.171491    12.6679    7.04502      4.044    31.6830    23.8887 -9.990e-29
 227.591053      4.106  37.166679    12.6530    7.05391      4.072    31.6909    23.8977 -9.990e-29
 227.591059      4.130  37.159517    12.6423    7.06312      4.095    31.6931    23.9014 -9.990e-29
 227.591065      4.146  37.155032    12.6452    7.04754      4.111    31.6864    23.8957 -9.990e-29
 227.591071      4.153  37.157336    12.6570    7.02891      4.118    31.6787    23.8874 -9.990e-29
 227.591076      4.154  37.163327    12.6668    7.03761      4.119    31.6761    23.8836 -9.990e-29
 227.591082      4.158  37.168098    12.6663    7.04929      4.123    31.6811    23.8875 -9.990e-29
 227.591088      4.169  37.167919    12.6573    7.05080      4.134    31.6885    23.8949 -9.990e-29
 227.591094      4.180  37.163676    12.6521    7.03450      4.145    31.6888    23.8962 -9.990e-29
 227.591100      4.183  37.160928    12.6576    7.02534      4.148    31.6816    23.8896 -9.990e-29
 227.591105      4.182  37.162735    12.6682    7.02544      4.147    31.6744    23.8820 -9.990e-29
 227.591111      4.186  37.167021    12.6752    7.01542      4.151    31.6726    23.8792 -9.990e-29
 227.591117      4.204  37.169967    12.6762    7.00518      4.169    31.6745    23.8805 -9.990e-29
 227.591123      4.232  37.170459    12.6741    7.00252      4.197    31.6767    23.8826 -9.990e-29
 227.591128      4.255  37.169712    12.6730    7.00755      4.219    31.6769    23.8830 -9.990e-29
 227.591134      4.266  37.168974    12.6744    7.01595      4.230    31.6750    23.8813 -9.990e-29
 227.591140      4.266  37.168942    12.6770    7.01631      4.230    31.6728    23.8791 -9.990e-29
