data/oxygen options/ONMS/Olympic_Coast_National_Marine_Sanctuary_Hypoxia_Survey_CTD_Data_2004_2015/raw_data/2005/CTD_CA30_070705faed.cnv
* Sea-Bird SBE19 Data File:
* FileName = C:\Hypoxia Data\CA30_070705.hex
* Software Version 1.1.6
* Temperature SN = 2997
* Conductivity SN = 2997
* System UpLoad Time = Jul 07 2005 14:57:32
* SEACAT PROFILER V3.1c SN 2997   07/07/05  14:56:55.088
* strain gauge pressure sensor: S/N = 184829,  range = 3000 psia,  tc = 40
# nquan = 9                                 
# nvalues = 505                         
# units = specified
# name 0 = timeJ: Julian Days
# name 1 = prSM: Pressure, Strain Gauge [db]
# name 2 = c0mS/cm: Conductivity [mS/cm]
# name 3 = t090C: Temperature [ITS-90, deg C]
# name 4 = oxML/L: Oxygen, Beckman/YSI [ml/l]
# name 5 = depSM: Depth [salt water, m], lat = 47.5
# name 6 = sal00: Salinity, Practical [PSU]
# name 7 = sigma-é00: Density [sigma-theta, kg/m^3]
# name 8 = flag: flag
# span 0 = 188.595833, 188.598750       
# span 1 =     -1.333,     32.734       
# span 2 =  35.223745,  38.458525       
# span 3 =     9.0134,    14.1139       
# span 4 =   -0.09931,   26.47014       
# span 5 =     -1.322,     32.458       
# span 6 =    30.9715,    32.9727       
# span 7 =    23.0799,    25.5274       
# span 8 = 0.0000e+00, 0.0000e+00       
# interval = seconds: 0.5
# start_time = Jul 07 2005 14:18:00 [Instrument's time stamp, header]
# bad_flag = -9.990e-29
*END*
[from data line 321]
 188.597691      4.187  37.892574    13.4772    8.14838      4.152    31.6842    23.7316 -9.990e-29
 188.597697      4.176  37.890047    13.4727    8.13950      4.141    31.6856    23.7336 -9.990e-29
 188.597703      4.170  37.884330    13.4696    8.11170      4.135    31.6828    23.7321 -9.990e-29
 188.597708      4.173  37.882383    13.4670    8.09988      4.138    31.6832    23.7329 -9.990e-29
 188.597714      4.179  37.881609    13.4619    8.11682      4.144    31.6867    23.7366 -9.990e-29
 188.597720      4.186  37.878173    13.4565    8.12710      4.151    31.6880    23.7387 -9.990e-29
 188.597726      4.189  37.874783    13.4538    8.12771      4.154    31.6871    23.7385 -9.990e-29
 188.597731      4.180  37.873649    13.4539    8.12631      4.145    31.6859    23.7376 -9.990e-29
 188.597737      4.159  37.873817    13.4553    8.13321      4.124    31.6849    23.7365 -9.990e-29
 188.597743      4.138  37.873827    13.4563    8.14330      4.103    31.6841    23.7357 -9.990e-29
 188.597749      4.126  37.873134    13.4564    8.14557      4.092    31.6834    23.7351 -9.990e-29
 188.597755      4.129  37.872497    13.4558    8.13151      4.094    31.6833    23.7352 -9.990e-29
 188.597760      4.142  37.872189    13.4550    8.12391      4.107    31.6837    23.7356 -9.990e-29
 188.597766      4.157  37.871799    13.4541    8.11995      4.122    31.6841    23.7361 -9.990e-29
 188.597772      4.171  37.871369    13.4529    8.12836      4.136    31.6846    23.7368 -9.990e-29
 188.597778      4.180  37.870883    13.4521    8.13623      4.145    31.6848    23.7371 -9.990e-29
 188.597784      4.177  37.870256    13.4527    8.13705      4.142    31.6838    23.7362 -9.990e-29
 188.597789      4.162  37.870332    13.4542    8.13092      4.127    31.6826    23.7350 -9.990e-29
 188.597795      4.145  37.871215    13.4554    8.12888      4.110    31.6824    23.7346 -9.990e-29
 188.597801      4.140  37.871838    13.4557    8.12526      4.105    31.6828    23.7348 -9.990e-29
 188.597807      4.150  37.871910    13.4549    8.12391      4.115    31.6835    23.7355 -9.990e-29
 188.597813      4.171  37.871529    13.4529    8.12897      4.136    31.6848    23.7369 -9.990e-29
 188.597818      4.195  37.870748    13.4513    8.13117      4.160    31.6854    23.7377 -9.990e-29
 188.597824      4.217  37.870206    13.4513    8.13415      4.182    31.6849    23.7373 -9.990e-29
 188.597830      4.234  37.870302    13.4523    8.13328      4.199    31.6841    23.7365 -9.990e-29
 188.597836      4.245  37.870604    13.4532    8.13267      4.210    31.6837    23.7360 -9.990e-29
 188.597841      4.248  37.870953    13.4535    8.12668      4.213    31.6837    23.7360 -9.990e-29
 188.597847      4.243  37.871254    13.4535    8.12172      4.208    31.6840    23.7362 -9.990e-29
 188.597853      4.239  37.871349    13.4528    8.10423      4.204    31.6847    23.7369 -9.990e-29
 188.597859      4.238  37.871365    13.4508    8.09707      4.203    31.6864    23.7385 -9.990e-29
 188.597865      4.242  37.870761    13.4476    8.10047      4.207    31.6884    23.7408 -9.990e-29
 188.597870      4.250  37.869295    13.4446    8.09813      4.214    31.6896    23.7423 -9.990e-29
 188.597876      4.263  37.867815    13.4433    8.09922      4.227    31.6893    23.7423 -9.990e-29
 188.597882      4.277  37.867151    13.4442    8.10957      4.241    31.6879    23.7410 -9.990e-29
 188.597888      4.289  37.867538    13.4461    8.13866      4.253    31.6867    23.7397 -9.990e-29
 188.597894      4.305  37.868369    13.4478    8.13184      4.269    31.6860    23.7389 -9.990e-29
 188.597899      4.333  37.869070    13.4490    8.12376      4.297    31.6857    23.7384 -9.990e-29
 188.597905      4.379  37.869456    13.4487    8.12050      4.342    31.6863    23.7389 -9.990e-29
 188.597911      4.443  37.868921    13.4463    8.08951      4.406    31.6877    23.7405 -9.990e-29
 188.597917      4.524  37.867313    13.4424    8.10361      4.486    31.6894    23.7426 -9.990e-29
 188.597922      4.627  37.865291    13.4378    8.05543      4.588    31.6913    23.7450 -9.990e-29
 188.597928      4.758  37.862964    13.4310    7.95804      4.718    31.6948    23.7490 0.0000e+00
 188.597934      4.923  37.859471    13.4195    7.89558      4.882    31.7010    23.7561 0.0000e+00
 188.597940      5.118  37.851836    13.4025    7.78084      5.075    31.7080    23.7649 0.0000e+00
 188.597946      5.339  37.837546    13.3764    7.64811      5.294    31.7163    23.7765 0.0000e+00
 188.597951      5.578  37.818860    13.3408    7.62280      5.531    31.7284    23.7929 0.0000e+00
 188.597957      5.826  37.799284    13.3083    7.53335      5.777    31.7371    23.8060 0.0000e+00
 188.597963      6.076  37.783563    13.2882    7.47903      6.025    31.7390    23.8115 0.0000e+00
 188.597969      6.332  37.775790    13.2739    7.46025      6.279    31.7436    23.8179 0.0000e+00
 188.597975      6.597  37.772335    13.2561    7.40587      6.542    31.7551    23.8303 0.0000e+00
 188.597980      6.867  37.769162    13.2364    7.36108      6.810    31.7685    23.8446 0.0000e+00
 188.597986      7.137  37.767095    13.2214    7.29598      7.077    31.7790    23.8556 0.0000e+00
 188.597992      7.408  37.765627    13.2089    7.15627      7.346    31.7880    23.8650 0.0000e+00
 188.597998      7.684  37.761687    13.1976    6.94577      7.620    31.7936    23.8716 0.0000e+00
 188.598003      7.974  37.755637    13.1780    6.68495      7.907    31.8042    23.8837 0.0000e+00
 188.598009      8.287  37.744469    13.1103    6.40380      8.218    31.8504    23.9327 0.0000e+00
 188.598015      8.632  37.709375    12.9711    6.20276      8.560    31.9343    24.0248 0.0000e+00
 188.598021      9.008  37.632739    12.7953    6.09581      8.933    32.0104    24.1178 0.0000e+00
 188.598027      9.414  37.525668    12.6427    6.09377      9.335    32.0383    24.1688 0.0000e+00
 188.598032      9.846  37.427084    12.5384    6.15489      9.764    32.0331    24.1847 0.0000e+00
 188.598038     10.292  37.358613    12.4624    6.25107     10.206    32.0324    24.1987 0.0000e+00
 188.598044     10.744  37.305770    12.3859    6.30825     10.654    32.0471    24.2245 0.0000e+00
 188.598050     11.195  37.250806    12.2957    6.29436     11.101    32.0714    24.2604 0.0000e+00
 188.598056     11.635  37.186606    12.2079    6.19485     11.538    32.0849    24.2874 0.0000e+00
 188.598061     12.054  37.125144    12.1611    6.14965     11.953    32.0658    24.2814 0.0000e+00
 188.598067     12.450  37.096054    12.1604    6.07715     12.346    32.0383    24.2602 0.0000e+00
 188.598073     12.829  37.105962    12.1327    6.00621     12.722    32.0714    24.2911 0.0000e+00
 188.598079     13.212  37.094622    12.0112    5.90146     13.101    32.1649    24.3862 0.0000e+00
 188.598084     13.620  37.005999    11.8334    5.72562     13.506    32.2327    24.4717 0.0000e+00
 188.598090     14.055  36.881759    11.6697    5.55763     13.937    32.2540    24.5182 0.0000e+00
 188.598096     14.508  36.781096    11.5398    5.36615     14.386    32.2688    24.5534 0.0000e+00
 188.598102     14.970  36.709948    11.4289    5.19491     14.845    32.2958    24.5944 0.0000e+00
 188.598108     15.435  36.653617    11.3040    5.02310     15.306    32.3498    24.6588 0.0000e+00
 188.598113     15.902  36.591373    11.1184    4.84341     15.769    32.4516    24.7710 0.0000e+00
 188.598119     16.382  36.491806    10.8676    4.66942     16.245    32.5750    24.9113 0.0000e+00
 188.598125     16.877  36.346073    10.6206    4.51538     16.735    32.6500    25.0126 0.0000e+00
 188.598131     17.382  36.202627    10.4389    4.41651     17.236    32.6691    25.0586 0.0000e+00
 188.598137     17.894  36.105656    10.3086    4.33885     17.744    32.6886    25.0960 0.0000e+00
 188.598142     18.415  36.039087    10.1777    4.28518     18.260    32.7393    25.1577 0.0000e+00
 188.598148     18.942  35.964043    10.0243    4.25437     18.783    32.8020    25.2323 0.0000e+00
 188.598154     19.468  35.869603     9.8683    4.24017     19.305    32.8477    25.2939 0.0000e+00
 188.598160     19.993  35.772807     9.7343    4.23957     19.825    32.8711    25.3342 0.0000e+00
 188.598166     20.516  35.688660     9.6328    4.23937     20.344    32.8776    25.3559 0.0000e+00
 188.598171     21.032  35.623802     9.5649    4.23514     20.855    32.8731    25.3634 0.0000e+00
 188.598177     21.536  35.580322     9.5239    4.22153     21.355    32.8658    25.3644 0.0000e+00
 188.598183     22.033  35.554061     9.4968    4.19656     21.848    32.8635    25.3669 0.0000e+00
 188.598189     22.535  35.535791     9.4697    4.15224     22.346    32.8693    25.3759 0.0000e+00
 188.598194     23.046  35.515731     9.4338    4.10665     22.852    32.8814    25.3911 0.0000e+00
 188.598200     23.576  35.489567     9.3929    4.06308     23.378    32.8918    25.4058 0.0000e+00
 188.598206     24.121  35.462785     9.3601    4.03617     23.918    32.8942    25.4129 0.0000e+00
 188.598212     24.680  35.444528     9.3404    3.99932     24.473    32.8932    25.4153 0.0000e+00
 188.598218     25.250  35.435120     9.3276    3.96968     25.038    32.8950    25.4188 0.0000e+00
 188.598223     25.818  35.428747     9.3133    3.94085     25.601    32.9014    25.4260 0.0000e+00
 188.598229     26.380  35.420280     9.2921    3.91713     26.158    32.9119    25.4377 0.0000e+00
 188.598235     26.935  35.406284     9.2633    3.90047     26.708    32.9237    25.4515 0.0000e+00
 188.598241     27.483  35.387166     9.2276    3.88863     27.252    32.9367    25.4673 0.0000e+00
 188.598247     28.013  35.364350     9.1890    3.88384     27.777    32.9485    25.4827 0.0000e+00
 188.598252     28.523  35.339932     9.1532    3.87701     28.283    32.9560    25.4942 0.0000e+00
 188.598258     29.013  35.316674     9.1199    3.87527     28.769    32.9625    25.5046 0.0000e+00
 188.598264     29.491  35.294403     9.0924    3.87752     29.243    32.9646    25.5106 0.0000e+00
 188.598270     29.955  35.276503     9.0744    3.86965     29.703    32.9625    25.5117 0.0000e+00
 188.598275     30.407  35.266017     9.0586    3.86125     30.151    32.9660    25.5170 0.0000e+00
 188.598281     30.849  35.256257     9.0406    3.86412     30.589    32.9724    25.5248 0.0000e+00
 188.598287     31.275  35.243748     9.0260    3.87220     31.012    32.9727    25.5274 0.0000e+00
 188.598293     31.669  35.233680     9.0177    3.87634     31.402    32.9698    25.5263 0.0000e+00
 188.598299     32.018  35.228330     9.0140    3.88527     31.748    32.9675    25.5251 0.0000e+00
 188.598304     32.314  35.225616     9.0134    3.88416     32.042    32.9651    25.5234 0.0000e+00
 188.598310     32.547  35.224168     9.0148    3.88797     32.273    32.9622    25.5209 0.0000e+00
 188.598316     32.692  35.223745     9.0175    3.89241     32.417    32.9592    25.5181 -9.990e-29
 188.598322     32.734  35.225476     9.0241    3.89131     32.458    32.9548    25.5137 -9.990e-29
 188.598328     32.674  35.231118     9.0321    3.90050     32.399    32.9533    25.5112 -9.990e-29
 188.598333     32.523  35.236430     9.0355    3.89451     32.249    32.9557    25.5126 0.0000e+00
 188.598339     32.291  35.236176     9.0382    3.90420     32.019    32.9531    25.5101 0.0000e+00
 188.598345     31.994  35.236198     9.0448    3.91336     31.725    32.9471    25.5044 0.0000e+00
 188.598351     31.647  35.240462     9.0529    3.92064     31.380    32.9442    25.5008 0.0000e+00
 188.598356     31.263  35.245137     9.0598    3.94150     31.000    32.9429    25.4987 0.0000e+00
 188.598362     30.854  35.248625     9.0642    3.94706     30.594    32.9426    25.4978 0.0000e+00
 188.598368     30.430  35.249984     9.0708    3.96294     30.174    32.9381    25.4932 0.0000e+00
 188.598374     29.989  35.252721     9.0885    3.98190     29.737    32.9248    25.4800 0.0000e+00
 188.598380     29.533  35.263303     9.1234    4.00386     29.284    32.9037    25.4580 0.0000e+00
 188.598385     29.066  35.285761     9.1656    4.03593     28.821    32.8882    25.4392 0.0000e+00
 188.598391     28.594  35.312497     9.1987    4.07038     28.353    32.8856    25.4319 0.0000e+00
 188.598397     28.117  35.330965     9.2226    4.08227     27.880    32.8829    25.4260 0.0000e+00
 188.598403     27.629  35.343948     9.2451    4.09276     27.397    32.8758    25.4169 0.0000e+00
 188.598409     27.133  35.357004     9.2692    4.11805     26.905    32.8673    25.4064 0.0000e+00
 188.598414     26.642  35.370176     9.2942    4.14792     26.418    32.8581    25.3953 0.0000e+00
 188.598420     26.161  35.382547     9.3224    4.17170     25.941    32.8452    25.3807 0.0000e+00
 188.598426     25.691  35.397172     9.3513    4.20106     25.475    32.8339    25.3672 0.0000e+00
 188.598432     25.223  35.413388     9.3683    4.19995     25.011    32.8352    25.3655 0.0000e+00
 188.598437     24.748  35.421441     9.3708    4.21262     24.540    32.8414    25.3700 0.0000e+00
 188.598443     24.262  35.421993     9.3664    4.24122     24.058    32.8463    25.3745 0.0000e+00
 188.598449     23.759  35.419722     9.3631    4.26228     23.559    32.8472    25.3757 0.0000e+00
 188.598455     23.239  35.416655     9.3709    4.29176     23.044    32.8371    25.3665 0.0000e+00
 188.598461     22.700  35.420490     9.3928    4.32851     22.509    32.8212    25.3506 0.0000e+00
 188.598466     22.153  35.433549     9.4226    4.37132     21.967    32.8075    25.3351 0.0000e+00
 188.598472     21.617  35.451393     9.4522    4.46559     21.435    32.7990    25.3237 0.0000e+00
 188.598478     21.111  35.470366     9.4749    4.53582     20.934    32.7980    25.3192 0.0000e+00
 188.598484     20.635  35.484952     9.4958    4.59103     20.462    32.7940    25.3128 0.0000e+00
 188.598490     20.177  35.497238     9.5352    4.64431     20.008    32.7708    25.2883 0.0000e+00
 188.598495     19.716  35.523061     9.6242    4.69242     19.551    32.7163    25.2312 0.0000e+00
 188.598501     19.244  35.582848     9.7764    4.78954     19.083    32.6392    25.1462 0.0000e+00
 188.598507     18.770  35.682890     9.9472    4.88244     18.613    32.5867    25.0771 0.0000e+00
 188.598513     18.297  35.790098    10.0802    5.01636     18.143    32.5756    25.0463 0.0000e+00
 188.598519     17.817  35.864693    10.1664    5.19566     17.668    32.5736    25.0304 0.0000e+00
 188.598524     17.321  35.906388    10.2430    5.40761     17.176    32.5471    24.9968 0.0000e+00
 188.598530     16.806  35.945584    10.3575    5.63601     16.665    32.4842    24.9284 0.0000e+00
 188.598536     16.280  36.010455    10.5135    5.84621     16.143    32.4103    24.8442 0.0000e+00
 188.598542     15.750  36.097811    10.7041    5.99555     15.618    32.3286    24.7478 0.0000e+00
 188.598547     15.218  36.200255    10.9415    6.12494     15.090    32.2212    24.6230 0.0000e+00
 188.598553     14.679  36.329389    11.1961    6.22628     14.556    32.1260    24.5040 0.0000e+00
 188.598559     14.142  36.471290    11.4002    6.32524     14.023    32.0877    24.4378 0.0000e+00
 188.598565     13.625  36.585332    11.5122    6.42174     13.511    32.1021    24.4289 0.0000e+00
 188.598571     13.136  36.646454    11.5468    6.51517     13.026    32.1319    24.4458 0.0000e+00
 188.598576     12.666  36.661068    11.5708    6.59078     12.560    32.1256    24.4364 0.0000e+00
 188.598582     12.198  36.672238    11.6481    6.64043     12.096    32.0697    24.3790 0.0000e+00
 188.598588     11.719  36.715615    11.8142    6.65176     11.621    31.9688    24.2703 0.0000e+00
 188.598594     11.221  36.819886    12.0445    6.69834     11.127    31.8723    24.1530 0.0000e+00
 188.598600     10.710  36.981116    12.2417    6.75326     10.620    31.8593    24.1061 0.0000e+00
 188.598605     10.200  37.118815    12.3578    6.82698     10.115    31.8925    24.1101 0.0000e+00
