data/oxygen options/ONMS/Olympic_Coast_National_Marine_Sanctuary_Hypoxia_Survey_CTD_Data_2004_2015/raw_data/2005/CTD_TH80_062205faed.cnv
* Sea-Bird SBE19 Data File:
* FileName = C:\hypoxia CTD data\TH80_062205.hex
* Software Version 1.1.5
* Temperature SN = 2997
* Conductivity SN = 2997
* System UpLoad Time = Jun 22 2005 13:24:02
* SEACAT PROFILER V3.1c SN 2997   06/22/05  13:23:42.690
* strain gauge pressure sensor: S/N = 184829,  range = 3000 psia,  tc = 40
# nquan = 9                                 
# nvalues = 1502                        
# units = specified
# name 0 = timeJ: Julian Days
# name 1 = prSM: Pressure, Strain Gauge [db]
# name 2 = c0mS/cm: Conductivity [mS/cm]
# name 3 = t090C: Temperature [ITS-90, deg C]
# name 4 = oxML/L: Oxygen, Beckman/YSI [ml/l]
# name 5 = depSM: Depth [salt water, m], lat = 47.5
# name 6 = sal00: Salinity, Practical [PSU]
# name 7 = sigma-é00: Density [sigma-theta, kg/m^3]
# name 8 = flag: flag
# span 0 = 173.549294, 173.557980       
# span 1 =     -1.987,     82.839       
# span 2 =   0.260956,  38.635502       
# span 3 =     7.8755,    16.7174       
# span 4 =  -14.34843,   24.59306       
# span 5 =     -1.970,     82.131       
# span 6 =     0.1496,    33.5740       
# span 7 =    -1.0592,    26.1733       
# span 8 = 0.0000e+00, 0.0000e+00       
# interval = seconds: 0.5
# start_time = Jun 22 2005 13:10:59 [Instrument's time stamp, header]
# bad_flag = -9.990e-29
*END*
 173.549294     -1.987 -9.990e-29    16.7174   -0.09579     -1.970 -9.990e-29 -9.990e-29 -9.990e-29
 173.549300     -1.982   0.260956    16.7152   -0.09577     -1.965     0.1496    -1.0592 -9.990e-29
 173.549306     -1.972   0.295579    16.7114   -0.09573     -1.956     0.1697    -1.0431 -9.990e-29
 173.549311     -1.942   0.401297    16.7006   -0.09575     -1.926     0.2316    -0.9935 -9.990e-29
 173.549317     -1.887   0.716297    16.6687   -0.09563     -1.871     0.4209    -0.8422 -9.990e-29
 173.549323     -1.821   1.651340    16.5740   -0.09571     -1.806     1.0083    -0.3741 -9.990e-29
 173.549329     -1.751   4.445942    16.2990   -0.09576     -1.736     2.8917     1.1181 -9.990e-29
 173.549334     -1.670  12.822544    15.8479   -0.09584     -1.656     9.1097     5.9532 -9.990e-29
 173.549340     -1.571  25.444601    15.4656   -0.09587     -1.558    19.3950    13.8890 -9.990e-29
 173.549346     -1.467  34.016497    15.2786   -0.09590     -1.455    26.8330    19.6286 -9.990e-29
 173.549352     -1.367  37.039590    15.2112   -0.09592     -1.356    29.5407    21.7230 -9.990e-29
 173.549358     -1.268  38.088564    15.1931   -0.09589     -1.257    30.4862    22.4539 -9.990e-29
 173.549363     -1.175  38.444744    15.1951   -0.09586     -1.165    30.8019    22.6963 -9.990e-29
 173.549369     -1.092  38.577915    15.2004   -0.09580     -1.083    30.9165    22.7833 -9.990e-29
 173.549375     -1.025  38.623505    15.1932   -0.09582     -1.016    30.9628    22.8205 -9.990e-29
 173.549381     -0.959  38.635502    15.1734   -0.09588     -0.951    30.9891    22.8450 -9.990e-29
 173.549387     -0.878  38.627596    15.1498   -0.09589     -0.871    31.0007    22.8590 -9.990e-29
 173.549392     -0.793  38.616098    15.1318   -0.09592     -0.786    31.0047    22.8658 -9.990e-29
 173.549398     -0.717  38.613645    15.1250   -0.09595     -0.711    31.0078    22.8697 -9.990e-29
 173.549404     -0.645  38.608481    15.1273   -0.09594     -0.640    31.0014    22.8643 -9.990e-29
 173.549410     -0.571  38.586354    15.1315   -0.09595     -0.566    30.9782    22.8456 -9.990e-29
 173.549416     -0.496  38.563122    15.1362   -0.09596     -0.492    30.9537    22.8257 -9.990e-29
 173.549421     -0.427  38.572245    15.1456   -0.09594     -0.423    30.9544    22.8243 -9.990e-29
 173.549427     -0.370  38.602259    15.1524   -0.09587     -0.367    30.9759    22.8393 -9.990e-29
 173.549433     -0.315  38.603935    15.1487   -0.09584     -0.312    30.9803    22.8435 -9.990e-29
 173.549439     -0.255  38.569344    15.1395   -0.09576     -0.253    30.9566    22.8272 -9.990e-29
 173.549444     -0.191  38.538674    15.1307   -0.09572     -0.189    30.9361    22.8134 -9.990e-29
 173.549450     -0.132  38.529294    15.1247   -0.09584     -0.131    30.9325    22.8118 -9.990e-29
 173.549456     -0.089  38.525259    15.1215   -0.09585     -0.088    30.9314    22.8117 -9.990e-29
 173.549462     -0.070  38.517753    15.1203   -0.09584     -0.069    30.9256    22.8075 -9.990e-29
 173.549468     -0.065  38.510718    15.1221   -0.09585     -0.064    30.9179    22.8012 -9.990e-29
 173.549473     -0.061  38.504803    15.1288   -0.09589     -0.060    30.9073    22.7916 -9.990e-29
 173.549479     -0.048  38.504951    15.1392   -0.09590     -0.048    30.8993    22.7832 -9.990e-29
 173.549485     -0.026  38.525877    15.1533   -0.09591     -0.026    30.9068    22.7860 -9.990e-29
 173.549491     -0.006  38.565128    15.1714   -0.09591     -0.006    30.9276    22.7981 -9.990e-29
 173.549497      0.009  38.596445    15.1802   -0.09592      0.009    30.9486    22.8123 -9.990e-29
 173.549502      0.027  38.600382    15.1704   -0.09594      0.027    30.9598    22.8231 -9.990e-29
 173.549508      0.055  38.582124    15.1552   -0.09588      0.055    30.9555    22.8230 -9.990e-29
 173.549514      0.091  38.572228    15.1466   -0.09587      0.090    30.9534    22.8233 -9.990e-29
 173.549520      0.127  38.587717    15.1432   -0.09580      0.126    30.9700    22.8367 -9.990e-29
 173.549525      0.162  38.600370    15.1410   -0.09585      0.161    30.9830    22.8472 -9.990e-29
 173.549531      0.193  38.586043    15.1382   -0.09590      0.191    30.9724    22.8397 -9.990e-29
 173.549537      0.220  38.559218    15.1355   -0.09592      0.218    30.9505    22.8234 -9.990e-29
 173.549543      0.242  38.541271    15.1333   -0.09589      0.240    30.9362    22.8129 -9.990e-29
 173.549549      0.258  38.535126    15.1309   -0.09587      0.256    30.9326    22.8106 -9.990e-29
 173.549554      0.269  38.532519    15.1292   -0.09570      0.267    30.9317    22.8102 -9.990e-29
 173.549560      0.278  38.533269    15.1313   -0.09573      0.276    30.9307    22.8090 -9.990e-29
 173.549566      0.284  38.552330    15.1405   -0.09590      0.282    30.9404    22.8146 -9.990e-29
 173.549572      0.281  38.585319    15.1529   -0.09595      0.279    30.9601    22.8271 -9.990e-29
 173.549578      0.270  38.599311    15.1566   -0.09591      0.268    30.9697    22.8336 -9.990e-29
 173.549583      0.258  38.576437    15.1503   -0.09590      0.256    30.9542    22.8231 -9.990e-29
 173.549589      0.262  38.536054    15.1440   -0.09577      0.260    30.9231    22.8005 -9.990e-29
 173.549595      0.286  38.515116    15.1456   -0.09578      0.284    30.9032    22.7848 -9.990e-29
 173.549601      0.319  38.528260    15.1620   -0.09588      0.316    30.9020    22.7804 -9.990e-29
 173.549606      0.347  38.558726    15.1846   -0.09588      0.344    30.9113    22.7828 -9.990e-29
 173.549612      0.361  38.579758    15.1855   -0.09588      0.358    30.9294    22.7964 -9.990e-29
 173.549618      0.368  38.575022    15.1632   -0.09586      0.365    30.9427    22.8115 -9.990e-29
 173.549624      0.377  38.546555    15.1430   -0.09585      0.374    30.9333    22.8085 -9.990e-29
 173.549630      0.391  38.517474    15.1367   -0.09585      0.388    30.9122    22.7937 -9.990e-29
 173.549635      0.409  38.517917    15.1467   -0.09578      0.406    30.9047    22.7858 -9.990e-29
 173.549641      0.426  38.543915    15.1647   -0.09567      0.422    30.9138    22.7889 -9.990e-29
 173.549647      0.444  38.564997    15.1684   -0.09573      0.440    30.9296    22.8003 -9.990e-29
 173.549653      0.464  38.570503    15.1549   -0.09588      0.460    30.9452    22.8152 -9.990e-29
 173.549659      0.487  38.568836    15.1420   -0.09595      0.483    30.9539    22.8246 -9.990e-29
 173.549664      0.516  38.573410    15.1383   -0.09593      0.512    30.9609    22.8308 -9.990e-29
 173.549670      0.546  38.589126    15.1417   -0.09589      0.541    30.9722    22.8388 -9.990e-29
 173.549676      0.572  38.602652    15.1481   -0.09578      0.567    30.9793    22.8428 -9.990e-29
 173.549682      0.586  38.607834    15.1599   -0.09584      0.581    30.9746    22.8367 -9.990e-29
 173.549688      0.586  38.612074    15.1812   -0.09592      0.581    30.9615    22.8221 -9.990e-29
 173.549693      0.575  38.615911    15.1989   -0.09590      0.570    30.9510    22.8102 -9.990e-29
 173.549699      0.562  38.612051    15.1935   -0.09586      0.557    30.9518    22.8120 -9.990e-29
 173.549705      0.555  38.592482    15.1699   -0.09584      0.550    30.9530    22.8179 -9.990e-29
 173.549711      0.560  38.555168    15.1487   -0.09580      0.555    30.9364    22.8097 -9.990e-29
 173.549716      0.584  38.517596    15.1416   -0.09581      0.579    30.9084    22.7897 -9.990e-29
 173.549722      0.614  38.508123    15.1511   -0.09571      0.609    30.8925    22.7754 -9.990e-29
 173.549728      0.631  38.528065    15.1652   -0.09561      0.626    30.8991    22.7776 -9.990e-29
 173.549734      0.632  38.545044    15.1645   -0.09560      0.627    30.9148    22.7898 -9.990e-29
 173.549740      0.629  38.538444    15.1525   -0.09582      0.624    30.9184    22.7951 -9.990e-29
 173.549745      0.637  38.521838    15.1451   -0.09590      0.632    30.9094    22.7898 -9.990e-29
 173.549751      0.654  38.521254    15.1487   -0.09591      0.649    30.9061    22.7864 -9.990e-29
 173.549757      0.678  38.541450    15.1620   12.83589      0.672    30.9136    22.7894 -9.990e-29
 173.549763      0.706  38.561607    15.1766   23.03944      0.700    30.9201    22.7912 -9.990e-29
 173.549769      0.726  38.570951    15.1922   24.59306      0.720    30.9161    22.7848 -9.990e-29
 173.549774      0.733  38.577946    15.2164   21.80598      0.727    30.9032    22.7698 -9.990e-29
 173.549780      0.730  38.588489    15.2385   14.48168      0.724    30.8952    22.7589 -9.990e-29
 173.549786      0.726  38.595255    15.2334   11.23518      0.720    30.9053    22.7677 -9.990e-29
 173.549792      0.729  38.588692    15.2001   11.27525      0.723    30.9257    22.7905 -9.990e-29
 173.549797      0.743  38.565034    15.1656   11.26457      0.737    30.9318    22.8026 -9.990e-29
 173.549803      0.766  38.535860    15.1470   11.28988      0.760    30.9204    22.7978 -9.990e-29
 173.549809      0.789  38.518286    15.1382   11.31602      0.782    30.9116    22.7929 -9.990e-29
 173.549815      0.807  38.493851    15.1308   11.33933      0.800    30.8957    22.7822 -9.990e-29
 173.549821      0.820  38.452339    15.1257   11.35846      0.813    30.8626    22.7579 -9.990e-29
 173.549826      0.832  38.423031    15.1241   11.37839      0.825    30.8377    22.7390 -9.990e-29
 173.549832      0.846  38.413335    15.1245   11.39603      0.839    30.8287    22.7321 -9.990e-29
 173.549838      0.866  38.410814    15.1263   11.41390      0.859    30.8250    22.7288 -9.990e-29
 173.549844      0.894  38.411478    15.1290   11.42386      0.887    30.8235    22.7271 -9.990e-29
 173.549850      0.922  38.413339    15.1312   10.77679      0.914    30.8234    22.7265 -9.990e-29
 173.549855      0.948  38.414324    15.1317    7.78805      0.940    30.8239    22.7268 -9.990e-29
 173.549861      0.974  38.413995    15.1311    5.76258      0.966    30.8240    22.7271 -9.990e-29
 173.549867      0.998  38.412967    15.1305    4.89654      0.990    30.8236    22.7268 -9.990e-29
 173.549873      1.011  38.412045    15.1308    5.22516      1.003    30.8225    22.7260 -9.990e-29
 173.549878      1.016  38.412172    15.1316    6.41580      1.008    30.8220    22.7254 -9.990e-29
 173.549884      1.020  38.412890    15.1321    6.93828      1.011    30.8223    22.7255 -9.990e-29
 173.549890      1.029  38.413405    15.1325    7.17828      1.020    30.8224    22.7255 -9.990e-29
 173.549896      1.043  38.413775    15.1333    7.32408      1.034    30.8221    22.7251 -9.990e-29
 173.549902      1.063  38.414425    15.1348    7.41190      1.054    30.8215    22.7243 -9.990e-29
 173.549907      1.085  38.415591    15.1369    7.45336      1.076    30.8209    22.7234 -9.990e-29
 173.549913      1.099  38.417077    15.1388    7.46017      1.090    30.8207    22.7228 -9.990e-29
 173.549919      1.101  38.418552    15.1405    7.46618      1.092    30.8207    22.7225 -9.990e-29
 173.549925      1.104  38.419671    15.1418    7.47281      1.095    30.8206    22.7222 -9.990e-29
 173.549931      1.116  38.420173    15.1428    7.48244      1.107    30.8203    22.7217 -9.990e-29
 173.549936      1.140  38.420663    15.1438    7.47499      1.130    30.8199    22.7212 -9.990e-29
 173.549942      1.170  38.421723    15.1450    7.47358      1.160    30.8199    22.7209 -9.990e-29
 173.549948      1.198  38.423016    15.1459    7.47304      1.188    30.8204    22.7211 -9.990e-29
 173.549954      1.216  38.423954    15.1463    7.46835      1.206    30.8209    22.7214 -9.990e-29
 173.549959      1.225  38.424036    15.1463    7.47078      1.215    30.8210    22.7215 -9.990e-29
 173.549965      1.227  38.423864    15.1466    7.46701      1.217    30.8206    22.7211 -9.990e-29
 173.549971      1.224  38.424260    15.1474    7.46188      1.214    30.8203    22.7207 -9.990e-29
 173.549977      1.226  38.424564    15.1479    7.44720      1.216    30.8202    22.7205 -9.990e-29
 173.549983      1.241  38.423990    15.1478    7.43254      1.231    30.8197    22.7202 -9.990e-29
 173.549988      1.270  38.423390    15.1478    7.44089      1.259    30.8192    22.7198 -9.990e-29
 173.549994      1.302  38.423577    15.1478    7.44824      1.291    30.8193    22.7199 -9.990e-29
 173.550000      1.327  38.423608    15.1484    7.45510      1.316    30.8189    22.7194 -9.990e-29
 173.550006      1.342  38.423456    15.1504    7.45312      1.331    30.8172    22.7177 -9.990e-29
 173.550012      1.348  38.423972    15.1527    7.44412      1.337    30.8158    22.7161 -9.990e-29
 173.550017      1.349  38.424850    15.1535    7.44231      1.338    30.8160    22.7161 -9.990e-29
 173.550023      1.349  38.425555    15.1518    7.43287      1.338    30.8179    22.7180 -9.990e-29
 173.550029      1.349  38.425544    15.1490    7.42218      1.338    30.8201    22.7203 -9.990e-29
 173.550035      1.353  38.423719    15.1465    7.42527      1.342    30.8205    22.7210 -9.990e-29
 173.550041      1.358  38.420690    15.1451    7.41442      1.347    30.8189    22.7201 -9.990e-29
 173.550046      1.354  38.419200    15.1444    7.41492      1.343    30.8181    22.7197 -9.990e-29
 173.550052      1.350  38.418997    15.1431    7.40953      1.339    30.8189    22.7206 -9.990e-29
 173.550058      1.350  38.417621    15.1413    7.40336      1.339    30.8191    22.7211 -9.990e-29
 173.550064      1.349  38.415533    15.1398    7.40820      1.338    30.8184    22.7209 -9.990e-29
 173.550069      1.353  38.413928    15.1390    7.40967      1.342    30.8176    22.7205 -9.990e-29
 173.550075      1.361  38.412960    15.1391    7.40472      1.350    30.8167    22.7197 -9.990e-29
 173.550081      1.365  38.413075    15.1398    7.40157      1.354    30.8162    22.7192 -9.990e-29
 173.550087      1.365  38.413916    15.1409    7.40440      1.354    30.8161    22.7189 -9.990e-29
 173.550093      1.371  38.414974    15.1422    7.38932      1.360    30.8160    22.7186 -9.990e-29
 173.550098      1.382  38.416030    15.1436    7.38593      1.370    30.8159    22.7181 -9.990e-29
 173.550104      1.391  38.416864    15.1450    7.38442      1.379    30.8155    22.7176 -9.990e-29
 173.550110      1.397  38.417517    15.1457    7.37972      1.385    30.8155    22.7174 -9.990e-29
 173.550116      1.406  38.417790    15.1455    7.39636      1.394    30.8159    22.7178 -9.990e-29
 173.550122      1.415  38.417539    15.1453    7.39327      1.403    30.8159    22.7178 -9.990e-29
 173.550127      1.423  38.417043    15.1451    7.37227      1.411    30.8156    22.7176 -9.990e-29
 173.550133      1.435  38.416814    15.1452    7.36626      1.423    30.8153    22.7173 -9.990e-29
 173.550139      1.453  38.417159    15.1454    7.36828      1.441    30.8154    22.7174 -9.990e-29
 173.550145      1.477  38.417470    15.1452    7.37544      1.465    30.8159    22.7178 -9.990e-29
 173.550150      1.505  38.417093    15.1451    7.37957      1.492    30.8156    22.7176 -9.990e-29
 173.550156      1.529  38.416699    15.1456    7.36555      1.516    30.8148    22.7169 -9.990e-29
 173.550162      1.543  38.416936    15.1472    7.36035      1.530    30.8138    22.7158 -9.990e-29
 173.550168      1.548  38.418171    15.1499    7.37574      1.535    30.8128    22.7144 -9.990e-29
 173.550174      1.553  38.420422    15.1524    7.37195      1.540    30.8128    22.7139 -9.990e-29
 173.550179      1.557  38.422256    15.1536    7.37216      1.544    30.8135    22.7142 -9.990e-29
 173.550185      1.557  38.422805    15.1540    7.35566      1.544    30.8137    22.7142 -9.990e-29
 173.550191      1.558  38.422853    15.1543    7.34421      1.545    30.8135    22.7140 -9.990e-29
 173.550197      1.563  38.423080    15.1544    7.35987      1.550    30.8136    22.7141 -9.990e-29
 173.550203      1.568  38.423279    15.1542    7.35706      1.555    30.8139    22.7144 -9.990e-29
 173.550208      1.566  38.423206    15.1543    7.36057      1.553    30.8138    22.7143 -9.990e-29
 173.550214      1.556  38.423378    15.1549    7.34715      1.543    30.8135    22.7139 -9.990e-29
