data/oxygen options/ONMS/Olympic_Coast_National_Marine_Sanctuary_Hypoxia_Survey_CTD_Data_2004_2015/raw_data/2005/CTD_CA40_070705faed.cnv
* Sea-Bird SBE19 Data File:
* FileName = C:\Hypoxia Data\CA40_070705.hex
* Software Version 1.1.6
* Temperature SN = 2997
* Conductivity SN = 2997
* System UpLoad Time = Jul 07 2005 14:56:20
* SEACAT PROFILER V3.1c SN 2997   07/07/05  14:55:01.344
* strain gauge pressure sensor: S/N = 184829,  range = 3000 psia,  tc = 40
# nquan = 9                                 
# nvalues = 553                         
# units = specified
# name 0 = timeJ: Julian Days
# name 1 = prSM: Pressure, Strain Gauge [db]
# name 2 = c0mS/cm: Conductivity [mS/cm]
# name 3 = t090C: Temperature [ITS-90, deg C]
# name 4 = oxML/L: Oxygen, Beckman/YSI [ml/l]
# name 5 = depSM: Depth [salt water, m], lat = 47.5
# name 6 = sal00: Salinity, Practical [PSU]
# name 7 = sigma-é00: Density [sigma-theta, kg/m^3]
# name 8 = flag: flag
# span 0 = 188.590833, 188.594028       
# span 1 =     -2.845,     42.004       
# span 2 =   3.134904,  38.474109       
# span 3 =     8.8339,    14.6842       
# span 4 =   -0.10015,   25.60179       
# span 5 =     -2.821,     41.649       
# span 6 =     2.1664,    32.9992       
# span 7 =     1.0541,    25.5764       
# span 8 = 0.0000e+00, 0.0000e+00       
# interval = seconds: 0.5
# start_time = Jul 07 2005 14:10:48 [Instrument's time stamp, header]
# bad_flag = -9.990e-29
*END*
 188.590833     -2.845 -9.990e-29    14.6842   -0.09956     -2.821 -9.990e-29 -9.990e-29 -9.990e-29
 188.590839     -2.774   4.172044    14.4113   -0.09956     -2.751     2.8338     1.3778 -9.990e-29
 188.590845     -2.671  11.086643    14.0755   -0.09962     -2.649     8.1436     5.5120 -9.990e-29
 188.590851     -2.534  22.265685    13.8317   -0.09967     -2.513    17.4736    12.7178 -9.990e-29
 188.590856     -2.379  31.205535    13.6874   -0.09960     -2.359    25.4120    18.8513 -9.990e-29
 188.590862     -2.231  35.281150    13.5903   -0.09962     -2.212    29.1834    21.7779 -9.990e-29
 188.590868     -2.105  36.936030    13.5230   -0.09962     -2.087    30.7614    23.0094 -9.990e-29
 188.590874     -2.004  37.664049    13.4735   -0.09970     -1.987    31.4771    23.5721 -9.990e-29
 188.590880     -1.919  37.932789    13.4443   -0.09982     -1.903    31.7514    23.7899 -9.990e-29
 188.590885     -1.850  38.003177    13.4323   -0.09990     -1.835    31.8269    23.8507 -9.990e-29
 188.590891     -1.797  38.024619    13.4230   -0.09984     -1.782    31.8547    23.8740 -9.990e-29
 188.590897     -1.752  38.029665    13.4094   -0.09978     -1.737    31.8707    23.8891 -9.990e-29
 188.590903     -1.704  38.025078    13.3935   -0.09970     -1.690    31.8797    23.8992 -9.990e-29
 188.590909     -1.650  38.023292    13.3814   -0.09976     -1.636    31.8881    23.9082 -9.990e-29
 188.590914     -1.599  38.052248    13.3759   -0.09991     -1.586    31.9198    23.9337 -9.990e-29
 188.590920     -1.561  38.100104    13.3699   -0.09996     -1.548    31.9695    23.9733 -9.990e-29
 188.590926     -1.537  38.112353    13.3545   -0.09990     -1.524    31.9938    23.9952 -9.990e-29
 188.590932     -1.518  38.082367    13.3333   -0.09988     -1.505    31.9836    23.9915 -9.990e-29
 188.590938     -1.489  38.034704    13.3170   -0.09986     -1.477    31.9527    23.9709 -9.990e-29
 188.590943     -1.449  37.989986    13.3106   -0.09995     -1.437    31.9163    23.9439 -9.990e-29
 188.590949     -1.403  37.981167    13.3143   -0.10006     -1.391    31.9049    23.9344 -9.990e-29
 188.590955     -1.362  38.020078    13.3208   -0.10005     -1.351    31.9358    23.9570 -9.990e-29
 188.590961     -1.335  38.064965    13.3133   -0.10005     -1.324    31.9841    23.9958 -9.990e-29
 188.590966     -1.321  38.068585    13.2910   -0.09994     -1.310    32.0062    24.0174 -9.990e-29
 188.590972     -1.311  38.037488    13.2704   -0.09994     -1.300    31.9944    24.0123 -9.990e-29
 188.590978     -1.296  38.010458    13.2600   -0.10006     -1.285    31.9778    24.0016 -9.990e-29
 188.590984     -1.273  38.019913    13.2602   -0.10010     -1.262    31.9865    24.0082 -9.990e-29
 188.590990     -1.251  38.057179    13.2636   -0.10009     -1.241    32.0185    24.0323 -9.990e-29
 188.590995     -1.228  38.067652    13.2555   -0.10008     -1.218    32.0352    24.0468 -9.990e-29
 188.591001     -1.195  38.027195    13.2339   -0.10006     -1.185    32.0154    24.0358 -9.990e-29
 188.591007     -1.148  37.977255    13.2142   -0.10007     -1.138    31.9852    24.0163 -9.990e-29
 188.591013     -1.098  37.972433    13.2130   -0.10009     -1.089    31.9817    24.0138 -9.990e-29
 188.591019     -1.059  38.011378    13.2276   -0.10013     -1.050    32.0059    24.0296 -9.990e-29
 188.591024     -1.037  38.039480    13.2348   -0.10013     -1.028    32.0261    24.0439 -9.990e-29
 188.591030     -1.022  38.029180    13.2260   -0.10012     -1.013    32.0239    24.0439 -9.990e-29
 188.591036     -1.003  37.994835    13.2154   -0.10014     -0.995    32.0006    24.0280 -9.990e-29
 188.591042     -0.981  37.957997    13.2116   -0.10015     -0.973    31.9693    24.0045 -9.990e-29
 188.591047     -0.950  37.934644    13.2109   -0.10013     -0.942    31.9479    23.9881 -9.990e-29
 188.591053     -0.907  37.928447    13.2092   -0.10009     -0.899    31.9435    23.9851 -9.990e-29
 188.591059     -0.863  37.939034    13.2067   -0.10007     -0.856    31.9556    23.9949 -9.990e-29
 188.591065     -0.823  37.954757    13.2031   -0.10005     -0.816    31.9733    24.0093 -9.990e-29
 188.591071     -0.780  37.953988    13.1972   -0.10006     -0.773    31.9775    24.0137 -9.990e-29
 188.591076     -0.732  37.939105    13.1921   -0.10008     -0.726    31.9678    24.0073 -9.990e-29
 188.591082     -0.684  37.931804    13.1909   -0.10010     -0.678    31.9620    24.0030 -9.990e-29
 188.591088     -0.642  37.936968    13.1928   -0.10003     -0.637    31.9652    24.0051 -9.990e-29
 188.591094     -0.607  37.935158    13.1960   -0.09999     -0.602    31.9608    24.0011 -9.990e-29
 188.591100     -0.573  37.918386    13.1990   -0.09998     -0.568    31.9426    23.9863 -9.990e-29
 188.591105     -0.538  37.908077    13.2012   -0.09992     -0.534    31.9310    23.9770 -9.990e-29
 188.591111     -0.508  37.923613    13.2035   -0.09993     -0.504    31.9436    23.9863 -9.990e-29
 188.591117     -0.485  37.955459    13.2061   -0.09988     -0.481    31.9713    24.0072 -9.990e-29
 188.591123     -0.468  37.981053    13.2089   -0.09982     -0.464    31.9929    24.0234 -9.990e-29
 188.591128     -0.456  37.989686    13.2123   -0.09980     -0.452    31.9982    24.0267 -9.990e-29
 188.591134     -0.444  37.979444    13.2171   -0.09971     -0.440    31.9845    24.0152 -9.990e-29
 188.591140     -0.427  37.960266    13.2238   -0.09967     -0.423    31.9609    23.9956 -9.990e-29
 188.591146     -0.407  37.958781    13.2330   -0.09959     -0.404    31.9518    23.9868 -9.990e-29
 188.591152     -0.388  37.984264    13.2470   -0.09958     -0.385    31.9639    23.9934 -9.990e-29
 188.591157     -0.370  38.009035    13.2641   -0.09960     -0.367    31.9727    23.9968 -9.990e-29
 188.591163     -0.350  38.012316    13.2795   -0.09964     -0.347    31.9628    23.9861 -9.990e-29
 188.591169     -0.327  38.003008    13.2943   -0.09959     -0.324    31.9417    23.9668 -9.990e-29
 188.591175     -0.300  38.000150    13.3112   -0.09954     -0.297    31.9248    23.9505 -9.990e-29
 188.591181     -0.271  38.013992    13.3337   -0.09955     -0.269    31.9189    23.9414 -9.990e-29
 188.591186     -0.248  38.032742    13.3626   -0.09957     -0.246    31.9122    23.9305 -9.990e-29
 188.591192     -0.232  38.038812    13.3894   -0.09958     -0.230    31.8954    23.9122 -9.990e-29
 188.591198     -0.219  38.031922    13.4076   -0.09956     -0.217    31.8737    23.8918 -9.990e-29
 188.591204     -0.200  38.028730    13.4164   -0.09936     -0.198    31.8634    23.8821 -9.990e-29
 188.591209     -0.172  38.037920    13.4189   -0.09917     -0.171    31.8699    23.8866 -9.990e-29
 188.591215     -0.143  38.044305    13.4216   -0.09903     -0.142    31.8735    23.8889 -9.990e-29
 188.591221     -0.115  38.037365    13.4290   -0.09912     -0.114    31.8609    23.8776 -9.990e-29
 188.591227     -0.087  38.029758    13.4362   -0.09921     -0.086    31.8478    23.8661 -9.990e-29
 188.591233     -0.057  38.034934    13.4382   -0.09913     -0.057    31.8509    23.8681 -9.990e-29
 188.591238     -0.026  38.048057    13.4392   -0.09896     -0.026    31.8623    23.8767 -9.990e-29
 188.591244     -0.002  38.057494    13.4499   -0.09882     -0.002    31.8621    23.8745 -9.990e-29
 188.591250      0.013  38.059601    13.4840   -0.09879      0.013    31.8356    23.8472 -9.990e-29
 188.591256      0.023  38.053856    13.5442   -0.09884      0.023    31.7801    23.7923 -9.990e-29
 188.591262      0.039  38.042172    13.6078   -0.09895      0.039    31.7165    23.7303 -9.990e-29
 188.591267      0.061  38.035373    13.6448   -0.09895      0.060    31.6795    23.6944 -9.990e-29
 188.591273      0.081  38.042391    13.6488   -0.09886      0.080    31.6827    23.6960 -9.990e-29
 188.591279      0.098  38.054688    13.6486   14.68530      0.097    31.6942    23.7050 -9.990e-29
 188.591285      0.111  38.058976    13.6738   24.25117      0.110    31.6773    23.6869 -9.990e-29
 188.591291      0.127  38.058204    13.7205   25.60179      0.126    31.6380    23.6471 -9.990e-29
 188.591296      0.150  38.062593    13.7629   22.40466      0.149    31.6071    23.6147 -9.990e-29
 188.591302      0.178  38.070745    13.7803   14.48565      0.177    31.6003    23.6059 -9.990e-29
 188.591308      0.203  38.076752    13.7720   11.66677      0.201    31.6127    23.6171 -9.990e-29
 188.591314      0.220  38.080816    13.7572   11.71047      0.218    31.6286    23.6324 -9.990e-29
 188.591319      0.228  38.083909    13.7598   11.69540      0.226    31.6293    23.6325 -9.990e-29
 188.591325      0.238  38.089066    13.7876   11.70416      0.236    31.6112    23.6128 -9.990e-29
 188.591331      0.253  38.106560    13.8335   11.71859      0.251    31.5895    23.5868 -9.990e-29
 188.591337      0.271  38.158071    13.8797   11.72911      0.269    31.5990    23.5848 -9.990e-29
 188.591343      0.285  38.232677    13.9061   11.75711      0.283    31.6460    23.6157 -9.990e-29
 188.591348      0.290  38.280705    13.9121   11.81398      0.288    31.6853    23.6448 -9.990e-29
 188.591354      0.292  38.293325    13.9072   11.85580      0.290    31.7010    23.6579 -9.990e-29
 188.591360      0.298  38.292456    13.8916   11.86095      0.296    31.7130    23.6704 -9.990e-29
 188.591366      0.315  38.284829    13.8688   11.83553      0.312    31.7248    23.6841 -9.990e-29
 188.591372      0.342  38.270405    13.8550   11.82556      0.339    31.7229    23.6855 -9.990e-29
 188.591377      0.377  38.258032    13.8538   11.69540      0.374    31.7125    23.6776 -9.990e-29
 188.591383      0.410  38.254802    13.8534    9.07521      0.407    31.7098    23.6757 -9.990e-29
 188.591389      0.431  38.253074    13.8416    6.77391      0.427    31.7180    23.6844 -9.990e-29
 188.591395      0.439  38.242731    13.7989    5.72228      0.435    31.7437    23.7129 -9.990e-29
 188.591400      0.445  38.204974    13.7229    5.77203      0.441    31.7717    23.7499 -9.990e-29
 188.591406      0.453  38.138292    13.6582    6.95081      0.449    31.7636    23.7567 -9.990e-29
 188.591412      0.463  38.086735    13.6541    7.64356      0.459    31.7192    23.7232 -9.990e-29
 188.591418      0.476  38.091508    13.7079    7.91144      0.472    31.6791    23.6814 -9.990e-29
 188.591424      0.494  38.143291    13.7876    8.07238      0.490    31.6612    23.6514 -9.990e-29
 188.591429      0.517  38.212452    13.8591    8.15359      0.513    31.6660    23.6407 -9.990e-29
 188.591435      0.542  38.269548    13.8860    8.18300      0.537    31.6965    23.6587 -9.990e-29
 188.591441      0.562  38.282511    13.8871    8.18159      0.557    31.7075    23.6670 -9.990e-29
 188.591447      0.579  38.275970    13.8990    8.17158      0.574    31.6916    23.6524 -9.990e-29
 188.591453      0.603  38.286675    13.9094    8.13096      0.598    31.6929    23.6513 -9.990e-29
 188.591458      0.634  38.294158    13.9080    8.09813      0.629    31.7009    23.6577 -9.990e-29
 188.591464      0.662  38.288243    13.8995    8.09638      0.656    31.7025    23.6607 -9.990e-29
 188.591470      0.676  38.280153    13.8840    8.11669      0.670    31.7078    23.6679 -9.990e-29
 188.591476      0.677  38.267552    13.8643    8.16721      0.671    31.7125    23.6755 -9.990e-29
 188.591481      0.673  38.250501    13.8422    8.21568      0.667    31.7150    23.6820 -9.990e-29
 188.591487      0.673  38.232101    13.8215    8.23590      0.667    31.7151    23.6862 -9.990e-29
 188.591493      0.681  38.216455    13.8176    8.24952      0.675    31.7039    23.6784 -9.990e-29
 188.591499      0.693  38.215827    13.8490    8.23041      0.687    31.6774    23.6515 -9.990e-29
 188.591505      0.706  38.240069    13.9101    8.19371      0.700    31.6494    23.6175 -9.990e-29
 188.591510      0.721  38.283397    13.9664    8.14867      0.715    31.6429    23.6010 -9.990e-29
 188.591516      0.738  38.329031    13.9912    8.10576      0.732    31.6645    23.6126 -9.990e-29
 188.591522      0.759  38.354855    13.9927    8.07300      0.753    31.6870    23.6297 -9.990e-29
 188.591528      0.784  38.355530    13.9861    8.06710      0.777    31.6930    23.6357 -9.990e-29
 188.591534      0.816  38.346580    13.9680    8.05959      0.809    31.6997    23.6445 -9.990e-29
 188.591539      0.848  38.331250    13.9420    8.07645      0.841    31.7070    23.6555 -9.990e-29
 188.591545      0.869  38.313816    13.9155    8.10812      0.862    31.7128    23.6654 -9.990e-29
 188.591551      0.881  38.297988    13.8895    8.12217      0.874    31.7197    23.6760 -9.990e-29
 188.591557      0.888  38.280263    13.8686    8.10524      0.881    31.7206    23.6809 -9.990e-29
 188.591563      0.891  38.264510    13.8604    8.07902      0.884    31.7128    23.6766 -9.990e-29
 188.591568      0.895  38.259647    13.8714    8.07117      0.888    31.6992    23.6639 -9.990e-29
 188.591574      0.907  38.270977    13.8919    8.07178      0.899    31.6928    23.6547 -9.990e-29
 188.591580      0.935  38.284072    13.9035    8.09052      0.927    31.6952    23.6543 -9.990e-29
 188.591586      0.969  38.286676    13.9038    8.09089      0.961    31.6974    23.6559 -9.990e-29
 188.591591      0.997  38.283395    13.9035    8.09445      0.989    31.6946    23.6538 -9.990e-29
 188.591597      1.010  38.281078    13.9104    8.09765      1.002    31.6868    23.6463 -9.990e-29
 188.591603      1.014  38.286173    13.9201    8.07464      1.006    31.6835    23.6418 -9.990e-29
 188.591609      1.018  38.294822    13.9282    8.05884      1.010    31.6848    23.6411 -9.990e-29
 188.591615      1.026  38.301739    13.9338    8.06348      1.017    31.6865    23.6414 -9.990e-29
 188.591620      1.040  38.306060    13.9323    8.06867      1.031    31.6917    23.6457 -9.990e-29
 188.591626      1.058  38.304580    13.9242    8.07700      1.049    31.6970    23.6514 -9.990e-29
 188.591632      1.080  38.299257    13.9165    8.06642      1.071    31.6985    23.6541 -9.990e-29
 188.591638      1.096  38.294216    13.9194    8.05961      1.087    31.6914    23.6481 -9.990e-29
 188.591644      1.105  38.297323    13.9317    8.04679      1.096    31.6841    23.6400 -9.990e-29
 188.591649      1.111  38.307115    13.9382    8.02456      1.102    31.6878    23.6415 -9.990e-29
 188.591655      1.123  38.308050    13.9359    8.00690      1.114    31.6905    23.6441 -9.990e-29
 188.591661      1.141  38.302507    13.9296    7.99782      1.131    31.6906    23.6454 -9.990e-29
 188.591667      1.159  38.297122    13.9187    7.99465      1.149    31.6947    23.6507 -9.990e-29
 188.591672      1.173  38.288087    13.9037    8.01148      1.163    31.6987    23.6569 -9.990e-29
 188.591678      1.183  38.277940    13.8811    8.03062      1.173    31.7080    23.6687 -9.990e-29
 188.591684      1.192  38.259887    13.8522    8.02041      1.182    31.7152    23.6801 -9.990e-29
 188.591690      1.199  38.235659    13.8310    8.01414      1.189    31.7103    23.6806 -9.990e-29
 188.591696      1.205  38.221752    13.8256    8.02239      1.195    31.7020    23.6753 -9.990e-29
 188.591701      1.214  38.220373    13.8303    8.04871      1.204    31.6968    23.6703 -9.990e-29
 188.591707      1.232  38.228002    13.8265    8.06583      1.222    31.7070    23.6790 -9.990e-29
 188.591713      1.254  38.225090    13.8029    8.02608      1.244    31.7238    23.6967 -9.990e-29
 188.591719      1.274  38.197669    13.7834    7.98051      1.263    31.7146    23.6936 -9.990e-29
 188.591725      1.286  38.179851    13.7913    7.99433      1.275    31.6916    23.6742 -9.990e-29
 188.591730      1.288  38.194430    13.8052    8.02799      1.277    31.6936    23.6729 -9.990e-29
 188.591736      1.291  38.209244    13.7930    8.03333      1.280    31.7173    23.6937 -9.990e-29
 188.591742      1.298  38.198626    13.7576    8.00580      1.287    31.7368    23.7159 -9.990e-29
 188.591748      1.310  38.171426    13.7368    7.98266      1.299    31.7288    23.7140 -9.990e-29
 188.591753      1.324  38.155880    13.7480    7.99627      1.313    31.7052    23.6935 -9.990e-29
