data/oxygen options/ONMS/Olympic_Coast_National_Marine_Sanctuary_Hypoxia_Survey_CTD_Data_2004_2015/raw_data/2005/CTD_TH100_083105faedb.cnv
* Sea-Bird SBE19 Data File:
* FileName = C:\hypoxia CTD data\TH100_083105.hex
* Software Version 1.1.5
* Temperature SN = 2997
* Conductivity SN = 2997
* System UpLoad Time = Aug 31 2005 15:28:08
** Teahwhit Head 083105 100m
* SEACAT PROFILER V3.1c SN 2997   08/31/05  15:23:21.873
# nquan = 9
# nvalues = 102                         
# units = specified
# name 0 = timeJ: Julian Days
# name 1 = prSM: Pressure, Strain Gauge [db]
# name 2 = c0mS/cm: Conductivity [mS/cm]
# name 3 = t090C: Temperature [ITS-90, deg C]
# name 4 = oxML/L: Oxygen, Beckman/YSI [ml/l]
# name 5 = depSM: Depth [salt water, m], lat = 47.5
# name 6 = sal00: Salinity, Practical [PSU]
# name 7 = sigma-é00: Density [sigma-theta, kg/m^3]
# name 8 = flag: flag
# span 0 = 243.521065, 243.522269       
# span 1 =      3.000,    104.000       
# span 2 =  34.484408,  39.013553       
# span 3 =     7.3193,    15.0195       
# span 4 =    2.62277,    8.78552       
# span 5 =      2.974,    103.106       
# span 6 =    31.4487,    33.8286       
# span 7 =    23.2317,    26.4529       
# span 8 = 0.0000e+00, 0.0000e+00       
# interval = decibars: 1                
# start_time = Aug 31 2005 12:27:00 [Instrument's time stamp, header]
# bad_flag = -9.990e-29
*END*
 243.521065      3.000  39.013553    15.0195    8.78552      2.974    31.4487    23.2317 0.0000e+00
 243.521088      4.000  38.891463    14.7062    6.57740      3.967    31.5918    23.4083 0.0000e+00
 243.521103      5.000  38.925345    14.2804    5.59932      4.958    31.9713    23.7900 0.0000e+00
 243.521115      6.000  38.726432    13.7528    5.73656      5.950    32.2275    24.0961 0.0000e+00
 243.521126      7.000  38.405036    13.3162    5.84827      6.941    32.2965    24.2371 0.0000e+00
 243.521137      8.000  38.091790    12.9703    5.58588      7.933    32.2959    24.3047 0.0000e+00
 243.521147      9.000  37.833323    12.6168    5.12107      8.925    32.3532    24.4176 0.0000e+00
 243.521157     10.000  37.524666    12.1545    4.65114      9.916    32.4566    24.5856 0.0000e+00
 243.521167     11.000  37.052448    11.4318    4.37018     10.907    32.6302    24.8537 0.0000e+00
 243.521178     12.000  36.350877    10.7184    4.48050     11.900    32.5692    24.9324 0.0000e+00
 243.521187     13.000  35.921400    10.3370    4.87028     12.891    32.4796    24.9281 0.0000e+00
 243.521198     14.000  35.720734    10.1509    5.25847     13.883    32.4438    24.9317 0.0000e+00
 243.521209     15.000  35.671187    10.0817    5.51417     14.874    32.4554    24.9522 0.0000e+00
 243.521219     16.000  35.638651    10.0315    5.60395     15.866    32.4671    24.9697 0.0000e+00
 243.521231     17.000  35.609500    10.0017    5.59801     16.858    32.4639    24.9723 0.0000e+00
 243.521241     18.000  35.591282     9.9674    5.63536     17.849    32.4759    24.9873 0.0000e+00
 243.521253     19.000  35.529623     9.8413    5.68147     18.841    32.5264    25.0475 0.0000e+00
 243.521263     20.000  35.403232     9.6765    5.69342     19.832    32.5461    25.0898 0.0000e+00
 243.521274     21.000  35.279039     9.5182    5.70455     20.824    32.5621    25.1280 0.0000e+00
 243.521286     22.000  35.150048     9.3518    5.72863     21.815    32.5805    25.1690 0.0000e+00
 243.521297     23.000  35.001264     9.1544    5.79217     22.807    32.6067    25.2206 0.0000e+00
 243.521308     24.000  34.856051     8.9810    5.85676     23.798    32.6145    25.2539 0.0000e+00
 243.521319     25.000  34.770343     8.8974    5.87845     24.790    32.6017    25.2568 0.0000e+00
 243.521331     26.000  34.747381     8.8730    5.88804     25.781    32.5997    25.2590 0.0000e+00
 243.521344     27.000  34.730471     8.8609    5.87251     26.773    32.5927    25.2555 0.0000e+00
 243.521357     28.000  34.727790     8.8569    5.86046     27.765    32.5932    25.2565 0.0000e+00
 243.521371     29.000  34.720096     8.8344    5.85477     28.756    32.6054    25.2695 0.0000e+00
 243.521382     30.000  34.695616     8.7881    5.85784     29.748    32.6220    25.2897 0.0000e+00
 243.521394     31.000  34.672472     8.7637    5.86193     30.739    32.6199    25.2917 0.0000e+00
 243.521403     32.000  34.665052     8.7551    5.83644     31.730    32.6195    25.2928 0.0000e+00
 243.521413     33.000  34.654781     8.7294    5.78068     32.722    32.6320    25.3065 0.0000e+00
 243.521423     34.000  34.629293     8.6724    5.71446     33.714    32.6574    25.3351 0.0000e+00
 243.521432     35.000  34.585662     8.5905    5.63746     34.705    32.6870    25.3707 0.0000e+00
 243.521443     36.000  34.540350     8.5111    5.55252     35.697    32.7125    25.4027 0.0000e+00
 243.521453     37.000  34.502147     8.4435    5.46835     36.688    32.7345    25.4301 0.0000e+00
 243.521462     38.000  34.484843     8.3986    5.40339     37.679    32.7576    25.4550 0.0000e+00
 243.521472     39.000  34.484408     8.3637    5.35771     38.671    32.7892    25.4849 0.0000e+00
 243.521481     40.000  34.485982     8.3406    5.29012     39.663    32.8119    25.5061 0.0000e+00
 243.521491     41.000  34.489850     8.3253    5.16806     40.653    32.8297    25.5225 0.0000e+00
 243.521501     42.000  34.504047     8.2971    5.04260     41.645    32.8707    25.5588 0.0000e+00
 243.521510     43.000  34.531968     8.2646    4.90698     42.636    32.9302    25.6104 0.0000e+00
 243.521519     44.000  34.561714     8.2459    4.81952     43.628    32.9788    25.6512 0.0000e+00
 243.521529     45.000  34.585507     8.2327    4.78136     44.620    33.0159    25.6823 0.0000e+00
 243.521539     46.000  34.595018     8.2129    4.75214     45.611    33.0442    25.7074 0.0000e+00
 243.521549     47.000  34.588770     8.1855    4.55131     46.603    33.0629    25.7261 0.0000e+00
 243.521560     48.000  34.576772     8.1517    4.08265     47.594    33.0815    25.7458 0.0000e+00
 243.521570     49.000  34.584369     8.1311    3.67529     48.585    33.1086    25.7701 0.0000e+00
 243.521581     50.000  34.607720     8.1233    3.42232     49.577    33.1403    25.7961 0.0000e+00
 243.521590     51.000  34.620657     8.1154    3.32472     50.568    33.1612    25.8137 0.0000e+00
 243.521600     52.000  34.628385     8.1046    3.33744     51.559    33.1791    25.8293 0.0000e+00
 243.521611     53.000  34.633881     8.0939    3.38161     52.551    33.1945    25.8430 0.0000e+00
 243.521622     54.000  34.637343     8.0822    3.46048     53.542    33.2089    25.8560 0.0000e+00
 243.521633     55.000  34.643263     8.0633    3.54669     54.534    33.2327    25.8775 0.0000e+00
 243.521644     56.000  34.652242     8.0315    3.59839     55.525    33.2720    25.9130 0.0000e+00
 243.521654     57.000  34.648670     7.9991    3.58333     56.517    33.2985    25.9387 0.0000e+00
 243.521665     58.000  34.651415     7.9815    3.51182     57.508    33.3177    25.9563 0.0000e+00
 243.521675     59.000  34.650759     7.9480    3.43416     58.499    33.3484    25.9853 0.0000e+00
 243.521686     60.000  34.638572     7.8827    3.35648     59.491    33.3973    26.0332 0.0000e+00
 243.521698     61.000  34.618049     7.8228    3.33083     60.482    33.4321    26.0693 0.0000e+00
 243.521709     62.000  34.599704     7.7843    3.37431     61.473    33.4489    26.0880 0.0000e+00
 243.521722     63.000  34.585496     7.7546    3.46979     62.465    33.4618    26.1024 0.0000e+00
 243.521733     64.000  34.574245     7.7169    3.63679     63.456    33.4854    26.1264 0.0000e+00
 243.521744     65.000  34.561726     7.6662    3.77873     64.447    33.5202    26.1611 0.0000e+00
 243.521754     66.000  34.552929     7.6299    3.81239     65.439    33.5452    26.1859 0.0000e+00
 243.521765     67.000  34.550928     7.6013    3.77535     66.430    33.5702    26.2097 0.0000e+00
 243.521776     68.000  34.548328     7.5791    3.69524     67.422    33.5883    26.2271 0.0000e+00
 243.521786     69.000  34.549898     7.5704    3.57865     68.413    33.5980    26.2359 0.0000e+00
 243.521798     70.000  34.573861     7.5768    3.41983     69.404    33.6172    26.2502 0.0000e+00
 243.521809     71.000  34.610913     7.5846    3.29726     70.395    33.6492    26.2742 0.0000e+00
 243.521820     72.000  34.635450     7.5891    3.24071     71.387    33.6708    26.2906 0.0000e+00
 243.521831     73.000  34.651103     7.5868    3.19599     72.378    33.6895    26.3056 0.0000e+00
 243.521842     74.000  34.658557     7.5742    3.13587     73.369    33.7094    26.3230 0.0000e+00
 243.521855     75.000  34.657871     7.5551    3.09028     74.360    33.7266    26.3393 0.0000e+00
 243.521867     76.000  34.649850     7.5290    3.03044     75.352    33.7428    26.3557 0.0000e+00
 243.521879     77.000  34.632368     7.4876    2.95422     76.343    33.7636    26.3780 0.0000e+00
 243.521892     78.000  34.609651     7.4497    2.90039     77.335    33.7754    26.3927 0.0000e+00
 243.521905     79.000  34.591408     7.4191    2.85778     78.326    33.7850    26.4045 0.0000e+00
 243.521917     80.000  34.574006     7.3977    2.82333     79.317    33.7866    26.4087 0.0000e+00
 243.521930     81.000  34.566352     7.3839    2.77863     80.308    33.7912    26.4143 0.0000e+00
 243.521942     82.000  34.558281     7.3574    2.70016     81.299    33.8077    26.4311 0.0000e+00
 243.521954     83.000  34.549756     7.3324    2.64698     82.290    33.8224    26.4462 0.0000e+00
 243.521966     84.000  34.546181     7.3241    2.63745     83.282    33.8261    26.4503 0.0000e+00
 243.521977     85.000  34.545193     7.3208    2.64148     84.274    33.8278    26.4521 0.0000e+00
 243.521989     86.000  34.545272     7.3197    2.64680     85.264    33.8286    26.4529 0.0000e+00
 243.522003     87.000  34.547245     7.3245    2.64776     86.256    33.8255    26.4498 0.0000e+00
 243.522019     88.000  34.548772     7.3259    2.65116     87.247    33.8253    26.4495 0.0000e+00
 243.522033     89.000  34.545795     7.3213    2.63970     88.238    33.8261    26.4508 0.0000e+00
 243.522045     90.000  34.544598     7.3195    2.63544     89.229    33.8261    26.4510 0.0000e+00
 243.522056     91.000  34.544966     7.3193    2.63899     90.220    33.8262    26.4511 0.0000e+00
 243.522068     92.000  34.545973     7.3205    2.64121     91.212    33.8256    26.4505 0.0000e+00
 243.522080     93.000  34.547482     7.3213    2.63544     92.203    33.8261    26.4507 0.0000e+00
 243.522092     94.000  34.547479     7.3206    2.63221     93.195    33.8262    26.4510 0.0000e+00
 243.522105     95.000  34.546167     7.3201    2.64103     94.186    33.8248    26.4500 0.0000e+00
 243.522118     96.000  34.546705     7.3204    2.63408     95.177    33.8245    26.4497 0.0000e+00
 243.522130     97.000  34.546881     7.3204    2.62932     96.168    33.8243    26.4495 0.0000e+00
 243.522142     98.000  34.547027     7.3202    2.62964     97.159    33.8241    26.4495 0.0000e+00
 243.522155     99.000  34.547693     7.3205    2.64035     98.150    33.8241    26.4494 0.0000e+00
 243.522166    100.000  34.548485     7.3212    2.62673     99.141    33.8238    26.4491 0.0000e+00
 243.522180    101.000  34.548736     7.3221    2.62277    100.132    33.8227    26.4481 0.0000e+00
 243.522194    102.000  34.549225     7.3228    2.63907    101.124    33.8220    26.4475 0.0000e+00
 243.522213    103.000  34.550177     7.3225    2.62831    102.115    33.8229    26.4483 0.0000e+00
 243.522269    104.000  34.550338     7.3225    2.62806    103.106    33.8226    26.4480 0.0000e+00
