data/oxygen options/ONMS/Olympic_Coast_National_Marine_Sanctuary_Hypoxia_Survey_CTD_Data_2004_2015/raw_data/2005/CTD_CE30_060805faedb.cnv
* Sea-Bird SBE19 Data File:
* FileName = C:\hypoxia CTD data\CE30_060805.hex
* Software Version 1.1.5
* Temperature SN = 2997
* Conductivity SN = 2997
* System UpLoad Time = Jun 08 2005 15:57:05
* SEACAT PROFILER V3.1c SN 2997   06/08/05  15:56:10.115
* strain gauge pressure sensor: S/N = 184829,  range = 3000 psia,  tc = 40
# nquan = 9
# nvalues = 27                          
# units = specified
# name 0 = timeJ: Julian Days
# name 1 = prSM: Pressure, Strain Gauge [db]
# name 2 = c0mS/cm: Conductivity [mS/cm]
# name 3 = t090C: Temperature [ITS-90, deg C]
# name 4 = oxML/L: Oxygen, Beckman/YSI [ml/l]
# name 5 = depSM: Depth [salt water, m], lat = 47.5
# name 6 = sal00: Salinity, Practical [PSU]
# name 7 = sigma-é00: Density [sigma-theta, kg/m^3]
# name 8 = flag: flag
# span 0 = 159.555104, 159.555424       
# span 1 =      3.000,     29.000       
# span 2 =  36.150414,  36.459671       
# span 3 =    11.2608,    15.1106       
# span 4 =    4.94103,    6.31971       
# span 5 =      2.975,     28.756       
# span 6 =    29.1005,    31.9757       
# span 7 =    21.4059,    24.3759       
# span 8 = 0.0000e+00, 0.0000e+00       
# interval = decibars: 1                
# start_time = Jun 08 2005 13:16:11 [Instrument's time stamp, header]
# bad_flag = -9.990e-29
*END*
 159.555104      3.000  36.459671    15.1106    6.28591      2.975    29.1005    21.4059 0.0000e+00
 159.555123      4.000  36.422181    15.0340    6.24122      3.966    29.1239    21.4400 0.0000e+00
 159.555137      5.000  36.365630    14.9428    6.26516      4.959    29.1412    21.4724 0.0000e+00
 159.555149      6.000  36.292126    14.8489    6.31971      5.950    29.1454    21.4952 0.0000e+00
 159.555161      7.000  36.224945    14.7762    6.27353      6.942    29.1394    21.5057 0.0000e+00
 159.555173      8.000  36.187635    14.7270    6.13241      7.933    29.1425    21.5182 0.0000e+00
 159.555185      9.000  36.169915    14.6034    6.05134      8.925    29.2190    21.6026 0.0000e+00
 159.555197     10.000  36.152760    14.3024    5.90251      9.916    29.4305    21.8270 0.0000e+00
 159.555208     11.000  36.150414    13.9530    5.72406     10.908    29.6955    22.1016 0.0000e+00
 159.555218     12.000  36.153346    13.7249    5.69531     11.900    29.8748    22.2854 0.0000e+00
 159.555228     13.000  36.170505    13.5296    5.79928     12.891    30.0432    22.4538 0.0000e+00
 159.555239     14.000  36.211879    13.3674    5.98453     13.883    30.2090    22.6137 0.0000e+00
 159.555250     15.000  36.240719    13.3006    6.14011     14.874    30.2883    22.6881 0.0000e+00
 159.555261     16.000  36.297481    13.2697    6.17415     15.866    30.3653    22.7535 0.0000e+00
 159.555273     17.000  36.376446    13.1778    5.99343     16.857    30.5120    22.8848 0.0000e+00
 159.555284     18.000  36.415243    13.0320    5.68775     17.849    30.6653    23.0316 0.0000e+00
 159.555295     19.000  36.375862    12.9152    5.38821     18.841    30.7225    23.0983 0.0000e+00
 159.555306     20.000  36.344810    12.7898    5.23343     19.832    30.7949    23.1783 0.0000e+00
 159.555317     21.000  36.358666    12.5635    5.35585     20.824    30.9929    23.3745 0.0000e+00
 159.555327     22.000  36.373052    12.2831    5.49042     21.815    31.2385    23.6175 0.0000e+00
 159.555338     23.000  36.390698    12.0477    5.48796     22.807    31.4523    23.8269 0.0000e+00
 159.555349     24.000  36.379568    11.8599    5.35893     23.798    31.5999    23.9759 0.0000e+00
 159.555361     25.000  36.341779    11.6574    5.16418     24.790    31.7354    24.1180 0.0000e+00
 159.555372     26.000  36.294327    11.4764    4.99646     25.782    31.8441    24.2351 0.0000e+00
 159.555385     27.000  36.257650    11.3449    4.94103     26.773    31.9213    24.3187 0.0000e+00
 159.555397     28.000  36.244741    11.2701    4.97688     27.764    31.9729    24.3721 0.0000e+00
 159.555424     29.000  36.239696    11.2608    5.07236     28.756    31.9757    24.3759 0.0000e+00
