data/oxygen options/ONMS/Olympic_Coast_National_Marine_Sanctuary_Hypoxia_Survey_CTD_Data_2004_2015/raw_data/2005/CTD_TH50_052405faed.cnv
* Sea-Bird SBE19 Data File:
* FileName = C:\Documents and Settings\kirner.PTANGELES\Desktop\hypoxia CTD data\TH60__052405.hex
* Software Version 1.1.5
* Temperature SN = 2997
* Conductivity SN = 2997
* System UpLoad Time = May 24 2005 18:23:35
* SEACAT PROFILER V3.1c SN 2997   05/24/05  18:22:10.777
* strain gauge pressure sensor: S/N = 184829,  range = 3000 psia,  tc = 40
# nquan = 9                                 
# nvalues = 626                         
# units = specified
# name 0 = timeJ: Julian Days
# name 1 = prSM: Pressure, Strain Gauge [db]
# name 2 = c0mS/cm: Conductivity [mS/cm]
# name 3 = t090C: Temperature [ITS-90, deg C]
# name 4 = oxML/L: Oxygen, Beckman/YSI [ml/l]
# name 5 = depSM: Depth [salt water, m], lat = 47.5
# name 6 = sal00: Salinity, Practical [PSU]
# name 7 = sigma-é00: Density [sigma-theta, kg/m^3]
# name 8 = flag: flag
# span 0 = 144.720799, 144.724416       
# span 1 =     -2.967,     52.273       
# span 2 =   1.181689,  36.197482       
# span 3 =     9.3064,    14.2970       
# span 4 =   -0.10104,   26.40118       
# span 5 =     -2.942,     51.830       
# span 6 =     0.7704,    32.6675       
# span 7 =    -0.0629,    25.2445       
# span 8 = 0.0000e+00, 0.0000e+00       
# interval = seconds: 0.5
# start_time = May 24 2005 17:17:57 [Instrument's time stamp, header]
# bad_flag = -9.990e-29
*END*
[from data line 161]
 144.721730      1.505  32.987307    14.2021    6.43303      1.492    26.6607    19.7137 -9.990e-29
 144.721736      1.496  32.947220    14.2122    6.42959      1.484    26.6179    19.6788 -9.990e-29
 144.721742      1.489  32.926655    14.2096    6.44932      1.477    26.6013    19.6665 -9.990e-29
 144.721748      1.494  32.936873    14.1956    6.47102      1.482    26.6200    19.6837 -9.990e-29
 144.721753      1.512  32.971333    14.1806    6.47729      1.499    26.6612    19.7183 -9.990e-29
 144.721759      1.536  33.002578    14.1726    6.45445      1.523    26.6947    19.7456 -9.990e-29
 144.721765      1.559  33.014549    14.1718    6.43975      1.546    26.7059    19.7545 -9.990e-29
 144.721771      1.578  33.013686    14.1787    6.44657      1.565    26.7004    19.7488 -9.990e-29
 144.721777      1.595  32.997723    14.1922    6.45361      1.582    26.6768    19.7280 -9.990e-29
 144.721782      1.605  32.968920    14.2043    6.45856      1.592    26.6427    19.6994 -9.990e-29
 144.721788      1.605  32.946602    14.2096    6.44565      1.592    26.6191    19.6802 -9.990e-29
 144.721794      1.601  32.940249    14.2092    6.42335      1.588    26.6137    19.6761 -9.990e-29
 144.721800      1.599  32.945321    14.2071    6.43218      1.586    26.6197    19.6811 -9.990e-29
 144.721806      1.609  32.950659    14.2072    6.46037      1.596    26.6244    19.6847 -9.990e-29
 144.721811      1.634  32.946013    14.2078    6.46518      1.620    26.6198    19.6811 -9.990e-29
 144.721817      1.669  32.942009    14.2086    6.47107      1.655    26.6156    19.6777 -9.990e-29
 144.721823      1.699  32.941719    14.2147    6.42139      1.685    26.6112    19.6731 -9.990e-29
 144.721829      1.716  32.926831    14.2255    6.41941      1.702    26.5904    19.6550 -9.990e-29
 144.721834      1.727  32.900476    14.2334    6.42369      1.713    26.5615    19.6312 -9.990e-29
 144.721840      1.735  32.884122    14.2335    6.46225      1.721    26.5468    19.6199 -9.990e-29
 144.721846      1.738  32.887915    14.2291    6.47091      1.723    26.5532    19.6257 -9.990e-29
 144.721852      1.728  32.897870    14.2289    6.43968      1.714    26.5622    19.6327 -9.990e-29
 144.721858      1.702  32.887476    14.2385    6.40764      1.688    26.5464    19.6186 -9.990e-29
 144.721863      1.673  32.835036    14.2518    6.37535      1.659    26.4905    19.5729 -9.990e-29
 144.721869      1.656  32.765341    14.2569    6.37405      1.642    26.4248    19.5214 -9.990e-29
 144.721875      1.663  32.711561    14.2486    6.39430      1.649    26.3825    19.4905 -9.990e-29
 144.721881      1.689  32.716315    14.2309    6.40871      1.675    26.3988    19.5065 -9.990e-29
 144.721887      1.715  32.812282    14.2116    6.42160      1.701    26.4977    19.5864 -9.990e-29
 144.721892      1.721  32.907757    14.1985    6.41505      1.707    26.5920    19.6615 -9.990e-29
 144.721898      1.704  32.936154    14.1957    6.40437      1.690    26.6193    19.6831 -9.990e-29
 144.721904      1.679  32.928615    14.1982    6.40164      1.665    26.6108    19.6761 -9.990e-29
 144.721910      1.666  32.923287    14.2029    6.40637      1.652    26.6028    19.6690 -9.990e-29
 144.721916      1.677  32.925963    14.2096    6.40418      1.663    26.6006    19.6660 -9.990e-29
 144.721921      1.709  32.920048    14.2148    6.39701      1.695    26.5917    19.6581 -9.990e-29
 144.721927      1.742  32.912233    14.2180    6.39999      1.727    26.5825    19.6504 -9.990e-29
 144.721933      1.766  32.907796    14.2210    6.40506      1.751    26.5765    19.6452 -9.990e-29
 144.721939      1.786  32.903630    14.2246    6.40840      1.771    26.5703    19.6397 -9.990e-29
 144.721944      1.808  32.899790    14.2288    6.40297      1.793    26.5640    19.6340 -9.990e-29
 144.721950      1.829  32.894529    14.2334    6.39292      1.814    26.5561    19.6271 -9.990e-29
 144.721956      1.842  32.886441    14.2382    6.39719      1.827    26.5456    19.6180 -9.990e-29
 144.721962      1.848  32.877078    14.2425    6.39590      1.833    26.5343    19.6085 -9.990e-29
 144.721968      1.855  32.867976    14.2456    6.39564      1.840    26.5241    19.6000 -9.990e-29
 144.721973      1.864  32.861014    14.2472    6.39169      1.848    26.5167    19.5940 -9.990e-29
 144.721979      1.872  32.857005    14.2474    6.38849      1.856    26.5130    19.5911 -9.990e-29
 144.721985      1.883  32.855093    14.2474    6.38005      1.867    26.5113    19.5898 -9.990e-29
 144.721991      1.901  32.854418    14.2481    6.37644      1.885    26.5102    19.5889 -9.990e-29
 144.721997      1.925  32.850165    14.2495    6.38710      1.909    26.5055    19.5849 -9.990e-29
 144.722002      1.946  32.843397    14.2507    6.39090      1.930    26.4986    19.5794 -9.990e-29
 144.722008      1.963  32.839664    14.2525    6.37641      1.947    26.4940    19.5755 -9.990e-29
 144.722014      1.975  32.828953    14.2551    6.35959      1.959    26.4827    19.5663 -9.990e-29
 144.722020      1.985  32.813240    14.2563    6.34776      1.968    26.4678    19.5546 -9.990e-29
 144.722025      1.996  32.811929    14.2542    6.36154      1.979    26.4681    19.5552 -9.990e-29
 144.722031      2.013  32.822160    14.2467    6.37980      1.996    26.4824    19.5677 -9.990e-29
 144.722037      2.035  32.832927    14.2355    6.37723      2.018    26.4996    19.5832 -9.990e-29
 144.722043      2.052  32.850747    14.2309    6.36731      2.035    26.5187    19.5987 -9.990e-29
 144.722049      2.059  32.861280    14.2384    6.35396      2.042    26.5229    19.6006 -9.990e-29
 144.722054      2.055  32.844390    14.2501    6.35265      2.038    26.4999    19.5805 -9.990e-29
 144.722060      2.053  32.823513    14.2562    6.35776      2.036    26.4771    19.5617 -9.990e-29
 144.722066      2.061  32.817336    14.2538    6.34624      2.044    26.4732    19.5592 -9.990e-29
 144.722072      2.076  32.827720    14.2480    6.35279      2.059    26.4864    19.5706 -9.990e-29
 144.722078      2.094  32.847223    14.2444    6.35534      2.077    26.5063    19.5865 -9.990e-29
 144.722083      2.117  32.858705    14.2404    6.35266      2.099    26.5193    19.5973 -9.990e-29
 144.722089      2.145  32.867397    14.2327    6.34905      2.127    26.5323    19.6089 -9.990e-29
 144.722095      2.176  32.883213    14.2259    6.34982      2.158    26.5511    19.6247 -9.990e-29
 144.722101      2.200  32.895305    14.2249    6.36317      2.182    26.5625    19.6337 -9.990e-29
 144.722106      2.206  32.891223    14.2293    6.36416      2.188    26.5559    19.6277 -9.990e-29
 144.722112      2.193  32.876176    14.2356    6.35538      2.175    26.5381    19.6128 -9.990e-29
 144.722118      2.173  32.862050    14.2399    6.34355      2.155    26.5226    19.6000 -9.990e-29
 144.722124      2.163  32.855235    14.2408    6.33349      2.145    26.5159    19.5946 -9.990e-29
 144.722130      2.170  32.851138    14.2394    6.33025      2.152    26.5132    19.5928 -9.990e-29
 144.722135      2.191  32.840381    14.2367    6.34655      2.173    26.5054    19.5874 -9.990e-29
 144.722141      2.218  32.837770    14.2320    6.34793      2.199    26.5063    19.5890 -9.990e-29
 144.722147      2.240  32.864484    14.2286    6.33011      2.221    26.5325    19.6098 -9.990e-29
 144.722153      2.246  32.890585    14.2335    6.31736      2.227    26.5524    19.6242 -9.990e-29
 144.722159      2.236  32.881390    14.2420    6.30496      2.217    26.5384    19.6117 -9.990e-29
 144.722164      2.222  32.861633    14.2421    6.31538      2.203    26.5207    19.5981 -9.990e-29
 144.722170      2.217  32.863819    14.2310    6.33351      2.198    26.5302    19.6076 -9.990e-29
 144.722176      2.219  32.890874    14.2142    6.34088      2.200    26.5659    19.6384 -9.990e-29
 144.722182      2.226  32.931807    14.2017    6.34602      2.207    26.6111    19.6756 -9.990e-29
 144.722187      2.232  32.961064    14.2016    6.34751      2.213    26.6373    19.6958 -9.990e-29
 144.722193      2.230  32.956577    14.2101    6.32979      2.211    26.6274    19.6866 -9.990e-29
 144.722199      2.224  32.934783    14.2183    6.32818      2.205    26.6023    19.6656 -9.990e-29
 144.722205      2.231  32.924350    14.2244    6.33810      2.212    26.5888    19.6540 -9.990e-29
 144.722211      2.255  32.921465    14.2294    6.33727      2.236    26.5828    19.6484 -9.990e-29
 144.722216      2.281  32.912202    14.2322    6.32671      2.262    26.5726    19.6400 -9.990e-29
 144.722222      2.289  32.897670    14.2315    6.31043      2.270    26.5601    19.6305 -9.990e-29
 144.722228      2.276  32.883153    14.2279    6.30183      2.257    26.5496    19.6231 -9.990e-29
 144.722234      2.257  32.878442    14.2197    6.30718      2.238    26.5510    19.6259 -9.990e-29
 144.722240      2.248  32.892392    14.2069    6.32140      2.229    26.5723    19.6447 -9.990e-29
 144.722245      2.254  32.916152    14.1957    6.31888      2.235    26.6012    19.6692 -9.990e-29
 144.722251      2.266  32.939377    14.1918    6.30176      2.247    26.6246    19.6880 -9.990e-29
 144.722257      2.271  32.951010    14.1946    6.29225      2.252    26.6331    19.6940 -9.990e-29
 144.722263      2.275  32.946388    14.1953    6.28997      2.256    26.6285    19.6903 -9.990e-29
 144.722269      2.291  32.949055    14.1885    6.30538      2.272    26.6356    19.6971 -9.990e-29
 144.722274      2.320  32.965379    14.1759    6.31955      2.301    26.6588    19.7174 -9.990e-29
 144.722280      2.350  32.989112    14.1613    6.30920      2.330    26.6901    19.7444 -9.990e-29
 144.722286      2.370  33.019957    14.1544    6.30916      2.350    26.7225    19.7707 -9.990e-29
 144.722292      2.379  33.032920    14.1613    6.31113      2.359    26.7293    19.7746 -9.990e-29
 144.722297      2.381  33.012224    14.1733    6.31255      2.361    26.7025    19.7516 -9.990e-29
 144.722303      2.379  32.981834    14.1777    6.30671      2.359    26.6723    19.7275 -9.990e-29
 144.722309      2.374  32.972970    14.1742    6.30143      2.354    26.6668    19.7239 -9.990e-29
 144.722315      2.370  32.983909    14.1713    6.29785      2.350    26.6786    19.7335 -9.990e-29
 144.722321      2.371  32.992257    14.1697    6.31927      2.351    26.6871    19.7405 -9.990e-29
 144.722326      2.376  32.995700    14.1658    6.32599      2.356    26.6929    19.7457 -9.990e-29
 144.722332      2.387  33.001637    14.1621    6.31560      2.367    26.7008    19.7524 -9.990e-29
 144.722338      2.400  33.005102    14.1607    6.31825      2.380    26.7048    19.7558 -9.990e-29
 144.722344      2.411  33.005674    14.1606    6.31670      2.391    26.7054    19.7563 -9.990e-29
 144.722350      2.425  33.006924    14.1615    6.34174      2.405    26.7059    19.7565 -9.990e-29
 144.722355      2.443  33.004363    14.1637    6.34299      2.423    26.7021    19.7531 -9.990e-29
 144.722361      2.453  32.995700    14.1689    6.31928      2.433    26.6907    19.7434 -9.990e-29
 144.722367      2.448  32.980039    14.1816    6.29322      2.428    26.6680    19.7234 -9.990e-29
 144.722373      2.431  32.951075    14.2006    6.29071      2.411    26.6290    19.6896 -9.990e-29
 144.722378      2.415  32.912782    14.2128    6.30147      2.395    26.5864    19.6544 -9.990e-29
 144.722384      2.415  32.893687    14.2085    6.33416      2.395    26.5723    19.6444 -9.990e-29
 144.722390      2.435  32.909252    14.1971    6.34027      2.415    26.5940    19.6634 -9.990e-29
 144.722396      2.460  32.936528    14.1939    6.31350      2.439    26.6206    19.6845 -9.990e-29
 144.722402      2.470  32.946323    14.2045    6.30788      2.449    26.6221    19.6835 -9.990e-29
 144.722407      2.461  32.925919    14.2243    6.30083      2.440    26.5902    19.6551 -9.990e-29
 144.722413      2.446  32.886220    14.2421    6.31254      2.426    26.5425    19.6149 -9.990e-29
 144.722419      2.437  32.849957    14.2468    6.31819      2.417    26.5070    19.5866 -9.990e-29
 144.722425      2.432  32.841078    14.2406    6.30813      2.412    26.5033    19.5850 -9.990e-29
 144.722431      2.423  32.860080    14.2397    6.29441      2.403    26.5209    19.5987 -9.990e-29
 144.722436      2.405  32.867864    14.2497    6.28086      2.385    26.5210    19.5968 -9.990e-29
 144.722442      2.386  32.850155    14.2583    6.28419      2.366    26.4993    19.5784 -9.990e-29
 144.722448      2.377  32.836584    14.2546    6.29926      2.357    26.4897    19.5718 -9.990e-29
 144.722454      2.378  32.847170    14.2419    6.32160      2.358    26.5078    19.5883 -9.990e-29
 144.722459      2.380  32.868016    14.2327    6.31291      2.360    26.5328    19.6092 -9.990e-29
 144.722465      2.374  32.877051    14.2339    6.29948      2.354    26.5400    19.6146 -9.990e-29
 144.722471      2.361  32.871192    14.2420    6.28765      2.341    26.5292    19.6047 -9.990e-29
 144.722477      2.348  32.851598    14.2507    6.28530      2.328    26.5058    19.5849 -9.990e-29
 144.722483      2.346  32.822409    14.2544    6.29621      2.326    26.4772    19.5622 -9.990e-29
 144.722488      2.365  32.806918    14.2521    6.32245      2.345    26.4650    19.5532 -9.990e-29
 144.722494      2.393  32.820341    14.2490    6.30853      2.373    26.4790    19.5647 -9.990e-29
 144.722500      2.410  32.841357    14.2521    6.28878      2.390    26.4957    19.5769 -9.990e-29
 144.722506      2.409  32.843634    14.2629    6.28083      2.389    26.4903    19.5706 -9.990e-29
 144.722512      2.399  32.826290    14.2740    6.28165      2.379    26.4673    19.5507 -9.990e-29
 144.722517      2.395  32.808795    14.2771    6.30316      2.375    26.4495    19.5365 -9.990e-29
 144.722523      2.405  32.806498    14.2732    6.30487      2.385    26.4502    19.5377 -9.990e-29
 144.722529      2.428  32.814665    14.2690    6.29339      2.408    26.4603    19.5463 -9.990e-29
 144.722535      2.454  32.821214    14.2688    6.29430      2.434    26.4663    19.5510 -9.990e-29
 144.722541      2.478  32.819192    14.2710    6.29591      2.457    26.4630    19.5480 -9.990e-29
 144.722546      2.501  32.809830    14.2715    6.29708      2.480    26.4543    19.5412 -9.990e-29
 144.722552      2.524  32.794098    14.2702    6.29990      2.503    26.4411    19.5313 -9.990e-29
 144.722558      2.540  32.781850    14.2700    6.29445      2.519    26.4303    19.5231 -9.990e-29
 144.722564      2.551  32.779736    14.2717    6.30335      2.530    26.4273    19.5204 -9.990e-29
 144.722569      2.561  32.776538    14.2744    6.29575      2.540    26.4226    19.5162 -9.990e-29
 144.722575      2.571  32.768558    14.2775    6.29366      2.550    26.4133    19.5085 -9.990e-29
 144.722581      2.581  32.741798    14.2800    6.29028      2.559    26.3878    19.4884 -9.990e-29
 144.722587      2.593  32.699250    14.2794    6.28308      2.571    26.3503    19.4596 -9.990e-29
 144.722593      2.606  32.672727    14.2753    6.28218      2.584    26.3294    19.4444 -9.990e-29
 144.722598      2.623  32.678986    14.2693    6.29151      2.601    26.3391    19.4530 -9.990e-29
 144.722604      2.635  32.718531    14.2646    6.29892      2.613    26.3775    19.4835 -9.990e-29
 144.722610      2.625  32.757799    14.2643    6.29872      2.603    26.4127    19.5107 -9.990e-29
 144.722616      2.590  32.771821    14.2665    6.28122      2.568    26.4237    19.5187 -9.990e-29
 144.722622      2.540  32.770892    14.2685    6.27232      2.519    26.4216    19.5166 -9.990e-29
 144.722627      2.493  32.765550    14.2690    6.27751      2.472    26.4165    19.5126 -9.990e-29
 144.722633      2.466  32.764370    14.2678    6.28988      2.445    26.4163    19.5127 -9.990e-29
 144.722639      2.464  32.771950    14.2655    6.29555      2.443    26.4246    19.5195 -9.990e-29
 144.722645      2.476  32.784395    14.2634    6.28298      2.455    26.4371    19.5296 -9.990e-29
