data/oxygen options/ONMS/Olympic_Coast_National_Marine_Sanctuary_Hypoxia_Survey_CTD_Data_2004_2015/raw_data/2005/CTD_CE20_062105faed.cnv
* Sea-Bird SBE19 Data File:
* FileName = C:\hypoxia CTD data\CE20_062105.hex
* Software Version 1.1.5
* Temperature SN = 2997
* Conductivity SN = 2997
* System UpLoad Time = Jun 21 2005 16:20:32
* SEACAT PROFILER V3.1c SN 2997   06/21/05  16:20:01.612
* strain gauge pressure sensor: S/N = 184829,  range = 3000 psia,  tc = 40
# nquan = 9                                 
# nvalues = 483                         
# units = specified
# name 0 = timeJ: Julian Days
# name 1 = prSM: Pressure, Strain Gauge [db]
# name 2 = c0mS/cm: Conductivity [mS/cm]
# name 3 = t090C: Temperature [ITS-90, deg C]
# name 4 = oxML/L: Oxygen, Beckman/YSI [ml/l]
# name 5 = depSM: Depth [salt water, m], lat = 47.5
# name 6 = sal00: Salinity, Practical [PSU]
# name 7 = sigma-é00: Density [sigma-theta, kg/m^3]
# name 8 = flag: flag
# span 0 = 172.493704, 172.496493       
# span 1 =     -4.249,     15.966       
# span 2 =   0.643589,  37.714941       
# span 3 =    10.2319,    16.8391       
# span 4 =   -0.11162,   22.85740       
# span 5 =     -4.214,     15.832       
# span 6 =     0.3786,    32.5053       
# span 7 =    -0.8442,    24.9644       
# span 8 = 0.0000e+00, 0.0000e+00       
# interval = seconds: 0.5
# start_time = Jun 21 2005 11:50:56 [Instrument's time stamp, header]
# bad_flag = -9.990e-29
*END*
[from data line 321]
 172.495561      1.527  35.238610    16.6048    6.48920      1.514    26.9861    19.4623 -9.990e-29
 172.495567      1.535  35.252062    16.6018    6.49386      1.522    26.9995    19.4733 -9.990e-29
 172.495573      1.546  35.277879    16.5992    6.50089      1.533    27.0232    19.4919 -9.990e-29
 172.495579      1.556  35.300609    16.5976    6.49640      1.543    27.0435    19.5079 -9.990e-29
 172.495584      1.563  35.314131    16.5972    6.48265      1.550    27.0553    19.5170 -9.990e-29
 172.495590      1.565  35.317984    16.5972    6.46053      1.552    27.0585    19.5195 -9.990e-29
 172.495596      1.563  35.316195    16.5970    6.48471      1.550    27.0572    19.5185 -9.990e-29
 172.495602      1.563  35.309752    16.5967    6.50031      1.550    27.0519    19.5145 -9.990e-29
 172.495608      1.567  35.306326    16.5970    6.50285      1.554    27.0488    19.5120 -9.990e-29
 172.495613      1.572  35.301922    16.5993    6.50063      1.559    27.0435    19.5075 -9.990e-29
 172.495619      1.573  35.279466    16.6033    6.47756      1.560    27.0217    19.4900 -9.990e-29
 172.495625      1.576  35.240974    16.6078    6.47018      1.563    26.9860    19.4616 -9.990e-29
 172.495631      1.584  35.188382    16.6108    6.47111      1.571    26.9394    19.4253 -9.990e-29
 172.495637      1.599  35.146863    16.6088    6.47698      1.586    26.9055    19.3998 -9.990e-29
 172.495642      1.616  35.164204    16.5977    6.51084      1.603    26.9277    19.4192 -9.990e-29
 172.495648      1.629  35.281472    16.5835    6.52137      1.615    27.0368    19.5058 -9.990e-29
 172.495654      1.633  35.424094    16.5804    6.51549      1.619    27.1600    19.6009 -9.990e-29
 172.495660      1.630  35.440316    16.5883    6.49480      1.616    27.1684    19.6056 -9.990e-29
 172.495666      1.618  35.354580    16.5994    6.49298      1.604    27.0881    19.5416 -9.990e-29
 172.495671      1.607  35.240362    16.6101    6.49197      1.594    26.9840    19.4595 -9.990e-29
 172.495677      1.607  35.124188    16.6155    6.49468      1.594    26.8818    19.3802 -9.990e-29
 172.495683      1.619  35.075374    16.6126    6.49980      1.605    26.8423    19.3506 -9.990e-29
 172.495689      1.636  35.115725    16.6048    6.50198      1.622    26.8818    19.3825 -9.990e-29
 172.495694      1.649  35.201523    16.6005    6.50035      1.635    26.9574    19.4414 -9.990e-29
 172.495700      1.655  35.247632    16.6024    6.51833      1.641    26.9953    19.4699 -9.990e-29
 172.495706      1.659  35.231460    16.6050    6.51990      1.645    26.9798    19.4575 -9.990e-29
 172.495712      1.665  35.214411    16.6083    6.51444      1.651    26.9631    19.4440 -9.990e-29
 172.495718      1.670  35.188898    16.6185    6.49681      1.656    26.9346    19.4199 -9.990e-29
 172.495723      1.669  35.096810    16.6353    6.48742      1.655    26.8453    19.3479 -9.990e-29
 172.495729      1.667  34.951012    16.6487    6.48292      1.653    26.7129    19.2436 -9.990e-29
 172.495735      1.672  34.853057    16.6518    6.48832      1.658    26.6279    19.1779 -9.990e-29
 172.495741      1.685  34.850027    16.6471    6.49797      1.671    26.6284    19.1793 -9.990e-29
 172.495747      1.697  34.899222    16.6382    6.49070      1.683    26.6760    19.2177 -9.990e-29
 172.495752      1.706  34.987217    16.6302    6.48298      1.692    26.7558    19.2805 -9.990e-29
 172.495758      1.711  35.062636    16.6287    6.47812      1.697    26.8207    19.3305 -9.990e-29
 172.495764      1.714  35.055656    16.6312    6.48341      1.700    26.8132    19.3242 -9.990e-29
 172.495770      1.714  35.015269    16.6315    6.49278      1.700    26.7787    19.2978 -9.990e-29
 172.495775      1.715  35.005901    16.6280    6.50652      1.701    26.7731    19.2942 -9.990e-29
 172.495781      1.723  35.030767    16.6233    6.49589      1.709    26.7973    19.3138 -9.990e-29
 172.495787      1.732  35.069783    16.6207    6.48535      1.718    26.8321    19.3410 -9.990e-29
 172.495793      1.740  35.096506    16.6200    6.49573      1.725    26.8553    19.3589 -9.990e-29
 172.495799      1.747  35.107340    16.6188    6.50024      1.732    26.8652    19.3668 -9.990e-29
 172.495804      1.753  35.131874    16.6162    6.51048      1.738    26.8878    19.3846 -9.990e-29
 172.495810      1.759  35.166397    16.6136    6.50535      1.744    26.9188    19.4089 -9.990e-29
 172.495816      1.761  35.163731    16.6135    6.49663      1.746    26.9166    19.4073 -9.990e-29
 172.495822      1.750  35.124285    16.6167    6.49279      1.735    26.8810    19.3793 -9.990e-29
 172.495828      1.727  35.079915    16.6206    6.50028      1.713    26.8408    19.3477 -9.990e-29
 172.495833      1.706  35.044856    16.6233    6.50642      1.692    26.8093    19.3229 -9.990e-29
 172.495839      1.702  35.022606    16.6253    6.51268      1.688    26.7891    19.3071 -9.990e-29
 172.495845      1.713  35.012084    16.6283    6.50267      1.699    26.7782    19.2980 -9.990e-29
 172.495851      1.725  34.999823    16.6341    6.48912      1.711    26.7639    19.2858 -9.990e-29
 172.495856      1.735  34.963868    16.6421    6.49168      1.721    26.7281    19.2567 -9.990e-29
 172.495862      1.744  34.906163    16.6486    6.49746      1.729    26.6749    19.2146 -9.990e-29
 172.495868      1.756  34.862425    16.6514    6.49863      1.741    26.6361    19.1842 -9.990e-29
 172.495874      1.777  34.848883    16.6518    6.49778      1.762    26.6243    19.1751 -9.990e-29
 172.495880      1.803  34.849163    16.6509    6.48548      1.788    26.6252    19.1760 -9.990e-29
 172.495885      1.828  34.861960    16.6500    6.48997      1.813    26.6366    19.1849 -9.990e-29
 172.495891      1.849  34.872949    16.6510    6.48224      1.834    26.6452    19.1913 -9.990e-29
 172.495897      1.872  34.862030    16.6534    6.45844      1.856    26.6344    19.1825 -9.990e-29
 172.495903      1.902  34.841548    16.6563    6.43201      1.886    26.6151    19.1671 -9.990e-29
 172.495909      1.942  34.817823    16.6601    6.42425      1.926    26.5925    19.1490 -9.990e-29
 172.495914      1.993  34.785563    16.6636    6.40235      1.976    26.5629    19.1255 -9.990e-29
 172.495920      2.059  34.757802    16.6614    6.38385      2.042    26.5408    19.1091 -9.990e-29
 172.495926      2.145  34.779353    16.6490    6.34656      2.127    26.5672    19.1321 -9.990e-29
 172.495932      2.250  34.883996    16.6287    6.32715      2.231    26.6692    19.2146 -9.990e-29
 172.495938      2.375  35.052082    16.6011    6.33370      2.355    26.8300    19.3437 0.0000e+00
 172.495943      2.522  35.254383    16.5597    6.33917      2.501    27.0295    19.5055 0.0000e+00
 172.495949      2.700  35.573986    16.5015    6.37288      2.677    27.3408    19.7567 0.0000e+00
 172.495955      2.916  36.069303    16.4319    6.38429      2.892    27.8115    20.1325 0.0000e+00
 172.495961      3.173  36.626608    16.3679    6.40024      3.146    28.3340    20.5469 0.0000e+00
 172.495966      3.468  37.116645    16.3282    6.42918      3.439    28.7837    20.9003 0.0000e+00
 172.495972      3.799  37.443725    16.3080    6.44369      3.767    29.0802    21.1321 0.0000e+00
 172.495978      4.158  37.608838    16.2906    6.44688      4.123    29.2353    21.2549 0.0000e+00
 172.495984      4.533  37.684094    16.2692    6.44988      4.495    29.3159    21.3215 0.0000e+00
 172.495990      4.917  37.710392    16.2407    6.43729      4.876    29.3595    21.3612 0.0000e+00
 172.495995      5.311  37.714941    16.1977    6.39952      5.267    29.3950    21.3979 0.0000e+00
 172.496001      5.713  37.705483    16.1369    6.36817      5.665    29.4316    21.4394 0.0000e+00
 172.496007      6.123  37.684542    16.0608    6.32704      6.072    29.4696    21.4853 0.0000e+00
 172.496013      6.537  37.659514    15.9503    6.25840      6.482    29.5297    21.5557 0.0000e+00
 172.496019      6.952  37.623373    15.7745    6.10744      6.894    29.6292    21.6704 0.0000e+00
 172.496024      7.369  37.561000    15.5509    5.86085      7.307    29.7422    21.8056 0.0000e+00
 172.496030      7.788  37.487345    15.3227    5.51571      7.723    29.8497    21.9371 0.0000e+00
 172.496036      8.211  37.419119    15.0716    5.07446      8.142    29.9805    22.0910 0.0000e+00
 172.496042      8.634  37.324185    14.7555    4.61520      8.562    30.1387    22.2791 0.0000e+00
 172.496047      9.059  37.181342    14.3833    4.21396      8.983    30.2992    22.4798 0.0000e+00
 172.496053      9.492  37.021013    13.9672    3.95235      9.413    30.4806    22.7043 0.0000e+00
 172.496059      9.930  36.854773    13.4836    3.84002      9.847    30.7133    22.9804 0.0000e+00
 172.496065     10.375  36.686858    12.9523    3.80673     10.288    30.9875    23.2959 0.0000e+00
 172.496071     10.830  36.557948    12.4508    3.79526     10.739    31.2793    23.6174 0.0000e+00
 172.496076     11.285  36.476054    12.0166    3.77277     11.191    31.5652    23.9199 0.0000e+00
 172.496082     11.736  36.403089    11.6685    3.74526     11.638    31.7908    24.1587 0.0000e+00
 172.496088     12.185  36.327457    11.4265    3.73785     12.083    31.9251    24.3067 0.0000e+00
 172.496094     12.631  36.265974    11.2562    3.72485     12.525    32.0122    24.4048 0.0000e+00
 172.496100     13.068  36.218454    11.1089    3.71755     12.959    32.0935    24.4942 0.0000e+00
 172.496105     13.490  36.174201    10.9737    3.70115     13.377    32.1679    24.5758 0.0000e+00
 172.496111     13.894  36.133052    10.8560    3.68013     13.778    32.2304    24.6450 0.0000e+00
 172.496117     14.276  36.096179    10.7413    3.68495     14.156    32.2947    24.7150 0.0000e+00
 172.496123     14.630  36.054757    10.6048    3.68458     14.507    32.3742    24.8004 0.0000e+00
 172.496128     14.957  35.998385    10.4563    3.65128     14.832    32.4498    24.8847 0.0000e+00
 172.496134     15.257  35.935975    10.3378    3.67407     15.129    32.4928    24.9384 0.0000e+00
 172.496140     15.522  35.887999    10.2698    3.69569     15.392    32.5053    24.9597 0.0000e+00
 172.496146     15.741  35.861655    10.2404    3.74900     15.609    32.5050    24.9644 0.0000e+00
 172.496152     15.893  35.850383    10.2319    3.80726     15.760    32.5012    24.9629 -9.990e-29
 172.496157     15.966  35.844189    10.2376    3.85524     15.832    32.4899    24.9530 -9.990e-29
 172.496163     15.956  35.840976    10.2634    3.90002     15.822    32.4635    24.9282 -9.990e-29
 172.496169     15.855  35.847669    10.3177    3.92858     15.722    32.4218    24.8864 -9.990e-29
 172.496175     15.668  35.864225    10.4120    3.93970     15.537    32.3544    24.8180 0.0000e+00
 172.496181     15.426  35.893100    10.5027    3.95444     15.297    32.3029    24.7624 0.0000e+00
 172.496186     15.157  35.920109    10.5278    3.98741     15.030    32.3078    24.7619 0.0000e+00
 172.496192     14.874  35.923547    10.5254    4.05049     14.749    32.3134    24.7667 0.0000e+00
 172.496198     14.579  35.922596    10.5403    4.12853     14.457    32.2994    24.7532 0.0000e+00
 172.496204     14.262  35.929443    10.5634    4.19884     14.142    32.2859    24.7387 0.0000e+00
 172.496209     13.908  35.934715    10.6014    4.22676     13.791    32.2577    24.7103 0.0000e+00
 172.496215     13.516  35.943202    10.6818    4.11956     13.403    32.1953    24.6479 0.0000e+00
 172.496221     13.095  35.966222    10.8169    4.05002     12.985    32.0996    24.5500 0.0000e+00
 172.496227     12.651  36.006445    10.9774    4.03620     12.545    31.9993    24.4439 0.0000e+00
 172.496233     12.200  36.053049    11.1000    4.21551     12.098    31.9388    24.3753 0.0000e+00
 172.496238     11.760  36.087472    11.1555    4.53017     11.662    31.9246    24.3546 0.0000e+00
 172.496244     11.336  36.100708    11.1852    4.85592     11.241    31.9121    24.3395 0.0000e+00
 172.496250     10.924  36.104825    11.2379    5.05307     10.833    31.8707    24.2980 0.0000e+00
 172.496256     10.510  36.113165    11.3758    5.25190     10.422    31.7601    24.1875 0.0000e+00
 172.496262     10.081  36.135165    11.7808    5.46594      9.997    31.4363    23.8631 0.0000e+00
 172.496267      9.634  36.203524    12.5046    5.80447      9.553    30.8987    23.3124 0.0000e+00
 172.496273      9.176  36.351647    13.2311    6.19456      9.099    30.4490    22.8256 0.0000e+00
 172.496279      8.711  36.537704    13.6645    6.52065      8.638    30.2767    22.6074 0.0000e+00
 172.496285      8.244  36.665133    13.8309    6.80496      8.175    30.2627    22.5635 0.0000e+00
 172.496291      7.780  36.712252    13.9452    6.99094      7.715    30.2161    22.5046 0.0000e+00
 172.496296      7.320  36.749244    14.2638    7.11848      7.259    30.0013    22.2745 0.0000e+00
 172.496302      6.854  36.879258    14.8408    7.22575      6.797    29.6754    21.9046 0.0000e+00
 172.496308      6.383  37.120887    15.3940    7.32908      6.330    29.4727    21.6321 0.0000e+00
 172.496314      5.921  37.336584    15.6878    7.30195      5.871    29.4431    21.5462 0.0000e+00
 172.496319      5.472  37.429437    15.7737    8.13049      5.426    29.4606    21.5411 0.0000e+00
 172.496325      5.032  37.440946    15.8257    6.96687      4.990    29.4321    21.5079 0.0000e+00
 172.496331      4.601  37.456029    15.9456    6.78377      4.563    29.3566    21.4238 0.0000e+00
 172.496337      4.179  37.509931    16.0867    6.66353      4.144    29.2994    21.3490 0.0000e+00
 172.496343      3.775  37.557328    16.1708    6.46437      3.743    29.2788    21.3147 0.0000e+00
 172.496348      3.392  37.549861    16.1951    6.30288      3.364    29.2546    21.2908 0.0000e+00
 172.496354      3.028  37.455739    16.2056    6.11865      3.003    29.1656    21.2202 0.0000e+00
 172.496360      2.676  37.151164    16.2592    5.98305      2.654    28.8635    20.9767 0.0000e+00
 172.496366      2.336  36.228352    16.3809    5.97400      2.316    27.9835    20.2754 0.0000e+00
 172.496372      2.020  34.027638    16.5055    5.94188      2.003    26.0251    18.7486 0.0000e+00
 172.496377      1.746  29.224267    16.5540    6.99906      1.731    21.9745    15.6408 0.0000e+00
 172.496383      1.523  25.808634    16.5170    7.10940      1.510    19.1863    13.5189 0.0000e+00
 172.496389      1.349  28.746320    16.4312    7.23858      1.338    21.6454    15.4151 0.0000e+00
 172.496395      1.217  33.065052    16.3305    7.33951      1.207    25.3226    18.2487 -9.990e-29
 172.496400      1.119  34.950739    16.2203    7.33445      1.110    27.0001    19.5571 -9.990e-29
 172.496406      1.049  35.958583    16.1010    7.45794      1.040    27.9482    20.3096 -9.990e-29
 172.496412      0.998  36.510198    15.9907    7.54188      0.990    28.5032    20.7592 -9.990e-29
 172.496418      0.959  36.593178    15.9077    7.47225      0.951    28.6350    20.8782 -9.990e-29
 172.496424      0.929  35.953706    15.8509    7.38277      0.921    28.1204    20.4958 -9.990e-29
 172.496429      0.905  33.635968    15.8090    7.30763      0.897    26.1468    18.9912 -9.990e-29
 172.496435      0.888  26.569816    15.7780    7.29048      0.881    20.1781    14.4267 -9.990e-29
 172.496441      0.870  15.753149    15.7593 -9.990e-29      0.863    11.4108     7.7278 -9.990e-29
 172.496447      0.852   8.070649    15.7502 -9.990e-29      0.845     5.5448     3.2439 -9.990e-29
 172.496453      0.836   5.060437    15.7449 -9.990e-29      0.829     3.3653     1.5750 -9.990e-29
 172.496458      0.817   4.093694    15.7405 -9.990e-29      0.810     2.6856     1.0541 -9.990e-29
 172.496464      0.793   4.050791    15.7368 -9.990e-29      0.786     2.6559     1.0320 -9.990e-29
 172.496470      0.773   3.973984    15.7342 -9.990e-29      0.767     2.6026     0.9915 -9.990e-29
 172.496476      0.758   3.506497    15.7326 -9.990e-29      0.752     2.2788     0.7431 -9.990e-29
