data/oxygen options/ONMS/Olympic_Coast_National_Marine_Sanctuary_Hypoxia_Survey_CTD_Data_2004_2015/raw_data/2005/CTD_CE80_062105faed.cnv
* Sea-Bird SBE19 Data File:
* FileName = C:\hypoxia CTD data\CE80_062105.hex
* Software Version 1.1.5
* Temperature SN = 2997
* Conductivity SN = 2997
* System UpLoad Time = Jun 21 2005 16:35:43
* SEACAT PROFILER V3.1c SN 2997   06/21/05  16:35:18.730
* strain gauge pressure sensor: S/N = 184829,  range = 3000 psia,  tc = 40
# nquan = 9                                 
# nvalues = 766                         
# units = specified
# name 0 = timeJ: Julian Days
# name 1 = prSM: Pressure, Strain Gauge [db]
# name 2 = c0mS/cm: Conductivity [mS/cm]
# name 3 = t090C: Temperature [ITS-90, deg C]
# name 4 = oxML/L: Oxygen, Beckman/YSI [ml/l]
# name 5 = depSM: Depth [salt water, m], lat = 47.5
# name 6 = sal00: Salinity, Practical [PSU]
# name 7 = sigma-é00: Density [sigma-theta, kg/m^3]
# name 8 = flag: flag
# span 0 = 172.644884, 172.649311       
# span 1 =     -3.623,     82.646       
# span 2 =   0.268268,  37.661227       
# span 3 =     8.0386,    16.7538       
# span 4 =   -0.11723,   24.23776       
# span 5 =     -3.593,     81.940       
# span 6 =     0.1614,    33.6021       
# span 7 =    -0.7187,    26.1713       
# span 8 = 0.0000e+00, 0.0000e+00       
# interval = seconds: 0.5
# start_time = Jun 21 2005 15:28:38 [Instrument's time stamp, header]
# bad_flag = -9.990e-29
*END*
 172.644884     -3.619 -9.990e-29    14.6301   -0.11723     -3.589 -9.990e-29 -9.990e-29 -9.990e-29
 172.644890     -3.620   0.269695    14.6297   -0.11711     -3.590     0.1623    -0.7179 -9.990e-29
 172.644896     -3.621   0.268276    14.6298   -0.11453     -3.591     0.1614    -0.7186 -9.990e-29
 172.644902     -3.623   0.268268    14.6302   -0.11397     -3.593     0.1614    -0.7187 -9.990e-29
 172.644907     -3.621   0.274096    14.6306   -0.11578     -3.591     0.1649    -0.7160 -9.990e-29
 172.644913     -3.610   0.288005    14.6307   -0.11577     -3.580     0.1734    -0.7094 -9.990e-29
 172.644919     -3.591   0.306953    14.6303   -0.11612     -3.561     0.1850    -0.7003 -9.990e-29
 172.644925     -3.561   0.327372    14.6299   -0.11528     -3.531     0.1976    -0.6905 -9.990e-29
 172.644931     -3.524   0.352613    14.6302   -0.09810     -3.495     0.2132    -0.6785 -9.990e-29
 172.644936     -3.481   0.405780    14.6312   -0.09509     -3.452     0.2461    -0.6531 -9.990e-29
 172.644942     -3.429   0.557762    14.6324   -0.09435     -3.400     0.3414    -0.5793 -9.990e-29
 172.644948     -3.366   1.003994    14.6335   -0.09426     -3.338     0.6285    -0.3572 -9.990e-29
 172.644954     -3.291   2.246852    14.6344   -0.09434     -3.264     1.4630     0.2875 -9.990e-29
 172.644959     -3.208   4.044726    14.6358   -0.09436     -3.181     2.7263     1.2610 -9.990e-29
 172.644965     -3.121   4.890207    14.6469   -0.09440     -3.095     3.3360     1.7285 -9.990e-29
 172.644971     -3.028   4.630956    14.7001   -0.09433     -3.003     3.1436     1.5723 -9.990e-29
 172.644977     -2.919   4.849925    14.8842   -0.09427     -2.895     3.2868     1.6538 -9.990e-29
 172.644983     -2.786   7.126649    15.3284   -0.09422     -2.763     4.9041     2.8239 -9.990e-29
 172.644988     -2.631  14.295508    15.9369   -0.09421     -2.609    10.2251     6.7893 -9.990e-29
 172.644994     -2.457  24.872272    16.3954   -0.09429     -2.437    18.4810    13.0051 -9.990e-29
 172.645000     -2.272  31.946384    16.6053   -0.09438     -2.253    24.2121    17.3400 -9.990e-29
 172.645006     -2.088  34.365348    16.6798   -0.09464     -2.071    26.1984    18.8430 -9.990e-29
 172.645012     -1.913  35.129194    16.6996   -0.09441     -1.897    26.8309    19.3225 -9.990e-29
 172.645017     -1.758  35.339400    16.7020   -0.09424     -1.743    27.0072    19.4569 -9.990e-29
 172.645023     -1.626  35.399048    16.7049   -0.09419     -1.612    27.0557    19.4934 -9.990e-29
 172.645029     -1.517  35.449364    16.7118   -0.09421     -1.504    27.0937    19.5209 -9.990e-29
 172.645035     -1.424  35.517656    16.7187   -0.09425     -1.412    27.1469    19.5601 -9.990e-29
 172.645041     -1.332  35.581760    16.7203   -0.09448     -1.321    27.2001    19.6005 -9.990e-29
 172.645046     -1.236  35.614493    16.7083   -0.09450     -1.226    27.2359    19.6306 -9.990e-29
 172.645052     -1.147  35.600101    16.6747   -0.09428     -1.137    27.2464    19.6461 -9.990e-29
 172.645058     -1.084  35.553059    16.6433   -0.09422     -1.075    27.2278    19.6388 -9.990e-29
 172.645064     -1.053  35.522798    16.6515   -0.09425     -1.044    27.1965    19.6130 -9.990e-29
 172.645069     -1.029  35.545232    16.6858   -0.09426     -1.020    27.1923    19.6022 -9.990e-29
 172.645075     -0.986  35.608808    16.7116   -0.09453     -0.978    27.2288    19.6244 -9.990e-29
 172.645081     -0.921  35.662092    16.7191   -0.09467     -0.913    27.2688    19.6534 -9.990e-29
 172.645087     -0.855  35.671889    16.7027   -0.09450     -0.848    27.2883    19.6719 -9.990e-29
 172.645093     -0.811  35.640080    16.6695   -0.09442     -0.804    27.2838    19.6758 -9.990e-29
 172.645098     -0.788  35.591558    16.6565   -0.09442     -0.781    27.2514    19.6539 -9.990e-29
 172.645104     -0.770  35.573777    16.6775   -0.09436     -0.764    27.2221    19.6268 -9.990e-29
 172.645110     -0.733  35.605096    16.7028   -0.09425     -0.727    27.2315    19.6284 -9.990e-29
 172.645116     -0.679  35.644886    16.7098   -0.09428     -0.673    27.2605    19.6491 -9.990e-29
 172.645122     -0.630  35.644198    16.6873   -0.09430     -0.625    27.2751    19.6653 -9.990e-29
 172.645127     -0.596  35.604392    16.6399   -0.09447     -0.591    27.2735    19.6745 -9.990e-29
 172.645133     -0.576  35.559320    16.6105   -0.09448     -0.571    27.2552    19.6670 -9.990e-29
 172.645139     -0.567  35.529639    16.6252   -0.09430     -0.562    27.2200    19.6368 -9.990e-29
 172.645145     -0.565  35.517277    16.6548   -0.09424     -0.560    27.1895    19.6069 -9.990e-29
 172.645150     -0.561  35.506893    16.6729   -0.09428     -0.556    27.1684    19.5868 -9.990e-29
 172.645156     -0.551  35.498693    16.6857   -0.09432     -0.546    27.1528    19.5720 -9.990e-29
 172.645162     -0.533  35.521022    16.7009   -0.09448     -0.529    27.1615    19.5753 -9.990e-29
 172.645168     -0.508  35.570604    16.7092   -0.09443     -0.504    27.1979    19.6013 -9.990e-29
 172.645174     -0.477  35.593044    16.6966   -0.09431     -0.473    27.2254    19.6252 -9.990e-29
 172.645179     -0.452  35.570076    16.6709   -0.09431     -0.448    27.2233    19.6293 -9.990e-29
 172.645185     -0.434  35.545670    16.6639   -0.09432     -0.430    27.2074    19.6186 -9.990e-29
 172.645191     -0.415  35.547858    16.6835   -0.09444     -0.412    27.1959    19.6055 -9.990e-29
 172.645197     -0.393  35.576774    16.7046   -0.09445     -0.390    27.2062    19.6087 -9.990e-29
 172.645203     -0.372  35.608210    16.7089   -0.09428     -0.369    27.2299    19.6259 -9.990e-29
 172.645208     -0.349  35.603382    16.6918   -0.09422     -0.346    27.2374    19.6354 -9.990e-29
 172.645214     -0.323  35.570462    16.6682   -0.09426     -0.320    27.2254    19.6315 -9.990e-29
 172.645220     -0.293  35.550802    16.6661   -0.09428     -0.291    27.2102    19.6203 -9.990e-29
 172.645226     -0.256  35.558015    16.6850   -0.09439     -0.254    27.2035    19.6110 -9.990e-29
 172.645231     -0.215  35.577072    16.7003   -0.09452     -0.213    27.2093    19.6120 -9.990e-29
 172.645237     -0.180  35.579028    16.6959   -0.09445     -0.178    27.2139    19.6165 -9.990e-29
 172.645243     -0.161  35.556434    16.6781   -0.09428     -0.160    27.2068    19.6150 -9.990e-29
 172.645249     -0.158  35.539742    16.6736   -0.09424     -0.157    27.1957    19.6075 -9.990e-29
 172.645255     -0.161  35.551010    16.6909   -0.09428     -0.160    27.1935    19.6020 -9.990e-29
 172.645260     -0.162  35.589029    16.7105   -0.09434     -0.161    27.2125    19.6122 -9.990e-29
 172.645266     -0.152  35.629954    16.7176   -0.09446     -0.151    27.2424    19.6335 -9.990e-29
 172.645272     -0.132  35.634199    16.7062   -0.09442     -0.131    27.2537    19.6447 -9.990e-29
 172.645278     -0.112  35.601292    16.6771   -0.09429     -0.111    27.2455    19.6449 -9.990e-29
 172.645284     -0.100  35.570917    16.6527   -0.09424     -0.099    27.2363    19.6432 -9.990e-29
 172.645289     -0.090  35.562588    16.6577   -0.09424     -0.089    27.2258    19.6341 -9.990e-29
 172.645295     -0.075  35.573066    16.6838   -0.09427     -0.074    27.2170    19.6216 -9.990e-29
 172.645301     -0.047  35.600086    16.7050   -0.09429     -0.047    27.2256    19.6234 -9.990e-29
 172.645307     -0.010  35.625324    16.7077   -0.09438     -0.010    27.2451    19.6378 -9.990e-29
 172.645312      0.029  35.619115    16.6910   -0.09437      0.029    27.2512    19.6461 -9.990e-29
 172.645318      0.061  35.591155    16.6716   -0.09433      0.060    27.2406    19.6423 -9.990e-29
 172.645324      0.080  35.577069    16.6736   -0.09431      0.079    27.2273    19.6317 -9.990e-29
 172.645330      0.090  35.585008    16.6942   -0.09429      0.089    27.2200    19.6216 -9.990e-29
 172.645336      0.101  35.605958    16.7132   -0.09428      0.100    27.2249    19.6211 -9.990e-29
 172.645341      0.122  35.629200    16.7223   -0.09429      0.121    27.2385    19.6295 -9.990e-29
 172.645347      0.154  35.637544    16.7220   -0.09429      0.153    27.2457    19.6351 -9.990e-29
 172.645353      0.191  35.621964    16.7111   -0.09429      0.189    27.2399    19.6331 -9.990e-29
 172.645359      0.227  35.597036    16.6960   -0.09427      0.225    27.2290    19.6280 -9.990e-29
 172.645365      0.255  35.583928    16.6912   -0.09423      0.253    27.2211    19.6231 -9.990e-29
 172.645370      0.273  35.583688    16.6982   -0.09421      0.271    27.2162    19.6177 -9.990e-29
 172.645376      0.282  35.585929    16.7075   14.00287      0.280    27.2118    19.6123 -9.990e-29
 172.645382      0.287  35.586938    16.7149   22.98056      0.285    27.2076    19.6075 -9.990e-29
 172.645388      0.297  35.587529    16.7204   24.23776      0.295    27.2044    19.6038 -9.990e-29
 172.645394      0.312  35.587400    16.7237   21.14702      0.309    27.2020    19.6013 -9.990e-29
 172.645399      0.325  35.584165    16.7249   13.61041      0.322    27.1985    19.5983 -9.990e-29
 172.645405      0.333  35.578585    16.7254   10.98534      0.330    27.1934    19.5943 -9.990e-29
 172.645411      0.339  35.577822    16.7268   10.97496      0.336    27.1918    19.5928 -9.990e-29
 172.645417      0.354  35.590419    16.7298   10.93648      0.351    27.2004    19.5987 -9.990e-29
 172.645422      0.378  35.621428    16.7337   10.91721      0.375    27.2241    19.6159 -9.990e-29
 172.645428      0.404  35.664567    16.7373   10.89520      0.401    27.2582    19.6412 -9.990e-29
 172.645434      0.425  35.712913    16.7393   10.87052      0.421    27.2978    19.6711 -9.990e-29
 172.645440      0.433  35.758634    16.7403   10.85226      0.429    27.3359    19.7000 -9.990e-29
 172.645446      0.430  35.785355    16.7410   10.82997      0.426    27.3580    19.7168 -9.990e-29
 172.645451      0.429  35.794533    16.7413   10.81069      0.425    27.3656    19.7226 -9.990e-29
 172.645457      0.441  35.798432    16.7419   10.79218      0.437    27.3685    19.7246 -9.990e-29
 172.645463      0.467  35.801160    16.7427   10.78242      0.463    27.3703    19.7258 -9.990e-29
 172.645469      0.498  35.804138    16.7430    8.93862      0.494    27.3726    19.7275 -9.990e-29
 172.645475      0.520  35.806318    16.7428    6.20016      0.516    27.3745    19.7291 -9.990e-29
 172.645480      0.533  35.806149    16.7424    4.77576      0.529    27.3747    19.7293 -9.990e-29
 172.645486      0.540  35.804556    16.7421    4.43453      0.535    27.3735    19.7284 -9.990e-29
 172.645492      0.555  35.803368    16.7418    5.32560      0.550    27.3727    19.7279 -9.990e-29
 172.645498      0.583  35.803272    16.7419    6.26951      0.578    27.3726    19.7278 -9.990e-29
 172.645503      0.614  35.804728    16.7421    6.58923      0.609    27.3736    19.7285 -9.990e-29
 172.645509      0.640  35.806339    16.7420    6.75910      0.635    27.3751    19.7297 -9.990e-29
 172.645515      0.660  35.805797    16.7416    6.83721      0.654    27.3749    19.7296 -9.990e-29
 172.645521      0.669  35.804089    16.7411    6.88538      0.663    27.3738    19.7289 -9.990e-29
 172.645527      0.678  35.802890    16.7405    6.89058      0.672    27.3732    19.7285 -9.990e-29
 172.645532      0.695  35.802309    16.7400    6.89222      0.689    27.3730    19.7285 -9.990e-29
 172.645538      0.717  35.802163    16.7398    6.88571      0.711    27.3730    19.7286 -9.990e-29
 172.645544      0.737  35.802284    16.7399    6.88343      0.731    27.3730    19.7286 -9.990e-29
 172.645550      0.752  35.802860    16.7401    6.88602      0.746    27.3734    19.7288 -9.990e-29
 172.645556      0.762  35.803566    16.7401    6.88575      0.756    27.3740    19.7292 -9.990e-29
 172.645561      0.765  35.803688    16.7399    6.87256      0.759    27.3742    19.7295 -9.990e-29
 172.645567      0.761  35.803418    16.7398    6.87119      0.755    27.3741    19.7294 -9.990e-29
 172.645573      0.762  35.802985    16.7399    6.86242      0.756    27.3736    19.7290 -9.990e-29
 172.645579      0.776  35.802402    16.7402    6.84635      0.770    27.3729    19.7284 -9.990e-29
 172.645584      0.800  35.802038    16.7404    6.83315      0.793    27.3725    19.7280 -9.990e-29
 172.645590      0.832  35.801996    16.7406    6.83070      0.825    27.3723    19.7278 -9.990e-29
 172.645596      0.870  35.802249    16.7410    6.83876      0.863    27.3722    19.7277 -9.990e-29
 172.645602      0.902  35.802600    16.7413    6.84264      0.894    27.3723    19.7277 -9.990e-29
 172.645608      0.918  35.802605    16.7411    6.82412      0.910    27.3724    19.7278 -9.990e-29
 172.645613      0.919  35.802287    16.7405    6.80037      0.911    27.3726    19.7281 -9.990e-29
 172.645619      0.914  35.801985    16.7402    6.79910      0.906    27.3725    19.7281 -9.990e-29
 172.645625      0.911  35.801877    16.7401    6.79557      0.903    27.3725    19.7281 -9.990e-29
 172.645631      0.918  35.802020    16.7403    6.79359      0.910    27.3725    19.7281 -9.990e-29
 172.645637      0.936  35.802614    16.7407    6.79203      0.928    27.3727    19.7281 -9.990e-29
 172.645642      0.953  35.803341    16.7411    6.78443      0.945    27.3730    19.7283 -9.990e-29
 172.645648      0.962  35.803497    16.7413    6.78306      0.954    27.3730    19.7283 -9.990e-29
 172.645654      0.972  35.803302    16.7411    6.77151      0.964    27.3730    19.7283 -9.990e-29
 172.645660      0.995  35.803627    16.7413    6.75589      0.987    27.3731    19.7283 -9.990e-29
 172.645666      1.030  35.805478    16.7418    6.75408      1.021    27.3744    19.7292 -9.990e-29
 172.645671      1.061  35.807970    16.7417    6.75537      1.052    27.3765    19.7309 -9.990e-29
 172.645677      1.083  35.808827    16.7414    6.76774      1.074    27.3775    19.7316 -9.990e-29
 172.645683      1.095  35.808642    16.7414    6.75692      1.086    27.3773    19.7315 -9.990e-29
 172.645689      1.100  35.808860    16.7420    6.73276      1.091    27.3771    19.7312 -9.990e-29
 172.645694      1.102  35.810343    16.7434    6.72216      1.093    27.3774    19.7311 -9.990e-29
 172.645700      1.109  35.814519    16.7455    6.72299      1.100    27.3795    19.7323 -9.990e-29
 172.645706      1.126  35.821361    16.7478    6.73245      1.117    27.3837    19.7350 -9.990e-29
 172.645712      1.150  35.829348    16.7491    6.74173      1.140    27.3896    19.7392 -9.990e-29
 172.645718      1.169  35.834005    16.7484    6.73448      1.159    27.3940    19.7427 -9.990e-29
 172.645723      1.176  35.830897    16.7465    6.71345      1.166    27.3927    19.7421 -9.990e-29
 172.645729      1.177  35.822620    16.7450    6.69577      1.167    27.3867    19.7379 -9.990e-29
 172.645735      1.179  35.816088    16.7452    6.70346      1.169    27.3810    19.7335 -9.990e-29
 172.645741      1.191  35.816617    16.7474    6.71498      1.181    27.3799    19.7322 -9.990e-29
 172.645747      1.211  35.824923    16.7495    6.71679      1.201    27.3855    19.7360 -9.990e-29
 172.645752      1.221  35.834152    16.7500    6.70482      1.211    27.3930    19.7416 -9.990e-29
 172.645758      1.218  35.836996    16.7492    6.68661      1.208    27.3960    19.7441 -9.990e-29
 172.645764      1.216  35.833894    16.7484    6.68691      1.206    27.3939    19.7427 -9.990e-29
 172.645770      1.225  35.829130    16.7485    6.68940      1.215    27.3898    19.7395 -9.990e-29
 172.645775      1.249  35.828137    16.7500    6.68707      1.239    27.3879    19.7377 -9.990e-29
 172.645781      1.274  35.834647    16.7515    6.68302      1.263    27.3924    19.7408 -9.990e-29
 172.645787      1.289  35.840532    16.7506    6.68453      1.278    27.3980    19.7453 -9.990e-29
 172.645793      1.296  35.835708    16.7484    6.68733      1.285    27.3954    19.7438 -9.990e-29
 172.645799      1.300  35.826649    16.7470    6.68789      1.289    27.3887    19.7390 -9.990e-29
 172.645804      1.300  35.821467    16.7465    6.67737      1.289    27.3846    19.7360 -9.990e-29
