data/oxygen options/ONMS/Olympic_Coast_National_Marine_Sanctuary_Hypoxia_Survey_CTD_Data_2004_2015/raw_data/2005/CTD_CA45_060705faed.cnv
* Sea-Bird SBE19 Data File:
* FileName = C:\hypoxia CTD data\CA45_060705.hex
* Software Version 1.1.5
* Temperature SN = 2997
* Conductivity SN = 2997
* System UpLoad Time = Jun 07 2005 15:37:54
* SEACAT PROFILER V3.1c SN 2997   06/07/05  15:35:54.026
* strain gauge pressure sensor: S/N = 184829,  range = 3000 psia,  tc = 40
# nquan = 9                                 
# nvalues = 621                         
# units = specified
# name 0 = timeJ: Julian Days
# name 1 = prSM: Pressure, Strain Gauge [db]
# name 2 = c0mS/cm: Conductivity [mS/cm]
# name 3 = t090C: Temperature [ITS-90, deg C]
# name 4 = oxML/L: Oxygen, Beckman/YSI [ml/l]
# name 5 = depSM: Depth [salt water, m], lat = 47.5
# name 6 = sal00: Salinity, Practical [PSU]
# name 7 = sigma-é00: Density [sigma-theta, kg/m^3]
# name 8 = flag: flag
# span 0 = 158.608171, 158.611759       
# span 1 =     -3.164,     46.150       
# span 2 =   0.797517,  37.398677       
# span 3 =     8.4463,    14.3145       
# span 4 =   -0.12199,   26.06934       
# span 5 =     -3.138,     45.760       
# span 6 =     0.5135,    33.2142       
# span 7 =    -0.2397,    25.8055       
# span 8 = 0.0000e+00, 0.0000e+00       
# interval = seconds: 0.5
# start_time = Jun 07 2005 14:35:46 [Instrument's time stamp, header]
# bad_flag = -9.990e-29
*END*
[from data line 321]
 158.610029      2.266  37.380477    14.2851    7.00471      2.247    30.5596    22.7004 -9.990e-29
 158.610035      2.273  37.381985    14.2854    6.99930      2.254    30.5607    22.7012 -9.990e-29
 158.610041      2.284  37.381682    14.2835    6.99650      2.265    30.5620    22.7025 -9.990e-29
 158.610046      2.302  37.379727    14.2797    7.00190      2.283    30.5632    22.7042 -9.990e-29
 158.610052      2.324  37.376324    14.2753    7.01277      2.305    30.5636    22.7054 -9.990e-29
 158.610058      2.345  37.372545    14.2720    7.01559      2.325    30.5627    22.7055 -9.990e-29
 158.610064      2.356  37.370087    14.2706    7.01424      2.336    30.5616    22.7049 -9.990e-29
 158.610069      2.353  37.369039    14.2707    7.01543      2.333    30.5606    22.7041 -9.990e-29
 158.610075      2.342  37.369126    14.2714    7.01495      2.322    30.5601    22.7036 -9.990e-29
 158.610081      2.334  37.369910    14.2718    7.00552      2.315    30.5605    22.7038 -9.990e-29
 158.610087      2.337  37.370196    14.2716    7.00234      2.317    30.5609    22.7042 -9.990e-29
 158.610093      2.347  37.369811    14.2707    6.99671      2.327    30.5613    22.7046 -9.990e-29
 158.610098      2.356  37.368805    14.2696    7.00789      2.336    30.5612    22.7048 -9.990e-29
 158.610104      2.357  37.367523    14.2698    7.01446      2.337    30.5599    22.7037 -9.990e-29
 158.610110      2.348  37.367621    14.2713    7.00612      2.328    30.5588    22.7026 -9.990e-29
 158.610116      2.339  37.369235    14.2728    6.99473      2.319    30.5591    22.7025 -9.990e-29
 158.610122      2.333  37.370596    14.2732    6.98300      2.314    30.5600    22.7031 -9.990e-29
 158.610127      2.333  37.370720    14.2719    6.99353      2.314    30.5611    22.7043 -9.990e-29
 158.610133      2.344  37.369775    14.2694    7.01558      2.324    30.5623    22.7056 -9.990e-29
 158.610139      2.359  37.368191    14.2670    7.00792      2.339    30.5627    22.7065 -9.990e-29
 158.610145      2.369  37.366660    14.2657    7.00798      2.349    30.5623    22.7065 -9.990e-29
 158.610150      2.375  37.365948    14.2655    7.00180      2.355    30.5619    22.7061 -9.990e-29
 158.610156      2.378  37.366233    14.2652    6.98958      2.358    30.5623    22.7066 -9.990e-29
 158.610162      2.382  37.366215    14.2631    7.02093      2.362    30.5640    22.7083 -9.990e-29
 158.610168      2.387  37.364193    14.2594    7.01528      2.367    30.5651    22.7099 -9.990e-29
 158.610174      2.386  37.360838    14.2573    7.00211      2.366    30.5637    22.7092 -9.990e-29
 158.610179      2.373  37.358971    14.2583    6.99659      2.353    30.5612    22.7071 -9.990e-29
 158.610185      2.352  37.360030    14.2602    6.98145      2.332    30.5607    22.7063 -9.990e-29
 158.610191      2.335  37.361506    14.2597    6.99188      2.315    30.5624    22.7077 -9.990e-29
 158.610197      2.329  37.360326    14.2566    7.01357      2.310    30.5638    22.7094 -9.990e-29
 158.610203      2.330  37.357163    14.2531    7.01064      2.311    30.5637    22.7101 -9.990e-29
 158.610208      2.333  37.354534    14.2511    7.00445      2.314    30.5629    22.7099 -9.990e-29
 158.610214      2.335  37.353422    14.2506    6.99256      2.315    30.5623    22.7095 -9.990e-29
 158.610220      2.330  37.353470    14.2503    6.99163      2.311    30.5625    22.7098 -9.990e-29
 158.610226      2.323  37.353622    14.2482    7.01547      2.304    30.5643    22.7116 -9.990e-29
 158.610231      2.319  37.351843    14.2443    7.02208      2.300    30.5658    22.7135 -9.990e-29
 158.610237      2.316  37.348009    14.2414    7.01649      2.297    30.5646    22.7132 -9.990e-29
 158.610243      2.314  37.345424    14.2414    7.00925      2.295    30.5623    22.7114 -9.990e-29
 158.610249      2.313  37.346252    14.2427    6.99729      2.294    30.5620    22.7109 -9.990e-29
 158.610255      2.318  37.348235    14.2432    6.99911      2.299    30.5634    22.7119 -9.990e-29
 158.610260      2.334  37.348414    14.2430    7.00606      2.315    30.5637    22.7122 -9.990e-29
 158.610266      2.355  37.347592    14.2433    7.00926      2.335    30.5627    22.7113 -9.990e-29
 158.610272      2.377  37.347482    14.2445    7.00778      2.357    30.5617    22.7103 -9.990e-29
 158.610278      2.391  37.347939    14.2460    7.01484      2.371    30.5609    22.7094 -9.990e-29
 158.610284      2.394  37.348641    14.2469    7.00977      2.374    30.5608    22.7091 -9.990e-29
 158.610289      2.386  37.349401    14.2469    7.00468      2.366    30.5615    22.7097 -9.990e-29
 158.610295      2.372  37.349729    14.2465    7.00319      2.352    30.5621    22.7102 -9.990e-29
 158.610301      2.362  37.349487    14.2459    7.00601      2.342    30.5624    22.7105 -9.990e-29
 158.610307      2.365  37.349083    14.2442    7.01429      2.345    30.5634    22.7116 -9.990e-29
 158.610312      2.378  37.347965    14.2414    7.01711      2.358    30.5646    22.7131 -9.990e-29
 158.610318      2.395  37.345747    14.2390    7.01450      2.375    30.5644    22.7135 -9.990e-29
 158.610324      2.415  37.343944    14.2387    6.99418      2.395    30.5630    22.7125 -9.990e-29
 158.610330      2.429  37.344059    14.2401    6.99726      2.409    30.5620    22.7114 -9.990e-29
 158.610336      2.439  37.345670    14.2413    7.00542      2.419    30.5625    22.7116 -9.990e-29
 158.610341      2.451  37.346982    14.2420    7.00703      2.431    30.5632    22.7119 -9.990e-29
 158.610347      2.459  37.347489    14.2428    7.00577      2.438    30.5630    22.7116 -9.990e-29
 158.610353      2.461  37.347851    14.2432    7.00010      2.440    30.5630    22.7116 -9.990e-29
 158.610359      2.460  37.347975    14.2426    7.00222      2.439    30.5636    22.7121 -9.990e-29
 158.610365      2.470  37.347449    14.2411    7.01380      2.449    30.5643    22.7130 -9.990e-29
 158.610370      2.496  37.346121    14.2394    7.01715      2.475    30.5644    22.7134 -9.990e-29
 158.610376      2.525  37.344446    14.2383    7.01570      2.504    30.5637    22.7132 -9.990e-29
 158.610382      2.553  37.343538    14.2381    7.02295      2.532    30.5631    22.7127 -9.990e-29
 158.610388      2.579  37.343855    14.2387    7.02376      2.557    30.5629    22.7124 -9.990e-29
 158.610394      2.612  37.344680    14.2394    7.01518      2.590    30.5631    22.7124 -9.990e-29
 158.610399      2.660  37.344856    14.2397    7.01037      2.638    30.5630    22.7123 -9.990e-29
 158.610405      2.727  37.344604    14.2405    7.00134      2.704    30.5621    22.7114 -9.990e-29
 158.610411      2.808  37.345255    14.2418    7.01506      2.785    30.5616    22.7108 -9.990e-29
 158.610417      2.906  37.346538    14.2429    7.02697      2.882    30.5619    22.7108 -9.990e-29
 158.610422      3.021  37.347346    14.2435    7.02936      2.996    30.5621    22.7108 -9.990e-29
 158.610428      3.152  37.347619    14.2436    7.05368      3.126    30.5622    22.7109 0.0000e+00
 158.610434      3.308  37.347705    14.2429    7.09837      3.280    30.5628    22.7115 0.0000e+00
 158.610440      3.503  37.347702    14.2418    7.13307      3.474    30.5636    22.7123 0.0000e+00
 158.610446      3.740  37.347593    14.2409    7.12617      3.709    30.5641    22.7129 0.0000e+00
 158.610451      4.014  37.347216    14.2379    7.07021      3.980    30.5660    22.7150 0.0000e+00
 158.610457      4.316  37.344929    14.2280    6.99523      4.280    30.5717    22.7214 0.0000e+00
 158.610463      4.640  37.338226    14.2069    6.94660      4.601    30.5822    22.7338 0.0000e+00
 158.610469      4.981  37.326005    14.1616    6.96996      4.939    30.6068    22.7621 0.0000e+00
 158.610475      5.339  37.302606    14.0611    7.03899      5.294    30.6651    22.8275 0.0000e+00
 158.610480      5.720  37.253076    13.8792    7.09667      5.672    30.7648    22.9412 0.0000e+00
 158.610486      6.127  37.167437    13.6375    7.09613      6.076    30.8800    23.0785 0.0000e+00
 158.610492      6.551  37.061020    13.3823    6.94403      6.496    30.9878    23.2124 0.0000e+00
 158.610498      6.981  36.956762    13.1305    6.69621      6.923    31.0959    23.3452 0.0000e+00
 158.610503      7.414  36.855225    12.8810    6.40966      7.352    31.2054    23.4782 0.0000e+00
 158.610509      7.853  36.751626    12.6325    6.12760      7.787    31.3132    23.6092 0.0000e+00
 158.610515      8.299  36.648528    12.3880    5.90268      8.230    31.4190    23.7373 0.0000e+00
 158.610521      8.756  36.549161    12.1698    5.73694      8.683    31.5071    23.8464 0.0000e+00
 158.610527      9.222  36.461729    12.0002    5.64188      9.145    31.5661    23.9236 0.0000e+00
 158.610532      9.694  36.393521    11.8745    5.59759      9.613    31.6067    23.9782 0.0000e+00
 158.610538     10.170  36.342133    11.7667    5.56353     10.085    31.6485    24.0304 0.0000e+00
 158.610544     10.652  36.293396    11.6605    5.51197     10.563    31.6916    24.0831 0.0000e+00
 158.610550     11.140  36.238366    11.5617    5.43348     11.047    31.7224    24.1249 0.0000e+00
 158.610556     11.641  36.183260    11.4612    5.30997     11.544    31.7547    24.1681 0.0000e+00
 158.610561     12.154  36.122416    11.3375    5.15482     12.052    31.8014    24.2265 0.0000e+00
 158.610567     12.680  36.041965    11.1883    4.98387     12.574    31.8511    24.2916 0.0000e+00
 158.610573     13.213  35.942263    11.0145    4.75271     13.102    31.9034    24.3629 0.0000e+00
 158.610579     13.749  35.827148    10.8063    4.54819     13.634    31.9707    24.4515 0.0000e+00
 158.610584     14.291  35.693356    10.5612    4.33401     14.171    32.0522    24.5570 0.0000e+00
 158.610590     14.841  35.539070    10.3010    4.12751     14.717    32.1270    24.6594 0.0000e+00
 158.610596     15.394  35.376623    10.0580    3.99060     15.265    32.1787    24.7403 0.0000e+00
 158.610602     15.948  35.228198     9.8529    3.87679     15.814    32.2109    24.7993 0.0000e+00
 158.610608     16.490  35.115602     9.6979    3.81711     16.352    32.2348    24.8432 0.0000e+00
 158.610613     17.017  35.050111     9.5849    3.80148     16.874    32.2692    24.8883 0.0000e+00
 158.610619     17.536  35.015551     9.4870    3.78957     17.389    32.3217    24.9451 0.0000e+00
 158.610625     18.051  34.986547     9.3983    3.78866     17.900    32.3718    24.9984 0.0000e+00
 158.610631     18.565  34.959152     9.3282    3.79028     18.409    32.4069    25.0370 0.0000e+00
 158.610637     19.080  34.937735     9.2801    3.79683     18.920    32.4283    25.0613 0.0000e+00
 158.610642     19.591  34.923981     9.2547    3.80000     19.427    32.4369    25.0721 0.0000e+00
 158.610648     20.091  34.919706     9.2445    3.80517     19.922    32.4416    25.0773 0.0000e+00
 158.610654     20.583  34.920867     9.2286    3.79621     20.410    32.4570    25.0919 0.0000e+00
 158.610660     21.077  34.917219     9.1931    3.79361     20.900    32.4853    25.1197 0.0000e+00
 158.610666     21.582  34.907808     9.1463    3.78578     21.401    32.5180    25.1526 0.0000e+00
 158.610671     22.097  34.902493     9.1045    3.78278     21.911    32.5505    25.1845 0.0000e+00
 158.610677     22.611  34.903134     9.0746    3.76477     22.421    32.5782    25.2109 0.0000e+00
 158.610683     23.119  34.906636     9.0519    3.74781     22.925    32.6024    25.2334 0.0000e+00
 158.610689     23.624  34.911477     9.0283    3.73701     23.425    32.6289    25.2578 0.0000e+00
 158.610694     24.131  34.916242     9.0008    3.71978     23.928    32.6588    25.2855 0.0000e+00
 158.610700     24.640  34.921659     8.9722    3.69874     24.433    32.6905    25.3148 0.0000e+00
 158.610706     25.143  34.928205     8.9452    3.67293     24.932    32.7220    25.3436 0.0000e+00
 158.610712     25.638  34.935616     8.9203    3.64341     25.422    32.7524    25.3713 0.0000e+00
 158.610718     26.120  34.943661     8.8964    3.61010     25.900    32.7826    25.3987 0.0000e+00
 158.610723     26.583  34.949591     8.8696    3.57676     26.359    32.8134    25.4269 0.0000e+00
 158.610729     27.037  34.952321     8.8386    3.53375     26.810    32.8447    25.4562 0.0000e+00
 158.610735     27.493  34.955475     8.8032    3.48423     27.262    32.8806    25.4898 0.0000e+00
 158.610741     27.958  34.959874     8.7602    3.44927     27.723    32.9249    25.5311 0.0000e+00
 158.610747     28.433  34.964075     8.7071    3.41200     28.194    32.9785    25.5813 0.0000e+00
 158.610752     28.914  34.970294     8.6508    3.37696     28.671    33.0374    25.6360 0.0000e+00
 158.610758     29.396  34.978952     8.6063    3.35467     29.149    33.0879    25.6823 0.0000e+00
 158.610764     29.872  34.985870     8.5810    3.33912     29.621    33.1187    25.7103 0.0000e+00
 158.610770     30.334  34.989593     8.5709    3.34041     30.079    33.1318    25.7222 0.0000e+00
 158.610775     30.786  34.991136     8.5656    3.34217     30.527    33.1382    25.7280 0.0000e+00
 158.610781     31.239  34.990294     8.5560    3.33478     30.976    33.1461    25.7357 0.0000e+00
 158.610787     31.705  34.988171     8.5429    3.33377     31.438    33.1560    25.7454 0.0000e+00
 158.610793     32.192  34.986969     8.5317    3.33804     31.921    33.1650    25.7542 0.0000e+00
 158.610799     32.698  34.986749     8.5239    3.33022     32.423    33.1719    25.7608 0.0000e+00
 158.610804     33.211  34.986638     8.5183    3.32294     32.931    33.1768    25.7655 0.0000e+00
 158.610810     33.721  34.986468     8.5136    3.31517     33.437    33.1808    25.7693 0.0000e+00
 158.610816     34.219  34.985993     8.5095    3.31642     33.931    33.1839    25.7724 0.0000e+00
 158.610822     34.697  34.985124     8.5060    3.33084     34.405    33.1861    25.7746 0.0000e+00
 158.610828     35.152  34.983803     8.5033    3.32064     34.856    33.1870    25.7758 0.0000e+00
 158.610833     35.583  34.982495     8.5020    3.32185     35.283    33.1867    25.7757 0.0000e+00
 158.610839     35.992  34.982241     8.5016    3.30994     35.688    33.1866    25.7757 0.0000e+00
 158.610845     36.378  34.982127     8.4997    3.30969     36.071    33.1881    25.7772 0.0000e+00
 158.610851     36.745  34.980303     8.4965    3.31104     36.435    33.1890    25.7784 0.0000e+00
 158.610856     37.096  34.977685     8.4940    3.31060     36.783    33.1884    25.7783 0.0000e+00
 158.610862     37.422  34.976371     8.4935    3.31555     37.106    33.1874    25.7776 0.0000e+00
 158.610868     37.715  34.976836     8.4944    3.31522     37.397    33.1869    25.7771 0.0000e+00
 158.610874     37.975  34.977438     8.4952    3.32342     37.655    33.1866    25.7768 0.0000e+00
 158.610880     38.221  34.976721     8.4956    3.31621     37.898    33.1854    25.7757 0.0000e+00
 158.610885     38.474  34.975960     8.4955    3.30592     38.149    33.1846    25.7751 0.0000e+00
 158.610891     38.761  34.975807     8.4940    3.30713     38.434    33.1857    25.7762 0.0000e+00
 158.610897     39.095  34.974924     8.4908    3.30461     38.765    33.1876    25.7782 0.0000e+00
 158.610903     39.472  34.973242     8.4875    3.29974     39.139    33.1888    25.7796 0.0000e+00
 158.610909     39.881  34.971863     8.4847    3.29661     39.544    33.1898    25.7808 0.0000e+00
 158.610914     40.311  34.971175     8.4821    3.29054     39.971    33.1913    25.7824 0.0000e+00
 158.610920     40.750  34.970803     8.4791    3.29000     40.406    33.1935    25.7846 0.0000e+00
 158.610926     41.191  34.970232     8.4753    3.29015     40.843    33.1963    25.7874 0.0000e+00
 158.610932     41.630  34.969245     8.4707    3.27337     41.278    33.1994    25.7905 0.0000e+00
 158.610938     42.063  34.968192     8.4664    3.26725     41.708    33.2021    25.7933 0.0000e+00
 158.610943     42.493  34.967332     8.4624    3.26511     42.134    33.2048    25.7960 0.0000e+00
