data/oxygen options/ONMS/Olympic_Coast_National_Marine_Sanctuary_Hypoxia_Survey_CTD_Data_2004_2015/raw_data/2005/CTD_CE40_060805faed.cnv
* Sea-Bird SBE19 Data File:
* FileName = C:\hypoxia CTD data\CE40_060805.hex
* Software Version 1.1.5
* Temperature SN = 2997
* Conductivity SN = 2997
* System UpLoad Time = Jun 08 2005 15:58:33
* SEACAT PROFILER V3.1c SN 2997   06/08/05  15:57:44.235
* strain gauge pressure sensor: S/N = 184829,  range = 3000 psia,  tc = 40
# nquan = 9                                 
# nvalues = 1156                        
# units = specified
# name 0 = timeJ: Julian Days
# name 1 = prSM: Pressure, Strain Gauge [db]
# name 2 = c0mS/cm: Conductivity [mS/cm]
# name 3 = t090C: Temperature [ITS-90, deg C]
# name 4 = oxML/L: Oxygen, Beckman/YSI [ml/l]
# name 5 = depSM: Depth [salt water, m], lat = 47.5
# name 6 = sal00: Salinity, Practical [PSU]
# name 7 = sigma-é00: Density [sigma-theta, kg/m^3]
# name 8 = flag: flag
# span 0 = 159.564282, 159.570966       
# span 1 =     -3.841,     41.985       
# span 2 =   0.166568,  36.778331       
# span 3 =     9.9121,    15.5960       
# span 4 =   -0.12142,   24.67416       
# span 5 =     -3.809,     41.630       
# span 6 =     0.1029,    32.5585       
# span 7 =    -0.5877,    25.0611       
# span 8 = 0.0000e+00, 0.0000e+00       
# interval = seconds: 0.5
# start_time = Jun 08 2005 13:32:34 [Instrument's time stamp, header]
# bad_flag = -9.990e-29
*END*
[from data line 801]
 159.568918     40.222  35.663222     9.9806    4.47889     39.882    32.5272    25.0256 -9.990e-29
 159.568924     40.230  35.661295     9.9834    4.48205     39.890    32.5228    25.0216 -9.990e-29
 159.568929     40.225  35.662033     9.9903    4.47634     39.885    32.5173    25.0162 -9.990e-29
 159.568935     40.211  35.664731     9.9976    4.47376     39.872    32.5135    25.0120 -9.990e-29
 159.568941     40.200  35.668493    10.0004    4.47109     39.861    32.5148    25.0126 -9.990e-29
 159.568947     40.203  35.670482     9.9959    4.47399     39.864    32.5208    25.0180 -9.990e-29
 159.568953     40.222  35.668301     9.9870    4.45852     39.882    32.5266    25.0240 -9.990e-29
 159.568958     40.248  35.664080     9.9803    4.44826     39.908    32.5284    25.0265 -9.990e-29
 159.568964     40.275  35.661153     9.9789    4.45216     39.935    32.5266    25.0254 -9.990e-29
 159.568970     40.292  35.660654     9.9798    4.45905     39.952    32.5253    25.0242 -9.990e-29
 159.568976     40.291  35.661350     9.9805    4.46278     39.951    32.5254    25.0241 -9.990e-29
 159.568981     40.281  35.661918     9.9806    4.45647     39.941    32.5259    25.0245 -9.990e-29
 159.568987     40.274  35.661988     9.9796    4.44666     39.934    32.5269    25.0254 -9.990e-29
 159.568993     40.274  35.661085     9.9778    4.45306     39.934    32.5276    25.0263 -9.990e-29
 159.568999     40.280  35.659682     9.9759    4.45309     39.940    32.5279    25.0268 -9.990e-29
 159.569005     40.290  35.658703     9.9749    4.45591     39.950    32.5278    25.0269 -9.990e-29
 159.569010     40.295  35.658519     9.9752    4.45722     39.955    32.5273    25.0265 -9.990e-29
 159.569016     40.290  35.658878     9.9755    4.45605     39.950    32.5274    25.0265 -9.990e-29
 159.569022     40.281  35.659128     9.9752    4.45214     39.941    32.5279    25.0270 -9.990e-29
 159.569028     40.274  35.659035     9.9745    4.45059     39.934    32.5285    25.0275 -9.990e-29
 159.569034     40.275  35.658470     9.9738    4.45649     39.935    32.5285    25.0277 -9.990e-29
 159.569039     40.282  35.657793     9.9739    4.46561     39.942    32.5277    25.0271 -9.990e-29
 159.569045     40.292  35.657777     9.9747    4.46371     39.952    32.5270    25.0264 -9.990e-29
 159.569051     40.298  35.658393     9.9757    4.45613     39.958    32.5267    25.0260 -9.990e-29
 159.569057     40.294  35.659334     9.9765    4.44446     39.954    32.5270    25.0260 -9.990e-29
 159.569063     40.282  35.660165     9.9768    4.45412     39.942    32.5275    25.0264 -9.990e-29
 159.569068     40.264  35.660306     9.9769    4.46778     39.924    32.5276    25.0265 -9.990e-29
 159.569074     40.244  35.659940     9.9774    4.46683     39.904    32.5268    25.0257 -9.990e-29
 159.569080     40.220  35.659692     9.9787    4.46570     39.880    32.5254    25.0244 -9.990e-29
 159.569086     40.200  35.659788     9.9811    4.45898     39.861    32.5233    25.0224 -9.990e-29
 159.569091     40.194  35.660349     9.9829    4.45167     39.855    32.5223    25.0213 -9.990e-29
 159.569097     40.208  35.660993     9.9824    4.45402     39.869    32.5234    25.0222 -9.990e-29
 159.569103     40.236  35.660893     9.9797    4.46642     39.896    32.5257    25.0245 -9.990e-29
 159.569109     40.265  35.659908     9.9773    4.46952     39.925    32.5268    25.0258 -9.990e-29
 159.569115     40.279  35.658958     9.9781    4.47272     39.939    32.5251    25.0243 -9.990e-29
 159.569120     40.279  35.659571     9.9816    4.46419     39.939    32.5226    25.0218 -9.990e-29
 159.569126     40.277  35.661438     9.9842    4.45729     39.937    32.5222    25.0210 -9.990e-29
 159.569132     40.286  35.662557     9.9840    4.45688     39.946    32.5235    25.0221 -9.990e-29
 159.569138     40.302  35.662171     9.9816    4.46418     39.962    32.5252    25.0238 -9.990e-29
 159.569144     40.315  35.660880     9.9789    4.46772     39.975    32.5264    25.0252 -9.990e-29
 159.569149     40.316  35.659758     9.9781    4.46051     39.976    32.5259    25.0250 -9.990e-29
 159.569155     40.300  35.659543     9.9792    4.45230     39.960    32.5247    25.0238 -9.990e-29
 159.569161     40.276  35.659943     9.9805    4.44857     39.936    32.5240    25.0230 -9.990e-29
 159.569167     40.259  35.660362     9.9813    4.46373     39.919    32.5237    25.0227 -9.990e-29
 159.569172     40.252  35.660421     9.9812    4.47773     39.912    32.5238    25.0228 -9.990e-29
 159.569178     40.242  35.660194     9.9809    4.48160     39.902    32.5239    25.0229 -9.990e-29
 159.569184     40.223  35.660122     9.9824    4.46691     39.883    32.5225    25.0215 -9.990e-29
 159.569190     40.204  35.660661     9.9857    4.45587     39.865    32.5201    25.0191 -9.990e-29
 159.569196     40.192  35.662152     9.9885    4.45891     39.853    32.5191    25.0179 -9.990e-29
 159.569201     40.194  35.663776     9.9877    4.46341     39.855    32.5214    25.0198 -9.990e-29
 159.569207     40.210  35.663770     9.9834    4.46250     39.871    32.5253    25.0236 -9.990e-29
 159.569213     40.234  35.662123     9.9796    4.46015     39.894    32.5270    25.0256 -9.990e-29
 159.569219     40.257  35.660556     9.9781    4.45160     39.917    32.5268    25.0256 -9.990e-29
 159.569225     40.277  35.659778     9.9772    4.45778     39.937    32.5268    25.0258 -9.990e-29
 159.569230     40.296  35.659309     9.9757    4.46309     39.956    32.5277    25.0267 -9.990e-29
 159.569236     40.306  35.658517     9.9750    4.45800     39.966    32.5275    25.0267 -9.990e-29
 159.569242     40.300  35.658026     9.9769    4.45855     39.960    32.5253    25.0246 -9.990e-29
 159.569248     40.284  35.658857     9.9796    4.44973     39.944    32.5237    25.0230 -9.990e-29
 159.569253     40.272  35.659870     9.9807    4.44909     39.932    32.5237    25.0228 -9.990e-29
 159.569259     40.267  35.660170     9.9800    4.45804     39.927    32.5247    25.0237 -9.990e-29
 159.569265     40.267  35.660153     9.9772    4.45404     39.927    32.5272    25.0261 -9.990e-29
 159.569271     40.275  35.659232     9.9740    4.45414     39.935    32.5291    25.0281 -9.990e-29
 159.569277     40.289  35.657854     9.9730    4.44189     39.949    32.5286    25.0279 -9.990e-29
 159.569282     40.310  35.657544     9.9734    4.44398     39.970    32.5279    25.0273 -9.990e-29
 159.569288     40.337  35.657881     9.9728    4.45381     39.996    32.5288    25.0281 -9.990e-29
 159.569294     40.361  35.657630     9.9708    4.45780     40.020    32.5303    25.0296 -9.990e-29
 159.569300     40.381  35.656449     9.9695    4.45708     40.040    32.5303    25.0298 -9.990e-29
 159.569306     40.393  35.655564     9.9707    4.45139     40.052    32.5283    25.0280 -9.990e-29
 159.569311     40.394  35.656032     9.9736    4.44867     40.053    32.5262    25.0259 -9.990e-29
 159.569317     40.388  35.657351     9.9764    4.45666     40.047    32.5250    25.0245 -9.990e-29
 159.569323     40.378  35.658472     9.9777    4.46249     40.037    32.5250    25.0243 -9.990e-29
 159.569329     40.370  35.658645     9.9777    4.45799     40.029    32.5251    25.0244 -9.990e-29
 159.569334     40.370  35.658656     9.9778    4.45620     40.029    32.5251    25.0243 -9.990e-29
 159.569340     40.383  35.659076     9.9783    4.45679     40.042    32.5250    25.0242 -9.990e-29
 159.569346     40.409  35.659341     9.9786    4.45844     40.068    32.5250    25.0242 -9.990e-29
 159.569352     40.455  35.659239     9.9779    4.45601     40.113    32.5255    25.0247 -9.990e-29
 159.569358     40.528  35.658629     9.9768    4.46663     40.186    32.5259    25.0251 -9.990e-29
 159.569363     40.628  35.657818     9.9757    4.45620     40.285    32.5260    25.0254 -9.990e-29
 159.569369     40.754  35.657399     9.9735    4.43434     40.410    32.5275    25.0269 0.0000e+00
 159.569375     40.903  35.656809     9.9678    4.41057     40.558    32.5320    25.0314 0.0000e+00
 159.569381     41.078  35.654698     9.9569    4.37679     40.731    32.5396    25.0391 0.0000e+00
 159.569387     41.273  35.650488     9.9425    4.37544     40.924    32.5482    25.0482 0.0000e+00
 159.569392     41.469  35.644726     9.9281    4.36798     41.119    32.5552    25.0561 0.0000e+00
 159.569398     41.646  35.638692     9.9176    4.36436     41.294    32.5585    25.0604 0.0000e+00
 159.569404     41.789  35.634420     9.9128    4.36969     41.436    32.5584    25.0611 -9.990e-29
 159.569410     41.894  35.632936     9.9121    4.35012     41.540    32.5575    25.0605 -9.990e-29
 159.569416     41.959  35.633375     9.9142    4.36817     41.605    32.5560    25.0590 -9.990e-29
 159.569421     41.985  35.634634     9.9182    4.39068     41.630    32.5537    25.0566 -9.990e-29
 159.569427     41.973  35.636143     9.9221    4.40795     41.618    32.5517    25.0544 -9.990e-29
 159.569433     41.926  35.637109     9.9241    4.40670     41.572    32.5509    25.0534 -9.990e-29
 159.569439     41.854  35.637133     9.9252    4.39678     41.500    32.5500    25.0525 -9.990e-29
 159.569444     41.774  35.637367     9.9274    4.40899     41.421    32.5483    25.0508 -9.990e-29
 159.569450     41.702  35.638680     9.9298    4.41998     41.350    32.5475    25.0498 -9.990e-29
 159.569456     41.643  35.640017     9.9308    4.42111     41.291    32.5479    25.0500 -9.990e-29
 159.569462     41.588  35.640355     9.9324    4.42161     41.237    32.5469    25.0489 -9.990e-29
 159.569468     41.525  35.640701     9.9362    4.41860     41.174    32.5438    25.0459 -9.990e-29
 159.569473     41.454  35.642070     9.9412    4.42421     41.104    32.5407    25.0426 -9.990e-29
 159.569479     41.389  35.644041     9.9447    4.42798     41.039    32.5396    25.0412 -9.990e-29
 159.569485     41.336  35.645315     9.9442    4.41724     40.987    32.5414    25.0426 -9.990e-29
 159.569491     41.299  35.644785     9.9417    4.41803     40.950    32.5431    25.0444 -9.990e-29
 159.569497     41.269  35.643425     9.9403    4.41162     40.920    32.5430    25.0446 -9.990e-29
 159.569502     41.241  35.642779     9.9394    4.41890     40.893    32.5432    25.0448 -9.990e-29
 159.569508     41.213  35.642543     9.9388    4.42698     40.865    32.5435    25.0452 -9.990e-29
 159.569514     41.183  35.642397     9.9400    4.43263     40.835    32.5423    25.0440 -9.990e-29
 159.569520     41.150  35.642700     9.9433    4.44234     40.802    32.5396    25.0414 -9.990e-29
 159.569525     41.119  35.643854     9.9472    4.42042     40.772    32.5373    25.0389 -9.990e-29
 159.569531     41.106  35.645713     9.9479    4.41333     40.759    32.5386    25.0398 -9.990e-29
 159.569537     41.114  35.646267     9.9437    4.41529     40.767    32.5429    25.0439 -9.990e-29
 159.569543     41.136  35.644568     9.9381    4.41812     40.789    32.5462    25.0474 -9.990e-29
 159.569549     41.164  35.642273     9.9345    4.41383     40.816    32.5471    25.0487 -9.990e-29
 159.569554     41.186  35.640798     9.9341    4.40918     40.838    32.5460    25.0479 -9.990e-29
 159.569560     41.197  35.640415     9.9362    4.41278     40.849    32.5437    25.0458 -9.990e-29
 159.569566     41.200  35.641168     9.9388    4.40389     40.852    32.5421    25.0441 -9.990e-29
 159.569572     41.205  35.642374     9.9390    4.40658     40.857    32.5431    25.0449 -9.990e-29
 159.569578     41.216  35.642275     9.9362    4.40490     40.868    32.5456    25.0472 -9.990e-29
 159.569583     41.230  35.640735     9.9333    4.40401     40.882    32.5466    25.0485 -9.990e-29
 159.569589     41.243  35.639621     9.9324    4.40462     40.895    32.5463    25.0484 -9.990e-29
 159.569595     41.252  35.639683     9.9324    4.40352     40.904    32.5463    25.0485 -9.990e-29
 159.569601     41.253  35.639879     9.9325    4.40436     40.905    32.5464    25.0485 -9.990e-29
 159.569606     41.251  35.639903     9.9334    4.41105     40.903    32.5457    25.0478 -9.990e-29
 159.569612     41.249  35.640346     9.9346    4.41595     40.901    32.5450    25.0471 -9.990e-29
 159.569618     41.247  35.640673     9.9356    4.40966     40.899    32.5445    25.0465 -9.990e-29
 159.569624     41.246  35.640755     9.9368    4.41303     40.898    32.5435    25.0455 -9.990e-29
 159.569630     41.249  35.641256     9.9380    4.41894     40.901    32.5429    25.0448 -9.990e-29
 159.569635     41.262  35.641719     9.9379    4.41516     40.914    32.5434    25.0453 -9.990e-29
 159.569641     41.279  35.641639     9.9366    4.41538     40.930    32.5445    25.0464 -9.990e-29
 159.569647     41.299  35.641465     9.9360    4.41025     40.950    32.5449    25.0467 -9.990e-29
 159.569653     41.319  35.641520     9.9369    4.41643     40.970    32.5441    25.0460 -9.990e-29
 159.569659     41.326  35.641873     9.9384    4.41424     40.977    32.5431    25.0450 -9.990e-29
 159.569664     41.314  35.642428     9.9395    4.41944     40.965    32.5427    25.0444 -9.990e-29
 159.569670     41.289  35.642798     9.9400    4.43280     40.940    32.5426    25.0443 -9.990e-29
 159.569676     41.262  35.642913     9.9407    4.43539     40.914    32.5421    25.0438 -9.990e-29
 159.569682     41.237  35.642925     9.9415    4.42440     40.889    32.5414    25.0431 -9.990e-29
 159.569687     41.215  35.642844     9.9416    4.41538     40.867    32.5413    25.0430 -9.990e-29
 159.569693     41.205  35.642559     9.9411    4.41034     40.857    32.5414    25.0432 -9.990e-29
 159.569699     41.210  35.642247     9.9403    4.41969     40.862    32.5418    25.0436 -9.990e-29
 159.569705     41.225  35.642048     9.9396    4.41983     40.877    32.5423    25.0441 -9.990e-29
 159.569711     41.244  35.641693     9.9387    4.41878     40.896    32.5427    25.0446 -9.990e-29
 159.569716     41.262  35.641263     9.9371    4.40414     40.914    32.5437    25.0456 -9.990e-29
 159.569722     41.282  35.640741     9.9335    4.38746     40.933    32.5464    25.0483 -9.990e-29
 159.569728     41.305  35.639426     9.9280    4.37915     40.956    32.5500    25.0521 -9.990e-29
 159.569734     41.331  35.637241     9.9226    4.38043     40.982    32.5527    25.0550 -9.990e-29
 159.569740     41.359  35.635194     9.9192    4.38350     41.010    32.5536    25.0563 -9.990e-29
 159.569745     41.377  35.633914     9.9180    4.38295     41.028    32.5534    25.0564 -9.990e-29
 159.569751     41.374  35.633371     9.9183    4.37811     41.025    32.5526    25.0557 -9.990e-29
 159.569757     41.350  35.633394     9.9188    4.38468     41.001    32.5522    25.0553 -9.990e-29
 159.569763     41.315  35.633450     9.9187    4.38359     40.966    32.5523    25.0554 -9.990e-29
 159.569769     41.280  35.633049     9.9189    4.39428     40.931    32.5518    25.0549 -9.990e-29
 159.569774     41.249  35.632775     9.9205    4.40261     40.901    32.5501    25.0533 -9.990e-29
 159.569780     41.217  35.633377     9.9230    4.39654     40.869    32.5484    25.0516 -9.990e-29
 159.569786     41.188  35.634535     9.9250    4.39801     40.840    32.5478    25.0508 -9.990e-29
 159.569792     41.169  35.635546     9.9257    4.40006     40.821    32.5482    25.0510 -9.990e-29
 159.569797     41.162  35.636072     9.9254    4.40488     40.814    32.5490    25.0517 -9.990e-29
 159.569803     41.167  35.636251     9.9250    4.40324     40.819    32.5496    25.0522 -9.990e-29
 159.569809     41.180  35.636317     9.9251    4.39465     40.832    32.5495    25.0522 -9.990e-29
 159.569815     41.193  35.636351     9.9255    4.40072     40.845    32.5492    25.0518 -9.990e-29
 159.569821     41.208  35.636395     9.9259    4.39574     40.860    32.5489    25.0515 -9.990e-29
 159.569826     41.229  35.636504     9.9258    4.39236     40.881    32.5491    25.0517 -9.990e-29
 159.569832     41.253  35.636257     9.9244    4.39738     40.905    32.5501    25.0527 -9.990e-29
