data/oxygen options/ONMS/Olympic_Coast_National_Marine_Sanctuary_Hypoxia_Survey_CTD_Data_2004_2015/raw_data/2005/CTD_CA50_062205faed.cnv
* Sea-Bird SBE19 Data File:
* FileName = C:\hypoxia CTD data\CA50_062205.hex
* Software Version 1.1.5
* Temperature SN = 2997
* Conductivity SN = 2997
* System UpLoad Time = Jun 22 2005 16:36:58
* SEACAT PROFILER V3.1c SN 2997   06/22/05  16:36:30.120
* strain gauge pressure sensor: S/N = 184829,  range = 3000 psia,  tc = 40
# nquan = 9                                 
# nvalues = 1028                        
# units = specified
# name 0 = timeJ: Julian Days
# name 1 = prSM: Pressure, Strain Gauge [db]
# name 2 = c0mS/cm: Conductivity [mS/cm]
# name 3 = t090C: Temperature [ITS-90, deg C]
# name 4 = oxML/L: Oxygen, Beckman/YSI [ml/l]
# name 5 = depSM: Depth [salt water, m], lat = 47.5
# name 6 = sal00: Salinity, Practical [PSU]
# name 7 = sigma-é00: Density [sigma-theta, kg/m^3]
# name 8 = flag: flag
# span 0 = 173.649757, 173.655700       
# span 1 =     -3.134,     50.537       
# span 2 =   0.684344,  38.850552       
# span 3 =     8.2994,    15.0040       
# span 4 =   -0.09617,   24.95058       
# span 5 =     -3.108,     50.109       
# span 6 =     0.4234,    33.4038       
# span 7 =    -0.4952,    25.9767       
# span 8 = 0.0000e+00, 0.0000e+00       
# interval = seconds: 0.5
# start_time = Jun 22 2005 15:35:39 [Instrument's time stamp, header]
# bad_flag = -9.990e-29
*END*
[from data line 961]
 173.655318      5.362  38.577003    14.7292    6.78264      5.317    31.2884    23.1699 -9.990e-29
 173.655324      5.379  38.571864    14.7238    6.77953      5.334    31.2881    23.1708 -9.990e-29
 173.655330      5.397  38.566857    14.7209    6.78353      5.352    31.2859    23.1697 -9.990e-29
 173.655336      5.407  38.565391    14.7187    6.79991      5.362    31.2864    23.1705 -9.990e-29
 173.655341      5.406  38.564190    14.7133    6.79832      5.361    31.2896    23.1741 -9.990e-29
 173.655347      5.385  38.560527    14.7011    6.79115      5.340    31.2961    23.1817 -9.990e-29
 173.655353      5.347  38.548768    14.6860    6.78572      5.302    31.2977    23.1861 -9.990e-29
 173.655359      5.312  38.531180    14.6751    6.79290      5.268    31.2905    23.1829 -9.990e-29
 173.655365      5.297  38.518337    14.6677    6.80980      5.253    31.2849    23.1801 -9.990e-29
 173.655370      5.311  38.511059    14.6622    6.82155      5.267    31.2827    23.1796 -9.990e-29
 173.655376      5.346  38.506374    14.6597    6.82289      5.301    31.2805    23.1784 -9.990e-29
 173.655382      5.383  38.504203    14.6610    6.80530      5.338    31.2775    23.1758 -9.990e-29
 173.655388      5.408  38.505574    14.6661    6.79277      5.363    31.2746    23.1725 -9.990e-29
 173.655394      5.421  38.511752    14.6721    6.79549      5.376    31.2754    23.1718 -9.990e-29
 173.655399      5.428  38.518635    14.6749    6.80898      5.383    31.2793    23.1743 -9.990e-29
 173.655405      5.430  38.520821    14.6744    6.82204      5.385    31.2817    23.1762 -9.990e-29
 173.655411      5.426  38.519542    14.6719    6.81680      5.381    31.2826    23.1774 -9.990e-29
 173.655417      5.416  38.517018    14.6675    6.80101      5.371    31.2838    23.1793 -9.990e-29
 173.655422      5.404  38.512690    14.6626    6.79402      5.359    31.2839    23.1803 -9.990e-29
 173.655428      5.402  38.508077    14.6586    6.80712      5.357    31.2829    23.1804 -9.990e-29
 173.655434      5.419  38.504881    14.6555    6.81859      5.374    31.2825    23.1808 -9.990e-29
 173.655440      5.442  38.502205    14.6533    6.81822      5.397    31.2818    23.1807 -9.990e-29
 173.655446      5.456  38.499845    14.6527    6.80513      5.410    31.2802    23.1796 -9.990e-29
 173.655451      5.462  38.499141    14.6530    6.79602      5.416    31.2793    23.1788 -9.990e-29
 173.655457      5.464  38.499151    14.6521    6.80294      5.418    31.2800    23.1796 -9.990e-29
 173.655463      5.463  38.497086    14.6488    6.81859      5.417    31.2808    23.1809 -9.990e-29
 173.655469      5.458  38.492437    14.6453    6.83014      5.412    31.2794    23.1806 -9.990e-29
 173.655475      5.450  38.488539    14.6445    6.81583      5.404    31.2766    23.1785 -9.990e-29
 173.655480      5.438  38.488048    14.6455    6.80590      5.393    31.2753    23.1773 -9.990e-29
 173.655486      5.424  38.489186    14.6460    6.80065      5.379    31.2759    23.1777 -9.990e-29
 173.655492      5.418  38.490665    14.6462    6.81079      5.373    31.2771    23.1786 -9.990e-29
 173.655498      5.422  38.492777    14.6469    6.81066      5.377    31.2785    23.1795 -9.990e-29
 173.655503      5.434  38.493850    14.6473    6.80938      5.389    31.2791    23.1799 -9.990e-29
 173.655509      5.439  38.493070    14.6470    6.81137      5.394    31.2786    23.1796 -9.990e-29
 173.655515      5.428  38.491641    14.6471    6.80197      5.383    31.2773    23.1785 -9.990e-29
 173.655521      5.393  38.491583    14.6486    6.80607      5.348    31.2760    23.1772 -9.990e-29
 173.655527      5.334  38.493379    14.6507    6.79886      5.289    31.2760    23.1768 -9.990e-29
 173.655532      5.246  38.495498    14.6531    6.80538      5.202    31.2760    23.1763 -9.990e-29
 173.655538      5.127  38.497400    14.6559    6.81082      5.084    31.2755    23.1753 -9.990e-29
 173.655544      4.985  38.499938    14.6580    6.82956      4.943    31.2762    23.1754 0.0000e+00
 173.655550      4.825  38.502571    14.6578    6.78999      4.785    31.2788    23.1774 0.0000e+00
 173.655556      4.652  38.502083    14.6571    6.78331      4.613    31.2790    23.1777 0.0000e+00
 173.655561      4.457  38.499508    14.6606    6.71979      4.420    31.2739    23.1731 0.0000e+00
 173.655567      4.234  38.502068    14.6710    6.62873      4.199    31.2679    23.1663 0.0000e+00
 173.655573      3.980  38.513738    14.6862    6.45790      3.947    31.2664    23.1619 0.0000e+00
 173.655579      3.702  38.531007    14.7010    6.29780      3.671    31.2702    23.1617 0.0000e+00
 173.655584      3.414  38.546057    14.7113    6.31625      3.385    31.2756    23.1637 0.0000e+00
 173.655590      3.143  38.553723    14.7167    6.31235      3.117    31.2783    23.1646 0.0000e+00
 173.655596      2.904  38.556942    14.7201    7.31841      2.880    31.2785    23.1641 0.0000e+00
 173.655602      2.704  38.558887    14.7222    7.36994      2.681    31.2787    23.1637 0.0000e+00
 173.655608      2.543  38.558227    14.7226    7.27056      2.522    31.2778    23.1630 0.0000e+00
 173.655613      2.415  38.554085    14.7219    7.25742      2.395    31.2747    23.1607 -9.990e-29
 173.655619      2.311  38.543180    14.7204    7.25905      2.292    31.2661    23.1544 -9.990e-29
 173.655625      2.226  38.512656    14.7182    7.32635      2.207    31.2403    23.1350 -9.990e-29
 173.655631      2.157  38.423497    14.7153    7.37186      2.139    31.1622    23.0754 -9.990e-29
 173.655637      2.106  38.156825    14.7118    7.31128      2.088    30.9244    22.8930 -9.990e-29
 173.655642      2.064  37.355395    14.7088    7.38694      2.047    30.2053    22.3399 -9.990e-29
 173.655648      2.028  34.951755    14.7072 -9.990e-29      2.011    28.0568    20.6868 -9.990e-29
 173.655654      2.001  27.746658    14.7072 -9.990e-29      1.984    21.7451    15.8374 -9.990e-29
 173.655660      1.982  16.489109    14.7086 -9.990e-29      1.965    12.3140     8.6064 -9.990e-29
 173.655666      1.968   8.222892    14.7111 -9.990e-29      1.952     5.8076     3.6175 -9.990e-29
 173.655671      1.955   5.096202    14.7134 -9.990e-29      1.939     3.4799     1.8290 -9.990e-29
 173.655677      1.941   4.474627    14.7149 -9.990e-29      1.925     3.0294     1.4822 -9.990e-29
 173.655683      1.935   4.754085    14.7153 -9.990e-29      1.919     3.2313     1.6374 -9.990e-29
 173.655689      1.937   4.923990    14.7148 -9.990e-29      1.921     3.3545     1.7323 -9.990e-29
 173.655694      1.936   5.100501    14.7143 -9.990e-29      1.920     3.4830     1.8312 -9.990e-29
 173.655700      1.935   5.350847 -9.990e-29 -9.990e-29      1.919 -9.990e-29 -9.990e-29 -9.990e-29
