data/oxygen options/ONMS/Olympic_Coast_National_Marine_Sanctuary_Hypoxia_Survey_CTD_Data_2004_2015/raw_data/2005/CTD_TH35_081505faed.cnv
* Sea-Bird SBE19 Data File:
* FileName = C:\Hypoxia Data\TH35_081505.hex
* Software Version 1.1.6
* Temperature SN = 2997
* Conductivity SN = 2997
* System UpLoad Time = Aug 15 2005 18:33:18
* SEACAT PROFILER V3.1c SN 2997   08/15/05  18:32:28.215
* strain gauge pressure sensor: S/N = 184829,  range = 3000 psia,  tc = 40
# nquan = 9                                 
# nvalues = 578                         
# units = specified
# name 0 = timeJ: Julian Days
# name 1 = prSM: Pressure, Strain Gauge [db]
# name 2 = c0mS/cm: Conductivity [mS/cm]
# name 3 = t090C: Temperature [ITS-90, deg C]
# name 4 = oxML/L: Oxygen, Beckman/YSI [ml/l]
# name 5 = depSM: Depth [salt water, m], lat = 47.5
# name 6 = sal00: Salinity, Practical [PSU]
# name 7 = sigma-é00: Density [sigma-theta, kg/m^3]
# name 8 = flag: flag
# span 0 = 227.743657, 227.746997       
# span 1 =     -3.372,     36.650       
# span 2 =   0.616363,  36.963518       
# span 3 =     7.5362,    12.7833       
# span 4 =   -0.12323,   29.39188       
# span 5 =     -3.344,     36.341       
# span 6 =     0.3970,    33.6461       
# span 7 =    -0.2798,    26.2779       
# span 8 = 0.0000e+00, 0.0000e+00       
# interval = seconds: 0.5
# start_time = Aug 15 2005 17:50:52 [Instrument's time stamp, header]
# bad_flag = -9.990e-29
*END*
[from data line 321]
 227.745515      3.681  36.091223    10.9855    5.77319      3.650    32.0797    24.5049 -9.990e-29
 227.745521      3.673  36.090924    10.9914    5.79238      3.642    32.0743    24.4997 -9.990e-29
 227.745527      3.655  36.096227    11.0078    5.80036      3.624    32.0652    24.4897 -9.990e-29
 227.745532      3.634  36.108596    11.0340    5.79672      3.604    32.0546    24.4768 -9.990e-29
 227.745538      3.617  36.128822    11.0608    5.79467      3.587    32.0511    24.4695 -9.990e-29
 227.745544      3.612  36.151354    11.0678    5.76845      3.582    32.0672    24.4808 -9.990e-29
 227.745550      3.622  36.156334    11.0467    5.74893      3.592    32.0906    24.5026 -9.990e-29
 227.745556      3.644  36.135830    11.0160    5.72219      3.614    32.0972    24.5131 -9.990e-29
 227.745561      3.666  36.109042    10.9953    5.70906      3.635    32.0888    24.5102 -9.990e-29
 227.745567      3.677  36.092952    10.9882    5.71290      3.646    32.0791    24.5039 -9.990e-29
 227.745573      3.674  36.089088    10.9878    5.72140      3.643    32.0756    24.5013 -9.990e-29
 227.745579      3.661  36.091171    10.9871    5.73386      3.630    32.0783    24.5035 -9.990e-29
 227.745584      3.645  36.092444    10.9854    5.73136      3.615    32.0810    24.5060 -9.990e-29
 227.745590      3.629  36.091238    10.9844    5.73018      3.599    32.0807    24.5059 -9.990e-29
 227.745596      3.613  36.089309    10.9865    5.74061      3.583    32.0770    24.5026 -9.990e-29
 227.745602      3.600  36.090251    10.9913    5.74272      3.570    32.0737    24.4992 -9.990e-29
 227.745608      3.597  36.094197    10.9950    5.74955      3.567    32.0744    24.4991 -9.990e-29
 227.745613      3.609  36.097436    10.9960    5.74430      3.579    32.0767    24.5007 -9.990e-29
 227.745619      3.632  36.098682    10.9964    5.73445      3.602    32.0776    24.5014 -9.990e-29
 227.745625      3.654  36.099594    10.9984    5.73469      3.623    32.0767    24.5003 -9.990e-29
 227.745631      3.670  36.101946    10.9994    5.73960      3.639    32.0782    24.5013 -9.990e-29
 227.745637      3.683  36.103826    10.9943    5.74423      3.652    32.0845    24.5071 -9.990e-29
 227.745642      3.699  36.100449    10.9862    5.74008      3.668    32.0882    24.5114 -9.990e-29
 227.745648      3.714  36.092922    10.9853    5.72695      3.683    32.0816    24.5064 -9.990e-29
 227.745654      3.722  36.090830    10.9929    5.72289      3.691    32.0729    24.4983 -9.990e-29
 227.745660      3.723  36.095865    10.9988    5.73244      3.692    32.0727    24.4971 -9.990e-29
 227.745666      3.725  36.099037    10.9964    5.73913      3.694    32.0779    24.5016 -9.990e-29
 227.745671      3.732  36.096728    10.9880    5.73869      3.701    32.0830    24.5070 -9.990e-29
 227.745677      3.742  36.090905    10.9828    5.73605      3.711    32.0818    24.5070 -9.990e-29
 227.745683      3.745  36.087259    10.9866    5.73307      3.714    32.0748    24.5009 -9.990e-29
 227.745689      3.742  36.090457    10.9945    5.73433      3.711    32.0711    24.4966 -9.990e-29
 227.745694      3.747  36.096349    10.9993    5.73668      3.716    32.0727    24.4970 -9.990e-29
 227.745700      3.766  36.099336    10.9969    5.72541      3.735    32.0778    24.5014 -9.990e-29
 227.745706      3.794  36.097233    10.9881    5.71684      3.762    32.0834    24.5073 -9.990e-29
 227.745712      3.819  36.091160    10.9791    5.71583      3.787    32.0852    24.5103 -9.990e-29
 227.745718      3.839  36.085351    10.9757    5.72536      3.807    32.0824    24.5087 -9.990e-29
 227.745723      3.854  36.083834    10.9766    5.73904      3.822    32.0801    24.5068 -9.990e-29
 227.745729      3.866  36.085704    10.9781    5.73017      3.834    32.0807    24.5070 -9.990e-29
 227.745735      3.876  36.087284    10.9793    5.72628      3.844    32.0812    24.5071 -9.990e-29
 227.745741      3.884  36.087875    10.9807    5.71891      3.852    32.0805    24.5064 -9.990e-29
 227.745747      3.891  36.088266    10.9818    5.72007      3.858    32.0800    24.5058 -9.990e-29
 227.745752      3.897  36.088976    10.9818    5.72736      3.864    32.0807    24.5063 -9.990e-29
 227.745758      3.902  36.090391    10.9808    5.73370      3.869    32.0829    24.5082 -9.990e-29
 227.745764      3.907  36.091590    10.9795    5.73081      3.874    32.0853    24.5103 -9.990e-29
 227.745770      3.913  36.091182    10.9792    5.72524      3.880    32.0851    24.5102 -9.990e-29
 227.745775      3.914  36.089744    10.9807    5.71834      3.881    32.0824    24.5078 -9.990e-29
 227.745781      3.908  36.089092    10.9827    5.72577      3.875    32.0800    24.5056 -9.990e-29
 227.745787      3.897  36.089472    10.9836    5.73153      3.864    32.0796    24.5051 -9.990e-29
 227.745793      3.886  36.089517    10.9844    5.73484      3.854    32.0789    24.5045 -9.990e-29
 227.745799      3.869  36.089845    10.9869    5.73364      3.837    32.0771    24.5026 -9.990e-29
 227.745804      3.846  36.092011    10.9909    5.72725      3.814    32.0757    24.5009 -9.990e-29
 227.745810      3.827  36.094973    10.9935    5.71854      3.795    32.0764    24.5009 -9.990e-29
 227.745816      3.821  36.097071    10.9904    5.71421      3.789    32.0812    24.5052 -9.990e-29
 227.745822      3.826  36.095492    10.9814    5.72865      3.794    32.0875    24.5117 -9.990e-29
 227.745828      3.840  36.088128    10.9739    5.74504      3.808    32.0868    24.5124 -9.990e-29
 227.745833      3.849  36.081414    10.9754    5.75523      3.817    32.0788    24.5060 -9.990e-29
 227.745839      3.845  36.082652    10.9872    5.74145      3.813    32.0697    24.4968 -9.990e-29
 227.745845      3.834  36.092364    11.0050    5.72131      3.802    32.0638    24.4891 -9.990e-29
 227.745851      3.827  36.107235    11.0155    5.71093      3.795    32.0693    24.4915 -9.990e-29
 227.745856      3.837  36.115133    11.0067    5.71917      3.805    32.0848    24.5051 -9.990e-29
 227.745862      3.859  36.105842    10.9857    5.72423      3.827    32.0939    24.5159 -9.990e-29
 227.745868      3.878  36.088282    10.9701    5.71764      3.846    32.0902    24.5158 -9.990e-29
 227.745874      3.882  36.077158    10.9689    5.72265      3.850    32.0803    24.5082 -9.990e-29
 227.745880      3.872  36.076692    10.9796    5.72811      3.840    32.0705    24.4987 -9.990e-29
 227.745885      3.861  36.085135    10.9924    5.74006      3.829    32.0676    24.4943 -9.990e-29
 227.745891      3.859  36.095796    10.9979    5.74317      3.827    32.0733    24.4978 -9.990e-29
 227.745897      3.871  36.099341    10.9961    5.73994      3.839    32.0784    24.5020 -9.990e-29
 227.745903      3.890  36.097130    10.9934    5.74855      3.857    32.0786    24.5026 -9.990e-29
 227.745909      3.903  36.096307    10.9968    5.75382      3.870    32.0748    24.4991 -9.990e-29
 227.745914      3.913  36.100252    11.0123    5.76755      3.880    32.0651    24.4889 -9.990e-29
 227.745920      3.922  36.114222    11.0312    5.78792      3.889    32.0624    24.4834 -9.990e-29
 227.745926      3.929  36.130484    11.0395    5.80119      3.896    32.0712    24.4888 -9.990e-29
 227.745932      3.928  36.134276    11.0442    5.80252      3.895    32.0709    24.4877 -9.990e-29
 227.745938      3.925  36.135137    11.0540    5.80621      3.892    32.0632    24.4800 -9.990e-29
 227.745943      3.927  36.142623    11.0634    5.80434      3.894    32.0623    24.4777 -9.990e-29
 227.745949      3.939  36.149331    11.0723    5.83041      3.906    32.0612    24.4753 -9.990e-29
 227.745955      3.957  36.155230    11.0883    5.86210      3.924    32.0530    24.4661 -9.990e-29
 227.745961      3.974  36.168744    11.1068    5.89510      3.941    32.0502    24.4606 -9.990e-29
 227.745966      3.983  36.184337    11.1165    5.91322      3.950    32.0571    24.4643 -9.990e-29
 227.745972      3.984  36.190278    11.1214    5.90610      3.951    32.0587    24.4647 -9.990e-29
 227.745978      3.986  36.192807    11.1366    5.89138      3.953    32.0479    24.4536 -9.990e-29
 227.745984      3.993  36.206505    11.1613    5.87655      3.960    32.0399    24.4430 -9.990e-29
 227.745990      4.006  36.227764    11.1791    5.86217      3.973    32.0453    24.4441 -9.990e-29
 227.745995      4.025  36.238949    11.1807    5.84624      3.991    32.0549    24.4512 -9.990e-29
 227.746001      4.052  36.234789    11.1657    5.80841      4.018    32.0639    24.4609 -9.990e-29
 227.746007      4.088  36.219268    11.1400    5.78899      4.054    32.0710    24.4709 -9.990e-29
 227.746013      4.136  36.197483    11.1137    5.79133      4.101    32.0724    24.4767 -9.990e-29
 227.746019      4.199  36.182433    11.0893    5.79764      4.164    32.0789    24.4860 -9.990e-29
 227.746024      4.280  36.171983    11.0589    5.80101      4.244    32.0951    24.5040 -9.990e-29
 227.746030      4.380  36.147707    11.0344    5.79551      4.343    32.0925    24.5063 -9.990e-29
 227.746036      4.498  36.125452    11.0345    5.78465      4.460    32.0704    24.4891 -9.990e-29
 227.746042      4.641  36.127679    11.0424    5.73952      4.602    32.0656    24.4840 0.0000e+00
 227.746047      4.831  36.136038    11.0296    5.63388      4.791    32.0850    24.5013 0.0000e+00
 227.746053      5.083  36.126351    10.9837    5.44780      5.041    32.1154    24.5330 0.0000e+00
 227.746059      5.398  36.094112    10.9007    5.21142      5.353    32.1561    24.5792 0.0000e+00
 227.746065      5.769  36.041188    10.7807    4.94949      5.721    32.2090    24.6412 0.0000e+00
 227.746071      6.190  35.965967    10.6323    4.69291      6.138    32.2648    24.7104 0.0000e+00
 227.746076      6.654  35.872986    10.4560    4.45391      6.598    32.3280    24.7897 0.0000e+00
 227.746082      7.152  35.770005    10.2285    4.23456      7.092    32.4271    24.9054 0.0000e+00
 227.746088      7.672  35.644158     9.9511    4.02940      7.608    32.5487    25.0466 0.0000e+00
 227.746094      8.210  35.495258     9.6770    3.87178      8.141    32.6449    25.1667 0.0000e+00
 227.746100      8.761  35.356281     9.4567    3.78289      8.688    32.7029    25.2476 0.0000e+00
 227.746105      9.318  35.251549     9.2972    3.73130      9.240    32.7407    25.3027 0.0000e+00
 227.746111      9.873  35.188253     9.1673    3.75108      9.790    32.7943    25.3652 0.0000e+00
 227.746117     10.423  35.155959     9.0362    3.78069     10.336    32.8815    25.4540 0.0000e+00
 227.746123     10.978  35.130641     8.8928    3.82439     10.886    32.9878    25.5596 0.0000e+00
 227.746128     11.546  35.093657     8.7443    3.85652     11.449    33.0873    25.6605 0.0000e+00
 227.746134     12.127  35.042762     8.6112    3.88426     12.025    33.1583    25.7365 0.0000e+00
 227.746140     12.719  34.990233     8.5082    3.90262     12.612    33.1996    25.7845 0.0000e+00
 227.746146     13.319  34.948411     8.4391    3.90601     13.207    33.2203    25.8112 0.0000e+00
 227.746152     13.926  34.920369     8.3997    3.90454     13.809    33.2276    25.8229 0.0000e+00
 227.746157     14.537  34.901209     8.3727    3.90706     14.415    33.2325    25.8308 0.0000e+00
 227.746163     15.154  34.885547     8.3342    3.91545     15.027    33.2520    25.8519 0.0000e+00
 227.746169     15.769  34.866507     8.2773    3.92885     15.637    33.2854    25.8866 0.0000e+00
 227.746175     16.378  34.838314     8.2121    3.95017     16.241    33.3171    25.9212 0.0000e+00
 227.746181     16.986  34.803727     8.1441    3.96738     16.844    33.3446    25.9529 0.0000e+00
 227.746186     17.589  34.764824     8.0773    3.97930     17.441    33.3665    25.9799 0.0000e+00
 227.746192     18.179  34.722974     8.0235    3.98807     18.026    33.3729    25.9929 0.0000e+00
 227.746198     18.754  34.689067     7.9903    3.99875     18.597    33.3680    25.9940 0.0000e+00
 227.746204     19.312  34.668890     7.9721    4.00116     19.150    33.3636    25.9931 0.0000e+00
 227.746209     19.855  34.657947     7.9557    3.99163     19.688    33.3673    25.9984 0.0000e+00
 227.746215     20.395  34.647802     7.9322    3.99949     20.224    33.3786    26.0108 0.0000e+00
 227.746221     20.943  34.632771     7.9042    3.99748     20.767    33.3890    26.0230 0.0000e+00
 227.746227     21.498  34.618593     7.8768    4.00893     21.317    33.3998    26.0355 0.0000e+00
 227.746233     22.061  34.609338     7.8545    3.98605     21.876    33.4110    26.0475 0.0000e+00
 227.746238     22.635  34.603303     7.8420    3.95161     22.445    33.4162    26.0534 0.0000e+00
 227.746244     23.217  34.600840     7.8363    3.92303     23.022    33.4187    26.0562 0.0000e+00
 227.746250     23.797  34.600895     7.8245    3.88660     23.597    33.4298    26.0667 0.0000e+00
 227.746256     24.369  34.599610     7.8002    3.86408     24.164    33.4515    26.0872 0.0000e+00
 227.746262     24.937  34.596386     7.7703    3.82712     24.727    33.4764    26.1111 0.0000e+00
 227.746267     25.492  34.591962     7.7425    3.79547     25.278    33.4981    26.1322 0.0000e+00
 227.746273     26.028  34.586594     7.7080    3.77094     25.809    33.5253    26.1585 0.0000e+00
 227.746279     26.549  34.579279     7.6573    3.75302     26.326    33.5661    26.1978 0.0000e+00
 227.746285     27.066  34.568663     7.6079    3.72676     26.838    33.6021    26.2332 0.0000e+00
 227.746291     27.596  34.559643     7.5756    3.70046     27.364    33.6233    26.2545 0.0000e+00
 227.746296     28.142  34.555312     7.5574    3.68865     27.905    33.6360    26.2671 0.0000e+00
 227.746302     28.700  34.553241     7.5485    3.67389     28.458    33.6421    26.2732 0.0000e+00
 227.746308     29.273  34.551780     7.5447    3.67592     29.027    33.6440    26.2752 0.0000e+00
 227.746314     29.853  34.550653     7.5429    3.68934     29.602    33.6442    26.2756 0.0000e+00
 227.746319     30.430  34.550031     7.5420    3.69367     30.174    33.6441    26.2757 0.0000e+00
 227.746325     31.003  34.549638     7.5415    3.70931     30.742    33.6439    26.2756 0.0000e+00
 227.746331     31.574  34.549505     7.5411    3.71221     31.308    33.6439    26.2757 0.0000e+00
 227.746337     32.141  34.550009     7.5408    3.71482     31.870    33.6445    26.2762 0.0000e+00
 227.746343     32.698  34.550692     7.5405    3.71147     32.423    33.6452    26.2768 0.0000e+00
 227.746348     33.240  34.550777     7.5399    3.71648     32.960    33.6456    26.2772 0.0000e+00
 227.746354     33.769  34.550373     7.5390    3.71258     33.484    33.6458    26.2775 0.0000e+00
 227.746360     34.280  34.550054     7.5381    3.70994     33.991    33.6461    26.2779 0.0000e+00
 227.746366     34.762  34.549949     7.5378    3.67232     34.469    33.6460    26.2779 0.0000e+00
 227.746372     35.208  34.549911     7.5382    3.69566     34.911    33.6454    26.2773 0.0000e+00
 227.746377     35.612  34.549883     7.5388    3.70268     35.312    33.6446    26.2766 0.0000e+00
 227.746383     35.965  34.549820     7.5391    3.70497     35.662    33.6441    26.2761 0.0000e+00
 227.746389     36.257  34.549633     7.5394    3.71430     35.951    33.6434    26.2756 0.0000e+00
 227.746395     36.470  34.549625     7.5396    3.69536     36.162    33.6431    26.2753 0.0000e+00
 227.746400     36.599  34.549780     7.5396    3.69942     36.290    33.6432    26.2754 -9.990e-29
 227.746406     36.650  34.549180     7.5396    3.69681     36.341    33.6426    26.2749 -9.990e-29
 227.746412     36.626  34.548141     7.5396    3.70481     36.317    33.6414    26.2740 -9.990e-29
 227.746418     36.523  34.548074     7.5397    3.70474     36.215    33.6413    26.2739 -9.990e-29
 227.746424     36.338  34.548328     7.5394    3.70617     36.032    33.6420    26.2745 0.0000e+00
 227.746429     36.076  34.547554     7.5387    3.70163     35.772    33.6419    26.2745 0.0000e+00
