data/oxygen options/ONMS/Olympic_Coast_National_Marine_Sanctuary_Hypoxia_Survey_CTD_Data_2004_2015/raw_data/2005/CTD_CE100_070605faed.cnv
* Sea-Bird SBE19 Data File:
* FileName = C:\Hypoxia Data\CE90_070605.hex
* Software Version 1.1.6
* Temperature SN = 2997
* Conductivity SN = 2997
* System UpLoad Time = Jul 06 2005 16:03:46
* SEACAT PROFILER V3.1c SN 2997   07/06/05  16:04:20.156
* strain gauge pressure sensor: S/N = 184829,  range = 3000 psia,  tc = 40
# nquan = 9                                 
# nvalues = 838                         
# units = specified
# name 0 = timeJ: Julian Days
# name 1 = prSM: Pressure, Strain Gauge [db]
# name 2 = c0mS/cm: Conductivity [mS/cm]
# name 3 = t090C: Temperature [ITS-90, deg C]
# name 4 = oxML/L: Oxygen, Beckman/YSI [ml/l]
# name 5 = depSM: Depth [salt water, m], lat = 47.5
# name 6 = sal00: Salinity, Practical [PSU]
# name 7 = sigma-é00: Density [sigma-theta, kg/m^3]
# name 8 = flag: flag
# span 0 = 187.663623, 187.668466       
# span 1 =     -3.546,     98.962       
# span 2 =   1.157472,  39.872028       
# span 3 =     7.1858,    16.1000       
# span 4 =   -0.09362,   23.79768       
# span 5 =     -3.516,     98.113       
# span 6 =     0.7252,    33.9047       
# span 7 =    -0.3153,    26.5297       
# span 8 = 0.0000e+00, 0.0000e+00       
# interval = seconds: 0.5
# start_time = Jul 06 2005 15:55:37 [Instrument's time stamp, header]
# bad_flag = -9.990e-29
*END*
[from data line 481]
 187.666406     55.246  34.891208     8.4925    3.80771     54.778    33.0903    25.7019 0.0000e+00
 187.666412     55.684  34.889011     8.4816    3.77454     55.212    33.0980    25.7096 0.0000e+00
 187.666418     56.123  34.887695     8.4656    3.76163     55.647    33.1115    25.7226 0.0000e+00
 187.666424     56.565  34.888283     8.4455    3.75910     56.085    33.1308    25.7407 0.0000e+00
 187.666429     57.007  34.891356     8.4204    3.76281     56.523    33.1574    25.7654 0.0000e+00
 187.666435     57.444  34.895950     8.3916    3.76040     56.957    33.1892    25.7947 0.0000e+00
 187.666441     57.873  34.900702     8.3662    3.76016     57.382    33.2180    25.8211 0.0000e+00
 187.666447     58.297  34.904641     8.3490    3.76316     57.802    33.2382    25.8395 0.0000e+00
 187.666453     58.716  34.907214     8.3386    3.75144     58.218    33.2505    25.8508 0.0000e+00
 187.666458     59.137  34.908474     8.3315    3.71926     58.635    33.2584    25.8580 0.0000e+00
 187.666464     59.567  34.908411     8.3240    3.68185     59.061    33.2652    25.8645 0.0000e+00
 187.666470     60.014  34.906932     8.3134    3.64127     59.504    33.2735    25.8725 0.0000e+00
 187.666476     60.481  34.904860     8.2995    3.58774     59.967    33.2842    25.8830 0.0000e+00
 187.666481     60.967  34.903348     8.2832    3.52759     60.449    33.2978    25.8962 0.0000e+00
 187.666487     61.464  34.902051     8.2623    3.49544     60.942    33.3160    25.9136 0.0000e+00
 187.666493     61.966  34.898669     8.2371    3.47703     61.440    33.3361    25.9331 0.0000e+00
 187.666499     62.470  34.891485     8.2126    3.47478     61.939    33.3515    25.9488 0.0000e+00
 187.666505     62.971  34.882122     8.1929    3.47079     62.436    33.3600    25.9584 0.0000e+00
 187.666510     63.457  34.873777     8.1802    3.47547     62.918    33.3630    25.9627 0.0000e+00
 187.666516     63.921  34.868764     8.1754    3.47014     63.378    33.3620    25.9626 0.0000e+00
 187.666522     64.362  34.867114     8.1764    3.45119     63.815    33.3591    25.9602 0.0000e+00
 187.666528     64.791  34.867178     8.1785    3.42037     64.240    33.3570    25.9582 0.0000e+00
 187.666534     65.228  34.868473     8.1730    3.37317     64.673    33.3634    25.9641 0.0000e+00
 187.666539     65.682  34.869355     8.1560    3.32667     65.123    33.3803    25.9798 0.0000e+00
 187.666545     66.153  34.868194     8.1367    3.27396     65.590    33.3972    25.9960 0.0000e+00
 187.666551     66.632  34.867356     8.1225    3.23495     66.065    33.4096    26.0078 0.0000e+00
 187.666557     67.112  34.867956     8.1120    3.19687     66.541    33.4200    26.0176 0.0000e+00
 187.666563     67.593  34.869100     8.1016    3.17073     67.018    33.4309    26.0277 0.0000e+00
 187.666568     68.070  34.870619     8.0878    3.14291     67.491    33.4455    26.0411 0.0000e+00
 187.666574     68.538  34.871729     8.0681    3.13230     67.955    33.4653    26.0596 0.0000e+00
 187.666580     68.994  34.871097     8.0424    3.12505     68.407    33.4890    26.0820 0.0000e+00
 187.666586     69.438  34.867869     8.0129    3.11486     68.847    33.5135    26.1056 0.0000e+00
 187.666591     69.865  34.861656     7.9866    3.09644     69.270    33.5319    26.1239 0.0000e+00
 187.666597     70.267  34.854252     7.9742    3.09287     69.669    33.5357    26.1287 0.0000e+00
 187.666603     70.641  34.850345     7.9780    3.09805     70.039    33.5277    26.1218 0.0000e+00
 187.666609     70.996  34.852000     7.9874    3.07550     70.391    33.5203    26.1146 0.0000e+00
 187.666615     71.355  34.855249     7.9854    3.05052     70.747    33.5255    26.1190 0.0000e+00
 187.666620     71.733  34.853767     7.9611    3.01942     71.122    33.5470    26.1395 0.0000e+00
 187.666626     72.133  34.844455     7.9223    2.98211     71.518    33.5741    26.1665 0.0000e+00
 187.666632     72.550  34.831148     7.8886    2.95684     71.932    33.5921    26.1855 0.0000e+00
 187.666638     72.976  34.820754     7.8672    2.93269     72.354    33.6013    26.1959 0.0000e+00
 187.666644     73.404  34.814535     7.8534    2.91672     72.778    33.6077    26.2029 0.0000e+00
 187.666649     73.823  34.810350     7.8426    2.90834     73.194    33.6134    26.2090 0.0000e+00
 187.666655     74.226  34.806531     7.8319    2.89833     73.593    33.6194    26.2153 0.0000e+00
 187.666661     74.616  34.801901     7.8229    2.89802     73.980    33.6230    26.2193 0.0000e+00
 187.666667     74.998  34.798126     7.8182    2.88958     74.359    33.6233    26.2203 0.0000e+00
 187.666672     75.370  34.796889     7.8164    2.87308     74.727    33.6235    26.2207 0.0000e+00
 187.666678     75.734  34.797092     7.8114    2.86740     75.088    33.6283    26.2253 0.0000e+00
 187.666684     76.104  34.795634     7.7983    2.84524     75.455    33.6392    26.2357 0.0000e+00
 187.666690     76.493  34.790005     7.7805    2.83197     75.841    33.6502    26.2469 0.0000e+00
 187.666696     76.893  34.782225     7.7644    2.81246     76.237    33.6572    26.2547 0.0000e+00
 187.666701     77.302  34.775923     7.7521    2.78719     76.642    33.6621    26.2604 0.0000e+00
 187.666707     77.719  34.771652     7.7422    2.78709     77.056    33.6668    26.2655 0.0000e+00
 187.666713     78.145  34.768192     7.7335    2.76717     77.478    33.6713    26.2703 0.0000e+00
 187.666719     78.577  34.764844     7.7248    2.74951     77.906    33.6759    26.2752 0.0000e+00
 187.666725     79.009  34.761621     7.7140    2.72759     78.335    33.6827    26.2821 0.0000e+00
 187.666730     79.435  34.757578     7.6993    2.71486     78.757    33.6923    26.2918 0.0000e+00
 187.666736     79.850  34.751240     7.6815    2.69419     79.168    33.7025    26.3024 0.0000e+00
 187.666742     80.256  34.743114     7.6641    2.67677     79.571    33.7104    26.3111 0.0000e+00
 187.666748     80.649  34.735250     7.6513    2.67974     79.960    33.7142    26.3159 0.0000e+00
 187.666753     81.024  34.729482     7.6464    2.67771     80.332    33.7125    26.3153 0.0000e+00
 187.666759     81.384  34.727638     7.6506    2.66387     80.689    33.7063    26.3098 0.0000e+00
 187.666765     81.738  34.730612     7.6557    2.64224     81.040    33.7044    26.3075 0.0000e+00
 187.666771     82.101  34.732833     7.6480    2.61759     81.400    33.7141    26.3163 0.0000e+00
 187.666777     82.483  34.727169     7.6267    2.58208     81.778    33.7284    26.3306 0.0000e+00
 187.666782     82.886  34.715593     7.5981    2.56347     82.178    33.7435    26.3465 0.0000e+00
 187.666788     83.307  34.701718     7.5631    2.53653     82.595    33.7623    26.3663 0.0000e+00
 187.666794     83.733  34.684971     7.5219    2.51057     83.017    33.7840    26.3893 0.0000e+00
 187.666800     84.149  34.665432     7.4814    2.49764     83.430    33.8021    26.4092 0.0000e+00
 187.666806     84.544  34.646182     7.4561    2.47381     83.821    33.8057    26.4157 0.0000e+00
 187.666811     84.912  34.634610     7.4591    2.46595     84.186    33.7900    26.4029 0.0000e+00
 187.666817     85.256  34.638816     7.4803    2.45135     84.527    33.7738    26.3872 0.0000e+00
 187.666823     85.584  34.651501     7.4853    2.41285     84.852    33.7825    26.3933 0.0000e+00
 187.666829     85.913  34.650898     7.4536    2.37509     85.178    33.8126    26.4215 0.0000e+00
 187.666834     86.256  34.629478     7.3966    2.31935     85.518    33.8448    26.4548 0.0000e+00
 187.666840     86.612  34.599034     7.3384    2.26815     85.871    33.8684    26.4816 0.0000e+00
 187.666846     86.980  34.571652     7.2930    2.23999     86.236    33.8829    26.4994 0.0000e+00
 187.666852     87.356  34.551161     7.2607    2.21486     86.609    33.8920    26.5111 0.0000e+00
 187.666858     87.743  34.536008     7.2374    2.18990     86.992    33.8982    26.5192 0.0000e+00
 187.666863     88.145  34.524471     7.2210    2.16849     87.391    33.9015    26.5241 0.0000e+00
 187.666869     88.557  34.516291     7.2098    2.16307     87.799    33.9033    26.5271 0.0000e+00
 187.666875     88.975  34.510638     7.2019    2.16429     88.213    33.9047    26.5293 0.0000e+00
 187.666881     89.393  34.506691     7.1975    2.16009     88.628    33.9045    26.5297 0.0000e+00
 187.666887     89.793  34.504784     7.1966    2.16039     89.024    33.9031    26.5288 0.0000e+00
 187.666892     90.167  34.504607     7.1987    2.16158     89.395    33.9007    26.5266 0.0000e+00
 187.666898     90.518  34.505915     7.2029    2.16559     89.743    33.8978    26.5237 0.0000e+00
 187.666904     90.863  34.508203     7.2065    2.17001     90.085    33.8966    26.5223 0.0000e+00
 187.666910     91.225  34.509471     7.2057    2.17351     90.444    33.8986    26.5240 0.0000e+00
 187.666916     91.605  34.508042     7.2006    2.17493     90.820    33.9019    26.5273 0.0000e+00
 187.666921     91.993  34.504807     7.1956    2.16939     91.205    33.9031    26.5289 0.0000e+00
 187.666927     92.384  34.502169     7.1925    2.15999     91.592    33.9030    26.5293 0.0000e+00
 187.666933     92.782  34.500525     7.1908    2.16226     91.987    33.9027    26.5293 0.0000e+00
 187.666939     93.190  34.499359     7.1899    2.16270     92.391    33.9021    26.5290 0.0000e+00
 187.666944     93.604  34.498789     7.1894    2.16407     92.802    33.9018    26.5288 0.0000e+00
 187.666950     94.016  34.498607     7.1893    2.16967     93.210    33.9015    26.5286 0.0000e+00
 187.666956     94.420  34.498564     7.1895    2.16434     93.611    33.9011    26.5282 0.0000e+00
 187.666962     94.810  34.498593     7.1899    2.15355     93.997    33.9005    26.5277 0.0000e+00
 187.666968     95.189  34.498726     7.1901    2.16109     94.373    33.9003    26.5275 0.0000e+00
 187.666973     95.566  34.498570     7.1898    2.16460     94.746    33.9002    26.5275 0.0000e+00
 187.666979     95.942  34.497912     7.1893    2.16456     95.119    33.8998    26.5272 0.0000e+00
 187.666985     96.311  34.497548     7.1887    2.16852     95.485    33.8998    26.5273 0.0000e+00
 187.666991     96.668  34.497546     7.1881    2.16541     95.839    33.9002    26.5278 0.0000e+00
 187.666997     97.004  34.497337     7.1875    2.16716     96.172    33.9004    26.5280 0.0000e+00
 187.667002     97.312  34.497192     7.1873    2.16284     96.477    33.9003    26.5279 0.0000e+00
 187.667008     97.594  34.497471     7.1875    2.16943     96.757    33.9003    26.5279 0.0000e+00
 187.667014     97.854  34.497981     7.1879    2.17695     97.014    33.9003    26.5279 0.0000e+00
 187.667020     98.093  34.498272     7.1883    2.15895     97.251    33.9001    26.5277 0.0000e+00
 187.667025     98.313  34.498164     7.1880    2.15547     97.469    33.9002    26.5278 0.0000e+00
 187.667031     98.519  34.497506     7.1872    2.15074     97.673    33.9002    26.5279 0.0000e+00
 187.667037     98.708  34.496537     7.1865    2.15230     97.861    33.8997    26.5276 0.0000e+00
 187.667043     98.861  34.496201     7.1859    2.15525     98.012    33.8999    26.5278 -9.990e-29
 187.667049     98.953  34.496602     7.1858    2.16100     98.104    33.9004    26.5282 -9.990e-29
 187.667054     98.962  34.497146     7.1864    2.15489     98.113    33.9004    26.5281 -9.990e-29
 187.667060     98.875  34.497429     7.1871    2.15526     98.026    33.9000    26.5278 -9.990e-29
 187.667066     98.698  34.497261     7.1874    2.16490     97.851    33.8996    26.5274 0.0000e+00
 187.667072     98.460  34.496973     7.1875    2.16469     97.615    33.8993    26.5271 0.0000e+00
 187.667078     98.188  34.496738     7.1873    2.16087     97.345    33.8994    26.5272 0.0000e+00
 187.667083     97.890  34.496240     7.1870    2.15727     97.050    33.8993    26.5272 0.0000e+00
 187.667089     97.572  34.495372     7.1868    2.15442     96.735    33.8987    26.5267 0.0000e+00
 187.667095     97.249  34.494654     7.1870    2.14890     96.415    33.8979    26.5261 0.0000e+00
 187.667101     96.926  34.494809     7.1877    2.15050     96.094    33.8975    26.5257 0.0000e+00
 187.667106     96.595  34.495478     7.1885    2.15792     95.766    33.8976    26.5256 0.0000e+00
 187.667112     96.251  34.495866     7.1892    2.15403     95.425    33.8975    26.5255 0.0000e+00
 187.667118     95.900  34.495926     7.1899    2.15554     95.078    33.8971    26.5250 0.0000e+00
 187.667124     95.540  34.495548     7.1901    2.16080     94.721    33.8966    26.5246 0.0000e+00
 187.667130     95.168  34.494786     7.1899    2.16122     94.352    33.8962    26.5243 0.0000e+00
 187.667135     94.793  34.494118     7.1897    2.15686     93.980    33.8958    26.5240 0.0000e+00
 187.667141     94.423  34.493770     7.1895    2.16091     93.614    33.8958    26.5241 0.0000e+00
 187.667147     94.061  34.493651     7.1893    2.15895     93.255    33.8961    26.5243 0.0000e+00
 187.667153     93.697  34.493601     7.1892    2.15321     92.894    33.8963    26.5245 0.0000e+00
 187.667159     93.320  34.493551     7.1892    2.16072     92.520    33.8964    26.5246 0.0000e+00
 187.667164     92.929  34.493433     7.1893    2.15883     92.133    33.8964    26.5245 0.0000e+00
 187.667170     92.527  34.493087     7.1896    2.15340     91.734    33.8959    26.5241 0.0000e+00
 187.667176     92.123  34.492609     7.1900    2.16054     91.334    33.8952    26.5235 0.0000e+00
 187.667182     91.722  34.492485     7.1905    2.15212     90.936    33.8948    26.5231 0.0000e+00
 187.667188     91.320  34.492548     7.1909    2.15147     90.538    33.8946    26.5229 0.0000e+00
 187.667193     90.907  34.492320     7.1913    2.16051     90.128    33.8942    26.5225 0.0000e+00
 187.667199     90.480  34.492054     7.1916    2.15964     89.705    33.8938    26.5221 0.0000e+00
 187.667205     90.044  34.491955     7.1921    2.15489     89.273    33.8934    26.5218 0.0000e+00
 187.667211     89.620  34.491890     7.1926    2.15086     88.853    33.8931    26.5214 0.0000e+00
 187.667216     89.224  34.491773     7.1930    2.15224     88.460    33.8927    26.5211 0.0000e+00
 187.667222     88.858  34.491448     7.1932    2.14576     88.097    33.8924    26.5208 0.0000e+00
 187.667228     88.523  34.491039     7.1936    2.16071     87.765    33.8917    26.5202 0.0000e+00
 187.667234     88.205  34.491121     7.1946    2.16286     87.450    33.8910    26.5194 0.0000e+00
 187.667240     87.884  34.491802     7.1967    2.17553     87.132    33.8898    26.5182 0.0000e+00
 187.667245     87.548  34.492864     7.2017    2.20371     86.799    33.8862    26.5147 0.0000e+00
 187.667251     87.198  34.495160     7.2107    2.22327     86.452    33.8801    26.5086 0.0000e+00
 187.667257     86.831  34.499508     7.2224    2.25414     86.088    33.8735    26.5018 0.0000e+00
 187.667263     86.442  34.505540     7.2408    2.28472     85.703    33.8623    26.4904 0.0000e+00
 187.667269     86.028  34.515133     7.2696    2.32143     85.292    33.8447    26.4726 0.0000e+00
 187.667274     85.596  34.529866     7.3013    2.34972     84.864    33.8299    26.4565 0.0000e+00
 187.667280     85.162  34.545842     7.3261    2.39899     84.434    33.8233    26.4478 0.0000e+00
 187.667286     84.736  34.557462     7.3457    2.42966     84.012    33.8170    26.4401 0.0000e+00
 187.667292     84.321  34.565091     7.3759    2.46821     83.600    33.7960    26.4193 0.0000e+00
 187.667297     83.917  34.578903     7.4229    2.50175     83.200    33.7654    26.3886 0.0000e+00
 187.667303     83.527  34.602177     7.4672    2.51788     82.813    33.7477    26.3684 0.0000e+00
 187.667309     83.157  34.623910     7.4932    2.53814     82.446    33.7461    26.3635 0.0000e+00
 187.667315     82.805  34.636092     7.5028    2.56787     82.097    33.7501    26.3653 0.0000e+00
 187.667321     82.456  34.638716     7.5084    2.58055     81.751    33.7477    26.3626 0.0000e+00
