data/oxygen options/ONMS/Olympic_Coast_National_Marine_Sanctuary_Hypoxia_Survey_CTD_Data_2004_2015/raw_data/2005/CTD_CE30_060805faed.cnv
* Sea-Bird SBE19 Data File:
* FileName = C:\hypoxia CTD data\CE30_060805.hex
* Software Version 1.1.5
* Temperature SN = 2997
* Conductivity SN = 2997
* System UpLoad Time = Jun 08 2005 15:57:05
* SEACAT PROFILER V3.1c SN 2997   06/08/05  15:56:10.115
* strain gauge pressure sensor: S/N = 184829,  range = 3000 psia,  tc = 40
# nquan = 9                                 
# nvalues = 509                         
# units = specified
# name 0 = timeJ: Julian Days
# name 1 = prSM: Pressure, Strain Gauge [db]
# name 2 = c0mS/cm: Conductivity [mS/cm]
# name 3 = t090C: Temperature [ITS-90, deg C]
# name 4 = oxML/L: Oxygen, Beckman/YSI [ml/l]
# name 5 = depSM: Depth [salt water, m], lat = 47.5
# name 6 = sal00: Salinity, Practical [PSU]
# name 7 = sigma-é00: Density [sigma-theta, kg/m^3]
# name 8 = flag: flag
# span 0 = 159.552905, 159.555845       
# span 1 =     -3.384,     29.663       
# span 2 =   0.643995,  36.479928       
# span 3 =    11.2413,    15.1416       
# span 4 =   -0.09749,   25.11140       
# span 5 =     -3.356,     29.413       
# span 6 =     0.4059,    31.9893       
# span 7 =    -0.3924,    24.3900       
# span 8 = 0.0000e+00, 0.0000e+00       
# interval = seconds: 0.5
# start_time = Jun 08 2005 13:16:11 [Instrument's time stamp, header]
# bad_flag = -9.990e-29
*END*
[from data line 481]
 159.555689     10.027  36.094633    14.0092    6.56583      9.943    29.6020    22.0182 0.0000e+00
 159.555694      9.519  36.092980    14.1133    6.52245      9.439    29.5209    21.9348 0.0000e+00
 159.555700      9.015  36.093721    14.2758    6.49656      8.940    29.3978    21.8071 0.0000e+00
 159.555706      8.515  36.099531    14.4616    6.48481      8.444    29.2626    21.6652 0.0000e+00
 159.555712      8.026  36.111255    14.6132    6.47708      7.959    29.1593    21.5546 0.0000e+00
 159.555718      7.547  36.126621    14.6977    6.46315      7.484    29.1100    21.4993 0.0000e+00
 159.555723      7.078  36.142979    14.7388    6.44429      7.019    29.0941    21.4785 0.0000e+00
 159.555729      6.622  36.161422    14.7775    6.43322      6.567    29.0819    21.4611 0.0000e+00
 159.555735      6.182  36.188423    14.8255    6.42698      6.130    29.0703    21.4423 0.0000e+00
 159.555741      5.753  36.224666    14.8735    6.42033      5.705    29.0670    21.4298 0.0000e+00
 159.555747      5.336  36.260175    14.9144    6.43112      5.291    29.0684    21.4223 0.0000e+00
 159.555752      4.928  36.290163    14.9498    6.37758      4.887    29.0689    21.4153 0.0000e+00
 159.555758      4.530  36.317621    14.9828    6.37120      4.492    29.0689    21.4084 0.0000e+00
 159.555764      4.141  36.343847    15.0157    6.28903      4.106    29.0679    21.4007 0.0000e+00
 159.555770      3.768  36.368493    15.0492    6.15743      3.737    29.0650    21.3915 0.0000e+00
 159.555775      3.415  36.392468    15.0777    5.94600      3.386    29.0652    21.3857 0.0000e+00
 159.555781      3.087  36.413545    15.0928    5.78188      3.061    29.0728    21.3884 0.0000e+00
 159.555787      2.788  36.425634    15.0910    5.73874      2.765    29.0850    21.3981 0.0000e+00
 159.555793      2.521  36.424675    15.0732 -9.990e-29      2.500    29.0975    21.4114 0.0000e+00
 159.555799      2.285  36.407713    15.0474 -9.990e-29      2.266    29.1017    21.4200 0.0000e+00
 159.555804      2.082  36.379606    15.0235 -9.990e-29      2.065    29.0945    21.4196 0.0000e+00
 159.555810      1.917  36.357262    15.0018 -9.990e-29      1.901    29.0909    21.4213 0.0000e+00
 159.555816      1.788  36.349569    14.9861 -9.990e-29      1.773    29.0958    21.4283 -9.990e-29
 159.555822      1.687  36.350754    14.9820 -9.990e-29      1.673    29.0999    21.4323 -9.990e-29
 159.555828      1.611  36.352301    14.9836 -9.990e-29      1.598    29.1001    21.4322 -9.990e-29
 159.555833      1.560  36.347300    14.9820 -9.990e-29      1.547    29.0969    21.4300 -9.990e-29
 159.555839      1.531  36.335248    14.9797 -9.990e-29      1.518    29.0879    21.4236 -9.990e-29
 159.555845      1.521  36.323065 -9.990e-29 -9.990e-29      1.508 -9.990e-29 -9.990e-29 -9.990e-29
