data/oxygen options/ONMS/Olympic_Coast_National_Marine_Sanctuary_Hypoxia_Survey_CTD_Data_2004_2015/raw_data/2005/CTD_TH80_052405faed.cnv
* Sea-Bird SBE19 Data File:
* FileName = C:\Documents and Settings\kirner.PTANGELES\Desktop\hypoxia CTD data\TH90_052405.hex
* Software Version 1.1.5
* Temperature SN = 2997
* Conductivity SN = 2997
* System UpLoad Time = May 24 2005 18:10:51
* SEACAT PROFILER V3.1c SN 2997   05/24/05  18:09:42.606
* strain gauge pressure sensor: S/N = 184829,  range = 3000 psia,  tc = 40
# nquan = 9                                 
# nvalues = 1594                        
# units = specified
# name 0 = timeJ: Julian Days
# name 1 = prSM: Pressure, Strain Gauge [db]
# name 2 = c0mS/cm: Conductivity [mS/cm]
# name 3 = t090C: Temperature [ITS-90, deg C]
# name 4 = oxML/L: Oxygen, Beckman/YSI [ml/l]
# name 5 = depSM: Depth [salt water, m], lat = 47.5
# name 6 = sal00: Salinity, Practical [PSU]
# name 7 = sigma-é00: Density [sigma-theta, kg/m^3]
# name 8 = flag: flag
# span 0 = 144.692431, 144.701649       
# span 1 =     -3.770,     83.653       
# span 2 =   0.055143,  37.059406       
# span 3 =     8.8128,    14.1014       
# span 4 =  -13.72448,   25.98144       
# span 5 =     -3.739,     82.938       
# span 6 =     0.0359,    33.2103       
# span 7 =    -0.6519,    25.7474       
# span 8 = 0.0000e+00, 0.0000e+00       
# interval = seconds: 0.5
# start_time = May 24 2005 16:37:06 [Instrument's time stamp, header]
# bad_flag = -9.990e-29
*END*
[from data line 641]
 144.696140     20.655  36.493618    11.9505    6.04399     20.482    31.6343    23.9859 -9.990e-29
 144.696146     20.705  36.494271    11.9499    6.04451     20.531    31.6354    23.9869 -9.990e-29
 144.696152     20.768  36.501851    11.9486    6.05402     20.594    31.6438    23.9937 -9.990e-29
 144.696157     20.844  36.513563    11.9476    6.05172     20.669    31.6559    24.0032 -9.990e-29
 144.696163     20.935  36.525395    11.9473    6.07665     20.759    31.6675    24.0123 -9.990e-29
 144.696169     21.032  36.532373    11.9469    6.07534     20.855    31.6746    24.0178 -9.990e-29
 144.696175     21.134  36.532581    11.9462    6.06178     20.957    31.6753    24.0186 -9.990e-29
 144.696181     21.255  36.529096    11.9458    6.07284     21.077    31.6722    24.0163 -9.990e-29
 144.696186     21.417  36.527364    11.9467    6.06935     21.237    31.6697    24.0142 0.0000e+00
 144.696192     21.628  36.534606    11.9489    6.09196     21.446    31.6748    24.0177 0.0000e+00
 144.696198     21.887  36.555988    11.9500    6.11239     21.703    31.6943    24.0326 0.0000e+00
 144.696204     22.178  36.584131    11.9482    6.10158     21.992    31.7229    24.0551 0.0000e+00
 144.696209     22.491  36.604965    11.9453    6.08992     22.302    31.7453    24.0731 0.0000e+00
 144.696215     22.825  36.614861    11.9425    6.07625     22.633    31.7571    24.0827 0.0000e+00
 144.696221     23.179  36.620280    11.9388    6.06963     22.984    31.7653    24.0898 0.0000e+00
 144.696227     23.550  36.627322    11.9341    6.07884     23.352    31.7760    24.0990 0.0000e+00
 144.696233     23.933  36.638080    11.9294    6.07802     23.732    31.7902    24.1109 0.0000e+00
 144.696238     24.316  36.653996    11.9258    6.09479     24.112    31.8085    24.1257 0.0000e+00
 144.696244     24.699  36.674418    11.9241    6.10626     24.491    31.8295    24.1423 0.0000e+00
 144.696250     25.084  36.697969    11.9239    6.10878     24.873    31.8522    24.1600 0.0000e+00
 144.696256     25.476  36.729691    11.9249    6.12496     25.262    31.8818    24.1828 0.0000e+00
 144.696262     25.881  36.769818    11.9276    6.12347     25.663    31.9181    24.2105 0.0000e+00
 144.696267     26.301  36.806241    11.9318    6.11448     26.080    31.9495    24.2341 0.0000e+00
 144.696273     26.727  36.832002    11.9359    6.15637     26.502    31.9707    24.2498 0.0000e+00
 144.696279     27.152  36.852284    11.9376    6.15258     26.924    31.9886    24.2634 0.0000e+00
 144.696285     27.569  36.872256    11.9371    6.17965     27.337    32.0082    24.2786 0.0000e+00
 144.696291     27.975  36.890503    11.9377    6.20133     27.740    32.0251    24.2917 0.0000e+00
 144.696296     28.371  36.909482    11.9411    6.21570     28.132    32.0403    24.3029 0.0000e+00
 144.696302     28.751  36.933744    11.9454    6.23945     28.509    32.0599    24.3173 0.0000e+00
 144.696308     29.101  36.955818    11.9490    6.24548     28.856    32.0780    24.3307 0.0000e+00
 144.696314     29.400  36.969241    11.9516    6.26852     29.153    32.0886    24.3384 0.0000e+00
 144.696319     29.639  36.976763    11.9524    6.26347     29.390    32.0951    24.3433 0.0000e+00
 144.696325     29.818  36.977755    11.9511    6.23862     29.567    32.0971    24.3451 0.0000e+00
 144.696331     29.951  36.972415    11.9495    6.22143     29.699    32.0932    24.3424 -9.990e-29
 144.696337     30.061  36.965397    11.9490    6.20560     29.808    32.0868    24.3376 -9.990e-29
 144.696343     30.174  36.959679    11.9502    6.22025     29.920    32.0802    24.3322 -9.990e-29
 144.696348     30.292  36.960532    11.9532    6.25492     30.037    32.0784    24.3303 -9.990e-29
 144.696354     30.401  36.969092    11.9565    6.26622     30.145    32.0838    24.3338 -9.990e-29
 144.696360     30.491  36.977139    11.9577    6.25916     30.234    32.0905    24.3388 -9.990e-29
 144.696366     30.563  36.979700    11.9566    6.24603     30.306    32.0939    24.3416 -9.990e-29
 144.696372     30.627  36.977943    11.9559    6.23128     30.369    32.0928    24.3409 -9.990e-29
 144.696377     30.691  36.976250    11.9588    6.23299     30.433    32.0886    24.3371 -9.990e-29
 144.696383     30.749  36.983579    11.9648    6.24470     30.490    32.0905    24.3375 -9.990e-29
 144.696389     30.790  37.002405    11.9691    6.25030     30.531    32.1050    24.3479 -9.990e-29
 144.696395     30.803  37.017452    11.9681    6.25832     30.544    32.1203    24.3600 -9.990e-29
 144.696400     30.788  37.013451    11.9634    6.25348     30.529    32.1205    24.3611 -9.990e-29
 144.696406     30.761  36.997962    11.9595    6.24133     30.502    32.1090    24.3528 -9.990e-29
 144.696412     30.747  36.987345    11.9585    6.24132     30.488    32.0996    24.3457 -9.990e-29
 144.696418     30.762  36.984264    11.9594    6.23560     30.503    32.0958    24.3426 -9.990e-29
 144.696424     30.802  36.985171    11.9619    6.24559     30.543    32.0945    24.3412 -9.990e-29
 144.696429     30.849  36.989587    11.9648    6.25065     30.589    32.0963    24.3420 -9.990e-29
 144.696435     30.893  36.995546    11.9664    6.26182     30.633    32.1006    24.3451 -9.990e-29
 144.696441     30.936  36.999215    11.9665    6.25983     30.676    32.1041    24.3477 -9.990e-29
 144.696447     30.981  36.999874    11.9663    6.25985     30.720    32.1049    24.3484 -9.990e-29
 144.696453     31.032  37.001204    11.9680    6.25167     30.771    32.1047    24.3479 -9.990e-29
 144.696458     31.086  37.008340    11.9721    6.23732     30.824    32.1080    24.3497 -9.990e-29
 144.696464     31.140  37.024064    11.9761    6.22722     30.878    32.1197    24.3581 -9.990e-29
 144.696470     31.183  37.042422    11.9785    6.24125     30.920    32.1353    24.3698 -9.990e-29
 144.696476     31.202  37.053119    11.9790    6.26162     30.939    32.1452    24.3773 -9.990e-29
 144.696481     31.189  37.054151    11.9774    6.25876     30.926    32.1476    24.3795 -9.990e-29
 144.696487     31.152  37.046329    11.9735    6.25458     30.890    32.1434    24.3770 -9.990e-29
 144.696493     31.113  37.030999    11.9687    6.23090     30.851    32.1328    24.3696 -9.990e-29
 144.696499     31.097  37.018002    11.9662    6.21645     30.835    32.1224    24.3620 -9.990e-29
 144.696505     31.106  37.014123    11.9675    6.24254     30.844    32.1175    24.3580 -9.990e-29
 144.696510     31.132  37.018110    11.9707    6.26297     30.870    32.1186    24.3582 -9.990e-29
 144.696516     31.164  37.027984    11.9723    6.26250     30.902    32.1267    24.3642 -9.990e-29
 144.696522     31.192  37.035038    11.9710    6.24550     30.929    32.1347    24.3706 -9.990e-29
 144.696528     31.213  37.029606    11.9682    6.21715     30.950    32.1318    24.3689 -9.990e-29
 144.696534     31.232  37.018463    11.9674    6.20743     30.969    32.1217    24.3613 -9.990e-29
 144.696539     31.260  37.016471    11.9700    6.26019     30.997    32.1176    24.3576 -9.990e-29
 144.696545     31.293  37.026579    11.9732    6.26482     31.029    32.1246    24.3624 -9.990e-29
 144.696551     31.317  37.039268    11.9736    6.25976     31.053    32.1365    24.3715 -9.990e-29
 144.696557     31.325  37.041732    11.9708    6.23713     31.061    32.1412    24.3758 -9.990e-29
 144.696563     31.326  37.030524    11.9678    6.22363     31.062    32.1330    24.3699 -9.990e-29
 144.696568     31.342  37.017616    11.9677    6.24493     31.078    32.1206    24.3603 -9.990e-29
 144.696574     31.385  37.014958    11.9700    6.26053     31.121    32.1161    24.3564 -9.990e-29
 144.696580     31.446  37.022928    11.9719    6.26075     31.181    32.1221    24.3607 -9.990e-29
 144.696586     31.508  37.033082    11.9714    6.24889     31.243    32.1323    24.3687 -9.990e-29
 144.696591     31.570  37.033158    11.9688    6.23710     31.304    32.1346    24.3710 -9.990e-29
 144.696597     31.654  37.022133    11.9662    6.25038     31.387    32.1262    24.3649 -9.990e-29
 144.696603     31.777  37.012786    11.9657    6.24505     31.509    32.1175    24.3583 -9.990e-29
 144.696609     31.938  37.013399    11.9667    6.23814     31.669    32.1172    24.3579 0.0000e+00
 144.696615     32.136  37.023664    11.9670    6.24245     31.865    32.1267    24.3652 0.0000e+00
 144.696620     32.369  37.037637    11.9660    6.24084     32.096    32.1410    24.3765 0.0000e+00
 144.696626     32.632  37.048337    11.9642    6.25149     32.357    32.1528    24.3860 0.0000e+00
 144.696632     32.910  37.054886    11.9619    6.26637     32.633    32.1610    24.3928 0.0000e+00
 144.696638     33.193  37.057794    11.9593    6.25851     32.913    32.1659    24.3971 0.0000e+00
 144.696644     33.481  37.057017    11.9570    6.25044     33.199    32.1670    24.3984 0.0000e+00
 144.696649     33.783  37.055636    11.9544    6.24440     33.498    32.1678    24.3995 0.0000e+00
 144.696655     34.110  37.055739    11.9493    6.24151     33.823    32.1722    24.4038 0.0000e+00
 144.696661     34.467  37.055790    11.9420    6.25145     34.176    32.1784    24.4100 0.0000e+00
 144.696667     34.845  37.055860    11.9353    6.24068     34.551    32.1841    24.4157 0.0000e+00
 144.696672     35.240  37.057729    11.9295    6.23583     34.943    32.1907    24.4219 0.0000e+00
 144.696678     35.645  37.059406    11.9227    6.21119     35.344    32.1981    24.4289 0.0000e+00
 144.696684     36.053  37.058083    11.9135    6.22253     35.749    32.2046    24.4356 0.0000e+00
 144.696690     36.456  37.054803    11.9023    6.23045     36.149    32.2109    24.4426 0.0000e+00
 144.696696     36.845  37.051365    11.8905    6.19741     36.534    32.2176    24.4500 0.0000e+00
 144.696701     37.215  37.048234    11.8795    6.16647     36.901    32.2240    24.4570 0.0000e+00
 144.696707     37.564  37.045164    11.8697    6.17953     37.247    32.2293    24.4630 0.0000e+00
 144.696713     37.893  37.041430    11.8597    6.18002     37.573    32.2342    24.4686 0.0000e+00
 144.696719     38.205  37.035982    11.8494    6.18526     37.883    32.2378    24.4733 0.0000e+00
 144.696725     38.495  37.029972    11.8421    6.16914     38.170    32.2381    24.4749 0.0000e+00
 144.696730     38.751  37.026607    11.8390    6.15755     38.424    32.2375    24.4750 0.0000e+00
 144.696736     38.973  37.025888    11.8384    6.18204     38.644    32.2372    24.4749 0.0000e+00
 144.696742     39.170  37.025739    11.8381    6.19243     38.839    32.2372    24.4749 0.0000e+00
 144.696748     39.350  37.025406    11.8379    6.20654     39.018    32.2370    24.4748 0.0000e+00
 144.696753     39.513  37.025013    11.8394    6.19489     39.179    32.2353    24.4732 0.0000e+00
 144.696759     39.656  37.025724    11.8423    6.17085     39.321    32.2334    24.4712 0.0000e+00
 144.696765     39.783  37.027931    11.8429    6.18157     39.447    32.2349    24.4723 -9.990e-29
 144.696771     39.902  37.028976    11.8398    6.17355     39.565    32.2386    24.4757 -9.990e-29
 144.696777     40.014  37.027457    11.8362    6.18006     39.676    32.2402    24.4776 -9.990e-29
 144.696782     40.103  37.025839    11.8347    6.19678     39.764    32.2399    24.4777 -9.990e-29
 144.696788     40.158  37.025336    11.8353    6.19087     39.819    32.2389    24.4768 -9.990e-29
 144.696794     40.182  37.025280    11.8365    6.18508     39.843    32.2378    24.4757 -9.990e-29
 144.696800     40.191  37.025042    11.8364    6.17251     39.852    32.2376    24.4756 -9.990e-29
 144.696806     40.196  37.024314    11.8354    6.17467     39.857    32.2378    24.4759 -9.990e-29
 144.696811     40.204  37.023814    11.8344    6.19890     39.865    32.2381    24.4764 -9.990e-29
 144.696817     40.214  37.024005    11.8342    6.20546     39.874    32.2385    24.4767 -9.990e-29
 144.696823     40.222  37.024586    11.8342    6.18969     39.882    32.2391    24.4771 -9.990e-29
 144.696829     40.221  37.025218    11.8338    6.18201     39.881    32.2400    24.4779 -9.990e-29
 144.696834     40.211  37.025627    11.8332    6.18375     39.872    32.2409    24.4788 -9.990e-29
 144.696840     40.208  37.025806    11.8322    6.19185     39.869    32.2420    24.4797 -9.990e-29
 144.696846     40.229  37.026563    11.8307    6.19257     39.889    32.2440    24.4816 -9.990e-29
 144.696852     40.271  37.028352    11.8295    6.17046     39.931    32.2468    24.4840 -9.990e-29
 144.696858     40.324  37.030202    11.8290    6.17435     39.984    32.2490    24.4858 -9.990e-29
 144.696863     40.387  37.031221    11.8288    6.17917     40.046    32.2501    24.4867 -9.990e-29
 144.696869     40.463  37.031650    11.8285    6.19131     40.121    32.2507    24.4872 -9.990e-29
 144.696875     40.550  37.032068    11.8285    6.19770     40.208    32.2511    24.4875 -9.990e-29
 144.696881     40.627  37.032477    11.8292    6.18676     40.284    32.2509    24.4872 -9.990e-29
 144.696887     40.678  37.032306    11.8304    6.17827     40.335    32.2496    24.4860 -9.990e-29
 144.696892     40.706  37.031333    11.8314    6.18074     40.362    32.2478    24.4844 -9.990e-29
 144.696898     40.713  37.029951    11.8320    6.17327     40.369    32.2460    24.4829 -9.990e-29
 144.696904     40.690  37.028568    11.8323    6.20261     40.346    32.2444    24.4816 -9.990e-29
 144.696910     40.636  37.027587    11.8323    6.20622     40.293    32.2434    24.4809 -9.990e-29
 144.696916     40.561  37.026830    11.8324    6.18125     40.219    32.2427    24.4802 -9.990e-29
 144.696921     40.482  37.025855    11.8327    6.16149     40.140    32.2415    24.4793 -9.990e-29
 144.696927     40.418  37.025053    11.8329    6.17015     40.077    32.2406    24.4785 -9.990e-29
 144.696933     40.387  37.024487    11.8331    6.19037     40.046    32.2399    24.4779 -9.990e-29
 144.696939     40.395  37.023970    11.8330    6.20317     40.054    32.2394    24.4776 -9.990e-29
 144.696944     40.435  37.023941    11.8325    6.18596     40.094    32.2398    24.4780 -9.990e-29
 144.696950     40.492  37.024367    11.8322    6.16448     40.150    32.2405    24.4786 -9.990e-29
 144.696956     40.553  37.024700    11.8324    6.16059     40.211    32.2406    24.4786 -9.990e-29
 144.696962     40.608  37.024829    11.8325    6.18937     40.265    32.2406    24.4786 -9.990e-29
 144.696968     40.653  37.024931    11.8324    6.20412     40.310    32.2408    24.4788 -9.990e-29
 144.696973     40.682  37.025150    11.8324    6.18954     40.338    32.2410    24.4789 -9.990e-29
 144.696979     40.692  37.025221    11.8326    6.17470     40.348    32.2409    24.4788 -9.990e-29
 144.696985     40.693  37.024685    11.8328    6.15686     40.349    32.2402    24.4782 -9.990e-29
 144.696991     40.707  37.023958    11.8328    6.17747     40.363    32.2395    24.4777 -9.990e-29
 144.696997     40.754  37.023760    11.8328    6.19515     40.410    32.2393    24.4775 -9.990e-29
 144.697002     40.843  37.023836    11.8326    6.19631     40.498    32.2395    24.4777 -9.990e-29
 144.697008     40.962  37.023735    11.8323    6.19269     40.616    32.2396    24.4779 -9.990e-29
 144.697014     41.102  37.023887    11.8321    6.17917     40.755    32.2398    24.4781 0.0000e+00
 144.697020     41.272  37.024499    11.8320    6.18297     40.923    32.2405    24.4786 0.0000e+00
 144.697025     41.485  37.025275    11.8319    6.20471     41.135    32.2412    24.4792 0.0000e+00
 144.697031     41.740  37.026693    11.8321    6.19283     41.387    32.2423    24.4800 0.0000e+00
 144.697037     42.018  37.028969    11.8326    6.19095     41.663    32.2440    24.4812 0.0000e+00
 144.697043     42.312  37.031214    11.8334    6.18449     41.955    32.2453    24.4822 0.0000e+00
 144.697049     42.622  37.033063    11.8342    6.18066     42.262    32.2463    24.4828 0.0000e+00
 144.697054     42.951  37.034744    11.8348    6.21243     42.588    32.2473    24.4834 0.0000e+00
