data/oxygen options/ONMS/Olympic_Coast_National_Marine_Sanctuary_Hypoxia_Survey_CTD_Data_2004_2015/raw_data/2005/CTD_CA60_081505faed.cnv
* Sea-Bird SBE19 Data File:
* FileName = C:\Hypoxia Data\CA60_081505.hex
* Software Version 1.1.6
* Temperature SN = 2997
* Conductivity SN = 2997
* System UpLoad Time = Aug 15 2005 14:43:49
* SEACAT PROFILER V3.1c SN 2997   08/15/05  14:42:59.689
* strain gauge pressure sensor: S/N = 184829,  range = 3000 psia,  tc = 40
# nquan = 9                                 
# nvalues = 682                         
# units = specified
# name 0 = timeJ: Julian Days
# name 1 = prSM: Pressure, Strain Gauge [db]
# name 2 = c0mS/cm: Conductivity [mS/cm]
# name 3 = t090C: Temperature [ITS-90, deg C]
# name 4 = oxML/L: Oxygen, Beckman/YSI [ml/l]
# name 5 = depSM: Depth [salt water, m], lat = 47.5
# name 6 = sal00: Salinity, Practical [PSU]
# name 7 = sigma-é00: Density [sigma-theta, kg/m^3]
# name 8 = flag: flag
# span 0 = 227.563993, 227.567934       
# span 1 =     -2.073,     61.482       
# span 2 =   0.415970,  37.462960       
# span 3 =     7.2370,    13.8043       
# span 4 =   -0.11987,   27.02846       
# span 5 =     -2.056,     60.960       
# span 6 =     0.2576,    33.8923       
# span 7 =    -0.5263,    26.5096       
# span 8 = 0.0000e+00, 0.0000e+00       
# interval = seconds: 0.5
# start_time = Aug 15 2005 13:32:09 [Instrument's time stamp, header]
# bad_flag = -9.990e-29
*END*
[from data line 161]
 227.564925      2.914  37.313582    13.0243    7.28464      2.890    31.5196    23.6934 -9.990e-29
 227.564931      2.937  37.312519    13.0202    7.30495      2.912    31.5220    23.6961 -9.990e-29
 227.564936      2.962  37.308960    13.0161    7.29533      2.937    31.5220    23.6969 -9.990e-29
 227.564942      2.978  37.305455    13.0145    7.28518      2.953    31.5201    23.6957 -9.990e-29
 227.564948      2.978  37.304061    13.0153    7.28430      2.953    31.5181    23.6940 -9.990e-29
 227.564954      2.971  37.305164    13.0179    7.28341      2.946    31.5170    23.6927 -9.990e-29
 227.564959      2.968  37.307995    13.0211    7.29281      2.943    31.5170    23.6920 -9.990e-29
 227.564965      2.969  37.310725    13.0243    7.29428      2.944    31.5169    23.6913 -9.990e-29
 227.564971      2.967  37.313074    13.0276    7.28103      2.942    31.5163    23.6903 -9.990e-29
 227.564977      2.960  37.315372    13.0301    7.27899      2.935    31.5164    23.6899 -9.990e-29
 227.564983      2.958  37.316763    13.0308    7.26024      2.933    31.5171    23.6903 -9.990e-29
 227.564988      2.968  37.316862    13.0289    7.25249      2.943    31.5188    23.6920 -9.990e-29
 227.564994      2.995  37.315245    13.0249    7.26476      2.970    31.5206    23.6941 -9.990e-29
 227.565000      3.032  37.312565    13.0211    7.27549      3.007    31.5212    23.6953 -9.990e-29
 227.565006      3.065  37.310296    13.0194    7.28327      3.039    31.5205    23.6951 -9.990e-29
 227.565012      3.083  37.309339    13.0202    7.26394      3.057    31.5189    23.6937 -9.990e-29
 227.565017      3.088  37.310101    13.0226    7.25691      3.062    31.5177    23.6923 -9.990e-29
 227.565023      3.091  37.311920    13.0245    7.24387      3.065    31.5178    23.6920 -9.990e-29
 227.565029      3.103  37.313302    13.0240    7.27721      3.077    31.5195    23.6934 -9.990e-29
 227.565035      3.119  37.312729    13.0218    7.29616      3.093    31.5208    23.6949 -9.990e-29
 227.565041      3.132  37.310562    13.0225    7.28927      3.106    31.5182    23.6927 -9.990e-29
 227.565046      3.135  37.310644    13.0293    7.27213      3.109    31.5126    23.6871 -9.990e-29
 227.565052      3.127  37.316448    13.0395    7.25855      3.101    31.5096    23.6827 -9.990e-29
 227.565058      3.120  37.325624    13.0464    7.24342      3.094    31.5124    23.6836 -9.990e-29
 227.565064      3.128  37.331907    13.0467    7.25524      3.102    31.5181    23.6879 -9.990e-29
 227.565069      3.147  37.331903    13.0425    7.28362      3.121    31.5216    23.6914 -9.990e-29
 227.565075      3.155  37.327856    13.0390    7.26816      3.129    31.5207    23.6914 -9.990e-29
 227.565081      3.141  37.324466    13.0390    7.25710      3.115    31.5175    23.6890 -9.990e-29
 227.565087      3.113  37.324504    13.0410    7.23105      3.087    31.5159    23.6873 -9.990e-29
 227.565093      3.086  37.326901    13.0417    7.22427      3.060    31.5176    23.6885 -9.990e-29
 227.565098      3.075  37.328130    13.0394    7.25239      3.049    31.5206    23.6913 -9.990e-29
 227.565104      3.084  37.325909    13.0343    7.27198      3.058    31.5228    23.6940 -9.990e-29
 227.565110      3.101  37.320645    13.0284    7.26672      3.075    31.5227    23.6951 -9.990e-29
 227.565116      3.113  37.315415    13.0271    7.24970      3.087    31.5189    23.6924 -9.990e-29
 227.565122      3.118  37.315024    13.0319    7.23534      3.092    31.5145    23.6881 -9.990e-29
 227.565127      3.119  37.320632    13.0376    7.23625      3.093    31.5151    23.6874 -9.990e-29
 227.565133      3.127  37.326264    13.0378    7.25686      3.101    31.5202    23.6913 -9.990e-29
 227.565139      3.144  37.324853    13.0320    7.27600      3.118    31.5237    23.6951 -9.990e-29
 227.565145      3.164  37.317888    13.0260    7.27071      3.138    31.5221    23.6951 -9.990e-29
 227.565150      3.176  37.312348    13.0250    7.25521      3.149    31.5177    23.6919 -9.990e-29
 227.565156      3.180  37.312061    13.0283    7.22909      3.153    31.5147    23.6889 -9.990e-29
 227.565162      3.184  37.315526    13.0318    7.22340      3.157    31.5151    23.6885 -9.990e-29
 227.565168      3.194  37.318956    13.0318    7.25208      3.167    31.5183    23.6910 -9.990e-29
 227.565174      3.206  37.319638    13.0285    7.25892      3.179    31.5217    23.6942 -9.990e-29
 227.565179      3.212  37.316804    13.0265    7.26061      3.185    31.5207    23.6939 -9.990e-29
 227.565185      3.207  37.314529    13.0291    7.25281      3.180    31.5164    23.6900 -9.990e-29
 227.565191      3.197  37.317071    13.0337    7.22934      3.170    31.5149    23.6880 -9.990e-29
 227.565197      3.193  37.321654    13.0358    7.24615      3.166    31.5175    23.6896 -9.990e-29
 227.565203      3.208  37.323176    13.0327    7.25801      3.181    31.5215    23.6933 -9.990e-29
 227.565208      3.242  37.319747    13.0269    7.25437      3.215    31.5231    23.6957 -9.990e-29
 227.565214      3.281  37.314090    13.0233    7.25173      3.254    31.5207    23.6945 -9.990e-29
 227.565220      3.306  37.311001    13.0238    7.23516      3.278    31.5174    23.6919 -9.990e-29
 227.565226      3.315  37.311969    13.0267    7.23947      3.287    31.5159    23.6901 -9.990e-29
 227.565231      3.316  37.314923    13.0291    7.25427      3.288    31.5167    23.6903 -9.990e-29
 227.565237      3.313  37.317077    13.0298    7.26117      3.285    31.5181    23.6913 -9.990e-29
 227.565243      3.312  37.317380    13.0294    7.24640      3.284    31.5188    23.6918 -9.990e-29
 227.565249      3.320  37.316804    13.0289    7.23375      3.292    31.5186    23.6918 -9.990e-29
 227.565255      3.337  37.316265    13.0275    7.22895      3.309    31.5193    23.6926 -9.990e-29
 227.565260      3.356  37.315047    13.0244    7.23391      3.328    31.5207    23.6943 -9.990e-29
 227.565266      3.375  37.312092    13.0206    7.24705      3.347    31.5211    23.6953 -9.990e-29
 227.565272      3.390  37.308509    13.0191    7.25008      3.362    31.5190    23.6940 -9.990e-29
 227.565278      3.394  37.307372    13.0219    7.24235      3.366    31.5156    23.6908 -9.990e-29
 227.565284      3.386  37.310533    13.0272    7.23950      3.358    31.5141    23.6887 -9.990e-29
 227.565289      3.380  37.316040    13.0313    7.23196      3.352    31.5159    23.6892 -9.990e-29
 227.565295      3.387  37.319465    13.0314    7.21823      3.359    31.5190    23.6916 -9.990e-29
 227.565301      3.409  37.318652    13.0281    7.22328      3.381    31.5210    23.6938 -9.990e-29
 227.565307      3.432  37.315326    13.0245    7.23235      3.403    31.5209    23.6944 -9.990e-29
 227.565313      3.448  37.312344    13.0240    7.24011      3.419    31.5185    23.6926 -9.990e-29
 227.565318      3.451  37.311897    13.0266    7.24232      3.422    31.5159    23.6901 -9.990e-29
 227.565324      3.447  37.313955    13.0310    7.24205      3.418    31.5142    23.6880 -9.990e-29
 227.565330      3.439  37.317338    13.0360    7.23006      3.410    31.5132    23.6862 -9.990e-29
 227.565336      3.432  37.321515    13.0389    7.22026      3.403    31.5147    23.6868 -9.990e-29
 227.565341      3.433  37.324211    13.0379    7.21971      3.404    31.5181    23.6896 -9.990e-29
 227.565347      3.442  37.323417    13.0332    7.23435      3.413    31.5212    23.6930 -9.990e-29
 227.565353      3.456  37.319200    13.0268    7.23126      3.427    31.5226    23.6953 -9.990e-29
 227.565359      3.476  37.313230    13.0234    7.23334      3.447    31.5198    23.6938 -9.990e-29
 227.565365      3.498  37.310445    13.0261    7.24229      3.469    31.5149    23.6895 -9.990e-29
 227.565370      3.516  37.313864    13.0338    7.25939      3.487    31.5117    23.6855 -9.990e-29
 227.565376      3.527  37.321317    13.0416    7.26139      3.498    31.5122    23.6844 -9.990e-29
 227.565382      3.530  37.327605    13.0457    7.25045      3.501    31.5147    23.6855 -9.990e-29
 227.565388      3.526  37.330465    13.0487    7.23911      3.497    31.5149    23.6851 -9.990e-29
 227.565394      3.520  37.335395    13.0547    7.23827      3.491    31.5146    23.6837 -9.990e-29
 227.565399      3.519  37.348413    13.0627    7.24194      3.490    31.5201    23.6864 -9.990e-29
 227.565405      3.528  37.362767    13.0700    7.24193      3.499    31.5275    23.6907 -9.990e-29
 227.565411      3.543  37.366011    13.0733    7.24133      3.513    31.5278    23.6903 -9.990e-29
 227.565417      3.552  37.359669    13.0712    7.23092      3.522    31.5236    23.6875 -9.990e-29
 227.565422      3.547  37.352483    13.0675    7.22595      3.517    31.5200    23.6853 -9.990e-29
 227.565428      3.537  37.348330    13.0649    7.23503      3.507    31.5182    23.6845 -9.990e-29
 227.565434      3.533  37.346534    13.0630    7.23181      3.503    31.5181    23.6848 -9.990e-29
 227.565440      3.535  37.345259    13.0615    7.21384      3.505    31.5182    23.6851 -9.990e-29
 227.565446      3.535  37.343929    13.0598    7.19930      3.505    31.5183    23.6856 -9.990e-29
 227.565451      3.533  37.341888    13.0562    7.19487      3.503    31.5194    23.6871 -9.990e-29
 227.565457      3.536  37.338659    13.0490    7.20846      3.506    31.5224    23.6908 -9.990e-29
 227.565463      3.551  37.332742    13.0380    7.21717      3.521    31.5259    23.6957 -9.990e-29
 227.565469      3.573  37.322976    13.0275    7.22435      3.543    31.5255    23.6974 -9.990e-29
 227.565475      3.595  37.313721    13.0236    7.24855      3.565    31.5200    23.6939 -9.990e-29
 227.565480      3.610  37.311140    13.0264    7.25703      3.580    31.5153    23.6897 -9.990e-29
 227.565486      3.611  37.314593    13.0326    7.24975      3.581    31.5134    23.6870 -9.990e-29
 227.565492      3.598  37.320833    13.0430    7.22919      3.568    31.5106    23.6829 -9.990e-29
 227.565498      3.582  37.330890    13.0588    7.20585      3.552    31.5069    23.6769 -9.990e-29
 227.565503      3.575  37.345277    13.0748    7.21669      3.545    31.5071    23.6740 -9.990e-29
 227.565509      3.582  37.357946    13.0798    7.23343      3.552    31.5149    23.6790 -9.990e-29
 227.565515      3.602  37.359437    13.0715    7.23865      3.572    31.5231    23.6870 -9.990e-29
 227.565521      3.628  37.349499    13.0612    7.22439      3.598    31.5224    23.6884 -9.990e-29
 227.565527      3.646  37.340115    13.0594    7.21151      3.616    31.5150    23.6831 -9.990e-29
 227.565532      3.651  37.340640    13.0644    7.20154      3.620    31.5114    23.6793 -9.990e-29
 227.565538      3.653  37.347282    13.0677    7.20337      3.622    31.5149    23.6814 -9.990e-29
 227.565544      3.661  37.350395    13.0633    7.19818      3.630    31.5214    23.6873 -9.990e-29
 227.565550      3.678  37.345718    13.0526    7.19572      3.647    31.5259    23.6929 -9.990e-29
 227.565556      3.702  37.335991    13.0413    7.21086      3.671    31.5262    23.6953 -9.990e-29
 227.565561      3.727  37.326748    13.0321    7.22213      3.696    31.5251    23.6962 -9.990e-29
 227.565567      3.744  37.319681    13.0245    7.22371      3.713    31.5248    23.6975 -9.990e-29
 227.565573      3.751  37.313217    13.0208    7.22120      3.720    31.5218    23.6959 -9.990e-29
 227.565579      3.748  37.309388    13.0240    7.21171      3.717    31.5156    23.6904 -9.990e-29
 227.565584      3.735  37.312060    13.0332    7.21488      3.704    31.5104    23.6847 -9.990e-29
 227.565590      3.716  37.320867    13.0437    7.21094      3.685    31.5100    23.6823 -9.990e-29
 227.565596      3.702  37.330172    13.0491    7.20419      3.671    31.5142    23.6845 -9.990e-29
 227.565602      3.704  37.333878    13.0462    7.20973      3.673    31.5201    23.6896 -9.990e-29
 227.565608      3.724  37.330201    13.0401    7.20951      3.693    31.5217    23.6921 -9.990e-29
 227.565613      3.750  37.324334    13.0374    7.21430      3.719    31.5185    23.6900 -9.990e-29
 227.565619      3.769  37.322469    13.0369    7.21049      3.738    31.5171    23.6891 -9.990e-29
 227.565625      3.781  37.322681    13.0354    7.19554      3.749    31.5186    23.6905 -9.990e-29
 227.565631      3.788  37.321324    13.0332    7.19308      3.756    31.5191    23.6914 -9.990e-29
 227.565637      3.797  37.319395    13.0300    7.20402      3.765    31.5200    23.6926 -9.990e-29
 227.565642      3.803  37.317124    13.0247    7.21985      3.771    31.5222    23.6954 -9.990e-29
 227.565648      3.803  37.312603    13.0194    7.22177      3.771    31.5224    23.6966 -9.990e-29
 227.565654      3.796  37.307656    13.0180    7.21461      3.764    31.5189    23.6942 -9.990e-29
 227.565660      3.783  37.306340    13.0210    7.21122      3.751    31.5152    23.6907 -9.990e-29
 227.565666      3.766  37.308582    13.0261    7.22066      3.735    31.5131    23.6881 -9.990e-29
 227.565671      3.753  37.312325    13.0306    7.22404      3.722    31.5128    23.6870 -9.990e-29
 227.565677      3.747  37.315831    13.0330    7.21614      3.716    31.5141    23.6876 -9.990e-29
 227.565683      3.748  37.317608    13.0334    7.19556      3.717    31.5155    23.6885 -9.990e-29
 227.565689      3.756  37.317783    13.0319    7.19488      3.725    31.5169    23.6899 -9.990e-29
 227.565694      3.772  37.316588    13.0286    7.20210      3.740    31.5185    23.6918 -9.990e-29
 227.565700      3.793  37.314113    13.0249    7.22214      3.761    31.5192    23.6931 -9.990e-29
 227.565706      3.810  37.311544    13.0240    7.23071      3.778    31.5176    23.6920 -9.990e-29
 227.565712      3.817  37.311061    13.0268    7.21541      3.785    31.5148    23.6893 -9.990e-29
 227.565718      3.811  37.313703    13.0314    7.19815      3.779    31.5134    23.6873 -9.990e-29
 227.565723      3.798  37.317945    13.0347    7.18907      3.766    31.5147    23.6877 -9.990e-29
 227.565729      3.795  37.321030    13.0345    7.19168      3.763    31.5178    23.6901 -9.990e-29
 227.565735      3.811  37.320907    13.0302    7.20457      3.779    31.5212    23.6936 -9.990e-29
 227.565741      3.838  37.316852    13.0246    7.22158      3.806    31.5220    23.6953 -9.990e-29
 227.565747      3.861  37.311310    13.0222    7.22039      3.829    31.5188    23.6933 -9.990e-29
 227.565752      3.873  37.309225    13.0232    7.21395      3.841    31.5160    23.6909 -9.990e-29
 227.565758      3.878  37.310617    13.0249    7.20941      3.846    31.5159    23.6905 -9.990e-29
 227.565764      3.882  37.312296    13.0266    7.20382      3.850    31.5161    23.6903 -9.990e-29
 227.565770      3.884  37.313700    13.0281    7.20592      3.852    31.5162    23.6901 -9.990e-29
 227.565775      3.884  37.315017    13.0289    7.21363      3.852    31.5167    23.6904 -9.990e-29
 227.565781      3.884  37.315761    13.0291    7.20293      3.852    31.5173    23.6907 -9.990e-29
 227.565787      3.882  37.315801    13.0291    7.20019      3.850    31.5173    23.6908 -9.990e-29
 227.565793      3.879  37.315754    13.0288    7.19930      3.847    31.5175    23.6910 -9.990e-29
 227.565799      3.874  37.315554    13.0267    7.19541      3.842    31.5191    23.6926 -9.990e-29
 227.565804      3.867  37.313814    13.0221    7.18786      3.835    31.5213    23.6952 -9.990e-29
 227.565810      3.857  37.309897    13.0176    7.20489      3.825    31.5213    23.6961 -9.990e-29
 227.565816      3.845  37.305870    13.0169    7.20887      3.813    31.5181    23.6938 -9.990e-29
 227.565822      3.829  37.305337    13.0209    7.21095      3.797    31.5143    23.6900 -9.990e-29
 227.565828      3.812  37.309267    13.0271    7.19925      3.780    31.5128    23.6877 -9.990e-29
 227.565833      3.803  37.314488    13.0320    7.19349      3.771    31.5137    23.6874 -9.990e-29
 227.565839      3.803  37.317868    13.0339    7.19320      3.771    31.5153    23.6883 -9.990e-29
