data/oxygen options/OCNMS/OCNMS1/raw_data/2021/CAST_CE042_210604faedb.cnv
* Sea-Bird SBE19 Data File:
* FileName = C:\2021 Mooring Data\CTD\CAST_CE042_210604.hex
* Software Version 1.59
* Temperature SN = 2997
* Conductivity SN = 2997
* System UpLoad Time = Jun 04 2021 20:30:25
** CAST_CE042_210604
* ds
# nquan = 9
# nvalues = 43                          
# units = specified
# name 0 = timeJ: Julian Days
# name 1 = prSM: Pressure, Strain Gauge [db]
# name 2 = c0mS/cm: Conductivity [mS/cm]
# name 3 = t090C: Temperature [ITS-90, deg C]
# name 4 = sbeox0ML/L: Oxygen, SBE 43 [ml/l]
# name 5 = depSM: Depth [salt water, m], lat = 47.5
# name 6 = sal00: Salinity, Practical [PSU]
# name 7 = sigma-é00: Density [sigma-theta, kg/m^3]
# name 8 = flag: flag
# span 0 = 155.464559, 155.465291       
# span 1 =      2.000,     44.000       
# span 2 =  34.480201,  37.794004       
# span 3 =     7.2122,    12.7254       
# span 4 =     1.8187,     8.5854       
# span 5 =      1.983,     43.627       
# span 6 =    32.2256,    33.8843       
# span 7 =    24.2977,    26.5112       
# span 8 = 0.0000e+00, 0.0000e+00       
# interval = decibars: 1                
# start_time = Jun 04 2021 11:02:40 [Instrument's time stamp, header]
# bad_flag = -9.990e-29
*END*
 155.464559      2.000  37.794004    12.7254     8.3351      1.983    32.2256    24.2977 0.0000e+00
 155.464586      3.000  37.745231    12.6569     8.3438      2.975    32.2374    24.3201 0.0000e+00
 155.464607      4.000  37.692328    12.6008     8.3527      3.967    32.2346    24.3289 0.0000e+00
 155.464628      5.000  37.666402    12.5629     8.3867      4.958    32.2420    24.3418 0.0000e+00
 155.464649      6.000  37.612272    12.4993     8.4178      5.950    32.2446    24.3559 0.0000e+00
 155.464668      7.000  37.553954    12.4121     8.4987      6.941    32.2634    24.3871 0.0000e+00
 155.464686      8.000  37.441780    12.2515     8.5310      7.933    32.2938    24.4411 0.0000e+00
 155.464702      9.000  37.311555    12.1073     8.5854      8.925    32.2927    24.4673 0.0000e+00
 155.464719     10.000  37.267745    12.0464     8.3778      9.916    32.3028    24.4866 0.0000e+00
 155.464736     11.000  37.216360    11.9805     8.0364     10.908    32.3099    24.5044 0.0000e+00
 155.464752     12.000  37.072522    11.6137     7.6945     11.900    32.4899    24.7115 0.0000e+00
 155.464767     13.000  36.508587    10.8348     7.4763     12.891    32.6223    24.9532 0.0000e+00
 155.464783     14.000  36.246710    10.4904     7.4488     13.883    32.6685    25.0493 0.0000e+00
 155.464799     15.000  36.234850    10.4413     7.3480     14.874    32.7003    25.0825 0.0000e+00
 155.464817     16.000  36.230874    10.4253     6.8075     15.866    32.7103    25.0931 0.0000e+00
 155.464835     17.000  36.172559    10.2632     6.3251     16.857    32.7973    25.1885 0.0000e+00
 155.464851     18.000  35.960933     9.9446     6.2194     17.849    32.8718    25.3000 0.0000e+00
 155.464866     19.000  35.886266     9.8324     6.1120     18.841    32.8976    25.3388 0.0000e+00
 155.464884     20.000  35.844784     9.7684     5.8458     19.832    32.9134    25.3616 0.0000e+00
 155.464903     21.000  35.794706     9.6636     4.9897     20.824    32.9578    25.4135 0.0000e+00
 155.464919     22.000  35.690060     9.4338     4.2106     21.815    33.0615    25.5318 0.0000e+00
 155.464934     23.000  35.455331     9.0788     3.8289     22.807    33.1473    25.6555 0.0000e+00
 155.464950     24.000  35.264255     8.7964     3.6293     23.798    33.2115    25.7499 0.0000e+00
 155.464966     25.000  35.084283     8.5419     3.4900     24.790    33.2613    25.8280 0.0000e+00
 155.464984     26.000  34.987011     8.3615     3.1059     25.781    33.3286    25.9080 0.0000e+00
 155.465001     27.000  34.842319     8.0693     2.8186     26.773    33.4523    26.0486 0.0000e+00
 155.465018     28.000  34.729226     7.8558     2.6583     27.765    33.5355    26.1452 0.0000e+00
 155.465033     29.000  34.664174     7.7018     2.5441     28.756    33.6134    26.2287 0.0000e+00
 155.465048     30.000  34.607799     7.5856     2.4578     29.747    33.6646    26.2855 0.0000e+00
 155.465064     31.000  34.570289     7.5211     2.4064     30.739    33.6861    26.3117 0.0000e+00
 155.465082     32.000  34.543569     7.4620     2.3720     31.731    33.7141    26.3420 0.0000e+00
 155.465100     33.000  34.527289     7.4183     2.3165     32.722    33.7385    26.3674 0.0000e+00
 155.465117     34.000  34.516201     7.3948     2.2239     33.714    33.7488    26.3789 0.0000e+00
 155.465132     35.000  34.515677     7.3734     2.0084     34.705    33.7686    26.3975 0.0000e+00
 155.465147     36.000  34.502857     7.3098     1.9316     35.696    33.8163    26.4439 0.0000e+00
 155.465161     37.000  34.489761     7.2595     1.8953     36.688    33.8507    26.4781 0.0000e+00
 155.465175     38.000  34.485812     7.2370     1.8685     37.680    33.8680    26.4949 0.0000e+00
 155.465190     39.000  34.488430     7.2310     1.8561     38.671    33.8763    26.5022 0.0000e+00
 155.465207     40.000  34.483349     7.2195     1.8378     39.663    33.8815    26.5080 0.0000e+00
 155.465225     41.000  34.480986     7.2148     1.8329     40.654    33.8831    26.5098 0.0000e+00
 155.465243     42.000  34.480201     7.2122     1.8237     41.645    33.8843    26.5112 0.0000e+00
 155.465264     43.000  34.480326     7.2122     1.8187     42.637    33.8839    26.5108 0.0000e+00
 155.465291     44.000  34.485479     7.2204     1.8222     43.627    33.8810    26.5075 0.0000e+00
