data/oxygen options/OCNMS/OCNMS1/raw_data/2021/CAST_KL027_210827faed.cnv
* Sea-Bird SBE 19 Data File:
* FileName = C:\2021 Mooring Data\Casts\CAST_KL027_210827.hex
* Software Version SeatermAF 2.1.2
* Temperature SN = 2997
* Conductivity SN = 2997
* System UpLoad Time = Aug 27 2021 19:55:52 (localtime) = Aug 27 2021 19:55:52 (UTC)
** CAST_KL027_210827
* ds
# nquan = 9                                 
# nvalues = 1666                        
# units = specified
# name 0 = timeJ: Julian Days
# name 1 = prSM: Pressure, Strain Gauge [db]
# name 2 = c0mS/cm: Conductivity [mS/cm]
# name 3 = t090C: Temperature [ITS-90, deg C]
# name 4 = sbeox0ML/L: Oxygen, SBE 43 [ml/l]
# name 5 = depSM: Depth [salt water, m], lat = 47.5
# name 6 = sal00: Salinity, Practical [PSU]
# name 7 = sigma-é00: Density [sigma-theta, kg/m^3]
# name 8 = flag: flag
# span 0 = 239.771204, 239.780839       
# span 1 =     -4.888,     27.231       
# span 2 =   0.267275,  39.751813       
# span 3 =     8.6519,    15.9405       
# span 4 =   -10.9643,    13.7879       
# span 5 =     -4.847,     27.002       
# span 6 =     0.1565,    33.5244       
# span 7 =    -0.9249,    26.0173       
# span 8 = 0.0000e+00, 0.0000e+00       
# interval = seconds: 0.5
# start_time = Aug 27 2021 18:30:32 [Instrument's time stamp, header]
# bad_flag = -9.990e-29
*END*
[from data line 481]
 239.773987      0.175   0.873840    15.6303    -1.8483      0.174     0.5306    -0.5860 -9.990e-29
 239.773993      0.178   0.872022    15.6347    -1.8483      0.177     0.5294    -0.5877 -9.990e-29
 239.773999      0.180   0.870585    15.6387    -1.8487      0.178     0.5284    -0.5890 -9.990e-29
 239.774005      0.181   0.867058    15.6436    -1.8488      0.179     0.5261    -0.5916 -9.990e-29
 239.774010      0.183   0.860066    15.6518    -1.8487      0.181     0.5216    -0.5964 -9.990e-29
 239.774016      0.184   0.850825    15.6652    -1.8487      0.182     0.5156    -0.6032 -9.990e-29
 239.774022      0.185   0.840318    15.6828    -1.8486      0.183     0.5088    -0.6112 -9.990e-29
 239.774028      0.185   0.829492    15.7001    -1.8487      0.183     0.5018    -0.6194 -9.990e-29
 239.774034      0.186   0.822202    15.7125    -1.8491      0.184     0.4970    -0.6251 -9.990e-29
 239.774039      0.186   0.819815    15.7187    -1.8492      0.184     0.4955    -0.6273 -9.990e-29
 239.774045      0.186   0.820809    15.7191    -1.8487      0.184     0.4961    -0.6269 -9.990e-29
 239.774051      0.186   0.825402    15.7153    -1.8486      0.184     0.4990    -0.6240 -9.990e-29
 239.774057      0.186   0.831405    15.7113    -1.8488      0.184     0.5028    -0.6204 -9.990e-29
 239.774063      0.187   0.837954    15.7090    -1.8490      0.185     0.5070    -0.6168 -9.990e-29
 239.774068      0.187   0.846020    15.7073    -1.8491      0.185     0.5121    -0.6126 -9.990e-29
 239.774074      0.187   0.854717    15.7042    -1.8493      0.185     0.5176    -0.6079 -9.990e-29
 239.774080      0.187   0.865108    15.6978    -1.8501      0.185     0.5242    -0.6017 -9.990e-29
 239.774086      0.187   0.879964    15.6887    -1.8508      0.185     0.5337    -0.5930 -9.990e-29
 239.774091      0.187   0.901355    15.6802    -1.8512      0.185     0.5473    -0.5811 -9.990e-29
 239.774097      0.187   0.931750    15.6741    -1.8513      0.185     0.5666    -0.5652 -9.990e-29
 239.774103      0.187   0.976200    15.6704    -1.8512      0.185     0.5949    -0.5428 -9.990e-29
 239.774109      0.187   1.025788    15.6690    -1.8513      0.185     0.6264    -0.5183 -9.990e-29
 239.774115      0.187   1.052947    15.6697    -1.8518      0.185     0.6437    -0.5050 -9.990e-29
 239.774120      0.187   1.046769    15.6704    -1.8520      0.185     0.6398    -0.5082 -9.990e-29
 239.774126      0.187   1.020638    15.6673    -1.8521      0.185     0.6232    -0.5205 -9.990e-29
 239.774132      0.187   0.988496    15.6589    -1.8523      0.185     0.6029    -0.5348 -9.990e-29
 239.774138      0.187   0.957379    15.6490    -1.8525      0.185     0.5832    -0.5484 -9.990e-29
 239.774144      0.187   0.930146    15.6420    -1.8528      0.185     0.5661    -0.5605 -9.990e-29
 239.774149      0.187   0.908178    15.6380    -1.8531      0.185     0.5522    -0.5706 -9.990e-29
 239.774155      0.187   0.893226    15.6349    -1.8539      0.185     0.5428    -0.5774 -9.990e-29
 239.774161      0.187   0.886972    15.6302    -1.8549      0.185     0.5389    -0.5796 -9.990e-29
 239.774167      0.187   0.887177    15.6236    -1.8557      0.185     0.5391    -0.5784 -9.990e-29
 239.774172      0.187   0.889125    15.6170    -1.8560      0.185     0.5404    -0.5763 -9.990e-29
 239.774178      0.187   0.891532    15.6114    -1.8561      0.185     0.5420    -0.5742 -9.990e-29
 239.774184      0.187   0.894839    15.6061    -1.8562      0.185     0.5442    -0.5717 -9.990e-29
 239.774190      0.187   0.897911    15.6003    -1.8563      0.185     0.5462    -0.5692 -9.990e-29
 239.774196      0.187   0.899301    15.5930    -1.8564      0.185     0.5472    -0.5673 -9.990e-29
 239.774201      0.187   0.897537    15.5826    -1.8564      0.185     0.5462    -0.5664 -9.990e-29
 239.774207      0.187   0.891374    15.5674    -1.8565      0.185     0.5425    -0.5668 -9.990e-29
 239.774213      0.187   0.882019    15.5489    -1.8564      0.185     0.5368    -0.5683 -9.990e-29
 239.774219      0.187   0.873073    15.5326    -1.8560      0.185     0.5314    -0.5699 -9.990e-29
 239.774225      0.188   0.868129    15.5227    -1.8558      0.186     0.5284    -0.5707 -9.990e-29
 239.774230      0.188   0.866692    15.5183    -1.8557      0.186     0.5275    -0.5706 -9.990e-29
 239.774236      0.188   0.864073    15.5161    -1.8554      0.186     0.5259    -0.5715 -9.990e-29
 239.774242      0.188   0.858444    15.5143    -1.8553      0.186     0.5224    -0.5740 -9.990e-29
 239.774248      0.189   0.852278    15.5129    -1.8554      0.187     0.5185    -0.5768 -9.990e-29
 239.774253      0.189   0.847330    15.5125    -1.8558      0.187     0.5154    -0.5791 -9.990e-29
 239.774259      0.189   0.843101    15.5141    -1.8561      0.187     0.5127    -0.5814 -9.990e-29
 239.774265      0.190   0.838388    15.5188    -1.8563      0.188     0.5096    -0.5845 -9.990e-29
 239.774271      0.191   0.832448    15.5257    -1.8566      0.189     0.5058    -0.5886 -9.990e-29
 239.774277      0.192   0.825120    15.5322    -1.8567      0.190     0.5011    -0.5932 -9.990e-29
 239.774282      0.194   0.816613    15.5375    -1.8567      0.192     0.4956    -0.5983 -9.990e-29
 239.774288      0.196   0.808333    15.5414    -1.8572      0.194     0.4904    -0.6030 -9.990e-29
 239.774294      0.198   0.803095    15.5427    -1.8581      0.196     0.4871    -0.6057 -9.990e-29
 239.774300      0.201   0.802229    15.5404    -1.8586      0.199     0.4865    -0.6058 -9.990e-29
 239.774306      0.206   0.802919    15.5350    -1.8591      0.204     0.4870    -0.6045 -9.990e-29
 239.774311      0.211   0.801652    15.5287    -1.8598      0.209     0.4863    -0.6041 -9.990e-29
 239.774317      0.218   0.798953    15.5230    -1.8603      0.216     0.4847    -0.6044 -9.990e-29
 239.774323      0.226   0.796769    15.5183    -1.8610      0.224     0.4834    -0.6047 -9.990e-29
 239.774329      0.233   0.794403    15.5144    -1.8611      0.231     0.4819    -0.6052 -9.990e-29
 239.774334      0.235   0.790365    15.5090    -1.8612      0.233     0.4794    -0.6063 -9.990e-29
 239.774340      0.235   0.784813    15.4989    -1.8613      0.233     0.4761    -0.6073 -9.990e-29
 239.774346      0.239   0.778657    15.4846    -1.8613      0.237     0.4723    -0.6079 -9.990e-29
 239.774352      0.241   0.772560    15.4691    -1.8613      0.239     0.4687    -0.6083 -9.990e-29
 239.774358      0.238   0.767814    15.4539    -1.8615      0.236     0.4659    -0.6081 -9.990e-29
 239.774363      0.234   0.766405    15.4393    -1.8618      0.232     0.4652    -0.6064 -9.990e-29
 239.774369      0.233   0.767564    15.4262    -1.8623      0.231     0.4660    -0.6036 -9.990e-29
 239.774375      0.235   0.767292    15.4157    -1.8629      0.233     0.4660    -0.6020 -9.990e-29
 239.774381      0.236   0.763566    15.4087    -1.8633      0.234     0.4637    -0.6027 -9.990e-29
 239.774387      0.231   0.758621    15.4046    -1.8635      0.229     0.4606    -0.6044 -9.990e-29
 239.774392      0.225   0.755843    15.4023    -1.8636      0.223     0.4589    -0.6054 -9.990e-29
 239.774398      0.222   0.755960    15.4010    -1.8636      0.220     0.4590    -0.6051 -9.990e-29
 239.774404      0.220   0.756357    15.3992    -1.8635      0.218     0.4593    -0.6046 -9.990e-29
 239.774410      0.221   0.754239    15.3949    -1.8634      0.219     0.4580    -0.6049 -9.990e-29
 239.774416      0.224   0.749552    15.3876    -1.8636      0.222     0.4551    -0.6060 -9.990e-29
 239.774421      0.229   0.743806    15.3778    -1.8642      0.227     0.4516    -0.6072 -9.990e-29
 239.774427      0.237   0.738211    15.3674    -1.8652      0.235     0.4482    -0.6082 -9.990e-29
 239.774433      0.244   0.733620    15.3589    -1.8662      0.242     0.4454    -0.6090 -9.990e-29
 239.774439      0.246   0.730006    15.3538    -1.8664      0.244     0.4432    -0.6100 -9.990e-29
 239.774444      0.247   0.726431    15.3517    -1.8662      0.245     0.4409    -0.6114 -9.990e-29
 239.774450      0.253   0.722564    15.3514    -1.8662      0.251     0.4385    -0.6132 -9.990e-29
 239.774456      0.258   0.719344    15.3514    -1.8660      0.256     0.4365    -0.6147 -9.990e-29
 239.774462      0.259   0.717467    15.3496    -1.8658      0.257     0.4353    -0.6154 -9.990e-29
 239.774468      0.260   0.716094    15.3432    -1.8656      0.258     0.4345    -0.6150 -9.990e-29
 239.774473      0.262   0.713946    15.3299    -1.8654      0.260     0.4333    -0.6138 -9.990e-29
 239.774479      0.260   0.710931    15.3121    -1.8651      0.258     0.4316    -0.6124 -9.990e-29
 239.774485      0.259   0.708017    15.2964    -1.8650      0.257     0.4299    -0.6113 -9.990e-29
 239.774491      0.262   0.705753    15.2882    -1.8655      0.260     0.4286    -0.6110 -9.990e-29
 239.774497      0.269   0.703893    15.2870    -1.8661      0.267     0.4274    -0.6117 -9.990e-29
 239.774502      0.282   0.702173    15.2893    -1.8665      0.280     0.4263    -0.6129 -9.990e-29
 239.774508      0.297   0.699961    15.2935    -1.8669      0.295     0.4249    -0.6147 -9.990e-29
 239.774514      0.305   0.696525    15.2989    -1.8673      0.302     0.4227    -0.6172 -9.990e-29
 239.774520      0.309   0.692274    15.3048    -1.8674      0.306     0.4200    -0.6203 -9.990e-29
 239.774525      0.316   0.688189    15.3106    -1.8674      0.313     0.4173    -0.6232 -9.990e-29
 239.774531      0.327   0.684919    15.3145    -1.8676      0.324     0.4152    -0.6254 -9.990e-29
 239.774537      0.334   0.682540    15.3136    -1.8675      0.331     0.4137    -0.6264 -9.990e-29
 239.774543      0.337   0.680651    15.3067    -1.8675      0.334     0.4126    -0.6262 -9.990e-29
 239.774549      0.341   0.678949    15.2961    -1.8673      0.338     0.4117    -0.6253 -9.990e-29
 239.774554      0.343   0.677384    15.2853    -1.8672      0.340     0.4108    -0.6243 -9.990e-29
 239.774560      0.341   0.676085    15.2760    -1.8675      0.338     0.4101    -0.6235 -9.990e-29
 239.774566      0.341   0.674985    15.2684    -1.8675      0.338     0.4095    -0.6227 -9.990e-29
 239.774572      0.338   0.673725    15.2633    -1.8677      0.335     0.4087    -0.6225 -9.990e-29
 239.774578      0.331   0.672288    15.2607    -1.8679      0.328     0.4078    -0.6228 -9.990e-29
 239.774583      0.329   0.670974    15.2595    -1.8682      0.326     0.4070    -0.6233 -9.990e-29
 239.774589      0.333   0.669692    15.2593    -1.8681      0.330     0.4062    -0.6238 -9.990e-29
 239.774595      0.332   0.668398    15.2599    -1.8679      0.329     0.4054    -0.6246 -9.990e-29
 239.774601      0.328   0.668135    15.2610    -1.8678      0.325     0.4052    -0.6249 -9.990e-29
 239.774606      0.329   0.669662    15.2613    -1.8676      0.326     0.4062    -0.6242 -9.990e-29
 239.774612      0.339   0.671690    15.2601    -1.8674      0.336     0.4075    -0.6230 -9.990e-29
 239.774618      0.354   0.671936    15.2578    -1.8672      0.351     0.4076    -0.6225 -9.990e-29
 239.774624      0.367   0.669620    15.2545    -1.8671      0.364     0.4062    -0.6231 -9.990e-29
 239.774630      0.375   0.666089    15.2508    -1.8668      0.372     0.4040    -0.6242 -9.990e-29
 239.774635      0.381   0.662729    15.2488    -1.8668      0.378     0.4020    -0.6255 -9.990e-29
 239.774641      0.392   0.660049    15.2496    -1.8668      0.389     0.4003    -0.6269 -9.990e-29
 239.774647      0.402   0.658356    15.2525    -1.8667      0.399     0.3992    -0.6282 -9.990e-29
 239.774653      0.409   0.657609    15.2566    -1.8668      0.406     0.3987    -0.6293 -9.990e-29
 239.774659      0.413   0.656812    15.2614    -1.8668      0.410     0.3981    -0.6304 -9.990e-29
 239.774664      0.415   0.654903    15.2664    -1.8668      0.412     0.3969    -0.6322 -9.990e-29
 239.774670      0.413   0.652108    15.2708    -1.8666      0.410     0.3951    -0.6342 -9.990e-29
 239.774676      0.409   0.649134    15.2748    -1.8667      0.406     0.3932    -0.6363 -9.990e-29
 239.774682      0.403   0.646449    15.2787    -1.8667      0.400     0.3914    -0.6383 -9.990e-29
 239.774688      0.397   0.644351    15.2816    -1.8669      0.394     0.3901    -0.6398 -9.990e-29
 239.774693      0.395   0.642816    15.2832    -1.8668      0.392     0.3891    -0.6408 -9.990e-29
 239.774699      0.395   0.641461    15.2840    -1.8668      0.392     0.3883    -0.6415 -9.990e-29
 239.774705      0.394   0.639772    15.2845    -1.8671      0.391     0.3872    -0.6424 -9.990e-29
 239.774711      0.398   0.637713    15.2849    -1.8675      0.395     0.3859    -0.6435 -9.990e-29
 239.774716      0.403   0.635495    15.2859    -1.8678      0.400     0.3845    -0.6447 -9.990e-29
 239.774722      0.405   0.633485    15.2870    -1.8678      0.402     0.3832    -0.6459 -9.990e-29
 239.774728      0.403   0.631959    15.2870    -1.8677      0.400     0.3823    -0.6466 -9.990e-29
 239.774734      0.398   0.630542    15.2860    -1.8675      0.395     0.3814    -0.6472 -9.990e-29
 239.774740      0.393   0.629009    15.2848    -1.8673      0.390     0.3805    -0.6477 -9.990e-29
 239.774745      0.393   0.627531    15.2837    -1.8671      0.390     0.3796    -0.6482 -9.990e-29
 239.774751      0.398   0.626354    15.2815    -1.8670      0.395     0.3788    -0.6485 -9.990e-29
 239.774757      0.407   0.625571    15.2767    -1.8671      0.404     0.3784    -0.6481 -9.990e-29
 239.774763      0.418   0.624693    15.2703    -1.8674      0.415     0.3779    -0.6474 -9.990e-29
 239.774769      0.426   0.623101    15.2657    -1.8674      0.422     0.3769    -0.6475 -9.990e-29
 239.774774      0.432   0.620890    15.2649    -1.8674      0.428     0.3756    -0.6484 -9.990e-29
 239.774780      0.436   0.618434    15.2673    -1.8672      0.432     0.3740    -0.6500 -9.990e-29
 239.774786      0.440   0.615785    15.2712    -1.8671      0.436     0.3723    -0.6519 -9.990e-29
 239.774792      0.442   0.613289    15.2753    -1.8671      0.438     0.3707    -0.6538 -9.990e-29
 239.774797      0.443   0.611499    15.2786    -1.8671      0.439     0.3696    -0.6552 -9.990e-29
 239.774803      0.444   0.610242    15.2800    -1.8669      0.440     0.3688    -0.6560 -9.990e-29
 239.774809      0.443   0.608951    15.2790    -1.8667      0.439     0.3680    -0.6565 -9.990e-29
 239.774815      0.442   0.607567    15.2768    -1.8667      0.438     0.3671    -0.6568 -9.990e-29
 239.774821      0.440   0.606460    15.2756    -1.8667      0.436     0.3665    -0.6571 -9.990e-29
 239.774826      0.437   0.605818    15.2763    -1.8666      0.433     0.3660    -0.6575 -9.990e-29
 239.774832      0.433   0.605338    15.2784    -1.8665      0.429     0.3657    -0.6581 -9.990e-29
 239.774838      0.428   0.604377    15.2807    -1.8665      0.424     0.3651    -0.6590 -9.990e-29
 239.774844      0.425   0.602764    15.2827    -1.8664      0.421     0.3641    -0.6601 -9.990e-29
 239.774850      0.429   0.601116    15.2848    -1.8662      0.425     0.3630    -0.6612 -9.990e-29
 239.774855      0.435   0.600007    15.2876    -1.8660      0.431     0.3623    -0.6622 -9.990e-29
 239.774861      0.439   0.599623    15.2907    -1.8660      0.435     0.3620    -0.6629 -9.990e-29
 239.774867      0.443   0.599449    15.2932    -1.8657      0.439     0.3619    -0.6634 -9.990e-29
 239.774873      0.446   0.598700    15.2952    -1.8658      0.442     0.3614    -0.6640 -9.990e-29
 239.774878      0.448   0.597484    15.2973    -1.8658      0.444     0.3607    -0.6650 -9.990e-29
 239.774884      0.450   0.596396    15.2992    -1.8656      0.446     0.3600    -0.6658 -9.990e-29
 239.774890      0.451   0.595649    15.3011    -1.8656      0.447     0.3595    -0.6665 -9.990e-29
 239.774896      0.452   0.594800    15.3039    -1.8655      0.448     0.3589    -0.6673 -9.990e-29
 239.774902      0.453   0.593270    15.3076    -1.8652      0.449     0.3579    -0.6687 -9.990e-29
