data/oxygen options/OCNMS/OCNMS1/raw_data/2021/CAST_KL027_210715faed.cnv
* Sea-Bird SBE 19 Data File:
* FileName = C:\2021 Mooring Data\Casts\CAST_KL027_210715.hex
* Software Version SeatermAF 2.1.2
* Temperature SN = 2997
* Conductivity SN = 2997
* System UpLoad Time = Jul 15 2021 23:30:52 (localtime) = Jul 15 2021 23:30:52 (UTC)
** CAST_KL027_210715
* ds
# nquan = 9                                 
# nvalues = 1084                        
# units = specified
# name 0 = timeJ: Julian Days
# name 1 = prSM: Pressure, Strain Gauge [db]
# name 2 = c0mS/cm: Conductivity [mS/cm]
# name 3 = t090C: Temperature [ITS-90, deg C]
# name 4 = sbeox0ML/L: Oxygen, SBE 43 [ml/l]
# name 5 = depSM: Depth [salt water, m], lat = 47.5
# name 6 = sal00: Salinity, Practical [PSU]
# name 7 = sigma-é00: Density [sigma-theta, kg/m^3]
# name 8 = flag: flag
# span 0 = 196.926053, 196.932321       
# span 1 =     -2.100,     28.191       
# span 2 =   0.236531,  37.988095       
# span 3 =     7.3732,    16.6438       
# span 4 =    -1.8847,    10.5443       
# span 5 =     -2.082,     27.954       
# span 6 =     0.1358,    33.7365       
# span 7 =    -1.0577,    26.3708       
# span 8 = 0.0000e+00, 0.0000e+00       
# interval = seconds: 0.5
# start_time = Jul 15 2021 22:13:31 [Instrument's time stamp, header]
# bad_flag = -9.990e-29
*END*
[from data line 481]
 196.928837      0.175   0.236533    16.2534    -1.8408      0.174     0.1370    -0.9912 -9.990e-29
 196.928843      0.176   0.236533    16.2252    -1.8420      0.175     0.1371    -0.9865 -9.990e-29
 196.928848      0.175   0.236533    16.1992    -1.8431      0.174     0.1371    -0.9822 -9.990e-29
 196.928854      0.174   0.236533    16.1742    -1.8444      0.173     0.1372    -0.9780 -9.990e-29
 196.928860      0.172   0.236533    16.1515    -1.8458      0.171     0.1373    -0.9742 -9.990e-29
 196.928866      0.170   0.236533    16.1311    -1.8466      0.169     0.1374    -0.9708 -9.990e-29
 196.928872      0.166   0.236533    16.1095    -1.8472      0.165     0.1374    -0.9672 -9.990e-29
 196.928877      0.160   0.236533    16.0839    -1.8478      0.159     0.1375    -0.9629 -9.990e-29
 196.928883      0.158   0.236534    16.0558    -1.8480      0.157     0.1376    -0.9583 -9.990e-29
 196.928889      0.162   0.236534    16.0263    -1.8485      0.161     0.1377    -0.9534 -9.990e-29
 196.928895      0.168   0.236534    15.9959    -1.8491      0.167     0.1378    -0.9484 -9.990e-29
 196.928900      0.174   0.236534    15.9649    -1.8495      0.173     0.1379    -0.9432 -9.990e-29
 196.928906      0.179   0.236534    15.9331    -1.8497      0.178     0.1380    -0.9380 -9.990e-29
 196.928912      0.183   0.236534    15.9035    -1.8497      0.181     0.1381    -0.9331 -9.990e-29
 196.928918      0.187   0.236535    15.8798    -1.8494      0.185     0.1381    -0.9293 -9.990e-29
 196.928924      0.191   0.236535    15.8618    -1.8489      0.189     0.1382    -0.9263 -9.990e-29
 196.928929      0.195   0.236535    15.8478    -1.8481      0.193     0.1382    -0.9240 -9.990e-29
 196.928935      0.200   0.236535    15.8360    -1.8475      0.198     0.1383    -0.9221 -9.990e-29
 196.928941      0.205   0.236535    15.8243    -1.8467      0.203     0.1383    -0.9202 -9.990e-29
 196.928947      0.212   0.236535    15.8126    -1.8459      0.210     0.1383    -0.9183 -9.990e-29
 196.928953      0.216   0.236536    15.8032    -1.8449      0.214     0.1384    -0.9167 -9.990e-29
 196.928958      0.213   0.236536    15.7985    -1.8441      0.211     0.1384    -0.9160 -9.990e-29
 196.928964      0.208   0.236536    15.7996    -1.8431      0.206     0.1384    -0.9162 -9.990e-29
 196.928970      0.204   0.236536    15.8067    -1.8424      0.202     0.1384    -0.9173 -9.990e-29
 196.928976      0.201   0.236536    15.8195    -1.8417      0.199     0.1383    -0.9194 -9.990e-29
 196.928981      0.199   0.236536    15.8359    -1.8413      0.197     0.1383    -0.9221 -9.990e-29
 196.928987      0.198   0.236537    15.8542    -1.8403      0.196     0.1382    -0.9251 -9.990e-29
 196.928993      0.198   0.236537    15.8742    -1.8397      0.196     0.1381    -0.9283 -9.990e-29
 196.928999      0.198   0.236537    15.8958    -1.8393      0.196     0.1381    -0.9319 -9.990e-29
 196.929005      0.198   0.236537    15.9181    -1.8386      0.196     0.1380    -0.9355 -9.990e-29
 196.929010      0.200   0.236537    15.9407    -1.8379      0.198     0.1379    -0.9393 -9.990e-29
 196.929016      0.202   0.236537    15.9627    -1.8370      0.200     0.1379    -0.9429 -9.990e-29
 196.929022      0.206   0.236537    15.9828    -1.8363      0.204     0.1378    -0.9462 -9.990e-29
 196.929028      0.210   0.236538    16.0009    -1.8356      0.208     0.1378    -0.9492 -9.990e-29
 196.929034      0.217   0.236538    16.0188    -1.8350      0.215     0.1377    -0.9521 -9.990e-29
 196.929039      0.220   0.236538    16.0371    -1.8341      0.218     0.1376    -0.9552 -9.990e-29
 196.929045      0.218   0.236538    16.0538    -1.8337      0.216     0.1376    -0.9579 -9.990e-29
 196.929051      0.213   0.236538    16.0693    -1.8331      0.211     0.1375    -0.9605 -9.990e-29
 196.929057      0.209   0.236538    16.0862    -1.8325      0.207     0.1375    -0.9633 -9.990e-29
 196.929062      0.207   0.236538    16.1052    -1.8320      0.205     0.1374    -0.9665 -9.990e-29
 196.929068      0.207   0.236539    16.1252    -1.8314      0.205     0.1374    -0.9698 -9.990e-29
 196.929074      0.207   0.236539    16.1449    -1.8310      0.205     0.1373    -0.9731 -9.990e-29
 196.929080      0.209   0.236539    16.1638    -1.8305      0.207     0.1373    -0.9762 -9.990e-29
 196.929086      0.213   0.236539    16.1824    -1.8300      0.211     0.1372    -0.9793 -9.990e-29
 196.929091      0.218   0.236539    16.2000    -1.8294      0.216     0.1371    -0.9823 -9.990e-29
 196.929097      0.220   0.236539    16.2157    -1.8290      0.218     0.1371    -0.9849 -9.990e-29
 196.929103      0.216   0.236539    16.2307    -1.8291      0.214     0.1371    -0.9874 -9.990e-29
 196.929109      0.210   0.236540    16.2456    -1.8294      0.208     0.1370    -0.9899 -9.990e-29
 196.929115      0.205   0.236540    16.2597    -1.8291      0.203     0.1370    -0.9923 -9.990e-29
 196.929120      0.202   0.236540    16.2734    -1.8290      0.200     0.1369    -0.9946 -9.990e-29
 196.929126      0.199   0.236540    16.2868    -1.8290      0.197     0.1369    -0.9969 -9.990e-29
 196.929132      0.197   0.236540    16.3000    -1.8287      0.195     0.1368    -0.9991 -9.990e-29
 196.929138      0.196   0.236540    16.3131    -1.8280      0.194     0.1368    -1.0013 -9.990e-29
 196.929144      0.195   0.236540    16.3248    -1.8272      0.193     0.1368    -1.0033 -9.990e-29
 196.929149      0.194   0.236541    16.3322    -1.8267      0.192     0.1367    -1.0045 -9.990e-29
 196.929155      0.195   0.236541    16.3340    -1.8268      0.193     0.1367    -1.0048 -9.990e-29
 196.929161      0.195   0.236541    16.3342    -1.8267      0.193     0.1367    -1.0049 -9.990e-29
 196.929167      0.196   0.236541    16.3364    -1.8275      0.194     0.1367    -1.0052 -9.990e-29
 196.929172      0.198   0.236541    16.3397    -1.8277      0.196     0.1367    -1.0058 -9.990e-29
 196.929178      0.200   0.236541    16.3446    -1.8272      0.198     0.1367    -1.0066 -9.990e-29
 196.929184      0.204   0.236541    16.3541    -1.8266      0.202     0.1367    -1.0082 -9.990e-29
 196.929190      0.208   0.236542    16.3682    -1.8264      0.206     0.1366    -1.0106 -9.990e-29
 196.929196      0.214   0.236542    16.3828    -1.8269      0.212     0.1366    -1.0131 -9.990e-29
 196.929201      0.221   0.236542    16.3928    -1.8273      0.219     0.1366    -1.0148 -9.990e-29
 196.929207      0.230   0.236543    16.3962    -1.8275      0.228     0.1366    -1.0153 -9.990e-29
 196.929213      0.238   0.236544    16.3933    -1.8279      0.236     0.1366    -1.0149 -9.990e-29
 196.929219      0.241   0.236548    16.3870    -1.8278      0.239     0.1366    -1.0138 -9.990e-29
 196.929225      0.243   0.236559    16.3847    -1.8280      0.241     0.1366    -1.0134 -9.990e-29
 196.929230      0.248   0.236591    16.3901    -1.8280      0.246     0.1366    -1.0143 -9.990e-29
 196.929236      0.253   0.236688    16.3974    -1.6947      0.251     0.1366    -1.0155 -9.990e-29
 196.929242      0.253   0.236978    16.3992    -1.5833      0.251     0.1368    -1.0157 -9.990e-29
 196.929248      0.254   0.237847    16.3936    -1.6014      0.252     0.1373    -1.0143 -9.990e-29
 196.929253      0.258   0.240456    16.3847    -1.6273      0.256     0.1389    -1.0116 -9.990e-29
 196.929259      0.268   0.248283    16.3739    -1.6441      0.266     0.1434    -1.0063 -9.990e-29
 196.929265      0.282   0.271764    16.3577    -1.6504      0.280     0.1571    -0.9930 -9.990e-29
 196.929271      0.307   0.342205    16.3220    -1.6512      0.304     0.1986    -0.9550 -9.990e-29
 196.929277      0.343   0.553526    16.2214    -1.6401      0.340     0.3259    -0.8400 -9.990e-29
 196.929282      0.385   1.187491    15.9256    -1.6367      0.382     0.7253    -0.4835 -9.990e-29
 196.929288      0.436   3.089384    15.2405    -1.6400      0.432     2.0172     0.6213 -9.990e-29
 196.929294      0.502   8.791185    14.2621    -1.6554      0.498     6.3122     4.0760 -9.990e-29
 196.929300      0.584  19.391749    13.3359    -1.6577      0.579    15.2210    11.0701 -9.990e-29
 196.929306      0.679  29.838482    12.5571    -1.6506      0.673    24.9145    18.6740 -9.990e-29
 196.929311      0.779  35.253853    11.9361    -1.6354      0.772    30.4623    23.0791 -9.990e-29
 196.929317      0.874  37.000013    11.6004    -1.6303      0.867    32.4351    24.6712 -9.990e-29
 196.929323      0.957  37.679138    11.5747    -1.6372      0.949    33.1213    25.2091 -9.990e-29
 196.929329      1.020  37.948232    11.7024    -1.6417      1.011    33.2700    25.3011 -9.990e-29
 196.929334      1.064  37.948485    11.7777    -1.6489      1.055    33.2028    25.2350 -9.990e-29
 196.929340      1.104  37.885959    11.7005    -1.6507      1.095    33.2108    25.2555 -9.990e-29
 196.929346      1.146  37.830347    11.5499    -1.6457      1.136    33.2916    25.3460 -9.990e-29
 196.929352      1.181  37.742808    11.5196    -1.6446      1.171    33.2330    25.3060 -9.990e-29
 196.929358      1.202  37.643908    11.6766    -1.6495      1.192    32.9959    25.0929 -9.990e-29
 196.929363      1.214  37.573231    11.8932    -1.6506      1.204    32.7355    24.8507 -9.990e-29
 196.929369      1.224  37.582242    11.9850    -1.6507      1.214    32.6636    24.7778 -9.990e-29
 196.929375      1.235  37.667267    11.8847    -1.6522      1.225    32.8342    24.9289 -9.990e-29
 196.929381      1.252  37.763439    11.6933    -1.6520      1.242    33.0976    25.1689 -9.990e-29
 196.929387      1.270  37.877337    11.5560    -1.6524      1.259    33.3321    25.3764 -9.990e-29
 196.929392      1.274  37.988095    11.5582    -1.6504      1.263    33.4387    25.4588 -9.990e-29
 196.929398      1.267  37.975339    11.6436    -1.6472      1.256    33.3492    25.3735 -9.990e-29
 196.929404      1.255  37.815269    11.6649    -1.6479      1.245    33.1736    25.2332 -9.990e-29
 196.929410      1.247  37.637515    11.5857    -1.6502      1.237    33.0706    25.1677 -9.990e-29
 196.929416      1.247  37.575613    11.4975    -1.6511      1.237    33.0888    25.1980 -9.990e-29
 196.929421      1.249  37.640617    11.4614    -1.6514      1.239    33.1850    25.2793 -9.990e-29
 196.929427      1.251  37.729110    11.4681    -1.6537      1.241    33.2658    25.3409 -9.990e-29
 196.929433      1.252  37.733678    11.4858    -1.6626      1.242    33.2544    25.3288 -9.990e-29
 196.929439      1.257  37.655328    11.4984    -1.6595      1.247    33.1662    25.2580 -9.990e-29
 196.929444      1.269  37.590250    11.5097    -1.6567      1.258    33.0923    25.1984 -9.990e-29
 196.929450      1.282  37.601318    11.5174    -1.6541      1.271    33.0962    25.2001 -9.990e-29
 196.929456      1.287  37.685321    11.5217    -1.6546      1.276    33.1747    25.2603 -9.990e-29
 196.929462      1.286  37.773725    11.5252    -1.6560      1.275    33.2582    25.3246 -9.990e-29
 196.929468      1.277  37.760697    11.5142    -1.6562      1.266    33.2553    25.3244 -9.990e-29
 196.929473      1.269  37.653497    11.4589    -1.6563      1.258    33.1999    25.2913 -9.990e-29
 196.929479      1.274  37.563106    11.3403    -1.6556      1.263    33.2177    25.3267 -9.990e-29
 196.929485      1.289  37.557884    11.2326    -1.6545      1.278    33.3097    25.4178 -9.990e-29
 196.929491      1.296  37.611768    11.2415    -1.6553      1.285    33.3549    25.4513 -9.990e-29
 196.929497      1.293  37.637340    11.3315    -1.6562      1.282    33.2987    25.3913 -9.990e-29
 196.929502      1.291  37.578942    11.4024    -1.6570      1.280    33.1774    25.2841 -9.990e-29
 196.929508      1.300  37.483688    11.4158    -1.6557      1.289    33.0717    25.1996 -9.990e-29
 196.929514      1.316  37.424686    11.3817    -1.6516      1.305    33.0443    25.1844 -9.990e-29
 196.929520      1.330  37.419667    11.3465    -1.6510      1.319    33.0709    25.2115 -9.990e-29
 196.929525      1.336  37.474801    11.3522    -1.6525      1.325    33.1200    25.2486 -9.990e-29
 196.929531      1.333  37.537426    11.3819    -1.6538      1.322    33.1549    25.2704 -9.990e-29
 196.929537      1.331  37.525075    11.3892    -1.6518      1.320    33.1362    25.2546 -9.990e-29
 196.929543      1.333  37.480106    11.3679    -1.6512      1.322    33.1111    25.2389 -9.990e-29
 196.929549      1.339  37.486604    11.3417    -1.6500      1.328    33.1411    25.2669 -9.990e-29
 196.929554      1.345  37.525371    11.3357    -1.6491      1.334    33.1846    25.3019 -9.990e-29
 196.929560      1.344  37.558399    11.3716    -1.6467      1.333    33.1848    25.2955 -9.990e-29
 196.929566      1.336  37.583381    11.4351    -1.6461      1.325    33.1523    25.2587 -9.990e-29
 196.929572      1.327  37.597196    11.4808    -1.6474      1.316    33.1249    25.2291 -9.990e-29
 196.929578      1.323  37.587643    11.4866    -1.6464      1.312    33.1104    25.2167 -9.990e-29
 196.929583      1.322  37.548192    11.4737    -1.6463      1.311    33.0832    25.1980 -9.990e-29
 196.929589      1.325  37.517649    11.4718    -1.6434      1.314    33.0550    25.1763 -9.990e-29
 196.929595      1.332  37.542759    11.4907    -1.6356      1.321    33.0627    25.1789 -9.990e-29
 196.929601      1.339  37.604889    11.5299    -1.6348      1.328    33.0885    25.1918 -9.990e-29
 196.929606      1.343  37.647319    11.5853    -1.6346      1.332    33.0805    25.1755 -9.990e-29
 196.929612      1.343  37.648731    11.6333    -1.6342      1.332    33.0391    25.1345 -9.990e-29
 196.929618      1.339  37.626172    11.6459    -1.6362      1.328    33.0058    25.1063 -9.990e-29
 196.929624      1.336  37.619673    11.6400    -1.6368      1.325    33.0047    25.1065 -9.990e-29
 196.929630      1.332  37.652558    11.6588    -1.6373      1.321    33.0201    25.1150 -9.990e-29
 196.929635      1.325  37.694139    11.7159    -1.6379      1.314    33.0099    25.0966 -9.990e-29
 196.929641      1.322  37.702337    11.8152    -1.6375      1.311    32.9297    25.0159 -9.990e-29
 196.929647      1.331  37.697076    11.9351    -1.6361      1.320    32.8186    24.9074 -9.990e-29
 196.929653      1.344  37.725193    12.0183    -1.6349      1.333    32.7726    24.8562 -9.990e-29
 196.929659      1.349  37.762554    12.0538    -1.6353      1.338    32.7776    24.8534 -9.990e-29
 196.929664      1.343  37.772133    12.0615    -1.6399      1.332    32.7801    24.8539 -9.990e-29
 196.929670      1.328  37.761136    12.0467    -1.6376      1.317    32.7824    24.8585 -9.990e-29
 196.929676      1.314  37.734550    12.0202    -1.6371      1.303    32.7800    24.8616 -9.990e-29
 196.929682      1.303  37.706844    11.9952    -1.6376      1.292    32.7752    24.8625 -9.990e-29
 196.929688      1.294  37.703882    11.9844    -1.6390      1.283    32.7818    24.8697 -9.990e-29
 196.929693      1.287  37.719489    11.9954    -1.6389      1.276    32.7873    24.8718 -9.990e-29
 196.929699      1.282  37.728526    12.0193    -1.6390      1.271    32.7750    24.8579 -9.990e-29
 196.929705      1.282  37.729049    12.0327    -1.6395      1.271    32.7637    24.8466 -9.990e-29
 196.929711      1.292  37.730193    12.0085    -1.6389      1.281    32.7861    24.8685 -9.990e-29
 196.929716      1.303  37.731831    11.9700    -1.6370      1.292    32.8216    24.9032 -9.990e-29
 196.929722      1.309  37.735057    11.9664    -1.6364      1.298    32.8279    24.9088 -9.990e-29
 196.929728      1.309  37.736902    11.9826     8.1293      1.298    32.8154    24.8960 -9.990e-29
 196.929734      1.303  37.725821    11.9822    10.5324      1.292    32.8050    24.8881 -9.990e-29
 196.929740      1.295  37.696036    11.9632    10.5443      1.284    32.7929    24.8822 -9.990e-29
 196.929745      1.289  37.665041    11.9414     8.5396      1.278    32.7821    24.8779 -9.990e-29
 196.929751      1.285  37.661606    11.9293     4.4471      1.274    32.7894    24.8858 -9.990e-29
