data/oxygen options/OCNMS/OCNMS1/raw_data/2021/CAST_CE015_210824faed.cnv
* Sea-Bird SBE 19 Data File:
* FileName = C:\2021 Mooring Data\Casts\CAST_CE015_210824.hex
* Software Version SeatermAF 2.1.2
* Temperature SN = 2997
* Conductivity SN = 2997
* System UpLoad Time = Aug 24 2021 21:21:50 (localtime) = Aug 24 2021 21:21:50 (UTC)
** CAST_CE015_210824
* ds
# nquan = 9                                 
# nvalues = 2052                        
# units = specified
# name 0 = timeJ: Julian Days
# name 1 = prSM: Pressure, Strain Gauge [db]
# name 2 = c0mS/cm: Conductivity [mS/cm]
# name 3 = t090C: Temperature [ITS-90, deg C]
# name 4 = sbeox0ML/L: Oxygen, SBE 43 [ml/l]
# name 5 = depSM: Depth [salt water, m], lat = 47.5
# name 6 = sal00: Salinity, Practical [PSU]
# name 7 = sigma-é00: Density [sigma-theta, kg/m^3]
# name 8 = flag: flag
# span 0 = 236.817882, 236.829751       
# span 1 =     -5.182,     15.473       
# span 2 =   0.000627,  39.888274       
# span 3 =    10.8615,    14.2633       
# span 4 =    -1.9755,    12.9530       
# span 5 =     -5.139,     15.343       
# span 6 =     0.0067,    33.1841       
# span 7 =    -0.7502,    25.3811       
# span 8 = 0.0000e+00, 0.0000e+00       
# interval = seconds: 0.5
# start_time = Aug 24 2021 19:37:45 [Instrument's time stamp, header]
# bad_flag = -9.990e-29
*END*
[from data line 1121]
 236.824369      0.463   0.000627    13.9724    -1.9394      0.459     0.0072    -0.7446 -9.990e-29
 236.824375      0.465   0.000627    13.9544    -1.9397      0.461     0.0072    -0.7421 -9.990e-29
 236.824381      0.467   0.000627    13.9095    -1.9399      0.463     0.0072    -0.7359 -9.990e-29
 236.824387      0.470   0.000628    13.8590    -1.9408      0.466     0.0072    -0.7290 -9.990e-29
 236.824392      0.474   0.000629    13.8157    -1.9423      0.470     0.0072    -0.7231 -9.990e-29
 236.824398      0.479   0.000632    13.7767    -1.9433      0.475     0.0071    -0.7178 -9.990e-29
 236.824404      0.486   0.000641    13.7362    -1.9441      0.482     0.0071    -0.7123 -9.990e-29
 236.824410      0.495   0.000669    13.6967    -1.9454      0.491     0.0071    -0.7069 -9.990e-29
 236.824416      0.506   0.000752    13.6617    -1.9406      0.502     0.0071    -0.7022 -9.990e-29
 236.824421      0.516   0.001003    13.6342    -1.9209      0.512     0.0071    -0.6985 -9.990e-29
 236.824427      0.516   0.001200    13.6157    -1.9183      0.512     0.0072    -0.6959 -9.990e-29
 236.824433      0.508   0.001052    13.6002    -1.9210      0.504     0.0071    -0.6939 -9.990e-29
 236.824439      0.499   0.000916    13.5805    -1.9243      0.495     0.0071    -0.6913 -9.990e-29
 236.824444      0.493   0.001165    13.5579    -1.9275      0.489     0.0071    -0.6882 -9.990e-29
 236.824450      0.488   0.001578    13.5407    -1.9301      0.484     0.0072    -0.6859 -9.990e-29
 236.824456      0.486   0.001596    13.5391    -1.9313      0.482     0.0072    -0.6856 -9.990e-29
 236.824462      0.486   0.001244    13.5820    -1.9326      0.482     0.0072    -0.6914 -9.990e-29
 236.824468      0.488   0.001162    13.7161    -1.9340      0.484     0.0072    -0.7095 -9.990e-29
 236.824473      0.491   0.001240    13.8998    -1.9353      0.487     0.0073    -0.7345 -9.990e-29
 236.824479      0.493   0.001028    14.0087    -1.9360      0.489     0.0073    -0.7495 -9.990e-29
 236.824485      0.489   0.000797    14.0130    -1.9369      0.485     0.0073    -0.7502 -9.990e-29
 236.824491      0.482   0.000794    13.9669    -1.9374      0.478     0.0072    -0.7438 -9.990e-29
 236.824497      0.477   0.001012    13.9080    -1.9377      0.473     0.0073    -0.7356 -9.990e-29
 236.824502      0.473   0.001190    13.8554    -1.9382      0.469     0.0073    -0.7284 -9.990e-29
 236.824508      0.470   0.001011    13.8149    -1.9395      0.466     0.0072    -0.7229 -9.990e-29
 236.824514      0.469   0.000791    13.7812    -1.9414      0.465     0.0072    -0.7183 -9.990e-29
 236.824520      0.468   0.000791    13.7500    -1.9428      0.464     0.0071    -0.7141 -9.990e-29
 236.824525      0.467   0.001010    13.7226    -1.9442      0.463     0.0072    -0.7104 -9.990e-29
 236.824531      0.468   0.001186    13.7002    -1.9457      0.464     0.0072    -0.7073 -9.990e-29
 236.824537      0.469   0.000998    13.6821    -1.9480      0.465     0.0071    -0.7049 -9.990e-29
 236.824543      0.471   0.000752    13.6677    -1.9498      0.467     0.0071    -0.7030 -9.990e-29
 236.824549      0.474   0.000674    13.6542    -1.9511      0.470     0.0071    -0.7012 -9.990e-29
 236.824554      0.479   0.000659    13.6358    -1.9523      0.475     0.0071    -0.6987 -9.990e-29
 236.824560      0.484   0.000686    13.6084    -1.9536      0.480     0.0071    -0.6951 -9.990e-29
 236.824566      0.492   0.000793    13.5745    -1.9547      0.488     0.0071    -0.6905 -9.990e-29
 236.824572      0.502   0.001120    13.5393    -1.9558      0.498     0.0071    -0.6858 -9.990e-29
 236.824578      0.510   0.001551    13.5037    -1.9563      0.506     0.0072    -0.6809 -9.990e-29
 236.824583      0.514   0.001551    13.4651    -1.9566      0.510     0.0072    -0.6758 -9.990e-29
 236.824589      0.516   0.001121    13.4236    -1.9570      0.512     0.0070    -0.6705 -9.990e-29
 236.824595      0.519   0.000796    13.3841    -1.9577      0.515     0.0070    -0.6653 -9.990e-29
 236.824601      0.516   0.000696    13.3503    -1.9592      0.512     0.0069    -0.6609 -9.990e-29
 236.824606      0.514   0.000688    13.3205    -1.9615      0.510     0.0069    -0.6570 -9.990e-29
 236.824612      0.510   0.000761    13.2926    -1.9627      0.506     0.0069    -0.6534 -9.990e-29
 236.824618      0.502   0.001013    13.2673    -1.9628      0.498     0.0069    -0.6501 -9.990e-29
 236.824624      0.492   0.001227    13.2463    -1.9634      0.488     0.0070    -0.6473 -9.990e-29
 236.824630      0.484   0.001134    13.2307    -1.9641      0.480     0.0070    -0.6453 -9.990e-29
 236.824635      0.478   0.001162    13.2183    -1.9650      0.474     0.0070    -0.6437 -9.990e-29
 236.824641      0.474   0.001351    13.2040    -1.9655      0.470     0.0070    -0.6418 -9.990e-29
 236.824647      0.470   0.001398    13.1830    -1.9662      0.466     0.0070    -0.6391 -9.990e-29
 236.824653      0.468   0.001364    13.1529    -1.9672      0.464     0.0070    -0.6352 -9.990e-29
 236.824659      0.466   0.001205    13.1197    -1.9669      0.462     0.0069    -0.6310 -9.990e-29
 236.824664      0.464   0.001262    13.0940    -1.9663      0.460     0.0069    -0.6277 -9.990e-29
 236.824670      0.464   0.001612    13.0775    -1.9676      0.460     0.0070    -0.6255 -9.990e-29
 236.824676      0.464   0.001612    13.0632    -1.9696      0.460     0.0070    -0.6237 -9.990e-29
 236.824682      0.464   0.001263    13.0473    -1.9712      0.460     0.0069    -0.6218 -9.990e-29
 236.824688      0.465   0.001209    13.0309    -1.9714      0.461     0.0069    -0.6197 -9.990e-29
 236.824693      0.467   0.001376    13.0156    -1.9711      0.463     0.0069    -0.6177 -9.990e-29
 236.824699      0.469   0.001432    13.0009    -1.9716      0.465     0.0069    -0.6159 -9.990e-29
 236.824705      0.472   0.001452    12.9895    -1.9724      0.468     0.0069    -0.6144 -9.990e-29
 236.824711      0.476   0.001464    12.9845    -1.9724      0.472     0.0069    -0.6138 -9.990e-29
 236.824716      0.481   0.001483    12.9777    -1.9723      0.477     0.0069    -0.6129 -9.990e-29
 236.824722      0.488   0.001536    12.9581    -1.9725      0.484     0.0069    -0.6105 -9.990e-29
 236.824728      0.493   0.001694    12.9291    -1.9732      0.489     0.0070    -0.6068 -9.990e-29
 236.824734      0.491   0.001612    12.9041    -1.9728      0.487     0.0069    -0.6037 -9.990e-29
 236.824740      0.487   0.001181    12.8906    -1.9727      0.483     0.0068    -0.6021 -9.990e-29
 236.824745      0.485   0.000934    12.8837    -1.9729      0.481     0.0067    -0.6013 -9.990e-29
 236.824751      0.485   0.001095    12.8758    -1.9733      0.481     0.0068    -0.6002 -9.990e-29
 236.824757      0.487   0.001325    12.8674    -1.9737      0.483     0.0068    -0.5991 -9.990e-29
 236.824763      0.491   0.001378    12.8625    -1.9733      0.487     0.0068    -0.5985 -9.990e-29
 236.824769      0.498   0.001326    12.8598    -1.9734      0.494     0.0068    -0.5982 -9.990e-29
 236.824774      0.502   0.001099    12.8554    -1.9732      0.498     0.0068    -0.5977 -9.990e-29
 236.824780      0.501   0.000948    12.8510    -1.9728      0.497     0.0067    -0.5972 -9.990e-29
 236.824786      0.499   0.001225    12.8501    -1.9726      0.495     0.0068    -0.5970 -9.990e-29
 236.824792      0.499   0.001745    12.8498    -1.9723      0.495     0.0070    -0.5968 -9.990e-29
 236.824797      0.502   0.002095    12.8466    -1.9721      0.498     0.0071    -0.5964 -9.990e-29
 236.824803      0.508   0.002186    12.8417    -1.9717      0.504     0.0071    -0.5957 -9.990e-29
 236.824809      0.517   0.002140    12.8389    -1.9710      0.513     0.0071    -0.5954 -9.990e-29
 236.824815      0.526   0.001895    12.8395    -1.9704      0.522     0.0070    -0.5955 -9.990e-29
 236.824821      0.531   0.001677    12.8416    -1.9698      0.527     0.0069    -0.5958 -9.990e-29
 236.824826      0.532   0.001752    12.8453    -1.9691      0.528     0.0070    -0.5963 -9.990e-29
 236.824832      0.529   0.001664    12.8510    -1.9686      0.525     0.0069    -0.5970 -9.990e-29
 236.824838      0.527   0.001297    12.8572    -1.9680      0.523     0.0068    -0.5979 -9.990e-29
 236.824844      0.529   0.001270    12.8636    -1.9674      0.525     0.0068    -0.5987 -9.990e-29
 236.824850      0.535   0.001545    12.8710    -1.9672      0.531     0.0069    -0.5995 -9.990e-29
 236.824855      0.543   0.001568    12.8807    -1.9673      0.538     0.0069    -0.6007 -9.990e-29
 236.824861      0.547   0.001367    12.8932    -1.9675      0.542     0.0069    -0.6024 -9.990e-29
 236.824867      0.548   0.001415    12.9069    -1.9672      0.543     0.0069    -0.6041 -9.990e-29
 236.824873      0.543   0.001775    12.9202    -1.9675      0.538     0.0070    -0.6056 -9.990e-29
 236.824878      0.530   0.002004    12.9334    -1.9678      0.526     0.0071    -0.6072 -9.990e-29
 236.824884      0.518   0.001853    12.9462    -1.9679      0.514     0.0070    -0.6089 -9.990e-29
 236.824890      0.509   0.001673    12.9582    -1.9679      0.505     0.0070    -0.6104 -9.990e-29
 236.824896      0.504   0.001778    12.9676    -1.9685      0.500     0.0070    -0.6116 -9.990e-29
 236.824902      0.502   0.001753    12.9728    -1.9699      0.498     0.0070    -0.6122 -9.990e-29
 236.824907      0.503   0.001567    12.9743    -1.9710      0.499     0.0070    -0.6125 -9.990e-29
 236.824913      0.507   0.001524    12.9743    -1.9717      0.503     0.0069    -0.6125 -9.990e-29
 236.824919      0.510   0.001568    12.9733    -1.9715      0.506     0.0070    -0.6124 -9.990e-29
 236.824925      0.508   0.001756    12.9702    -1.9715      0.504     0.0070    -0.6119 -9.990e-29
 236.824931      0.505   0.001785    12.9657    -1.9716      0.501     0.0070    -0.6113 -9.990e-29
 236.824936      0.505   0.001692    12.9611    -1.9718      0.501     0.0070    -0.6108 -9.990e-29
 236.824942      0.508   0.001908    12.9539    -1.9721      0.504     0.0071    -0.6098 -9.990e-29
 236.824948      0.515   0.002164    12.9398    -1.9726      0.511     0.0071    -0.6080 -9.990e-29
 236.824954      0.525   0.002248    12.9196    -1.9730      0.521     0.0072    -0.6054 -9.990e-29
 236.824959      0.535   0.002272    12.8999    -1.9730      0.531     0.0072    -0.6030 -9.990e-29
 236.824965      0.542   0.002268    12.8873    -1.9726      0.537     0.0072    -0.6014 -9.990e-29
 236.824971      0.545   0.002232    12.8825    -1.9729      0.540     0.0071    -0.6008 -9.990e-29
 236.824977      0.546   0.002115    12.8804    -1.9739      0.541     0.0071    -0.6006 -9.990e-29
 236.824983      0.543   0.001760    12.8774    -1.9752      0.538     0.0070    -0.6003 -9.990e-29
 236.824988      0.538   0.001247    12.8727    -1.9752      0.534     0.0068    -0.5998 -9.990e-29
 236.824994      0.529   0.001001    12.8656    -1.9752      0.525     0.0067    -0.5990 -9.990e-29
 236.825000      0.517   0.001247    12.8575    -1.9755      0.513     0.0068    -0.5979 -9.990e-29
 236.825006      0.504   0.001760    12.8516    -1.9752      0.500     0.0070    -0.5971 -9.990e-29
 236.825012      0.494   0.002115    12.8494    -1.9745      0.490     0.0071    -0.5967 -9.990e-29
 236.825017      0.486   0.002233    12.8474    -1.9739      0.482     0.0071    -0.5964 -9.990e-29
 236.825023      0.480   0.002268    12.8397    -1.9740      0.476     0.0071    -0.5954 -9.990e-29
 236.825029      0.476   0.002268    12.8250    -1.9738      0.472     0.0071    -0.5936 -9.990e-29
 236.825035      0.473   0.002232    12.8101    -1.9733      0.469     0.0071    -0.5918 -9.990e-29
 236.825041      0.472   0.002111    12.8016    -1.9731      0.468     0.0071    -0.5908 -9.990e-29
 236.825046      0.471   0.001743    12.7983    -1.9734      0.467     0.0069    -0.5904 -9.990e-29
 236.825052      0.471   0.001194    12.7982    -1.9733      0.467     0.0068    -0.5906 -9.990e-29
 236.825058      0.472   0.000839    12.8031    -1.9726      0.468     0.0067    -0.5912 -9.990e-29
 236.825064      0.475   0.000757    12.8119    -1.9723      0.471     0.0067    -0.5923 -9.990e-29
 236.825069      0.478   0.000839    12.8201    -1.9724      0.474     0.0067    -0.5933 -9.990e-29
 236.825075      0.482   0.001195    12.8255    -1.9721      0.478     0.0068    -0.5940 -9.990e-29
 236.825081      0.489   0.001745    12.8307    -1.9716      0.485     0.0069    -0.5945 -9.990e-29
 236.825087      0.497   0.002113    12.8366    -1.9711      0.493     0.0071    -0.5951 -9.990e-29
 236.825093      0.508   0.002235    12.8405    -1.9708      0.504     0.0071    -0.5956 -9.990e-29
 236.825098      0.523   0.002276    12.8426    -1.9711      0.519     0.0071    -0.5958 -9.990e-29
 236.825104      0.537   0.002290    12.8464    -1.9718      0.533     0.0071    -0.5963 -9.990e-29
 236.825110      0.543   0.002295    12.8530    -1.9715      0.538     0.0071    -0.5971 -9.990e-29
 236.825116      0.543   0.002295    12.8591    -1.9714      0.538     0.0072    -0.5978 -9.990e-29
 236.825122      0.543   0.002293    12.8639    -1.9717      0.538     0.0072    -0.5984 -9.990e-29
 236.825127      0.549   0.002284    12.8700    -1.9711      0.544     0.0072    -0.5992 -9.990e-29
 236.825133      0.557   0.002257    12.8782    -1.9708      0.552     0.0071    -0.6002 -9.990e-29
 236.825139      0.563   0.002175    12.8859    -1.9709      0.558     0.0071    -0.6012 -9.990e-29
 236.825145      0.566   0.001928    12.8891    -1.9704      0.561     0.0070    -0.6017 -9.990e-29
 236.825150      0.568   0.001740    12.8864    -1.9699      0.563     0.0070    -0.6014 -9.990e-29
 236.825156      0.573   0.001915    12.8824    -1.9692      0.568     0.0070    -0.6009 -9.990e-29
 236.825162      0.586   0.002133    12.8818    -1.9687      0.581     0.0071    -0.6007 -9.990e-29
 236.825168      0.602   0.002129    12.8827    -1.9689      0.597     0.0071    -0.6008 -9.990e-29
 236.825174      0.615   0.001898    12.8845    -1.9700      0.610     0.0070    -0.6011 -9.990e-29
 236.825179      0.621   0.001686    12.8894    -1.9719      0.616     0.0070    -0.6018 -9.990e-29
 236.825185      0.624   0.001764    12.8952    -1.9732      0.619     0.0070    -0.6025 -9.990e-29
 236.825191      0.629   0.001680    12.9007    -1.9732      0.624     0.0070    -0.6032 -9.990e-29
 236.825197      0.633   0.001322    12.9084    -1.9731      0.628     0.0068    -0.6043 -9.990e-29
 236.825203      0.630   0.001322    12.9183    -1.9739      0.625     0.0069    -0.6055 -9.990e-29
 236.825208      0.622   0.001677    12.9277    -1.9744      0.617     0.0070    -0.6066 -9.990e-29
 236.825214      0.611   0.001753    12.9319    -1.9742      0.606     0.0070    -0.6071 -9.990e-29
 236.825220      0.606   0.001651    12.9252    -1.9741      0.601     0.0070    -0.6063 -9.990e-29
 236.825226      0.606   0.001791    12.9058    -1.9736      0.601     0.0070    -0.6038 -9.990e-29
 236.825231      0.607   0.001803    12.8796    -1.9727      0.602     0.0070    -0.6005 -9.990e-29
 236.825237      0.609   0.001705    12.8579    -1.9722      0.604     0.0069    -0.5979 -9.990e-29
 236.825243      0.613   0.001918    12.8463    -1.9725      0.608     0.0070    -0.5964 -9.990e-29
 236.825249      0.622   0.002174    12.8392    -1.9723      0.617     0.0071    -0.5954 -9.990e-29
 236.825255      0.637   0.002260    12.8310    -1.9715      0.632     0.0071    -0.5944 -9.990e-29
 236.825260      0.650   0.002288    12.8250    -1.9709      0.645     0.0071    -0.5936 -9.990e-29
 236.825266      0.659   0.002298    12.8247    -1.9709      0.653     0.0071    -0.5936 -9.990e-29
 236.825272      0.664   0.002302    12.8296    -1.9702      0.658     0.0071    -0.5942 -9.990e-29
 236.825278      0.665   0.002303    12.8389    -1.9700      0.659     0.0071    -0.5953 -9.990e-29
 236.825284      0.662   0.002304    12.8500    -1.9697      0.656     0.0071    -0.5967 -9.990e-29
