data/oxygen options/OCNMS/OCNMS1/raw_data/2021/CAST_CE015_210715faed.cnv
* Sea-Bird SBE 19 Data File:
* FileName = C:\2021 Mooring Data\Casts\CAST_CE015_210715.hex
* Software Version SeatermAF 2.1.2
* Temperature SN = 2997
* Conductivity SN = 2997
* System UpLoad Time = Jul 15 2021 18:12:17 (localtime) = Jul 15 2021 18:12:17 (UTC)
** CAST_CE015_210715
* ds
# nquan = 9                                 
# nvalues = 7804                        
# units = specified
# name 0 = timeJ: Julian Days
# name 1 = prSM: Pressure, Strain Gauge [db]
# name 2 = c0mS/cm: Conductivity [mS/cm]
# name 3 = t090C: Temperature [ITS-90, deg C]
# name 4 = sbeox0ML/L: Oxygen, SBE 43 [ml/l]
# name 5 = depSM: Depth [salt water, m], lat = 47.5
# name 6 = sal00: Salinity, Practical [PSU]
# name 7 = sigma-é00: Density [sigma-theta, kg/m^3]
# name 8 = flag: flag
# span 0 = 196.710752, 196.755909       
# span 1 =     -4.932,     14.877       
# span 2 =   0.014481,  35.718075       
# span 3 =     7.7973,    12.4323       
# span 4 =   -14.1431,    18.9804       
# span 5 =     -4.891,     14.752       
# span 6 =     0.0129,    33.6736       
# span 7 =    -0.5411,    26.2030       
# span 8 = 0.0000e+00, 0.0000e+00       
# interval = seconds: 0.5
# start_time = Jul 15 2021 17:03:29 [Instrument's time stamp, header]
# bad_flag = -9.990e-29
*END*
[from data line 6241]
 196.746869      1.533   0.404761    12.0707    -2.0065      1.520     0.2615    -0.3041 -9.990e-29
 196.746875      1.533   0.404474    12.0663    -2.0060      1.520     0.2614    -0.3037 -9.990e-29
 196.746881      1.533   0.403947    12.0613    -2.0055      1.520     0.2611    -0.3034 -9.990e-29
 196.746887      1.533   0.403587    12.0566    -2.0055      1.520     0.2609    -0.3030 -9.990e-29
 196.746892      1.533   0.403469    12.0527    -2.0052      1.520     0.2608    -0.3026 -9.990e-29
 196.746898      1.533   0.403435    12.0494    -2.0051      1.520     0.2608    -0.3022 -9.990e-29
 196.746904      1.533   0.403439    12.0465    -2.0050      1.520     0.2608    -0.3019 -9.990e-29
 196.746910      1.533   0.403489    12.0443    -2.0050      1.520     0.2609    -0.3016 -9.990e-29
 196.746916      1.533   0.403651    12.0439    -2.0048      1.520     0.2610    -0.3014 -9.990e-29
 196.746921      1.533   0.404138    12.0470    -2.0048      1.520     0.2613    -0.3015 -9.990e-29
 196.746927      1.533   0.405047    12.0535    -2.0044      1.520     0.2619    -0.3019 -9.990e-29
 196.746933      1.533   0.405925    12.0602    -2.0042      1.520     0.2624    -0.3022 -9.990e-29
 196.746939      1.534   0.406283    12.0653    -2.0042      1.521     0.2626    -0.3026 -9.990e-29
 196.746944      1.534   0.406041    12.0694    -2.0046      1.521     0.2624    -0.3033 -9.990e-29
 196.746950      1.534   0.405433    12.0724    -2.0053      1.521     0.2620    -0.3039 -9.990e-29
 196.746956      1.534   0.404754    12.0744    -2.0061      1.521     0.2615    -0.3045 -9.990e-29
 196.746962      1.535   0.404207    12.0765    -2.0062      1.522     0.2611    -0.3051 -9.990e-29
 196.746968      1.535   0.404171    12.0789    -2.0060      1.522     0.2611    -0.3054 -9.990e-29
 196.746973      1.536   0.404598    12.0818    -2.0062      1.523     0.2614    -0.3055 -9.990e-29
 196.746979      1.537   0.404948    12.0853    -2.0058      1.524     0.2616    -0.3058 -9.990e-29
 196.746985      1.538   0.405134    12.0877    -2.0056      1.525     0.2617    -0.3060 -9.990e-29
 196.746991      1.539   0.405403    12.0862    -2.0057      1.526     0.2619    -0.3056 -9.990e-29
 196.746997      1.541   0.405560    12.0794    -2.0058      1.528     0.2620    -0.3047 -9.990e-29
 196.747002      1.543   0.405261    12.0688    -2.0059      1.530     0.2619    -0.3036 -9.990e-29
 196.747008      1.545   0.404660    12.0590    -2.0057      1.532     0.2616    -0.3027 -9.990e-29
 196.747014      1.549   0.404065    12.0538    -2.0055      1.536     0.2612    -0.3024 -9.990e-29
 196.747020      1.554   0.403790    12.0528    -2.0053      1.541     0.2610    -0.3024 -9.990e-29
 196.747025      1.560   0.404023    12.0539    -2.0049      1.547     0.2612    -0.3024 -9.990e-29
 196.747031      1.563   0.404520    12.0564    -2.0042      1.550     0.2615    -0.3025 -9.990e-29
 196.747037      1.560   0.404835    12.0586    -2.0038      1.547     0.2617    -0.3026 -9.990e-29
 196.747043      1.554   0.404835    12.0591    -2.0038      1.541     0.2617    -0.3026 -9.990e-29
 196.747049      1.549   0.404519    12.0588    -2.0040      1.536     0.2615    -0.3028 -9.990e-29
 196.747054      1.546   0.404018    12.0592    -2.0041      1.533     0.2611    -0.3031 -9.990e-29
 196.747060      1.543   0.403775    12.0617    -2.0041      1.530     0.2610    -0.3035 -9.990e-29
 196.747066      1.541   0.404018    12.0658    -2.0038      1.528     0.2611    -0.3039 -9.990e-29
 196.747072      1.539   0.404517    12.0716    -2.0036      1.526     0.2614    -0.3043 -9.990e-29
 196.747078      1.538   0.404830    12.0800    -2.0038      1.525     0.2615    -0.3052 -9.990e-29
 196.747083      1.537   0.404817    12.0893    -2.0040      1.524     0.2615    -0.3063 -9.990e-29
 196.747089      1.537   0.404461    12.0959    -2.0040      1.524     0.2612    -0.3073 -9.990e-29
 196.747095      1.536   0.403841    12.0981    -2.0039      1.523     0.2608    -0.3079 -9.990e-29
 196.747101      1.536   0.403238    12.0975    -2.0040      1.523     0.2604    -0.3081 -9.990e-29
 196.747106      1.536   0.402959    12.0965    -2.0044      1.523     0.2602    -0.3081 -9.990e-29
 196.747112      1.537   0.403186    12.0972    -2.0054      1.524     0.2603    -0.3081 -9.990e-29
 196.747118      1.537   0.403665    12.0997    -2.0061      1.524     0.2606    -0.3082 -9.990e-29
 196.747124      1.538   0.403927    12.1014    -2.0058      1.525     0.2608    -0.3082 -9.990e-29
 196.747130      1.539   0.403767    12.1007    -2.0058      1.526     0.2607    -0.3082 -9.990e-29
 196.747135      1.541   0.403525    12.0988    -2.0057      1.528     0.2605    -0.3081 -9.990e-29
 196.747141      1.542   0.403432    12.0975    -2.0056      1.529     0.2605    -0.3080 -9.990e-29
 196.747147      1.545   0.403365    12.0960    -2.0054      1.532     0.2605    -0.3079 -9.990e-29
 196.747153      1.548   0.403233    12.0920    -2.0052      1.535     0.2604    -0.3075 -9.990e-29
 196.747159      1.553   0.402861    12.0835    -2.0050      1.540     0.2602    -0.3066 -9.990e-29
 196.747164      1.558   0.402306    12.0719    -2.0048      1.545     0.2599    -0.3055 -9.990e-29
 196.747170      1.566   0.401937    12.0630    -2.0047      1.553     0.2597    -0.3046 -9.990e-29
 196.747176      1.566   0.401814    12.0597    -2.0048      1.553     0.2597    -0.3043 -9.990e-29
 196.747182      1.556   0.401773    12.0596    -2.0050      1.543     0.2596    -0.3043 -9.990e-29
 196.747188      1.548   0.401759    12.0608    -2.0050      1.535     0.2596    -0.3045 -9.990e-29
 196.747193      1.545   0.401754    12.0633    -2.0049      1.532     0.2596    -0.3048 -9.990e-29
 196.747199      1.542   0.401751    12.0671    -2.0046      1.529     0.2596    -0.3052 -9.990e-29
 196.747205      1.540   0.401746    12.0713    -2.0041      1.527     0.2595    -0.3057 -9.990e-29
 196.747211      1.538   0.401732    12.0751    -2.0041      1.525     0.2595    -0.3062 -9.990e-29
 196.747216      1.537   0.401691    12.0781    -2.0042      1.524     0.2595    -0.3066 -9.990e-29
 196.747222      1.536   0.401568    12.0797    -2.0048      1.523     0.2594    -0.3068 -9.990e-29
 196.747228      1.535   0.401198    12.0792    -2.0048      1.522     0.2591    -0.3070 -9.990e-29
 196.747234      1.535   0.400643    12.0778    -2.0044      1.522     0.2588    -0.3071 -9.990e-29
 196.747240      1.534   0.400269    12.0780    -2.0042      1.521     0.2585    -0.3073 -9.990e-29
 196.747245      1.534   0.400132    12.0807    -2.0044      1.521     0.2584    -0.3077 -9.990e-29
 196.747251      1.534   0.400050    12.0853    -2.0049      1.521     0.2583    -0.3083 -9.990e-29
 196.747257      1.533   0.399914    12.0900    -2.0048      1.520     0.2582    -0.3089 -9.990e-29
 196.747263      1.533   0.399540    12.0919    -2.0045      1.520     0.2579    -0.3094 -9.990e-29
 196.747269      1.533   0.398984    12.0898    -2.0044      1.520     0.2576    -0.3094 -9.990e-29
 196.747274      1.533   0.398615    12.0859    -2.0043      1.520     0.2574    -0.3091 -9.990e-29
 196.747280      1.532   0.398492    12.0848    -2.0043      1.519     0.2573    -0.3091 -9.990e-29
 196.747286      1.532   0.398451    12.0870    -2.0051      1.519     0.2572    -0.3093 -9.990e-29
 196.747292      1.532   0.398437    12.0886    -2.0052      1.519     0.2572    -0.3095 -9.990e-29
 196.747297      1.531   0.398432    12.0870    -2.0050      1.518     0.2572    -0.3093 -9.990e-29
 196.747303      1.531   0.398429    12.0839    -2.0050      1.518     0.2573    -0.3090 -9.990e-29
 196.747309      1.530   0.398424    12.0834    -2.0050      1.517     0.2573    -0.3089 -9.990e-29
 196.747315      1.530   0.398411    12.0858    -2.0054      1.517     0.2572    -0.3092 -9.990e-29
 196.747321      1.529   0.398370    12.0883    -2.0062      1.516     0.2572    -0.3095 -9.990e-29
 196.747326      1.527   0.398248    12.0888    -2.0068      1.514     0.2571    -0.3097 -9.990e-29
 196.747332      1.522   0.397883    12.0853    -2.0067      1.509     0.2569    -0.3094 -9.990e-29
 196.747338      1.506   0.397341    12.0791    -2.0067      1.493     0.2566    -0.3090 -9.990e-29
 196.747344      1.485   0.397009    12.0748    -2.0067      1.473     0.2564    -0.3086 -9.990e-29
 196.747350      1.466   0.396998    12.0737    -2.0072      1.454     0.2564    -0.3085 -9.990e-29
 196.747355      1.459   0.397291    12.0732    -2.0081      1.447     0.2566    -0.3083 -9.990e-29
 196.747361      1.469   0.397727    12.0702    -2.0087      1.457     0.2569    -0.3077 -9.990e-29
 196.747367      1.483   0.397777    12.0627    -2.0093      1.471     0.2570    -0.3068 -9.990e-29
 196.747373      1.494   0.397507    12.0523    -2.0093      1.482     0.2568    -0.3056 -9.990e-29
 196.747378      1.502   0.397667    12.0438    -2.0091      1.489     0.2570    -0.3045 -9.990e-29
 196.747384      1.509   0.398467    12.0396    -2.0089      1.496     0.2576    -0.3036 -9.990e-29
 196.747390      1.514   0.399313    12.0372    -2.0088      1.501     0.2581    -0.3029 -9.990e-29
 196.747396      1.517   0.399669    12.0326    -2.0084      1.504     0.2584    -0.3021 -9.990e-29
 196.747402      1.520   0.399455    12.0236    -2.0080      1.507     0.2583    -0.3012 -9.990e-29
 196.747407      1.522   0.398941    12.0112    -2.0073      1.509     0.2581    -0.2999 -9.990e-29
 196.747413      1.523   0.398547    11.9993    -2.0069      1.510     0.2579    -0.2987 -9.990e-29
 196.747419      1.523   0.398303    11.9909    -2.0068      1.510     0.2578    -0.2978 -9.990e-29
 196.747425      1.523   0.397886    11.9879    -2.0072      1.510     0.2575    -0.2977 -9.990e-29
 196.747431      1.522   0.397292    11.9892    -2.0078      1.509     0.2571    -0.2982 -9.990e-29
 196.747436      1.520   0.396836    11.9924    -2.0085      1.507     0.2568    -0.2988 -9.990e-29
 196.747442      1.518   0.396465    11.9973    -2.0088      1.505     0.2565    -0.2996 -9.990e-29
 196.747448      1.515   0.396239    12.0041    -2.0089      1.502     0.2563    -0.3005 -9.990e-29
 196.747454      1.510   0.396410    12.0127    -2.0087      1.497     0.2564    -0.3014 -9.990e-29
 196.747459      1.505   0.396651    12.0220    -2.0085      1.492     0.2565    -0.3024 -9.990e-29
 196.747465      1.501   0.396730    12.0290    -2.0083      1.488     0.2565    -0.3032 -9.990e-29
 196.747471      1.504   0.396752    12.0301    -2.0080      1.491     0.2565    -0.3034 -9.990e-29
 196.747477      1.510   0.396746    12.0246    -2.0078      1.497     0.2565    -0.3027 -9.990e-29
 196.747483      1.514   0.396704    12.0150    -2.0079      1.501     0.2566    -0.3016 -9.990e-29
 196.747488      1.516   0.396570    12.0053    -2.0088      1.503     0.2565    -0.3005 -9.990e-29
 196.747494      1.518   0.396164    11.9988    -2.0094      1.505     0.2563    -0.2999 -9.990e-29
 196.747500      1.519   0.395501    11.9966    -2.0093      1.506     0.2559    -0.3000 -9.990e-29
 196.747506      1.519   0.394803    11.9978    -2.0091      1.506     0.2554    -0.3005 -9.990e-29
 196.747512      1.518   0.394248    12.0012    -2.0088      1.505     0.2550    -0.3012 -9.990e-29
 196.747517      1.516   0.394202    12.0053    -2.0091      1.503     0.2550    -0.3017 -9.990e-29
 196.747523      1.513   0.394606    12.0091    -2.0090      1.500     0.2552    -0.3019 -9.990e-29
 196.747529      1.509   0.394890    12.0105    -2.0089      1.496     0.2554    -0.3020 -9.990e-29
 196.747535      1.503   0.394879    12.0062    -2.0088      1.490     0.2554    -0.3015 -9.990e-29
 196.747541      1.495   0.394558    11.9969    -2.0082      1.483     0.2552    -0.3005 -9.990e-29
 196.747546      1.485   0.394053    11.9887    -2.0078      1.473     0.2550    -0.2998 -9.990e-29
 196.747552      1.476   0.393798    11.9861    -2.0080      1.464     0.2548    -0.2996 -9.990e-29
 196.747558      1.476   0.394005    11.9878    -2.0080      1.464     0.2549    -0.2997 -9.990e-29
 196.747564      1.485   0.394395    11.9897    -2.0077      1.473     0.2552    -0.2997 -9.990e-29
 196.747569      1.496   0.394381    11.9903    -2.0076      1.484     0.2552    -0.2998 -9.990e-29
 196.747575      1.504   0.393945    11.9912    -2.0076      1.491     0.2549    -0.3001 -9.990e-29
 196.747581      1.511   0.393614    11.9936    -2.0074      1.498     0.2546    -0.3006 -9.990e-29
 196.747587      1.516   0.393500    11.9983    -2.0071      1.503     0.2545    -0.3012 -9.990e-29
 196.747593      1.520   0.393450    12.0051    -2.0069      1.507     0.2545    -0.3021 -9.990e-29
 196.747598      1.523   0.393398    12.0105    -2.0070      1.510     0.2544    -0.3027 -9.990e-29
 196.747604      1.525   0.393274    12.0125    -2.0069      1.512     0.2543    -0.3030 -9.990e-29
 196.747610      1.527   0.392913    12.0141    -2.0066      1.514     0.2540    -0.3034 -9.990e-29
 196.747616      1.528   0.392387    12.0172    -2.0064      1.515     0.2537    -0.3041 -9.990e-29
 196.747622      1.529   0.392101    12.0203    -2.0069      1.516     0.2535    -0.3046 -9.990e-29
 196.747627      1.530   0.392229    12.0228    -2.0070      1.517     0.2535    -0.3048 -9.990e-29
 196.747633      1.531   0.392386    12.0259    -2.0068      1.518     0.2536    -0.3051 -9.990e-29
 196.747639      1.532   0.392225    12.0298    -2.0064      1.519     0.2535    -0.3057 -9.990e-29
 196.747645      1.533   0.392087    12.0330    -2.0067      1.520     0.2534    -0.3061 -9.990e-29
 196.747650      1.533   0.392342    12.0346    -2.0064      1.520     0.2535    -0.3062 -9.990e-29
 196.747656      1.534   0.393329    12.0359    -2.0059      1.521     0.2542    -0.3058 -9.990e-29
 196.747662      1.535   0.395810    12.0367    -2.0057      1.522     0.2558    -0.3046 -9.990e-29
 196.747668      1.535   0.400875    12.0338    -2.0059      1.522     0.2592    -0.3017 -9.990e-29
 196.747674      1.536   0.410845    12.0270    -2.0060      1.523     0.2659    -0.2956 -9.990e-29
 196.747679      1.537   0.429035    12.0213    -2.0067      1.524     0.2781    -0.2855 -9.990e-29
 196.747685      1.539   0.454208    12.0191    -2.0070      1.526     0.2949    -0.2720 -9.990e-29
 196.747691      1.541   0.480027    12.0179    -2.0069      1.528     0.3123    -0.2584 -9.990e-29
 196.747697      1.543   0.503785    12.0156    -2.0067      1.530     0.3283    -0.2456 -9.990e-29
 196.747703      1.545   0.527232    12.0144    -2.0065      1.532     0.3441    -0.2331 -9.990e-29
 196.747708      1.549   0.552257    12.0153    -2.0069      1.536     0.3610    -0.2200 -9.990e-29
 196.747714      1.554   0.579529    12.0159    -2.0078      1.541     0.3795    -0.2056 -9.990e-29
 196.747720      1.559   0.603844    12.0140    -2.0080      1.546     0.3960    -0.1925 -9.990e-29
 196.747726      1.563   0.617716    12.0088    -2.0077      1.550     0.4055    -0.1845 -9.990e-29
 196.747731      1.559   0.621906    12.0011    -2.0074      1.546     0.4084    -0.1813 -9.990e-29
 196.747737      1.554   0.623108    11.9945    -2.0071      1.541     0.4093    -0.1799 -9.990e-29
 196.747743      1.549   0.627359    11.9918    -2.0067      1.536     0.4122    -0.1773 -9.990e-29
 196.747749      1.545   0.635891    11.9923    -2.0067      1.532     0.4180    -0.1728 -9.990e-29
 196.747755      1.543   0.643451    11.9919    -2.0071      1.530     0.4232    -0.1687 -9.990e-29
 196.747760      1.541   0.645155    11.9868    -2.0077      1.528     0.4244    -0.1672 -9.990e-29
 196.747766      1.539   0.641612    11.9788    -2.0084      1.526     0.4221    -0.1681 -9.990e-29
 196.747772      1.538   0.636965    11.9735    -2.0087      1.525     0.4190    -0.1699 -9.990e-29
 196.747778      1.537   0.636658    11.9733    -2.0084      1.524     0.4188    -0.1700 -9.990e-29
 196.747784      1.536   0.643608    11.9768    -2.0078      1.523     0.4235    -0.1668 -9.990e-29
