data/oxygen options/OCNMS/OCNMS1/raw_data/2021/CAST_KL027_211014faedb.cnv
* Sea-Bird SBE 19 Data File:
* FileName = C:\2021 Mooring Data\Casts\CAST_KL027_211014.hex
* Software Version SeatermAF 2.1.2
* Temperature SN = 2997
* Conductivity SN = 2997
* System UpLoad Time = Oct 18 2021 23:35:54 (localtime) = Oct 18 2021 23:35:54 (UTC)
** CAST_KL027_211014
* ds
# nquan = 9
# nvalues = 27                          
# units = specified
# name 0 = timeJ: Julian Days
# name 1 = prSM: Pressure, Strain Gauge [db]
# name 2 = c0mS/cm: Conductivity [mS/cm]
# name 3 = t090C: Temperature [ITS-90, deg C]
# name 4 = sbeox0ML/L: Oxygen, SBE 43 [ml/l]
# name 5 = depSM: Depth [salt water, m], lat = 47.5
# name 6 = sal00: Salinity, Practical [PSU]
# name 7 = sigma-é00: Density [sigma-theta, kg/m^3]
# name 8 = flag: flag
# span 0 = 287.742428, 287.743074       
# span 1 =      3.000,     29.000       
# span 2 =  35.850408,  36.686643       
# span 3 =    12.0437,    12.5748       
# span 4 =     4.6340,     5.9892       
# span 5 =      2.975,     28.756       
# span 6 =    30.6441,    31.7370       
# span 7 =    23.1328,    24.0486       
# span 8 = 0.0000e+00, 0.0000e+00       
# interval = decibars: 1                
# start_time = Oct 14 2021 17:40:03 [Instrument's time stamp, header]
# bad_flag = -9.990e-29
*END*
 287.742428      3.000  35.850408    12.4096     5.9892      2.975    30.6441    23.1328 0.0000e+00
 287.742455      4.000  35.853850    12.4078     5.9827      3.966    30.6484    23.1365 0.0000e+00
 287.742482      5.000  35.865039    12.4107     5.9563      4.958    30.6563    23.1422 0.0000e+00
 287.742508      6.000  35.893471    12.4313     5.9240      5.950    30.6661    23.1459 0.0000e+00
 287.742531      7.000  35.945581    12.4769     5.9165      6.941    30.6779    23.1465 0.0000e+00
 287.742555      8.000  35.956893    12.4760     5.9265      7.933    30.6890    23.1553 0.0000e+00
 287.742583      9.000  35.971815    12.4937     5.9140      8.925    30.6883    23.1515 0.0000e+00
 287.742607     10.000  35.990162    12.5085     5.9116      9.916    30.6932    23.1525 0.0000e+00
 287.742628     11.000  36.022692    12.5271     5.9030     10.908    30.7084    23.1609 0.0000e+00
 287.742652     12.000  36.050117    12.5467     5.8941     11.899    30.7180    23.1646 0.0000e+00
 287.742675     13.000  36.064589    12.5554     5.8621     12.891    30.7242    23.1679 0.0000e+00
 287.742699     14.000  36.081757    12.5623     5.8744     13.882    30.7345    23.1745 0.0000e+00
 287.742724     15.000  36.083871    12.5600     5.8201     14.875    30.7379    23.1776 0.0000e+00
 287.742747     16.000  36.110097    12.5730     5.7684     15.866    30.7517    23.1859 0.0000e+00
 287.742768     17.000  36.136621    12.5748     5.5276     16.857    30.7750    23.2036 0.0000e+00
 287.742790     18.000  36.202935    12.5529     5.3906     17.849    30.8553    23.2699 0.0000e+00
 287.742809     19.000  36.301353    12.5322     5.4811     18.840    30.9651    23.3589 0.0000e+00
 287.742832     20.000  36.300195    12.5355     5.4076     19.832    30.9610    23.3551 0.0000e+00
 287.742859     21.000  36.323919    12.5181     5.2974     20.824    30.9974    23.3866 0.0000e+00
 287.742880     22.000  36.378776    12.4943     5.2745     21.815    31.0687    23.4463 0.0000e+00
 287.742903     23.000  36.388243    12.4847     5.1510     22.807    31.0852    23.4609 0.0000e+00
 287.742923     24.000  36.438583    12.4399     5.1973     23.798    31.1697    23.5348 0.0000e+00
 287.742949     25.000  36.442135    12.4440     5.1544     24.790    31.1693    23.5338 0.0000e+00
 287.742981     26.000  36.446905    12.4280     4.9436     25.781    31.1868    23.5503 0.0000e+00
 287.743004     27.000  36.520858    12.3618     4.8249     26.773    31.3118    23.6596 0.0000e+00
 287.743036     28.000  36.610924    12.2270     4.6340     27.764    31.5104    23.8388 0.0000e+00
 287.743074     29.000  36.686643    12.0437     4.8552     28.756    31.7370    24.0486 0.0000e+00
