data/oxygen options/OCNMS/OCNMS1/raw_data/2021/CAST_TH042_210827faed.cnv
* Sea-Bird SBE 19 Data File:
* FileName = C:\2021 Mooring Data\Casts\CAST_TH042_210827.hex
* Software Version SeatermAF 2.1.2
* Temperature SN = 2997
* Conductivity SN = 2997
* System UpLoad Time = Aug 27 2021 17:21:08 (localtime) = Aug 27 2021 17:21:08 (UTC)
** CAST_TH042_210827
* ds
# nquan = 9                                 
# nvalues = 1804                        
# units = specified
# name 0 = timeJ: Julian Days
# name 1 = prSM: Pressure, Strain Gauge [db]
# name 2 = c0mS/cm: Conductivity [mS/cm]
# name 3 = t090C: Temperature [ITS-90, deg C]
# name 4 = sbeox0ML/L: Oxygen, SBE 43 [ml/l]
# name 5 = depSM: Depth [salt water, m], lat = 47.5
# name 6 = sal00: Salinity, Practical [PSU]
# name 7 = sigma-é00: Density [sigma-theta, kg/m^3]
# name 8 = flag: flag
# span 0 = 239.647014, 239.657448       
# span 1 =     -4.891,     41.373       
# span 2 =   0.005928,  37.275820       
# span 3 =     7.6572,    13.2366       
# span 4 =   -12.5614,    17.2538       
# span 5 =     -4.850,     41.024       
# span 6 =     0.0088,    33.5840       
# span 7 =    -0.6444,    26.2115       
# span 8 = 0.0000e+00, 0.0000e+00       
# interval = seconds: 0.5
# start_time = Aug 27 2021 15:31:42 [Instrument's time stamp, header]
# bad_flag = -9.990e-29
*END*
[from data line 161]
 239.647946     -1.633   0.005932    13.1142    -1.9611     -1.619     0.0088    -0.6289 -9.990e-29
 239.647951     -1.615   0.005932    13.1136    -1.9612     -1.602     0.0088    -0.6288 -9.990e-29
 239.647957     -1.591   0.005932    13.1137    -1.9615     -1.578     0.0088    -0.6288 -9.990e-29
 239.647963     -1.564   0.005932    13.1147    -1.9616     -1.551     0.0088    -0.6289 -9.990e-29
 239.647969     -1.542   0.005932    13.1161    -1.9615     -1.529     0.0088    -0.6291 -9.990e-29
 239.647975     -1.528   0.005932    13.1168    -1.9616     -1.515     0.0088    -0.6292 -9.990e-29
 239.647980     -1.519   0.005932    13.1158    -1.9616     -1.506     0.0088    -0.6291 -9.990e-29
 239.647986     -1.512   0.005932    13.1132    -1.9616     -1.499     0.0088    -0.6287 -9.990e-29
 239.647992     -1.502   0.005932    13.1096    -1.9616     -1.489     0.0088    -0.6283 -9.990e-29
 239.647998     -1.493   0.005933    13.1056    -1.9617     -1.481     0.0088    -0.6278 -9.990e-29
 239.648003     -1.487   0.005933    13.1015    -1.9617     -1.475     0.0088    -0.6272 -9.990e-29
 239.648009     -1.481   0.005933    13.0980    -1.9618     -1.469     0.0088    -0.6268 -9.990e-29
 239.648015     -1.470   0.005933    13.0959    -1.9619     -1.458     0.0088    -0.6265 -9.990e-29
 239.648021     -1.457   0.005933    13.0952    -1.9617     -1.445     0.0088    -0.6264 -9.990e-29
 239.648027     -1.446   0.005933    13.0949    -1.9616     -1.434     0.0088    -0.6264 -9.990e-29
 239.648032     -1.437   0.005933    13.0946    -1.9615     -1.425     0.0088    -0.6264 -9.990e-29
 239.648038     -1.427   0.005933    13.0942    -1.9613     -1.415     0.0088    -0.6263 -9.990e-29
 239.648044     -1.418   0.005933    13.0935    -1.9612     -1.406     0.0088    -0.6262 -9.990e-29
 239.648050     -1.408   0.005933    13.0926    -1.9612     -1.396     0.0088    -0.6261 -9.990e-29
 239.648056     -1.397   0.005934    13.0919    -1.9611     -1.385     0.0088    -0.6260 -9.990e-29
 239.648061     -1.383   0.005934    13.0911    -1.9613     -1.371     0.0088    -0.6259 -9.990e-29
 239.648067     -1.372   0.005934    13.0907    -1.9613     -1.361     0.0088    -0.6259 -9.990e-29
 239.648073     -1.365   0.005934    13.0920    -1.9614     -1.354     0.0088    -0.6260 -9.990e-29
 239.648079     -1.358   0.005934    13.0947    -1.9615     -1.347     0.0088    -0.6264 -9.990e-29
 239.648084     -1.347   0.005934    13.0978    -1.9616     -1.336     0.0088    -0.6268 -9.990e-29
 239.648090     -1.331   0.005934    13.1008    -1.9618     -1.320     0.0088    -0.6271 -9.990e-29
 239.648096     -1.313   0.005934    13.1030    -1.9618     -1.302     0.0088    -0.6274 -9.990e-29
 239.648102     -1.296   0.005934    13.1040    -1.9619     -1.285     0.0088    -0.6276 -9.990e-29
 239.648108     -1.279   0.005934    13.1039    -1.9617     -1.268     0.0088    -0.6275 -9.990e-29
 239.648113     -1.262   0.005935    13.1029    -1.9615     -1.251     0.0088    -0.6274 -9.990e-29
 239.648119     -1.242   0.005935    13.1017    -1.9611     -1.232     0.0088    -0.6273 -9.990e-29
 239.648125     -1.224   0.005935    13.1002    -1.9609     -1.214     0.0088    -0.6271 -9.990e-29
 239.648131     -1.209   0.005935    13.0981    -1.9609     -1.199     0.0088    -0.6268 -9.990e-29
 239.648137     -1.198   0.005935    13.0956    -1.9610     -1.188     0.0088    -0.6265 -9.990e-29
 239.648142     -1.189   0.005935    13.0936    -1.9616     -1.179     0.0088    -0.6262 -9.990e-29
 239.648148     -1.182   0.005935    13.0925    -1.9623     -1.172     0.0088    -0.6261 -9.990e-29
 239.648154     -1.177   0.005935    13.0928    -1.9629     -1.167     0.0088    -0.6261 -9.990e-29
 239.648160     -1.173   0.005935    13.0952    -1.9636     -1.163     0.0088    -0.6264 -9.990e-29
 239.648166     -1.169   0.005935    13.0999    -1.9638     -1.159     0.0088    -0.6270 -9.990e-29
 239.648171     -1.167   0.005936    13.1052    -1.9639     -1.157     0.0088    -0.6277 -9.990e-29
 239.648177     -1.164   0.005936    13.1085    -1.9641     -1.154     0.0088    -0.6281 -9.990e-29
 239.648183     -1.162   0.005936    13.1082    -1.9643     -1.152     0.0088    -0.6281 -9.990e-29
 239.648189     -1.161   0.005936    13.1034    -1.9645     -1.151     0.0088    -0.6275 -9.990e-29
 239.648194     -1.159   0.005936    13.0936    -1.9647     -1.149     0.0088    -0.6262 -9.990e-29
 239.648200     -1.158   0.005936    13.0807    -1.9649     -1.148     0.0088    -0.6246 -9.990e-29
 239.648206     -1.156   0.005936    13.0674    -1.9649     -1.146     0.0088    -0.6229 -9.990e-29
 239.648212     -1.154   0.005936    13.0562    -1.9649     -1.144     0.0088    -0.6215 -9.990e-29
 239.648218     -1.152   0.005936    13.0487    -1.9651     -1.142     0.0088    -0.6205 -9.990e-29
 239.648223     -1.150   0.005936    13.0436    -1.9650     -1.140     0.0088    -0.6199 -9.990e-29
 239.648229     -1.146   0.005937    13.0392    -1.9652     -1.136     0.0088    -0.6193 -9.990e-29
 239.648235     -1.143   0.005937    13.0348    -1.9653     -1.133     0.0088    -0.6187 -9.990e-29
 239.648241     -1.138   0.005937    13.0302    -1.9653     -1.129     0.0088    -0.6182 -9.990e-29
 239.648247     -1.131   0.005937    13.0260    -1.9654     -1.122     0.0088    -0.6176 -9.990e-29
 239.648252     -1.123   0.005937    13.0231    -1.9654     -1.114     0.0088    -0.6173 -9.990e-29
 239.648258     -1.113   0.005937    13.0213    -1.9650     -1.104     0.0088    -0.6170 -9.990e-29
 239.648264     -1.099   0.005937    13.0200    -1.9647     -1.090     0.0088    -0.6169 -9.990e-29
 239.648270     -1.082   0.005937    13.0186    -1.9646     -1.073     0.0088    -0.6167 -9.990e-29
 239.648275     -1.065   0.005937    13.0171    -1.9644     -1.056     0.0088    -0.6165 -9.990e-29
 239.648281     -1.050   0.005937    13.0151    -1.9642     -1.041     0.0088    -0.6162 -9.990e-29
 239.648287     -1.036   0.005938    13.0129    -1.9641     -1.027     0.0088    -0.6160 -9.990e-29
 239.648293     -1.024   0.005938    13.0119    -1.9643     -1.015     0.0088    -0.6158 -9.990e-29
 239.648299     -1.006   0.005938    13.0124    -1.9646     -0.998     0.0088    -0.6159 -9.990e-29
 239.648304     -0.984   0.005938    13.0149    -1.9648     -0.976     0.0088    -0.6162 -9.990e-29
 239.648310     -0.963   0.005938    13.0197    -1.9648     -0.955     0.0088    -0.6168 -9.990e-29
 239.648316     -0.947   0.005938    13.0252    -1.9649     -0.939     0.0088    -0.6175 -9.990e-29
 239.648322     -0.934   0.005938    13.0298    -1.9650     -0.926     0.0088    -0.6181 -9.990e-29
 239.648328     -0.924   0.005938    13.0337    -1.9654     -0.916     0.0088    -0.6186 -9.990e-29
 239.648333     -0.917   0.005938    13.0365    -1.9656     -0.909     0.0088    -0.6190 -9.990e-29
 239.648339     -0.911   0.005938    13.0370    -1.9657     -0.903     0.0088    -0.6190 -9.990e-29
 239.648345     -0.906   0.005939    13.0345    -1.9658     -0.898     0.0088    -0.6187 -9.990e-29
 239.648351     -0.902   0.005939    13.0301    -1.9658     -0.894     0.0088    -0.6181 -9.990e-29
 239.648356     -0.900   0.005939    13.0261    -1.9660     -0.892     0.0088    -0.6176 -9.990e-29
 239.648362     -0.897   0.005939    13.0234    -1.9662     -0.890     0.0088    -0.6173 -9.990e-29
 239.648368     -0.896   0.005939    13.0209    -1.9662     -0.889     0.0088    -0.6170 -9.990e-29
 239.648374     -0.894   0.005939    13.0169    -1.9663     -0.887     0.0088    -0.6165 -9.990e-29
 239.648380     -0.893   0.005939    13.0119    -1.9664     -0.886     0.0088    -0.6158 -9.990e-29
 239.648385     -0.892   0.005939    13.0074    -1.9664     -0.885     0.0088    -0.6153 -9.990e-29
 239.648391     -0.891   0.005939    13.0040    -1.9667     -0.884     0.0088    -0.6148 -9.990e-29
 239.648397     -0.890   0.005939    13.0015    -1.9670     -0.883     0.0088    -0.6145 -9.990e-29
 239.648403     -0.890   0.005940    12.9994    -1.9674     -0.883     0.0088    -0.6143 -9.990e-29
 239.648409     -0.889   0.005940    12.9969    -1.9677     -0.882     0.0088    -0.6139 -9.990e-29
 239.648414     -0.888   0.005940    12.9942    -1.9679     -0.881     0.0088    -0.6136 -9.990e-29
 239.648420     -0.887   0.005940    12.9920    -1.9679     -0.880     0.0088    -0.6133 -9.990e-29
 239.648426     -0.886   0.005940    12.9902    -1.9679     -0.879     0.0088    -0.6131 -9.990e-29
 239.648432     -0.885   0.005940    12.9882    -1.9680     -0.878     0.0088    -0.6128 -9.990e-29
 239.648438     -0.883   0.005941    12.9852    -1.9681     -0.876     0.0088    -0.6125 -9.990e-29
 239.648443     -0.880   0.005942    12.9804    -1.9681     -0.873     0.0088    -0.6119 -9.990e-29
 239.648449     -0.878   0.005942    12.9741    -1.9683     -0.871     0.0088    -0.6111 -9.990e-29
 239.648455     -0.874   0.005943    12.9673    -1.9682     -0.867     0.0088    -0.6102 -9.990e-29
 239.648461     -0.870   0.005944    12.9613    -1.9678     -0.863     0.0088    -0.6094 -9.990e-29
 239.648466     -0.864   0.005945    12.9572    -1.9673     -0.857     0.0088    -0.6089 -9.990e-29
 239.648472     -0.856   0.005946    12.9547    -1.9672     -0.849     0.0088    -0.6086 -9.990e-29
 239.648478     -0.847   0.005947    12.9530    -1.9670     -0.840     0.0088    -0.6084 -9.990e-29
 239.648484     -0.834   0.005947    12.9515    -1.9669     -0.827     0.0088    -0.6082 -9.990e-29
 239.648490     -0.819   0.005948    12.9502    -1.9669     -0.812     0.0088    -0.6080 -9.990e-29
 239.648495     -0.798   0.005949    12.9494    -1.9668     -0.791     0.0088    -0.6079 -9.990e-29
 239.648501     -0.772   0.005950    12.9499    -1.9668     -0.766     0.0088    -0.6080 -9.990e-29
 239.648507     -0.742   0.005951    12.9531    -1.9667     -0.736     0.0088    -0.6084 -9.990e-29
 239.648513     -0.716   0.005951    12.9591    -1.9665     -0.710     0.0088    -0.6092 -9.990e-29
 239.648519     -0.696   0.005952    12.9655    -1.9663     -0.690     0.0088    -0.6100 -9.990e-29
 239.648524     -0.681   0.005953    12.9703    -1.9664     -0.675     0.0088    -0.6106 -9.990e-29
 239.648530     -0.669   0.005954    12.9740    -1.9663     -0.663     0.0088    -0.6110 -9.990e-29
 239.648536     -0.661   0.005955    12.9768    -1.9664     -0.655     0.0088    -0.6114 -9.990e-29
 239.648542     -0.655   0.005955    12.9787    -1.9663     -0.650     0.0088    -0.6116 -9.990e-29
 239.648547     -0.651   0.005956    12.9801    -1.9662     -0.646     0.0088    -0.6118 -9.990e-29
 239.648553     -0.649   0.005957    12.9816    -1.9664     -0.644     0.0088    -0.6120 -9.990e-29
 239.648559     -0.649   0.005958    12.9837    -1.9663     -0.644     0.0088    -0.6123 -9.990e-29
 239.648565     -0.651   0.005959    12.9865    -1.9664     -0.646     0.0088    -0.6126 -9.990e-29
 239.648571     -0.655   0.005959    12.9890    -1.9666     -0.650     0.0088    -0.6129 -9.990e-29
 239.648576     -0.656   0.005960    12.9904    -1.9667     -0.651     0.0088    -0.6131 -9.990e-29
 239.648582     -0.651   0.005961    12.9910    -1.9668     -0.646     0.0088    -0.6132 -9.990e-29
 239.648588     -0.644   0.005962    12.9914    -1.9670     -0.639     0.0088    -0.6132 -9.990e-29
 239.648594     -0.639   0.005963    12.9919    -1.9675     -0.634     0.0088    -0.6133 -9.990e-29
 239.648600     -0.634   0.005963    12.9920    -1.9679     -0.629     0.0088    -0.6133 -9.990e-29
 239.648605     -0.631   0.005964    12.9913    -1.9684     -0.626     0.0088    -0.6132 -9.990e-29
 239.648611     -0.628   0.005965    12.9901    -1.9687     -0.623     0.0088    -0.6131 -9.990e-29
 239.648617     -0.625   0.005966    12.9882    -1.9688     -0.620     0.0088    -0.6128 -9.990e-29
 239.648623     -0.623   0.005967    12.9855    -1.9689     -0.618     0.0088    -0.6125 -9.990e-29
 239.648628     -0.620   0.005968    12.9826    -1.9690     -0.615     0.0088    -0.6121 -9.990e-29
 239.648634     -0.618   0.005968    12.9788    -1.9690     -0.613     0.0088    -0.6116 -9.990e-29
 239.648640     -0.616   0.005969    12.9728    -1.9693     -0.611     0.0088    -0.6109 -9.990e-29
 239.648646     -0.613   0.005970    12.9647    -1.9695     -0.608     0.0088    -0.6099 -9.990e-29
 239.648652     -0.610   0.005971    12.9558    -1.9698     -0.605     0.0088    -0.6087 -9.990e-29
 239.648657     -0.606   0.005972    12.9473    -1.9701     -0.601     0.0088    -0.6077 -9.990e-29
 239.648663     -0.601   0.005972    12.9406    -1.9701     -0.596     0.0088    -0.6068 -9.990e-29
 239.648669     -0.595   0.005973    12.9361    -1.9702     -0.590     0.0088    -0.6063 -9.990e-29
 239.648675     -0.588   0.005974    12.9332    -1.9702     -0.583     0.0088    -0.6059 -9.990e-29
 239.648681     -0.578   0.005975    12.9311    -1.9701     -0.573     0.0088    -0.6056 -9.990e-29
 239.648686     -0.565   0.005976    12.9286    -1.9703     -0.560     0.0088    -0.6053 -9.990e-29
 239.648692     -0.549   0.005976    12.9248    -1.9708     -0.544     0.0088    -0.6048 -9.990e-29
 239.648698     -0.532   0.005977    12.9197    -1.9711     -0.528     0.0088    -0.6042 -9.990e-29
 239.648704     -0.523   0.005978    12.9141    -1.9712     -0.519     0.0088    -0.6035 -9.990e-29
 239.648709     -0.521   0.005979    12.9097    -1.9711     -0.517     0.0088    -0.6029 -9.990e-29
 239.648715     -0.521   0.005980    12.9069    -1.9707     -0.517     0.0088    -0.6026 -9.990e-29
 239.648721     -0.523   0.005980    12.9049    -1.9703     -0.519     0.0088    -0.6023 -9.990e-29
 239.648727     -0.523   0.005981    12.9037    -1.9698     -0.519     0.0088    -0.6022 -9.990e-29
 239.648733     -0.516   0.005982    12.9024    -1.9695     -0.512     0.0088    -0.6020 -9.990e-29
 239.648738     -0.503   0.005984    12.8990    -1.9691     -0.499     0.0088    -0.6016 -9.990e-29
 239.648744     -0.487   0.005986    12.8934    -1.9689     -0.483     0.0088    -0.6009 -9.990e-29
 239.648750     -0.475   0.005992    12.8883    -1.9689     -0.471     0.0088    -0.6003 -9.990e-29
 239.648756     -0.472   0.006008    12.8865    -1.9690     -0.468     0.0088    -0.6000 -9.990e-29
 239.648762     -0.475   0.006055    12.8885    -1.9691     -0.471     0.0088    -0.6003 -9.990e-29
 239.648767     -0.487   0.006194    12.8939    -1.9692     -0.483     0.0089    -0.6009 -9.990e-29
 239.648773     -0.503   0.006610    12.9017    -1.9691     -0.499     0.0091    -0.6017 -9.990e-29
 239.648779     -0.515   0.007302    12.9104    -1.9691     -0.511     0.0094    -0.6025 -9.990e-29
 239.648785     -0.521   0.008082    12.9183    -1.9692     -0.517     0.0098    -0.6032 -9.990e-29
 239.648791     -0.521   0.008883    12.9246    -1.9696     -0.517     0.0102    -0.6037 -9.990e-29
 239.648796     -0.515   0.009664    12.9287    -1.9701     -0.511     0.0106    -0.6039 -9.990e-29
 239.648802     -0.501   0.010356    12.9305    -1.9705     -0.497     0.0109    -0.6039 -9.990e-29
 239.648808     -0.480   0.010772    12.9305    -1.9709     -0.476     0.0111    -0.6037 -9.990e-29
 239.648814     -0.455   0.010911    12.9295    -1.9710     -0.451     0.0112    -0.6035 -9.990e-29
 239.648819     -0.431   0.010957    12.9286    -1.9712     -0.427     0.0112    -0.6034 -9.990e-29
 239.648825     -0.413   0.010973    12.9279    -1.9713     -0.410     0.0112    -0.6033 -9.990e-29
 239.648831     -0.399   0.010979    12.9265    -1.9712     -0.396     0.0112    -0.6031 -9.990e-29
 239.648837     -0.388   0.010982    12.9229    -1.9713     -0.385     0.0112    -0.6027 -9.990e-29
 239.648843     -0.379   0.010983    12.9163    -1.9714     -0.376     0.0112    -0.6018 -9.990e-29
 239.648848     -0.372   0.010984    12.9076    -1.9713     -0.369     0.0112    -0.6007 -9.990e-29
 239.648854     -0.367   0.010986    12.8988    -1.9711     -0.364     0.0112    -0.5996 -9.990e-29
 239.648860     -0.362   0.010988    12.8917    -1.9709     -0.359     0.0112    -0.5988 -9.990e-29
