data/oxygen options/OCNMS/OCNMS1/raw_data/2021/CAST_KL015_210824faed.cnv
* Sea-Bird SBE 19 Data File:
* FileName = C:\2021 Mooring Data\Casts\CAST_KL015_210824.hex
* Software Version SeatermAF 2.1.2
* Temperature SN = 2997
* Conductivity SN = 2997
* System UpLoad Time = Aug 24 2021 23:53:20 (localtime) = Aug 24 2021 23:53:20 (UTC)
** CAST_KL015_210824
* ds
# nquan = 9                                 
# nvalues = 1741                        
# units = specified
# name 0 = timeJ: Julian Days
# name 1 = prSM: Pressure, Strain Gauge [db]
# name 2 = c0mS/cm: Conductivity [mS/cm]
# name 3 = t090C: Temperature [ITS-90, deg C]
# name 4 = sbeox0ML/L: Oxygen, SBE 43 [ml/l]
# name 5 = depSM: Depth [salt water, m], lat = 47.5
# name 6 = sal00: Salinity, Practical [PSU]
# name 7 = sigma-é00: Density [sigma-theta, kg/m^3]
# name 8 = flag: flag
# span 0 = 236.935081, 236.945150       
# span 1 =     -4.974,     17.544       
# span 2 =   0.294195,  42.025983       
# span 3 =     9.1569,    16.4340       
# span 4 =   -10.4210,    14.5785       
# span 5 =     -4.933,     17.397       
# span 6 =     0.1708,    33.5348       
# span 7 =    -0.9944,    25.9387       
# span 8 = 0.0000e+00, 0.0000e+00       
# interval = seconds: 0.5
# start_time = Aug 24 2021 22:26:31 [Instrument's time stamp, header]
# bad_flag = -9.990e-29
*END*
[from data line 1441]
 236.943420      0.956   2.029737    14.3401    -1.8949      0.948     1.3242     0.2239 -9.990e-29
 236.943426      0.959   2.233087    14.3380    -1.8957      0.951     1.4645     0.3325 -9.990e-29
 236.943432      0.959   2.654539    14.3317    -1.8959      0.951     1.7580     0.5601 -9.990e-29
 236.943437      0.958   3.042787    14.3237    -1.8964      0.950     2.0316     0.7724 -9.990e-29
 236.943443      0.953   3.247218    14.3160    -1.8860      0.945     2.1769     0.8857 -9.990e-29
 236.943449      0.951   3.330225    14.3108    -1.8851      0.943     2.2362     0.9322 -9.990e-29
 236.943455      0.954   3.327743    14.3097    -1.8894      0.946     2.2345     0.9311 -9.990e-29
 236.943461      0.959   3.171387    14.3110    -1.8871      0.951     2.1233     0.8451 -9.990e-29
 236.943466      0.962   2.853120    14.3126    -1.8801      0.954     1.8983     0.6712 -9.990e-29
 236.943472      0.963   2.525124    14.3154    -1.8857      0.955     1.6683     0.4932 -9.990e-29
 236.943478      0.961   2.283267    14.3203    -1.8882      0.953     1.4999     0.3625 -9.990e-29
 236.943484      0.958   2.115712    14.3259    -1.8898      0.950     1.3838     0.2720 -9.990e-29
 236.943490      0.956   2.018135    14.3304    -1.8908      0.948     1.3165     0.2194 -9.990e-29
 236.943495      0.961   2.019603    14.3344    -1.8914      0.953     1.3174     0.2195 -9.990e-29
 236.943501      0.967   2.241304    14.3403    -1.8915      0.959     1.4700     0.3365 -9.990e-29
 236.943507      0.972   2.627119    14.3483    -1.8911      0.964     1.7381     0.5423 -9.990e-29
 236.943513      0.975   2.831627    14.3580    -1.8893      0.967     1.8810     0.6512 -9.990e-29
 236.943519      0.977   2.839634    14.3693    -1.8852      0.969     1.8861     0.6534 -9.990e-29
 236.943524      0.978   2.937026    14.3814    -1.8782      0.970     1.9540     0.7041 -9.990e-29
 236.943530      0.977   3.021139    14.3928    -1.8829      0.969     2.0127     0.7477 -9.990e-29
 236.943536      0.976   2.849530    14.4021    -1.8835      0.968     1.8915     0.6527 -9.990e-29
 236.943542      0.973   2.552967    14.4105    -1.8832      0.965     1.6836     0.4911 -9.990e-29
 236.943547      0.970   2.313082    14.4202    -1.8837      0.962     1.5167     0.3608 -9.990e-29
 236.943553      0.964   2.140646    14.4304    -1.8849      0.956     1.3973     0.2671 -9.990e-29
 236.943559      0.957   2.025945    14.4393    -1.8861      0.949     1.3183     0.2047 -9.990e-29
 236.943565      0.951   1.980762    14.4470    -1.8793      0.943     1.2871     0.1795 -9.990e-29
 236.943571      0.951   2.041906    14.4539    -1.8788      0.943     1.3287     0.2107 -9.990e-29
 236.943576      0.952   2.248752    14.4600    -1.8813      0.944     1.4707     0.3194 -9.990e-29
 236.943582      0.951   2.585348    14.4658    -1.8833      0.943     1.7038     0.4985 -9.990e-29
 236.943588      0.947   2.839762    14.4712    -1.8845      0.939     1.8813     0.6346 -9.990e-29
 236.943594      0.945   2.836897    14.4760    -1.8836      0.937     1.8791     0.6322 -9.990e-29
 236.943600      0.947   2.734977    14.4808    -1.8829      0.939     1.8075     0.5763 -9.990e-29
 236.943605      0.951   2.667791    14.4848    -1.8835      0.943     1.7604     0.5394 -9.990e-29
 236.943611      0.952   2.596799    14.4873    -1.8784      0.944     1.7108     0.5007 -9.990e-29
 236.943617      0.951   2.539961    14.4895    -1.8747      0.943     1.6712     0.4698 -9.990e-29
 236.943623      0.946   2.621759    14.4928    -1.8764      0.938     1.7280     0.5131 -9.990e-29
 236.943628      0.939   2.829170    14.4971    -1.8778      0.931     1.8726     0.6241 -9.990e-29
 236.943634      0.928   2.914990    14.5026    -1.8798      0.920     1.9325     0.6695 -9.990e-29
 236.943640      0.916   2.798363    14.5098    -1.8816      0.908     1.8505     0.6051 -9.990e-29
 236.943646      0.913   2.621195    14.5178    -1.8831      0.905     1.7265     0.5083 -9.990e-29
 236.943652      0.917   2.501793    14.5260    -1.8844      0.909     1.6432     0.4428 -9.990e-29
 236.943657      0.925   2.476787    14.5353    -1.8861      0.917     1.6254     0.4277 -9.990e-29
 236.943663      0.937   2.511174    14.5460    -1.8875      0.929     1.6488     0.4441 -9.990e-29
 236.943669      0.950   2.629166    14.5568    -1.8841      0.942     1.7303     0.5054 -9.990e-29
 236.943675      0.960   2.857700    14.5667    -1.8778      0.952     1.8893     0.6265 -9.990e-29
 236.943681      0.967   3.026538    14.5748    -1.8831      0.959     2.0072     0.7163 -9.990e-29
 236.943686      0.973   2.991814    14.5802    -1.8845      0.965     1.9826     0.6964 -9.990e-29
 236.943692      0.978   2.820436    14.5823    -1.8787      0.970     1.8625     0.6035 -9.990e-29
 236.943698      0.981   2.604626    14.5797    -1.8838      0.973     1.7123     0.4880 -9.990e-29
 236.943704      0.983   2.392301    14.5697    -1.8876      0.975     1.5656     0.3764 -9.990e-29
 236.943709      0.985   2.218232    14.5517    -1.8901      0.977     1.4463     0.2870 -9.990e-29
 236.943715      0.986   2.101604    14.5309    -1.8916      0.978     1.3670     0.2288 -9.990e-29
 236.943721      0.986   2.067724    14.5122    -1.8926      0.978     1.3444     0.2142 -9.990e-29
 236.943727      0.986   2.183448    14.4961    -1.8938      0.978     1.4244     0.2783 -9.990e-29
 236.943733      0.985   2.482153    14.4813    -1.8907      0.977     1.6314     0.4403 -9.990e-29
 236.943738      0.984   2.748006    14.4679    -1.8863      0.976     1.8172     0.5857 -9.990e-29
 236.943744      0.982   2.793460    14.4565    -1.8873      0.974     1.8496     0.6123 -9.990e-29
 236.943750      0.979   2.818411    14.4462    -1.8910      0.971     1.8675     0.6277 -9.990e-29
 236.943756      0.975   2.863884    14.4359    -1.8934      0.967     1.8999     0.6543 -9.990e-29
 236.943762      0.970   2.710847    14.4253    -1.8948      0.962     1.7932     0.5735 -9.990e-29
 236.943767      0.967   2.426025    14.4152    -1.8957      0.959     1.5951     0.4221 -9.990e-29
 236.943773      0.972   2.188343    14.4047    -1.8963      0.964     1.4311     0.2970 -9.990e-29
 236.943779      0.979   2.036455    14.3939    -1.8938      0.971     1.3270     0.2182 -9.990e-29
 236.943785      0.985   1.973610    14.3856    -1.8869      0.977     1.2842     0.1863 -9.990e-29
 236.943791      0.990   2.042458    14.3790    -1.8887      0.982     1.3316     0.2239 -9.990e-29
 236.943796      0.995   2.260474    14.3705    -1.8924      0.987     1.4822     0.3415 -9.990e-29
 236.943802      1.001   2.474606    14.3605    -1.8942      0.993     1.6312     0.4580 -9.990e-29
 236.943808      1.006   2.492204    14.3506    -1.8954      0.998     1.6438     0.4692 -9.990e-29
 236.943814      1.008   2.330635    14.3414    11.0776      1.000     1.5319     0.3841 -9.990e-29
 236.943819      1.002   2.141156    14.3346    14.3723      0.994     1.4011     0.2841 -9.990e-29
 236.943825      0.992   2.011154    14.3315    14.5785      0.984     1.3117     0.2155 -9.990e-29
 236.943831      0.982   1.957528    14.3303    11.9100      0.974     1.2749     0.1872 -9.990e-29
 236.943837      0.972   2.020801    14.3264     6.3853      0.964     1.3185     0.2215 -9.990e-29
 236.943843      0.964   2.258156    14.3183     6.1268      0.956     1.4825     0.3494 -9.990e-29
 236.943848      0.962   2.532881    14.3098     6.1226      0.954     1.6739     0.4984 -9.990e-29
 236.943854      0.963   2.597196    14.3032     6.1205      0.955     1.7191     0.5343 -9.990e-29
 236.943860      0.961   2.474744    14.2959     6.1212      0.953     1.6339     0.4696 -9.990e-29
 236.943866      0.958   2.382275    14.2848     6.1029      0.950     1.5700     0.4218 -9.990e-29
 236.943872      0.952   2.519904    14.2701     6.0756      0.944     1.6665     0.4985 -9.990e-29
 236.943877      0.944   2.835860    14.2555     6.0848      0.936     1.8889     0.6723 -9.990e-29
 236.943883      0.936   2.937488    14.2465     6.1058      0.928     1.9611     0.7294 -9.990e-29
 236.943889      0.934   2.692881    14.2458     6.1109      0.926     1.7888     0.5965 -9.990e-29
 236.943895      0.932   2.370715    14.2506     6.1128      0.924     1.5633     0.4216 -9.990e-29
 236.943900      0.925   2.142850    14.2555     6.1262      0.917     1.4051     0.2987 -9.990e-29
 236.943906      0.919   2.008877    14.2593     6.1288      0.911     1.3126     0.2266 -9.990e-29
 236.943912      0.916   1.950450    14.2654     6.1203      0.908     1.2722     0.1946 -9.990e-29
 236.943918      0.917   1.989490    14.2729     6.1054      0.909     1.2988     0.2140 -9.990e-29
 236.943924      0.926   2.184149    14.2762     6.0998      0.918     1.4329     0.3172 -9.990e-29
 236.943929      0.943   2.576556    14.2741     6.1147      0.935     1.7060     0.5284 -9.990e-29
 236.943935      0.961   2.946490    14.2703     6.0917      0.953     1.9662     0.7299 -9.990e-29
 236.943941      0.977   2.947155    14.2666     6.0827      0.969     1.9669     0.7309 -9.990e-29
 236.943947      0.987   2.657179    14.2622     6.1054      0.979     1.7630     0.5741 -9.990e-29
 236.943953      0.989   2.362451    14.2577     6.1135      0.981     1.5573     0.4160 -9.990e-29
 236.943958      0.985   2.162094    14.2562     6.1208      0.977     1.4184     0.3088 -9.990e-29
 236.943964      0.982   2.063532    14.2584     6.1184      0.974     1.3502     0.2559 -9.990e-29
 236.943970      0.977   2.102842    14.2617     6.1227      0.969     1.3772     0.2763 -9.990e-29
 236.943976      0.971   2.293607    14.2644     6.1192      0.963     1.5092     0.3778 -9.990e-29
 236.943981      0.964   2.485814    14.2680     6.1192      0.956     1.6428     0.4805 -9.990e-29
 236.943987      0.954   2.540783    14.2741     6.1016      0.946     1.6810     0.5091 -9.990e-29
 236.943993      0.947   2.611141    14.2799     6.0848      0.939     1.7299     0.5460 -9.990e-29
 236.943999      0.944   2.788996    14.2809     6.1043      0.936     1.8547     0.6422 -9.990e-29
 236.944005      0.943   2.820461    14.2778     6.1081      0.935     1.8770     0.6599 -9.990e-29
 236.944010      0.943   2.608246    14.2746     6.1102      0.935     1.7281     0.5454 -9.990e-29
 236.944016      0.948   2.340453    14.2732     6.1126      0.940     1.5414     0.4014 -9.990e-29
 236.944022      0.955   2.134359    14.2737     6.1028      0.947     1.3986     0.2910 -9.990e-29
 236.944028      0.958   1.997505    14.2756     6.0912      0.950     1.3042     0.2178 -9.990e-29
 236.944034      0.960   1.917687    14.2785     6.0923      0.952     1.2493     0.1749 -9.990e-29
 236.944039      0.959   1.908825    14.2818     6.0960      0.951     1.2431     0.1697 -9.990e-29
 236.944045      0.956   2.056703    14.2844     6.0918      0.948     1.3446     0.2478 -9.990e-29
 236.944051      0.950   2.368240    14.2869     6.0700      0.942     1.5601     0.4139 -9.990e-29
 236.944057      0.946   2.600393    14.2911     6.0659      0.938     1.7219     0.5382 -9.990e-29
 236.944063      0.947   2.561774    14.2956     6.0750      0.939     1.6947     0.5166 -9.990e-29
 236.944068      0.950   2.368446    14.2970     6.0847      0.942     1.5599     0.4122 -9.990e-29
 236.944074      0.949   2.200908    14.2959     6.0920      0.941     1.4438     0.3227 -9.990e-29
 236.944080      0.950   2.145852    14.2943     6.0992      0.942     1.4058     0.2936 -9.990e-29
 236.944086      0.957   2.277406    14.2952     6.1062      0.949     1.4968     0.3637 -9.990e-29
 236.944091      0.965   2.524112    14.3006     6.1069      0.957     1.6682     0.4953 -9.990e-29
 236.944097      0.971   2.646866    14.3089     6.0933      0.963     1.7537     0.5601 -9.990e-29
 236.944103      0.976   2.650143    14.3177     6.0768      0.968     1.7556     0.5603 -9.990e-29
 236.944109      0.980   2.766337    14.3257     6.0814      0.972     1.8367     0.6217 -9.990e-29
 236.944115      0.983   2.993340    14.3313     6.0911      0.975     1.9962     0.7440 -9.990e-29
 236.944120      0.985   3.100583    14.3332     6.0976      0.977     2.0720     0.8022 -9.990e-29
 236.944126      0.986   2.988013    14.3319     6.1021      0.978     1.9925     0.7410 -9.990e-29
 236.944132      0.987   2.752482    14.3304     6.0984      0.979     1.8267     0.6134 -9.990e-29
 236.944138      0.987   2.502193    14.3326     6.1090      0.979     1.6515     0.4778 -9.990e-29
 236.944144      0.987   2.281760    14.3423     6.1117      0.979     1.4980     0.3578 -9.990e-29
 236.944149      0.987   2.134540    14.3578     6.1142      0.979     1.3957     0.2765 -9.990e-29
 236.944155      0.985   2.141617    14.3719     6.1093      0.977     1.4001     0.2778 -9.990e-29
 236.944161      0.984   2.319103    14.3790     6.0378      0.976     1.5224     0.3713 -9.990e-29
 236.944167      0.981   2.489283    14.3772     6.0623      0.973     1.6407     0.4629 -9.990e-29
 236.944172      0.978   2.463022    14.3679     6.0841      0.970     1.6228     0.4504 -9.990e-29
 236.944178      0.973   2.292965    14.3543     6.1086      0.965     1.5053     0.3617 -9.990e-29
 236.944184      0.968   2.125157    14.3402     6.1176      0.960     1.3899     0.2746 -9.990e-29
 236.944190      0.964   2.007098    14.3282     6.0430      0.956     1.3090     0.2139 -9.990e-29
 236.944196      0.968   1.922806    14.3192     6.0821      0.960     1.2515     0.1707 -9.990e-29
 236.944201      0.974   1.868591    14.3131     6.0876      0.966     1.2146     0.1431 -9.990e-29
 236.944207      0.978   1.870327    14.3086     6.0990      0.970     1.2159     0.1448 -9.990e-29
 236.944213      0.982   1.972475    14.3033     6.1189      0.974     1.2861     0.1998 -9.990e-29
 236.944219      0.985   2.233589    14.2967     6.1124      0.977     1.4663     0.3400 -9.990e-29
 236.944225      0.987   2.618553    14.2901     6.1184      0.979     1.7347     0.5482 -9.990e-29
 236.944230      0.988   2.892827    14.2848     6.1215      0.980     1.9276     0.6979 -9.990e-29
 236.944236      0.989   2.879488    14.2819     6.1217      0.981     1.9184     0.6912 -9.990e-29
 236.944242      0.990   2.753306    14.2808     6.1241      0.982     1.8296     0.6229 -9.990e-29
 236.944248      0.990   2.771075    14.2795     6.1250      0.982     1.8422     0.6327 -9.990e-29
 236.944253      0.990   2.867705    14.2761     6.1271      0.982     1.9104     0.6859 -9.990e-29
 236.944259      0.989   2.871306    14.2687     6.1286      0.981     1.9133     0.6892 -9.990e-29
 236.944265      0.989   2.800569    14.2573    -7.5800      0.981     1.8640     0.6528 -9.990e-29
 236.944271      0.987   2.661061    14.2451   -10.4210      0.979     1.7665     0.5793 -9.990e-29
 236.944277      0.986   2.437656    14.2347   -10.4154      0.978     1.6106     0.4605 -9.990e-29
 236.944282      0.984   2.210836    14.2281    -7.5606      0.976     1.4531     0.3398 -9.990e-29
 236.944288      0.981   2.042070    14.2252    -1.8952      0.973     1.3366     0.2501 -9.990e-29
 236.944294      0.977   1.935959    14.2237    -1.8973      0.969     1.2636     0.1939 -9.990e-29
 236.944300      0.972   1.865271    14.2218    -1.8953      0.964     1.2151     0.1568 -9.990e-29
 236.944306      0.970   1.804524    14.2193    -1.8955      0.962     1.1736     0.1250 -9.990e-29
 236.944311      0.974   1.751467    14.2165    -1.8988      0.966     1.1374     0.0974 -9.990e-29
 236.944317      0.982   1.705784    14.2129    -1.9007      0.974     1.1064     0.0739 -9.990e-29
 236.944323      0.989   1.671444    14.2075    -1.9022      0.981     1.0831     0.0567 -9.990e-29
 236.944329      0.995   1.673082    14.2003    -1.8998      0.987     1.0845     0.0588 -9.990e-29
 236.944334      1.001   1.765557    14.1925    -1.8959      0.993     1.1478     0.1089 -9.990e-29
