data/oxygen options/OCNMS/OCNMS1/raw_data/2021/CAST_CE015_210715faed.cnv
* Sea-Bird SBE 19 Data File:
* FileName = C:\2021 Mooring Data\Casts\CAST_CE015_210715.hex
* Software Version SeatermAF 2.1.2
* Temperature SN = 2997
* Conductivity SN = 2997
* System UpLoad Time = Jul 15 2021 18:12:17 (localtime) = Jul 15 2021 18:12:17 (UTC)
** CAST_CE015_210715
* ds
# nquan = 9                                 
# nvalues = 7804                        
# units = specified
# name 0 = timeJ: Julian Days
# name 1 = prSM: Pressure, Strain Gauge [db]
# name 2 = c0mS/cm: Conductivity [mS/cm]
# name 3 = t090C: Temperature [ITS-90, deg C]
# name 4 = sbeox0ML/L: Oxygen, SBE 43 [ml/l]
# name 5 = depSM: Depth [salt water, m], lat = 47.5
# name 6 = sal00: Salinity, Practical [PSU]
# name 7 = sigma-é00: Density [sigma-theta, kg/m^3]
# name 8 = flag: flag
# span 0 = 196.710752, 196.755909       
# span 1 =     -4.932,     14.877       
# span 2 =   0.014481,  35.718075       
# span 3 =     7.7973,    12.4323       
# span 4 =   -14.1431,    18.9804       
# span 5 =     -4.891,     14.752       
# span 6 =     0.0129,    33.6736       
# span 7 =    -0.5411,    26.2030       
# span 8 = 0.0000e+00, 0.0000e+00       
# interval = seconds: 0.5
# start_time = Jul 15 2021 17:03:29 [Instrument's time stamp, header]
# bad_flag = -9.990e-29
*END*
[from data line 481]
 196.713536     -0.038   0.014505    12.3461    -1.9951     -0.038     0.0129    -0.5308 -9.990e-29
 196.713542     -0.043   0.014505    12.3458    -1.9952     -0.043     0.0129    -0.5308 -9.990e-29
 196.713547     -0.045   0.014505    12.3478    -1.9953     -0.045     0.0129    -0.5310 -9.990e-29
 196.713553     -0.045   0.014505    12.3509    -1.9951     -0.045     0.0129    -0.5314 -9.990e-29
 196.713559     -0.043   0.014505    12.3540    -1.9947     -0.043     0.0129    -0.5318 -9.990e-29
 196.713565     -0.038   0.014506    12.3564    -1.9946     -0.038     0.0129    -0.5321 -9.990e-29
 196.713571     -0.031   0.014506    12.3576    -1.9947     -0.031     0.0129    -0.5322 -9.990e-29
 196.713576     -0.020   0.014507    12.3567    -1.9949     -0.020     0.0129    -0.5321 -9.990e-29
 196.713582     -0.005   0.014509    12.3540    -1.9953     -0.005     0.0129    -0.5318 -9.990e-29
 196.713588      0.010   0.014514    12.3512    -1.9953      0.010     0.0129    -0.5314 -9.990e-29
 196.713594      0.023   0.014528    12.3498    -1.9952      0.023     0.0129    -0.5313 -9.990e-29
 196.713600      0.038   0.014570    12.3506    -1.9953      0.038     0.0130    -0.5313 -9.990e-29
 196.713605      0.056   0.014693    12.3536    -1.9954      0.056     0.0130    -0.5316 -9.990e-29
 196.713611      0.067   0.015063    12.3568    -1.9956      0.066     0.0132    -0.5319 -9.990e-29
 196.713617      0.060   0.015617    12.3580    -1.9955      0.059     0.0135    -0.5318 -9.990e-29
 196.713623      0.046   0.015987    12.3566    -1.9953      0.046     0.0137    -0.5315 -9.990e-29
 196.713628      0.036   0.016111    12.3530    -1.9949      0.036     0.0138    -0.5310 -9.990e-29
 196.713634      0.033   0.016154    12.3492    -1.9944      0.033     0.0138    -0.5305 -9.990e-29
 196.713640      0.033   0.016173    12.3472    -1.9942      0.033     0.0138    -0.5303 -9.990e-29
 196.713646      0.032   0.016192    12.3465    -1.9946      0.032     0.0138    -0.5302 -9.990e-29
 196.713652      0.034   0.016235    12.3451    -1.9952      0.034     0.0139    -0.5300 -9.990e-29
 196.713657      0.039   0.016359    12.3432    -1.9962      0.039     0.0139    -0.5297 -9.990e-29
 196.713663      0.043   0.016729    12.3423    -1.9969      0.043     0.0141    -0.5294 -9.990e-29
 196.713669      0.051   0.017284    12.3439    -1.9979      0.051     0.0144    -0.5294 -9.990e-29
 196.713675      0.063   0.017654    12.3483    -1.9986      0.062     0.0146    -0.5298 -9.990e-29
 196.713681      0.071   0.017779    12.3549    -1.9990      0.070     0.0147    -0.5305 -9.990e-29
 196.713686      0.076   0.017825    12.3610    -1.9990      0.075     0.0147    -0.5312 -9.990e-29
 196.713692      0.083   0.017853    12.3621    -1.9987      0.082     0.0148    -0.5313 -9.990e-29
 196.713698      0.087   0.017899    12.3558    -1.9982      0.086     0.0148    -0.5305 -9.990e-29
 196.713704      0.085   0.018024    12.3431    -1.9979      0.084     0.0149    -0.5290 -9.990e-29
 196.713709      0.081   0.018394    12.3267    -1.9975      0.080     0.0151    -0.5269 -9.990e-29
 196.713715      0.078   0.018949    12.3091    -1.9975      0.077     0.0154    -0.5246 -9.990e-29
 196.713721      0.077   0.019319    12.2924    -1.9973      0.076     0.0156    -0.5224 -9.990e-29
 196.713727      0.078   0.019443    12.2791    -1.9975      0.077     0.0156    -0.5208 -9.990e-29
 196.713733      0.076   0.019485    12.2715    -1.9977      0.075     0.0156    -0.5199 -9.990e-29
 196.713738      0.071   0.019502    12.2704    -1.9981      0.070     0.0157    -0.5198 -9.990e-29
 196.713744      0.071   0.019517    12.2745    -1.9979      0.070     0.0157    -0.5202 -9.990e-29
 196.713750      0.077   0.019548    12.2811    -1.9978      0.076     0.0157    -0.5210 -9.990e-29
 196.713756      0.085   0.019636    12.2880    -1.9973      0.084     0.0157    -0.5218 -9.990e-29
 196.713762      0.095   0.019896    12.2934    -1.9969      0.094     0.0159    -0.5223 -9.990e-29
 196.713767      0.103   0.020122    12.2964    -1.9967      0.102     0.0160    -0.5226 -9.990e-29
 196.713773      0.110   0.020061    12.2975    -1.9965      0.109     0.0160    -0.5227 -9.990e-29
 196.713779      0.121   0.020184    12.2962    -1.9966      0.120     0.0160    -0.5225 -9.990e-29
 196.713785      0.132   0.020657    12.2929    -1.9965      0.131     0.0163    -0.5219 -9.990e-29
 196.713791      0.139   0.020999    12.2903    -1.9962      0.138     0.0165    -0.5214 -9.990e-29
 196.713796      0.143   0.021114    12.2908    -1.9960      0.142     0.0166    -0.5215 -9.990e-29
 196.713802      0.145   0.021152    12.2946    -1.9956      0.144     0.0166    -0.5219 -9.990e-29
 196.713808      0.143   0.021165    12.3011    -1.9953      0.142     0.0166    -0.5226 -9.990e-29
 196.713814      0.144   0.021170    12.3082    -1.9950      0.143     0.0166    -0.5235 -9.990e-29
 196.713819      0.150   0.021172    12.3136    -1.9946      0.149     0.0166    -0.5241 -9.990e-29
 196.713825      0.158   0.021173    12.3170    -1.9945      0.157     0.0166    -0.5245 -9.990e-29
 196.713831      0.164   0.021173    12.3192    -1.9944      0.163     0.0166    -0.5248 -9.990e-29
 196.713837      0.168   0.021173    12.3221    -1.9942      0.167     0.0166    -0.5251 -9.990e-29
 196.713843      0.172   0.021174    12.3268    -1.9941      0.171     0.0166    -0.5257 -9.990e-29
 196.713848      0.174   0.021174    12.3328    -1.9943      0.173     0.0166    -0.5264 -9.990e-29
 196.713854      0.176   0.021175    12.3395    -1.9943      0.175     0.0166    -0.5272 -9.990e-29
 196.713860      0.176   0.021175    12.3462    -1.9943      0.175     0.0166    -0.5280 -9.990e-29
 196.713866      0.177   0.021175    12.3527    -1.9942      0.176     0.0166    -0.5287 -9.990e-29
 196.713872      0.176   0.021176    12.3583    -1.9944      0.175     0.0166    -0.5294 -9.990e-29
 196.713877      0.175   0.021176    12.3625    -1.9946      0.174     0.0166    -0.5299 -9.990e-29
 196.713883      0.174   0.021177    12.3658    -1.9948      0.173     0.0166    -0.5303 -9.990e-29
 196.713889      0.171   0.021177    12.3686    -1.9956      0.170     0.0166    -0.5306 -9.990e-29
 196.713895      0.167   0.021177    12.3698    -1.9956      0.166     0.0166    -0.5308 -9.990e-29
 196.713900      0.162   0.021178    12.3691    -1.9957      0.161     0.0166    -0.5307 -9.990e-29
 196.713906      0.156   0.021178    12.3681    -1.9958      0.155     0.0166    -0.5306 -9.990e-29
 196.713912      0.148   0.021179    12.3676    -1.9961      0.147     0.0166    -0.5305 -9.990e-29
 196.713918      0.137   0.021179    12.3665    -1.9964      0.136     0.0166    -0.5304 -9.990e-29
 196.713924      0.127   0.021180    12.3638    -1.9969      0.126     0.0166    -0.5301 -9.990e-29
 196.713929      0.126   0.021180    12.3595    -1.9969      0.125     0.0166    -0.5296 -9.990e-29
 196.713935      0.134   0.021180    12.3531    -1.9969      0.133     0.0166    -0.5288 -9.990e-29
 196.713941      0.143   0.021181    12.3455    -1.9967      0.142     0.0166    -0.5279 -9.990e-29
 196.713947      0.149   0.021181    12.3400    -1.9969      0.148     0.0166    -0.5272 -9.990e-29
 196.713953      0.153   0.021182    12.3366    -1.9975      0.152     0.0166    -0.5268 -9.990e-29
 196.713958      0.155   0.021182    12.3326    -1.9980      0.154     0.0166    -0.5264 -9.990e-29
 196.713964      0.154   0.021182    12.3271    -1.9982      0.153     0.0166    -0.5257 -9.990e-29
 196.713970      0.156   0.021183    12.3209    -1.9984      0.155     0.0166    -0.5250 -9.990e-29
 196.713976      0.165   0.021183    12.3154    -1.9982      0.164     0.0166    -0.5243 -9.990e-29
 196.713981      0.176   0.021184    12.3123    -1.9978      0.175     0.0166    -0.5240 -9.990e-29
 196.713987      0.186   0.021184    12.3116    -1.9975      0.184     0.0166    -0.5239 -9.990e-29
 196.713993      0.197   0.021184    12.3109    -1.9977      0.195     0.0166    -0.5238 -9.990e-29
 196.713999      0.204   0.021185    12.3065    -1.9980      0.202     0.0166    -0.5233 -9.990e-29
 196.714005      0.204   0.021185    12.2984    -1.9983      0.202     0.0166    -0.5223 -9.990e-29
 196.714010      0.200   0.021186    12.2904    -1.9987      0.198     0.0166    -0.5214 -9.990e-29
 196.714016      0.197   0.021186    12.2849    -1.9988      0.195     0.0166    -0.5207 -9.990e-29
 196.714022      0.195   0.021186    12.2830    -1.9988      0.193     0.0166    -0.5205 -9.990e-29
 196.714028      0.193   0.021187    12.2851    -1.9990      0.191     0.0166    -0.5208 -9.990e-29
 196.714034      0.192   0.021187    12.2891    -1.9992      0.190     0.0166    -0.5212 -9.990e-29
 196.714039      0.191   0.021188    12.2915    -1.9989      0.189     0.0166    -0.5215 -9.990e-29
 196.714045      0.190   0.021188    12.2902    -1.9983      0.188     0.0166    -0.5214 -9.990e-29
 196.714051      0.189   0.021189    12.2860    -1.9981      0.187     0.0166    -0.5209 -9.990e-29
 196.714057      0.189   0.021191    12.2802    -1.9977      0.187     0.0166    -0.5202 -9.990e-29
 196.714063      0.189   0.021196    12.2745    -1.9976      0.187     0.0166    -0.5195 -9.990e-29
 196.714068      0.188   0.021210    12.2704    -1.9977      0.186     0.0166    -0.5190 -9.990e-29
 196.714074      0.188   0.021252    12.2677    -1.9978      0.186     0.0166    -0.5187 -9.990e-29
 196.714080      0.188   0.021375    12.2657    -1.9977      0.186     0.0167    -0.5184 -9.990e-29
 196.714086      0.188   0.021745    12.2660    -1.9978      0.186     0.0169    -0.5183 -9.990e-29
 196.714091      0.188   0.022299    12.2705    -1.9983      0.186     0.0172    -0.5185 -9.990e-29
 196.714097      0.188   0.022669    12.2775    -1.9985      0.186     0.0174    -0.5192 -9.990e-29
 196.714103      0.189   0.022793    12.2843    -1.9984      0.187     0.0175    -0.5200 -9.990e-29
 196.714109      0.189   0.022834    12.2898    -1.9983      0.187     0.0175    -0.5206 -9.990e-29
 196.714115      0.190   0.022848    12.2926    -1.9980      0.188     0.0175    -0.5209 -9.990e-29
 196.714120      0.191   0.022853    12.2926    -1.9975      0.189     0.0175    -0.5209 -9.990e-29
 196.714126      0.192   0.022855    12.2916    -1.9974      0.190     0.0175    -0.5208 -9.990e-29
 196.714132      0.193   0.022856    12.2902    -1.9972      0.191     0.0175    -0.5206 -9.990e-29
 196.714138      0.195   0.022857    12.2871    -1.9967      0.193     0.0175    -0.5203 -9.990e-29
 196.714144      0.197   0.022857    12.2824    -1.9963      0.195     0.0175    -0.5197 -9.990e-29
 196.714149      0.200   0.022857    12.2793    -1.9964      0.198     0.0175    -0.5193 -9.990e-29
 196.714155      0.203   0.022858    12.2797    -1.9969      0.201     0.0175    -0.5194 -9.990e-29
 196.714161      0.208   0.022858    12.2832    -1.9977      0.206     0.0175    -0.5198 -9.990e-29
 196.714167      0.214   0.022859    12.2892    -1.9981      0.212     0.0175    -0.5205 -9.990e-29
 196.714172      0.217   0.022859    12.2957    -1.9982      0.215     0.0175    -0.5213 -9.990e-29
 196.714178      0.214   0.022859    12.3011    -1.9981      0.212     0.0175    -0.5219 -9.990e-29
 196.714184      0.209   0.022860    12.3065    -1.9980      0.207     0.0175    -0.5225 -9.990e-29
 196.714190      0.204   0.022860    12.3125    -1.9977      0.202     0.0175    -0.5232 -9.990e-29
 196.714196      0.201   0.022861    12.3162    -1.9974      0.199     0.0175    -0.5237 -9.990e-29
 196.714201      0.199   0.022861    12.3144    -1.9971      0.197     0.0175    -0.5235 -9.990e-29
 196.714207      0.197   0.022861    12.3067    -1.9972      0.195     0.0175    -0.5226 -9.990e-29
 196.714213      0.197   0.022862    12.2967    -1.9970      0.195     0.0175    -0.5214 -9.990e-29
 196.714219      0.196   0.022862    12.2891    -1.9967      0.194     0.0175    -0.5205 -9.990e-29
 196.714225      0.197   0.022863    12.2860    -1.9967      0.195     0.0175    -0.5201 -9.990e-29
 196.714230      0.198   0.022864    12.2863    -1.9967      0.196     0.0175    -0.5202 -9.990e-29
 196.714236      0.199   0.022866    12.2889    -1.9966      0.197     0.0175    -0.5205 -9.990e-29
 196.714242      0.202   0.022871    12.2935    -1.9965      0.200     0.0175    -0.5210 -9.990e-29
 196.714248      0.205   0.022885    12.2989    -1.9962      0.203     0.0176    -0.5216 -9.990e-29
 196.714253      0.210   0.022926    12.3034    -1.9959      0.208     0.0176    -0.5221 -9.990e-29
 196.714259      0.216   0.023049    12.3065    -1.9954      0.214     0.0176    -0.5225 -9.990e-29
 196.714265      0.219   0.023419    12.3096    -1.9950      0.217     0.0179    -0.5227 -9.990e-29
 196.714271      0.216   0.023972    12.3127    -1.9948      0.214     0.0182    -0.5228 -9.990e-29
 196.714277      0.211   0.024340    12.3148    -1.9945      0.209     0.0184    -0.5229 -9.990e-29
 196.714282      0.207   0.024459    12.3162    -1.9944      0.205     0.0184    -0.5230 -9.990e-29
 196.714288      0.204   0.024486    12.3182    -1.9945      0.202     0.0185    -0.5232 -9.990e-29
 196.714294      0.203   0.024458    12.3218    -1.9941      0.201     0.0184    -0.5236 -9.990e-29
 196.714300      0.202   0.024340    12.3274    -1.9940      0.200     0.0184    -0.5244 -9.990e-29
 196.714306      0.203   0.023972    12.3345    -1.9941      0.201     0.0182    -0.5254 -9.990e-29
 196.714311      0.204   0.023418    12.3425    -1.9943      0.202     0.0179    -0.5266 -9.990e-29
 196.714317      0.207   0.023049    12.3501    -1.9948      0.205     0.0177    -0.5276 -9.990e-29
 196.714323      0.211   0.022927    12.3564    -1.9953      0.209     0.0176    -0.5284 -9.990e-29
 196.714329      0.216   0.022889    12.3612    -1.9955      0.214     0.0176    -0.5290 -9.990e-29
 196.714334      0.219   0.022885    12.3641    -1.9954      0.217     0.0176    -0.5293 -9.990e-29
 196.714340      0.216   0.022908    12.3665    -1.9953      0.214     0.0176    -0.5296 -9.990e-29
 196.714346      0.210   0.022988    12.3694    -1.9953      0.208     0.0176    -0.5299 -9.990e-29
 196.714352      0.205   0.023234    12.3708    -1.9953      0.203     0.0178    -0.5300 -9.990e-29
 196.714358      0.202   0.023418    12.3694    -1.9956      0.200     0.0179    -0.5297 -9.990e-29
 196.714363      0.199   0.023233    12.3648    -1.9964      0.197     0.0178    -0.5293 -9.990e-29
 196.714369      0.197   0.022987    12.3572    -1.9975      0.195     0.0176    -0.5285 -9.990e-29
 196.714375      0.196   0.022905    12.3495    -1.9981      0.194     0.0176    -0.5276 -9.990e-29
 196.714381      0.196   0.022877    12.3452    -1.9980      0.194     0.0176    -0.5271 -9.990e-29
 196.714387      0.196   0.022868    12.3443    -1.9979      0.194     0.0175    -0.5270 -9.990e-29
 196.714392      0.197   0.022865    12.3445    -1.9978      0.195     0.0175    -0.5270 -9.990e-29
 196.714398      0.198   0.022864    12.3440    -1.9973      0.196     0.0175    -0.5270 -9.990e-29
 196.714404      0.200   0.022864    12.3408    -1.9971      0.198     0.0175    -0.5266 -9.990e-29
 196.714410      0.202   0.022864    12.3327    -1.9971      0.200     0.0175    -0.5256 -9.990e-29
 196.714416      0.206   0.022863    12.3195    -1.9972      0.204     0.0175    -0.5241 -9.990e-29
 196.714421      0.211   0.022863    12.3049    -1.9972      0.209     0.0175    -0.5223 -9.990e-29
 196.714427      0.217   0.022863    12.2946    -1.9975      0.215     0.0175    -0.5211 -9.990e-29
 196.714433      0.221   0.022863    12.2907    -1.9978      0.219     0.0175    -0.5207 -9.990e-29
 196.714439      0.219   0.022863    12.2910    -1.9988      0.217     0.0175    -0.5207 -9.990e-29
 196.714444      0.214   0.022863    12.2942    -1.9996      0.212     0.0175    -0.5211 -9.990e-29
 196.714450      0.212   0.022863    12.2990    -2.0004      0.210     0.0175    -0.5217 -9.990e-29
