data/oxygen options/OCNMS/OCNMS1/raw_data/2021/CAST_KL015_210608faed.cnv
* Sea-Bird SBE19 Data File:
* FileName = C:\2021 Mooring Data\CTD\CAST_KL015_210608.hex
* Software Version 1.59
* Temperature SN = 2997
* Conductivity SN = 2997
* System UpLoad Time = Jun 08 2021 19:48:28
** CAST_KL015_210608
* ds
# nquan = 9                                 
# nvalues = 741                         
# units = specified
# name 0 = timeJ: Julian Days
# name 1 = prSM: Pressure, Strain Gauge [db]
# name 2 = c0mS/cm: Conductivity [mS/cm]
# name 3 = t090C: Temperature [ITS-90, deg C]
# name 4 = sbeox0ML/L: Oxygen, SBE 43 [ml/l]
# name 5 = depSM: Depth [salt water, m], lat = 47.5
# name 6 = sal00: Salinity, Practical [PSU]
# name 7 = sigma-é00: Density [sigma-theta, kg/m^3]
# name 8 = flag: flag
# span 0 = 159.817465, 159.821748       
# span 1 =     -5.125,     16.935       
# span 2 =   0.447213,  36.782424       
# span 3 =     9.6558,    14.1073       
# span 4 =    -1.9935,    14.3774       
# span 5 =     -5.082,     16.793       
# span 6 =     0.2880,    32.8022       
# span 7 =    -0.5286,    25.2932       
# span 8 = 0.0000e+00, 0.0000e+00       
# interval = seconds: 0.5
# start_time = Jun 08 2021 19:37:09 [Instrument's time stamp, header]
# bad_flag = -9.990e-29
*END*
[from data line 481]
 159.820249      0.871  36.611477    12.6776     7.3030      0.864    31.1459    23.4709 -9.990e-29
 159.820255      0.877  36.609262    12.6786     7.3185      0.870    31.1430    23.4685 -9.990e-29
 159.820260      0.875  36.610615    12.6797     7.3325      0.868    31.1434    23.4685 -9.990e-29
 159.820266      0.870  36.607271    12.6799     7.3195      0.863    31.1401    23.4659 -9.990e-29
 159.820272      0.870  36.592550    12.6754     7.3258      0.863    31.1299    23.4589 -9.990e-29
 159.820278      0.875  36.573743    12.6629     7.3360      0.868    31.1224    23.4555 -9.990e-29
 159.820284      0.880  36.563885    12.6475     7.3451      0.873    31.1258    23.4610 -9.990e-29
 159.820289      0.887  36.567747    12.6390     7.3336      0.880    31.1365    23.4709 -9.990e-29
 159.820295      0.892  36.575329    12.6366     7.3278      0.885    31.1456    23.4785 -9.990e-29
 159.820301      0.894  36.573181    12.6301     7.3226      0.887    31.1489    23.4823 -9.990e-29
 159.820307      0.898  36.562905    12.6183     7.3214      0.891    31.1490    23.4845 -9.990e-29
 159.820313      0.900  36.562177    12.6127     7.3387      0.892    31.1529    23.4887 -9.990e-29
 159.820318      0.901  36.573371    12.6169     7.3344      0.893    31.1600    23.4934 -9.990e-29
 159.820324      0.908  36.580009    12.6204     7.3413      0.900    31.1634    23.4953 -9.990e-29
 159.820330      0.923  36.572991    12.6148     7.3329      0.915    31.1614    23.4948 -9.990e-29
 159.820336      0.938  36.558079    12.6047     7.3333      0.930    31.1556    23.4923 -9.990e-29
 159.820341      0.948  36.549006    12.6012     7.3358      0.940    31.1499    23.4885 -9.990e-29
 159.820347      0.952  36.552155    12.6080     7.3271      0.944    31.1473    23.4852 -9.990e-29
 159.820353      0.944  36.560498    12.6195     7.3385      0.936    31.1457    23.4818 -9.990e-29
 159.820359      0.929  36.566087    12.6280     7.3375      0.921    31.1440    23.4788 -9.990e-29
 159.820365      0.914  36.566273    12.6280     7.3390      0.906    31.1441    23.4790 -9.990e-29
 159.820370      0.906  36.562977    12.6199     7.2987      0.898    31.1477    23.4833 -9.990e-29
 159.820376      0.906  36.561320    12.6112     7.3163      0.898    31.1533    23.4893 -9.990e-29
 159.820382      0.908  36.563002    12.6083     7.3362      0.900    31.1573    23.4929 -9.990e-29
 159.820388      0.914  36.566324    12.6098     7.3341      0.906    31.1592    23.4941 -9.990e-29
 159.820394      0.919  36.569534    12.6130     7.3411      0.911    31.1596    23.4938 -9.990e-29
 159.820399      0.918  36.571855    12.6177     7.3037      0.910    31.1579    23.4916 -9.990e-29
 159.820405      0.913  36.574684    12.6237     7.3226      0.905    31.1557    23.4887 -9.990e-29
 159.820411      0.907  36.579538    12.6287     7.3338      0.899    31.1561    23.4881 -9.990e-29
 159.820417      0.909  36.586149    12.6324     7.3386      0.901    31.1593    23.4899 -9.990e-29
 159.820422      0.917  36.592671    12.6364     7.3350      0.909    31.1622    23.4913 -9.990e-29
 159.820428      0.925  36.597698    12.6410     7.3287      0.917    31.1631    23.4912 -9.990e-29
 159.820434      0.929  36.602313    12.6455     7.3239      0.921    31.1638    23.4908 -9.990e-29
 159.820440      0.928  36.606489    12.6494     7.3177      0.920    31.1645    23.4907 -9.990e-29
 159.820446      0.923  36.607936    12.6522     7.3121      0.915    31.1636    23.4894 -9.990e-29
 159.820451      0.913  36.606325    12.6540     7.2962      0.905    31.1605    23.4867 -9.990e-29
 159.820457      0.903  36.604541    12.6557     7.3033      0.895    31.1575    23.4840 -9.990e-29
 159.820463      0.899  36.604675    12.6568     7.3138      0.891    31.1567    23.4832 -9.990e-29
 159.820469      0.906  36.605212    12.6568     7.3213      0.898    31.1572    23.4836 -9.990e-29
 159.820475      0.921  36.605173    12.6566     7.3459      0.913    31.1573    23.4837 -9.990e-29
 159.820480      0.935  36.604489    12.6566     7.3448      0.927    31.1567    23.4832 -9.990e-29
 159.820486      0.945  36.602236    12.6557     7.3232      0.937    31.1553    23.4823 -9.990e-29
 159.820492      0.953  36.598197    12.6528     7.3170      0.945    31.1538    23.4818 -9.990e-29
 159.820498      0.957  36.593697    12.6487     7.3095      0.949    31.1530    23.4819 -9.990e-29
 159.820503      0.959  36.591691    12.6470     7.2867      0.951    31.1525    23.4818 -9.990e-29
 159.820509      0.959  36.593411    12.6491     7.2734      0.951    31.1524    23.4813 -9.990e-29
 159.820515      0.957  36.597774    12.6525     7.2542      0.949    31.1537    23.4817 -9.990e-29
 159.820521      0.956  36.604416    12.6547     7.2693      0.948    31.1581    23.4847 -9.990e-29
 159.820527      0.962  36.610409    12.6555     7.3057      0.954    31.1632    23.4885 -9.990e-29
 159.820532      0.970  36.611401    12.6561     7.3319      0.962    31.1636    23.4887 -9.990e-29
 159.820538      0.980  36.609819    12.6556     7.3438      0.972    31.1625    23.4879 -9.990e-29
 159.820544      0.998  36.604662    12.6506     7.3353      0.990    31.1618    23.4883 -9.990e-29
 159.820550      1.016  36.591282    12.6440     7.3178      1.008    31.1545    23.4840 -9.990e-29
 159.820556      1.023  36.582093    12.6447     7.2754      1.014    31.1453    23.4767 -9.990e-29
 159.820561      1.018  36.587805    12.6550     7.3059      1.010    31.1422    23.4723 -9.990e-29
 159.820567      1.011  36.599764    12.6680     7.3172      1.003    31.1427    23.4703 -9.990e-29
 159.820573      1.005  36.611483    12.6782     7.3132      0.997    31.1454    23.4704 -9.990e-29
 159.820579      1.004  36.621201    12.6849     7.3019      0.996    31.1490    23.4719 -9.990e-29
 159.820584      1.008  36.626170    12.6889     7.2207      1.000    31.1504    23.4723 -9.990e-29
 159.820590      1.008  36.626275    12.6907     7.2428      1.000    31.1491    23.4708 -9.990e-29
 159.820596      1.005  36.623884    12.6906     7.2702      0.997    31.1469    23.4692 -9.990e-29
 159.820602      1.002  36.622523    12.6891     7.2977      0.994    31.1468    23.4694 -9.990e-29
 159.820608      1.000  36.622604    12.6869     7.3045      0.992    31.1487    23.4713 -9.990e-29
 159.820613      1.003  36.624220    12.6850     7.2844      0.995    31.1518    23.4741 -9.990e-29
 159.820619      1.014  36.627272    12.6845     7.2832      1.006    31.1551    23.4767 -9.990e-29
 159.820625      1.027  36.626285    12.6860     7.2700      1.018    31.1529    23.4747 -9.990e-29
 159.820631      1.033  36.622731    12.6902     7.2857      1.024    31.1461    23.4687 -9.990e-29
 159.820637      1.038  36.625308    12.6965     7.3003      1.029    31.1433    23.4653 -9.990e-29
 159.820642      1.040  36.634074    12.7039     7.2911      1.031    31.1455    23.4656 -9.990e-29
 159.820648      1.038  36.643891    12.7116     7.2860      1.029    31.1484    23.4664 -9.990e-29
 159.820654      1.033  36.650458    12.7174     7.2727      1.024    31.1499    23.4664 -9.990e-29
 159.820660      1.031  36.652431    12.7205     7.2873      1.022    31.1492    23.4652 -9.990e-29
 159.820666      1.032  36.651867    12.7228     7.2636      1.023    31.1467    23.4629 -9.990e-29
 159.820671      1.034  36.651924    12.7264     7.2346      1.025    31.1438    23.4600 -9.990e-29
 159.820677      1.040  36.654906    12.7313     7.2606      1.031    31.1426    23.4581 -9.990e-29
 159.820683      1.043  36.660290    12.7348     7.2741      1.034    31.1448    23.4591 -9.990e-29
 159.820689      1.037  36.664030    12.7342     7.3220      1.028    31.1488    23.4624 -9.990e-29
 159.820694      1.021  36.662131    12.7296     7.3481      1.012    31.1508    23.4648 -9.990e-29
 159.820700      1.007  36.654850    12.7216     7.3430      0.999    31.1505    23.4661 -9.990e-29
 159.820706      1.002  36.641436    12.7081     7.3317      0.994    31.1490    23.4675 -9.990e-29
 159.820712      1.002  36.619682    12.6906     7.3159      0.994    31.1429    23.4661 -9.990e-29
 159.820718      1.002  36.593635    12.6766     7.2922      0.994    31.1298    23.4587 -9.990e-29
 159.820723      1.003  36.580116    12.6712     7.2829      0.995    31.1215    23.4532 -9.990e-29
 159.820729      1.004  36.587425    12.6736     7.3038      0.996    31.1264    23.4566 -9.990e-29
 159.820735      1.005  36.599506    12.6777     7.3241      0.997    31.1345    23.4620 -9.990e-29
 159.820741      1.008  36.606110    12.6772     7.2935      1.000    31.1411    23.4673 -9.990e-29
 159.820747      1.011  36.608182    12.6709     7.3142      1.003    31.1483    23.4740 -9.990e-29
 159.820752      1.015  36.602868    12.6619     7.3179      1.007    31.1507    23.4776 -9.990e-29
 159.820758      1.020  36.592594    12.6541     7.3250      1.011    31.1474    23.4766 -9.990e-29
 159.820764      1.027  36.585507    12.6542     7.3161      1.018    31.1406    23.4713 -9.990e-29
 159.820770      1.032  36.587274    12.6669     7.2487      1.023    31.1318    23.4620 -9.990e-29
 159.820775      1.030  36.598554    12.6863     7.2687      1.021    31.1265    23.4542 -9.990e-29
 159.820781      1.026  36.613073    12.7008     7.2801      1.017    31.1282    23.4528 -9.990e-29
 159.820787      1.025  36.623274    12.7059     7.2979      1.016    31.1337    23.4560 -9.990e-29
 159.820793      1.025  36.627617    12.7047     7.3145      1.016    31.1388    23.4602 -9.990e-29
 159.820799      1.027  36.629076    12.7012     7.3075      1.018    31.1430    23.4642 -9.990e-29
 159.820804      1.031  36.628463    12.6959     7.3113      1.022    31.1468    23.4681 -9.990e-29
 159.820810      1.038  36.621584    12.6882     7.3228      1.029    31.1467    23.4695 -9.990e-29
 159.820816      1.047  36.607659    12.6822     7.3281      1.038    31.1385    23.4643 -9.990e-29
 159.820822      1.060  36.596691    12.6816     7.3200      1.051    31.1286    23.4567 -9.990e-29
 159.820828      1.072  36.595899    12.6838     7.2821      1.063    31.1260    23.4543 -9.990e-29
 159.820833      1.077  36.599167    12.6866     7.2560      1.068    31.1268    23.4544 -9.990e-29
 159.820839      1.074  36.600188    12.6914     7.2583      1.065    31.1238    23.4512 -9.990e-29
 159.820845      1.072  36.601993    12.6976     7.2702      1.063    31.1204    23.4473 -9.990e-29
 159.820851      1.075  36.609215    12.6996     7.2870      1.066    31.1256    23.4510 -9.990e-29
 159.820856      1.082  36.618580    12.6961     7.2969      1.073    31.1373    23.4607 -9.990e-29
 159.820862      1.091  36.624065    12.6930     7.3013      1.082    31.1450    23.4673 -9.990e-29
 159.820868      1.098  36.626244    12.6928     7.2958      1.089    31.1473    23.4691 -9.990e-29
 159.820874      1.107  36.626884    12.6939     7.3027      1.098    31.1469    23.4686 -9.990e-29
 159.820880      1.123  36.625142    12.6939     7.3108      1.114    31.1453    23.4673 -9.990e-29
 159.820885      1.147  36.622044    12.6910     7.3196      1.137    31.1448    23.4675 -9.990e-29
 159.820891      1.176  36.619612    12.6870     7.3086      1.166    31.1457    23.4690 -9.990e-29
 159.820897      1.204  36.620196    12.6854     7.2807      1.194    31.1476    23.4707 -9.990e-29
 159.820903      1.233  36.623437    12.6872     7.2962      1.223    31.1492    23.4716 -9.990e-29
 159.820909      1.268  36.625232    12.6908     7.3197      1.257    31.1479    23.4699 -9.990e-29
 159.820914      1.312  36.625158    12.6935     7.3456      1.301    31.1456    23.4676 -9.990e-29
 159.820920      1.372  36.624224    12.6924     7.3409      1.361    31.1456    23.4678 -9.990e-29
 159.820926      1.455  36.619491    12.6822     7.3816      1.443    31.1495    23.4728 -9.990e-29
 159.820932      1.564  36.601271    12.6563     7.4790      1.551    31.1536    23.4809 -9.990e-29
 159.820938      1.692  36.566556    12.6128     7.5865      1.678    31.1567    23.4916 0.0000e+00
 159.820943      1.834  36.523974    12.5555     7.7175      1.819    31.1637    23.5078 0.0000e+00
 159.820949      1.995  36.482306    12.4786     7.8540      1.978    31.1878    23.5410 0.0000e+00
 159.820955      2.181  36.444825    12.3722     7.9568      2.163    31.2405    23.6019 0.0000e+00
 159.820961      2.391  36.410298    12.2515     8.0976      2.371    31.3082    23.6769 0.0000e+00
 159.820966      2.622  36.387405    12.1517     8.1263      2.600    31.3697    23.7432 0.0000e+00
 159.820972      2.870  36.382591    12.0962     8.0940      2.846    31.4116    23.7859 0.0000e+00
 159.820978      3.122  36.402121    12.0792     8.0052      3.096    31.4446    23.8146 0.0000e+00
 159.820984      3.359  36.447925    12.0813     7.8214      3.331    31.4867    23.8469 0.0000e+00
 159.820990      3.593  36.514192    12.0863     7.7079      3.563    31.5460    23.8920 0.0000e+00
 159.820995      3.847  36.597371    12.0731     7.6005      3.815    31.6370    23.9650 0.0000e+00
 159.821001      4.123  36.667136    12.0062     7.4815      4.089    31.7608    24.0734 0.0000e+00
 159.821007      4.414  36.673035    11.8635     7.3532      4.377    31.8883    24.1986 0.0000e+00
 159.821013      4.718  36.597722    11.6861     7.1903      4.679    31.9676    24.2926 0.0000e+00
 159.821019      5.031  36.493243    11.5371     7.0377      4.989    31.9943    24.3404 0.0000e+00
 159.821024      5.348  36.418694    11.4312     6.8968      5.303    32.0130    24.3740 0.0000e+00
 159.821030      5.668  36.378906    11.3517     6.7694      5.621    32.0429    24.4115 0.0000e+00
 159.821036      5.999  36.359487    11.2794     6.6500      5.949    32.0866    24.4584 0.0000e+00
 159.821042      6.344  36.349117    11.1999     6.5521      6.291    32.1455    24.5183 0.0000e+00
 159.821047      6.695  36.335091    11.1205     6.4541      6.639    32.2010    24.5755 0.0000e+00
 159.821053      7.049  36.316644    11.0598     6.3223      6.990    32.2358    24.6134 0.0000e+00
 159.821059      7.404  36.305050    11.0203     6.1601      7.342    32.2589    24.6383 0.0000e+00
 159.821065      7.746  36.300541    10.9894     6.0087      7.681    32.2815    24.6613 0.0000e+00
 159.821071      8.072  36.293741    10.9578     5.8804      8.004    32.3024    24.6831 0.0000e+00
 159.821076      8.390  36.277833    10.9149     5.8155      8.320    32.3244    24.7077 0.0000e+00
 159.821082      8.713  36.240583    10.8459     5.7784      8.640    32.3482    24.7383 0.0000e+00
 159.821088      9.046  36.182216    10.7583     5.7752      8.970    32.3675    24.7686 0.0000e+00
 159.821094      9.391  36.129164    10.6802     5.7750      9.312    32.3837    24.7948 0.0000e+00
 159.821100      9.739  36.094759    10.6284     5.7682      9.657    32.3952    24.8127 0.0000e+00
 159.821105     10.078  36.075716    10.6030     5.7503      9.994    32.3986    24.8197 0.0000e+00
 159.821111     10.400  36.072421    10.5934     5.7261     10.313    32.4037    24.8253 0.0000e+00
 159.821117     10.707  36.077122    10.5840     5.7006     10.617    32.4167    24.8370 0.0000e+00
 159.821123     11.012  36.072557    10.5649     5.6907     10.920    32.4290    24.8499 0.0000e+00
 159.821128     11.321  36.055456    10.5402     5.6908     11.226    32.4337    24.8578 0.0000e+00
 159.821134     11.631  36.039459    10.5195     5.6687     11.534    32.4360    24.8631 0.0000e+00
 159.821140     11.933  36.031268    10.5073     5.6174     11.833    32.4385    24.8672 0.0000e+00
 159.821146     12.219  36.028372    10.5013     5.6012     12.117    32.4409    24.8700 0.0000e+00
 159.821152     12.501  36.026920    10.4941     5.5141     12.396    32.4457    24.8751 0.0000e+00
 159.821157     12.791  36.022185    10.4780     5.3562     12.684    32.4552    24.8852 0.0000e+00
 159.821163     13.095  36.011228    10.4507     5.1132     12.985    32.4684    24.9002 0.0000e+00
