data/oxygen options/OCNMS/OCNMS1/raw_data/2021/CAST_MB042_210609faed.cnv
* Sea-Bird SBE19 Data File:
* FileName = C:\2021 Mooring Data\CTD\CAST_MB042_210609.hex
* Software Version 1.59
* Temperature SN = 2997
* Conductivity SN = 2997
* System UpLoad Time = Jun 09 2021 23:24:31
** CAST_MB042_210609
* ds
# nquan = 9                                 
# nvalues = 962                         
# units = specified
# name 0 = timeJ: Julian Days
# name 1 = prSM: Pressure, Strain Gauge [db]
# name 2 = c0mS/cm: Conductivity [mS/cm]
# name 3 = t090C: Temperature [ITS-90, deg C]
# name 4 = sbeox0ML/L: Oxygen, SBE 43 [ml/l]
# name 5 = depSM: Depth [salt water, m], lat = 47.5
# name 6 = sal00: Salinity, Practical [PSU]
# name 7 = sigma-é00: Density [sigma-theta, kg/m^3]
# name 8 = flag: flag
# span 0 = 160.966285, 160.971846       
# span 1 =     -5.380,     43.076       
# span 2 =   0.253378,  38.859645       
# span 3 =     7.6359,    15.3369       
# span 4 =    -1.9405,    20.3452       
# span 5 =     -5.335,     42.712       
# span 6 =     0.1525,    33.6891       
# span 7 =    -0.8320,    26.2977       
# span 8 = 0.0000e+00, 0.0000e+00       
# interval = seconds: 0.5
# start_time = Jun 09 2021 23:11:27 [Instrument's time stamp, header]
# bad_flag = -9.990e-29
*END*
[from data line 641]
 160.969994      1.072  38.603389    13.8353    10.5459      1.063    32.0465    23.9394 -9.990e-29
 160.970000      1.083  38.593230    13.8269    10.5533      1.074    32.0442    23.9392 -9.990e-29
 160.970006      1.091  38.586412    13.8243    10.5586      1.082    32.0400    23.9366 -9.990e-29
 160.970012      1.096  38.590574    13.8277    10.5622      1.087    32.0410    23.9367 -9.990e-29
 160.970017      1.095  38.597720    13.8319    10.5783      1.086    32.0441    23.9382 -9.990e-29
 160.970023      1.088  38.599347    13.8331    10.5766      1.079    32.0446    23.9384 -9.990e-29
 160.970029      1.082  38.594734    13.8330    10.5653      1.073    32.0405    23.9351 -9.990e-29
 160.970035      1.078  38.591662    13.8362    10.5481      1.069    32.0349    23.9302 -9.990e-29
 160.970041      1.070  38.598842    13.8437    10.5601      1.061    32.0353    23.9290 -9.990e-29
 160.970046      1.063  38.610061    13.8506    10.5549      1.054    32.0399    23.9312 -9.990e-29
 160.970052      1.064  38.615520    13.8506    10.5455      1.055    32.0450    23.9351 -9.990e-29
 160.970058      1.079  38.612320    13.8454    10.5356      1.070    32.0464    23.9372 -9.990e-29
 160.970064      1.098  38.608445    13.8440    10.5223      1.089    32.0439    23.9356 -9.990e-29
 160.970069      1.112  38.609854    13.8472    10.5341      1.103    32.0426    23.9339 -9.990e-29
 160.970075      1.116  38.598709    13.8502    10.5580      1.107    32.0298    23.9234 -9.990e-29
 160.970081      1.110  38.581369    13.8530    10.5588      1.101    32.0114    23.9086 -9.990e-29
 160.970087      1.099  38.587334    13.8567    10.5180      1.090    32.0138    23.9098 -9.990e-29
 160.970093      1.090  38.611576    13.8619    10.4715      1.081    32.0319    23.9227 -9.990e-29
 160.970098      1.087  38.636428    13.8702    10.4654      1.078    32.0479    23.9333 -9.990e-29
 160.970104      1.090  38.651761    13.8781    10.4737      1.081    32.0555    23.9376 -9.990e-29
 160.970110      1.099  38.656067    13.8809    10.4598      1.090    32.0571    23.9383 -9.990e-29
 160.970116      1.115  38.655562    13.8804    10.5137      1.106    32.0571    23.9383 -9.990e-29
 160.970122      1.138  38.652288    13.8782    10.5569      1.128    32.0559    23.9379 -9.990e-29
 160.970127      1.166  38.642915    13.8726    10.5879      1.156    32.0519    23.9359 -9.990e-29
 160.970133      1.193  38.627193    13.8679    10.6020      1.183    32.0413    23.9287 -9.990e-29
 160.970139      1.214  38.618836    13.8699    10.4847      1.204    32.0319    23.9210 -9.990e-29
 160.970145      1.237  38.624555    13.8740    10.4430      1.227    32.0337    23.9216 -9.990e-29
 160.970150      1.271  38.629457    13.8733    10.2573      1.260    32.0388    23.9257 -9.990e-29
 160.970156      1.322  38.619805    13.8658     9.9464      1.311    32.0362    23.9252 -9.990e-29
 160.970162      1.395  38.602272    13.8493     9.5114      1.383    32.0337    23.9266 -9.990e-29
 160.970168      1.488  38.581428    13.8114     8.9767      1.476    32.0460    23.9439 -9.990e-29
 160.970174      1.596  38.515373    13.7265     8.5070      1.583    32.0558    23.9686 -9.990e-29
 160.970179      1.711  38.349589    13.5772     8.1589      1.697    32.0269    23.9764 -9.990e-29
 160.970185      1.839  38.115819    13.3742     7.9457      1.824    31.9792    23.9801 0.0000e+00
 160.970191      1.981  37.893074    13.1207     7.8522      1.964    31.9837    24.0336 0.0000e+00
 160.970197      2.139  37.702708    12.8221     7.8076      2.121    32.0566    24.1483 0.0000e+00
 160.970203      2.314  37.544192    12.5343     7.8056      2.295    32.1512    24.2768 0.0000e+00
 160.970208      2.504  37.412917    12.3003     7.8009      2.483    32.2263    24.3795 0.0000e+00
 160.970214      2.705  37.291240    12.1143     7.7682      2.682    32.2697    24.4480 0.0000e+00
 160.970220      2.916  37.181045    11.9599     7.6836      2.892    32.2969    24.4979 0.0000e+00
 160.970226      3.142  37.087763    11.8274     7.5671      3.116    32.3215    24.5415 0.0000e+00
 160.970231      3.385  37.006309    11.7163     7.4529      3.357    32.3390    24.5755 0.0000e+00
 160.970237      3.642  36.933357    11.6262     7.3687      3.612    32.3464    24.5977 0.0000e+00
 160.970243      3.910  36.865146    11.5464     7.3113      3.877    32.3495    24.6146 0.0000e+00
 160.970249      4.184  36.798073    11.4587     7.2767      4.149    32.3605    24.6391 0.0000e+00
 160.970255      4.467  36.732859    11.3504     7.2465      4.430    32.3914    24.6826 0.0000e+00
 160.970260      4.766  36.657009    11.2254     7.2138      4.726    32.4267    24.7324 0.0000e+00
 160.970266      5.078  36.565705    11.1096     7.1926      5.036    32.4386    24.7623 0.0000e+00
 160.970272      5.392  36.485650    11.0281     7.1716      5.347    32.4314    24.7710 0.0000e+00
 160.970278      5.704  36.435553    10.9811     7.1584      5.656    32.4232    24.7730 0.0000e+00
 160.970284      6.016  36.412972    10.9454     7.1284      5.966    32.4323    24.7863 0.0000e+00
 160.970289      6.330  36.392745    10.8891     7.0813      6.277    32.4619    24.8193 0.0000e+00
 160.970295      6.654  36.341650    10.7967     7.0249      6.598    32.4930    24.8596 0.0000e+00
 160.970301      6.987  36.262100    10.6883     6.9912      6.929    32.5101    24.8917 0.0000e+00
 160.970307      7.320  36.179655    10.5973     6.9537      7.259    32.5087    24.9063 0.0000e+00
 160.970313      7.652  36.113764    10.5349     6.9199      7.588    32.4983    24.9090 0.0000e+00
 160.970318      7.989  36.068947    10.4895     6.8814      7.922    32.4938    24.9132 0.0000e+00
 160.970324      8.334  36.039157    10.4432     6.7973      8.264    32.5052    24.9300 0.0000e+00
 160.970330      8.684  36.013727    10.3915     6.8051      8.611    32.5257    24.9548 0.0000e+00
 160.970336      9.034  35.986125    10.3449     6.7958      8.958    32.5396    24.9735 0.0000e+00
 160.970341      9.387  35.962615    10.3129     6.7787      9.308    32.5445    24.9828 0.0000e+00
 160.970347      9.738  35.949310    10.2961     6.7608      9.656    32.5460    24.9868 0.0000e+00
 160.970353     10.089  35.946314    10.2884     6.6942     10.005    32.5497    24.9910 0.0000e+00
 160.970359     10.440  35.951227    10.2827     6.6721     10.353    32.5596    24.9997 0.0000e+00
 160.970365     10.793  35.960423    10.2766     6.6448     10.703    32.5742    25.0121 0.0000e+00
 160.970370     11.152  35.972630    10.2702     6.6300     11.059    32.5921    25.0272 0.0000e+00
 160.970376     11.520  35.985544    10.2628     6.6343     11.424    32.6116    25.0436 0.0000e+00
 160.970382     11.893  35.993319    10.2529     6.6297     11.793    32.6282    25.0582 0.0000e+00
 160.970388     12.271  35.992788    10.2408     6.6276     12.168    32.6383    25.0682 0.0000e+00
 160.970394     12.646  35.987080    10.2296     6.6228     12.540    32.6425    25.0733 0.0000e+00
 160.970399     13.013  35.980830    10.2219     6.6130     12.904    32.6430    25.0750 0.0000e+00
 160.970405     13.370  35.976828    10.2169     6.6125     13.258    32.6433    25.0761 0.0000e+00
 160.970411     13.718  35.975817    10.2122     6.5982     13.603    32.6463    25.0793 0.0000e+00
 160.970417     14.066  35.974686    10.2048     6.5740     13.948    32.6517    25.0847 0.0000e+00
 160.970422     14.419  35.969040    10.1913     6.5774     14.298    32.6580    25.0919 0.0000e+00
 160.970428     14.774  35.957434    10.1742     6.5949     14.650    32.6616    25.0976 0.0000e+00
 160.970434     15.127  35.945048    10.1604     6.6428     15.000    32.6614    25.0997 0.0000e+00
 160.970440     15.477  35.937699    10.1512     6.6820     15.347    32.6621    25.1018 0.0000e+00
 160.970446     15.823  35.933909    10.1428     6.6971     15.690    32.6657    25.1061 0.0000e+00
 160.970451     16.170  35.931343    10.1312     6.6964     16.034    32.6734    25.1140 0.0000e+00
 160.970457     16.523  35.929858    10.1145     6.6962     16.384    32.6868    25.1273 0.0000e+00
 160.970463     16.888  35.928512    10.0972     6.6986     16.746    32.7009    25.1412 0.0000e+00
 160.970469     17.262  35.927667    10.0852     6.6637     17.117    32.7108    25.1509 0.0000e+00
 160.970475     17.630  35.929475    10.0777     6.5800     17.482    32.7192    25.1588 0.0000e+00
 160.970480     17.982  35.934030    10.0717     6.4139     17.831    32.7291    25.1675 0.0000e+00
 160.970486     18.319  35.939510    10.0662     6.1576     18.165    32.7395    25.1765 0.0000e+00
 160.970492     18.644  35.944214    10.0591     5.8728     18.488    32.7505    25.1863 0.0000e+00
 160.970498     18.962  35.944841    10.0454     5.6314     18.803    32.7634    25.1987 0.0000e+00
 160.970503     19.276  35.936595    10.0116     5.4698     19.114    32.7856    25.2216 0.0000e+00
 160.970509     19.587  35.910141     9.9345     5.3206     19.423    32.8286    25.2680 0.0000e+00
 160.970515     19.900  35.851487     9.8170     5.3038     19.733    32.8759    25.3243 0.0000e+00
 160.970521     20.217  35.770962     9.7012     5.2678     20.047    32.8993    25.3617 0.0000e+00
 160.970527     20.536  35.702972     9.6136     5.2284     20.364    32.9098    25.3842 0.0000e+00
 160.970532     20.857  35.658265     9.5501     5.2163     20.682    32.9221    25.4041 0.0000e+00
 160.970538     21.182  35.628195     9.5051     5.1392     21.004    32.9324    25.4194 0.0000e+00
 160.970544     21.507  35.610188     9.4729     5.1590     21.326    32.9434    25.4332 0.0000e+00
 160.970550     21.822  35.598139     9.4468     5.1471     21.639    32.9548    25.4464 0.0000e+00
 160.970556     22.127  35.585484     9.4259     5.1046     21.941    32.9609    25.4545 0.0000e+00
 160.970561     22.423  35.573823     9.4075     5.0728     22.235    32.9657    25.4612 0.0000e+00
 160.970567     22.712  35.564958     9.3853     4.9770     22.521    32.9769    25.4735 0.0000e+00
 160.970573     22.999  35.554333     9.3575     4.9066     22.806    32.9915    25.4894 0.0000e+00
 160.970579     23.295  35.536726     9.3267     4.8371     23.099    33.0016    25.5022 0.0000e+00
 160.970584     23.600  35.515541     9.2941     4.7730     23.402    33.0097    25.5138 0.0000e+00
 160.970590     23.910  35.494456     9.2555     4.7246     23.709    33.0235    25.5307 0.0000e+00
 160.970596     24.225  35.467751     9.2077     4.6940     24.021    33.0399    25.5512 0.0000e+00
 160.970602     24.554  35.434542     9.1578     4.6714     24.348    33.0516    25.5682 0.0000e+00
 160.970608     24.892  35.405449     9.1160     4.6717     24.683    33.0601    25.5815 0.0000e+00
 160.970613     25.230  35.386490     9.0850     4.6696     25.018    33.0690    25.5934 0.0000e+00
 160.970619     25.564  35.373094     9.0612     4.6370     25.349    33.0771    25.6034 0.0000e+00
 160.970625     25.885  35.361385     9.0432     4.5783     25.667    33.0815    25.6097 0.0000e+00
 160.970631     26.189  35.353101     9.0323     4.4819     25.969    33.0829    25.6125 0.0000e+00
 160.970637     26.480  35.349502     9.0280     4.3897     26.257    33.0830    25.6133 0.0000e+00
 160.970642     26.767  35.347448     9.0238     4.3091     26.542    33.0846    25.6152 0.0000e+00
 160.970648     27.048  35.340817     9.0059     4.2168     26.821    33.0943    25.6256 0.0000e+00
 160.970654     27.330  35.321311     8.9598     4.1411     27.100    33.1168    25.6504 0.0000e+00
 160.970660     27.618  35.282517     8.8896     4.0511     27.386    33.1417    25.6808 0.0000e+00
 160.970666     27.907  35.234898     8.8211     3.9627     27.672    33.1558    25.7026 0.0000e+00
 160.970671     28.196  35.198999     8.7724     3.8730     27.959    33.1637    25.7163 0.0000e+00
 160.970677     28.486  35.179043     8.7375     3.7778     28.246    33.1754    25.7308 0.0000e+00
 160.970683     28.778  35.162400     8.6941     3.7066     28.536    33.1985    25.7556 0.0000e+00
 160.970689     29.077  35.134139     8.6227     3.6573     28.832    33.2357    25.7957 0.0000e+00
 160.970694     29.390  35.086820     8.5282     3.5757     29.143    33.2748    25.8407 0.0000e+00
 160.970700     29.711  35.031301     8.4374     3.6074     29.461    33.3018    25.8757 0.0000e+00
 160.970706     30.031  34.988237     8.3729     3.6264     29.778    33.3172    25.8974 0.0000e+00
 160.970712     30.343  34.963497     8.3348     3.6487     30.088    33.3269    25.9108 0.0000e+00
 160.970718     30.644  34.951519     8.3128     3.6616     30.386    33.3350    25.9204 0.0000e+00
 160.970723     30.929  34.946950     8.3005     3.5736     30.669    33.3416    25.9275 0.0000e+00
 160.970729     31.205  34.945355     8.2922     3.5911     30.942    33.3477    25.9335 0.0000e+00
 160.970735     31.480  34.943466     8.2828     3.5956     31.215    33.3545    25.9402 0.0000e+00
 160.970741     31.759  34.938743     8.2712     3.5964     31.492    33.3604    25.9466 0.0000e+00
 160.970747     32.038  34.931596     8.2596     3.6038     31.768    33.3637    25.9509 0.0000e+00
 160.970752     32.315  34.925361     8.2516     3.5550     32.043    33.3645    25.9528 0.0000e+00
 160.970758     32.592  34.922352     8.2448     3.5124     32.317    33.3677    25.9562 0.0000e+00
 160.970764     32.876  34.920218     8.2330     3.4759     32.599    33.3765    25.9649 0.0000e+00
 160.970770     33.167  34.914972     8.2140     3.4347     32.888    33.3888    25.9775 0.0000e+00
 160.970775     33.466  34.906326     8.1897     3.4103     33.184    33.4026    25.9919 0.0000e+00
 160.970781     33.768  34.896180     8.1682     3.3719     33.483    33.4122    26.0026 0.0000e+00
 160.970787     34.060  34.886114     8.1546     3.3011     33.773    33.4143    26.0063 0.0000e+00
 160.970793     34.345  34.877812     8.1400     3.2248     34.056    33.4192    26.0123 0.0000e+00
 160.970799     34.628  34.869709     8.1127     3.1416     34.336    33.4365    26.0299 0.0000e+00
 160.970804     34.914  34.855465     8.0718     3.0790     34.620    33.4602    26.0546 0.0000e+00
 160.970810     35.209  34.834001     8.0246     3.0219     34.912    33.4823    26.0789 0.0000e+00
 160.970816     35.505  34.811980     7.9764     2.9891     35.206    33.5048    26.1036 0.0000e+00
 160.970822     35.795  34.792517     7.9241     2.9723     35.493    33.5340    26.1342 0.0000e+00
 160.970828     36.085  34.773171     7.8702     2.9558     35.781    33.5649    26.1663 0.0000e+00
 160.970833     36.382  34.753899     7.8271     2.9447     36.075    33.5856    26.1888 0.0000e+00
 160.970839     36.677  34.739798     7.8024     2.9303     36.368    33.5941    26.1991 0.0000e+00
 160.970845     36.961  34.733893     7.7911     2.9216     36.649    33.5985    26.2042 0.0000e+00
 160.970851     37.233  34.733328     7.7816     2.9132     36.919    33.6069    26.2122 0.0000e+00
 160.970856     37.502  34.730603     7.7682     2.8986     37.186    33.6168    26.2219 0.0000e+00
 160.970862     37.777  34.722065     7.7535     2.8783     37.458    33.6216    26.2278 0.0000e+00
 160.970868     38.059  34.713123     7.7398     2.8706     37.738    33.6251    26.2325 0.0000e+00
 160.970874     38.340  34.706402     7.7260     2.8665     38.016    33.6311    26.2392 0.0000e+00
 160.970880     38.611  34.701326     7.7127     2.8622     38.285    33.6383    26.2468 0.0000e+00
 160.970885     38.869  34.698951     7.7023     2.8703     38.541    33.6457    26.2541 0.0000e+00
 160.970891     39.122  34.698330     7.6943     2.8659     38.792    33.6526    26.2607 0.0000e+00
 160.970897     39.377  34.697492     7.6875     2.8514     39.045    33.6582    26.2661 0.0000e+00
 160.970903     39.637  34.695301     7.6808     2.8304     39.302    33.6622    26.2702 0.0000e+00
 160.970909     39.910  34.692177     7.6733     2.7621     39.573    33.6659    26.2742 0.0000e+00
